{
"highlevel": {
    "danceability": {
        "all": {
            "danceable": 0.993971943855,
            "not_danceable": 0.00602803518996
        },
        "probability": 0.993971943855,
        "value": "danceable"
    },
    "gender": {
        "all": {
            "female": 0.96278911829,
            "male": 0.0372108593583
        },
        "probability": 0.96278911829,
        "value": "female"
    },
    "genre_dortmund": {
        "all": {
            "alternative": 0.0151953138411,
            "blues": 0.0928822234273,
            "electronic": 0.0505284629762,
            "folkcountry": 0.0967344045639,
            "funksoulrnb": 0.0485334210098,
            "jazz": 0.291533499956,
            "pop": 0.0911624506116,
            "raphiphop": 0.29091835022,
            "rock": 0.0225118827075
        },
        "probability": 0.291533499956,
        "value": "jazz"
    },
    "genre_electronic": {
        "all": {
            "ambient": 0.196223512292,
            "dnb": 0.109434127808,
            "house": 0.583462893963,
            "techno": 0.0280620958656,
            "trance": 0.0828173682094
        },
        "probability": 0.583462893963,
        "value": "house"
    },
    "genre_rosamerica": {
        "all": {
            "cla": 0.0111880283803,
            "dan": 0.133917912841,
            "hip": 0.410519897938,
            "jaz": 0.0286396387964,
            "pop": 0.179072991014,
            "rhy": 0.216097101569,
            "roc": 0.0121930213645,
            "spe": 0.0083714267239
        },
        "probability": 0.410519897938,
        "value": "hip"
    },
    "genre_tzanetakis": {
        "all": {
            "blu": 0.0626613423228,
            "cla": 0.0348169617355,
            "cou": 0.104475811124,
            "dis": 0.0784321576357,
            "hip": 0.15692435205,
            "jaz": 0.313974827528,
            "met": 0.0448166541755,
            "pop": 0.0627359300852,
            "reg": 0.0627360641956,
            "roc": 0.0784258767962
        },
        "probability": 0.313974827528,
        "value": "jaz"
    },
    "ismir04_rhythm": {
        "all": {
            "ChaChaCha": 0.0198072679341,
            "Jive": 0.0363297834992,
            "Quickstep": 0.0516228340566,
            "Rumba-American": 0.00735150976107,
            "Rumba-International": 0.0338306799531,
            "Rumba-Misc": 0.00398326432332,
            "Samba": 0.833840072155,
            "Tango": 0.00676730833948,
            "VienneseWaltz": 0.00387607049197,
            "Waltz": 0.00259118224494
        },
        "probability": 0.833840072155,
        "value": "Samba"
    },
    "mood_acoustic": {
        "all": {
            "acoustic": 0.0495882295072,
            "not_acoustic": 0.95041179657
        },
        "probability": 0.95041179657,
        "value": "not_acoustic"
    },
    "mood_aggressive": {
        "all": {
            "aggressive": 0.199406966567,
            "not_aggressive": 0.800593018532
        },
        "probability": 0.800593018532,
        "value": "not_aggressive"
    },
    "mood_electronic": {
        "all": {
            "electronic": 0.635328233242,
            "not_electronic": 0.364671736956
        },
        "probability": 0.635328233242,
        "value": "electronic"
    },
    "mood_happy": {
        "all": {
            "happy": 0.561917960644,
            "not_happy": 0.438082069159
        },
        "probability": 0.561917960644,
        "value": "happy"
    },
    "mood_party": {
        "all": {
            "not_party": 0.195817545056,
            "party": 0.804182469845
        },
        "probability": 0.804182469845,
        "value": "party"
    },
    "mood_relaxed": {
        "all": {
            "not_relaxed": 0.535195946693,
            "relaxed": 0.464804053307
        },
        "probability": 0.535195946693,
        "value": "not_relaxed"
    },
    "mood_sad": {
        "all": {
            "not_sad": 0.706208229065,
            "sad": 0.293791770935
        },
        "probability": 0.706208229065,
        "value": "not_sad"
    },
    "moods_mirex": {
        "all": {
            "Cluster1": 0.0853811278939,
            "Cluster2": 0.513959527016,
            "Cluster3": 0.0610579997301,
            "Cluster4": 0.280594110489,
            "Cluster5": 0.059007242322
        },
        "probability": 0.513959527016,
        "value": "Cluster2"
    },
    "timbre": {
        "all": {
            "bright": 0.999999284744,
            "dark": 6.89582577706e-07
        },
        "probability": 0.999999284744,
        "value": "bright"
    },
    "tonal_atonal": {
        "all": {
            "atonal": 0.717235982418,
            "tonal": 0.28276398778
        },
        "probability": 0.717235982418,
        "value": "atonal"
    },
    "voice_instrumental": {
        "all": {
            "instrumental": 0.0158977229148,
            "voice": 0.984102249146
        },
        "probability": 0.984102249146,
        "value": "voice"
    }
},
"lowlevel": {
    "average_loudness": 0.976896047592,
    "barkbands_crest": {
        "dmean": 3.7585580349,
        "dmean2": 5.80166053772,
        "dvar": 10.2881164551,
        "dvar2": 22.3923778534,
        "max": 25.7059516907,
        "mean": 12.4604253769,
        "median": 11.7663784027,
        "min": 2.68427371979,
        "var": 29.7660999298
    },
    "barkbands_flatness_db": {
        "dmean": 0.0328216999769,
        "dmean2": 0.0471486188471,
        "dvar": 0.000956548261456,
        "dvar2": 0.00192773866002,
        "max": 0.426180779934,
        "mean": 0.165459290147,
        "median": 0.155885562301,
        "min": 0.0373292118311,
        "var": 0.00406908383593
    },
    "barkbands_kurtosis": {
        "dmean": 6.99482297897,
        "dmean2": 10.824136734,
        "dvar": 537.821716309,
        "dvar2": 1329.19213867,
        "max": 634.065795898,
        "mean": 8.48582839966,
        "median": 1.72376728058,
        "min": -1.90155375004,
        "var": 833.534790039
    },
    "barkbands_skewness": {
        "dmean": 0.934076428413,
        "dmean2": 1.33825218678,
        "dvar": 1.33125257492,
        "dvar2": 2.77699398994,
        "max": 22.3890914917,
        "mean": 1.88484752178,
        "median": 1.43053948879,
        "min": -3.3417224884,
        "var": 4.226811409
    },
    "barkbands_spread": {
        "dmean": 8.98824119568,
        "dmean2": 13.6040039062,
        "dvar": 109.226051331,
        "dvar2": 247.398330688,
        "max": 115.291366577,
        "mean": 26.1871833801,
        "median": 23.1599502563,
        "min": 0.386958688498,
        "var": 305.596160889
    },
    "dissonance": {
        "dmean": 0.0218772292137,
        "dmean2": 0.0360147058964,
        "dvar": 0.000514537096024,
        "dvar2": 0.00134396820795,
        "max": 0.499978542328,
        "mean": 0.458786815405,
        "median": 0.468931436539,
        "min": 0.288404613733,
        "var": 0.00110213947482
    },
    "dynamic_complexity": 2.97739195824,
    "erbbands_crest": {
        "dmean": 3.33616805077,
        "dmean2": 5.19965934753,
        "dvar": 10.205447197,
        "dvar2": 21.1914958954,
        "max": 30.8781166077,
        "mean": 10.2412538528,
        "median": 8.94492435455,
        "min": 2.48999047279,
        "var": 26.4354858398
    },
    "erbbands_flatness_db": {
        "dmean": 0.0233599226922,
        "dmean2": 0.0335043892264,
        "dvar": 0.000489047553856,
        "dvar2": 0.000836292223539,
        "max": 0.315788120031,
        "mean": 0.157872453332,
        "median": 0.153423503041,
        "min": 0.0575503818691,
        "var": 0.00198135152459
    },
    "erbbands_kurtosis": {
        "dmean": 1.34482038021,
        "dmean2": 2.0597820282,
        "dvar": 3.64187526703,
        "dvar2": 8.34167480469,
        "max": 19.4213924408,
        "mean": 0.665882110596,
        "median": -0.138729810715,
        "min": -1.90723800659,
        "var": 6.62305355072
    },
    "erbbands_skewness": {
        "dmean": 0.491943508387,
        "dmean2": 0.723860561848,
        "dvar": 0.248994827271,
        "dvar2": 0.54316419363,
        "max": 3.83099460602,
        "mean": 0.249092638493,
        "median": 0.250754415989,
        "min": -3.95062613487,
        "var": 0.820671796799
    },
    "erbbands_spread": {
        "dmean": 14.4493427277,
        "dmean2": 20.9909610748,
        "dvar": 289.432281494,
        "dvar2": 592.697631836,
        "max": 184.001907349,
        "mean": 48.3430213928,
        "median": 42.0873832703,
        "min": 4.37120628357,
        "var": 846.847229004
    },
    "hfc": {
        "dmean": 10.2222795486,
        "dmean2": 15.1268053055,
        "dvar": 239.131332397,
        "dvar2": 571.745056152,
        "max": 96.524597168,
        "mean": 19.8349113464,
        "median": 14.8733606339,
        "min": 0.0364516302943,
        "var": 345.959594727
    },
    "melbands_crest": {
        "dmean": 4.95551586151,
        "dmean2": 7.76177310944,
        "dvar": 20.5734653473,
        "dvar2": 44.6433258057,
        "max": 37.4980010986,
        "mean": 18.4519100189,
        "median": 18.1013526917,
        "min": 3.35858988762,
        "var": 62.8545761108
    },
    "melbands_flatness_db": {
        "dmean": 0.0408168397844,
        "dmean2": 0.0567529425025,
        "dvar": 0.00166123069357,
        "dvar2": 0.00306252995506,
        "max": 0.528478503227,
        "mean": 0.205168113112,
        "median": 0.188319772482,
        "min": 0.0212236084044,
        "var": 0.00809882674366
    },
    "melbands_kurtosis": {
        "dmean": 21.2656440735,
        "dmean2": 33.0298805237,
        "dvar": 2495.1340332,
        "dvar2": 5967.45605469,
        "max": 639.919067383,
        "mean": 31.7445297241,
        "median": 8.48541355133,
        "min": -1.67688214779,
        "var": 4749.28271484
    },
    "melbands_skewness": {
        "dmean": 1.45740664005,
        "dmean2": 2.11854743958,
        "dvar": 3.46834635735,
        "dvar2": 6.96003961563,
        "max": 21.5730342865,
        "mean": 3.60979485512,
        "median": 2.60561466217,
        "min": -1.22851204872,
        "var": 10.8988132477
    },
    "melbands_spread": {
        "dmean": 12.0918083191,
        "dmean2": 18.729013443,
        "dvar": 307.418701172,
        "dvar2": 661.988647461,
        "max": 207.548355103,
        "mean": 27.1898708344,
        "median": 21.2143211365,
        "min": 0.39318010211,
        "var": 609.012939453
    },
    "pitch_salience": {
        "dmean": 0.107462629676,
        "dmean2": 0.165015146136,
        "dvar": 0.0107342256233,
        "dvar2": 0.0242616347969,
        "max": 0.890480577946,
        "mean": 0.492263793945,
        "median": 0.502828001976,
        "min": 0.0358932837844,
        "var": 0.030366577208
    },
    "silence_rate_20dB": {
        "dmean": 0,
        "dmean2": 0,
        "dvar": 0,
        "dvar2": 0,
        "max": 1,
        "mean": 1,
        "median": 1,
        "min": 1,
        "var": 0
    },
    "silence_rate_30dB": {
        "dmean": 0.00773993786424,
        "dmean2": 0.0154918665066,
        "dvar": 0.00768016790971,
        "dvar2": 0.0229980926961,
        "max": 1,
        "mean": 0.996133029461,
        "median": 1,
        "min": 0,
        "var": 0.00385197950527
    },
    "silence_rate_60dB": {
        "dmean": 0.0595975220203,
        "dmean2": 0.118512779474,
        "dvar": 0.0560455322266,
        "dvar2": 0.124606959522,
        "max": 1,
        "mean": 0.090487241745,
        "median": 0,
        "min": 0,
        "var": 0.0822985544801
    },
    "spectral_centroid": {
        "dmean": 404.620117188,
        "dmean2": 590.51574707,
        "dvar": 202488.34375,
        "dvar2": 422859.34375,
        "max": 5569.82910156,
        "mean": 1664.4119873,
        "median": 1560.61523438,
        "min": 191.879776001,
        "var": 611545.4375
    },
    "spectral_complexity": {
        "dmean": 5.92647075653,
        "dmean2": 8.47637462616,
        "dvar": 61.7880897522,
        "dvar2": 112.05721283,
        "max": 52,
        "mean": 14.1639595032,
        "median": 11,
        "min": 0,
        "var": 138.727386475
    },
    "spectral_decrease": {
        "dmean": 3.10276626614e-09,
        "dmean2": 4.32138680395e-09,
        "dvar": 1.47449063547e-17,
        "dvar2": 2.78433163176e-17,
        "max": -8.18199848152e-12,
        "mean": -6.59183596596e-09,
        "median": -4.40952296898e-09,
        "min": -3.03742027086e-08,
        "var": 4.04123952085e-17
    },
    "spectral_energy": {
        "dmean": 0.012312322855,
        "dmean2": 0.0170073006302,
        "dvar": 0.000226088028285,
        "dvar2": 0.000434784626123,
        "max": 0.116249784827,
        "mean": 0.0266781803221,
        "median": 0.0181660298258,
        "min": 3.55830125045e-05,
        "var": 0.000615175114945
    },
    "spectral_energyband_high": {
        "dmean": 0.000732589222025,
        "dmean2": 0.00106253358535,
        "dvar": 1.40293263939e-06,
        "dvar2": 3.11789699481e-06,
        "max": 0.00908591225743,
        "mean": 0.00119097996503,
        "median": 0.000576013466343,
        "min": 1.08233280116e-06,
        "var": 2.26830638894e-06
    },
    "spectral_energyband_low": {
        "dmean": 0.00692788371816,
        "dmean2": 0.0107634877786,
        "dvar": 0.00016555460752,
        "dvar2": 0.000309854367515,
        "max": 0.109743498266,
        "mean": 0.0121162943542,
        "median": 0.0035666981712,
        "min": 3.31282848265e-07,
        "var": 0.000407729501603
    },
    "spectral_energyband_middle_high": {
        "dmean": 0.00242500915192,
        "dmean2": 0.00373973068781,
        "dvar": 1.20141203297e-05,
        "dvar2": 3.0027138564e-05,
        "max": 0.0338884927332,
        "mean": 0.00426745368168,
        "median": 0.00256331870332,
        "min": 6.82455265633e-06,
        "var": 2.40320387093e-05
    },
    "spectral_energyband_middle_low": {
        "dmean": 0.0063619511202,
        "dmean2": 0.00955122802407,
        "dvar": 0.00011992011423,
        "dvar2": 0.00028622924583,
        "max": 0.0901702865958,
        "mean": 0.0100034922361,
        "median": 0.00468643475324,
        "min": 1.00986744656e-05,
        "var": 0.000176911489689
    },
    "spectral_entropy": {
        "dmean": 0.225051671267,
        "dmean2": 0.310660362244,
        "dvar": 0.0463085100055,
        "dvar2": 0.0920267552137,
        "max": 8.79614543915,
        "mean": 7.58780002594,
        "median": 7.6273598671,
        "min": 5.93080377579,
        "var": 0.225612565875
    },
    "spectral_flux": {
        "dmean": 0.0399331524968,
        "dmean2": 0.0612373910844,
        "dvar": 0.00175925844815,
        "dvar2": 0.00401108525693,
        "max": 0.311300963163,
        "mean": 0.0935356318951,
        "median": 0.0792741626501,
        "min": 0.00437355041504,
        "var": 0.00368206435814
    },
    "spectral_kurtosis": {
        "dmean": 1.29829645157,
        "dmean2": 2.07699656487,
        "dvar": 1.87847352028,
        "dvar2": 4.73623275757,
        "max": 19.0630588531,
        "mean": 3.05744743347,
        "median": 2.55384540558,
        "min": -0.961839675903,
        "var": 5.71565961838
    },
    "spectral_rms": {
        "dmean": 0.00115117884707,
        "dmean2": 0.00153213611338,
        "dvar": 1.43874331116e-06,
        "dvar2": 2.58057502833e-06,
        "max": 0.0106496205553,
        "mean": 0.00454667722806,
        "median": 0.00420986395329,
        "min": 0.000186319986824,
        "var": 5.35522485734e-06
    },
    "spectral_rolloff": {
        "dmean": 983.895812988,
        "dmean2": 1598.8963623,
        "dvar": 2368037.75,
        "dvar2": 5114989,
        "max": 12273.9257812,
        "mean": 1932.5592041,
        "median": 1227.39257812,
        "min": 43.06640625,
        "var": 4759167
    },
    "spectral_skewness": {
        "dmean": 0.235018864274,
        "dmean2": 0.359721273184,
        "dvar": 0.0475973859429,
        "dvar2": 0.106787458062,
        "max": 3.51099944115,
        "mean": 1.30146217346,
        "median": 1.27899718285,
        "min": -0.12507019937,
        "var": 0.216243520379
    },
    "spectral_spread": {
        "dmean": 842595,
        "dmean2": 1241889,
        "dvar": 1.0429857792e+12,
        "dvar2": 2.16475277722e+12,
        "max": 17502042,
        "mean": 5497573,
        "median": 4984187.5,
        "min": 2360134,
        "var": 3.59668252672e+12
    },
    "spectral_strongpeak": {
        "dmean": 0.522581517696,
        "dmean2": 0.882622897625,
        "dvar": 0.629789590836,
        "dvar2": 1.60674035549,
        "max": 7.36823892593,
        "mean": 0.856972754002,
        "median": 0.499511778355,
        "min": 0,
        "var": 1.06946575642
    },
    "zerocrossingrate": {
        "dmean": 0.0183589216322,
        "dmean2": 0.0204707477242,
        "dvar": 0.000433705165051,
        "dvar2": 0.000458216498373,
        "max": 0.357421875,
        "mean": 0.0755212083459,
        "median": 0.06591796875,
        "min": 0.001953125,
        "var": 0.00258646951988
    },
    "barkbands": {
        "dmean": [0.000505524338223, 0.00575933605433, 0.00203204341233, 0.000979493954219, 0.00376426917501, 0.00115083158016, 0.000599624414463, 0.000666123291012, 0.000799604225904, 0.000466550089186, 0.000417543924414, 0.000581085099839, 0.000294165569358, 0.000213438281207, 0.000249859382166, 0.000270422780886, 0.000232425358263, 0.000323776708683, 0.00033942371374, 0.00019452223205, 0.000198926136363, 0.000168518759892, 0.000143130135257, 0.000110366592708, 8.52694865898e-05, 6.02587751928e-05, 1.51073081156e-07],
        "dmean2": [0.000686802319251, 0.00848542153835, 0.00342235597782, 0.00135878764559, 0.00565358344465, 0.00195889850147, 0.000997892813757, 0.00106331228744, 0.00130181049462, 0.000737247755751, 0.000640404236037, 0.000836296123452, 0.00046509882668, 0.000342326791724, 0.000405671831686, 0.000451065250672, 0.000402123492677, 0.000564006622881, 0.000548586947843, 0.000325395551044, 0.000299468636513, 0.00025609874865, 0.000215273088543, 0.000172049360117, 0.000133396271849, 9.5623137895e-05, 2.61373713784e-07],
        "dvar": [9.21493210626e-07, 0.000116403753054, 3.28369678755e-05, 4.62398384116e-06, 7.03188125044e-05, 4.51872256235e-06, 2.61542800217e-06, 2.27708096645e-06, 4.17855426349e-06, 1.30753448957e-06, 8.72628277193e-07, 1.36971141274e-06, 6.81955725668e-07, 2.0692080227e-07, 1.77535937951e-07, 2.96679473877e-07, 2.31547218732e-07, 4.52882403579e-07, 3.35755743208e-07, 1.66425763837e-07, 1.33175035444e-07, 1.08337275151e-07, 5.29270316463e-08, 3.435816609e-08, 2.50361864573e-08, 1.95426945737e-08, 2.60546629844e-13],
        "dvar2": [1.76261198703e-06, 0.000237507701968, 8.60656946315e-05, 8.7367825472e-06, 0.000167733742273, 1.28277888507e-05, 6.87236433805e-06, 5.36110428584e-06, 9.33227420319e-06, 3.11762028105e-06, 2.0024931473e-06, 2.31571470977e-06, 1.53738528752e-06, 4.48867723435e-07, 4.4801237209e-07, 7.89572538906e-07, 6.18086744453e-07, 1.23759537018e-06, 8.66210143613e-07, 4.47496574907e-07, 2.74815761259e-07, 2.62012832764e-07, 1.14808308638e-07, 7.62468275184e-08, 5.33048307716e-08, 4.87163518414e-08, 6.56377242055e-13],
        "max": [0.0115079768002, 0.103771045804, 0.0467935428023, 0.0264372378588, 0.0816928744316, 0.0305639468133, 0.0267477333546, 0.0207884125412, 0.0314290784299, 0.0198640543967, 0.0182902552187, 0.0221645552665, 0.0177201051265, 0.00670016510412, 0.00472968025133, 0.00432450184599, 0.00500369537622, 0.00467330031097, 0.00581116694957, 0.00350370258093, 0.00398885365576, 0.00303239235654, 0.00199969648384, 0.00193388271146, 0.00212323083542, 0.00138279481325, 5.98564747634e-06],
        "mean": [0.000806989555713, 0.00886778719723, 0.00166245887522, 0.00140297040343, 0.00434703473002, 0.00139512831811, 0.000645283958875, 0.000948003144003, 0.00102533667814, 0.000562053755857, 0.000554437923711, 0.00087992369663, 0.000468896410894, 0.000241261790507, 0.000313618977088, 0.000276438280707, 0.000220144458581, 0.000345182517776, 0.000405100319767, 0.000240744033363, 0.000289445539238, 0.000213801235077, 0.000207510805922, 0.000163116113981, 0.000126191720483, 6.92096655257e-05, 1.09774092039e-07],
        "median": [3.85328967241e-05, 0.00161676830612, 3.79480006814e-05, 3.79763623641e-05, 0.000594236946199, 0.000431296764873, 0.000110772467451, 0.000215391410165, 0.000174198474269, 0.000121046294225, 7.96593158157e-05, 0.000193631043658, 6.87705251039e-05, 5.81697386224e-05, 9.4482464192e-05, 4.87088764203e-05, 5.36673542229e-05, 9.39045712585e-05, 0.00013330472575, 9.64486680459e-05, 0.000101107340015, 6.09693925071e-05, 6.99002266629e-05, 6.66713676765e-05, 4.3794807425e-05, 1.45110070662e-05, 4.41776309978e-10],
        "min": [6.88683485239e-11, 9.11763038403e-08, 2.28310295114e-08, 2.35959838335e-08, 5.73919862745e-07, 1.91715358255e-07, 8.17009251364e-08, 1.3374724972e-07, 4.27819713877e-07, 1.90223119034e-07, 2.27263242891e-07, 3.73701709577e-07, 1.26351395124e-07, 1.82558650863e-07, 2.09545035545e-07, 3.74620412913e-07, 2.20465622647e-07, 2.18417170572e-07, 5.81389258514e-07, 9.78054899292e-08, 6.03454921588e-08, 1.45342085034e-07, 3.11346681769e-08, 2.44750637535e-08, 7.39447436615e-09, 3.68018081287e-11, 4.82345934028e-12],
        "var": [2.19707089855e-06, 0.000251655728789, 2.45138908213e-05, 1.39600733746e-05, 8.9550485427e-05, 5.08063749294e-06, 3.14762746711e-06, 3.87653426515e-06, 6.07542688158e-06, 1.62211972565e-06, 2.15973750528e-06, 4.15932709075e-06, 2.06481195164e-06, 2.81368215838e-07, 2.71296926257e-07, 3.00175997836e-07, 2.03020377398e-07, 3.79486039037e-07, 3.89829978076e-07, 1.67917022509e-07, 2.23424663659e-07, 1.38611866873e-07, 9.79384040534e-08, 5.62524604675e-08, 5.60380684078e-08, 2.32739232331e-08, 1.9917021591e-13]
    },
    "erbbands": {
        "dmean": [0.213291227818, 1.26051688194, 2.52414059639, 2.6583096981, 6.94680929184, 16.0367927551, 11.3414916992, 7.4695353508, 6.70147705078, 11.401219368, 16.4643745422, 18.7396659851, 15.4757900238, 15.2283887863, 15.2806816101, 26.1225452423, 13.2656373978, 11.0910587311, 13.0053529739, 11.3343257904, 14.3837432861, 12.9712791443, 18.0237121582, 19.1167831421, 14.2522420883, 7.87153911591, 7.94229984283, 7.39777088165, 6.71959733963, 4.30070734024, 4.18430519104, 2.89501214027, 1.76669156551, 1.11518609524, 0.577815115452, 0.324279278517, 0.0974320247769, 0.00875007361174, 0.000172189058503, 2.11981150642e-05],
        "dmean2": [0.314020752907, 1.92344272137, 4.26444816589, 3.81867480278, 10.8431081772, 23.2958507538, 19.4331054688, 12.7982187271, 11.1920900345, 18.6723613739, 25.2910385132, 29.6968593597, 24.3194274902, 23.6234092712, 23.0313854218, 38.1574516296, 20.1902866364, 16.9291572571, 21.2074146271, 18.4748420715, 23.717010498, 22.2173023224, 31.7448978424, 30.6758365631, 23.9120578766, 12.6979656219, 12.36992836, 11.2630348206, 10.4874372482, 6.36279726028, 6.34297084808, 4.49111413956, 2.80212306976, 1.77125799656, 0.905246853828, 0.522350430489, 0.156541720033, 0.0146070020273, 0.000276130420389, 3.05345929519e-05],
        "dvar": [0.159187614918, 7.81846761703, 56.3665237427, 31.765619278, 247.199523926, 1538.95422363, 515.75, 189.392547607, 317.464233398, 703.413269043, 1378.61682129, 2375.8828125, 1875.74841309, 1156.60241699, 1287.80371094, 3138.57617188, 1080.69506836, 564.268310547, 618.574462891, 389.266021729, 884.826049805, 718.406066895, 1712.78344727, 996.869384766, 815.32043457, 233.168060303, 202.824768066, 193.832427979, 190.698532104, 51.0522499084, 50.254901886, 25.0048732758, 9.03314971924, 4.01319408417, 1.33785021305, 0.584562063217, 0.0468134693801, 0.000445235491497, 1.48330755678e-07, 8.78214612143e-10],
        "dvar2": [0.319197952747, 16.0952835083, 140.624069214, 68.3055343628, 592.224914551, 3519.29394531, 1446.86816406, 529.102294922, 848.772155762, 1845.76477051, 3257.84814453, 5519.49414062, 4421.04833984, 2804.86035156, 2618.96606445, 5368.80517578, 2129.87768555, 1122.79614258, 1543.39025879, 956.6796875, 2385.53979492, 1956.54162598, 4806.69873047, 2508.18701172, 2221.24414062, 597.211914062, 430.501342773, 418.368988037, 479.566375732, 96.4772796631, 113.781913757, 58.3705024719, 20.3264636993, 8.61476802826, 2.82987189293, 1.47725188732, 0.113129265606, 0.0011631983798, 3.66676687236e-07, 1.79244141751e-09],
        "max": [4.05805110931, 24.5116214752, 62.252368927, 67.8135757446, 133.976882935, 371.476593018, 234.875350952, 160.165679932, 274.711242676, 322.884307861, 582.472961426, 796.754455566, 868.773376465, 418.549499512, 813.715576172, 1147.3001709, 811.445983887, 457.981872559, 372.6925354, 180.566390991, 254.359237671, 176.744491577, 301.283874512, 345.30267334, 212.97845459, 132.216949463, 123.382232666, 158.017333984, 132.528457642, 77.5547027588, 57.5659980774, 47.8118438721, 28.4718227386, 29.610994339, 16.0303287506, 7.61794614792, 1.81778240204, 0.206787362695, 0.00357718556188, 0.000264762464212],
        "mean": [0.343391478062, 1.58642482758, 2.28864645958, 3.69612073898, 7.62950897217, 18.4287319183, 15.1453094482, 8.6291103363, 7.58031225204, 13.2066822052, 25.0459423065, 24.1311264038, 18.508140564, 19.8218631744, 22.7532234192, 40.5478630066, 23.5252895355, 16.9072685242, 16.7815036774, 13.2336397171, 15.1840515137, 12.6282262802, 17.850894928, 24.2033596039, 16.1377925873, 10.5198574066, 11.7273321152, 10.4623718262, 8.09517478943, 6.38140869141, 5.9352645874, 3.99167990685, 2.49815177917, 1.61376440525, 0.81034475565, 0.377900034189, 0.110679656267, 0.00834519136697, 0.000193830273929, 4.34854009654e-05],
        "median": [0.0536888353527, 0.261058598757, 0.124182231724, 0.138510167599, 0.608085393906, 2.21297240257, 4.41628313065, 2.82892084122, 1.64866137505, 2.66414880753, 6.37168931961, 5.40556287766, 3.68590950966, 5.20033979416, 4.9141626358, 9.44399929047, 4.90692234039, 4.57280445099, 4.60431003571, 3.70349836349, 2.99334192276, 3.02918767929, 5.18823337555, 7.68054485321, 5.87518930435, 4.50954818726, 3.81357955933, 3.86677932739, 2.39403057098, 1.85335326195, 2.03607130051, 1.3278234005, 1.09057629108, 0.608218848705, 0.225846737623, 0.08416967839, 0.0223678871989, 0.00139846699312, 5.05615644215e-05, 2.82612945739e-05],
        "min": [2.09389099837e-06, 2.89564159175e-05, 7.40261675674e-05, 0.000183163472684, 0.00128454249352, 0.00412433128804, 0.00187522592023, 0.00208044261672, 0.00076219328912, 0.00636201305315, 0.0142987184227, 0.00941420532763, 0.00941435899585, 0.0181382205337, 0.00949481409043, 0.0184423606843, 0.0117264576256, 0.0113116707653, 0.0148366009817, 0.0178292132914, 0.0213452577591, 0.0122770825401, 0.0126569801942, 0.0281067956239, 0.0223522186279, 0.00464443536475, 0.00272267591208, 0.00337252835743, 0.00557935098186, 0.00197442364879, 0.00209282408468, 0.000288156297756, 0.000134147441713, 0.000188431498827, 2.25876192417e-05, 4.69883525511e-06, 2.38257234741e-06, 2.80449853562e-07, 9.45336751101e-08, 5.71237848135e-08],
        "var": [0.374977499247, 11.5485725403, 45.8510322571, 77.0768585205, 291.832885742, 2036.04162598, 626.817260742, 193.346359253, 320.712585449, 896.22454834, 2496.78491211, 3290.63842773, 2651.80664062, 1532.04174805, 4040.9675293, 9358.95019531, 3953.66943359, 1309.60522461, 994.999389648, 473.052734375, 874.644165039, 590.505615234, 1233.58740234, 1367.62438965, 713.674865723, 273.219421387, 353.580627441, 293.305236816, 212.567260742, 103.256958008, 83.5181350708, 39.9494171143, 13.146689415, 8.62037944794, 2.6756811142, 0.669354081154, 0.0615661814809, 0.000437339505879, 1.63330000191e-07, 1.72201586324e-09]
    },
    "gfcc": {
        "mean": [-18.8650569916, 58.6387443542, -115.923156738, 34.5185089111, -68.4450378418, 18.8228855133, -38.5897407532, 12.9243736267, -30.2791595459, 8.02714061737, -11.6684064865, 4.51040506363, -7.73632717133],
        "cov": [[5218.43212891, -77.7146148682, 71.2369232178, 239.8074646, -199.582260132, -92.8894271851, -89.6800537109, -38.4484214783, -59.788772583, -161.991104126, -187.085708618, 17.1437015533, -171.210250854], [-77.7146148682, 1420.78466797, 36.4032478333, 61.3204345703, 255.082992554, -18.6423130035, 415.564331055, 15.7223072052, 75.7484283447, -3.70056605339, 148.184967041, -143.240997314, 104.633934021], [71.2369232178, 36.4032478333, 1426.09533691, 627.123352051, 351.257446289, 355.164093018, 189.000488281, 176.237197876, 151.966156006, 80.8885421753, -27.3367652893, 64.0293426514, -86.7819213867], [239.8074646, 61.3204345703, 627.123352051, 827.303283691, 309.687103271, 175.799789429, 104.296546936, 105.295196533, 235.81072998, -57.5864677429, 7.32120370865, 18.7356624603, 9.16100978851], [-199.582260132, 255.082992554, 351.257446289, 309.687103271, 555.788818359, 301.636688232, 290.126251221, 202.862472534, 150.212921143, 84.3623962402, 40.08070755, 11.8691196442, 15.7692680359], [-92.8894271851, -18.6423130035, 355.164093018, 175.799789429, 301.636688232, 511.411376953, 295.692810059, 146.231079102, 120.433326721, 116.710746765, 78.3047714233, 15.9811897278, 5.35649728775], [-89.6800537109, 415.564331055, 189.000488281, 104.296546936, 290.126251221, 295.692810059, 496.062438965, 149.242614746, 89.6940383911, 139.331130981, 126.403175354, -8.24612426758, 36.5302772522], [-38.4484214783, 15.7223072052, 176.237197876, 105.295196533, 202.862472534, 146.231079102, 149.242614746, 371.524475098, 159.537399292, 72.7525405884, 36.3490791321, 33.7831954956, 53.3124198914], [-59.788772583, 75.7484283447, 151.966156006, 235.81072998, 150.212921143, 120.433326721, 89.6940383911, 159.537399292, 267.336273193, 42.1174240112, 41.0450439453, 36.8008155823, 26.1665210724], [-161.991104126, -3.70056605339, 80.8885421753, -57.5864677429, 84.3623962402, 116.710746765, 139.331130981, 72.7525405884, 42.1174240112, 211.626144409, 87.6111984253, 41.6590461731, 25.6576137543], [-187.085708618, 148.184967041, -27.3367652893, 7.32120370865, 40.08070755, 78.3047714233, 126.403175354, 36.3490791321, 41.0450439453, 87.6111984253, 191.602615356, 25.9455909729, 56.7047386169], [17.1437015533, -143.240997314, 64.0293426514, 18.7356624603, 11.8691196442, 15.9811897278, -8.24612426758, 33.7831954956, 36.8008155823, 41.6590461731, 25.9455909729, 148.001449585, 7.91099452972], [-171.210250854, 104.633934021, -86.7819213867, 9.16100978851, 15.7692680359, 5.35649728775, 36.5302772522, 53.3124198914, 26.1665210724, 25.6576137543, 56.7047386169, 7.91099452972, 158.918807983]],
        "icov": [[0.000230588426348, -0.00013104226673, 0.000119314427138, -0.000280056818156, 0.000287848815788, -0.000158414957696, 2.57477004197e-05, -0.000200816837605, 0.000257248233538, -9.2220318038e-05, 0.00030099612195, -0.000236883046455, 0.000331152055878], [-0.00013104226673, 0.00215594167821, -0.000757137953769, 0.0012117162114, -0.00135335966479, 0.00210250914097, -0.00231152842753, 0.00128197064623, -0.00162857375108, 0.00176392588764, -0.00154418952297, 0.00199236860499, -0.00144409865607], [0.000119314427138, -0.000757137953769, 0.00179017998744, -0.00179188034963, 0.000688187312335, -0.00136795826256, 0.000798185297754, -0.000992425950244, 0.00142704555765, -0.00154058262706, 0.00122140580788, -0.00114462000784, 0.00147011713125], [-0.000280056818156, 0.0012117162114, -0.00179188034963, 0.00414999946952, -0.00213662185706, 0.00155359820928, -0.0011123776203, 0.0017955499934, -0.00347448373213, 0.00308986799791, -0.00171685265377, 0.00138286303263, -0.00188728072681], [0.000287848815788, -0.00135335966479, 0.000688187312335, -0.00213662185706, 0.00498966546729, -0.00236780918203, 4.44530487584e-05, -0.00196821847931, 0.00137445284054, -0.001699339482, 0.00205168430693, -0.00135673035402, 0.00131841818802], [-0.000158414957696, 0.00210250914097, -0.00136795826256, 0.00155359820928, -0.00236780918203, 0.00591745367274, -0.00349697773345, 0.00136306136847, -0.00227932119742, 0.00138496037107, -0.00196372694336, 0.00208188709803, -0.00126072822604], [2.57477004197e-05, -0.00231152842753, 0.000798185297754, -0.0011123776203, 4.44530487584e-05, -0.00349697773345, 0.00685711344704, -0.00172801001463, 0.00195551244542, -0.00293222698383, -0.000172390020452, -0.00100119505078, 0.00142937526107], [-0.000200816837605, 0.00128197064623, -0.000992425950244, 0.0017955499934, -0.00196821847931, 0.00136306136847, -0.00172801001463, 0.00545478751883, -0.00358874420635, 0.00109311554115, -0.000583380286116, 0.000951267138589, -0.00241398205981], [0.000257248233538, -0.00162857375108, 0.00142704555765, -0.00347448373213, 0.00137445284054, -0.00227932119742, 0.00195551244542, -0.00358874420635, 0.00866145733744, -0.00253828591667, 0.000990402651951, -0.00242721685208, 0.00177493644878], [-9.2220318038e-05, 0.00176392588764, -0.00154058262706, 0.00308986799791, -0.001699339482, 0.00138496037107, -0.00293222698383, 0.00109311554115, -0.00253828591667, 0.00980588514358, -0.00374020403251, 0.00018412899226, -0.00169071380515], [0.00030099612195, -0.00154418952297, 0.00122140580788, -0.00171685265377, 0.00205168430693, -0.00196372694336, -0.000172390020452, -0.000583380286116, 0.000990402651951, -0.00374020403251, 0.00957347173244, -0.00250666425563, -0.000645520864055], [-0.000236883046455, 0.00199236860499, -0.00114462000784, 0.00138286303263, -0.00135673035402, 0.00208188709803, -0.00100119505078, 0.000951267138589, -0.00242721685208, 0.00018412899226, -0.00250666425563, 0.00971577968448, -0.00151560758241], [0.000331152055878, -0.00144409865607, 0.00147011713125, -0.00188728072681, 0.00131841818802, -0.00126072822604, 0.00142937526107, -0.00241398205981, 0.00177493644878, -0.00169071380515, -0.000645520864055, -0.00151560758241, 0.00919110514224]]
    },
    "melbands": {
        "dmean": [0.00164838973433, 0.00141227152199, 0.000464814453153, 0.000923192827031, 0.000406678649597, 0.000176473389729, 0.000111151137389, 0.000124460755615, 0.000137907103635, 0.000120099597552, 7.58874739404e-05, 6.095173012e-05, 5.17652952112e-05, 5.99837549089e-05, 5.26077092218e-05, 2.86172562483e-05, 2.0577761461e-05, 2.13854491449e-05, 1.6697051251e-05, 1.73662228917e-05, 1.69718823599e-05, 1.33918474603e-05, 1.62911437656e-05, 1.4799332348e-05, 1.65645506058e-05, 1.14116137411e-05, 9.03159616428e-06, 4.61189301859e-06, 5.11353528054e-06, 5.4464007917e-06, 4.28333214586e-06, 3.93586378777e-06, 3.22936648445e-06, 2.35035099649e-06, 2.51238429883e-06, 2.37498761635e-06, 1.59756996254e-06, 1.22166557048e-06, 1.24291352677e-06, 9.47565865772e-07],
        "dmean2": [0.00242708995938, 0.00226069847122, 0.000690972839948, 0.00137073150836, 0.000679452205077, 0.000301766209304, 0.000183544310858, 0.000204009265872, 0.000211218823097, 0.000192601946765, 0.000119925309264, 9.51595211518e-05, 7.80548070907e-05, 8.86900379555e-05, 7.82249117037e-05, 4.21458244091e-05, 3.23688691424e-05, 3.51724265784e-05, 2.7539093935e-05, 2.82387154584e-05, 2.84316847683e-05, 2.28031385632e-05, 2.95396876027e-05, 2.52121844824e-05, 2.672183291e-05, 1.88960420928e-05, 1.57148770086e-05, 7.32630769562e-06, 8.38080632093e-06, 8.21383582661e-06, 6.72857277095e-06, 6.150284662e-06, 5.13273289471e-06, 3.47407376466e-06, 3.82185589842e-06, 3.70032921637e-06, 2.53150415119e-06, 1.93715186469e-06, 1.98753923542e-06, 1.50370556184e-06],
        "dvar": [8.99795031728e-06, 1.36342887345e-05, 1.00090733213e-06, 4.59547300125e-06, 7.2749935498e-07, 1.04127209966e-07, 8.81270381115e-08, 7.88287195519e-08, 9.08238817487e-08, 1.15311856064e-07, 4.66060079418e-08, 1.91467393051e-08, 1.38320928045e-08, 1.26847661264e-08, 1.34569022592e-08, 8.04682542821e-09, 2.20130202955e-09, 1.82597448273e-09, 7.81140430117e-10, 1.07450126574e-09, 1.31406940884e-09, 7.34021066151e-10, 1.71282210637e-09, 8.78315753461e-10, 7.59268981021e-10, 4.64587063265e-10, 4.63313054588e-10, 6.61236621013e-11, 8.17992895641e-11, 1.12423438614e-10, 6.77670281002e-11, 6.19621923215e-11, 4.16723183738e-11, 1.38913273245e-11, 1.84646013757e-11, 1.74646339057e-11, 7.42298583711e-12, 3.95091554958e-12, 4.51292432244e-12, 3.36418263039e-12],
        "dvar2": [1.88413941942e-05, 3.02081461996e-05, 2.10620919461e-06, 1.05418475869e-05, 1.96088194571e-06, 2.92970810278e-07, 2.32975423842e-07, 2.0379951593e-07, 2.14325496017e-07, 2.62717094301e-07, 1.09679248794e-07, 4.57365096906e-08, 2.99435143347e-08, 2.40497275428e-08, 2.28804299951e-08, 1.53934127667e-08, 4.24461443771e-09, 4.51879067498e-09, 2.0064652162e-09, 2.62364552306e-09, 3.5361418238e-09, 1.93778570967e-09, 4.85700146768e-09, 2.36344410709e-09, 1.89451987431e-09, 1.23565924159e-09, 1.28569277447e-09, 1.58921403814e-10, 1.89833856967e-10, 2.37604713682e-10, 1.64848995565e-10, 1.55113255573e-10, 1.02387778811e-10, 2.5980738394e-11, 4.33877274386e-11, 3.86079536396e-11, 1.76365311244e-11, 9.00804864729e-12, 1.04084102448e-11, 7.38033505837e-12],
        "max": [0.0281021744013, 0.0292974766344, 0.0127669144422, 0.022114245221, 0.00809780322015, 0.00413135997951, 0.00483978539705, 0.00307066366076, 0.00466223806143, 0.00530433934182, 0.00430480996147, 0.00175132590812, 0.00282861059532, 0.00247396086343, 0.0019661381375, 0.00241646799259, 0.000820204208139, 0.000691416964401, 0.000317539990647, 0.000380485784262, 0.0002867844305, 0.000267593452008, 0.000320456485497, 0.000222746457439, 0.000305350404233, 0.00019290210912, 0.000172932486748, 7.6838543464e-05, 7.6934840763e-05, 0.000114276852401, 7.81080452725e-05, 7.18697992852e-05, 6.3755454903e-05, 3.65444939234e-05, 4.00334829465e-05, 4.42851778644e-05, 3.3312546293e-05, 1.83292650036e-05, 2.25015755859e-05, 2.87641432806e-05],
        "mean": [0.00269504822791, 0.00154190941248, 0.000680049241055, 0.00101200270001, 0.000576943915803, 0.000206617405638, 0.000124620593851, 0.000149596657138, 0.000209244943107, 0.000148703591549, 8.79260333022e-05, 7.63106581871e-05, 6.84890910634e-05, 9.48646920733e-05, 7.54676148063e-05, 5.24144816154e-05, 2.69004631264e-05, 2.55087506957e-05, 2.00353297259e-05, 1.89074926311e-05, 1.69155882759e-05, 1.29246554934e-05, 1.41203845487e-05, 1.64511784533e-05, 2.05696651392e-05, 1.31273536681e-05, 9.18555633689e-06, 6.42274972051e-06, 7.06480932422e-06, 7.45318675399e-06, 5.46267301615e-06, 4.63099831904e-06, 3.92883202949e-06, 3.40680389854e-06, 3.5097550608e-06, 3.07369896291e-06, 2.14046713154e-06, 1.67555731423e-06, 1.61376988217e-06, 1.29130285131e-06],
        "median": [0.000507585820742, 0.000199729765882, 3.00578267343e-05, 9.18152145459e-05, 0.000158518058015, 6.32500086795e-05, 2.27664568229e-05, 2.9435610486e-05, 4.65539342258e-05, 2.79648374999e-05, 1.4366499272e-05, 1.76978992386e-05, 1.03149186543e-05, 2.08105684578e-05, 1.80654242286e-05, 6.62160164211e-06, 6.63348828311e-06, 5.78728031542e-06, 6.7202313403e-06, 3.68457858713e-06, 2.95104518955e-06, 3.11144958687e-06, 2.96798134514e-06, 4.83983421873e-06, 6.04289289186e-06, 4.27224540545e-06, 3.1828453757e-06, 2.62079788627e-06, 2.18239256355e-06, 2.17798447011e-06, 1.80245342563e-06, 1.35041318572e-06, 9.80376853477e-07, 1.02440890259e-06, 1.10474513804e-06, 8.62487922859e-07, 6.81074709519e-07, 6.81735116359e-07, 7.27138456114e-07, 3.8667334934e-07],
        "min": [2.40245210392e-08, 3.81802252036e-08, 2.2570004532e-08, 1.21425472344e-07, 6.60004246811e-08, 3.82493645645e-08, 7.09888592354e-09, 6.24081408773e-08, 1.10504480233e-07, 6.05016268196e-08, 3.57319542843e-08, 5.66310411898e-08, 3.60836907021e-08, 2.87937371724e-08, 3.18985478032e-08, 1.02591934947e-08, 1.84290449567e-08, 2.2200644878e-08, 1.37896201124e-08, 1.24859358408e-08, 1.6937514502e-08, 1.03773762916e-08, 1.48960905832e-08, 8.70912764128e-09, 1.85090218707e-08, 9.13764885979e-09, 7.31023863665e-09, 1.59285240553e-09, 4.22983897908e-10, 2.23331220184e-09, 5.79735481843e-10, 3.03630165455e-09, 4.7009174331e-10, 4.29003971236e-10, 3.5997052561e-10, 3.11372427841e-10, 4.9522118177e-12, 2.40801801242e-12, 5.7667750783e-12, 2.36468310211e-11],
