{
"highlevel": {
    "danceability": {
        "all": {
            "danceable": 0.614326000214,
            "not_danceable": 0.385673999786
        },
        "probability": 0.614326000214,
        "value": "danceable"
    },
    "gender": {
        "all": {
            "female": 0.0176430791616,
            "male": 0.982356905937
        },
        "probability": 0.982356905937,
        "value": "male"
    },
    "genre_dortmund": {
        "all": {
            "alternative": 0.0958418250084,
            "blues": 0.090862840414,
            "electronic": 0.0665271580219,
            "folkcountry": 0.0567437745631,
            "funksoulrnb": 0.00771234184504,
            "jazz": 0.0129146184772,
            "pop": 0.0223865304142,
            "raphiphop": 0.0074920989573,
            "rock": 0.639518797398
        },
        "probability": 0.639518797398,
        "value": "rock"
    },
    "genre_electronic": {
        "all": {
            "ambient": 0.144347161055,
            "dnb": 0.512524068356,
            "house": 0.127501487732,
            "techno": 0.0203293971717,
            "trance": 0.195297896862
        },
        "probability": 0.512524068356,
        "value": "dnb"
    },
    "genre_rosamerica": {
        "all": {
            "cla": 0.00819099321961,
            "dan": 0.0248094256967,
            "hip": 0.153964877129,
            "jaz": 0.0033170026727,
            "pop": 0.0656680092216,
            "rhy": 0.0313590764999,
            "roc": 0.709152519703,
            "spe": 0.00353811914101
        },
        "probability": 0.709152519703,
        "value": "roc"
    },
    "genre_tzanetakis": {
        "all": {
            "blu": 0.0626541376114,
            "cla": 0.0348133966327,
            "cou": 0.0783501937985,
            "dis": 0.104547761381,
            "hip": 0.15693578124,
            "jaz": 0.313987255096,
            "met": 0.044816005975,
            "pop": 0.0627349764109,
            "reg": 0.0627352520823,
            "roc": 0.0784252434969
        },
        "probability": 0.313987255096,
        "value": "jaz"
    },
    "ismir04_rhythm": {
        "all": {
            "ChaChaCha": 0.575186371803,
            "Jive": 0.349486708641,
            "Quickstep": 0.00925652962178,
            "Rumba-American": 0.00480596208945,
            "Rumba-International": 0.0020781850908,
            "Rumba-Misc": 0.000774403859396,
            "Samba": 0.0473968163133,
            "Tango": 0.00242112483829,
            "VienneseWaltz": 0.00799990072846,
            "Waltz": 0.000594012090005
        },
        "probability": 0.575186371803,
        "value": "ChaChaCha"
    },
    "mood_acoustic": {
        "all": {
            "acoustic": 0.0246412660927,
            "not_acoustic": 0.975358724594
        },
        "probability": 0.975358724594,
        "value": "not_acoustic"
    },
    "mood_aggressive": {
        "all": {
            "aggressive": 0.700954556465,
            "not_aggressive": 0.299045443535
        },
        "probability": 0.700954556465,
        "value": "aggressive"
    },
    "mood_electronic": {
        "all": {
            "electronic": 0.319684654474,
            "not_electronic": 0.680315375328
        },
        "probability": 0.680315375328,
        "value": "not_electronic"
    },
    "mood_happy": {
        "all": {
            "happy": 0.652272045612,
            "not_happy": 0.34772798419
        },
        "probability": 0.652272045612,
        "value": "happy"
    },
    "mood_party": {
        "all": {
            "not_party": 0.318108171225,
            "party": 0.681891798973
        },
        "probability": 0.681891798973,
        "value": "party"
    },
    "mood_relaxed": {
        "all": {
            "not_relaxed": 0.964297771454,
            "relaxed": 0.0357022248209
        },
        "probability": 0.964297771454,
        "value": "not_relaxed"
    },
    "mood_sad": {
        "all": {
            "not_sad": 0.964403271675,
            "sad": 0.0355967357755
        },
        "probability": 0.964403271675,
        "value": "not_sad"
    },
    "moods_mirex": {
        "all": {
            "Cluster1": 0.316666811705,
            "Cluster2": 0.111757785082,
            "Cluster3": 0.0279690790921,
            "Cluster4": 0.0504577197134,
            "Cluster5": 0.493148595095
        },
        "probability": 0.493148595095,
        "value": "Cluster5"
    },
    "timbre": {
        "all": {
            "bright": 0.414063245058,
            "dark": 0.585936784744
        },
        "probability": 0.585936784744,
        "value": "dark"
    },
    "tonal_atonal": {
        "all": {
            "atonal": 0.0140959583223,
            "tonal": 0.985904037952
        },
        "probability": 0.985904037952,
        "value": "tonal"
    },
    "voice_instrumental": {
        "all": {
            "instrumental": 0.0019839531742,
            "voice": 0.998016059399
        },
        "probability": 0.998016059399,
        "value": "voice"
    }
},
"lowlevel": {
    "average_loudness": 0.948972642422,
    "barkbands_crest": {
        "dmean": 3.11652970314,
        "dmean2": 5.08067703247,
        "dvar": 6.50680732727,
        "dvar2": 17.8115158081,
        "max": 20.3394145966,
        "mean": 9.08830165863,
        "median": 8.65034008026,
        "min": 2.16577076912,
        "var": 12.2687978745
    },
    "barkbands_flatness_db": {
        "dmean": 0.0306402035058,
        "dmean2": 0.0447296984494,
        "dvar": 0.000604966829997,
        "dvar2": 0.00141687714495,
        "max": 0.345384091139,
        "mean": 0.135158613324,
        "median": 0.126558706164,
        "min": 0.0539628118277,
        "var": 0.00221712258644
    },
    "barkbands_kurtosis": {
        "dmean": 3.08555054665,
        "dmean2": 4.95542144775,
        "dvar": 22.8776054382,
        "dvar2": 54.6250648499,
        "max": 79.1941223145,
        "mean": 2.75963401794,
        "median": 1.04162979126,
        "min": -1.76994097233,
        "var": 31.3529644012
    },
    "barkbands_skewness": {
        "dmean": 0.684501409531,
        "dmean2": 1.07577753067,
        "dvar": 0.40389084816,
        "dvar2": 0.972171485424,
        "max": 7.57030725479,
        "mean": 1.44474160671,
        "median": 1.32382047176,
        "min": -1.03839755058,
        "var": 0.959547996521
    },
    "barkbands_spread": {
        "dmean": 8.754529953,
        "dmean2": 13.4256134033,
        "dvar": 56.5919914246,
        "dvar2": 131.677719116,
        "max": 79.3040771484,
        "mean": 28.3034515381,
        "median": 27.0142402649,
        "min": 1.74945902824,
        "var": 189.689239502
    },
    "dissonance": {
        "dmean": 0.0130921816453,
        "dmean2": 0.0216240976006,
        "dvar": 0.000153545377543,
        "dvar2": 0.000400699587772,
        "max": 0.500000059605,
        "mean": 0.478139638901,
        "median": 0.482467353344,
        "min": 0.379141747952,
        "var": 0.000275431695627
    },
    "dynamic_complexity": 3.04168915749,
    "erbbands_crest": {
        "dmean": 2.61268782616,
        "dmean2": 4.30636072159,
        "dvar": 6.70500326157,
        "dvar2": 16.8069000244,
        "max": 24.181432724,
        "mean": 7.12856769562,
        "median": 5.94400167465,
        "min": 2.20399689674,
        "var": 13.9065313339
    },
    "erbbands_flatness_db": {
        "dmean": 0.0204728581011,
        "dmean2": 0.028550202027,
        "dvar": 0.000321479223203,
        "dvar2": 0.000601366977207,
        "max": 0.259346276522,
        "mean": 0.149540171027,
        "median": 0.142010614276,
        "min": 0.0677556619048,
        "var": 0.00129402941093
    },
    "erbbands_kurtosis": {
        "dmean": 0.778430998325,
        "dmean2": 1.25124442577,
        "dvar": 1.07659876347,
        "dvar2": 2.84481883049,
        "max": 12.0464010239,
        "mean": -0.19757848978,
        "median": -0.5254945755,
        "min": -1.71943938732,
        "var": 1.46349847317
    },
    "erbbands_skewness": {
        "dmean": 0.424627095461,
        "dmean2": 0.639187574387,
        "dvar": 0.136169821024,
        "dvar2": 0.329288512468,
        "max": 3.26190829277,
        "mean": -0.00538948597386,
        "median": -0.0186118371785,
        "min": -2.01754689217,
        "var": 0.453488469124
    },
    "erbbands_spread": {
        "dmean": 11.1586122513,
        "dmean2": 17.3044986725,
        "dvar": 104.209259033,
        "dvar2": 255.203933716,
        "max": 103.654243469,
        "mean": 45.5385818481,
        "median": 43.9747848511,
        "min": 9.52958583832,
        "var": 254.655044556
    },
    "hfc": {
        "dmean": 8.71212291718,
        "dmean2": 11.6330804825,
        "dvar": 105.694252014,
        "dvar2": 218.704803467,
        "max": 111.488853455,
        "mean": 22.7229423523,
        "median": 16.9486160278,
        "min": 0.162406042218,
        "var": 383.182678223
    },
    "melbands_crest": {
        "dmean": 4.03016901016,
        "dmean2": 6.68129205704,
        "dvar": 11.0568914413,
        "dvar2": 29.4221744537,
        "max": 31.1299057007,
        "mean": 13.9520406723,
        "median": 13.4202299118,
        "min": 3.61437320709,
        "var": 21.7134075165
    },
    "melbands_flatness_db": {
        "dmean": 0.0412329621613,
        "dmean2": 0.0597554109991,
        "dvar": 0.0010736057302,
        "dvar2": 0.00243372749537,
        "max": 0.443903535604,
        "mean": 0.179389387369,
        "median": 0.171340286732,
        "min": 0.0304392240942,
        "var": 0.00437182467431
    },
    "melbands_kurtosis": {
        "dmean": 9.14238643646,
        "dmean2": 14.8882570267,
        "dvar": 148.866470337,
        "dvar2": 364.830108643,
        "max": 186.608581543,
        "mean": 12.9301395416,
        "median": 8.04223632812,
        "min": -1.27684879303,
        "var": 209.56237793
    },
    "melbands_skewness": {
        "dmean": 1.02796649933,
        "dmean2": 1.64213597775,
        "dvar": 0.980541288853,
        "dvar2": 2.48802924156,
        "max": 10.5336446762,
        "mean": 2.85632896423,
        "median": 2.63633131981,
        "min": -0.215021044016,
        "var": 2.08038496971
    },
    "melbands_spread": {
        "dmean": 11.5100603104,
        "dmean2": 18.1107635498,
        "dvar": 128.902023315,
        "dvar2": 289.752441406,
        "max": 132.497909546,
        "mean": 27.6957054138,
        "median": 23.6370239258,
        "min": 1.11675477028,
        "var": 348.231719971
    },
    "pitch_salience": {
        "dmean": 0.0808380320668,
        "dmean2": 0.135674878955,
        "dvar": 0.00501593761146,
        "dvar2": 0.0136247146875,
        "max": 0.823752820492,
        "mean": 0.592744112015,
        "median": 0.597780525684,
        "min": 0.205833792686,
        "var": 0.00865693949163
    },
    "silence_rate_20dB": {
        "dmean": 0,
        "dmean2": 0,
        "dvar": 0,
        "dvar2": 0,
        "max": 1,
        "mean": 1,
        "median": 1,
        "min": 1,
        "var": 0
    },
    "silence_rate_30dB": {
        "dmean": 0,
        "dmean2": 0,
        "dvar": 0,
        "dvar2": 0,
        "max": 1,
        "mean": 1,
        "median": 1,
        "min": 1,
        "var": 0
    },
    "silence_rate_60dB": {
        "dmean": 0.0147058824077,
        "dmean2": 0.0286599528044,
        "dvar": 0.0144895855337,
        "dvar2": 0.035584166646,
        "max": 1,
        "mean": 0.0146945090964,
        "median": 0,
        "min": 0,
        "var": 0.0144784459844
    },
    "spectral_centroid": {
        "dmean": 409.299926758,
        "dmean2": 615.322753906,
        "dvar": 120495.15625,
        "dvar2": 266990.6875,
        "max": 3857.92236328,
        "mean": 1646.42175293,
        "median": 1617.75061035,
        "min": 230.390686035,
        "var": 449255.9375
    },
    "spectral_complexity": {
        "dmean": 6.14705896378,
        "dmean2": 8.35089111328,
        "dvar": 32.2786483765,
        "dvar2": 57.9906578064,
        "max": 59,
        "mean": 25.4617176056,
        "median": 25,
        "min": 0,
        "var": 168.198852539
    },
    "spectral_decrease": {
        "dmean": 3.54624241083e-09,
        "dmean2": 5.64151170224e-09,
        "dvar": 2.22013754397e-17,
        "dvar2": 5.24489153687e-17,
        "max": -3.23911175659e-10,
        "mean": -6.94665081014e-09,
        "median": -4.95148144708e-09,
        "min": -3.79834972364e-08,
        "var": 3.44569164825e-17
    },
    "spectral_energy": {
        "dmean": 0.0139349270612,
        "dmean2": 0.0219117682427,
        "dvar": 0.000335666962201,
        "dvar2": 0.000781212525908,
        "max": 0.147562935948,
        "mean": 0.0282793007791,
        "median": 0.020298704505,
        "min": 0.00123724353034,
        "var": 0.000548189855181
    },
    "spectral_energyband_high": {
        "dmean": 0.000661047641188,
        "dmean2": 0.000918810430449,
        "dvar": 8.55647385833e-07,
        "dvar2": 1.96623977899e-06,
        "max": 0.0148119721562,
        "mean": 0.00138421950396,
        "median": 0.000788534991443,
        "min": 1.76061053025e-06,
        "var": 3.26628651237e-06
    },
    "spectral_energyband_low": {
        "dmean": 0.0088076191023,
        "dmean2": 0.0153293479234,
        "dvar": 0.00019785593031,
        "dvar2": 0.00055209978018,
        "max": 0.108805716038,
        "mean": 0.0117134079337,
        "median": 0.00672705937177,
        "min": 1.58276488946e-05,
        "var": 0.000196485183551
    },
    "spectral_energyband_middle_high": {
        "dmean": 0.00233941501938,
        "dmean2": 0.00336897373199,
        "dvar": 8.8226825028e-06,
        "dvar2": 1.91098006326e-05,
        "max": 0.0337016806006,
        "mean": 0.00523537071422,
        "median": 0.00369982561097,
        "min": 2.35515399254e-05,
        "var": 2.4462437068e-05
    },
    "spectral_energyband_middle_low": {
        "dmean": 0.00783218163997,
        "dmean2": 0.0123342433944,
        "dvar": 0.000145713944221,
        "dvar2": 0.000333581352606,
        "max": 0.116691894829,
        "mean": 0.0124530140311,
        "median": 0.00762374931946,
        "min": 5.86713795201e-05,
        "var": 0.00019001106557
    },
    "spectral_entropy": {
        "dmean": 0.175318002701,
        "dmean2": 0.240622594953,
        "dvar": 0.028213178739,
        "dvar2": 0.0532781295478,
        "max": 8.40795516968,
        "mean": 7.77321338654,
        "median": 7.82785987854,
        "min": 5.94816398621,
        "var": 0.0992572307587
    },
    "spectral_flux": {
        "dmean": 0.0337041541934,
        "dmean2": 0.0509245879948,
        "dvar": 0.00136618188117,
        "dvar2": 0.00279065663926,
        "max": 0.322213172913,
        "mean": 0.101419635117,
        "median": 0.0884034633636,
        "min": 0.0147708076984,
        "var": 0.0030297448393
    },
    "spectral_kurtosis": {
        "dmean": 1.47544288635,
        "dmean2": 2.38105297089,
        "dvar": 2.95238947868,
        "dvar2": 7.22452831268,
        "max": 29.7462234497,
        "mean": 3.07504677773,
        "median": 2.5324883461,
        "min": -0.656076431274,
        "var": 5.48304510117
    },
    "spectral_rms": {
        "dmean": 0.00119085086044,
        "dmean2": 0.00179920822848,
        "dvar": 1.61593800385e-06,
        "dvar2": 3.4089273413e-06,
        "max": 0.0119984932244,
        "mean": 0.00485181249678,
        "median": 0.00445012515411,
        "min": 0.00109866587445,
        "var": 4.04949332733e-06
    },
    "spectral_rolloff": {
        "dmean": 784.446472168,
        "dmean2": 1269.92529297,
        "dvar": 712020.1875,
        "dvar2": 1629850.125,
        "max": 8333.34960938,
        "mean": 1680.98815918,
        "median": 1313.52539062,
        "min": 86.1328125,
        "var": 1808895.25
    },
    "spectral_skewness": {
        "dmean": 0.229542255402,
        "dmean2": 0.35738542676,
        "dvar": 0.0496236421168,
        "dvar2": 0.108610652387,
        "max": 3.94994068146,
        "mean": 1.1294914484,
        "median": 1.09709250927,
        "min": -0.127015933394,
        "var": 0.140002459288
    },
    "spectral_spread": {
        "dmean": 575400.5,
        "dmean2": 779565.1875,
        "dvar": 311662018560,
        "dvar2": 620591710208,
        "max": 7749254,
        "mean": 4120548.25,
        "median": 4165632.75,
        "min": 1993615,
        "var": 1.00781372211e+12
    },
    "spectral_strongpeak": {
        "dmean": 0.424783289433,
        "dmean2": 0.718875229359,
        "dvar": 0.569815933704,
        "dvar2": 1.57584166527,
        "max": 11.1197595596,
        "mean": 0.58939486742,
        "median": 0.312301576138,
        "min": 0,
        "var": 0.647026896477
    },
    "zerocrossingrate": {
        "dmean": 0.0128238080069,
        "dmean2": 0.0154154663906,
        "dvar": 0.000129354782985,
        "dvar2": 0.000175064560608,
        "max": 0.20361328125,
        "mean": 0.0646978318691,
        "median": 0.0615234375,
        "min": 0.00732421875,
        "var": 0.000976052193437
    },
    "barkbands": {
        "dmean": [0.000386908126529, 0.00358493695967, 0.00422267382964, 0.00453350320458, 0.00233164196834, 0.000303570122924, 0.000747721816879, 0.00111948559061, 0.00133883219678, 0.000661331461743, 0.000402517005568, 0.000553153513465, 0.000473192427307, 0.000319911225233, 0.000271426717518, 0.000237744956394, 0.000246066018008, 0.000211086779018, 0.000231604935834, 0.000196827182663, 0.000193827479961, 0.000195024651475, 0.000126908431412, 9.02259489521e-05, 5.46565534023e-05, 1.57321064762e-05, 5.95261129277e-09],
        "dmean2": [0.000534325838089, 0.00603133393452, 0.0078307017684, 0.00736519740894, 0.00392567878589, 0.000503543182276, 0.00125643843785, 0.00189687777311, 0.00220708176494, 0.00106931489427, 0.000638097524643, 0.000873753393535, 0.000753787579015, 0.000540200970136, 0.000439319002908, 0.000396187184379, 0.000406806968385, 0.000341341888998, 0.000364752922906, 0.000310832663672, 0.000303786859149, 0.000302081840346, 0.000188022531802, 0.000126063037897, 7.96245294623e-05, 2.4912351364e-05, 1.00713632989e-08],
        "dvar": [4.33002327327e-07, 2.61802961177e-05, 7.49101527617e-05, 9.18127625482e-05, 1.57013582793e-05, 2.04069351639e-07, 2.85765167973e-06, 6.61478907205e-06, 1.10255114123e-05, 2.34806543631e-06, 8.05152069461e-07, 1.24122414036e-06, 1.05857884591e-06, 3.44276259057e-07, 2.13222094203e-07, 1.46850936744e-07, 1.2308289854e-07, 6.3573864395e-08, 8.5630922797e-08, 7.3670058498e-08, 1.03763468928e-07, 1.04349190622e-07, 4.2550269086e-08, 1.8348680797e-08, 6.98984115033e-09, 1.32833288813e-09, 2.89160615753e-15],
        "dvar2": [7.56477959385e-07, 7.17780130799e-05, 0.000217732813326, 0.000213069957681, 4.23031342507e-05, 5.44414206161e-07, 8.03678267403e-06, 1.70046969288e-05, 3.21124280163e-05, 5.84720646657e-06, 2.1067041871e-06, 2.92111189992e-06, 2.47127150033e-06, 9.12581072043e-07, 5.29772592017e-07, 3.97041077349e-07, 3.44374711858e-07, 1.64706065675e-07, 2.0569726189e-07, 1.90557045698e-07, 2.61868080997e-07, 2.3968382834e-07, 1.01095672278e-07, 3.93446804026e-08, 1.47649092952e-08, 3.36324057493e-09, 3.85211187357e-15],
        "max": [0.00551379472017, 0.048832770437, 0.0606182143092, 0.0942510068417, 0.0422560833395, 0.00621416885406, 0.0269554723054, 0.0323101207614, 0.044194933027, 0.022693535313, 0.0110869351774, 0.0131738418713, 0.0132353706285, 0.00834302324802, 0.00727676460519, 0.00466460315511, 0.00422326568514, 0.00257993186824, 0.00414569210261, 0.00502202147618, 0.00520066358149, 0.00430735852569, 0.00284229568206, 0.00201576086693, 0.00101310561877, 0.000739136186894, 1.76217884018e-06],
        "mean": [0.000484801217681, 0.00524539547041, 0.0036031533964, 0.00486914906651, 0.00312315393239, 0.000487159792101, 0.000878885679413, 0.00125079625286, 0.00152986228932, 0.000866884423885, 0.000530219112989, 0.000763683405239, 0.000617284735199, 0.000424931204179, 0.000396011106204, 0.000337492965627, 0.000427573744673, 0.000399462122004, 0.000490032718517, 0.000400300632464, 0.000344874570146, 0.000330042123096, 0.000224934556172, 0.000149880957906, 8.6207408458e-05, 1.71524043253e-05, 4.20283807756e-09],
        "median": [9.90347398329e-05, 0.00359675823711, 0.00139008054975, 0.00110976980068, 0.00202023680322, 0.00032883300446, 0.000250826386036, 0.000249355798587, 0.000357489625458, 0.000317816942697, 0.000198820809601, 0.000202275405172, 0.000150204097736, 0.000191787839867, 0.00022584432736, 0.000210142112337, 0.000326591602061, 0.000317955156788, 0.000359924830263, 0.000305929832393, 0.00016777930432, 0.000169788836502, 9.43246195675e-05, 6.33388699498e-05, 3.4070253605e-05, 3.46973138221e-06, 3.41644545987e-10],
        "min": [1.84697526606e-07, 2.74894728136e-06, 9.51987146891e-07, 2.71911085292e-06, 3.13294185617e-05, 1.69861641552e-06, 1.39848702929e-06, 6.48624677524e-07, 2.73823525276e-06, 2.79066489384e-06, 1.22704409478e-06, 2.20132073991e-06, 1.08539734356e-06, 5.03184196532e-07, 4.82327891405e-07, 6.17377452272e-07, 1.10544863219e-06, 8.53038898185e-07, 1.50402343024e-06, 5.62124341741e-07, 3.51048470293e-07, 1.42173831819e-07, 5.84236587997e-08, 5.85225923277e-10, 3.68845717857e-11, 8.44876252293e-12, 1.15913858373e-11],
        "var": [7.69778637277e-07, 3.32032832375e-05, 4.7804107453e-05, 0.000103750942799, 1.37221240948e-05, 2.84480591972e-07, 3.51906533069e-06, 8.85860208655e-06, 1.21844159366e-05, 3.61142406291e-06, 1.16020351015e-06, 2.31541230278e-06, 1.77984031779e-06, 4.13166617363e-07, 2.9838756177e-07, 1.70693667201e-07, 1.79421832058e-07, 1.27211777112e-07, 2.31779850424e-07, 1.63946850762e-07, 2.89931506359e-07, 2.43750065465e-07, 1.25319331801e-07, 5.0091998105e-08, 1.62359441447e-08, 1.36174738152e-09, 2.66503543206e-15]
    },
    "erbbands": {
        "dmean": [0.0867273882031, 0.927944779396, 4.05239248276, 10.9525794983, 11.8208465576, 7.06106519699, 3.41041517258, 2.62498617172, 7.40634965897, 19.6374053955, 21.9644203186, 29.4878826141, 24.4186573029, 19.5777931213, 16.2152328491, 23.4296169281, 20.8467102051, 15.6537923813, 15.0031108856, 11.8372001648, 13.0217561722, 13.2939977646, 11.1506633759, 10.6281118393, 11.4381361008, 9.33849143982, 8.62860774994, 7.90012359619, 7.6999464035, 5.26583003998, 2.8879404068, 2.11181688309, 1.45872986317, 0.820615410805, 0.316188216209, 0.0894935280085, 0.0287235099822, 0.00228721601889, 4.95819695061e-05, 1.77220535988e-05],
        "dmean2": [0.141011506319, 1.60851705074, 7.38278675079, 18.4468746185, 19.7862625122, 11.5880708694, 5.63852930069, 4.35411882401, 12.3200216293, 32.7238807678, 36.8725509644, 48.4859695435, 39.8276939392, 31.1396903992, 25.098865509, 37.1355400085, 31.974773407, 25.3069229126, 24.6904029846, 18.8236446381, 21.4578609467, 21.641708374, 18.0460357666, 16.6166725159, 17.6340866089, 14.5480880737, 13.8442630768, 12.4389877319, 12.0194892883, 7.9192609787, 4.22378873825, 2.96802997589, 2.13301873207, 1.21982753277, 0.463381826878, 0.137834042311, 0.0466715469956, 0.00389894004911, 7.84619769547e-05, 2.67250361503e-05],
        "dvar": [0.0206024255604, 1.76487898827, 54.6188697815, 516.950317383, 545.514709473, 100.452301025, 34.4753799438, 13.520234108, 377.281799316, 2497.51806641, 2607.64599609, 6392.859375, 5229.95751953, 2936.84838867, 1040.46838379, 2290.10961914, 1988.03869629, 891.024841309, 615.198364258, 453.995117188, 350.862121582, 346.444000244, 187.211685181, 171.754959106, 223.069442749, 209.797088623, 183.911239624, 215.830154419, 159.903137207, 76.7546920776, 20.5558624268, 11.1091003418, 4.77536487579, 1.75289344788, 0.22526538372, 0.0277553535998, 0.00540693942457, 6.53053648421e-05, 1.99974667936e-08, 5.41473532678e-10],
        "dvar2": [0.0523421540856, 4.91523742676, 158.149551392, 1298.13696289, 1385.82055664, 258.56652832, 89.2893371582, 37.9906158447, 1018.82629395, 6601.98974609, 6592.50488281, 20328.3144531, 13495.6806641, 7435.15478516, 2434.80053711, 5486.99804688, 4484.98925781, 2248.10693359, 1621.8927002, 1168.73620605, 934.309753418, 960.210083008, 479.718719482, 438.072479248, 558.926635742, 547.928283691, 469.435577393, 534.516418457, 378.429321289, 175.511505127, 49.3480453491, 23.8662910461, 10.4027147293, 3.83097648621, 0.478937238455, 0.0663951784372, 0.0141070205718, 0.000181700816029, 5.43497513661e-08, 1.20418397476e-09],
        "max": [1.99212419987, 13.4987192154, 51.6584205627, 181.557998657, 221.608734131, 83.6077957153, 102.878639221, 40.4313087463, 466.662414551, 830.517883301, 724.146179199, 1338.98986816, 1372.73352051, 986.617492676, 462.117645264, 567.344848633, 709.009521484, 498.105316162, 243.946594238, 269.708892822, 215.874923706, 213.647964478, 128.179199219, 140.618545532, 227.826156616, 320.830352783, 222.994262695, 245.286651611, 168.465545654, 126.520103455, 58.9892730713, 54.7000350952, 28.0409259796, 19.1098308563, 5.02830028534, 2.84714245796, 1.37935054302, 0.176099851727, 0.00305491825566, 0.000215277803363],
        "mean": [0.121488898993, 1.2659444809, 4.09945249557, 10.956946373, 13.8373842239, 10.2210941315, 5.34993362427, 4.35340356827, 9.17792892456, 23.707239151, 25.5909366608, 34.0072097778, 30.9314975739, 26.4047298431, 23.0239543915, 33.5341835022, 29.1962165833, 22.1737556458, 22.3496208191, 17.6043682098, 21.3013076782, 24.0699272156, 21.6902484894, 22.3852806091, 24.0867881775, 19.0394668579, 15.8969392776, 13.7409772873, 12.558470726, 9.44138336182, 5.00452232361, 3.47084164619, 2.29413723946, 1.26660275459, 0.478268265724, 0.113267809153, 0.0264915376902, 0.00183430383913, 5.95713208895e-05, 3.80359924748e-05],
        "median": [0.0509492307901, 0.887948274612, 2.21069312096, 2.5176346302, 5.88727760315, 6.36118125916, 3.68004274368, 2.98772001266, 3.26199126244, 5.197722435, 7.07504558563, 8.48046684265, 9.73181629181, 9.69588947296, 8.60037708282, 9.26003646851, 7.9183344841, 9.52807426453, 13.4608011246, 9.47686958313, 14.5594816208, 18.7991695404, 17.0751266479, 17.2322769165, 17.9657535553, 13.937743187, 9.28962612152, 6.11030864716, 6.32264661789, 4.08253383636, 2.30427980423, 1.60702192783, 0.989125430584, 0.512080609798, 0.183167502284, 0.0312383566052, 0.00314873247407, 0.000153264263645, 2.36071209656e-05, 2.70099917543e-05],
        "min": [0.000183431548066, 0.000347859866451, 0.00223653088324, 0.0166290216148, 0.10014783591, 0.0803234875202, 0.0300725009292, 0.0177889280021, 0.0138862291351, 0.0327962227166, 0.014645209536, 0.0576677955687, 0.103167571127, 0.055970210582, 0.0629194453359, 0.0813239216805, 0.0586681589484, 0.043118365109, 0.0760350599885, 0.0298290904611, 0.0360004343092, 0.0659861862659, 0.0563250444829, 0.0641372874379, 0.0623019933701, 0.0292938314378, 0.0210785456002, 0.0066106300801, 0.00452737929299, 0.00256822351366, 0.00187777646352, 0.000509248231538, 6.60101140966e-05, 2.07845332625e-05, 7.87367844168e-06, 2.12661825572e-06, 1.01105445083e-06, 1.3099840146e-07, 5.9779148387e-07, 1.35182676786e-06],
        "var": [0.0280833411962, 1.92969548702, 38.085319519, 498.672668457, 529.361083984, 125.979675293, 37.9732513428, 21.1015911102, 483.894287109, 4284.32470703, 2836.64086914, 6665.84863281, 6506.66845703, 4269.01611328, 1687.3861084, 4396.36328125, 3440.91601562, 1263.4753418, 787.084899902, 578.466796875, 506.181945801, 529.009460449, 368.645202637, 416.586486816, 566.224060059, 455.681549072, 463.574401855, 570.481933594, 359.829620361, 213.044281006, 55.2373428345, 28.9637470245, 11.4698915482, 3.84104847908, 0.518937110901, 0.0417611859739, 0.00447458866984, 4.2579285946e-05, 1.54711798928e-08, 1.00602104425e-09]
    },
    "gfcc": {
        "mean": [7.11425924301, 100.761329651, -131.853057861, 58.505027771, -59.8202209473, 20.6011180878, -31.5704975128, 10.7002410889, -24.7088680267, -6.08156394958, -14.5713443756, -9.58479595184, -7.04400110245],
        "cov": [[4494.61767578, -2098.47143555, 349.401397705, -119.14352417, -427.893371582, 763.683410645, -310.144439697, 404.460540771, -302.910705566, 313.429870605, -553.430358887, 100.16960907, -486.212738037], [-2098.47143555, 1590.18505859, -258.23147583, -40.8912010193, 354.548370361, -423.146057129, 296.342071533, -260.33770752, 228.290252686, -191.928131104, 348.261566162, -130.134094238, 239.479675293], [349.401397705, -258.23147583, 551.764709473, 30.2982177734, 27.7713127136, 183.693328857, -108.941101074, 69.1836547852, -98.9783630371, 40.627368927, -90.7684326172, 55.2198219299, -67.0356063843], [-119.14352417, -40.8912010193, 30.2982177734, 307.883728027, 26.3892345428, 3.3063519001, -22.9233341217, -31.8375282288, 36.756187439, -54.362701416, 17.9565296173, -16.2831954956, 72.7813796997], [-427.893371582, 354.548370361, 27.7713127136, 26.3892345428, 252.369537354, -67.9890594482, 73.0329742432, -48.0928153992, 16.86236763, -46.0453987122, 39.9001693726, -7.3757982254, 40.69090271], [763.683410645, -423.146057129, 183.693328857, 3.3063519001, -67.9890594482, 323.481048584, -14.1358327866, 110.068145752, -92.0941085815, 14.1844987869, -85.0405044556, 22.9897384644, -64.547454834], [-310.144439697, 296.342071533, -108.941101074, -22.9233341217, 73.0329742432, -14.1358327866, 214.642944336, -10.1034288406, 43.8916854858, -64.7900619507, 60.5629119873, -7.06944417953, 35.4968147278], [404.460540771, -260.33770752, 69.1836547852, -31.8375282288, -48.0928153992, 110.068145752, -10.1034288406, 160.347381592, -15.6100578308, 58.5277061462, -49.1750488281, 23.4040317535, -34.7041244507], [-302.910705566, 228.290252686, -98.9783630371, 36.756187439, 16.86236763, -92.0941085815, 43.8916854858, -15.6100578308, 136.093902588, 7.26043176651, 79.0444335938, -45.0619163513, 41.1551971436], [313.429870605, -191.928131104, 40.627368927, -54.362701416, -46.0453987122, 14.1844987869, -64.7900619507, 58.5277061462, 7.26043176651, 121.617958069, -29.0743217468, 21.4488811493, -57.5975532532], [-553.430358887, 348.261566162, -90.7684326172, 17.9565296173, 39.9001693726, -85.0405044556, 60.5629119873, -49.1750488281, 79.0444335938, -29.0743217468, 154.844894409, -21.6628952026, 78.2185516357], [100.16960907, -130.134094238, 55.2198219299, -16.2831954956, -7.3757982254, 22.9897384644, -7.06944417953, 23.4040317535, -45.0619163513, 21.4488811493, -21.6628952026, 87.5220718384, -7.37455320358], [-486.212738037, 239.479675293, -67.0356063843, 72.7813796997, 40.69090271, -64.547454834, 35.4968147278, -34.7041244507, 41.1551971436, -57.5975532532, 78.2185516357, -7.37455320358, 123.988510132]],
        "icov": [[0.00101812370121, 5.9877998865e-05, 0.000639834324829, -0.000341772480169, 0.000242476569838, -0.00171788118314, 0.000474569882499, -0.000298748025671, -0.000184556920431, -0.000883862434421, 0.00157682481222, -0.000284239766188, 0.00186904903967], [5.9877998865e-05, 0.00883044395596, -0.0029133327771, 0.00519722141325, -0.00536996498704, 0.00529714953154, -0.0055941324681, 0.00457016238943, -0.00291894562542, 0.00328238378279, -0.00770093686879, 0.00760903581977, -0.00624167826027], [0.000639834324829, -0.0029133327771, 0.00444396864623, -0.00230450788513, 0.000516959407832, -0.00443468056619, 0.00394371384755, -0.00207255710848, 0.00102069950663, -0.00142614461947, 0.00339483097196, -0.00413652509451, 0.00431505497545], [-0.000341772480169, 0.00519722141325, -0.00230450788513, 0.00804759934545, -0.00361776072532, 0.00251759006642, -0.00174483377486, 0.00366270099767, -0.00494910031557, 0.00447868416086, -0.00351017690264, 0.00386575516313, -0.00715816300362], [0.000242476569838, -0.00536996498704, 0.000516959407832, -0.00361776072532, 0.00891969166696, -0.00202933116816, 0.000955818570219, -0.00214896909893, 0.0027654946316, -0.00240874034353, 0.00509285181761, -0.00376396602951, 0.00339340115897], [-0.00171788118314, 0.00529714953154, -0.00443468056619, 0.00251759006642, -0.00202933116816, 0.0129512036219, -0.00617818534374, -0.000436251313658, 0.00267558614723, 0.00422408059239, -0.00794610194862, 0.00708402507007, -0.00528004765511], [0.000474569882499, -0.0055941324681, 0.00394371384755, -0.00174483377486, 0.000955818570219, -0.00617818534374, 0.0132325217128, -0.0048192855902, -0.00281027820893, 0.0042741955258, 0.00389941805042, -0.00854330416769, 0.0071052853018], [-0.000298748025671, 0.00457016238943, -0.00207255710848, 0.00366270099767, -0.00214896909893, -0.000436251313658, -0.0048192855902, 0.01405807212, -0.00367262936197, -0.00373440864496, -0.00113902043086, 0.00305601535365, -0.00709191896021], [-0.000184556920431, -0.00291894562542, 0.00102069950663, -0.00494910031557, 0.0027654946316, 0.00267558614723, -0.00281027820893, -0.00367262936197, 0.0203782487661, -0.00863235536963, -0.00363652291708, 0.00634384667501, 0.000530253630131], [-0.000883862434421, 0.00328238378279, -0.00142614461947, 0.00447868416086, -0.00240874034353, 0.00422408059239, 0.0042741955258, -0.00373440864496, -0.00863235536963, 0.0226179938763, -0.00584606686607, -0.00340961106122, 0.00437221908942], [0.00157682481222, -0.00770093686879, 0.00339483097196, -0.00351017690264, 0.00509285181761, -0.00794610194862, 0.00389941805042, -0.00113902043086, -0.00363652291708, -0.00584606686607, 0.0234876889735, -0.007460817229, 0.000940495403484], [-0.000284239766188, 0.00760903581977, -0.00413652509451, 0.00386575516313, -0.00376396602951, 0.00708402507007, -0.00854330416769, 0.00305601535365, 0.00634384667501, -0.00340961106122, -0.007460817229, 0.024151429534, -0.00963892228901], [0.00186904903967, -0.00624167826027, 0.00431505497545, -0.00715816300362, 0.00339340115897, -0.00528004765511, 0.0071052853018, -0.00709191896021, 0.000530253630131, 0.00437221908942, 0.000940495403484, -0.00963892228901, 0.0267918799073]]
    },
    "melbands": {
        "dmean": [0.000864040164743, 0.00176917284261, 0.00191473669838, 0.000641618855298, 0.000152387816343, 6.02921063546e-05, 0.000119936099509, 0.000224869014346, 0.000182812669664, 0.000191570696188, 0.000120811186207, 8.10468482086e-05, 5.37353298569e-05, 6.03928856435e-05, 6.46707994747e-05, 4.00814060413e-05, 3.01198160741e-05, 2.60101387539e-05, 2.01031343749e-05, 1.53044766193e-05, 1.66727277247e-05, 1.50234673129e-05, 1.23097852338e-05, 1.00954603113e-05, 9.02127067093e-06, 1.08389949673e-05, 6.7937185122e-06, 6.8494991865e-06, 6.11482391832e-06, 4.54274822914e-06, 5.00551095683e-06, 5.21086349181e-06, 3.0173059713e-06, 3.28694886775e-06, 1.72922830188e-06, 1.5963827309e-06, 1.24442726701e-06, 1.17074614536e-06, 8.0590473317e-07, 7.0468740887e-07],
        "dmean2": [0.00142742332537, 0.00318120792508, 0.00321155739948, 0.00106628041249, 0.00024785255664, 9.99671101454e-05, 0.000200330294319, 0.000375259114662, 0.000306138565065, 0.000316242600093, 0.000197444314836, 0.000129330306663, 8.47488336149e-05, 9.50869580265e-05, 0.000101829558844, 6.23558007646e-05, 4.97502696817e-05, 4.3485131755e-05, 3.22542400681e-05, 2.55683662544e-05, 2.76257087535e-05, 2.48973956332e-05, 2.01255643333e-05, 1.65433448274e-05, 1.43017750815e-05, 1.7324464352e-05, 1.06449733721e-05, 1.09194515971e-05, 1.00278984974e-05, 7.20734396964e-06, 8.00632460596e-06, 8.28888005344e-06, 4.73865702588e-06, 5.09316350872e-06, 2.63547963186e-06, 2.33132163885e-06, 1.81590769444e-06, 1.77185233952e-06, 1.18120010484e-06, 1.07143489458e-06],
        "dvar": [1.64831499205e-06, 8.88333488547e-06, 1.46317706822e-05, 1.22007384107e-06, 5.24809600222e-08, 7.30642568669e-09, 8.39125036123e-08, 3.13117936912e-07, 1.79170513093e-07, 2.74842079762e-07, 1.26375368836e-07, 5.11533997383e-08, 1.19027205869e-08, 1.75318852769e-08, 1.75514518475e-08, 9.20154974438e-09, 3.2460720778e-09, 1.8968147053e-09, 1.37983413584e-09, 8.71696381743e-10, 5.1743215268e-10, 4.57806348386e-10, 2.55448662223e-10, 1.55984725136e-10, 1.30511906837e-10, 2.96471375227e-10, 6.16152337485e-11, 1.39145917011e-10, 8.97013366363e-11, 5.69095395808e-11, 8.97441912451e-11, 8.1518916617e-11, 2.07480317649e-11, 4.24910662211e-11, 9.04125645879e-12, 6.32157564143e-12, 4.04518996425e-12, 3.29645707432e-12, 1.48240057382e-12, 1.49230660381e-12],
        "dvar2": [4.37049948232e-06, 2.56044750131e-05, 3.56047603418e-05, 3.17086301038e-06, 1.37331625183e-07, 2.04716954499e-08, 2.29358263937e-07, 8.19400099772e-07, 4.57475778148e-07, 8.51233437515e-07, 3.25830285419e-07, 1.28193633486e-07, 2.94445019478e-08, 4.28257926899e-08, 4.30267377283e-08, 2.15826965189e-08, 8.39175928746e-09, 5.12105247097e-09, 3.38496386476e-09, 2.37307440365e-09, 1.38417388662e-09, 1.27228072522e-09, 6.71471100944e-10, 4.27501700706e-10, 3.39004851968e-10, 7.62923058062e-10, 1.53084919741e-10, 3.67544689128e-10, 2.37965341876e-10, 1.45371992222e-10, 2.27174903888e-10, 1.93823776473e-10, 4.96333911471e-11, 1.00713777595e-10, 2.29501018884e-11, 1.50569244572e-11, 8.68115388603e-12, 7.78054964207e-12, 3.21246523306e-12, 3.40509434885e-12],
        "max": [0.0150967705995, 0.0200933218002, 0.0342977456748, 0.010514694266, 0.00325197307393, 0.000840397085994, 0.00646558823064, 0.00872988719493, 0.00615250039846, 0.00823569484055, 0.00671045901254, 0.00416025379673, 0.00139788514934, 0.00175778893754, 0.00165922683664, 0.00143039447721, 0.000879762170371, 0.000384570535971, 0.000677730655298, 0.000355151598342, 0.000261557928752, 0.000283273635432, 0.000144648627611, 0.000122164274217, 0.000125403777929, 0.00027298060013, 9.29464222281e-05, 0.000263424386503, 0.00015599381004, 0.00013864171342, 0.000157951508299, 0.000123015255667, 4.79922782688e-05, 0.000104793332866, 4.03918347729e-05, 2.88948886009e-05, 3.69236731785e-05, 2.29579691222e-05, 1.75754412339e-05, 1.83555730473e-05],
        "mean": [0.00128860701807, 0.00204695481807, 0.0020650671795, 0.00084378576139, 0.000246203504503, 9.71115223365e-05, 0.000146890684846, 0.000268373347353, 0.00021130782261, 0.000217941982555, 0.000149804138346, 0.000105757389974, 7.25380668882e-05, 8.15600069473e-05, 8.79662547959e-05, 5.22640693816e-05, 3.98810734623e-05, 3.58704128303e-05, 2.89605395665e-05, 2.01397670025e-05, 2.65230592049e-05, 2.57414103544e-05, 2.10315247386e-05, 1.84178061318e-05, 1.73056814674e-05, 2.09963145608e-05, 1.30109019665e-05, 1.27223565869e-05, 1.0624225979e-05, 7.89046589489e-06, 7.97919983597e-06, 8.10901747172e-06, 4.77302000945e-06, 5.62654895475e-06, 2.74696412816e-06, 2.46981539931e-06, 1.91989397536e-06, 1.69322117927e-06, 1.23087113479e-06, 1.01588170764e-06],
        "median": [0.000749038241338, 0.00130228209309, 0.000584847992286, 0.000518560118508, 0.000170013881871, 6.63361861371e-05, 5.13951963512e-05, 5.60249645787e-05, 5.25167160959e-05, 5.25505529367e-05, 4.57497080788e-05, 3.65402593161e-05, 2.71867884294e-05, 2.23936622206e-05, 2.17449505726e-05, 1.42718126881e-05, 1.63686927408e-05, 2.03099552891e-05, 1.59038791026e-05, 1.03032680272e-05, 1.79428207048e-05, 1.95518477994e-05, 1.61887201102e-05, 1.46575594044e-05, 1.31914284793e-05, 1.38509913086e-05, 9.94541824184e-06, 9.02977899386e-06, 6.47484557703e-06, 3.85986049878e-06, 3.25189421346e-06, 3.54763938049e-06, 2.32111597143e-06, 2.05390870178e-06, 1.11425208615e-06, 1.12018540221e-06, 8.09694654436e-07, 6.94889422448e-07, 4.92825734e-07, 3.7900807115e-07],
        "min": [1.57088209107e-06, 4.99515920183e-07, 2.94735900752e-06, 8.22443962534e-06, 1.34968934162e-06, 3.43300030181e-07, 2.39021687776e-07, 1.96295587784e-07, 1.16254909699e-07, 4.16296728645e-07, 5.59849297588e-07, 2.05496718308e-07, 1.9111239169e-07, 1.80501615432e-07, 1.09373317514e-07, 9.01676600051e-08, 4.43543548556e-08, 9.99200935325e-08, 4.06491231786e-08, 3.66278420927e-08, 4.38783906986e-08, 6.5203153099e-08, 6.61438050997e-08, 3.87361680509e-08, 5.45530518536e-08, 4.58213804677e-08, 2.07203090241e-08, 1.73493024391e-08, 1.48557530721e-08, 3.60638097163e-09, 2.07066164215e-09, 2.03310657199e-09, 2.27806484787e-09, 9.23572718303e-10, 2.99067354215e-10, 1.7396449949e-12, 1.17856072124e-12, 3.06882622612e-12, 4.63099502322e-13, 3.38343800676e-13],
