{
"highlevel": {
    "danceability": {
        "all": {
            "danceable": 0.996882140636,
            "not_danceable": 0.00311786704697
        },
        "probability": 0.996882140636,
        "value": "danceable"
    },
    "gender": {
        "all": {
            "female": 0.00806492380798,
            "male": 0.991935074329
        },
        "probability": 0.991935074329,
        "value": "male"
    },
    "genre_dortmund": {
        "all": {
            "alternative": 0.35176679492,
            "blues": 0.0139726120979,
            "electronic": 0.0244178883731,
            "folkcountry": 0.0671832039952,
            "funksoulrnb": 0.00810320489109,
            "jazz": 0.0177067127079,
            "pop": 0.101519323885,
            "raphiphop": 0.0336575098336,
            "rock": 0.381672769785
        },
        "probability": 0.381672769785,
        "value": "rock"
    },
    "genre_electronic": {
        "all": {
            "ambient": 0.237440168858,
            "dnb": 0.0798391848803,
            "house": 0.203348606825,
            "techno": 0.0218978188932,
            "trance": 0.45747423172
        },
        "probability": 0.45747423172,
        "value": "trance"
    },
    "genre_rosamerica": {
        "all": {
            "cla": 0.0114331776276,
            "dan": 0.410237580538,
            "hip": 0.121977202594,
            "jaz": 0.0154707804322,
            "pop": 0.0904609411955,
            "rhy": 0.244308933616,
            "roc": 0.0951838642359,
            "spe": 0.0109275327995
        },
        "probability": 0.410237580538,
        "value": "dan"
    },
    "genre_tzanetakis": {
        "all": {
            "blu": 0.0626613423228,
            "cla": 0.0348169617355,
            "cou": 0.104475811124,
            "dis": 0.0784321576357,
            "hip": 0.15692435205,
            "jaz": 0.313974827528,
            "met": 0.0448166541755,
            "pop": 0.0627359300852,
            "reg": 0.0627360641956,
            "roc": 0.0784258767962
        },
        "probability": 0.313974827528,
        "value": "jaz"
    },
    "ismir04_rhythm": {
        "all": {
            "ChaChaCha": 0.538879036903,
            "Jive": 0.0636934489012,
            "Quickstep": 0.0207630861551,
            "Rumba-American": 0.0253639686853,
            "Rumba-International": 0.0412116162479,
            "Rumba-Misc": 0.0180762223899,
            "Samba": 0.13285535574,
            "Tango": 0.0434370748699,
            "VienneseWaltz": 0.104826249182,
            "Waltz": 0.0108939381316
        },
        "probability": 0.538879036903,
        "value": "ChaChaCha"
    },
    "mood_acoustic": {
        "all": {
            "acoustic": 0.251595050097,
            "not_acoustic": 0.748404979706
        },
        "probability": 0.748404979706,
        "value": "not_acoustic"
    },
    "mood_aggressive": {
        "all": {
            "aggressive": 0.518914997578,
            "not_aggressive": 0.481085002422
        },
        "probability": 0.518914997578,
        "value": "aggressive"
    },
    "mood_electronic": {
        "all": {
            "electronic": 0.540977478027,
            "not_electronic": 0.45902249217
        },
        "probability": 0.540977478027,
        "value": "electronic"
    },
    "mood_happy": {
        "all": {
            "happy": 0.539181351662,
            "not_happy": 0.460818648338
        },
        "probability": 0.539181351662,
        "value": "happy"
    },
    "mood_party": {
        "all": {
            "not_party": 0.465545743704,
            "party": 0.534454226494
        },
        "probability": 0.534454226494,
        "value": "party"
    },
    "mood_relaxed": {
        "all": {
            "not_relaxed": 0.94651055336,
            "relaxed": 0.053489420563
        },
        "probability": 0.94651055336,
        "value": "not_relaxed"
    },
    "mood_sad": {
        "all": {
            "not_sad": 0.590630233288,
            "sad": 0.409369766712
        },
        "probability": 0.590630233288,
        "value": "not_sad"
    },
    "moods_mirex": {
        "all": {
            "Cluster1": 0.216726154089,
            "Cluster2": 0.116271324456,
            "Cluster3": 0.53010737896,
            "Cluster4": 0.0792004540563,
            "Cluster5": 0.0576946735382
        },
        "probability": 0.53010737896,
        "value": "Cluster3"
    },
    "timbre": {
        "all": {
            "bright": 0.963222503662,
            "dark": 0.0367775186896
        },
        "probability": 0.963222503662,
        "value": "bright"
    },
    "tonal_atonal": {
        "all": {
            "atonal": 0.00108254712541,
            "tonal": 0.998917460442
        },
        "probability": 0.998917460442,
        "value": "tonal"
    },
    "voice_instrumental": {
        "all": {
            "instrumental": 0.0064337933436,
            "voice": 0.993566215038
        },
        "probability": 0.993566215038,
        "value": "voice"
    }
},
"lowlevel": {
    "average_loudness": 0.948598504066,
    "barkbands_crest": {
        "dmean": 3.053606987,
        "dmean2": 4.67104673386,
        "dvar": 9.45011997223,
        "dvar2": 19.7522354126,
        "max": 25.6144390106,
        "mean": 11.2118673325,
        "median": 10.3432064056,
        "min": 3.26294708252,
        "var": 21.2227592468
    },
    "barkbands_flatness_db": {
        "dmean": 0.0320391319692,
        "dmean2": 0.0471046902239,
        "dvar": 0.00103351590224,
        "dvar2": 0.0024077584967,
        "max": 0.372125774622,
        "mean": 0.155959323049,
        "median": 0.148514032364,
        "min": 0.0441448949277,
        "var": 0.00282021705061
    },
    "barkbands_kurtosis": {
        "dmean": 6.49629116058,
        "dmean2": 9.89785861969,
        "dvar": 165.245025635,
        "dvar2": 339.568450928,
        "max": 185.699478149,
        "mean": 9.06988430023,
        "median": 4.13011884689,
        "min": -1.93610680103,
        "var": 295.55670166
    },
    "barkbands_skewness": {
        "dmean": 0.847071230412,
        "dmean2": 1.26167798042,
        "dvar": 0.969760656357,
        "dvar2": 2.12487602234,
        "max": 10.9652042389,
        "mean": 2.26029014587,
        "median": 1.95424044132,
        "min": -1.3318157196,
        "var": 2.54027366638
    },
    "barkbands_spread": {
        "dmean": 10.016374588,
        "dmean2": 15.1781187057,
        "dvar": 159.295898438,
        "dvar2": 362.692352295,
        "max": 99.2625045776,
        "mean": 24.1103057861,
        "median": 17.7542190552,
        "min": 0.7249122262,
        "var": 385.213043213
    },
    "dissonance": {
        "dmean": 0.0182474236935,
        "dmean2": 0.0298435296863,
        "dvar": 0.000320494582411,
        "dvar2": 0.00080308545148,
        "max": 0.499437689781,
        "mean": 0.459975749254,
        "median": 0.467057079077,
        "min": 0.337516903877,
        "var": 0.000777165754698
    },
    "dynamic_complexity": 1.8748716116,
    "erbbands_crest": {
        "dmean": 2.51196694374,
        "dmean2": 4.0129570961,
        "dvar": 6.06443881989,
        "dvar2": 14.9825372696,
        "max": 27.7265739441,
        "mean": 8.13568496704,
        "median": 7.25339269638,
        "min": 2.17029857635,
        "var": 15.2305202484
    },
    "erbbands_flatness_db": {
        "dmean": 0.020366627723,
        "dmean2": 0.0289572868496,
        "dvar": 0.000333998323185,
        "dvar2": 0.000655411917251,
        "max": 0.256514102221,
        "mean": 0.12394670397,
        "median": 0.122997187078,
        "min": 0.0573320612311,
        "var": 0.00108958641067
    },
    "erbbands_kurtosis": {
        "dmean": 0.916137039661,
        "dmean2": 1.43989861012,
        "dvar": 1.49309039116,
        "dvar2": 3.61192202568,
        "max": 14.0266170502,
        "mean": 0.399780094624,
        "median": -0.163084983826,
        "min": -1.78636741638,
        "var": 3.05091238022
    },
    "erbbands_skewness": {
        "dmean": 0.413104981184,
        "dmean2": 0.623739778996,
        "dvar": 0.164500162005,
        "dvar2": 0.356847822666,
        "max": 3.43899846077,
        "mean": 0.276996076107,
        "median": 0.360452145338,
        "min": -3.23061656952,
        "var": 0.679891526699
    },
    "erbbands_spread": {
        "dmean": 12.90513134,
        "dmean2": 19.3620090485,
        "dvar": 171.857543945,
        "dvar2": 405.735870361,
        "max": 167.541519165,
        "mean": 50.7442779541,
        "median": 47.0241737366,
        "min": 6.92095136642,
        "var": 519.745910645
    },
    "hfc": {
        "dmean": 11.3875875473,
        "dmean2": 16.4872188568,
        "dvar": 244.157165527,
        "dvar2": 516.559570312,
        "max": 191.842269897,
        "mean": 30.3237876892,
        "median": 23.9760475159,
        "min": 1.28477907181,
        "var": 721.699279785
    },
    "melbands_crest": {
        "dmean": 3.61106324196,
        "dmean2": 5.41907835007,
        "dvar": 11.5976314545,
        "dvar2": 26.3987827301,
        "max": 32.0966186523,
        "mean": 16.3541507721,
        "median": 15.8666820526,
        "min": 4.17293930054,
        "var": 31.0948143005
    },
    "melbands_flatness_db": {
        "dmean": 0.0400854535401,
        "dmean2": 0.0585696399212,
        "dvar": 0.00176647759508,
        "dvar2": 0.00415365118533,
        "max": 0.50118380785,
        "mean": 0.222023546696,
        "median": 0.21308670938,
        "min": 0.0375633202493,
        "var": 0.00520071014762
    },
    "melbands_kurtosis": {
        "dmean": 17.2965545654,
        "dmean2": 27.4032669067,
        "dvar": 937.632080078,
        "dvar2": 2240.84204102,
        "max": 415.513641357,
        "mean": 27.9725017548,
        "median": 15.1618728638,
        "min": -1.59914958477,
        "var": 1424.6472168
    },
    "melbands_skewness": {
        "dmean": 1.19076514244,
        "dmean2": 1.80038189888,
        "dvar": 1.98051786423,
        "dvar2": 4.5902504921,
        "max": 17.884103775,
        "mean": 3.8481938839,
        "median": 3.46223735809,
        "min": -0.644738793373,
        "var": 4.92062234879
    },
    "melbands_spread": {
        "dmean": 8.66604328156,
        "dmean2": 13.322936058,
        "dvar": 184.985855103,
        "dvar2": 432.140869141,
        "max": 169.937316895,
        "mean": 19.2477893829,
        "median": 14.2063837051,
        "min": 0.614736914635,
        "var": 394.124603271
    },
    "pitch_salience": {
        "dmean": 0.0895043611526,
        "dmean2": 0.139119565487,
        "dvar": 0.00878079421818,
        "dvar2": 0.0205315705389,
        "max": 0.808979094028,
        "mean": 0.512633919716,
        "median": 0.522494256496,
        "min": 0.121947795153,
        "var": 0.016499131918
    },
    "silence_rate_20dB": {
        "dmean": 0,
        "dmean2": 0,
        "dvar": 0,
        "dvar2": 0,
        "max": 1,
        "mean": 1,
        "median": 1,
        "min": 1,
        "var": 0
    },
    "silence_rate_30dB": {
        "dmean": 0.111455105245,
        "dmean2": 0.223082885146,
        "dvar": 0.0990319028497,
        "dvar2": 0.196552693844,
        "max": 1,
        "mean": 0.876256763935,
        "median": 1,
        "min": 0,
        "var": 0.108431234956
    },
    "silence_rate_60dB": {
        "dmean": 0.00154798757285,
        "dmean2": 0.00309837330133,
        "dvar": 0.00154557975475,
        "dvar2": 0.00308871339075,
        "max": 1,
        "mean": 0.00154679035768,
        "median": 0,
        "min": 0,
        "var": 0.00154438975733
    },
    "spectral_centroid": {
        "dmean": 352.322692871,
        "dmean2": 538.509887695,
        "dvar": 179557.609375,
        "dvar2": 423939.125,
        "max": 4598.83007812,
        "mean": 1222.43713379,
        "median": 1031.83789062,
        "min": 185.65234375,
        "var": 520968.46875
    },
    "spectral_complexity": {
        "dmean": 4.63467502594,
        "dmean2": 7.03253269196,
        "dvar": 28.973285675,
        "dvar2": 58.7316627502,
        "max": 60,
        "mean": 20.3619480133,
        "median": 20,
        "min": 3,
        "var": 85.2872543335
    },
    "spectral_decrease": {
        "dmean": 5.69078562052e-09,
        "dmean2": 8.25332513443e-09,
        "dvar": 6.77457943831e-17,
        "dvar2": 1.32797997524e-16,
        "max": -5.95838600681e-10,
        "mean": -1.31619062316e-08,
        "median": -8.90447360291e-09,
        "min": -6.74408155987e-08,
        "var": 1.31010969764e-16
    },
    "spectral_energy": {
        "dmean": 0.0218556020409,
        "dmean2": 0.0314589329064,
        "dvar": 0.000965262646787,
        "dvar2": 0.00187347875908,
        "max": 0.25708091259,
        "mean": 0.0524265430868,
        "median": 0.0365128405392,
        "min": 0.0026713158004,
        "var": 0.00191601878032
    },
    "spectral_energyband_high": {
        "dmean": 0.00107912626117,
        "dmean2": 0.00159906840418,
        "dvar": 3.26317672261e-06,
        "dvar2": 5.91153684582e-06,
        "max": 0.023080246523,
        "mean": 0.00199155253358,
        "median": 0.000673234579153,
        "min": 4.48317905466e-06,
        "var": 1.10054506877e-05
    },
    "spectral_energyband_low": {
        "dmean": 0.0196526888758,
        "dmean2": 0.0295666214079,
        "dvar": 0.00104770506732,
        "dvar2": 0.00215111090802,
        "max": 0.247199550271,
        "mean": 0.0320597477257,
        "median": 0.0139147443697,
        "min": 1.97730387299e-05,
        "var": 0.00165059685241
    },
    "spectral_energyband_middle_high": {
        "dmean": 0.00189905089792,
        "dmean2": 0.00300001702271,
        "dvar": 6.14118016529e-06,
        "dvar2": 1.59225364769e-05,
        "max": 0.0280978363007,
        "mean": 0.00479027163237,
        "median": 0.00355162727647,
        "min": 8.48831041367e-05,
        "var": 1.91875424207e-05
    },
    "spectral_energyband_middle_low": {
        "dmean": 0.00778270931914,
        "dmean2": 0.0133520876989,
        "dvar": 0.000153431887156,
        "dvar2": 0.000437699403847,
        "max": 0.112957648933,
        "mean": 0.0158777292818,
        "median": 0.0122572639957,
        "min": 0.000399299169658,
        "var": 0.000154178109369
    },
    "spectral_entropy": {
        "dmean": 0.264892816544,
        "dmean2": 0.386112213135,
        "dvar": 0.0916372165084,
        "dvar2": 0.195844069123,
        "max": 8.72073554993,
        "mean": 7.58714675903,
        "median": 7.58505868912,
        "min": 5.9117898941,
        "var": 0.250089883804
    },
    "spectral_flux": {
        "dmean": 0.0495941005647,
        "dmean2": 0.0690538957715,
        "dvar": 0.00334909674712,
        "dvar2": 0.00649116979912,
        "max": 0.528439104557,
        "mean": 0.117779910564,
        "median": 0.0911438912153,
        "min": 0.0105701750144,
        "var": 0.00712992157787
    },
    "spectral_kurtosis": {
        "dmean": 1.48093891144,
        "dmean2": 2.30112195015,
        "dvar": 3.29116535187,
        "dvar2": 7.867166996,
        "max": 20.2109184265,
        "mean": 3.57236838341,
        "median": 3.35106515884,
        "min": -0.934675216675,
        "var": 6.04242563248
    },
    "spectral_rms": {
        "dmean": 0.00135219027288,
        "dmean2": 0.00188541214447,
        "dvar": 2.7798262181e-06,
        "dvar2": 5.09339724886e-06,
        "max": 0.0158370025456,
        "mean": 0.00664087897167,
        "median": 0.00596844078973,
        "min": 0.0016143610701,
        "var": 7.04660487827e-06
    },
    "spectral_rolloff": {
        "dmean": 769.263671875,
        "dmean2": 1328.65515137,
        "dvar": 2240090,
        "dvar2": 5108866.5,
        "max": 10142.1386719,
        "mean": 1354.46044922,
        "median": 624.462890625,
        "min": 64.599609375,
        "var": 3693395
    },
    "spectral_skewness": {
        "dmean": 0.269522100687,
        "dmean2": 0.397126883268,
        "dvar": 0.083112500608,
        "dvar2": 0.170949742198,
        "max": 3.88924789429,
        "mean": 1.51880717278,
        "median": 1.55483973026,
        "min": -0.0354577116668,
        "var": 0.30620726943
    },
    "spectral_spread": {
        "dmean": 1048465.625,
        "dmean2": 1540651,
        "dvar": 1.24085967258e+12,
        "dvar2": 2.60600050483e+12,
        "max": 11439833,
        "mean": 5796382,
        "median": 5477270,
        "min": 2574005.25,
        "var": 2.65010806784e+12
    },
    "spectral_strongpeak": {
        "dmean": 0.400018662214,
        "dmean2": 0.699325144291,
        "dvar": 0.572594940662,
        "dvar2": 1.45159041882,
        "max": 7.10516834259,
        "mean": 0.736880779266,
        "median": 0.517967402935,
        "min": 0,
        "var": 0.655066847801
    },
    "zerocrossingrate": {
        "dmean": 0.0178173519671,
        "dmean2": 0.0217767395079,
        "dvar": 0.00035266415216,
        "dvar2": 0.000425110541983,
        "max": 0.283203125,
        "mean": 0.0611990503967,
        "median": 0.05029296875,
        "min": 0.00341796875,
        "var": 0.00188326719217
    },
    "barkbands": {
        "dmean": [0.00049937563017, 0.013295118697, 0.009287298657, 0.00389810162596, 0.0025971531868, 0.000822934496682, 0.000928833847865, 0.00121861696243, 0.00105607090518, 0.000489936559461, 0.000420383614255, 0.000506407057401, 0.000300294777844, 0.000362502061762, 0.000217361317482, 0.000150184714585, 0.000214339612285, 0.000166666504811, 0.000128409548779, 0.000184399425052, 0.000222540096729, 0.000257769657765, 0.000212735394598, 0.000206047057873, 0.000207265489735, 0.000112447378342, 6.08912813505e-08],
        "dmean2": [0.000794846448116, 0.0196814015508, 0.0167330652475, 0.00715665426105, 0.00447176350281, 0.00132495525759, 0.00139021291398, 0.00189607532229, 0.00160557427444, 0.000777462497354, 0.000655308773275, 0.000779905007221, 0.000470004277304, 0.00059633271303, 0.000353837443981, 0.000240332461544, 0.000362734572263, 0.000271347293165, 0.000204059499083, 0.000290382013191, 0.000339131744113, 0.000403729762184, 0.000315004348522, 0.000309725437546, 0.000339509453624, 0.000176670466317, 1.06156107904e-07],
        "dvar": [8.5794476945e-07, 0.000687553430907, 0.000392747402657, 7.43434939068e-05, 2.04403877433e-05, 1.87688010556e-06, 3.77496530746e-06, 8.22831952974e-06, 6.40214648229e-06, 1.47153343732e-06, 7.79398078521e-07, 9.59343424256e-07, 4.31289180369e-07, 4.28590482215e-07, 1.85463377989e-07, 5.8262820346e-08, 1.24257468315e-07, 7.49217008433e-08, 4.27571897887e-08, 1.15124692002e-07, 1.94646830209e-07, 2.71948096042e-07, 2.23548127565e-07, 2.20581625854e-07, 1.28653240949e-07, 3.83915370605e-08, 5.51077026622e-14],
        "dvar2": [2.17452361539e-06, 0.00128906650934, 0.00107649213169, 0.000213344435906, 5.92183459958e-05, 4.42609371021e-06, 9.23638526729e-06, 1.81261675607e-05, 1.43262259371e-05, 3.62082028005e-06, 1.8094248162e-06, 2.29447482525e-06, 9.98504447125e-07, 1.01440241451e-06, 4.58043075469e-07, 1.26574335013e-07, 3.30399700488e-07, 1.91577910869e-07, 1.04523721234e-07, 2.91440272804e-07, 4.35592056647e-07, 6.04888327871e-07, 4.08048293821e-07, 4.12988754306e-07, 3.14467627049e-07, 8.46733669846e-08, 1.36662775822e-13],
        "max": [0.00928922090679, 0.237601429224, 0.112283393741, 0.0625610277057, 0.0548823066056, 0.0234037153423, 0.0247278958559, 0.0574306361377, 0.0463829487562, 0.0214045643806, 0.0118136750534, 0.0138294361532, 0.0121345482767, 0.0129596348852, 0.00889940280467, 0.00463258381933, 0.00451194355264, 0.00251558306627, 0.00258764112368, 0.00523005984724, 0.00651423539966, 0.0111983958632, 0.00702347420156, 0.00819881539792, 0.00364852650091, 0.0025831728708, 3.57855628863e-06],
        "mean": [0.000559309206437, 0.019738541916, 0.00953188724816, 0.00416336627677, 0.00456858659163, 0.00129444873892, 0.00172914634459, 0.00200242223218, 0.0019992524758, 0.000712922483217, 0.00066223583417, 0.000841853790917, 0.000490897742566, 0.000606432731729, 0.000319830171065, 0.000256674044067, 0.00030269837589, 0.000269700394711, 0.000214391708141, 0.000324036052916, 0.000387480860809, 0.000371260044631, 0.000350615504431, 0.000342154351529, 0.00024320743978, 0.000143181299791, 4.24431689794e-08],
        "median": [0.000164165248862, 0.00689984718338, 0.00373021676205, 0.00217383913696, 0.00324874650687, 0.000578716164455, 0.000625553191639, 0.000592589960434, 0.000633715302683, 0.000247902644332, 0.000276090198895, 0.000299943931168, 0.000206435041036, 0.00025979601196, 0.000147914586705, 0.000133545530844, 0.000159017930855, 0.00016195756325, 0.000110764725832, 0.000154209817993, 0.000143598139402, 7.28814047761e-05, 7.26433863747e-05, 8.29737618915e-05, 0.000102585661807, 3.56116543117e-05, 1.16458487298e-09],
        "min": [2.27436814271e-07, 2.57284978034e-06, 1.6114184973e-06, 4.82876021124e-06, 2.43626182055e-05, 7.86798409536e-06, 7.15412170393e-06, 1.00506053968e-06, 2.94222422781e-06, 3.32024939098e-07, 2.12704421187e-07, 5.48010746115e-07, 5.21868912529e-07, 1.37218228247e-06, 4.44973295544e-07, 4.45376883818e-07, 1.71692533968e-07, 9.04224179976e-07, 3.79923932314e-07, 2.14304392898e-07, 6.8690644639e-07, 4.32839897258e-07, 6.62194963752e-07, 1.41541804055e-07, 1.10627320282e-06, 7.59743934431e-11, 1.02707989683e-11],
        "var": [1.04557079794e-06, 0.00105439219624, 0.000281406886643, 4.90256097692e-05, 1.93632040464e-05, 4.17247156292e-06, 8.80831976247e-06, 2.08987603401e-05, 1.60136078193e-05, 2.82232167592e-06, 1.47500134062e-06, 2.62132994067e-06, 9.6552901141e-07, 1.33733635721e-06, 3.66255733297e-07, 1.79166264047e-07, 1.93721234609e-07, 1.05525224114e-07, 8.73749286256e-08, 2.40838147647e-07, 4.851652875e-07, 6.51281084174e-07, 6.66540188377e-07, 6.54860969007e-07, 1.57221251129e-07, 6.75646631976e-08, 4.32599783903e-14]
    },
    "erbbands": {
        "dmean": [0.406868487597, 3.24704837799, 9.61777496338, 12.3849077225, 9.93020343781, 8.90044403076, 7.72310352325, 6.09797811508, 9.36283779144, 19.3149051666, 30.1188926697, 19.3501930237, 16.6764278412, 16.4235496521, 12.4792709351, 17.3723049164, 13.4038724899, 17.4031486511, 12.3544597626, 10.8856706619, 9.33001613617, 12.6021413803, 9.23194408417, 6.50633478165, 7.94902896881, 8.02516937256, 7.97227239609, 9.4098815918, 9.07754325867, 6.4347743988, 6.35609912872, 4.83355903625, 3.41507411003, 2.71595644951, 1.41763651371, 0.673146188259, 0.177308544517, 0.014897803776, 0.00027929485077, 3.29077374772e-05],
        "dmean2": [0.536339461803, 4.98148393631, 17.1461868286, 22.2511463165, 17.5684375763, 15.3110580444, 12.6626014709, 9.86209106445, 13.5720586777, 29.6612243652, 46.4472389221, 30.0246334076, 25.2990894318, 25.8870601654, 19.9004631042, 27.1086788177, 20.3465480804, 28.6441383362, 20.0952663422, 17.8117618561, 15.0407218933, 21.0577926636, 14.9030513763, 10.6819896698, 12.8405427933, 12.634428978, 12.4336748123, 14.2033462524, 14.2780256271, 9.42989444733, 9.46688365936, 7.14323854446, 5.29233407974, 4.41004133224, 2.29850459099, 1.06986355782, 0.274175703526, 0.0228847898543, 0.000424853496952, 4.6109809773e-05],
        "dvar": [0.746106922626, 40.1516418457, 388.041748047, 748.502929688, 382.581451416, 210.949523926, 143.248458862, 131.578033447, 448.875762939, 1544.08581543, 4981.10742188, 2407.45751953, 1059.00195312, 1099.72131348, 590.488220215, 1100.35498047, 589.694885254, 1181.19689941, 475.477172852, 572.409667969, 242.201171875, 379.993103027, 198.392227173, 160.133682251, 192.279678345, 205.347137451, 219.202056885, 413.061096191, 323.625518799, 183.959396362, 203.515701294, 137.72428894, 60.2252311707, 23.5393257141, 5.95356798172, 1.4418888092, 0.113733053207, 0.000781607581303, 2.42675838535e-07, 1.64583446871e-09],
        "dvar2": [1.23451185226, 91.0336761475, 1054.76025391, 2087.46240234, 1097.42077637, 618.612548828, 346.762451172, 324.89239502, 989.332702637, 3770.84692383, 12091.640625, 5194.64355469, 2285.45043945, 2643.52856445, 1501.70397949, 2524.03564453, 1300.94360352, 2732.80834961, 1192.05358887, 1438.1628418, 549.295837402, 996.59588623, 496.124603271, 427.752471924, 484.705474854, 502.243988037, 542.575866699, 848.029907227, 723.521911621, 309.678253174, 381.517883301, 239.722793579, 139.568481445, 60.8308906555, 14.061917305, 3.27518677711, 0.250170230865, 0.00163288565818, 5.06898516051e-07, 2.91359558702e-09],
        "max": [10.6177616119, 55.5971183777, 120.639541626, 184.157226562, 198.942840576, 163.266159058, 158.679321289, 254.737640381, 420.662384033, 590.011108398, 1079.70336914, 1183.12023926, 557.479614258, 422.949890137, 394.324981689, 499.548858643, 476.539703369, 790.033630371, 292.050933838, 582.100708008, 322.310852051, 227.681137085, 138.506790161, 118.125762939, 193.619979858, 217.944915771, 215.390594482, 400.684692383, 326.701782227, 292.761962891, 245.898910522, 201.156005859, 147.830871582, 49.0802230835, 26.9217472076, 15.7021417618, 5.70318984985, 0.596094965935, 0.0099865347147, 0.000481983064674],
        "mean": [0.50813639164, 4.59772729874, 11.506608963, 12.8022193909, 14.9796934128, 15.2287511826, 11.8427305222, 10.1111345291, 17.1162586212, 36.6483383179, 53.2860298157, 35.6769180298, 28.5711135864, 27.8858394623, 20.7613048553, 30.8842926025, 25.5058422089, 30.5354404449, 19.5077571869, 16.9993991852, 16.2248744965, 19.4539489746, 15.5070486069, 10.7897415161, 13.3952684402, 15.0294647217, 14.5605888367, 15.8459978104, 13.3348436356, 10.5899209976, 10.1892004013, 8.34165000916, 5.00351667404, 3.05054068565, 1.6434224844, 0.762968420982, 0.236910387874, 0.0196779239923, 0.000407729850849, 8.30356802908e-05],
        "median": [0.0951638072729, 1.82859516144, 6.66205453873, 5.71204519272, 10.6922397614, 11.1610765457, 5.26123762131, 4.78348207474, 7.49523544312, 12.4645719528, 14.832285881, 12.5329341888, 13.3719015121, 10.3730239868, 11.1774196625, 11.5295448303, 11.0242242813, 13.5390262604, 9.489610672, 8.56310081482, 8.65175628662, 11.1424446106, 9.95189571381, 6.43593120575, 6.60681533813, 7.08449840546, 6.84454011917, 4.15754890442, 2.64052414894, 2.37257623672, 2.0925784111, 1.85583364964, 1.28343248367, 1.19958770275, 0.729022920132, 0.199706837535, 0.0572881028056, 0.00478879082948, 0.000131702137878, 6.028774078e-05],
        "min": [4.35540678154e-05, 0.000918940000702, 0.00524333352223, 0.09844173491, 0.112357452512, 0.0764928013086, 0.175252795219, 0.0842160210013, 0.145596861839, 0.132648199797, 0.0744272470474, 0.0932082086802, 0.020397817716, 0.0365023724735, 0.0499954223633, 0.0953871011734, 0.117936752737, 0.114769637585, 0.0784071311355, 0.0915561467409, 0.100379288197, 0.0863958150148, 0.0648676529527, 0.0246282946318, 0.0166191663593, 0.0109423594549, 0.0240256562829, 0.0308183450252, 0.0202876627445, 0.0116011258215, 0.0184204485267, 0.00738388020545, 0.00227856473066, 0.017829503864, 0.00365895079449, 0.00037998627522, 2.77131402981e-05, 3.55113365913e-06, 6.21645222054e-06, 3.99640475734e-06],
        "var": [1.24444329739, 49.5005836487, 293.160766602, 501.805114746, 282.752471924, 211.644485474, 271.101593018, 305.042144775, 960.331787109, 4099.90527344, 11698.9052734, 5493.30615234, 2505.31738281, 2352.61108398, 987.787780762, 3353.87304688, 1882.63452148, 3948.4284668, 893.315368652, 1105.31713867, 744.516723633, 668.64239502, 334.6612854, 195.039260864, 401.640899658, 472.828308105, 535.673461914, 1049.42333984, 816.019897461, 554.344116211, 589.123535156, 429.054656982, 130.473327637, 27.9414329529, 7.27393054962, 2.00743317604, 0.234271764755, 0.0017423692625, 5.56240763672e-07, 4.31735935891e-09]
    },
    "gfcc": {
        "mean": [37.8061027527, 82.6365661621, -90.7703170776, 40.4899253845, -56.1258163452, 26.3656730652, -37.9301795959, 16.2017669678, -28.5368995667, 6.33016681671, -21.6999931335, -3.16417360306, -14.8331480026],
        "cov": [[2662.55102539, -793.08203125, -232.293945312, 16.1415214539, -285.401519775, 20.0145568848, 75.5651702881, 126.703330994, -23.3215065002, 123.145462036, -102.843421936, 121.984909058, -122.651329041], [-793.08203125, 1185.72583008, -217.65637207, -206.949356079, 263.122039795, -23.74177742, 93.2304840088, 70.9791488647, 89.1979064941, -65.5130310059, 164.541946411, -130.484924316, 125.152053833], [-232.293945312, -217.65637207, 582.585388184, 180.962249756, 107.602279663, 128.417480469, -17.5606842041, -14.8820009232, -8.36521434784, 4.74938392639, -55.7078971863, 62.0642280579, -20.30991745], [16.1415214539, -206.949356079, 180.962249756, 406.567352295, 58.6299705505, 1.80254900455, -23.8710231781, -53.9183731079, 62.099029541, -13.5646114349, -31.0398006439, 15.3347988129, 28.7822589874], [-285.401519775, 263.122039795, 107.602279663, 58.6299705505, 269.340698242, 50.7897148132, 27.4617214203, 27.7017288208, 20.9130115509, -16.9569034576, 18.2800807953, -15.1139392853, 28.1425304413], [20.0145568848, -23.74177742, 128.417480469, 1.80254900455, 50.7897148132, 169.198852539, 63.6253700256, 6.77307844162, -6.22662591934, 6.35592889786, 15.2131023407, 3.95107030869, -12.2340707779], [75.5651702881, 93.2304840088, -17.5606842041, -23.8710231781, 27.4617214203, 63.6253700256, 171.009643555, 42.729133606, 8.24381351471, 2.52390789986, 33.7909660339, -6.88193798065, -14.8268690109], [126.703330994, 70.9791488647, -14.8820009232, -53.9183731079, 27.7017288208, 6.77307844162, 42.729133606, 118.408706665, 37.1024742126, 17.4044761658, 13.5728054047, 7.65421056747, 6.32970476151], [-23.3215065002, 89.1979064941, -8.36521434784, 62.099029541, 20.9130115509, -6.22662591934, 8.24381351471, 37.1024742126, 135.618621826, 25.5385665894, 26.0468940735, -7.52103233337, 29.9203414917], [123.145462036, -65.5130310059, 4.74938392639, -13.5646114349, -16.9569034576, 6.35592889786, 2.52390789986, 17.4044761658, 25.5385665894, 88.2560577393, 13.4422245026, 5.36593675613, -17.6082324982], [-102.843421936, 164.541946411, -55.7078971863, -31.0398006439, 18.2800807953, 15.2131023407, 33.7909660339, 13.5728054047, 26.0468940735, 13.4422245026, 89.8486862183, -0.146298959851, 19.6545772552], [121.984909058, -130.484924316, 62.0642280579, 15.3347988129, -15.1139392853, 3.95107030869, -6.88193798065, 7.65421056747, -7.52103233337, 5.36593675613, -0.146298959851, 91.7415008545, 10.5366840363], [-122.651329041, 125.152053833, -20.30991745, 28.7822589874, 28.1425304413, -12.2340707779, -14.8268690109, 6.32970476151, 29.9203414917, -17.6082324982, 19.6545772552, 10.5366840363, 94.8274993896]],
        "icov": [[0.000758679525461, 8.92712268978e-05, 0.00081257277634, -0.000560307700653, 0.000493468192872, -0.000730974017642, -0.000122992525576, -0.00111632805783, 0.000305127905449, -0.000810281257145, 0.00113854929805, -0.00114350148942, 0.000666439998895], [8.92712268978e-05, 0.0040679173544, -0.000341463106452, 0.00275782006793, -0.00337844528258, 0.00221527949907, -0.00139918189961, 0.000484201766085, -0.00191251270007, 0.00279117934406, -0.0049295341596, 0.0047146556899, -0.00350656663068], [0.00081257277634, -0.000341463106452, 0.00419437466189, -0.00207511615008, -0.000121646437037, -0.00358267058618, 0.00101582927164, -0.00148082897067, 0.000729508406948, -0.0015349626774, 0.00347605603747, -0.00380291044712, 0.00204828754067], [-0.000560307700653, 0.00275782006793, -0.00207511615008, 0.0063405316323, -0.00332517037168, 0.00303762545809, -0.00157830945682, 0.00392536213621, -0.00421506073326, 0.00302737415768, -0.00302628567442, 0.00379199534655, -0.00376544822939], [0.000493468192872, -0.00337844528258, -0.000121646437037, -0.00332517037168, 0.00814710278064, -0.00304347230121, 0.000948212633375, -0.00283942022361, 0.00217790016904, -0.00196260819212, 0.00364887085743, -0.00298760668375, 0.00213163485751], [-0.000730974017642, 0.00221527949907, -0.00358267058618, 0.00303762545809, -0.00304347230121, 0.0114567801356, -0.00413752021268, 0.00247636879794, -0.00106534617953, 0.00189244514331, -0.00558965979144, 0.00462518678978, -0.00265720230527], [-0.000122992525576, -0.00139918189961, 0.00101582927164, -0.00157830945682, 0.000948212633375, -0.00413752021268, 0.00912043638527, -0.0032386125531, 0.00102031463757, 0.000282018416328, -0.000986248138361, -0.00127315660939, 0.00328748510219], [-0.00111632805783, 0.000484201766085, -0.00148082897067, 0.00392536213621, -0.00283942022361, 0.00247636879794, -0.0032386125531, 0.0143416197971, -0.00499738799408, 0.00022626054124, -0.000623986008577, 0.000331413582899, -0.0021817155648], [0.000305127905449, -0.00191251270007, 0.000729508406948, -0.00421506073326, 0.00217790016904, -0.00106534617953, 0.00102031463757, -0.00499738799408, 0.0126001583412, -0.00487992074341, 0.000206204800634, -0.000606857473031, -0.000793409533799], [-0.000810281257145, 0.00279117934406, -0.0015349626774, 0.00302737415768, -0.00196260819212, 0.00189244514331, 0.000282018416328, 0.00022626054124, -0.00487992074341, 0.0169392731041, -0.00726324785501, 0.00369943422265, 0.00065568194259], [0.00113854929805, -0.0049295341596, 0.00347605603747, -0.00302628567442, 0.00364887085743, -0.00558965979144, -0.000986248138361, -0.000623986008577, 0.000206204800634, -0.00726324785501, 0.0237187501043, -0.00935102626681, 0.00243416405283], [-0.00114350148942, 0.0047146556899, -0.00380291044712, 0.00379199534655, -0.00298760668375, 0.00462518678978, -0.00127315660939, 0.000331413582899, -0.000606857473031, 0.00369943422265, -0.00935102626681, 0.0208778902888, -0.00790789816529], [0.000666439998895, -0.00350656663068, 0.00204828754067, -0.00376544822939, 0.00213163485751, -0.00265720230527, 0.00328748510219, -0.0021817155648, -0.000793409533799, 0.00065568194259, 0.00243416405283, -0.00790789816529, 0.0180474258959]]
    },
    "melbands": {
        "dmean": [0.00355738750659, 0.00459118746221, 0.0020625567995, 0.000657020776998, 0.000282476656139, 0.000142858785694, 0.0001524137042, 0.000225812356803, 0.000251364079304, 0.000119747608551, 8.74238612596e-05, 7.04285557731e-05, 4.9456335546e-05, 4.55241024611e-05, 5.17055232194e-05, 3.14231947414e-05, 3.3802989492e-05, 2.33986920648e-05, 1.66804493347e-05, 1.12666866698e-05, 1.16894862003e-05, 1.50726473294e-05, 9.58118744165e-06, 7.8935026977e-06, 5.37225787411e-06, 5.3539606597e-06, 7.37402979212e-06, 5.23570724908e-06, 5.06785136167e-06, 5.10912514073e-06, 6.16186389379e-06, 5.58345118407e-06, 4.69496808364e-06, 3.36817629432e-06, 3.66969197785e-06, 3.90407922168e-06, 2.92205254482e-06, 2.534948635e-06, 2.12709369407e-06, 2.4803866836e-06],
        "dmean2": [0.00507255550474, 0.00761174736544, 0.00368167227134, 0.00114384584595, 0.000467505626148, 0.000229929079069, 0.000224548173719, 0.000346494576661, 0.000387044710806, 0.000182974879863, 0.000133660869324, 0.000110902605229, 7.77848035796e-05, 7.31354302843e-05, 7.78702305979e-05, 5.00299029227e-05, 5.57120547455e-05, 3.86084684578e-05, 2.70869149972e-05, 1.82890908036e-05, 1.94770291273e-05, 2.54609713011e-05, 1.55527068273e-05, 1.26750883283e-05, 8.98315647646e-06, 8.46850707603e-06, 1.22271085274e-05, 8.15962266643e-06, 7.92820446804e-06, 7.89306886873e-06, 9.4989718491e-06, 9.07253161131e-06, 7.39114966564e-06, 4.90661250296e-06, 5.6338444665e-06, 5.90618856222e-06, 4.27894019595e-06, 3.96694304072e-06, 3.44740624314e-06, 4.08883670389e-06],
        "dvar": [5.33220227226e-05, 7.05502607161e-05, 1.94184940483e-05, 1.38575933306e-06, 1.80047948106e-07, 6.30339798136e-08, 1.0371353909e-07, 1.9615436031e-07, 3.51040341684e-07, 8.08899258686e-08, 3.05811376222e-08, 2.14440962765e-08, 1.16809841799e-08, 1.09797513304e-08, 1.46328886785e-08, 4.61224969328e-09, 5.11536057957e-09, 1.95637617217e-09, 1.00312069762e-09, 4.83429019038e-10, 4.34771024738e-10, 6.18518458673e-10, 2.48133874559e-10, 1.78282416607e-10, 1.15211951091e-10, 7.95713356316e-11, 2.50794163215e-10, 7.82152329015e-11, 8.25812751515e-11, 1.08593710413e-10, 1.90215745932e-10, 1.27470548006e-10, 1.42001119197e-10, 5.85175310985e-11, 7.35801211627e-11, 9.18999598643e-11, 5.23389040441e-11, 3.49958881318e-11, 2.05245265228e-11, 1.92739105925e-11],
        "dvar2": [8.81801533978e-05, 0.0001839435281, 5.41894296475e-05, 4.00469753004e-06, 4.73921716093e-07, 1.53434328354e-07, 2.39520005607e-07, 4.43414364781e-07, 8.89069951882e-07, 1.71016495187e-07, 6.66076545031e-08, 5.26928509714e-08, 2.90282589077e-08, 3.00986116031e-08, 3.32386989044e-08, 1.02970441063e-08, 1.18764731383e-08, 4.94649921023e-09, 2.33546249007e-09, 1.18860121745e-09, 1.01419561638e-09, 1.67708391619e-09, 6.17621120913e-10, 4.47896997269e-10, 3.10848263796e-10, 1.93969673656e-10, 6.7285288452e-10, 1.87567655852e-10, 2.00118768778e-10, 2.57975502072e-10, 4.05993322294e-10, 3.07229353069e-10, 3.25918653177e-10, 9.4086689828e-11, 1.41184883229e-10, 1.91667889893e-10, 9.74886629757e-11, 8.40496075516e-11, 5.02054856022e-11, 5.03623115433e-11],
        "max": [0.0787378251553, 0.06082457304, 0.0306623484939, 0.0145279513672, 0.00488301552832, 0.00533621152863, 0.00566127244383, 0.00746247405186, 0.00737002911046, 0.0064088194631, 0.00272163609043, 0.0018012059154, 0.00182730902452, 0.00181854097173, 0.00203439220786, 0.00147117720917, 0.00161578971893, 0.000610114075243, 0.000652240705676, 0.000477635767311, 0.000437008042354, 0.000253019039519, 0.000312376738293, 0.000140344011015, 9.85363367363e-05, 0.000106833715108, 0.000208109981031, 0.000140708303661, 0.000157756847329, 0.000167294507264, 0.00028171192389, 0.000142463002703, 0.000340216181939, 0.000163838820299, 0.000140158721479, 0.00013915738964, 0.000117154850159, 0.000115201342851, 6.10321294516e-05, 4.34204739577e-05],
        "mean": [0.00502513023093, 0.00622783834115, 0.0023336072918, 0.00112632883247, 0.000456233043224, 0.000238320848439, 0.000279545056401, 0.000417057250161, 0.000450152205303, 0.000217592154513, 0.000143895929796, 0.000114533744636, 7.87145982031e-05, 6.93449692335e-05, 9.14706906769e-05, 5.0684564485e-05, 5.71359742025e-05, 3.345211735e-05, 2.42766072915e-05, 1.79566013685e-05, 1.78547743417e-05, 2.07070988836e-05, 1.53629825945e-05, 1.22473193187e-05, 8.11364407127e-06, 8.68402185006e-06, 1.13988953672e-05, 9.38903394854e-06, 9.02458214114e-06, 8.69416726346e-06, 9.53488415689e-06, 7.85426436778e-06, 6.48461536912e-06, 5.58472447665e-06, 5.72454246139e-06, 5.90829722569e-06, 4.75410524814e-06, 3.61057846021e-06, 2.69768452199e-06, 2.564624765e-06],
        "median": [0.00143458764069, 0.00339340348728, 0.00126533885486, 0.000804899842478, 0.00025408048532, 0.000114288472105, 0.000121722529002, 0.000137785638799, 0.000102856130979, 7.86422024248e-05, 6.30826980341e-05, 4.16751354351e-05, 3.80835408578e-05, 2.72402849077e-05, 2.55160612141e-05, 2.18642144318e-05, 2.31071499002e-05, 1.43673350976e-05, 1.09348420665e-05, 8.95689390745e-06, 8.80843890627e-06, 1.02989706647e-05, 9.48798151512e-06, 7.29652720111e-06, 4.57747637483e-06, 4.37766993855e-06, 5.03836508869e-06, 4.21081085733e-06, 4.22105313191e-06, 3.15833335662e-06, 1.9549213448e-06, 1.40797237691e-06, 1.47602327161e-06, 1.21190453228e-06, 1.14621900593e-06, 1.24762391351e-06, 1.09762731881e-06, 9.48085187247e-07, 7.4831314123e-07, 1.05613128198e-06],
        "min": [8.08757363302e-07, 1.48007814005e-06, 1.83447864401e-05, 9.58289274422e-06, 4.8499159675e-06, 1.34013077968e-06, 1.49765878632e-06, 7.27392830413e-07, 4.94971232001e-07, 4.22026857905e-07, 4.85496585156e-08, 1.17998553151e-07, 4.52040076482e-08, 1.70785213527e-07, 6.56230341178e-08, 1.03402591378e-07, 1.63547269949e-07, 7.16335506468e-08, 3.13278079034e-08, 1.55090873477e-08, 4.54287523155e-08, 8.63258264872e-09, 5.3354582974e-08, 4.51725163941e-08, 1.68136651268e-08, 1.49084851131e-08, 1.01844381817e-08, 4.40867164997e-09, 1.2190216836e-08, 1.08462243631e-08, 1.44179654882e-08, 6.28599083896e-09, 6.38838448808e-09, 8.42211911323e-10, 1.00680441761e-08, 6.3887046764e-09, 6.72272237878e-10, 8.60565438354e-11, 2.33208763412e-09, 1.96686178455e-09],
