{
"highlevel": {
    "danceability": {
        "all": {
            "danceable": 0.0709084421396,
            "not_danceable": 0.929091572762
        },
        "probability": 0.929091572762,
        "value": "not_danceable"
    },
    "gender": {
        "all": {
            "female": 0.129387497902,
            "male": 0.870612502098
        },
        "probability": 0.870612502098,
        "value": "male"
    },
    "genre_dortmund": {
        "all": {
            "alternative": 0.124923281372,
            "blues": 0.0792197585106,
            "electronic": 0.0564029216766,
            "folkcountry": 0.526140093803,
            "funksoulrnb": 0.0159446336329,
            "jazz": 0.0796268507838,
            "pop": 0.0568735748529,
            "raphiphop": 0.00651894183829,
            "rock": 0.0543499663472
        },
        "probability": 0.526140093803,
        "value": "folkcountry"
    },
    "genre_electronic": {
        "all": {
            "ambient": 0.89885866642,
            "dnb": 0.0149474553764,
            "house": 0.0679680854082,
            "techno": 0.00670018745586,
            "trance": 0.0115255899727
        },
        "probability": 0.89885866642,
        "value": "ambient"
    },
    "genre_rosamerica": {
        "all": {
            "cla": 0.596247136593,
            "dan": 0.00802730210125,
            "hip": 0.00866597704589,
            "jaz": 0.127893894911,
            "pop": 0.0657163858414,
            "rhy": 0.163563326001,
            "roc": 0.00986557547003,
            "spe": 0.0200203917921
        },
        "probability": 0.596247136593,
        "value": "cla"
    },
    "genre_tzanetakis": {
        "all": {
            "blu": 0.0626541376114,
            "cla": 0.0348133966327,
            "cou": 0.0783501937985,
            "dis": 0.104547761381,
            "hip": 0.15693578124,
            "jaz": 0.313987255096,
            "met": 0.044816005975,
            "pop": 0.0627349764109,
            "reg": 0.0627352520823,
            "roc": 0.0784252434969
        },
        "probability": 0.313987255096,
        "value": "jaz"
    },
    "ismir04_rhythm": {
        "all": {
            "ChaChaCha": 0.078474573791,
            "Jive": 0.0216508470476,
            "Quickstep": 0.0388829931617,
            "Rumba-American": 0.113326363266,
            "Rumba-International": 0.0585927627981,
            "Rumba-Misc": 0.0230110976845,
            "Samba": 0.0221464727074,
            "Tango": 0.500371456146,
            "VienneseWaltz": 0.0607159808278,
            "Waltz": 0.0828274339437
        },
        "probability": 0.500371456146,
        "value": "Tango"
    },
    "mood_acoustic": {
        "all": {
            "acoustic": 0.894408941269,
            "not_acoustic": 0.105591073632
        },
        "probability": 0.894408941269,
        "value": "acoustic"
    },
    "mood_aggressive": {
        "all": {
            "aggressive": 0.00576838385314,
            "not_aggressive": 0.994231641293
        },
        "probability": 0.994231641293,
        "value": "not_aggressive"
    },
    "mood_electronic": {
        "all": {
            "electronic": 0.177600234747,
            "not_electronic": 0.822399795055
        },
        "probability": 0.822399795055,
        "value": "not_electronic"
    },
    "mood_happy": {
        "all": {
            "happy": 0.573922216892,
            "not_happy": 0.426077783108
        },
        "probability": 0.573922216892,
        "value": "happy"
    },
    "mood_party": {
        "all": {
            "not_party": 0.96793448925,
            "party": 0.0320654846728
        },
        "probability": 0.96793448925,
        "value": "not_party"
    },
    "mood_relaxed": {
        "all": {
            "not_relaxed": 0.140575692058,
            "relaxed": 0.859424293041
        },
        "probability": 0.859424293041,
        "value": "relaxed"
    },
    "mood_sad": {
        "all": {
            "not_sad": 0.147447451949,
            "sad": 0.85255253315
        },
        "probability": 0.85255253315,
        "value": "sad"
    },
    "moods_mirex": {
        "all": {
            "Cluster1": 0.179030016065,
            "Cluster2": 0.382265925407,
            "Cluster3": 0.186276897788,
            "Cluster4": 0.220048606396,
            "Cluster5": 0.0323785580695
        },
        "probability": 0.382265925407,
        "value": "Cluster2"
    },
    "timbre": {
        "all": {
            "bright": 0.98818641901,
            "dark": 0.0118135884404
        },
        "probability": 0.98818641901,
        "value": "bright"
    },
    "tonal_atonal": {
        "all": {
            "atonal": 0.0119896344841,
            "tonal": 0.988010346889
        },
        "probability": 0.988010346889,
        "value": "tonal"
    },
    "voice_instrumental": {
        "all": {
            "instrumental": 0.0376861616969,
            "voice": 0.962313830853
        },
        "probability": 0.962313830853,
        "value": "voice"
    }
},
"lowlevel": {
    "average_loudness": 0.949914991856,
    "barkbands_crest": {
        "dmean": 2.57863473892,
        "dmean2": 4.13056373596,
        "dvar": 5.64946126938,
        "dvar2": 12.5555915833,
        "max": 24.8559780121,
        "mean": 10.7770586014,
        "median": 9.86955356598,
        "min": 3.9530081749,
        "var": 16.8479652405
    },
    "barkbands_flatness_db": {
        "dmean": 0.0314014554024,
        "dmean2": 0.0443846508861,
        "dvar": 0.000793925486505,
        "dvar2": 0.00155322719365,
        "max": 0.475562542677,
        "mean": 0.208783492446,
        "median": 0.205782234669,
        "min": 0.0782690867782,
        "var": 0.00257834652439
    },
    "barkbands_kurtosis": {
        "dmean": 4.61359739304,
        "dmean2": 6.78147172928,
        "dvar": 67.6940841675,
        "dvar2": 138.074707031,
        "max": 129.203613281,
        "mean": 6.5966925621,
        "median": 3.0399312973,
        "min": -1.76751792431,
        "var": 141.775100708
    },
    "barkbands_skewness": {
        "dmean": 0.674636900425,
        "dmean2": 0.979903876781,
        "dvar": 0.45838072896,
        "dvar2": 0.930099010468,
        "max": 8.82519435883,
        "mean": 1.74675738811,
        "median": 1.58472526073,
        "min": -2.5536096096,
        "var": 1.67287552357
    },
    "barkbands_spread": {
        "dmean": 4.60766792297,
        "dmean2": 7.23160505295,
        "dvar": 41.0902557373,
        "dvar2": 94.8170776367,
        "max": 84.1985626221,
        "mean": 12.5062456131,
        "median": 10.3252544403,
        "min": 0.478074014187,
        "var": 84.3361358643
    },
    "dissonance": {
        "dmean": 0.0310512781143,
        "dmean2": 0.0488613918424,
        "dvar": 0.00073658983456,
        "dvar2": 0.00176901009399,
        "max": 0.498995393515,
        "mean": 0.426116585732,
        "median": 0.433334499598,
        "min": 0.222689479589,
        "var": 0.00183210219257
    },
    "dynamic_complexity": 2.00599932671,
    "erbbands_crest": {
        "dmean": 3.0174574852,
        "dmean2": 4.79725551605,
        "dvar": 7.31367301941,
        "dvar2": 17.6356544495,
        "max": 25.0918693542,
        "mean": 11.3778791428,
        "median": 10.7523078918,
        "min": 3.74943685532,
        "var": 17.6414966583
    },
    "erbbands_flatness_db": {
        "dmean": 0.0339234247804,
        "dmean2": 0.0476461239159,
        "dvar": 0.000807357253507,
        "dvar2": 0.00175981945358,
        "max": 0.397985070944,
        "mean": 0.225610926747,
        "median": 0.228830054402,
        "min": 0.0880873575807,
        "var": 0.00195839442313
    },
    "erbbands_kurtosis": {
        "dmean": 1.72742950916,
        "dmean2": 2.53831768036,
        "dvar": 8.25600910187,
        "dvar2": 16.0233688354,
        "max": 65.4773712158,
        "mean": 1.5187163353,
        "median": 0.527728796005,
        "min": -1.88225018978,
        "var": 16.9369735718
    },
    "erbbands_skewness": {
        "dmean": 0.526629328728,
        "dmean2": 0.737026870251,
        "dvar": 0.251232773066,
        "dvar2": 0.473823159933,
        "max": 6.01678848267,
        "mean": 0.607590258121,
        "median": 0.506369233131,
        "min": -4.63428926468,
        "var": 1.0653398037
    },
    "erbbands_spread": {
        "dmean": 7.5421628952,
        "dmean2": 11.5010910034,
        "dvar": 89.7119522095,
        "dvar2": 230.226257324,
        "max": 101.355247498,
        "mean": 24.9531574249,
        "median": 22.1661739349,
        "min": 1.55565202236,
        "var": 171.797073364
    },
    "hfc": {
        "dmean": 5.88653898239,
        "dmean2": 7.87966442108,
        "dvar": 65.143157959,
        "dvar2": 129.361724854,
        "max": 111.216758728,
        "mean": 12.9026174545,
        "median": 9.05079460144,
        "min": 0.260025411844,
        "var": 145.793334961
    },
    "melbands_crest": {
        "dmean": 3.48214411736,
        "dmean2": 5.49688959122,
        "dvar": 9.83364009857,
        "dvar2": 21.6623058319,
        "max": 31.54662323,
        "mean": 15.0349569321,
        "median": 14.1305932999,
        "min": 4.15641832352,
        "var": 29.8037509918
    },
    "melbands_flatness_db": {
        "dmean": 0.0372936837375,
        "dmean2": 0.0508766099811,
        "dvar": 0.001242235885,
        "dvar2": 0.00237863208167,
        "max": 0.597096383572,
        "mean": 0.263374060392,
        "median": 0.259400814772,
        "min": 0.0560138560832,
        "var": 0.00451196590438
    },
    "melbands_kurtosis": {
        "dmean": 6.22348165512,
        "dmean2": 9.53028964996,
        "dvar": 81.2043380737,
        "dvar2": 174.527420044,
        "max": 114.788154602,
        "mean": 10.7380504608,
        "median": 5.81591701508,
        "min": -1.55055367947,
        "var": 203.319992065
    },
    "melbands_skewness": {
        "dmean": 0.713087677956,
        "dmean2": 1.06706440449,
        "dvar": 0.517946183681,
        "dvar2": 1.10815250874,
        "max": 7.84066915512,
        "mean": 2.26613545418,
        "median": 2.09274792671,
        "min": -0.982800245285,
        "var": 1.81980586052
    },
    "melbands_spread": {
        "dmean": 5.90490436554,
        "dmean2": 8.91635799408,
        "dvar": 114.071174622,
        "dvar2": 229.369934082,
        "max": 189.991027832,
        "mean": 16.0377750397,
        "median": 12.8181352615,
        "min": 0.620078742504,
        "var": 225.886825562
    },
    "pitch_salience": {
        "dmean": 0.072869732976,
        "dmean2": 0.114695176482,
        "dvar": 0.00415386259556,
        "dvar2": 0.00965237710625,
        "max": 0.834904551506,
        "mean": 0.551483511925,
        "median": 0.55234503746,
        "min": 0.206747218966,
        "var": 0.0120538529009
    },
    "silence_rate_20dB": {
        "dmean": 0,
        "dmean2": 0,
        "dvar": 0,
        "dvar2": 0,
        "max": 1,
        "mean": 1,
        "median": 1,
        "min": 1,
        "var": 0
    },
    "silence_rate_30dB": {
        "dmean": 0,
        "dmean2": 0,
        "dvar": 0,
        "dvar2": 0,
        "max": 1,
        "mean": 1,
        "median": 1,
        "min": 1,
        "var": 0
    },
    "silence_rate_60dB": {
        "dmean": 0.0766253843904,
        "dmean2": 0.152594894171,
        "dvar": 0.0707547292113,
        "dvar2": 0.161842167377,
        "max": 1,
        "mean": 0.0703789666295,
        "median": 0,
        "min": 0,
        "var": 0.065424695611
    },
    "spectral_centroid": {
        "dmean": 213.179534912,
        "dmean2": 318.033843994,
        "dvar": 104478.554688,
        "dvar2": 194403.625,
        "max": 5080.53710938,
        "mean": 852.410766602,
        "median": 756.651428223,
        "min": 222.33821106,
        "var": 246737.796875
    },
    "spectral_complexity": {
        "dmean": 3.00851392746,
        "dmean2": 4.30518960953,
        "dvar": 11.2716255188,
        "dvar2": 20.7480773926,
        "max": 38,
        "mean": 12.3975248337,
        "median": 11,
        "min": 1,
        "var": 30.3246440887
    },
    "spectral_decrease": {
        "dmean": 2.32887953366e-09,
        "dmean2": 3.05575498238e-09,
        "dvar": 8.00391954825e-18,
        "dvar2": 1.39035759906e-17,
        "max": -8.40667674362e-11,
        "mean": -5.31929922332e-09,
        "median": -3.90138721329e-09,
        "min": -2.73721294519e-08,
        "var": 2.11057499029e-17
    },
    "spectral_energy": {
        "dmean": 0.00925384648144,
        "dmean2": 0.0121332639828,
        "dvar": 0.000124615442473,
        "dvar2": 0.000216714572161,
        "max": 0.106187097728,
        "mean": 0.0212465580553,
        "median": 0.0156739782542,
        "min": 0.000373192713596,
        "var": 0.000328977883328
    },
    "spectral_energyband_high": {
        "dmean": 0.000164026394486,
        "dmean2": 0.000246471172431,
        "dvar": 4.63211335955e-07,
        "dvar2": 1.0008436675e-06,
        "max": 0.0147558217868,
        "mean": 0.000189553014934,
        "median": 4.15417125623e-05,
        "min": 3.954654062e-07,
        "var": 6.98207998084e-07
    },
    "spectral_energyband_low": {
        "dmean": 0.000781162874773,
        "dmean2": 0.00121292984113,
        "dvar": 2.77310095953e-06,
        "dvar2": 6.80997618474e-06,
        "max": 0.018578954041,
        "mean": 0.00167495023925,
        "median": 0.000743735348806,
        "min": 1.28946044242e-06,
        "var": 4.57029545942e-06
    },
    "spectral_energyband_middle_high": {
        "dmean": 0.00193903723266,
        "dmean2": 0.0027300233487,
        "dvar": 1.07586665763e-05,
        "dvar2": 2.04334683076e-05,
        "max": 0.0422606393695,
        "mean": 0.00397842004895,
        "median": 0.00199554255232,
        "min": 2.65918606601e-05,
        "var": 2.65625913016e-05
    },
    "spectral_energyband_middle_low": {
        "dmean": 0.00767568824813,
        "dmean2": 0.0101873194799,
        "dvar": 0.000100656849099,
        "dvar2": 0.000177340974915,
        "max": 0.102195851505,
        "mean": 0.0158785842359,
        "median": 0.00992807373405,
        "min": 0.000145275975228,
        "var": 0.000257549923845
    },
    "spectral_entropy": {
        "dmean": 0.315603375435,
        "dmean2": 0.430045872927,
        "dvar": 0.0985012501478,
        "dvar2": 0.191050007939,
        "max": 8.33827114105,
        "mean": 6.87481594086,
        "median": 6.8890337944,
        "min": 4.15872716904,
        "var": 0.310823410749
    },
    "spectral_flux": {
        "dmean": 0.0327538959682,
        "dmean2": 0.0498758330941,
        "dvar": 0.000962318677921,
        "dvar2": 0.0022821018938,
        "max": 0.245168223977,
        "mean": 0.0721907019615,
        "median": 0.0629732832313,
        "min": 0.00870326440781,
        "var": 0.00175216724165
    },
    "spectral_kurtosis": {
        "dmean": 5.19725799561,
        "dmean2": 8.06340026855,
        "dvar": 32.3005828857,
        "dvar2": 72.6439819336,
        "max": 109.178421021,
        "mean": 11.1897249222,
        "median": 8.87148857117,
        "min": -0.635853528976,
        "var": 76.0700683594
    },
    "spectral_rms": {
        "dmean": 0.00100908940658,
        "dmean2": 0.0012676025508,
        "dvar": 1.10476162263e-06,
        "dvar2": 1.69013833329e-06,
        "max": 0.0101782688871,
        "mean": 0.00414232769981,
        "median": 0.00391045864671,
        "min": 0.000603399064858,
        "var": 3.5695072711e-06
    },
    "spectral_rolloff": {
        "dmean": 355.430633545,
        "dmean2": 596.009399414,
        "dvar": 476744.03125,
        "dvar2": 988319.9375,
        "max": 9065.47851562,
        "mean": 1080.04101562,
        "median": 882.861328125,
        "min": 215.33203125,
        "var": 845424.375
    },
    "spectral_skewness": {
        "dmean": 0.549308776855,
        "dmean2": 0.813776671886,
        "dvar": 0.250506401062,
        "dvar2": 0.526942670345,
        "max": 8.85181808472,
        "mean": 2.30976343155,
        "median": 2.18997955322,
        "min": -0.225552871823,
        "var": 0.890254735947
    },
    "spectral_spread": {
        "dmean": 887975.125,
        "dmean2": 1383406.25,
        "dvar": 1.34970422067e+12,
        "dvar2": 3.18258361139e+12,
        "max": 9787225,
        "mean": 3183476.5,
        "median": 2849576.5,
        "min": 1095025,
        "var": 1.73754023936e+12
    },
    "spectral_strongpeak": {
        "dmean": 0.522848308086,
        "dmean2": 0.827442765236,
        "dvar": 0.43897074461,
        "dvar2": 0.896452128887,
        "max": 6.9934720993,
        "mean": 1.05543828011,
        "median": 0.789456248283,
        "min": 0.0287568643689,
        "var": 0.870324254036
    },
    "zerocrossingrate": {
        "dmean": 0.00932382885367,
        "dmean2": 0.0119139114395,
        "dvar": 0.000175905151991,
        "dvar2": 0.000232710910495,
        "max": 0.24951171875,
        "mean": 0.0408834517002,
        "median": 0.037109375,
        "min": 0.009765625,
        "var": 0.000562529079616
    },
    "barkbands": {
        "dmean": [3.3479443573e-06, 0.000191680708667, 0.000461878778879, 0.000352901639417, 0.00255106692202, 0.00332750543021, 0.00157839187887, 0.00102529046126, 0.000491436279844, 0.000545205548406, 0.000313083583023, 0.000295520003419, 0.000408061692724, 0.00035548658343, 0.000340853701346, 0.000166693425854, 0.000167647871422, 0.000165575678693, 5.03458577441e-05, 4.29778956459e-05, 3.8610331103e-05, 4.41441807197e-05, 1.97247591132e-05, 3.76059106202e-05, 1.21563098219e-05, 1.03202764876e-05, 1.4636828416e-09],
        "dmean2": [5.49017022422e-06, 0.000335024844389, 0.000736469984986, 0.000540227163583, 0.00373308709823, 0.00472767604515, 0.00227776309475, 0.00155375245959, 0.000735413632356, 0.000794218562078, 0.000453456450487, 0.000440266740043, 0.000622812425718, 0.000566114147659, 0.000533676880877, 0.000266684946837, 0.00026114526554, 0.000254521262832, 7.15207133908e-05, 6.59553697915e-05, 6.05308596278e-05, 6.94451591698e-05, 2.97680126096e-05, 6.16678516963e-05, 2.08578767342e-05, 1.81443920155e-05, 2.23690643786e-09],
        "dvar": [3.37794375804e-11, 4.32373838066e-07, 1.10813857646e-06, 3.63278189752e-07, 2.17882279685e-05, 4.03185003961e-05, 1.04178625406e-05, 6.22925062999e-06, 1.39847225e-06, 1.10699738798e-06, 8.07131868896e-07, 7.60837224334e-07, 1.92346919903e-06, 1.01588568668e-06, 9.66156449067e-07, 3.03234884313e-07, 2.83591674588e-07, 2.17142300585e-07, 1.38749021161e-08, 1.33023974058e-08, 2.86357479951e-08, 8.62342446339e-08, 1.1821071233e-08, 4.56340671917e-08, 1.55403523383e-09, 2.88528617665e-10, 2.36213295611e-16],
        "dvar2": [7.14214312691e-11, 1.19361186535e-06, 2.59213788922e-06, 7.5965567703e-07, 3.82851067116e-05, 7.87318567745e-05, 1.94214517251e-05, 1.47739792737e-05, 3.01734189634e-06, 2.39790688283e-06, 1.58197406108e-06, 1.75182549356e-06, 4.25027565143e-06, 2.28853809858e-06, 2.09685845221e-06, 7.23197331354e-07, 6.1742230173e-07, 4.90200818604e-07, 2.29138503727e-08, 3.15678363449e-08, 7.03260312207e-08, 2.11478123902e-07, 2.50176057648e-08, 1.10955262755e-07, 3.92101817681e-09, 7.55469631297e-10, 2.40100012168e-16],
        "max": [0.000100727964309, 0.00936233997345, 0.0100020589307, 0.00683586392552, 0.0521237887442, 0.0678997263312, 0.0455654114485, 0.035995952785, 0.017640132457, 0.0132552841678, 0.0183672960848, 0.0144467083737, 0.0188429486006, 0.0125237274915, 0.0196709018201, 0.00862219650298, 0.00655641453341, 0.00743780378252, 0.00218781782314, 0.00209550885484, 0.00371482362971, 0.00657539349049, 0.00278348335996, 0.00522043881938, 0.000828907417599, 8.13110818854e-05, 4.73113061616e-07],
        "mean": [3.76415778192e-06, 0.000297607679386, 0.000969903310761, 0.000647582812235, 0.00511604547501, 0.0053966185078, 0.00236625527032, 0.00150531250983, 0.000709364947397, 0.000893275137059, 0.000479466485558, 0.000437981943833, 0.000550324853975, 0.000458228896605, 0.000496762397233, 0.000202289360459, 0.000219520909013, 0.000210288824746, 6.93908659741e-05, 5.33739439561e-05, 4.48606588179e-05, 4.80700437038e-05, 2.07505745493e-05, 3.28207715938e-05, 9.45281590248e-06, 7.27731412553e-06, 1.24419352598e-09],
        "median": [1.48753076701e-06, 2.62467947323e-05, 0.000224191564484, 0.000193841406144, 0.00210551172495, 0.00164146383759, 0.000635994540062, 0.000446936523076, 0.000162486496265, 0.000296157726552, 0.000147273764014, 0.000135828449856, 9.58334130701e-05, 0.000102001387859, 9.4956405519e-05, 3.40543301718e-05, 4.45975892944e-05, 4.11333057855e-05, 2.60907363554e-05, 1.70047242136e-05, 8.86000179889e-06, 5.47659419681e-06, 2.88399564852e-06, 1.91022559193e-06, 7.84407973242e-07, 1.93995765585e-06, 2.20963691788e-10],
        "min": [8.6872109506e-09, 6.37359036659e-08, 6.8670843234e-08, 9.38825053254e-08, 8.90450883162e-06, 3.86137025998e-06, 4.9204509196e-06, 5.28333487182e-07, 6.11492282587e-07, 1.10695998501e-06, 7.97832001354e-07, 3.59128677019e-07, 4.58405594372e-07, 3.70910584024e-07, 2.19030255266e-07, 2.1362157554e-07, 1.49895868162e-07, 6.09016552744e-08, 2.33458887777e-08, 9.89817827701e-09, 2.0540069201e-08, 2.57670129677e-09, 5.7369931028e-08, 2.40411668351e-09, 2.69656207086e-11, 3.51696560763e-10, 1.08777197319e-11],
        "var": [4.03099498225e-11, 4.83069868551e-07, 2.16433159039e-06, 1.01214573078e-06, 6.24828680884e-05, 8.18383778096e-05, 1.97605786525e-05, 8.90647879714e-06, 2.28720409723e-06, 2.3160314413e-06, 1.39686665079e-06, 1.06037509795e-06, 2.9418433769e-06, 1.501243446e-06, 1.60811600836e-06, 3.75125921437e-07, 4.16099993572e-07, 2.94024147252e-07, 2.62338808454e-08, 1.4827153727e-08, 3.50994575626e-08, 9.64644684132e-08, 1.71170224661e-08, 4.77673651744e-08, 1.64784985657e-09, 2.07399458718e-10, 2.36267955706e-16]
    },
    "erbbands": {
        "dmean": [0.00201397784986, 0.0592629089952, 0.454345375299, 0.915619909763, 3.75931739807, 8.96360683441, 23.7649288177, 25.1226768494, 26.5749721527, 19.2712078094, 18.9496440887, 12.6060914993, 8.45871734619, 20.8616943359, 12.514415741, 12.5770120621, 16.6797618866, 18.4618434906, 20.6487922668, 11.9089593887, 8.61370182037, 9.22902297974, 9.18707466125, 3.65500688553, 2.42707180977, 2.01544046402, 1.61777079105, 1.65031254292, 1.61942780018, 0.815324425697, 0.590869009495, 0.714864015579, 0.666166484356, 0.197608560324, 0.0647893622518, 0.0514070950449, 0.0189101491123, 0.00107034645043, 2.281828165e-05, 1.07650275822e-05],
        "dmean2": [0.00351455435157, 0.101554334164, 0.716090023518, 1.36023247242, 5.40104818344, 13.0163068771, 34.3610649109, 35.7239151001, 38.341255188, 27.3231468201, 29.5913925171, 18.429473877, 12.9004364014, 29.6084918976, 17.8193206787, 18.0101699829, 25.5449771881, 28.7826061249, 32.2250595093, 18.9265804291, 13.2957324982, 13.9922704697, 14.2492780685, 5.3953704834, 3.55208420753, 3.08931541443, 2.61810231209, 2.70010256767, 2.5528151989, 1.21659433842, 0.933273494244, 1.1190444231, 1.14527261257, 0.330730080605, 0.112997218966, 0.0930575653911, 0.031949006021, 0.0018361370312, 3.78298973374e-05, 1.39509347719e-05],
        "dvar": [4.0978895413e-05, 0.0397297255695, 1.34747099876, 2.06578731537, 64.9819488525, 332.942352295, 2100.50561523, 2733.72192383, 3029.10742188, 1565.73803711, 2913.22998047, 989.679260254, 394.568084717, 1760.53100586, 1063.04431152, 1478.66479492, 2684.01269531, 2775.40209961, 3666.67651367, 1150.6184082, 859.972351074, 993.793334961, 766.613342285, 84.9001312256, 31.9939346313, 28.9047317505, 48.564239502, 57.6082305908, 106.121894836, 14.8066091537, 11.181230545, 14.3623867035, 18.0146903992, 0.963335156441, 0.0306600499898, 0.00891336239874, 0.000758028530981, 2.44023408413e-06, 9.8917396496e-10, 1.54102383632e-10],
        "dvar2": [0.00011481554975, 0.107797458768, 3.21442008018, 4.05226230621, 103.751548767, 551.095825195, 4190.82861328, 5619.71972656, 5751.80273438, 3132.73120117, 7440.62060547, 2147.21411133, 923.920043945, 3498.98754883, 2098.0090332, 3546.49584961, 5964.22460938, 5822.61279297, 8914.54003906, 2509.22387695, 1967.17993164, 2150.8046875, 1709.95214844, 169.639541626, 56.5508155823, 67.4326934814, 124.581733704, 134.185028076, 247.726425171, 31.972196579, 25.6616306305, 31.4602661133, 47.6937561035, 2.4491944313, 0.0827735438943, 0.0236534047872, 0.00194255425595, 6.26893915978e-06, 2.55446619413e-09, 2.70576533401e-10],
        "max": [0.0872919559479, 2.77126431465, 11.4680213928, 19.3275413513, 102.073165894, 210.596572876, 638.014160156, 544.814453125, 794.820556641, 518.491943359, 870.938720703, 531.26184082, 311.139312744, 564.163879395, 576.229736328, 693.026245117, 634.439331055, 712.80291748, 1168.97363281, 627.868896484, 439.45098877, 456.295532227, 379.966094971, 174.606033325, 106.07901001, 100.031349182, 160.564300537, 120.817863464, 228.005569458, 76.8352432251, 87.9021530151, 87.5188751221, 104.101158142, 26.4550628662, 1.59694063663, 0.458558648825, 0.146891877055, 0.00781641900539, 0.000176629182533, 0.000119285614346],
        "mean": [0.00245121330954, 0.10426261276, 0.992136538029, 1.9387601614, 7.39218616486, 18.090669632, 42.0793037415, 37.0105743408, 39.5243453979, 31.0721378326, 26.8625621796, 18.8647403717, 13.6686182022, 34.1095924377, 21.2784023285, 19.8563728333, 24.1925125122, 27.2456226349, 28.0639381409, 16.1754951477, 10.9114618301, 12.8472270966, 12.5104789734, 4.89585161209, 3.50583744049, 2.53445076942, 1.90077662468, 1.8770980835, 1.82408511639, 0.904334723949, 0.589913189411, 0.692871034145, 0.526498436928, 0.158421844244, 0.0466964803636, 0.0340904816985, 0.0144462836906, 0.00079177779844, 2.74140402325e-05, 2.55626691796e-05],
        "median": [0.000667162297759, 0.0106598539278, 0.182578265667, 0.998698532581, 2.18925237656, 6.55589866638, 14.8647708893, 8.7407579422, 10.8598937988, 10.3075141907, 8.25090503693, 5.03957509995, 5.41918945312, 9.48483848572, 7.79020166397, 6.71118497849, 5.26238584518, 6.52071428299, 5.71915721893, 3.31166982651, 1.95504450798, 2.77086639404, 2.73403525352, 1.45796000957, 1.39857649803, 0.845693707466, 0.50803399086, 0.259694457054, 0.193667188287, 0.15436181426, 0.0733716860414, 0.0462771616876, 0.0259073413908, 0.00914066936821, 0.00639803986996, 0.0062095457688, 0.00419749272987, 0.000227974800509, 1.89649454114e-05, 1.98395700863e-05],
        "min": [6.30172007732e-06, 8.96968995221e-05, 0.00061071512755, 0.0035067894496, 0.0261221714318, 0.0287290532142, 0.0606423169374, 0.0586465969682, 0.0850880220532, 0.0331660173833, 0.0176609270275, 0.0363355465233, 0.0378678590059, 0.0894509553909, 0.0286987591535, 0.0618239603937, 0.0484565123916, 0.0682206973433, 0.0493416264653, 0.0148186227307, 0.0132030481473, 0.00771720241755, 0.0058285696432, 0.00256553222425, 0.000680061464664, 0.00192702002823, 0.000323304033373, 0.00130593695212, 0.000936602882575, 0.00152124639135, 0.00142581446562, 0.000238029839238, 4.62646348751e-05, 1.12851648737e-05, 8.25079132483e-06, 7.28545046513e-06, 2.95340510093e-06, 8.9410889359e-07, 3.22001795894e-07, 4.44671599098e-07],
        "var": [3.11135336233e-05, 0.0488323532045, 2.56475400925, 6.29834318161, 196.11706543, 1009.76641846, 4990.06591797, 4909.49902344, 5430.09179688, 2952.08422852, 3482.03662109, 1641.46679688, 640.547607422, 3886.3684082, 1957.38500977, 1999.99206543, 4168.44775391, 5409.25146484, 4510.84130859, 2003.46948242, 1090.11096191, 1476.87573242, 1043.57971191, 136.884719849, 61.5657997131, 32.7558059692, 46.8525466919, 86.6611633301, 138.263366699, 20.4406681061, 14.4248027802, 19.2131977081, 15.1430482864, 0.970816016197, 0.0218941681087, 0.00598742440343, 0.000614659511484, 1.91016783901e-06, 8.78334405208e-10, 4.24935253651e-10]
    },
    "gfcc": {
        "mean": [-61.4777183533, 121.778999329, -131.047271729, 0.44178134203, -62.7303733826, -11.6240568161, -49.0460586548, -10.2338790894, -32.8050765991, -2.50536751747, -17.3891773224, 1.0473947525, -14.8047990799],
        "cov": [[2675.12353516, -498.727539062, -316.808410645, 290.215393066, -361.760437012, -21.3442554474, -111.886184692, 70.2576522827, 114.272399902, 42.09998703, 57.5398674011, -88.9757995605, 44.9026222229], [-498.727539062, 1027.77233887, -14.9626340866, -90.2816009521, 339.735626221, -191.852813721, 193.827224731, -123.500022888, 59.0345039368, -131.548904419, 72.6819076538, -33.5617256165, -9.94708824158], [-316.808410645, -14.9626340866, 866.854125977, 29.4655628204, 141.370056152, 153.301879883, -83.5489196777, 95.2412490845, -127.855567932, 68.0719604492, -50.7631034851, 97.7604217529, -21.0298309326], [290.215393066, -90.2816009521, 29.4655628204, 753.352783203, 164.962661743, 56.705783844, 42.4579315186, 16.7922477722, 130.155349731, -85.3561859131, 22.1488704681, -27.2165031433, 89.1677322388], [-361.760437012, 339.735626221, 141.370056152, 164.962661743, 643.254943848, 49.5171279907, 56.6727828979, 75.1496734619, -13.8150968552, -71.6321029663, -93.2333984375, 65.2776641846, -37.7831687927], [-21.3442554474, -191.852813721, 153.301879883, 56.705783844, 49.5171279907, 366.774475098, 88.6368408203, 59.5561523438, -54.7732505798, 46.4127883911, -36.8710861206, -30.3304386139, -17.4164943695], [-111.886184692, 193.827224731, -83.5489196777, 42.4579315186, 56.6727828979, 88.6368408203, 293.222076416, -4.95968866348, -23.4810123444, -14.8163423538, 6.83543777466, -31.4517917633, -44.0937042236], [70.2576522827, -123.500022888, 95.2412490845, 16.7922477722, 75.1496734619, 59.5561523438, -4.95968866348, 214.506790161, 18.4075508118, 20.9660663605, -34.7529525757, 29.1586532593, -20.3034248352], [114.272399902, 59.0345039368, -127.855567932, 130.155349731, -13.8150968552, -54.7732505798, -23.4810123444, 18.4075508118, 230.468429565, 33.3041648865, 41.5684661865, -22.7870101929, 24.5018520355], [42.09998703, -131.548904419, 68.0719604492, -85.3561859131, -71.6321029663, 46.4127883911, -14.8163423538, 20.9660663605, 33.3041648865, 213.763427734, 33.9296073914, -5.01106643677, -38.1222457886], [57.5398674011, 72.6819076538, -50.7631034851, 22.1488704681, -93.2333984375, -36.8710861206, 6.83543777466, -34.7529525757, 41.5684661865, 33.9296073914, 149.399520874, -6.06058549881, 22.5907783508], [-88.9757995605, -33.5617256165, 97.7604217529, -27.2165031433, 65.2776641846, -30.3304386139, -31.4517917633, 29.1586532593, -22.7870101929, -5.01106643677, -6.06058549881, 129.817199707, 1.65434598923], [44.9026222229, -9.94708824158, -21.0298309326, 89.1677322388, -37.7831687927, -17.4164943695, -44.0937042236, -20.3034248352, 24.5018520355, -38.1222457886, 22.5907783508, 1.65434598923, 118.150749207]],
        "icov": [[0.000498952809721, -6.85795093887e-05, 0.000266655551968, -0.000379257195164, 0.000373971270164, -6.11125578871e-05, 0.000346577871824, -0.000373882212443, 0.000203331917874, -0.000181855561095, 5.93505355937e-05, 3.84259037673e-05, 0.000201233939151], [-6.85795093887e-05, 0.00612867157906, -0.00262812082656, 0.00358578539453, -0.00472428230569, 0.0038108183071, -0.00534814456478, 0.0032999436371, -0.00428840797395, 0.00410920521244, -0.00462517235428, 0.00471246102825, -0.00197623646818], [0.000266655551968, -0.00262812082656, 0.00298995664343, -0.00203772564419, 0.00196420052089, -0.00222521834075, 0.00315742124803, -0.00193738820963, 0.00300712184981, -0.00254980893806, 0.0020308198873, -0.00297276000492, 0.0010999731021], [-0.000379257195164, 0.00358578539453, -0.00203772564419, 0.00434501469135, -0.0034918889869, 0.00185686489567, -0.00369189726189, 0.00220019626431, -0.00396213214844, 0.00334544712678, -0.00310985743999, 0.00323507958092, -0.00258809304796], [0.000373971270164, -0.00472428230569, 0.00196420052089, -0.0034918889869, 0.00602370453998, -0.0029816350434, 0.00391566427425, -0.00303113879636, 0.00320345605724, -0.00265526003204, 0.0046193273738, -0.00462920684367, 0.00253280811012], [-6.11125578871e-05, 0.0038108183071, -0.00222521834075, 0.00185686489567, -0.0029816350434, 0.00632418366149, -0.00459807086736, 0.00115166010801, -0.00166340277065, 0.00135786936153, -0.00207120343111, 0.00430015753955, -0.00187382602599], [0.000346577871824, -0.00534814456478, 0.00315742124803, -0.00369189726189, 0.00391566427425, -0.00459807086736, 0.00941803120077, -0.00290906638838, 0.00450943689793, -0.00316758290865, 0.00302114617079, -0.00364395021461, 0.00387171981856], [-0.000373882212443, 0.0032999436371, -0.00193738820963, 0.00220019626431, -0.00303113879636, 0.00115166010801, -0.00290906638838, 0.00770331732929, -0.00366964447312, 0.00213517341763, -0.0014760340564, 0.00125020300038, -0.000432202970842], [0.000203331917874, -0.00428840797395, 0.00300712184981, -0.00396213214844, 0.00320345605724, -0.00166340277065, 0.00450943689793, -0.00366964447312, 0.00973466597497, -0.0048903641291, 0.00230663479306, -0.00253125349991, 0.00091640278697], [-0.000181855561095, 0.00410920521244, -0.00254980893806, 0.00334544712678, -0.00265526003204, 0.00135786936153, -0.00316758290865, 0.00213517341763, -0.0048903641291, 0.00954151153564, -0.00478798383847, 0.00323911895975, 0.00093516940251], [5.93505355937e-05, -0.00462517235428, 0.0020308198873, -0.00310985743999, 0.0046193273738, -0.00207120343111, 0.00302114617079, -0.0014760340564, 0.00230663479306, -0.00478798383847, 0.0122271301225, -0.00428924104199, 4.12138506363e-05], [3.84259037673e-05, 0.00471246102825, -0.00297276000492, 0.00323507958092, -0.00462920684367, 0.00430015753955, -0.00364395021461, 0.00125020300038, -0.00253125349991, 0.00323911895975, -0.00428924104199, 0.0135442959145, -0.0023795242887], [0.000201233939151, -0.00197623646818, 0.0010999731021, -0.00258809304796, 0.00253280811012, -0.00187382602599, 0.00387171981856, -0.000432202970842, 0.00091640278697, 0.00093516940251, 4.12138506363e-05, -0.0023795242887, 0.0124114397913]]
    },
    "melbands": {
        "dmean": [3.4054635762e-05, 0.000182151532499, 0.000183074487722, 0.000497439876199, 0.000710104766767, 0.000584083492868, 0.000382102414733, 0.000214059633436, 0.000146272897837, 7.16895665391e-05, 4.18001254729e-05, 8.75446494319e-05, 4.42410564574e-05, 3.274280607e-05, 2.94141282211e-05, 4.53282264061e-05, 3.39388680004e-05, 3.4122265788e-05, 2.31035464822e-05, 1.30317066578e-05, 1.01143359643e-05, 9.72140787781e-06, 1.09621623778e-05, 6.25950497124e-06, 2.80297399513e-06, 1.88058720596e-06, 1.62776518664e-06, 1.34742344926e-06, 1.10491885152e-06, 8.78911691871e-07, 1.05623473701e-06, 1.01756620552e-06, 7.32855312435e-07, 3.31979236989e-07, 2.74689853086e-07, 5.34961088761e-07, 3.86313928402e-07, 4.81481947645e-07, 3.5288181266e-07, 1.10210663706e-07],
        "dmean2": [6.00373859925e-05, 0.000290576281259, 0.000272855424555, 0.000710104824975, 0.00103211554233, 0.000832157325931, 0.000544970796909, 0.000307226844598, 0.000226017393288, 0.000107039944851, 6.46976477583e-05, 0.000124779166072, 6.40921643935e-05, 4.94705236633e-05, 4.35814654338e-05, 6.85547856847e-05, 5.27631600562e-05, 5.39095781278e-05, 3.54273215635e-05, 2.10380658245e-05, 1.5433446606e-05, 1.48245044329e-05, 1.69401573658e-05, 9.81103130471e-06, 4.10250413552e-06, 2.76003243016e-06, 2.45150567935e-06, 2.12487566387e-06, 1.80625886514e-06, 1.37894880936e-06, 1.75196714736e-06, 1.63530000918e-06, 1.09667746528e-06, 5.0631757631e-07, 4.53381403531e-07, 8.29107648315e-07, 6.12635403741e-07, 8.20604498131e-07, 6.11219832081e-07, 1.85342386771e-07],
        "dvar": [1.35609345975e-08, 2.33230124991e-07, 6.98329145621e-08, 1.45202602653e-06, 1.67783036886e-06, 1.38300276831e-06, 5.88143564073e-07, 1.93640261159e-07, 1.48739232486e-07, 3.514908542e-08, 9.92485915674e-09, 3.15305150878e-08, 1.77862613526e-08, 9.44683620219e-09, 5.7455333824e-09, 2.40638247107e-08, 9.20029386009e-09, 1.11472706621e-08, 4.43846870368e-09, 1.64741831288e-09, 1.26535693035e-09, 1.25541843587e-09, 1.25284871366e-09, 3.08963243878e-10, 5.25007433361e-11, 2.3245169678e-11, 1.32700664693e-11, 1.69983940118e-11, 1.93269601712e-11, 1.83148583105e-11, 2.77481891631e-11, 4.63823042474e-11, 1.92135873184e-11, 1.65929553084e-12, 2.37218578114e-12, 1.13411016689e-11, 3.35504866077e-12, 8.46218407846e-12, 5.07062707794e-12, 2.21246781204e-13],
        "dvar2": [3.80144804524e-08, 5.75884314458e-07, 1.38769166824e-07, 2.19156800085e-06, 3.42948465004e-06, 2.83564463643e-06, 1.09873155907e-06, 3.91452886106e-07, 3.70101645331e-07, 7.76372459654e-08, 2.37179591522e-08, 6.41406927571e-08, 3.62679699606e-08, 2.29454801826e-08, 1.14272484808e-08, 5.48372121045e-08, 1.93974756257e-08, 2.76267346777e-08, 8.54804227401e-09, 3.99054878031e-09, 2.86354850942e-09, 2.70199773666e-09, 3.00648927976e-09, 6.58324172953e-10, 1.07232576985e-10, 4.24167680146e-11, 2.83702714099e-11, 4.12221680401e-11, 4.95004315315e-11, 4.64925077603e-11, 6.85439899284e-11, 1.13864480344e-10, 4.5123075415e-11, 3.06077797656e-12, 5.83036917357e-12, 2.60447618333e-11, 7.05778751414e-12, 2.2115972248e-11, 1.37389804394e-11, 5.38648823895e-13],
        "max": [0.00166621792596, 0.00533659616485, 0.0027058494743, 0.0144689437002, 0.018568592146, 0.0130575560033, 0.0109000988305, 0.00474972883239, 0.00597370741889, 0.00313690025359, 0.00160306633916, 0.00240116706118, 0.00255576591007, 0.00173422403168, 0.00112662895117, 0.00208876421675, 0.00130583520513, 0.00190190772992, 0.00145548337605, 0.000542074616533, 0.000501503644045, 0.000536865438335, 0.000625212967861, 0.00027559910086, 0.000126952887513, 9.39263045439e-05, 7.73413048591e-05, 8.73817261891e-05, 0.000100273180578, 9.58123273449e-05, 9.40125100897e-05, 0.00014764397929, 0.000103168888018, 2.8284282962e-05, 4.28645071224e-05, 7.50698018237e-05, 3.97690091631e-05, 6.43234016025e-05, 5.88488328503e-05, 1.32150389618e-05],
        "mean": [4.80694616272e-05, 0.00038260751171, 0.000385707098758, 0.00101045216434, 0.00128049834166, 0.000875752826687, 0.000571170588955, 0.000337131961714, 0.000205100688618, 0.000105153158074, 6.47856213618e-05, 0.000141058495501, 6.86034109094e-05, 5.25846480741e-05, 4.61030213046e-05, 6.02412001172e-05, 4.77960202261e-05, 4.29809006164e-05, 3.3253149013e-05, 1.53427517944e-05, 1.1978956536e-05, 1.23262943816e-05, 1.60685376613e-05, 7.59856129662e-06, 3.48613957613e-06, 2.53428856922e-06, 2.17465071728e-06, 1.57729971306e-06, 1.24316750316e-06, 9.80797835837e-07, 1.1232361885e-06, 1.09576171781e-06, 7.94098241386e-07, 3.72245750668e-07, 2.69970485078e-07, 4.91186085583e-07, 3.83751483923e-07, 3.86185064372e-07, 2.64092108182e-07, 9.14998778967e-08],
        "median": [6.75944284012e-06, 6.68979773764e-05, 0.000213238352444, 0.000250577693805, 0.000517311447766, 0.000228593649808, 0.000153740445967, 0.000104085018393, 6.28699053777e-05, 2.46553045145e-05, 2.29518773267e-05, 3.6518296838e-05, 2.20711590373e-05, 1.92988045455e-05, 1.44563318827e-05, 1.12534280561e-05, 1.09253078335e-05, 8.10848359833e-06, 6.26636301604e-06, 2.64504751613e-06, 1.8654534415e-06, 2.13866860577e-06, 2.85951887236e-06, 1.22634787658e-06, 9.2502290272e-07, 9.37434151638e-07, 7.57158034048e-07, 4.47440470452e-07, 3.21884698451e-07, 1.85334172897e-07, 1.16973147612e-07, 1.05834210729e-07, 8.7880295041e-08, 7.17666281957e-08, 3.78471796125e-08, 3.08761620715e-08, 2.58923478214e-08, 1.98972109899e-08, 9.33249033608e-09, 5.63513413709e-09],
