{
"highlevel": {
    "danceability": {
        "all": {
            "danceable": 0.599292874336,
            "not_danceable": 0.400707155466
        },
        "probability": 0.599292874336,
        "value": "danceable"
    },
    "gender": {
        "all": {
            "female": 0.200218215585,
            "male": 0.799781799316
        },
        "probability": 0.799781799316,
        "value": "male"
    },
    "genre_dortmund": {
        "all": {
            "alternative": 0.0958705097437,
            "blues": 0.0213887859136,
            "electronic": 0.0249378029257,
            "folkcountry": 0.284156024456,
            "funksoulrnb": 0.0139178289101,
            "jazz": 0.0269813109189,
            "pop": 0.168824076653,
            "raphiphop": 0.00524292001501,
            "rock": 0.358680725098
        },
        "probability": 0.358680725098,
        "value": "rock"
    },
    "genre_electronic": {
        "all": {
            "ambient": 0.591677963734,
            "dnb": 0.196990221739,
            "house": 0.028430018574,
            "techno": 0.0142354033887,
            "trance": 0.168666392565
        },
        "probability": 0.591677963734,
        "value": "ambient"
    },
    "genre_rosamerica": {
        "all": {
            "cla": 0.101625032723,
            "dan": 0.00953588727862,
            "hip": 0.00787395425141,
            "jaz": 0.00489260349423,
            "pop": 0.0384170413017,
            "rhy": 0.0134071884677,
            "roc": 0.822330355644,
            "spe": 0.0019179523224
        },
        "probability": 0.822330355644,
        "value": "roc"
    },
    "genre_tzanetakis": {
        "all": {
            "blu": 0.0626541376114,
            "cla": 0.0348133966327,
            "cou": 0.0783501937985,
            "dis": 0.104547761381,
            "hip": 0.15693578124,
            "jaz": 0.313987255096,
            "met": 0.044816005975,
            "pop": 0.0627349764109,
            "reg": 0.0627352520823,
            "roc": 0.0784252434969
        },
        "probability": 0.313987255096,
        "value": "jaz"
    },
    "ismir04_rhythm": {
        "all": {
            "ChaChaCha": 0.0598549023271,
            "Jive": 0.194183632731,
            "Quickstep": 0.159111365676,
            "Rumba-American": 0.00848657730967,
            "Rumba-International": 0.012305771932,
            "Rumba-Misc": 0.00594704691321,
            "Samba": 0.0845220312476,
            "Tango": 0.0452506616712,
            "VienneseWaltz": 0.414180368185,
            "Waltz": 0.016157656908
        },
        "probability": 0.414180368185,
        "value": "VienneseWaltz"
    },
    "mood_acoustic": {
        "all": {
            "acoustic": 0.0488370992243,
            "not_acoustic": 0.951162874699
        },
        "probability": 0.951162874699,
        "value": "not_acoustic"
    },
    "mood_aggressive": {
        "all": {
            "aggressive": 0.95362251997,
            "not_aggressive": 0.0463774912059
        },
        "probability": 0.95362251997,
        "value": "aggressive"
    },
    "mood_electronic": {
        "all": {
            "electronic": 0.0282831043005,
            "not_electronic": 0.971716880798
        },
        "probability": 0.971716880798,
        "value": "not_electronic"
    },
    "mood_happy": {
        "all": {
            "happy": 0.927640914917,
            "not_happy": 0.0723590701818
        },
        "probability": 0.927640914917,
        "value": "happy"
    },
    "mood_party": {
        "all": {
            "not_party": 0.549345910549,
            "party": 0.450654119253
        },
        "probability": 0.549345910549,
        "value": "not_party"
    },
    "mood_relaxed": {
        "all": {
            "not_relaxed": 0.994627833366,
            "relaxed": 0.00537214754149
        },
        "probability": 0.994627833366,
        "value": "not_relaxed"
    },
    "mood_sad": {
        "all": {
            "not_sad": 0.670042455196,
            "sad": 0.329957574606
        },
        "probability": 0.670042455196,
        "value": "not_sad"
    },
    "moods_mirex": {
        "all": {
            "Cluster1": 0.387185931206,
            "Cluster2": 0.264251410961,
            "Cluster3": 0.175487905741,
            "Cluster4": 0.0734181851149,
            "Cluster5": 0.0996565595269
        },
        "probability": 0.387185931206,
        "value": "Cluster1"
    },
    "timbre": {
        "all": {
            "bright": 0.963685631752,
            "dark": 0.0363143794239
        },
        "probability": 0.963685631752,
        "value": "bright"
    },
    "tonal_atonal": {
        "all": {
            "atonal": 0.00965175405145,
            "tonal": 0.990348219872
        },
        "probability": 0.990348219872,
        "value": "tonal"
    },
    "voice_instrumental": {
        "all": {
            "instrumental": 8.595368854e-05,
            "voice": 0.999914050102
        },
        "probability": 0.999914050102,
        "value": "voice"
    }
},
"lowlevel": {
    "average_loudness": 0.923827707767,
    "barkbands_crest": {
        "dmean": 2.40232872963,
        "dmean2": 3.9103000164,
        "dvar": 4.28233194351,
        "dvar2": 11.3843545914,
        "max": 20.6186561584,
        "mean": 7.15782833099,
        "median": 6.58145666122,
        "min": 2.45995974541,
        "var": 9.18090248108
    },
    "barkbands_flatness_db": {
        "dmean": 0.0163159891963,
        "dmean2": 0.0257549621165,
        "dvar": 0.000165726567502,
        "dvar2": 0.000396954012103,
        "max": 0.205515906215,
        "mean": 0.107439436018,
        "median": 0.105333790183,
        "min": 0.0552181489766,
        "var": 0.000573593133595
    },
    "barkbands_kurtosis": {
        "dmean": 0.684693872929,
        "dmean2": 1.12059056759,
        "dvar": 0.650507926941,
        "dvar2": 1.69329929352,
        "max": 7.81021976471,
        "mean": -0.0542724914849,
        "median": -0.350688457489,
        "min": -1.60296547413,
        "var": 1.33053708076
    },
    "barkbands_skewness": {
        "dmean": 0.350281983614,
        "dmean2": 0.556835412979,
        "dvar": 0.0960081070662,
        "dvar2": 0.237637355924,
        "max": 2.62526464462,
        "mean": 0.286814332008,
        "median": 0.220308065414,
        "min": -1.29729175568,
        "var": 0.264219909906
    },
    "barkbands_spread": {
        "dmean": 5.20697021484,
        "dmean2": 7.78645944595,
        "dvar": 18.5281677246,
        "dvar2": 39.7032661438,
        "max": 63.8775863647,
        "mean": 25.3222293854,
        "median": 24.4814109802,
        "min": 5.26161432266,
        "var": 88.983543396
    },
    "dissonance": {
        "dmean": 0.0155411595479,
        "dmean2": 0.0265995506197,
        "dvar": 0.000191738901776,
        "dvar2": 0.000534526072443,
        "max": 0.499928742647,
        "mean": 0.474396020174,
        "median": 0.477521151304,
        "min": 0.3616104424,
        "var": 0.000285654008621
    },
    "dynamic_complexity": 1.52762651443,
    "erbbands_crest": {
        "dmean": 2.7852807045,
        "dmean2": 4.70134115219,
        "dvar": 6.11051654816,
        "dvar2": 16.6406726837,
        "max": 23.3461837769,
        "mean": 8.65287876129,
        "median": 7.82646846771,
        "min": 3.23395323753,
        "var": 11.3208627701
    },
    "erbbands_flatness_db": {
        "dmean": 0.0187477599829,
        "dmean2": 0.0266798473895,
        "dvar": 0.000225544135901,
        "dvar2": 0.000456564332126,
        "max": 0.264362484217,
        "mean": 0.167869761586,
        "median": 0.166538968682,
        "min": 0.0897753536701,
        "var": 0.000968524196651
    },
    "erbbands_kurtosis": {
        "dmean": 0.682733356953,
        "dmean2": 1.13073134422,
        "dvar": 0.44970023632,
        "dvar2": 1.21348810196,
        "max": 7.17989826202,
        "mean": 0.278297245502,
        "median": 0.0539336204529,
        "min": -1.48586928844,
        "var": 1.10235404968
    },
    "erbbands_skewness": {
        "dmean": 0.324382662773,
        "dmean2": 0.513178706169,
        "dvar": 0.068589925766,
        "dvar2": 0.181549191475,
        "max": 2.04415392876,
        "mean": 0.111942522228,
        "median": 0.0866014361382,
        "min": -1.17357802391,
        "var": 0.292179018259
    },
    "erbbands_spread": {
        "dmean": 5.30578613281,
        "dmean2": 8.35029125214,
        "dvar": 23.6292133331,
        "dvar2": 56.5832672119,
        "max": 65.8282241821,
        "mean": 26.2997360229,
        "median": 24.46393013,
        "min": 7.07741165161,
        "var": 86.8539199829
    },
    "hfc": {
        "dmean": 7.53783655167,
        "dmean2": 11.4354352951,
        "dvar": 49.789768219,
        "dvar2": 107.382675171,
        "max": 117.254699707,
        "mean": 33.295501709,
        "median": 31.7269802094,
        "min": 2.95225310326,
        "var": 184.309936523
    },
    "melbands_crest": {
        "dmean": 2.99786376953,
        "dmean2": 5.01892471313,
        "dvar": 7.76024913788,
        "dvar2": 18.9350166321,
        "max": 27.7807312012,
        "mean": 9.11301136017,
        "median": 8.06766700745,
        "min": 3.1965174675,
        "var": 15.7152528763
    },
    "melbands_flatness_db": {
        "dmean": 0.0182340480387,
        "dmean2": 0.0278147868812,
        "dvar": 0.000230732170166,
        "dvar2": 0.000543984235264,
        "max": 0.233328476548,
        "mean": 0.116478800774,
        "median": 0.116175442934,
        "min": 0.0312491822988,
        "var": 0.000829834782053
    },
    "melbands_kurtosis": {
        "dmean": 1.40511322021,
        "dmean2": 2.31275773048,
        "dvar": 3.73111724854,
        "dvar2": 9.51765537262,
        "max": 23.9246177673,
        "mean": 1.30595970154,
        "median": 0.571553945541,
        "min": -1.32806754112,
        "var": 6.09149694443
    },
    "melbands_skewness": {
        "dmean": 0.403025776148,
        "dmean2": 0.639530062675,
        "dvar": 0.149732604623,
        "dvar2": 0.360292702913,
        "max": 4.46380901337,
        "mean": 0.889644265175,
        "median": 0.794197440147,
        "min": -1.07627940178,
        "var": 0.436361610889
    },
    "melbands_spread": {
        "dmean": 8.96499156952,
        "dmean2": 13.9900302887,
        "dvar": 53.5771102905,
        "dvar2": 132.511734009,
        "max": 98.7438812256,
        "mean": 40.6677474976,
        "median": 39.6417007446,
        "min": 7.59835290909,
        "var": 207.729049683
    },
    "pitch_salience": {
        "dmean": 0.0588124170899,
        "dmean2": 0.0965597480536,
        "dvar": 0.00237473589368,
        "dvar2": 0.00613467535004,
        "max": 0.858758747578,
        "mean": 0.579796433449,
        "median": 0.583665549755,
        "min": 0.322523355484,
        "var": 0.0049338163808
    },
    "silence_rate_20dB": {
        "dmean": 0,
        "dmean2": 0,
        "dvar": 0,
        "dvar2": 0,
        "max": 1,
        "mean": 1,
        "median": 1,
        "min": 1,
        "var": 0
    },
    "silence_rate_30dB": {
        "dmean": 0,
        "dmean2": 0,
        "dvar": 0,
        "dvar2": 0,
        "max": 1,
        "mean": 1,
        "median": 1,
        "min": 1,
        "var": 0
    },
    "silence_rate_60dB": {
        "dmean": 0,
        "dmean2": 0,
        "dvar": 0,
        "dvar2": 0,
        "max": 0,
        "mean": 0,
        "median": 0,
        "min": 0,
        "var": 0
    },
    "spectral_centroid": {
        "dmean": 227.011047363,
        "dmean2": 353.587127686,
        "dvar": 37058.6210938,
        "dvar2": 95381.53125,
        "max": 3232.66943359,
        "mean": 2009.55175781,
        "median": 2002.06567383,
        "min": 837.422546387,
        "var": 157141.203125
    },
    "spectral_complexity": {
        "dmean": 3.76393198967,
        "dmean2": 5.86676979065,
        "dvar": 9.61378765106,
        "dvar2": 20.8157482147,
        "max": 49,
        "mean": 29.3557624817,
        "median": 29,
        "min": 8,
        "var": 41.5486602783
    },
    "spectral_decrease": {
        "dmean": 1.61765534301e-09,
        "dmean2": 2.50597076423e-09,
        "dvar": 3.4683314989e-18,
        "dvar2": 8.27692223762e-18,
        "max": -8.16500700385e-10,
        "mean": -5.56704993215e-09,
        "median": -4.74068651002e-09,
        "min": -2.23853664494e-08,
        "var": 9.46248298646e-18
    },
    "spectral_energy": {
        "dmean": 0.00663069728762,
        "dmean2": 0.0102361403406,
        "dvar": 5.48092393728e-05,
        "dvar2": 0.000129782798467,
        "max": 0.0915862545371,
        "mean": 0.0240313448012,
        "median": 0.0210193023086,
        "min": 0.00334946252406,
        "var": 0.000157264701556
    },
    "spectral_energyband_high": {
        "dmean": 0.000455793982837,
        "dmean2": 0.000644266023301,
        "dvar": 2.87435824475e-07,
        "dvar2": 5.81802908073e-07,
        "max": 0.00655258307233,
        "mean": 0.00126086361706,
        "median": 0.001020804164,
        "min": 1.32530103656e-05,
        "var": 8.84596204287e-07
    },
    "spectral_energyband_low": {
        "dmean": 0.00139633798972,
        "dmean2": 0.00234456220642,
        "dvar": 1.09744078145e-05,
        "dvar2": 2.73991645372e-05,
        "max": 0.0242726374418,
        "mean": 0.00224975449964,
        "median": 0.00132062577177,
        "min": 3.79032462661e-06,
        "var": 1.29582940644e-05
    },
    "spectral_energyband_middle_high": {
        "dmean": 0.00370039138943,
        "dmean2": 0.00594170344993,
        "dvar": 1.50505329657e-05,
        "dvar2": 3.72120084648e-05,
        "max": 0.0573799908161,
        "mean": 0.0126995332539,
        "median": 0.0106434999034,
        "min": 0.00142387545202,
        "var": 5.05523457832e-05
    },
    "spectral_energyband_middle_low": {
        "dmean": 0.00394477322698,
        "dmean2": 0.00618694536388,
        "dvar": 3.67240572814e-05,
        "dvar2": 9.20275197132e-05,
        "max": 0.0759557932615,
        "mean": 0.00817166548222,
        "median": 0.00533069390804,
        "min": 0.000520543893799,
        "var": 7.65840086387e-05
    },
    "spectral_entropy": {
        "dmean": 0.118697047234,
        "dmean2": 0.16959887743,
        "dvar": 0.00961730908602,
        "dvar2": 0.0185178201646,
        "max": 8.45107555389,
        "mean": 7.75668621063,
        "median": 7.73442840576,
        "min": 7.03756046295,
        "var": 0.0406493358314
    },
    "spectral_flux": {
        "dmean": 0.0179438535124,
        "dmean2": 0.0278301853687,
        "dvar": 0.000352179427864,
        "dvar2": 0.000752966792788,
        "max": 0.236611172557,
        "mean": 0.0935607254505,
        "median": 0.0862973555923,
        "min": 0.0359829179943,
        "var": 0.000869414536282
    },
    "spectral_kurtosis": {
        "dmean": 1.17126810551,
        "dmean2": 1.88717770576,
        "dvar": 1.02610087395,
        "dvar2": 2.71161103249,
        "max": 12.0470180511,
        "mean": 4.72518873215,
        "median": 4.62803220749,
        "min": 0.256741523743,
        "var": 2.79456758499
    },
    "spectral_rms": {
        "dmean": 0.000638175930362,
        "dmean2": 0.000970480032265,
        "dvar": 3.76507216515e-07,
        "dvar2": 8.53738015394e-07,
        "max": 0.00945264194161,
        "mean": 0.00469631981105,
        "median": 0.00452842563391,
        "min": 0.00180769700091,
        "var": 1.3897779354e-06
    },
    "spectral_rolloff": {
        "dmean": 457.9637146,
        "dmean2": 746.240112305,
        "dvar": 385076.75,
        "dvar2": 779250.75,
        "max": 10357.4707031,
        "mean": 2570.64428711,
        "median": 2476.31835938,
        "min": 667.529296875,
        "var": 1151587.25
    },
    "spectral_skewness": {
        "dmean": 0.153356328607,
        "dmean2": 0.245246067643,
        "dvar": 0.0154806571081,
        "dvar2": 0.0392137765884,
        "max": 3.28012514114,
        "mean": 1.57951545715,
        "median": 1.56975877285,
        "min": 0.738419651985,
        "var": 0.0523742251098
    },
    "spectral_spread": {
        "dmean": 536088.0625,
        "dmean2": 722741.8125,
        "dvar": 321842675712,
        "dvar2": 509271801856,
        "max": 11548094,
        "mean": 4248010,
        "median": 4038943.75,
        "min": 2292575.5,
        "var": 1.16628769997e+12
    },
    "spectral_strongpeak": {
        "dmean": 1.0573554039,
        "dmean2": 1.79812049866,
        "dvar": 1.07995724678,
        "dvar2": 2.91445112228,
        "max": 8.33273410797,
        "mean": 1.8379701376,
        "median": 1.65584933758,
        "min": 0.0378340855241,
        "var": 1.74794280529
    },
    "zerocrossingrate": {
        "dmean": 0.0103132408112,
        "dmean2": 0.0121601317078,
        "dvar": 9.91318302113e-05,
        "dvar2": 0.000122924611787,
        "max": 0.2431640625,
        "mean": 0.0923920273781,
        "median": 0.0869140625,
        "min": 0.02685546875,
        "var": 0.00072736479342
    },
    "barkbands": {
        "dmean": [4.18886302214e-05, 0.000859774765559, 0.000676395662595, 0.000371668313164, 0.000932345748879, 0.000666749838274, 0.00130296335556, 0.000880256236997, 0.00139861309435, 0.00148508825805, 0.000840916181915, 0.00124005530961, 0.000795049301814, 0.000609776354395, 0.000921736820601, 0.000523849739693, 0.000618190795649, 0.000362166989362, 0.000241025089053, 0.000165082630701, 0.00019255222287, 6.91024033586e-05, 5.55856604478e-05, 5.97256112087e-05, 9.76915180217e-05, 3.33864772983e-05, 1.24922772127e-09],
        "dmean2": [7.06597493263e-05, 0.00128435797524, 0.00123380124569, 0.000612514209934, 0.00154582294635, 0.00108147377614, 0.00203996011987, 0.00145045807585, 0.00222563603893, 0.00236670998856, 0.00141445279587, 0.00204985006712, 0.00132791569922, 0.000987555366009, 0.00155456247739, 0.000897469930351, 0.00102630828042, 0.00060892739566, 0.000397691474063, 0.000274760590401, 0.000295581499813, 0.000101814890513, 7.99438494141e-05, 8.55171238072e-05, 0.000140733478474, 4.71402272524e-05, 2.11046735643e-09],
        "dvar": [7.5197377214e-09, 4.14271198679e-06, 4.62023763248e-06, 4.18978373773e-07, 6.23662981525e-06, 1.56337716817e-06, 7.10879658072e-06, 6.15574163021e-06, 6.78978130964e-06, 7.3836622505e-06, 3.4794666135e-06, 4.43614408141e-06, 1.76459047907e-06, 1.12944383091e-06, 1.57318731908e-06, 9.83603854365e-07, 4.97883263506e-07, 1.71597832832e-07, 7.67815393488e-08, 3.27320499593e-08, 5.37579047943e-08, 9.45184641665e-09, 6.49661835439e-09, 8.08089328785e-09, 2.72866085282e-08, 2.71598477042e-09, 5.87320337179e-17],
        "dvar2": [2.01471870298e-08, 7.52995356379e-06, 1.34541423904e-05, 1.08779033781e-06, 1.60644940479e-05, 4.02233627028e-06, 1.79224880412e-05, 1.59386308951e-05, 1.73022326635e-05, 1.89243164641e-05, 8.9661898528e-06, 1.17065001177e-05, 4.76742889077e-06, 2.77050457953e-06, 4.13608995586e-06, 2.42672854256e-06, 1.35144614433e-06, 4.83909559534e-07, 1.91120903992e-07, 8.81778348116e-08, 1.24217407915e-07, 2.26047003338e-08, 1.33251880641e-08, 1.67114198035e-08, 5.52907302165e-08, 5.48360556962e-09, 6.57924702323e-17],
        "max": [0.000927617424168, 0.0173563882709, 0.0157084316015, 0.00560176884755, 0.0244457758963, 0.0119039863348, 0.0440656207502, 0.0535961464047, 0.0370038375258, 0.0400540828705, 0.025016753003, 0.0308007523417, 0.0167342983186, 0.0230464711785, 0.014533736743, 0.0202240739018, 0.00841076113284, 0.00513561349362, 0.00301682343706, 0.00200157309882, 0.00296581094153, 0.00120023835916, 0.00103626272175, 0.00137991516385, 0.00262548611499, 0.000661151949316, 2.65988290948e-07],
        "mean": [4.39360956079e-05, 0.00127001630608, 0.000710826949216, 0.000491487269755, 0.00113568594679, 0.000901103834622, 0.00194561993703, 0.00126151216682, 0.00226470595226, 0.00212431233376, 0.00131047237664, 0.00187930522952, 0.0012617999455, 0.000979207688943, 0.00151900493074, 0.000913643802051, 0.001226755674, 0.000842085457407, 0.000526048534084, 0.000387027655961, 0.000471281848149, 0.000119609918329, 0.000101340483525, 0.000118163661682, 0.000172260726686, 5.41162880836e-05, 1.0383262028e-09],
        "median": [1.41071013786e-05, 0.00057111174101, 0.000283331522951, 0.000270545860985, 0.000541209708899, 0.00045372772729, 0.000825810187962, 0.000455458939541, 0.00090671266662, 0.00091807951685, 0.000355850759661, 0.0009608027176, 0.000641151564196, 0.000549394229893, 0.00100897601806, 0.00063703849446, 0.000925555243157, 0.000634413096122, 0.000425947277108, 0.000329953356413, 0.000383179838536, 7.56668523536e-05, 5.26827207068e-05, 6.60619843984e-05, 9.27392029553e-05, 2.9500315577e-05, 3.33334276847e-10],
        "min": [3.8896480703e-08, 6.8788790486e-07, 1.86536595947e-07, 3.05298129888e-07, 1.01506320789e-05, 1.32183740789e-05, 4.28511157224e-06, 1.21449547805e-05, 3.04439599859e-05, 2.59008338617e-05, 6.13039128439e-06, 3.83129990951e-05, 3.3933105442e-05, 1.29554009618e-05, 4.55379777122e-05, 2.0626344849e-05, 3.55865195161e-05, 2.1043828383e-05, 1.29559311972e-05, 1.20965878523e-05, 3.39110965797e-06, 1.61540151566e-06, 5.8046708773e-07, 3.27552612589e-07, 3.58227509878e-07, 1.69068030687e-07, 1.08149843248e-11],
        "var": [6.49551346044e-09, 6.15194448983e-06, 2.70755640486e-06, 4.25275800353e-07, 5.24316192241e-06, 1.79218318408e-06, 1.5098552467e-05, 1.21941111502e-05, 1.41547443491e-05, 1.12425277621e-05, 6.53619690638e-06, 7.71014401835e-06, 3.11817484544e-06, 1.98893781089e-06, 2.51233404924e-06, 1.36632718295e-06, 1.12260477181e-06, 5.15811223067e-07, 1.73689102212e-07, 7.11457488478e-08, 1.43609355518e-07, 1.56881281299e-08, 1.62096096545e-08, 2.42788260607e-08, 6.36270911514e-08, 5.12273645725e-09, 5.77929587295e-17]
    },
    "erbbands": {
        "dmean": [0.0301437992603, 0.196457833052, 0.69371432066, 1.02948772907, 2.34924697876, 3.08101677895, 5.47280502319, 4.89829826355, 15.6845760345, 18.5668029785, 20.8429527283, 33.1249923706, 26.7165794373, 45.2168273926, 37.389793396, 39.5901679993, 36.3364944458, 20.9468536377, 53.5525054932, 30.2204856873, 29.7307128906, 33.3988075256, 18.90143013, 16.1700057983, 8.69111251831, 8.13648223877, 9.31582641602, 5.64092588425, 2.68549370766, 2.22415351868, 1.48502337933, 1.23686361313, 1.07988595963, 1.16134786606, 0.676046252251, 0.18604798615, 0.0595335178077, 0.00510908057913, 9.51920737862e-05, 1.15711600301e-05],
        "dmean2": [0.0452562905848, 0.301279991865, 1.2553139925, 1.75907361507, 3.82492828369, 5.31216669083, 8.93000602722, 8.0969247818, 24.0050430298, 30.6126480103, 33.9503860474, 52.4167137146, 43.6766090393, 72.5209274292, 61.765625, 65.5680999756, 60.7398338318, 34.5265769958, 89.0099334717, 50.8174095154, 52.1050071716, 54.8586845398, 32.1896057129, 26.7414646149, 14.2970895767, 13.5855121613, 14.5028324127, 8.95172977448, 3.93429112434, 3.27979421616, 2.12716937065, 1.79640066624, 1.58959531784, 1.70432698727, 0.996979534626, 0.267928153276, 0.0854186490178, 0.00776321534067, 0.000138651885209, 1.66875524883e-05],
        "dvar": [0.00557805411518, 0.217062681913, 4.79041099548, 4.73998451233, 43.7322387695, 68.7291107178, 148.480285645, 80.137588501, 730.163024902, 3508.33666992, 2487.31201172, 4169.99414062, 2547.78320312, 6238.66943359, 4308.92236328, 4347.234375, 3529.61157227, 1176.94274902, 5388.26318359, 2628.13427734, 4138.43359375, 1501.15429688, 421.070678711, 349.162353516, 101.434066772, 82.2449874878, 126.241210938, 64.5233306885, 14.1146707535, 9.76950740814, 5.37419748306, 3.37627053261, 3.02070450783, 3.80990409851, 1.32120001316, 0.0890531912446, 0.00900595635176, 6.71907691867e-05, 2.21717648685e-08, 1.48447990012e-10],
        "dvar2": [0.011527097784, 0.419512033463, 13.9274873734, 13.257440567, 108.420341492, 189.145950317, 366.938293457, 219.092849731, 1382.8494873, 10551.8662109, 5613.41845703, 10475.1464844, 6434.07861328, 16128.8408203, 11518.5996094, 11846.8896484, 9391.29980469, 2941.57226562, 13823.3203125, 7394.42773438, 10045.1748047, 3961.140625, 1189.95495605, 904.396118164, 263.018615723, 222.633453369, 293.916442871, 160.710601807, 34.3114700317, 22.6443405151, 11.6087331772, 7.25742769241, 6.45633840561, 7.96688461304, 2.7362575531, 0.177688494325, 0.0182370897382, 0.000149338287883, 4.73649635069e-08, 3.17278564532e-10],
        "max": [0.678090333939, 3.54230284691, 15.7048826218, 15.7312574387, 68.9892730713, 105.92755127, 140.9009552, 83.6610946655, 663.288391113, 1069.60070801, 1371.56713867, 1009.73223877, 545.458251953, 1092.47070312, 722.879394531, 1065.24157715, 852.59967041, 516.946960449, 962.384033203, 783.459777832, 1370.20385742, 541.772033691, 236.000671387, 219.916503906, 130.809036255, 95.9090957642, 164.370834351, 110.608421326, 48.5628967285, 33.1680717468, 35.0958061218, 25.1090774536, 27.7904529572, 32.3546218872, 15.020526886, 4.12326145172, 1.15875601768, 0.120410233736, 0.00212809606455, 0.000158359966008],
        "mean": [0.0367813669145, 0.286338061094, 0.783729195595, 1.29050314426, 2.7046289444, 3.61338734627, 7.02129030228, 7.37886238098, 24.8402328491, 26.5267753601, 34.3969421387, 54.6661911011, 42.2223968506, 73.4160995483, 65.2781219482, 66.936050415, 60.3241119385, 39.6924362183, 90.9642181396, 55.5006332397, 54.5011253357, 69.4164657593, 49.2206764221, 39.1198196411, 21.016702652, 19.6171474457, 22.3310985565, 13.2725477219, 4.92786216736, 3.54627180099, 2.69217395782, 2.32759141922, 2.07496976852, 2.05206465721, 1.13289701939, 0.324748307467, 0.0883443579078, 0.00637848954648, 0.000146981634316, 3.96775139961e-05],
        "median": [0.0136345475912, 0.128823697567, 0.37378436327, 0.747234761715, 1.23559165001, 1.69441449642, 3.17526316643, 4.22302007675, 11.5250282288, 9.08919620514, 16.1760406494, 21.5807590485, 21.5779418945, 34.111743927, 29.8457012177, 39.4239349365, 32.9176979065, 24.6463546753, 63.155002594, 35.1698799133, 38.5446434021, 52.9430198669, 39.3778495789, 31.5627555847, 18.0572948456, 17.0499343872, 17.860452652, 10.5878448486, 3.25928902626, 1.96201527119, 1.36019361019, 1.2348190546, 1.19650685787, 1.09570908546, 0.605923056602, 0.182452335954, 0.0445713922381, 0.00302847172134, 8.43223097036e-05, 3.53552422894e-05],
        "min": [1.64729535754e-05, 0.000192510298803, 0.000495979969855, 0.00386758963577, 0.0150672839954, 0.0535593368113, 0.0570015199482, 0.24107517302, 0.121704660356, 0.349444001913, 0.503673374653, 0.775289595127, 1.00327813625, 2.04900407791, 1.54214000702, 3.52956056595, 3.9524564743, 2.39328765869, 6.14206171036, 4.09860277176, 3.38288664818, 3.21595239639, 2.28072214127, 0.831757366657, 0.560750067234, 0.620346903801, 0.232008382678, 0.109912708402, 0.0610981546342, 0.030038613826, 0.0177025310695, 0.0103561179712, 0.00419662799686, 0.00319439196028, 0.00288402964361, 0.00092090194812, 0.0001288583735, 8.10854999145e-06, 3.93799882659e-06, 4.47779621027e-06],
        "var": [0.00649621756747, 0.309219121933, 2.9262111187, 3.52620601654, 37.8741607666, 50.6588859558, 154.127990723, 95.1779556274, 2472.51147461, 5283.77392578, 5150.49853516, 8638.89160156, 4175.57861328, 10662.1289062, 9411.83300781, 7778.82226562, 6399.25195312, 2365.16040039, 8640.74121094, 4268.02197266, 5317.94677734, 3526.39208984, 1326.61572266, 965.101623535, 202.292190552, 172.922698975, 348.543212891, 128.599365234, 24.2359790802, 16.9509353638, 13.0752687454, 9.39515972137, 8.33539772034, 9.48345470428, 2.65654587746, 0.190712764859, 0.0148736080155, 8.59934953041e-05, 3.26969562536e-08, 4.01003202866e-10]
    },
    "gfcc": {
        "mean": [41.8675231934, 60.9220085144, -152.35345459, 18.4421100616, -59.8475151062, 15.1629133224, -42.2320518494, 20.3585243225, -31.7341518402, 10.9823923111, -20.0145149231, 2.54053425789, -7.94089126587],
        "cov": [[850.027099609, -103.840278625, 327.170043945, 133.707382202, -45.2624702454, 53.7622375488, -34.425327301, 61.6820411682, -7.07633733749, 11.6601104736, -49.5289115906, 23.7429485321, -23.9804286957], [-103.840278625, 558.571960449, 1.68044245243, 104.996673584, 153.868148804, 24.5775203705, 127.974472046, -7.01730823517, 35.9554290771, -40.5709037781, 14.5501098633, -44.7319335938, 18.5280742645], [327.170043945, 1.68044245243, 394.534210205, 174.910247803, 42.5803184509, 74.9971313477, -32.1354370117, 60.1777420044, 10.2665252686, 24.9200382233, -11.4621086121, 27.2852325439, -39.9424514771], [133.707382202, 104.996673584, 174.910247803, 258.499237061, 91.6967697144, 20.0385093689, 15.946513176, 52.0800704956, 7.87327384949, 5.77377176285, 31.4954681396, 21.2760848999, 3.37638020515], [-45.2624702454, 153.868148804, 42.5803184509, 91.6967697144, 186.222213745, 72.9368743896, 87.2629241943, 39.4152603149, -7.12317991257, 0.0365773029625, 1.046484828, 11.2728805542, 7.58048868179], [53.7622375488, 24.5775203705, 74.9971313477, 20.0385093689, 72.9368743896, 178.400512695, 82.9571609497, 10.4890136719, 10.6274728775, -4.60596704483, -16.1746940613, 5.70180606842, 10.2665338516], [-34.425327301, 127.974472046, -32.1354370117, 15.946513176, 87.2629241943, 82.9571609497, 143.218963623, 32.0993652344, 12.2884378433, -5.97874927521, -8.25535774231, -1.15841674805, 14.4607486725], [61.6820411682, -7.01730823517, 60.1777420044, 52.0800704956, 39.4152603149, 10.4890136719, 32.0993652344, 125.463890076, 40.0769958496, 30.2966785431, 16.335308075, 6.18068408966, 2.25130081177], [-7.07633733749, 35.9554290771, 10.2665252686, 7.87327384949, -7.12317991257, 10.6274728775, 12.2884378433, 40.0769958496, 82.4189071655, 34.7066383362, 12.7853889465, -9.26440620422, -3.7901301384], [11.6601104736, -40.5709037781, 24.9200382233, 5.77377176285, 0.0365773029625, -4.60596704483, -5.97874927521, 30.2966785431, 34.7066383362, 78.607711792, 32.6396865845, 6.41476535797, -1.90907967091], [-49.5289115906, 14.5501098633, -11.4621086121, 31.4954681396, 1.046484828, -16.1746940613, -8.25535774231, 16.335308075, 12.7853889465, 32.6396865845, 85.355178833, 26.3148918152, -2.82257676125], [23.7429485321, -44.7319335938, 27.2852325439, 21.2760848999, 11.2728805542, 5.70180606842, -1.15841674805, 6.18068408966, -9.26440620422, 6.41476535797, 26.3148918152, 67.3979721069, 21.5903949738], [-23.9804286957, 18.5280742645, -39.9424514771, 3.37638020515, 7.58048868179, 10.2665338516, 14.4607486725, 2.25130081177, -3.7901301384, -1.90907967091, -2.82257676125, 21.5903949738, 73.3475646973]],
        "icov": [[0.00212694006041, -0.000391807348933, -0.000944843690377, -0.000953685957938, 0.00219932920299, -0.000855781836435, 6.47961715003e-05, -0.0012982590124, 0.00151876104064, -0.00116873299703, 0.00223610317335, -0.00129733304493, 0.000759279471822], [-0.000391807348933, 0.0074769644998, -0.00508985482156, 0.00209233327769, -0.00729009183124, 0.00734900450334, -0.00823314860463, 0.00728893699124, -0.00822212081403, 0.00881559401751, -0.00921336188912, 0.0102650457993, -0.00733219645917], [-0.000944843690377, -0.00508985482156, 0.0119717987254, -0.00640980247408, 0.00535432528704, -0.00974100083113, 0.0103069068864, -0.00733834132552, 0.00632735062391, -0.00898635946214, 0.0110283531249, -0.0110555468127, 0.0105663128197], [-0.000953685957938, 0.00209233327769, -0.00640980247408, 0.0101901739836, -0.00684404652566, 0.00562657415867, -0.00359075539745, 0.00284212687984, -0.00430180225521, 0.00653121061623, -0.00913998577744, 0.00585038261488, -0.00638561975211], [0.00219932920299, -0.00729009183124, 0.00535432528704, -0.00684404652566, 0.0192262083292, -0.0101126562804, 0.00347389257513, -0.00972855649889, 0.0124505935237, -0.0112508824095, 0.0122386040166, -0.0119646172971, 0.0091769322753], [-0.000855781836435, 0.00734900450334, -0.00974100083113, 0.00562657415867, -0.0101126562804, 0.0188527163118, -0.0147830918431, 0.0104873813689, -0.0107847806066, 0.0107898963615, -0.0113210137933, 0.0116069382057, -0.0108295399696], [6.47961715003e-05, -0.00823314860463, 0.0103069068864, -0.00359075539745, 0.00347389257513, -0.0147830918431, 0.0247320849448, -0.0115843173116, 0.00779074756429, -0.00911133084446, 0.0123063288629, -0.0122163938358, 0.00930370017886], [-0.0012982590124, 0.00728893699124, -0.00733834132552, 0.00284212687984, -0.00972855649889, 0.0104873813689, -0.0115843173116, 0.0200909432024, -0.0135404570028, 0.0076948069036, -0.0114902621135, 0.0109563991427, -0.00935464166105], [0.00151876104064, -0.00822212081403, 0.00632735062391, -0.00430180225521, 0.0124505935237, -0.0107847806066, 0.00779074756429, -0.0135404570028, 0.0282950345427, -0.0171976294369, 0.0112474588677, -0.00885833520442, 0.00937442667782], [-0.00116873299703, 0.00881559401751, -0.00898635946214, 0.00653121061623, -0.0112508824095, 0.0107898963615, -0.00911133084446, 0.0076948069036, -0.0171976294369, 0.031299456954, -0.0201163478196, 0.0141766164452, -0.0116117401049], [0.00223610317335, -0.00921336188912, 0.0110283531249, -0.00913998577744, 0.0122386040166, -0.0113210137933, 0.0123063288629, -0.0114902621135, 0.0112474588677, -0.0201163478196, 0.0342635661364, -0.023341672495, 0.0159779470414], [-0.00129733304493, 0.0102650457993, -0.0110555468127, 0.00585038261488, -0.0119646172971, 0.0116069382057, -0.0122163938358, 0.0109563991427, -0.00885833520442, 0.0141766164452, -0.023341672495, 0.0373689197004, -0.0196096152067], [0.000759279471822, -0.00733219645917, 0.0105663128197, -0.00638561975211, 0.0091769322753, -0.0108295399696, 0.00930370017886, -0.00935464166105, 0.00937442667782, -0.0116117401049, 0.0159779470414, -0.0196096152067, 0.0273716356605]]
    },
    "melbands": {
        "dmean": [0.00025216821814, 0.000317217665724, 0.000214461062569, 0.000190621067304, 0.000177628724487, 0.000117592971947, 0.000244403956458, 0.000204247800866, 0.000198299094336, 0.000190335165826, 0.000148643157445, 0.000203640025575, 0.000127723949845, 0.000143365759868, 0.00010405224748, 5.94433840888e-05, 4.19688149123e-05, 9.32147086132e-05, 4.86387398269e-05, 3.65307205357e-05, 3.5740507883e-05, 3.51395028702e-05, 3.0427288948e-05, 2.01039238164e-05, 1.41859600262e-05, 9.52273785515e-06, 4.88305795443e-06, 5.78063099965e-06, 6.85104669174e-06, 5.27116390003e-06, 2.90314233098e-06, 1.55902421284e-06, 1.40468443988e-06, 1.29875456878e-06, 9.52931202391e-07, 7.53984807034e-07, 8.14966540474e-07, 8.10496374015e-07, 7.90685760421e-07, 1.15613556773e-06],
        "dmean2": [0.000360720325261, 0.000543356058188, 0.000356357952114, 0.000315758370562, 0.000294065190246, 0.000192169332877, 0.000375303148758, 0.000337259873049, 0.000321904255543, 0.000301819993183, 0.00024148261582, 0.000324192049447, 0.000215631458559, 0.000233446073253, 0.000174608358066, 9.89429681795e-05, 6.9862435339e-05, 0.000154828012455, 8.153894305e-05, 6.18849953753e-05, 6.25145039521e-05, 5.67233473703e-05, 5.26054500369e-05, 3.39474208886e-05, 2.31533176702e-05, 1.58500097314e-05, 8.10127312434e-06, 9.68938547885e-06, 1.09728634925e-05, 8.27131134429e-06, 4.69383121526e-06, 2.33108835346e-06, 2.11393057725e-06, 1.94257813746e-06, 1.4017898593e-06, 1.08756694317e-06, 1.23612505831e-06, 1.23728705148e-06, 1.15462114536e-06, 1.72795716935e-06],
        "dvar": [3.61992960052e-07, 8.18651130885e-07, 1.77718391114e-07, 2.6140540399e-07, 1.67080415281e-07, 4.42901288977e-08, 1.8710959182e-07, 3.68297122577e-07, 1.58494586344e-07, 1.28347423356e-07, 8.13194702687e-08, 1.27907171077e-07, 6.45099191843e-08, 6.82591689838e-08, 3.00705487177e-08, 8.5717779541e-09, 5.31387822633e-09, 1.61527751175e-08, 4.79468242887e-09, 2.9938935775e-09, 6.43580966297e-09, 1.92202187499e-09, 1.68580283066e-09, 5.72451530623e-10, 3.04452879574e-10, 1.15885231966e-10, 4.09067155149e-11, 4.21174102538e-11, 7.96389482138e-11, 4.83933899897e-11, 1.70244651709e-11, 4.56209766145e-12, 5.16427959424e-12, 3.14277597002e-12, 2.4919912054e-12, 1.21631383351e-12, 1.60218875927e-12, 1.79418188206e-12, 1.60607822614e-12, 3.89953304022e-12],
        "dvar2": [6.75678279549e-07, 2.29676902563e-06, 4.62773044774e-07, 6.70743531828e-07, 4.30956447417e-07, 1.1786752907e-07, 3.83318536024e-07, 1.10500616302e-06, 3.73602574655e-07, 3.20870071846e-07, 2.06123161206e-07, 3.31686663912e-07, 1.64949156556e-07, 1.7238339467e-07, 7.92909418124e-08, 2.15854605301e-08, 1.32697728361e-08, 4.08211136005e-08, 1.25602905854e-08, 8.03319721854e-09, 1.54499115723e-08, 4.89470153298e-09, 4.81830531029e-09, 1.6150681903e-09, 7.77818032205e-10, 2.91240032091e-10, 1.14989934241e-10, 1.12088130444e-10, 1.87150378528e-10, 1.1944073508e-10, 4.41048829403e-11, 1.09121531255e-11, 1.33955702433e-11, 7.29364745683e-12, 5.94603533077e-12, 2.37401396284e-12, 3.70488752524e-12, 4.13862173698e-12, 3.49604741857e-12, 8.5064490174e-12],
        "max": [0.00543832778931, 0.00656769005582, 0.00288619007915, 0.00557019142434, 0.00463181827217, 0.00194151024334, 0.0102020306513, 0.00969690270722, 0.00940281152725, 0.00553903868422, 0.00334401801229, 0.00482007395476, 0.00353366625495, 0.00464006513357, 0.0024074697867, 0.00125972751994, 0.00117555388715, 0.0019613688346, 0.000895880279131, 0.000680308032315, 0.00168952695094, 0.000740256335121, 0.000495658139698, 0.000256253610132, 0.000180539063876, 0.000134081928991, 0.000107875632239, 6.38433775748e-05, 0.000126956103486, 0.000112191191874, 4.98330919072e-05, 2.40685258177e-05, 3.20204890158e-05, 1.75899476744e-05, 2.39226010308e-05, 1.61196239787e-05, 1.72199743247e-05, 1.91134040506e-05, 2.80270505755e-05, 3.3011277992e-05],
        "mean": [0.000343193794833, 0.000405321130529, 0.00026746338699, 0.000229979457799, 0.000227903874475, 0.000173283900949, 0.00038099536323, 0.000289048795821, 0.000322426727507, 0.000313270429615, 0.000218641085667, 0.00031710442272, 0.000211921680602, 0.000216711603571, 0.000165995661519, 9.7186442872e-05, 6.99329611962e-05, 0.000153564629727, 8.39411368361e-05, 6.47068809485e-05, 5.87114554946e-05, 6.77065982018e-05, 6.0929931351e-05, 4.32560409536e-05, 3.01195632346e-05, 1.93074029085e-05, 1.09858092401e-05, 1.27678704303e-05, 1.48293520397e-05, 1.15647671919e-05, 6.03145008427e-06, 2.72444435723e-06, 2.01380316867e-06, 1.9966776108e-06, 1.56462010636e-06, 1.3797266547e-06, 1.43718580148e-06, 1.4559942656e-06, 1.40853978792e-06, 1.90191713045e-06],
        "median": [0.000147555110743, 0.000220072019147, 0.000161081581609, 0.000107571351691, 0.000112005982373, 9.46666114032e-05, 0.000171722029336, 9.58457239904e-05, 0.000144440127769, 0.000126583327074, 0.000102133839391, 0.000144374149386, 8.26567993499e-05, 9.95138980215e-05, 9.058816795e-05, 5.29039061803e-05, 3.97117437387e-05, 0.000106308863906, 5.38641543244e-05, 4.32137931057e-05, 3.91137837141e-05, 4.79569534946e-05, 4.09432468587e-05, 3.26402805513e-05, 2.19133489736e-05, 1.55127836479e-05, 8.94037475518e-06, 1.06914958451e-05, 1.12447842184e-05, 9.17098896025e-06, 4.4519988478e-06, 1.71428484919e-06, 1.10993028102e-06, 1.06400295863e-06, 7.53972415168e-07, 6.87695091983e-07, 7.52935534365e-07, 8.43349653223e-07, 7.78328512752e-07, 9.64708874562e-07],
        "min": [2.06197597663e-07, 1.7961488652e-07, 9.31230943024e-07, 2.54687643064e-06, 2.05072728932e-06, 3.547916549e-06, 1.3389196738e-06, 3.123785973e-06, 3.44424756804e-06, 3.66978952115e-06, 4.51946471003e-06, 6.73908016324e-06, 2.4250352908e-06, 5.94280481891e-06, 3.87081081499e-06, 3.81274503525e-06, 1.23884456116e-06, 5.0781459322e-06, 3.30896523337e-06, 1.06708228031e-06, 1.9784961296e-06, 1.52776885898e-06, 2.82969313048e-06, 5.86626413224e-07, 6.07425761245e-07, 4.16179943841e-07, 3.9370300442e-07, 4.2007417278e-07, 1.74227224647e-07, 6.9454777929e-08, 5.98152425368e-08, 3.64369299177e-08, 2.60858410428e-08, 1.10425997235e-08, 7.90272114415e-09, 1.23397700946e-08, 4.38870362274e-09, 3.01075719911e-09, 2.37784836266e-09, 2.86800050375e-09],
