{
"highlevel": {
    "danceability": {
        "all": {
            "danceable": 0.00572696933523,
            "not_danceable": 0.994273006916
        },
        "probability": 0.994273006916,
        "value": "not_danceable"
    },
    "gender": {
        "all": {
            "female": 0.0594302080572,
            "male": 0.94056981802
        },
        "probability": 0.94056981802,
        "value": "male"
    },
    "genre_dortmund": {
        "all": {
            "alternative": 0.256778210402,
            "blues": 0.0833871588111,
            "electronic": 0.030165810138,
            "folkcountry": 0.0501492135227,
            "funksoulrnb": 0.018412033096,
            "jazz": 0.0937342494726,
            "pop": 0.0339489877224,
            "raphiphop": 0.0024214014411,
            "rock": 0.431002944708
        },
        "probability": 0.431002944708,
        "value": "rock"
    },
    "genre_electronic": {
        "all": {
            "ambient": 0.441195726395,
            "dnb": 0.161473244429,
            "house": 0.0675711929798,
            "techno": 0.0208077989519,
            "trance": 0.30895203352
        },
        "probability": 0.441195726395,
        "value": "ambient"
    },
    "genre_rosamerica": {
        "all": {
            "cla": 0.00267995102331,
            "dan": 0.0019409514498,
            "hip": 0.000804327777587,
            "jaz": 0.00224562734365,
            "pop": 0.0109253227711,
            "rhy": 0.000838628446218,
            "roc": 0.980216383934,
            "spe": 0.000348781439243
        },
        "probability": 0.980216383934,
        "value": "roc"
    },
    "genre_tzanetakis": {
        "all": {
            "blu": 0.0626541376114,
            "cla": 0.0348133966327,
            "cou": 0.0783501937985,
            "dis": 0.104547761381,
            "hip": 0.15693578124,
            "jaz": 0.313987255096,
            "met": 0.044816005975,
            "pop": 0.0627349764109,
            "reg": 0.0627352520823,
            "roc": 0.0784252434969
        },
        "probability": 0.313987255096,
        "value": "jaz"
    },
    "ismir04_rhythm": {
        "all": {
            "ChaChaCha": 0.405860364437,
            "Jive": 0.0791301727295,
            "Quickstep": 0.0658423528075,
            "Rumba-American": 0.0258786473423,
            "Rumba-International": 0.00723016029224,
            "Rumba-Misc": 0.00303328968585,
            "Samba": 0.236606478691,
            "Tango": 0.149204283953,
            "VienneseWaltz": 0.0218744762242,
            "Waltz": 0.00533979013562
        },
        "probability": 0.405860364437,
        "value": "ChaChaCha"
    },
    "mood_acoustic": {
        "all": {
            "acoustic": 0.0203042384237,
            "not_acoustic": 0.979695737362
        },
        "probability": 0.979695737362,
        "value": "not_acoustic"
    },
    "mood_aggressive": {
        "all": {
            "aggressive": 0.975433349609,
            "not_aggressive": 0.0245666243136
        },
        "probability": 0.975433349609,
        "value": "aggressive"
    },
    "mood_electronic": {
        "all": {
            "electronic": 0.201137974858,
            "not_electronic": 0.798862040043
        },
        "probability": 0.798862040043,
        "value": "not_electronic"
    },
    "mood_happy": {
        "all": {
            "happy": 0.652233660221,
            "not_happy": 0.347766369581
        },
        "probability": 0.652233660221,
        "value": "happy"
    },
    "mood_party": {
        "all": {
            "not_party": 0.282373011112,
            "party": 0.717626988888
        },
        "probability": 0.717626988888,
        "value": "party"
    },
    "mood_relaxed": {
        "all": {
            "not_relaxed": 0.98811095953,
            "relaxed": 0.0118890395388
        },
        "probability": 0.98811095953,
        "value": "not_relaxed"
    },
    "mood_sad": {
        "all": {
            "not_sad": 0.883495807648,
            "sad": 0.116504170001
        },
        "probability": 0.883495807648,
        "value": "not_sad"
    },
    "moods_mirex": {
        "all": {
            "Cluster1": 0.422908306122,
            "Cluster2": 0.0919289588928,
            "Cluster3": 0.134984895587,
            "Cluster4": 0.0849563255906,
            "Cluster5": 0.265221506357
        },
        "probability": 0.422908306122,
        "value": "Cluster1"
    },
    "timbre": {
        "all": {
            "bright": 0.867138385773,
            "dark": 0.132861614227
        },
        "probability": 0.867138385773,
        "value": "bright"
    },
    "tonal_atonal": {
        "all": {
            "atonal": 0.00965051818639,
            "tonal": 0.990349471569
        },
        "probability": 0.990349471569,
        "value": "tonal"
    },
    "voice_instrumental": {
        "all": {
            "instrumental": 0.0279839783907,
            "voice": 0.97201603651
        },
        "probability": 0.97201603651,
        "value": "voice"
    }
},
"lowlevel": {
    "average_loudness": 0.966997981071,
    "barkbands_crest": {
        "dmean": 2.00052237511,
        "dmean2": 3.28264856339,
        "dvar": 3.87358689308,
        "dvar2": 10.4153995514,
        "max": 18.3566226959,
        "mean": 7.02872419357,
        "median": 6.41760206223,
        "min": 2.8791782856,
        "var": 6.8144903183
    },
    "barkbands_flatness_db": {
        "dmean": 0.0168230086565,
        "dmean2": 0.0266587734222,
        "dvar": 0.000258723826846,
        "dvar2": 0.000663328333758,
        "max": 0.245940983295,
        "mean": 0.118601292372,
        "median": 0.115383982658,
        "min": 0.0534754991531,
        "var": 0.000703432247974
    },
    "barkbands_kurtosis": {
        "dmean": 0.814838409424,
        "dmean2": 1.34154486656,
        "dvar": 1.83870542049,
        "dvar2": 4.94702959061,
        "max": 16.4698944092,
        "mean": -0.0457224734128,
        "median": -0.501491785049,
        "min": -1.72920465469,
        "var": 2.52686786652
    },
    "barkbands_skewness": {
        "dmean": 0.378685116768,
        "dmean2": 0.586998522282,
        "dvar": 0.16334630549,
        "dvar2": 0.406112700701,
        "max": 3.93634986877,
        "mean": 0.671666324139,
        "median": 0.622537910938,
        "min": -0.825949013233,
        "var": 0.357502013445
    },
    "barkbands_spread": {
        "dmean": 5.11806964874,
        "dmean2": 7.53893518448,
        "dvar": 23.8418483734,
        "dvar2": 54.7903823853,
        "max": 69.1905593872,
        "mean": 30.0824928284,
        "median": 29.5153236389,
        "min": 6.30772638321,
        "var": 112.050727844
    },
    "dissonance": {
        "dmean": 0.0131711512804,
        "dmean2": 0.0221566576511,
        "dvar": 0.000165804682183,
        "dvar2": 0.000431892403867,
        "max": 0.5,
        "mean": 0.475884646177,
        "median": 0.480591356754,
        "min": 0.369988918304,
        "var": 0.000327473389916
    },
    "dynamic_complexity": 1.26203119755,
    "erbbands_crest": {
        "dmean": 2.41551852226,
        "dmean2": 3.92407894135,
        "dvar": 4.70146131516,
        "dvar2": 11.9447126389,
        "max": 24.4561786652,
        "mean": 8.48960113525,
        "median": 7.68413114548,
        "min": 2.69535732269,
        "var": 12.4664964676
    },
    "erbbands_flatness_db": {
        "dmean": 0.0166450254619,
        "dmean2": 0.0229351781309,
        "dvar": 0.00022373230604,
        "dvar2": 0.000394033064367,
        "max": 0.302023947239,
        "mean": 0.162795752287,
        "median": 0.159984901547,
        "min": 0.0927376970649,
        "var": 0.00101792218629
    },
    "erbbands_kurtosis": {
        "dmean": 0.644897341728,
        "dmean2": 1.00459825993,
        "dvar": 0.427038550377,
        "dvar2": 1.02166330814,
        "max": 7.44950962067,
        "mean": 0.346791565418,
        "median": 0.10743689537,
        "min": -1.45496463776,
        "var": 1.23840403557
    },
    "erbbands_skewness": {
        "dmean": 0.279577046633,
        "dmean2": 0.412151396275,
        "dvar": 0.0592653602362,
        "dvar2": 0.140162348747,
        "max": 1.82433855534,
        "mean": -0.115321196616,
        "median": -0.135310485959,
        "min": -1.83569610119,
        "var": 0.350015461445
    },
    "erbbands_spread": {
        "dmean": 6.5487818718,
        "dmean2": 9.85306453705,
        "dvar": 37.3420410156,
        "dvar2": 86.8876495361,
        "max": 78.850440979,
        "mean": 31.5583572388,
        "median": 30.2106628418,
        "min": 6.11193990707,
        "var": 113.929672241
    },
    "hfc": {
        "dmean": 7.15476560593,
        "dmean2": 10.2535190582,
        "dvar": 44.2239685059,
        "dvar2": 89.2377548218,
        "max": 74.8346405029,
        "mean": 31.0030632019,
        "median": 28.5492210388,
        "min": 3.46023464203,
        "var": 182.957809448
    },
    "melbands_crest": {
        "dmean": 3.1514441967,
        "dmean2": 5.03449678421,
        "dvar": 10.6848926544,
        "dvar2": 26.6521625519,
        "max": 29.0975723267,
        "mean": 11.9008169174,
        "median": 11.0173444748,
        "min": 3.30979776382,
        "var": 20.2065563202
    },
    "melbands_flatness_db": {
        "dmean": 0.0225034262985,
        "dmean2": 0.0341804847121,
        "dvar": 0.000522331916727,
        "dvar2": 0.00122683041263,
        "max": 0.331270128489,
        "mean": 0.146907225251,
        "median": 0.143680676818,
        "min": 0.0441843308508,
        "var": 0.00145585020073
    },
    "melbands_kurtosis": {
        "dmean": 2.88480186462,
        "dmean2": 4.74393415451,
        "dvar": 23.9496898651,
        "dvar2": 62.2071380615,
        "max": 56.0952148438,
        "mean": 3.70158958435,
        "median": 2.21130084991,
        "min": -1.35922884941,
        "var": 27.7320690155
    },
    "melbands_skewness": {
        "dmean": 0.570299863815,
        "dmean2": 0.88059180975,
        "dvar": 0.427221655846,
        "dvar2": 1.02814376354,
        "max": 6.81010770798,
        "mean": 1.66254591942,
        "median": 1.47605931759,
        "min": -0.531930208206,
        "var": 0.83454978466
    },
    "melbands_spread": {
        "dmean": 8.35591697693,
        "dmean2": 12.6709003448,
        "dvar": 78.5978546143,
        "dvar2": 177.869995117,
        "max": 131.328186035,
        "mean": 37.1168022156,
        "median": 35.0790596008,
        "min": 5.00456523895,
        "var": 240.919281006
    },
    "pitch_salience": {
        "dmean": 0.0608607307076,
        "dmean2": 0.0982067286968,
        "dvar": 0.00295366812497,
        "dvar2": 0.00803374871612,
        "max": 0.774564146996,
        "mean": 0.573953270912,
        "median": 0.57649821043,
        "min": 0.285236060619,
        "var": 0.00653077289462
    },
    "silence_rate_20dB": {
        "dmean": 0,
        "dmean2": 0,
        "dvar": 0,
        "dvar2": 0,
        "max": 1,
        "mean": 1,
        "median": 1,
        "min": 1,
        "var": 0
    },
    "silence_rate_30dB": {
        "dmean": 0,
        "dmean2": 0,
        "dvar": 0,
        "dvar2": 0,
        "max": 1,
        "mean": 1,
        "median": 1,
        "min": 1,
        "var": 0
    },
    "silence_rate_60dB": {
        "dmean": 0,
        "dmean2": 0,
        "dvar": 0,
        "dvar2": 0,
        "max": 0,
        "mean": 0,
        "median": 0,
        "min": 0,
        "var": 0
    },
    "spectral_centroid": {
        "dmean": 242.679855347,
        "dmean2": 356.883422852,
        "dvar": 50210.9179688,
        "dvar2": 102607.039062,
        "max": 3875.14428711,
        "mean": 1874.57409668,
        "median": 1860.3112793,
        "min": 584.001525879,
        "var": 244798.765625
    },
    "spectral_complexity": {
        "dmean": 5.22523212433,
        "dmean2": 7.55925655365,
        "dvar": 19.8602828979,
        "dvar2": 40.9667663574,
        "max": 54,
        "mean": 30.940448761,
        "median": 31,
        "min": 10,
        "var": 74.5028610229
    },
    "spectral_decrease": {
        "dmean": 2.493688811e-09,
        "dmean2": 3.90772125769e-09,
        "dvar": 1.39549654133e-17,
        "dvar2": 3.5036303562e-17,
        "max": -1.12657505547e-09,
        "mean": -7.49827488988e-09,
        "median": -6.71020483622e-09,
        "min": -2.75382578963e-08,
        "var": 1.75847431291e-17
    },
    "spectral_energy": {
        "dmean": 0.00989467836916,
        "dmean2": 0.0154227353632,
        "dvar": 0.00020880777447,
        "dvar2": 0.000521059439052,
        "max": 0.109198749065,
        "mean": 0.0311122518033,
        "median": 0.0280133672059,
        "min": 0.00521273817867,
        "var": 0.000276980514172
    },
    "spectral_energyband_high": {
        "dmean": 0.000507287273649,
        "dmean2": 0.000675940536894,
        "dvar": 2.92490483389e-07,
        "dvar2": 5.21723052316e-07,
        "max": 0.00687496038154,
        "mean": 0.00124868121929,
        "median": 0.000957386917435,
        "min": 9.3129256129e-06,
        "var": 1.07723838028e-06
    },
    "spectral_energyband_low": {
        "dmean": 0.00597095210105,
        "dmean2": 0.0098711559549,
        "dvar": 0.000146371254232,
        "dvar2": 0.000381500110961,
        "max": 0.0860895216465,
        "mean": 0.00935660302639,
        "median": 0.00717684067786,
        "min": 9.66064999375e-06,
        "var": 0.000132741086418
    },
    "spectral_energyband_middle_high": {
        "dmean": 0.00277786259539,
        "dmean2": 0.00430847983807,
        "dvar": 8.34810907691e-06,
        "dvar2": 1.85346161743e-05,
        "max": 0.0318993851542,
        "mean": 0.0106327403337,
        "median": 0.00951721239835,
        "min": 0.000977869494818,
        "var": 3.17654885293e-05
    },
    "spectral_energyband_middle_low": {
        "dmean": 0.00421543512493,
        "dmean2": 0.00674097705632,
        "dvar": 3.26461849909e-05,
        "dvar2": 8.50761571201e-05,
        "max": 0.0517904311419,
        "mean": 0.0108548142016,
        "median": 0.00902668107301,
        "min": 0.000701866461895,
        "var": 5.17727530678e-05
    },
    "spectral_entropy": {
        "dmean": 0.123795747757,
        "dmean2": 0.172873198986,
        "dvar": 0.0136226722971,
        "dvar2": 0.0256965663284,
        "max": 8.34780693054,
        "mean": 7.7614402771,
        "median": 7.78512096405,
        "min": 6.66519069672,
        "var": 0.0616758242249
    },
    "spectral_flux": {
        "dmean": 0.0273074992001,
        "dmean2": 0.0406762473285,
        "dvar": 0.000833796802908,
        "dvar2": 0.00176248082425,
        "max": 0.281680345535,
        "mean": 0.0978124365211,
        "median": 0.0883324220777,
        "min": 0.0241347961128,
        "var": 0.00174726778641
    },
    "spectral_kurtosis": {
        "dmean": 1.35388255119,
        "dmean2": 2.23808693886,
        "dvar": 2.2353374958,
        "dvar2": 5.92409038544,
        "max": 20.3296127319,
        "mean": 3.64413332939,
        "median": 3.26088237762,
        "min": -0.403430700302,
        "var": 4.21689414978
    },
    "spectral_rms": {
        "dmean": 0.000802151218522,
        "dmean2": 0.00121187896002,
        "dvar": 1.00834154182e-06,
        "dvar2": 2.39111523115e-06,
        "max": 0.0103215966374,
        "mean": 0.00533963926136,
        "median": 0.00522782094777,
        "min": 0.00225512706675,
        "var": 1.84162956884e-06
    },
    "spectral_rolloff": {
        "dmean": 452.113342285,
        "dmean2": 721.454223633,
        "dvar": 321924.125,
        "dvar2": 704837.125,
        "max": 6589.16015625,
        "mean": 2071.21630859,
        "median": 2024.12109375,
        "min": 129.19921875,
        "var": 854103
    },
    "spectral_skewness": {
        "dmean": 0.185868531466,
        "dmean2": 0.290602087975,
        "dvar": 0.0317297317088,
        "dvar2": 0.0706279799342,
        "max": 2.86344599724,
        "mean": 1.23596215248,
        "median": 1.21550261974,
        "min": 0.380320101976,
        "var": 0.100329473615
    },
    "spectral_spread": {
        "dmean": 416740.8125,
        "dmean2": 570295.75,
        "dvar": 172810715136,
        "dvar2": 292087988224,
        "max": 10635850,
        "mean": 3866882.5,
        "median": 3794759.25,
        "min": 1824099.875,
        "var": 622072889344
    },
    "spectral_strongpeak": {
        "dmean": 0.719096958637,
        "dmean2": 1.26970112324,
        "dvar": 1.17971241474,
        "dvar2": 2.97662830353,
        "max": 8.83084392548,
        "mean": 1.1080300808,
        "median": 0.491032451391,
        "min": 0.0464093089104,
        "var": 1.61157298088
    },
    "zerocrossingrate": {
        "dmean": 0.00925958156586,
        "dmean2": 0.0108556533232,
        "dvar": 7.24859419279e-05,
        "dvar2": 8.9515306172e-05,
        "max": 0.19970703125,
        "mean": 0.0741485133767,
        "median": 0.0712890625,
        "min": 0.02099609375,
        "var": 0.000482179253595
    },
    "barkbands": {
        "dmean": [5.68176837987e-05, 0.00198683422059, 0.00389742781408, 0.0016945451498, 0.00163911329582, 0.000537065963726, 0.00050404900685, 0.0005517337122, 0.00142417522147, 0.000654316332657, 0.000847799587063, 0.000580179679673, 0.000875730824191, 0.000447114056442, 0.000602737884037, 0.000614447228145, 0.000506269570906, 0.000236898806179, 0.000319108250551, 0.000261731620412, 0.000208760684473, 0.00012475294352, 8.53456076584e-05, 4.63002652396e-05, 2.88914798148e-05, 7.34838522476e-06, 2.39756769993e-09],
        "dmean2": [9.50346657191e-05, 0.00332522089593, 0.0065159429796, 0.00292186392471, 0.00271497573704, 0.000862395390868, 0.000776788336225, 0.000843167654239, 0.00223160092719, 0.00103298854083, 0.00131901167333, 0.000950787623879, 0.00141131761484, 0.000694614776876, 0.000964967883192, 0.00100195966661, 0.000830626056995, 0.000380191253498, 0.000487096345751, 0.000405844970373, 0.000311841926305, 0.00018027756596, 0.000120394550322, 6.60200821585e-05, 3.84754966944e-05, 1.06717425297e-05, 3.53776186124e-09],
        "dvar": [1.41901530526e-08, 1.11277067845e-05, 7.79021647759e-05, 1.16135706776e-05, 5.86764053878e-06, 6.07650747497e-07, 6.65941172429e-07, 1.23130598695e-06, 6.22753441348e-06, 1.1187379414e-06, 2.51229107562e-06, 8.04494106887e-07, 1.8948574052e-06, 3.81579866371e-07, 8.03566422292e-07, 8.36599895138e-07, 4.74126125027e-07, 1.07474917854e-07, 1.12498618421e-07, 8.41018987785e-08, 4.97680510136e-08, 2.60620662829e-08, 1.32406334785e-08, 4.65754546042e-09, 1.56155677278e-09, 8.46806791355e-11, 1.51960061254e-15],
        "dvar2": [3.70077692935e-08, 3.04540117213e-05, 0.000202824972803, 3.15395118378e-05, 1.58562270371e-05, 1.52789118602e-06, 1.27704981878e-06, 2.70553505288e-06, 1.55983852892e-05, 2.56069506577e-06, 5.83941891819e-06, 1.95398820324e-06, 4.61065792479e-06, 8.32937757878e-07, 1.97769941224e-06, 2.01978036785e-06, 1.12679674658e-06, 2.85341997142e-07, 2.65602267291e-07, 1.92455217984e-07, 1.09472871657e-07, 5.62244082403e-08, 2.65631747709e-08, 9.50338208128e-09, 2.82068568502e-09, 1.87484916481e-10, 1.52823717223e-15],
        "max": [0.00159117754083, 0.0274680331349, 0.063842728734, 0.0315497815609, 0.0208803918213, 0.0107473852113, 0.0158619247377, 0.0144088547677, 0.0351105444133, 0.0118584427983, 0.0228883363307, 0.0135791674256, 0.0200758203864, 0.00886355806142, 0.0126661602408, 0.0126241231337, 0.0113106993958, 0.00476429518312, 0.00471247546375, 0.00368324667215, 0.00246151303872, 0.00228134146892, 0.00163656298537, 0.000984716811217, 0.000454824097687, 9.45069041336e-05, 1.40197323617e-06],
        "mean": [6.97342402418e-05, 0.00365626369603, 0.00478444574401, 0.00222731335089, 0.00276545039378, 0.00104441808071, 0.000940326834098, 0.000908170302864, 0.00275915488601, 0.00112720881589, 0.00148870644625, 0.000907451438252, 0.0016626190627, 0.000826495233923, 0.00105474400334, 0.00114909105469, 0.00101185659878, 0.000445734127425, 0.000730498693883, 0.000562788802199, 0.000437826180132, 0.000243551519816, 0.000160090901772, 8.68742135935e-05, 4.94480700581e-05, 1.2023945601e-05, 2.1041366427e-09],
        "median": [2.54058704741e-05, 0.0031191802118, 0.00205896981061, 0.001392756938, 0.00197231443599, 0.000748949300032, 0.000375891220756, 0.000376161158783, 0.000879362458363, 0.000592789321672, 0.000715193222277, 0.000525560346432, 0.00100046943408, 0.000530614110176, 0.000573176541366, 0.000584618770517, 0.000689580047037, 0.000340337923262, 0.000574583711568, 0.000460705865407, 0.000344098021742, 0.000160850584507, 9.31059912546e-05, 5.33578131581e-05, 2.61598761426e-05, 7.33519436835e-06, 4.27714974549e-10],
        "min": [7.22749788906e-08, 7.10648691893e-07, 1.04317723526e-06, 2.21481559493e-06, 3.56764248863e-05, 1.66970567079e-05, 5.43547685083e-06, 1.06988827611e-05, 1.2515223716e-05, 1.28280644276e-05, 1.41052660183e-05, 1.01981368061e-05, 6.2002204686e-06, 1.06388979475e-05, 1.56863370648e-05, 8.34042657516e-06, 1.72042600752e-05, 6.57814462102e-06, 1.54340068548e-05, 2.37072572418e-06, 1.88194587736e-06, 1.72086345174e-06, 2.8985937206e-07, 1.1312201309e-07, 7.32251805857e-08, 4.47713732754e-09, 1.41229606135e-11],
        "var": [1.47833505437e-08, 1.27725370476e-05, 6.58757489873e-05, 9.10601374926e-06, 6.6614888965e-06, 1.15859461403e-06, 2.31078797697e-06, 2.4655123525e-06, 1.59578066814e-05, 2.30229534282e-06, 5.2452141972e-06, 1.29001261939e-06, 4.13935049437e-06, 8.32643422655e-07, 1.6946822825e-06, 1.98550878849e-06, 1.3864223547e-06, 1.51885885202e-07, 3.3680839806e-07, 1.97937467306e-07, 1.38284903528e-07, 6.60198224978e-08, 3.33382139672e-08, 1.05878754653e-08, 3.72133746041e-09, 1.8362739107e-10, 1.51919636606e-15]
    },
    "erbbands": {
        "dmean": [0.0292649753392, 0.604657113552, 4.05863618851, 4.4299697876, 7.27824401855, 4.4378080368, 4.23410224915, 4.7183804512, 6.58512592316, 8.6052570343, 16.0976161957, 36.601184845, 13.0262346268, 25.341085434, 34.9164352417, 23.2486476898, 43.1732368469, 21.4030246735, 31.5847034454, 26.5377693176, 31.6480140686, 26.2529602051, 14.1768255234, 12.6278190613, 17.4739303589, 11.3619003296, 9.28302001953, 7.9281129837, 4.91059112549, 3.5152156353, 2.24464464188, 1.14748120308, 0.714311957359, 0.412658035755, 0.162658452988, 0.0420031398535, 0.01324972976, 0.00146362103987, 2.82502460323e-05, 1.20508411783e-05],
        "dmean2": [0.0474385842681, 1.01075088978, 6.82446146011, 7.43214988708, 12.1546773911, 7.41892814636, 7.09779787064, 7.59243249893, 10.2774219513, 13.4669704437, 24.0280647278, 58.251865387, 19.5449066162, 39.4195899963, 55.0150184631, 37.7698020935, 69.6890106201, 33.3786354065, 49.7042884827, 43.4227638245, 51.8527603149, 43.1974716187, 22.6049976349, 19.1636238098, 27.0278587341, 17.5164852142, 14.0596342087, 11.717713356, 7.19940185547, 5.05243349075, 3.1047911644, 1.67234945297, 1.00765526295, 0.564318716526, 0.222422704101, 0.0602421015501, 0.0198201350868, 0.00225616269745, 4.12098997913e-05, 1.81881641765e-05],
        "dvar": [0.0026241641026, 1.14348244667, 81.5617599487, 73.5042724609, 182.845870972, 37.5431785583, 33.284828186, 62.4826927185, 118.046859741, 392.671722412, 805.825439453, 4427.63818359, 470.10647583, 1564.82995605, 4558.65039062, 947.395141602, 5226.41992188, 869.946899414, 2416.62255859, 1584.82836914, 2193.8828125, 1334.47070312, 412.996124268, 203.562301636, 361.838867188, 162.216003418, 138.54800415, 72.7715606689, 35.761756897, 22.6220397949, 8.92562294006, 3.3529355526, 1.06617605686, 0.338392615318, 0.0518128201365, 0.00306878378615, 0.000320552586345, 5.77269156565e-06, 1.52215395843e-09, 2.58616766891e-10],
        "dvar2": [0.00717882439494, 3.11597919464, 212.923049927, 192.230834961, 479.613037109, 103.304946899, 88.8662643433, 150.678695679, 253.859268188, 848.871154785, 1632.69543457, 11372.7998047, 977.035339355, 3474.36450195, 10976.9482422, 2358.44702148, 12680.5791016, 1901.58166504, 5718.25830078, 4224.56738281, 5532.64550781, 3334.35351562, 1105.32531738, 500.774871826, 845.290588379, 375.805541992, 318.182159424, 172.532501221, 77.1764144897, 50.197353363, 17.5401420593, 7.22821092606, 2.10674071312, 0.616660952568, 0.0970279872417, 0.00676613627002, 0.000738771399483, 1.32016266434e-05, 3.28922133974e-09, 6.2599275763e-10],
        "max": [0.577436804771, 7.61294460297, 59.6696777344, 67.8857650757, 100.481391907, 72.4885253906, 66.2389678955, 128.815155029, 172.478607178, 373.093078613, 332.13394165, 742.612060547, 390.733306885, 475.866424561, 955.948181152, 369.876342773, 1094.56774902, 494.130645752, 636.805786133, 615.171447754, 535.197509766, 657.854736328, 320.18157959, 250.958465576, 251.702178955, 169.820571899, 185.561431885, 106.22089386, 72.2515945435, 59.4067077637, 40.6410522461, 23.5969181061, 15.1993141174, 7.15143966675, 2.72917175293, 0.909086287022, 0.186206117272, 0.021365121007, 0.000378619151888, 0.000128701532958],
        "mean": [0.0660188570619, 1.00984346867, 5.27819681168, 5.94055318832, 10.3579721451, 7.72623252869, 7.75936365128, 9.36553001404, 13.2921028137, 15.2662220001, 29.428817749, 69.5566253662, 26.4000015259, 47.8358688354, 64.0296707153, 43.638217926, 83.7272567749, 45.9356079102, 56.3555335999, 50.8930244446, 62.4966964722, 54.276348114, 29.2968387604, 28.2736492157, 40.5035362244, 25.8077259064, 18.7770519257, 15.720998764, 9.82894039154, 6.59295558929, 4.13794326782, 2.11592650414, 1.30381941795, 0.681433320045, 0.277962446213, 0.0752291455865, 0.0194513369352, 0.00179714593105, 5.53125501028e-05, 4.10242937505e-05],
        "median": [0.0419081524014, 0.76528352499, 2.83672475815, 3.75750541687, 6.70193958282, 5.72420072556, 5.08740282059, 5.4490032196, 5.67370891571, 7.56291818619, 13.5644254684, 22.0432853699, 14.4605102539, 26.5105209351, 35.1560249329, 30.0701694489, 49.5340232849, 33.971446991, 30.2557144165, 31.1701488495, 33.9997825623, 39.0289993286, 23.5415172577, 22.2013397217, 32.1000442505, 21.5261650085, 13.7342643738, 12.4224967957, 6.9081287384, 3.91470766068, 2.38848590851, 1.25605511665, 0.779169619083, 0.333040565252, 0.157760262489, 0.0477013885975, 0.0109178759158, 0.000767558405641, 3.86038336728e-05, 3.77314427169e-05],
        "min": [3.08551279886e-05, 0.000564534682781, 0.00132784037851, 0.00805970374495, 0.0337108373642, 0.0782213136554, 0.0863084495068, 0.174261629581, 0.212063461542, 0.403846114874, 0.548678696156, 0.413355410099, 0.624716877937, 1.5428866148, 0.934831798077, 1.56718289852, 1.01300287247, 0.828519701958, 1.06754779816, 1.23428761959, 1.00767290592, 0.949538648129, 0.881125092506, 0.890187144279, 0.538231372833, 0.191742360592, 0.16790291667, 0.0945200026035, 0.0574839673936, 0.0190918091685, 0.00740649551153, 0.00373585545458, 0.00137266446836, 0.0010832103435, 0.000355988944648, 0.000105691033241, 3.88224179915e-05, 5.65714526601e-06, 3.77621313419e-06, 6.74937291478e-06],
        "var": [0.00531726004556, 1.19196271896, 69.8508529663, 61.5452003479, 164.000091553, 50.1287956238, 53.7225990295, 134.519424438, 387.247253418, 688.103942871, 1865.64294434, 10546.2041016, 1459.92675781, 3476.60205078, 8492.73046875, 1854.85241699, 10826.390625, 2060.66845703, 4949.08447266, 3406.17675781, 5005.44873047, 3332.30737305, 598.986755371, 566.393737793, 983.156982422, 394.803924561, 310.756866455, 180.232055664, 93.4801483154, 54.2894630432, 22.7635593414, 6.79608631134, 2.44170165062, 0.777636826038, 0.114293806255, 0.00684604886919, 0.00056938425405, 7.60418743084e-06, 2.64573385422e-09, 4.10404737972e-10]
    },
    "gfcc": {
        "mean": [40.9756736755, 89.7194061279, -146.10887146, 42.9384803772, -58.4448127747, 20.6163902283, -33.2453994751, 6.76218938828, -29.3184814453, -1.06563568115, -19.1223888397, -4.85657739639, -12.0372934341],
        "cov": [[1094.07861328, -308.983062744, 225.471359253, 241.212722778, 140.372634888, 197.049118042, -23.633556366, 93.5028076172, 25.4799995422, 66.5309753418, -167.370346069, 9.07750034332, -28.5916004181], [-308.983062744, 633.955383301, -48.9815483093, -106.929832458, 111.545654297, -86.6290969849, 100.208305359, 2.69984102249, 67.8286972046, -65.8571166992, 101.954734802, -64.3292388916, 23.8425998688], [225.471359253, -48.9815483093, 343.692962646, 182.401168823, 77.4910125732, 125.939300537, -1.76642394066, 36.9119300842, 14.9015016556, 55.89793396, -42.2686767578, 30.1342086792, -15.574344635], [241.212722778, -106.929832458, 182.401168823, 331.928161621, 158.486022949, 138.379974365, -3.1400001049, 39.7413673401, 47.1136512756, 27.4119129181, -30.5650119781, 20.0618114471, 33.2288589478], [140.372634888, 111.545654297, 77.4910125732, 158.486022949, 354.385772705, 120.444282532, 10.5905723572, 51.2583694458, 72.4662780762, 8.91864967346, -45.5624504089, 5.95926570892, 46.7324295044], [197.049118042, -86.6290969849, 125.939300537, 138.379974365, 120.444282532, 203.623458862, 29.1805400848, 49.2412948608, 43.5617218018, 29.1713676453, -36.9807624817, 7.3719124794, 21.8835659027], [-23.633556366, 100.208305359, -1.76642394066, -3.1400001049, 10.5905723572, 29.1805400848, 138.383255005, 45.115070343, 23.6362342834, -8.04780864716, 10.5962533951, -14.6394901276, -2.50847244263], [93.5028076172, 2.69984102249, 36.9119300842, 39.7413673401, 51.2583694458, 49.2412948608, 45.115070343, 104.645111084, 50.7496070862, 15.251871109, -14.9891309738, -1.33805882931, 12.5933990479], [25.4799995422, 67.8286972046, 14.9015016556, 47.1136512756, 72.4662780762, 43.5617218018, 23.6362342834, 50.7496070862, 96.4130783081, 29.8686408997, 3.54817914963, -8.08393383026, 17.6439743042], [66.5309753418, -65.8571166992, 55.89793396, 27.4119129181, 8.91864967346, 29.1713676453, -8.04780864716, 15.251871109, 29.8686408997, 81.9347839355, 5.82913541794, 11.9111127853, -10.4434547424], [-167.370346069, 101.954734802, -42.2686767578, -30.5650119781, -45.5624504089, -36.9807624817, 10.5962533951, -14.9891309738, 3.54817914963, 5.82913541794, 100.290901184, 10.6822290421, 0.570780694485], [9.07750034332, -64.3292388916, 30.1342086792, 20.0618114471, 5.95926570892, 7.3719124794, -14.6394901276, -1.33805882931, -8.08393383026, 11.9111127853, 10.6822290421, 70.2082977295, 26.4397640228], [-28.5916004181, 23.8425998688, -15.574344635, 33.2288589478, 46.7324295044, 21.8835659027, -2.50847244263, 12.5933990479, 17.6439743042, -10.4434547424, 0.570780694485, 26.4397640228, 77.7917938232]],
        "icov": [[0.00178801070433, -0.000807608070318, 0.00081630947534, -0.00139334553387, 0.000627632078249, -0.00133180595003, 0.000910525908694, -0.00155750429258, 0.00129525596276, -0.00166238413658, 0.00338671728969, -0.00147730403114, 0.00190270098392], [-0.000807608070318, 0.0112400464714, -0.00825710874051, 0.00743296463042, -0.00730908708647, 0.00784259941429, -0.00645797047764, 0.00532280327752, -0.00964096654207, 0.0109078884125, -0.0145331509411, 0.0126354405656, -0.00799206458032], [0.00081630947534, -0.00825710874051, 0.0117556396872, -0.00797340366989, 0.00553589407355, -0.00757582345977, 0.00481058936566, -0.00493524316698, 0.00846959557384, -0.0102828750387, 0.0122514944524, -0.0117149846628, 0.00894008763134], [-0.00139334553387, 0.00743296463042, -0.00797340366989, 0.0111215254292, -0.00611319579184, 0.00387339969166, -0.00378231611103, 0.00432425830513, -0.00759391672909, 0.00825648475438, -0.0112723326311, 0.00890084635466, -0.00748804816976], [0.000627632078249, -0.00730908708647, 0.00553589407355, -0.00611319579184, 0.00931412354112, -0.00637390231714, 0.00443112943321, -0.00343757425435, 0.00374111905694, -0.00616571679711, 0.0109482305124, -0.00844089314342, 0.00419979868457], [-0.00133180595003, 0.00784259941429, -0.00757582345977, 0.00387339969166, -0.00637390231714, 0.0148974098265, -0.00645492179319, 0.0034774930682, -0.00743677094579, 0.0063413628377, -0.00950023904443, 0.00968080572784, -0.00787981878966], [0.000910525908694, -0.00645797047764, 0.00481058936566, -0.00378231611103, 0.00443112943321, -0.00645492179319, 0.0133417118341, -0.00749476579949, 0.00508427852765, -0.00410866504535, 0.0067350231111, -0.00608096970245, 0.00600272603333], [-0.00155750429258, 0.00532280327752, -0.00493524316698, 0.00432425830513, -0.00343757425435, 0.0034774930682, -0.00749476579949, 0.0190485175699, -0.0118909319863, 0.00557043775916, -0.00585735868663, 0.00538091082126, -0.00561862485483], [0.00129525596276, -0.00964096654207, 0.00846959557384, -0.00759391672909, 0.00374111905694, -0.00743677094579, 0.00508427852765, -0.0118909319863, 0.0284859128296, -0.0169019028544, 0.0104475580156, -0.00593533553183, 0.00351455947384], [-0.00166238413658, 0.0109078884125, -0.0102828750387, 0.00825648475438, -0.00616571679711, 0.0063413628377, -0.00410866504535, 0.00557043775916, -0.0169019028544, 0.0292255468667, -0.0168511755764, 0.00839600339532, -0.00362676824443], [0.00338671728969, -0.0145331509411, 0.0122514944524, -0.0112723326311, 0.0109482305124, -0.00950023904443, 0.0067350231111, -0.00585735868663, 0.0104475580156, -0.0168511755764, 0.0347064658999, -0.0202530808747, 0.0122248353437], [-0.00147730403114, 0.0126354405656, -0.0117149846628, 0.00890084635466, -0.00844089314342, 0.00968080572784, -0.00608096970245, 0.00538091082126, -0.00593533553183, 0.00839600339532, -0.0202530808747, 0.0349919758737, -0.0185538437217], [0.00190270098392, -0.00799206458032, 0.00894008763134, -0.00748804816976, 0.00419979868457, -0.00787981878966, 0.00600272603333, -0.00561862485483, 0.00351455947384, -0.00362676824443, 0.0122248353437, -0.0185538437217, 0.0267211981118]]
    },
    "melbands": {
        "dmean": [0.000378867029212, 0.00164671929087, 0.00089586066315, 0.000410519598518, 0.000152610533405, 0.00010386404756, 0.000100579920399, 9.83706268016e-05, 0.000169549617567, 0.000214406274608, 6.5180924139e-05, 0.000105209313915, 0.000124064274132, 7.08659863449e-05, 8.30862409202e-05, 7.78731555329e-05, 4.35301590187e-05, 5.10088138981e-05, 3.68721666746e-05, 4.30794716522e-05, 3.85194034607e-05, 3.08559756377e-05, 2.33264163398e-05, 9.90712487692e-06, 1.11659874165e-05, 1.40332640512e-05, 1.20428721857e-05, 7.59817930884e-06, 6.52519702271e-06, 5.22802702108e-06, 5.29696944795e-06, 3.09929373543e-06, 2.25952771871e-06, 1.98730072043e-06, 1.48105857534e-06, 9.00514692148e-07, 6.58623719119e-07, 5.4696619145e-07, 4.21065664113e-07, 3.46589786204e-07],
        "dmean2": [0.000624981941655, 0.00276521989144, 0.00149659870658, 0.000684634607751, 0.000256520143012, 0.000165592282428, 0.000156775029609, 0.000153128887177, 0.000254954473348, 0.000338651560014, 9.99822441372e-05, 0.000163480726769, 0.00019350949151, 0.00011664385238, 0.000134233094286, 0.000123042031191, 6.7990316893e-05, 8.01250862423e-05, 5.96008067077e-05, 6.92758621881e-05, 6.38552446617e-05, 5.10966419824e-05, 3.77953801944e-05, 1.57252416102e-05, 1.72799791471e-05, 2.18774675886e-05, 1.88616158994e-05, 1.18650696095e-05, 1.00993511296e-05, 8.15658040665e-06, 8.08338882052e-06, 4.67484960609e-06, 3.36532912115e-06, 2.93469702228e-06, 2.10188682104e-06, 1.33463424845e-06, 9.95053596853e-07, 7.89890862052e-07, 6.07249148743e-07, 4.82319023831e-07],
        "dvar": [3.87327020235e-07, 1.25099677462e-05, 2.82471228275e-06, 4.1191907485e-07, 4.09216802666e-08, 2.62462265255e-08, 2.6466830505e-08, 4.66551313139e-08, 8.21978645149e-08, 1.48344270201e-07, 1.22762626731e-08, 2.80975491762e-08, 6.10185111327e-08, 1.34419133602e-08, 1.50133292465e-08, 1.48414960321e-08, 3.64132879405e-09, 6.09442984967e-09, 3.02058666968e-09, 4.40810099533e-09, 3.28340754585e-09, 2.1511994408e-09, 8.5102763725e-10, 1.61584176595e-10, 1.74818950982e-10, 2.3189318521e-10, 1.9110794891e-10, 8.00601807072e-11, 9.21670170739e-11, 3.45065954976e-11, 3.90437994435e-11, 1.4242178617e-11, 1.06166655328e-11, 7.36142223567e-12, 3.74825257637e-12, 2.4936483e-12, 1.12657669651e-12, 6.37528278866e-13, 3.88832195608e-13, 2.55320016431e-13],
        "dvar2": [1.06193965621e-06, 3.28691348841e-05, 7.30573992769e-06, 1.10171777123e-06, 1.11627755928e-07, 6.31695797892e-08, 5.68312152893e-08, 1.05939072625e-07, 1.74238209638e-07, 3.77943365493e-07, 2.57716248342e-08, 6.28844958328e-08, 1.44626881138e-07, 3.27994129634e-08, 3.48632624991e-08, 3.66117269834e-08, 8.05378874702e-09, 1.47314995758e-08, 7.80230724473e-09, 1.04399084933e-08, 8.47122461067e-09, 5.33625899024e-09, 2.21045626247e-09, 4.27855001428e-10, 4.36962410699e-10, 5.42100253575e-10, 4.56036514107e-10, 1.85009743636e-10, 2.19580201244e-10, 8.02544558587e-11, 9.76266220643e-11, 3.12978983008e-11, 2.5184127353e-11, 1.67467515549e-11, 7.42825245759e-12, 5.54664560809e-12, 2.48925793173e-12, 1.32370698604e-12, 7.66010518904e-13, 4.9346610782e-13],
        "max": [0.00583615433425, 0.0238642394543, 0.0139163797721, 0.00516982516274, 0.00205128337257, 0.00256865331903, 0.00295527209528, 0.00338159641251, 0.00417804950848, 0.00404352415353, 0.00193429517094, 0.0020484784618, 0.00373646756634, 0.00189634365961, 0.00156761123799, 0.00168098811992, 0.00101706758142, 0.000838024658151, 0.000780574511737, 0.000960181292612, 0.000511703081429, 0.000822178728413, 0.000356607371941, 0.00018363185518, 0.000237682746956, 0.000178929723916, 0.000134767091367, 0.000110102075269, 0.000179452646989, 7.52789346734e-05, 6.68915890856e-05, 4.23795754614e-05, 4.67997961096e-05, 3.23047970596e-05, 2.09076224564e-05, 3.13690652547e-05, 1.33101548272e-05, 1.11360095616e-05, 9.36083415581e-06, 6.95560856911e-06],
        "mean": [0.000787182012573, 0.00229090149514, 0.00125633762218, 0.000672349822707, 0.00028082402423, 0.000204464740818, 0.000200892449357, 0.000168990547536, 0.00030977150891, 0.000404905498726, 0.000118146352179, 0.000187865531188, 0.00021822412964, 0.000119231546705, 0.000159584422363, 0.000142270408105, 8.12667931314e-05, 8.75037585502e-05, 6.67684143991e-05, 7.90091944509e-05, 7.06658320269e-05, 5.78486869927e-05, 4.1890583816e-05, 1.80895131052e-05, 2.23191836994e-05, 3.04879249597e-05, 2.50872089964e-05, 1.53026776388e-05, 1.1911245565e-05, 9.70025575953e-06, 9.2907821454e-06, 5.91014577367e-06, 3.96461155105e-06, 3.52623646904e-06, 2.59456646745e-06, 1.58719387855e-06, 1.15513466881e-06, 9.54484335125e-07, 7.21130618331e-07, 5.28847863279e-07],
        "median": [0.000758167007007, 0.00150328536984, 0.000905320805032, 0.000490859092679, 0.000200372945983, 0.000131180859171, 8.42081281007e-05, 8.13449805719e-05, 0.000121214223327, 0.000127276318381, 5.90128729527e-05, 0.000101036392152, 0.00010426666995, 7.28682280169e-05, 0.000103218299046, 9.03453401406e-05, 5.39661705261e-05, 4.64372787974e-05, 3.78396507585e-05, 3.97713556595e-05, 3.8830559788e-05, 3.7348116166e-05, 3.06044239551e-05, 1.40715574162e-05, 1.63109471032e-05, 2.2914400688e-05, 1.97500412469e-05, 1.17540794236e-05, 7.8597031461e-06, 7.41619805922e-06, 7.33073557058e-06, 4.03656031267e-06, 2.21885056817e-06, 2.11842097997e-06, 1.48221340623e-06, 8.91792467428e-07, 6.99675922533e-07, 5.64603624298e-07, 3.73539364773e-07, 2.30312991789e-07],
        "min": [2.96896985219e-07, 6.12565600022e-07, 2.0407435386e-06, 6.70424833515e-06, 2.60810224972e-06, 3.4749518818e-06, 1.66659538081e-06, 4.5470983423e-06, 2.84058342004e-06, 1.43402655794e-06, 2.79024607153e-06, 3.7071049519e-06, 2.21620780394e-06, 1.8105554318e-06, 2.79029404737e-06, 7.53663471187e-07, 9.59419594437e-07, 5.13112809131e-07, 1.29139459659e-06, 1.03576803667e-06, 1.16372655157e-06, 9.2994963552e-07, 6.79312620377e-07, 2.68618009613e-07, 6.08135962921e-07, 3.70024508811e-07, 1.47690940366e-07, 7.83520803793e-08, 8.314474087e-08, 5.91263216165e-08, 3.85948624171e-08, 2.85961530011e-08, 1.24061765305e-08, 6.15576967178e-09, 3.9887710912e-09, 3.46982464983e-09, 1.6441219497e-09, 6.19272910729e-10, 1.28004695732e-09, 6.84100109893e-10],
