{
"highlevel": {
    "danceability": {
        "all": {
            "danceable": 0.293311744928,
            "not_danceable": 0.706688225269
        },
        "probability": 0.706688225269,
        "value": "not_danceable"
    },
    "gender": {
        "all": {
            "female": 0.0207518450916,
            "male": 0.979248166084
        },
        "probability": 0.979248166084,
        "value": "male"
    },
    "genre_dortmund": {
        "all": {
            "alternative": 0.0650204122066,
            "blues": 0.05508165434,
            "electronic": 0.0126495053992,
            "folkcountry": 0.340644657612,
            "funksoulrnb": 0.00373960565776,
            "jazz": 0.126874879003,
            "pop": 0.0734853520989,
            "raphiphop": 0.00307947164401,
            "rock": 0.3194244802
        },
        "probability": 0.340644657612,
        "value": "folkcountry"
    },
    "genre_electronic": {
        "all": {
            "ambient": 0.231749728322,
            "dnb": 0.305366456509,
            "house": 0.231397211552,
            "techno": 0.0427943691611,
            "trance": 0.188692227006
        },
        "probability": 0.305366456509,
        "value": "dnb"
    },
    "genre_rosamerica": {
        "all": {
            "cla": 0.00799854286015,
            "dan": 0.0456396713853,
            "hip": 0.0739107578993,
            "jaz": 0.00602796208113,
            "pop": 0.349877774715,
            "rhy": 0.0339849814773,
            "roc": 0.473881781101,
            "spe": 0.00867854803801
        },
        "probability": 0.473881781101,
        "value": "roc"
    },
    "genre_tzanetakis": {
        "all": {
            "blu": 0.0626541376114,
            "cla": 0.0348133966327,
            "cou": 0.0783501937985,
            "dis": 0.104547761381,
            "hip": 0.15693578124,
            "jaz": 0.313987255096,
            "met": 0.044816005975,
            "pop": 0.0627349764109,
            "reg": 0.0627352520823,
            "roc": 0.0784252434969
        },
        "probability": 0.313987255096,
        "value": "jaz"
    },
    "ismir04_rhythm": {
        "all": {
            "ChaChaCha": 0.158663392067,
            "Jive": 0.711607694626,
            "Quickstep": 0.00824194680899,
            "Rumba-American": 0.00288829696365,
            "Rumba-International": 0.004173186142,
            "Rumba-Misc": 0.00160136970226,
            "Samba": 0.0800520554185,
            "Tango": 0.00244756159373,
            "VienneseWaltz": 0.0292623415589,
            "Waltz": 0.00106215430424
        },
        "probability": 0.711607694626,
        "value": "Jive"
    },
    "mood_acoustic": {
        "all": {
            "acoustic": 0.211861476302,
            "not_acoustic": 0.788138508797
        },
        "probability": 0.788138508797,
        "value": "not_acoustic"
    },
    "mood_aggressive": {
        "all": {
            "aggressive": 0.302803695202,
            "not_aggressive": 0.697196304798
        },
        "probability": 0.697196304798,
        "value": "not_aggressive"
    },
    "mood_electronic": {
        "all": {
            "electronic": 0.0822024121881,
            "not_electronic": 0.91779756546
        },
        "probability": 0.91779756546,
        "value": "not_electronic"
    },
    "mood_happy": {
        "all": {
            "happy": 0.890104174614,
            "not_happy": 0.109895832837
        },
        "probability": 0.890104174614,
        "value": "happy"
    },
    "mood_party": {
        "all": {
            "not_party": 0.544407844543,
            "party": 0.455592185259
        },
        "probability": 0.544407844543,
        "value": "not_party"
    },
    "mood_relaxed": {
        "all": {
            "not_relaxed": 0.906757295132,
            "relaxed": 0.0932426825166
        },
        "probability": 0.906757295132,
        "value": "not_relaxed"
    },
    "mood_sad": {
        "all": {
            "not_sad": 0.8468708992,
            "sad": 0.1531291008
        },
        "probability": 0.8468708992,
        "value": "not_sad"
    },
    "moods_mirex": {
        "all": {
            "Cluster1": 0.390966057777,
            "Cluster2": 0.322859942913,
            "Cluster3": 0.0636436194181,
            "Cluster4": 0.0887452289462,
            "Cluster5": 0.133785143495
        },
        "probability": 0.390966057777,
        "value": "Cluster1"
    },
    "timbre": {
        "all": {
            "bright": 0.999998271465,
            "dark": 1.74457602498e-06
        },
        "probability": 0.999998271465,
        "value": "bright"
    },
    "tonal_atonal": {
        "all": {
            "atonal": 0.000261089735432,
            "tonal": 0.999738931656
        },
        "probability": 0.999738931656,
        "value": "tonal"
    },
    "voice_instrumental": {
        "all": {
            "instrumental": 0.0888075754046,
            "voice": 0.911192417145
        },
        "probability": 0.911192417145,
        "value": "voice"
    }
},
"lowlevel": {
    "average_loudness": 0.981812655926,
    "barkbands_crest": {
        "dmean": 3.10164213181,
        "dmean2": 5.17202329636,
        "dvar": 8.06209564209,
        "dvar2": 21.9652957916,
        "max": 24.1390285492,
        "mean": 8.84484386444,
        "median": 8.02362060547,
        "min": 2.58276343346,
        "var": 14.4821863174
    },
    "barkbands_flatness_db": {
        "dmean": 0.0227464921772,
        "dmean2": 0.0364382714033,
        "dvar": 0.000403591111535,
        "dvar2": 0.00106106535532,
        "max": 0.231258332729,
        "mean": 0.125213071704,
        "median": 0.121196962893,
        "min": 0.056321259588,
        "var": 0.00096520857187
    },
    "barkbands_kurtosis": {
        "dmean": 2.2689139843,
        "dmean2": 3.71241211891,
        "dvar": 9.60545539856,
        "dvar2": 23.8838596344,
        "max": 28.0101184845,
        "mean": 1.78070342541,
        "median": 0.378771781921,
        "min": -1.7859159708,
        "var": 16.255449295
    },
    "barkbands_skewness": {
        "dmean": 0.599734008312,
        "dmean2": 0.936780452728,
        "dvar": 0.321491003036,
        "dvar2": 0.768872261047,
        "max": 5.06337404251,
        "mean": 1.37730193138,
        "median": 1.26323664188,
        "min": -0.622155606747,
        "var": 0.846178174019
    },
    "barkbands_spread": {
        "dmean": 10.2827072144,
        "dmean2": 15.9882297516,
        "dvar": 90.0767288208,
        "dvar2": 195.483581543,
        "max": 82.8575820923,
        "mean": 36.16954422,
        "median": 34.8633575439,
        "min": 4.7286067009,
        "var": 233.074676514
    },
    "dissonance": {
        "dmean": 0.0130052492023,
        "dmean2": 0.0214603692293,
        "dvar": 0.00015286920825,
        "dvar2": 0.0004097034398,
        "max": 0.5,
        "mean": 0.473378717899,
        "median": 0.476823300123,
        "min": 0.347657382488,
        "var": 0.000337319041137
    },
    "dynamic_complexity": 1.70985412598,
    "erbbands_crest": {
        "dmean": 2.18364357948,
        "dmean2": 3.5679962635,
        "dvar": 5.1842250824,
        "dvar2": 13.8603525162,
        "max": 24.305355072,
        "mean": 6.90309429169,
        "median": 6.00109958649,
        "min": 2.5524520874,
        "var": 10.6643152237
    },
    "erbbands_flatness_db": {
        "dmean": 0.0154144037515,
        "dmean2": 0.0227721258998,
        "dvar": 0.000173450403963,
        "dvar2": 0.000374810682843,
        "max": 0.243207514286,
        "mean": 0.129622086883,
        "median": 0.123440094292,
        "min": 0.0761849358678,
        "var": 0.000777342182118
    },
    "erbbands_kurtosis": {
        "dmean": 0.609414935112,
        "dmean2": 0.975208580494,
        "dvar": 0.482793092728,
        "dvar2": 1.122164011,
        "max": 7.12032699585,
        "mean": -0.59862613678,
        "median": -0.891083955765,
        "min": -1.72746086121,
        "var": 0.995215833187
    },
    "erbbands_skewness": {
        "dmean": 0.372346222401,
        "dmean2": 0.574488699436,
        "dvar": 0.106492556632,
        "dvar2": 0.244447335601,
        "max": 2.54445338249,
        "mean": -0.238023012877,
        "median": -0.269677728415,
        "min": -1.95534229279,
        "var": 0.403106957674
    },
    "erbbands_spread": {
        "dmean": 10.9482984543,
        "dmean2": 17.1273345947,
        "dvar": 87.3467330933,
        "dvar2": 203.903564453,
        "max": 123.337280273,
        "mean": 60.1931419373,
        "median": 60.1510429382,
        "min": 11.6719741821,
        "var": 378.815032959
    },
    "hfc": {
        "dmean": 12.8811817169,
        "dmean2": 18.5282764435,
        "dvar": 183.800109863,
        "dvar2": 330.342681885,
        "max": 118.237411499,
        "mean": 29.1498908997,
        "median": 24.1290607452,
        "min": 3.30812597275,
        "var": 376.810058594
    },
    "melbands_crest": {
        "dmean": 3.62170481682,
        "dmean2": 5.94451761246,
        "dvar": 8.31039524078,
        "dvar2": 22.1423568726,
        "max": 29.1954956055,
        "mean": 13.323261261,
        "median": 12.6929626465,
        "min": 4.45863008499,
        "var": 18.0324172974
    },
    "melbands_flatness_db": {
        "dmean": 0.0311668775976,
        "dmean2": 0.047709427774,
        "dvar": 0.000751488609239,
        "dvar2": 0.00176149315666,
        "max": 0.306591451168,
        "mean": 0.156922414899,
        "median": 0.154608517885,
        "min": 0.0521833114326,
        "var": 0.00207680347376
    },
    "melbands_kurtosis": {
        "dmean": 8.90821456909,
        "dmean2": 14.6956148148,
        "dvar": 174.294174194,
        "dvar2": 458.11831665,
        "max": 129.475997925,
        "mean": 14.9073696136,
        "median": 10.0661897659,
        "min": -1.161632061,
        "var": 254.715515137
    },
    "melbands_skewness": {
        "dmean": 0.904516160488,
        "dmean2": 1.44294548035,
        "dvar": 0.93677341938,
        "dvar2": 2.33170986176,
        "max": 10.5991687775,
        "mean": 3.21119570732,
        "median": 2.92208504677,
        "min": 0.256185024977,
        "var": 2.33793759346
    },
    "melbands_spread": {
        "dmean": 12.5250988007,
        "dmean2": 19.4836711884,
        "dvar": 156.70741272,
        "dvar2": 360.105224609,
        "max": 112.000556946,
        "mean": 32.1391868591,
        "median": 28.3000507355,
        "min": 3.64133524895,
        "var": 341.261047363
    },
    "pitch_salience": {
        "dmean": 0.074127048254,
        "dmean2": 0.118666902184,
        "dvar": 0.00422888807952,
        "dvar2": 0.0110076023266,
        "max": 0.782439529896,
        "mean": 0.568165481091,
        "median": 0.574637413025,
        "min": 0.161666184664,
        "var": 0.00875096675009
    },
    "silence_rate_20dB": {
        "dmean": 0,
        "dmean2": 0,
        "dvar": 0,
        "dvar2": 0,
        "max": 1,
        "mean": 1,
        "median": 1,
        "min": 1,
        "var": 0
    },
    "silence_rate_30dB": {
        "dmean": 0,
        "dmean2": 0,
        "dvar": 0,
        "dvar2": 0,
        "max": 1,
        "mean": 1,
        "median": 1,
        "min": 1,
        "var": 0
    },
    "silence_rate_60dB": {
        "dmean": 0.00154798757285,
        "dmean2": 0.00309837330133,
        "dvar": 0.00154558510985,
        "dvar2": 0.00463792821392,
        "max": 1,
        "mean": 0.00077339517884,
        "median": 0,
        "min": 0,
        "var": 0.000772796047386
    },
    "spectral_centroid": {
        "dmean": 420.667663574,
        "dmean2": 637.732177734,
        "dvar": 127146.21875,
        "dvar2": 283349.625,
        "max": 3491.84423828,
        "mean": 1934.59082031,
        "median": 1931.01696777,
        "min": 444.269439697,
        "var": 389803.59375
    },
    "spectral_complexity": {
        "dmean": 6.08126926422,
        "dmean2": 9.01936435699,
        "dvar": 35.3378486633,
        "dvar2": 60.7193489075,
        "max": 55,
        "mean": 22.836812973,
        "median": 21,
        "min": 4,
        "var": 94.258934021
    },
    "spectral_decrease": {
        "dmean": 2.75296252461e-09,
        "dmean2": 4.20407486601e-09,
        "dvar": 1.14295863119e-17,
        "dvar2": 2.77839743804e-17,
        "max": -5.19734144611e-10,
        "mean": -6.69531585729e-09,
        "median": -5.79119463495e-09,
        "min": -2.86946342243e-08,
        "var": 1.76502359812e-17
    },
    "spectral_energy": {
        "dmean": 0.011215952225,
        "dmean2": 0.0169263761491,
        "dvar": 0.000172449683305,
        "dvar2": 0.000410697422922,
        "max": 0.113123200834,
        "mean": 0.0279136393219,
        "median": 0.0241783112288,
        "min": 0.00242696679197,
        "var": 0.00028241131804
    },
    "spectral_energyband_high": {
        "dmean": 0.00141603860538,
        "dmean2": 0.00209508324042,
        "dvar": 2.74381613963e-06,
        "dvar2": 5.21859465152e-06,
        "max": 0.0127002894878,
        "mean": 0.00234548468143,
        "median": 0.00154916674364,
        "min": 0.000107663283416,
        "var": 4.58272324977e-06
    },
    "spectral_energyband_low": {
        "dmean": 0.0062235603109,
        "dmean2": 0.0104610808194,
        "dvar": 0.000146989521454,
        "dvar2": 0.000393335561967,
        "max": 0.0881729573011,
        "mean": 0.00876674707979,
        "median": 0.00590628385544,
        "min": 7.67969031585e-05,
        "var": 0.000122606681543
    },
    "spectral_energyband_middle_high": {
        "dmean": 0.00178969907574,
        "dmean2": 0.00252822320908,
        "dvar": 4.92027265864e-06,
        "dvar2": 8.83223947312e-06,
        "max": 0.0319710373878,
        "mean": 0.00466520804912,
        "median": 0.00305667635985,
        "min": 0.000381247868063,
        "var": 2.19225021283e-05
    },
    "spectral_energyband_middle_low": {
        "dmean": 0.00575209595263,
        "dmean2": 0.00880161579698,
        "dvar": 4.49424587714e-05,
        "dvar2": 0.000103797159682,
        "max": 0.0741963088512,
        "mean": 0.013252845034,
        "median": 0.0108426483348,
        "min": 0.000993822002783,
        "var": 9.5460753073e-05
    },
    "spectral_entropy": {
        "dmean": 0.176752835512,
        "dmean2": 0.253134489059,
        "dvar": 0.0207441430539,
        "dvar2": 0.0428891666234,
        "max": 8.38718986511,
        "mean": 7.82400941849,
        "median": 7.84886550903,
        "min": 6.85497236252,
        "var": 0.0647374540567
    },
    "spectral_flux": {
        "dmean": 0.0288006514311,
        "dmean2": 0.0436200164258,
        "dvar": 0.000911362760235,
        "dvar2": 0.00181244360283,
        "max": 0.279943466187,
        "mean": 0.0949782133102,
        "median": 0.0879384726286,
        "min": 0.0264132171869,
        "var": 0.00173683289904
    },
    "spectral_kurtosis": {
        "dmean": 0.756252348423,
        "dmean2": 1.2917586565,
        "dvar": 0.601610839367,
        "dvar2": 1.42079651356,
        "max": 12.1218547821,
        "mean": 1.86406028271,
        "median": 1.55707645416,
        "min": -0.614063501358,
        "var": 1.27660703659
    },
    "spectral_rms": {
        "dmean": 0.00100180727895,
        "dmean2": 0.0014730647672,
        "dvar": 1.00583827134e-06,
        "dvar2": 2.23070310312e-06,
        "max": 0.0105054313317,
        "mean": 0.00499985041097,
        "median": 0.00485680950806,
        "min": 0.00153875676915,
        "var": 2.23432971325e-06
    },
    "spectral_rolloff": {
        "dmean": 1161.25952148,
        "dmean2": 1865.7668457,
        "dvar": 1502972.25,
        "dvar2": 3094906.75,
        "max": 8656.34765625,
        "mean": 2410.32202148,
        "median": 2196.38671875,
        "min": 86.1328125,
        "var": 3026885
    },
    "spectral_skewness": {
        "dmean": 0.15461564064,
        "dmean2": 0.250340819359,
        "dvar": 0.0195029266179,
        "dvar2": 0.0437335260212,
        "max": 2.54523468018,
        "mean": 0.910179197788,
        "median": 0.862647235394,
        "min": 0.422595202923,
        "var": 0.0568377152085
    },
    "spectral_spread": {
        "dmean": 540405.5625,
        "dmean2": 803470.75,
        "dvar": 229300551680,
        "dvar2": 491857543168,
        "max": 11344957,
        "mean": 5043753,
        "median": 5025676,
        "min": 2815581.25,
        "var": 832262832128
    },
    "spectral_strongpeak": {
        "dmean": 0.449685573578,
        "dmean2": 0.743587315083,
        "dvar": 0.416123956442,
        "dvar2": 1.04899299145,
        "max": 7.9022154808,
        "mean": 0.72936296463,
        "median": 0.425891429186,
        "min": 0.0241475664079,
        "var": 0.675707638264
    },
    "zerocrossingrate": {
        "dmean": 0.01706225425,
        "dmean2": 0.0210755206645,
        "dvar": 0.000188360878383,
        "dvar2": 0.0002744057565,
        "max": 0.20068359375,
        "mean": 0.0864087864757,
        "median": 0.08349609375,
        "min": 0.01806640625,
        "var": 0.000950033601839
    },
    "barkbands": {
        "dmean": [6.92560497555e-05, 0.00476050330326, 0.00182703149039, 0.00122799852397, 0.00338997342624, 0.000645922496915, 0.00175344524905, 0.000738353526685, 0.000620703212917, 0.000348884466803, 0.000273110927083, 0.000193161744392, 0.000209788093343, 0.000333187315846, 0.000239424407482, 0.000215658976231, 0.000228042830713, 0.000327949528582, 0.000332053372404, 0.000514305662364, 0.00043384815217, 0.000392476795241, 0.000272700708592, 0.00012014091044, 8.66446498549e-05, 5.68038376514e-05, 5.44464695551e-09],
        "dmean2": [0.000106813276943, 0.00822278857231, 0.003104114905, 0.00203414564021, 0.00530406041071, 0.00107093609404, 0.00275841774419, 0.00116866780445, 0.000987139297649, 0.000575441343244, 0.000400562799769, 0.00030846244772, 0.000333584350301, 0.00052138249157, 0.00038680745638, 0.000333189440425, 0.000362977501936, 0.000502912444063, 0.000512212922331, 0.000791346072219, 0.000658461533021, 0.000615337514319, 0.000413827947341, 0.00018427411851, 0.000127086648718, 8.81978266989e-05, 1.01810071484e-08],
        "dvar": [1.84197279651e-08, 0.000112229259685, 8.21366120363e-06, 2.41159955294e-06, 2.05699907383e-05, 1.36081382607e-06, 1.72076142917e-05, 5.87629210713e-06, 2.36919913732e-06, 9.09088214485e-07, 6.8421246624e-07, 2.07630037607e-07, 3.01940815461e-07, 9.244137118e-07, 4.10127114492e-07, 1.76753545134e-07, 1.09494152412e-07, 2.65196632654e-07, 1.56741904789e-07, 6.4211735662e-07, 3.20135995935e-07, 2.33080598377e-07, 9.40264612836e-08, 4.18353991449e-08, 1.2898246915e-08, 5.80240744341e-09, 1.29274771921e-15],
        "dvar2": [4.15534948672e-08, 0.000305056018988, 2.28712415264e-05, 6.3537963797e-06, 4.74610096717e-05, 3.27810289491e-06, 4.36658228864e-05, 1.34065667226e-05, 5.91721300225e-06, 2.41247789745e-06, 1.50089510953e-06, 5.26772851117e-07, 7.25173379124e-07, 2.3003503884e-06, 1.0601501117e-06, 3.16131320233e-07, 2.59920852841e-07, 4.82611369534e-07, 3.54428209448e-07, 1.34557035381e-06, 6.74321938732e-07, 4.88675766519e-07, 1.87556196352e-07, 9.18049636311e-08, 2.65138542233e-08, 1.36605002865e-08, 3.72195255573e-15],
        "max": [0.00139216461685, 0.0707535967231, 0.0257053896785, 0.0142136365175, 0.0506507158279, 0.0158847738057, 0.0550086721778, 0.0393276140094, 0.0229214895517, 0.0121679743752, 0.0126483123749, 0.00737872906029, 0.0102781141177, 0.020846799016, 0.011796050705, 0.0122042698786, 0.00440290058032, 0.0130646815524, 0.00374783552252, 0.0138111058623, 0.00494696805254, 0.00381918204948, 0.00219603651203, 0.00375460996293, 0.00153924059123, 0.000561611843295, 5.70790973597e-07],
        "mean": [7.78227476985e-05, 0.00502259191126, 0.00262886844575, 0.00206988910213, 0.005430534482, 0.00102052115835, 0.00269371201284, 0.00106663932092, 0.00087919679936, 0.000481385039166, 0.000407390325563, 0.000284708832623, 0.000327303569065, 0.000509250501636, 0.000362083635991, 0.000374748982722, 0.000409312051488, 0.000560501182918, 0.000541904941201, 0.000778883462772, 0.00068353919778, 0.000577934493776, 0.000381398538593, 0.0001801923936, 0.000104471961095, 5.88556904404e-05, 3.38758754381e-09],
        "median": [1.25840761029e-05, 0.00266525242478, 0.00172760873102, 0.00146561837755, 0.00355939613655, 0.000516434258316, 0.000996326212771, 0.00020028281142, 0.000287305127131, 0.000185823257198, 5.71554337512e-05, 0.000125743463286, 9.18616060517e-05, 0.00010645576549, 0.000148720282596, 0.000189290425624, 0.000246493553277, 0.000318717560731, 0.000346159940818, 0.000459756673081, 0.000351994414814, 0.000365206156857, 0.000233567378018, 0.000107129126263, 4.4324373448e-05, 2.52362624451e-05, 4.14450446184e-10],
        "min": [1.02060567997e-07, 3.5911143641e-06, 8.9392224254e-06, 1.14486574603e-05, 0.000139226031024, 8.8050692284e-06, 5.9118747231e-06, 1.8151133645e-06, 1.45710509969e-05, 3.04493778458e-06, 1.19744993299e-06, 3.83896349376e-06, 2.26229667533e-06, 6.29176474831e-06, 8.07016931503e-06, 1.49042907651e-05, 1.44334953802e-05, 1.54754925461e-05, 1.72385425685e-05, 1.8317170543e-05, 8.19342585601e-06, 1.37122124215e-05, 7.25323252482e-06, 2.76592390946e-06, 5.00605210618e-07, 6.74758166008e-11, 8.32584608895e-12],
        "var": [2.33207035905e-08, 8.13114747871e-05, 8.74522083905e-06, 4.08154437537e-06, 3.64708612324e-05, 2.26877909881e-06, 2.97646638501e-05, 9.24837149796e-06, 3.31041565005e-06, 1.24956898162e-06, 1.67209555002e-06, 2.57583877783e-07, 5.68716188809e-07, 1.73538694526e-06, 5.06307515025e-07, 4.97692724366e-07, 2.49976523037e-07, 6.00317321187e-07, 3.00353207194e-07, 9.93727439891e-07, 5.75920182655e-07, 3.21264366221e-07, 1.39066358429e-07, 5.79163419445e-08, 2.06552179804e-08, 6.48883391463e-09, 7.29356883354e-16]
    },
    "erbbands": {
        "dmean": [0.108073420823, 1.16570496559, 2.13129782677, 2.94085025787, 9.20442771912, 12.1394720078, 5.33723926544, 5.24028587341, 19.3946285248, 25.0381507874, 13.843380928, 14.821762085, 9.88884830475, 11.9693975449, 10.0401201248, 6.79160690308, 9.14295864105, 15.4501905441, 13.7237882614, 9.50286197662, 12.9887742996, 11.7950878143, 17.6308803558, 14.9733762741, 18.8609333038, 25.7046089172, 18.756729126, 16.3982543945, 15.3096561432, 10.658788681, 7.83936357498, 2.65488314629, 2.04629349709, 1.39241421223, 0.457714349031, 0.38092648983, 0.0670394822955, 0.00301540549845, 8.09078410384e-05, 1.84386390174e-05],
        "dmean2": [0.180203646421, 2.05188107491, 3.65694141388, 4.89254665375, 14.9848299026, 18.9767208099, 8.6925239563, 8.69190788269, 30.1362705231, 39.1245956421, 21.6536502838, 23.8183708191, 16.3817539215, 18.9361209869, 14.280664444, 10.5100679398, 14.1666555405, 23.942861557, 22.1460285187, 14.3617210388, 19.5351886749, 18.2620353699, 27.5715656281, 22.770690918, 28.9562091827, 39.740146637, 28.1896934509, 24.9310112, 24.0147571564, 16.3324604034, 11.9383630753, 3.93055939674, 3.1600086689, 2.0908472538, 0.681568682194, 0.594037950039, 0.102209538221, 0.00468181120232, 0.000121501769172, 2.69907231996e-05],
        "dvar": [0.0572634078562, 6.83117771149, 14.3837366104, 11.9470052719, 149.361434937, 309.917938232, 57.982749939, 113.524345398, 2119.89428711, 5675.41699219, 1202.16015625, 1502.08337402, 1533.4987793, 859.741577148, 841.30657959, 243.708129883, 577.369750977, 2399.37255859, 1355.28881836, 483.383209229, 442.722045898, 299.084716797, 722.337158203, 390.368164062, 578.204223633, 1710.04101562, 676.985778809, 486.958679199, 365.47555542, 171.359802246, 73.6816177368, 10.3177146912, 14.8353385925, 3.66174244881, 0.436953514814, 0.280877947807, 0.00730522954836, 1.90171795111e-05, 1.00736583519e-08, 3.29911958863e-10],
        "dvar2": [0.145381867886, 18.9860973358, 39.9276046753, 31.8360500336, 372.312744141, 701.660949707, 144.214797974, 272.956268311, 5288.08251953, 13251.0322266, 2722.34863281, 3737.36401367, 4207.69873047, 1937.48388672, 1953.79455566, 599.936462402, 1389.4888916, 5376.35498047, 3596.55297852, 1022.43151855, 877.221130371, 689.373779297, 1348.22692871, 789.590637207, 1261.69958496, 3585.27197266, 1486.8861084, 1055.05834961, 793.521728516, 345.845825195, 159.022476196, 20.9790496826, 33.4649238586, 8.08799648285, 0.874822258949, 0.656065523624, 0.0174369644374, 4.54300025012e-05, 2.33164261232e-08, 7.10113412516e-10],
        "max": [1.53421723843, 18.2224311829, 32.5137557983, 31.2743091583, 122.450431824, 197.460891724, 88.919631958, 152.090438843, 583.704711914, 1534.4732666, 487.754974365, 639.293151855, 896.807434082, 530.267211914, 592.414978027, 256.039123535, 472.101928711, 1209.66088867, 605.70916748, 432.494689941, 491.048583984, 211.255432129, 632.562011719, 470.105743408, 258.882202148, 716.439147949, 354.537750244, 274.781860352, 181.956954956, 100.082855225, 57.0784912109, 41.5568008423, 80.4937591553, 18.6655788422, 12.1791162491, 4.91712141037, 0.552179694176, 0.0394024588168, 0.000754860462621, 0.000157105299877],
        "mean": [0.110599480569, 1.24187004566, 3.12728428841, 5.37295627594, 14.1242990494, 19.4159355164, 8.55504131317, 8.90756797791, 28.8383083344, 39.7890853882, 21.952255249, 21.8118858337, 13.620300293, 18.8904628754, 16.3377094269, 11.7426509857, 15.0939912796, 24.6033382416, 21.6115703583, 16.3961086273, 23.6863689423, 22.701669693, 31.094127655, 26.4264240265, 31.7978420258, 39.4656105042, 28.4603118896, 25.482000351, 22.1562480927, 15.1721258163, 10.4203128815, 4.42206048965, 2.70212984085, 1.65161788464, 0.548269629478, 0.397029668093, 0.0703447088599, 0.00314110936597, 0.000101315752545, 4.26385449828e-05],
        "median": [0.0401734225452, 0.697058022022, 2.06612205505, 3.98521971703, 9.30980300903, 11.8167352676, 5.36272239685, 4.7590379715, 11.1803388596, 9.87184047699, 6.98008012772, 7.27502155304, 5.84486675262, 7.13053512573, 3.9393093586, 5.18096399307, 4.57338809967, 5.5291686058, 7.272397995, 7.73564338684, 13.6309394836, 14.1695423126, 17.3560333252, 18.9788150787, 18.9660587311, 24.3931159973, 14.8221883774, 13.7312612534, 14.0204000473, 9.10757064819, 6.51188850403, 3.03226971626, 1.35177087784, 0.68259704113, 0.233490511775, 0.166457504034, 0.0316507928073, 0.00138782546856, 5.72492972424e-05, 3.70929192286e-05],
        "min": [0.000170064638951, 0.00181743630674, 0.0158597975969, 0.0865849852562, 0.294596046209, 0.36644923687, 0.205721661448, 0.229151040316, 0.138375967741, 0.162553206086, 0.246461316943, 0.180827632546, 0.350771456957, 0.14891859889, 0.191684544086, 0.198174521327, 0.178830429912, 0.440318018198, 0.321019500494, 0.676966309547, 0.901394367218, 0.9617587924, 1.03515768051, 0.851786971092, 1.29676282406, 0.823426663876, 0.775750935078, 0.38066843152, 0.611958146095, 0.357612013817, 0.207668870687, 0.0907546505332, 0.0356025770307, 0.0192764494568, 0.00544534483925, 0.000273402925814, 1.83384036063e-05, 3.48120647686e-06, 4.3461450332e-06, 5.18180786457e-06],
        "var": [0.0476759299636, 4.69189214706, 13.0643606186, 21.0606231689, 239.771270752, 582.581787109, 98.0881195068, 177.923492432, 3688.05517578, 9276.96289062, 2051.96142578, 2248.59082031, 1356.56347656, 1897.88183594, 1936.68237305, 386.92880249, 1113.29443359, 4398.79980469, 1888.54772949, 1051.77148438, 1067.28881836, 735.220458984, 1702.96350098, 724.320983887, 1194.58557129, 2620.18945312, 1064.69299316, 829.52947998, 484.384765625, 243.188903809, 101.727279663, 17.9612140656, 19.0566291809, 4.99946260452, 0.727958619595, 0.314578652382, 0.00845794100314, 2.06123459066e-05, 1.24440537874e-08, 5.88483428654e-10]
    },
    "gfcc": {
        "mean": [36.5101776123, 70.7679519653, -112.941375732, 64.8406600952, -71.6020278931, 12.7697305679, -40.6631317139, 9.60138988495, -26.1670570374, 2.38424992561, -22.597328186, -1.38170456886, -15.2186021805],
        "cov": [[1260.57226562, -338.318145752, -6.45031166077, -64.5877304077, -36.4119262695, 15.8403453827, 33.4289283752, 102.554237366, -78.7176208496, 114.666870117, -2.34912586212, 37.8188323975, -97.0284118652], [-338.318145752, 678.147949219, -164.685760498, -50.7442626953, 61.3253135681, -2.81105995178, 91.4830245972, -51.3795394897, 105.269821167, -89.2364578247, 154.135818481, -103.518165588, 75.9975357056], [-6.45031166077, -164.685760498, 427.467773438, 190.901199341, 18.6316795349, 27.5800457001, -18.2212047577, 27.285446167, -9.21763706207, 52.4703712463, -71.7683639526, 88.3115539551, 0.942487299442], [-64.5877304077, -50.7442626953, 190.901199341, 241.335601807, 35.9386024475, -9.90178775787, -18.9551868439, 18.6017303467, 35.3712921143, 24.9410095215, -15.6715803146, 15.9449319839, 45.1799545288], [-36.4119262695, 61.3253135681, 18.6316795349, 35.9386024475, 162.677200317, 75.6678924561, 30.3785381317, 0.905993938446, 5.96732234955, 1.45296168327, -8.67866802216, 0.342371076345, -0.884509503841], [15.8403453827, -2.81105995178, 27.5800457001, -9.90178775787, 75.6678924561, 181.763565063, 78.8151245117, -4.69579458237, -40.2169952393, -3.36678242683, 3.86703896523, -6.79834127426, 8.52522945404], [33.4289283752, 91.4830245972, -18.2212047577, -18.9551868439, 30.3785381317, 78.8151245117, 120.07258606, 28.7064056396, 3.77807569504, -1.34534072876, 31.7688655853, -1.9754345417, -6.88844299316], [102.554237366, -51.3795394897, 27.285446167, 18.6017303467, 0.905993938446, -4.69579458237, 28.7064056396, 102.865158081, 49.2569389343, 34.6248893738, 2.29652833939, 4.2488732338, -15.5255842209], [-78.7176208496, 105.269821167, -9.21763706207, 35.3712921143, 5.96732234955, -40.2169952393, 3.77807569504, 49.2569389343, 127.381385803, 31.2094020844, 26.6605491638, -19.6937522888, 7.36088514328], [114.666870117, -89.2364578247, 52.4703712463, 24.9410095215, 1.45296168327, -3.36678242683, -1.34534072876, 34.6248893738, 31.2094020844, 82.4206390381, 0.699897885323, 17.2071018219, -27.8998069763], [-2.34912586212, 154.135818481, -71.7683639526, -15.6715803146, -8.67866802216, 3.86703896523, 31.7688655853, 2.29652833939, 26.6605491638, 0.699897885323, 106.857368469, -29.3747196198, 10.7434043884], [37.8188323975, -103.518165588, 88.3115539551, 15.9449319839, 0.342371076345, -6.79834127426, -1.9754345417, 4.2488732338, -19.6937522888, 17.2071018219, -29.3747196198, 89.0011901855, -13.5870943069], [-97.0284118652, 75.9975357056, 0.942487299442, 45.1799545288, -0.884509503841, 8.52522945404, -6.88844299316, -15.5255842209, 7.36088514328, -27.8998069763, 10.7434043884, -13.5870943069, 83.0918960571]],
        "icov": [[0.00124945235439, 0.000279434549157, 0.000227561467909, 0.000159267758136, -4.72132232971e-05, 0.000352621311322, -0.000352773990016, -0.00127667549532, 0.00165685929824, -0.00168296182528, -0.000452307955129, 0.000191360610188, 0.000187693658518], [0.000279434549157, 0.00983868166804, -0.00393832335249, 0.00561627792194, -0.00620819209144, 0.0069218496792, -0.00960629619658, 0.00834595970809, -0.00881791394204, 0.00780804362148, -0.00950553268194, 0.00665723485872, -0.00597419356927], [0.000227561467909, -0.00393832335249, 0.00751069607213, -0.00686859106645, 0.00392336584628, -0.00514550833032, 0.00485530123115, -0.00430843094364, 0.00424567703158, -0.00459213322029, 0.00560527713969, -0.00671468349174, 0.00394375156611], [0.000159267758136, 0.00561627792194, -0.00686859106645, 0.0126479119062, -0.006315136794, 0.00664662523195, -0.00582841830328, 0.004506718833, -0.00567445578054, 0.00269647315145, -0.00600425992161, 0.00607472052798, -0.00896252598614], [-4.72132232971e-05, -0.00620819209144, 0.00392336584628, -0.006315136794, 0.0129146724939, -0.00932804029435, 0.00650713313371, -0.00460852403194, 0.00338785420172, -0.00385284633376, 0.00724138040096, -0.00550540164113, 0.00635484559461], [0.000352621311322, 0.0069218496792, -0.00514550833032, 0.00664662523195, -0.00932804029435, 0.01773186028, -0.0146275423467, 0.00667119538411, -0.00121908134315, 0.00199838890694, -0.00615498470142, 0.00859637372196, -0.00837898999453], [-0.000352773990016, -0.00960629619658, 0.00485530123115, -0.00582841830328, 0.00650713313371, -0.0146275423467, 0.0254129637033, -0.0129494499415, 0.00697970576584, -0.00385692180134, 0.00482380809262, -0.00955474190414, 0.00864602532238], [-0.00127667549532, 0.00834595970809, -0.00430843094364, 0.004506718833, -0.00460852403194, 0.00667119538411, -0.0129494499415, 0.0240048877895, -0.0147238811478, 0.00526049127802, -0.00589360669255, 0.00597463175654, -0.00403790874407], [0.00165685929824, -0.00881791394204, 0.00424567703158, -0.00567445578054, 0.00338785420172, -0.00121908134315, 0.00697970576584, -0.0147238811478, 0.0246825795621, -0.0145826078951, 0.00627577491105, -0.00264033651911, 0.00269952905364], [-0.00168296182528, 0.00780804362148, -0.00459213322029, 0.00269647315145, -0.00385284633376, 0.00199838890694, -0.00385692180134, 0.00526049127802, -0.0145826078951, 0.0289139859378, -0.00956106837839, 0.00210665212944, 0.00247738906182], [-0.000452307955129, -0.00950553268194, 0.00560527713969, -0.00600425992161, 0.00724138040096, -0.00615498470142, 0.00482380809262, -0.00589360669255, 0.00627577491105, -0.00956106837839, 0.0223786644638, -0.00422197487205, 0.00402409303933], [0.000191360610188, 0.00665723485872, -0.00671468349174, 0.00607472052798, -0.00550540164113, 0.00859637372196, -0.00955474190414, 0.00597463175654, -0.00264033651911, 0.00210665212944, -0.00422197487205, 0.021550308913, -0.00469758873805], [0.000187693658518, -0.00597419356927, 0.00394375156611, -0.00896252598614, 0.00635484559461, -0.00837898999453, 0.00864602532238, -0.00403790874407, 0.00269952905364, 0.00247738906182, 0.00402409303933, -0.00469758873805, 0.0227405373007]]
    },
    "melbands": {
        "dmean": [0.00117880571634, 0.00124596012756, 0.000594229903072, 0.000889887684025, 0.000215181877138, 0.000119239666674, 0.000319411570672, 0.000246402341872, 0.000108745683974, 9.18528385228e-05, 4.8995076213e-05, 4.97154505865e-05, 3.73655457224e-05, 2.2747201001e-05, 2.29797278735e-05, 1.78930404218e-05, 3.1720053812e-05, 2.38909142354e-05, 1.65600031323e-05, 1.27861812871e-05, 1.52914726641e-05, 1.15685697892e-05, 1.57610302267e-05, 1.80060033017e-05, 1.20997083286e-05, 1.42362505358e-05, 1.70212715602e-05, 1.73542539414e-05, 1.20955919556e-05, 1.11086083052e-05, 9.35158732318e-06, 9.33287810767e-06, 7.12484461474e-06, 5.75898911848e-06, 5.27352585777e-06, 2.42517899096e-06, 1.54430938437e-06, 1.3082968735e-06, 1.75236220912e-06, 1.06599884475e-06],
        "dmean2": [0.00200677406974, 0.0021584930364, 0.000964028877206, 0.00138284848072, 0.00034652731847, 0.00019828256336, 0.000493683619425, 0.00038800900802, 0.000171032341314, 0.000148005638039, 8.12383077573e-05, 7.90354752098e-05, 5.29379794898e-05, 3.64210718544e-05, 3.589105836e-05, 2.78216357401e-05, 4.94669329782e-05, 3.90519162465e-05, 2.62732119154e-05, 1.94008753169e-05, 2.38532738877e-05, 1.81430223165e-05, 2.51553992712e-05, 2.81252832792e-05, 1.89283127838e-05, 2.23577499128e-05, 2.60050564975e-05, 2.72520683211e-05, 1.8611575797e-05, 1.69451905094e-05, 1.4549746993e-05, 1.48107183122e-05, 1.1085823644e-05, 8.8967872216e-06, 8.1944745034e-06, 3.69428039448e-06, 2.34605590776e-06, 2.03315357794e-06, 2.78790253105e-06, 1.59824548973e-06],
        "dvar": [6.94609343554e-06, 6.06215326115e-06, 4.46489337946e-07, 1.51733445364e-06, 7.73067299065e-08, 6.1520168515e-08, 5.32580145318e-07, 5.48533591882e-07, 5.95372000589e-08, 5.63073285775e-08, 3.81840088437e-08, 1.53573438411e-08, 1.25613315305e-08, 3.49336315431e-09, 3.70693276075e-09, 2.02170102881e-09, 1.15037899207e-08, 4.16864942565e-09, 1.69009373163e-09, 1.16923271065e-09, 5.79284398228e-10, 3.08194997301e-10, 7.72737096533e-10, 8.59426807498e-10, 2.79540224302e-10, 3.41187439412e-10, 5.92825621926e-10, 9.23770060446e-10, 3.55788787321e-10, 2.3178384212e-10, 1.66655467204e-10, 1.43492287497e-10, 7.34647412348e-11, 5.47112008475e-11, 3.61261333348e-11, 7.10337040924e-12, 5.05616165256e-12, 5.36604441437e-12, 1.38108734518e-11, 1.96402161028e-12],
        "dvar2": [1.85035059985e-05, 1.67943326232e-05, 1.17609192785e-06, 3.42797216035e-06, 1.8579974892e-07, 1.4971843143e-07, 1.34122205964e-06, 1.25197072975e-06, 1.36956600727e-07, 1.39547168487e-07, 1.04447515525e-07, 3.51942226473e-08, 2.67314206326e-08, 9.05458019673e-09, 8.81116779539e-09, 4.69551197924e-09, 2.61249635258e-08, 1.11275006986e-08, 4.2750545326e-09, 1.98450877953e-09, 1.20446674856e-09, 7.30295546258e-10, 1.66347990938e-09, 1.57817725555e-09, 6.24748530687e-10, 7.91836152203e-10, 1.32697164368e-09, 1.95027061167e-09, 8.01517574534e-10, 5.17979104053e-10, 3.76772224531e-10, 3.3029320945e-10, 1.49940490579e-10, 1.16042446485e-10, 8.04514163621e-11, 1.51307803092e-11, 1.04861935107e-11, 1.17106359332e-11, 3.40680886279e-11, 4.27474331974e-12],
        "max": [0.0172264073044, 0.0202227048576, 0.00729071395472, 0.0141445919871, 0.0041195047088, 0.00363223161548, 0.00910934247077, 0.0148520898074, 0.00319730094634, 0.00361174182035, 0.00444186571985, 0.00224372977391, 0.00179786933586, 0.00103368144482, 0.00103719555773, 0.000714941590559, 0.0026845538523, 0.000815729377791, 0.000685450446326, 0.00119921180885, 0.00040241680108, 0.000213777428144, 0.000539072905667, 0.000645475171041, 0.000367931526853, 0.000226795658818, 0.000386438972782, 0.000515925581567, 0.000340018450515, 0.000157207978191, 0.000143100725836, 0.00011995924433, 6.32033406873e-05, 5.7012475736e-05, 4.00383287342e-05, 2.67017276201e-05, 3.2996860682e-05, 4.81850693177e-05, 6.14213204244e-05, 1.33221092256e-05],
        "mean": [0.00121929240413, 0.00169484538492, 0.00110944570042, 0.00141056708526, 0.000364394596545, 0.000193234387552, 0.000481753319036, 0.000393264868762, 0.000164836761542, 0.000129586085677, 6.43943640171e-05, 7.62235504226e-05, 5.95490200794e-05, 3.37536221195e-05, 3.59584191756e-05, 2.90456355287e-05, 4.87454781251e-05, 3.54652838723e-05, 2.53344278462e-05, 2.17822889681e-05, 2.69776137429e-05, 2.06806198548e-05, 2.73813820968e-05, 2.99096900562e-05, 1.9515877284e-05, 2.26001557166e-05, 2.61619479716e-05, 2.54054175457e-05, 1.65924666362e-05, 1.72430427483e-05, 1.36679473144e-05, 1.295081438e-05, 1.02201993286e-05, 7.69045163906e-06, 6.6156731009e-06, 3.53900986738e-06, 2.45236924457e-06, 1.72440979895e-06, 1.98561724574e-06, 1.21149332699e-06],
        "median": [0.000572054821532, 0.00112990429625, 0.000901418447029, 0.000889268529136, 0.000247493881034, 9.73410860752e-05, 0.000195958855329, 9.41306498135e-05, 5.34980572411e-05, 3.93398331653e-05, 2.62505000137e-05, 2.97222923109e-05, 1.10760447569e-05, 1.38892164614e-05, 1.09892771434e-05, 9.84939742921e-06, 9.55550149229e-06, 9.85478436633e-06, 1.07507594294e-05, 1.03862394099e-05, 1.6091247744e-05, 1.25491897052e-05, 1.44736077345e-05, 1.64849952853e-05, 1.35594636959e-05, 1.41551718116e-05, 1.42665303429e-05, 1.45480435094e-05, 8.61999160406e-06, 8.57061058923e-06, 7.31200725568e-06, 8.16078045318e-06, 6.35753212919e-06, 4.19996240453e-06, 3.94445487473e-06, 2.51548817687e-06, 1.53595124175e-06, 8.53331414419e-07, 7.72685098127e-07, 4.67787970138e-07],
        "min": [1.36668245432e-06, 4.2730430323e-06, 1.59832252393e-05, 2.4757520805e-05, 6.3241582211e-06, 3.90551986129e-06, 1.90918422049e-06, 1.50663208842e-06, 1.62950311733e-06, 1.5767466266e-06, 1.28904025587e-06, 4.54820707319e-07, 4.10436200582e-07, 4.15341020243e-07, 1.99298639814e-07, 3.23059794027e-07, 6.61009892156e-07, 3.42821721233e-07, 5.00837813888e-07, 8.53180495142e-07, 7.97036591393e-07, 9.25937797547e-07, 6.09652033745e-07, 7.69352993757e-07, 5.59426155178e-07, 6.51870436741e-07, 8.44344071993e-07, 4.33524519394e-07, 1.01049685952e-07, 1.78256541972e-07, 2.11885023305e-07, 3.03461519024e-07, 2.18978513544e-07, 1.5727181335e-07, 1.10051793456e-07, 7.379212974e-08, 4.1232226522e-08, 9.08780783959e-09, 1.96405247621e-09, 5.32433963585e-09],
