{
"highlevel": {
    "danceability": {
        "all": {
            "danceable": 0.906682193279,
            "not_danceable": 0.093317784369
        },
        "probability": 0.906682193279,
        "value": "danceable"
    },
    "gender": {
        "all": {
            "female": 0.280478239059,
            "male": 0.719521760941
        },
        "probability": 0.719521760941,
        "value": "male"
    },
    "genre_dortmund": {
        "all": {
            "alternative": 0.0957805663347,
            "blues": 0.109959982336,
            "electronic": 0.0105119608343,
            "folkcountry": 0.407781660557,
            "funksoulrnb": 0.0196550674736,
            "jazz": 0.0193194616586,
            "pop": 0.119748309255,
            "raphiphop": 0.00192978733685,
            "rock": 0.215313225985
        },
        "probability": 0.407781660557,
        "value": "folkcountry"
    },
    "genre_electronic": {
        "all": {
            "ambient": 0.501702427864,
            "dnb": 0.281691879034,
            "house": 0.0691125765443,
            "techno": 0.0178576372564,
            "trance": 0.129635453224
        },
        "probability": 0.501702427864,
        "value": "ambient"
    },
    "genre_rosamerica": {
        "all": {
            "cla": 0.0186208561063,
            "dan": 0.00598510541022,
            "hip": 0.00487705552951,
            "jaz": 0.0158231593668,
            "pop": 0.451372593641,
            "rhy": 0.040538046509,
            "roc": 0.460523426533,
            "spe": 0.00225975317881
        },
        "probability": 0.460523426533,
        "value": "roc"
    },
    "genre_tzanetakis": {
        "all": {
            "blu": 0.0620671063662,
            "cla": 0.034474901855,
            "cou": 0.103433981538,
            "dis": 0.0620971247554,
            "hip": 0.15527240932,
            "jaz": 0.310666948557,
            "met": 0.044346679002,
            "pop": 0.0620793737471,
            "reg": 0.0620816536248,
            "roc": 0.103479810059
        },
        "probability": 0.310666948557,
        "value": "jaz"
    },
    "ismir04_rhythm": {
        "all": {
            "ChaChaCha": 0.459666967392,
            "Jive": 0.0844940245152,
            "Quickstep": 0.0752085521817,
            "Rumba-American": 0.0245577674359,
            "Rumba-International": 0.0437017977238,
            "Rumba-Misc": 0.00580579740927,
            "Samba": 0.0532590672374,
            "Tango": 0.0549517869949,
            "VienneseWaltz": 0.171230912209,
            "Waltz": 0.0271233282983
        },
        "probability": 0.459666967392,
        "value": "ChaChaCha"
    },
    "mood_acoustic": {
        "all": {
            "acoustic": 0.134423837066,
            "not_acoustic": 0.865576148033
        },
        "probability": 0.865576148033,
        "value": "not_acoustic"
    },
    "mood_aggressive": {
        "all": {
            "aggressive": 0.178684070706,
            "not_aggressive": 0.821315944195
        },
        "probability": 0.821315944195,
        "value": "not_aggressive"
    },
    "mood_electronic": {
        "all": {
            "electronic": 0.127499505877,
            "not_electronic": 0.872500479221
        },
        "probability": 0.872500479221,
        "value": "not_electronic"
    },
    "mood_happy": {
        "all": {
            "happy": 0.902299165726,
            "not_happy": 0.0977008268237
        },
        "probability": 0.902299165726,
        "value": "happy"
    },
    "mood_party": {
        "all": {
            "not_party": 0.856844544411,
            "party": 0.143155455589
        },
        "probability": 0.856844544411,
        "value": "not_party"
    },
    "mood_relaxed": {
        "all": {
            "not_relaxed": 0.706829249859,
            "relaxed": 0.293170750141
        },
        "probability": 0.706829249859,
        "value": "not_relaxed"
    },
    "mood_sad": {
        "all": {
            "not_sad": 0.715808928013,
            "sad": 0.284191042185
        },
        "probability": 0.715808928013,
        "value": "not_sad"
    },
    "moods_mirex": {
        "all": {
            "Cluster1": 0.224822565913,
            "Cluster2": 0.24936760962,
            "Cluster3": 0.346060156822,
            "Cluster4": 0.141562089324,
            "Cluster5": 0.0381875671446
        },
        "probability": 0.346060156822,
        "value": "Cluster3"
    },
    "timbre": {
        "all": {
            "bright": 0.999999940395,
            "dark": 4.39946070685e-08
        },
        "probability": 0.999999940395,
        "value": "bright"
    },
    "tonal_atonal": {
        "all": {
            "atonal": 0.000909291731659,
            "tonal": 0.999090731144
        },
        "probability": 0.999090731144,
        "value": "tonal"
    },
    "voice_instrumental": {
        "all": {
            "instrumental": 0.000878191844095,
            "voice": 0.999121785164
        },
        "probability": 0.999121785164,
        "value": "voice"
    }
},
"lowlevel": {
    "average_loudness": 0.984684705734,
    "barkbands_crest": {
        "dmean": 2.7224612236,
        "dmean2": 4.38392114639,
        "dvar": 6.26473808289,
        "dvar2": 15.7854347229,
        "max": 22.755657196,
        "mean": 10.306189537,
        "median": 9.57546329498,
        "min": 3.0652346611,
        "var": 15.8288021088
    },
    "barkbands_flatness_db": {
        "dmean": 0.0199018791318,
        "dmean2": 0.0301085244864,
        "dvar": 0.000336004130077,
        "dvar2": 0.000733480264898,
        "max": 0.310623586178,
        "mean": 0.138434007764,
        "median": 0.13555149734,
        "min": 0.0463800281286,
        "var": 0.00129492417909
    },
    "barkbands_kurtosis": {
        "dmean": 1.54476106167,
        "dmean2": 2.43119478226,
        "dvar": 3.99940919876,
        "dvar2": 9.68228435516,
        "max": 28.1611289978,
        "mean": 1.79840683937,
        "median": 0.916727781296,
        "min": -1.80712985992,
        "var": 10.1486902237
    },
    "barkbands_skewness": {
        "dmean": 0.420851528645,
        "dmean2": 0.640866279602,
        "dvar": 0.197295293212,
        "dvar2": 0.441992014647,
        "max": 4.62997961044,
        "mean": 1.14056456089,
        "median": 1.10423398018,
        "min": -0.924086749554,
        "var": 0.602174520493
    },
    "barkbands_spread": {
        "dmean": 6.58323383331,
        "dmean2": 9.72650909424,
        "dvar": 71.837097168,
        "dvar2": 122.457733154,
        "max": 113.149024963,
        "mean": 25.0028705597,
        "median": 21.7958869934,
        "min": 2.98229122162,
        "var": 227.264083862
    },
    "dissonance": {
        "dmean": 0.0178398471326,
        "dmean2": 0.0294280052185,
        "dvar": 0.000262953486526,
        "dvar2": 0.000708973093424,
        "max": 0.499898344278,
        "mean": 0.459506034851,
        "median": 0.463501513004,
        "min": 0.343476265669,
        "var": 0.000585775531363
    },
    "dynamic_complexity": 1.53550970554,
    "erbbands_crest": {
        "dmean": 3.08977031708,
        "dmean2": 4.92596721649,
        "dvar": 9.02003765106,
        "dvar2": 20.5448284149,
        "max": 30.8424758911,
        "mean": 10.4412937164,
        "median": 9.12162399292,
        "min": 2.8878364563,
        "var": 26.538520813
    },
    "erbbands_flatness_db": {
        "dmean": 0.0205199215561,
        "dmean2": 0.0300430376083,
        "dvar": 0.000371751229977,
        "dvar2": 0.000743153970689,
        "max": 0.292545616627,
        "mean": 0.163063019514,
        "median": 0.162705823779,
        "min": 0.0490773841739,
        "var": 0.00142203248106
    },
    "erbbands_kurtosis": {
        "dmean": 0.767429053783,
        "dmean2": 1.19902849197,
        "dvar": 1.05054843426,
        "dvar2": 2.3494579792,
        "max": 20.6801452637,
        "mean": 0.0829434469342,
        "median": -0.393306970596,
        "min": -1.72867655754,
        "var": 3.05902528763
    },
    "erbbands_skewness": {
        "dmean": 0.377687931061,
        "dmean2": 0.569517076015,
        "dvar": 0.116483815014,
        "dvar2": 0.243233203888,
        "max": 3.66686677933,
        "mean": 0.335784941912,
        "median": 0.322531193495,
        "min": -1.98718428612,
        "var": 0.518929958344
    },
    "erbbands_spread": {
        "dmean": 7.78358650208,
        "dmean2": 11.7273349762,
        "dvar": 78.6461257935,
        "dvar2": 162.887176514,
        "max": 114.99912262,
        "mean": 36.3756103516,
        "median": 34.0610351562,
        "min": 6.04793262482,
        "var": 258.322143555
    },
    "hfc": {
        "dmean": 7.7746386528,
        "dmean2": 10.6831636429,
        "dvar": 84.0283966064,
        "dvar2": 148.194396973,
        "max": 125.962966919,
        "mean": 26.8573207855,
        "median": 24.6197509766,
        "min": 0.972042620182,
        "var": 248.047424316
    },
    "melbands_crest": {
        "dmean": 3.26301765442,
        "dmean2": 5.27674102783,
        "dvar": 8.75883865356,
        "dvar2": 22.595998764,
        "max": 27.0624141693,
        "mean": 13.7096729279,
        "median": 13.2596445084,
        "min": 4.1167974472,
        "var": 19.1670246124
    },
    "melbands_flatness_db": {
        "dmean": 0.0248707868159,
        "dmean2": 0.0364800132811,
        "dvar": 0.000566503731534,
        "dvar2": 0.00127857539337,
        "max": 0.417287796736,
        "mean": 0.190158516169,
        "median": 0.185998395085,
        "min": 0.0426288284361,
        "var": 0.00237404066138
    },
    "melbands_kurtosis": {
        "dmean": 3.75122976303,
        "dmean2": 5.94484710693,
        "dvar": 31.645242691,
        "dvar2": 79.5306243896,
        "max": 79.2538146973,
        "mean": 7.1404209137,
        "median": 5.00267505646,
        "min": -1.21334040165,
        "var": 56.2093315125
    },
    "melbands_skewness": {
        "dmean": 0.58766824007,
        "dmean2": 0.892588973045,
        "dvar": 0.408446758986,
        "dvar2": 0.974278271198,
        "max": 7.8126244545,
        "mean": 2.03924965858,
        "median": 1.91049396992,
        "min": -0.712749838829,
        "var": 1.21027266979
    },
    "melbands_spread": {
        "dmean": 7.22013092041,
        "dmean2": 11.0729455948,
        "dvar": 91.0853424072,
        "dvar2": 199.588684082,
        "max": 137.93951416,
        "mean": 26.2040805817,
        "median": 23.1446456909,
        "min": 2.379342556,
        "var": 233.008331299
    },
    "pitch_salience": {
        "dmean": 0.0655394047499,
        "dmean2": 0.106693461537,
        "dvar": 0.00356946350075,
        "dvar2": 0.00895308423787,
        "max": 0.782983899117,
        "mean": 0.538043618202,
        "median": 0.536723017693,
        "min": 0.220565065742,
        "var": 0.00862438697368
    },
    "silence_rate_20dB": {
        "dmean": 0,
        "dmean2": 0,
        "dvar": 0,
        "dvar2": 0,
        "max": 1,
        "mean": 1,
        "median": 1,
        "min": 1,
        "var": 0
    },
    "silence_rate_30dB": {
        "dmean": 0,
        "dmean2": 0,
        "dvar": 0,
        "dvar2": 0,
        "max": 1,
        "mean": 1,
        "median": 1,
        "min": 1,
        "var": 0
    },
    "silence_rate_60dB": {
        "dmean": 0,
        "dmean2": 0,
        "dvar": 0,
        "dvar2": 0,
        "max": 0,
        "mean": 0,
        "median": 0,
        "min": 0,
        "var": 0
    },
    "spectral_centroid": {
        "dmean": 262.773254395,
        "dmean2": 397.784088135,
        "dvar": 81035.21875,
        "dvar2": 174026.546875,
        "max": 3392.92724609,
        "mean": 1449.80822754,
        "median": 1408.57202148,
        "min": 294.437652588,
        "var": 268170.15625
    },
    "spectral_complexity": {
        "dmean": 3.55495357513,
        "dmean2": 5.51278066635,
        "dvar": 11.510099411,
        "dvar2": 24.5582027435,
        "max": 55,
        "mean": 23.7733955383,
        "median": 23,
        "min": 2,
        "var": 48.5679512024
    },
    "spectral_decrease": {
        "dmean": 2.17798890034e-09,
        "dmean2": 3.37108763127e-09,
        "dvar": 6.4255906971e-18,
        "dvar2": 1.53388534674e-17,
        "max": -1.27920385395e-09,
        "mean": -7.76074315922e-09,
        "median": -7.7856645575e-09,
        "min": -2.59861376861e-08,
        "var": 1.22613908641e-17
    },
    "spectral_energy": {
        "dmean": 0.00866021495312,
        "dmean2": 0.0132866026834,
        "dvar": 9.7806492704e-05,
        "dvar2": 0.000232901264098,
        "max": 0.101458974183,
        "mean": 0.0317268446088,
        "median": 0.0317075997591,
        "min": 0.00525032309815,
        "var": 0.000191059501958
    },
    "spectral_energyband_high": {
        "dmean": 0.000468671962153,
        "dmean2": 0.000652905437164,
        "dvar": 7.85101406109e-07,
        "dvar2": 1.40894769629e-06,
        "max": 0.0113572794944,
        "mean": 0.000806829018984,
        "median": 0.000380040582968,
        "min": 1.26257202737e-06,
        "var": 1.77680738034e-06
    },
    "spectral_energyband_low": {
        "dmean": 0.00325284758583,
        "dmean2": 0.00537811499089,
        "dvar": 2.16658754653e-05,
        "dvar2": 5.92710930505e-05,
        "max": 0.049877922982,
        "mean": 0.00753440195695,
        "median": 0.00642011314631,
        "min": 6.53609386063e-05,
        "var": 3.49787114828e-05
    },
    "spectral_energyband_middle_high": {
        "dmean": 0.00233639031649,
        "dmean2": 0.00319240964018,
        "dvar": 1.07936066343e-05,
        "dvar2": 1.94618751266e-05,
        "max": 0.0476351380348,
        "mean": 0.00749882962555,
        "median": 0.00553583772853,
        "min": 8.01019268692e-05,
        "var": 4.17949013354e-05
    },
    "spectral_energyband_middle_low": {
        "dmean": 0.00691565871239,
        "dmean2": 0.0107369991019,
        "dvar": 9.31094036787e-05,
        "dvar2": 0.000226003932767,
        "max": 0.0955818518996,
        "mean": 0.0167631711811,
        "median": 0.0149819580838,
        "min": 0.00174097239505,
        "var": 0.000143469442264
    },
    "spectral_entropy": {
        "dmean": 0.170683398843,
        "dmean2": 0.243630364537,
        "dvar": 0.0293663125485,
        "dvar2": 0.061841506511,
        "max": 8.49739742279,
        "mean": 7.4828619957,
        "median": 7.45742702484,
        "min": 5.91480541229,
        "var": 0.108187884092
    },
    "spectral_flux": {
        "dmean": 0.0301783066243,
        "dmean2": 0.0481310412288,
        "dvar": 0.000818801287096,
        "dvar2": 0.00189158599824,
        "max": 0.272128582001,
        "mean": 0.0942328199744,
        "median": 0.086526170373,
        "min": 0.0119673954323,
        "var": 0.00174504332244
    },
    "spectral_kurtosis": {
        "dmean": 1.9094440937,
        "dmean2": 3.13641858101,
        "dvar": 3.39829206467,
        "dvar2": 9.21674442291,
        "max": 18.3887023926,
        "mean": 5.66385030746,
        "median": 5.44894504547,
        "min": -1.07278239727,
        "var": 7.05384540558
    },
    "spectral_rms": {
        "dmean": 0.000747734680772,
        "dmean2": 0.0011175123509,
        "dvar": 5.99741667884e-07,
        "dvar2": 1.32792320073e-06,
        "max": 0.00994908902794,
        "mean": 0.00542420521379,
        "median": 0.0055618560873,
        "min": 0.00226324237883,
        "var": 1.53102791955e-06
    },
    "spectral_rolloff": {
        "dmean": 615.230529785,
        "dmean2": 977.385742188,
        "dvar": 1381447.5,
        "dvar2": 2391892,
        "max": 13501.3183594,
        "mean": 1708.01928711,
        "median": 1205.859375,
        "min": 172.265625,
        "var": 2962811
    },
    "spectral_skewness": {
        "dmean": 0.245929330587,
        "dmean2": 0.401890933514,
        "dvar": 0.0518020577729,
        "dvar2": 0.130809262395,
        "max": 3.53643608093,
        "mean": 1.68513190746,
        "median": 1.69713079929,
        "min": 0.348212689161,
        "var": 0.140954360366
    },
    "spectral_spread": {
        "dmean": 707696.25,
        "dmean2": 974777.6875,
        "dvar": 1.20405504819e+12,
        "dvar2": 1.69929827942e+12,
        "max": 26346410,
        "mean": 4185200.75,
        "median": 3800380,
        "min": 1830726.125,
        "var": 3.12202677453e+12
    },
    "spectral_strongpeak": {
        "dmean": 0.720231533051,
        "dmean2": 1.17048037052,
        "dvar": 0.791124165058,
        "dvar2": 1.70657229424,
        "max": 8.48541164398,
        "mean": 1.46650826931,
        "median": 1.02471792698,
        "min": 0.0561679825187,
        "var": 1.99956095219
    },
    "zerocrossingrate": {
        "dmean": 0.011730466038,
        "dmean2": 0.0130584035069,
        "dvar": 0.000315210054396,
        "dvar2": 0.00031799566932,
        "max": 0.32666015625,
        "mean": 0.0624894276261,
        "median": 0.0537109375,
        "min": 0.00830078125,
        "var": 0.00141378561966
    },
    "barkbands": {
        "dmean": [7.30996907805e-05, 0.00217182049528, 0.00124398595653, 0.000685686827637, 0.00286544742994, 0.00234036892653, 0.000709443876985, 0.00115371739957, 0.00194851343986, 0.00112553348299, 0.000651840586215, 0.000420597963966, 0.000347409950336, 0.000233245038544, 0.000267429277301, 0.000309520284645, 0.000431848748121, 0.000338604033459, 0.000301703868899, 0.000146954786032, 8.67506532813e-05, 5.83999280934e-05, 7.52567066229e-05, 0.000109458633233, 9.78504467639e-05, 6.31035582046e-05, 1.96223286508e-08],
        "dmean2": [0.000124919097289, 0.00356446346268, 0.00210747029632, 0.00123290333431, 0.00486344192177, 0.00356016261503, 0.00114309613127, 0.00183971028309, 0.00291806086898, 0.00168387079611, 0.000967317260802, 0.000592921453062, 0.000531414116267, 0.000372064794647, 0.000431778025813, 0.000487984740175, 0.000686265411787, 0.000527273630723, 0.000468449754408, 0.000218956512981, 0.00013971774024, 9.52729023993e-05, 0.000117275267257, 0.000156552559929, 0.000142359029269, 9.19662852539e-05, 3.53499878258e-08],
        "dvar": [2.21442508774e-08, 9.27930068428e-06, 4.15048043578e-06, 2.83587701233e-06, 5.30668185093e-05, 1.54456683958e-05, 2.18531477003e-06, 6.53735742162e-06, 1.62300129887e-05, 9.02384363144e-06, 3.31671208187e-06, 1.22372932765e-06, 1.00512841072e-06, 1.99275731916e-07, 1.78779529847e-07, 4.18005384972e-07, 4.43484253765e-07, 1.93508185475e-07, 2.49543546715e-07, 7.49056781046e-08, 2.76849068115e-08, 1.57922332988e-08, 4.45271659544e-08, 1.14760389636e-07, 1.10974980316e-07, 6.48010356485e-08, 9.09434796215e-15],
        "dvar2": [5.66344198205e-08, 2.49450840784e-05, 1.1982651813e-05, 8.03086277301e-06, 0.000141426513437, 2.8924738217e-05, 5.18450497111e-06, 1.54608442244e-05, 3.19641694659e-05, 1.82554613275e-05, 7.03980367689e-06, 2.07789889828e-06, 2.13593989429e-06, 4.82521613776e-07, 3.95158366473e-07, 1.06059110294e-06, 1.07782739178e-06, 4.7919456847e-07, 5.88108946431e-07, 1.58462157174e-07, 6.9920218948e-08, 3.8981500694e-08, 1.02304561267e-07, 2.06397956504e-07, 2.01327964078e-07, 1.34054559453e-07, 2.37414864786e-14],
        "max": [0.00179690285586, 0.0356177128851, 0.0163126084954, 0.0132917650044, 0.0791167169809, 0.0441021174192, 0.0207401588559, 0.0348945632577, 0.0375175252557, 0.0503385365009, 0.0286245699972, 0.0374779850245, 0.018383866176, 0.00602310802788, 0.00496980687603, 0.00983550772071, 0.0107387145981, 0.00521782645956, 0.00898491404951, 0.00462661497295, 0.00225982256234, 0.00188002805226, 0.00530214561149, 0.00499498611316, 0.00733758695424, 0.00646119983867, 2.08466099139e-06],
        "mean": [0.000119072872621, 0.00504832528532, 0.00209121662192, 0.000777294102591, 0.00376451178454, 0.00441816262901, 0.00131537357811, 0.00238268007524, 0.00295127811842, 0.00198402488604, 0.000932601222303, 0.000828933669254, 0.000594885495957, 0.000407814659411, 0.000527951226104, 0.000484354502987, 0.00086110382108, 0.000700372387655, 0.00060466438299, 0.000256521569099, 0.000124292724649, 7.18884475646e-05, 0.000104826547613, 0.000164591212524, 0.000133509442094, 7.66313241911e-05, 1.33382354051e-08],
        "median": [3.9925755118e-05, 0.00386935193092, 0.00138028746005, 0.000402648351155, 0.00137591455132, 0.00202552881092, 0.000811080506537, 0.00045812438475, 0.000714233960025, 0.000586236186791, 0.000263287831331, 0.000351197348209, 0.000192447812879, 0.000253945414443, 0.000350703747245, 0.000231313606491, 0.00054036884103, 0.000479798414744, 0.000399177981308, 0.000135045775096, 5.37736486876e-05, 2.04590323847e-05, 4.27287886851e-05, 4.62308562419e-05, 3.58286124538e-05, 1.98962261493e-05, 8.59281146237e-10],
        "min": [3.29171605529e-08, 6.02521640758e-06, 3.55352176484e-06, 1.20941172099e-06, 6.86006242177e-05, 4.46278281743e-05, 6.16432134848e-06, 5.88071907259e-06, 3.10922860081e-06, 1.06823281385e-05, 4.80938524561e-06, 3.61100660484e-06, 3.2486013879e-06, 7.24700294086e-06, 8.91384672741e-07, 8.27931671665e-07, 1.60194588261e-06, 1.40379188451e-06, 1.00317322449e-06, 4.30401144058e-07, 2.63766054331e-07, 2.01771356956e-07, 2.1642055259e-08, 9.83761183626e-10, 8.25841131591e-11, 3.48135342776e-09, 6.30572547303e-12],
        "var": [4.10343119484e-08, 2.21806167247e-05, 5.13487975695e-06, 2.01502530217e-06, 5.16921099916e-05, 4.00750759582e-05, 3.09675851895e-06, 2.04786156246e-05, 3.26952504111e-05, 2.15688305616e-05, 5.86611395192e-06, 4.84844076709e-06, 2.52296854342e-06, 3.43467348785e-07, 3.50526676129e-07, 5.61123897569e-07, 1.14864451461e-06, 4.65609872435e-07, 5.98648114192e-07, 1.75712926875e-07, 3.98380066713e-08, 1.93528606474e-08, 5.05029404962e-08, 2.25899412953e-07, 1.8605830121e-07, 7.91402428035e-08, 6.23886183058e-15]
    },
    "erbbands": {
        "dmean": [0.0359734408557, 0.588593304157, 1.63097727299, 1.48113572598, 8.05695056915, 8.21849727631, 14.2691383362, 19.9013462067, 8.96417427063, 17.8732738495, 26.1601448059, 49.8911781311, 40.0513534546, 20.3442974091, 26.4685058594, 18.221654892, 15.9413518906, 11.4419851303, 11.2276172638, 17.5662174225, 16.1984577179, 18.53150177, 17.1493301392, 19.5547275543, 10.0741262436, 7.06807422638, 4.54019594193, 2.89690494537, 2.14487671852, 1.77284908295, 2.37898993492, 2.22371244431, 1.9867631197, 1.38979256153, 0.63180989027, 0.353257775307, 0.104478053749, 0.00711216405034, 0.000139171286719, 1.6298445189e-05],
        "dmean2": [0.0583814382553, 0.968920588493, 2.72958779335, 2.60328578949, 14.208070755, 13.73133564, 22.0388393402, 30.6244544983, 13.8997821808, 27.8795986176, 39.693977356, 73.0320281982, 58.5112190247, 29.0042266846, 37.6342086792, 25.6716117859, 23.1253242493, 17.3054294586, 18.1025886536, 27.452589035, 25.6602687836, 29.6630191803, 26.483663559, 30.7468166351, 15.6433296204, 10.4292879105, 6.89688682556, 4.70480871201, 3.50866651535, 2.8561797142, 3.69221758842, 3.37229681015, 2.74936032295, 2.06832122803, 0.935237109661, 0.521467924118, 0.151763036847, 0.0105978334323, 0.000204102907446, 2.39479795709e-05],
        "dvar": [0.00330488407053, 0.700945854187, 6.77910470963, 7.65560674667, 667.687133789, 361.554229736, 608.266906738, 1180.19299316, 235.581634521, 2096.75854492, 3054.12402344, 11598.6142578, 10310.6767578, 3482.9128418, 5165.53808594, 1796.44116211, 1935.53271484, 492.759277344, 363.666442871, 1046.76086426, 1066.41333008, 1083.21789551, 574.521179199, 609.038757324, 530.842285156, 164.26083374, 62.3447532654, 50.709903717, 19.1977519989, 13.4231519699, 49.2722702026, 60.7782402039, 40.903263092, 35.0410957336, 3.56373119354, 1.24340116978, 0.247089862823, 0.00154892285354, 4.86553688006e-07, 1.20471121967e-09],
        "dvar2": [0.00868399441242, 1.90234279633, 19.2075538635, 21.5420436859, 1827.25817871, 915.598693848, 1247.34716797, 2225.01806641, 539.603088379, 4424.109375, 7161.09375, 22676.6855469, 20620.5136719, 6430.28417969, 10710.4628906, 2750.01367188, 3669.53515625, 1025.46435547, 910.560424805, 2191.94750977, 2738.52270508, 2541.80029297, 1376.20141602, 1459.42565918, 1183.48999023, 346.624084473, 131.767471313, 132.418991089, 47.9039154053, 31.0959434509, 115.954879761, 118.302825928, 72.9061889648, 67.8635559082, 6.6674990654, 2.43349409103, 0.548881947994, 0.00340831372887, 1.04889488739e-06, 2.5629560696e-09],
        "max": [0.899130761623, 9.05018424988, 20.290895462, 21.9006652832, 263.834899902, 210.760360718, 286.687286377, 425.704833984, 259.696960449, 783.992431641, 664.073974609, 1095.33422852, 1952.30639648, 1440.56164551, 1335.40466309, 1451.41723633, 983.727050781, 398.839813232, 313.270385742, 458.025085449, 608.45904541, 632.641479492, 277.124023438, 287.49822998, 427.992919922, 219.219360352, 149.94543457, 114.302131653, 64.8820800781, 52.4874801636, 179.677017212, 157.631240845, 114.968894958, 134.020767212, 35.2860298157, 23.4369239807, 13.3268480301, 1.12403953075, 0.0197096969932, 0.000908522051759],
        "mean": [0.110404089093, 1.23027682304, 2.83946108818, 2.23740386963, 7.95156288147, 11.7821798325, 26.0543003082, 36.3827896118, 20.9256858826, 32.1671142578, 54.4066123962, 79.1080856323, 70.1607131958, 37.4422912598, 41.3047142029, 39.5996818542, 29.1127490997, 22.6658878326, 24.3379859924, 30.5091590881, 30.8954315186, 40.737449646, 39.9947891235, 42.9768371582, 19.9051933289, 12.623632431, 7.44262313843, 3.68848371506, 2.58508825302, 2.32602071762, 3.24351477623, 3.31024217606, 2.78467297554, 1.71968328953, 0.880066156387, 0.441068023443, 0.115748792887, 0.00754541344941, 0.000175475594006, 4.82358809677e-05],
        "median": [0.0647088363767, 0.874568760395, 1.85393965244, 1.53576517105, 2.61625218391, 4.15213727951, 12.2824773788, 15.4287834167, 15.245470047, 12.6810693741, 12.4198970795, 22.4954128265, 22.7511196136, 12.7614202499, 14.8546695709, 18.842382431, 11.3359069824, 12.9265785217, 17.0223808289, 16.1282939911, 19.2349281311, 25.0769824982, 27.4892997742, 32.6063499451, 10.7894973755, 6.73309135437, 3.59741592407, 1.44611799717, 0.768086910248, 0.754459500313, 1.29768300056, 0.985468685627, 0.714696645737, 0.387346744537, 0.248029515147, 0.133219301701, 0.0229843631387, 0.00115066079888, 5.07431941514e-05, 4.36564696429e-05],
        "min": [0.000148322797031, 0.00243054353632, 0.00969381816685, 0.0766493976116, 0.0463078916073, 0.274271905422, 0.372769355774, 0.297048658133, 0.437584251165, 0.467780292034, 0.467993408442, 0.186694890261, 0.336559921503, 0.290499329567, 0.227786883712, 0.181481420994, 0.163040176034, 0.437923580408, 0.0850598365068, 0.0398762337863, 0.0738896355033, 0.0807659775019, 0.0908767133951, 0.0656062811613, 0.0342538245022, 0.017192332074, 0.0214549880475, 0.00605895416811, 0.0076499292627, 0.00544515764341, 0.00370060559362, 0.0012230258435, 0.000175777589902, 4.23399469582e-05, 3.2997038943e-05, 2.13339535549e-05, 8.13585847936e-06, 3.52565706407e-07, 2.78074662674e-06, 6.2758203967e-06],
        "var": [0.0154529744759, 1.4484744072, 8.87516498566, 6.56746196747, 471.115661621, 512.714538574, 1364.90222168, 3162.07250977, 492.227294922, 4217.19042969, 10546.1708984, 23386.1855469, 26658.6972656, 8892.98925781, 8855.45898438, 9068.03710938, 4553.79492188, 1339.09460449, 638.911254883, 1954.68273926, 1437.14331055, 3343.47094727, 1574.99304199, 1489.54626465, 1256.88549805, 418.356781006, 130.262771606, 54.5080108643, 23.7444076538, 19.4695854187, 53.0190086365, 87.6024093628, 86.1316299438, 51.3369636536, 6.04302978516, 1.73145639896, 0.263407230377, 0.00161515455693, 5.33258855739e-07, 1.63342983583e-09]
    },
    "gfcc": {
        "mean": [29.6698246002, 96.4830093384, -124.215423584, 27.2047710419, -53.1987380981, 8.63585948944, -45.0709152222, 26.1731433868, -27.7140426636, 3.23747014999, -10.6393680573, 4.60019016266, -10.6849050522],
        "cov": [[1358.43725586, -722.455810547, 77.6939849854, 18.1624145508, -176.407562256, 164.86517334, -106.412033081, 172.133712769, -90.0079879761, 33.831489563, -125.292205811, -19.3902339935, -14.308221817], [-722.455810547, 989.436157227, -211.842147827, -0.805189788342, 206.077102661, -142.286743164, 202.27835083, -81.8154907227, 91.2938537598, -46.2001991272, 120.178627014, -52.0586013794, 60.8908424377], [77.6939849854, -211.842147827, 429.952941895, 115.934402466, -31.5151138306, 75.4228820801, -69.9310836792, 10.6637229919, 35.4504776001, 45.8976516724, -37.8134384155, 60.2537536621, -18.41472435], [18.1624145508, -0.805189788342, 115.934402466, 323.061737061, 12.6603794098, 14.6578826904, 17.5388374329, -59.3805923462, 64.2011947632, 10.1208324432, 25.152223587, 56.8719520569, 6.28634881973], [-176.407562256, 206.077102661, -31.5151138306, 12.6603794098, 219.558868408, 23.2313957214, 76.4590988159, 27.2205066681, 25.6402797699, 22.629114151, 48.960849762, 30.1297111511, 20.247751236], [164.86517334, -142.286743164, 75.4228820801, 14.6578826904, 23.2313957214, 211.466064453, 42.8617248535, 76.7576370239, 10.5654459, 9.19185638428, 3.76396250725, -2.50452160835, 12.0482368469], [-106.412033081, 202.27835083, -69.9310836792, 17.5388374329, 76.4590988159, 42.8617248535, 208.495666504, 14.9449872971, 15.9371509552, 25.1018447876, 8.73375034332, -11.4946231842, 1.10171198845], [172.133712769, -81.8154907227, 10.6637229919, -59.3805923462, 27.2205066681, 76.7576370239, 14.9449872971, 204.805603027, 38.4086494446, 12.617521286, -1.77356982231, -38.4297904968, 36.6692314148], [-90.0079879761, 91.2938537598, 35.4504776001, 64.2011947632, 25.6402797699, 10.5654459, 15.9371509552, 38.4086494446, 123.35307312, 3.90981960297, 20.1104431152, 20.4351711273, 11.5291318893], [33.831489563, -46.2001991272, 45.8976516724, 10.1208324432, 22.629114151, 9.19185638428, 25.1018447876, 12.617521286, 3.90981960297, 91.9990692139, 9.68936824799, 29.4083538055, 0.436463713646], [-125.292205811, 120.178627014, -37.8134384155, 25.152223587, 48.960849762, 3.76396250725, 8.73375034332, -1.77356982231, 20.1104431152, 9.68936824799, 121.217300415, 24.016418457, 38.7050933838], [-19.3902339935, -52.0586013794, 60.2537536621, 56.8719520569, 30.1297111511, -2.50452160835, -11.4946231842, -38.4297904968, 20.4351711273, 29.4083538055, 24.016418457, 119.890167236, 0.90532708168], [-14.308221817, 60.8908424377, -18.41472435, 6.28634881973, 20.247751236, 12.0482368469, 1.10171198845, 36.6692314148, 11.5291318893, 0.436463713646, 38.7050933838, 0.90532708168, 88.7251586914]],
        "icov": [[0.00160703598522, 0.000484033575049, 0.000615701195784, -0.000888039241545, 0.000785842305049, -0.000769651145674, 0.000525740266312, -0.00157806288917, 0.00132530857809, -0.000653604336549, 0.001094506355, -0.000372259382857, 4.5864177082e-05], [0.000484033575049, 0.00417568301782, -0.000361834652722, 0.000965959450696, -0.0026109055616, 0.00284068309702, -0.00356584344991, 0.00258483877406, -0.00320711475797, 0.00230949069373, -0.00222303066403, 0.00326084601693, -0.00240324949846], [0.000615701195784, -0.000361834652722, 0.00409815460443, -0.00169085187372, 0.000879133760463, -0.00226388243027, 0.00249143620022, -0.00116518198047, 0.000362574704923, -0.00251936097629, 0.00234175194055, -0.00163715612143, 0.000835820857901], [-0.000888039241545, 0.000965959450696, -0.00169085187372, 0.0054113548249, -0.00116287404671, 0.00105132092722, -0.00222021667287, 0.0037675849162, -0.00411236798391, 0.00152573769446, -0.00192381802481, 0.000591690652072, -0.00158732861746], [0.000785842305049, -0.0026109055616, 0.000879133760463, -0.00116287404671, 0.0085295047611, -0.00249871029519, 0.000767096760683, -0.00385304307565, 0.00295830494724, -0.00224338960834, 0.000459875853267, -0.00431245472282, 0.0016291361535], [-0.000769651145674, 0.00284068309702, -0.00226388243027, 0.00105132092722, -0.00249871029519, 0.00927937868983, -0.00498114805669, 0.000334748910973, -0.00210330332629, 0.00340286805294, -0.00330304610543, 0.00239797821268, -0.00171132921241], [0.000525740266312, -0.00356584344991, 0.00249143620022, -0.00222021667287, 0.000767096760683, -0.00498114805669, 0.0106187630445, -0.00262826262042, 0.00276110018604, -0.00517670111731, 0.00380585342646, -0.00176696805283, 0.00268656085245], [-0.00157806288917, 0.00258483877406, -0.00116518198047, 0.0037675849162, -0.00385304307565, 0.000334748910973, -0.00262826262042, 0.0123754935339, -0.00766880298033, 0.00062814168632, -0.00174305669498, 0.00589639134705, -0.00509176403284], [0.00132530857809, -0.00320711475797, 0.000362574704923, -0.00411236798391, 0.00295830494724, -0.00210330332629, 0.00276110018604, -0.00766880298033, 0.0154154095799, -0.0012740928214, 0.00172025384381, -0.00507153011858, 0.00283147511072], [-0.000653604336549, 0.00230949069373, -0.00251936097629, 0.00152573769446, -0.00224338960834, 0.00340286805294, -0.00517670111731, 0.00062814168632, -0.0012740928214, 0.0156860221177, -0.00341831007972, -0.0011597344419, -0.000875398342032], [0.001094506355, -0.00222303066403, 0.00234175194055, -0.00192381802481, 0.000459875853267, -0.00330304610543, 0.00380585342646, -0.00174305669498, 0.00172025384381, -0.00341831007972, 0.0139800310135, -0.0036640833132, -0.00292673590593], [-0.000372259382857, 0.00326084601693, -0.00163715612143, 0.000591690652072, -0.00431245472282, 0.00239797821268, -0.00176696805283, 0.00589639134705, -0.00507153011858, -0.0011597344419, -0.0036640833132, 0.0149937542155, -0.0023259667214], [4.5864177082e-05, -0.00240324949846, 0.000835820857901, -0.00158732861746, 0.0016291361535, -0.00171132921241, 0.00268656085245, -0.00509176403284, 0.00283147511072, -0.000875398342032, -0.00292673590593, -0.0023259667214, 0.0160818919539]]
    },
    "melbands": {
        "dmean": [0.00045543035958, 0.000842759560328, 0.000424787343945, 0.000637910561636, 0.000462264550151, 0.000434199959273, 0.000135656548082, 0.000209050311241, 0.00024402354029, 0.000304738205159, 0.00019862629415, 8.59820793266e-05, 9.00180093595e-05, 5.87045433349e-05, 4.03972371714e-05, 3.0514316677e-05, 2.36330015468e-05, 1.97077570192e-05, 1.81087161764e-05, 2.45314349741e-05, 2.25317016884e-05, 2.06979693758e-05, 2.47501229751e-05, 1.61198058777e-05, 1.77407837327e-05, 9.15030159376e-06, 5.67793040318e-06, 4.92937897434e-06, 3.47536456502e-06, 1.8949368723e-06, 1.72250815922e-06, 1.32021318677e-06, 1.04134937828e-06, 9.91686306406e-07, 1.35509083066e-06, 1.65010089859e-06, 1.36835899411e-06, 1.50374523855e-06, 1.17066883831e-06, 1.30594423808e-06],
        "dmean2": [0.000744850316551, 0.00140286900569, 0.00074916909216, 0.00111551536247, 0.000702483579516, 0.000662955455482, 0.000212003535125, 0.000327796675265, 0.000365284213331, 0.000448134553153, 0.000293160410365, 0.000123895370052, 0.000132690780447, 8.31313154777e-05, 6.04844062764e-05, 4.58446156699e-05, 3.66889071302e-05, 3.16124715027e-05, 2.83253320958e-05, 3.85760067729e-05, 3.60296471626e-05, 3.31626069965e-05, 4.08533596783e-05, 2.53599500866e-05, 2.81427583104e-05, 1.41718155646e-05, 8.85499594006e-06, 7.37618529456e-06, 5.28171585756e-06, 3.1233835216e-06, 2.85989813165e-06, 2.19737148655e-06, 1.68812823631e-06, 1.6365056581e-06, 2.19261551138e-06, 2.54340261563e-06, 2.06510367207e-06, 2.15089607991e-06, 1.69045097209e-06, 1.95132088265e-06],
        "dvar": [4.20148069225e-07, 1.60145964401e-06, 1.12451505174e-06, 3.56525811185e-06, 5.57874216156e-07, 5.38082133517e-07, 5.50079448658e-08, 2.60679485109e-07, 2.34512000929e-07, 4.35094619888e-07, 2.66182070163e-07, 6.4398051336e-08, 6.05667054288e-08, 3.13257473294e-08, 1.00021777527e-08, 9.30778032426e-09, 2.14724105163e-09, 1.33698552229e-09, 9.27696308661e-10, 2.30940289114e-09, 2.26292584671e-09, 1.6576831019e-09, 1.71145964067e-09, 4.84126239098e-10, 5.18192266874e-10, 5.29081389811e-10, 1.27667071359e-10, 8.84164616521e-11, 4.13848851022e-11, 1.48183756932e-11, 2.1438666814e-11, 7.50283515871e-12, 6.20619137678e-12, 3.56815618718e-12, 1.12266290014e-11, 4.73672143175e-11, 1.93483527811e-11, 2.33623172891e-11, 2.38171669886e-11, 3.05546837831e-11],
        "dvar2": [1.13074963792e-06, 4.40806752522e-06, 3.10730183628e-06, 9.71627468971e-06, 1.13798466828e-06, 9.98910991257e-07, 1.28808750333e-07, 5.4783026826e-07, 5.02325917751e-07, 8.5625651991e-07, 5.31009732185e-07, 1.19870961157e-07, 1.19389696351e-07, 5.69204807732e-08, 2.01116669984e-08, 1.74915104623e-08, 4.63678118123e-09, 3.34145644487e-09, 1.88237758714e-09, 5.38295941155e-09, 5.81855141846e-09, 4.17133527719e-09, 4.30794155903e-09, 1.11142173242e-09, 1.28085919648e-09, 1.27631272218e-09, 2.89121449004e-10, 1.89623788893e-10, 8.51316517281e-11, 3.89108849308e-11, 5.48013995294e-11, 1.89899537067e-11, 1.47921275923e-11, 8.4321378005e-12, 2.85841211811e-11, 9.79421127534e-11, 3.79415561469e-11, 4.11544132106e-11, 4.77085732031e-11, 6.52333118079e-11],
        "max": [0.00943845696747, 0.0100809950382, 0.00902086682618, 0.0210872832686, 0.00807153247297, 0.00830469466746, 0.0032642739825, 0.0092442035675, 0.00541755603626, 0.00613423250616, 0.00972000323236, 0.00581704685465, 0.00443608639762, 0.00574820581824, 0.00163673318457, 0.00220449990593, 0.000608199974522, 0.000662497011945, 0.000490437552799, 0.000580583291594, 0.000933893083129, 0.000854914309457, 0.00048210498062, 0.00030228192918, 0.000251341145486, 0.000419338291977, 0.000239044864429, 0.000142053264426, 0.000139881987707, 3.99086566176e-05, 8.48480485729e-05, 4.41256415797e-05, 3.39536891261e-05, 2.38826523855e-05, 7.15664937161e-05, 0.0001758026483, 7.47670201235e-05, 8.16913598101e-05, 0.000143824378029, 0.000113303060061],
        "mean": [0.00120326736942, 0.00160118576605, 0.000556228624191, 0.000721972028259, 0.000870316522196, 0.000818888831418, 0.000299873354379, 0.000385301100323, 0.000465975870611, 0.000468035024824, 0.000335903168889, 0.000145471727592, 0.000135521258926, 0.00010815821588, 7.31460168026e-05, 5.58876708965e-05, 4.17637966166e-05, 3.85336643376e-05, 3.40898623108e-05, 3.95524803025e-05, 3.82463149435e-05, 4.14555361203e-05, 4.60005285277e-05, 3.36743032676e-05, 3.60048288712e-05, 1.57030990522e-05, 1.02780841189e-05, 7.99583631306e-06, 5.36604147783e-06, 2.66733604803e-06, 1.95241182155e-06, 1.49514153236e-06, 1.27067266931e-06, 1.25797566852e-06, 1.70626015006e-06, 2.2402000468e-06, 1.90929858945e-06, 2.06347704079e-06, 1.51126482706e-06, 1.4548567151e-06],
        "median": [0.00088363350369, 0.00124499236699, 0.000339514488587, 0.000251461344305, 0.000422944838647, 0.000366685970221, 0.00021015809034, 0.000124347148812, 0.000106098828837, 0.000114512724394, 9.69639222603e-05, 4.18778399762e-05, 4.0369162889e-05, 4.92044455314e-05, 3.78877521143e-05, 1.76682769961e-05, 2.34459857893e-05, 2.68327039521e-05, 2.17382912524e-05, 1.98391444428e-05, 2.33855735132e-05, 2.47729294642e-05, 2.78154220723e-05, 2.29428424063e-05, 2.66290771833e-05, 7.66353696235e-06, 5.27226984559e-06, 3.99427199227e-06, 2.3010102268e-06, 1.15524301236e-06, 6.15229566847e-07, 4.32700488773e-07, 3.11126342467e-07, 4.34255355231e-07, 6.77465891386e-07, 7.5119783105e-07, 4.9339303132e-07, 4.73689652836e-07, 3.57895316938e-07, 2.72580848559e-07],
        "min": [1.85367275662e-06, 4.97885321238e-06, 6.00313433097e-06, 7.42496649764e-06, 1.18589405247e-05, 6.57206282995e-06, 3.69103327102e-06, 3.71238525076e-06, 2.0730894903e-06, 7.46025648368e-07, 1.40925783398e-06, 8.96852498045e-07, 7.03060834439e-07, 3.71300757251e-07, 2.25074757054e-07, 4.0265649659e-07, 9.02998124275e-07, 1.33184272499e-07, 6.73990356859e-08, 3.75958357779e-08, 1.02572627725e-07, 9.427687786e-08, 6.28695602245e-08, 7.73375816721e-08, 4.66759075834e-08, 2.42309496912e-08, 1.15417533308e-08, 9.8624832745e-09, 1.35043096705e-08, 7.26690130293e-09, 2.31245000926e-09, 3.78243569799e-09, 3.91883192563e-10, 9.20825707351e-11, 5.94965327005e-11, 4.17469919745e-10, 6.70426257912e-12, 1.43693406783e-13, 8.81547845789e-14, 6.464394856e-14],
