{
"highlevel": {
    "danceability": {
        "all": {
            "danceable": 0.998375952244,
            "not_danceable": 0.00162403844297
        },
        "probability": 0.998375952244,
        "value": "danceable"
    },
    "gender": {
        "all": {
            "female": 0.242172315717,
            "male": 0.757827699184
        },
        "probability": 0.757827699184,
        "value": "male"
    },
    "genre_dortmund": {
        "all": {
            "alternative": 0.0163277164102,
            "blues": 0.199711501598,
            "electronic": 0.014631235972,
            "folkcountry": 0.0182265397161,
            "funksoulrnb": 0.0174913518131,
            "jazz": 0.0346597507596,
            "pop": 0.0334954299033,
            "raphiphop": 0.444184482098,
            "rock": 0.22127199173
        },
        "probability": 0.444184482098,
        "value": "raphiphop"
    },
    "genre_electronic": {
        "all": {
            "ambient": 0.198786795139,
            "dnb": 0.664114356041,
            "house": 0.0723875239491,
            "techno": 0.0169345568866,
            "trance": 0.0477767549455
        },
        "probability": 0.664114356041,
        "value": "dnb"
    },
    "genre_rosamerica": {
        "all": {
            "cla": 0.00748451240361,
            "dan": 0.144130975008,
            "hip": 0.408895283937,
            "jaz": 0.0181733425707,
            "pop": 0.26845857501,
            "rhy": 0.0377965196967,
            "roc": 0.100046157837,
            "spe": 0.0150146251544
        },
        "probability": 0.408895283937,
        "value": "hip"
    },
    "genre_tzanetakis": {
        "all": {
            "blu": 0.0626541376114,
            "cla": 0.0348133966327,
            "cou": 0.0783501937985,
            "dis": 0.104547761381,
            "hip": 0.15693578124,
            "jaz": 0.313987255096,
            "met": 0.044816005975,
            "pop": 0.0627349764109,
            "reg": 0.0627352520823,
            "roc": 0.0784252434969
        },
        "probability": 0.313987255096,
        "value": "jaz"
    },
    "ismir04_rhythm": {
        "all": {
            "ChaChaCha": 0.0924182981253,
            "Jive": 0.161465108395,
            "Quickstep": 0.0695169344544,
            "Rumba-American": 0.0385204777122,
            "Rumba-International": 0.0273736063391,
            "Rumba-Misc": 0.0104507654905,
            "Samba": 0.562073171139,
            "Tango": 0.0144502902403,
            "VienneseWaltz": 0.0128997210413,
            "Waltz": 0.0108316512778
        },
        "probability": 0.562073171139,
        "value": "Samba"
    },
    "mood_acoustic": {
        "all": {
            "acoustic": 0.0228809285909,
            "not_acoustic": 0.977119088173
        },
        "probability": 0.977119088173,
        "value": "not_acoustic"
    },
    "mood_aggressive": {
        "all": {
            "aggressive": 0.748449504375,
            "not_aggressive": 0.251550495625
        },
        "probability": 0.748449504375,
        "value": "aggressive"
    },
    "mood_electronic": {
        "all": {
            "electronic": 0.804695665836,
            "not_electronic": 0.195304319263
        },
        "probability": 0.804695665836,
        "value": "electronic"
    },
    "mood_happy": {
        "all": {
            "happy": 0.429125875235,
            "not_happy": 0.570874094963
        },
        "probability": 0.570874094963,
        "value": "not_happy"
    },
    "mood_party": {
        "all": {
            "not_party": 0.179184794426,
            "party": 0.820815205574
        },
        "probability": 0.820815205574,
        "value": "party"
    },
    "mood_relaxed": {
        "all": {
            "not_relaxed": 0.825077712536,
            "relaxed": 0.174922287464
        },
        "probability": 0.825077712536,
        "value": "not_relaxed"
    },
    "mood_sad": {
        "all": {
            "not_sad": 0.88261693716,
            "sad": 0.117383040488
        },
        "probability": 0.88261693716,
        "value": "not_sad"
    },
    "moods_mirex": {
        "all": {
            "Cluster1": 0.515768647194,
            "Cluster2": 0.121510192752,
            "Cluster3": 0.0843859389424,
            "Cluster4": 0.132657200098,
            "Cluster5": 0.145677998662
        },
        "probability": 0.515768647194,
        "value": "Cluster1"
    },
    "timbre": {
        "all": {
            "bright": 0.723215103149,
            "dark": 0.276784867048
        },
        "probability": 0.723215103149,
        "value": "bright"
    },
    "tonal_atonal": {
        "all": {
            "atonal": 0.773618221283,
            "tonal": 0.226381763816
        },
        "probability": 0.773618221283,
        "value": "atonal"
    },
    "voice_instrumental": {
        "all": {
            "instrumental": 0.00121842499357,
            "voice": 0.998781561852
        },
        "probability": 0.998781561852,
        "value": "voice"
    }
},
"lowlevel": {
    "average_loudness": 0.960920035839,
    "barkbands_crest": {
        "dmean": 3.90559101105,
        "dmean2": 6.28651046753,
        "dvar": 11.9101161957,
        "dvar2": 29.0662212372,
        "max": 26.6397857666,
        "mean": 14.1745653152,
        "median": 13.6453151703,
        "min": 2.89264297485,
        "var": 36.4261779785
    },
    "barkbands_flatness_db": {
        "dmean": 0.0353430695832,
        "dmean2": 0.0532649159431,
        "dvar": 0.00130954675842,
        "dvar2": 0.00275791622698,
        "max": 0.52056646347,
        "mean": 0.176541432738,
        "median": 0.167071089149,
        "min": 0.0511198081076,
        "var": 0.00423545949161
    },
    "barkbands_kurtosis": {
        "dmean": 17.0772323608,
        "dmean2": 27.9812545776,
        "dvar": 4457.60693359,
        "dvar2": 11037.9609375,
        "max": 1129.31262207,
        "mean": 15.5713157654,
        "median": 2.30494356155,
        "min": -1.85175287724,
        "var": 4054.7421875
    },
    "barkbands_skewness": {
        "dmean": 1.33597397804,
        "dmean2": 1.97398948669,
        "dvar": 4.06122016907,
        "dvar2": 9.23216724396,
        "max": 27.6861209869,
        "mean": 2.40305113792,
        "median": 1.678196311,
        "min": -4.13080358505,
        "var": 7.25697135925
    },
    "barkbands_spread": {
        "dmean": 8.78887462616,
        "dmean2": 13.3772525787,
        "dvar": 84.8413314819,
        "dvar2": 190.860626221,
        "max": 112.548202515,
        "mean": 23.1024398804,
        "median": 21.9008235931,
        "min": 0.190370962024,
        "var": 220.390319824
    },
    "dissonance": {
        "dmean": 0.0189390555024,
        "dmean2": 0.0315454378724,
        "dvar": 0.000468944053864,
        "dvar2": 0.00114108109847,
        "max": 0.499999970198,
        "mean": 0.47095105052,
        "median": 0.47987216711,
        "min": 0.286476999521,
        "var": 0.000886812282261
    },
    "dynamic_complexity": 2.13191318512,
    "erbbands_crest": {
        "dmean": 3.1728348732,
        "dmean2": 5.1617436409,
        "dvar": 8.74900531769,
        "dvar2": 22.4603843689,
        "max": 29.3467559814,
        "mean": 8.69871330261,
        "median": 7.53825283051,
        "min": 2.3394138813,
        "var": 18.3254890442
    },
    "erbbands_flatness_db": {
        "dmean": 0.0240050051361,
        "dmean2": 0.0336460880935,
        "dvar": 0.000441733078333,
        "dvar2": 0.000873460609,
        "max": 0.31895005703,
        "mean": 0.153037950397,
        "median": 0.149405151606,
        "min": 0.0666738301516,
        "var": 0.00186438299716
    },
    "erbbands_kurtosis": {
        "dmean": 1.26430344582,
        "dmean2": 1.97464811802,
        "dvar": 3.93054652214,
        "dvar2": 8.2359457016,
        "max": 33.2615280151,
        "mean": 0.490522235632,
        "median": -0.146550178528,
        "min": -1.75344002247,
        "var": 6.14223766327
    },
    "erbbands_skewness": {
        "dmean": 0.540038824081,
        "dmean2": 0.829795777798,
        "dvar": 0.286844313145,
        "dvar2": 0.679644882679,
        "max": 4.91616296768,
        "mean": 0.0102428626269,
        "median": -0.0608111545444,
        "min": -3.42155480385,
        "var": 0.79019343853
    },
    "erbbands_spread": {
        "dmean": 14.1464996338,
        "dmean2": 21.2490596771,
        "dvar": 250.311676025,
        "dvar2": 498.677368164,
        "max": 184.883758545,
        "mean": 44.7833938599,
        "median": 38.5908584595,
        "min": 5.80031251907,
        "var": 625.008728027
    },
    "hfc": {
        "dmean": 8.70145797729,
        "dmean2": 11.9881391525,
        "dvar": 78.0703964233,
        "dvar2": 133.537307739,
        "max": 85.0757904053,
        "mean": 22.0114593506,
        "median": 19.1199607849,
        "min": 0.0866151303053,
        "var": 244.107254028
    },
    "melbands_crest": {
        "dmean": 3.72715973854,
        "dmean2": 6.05944347382,
        "dvar": 9.80625247955,
        "dvar2": 23.427022934,
        "max": 34.8785324097,
        "mean": 17.6172294617,
        "median": 17.7415428162,
        "min": 3.51393795013,
        "var": 31.7051486969
    },
    "melbands_flatness_db": {
        "dmean": 0.0432111620903,
        "dmean2": 0.0629734769464,
        "dvar": 0.00196092203259,
        "dvar2": 0.0040415446274,
        "max": 0.65799421072,
        "mean": 0.234524548054,
        "median": 0.22461476922,
        "min": 0.0324258431792,
        "var": 0.00726986071095
    },
    "melbands_kurtosis": {
        "dmean": 29.5456447601,
        "dmean2": 46.5028419495,
        "dvar": 3310.24755859,
        "dvar2": 7958.37255859,
        "max": 588.475219727,
        "mean": 36.6000328064,
        "median": 11.1369037628,
        "min": -1.76220464706,
        "var": 4245.08056641
    },
    "melbands_skewness": {
        "dmean": 1.65684556961,
        "dmean2": 2.42267656326,
        "dvar": 3.80554080009,
        "dvar2": 8.03109264374,
        "max": 19.070142746,
        "mean": 4.04000616074,
        "median": 3.04933905602,
        "min": -1.42566716671,
        "var": 9.75335597992
    },
    "melbands_spread": {
        "dmean": 10.0394830704,
        "dmean2": 15.2535715103,
        "dvar": 208.003875732,
        "dvar2": 443.788238525,
        "max": 230.054931641,
        "mean": 21.9724674225,
        "median": 17.6054286957,
        "min": 0.324369221926,
        "var": 439.017211914
    },
    "pitch_salience": {
        "dmean": 0.0997642278671,
        "dmean2": 0.160381108522,
        "dvar": 0.00822306144983,
        "dvar2": 0.0192643944174,
        "max": 0.845479130745,
        "mean": 0.443033963442,
        "median": 0.454151362181,
        "min": 0.0602767430246,
        "var": 0.0259437616915
    },
    "silence_rate_20dB": {
        "dmean": 0,
        "dmean2": 0,
        "dvar": 0,
        "dvar2": 0,
        "max": 1,
        "mean": 1,
        "median": 1,
        "min": 1,
        "var": 0
    },
    "silence_rate_30dB": {
        "dmean": 0.0263157896698,
        "dmean2": 0.0526723451912,
        "dvar": 0.0256232116371,
        "dvar2": 0.0669393241405,
        "max": 1,
        "mean": 0.982211887836,
        "median": 1,
        "min": 0,
        "var": 0.0174718443304
    },
    "silence_rate_60dB": {
        "dmean": 0.0255417954177,
        "dmean2": 0.0503485687077,
        "dvar": 0.0248893853277,
        "dvar2": 0.0540102683008,
        "max": 1,
        "mean": 0.0324825979769,
        "median": 0,
        "min": 0,
        "var": 0.0314275696874
    },
    "spectral_centroid": {
        "dmean": 410.96963501,
        "dmean2": 636.116271973,
        "dvar": 167821.96875,
        "dvar2": 408963.65625,
        "max": 5537.35693359,
        "mean": 1479.01879883,
        "median": 1474.27539062,
        "min": 102.201545715,
        "var": 415091.5625
    },
    "spectral_complexity": {
        "dmean": 6.15015459061,
        "dmean2": 8.70875263214,
        "dvar": 45.8381309509,
        "dvar2": 87.4675292969,
        "max": 55,
        "mean": 20.2358856201,
        "median": 19,
        "min": 0,
        "var": 153.494857788
    },
    "spectral_decrease": {
        "dmean": 3.70341912692e-09,
        "dmean2": 5.17219245211e-09,
        "dvar": 1.7058154988e-17,
        "dvar2": 3.20990017505e-17,
        "max": -8.74026198638e-12,
        "mean": -1.07802975435e-08,
        "median": -9.86344339537e-09,
        "min": -4.19406802621e-08,
        "var": 5.49900175192e-17
    },
    "spectral_energy": {
        "dmean": 0.0144038433209,
        "dmean2": 0.0200173445046,
        "dvar": 0.000247941032285,
        "dvar2": 0.000464430399006,
        "max": 0.159590423107,
        "mean": 0.042683839798,
        "median": 0.0394793972373,
        "min": 5.81391796004e-05,
        "var": 0.000814062252175
    },
    "spectral_energyband_high": {
        "dmean": 0.000379993231036,
        "dmean2": 0.000533670012373,
        "dvar": 3.41095869771e-07,
        "dvar2": 6.18569401922e-07,
        "max": 0.00733512686566,
        "mean": 0.000676014518831,
        "median": 0.000401719415095,
        "min": 4.76738620137e-07,
        "var": 7.48639763515e-07
    },
    "spectral_energyband_low": {
        "dmean": 0.0118252644315,
        "dmean2": 0.0174215808511,
        "dvar": 0.000260363187408,
        "dvar2": 0.000492954568472,
        "max": 0.155195593834,
        "mean": 0.027373271063,
        "median": 0.0180050078779,
        "min": 4.04885469152e-07,
        "var": 0.000726689584553
    },
    "spectral_energyband_middle_high": {
        "dmean": 0.00306447758339,
        "dmean2": 0.00429363036528,
        "dvar": 1.06676225187e-05,
        "dvar2": 1.88055801118e-05,
        "max": 0.0297506563365,
        "mean": 0.00601883046329,
        "median": 0.00417813006788,
        "min": 4.60446472061e-06,
        "var": 3.24601096509e-05
    },
    "spectral_energyband_middle_low": {
        "dmean": 0.00658261170611,
        "dmean2": 0.0105979070067,
        "dvar": 7.15068235877e-05,
        "dvar2": 0.000173766427906,
        "max": 0.0593970157206,
        "mean": 0.0102240815759,
        "median": 0.0065852412954,
        "min": 1.8056245608e-05,
        "var": 0.000108002175693
    },
    "spectral_entropy": {
        "dmean": 0.210469812155,
        "dmean2": 0.308862507343,
        "dvar": 0.0528365820646,
        "dvar2": 0.10070887953,
        "max": 8.83145332336,
        "mean": 7.63412237167,
        "median": 7.66359519958,
        "min": 5.08112382889,
        "var": 0.17890624702
    },
    "spectral_flux": {
        "dmean": 0.0381615310907,
        "dmean2": 0.0607919022441,
        "dvar": 0.00160915579181,
        "dvar2": 0.00357667193748,
        "max": 0.360252946615,
        "mean": 0.113810695708,
        "median": 0.104679234326,
        "min": 0.00924408249557,
        "var": 0.00343834958039
    },
    "spectral_kurtosis": {
        "dmean": 1.68445527554,
        "dmean2": 2.66444754601,
        "dvar": 3.39058446884,
        "dvar2": 7.90315628052,
        "max": 18.4085903168,
        "mean": 4.28264665604,
        "median": 3.91755485535,
        "min": -1.30088222027,
        "var": 7.4058098793
    },
    "spectral_rms": {
        "dmean": 0.00110846071038,
        "dmean2": 0.00152388354763,
        "dvar": 1.17397041777e-06,
        "dvar2": 2.01791567633e-06,
        "max": 0.0124778989702,
        "mean": 0.00601644674316,
        "median": 0.00620616506785,
        "min": 0.000238162028836,
        "var": 5.44514250578e-06
    },
    "spectral_rolloff": {
        "dmean": 638.262695312,
        "dmean2": 1046.4041748,
        "dvar": 1225845.75,
        "dvar2": 2268154.25,
        "max": 12316.9921875,
        "mean": 1319.12060547,
        "median": 882.861328125,
        "min": 64.599609375,
        "var": 2805691.25
    },
    "spectral_skewness": {
        "dmean": 0.274534136057,
        "dmean2": 0.419435143471,
        "dvar": 0.0815350115299,
        "dvar2": 0.172749221325,
        "max": 3.50474524498,
        "mean": 1.5293943882,
        "median": 1.4942907095,
        "min": -0.0119375912473,
        "var": 0.212149396539
    },
    "spectral_spread": {
        "dmean": 937291.5,
        "dmean2": 1318680.75,
        "dvar": 1.57160937882e+12,
        "dvar2": 2.5729564672e+12,
        "max": 17106624,
        "mean": 4836562.5,
        "median": 4217110.5,
        "min": 1536916.75,
        "var": 4.16007061504e+12
    },
    "spectral_strongpeak": {
        "dmean": 0.423731267452,
        "dmean2": 0.707331895828,
        "dvar": 0.485526025295,
        "dvar2": 1.19106125832,
        "max": 8.56444263458,
        "mean": 0.717007517815,
        "median": 0.522587299347,
        "min": 0.01739166677,
        "var": 0.664339601994
    },
    "zerocrossingrate": {
        "dmean": 0.0134999183938,
        "dmean2": 0.0155572984368,
        "dvar": 0.000374163850211,
        "dvar2": 0.000367801083485,
        "max": 0.38232421875,
        "mean": 0.0509987659752,
        "median": 0.04248046875,
        "min": 0.0029296875,
        "var": 0.0019018369494
    },
    "barkbands": {
        "dmean": [0.000412671186496, 0.0123249953613, 0.00352231226861, 0.00280628702603, 0.00185275194235, 0.000866281276103, 0.000788068806287, 0.00130081735551, 0.00125481106807, 0.000735366134904, 0.000346736196661, 0.000540043401998, 0.000520088011399, 0.000576921389438, 0.000583427026868, 0.000333901058184, 0.00043214156176, 0.000294244324323, 0.000384389946703, 0.000185700249858, 6.35709293419e-05, 5.91119132878e-05, 9.1746544058e-05, 0.000102403362689, 5.65843874938e-05, 1.36872149596e-05, 2.84546297635e-09],
        "dmean2": [0.000705323996954, 0.0203485712409, 0.00623168190941, 0.00499287247658, 0.00279865064658, 0.00134754786268, 0.00125145714264, 0.00205817632377, 0.00200807210058, 0.00115458143409, 0.000578029837925, 0.000905038323253, 0.000803045695648, 0.000909647031222, 0.000919665326364, 0.000516280299053, 0.000684032449499, 0.000452520849649, 0.000571535667405, 0.000277536484646, 9.29095040192e-05, 8.89464790816e-05, 0.000136863687658, 0.000148636157974, 8.44112946652e-05, 2.0466868591e-05, 5.28480770257e-09],
        "dvar": [4.94301616527e-07, 0.000345477135852, 5.94740340603e-05, 4.14228161389e-05, 1.93196901819e-05, 3.82655161957e-06, 2.59174407802e-06, 1.08196654764e-05, 7.30670944904e-06, 3.30930220116e-06, 8.09621894859e-07, 2.0364784632e-06, 1.02950161818e-06, 1.24061807583e-06, 1.02764670373e-06, 3.05993097527e-07, 3.14146404889e-07, 1.66030304172e-07, 3.13325045909e-07, 9.30345223082e-08, 1.46144030211e-08, 8.66669491728e-09, 2.7777291578e-08, 4.08314200229e-08, 1.61485100847e-08, 7.97991561718e-10, 6.28741836486e-17],
        "dvar2": [1.26723898575e-06, 0.000847856805194, 0.000163802062161, 0.000111553948955, 3.86709652958e-05, 8.49844127515e-06, 5.8971809267e-06, 2.42066053033e-05, 1.58184047905e-05, 7.8268803918e-06, 2.10266512113e-06, 5.24545748704e-06, 2.36780260821e-06, 3.07071559291e-06, 2.3079589937e-06, 6.92941284797e-07, 7.66224559356e-07, 3.50403041693e-07, 6.54684129131e-07, 1.99823404046e-07, 3.23857065609e-08, 1.87951556541e-08, 5.52417418476e-08, 7.19734600807e-08, 3.36850476401e-08, 1.41997069658e-09, 1.80467172146e-16],
        "max": [0.00846244394779, 0.14181804657, 0.0456249527633, 0.0436003692448, 0.0424201972783, 0.0335845276713, 0.0267160981894, 0.0402116514742, 0.0418057702482, 0.0170515719801, 0.0109339375049, 0.0177647341043, 0.0150537565351, 0.0171843320131, 0.0161783508956, 0.00710502639413, 0.00568053778261, 0.00422929041088, 0.00635288469493, 0.00339481560513, 0.00126363697927, 0.00126969546545, 0.0025181111414, 0.00308612873778, 0.00223419815302, 0.00043161388021, 1.25550045027e-07],
        "mean": [0.000576840364374, 0.0217762310058, 0.00357838370837, 0.0022394049447, 0.00245585502125, 0.00123732746579, 0.001050077728, 0.0013537122868, 0.00149786355905, 0.000851460790727, 0.000393994909246, 0.000563355861232, 0.000712208449841, 0.000696692673955, 0.000725380668882, 0.000467192730866, 0.000606273300946, 0.000480425514979, 0.000577877392061, 0.000257739360677, 8.88617578312e-05, 8.54845930007e-05, 0.000146465201396, 0.000163426215295, 8.30942153698e-05, 1.82150233741e-05, 2.13171236219e-09],
        "median": [0.000152823122335, 0.0113665908575, 0.00157363770995, 0.000624035019428, 0.000871097203344, 0.00038466998376, 0.000352602277417, 0.000312710501021, 0.000326155917719, 0.00017797962937, 0.000134415749926, 0.000170777027961, 0.000241170549998, 0.000224993360462, 0.000210451209568, 0.000169858292793, 0.000285719666863, 0.000267235591309, 0.000241332760197, 0.000102216523373, 4.15602298744e-05, 4.18564450229e-05, 7.2104667197e-05, 7.39438764867e-05, 3.37480269081e-05, 6.44699002805e-06, 6.55020482299e-10],
        "min": [2.2307702352e-08, 3.3954876244e-08, 1.72055578673e-08, 1.04290069913e-08, 4.43133565398e-08, 2.99630357858e-07, 1.34839660859e-06, 1.49290031004e-07, 3.13866735269e-07, 1.9349978686e-07, 3.15245245019e-07, 3.23411370573e-07, 1.02588955997e-07, 1.34621117809e-07, 2.54362646501e-07, 2.8830845622e-07, 3.02378111883e-07, 2.28729092555e-07, 1.98488365299e-07, 8.97916692111e-08, 4.37076153048e-08, 3.18332027405e-08, 4.94892624658e-08, 4.66457628079e-08, 2.68396305181e-09, 5.17463905059e-10, 6.08398357735e-12],
        "var": [1.10388998564e-06, 0.00060207437491, 4.45855839644e-05, 2.82214241452e-05, 2.96617345157e-05, 8.94989079825e-06, 4.98483632327e-06, 1.35351619974e-05, 1.26054846987e-05, 3.94072594645e-06, 7.99541055585e-07, 1.88678984614e-06, 1.66612937846e-06, 1.69365330294e-06, 1.48842252656e-06, 5.47863862721e-07, 6.32287310509e-07, 3.34330678697e-07, 6.2108443899e-07, 1.57462991979e-07, 2.22802380989e-08, 1.43028371369e-08, 5.64213102905e-08, 8.45689811513e-08, 2.62561368203e-08, 1.4777831181e-09, 3.86359189639e-17]
    },
    "erbbands": {
        "dmean": [0.350284606218, 2.83043622971, 2.74222183228, 8.78524684906, 6.56818532944, 5.98148107529, 5.49125385284, 7.93983316422, 9.07044029236, 19.4820156097, 25.3328514099, 24.8865184784, 29.7943840027, 15.571428299, 15.7381696701, 20.657365799, 22.8684749603, 28.981426239, 31.410900116, 21.3190727234, 19.4878005981, 21.9237308502, 16.286031723, 17.1676101685, 17.9650096893, 8.15409660339, 3.19711899757, 2.34311652184, 2.11976218224, 2.21953940392, 2.84692907333, 2.38380455971, 1.60587203503, 0.813949465752, 0.338804036379, 0.109185799956, 0.0142882838845, 0.00090626324527, 2.55109953287e-05, 1.69461727637e-05],
        "dmean2": [0.557803690434, 4.73630714417, 4.41008520126, 15.7747964859, 10.4492845535, 8.96856689453, 9.00377845764, 12.1534633636, 14.5268039703, 30.753528595, 40.6539916992, 39.8656158447, 45.6382484436, 24.1418933868, 25.7247505188, 34.469039917, 34.9982910156, 44.857208252, 48.0246543884, 32.6898269653, 30.0605602264, 33.9392929077, 24.6871166229, 25.4881668091, 25.8877677917, 11.9883069992, 4.61494970322, 3.42134809494, 3.19907951355, 3.50366687775, 4.20577192307, 3.53038716316, 2.34150457382, 1.20811915398, 0.501862466335, 0.160075172782, 0.0213890783489, 0.00137842539698, 3.61950878869e-05, 2.34004073718e-05],
        "dvar": [0.241500407457, 19.5299243927, 23.4363517761, 467.104064941, 220.058532715, 181.641342163, 86.0393218994, 470.32723999, 353.032592773, 2047.99707031, 3229.58740234, 3142.52172852, 5769.37646484, 1505.60534668, 1707.94848633, 2771.56201172, 2199.06518555, 3586.33398438, 2763.66772461, 1457.59399414, 717.307495117, 724.455688477, 509.200164795, 629.817871094, 727.655212402, 163.84375, 27.9377593994, 19.5243396759, 10.3327932358, 16.3514881134, 26.5540618896, 21.6043987274, 10.6352262497, 3.84119415283, 0.458586752415, 0.0507015958428, 0.00076124019688, 3.7737738694e-06, 1.86876603081e-09, 3.02180530598e-10],
        "dvar2": [0.576685190201, 48.2526359558, 55.0644607544, 1263.90942383, 498.11618042, 353.057403564, 221.410140991, 1038.5111084, 815.116577148, 4187.96875, 7415.52978516, 7202.16503906, 12836.4326172, 3666.2199707, 4421.80664062, 7012.78710938, 5202, 8977.78320312, 6262.37548828, 3205.88549805, 1659.89306641, 1652.89770508, 1056.33251953, 1365.34289551, 1498.05065918, 345.650726318, 60.0446739197, 42.6970367432, 22.9529514313, 35.5667190552, 52.6672286987, 39.8021240234, 19.0821838379, 8.42696475983, 0.856546103954, 0.0902408510447, 0.00142751086969, 8.56906990521e-06, 3.62922492059e-09, 5.58828761044e-10],
        "max": [4.35862159729, 35.2748298645, 38.0056991577, 134.24937439, 122.694068909, 158.817245483, 100.052658081, 383.500152588, 321.926055908, 636.495239258, 783.085754395, 947.154724121, 1065.90515137, 584.428283691, 492.255615234, 666.927001953, 721.057189941, 1025.1607666, 763.981994629, 557.741333008, 221.48576355, 240.861221313, 255.364471436, 262.139190674, 354.326416016, 131.906234741, 55.1526107788, 45.8968887329, 34.2927360535, 70.8275299072, 76.6617355347, 62.6548995972, 52.4153213501, 35.4855232239, 8.56284809113, 3.25997281075, 0.379649221897, 0.0369284749031, 0.000785488984548, 0.000173708700459],
        "mean": [0.562063336372, 5.00767087936, 5.23422002792, 7.24254798889, 7.29712295532, 7.89598083496, 7.63334178925, 11.0878505707, 12.6802921295, 24.1431255341, 27.6114807129, 30.5974121094, 37.7957115173, 20.315410614, 18.283323288, 23.4468994141, 30.8328704834, 39.2204818726, 39.2291183472, 29.3860034943, 27.8547344208, 32.9825668335, 27.3633499146, 27.5754547119, 26.6959228516, 11.8399400711, 4.58988714218, 3.3337366581, 3.04148840904, 3.2138800621, 4.50336265564, 3.82157039642, 2.42475628853, 1.1525349617, 0.480046451092, 0.146939307451, 0.0193936750293, 0.00114800652955, 5.40535802429e-05, 5.25575305801e-05],
        "median": [0.293334037066, 2.42596530914, 4.15342903137, 2.17792463303, 1.93546807766, 2.82440042496, 3.56164073944, 3.23830103874, 4.7363038063, 6.74688577652, 8.2282075882, 8.217004776, 6.54491043091, 6.77287578583, 6.46610641479, 8.19176292419, 11.5284814835, 14.7147779465, 13.9734706879, 10.5067110062, 11.7928161621, 17.1052722931, 15.8962678909, 13.1293144226, 10.766535759, 4.99201965332, 1.94497895241, 1.69000661373, 1.48373007774, 1.55428445339, 2.17801904678, 1.6472941637, 1.0711466074, 0.460087239742, 0.180777266622, 0.0506347604096, 0.00748430890962, 0.000475320732221, 3.95350361941e-05, 5.0976381317e-05],
        "min": [5.8557761804e-06, 1.64063967532e-05, 0.000132366811158, 0.000101748162706, 0.000249614677159, 0.00312200863846, 0.00409367028624, 0.00361290085129, 0.012296685949, 0.0391624309123, 0.01591729559, 0.00669305305928, 0.00768466759473, 0.00852491334081, 0.0147971771657, 0.0133373737335, 0.01421289891, 0.0131178451702, 0.0155037650838, 0.0145112089813, 0.0150143327191, 0.0178191922605, 0.0145353283733, 0.0150610720739, 0.00653693964705, 0.00846221577376, 0.003237380879, 0.000952568370849, 0.00140669639222, 0.000827785872389, 0.00141774909571, 0.000742393545806, 0.000535329629201, 0.000355201802449, 0.000112026755232, 3.90353343391e-05, 9.46465206653e-06, 8.05565491646e-07, 2.19064148155e-07, 1.04380312393e-07],
        "var": [0.480016499758, 34.5474777222, 33.7679824829, 311.931152344, 275.040710449, 296.28503418, 139.079833984, 1018.97198486, 739.660888672, 2975.48510742, 4208.27978516, 4254.76269531, 9574.99902344, 1963.40698242, 1702.42150879, 2649.03442383, 3040.84667969, 5209.23681641, 3925.59521484, 2326.85180664, 1409.37683105, 1637.62890625, 1038.97802734, 1334.09619141, 1451.3079834, 296.372039795, 49.6943511963, 28.9833927155, 16.9724674225, 26.9192047119, 55.6451759338, 44.9485588074, 20.3718318939, 5.47027254105, 0.893733799458, 0.0966108292341, 0.00140801619273, 5.45219018022e-06, 3.71026320778e-09, 1.04188879746e-09]
    },
    "gfcc": {
        "mean": [2.48546743393, 90.5361251831, -114.0701828, 46.7621421814, -48.279499054, 28.2092933655, -40.5924110413, 25.8494262695, -16.6748371124, 2.26136684418, -4.02647209167, -4.12014722824, -11.5109624863],
        "cov": [[4012.2578125, 23.8901596069, -723.619995117, 258.460540771, -5.43134117126, 162.002716064, -109.282196045, -34.5698051453, 24.7366752625, 13.8632287979, -180.997360229, -135.697418213, 5.2891163826], [23.8901596069, 1028.05041504, -56.2084884644, 14.916097641, 285.748748779, -48.3563728333, 194.050491333, -52.3135414124, 130.690231323, -89.9027175903, 54.0168838501, -101.866752625, 77.4378662109], [-723.619995117, -56.2084884644, 1138.36450195, 326.514648438, 162.016403198, 253.434646606, -52.9087905884, -9.28657436371, 69.7963256836, 28.1577129364, -81.7635955811, 77.8216400146, 14.0508899689], [258.460540771, 14.916097641, 326.514648438, 577.152709961, 178.975952148, 66.4433517456, -67.2641525269, -123.031044006, 104.366218567, -9.60821151733, -84.3355178833, -59.0583763123, 58.526599884], [-5.43134117126, 285.748748779, 162.016403198, 178.975952148, 364.510437012, 71.9004440308, 30.3496456146, 7.46997737885, 84.6795806885, 23.7136306763, -13.2062826157, -64.5157241821, 40.7835769653], [162.002716064, -48.3563728333, 253.434646606, 66.4433517456, 71.9004440308, 290.984313965, 100.421676636, 44.4820976257, 39.8897705078, 7.06412410736, -19.770647049, 12.173743248, 6.98232078552], [-109.282196045, 194.050491333, -52.9087905884, -67.2641525269, 30.3496456146, 100.421676636, 412.007263184, 109.542366028, 15.7783327103, -21.1350307465, 75.9720840454, 45.1204338074, 19.6894245148], [-34.5698051453, -52.3135414124, -9.28657436371, -123.031044006, 7.46997737885, 44.4820976257, 109.542366028, 216.58164978, 25.1096553802, 33.2651634216, 75.2752227783, 31.314540863, -3.84897375107], [24.7366752625, 130.690231323, 69.7963256836, 104.366218567, 84.6795806885, 39.8897705078, 15.7783327103, 25.1096553802, 194.966110229, 45.5945014954, 18.8048458099, -22.3234291077, 29.8534126282], [13.8632287979, -89.9027175903, 28.1577129364, -9.60821151733, 23.7136306763, 7.06412410736, -21.1350307465, 33.2651634216, 45.5945014954, 125.582626343, 37.7133178711, 23.0191020966, 0.789684891701], [-180.997360229, 54.0168838501, -81.7635955811, -84.3355178833, -13.2062826157, -19.770647049, 75.9720840454, 75.2752227783, 18.8048458099, 37.7133178711, 168.014373779, 40.1755714417, 15.3027420044], [-135.697418213, -101.866752625, 77.8216400146, -59.0583763123, -64.5157241821, 12.173743248, 45.1204338074, 31.314540863, -22.3234291077, 23.0191020966, 40.1755714417, 160.032272339, 14.9888057709], [5.2891163826, 77.4378662109, 14.0508899689, 58.526599884, 40.7835769653, 6.98232078552, 19.6894245148, -3.84897375107, 29.8534126282, 0.789684891701, 15.3027420044, 14.9888057709, 95.3901443481]],
        "icov": [[0.000562233966775, -0.000621997285634, 0.000886385620106, -0.000957322132308, 0.000613539596088, -0.00120038446039, 0.000663434097078, -0.000873230281286, 0.000600462546572, -0.000915288983379, 0.000968928681687, -0.00043856643606, 0.000317070807796], [-0.000621997285634, 0.00350325088948, -0.00139348069206, 0.00257065729238, -0.00299347937107, 0.00270200753585, -0.00223372853361, 0.00309302797541, -0.00282630277798, 0.00370223284699, -0.0022625348065, 0.00172918173485, -0.00156836444512], [0.000886385620106, -0.00139348069206, 0.00299444189295, -0.00247911713086, 0.000895944365766, -0.00322006852366, 0.00178306864109, -0.00199521542527, 0.00123854679987, -0.00179097545333, 0.00207838485949, -0.00221718731336, 0.0012083403999], [-0.000957322132308, 0.00257065729238, -0.00247911713086, 0.00566294230521, -0.00302774226293, 0.0028251435142, -0.00193795410451, 0.00423766346648, -0.00336185912602, 0.00328109017573, -0.0017944436986, 0.00214621447958, -0.00250880373642], [0.000613539596088, -0.00299347937107, 0.000895944365766, -0.00302774226293, 0.00660551572219, -0.00264065572992, 0.00145678734407, -0.00311281927861, 0.00198450754397, -0.00409834692255, 0.00206384737976, 0.000465286313556, 7.32840126147e-05], [-0.00120038446039, 0.00270200753585, -0.00322006852366, 0.0028251435142, -0.00264065572992, 0.00840446446091, -0.00358438771218, 0.00222701602615, -0.00271700951271, 0.00296706217341, -0.00160738558043, 0.00189695402514, -0.00125691888388], [0.000663434097078, -0.00223372853361, 0.00178306864109, -0.00193795410451, 0.00145678734407, -0.00358438771218, 0.0051955152303, -0.00333412480541, 0.0016843592748, -0.000932322640438, 0.000649319088552, -0.00226935185492, 0.000868537463248], [-0.000873230281286, 0.00309302797541, -0.00199521542527, 0.00423766346648, -0.00311281927861, 0.00222701602615, -0.00333412480541, 0.0101294647902, -0.0035084860865, 0.00256880954839, -0.00426871608943, 0.00160197040532, -0.000994022586383], [0.000600462546572, -0.00282630277798, 0.00123854679987, -0.00336185912602, 0.00198450754397, -0.00271700951271, 0.0016843592748, -0.0035084860865, 0.00945804174989, -0.00543885631487, 0.00132119865157, -0.000134849076858, -0.00010322410526], [-0.000915288983379, 0.00370223284699, -0.00179097545333, 0.00328109017573, -0.00409834692255, 0.00296706217341, -0.000932322640438, 0.00256880954839, -0.00543885631487, 0.0145375840366, -0.00469102524221, -7.82424904173e-05, -0.000526250805706], [0.000968928681687, -0.0022625348065, 0.00207838485949, -0.0017944436986, 0.00206384737976, -0.00160738558043, 0.000649319088552, -0.00426871608943, 0.00132119865157, -0.00469102524221, 0.0109627759084, -0.00255706836469, -0.000224688294111], [-0.00043856643606, 0.00172918173485, -0.00221718731336, 0.00214621447958, 0.000465286313556, 0.00189695402514, -0.00226935185492, 0.00160197040532, -0.000134849076858, -7.82424904173e-05, -0.00255706836469, 0.0101625965908, -0.00331818591803], [0.000317070807796, -0.00156836444512, 0.0012083403999, -0.00250880373642, 7.32840126147e-05, -0.00125691888388, 0.000868537463248, -0.000994022586383, -0.00010322410526, -0.000526250805706, -0.000224688294111, -0.00331818591803, 0.0135355582461]]
    },
    "melbands": {
        "dmean": [0.00344923255034, 0.00186500628479, 0.00136131606996, 0.000469693099149, 0.000188982230611, 0.000171574298292, 0.000148583407281, 0.000241161484155, 0.000197938774363, 0.00017266892246, 0.000149052546476, 6.51535156067e-05, 4.95780186611e-05, 6.28139823675e-05, 5.51157318114e-05, 5.32780795766e-05, 5.5862863519e-05, 5.19935347256e-05, 4.15719223383e-05, 2.38010070461e-05, 2.55570048466e-05, 2.52827376244e-05, 2.05554042623e-05, 1.25457008835e-05, 1.46965876411e-05, 1.60073323059e-05, 9.54490406002e-06, 4.8729093578e-06, 2.11141377804e-06, 1.84534337677e-06, 1.26286079194e-06, 1.23338054436e-06, 1.20477739074e-06, 1.32661671159e-06, 1.72819613908e-06, 1.67468147083e-06, 1.51642348101e-06, 1.26072609419e-06, 9.15151645131e-07, 6.46296541618e-07],
        "dmean2": [0.00562763120979, 0.00273720826954, 0.00240803905763, 0.000702503079083, 0.000304418703308, 0.000261871056864, 0.000235665458604, 0.000374726776499, 0.000319393788232, 0.000276575272437, 0.00022889849788, 0.000101055484265, 8.1773592683e-05, 0.000105720071588, 8.98156504263e-05, 8.14377199276e-05, 8.80231455085e-05, 8.1608457549e-05, 6.5460204496e-05, 3.75032286684e-05, 4.05457612942e-05, 4.02910991397e-05, 3.16073856084e-05, 1.90400951396e-05, 2.23378974624e-05, 2.35241241171e-05, 1.37469687616e-05, 7.30634519641e-06, 3.12641736855e-06, 2.80222661786e-06, 1.84653151791e-06, 1.86137788205e-06, 1.91815820472e-06, 2.11796759686e-06, 2.61326385953e-06, 2.46854938268e-06, 2.25284202315e-06, 1.85935437003e-06, 1.37379515763e-06, 9.73254259407e-07],
        "dvar": [2.54347942246e-05, 7.05383263266e-06, 9.91764227365e-06, 1.39189899073e-06, 8.90391973485e-08, 1.93549752225e-07, 9.44734779296e-08, 3.43906407352e-07, 1.73627284994e-07, 1.55263819579e-07, 1.44365870369e-07, 2.86079693268e-08, 1.78726260458e-08, 3.69507802134e-08, 1.50752370587e-08, 8.96142893225e-09, 1.38305411568e-08, 8.0299926708e-09, 5.67871305535e-09, 2.13825379625e-09, 1.33086319742e-09, 1.13965903381e-09, 7.49065698358e-10, 3.29250071651e-10, 4.88001472565e-10, 5.66906188659e-10, 2.31417274232e-10, 5.97291660576e-11, 1.24840667318e-11, 1.52721880281e-11, 4.4301719411e-12, 3.13804776435e-12, 4.69591639879e-12, 5.94466489923e-12, 9.62197075488e-12, 1.08652670194e-11, 8.72643710764e-12, 6.41840356905e-12, 4.29939243929e-12, 2.5713203268e-12],
        "dvar2": [6.23496234766e-05, 1.36092312459e-05, 2.66418919637e-05, 2.68823941951e-06, 2.2029027491e-07, 4.2376407805e-07, 2.19304695293e-07, 7.28315512788e-07, 4.0244086108e-07, 3.49975067593e-07, 3.2182649079e-07, 6.93121506856e-08, 4.70843488642e-08, 9.79824648084e-08, 3.68527501848e-08, 1.97208276376e-08, 3.36938974499e-08, 1.88044904093e-08, 1.29418378236e-08, 4.84216888808e-09, 3.21196647057e-09, 2.79493694855e-09, 1.70386649234e-09, 7.11727232705e-10, 1.09758602207e-09, 1.18007026373e-09, 4.66616467687e-10, 1.3270284871e-10, 2.71140436492e-11, 3.65971558614e-11, 9.2838575369e-12, 6.91070031061e-12, 1.03960295234e-11, 1.35995910713e-11, 2.04025997486e-11, 2.1338670414e-11, 1.69892034468e-11, 1.14626051706e-11, 9.21087078137e-12, 5.85561460431e-12],
        "max": [0.0388365276158, 0.0284976176918, 0.0197093300521, 0.0115876598284, 0.00336546311155, 0.00786345265806, 0.00538521353155, 0.00851244386286, 0.00589142739773, 0.0060367626138, 0.00529364589602, 0.00259011238813, 0.00171089509968, 0.00259806285612, 0.00179206568282, 0.00115901138633, 0.0018489791546, 0.000969185610302, 0.00107600470074, 0.000673336558975, 0.000324872060446, 0.000302724394714, 0.000272527133347, 0.000182300806046, 0.000239867687924, 0.000253720325418, 0.000178749920451, 7.5133946666e-05, 4.20444848714e-05, 3.91748726543e-05, 2.12835730053e-05, 1.71086430782e-05, 3.06705987896e-05, 4.07730585721e-05, 4.83176445414e-05, 5.66639537283e-05, 4.23101519118e-05, 3.52910792571e-05, 4.05417849834e-05, 3.16998703056e-05],
        "mean": [0.00579797243699, 0.00432669650763, 0.00119519256987, 0.000592741183937, 0.000271867291303, 0.000242298003286, 0.00020431377925, 0.000279499799944, 0.000214829386096, 0.000208263765671, 0.000186239194591, 8.03992006695e-05, 5.6782446336e-05, 6.36808545096e-05, 6.00972889515e-05, 7.57512025302e-05, 7.08085572114e-05, 6.02038489887e-05, 5.20142311871e-05, 3.17144113069e-05, 3.36680386681e-05, 3.52399874828e-05, 2.97441929433e-05, 2.07182820304e-05, 2.23084134632e-05, 2.2632370019e-05, 1.40046513479e-05, 6.33907256997e-06, 2.95763607028e-06, 2.25463986681e-06, 1.80902281954e-06, 1.76460741841e-06, 1.54695078436e-06, 1.85494411653e-06, 2.60056344814e-06, 2.55548775385e-06, 2.27744226322e-06, 1.83584950264e-06, 1.26589168303e-06, 8.57314034874e-07],
        "median": [0.0031843285542, 0.00259404070675, 0.000371698493836, 0.00017477828078, 0.000139729498187, 7.38584712963e-05, 7.09599844413e-05, 7.40882169339e-05, 6.16519537289e-05, 4.3584870582e-05, 2.92317672574e-05, 2.43480135396e-05, 1.97660046979e-05, 1.84208329301e-05, 2.01940565603e-05, 2.3809781851e-05, 2.43204958679e-05, 1.99450951186e-05, 1.58163984452e-05, 1.12865554911e-05, 1.35553718792e-05, 1.63919139595e-05, 1.57877129823e-05, 1.13665173558e-05, 9.62013018579e-06, 9.00219492905e-06, 5.0009421102e-06, 2.36477831095e-06, 1.12580721634e-06, 8.46348257255e-07, 9.2434936505e-07, 8.43701286612e-07, 6.90129297709e-07, 8.77753677742e-07, 1.18536911486e-06, 1.05773790438e-06, 9.57363909038e-07, 7.65415222759e-07, 5.16413081186e-07, 3.27400442757e-07],
        "min": [9.70665592348e-09, 4.94155116826e-08, 1.54422110654e-08, 6.05778804896e-09, 1.17737137373e-07, 7.8257187397e-08, 1.97914474143e-07, 2.92272403613e-07, 8.19298051624e-08, 3.40142030097e-08, 3.95670589626e-08, 2.53821852425e-08, 5.46192246986e-08, 3.27871916284e-08, 3.72398858417e-08, 9.46058165141e-09, 1.4908678736e-08, 2.62493458081e-08, 1.83914536933e-08, 1.32003199482e-08, 1.73558483141e-08, 1.46031142734e-08, 1.73622023425e-08, 1.15674394507e-08, 1.20124674652e-08, 6.30505248012e-09, 3.63315844076e-09, 6.15224815537e-10, 1.64923219526e-09, 2.83967238612e-10, 1.2351450418e-10, 7.0474487357e-10, 1.72276817811e-10, 2.93000679275e-10, 7.20302040236e-10, 2.85652335119e-10, 2.91396268226e-10, 2.60805099739e-10, 6.38252714569e-11, 2.95953019036e-12],
