{
"highlevel": {
    "danceability": {
        "all": {
            "danceable": 0.999364793301,
            "not_danceable": 0.000635213626083
        },
        "probability": 0.999364793301,
        "value": "danceable"
    },
    "gender": {
        "all": {
            "female": 0.00961599964648,
            "male": 0.990383982658
        },
        "probability": 0.990383982658,
        "value": "male"
    },
    "genre_dortmund": {
        "all": {
            "alternative": 0.0164192393422,
            "blues": 0.00346736633219,
            "electronic": 0.0192537400872,
            "folkcountry": 0.00301742996089,
            "funksoulrnb": 0.0107734780759,
            "jazz": 0.0201605092734,
            "pop": 0.0172433108091,
            "raphiphop": 0.900247097015,
            "rock": 0.00941784773022
        },
        "probability": 0.900247097015,
        "value": "raphiphop"
    },
    "genre_electronic": {
        "all": {
            "ambient": 0.318245112896,
            "dnb": 0.122947044671,
            "house": 0.303544700146,
            "techno": 0.0377594642341,
            "trance": 0.217503651977
        },
        "probability": 0.318245112896,
        "value": "ambient"
    },
    "genre_rosamerica": {
        "all": {
            "cla": 0.000733385444619,
            "dan": 0.15883859992,
            "hip": 0.735679090023,
            "jaz": 0.00175201147795,
            "pop": 0.0121181635186,
            "rhy": 0.0872261747718,
            "roc": 0.00151278590783,
            "spe": 0.00213981443085
        },
        "probability": 0.735679090023,
        "value": "hip"
    },
    "genre_tzanetakis": {
        "all": {
            "blu": 0.0626613423228,
            "cla": 0.0348169617355,
            "cou": 0.104475811124,
            "dis": 0.0784321576357,
            "hip": 0.15692435205,
            "jaz": 0.313974827528,
            "met": 0.0448166541755,
            "pop": 0.0627359300852,
            "reg": 0.0627360641956,
            "roc": 0.0784258767962
        },
        "probability": 0.313974827528,
        "value": "jaz"
    },
    "ismir04_rhythm": {
        "all": {
            "ChaChaCha": 0.366661369801,
            "Jive": 0.0156048210338,
            "Quickstep": 0.0575834363699,
            "Rumba-American": 0.0207779370248,
            "Rumba-International": 0.0365880429745,
            "Rumba-Misc": 0.0072778002359,
            "Samba": 0.475286483765,
            "Tango": 0.0107847591862,
            "VienneseWaltz": 0.00677718874067,
            "Waltz": 0.00265815784223
        },
        "probability": 0.475286483765,
        "value": "Samba"
    },
    "mood_acoustic": {
        "all": {
            "acoustic": 0.617545008659,
            "not_acoustic": 0.382455021143
        },
        "probability": 0.617545008659,
        "value": "acoustic"
    },
    "mood_aggressive": {
        "all": {
            "aggressive": 0.0229648891836,
            "not_aggressive": 0.977035105228
        },
        "probability": 0.977035105228,
        "value": "not_aggressive"
    },
    "mood_electronic": {
        "all": {
            "electronic": 0.842795431614,
            "not_electronic": 0.157204538584
        },
        "probability": 0.842795431614,
        "value": "electronic"
    },
    "mood_happy": {
        "all": {
            "happy": 0.329841524363,
            "not_happy": 0.670158445835
        },
        "probability": 0.670158445835,
        "value": "not_happy"
    },
    "mood_party": {
        "all": {
            "not_party": 0.539901375771,
            "party": 0.460098594427
        },
        "probability": 0.539901375771,
        "value": "not_party"
    },
    "mood_relaxed": {
        "all": {
            "not_relaxed": 0.739502906799,
            "relaxed": 0.260497093201
        },
        "probability": 0.739502906799,
        "value": "not_relaxed"
    },
    "mood_sad": {
        "all": {
            "not_sad": 0.786285161972,
            "sad": 0.213714852929
        },
        "probability": 0.786285161972,
        "value": "not_sad"
    },
    "moods_mirex": {
        "all": {
            "Cluster1": 0.183788761497,
            "Cluster2": 0.17795163393,
            "Cluster3": 0.248772919178,
            "Cluster4": 0.26819345355,
            "Cluster5": 0.121293239295
        },
        "probability": 0.26819345355,
        "value": "Cluster4"
    },
    "timbre": {
        "all": {
            "bright": 0.630721688271,
            "dark": 0.369278281927
        },
        "probability": 0.630721688271,
        "value": "bright"
    },
    "tonal_atonal": {
        "all": {
            "atonal": 0.0492508597672,
            "tonal": 0.950749158859
        },
        "probability": 0.950749158859,
        "value": "tonal"
    },
    "voice_instrumental": {
        "all": {
            "instrumental": 0.0332998782396,
            "voice": 0.966700136662
        },
        "probability": 0.966700136662,
        "value": "voice"
    }
},
"lowlevel": {
    "average_loudness": 0.978463232517,
    "barkbands_crest": {
        "dmean": 3.12158703804,
        "dmean2": 4.80234336853,
        "dvar": 8.02099895477,
        "dvar2": 17.8264579773,
        "max": 25.7840385437,
        "mean": 11.8285446167,
        "median": 11.0422487259,
        "min": 2.46841287613,
        "var": 22.4067935944
    },
    "barkbands_flatness_db": {
        "dmean": 0.0360338650644,
        "dmean2": 0.0521495603025,
        "dvar": 0.00108404736966,
        "dvar2": 0.00236193509772,
        "max": 0.443636089563,
        "mean": 0.176556125283,
        "median": 0.173036873341,
        "min": 0.0487498790026,
        "var": 0.00293083582073
    },
    "barkbands_kurtosis": {
        "dmean": 8.98418331146,
        "dmean2": 14.0347013474,
        "dvar": 1379.99584961,
        "dvar2": 3790.79003906,
        "max": 711.504455566,
        "mean": 9.24369907379,
        "median": 3.08311223984,
        "min": -1.93793237209,
        "var": 1060.61547852
    },
    "barkbands_skewness": {
        "dmean": 0.980161786079,
        "dmean2": 1.36972236633,
        "dvar": 1.64957618713,
        "dvar2": 3.52643871307,
        "max": 21.5391464233,
        "mean": 2.01915192604,
        "median": 1.68763840199,
        "min": -3.38628196716,
        "var": 3.75103616714
    },
    "barkbands_spread": {
        "dmean": 9.79830265045,
        "dmean2": 14.8156843185,
        "dvar": 133.742034912,
        "dvar2": 287.608306885,
        "max": 122.489227295,
        "mean": 22.1621932983,
        "median": 17.5857105255,
        "min": 0.249915212393,
        "var": 288.995269775
    },
    "dissonance": {
        "dmean": 0.0294598862529,
        "dmean2": 0.0465971976519,
        "dvar": 0.000819134933408,
        "dvar2": 0.00189784064423,
        "max": 0.5,
        "mean": 0.446000128984,
        "median": 0.455501168966,
        "min": 0.251243114471,
        "var": 0.00176076800562
    },
    "dynamic_complexity": 2.07898569107,
    "erbbands_crest": {
        "dmean": 3.2195019722,
        "dmean2": 5.3086104393,
        "dvar": 8.63139057159,
        "dvar2": 21.296169281,
        "max": 25.2259178162,
        "mean": 9.55292034149,
        "median": 9.0026884079,
        "min": 2.89445257187,
        "var": 16.0950965881
    },
    "erbbands_flatness_db": {
        "dmean": 0.0269541628659,
        "dmean2": 0.0406825691462,
        "dvar": 0.000631528848317,
        "dvar2": 0.00132136931643,
        "max": 0.30113902688,
        "mean": 0.159511774778,
        "median": 0.154683411121,
        "min": 0.0641741976142,
        "var": 0.00205544685014
    },
    "erbbands_kurtosis": {
        "dmean": 1.59696781635,
        "dmean2": 2.52117538452,
        "dvar": 4.15416002274,
        "dvar2": 9.71821022034,
        "max": 17.849155426,
        "mean": 0.922249257565,
        "median": -0.0452003479004,
        "min": -1.80828309059,
        "var": 7.12807750702
    },
    "erbbands_skewness": {
        "dmean": 0.593349933624,
        "dmean2": 0.890958428383,
        "dvar": 0.296975493431,
        "dvar2": 0.627755820751,
        "max": 3.17012310028,
        "mean": 0.496222048998,
        "median": 0.520476877689,
        "min": -3.76928544044,
        "var": 0.859063744545
    },
    "erbbands_spread": {
        "dmean": 13.8561153412,
        "dmean2": 20.6714744568,
        "dvar": 210.168685913,
        "dvar2": 440.278045654,
        "max": 160.896682739,
        "mean": 42.8862037659,
        "median": 40.0423965454,
        "min": 5.00892496109,
        "var": 533.235717773
    },
    "hfc": {
        "dmean": 13.9930038452,
        "dmean2": 19.9329376221,
        "dvar": 428.326202393,
        "dvar2": 761.743103027,
        "max": 330.851623535,
        "mean": 26.5892295837,
        "median": 21.3353824615,
        "min": 0.572553813457,
        "var": 862.151306152
    },
    "melbands_crest": {
        "dmean": 4.2925286293,
        "dmean2": 6.55104732513,
        "dvar": 13.6632432938,
        "dvar2": 30.188747406,
        "max": 37.5667800903,
        "mean": 19.1016788483,
        "median": 18.9063739777,
        "min": 3.0441865921,
        "var": 50.3746948242
    },
    "melbands_flatness_db": {
        "dmean": 0.0460029840469,
        "dmean2": 0.0637561529875,
        "dvar": 0.00179317663424,
        "dvar2": 0.00363547587767,
        "max": 0.550268173218,
        "mean": 0.227141678333,
        "median": 0.221531733871,
        "min": 0.0207459311932,
        "var": 0.00650910381228
    },
    "melbands_kurtosis": {
        "dmean": 18.4371948242,
        "dmean2": 26.4109783173,
        "dvar": 1461.36450195,
        "dvar2": 2883.3996582,
        "max": 632.572814941,
        "mean": 25.4692783356,
        "median": 10.2979879379,
        "min": -1.82506430149,
        "var": 2386.69946289
    },
    "melbands_skewness": {
        "dmean": 1.33687341213,
        "dmean2": 1.88547992706,
        "dvar": 2.4486618042,
        "dvar2": 4.27787446976,
        "max": 18.7866573334,
        "mean": 3.32675862312,
        "median": 2.59606075287,
        "min": -1.63210177422,
        "var": 6.91511964798
    },
    "melbands_spread": {
        "dmean": 11.3116226196,
        "dmean2": 17.2653045654,
        "dvar": 372.727416992,
        "dvar2": 818.340698242,
        "max": 272.961364746,
        "mean": 22.9317970276,
        "median": 16.2746105194,
        "min": 0.33202406764,
        "var": 715.345825195
    },
    "pitch_salience": {
        "dmean": 0.0904996469617,
        "dmean2": 0.13671964407,
        "dvar": 0.00733051588759,
        "dvar2": 0.0141207827255,
        "max": 0.82085609436,
        "mean": 0.485543459654,
        "median": 0.480620771646,
        "min": 0.0817608460784,
        "var": 0.0226534809917
    },
    "silence_rate_20dB": {
        "dmean": 0,
        "dmean2": 0,
        "dvar": 0,
        "dvar2": 0,
        "max": 1,
        "mean": 1,
        "median": 1,
        "min": 1,
        "var": 0
    },
    "silence_rate_30dB": {
        "dmean": 0.0634674951434,
        "dmean2": 0.127033308148,
        "dvar": 0.0594395250082,
        "dvar2": 0.118641920388,
        "max": 1,
        "mean": 0.905645787716,
        "median": 1,
        "min": 0,
        "var": 0.0854522138834
    },
    "silence_rate_60dB": {
        "dmean": 0.0340557284653,
        "dmean2": 0.0681642144918,
        "dvar": 0.0328958369792,
        "dvar2": 0.0774604305625,
        "max": 1,
        "mean": 0.0340293906629,
        "median": 0,
        "min": 0,
        "var": 0.0328717380762
    },
    "spectral_centroid": {
        "dmean": 463.642272949,
        "dmean2": 697.619140625,
        "dvar": 288622.625,
        "dvar2": 601913,
        "max": 5952.61572266,
        "mean": 1406.86364746,
        "median": 1158.46154785,
        "min": 140.227127075,
        "var": 727424.0625
    },
    "spectral_complexity": {
        "dmean": 4.84907102585,
        "dmean2": 7.44306755066,
        "dvar": 27.0491943359,
        "dvar2": 58.4668273926,
        "max": 43,
        "mean": 15.4717712402,
        "median": 15,
        "min": 1,
        "var": 47.2515487671
    },
    "spectral_decrease": {
        "dmean": 4.89105866919e-09,
        "dmean2": 7.28350890711e-09,
        "dvar": 7.89063865229e-17,
        "dvar2": 1.47247876678e-16,
        "max": -6.99780372537e-11,
        "mean": -1.17953806722e-08,
        "median": -8.70081784399e-09,
        "min": -8.15653891095e-08,
        "var": 1.5782130955e-16
    },
    "spectral_energy": {
        "dmean": 0.0192507710308,
        "dmean2": 0.028561398387,
        "dvar": 0.00114042975474,
        "dvar2": 0.00212130206637,
        "max": 0.311823993921,
        "mean": 0.0469302386045,
        "median": 0.0352852270007,
        "min": 0.000325195054756,
        "var": 0.0023074420169
    },
    "spectral_energyband_high": {
        "dmean": 0.00130747910589,
        "dmean2": 0.00189989618957,
        "dvar": 6.81673827785e-06,
        "dvar2": 1.15796374303e-05,
        "max": 0.0378275848925,
        "mean": 0.0016479769256,
        "median": 0.000481791561469,
        "min": 2.43249860432e-06,
        "var": 1.29277659653e-05
    },
    "spectral_energyband_low": {
        "dmean": 0.0136947687715,
        "dmean2": 0.0207386314869,
        "dvar": 0.0011009654263,
        "dvar2": 0.00214011431672,
        "max": 0.282431781292,
        "mean": 0.0269211269915,
        "median": 0.0134907644242,
        "min": 1.63930323538e-07,
        "var": 0.00189069088083
    },
    "spectral_energyband_middle_high": {
        "dmean": 0.00207620300353,
        "dmean2": 0.00288096512668,
        "dvar": 7.97688062448e-06,
        "dvar2": 1.43511024362e-05,
        "max": 0.0384637452662,
        "mean": 0.00429754517972,
        "median": 0.00285159936175,
        "min": 9.4810508017e-05,
        "var": 2.31371614063e-05
    },
    "spectral_energyband_middle_low": {
        "dmean": 0.0104209389538,
        "dmean2": 0.0177303869277,
        "dvar": 0.000498046225403,
        "dvar2": 0.00140232255217,
        "max": 0.211894005537,
        "mean": 0.0148951550946,
        "median": 0.0117345191538,
        "min": 0.000109450927994,
        "var": 0.000355798925739
    },
    "spectral_entropy": {
        "dmean": 0.331265181303,
        "dmean2": 0.500112950802,
        "dvar": 0.093665458262,
        "dvar2": 0.199809417129,
        "max": 8.76106834412,
        "mean": 7.49432849884,
        "median": 7.45414876938,
        "min": 6.19368457794,
        "var": 0.265536010265
    },
    "spectral_flux": {
        "dmean": 0.0500687994063,
        "dmean2": 0.078416518867,
        "dvar": 0.00325868767686,
        "dvar2": 0.00631060265005,
        "max": 0.526759624481,
        "mean": 0.121414668858,
        "median": 0.096527390182,
        "min": 0.0151716480032,
        "var": 0.00742654828355
    },
    "spectral_kurtosis": {
        "dmean": 1.99701988697,
        "dmean2": 3.01460409164,
        "dvar": 5.62936019897,
        "dvar2": 12.5689573288,
        "max": 31.5786552429,
        "mean": 4.25763607025,
        "median": 3.44987249374,
        "min": -1.04198658466,
        "var": 12.425321579
    },
    "spectral_rms": {
        "dmean": 0.00133274507243,
        "dmean2": 0.00192255422007,
        "dvar": 3.17849571729e-06,
        "dvar2": 5.23195967617e-06,
        "max": 0.0174418613315,
        "mean": 0.00609753746539,
        "median": 0.00586724886671,
        "min": 0.000563261448406,
        "var": 8.60562977323e-06
    },
    "spectral_rolloff": {
        "dmean": 833.346862793,
        "dmean2": 1375.25720215,
        "dvar": 2007602.75,
        "dvar2": 4116072.75,
        "max": 12101.6601562,
        "mean": 1509.60559082,
        "median": 775.1953125,
        "min": 64.599609375,
        "var": 4108117.75
    },
    "spectral_skewness": {
        "dmean": 0.368272155523,
        "dmean2": 0.526439845562,
        "dvar": 0.127074599266,
        "dvar2": 0.248981192708,
        "max": 4.47699975967,
        "mean": 1.56915605068,
        "median": 1.52130877972,
        "min": -0.133067980409,
        "var": 0.400843977928
    },
    "spectral_spread": {
        "dmean": 867737.1875,
        "dmean2": 1339471.75,
        "dvar": 812457918464,
        "dvar2": 1.77407564186e+12,
        "max": 12537418,
        "mean": 5185371.5,
        "median": 5079664,
        "min": 1782250.5,
        "var": 2.13542816973e+12
    },
    "spectral_strongpeak": {
        "dmean": 0.585227489471,
        "dmean2": 0.966591238976,
        "dvar": 0.924352049828,
        "dvar2": 2.48626351357,
        "max": 9.86982822418,
        "mean": 0.862312734127,
        "median": 0.414884269238,
        "min": 0,
        "var": 1.05946648121
    },
    "zerocrossingrate": {
        "dmean": 0.0186843164265,
        "dmean2": 0.0210796799511,
        "dvar": 0.000467981473776,
        "dvar2": 0.000502115348354,
        "max": 0.39892578125,
        "mean": 0.062897272408,
        "median": 0.0498046875,
        "min": 0.00439453125,
        "var": 0.00258304667659
    },
    "barkbands": {
        "dmean": [0.000896967481822, 0.0107606519014, 0.00592696340755, 0.00269988435321, 0.00390471541323, 0.000750613049604, 0.00272267567925, 0.00129508750979, 0.00242992257699, 0.000681345292833, 0.000443078635726, 0.000438601418864, 0.000529239012394, 0.000329448579578, 0.000116014620289, 0.000137051712954, 0.000182129297173, 0.000154620502144, 0.000139688345371, 0.000322632549796, 0.000219121924601, 0.000284774578176, 0.000234912557062, 0.000282554217847, 0.000173996610101, 7.24441488273e-05, 3.01843563477e-08],
        "dmean2": [0.00136213342194, 0.0153709771112, 0.00984154269099, 0.0050556641072, 0.00697404611856, 0.00128889526241, 0.00432431371883, 0.00207762001082, 0.00354688661173, 0.000990573666058, 0.000674681155942, 0.000699966505636, 0.000832796271425, 0.000525249168277, 0.000181379189598, 0.000217163469642, 0.000271911587333, 0.000245944102062, 0.00021513311367, 0.000501430884469, 0.000340031168889, 0.000432253204053, 0.000337152043357, 0.000397724623326, 0.000253512349445, 0.000119093943795, 4.95201959438e-08],
        "dvar": [1.75466004748e-06, 0.000679296208546, 0.000398257281631, 0.000105134458863, 0.000167323683854, 3.29426234202e-06, 1.78752816282e-05, 7.9720366557e-06, 1.7676717107e-05, 3.31095952788e-06, 1.07924086024e-06, 1.38227312618e-06, 1.30393277686e-06, 4.72283574027e-07, 4.96083742973e-08, 4.78719108798e-08, 1.26563904246e-07, 5.46515259714e-08, 5.16411020612e-08, 2.87361388018e-07, 1.47289668462e-07, 3.01574544892e-07, 3.72481309796e-07, 9.72516318143e-07, 2.44568724383e-07, 2.49131968388e-08, 5.96299471931e-14],
        "dvar2": [4.23795790994e-06, 0.0013407014776, 0.00099146051798, 0.000302643951727, 0.000479290960357, 8.67208564159e-06, 4.26183105446e-05, 1.97288973141e-05, 3.72191643692e-05, 6.66599862598e-06, 2.24648488256e-06, 3.49726269633e-06, 2.89271451948e-06, 1.05907588477e-06, 1.14001245777e-07, 1.11846389927e-07, 2.47841683176e-07, 1.2157006779e-07, 1.20002127346e-07, 6.84703081788e-07, 3.26307514342e-07, 7.03002342561e-07, 5.74109037643e-07, 1.64914342804e-06, 4.35432838231e-07, 6.03680803124e-08, 1.40783448809e-13],
        "max": [0.018554655835, 0.262662529945, 0.178039178252, 0.0891198962927, 0.107453987002, 0.0326061174273, 0.0418684519827, 0.0375155471265, 0.0370586998761, 0.0291106831282, 0.0170930176973, 0.0182350184768, 0.0161458961666, 0.00910582579672, 0.00325717893429, 0.0029793381691, 0.00759592372924, 0.00289589446038, 0.00411044154316, 0.00702545931563, 0.0035077445209, 0.00682193366811, 0.0110165644437, 0.0228280257434, 0.00981173571199, 0.00194052897859, 5.18149681739e-06],
        "mean": [0.00301519781351, 0.0183190349489, 0.00490097049624, 0.00182171375491, 0.00400451291353, 0.000740747258533, 0.00367570226081, 0.00156348082237, 0.00284318579361, 0.000942759623285, 0.00059215805959, 0.000495967688039, 0.000661448808387, 0.0004591011093, 0.000164555764059, 0.00020119563851, 0.000290813855827, 0.000187983110663, 0.000182661940926, 0.000405905040679, 0.000223347204155, 0.000312473304803, 0.000286305090412, 0.000351900875103, 0.000210801532376, 7.62948184274e-05, 2.1594694033e-08],
        "median": [0.000903782376554, 0.00688820751384, 0.000367047614418, 0.000137483031722, 0.0014833714813, 0.000273679150268, 0.00169821071904, 0.000275415135548, 0.000431113527156, 0.000278507126495, 0.000168936894624, 0.000156474721734, 0.000169741528225, 0.000218360248255, 8.60890431795e-05, 0.000119839372928, 0.00014764626394, 8.48024646984e-05, 0.000102081110526, 0.000177051537321, 3.3123727917e-05, 9.21934915823e-05, 5.71130112803e-05, 5.91158386669e-05, 5.2006693295e-05, 1.6617741494e-05, 5.43796785379e-10],
        "min": [1.46661816025e-09, 3.10444825402e-09, 2.05028749534e-09, 1.44675681213e-07, 1.99357782549e-06, 1.70859595983e-06, 3.67715711036e-06, 5.44850536244e-07, 4.33089735452e-06, 3.09347092298e-06, 1.05834214992e-06, 9.99760914056e-07, 1.1811529248e-06, 1.95028906091e-06, 1.10118219254e-06, 1.16207434075e-06, 3.05431672132e-06, 1.37451024784e-06, 8.96831181763e-07, 1.25647693494e-06, 7.91639322983e-08, 1.46670316781e-07, 2.20272283968e-07, 1.80812484984e-08, 3.70135282424e-08, 3.50120210602e-11, 1.05450414026e-11],
        "var": [1.72051459231e-05, 0.00106554315425, 0.000316133693559, 5.92789692746e-05, 0.000102454898297, 2.73002797258e-06, 2.45629107667e-05, 1.04148439277e-05, 2.67441118922e-05, 5.79921788812e-06, 2.0614118057e-06, 1.34277422603e-06, 2.03135437005e-06, 6.92299977345e-07, 6.86882657419e-08, 6.78338309967e-08, 2.56262211451e-07, 7.81319968723e-08, 6.44666826588e-08, 3.9666733187e-07, 1.96794246676e-07, 3.77549980612e-07, 6.94099469456e-07, 1.6967242118e-06, 3.96353556198e-07, 2.99802600523e-08, 5.02427587653e-14]
    },
    "erbbands": {
        "dmean": [0.323760598898, 2.47214984894, 6.77545118332, 7.40146923065, 12.7092657089, 13.0979385376, 5.74685096741, 7.60524511337, 38.9220657349, 25.3478794098, 44.5106697083, 47.8509750366, 19.2041301727, 15.5407705307, 18.946975708, 17.6311168671, 20.1603088379, 18.2279968262, 9.43291473389, 6.01359987259, 7.48004674911, 10.2319936752, 8.76679611206, 5.34069013596, 10.0093593597, 16.1746101379, 9.30265617371, 9.24513435364, 9.76613140106, 9.33818435669, 6.49534416199, 6.69916343689, 4.41314744949, 2.4298491478, 1.02604579926, 0.359156489372, 0.152783468366, 0.0102423503995, 0.000204489813768, 3.05241446767e-05],
        "dmean2": [0.48409947753, 3.58418869972, 10.4206285477, 13.226108551, 23.2940616608, 23.0703163147, 9.99339962006, 12.5785694122, 62.0353240967, 40.7797737122, 66.2420120239, 71.0850906372, 26.7191677094, 22.6788406372, 29.2690219879, 27.6180915833, 31.4594631195, 28.0294742584, 15.1529836655, 9.29776191711, 11.7470684052, 15.1765651703, 13.799826622, 8.41457557678, 14.848156929, 25.2657241821, 14.597240448, 14.4716882706, 15.0912389755, 13.653799057, 9.31978225708, 9.55499649048, 6.29799938202, 3.58872079849, 1.54029500484, 0.569894075394, 0.25678473711, 0.0176879875362, 0.000337913690601, 4.55300360045e-05],
        "dvar": [0.492246687412, 42.3421936035, 456.282928467, 687.434265137, 2083.84667969, 1674.80432129, 618.50390625, 196.027313232, 3883.35449219, 2499.83105469, 5607.95800781, 7666.94677734, 1618.80371094, 1889.34265137, 2119.97583008, 1872.41333008, 1980.64916992, 1309.8762207, 307.566650391, 80.7144241333, 183.465911865, 313.151275635, 186.136917114, 55.0565376282, 264.991546631, 815.190307617, 262.416351318, 283.007965088, 382.130493164, 488.937744141, 262.458068848, 473.556732178, 252.697143555, 63.118396759, 7.40657043457, 0.741550922394, 0.12387072295, 0.000534376304131, 1.84505751122e-07, 1.92539295618e-09],
        "dvar2": [1.23726117611, 78.3063049316, 1046.6427002, 1891.71801758, 6021.32324219, 4793.01416016, 1774.77697754, 475.597076416, 9057.79394531, 5948.79296875, 11173.5, 17011.5195312, 3090.86206055, 4304.58544922, 5026.43359375, 4567.53271484, 4233.34277344, 2733.28735352, 767.637268066, 173.830001831, 449.164703369, 583.699768066, 413.216644287, 127.538780212, 566.134338379, 1984.63378906, 614.010681152, 645.324584961, 938.508605957, 1010.83868408, 438.240020752, 885.280212402, 415.346374512, 120.918487549, 13.7851333618, 1.67379164696, 0.314673900604, 0.0014300129842, 4.77792013953e-07, 3.56372886756e-09],
        "max": [7.27120351791, 58.0223655701, 193.353546143, 205.945999146, 391.883392334, 345.388793945, 437.964874268, 227.706954956, 522.979003906, 615.126708984, 583.322570801, 785.869262695, 629.043334961, 694.702392578, 804.077819824, 794.608581543, 727.295776367, 594.696899414, 174.510742188, 141.969726562, 172.571151733, 299.685821533, 190.806747437, 123.134353638, 295.467376709, 392.564453125, 153.339370728, 160.997085571, 264.188354492, 434.979125977, 262.341247559, 446.875366211, 370.048461914, 184.095870972, 48.6969299316, 12.1097574234, 4.99375534058, 0.276463449001, 0.00538495648652, 0.000418627954787],
        "mean": [0.7018866539, 3.3537735939, 6.40769100189, 5.80525159836, 11.0311841965, 13.6366043091, 5.43493366241, 9.18205165863, 52.753288269, 33.6948509216, 55.9986343384, 56.615901947, 29.1202297211, 20.0548992157, 25.7601909637, 21.628118515, 26.8617591858, 27.6149902344, 13.7837057114, 10.1448640823, 11.9332695007, 16.5649452209, 11.6466608047, 7.11933231354, 13.775390625, 19.6885375977, 10.0873804092, 9.02874469757, 10.083319664, 11.3580818176, 7.60555315018, 7.66459131241, 5.58567714691, 2.96997857094, 1.17783153057, 0.375541329384, 0.167435124516, 0.00897854100913, 0.000220311165322, 6.81794117554e-05],
        "median": [0.294472426176, 0.739307880402, 0.626308917999, 0.619376838207, 3.24658083916, 4.21294689178, 0.994905471802, 3.97419857979, 22.5813541412, 11.5323696136, 10.7053279877, 10.9610719681, 10.1004323959, 6.08765029907, 7.95487499237, 7.05976724625, 7.97740507126, 12.0914754868, 7.03782558441, 6.75534057617, 7.59518623352, 8.2707195282, 5.62857103348, 4.09442806244, 7.70963287354, 8.01783275604, 2.34624457359, 1.33876442909, 2.46572780609, 3.62782168388, 1.26842534542, 0.918863356113, 1.1531598568, 0.693009316921, 0.262601912022, 0.0928230211139, 0.0308426320553, 0.00135420775041, 6.3911145844e-05, 4.98543631693e-05],
        "min": [7.43854855045e-07, 7.85652082413e-06, 0.000136700080475, 0.00279929256067, 0.00603552721441, 0.00538548454642, 0.00904649309814, 0.0243260450661, 0.0662828758359, 0.0792286619544, 0.0803507566452, 0.134376093745, 0.142832681537, 0.233153492212, 0.0891090631485, 0.108502089977, 0.0675477981567, 0.2008074224, 0.116539157927, 0.100660249591, 0.129771351814, 0.149830833077, 0.104903057218, 0.0548220612109, 0.0554823055863, 0.0635304674506, 0.0143231572583, 0.00788737647235, 0.00596347823739, 0.00668585440144, 0.00445070955902, 0.000924729043618, 0.000584266555961, 9.82889469014e-05, 0.000279030879028, 3.06612710119e-05, 6.60149225951e-06, 4.24108151265e-07, 5.31625289568e-07, 8.34200989175e-07],
        "var": [0.829835474491, 65.5159301758, 446.595672607, 442.447998047, 1203.31848145, 1077.59545898, 402.682098389, 225.731674194, 5532.07910156, 3623.7331543, 9464.20117188, 10572.1816406, 3565.06005859, 2441.90478516, 3460.63720703, 2083.86791992, 3282.49682617, 2298.21972656, 402.115386963, 138.84197998, 254.010955811, 699.047546387, 299.602142334, 75.9046173096, 384.799041748, 1042.86108398, 360.522155762, 346.643157959, 420.361175537, 721.887207031, 470.895782471, 754.272216797, 447.210113525, 97.2137069702, 11.3056764603, 0.889854133129, 0.152518361807, 0.000491301878355, 1.96551354747e-07, 3.98154886838e-09]
    },
    "gfcc": {
        "mean": [6.31296539307, 73.3406600952, -113.280342102, 25.0231685638, -67.4493637085, 18.5003528595, -40.9212722778, 17.2932701111, -21.3243293762, 10.4408931732, -13.7257833481, -0.785432338715, -13.1071472168],
        "cov": [[2765.01513672, -497.934539795, 507.390380859, 591.785766602, -36.0932922363, 155.365264893, 130.917709351, 200.089126587, 28.6755485535, 200.170883179, 18.8458366394, 28.818239212, -64.5724029541], [-497.934539795, 2011.34460449, 314.749633789, 77.8767318726, 758.49597168, 193.307952881, 417.972137451, 272.087860107, 326.898468018, 48.592540741, 312.747344971, -66.7947998047, 169.402618408], [507.390380859, 314.749633789, 1036.84631348, 742.281921387, 454.245544434, 387.305328369, 245.028564453, 156.098052979, 207.99395752, 116.541145325, 100.146224976, 92.1010818481, 62.9380569458], [591.785766602, 77.8767318726, 742.281921387, 1137.59460449, 415.721069336, 345.278808594, 199.66053772, 61.6208572388, 224.742889404, 67.7691574097, 118.267593384, 55.293598175, 110.835914612], [-36.0932922363, 758.49597168, 454.245544434, 415.721069336, 664.78717041, 308.807342529, 295.585174561, 194.711074829, 208.021011353, 93.2734527588, 161.509536743, 19.113992691, 92.7036437988], [155.365264893, 193.307952881, 387.305328369, 345.278808594, 308.807342529, 479.01159668, 310.794403076, 176.359771729, 169.613220215, 86.6814804077, 105.490859985, 43.7707633972, 64.6411209106], [130.917709351, 417.972137451, 245.028564453, 199.66053772, 295.585174561, 310.794403076, 424.598632812, 199.60446167, 163.930877686, 91.257194519, 98.0562973022, 29.1049423218, 59.2081565857], [200.089126587, 272.087860107, 156.098052979, 61.6208572388, 194.711074829, 176.359771729, 199.60446167, 300.165710449, 151.630859375, 116.74181366, 116.054214478, 3.83740735054, 50.7358207703], [28.6755485535, 326.898468018, 207.99395752, 224.742889404, 208.021011353, 169.613220215, 163.930877686, 151.630859375, 257.544311523, 103.751968384, 119.225906372, 35.2763671875, 71.8712234497], [200.170883179, 48.592540741, 116.541145325, 67.7691574097, 93.2734527588, 86.6814804077, 91.257194519, 116.74181366, 103.751968384, 182.776031494, 70.950630188, 21.8225822449, 17.7166366577], [18.8458366394, 312.747344971, 100.146224976, 118.267593384, 161.509536743, 105.490859985, 98.0562973022, 116.054214478, 119.225906372, 70.950630188, 176.313873291, 17.0237445831, 66.9241943359], [28.818239212, -66.7947998047, 92.1010818481, 55.293598175, 19.113992691, 43.7707633972, 29.1049423218, 3.83740735054, 35.2763671875, 21.8225822449, 17.0237445831, 117.793876648, 23.1355018616], [-64.5724029541, 169.402618408, 62.9380569458, 110.835914612, 92.7036437988, 64.6411209106, 59.2081565857, 50.7358207703, 71.8712234497, 17.7166366577, 66.9241943359, 23.1355018616, 113.107002258]],
        "icov": [[0.000597321195528, -1.71208193933e-05, -0.000123788820929, -0.000524167669937, 0.00047273808741, 0.000159272094606, -0.000160541560035, -0.000691350258421, 0.000608948117588, -0.000567266019061, 9.41780490393e-06, -7.87254393799e-05, 0.000577286991756], [-1.71208193933e-05, 0.00233092741109, -0.000905525987037, 0.00153548840899, -0.00229789712466, 0.00177376519423, -0.00174168532249, 0.00108054012526, -0.0019506488461, 0.00185487326235, -0.00252937804908, 0.00226844707504, -0.00122337648645], [-0.000123788820929, -0.000905525987037, 0.00288395304233, -0.0017189735081, -1.15063194244e-05, -0.00148545845877, 0.00112424755935, -0.000904461950995, 0.000741030322388, -0.00102958222851, 0.00167680275626, -0.00212991656736, 0.00117473804858], [-0.000524167669937, 0.00153548840899, -0.0017189735081, 0.00351802282967, -0.00211593043059, 0.000560577318538, -0.000873128592502, 0.00246053608134, -0.00266371271573, 0.00183863728307, -0.00187456409913, 0.00213108817115, -0.00224477774464], [0.00047273808741, -0.00229789712466, -1.15063194244e-05, -0.00211593043059, 0.00584755185992, -0.00176521239337, 0.000469651538879, -0.00175286980812, 0.00198540557176, -0.00189633690752, 0.0011475168867, -0.00141175044701, 0.0011931268964], [0.000159272094606, 0.00177376519423, -0.00148545845877, 0.000560577318538, -0.00176521239337, 0.00657607242465, -0.00403131777421, 4.84841802972e-05, -0.0014425853733, 0.00146651885007, -0.00225760019384, 0.00133885536343, -0.000762469193432], [-0.000160541560035, -0.00174168532249, 0.00112424755935, -0.000873128592502, 0.000469651538879, -0.00403131777421, 0.00705235823989, -0.00223914976232, 0.000602055923082, -0.00136938365176, 0.00268729566596, -0.00210830080323, 0.000651735754218], [-0.000691350258421, 0.00108054012526, -0.000904461950995, 0.00246053608134, -0.00175286980812, 4.84841802972e-05, -0.00223914976232, 0.00867465510964, -0.0032531847246, -0.000551605538931, -0.00300417561084, 0.00274739530869, -0.00186180358287], [0.000608948117588, -0.0019506488461, 0.000741030322388, -0.00266371271573, 0.00198540557176, -0.0014425853733, 0.000602055923082, -0.0032531847246, 0.01083451882, -0.00405996618792, 0.000182933101314, -0.00294245127589, 5.33647435077e-05], [-0.000567266019061, 0.00185487326235, -0.00102958222851, 0.00183863728307, -0.00189633690752, 0.00146651885007, -0.00136938365176, -0.000551605538931, -0.00405996618792, 0.010407095775, -0.00349480030127, 0.00101310841274, 0.000159949748195], [9.41780490393e-06, -0.00252937804908, 0.00167680275626, -0.00187456409913, 0.0011475168867, -0.00225760019384, 0.00268729566596, -0.00300417561084, 0.000182933101314, -0.00349480030127, 0.013570105657, -0.00274739228189, -0.00204803980887], [-7.87254393799e-05, 0.00226844707504, -0.00212991656736, 0.00213108817115, -0.00141175044701, 0.00133885536343, -0.00210830080323, 0.00274739530869, -0.00294245127589, 0.00101310841274, -0.00274739228189, 0.0123564172536, -0.003273203969], [0.000577286991756, -0.00122337648645, 0.00117473804858, -0.00224477774464, 0.0011931268964, -0.000762469193432, 0.000651735754218, -0.00186180358287, 5.33647435077e-05, 0.000159949748195, -0.00204803980887, -0.003273203969, 0.0143232466653]]
    },
    "melbands": {
        "dmean": [0.00291037326679, 0.00314439297654, 0.00140609557275, 0.00100155698601, 0.000261516455794, 0.000197145112907, 0.000567511131521, 0.000258044427028, 0.000455398083432, 0.000277796556475, 9.77999443421e-05, 7.10372114554e-05, 5.83842593187e-05, 4.65799166705e-05, 5.53700665478e-05, 5.13050508744e-05, 3.45783628291e-05, 1.92941315618e-05, 9.71089502855e-06, 9.90208900475e-06, 9.94884612737e-06, 1.12259886009e-05, 1.09164384412e-05, 5.96954987486e-06, 4.30877480539e-06, 6.09446533417e-06, 1.01127952803e-05, 1.14707072498e-05, 6.3134125412e-06, 4.78147967442e-06, 5.8543846535e-06, 5.55303176952e-06, 5.63712683288e-06, 5.10520885655e-06, 3.25743872054e-06, 5.04788204125e-06, 3.81006475436e-06, 3.2210923564e-06, 2.81426059701e-06, 1.90607488548e-06],
        "dmean2": [0.00426542246714, 0.00444279471412, 0.00248795398511, 0.00179239176214, 0.000455591682112, 0.000327076995745, 0.000907712092157, 0.000419888499891, 0.000671312911436, 0.000413010420743, 0.000138893490657, 0.000103816273622, 8.97076970432e-05, 7.39644965506e-05, 8.67355702212e-05, 7.99371046014e-05, 5.3410189139e-05, 3.17102894769e-05, 1.47864866449e-05, 1.54565477715e-05, 1.56939840963e-05, 1.68163041963e-05, 1.69510494743e-05, 9.58811051532e-06, 6.93769288773e-06, 9.21099126572e-06, 1.54798508447e-05, 1.81835966941e-05, 1.01488531072e-05, 7.42979136703e-06, 9.28186909732e-06, 8.75257137523e-06, 8.53569781611e-06, 7.49013497625e-06, 4.7867365538e-06, 7.51975585445e-06, 5.5489585975e-06, 4.57362693851e-06, 4.1809216782e-06, 2.85824421553e-06],
        "dvar": [4.44568067905e-05, 8.19366032374e-05, 2.42813694058e-05, 1.1020078091e-05, 9.80126628747e-07, 1.22307312722e-07, 8.1569720578e-07, 3.15781989002e-07, 6.15044200458e-07, 2.71595439472e-07, 4.86665783228e-08, 4.21744310586e-08, 1.94770564121e-08, 1.8810721869e-08, 1.96349354553e-08, 1.26195525141e-08, 5.46744338692e-09, 1.48758927399e-09, 3.83791970426e-10, 1.89715326782e-10, 4.33053010118e-10, 4.06166378308e-10, 4.11356948504e-10, 7.60122589871e-11, 4.24803525689e-11, 1.08596714954e-10, 3.19626408674e-10, 4.33705960035e-10, 1.48739881523e-10, 7.65157590066e-11, 1.25628535352e-10, 1.3161599588e-10, 1.13567939775e-10, 1.94543103849e-10, 5.76999975577e-11, 2.71652450534e-10, 1.58226112768e-10, 1.57547530577e-10, 1.06874252503e-10, 3.32958279003e-11],
        "dvar2": [9.84013022389e-05, 0.000164887751453, 6.66027044645e-05, 3.17175545206e-05, 2.80734707303e-06, 2.92802695867e-07, 1.94054223357e-06, 7.56828171689e-07, 1.19202672977e-06, 5.96727488755e-07, 9.25301364418e-08, 9.74095968331e-08, 4.35856222225e-08, 4.87643241343e-08, 4.5874656962e-08, 2.70002242786e-08, 1.15447953419e-08, 3.84633658257e-09, 8.24593504589e-10, 4.00530275613e-10, 1.10540943066e-09, 8.11389677668e-10, 9.02014463122e-10, 1.7623265347e-10, 1.00615085707e-10, 2.55575310915e-10, 7.38236249909e-10, 1.04710196069e-09, 3.7145364562e-10, 1.69040240139e-10, 2.96079799567e-10, 3.31384031327e-10, 2.50985759953e-10, 4.09033917848e-10, 9.70887675811e-11, 5.49849388243e-10, 2.96300511904e-10, 2.81116574463e-10, 1.98602717605e-10, 6.55187015752e-11],
        "max": [0.0717152357101, 0.0807600021362, 0.0408656336367, 0.0282854866236, 0.0156772565097, 0.00447983620688, 0.00808532815427, 0.00811976660043, 0.00668959924951, 0.00524343457073, 0.00328764272854, 0.00339935999364, 0.00203255517408, 0.00255208089948, 0.00174474832602, 0.00148547452409, 0.00114446040243, 0.000404456601245, 0.000363023165846, 0.000195082553546, 0.000292512733722, 0.00037279582466, 0.000371165981051, 8.69282739586e-05, 0.000117772789963, 0.000194005115191, 0.000248089811066, 0.000256834551692, 0.000141469019582, 0.000106184343167, 0.000118270247185, 0.000155200774316, 0.000120158671052, 0.000313985918183, 0.000123253819766, 0.000326240842696, 0.000264260685071, 0.000317794503644, 0.000257255102042, 0.000121050994494],
        "mean": [0.0056770555675, 0.00381179852411, 0.00114539719652, 0.000994786154479, 0.000256326369708, 0.000241065572482, 0.000771597959101, 0.000323515036143, 0.000554017315153, 0.000324760272633, 0.000143355006003, 8.77151760506e-05, 7.88445177022e-05, 5.67260467506e-05, 6.33048621239e-05, 6.36937984382e-05, 5.11706239195e-05, 2.49840431934e-05, 1.32040913741e-05, 1.46908841998e-05, 1.39381290865e-05, 1.73940879904e-05, 1.48010021803e-05, 7.03404975866e-06, 5.24127108292e-06, 7.94755305833e-06, 1.30322650875e-05, 1.30105690914e-05, 6.59508532408e-06, 4.74875605505e-06, 5.49769629288e-06, 5.20709818375e-06, 6.92354478815e-06, 5.90532408751e-06, 3.77300034415e-06, 5.21112042406e-06, 4.47551747129e-06, 3.93682103095e-06, 3.38525455845e-06, 2.22380617743e-06],
        "median": [0.00254772766493, 0.000689884240273, 0.000191170169273, 0.000371847039787, 4.02568111895e-05, 9.22844119486e-05, 0.000345362786902, 6.0320027842e-05, 7.08275474608e-05, 6.20190767222e-05, 4.5117274567e-05, 2.51576420851e-05, 2.39037926804e-05, 1.9433819034e-05, 1.59203573276e-05, 1.62434298545e-05, 2.32150632655e-05, 1.16819173854e-05, 6.38558094579e-06, 9.17359921004e-06, 7.70921815274e-06, 8.4525654529e-06, 6.8497056418e-06, 3.04193144984e-06, 2.75768570646e-06, 4.25259077019e-06, 6.17719388174e-06, 4.28021712651e-06, 1.41203440762e-06, 7.50416631945e-07, 6.33656270566e-07, 7.15823261999e-07, 2.31585750043e-06, 1.49838240304e-06, 6.78928643083e-07, 4.46027485168e-07, 5.78204662816e-07, 7.26183486677e-07, 7.68215215885e-07, 5.03897013004e-07],
        "min": [1.26933841216e-09, 3.41074457566e-09, 3.95643951379e-07, 4.39953851128e-07, 2.03345635441e-07, 4.18965328208e-07, 8.57633779106e-07, 4.12115724657e-07, 3.56554892278e-07, 6.45837133106e-07, 6.12003020706e-07, 4.44522243015e-07, 1.5829117217e-07, 3.39327982601e-07, 3.73959352373e-07, 1.08333210846e-07, 2.73106763871e-07, 1.91688798168e-07, 9.72018057155e-08, 1.00631929456e-07, 1.57090397579e-07, 1.70752784356e-07, 8.52462918033e-08, 3.80927112076e-08, 2.76638445484e-08, 3.52206299681e-08, 3.19434896312e-08, 3.12496624133e-08, 6.27436902434e-09, 9.20767240231e-10, 7.45936035162e-10, 1.66351418751e-10, 1.11933251556e-09, 4.17496215377e-09, 9.23191023627e-10, 1.74013841531e-11, 5.00452413885e-12, 1.11817374804e-10, 5.07119259779e-12, 3.17803129733e-13],
