{
"highlevel": {
    "danceability": {
        "all": {
            "danceable": 0.999310791492,
            "not_danceable": 0.000689208565746
        },
        "probability": 0.999310791492,
        "value": "danceable"
    },
    "gender": {
        "all": {
            "female": 0.477266162634,
            "male": 0.522733807564
        },
        "probability": 0.522733807564,
        "value": "male"
    },
    "genre_dortmund": {
        "all": {
            "alternative": 0.0280330330133,
            "blues": 0.00608758442104,
            "electronic": 0.170717269182,
            "folkcountry": 0.00298602413386,
            "funksoulrnb": 0.029962413013,
            "jazz": 0.0204377509654,
            "pop": 0.0206687748432,
            "raphiphop": 0.661045432091,
            "rock": 0.0600617341697
        },
        "probability": 0.661045432091,
        "value": "raphiphop"
    },
    "genre_electronic": {
        "all": {
            "ambient": 0.0460160560906,
            "dnb": 0.690762877464,
            "house": 0.0381516776979,
            "techno": 0.00643117167056,
            "trance": 0.218638211489
        },
        "probability": 0.690762877464,
        "value": "dnb"
    },
    "genre_rosamerica": {
        "all": {
            "cla": 0.000667245069053,
            "dan": 0.71015381813,
            "hip": 0.224966898561,
            "jaz": 0.000825848197564,
            "pop": 0.05326680094,
            "rhy": 0.00386049202643,
            "roc": 0.00570145482197,
            "spe": 0.000557431892958
        },
        "probability": 0.71015381813,
        "value": "dan"
    },
    "genre_tzanetakis": {
        "all": {
            "blu": 0.0626613423228,
            "cla": 0.0348169617355,
            "cou": 0.104475811124,
            "dis": 0.0784321576357,
            "hip": 0.15692435205,
            "jaz": 0.313974827528,
            "met": 0.0448166541755,
            "pop": 0.0627359300852,
            "reg": 0.0627360641956,
            "roc": 0.0784258767962
        },
        "probability": 0.313974827528,
        "value": "jaz"
    },
    "ismir04_rhythm": {
        "all": {
            "ChaChaCha": 0.0191677808762,
            "Jive": 0.0438174828887,
            "Quickstep": 0.017876598984,
            "Rumba-American": 0.00404424453154,
            "Rumba-International": 0.0170635413378,
            "Rumba-Misc": 0.0065303449519,
            "Samba": 0.879584610462,
            "Tango": 0.00106512370985,
            "VienneseWaltz": 0.00398886343464,
            "Waltz": 0.00686142593622
        },
        "probability": 0.879584610462,
        "value": "Samba"
    },
    "mood_acoustic": {
        "all": {
            "acoustic": 2.67271411758e-06,
            "not_acoustic": 0.999997317791
        },
        "probability": 0.999997317791,
        "value": "not_acoustic"
    },
    "mood_aggressive": {
        "all": {
            "aggressive": 0.896483659744,
            "not_aggressive": 0.103516347706
        },
        "probability": 0.896483659744,
        "value": "aggressive"
    },
    "mood_electronic": {
        "all": {
            "electronic": 0.933417439461,
            "not_electronic": 0.0665825903416
        },
        "probability": 0.933417439461,
        "value": "electronic"
    },
    "mood_happy": {
        "all": {
            "happy": 0.466473907232,
            "not_happy": 0.533526062965
        },
        "probability": 0.533526062965,
        "value": "not_happy"
    },
    "mood_party": {
        "all": {
            "not_party": 0.119891390204,
            "party": 0.880108594894
        },
        "probability": 0.880108594894,
        "value": "party"
    },
    "mood_relaxed": {
        "all": {
            "not_relaxed": 0.99223190546,
            "relaxed": 0.00776811130345
        },
        "probability": 0.99223190546,
        "value": "not_relaxed"
    },
    "mood_sad": {
        "all": {
            "not_sad": 0.859127998352,
            "sad": 0.140871986747
        },
        "probability": 0.859127998352,
        "value": "not_sad"
    },
    "moods_mirex": {
        "all": {
            "Cluster1": 0.487276822329,
            "Cluster2": 0.0439277589321,
            "Cluster3": 0.0402506962419,
            "Cluster4": 0.0486652031541,
            "Cluster5": 0.379879534245
        },
        "probability": 0.487276822329,
        "value": "Cluster1"
    },
    "timbre": {
        "all": {
            "bright": 0.348419904709,
            "dark": 0.651580095291
        },
        "probability": 0.651580095291,
        "value": "dark"
    },
    "tonal_atonal": {
        "all": {
            "atonal": 0.873949170113,
            "tonal": 0.126050829887
        },
        "probability": 0.873949170113,
        "value": "atonal"
    },
    "voice_instrumental": {
        "all": {
            "instrumental": 0.0449585467577,
            "voice": 0.955041468143
        },
        "probability": 0.955041468143,
        "value": "voice"
    }
},
"lowlevel": {
    "average_loudness": 0.965588450432,
    "barkbands_crest": {
        "dmean": 2.67492127419,
        "dmean2": 4.18246984482,
        "dvar": 8.54380130768,
        "dvar2": 19.9236850739,
        "max": 25.7655029297,
        "mean": 13.3452739716,
        "median": 12.3267498016,
        "min": 2.35695314407,
        "var": 35.2897491455
    },
    "barkbands_flatness_db": {
        "dmean": 0.0222939699888,
        "dmean2": 0.0349423401058,
        "dvar": 0.00065477337921,
        "dvar2": 0.00143415620551,
        "max": 0.359394222498,
        "mean": 0.144909963012,
        "median": 0.131478443742,
        "min": 0.0451104454696,
        "var": 0.00312951556407
    },
    "barkbands_kurtosis": {
        "dmean": 4.34063053131,
        "dmean2": 7.05385637283,
        "dvar": 105.722076416,
        "dvar2": 260.222442627,
        "max": 151.598953247,
        "mean": 5.36333560944,
        "median": 0.152629375458,
        "min": -1.81503462791,
        "var": 223.11605835
    },
    "barkbands_skewness": {
        "dmean": 0.629671275616,
        "dmean2": 0.962838709354,
        "dvar": 0.79865437746,
        "dvar2": 1.75539278984,
        "max": 11.2414188385,
        "mean": 1.61956191063,
        "median": 1.06027042866,
        "min": -1.12629199028,
        "var": 3.27967023849
    },
    "barkbands_spread": {
        "dmean": 7.32782888412,
        "dmean2": 11.215672493,
        "dvar": 54.8825263977,
        "dvar2": 110.173324585,
        "max": 95.2339324951,
        "mean": 34.9680328369,
        "median": 34.705532074,
        "min": 1.21445870399,
        "var": 335.393371582
    },
    "dissonance": {
        "dmean": 0.012458476238,
        "dmean2": 0.0211666189134,
        "dvar": 0.000149628554936,
        "dvar2": 0.000402723875595,
        "max": 0.499989658594,
        "mean": 0.481143385172,
        "median": 0.486000388861,
        "min": 0.390434205532,
        "var": 0.000275805708952
    },
    "dynamic_complexity": 1.93884849548,
    "erbbands_crest": {
        "dmean": 2.40560078621,
        "dmean2": 3.97724246979,
        "dvar": 4.56110525131,
        "dvar2": 11.3896865845,
        "max": 22.4550437927,
        "mean": 8.71478652954,
        "median": 8.24081611633,
        "min": 2.51571130753,
        "var": 13.3240756989
    },
    "erbbands_flatness_db": {
        "dmean": 0.01226999145,
        "dmean2": 0.0193145945668,
        "dvar": 0.000142285047332,
        "dvar2": 0.000295214180369,
        "max": 0.286913186312,
        "mean": 0.137967184186,
        "median": 0.130120128393,
        "min": 0.0768330991268,
        "var": 0.0011782348156
    },
    "erbbands_kurtosis": {
        "dmean": 0.750305354595,
        "dmean2": 1.21686029434,
        "dvar": 0.896594703197,
        "dvar2": 2.21097493172,
        "max": 12.7776088715,
        "mean": 0.153678268194,
        "median": -0.238767147064,
        "min": -1.65499734879,
        "var": 2.21938109398
    },
    "erbbands_skewness": {
        "dmean": 0.336898177862,
        "dmean2": 0.530948996544,
        "dvar": 0.0977828428149,
        "dvar2": 0.241112962365,
        "max": 2.4134786129,
        "mean": -0.159522995353,
        "median": -0.0940668955445,
        "min": -2.72726392746,
        "var": 0.453000485897
    },
    "erbbands_spread": {
        "dmean": 7.64684057236,
        "dmean2": 12.2598323822,
        "dvar": 57.769821167,
        "dvar2": 135.615219116,
        "max": 110.253509521,
        "mean": 39.7214202881,
        "median": 38.0088691711,
        "min": 10.7805938721,
        "var": 178.259338379
    },
    "hfc": {
        "dmean": 11.4205093384,
        "dmean2": 16.4567012787,
        "dvar": 373.924560547,
        "dvar2": 711.662353516,
        "max": 226.061004639,
        "mean": 39.4443626404,
        "median": 26.9123191833,
        "min": 0.0172735117376,
        "var": 1296.15222168
    },
    "melbands_crest": {
        "dmean": 3.5611178875,
        "dmean2": 5.65674114227,
        "dvar": 12.9649581909,
        "dvar2": 33.923664093,
        "max": 34.772441864,
        "mean": 21.0917110443,
        "median": 22.3159503937,
        "min": 3.23053336143,
        "var": 51.6505699158
    },
    "melbands_flatness_db": {
        "dmean": 0.0270407851785,
        "dmean2": 0.0401379652321,
        "dvar": 0.000972287496552,
        "dvar2": 0.00187047477812,
        "max": 0.452249199152,
        "mean": 0.184920042753,
        "median": 0.170523330569,
        "min": 0.028869362548,
        "var": 0.00657407892868
    },
    "melbands_kurtosis": {
        "dmean": 13.8181753159,
        "dmean2": 22.2525062561,
        "dvar": 1003.78637695,
        "dvar2": 2475.71630859,
        "max": 536.989440918,
        "mean": 22.8109989166,
        "median": 6.12226200104,
        "min": -1.41525840759,
        "var": 2272.73754883
    },
    "melbands_skewness": {
        "dmean": 0.99984318018,
        "dmean2": 1.5352396965,
        "dvar": 1.97332882881,
        "dvar2": 4.47087907791,
        "max": 21.3045825958,
        "mean": 3.33873963356,
        "median": 2.40735435486,
        "min": -0.125977292657,
        "var": 8.13692378998
    },
    "melbands_spread": {
        "dmean": 8.61719322205,
        "dmean2": 13.4681186676,
        "dvar": 98.1821212769,
        "dvar2": 211.261032104,
        "max": 126.453781128,
        "mean": 34.3884925842,
        "median": 33.2100563049,
        "min": 0.909825861454,
        "var": 489.115966797
    },
    "pitch_salience": {
        "dmean": 0.0763402357697,
        "dmean2": 0.123307920992,
        "dvar": 0.00708172470331,
        "dvar2": 0.0178709030151,
        "max": 0.795599997044,
        "mean": 0.432032555342,
        "median": 0.447224467993,
        "min": 0.0633218437433,
        "var": 0.0227356292307
    },
    "silence_rate_20dB": {
        "dmean": 0,
        "dmean2": 0,
        "dvar": 0,
        "dvar2": 0,
        "max": 1,
        "mean": 1,
        "median": 1,
        "min": 1,
        "var": 0
    },
    "silence_rate_30dB": {
        "dmean": 0.0588235296309,
        "dmean2": 0.117738187313,
        "dvar": 0.0553634464741,
        "dvar2": 0.108523406088,
        "max": 1,
        "mean": 0.836813628674,
        "median": 1,
        "min": 0,
        "var": 0.136554792523
    },
    "silence_rate_60dB": {
        "dmean": 0.00541795650497,
        "dmean2": 0.0100697129965,
        "dvar": 0.00538868131116,
        "dvar2": 0.0130664240569,
        "max": 1,
        "mean": 0.0154679045081,
        "median": 0,
        "min": 0,
        "var": 0.0152279259637
    },
    "spectral_centroid": {
        "dmean": 299.884399414,
        "dmean2": 458.918426514,
        "dvar": 88373.78125,
        "dvar2": 193852.15625,
        "max": 3634.55175781,
        "mean": 2260.87451172,
        "median": 2272.02050781,
        "min": 204.227737427,
        "var": 355391.28125
    },
    "spectral_complexity": {
        "dmean": 4.44272422791,
        "dmean2": 6.84353208542,
        "dvar": 22.1151409149,
        "dvar2": 39.2304039001,
        "max": 65,
        "mean": 26.3271465302,
        "median": 25,
        "min": 0,
        "var": 154.24432373
    },
    "spectral_decrease": {
        "dmean": 4.3666079641e-09,
        "dmean2": 6.82452716561e-09,
        "dvar": 5.80934238152e-17,
        "dvar2": 1.34751123152e-16,
        "max": -1.71370990315e-11,
        "mean": -1.32625048721e-08,
        "median": -8.83381368055e-09,
        "min": -6.28912957268e-08,
        "var": 1.66859455499e-16
    },
    "spectral_energy": {
        "dmean": 0.0170336328447,
        "dmean2": 0.0265509728342,
        "dvar": 0.000827311363537,
        "dvar2": 0.00192152906675,
        "max": 0.239900290966,
        "mean": 0.0536334887147,
        "median": 0.0374795272946,
        "min": 6.70425506542e-05,
        "var": 0.00239614932798
    },
    "spectral_energyband_high": {
        "dmean": 0.00115118513349,
        "dmean2": 0.00166623666883,
        "dvar": 4.40987832917e-06,
        "dvar2": 8.95533776202e-06,
        "max": 0.0218251682818,
        "mean": 0.00280070095323,
        "median": 0.00125772855245,
        "min": 1.60515405412e-08,
        "var": 1.39716366903e-05
    },
    "spectral_energyband_low": {
        "dmean": 0.0154996849597,
        "dmean2": 0.0244329031557,
        "dvar": 0.000920061371289,
        "dvar2": 0.0022245561704,
        "max": 0.233621761203,
        "mean": 0.037105627358,
        "median": 0.0171818789095,
        "min": 8.81921096152e-07,
        "var": 0.00238488987088
    },
    "spectral_energyband_middle_high": {
        "dmean": 0.00252410955727,
        "dmean2": 0.00404140818864,
        "dvar": 8.75769001141e-06,
        "dvar2": 1.96615856112e-05,
        "max": 0.0337386839092,
        "mean": 0.00870590563864,
        "median": 0.00732493400574,
        "min": 5.9432964008e-06,
        "var": 3.47124951077e-05
    },
    "spectral_energyband_middle_low": {
        "dmean": 0.00354595202953,
        "dmean2": 0.00613739620894,
        "dvar": 7.5561220001e-05,
        "dvar2": 0.000218186542043,
        "max": 0.0934023335576,
        "mean": 0.00568190962076,
        "median": 0.00361855165102,
        "min": 4.64359942498e-07,
        "var": 5.54235666641e-05
    },
    "spectral_entropy": {
        "dmean": 0.111615516245,
        "dmean2": 0.167049705982,
        "dvar": 0.0133358733729,
        "dvar2": 0.0275119636208,
        "max": 8.55800819397,
        "mean": 7.90767288208,
        "median": 7.91760826111,
        "min": 6.68908452988,
        "var": 0.0893355533481
    },
    "spectral_flux": {
        "dmean": 0.0317573994398,
        "dmean2": 0.050380114466,
        "dvar": 0.0024089680519,
        "dvar2": 0.00479820091277,
        "max": 0.479409694672,
        "mean": 0.107534825802,
        "median": 0.0904276371002,
        "min": 0.00218575308099,
        "var": 0.00448873685673
    },
    "spectral_kurtosis": {
        "dmean": 0.850930869579,
        "dmean2": 1.4551422596,
        "dvar": 1.3350880146,
        "dvar2": 4.28781938553,
        "max": 21.1377391815,
        "mean": 2.81758475304,
        "median": 2.67144298553,
        "min": 0.176288127899,
        "var": 2.23066353798
    },
    "spectral_rms": {
        "dmean": 0.00101558829192,
        "dmean2": 0.00155350461137,
        "dvar": 1.9786377834e-06,
        "dvar2": 4.11993642047e-06,
        "max": 0.0152986617759,
        "mean": 0.00661329273134,
        "median": 0.00604693265632,
        "min": 0.00025574862957,
        "var": 8.58974362927e-06
    },
    "spectral_rolloff": {
        "dmean": 711.76348877,
        "dmean2": 1176.18737793,
        "dvar": 827991.1875,
        "dvar2": 1891592.125,
        "max": 9646.875,
        "mean": 2142.01391602,
        "median": 1744.18945312,
        "min": 64.599609375,
        "var": 3292010
    },
    "spectral_skewness": {
        "dmean": 0.155406281352,
        "dmean2": 0.257897168398,
        "dvar": 0.023037603125,
        "dvar2": 0.0653657838702,
        "max": 2.58525061607,
        "mean": 1.16958093643,
        "median": 1.19838380814,
        "min": 0.0561520606279,
        "var": 0.0622455403209
    },
    "spectral_spread": {
        "dmean": 358081.8125,
        "dmean2": 570022,
        "dvar": 267408097280,
        "dvar2": 419203612672,
        "max": 17257568,
        "mean": 4867412,
        "median": 4975958.5,
        "min": 1873981.625,
        "var": 1.10256298394e+12
    },
    "spectral_strongpeak": {
        "dmean": 0.381340146065,
        "dmean2": 0.663803756237,
        "dvar": 0.628112673759,
        "dvar2": 1.73480951786,
        "max": 5.36524486542,
        "mean": 0.68141669035,
        "median": 0.40231820941,
        "min": 0.0119005469605,
        "var": 0.710691154003
    },
    "zerocrossingrate": {
        "dmean": 0.0115086231381,
        "dmean2": 0.0128689147532,
        "dvar": 0.000150823718286,
        "dvar2": 0.000145232552313,
        "max": 0.220703125,
        "mean": 0.0771027430892,
        "median": 0.06982421875,
        "min": 0.00634765625,
        "var": 0.00194928352721
    },
    "barkbands": {
        "dmean": [0.00124106253497, 0.0139654576778, 0.00367929250933, 0.0013321415754, 0.000808433454949, 0.000550819328055, 0.000827346055303, 0.000256938423263, 0.000615825061686, 0.00099389301613, 0.000672973517794, 0.000460588897113, 0.000267418072326, 0.000646366446745, 0.00043768028263, 0.000285644666292, 0.000330304843374, 0.000281593645923, 0.000326797482558, 0.000320689781802, 0.000260217115283, 0.000284714100417, 0.000302348053083, 0.000187512065168, 0.000128700194182, 8.21278081276e-05, 1.25094290482e-08],
        "dmean2": [0.00206716777757, 0.0219302996993, 0.00688480958343, 0.00248950626701, 0.00142466917168, 0.000920642050914, 0.00138211494777, 0.000435783731518, 0.000948593835346, 0.00161431683227, 0.00106382626109, 0.000774335116148, 0.000459817965748, 0.00106039445382, 0.000705474405549, 0.000428861414548, 0.000533287646249, 0.000456081761513, 0.000538175634574, 0.000518029672094, 0.000409370841226, 0.000445487239631, 0.000478418398416, 0.000303031207295, 0.000182548057637, 0.000129829830257, 1.84443056384e-08],
        "dvar": [6.43182966087e-06, 0.000728563696612, 0.000234934064792, 3.00647989206e-05, 4.2780561671e-06, 1.34462516144e-06, 1.27664930005e-06, 2.84904388081e-07, 1.46859485994e-06, 2.10640064324e-06, 2.38987308876e-06, 8.32854595956e-07, 1.71912574842e-07, 9.23151674215e-07, 5.27474014689e-07, 3.61011871064e-07, 1.92573835989e-07, 1.56946072138e-07, 1.7855778367e-07, 2.65313502723e-07, 2.09611982882e-07, 2.41259584755e-07, 2.78418440303e-07, 1.36638021786e-07, 1.09883615096e-07, 7.01192419683e-08, 4.88489389455e-14],
        "dvar2": [1.74898013938e-05, 0.00176201574504, 0.000676328898408, 8.88522336027e-05, 1.23429326777e-05, 3.64276229448e-06, 3.53635664396e-06, 7.60732007166e-07, 3.31912792717e-06, 5.45073680769e-06, 5.23341168446e-06, 2.3340980988e-06, 4.74095458003e-07, 2.52273207479e-06, 1.30410012389e-06, 7.19874833521e-07, 4.66548186751e-07, 3.70357298607e-07, 4.38798167579e-07, 6.00562714226e-07, 4.4804613708e-07, 5.87806255226e-07, 6.83353903241e-07, 3.3470763583e-07, 1.92321024883e-07, 1.68872588802e-07, 5.47826961204e-14],
        "max": [0.0238005556166, 0.206947058439, 0.126996800303, 0.0654241219163, 0.0207277629524, 0.0122313704342, 0.00886543933302, 0.00644154148176, 0.0164749734104, 0.0157214011997, 0.0191954039037, 0.0178517159075, 0.00412745401263, 0.0101666748524, 0.00623053917661, 0.0110279507935, 0.00429576309398, 0.00388725451194, 0.00499182473868, 0.00557813234627, 0.00636363308877, 0.00420371955261, 0.00507677532732, 0.00393527094275, 0.00458141695708, 0.00266425032169, 7.70531551098e-06],
        "mean": [0.00207798019983, 0.0318103246391, 0.00266827992164, 0.00104020291474, 0.000913711439352, 0.00078067620052, 0.00123071961571, 0.000351881288225, 0.00112990883645, 0.00167877180502, 0.00126442045439, 0.000732760760002, 0.000457980437204, 0.00100728985853, 0.000770263490267, 0.000549830554519, 0.000668508640956, 0.000575053505599, 0.000772224273533, 0.000684937753249, 0.000591633608565, 0.000512899365276, 0.000523976341356, 0.000384035345633, 0.000304789398797, 0.000150451465743, 1.01635553307e-08],
        "median": [0.000866414629854, 0.0148509982973, 0.000573038647417, 0.000280167296296, 0.000426024605986, 0.000348301167833, 0.000794973399024, 0.000125830076286, 0.000259354594164, 0.000901868392248, 0.000224107789109, 0.000290588970529, 0.000226598102017, 0.000533419835847, 0.00030637846794, 0.000224090501433, 0.000330752925947, 0.000318402424455, 0.00054700660985, 0.000470519764349, 0.000280025968095, 0.000196301771211, 0.000189496160601, 0.000152373802848, 0.000100071905763, 4.69421102025e-05, 6.5889349532e-10],
        "min": [2.58755399329e-08, 3.81460438348e-07, 7.54496909394e-08, 8.4428599223e-08, 1.03358267722e-07, 6.61496741827e-08, 6.64517596505e-09, 2.19729514583e-08, 9.68954481095e-08, 5.34434185795e-09, 7.49317123905e-08, 1.88622465203e-07, 4.30776509575e-07, 1.53743837927e-06, 1.2137752492e-06, 6.53228369174e-07, 3.56274725277e-08, 3.87717520312e-08, 5.88546633651e-08, 7.21789064073e-08, 4.6571182466e-09, 4.31555124969e-10, 2.83702616954e-10, 6.63806121182e-10, 1.49220219514e-10, 2.25745359905e-11, 1.07484585468e-11],
        "var": [8.80418156157e-06, 0.00187532010023, 0.000133748428198, 1.72216714418e-05, 3.13011969411e-06, 1.41987163715e-06, 1.92504103325e-06, 4.13920844267e-07, 4.54313203591e-06, 4.42193959316e-06, 6.26710152574e-06, 1.52206359871e-06, 3.02786446582e-07, 1.59834974056e-06, 1.17236913866e-06, 9.72453335635e-07, 5.34093032911e-07, 4.28085883186e-07, 4.63502118464e-07, 5.11395228386e-07, 5.86396879498e-07, 5.26886651642e-07, 6.06974651873e-07, 3.23722673556e-07, 3.36626726494e-07, 1.31649400714e-07, 4.73961724089e-14]
    },
    "erbbands": {
        "dmean": [0.622984230518, 2.49974036217, 3.88627648354, 4.83770895004, 3.14441156387, 2.79573273659, 2.66670846939, 5.78703546524, 13.0910587311, 6.06726694107, 6.54516363144, 9.52091407776, 23.9526443481, 37.7782096863, 15.6728878021, 15.12504673, 11.7997369766, 18.1878814697, 30.845161438, 15.3909769058, 18.349647522, 19.8791332245, 15.2632141113, 14.8117742538, 16.1244716644, 15.3913927078, 10.8617677689, 10.6582050323, 9.73592185974, 9.25625896454, 9.26167201996, 4.93482065201, 2.92383503914, 1.57981240749, 0.950144290924, 0.451702952385, 0.144846022129, 0.0141011141241, 0.000250511366175, 2.87210114038e-05],
        "dmean2": [0.950798928738, 4.05048418045, 6.93704175949, 8.95849609375, 5.77809810638, 4.91989898682, 4.49913692474, 9.76068401337, 21.9039936066, 10.0675029755, 10.9114236832, 14.6485157013, 38.8453598022, 60.6863861084, 25.8514652252, 25.7366962433, 20.3200511932, 29.6865100861, 49.8930397034, 24.2474308014, 26.9554691315, 32.1445770264, 24.6057682037, 24.2944011688, 26.44348526, 24.6153106689, 17.3618659973, 17.3481063843, 15.411942482, 14.5612201691, 14.850569725, 8.08224201202, 4.72509288788, 2.33849978447, 1.3659017086, 0.679413557053, 0.227130308747, 0.0240004491061, 0.000416060123825, 4.498596536e-05],
        "dvar": [1.3984464407, 30.746006012, 227.352478027, 395.391326904, 106.427909851, 43.3210372925, 40.2673377991, 144.436599731, 338.26449585, 101.897613525, 214.3878479, 282.289154053, 1241.06115723, 4890.28466797, 744.414550781, 818.044799805, 320.06072998, 608.615112305, 1816.5065918, 905.296936035, 1656.15576172, 723.890625, 461.415008545, 424.595397949, 507.659332275, 679.563537598, 378.774688721, 319.277252197, 275.641021729, 299.505889893, 275.943267822, 84.9330673218, 39.5059547424, 13.8081007004, 7.14246988297, 1.92424821854, 0.205900654197, 0.00228289607912, 6.96320114457e-07, 2.35233654777e-09],
        "dvar2": [3.06130480766, 79.0199737549, 638.696044922, 1135.22668457, 321.076141357, 122.498764038, 108.611175537, 393.0284729, 926.067321777, 285.260467529, 559.434326172, 699.893127441, 2763.03320312, 12743.6962891, 1886.41967773, 2385.00854492, 877.85748291, 1490.0546875, 4955.66748047, 2125.28442383, 3370.27148438, 1816.42346191, 1129.99841309, 1023.02661133, 1233.53063965, 1574.33532715, 845.334228516, 731.902160645, 640.660400391, 664.42755127, 716.508056641, 222.543426514, 92.9017410278, 26.3598613739, 13.6735706329, 3.9732530117, 0.523145854473, 0.00646957568824, 1.90534854028e-06, 5.49321876875e-09],
        "max": [10.0623922348, 43.1175613403, 127.053573608, 196.261474609, 104.437088013, 57.416343689, 72.1163787842, 124.333877563, 165.589752197, 90.6838302612, 189.099212646, 188.965454102, 422.279815674, 957.386047363, 348.599304199, 416.953277588, 181.239471436, 364.323577881, 463.35256958, 380.255157471, 751.417724609, 273.202331543, 241.199432373, 280.171661377, 243.017883301, 296.948516846, 263.492980957, 173.361160278, 160.51852417, 188.917327881, 131.786529541, 105.243553162, 68.0815734863, 47.2796630859, 32.2809486389, 13.7204198837, 5.16747713089, 0.464143186808, 0.00825649313629, 0.00049891800154],
        "mean": [1.35088694096, 5.40241861343, 3.71969866753, 3.74871087074, 2.97663545609, 3.20542740822, 3.3790743351, 8.18282985687, 19.7568683624, 8.98786640167, 9.90328502655, 17.2319450378, 44.8764724731, 77.4654006958, 29.9083251953, 26.2582302094, 22.0161361694, 32.9478302002, 55.156211853, 30.9160289764, 36.522819519, 43.0848007202, 33.8335189819, 35.2859611511, 37.8818626404, 31.8090858459, 24.8059406281, 22.7103233337, 18.0056056976, 17.0493183136, 14.7155895233, 9.15600299835, 5.81902265549, 3.58158063889, 2.08219337463, 0.899297297001, 0.240932390094, 0.0170971527696, 0.000380983081413, 8.67815906531e-05],
        "median": [0.762214839458, 2.32889223099, 1.21060919762, 0.981881678104, 0.97045558691, 1.68513512611, 1.46096718311, 3.88432097435, 12.3747119904, 5.63970947266, 3.3646543026, 5.26290130615, 23.9329566956, 25.0781345367, 12.6257066727, 11.3305854797, 11.6396865845, 21.7553653717, 34.4027862549, 15.5571231842, 16.9136009216, 24.2110824585, 20.3566741943, 23.1308803558, 27.8853492737, 21.3358669281, 13.2874107361, 10.6788377762, 7.37344026566, 5.99162912369, 5.03551340103, 3.61592149734, 2.20758032799, 1.28388392925, 0.623820364475, 0.258568376303, 0.0778962224722, 0.00547962682322, 0.000153251297888, 6.040721928e-05],
        "min": [1.39658441185e-05, 5.1116123359e-05, 0.000280731299426, 0.00059151777532, 0.000256246363278, 0.00047510661534, 0.000437390321167, 0.000522905960679, 0.000117582734674, 0.000158759881742, 0.00072931998875, 0.00214202608913, 0.000621656072326, 0.00202128197998, 0.00260498374701, 0.00951949041337, 0.0270984973758, 0.0869472026825, 0.0602896846831, 0.101132124662, 0.0310697183013, 0.00284081790596, 0.00200978247449, 0.00251497072168, 0.00477101420984, 0.00283497921191, 0.000499233952723, 5.61586857657e-05, 1.4560038835e-05, 1.02569129012e-05, 7.41075427868e-06, 1.53689397848e-05, 8.28358133731e-06, 2.8529973406e-06, 5.873106943e-07, 1.17892483331e-07, 6.68108626201e-08, 1.75539796032e-08, 3.61344127953e-08, 7.57900622261e-08],
        "var": [3.6453332901, 59.3660774231, 146.314788818, 231.716308594, 68.0893325806, 32.0173339844, 35.3560562134, 152.76361084, 532.951477051, 113.927497864, 375.278381348, 826.720031738, 3251.45483398, 14895.1816406, 1780.21350098, 1499.28088379, 641.872009277, 1225.46191406, 3861.33251953, 1964.8013916, 4320.00585938, 2055.81542969, 1305.92089844, 1138.70251465, 1138.09289551, 1230.87072754, 932.653808594, 839.614074707, 628.225158691, 658.6015625, 525.559814453, 170.983184814, 87.743812561, 37.9839324951, 19.8386058807, 4.42499780655, 0.357112914324, 0.00231866189279, 8.47511103075e-07, 6.08509509448e-09]
    },
    "gfcc": {
        "mean": [42.0848464966, 55.8853492737, -122.206726074, 50.7158737183, -51.9384803772, 32.5822868347, -25.9626350403, 26.2731838226, -19.5039310455, 14.136259079, -7.74005317688, 8.84979820251, -3.97441339493],
        "cov": [[3886.06958008, -812.054260254, 528.175476074, -322.981048584, -392.295654297, 253.73979187, -227.424926758, 93.4377212524, 12.9595966339, 157.880249023, -316.493133545, 452.46786499, -49.6825675964], [-812.054260254, 1063.95288086, 267.755371094, 281.400085449, 281.204315186, -74.7178039551, 216.546340942, -28.0330600739, 19.6816101074, -174.689620972, 128.087814331, -183.940444946, 51.1521377563], [528.175476074, 267.755371094, 573.80090332, 204.737472534, 193.493148804, 93.7750549316, 66.3062438965, 35.7448310852, 73.4116287231, 21.5221481323, -31.0837116241, 73.1525115967, 21.2137184143], [-322.981048584, 281.400085449, 204.737472534, 365.848693848, 213.948364258, 35.205783844, 89.8812103271, -15.3204755783, 33.9501533508, -32.9832878113, 84.353553772, -68.2633895874, 20.9615097046], [-392.295654297, 281.204315186, 193.493148804, 213.948364258, 337.738616943, 69.4431838989, 85.0203170776, 1.09495615959, 63.453289032, 4.15428590775, 46.2117919922, -36.1441726685, 39.011920929], [253.73979187, -74.7178039551, 93.7750549316, 35.205783844, 69.4431838989, 229.903076172, 71.6815948486, 18.5768527985, 36.2596626282, 13.9702510834, -14.3638114929, 64.7046203613, 38.2118225098], [-227.424926758, 216.546340942, 66.3062438965, 89.8812103271, 85.0203170776, 71.6815948486, 188.830459595, 46.2618942261, -0.89228194952, -51.5909996033, 65.1688919067, -19.3575344086, 23.6692504883], [93.4377212524, -28.0330600739, 35.7448310852, -15.3204755783, 1.09495615959, 18.5768527985, 46.2618942261, 95.0805740356, 37.277469635, 23.2690792084, 3.62497401237, 40.2789039612, 12.3596534729], [12.9595966339, 19.6816101074, 73.4116287231, 33.9501533508, 63.453289032, 36.2596626282, -0.89228194952, 37.277469635, 114.573501587, 48.7665328979, -4.33610582352, 25.1151294708, 31.2885990143], [157.880249023, -174.689620972, 21.5221481323, -32.9832878113, 4.15428590775, 13.9702510834, -51.5909996033, 23.2690792084, 48.7665328979, 103.427604675, -12.4812726974, 50.9236946106, -1.26835656166], [-316.493133545, 128.087814331, -31.0837116241, 84.353553772, 46.2117919922, -14.3638114929, 65.1688919067, 3.62497401237, -4.33610582352, -12.4812726974, 117.09172821, -23.3082561493, 3.56787753105], [452.46786499, -183.940444946, 73.1525115967, -68.2633895874, -36.1441726685, 64.7046203613, -19.3575344086, 40.2789039612, 25.1151294708, 50.9236946106, -23.3082561493, 138.826873779, 12.874961853], [-49.6825675964, 51.1521377563, 21.2137184143, 20.9615097046, 39.011920929, 38.2118225098, 23.6692504883, 12.3596534729, 31.2885990143, -1.26835656166, 3.56787753105, 12.874961853, 55.9704437256]],
        "icov": [[0.000815617735498, -4.25986145274e-05, -0.0008526671445, -5.25902214576e-05, 0.0010454300791, -0.000825489638373, 0.000779357331339, -0.000439984054537, 0.000456415815279, -1.3962931007e-05, 0.000843306188472, -0.00140078214463, 0.000721272837836], [-4.25986145274e-05, 0.00489632319659, -0.0034076932352, 0.00241818325594, -0.00178021448664, 0.00271069677547, -0.0021350143943, 0.00180657068267, -0.00294090877287, 0.00652136839926, -0.00431311503053, 0.00478083640337, -0.00326555012725], [-0.0008526671445, -0.0034076932352, 0.00722483731806, -0.00432126782835, -0.00104574905708, -4.33619934483e-05, -0.00133257429115, -0.000197253873921, 0.00056110630976, -0.00458130100742, 0.005897377152, -0.00577032798901, 0.00313701410778], [-5.25902214576e-05, 0.00241818325594, -0.00432126782835, 0.00847422610968, -0.00281097972766, 8.76801350387e-05, 0.000339711492416, 0.00112885830458, -0.002142730169, 0.00474843056872, -0.00739160832018, 0.00635410565883, -0.00197109370492], [0.0010454300791, -0.00178021448664, -0.00104574905708, -0.00281097972766, 0.00808981899172, -0.00269829877652, 0.000326796696754, 0.000108093627205, 0.000240494526224, -0.00430971477181, 0.00209714611992, -0.00132829369977, -1.47774198922e-05], [-0.000825489638373, 0.00271069677547, -4.33619934483e-05, 8.76801350387e-05, -0.00269829877652, 0.0105099556968, -0.00771367363632, 0.00528452824801, -0.00321795511991, 0.00178988173138, 0.00115011620801, -0.00133954151534, -0.00435170112178], [0.000779357331339, -0.0021350143943, -0.00133257429115, 0.000339711492416, 0.000326796696754, -0.00771367363632, 0.0179851986468, -0.0114371301606, 0.00446355715394, 0.00463918969035, -0.00596094643697, 0.0014374833554, 0.000638416444417], [-0.000439984054537, 0.00180657068267, -0.000197253873921, 0.00112885830458, 0.000108093627205, 0.00528452824801, -0.0114371301606, 0.0211042892188, -0.00727435201406, -0.0018284348771, 0.00118693197146, -0.00337149156258, -0.00117153243627], [0.000456415815279, -0.00294090877287, 0.00056110630976, -0.002142730169, 0.000240494526224, -0.00321795511991, 0.00446355715394, -0.00727435201406, 0.0189133919775, -0.0102565390989, 0.00294222449884, -0.00111129973084, -0.00530654052272], [-1.3962931007e-05, 0.00652136839926, -0.00458130100742, 0.00474843056872, -0.00430971477181, 0.00178988173138, 0.00463918969035, -0.0018284348771, -0.0102565390989, 0.0283153597265, -0.00929384212941, 0.00250907544978, 0.00060007662978], [0.000843306188472, -0.00431311503053, 0.005897377152, -0.00739160832018, 0.00209714611992, 0.00115011620801, -0.00596094643697, 0.00118693197146, 0.00294222449884, -0.00929384212941, 0.021977679804, -0.010205399245, 0.00432639848441], [-0.00140078214463, 0.00478083640337, -0.00577032798901, 0.00635410565883, -0.00132829369977, -0.00133954151534, 0.0014374833554, -0.00337149156258, -0.00111129973084, 0.00250907544978, -0.010205399245, 0.0240371134132, -0.00802898686379], [0.000721272837836, -0.00326555012725, 0.00313701410778, -0.00197109370492, -1.47774198922e-05, -0.00435170112178, 0.000638416444417, -0.00117153243627, -0.00530654052272, 0.00060007662978, 0.00432639848441, -0.00802898686379, 0.0285616442561]]
    },
    "melbands": {
        "dmean": [0.00451021548361, 0.00219468260184, 0.00078062468674, 0.000201404400286, 9.83831414487e-05, 0.000129386695335, 0.000186310411664, 5.98193801125e-05, 5.69448238821e-05, 7.36046931706e-05, 0.000127993989736, 0.000159730305313, 6.51718073641e-05, 5.40874134458e-05, 3.55578486051e-05, 2.7782691177e-05, 3.77442229365e-05, 6.10644710832e-05, 3.592435678e-05, 1.41981354318e-05, 2.4081358788e-05, 2.26206193474e-05, 1.64262237377e-05, 1.43595625559e-05, 1.33403391374e-05, 1.32363084049e-05, 1.35687359943e-05, 1.12245206765e-05, 7.42394195186e-06, 6.42869827061e-06, 6.87616056894e-06, 6.13486236034e-06, 5.4659176385e-06, 5.16039153808e-06, 6.54695895719e-06, 3.77446940547e-06, 2.99045018437e-06, 2.35322590925e-06, 1.77998356321e-06, 1.39382211728e-06],
        "dmean2": [0.00700797699392, 0.00368266645819, 0.00144239282236, 0.000359942787327, 0.000165846606251, 0.000216855434701, 0.000312417920213, 9.91329216049e-05, 9.25269705476e-05, 0.000114061622298, 0.000207476638025, 0.000257499603322, 0.000106448067527, 9.18424557312e-05, 6.0291349655e-05, 4.65122357127e-05, 6.21099607088e-05, 9.96638846118e-05, 5.80834093853e-05, 2.2409545636e-05, 3.53105388058e-05, 3.63744075003e-05, 2.62924058916e-05, 2.38300854107e-05, 2.20681722567e-05, 2.1883077352e-05, 2.25880667131e-05, 1.82658659469e-05, 1.20476333905e-05, 1.01218220152e-05, 1.14697522804e-05, 9.97196548269e-06, 8.55757662066e-06, 8.07899141364e-06, 1.08887670649e-05, 6.13027896179e-06, 4.93105972055e-06, 3.93934260501e-06, 2.63742435891e-06, 2.10051416616e-06],
        "dvar": [7.20473617548e-05, 4.31044391007e-05, 9.76194860414e-06, 2.98841882795e-07, 5.22998497843e-08, 6.56635990026e-08, 6.48732267905e-08, 1.00742454379e-08, 1.75160561611e-08, 1.97240250799e-08, 3.4736068244e-08, 7.82402551636e-08, 1.8169735938e-08, 1.37107187825e-08, 4.40697700554e-09, 1.68500224884e-09, 2.70876499009e-09, 8.67779359481e-09, 4.61736826551e-09, 5.89138904328e-10, 2.94165047876e-09, 1.01534891606e-09, 5.41217626271e-10, 4.52370280124e-10, 3.43160694305e-10, 2.78071066173e-10, 4.83186490818e-10, 2.88131490889e-10, 1.7311443945e-10, 1.40502817714e-10, 1.29582400366e-10, 1.10297722344e-10, 8.92789800422e-11, 9.50799369792e-11, 1.52636597806e-10, 4.78887103583e-11, 3.05528380373e-11, 2.28940217478e-11, 1.67793626216e-11, 1.09668090581e-11],
        "dvar2": [0.000164109558682, 0.000115037990327, 2.81291122519e-05, 8.85467500211e-07, 1.41832970257e-07, 1.79727990712e-07, 1.7866751989e-07, 2.75757443546e-08, 4.42027712211e-08, 4.76719712594e-08, 7.82501956564e-08, 2.05698270861e-07, 4.27685016291e-08, 3.77425806164e-08, 1.18024257034e-08, 4.50066606206e-09, 6.92270596403e-09, 2.33258390381e-08, 1.0933578487e-08, 1.5817731569e-09, 5.99495786346e-09, 2.53121457128e-09, 1.32539623721e-09, 1.15481368912e-09, 8.53438042459e-10, 7.11553094224e-10, 1.1178741266e-09, 7.12226666533e-10, 4.08480416159e-10, 3.38376521247e-10, 3.22213339343e-10, 2.71518779682e-10, 2.2123908261e-10, 2.09490563785e-10, 4.28147267639e-10, 1.21230886441e-10, 8.10662162398e-11, 5.77208385255e-11, 3.40395420184e-11, 2.22792652382e-11],
        "max": [0.0703259930015, 0.0576572269201, 0.0310528185219, 0.00515745254233, 0.00225235614926, 0.00281881052069, 0.00225483486429, 0.000936174881645, 0.00170448073186, 0.00173192145303, 0.00207897392102, 0.00362546392716, 0.00173058197834, 0.00250390730798, 0.00127248757053, 0.000557376013603, 0.000614709046204, 0.00104931241367, 0.000665562460199, 0.000307272624923, 0.000950877787545, 0.000291022646707, 0.000349870504579, 0.000208911209484, 0.000256422936218, 0.000188769132365, 0.000223723836825, 0.000189265439985, 0.000184251664905, 0.000119978481962, 0.000107461513835, 9.88709289231e-05, 8.25860188343e-05, 0.000113653564767, 9.63993516052e-05, 7.30999017833e-05, 5.97311591264e-05, 4.92434410262e-05, 5.50887125428e-05, 4.28336388723e-05],
        "mean": [0.0103244706988, 0.00363924656995, 0.000629916612525, 0.000217302338569, 0.000122007259051, 0.000188849327969, 0.000283651286736, 8.63329842105e-05, 8.48784693517e-05, 0.00013312700321, 0.00023115631484, 0.000318064150633, 0.000120215598145, 8.30192075227e-05, 5.89389601373e-05, 4.69611004519e-05, 6.26428518444e-05, 9.8028955108e-05, 6.17592086201e-05, 2.66584993369e-05, 4.35935216956e-05, 4.41474767285e-05, 3.41407612723e-05, 2.70695873041e-05, 2.88239170914e-05, 2.94263136311e-05, 2.60748820438e-05, 2.03323488677e-05, 1.55281013576e-05, 1.30323332996e-05, 1.33114635901e-05, 1.05611779873e-05, 9.12467658054e-06, 9.48011165747e-06, 9.21473110793e-06, 6.33912804915e-06, 5.33238926437e-06, 4.14486248701e-06, 3.59076489076e-06, 2.80280687548e-06],
        "median": [0.00507007958367, 0.00133682566229, 0.000171424544533, 9.73729183897e-05, 5.69039257243e-05, 9.46974905673e-05, 0.000190396851394, 4.7217716201e-05, 2.26252632274e-05, 3.32729978254e-05, 0.00011031019676, 0.000101884579635, 3.43700630765e-05, 2.91565465886e-05, 2.86873255391e-05, 2.55900013144e-05, 3.90067325498e-05, 4.91146929562e-05, 2.16217486013e-05, 1.36174776344e-05, 1.65276906046e-05, 1.92228144442e-05, 1.90547616512e-05, 1.41364371302e-05, 1.89370057342e-05, 2.0850193323e-05, 1.76344565261e-05, 1.32579807541e-05, 8.70225267136e-06, 6.22290417596e-06, 5.77136916036e-06, 4.38732149632e-06, 3.10902760248e-06, 3.41807390214e-06, 2.82071368929e-06, 2.50747211794e-06, 2.11469000533e-06, 1.5338381445e-06, 1.30102137064e-06, 9.96736730485e-07],
        "min": [1.49865996946e-07, 8.22666095246e-08, 7.73310446789e-08, 2.14843929314e-08, 1.79552444024e-08, 1.38106912573e-08, 1.48478163098e-09, 9.18869647037e-10, 7.02302038746e-09, 1.22877308328e-08, 2.75537148653e-09, 7.03705538285e-09, 8.65094396119e-09, 1.36732136724e-08, 3.42685773091e-08, 9.84817347671e-08, 1.65067461921e-07, 5.13180431483e-08, 1.004850958e-07, 6.80058391822e-08, 2.50477771857e-08, 2.06272865455e-09, 1.53896684285e-09, 1.71888892009e-09, 1.84692117156e-09, 2.81455925233e-09, 3.98753208231e-09, 1.24873222873e-09, 3.09213682437e-10, 8.22046944404e-11, 2.21018047614e-11, 9.17672968864e-12, 3.17883891952e-12, 6.73965310644e-12, 4.25018093636e-12, 4.61206203436e-12, 1.15983559562e-11, 5.73192274894e-12, 4.09845768434e-12, 1.93395733455e-12],
