{
"highlevel": {
    "danceability": {
        "all": {
            "danceable": 0.58831012249,
            "not_danceable": 0.411689907312
        },
        "probability": 0.58831012249,
        "value": "danceable"
    },
    "gender": {
        "all": {
            "female": 0.333145529032,
            "male": 0.666854500771
        },
        "probability": 0.666854500771,
        "value": "male"
    },
    "genre_dortmund": {
        "all": {
            "alternative": 0.121284842491,
            "blues": 0.00851592142135,
            "electronic": 0.121278069913,
            "folkcountry": 0.0804221704602,
            "funksoulrnb": 0.019480034709,
            "jazz": 0.0285705085844,
            "pop": 0.10775000602,
            "raphiphop": 0.0776108577847,
            "rock": 0.43508759141
        },
        "probability": 0.43508759141,
        "value": "rock"
    },
    "genre_electronic": {
        "all": {
            "ambient": 0.429353743792,
            "dnb": 0.133525386453,
            "house": 0.306363672018,
            "techno": 0.0149808870628,
            "trance": 0.115776315331
        },
        "probability": 0.429353743792,
        "value": "ambient"
    },
    "genre_rosamerica": {
        "all": {
            "cla": 0.00765368295833,
            "dan": 0.0694129392505,
            "hip": 0.0273606758565,
            "jaz": 0.00460501480848,
            "pop": 0.578241407871,
            "rhy": 0.175378382206,
            "roc": 0.132428795099,
            "spe": 0.0049190740101
        },
        "probability": 0.578241407871,
        "value": "pop"
    },
    "genre_tzanetakis": {
        "all": {
            "blu": 0.07593434304,
            "cla": 0.0337142795324,
            "cou": 0.0606776997447,
            "dis": 0.0505694411695,
            "hip": 0.151736244559,
            "jaz": 0.303671628237,
            "met": 0.0607067197561,
            "pop": 0.060691729188,
            "reg": 0.0505727082491,
            "roc": 0.151725202799
        },
        "probability": 0.303671628237,
        "value": "jaz"
    },
    "ismir04_rhythm": {
        "all": {
            "ChaChaCha": 0.100841119885,
            "Jive": 0.19984190166,
            "Quickstep": 0.0629877746105,
            "Rumba-American": 0.0144652370363,
            "Rumba-International": 0.166446641088,
            "Rumba-Misc": 0.0400382429361,
            "Samba": 0.241108819842,
            "Tango": 0.01635976322,
            "VienneseWaltz": 0.146117031574,
            "Waltz": 0.0117934746668
        },
        "probability": 0.241108819842,
        "value": "Samba"
    },
    "mood_acoustic": {
        "all": {
            "acoustic": 0.0242695976049,
            "not_acoustic": 0.975730419159
        },
        "probability": 0.975730419159,
        "value": "not_acoustic"
    },
    "mood_aggressive": {
        "all": {
            "aggressive": 0.292002826929,
            "not_aggressive": 0.707997202873
        },
        "probability": 0.707997202873,
        "value": "not_aggressive"
    },
    "mood_electronic": {
        "all": {
            "electronic": 0.706546962261,
            "not_electronic": 0.293453037739
        },
        "probability": 0.706546962261,
        "value": "electronic"
    },
    "mood_happy": {
        "all": {
            "happy": 0.387446194887,
            "not_happy": 0.612553834915
        },
        "probability": 0.612553834915,
        "value": "not_happy"
    },
    "mood_party": {
        "all": {
            "not_party": 0.758543968201,
            "party": 0.241456031799
        },
        "probability": 0.758543968201,
        "value": "not_party"
    },
    "mood_relaxed": {
        "all": {
            "not_relaxed": 0.830111086369,
            "relaxed": 0.16988889873
        },
        "probability": 0.830111086369,
        "value": "not_relaxed"
    },
    "mood_sad": {
        "all": {
            "not_sad": 0.429936945438,
            "sad": 0.570063054562
        },
        "probability": 0.570063054562,
        "value": "sad"
    },
    "moods_mirex": {
        "all": {
            "Cluster1": 0.301073640585,
            "Cluster2": 0.239423677325,
            "Cluster3": 0.328942298889,
            "Cluster4": 0.0526274591684,
            "Cluster5": 0.0779329240322
        },
        "probability": 0.328942298889,
        "value": "Cluster3"
    },
    "timbre": {
        "all": {
            "bright": 0.78198248148,
            "dark": 0.218017488718
        },
        "probability": 0.78198248148,
        "value": "bright"
    },
    "tonal_atonal": {
        "all": {
            "atonal": 0.0274654552341,
            "tonal": 0.972534537315
        },
        "probability": 0.972534537315,
        "value": "tonal"
    },
    "voice_instrumental": {
        "all": {
            "instrumental": 0.0229249671102,
            "voice": 0.97707504034
        },
        "probability": 0.97707504034,
        "value": "voice"
    }
},
"lowlevel": {
    "average_loudness": 0.972263276577,
    "barkbands_crest": {
        "dmean": 2.59853935242,
        "dmean2": 4.05620670319,
        "dvar": 7.2863368988,
        "dvar2": 14.9727497101,
        "max": 25.8469619751,
        "mean": 8.84070491791,
        "median": 7.79873943329,
        "min": 2.63937854767,
        "var": 16.8927516937
    },
    "barkbands_flatness_db": {
        "dmean": 0.0241296701133,
        "dmean2": 0.0349686332047,
        "dvar": 0.000604548957199,
        "dvar2": 0.00124562589917,
        "max": 0.369867801666,
        "mean": 0.144789427519,
        "median": 0.141662031412,
        "min": 0.0480903498828,
        "var": 0.00226853578351
    },
    "barkbands_kurtosis": {
        "dmean": 4.22128009796,
        "dmean2": 6.77281093597,
        "dvar": 145.167007446,
        "dvar2": 376.741821289,
        "max": 236.478744507,
        "mean": 4.58733940125,
        "median": 2.28451061249,
        "min": -1.81885445118,
        "var": 126.993980408
    },
    "barkbands_skewness": {
        "dmean": 0.637538790703,
        "dmean2": 0.963146686554,
        "dvar": 0.780748844147,
        "dvar2": 1.77677416801,
        "max": 13.5988874435,
        "mean": 1.61782753468,
        "median": 1.43127310276,
        "min": -1.20054686069,
        "var": 1.37336063385
    },
    "barkbands_spread": {
        "dmean": 7.19038581848,
        "dmean2": 9.95357322693,
        "dvar": 83.0596466064,
        "dvar2": 140.931793213,
        "max": 91.5895767212,
        "mean": 23.3186969757,
        "median": 17.5368003845,
        "min": 0.857838153839,
        "var": 301.500640869
    },
    "dissonance": {
        "dmean": 0.0200417004526,
        "dmean2": 0.0339144207537,
        "dvar": 0.000357439595973,
        "dvar2": 0.000960341247264,
        "max": 0.49996766448,
        "mean": 0.465452343225,
        "median": 0.471064090729,
        "min": 0.298538893461,
        "var": 0.000604468514211
    },
    "dynamic_complexity": 2.08676505089,
    "erbbands_crest": {
        "dmean": 2.28623151779,
        "dmean2": 3.6710293293,
        "dvar": 4.25285005569,
        "dvar2": 10.3438711166,
        "max": 25.8584384918,
        "mean": 7.69535541534,
        "median": 6.93707036972,
        "min": 2.42430853844,
        "var": 11.1288032532
    },
    "erbbands_flatness_db": {
        "dmean": 0.019460760057,
        "dmean2": 0.0266405455768,
        "dvar": 0.000337611330906,
        "dvar2": 0.000555810285732,
        "max": 0.273235797882,
        "mean": 0.151451259851,
        "median": 0.153963595629,
        "min": 0.0623667761683,
        "var": 0.00172924483195
    },
    "erbbands_kurtosis": {
        "dmean": 0.833002448082,
        "dmean2": 1.32158637047,
        "dvar": 0.971386909485,
        "dvar2": 2.37115049362,
        "max": 13.5665912628,
        "mean": 0.432860821486,
        "median": 0.0771763324738,
        "min": -1.62835335732,
        "var": 2.7714445591
    },
    "erbbands_skewness": {
        "dmean": 0.382977545261,
        "dmean2": 0.588394463062,
        "dvar": 0.109649963677,
        "dvar2": 0.262349516153,
        "max": 2.72904086113,
        "mean": 0.487506330013,
        "median": 0.496610820293,
        "min": -2.08805441856,
        "var": 0.391922533512
    },
    "erbbands_spread": {
        "dmean": 9.62541675568,
        "dmean2": 14.221288681,
        "dvar": 100.017349243,
        "dvar2": 204.32510376,
        "max": 116.209197998,
        "mean": 40.7358894348,
        "median": 35.2072753906,
        "min": 6.28644180298,
        "var": 355.767425537
    },
    "hfc": {
        "dmean": 11.6397857666,
        "dmean2": 15.2474279404,
        "dvar": 381.128845215,
        "dvar2": 673.684143066,
        "max": 209.382354736,
        "mean": 27.5317935944,
        "median": 16.1534919739,
        "min": 2.49954533577,
        "var": 945.296020508
    },
    "melbands_crest": {
        "dmean": 3.04401922226,
        "dmean2": 4.89487123489,
        "dvar": 6.57081365585,
        "dvar2": 16.5218276978,
        "max": 25.6415195465,
        "mean": 12.7210168839,
        "median": 12.085313797,
        "min": 4.62064361572,
        "var": 17.9631328583
    },
    "melbands_flatness_db": {
        "dmean": 0.0299867410213,
        "dmean2": 0.0417330078781,
        "dvar": 0.000955821655225,
        "dvar2": 0.00187446072232,
        "max": 0.476723372936,
        "mean": 0.203013792634,
        "median": 0.20081628859,
        "min": 0.0462107658386,
        "var": 0.00405827583745
    },
    "melbands_kurtosis": {
        "dmean": 9.3878326416,
        "dmean2": 14.808093071,
        "dvar": 418.450653076,
        "dvar2": 1013.9284668,
        "max": 254.700836182,
        "mean": 13.41010952,
        "median": 7.79372787476,
        "min": -1.18942248821,
        "var": 451.084014893
    },
    "melbands_skewness": {
        "dmean": 0.812871336937,
        "dmean2": 1.22003400326,
        "dvar": 1.04394483566,
        "dvar2": 2.24243497849,
        "max": 11.2401304245,
        "mean": 2.63083386421,
        "median": 2.34397506714,
        "min": -0.531544327736,
        "var": 2.21923780441
    },
    "melbands_spread": {
        "dmean": 7.27001667023,
        "dmean2": 10.5056562424,
        "dvar": 105.444480896,
        "dvar2": 216.38470459,
        "max": 189.868927002,
        "mean": 21.1981334686,
        "median": 17.0394153595,
        "min": 0.695845544338,
        "var": 280.424926758
    },
    "pitch_salience": {
        "dmean": 0.0703954920173,
        "dmean2": 0.111577749252,
        "dvar": 0.00495721725747,
        "dvar2": 0.011063230224,
        "max": 0.820716261864,
        "mean": 0.591592550278,
        "median": 0.609285533428,
        "min": 0.0677792280912,
        "var": 0.0125926947221
    },
    "silence_rate_20dB": {
        "dmean": 0,
        "dmean2": 0,
        "dvar": 0,
        "dvar2": 0,
        "max": 1,
        "mean": 1,
        "median": 1,
        "min": 1,
        "var": 0
    },
    "silence_rate_30dB": {
        "dmean": 0.0603715181351,
        "dmean2": 0.120836563408,
        "dvar": 0.0567264966667,
        "dvar2": 0.113981828094,
        "max": 1,
        "mean": 0.935808181763,
        "median": 1,
        "min": 0,
        "var": 0.0600707307458
    },
    "silence_rate_60dB": {
        "dmean": 0,
        "dmean2": 0,
        "dvar": 0,
        "dvar2": 0,
        "max": 0,
        "mean": 0,
        "median": 0,
        "min": 0,
        "var": 0
    },
    "spectral_centroid": {
        "dmean": 253.859741211,
        "dmean2": 365.205291748,
        "dvar": 93041.296875,
        "dvar2": 178140.734375,
        "max": 4196.97314453,
        "mean": 1076.45739746,
        "median": 908.55078125,
        "min": 234.105072021,
        "var": 310194
    },
    "spectral_complexity": {
        "dmean": 4.06656360626,
        "dmean2": 6.00542211533,
        "dvar": 20.4677848816,
        "dvar2": 37.480255127,
        "max": 57,
        "mean": 20.7053356171,
        "median": 19,
        "min": 5,
        "var": 70.7585067749
    },
    "spectral_decrease": {
        "dmean": 5.09341502308e-09,
        "dmean2": 7.90963028408e-09,
        "dvar": 1.23915692402e-16,
        "dvar2": 2.90385234813e-16,
        "max": -1.05497710567e-09,
        "mean": -9.67299396137e-09,
        "median": -6.67713795366e-09,
        "min": -8.73011174463e-08,
        "var": 1.28644611172e-16
    },
    "spectral_energy": {
        "dmean": 0.0199278257787,
        "dmean2": 0.0306735690683,
        "dvar": 0.00180617615115,
        "dvar2": 0.0042286394164,
        "max": 0.332444339991,
        "mean": 0.039005342871,
        "median": 0.0274196248502,
        "min": 0.00439423788339,
        "var": 0.00190902000759
    },
    "spectral_energyband_high": {
        "dmean": 0.00101777934469,
        "dmean2": 0.00133862800431,
        "dvar": 4.67106474389e-06,
        "dvar2": 7.61926230552e-06,
        "max": 0.01888345927,
        "mean": 0.00169931410346,
        "median": 0.000321949570207,
        "min": 2.20747597268e-06,
        "var": 1.11982071758e-05
    },
    "spectral_energyband_low": {
        "dmean": 0.0146385803819,
        "dmean2": 0.0228411890566,
        "dvar": 0.00169506156817,
        "dvar2": 0.00402454193681,
        "max": 0.319450259209,
        "mean": 0.0177949685603,
        "median": 0.00694702239707,
        "min": 0.000175051973201,
        "var": 0.00164077081718
    },
    "spectral_energyband_middle_high": {
        "dmean": 0.00157514738385,
        "dmean2": 0.00240925466642,
        "dvar": 3.65069513464e-06,
        "dvar2": 8.15178827906e-06,
        "max": 0.0280024725944,
        "mean": 0.0043378546834,
        "median": 0.00336225447245,
        "min": 0.000265999056865,
        "var": 1.19294809338e-05
    },
    "spectral_energyband_middle_low": {
        "dmean": 0.00698740035295,
        "dmean2": 0.0116804456338,
        "dvar": 0.000130873318994,
        "dvar2": 0.000347684865119,
        "max": 0.115111209452,
        "mean": 0.0168301910162,
        "median": 0.0133667476475,
        "min": 0.00174410990439,
        "var": 0.000158948299941
    },
    "spectral_entropy": {
        "dmean": 0.187934696674,
        "dmean2": 0.250302523375,
        "dvar": 0.0372825376689,
        "dvar2": 0.060838997364,
        "max": 8.55198574066,
        "mean": 7.53484296799,
        "median": 7.50329351425,
        "min": 6.44050979614,
        "var": 0.199396491051
    },
    "spectral_flux": {
        "dmean": 0.0367677994072,
        "dmean2": 0.0563251599669,
        "dvar": 0.00360787543468,
        "dvar2": 0.00801558792591,
        "max": 0.514198958874,
        "mean": 0.105268269777,
        "median": 0.0839787200093,
        "min": 0.0247680451721,
        "var": 0.00532449223101
    },
    "spectral_kurtosis": {
        "dmean": 1.94449710846,
        "dmean2": 3.10384535789,
        "dvar": 5.37968492508,
        "dvar2": 12.3633880615,
        "max": 37.8306427002,
        "mean": 4.66349411011,
        "median": 3.92771625519,
        "min": -0.677893877029,
        "var": 16.0064868927
    },
    "spectral_rms": {
        "dmean": 0.00122814776842,
        "dmean2": 0.00180176633876,
        "dvar": 3.82646612707e-06,
        "dvar2": 8.1093485278e-06,
        "max": 0.0180093292147,
        "mean": 0.00567256845534,
        "median": 0.00517212273553,
        "min": 0.00207052193582,
        "var": 5.87603472013e-06
    },
    "spectral_rolloff": {
        "dmean": 687.463500977,
        "dmean2": 1081.31433105,
        "dvar": 1618303.125,
        "dvar2": 3333502.75,
        "max": 11843.2617188,
        "mean": 1487.10522461,
        "median": 818.26171875,
        "min": 86.1328125,
        "var": 3220207.75
    },
    "spectral_skewness": {
        "dmean": 0.270014971495,
        "dmean2": 0.407703727484,
        "dvar": 0.0738989412785,
        "dvar2": 0.150852620602,
        "max": 4.90646600723,
        "mean": 1.67360627651,
        "median": 1.70018661022,
        "min": 0.165510088205,
        "var": 0.308332622051
    },
    "spectral_spread": {
        "dmean": 856844,
        "dmean2": 1166486.75,
        "dvar": 1.14850909389e+12,
        "dvar2": 1.6933650432e+12,
        "max": 12284816,
        "mean": 4998866.5,
        "median": 4249438,
        "min": 1199773.625,
        "var": 4.5925138432e+12
    },
    "spectral_strongpeak": {
        "dmean": 0.432164818048,
        "dmean2": 0.730743408203,
        "dvar": 0.360186129808,
        "dvar2": 0.926775038242,
        "max": 7.83415699005,
        "mean": 0.790459871292,
        "median": 0.583796977997,
        "min": 0,
        "var": 0.627457499504
    },
    "zerocrossingrate": {
        "dmean": 0.0151816923171,
        "dmean2": 0.0159967895597,
        "dvar": 0.000348213652615,
        "dvar2": 0.000343127903761,
        "max": 0.2626953125,
        "mean": 0.0609479211271,
        "median": 0.0439453125,
        "min": 0.0068359375,
        "var": 0.0019456606824
    },
    "barkbands": {
        "dmean": [0.000820034416392, 0.0119381789118, 0.00304211094044, 0.00258290185593, 0.00180975056719, 0.00300318351947, 0.0011638046708, 0.000598223239649, 0.00126743793953, 0.000575014099013, 0.000297084392514, 0.000329558679368, 0.000436888716649, 0.000371857633581, 0.000194354186533, 0.000181872092071, 0.00017678081349, 0.00013107075938, 0.000134510133648, 0.000122908837511, 0.000175995242898, 0.000187264551641, 0.000187375451787, 0.000232568767387, 0.000260983244516, 8.10250494396e-05, 7.46442463395e-09],
        "dmean2": [0.00145120802335, 0.0186670813709, 0.00553866662085, 0.00443425076082, 0.00300253788009, 0.00508272182196, 0.00202854466625, 0.000958394783083, 0.00204792409204, 0.000915108423214, 0.000484052929096, 0.000530437857378, 0.000723948294763, 0.000613333599176, 0.000315841170959, 0.000281636224827, 0.000286615017103, 0.000202115697903, 0.000202220733627, 0.000186240824405, 0.000253508827882, 0.000262147223111, 0.000269401352853, 0.000314993871143, 0.000360733276466, 0.000112998954137, 1.31833290951e-08],
        "dvar": [9.85612473414e-07, 0.00132151483558, 8.70435251272e-05, 1.58958482643e-05, 6.95087055647e-06, 4.28568091593e-05, 1.00159950307e-05, 1.06791299004e-06, 4.47373304269e-06, 9.29120517412e-07, 3.90190763255e-07, 4.96415395901e-07, 3.07254396148e-07, 5.16875502399e-07, 1.94334120351e-07, 9.22189400399e-08, 9.72760929585e-08, 7.88141676367e-08, 5.70443248193e-08, 6.84360159653e-08, 2.34044605918e-07, 2.09323800959e-07, 2.6763399319e-07, 2.65152266365e-07, 3.04678820839e-07, 5.32030988154e-08, 3.21440808439e-15],
        "dvar2": [2.93272887575e-06, 0.00316374353133, 0.000250390177825, 4.45823388873e-05, 1.85248027265e-05, 0.000118999370898, 2.86385293293e-05, 2.53801135841e-06, 1.0958877283e-05, 2.16903686123e-06, 9.97175334305e-07, 1.11339204523e-06, 8.18107650957e-07, 1.21539824249e-06, 4.0252464828e-07, 2.13603726706e-07, 2.31175832255e-07, 1.77599986273e-07, 1.19620366945e-07, 1.45193752132e-07, 4.54252898408e-07, 3.90879364431e-07, 4.95862423122e-07, 4.76469068644e-07, 5.78738365675e-07, 1.14171520238e-07, 7.53255812081e-15],
        "max": [0.00819435715675, 0.291843503714, 0.080159753561, 0.0392710380256, 0.0256296359003, 0.0705092102289, 0.029294712469, 0.0136864501983, 0.0330625586212, 0.0157781466842, 0.008659619838, 0.0164750050753, 0.00842668395489, 0.0169541835785, 0.00810334086418, 0.00552665442228, 0.00501524750143, 0.00560102192685, 0.00275423820131, 0.00288226990961, 0.00469152862206, 0.00397584214807, 0.0124126505107, 0.00981930829585, 0.00451797898859, 0.00377924647182, 1.02941578461e-06],
        "mean": [0.00130154413637, 0.0113607002422, 0.00359166995622, 0.00387734919786, 0.0033152718097, 0.00442496687174, 0.00144413241651, 0.00103242974728, 0.0024385524448, 0.0009078180301, 0.000445710757049, 0.000538790016435, 0.000687874446157, 0.000534576945938, 0.00029087276198, 0.000306655972963, 0.000287006201688, 0.000205295960768, 0.000227367840125, 0.00017487956211, 0.000228397271712, 0.000262429530267, 0.000318975682603, 0.000343014136888, 0.000361485086614, 9.75997027126e-05, 5.31082910982e-09],
        "median": [0.000876856502146, 0.0022330339998, 0.00157821108587, 0.00244661839679, 0.00225974549539, 0.00216271332465, 0.000769216974732, 0.000449310231488, 0.00145172665361, 0.000514664803632, 0.000208097902942, 0.000263488909695, 0.000503816409037, 0.000343039078871, 0.000137874565553, 0.000157066184329, 0.000152546344907, 0.000104671227746, 9.98652612907e-05, 5.71926357225e-05, 4.58732283732e-05, 4.56111192761e-05, 3.99773962272e-05, 3.8683960156e-05, 1.15964085126e-05, 6.63577247906e-06, 5.57533297307e-10],
        "min": [6.28709358352e-07, 8.52456560096e-06, 5.72646513319e-06, 2.6300835998e-06, 3.03800043184e-05, 7.22635231796e-05, 1.64585344464e-05, 7.41938583815e-06, 3.37780511472e-05, 2.56971688941e-05, 4.7216335588e-06, 3.50984987563e-06, 2.24806681217e-05, 3.78365621145e-06, 2.01302600544e-06, 2.84510315396e-06, 4.73724230687e-06, 5.70897873331e-06, 1.4894682181e-06, 2.05269634534e-06, 3.41441591445e-07, 8.93393661272e-08, 5.86829713711e-08, 3.84272205167e-08, 4.00342148321e-10, 1.39175884359e-11, 1.34477212352e-11],
        "var": [1.67754637914e-06, 0.00124427664559, 5.59354557481e-05, 1.93691666937e-05, 1.05349672594e-05, 3.95044662582e-05, 7.04678905095e-06, 2.44037801167e-06, 1.16363999041e-05, 1.6149442672e-06, 6.24791539394e-07, 1.29428065065e-06, 4.69913970846e-07, 5.98062229074e-07, 3.93780055674e-07, 2.34793290588e-07, 1.82074160193e-07, 1.29397150772e-07, 1.15619478436e-07, 1.08929590681e-07, 3.404482527e-07, 3.62095818218e-07, 9.1116544354e-07, 7.1581945349e-07, 5.34485593562e-07, 7.72596280285e-08, 2.25428798011e-15]
    },
    "erbbands": {
        "dmean": [0.259211570024, 2.92552638054, 4.06808567047, 5.92333698273, 8.37554645538, 5.27731084824, 9.56584358215, 31.343000412, 23.7429199219, 11.1424236298, 15.0250778198, 26.1467533112, 27.4282035828, 11.9909906387, 11.1267681122, 10.9639673233, 19.0974979401, 19.6823368073, 11.2168807983, 10.2145586014, 11.3425312042, 9.15190792084, 7.744556427, 6.69548082352, 5.93981313705, 6.12942171097, 6.87889099121, 7.24359798431, 6.95339107513, 5.68224811554, 5.33708620071, 4.19850921631, 4.28677892685, 3.82592844963, 1.37711191177, 0.461086034775, 0.139675468206, 0.011036044918, 0.000220396526856, 3.42871608154e-05],
        "dmean2": [0.413456767797, 4.56205034256, 6.84776687622, 10.3680934906, 14.3143377304, 8.61013412476, 15.8402614594, 53.3783416748, 41.169834137, 18.3109302521, 23.5826053619, 41.688457489, 44.1943511963, 19.1979598999, 17.6585502625, 17.50182724, 31.7470283508, 32.5958099365, 17.983089447, 16.6156330109, 17.7219944, 14.5611486435, 11.9638996124, 10.5827159882, 9.08009243011, 9.3003988266, 10.0084142685, 10.4563379288, 10.0027132034, 8.22717952728, 7.52929067612, 5.79379367828, 5.93507385254, 5.40297842026, 1.93908059597, 0.649669408798, 0.200406804681, 0.0171439535916, 0.000324657768942, 4.83935400553e-05],
        "dvar": [0.451487153769, 85.3266830444, 157.751251221, 114.95602417, 167.394195557, 70.9877243042, 299.574645996, 4733.75830078, 4604.35742188, 436.863677979, 661.3828125, 2433.51269531, 1522.48535156, 505.7237854, 486.23336792, 385.099945068, 539.319152832, 925.055053711, 1277.0435791, 381.854431152, 369.454223633, 304.561981201, 259.776824951, 143.158081055, 116.596626282, 161.894775391, 339.582122803, 385.996795654, 272.245391846, 215.107009888, 217.279846191, 112.726043701, 82.6012573242, 62.4870910645, 9.15130138397, 1.64179074764, 0.159793138504, 0.0011707036756, 3.853003534e-07, 3.57918472638e-09],
        "dvar2": [1.08494246006, 203.494522095, 423.830078125, 328.153045654, 449.951599121, 187.221603394, 816.630981445, 13019.2871094, 13127.6386719, 1154.5300293, 1627.6229248, 5865.71044922, 3616.46313477, 1332.55151367, 1095.32385254, 949.597290039, 1402.76879883, 2265.03222656, 3086.94213867, 939.668212891, 853.696472168, 723.389526367, 584.007324219, 300.4894104, 245.16796875, 354.050140381, 678.66986084, 741.394042969, 525.457336426, 417.32901001, 383.101074219, 178.820114136, 160.97492981, 113.257225037, 18.8330345154, 3.53035521507, 0.338581562042, 0.00252527766861, 8.10932021977e-07, 7.91491228114e-09],
        "max": [5.24396085739, 73.9082946777, 108.280296326, 104.475669861, 110.307250977, 110.741401672, 175.206008911, 689.399230957, 634.176513672, 186.715255737, 338.496520996, 957.9609375, 557.098205566, 355.736572266, 483.147918701, 308.549346924, 320.71194458, 509.285339355, 799.826843262, 290.976165771, 376.214996338, 327.289642334, 276.350921631, 173.458206177, 123.164550781, 156.913299561, 199.81867981, 173.019195557, 149.669250488, 261.979278564, 327.324523926, 200.680343628, 156.069122314, 60.8348655701, 27.5708427429, 23.7756443024, 4.84561872482, 0.295064270496, 0.00551002891734, 0.000476500979858],
        "mean": [0.264445751905, 2.73203611374, 4.47313642502, 9.36745357513, 12.6812362671, 9.91294670105, 16.1068000793, 44.1733016968, 29.5514373779, 18.5977077484, 26.676651001, 48.5864295959, 49.1760673523, 21.082485199, 21.3285484314, 19.6124420166, 30.7403354645, 29.5225067139, 16.3665428162, 15.2148418427, 20.0296878815, 15.3195419312, 12.6723918915, 11.8939685822, 9.70212650299, 8.66802120209, 8.95168495178, 9.3820734024, 9.76721763611, 8.9338092804, 9.05963039398, 6.87932538986, 5.9905834198, 5.43576955795, 1.75642180443, 0.561947345734, 0.169243693352, 0.0118750873953, 0.000268982024863, 6.34090829408e-05],
        "median": [0.0884726643562, 0.402345478535, 1.79112744331, 5.25024652481, 7.11325311661, 6.70771741867, 8.98040771484, 19.2669219971, 15.3106870651, 10.7069740295, 14.754860878, 27.4630069733, 31.4421100616, 12.8513870239, 10.8524084091, 12.4617290497, 23.1308708191, 19.648519516, 8.39075279236, 8.59583282471, 10.2217197418, 8.27484321594, 6.82506990433, 5.95968866348, 3.84466528893, 3.07012605667, 1.86704337597, 1.58435332775, 1.75313878059, 1.30525577068, 1.06681632996, 0.77482932806, 0.599442780018, 0.214300960302, 0.0465808771551, 0.035341154784, 0.0108248787001, 0.00049443176249, 2.99195853586e-05, 3.62149330613e-05],
        "min": [0.000261052540736, 0.0043949233368, 0.0255616977811, 0.062925979495, 0.0821385085583, 0.109890207648, 0.392757147551, 0.821435153484, 0.568738639355, 0.355646401644, 0.414076507092, 1.56061291695, 1.03285551071, 1.11390388012, 0.295425593853, 0.586804687977, 1.48746168613, 0.322926640511, 0.329818487167, 0.204680934548, 0.178368285298, 0.292112320662, 0.350745737553, 0.254323393106, 0.127865836024, 0.118050985038, 0.029689470306, 0.00979013927281, 0.00383144337684, 0.00230349134654, 0.00146807578858, 0.000918152392842, 0.000542860943824, 0.000161981370184, 2.34104936681e-05, 1.16909704957e-05, 5.06351352669e-06, 6.22864661182e-07, 2.62768207904e-06, 5.32567901246e-06],
        "var": [0.429534286261, 80.6522369385, 117.211959839, 125.616188049, 216.052978516, 115.345176697, 403.706970215, 4470.33398438, 3124.00463867, 560.149414062, 1363.5670166, 6335.81689453, 3573.54296875, 784.880371094, 1726.52087402, 711.051574707, 884.677001953, 1231.40100098, 1482.4276123, 604.331176758, 986.358825684, 570.902526855, 442.041778564, 302.14163208, 214.791427612, 249.947265625, 489.77722168, 570.063354492, 472.99395752, 542.957641602, 748.73815918, 349.719421387, 193.029891968, 116.013557434, 14.2114515305, 2.32024407387, 0.237033635378, 0.00145488709677, 5.27085887825e-07, 5.16151166252e-09]
    },
    "gfcc": {
        "mean": [18.6994838715, 110.084953308, -113.225410461, 31.7647972107, -65.0230865479, 21.3629245758, -40.2338485718, 10.2871332169, -21.3718357086, -1.24895429611, -11.3989934921, -4.07535886765, -8.81723690033],
        "cov": [[3177.42407227, -2083.29516602, 763.713256836, -23.9014892578, -226.894012451, 320.208068848, -430.249664307, 438.963623047, -324.797454834, 407.251068115, -364.458221436, 290.686889648, -196.236022949], [-2083.29516602, 1940.67700195, -627.532897949, -13.604681015, 271.074798584, -297.676605225, 340.887664795, -337.950469971, 307.980316162, -348.173797607, 309.337738037, -224.91645813, 173.504257202], [763.713256836, -627.532897949, 537.245239258, -16.1005973816, 14.5033063889, 170.435409546, -120.875106812, 192.68019104, -136.481307983, 177.206481934, -114.481895447, 91.1188964844, -31.1617469788], [-23.9014892578, -13.604681015, -16.1005973816, 278.823974609, -14.2768297195, -14.3170728683, 82.7738265991, -76.6854019165, 47.5456581116, -53.8654632568, 15.5975637436, -56.3325500488, -3.63690161705], [-226.894012451, 271.074798584, 14.5033063889, -14.2768297195, 296.061126709, 8.28826904297, 4.01627445221, 64.3611450195, 23.540178299, 4.8610701561, 14.3053121567, -38.860118866, 55.0274467468], [320.208068848, -297.676605225, 170.435409546, -14.3170728683, 8.28826904297, 221.787368774, -37.0509300232, 100.410110474, -58.0701293945, 75.8159790039, -37.3796005249, 13.1913385391, -1.36987709999], [-430.249664307, 340.887664795, -120.875106812, 82.7738265991, 4.01627445221, -37.0509300232, 218.910751343, -101.32862854, 76.4388580322, -81.5391082764, 62.5535888672, -44.6086845398, 16.6517066956], [438.963623047, -337.950469971, 192.68019104, -76.6854019165, 64.3611450195, 100.410110474, -101.32862854, 237.369262695, -64.6198425293, 118.879570007, -52.0935668945, 46.959274292, 4.80226707458], [-324.797454834, 307.980316162, -136.481307983, 47.5456581116, 23.540178299, -58.0701293945, 76.4388580322, -64.6198425293, 147.308776855, -61.1475105286, 55.6680488586, -18.8021621704, 19.3966846466], [407.251068115, -348.173797607, 177.206481934, -53.8654632568, 4.8610701561, 75.8159790039, -81.5391082764, 118.879570007, -61.1475105286, 162.694396973, -42.1756439209, 61.9685745239, -8.26868438721], [-364.458221436, 309.337738037, -114.481895447, 15.5975637436, 14.3053121567, -37.3796005249, 62.5535888672, -52.0935668945, 55.6680488586, -42.1756439209, 115.132583618, -28.5524711609, 42.1444969177], [290.686889648, -224.91645813, 91.1188964844, -56.3325500488, -38.860118866, 13.1913385391, -44.6086845398, 46.959274292, -18.8021621704, 61.9685745239, -28.5524711609, 128.207641602, -20.7750911713], [-196.236022949, 173.504257202, -31.1617469788, -3.63690161705, 55.0274467468, -1.36987709999, 16.6517066956, 4.80226707458, 19.3966846466, -8.26868438721, 42.1444969177, -20.7750911713, 93.4232711792]],
        "icov": [[0.00120659160893, 0.000752969179302, -0.000138642077218, -0.000399304553866, 0.000131557622808, -7.87203971413e-05, 0.000539666798431, -0.000556176761165, 1.24806110762e-05, -0.000191076600458, 0.000713466317393, -0.000730407075025, 0.000424233236117], [0.000752969179302, 0.00545004429296, -0.000453678483609, 0.00378789473325, -0.00352939032018, 0.00217471690848, -0.00221139239147, 0.00253502558917, -0.00354523025453, 0.00373218255118, -0.00512018846348, 0.00304202572443, -0.00211674580351], [-0.000138642077218, -0.000453678483609, 0.00451509747654, -0.00153654045425, -0.000178869173396, -0.00159450434148, 9.82535784715e-05, -0.00125204212964, 0.00217278837226, -0.00229552504607, 0.00194043514784, -0.00187349051703, 0.00018011762586], [-0.000399304553866, 0.00378789473325, -0.00153654045425, 0.00831271428615, -0.0025767320767, 0.00184613466263, -0.00332483323291, 0.00361774675548, -0.00443394621834, 0.0035704257898, -0.00434526009485, 0.00521407043561, -0.001754741068], [0.000131557622808, -0.00352939032018, -0.000178869173396, -0.0025767320767, 0.00712017482147, -0.001148999203, 0.00164906366263, -0.00387393380515, 0.00136210466735, -0.00258754868992, 0.00447944877669, -0.000835039536469, -0.000352672039298], [-7.87203971413e-05, 0.00217471690848, -0.00159450434148, 0.00184613466263, -0.001148999203, 0.00766938645393, -0.00195398600772, -0.000345157604897, -0.000935574062169, 0.000758705253247, -0.00236653373577, 0.00297001400031, -0.00151950574946], [0.000539666798431, -0.00221139239147, 9.82535784715e-05, -0.00332483323291, 0.00164906366263, -0.00195398600772, 0.00879197753966, -0.000158631140948, 0.000121199300338, -0.000755997083616, 0.00112664618064, -0.00192954775412, 0.00155557785183], [-0.000556176761165, 0.00253502558917, -0.00125204212964, 0.00361774675548, -0.00387393380515, -0.000345157604897, -0.000158631140948, 0.0110834790394, -0.00222278619185, -0.000987116480246, -0.00274793873541, 0.00209446344525, -0.00233824900351], [1.24806110762e-05, -0.00354523025453, 0.00217278837226, -0.00443394621834, 0.00136210466735, -0.000935574062169, 0.000121199300338, -0.00222278619185, 0.0138467708603, -0.00181838357821, 0.00163811049424, -0.00484312046319, 0.00158734014258], [-0.000191076600458, 0.00373218255118, -0.00229552504607, 0.0035704257898, -0.00258754868992, 0.000758705253247, -0.000755997083616, -0.000987116480246, -0.00181838357821, 0.0162835009396, -0.00532405776903, -0.000241598216235, -0.00207190518267], [0.000713466317393, -0.00512018846348, 0.00194043514784, -0.00434526009485, 0.00447944877669, -0.00236653373577, 0.00112664618064, -0.00274793873541, 0.00163811049424, -0.00532405776903, 0.0212804470211, -0.00373923592269, -0.0024895935785], [-0.000730407075025, 0.00304202572443, -0.00187349051703, 0.00521407043561, -0.000835039536469, 0.00297001400031, -0.00192954775412, 0.00209446344525, -0.00484312046319, -0.000241598216235, -0.00373923592269, 0.0148522229865, -0.000860350381117], [0.000424233236117, -0.00211674580351, 0.00018011762586, -0.001754741068, -0.000352672039298, -0.00151950574946, 0.00155557785183, -0.00233824900351, 0.00158734014258, -0.00207190518267, -0.0024895935785, -0.000860350381117, 0.0159652289003]]
    },
    "melbands": {
        "dmean": [0.0029679404106, 0.00277684233151, 0.0011212102836, 0.000442669406766, 0.000309022230795, 0.000667439133395, 0.000331986171659, 0.000121946890431, 0.00013221334666, 0.000175316876266, 0.00014005205594, 5.31445548404e-05, 3.94002236135e-05, 4.18358831666e-05, 3.98662450607e-05, 4.00882308895e-05, 3.52859242412e-05, 2.09989138966e-05, 1.53431374201e-05, 1.05303688542e-05, 1.49439201778e-05, 9.34064610192e-06, 1.00277075035e-05, 6.5536692091e-06, 5.87615977565e-06, 5.28197688254e-06, 4.09904168919e-06, 4.03784088121e-06, 4.56731731902e-06, 3.73215266336e-06, 4.63541891804e-06, 4.31901116826e-06, 3.11911435347e-06, 3.5019322695e-06, 3.40954534295e-06, 2.77515937341e-06, 2.70998066298e-06, 3.00303145195e-06, 3.41718873642e-06, 3.38561449098e-06],
        "dmean2": [0.00465189199895, 0.00439595291391, 0.00194933987223, 0.000739557493944, 0.000508664757945, 0.00113599130418, 0.000573941913899, 0.000196902168682, 0.000206944168895, 0.000281228858512, 0.000226606513024, 8.53141536936e-05, 6.30325012025e-05, 6.73599643051e-05, 6.6489308665e-05, 6.56828342471e-05, 5.81628373766e-05, 3.44175386999e-05, 2.45804549195e-05, 1.71176488948e-05, 2.35927509493e-05, 1.47481614476e-05, 1.60261497513e-05, 1.02828662421e-05, 9.30763599172e-06, 8.17999625724e-06, 6.46929993309e-06, 6.17397972746e-06, 6.80106222717e-06, 5.54447797185e-06, 6.81784558765e-06, 6.32496221442e-06, 4.59353896076e-06, 5.29851740794e-06, 4.89886770083e-06, 3.94166363549e-06, 3.82473035643e-06, 4.20079231844e-06, 4.8067095122e-06, 4.95046151627e-06],
        "dvar": [7.34853674658e-05, 7.27708611521e-05, 3.57271278517e-06, 4.24989821113e-07, 2.79121223912e-07, 2.2511608222e-06, 8.7087795464e-07, 4.28508144523e-08, 5.19012814948e-08, 9.87143238262e-08, 3.90882171075e-08, 8.95650842381e-09, 5.20439735752e-09, 8.65069882394e-09, 3.4716902686e-09, 3.1068814188e-09, 3.34164051985e-09, 5.07541075834e-09, 1.21322363267e-09, 3.92454874154e-10, 6.47160325329e-10, 3.21519144642e-10, 5.08791342391e-10, 1.63345892368e-10, 1.11644367362e-10, 9.53285922423e-11, 6.83160056303e-11, 7.61077104117e-11, 1.51036724794e-10, 1.09498507483e-10, 1.59612364992e-10, 1.03930038187e-10, 6.24112220238e-11, 9.16416595387e-11, 9.97108159928e-11, 5.56154983178e-11, 4.64490876317e-11, 4.88244444874e-11, 5.0101964244e-11, 5.26603691209e-11],
        "dvar2": [0.000175051332917, 0.000179130482138, 1.0072756595e-05, 1.15439456749e-06, 7.55871951696e-07, 6.23661344434e-06, 2.4830728762e-06, 1.07948025629e-07, 1.24809986346e-07, 2.43762400487e-07, 9.33942061465e-08, 2.30682601909e-08, 1.22569172589e-08, 2.05575538814e-08, 9.20737619481e-09, 7.97571608757e-09, 8.1875164426e-09, 1.27609318668e-08, 2.69809175002e-09, 9.70852509496e-10, 1.52645984741e-09, 7.58226148534e-10, 1.21163157285e-09, 3.68921448946e-10, 2.39699121662e-10, 2.12452097581e-10, 1.62212285271e-10, 1.65488553416e-10, 3.16438597547e-10, 2.00046965104e-10, 3.20603543713e-10, 2.0956399116e-10, 1.17759774154e-10, 1.9631198056e-10, 1.92520069331e-10, 9.94726176429e-11, 8.20993273365e-11, 1.00225591715e-10, 1.06303875425e-10, 9.77429734372e-11],
        "max": [0.0686006620526, 0.0651959255338, 0.0156041793525, 0.00482987007126, 0.00573949562386, 0.0153267132118, 0.00860104523599, 0.00192792352755, 0.00378218153492, 0.00528280157596, 0.00275330850855, 0.00135523139033, 0.0012747021392, 0.00195639580488, 0.00103657622822, 0.00101033854298, 0.00106483127456, 0.00169232999906, 0.000632017268799, 0.000318360223901, 0.000510215002578, 0.000353186653228, 0.000514464918524, 0.000203569550649, 0.000134776462801, 0.000113109534141, 9.74758586381e-05, 0.000114278554975, 0.000145843892824, 0.000105316838017, 0.000111662659037, 9.03467516764e-05, 7.11457396392e-05, 0.000188874648302, 0.000254215265159, 0.00013389463129, 0.000132424858748, 0.000139307012432, 8.03798757261e-05, 5.58315368835e-05],
        "mean": [0.00298072723672, 0.00295486627147, 0.00179903814569, 0.000769156031311, 0.000548246724065, 0.000956842442974, 0.000418781855842, 0.000208314522752, 0.000233683007536, 0.00032467165147, 0.000243839764153, 8.71281372383e-05, 6.76244453643e-05, 6.73887698213e-05, 5.90820709476e-05, 6.65745319566e-05, 5.11849066243e-05, 2.68137773674e-05, 2.23053448281e-05, 1.65042201843e-05, 2.53425823757e-05, 1.49198613144e-05, 1.44182076838e-05, 1.0154471056e-05, 9.68505628407e-06, 8.17882119009e-06, 5.89681530982e-06, 5.44678914594e-06, 5.81974200031e-06, 4.78893070976e-06, 5.75806598135e-06, 5.82690017836e-06, 4.37363632955e-06, 5.30438410351e-06, 5.42100451639e-06, 4.52723452327e-06, 4.08049527323e-06, 4.04490810979e-06, 4.39261339125e-06, 4.77430694446e-06],
        "median": [0.000791632570326, 0.000902138534002, 0.00117396842688, 0.000519235210959, 0.000318066624459, 0.000428606261266, 0.000217134875129, 0.000118182098959, 0.000130708926008, 0.000184066986549, 0.000153590619448, 5.02892762597e-05, 3.29500362568e-05, 3.19574028254e-05, 4.29284773418e-05, 4.92895051138e-05, 3.31364572048e-05, 1.21314860735e-05, 1.01262830867e-05, 9.7157271739e-06, 1.21033044707e-05, 7.50642811909e-06, 7.35243929739e-06, 5.42642374057e-06, 4.43184171672e-06, 3.29616545969e-06, 2.31279568652e-06, 1.73815215021e-06, 1.23861605061e-06, 6.64069830236e-07, 9.71421059148e-07, 9.84078837973e-07, 7.98052553819e-07, 7.18991998383e-07, 6.28009331649e-07, 4.52722417776e-07, 4.41143214402e-07, 4.4102196739e-07, 2.58780204376e-07, 1.34724800205e-07],
        "min": [2.71164140031e-06, 1.06351681097e-05, 9.32724105951e-06, 4.79346408611e-06, 1.55479065143e-05, 2.0979274268e-05, 9.94877063931e-06, 2.53560892816e-06, 1.98051270672e-06, 5.26259873368e-06, 3.14422209158e-06, 1.4291010757e-06, 8.13413919332e-07, 5.79832033054e-07, 2.44031093644e-06, 1.34278479891e-06, 3.08409909167e-07, 1.85922999663e-07, 2.7369134159e-07, 2.00698963226e-07, 1.08873365434e-07, 1.4966389017e-07, 3.3041021652e-07, 9.34036847866e-08, 1.12058110346e-07, 4.98485484002e-08, 6.16639326267e-08, 6.02922796133e-08, 1.84727042551e-08, 8.68639737917e-09, 3.60099727814e-09, 1.99961780467e-09, 1.09095554812e-09, 9.64794688585e-10, 5.72968339441e-10, 5.89608917245e-10, 4.51486348307e-10, 2.94183899463e-10, 7.21378304314e-11, 1.96145530373e-12],
