{
"highlevel": {
    "danceability": {
        "all": {
            "danceable": 0.0703267976642,
            "not_danceable": 0.929673194885
        },
        "probability": 0.929673194885,
        "value": "not_danceable"
    },
    "gender": {
        "all": {
            "female": 0.111900113523,
            "male": 0.888099908829
        },
        "probability": 0.888099908829,
        "value": "male"
    },
    "genre_dortmund": {
        "all": {
            "alternative": 0.142506659031,
            "blues": 0.0428515076637,
            "electronic": 0.043347582221,
            "folkcountry": 0.0627035573125,
            "funksoulrnb": 0.0242043752223,
            "jazz": 0.0293627418578,
            "pop": 0.0400699824095,
            "raphiphop": 0.00826575048268,
            "rock": 0.6066878438
        },
        "probability": 0.6066878438,
        "value": "rock"
    },
    "genre_electronic": {
        "all": {
            "ambient": 0.256095439196,
            "dnb": 0.44588008523,
            "house": 0.217678159475,
            "techno": 0.00852563325316,
            "trance": 0.0718206837773
        },
        "probability": 0.44588008523,
        "value": "dnb"
    },
    "genre_rosamerica": {
        "all": {
            "cla": 0.0116264019161,
            "dan": 0.00867650937289,
            "hip": 0.00540924770758,
            "jaz": 0.00210680323653,
            "pop": 0.037447988987,
            "rhy": 0.00776849593967,
            "roc": 0.925941169262,
            "spe": 0.00102341303136
        },
        "probability": 0.925941169262,
        "value": "roc"
    },
    "genre_tzanetakis": {
        "all": {
            "blu": 0.0626613423228,
            "cla": 0.0348169617355,
            "cou": 0.104475811124,
            "dis": 0.0784321576357,
            "hip": 0.15692435205,
            "jaz": 0.313974827528,
            "met": 0.0448166541755,
            "pop": 0.0627359300852,
            "reg": 0.0627360641956,
            "roc": 0.0784258767962
        },
        "probability": 0.313974827528,
        "value": "jaz"
    },
    "ismir04_rhythm": {
        "all": {
            "ChaChaCha": 0.0856602042913,
            "Jive": 0.151722297072,
            "Quickstep": 0.509048759937,
            "Rumba-American": 0.00723703112453,
            "Rumba-International": 0.0156346186996,
            "Rumba-Misc": 0.00877916160971,
            "Samba": 0.156955838203,
            "Tango": 0.0195234976709,
            "VienneseWaltz": 0.0357214994729,
            "Waltz": 0.00971708446741
        },
        "probability": 0.509048759937,
        "value": "Quickstep"
    },
    "mood_acoustic": {
        "all": {
            "acoustic": 0.0257808528841,
            "not_acoustic": 0.974219143391
        },
        "probability": 0.974219143391,
        "value": "not_acoustic"
    },
    "mood_aggressive": {
        "all": {
            "aggressive": 0.885078966618,
            "not_aggressive": 0.114921055734
        },
        "probability": 0.885078966618,
        "value": "aggressive"
    },
    "mood_electronic": {
        "all": {
            "electronic": 0.361585199833,
            "not_electronic": 0.638414800167
        },
        "probability": 0.638414800167,
        "value": "not_electronic"
    },
    "mood_happy": {
        "all": {
            "happy": 0.0379578992724,
            "not_happy": 0.962042093277
        },
        "probability": 0.962042093277,
        "value": "not_happy"
    },
    "mood_party": {
        "all": {
            "not_party": 0.477905839682,
            "party": 0.522094190121
        },
        "probability": 0.522094190121,
        "value": "party"
    },
    "mood_relaxed": {
        "all": {
            "not_relaxed": 0.734856307507,
            "relaxed": 0.265143692493
        },
        "probability": 0.734856307507,
        "value": "not_relaxed"
    },
    "mood_sad": {
        "all": {
            "not_sad": 0.887645483017,
            "sad": 0.112354509532
        },
        "probability": 0.887645483017,
        "value": "not_sad"
    },
    "moods_mirex": {
        "all": {
            "Cluster1": 0.50879240036,
            "Cluster2": 0.204678118229,
            "Cluster3": 0.130561113358,
            "Cluster4": 0.0619758144021,
            "Cluster5": 0.0939925611019
        },
        "probability": 0.50879240036,
        "value": "Cluster1"
    },
    "timbre": {
        "all": {
            "bright": 0.871876001358,
            "dark": 0.12812396884
        },
        "probability": 0.871876001358,
        "value": "bright"
    },
    "tonal_atonal": {
        "all": {
            "atonal": 0.129291921854,
            "tonal": 0.870708048344
        },
        "probability": 0.870708048344,
        "value": "tonal"
    },
    "voice_instrumental": {
        "all": {
            "instrumental": 0.00604523997754,
            "voice": 0.993954777718
        },
        "probability": 0.993954777718,
        "value": "voice"
    }
},
"lowlevel": {
    "average_loudness": 0.977629721165,
    "barkbands_crest": {
        "dmean": 2.68748044968,
        "dmean2": 4.40051555634,
        "dvar": 8.20352363586,
        "dvar2": 23.2603321075,
        "max": 24.1232891083,
        "mean": 7.77296447754,
        "median": 6.9305896759,
        "min": 2.38810825348,
        "var": 14.3792524338
    },
    "barkbands_flatness_db": {
        "dmean": 0.0196023564786,
        "dmean2": 0.0315502285957,
        "dvar": 0.000572470482439,
        "dvar2": 0.00136083003599,
        "max": 0.276262551546,
        "mean": 0.145485892892,
        "median": 0.148428693414,
        "min": 0.0494301356375,
        "var": 0.00217097811401
    },
    "barkbands_kurtosis": {
        "dmean": 2.57152438164,
        "dmean2": 4.29579019547,
        "dvar": 30.2882347107,
        "dvar2": 79.7881622314,
        "max": 64.7652893066,
        "mean": 2.68537378311,
        "median": 0.597159147263,
        "min": -1.84089243412,
        "var": 32.9666213989
    },
    "barkbands_skewness": {
        "dmean": 0.507969796658,
        "dmean2": 0.799311041832,
        "dvar": 0.509285569191,
        "dvar2": 1.26018154621,
        "max": 6.96640110016,
        "mean": 1.21291697025,
        "median": 0.992951512337,
        "min": -0.916655361652,
        "var": 1.05205559731
    },
    "barkbands_spread": {
        "dmean": 4.97987031937,
        "dmean2": 7.65802526474,
        "dvar": 39.4865646362,
        "dvar2": 79.4923019409,
        "max": 69.8149795532,
        "mean": 21.7462654114,
        "median": 20.0314292908,
        "min": 2.80061626434,
        "var": 155.738174438
    },
    "dissonance": {
        "dmean": 0.017842348665,
        "dmean2": 0.0295328162611,
        "dvar": 0.000344010331901,
        "dvar2": 0.000955363386311,
        "max": 0.499997735023,
        "mean": 0.466663241386,
        "median": 0.474054813385,
        "min": 0.31758415699,
        "var": 0.000741538242437
    },
    "dynamic_complexity": 1.37319076061,
    "erbbands_crest": {
        "dmean": 2.28911089897,
        "dmean2": 3.66114616394,
        "dvar": 5.2952542305,
        "dvar2": 12.4544363022,
        "max": 27.9726219177,
        "mean": 7.69169569016,
        "median": 6.62685918808,
        "min": 2.39102506638,
        "var": 14.1778688431
    },
    "erbbands_flatness_db": {
        "dmean": 0.0160869453102,
        "dmean2": 0.0227666124701,
        "dvar": 0.000309397088131,
        "dvar2": 0.000547199568246,
        "max": 0.303657472134,
        "mean": 0.175270304084,
        "median": 0.171875953674,
        "min": 0.05496975407,
        "var": 0.00170753232669
    },
    "erbbands_kurtosis": {
        "dmean": 0.741798579693,
        "dmean2": 1.13936257362,
        "dvar": 1.10301470757,
        "dvar2": 2.66478586197,
        "max": 10.9480400085,
        "mean": 0.271690040827,
        "median": -0.283414363861,
        "min": -1.64092576504,
        "var": 2.81632137299
    },
    "erbbands_skewness": {
        "dmean": 0.316522747278,
        "dmean2": 0.465798795223,
        "dvar": 0.0993710905313,
        "dvar2": 0.210606575012,
        "max": 2.91311764717,
        "mean": 0.33949303627,
        "median": 0.28197568655,
        "min": -2.38936138153,
        "var": 0.481983304024
    },
    "erbbands_spread": {
        "dmean": 6.98193216324,
        "dmean2": 10.6865215302,
        "dvar": 79.4143447876,
        "dvar2": 179.514251709,
        "max": 115.929702759,
        "mean": 34.440952301,
        "median": 32.5400085449,
        "min": 6.99598741531,
        "var": 204.457275391
    },
    "hfc": {
        "dmean": 6.36464881897,
        "dmean2": 9.62288379669,
        "dvar": 62.3473587036,
        "dvar2": 138.87322998,
        "max": 142.580657959,
        "mean": 27.1589336395,
        "median": 21.209608078,
        "min": 1.08681952953,
        "var": 426.657928467
    },
    "melbands_crest": {
        "dmean": 3.08677554131,
        "dmean2": 5.18747234344,
        "dvar": 9.26018619537,
        "dvar2": 22.8296546936,
        "max": 27.1642456055,
        "mean": 10.9570856094,
        "median": 9.84400367737,
        "min": 3.17601442337,
        "var": 23.2098731995
    },
    "melbands_flatness_db": {
        "dmean": 0.0246886797249,
        "dmean2": 0.0386327989399,
        "dvar": 0.000951578025706,
        "dvar2": 0.00210265349597,
        "max": 0.35941812396,
        "mean": 0.180564150214,
        "median": 0.192515090108,
        "min": 0.0308086276054,
        "var": 0.00536147132516
    },
    "melbands_kurtosis": {
        "dmean": 6.4079990387,
        "dmean2": 10.7427282333,
        "dvar": 229.744247437,
        "dvar2": 616.692749023,
        "max": 150.656768799,
        "mean": 8.45985603333,
        "median": 3.76624965668,
        "min": -1.22730588913,
        "var": 221.63130188
    },
    "melbands_skewness": {
        "dmean": 0.696636736393,
        "dmean2": 1.10553216934,
        "dvar": 1.10282278061,
        "dvar2": 2.73737168312,
        "max": 9.70176696777,
        "mean": 2.03345322609,
        "median": 1.66024065018,
        "min": -0.378670305014,
        "var": 1.93277168274
    },
    "melbands_spread": {
        "dmean": 6.64661884308,
        "dmean2": 9.9126663208,
        "dvar": 61.0244903564,
        "dvar2": 119.6460495,
        "max": 115.887542725,
        "mean": 27.1533107758,
        "median": 22.8331604004,
        "min": 1.65476071835,
        "var": 365.389587402
    },
    "pitch_salience": {
        "dmean": 0.0701252147555,
        "dmean2": 0.114344544709,
        "dvar": 0.00531273754314,
        "dvar2": 0.0134806362912,
        "max": 0.854275941849,
        "mean": 0.622312128544,
        "median": 0.641790449619,
        "min": 0.145870894194,
        "var": 0.0106504205614
    },
    "silence_rate_20dB": {
        "dmean": 0,
        "dmean2": 0,
        "dvar": 0,
        "dvar2": 0,
        "max": 1,
        "mean": 1,
        "median": 1,
        "min": 1,
        "var": 0
    },
    "silence_rate_30dB": {
        "dmean": 0.0464396290481,
        "dmean2": 0.0929512009025,
        "dvar": 0.0442824363708,
        "dvar2": 0.104449033737,
        "max": 1,
        "mean": 0.963650405407,
        "median": 1,
        "min": 0,
        "var": 0.0350277684629
    },
    "silence_rate_60dB": {
        "dmean": 0,
        "dmean2": 0,
        "dvar": 0,
        "dvar2": 0,
        "max": 0,
        "mean": 0,
        "median": 0,
        "min": 0,
        "var": 0
    },
    "spectral_centroid": {
        "dmean": 220.972259521,
        "dmean2": 327.006591797,
        "dvar": 64206.3046875,
        "dvar2": 126469.710938,
        "max": 3739.10839844,
        "mean": 1441.18371582,
        "median": 1306.5345459,
        "min": 326.388641357,
        "var": 534630.75
    },
    "spectral_complexity": {
        "dmean": 3.91099071503,
        "dmean2": 6.23702573776,
        "dvar": 15.6074371338,
        "dvar2": 33.4077339172,
        "max": 58,
        "mean": 27.3225059509,
        "median": 28,
        "min": 3,
        "var": 137.092391968
    },
    "spectral_decrease": {
        "dmean": 3.32913119294e-09,
        "dmean2": 5.43112532725e-09,
        "dvar": 4.72037465609e-17,
        "dvar2": 1.16852827285e-16,
        "max": -7.30350668832e-10,
        "mean": -7.9672117792e-09,
        "median": -6.42069641899e-09,
        "min": -5.51118510828e-08,
        "var": 5.02837006322e-17
    },
    "spectral_energy": {
        "dmean": 0.0129389921203,
        "dmean2": 0.0210960824043,
        "dvar": 0.000679828226566,
        "dvar2": 0.00167741836049,
        "max": 0.211185991764,
        "mean": 0.03253351897,
        "median": 0.0267133638263,
        "min": 0.00288138096221,
        "var": 0.000737916503567
    },
    "spectral_energyband_high": {
        "dmean": 0.000466299650725,
        "dmean2": 0.000691590073984,
        "dvar": 7.00686996424e-07,
        "dvar2": 1.38621567203e-06,
        "max": 0.018251940608,
        "mean": 0.00137031578925,
        "median": 0.000389780208934,
        "min": 3.25100722876e-06,
        "var": 4.49940080216e-06
    },
    "spectral_energyband_low": {
        "dmean": 0.00937880575657,
        "dmean2": 0.0158804226667,
        "dvar": 0.0007149791345,
        "dvar2": 0.0018186988309,
        "max": 0.196790903807,
        "mean": 0.0114727960899,
        "median": 0.00327851180919,
        "min": 0.000145518846693,
        "var": 0.000685752311256
    },
    "spectral_energyband_middle_high": {
        "dmean": 0.00225886655971,
        "dmean2": 0.00340992002748,
        "dvar": 8.41491510073e-06,
        "dvar2": 1.7455262423e-05,
        "max": 0.0430784337223,
        "mean": 0.00798562075943,
        "median": 0.00669356621802,
        "min": 0.000138582152431,
        "var": 4.25213693234e-05
    },
    "spectral_energyband_middle_low": {
        "dmean": 0.00468339957297,
        "dmean2": 0.00736809289083,
        "dvar": 3.6735797039e-05,
        "dvar2": 9.06047062017e-05,
        "max": 0.0976830944419,
        "mean": 0.0132646951824,
        "median": 0.011783993803,
        "min": 0.00147637957707,
        "var": 6.3367675466e-05
    },
    "spectral_entropy": {
        "dmean": 0.121888905764,
        "dmean2": 0.180356070399,
        "dvar": 0.0194715093821,
        "dvar2": 0.0387371666729,
        "max": 8.31059265137,
        "mean": 7.59953927994,
        "median": 7.64033508301,
        "min": 6.37260818481,
        "var": 0.150950521231
    },
    "spectral_flux": {
        "dmean": 0.0282012596726,
        "dmean2": 0.0443359464407,
        "dvar": 0.00180667173117,
        "dvar2": 0.00366584653966,
        "max": 0.400731354952,
        "mean": 0.098129235208,
        "median": 0.0827941298485,
        "min": 0.0181149616838,
        "var": 0.00347546092235
    },
    "spectral_kurtosis": {
        "dmean": 1.93024158478,
        "dmean2": 3.32271790504,
        "dvar": 5.95224809647,
        "dvar2": 17.1557483673,
        "max": 27.0634269714,
        "mean": 4.11237859726,
        "median": 3.1478562355,
        "min": -1.07673323154,
        "var": 11.4711990356
    },
    "spectral_rms": {
        "dmean": 0.000942716083955,
        "dmean2": 0.00148966477718,
        "dvar": 1.95700499717e-06,
        "dvar2": 4.55835561297e-06,
        "max": 0.0143539234996,
        "mean": 0.00534874899313,
        "median": 0.00510507775471,
        "min": 0.00167663453612,
        "var": 3.13083523906e-06
    },
    "spectral_rolloff": {
        "dmean": 440.014404297,
        "dmean2": 713.432250977,
        "dvar": 413738.03125,
        "dvar2": 785946,
        "max": 6804.4921875,
        "mean": 1731.15039062,
        "median": 1119.7265625,
        "min": 86.1328125,
        "var": 2039309.875
    },
    "spectral_skewness": {
        "dmean": 0.243103668094,
        "dmean2": 0.395302921534,
        "dvar": 0.0676485151052,
        "dvar2": 0.171558722854,
        "max": 4.40371084213,
        "mean": 1.37351107597,
        "median": 1.24807572365,
        "min": 0.127157732844,
        "var": 0.28011956811
    },
    "spectral_spread": {
        "dmean": 450538.5,
        "dmean2": 643854.875,
        "dvar": 439714054144,
        "dvar2": 828400402432,
        "max": 10077825,
        "mean": 3824758,
        "median": 3756719.5,
        "min": 1735109.125,
        "var": 1.65252982374e+12
    },
    "spectral_strongpeak": {
        "dmean": 0.744415342808,
        "dmean2": 1.28364086151,
        "dvar": 1.99450302124,
        "dvar2": 4.9995136261,
        "max": 22.3301773071,
        "mean": 1.22226309776,
        "median": 0.635593414307,
        "min": 0.0431566312909,
        "var": 3.09270858765
    },
    "zerocrossingrate": {
        "dmean": 0.00960765127093,
        "dmean2": 0.0107009615749,
        "dvar": 0.000109706947114,
        "dvar2": 0.000136327565997,
        "max": 0.2041015625,
        "mean": 0.0630362406373,
        "median": 0.05078125,
        "min": 0.0126953125,
        "var": 0.00139473110903
    },
    "barkbands": {
        "dmean": [0.000196631619474, 0.00710966438055, 0.00324782007374, 0.00137224176433, 0.00168212200515, 0.000848065305036, 0.00161881768145, 0.000991208595224, 0.000902518746443, 0.00101442611776, 0.000661459052935, 0.000577463710215, 0.000390244473238, 0.00025596038904, 0.000282920926111, 0.000320451828884, 0.000352119590389, 0.000188061458175, 0.000152471766341, 0.00028726819437, 0.000105296538095, 0.000229260709602, 7.77512250352e-05, 5.61279812246e-05, 2.70521304628e-05, 1.17867648441e-05, 3.19856718889e-09],
        "dmean2": [0.000341693841619, 0.0128132309765, 0.00590587547049, 0.00231623346917, 0.00277927727439, 0.00132665003184, 0.00263508735225, 0.00153091480024, 0.00137619848829, 0.0015298796352, 0.000956867646892, 0.000873169337865, 0.000597660371568, 0.000408747146139, 0.000449380022474, 0.000518430839293, 0.000580032297876, 0.000310181785608, 0.000255640363321, 0.000460897834273, 0.000172976680915, 0.000352097908035, 0.000123796766275, 8.39476851979e-05, 3.9123082388e-05, 1.90034334082e-05, 5.28146193446e-09],
        "dvar": [2.87838361146e-07, 0.000513582199346, 8.96217170521e-05, 7.42096926842e-06, 5.64128140468e-06, 1.02175749817e-06, 1.10648516056e-05, 3.44955924447e-06, 2.4816563382e-06, 6.23639198238e-06, 1.24554480863e-06, 1.07722769371e-06, 5.76627769533e-07, 2.37619829591e-07, 2.22893945079e-07, 2.2182189241e-07, 2.79167352346e-07, 6.94586148597e-08, 4.29835438354e-08, 3.76035131922e-07, 5.01920673912e-08, 2.76022177559e-07, 2.50078073805e-08, 1.32583153345e-08, 4.82012252334e-09, 1.85782345064e-09, 1.2160287688e-15],
        "dvar2": [8.61505839111e-07, 0.00140644947533, 0.000269732670859, 1.89800157386e-05, 1.4660634406e-05, 2.57445594798e-06, 2.77278086287e-05, 7.90731155575e-06, 4.85002192363e-06, 1.54811623361e-05, 2.24967152462e-06, 2.33114246839e-06, 1.15013324375e-06, 4.75651717124e-07, 5.02529019286e-07, 5.73813395022e-07, 7.34537934477e-07, 1.7997568591e-07, 1.16784065085e-07, 1.00168904282e-06, 1.21404994502e-07, 6.28040822903e-07, 5.74440797152e-08, 2.65633861574e-08, 1.03827320075e-08, 4.95607155315e-09, 2.29345033667e-15],
        "max": [0.0056648440659, 0.171964883804, 0.0966674759984, 0.0204846188426, 0.0272983908653, 0.0144484927878, 0.0356850028038, 0.02881921269, 0.0329509750009, 0.0620886459947, 0.0171153713018, 0.0246151965111, 0.016867665574, 0.010805780068, 0.0105686541647, 0.0045943306759, 0.00702748494223, 0.00317233544774, 0.00227510510013, 0.0106048667803, 0.00459523592144, 0.011469123885, 0.00363560230471, 0.00187029328663, 0.00131942750886, 0.000583117594942, 9.23910988604e-07],
        "mean": [0.000202308496227, 0.00654529267922, 0.0034648028668, 0.00197403528728, 0.0029939590022, 0.00199108500965, 0.00245079211891, 0.00160847743973, 0.00162472983357, 0.00191830110271, 0.00122072547674, 0.00110234890599, 0.00067662022775, 0.000436053349404, 0.000536325154826, 0.000643278413918, 0.000723774603102, 0.000404789840104, 0.000331865914632, 0.000610606744885, 0.000232925041928, 0.000452260137536, 0.000189802434761, 0.000132404646138, 5.15802239534e-05, 1.43652650877e-05, 2.48369036449e-09],
        "median": [5.74426394451e-06, 0.000975840317551, 0.00146564538591, 0.000710688298568, 0.00229208241217, 0.00142512307502, 0.00123565958347, 0.000917917990591, 0.0010480809724, 0.00111109600402, 0.000640046433546, 0.000566832954064, 0.000342552229995, 0.000236121835769, 0.000305355119053, 0.00047094054753, 0.000551235920284, 0.000283765606582, 0.000232605001656, 0.000226867690799, 0.000118654570542, 6.10378483543e-05, 3.46678389178e-05, 3.4802724258e-05, 1.26436634673e-05, 1.6398405478e-06, 4.36633951217e-10],
        "min": [1.46126488687e-09, 4.29126475865e-06, 1.45988087752e-05, 4.23597748522e-06, 0.000126836603158, 6.13755109953e-05, 3.34748438036e-05, 2.51934488915e-05, 1.37342140079e-05, 1.21731018226e-05, 5.24165443494e-06, 5.85625912208e-06, 2.74242393061e-06, 1.77484741926e-06, 1.3944222701e-06, 1.80977747277e-06, 3.09929623654e-06, 1.59075477768e-06, 2.1271866899e-06, 1.19676758459e-06, 9.63398292697e-07, 4.88686566769e-07, 3.17710913578e-07, 1.69242895254e-07, 4.22029806657e-08, 3.08826540729e-11, 1.24203182461e-11],
        "var": [3.20563174228e-07, 0.000394226721255, 5.92983597016e-05, 9.89698037301e-06, 7.26701591702e-06, 3.34469632435e-06, 1.46992706505e-05, 5.01082786286e-06, 4.5936862989e-06, 9.93849880615e-06, 3.53816903953e-06, 2.40507483795e-06, 1.44771911437e-06, 5.64473111808e-07, 6.85964550939e-07, 4.68157651312e-07, 5.9529088503e-07, 1.94069926351e-07, 1.10295168554e-07, 1.02616866116e-06, 1.01762871907e-07, 9.23649849938e-07, 1.22274471437e-07, 5.19869871596e-08, 1.02309067884e-08, 1.53518942003e-09, 9.54306917167e-16]
    },
    "erbbands": {
        "dmean": [0.169541805983, 1.76228523254, 3.72995710373, 4.15962076187, 4.60598134995, 6.26595544815, 6.33867120743, 7.05823087692, 17.9644432068, 25.7806720734, 18.066986084, 21.5184822083, 26.1426906586, 29.1746921539, 26.0819587708, 19.4906139374, 18.1266536713, 12.3403425217, 11.4393024445, 16.3620376587, 19.1954460144, 18.0646038055, 10.2752990723, 8.16147327423, 7.35883378983, 16.1056098938, 4.97271108627, 5.76659011841, 9.05632209778, 2.56374359131, 2.25990128517, 1.53582310677, 0.816725432873, 0.392913401127, 0.145654216409, 0.0667876079679, 0.0189530681819, 0.00107892171945, 2.61640034296e-05, 1.5151322259e-05],
        "dmean2": [0.299039870501, 3.15021204948, 6.7592663765, 7.16358137131, 7.75571775436, 10.2908754349, 10.0832242966, 11.2172460556, 28.8896255493, 42.4357833862, 27.6143436432, 32.5790939331, 40.044380188, 43.8227958679, 38.125038147, 29.7895927429, 27.5567569733, 19.4222068787, 17.9561576843, 25.5733222961, 30.9160289764, 29.5745334625, 16.630355835, 13.478427887, 12.2406768799, 25.9862232208, 8.16588687897, 9.05402469635, 14.078081131, 4.14246225357, 3.51760077477, 2.24740767479, 1.23820054531, 0.567610025406, 0.214256897569, 0.106320001185, 0.0310854632407, 0.00171069835778, 4.09155873058e-05, 2.47175557888e-05],
        "dvar": [0.226529613137, 33.4635734558, 135.243453979, 83.8122329712, 64.9758911133, 79.587272644, 66.576461792, 74.8585281372, 977.633911133, 3734.96557617, 685.857910156, 1280.98876953, 9880.43457031, 2266.73706055, 1532.38818359, 1662.9564209, 1258.53369141, 530.137390137, 417.613189697, 681.766174316, 831.307189941, 615.771362305, 197.376663208, 135.037384033, 128.438583374, 1336.7166748, 66.0208587646, 164.895690918, 450.431640625, 24.7301330566, 24.6023254395, 9.50439357758, 2.9893758297, 0.975042283535, 0.123991057277, 0.0578627176583, 0.00469675427303, 1.26857066789e-05, 5.5662989773e-09, 7.9386408558e-10],
        "dvar2": [0.656834363937, 91.8663864136, 387.462738037, 233.492492676, 169.766799927, 207.34375, 175.913742065, 183.313873291, 2378.24121094, 9346.21386719, 1389.85461426, 2821.95361328, 24811.1367188, 4348.69433594, 2901.34960938, 3655.49414062, 2461.51757812, 1098.58874512, 889.489440918, 1521.50305176, 2217.2109375, 1594.27416992, 481.583984375, 355.208526611, 353.502807617, 3592.69897461, 160.391708374, 393.271606445, 1035.88317871, 56.8041000366, 55.6455039978, 18.3812656403, 6.39419841766, 2.05610084534, 0.283346027136, 0.15279519558, 0.0125897983089, 3.23536696669e-05, 1.4353563671e-08, 1.9390995476e-09],
        "max": [3.58636379242, 44.8261909485, 104.609169006, 92.1068496704, 121.665847778, 91.2191925049, 139.506500244, 118.361450195, 396.95904541, 869.762756348, 424.500091553, 853.533203125, 2835.52148438, 728.975219727, 627.856323242, 1186.95703125, 825.226806641, 570.381958008, 388.464141846, 639.185302734, 346.628265381, 309.090362549, 212.141815186, 149.927185059, 218.962005615, 657.809509277, 86.6076889038, 215.934005737, 466.816101074, 90.0196075439, 116.649383545, 51.6220359802, 29.6106967926, 19.5025348663, 4.90817737579, 3.05206370354, 0.985788166523, 0.0515319816768, 0.00109099620022, 0.000234487728449],
        "mean": [0.152509987354, 1.58811247349, 3.91144323349, 6.21629238129, 7.03108215332, 10.4750614166, 14.5800218582, 15.6182603836, 30.2527637482, 39.420249939, 33.3595657349, 38.9804344177, 50.0961227417, 56.828742981, 55.5414733887, 38.9550933838, 33.6753578186, 22.4753894806, 21.8038864136, 33.2538948059, 41.2972450256, 39.9648361206, 24.2279129028, 18.9131565094, 16.7643165588, 32.9002151489, 12.2041397095, 12.4160852432, 17.268655777, 6.64309310913, 5.32693147659, 3.70663928986, 1.78984594345, 0.756238400936, 0.277679622173, 0.0905283764005, 0.0223311427981, 0.00114579219371, 4.80974267703e-05, 4.2179999582e-05],
        "median": [0.0123226810247, 0.281866580248, 1.48325276375, 2.71523213387, 4.31501722336, 7.30766868591, 10.46829319, 10.7687950134, 16.8299503326, 19.3083896637, 23.0878715515, 25.0588245392, 31.0780963898, 32.7628974915, 37.0636901855, 22.8899097443, 17.5911598206, 13.3669757843, 13.0575609207, 22.6927928925, 31.0698242188, 31.0963573456, 18.4963283539, 11.671582222, 11.7414474487, 10.7007989883, 7.04590559006, 3.2730178833, 2.41686654091, 1.16457164288, 0.87488758564, 0.827089190483, 0.498854190111, 0.185789197683, 0.0649598911405, 0.0132454475388, 0.00209415052086, 8.28229676699e-05, 2.33395512623e-05, 3.5617260437e-05],
        "min": [0.000223401002586, 0.00347962416708, 0.0283397585154, 0.0767363384366, 0.104081235826, 0.543235182762, 0.452427178621, 0.490269362926, 0.710300028324, 1.17704355717, 0.465701907873, 0.358890414238, 0.576445579529, 0.303863376379, 0.406777203083, 0.276104003191, 0.15850867331, 0.101750589907, 0.0859357863665, 0.0811043679714, 0.166326627135, 0.187653630972, 0.136105000973, 0.0887161940336, 0.0863891020417, 0.057577136904, 0.0466238893569, 0.0367726646364, 0.0210823304951, 0.0175469703972, 0.00724386610091, 0.00466004712507, 0.00230954703875, 0.000403325830121, 0.000128562751343, 4.10895299865e-05, 8.42135068524e-06, 1.16211504064e-06, 1.50846665292e-06, 3.26947838403e-06],
        "var": [0.182869568467, 24.7808837891, 96.0703430176, 94.6989746094, 77.8850784302, 103.877250671, 206.400939941, 218.287094116, 1500.73059082, 5504.28515625, 1306.7253418, 2278.4753418, 11877.9248047, 5643.23095703, 4233.52636719, 3111.53662109, 3438.97021484, 1144.44824219, 918.166748047, 2372.06274414, 1912.94372559, 1639.8704834, 609.565185547, 421.06439209, 318.353668213, 3475.47338867, 204.361709595, 449.724914551, 1402.55358887, 122.507019043, 105.715713501, 43.417514801, 9.71265792847, 2.13685894012, 0.280856728554, 0.0528503842652, 0.00374658661895, 1.08145432023e-05, 5.47169509701e-09, 9.65809654474e-10]
    },
    "gfcc": {
        "mean": [15.7603969574, 117.142036438, -142.350219727, 36.364982605, -70.0450897217, 8.41070270538, -32.0164527893, 6.20597028732, -21.4128608704, -6.85238647461, -13.4697647095, -4.31668376923, -5.05076932907],
        "cov": [[2507.73657227, -1741.45166016, -243.618972778, 177.975692749, -246.988754272, 420.376495361, -215.426712036, 156.085678101, -184.007873535, 193.044631958, -268.40536499, 260.153747559, -73.2604751587], [-1741.45166016, 2101.27636719, -178.04107666, -75.8726501465, 606.628417969, -470.412628174, 484.396484375, -210.458007812, 274.692626953, -181.089935303, 241.269332886, -172.617736816, 160.835845947], [-243.618972778, -178.04107666, 808.199279785, 44.5474052429, -88.1419525146, 195.403121948, -133.896118164, 139.004089355, -56.8779220581, 56.8471794128, 2.60047292709, -47.7504348755, -106.086654663], [177.975692749, -75.8726501465, 44.5474052429, 286.821533203, 85.4949798584, 63.2829971313, 92.5035705566, 13.2822856903, 39.0988311768, 16.6324367523, -13.3835077286, 45.7694778442, 39.8625946045], [-246.988754272, 606.628417969, -88.1419525146, 85.4949798584, 434.72479248, -110.508827209, 238.596237183, -32.6085968018, 111.382728577, -4.74634695053, 21.0427646637, 20.1812076569, 55.2748031616], [420.376495361, -470.412628174, 195.403121948, 63.2829971313, -110.508827209, 261.44631958, -70.9327774048, 82.7199325562, -62.9043884277, 52.0578689575, -33.1110725403, 31.6457042694, -41.9402618408], [-215.426712036, 484.396484375, -133.896118164, 92.5035705566, 238.596237183, -70.9327774048, 299.877746582, -44.0641288757, 70.4958572388, -20.6211490631, 41.0447731018, 23.3795032501, 58.4590148926], [156.085678101, -210.458007812, 139.004089355, 13.2822856903, -32.6085968018, 82.7199325562, -44.0641288757, 114.105430603, -4.72864961624, 36.056186676, -17.5598640442, 6.88069105148, -25.2183494568], [-184.007873535, 274.692626953, -56.8779220581, 39.0988311768, 111.382728577, -62.9043884277, 70.4958572388, -4.72864961624, 111.857818604, -9.85534667969, 27.4723358154, -16.6928901672, 41.4237632751], [193.044631958, -181.089935303, 56.8471794128, 16.6324367523, -4.74634695053, 52.0578689575, -20.6211490631, 36.056186676, -9.85534667969, 77.6946563721, -7.24108409882, 18.7091503143, -26.9933452606], [-268.40536499, 241.269332886, 2.60047292709, -13.3835077286, 21.0427646637, -33.1110725403, 41.0447731018, -17.5598640442, 27.4723358154, -7.24108409882, 100.411514282, -36.852355957, 18.464466095], [260.153747559, -172.617736816, -47.7504348755, 45.7694778442, 20.1812076569, 31.6457042694, 23.3795032501, 6.88069105148, -16.6928901672, 18.7091503143, -36.852355957, 110.174659729, 23.0314064026], [-73.2604751587, 160.835845947, -106.086654663, 39.8625946045, 55.2748031616, -41.9402618408, 58.4590148926, -25.2183494568, 41.4237632751, -26.9933452606, 18.464466095, 23.0314064026, 83.420501709]],
        "icov": [[0.0018419198459, 0.000699274649378, 0.0014227690408, -0.000593217206188, -0.000482529052533, -0.00156495848205, 0.000407173414715, -0.000754706619773, 0.000704873062205, -0.0017673013499, 0.00165489758365, -0.00100933376234, 0.000372123235138], [0.000699274649378, 0.0106225116178, -0.00391575694084, 0.00584652181715, -0.00735281780362, 0.00540063576773, -0.00799921713769, 0.0072601637803, -0.00701434025541, 0.00948608014733, -0.00840004533529, 0.00766746466979, -0.00595707120374], [0.0014227690408, -0.00391575694084, 0.00515252677724, -0.00378521764651, 0.00213801115751, -0.00456927949563, 0.00463786814362, -0.00558887561783, 0.00430172402412, -0.00517442263663, 0.0040227426216, -0.00352646806277, 0.00477964617312], [-0.000593217206188, 0.00584652181715, -0.00378521764651, 0.00907174963504, -0.00401617167518, 0.00218037399463, -0.00646524270996, 0.00563433906063, -0.006425218191, 0.00550348078832, -0.00428915582597, 0.00423421896994, -0.00619876617566], [-0.000482529052533, -0.00735281780362, 0.00213801115751, -0.00401617167518, 0.0103341955692, -0.00240881112404, 0.00195448310114, -0.00460619851947, 0.00178464385681, -0.00797032378614, 0.00721497600898, -0.00594392605126, 0.00414880132303], [-0.00156495848205, 0.00540063576773, -0.00456927949563, 0.00218037399463, -0.00240881112404, 0.0123840905726, -0.0053817788139, 0.00182240642607, -0.00204440183006, 0.00543943280354, -0.00635768286884, 0.00457018055022, -0.00357419834472], [0.000407173414715, -0.00799921713769, 0.00463786814362, -0.00646524270996, 0.00195448310114, -0.0053817788139, 0.01404334791, -0.00564778549597, 0.0061154300347, -0.00674448208883, 0.00446379836649, -0.00774971861392, 0.00515074608847], [-0.000754706619773, 0.0072601637803, -0.00558887561783, 0.00563433906063, -0.00460619851947, 0.00182240642607, -0.00564778549597, 0.0205634851009, -0.00969058368355, 0.00455348100513, -0.00527354329824, 0.00554199051112, -0.00439510401338], [0.000704873062205, -0.00701434025541, 0.00430172402412, -0.006425218191, 0.00178464385681, -0.00204440183006, 0.0061154300347, -0.00969058368355, 0.0229609813541, -0.0092450780794, 0.00548959290609, -0.00124858063646, -0.00200531887822], [-0.0017673013499, 0.00948608014733, -0.00517442263663, 0.00550348078832, -0.00797032378614, 0.00543943280354, -0.00674448208883, 0.00455348100513, -0.0092450780794, 0.0311375036836, -0.0137315355241, 0.00391600932926, 0.00169174873736], [0.00165489758365, -0.00840004533529, 0.0040227426216, -0.00428915582597, 0.00721497600898, -0.00635768286884, 0.00446379836649, -0.00527354329824, 0.00548959290609, -0.0137315355241, 0.024064892903, -0.00250873016194, 0.000311543379212], [-0.00100933376234, 0.00766746466979, -0.00352646806277, 0.00423421896994, -0.00594392605126, 0.00457018055022, -0.00774971861392, 0.00554199051112, -0.00124858063646, 0.00391600932926, -0.00250873016194, 0.0221833381802, -0.0125171262771], [0.000372123235138, -0.00595707120374, 0.00477964617312, -0.00619876617566, 0.00414880132303, -0.00357419834472, 0.00515074608847, -0.00439510401338, -0.00200531887822, 0.00169174873736, 0.000311543379212, -0.0125171262771, 0.0282859075814]]
    },
    "melbands": {
        "dmean": [0.00177414843347, 0.00202827272005, 0.000701250100974, 0.000400978839025, 0.000222780246986, 0.000163528835401, 0.000292510987492, 0.000272683362709, 0.000143553013913, 0.000132126035169, 0.000132353728986, 0.000123790523503, 9.57869997364e-05, 7.2325768997e-05, 4.35257643403e-05, 3.28838905261e-05, 2.47895659413e-05, 1.94847798412e-05, 2.1798778107e-05, 2.11767310248e-05, 2.45999508479e-05, 2.1522759198e-05, 1.43039069371e-05, 9.20304864849e-06, 7.22434424461e-06, 5.72427234147e-06, 8.54885547596e-06, 1.08664798972e-05, 4.06344997828e-06, 2.55974964603e-06, 4.30191357736e-06, 7.3925380093e-06, 2.19388471123e-06, 1.45561091358e-06, 1.45884143876e-06, 1.30458852254e-06, 9.15167504445e-07, 6.92210164743e-07, 4.56840496099e-07, 2.97744492173e-07],
        "dmean2": [0.0031674313359, 0.00357506377622, 0.00120018282905, 0.000658867880702, 0.00036060938146, 0.000257983920164, 0.000471066916361, 0.000443718454335, 0.000214361542021, 0.000199765039724, 0.000202030016226, 0.000186174293049, 0.000139584764838, 0.00010925281822, 6.68783250148e-05, 5.1577888371e-05, 3.93627924495e-05, 3.0431054256e-05, 3.47949899151e-05, 3.31705086865e-05, 4.00866156269e-05, 3.57692224497e-05, 2.31101748795e-05, 1.52898301167e-05, 1.19470969366e-05, 9.72740872385e-06, 1.42278677231e-05, 1.73914650077e-05, 6.70659392199e-06, 4.19742400481e-06, 6.76730724081e-06, 1.15281827675e-05, 3.51509424945e-06, 2.38966322286e-06, 2.28668841373e-06, 2.00139356821e-06, 1.3963915535e-06, 1.08651056507e-06, 6.73562340125e-07, 4.43418485929e-07],
        "dvar": [2.91144933726e-05, 3.98821903218e-05, 2.19943740376e-06, 3.80163385216e-07, 7.22536910303e-08, 3.95849362178e-08, 2.82547745201e-07, 3.60903356977e-07, 4.49111006162e-08, 5.86625716892e-08, 2.35898028222e-07, 4.28036841527e-08, 2.59632919608e-08, 1.35960460668e-08, 9.55750589782e-09, 3.25527116374e-09, 2.42584419219e-09, 1.41385003705e-09, 1.37946276624e-09, 1.12618836479e-09, 1.58426527452e-09, 9.55043488737e-10, 4.47250098068e-10, 2.19067847196e-10, 1.11548381643e-10, 6.17167497663e-11, 3.66929070461e-10, 5.52369872064e-10, 4.30605794077e-11, 3.53035552181e-11, 9.68679927937e-11, 3.37638000891e-10, 1.80922291038e-11, 8.4405364642e-12, 1.11858950921e-11, 6.74284152818e-12, 3.864328562e-12, 2.01389252497e-12, 1.81918802938e-12, 5.29620835035e-13],
        "dvar2": [8.10555648059e-05, 0.000107568979729, 6.10836968917e-06, 9.74872591541e-07, 1.91380024717e-07, 9.58158707931e-08, 6.98840779023e-07, 8.9726393071e-07, 9.02601726693e-08, 1.21591028801e-07, 5.89392527672e-07, 8.05783315627e-08, 4.78202188958e-08, 2.75997589227e-08, 2.06576658002e-08, 7.00643099094e-09, 4.88367746243e-09, 2.92741586527e-09, 3.00962677002e-09, 2.71020694775e-09, 4.31068603035e-09, 2.52892795594e-09, 1.06670539068e-09, 5.85663351149e-10, 2.97819574557e-10, 1.72174566271e-10, 1.02344654973e-09, 1.45886946967e-09, 1.09813880211e-10, 7.71636504693e-11, 2.37270647574e-10, 7.65770058475e-10, 4.57789813002e-11, 2.14013060745e-11, 2.60151084702e-11, 1.4813414384e-11, 8.04724255982e-12, 4.8953150561e-12, 4.04399604081e-12, 1.1364789318e-12],
        "max": [0.0395862236619, 0.0465666614473, 0.014837984927, 0.00707412092015, 0.00386094744317, 0.00267490348779, 0.00681274756789, 0.00784642901272, 0.00374855240807, 0.0059348247014, 0.0139868268743, 0.00319969211705, 0.0023910603486, 0.0017803250812, 0.00230031111278, 0.00104348827153, 0.00130886270199, 0.000698583608028, 0.000876606849488, 0.00062277080724, 0.00054741447093, 0.000437759794295, 0.000390797446016, 0.000171942796442, 0.000134620175231, 8.60588188516e-05, 0.000391690293327, 0.00041531509487, 7.2344642831e-05, 0.000127417210024, 0.000144431003719, 0.00040925774374, 5.44234681001e-05, 5.53795216547e-05, 7.80160553404e-05, 5.01825452375e-05, 3.61248676199e-05, 1.9350909497e-05, 3.5357017623e-05, 9.36884498515e-06],
        "mean": [0.00163485109806, 0.00215466786176, 0.0010615499923, 0.000658432603814, 0.000500144902617, 0.00036438452662, 0.000476819928735, 0.000419086107286, 0.000273220153758, 0.000236061518081, 0.000249491626164, 0.000232871912885, 0.000192041057744, 0.000140387171996, 7.76040906203e-05, 5.89322589803e-05, 4.12604349549e-05, 3.31967530656e-05, 4.17440314777e-05, 4.2506675527e-05, 4.92382496304e-05, 4.39573195763e-05, 2.83673271042e-05, 1.82526582648e-05, 1.50934520207e-05, 1.16518449431e-05, 1.59046321642e-05, 2.25380463235e-05, 8.28790689411e-06, 5.31162004336e-06, 8.28942575026e-06, 1.25434744405e-05, 4.81691404275e-06, 3.1943175145e-06, 3.08146331918e-06, 2.91205651592e-06, 2.00307454179e-06, 1.44914849898e-06, 7.87008900716e-07, 5.54313999146e-07],
        "median": [0.000196645109099, 0.00069338385947, 0.000498470035382, 0.000453558692243, 0.000370100897271, 0.000251394521911, 0.000259644788457, 0.000211672711885, 0.000185797412996, 0.000149653074914, 0.000153196335305, 0.000129588297568, 0.000116887618788, 7.2324910434e-05, 3.64229090337e-05, 3.2663840102e-05, 2.19205521717e-05, 1.79784419743e-05, 2.47216994467e-05, 3.17591548082e-05, 3.4131368011e-05, 3.2590211049e-05, 2.08684232348e-05, 1.13190008051e-05, 9.16433509701e-06, 8.40629763843e-06, 8.16234296508e-06, 6.42155646347e-06, 5.01093654748e-06, 2.35352558775e-06, 1.60868296462e-06, 1.44759553677e-06, 9.3821779501e-07, 6.75485694046e-07, 4.76491720747e-07, 4.54488429114e-07, 4.92088815918e-07, 3.76900032961e-07, 1.89665300354e-07, 1.30945778665e-07],
        "min": [1.37416282087e-06, 7.92499940871e-06, 2.52752179222e-05, 7.88734723756e-06, 1.59699084179e-05, 8.05189120001e-06, 6.18787544227e-06, 9.79358264885e-06, 2.25174494517e-06, 2.14376768781e-06, 2.17637034439e-06, 1.22088749777e-06, 1.01350815385e-06, 8.2716576344e-07, 3.52129944758e-07, 2.62886175051e-07, 1.64513238587e-07, 1.16522230087e-07, 9.6565138108e-08, 1.10306203283e-07, 8.68918590413e-08, 1.26646028775e-07, 2.00174611109e-07, 5.81016372792e-08, 4.7457366037e-08, 8.41634602011e-08, 5.36326645317e-08, 2.83967587222e-08, 3.10599368447e-08, 1.73361023315e-08, 1.55622750242e-08, 9.42531119819e-09, 1.00347143928e-08, 7.8919937252e-09, 3.33791216889e-09, 2.32035413106e-09, 2.7411322101e-09, 1.04002506607e-09, 4.92619223191e-10, 1.91511834169e-10],
