{
"highlevel": {
    "danceability": {
        "all": {
            "danceable": 0.0714892596006,
            "not_danceable": 0.928510725498
        },
        "probability": 0.928510725498,
        "value": "not_danceable"
    },
    "gender": {
        "all": {
            "female": 0.186853080988,
            "male": 0.813146948814
        },
        "probability": 0.813146948814,
        "value": "male"
    },
    "genre_dortmund": {
        "all": {
            "alternative": 0.328820168972,
            "blues": 0.00859120860696,
            "electronic": 0.00954349152744,
            "folkcountry": 0.101021431386,
            "funksoulrnb": 0.000931052316446,
            "jazz": 0.00466745719314,
            "pop": 0.0479686483741,
            "raphiphop": 0.00095500407042,
            "rock": 0.497501552105
        },
        "probability": 0.497501552105,
        "value": "rock"
    },
    "genre_electronic": {
        "all": {
            "ambient": 0.306683391333,
            "dnb": 0.136687174439,
            "house": 0.162266984582,
            "techno": 0.0177766531706,
            "trance": 0.376585811377
        },
        "probability": 0.376585811377,
        "value": "trance"
    },
    "genre_rosamerica": {
        "all": {
            "cla": 0.00130121456459,
            "dan": 0.00718177296221,
            "hip": 0.00198927661404,
            "jaz": 0.00124249130022,
            "pop": 0.0384436137974,
            "rhy": 0.0108486777171,
            "roc": 0.938545048237,
            "spe": 0.000447906757472
        },
        "probability": 0.938545048237,
        "value": "roc"
    },
    "genre_tzanetakis": {
        "all": {
            "blu": 0.0626613423228,
            "cla": 0.0348169617355,
            "cou": 0.104475811124,
            "dis": 0.0784321576357,
            "hip": 0.15692435205,
            "jaz": 0.313974827528,
            "met": 0.0448166541755,
            "pop": 0.0627359300852,
            "reg": 0.0627360641956,
            "roc": 0.0784258767962
        },
        "probability": 0.313974827528,
        "value": "jaz"
    },
    "ismir04_rhythm": {
        "all": {
            "ChaChaCha": 0.0144355855882,
            "Jive": 0.532520115376,
            "Quickstep": 0.00870825722814,
            "Rumba-American": 0.00545985857025,
            "Rumba-International": 0.0733785331249,
            "Rumba-Misc": 0.013410278596,
            "Samba": 0.0315284430981,
            "Tango": 0.0177048351616,
            "VienneseWaltz": 0.287871450186,
            "Waltz": 0.0149826742709
        },
        "probability": 0.532520115376,
        "value": "Jive"
    },
    "mood_acoustic": {
        "all": {
            "acoustic": 0.193695127964,
            "not_acoustic": 0.806304872036
        },
        "probability": 0.806304872036,
        "value": "not_acoustic"
    },
    "mood_aggressive": {
        "all": {
            "aggressive": 0.689469754696,
            "not_aggressive": 0.310530215502
        },
        "probability": 0.689469754696,
        "value": "aggressive"
    },
    "mood_electronic": {
        "all": {
            "electronic": 0.190104216337,
            "not_electronic": 0.80989575386
        },
        "probability": 0.80989575386,
        "value": "not_electronic"
    },
    "mood_happy": {
        "all": {
            "happy": 0.576890170574,
            "not_happy": 0.423109829426
        },
        "probability": 0.576890170574,
        "value": "happy"
    },
    "mood_party": {
        "all": {
            "not_party": 0.756393611431,
            "party": 0.243606388569
        },
        "probability": 0.756393611431,
        "value": "not_party"
    },
    "mood_relaxed": {
        "all": {
            "not_relaxed": 0.566186547279,
            "relaxed": 0.433813452721
        },
        "probability": 0.566186547279,
        "value": "not_relaxed"
    },
    "mood_sad": {
        "all": {
            "not_sad": 0.627219438553,
            "sad": 0.372780531645
        },
        "probability": 0.627219438553,
        "value": "not_sad"
    },
    "moods_mirex": {
        "all": {
            "Cluster1": 0.483301520348,
            "Cluster2": 0.156749129295,
            "Cluster3": 0.204014495015,
            "Cluster4": 0.0461025834084,
            "Cluster5": 0.109832257032
        },
        "probability": 0.483301520348,
        "value": "Cluster1"
    },
    "timbre": {
        "all": {
            "bright": 0.984632194042,
            "dark": 0.0153677985072
        },
        "probability": 0.984632194042,
        "value": "bright"
    },
    "tonal_atonal": {
        "all": {
            "atonal": 0.000562546541914,
            "tonal": 0.999437451363
        },
        "probability": 0.999437451363,
        "value": "tonal"
    },
    "voice_instrumental": {
        "all": {
            "instrumental": 0.000558684638236,
            "voice": 0.999441325665
        },
        "probability": 0.999441325665,
        "value": "voice"
    }
},
"lowlevel": {
    "average_loudness": 0.980101168156,
    "barkbands_crest": {
        "dmean": 2.42176485062,
        "dmean2": 3.88854289055,
        "dvar": 4.62502670288,
        "dvar2": 11.6111745834,
        "max": 21.8156166077,
        "mean": 9.56731700897,
        "median": 8.77858734131,
        "min": 2.342867136,
        "var": 12.0889978409
    },
    "barkbands_flatness_db": {
        "dmean": 0.0196037311107,
        "dmean2": 0.0303188413382,
        "dvar": 0.000271023716778,
        "dvar2": 0.000615119526628,
        "max": 0.271922200918,
        "mean": 0.150070354342,
        "median": 0.149899661541,
        "min": 0.0600901395082,
        "var": 0.00113970693201
    },
    "barkbands_kurtosis": {
        "dmean": 2.31021857262,
        "dmean2": 3.69202661514,
        "dvar": 9.88391208649,
        "dvar2": 23.2751731873,
        "max": 36.28074646,
        "mean": 2.90406060219,
        "median": 1.64404535294,
        "min": -1.73836410046,
        "var": 19.1096115112
    },
    "barkbands_skewness": {
        "dmean": 0.526892483234,
        "dmean2": 0.797548890114,
        "dvar": 0.248963937163,
        "dvar2": 0.535145163536,
        "max": 5.68031787872,
        "mean": 1.5126478672,
        "median": 1.40145337582,
        "min": -1.13770413399,
        "var": 0.869569122791
    },
    "barkbands_spread": {
        "dmean": 5.32737016678,
        "dmean2": 8.19103527069,
        "dvar": 40.1746330261,
        "dvar2": 71.9180221558,
        "max": 91.286567688,
        "mean": 22.3200054169,
        "median": 19.5686779022,
        "min": 3.70832324028,
        "var": 155.604415894
    },
    "dissonance": {
        "dmean": 0.0194695983082,
        "dmean2": 0.0330223217607,
        "dvar": 0.000331032846589,
        "dvar2": 0.000946240848862,
        "max": 0.499965280294,
        "mean": 0.463244527578,
        "median": 0.469800442457,
        "min": 0.339261382818,
        "var": 0.000692187633831
    },
    "dynamic_complexity": 1.07809972763,
    "erbbands_crest": {
        "dmean": 2.64540863037,
        "dmean2": 4.16834068298,
        "dvar": 5.21507263184,
        "dvar2": 12.1244878769,
        "max": 27.1626548767,
        "mean": 9.12959671021,
        "median": 8.15853309631,
        "min": 2.39740848541,
        "var": 18.4000530243
    },
    "erbbands_flatness_db": {
        "dmean": 0.0172679573298,
        "dmean2": 0.0240346621722,
        "dvar": 0.000237880274653,
        "dvar2": 0.000422614713898,
        "max": 0.297563940287,
        "mean": 0.159714400768,
        "median": 0.158237308264,
        "min": 0.0660260543227,
        "var": 0.00128073932137
    },
    "erbbands_kurtosis": {
        "dmean": 0.736427128315,
        "dmean2": 1.13472497463,
        "dvar": 0.758034169674,
        "dvar2": 1.71609890461,
        "max": 11.857881546,
        "mean": 0.296052336693,
        "median": -0.187187433243,
        "min": -1.59742200375,
        "var": 2.47061562538
    },
    "erbbands_skewness": {
        "dmean": 0.324737399817,
        "dmean2": 0.491827428341,
        "dvar": 0.0780883356929,
        "dvar2": 0.162062987685,
        "max": 2.80582070351,
        "mean": 0.080563262105,
        "median": 0.0517386496067,
        "min": -2.53966593742,
        "var": 0.444648563862
    },
    "erbbands_spread": {
        "dmean": 8.26909446716,
        "dmean2": 12.0365257263,
        "dvar": 60.9543037415,
        "dvar2": 127.12828064,
        "max": 115.558944702,
        "mean": 40.0819740295,
        "median": 37.6315498352,
        "min": 7.37080287933,
        "var": 323.34173584
    },
    "hfc": {
        "dmean": 6.57977104187,
        "dmean2": 9.43775844574,
        "dvar": 93.824508667,
        "dvar2": 167.151535034,
        "max": 196.358596802,
        "mean": 27.9964809418,
        "median": 24.2926387787,
        "min": 2.05074453354,
        "var": 299.981140137
    },
    "melbands_crest": {
        "dmean": 3.48112750053,
        "dmean2": 5.68258619308,
        "dvar": 10.1099491119,
        "dvar2": 24.1424751282,
        "max": 30.151845932,
        "mean": 15.5744667053,
        "median": 14.9863986969,
        "min": 3.75900125504,
        "var": 27.7632141113
    },
    "melbands_flatness_db": {
        "dmean": 0.0245893988758,
        "dmean2": 0.0367890559137,
        "dvar": 0.000507172080688,
        "dvar2": 0.00106406561099,
        "max": 0.350825428963,
        "mean": 0.198879867792,
        "median": 0.203045621514,
        "min": 0.0374374501407,
        "var": 0.00250533455983
    },
    "melbands_kurtosis": {
        "dmean": 6.44618988037,
        "dmean2": 10.1609859467,
        "dvar": 87.4987869263,
        "dvar2": 215.137786865,
        "max": 121.476669312,
        "mean": 11.5376434326,
        "median": 7.32100200653,
        "min": -1.34683275223,
        "var": 168.276779175
    },
    "melbands_skewness": {
        "dmean": 0.761538088322,
        "dmean2": 1.13837659359,
        "dvar": 0.563391566277,
        "dvar2": 1.28336787224,
        "max": 9.34117507935,
        "mean": 2.69070959091,
        "median": 2.45721030235,
        "min": -0.293310880661,
        "var": 2.09728622437
    },
    "melbands_spread": {
        "dmean": 7.09050512314,
        "dmean2": 10.8228530884,
        "dvar": 97.0585784912,
        "dvar2": 184.56288147,
        "max": 162.096054077,
        "mean": 22.7948646545,
        "median": 19.0636749268,
        "min": 2.61437082291,
        "var": 285.994049072
    },
    "pitch_salience": {
        "dmean": 0.0652315914631,
        "dmean2": 0.10636626184,
        "dvar": 0.00304123573005,
        "dvar2": 0.0076610147953,
        "max": 0.809784173965,
        "mean": 0.509658396244,
        "median": 0.50784444809,
        "min": 0.214703276753,
        "var": 0.0093210497871
    },
    "silence_rate_20dB": {
        "dmean": 0,
        "dmean2": 0,
        "dvar": 0,
        "dvar2": 0,
        "max": 1,
        "mean": 1,
        "median": 1,
        "min": 1,
        "var": 0
    },
    "silence_rate_30dB": {
        "dmean": 0.00464396271855,
        "dmean2": 0.00929511990398,
        "dvar": 0.00462236301973,
        "dvar2": 0.013856260106,
        "max": 1,
        "mean": 0.997679829597,
        "median": 1,
        "min": 0,
        "var": 0.00231480109505
    },
    "silence_rate_60dB": {
        "dmean": 0.00154798757285,
        "dmean2": 0.00309837330133,
        "dvar": 0.00154558348004,
        "dvar2": 0.00308873248287,
        "max": 1,
        "mean": 0.00154679035768,
        "median": 0,
        "min": 0,
        "var": 0.00154439243488
    },
    "spectral_centroid": {
        "dmean": 239.077972412,
        "dmean2": 364.864715576,
        "dvar": 60203.515625,
        "dvar2": 115772.234375,
        "max": 3870.4831543,
        "mean": 1236.17114258,
        "median": 1144.46069336,
        "min": 326.347290039,
        "var": 257202.828125
    },
    "spectral_complexity": {
        "dmean": 3.22136211395,
        "dmean2": 5.04647541046,
        "dvar": 8.00363826752,
        "dvar2": 17.454076767,
        "max": 45,
        "mean": 22.8692970276,
        "median": 22,
        "min": 7,
        "var": 37.361907959
    },
    "spectral_decrease": {
        "dmean": 2.97194402421e-09,
        "dmean2": 4.6664321296e-09,
        "dvar": 1.23100390103e-17,
        "dvar2": 2.78279903152e-17,
        "max": -4.15658812924e-10,
        "mean": -1.05090904867e-08,
        "median": -1.01085291249e-08,
        "min": -3.84773670703e-08,
        "var": 2.52797479416e-17
    },
    "spectral_energy": {
        "dmean": 0.0115004880354,
        "dmean2": 0.0180298220366,
        "dvar": 0.000178762813448,
        "dvar2": 0.000403306126827,
        "max": 0.14916703105,
        "mean": 0.0422031097114,
        "median": 0.0408366657794,
        "min": 0.00175480090547,
        "var": 0.000372605689336
    },
    "spectral_energyband_high": {
        "dmean": 0.000532042467967,
        "dmean2": 0.000706022139639,
        "dvar": 1.43954946452e-06,
        "dvar2": 2.4192077035e-06,
        "max": 0.0218783859164,
        "mean": 0.00123373558745,
        "median": 0.000494841311593,
        "min": 8.6268519226e-06,
        "var": 4.54493329016e-06
    },
    "spectral_energyband_low": {
        "dmean": 0.00826705712825,
        "dmean2": 0.0131073733792,
        "dvar": 9.68875465333e-05,
        "dvar2": 0.00024410620972,
        "max": 0.0852743163705,
        "mean": 0.0187900010496,
        "median": 0.0172002241015,
        "min": 3.31906994688e-05,
        "var": 0.000208748344448
    },
    "spectral_energyband_middle_high": {
        "dmean": 0.00204522302374,
        "dmean2": 0.00309189921245,
        "dvar": 3.87862110074e-06,
        "dvar2": 8.32120349514e-06,
        "max": 0.0237494911999,
        "mean": 0.00750585272908,
        "median": 0.00655669160187,
        "min": 0.000669535715133,
        "var": 1.78999343916e-05
    },
    "spectral_energyband_middle_low": {
        "dmean": 0.00792468991131,
        "dmean2": 0.0127145806327,
        "dvar": 0.000142519740621,
        "dvar2": 0.000330716837198,
        "max": 0.127088174224,
        "mean": 0.0195919759572,
        "median": 0.0157947856933,
        "min": 0.0004749452346,
        "var": 0.000240115099587
    },
    "spectral_entropy": {
        "dmean": 0.142429977655,
        "dmean2": 0.208390757442,
        "dvar": 0.0175687745214,
        "dvar2": 0.0329952538013,
        "max": 8.66268062592,
        "mean": 7.54008722305,
        "median": 7.51964378357,
        "min": 6.58955335617,
        "var": 0.107850328088
    },
    "spectral_flux": {
        "dmean": 0.0261150393635,
        "dmean2": 0.04200598225,
        "dvar": 0.000807635078672,
        "dvar2": 0.00181893212721,
        "max": 0.311740547419,
        "mean": 0.100463196635,
        "median": 0.0932976901531,
        "min": 0.0245664715767,
        "var": 0.00160272733774
    },
    "spectral_kurtosis": {
        "dmean": 1.5015630722,
        "dmean2": 2.54212617874,
        "dvar": 2.28590106964,
        "dvar2": 6.61560344696,
        "max": 13.6806640625,
        "mean": 3.73570585251,
        "median": 3.48393821716,
        "min": -0.828776836395,
        "var": 5.1151266098
    },
    "spectral_rms": {
        "dmean": 0.000849302799907,
        "dmean2": 0.00130412261933,
        "dvar": 7.59558986374e-07,
        "dvar2": 1.61552259215e-06,
        "max": 0.0120635321364,
        "mean": 0.00624311435968,
        "median": 0.00631194468588,
        "min": 0.00130843452644,
        "var": 2.19716002903e-06
    },
    "spectral_rolloff": {
        "dmean": 480.030761719,
        "dmean2": 782.434570312,
        "dvar": 795443.25,
        "dvar2": 1465909.625,
        "max": 9776.07421875,
        "mean": 1414.74389648,
        "median": 1012.06054688,
        "min": 129.19921875,
        "var": 2158355.25
    },
    "spectral_skewness": {
        "dmean": 0.211983859539,
        "dmean2": 0.333475589752,
        "dvar": 0.034033626318,
        "dvar2": 0.0786983594298,
        "max": 2.99162340164,
        "mean": 1.40814626217,
        "median": 1.41398882866,
        "min": 0.27720862627,
        "var": 0.146823734045
    },
    "spectral_spread": {
        "dmean": 503288.8125,
        "dmean2": 705893.4375,
        "dvar": 337446895616,
        "dvar2": 561924079616,
        "max": 10664324,
        "mean": 4292205.5,
        "median": 3988576.5,
        "min": 1834293.25,
        "var": 1.70174224794e+12
    },
    "spectral_strongpeak": {
        "dmean": 0.51096367836,
        "dmean2": 0.875386238098,
        "dvar": 0.562697768211,
        "dvar2": 1.45488476753,
        "max": 6.30671691895,
        "mean": 0.977994859219,
        "median": 0.678004205227,
        "min": 0.0758712887764,
        "var": 0.916522502899
    },
    "zerocrossingrate": {
        "dmean": 0.00991717353463,
        "dmean2": 0.0114959785715,
        "dvar": 0.000189253332792,
        "dvar2": 0.000197144414415,
        "max": 0.302734375,
        "mean": 0.0551206469536,
        "median": 0.046875,
        "min": 0.01025390625,
        "var": 0.00123664422426
    },
    "barkbands": {
        "dmean": [3.64589832316e-05, 0.00253021297976, 0.00459802197292, 0.00558356707916, 0.00300573953427, 0.000689183361828, 0.000754116743337, 0.000934566487558, 0.00104208895937, 0.000867669703439, 0.000574671954382, 0.000447374157375, 0.000383536127629, 0.000363321538316, 0.000439829396782, 0.000361043668818, 0.000267758237896, 0.000285975693259, 0.000109123160655, 0.000135782946018, 9.4848262961e-05, 0.000141477488796, 0.000139588562888, 0.0001448468538, 6.32661249256e-05, 1.96904129552e-05, 2.74169185133e-08],
        "dmean2": [5.17249354743e-05, 0.00417543342337, 0.00742043135688, 0.00910800695419, 0.00514886341989, 0.00107120431494, 0.00119115714915, 0.00145598745439, 0.00157542247325, 0.00136325671338, 0.000875416619238, 0.000693838461302, 0.000602437008638, 0.000553420861252, 0.0006774404319, 0.000590013572946, 0.000407218612963, 0.000447782280389, 0.000175232664333, 0.000208670462598, 0.000144503384945, 0.000206860946491, 0.000191426937818, 0.000213572348002, 9.00071463548e-05, 3.12054107781e-05, 4.86103743924e-08],
        "dvar": [4.37945546494e-09, 1.33614385049e-05, 3.50669506588e-05, 9.84087819234e-05, 2.83137105725e-05, 1.24123425849e-06, 2.03112540476e-06, 3.24582606481e-06, 3.60764261131e-06, 1.55223222009e-06, 1.01044008716e-06, 5.10988911628e-07, 5.04222327891e-07, 3.47380790799e-07, 5.15749889018e-07, 4.5955161454e-07, 4.12880638123e-07, 1.9723724165e-07, 2.18275157948e-08, 3.76210778086e-08, 2.30382966038e-08, 7.54299591676e-08, 1.90296631786e-07, 3.52282967242e-07, 4.56611104482e-08, 3.004001492e-09, 7.83932973739e-15],
        "dvar2": [7.85189779862e-09, 3.72867361875e-05, 9.16218414204e-05, 0.000229374854825, 7.92951177573e-05, 2.45162550527e-06, 4.49097797173e-06, 7.78154299041e-06, 7.04067042534e-06, 3.58502779818e-06, 2.3111599603e-06, 1.14050976663e-06, 1.1476263353e-06, 7.25320944639e-07, 1.01286286736e-06, 1.15669990919e-06, 7.89585271832e-07, 4.39051831336e-07, 5.23129166652e-08, 8.56340776068e-08, 5.36135438267e-08, 1.62252717928e-07, 3.49891934093e-07, 7.23009009107e-07, 7.92045042886e-08, 7.79503039894e-09, 2.13340036961e-14],
        "max": [0.000761566916481, 0.0329209789634, 0.060183301568, 0.0999635159969, 0.0522757321596, 0.017891632393, 0.0254682041705, 0.0340052880347, 0.0392256602645, 0.0174710005522, 0.0168120823801, 0.00906564574689, 0.0116815203801, 0.0082686226815, 0.0135968448594, 0.00977357849479, 0.0151637988165, 0.00746343098581, 0.00184181449004, 0.00356894521974, 0.00273401825689, 0.00547241372988, 0.00755638862029, 0.00940752215683, 0.00400045793504, 0.00080309913028, 1.32906893668e-06],
        "mean": [5.31069963472e-05, 0.00474190851673, 0.00918460357934, 0.00817359611392, 0.00475798780099, 0.00120197713841, 0.00134011381306, 0.00178542896174, 0.00201033358462, 0.0016378412256, 0.00103640870657, 0.000839705229737, 0.000701816985384, 0.000640893704258, 0.000791783968452, 0.000615815923084, 0.000532570120413, 0.000557995866984, 0.000221651353058, 0.000277938408544, 0.000200556474738, 0.000287764560198, 0.000254277751083, 0.000234215112869, 9.9519827927e-05, 2.32743168453e-05, 2.15739675014e-08],
        "median": [8.89893544809e-06, 0.00336072733626, 0.00666364049539, 0.00426333770156, 0.00311658671126, 0.000746730016544, 0.000513154140208, 0.000583431916311, 0.000693800509907, 0.00094135251129, 0.000352784496499, 0.000462274212623, 0.00029707714566, 0.000253965525189, 0.000438582792412, 0.000325932283886, 0.000267188850557, 0.000355871947249, 0.000157436385052, 0.000155518311658, 0.000112988389446, 0.000114705122542, 5.83061737416e-05, 4.13031229982e-05, 1.85520166269e-05, 5.06855622007e-06, 1.27009303075e-09],
        "min": [1.47011753882e-08, 9.29117959458e-07, 4.96404481964e-06, 1.28748852148e-05, 3.47837340087e-05, 7.33928254704e-06, 6.39969402982e-06, 2.12924751395e-05, 8.24854305392e-06, 3.06858455588e-05, 9.12912310014e-06, 2.39286273427e-05, 1.12793240987e-05, 4.60467208541e-06, 3.52159077011e-05, 2.35451934714e-05, 1.17139088616e-05, 2.77089275187e-05, 5.4082825045e-06, 2.56762473327e-06, 2.00939257411e-06, 2.32942579714e-06, 2.34318928705e-08, 1.88259733136e-07, 1.8685030953e-11, 8.68101684287e-12, 8.06860914887e-12],
        "var": [1.06438893255e-08, 2.38754510065e-05, 9.26567081478e-05, 0.000129404928884, 2.72895867965e-05, 2.82101200355e-06, 6.29629812465e-06, 1.32814548124e-05, 1.53300698003e-05, 3.71854957848e-06, 2.88586193165e-06, 1.21475693504e-06, 1.50357323037e-06, 1.07068399302e-06, 1.30446460389e-06, 7.16129022749e-07, 1.15887587526e-06, 4.89628632749e-07, 4.62885729746e-08, 1.03802570095e-07, 5.70847369374e-08, 2.07539329722e-07, 4.83897053982e-07, 5.85177303947e-07, 9.1076856279e-08, 3.1046054616e-09, 6.18182856115e-15]
    },
    "erbbands": {
        "dmean": [0.0472124703228, 0.693202257156, 4.15479516983, 12.8026123047, 14.7432851791, 8.32878494263, 8.26171875, 4.58903264999, 8.03842449188, 15.44348526, 19.1721439362, 19.6752891541, 26.0880832672, 24.8766651154, 23.0982894897, 15.0241041183, 17.1976699829, 14.672908783, 20.3565273285, 25.3337345123, 17.8074455261, 14.6843509674, 16.1747245789, 6.82934808731, 6.09850645065, 6.2869348526, 3.74984359741, 4.32829332352, 4.85912275314, 5.22076034546, 3.84735250473, 3.13504385948, 2.36511135101, 1.01509153843, 0.330200612545, 0.124042384326, 0.0314358584583, 0.00223932298832, 4.84245938424e-05, 1.47720838868e-05],
        "dmean2": [0.0764786079526, 1.15502631664, 6.6615819931, 20.6983146667, 24.4974651337, 13.9512281418, 13.6585083008, 7.25368070602, 12.8495502472, 23.7155399323, 29.3895969391, 28.5243339539, 40.8180427551, 38.4837112427, 35.6876983643, 23.1549015045, 26.7880096436, 22.5516548157, 31.8471755981, 38.2553138733, 28.6718349457, 22.1142730713, 25.3250045776, 10.5668716431, 9.5801897049, 9.70925712585, 5.70671844482, 6.51211643219, 7.141518116, 7.44781684875, 5.45403766632, 4.44215345383, 3.3564426899, 1.4208368063, 0.499748945236, 0.192651629448, 0.0514068827033, 0.00372603954747, 7.69724647398e-05, 2.25775711442e-05],
        "dvar": [0.00689958734438, 0.956378936768, 30.5637283325, 393.39050293, 842.399475098, 166.389419556, 212.881484985, 52.3264427185, 259.69543457, 987.0859375, 1274.00439453, 1552.83947754, 2113.90307617, 1362.35192871, 1424.45275879, 625.382202148, 1093.02075195, 697.838562012, 854.420654297, 2912.20483398, 1065.48535156, 1323.65344238, 660.047302246, 74.5921630859, 70.8691253662, 80.7561416626, 30.4344367981, 64.5568466187, 81.282081604, 180.775375366, 147.479415894, 131.185897827, 97.9434814453, 14.175031662, 0.853508472443, 0.0985536873341, 0.00953637249768, 3.75669987989e-05, 1.45570133725e-08, 3.19598569831e-10],
        "dvar2": [0.0185399372131, 2.63984131813, 81.0701065063, 949.223266602, 2189.4387207, 445.71572876, 536.379333496, 106.691085815, 560.777282715, 2151.0847168, 2905.88378906, 2625.4675293, 4703.61962891, 3222.01831055, 3212.80566406, 1475.38537598, 2608.82714844, 1544.34106445, 1840.39868164, 6194.31542969, 2668.83886719, 2567.17431641, 1489.26611328, 176.82093811, 159.949050903, 189.926712036, 73.4031066895, 155.816452026, 174.486358643, 345.002502441, 273.617889404, 271.086578369, 194.160491943, 23.67162323, 1.68443930149, 0.249484673142, 0.0242837872356, 9.88318861346e-05, 3.65985250994e-08, 6.98196167548e-10],
        "max": [0.805597484112, 8.22065448761, 63.6536331177, 206.266647339, 254.16519165, 127.558006287, 258.450897217, 130.729370117, 240.262756348, 821.971801758, 590.627990723, 978.766418457, 847.814880371, 418.691741943, 591.592712402, 385.695068359, 621.183044434, 431.715270996, 372.695953369, 915.043457031, 702.313354492, 895.72088623, 452.441345215, 126.602035522, 103.201286316, 135.838134766, 72.8429031372, 139.824050903, 176.785858154, 245.413024902, 203.186325073, 166.319534302, 176.989685059, 79.3554000854, 15.5351428986, 3.87227416039, 1.4586379528, 0.0846616104245, 0.00150409690104, 0.000211799939279],
        "mean": [0.0741047859192, 1.39117407799, 8.95868873596, 21.7837219238, 20.6216049194, 13.3014154434, 15.2126760483, 8.51653766632, 14.3683223724, 30.5659503937, 36.6196212769, 40.5305747986, 53.4339065552, 50.1862258911, 48.2726821899, 31.4384250641, 33.5796852112, 28.8625507355, 39.7624359131, 43.5534172058, 33.1204490662, 31.4715995789, 32.3532981873, 15.2339525223, 12.7045097351, 13.1594371796, 8.12946796417, 8.65478420258, 9.97739315033, 10.1475715637, 6.76179933548, 5.12782144547, 3.57604694366, 1.54959511757, 0.492776125669, 0.152516677976, 0.0357499085367, 0.00237959017977, 8.09142293292e-05, 5.48144962522e-05],
        "median": [0.0430364273489, 1.01407217979, 6.22228050232, 14.9203090668, 12.6166038513, 8.84505081177, 7.13873672485, 5.73092412949, 6.72438097, 11.0040550232, 14.3634243011, 15.3936777115, 29.8253746033, 30.0523338318, 24.6768226624, 18.8751792908, 15.6797189713, 12.7383975983, 23.6277122498, 18.8528842926, 19.3320617676, 16.9366550446, 20.2850456238, 10.7861118317, 8.84910583496, 7.61680412292, 4.84383535385, 4.46168088913, 4.0201420784, 3.36813664436, 1.46143972874, 0.992428064346, 0.545257568359, 0.272567480803, 0.101777307689, 0.0340518690646, 0.0068448013626, 0.000410936918342, 3.60967678716e-05, 5.15041429026e-05],
        "min": [1.6366771888e-05, 0.000582681735978, 0.0104819098487, 0.0562939047813, 0.0338877029717, 0.164353609085, 0.154816552997, 0.0901594683528, 0.11843996495, 0.338721871376, 0.767827272415, 0.551052510738, 1.75895678997, 2.34664106369, 1.67882454395, 1.24990236759, 0.644951164722, 0.703288257122, 2.08930802345, 1.41194474697, 1.50302767754, 1.44640231133, 1.7695928812, 0.754944086075, 0.296149194241, 0.251314133406, 0.145629763603, 0.0719708055258, 0.0717994943261, 0.040364895016, 0.0129611864686, 0.00835854932666, 0.000932223803829, 6.55211406411e-05, 1.96646888071e-05, 1.15712618936e-05, 5.76445927436e-06, 1.50388962084e-06, 2.54155202128e-06, 2.39785435951e-06],
        "var": [0.009855334647, 1.80249083042, 88.4007568359, 579.99029541, 817.266357422, 202.45501709, 643.301879883, 101.308204651, 661.037963867, 4237.78417969, 4272.34667969, 7253.23583984, 6783.73144531, 3254.11401367, 4352.9453125, 1519.0802002, 3097.24560547, 2012.43188477, 2390.21166992, 6260.48144531, 1701.19934082, 3674.34301758, 1786.22644043, 201.481796265, 166.641113281, 230.872009277, 83.8114395142, 133.645294189, 236.664932251, 500.541992188, 348.974334717, 235.096099854, 158.958145142, 26.5619087219, 1.79526686668, 0.114974737167, 0.0102614313364, 4.7248446208e-05, 2.04749674992e-08, 6.89950152566e-10]
    },
    "gfcc": {
        "mean": [33.2906761169, 105.893745422, -128.299819946, 42.2914962769, -58.7659988403, 21.9853363037, -35.2448234558, 7.10520887375, -24.5456085205, -10.2798194885, -23.2635440826, -6.86095333099, -11.374083519],
        "cov": [[1240.43591309, -719.382141113, 406.913848877, 152.548156738, -156.362548828, 190.037750244, -151.495300293, 131.905593872, -102.15372467, 99.6209335327, -113.900154114, 27.866563797, -156.502990723], [-719.382141113, 1076.43847656, -239.767272949, 2.65860795975, 340.961212158, -150.530166626, 236.926712036, -134.143661499, 167.769638062, -90.8870010376, 130.061828613, -73.2466964722, 94.0493011475], [406.913848877, -239.767272949, 496.262145996, 96.9510574341, -16.3187332153, 117.555221558, -35.4878349304, 82.298866272, -57.5449752808, 50.664680481, -71.6016387939, 24.9671726227, -94.8329391479], [152.548156738, 2.65860795975, 96.9510574341, 301.69619751, 64.9081192017, 24.4885063171, -4.7385134697, 0.566606581211, 33.2243385315, -25.3073368073, 23.6195201874, -47.6140022278, 52.0169792175], [-156.362548828, 340.961212158, -16.3187332153, 64.9081192017, 336.467895508, -19.8581752777, 68.9719085693, -4.78488969803, 34.302482605, 23.9967002869, 2.64178609848, -20.4148025513, 26.5063705444], [190.037750244, -150.530166626, 117.555221558, 24.4885063171, -19.8581752777, 194.76600647, 5.06351232529, 44.5417098999, -28.0858802795, -0.731774568558, -0.299657762051, -1.28749215603, -9.48121929169], [-151.495300293, 236.926712036, -35.4878349304, -4.7385134697, 68.9719085693, 5.06351232529, 157.414794922, -8.32767677307, 37.4002838135, -16.3895721436, 29.8926181793, -3.09238886833, -3.51627540588], [131.905593872, -134.143661499, 82.298866272, 0.566606581211, -4.78488969803, 44.5417098999, -8.32767677307, 124.715560913, 1.63872551918, 30.7348098755, -24.2040214539, -7.00504541397, -11.868768692], [-102.15372467, 167.769638062, -57.5449752808, 33.2243385315, 34.302482605, -28.0858802795, 37.4002838135, 1.63872551918, 119.310844421, -3.59765625, 25.4785995483, -32.0344924927, 17.6274452209], [99.6209335327, -90.8870010376, 50.664680481, -25.3073368073, 23.9967002869, -0.731774568558, -16.3895721436, 30.7348098755, -3.59765625, 127.723648071, -9.2159280777, 4.16826915741, -44.071937561], [-113.900154114, 130.061828613, -71.6016387939, 23.6195201874, 2.64178609848, -0.299657762051, 29.8926181793, -24.2040214539, 25.4785995483, -9.2159280777, 110.463729858, -9.3744392395, 27.4581718445], [27.866563797, -73.2466964722, 24.9671726227, -47.6140022278, -20.4148025513, -1.28749215603, -3.09238886833, -7.00504541397, -32.0344924927, 4.16826915741, -9.3744392395, 105.435676575, -17.2108097076], [-156.502990723, 94.0493011475, -94.8329391479, 52.0169792175, 26.5063705444, -9.48121929169, -3.51627540588, -11.868768692, 17.6274452209, -44.071937561, 27.4581718445, -17.2108097076, 125.320884705]],
        "icov": [[0.00215756893158, 0.000250456127105, -1.63991426234e-05, -0.00175910093822, 0.000561027787626, -0.00126525107771, 0.00105529674329, -0.000893315358553, 0.000489826954436, -0.00069396069739, 0.00100010051392, -0.00047190929763, 0.0023579346016], [0.000250456127105, 0.00647668261081, -0.0020113219507, 0.00334656564519, -0.00527510931715, 0.00337372138165, -0.00502722151577, 0.00445014145225, -0.00464280089363, 0.00378213054501, -0.00466949027032, 0.00322858709842, -0.00235784938559], [-1.63991426234e-05, -0.0020113219507, 0.00470663607121, -0.00323858601041, 0.00173608784098, -0.00266003701836, 0.00182560039684, -0.00287469173782, 0.00250547821634, -0.00170838844497, 0.00310795404948, -0.00209745485336, 0.00368310650811], [-0.00175910093822, 0.00334656564519, -0.00323858601041, 0.00862535834312, -0.00426776707172, 0.00302729010582, -0.00295584020205, 0.00401651347056, -0.0042851739563, 0.00360919046216, -0.00482821837068, 0.00401731161401, -0.00582837825641], [0.000561027787626, -0.00527510931715, 0.00173608784098, -0.00426776707172, 0.00836469698697, -0.00289170327596, 0.00254267966375, -0.00368429371156, 0.0038824386429, -0.00494611635804, 0.00517059583217, -0.00262485374697, 0.00170013390016], [-0.00126525107771, 0.00337372138165, -0.00266003701836, 0.00302729010582, -0.00289170327596, 0.00943434517831, -0.00431399000809, 0.00112462218385, -0.0012756024953, 0.00318952952512, -0.00450176885352, 0.00270789256319, -0.0034112050198], [0.00105529674329, -0.00502722151577, 0.00182560039684, -0.00295584020205, 0.00254267966375, -0.00431399000809, 0.0131379840896, -0.00413696793839, 0.00168546114583, -0.0014486676082, 0.00222025485709, -0.00338689377531, 0.00511351646855], [-0.000893315358553, 0.00445014145225, -0.00287469173782, 0.00401651347056, -0.00368429371156, 0.00112462218385, -0.00413696793839, 0.0141083663329, -0.00508024636656, 0.000671627698466, -0.00197599059902, 0.00348251126707, -0.00435133930296], [0.000489826954436, -0.00464280089363, 0.00250547821634, -0.0042851739563, 0.0038824386429, -0.0012756024953, 0.00168546114583, -0.00508024636656, 0.0147950397804, -0.00332797388546, 0.0024965016637, -0.000162376614753, 0.00259836064652], [-0.00069396069739, 0.00378213054501, -0.00170838844497, 0.00360919046216, -0.00494611635804, 0.00318952952512, -0.0014486676082, 0.000671627698466, -0.00332797388546, 0.0129533810541, -0.00463485438377, 0.00218161707744, 0.00115314917639], [0.00100010051392, -0.00466949027032, 0.00310795404948, -0.00482821837068, 0.00517059583217, -0.00450176885352, 0.00222025485709, -0.00197599059902, 0.0024965016637, -0.00463485438377, 0.0158262792975, -0.00291809556074, 0.00170065660495], [-0.00047190929763, 0.00322858709842, -0.00209745485336, 0.00401731161401, -0.00262485374697, 0.00270789256319, -0.00338689377531, 0.00348251126707, -0.000162376614753, 0.00218161707744, -0.00291809556074, 0.0130910109729, -0.00204484374262], [0.0023579346016, -0.00235784938559, 0.00368310650811, -0.00582837825641, 0.00170013390016, -0.0034112050198, 0.00511351646855, -0.00435133930296, 0.00259836064652, 0.00115314917639, 0.00170065660495, -0.00204484374262, 0.0164002180099]]
    },
    "melbands": {
        "dmean": [0.000562731525861, 0.0016814529663, 0.00217123888433, 0.000778659188654, 0.000287808157736, 0.000104924394691, 0.000131397406221, 0.000179295966518, 0.000146656500874, 0.000141522017657, 0.000134373854962, 0.000108227570308, 8.5101921286e-05, 5.34648461326e-05, 4.43409917352e-05, 3.42354251188e-05, 2.84549514618e-05, 3.56585405825e-05, 3.10122159135e-05, 2.87530383503e-05, 2.23474780796e-05, 1.67541511473e-05, 1.85839689948e-05, 1.33767734951e-05, 5.27600468558e-06, 4.41812744612e-06, 5.43890155313e-06, 4.36572781837e-06, 2.92734489449e-06, 2.08393817047e-06, 2.91966648547e-06, 2.74830017588e-06, 3.27029874825e-06, 3.03585829897e-06, 2.45495766649e-06, 1.88814294688e-06, 2.12909503716e-06, 1.88379055999e-06, 1.31658362079e-06, 7.65162383232e-07],
        "dmean2": [0.000918513105717, 0.00269963825122, 0.00353987398557, 0.00132122577634, 0.000480200746097, 0.00016446596419, 0.000209341713344, 0.000275046506431, 0.000223983239266, 0.000208708093851, 0.000211184800719, 0.000167406687979, 0.000130847314722, 8.2256468886e-05, 6.83732141624e-05, 5.41555527889e-05, 4.38912247773e-05, 5.60478365514e-05, 4.71186358482e-05, 4.42654709332e-05, 3.64481165889e-05, 2.52803656622e-05, 2.93384637189e-05, 2.12493632716e-05, 8.24230028229e-06, 7.13474173608e-06, 8.470744433e-06, 6.773325822e-06, 4.57806163467e-06, 3.25320456795e-06, 4.46139438282e-06, 4.16222610511e-06, 4.87941952088e-06, 4.29898454968e-06, 3.59763816959e-06, 2.63385800281e-06, 3.12531733471e-06, 2.82221208181e-06, 1.84165435257e-06, 1.13858277473e-06],
        "dvar": [7.47600608975e-07, 4.79745904158e-06, 1.21143330034e-05, 2.13238308788e-06, 2.16918550677e-07, 2.69524047525e-08, 6.37001562609e-08, 1.18239263713e-07, 7.32671026071e-08, 6.83406469193e-08, 5.28970502955e-08, 2.66165027796e-08, 2.24886917977e-08, 7.71632269192e-09, 7.10583147878e-09, 4.36944258553e-09, 2.85084755802e-09, 3.10695402739e-09, 2.7397104585e-09, 3.38024896962e-09, 1.93476634713e-09, 1.95878313569e-09, 1.64636249078e-09, 3.23834264959e-10, 5.67910302118e-11, 3.90749654855e-11, 6.82819564779e-11, 4.28052072954e-11, 2.20485504854e-11, 9.72397162791e-12, 3.44290672361e-11, 2.44689303541e-11, 4.97980615077e-11, 7.66270172314e-11, 6.30156760106e-11, 3.49005650768e-11, 7.43730285691e-11, 7.38237457276e-11, 2.72325755696e-11, 7.88462958118e-12],
        "dvar2": [2.11282576856e-06, 1.27826724565e-05, 2.7717804187e-05, 5.77097034693e-06, 5.73898091716e-07, 5.38703801567e-08, 1.37926178922e-07, 2.67429385303e-07, 1.57678968549e-07, 1.25263980522e-07, 1.17606276717e-07, 6.31644994087e-08, 5.29923731563e-08, 1.69407776696e-08, 1.65377560535e-08, 9.65187041402e-09, 6.1873239865e-09, 6.24796392401e-09, 5.52011902855e-09, 7.75655717433e-09, 4.8732453628e-09, 4.0081808983e-09, 3.71564734536e-09, 7.58496654374e-10, 1.33922858914e-10, 9.85687226285e-11, 1.58873914025e-10, 1.01481649473e-10, 5.58724698452e-11, 2.34279227962e-11, 8.5696338914e-11, 5.32432084532e-11, 1.10627541849e-10, 1.45711540056e-10, 1.23135959762e-10, 6.41932756951e-11, 1.68642266818e-10, 1.56376619986e-10, 5.3141751416e-11, 1.37433727593e-11],
        "max": [0.00843466259539, 0.0249277353287, 0.0365206748247, 0.0146165126935, 0.00712768966332, 0.00272693950683, 0.00380761222914, 0.00784049928188, 0.00417276285589, 0.00539652863517, 0.00429620593786, 0.0017945789732, 0.0026714138221, 0.00131567101926, 0.001649659127, 0.00155773712322, 0.000881266081706, 0.00076113967225, 0.000913020106964, 0.000719004601706, 0.000915565819014, 0.000976012088358, 0.00084151054034, 0.000235442712437, 0.000111649889732, 8.07655233075e-05, 0.000138483577757, 9.36280703172e-05, 6.83229591232e-05, 3.80831406801e-05, 0.00010444601503, 8.11551508377e-05, 0.000148912295117, 0.000158528564498, 0.000119258329505, 9.95164446067e-05, 0.000153781002155, 0.000143077573739, 8.70434960234e-05, 6.80891535012e-05],
        "mean": [0.000980291632004, 0.00375159876421, 0.00380346784368, 0.0011575082317, 0.000540858483873, 0.000190442209714, 0.000237668471527, 0.000364505511243, 0.000272020581178, 0.000277763232589, 0.000269886455499, 0.000209281788557, 0.000163771765074, 0.000104775768705, 8.15665989649e-05, 6.39326390228e-05, 5.05811440235e-05, 6.50678775855e-05, 5.49320066057e-05, 4.71701314382e-05, 3.73234361177e-05, 3.05019912048e-05, 3.44528161804e-05, 2.51099263551e-05, 1.06486204459e-05, 8.53731125972e-06, 9.93385856418e-06, 8.46646526043e-06, 5.41894451089e-06, 4.23765914093e-06, 5.17399303135e-06, 5.28350165041e-06, 6.2470494413e-06, 5.43908390682e-06, 4.11482824347e-06, 2.98456848213e-06, 3.2526738778e-06, 2.7033297556e-06, 1.86329862117e-06, 1.11634074074e-06],
        "median": [0.000703654775862, 0.00285200658254, 0.00285039329901, 0.000743006530683, 0.000276971142739, 0.000123284582514, 0.000106513478386, 0.000133862617076, 0.000103487749584, 9.47913940763e-05, 0.000151020358317, 0.000117971612781, 6.84140759404e-05, 5.46942501387e-05, 3.20957769873e-05, 2.86840331682e-05, 2.07853699976e-05, 3.180863132e-05, 2.72662218777e-05, 2.19336434384e-05, 2.07505454455e-05, 1.48364042616e-05, 1.7911715986e-05, 1.6194075215e-05, 7.0739615694e-06, 5.96100062467e-06, 6.36728827885e-06, 4.25532653026e-06, 3.10549330607e-06, 2.47737193604e-06, 2.38560915022e-06, 2.18653235606e-06, 2.31498665926e-06, 1.49538959704e-06, 8.03492127943e-07, 5.93391007442e-07, 5.97229586674e-07, 3.69327466387e-07, 2.98078333572e-07, 1.89545119156e-07],
        "min": [1.6627402033e-07, 2.75415050055e-06, 9.24258711166e-06, 6.28850193607e-06, 2.73682985608e-06, 2.06863205676e-06, 2.76601963378e-06, 3.28638316205e-06, 4.27502436651e-06, 1.57179044891e-06, 3.20874141835e-06, 3.73241596208e-06, 2.82863220491e-06, 3.14807221002e-06, 1.65391918472e-06, 8.29687110127e-07, 6.57687735384e-07, 2.70498048849e-06, 1.81712073299e-06, 8.04242858976e-07, 1.54367671712e-06, 6.2567482928e-07, 1.74366823558e-06, 8.03658394943e-07, 3.74154467409e-07, 2.33691636708e-07, 1.93208450128e-07, 9.30466512727e-08, 5.94764815176e-09, 4.0577894822e-08, 4.67897969259e-08, 5.16652178817e-08, 2.68132751557e-08, 3.36131611434e-09, 2.34599163013e-11, 2.05310959206e-11, 1.14258724704e-09, 1.4273143778e-10, 6.20296349008e-12, 8.5250417023e-14],
