{
"highlevel": {
    "danceability": {
        "all": {
            "danceable": 0.588957488537,
            "not_danceable": 0.411042511463
        },
        "probability": 0.588957488537,
        "value": "danceable"
    },
    "gender": {
        "all": {
            "female": 0.817585110664,
            "male": 0.182414874434
        },
        "probability": 0.817585110664,
        "value": "female"
    },
    "genre_dortmund": {
        "all": {
            "alternative": 0.0807915255427,
            "blues": 0.159070104361,
            "electronic": 0.0457455478609,
            "folkcountry": 0.169359177351,
            "funksoulrnb": 0.0245670825243,
            "jazz": 0.253525555134,
            "pop": 0.0368021689355,
            "raphiphop": 0.012498550117,
            "rock": 0.217640295625
        },
        "probability": 0.253525555134,
        "value": "jazz"
    },
    "genre_electronic": {
        "all": {
            "ambient": 0.0897950157523,
            "dnb": 0.154524058104,
            "house": 0.723889946938,
            "techno": 0.00868510827422,
            "trance": 0.0231058709323
        },
        "probability": 0.723889946938,
        "value": "house"
    },
    "genre_rosamerica": {
        "all": {
            "cla": 0.334491640329,
            "dan": 0.0210107937455,
            "hip": 0.132136136293,
            "jaz": 0.0526647418737,
            "pop": 0.0670143514872,
            "rhy": 0.200844913721,
            "roc": 0.148731276393,
            "spe": 0.0431061461568
        },
        "probability": 0.334491640329,
        "value": "cla"
    },
    "genre_tzanetakis": {
        "all": {
            "blu": 0.0253244619817,
            "cla": 0.0235747359693,
            "cou": 0.026299893856,
            "dis": 0.119947470725,
            "hip": 0.18080919981,
            "jaz": 0.0260256472975,
            "met": 0.0945521444082,
            "pop": 0.0443695522845,
            "reg": 0.0648387223482,
            "roc": 0.39425817132
        },
        "probability": 0.39425817132,
        "value": "roc"
    },
    "ismir04_rhythm": {
        "all": {
            "ChaChaCha": 0.115092709661,
            "Jive": 0.0290161632001,
            "Quickstep": 0.199783563614,
            "Rumba-American": 0.018400112167,
            "Rumba-International": 0.0152548691258,
            "Rumba-Misc": 0.00811676867306,
            "Samba": 0.0700814723969,
            "Tango": 0.364663332701,
            "VienneseWaltz": 0.139842167497,
            "Waltz": 0.0397488474846
        },
        "probability": 0.364663332701,
        "value": "Tango"
    },
    "mood_acoustic": {
        "all": {
            "acoustic": 0.226461902261,
            "not_acoustic": 0.77353811264
        },
        "probability": 0.77353811264,
        "value": "not_acoustic"
    },
    "mood_aggressive": {
        "all": {
            "aggressive": 0.240902602673,
            "not_aggressive": 0.759097397327
        },
        "probability": 0.759097397327,
        "value": "not_aggressive"
    },
    "mood_electronic": {
        "all": {
            "electronic": 0.387645453215,
            "not_electronic": 0.612354516983
        },
        "probability": 0.612354516983,
        "value": "not_electronic"
    },
    "mood_happy": {
        "all": {
            "happy": 0.34451815486,
            "not_happy": 0.655481815338
        },
        "probability": 0.655481815338,
        "value": "not_happy"
    },
    "mood_party": {
        "all": {
            "not_party": 0.838112711906,
            "party": 0.161887273192
        },
        "probability": 0.838112711906,
        "value": "not_party"
    },
    "mood_relaxed": {
        "all": {
            "not_relaxed": 0.978393614292,
            "relaxed": 0.0216063652188
        },
        "probability": 0.978393614292,
        "value": "not_relaxed"
    },
    "mood_sad": {
        "all": {
            "not_sad": 0.638271808624,
            "sad": 0.361728191376
        },
        "probability": 0.638271808624,
        "value": "not_sad"
    },
    "moods_mirex": {
        "all": {
            "Cluster1": 0.396152853966,
            "Cluster2": 0.294928520918,
            "Cluster3": 0.128697812557,
            "Cluster4": 0.0895957350731,
            "Cluster5": 0.090625077486
        },
        "probability": 0.396152853966,
        "value": "Cluster1"
    },
    "timbre": {
        "all": {
            "bright": 0.409703761339,
            "dark": 0.590296208858
        },
        "probability": 0.590296208858,
        "value": "dark"
    },
    "tonal_atonal": {
        "all": {
            "atonal": 0.204335838556,
            "tonal": 0.795664131641
        },
        "probability": 0.795664131641,
        "value": "tonal"
    },
    "voice_instrumental": {
        "all": {
            "instrumental": 0.197712913156,
            "voice": 0.802287101746
        },
        "probability": 0.802287101746,
        "value": "voice"
    }
},
"lowlevel": {
    "average_loudness": 0.940990924835,
    "barkbands_crest": {
        "dmean": 2.6462905407,
        "dmean2": 4.20377111435,
        "dvar": 7.62470674515,
        "dvar2": 18.592042923,
        "max": 26.1193771362,
        "mean": 11.3883705139,
        "median": 9.83139896393,
        "min": 2.83948230743,
        "var": 34.6267471313
    },
    "barkbands_flatness_db": {
        "dmean": 0.0223265737295,
        "dmean2": 0.0339649878442,
        "dvar": 0.000516595086083,
        "dvar2": 0.00106923514977,
        "max": 0.439286530018,
        "mean": 0.216850966215,
        "median": 0.201907470822,
        "min": 0.0779376029968,
        "var": 0.00421700114384
    },
    "barkbands_kurtosis": {
        "dmean": 2.32847881317,
        "dmean2": 3.59189152718,
        "dvar": 14.8972883224,
        "dvar2": 30.1435394287,
        "max": 113.049278259,
        "mean": 3.73022150993,
        "median": 1.45204782486,
        "min": -1.81105625629,
        "var": 72.9183120728
    },
    "barkbands_skewness": {
        "dmean": 0.522253096104,
        "dmean2": 0.800222158432,
        "dvar": 0.273343145847,
        "dvar2": 0.629749059677,
        "max": 4.45623254776,
        "mean": 1.17622935772,
        "median": 1.11230003834,
        "min": -2.78390789032,
        "var": 1.17848873138
    },
    "barkbands_spread": {
        "dmean": 4.98164892197,
        "dmean2": 7.6467871666,
        "dvar": 29.0487442017,
        "dvar2": 66.8381271362,
        "max": 61.8730239868,
        "mean": 19.5452728271,
        "median": 17.0823192596,
        "min": 0.362764745951,
        "var": 139.061416626
    },
    "dissonance": {
        "dmean": 0.0197549462318,
        "dmean2": 0.0321189649403,
        "dvar": 0.000555690785404,
        "dvar2": 0.00134865916334,
        "max": 0.499999970198,
        "mean": 0.460651427507,
        "median": 0.474363714457,
        "min": 0.184754565358,
        "var": 0.00161683675833
    },
    "dynamic_complexity": 2.51275873184,
    "erbbands_crest": {
        "dmean": 2.71378922462,
        "dmean2": 4.29778766632,
        "dvar": 9.95147609711,
        "dvar2": 22.7026500702,
        "max": 33.8671455383,
        "mean": 11.0229701996,
        "median": 8.01820659637,
        "min": 2.90733647346,
        "var": 57.201084137
    },
    "erbbands_flatness_db": {
        "dmean": 0.0183038748801,
        "dmean2": 0.0247641503811,
        "dvar": 0.000399406097131,
        "dvar2": 0.000698503747117,
        "max": 0.513365864754,
        "mean": 0.246537417173,
        "median": 0.233079627156,
        "min": 0.142825424671,
        "var": 0.00337223149836
    },
    "erbbands_kurtosis": {
        "dmean": 1.94662714005,
        "dmean2": 2.91286873817,
        "dvar": 28.4462623596,
        "dvar2": 64.1912689209,
        "max": 97.2210845947,
        "mean": 2.53715586662,
        "median": -0.365000724792,
        "min": -1.76405036449,
        "var": 94.1969223022
    },
    "erbbands_skewness": {
        "dmean": 0.436860412359,
        "dmean2": 0.659388303757,
        "dvar": 0.239746063948,
        "dvar2": 0.532145142555,
        "max": 5.29262971878,
        "mean": 0.414547085762,
        "median": 0.237348690629,
        "min": -2.82888674736,
        "var": 1.28342437744
    },
    "erbbands_spread": {
        "dmean": 6.29710102081,
        "dmean2": 9.45593547821,
        "dvar": 38.8518981934,
        "dvar2": 86.5094451904,
        "max": 73.0712890625,
        "mean": 31.7663040161,
        "median": 33.0980453491,
        "min": 0.54581362009,
        "var": 234.123306274
    },
    "hfc": {
        "dmean": 4.89430475235,
        "dmean2": 7.15025234222,
        "dvar": 50.183807373,
        "dvar2": 97.7247924805,
        "max": 80.1378250122,
        "mean": 16.8287296295,
        "median": 12.2104654312,
        "min": 0.471088588238,
        "var": 193.629348755
    },
    "melbands_crest": {
        "dmean": 2.96462368965,
        "dmean2": 4.71593666077,
        "dvar": 9.07721710205,
        "dvar2": 21.0531845093,
        "max": 34.0319366455,
        "mean": 14.3127994537,
        "median": 13.4805898666,
        "min": 3.89101982117,
        "var": 38.0147590637
    },
    "melbands_flatness_db": {
        "dmean": 0.0272646956146,
        "dmean2": 0.0394482202828,
        "dvar": 0.000846104638185,
        "dvar2": 0.00161453441251,
        "max": 0.550974965096,
        "mean": 0.25185084343,
        "median": 0.23793797195,
        "min": 0.0489696115255,
        "var": 0.00816683936864
    },
    "melbands_kurtosis": {
        "dmean": 4.35146522522,
        "dmean2": 6.79786062241,
        "dvar": 30.5129013062,
        "dvar2": 72.2747268677,
        "max": 69.9501113892,
        "mean": 9.07063961029,
        "median": 5.32865142822,
        "min": -1.64762222767,
        "var": 105.586837769
    },
    "melbands_skewness": {
        "dmean": 0.619434773922,
        "dmean2": 0.919946432114,
        "dvar": 0.379158139229,
        "dvar2": 0.838306307793,
        "max": 7.44834375381,
        "mean": 2.0014564991,
        "median": 1.90567803383,
        "min": -3.83480858803,
        "var": 2.59092974663
    },
    "melbands_spread": {
        "dmean": 6.87365913391,
        "dmean2": 10.5679550171,
        "dvar": 69.6866149902,
        "dvar2": 147.91557312,
        "max": 107.197891235,
        "mean": 22.8627815247,
        "median": 18.1495075226,
        "min": 0.905149281025,
        "var": 296.714172363
    },
    "pitch_salience": {
        "dmean": 0.0727761760354,
        "dmean2": 0.116555422544,
        "dvar": 0.00516085233539,
        "dvar2": 0.0130677316338,
        "max": 0.842698395252,
        "mean": 0.519882678986,
        "median": 0.568270981312,
        "min": 0.0907982140779,
        "var": 0.0265395119786
    },
    "silence_rate_20dB": {
        "dmean": 0,
        "dmean2": 0,
        "dvar": 0,
        "dvar2": 0,
        "max": 1,
        "mean": 1,
        "median": 1,
        "min": 1,
        "var": 0
    },
    "silence_rate_30dB": {
        "dmean": 0,
        "dmean2": 0,
        "dvar": 0,
        "dvar2": 0,
        "max": 1,
        "mean": 1,
        "median": 1,
        "min": 1,
        "var": 0
    },
    "silence_rate_60dB": {
        "dmean": 0.0100619196892,
        "dmean2": 0.0193648338318,
        "dvar": 0.00996063929051,
        "dvar2": 0.0267357658595,
        "max": 1,
        "mean": 0.00618716143072,
        "median": 0,
        "min": 0,
        "var": 0.00614888500422
    },
    "spectral_centroid": {
        "dmean": 288.830474854,
        "dmean2": 439.486938477,
        "dvar": 110288.296875,
        "dvar2": 241001.421875,
        "max": 3541.49438477,
        "mean": 1504.53466797,
        "median": 1356.89904785,
        "min": 291.883880615,
        "var": 474284.09375
    },
    "spectral_complexity": {
        "dmean": 4.21130037308,
        "dmean2": 6.1518201828,
        "dvar": 20.7455539703,
        "dvar2": 37.9398345947,
        "max": 53,
        "mean": 20.3534412384,
        "median": 19,
        "min": 3,
        "var": 99.7923126221
    },
    "spectral_decrease": {
        "dmean": 1.92862259496e-09,
        "dmean2": 2.92109558764e-09,
        "dvar": 7.9237781546e-18,
        "dvar2": 1.74168982566e-17,
        "max": -1.79430664771e-10,
        "mean": -5.71733549393e-09,
        "median": -4.76367123525e-09,
        "min": -2.33986288123e-08,
        "var": 1.58281953198e-17
    },
    "spectral_energy": {
        "dmean": 0.00761930644512,
        "dmean2": 0.0115053234622,
        "dvar": 0.000122029625345,
        "dvar2": 0.00026562527637,
        "max": 0.0922952592373,
        "mean": 0.0231049656868,
        "median": 0.0192759223282,
        "min": 0.000725860416424,
        "var": 0.000251995457802
    },
    "spectral_energyband_high": {
        "dmean": 0.000215736174141,
        "dmean2": 0.000311877112836,
        "dvar": 1.66579638972e-07,
        "dvar2": 3.35117761097e-07,
        "max": 0.00634744716808,
        "mean": 0.000457238580566,
        "median": 0.000147269965964,
        "min": 2.42423663366e-08,
        "var": 6.55615394862e-07
    },
    "spectral_energyband_low": {
        "dmean": 0.00327004515566,
        "dmean2": 0.00516435643658,
        "dvar": 2.71372009593e-05,
        "dvar2": 6.58209246467e-05,
        "max": 0.0522073693573,
        "mean": 0.00718527007848,
        "median": 0.00330205447972,
        "min": 2.42925707425e-05,
        "var": 6.06272769801e-05
    },
    "spectral_energyband_middle_high": {
        "dmean": 0.00243757339194,
        "dmean2": 0.00375481997617,
        "dvar": 3.12279807986e-05,
        "dvar2": 6.77290299791e-05,
        "max": 0.0716196745634,
        "mean": 0.00739027466625,
        "median": 0.00322759803385,
        "min": 0.00010847410158,
        "var": 0.000114829141239
    },
    "spectral_energyband_middle_low": {
        "dmean": 0.00529925571755,
        "dmean2": 0.00852874014527,
        "dvar": 0.000100958422991,
        "dvar2": 0.00025115153403,
        "max": 0.0761093646288,
        "mean": 0.00937207695097,
        "median": 0.00549293262884,
        "min": 0.000332511728629,
        "var": 0.000115718350571
    },
    "spectral_entropy": {
        "dmean": 0.134741082788,
        "dmean2": 0.198446586728,
        "dvar": 0.0266652088612,
        "dvar2": 0.0521793626249,
        "max": 8.28163433075,
        "mean": 7.32833623886,
        "median": 7.41973924637,
        "min": 5.45344734192,
        "var": 0.152932435274
    },
    "spectral_flux": {
        "dmean": 0.0236177369952,
        "dmean2": 0.0357172191143,
        "dvar": 0.000956002972089,
        "dvar2": 0.001853799331,
        "max": 0.239069566131,
        "mean": 0.0752472355962,
        "median": 0.0601410605013,
        "min": 0.0130737442523,
        "var": 0.00223534926772
    },
    "spectral_kurtosis": {
        "dmean": 3.97427535057,
        "dmean2": 6.98747396469,
        "dvar": 25.1483078003,
        "dvar2": 71.1481018066,
        "max": 88.8156814575,
        "mean": 4.93271017075,
        "median": 2.95299482346,
        "min": -0.56552529335,
        "var": 42.2620277405
    },
    "spectral_rms": {
        "dmean": 0.000735548674129,
        "dmean2": 0.00107815000229,
        "dvar": 8.59047418089e-07,
        "dvar2": 1.66214965702e-06,
        "max": 0.00948916003108,
        "mean": 0.00449101626873,
        "median": 0.00433656293899,
        "min": 0.000841520377435,
        "var": 2.3722016067e-06
    },
    "spectral_rolloff": {
        "dmean": 420.813598633,
        "dmean2": 685.076782227,
        "dvar": 385878.59375,
        "dvar2": 829403.625,
        "max": 7321.2890625,
        "mean": 1390.6439209,
        "median": 839.794921875,
        "min": 107.666015625,
        "var": 1318367.625
    },
    "spectral_skewness": {
        "dmean": 0.406623780727,
        "dmean2": 0.695797264576,
        "dvar": 0.18182143569,
        "dvar2": 0.490164786577,
        "max": 6.95977878571,
        "mean": 1.04217016697,
        "median": 0.875781476498,
        "min": -0.118583999574,
        "var": 0.509627997875
    },
    "spectral_spread": {
        "dmean": 249824.453125,
        "dmean2": 369461.03125,
        "dvar": 261185650688,
        "dvar2": 293936005120,
        "max": 19053484,
        "mean": 2588886.5,
        "median": 2531606.75,
        "min": 698509.4375,
        "var": 482252029952
    },
    "spectral_strongpeak": {
        "dmean": 0.599425196648,
        "dmean2": 1.02933287621,
        "dvar": 1.28979003429,
        "dvar2": 3.15528297424,
        "max": 9.67161273956,
        "mean": 1.26002991199,
        "median": 0.411515831947,
        "min": 0.0473234765232,
        "var": 3.27443146706
    },
    "zerocrossingrate": {
        "dmean": 0.00703359302133,
        "dmean2": 0.00825577322394,
        "dvar": 5.65575064684e-05,
        "dvar2": 7.15577916708e-05,
        "max": 0.19970703125,
        "mean": 0.0481823720038,
        "median": 0.04248046875,
        "min": 0.00732421875,
        "var": 0.000667386048008
    },
    "barkbands": {
        "dmean": [6.61439116811e-06, 0.00240718666464, 0.000978367170319, 0.000500728958286, 0.002753976034, 0.00169486785308, 0.00091594317928, 0.000444459437858, 0.000659140816424, 0.00180608860683, 0.000194346925127, 0.000201452552574, 0.000177713329322, 8.91218733159e-05, 0.000122471086797, 0.00018492367235, 0.000208241472137, 0.000208574463613, 0.000229667377425, 0.000293115706882, 7.89617115515e-05, 3.30887305608e-05, 1.05374847408e-05, 3.49457536686e-06, 3.90567862496e-07, 1.76405858809e-08, 1.37390954169e-09],
        "dmean2": [1.08016920422e-05, 0.0038896847982, 0.00160699128173, 0.000823066569865, 0.00479458086193, 0.00294768484309, 0.00156011222862, 0.00070949079236, 0.00102905661333, 0.00286576501094, 0.000313553930027, 0.000335681077559, 0.000284553621896, 0.00014442113752, 0.000192782856175, 0.000285508227535, 0.000330136012053, 0.000332783383783, 0.000367849104805, 0.000458252499811, 0.000119662443467, 4.73977925139e-05, 1.490473187e-05, 5.10073959958e-06, 5.99264524226e-07, 2.71322431189e-08, 1.9519343919e-09],
        "dvar": [1.66217123398e-10, 1.81434024853e-05, 2.11563633457e-06, 8.66094239882e-07, 4.32720480603e-05, 1.76343764906e-05, 3.34648416356e-06, 4.65464268018e-07, 2.21454956773e-06, 3.05660287268e-05, 1.81976616886e-07, 2.6775038009e-07, 1.20491520761e-07, 4.01820905438e-08, 5.83305990176e-08, 1.90564364289e-07, 1.87465104773e-07, 1.26906257947e-07, 1.3249744768e-07, 3.2885247947e-07, 3.02914742178e-08, 4.59302240685e-09, 5.77223380205e-10, 2.32901975483e-10, 3.31746435878e-12, 9.42764610953e-15, 4.63122940147e-16],
        "dvar2": [3.96996602259e-10, 4.55041226815e-05, 5.17973603564e-06, 2.21510458687e-06, 0.000118925090646, 4.87471334054e-05, 9.25675794861e-06, 1.17467789096e-06, 4.40836720372e-06, 6.8262386776e-05, 4.39592469093e-07, 6.90267427217e-07, 2.93422857567e-07, 9.82437811103e-08, 1.32415522103e-07, 4.34502510416e-07, 4.0825162273e-07, 3.02260559693e-07, 3.20945531485e-07, 7.21421656635e-07, 6.8898209804e-08, 9.99766935905e-09, 1.26526422672e-09, 4.42373360166e-10, 1.00289698421e-11, 1.51965452619e-14, 4.6513909032e-16],
        "max": [0.000154183173436, 0.0423953905702, 0.0125296842307, 0.0107370335609, 0.0531386844814, 0.0393684357405, 0.0145060773939, 0.0113562745973, 0.026095867157, 0.065377600491, 0.00739483395591, 0.0108224321157, 0.00699324114248, 0.00390254333615, 0.00444684829563, 0.00755229312927, 0.00834990199655, 0.00566367711872, 0.00478400057182, 0.0102768884972, 0.00422302540392, 0.00147217663471, 0.000515336520039, 0.000599449442234, 5.53994832444e-05, 2.55500208368e-06, 7.70312851728e-07],
        "mean": [6.41122915113e-06, 0.00505992071703, 0.001754488796, 0.00058478419669, 0.002470535459, 0.0018136507133, 0.00120397948194, 0.000774821732193, 0.00133900204673, 0.00460244808346, 0.000296379148494, 0.000307260605041, 0.000311675248668, 0.000134964982863, 0.000194092935999, 0.000315628072713, 0.000346548709786, 0.000371685106074, 0.000432371161878, 0.000542660069186, 0.000149598155986, 6.50054644211e-05, 1.94162021216e-05, 6.95891640135e-06, 6.56821498524e-07, 2.46165932083e-08, 1.32515187712e-09],
        "median": [2.02617434297e-06, 0.00176846235991, 0.00124079117086, 0.000262717832811, 0.00078272272367, 0.000779811001848, 0.000589644128922, 0.00050043372903, 0.000704343314283, 0.000479315000121, 0.000123794263345, 0.000150674983161, 0.000161752628628, 7.4634590419e-05, 9.66684310697e-05, 0.000137660987093, 0.000180814764462, 0.000193248706637, 0.000237140397076, 0.000219844572712, 3.70793422917e-05, 9.25112544792e-06, 2.16095509131e-06, 4.90386128149e-07, 2.51442440202e-08, 6.0582278083e-10, 2.8054283896e-10],
        "min": [9.29432175667e-09, 2.36013170252e-06, 3.81369886782e-06, 3.30059776843e-07, 1.00007100627e-05, 7.90653302829e-06, 1.87383229786e-05, 8.36057370179e-06, 3.05047924485e-05, 2.47045009019e-05, 3.57110963023e-07, 1.34383003569e-06, 2.01301077141e-06, 2.90328756591e-07, 1.31792219804e-07, 1.42310398132e-07, 5.45014486875e-08, 7.56589528805e-08, 9.38431483632e-08, 3.35492629233e-08, 3.82942655364e-09, 1.42365086386e-09, 4.09116573952e-10, 2.30481148056e-10, 4.4421969575e-11, 2.78725480196e-11, 3.88265843088e-11],
        "var": [1.75579620287e-10, 3.94018170482e-05, 3.46904903381e-06, 9.26714335492e-07, 3.16783589369e-05, 1.3516611034e-05, 3.31999171976e-06, 7.27599626771e-07, 5.66697644899e-06, 0.00011620677833, 4.00168090664e-07, 4.02832398549e-07, 2.83896355313e-07, 6.83232954657e-08, 1.11185727292e-07, 4.24630428597e-07, 3.22177498902e-07, 2.78055864555e-07, 2.8461323609e-07, 9.01715736745e-07, 8.79980959212e-08, 2.05941717013e-08, 2.70385513979e-09, 1.23800869556e-09, 8.17398319169e-12, 1.61451120485e-14, 4.63089641165e-16]
    },
    "erbbands": {
        "dmean": [0.036849129945, 0.645486056805, 1.22694456577, 1.4881695509, 2.39965844154, 12.6067876816, 14.0577926636, 14.3734273911, 15.1184530258, 10.4375524521, 9.43536376953, 18.0883712769, 46.165309906, 33.3772621155, 8.53792572021, 8.25981044769, 7.7677693367, 4.65877246857, 4.46922540665, 7.74460935593, 8.76637840271, 11.5773534775, 10.2207641602, 11.254149437, 12.7487010956, 12.1985654831, 4.97277021408, 2.57376384735, 1.38727474213, 0.595213532448, 0.24212937057, 0.109199605882, 0.0431579574943, 0.00803674571216, 0.00123438262381, 0.000159546631039, 2.19001285586e-05, 3.10615860144e-06, 3.99084501623e-06, 8.70877283887e-06],
        "dmean2": [0.0576948411763, 1.05302631855, 1.99493181705, 2.39332056046, 4.01332092285, 22.171918869, 24.5422763824, 25.4932460785, 25.7832508087, 17.2999572754, 14.8918399811, 28.1668949127, 73.4889831543, 51.6845283508, 13.3473548889, 13.6682653427, 12.4351072311, 7.43125486374, 7.09053897858, 12.4223852158, 12.88139534, 17.9281616211, 16.0290470123, 17.6117992401, 20.306432724, 18.852848053, 7.56386137009, 3.90834069252, 2.00637555122, 0.859980225563, 0.326468735933, 0.152842000127, 0.0659839659929, 0.0123523082584, 0.00195435690694, 0.000248370604822, 2.90633815894e-05, 4.11080873164e-06, 5.82297025176e-06, 1.30446187541e-05],
        "dvar": [0.00468632159755, 1.29320108891, 3.16339421272, 7.07798528671, 22.6569843292, 982.395690918, 1176.16186523, 1514.15087891, 1311.69055176, 446.688476562, 187.644241333, 1989.82250977, 18283.1796875, 20440.515625, 437.346252441, 490.780273438, 193.198471069, 141.863555908, 46.5742111206, 224.79737854, 383.944519043, 578.053405762, 290.969390869, 321.682556152, 536.82800293, 623.651916504, 110.304267883, 34.559841156, 8.88798999786, 1.62907671928, 0.285723596811, 0.169014573097, 0.0567065775394, 0.00145038904157, 2.43946997216e-05, 4.30006707575e-07, 2.61882693309e-08, 7.44911077266e-10, 3.84438141043e-11, 1.54620566351e-10],
        "dvar2": [0.0103787276894, 3.30374836922, 7.86335515976, 17.1990032196, 58.9833145142, 2693.421875, 3239.96948242, 4233.11279297, 3670.87768555, 1158.99401855, 451.199127197, 3916.16967773, 42734.59375, 41671.515625, 1091.07202148, 1337.72546387, 480.632080078, 340.100372314, 106.332046509, 503.840545654, 696.850219727, 1209.75268555, 665.732543945, 755.304931641, 1331.36157227, 1323.5637207, 240.944732666, 80.8918075562, 19.4669876099, 3.88253116608, 0.587180614471, 0.264723360538, 0.142981767654, 0.00408167298883, 7.17660077498e-05, 9.5526718269e-07, 3.01349665222e-08, 7.98249633061e-10, 6.88875900767e-11, 3.30488358902e-10],
        "max": [0.68488574028, 11.1248044968, 16.7516689301, 28.8623695374, 57.9706573486, 281.439147949, 293.913543701, 398.332458496, 308.004180908, 421.783905029, 260.761535645, 807.443481445, 1672.56994629, 2500.875, 369.647094727, 535.684875488, 267.261016846, 230.926498413, 102.14654541, 277.984008789, 423.708282471, 463.765563965, 267.300720215, 259.506286621, 340.28036499, 548.963562012, 192.377685547, 128.08770752, 70.8404388428, 25.3630504608, 13.1901464462, 17.7154121399, 7.85804462433, 1.16117823124, 0.144022971392, 0.0132451895624, 0.00502483313903, 0.00094884482678, 0.000119247313705, 0.00010660620319],
        "mean": [0.062501475215, 1.37750196457, 2.53881955147, 2.14252090454, 2.7645573616, 10.7768306732, 14.0676927567, 14.4882192612, 17.6073741913, 15.8219032288, 19.3436164856, 38.4894561768, 111.885368347, 85.7116699219, 15.4984502792, 13.5508537292, 14.6030607224, 8.46141242981, 8.3067483902, 13.7275476456, 17.1296806335, 20.4897975922, 19.1949653625, 21.4633045197, 25.1230220795, 22.9782905579, 9.52589321136, 4.8819475174, 2.74553465843, 1.17652726173, 0.459513664246, 0.210157781839, 0.080613553524, 0.0140931112692, 0.00222725840285, 0.00028599621146, 4.1182316636e-05, 6.87108195052e-06, 1.3012522686e-05, 2.73717505479e-05],
        "median": [0.0256066117436, 0.465441524982, 1.58915030956, 1.28576850891, 1.05585730076, 2.9905872345, 4.36069726944, 6.31299066544, 7.42753314972, 9.84388256073, 12.6659221649, 19.5244064331, 17.1819801331, 11.3395795822, 6.41580915451, 7.15199899673, 7.74871253967, 4.21264982224, 5.25572109222, 6.89082765579, 7.38001489639, 11.0084934235, 10.4030208588, 11.7113666534, 13.233923912, 9.76694393158, 3.19639897346, 0.996756434441, 0.399229049683, 0.127651572227, 0.053623046726, 0.0177714973688, 0.00533734122291, 0.000724914541934, 9.41097605391e-05, 2.51027140621e-05, 1.11233921416e-05, 3.2800912777e-06, 1.06165471152e-05, 2.30750920309e-05],
        "min": [0.000132515357109, 0.00106530531775, 0.00334648624994, 0.00568311102688, 0.0203796643764, 0.0308184213936, 0.0312567278743, 0.0749125257134, 0.175950318575, 0.496351122856, 0.311776667833, 0.802594900131, 1.03825306892, 0.641609609127, 0.0636402070522, 0.06335952878, 0.0899120569229, 0.018042081967, 0.0105363754556, 0.00900163967162, 0.00804419070482, 0.00425321375951, 0.00575194880366, 0.00361597118899, 0.00349880731665, 0.00165837293025, 0.000494947482366, 0.000113938760478, 5.63760731893e-05, 2.4375571229e-05, 1.32560671773e-05, 7.59476915846e-06, 6.07784295426e-06, 3.07883988171e-06, 1.35815696467e-06, 9.72531324805e-07, 5.16137049544e-07, 1.46596519812e-07, 5.62742059174e-07, 1.26875931983e-06],
        "var": [0.00700735487044, 2.87654280663, 7.15254306793, 8.41362094879, 22.0766296387, 695.798950195, 986.235900879, 1029.15734863, 1057.66516113, 477.044372559, 422.917358398, 4975.70556641, 63049.9921875, 87175.390625, 962.295898438, 649.752685547, 497.639465332, 321.68572998, 99.3271255493, 575.538452148, 1234.81518555, 1114.76721191, 702.449462891, 749.318054199, 1215.19909668, 1737.27941895, 310.9793396, 107.612495422, 36.9037666321, 7.32643318176, 1.51158320904, 0.97717410326, 0.165361568332, 0.00419561751187, 6.57400014461e-05, 1.09763755063e-06, 4.40621228393e-08, 8.53379644727e-10, 8.23589252352e-11, 3.39120009851e-10]
    },
    "gfcc": {
        "mean": [-64.6940612793, 175.679779053, -172.52571106, 48.3087768555, -50.7662353516, -21.5679721832, 1.66827440262, -4.05626726151, -3.86534547806, -16.0596408844, 1.34338057041, -14.720998764, 2.49247312546],
        "cov": [[3614.93798828, -1758.47155762, -281.773590088, 1061.41882324, -967.724182129, 558.655212402, -779.976074219, -141.361907959, -92.7720565796, -147.627182007, 132.435775757, 12.1360664368, 115.170532227], [-1758.47155762, 1291.63830566, 281.985565186, -499.494689941, 648.924316406, -335.249664307, 444.675079346, 27.7630939484, 101.803573608, 56.3986358643, -36.1885223389, -21.3336200714, -27.2176456451], [-281.773590088, 281.985565186, 427.685577393, 29.291595459, 174.390182495, 42.0328903198, 57.0428848267, 64.978263855, 31.2318592072, 32.9848709106, -16.4773578644, 0.57696223259, 31.6976184845], [1061.41882324, -499.494689941, 29.291595459, 655.189819336, -187.135055542, 192.479614258, -291.180419922, -28.0630493164, 40.263710022, -1.84048938751, 96.4157562256, -28.6666088104, 17.1805229187], [-967.724182129, 648.924316406, 174.390182495, -187.135055542, 501.833404541, -133.208862305, 293.775268555, 84.5238952637, 73.6437606812, 84.6620635986, -34.4255828857, -7.2748374939, -5.93769025803], [558.655212402, -335.249664307, 42.0328903198, 192.479614258, -133.208862305, 232.130905151, -94.9204330444, 10.1550712585, -12.41984272, -21.3477020264, 8.89892959595, 9.91933250427, 27.6496582031], [-779.976074219, 444.675079346, 57.0428848267, -291.180419922, 293.775268555, -94.9204330444, 356.265686035, 106.360290527, 40.6804161072, 19.891998291, -54.7446670532, 3.16990017891, 8.01439476013], [-141.361907959, 27.7630939484, 64.978263855, -28.0630493164, 84.5238952637, 10.1550712585, 106.360290527, 131.567199707, 34.8227424622, 25.9919948578, -23.0888290405, -10.0511140823, 16.5998592377], [-92.7720565796, 101.803573608, 31.2318592072, 40.263710022, 73.6437606812, -12.41984272, 40.6804161072, 34.8227424622, 89.1402130127, 26.289264679, 8.12581443787, -15.2051115036, -12.6499176025], [-147.627182007, 56.3986358643, 32.9848709106, -1.84048938751, 84.6620635986, -21.3477020264, 19.891998291, 25.9919948578, 26.289264679, 102.366668701, 14.1561288834, -3.61092448235, -24.7886772156], [132.435775757, -36.1885223389, -16.4773578644, 96.4157562256, -34.4255828857, 8.89892959595, -54.7446670532, -23.0888290405, 8.12581443787, 14.1561288834, 77.3049468994, 9.46651744843, 0.668633282185], [12.1360664368, -21.3336200714, 0.57696223259, -28.6666088104, -7.2748374939, 9.91933250427, 3.16990017891, -10.0511140823, -15.2051115036, -3.61092448235, 9.46651744843, 57.3257713318, 26.4411697388], [115.170532227, -27.2176456451, 31.6976184845, 17.1805229187, -5.93769025803, 27.6496582031, 8.01439476013, 16.5998592377, -12.6499176025, -24.7886772156, 0.668633282185, 26.4411697388, 75.8319320679]],
        "icov": [[0.00155008782167, 0.000657231546938, 0.000369961751858, -0.00122442352585, 0.00105626450386, -0.000933928124141, 0.000320480234222, 0.000620312581304, -0.000337354053045, 4.27946506534e-05, 0.000236448497162, 0.000459038390545, -0.00194641074631], [0.000657231546938, 0.0132096568123, -0.00673008384183, 0.00554402591661, -0.00955490395427, 0.00689423736185, -0.00396023364738, 0.0115252053365, -0.0083449408412, 0.00626528309658, -0.00894606020302, 0.0081046987325, -0.00215721409768], [0.000369961751858, -0.00673008384183, 0.00710191484541, -0.00334343919531, 0.00358025287278, -0.00528911687434, 0.00362162478268, -0.00694450456649, 0.00414267554879, -0.00325464946218, 0.00524351885542, -0.00393683928996, -0.000888668233529], [-0.00122442352585, 0.00554402591661, -0.00334343919531, 0.00834171380848, -0.00677380338311, 0.00147851905786, 0.00184124568477, 0.00370612251572, -0.00610085390508, 0.00376767665148, -0.0079986397177, 0.00616987794638, -0.000585138681345], [0.00105626450386, -0.00955490395427, 0.00358025287278, -0.00677380338311, 0.0152460262179, -0.00383007340133, -0.00233876239508, -0.00603671837598, 0.00479720719159, -0.00875393208116, 0.00851463992149, -0.00577736087143, -0.00095855165273], [-0.000933928124141, 0.00689423736185, -0.00528911687434, 0.00147851905786, -0.00383007340133, 0.0123687852174, -0.00390756549314, 0.00493972050026, -0.00326025532559, 0.00320637412369, -0.0030261001084, 0.00175154174212, 0.000210868558497], [0.000320480234222, -0.00396023364738, 0.00362162478268, 0.00184124568477, -0.00233876239508, -0.00390756549314, 0.0132458768785, -0.00944872107357, 0.000576624530368, 0.0018615834415, 0.00195391126908, -0.00255837640725, -0.000349488022039], [0.000620312581304, 0.0115252053365, -0.00694450456649, 0.00370612251572, -0.00603671837598, 0.00493972050026, -0.00944872107357, 0.0246197395027, -0.0102782938629, 0.000516272848472, -0.0045931939967, 0.0103760370985, -0.00653011258692], [-0.000337354053045, -0.0083449408412, 0.00414267554879, -0.00610085390508, 0.00479720719159, -0.00326025532559, 0.000576624530368, -0.0102782938629, 0.0220297966152, -0.00477688806131, 0.00401533348486, -0.00392272789031, 0.00436691800132], [4.27946506534e-05, 0.00626528309658, -0.00325464946218, 0.00376767665148, -0.00875393208116, 0.00320637412369, 0.0018615834415, 0.000516272848472, -0.00477688806131, 0.0186709817499, -0.00845871679485, 0.00136134680361, 0.00543267978355], [0.000236448497162, -0.00894606020302, 0.00524351885542, -0.0079986397177, 0.00851463992149, -0.0030261001084, 0.00195391126908, -0.0045931939967, 0.00401533348486, -0.00845871679485, 0.0259989202023, -0.0104785570875, -5.14187922818e-05], [0.000459038390545, 0.0081046987325, -0.00393683928996, 0.00616987794638, -0.00577736087143, 0.00175154174212, -0.00255837640725, 0.0103760370985, -0.00392272789031, 0.00136134680361, -0.0104785570875, 0.0304274708033, -0.0113589167595], [-0.00194641074631, -0.00215721409768, -0.000888668233529, -0.000585138681345, -0.00095855165273, 0.000210868558497, -0.000349488022039, -0.00653011258692, 0.00436691800132, 0.00543267978355, -5.14187922818e-05, -0.0113589167595, 0.0236528571695]]
    },
    "melbands": {
        "dmean": [0.000521071022376, 0.000742172589526, 0.000245885108598, 0.000494278268889, 0.000539869186468, 0.000325519737089, 0.000222413509618, 0.000106207633507, 7.94030929683e-05, 0.000110195716843, 0.000239847155171, 0.000155830173753, 2.71921016974e-05, 2.45970732067e-05, 1.78790342034e-05, 1.75206059794e-05, 8.46716466185e-06, 7.16962904335e-06, 1.05942071968e-05, 1.33907069539e-05, 1.0070625649e-05, 1.23679665194e-05, 1.28216752273e-05, 8.98719463294e-06, 9.80819095275e-06, 1.00592733361e-05, 1.28202964333e-05, 7.7838631114e-06, 4.12915233028e-06, 1.76193236712e-06, 1.49940012761e-06, 8.51937670632e-07, 5.63471189707e-07, 2.90291012561e-07, 1.61241260344e-07, 9.47162419607e-08, 5.99186904537e-08, 4.06908107209e-08, 1.05739124123e-08, 5.38851985254e-09],
        "dmean2": [0.000826476083603, 0.00121815945022, 0.00039495958481, 0.000857115432154, 0.000948500586674, 0.000575624464545, 0.000377489021048, 0.00017423722602, 0.000124657672131, 0.000171391904587, 0.000382071855711, 0.00023994523508, 4.33511268056e-05, 4.11811597587e-05, 2.96215293929e-05, 2.75769416476e-05, 1.35135423989e-05, 1.15979710245e-05, 1.63971217262e-05, 2.12469967664e-05, 1.49118895933e-05, 1.94034837477e-05, 2.04691950785e-05, 1.43410852615e-05, 1.55033958436e-05, 1.62806627486e-05, 2.07835146284e-05, 1.18439693324e-05, 6.51900199955e-06, 2.78513107332e-06, 2.31900298786e-06, 1.26104373521e-06, 8.3356860614e-07, 4.25862538123e-07, 2.29502731486e-07, 1.36545935447e-07, 8.62690043846e-08, 6.42104751591e-08, 1.62003992443e-08, 8.56666293458e-09],
        "dvar": [8.84535438672e-07, 1.36052824473e-06, 1.89253285043e-07, 1.29882619149e-06, 1.78905611392e-06, 7.64717754009e-07, 2.56646302432e-07, 4.29880238073e-08, 1.46109631061e-08, 7.24185156287e-08, 5.11992084284e-07, 4.01045923581e-07, 4.08691613885e-09, 3.70887920376e-09, 1.54538548625e-09, 1.39693889789e-09, 4.90433971212e-10, 1.18524925985e-10, 5.35018640502e-10, 9.47178446786e-10, 4.56740090193e-10, 9.04846586547e-10, 5.37892175245e-10, 2.32406677236e-10, 2.64027910646e-10, 2.45516051933e-10, 7.41076977562e-10, 2.97530500237e-10, 7.93143051236e-11, 1.55029704352e-11, 1.21330601816e-11, 3.2097475719e-12, 1.74183074648e-12, 4.59845811603e-13, 1.50643711914e-13, 8.02375472921e-14, 7.15688427033e-14, 6.58119731129e-14, 1.97988466882e-15, 8.57960995763e-16],
        "dvar2": [2.1468244995e-06, 3.39640223501e-06, 4.58286052663e-07, 3.5060954815e-06, 4.93299512527e-06, 2.13174234887e-06, 7.20197817827e-07, 1.0981759857e-07, 3.49764341934e-08, 1.40987154396e-07, 1.19816388633e-06, 8.27900123568e-07, 9.93532545124e-09, 9.80768621872e-09, 4.1421177599e-09, 3.25621707375e-09, 1.15398590683e-09, 2.85078377571e-10, 1.23338872449e-09, 2.32718888604e-09, 8.45149172868e-10, 1.97023930504e-09, 1.23106291827e-09, 5.92857318793e-10, 6.23170071101e-10, 6.31714736077e-10, 1.75503134248e-09, 6.20464180034e-10, 1.69167693742e-10, 3.8582650963e-11, 2.88322699049e-11, 7.3884951976e-12, 3.77773116608e-12, 1.13099655509e-12, 3.4663277023e-13, 1.74377060101e-13, 1.12680027255e-13, 1.72105954705e-13, 5.39594546345e-15, 2.569159561e-15],
        "max": [0.00959314964712, 0.011021297425, 0.00468964315951, 0.0103881023824, 0.0112326238304, 0.00866465270519, 0.00427609495819, 0.00439666444436, 0.00220143166371, 0.00452750269324, 0.00879700854421, 0.0108268745244, 0.00111398217268, 0.00109693850391, 0.000777868146542, 0.000915081531275, 0.000496176653542, 0.000124542828416, 0.000478379399283, 0.000464525684947, 0.000420181604568, 0.000608761212789, 0.000384435930755, 0.000267126772087, 0.000248876574915, 0.000185718454304, 0.000488526420668, 0.000329182192218, 0.000152818305651, 6.11485520494e-05, 7.15856731404e-05, 4.11173568864e-05, 2.3005726689e-05, 1.33096082209e-05, 8.92122898222e-06, 1.13010191853e-05, 1.17352865345e-05, 8.35957325762e-06, 1.30301634726e-06, 7.83358245826e-07],
        "mean": [0.00102972798049, 0.00164398609195, 0.000368598586647, 0.000462515366962, 0.000516357773449, 0.000331200193614, 0.00026997239911, 0.000169076010934, 0.000162956654094, 0.000221941372729, 0.000578218896408, 0.000397616677219, 4.47475758847e-05, 3.74343435396e-05, 2.95349636872e-05, 3.19769933412e-05, 1.31293581944e-05, 1.21323328131e-05, 1.64784887602e-05, 2.11318438232e-05, 1.93625000975e-05, 2.03161125683e-05, 2.09449863178e-05, 1.59261053341e-05, 1.73366879608e-05, 1.75701934495e-05, 2.18243476411e-05, 1.35675509227e-05, 7.13200506652e-06, 3.13639975502e-06, 2.61441914517e-06, 1.54549684339e-06, 1.09765835532e-06, 5.11235214162e-07, 2.8202666158e-07, 1.59089367457e-07, 1.16677774997e-07, 7.04755223069e-08, 1.75833427818e-08, 8.78750938682e-09],
        "median": [0.000394286646042, 0.000741666997783, 0.000225641095312, 0.000143779805512, 0.000171800988028, 0.000143283599755, 0.000121458360809, 0.00010905162344, 0.000103621307062, 0.000110071079689, 7.77201712481e-05, 4.58843751403e-05, 1.72147210833e-05, 1.82966432476e-05, 1.69396334968e-05, 1.42215849337e-05, 6.07109950579e-06, 7.80570735515e-06, 8.21077446744e-06, 9.07193953026e-06, 7.5888833635e-06, 1.02320782389e-05, 1.10692417365e-05, 8.08259392215e-06, 8.95615448826e-06, 1.03462944026e-05, 8.48157287692e-06, 5.44036402061e-06, 2.24865675591e-06, 7.70265558003e-07, 4.50335676305e-07, 2.34834274693e-07, 1.17680123424e-07, 5.30544248534e-08, 3.24287547926e-08, 1.65225024773e-08, 8.46369907492e-09, 4.28480095849e-09, 1.01326180779e-09, 2.966029089e-10],
