{
"highlevel": {
    "danceability": {
        "all": {
            "danceable": 0.149492040277,
            "not_danceable": 0.850507974625
        },
        "probability": 0.850507974625,
        "value": "not_danceable"
    },
    "gender": {
        "all": {
            "female": 0.137437164783,
            "male": 0.862562835217
        },
        "probability": 0.862562835217,
        "value": "male"
    },
    "genre_dortmund": {
        "all": {
            "alternative": 0.175637081265,
            "blues": 0.0792674571276,
            "electronic": 0.0549283958972,
            "folkcountry": 0.195118770003,
            "funksoulrnb": 0.0123692108318,
            "jazz": 0.0383487418294,
            "pop": 0.0358193702996,
            "raphiphop": 0.00105579255614,
            "rock": 0.407455176115
        },
        "probability": 0.407455176115,
        "value": "rock"
    },
    "genre_electronic": {
        "all": {
            "ambient": 0.876308202744,
            "dnb": 0.0852218642831,
            "house": 0.0163441039622,
            "techno": 0.00188234017696,
            "trance": 0.0202434789389
        },
        "probability": 0.876308202744,
        "value": "ambient"
    },
    "genre_rosamerica": {
        "all": {
            "cla": 0.366713345051,
            "dan": 0.0182544700801,
            "hip": 0.0230231899768,
            "jaz": 0.132163673639,
            "pop": 0.116998776793,
            "rhy": 0.129780635238,
            "roc": 0.196058496833,
            "spe": 0.0170074179769
        },
        "probability": 0.366713345051,
        "value": "cla"
    },
    "genre_tzanetakis": {
        "all": {
            "blu": 0.0626613423228,
            "cla": 0.0348169617355,
            "cou": 0.104475811124,
            "dis": 0.0784321576357,
            "hip": 0.15692435205,
            "jaz": 0.313974827528,
            "met": 0.0448166541755,
            "pop": 0.0627359300852,
            "reg": 0.0627360641956,
            "roc": 0.0784258767962
        },
        "probability": 0.313974827528,
        "value": "jaz"
    },
    "ismir04_rhythm": {
        "all": {
            "ChaChaCha": 0.0868476480246,
            "Jive": 0.0203803293407,
            "Quickstep": 0.705178558826,
            "Rumba-American": 0.00556479301304,
            "Rumba-International": 0.00365033862181,
            "Rumba-Misc": 0.001236768323,
            "Samba": 0.0592291280627,
            "Tango": 0.0908463746309,
            "VienneseWaltz": 0.0198105555028,
            "Waltz": 0.00725548528135
        },
        "probability": 0.705178558826,
        "value": "Quickstep"
    },
    "mood_acoustic": {
        "all": {
            "acoustic": 0.638172268867,
            "not_acoustic": 0.361827760935
        },
        "probability": 0.638172268867,
        "value": "acoustic"
    },
    "mood_aggressive": {
        "all": {
            "aggressive": 0.221393048763,
            "not_aggressive": 0.778606951237
        },
        "probability": 0.778606951237,
        "value": "not_aggressive"
    },
    "mood_electronic": {
        "all": {
            "electronic": 0.344171524048,
            "not_electronic": 0.655828475952
        },
        "probability": 0.655828475952,
        "value": "not_electronic"
    },
    "mood_happy": {
        "all": {
            "happy": 0.922218799591,
            "not_happy": 0.0777811855078
        },
        "probability": 0.922218799591,
        "value": "happy"
    },
    "mood_party": {
        "all": {
            "not_party": 0.805272519588,
            "party": 0.194727480412
        },
        "probability": 0.805272519588,
        "value": "not_party"
    },
    "mood_relaxed": {
        "all": {
            "not_relaxed": 0.602397382259,
            "relaxed": 0.397602617741
        },
        "probability": 0.602397382259,
        "value": "not_relaxed"
    },
    "mood_sad": {
        "all": {
            "not_sad": 0.401755750179,
            "sad": 0.598244249821
        },
        "probability": 0.598244249821,
        "value": "sad"
    },
    "moods_mirex": {
        "all": {
            "Cluster1": 0.216141492128,
            "Cluster2": 0.211284995079,
            "Cluster3": 0.229869693518,
            "Cluster4": 0.261580437422,
            "Cluster5": 0.0811233818531
        },
        "probability": 0.261580437422,
        "value": "Cluster4"
    },
    "timbre": {
        "all": {
            "bright": 0.985437750816,
            "dark": 0.0145622640848
        },
        "probability": 0.985437750816,
        "value": "bright"
    },
    "tonal_atonal": {
        "all": {
            "atonal": 0.00953726097941,
            "tonal": 0.990462720394
        },
        "probability": 0.990462720394,
        "value": "tonal"
    },
    "voice_instrumental": {
        "all": {
            "instrumental": 0.0259037446231,
            "voice": 0.974096238613
        },
        "probability": 0.974096238613,
        "value": "voice"
    }
},
"lowlevel": {
    "average_loudness": 0.925417900085,
    "barkbands_crest": {
        "dmean": 2.20133709908,
        "dmean2": 3.57299113274,
        "dvar": 4.14895153046,
        "dvar2": 9.97246742249,
        "max": 22.9609603882,
        "mean": 8.18393611908,
        "median": 7.38860273361,
        "min": 2.86169576645,
        "var": 12.9783763885
    },
    "barkbands_flatness_db": {
        "dmean": 0.0147348856553,
        "dmean2": 0.0231476575136,
        "dvar": 0.000155067522428,
        "dvar2": 0.000399797951104,
        "max": 0.235634550452,
        "mean": 0.141738161445,
        "median": 0.138960763812,
        "min": 0.0692808181047,
        "var": 0.000642958213575
    },
    "barkbands_kurtosis": {
        "dmean": 0.825154483318,
        "dmean2": 1.33316266537,
        "dvar": 1.35118222237,
        "dvar2": 3.18157362938,
        "max": 18.0300350189,
        "mean": 0.180345475674,
        "median": -0.356034994125,
        "min": -1.63439071178,
        "var": 3.1862642765
    },
    "barkbands_skewness": {
        "dmean": 0.332239955664,
        "dmean2": 0.525542736053,
        "dvar": 0.0894596129656,
        "dvar2": 0.212876245379,
        "max": 4.08582782745,
        "mean": 0.370739817619,
        "median": 0.311517715454,
        "min": -1.03333115578,
        "var": 0.36899715662
    },
    "barkbands_spread": {
        "dmean": 3.85988521576,
        "dmean2": 6.12490224838,
        "dvar": 11.0714187622,
        "dvar2": 26.5076942444,
        "max": 42.8747673035,
        "mean": 21.4596405029,
        "median": 21.6114463806,
        "min": 3.89617609978,
        "var": 50.2278175354
    },
    "dissonance": {
        "dmean": 0.0193376764655,
        "dmean2": 0.0327536724508,
        "dvar": 0.000356829055818,
        "dvar2": 0.000963525031693,
        "max": 0.49994173646,
        "mean": 0.469025760889,
        "median": 0.475072026253,
        "min": 0.344411998987,
        "var": 0.000574064149987
    },
    "dynamic_complexity": 2.24423003197,
    "erbbands_crest": {
        "dmean": 3.10177350044,
        "dmean2": 5.0318031311,
        "dvar": 8.27604389191,
        "dvar2": 20.611618042,
        "max": 29.7425098419,
        "mean": 10.8125019073,
        "median": 9.68581771851,
        "min": 3.06383991241,
        "var": 23.6287727356
    },
    "erbbands_flatness_db": {
        "dmean": 0.0158043205738,
        "dmean2": 0.0233585648239,
        "dvar": 0.000190232705791,
        "dvar2": 0.000417303614086,
        "max": 0.31439897418,
        "mean": 0.196769878268,
        "median": 0.19317817688,
        "min": 0.0901416987181,
        "var": 0.00117598671932
    },
    "erbbands_kurtosis": {
        "dmean": 0.956541240215,
        "dmean2": 1.55371665955,
        "dvar": 1.50243639946,
        "dvar2": 4.01292848587,
        "max": 14.0153846741,
        "mean": 1.20360088348,
        "median": 0.671349287033,
        "min": -1.49495732784,
        "var": 3.29617071152
    },
    "erbbands_skewness": {
        "dmean": 0.351947635412,
        "dmean2": 0.552145957947,
        "dvar": 0.103968724608,
        "dvar2": 0.250225782394,
        "max": 2.83202290535,
        "mean": 0.140480518341,
        "median": 0.0445210039616,
        "min": -2.13924145699,
        "var": 0.437049210072
    },
    "erbbands_spread": {
        "dmean": 4.06524085999,
        "dmean2": 6.3243894577,
        "dvar": 14.8968725204,
        "dvar2": 34.9952354431,
        "max": 62.3856239319,
        "mean": 20.5838794708,
        "median": 19.8547058105,
        "min": 3.97045826912,
        "var": 74.2063522339
    },
    "hfc": {
        "dmean": 5.31384181976,
        "dmean2": 7.54330539703,
        "dvar": 47.5747642517,
        "dvar2": 96.4840698242,
        "max": 107.13369751,
        "mean": 20.5073661804,
        "median": 15.4806423187,
        "min": 1.73398852348,
        "var": 247.358352661
    },
    "melbands_crest": {
        "dmean": 2.90134453773,
        "dmean2": 4.78755474091,
        "dvar": 6.8428068161,
        "dvar2": 17.8823070526,
        "max": 29.3468723297,
        "mean": 11.3156938553,
        "median": 10.6350269318,
        "min": 3.57919979095,
        "var": 18.8934288025
    },
    "melbands_flatness_db": {
        "dmean": 0.0174424648285,
        "dmean2": 0.0273741818964,
        "dvar": 0.000233172308072,
        "dvar2": 0.00060163193848,
        "max": 0.300424784422,
        "mean": 0.17490786314,
        "median": 0.173047348857,
        "min": 0.0762998536229,
        "var": 0.00102261663415
    },
    "melbands_kurtosis": {
        "dmean": 1.60345113277,
        "dmean2": 2.56053614616,
        "dvar": 6.3664598465,
        "dvar2": 13.3981227875,
        "max": 67.4542541504,
        "mean": 1.78731441498,
        "median": 0.753720760345,
        "min": -1.41846895218,
        "var": 17.8180599213
    },
    "melbands_skewness": {
        "dmean": 0.433009237051,
        "dmean2": 0.670934677124,
        "dvar": 0.161427676678,
        "dvar2": 0.367878854275,
        "max": 7.10017442703,
        "mean": 1.00385951996,
        "median": 0.953589916229,
        "min": -1.0392370224,
        "var": 0.814756393433
    },
    "melbands_spread": {
        "dmean": 5.84979438782,
        "dmean2": 9.44697475433,
        "dvar": 26.7135429382,
        "dvar2": 68.436164856,
        "max": 58.6356544495,
        "mean": 30.5365943909,
        "median": 30.4153213501,
        "min": 5.04639863968,
        "var": 91.5536727905
    },
    "pitch_salience": {
        "dmean": 0.0606360472739,
        "dmean2": 0.0982457771897,
        "dvar": 0.00245576980524,
        "dvar2": 0.0062182364054,
        "max": 0.779713630676,
        "mean": 0.551958322525,
        "median": 0.549935936928,
        "min": 0.207445979118,
        "var": 0.00778474519029
    },
    "silence_rate_20dB": {
        "dmean": 0,
        "dmean2": 0,
        "dvar": 0,
        "dvar2": 0,
        "max": 1,
        "mean": 1,
        "median": 1,
        "min": 1,
        "var": 0
    },
    "silence_rate_30dB": {
        "dmean": 0,
        "dmean2": 0,
        "dvar": 0,
        "dvar2": 0,
        "max": 1,
        "mean": 1,
        "median": 1,
        "min": 1,
        "var": 0
    },
    "silence_rate_60dB": {
        "dmean": 0,
        "dmean2": 0,
        "dvar": 0,
        "dvar2": 0,
        "max": 0,
        "mean": 0,
        "median": 0,
        "min": 0,
        "var": 0
    },
    "spectral_centroid": {
        "dmean": 174.135879517,
        "dmean2": 279.325286865,
        "dvar": 22712.7480469,
        "dvar2": 57867.125,
        "max": 2269.55908203,
        "mean": 1405.39331055,
        "median": 1380.06738281,
        "min": 718.487060547,
        "var": 85858.25
    },
    "spectral_complexity": {
        "dmean": 3.10758519173,
        "dmean2": 4.74825716019,
        "dvar": 7.08827161789,
        "dvar2": 14.9691505432,
        "max": 43,
        "mean": 22.1376647949,
        "median": 22,
        "min": 5,
        "var": 32.6927947998
    },
    "spectral_decrease": {
        "dmean": 1.5032088907e-09,
        "dmean2": 2.29192242962e-09,
        "dvar": 3.2936532874e-18,
        "dvar2": 7.52444678773e-18,
        "max": -9.98240268224e-10,
        "mean": -5.45973666277e-09,
        "median": -4.38443636952e-09,
        "min": -2.34910455532e-08,
        "var": 1.28440850117e-17
    },
    "spectral_energy": {
        "dmean": 0.00609590345994,
        "dmean2": 0.0092135053128,
        "dvar": 5.47706658836e-05,
        "dvar2": 0.000124028127175,
        "max": 0.0983780622482,
        "mean": 0.0224663745612,
        "median": 0.018022865057,
        "min": 0.00402579735965,
        "var": 0.000221268302994
    },
    "spectral_energyband_high": {
        "dmean": 6.17901459918e-05,
        "dmean2": 9.0023233497e-05,
        "dvar": 1.0869317002e-08,
        "dvar2": 2.53019027951e-08,
        "max": 0.00255336472765,
        "mean": 0.000205485761398,
        "median": 0.000164858618518,
        "min": 1.82731291716e-05,
        "var": 2.82928702688e-08
    },
    "spectral_energyband_low": {
        "dmean": 0.00213911570609,
        "dmean2": 0.00364968017675,
        "dvar": 8.54555946717e-06,
        "dvar2": 2.30298064707e-05,
        "max": 0.0268370434642,
        "mean": 0.00432708347216,
        "median": 0.00352433160879,
        "min": 0.000260151457042,
        "var": 1.0718120393e-05
    },
    "spectral_energyband_middle_high": {
        "dmean": 0.00379244121723,
        "dmean2": 0.00570793962106,
        "dvar": 4.00717726734e-05,
        "dvar2": 9.07990179257e-05,
        "max": 0.0908391624689,
        "mean": 0.0114196995273,
        "median": 0.00742838578299,
        "min": 0.000479958223877,
        "var": 0.000152133827214
    },
    "spectral_energyband_middle_low": {
        "dmean": 0.00316073768772,
        "dmean2": 0.00489633344114,
        "dvar": 2.22513208428e-05,
        "dvar2": 5.05261668877e-05,
        "max": 0.0758409872651,
        "mean": 0.00794133171439,
        "median": 0.00587625708431,
        "min": 0.000587748771068,
        "var": 5.2761992265e-05
    },
    "spectral_entropy": {
        "dmean": 0.0974487513304,
        "dmean2": 0.148070573807,
        "dvar": 0.00671975314617,
        "dvar2": 0.0141987595707,
        "max": 8.24680042267,
        "mean": 7.518430233,
        "median": 7.53319883347,
        "min": 6.65340042114,
        "var": 0.0357817597687
    },
    "spectral_flux": {
        "dmean": 0.019312992692,
        "dmean2": 0.0296799130738,
        "dvar": 0.00035489173024,
        "dvar2": 0.000864077941515,
        "max": 0.218883961439,
        "mean": 0.0798756852746,
        "median": 0.0733822435141,
        "min": 0.0211889445782,
        "var": 0.00107880064752
    },
    "spectral_kurtosis": {
        "dmean": 1.99681591988,
        "dmean2": 3.47421717644,
        "dvar": 2.91307234764,
        "dvar2": 8.68949794769,
        "max": 23.1597824097,
        "mean": 5.86248970032,
        "median": 5.53179550171,
        "min": 0.697093725204,
        "var": 6.30243110657
    },
    "spectral_rms": {
        "dmean": 0.000603258959018,
        "dmean2": 0.000894949771464,
        "dvar": 3.54249493739e-07,
        "dvar2": 7.45285205994e-07,
        "max": 0.00979686714709,
        "mean": 0.0044800741598,
        "median": 0.0041932426393,
        "min": 0.00198181928135,
        "var": 1.84733971764e-06
    },
    "spectral_rolloff": {
        "dmean": 251.747848511,
        "dmean2": 423.441619873,
        "dvar": 84207.953125,
        "dvar2": 205852.328125,
        "max": 3725.24414062,
        "mean": 1542.06518555,
        "median": 1550.390625,
        "min": 107.666015625,
        "var": 209592.875
    },
    "spectral_skewness": {
        "dmean": 0.218051537871,
        "dmean2": 0.370501846075,
        "dvar": 0.0311011802405,
        "dvar2": 0.0869556888938,
        "max": 4.07945203781,
        "mean": 1.67753970623,
        "median": 1.65210652351,
        "min": 0.802012145519,
        "var": 0.11613047868
    },
    "spectral_spread": {
        "dmean": 263059.25,
        "dmean2": 393905.3125,
        "dvar": 75814658048,
        "dvar2": 150692741120,
        "max": 7571174.5,
        "mean": 3124401.5,
        "median": 2983926.25,
        "min": 1998756.5,
        "var": 367754051584
    },
    "spectral_strongpeak": {
        "dmean": 0.867413282394,
        "dmean2": 1.44655632973,
        "dvar": 1.24372112751,
        "dvar2": 2.85480475426,
        "max": 9.85383415222,
        "mean": 1.57186865807,
        "median": 0.684393525124,
        "min": 0,
        "var": 3.2150247097
    },
    "zerocrossingrate": {
        "dmean": 0.00495990971103,
        "dmean2": 0.00633404031396,
        "dvar": 1.74964261532e-05,
        "dvar2": 2.61449786194e-05,
        "max": 0.11865234375,
        "mean": 0.0543944574893,
        "median": 0.05419921875,
        "min": 0.01025390625,
        "var": 0.000118999494589
    },
    "barkbands": {
        "dmean": [1.6171255993e-05, 0.00129815225955, 0.00095935043646, 0.000483812706079, 0.000865108566359, 0.00047989084851, 0.000507564633153, 0.000441333540948, 0.000808948592748, 0.0027249713894, 0.000879071070813, 0.000728461367544, 0.00079280056525, 0.00080319592962, 0.000376265204977, 0.000232195321587, 0.000261285895249, 0.000196512017283, 0.000100431578176, 3.82049183827e-05, 2.49430249823e-05, 2.24887735385e-05, 1.2736935787e-05, 7.19894842405e-06, 3.76844877792e-06, 8.89951252248e-07, 1.48815526568e-09],
        "dmean2": [2.54691403825e-05, 0.00216644420289, 0.00169084698427, 0.000857476959936, 0.00148667267058, 0.000817427819129, 0.000831469194964, 0.000714797002729, 0.00126523827203, 0.00422599446028, 0.00131675216835, 0.00114460790064, 0.00126028503291, 0.00123202952091, 0.000597024045419, 0.000366799067706, 0.000406104576541, 0.00031596730696, 0.00016297561524, 5.85219167988e-05, 3.96448995161e-05, 3.49038527929e-05, 1.9282413632e-05, 1.07282903627e-05, 5.61374963581e-06, 1.39028281865e-06, 2.17327755792e-09],
        "dvar": [7.64431073996e-10, 2.49956246989e-06, 2.73835371445e-06, 6.37456594177e-07, 1.07863593257e-06, 4.39194195678e-07, 6.67568713197e-07, 4.44804783228e-07, 2.47688672061e-06, 3.75488343707e-05, 4.7276762416e-06, 1.72249917796e-06, 3.11917688123e-06, 1.56256680839e-06, 4.5835284368e-07, 2.15709420104e-07, 1.10167569289e-07, 7.37348457847e-08, 2.22762857049e-08, 5.15309572791e-09, 9.81345893436e-10, 3.83860632169e-09, 5.43503131389e-10, 1.3992663972e-10, 3.65135664759e-11, 1.52325417904e-12, 4.5649787195e-16],
        "dvar2": [1.50870149707e-09, 6.46973649054e-06, 7.54889242671e-06, 1.85049032098e-06, 2.96606231132e-06, 1.17373940611e-06, 1.5074726889e-06, 1.18166451557e-06, 5.07934646521e-06, 9.12460745894e-05, 9.78864500212e-06, 4.12000099459e-06, 7.40823406886e-06, 3.80821416002e-06, 1.02778881228e-06, 5.1661015732e-07, 2.5211988941e-07, 1.83180290492e-07, 4.7496612865e-08, 1.03806847562e-08, 2.241621333e-09, 9.95380133872e-09, 1.20468479636e-09, 3.25061783046e-10, 7.96381988133e-11, 3.20315150272e-12, 4.58328521908e-16],
        "max": [0.000504250754602, 0.0161111894995, 0.015976684168, 0.00689237192273, 0.0102892788127, 0.0105434209108, 0.0114224245772, 0.00762471323833, 0.0171352997422, 0.0666968598962, 0.0589656196535, 0.0291185695678, 0.036268722266, 0.0167813207954, 0.00888403877616, 0.00959898624569, 0.00504546007141, 0.0036529880017, 0.00308817951009, 0.00179664092138, 0.000859852996655, 0.00163191254251, 0.000453180487966, 0.000173073451151, 8.93291435204e-05, 1.36147546073e-05, 7.66042546729e-07],
        "mean": [1.7483755073e-05, 0.00267541222274, 0.00130552693736, 0.00059891975252, 0.00127407081891, 0.000915050855838, 0.000952668022364, 0.000750408391468, 0.00127510202583, 0.00449335947633, 0.0015515795676, 0.00132447003853, 0.00148104387335, 0.00135843222961, 0.000653867260553, 0.000458496360807, 0.000525097129866, 0.000383993959986, 0.000219149384066, 8.49801435834e-05, 6.20110295131e-05, 5.03423761984e-05, 2.95132631436e-05, 1.61176594702e-05, 7.66944685893e-06, 1.61659966125e-06, 1.37166777936e-09],
        "median": [6.66991900289e-06, 0.0020231353119, 0.000697389710695, 0.000406860868679, 0.00095304264687, 0.000544315436855, 0.000465395743959, 0.000467954319902, 0.000522414513398, 0.000981303281151, 0.000610695919022, 0.000726437254343, 0.000651384238154, 0.000627510715276, 0.00029208950582, 0.000241042376729, 0.000341877253959, 0.000264742964646, 0.000152820983203, 6.00653402216e-05, 4.74215266877e-05, 3.20311955875e-05, 2.03569943551e-05, 1.03701004264e-05, 4.76629702462e-06, 1.00805505099e-06, 3.03405300883e-10],
        "min": [1.59788182685e-08, 1.32981940624e-05, 9.29677480599e-06, 3.67121992895e-06, 5.97819889663e-05, 1.91957078641e-05, 1.56546557264e-05, 1.1382878256e-05, 1.65232777363e-05, 1.9734749003e-05, 1.13540490929e-05, 1.85162098205e-05, 1.44605910464e-05, 2.03586059797e-05, 1.52313259605e-05, 6.19906495558e-06, 3.09578763336e-06, 6.62644879412e-06, 4.93729294249e-06, 4.17594765167e-06, 3.77655487682e-06, 2.72112538369e-06, 1.9471849555e-06, 1.23500478821e-06, 1.06477104911e-09, 2.97469653077e-11, 9.99437945598e-12],
        "var": [8.9333879183e-10, 4.97287965118e-06, 2.59689682025e-06, 5.13691588822e-07, 1.31133572268e-06, 1.34890797199e-06, 2.11468773159e-06, 7.54307222905e-07, 4.75995011584e-06, 8.21785142762e-05, 1.39882995427e-05, 5.03322371515e-06, 7.97588927526e-06, 3.39950452144e-06, 1.26335703499e-06, 6.06689184224e-07, 3.05945377477e-07, 1.62399189207e-07, 6.43327382477e-08, 1.1993963156e-08, 3.57959528685e-09, 5.15876408258e-09, 1.04143915713e-09, 2.79671175107e-10, 7.27978510806e-11, 3.42114791357e-12, 4.56492525055e-16]
    },
    "erbbands": {
        "dmean": [0.0173985734582, 0.359492629766, 1.06831729412, 1.39526307583, 2.51744747162, 3.0931828022, 2.86842727661, 4.17075538635, 7.04167222977, 7.68525123596, 9.63876247406, 16.2020492554, 76.3068618774, 56.0748977661, 34.3767204285, 31.0398483276, 36.2958908081, 39.8414802551, 22.7269649506, 14.7523384094, 12.6415510178, 12.6850042343, 11.7923402786, 5.4929227829, 4.85197544098, 1.65920352936, 1.05987823009, 0.930123448372, 0.900574982166, 0.516139805317, 0.347766339779, 0.176731660962, 0.11488622427, 0.0553587675095, 0.0224511120468, 0.00589618692175, 0.00148208532482, 0.000101830715721, 4.41325801148e-06, 7.17068951417e-06],
        "dmean2": [0.0283939670771, 0.602659881115, 1.87181293964, 2.47623515129, 4.42976522446, 5.24196958542, 4.86966228485, 7.06557655334, 11.5083379745, 12.6629743576, 15.4719028473, 25.4059085846, 113.038352966, 92.6450576782, 51.3373527527, 47.4064712524, 57.2853775024, 60.766872406, 34.2148208618, 23.7391395569, 19.2651824951, 19.7333831787, 18.9531669617, 8.75578594208, 7.76896238327, 2.55840778351, 1.71114933491, 1.44368159771, 1.4071418047, 0.784759223461, 0.527436554432, 0.272883534431, 0.175137743354, 0.0833068341017, 0.0336727239192, 0.0089569715783, 0.00235575973056, 0.000164232449606, 6.42954455543e-06, 1.06772613435e-05],
        "dvar": [0.000481938244775, 0.195027455688, 2.85905575752, 6.17257499695, 9.06974220276, 15.2038269043, 14.0456819534, 35.1934394836, 135.820724487, 114.599143982, 262.355987549, 934.632263184, 31881.3925781, 31218.4765625, 6274.83349609, 3252.52441406, 7578.09033203, 3703.80737305, 1633.05395508, 529.82043457, 718.44921875, 253.054351807, 248.720932007, 115.193458557, 49.4629974365, 6.9263215065, 1.96795105934, 1.53468692303, 5.87820053101, 1.59487378597, 0.458645522594, 0.122023500502, 0.0310589876026, 0.00737132504582, 0.0013077420881, 8.24910603114e-05, 3.63966910299e-06, 2.03055581238e-08, 3.34215120856e-11, 7.60240551068e-11],
        "dvar2": [0.00124751473777, 0.50783854723, 7.89106607437, 17.4931125641, 26.3443393707, 39.4262504578, 38.1850128174, 92.0685195923, 310.960723877, 299.44430542, 693.383789062, 2104.38769531, 74929.7421875, 81718.90625, 11494.7451172, 7455.96435547, 17768.2128906, 8884.12792969, 3348.11376953, 1289.47167969, 1662.04516602, 585.535461426, 620.452087402, 255.418457031, 119.931411743, 15.4463348389, 4.64778852463, 3.21610093117, 14.826997757, 4.18422174454, 1.02864193916, 0.297834575176, 0.0714835226536, 0.0169022604823, 0.00283144437708, 0.000166422920302, 8.24340168037e-06, 4.62970071169e-08, 5.53210151299e-11, 1.69148847706e-10],
        "max": [0.218603640795, 4.45666742325, 17.2324981689, 21.698923111, 30.9489402771, 37.4437103271, 39.9541893005, 98.0971984863, 154.196273804, 166.578018188, 186.848556519, 489.972686768, 2515.6015625, 2536.47875977, 2892.86328125, 1030.40100098, 1985.98486328, 777.752319336, 587.789489746, 345.16986084, 536.491577148, 183.722427368, 237.925140381, 227.157409668, 120.055297852, 50.4838066101, 25.8350009918, 35.9331741333, 63.4402923584, 30.6740665436, 14.0154981613, 5.77404880524, 1.86784696579, 1.17445123196, 0.488030612469, 0.110822983086, 0.023420220241, 0.00159890833311, 0.000136839749757, 0.000119411990454],
        "mean": [0.038351867348, 0.727860450745, 1.7019469738, 1.82159698009, 3.40894293785, 4.24093389511, 4.53639221191, 7.67572069168, 13.6620006561, 14.2743797302, 16.4633598328, 28.5306797028, 127.927963257, 98.3468170166, 67.698600769, 60.745300293, 71.8703460693, 75.5498504639, 44.145236969, 28.3405056, 26.6661014557, 27.9382591248, 24.2519321442, 12.7646903992, 10.0372333527, 4.15769100189, 2.70574474335, 2.34403824806, 1.96533501148, 1.14902901649, 0.790967404842, 0.397423505783, 0.245874509215, 0.112084582448, 0.0419511459768, 0.0110750747845, 0.00245081842877, 0.000149556275574, 1.62266605912e-05, 2.72581182799e-05],
        "median": [0.0235718805343, 0.565714597702, 1.05591654778, 1.24848914146, 2.36006236076, 2.92210030556, 3.04847431183, 4.11392450333, 6.40476083755, 8.455534935, 9.89506626129, 14.7721099854, 30.0399799347, 25.5717372894, 31.1523857117, 33.6495246887, 34.7478256226, 42.8267784119, 22.4659824371, 18.0890312195, 15.2554645538, 18.6827659607, 17.2605514526, 8.58905410767, 6.81034851074, 3.11905789375, 2.15136361122, 1.75833582878, 1.22342038155, 0.784383118153, 0.528414309025, 0.247290194035, 0.162241503596, 0.069395467639, 0.0254228096455, 0.00650217616931, 0.00164312578272, 9.20619640965e-05, 1.3108321582e-05, 2.17080760194e-05],
        "min": [0.000469992723083, 0.0136108603328, 0.0439439453185, 0.108081929386, 0.190715566278, 0.158401653171, 0.20422334969, 0.189302280545, 0.230774387717, 0.267988890409, 0.179173395038, 0.500403702259, 0.514631092548, 0.805445849895, 1.47036731243, 0.974013984203, 1.3797762394, 1.93276369572, 0.987905681133, 1.07503342628, 0.359430640936, 0.178694367409, 0.28742441535, 0.414541900158, 0.177376374602, 0.236629769206, 0.170821934938, 0.155271634459, 0.140639349818, 0.0544132776558, 0.0456420369446, 0.0295481495559, 0.0150455310941, 0.000447144120699, 5.08711382281e-05, 1.37132110467e-05, 6.38974916001e-06, 2.06316440199e-06, 2.81623874798e-06, 4.98812505612e-06],
        "var": [0.00131926487666, 0.357931464911, 3.09986567497, 4.82328510284, 11.0850830078, 18.3575801849, 21.5926513672, 110.04019165, 436.14956665, 275.653106689, 404.56842041, 1569.33459473, 73208.640625, 63833.6445312, 22578.7851562, 10384.2753906, 19220.9375, 8054.33007812, 4837.66650391, 1129.5604248, 2031.41052246, 747.270019531, 532.534301758, 316.105743408, 131.894104004, 17.8721942902, 5.37232589722, 6.46908998489, 8.08335971832, 1.99374711514, 0.837266325951, 0.192967057228, 0.0634443610907, 0.0147981857881, 0.00251047639176, 0.000192552455701, 6.90037359163e-06, 3.2044134457e-08, 1.07801073623e-10, 3.21875387455e-10]
    },
    "gfcc": {
        "mean": [-2.3122382164, 120.859230042, -154.586105347, 28.5808868408, -52.640789032, 24.4096240997, -30.6641101837, 8.82063579559, -20.1443080902, -5.1163520813, -9.57206535339, -3.40777254105, -8.12296676636],
        "cov": [[737.094604492, -156.168243408, -157.538574219, -117.176322937, -58.9367370605, -7.2312169075, -3.42944073677, 17.2084102631, -16.5278987885, -9.45431137085, -34.6448020935, 29.8633747101, -12.2760715485], [-156.168243408, 267.489685059, -9.65052318573, 3.27543973923, 52.0394210815, -17.5384998322, 75.3381652832, -31.9771995544, 39.8887405396, -42.6437492371, 36.7424926758, -48.3356666565, 29.149728775], [-157.538574219, -9.65052318573, 294.111541748, 33.3135871887, 2.94597887993, 35.7061691284, -59.0927047729, 40.7622375488, -24.9722728729, 77.7341766357, 0.550232470036, 24.8440074921, -30.540348053], [-117.176322937, 3.27543973923, 33.3135871887, 216.177215576, 12.992524147, -23.6225032806, -45.8812561035, -24.3481407166, 35.7504425049, -5.60693645477, 22.0320777893, 0.219268679619, 21.9706325531], [-58.9367370605, 52.0394210815, 2.94597887993, 12.992524147, 120.359886169, 30.0434131622, 31.0645103455, -4.16236114502, 4.44930076599, 6.89442396164, -6.84088754654, -2.81284737587, -8.53485774994], [-7.2312169075, -17.5384998322, 35.7061691284, -23.6225032806, 30.0434131622, 95.7237625122, 38.1988258362, 7.59700107574, -17.3163642883, 4.43300056458, -0.634172558784, -3.74049592018, -1.65795326233], [-3.42944073677, 75.3381652832, -59.0927047729, -45.8812561035, 31.0645103455, 38.1988258362, 144.524841309, 8.59676551819, -2.1381046772, -44.6485214233, -3.43929362297, -12.8804311752, 8.73137760162], [17.2084102631, -31.9771995544, 40.7622375488, -24.3481407166, -4.16236114502, 7.59700107574, 8.59676551819, 77.8111877441, 15.3211088181, 10.6344594955, -18.8284778595, 9.93343162537, 4.97900295258], [-16.5278987885, 39.8887405396, -24.9722728729, 35.7504425049, 4.44930076599, -17.3163642883, -2.1381046772, 15.3211088181, 76.1371917725, 6.44934892654, 3.61403560638, -17.1565151215, 16.7799301147], [-9.45431137085, -42.6437492371, 77.7341766357, -5.60693645477, 6.89442396164, 4.43300056458, -44.6485214233, 10.6344594955, 6.44934892654, 95.269317627, 21.5895328522, 18.8425655365, -31.3940963745], [-34.6448020935, 36.7424926758, 0.550232470036, 22.0320777893, -6.84088754654, -0.634172558784, -3.43929362297, -18.8284778595, 3.61403560638, 21.5895328522, 73.8842315674, 16.4353713989, 1.90934145451], [29.8633747101, -48.3356666565, 24.8440074921, 0.219268679619, -2.81284737587, -3.74049592018, -12.8804311752, 9.93343162537, -17.1565151215, 18.8425655365, 16.4353713989, 70.0432128906, 3.35542821884], [-12.2760715485, 29.149728775, -30.540348053, 21.9706325531, -8.53485774994, -1.65795326233, 8.73137760162, 4.97900295258, 16.7799301147, -31.3940963745, 1.90934145451, 3.35542821884, 66.4441299438]],
        "icov": [[0.00202393787913, 0.000529848621227, 0.00139304355253, 0.000701265584212, 0.00074821076123, -0.000495713786222, 0.00036706920946, -0.000344647240127, -0.000166249228641, -0.000242211346631, 0.000759106362239, -0.00105462840293, 0.000570220639929], [0.000529848621227, 0.0185912419111, -0.0103271324188, 0.0073509067297, -0.0101660815999, 0.0126420315355, -0.00889120623469, 0.0106064453721, -0.0113598434255, 0.0113241374493, -0.0147379543632, 0.0113734742627, -0.00778400339186], [0.00139304355253, -0.0103271324188, 0.0133936842903, -0.0059313820675, 0.00693392101675, -0.0100883794948, 0.00677915057167, -0.0103481058031, 0.0100604165345, -0.0110801020637, 0.00987894274294, -0.00714637478814, 0.00573019916192], [0.000701265584212, 0.0073509067297, -0.0059313820675, 0.0101965684444, -0.00546212960035, 0.00574391707778, -0.00108729745261, 0.00711120525375, -0.00891550816596, 0.00791656132787, -0.00754038104787, 0.00337705900893, -0.00410341098905], [0.00074821076123, -0.0101660815999, 0.00693392101675, -0.00546212960035, 0.0165067277849, -0.0103137679398, 0.00238454598002, -0.00447366852313, 0.00508552091196, -0.00891174655408, 0.0113510210067, -0.00790218636394, 0.00605414854363], [-0.000495713786222, 0.0126420315355, -0.0100883794948, 0.00574391707778, -0.0103137679398, 0.0239207595587, -0.0103944139555, 0.00700361886993, -0.00407270947471, 0.00610577128828, -0.0113966269419, 0.0108892982826, -0.00836990587413], [0.00036706920946, -0.00889120623469, 0.00677915057167, -0.00108729745261, 0.00238454598002, -0.0103944139555, 0.0163125507534, -0.00783305615187, 0.00427945842966, 0.000889388727956, 0.00438087061048, -0.00552096404135, 0.00542666297406], [-0.000344647240127, 0.0106064453721, -0.0103481058031, 0.00711120525375, -0.00447366852313, 0.00700361886993, -0.00783305615187, 0.0264353472739, -0.014511121437, 0.00596386613324, -0.00274981977418, 0.00192735879682, -0.00671192584559], [-0.000166249228641, -0.0113598434255, 0.0100604165345, -0.00891550816596, 0.00508552091196, -0.00407270947471, 0.00427945842966, -0.014511121437, 0.0297051779926, -0.0147241437808, 0.00774927390739, 0.000995636335574, -0.00112994445954], [-0.000242211346631, 0.0113241374493, -0.0110801020637, 0.00791656132787, -0.00891174655408, 0.00610577128828, 0.000889388727956, 0.00596386613324, -0.0147241437808, 0.03066909872, -0.0162211414427, 0.00285468203947, 0.00425174785778], [0.000759106362239, -0.0147379543632, 0.00987894274294, -0.00754038104787, 0.0113510210067, -0.0113966269419, 0.00438087061048, -0.00274981977418, 0.00774927390739, -0.0162211414427, 0.0312566310167, -0.0142265083268, 0.00464300159365], [-0.00105462840293, 0.0113734742627, -0.00714637478814, 0.00337705900893, -0.00790218636394, 0.0108892982826, -0.00552096404135, 0.00192735879682, 0.000995636335574, 0.00285468203947, -0.0142265083268, 0.0273501072079, -0.00962319318205], [0.000570220639929, -0.00778400339186, 0.00573019916192, -0.00410341098905, 0.00605414854363, -0.00836990587413, 0.00542666297406, -0.00671192584559, -0.00112994445954, 0.00425174785778, 0.00464300159365, -0.00962319318205, 0.0255666580051]]
    },
    "melbands": {
        "dmean": [0.0002618690487, 0.000534278224222, 0.000250494573265, 0.000222241869778, 9.25609128899e-05, 9.44957791944e-05, 0.000105928316771, 8.47153496579e-05, 7.64465221437e-05, 0.000121805169329, 0.000386383122532, 0.000241101384745, 0.000110028027848, 9.47657390498e-05, 6.51360533084e-05, 8.58298153616e-05, 8.46824623295e-05, 4.2497569666e-05, 2.48962423939e-05, 1.86726047104e-05, 1.60301151482e-05, 1.38106861414e-05, 1.66246445588e-05, 7.53792619435e-06, 4.88359683004e-06, 4.05285754823e-06, 2.21234677156e-06, 1.06145625978e-06, 7.9952900478e-07, 7.85667907621e-07, 5.24126676282e-07, 5.73604665988e-07, 4.180204769e-07, 2.85718783744e-07, 2.38518765627e-07, 1.58880652634e-07, 1.08473287241e-07, 9.97796973934e-08, 6.02374043979e-08, 4.75397392563e-08],
        "dmean2": [0.000431097345427, 0.000922059000004, 0.000442567310529, 0.000381321267923, 0.000156519934535, 0.000159546747454, 0.000171799038071, 0.000139144452987, 0.000122946119518, 0.000187843616004, 0.000573474913836, 0.000400918797823, 0.000165359611856, 0.000143561774166, 0.000101116427686, 0.000135385911562, 0.000130216823891, 6.36550612398e-05, 3.90760760638e-05, 2.94746678264e-05, 2.45313822234e-05, 2.17046053876e-05, 2.64618502115e-05, 1.20960930872e-05, 7.85990960139e-06, 6.6423399403e-06, 3.45049716088e-06, 1.6816105699e-06, 1.29267243665e-06, 1.26940517475e-06, 8.23000334549e-07, 9.07120750071e-07, 6.63224682285e-07, 4.44299757874e-07, 3.64549464393e-07, 2.57047759078e-07, 1.70373624542e-07, 1.56249569727e-07, 9.21996345937e-08, 7.46948245478e-08],
        "dvar": [1.04127323652e-07, 5.67959602904e-07, 1.58043079068e-07, 7.31249087949e-08, 1.24808874347e-08, 1.7671400343e-08, 2.98727371728e-08, 1.32394850638e-08, 1.78815913188e-08, 4.7810203796e-08, 8.08220931958e-07, 5.69660983274e-07, 6.3590007926e-08, 3.01659817126e-08, 1.69370331093e-08, 3.15665396045e-08, 1.89455988675e-08, 5.67247804284e-09, 2.01331529226e-09, 9.40487243639e-10, 1.08197073523e-09, 3.21710019735e-10, 4.83563189491e-10, 1.25926116756e-10, 9.87945419917e-11, 3.42983766388e-11, 2.17592541207e-11, 2.051997244e-12, 1.36438148106e-12, 9.56748460838e-13, 6.23303437943e-13, 1.63776078203e-12, 2.15001063827e-12, 2.59265563662e-13, 1.7673999742e-13, 1.24477305633e-13, 3.82408744969e-14, 2.02813924644e-14, 8.27739061375e-15, 5.9114099046e-15],
        "dvar2": [2.64460823018e-07, 1.55355610332e-06, 4.44826326884e-07, 2.0088839392e-07, 3.23307034478e-08, 4.56466047183e-08, 6.70584014983e-08, 3.46201183277e-08, 4.51907880006e-08, 1.05519816884e-07, 1.90346679574e-06, 1.49491017964e-06, 1.27708020159e-07, 6.36393195919e-08, 3.71384665243e-08, 7.17552879337e-08, 4.56952342631e-08, 1.17572609426e-08, 4.85076423473e-09, 2.30820162983e-09, 2.42136222184e-09, 7.46585071543e-10, 1.16346776657e-09, 2.95038299347e-10, 2.17477216791e-10, 9.03160601862e-11, 4.17965002886e-11, 5.10673101028e-12, 3.30417550959e-12, 2.19567268013e-12, 1.37558172318e-12, 3.96723669541e-12, 5.98333101814e-12, 6.1696405363e-13, 3.81935070593e-13, 3.22827187075e-13, 9.44205041302e-14, 4.78876514181e-14, 1.85663116825e-14, 1.40045810167e-14],
        "max": [0.00345575017855, 0.00699628237635, 0.00329413055442, 0.00264602270909, 0.0011215810664, 0.00235173618421, 0.00247117318213, 0.00161676818971, 0.00186748732813, 0.00290858093649, 0.0123946741223, 0.010621830821, 0.00793228670955, 0.00362078566104, 0.00267340056598, 0.00320121459663, 0.0017718935851, 0.0011128016049, 0.000661341939121, 0.000494607025757, 0.000593562901486, 0.00019252038328, 0.00032175128581, 0.000182014831807, 0.00020646979101, 0.000110505417979, 0.000110194843728, 2.72476827377e-05, 1.58335606102e-05, 2.28007993428e-05, 1.95866414288e-05, 3.12138690788e-05, 3.8302889152e-05, 9.5610266726e-06, 6.91326658853e-06, 7.72621388023e-06, 3.40852693625e-06, 1.49225263613e-06, 9.70789756138e-07, 1.09030838757e-06],
        "mean": [0.000571967859287, 0.000969459710177, 0.000352542847395, 0.000305836263578, 0.000152215667185, 0.000180309361895, 0.000210641039303, 0.000155272820848, 0.000125262042275, 0.000203671210329, 0.000640129321255, 0.000399773474783, 0.000208155252039, 0.000179732465767, 0.000126708706375, 0.000156531008543, 0.00014567116159, 7.62534473324e-05, 4.25731923315e-05, 3.42467465089e-05, 3.07279078697e-05, 2.77938634099e-05, 3.05334797304e-05, 1.53189848788e-05, 9.68200311036e-06, 7.9087803897e-06, 4.56281668448e-06, 2.37123231273e-06, 1.6479414171e-06, 1.73300963979e-06, 1.19499031825e-06, 1.16858643651e-06, 8.22467654871e-07, 5.89188061895e-07, 5.00855662722e-07, 3.15513091209e-07, 2.16951448806e-07, 1.95678069304e-07, 1.18733758825e-07, 8.56251318737e-08],
        "median": [0.000403821817599, 0.000736186513677, 0.000255898048636, 0.000217381602852, 0.000109558131953, 9.62200574577e-05, 9.86817176454e-05, 9.4448987511e-05, 7.03307014192e-05, 9.39924429986e-05, 0.000146311766002, 8.92407988431e-05, 8.93418400665e-05, 9.92406421574e-05, 6.07806541666e-05, 7.3475035606e-05, 6.58602511976e-05, 3.51612143277e-05, 2.06277927646e-05, 2.13002385863e-05, 1.5177759451e-05, 1.75344412128e-05, 1.99847363547e-05, 1.0713051779e-05, 5.82828579354e-06, 5.68090081288e-06, 2.65805147137e-06, 1.81970665381e-06, 1.22416201975e-06, 1.36600397127e-06, 8.23146308448e-07, 7.11743950887e-07, 5.03259798279e-07, 4.02834501756e-07, 3.27644556819e-07, 2.02298366503e-07, 1.35604821594e-07, 1.33296367721e-07, 7.28646369907e-08, 5.11243634094e-08],
        "min": [4.0362292566e-06, 3.90641180275e-05, 2.2351694497e-05, 1.47933687913e-05, 4.44495481133e-06, 4.11779956266e-06, 3.69327631233e-06, 3.01341151498e-06, 1.2047518112e-06, 3.11059579872e-06, 1.82351982403e-06, 3.17768990499e-06, 3.10075392917e-06, 3.01482327814e-06, 1.65350797943e-06, 1.26583393012e-06, 2.76763671536e-06, 1.29428224227e-06, 1.02490866993e-06, 6.23556161372e-07, 2.51576238952e-07, 1.56399337925e-07, 2.05239544471e-07, 3.32494010991e-07, 3.63065112197e-07, 9.70637614728e-08, 1.50172141389e-07, 1.28181099512e-07, 6.5363465751e-08, 9.3648331756e-08, 6.34505994412e-08, 7.24470865521e-08, 2.59339021369e-08, 2.77487757216e-08, 3.11230756722e-08, 1.2926363091e-08, 1.30679493893e-08, 1.46466536677e-08, 3.65560602622e-11, 4.8114919167e-12],
