{
"highlevel": {
    "danceability": {
        "all": {
            "danceable": 0.977994024754,
            "not_danceable": 0.0220059584826
        },
        "probability": 0.977994024754,
        "value": "danceable"
    },
    "gender": {
        "all": {
            "female": 0.854177415371,
            "male": 0.145822554827
        },
        "probability": 0.854177415371,
        "value": "female"
    },
    "genre_dortmund": {
        "all": {
            "alternative": 0.109179288149,
            "blues": 0.0085219675675,
            "electronic": 0.34252089262,
            "folkcountry": 0.0325077474117,
            "funksoulrnb": 0.0197768360376,
            "jazz": 0.185761272907,
            "pop": 0.0498850718141,
            "raphiphop": 0.211264386773,
            "rock": 0.0405825488269
        },
        "probability": 0.34252089262,
        "value": "electronic"
    },
    "genre_electronic": {
        "all": {
            "ambient": 0.512564241886,
            "dnb": 0.0188654456288,
            "house": 0.118814863265,
            "techno": 0.0162022486329,
            "trance": 0.333553195
        },
        "probability": 0.512564241886,
        "value": "ambient"
    },
    "genre_rosamerica": {
        "all": {
            "cla": 0.0444482900202,
            "dan": 0.165669456124,
            "hip": 0.0238307695836,
            "jaz": 0.0368592068553,
            "pop": 0.497505962849,
            "rhy": 0.135975375772,
            "roc": 0.0650533288717,
            "spe": 0.0306575912982
        },
        "probability": 0.497505962849,
        "value": "pop"
    },
    "genre_tzanetakis": {
        "all": {
            "blu": 0.0626541376114,
            "cla": 0.0348133966327,
            "cou": 0.0783501937985,
            "dis": 0.104547761381,
            "hip": 0.15693578124,
            "jaz": 0.313987255096,
            "met": 0.044816005975,
            "pop": 0.0627349764109,
            "reg": 0.0627352520823,
            "roc": 0.0784252434969
        },
        "probability": 0.313987255096,
        "value": "jaz"
    },
    "ismir04_rhythm": {
        "all": {
            "ChaChaCha": 0.071978263557,
            "Jive": 0.040468160063,
            "Quickstep": 0.0398188531399,
            "Rumba-American": 0.0428957864642,
            "Rumba-International": 0.111903235316,
            "Rumba-Misc": 0.0446365661919,
            "Samba": 0.096854403615,
            "Tango": 0.16622941196,
            "VienneseWaltz": 0.336941838264,
            "Waltz": 0.0482734888792
        },
        "probability": 0.336941838264,
        "value": "VienneseWaltz"
    },
    "mood_acoustic": {
        "all": {
            "acoustic": 0.126490876079,
            "not_acoustic": 0.87350910902
        },
        "probability": 0.87350910902,
        "value": "not_acoustic"
    },
    "mood_aggressive": {
        "all": {
            "aggressive": 0.0176903028041,
            "not_aggressive": 0.982309699059
        },
        "probability": 0.982309699059,
        "value": "not_aggressive"
    },
    "mood_electronic": {
        "all": {
            "electronic": 0.858069956303,
            "not_electronic": 0.141930013895
        },
        "probability": 0.858069956303,
        "value": "electronic"
    },
    "mood_happy": {
        "all": {
            "happy": 0.5,
            "not_happy": 0.5
        },
        "probability": 0.5,
        "value": "happy"
    },
    "mood_party": {
        "all": {
            "not_party": 0.883309066296,
            "party": 0.116690918803
        },
        "probability": 0.883309066296,
        "value": "not_party"
    },
    "mood_relaxed": {
        "all": {
            "not_relaxed": 0.0947614386678,
            "relaxed": 0.905238568783
        },
        "probability": 0.905238568783,
        "value": "relaxed"
    },
    "mood_sad": {
        "all": {
            "not_sad": 0.492853730917,
            "sad": 0.507146239281
        },
        "probability": 0.507146239281,
        "value": "sad"
    },
    "moods_mirex": {
        "all": {
            "Cluster1": 0.186006978154,
            "Cluster2": 0.197024732828,
            "Cluster3": 0.215236738324,
            "Cluster4": 0.169879242778,
            "Cluster5": 0.231852293015
        },
        "probability": 0.231852293015,
        "value": "Cluster5"
    },
    "timbre": {
        "all": {
            "bright": 0.293099761009,
            "dark": 0.706900238991
        },
        "probability": 0.706900238991,
        "value": "dark"
    },
    "tonal_atonal": {
        "all": {
            "atonal": 0.712719142437,
            "tonal": 0.287280887365
        },
        "probability": 0.712719142437,
        "value": "atonal"
    },
    "voice_instrumental": {
        "all": {
            "instrumental": 0.176137074828,
            "voice": 0.823862910271
        },
        "probability": 0.823862910271,
        "value": "voice"
    }
},
"lowlevel": {
    "average_loudness": 0.886718273163,
    "barkbands_crest": {
        "dmean": 2.88151454926,
        "dmean2": 4.4613609314,
        "dvar": 9.54431247711,
        "dvar2": 18.9294528961,
        "max": 25.7834529877,
        "mean": 12.9688692093,
        "median": 11.3268499374,
        "min": 3.49656605721,
        "var": 32.3623504639
    },
    "barkbands_flatness_db": {
        "dmean": 0.0237629991025,
        "dmean2": 0.0347020030022,
        "dvar": 0.000546751485672,
        "dvar2": 0.00106336537283,
        "max": 0.464967250824,
        "mean": 0.206075176597,
        "median": 0.193083301187,
        "min": 0.0812748149037,
        "var": 0.00397642794997
    },
    "barkbands_kurtosis": {
        "dmean": 5.95501613617,
        "dmean2": 9.3983039856,
        "dvar": 337.288238525,
        "dvar2": 989.078735352,
        "max": 341.742431641,
        "mean": 10.7954025269,
        "median": 3.36445617676,
        "min": -1.63414764404,
        "var": 831.111083984
    },
    "barkbands_skewness": {
        "dmean": 0.681938350201,
        "dmean2": 1.02485823631,
        "dvar": 0.924519002438,
        "dvar2": 2.26112222672,
        "max": 16.3766956329,
        "mean": 2.18699860573,
        "median": 1.71046876907,
        "min": -1.00205206871,
        "var": 3.85636901855
    },
    "barkbands_spread": {
        "dmean": 3.28846693039,
        "dmean2": 4.82655286789,
        "dvar": 21.137386322,
        "dvar2": 38.2035255432,
        "max": 79.2893371582,
        "mean": 12.7700796127,
        "median": 10.9673013687,
        "min": 0.386052310467,
        "var": 85.8347091675
    },
    "dissonance": {
        "dmean": 0.0278000645339,
        "dmean2": 0.0466073155403,
        "dvar": 0.000608754344285,
        "dvar2": 0.0016685302835,
        "max": 0.49979647994,
        "mean": 0.441682159901,
        "median": 0.448743134737,
        "min": 0.270326286554,
        "var": 0.0013549500145
    },
    "dynamic_complexity": 1.94533145428,
    "erbbands_crest": {
        "dmean": 2.59275555611,
        "dmean2": 4.14149093628,
        "dvar": 6.53434467316,
        "dvar2": 14.994726181,
        "max": 27.0979061127,
        "mean": 9.92827510834,
        "median": 8.95241355896,
        "min": 3.32461214066,
        "var": 18.1899757385
    },
    "erbbands_flatness_db": {
        "dmean": 0.0162239987403,
        "dmean2": 0.0230804737657,
        "dvar": 0.000262272835243,
        "dvar2": 0.00045912124915,
        "max": 0.366526007652,
        "mean": 0.191262900829,
        "median": 0.188496336341,
        "min": 0.0785536840558,
        "var": 0.00207180553116
    },
    "erbbands_kurtosis": {
        "dmean": 0.969531357288,
        "dmean2": 1.51709461212,
        "dvar": 1.83026325703,
        "dvar2": 4.39325618744,
        "max": 23.4639892578,
        "mean": 0.996097266674,
        "median": 0.543270111084,
        "min": -1.60550034046,
        "var": 3.99421739578
    },
    "erbbands_skewness": {
        "dmean": 0.330922305584,
        "dmean2": 0.494952887297,
        "dvar": 0.103017315269,
        "dvar2": 0.233201339841,
        "max": 4.21520376205,
        "mean": 0.634540498257,
        "median": 0.613315939903,
        "min": -2.15966939926,
        "var": 0.375750303268
    },
    "erbbands_spread": {
        "dmean": 6.30698299408,
        "dmean2": 9.43901157379,
        "dvar": 55.180606842,
        "dvar2": 112.6980896,
        "max": 102.869613647,
        "mean": 29.2345657349,
        "median": 26.659948349,
        "min": 3.75498199463,
        "var": 206.884521484
    },
    "hfc": {
        "dmean": 4.58211040497,
        "dmean2": 6.42853784561,
        "dvar": 25.8820571899,
        "dvar2": 50.2700004578,
        "max": 71.8114013672,
        "mean": 19.3907222748,
        "median": 18.4723720551,
        "min": 1.22667336464,
        "var": 111.649253845
    },
    "melbands_crest": {
        "dmean": 3.19817638397,
        "dmean2": 4.88517045975,
        "dvar": 8.93794250488,
        "dvar2": 21.7954692841,
        "max": 35.6859092712,
        "mean": 17.6557483673,
        "median": 15.9544525146,
        "min": 5.08247518539,
        "var": 62.9192657471
    },
    "melbands_flatness_db": {
        "dmean": 0.0271419845521,
        "dmean2": 0.0368168614805,
        "dvar": 0.000741642026696,
        "dvar2": 0.0013509959681,
        "max": 0.592239260674,
        "mean": 0.261084258556,
        "median": 0.247774407268,
        "min": 0.0559381842613,
        "var": 0.00736584421247
    },
    "melbands_kurtosis": {
        "dmean": 9.72189903259,
        "dmean2": 14.8475923538,
        "dvar": 548.260131836,
        "dvar2": 1309.96643066,
        "max": 622.534606934,
        "mean": 20.7154598236,
        "median": 7.8858165741,
        "min": -1.42399561405,
        "var": 2431.0534668
    },
    "melbands_skewness": {
        "dmean": 0.798033893108,
        "dmean2": 1.18135678768,
        "dvar": 0.963714957237,
        "dvar2": 2.06659173965,
        "max": 20.9897155762,
        "mean": 2.94049668312,
        "median": 2.31266260147,
        "min": -0.614012956619,
        "var": 5.61482667923
    },
    "melbands_spread": {
        "dmean": 4.01651239395,
        "dmean2": 5.91095542908,
        "dvar": 40.4639587402,
        "dvar2": 79.21900177,
        "max": 133.581237793,
        "mean": 14.1906147003,
        "median": 12.2788219452,
        "min": 0.333908379078,
        "var": 160.919555664
    },
    "pitch_salience": {
        "dmean": 0.0727890655398,
        "dmean2": 0.109573125839,
        "dvar": 0.00529232015833,
        "dvar2": 0.0112122567371,
        "max": 0.846145570278,
        "mean": 0.486903399229,
        "median": 0.523818910122,
        "min": 0.0513703674078,
        "var": 0.027953537181
    },
    "silence_rate_20dB": {
        "dmean": 0,
        "dmean2": 0,
        "dvar": 0,
        "dvar2": 0,
        "max": 1,
        "mean": 1,
        "median": 1,
        "min": 1,
        "var": 0
    },
    "silence_rate_30dB": {
        "dmean": 0.0696594417095,
        "dmean2": 0.139426797628,
        "dvar": 0.0648068115115,
        "dvar2": 0.138576984406,
        "max": 1,
        "mean": 0.825212657452,
        "median": 1,
        "min": 0,
        "var": 0.144235014915
    },
    "silence_rate_60dB": {
        "dmean": 0.00464396271855,
        "dmean2": 0.00929511990398,
        "dvar": 0.00462237140164,
        "dvar2": 0.00920878257602,
        "max": 1,
        "mean": 0.0131477182731,
        "median": 0,
        "min": 0,
        "var": 0.0129749821499
    },
    "spectral_centroid": {
        "dmean": 165.933227539,
        "dmean2": 238.42729187,
        "dvar": 49350.734375,
        "dvar2": 92971.2890625,
        "max": 3894.74511719,
        "mean": 952.670410156,
        "median": 865.730163574,
        "min": 250.515594482,
        "var": 216257.515625
    },
    "spectral_complexity": {
        "dmean": 2.91873073578,
        "dmean2": 3.9798605442,
        "dvar": 7.32702064514,
        "dvar2": 11.7145347595,
        "max": 49,
        "mean": 16.6349582672,
        "median": 16,
        "min": 4,
        "var": 52.5658950806
    },
    "spectral_decrease": {
        "dmean": 3.97568289401e-09,
        "dmean2": 5.8100630973e-09,
        "dvar": 3.89413239722e-17,
        "dvar2": 1.10152452565e-16,
        "max": -2.35704955553e-10,
        "mean": -1.48393013433e-08,
        "median": -9.39341848749e-09,
        "min": -9.36503212756e-08,
        "var": 1.98391911322e-16
    },
    "spectral_energy": {
        "dmean": 0.0152682829648,
        "dmean2": 0.022281665355,
        "dvar": 0.000559534702916,
        "dvar2": 0.00158118573017,
        "max": 0.355594366789,
        "mean": 0.0577657707036,
        "median": 0.0378211662173,
        "min": 0.00100560218561,
        "var": 0.00285231601447
    },
    "spectral_energyband_high": {
        "dmean": 0.000165780060343,
        "dmean2": 0.000228189383051,
        "dvar": 1.97217218556e-07,
        "dvar2": 4.28828428767e-07,
        "max": 0.00580922234803,
        "mean": 0.00038807769306,
        "median": 0.000212982311496,
        "min": 3.39937997751e-07,
        "var": 3.89362128317e-07
    },
    "spectral_energyband_low": {
        "dmean": 0.0125477071851,
        "dmean2": 0.0185853615403,
        "dvar": 0.000662680075038,
        "dvar2": 0.00186649209354,
        "max": 0.351143330336,
        "mean": 0.0347692146897,
        "median": 0.00391307100654,
        "min": 5.97969574301e-07,
        "var": 0.00299544958398
    },
    "spectral_energyband_middle_high": {
        "dmean": 0.00182926177513,
        "dmean2": 0.00270635588095,
        "dvar": 6.80742004988e-06,
        "dvar2": 1.50314053826e-05,
        "max": 0.0539226159453,
        "mean": 0.00538106122985,
        "median": 0.00451507745311,
        "min": 0.000174114655238,
        "var": 2.04726584343e-05
    },
    "spectral_energyband_middle_low": {
        "dmean": 0.00666024861857,
        "dmean2": 0.0096290986985,
        "dvar": 6.91796012688e-05,
        "dvar2": 0.000139926283737,
        "max": 0.0786329805851,
        "mean": 0.0184756629169,
        "median": 0.0152512164786,
        "min": 0.000349284498952,
        "var": 0.000194416701561
    },
    "spectral_entropy": {
        "dmean": 0.149917542934,
        "dmean2": 0.209230542183,
        "dvar": 0.0256029572338,
        "dvar2": 0.0437808036804,
        "max": 8.47035884857,
        "mean": 7.2099776268,
        "median": 7.23715353012,
        "min": 5.38026809692,
        "var": 0.188649758697
    },
    "spectral_flux": {
        "dmean": 0.0323822312057,
        "dmean2": 0.0511921569705,
        "dvar": 0.0012665304821,
        "dvar2": 0.0033520096913,
        "max": 0.402325898409,
        "mean": 0.0982506498694,
        "median": 0.0821874365211,
        "min": 0.00694242166355,
        "var": 0.00407079095021
    },
    "spectral_kurtosis": {
        "dmean": 2.35859680176,
        "dmean2": 3.85176301003,
        "dvar": 11.1863765717,
        "dvar2": 28.2844238281,
        "max": 63.808555603,
        "mean": 7.4018445015,
        "median": 5.99127197266,
        "min": -0.662469148636,
        "var": 30.9334335327
    },
    "spectral_rms": {
        "dmean": 0.000959857890848,
        "dmean2": 0.00134463689756,
        "dvar": 1.24777022847e-06,
        "dvar2": 2.81066627394e-06,
        "max": 0.0186258237809,
        "mean": 0.00680324574932,
        "median": 0.00607442995533,
        "min": 0.000990492524579,
        "var": 1.00725646917e-05
    },
    "spectral_rolloff": {
        "dmean": 243.231369019,
        "dmean2": 390.89944458,
        "dvar": 306384.46875,
        "dvar2": 542060.1875,
        "max": 11606.3964844,
        "mean": 891.121643066,
        "median": 732.12890625,
        "min": 64.599609375,
        "var": 1012936.875
    },
    "spectral_skewness": {
        "dmean": 0.277740865946,
        "dmean2": 0.42313593626,
        "dvar": 0.0916273593903,
        "dvar2": 0.19424918294,
        "max": 6.14965438843,
        "mean": 2.01033210754,
        "median": 1.93914198875,
        "min": 0.321380585432,
        "var": 0.424135148525
    },
    "spectral_spread": {
        "dmean": 406283.15625,
        "dmean2": 565665.25,
        "dvar": 332798984192,
        "dvar2": 453121245184,
        "max": 14440244,
        "mean": 3845798.25,
        "median": 3765234,
        "min": 1177196.5,
        "var": 1.44202491494e+12
    },
    "spectral_strongpeak": {
        "dmean": 0.476298987865,
        "dmean2": 0.789095282555,
        "dvar": 0.401711702347,
        "dvar2": 0.990230321884,
        "max": 7.06274986267,
        "mean": 1.12141859531,
        "median": 0.869120776653,
        "min": 0,
        "var": 0.906729578972
    },
    "zerocrossingrate": {
        "dmean": 0.00690509798005,
        "dmean2": 0.0076646162197,
        "dvar": 9.37302902457e-05,
        "dvar2": 8.54595200508e-05,
        "max": 0.3232421875,
        "mean": 0.03761087358,
        "median": 0.0341796875,
        "min": 0.001953125,
        "var": 0.000797214568593
    },
    "barkbands": {
        "dmean": [0.00087575399084, 0.0108311614022, 0.002222167328, 0.00273774773814, 0.00203870399855, 0.00280306651257, 0.0012448100606, 0.00107402040157, 0.00161898543593, 0.000757948262617, 0.000575240235776, 0.000644547573756, 0.000221330265049, 0.000246895622695, 0.000177271256689, 0.000120461379993, 8.21546273073e-05, 9.0663357696e-05, 7.33398337616e-05, 7.07430372131e-05, 5.25002324139e-05, 4.32314300269e-05, 2.3276785214e-05, 2.50919547398e-05, 2.01543862204e-05, 6.39981726636e-06, 2.44456876963e-09],
        "dmean2": [0.00145288091153, 0.0158652067184, 0.00357374316081, 0.00470921443775, 0.00326784863137, 0.00459058443084, 0.00200037797913, 0.00165076646954, 0.00264573493041, 0.00112735398579, 0.000899807782844, 0.00104031187948, 0.000362296967069, 0.000385536521208, 0.000288086390356, 0.000183008174645, 0.00012928378419, 0.000138076065923, 0.000109493805212, 0.000104790116893, 7.92600039858e-05, 6.6565015004e-05, 3.28774513036e-05, 3.49441106664e-05, 2.91053529509e-05, 9.05466004042e-06, 4.30331370538e-09],
        "dvar": [3.0277553833e-06, 0.000659774756059, 3.35787444783e-05, 6.49695211905e-05, 9.55965242611e-06, 1.89405564015e-05, 4.0099985199e-06, 7.11641814632e-06, 5.74092746319e-06, 2.44872421717e-06, 1.60823822171e-06, 2.39330506702e-06, 3.59569753527e-07, 1.78430980213e-07, 8.92738398761e-08, 4.5300545537e-08, 1.37617055529e-08, 2.09450625732e-08, 2.03681000954e-08, 2.05769019601e-08, 2.95548971962e-08, 3.1547610746e-08, 5.59633983599e-09, 1.2402420424e-08, 3.55906193406e-09, 2.91725393842e-10, 2.43054036263e-17],
        "dvar2": [7.95517826191e-06, 0.0017785342643, 6.66880223434e-05, 0.000176651767106, 2.41583238676e-05, 5.09318524564e-05, 8.9002032837e-06, 1.74040924321e-05, 1.47013715832e-05, 5.28488999407e-06, 3.85393241231e-06, 5.63060575587e-06, 9.93898311208e-07, 4.02626483265e-07, 2.17803346914e-07, 9.57518295763e-08, 3.42835910772e-08, 3.79505280534e-08, 4.33695923618e-08, 3.88695262643e-08, 7.770731969e-08, 8.32141822116e-08, 9.94419568912e-09, 1.9532112816e-08, 5.95508931056e-09, 5.65737290348e-10, 4.88305858327e-17],
        "max": [0.0217895619571, 0.336839169264, 0.0472613945603, 0.0599835291505, 0.0396026782691, 0.0379552021623, 0.0397580265999, 0.0603825375438, 0.0210198927671, 0.0475882254541, 0.0184034314007, 0.0294416379184, 0.0148007161915, 0.00675780326128, 0.00314945401624, 0.00311987358145, 0.00139361526817, 0.00390260736458, 0.00374489696696, 0.00345499790274, 0.00335744977929, 0.00355568481609, 0.00176274427213, 0.00300429714844, 0.00121487677097, 0.000308662478346, 1.30646014895e-07],
        "mean": [0.0024749727454, 0.0283971522003, 0.0027734534815, 0.00228196824901, 0.00392333697528, 0.00453099701554, 0.0023723563645, 0.00197537313215, 0.00315404171124, 0.00134129461367, 0.000993244466372, 0.00105533795431, 0.000428337050835, 0.000523707654793, 0.000302502186969, 0.000245085859206, 0.000163163262187, 0.000209280580748, 0.000149997431436, 0.000166615485796, 9.53723792918e-05, 6.20372011326e-05, 4.80802737002e-05, 4.57249770989e-05, 4.04918209824e-05, 1.18033431136e-05, 2.14410200705e-09],
        "median": [0.000387953128666, 0.00190720753744, 4.92187828058e-05, 0.000284136476694, 0.0024847118184, 0.00203899014741, 0.00107918633148, 0.00073900015559, 0.0014643217437, 0.000667294429149, 0.000334900629241, 0.000411117187468, 0.000205307558645, 0.000289249175694, 0.000151383894263, 0.00013645819854, 9.58409218583e-05, 0.000110770226456, 7.64748256188e-05, 8.50017095217e-05, 3.28919450112e-05, 1.48983626787e-05, 1.75743116415e-05, 1.5253460333e-05, 1.77765941771e-05, 4.69443784823e-06, 7.25527915524e-10],
        "min": [2.78550711386e-08, 2.21898019959e-08, 9.89715331912e-09, 1.59681352585e-08, 1.03134107121e-06, 7.68175323174e-06, 8.83123760786e-08, 1.01458874724e-06, 4.88155421863e-07, 6.43555858915e-06, 4.08311962019e-07, 1.38439645525e-06, 9.36976812227e-06, 4.02884643336e-06, 4.32871814837e-07, 5.13710460837e-07, 7.38725077554e-07, 2.37656479385e-07, 1.64369637901e-07, 2.19292999759e-07, 4.28218740467e-08, 1.17228058372e-08, 1.19814362876e-08, 1.0158414554e-08, 1.90914715148e-08, 1.19879783184e-11, 1.19563187476e-11],
        "var": [1.80497791007e-05, 0.00247038784437, 5.26974836248e-05, 4.76545064885e-05, 1.94696986e-05, 3.36578377755e-05, 1.26738541439e-05, 1.20491986308e-05, 1.5618679754e-05, 6.04566639595e-06, 3.21505808643e-06, 4.10841403209e-06, 5.57880071028e-07, 5.18196202393e-07, 1.63158972555e-07, 1.29449333031e-07, 3.71722244097e-08, 1.08630587192e-07, 5.24838519311e-08, 7.40790255804e-08, 3.47393616096e-08, 3.34583951656e-08, 1.36519036076e-08, 2.31780585835e-08, 7.41825667561e-09, 6.5288879858e-10, 2.4358927175e-17]
    },
    "erbbands": {
        "dmean": [0.300582021475, 2.47735357285, 2.6442656517, 7.54334306717, 4.82974720001, 7.21895170212, 14.2964611053, 27.0995521545, 21.9987068176, 14.6366472244, 24.9504699707, 36.7644195557, 28.8285732269, 27.1304512024, 24.7730884552, 17.3845863342, 9.4083776474, 12.0898895264, 11.6715364456, 5.86843347549, 6.55394697189, 4.33671140671, 4.92768239975, 3.46186637878, 3.66932201385, 3.55582094193, 2.54945921898, 1.76702940464, 1.62832021713, 0.98119944334, 0.667312681675, 0.593317806721, 0.404911369085, 0.289562910795, 0.112036041915, 0.0374774672091, 0.0113577917218, 0.000683186983224, 1.80400656973e-05, 1.7035894416e-05],
        "dmean2": [0.461191892624, 3.60906291008, 3.98664617538, 12.9034528732, 7.33665704727, 11.8416442871, 22.8819274902, 45.5110626221, 35.5752677917, 22.2686500549, 38.8702392578, 59.7766647339, 45.6619110107, 40.988609314, 38.3379020691, 27.2965297699, 15.435503006, 19.1024875641, 18.6791725159, 9.03476428986, 9.88647270203, 6.65165901184, 7.59936285019, 5.13179159164, 5.11833333969, 5.34072256088, 3.90075397491, 2.64646983147, 2.48575973511, 1.46958720684, 0.941378653049, 0.841610491276, 0.596351563931, 0.437917351723, 0.160549163818, 0.0541586726904, 0.0159450024366, 0.000998655799776, 2.53610614891e-05, 2.47494790528e-05],
        "dvar": [0.672014594078, 33.2096748352, 35.6455802917, 508.067474365, 71.9664764404, 136.338012695, 713.432739258, 2048.36230469, 1180.08081055, 696.967773438, 2682.30810547, 3430.42407227, 2856.8137207, 2595.40356445, 2518.80664062, 1078.94714355, 720.940490723, 414.116149902, 484.610351562, 72.03881073, 139.101455688, 38.4848327637, 69.5819702148, 26.5967350006, 60.2133369446, 51.8507461548, 96.8599395752, 19.7721138, 37.3658256531, 20.2929153442, 4.66593408585, 10.9544696808, 1.84922254086, 0.610899448395, 0.157746419311, 0.0123163769022, 0.000783221272286, 1.86688384929e-06, 9.67331548196e-10, 6.49347520199e-10],
        "dvar2": [1.97947895527, 84.06590271, 79.4957351685, 1362.50646973, 159.480392456, 350.836151123, 1815.68334961, 5843.92382812, 2748.7409668, 1561.36352539, 6590.43164062, 8910.08105469, 6435.60351562, 6201.24902344, 6152.66162109, 2491.01171875, 2105.18383789, 1008.50030518, 1237.09680176, 167.070129395, 307.834503174, 89.2763214111, 132.528274536, 57.9912071228, 103.941047668, 102.299667358, 265.358093262, 45.142742157, 93.9497375488, 53.6545257568, 7.40424251556, 18.0064525604, 3.5281701088, 1.17871499062, 0.291767597198, 0.0246828179806, 0.00130560842808, 3.15679585583e-06, 1.60520230441e-09, 1.82739434695e-09],
        "max": [13.4785871506, 61.7284126282, 55.045211792, 166.66595459, 114.170654297, 184.07333374, 297.080047607, 413.277435303, 675.557312012, 461.022033691, 1043.83837891, 663.459777832, 1196.73632812, 748.300170898, 699.423706055, 580.682250977, 672.637207031, 367.919555664, 267.159698486, 151.492248535, 206.39831543, 86.5337905884, 225.704345703, 67.0280532837, 249.680648804, 128.268234253, 211.356430054, 65.0725021362, 104.117500305, 98.7826004028, 50.3973770142, 87.3649291992, 26.5057029724, 13.2558317184, 8.20340538025, 2.02913379669, 0.611097753048, 0.0261159557849, 0.000581568165217, 0.000384101527743],
        "mean": [1.19441974163, 4.76498508453, 4.07269763947, 6.54076242447, 7.62453460693, 13.7087230682, 24.9280166626, 41.3597297668, 42.5337562561, 26.652803421, 52.702545166, 69.7222595215, 50.6745414734, 53.200881958, 42.1633987427, 30.8112277985, 19.6140384674, 27.7122840881, 21.2520008087, 12.0482549667, 13.7072877884, 10.2523641586, 11.5231275558, 7.82608366013, 7.90797805786, 8.25308418274, 4.69070482254, 3.27576565742, 2.41823649406, 1.62254989147, 1.387398839, 1.0223685503, 0.762381911278, 0.585464894772, 0.199255868793, 0.0665210261941, 0.0209148190916, 0.00125599605963, 5.48901116417e-05, 6.64986073389e-05],
        "median": [0.083755210042, 0.222910106182, 0.219193205237, 0.821367740631, 2.92533540726, 8.34688949585, 12.0919866562, 18.9843349457, 21.5796146393, 15.388926506, 20.4386138916, 30.6627349854, 25.4708461761, 21.8280715942, 16.0593242645, 15.1336193085, 11.4960136414, 15.7674150467, 11.4802818298, 7.51426458359, 7.85858392715, 6.14658594131, 6.54373598099, 4.40099191666, 3.92271375656, 4.01704072952, 1.93930399418, 1.05569136143, 0.632800459862, 0.491937696934, 0.500767171383, 0.288075745106, 0.312702447176, 0.257464885712, 0.0760129839182, 0.0253711119294, 0.00795609038323, 0.000509094912559, 4.19716816396e-05, 4.56019079138e-05],
        "min": [4.80544395032e-06, 9.12389532459e-06, 4.77875619254e-05, 0.000342165265465, 0.00107724661939, 0.01066831965, 0.122055269778, 0.159140646458, 0.163160398602, 0.127001151443, 0.152942165732, 0.283464342356, 0.239837929606, 0.546389043331, 0.184656247497, 0.154642269015, 0.44992056489, 0.268294215202, 0.136340886354, 0.0658918842673, 0.0542105138302, 0.0476868599653, 0.0146641405299, 0.00931433681399, 0.00979303196073, 0.0102554289624, 0.0049442499876, 0.000843768939376, 0.00046031473903, 0.000266820308752, 0.000369915884221, 0.000312254735036, 0.000181479394087, 0.000233217215282, 0.000105948180135, 2.18792392843e-05, 4.16794273406e-06, 4.68327016279e-07, 1.07339656097e-06, 1.29738828036e-06],
        "var": [6.0038189888, 67.846321106, 71.9674301147, 398.384674072, 123.691642761, 266.736480713, 1224.15661621, 3063.53051758, 3528.33227539, 1293.32958984, 7660.86083984, 8539.39941406, 6085.35351562, 6175.22021484, 4868.29638672, 2067.31494141, 877.940856934, 1164.38818359, 812.114074707, 175.397796631, 408.988677979, 144.823440552, 333.104125977, 81.0792160034, 230.291687012, 175.673049927, 95.6527099609, 35.4757156372, 42.1901931763, 23.6708011627, 12.0074892044, 18.8356018066, 3.52754497528, 1.22797775269, 0.281534910202, 0.0261191576719, 0.00189600535668, 4.95192489325e-06, 2.92413870895e-09, 3.30178151486e-09]
    },
    "gfcc": {
        "mean": [-6.95704126358, 106.949417114, -129.304931641, 7.54311752319, -67.4820632935, 4.57351922989, -41.6543693542, 11.5345172882, -26.4624023438, 4.77696037292, -8.83385562897, -0.922855973244, 0.244647592306],
        "cov": [[2791.85620117, -301.870147705, 343.149353027, 588.485046387, -61.3822631836, 436.309753418, 220.381820679, 171.39453125, 101.431098938, 147.318191528, -17.5267028809, 205.888381958, -45.6929969788], [-301.870147705, 1615.87585449, 694.650634766, 325.940216064, 673.674804688, 164.285217285, 435.577056885, 76.373550415, 247.128311157, -102.843826294, 95.9978485107, -208.371520996, 12.0760936737], [343.149353027, 694.650634766, 1030.75610352, 523.649597168, 616.500915527, 485.293731689, 453.552307129, 286.298400879, 310.327941895, 129.339584351, 104.885482788, 41.7170906067, 29.8625793457], [588.485046387, 325.940216064, 523.649597168, 775.729797363, 365.482757568, 347.13394165, 393.95111084, 157.068893433, 311.817260742, 132.645706177, 120.681800842, 86.7440032959, 50.9123497009], [-61.3822631836, 673.674804688, 616.500915527, 365.482757568, 658.610290527, 342.702697754, 427.392211914, 260.339477539, 275.097625732, 114.683944702, 127.803825378, 16.7496967316, 49.2715187073], [436.309753418, 164.285217285, 485.293731689, 347.13394165, 342.702697754, 496.750335693, 403.311309814, 265.472473145, 244.773803711, 154.043807983, 139.717575073, 123.629547119, 68.3659210205], [220.381820679, 435.577056885, 453.552307129, 393.95111084, 427.392211914, 403.311309814, 593.003417969, 282.301971436, 302.503814697, 154.9140625, 162.410232544, 114.14881134, 93.2292022705], [171.39453125, 76.373550415, 286.298400879, 157.068893433, 260.339477539, 265.472473145, 282.301971436, 337.878143311, 194.244903564, 142.380508423, 109.549339294, 74.5030441284, 52.7759284973], [101.431098938, 247.128311157, 310.327941895, 311.817260742, 275.097625732, 244.773803711, 302.503814697, 194.244903564, 317.06854248, 134.775238037, 147.075149536, 93.6481323242, 75.2609634399], [147.318191528, -102.843826294, 129.339584351, 132.645706177, 114.683944702, 154.043807983, 154.9140625, 142.380508423, 134.775238037, 188.84046936, 94.7974700928, 109.701324463, 54.956287384], [-17.5267028809, 95.9978485107, 104.885482788, 120.681800842, 127.803825378, 139.717575073, 162.410232544, 109.549339294, 147.075149536, 94.7974700928, 181.828491211, 87.6158905029, 72.8170318604], [205.888381958, -208.371520996, 41.7170906067, 86.7440032959, 16.7496967316, 123.629547119, 114.14881134, 74.5030441284, 93.6481323242, 109.701324463, 87.6158905029, 228.795715332, 73.6487426758], [-45.6929969788, 12.0760936737, 29.8625793457, 50.9123497009, 49.2715187073, 68.3659210205, 93.2292022705, 52.7759284973, 75.2609634399, 54.956287384, 72.8170318604, 73.6487426758, 111.367805481]],
        "icov": [[0.000722261145711, -0.000438648829004, 0.000158946364536, -0.000789046811406, 0.000972388719674, -0.000985484803095, 0.000400868884753, -0.000646836473607, 0.000625072570983, -0.000522877613548, 0.000711369968485, -0.000815918087028, 0.000717762857676], [-0.000438648829004, 0.00353315845132, -0.00170953071211, 0.00115459435619, -0.0026890123263, 0.00271122599952, -0.00272858468816, 0.00233128899708, -0.00170282274485, 0.00340743805282, -0.00235165772028, 0.00309591647238, -0.000968247943092], [0.000158946364536, -0.00170953071211, 0.00402227276936, -0.00120439846069, -0.000846449984238, -0.00316396844573, 0.00197922601365, -0.00121159933042, 0.000344977132045, -0.00133879401255, 0.00210652826354, -0.00140538788401, 0.000936279131565], [-0.000789046811406, 0.00115459435619, -0.00120439846069, 0.00386827043258, -0.0013828164665, 0.000947861059103, -0.00172069203109, 0.00253197690472, -0.00298274238594, 0.000732506392524, -0.00081042322563, 0.00144485500641, -0.00039527338231], [0.000972388719674, -0.0026890123263, -0.000846449984238, -0.0013828164665, 0.00763259362429, -0.00204235315323, 0.000312736345222, -0.00281303166412, 0.00102031975985, -0.00273281079717, 0.00130586477462, -0.00132830056828, 0.00118148291949], [-0.000985484803095, 0.00271122599952, -0.00316396844573, 0.000947861059103, -0.00204235315323, 0.0097650391981, -0.00445759529248, 0.000230993973673, -0.000904280750547, 0.00224316981621, -0.00327680469491, 0.00149735226296, -0.00109558994882], [0.000400868884753, -0.00272858468816, 0.00197922601365, -0.00172069203109, 0.000312736345222, -0.00445759529248, 0.00799264200032, -0.00297048757784, 3.10496507154e-05, -0.00203322037123, 0.0018707846757, -0.0028353179805, -0.000334724667482], [-0.000646836473607, 0.00233128899708, -0.00121159933042, 0.00253197690472, -0.00281303166412, 0.000230993973673, -0.00297048757784, 0.0090762404725, -0.00309857027605, -0.000540636479855, -0.00170034461189, 0.00292022479698, -0.00052116351435], [0.000625072570983, -0.00170282274485, 0.000344977132045, -0.00298274238594, 0.00102031975985, -0.000904280750547, 3.10496507154e-05, -0.00309857027605, 0.0114599084482, -0.00302971666679, -0.0020386565011, -0.001983725233, -0.000346312910551], [-0.000522877613548, 0.00340743805282, -0.00133879401255, 0.000732506392524, -0.00273281079717, 0.00224316981621, -0.00203322037123, -0.000540636479855, -0.00302971666679, 0.0142913712189, -0.00365751003847, -6.07621659583e-05, -0.00134284701198], [0.000711369968485, -0.00235165772028, 0.00210652826354, -0.00081042322563, 0.00130586477462, -0.00327680469491, 0.0018707846757, -0.00170034461189, -0.0020386565011, -0.00365751003847, 0.0131009379402, -0.00328985578381, -0.00218178215437], [-0.000815918087028, 0.00309591647238, -0.00140538788401, 0.00144485500641, -0.00132830056828, 0.00149735226296, -0.0028353179805, 0.00292022479698, -0.001983725233, -6.07621659583e-05, -0.00328985578381, 0.0107318991795, -0.00387150840834], [0.000717762857676, -0.000968247943092, 0.000936279131565, -0.00039527338231, 0.00118148291949, -0.00109558994882, -0.000334724667482, -0.00052116351435, -0.000346312910551, -0.00134284701198, -0.00218178215437, -0.00387150840834, 0.0148689011112]]
    },
    "melbands": {
        "dmean": [0.00297808134928, 0.00188521575183, 0.00115459086373, 0.000419918098487, 0.000439799507149, 0.000578014063649, 0.000327073270455, 0.000176633126102, 0.000200218899408, 0.000249408039963, 0.000146248596138, 0.000114082366053, 7.23259436199e-05, 8.16164611024e-05, 2.32957172557e-05, 2.69074953394e-05, 2.28701373999e-05, 2.18784734898e-05, 1.19728447316e-05, 8.13037149783e-06, 7.67651908973e-06, 5.03792171003e-06, 5.48974412595e-06, 3.94771905121e-06, 2.96302368952e-06, 2.87658212983e-06, 3.1186200431e-06, 2.49608660852e-06, 1.82252529157e-06, 1.20108018109e-06, 1.04925231881e-06, 1.0070037888e-06, 8.15172313651e-07, 4.82979373828e-07, 3.85355292565e-07, 4.62981290639e-07, 3.42453574831e-07, 2.81905442989e-07, 3.28124428961e-07, 2.2971644853e-07],
        "dmean2": [0.00444570463151, 0.00266475975513, 0.00192185281776, 0.00067131879041, 0.000704003148712, 0.000962501333561, 0.000526663847268, 0.000269954995019, 0.000314093194902, 0.000411755318055, 0.000229559169384, 0.000173365493538, 0.000112332156277, 0.000129804000608, 3.77889882657e-05, 4.38903007307e-05, 3.63130893675e-05, 3.51928392774e-05, 1.87551959243e-05, 1.24902562675e-05, 1.16958217404e-05, 7.96100994194e-06, 8.39919721329e-06, 5.9732678892e-06, 4.49030039817e-06, 4.37943344878e-06, 4.70124177809e-06, 3.9059732444e-06, 2.76009313893e-06, 1.87817772712e-06, 1.63177196555e-06, 1.57264582867e-06, 1.30516059471e-06, 7.27429721792e-07, 5.47553611341e-07, 6.66198445742e-07, 4.88246143959e-07, 4.22914268938e-07, 5.05923708261e-07, 3.5295181533e-07],
        "dvar": [5.50143849978e-05, 1.56762671395e-05, 1.05061089926e-05, 4.9678016012e-07, 5.88786747358e-07, 8.70790870522e-07, 2.48045239459e-07, 1.46573995607e-07, 1.50449793068e-07, 1.59922805665e-07, 7.76945938696e-08, 4.40057092987e-08, 1.77929404543e-08, 4.02363866669e-08, 2.27382823681e-09, 6.11508887971e-09, 1.49033885233e-09, 1.89550242169e-09, 3.66056129852e-10, 2.33251390425e-10, 1.95992638785e-10, 5.50731335536e-11, 9.13903466793e-11, 4.28045585088e-11, 1.95237142425e-11, 5.06500223707e-11, 4.03111918845e-11, 2.67206499982e-11, 3.97845680011e-11, 1.86451427214e-11, 7.0122601302e-12, 1.36059583739e-11, 1.55543009028e-11, 3.5727269667e-12, 1.27553295617e-12, 4.17739844452e-12, 3.71299865853e-12, 7.93209898806e-13, 1.13279676438e-12, 3.36283193132e-13],
        "dvar2": [0.000157323913299, 3.67376051145e-05, 2.78578500001e-05, 1.23359711779e-06, 1.47257628669e-06, 2.45699516199e-06, 5.78258379846e-07, 3.42181806445e-07, 3.65438779681e-07, 4.16068445475e-07, 1.76298513566e-07, 1.04801372913e-07, 4.37833627132e-08, 9.28510885956e-08, 5.99523053424e-09, 1.74298531164e-08, 3.57827345532e-09, 4.82158757364e-09, 8.67081850764e-10, 4.85321560717e-10, 4.5558218309e-10, 1.35505412446e-10, 1.8901498422e-10, 9.16899473014e-11, 4.23758562962e-11, 1.16337793565e-10, 7.72766711732e-11, 5.42514297375e-11, 1.08314912595e-10, 5.10576025903e-11, 1.58026265684e-11, 3.43598482999e-11, 4.26346596916e-11, 8.78064027737e-12, 2.06037400682e-12, 6.56602246532e-12, 6.48765286285e-12, 1.52263444908e-12, 2.43536787958e-12, 6.53607918656e-13],
        "max": [0.106174550951, 0.0327801220119, 0.0248236805201, 0.0102053554729, 0.0094111179933, 0.00855834037066, 0.00962146464735, 0.00831221416593, 0.00693402998149, 0.00417112186551, 0.00660906266421, 0.00324033340439, 0.001894398476, 0.00386770255864, 0.000856266531628, 0.00200043828227, 0.000641053542495, 0.000511636259034, 0.000315775629133, 0.000271868950222, 0.000221475813305, 0.000111558903882, 0.000291084696073, 0.000110681939987, 4.82413815917e-05, 0.000209298988921, 0.000194342108443, 9.93949288386e-05, 0.00012689876894, 7.86017189967e-05, 4.27777049481e-05, 6.39886275167e-05, 8.77055063029e-05, 3.77075521101e-05, 3.02693097183e-05, 5.89492301515e-05, 4.91673636134e-05, 1.73613861989e-05, 2.06267195608e-05, 9.70982728177e-06],
        "mean": [0.00904492940754, 0.00357231800444, 0.00109760975465, 0.000758163048886, 0.000821577443276, 0.000911186216399, 0.000622161198407, 0.000305137073155, 0.000437923474237, 0.000458187540062, 0.000246939482167, 0.00021606386872, 0.000126768936752, 0.000131861103, 4.59593757114e-05, 5.07564654981e-05, 5.02277871419e-05, 3.6917757825e-05, 2.09677527891e-05, 1.5537141735e-05, 1.49393399624e-05, 1.00005045169e-05, 1.18450470836e-05, 8.47813225846e-06, 6.07078027315e-06, 5.65473010283e-06, 6.01957253821e-06, 5.42023872185e-06, 3.17655621984e-06, 1.95645588974e-06, 1.86380952982e-06, 1.38910343139e-06, 1.09558845907e-06, 8.28082249882e-07, 7.84162011769e-07, 7.96668643943e-07, 5.30241948127e-07, 4.962245157e-07, 5.96162919919e-07, 4.55820952538e-07],
        "median": [0.000849802338053, 0.000197085551918, 0.00018875474052, 0.000452602107543, 0.000437952490756, 0.000446996535175, 0.00033984152833, 0.000158080089022, 0.000153188448166, 0.000185358003364, 0.000112950838229, 8.93333999556e-05, 5.28657328687e-05, 4.45493569714e-05, 1.98951001948e-05, 2.41421803366e-05, 2.74554913631e-05, 1.67410889844e-05, 1.06650986709e-05, 8.43278303364e-06, 8.38939013192e-06, 5.80194046051e-06, 6.02149157203e-06, 4.82057293993e-06, 3.20827621181e-06, 2.79502091871e-06, 2.58501563621e-06, 2.45840828939e-06, 1.17337992833e-06, 6.51628397463e-07, 5.44418469417e-07, 3.30285701011e-07, 2.44629575263e-07, 2.57623554489e-07, 2.77985236607e-07, 2.18994259171e-07, 1.35515691113e-07, 1.7782406303e-07, 2.33349467749e-07, 1.92756289152e-07],
        "min": [2.91430879429e-08, 6.51663345508e-09, 6.40996375978e-08, 1.19447548741e-07, 4.43583712695e-06, 3.71301848645e-06, 5.06477171314e-08, 5.65074401493e-07, 4.74161709008e-07, 5.87537449803e-08, 7.02100976469e-07, 1.13602425245e-06, 1.35993943218e-07, 1.10859453173e-07, 2.78263087239e-07, 1.2476197071e-06, 3.09370818741e-07, 2.55932263826e-07, 3.88336225399e-08, 3.68819641494e-08, 3.75675348607e-08, 4.37209202175e-08, 1.15060387884e-08, 1.10816662513e-08, 3.94638277612e-09, 5.8090381394e-09, 8.29892154997e-09, 6.38187902524e-09, 2.78689604727e-09, 3.00288155453e-10, 2.62937616125e-10, 1.95694682681e-10, 1.32031066635e-10, 1.20042129015e-10, 1.65097019389e-10, 2.67018324118e-10, 1.146105294e-10, 1.26186214255e-10, 1.32417313226e-10, 2.21082430141e-10],
