{
"highlevel": {
    "danceability": {
        "all": {
            "danceable": 1.03845820831e-06,
            "not_danceable": 0.999998986721
        },
        "probability": 0.999998986721,
        "value": "not_danceable"
    },
    "gender": {
        "all": {
            "female": 0.616948187351,
            "male": 0.383051842451
        },
        "probability": 0.616948187351,
        "value": "female"
    },
    "genre_dortmund": {
        "all": {
            "alternative": 0.149589806795,
            "blues": 0.0234849955887,
            "electronic": 0.0163713805377,
            "folkcountry": 0.00626935530454,
            "funksoulrnb": 0.00436775898561,
            "jazz": 0.00133397802711,
            "pop": 0.0072440081276,
            "raphiphop": 0.000397107476601,
            "rock": 0.790941596031
        },
        "probability": 0.790941596031,
        "value": "rock"
    },
    "genre_electronic": {
        "all": {
            "ambient": 0.341884374619,
            "dnb": 0.388114362955,
            "house": 0.0249871052802,
            "techno": 0.0133057255298,
            "trance": 0.231708422303
        },
        "probability": 0.388114362955,
        "value": "dnb"
    },
    "genre_rosamerica": {
        "all": {
            "cla": 0.00791020225734,
            "dan": 0.000913898169529,
            "hip": 0.000768912490457,
            "jaz": 0.000692075758707,
            "pop": 0.00198728009127,
            "rhy": 0.000276305450825,
            "roc": 0.98737603426,
            "spe": 7.53212734708e-05
        },
        "probability": 0.98737603426,
        "value": "roc"
    },
    "genre_tzanetakis": {
        "all": {
            "blu": 0.0626613423228,
            "cla": 0.0348169617355,
            "cou": 0.104475811124,
            "dis": 0.0784321576357,
            "hip": 0.15692435205,
            "jaz": 0.313974827528,
            "met": 0.0448166541755,
            "pop": 0.0627359300852,
            "reg": 0.0627360641956,
            "roc": 0.0784258767962
        },
        "probability": 0.313974827528,
        "value": "jaz"
    },
    "ismir04_rhythm": {
        "all": {
            "ChaChaCha": 0.0819942057133,
            "Jive": 0.134311184287,
            "Quickstep": 0.0145479151979,
            "Rumba-American": 0.00602368358523,
            "Rumba-International": 0.00472670374438,
            "Rumba-Misc": 0.00350220059045,
            "Samba": 0.0309614017606,
            "Tango": 0.0271769575775,
            "VienneseWaltz": 0.686284780502,
            "Waltz": 0.0104709556326
        },
        "probability": 0.686284780502,
        "value": "VienneseWaltz"
    },
    "mood_acoustic": {
        "all": {
            "acoustic": 1.28935062094e-06,
            "not_acoustic": 0.999998688698
        },
        "probability": 0.999998688698,
        "value": "not_acoustic"
    },
    "mood_aggressive": {
        "all": {
            "aggressive": 0.999990463257,
            "not_aggressive": 9.56052281254e-06
        },
        "probability": 0.999990463257,
        "value": "aggressive"
    },
    "mood_electronic": {
        "all": {
            "electronic": 0.0290375985205,
            "not_electronic": 0.970962405205
        },
        "probability": 0.970962405205,
        "value": "not_electronic"
    },
    "mood_happy": {
        "all": {
            "happy": 0.575036048889,
            "not_happy": 0.424963951111
        },
        "probability": 0.575036048889,
        "value": "happy"
    },
    "mood_party": {
        "all": {
            "not_party": 0.811610877514,
            "party": 0.188389092684
        },
        "probability": 0.811610877514,
        "value": "not_party"
    },
    "mood_relaxed": {
        "all": {
            "not_relaxed": 0.990714907646,
            "relaxed": 0.00928509514779
        },
        "probability": 0.990714907646,
        "value": "not_relaxed"
    },
    "mood_sad": {
        "all": {
            "not_sad": 0.909092843533,
            "sad": 0.090907163918
        },
        "probability": 0.909092843533,
        "value": "not_sad"
    },
    "moods_mirex": {
        "all": {
            "Cluster1": 0.326274782419,
            "Cluster2": 0.0241266060621,
            "Cluster3": 0.108852684498,
            "Cluster4": 0.0190102700144,
            "Cluster5": 0.521735668182
        },
        "probability": 0.521735668182,
        "value": "Cluster5"
    },
    "timbre": {
        "all": {
            "bright": 0.622838497162,
            "dark": 0.377161502838
        },
        "probability": 0.622838497162,
        "value": "bright"
    },
    "tonal_atonal": {
        "all": {
            "atonal": 0.100627280772,
            "tonal": 0.899372696877
        },
        "probability": 0.899372696877,
        "value": "tonal"
    },
    "voice_instrumental": {
        "all": {
            "instrumental": 0.000235631028772,
            "voice": 0.999764382839
        },
        "probability": 0.999764382839,
        "value": "voice"
    }
},
"lowlevel": {
    "average_loudness": 0.983928561211,
    "barkbands_crest": {
        "dmean": 2.32591915131,
        "dmean2": 3.92358422279,
        "dvar": 5.7870054245,
        "dvar2": 15.7855710983,
        "max": 20.9452972412,
        "mean": 6.53186035156,
        "median": 5.95538377762,
        "min": 2.17813706398,
        "var": 7.36038160324
    },
    "barkbands_flatness_db": {
        "dmean": 0.0130464658141,
        "dmean2": 0.0208547823131,
        "dvar": 0.00013699196279,
        "dvar2": 0.000371805101167,
        "max": 0.192413151264,
        "mean": 0.10817117244,
        "median": 0.109051309526,
        "min": 0.037268333137,
        "var": 0.000369692774257
    },
    "barkbands_kurtosis": {
        "dmean": 0.508474111557,
        "dmean2": 0.855390667915,
        "dvar": 0.679196119308,
        "dvar2": 1.90625488758,
        "max": 8.30366039276,
        "mean": -0.729166805744,
        "median": -0.867238521576,
        "min": -1.72047472,
        "var": 0.623569786549
    },
    "barkbands_skewness": {
        "dmean": 0.351621299982,
        "dmean2": 0.567999660969,
        "dvar": 0.138170748949,
        "dvar2": 0.366414219141,
        "max": 3.07828879356,
        "mean": 0.162258014083,
        "median": 0.106402531266,
        "min": -1.08605575562,
        "var": 0.212720528245
    },
    "barkbands_spread": {
        "dmean": 5.18941164017,
        "dmean2": 8.07615947723,
        "dvar": 20.5204486847,
        "dvar2": 49.3017082214,
        "max": 69.0365753174,
        "mean": 31.6812343597,
        "median": 30.3486652374,
        "min": 10.241891861,
        "var": 86.6348495483
    },
    "dissonance": {
        "dmean": 0.0110756615177,
        "dmean2": 0.0187530107796,
        "dvar": 9.08093497856e-05,
        "dvar2": 0.000253480422543,
        "max": 0.499999403954,
        "mean": 0.48100861907,
        "median": 0.48388454318,
        "min": 0.418219089508,
        "var": 0.00016712534125
    },
    "dynamic_complexity": 0.774540126324,
    "erbbands_crest": {
        "dmean": 2.5720012188,
        "dmean2": 4.3635969162,
        "dvar": 5.15405797958,
        "dvar2": 12.9790039062,
        "max": 23.668762207,
        "mean": 8.7260351181,
        "median": 8.08211803436,
        "min": 3.34159755707,
        "var": 10.4912958145
    },
    "erbbands_flatness_db": {
        "dmean": 0.0140034314245,
        "dmean2": 0.0213635805994,
        "dvar": 0.000147561717313,
        "dvar2": 0.000337386125466,
        "max": 0.242918759584,
        "mean": 0.185107454658,
        "median": 0.187765046954,
        "min": 0.0922661945224,
        "var": 0.000527114782017
    },
    "erbbands_kurtosis": {
        "dmean": 0.682358622551,
        "dmean2": 1.09649181366,
        "dvar": 0.431188285351,
        "dvar2": 1.11799812317,
        "max": 5.91130542755,
        "mean": 0.227191254497,
        "median": 0.052722454071,
        "min": -1.39917099476,
        "var": 0.921101331711
    },
    "erbbands_skewness": {
        "dmean": 0.312687009573,
        "dmean2": 0.491119205952,
        "dvar": 0.0666242167354,
        "dvar2": 0.156738042831,
        "max": 1.51450955868,
        "mean": -0.273633480072,
        "median": -0.245940774679,
        "min": -2.06433582306,
        "var": 0.317092001438
    },
    "erbbands_spread": {
        "dmean": 5.01608133316,
        "dmean2": 7.95935487747,
        "dvar": 19.112247467,
        "dvar2": 50.8213653564,
        "max": 62.1519432068,
        "mean": 26.5827598572,
        "median": 25.8061676025,
        "min": 11.3962345123,
        "var": 52.2314796448
    },
    "hfc": {
        "dmean": 6.76055908203,
        "dmean2": 10.4103040695,
        "dvar": 35.816734314,
        "dvar2": 78.2213363647,
        "max": 125.706512451,
        "mean": 41.8286857605,
        "median": 40.8220825195,
        "min": 18.7206764221,
        "var": 107.046165466
    },
    "melbands_crest": {
        "dmean": 2.98159503937,
        "dmean2": 5.04562425613,
        "dvar": 7.78966474533,
        "dvar2": 20.6862163544,
        "max": 23.7711963654,
        "mean": 9.41523170471,
        "median": 8.62914276123,
        "min": 3.66243982315,
        "var": 11.5812072754
    },
    "melbands_flatness_db": {
        "dmean": 0.0176784340292,
        "dmean2": 0.0287786666304,
        "dvar": 0.000389876484405,
        "dvar2": 0.000993849011138,
        "max": 0.275851905346,
        "mean": 0.129097610712,
        "median": 0.127900898457,
        "min": 0.0425163581967,
        "var": 0.000745395605918
    },
    "melbands_kurtosis": {
        "dmean": 1.66992390156,
        "dmean2": 2.87056899071,
        "dvar": 13.3061323166,
        "dvar2": 36.5391769409,
        "max": 44.2953414917,
        "mean": 0.984974861145,
        "median": 0.23862195015,
        "min": -1.55968272686,
        "var": 10.1735639572
    },
    "melbands_skewness": {
        "dmean": 0.468383222818,
        "dmean2": 0.76321297884,
        "dvar": 0.333024710417,
        "dvar2": 0.872045338154,
        "max": 6.37415933609,
        "mean": 1.03836297989,
        "median": 0.919817566872,
        "min": -0.326263129711,
        "var": 0.51145607233
    },
    "melbands_spread": {
        "dmean": 9.71120452881,
        "dmean2": 15.2755508423,
        "dvar": 93.7829284668,
        "dvar2": 225.413024902,
        "max": 135.301727295,
        "mean": 48.5697250366,
        "median": 46.3699684143,
        "min": 8.65228176117,
        "var": 222.743591309
    },
    "pitch_salience": {
        "dmean": 0.0606437139213,
        "dmean2": 0.100914590061,
        "dvar": 0.00309748924337,
        "dvar2": 0.00837408751249,
        "max": 0.774474680424,
        "mean": 0.605437636375,
        "median": 0.612267136574,
        "min": 0.279716521502,
        "var": 0.00535945734009
    },
    "silence_rate_20dB": {
        "dmean": 0,
        "dmean2": 0,
        "dvar": 0,
        "dvar2": 0,
        "max": 1,
        "mean": 1,
        "median": 1,
        "min": 1,
        "var": 0
    },
    "silence_rate_30dB": {
        "dmean": 0,
        "dmean2": 0,
        "dvar": 0,
        "dvar2": 0,
        "max": 1,
        "mean": 1,
        "median": 1,
        "min": 1,
        "var": 0
    },
    "silence_rate_60dB": {
        "dmean": 0,
        "dmean2": 0,
        "dvar": 0,
        "dvar2": 0,
        "max": 0,
        "mean": 0,
        "median": 0,
        "min": 0,
        "var": 0
    },
    "spectral_centroid": {
        "dmean": 195.08392334,
        "dmean2": 306.61932373,
        "dvar": 26223.4238281,
        "dvar2": 62730.4179688,
        "max": 3295.8996582,
        "mean": 2163.84423828,
        "median": 2133.73852539,
        "min": 1239.73547363,
        "var": 99253.8671875
    },
    "spectral_complexity": {
        "dmean": 3.76470589638,
        "dmean2": 6.3462433815,
        "dvar": 8.37653064728,
        "dvar2": 22.0776138306,
        "max": 54,
        "mean": 39.5220413208,
        "median": 40,
        "min": 23,
        "var": 20.4490852356
    },
    "spectral_decrease": {
        "dmean": 1.76143266639e-09,
        "dmean2": 2.86140111605e-09,
        "dvar": 4.59564301619e-18,
        "dvar2": 1.16975605703e-17,
        "max": -2.91182411516e-09,
        "mean": -7.69512098486e-09,
        "median": -7.35320382361e-09,
        "min": -2.0623390995e-08,
        "var": 6.77193742343e-18
    },
    "spectral_energy": {
        "dmean": 0.00697195483372,
        "dmean2": 0.0112758046016,
        "dvar": 6.57847413095e-05,
        "dvar2": 0.000166016121511,
        "max": 0.0799416527152,
        "mean": 0.0328371152282,
        "median": 0.0316203124821,
        "min": 0.0132233919576,
        "var": 0.000102647907624
    },
    "spectral_energyband_high": {
        "dmean": 0.000354182702722,
        "dmean2": 0.000541812914889,
        "dvar": 2.70618471632e-07,
        "dvar2": 4.05900181022e-07,
        "max": 0.0127362478524,
        "mean": 0.00136077322531,
        "median": 0.00117819511797,
        "min": 0.000323226617184,
        "var": 9.04296939552e-07
    },
    "spectral_energyband_low": {
        "dmean": 0.00431780237705,
        "dmean2": 0.00743290735409,
        "dvar": 7.46682853787e-05,
        "dvar2": 0.000204144715099,
        "max": 0.0708646401763,
        "mean": 0.00655903620645,
        "median": 0.00421641534194,
        "min": 0.000339727121172,
        "var": 6.50196525385e-05
    },
    "spectral_energyband_middle_high": {
        "dmean": 0.00346993771382,
        "dmean2": 0.0054632476531,
        "dvar": 1.00514052974e-05,
        "dvar2": 2.34858725889e-05,
        "max": 0.0416195355356,
        "mean": 0.0158401057124,
        "median": 0.0148277757689,
        "min": 0.00521825160831,
        "var": 3.55667471013e-05
    },
    "spectral_energyband_middle_low": {
        "dmean": 0.00375701067969,
        "dmean2": 0.00598203903064,
        "dvar": 1.91644467122e-05,
        "dvar2": 4.65402226837e-05,
        "max": 0.0477111451328,
        "mean": 0.00985288526863,
        "median": 0.00847449433059,
        "min": 0.00187169609126,
        "var": 3.19645987474e-05
    },
    "spectral_entropy": {
        "dmean": 0.0662884041667,
        "dmean2": 0.102494738996,
        "dvar": 0.00301239010878,
        "dvar2": 0.00663618650287,
        "max": 8.38886833191,
        "mean": 7.76869535446,
        "median": 7.75869941711,
        "min": 7.38423204422,
        "var": 0.0130722746253
    },
    "spectral_flux": {
        "dmean": 0.0188518576324,
        "dmean2": 0.0304191354662,
        "dvar": 0.00041386729572,
        "dvar2": 0.000867559516337,
        "max": 0.260461002588,
        "mean": 0.102669782937,
        "median": 0.0958785489202,
        "min": 0.05011568591,
        "var": 0.000762376643252
    },
    "spectral_kurtosis": {
        "dmean": 1.5322804451,
        "dmean2": 2.69496440887,
        "dvar": 1.52318620682,
        "dvar2": 4.68829011917,
        "max": 12.9690322876,
        "mean": 3.37541437149,
        "median": 3.15770244598,
        "min": -0.168308734894,
        "var": 2.14934015274
    },
    "spectral_rms": {
        "dmean": 0.00057966040913,
        "dmean2": 0.000924911815673,
        "dvar": 3.72808386828e-07,
        "dvar2": 9.02396322999e-07,
        "max": 0.0088312998414,
        "mean": 0.00559772830456,
        "median": 0.00555419549346,
        "min": 0.00359177822247,
        "var": 7.01652140833e-07
    },
    "spectral_rolloff": {
        "dmean": 416.330200195,
        "dmean2": 674.668212891,
        "dvar": 293622.5,
        "dvar2": 585269.625,
        "max": 8441.015625,
        "mean": 2577.53759766,
        "median": 2519.38476562,
        "min": 129.19921875,
        "var": 722666.8125
    },
    "spectral_skewness": {
        "dmean": 0.189379021525,
        "dmean2": 0.323020726442,
        "dvar": 0.024444822222,
        "dvar2": 0.0669351518154,
        "max": 3.09807109833,
        "mean": 0.964873492718,
        "median": 0.957721889019,
        "min": 0.185800805688,
        "var": 0.0507477484643
    },
    "spectral_spread": {
        "dmean": 230144.203125,
        "dmean2": 345737.78125,
        "dvar": 106037264384,
        "dvar2": 150062891008,
        "max": 9133602,
        "mean": 3051703.75,
        "median": 2937085.25,
        "min": 2301200.75,
        "var": 361387261952
    },
    "spectral_strongpeak": {
        "dmean": 1.25394332409,
        "dmean2": 2.19198155403,
        "dvar": 2.1255607605,
        "dvar2": 5.66103792191,
        "max": 8.60192775726,
        "mean": 2.01261329651,
        "median": 1.66743564606,
        "min": 0.0399492420256,
        "var": 3.41073894501
    },
    "zerocrossingrate": {
        "dmean": 0.00797538645566,
        "dmean2": 0.00943279173225,
        "dvar": 7.5700765592e-05,
        "dvar2": 8.23765876703e-05,
        "max": 0.23046875,
        "mean": 0.0817389637232,
        "median": 0.078125,
        "min": 0.03955078125,
        "var": 0.000419916992541
    },
    "barkbands": {
        "dmean": [5.2307608712e-05, 0.00328602944501, 0.00149164779577, 0.000786096206866, 0.00130425172392, 0.0009791435441, 0.000392784102587, 0.000856746453792, 0.00177492387593, 0.000847134680953, 0.00151534972247, 0.000539346714504, 0.000870764895808, 0.00136403436773, 0.00039553217357, 0.000513097795192, 0.00106272334233, 0.00068707059836, 0.000463174277684, 0.000229182944167, 0.00012457970297, 0.000153112021508, 4.62869902549e-05, 5.07321456098e-05, 1.78815225809e-05, 1.01371988421e-05, 3.56385854161e-08],
        "dmean2": [8.50151773193e-05, 0.00568385003135, 0.00267533445731, 0.00139455695171, 0.0022518991027, 0.00157665601, 0.000634410593193, 0.00140453502536, 0.00273306132294, 0.0013144222321, 0.00230596214533, 0.000857115082908, 0.00142134388443, 0.00225367047824, 0.000660413410515, 0.000873165496159, 0.00180059892591, 0.00117582757957, 0.000773762643803, 0.000388640240999, 0.000210837330087, 0.000258086511167, 6.2081424403e-05, 6.8973415182e-05, 2.40932877205e-05, 1.49508859977e-05, 6.07904908634e-08],
        "dvar": [8.74841088461e-09, 4.88330479129e-05, 6.4538312472e-06, 1.31827971472e-06, 4.70626082461e-06, 1.46948605106e-06, 6.32145315649e-07, 4.4360767788e-06, 6.56547217659e-06, 3.61877641808e-06, 4.43662520411e-06, 1.24553946534e-06, 1.56559690367e-06, 3.48774324266e-06, 2.28850495887e-07, 3.31086454253e-07, 1.12097370675e-06, 4.38107292666e-07, 1.72208658e-07, 4.53604052097e-08, 1.33317490381e-08, 2.11763726554e-08, 2.47793465746e-08, 4.75511150455e-08, 7.27867055517e-09, 1.97730609663e-09, 9.66981198212e-15],
        "dvar2": [1.95087075383e-08, 0.000136925751576, 1.82642579603e-05, 3.85148223359e-06, 1.30026846819e-05, 3.60092258234e-06, 1.38403765959e-06, 1.13127625809e-05, 1.56659461936e-05, 7.6858104876e-06, 1.00136521723e-05, 2.93079597213e-06, 4.19936804974e-06, 9.26355369302e-06, 5.66028859339e-07, 8.29499413157e-07, 3.06955985252e-06, 1.16973171771e-06, 4.55519796105e-07, 1.25012519447e-07, 3.64525156726e-08, 5.83412322896e-08, 3.68415911112e-08, 6.42586925892e-08, 1.02862074414e-08, 3.49809914368e-09, 2.05814555801e-14],
        "max": [0.00122691749129, 0.0532759204507, 0.0225801132619, 0.0178964976221, 0.0206267163157, 0.0146865062416, 0.0192208308727, 0.0338255465031, 0.0413920581341, 0.0270054861903, 0.0196837857366, 0.0229670312256, 0.0177207719535, 0.0187409482896, 0.00612365221605, 0.00930215511471, 0.0117981834337, 0.00634942622855, 0.0060294889845, 0.00359110999852, 0.00242094183341, 0.00175958301406, 0.00378178642131, 0.00496023520827, 0.0017627987545, 0.000806813302916, 1.67037421761e-06],
        "mean": [6.77319258102e-05, 0.00404273252934, 0.00182528945152, 0.00106521171983, 0.00191741087474, 0.00178390846122, 0.000625212443992, 0.00119561399333, 0.00301848421805, 0.00141509913374, 0.00275135529228, 0.000909505935851, 0.00147577840835, 0.00227664690465, 0.000731603475288, 0.00102224585135, 0.00227014860138, 0.00158410007134, 0.00117231195327, 0.000668427383061, 0.000370886235032, 0.000415569433244, 0.000100573881355, 9.0618050308e-05, 2.75989677903e-05, 1.30466969495e-05, 3.36290355563e-08],
        "median": [2.51593482972e-05, 0.00219725677744, 0.00119800376706, 0.000747688522097, 0.00132851547096, 0.00133029115386, 0.000386943924241, 0.000368322187569, 0.0016544368118, 0.000489570200443, 0.00111909257248, 0.000453273998573, 0.000842755252961, 0.0011177418055, 0.00053654279327, 0.000838304986246, 0.0019547061529, 0.00139889493585, 0.001057795831, 0.000622604042292, 0.000344823987689, 0.00037290918408, 4.91894752486e-05, 3.11690600938e-05, 5.98128326601e-06, 2.60397632701e-06, 6.72707267668e-09],
        "min": [3.96764967547e-08, 5.62301793252e-05, 8.69869290909e-06, 1.04995815491e-05, 5.80924715905e-05, 9.76034571067e-05, 2.37724725594e-05, 1.63675413205e-05, 6.81709934724e-05, 3.79924022127e-05, 2.12821360037e-05, 5.17448206665e-05, 7.170830213e-05, 8.10669516795e-05, 6.18650446995e-05, 0.000132935019792, 0.000371641683159, 0.000310933712171, 0.000256477214862, 6.76130657666e-05, 0.000108060252387, 0.000102449521364, 1.02519634311e-05, 6.35065680399e-06, 5.807172343e-08, 3.76854814021e-09, 5.10167949552e-12],
        "var": [1.27814647755e-08, 4.00929093303e-05, 5.18904380442e-06, 1.23205052205e-06, 4.31893158748e-06, 2.4761898203e-06, 9.3213867558e-07, 5.86931491853e-06, 1.26088170873e-05, 7.69274720369e-06, 1.26265877043e-05, 2.56944576904e-06, 3.24667144014e-06, 7.27506403564e-06, 4.36351001554e-07, 6.01617671236e-07, 1.72491797912e-06, 7.02132012975e-07, 3.22656489971e-07, 7.63873870824e-08, 2.63821124946e-08, 3.75589195301e-08, 7.70290142782e-08, 1.23482010395e-07, 1.60929385373e-08, 3.80606834938e-09, 1.39164184394e-14]
    },
    "erbbands": {
        "dmean": [0.0711767151952, 0.817909538746, 1.6382433176, 2.32187151909, 3.49762701988, 4.76981449127, 5.342233181, 8.59742355347, 5.04564762115, 8.09837341309, 27.1902999878, 48.4561500549, 16.4544277191, 37.0270576477, 56.7616386414, 26.6752128601, 47.0726509094, 34.2046165466, 62.9470367432, 20.7017230988, 29.9316711426, 53.8106575012, 35.8450279236, 21.0477752686, 19.2633152008, 10.796046257, 6.1981921196, 4.7900929451, 6.04886388779, 1.40973103046, 1.45892345905, 1.44190168381, 0.594148635864, 0.289823055267, 0.0870545580983, 0.0624566040933, 0.0148484446108, 0.00079950701911, 2.26365373237e-05, 9.00000122783e-06],
        "dmean2": [0.123394988477, 1.41970086098, 2.91716003418, 4.10209369659, 6.07259225845, 8.18317508698, 8.7886390686, 13.5396203995, 8.39970111847, 12.7622470856, 43.8933868408, 73.6191864014, 25.2778892517, 57.3904495239, 86.4182357788, 42.0451507568, 76.6742630005, 56.5762023926, 104.04322052, 34.3342971802, 50.3410263062, 91.117980957, 61.7441253662, 35.5499610901, 32.1382980347, 18.2371463776, 10.5051183701, 7.98034858704, 10.0983629227, 2.127212286, 1.97429072857, 1.9510474205, 0.806459486485, 0.389860659838, 0.123403012753, 0.0938998535275, 0.0217267442495, 0.00115684513003, 3.24365428241e-05, 1.42163871715e-05],
        "dvar": [0.0199920330197, 3.11127209663, 9.89611625671, 12.3153839111, 40.7940788269, 50.0853042603, 50.6033325195, 128.166870117, 75.2573242188, 337.08215332, 3996.77832031, 4864.61083984, 2492.78515625, 5457.65771484, 6982.37792969, 2927.11328125, 4700.16015625, 2525.00512695, 8755.703125, 699.547546387, 803.690063477, 2836.33251953, 1276.85327148, 317.177368164, 296.105834961, 103.61819458, 31.2177371979, 20.3481006622, 30.9331169128, 5.75263881683, 31.5519504547, 38.0861320496, 6.92320156097, 2.06121706963, 0.143732786179, 0.069612801075, 0.00608818139881, 1.92500428966e-05, 7.92923771087e-09, 1.12100301264e-10],
        "dvar2": [0.0566739626229, 8.66813850403, 27.3064899445, 36.3250541687, 112.924331665, 136.201751709, 126.757553101, 310.415527344, 202.666091919, 679.075073242, 10014.7363281, 11330.4267578, 5757.92382812, 11594.1357422, 15547.4433594, 6865.86669922, 12673.8525391, 5999.43554688, 24180.5253906, 1661.39660645, 2193.89379883, 7702.91552734, 3393.45849609, 852.642456055, 747.621643066, 285.039001465, 88.3761825562, 53.9700927734, 84.7267227173, 9.24798870087, 55.3035736084, 48.8313980103, 10.8484668732, 3.172570467, 0.226671382785, 0.125431612134, 0.0110597275198, 4.04551101383e-05, 1.42963818561e-08, 2.43029152358e-10],
        "max": [1.05847048759, 13.9882669449, 24.7824382782, 54.177066803, 61.0566177368, 68.9932937622, 107.513565063, 162.883224487, 102.389816284, 417.87789917, 940.94317627, 1127.03308105, 1030.98278809, 1280.14990234, 818.250061035, 1141.23083496, 993.797729492, 631.282958984, 1014.00842285, 534.013793945, 394.552429199, 629.929077148, 355.777740479, 178.644454956, 281.49395752, 151.128768921, 82.9882354736, 92.8347625732, 72.3055038452, 70.8686599731, 142.503143311, 156.404571533, 53.5830497742, 31.4658813477, 6.25140523911, 5.67251491547, 1.38567650318, 0.0992120355368, 0.00192972971126, 0.000139511874295],
        "mean": [0.0923179015517, 0.988821148872, 2.08196139336, 3.27035951614, 4.56182813644, 7.11841630936, 9.65388011932, 15.6632528305, 8.43486595154, 12.2964506149, 40.2777290344, 85.7407531738, 28.0897827148, 72.5260391235, 106.422286987, 49.7527580261, 82.7900619507, 64.6832733154, 110.084068298, 44.4218101501, 72.0517654419, 127.553909302, 87.9108886719, 57.9017715454, 52.0924797058, 32.0557670593, 19.454082489, 15.5452241898, 16.8347873688, 4.03134965897, 2.89459705353, 2.51937794685, 1.04150414467, 0.43470209837, 0.132106006145, 0.0820591673255, 0.01953125, 0.00098830088973, 4.96234206366e-05, 4.44108300144e-05],
        "median": [0.0512324571609, 0.512227594852, 1.33068358898, 2.38183832169, 3.14196610451, 4.85126447678, 7.24820423126, 11.1853818893, 5.67431592941, 6.38565587997, 18.4990367889, 45.155456543, 17.8982868195, 31.5300674438, 41.707195282, 30.1562347412, 50.3063964844, 46.836555481, 52.6242218018, 35.9107398987, 62.2998390198, 111.648674011, 78.0464324951, 54.4367904663, 47.4043693542, 29.6947422028, 17.8066482544, 14.1767749786, 15.0804681778, 3.09781813622, 1.28725481033, 0.891579151154, 0.32385841012, 0.0971920117736, 0.0275256894529, 0.0180033463985, 0.0031594557222, 0.000151102343807, 2.75371585303e-05, 4.19395837525e-05],
        "min": [0.000786018441431, 0.0123816402629, 0.0172106977552, 0.12038654834, 0.140374258161, 0.233867973089, 0.417230010033, 0.931732356548, 0.576822340488, 0.445776075125, 1.18870449066, 2.32320809364, 1.65907633305, 2.16432261467, 2.36216306686, 3.86064743996, 4.80492448807, 6.01094770432, 5.10704088211, 6.09257411957, 10.7567663193, 26.0287761688, 20.8418827057, 13.1151819229, 9.94924163818, 4.42118215561, 4.90915727615, 3.90542602539, 4.51701259613, 0.938113808632, 0.231497183442, 0.143270358443, 0.0400128923357, 0.00179734441917, 0.000469352846267, 9.84293437796e-05, 2.78959032585e-05, 9.98509040073e-06, 1.12664711196e-05, 1.87212499441e-05],
        "var": [0.0176449920982, 2.5290658474, 7.75287628174, 10.8139591217, 31.614112854, 58.3273696899, 75.1105728149, 226.96534729, 100.707672119, 546.286132812, 4994.30322266, 10916.4150391, 3159.64086914, 14822.5556641, 20417.2109375, 5972.90576172, 9521.26855469, 4438.69580078, 18627.3945312, 1220.17358398, 1708.5, 4514.58056641, 2037.0012207, 592.558044434, 570.959472656, 177.654663086, 59.9113388062, 43.1360931396, 58.3960456848, 18.9574623108, 80.8485412598, 99.9587860107, 16.7835941315, 4.09932279587, 0.328337997198, 0.13906173408, 0.0104760490358, 2.85158639599e-05, 1.54482684422e-08, 2.16664935992e-10]
    },
    "gfcc": {
        "mean": [45.8604736328, 101.740524292, -167.78465271, 52.1653633118, -53.6016540527, 11.7895307541, -26.1451587677, 6.24670553207, -19.4838943481, -3.39104485512, -13.9487667084, 0.545058310032, -6.98494672775],
        "cov": [[264.651641846, -176.959854126, 135.679595947, -77.5609893799, -35.7444381714, 56.9492912292, -58.7007904053, 63.452507019, -35.0085525513, 30.4265918732, -30.2952537537, 15.0218896866, -41.3806381226], [-176.959854126, 357.055603027, -138.150360107, 38.285194397, 26.7734851837, -55.8636436462, 108.317771912, -67.9240112305, 61.5374298096, -45.3721008301, 25.6103477478, -47.7478256226, 47.8061103821], [135.679595947, -138.150360107, 209.671096802, 43.3125953674, 7.14320611954, 18.0749988556, -64.0799331665, 58.2613143921, -16.8469238281, 29.6047649384, -19.5396957397, 21.1468296051, -42.1299476624], [-77.5609893799, 38.285194397, 43.3125953674, 179.498275757, 53.9348640442, -31.1136436462, -2.54065799713, -0.779168128967, 49.2752037048, 0.0217442233115, 19.2395896912, -11.8583259583, 3.49355340004], [-35.7444381714, 26.7734851837, 7.14320611954, 53.9348640442, 84.109413147, 28.8618488312, 24.4029541016, -8.72931098938, 5.99234867096, 9.42263698578, 5.24275016785, 4.20145654678, 4.94887924194], [56.9492912292, -55.8636436462, 18.0749988556, -31.1136436462, 28.8618488312, 105.89818573, 21.2884254456, 12.7671337128, -19.8774089813, 4.94666671753, 13.8253936768, 1.55873060226, 11.9949731827], [-58.7007904053, 108.317771912, -64.0799331665, -2.54065799713, 24.4029541016, 21.2884254456, 102.951881409, 0.236267536879, 19.5724620819, -16.3753910065, 14.9343662262, -0.309576541185, 18.1475028992], [63.452507019, -67.9240112305, 58.2613143921, -0.779168128967, -8.72931098938, 12.7671337128, 0.236267536879, 72.5258483887, 17.6799430847, 18.0036525726, -9.62827587128, 5.80410003662, -11.3430595398], [-35.0085525513, 61.5374298096, -16.8469238281, 49.2752037048, 5.99234867096, -19.8774089813, 19.5724620819, 17.6799430847, 79.5307006836, 11.4643611908, 10.3382530212, -24.2302742004, 8.86918830872], [30.4265918732, -45.3721008301, 29.6047649384, 0.0217442233115, 9.42263698578, 4.94666671753, -16.3753910065, 18.0036525726, 11.4643611908, 55.2195663452, 9.48864650726, 12.2608165741, -13.8803663254], [-30.2952537537, 25.6103477478, -19.5396957397, 19.2395896912, 5.24275016785, 13.8253936768, 14.9343662262, -9.62827587128, 10.3382530212, 9.48864650726, 59.1212043762, 15.8597574234, 20.6603794098], [15.0218896866, -47.7478256226, 21.1468296051, -11.8583259583, 4.20145654678, 1.55873060226, -0.309576541185, 5.80410003662, -24.2302742004, 12.2608165741, 15.8597574234, 66.4404296875, 5.09433937073], [-41.3806381226, 47.8061103821, -42.1299476624, 3.49355340004, 4.94887924194, 11.9949731827, 18.1475028992, -11.3430595398, 8.86918830872, -13.8803663254, 20.6603794098, 5.09433937073, 56.1449317932]],
        "icov": [[0.0116791762412, -0.000431684224168, -0.0050574853085, 0.00400215340778, 0.00375519902445, -0.0067007583566, 0.00369068863802, -0.00338427908719, -0.00122534728143, -0.000936143507715, 0.0025672072079, -0.00153513217811, 0.00331208761781], [-0.000431684224168, 0.0142471455038, -0.00469627836719, 0.00516075780615, -0.00631446158513, 0.0137284360826, -0.0153526812792, 0.0119797494262, -0.00584245147184, 0.00359145016409, -0.00607105856761, 0.010999051854, -0.00824124831706], [-0.0050574853085, -0.00469627836719, 0.0166921652853, -0.00925266835839, 0.00149665575009, -0.00650119874626, 0.0100996876135, -0.0109951347113, 0.00562812155113, -0.00150646222755, 0.00370770203881, -0.00723493471742, 0.00717417337], [0.00400215340778, 0.00516075780615, -0.00925266835839, 0.0184217486531, -0.0132476435974, 0.0105294901878, -0.00250773131847, 0.00366193684749, -0.00965202506632, 0.00787675660104, -0.00980066508055, 0.00686192838475, -0.00260936957784], [0.00375519902445, -0.00631446158513, 0.00149665575009, -0.0132476435974, 0.0308753475547, -0.0190348830074, 0.000619397091214, 0.00177239999175, 0.00396621180698, -0.0120968120173, 0.0138751436025, -0.00980733148754, 0.00376164168119], [-0.0067007583566, 0.0137284360826, -0.00650119874626, 0.0105294901878, -0.0190348830074, 0.0362043790519, -0.0194325949997, 0.007931785658, 0.00115611997899, 0.0045474153012, -0.0164290294051, 0.0195641685277, -0.0151230255142], [0.00369068863802, -0.0153526812792, 0.0100996876135, -0.00250773131847, 0.000619397091214, -0.0194325949997, 0.0358897410333, -0.0198348928243, 0.000394333183067, 0.00481428392231, 0.00367582123727, -0.0158496480435, 0.013229903765], [-0.00338427908719, 0.0119797494262, -0.0109951347113, 0.00366193684749, 0.00177239999175, 0.007931785658, -0.0198348928243, 0.0384315028787, -0.0146329719573, -0.00233321031556, 0.00199240911752, 0.0050348858349, -0.00830371305346], [-0.00122534728143, -0.00584245147184, 0.00562812155113, -0.00965202506632, 0.00396621180698, 0.00115611997899, 0.000394333183067, -0.0146329719573, 0.0313411615789, -0.0118771381676, -0.000733239285182, 0.00760027393699, -0.00309203774668], [-0.000936143507715, 0.00359145016409, -0.00150646222755, 0.00787675660104, -0.0120968120173, 0.0045474153012, 0.00481428392231, -0.00233321031556, -0.0118771381676, 0.0331494696438, -0.0117871798575, -0.00263596512377, 0.00734694162384], [0.0025672072079, -0.00607105856761, 0.00370770203881, -0.00980066508055, 0.0138751436025, -0.0164290294051, 0.00367582123727, 0.00199240911752, -0.000733239285182, -0.0117871798575, 0.0339048840106, -0.0145539054647, -0.00199927482754], [-0.00153513217811, 0.010999051854, -0.00723493471742, 0.00686192838475, -0.00980733148754, 0.0195641685277, -0.0158496480435, 0.0050348858349, 0.00760027393699, -0.00263596512377, -0.0145539054647, 0.0342166721821, -0.0131292166188], [0.00331208761781, -0.00824124831706, 0.00717417337, -0.00260936957784, 0.00376164168119, -0.0151230255142, 0.013229903765, -0.00830371305346, -0.00309203774668, 0.00734694162384, -0.00199927482754, -0.0131292166188, 0.0339923761785]]
    },
    "melbands": {
        "dmean": [0.000802820490208, 0.000908116344362, 0.000400190474465, 0.000321040890412, 0.000172762083821, 0.000188909834833, 7.74360669311e-05, 8.796829934e-05, 0.000261369976215, 0.000281704618828, 7.60829498176e-05, 0.000139761526952, 0.000228292381507, 5.4398264183e-05, 8.59515785123e-05, 8.71788724908e-05, 6.8057939643e-05, 0.000131963155582, 2.82595938188e-05, 3.34901451424e-05, 4.63289252366e-05, 7.43995697121e-05, 4.98895315104e-05, 2.29560155276e-05, 1.89366346603e-05, 2.2536236429e-05, 1.04275177364e-05, 8.05789204605e-06, 5.14748626301e-06, 3.58090755981e-06, 3.55692918674e-06, 4.87405850436e-06, 1.54519318585e-06, 7.47145975311e-07, 8.63899117576e-07, 1.08660378828e-06, 8.25946983696e-07, 4.9990876505e-07, 2.97908655966e-07, 2.41982462512e-07],
        "dmean2": [0.00138510938268, 0.00158367864788, 0.000702741905116, 0.000555385486223, 0.000282961787889, 0.000298825645586, 0.00012745623826, 0.000140049363836, 0.000419215299189, 0.000428335129982, 0.000118751588161, 0.000217223219806, 0.00034605289693, 8.52791417856e-05, 0.000141710290336, 0.000142138742376, 0.000113200483611, 0.000217877255636, 4.61987001472e-05, 5.65106056456e-05, 7.83451832831e-05, 0.00012618607434, 8.59803476487e-05, 3.901150194e-05, 3.19793180097e-05, 3.78837830795e-05, 1.79036305781e-05, 1.36065737024e-05, 8.77316142578e-06, 6.09010794506e-06, 6.0234369812e-06, 8.26914038043e-06, 2.54537258115e-06, 1.14202555324e-06, 1.20497077205e-06, 1.47687467233e-06, 1.14984675292e-06, 7.04449234945e-07, 4.08776003269e-07, 3.26982245724e-07],
        "dvar": [2.7626388146e-06, 3.45119860867e-06, 3.33255570695e-07, 3.26649598037e-07, 4.67743674903e-08, 5.99315441718e-08, 1.85076238779e-08, 3.77615734237e-08, 3.04080970182e-07, 1.86321244655e-07, 6.20582056854e-08, 9.22100440448e-08, 1.14316357269e-07, 1.05894590874e-08, 1.69016516338e-08, 1.41212916915e-08, 1.12791074258e-08, 4.28826290033e-08, 1.29863353404e-09, 1.94891036642e-09, 1.83620096905e-09, 6.08402483948e-09, 2.43914199949e-09, 4.43747399936e-10, 2.60290927701e-10, 4.70288197274e-10, 1.1047045223e-10, 5.7991736413e-11, 2.20155213504e-11, 1.16032504785e-11, 1.08327817203e-11, 2.11645145853e-11, 3.01136437834e-12, 2.84002140381e-12, 1.00722243046e-11, 1.60258906839e-11, 1.47096744507e-11, 5.09194899787e-12, 1.94945210148e-12, 1.44112434659e-12],
        "dvar2": [7.78289995651e-06, 9.43868053582e-06, 9.72504608399e-07, 9.01480575521e-07, 1.19170664448e-07, 1.47312107401e-07, 4.82797339885e-08, 7.96706203232e-08, 7.4725636523e-07, 4.42008513346e-07, 1.43894467897e-07, 1.94940753317e-07, 2.54334679539e-07, 2.30069492346e-08, 4.36770086765e-08, 3.80415023926e-08, 2.65478306005e-08, 1.18748602063e-07, 3.16410675438e-09, 4.9343262809e-09, 5.01417929399e-09, 1.66562514892e-08, 6.69353728e-09, 1.17052589843e-09, 7.16200321271e-10, 1.19233778406e-09, 3.0222668812e-10, 1.61523419639e-10, 6.35374877711e-11, 3.14612676189e-11, 2.94144569812e-11, 5.90961168889e-11, 7.87376327333e-12, 4.59981835607e-12, 2.00683376167e-11, 2.29347062175e-11, 2.07946767444e-11, 9.04533305895e-12, 3.10167581723e-12, 2.2839724903e-12],
        "max": [0.0122101381421, 0.0151434820145, 0.00837855320424, 0.00545517774299, 0.00306688272394, 0.00338531541638, 0.00185534567572, 0.00367957865819, 0.00812753848732, 0.00779189774767, 0.00514103658497, 0.00529409432784, 0.00329165579751, 0.00268363300711, 0.00129312335048, 0.00173996167723, 0.00141197291669, 0.00221826951019, 0.000429388688644, 0.000683323654812, 0.000461439281935, 0.000923437240999, 0.000539021915756, 0.000234411636484, 0.000162542099133, 0.000348144181771, 0.000190781749552, 9.74886133918e-05, 5.50580807612e-05, 6.04050292168e-05, 5.12616425112e-05, 3.98330485041e-05, 3.65149026038e-05, 5.42458365089e-05, 7.05325801391e-05, 0.000106048806629, 9.45710489759e-05, 5.19380118931e-05, 2.74731191894e-05, 2.774011773e-05],
        "mean": [0.00101485499181, 0.00121945491992, 0.000589655363001, 0.000438592833234, 0.00034004682675, 0.000344707776094, 0.00012639517081, 0.000130858883495, 0.000395558599848, 0.000492311199196, 0.000110116605356, 0.000261559238425, 0.000417598814238, 0.000103274978756, 0.000152705833898, 0.000151592990733, 0.00011349630222, 0.000218348897761, 5.47232630197e-05, 5.84781555517e-05, 9.67656596913e-05, 0.000148609629832, 0.000104275859485, 5.43785499758e-05, 4.5329441491e-05, 5.04463096149e-05, 2.48983760684e-05, 2.04733059945e-05, 1.31862725539e-05, 8.88090744411e-06, 9.60885608947e-06, 1.22101300803e-05, 3.5469759041e-06, 1.69169970832e-06, 1.58188368005e-06, 1.81167615665e-06, 1.40538418236e-06, 8.11179177163e-07, 4.60835138938e-07, 3.26550036789e-07],
        "median": [0.000577450264245, 0.00076105928747, 0.000448668113677, 0.000298872182611, 0.000264647620497, 0.000249787728535, 8.48245326779e-05, 6.48845525575e-05, 0.000204763258807, 0.000246574636549, 5.55377555429e-05, 9.40126774367e-05, 0.000151043030201, 6.46919215797e-05, 9.67520609265e-05, 9.48878587224e-05, 7.0127316576e-05, 8.51476288517e-05, 3.9518414269e-05, 4.36711779912e-05, 8.23136506369e-05, 0.000123581616208, 9.10128001124e-05, 4.89959602419e-05, 4.16394032072e-05, 4.38448078057e-05, 2.26274987654e-05, 1.85766930372e-05, 1.20311860883e-05, 7.85888369137e-06, 8.79550680111e-06, 1.08141484816e-05, 3.03576507577e-06, 1.11987617402e-06, 7.18350520401e-07, 6.46174669328e-07, 4.79660457131e-07, 2.49602834401e-07, 1.13369338806e-07, 6.79384726254e-08],
        "min": [1.28057536131e-05, 1.27086350403e-05, 1.9904680812e-05, 1.21553694044e-05, 1.31510214487e-05, 1.97910121642e-05, 5.09482833877e-06, 3.98039219363e-06, 9.86018949334e-06, 1.2164697182e-05, 4.23905567004e-06, 5.42137922821e-06, 5.19933200849e-06, 8.50891228765e-06, 9.62919784797e-06, 7.39192864785e-06, 6.70888857712e-06, 6.17361274635e-06, 4.09828271586e-06, 7.0646237873e-06, 1.11635899884e-05, 2.15070194827e-05, 1.5981044271e-05, 8.76747162692e-06, 8.00705674919e-06, 9.41336566029e-06, 2.78755214822e-06, 2.63011565949e-06, 2.46556237471e-06, 1.38440009323e-06, 2.12649433706e-06, 2.89417653221e-06, 5.36301911325e-07, 1.50677948341e-07, 7.56554072723e-08, 8.18164593852e-08, 8.27944433013e-08, 1.97197618235e-08, 5.74058356406e-10, 4.60498791877e-11],
