{
"highlevel": {
    "danceability": {
        "all": {
            "danceable": 0.999962866306,
            "not_danceable": 3.71314017684e-05
        },
        "probability": 0.999962866306,
        "value": "danceable"
    },
    "gender": {
        "all": {
            "female": 0.923497617245,
            "male": 0.0765023902059
        },
        "probability": 0.923497617245,
        "value": "female"
    },
    "genre_dortmund": {
        "all": {
            "alternative": 0.0371710732579,
            "blues": 0.047716345638,
            "electronic": 0.0718786716461,
            "folkcountry": 0.0630364194512,
            "funksoulrnb": 0.0527153648436,
            "jazz": 0.0957764238119,
            "pop": 0.201351314783,
            "raphiphop": 0.281751692295,
            "rock": 0.148602694273
        },
        "probability": 0.281751692295,
        "value": "raphiphop"
    },
    "genre_electronic": {
        "all": {
            "ambient": 0.183053687215,
            "dnb": 0.486824065447,
            "house": 0.13582496345,
            "techno": 0.0199020113796,
            "trance": 0.174395263195
        },
        "probability": 0.486824065447,
        "value": "dnb"
    },
    "genre_rosamerica": {
        "all": {
            "cla": 0.000477206951473,
            "dan": 0.0690906345844,
            "hip": 0.00989139266312,
            "jaz": 0.000902368978132,
            "pop": 0.877117872238,
            "rhy": 0.0378230698407,
            "roc": 0.00420740153641,
            "spe": 0.000490065431222
        },
        "probability": 0.877117872238,
        "value": "pop"
    },
    "genre_tzanetakis": {
        "all": {
            "blu": 0.0622663982213,
            "cla": 0.0345780998468,
            "cou": 0.103735685349,
            "dis": 0.0518908686936,
            "hip": 0.155698984861,
            "jaz": 0.311586618423,
            "met": 0.0519040971994,
            "pop": 0.0622744634748,
            "reg": 0.0622723288834,
            "roc": 0.103792458773
        },
        "probability": 0.311586618423,
        "value": "jaz"
    },
    "ismir04_rhythm": {
        "all": {
            "ChaChaCha": 0.0298987682909,
            "Jive": 0.0656652823091,
            "Quickstep": 0.205850303173,
            "Rumba-American": 0.0176259819418,
            "Rumba-International": 0.0548099167645,
            "Rumba-Misc": 0.0136599270627,
            "Samba": 0.587286353111,
            "Tango": 0.00920380465686,
            "VienneseWaltz": 0.00845815427601,
            "Waltz": 0.00754150468856
        },
        "probability": 0.587286353111,
        "value": "Samba"
    },
    "mood_acoustic": {
        "all": {
            "acoustic": 0.0227212198079,
            "not_acoustic": 0.977278769016
        },
        "probability": 0.977278769016,
        "value": "not_acoustic"
    },
    "mood_aggressive": {
        "all": {
            "aggressive": 0.139622405171,
            "not_aggressive": 0.86037760973
        },
        "probability": 0.86037760973,
        "value": "not_aggressive"
    },
    "mood_electronic": {
        "all": {
            "electronic": 0.59013313055,
            "not_electronic": 0.40986686945
        },
        "probability": 0.59013313055,
        "value": "electronic"
    },
    "mood_happy": {
        "all": {
            "happy": 0.968528568745,
            "not_happy": 0.0314714126289
        },
        "probability": 0.968528568745,
        "value": "happy"
    },
    "mood_party": {
        "all": {
            "not_party": 0.343014359474,
            "party": 0.656985640526
        },
        "probability": 0.656985640526,
        "value": "party"
    },
    "mood_relaxed": {
        "all": {
            "not_relaxed": 0.428573191166,
            "relaxed": 0.571426808834
        },
        "probability": 0.571426808834,
        "value": "relaxed"
    },
    "mood_sad": {
        "all": {
            "not_sad": 0.816694736481,
            "sad": 0.183305293322
        },
        "probability": 0.816694736481,
        "value": "not_sad"
    },
    "moods_mirex": {
        "all": {
            "Cluster1": 0.335968732834,
            "Cluster2": 0.170816630125,
            "Cluster3": 0.0734478980303,
            "Cluster4": 0.153858408332,
            "Cluster5": 0.265908300877
        },
        "probability": 0.335968732834,
        "value": "Cluster1"
    },
    "timbre": {
        "all": {
            "bright": 0.951757311821,
            "dark": 0.0482426695526
        },
        "probability": 0.951757311821,
        "value": "bright"
    },
    "tonal_atonal": {
        "all": {
            "atonal": 0.135433793068,
            "tonal": 0.864566206932
        },
        "probability": 0.864566206932,
        "value": "tonal"
    },
    "voice_instrumental": {
        "all": {
            "instrumental": 0.0140755847096,
            "voice": 0.985924422741
        },
        "probability": 0.985924422741,
        "value": "voice"
    }
},
"lowlevel": {
    "average_loudness": 0.972195208073,
    "barkbands_crest": {
        "dmean": 3.2962141037,
        "dmean2": 5.01254224777,
        "dvar": 8.53944301605,
        "dvar2": 18.4902420044,
        "max": 25.8020343781,
        "mean": 12.5139350891,
        "median": 11.722700119,
        "min": 2.73936414719,
        "var": 28.6500301361
    },
    "barkbands_flatness_db": {
        "dmean": 0.034148350358,
        "dmean2": 0.0489431284368,
        "dvar": 0.00114123348612,
        "dvar2": 0.00209720712155,
        "max": 0.41470721364,
        "mean": 0.153430357575,
        "median": 0.145909741521,
        "min": 0.0285675060004,
        "var": 0.0036420088727
    },
    "barkbands_kurtosis": {
        "dmean": 7.20807123184,
        "dmean2": 11.4138469696,
        "dvar": 712.842773438,
        "dvar2": 1859.77648926,
        "max": 628.911804199,
        "mean": 8.42715835571,
        "median": 2.13323545456,
        "min": -1.92708468437,
        "var": 749.650268555
    },
    "barkbands_skewness": {
        "dmean": 0.853805601597,
        "dmean2": 1.28877699375,
        "dvar": 1.43616068363,
        "dvar2": 3.08802199364,
        "max": 23.592206955,
        "mean": 1.93718349934,
        "median": 1.5070348978,
        "min": -1.25922489166,
        "var": 3.48933267593
    },
    "barkbands_spread": {
        "dmean": 10.1007299423,
        "dmean2": 15.2954015732,
        "dvar": 142.017379761,
        "dvar2": 294.993682861,
        "max": 121.13130188,
        "mean": 26.6064147949,
        "median": 22.7790622711,
        "min": 0.536207437515,
        "var": 308.958099365
    },
    "dissonance": {
        "dmean": 0.0259435046464,
        "dmean2": 0.0424901992083,
        "dvar": 0.000549280026462,
        "dvar2": 0.00142311805394,
        "max": 0.499908745289,
        "mean": 0.448146700859,
        "median": 0.454972416162,
        "min": 0.270227432251,
        "var": 0.00117829698138
    },
    "dynamic_complexity": 1.79034769535,
    "erbbands_crest": {
        "dmean": 3.24537348747,
        "dmean2": 5.24023532867,
        "dvar": 8.76776981354,
        "dvar2": 20.7594947815,
        "max": 28.5115871429,
        "mean": 9.73119449615,
        "median": 8.76607322693,
        "min": 2.2496573925,
        "var": 21.4874172211
    },
    "erbbands_flatness_db": {
        "dmean": 0.0216328594834,
        "dmean2": 0.0308432839811,
        "dvar": 0.000383712380426,
        "dvar2": 0.000754458771553,
        "max": 0.274282842875,
        "mean": 0.134290471673,
        "median": 0.131938502192,
        "min": 0.0465050712228,
        "var": 0.00159978773445
    },
    "erbbands_kurtosis": {
        "dmean": 1.27632069588,
        "dmean2": 1.98437201977,
        "dvar": 2.90637516975,
        "dvar2": 6.6367650032,
        "max": 17.761051178,
        "mean": 0.873481929302,
        "median": 0.124251842499,
        "min": -1.82248914242,
        "var": 5.72265529633
    },
    "erbbands_skewness": {
        "dmean": 0.461870402098,
        "dmean2": 0.716316819191,
        "dvar": 0.211835667491,
        "dvar2": 0.456555634737,
        "max": 3.92140507698,
        "mean": 0.552424371243,
        "median": 0.560675621033,
        "min": -3.0295176506,
        "var": 0.584794044495
    },
    "erbbands_spread": {
        "dmean": 12.8375854492,
        "dmean2": 19.1019191742,
        "dvar": 210.760009766,
        "dvar2": 504.965148926,
        "max": 188.140487671,
        "mean": 45.7657051086,
        "median": 41.5477905273,
        "min": 4.83279848099,
        "var": 602.742126465
    },
    "hfc": {
        "dmean": 19.490486145,
        "dmean2": 29.2167854309,
        "dvar": 840.426574707,
        "dvar2": 2051.40771484,
        "max": 213.242233276,
        "mean": 35.6256523132,
        "median": 28.1830043793,
        "min": 0.301283955574,
        "var": 1046.47033691
    },
    "melbands_crest": {
        "dmean": 4.10198974609,
        "dmean2": 6.51657342911,
        "dvar": 14.2920818329,
        "dvar2": 34.1038970947,
        "max": 36.3387336731,
        "mean": 17.3232250214,
        "median": 16.8030471802,
        "min": 5.19974899292,
        "var": 44.2792663574
    },
    "melbands_flatness_db": {
        "dmean": 0.0425735414028,
        "dmean2": 0.0617923997343,
        "dvar": 0.00184393429663,
        "dvar2": 0.00349159445614,
        "max": 0.527772426605,
        "mean": 0.210340201855,
        "median": 0.200484618545,
        "min": 0.0541331917048,
        "var": 0.00591669883579
    },
    "melbands_kurtosis": {
        "dmean": 16.6081962585,
        "dmean2": 26.2583808899,
        "dvar": 1817.47509766,
        "dvar2": 3938.27758789,
        "max": 763.333374023,
        "mean": 25.6110515594,
        "median": 9.08948421478,
        "min": -1.43538737297,
        "var": 3481.50073242
    },
    "melbands_skewness": {
        "dmean": 1.1463060379,
        "dmean2": 1.72068822384,
        "dvar": 2.25594997406,
        "dvar2": 4.59667682648,
        "max": 20.4654998779,
        "mean": 3.23295235634,
        "median": 2.59201812744,
        "min": -0.589077532291,
        "var": 7.16737747192
    },
    "melbands_spread": {
        "dmean": 9.58742046356,
        "dmean2": 15.237154007,
        "dvar": 163.035583496,
        "dvar2": 393.243865967,
        "max": 158.783538818,
        "mean": 23.2844219208,
        "median": 20.8305664062,
        "min": 0.353328794241,
        "var": 280.38180542
    },
    "pitch_salience": {
        "dmean": 0.0879764258862,
        "dmean2": 0.135608687997,
        "dvar": 0.00661419471726,
        "dvar2": 0.0150416465476,
        "max": 0.840300261974,
        "mean": 0.465932667255,
        "median": 0.472698777914,
        "min": 0.0505989156663,
        "var": 0.01916484721
    },
    "silence_rate_20dB": {
        "dmean": 0,
        "dmean2": 0,
        "dvar": 0,
        "dvar2": 0,
        "max": 1,
        "mean": 1,
        "median": 1,
        "min": 1,
        "var": 0
    },
    "silence_rate_30dB": {
        "dmean": 0.0541795678437,
        "dmean2": 0.108443066478,
        "dvar": 0.0512448064983,
        "dvar2": 0.121470183134,
        "max": 1,
        "mean": 0.949729323387,
        "median": 1,
        "min": 0,
        "var": 0.0477429516613
    },
    "silence_rate_60dB": {
        "dmean": 0.00464396271855,
        "dmean2": 0.00929511990398,
        "dvar": 0.00462230062112,
        "dvar2": 0.0107582444325,
        "max": 1,
        "mean": 0.00464037107304,
        "median": 0,
        "min": 0,
        "var": 0.00461877137423
    },
    "spectral_centroid": {
        "dmean": 385.272521973,
        "dmean2": 591.181091309,
        "dvar": 189916.90625,
        "dvar2": 433637.875,
        "max": 4841.77490234,
        "mean": 1352.62890625,
        "median": 1249.61669922,
        "min": 170.39390564,
        "var": 390270.25
    },
    "spectral_complexity": {
        "dmean": 6.48606824875,
        "dmean2": 9.5817193985,
        "dvar": 61.5980796814,
        "dvar2": 121.414588928,
        "max": 57,
        "mean": 18.5220413208,
        "median": 16,
        "min": 0,
        "var": 118.577468872
    },
    "spectral_decrease": {
        "dmean": 3.89073440132e-09,
        "dmean2": 5.72034464241e-09,
        "dvar": 2.04560905217e-17,
        "dvar2": 4.91316795756e-17,
        "max": -1.77664036261e-10,
        "mean": -1.1334687855e-08,
        "median": -9.56732026935e-09,
        "min": -4.81833950516e-08,
        "var": 5.71260526324e-17
    },
    "spectral_energy": {
        "dmean": 0.0155318370089,
        "dmean2": 0.0229513850063,
        "dvar": 0.000306168571115,
        "dvar2": 0.000728255254216,
        "max": 0.184308901429,
        "mean": 0.0460110679269,
        "median": 0.0390387885273,
        "min": 0.000705277780071,
        "var": 0.000866673188284
    },
    "spectral_energyband_high": {
        "dmean": 0.00171285355464,
        "dmean2": 0.0026339427568,
        "dvar": 7.91423462942e-06,
        "dvar2": 1.94857839233e-05,
        "max": 0.0185095053166,
        "mean": 0.00211755628698,
        "median": 0.00093613966601,
        "min": 2.03402555599e-06,
        "var": 9.02784177015e-06
    },
    "spectral_energyband_low": {
        "dmean": 0.011628055945,
        "dmean2": 0.0178627073765,
        "dvar": 0.000333275384037,
        "dvar2": 0.000794748135377,
        "max": 0.171595036983,
        "mean": 0.0238612256944,
        "median": 0.0137560889125,
        "min": 1.08743824967e-05,
        "var": 0.000748515885789
    },
    "spectral_energyband_middle_high": {
        "dmean": 0.00343738030642,
        "dmean2": 0.0049791703932,
        "dvar": 1.65637029568e-05,
        "dvar2": 3.62948885595e-05,
        "max": 0.0399365574121,
        "mean": 0.00734039582312,
        "median": 0.00545194093138,
        "min": 2.67662162514e-05,
        "var": 4.52756648883e-05
    },
    "spectral_energyband_middle_low": {
        "dmean": 0.00594042381272,
        "dmean2": 0.00928102806211,
        "dvar": 4.72418723803e-05,
        "dvar2": 0.000110413486254,
        "max": 0.0605929642916,
        "mean": 0.0134190134704,
        "median": 0.0123696383089,
        "min": 3.3225005609e-05,
        "var": 9.44792918744e-05
    },
    "spectral_entropy": {
        "dmean": 0.271997094154,
        "dmean2": 0.374944299459,
        "dvar": 0.0693290308118,
        "dvar2": 0.141708180308,
        "max": 8.74035453796,
        "mean": 7.63290166855,
        "median": 7.63871097565,
        "min": 6.23573493958,
        "var": 0.21194948256
    },
    "spectral_flux": {
        "dmean": 0.0376399941742,
        "dmean2": 0.0572321116924,
        "dvar": 0.00126595201436,
        "dvar2": 0.00265098502859,
        "max": 0.345146626234,
        "mean": 0.113157749176,
        "median": 0.105841845274,
        "min": 0.00804670900106,
        "var": 0.0031157201156
    },
    "spectral_kurtosis": {
        "dmean": 1.14401221275,
        "dmean2": 1.72516965866,
        "dvar": 1.43802344799,
        "dvar2": 3.16827392578,
        "max": 12.9406814575,
        "mean": 3.07220244408,
        "median": 2.85439157486,
        "min": -1.26019430161,
        "var": 3.78951859474
    },
    "spectral_rms": {
        "dmean": 0.00110861845315,
        "dmean2": 0.00160677870736,
        "dvar": 1.15664556688e-06,
        "dvar2": 2.43119916377e-06,
        "max": 0.0134094581008,
        "mean": 0.00636731367558,
        "median": 0.00617143604904,
        "min": 0.000829503405839,
        "var": 4.34615958511e-06
    },
    "spectral_rolloff": {
        "dmean": 931.82800293,
        "dmean2": 1605.88427734,
        "dvar": 2514391.25,
        "dvar2": 5759103.5,
        "max": 11627.9296875,
        "mean": 1527.74047852,
        "median": 990.52734375,
        "min": 64.599609375,
        "var": 3367938.75
    },
    "spectral_skewness": {
        "dmean": 0.235903292894,
        "dmean2": 0.338777393103,
        "dvar": 0.0495858080685,
        "dvar2": 0.105589956045,
        "max": 3.06114315987,
        "mean": 1.48818683624,
        "median": 1.50613760948,
        "min": 0.00181279424578,
        "var": 0.159148350358
    },
    "spectral_spread": {
        "dmean": 895610.25,
        "dmean2": 1284172.375,
        "dvar": 991899877376,
        "dvar2": 2.04129068646e+12,
        "max": 17000316,
        "mean": 6212276,
        "median": 5870885,
        "min": 2617781.75,
        "var": 3.44288080691e+12
    },
    "spectral_strongpeak": {
        "dmean": 0.587731778622,
        "dmean2": 1.02171802521,
        "dvar": 1.08660840988,
        "dvar2": 2.83987355232,
        "max": 11.4911136627,
        "mean": 0.983239471912,
        "median": 0.494934976101,
        "min": 0.0445566996932,
        "var": 1.46213459969
    },
    "zerocrossingrate": {
        "dmean": 0.0179454702884,
        "dmean2": 0.0211700741202,
        "dvar": 0.000355473923264,
        "dvar2": 0.000482375675347,
        "max": 0.296875,
        "mean": 0.0664999037981,
        "median": 0.0615234375,
        "min": 0.0029296875,
        "var": 0.0015002344735
    },
    "barkbands": {
        "dmean": [0.000471007748274, 0.0103592732921, 0.00260292622261, 0.00114884099457, 0.00214879284613, 0.00134248181712, 0.000949126260821, 0.00142792111728, 0.00153856538236, 0.00104208546691, 0.000648833170999, 0.000836606195662, 0.000710320833605, 0.000455273373518, 0.000456351146568, 0.000368647422874, 0.000335774151608, 0.000318248727126, 0.000287413480692, 0.000224627874559, 0.000257769745076, 0.000322933861753, 0.000274103425909, 0.000361152895493, 0.000280996289803, 0.000257644802332, 4.85245095661e-07],
        "dmean2": [0.000668034306727, 0.0162715651095, 0.00412928219885, 0.00201614806429, 0.00346401100978, 0.0021418009419, 0.00152408913709, 0.00214429944754, 0.00235198112205, 0.00153218372725, 0.000957922369707, 0.00125440803822, 0.00111859070603, 0.000723579258192, 0.000700525590219, 0.000578399572987, 0.000564206391573, 0.000538294727448, 0.000476446381072, 0.000372061971575, 0.000424216123065, 0.000520592089742, 0.000414889800595, 0.000568317074794, 0.000444221281214, 0.00041064969264, 8.50870037539e-07],
        "dvar": [5.78448066335e-07, 0.000312383432174, 5.67178867641e-05, 1.03238335214e-05, 9.70386008703e-06, 5.2626805882e-06, 2.98761915474e-06, 5.77870741836e-06, 9.62513240665e-06, 4.4852154133e-06, 2.95596123578e-06, 3.73809461962e-06, 2.52288259617e-06, 7.30920930891e-07, 7.76210754339e-07, 4.90781701501e-07, 3.92797318227e-07, 4.93836921578e-07, 1.83192796044e-07, 1.25417827235e-07, 2.24298489115e-07, 3.12263182423e-07, 2.15566672068e-07, 3.73478656002e-07, 2.25227083206e-07, 2.8746998737e-07, 2.14026192602e-12],
        "dvar2": [1.08209314931e-06, 0.00076939468272, 0.000132176210172, 2.82169785351e-05, 2.41234447458e-05, 1.23952049762e-05, 7.00270447851e-06, 1.19031892609e-05, 2.06701388379e-05, 9.83860627457e-06, 6.37516905044e-06, 8.72658893059e-06, 5.92504193264e-06, 1.70023849932e-06, 1.7430789967e-06, 1.06859761217e-06, 9.6348412626e-07, 1.37376946441e-06, 4.69456409746e-07, 3.2393438687e-07, 5.86002784075e-07, 8.071944535e-07, 5.07683580508e-07, 9.08984020498e-07, 5.45982459244e-07, 6.96286974744e-07, 5.86824425858e-12],
        "max": [0.0101782819256, 0.168584167957, 0.0956037715077, 0.0496309138834, 0.0273706000298, 0.0234301220626, 0.0281024128199, 0.0254455655813, 0.0319530181587, 0.0269840732217, 0.0248357001692, 0.0316348597407, 0.0224727075547, 0.00907159410417, 0.0129532907158, 0.00955229159445, 0.0122481388971, 0.00708250142634, 0.00378046371043, 0.00306048756465, 0.00356640294194, 0.00439981976524, 0.00360167399049, 0.00673993723467, 0.00394910527393, 0.0045725889504, 1.83023657883e-05],
        "mean": [0.000907219655346, 0.0193498302251, 0.00296613108367, 0.00108291069046, 0.00373657303862, 0.00223102141172, 0.0012713985052, 0.00248910859227, 0.00243560550734, 0.00161841430236, 0.000856634927914, 0.00118406699039, 0.000832662859466, 0.000587457674555, 0.000638644967694, 0.000463524891529, 0.000413289148128, 0.000340960803442, 0.000359838246368, 0.000267266179435, 0.000263043184532, 0.000365628569853, 0.000326099718222, 0.000436314701801, 0.000333759991918, 0.000253259087913, 3.39515423775e-07],
        "median": [0.000330014765495, 0.00949748698622, 0.000431201216998, 0.000205425880267, 0.00167097523808, 0.00108468101826, 0.000358430144843, 0.000692263420206, 0.000480691465782, 0.000448781298473, 0.000118387266411, 0.00034779246198, 0.000265500420937, 0.000201617309358, 0.000192494582734, 0.000135735666845, 0.000152797292685, 0.0001185602232, 0.0001439844782, 0.000128730767756, 9.20153033803e-05, 0.000135491194669, 0.000119920914585, 0.000159182061907, 0.000132838715217, 4.77017201774e-05, 2.29474417246e-09],
        "min": [2.68878807219e-07, 2.75282872053e-07, 3.43635321087e-07, 3.86250889051e-07, 2.08165602089e-06, 2.6686259389e-06, 9.84959172001e-08, 2.10160365555e-07, 1.94578205992e-06, 1.60539912031e-07, 3.82050899361e-07, 1.15539180001e-07, 2.80821211618e-07, 9.75210923571e-07, 5.43218448001e-07, 3.54442448725e-07, 2.56816292676e-07, 7.35272351449e-07, 1.14776139526e-06, 3.57195943934e-07, 3.5198249293e-07, 1.09217232591e-07, 1.41391822694e-07, 1.66014018532e-07, 8.74803163242e-09, 7.383081993e-12, 7.80163867536e-12],
        "var": [2.3268798941e-06, 0.000599295599386, 6.56583797536e-05, 8.03512648417e-06, 2.09806858038e-05, 1.04922301034e-05, 6.78843389323e-06, 1.65418878169e-05, 2.28596909437e-05, 9.08324636839e-06, 4.87371380586e-06, 5.79563993597e-06, 3.22093728755e-06, 9.71771896729e-07, 1.42638839407e-06, 6.99325767073e-07, 5.83399923926e-07, 3.78566113568e-07, 2.61273441993e-07, 1.28544499489e-07, 2.03557618761e-07, 3.33297663246e-07, 2.58604586634e-07, 5.06152787239e-07, 2.6674067044e-07, 2.86750918121e-07, 1.45936832497e-12]
    },
    "erbbands": {
        "dmean": [0.341814875603, 2.25464630127, 2.95442271233, 3.40952134132, 4.54712581635, 8.14183616638, 12.34740448, 10.3584852219, 11.5158157349, 17.6822433472, 35.34425354, 34.1721725464, 28.6635723114, 29.9151573181, 30.1284923553, 28.7728748322, 30.6935501099, 20.539270401, 25.0610809326, 22.1841697693, 18.3008213043, 17.0100383759, 15.8568954468, 16.1470680237, 13.3900289536, 10.4970626831, 11.5373811722, 10.0874834061, 11.4962005615, 9.57049655914, 7.64078235626, 7.6519908905, 5.67208623886, 3.12297964096, 2.17310857773, 1.24711108208, 0.455823808908, 0.0423263907433, 0.000815363193396, 5.57259154448e-05],
        "dmean2": [0.530101060867, 3.55628705025, 4.6954498291, 5.6891913414, 8.06437110901, 13.3847427368, 19.6241874695, 16.2292385101, 18.5836448669, 28.5113067627, 52.8061027527, 52.9474105835, 42.3798980713, 42.9975357056, 45.0584144592, 42.3102531433, 48.3572502136, 32.1004829407, 37.3736457825, 34.0571937561, 28.8540802002, 28.3389549255, 26.3368396759, 26.9595127106, 22.4313735962, 17.2781238556, 19.3757572174, 16.5954647064, 18.5257606506, 15.1088104248, 11.4816455841, 12.0082006454, 9.0742931366, 5.06334209442, 3.44428038597, 2.00141406059, 0.716678738594, 0.0676080062985, 0.00128976732958, 8.67131384439e-05],
        "dvar": [0.311933815479, 17.384557724, 59.6779899597, 116.218811035, 87.9524459839, 148.592575073, 297.173034668, 448.714385986, 392.958282471, 1037.72949219, 3772.42675781, 5250.91796875, 3918.48095703, 3440.03588867, 4546.12255859, 4286.08251953, 5458.53271484, 1897.16894531, 2279.18603516, 1606.50537109, 1023.53625488, 1045.95703125, 1184.82287598, 722.315979004, 462.542022705, 250.627319336, 458.906005859, 379.994018555, 392.037139893, 258.367950439, 160.069137573, 177.161987305, 96.0753936768, 28.2189979553, 15.2706012726, 6.59980154037, 0.899798214436, 0.00863082055002, 3.03039428218e-06, 9.50200096383e-09],
        "dvar2": [0.804515957832, 41.0329399109, 122.845237732, 314.91796875, 242.936538696, 370.641204834, 719.35736084, 1048.0111084, 923.306152344, 2347.37792969, 8029.04394531, 11811.9101562, 8036.76123047, 7102.10205078, 10720.9306641, 9210.27148438, 12827.9921875, 4090.53564453, 4757.53222656, 3696.44262695, 2480.87475586, 2496.18579102, 3275.05078125, 1916.20239258, 1206.1607666, 637.039306641, 1186.81152344, 1026.70056152, 1012.22473145, 628.368774414, 372.799530029, 417.048309326, 238.552093506, 71.1350784302, 35.9797782898, 16.1298542023, 2.13553285599, 0.0211996696889, 7.41353687772e-06, 2.30395205136e-08],
        "max": [5.76063013077, 38.9853668213, 83.3213424683, 145.863967896, 70.8739929199, 108.488716125, 198.634902954, 248.051940918, 225.345809937, 723.643615723, 728.094360352, 874.273742676, 968.737976074, 992.929321289, 824.58996582, 1371.05578613, 1095.59436035, 703.093566895, 781.516906738, 554.980957031, 294.00692749, 684.972961426, 354.013092041, 214.742706299, 149.37260437, 132.949508667, 138.416793823, 192.159164429, 145.148696899, 130.8125, 110.044044495, 227.782363892, 76.4627990723, 44.0657081604, 33.6649169922, 22.8816566467, 8.42727565765, 0.764139413834, 0.0134619167075, 0.000759148097131],
        "mean": [0.630080521107, 3.96395111084, 4.47534990311, 3.69298744202, 4.88375377655, 13.0303373337, 23.5522556305, 16.996963501, 15.6935863495, 28.4623966217, 59.6618041992, 52.3600273132, 50.7456665039, 49.6499595642, 45.1563301086, 41.3153495789, 38.3571205139, 28.3305931091, 36.512424469, 30.8402175903, 24.8100299835, 22.0155620575, 18.5599117279, 19.6982898712, 16.2434978485, 13.1515283585, 11.6479120255, 10.1989688873, 13.1268081665, 11.42182827, 9.15184020996, 9.12061595917, 6.74945926666, 3.64822340012, 2.50683999062, 1.28970205784, 0.44428563118, 0.0378367714584, 0.000772765662987, 9.66735387919e-05],
        "median": [0.297921448946, 1.81716227531, 1.14900374413, 0.855608284473, 1.65102648735, 5.84776878357, 12.5243167877, 6.55665540695, 5.86887931824, 10.0553588867, 21.9220466614, 14.8395299911, 16.5436477661, 18.400472641, 16.9237289429, 14.5057010651, 14.2710504532, 11.230591774, 13.7914743423, 9.8798828125, 8.64680576324, 8.7598400116, 8.00833415985, 7.68883180618, 7.20359706879, 6.60436725616, 4.19422483444, 3.27393531799, 4.76403665543, 4.45730304718, 3.17513227463, 3.08433246613, 2.57260918617, 1.46475660801, 0.819165527821, 0.292071133852, 0.0777367204428, 0.00453826645389, 0.000132995395688, 6.1863072915e-05],
        "min": [9.01465500647e-06, 8.21336798253e-05, 0.00114715786185, 0.00583780743182, 0.00205031037331, 0.00829254928976, 0.0270343609154, 0.0667895823717, 0.0391050353646, 0.00314259086736, 0.0470557510853, 0.0507046319544, 0.039105065167, 0.0780446752906, 0.0761204138398, 0.0397645644844, 0.0245590470731, 0.0466026291251, 0.0755648836493, 0.02934939228, 0.0192429143935, 0.0215914417058, 0.0577410385013, 0.0322219319642, 0.0342750400305, 0.020466607064, 0.015662798658, 0.0106011619791, 0.0039410633035, 0.00542495539412, 0.00341635756195, 0.00363890500739, 0.0014030309394, 0.000108973392344, 8.24242888484e-05, 3.86147848985e-06, 6.71326461088e-07, 1.86654602885e-07, 3.80003370992e-07, 8.09085918263e-07],
        "var": [0.60481017828, 32.0771713257, 89.0304260254, 93.3576965332, 77.5443344116, 289.166534424, 812.579833984, 889.410949707, 609.482116699, 3316.69262695, 9408.20703125, 9637.71582031, 9239.77734375, 8237.80859375, 6864.71679688, 7002.03417969, 6996.9140625, 2749.36694336, 4425.05029297, 2545.08325195, 1465.30908203, 1624.41455078, 946.315612793, 825.376159668, 477.927978516, 285.888977051, 391.567657471, 331.817260742, 417.319549561, 308.845306396, 200.250091553, 250.552978516, 118.615463257, 30.2023334503, 18.9036636353, 6.86723899841, 0.909027576447, 0.00792143214494, 2.85236615127e-06, 1.09653148783e-08]
    },
    "gfcc": {
        "mean": [38.5357475281, 70.1330337524, -98.3188247681, 30.7802257538, -61.5561676025, 30.1239967346, -36.2629318237, 22.264125824, -21.5608768463, 11.8416719437, -12.445441246, 9.63016319275, -6.36628437042],
        "cov": [[3410.57006836, -817.872070312, -187.56439209, -148.500701904, -126.036865234, 1.3413592577, -122.324172974, 120.374214172, -94.873664856, -2.21725177765, -285.653076172, -55.2518882751, -235.434677124], [-817.872070312, 880.083374023, -129.381912231, -24.4508209229, 137.304901123, -14.542766571, 116.032020569, -31.7126674652, 108.231567383, -19.2556972504, 133.154830933, -38.6041183472, 124.354110718], [-187.56439209, -129.381912231, 827.290039062, 253.043411255, 118.7733078, 53.9862976074, -18.207611084, 5.21534013748, 9.88585662842, 7.51091909409, -63.5052490234, 45.2315597534, -96.0370330811], [-148.500701904, -24.4508209229, 253.043411255, 366.205810547, 107.738014221, -17.7910118103, -21.6685066223, -9.35093402863, 61.739528656, -33.075630188, -16.2032184601, -4.32060337067, 11.0227851868], [-126.036865234, 137.304901123, 118.7733078, 107.738014221, 317.564880371, 78.6913223267, 74.0794143677, 65.1052398682, 53.6838340759, 11.0254192352, -6.26632738113, -6.44959878922, 5.62945318222], [1.3413592577, -14.542766571, 53.9862976074, -17.7910118103, 78.6913223267, 269.757263184, 122.467773438, 42.7163047791, 7.71200942993, 39.2428703308, 35.1993751526, -16.0970935822, -1.87931871414], [-122.324172974, 116.032020569, -18.207611084, -21.6685066223, 74.0794143677, 122.467773438, 246.199035645, 69.0734786987, -5.00279951096, 30.8767242432, 40.2022857666, 10.040102005, 0.440743684769], [120.374214172, -31.7126674652, 5.21534013748, -9.35093402863, 65.1052398682, 42.7163047791, 69.0734786987, 180.578674316, 48.1075668335, 16.009929657, 15.2656269073, 14.3830680847, 21.2177066803], [-94.873664856, 108.231567383, 9.88585662842, 61.739528656, 53.6838340759, 7.71200942993, -5.00279951096, 48.1075668335, 182.335632324, 45.3763046265, 9.45754146576, -5.49131202698, 44.3098907471], [-2.21725177765, -19.2556972504, 7.51091909409, -33.075630188, 11.0254192352, 39.2428703308, 30.8767242432, 16.009929657, 45.3763046265, 127.798713684, 43.2525634766, 20.2147445679, 12.1375465393], [-285.653076172, 133.154830933, -63.5052490234, -16.2032184601, -6.26632738113, 35.1993751526, 40.2022857666, 15.2656269073, 9.45754146576, 43.2525634766, 162.439178467, 37.5818634033, 61.8919372559], [-55.2518882751, -38.6041183472, 45.2315597534, -4.32060337067, -6.44959878922, -16.0970935822, 10.040102005, 14.3830680847, -5.49131202698, 20.2147445679, 37.5818634033, 119.506095886, 35.2419128418], [-235.434677124, 124.354110718, -96.0370330811, 11.0227851868, 5.62945318222, -1.87931871414, 0.440743684769, 21.2177066803, 44.3098907471, 12.1375465393, 61.8919372559, 35.2419128418, 136.833770752]],
        "icov": [[0.000497044529766, 0.000171529492945, 0.000333769974532, -0.000102076861367, 0.000104110382381, -0.000230095276493, 0.00036101511796, -0.000585434085224, 0.000172461441252, -0.000303083332255, 0.000716262904461, -0.000209940393688, 0.000725107965991], [0.000171529492945, 0.003072533058, -0.000501164991874, 0.001718658139, -0.00166273780633, 0.00170322915073, -0.00226344168186, 0.00230633886531, -0.00242119748145, 0.00237976503558, -0.00254937517457, 0.00228562438861, -0.00210850615986], [0.000333769974532, -0.000501164991874, 0.00246318732388, -0.00195956416428, 0.000175791530637, -0.00127765897196, 0.00131756055634, -0.00114097562619, 0.000836107181385, -0.00126365676988, 0.00157602748368, -0.00220419303514, 0.00276045827195], [-0.000102076861367, 0.001718658139, -0.00195956416428, 0.00564589211717, -0.00210442603566, 0.00186487857718, -0.00170165137388, 0.00253404816613, -0.00302852410823, 0.00328498496674, -0.00228344392963, 0.00224885600619, -0.00269998679869], [0.000104110382381, -0.00166273780633, 0.000175791530637, -0.00210442603566, 0.00529745966196, -0.00182007811964, 0.00056830025278, -0.00251563964412, 0.000866598507855, -0.00153164612129, 0.00223394390196, -0.00111082848161, 0.00125932402443], [-0.000230095276493, 0.00170322915073, -0.00127765897196, 0.00186487857718, -0.00182007811964, 0.00668555917218, -0.00389213417657, 0.00169596786145, -0.00140238169115, 0.000804490118753, -0.0028677417431, 0.00328182289377, -0.00223984359764], [0.00036101511796, -0.00226344168186, 0.00131756055634, -0.00170165137388, 0.00056830025278, -0.00389213417657, 0.00839615892619, -0.00416230224073, 0.00305976672098, -0.00283733662218, 0.00195329473354, -0.00281402352266, 0.00338362529874], [-0.000585434085224, 0.00230633886531, -0.00114097562619, 0.00253404816613, -0.00251563964412, 0.00169596786145, -0.00416230224073, 0.0100076971576, -0.00432700756937, 0.00319601967931, -0.00314962654375, 0.00147698924411, -0.00335792382248], [0.000172461441252, -0.00242119748145, 0.000836107181385, -0.00302852410823, 0.000866598507855, -0.00140238169115, 0.00305976672098, -0.00432700756937, 0.0103418966755, -0.00576985348016, 0.00349106779322, -0.000553259626031, -0.000339620717568], [-0.000303083332255, 0.00237976503558, -0.00126365676988, 0.00328498496674, -0.00153164612129, 0.000804490118753, -0.00283733662218, 0.00319601967931, -0.00576985348016, 0.0131323020905, -0.00529400305822, 0.000673735165037, -0.00132353894878], [0.000716262904461, -0.00254937517457, 0.00157602748368, -0.00228344392963, 0.00223394390196, -0.0028677417431, 0.00195329473354, -0.00314962654375, 0.00349106779322, -0.00529400305822, 0.0126145780087, -0.00409752316773, -0.000121181721624], [-0.000209940393688, 0.00228562438861, -0.00220419303514, 0.00224885600619, -0.00111082848161, 0.00328182289377, -0.00281402352266, 0.00147698924411, -0.000553259626031, 0.000673735165037, -0.00409752316773, 0.0132023189217, -0.00572327943519], [0.000725107965991, -0.00210850615986, 0.00276045827195, -0.00269998679869, 0.00125932402443, -0.00223984359764, 0.00338362529874, -0.00335792382248, -0.000339620717568, -0.00132353894878, -0.000121181721624, -0.00572327943519, 0.0148103395477]]
    },
    "melbands": {
        "dmean": [0.0029621841386, 0.00185940007214, 0.00057346757967, 0.000450524647022, 0.00042011946789, 0.000231922473176, 0.000183810101589, 0.000217814216739, 0.000288651994197, 0.000213564781006, 0.000148692502989, 0.000133063600515, 0.000105318780697, 0.000104581558844, 6.48137793178e-05, 6.30734939477e-05, 3.8422698708e-05, 4.51605883427e-05, 3.16650985042e-05, 2.85580226773e-05, 2.20061410801e-05, 1.80655988515e-05, 1.60317158588e-05, 1.65747351275e-05, 1.30104872369e-05, 1.15667580758e-05, 8.11648806121e-06, 6.90703700457e-06, 7.8715820564e-06, 5.60553780815e-06, 6.26627343081e-06, 6.84570295562e-06, 5.98129827267e-06, 5.2907726058e-06, 4.50887910119e-06, 4.46493140771e-06, 4.97015753353e-06, 4.42908731202e-06, 3.12337260766e-06, 2.62454659605e-06],
        "dmean2": [0.00464714132249, 0.00290414877236, 0.000962095684372, 0.000756940746214, 0.000657402735669, 0.000365666404832, 0.000296673824778, 0.000344701460563, 0.000430962303653, 0.000330613460392, 0.000219181369175, 0.000192683015484, 0.000154858877067, 0.000156609792612, 9.77525996859e-05, 9.98020695988e-05, 6.12648218521e-05, 6.85122504365e-05, 4.85264354211e-05, 4.51473715657e-05, 3.53845898644e-05, 3.07886948576e-05, 2.64984337264e-05, 2.81901538983e-05, 2.16450916923e-05, 1.91895596799e-05, 1.36412554639e-05, 1.13420965135e-05, 1.33800094773e-05, 9.09921436687e-06, 1.05581575554e-05, 1.1134909073e-05, 9.61593741522e-06, 8.32769819681e-06, 6.88117370373e-06, 6.92377534506e-06, 7.88161378296e-06, 7.21288188288e-06, 5.0374546845e-06, 4.31732587458e-06],
        "dvar": [2.4414364816e-05, 1.42969256558e-05, 2.75747970591e-06, 6.03439957558e-07, 3.14993258144e-07, 2.0847569715e-07, 9.97439713046e-08, 1.24704570226e-07, 2.50119086331e-07, 2.0415548363e-07, 1.0307174847e-07, 6.93894293136e-08, 6.90100279144e-08, 6.35774597413e-08, 2.30075212215e-08, 1.88266682244e-08, 6.13460882093e-09, 6.98438773483e-09, 3.24680349273e-09, 3.79482845148e-09, 1.70827041401e-09, 1.20471421727e-09, 8.01660016148e-10, 1.59578461556e-09, 4.66419125544e-10, 3.12608411379e-10, 2.08686401493e-10, 9.99296062565e-11, 2.06803907332e-10, 1.08698938739e-10, 1.66771957355e-10, 1.47842516007e-10, 1.11404788172e-10, 8.54589246591e-11, 5.81576418968e-11, 5.44162596927e-11, 8.37532820874e-11, 6.01673641465e-11, 3.23313979755e-11, 1.9777441837e-11],
        "dvar2": [6.18924532318e-05, 2.9237688068e-05, 7.38549124435e-06, 1.52986831381e-06, 7.5590509141e-07, 4.85981217935e-07, 2.36586046753e-07, 2.76014702649e-07, 5.37035532489e-07, 4.56955120853e-07, 2.1055683419e-07, 1.45154260167e-07, 1.53041085582e-07, 1.49595067001e-07, 5.32481472248e-08, 4.35330029802e-08, 1.35741275997e-08, 1.50502366125e-08, 7.95855736868e-09, 8.37101943318e-09, 4.26421120636e-09, 2.96833357893e-09, 1.99964289571e-09, 4.49001102965e-09, 1.22469501207e-09, 8.0536238789e-10, 5.56285406628e-10, 2.49641224359e-10, 5.43128819697e-10, 2.748332395e-10, 4.59423610266e-10, 3.87846532668e-10, 2.75939715522e-10, 2.08877262708e-10, 1.34341510138e-10, 1.30836230738e-10, 1.98098704107e-10, 1.49549608808e-10, 8.14056114185e-11, 5.06749781026e-11],
        "max": [0.0454826802015, 0.0410822220147, 0.0222667623311, 0.00701752165332, 0.00710476189852, 0.00527447042987, 0.00358147732913, 0.00661831209436, 0.00617477297783, 0.00495045538992, 0.00492788199335, 0.00429950561374, 0.00361741287634, 0.00405399035662, 0.00216095359065, 0.00138023402542, 0.00116320129018, 0.00126683653798, 0.000584386347327, 0.000997079536319, 0.000406113802455, 0.000581052619964, 0.00058809586335, 0.000406458420912, 0.00019627736765, 0.000126133643789, 0.000148105318658, 7.55075889174e-05, 9.05952401808e-05, 8.58992279973e-05, 0.000139359399327, 9.71970512182e-05, 0.000148938386701, 7.7878627053e-05, 7.41802286939e-05, 6.66929627187e-05, 0.000174680812052, 6.94535556249e-05, 5.93926051806e-05, 3.65341365978e-05],
        "mean": [0.00556173548102, 0.00344652216882, 0.000643651175778, 0.000614115851931, 0.000822003174108, 0.000379466917366, 0.000247263844358, 0.000370491994545, 0.000472894869745, 0.000327343528625, 0.000260108732618, 0.000214801038965, 0.00014725937217, 0.00015067026834, 7.74276122684e-05, 7.82950883149e-05, 4.8896548833e-05, 6.12098156125e-05, 4.35823858425e-05, 3.56583514076e-05, 2.78446350421e-05, 2.1991563699e-05, 1.97490971914e-05, 1.71499432327e-05, 1.57121885422e-05, 1.39419453262e-05, 9.26427401282e-06, 8.56572569319e-06, 7.66952325648e-06, 5.80869073019e-06, 5.93095728618e-06, 7.37258051231e-06, 7.18346836948e-06, 6.10551614955e-06, 5.27740075995e-06, 5.0383814596e-06, 5.84894860367e-06, 5.05974958287e-06, 3.61983825314e-06, 2.88868591269e-06],
        "median": [0.00274114357308, 0.00146878266241, 0.000153831293574, 0.000253465783317, 0.000464979704702, 0.00014849746367, 8.32723962958e-05, 0.000132541521452, 0.000170826067915, 6.59497309243e-05, 7.18560404493e-05, 6.97531359037e-05, 3.73686816602e-05, 4.16750663135e-05, 2.14373394556e-05, 2.71931567113e-05, 1.7199488866e-05, 2.07016837521e-05, 1.39169351314e-05, 1.01018313217e-05, 9.01843850443e-06, 8.29935197544e-06, 8.68477582117e-06, 5.37706546311e-06, 5.7850079429e-06, 5.32253534402e-06, 4.28139765063e-06, 4.10702932641e-06, 2.64468280875e-06, 1.87945568086e-06, 1.65280960118e-06, 2.48668652603e-06, 2.7333151138e-06, 2.33119271797e-06, 1.76755122538e-06, 1.60618424161e-06, 1.87756222658e-06, 1.75117156687e-06, 1.43792544804e-06, 1.10195355774e-06],
        "min": [1.00591243779e-07, 1.44393368373e-07, 7.41927692616e-07, 2.42674673245e-07, 9.11717165764e-07, 8.8530487119e-07, 5.36877962531e-07, 1.83785928698e-08, 5.86528699387e-07, 2.10895890973e-07, 8.99192045267e-08, 2.81327203311e-07, 2.2423505186e-07, 1.28977175606e-08, 9.9029307421e-08, 4.49264234703e-08, 7.91399088484e-08, 1.0241634385e-07, 3.11801713337e-08, 2.97186559806e-08, 2.08865120754e-08, 2.33727259769e-08, 2.79465908193e-08, 4.2811521439e-08, 2.06519796819e-08, 2.55930281412e-08, 9.07843755726e-09, 1.32609558889e-08, 5.6336317833e-09, 1.13001012991e-08, 1.80941517325e-09, 2.02199190724e-09, 2.11060924293e-09, 3.43907302636e-09, 1.87442883437e-09, 9.47637524007e-10, 2.04524130965e-09, 1.33182243012e-09, 1.37477237927e-10, 3.93578017399e-11],
