{
"highlevel": {
    "danceability": {
        "all": {
            "danceable": 0.990786135197,
            "not_danceable": 0.00921385642141
        },
        "probability": 0.990786135197,
        "value": "danceable"
    },
    "gender": {
        "all": {
            "female": 0.378447800875,
            "male": 0.621552228928
        },
        "probability": 0.621552228928,
        "value": "male"
    },
    "genre_dortmund": {
        "all": {
            "alternative": 0.0281636025757,
            "blues": 0.0482962392271,
            "electronic": 0.17935192585,
            "folkcountry": 0.0413236767054,
            "funksoulrnb": 0.0381918437779,
            "jazz": 0.134149983525,
            "pop": 0.0782487913966,
            "raphiphop": 0.346872746944,
            "rock": 0.105401173234
        },
        "probability": 0.346872746944,
        "value": "raphiphop"
    },
    "genre_electronic": {
        "all": {
            "ambient": 0.171322777867,
            "dnb": 0.407017141581,
            "house": 0.365699768066,
            "techno": 0.0186836626381,
            "trance": 0.037276647985
        },
        "probability": 0.407017141581,
        "value": "dnb"
    },
    "genre_rosamerica": {
        "all": {
            "cla": 0.00724435783923,
            "dan": 0.02137847431,
            "hip": 0.427970826626,
            "jaz": 0.0107925031334,
            "pop": 0.2654684484,
            "rhy": 0.211457282305,
            "roc": 0.0523959323764,
            "spe": 0.00329220062122
        },
        "probability": 0.427970826626,
        "value": "hip"
    },
    "genre_tzanetakis": {
        "all": {
            "blu": 0.0626613423228,
            "cla": 0.0348169617355,
            "cou": 0.104475811124,
            "dis": 0.0784321576357,
            "hip": 0.15692435205,
            "jaz": 0.313974827528,
            "met": 0.0448166541755,
            "pop": 0.0627359300852,
            "reg": 0.0627360641956,
            "roc": 0.0784258767962
        },
        "probability": 0.313974827528,
        "value": "jaz"
    },
    "ismir04_rhythm": {
        "all": {
            "ChaChaCha": 0.153582513332,
            "Jive": 0.0999463051558,
            "Quickstep": 0.0431030876935,
            "Rumba-American": 0.00875441916287,
            "Rumba-International": 0.0257158633322,
            "Rumba-Misc": 0.0168655365705,
            "Samba": 0.615770161152,
            "Tango": 0.0065677058883,
            "VienneseWaltz": 0.0206739585847,
            "Waltz": 0.00902048032731
        },
        "probability": 0.615770161152,
        "value": "Samba"
    },
    "mood_acoustic": {
        "all": {
            "acoustic": 0.0148182474077,
            "not_acoustic": 0.985181748867
        },
        "probability": 0.985181748867,
        "value": "not_acoustic"
    },
    "mood_aggressive": {
        "all": {
            "aggressive": 0.242786124349,
            "not_aggressive": 0.757213890553
        },
        "probability": 0.757213890553,
        "value": "not_aggressive"
    },
    "mood_electronic": {
        "all": {
            "electronic": 0.730785608292,
            "not_electronic": 0.269214391708
        },
        "probability": 0.730785608292,
        "value": "electronic"
    },
    "mood_happy": {
        "all": {
            "happy": 0.531934559345,
            "not_happy": 0.468065470457
        },
        "probability": 0.531934559345,
        "value": "happy"
    },
    "mood_party": {
        "all": {
            "not_party": 0.297449886799,
            "party": 0.702550113201
        },
        "probability": 0.702550113201,
        "value": "party"
    },
    "mood_relaxed": {
        "all": {
            "not_relaxed": 0.912997663021,
            "relaxed": 0.0870023071766
        },
        "probability": 0.912997663021,
        "value": "not_relaxed"
    },
    "mood_sad": {
        "all": {
            "not_sad": 0.903420627117,
            "sad": 0.0965793952346
        },
        "probability": 0.903420627117,
        "value": "not_sad"
    },
    "moods_mirex": {
        "all": {
            "Cluster1": 0.195681154728,
            "Cluster2": 0.210863649845,
            "Cluster3": 0.0705307126045,
            "Cluster4": 0.117469102144,
            "Cluster5": 0.405455380678
        },
        "probability": 0.405455380678,
        "value": "Cluster5"
    },
    "timbre": {
        "all": {
            "bright": 0.711879134178,
            "dark": 0.288120865822
        },
        "probability": 0.711879134178,
        "value": "bright"
    },
    "tonal_atonal": {
        "all": {
            "atonal": 0.683348119259,
            "tonal": 0.316651880741
        },
        "probability": 0.683348119259,
        "value": "atonal"
    },
    "voice_instrumental": {
        "all": {
            "instrumental": 0.0783073306084,
            "voice": 0.921692669392
        },
        "probability": 0.921692669392,
        "value": "voice"
    }
},
"lowlevel": {
    "average_loudness": 0.926035523415,
    "barkbands_crest": {
        "dmean": 2.961353302,
        "dmean2": 4.66573667526,
        "dvar": 8.15693759918,
        "dvar2": 19.4641609192,
        "max": 25.9607715607,
        "mean": 11.1948165894,
        "median": 10.6979608536,
        "min": 2.64665675163,
        "var": 21.5434627533
    },
    "barkbands_flatness_db": {
        "dmean": 0.0350263826549,
        "dmean2": 0.0494988933206,
        "dvar": 0.0014994579833,
        "dvar2": 0.00297800032422,
        "max": 0.603525221348,
        "mean": 0.181572392583,
        "median": 0.164648592472,
        "min": 0.0472866371274,
        "var": 0.00663254316896
    },
    "barkbands_kurtosis": {
        "dmean": 7.58114242554,
        "dmean2": 11.650097847,
        "dvar": 279.966461182,
        "dvar2": 590.556091309,
        "max": 217.287033081,
        "mean": 10.4289274216,
        "median": 2.81751251221,
        "min": -1.86845469475,
        "var": 596.63861084
    },
    "barkbands_skewness": {
        "dmean": 0.895796477795,
        "dmean2": 1.34058856964,
        "dvar": 1.22348713875,
        "dvar2": 2.86061167717,
        "max": 11.7732954025,
        "mean": 1.97965872288,
        "median": 1.59378540516,
        "min": -2.51331686974,
        "var": 3.32150554657
    },
    "barkbands_spread": {
        "dmean": 7.40487337112,
        "dmean2": 11.0816707611,
        "dvar": 84.7720947266,
        "dvar2": 188.217987061,
        "max": 89.8091125488,
        "mean": 19.0881061554,
        "median": 16.5666637421,
        "min": 0.383303195238,
        "var": 172.527496338
    },
    "dissonance": {
        "dmean": 0.0262240096927,
        "dmean2": 0.0440553314984,
        "dvar": 0.000752088439185,
        "dvar2": 0.00214351830073,
        "max": 0.500000059605,
        "mean": 0.456558167934,
        "median": 0.465418756008,
        "min": 0.265537530184,
        "var": 0.00124311237596
    },
    "dynamic_complexity": 2.31503510475,
    "erbbands_crest": {
        "dmean": 2.9196228981,
        "dmean2": 4.66575193405,
        "dvar": 8.56093120575,
        "dvar2": 20.0069599152,
        "max": 28.4759426117,
        "mean": 8.99562931061,
        "median": 7.80831050873,
        "min": 2.85504508018,
        "var": 19.0436973572
    },
    "erbbands_flatness_db": {
        "dmean": 0.0250787138939,
        "dmean2": 0.0349746644497,
        "dvar": 0.000712702865712,
        "dvar2": 0.001302001765,
        "max": 0.463593512774,
        "mean": 0.169388249516,
        "median": 0.15957300365,
        "min": 0.0620068237185,
        "var": 0.0034856100101
    },
    "erbbands_kurtosis": {
        "dmean": 1.68128192425,
        "dmean2": 2.5878276825,
        "dvar": 9.07028484344,
        "dvar2": 19.3244380951,
        "max": 44.5478248596,
        "mean": 1.38368797302,
        "median": 0.373211860657,
        "min": -1.69411420822,
        "var": 15.2661733627
    },
    "erbbands_skewness": {
        "dmean": 0.512212395668,
        "dmean2": 0.762889564037,
        "dvar": 0.29460516572,
        "dvar2": 0.63360530138,
        "max": 5.16563653946,
        "mean": 0.5347687006,
        "median": 0.53146392107,
        "min": -2.28444981575,
        "var": 0.901497960091
    },
    "erbbands_spread": {
        "dmean": 12.1872653961,
        "dmean2": 18.379283905,
        "dvar": 195.013031006,
        "dvar2": 440.808685303,
        "max": 128.394302368,
        "mean": 38.0029830933,
        "median": 33.6308097839,
        "min": 1.10649311543,
        "var": 466.698944092
    },
    "hfc": {
        "dmean": 12.5095806122,
        "dmean2": 17.6966114044,
        "dvar": 376.376220703,
        "dvar2": 793.250793457,
        "max": 140.477264404,
        "mean": 22.6380710602,
        "median": 14.5814723969,
        "min": 0.00829313416034,
        "var": 572.193664551
    },
    "melbands_crest": {
        "dmean": 4.1767783165,
        "dmean2": 6.6174082756,
        "dvar": 19.5973834991,
        "dvar2": 44.5950698853,
        "max": 36.2242012024,
        "mean": 17.4952754974,
        "median": 15.6773252487,
        "min": 3.57565689087,
        "var": 70.6930770874
    },
    "melbands_flatness_db": {
        "dmean": 0.0406217239797,
        "dmean2": 0.0550936236978,
        "dvar": 0.00201417389326,
        "dvar2": 0.00409718044102,
        "max": 0.74041813612,
        "mean": 0.225389778614,
        "median": 0.204191789031,
        "min": 0.0470837838948,
        "var": 0.0108884982765
    },
    "melbands_kurtosis": {
        "dmean": 20.2298126221,
        "dmean2": 30.3503189087,
        "dvar": 2928.38745117,
        "dvar2": 5624.32763672,
        "max": 934.108886719,
        "mean": 30.63671875,
        "median": 8.41290473938,
        "min": -1.77467179298,
        "var": 6551.95800781
    },
    "melbands_skewness": {
        "dmean": 1.28047704697,
        "dmean2": 1.91592979431,
        "dvar": 3.04510903358,
        "dvar2": 6.66112136841,
        "max": 24.4454956055,
        "mean": 3.19185185432,
        "median": 2.473051548,
        "min": -1.6643654108,
        "var": 8.84313011169
    },
    "melbands_spread": {
        "dmean": 8.7315530777,
        "dmean2": 13.4430646896,
        "dvar": 197.526855469,
        "dvar2": 455.399536133,
        "max": 182.095550537,
        "mean": 21.1564407349,
        "median": 17.1318206787,
        "min": 0.176641285419,
        "var": 386.349731445
    },
    "pitch_salience": {
        "dmean": 0.0910302326083,
        "dmean2": 0.142946571112,
        "dvar": 0.00809619482607,
        "dvar2": 0.0183116551489,
        "max": 0.867668807507,
        "mean": 0.513185501099,
        "median": 0.521323919296,
        "min": 0.090524084866,
        "var": 0.0257522687316
    },
    "silence_rate_20dB": {
        "dmean": 0,
        "dmean2": 0,
        "dvar": 0,
        "dvar2": 0,
        "max": 1,
        "mean": 1,
        "median": 1,
        "min": 1,
        "var": 0
    },
    "silence_rate_30dB": {
        "dmean": 0.0340557284653,
        "dmean2": 0.0681642144918,
        "dvar": 0.0328958854079,
        "dvar2": 0.0836571976542,
        "max": 1,
        "mean": 0.965970635414,
        "median": 1,
        "min": 0,
        "var": 0.0328713878989
    },
    "silence_rate_60dB": {
        "dmean": 0.0371517017484,
        "dmean2": 0.0743609592319,
        "dvar": 0.0357717983425,
        "dvar2": 0.0827748700976,
        "max": 1,
        "mean": 0.0556844547391,
        "median": 0,
        "min": 0,
        "var": 0.0525838807225
    },
    "spectral_centroid": {
        "dmean": 340.487426758,
        "dmean2": 495.667694092,
        "dvar": 169927.578125,
        "dvar2": 325492.34375,
        "max": 4684.38720703,
        "mean": 1375.40466309,
        "median": 1241.7010498,
        "min": 117.959701538,
        "var": 517556.8125
    },
    "spectral_complexity": {
        "dmean": 5.90789461136,
        "dmean2": 8.22308254242,
        "dvar": 56.6208152771,
        "dvar2": 88.6689910889,
        "max": 61,
        "mean": 18.8143844604,
        "median": 16,
        "min": 0,
        "var": 160.744934082
    },
    "spectral_decrease": {
        "dmean": 3.67074637353e-09,
        "dmean2": 5.70040947778e-09,
        "dvar": 2.89300926761e-17,
        "dvar2": 5.66153116176e-17,
        "max": -3.97964950924e-12,
        "mean": -1.0316357546e-08,
        "median": -6.46570441631e-09,
        "min": -3.81136935346e-08,
        "var": 8.37629955097e-17
    },
    "spectral_energy": {
        "dmean": 0.0145833510906,
        "dmean2": 0.0225983802229,
        "dvar": 0.000439968920546,
        "dvar2": 0.000851004733704,
        "max": 0.145522221923,
        "mean": 0.0409896411002,
        "median": 0.0268739331514,
        "min": 1.57722734002e-05,
        "var": 0.00123973726295
    },
    "spectral_energyband_high": {
        "dmean": 0.00109167397022,
        "dmean2": 0.00157098437194,
        "dvar": 4.03064586862e-06,
        "dvar2": 8.51871482155e-06,
        "max": 0.0126852663234,
        "mean": 0.00130460306536,
        "median": 0.00045877759112,
        "min": 3.56029516979e-08,
        "var": 5.21720949109e-06
    },
    "spectral_energyband_low": {
        "dmean": 0.00957257393748,
        "dmean2": 0.0144214052707,
        "dvar": 0.000291085598292,
        "dvar2": 0.000559998909011,
        "max": 0.134202778339,
        "mean": 0.0233553163707,
        "median": 0.00428294809535,
        "min": 4.42721859173e-09,
        "var": 0.000981768127531
    },
    "spectral_energyband_middle_high": {
        "dmean": 0.00231247930788,
        "dmean2": 0.00331597658806,
        "dvar": 1.09501788756e-05,
        "dvar2": 2.41625130002e-05,
        "max": 0.0389945730567,
        "mean": 0.00478145852685,
        "median": 0.00311953900382,
        "min": 2.30377168009e-06,
        "var": 2.5509903935e-05
    },
    "spectral_energyband_middle_low": {
        "dmean": 0.00604474265128,
        "dmean2": 0.00973243638873,
        "dvar": 8.40598586365e-05,
        "dvar2": 0.000219730325625,
        "max": 0.0763447880745,
        "mean": 0.0114849805832,
        "median": 0.0086651770398,
        "min": 1.07600544652e-05,
        "var": 0.000122393161291
    },
    "spectral_entropy": {
        "dmean": 0.22745449841,
        "dmean2": 0.304362773895,
        "dvar": 0.0653371140361,
        "dvar2": 0.127516716719,
        "max": 8.53570652008,
        "mean": 7.55100250244,
        "median": 7.59187889099,
        "min": 5.15453004837,
        "var": 0.241856649518
    },
    "spectral_flux": {
        "dmean": 0.0448263734579,
        "dmean2": 0.0686623901129,
        "dvar": 0.00283020338975,
        "dvar2": 0.00716139469296,
        "max": 0.360354691744,
        "mean": 0.105555534363,
        "median": 0.0855622217059,
        "min": 0.00582888349891,
        "var": 0.00501165585592
    },
    "spectral_kurtosis": {
        "dmean": 2.19893121719,
        "dmean2": 3.58473205566,
        "dvar": 20.8913497925,
        "dvar2": 53.0349884033,
        "max": 69.8299560547,
        "mean": 4.7977399826,
        "median": 3.41193151474,
        "min": -0.733624219894,
        "var": 38.2530899048
    },
    "spectral_rms": {
        "dmean": 0.00120068725664,
        "dmean2": 0.00178545212839,
        "dvar": 2.63581455329e-06,
        "dvar2": 4.66208120997e-06,
        "max": 0.0119152376428,
        "mean": 0.00565275736153,
        "median": 0.0051203975454,
        "min": 0.000124046709971,
        "var": 8.03620969236e-06
    },
    "spectral_rolloff": {
        "dmean": 658.1640625,
        "dmean2": 1092.10766602,
        "dvar": 1442564.875,
        "dvar2": 3352987.25,
        "max": 11627.9296875,
        "mean": 1379.6262207,
        "median": 968.994140625,
        "min": 43.06640625,
        "var": 2517856
    },
    "spectral_skewness": {
        "dmean": 0.304203033447,
        "dmean2": 0.470783978701,
        "dvar": 0.156257331371,
        "dvar2": 0.359050780535,
        "max": 6.23912239075,
        "mean": 1.56410849094,
        "median": 1.46654856205,
        "min": 0.153111085296,
        "var": 0.445035070181
    },
    "spectral_spread": {
        "dmean": 767117.9375,
        "dmean2": 1080369.125,
        "dvar": 1.0098655232e+12,
        "dvar2": 1.92491631411e+12,
        "max": 21371504,
        "mean": 4739876,
        "median": 4656630,
        "min": 846119.8125,
        "var": 2.59430730957e+12
    },
    "spectral_strongpeak": {
        "dmean": 0.470237374306,
        "dmean2": 0.779629588127,
        "dvar": 0.607449114323,
        "dvar2": 1.50296974182,
        "max": 6.31396722794,
        "mean": 0.763121962547,
        "median": 0.456873208284,
        "min": 0,
        "var": 0.810126364231
    },
    "zerocrossingrate": {
        "dmean": 0.0138513902202,
        "dmean2": 0.0154669042677,
        "dvar": 0.000299926992739,
        "dvar2": 0.000343846331816,
        "max": 0.3671875,
        "mean": 0.0560069531202,
        "median": 0.0517578125,
        "min": 0.00146484375,
        "var": 0.00163514912128
    },
    "barkbands": {
        "dmean": [0.00380603526719, 0.00678170891479, 0.00203501828946, 0.00169535854366, 0.00276756589301, 0.000723191886209, 0.00142591947224, 0.000585508765653, 0.00152022275142, 0.000442511605797, 0.000404635822633, 0.000554577331059, 0.000427812250564, 0.000301220046822, 0.000296498503303, 0.00017048564041, 0.00020757704624, 0.000315519107971, 0.000284526904579, 0.000326408131514, 0.000263571273535, 0.00025458962773, 0.000175597975613, 0.000130822591018, 0.000131754481117, 5.44412941963e-05, 5.54493198024e-08],
        "dmean2": [0.00645897164941, 0.0104289343581, 0.00353078125045, 0.0031144306995, 0.00482195615768, 0.00120657798834, 0.00243510608561, 0.000946905522142, 0.00219807145186, 0.000665950588882, 0.000617675075773, 0.000787043070886, 0.000658687844407, 0.00046962176566, 0.000476756191347, 0.000265065289568, 0.00032212852966, 0.000501236296259, 0.000432896660641, 0.000515977095347, 0.000391034438508, 0.000387022068026, 0.000269623560598, 0.000191459665075, 0.000197690882487, 8.78241407918e-05, 9.54990113655e-08],
        "dvar": [0.000106866144051, 0.000152494118083, 3.22028427036e-05, 1.89868005691e-05, 3.47978129867e-05, 1.43362467497e-06, 1.44217437992e-05, 7.28968700514e-07, 1.40074826049e-05, 4.72831089837e-07, 5.11815926529e-07, 2.39129849433e-06, 1.14702447718e-06, 3.17929078619e-07, 3.62885231198e-07, 1.12607224878e-07, 1.60508989211e-07, 3.14944458069e-07, 3.80164919989e-07, 4.46491412731e-07, 2.43073941419e-07, 2.95339390277e-07, 1.49967888774e-07, 7.09702376867e-08, 6.40783213157e-08, 1.52277586096e-08, 4.64667638134e-14],
        "dvar2": [0.000269863230642, 0.00031880219467, 9.06188579393e-05, 5.74531695747e-05, 9.64212667895e-05, 4.00168664783e-06, 3.89506931242e-05, 1.75697721261e-06, 2.25289477385e-05, 1.03511342786e-06, 1.08463939341e-06, 5.0550574997e-06, 2.70289183391e-06, 7.06781065674e-07, 8.41233088522e-07, 2.60342659431e-07, 3.74491463617e-07, 7.63909667967e-07, 9.35317757467e-07, 1.09645520752e-06, 5.37242442533e-07, 6.73646013638e-07, 3.23154665693e-07, 1.48859442106e-07, 1.35874230978e-07, 3.44711956757e-08, 1.18557372036e-13],
        "max": [0.0986361950636, 0.0911205112934, 0.0477007552981, 0.0322605296969, 0.0499466843903, 0.0150813208893, 0.0371048897505, 0.00943907909095, 0.0526488646865, 0.00870237592608, 0.0112762218341, 0.0327036231756, 0.0172516014427, 0.00757307372987, 0.00958473328501, 0.00411577196792, 0.0063532772474, 0.00572330225259, 0.00543593475595, 0.0050748619251, 0.00401418190449, 0.00651987316087, 0.0060504716821, 0.0029404128436, 0.00389397097751, 0.00197856500745, 2.90588604912e-06],
        "mean": [0.00696928240359, 0.0143747143447, 0.00227484013885, 0.00191012921277, 0.00313378195278, 0.00113433692604, 0.00157823343761, 0.00095280748792, 0.00236847903579, 0.000731767213438, 0.000660794146825, 0.00079982803436, 0.000571044511162, 0.00041902429075, 0.000390141911339, 0.00023716884607, 0.000290614989353, 0.000384188984754, 0.000323312560795, 0.000364103150787, 0.000328898720909, 0.00026173403603, 0.000190130260307, 0.000144296311191, 0.000146168633364, 4.98073204653e-05, 3.87639573773e-08],
        "median": [3.23517379002e-05, 0.000196714798221, 0.000715894915629, 0.000819973181933, 0.000943664228544, 0.000576367368922, 0.000477907422464, 0.000431236898294, 0.000957102398388, 0.000309528666548, 0.00026095478097, 0.000229957367992, 0.000181474257261, 0.000135897716973, 0.00012497343414, 8.22233996587e-05, 0.000119749718579, 0.00013437771122, 8.78011924215e-05, 0.000118188152555, 0.000116989394883, 5.55427723157e-05, 3.36018347298e-05, 2.93031880574e-05, 3.8278511056e-05, 8.38389041746e-06, 6.33707808451e-10],
        "min": [1.16765874747e-10, 2.19503681897e-09, 1.28621502338e-09, 1.09128581727e-08, 1.96519380324e-07, 1.64931890367e-07, 4.13842002445e-07, 4.48101275197e-07, 1.7249345774e-06, 3.57556388053e-07, 2.7140370662e-07, 2.83991084871e-07, 2.4644413088e-07, 1.39711886504e-07, 1.01163813326e-07, 5.40029532203e-08, 6.46217444e-08, 1.80238490799e-08, 4.09207778773e-08, 2.71467701651e-08, 1.58474371403e-08, 4.26925073072e-09, 1.2808946126e-09, 1.13017512016e-10, 7.51097014445e-12, 6.70721898161e-12, 6.7187349434e-12],
        "var": [0.00021110153466, 0.000416368857259, 2.24906525546e-05, 1.23343379528e-05, 2.96727703244e-05, 2.36523078456e-06, 1.23364807223e-05, 1.6298315586e-06, 3.08792332362e-05, 1.21762957406e-06, 1.26566510517e-06, 3.96794030166e-06, 1.53527071234e-06, 5.31715045327e-07, 5.31177192897e-07, 1.73896381739e-07, 2.36361501038e-07, 3.88844455301e-07, 4.18385468492e-07, 4.63580676069e-07, 3.14155300885e-07, 3.34068232632e-07, 1.68540225332e-07, 9.37295183689e-08, 8.0767378563e-08, 1.60985500486e-08, 3.44101747693e-14]
    },
    "erbbands": {
        "dmean": [0.361165702343, 1.10287082195, 2.11025476456, 4.18514585495, 6.88993883133, 10.7614870071, 7.23477935791, 5.83965682983, 11.5985956192, 24.195104599, 14.7647848129, 30.5942268372, 28.1295471191, 12.1166172028, 15.842581749, 23.042509079, 18.6415367126, 16.9317531586, 14.8648309708, 11.433883667, 9.64532375336, 11.3093242645, 16.2787761688, 15.8270940781, 14.017572403, 16.9606056213, 10.3590164185, 11.0407066345, 7.77436113358, 8.45526123047, 4.63721656799, 3.29234433174, 2.15540742874, 1.70505201817, 0.813954472542, 0.315168499947, 0.0940896347165, 0.00512940064073, 0.000121831268189, 2.38353422901e-05],
        "dmean2": [0.534531712532, 1.77945327759, 3.53908038139, 7.69016361237, 12.0049858093, 19.2035770416, 12.7495594025, 9.72741031647, 19.0824127197, 41.9679985046, 23.769077301, 44.0940551758, 41.5516395569, 18.5351867676, 23.16040802, 33.8373947144, 28.6142044067, 25.9506855011, 23.738609314, 17.8161830902, 14.4179735184, 17.7651176453, 26.1218929291, 24.7434616089, 21.0974311829, 27.1910877228, 15.2895507812, 16.7306842804, 11.2704725266, 13.1348199844, 7.16100883484, 4.82729578018, 3.17461299896, 2.55531191826, 1.25304675102, 0.504661083221, 0.152183026075, 0.00838513206691, 0.000193371801288, 3.64008556062e-05],
        "dvar": [0.47301158309, 5.43157672882, 30.1525039673, 141.674942017, 215.049346924, 673.836853027, 205.21031189, 105.684997559, 576.804992676, 4231.86767578, 543.200805664, 4849.66064453, 4392.76464844, 395.405090332, 813.721191406, 4518.71582031, 1902.30187988, 957.720031738, 1057.67602539, 431.833068848, 369.14151001, 407.941619873, 794.344360352, 1140.8215332, 760.875915527, 1321.11315918, 335.854431152, 521.024902344, 231.243850708, 344.86730957, 113.423492432, 47.471496582, 20.8134899139, 10.1084918976, 2.78449130058, 0.529541611671, 0.0443703308702, 0.000145418962347, 7.08096337121e-08, 1.21631882344e-09],
        "dvar2": [0.957745492458, 13.4650688171, 78.2266616821, 425.329681396, 595.012512207, 1912.23083496, 573.537475586, 293.243164062, 1501.56030273, 11739.3466797, 1325.21813965, 9349.57519531, 7940.22607422, 835.158691406, 1590.33789062, 10624.203125, 4502.24902344, 2111.97875977, 2613.36279297, 989.225769043, 857.362487793, 914.226928711, 1917.72729492, 2839.79638672, 1779.35864258, 3293.71411133, 724.04901123, 1255.43823242, 504.173980713, 813.370178223, 246.282653809, 104.400886536, 44.1874542236, 21.0891532898, 6.26979351044, 1.15523290634, 0.108028359711, 0.000359563477105, 1.66970394844e-07, 2.45135844956e-09],
        "max": [5.62136268616, 20.2111988068, 44.8130950928, 93.7776870728, 168.065063477, 181.127670288, 97.1392288208, 142.046707153, 243.306686401, 622.509887695, 343.513366699, 944.115539551, 900.694702148, 330.73147583, 378.048461914, 1470.3236084, 666.550720215, 426.807159424, 525.777893066, 340.590759277, 221.071166992, 274.899749756, 321.926513672, 294.609466553, 237.332885742, 268.335632324, 169.059524536, 192.891647339, 208.194244385, 228.693450928, 180.490219116, 74.6831283569, 64.2880249023, 47.3044395447, 24.5474967957, 13.9296703339, 2.21052622795, 0.173080384731, 0.00338310515508, 0.000356792588718],
        "mean": [0.777506291866, 1.84856712818, 2.66082525253, 4.95022344589, 8.78065681458, 10.5313777924, 9.07236766815, 9.29137992859, 16.1704216003, 26.7210998535, 25.72224617, 49.280380249, 41.0720939636, 21.0972824097, 28.2239151001, 33.0588340759, 27.073720932, 25.542470932, 20.8638801575, 15.848572731, 13.6974134445, 16.6122779846, 20.6254615784, 17.7789115906, 16.7771072388, 18.10597229, 13.3109989166, 12.7137155533, 8.73060512543, 8.10573482513, 4.98988246918, 3.37462568283, 2.43833637238, 1.95567858219, 0.819516420364, 0.295077383518, 0.0828218013048, 0.00445370515808, 0.000128091109218, 5.58066531084e-05],
        "median": [0.0078780669719, 0.0471611395478, 1.01020669937, 2.520829916, 2.6182641983, 2.36659955978, 3.13457131386, 4.55712985992, 6.72905158997, 9.11787414551, 13.4851589203, 20.7255363464, 15.6646528244, 10.8594436646, 11.5266895294, 11.4902858734, 10.0948829651, 9.94386863708, 7.63009643555, 5.84811210632, 5.38461256027, 7.02076816559, 8.37142562866, 4.26778936386, 5.62790346146, 5.45820474625, 4.34425258636, 4.23185491562, 2.24185752869, 1.26936936378, 0.909905552864, 0.484957545996, 0.588696241379, 0.551536500454, 0.179725587368, 0.0521827675402, 0.0130282221362, 0.000649592315312, 4.41158335889e-05, 3.75137169613e-05],
        "min": [7.04585971789e-08, 5.24132872215e-07, 1.33867115437e-06, 2.27327018365e-05, 0.000149177620187, 0.000708800856955, 0.000687043066137, 0.00246886117384, 0.00552356801927, 0.00802353490144, 0.0205014143139, 0.0328375473619, 0.0119228148833, 0.00883287750185, 0.0162215996534, 0.00935379043221, 0.0106842583045, 0.0133277131245, 0.00830609630793, 0.00701617728919, 0.00277993874624, 0.00344756408595, 0.00109427573625, 0.00132436899003, 0.00208367174491, 0.00111049448606, 0.000993957626633, 0.000241060188273, 0.000179248236236, 5.94106386416e-05, 4.11874716519e-05, 1.49088027683e-05, 2.47372599915e-06, 8.37340166981e-07, 2.60830773868e-07, 1.54623961635e-07, 3.88221224057e-08, 1.26959172064e-08, 1.04217701136e-08, 1.81923791587e-08],
        "var": [1.55887925625, 8.42299175262, 25.6881427765, 87.0666503906, 209.023727417, 493.651397705, 195.600219727, 178.635696411, 701.487548828, 3342.53955078, 1162.95141602, 10991.4511719, 7370.44873047, 884.112731934, 2380.19848633, 5851.52050781, 2620.0480957, 1706.62805176, 1448.74072266, 688.850891113, 564.601501465, 681.369628906, 1015.87133789, 1269.62451172, 917.563598633, 1282.4309082, 471.249664307, 574.230773926, 306.429351807, 354.16973877, 123.953887939, 55.5937576294, 27.5373020172, 13.4159154892, 3.13712501526, 0.597409904003, 0.0413327775896, 0.000129627223941, 6.93278821018e-08, 2.32150387802e-09]
    },
    "gfcc": {
        "mean": [-13.5388965607, 84.6895828247, -124.083831787, 26.4585895538, -70.7443466187, 13.5417165756, -35.8763275146, 10.3241004944, -28.7210636139, 1.45868253708, -19.589302063, -6.36791944504, -10.7836341858],
        "cov": [[7966.27490234, -1608.21362305, 681.430358887, 1046.86010742, -139.144561768, 472.913848877, -394.229309082, 575.012573242, -415.632110596, 498.34664917, -262.021697998, 361.557678223, -180.544113159], [-1608.21362305, 1800.28271484, 316.915771484, 6.71587085724, 614.939453125, 27.5151805878, 475.048522949, -20.0564289093, 354.106048584, -56.1342277527, 321.537963867, -8.46125411987, 214.864379883], [681.430358887, 316.915771484, 2059.48461914, 882.651672363, 591.477783203, 400.290222168, 294.276580811, 367.150665283, 134.891540527, 276.790161133, 94.1865463257, 285.481201172, 119.556884766], [1046.86010742, 6.71587085724, 882.651672363, 1018.96655273, 520.481872559, 230.759643555, 193.92149353, 234.483474731, 176.782318115, 155.061126709, 92.4103775024, 158.976226807, 129.763778687], [-139.144561768, 614.939453125, 591.477783203, 520.481872559, 747.666625977, 228.214157104, 347.202026367, 109.352783203, 226.848251343, 108.833122253, 164.525726318, 106.345733643, 144.815155029], [472.913848877, 27.5151805878, 400.290222168, 230.759643555, 228.214157104, 372.047973633, 184.542037964, 126.126266479, 83.5862503052, 95.7374649048, 80.9389190674, 68.7925033569, 31.0328159332], [-394.229309082, 475.048522949, 294.276580811, 193.92149353, 347.202026367, 184.542037964, 405.065307617, 102.590354919, 219.629348755, 46.2751617432, 162.083206177, 63.6776313782, 110.431480408], [575.012573242, -20.0564289093, 367.150665283, 234.483474731, 109.352783203, 126.126266479, 102.590354919, 291.565124512, 98.6353149414, 136.029510498, 58.640209198, 70.8953399658, 39.1785316467], [-415.632110596, 354.106048584, 134.891540527, 176.782318115, 226.848251343, 83.5862503052, 219.629348755, 98.6353149414, 311.315612793, 27.8805561066, 151.124420166, 27.2026042938, 85.2077941895], [498.34664917, -56.1342277527, 276.790161133, 155.061126709, 108.833122253, 95.7374649048, 46.2751617432, 136.029510498, 27.8805561066, 196.933807373, 45.7774848938, 73.6392669678, 15.943821907], [-262.021697998, 321.537963867, 94.1865463257, 92.4103775024, 164.525726318, 80.9389190674, 162.083206177, 58.640209198, 151.124420166, 45.7774848938, 213.40145874, 25.6369667053, 74.5153579712], [361.557678223, -8.46125411987, 285.481201172, 158.976226807, 106.345733643, 68.7925033569, 63.6776313782, 70.8953399658, 27.2026042938, 73.6392669678, 25.6369667053, 149.928939819, 32.8965339661], [-180.544113159, 214.864379883, 119.556884766, 129.763778687, 144.815155029, 31.0328159332, 110.431480408, 39.1785316467, 85.2077941895, 15.943821907, 74.5153579712, 32.8965339661, 129.042816162]],
        "icov": [[0.000341353617841, -0.000160243580467, 0.000309732509777, -0.000593921518885, 0.000298868457321, -0.000543615256902, 0.000335711083608, -0.000531258119736, 0.000542020716239, -0.0004115786287, 0.000285562244244, -0.000684795435518, 0.000426643760875], [-0.000160243580467, 0.00188865244854, -0.000722602417227, 0.00142985221464, -0.00163771549705, 0.00131490465719, -0.000838015403133, 0.000454972643638, -0.00072118017124, 0.00110467034392, -0.00154901121277, 0.00114516355097, -0.00109433790203], [0.000309732509777, -0.000722602417227, 0.00152142299339, -0.00138299865648, 0.000485740776639, -0.00117996882182, 0.000365874526324, -0.00106044439599, 0.000982070574537, -0.000842883076984, 0.000922461156733, -0.00175883097108, 0.000736552348826], [-0.000593921518885, 0.00142985221464, -0.00138299865648, 0.00401983736083, -0.00267077772878, 0.001366340206, 1.25242477225e-05, 0.000275107449852, -0.00178214511834, 0.00150624825619, -0.00102362979669, 0.00124265672639, -0.00213336129673], [0.000298868457321, -0.00163771549705, 0.000485740776639, -0.00267077772878, 0.00511140702292, -0.00165386288427, -0.00108682911377, 0.000840795401018, 0.00037549767876, -0.00214898423292, 0.0012866203906, -0.000995297450572, 0.000245442410232], [-0.000543615256902, 0.00131490465719, -0.00117996882182, 0.001366340206, -0.00165386288427, 0.00593796884641, -0.00262504164129, 0.000354679650627, -0.000497071654536, 0.000602970190812, -0.00186048657633, 0.00163690373302, 0.000246819166932], [0.000335711083608, -0.000838015403133, 0.000365874526324, 1.25242477225e-05, -0.00108682911377, -0.00262504164129, 0.00745998276398, -0.00133722822648, -0.00151884462684, 0.000508742639795, -0.000438001559814, -0.0018168464303, -0.000957514334004], [-0.000531258119736, 0.000454972643638, -0.00106044439599, 0.000275107449852, 0.000840795401018, 0.000354679650627, -0.00133722822648, 0.00772136263549, -0.0025808843784, -0.0029272895772, -0.000164061842952, 0.00139344262425, -0.00121839670464], [0.000542020716239, -0.00072118017124, 0.000982070574537, -0.00178214511834, 0.00037549767876, -0.000497071654536, -0.00151884462684, -0.0025808843784, 0.00788550451398, 0.000216746251681, -0.00192677846644, -0.00086720706895, 0.000722945551388], [-0.0004115786287, 0.00110467034392, -0.000842883076984, 0.00150624825619, -0.00214898423292, 0.000602970190812, 0.000508742639795, -0.0029272895772, 0.000216746251681, 0.0102842869237, -0.00286145275459, -0.00114513351582, 0.000101568599348], [0.000285562244244, -0.00154901121277, 0.000922461156733, -0.00102362979669, 0.0012866203906, -0.00186048657633, -0.000438001559814, -0.000164061842952, -0.00192677846644, -0.00286145275459, 0.0100649716333, -0.000907184090465, -0.00137329974677], [-0.000684795435518, 0.00114516355097, -0.00175883097108, 0.00124265672639, -0.000995297450572, 0.00163690373302, -0.0018168464303, 0.00139344262425, -0.00086720706895, -0.00114513351582, -0.000907184090465, 0.0118915094063, -0.00242339237593], [0.000426643760875, -0.00109433790203, 0.000736552348826, -0.00213336129673, 0.000245442410232, 0.000246819166932, -0.000957514334004, -0.00121839670464, 0.000722945551388, 0.000101568599348, -0.00137329974677, -0.00242339237593, 0.0134067125618]]
    },
    "melbands": {
        "dmean": [0.00251960358582, 0.00109240820166, 0.000787902157754, 0.000643458392005, 0.000303514709231, 0.000131870896439, 0.000220685396926, 0.000230567951803, 0.000133691806695, 0.000217496679397, 0.000142652730574, 4.75289998576e-05, 5.1877261285e-05, 5.91512507526e-05, 5.768675328e-05, 4.09577442042e-05, 3.27408088197e-05, 2.40185891016e-05, 2.15743311855e-05, 1.27269349832e-05, 1.17060708362e-05, 1.16842638818e-05, 1.57129652507e-05, 1.38428158607e-05, 1.29832724269e-05, 1.112307109e-05, 1.07771220428e-05, 1.13157411761e-05, 6.45599357085e-06, 6.31405328022e-06, 6.56401198285e-06, 4.2035376282e-06, 5.5593268371e-06, 4.15097792938e-06, 2.59723628915e-06, 2.61821855929e-06, 1.90356445273e-06, 1.47122261751e-06, 1.61382183705e-06, 1.47221180669e-06],
        "dmean2": [0.00377403316088, 0.00174755370244, 0.00143585831393, 0.00112787843682, 0.000538918597158, 0.000217984925257, 0.000367479515262, 0.000395460694563, 0.000213750041439, 0.000312985415803, 0.000213738050661, 7.2506685683e-05, 7.77286477387e-05, 8.24086018838e-05, 9.16327480809e-05, 6.14186792518e-05, 5.12363258167e-05, 3.85896601074e-05, 3.4458549635e-05, 2.00295435206e-05, 1.7464029952e-05, 1.81826708285e-05, 2.51011097134e-05, 2.19204757741e-05, 2.06614295166e-05, 1.68359911186e-05, 1.67621765286e-05, 1.82428575499e-05, 9.8204400274e-06, 9.41404960031e-06, 1.03216862044e-05, 6.16402894593e-06, 8.80553761817e-06, 6.37700304651e-06, 4.00707904191e-06, 4.05771652368e-06, 2.81893676402e-06, 2.15997715713e-06, 2.45328669735e-06, 2.23517895392e-06],
        "dvar": [2.17402757698e-05, 6.5212257141e-06, 4.38636516265e-06, 1.9150324988e-06, 4.15732898773e-07, 4.96678929096e-08, 2.65988660431e-07, 3.47553509528e-07, 4.89698699369e-08, 2.95773759262e-07, 1.2308007058e-07, 6.04388095127e-09, 7.96657495528e-09, 3.88639449511e-08, 1.74436589617e-08, 1.65932867446e-08, 3.82011622335e-09, 3.03042058114e-09, 1.80150427909e-09, 5.78975700716e-10, 5.66978519689e-10, 4.67395955273e-10, 9.08691399903e-10, 5.85989090585e-10, 8.41068936719e-10, 5.00674501858e-10, 4.52032244969e-10, 5.80697712138e-10, 1.40784925384e-10, 1.18515849912e-10, 2.0784353405e-10, 6.92929047474e-11, 1.54656551454e-10, 7.91307575021e-11, 4.28785999762e-11, 3.16202168615e-11, 1.69401818961e-11, 1.1324790064e-11, 8.8213394922e-12, 8.44153826701e-12],
        "dvar2": [4.23751989729e-05, 1.5969721062e-05, 1.30682819872e-05, 5.29758972334e-06, 1.17189608773e-06, 1.37773994879e-07, 7.02393037955e-07, 9.6178939657e-07, 1.21271497733e-07, 5.04385184286e-07, 2.25822191169e-07, 1.29406876326e-08, 1.64840372463e-08, 7.91466732153e-08, 4.34642473124e-08, 3.812962035e-08, 8.43357472746e-09, 7.75177344536e-09, 4.24945012512e-09, 1.35314615068e-09, 1.33989763729e-09, 1.12140574604e-09, 2.20423523878e-09, 1.44736733709e-09, 2.12002881916e-09, 1.19544685262e-09, 1.08591491355e-09, 1.45528267215e-09, 3.24995697021e-10, 2.34578051428e-10, 5.20388010461e-10, 1.51365961432e-10, 3.7092875993e-10, 1.85788953666e-10, 9.87644965811e-11, 6.91543350362e-11, 3.80782974596e-11, 2.45994353359e-11, 1.8967976495e-11, 1.86566300603e-11],
        "max": [0.0380761809647, 0.0223561432213, 0.0162582937628, 0.0127718010917, 0.00436932500452, 0.0034164362587, 0.00506077567115, 0.00561723159626, 0.00316521106288, 0.00773005979136, 0.00467460555956, 0.00119398301467, 0.00106519251131, 0.00435243733227, 0.00165035866667, 0.00232131313533, 0.000941653561313, 0.000937786942814, 0.000616402947344, 0.000311719166348, 0.000320397957694, 0.000349265872501, 0.000314719829476, 0.000210645768675, 0.000266058079433, 0.000196396635147, 0.000152202046593, 0.000190315797227, 0.000122278768686, 0.000101033270766, 0.000127211693325, 0.000123511665151, 0.000136965201818, 0.000112067398732, 0.000129492313135, 6.26189284958e-05, 4.37732778664e-05, 4.87100733153e-05, 3.96850227844e-05, 4.28348430432e-05],
        "mean": [0.00571135757491, 0.00171110732481, 0.0009773762431, 0.000710597145371, 0.000360031233868, 0.000211753984331, 0.000283599278191, 0.000269040465355, 0.000219564928557, 0.00034156741458, 0.000202054026886, 7.82611896284e-05, 8.96698693396e-05, 8.84496985236e-05, 7.4608324212e-05, 5.80471460125e-05, 4.57701862615e-05, 3.18507554766e-05, 2.79304094875e-05, 1.74640517798e-05, 1.53537730512e-05, 1.64843768289e-05, 1.9937984689e-05, 1.66915742739e-05, 1.39879075505e-05, 1.26348058984e-05, 1.21200073409e-05, 1.17878389574e-05, 7.98366818344e-06, 8.05942454463e-06, 7.04251442585e-06, 4.82477980768e-06, 5.13628674526e-06, 4.03924696002e-06, 2.77398180515e-06, 2.60820706899e-06, 1.90154605662e-06, 1.60148897521e-06, 1.83318536529e-06, 1.60619072176e-06],
        "median": [6.05362074566e-05, 0.000559474050533, 0.000571248412598, 0.000200804613996, 0.000119574535347, 0.000105013503344, 0.000102106394479, 0.000103051737824, 0.000104107231891, 0.000133141249535, 7.57478992455e-05, 3.81911231671e-05, 3.55827942258e-05, 2.80675703834e-05, 2.42095975409e-05, 1.77014026121e-05, 1.6107567717e-05, 9.90218177321e-06, 8.48590025271e-06, 5.79533570999e-06, 5.4196561905e-06, 6.62173624733e-06, 7.86659529695e-06, 5.91914704273e-06, 2.73969817499e-06, 3.31438900503e-06, 4.13109819419e-06, 3.23457288687e-06, 2.35131392401e-06, 2.77287335848e-06, 2.00821546059e-06, 1.30737294057e-06, 7.14976579275e-07, 6.21996036898e-07, 5.12874692049e-07, 3.14206033636e-07, 2.42843327669e-07, 3.09276771304e-07, 5.15658825861e-07, 4.17178483758e-07],
        "min": [5.86924064905e-10, 6.44761188884e-10, 1.16245377768e-08, 1.29751587252e-08, 2.86503087921e-08, 4.83156874509e-08, 9.75139471393e-08, 9.72682272504e-08, 9.55698951088e-08, 1.95076808041e-07, 5.10188691294e-08, 2.80243188655e-08, 4.00137167844e-08, 4.68910030804e-08, 1.83010850918e-08, 2.36099388928e-08, 2.14187529934e-08, 8.89973872376e-09, 8.64267413192e-09, 4.42720571314e-09, 2.70379141298e-09, 3.97080723857e-09, 1.24346521968e-09, 8.32630853154e-10, 8.52983461641e-10, 1.5872151371e-09, 6.51009190999e-10, 4.0648279187e-10, 6.48256670566e-10, 3.23756133014e-10, 1.03981212529e-10, 7.81278791662e-11, 6.16667689135e-11, 1.98196077605e-11, 1.4076205479e-11, 8.77998975607e-12, 1.49288524251e-12, 1.69718817992e-12, 3.83763767292e-13, 7.7914989727e-14],
