{
"highlevel": {
    "danceability": {
        "all": {
            "danceable": 0.999780058861,
            "not_danceable": 0.000219955749344
        },
        "probability": 0.999780058861,
        "value": "danceable"
    },
    "gender": {
        "all": {
            "female": 0.847024083138,
            "male": 0.152975931764
        },
        "probability": 0.847024083138,
        "value": "female"
    },
    "genre_dortmund": {
        "all": {
            "alternative": 0.113221108913,
            "blues": 0.0255638528615,
            "electronic": 0.121489062905,
            "folkcountry": 0.0334128588438,
            "funksoulrnb": 0.0488214641809,
            "jazz": 0.0573848187923,
            "pop": 0.188273489475,
            "raphiphop": 0.222555503249,
            "rock": 0.189277842641
        },
        "probability": 0.222555503249,
        "value": "raphiphop"
    },
    "genre_electronic": {
        "all": {
            "ambient": 0.155787199736,
            "dnb": 0.0642192587256,
            "house": 0.630156874657,
            "techno": 0.0215136781335,
            "trance": 0.128323018551
        },
        "probability": 0.630156874657,
        "value": "house"
    },
    "genre_rosamerica": {
        "all": {
            "cla": 0.00129062333144,
            "dan": 0.862633824348,
            "hip": 0.0599200204015,
            "jaz": 0.000795339175966,
            "pop": 0.0532908253372,
            "rhy": 0.0132396807894,
            "roc": 0.00812980160117,
            "spe": 0.000699890835676
        },
        "probability": 0.862633824348,
        "value": "dan"
    },
    "genre_tzanetakis": {
        "all": {
            "blu": 0.0668570101261,
            "cla": 0.0371056310833,
            "cou": 0.0834696814418,
            "dis": 0.0834655091166,
            "hip": 0.0667735412717,
            "jaz": 0.33389133215,
            "met": 0.0668181404471,
            "pop": 0.066801764071,
            "reg": 0.083494246006,
            "roc": 0.111323162913
        },
        "probability": 0.33389133215,
        "value": "jaz"
    },
    "ismir04_rhythm": {
        "all": {
            "ChaChaCha": 0.359499901533,
            "Jive": 0.02106949687,
            "Quickstep": 0.0156069211662,
            "Rumba-American": 0.0110765425488,
            "Rumba-International": 0.136973515153,
            "Rumba-Misc": 0.0122077176347,
            "Samba": 0.367296487093,
            "Tango": 0.0340856611729,
            "VienneseWaltz": 0.0353251472116,
            "Waltz": 0.00685861892998
        },
        "probability": 0.367296487093,
        "value": "Samba"
    },
    "mood_acoustic": {
        "all": {
            "acoustic": 0.00622271373868,
            "not_acoustic": 0.993777275085
        },
        "probability": 0.993777275085,
        "value": "not_acoustic"
    },
    "mood_aggressive": {
        "all": {
            "aggressive": 0.219445496798,
            "not_aggressive": 0.780554533005
        },
        "probability": 0.780554533005,
        "value": "not_aggressive"
    },
    "mood_electronic": {
        "all": {
            "electronic": 0.753456056118,
            "not_electronic": 0.246543958783
        },
        "probability": 0.753456056118,
        "value": "electronic"
    },
    "mood_happy": {
        "all": {
            "happy": 0.0813189148903,
            "not_happy": 0.91868108511
        },
        "probability": 0.91868108511,
        "value": "not_happy"
    },
    "mood_party": {
        "all": {
            "not_party": 0.19115704298,
            "party": 0.80884295702
        },
        "probability": 0.80884295702,
        "value": "party"
    },
    "mood_relaxed": {
        "all": {
            "not_relaxed": 0.856972813606,
            "relaxed": 0.143027216196
        },
        "probability": 0.856972813606,
        "value": "not_relaxed"
    },
    "mood_sad": {
        "all": {
            "not_sad": 0.357185035944,
            "sad": 0.642814993858
        },
        "probability": 0.642814993858,
        "value": "sad"
    },
    "moods_mirex": {
        "all": {
            "Cluster1": 0.286338299513,
            "Cluster2": 0.289259910583,
            "Cluster3": 0.250180244446,
            "Cluster4": 0.118207767606,
            "Cluster5": 0.0560138002038
        },
        "probability": 0.289259910583,
        "value": "Cluster2"
    },
    "timbre": {
        "all": {
            "bright": 0.807574033737,
            "dark": 0.192425966263
        },
        "probability": 0.807574033737,
        "value": "bright"
    },
    "tonal_atonal": {
        "all": {
            "atonal": 0.75371992588,
            "tonal": 0.246280059218
        },
        "probability": 0.75371992588,
        "value": "atonal"
    },
    "voice_instrumental": {
        "all": {
            "instrumental": 0.00970004592091,
            "voice": 0.990299940109
        },
        "probability": 0.990299940109,
        "value": "voice"
    }
},
"lowlevel": {
    "average_loudness": 0.972106218338,
    "barkbands_crest": {
        "dmean": 2.32913947105,
        "dmean2": 3.29751038551,
        "dvar": 8.85360908508,
        "dvar2": 15.5450353622,
        "max": 26.3312263489,
        "mean": 13.4084253311,
        "median": 12.0704565048,
        "min": 2.36346912384,
        "var": 49.6725502014
    },
    "barkbands_flatness_db": {
        "dmean": 0.0293357986957,
        "dmean2": 0.0402202680707,
        "dvar": 0.00129508483224,
        "dvar2": 0.00248120026663,
        "max": 0.466763556004,
        "mean": 0.188520774245,
        "median": 0.167328357697,
        "min": 0.0603668056428,
        "var": 0.0066505195573
    },
    "barkbands_kurtosis": {
        "dmean": 9.30158233643,
        "dmean2": 14.2550935745,
        "dvar": 437.437835693,
        "dvar2": 903.350097656,
        "max": 450.971069336,
        "mean": 15.6782493591,
        "median": 2.40233945847,
        "min": -1.91203820705,
        "var": 1255.56665039
    },
    "barkbands_skewness": {
        "dmean": 0.877401173115,
        "dmean2": 1.28667342663,
        "dvar": 1.40414988995,
        "dvar2": 2.87466955185,
        "max": 18.8367042542,
        "mean": 2.47532582283,
        "median": 1.69456756115,
        "min": -1.4399061203,
        "var": 7.22278928757
    },
    "barkbands_spread": {
        "dmean": 8.17736816406,
        "dmean2": 12.1281547546,
        "dvar": 210.211380005,
        "dvar2": 394.453613281,
        "max": 116.431777954,
        "mean": 21.9334964752,
        "median": 17.6955738068,
        "min": 0.480436891317,
        "var": 425.787506104
    },
    "dissonance": {
        "dmean": 0.0211255829781,
        "dmean2": 0.0348952189088,
        "dvar": 0.00053813419072,
        "dvar2": 0.00144104938954,
        "max": 0.499999970198,
        "mean": 0.460381567478,
        "median": 0.470703989267,
        "min": 0.258531361818,
        "var": 0.00124967936426
    },
    "dynamic_complexity": 2.57840037346,
    "erbbands_crest": {
        "dmean": 2.3101541996,
        "dmean2": 3.57442498207,
        "dvar": 4.64745473862,
        "dvar2": 11.7735157013,
        "max": 25.1540279388,
        "mean": 8.34384822845,
        "median": 7.22191429138,
        "min": 2.71656703949,
        "var": 16.3013153076
    },
    "erbbands_flatness_db": {
        "dmean": 0.0195738878101,
        "dmean2": 0.027757383883,
        "dvar": 0.000429805135354,
        "dvar2": 0.000824180548079,
        "max": 0.28429749608,
        "mean": 0.158963233232,
        "median": 0.159821689129,
        "min": 0.0555462017655,
        "var": 0.00218396424316
    },
    "erbbands_kurtosis": {
        "dmean": 1.1028624773,
        "dmean2": 1.70275533199,
        "dvar": 2.40475320816,
        "dvar2": 5.58886098862,
        "max": 26.4279994965,
        "mean": 0.811339318752,
        "median": -0.061005115509,
        "min": -1.72082448006,
        "var": 6.74984455109
    },
    "erbbands_skewness": {
        "dmean": 0.441961377859,
        "dmean2": 0.66771620512,
        "dvar": 0.2210393399,
        "dvar2": 0.513550102711,
        "max": 3.10047316551,
        "mean": 0.212399512529,
        "median": 0.139329642057,
        "min": -2.48740458488,
        "var": 0.563083708286
    },
    "erbbands_spread": {
        "dmean": 11.2391700745,
        "dmean2": 17.0538349152,
        "dvar": 205.579940796,
        "dvar2": 445.548309326,
        "max": 142.672286987,
        "mean": 41.7260475159,
        "median": 32.8184165955,
        "min": 4.05257129669,
        "var": 642.58996582
    },
    "hfc": {
        "dmean": 13.0824346542,
        "dmean2": 19.7059249878,
        "dvar": 606.642150879,
        "dvar2": 1433.59606934,
        "max": 197.010284424,
        "mean": 30.7166385651,
        "median": 17.1900100708,
        "min": 2.14808297157,
        "var": 1010.40081787
    },
    "melbands_crest": {
        "dmean": 2.69094562531,
        "dmean2": 3.18895697594,
        "dvar": 8.02390098572,
        "dvar2": 14.1196365356,
        "max": 34.5070915222,
        "mean": 18.8353748322,
        "median": 18.6916255951,
        "min": 2.59627890587,
        "var": 82.1792297363
    },
    "melbands_flatness_db": {
        "dmean": 0.0364976711571,
        "dmean2": 0.0479562915862,
        "dvar": 0.00209329277277,
        "dvar2": 0.00414069090039,
        "max": 0.582032978535,
        "mean": 0.244171828032,
        "median": 0.241394251585,
        "min": 0.0282809305936,
        "var": 0.014346331358
    },
    "melbands_kurtosis": {
        "dmean": 20.8397674561,
        "dmean2": 31.9795455933,
        "dvar": 2006.93347168,
        "dvar2": 4315.80517578,
        "max": 804.03692627,
        "mean": 39.6285018921,
        "median": 10.9420213699,
        "min": -1.60615181923,
        "var": 5727.16455078
    },
    "melbands_skewness": {
        "dmean": 1.07153725624,
        "dmean2": 1.55247628689,
        "dvar": 1.96627104282,
        "dvar2": 4.04662752151,
        "max": 21.1280212402,
        "mean": 3.99120521545,
        "median": 3.03798866272,
        "min": -0.58309084177,
        "var": 11.8563919067
    },
    "melbands_spread": {
        "dmean": 7.15330123901,
        "dmean2": 10.7151355743,
        "dvar": 123.946617126,
        "dvar2": 263.805145264,
        "max": 117.825973511,
        "mean": 22.4701290131,
        "median": 16.2198886871,
        "min": 0.393761992455,
        "var": 436.59463501
    },
    "pitch_salience": {
        "dmean": 0.073567353189,
        "dmean2": 0.111857771873,
        "dvar": 0.010687363334,
        "dvar2": 0.0254062730819,
        "max": 0.832080721855,
        "mean": 0.442751675844,
        "median": 0.456060379744,
        "min": 0.0443128682673,
        "var": 0.037300541997
    },
    "silence_rate_20dB": {
        "dmean": 0,
        "dmean2": 0,
        "dvar": 0,
        "dvar2": 0,
        "max": 1,
        "mean": 1,
        "median": 1,
        "min": 1,
        "var": 0
    },
    "silence_rate_30dB": {
        "dmean": 0.123839005828,
        "dmean2": 0.247869864106,
        "dvar": 0.108502015471,
        "dvar2": 0.240648329258,
        "max": 1,
        "mean": 0.815931916237,
        "median": 1,
        "min": 0,
        "var": 0.150185853243
    },
    "silence_rate_60dB": {
        "dmean": 0,
        "dmean2": 0,
        "dvar": 0,
        "dvar2": 0,
        "max": 0,
        "mean": 0,
        "median": 0,
        "min": 0,
        "var": 0
    },
    "spectral_centroid": {
        "dmean": 312.692901611,
        "dmean2": 475.260955811,
        "dvar": 187006.640625,
        "dvar2": 388391.0625,
        "max": 4141.15527344,
        "mean": 1439.79577637,
        "median": 1246.05895996,
        "min": 180.311904907,
        "var": 755889.625
    },
    "spectral_complexity": {
        "dmean": 4.00309610367,
        "dmean2": 6.41285848618,
        "dvar": 20.4535884857,
        "dvar2": 47.5701332092,
        "max": 55,
        "mean": 18.2312450409,
        "median": 17,
        "min": 3,
        "var": 81.1644744873
    },
    "spectral_decrease": {
        "dmean": 4.37483071991e-09,
        "dmean2": 6.13678974304e-09,
        "dvar": 4.63563132582e-17,
        "dvar2": 1.17068780982e-16,
        "max": -7.0541944508e-10,
        "mean": -1.37004398937e-08,
        "median": -1.00773931422e-08,
        "min": -5.40930216175e-08,
        "var": 1.26693100201e-16
    },
    "spectral_energy": {
        "dmean": 0.0168876368552,
        "dmean2": 0.023991310969,
        "dvar": 0.000656814256217,
        "dvar2": 0.0016373237595,
        "max": 0.206371843815,
        "mean": 0.0544947423041,
        "median": 0.0413184612989,
        "min": 0.00348984403536,
        "var": 0.00182782730553
    },
    "spectral_energyband_high": {
        "dmean": 0.00117890071124,
        "dmean2": 0.00182660669088,
        "dvar": 6.7411638156e-06,
        "dvar2": 1.58848451974e-05,
        "max": 0.0207616128027,
        "mean": 0.00176528200973,
        "median": 0.000472553860163,
        "min": 5.44467184227e-07,
        "var": 9.15661621548e-06
    },
    "spectral_energyband_low": {
        "dmean": 0.0158799048513,
        "dmean2": 0.0235716663301,
        "dvar": 0.000851893040817,
        "dvar2": 0.00238544656895,
        "max": 0.196595534682,
        "mean": 0.0376187413931,
        "median": 0.0197115298361,
        "min": 3.99084456149e-07,
        "var": 0.00173447374254
    },
    "spectral_energyband_middle_high": {
        "dmean": 0.00231448304839,
        "dmean2": 0.00349109247327,
        "dvar": 1.62324431585e-05,
        "dvar2": 3.65026571671e-05,
        "max": 0.0655807927251,
        "mean": 0.00750966090709,
        "median": 0.00335967633873,
        "min": 7.26057769498e-05,
        "var": 8.82807798916e-05
    },
    "spectral_energyband_middle_low": {
        "dmean": 0.00526019278914,
        "dmean2": 0.0091248145327,
        "dvar": 0.000152207430801,
        "dvar2": 0.000427965424024,
        "max": 0.0814125388861,
        "mean": 0.00868404004723,
        "median": 0.00538584962487,
        "min": 0.000155329427798,
        "var": 0.000128566243802
    },
    "spectral_entropy": {
        "dmean": 0.230139866471,
        "dmean2": 0.330181270838,
        "dvar": 0.0911145061255,
        "dvar2": 0.188103929162,
        "max": 8.81463336945,
        "mean": 7.56161117554,
        "median": 7.59942245483,
        "min": 5.42113780975,
        "var": 0.316854357719
    },
    "spectral_flux": {
        "dmean": 0.0364913456142,
        "dmean2": 0.0481340736151,
        "dvar": 0.00283304532059,
        "dvar2": 0.00450004311278,
        "max": 0.430841505527,
        "mean": 0.0972324758768,
        "median": 0.0713643804193,
        "min": 0.0176384020597,
        "var": 0.00602145073935
    },
    "spectral_kurtosis": {
        "dmean": 2.29886770248,
        "dmean2": 3.51610279083,
        "dvar": 13.7370853424,
        "dvar2": 28.512720108,
        "max": 50.5600166321,
        "mean": 4.86246490479,
        "median": 3.2200050354,
        "min": -1.22078323364,
        "var": 35.6309089661
    },
    "spectral_rms": {
        "dmean": 0.000966595485806,
        "dmean2": 0.00131039030384,
        "dvar": 1.48481035467e-06,
        "dvar2": 3.35117420036e-06,
        "max": 0.0141893755645,
        "mean": 0.00673383148387,
        "median": 0.00634907046333,
        "min": 0.00184518995229,
        "var": 7.82117331255e-06
    },
    "spectral_rolloff": {
        "dmean": 744.246826172,
        "dmean2": 1268.99108887,
        "dvar": 3246470.25,
        "dvar2": 6548332,
        "max": 10809.6679688,
        "mean": 1733.69897461,
        "median": 839.794921875,
        "min": 64.599609375,
        "var": 5624431.5
    },
    "spectral_skewness": {
        "dmean": 0.318123728037,
        "dmean2": 0.458762824535,
        "dvar": 0.146398290992,
        "dvar2": 0.273045182228,
        "max": 5.52787685394,
        "mean": 1.55515599251,
        "median": 1.38183450699,
        "min": 0.40867677331,
        "var": 0.558370053768
    },
    "spectral_spread": {
        "dmean": 901931.3125,
        "dmean2": 1308897.5,
        "dvar": 1.96922926694e+12,
        "dvar2": 3.88709561139e+12,
        "max": 16239288,
        "mean": 4905782.5,
        "median": 4262340,
        "min": 1247801,
        "var": 5.8174120919e+12
    },
    "spectral_strongpeak": {
        "dmean": 0.419413477182,
        "dmean2": 0.674604177475,
        "dvar": 0.87039488554,
        "dvar2": 1.86120140553,
        "max": 13.4056167603,
        "mean": 0.95726776123,
        "median": 0.601778268814,
        "min": 0.0821692571044,
        "var": 1.91332137585
    },
    "zerocrossingrate": {
        "dmean": 0.0153464684263,
        "dmean2": 0.017090221867,
        "dvar": 0.000534595048521,
        "dvar2": 0.000641169201117,
        "max": 0.28125,
        "mean": 0.0620457045734,
        "median": 0.04345703125,
        "min": 0.001953125,
        "var": 0.00311883888207
    },
    "barkbands": {
        "dmean": [0.000419145799242, 0.013235536404, 0.00414111372083, 0.00173932907637, 0.00197170511819, 0.00131159194279, 0.000475965236546, 0.000349207984982, 0.000679572694935, 0.000763047195505, 0.000894354772754, 0.000437608628999, 0.00030925415922, 0.000471894716611, 0.000298813276459, 0.000357845099643, 0.000159090384841, 0.000131564011099, 0.00017350287817, 0.000154142762767, 0.000162908341736, 0.000199770802283, 0.000189444544958, 0.000301844440401, 0.000282247259747, 0.00016850825341, 6.26579534924e-08],
        "dmean2": [0.000504139985424, 0.0194371361285, 0.00738921575248, 0.00323071051389, 0.00364326499403, 0.00211907434277, 0.000770413433202, 0.000560012296773, 0.00100060063414, 0.0011639741715, 0.00130713533144, 0.000648434797768, 0.00046333039063, 0.000768620462622, 0.00049194827443, 0.000560787855648, 0.000257261446677, 0.000221271970076, 0.000277677871054, 0.00025394136901, 0.000252919562627, 0.000327293557348, 0.000293345307, 0.000474634842249, 0.000457490998087, 0.000266667455435, 1.07151862494e-07],
        "dvar": [4.60900196231e-07, 0.000611829571426, 0.000161427553394, 3.11635631078e-05, 3.64334555343e-05, 6.11320001553e-06, 1.78784671334e-06, 9.90489979813e-07, 2.36677510657e-06, 5.53504014533e-06, 5.18475599165e-06, 8.20731827389e-07, 5.75070771447e-07, 1.01866510249e-06, 4.3557747631e-07, 1.11501674382e-06, 1.41591627312e-07, 9.5426777591e-08, 2.32992263705e-07, 1.71301806517e-07, 9.62894475265e-08, 1.53585915541e-07, 1.68461099292e-07, 5.33912270839e-07, 5.52034975954e-07, 2.37557983951e-07, 5.79797847103e-14],
        "dvar2": [7.3849008686e-07, 0.00168279116042, 0.000469939230243, 8.97965292097e-05, 0.000104891478259, 1.56891564984e-05, 4.14951045968e-06, 2.02686283046e-06, 5.1330939641e-06, 1.24363668874e-05, 1.1012777577e-05, 1.59022101798e-06, 1.19125763831e-06, 2.48461014962e-06, 1.01815157905e-06, 2.3387078727e-06, 3.00495798911e-07, 2.59901497657e-07, 5.97993448537e-07, 4.07515358347e-07, 2.03653797826e-07, 3.68391226857e-07, 3.96138034375e-07, 1.24658333789e-06, 1.40326972087e-06, 5.78086201131e-07, 1.32457372436e-13],
        "max": [0.0063534816727, 0.160412281752, 0.0850403904915, 0.0398669950664, 0.0536000467837, 0.0335676930845, 0.0337123759091, 0.0219542346895, 0.0321726985276, 0.0489390380681, 0.0390658527613, 0.0153167294338, 0.024199673906, 0.014830368571, 0.0153277665377, 0.0248171109706, 0.00681372918189, 0.00489144539461, 0.0146329831332, 0.0112163061276, 0.00453752605245, 0.0049525317736, 0.00346592650749, 0.00812922883779, 0.00616925628856, 0.0038803210482, 4.20626520281e-06],
        "mean": [0.00101638911292, 0.0302969813347, 0.00530890934169, 0.00158658949658, 0.00210655364208, 0.00219277408905, 0.000741107447539, 0.000616599514615, 0.00129828241188, 0.00136857491452, 0.00185531366151, 0.000895272823982, 0.000593351665884, 0.000791185419075, 0.000475174718304, 0.000647104869131, 0.000263720954536, 0.000195621192688, 0.00030366887222, 0.000260360073298, 0.000279423198663, 0.000294581899652, 0.000253720354522, 0.000392867455957, 0.000297905353364, 0.000162706521223, 5.28480050832e-08],
        "median": [0.000249096221523, 0.00997631344944, 0.00119586987421, 0.000324533320963, 0.000517090898938, 0.00117362558376, 0.000207703356864, 0.000196671520825, 0.000572600634769, 0.000233470302192, 0.000421069300501, 0.000261597888311, 0.000172183848917, 0.000244219845627, 0.000230114164879, 0.000158915659995, 0.000120810211229, 0.000113519643492, 0.000133839275804, 0.000104520338937, 0.000103477010271, 8.07663236628e-05, 4.8274272558e-05, 4.87179058837e-05, 3.07852533297e-05, 8.27210715215e-06, 1.57194646189e-09],
        "min": [9.10784003771e-10, 5.18002352123e-08, 8.65834977049e-08, 6.57149215044e-08, 3.98877637053e-06, 1.79597645911e-05, 3.69510007658e-06, 2.75332286037e-06, 1.44039549923e-05, 3.45686953551e-06, 1.76637950062e-05, 1.98188490685e-06, 1.08662106868e-06, 2.39561904891e-06, 1.79544827006e-06, 9.35321565976e-07, 6.03189675985e-07, 4.75641968478e-07, 2.23966807766e-07, 1.30307896029e-07, 8.14770757529e-08, 1.08325465931e-07, 6.97033497588e-09, 3.58670926293e-10, 6.89231961434e-12, 7.50407114919e-12, 8.91974254874e-12],
        "var": [2.04435878004e-06, 0.00146055861842, 0.000116012641229, 1.87944551726e-05, 2.59199368884e-05, 1.01557507151e-05, 2.91598144031e-06, 2.26139923143e-06, 5.5507093748e-06, 1.3028410649e-05, 1.91624167201e-05, 2.78805055132e-06, 2.82846258415e-06, 2.43914632847e-06, 7.22603658687e-07, 3.16021237268e-06, 3.26764023839e-07, 1.02677596203e-07, 4.37287098976e-07, 2.94899223263e-07, 2.38785730744e-07, 3.00157381616e-07, 2.46053701858e-07, 8.08632705684e-07, 5.29744511368e-07, 2.41083256469e-07, 6.52969499759e-14]
    },
    "erbbands": {
        "dmean": [0.443145990372, 2.81610298157, 4.95037841797, 5.62423801422, 5.34918212891, 7.18027257919, 9.53128433228, 10.4379634857, 6.05146121979, 8.62268161774, 8.2592792511, 11.1290245056, 21.7025604248, 33.5260772705, 22.98595047, 14.2040233612, 11.7378559113, 22.3610172272, 14.1990299225, 18.6708965302, 17.9802837372, 8.79849529266, 6.98212242126, 6.92041492462, 10.0307636261, 6.04021263123, 5.76631593704, 7.48375511169, 7.10337257385, 4.85078811646, 5.59511375427, 6.12767601013, 5.51169729233, 3.37591862679, 1.94277966022, 0.87485486269, 0.292359769344, 0.0242999456823, 0.000454033171991, 4.10323009419e-05],
        "dmean2": [0.493791908026, 4.50739908218, 8.68643569946, 10.2925539017, 9.90012168884, 12.9071092606, 16.4892349243, 16.6725883484, 9.7945766449, 13.4255123138, 12.6093597412, 16.4694709778, 32.1791801453, 49.538105011, 34.5053710938, 20.9490146637, 18.0740661621, 35.6455039978, 23.5055465698, 29.581571579, 27.2539215088, 13.7331314087, 11.7233343124, 11.4468212128, 15.8309421539, 9.96433830261, 9.0779914856, 11.5408535004, 11.4766521454, 7.58974409103, 8.696185112, 9.90525913239, 8.69766998291, 5.49199962616, 3.19803643227, 1.38476979733, 0.460060685873, 0.0407746620476, 0.000740476185456, 6.19481288595e-05],
        "dvar": [0.428279876709, 39.5003166199, 210.211090088, 307.521972656, 300.598693848, 472.834411621, 460.28338623, 430.615478516, 314.080108643, 481.428100586, 363.160400391, 612.845031738, 3124.984375, 6939.99462891, 2981.02514648, 962.436218262, 702.230773926, 2614.70849609, 959.911560059, 2555.83813477, 3040.36083984, 303.471405029, 307.698059082, 148.006484985, 1085.25891113, 149.037002563, 103.673324585, 225.639541626, 197.919281006, 91.4798278809, 144.988021851, 205.546661377, 201.808166504, 75.7941970825, 29.236995697, 5.89285516739, 0.775794744492, 0.0064280689694, 2.03255899578e-06, 5.91903637215e-09],
        "dvar2": [0.737143874168, 110.199951172, 602.268676758, 885.277099609, 868.398132324, 1353.72094727, 1216.80383301, 998.279418945, 797.438415527, 995.440063477, 758.347167969, 1385.24694824, 6998.90380859, 16000.6816406, 6081.38330078, 1976.73852539, 1449.42211914, 6037.29492188, 2564.13427734, 5880.30078125, 5473.27001953, 625.08203125, 836.971923828, 360.608856201, 2774.59130859, 357.513092041, 220.345397949, 522.598083496, 454.671966553, 209.142211914, 344.053649902, 515.361755371, 469.04196167, 189.050720215, 77.6282424927, 14.6150569916, 1.8891518116, 0.0160846784711, 5.01679096487e-06, 1.4709413243e-08],
        "max": [5.98885345459, 41.6337738037, 97.0486831665, 117.128456116, 121.465606689, 246.09185791, 390.709472656, 351.075378418, 347.307067871, 499.583465576, 334.826324463, 498.225585938, 1171.01477051, 1567.12121582, 1021.72473145, 635.464416504, 911.731872559, 1506.48266602, 517.727905273, 1270.10314941, 1670.76550293, 392.900268555, 290.583007812, 131.901123047, 967.392944336, 247.546066284, 168.800567627, 242.946853638, 226.98777771, 105.431419373, 106.802207947, 180.093215942, 143.818878174, 71.2901153564, 45.1407432556, 21.4540519714, 7.20402812958, 0.775423824787, 0.0124543802813, 0.000590892101172],
        "mean": [1.1612046957, 5.59833526611, 6.58511209488, 6.36091184616, 4.79045581818, 8.0278339386, 14.7919626236, 16.8854141235, 8.50946617126, 15.8619327545, 17.443605423, 21.5593967438, 39.1106910706, 73.7656707764, 49.4806747437, 30.1854877472, 26.4357147217, 42.2784690857, 23.9965991974, 33.7076721191, 33.2181053162, 15.7222480774, 11.2631072998, 12.3112316132, 17.9203186035, 10.9583702087, 10.0696744919, 11.7575416565, 10.9061059952, 7.10125112534, 7.39148616791, 7.96523571014, 6.69962453842, 3.7012360096, 1.91023349762, 0.85396271944, 0.280855238438, 0.0212984997779, 0.000449485902209, 8.82348322193e-05],
        "median": [0.200751572847, 2.27954554558, 2.70353746414, 1.48081600666, 0.965546011925, 1.93121826649, 7.69965267181, 5.97734308243, 2.81073856354, 4.94878196716, 6.71470975876, 9.60543823242, 12.767159462, 16.1468658447, 16.3200035095, 9.98294448853, 9.33460426331, 11.5126152039, 12.0830020905, 14.5743083954, 9.35261631012, 7.60878419876, 6.41121673584, 6.61932229996, 6.14903068542, 4.82219409943, 4.24963378906, 3.64788198471, 3.2838973999, 1.6049053669, 1.43733739853, 1.21848940849, 0.622865259647, 0.365008473396, 0.181016907096, 0.0682367905974, 0.0117246741429, 0.000483231240651, 5.58425781492e-05, 6.29531277809e-05],
        "min": [1.60295121532e-06, 1.9117962438e-05, 0.000158569164341, 0.0002534329833, 0.002061980078, 0.0119479959831, 0.0425388850272, 0.152931883931, 0.0755729079247, 0.080334417522, 0.118548288941, 0.220710083842, 0.299302756786, 0.475807458162, 0.327588230371, 0.121389552951, 0.090282432735, 0.11285046488, 0.105189047754, 0.071114435792, 0.0651335343719, 0.0408012680709, 0.0346331372857, 0.0187325421721, 0.00959716085345, 0.00630692206323, 0.00588790234178, 0.003796515055, 0.00348517927341, 0.00170784536749, 0.000720067473594, 0.000201187460334, 3.97176117986e-05, 6.45418986096e-05, 2.33175651374e-05, 1.38540190164e-05, 6.33482341073e-06, 1.12245277251e-06, 3.93740856452e-06, 5.53951122129e-06],
        "var": [2.49953174591, 56.0027618408, 151.644989014, 206.161514282, 179.387695312, 399.05065918, 638.244628906, 917.949707031, 367.585906982, 1151.6796875, 1134.52807617, 1327.50878906, 6808.65527344, 29732.1914062, 8405.68554688, 3019.91333008, 3781.734375, 10780.9775391, 1393.91699219, 4638.15869141, 9619.93847656, 868.439086914, 353.802215576, 293.054992676, 1890.91552734, 318.418945312, 258.823669434, 507.559997559, 439.627471924, 174.537155151, 206.493713379, 305.380065918, 268.610961914, 79.0142440796, 25.5897884369, 6.20843887329, 0.775120079517, 0.00563470367342, 1.87224679848e-06, 7.48643902426e-09]
    },
    "gfcc": {
        "mean": [5.79926347733, 89.9129562378, -115.206993103, 35.5931434631, -56.1560668945, 30.6850566864, -27.1431484222, 14.6352462769, -17.6821746826, 5.93510246277, -9.46911048889, 3.50077557564, 2.45651364326],
        "cov": [[3983.98803711, -1696.3190918, 524.006408691, 125.916542053, -350.194763184, 521.359069824, -339.546112061, 419.76083374, -403.10925293, 367.669586182, -267.61505127, 131.095153809, -302.604980469], [-1696.3190918, 3117.9465332, 514.479858398, -12.5950517654, 875.356628418, -228.015670776, 646.547424316, -200.246536255, 424.901123047, -189.343093872, 267.721374512, -167.551437378, 232.392868042], [524.006408691, 514.479858398, 2447.72680664, 164.949447632, 446.929626465, 344.572814941, 144.234542847, 187.774230957, -188.211380005, 68.2725372314, -215.591064453, 118.379112244, -139.665863037], [125.916542053, -12.5950517654, 164.949447632, 477.430389404, 151.669342041, -38.8414993286, 3.21413898468, 40.205871582, 96.5619277954, -44.7359962463, 27.8291988373, -7.02467393875, 27.7843132019], [-350.194763184, 875.356628418, 446.929626465, 151.669342041, 564.441955566, 50.9205703735, 290.47454834, 24.010723114, 167.303131104, 6.31392288208, 88.7117462158, 29.9439792633, 59.2851867676], [521.359069824, -228.015670776, 344.572814941, -38.8414993286, 50.9205703735, 357.210144043, 61.6623649597, 95.3324356079, -55.2907752991, 72.3801498413, -3.41180109978, 41.6815605164, -16.3542919159], [-339.546112061, 646.547424316, 144.234542847, 3.21413898468, 290.47454834, 61.6623649597, 367.125976562, 20.2645816803, 152.021636963, -1.57172894478, 134.271209717, 16.4929924011, 92.0838470459], [419.76083374, -200.246536255, 187.774230957, 40.205871582, 24.010723114, 95.3324356079, 20.2645816803, 197.824127197, 9.8301410675, 80.8638458252, 10.1575136185, 57.1917686462, 7.78213453293], [-403.10925293, 424.901123047, -188.211380005, 96.5619277954, 167.303131104, -55.2907752991, 152.021636963, 9.8301410675, 307.618713379, -7.5404753685, 159.373336792, 2.35293674469, 114.713562012], [367.669586182, -189.343093872, 68.2725372314, -44.7359962463, 6.31392288208, 72.3801498413, -1.57172894478, 80.8638458252, -7.5404753685, 156.461868286, 13.3504495621, 47.7208404541, -11.2857198715], [-267.61505127, 267.721374512, -215.591064453, 27.8291988373, 88.7117462158, -3.41180109978, 134.271209717, 10.1575136185, 159.373336792, 13.3504495621, 227.849029541, 5.39132022858, 104.9790802], [131.095153809, -167.551437378, 118.379112244, -7.02467393875, 29.9439792633, 41.6815605164, 16.4929924011, 57.1917686462, 2.35293674469, 47.7208404541, 5.39132022858, 113.684463501, -0.667928397655], [-302.604980469, 232.392868042, -139.665863037, 27.7843132019, 59.2851867676, -16.3542919159, 92.0838470459, 7.78213453293, 114.713562012, -11.2857198715, 104.9790802, -0.667928397655, 143.297821045]],
        "icov": [[0.000715299684089, -0.000295675214147, 0.000230094534345, -0.000811075267848, 0.000705972604919, -0.000978655531071, 0.000138379240525, -0.000958090298809, 0.000482953211758, -0.0012504538754, 0.000386347848689, -0.000412153312936, 0.00116083316971], [-0.000295675214147, 0.00194018753245, -0.000745377736166, 0.00174670200795, -0.00241711107083, 0.00190597458277, -0.000905777502339, 0.00107087660581, -0.000959044322371, 0.00150983850472, -0.000858260667883, 0.00303264963441, -0.00156506034546], [0.000230094534345, -0.000745377736166, 0.00107647420373, -0.000960336648859, 0.0003153658472, -0.00127424125094, 0.000177355119376, -0.000963103899267, 0.000899738108274, -0.000620963575784, 0.00103279249743, -0.00150196731556, 0.00105974974576], [-0.000811075267848, 0.00174670200795, -0.000960336648859, 0.00493599846959, -0.00349336350337, 0.00255435076542, 0.000554226629902, 0.000463701697299, -0.00194309139624, 0.00348476693034, -0.00134648720268, 0.00311259925365, -0.00225217430852], [0.000705972604919, -0.00241711107083, 0.0003153658472, -0.00349336350337, 0.00752375461161, -0.00256605190225, -0.00174429093022, -0.000759231043048, 5.14161110914e-05, -0.00314457132481, 0.00145140790846, -0.00406021345407, 0.00278096878901], [-0.000978655531071, 0.00190597458277, -0.00127424125094, 0.00255435076542, -0.00256605190225, 0.00656518014148, -0.00166217808146, 0.000683532038238, -0.000333271251293, 0.00163554295432, -0.00168250629213, 0.00297438027337, -0.00241090892814], [0.000138379240525, -0.000905777502339, 0.000177355119376, 0.000554226629902, -0.00174429093022, -0.00166217808146, 0.00702212657779, -0.000912818941288, -0.00034636593773, 0.00050019309856, -0.00158035138156, -0.00126721977722, -0.000635853444692], [-0.000958090298809, 0.00107087660581, -0.000963103899267, 0.000463701697299, -0.000759231043048, 0.000683532038238, -0.000912818941288, 0.00974908471107, -0.00149712548591, -0.00131649326067, -0.00046760746045, -0.000519366760273, -0.0029043094255], [0.000482953211758, -0.000959044322371, 0.000899738108274, -0.00194309139624, 5.14161110914e-05, -0.000333271251293, -0.00034636593773, -0.00149712548591, 0.00779275316745, -0.00135315372609, -0.00189358764328, -0.00162399711553, -0.000891759991646], [-0.0012504538754, 0.00150983850472, -0.000620963575784, 0.00348476693034, -0.00314457132481, 0.00163554295432, 0.00050019309856, -0.00131649326067, -0.00135315372609, 0.0124529805034, -0.00244429265149, 0.000256560539128, -0.00127651321236], [0.000386347848689, -0.000858260667883, 0.00103279249743, -0.00134648720268, 0.00145140790846, -0.00168250629213, -0.00158035138156, -0.00046760746045, -0.00189358764328, -0.00244429265149, 0.0098689487204, -0.00158565677702, -0.00219009257853], [-0.000412153312936, 0.00303264963441, -0.00150196731556, 0.00311259925365, -0.00406021345407, 0.00297438027337, -0.00126721977722, -0.000519366760273, -0.00162399711553, 0.000256560539128, -0.00158565677702, 0.0159083008766, -0.00243812357076], [0.00116083316971, -0.00156506034546, 0.00105974974576, -0.00225217430852, 0.00278096878901, -0.00241090892814, -0.000635853444692, -0.0029043094255, -0.000891759991646, -0.00127651321236, -0.00219009257853, -0.00243812357076, 0.0147845884785]]
    },
    "melbands": {
        "dmean": [0.00371443293989, 0.00286465045065, 0.000955273979343, 0.000437983835582, 0.000327220215695, 0.000231466518017, 9.58267628448e-05, 9.03695836314e-05, 7.22188779037e-05, 8.2591563114e-05, 0.000115443275718, 0.000138057614095, 9.9911732832e-05, 4.79849950352e-05, 3.2196760003e-05, 3.53751674993e-05, 4.36508526036e-05, 2.67488812824e-05, 2.57811516349e-05, 2.71610279015e-05, 2.03530617e-05, 1.0126572306e-05, 7.5244324762e-06, 6.21086974206e-06, 5.88545390201e-06, 8.07350170362e-06, 7.93902199803e-06, 3.40568385582e-06, 3.57279304808e-06, 4.41593647338e-06, 4.78429001305e-06, 4.74748821944e-06, 3.19414766636e-06, 2.67661357611e-06, 3.24435654875e-06, 3.70847669728e-06, 3.91622279494e-06, 4.16515922552e-06, 3.23575341099e-06, 2.90917091661e-06],
        "dmean2": [0.00492358580232, 0.00486044120044, 0.00173687201459, 0.000807979435194, 0.000571999698877, 0.000371499278117, 0.000155935020302, 0.000138847433846, 0.0001092218954, 0.000122775833006, 0.000171832012711, 0.000205847522011, 0.000148447914398, 7.2019698564e-05, 5.04159906995e-05, 5.44905415154e-05, 6.99477823218e-05, 4.44831530331e-05, 4.18915515183e-05, 4.16521215811e-05, 3.0911371141e-05, 1.59634200827e-05, 1.2752812836e-05, 1.05279477793e-05, 9.64341415965e-06, 1.28040392156e-05, 1.28494639284e-05, 5.74875230086e-06, 5.72485259909e-06, 6.99341899235e-06, 7.5404832387e-06, 7.79904803494e-06, 5.17091848451e-06, 4.22513539888e-06, 5.06332071382e-06, 6.06428920946e-06, 6.41301585347e-06, 6.55842495689e-06, 5.0610319704e-06, 4.90999127578e-06],
        "dvar": [3.75186245947e-05, 5.4602525779e-05, 8.87190981302e-06, 1.91166896002e-06, 5.84923384395e-07, 2.02345120215e-07, 7.90718530652e-08, 5.49159437924e-08, 2.68616755505e-08, 3.84733844783e-08, 9.388890021e-08, 1.1733199301e-07, 6.11366246517e-08, 1.0119859617e-08, 7.07505920516e-09, 8.48832115707e-09, 9.64279500693e-09, 4.32054880761e-09, 2.60926102946e-09, 6.52265574885e-09, 3.85455489749e-09, 5.85612891513e-10, 3.27496585406e-10, 1.94196145276e-10, 1.06093994701e-10, 7.22194748448e-10, 6.57296050921e-10, 4.16700424166e-11, 3.94732753428e-11, 9.93271992433e-11, 9.61420734691e-11, 9.76375438833e-11, 4.31119757949e-11, 3.0401715867e-11, 5.08596706417e-11, 6.95914437188e-11, 9.02256949709e-11, 1.11506359701e-10, 6.8975603007e-11, 5.92939031208e-11],
        "dvar2": [9.07340145204e-05, 0.000154453155119, 2.55045470112e-05, 5.52749361304e-06, 1.58877242029e-06, 4.84747033624e-07, 2.01708388659e-07, 1.11073191533e-07, 5.45154179576e-08, 8.76585346532e-08, 2.09733883594e-07, 2.72686577318e-07, 1.32321432034e-07, 1.81492119111e-08, 1.54927324303e-08, 1.81662134224e-08, 2.22824922957e-08, 1.14162910236e-08, 5.76069059122e-09, 1.54534838259e-08, 7.09361502871e-09, 1.15393972155e-09, 8.93923490786e-10, 5.32918931206e-10, 2.564317092e-10, 1.78506753823e-09, 1.5617505067e-09, 1.06904693431e-10, 9.11154832139e-11, 2.09715800281e-10, 2.26046792395e-10, 2.33566915808e-10, 1.01409540487e-10, 6.81266432156e-11, 1.20560755823e-10, 1.70965408497e-10, 2.30708563365e-10, 2.6292101829e-10, 1.56347823577e-10, 1.55253351841e-10],
        "max": [0.0430950038135, 0.0470233298838, 0.0203111693263, 0.0126977413893, 0.0108357686549, 0.00696716690436, 0.00623419275507, 0.00474492739886, 0.00288164615631, 0.00427399156615, 0.00653016101569, 0.00578709458932, 0.00431818561628, 0.00175843026955, 0.00181212602183, 0.00293819792569, 0.00248859426938, 0.00109366560355, 0.001056684996, 0.00142237474211, 0.00187768146861, 0.000567137612961, 0.000333614996634, 0.000228657925618, 0.000105882245407, 0.000885147426743, 0.000726423808374, 0.000101926554635, 8.30974167911e-05, 0.000162733282195, 0.000157468166435, 0.000169286082382, 0.000110427470645, 6.84558253852e-05, 6.3937928644e-05, 0.000103175792901, 0.000112929745228, 0.000126485276269, 8.00019333838e-05, 6.42155864625e-05],
        "mean": [0.00923190265894, 0.00483201956376, 0.00107228464913, 0.000425194564741, 0.000492671271786, 0.000382542522857, 0.000139446885441, 0.000165401928825, 0.000153500208398, 0.000150146966917, 0.000200473543373, 0.000296661863104, 0.000211308404687, 9.46848304011e-05, 6.21056606178e-05, 7.19602176105e-05, 7.84416115494e-05, 3.95798087993e-05, 4.07395455113e-05, 4.81459210278e-05, 3.42141283909e-05, 1.62340329553e-05, 1.13698333735e-05, 9.16126282391e-06, 9.55909217737e-06, 1.32679915623e-05, 1.27816556414e-05, 5.69316580368e-06, 5.73802799408e-06, 7.07826393409e-06, 6.84724045641e-06, 6.76061881677e-06, 4.64650520371e-06, 3.6523417748e-06, 4.00732278649e-06, 4.83119356431e-06, 4.83320400235e-06, 4.93358675158e-06, 3.79074322154e-06, 2.91191554425e-06],
        "median": [0.0024401107803, 0.00302092637867, 0.000249728007475, 9.58343589446e-05, 0.000242449779762, 0.000159944233019, 4.42626842414e-05, 5.03315095557e-05, 4.98454719491e-05, 6.37456832919e-05, 6.13752927165e-05, 5.98222359258e-05, 6.02539039392e-05, 2.90407751891e-05, 1.69144677784e-05, 1.89718721231e-05, 1.99152837013e-05, 1.54757326527e-05, 1.8684015231e-05, 1.29639611259e-05, 9.3813505373e-06, 7.1949739322e-06, 5.71778900849e-06, 5.36829384146e-06, 5.07802315042e-06, 5.08428684043e-06, 4.03706462748e-06, 2.54518681686e-06, 2.57500460066e-06, 2.25446729019e-06, 1.929052587e-06, 1.9190099465e-06, 1.09550478555e-06, 7.371453421e-07, 7.55302778543e-07, 7.96802623881e-07, 7.05381751231e-07, 4.45612243993e-07, 3.31167939294e-07, 2.68173380391e-07],
        "min": [1.68068989836e-08, 6.88428372086e-08, 4.66802703158e-08, 4.47682566573e-07, 1.39896235396e-06, 3.33741945724e-06, 7.57520012939e-07, 7.30533258775e-07, 1.05300262021e-06, 1.49888012402e-06, 1.34007314045e-06, 1.44162686411e-06, 1.7426427803e-06, 2.16436646383e-07, 1.46802776158e-07, 1.28742499328e-07, 1.86589758755e-07, 1.1634654129e-07, 1.15861446659e-07, 5.99955711778e-08, 7.00198228287e-08, 4.39126566221e-08, 2.64839048469e-08, 2.02695868978e-08, 1.2897012347e-08, 6.79219303024e-09, 4.48903270112e-09, 3.12958015058e-09, 2.68773869827e-09, 8.98117080705e-10, 1.18775644875e-09, 1.28459298754e-09, 4.74352002122e-10, 7.13043790679e-11, 3.77274184116e-11, 4.00483422466e-12, 8.27668879613e-13, 4.27540077994e-12, 3.32062329023e-12, 5.41786870901e-14],
