{
"highlevel": {
    "danceability": {
        "all": {
            "danceable": 2.39301380134e-06,
            "not_danceable": 0.999997615814
        },
        "probability": 0.999997615814,
        "value": "not_danceable"
    },
    "gender": {
        "all": {
            "female": 0.117612607777,
            "male": 0.882387399673
        },
        "probability": 0.882387399673,
        "value": "male"
    },
    "genre_dortmund": {
        "all": {
            "alternative": 0.122278079391,
            "blues": 0.0425305180252,
            "electronic": 0.0357625894248,
            "folkcountry": 0.138308942318,
            "funksoulrnb": 0.00886463560164,
            "jazz": 0.0794632062316,
            "pop": 0.0628344416618,
            "raphiphop": 0.0013402684126,
            "rock": 0.508617341518
        },
        "probability": 0.508617341518,
        "value": "rock"
    },
    "genre_electronic": {
        "all": {
            "ambient": 0.227727487683,
            "dnb": 0.24279281497,
            "house": 0.179516002536,
            "techno": 0.0388332307339,
            "trance": 0.311130464077
        },
        "probability": 0.311130464077,
        "value": "trance"
    },
    "genre_rosamerica": {
        "all": {
            "cla": 0.00480548013002,
            "dan": 0.00309574045241,
            "hip": 0.00296905543655,
            "jaz": 0.00116904790048,
            "pop": 0.0311180539429,
            "rhy": 0.00121546990704,
            "roc": 0.954739451408,
            "spe": 0.000887729227543
        },
        "probability": 0.954739451408,
        "value": "roc"
    },
    "genre_tzanetakis": {
        "all": {
            "blu": 0.0626613423228,
            "cla": 0.0348169617355,
            "cou": 0.104475811124,
            "dis": 0.0784321576357,
            "hip": 0.15692435205,
            "jaz": 0.313974827528,
            "met": 0.0448166541755,
            "pop": 0.0627359300852,
            "reg": 0.0627360641956,
            "roc": 0.0784258767962
        },
        "probability": 0.313974827528,
        "value": "jaz"
    },
    "ismir04_rhythm": {
        "all": {
            "ChaChaCha": 0.270667105913,
            "Jive": 0.491885304451,
            "Quickstep": 0.0435846671462,
            "Rumba-American": 0.00818107184023,
            "Rumba-International": 0.00914415251464,
            "Rumba-Misc": 0.00424122391269,
            "Samba": 0.0912357270718,
            "Tango": 0.015786845237,
            "VienneseWaltz": 0.0597006343305,
            "Waltz": 0.00557326059788
        },
        "probability": 0.491885304451,
        "value": "Jive"
    },
    "mood_acoustic": {
        "all": {
            "acoustic": 0.0158868748695,
            "not_acoustic": 0.984113097191
        },
        "probability": 0.984113097191,
        "value": "not_acoustic"
    },
    "mood_aggressive": {
        "all": {
            "aggressive": 0.793548107147,
            "not_aggressive": 0.206451877952
        },
        "probability": 0.793548107147,
        "value": "aggressive"
    },
    "mood_electronic": {
        "all": {
            "electronic": 0.0742938518524,
            "not_electronic": 0.925706148148
        },
        "probability": 0.925706148148,
        "value": "not_electronic"
    },
    "mood_happy": {
        "all": {
            "happy": 0.806118249893,
            "not_happy": 0.193881765008
        },
        "probability": 0.806118249893,
        "value": "happy"
    },
    "mood_party": {
        "all": {
            "not_party": 0.387693822384,
            "party": 0.612306177616
        },
        "probability": 0.612306177616,
        "value": "party"
    },
    "mood_relaxed": {
        "all": {
            "not_relaxed": 0.947432994843,
            "relaxed": 0.0525670200586
        },
        "probability": 0.947432994843,
        "value": "not_relaxed"
    },
    "mood_sad": {
        "all": {
            "not_sad": 0.907957315445,
            "sad": 0.0920427069068
        },
        "probability": 0.907957315445,
        "value": "not_sad"
    },
    "moods_mirex": {
        "all": {
            "Cluster1": 0.663663744926,
            "Cluster2": 0.112636461854,
            "Cluster3": 0.037222713232,
            "Cluster4": 0.0533230677247,
            "Cluster5": 0.133153989911
        },
        "probability": 0.663663744926,
        "value": "Cluster1"
    },
    "timbre": {
        "all": {
            "bright": 0.999999284744,
            "dark": 7.18739840977e-07
        },
        "probability": 0.999999284744,
        "value": "bright"
    },
    "tonal_atonal": {
        "all": {
            "atonal": 0.0167452450842,
            "tonal": 0.983254730701
        },
        "probability": 0.983254730701,
        "value": "tonal"
    },
    "voice_instrumental": {
        "all": {
            "instrumental": 0.145215287805,
            "voice": 0.854784727097
        },
        "probability": 0.854784727097,
        "value": "voice"
    }
},
"lowlevel": {
    "average_loudness": 0.98136049509,
    "barkbands_crest": {
        "dmean": 2.572524786,
        "dmean2": 4.1432094574,
        "dvar": 7.54772901535,
        "dvar2": 16.67811203,
        "max": 23.8044891357,
        "mean": 7.7034573555,
        "median": 6.71506214142,
        "min": 2.47753167152,
        "var": 13.6865320206
    },
    "barkbands_flatness_db": {
        "dmean": 0.0174693241715,
        "dmean2": 0.0280216373503,
        "dvar": 0.000284312613076,
        "dvar2": 0.00065353960963,
        "max": 0.226832851768,
        "mean": 0.117285341024,
        "median": 0.113539241254,
        "min": 0.0530738122761,
        "var": 0.000656355172396
    },
    "barkbands_kurtosis": {
        "dmean": 1.19563925266,
        "dmean2": 1.91130399704,
        "dvar": 3.77140045166,
        "dvar2": 9.04394435883,
        "max": 21.5260047913,
        "mean": 0.310163319111,
        "median": -0.438657045364,
        "min": -1.77743470669,
        "var": 4.84885311127
    },
    "barkbands_skewness": {
        "dmean": 0.449340730906,
        "dmean2": 0.697890341282,
        "dvar": 0.215679347515,
        "dvar2": 0.469152987003,
        "max": 4.59821081161,
        "mean": 0.984296262264,
        "median": 0.861859381199,
        "min": -1.10098469257,
        "var": 0.491666823626
    },
    "barkbands_spread": {
        "dmean": 5.74205875397,
        "dmean2": 9.04294681549,
        "dvar": 30.3585853577,
        "dvar2": 69.3882293701,
        "max": 76.4483413696,
        "mean": 32.4016609192,
        "median": 31.7216854095,
        "min": 8.1869134903,
        "var": 73.3165130615
    },
    "dissonance": {
        "dmean": 0.00975815393031,
        "dmean2": 0.0164696536958,
        "dvar": 7.97431202955e-05,
        "dvar2": 0.000217617649469,
        "max": 0.499782621861,
        "mean": 0.479782015085,
        "median": 0.481925219297,
        "min": 0.420165777206,
        "var": 0.000141037686262
    },
    "dynamic_complexity": 1.29000079632,
    "erbbands_crest": {
        "dmean": 1.72555398941,
        "dmean2": 2.91023635864,
        "dvar": 2.75838851929,
        "dvar2": 7.13781309128,
        "max": 16.6731872559,
        "mean": 6.01867103577,
        "median": 5.52309417725,
        "min": 2.59868454933,
        "var": 4.89061021805
    },
    "erbbands_flatness_db": {
        "dmean": 0.0131142251194,
        "dmean2": 0.0194910317659,
        "dvar": 0.0001508652349,
        "dvar2": 0.000290400086669,
        "max": 0.230972215533,
        "mean": 0.15112824738,
        "median": 0.148795887828,
        "min": 0.0739332959056,
        "var": 0.000667837914079
    },
    "erbbands_kurtosis": {
        "dmean": 0.423230350018,
        "dmean2": 0.677597045898,
        "dvar": 0.221150591969,
        "dvar2": 0.54204428196,
        "max": 4.27977991104,
        "mean": -0.463871717453,
        "median": -0.613606929779,
        "min": -1.72954499722,
        "var": 0.54800593853
    },
    "erbbands_skewness": {
        "dmean": 0.237069502473,
        "dmean2": 0.357535779476,
        "dvar": 0.0370397605002,
        "dvar2": 0.083661057055,
        "max": 0.813522815704,
        "mean": -0.287776857615,
        "median": -0.275302320719,
        "min": -1.90195894241,
        "var": 0.146001383662
    },
    "erbbands_spread": {
        "dmean": 7.53248500824,
        "dmean2": 11.7750597,
        "dvar": 47.7840576172,
        "dvar2": 119.096488953,
        "max": 97.3659362793,
        "mean": 45.287979126,
        "median": 43.0215301514,
        "min": 16.2124557495,
        "var": 197.556259155
    },
    "hfc": {
        "dmean": 8.0101518631,
        "dmean2": 11.1401958466,
        "dvar": 105.639823914,
        "dvar2": 198.979904175,
        "max": 126.60017395,
        "mean": 30.0162754059,
        "median": 26.7342529297,
        "min": 4.88829231262,
        "var": 261.173736572
    },
    "melbands_crest": {
        "dmean": 3.30395698547,
        "dmean2": 5.35273790359,
        "dvar": 9.45702552795,
        "dvar2": 21.669506073,
        "max": 29.5649433136,
        "mean": 11.8948707581,
        "median": 10.8998823166,
        "min": 4.52381038666,
        "var": 19.643661499
    },
    "melbands_flatness_db": {
        "dmean": 0.0243670586497,
        "dmean2": 0.0373315364122,
        "dvar": 0.000644887099043,
        "dvar2": 0.00134088727646,
        "max": 0.303648382425,
        "mean": 0.13717725873,
        "median": 0.131945163012,
        "min": 0.0527104958892,
        "var": 0.00146112870425
    },
    "melbands_kurtosis": {
        "dmean": 4.64690685272,
        "dmean2": 7.31370639801,
        "dvar": 51.9988822937,
        "dvar2": 123.342658997,
        "max": 85.5988082886,
        "mean": 7.19525671005,
        "median": 4.25681638718,
        "min": -1.33433556557,
        "var": 73.4607162476
    },
    "melbands_skewness": {
        "dmean": 0.67949193716,
        "dmean2": 1.05504727364,
        "dvar": 0.583359539509,
        "dvar2": 1.26800966263,
        "max": 8.39196777344,
        "mean": 2.33311581612,
        "median": 2.05247187614,
        "min": -0.136447891593,
        "var": 1.25668144226
    },
    "melbands_spread": {
        "dmean": 9.50594425201,
        "dmean2": 14.9038991928,
        "dvar": 84.9697341919,
        "dvar2": 187.461196899,
        "max": 98.8153381348,
        "mean": 35.3755722046,
        "median": 35.0075683594,
        "min": 4.56055164337,
        "var": 203.742599487
    },
    "pitch_salience": {
        "dmean": 0.065728828311,
        "dmean2": 0.107475489378,
        "dvar": 0.00423494633287,
        "dvar2": 0.0100113749504,
        "max": 0.774989664555,
        "mean": 0.603608846664,
        "median": 0.615914881229,
        "min": 0.187827676535,
        "var": 0.00725858984515
    },
    "silence_rate_20dB": {
        "dmean": 0,
        "dmean2": 0,
        "dvar": 0,
        "dvar2": 0,
        "max": 1,
        "mean": 1,
        "median": 1,
        "min": 1,
        "var": 0
    },
    "silence_rate_30dB": {
        "dmean": 0,
        "dmean2": 0,
        "dvar": 0,
        "dvar2": 0,
        "max": 1,
        "mean": 1,
        "median": 1,
        "min": 1,
        "var": 0
    },
    "silence_rate_60dB": {
        "dmean": 0,
        "dmean2": 0,
        "dvar": 0,
        "dvar2": 0,
        "max": 0,
        "mean": 0,
        "median": 0,
        "min": 0,
        "var": 0
    },
    "spectral_centroid": {
        "dmean": 276.071868896,
        "dmean2": 438.461914062,
        "dvar": 57745.796875,
        "dvar2": 129507.726562,
        "max": 3338.52124023,
        "mean": 1914.51416016,
        "median": 1903.19128418,
        "min": 771.409301758,
        "var": 175941.1875
    },
    "spectral_complexity": {
        "dmean": 5.07662534714,
        "dmean2": 7.63051891327,
        "dvar": 20.51811409,
        "dvar2": 41.8410797119,
        "max": 56,
        "mean": 31.9211139679,
        "median": 32,
        "min": 9,
        "var": 66.3124465942
    },
    "spectral_decrease": {
        "dmean": 2.73687406072e-09,
        "dmean2": 4.16146361815e-09,
        "dvar": 1.58205802951e-17,
        "dvar2": 3.20043789058e-17,
        "max": -8.63714377797e-10,
        "mean": -7.2981074517e-09,
        "median": -5.82754910994e-09,
        "min": -3.19860582465e-08,
        "var": 2.29091558395e-17
    },
    "spectral_energy": {
        "dmean": 0.0108119146898,
        "dmean2": 0.0162575189024,
        "dvar": 0.000236222273088,
        "dvar2": 0.000477084453451,
        "max": 0.131509676576,
        "mean": 0.0302673000842,
        "median": 0.0245450809598,
        "min": 0.00378781743348,
        "var": 0.000354605901521
    },
    "spectral_energyband_high": {
        "dmean": 0.000765725213569,
        "dmean2": 0.00111663585994,
        "dvar": 1.42682324622e-06,
        "dvar2": 2.75504771707e-06,
        "max": 0.0141436858103,
        "mean": 0.00179191364441,
        "median": 0.00132216583006,
        "min": 0.000169755134266,
        "var": 2.73051477961e-06
    },
    "spectral_energyband_low": {
        "dmean": 0.00744427833706,
        "dmean2": 0.0117266988382,
        "dvar": 0.000197025685338,
        "dvar2": 0.000394110713387,
        "max": 0.0933690816164,
        "mean": 0.00960138253868,
        "median": 0.00433443207294,
        "min": 4.15619688283e-05,
        "var": 0.000236781983403
    },
    "spectral_energyband_middle_high": {
        "dmean": 0.0019297352992,
        "dmean2": 0.00275917211547,
        "dvar": 4.7801436267e-06,
        "dvar2": 9.45469855651e-06,
        "max": 0.0323728919029,
        "mean": 0.00741381477565,
        "median": 0.00704635772854,
        "min": 0.000583159446251,
        "var": 1.69093109434e-05
    },
    "spectral_energyband_middle_low": {
        "dmean": 0.00455693248659,
        "dmean2": 0.00746175600216,
        "dvar": 3.53943796654e-05,
        "dvar2": 9.36760843615e-05,
        "max": 0.0842037349939,
        "mean": 0.0127741303295,
        "median": 0.0113372169435,
        "min": 0.00142451026477,
        "var": 5.16762593179e-05
    },
    "spectral_entropy": {
        "dmean": 0.0944117233157,
        "dmean2": 0.139118388295,
        "dvar": 0.00717468746006,
        "dvar2": 0.0165169909596,
        "max": 8.43491840363,
        "mean": 7.84548425674,
        "median": 7.85495424271,
        "min": 7.23619031906,
        "var": 0.0304028838873
    },
    "spectral_flux": {
        "dmean": 0.0302753541619,
        "dmean2": 0.0476310364902,
        "dvar": 0.0013102350058,
        "dvar2": 0.00322084105574,
        "max": 0.278350561857,
        "mean": 0.0981038734317,
        "median": 0.0850914642215,
        "min": 0.0267792437226,
        "var": 0.00214490341023
    },
    "spectral_kurtosis": {
        "dmean": 1.01259756088,
        "dmean2": 1.76017773151,
        "dvar": 0.935568392277,
        "dvar2": 2.84368896484,
        "max": 10.1395673752,
        "mean": 2.26579332352,
        "median": 2.09761190414,
        "min": -0.0602631568909,
        "var": 1.49791550636
    },
    "spectral_rms": {
        "dmean": 0.000880413106643,
        "dmean2": 0.0013021605555,
        "dvar": 1.16054241062e-06,
        "dvar2": 2.22716062126e-06,
        "max": 0.0113270524889,
        "mean": 0.00523150293157,
        "median": 0.00489350780845,
        "min": 0.00192235049326,
        "var": 2.16047442336e-06
    },
    "spectral_rolloff": {
        "dmean": 652.196960449,
        "dmean2": 1035.12890625,
        "dvar": 531100.4375,
        "dvar2": 1122063.125,
        "max": 8720.94726562,
        "mean": 2259.16967773,
        "median": 2239.453125,
        "min": 86.1328125,
        "var": 1146436.25
    },
    "spectral_skewness": {
        "dmean": 0.169256225228,
        "dmean2": 0.281226038933,
        "dvar": 0.0215085633099,
        "dvar2": 0.0532421059906,
        "max": 2.80081439018,
        "mean": 0.969309091568,
        "median": 0.974681913853,
        "min": 0.265388667583,
        "var": 0.0549207367003
    },
    "spectral_spread": {
        "dmean": 355240.375,
        "dmean2": 540468.625,
        "dvar": 161394343936,
        "dvar2": 313825755136,
        "max": 11149014,
        "mean": 4114755,
        "median": 4124039,
        "min": 2323107,
        "var": 572565749760
    },
    "spectral_strongpeak": {
        "dmean": 0.522641539574,
        "dmean2": 0.923744738102,
        "dvar": 0.955990552902,
        "dvar2": 2.47833347321,
        "max": 9.87358760834,
        "mean": 0.753079652786,
        "median": 0.515122413635,
        "min": 0.0587809234858,
        "var": 0.907480537891
    },
    "zerocrossingrate": {
        "dmean": 0.0105407526717,
        "dmean2": 0.0121763953939,
        "dvar": 8.00124471425e-05,
        "dvar2": 0.000115656854177,
        "max": 0.19287109375,
        "mean": 0.0776167064905,
        "median": 0.07666015625,
        "min": 0.021484375,
        "var": 0.000450028950581
    },
    "barkbands": {
        "dmean": [6.66660343995e-05, 0.00515406252816, 0.00260852347128, 0.00157230522018, 0.0028388206847, 0.000716345675755, 0.000734726025257, 0.000628337613307, 0.000675114337355, 0.000453436980024, 0.000152763343067, 0.000372404843802, 0.000309470720822, 0.000608036643825, 0.000505743024405, 0.000368608045392, 0.000391033216147, 0.00036698000622, 0.0003593142319, 0.000274703721516, 0.000294579658657, 0.000220132060349, 0.000136990041938, 7.8128912719e-05, 3.73511720682e-05, 9.15841155802e-06, 3.72535069459e-09],
        "dmean2": [9.918079013e-05, 0.0082746874541, 0.00453297933564, 0.00273811514489, 0.00464393571019, 0.00108925148379, 0.00119970203377, 0.00101867888588, 0.00105345074553, 0.000680978759192, 0.000235420986428, 0.000593958364334, 0.000491272308864, 0.000998896546662, 0.000819394539576, 0.000595704070292, 0.000630338210613, 0.0005841376842, 0.000533378391992, 0.000429954263382, 0.000454166147392, 0.000348056259099, 0.00020276469877, 0.000115753879072, 5.62717323191e-05, 1.52756711032e-05, 6.27783069973e-09],
        "dvar": [2.03520755804e-08, 0.000129609601572, 2.16950156755e-05, 7.45243096389e-06, 1.95617813006e-05, 6.77103571434e-07, 9.52270681864e-07, 9.53826770456e-07, 1.08836024992e-06, 3.3754128026e-07, 1.04263513379e-07, 2.5877844223e-07, 1.46534986811e-07, 6.93955541919e-07, 5.66190635709e-07, 2.14115772224e-07, 2.98255002917e-07, 2.76762960993e-07, 5.0909818583e-07, 1.34000046614e-07, 2.17189523255e-07, 1.17786854048e-07, 6.79443914464e-08, 2.28670149482e-08, 4.85107465309e-09, 1.06968545133e-09, 1.05134343512e-15],
        "dvar2": [4.13137648536e-08, 0.000257414387306, 5.86257519899e-05, 2.08120036405e-05, 5.06357573613e-05, 1.58067564371e-06, 2.43847898673e-06, 2.34805133914e-06, 2.40834401666e-06, 6.95250264471e-07, 1.96100458538e-07, 6.44798944904e-07, 3.63482598686e-07, 1.92463676285e-06, 1.42194778618e-06, 5.03573403421e-07, 7.51071524974e-07, 5.50907259367e-07, 9.75136799752e-07, 3.22262138752e-07, 4.69718457907e-07, 2.69369024863e-07, 1.39107129371e-07, 4.68968330836e-08, 1.05424486918e-08, 2.87621482187e-09, 1.6055627041e-15],
        "max": [0.00106349075213, 0.0789961144328, 0.0347392186522, 0.023078661412, 0.0767582654953, 0.0104033555835, 0.0159159898758, 0.0104550905526, 0.0129474177957, 0.0066847638227, 0.00935028120875, 0.00719223637134, 0.00384698319249, 0.00976202916354, 0.0091709876433, 0.00582106364891, 0.00645991973579, 0.0113388104364, 0.0174157880247, 0.00652967719361, 0.00473217759281, 0.00365747860633, 0.00348430126905, 0.00260618259199, 0.00118686293717, 0.00061034609098, 9.92963691715e-07],
        "mean": [7.06384671503e-05, 0.00553538883105, 0.00284209474921, 0.00198682304472, 0.00529888691381, 0.00163007690571, 0.00126529077534, 0.00105776183773, 0.00122842227574, 0.000871132244356, 0.000250961078564, 0.000714837864507, 0.000516915344633, 0.00106632732786, 0.000891532923561, 0.000713445770089, 0.000784555333667, 0.000751851010136, 0.000743875396438, 0.000619027472567, 0.000561332621146, 0.000418627838371, 0.000220482586883, 0.000153507862706, 6.39942736598e-05, 9.51807851379e-06, 2.7600850494e-09],
        "median": [7.54515440349e-06, 0.00126522837672, 0.00142595591024, 0.000964428996667, 0.00378747563809, 0.00124358641915, 0.000890398805495, 0.000454457389424, 0.00061648193514, 0.000560733256862, 0.000159409624757, 0.000473432941362, 0.000337344157742, 0.000678176933434, 0.000529853045009, 0.000518095854204, 0.000561953289434, 0.000546990137082, 0.000517168897204, 0.000465846416773, 0.000382768805139, 0.000306263624225, 0.000120911026897, 9.5187468105e-05, 3.1508221582e-05, 2.77476328847e-06, 4.53683035584e-10],
        "min": [1.99317273797e-08, 3.88952594221e-06, 3.10235145662e-06, 8.9439081421e-06, 7.72191633587e-05, 2.38266493398e-05, 2.69889860647e-05, 7.96066342446e-06, 1.46122602018e-05, 9.36299329624e-06, 2.21244818022e-06, 1.7670356101e-05, 7.12803921488e-06, 1.82160001714e-05, 1.37688302857e-05, 1.93164887605e-05, 1.8738426661e-05, 5.25995783391e-05, 6.17692348897e-05, 6.18823105469e-05, 2.20377660298e-05, 2.03112886084e-05, 9.01729617908e-06, 3.05085450236e-06, 5.87970916399e-08, 1.03049825617e-11, 9.31792056708e-12],
        "var": [2.66842565821e-08, 0.000144944744534, 1.76894027391e-05, 7.01623866917e-06, 2.8031083275e-05, 2.02232149604e-06, 1.53350492837e-06, 1.98666384676e-06, 2.65956919066e-06, 7.85455540608e-07, 1.6947110737e-07, 6.07340552961e-07, 2.7363947197e-07, 1.34420088216e-06, 1.05254400751e-06, 4.2665806177e-07, 5.87799888763e-07, 6.31907198567e-07, 1.00831380223e-06, 2.45781762942e-07, 3.56358583531e-07, 1.78572108211e-07, 1.03854247868e-07, 3.78957771829e-08, 8.18156298266e-09, 8.04186217618e-10, 9.19798371379e-16]
    },
    "erbbands": {
        "dmean": [0.13616488874, 1.26388168335, 3.04661917686, 4.23919296265, 7.40215015411, 10.8217325211, 9.00713253021, 4.11287164688, 9.50827026367, 10.0300102234, 14.8574266434, 15.4815483093, 14.3878974915, 12.2090444565, 6.64608430862, 15.3451013565, 14.5288629532, 30.391204834, 27.7438812256, 16.7721157074, 18.2332077026, 18.837064743, 17.9790058136, 16.761598587, 18.2629890442, 13.4481515884, 13.4641857147, 10.6142997742, 8.32309818268, 6.19154834747, 3.20502400398, 2.02465605736, 1.17038691044, 0.572575926781, 0.206829935312, 0.0646216124296, 0.0112427398562, 0.000667730346322, 1.98676370928e-05, 1.35013397085e-05],
        "dmean2": [0.209765940905, 2.03083610535, 5.22357988358, 7.38909101486, 12.3958644867, 17.9802112579, 13.9309511185, 6.49807262421, 15.5383996964, 16.3686847687, 23.7320137024, 23.8802165985, 21.9147853851, 18.5113067627, 10.1723804474, 24.5548706055, 22.6321353912, 49.4333381653, 44.6223449707, 26.7152919769, 29.448392868, 30.070482254, 28.465839386, 25.9195899963, 27.2649478912, 20.9914264679, 21.0241622925, 16.2090587616, 13.3265485764, 9.57129478455, 4.68527460098, 3.13891887665, 1.71630597115, 0.849958956242, 0.319790691137, 0.106226794422, 0.01861926727, 0.00114604458213, 3.04876921291e-05, 1.96100390895e-05],
        "dvar": [0.099764585495, 7.39842557907, 31.564371109, 54.2965888977, 112.264175415, 396.69140625, 135.09715271, 25.7863292694, 162.3775177, 241.326797485, 650.520446777, 736.764343262, 405.465881348, 274.557739258, 166.668746948, 535.234313965, 320.680755615, 1771.58666992, 1683.49645996, 495.730560303, 534.136352539, 660.262817383, 615.104614258, 813.33996582, 1140.91210938, 264.650817871, 443.468353271, 277.00390625, 149.195037842, 127.60181427, 36.8731842041, 15.5181207657, 5.70952749252, 1.06102597713, 0.233736723661, 0.0520317144692, 0.00125181977637, 5.45208013136e-06, 2.5432480566e-09, 3.32445571072e-10],
        "dvar2": [0.211099550128, 15.4051036835, 83.6355514526, 149.713516235, 294.900787354, 1039.93127441, 316.244262695, 64.0050430298, 400.52633667, 599.651123047, 1625.24926758, 1612.96911621, 914.252502441, 543.764160156, 308.495758057, 1394.30493164, 775.212402344, 4852.37939453, 4238.46533203, 1219.36352539, 1196.98803711, 1692.84606934, 1333.00268555, 1649.47961426, 2299.09033203, 604.161743164, 1004.4666748, 598.801818848, 349.029205322, 277.605987549, 72.7787475586, 32.4260177612, 12.6280183792, 2.34350991249, 0.546981155872, 0.13889183104, 0.00321211479604, 1.44284058479e-05, 6.4164646929e-09, 6.69052813151e-10],
        "max": [2.23808860779, 20.1213493347, 37.8809928894, 53.7008361816, 123.0366745, 396.20300293, 165.973510742, 81.3195037842, 184.470214844, 223.409591675, 345.015808105, 382.298980713, 259.777130127, 199.488082886, 394.087677002, 333.945892334, 194.004577637, 478.558929443, 491.960418701, 288.59286499, 395.069915771, 361.136016846, 370.441741943, 771.146972656, 550.370727539, 215.34576416, 222.554611206, 173.099975586, 116.17086792, 125.584701538, 73.0348434448, 64.5576858521, 48.3679962158, 15.13397789, 9.03304004669, 4.21047401428, 0.619830071926, 0.046448815614, 0.000912468356546, 0.00019766461628],
        "mean": [0.128411024809, 1.35476839542, 3.37565112114, 5.55365085602, 12.872961998, 17.3030529022, 18.9951705933, 9.058344841, 16.9281215668, 17.2026920319, 25.9723205566, 28.7042541504, 28.0314407349, 23.9060688019, 14.0807294846, 30.0398216248, 28.6418704987, 55.2773666382, 50.9279518127, 35.2109794617, 39.7873268127, 41.4980964661, 39.050201416, 37.493221283, 38.0006904602, 30.3279590607, 26.2736091614, 20.4262294769, 15.7310323715, 10.3107051849, 5.33871364594, 3.78026175499, 2.1396381855, 1.04000473022, 0.28425359726, 0.072686560452, 0.0116996075958, 0.000601180014201, 3.82530561183e-05, 4.02119585488e-05],
        "median": [0.0171735454351, 0.361143648624, 1.78581666946, 2.76437902451, 8.70790195465, 11.2522907257, 12.8119668961, 6.60653924942, 11.7181196213, 10.7894229889, 11.0268678665, 13.1131744385, 17.6524600983, 15.0686035156, 10.5316886902, 19.8716163635, 19.8714084625, 35.9065132141, 34.0327110291, 25.119846344, 30.2207069397, 31.3272399902, 28.8279514313, 27.4156360626, 26.4376335144, 23.2380542755, 18.3403129578, 13.6626300812, 11.4394025803, 6.49287366867, 2.9240834713, 2.41315293312, 1.08710730076, 0.502366125584, 0.139719948173, 0.0266450345516, 0.00305887102149, 0.000126142957015, 2.55547711276e-05, 3.26788031089e-05],
        "min": [0.000133114153869, 0.000919700192753, 0.0077148959972, 0.0468562953174, 0.239724546671, 0.370709776878, 0.625731170177, 0.611340403557, 0.590060651302, 0.834155082703, 0.375291734934, 0.284852385521, 0.653302133083, 0.529567420483, 0.634801566601, 0.888672471046, 0.391705453396, 0.85410630703, 0.811133086681, 0.712209939957, 1.20418691635, 0.922509491444, 2.43165397644, 4.14951896667, 3.69703197479, 2.85375547409, 1.75826060772, 0.657738685608, 0.659686744213, 0.623915374279, 0.193882197142, 0.10349240154, 0.0191232766956, 0.00698969233781, 0.000412324268837, 5.83069704589e-05, 1.43791839946e-05, 4.16764578404e-06, 3.713953447e-06, 5.60826811125e-06],
        "var": [0.106610022485, 7.90711927414, 25.9380130768, 49.919631958, 170.301391602, 455.084991455, 336.591552734, 73.7688064575, 282.523742676, 391.217285156, 1251.24816895, 1796.67114258, 873.659118652, 665.703430176, 281.90222168, 1098.42175293, 701.127990723, 3577.13525391, 3000.76953125, 1031.1282959, 1231.08154297, 1348.05334473, 1399.84875488, 1669.88977051, 2170.4284668, 534.841064453, 670.129211426, 479.921875, 239.635726929, 173.325256348, 60.1951370239, 22.6789512634, 9.62080001831, 2.13888311386, 0.262317150831, 0.0403076149523, 0.00106978742406, 4.12064491684e-06, 2.39045738759e-09, 5.46686640401e-10]
    },
    "gfcc": {
        "mean": [39.0424728394, 94.6647567749, -147.603790283, 60.842590332, -70.8736572266, 15.926574707, -42.6313400269, 0.7548584342, -23.3255844116, -5.53443288803, -12.8277702332, -11.6904239655, -4.90463829041],
        "cov": [[922.879821777, -372.410430908, 257.517242432, -52.6995506287, 21.8962726593, 123.637817383, 12.0868520737, 194.537063599, -79.8145065308, 171.482894897, -181.523284912, 71.0363388062, -113.084739685], [-372.410430908, 545.718078613, -191.76524353, 89.351348877, 146.95098877, -5.89147806168, 104.037239075, -103.314109802, 141.112182617, -144.311126709, 167.62840271, -89.0452728271, 101.792694092], [257.517242432, -191.76524353, 453.073394775, 82.2136917114, 5.12949371338, 97.0692214966, 10.3179273605, 122.16544342, -58.4169044495, 114.466552734, -94.1453094482, 87.0851974487, -56.6402511597], [-52.6995506287, 89.351348877, 82.2136917114, 190.428131104, 57.3219985962, 31.4807529449, 47.8781700134, -20.6245803833, 41.842124939, -39.2419548035, 56.5096206665, -3.41128444672, 34.2095680237], [21.8962726593, 146.95098877, 5.12949371338, 57.3219985962, 207.430145264, 61.192489624, 66.7371520996, 10.7038927078, 36.424987793, -0.015749707818, 28.9331531525, 5.04611253738, 10.2412471771], [123.637817383, -5.89147806168, 97.0692214966, 31.4807529449, 61.192489624, 134.846923828, 59.6028251648, 47.1588020325, -6.14839267731, 23.0990333557, -8.67904281616, 15.9323101044, 3.10591888428], [12.0868520737, 104.037239075, 10.3179273605, 47.8781700134, 66.7371520996, 59.6028251648, 131.339996338, 20.498664856, 29.3386306763, -17.1184444427, 16.1340694427, 5.86350440979, 2.59785056114], [194.537063599, -103.314109802, 122.16544342, -20.6245803833, 10.7038927078, 47.1588020325, 20.498664856, 148.814407349, 13.7329587936, 75.5924453735, -45.0542755127, 25.6370487213, -24.4056930542], [-79.8145065308, 141.112182617, -58.4169044495, 41.842124939, 36.424987793, -6.14839267731, 29.3386306763, 13.7329587936, 116.912910461, -10.2397003174, 53.5045776367, -36.9026298523, 26.5577659607], [171.482894897, -144.311126709, 114.466552734, -39.2419548035, -0.015749707818, 23.0990333557, -17.1184444427, 75.5924453735, -10.2397003174, 128.632202148, -52.9136810303, 39.1248893738, -44.8882064819], [-181.523284912, 167.62840271, -94.1453094482, 56.5096206665, 28.9331531525, -8.67904281616, 16.1340694427, -45.0542755127, 53.5045776367, -52.9136810303, 124.793502808, -17.4841861725, 57.2951087952], [71.0363388062, -89.0452728271, 87.0851974487, -3.41128444672, 5.04611253738, 15.9323101044, 5.86350440979, 25.6370487213, -36.9026298523, 39.1248893738, -17.4841861725, 81.4817352295, -11.55007267], [-113.084739685, 101.792694092, -56.6402511597, 34.2095680237, 10.2412471771, 3.10591888428, 2.59785056114, -24.4056930542, 26.5577659607, -44.8882064819, 57.2951087952, -11.55007267, 75.3448410034]],
        "icov": [[0.00233253906481, 0.000483596726554, 0.000641910824925, -0.00080504239304, -0.000355764786946, -0.0014655260602, 0.00030969249201, -0.00181594362948, 0.000609710114077, -0.000791556260083, 0.00170730438549, -0.000175342836883, 0.00119381770492], [0.000483596726554, 0.0127215348184, -0.00547954579815, 0.00772704742849, -0.00719749834388, 0.00402140710503, -0.00831180345267, 0.00683091441169, -0.00840592291206, 0.00614769710228, -0.00805074162781, 0.00832527317107, -0.00675320625305], [0.000641910824925, -0.00547954579815, 0.00979618821293, -0.00970951747149, 0.0041864477098, -0.00520799681544, 0.00569741660729, -0.00698658218607, 0.00594620639458, -0.00532993907109, 0.00712250638753, -0.00731430249289, 0.00551647413522], [-0.00080504239304, 0.00772704742849, -0.00970951747149, 0.0174353718758, -0.00599943194538, 0.00411030743271, -0.00777166197076, 0.00877303723246, -0.00917336717248, 0.00758566474542, -0.0096034547314, 0.0067681982182, -0.00701426621526], [-0.000355764786946, -0.00719749834388, 0.0041864477098, -0.00599943194538, 0.010849988088, -0.00494290189818, 0.00318630994298, -0.00349564384669, 0.00342611642554, -0.00437142653391, 0.00422087404877, -0.00590439885855, 0.0046211136505], [-0.0014655260602, 0.00402140710503, -0.00520799681544, 0.00411030743271, -0.00494290189818, 0.0162973534316, -0.00888318102807, 0.00179207348265, 0.000496453372762, 0.000628380686976, -0.00474456790835, 0.00641378900036, -0.00773660000414], [0.00030969249201, -0.00831180345267, 0.00569741660729, -0.00777166197076, 0.00318630994298, -0.00888318102807, 0.0190291050822, -0.00711917504668, 0.00235345959663, 0.000186274497537, 0.00646312953904, -0.00966744776815, 0.009361484088], [-0.00181594362948, 0.00683091441169, -0.00698658218607, 0.00877303723246, -0.00349564384669, 0.00179207348265, -0.00711917504668, 0.0192859657109, -0.0106915021315, 0.00022138938948, -0.00381115707569, 0.00446078367531, -0.00681343860924], [0.000609710114077, -0.00840592291206, 0.00594620639458, -0.00917336717248, 0.00342611642554, 0.000496453372762, 0.00235345959663, -0.0106915021315, 0.0239651501179, -0.00940476451069, 0.00076245656237, 0.00233058538288, 0.00260342191905], [-0.000791556260083, 0.00614769710228, -0.00532993907109, 0.00758566474542, -0.00437142653391, 0.000628380686976, 0.000186274497537, 0.00022138938948, -0.00940476451069, 0.0215888656676, -0.00402159476653, -0.00162205798551, 0.00267542246729], [0.00170730438549, -0.00805074162781, 0.00712250638753, -0.0096034547314, 0.00422087404877, -0.00474456790835, 0.00646312953904, -0.00381115707569, 0.00076245656237, -0.00402159476653, 0.0249704606831, -0.00952037982643, -0.00179422064684], [-0.000175342836883, 0.00832527317107, -0.00731430249289, 0.0067681982182, -0.00590439885855, 0.00641378900036, -0.00966744776815, 0.00446078367531, 0.00233058538288, -0.00162205798551, -0.00952037982643, 0.0266531277448, -0.00822830665857], [0.00119381770492, -0.00675320625305, 0.00551647413522, -0.00701426621526, 0.0046211136505, -0.00773660000414, 0.009361484088, -0.00681343860924, 0.00260342191905, 0.00267542246729, -0.00179422064684, -0.00822830665857, 0.0294599123299]]
    },
    "melbands": {
        "dmean": [0.00134543038439, 0.00159039313439, 0.000750865321606, 0.000727375678252, 0.000302895175992, 9.8868025816e-05, 0.000148961320519, 0.000105794264528, 0.000124180674902, 9.78743555606e-05, 7.21631440683e-05, 5.22238515259e-05, 1.99820406124e-05, 3.99114396714e-05, 3.89510969399e-05, 3.40376100212e-05, 6.27734043519e-05, 4.34710927948e-05, 3.27312918671e-05, 2.42017922574e-05, 2.38882530539e-05, 2.12722316064e-05, 2.30411733355e-05, 1.87525129149e-05, 1.40441379699e-05, 1.6401789253e-05, 1.02736121335e-05, 9.80383902061e-06, 9.15611872188e-06, 7.29762950868e-06, 6.41690530756e-06, 5.52056280867e-06, 3.53242080564e-06, 3.65044388673e-06, 2.03293257073e-06, 1.41629209338e-06, 1.2303096355e-06, 9.29040425035e-07, 6.62557681608e-07, 4.72590130585e-07],
        "dmean2": [0.00211765500717, 0.00258314586245, 0.00129984226078, 0.00119254365563, 0.000484706601128, 0.000154143592226, 0.000243243557634, 0.000173027816345, 0.000198089663172, 0.000149685205542, 0.000109850312583, 7.90097110439e-05, 3.06311740133e-05, 6.43488237984e-05, 6.00111488893e-05, 5.38734384463e-05, 0.000102095211332, 7.04521735315e-05, 5.26184412593e-05, 3.94105045416e-05, 3.89333799831e-05, 3.49068250216e-05, 3.74026203644e-05, 3.00679348584e-05, 2.1997228032e-05, 2.4518227292e-05, 1.61149109772e-05, 1.53764231072e-05, 1.44547711898e-05, 1.15349275802e-05, 1.01059204098e-05, 8.99123006093e-06, 5.62666309634e-06, 5.70130987398e-06, 3.03181536765e-06, 2.18313311962e-06, 1.94678091248e-06, 1.40060251397e-06, 9.97460119834e-07, 7.18668843547e-07],
        "dvar": [9.22558956518e-06, 9.01432485989e-06, 1.51074743826e-06, 1.48248125242e-06, 1.61645161256e-07, 1.35253319655e-08, 4.01199180544e-08, 2.71198139501e-08, 4.81406985386e-08, 2.7241526368e-08, 1.0413513607e-08, 4.97505325825e-09, 2.29865415591e-09, 2.62340127399e-09, 3.35316752142e-09, 1.94976967904e-09, 7.50170059405e-09, 3.69578145865e-09, 2.06042627404e-09, 1.19132437248e-09, 9.87407933195e-10, 8.76683448059e-10, 1.66258273815e-09, 1.00403063641e-09, 6.3291022423e-10, 1.23262744456e-09, 3.6650807389e-10, 1.34902714e-10, 1.89083873559e-10, 1.50225873408e-10, 1.06655788368e-10, 6.42807682083e-11, 3.44784339967e-11, 5.06855044047e-11, 1.46712589993e-11, 8.28063832781e-12, 5.25079155503e-12, 4.22579809686e-12, 1.51501792882e-12, 6.63188362733e-13],
        "dvar2": [1.85400476767e-05, 2.18035347643e-05, 4.17142382503e-06, 3.87578165828e-06, 3.88429413078e-07, 3.31714957724e-08, 1.01245305473e-07, 6.71779716299e-08, 1.21443321177e-07, 5.9473396874e-08, 2.31298447062e-08, 9.84818004923e-09, 4.15483025762e-09, 6.77309985875e-09, 8.2578086591e-09, 4.65900118485e-09, 2.07696597698e-08, 9.41002564758e-09, 5.01400831965e-09, 2.94362179076e-09, 2.29365459958e-09, 2.28934560198e-09, 3.74511621715e-09, 1.93337323928e-09, 1.3362527751e-09, 2.38340658321e-09, 9.28165821978e-10, 3.11436432199e-10, 4.3475884004e-10, 3.32783550716e-10, 2.39200798058e-10, 1.54463344892e-10, 8.20911394417e-11, 1.12929249285e-10, 2.90611180953e-11, 1.86106373368e-11, 1.07789124848e-11, 9.61911019587e-12, 3.34380006323e-12, 1.46956329484e-12],
        "max": [0.0204307194799, 0.0202577859163, 0.00967464782298, 0.0210196208209, 0.00575634185225, 0.00186273781583, 0.00313192070462, 0.00260439701378, 0.00318338070065, 0.00232748920098, 0.00129986798856, 0.000851210032124, 0.00153315649368, 0.000602726417128, 0.0012624807423, 0.000518887478393, 0.00096809893148, 0.000669806147926, 0.000508994387928, 0.000437339011114, 0.00055369338952, 0.000423401332228, 0.000697874056641, 0.000751258339733, 0.000723967736121, 0.000809322053101, 0.000427895633038, 0.000159271687153, 0.000144482502947, 0.000139560215757, 0.000107300118543, 7.85903102951e-05, 6.08009686403e-05, 8.36338513182e-05, 4.44673241873e-05, 4.71958628623e-05, 3.19222635881e-05, 4.42202945123e-05, 2.07017747016e-05, 9.96875223791e-06],
        "mean": [0.00137719640043, 0.00181963585783, 0.00109184603207, 0.00123075232841, 0.000634813855868, 0.000221173366299, 0.000262993824435, 0.000185813958524, 0.000214943196625, 0.000179667433258, 0.000135587702971, 9.82670389931e-05, 3.81914614991e-05, 7.59101603762e-05, 7.23965567886e-05, 6.04906308581e-05, 0.000108032967546, 7.42631891626e-05, 6.21726867394e-05, 4.36285954493e-05, 4.79668160551e-05, 4.20199430664e-05, 4.1719085857e-05, 3.61543461622e-05, 2.90749176202e-05, 3.04636196233e-05, 2.11525857594e-05, 2.03112231247e-05, 1.72073687281e-05, 1.30267017084e-05, 1.16227383842e-05, 9.97917231871e-06, 6.01032752456e-06, 5.61470778848e-06, 3.24290522258e-06, 2.2978265406e-06, 2.24873133448e-06, 1.51885058131e-06, 1.16887849799e-06, 7.91932734501e-07],
        "median": [0.00027158940793, 0.000865938083734, 0.0007172904443, 0.000838615174871, 0.000454438413726, 0.000170329454704, 0.000186191566172, 0.000111568420834, 8.5134015535e-05, 8.37783663883e-05, 8.3903549239e-05, 5.98986152909e-05, 2.78216957668e-05, 5.04250238009e-05, 4.30122236139e-05, 3.94752642023e-05, 6.87455394655e-05, 4.75467641081e-05, 3.84092963941e-05, 3.09874667437e-05, 3.37643868988e-05, 3.05319044855e-05, 2.77694598481e-05, 2.36694759224e-05, 2.11365022551e-05, 1.90680275409e-05, 1.52161092046e-05, 1.54389854288e-05, 1.20082613648e-05, 8.58234943735e-06, 7.62562194723e-06, 7.22574623069e-06, 4.08203504776e-06, 3.2857867609e-06, 1.73321939201e-06, 1.24205848806e-06, 1.45374315252e-06, 6.56843951674e-07, 6.04548745287e-07, 3.55540521468e-07],
        "min": [1.14339775337e-06, 1.67247480931e-06, 1.42624603541e-05, 1.64656084962e-05, 2.44217044383e-05, 9.75785496848e-06, 1.05393710328e-05, 6.28104498901e-06, 1.5808467424e-06, 1.80452332188e-06, 1.89689831132e-06, 1.87073624147e-06, 9.38220694024e-07, 2.25625535677e-06, 7.90789840721e-07, 1.04891080355e-06, 1.46751312968e-06, 7.4207423495e-07, 9.82933784144e-07, 1.03935940388e-06, 1.45679712205e-06, 8.22963727387e-07, 7.54551081172e-07, 2.30811906476e-06, 3.22002642861e-06, 2.56620273831e-06, 1.76603816726e-06, 1.99212308871e-06, 1.31165279527e-06, 2.7966521543e-07, 4.2548109036e-07, 4.53022948932e-07, 2.09145866847e-07, 3.26371463188e-07, 6.00027121322e-08, 6.70811601822e-08, 4.20901642428e-08, 5.66054314532e-09, 1.30051418523e-08, 1.0131279149e-09],
