{
"highlevel": {
    "danceability": {
        "all": {
            "danceable": 0.636795759201,
            "not_danceable": 0.363204240799
        },
        "probability": 0.636795759201,
        "value": "danceable"
    },
    "gender": {
        "all": {
            "female": 0.277357459068,
            "male": 0.722642540932
        },
        "probability": 0.722642540932,
        "value": "male"
    },
    "genre_dortmund": {
        "all": {
            "alternative": 0.00831552781165,
            "blues": 0.308369606733,
            "electronic": 0.00942460540682,
            "folkcountry": 0.0178939178586,
            "funksoulrnb": 0.0199938379228,
            "jazz": 0.357398182154,
            "pop": 0.0167237073183,
            "raphiphop": 0.242196619511,
            "rock": 0.0196839924902
        },
        "probability": 0.357398182154,
        "value": "jazz"
    },
    "genre_electronic": {
        "all": {
            "ambient": 0.366009175777,
            "dnb": 0.0505021698773,
            "house": 0.544659614563,
            "techno": 0.0259776338935,
            "trance": 0.0128513965756
        },
        "probability": 0.544659614563,
        "value": "house"
    },
    "genre_rosamerica": {
        "all": {
            "cla": 0.0263235531747,
            "dan": 0.0159575715661,
            "hip": 0.204716414213,
            "jaz": 0.125329166651,
            "pop": 0.0740973129869,
            "rhy": 0.396619588137,
            "roc": 0.0110249184072,
            "spe": 0.145931452513
        },
        "probability": 0.396619588137,
        "value": "rhy"
    },
    "genre_tzanetakis": {
        "all": {
            "blu": 0.0416510254145,
            "cla": 0.0832949876785,
            "cou": 0.0666297599673,
            "dis": 0.0666302591562,
            "hip": 0.0475953817368,
            "jaz": 0.111060999334,
            "met": 0.0833038389683,
            "pop": 0.333223879337,
            "reg": 0.0833074226975,
            "roc": 0.0833024531603
        },
        "probability": 0.333223879337,
        "value": "pop"
    },
    "ismir04_rhythm": {
        "all": {
            "ChaChaCha": 0.0554958805442,
            "Jive": 0.0117475884035,
            "Quickstep": 0.376867622137,
            "Rumba-American": 0.0382809452713,
            "Rumba-International": 0.247397735715,
            "Rumba-Misc": 0.0869154334068,
            "Samba": 0.108550831676,
            "Tango": 0.020811483264,
            "VienneseWaltz": 0.030341502279,
            "Waltz": 0.0235909968615
        },
        "probability": 0.376867622137,
        "value": "Quickstep"
    },
    "mood_acoustic": {
        "all": {
            "acoustic": 0.66972130537,
            "not_acoustic": 0.330278664827
        },
        "probability": 0.66972130537,
        "value": "acoustic"
    },
    "mood_aggressive": {
        "all": {
            "aggressive": 0.206906676292,
            "not_aggressive": 0.793093323708
        },
        "probability": 0.793093323708,
        "value": "not_aggressive"
    },
    "mood_electronic": {
        "all": {
            "electronic": 0.348450601101,
            "not_electronic": 0.651549398899
        },
        "probability": 0.651549398899,
        "value": "not_electronic"
    },
    "mood_happy": {
        "all": {
            "happy": 0.127870723605,
            "not_happy": 0.872129261494
        },
        "probability": 0.872129261494,
        "value": "not_happy"
    },
    "mood_party": {
        "all": {
            "not_party": 0.692180514336,
            "party": 0.307819485664
        },
        "probability": 0.692180514336,
        "value": "not_party"
    },
    "mood_relaxed": {
        "all": {
            "not_relaxed": 0.248580992222,
            "relaxed": 0.751419007778
        },
        "probability": 0.751419007778,
        "value": "relaxed"
    },
    "mood_sad": {
        "all": {
            "not_sad": 0.206712841988,
            "sad": 0.793287158012
        },
        "probability": 0.793287158012,
        "value": "sad"
    },
    "moods_mirex": {
        "all": {
            "Cluster1": 0.150676906109,
            "Cluster2": 0.258619725704,
            "Cluster3": 0.305479675531,
            "Cluster4": 0.257843911648,
            "Cluster5": 0.0273797679693
        },
        "probability": 0.305479675531,
        "value": "Cluster3"
    },
    "timbre": {
        "all": {
            "bright": 0.988178551197,
            "dark": 0.0118214478716
        },
        "probability": 0.988178551197,
        "value": "bright"
    },
    "tonal_atonal": {
        "all": {
            "atonal": 0.860817849636,
            "tonal": 0.139182150364
        },
        "probability": 0.860817849636,
        "value": "atonal"
    },
    "voice_instrumental": {
        "all": {
            "instrumental": 0.142864093184,
            "voice": 0.857135891914
        },
        "probability": 0.857135891914,
        "value": "voice"
    }
},
"lowlevel": {
    "average_loudness": 0.974773406982,
    "barkbands_crest": {
        "dmean": 2.51541829109,
        "dmean2": 3.94879245758,
        "dvar": 7.21771907806,
        "dvar2": 15.6301031113,
        "max": 25.4898109436,
        "mean": 11.7184581757,
        "median": 10.86054039,
        "min": 2.5289440155,
        "var": 24.4610385895
    },
    "barkbands_flatness_db": {
        "dmean": 0.0385270379484,
        "dmean2": 0.0537967830896,
        "dvar": 0.00170725875068,
        "dvar2": 0.00289832195267,
        "max": 0.496988356113,
        "mean": 0.23607930541,
        "median": 0.231498107314,
        "min": 0.0481493584812,
        "var": 0.00823965016752
    },
    "barkbands_kurtosis": {
        "dmean": 12.5539569855,
        "dmean2": 19.2925624847,
        "dvar": 822.003356934,
        "dvar2": 1795.49536133,
        "max": 564.460510254,
        "mean": 19.3953990936,
        "median": 4.4265961647,
        "min": -1.87673032284,
        "var": 1502.19372559
    },
    "barkbands_skewness": {
        "dmean": 1.03636670113,
        "dmean2": 1.52026891708,
        "dvar": 1.50442874432,
        "dvar2": 3.03052711487,
        "max": 16.247882843,
        "mean": 2.25769948959,
        "median": 1.82251012325,
        "min": -2.50328230858,
        "var": 5.68239116669
    },
    "barkbands_spread": {
        "dmean": 8.07452201843,
        "dmean2": 12.3915586472,
        "dvar": 171.916641235,
        "dvar2": 354.663726807,
        "max": 96.9471206665,
        "mean": 17.3414974213,
        "median": 10.3616161346,
        "min": 0.265904039145,
        "var": 388.420898438
    },
    "dissonance": {
        "dmean": 0.0328638926148,
        "dmean2": 0.0538766086102,
        "dvar": 0.00104432622902,
        "dvar2": 0.0027711126022,
        "max": 0.500000059605,
        "mean": 0.42601954937,
        "median": 0.433401882648,
        "min": 0.193916529417,
        "var": 0.00262395688333
    },
    "dynamic_complexity": 4.36592578888,
    "erbbands_crest": {
        "dmean": 2.72865271568,
        "dmean2": 4.27923536301,
        "dvar": 8.81864643097,
        "dvar2": 20.3603153229,
        "max": 30.5466461182,
        "mean": 11.2952747345,
        "median": 10.848323822,
        "min": 2.87018227577,
        "var": 24.7703475952
    },
    "erbbands_flatness_db": {
        "dmean": 0.0289993323386,
        "dmean2": 0.0412215255201,
        "dvar": 0.00093680631835,
        "dvar2": 0.00166496774182,
        "max": 0.384455054998,
        "mean": 0.205468833447,
        "median": 0.208866104484,
        "min": 0.0802657604218,
        "var": 0.00422937143594
    },
    "erbbands_kurtosis": {
        "dmean": 3.4519340992,
        "dmean2": 5.25313806534,
        "dvar": 42.1592597961,
        "dvar2": 95.8103408813,
        "max": 71.9712142944,
        "mean": 4.25137138367,
        "median": 1.24530363083,
        "min": -1.85820400715,
        "var": 78.6072769165
    },
    "erbbands_skewness": {
        "dmean": 0.699448645115,
        "dmean2": 1.00658321381,
        "dvar": 0.621011197567,
        "dvar2": 1.23580110073,
        "max": 7.3419547081,
        "mean": 0.898443043232,
        "median": 0.661961257458,
        "min": -2.26990461349,
        "var": 2.68605041504
    },
    "erbbands_spread": {
        "dmean": 12.8556184769,
        "dmean2": 19.9370384216,
        "dvar": 298.835510254,
        "dvar2": 628.905212402,
        "max": 153.013809204,
        "mean": 33.1838035583,
        "median": 25.7803649902,
        "min": 2.15074753761,
        "var": 648.766357422
    },
    "hfc": {
        "dmean": 11.073718071,
        "dmean2": 16.9643421173,
        "dvar": 448.047302246,
        "dvar2": 907.183410645,
        "max": 175.668212891,
        "mean": 17.0786933899,
        "median": 7.09422540665,
        "min": 0.0210234951228,
        "var": 672.502441406
    },
    "melbands_crest": {
        "dmean": 3.38797426224,
        "dmean2": 5.23776245117,
        "dvar": 10.7364816666,
        "dvar2": 24.6742362976,
        "max": 32.3552513123,
        "mean": 16.5745697021,
        "median": 16.2034835815,
        "min": 2.55895733833,
        "var": 32.5006561279
    },
    "melbands_flatness_db": {
        "dmean": 0.0489701703191,
        "dmean2": 0.0639625638723,
        "dvar": 0.00276695308276,
        "dvar2": 0.00413159374148,
        "max": 0.638088107109,
        "mean": 0.284239292145,
        "median": 0.270208716393,
        "min": 0.0189863126725,
        "var": 0.0164573285729
    },
    "melbands_kurtosis": {
        "dmean": 17.5444717407,
        "dmean2": 26.584318161,
        "dvar": 954.160705566,
        "dvar2": 1988.71960449,
        "max": 366.6121521,
        "mean": 31.2967815399,
        "median": 10.9844789505,
        "min": -1.70077824593,
        "var": 2326.84277344
    },
    "melbands_skewness": {
        "dmean": 1.1236307621,
        "dmean2": 1.68289041519,
        "dvar": 1.73912250996,
        "dvar2": 3.66423726082,
        "max": 12.5426216125,
        "mean": 3.04319167137,
        "median": 2.48956894875,
        "min": -1.70204865932,
        "var": 5.80100870132
    },
    "melbands_spread": {
        "dmean": 12.5111875534,
        "dmean2": 18.7203121185,
        "dvar": 646.648742676,
        "dvar2": 1240.90429688,
        "max": 200.135025024,
        "mean": 22.7715301514,
        "median": 11.4548692703,
        "min": 0.278715014458,
        "var": 1101.05981445
    },
    "pitch_salience": {
        "dmean": 0.0815310776234,
        "dmean2": 0.128605440259,
        "dvar": 0.00868315156549,
        "dvar2": 0.0207170452923,
        "max": 0.85101211071,
        "mean": 0.529456555843,
        "median": 0.525711536407,
        "min": 0.0833417028189,
        "var": 0.0225040186197
    },
    "silence_rate_20dB": {
        "dmean": 0,
        "dmean2": 0,
        "dvar": 0,
        "dvar2": 0,
        "max": 1,
        "mean": 1,
        "median": 1,
        "min": 1,
        "var": 0
    },
    "silence_rate_30dB": {
        "dmean": 0.0433436520398,
        "dmean2": 0.0867544561625,
        "dvar": 0.0414642617106,
        "dvar2": 0.110209874809,
        "max": 1,
        "mean": 0.972157776356,
        "median": 1,
        "min": 0,
        "var": 0.0270666852593
    },
    "silence_rate_60dB": {
        "dmean": 0.0681114569306,
        "dmean2": 0.135553836823,
        "dvar": 0.0634719803929,
        "dvar2": 0.134218558669,
        "max": 1,
        "mean": 0.203402936459,
        "median": 0,
        "min": 0,
        "var": 0.162029758096
    },
    "spectral_centroid": {
        "dmean": 348.313049316,
        "dmean2": 498.007659912,
        "dvar": 308053.5,
        "dvar2": 503498.375,
        "max": 4409.68310547,
        "mean": 1103.95446777,
        "median": 754.874511719,
        "min": 115.564544678,
        "var": 957387.5625
    },
    "spectral_complexity": {
        "dmean": 3.1385447979,
        "dmean2": 4.6243224144,
        "dvar": 38.1520309448,
        "dvar2": 58.2188606262,
        "max": 59,
        "mean": 8.94663619995,
        "median": 7,
        "min": 0,
        "var": 79.1949234009
    },
    "spectral_decrease": {
        "dmean": 3.3390805676e-09,
        "dmean2": 5.52553069966e-09,
        "dvar": 5.00392025867e-17,
        "dvar2": 1.19237542669e-16,
        "max": -2.34027489228e-12,
        "mean": -6.34635544117e-09,
        "median": -4.24085877526e-09,
        "min": -5.55831789484e-08,
        "var": 6.99041468292e-17
    },
    "spectral_energy": {
        "dmean": 0.0133864283562,
        "dmean2": 0.0220108311623,
        "dvar": 0.000733841850888,
        "dvar2": 0.00174883089494,
        "max": 0.213357627392,
        "mean": 0.0255016759038,
        "median": 0.017772950232,
        "min": 1.07396372186e-05,
        "var": 0.00102842587512
    },
    "spectral_energyband_high": {
        "dmean": 0.00093369174283,
        "dmean2": 0.0014445426641,
        "dvar": 5.46539695279e-06,
        "dvar2": 1.09503034764e-05,
        "max": 0.0173900704831,
        "mean": 0.00087551708566,
        "median": 3.16098958137e-05,
        "min": 1.15190994165e-06,
        "var": 6.57638702251e-06
    },
    "spectral_energyband_low": {
        "dmean": 0.00831487122923,
        "dmean2": 0.0129058258608,
        "dvar": 0.000449782732176,
        "dvar2": 0.00100704596844,
        "max": 0.174971207976,
        "mean": 0.0116236498579,
        "median": 0.00126500031911,
        "min": 3.04864755662e-07,
        "var": 0.000634473573882
    },
    "spectral_energyband_middle_high": {
        "dmean": 0.00131302513182,
        "dmean2": 0.00184927030932,
        "dvar": 8.54573045217e-06,
        "dvar2": 1.64043303812e-05,
        "max": 0.0402825698256,
        "mean": 0.00348367425613,
        "median": 0.000594045210164,
        "min": 1.17413026146e-06,
        "var": 3.73936854885e-05
    },
    "spectral_energyband_middle_low": {
        "dmean": 0.00839726068079,
        "dmean2": 0.0145164467394,
        "dvar": 0.000468982296297,
        "dvar2": 0.00127941393293,
        "max": 0.160710290074,
        "mean": 0.0116861388087,
        "median": 0.00555405719206,
        "min": 3.82382404496e-06,
        "var": 0.000364340172382
    },
    "spectral_entropy": {
        "dmean": 0.395169556141,
        "dmean2": 0.540811121464,
        "dvar": 0.183398008347,
        "dvar2": 0.291953116655,
        "max": 8.65382575989,
        "mean": 6.74955749512,
        "median": 6.57727766037,
        "min": 4.61208248138,
        "var": 0.842812597752
    },
    "spectral_flux": {
        "dmean": 0.0358272828162,
        "dmean2": 0.0532518103719,
        "dvar": 0.00263393064961,
        "dvar2": 0.00551972258836,
        "max": 0.434830754995,
        "mean": 0.076403208077,
        "median": 0.0452390648425,
        "min": 0.00198404164985,
        "var": 0.00658886414021
    },
    "spectral_kurtosis": {
        "dmean": 4.22647094727,
        "dmean2": 6.60803556442,
        "dvar": 26.2883796692,
        "dvar2": 63.6389198303,
        "max": 49.8821105957,
        "mean": 8.70227718353,
        "median": 7.11656284332,
        "min": -0.0668621063232,
        "var": 59.0932044983
    },
    "spectral_rms": {
        "dmean": 0.00108751282096,
        "dmean2": 0.0016955123283,
        "dvar": 2.89632316708e-06,
        "dvar2": 6.24880067335e-06,
        "max": 0.0144275352359,
        "mean": 0.00420085713267,
        "median": 0.00416406802833,
        "min": 0.000102360616438,
        "var": 7.23244420442e-06
    },
    "spectral_rolloff": {
        "dmean": 941.712768555,
        "dmean2": 1497.70153809,
        "dvar": 3939045,
        "dvar2": 7214445,
        "max": 12446.1914062,
        "mean": 1818.79663086,
        "median": 667.529296875,
        "min": 64.599609375,
        "var": 6989864.5
    },
    "spectral_skewness": {
        "dmean": 0.488996624947,
        "dmean2": 0.730158746243,
        "dvar": 0.237662300467,
        "dvar2": 0.477739930153,
        "max": 5.87903261185,
        "mean": 2.08555316925,
        "median": 2.01469445229,
        "min": 0.336977005005,
        "var": 0.899084925652
    },
    "spectral_spread": {
        "dmean": 961758.625,
        "dmean2": 1412516,
        "dvar": 1.14330619085e+12,
        "dvar2": 2.25285216666e+12,
        "max": 16208931,
        "mean": 4322342,
        "median": 3722951.75,
        "min": 1024106.9375,
        "var": 4.12251298202e+12
    },
    "spectral_strongpeak": {
        "dmean": 0.464651703835,
        "dmean2": 0.763230979443,
        "dvar": 0.946353971958,
        "dvar2": 2.10157370567,
        "max": 11.9144973755,
        "mean": 1.11996853352,
        "median": 0.513936817646,
        "min": 0,
        "var": 2.66547894478
    },
    "zerocrossingrate": {
        "dmean": 0.0217757560313,
        "dmean2": 0.0230562556535,
        "dvar": 0.000961914251093,
        "dvar2": 0.00106184824836,
        "max": 0.3662109375,
        "mean": 0.0625581592321,
        "median": 0.0390625,
        "min": 0.00390625,
        "var": 0.0040488243103
    },
    "barkbands": {
        "dmean": [9.0553839982e-05, 0.00439420994371, 0.00430961232632, 0.00393736595288, 0.00281427917071, 0.00106701150071, 0.00091012113262, 0.000413118686993, 0.000394211499952, 0.000253473495832, 0.000142132383189, 0.000134781614179, 0.000175264081918, 0.000186609278899, 0.000192483174033, 0.000220424000872, 0.000136594419018, 0.000112894100312, 0.000180499773705, 0.000132043729536, 0.000159647825058, 0.000192603023606, 0.00017516486696, 0.000119307660498, 0.000137053008075, 0.000116277580673, 1.11283282589e-09],
        "dmean2": [0.000125114325783, 0.00742187676951, 0.00671874266118, 0.00710840150714, 0.00502521777526, 0.00186964450404, 0.00157907267567, 0.00059578276705, 0.000492712249979, 0.000402189936722, 0.000213449733565, 0.00019049194816, 0.000264889269602, 0.00025582217495, 0.000285283022095, 0.000315752782626, 0.000200238762773, 0.000161015312187, 0.000274927297141, 0.000200044203666, 0.000248963857302, 0.000302028493024, 0.000261328474153, 0.000181073715794, 0.000222701695748, 0.000185268552741, 2.02622074674e-09],
        "dvar": [7.52279021299e-08, 0.000148218518007, 0.000162769298186, 0.000190751961782, 4.70375998702e-05, 8.1662710727e-06, 4.76501236335e-06, 1.83507006568e-06, 3.50365826307e-06, 5.62076309052e-07, 3.53289379973e-07, 1.35955033898e-07, 2.86909966007e-07, 4.38142251369e-07, 4.21292213559e-07, 9.23155994315e-07, 1.07099168645e-07, 9.18678537687e-08, 3.39100949986e-07, 1.78915499305e-07, 1.79015188451e-07, 2.8442735811e-07, 1.89412801888e-07, 9.84010384286e-08, 1.27476013745e-07, 9.35413808634e-08, 9.66202707435e-18],
        "dvar2": [1.35406054369e-07, 0.000410670822021, 0.000340055732522, 0.000537883315701, 0.000131577500724, 2.24131781579e-05, 1.29978325276e-05, 2.74317380899e-06, 4.13592306359e-06, 1.28146950829e-06, 5.99878717367e-07, 2.03965257128e-07, 5.6598082665e-07, 7.18418220913e-07, 8.62297667936e-07, 1.37095787522e-06, 2.13097294477e-07, 1.92930784237e-07, 7.59368674608e-07, 4.11273873624e-07, 3.4747341715e-07, 5.68092900721e-07, 3.75222526827e-07, 1.8622938569e-07, 3.1731224226e-07, 2.23626884122e-07, 2.67797142511e-17],
        "max": [0.00271974923089, 0.0848424807191, 0.103852719069, 0.105547487736, 0.0529708042741, 0.0198042206466, 0.0148295136169, 0.0266246329993, 0.0568824373186, 0.0085084727034, 0.0123965404928, 0.00806030444801, 0.00916394777596, 0.0135553097352, 0.0128334797919, 0.0193999130279, 0.00424924073741, 0.00422731228173, 0.00734206009656, 0.00517567945644, 0.00435167783871, 0.00460802344605, 0.00351861980744, 0.00277695804834, 0.00228661275469, 0.00272241723724, 5.41516484986e-08],
        "mean": [0.000108146079583, 0.00439892476425, 0.00501176156104, 0.00402189232409, 0.00370516162366, 0.00122705800459, 0.000962193764281, 0.000851284246892, 0.000799997476861, 0.000436566042481, 0.000229523473536, 0.000316428078804, 0.000410620763432, 0.000531071505975, 0.000374554103473, 0.000550169905182, 0.000256488594459, 0.00017561763525, 0.000190721839317, 0.000137378956424, 0.000159617949976, 0.000169703242136, 0.000160055831657, 0.000111779489089, 0.000108957530756, 9.60296019912e-05, 9.22854292984e-10],
        "median": [9.42422502703e-07, 3.0261115171e-05, 0.000400039425585, 0.000449127721367, 0.00119348871522, 0.00021396545344, 0.000173923894181, 1.39373787533e-05, 1.55787474796e-05, 2.35086026805e-05, 1.44903960972e-05, 2.67772229563e-05, 2.40262634179e-05, 1.90794162336e-05, 3.10089453706e-05, 3.06083711621e-05, 2.60998003796e-05, 1.48026574607e-05, 1.27496850837e-05, 6.18325066171e-06, 8.63717650645e-06, 4.78016136185e-06, 4.27723034591e-06, 1.21560913158e-06, 3.27244242726e-06, 4.22268271905e-07, 2.32498797992e-10],
        "min": [2.31267782702e-10, 5.42300071515e-08, 7.65153718163e-09, 9.06965791359e-09, 1.35314991212e-07, 3.76440674188e-08, 4.37851817026e-08, 9.5274126366e-09, 1.83844157675e-08, 7.98517252321e-09, 1.34447404321e-08, 1.37845628245e-08, 2.16744115988e-08, 1.06018207546e-08, 3.59845309106e-08, 7.99806088025e-08, 1.07748256539e-07, 1.39276949085e-07, 9.3364519671e-08, 9.14040114708e-08, 2.07334664992e-07, 1.72037715629e-07, 1.41302621159e-07, 3.87475024288e-10, 3.76141828795e-09, 4.38432727623e-11, 9.23805216352e-12],
        "var": [1.23498153926e-07, 0.000153613334987, 0.000182006406249, 0.000128572472022, 4.44419201813e-05, 6.43935800326e-06, 3.79718903787e-06, 9.80996719591e-06, 1.41657665154e-05, 1.05811295725e-06, 7.90355841218e-07, 1.01243313111e-06, 1.27083762891e-06, 2.80133394881e-06, 1.14112026495e-06, 4.42219334218e-06, 3.52944056203e-07, 1.78679286478e-07, 3.7613520476e-07, 2.02024608598e-07, 2.32783733622e-07, 3.23827549664e-07, 2.31340635537e-07, 1.26614366991e-07, 1.09033067019e-07, 8.61798881147e-08, 6.76411684433e-18]
    },
    "erbbands": {
        "dmean": [0.103349871933, 1.1118465662, 4.6291642189, 9.41040611267, 10.5159978867, 9.21821403503, 9.09144115448, 9.03316116333, 11.007478714, 14.247218132, 8.32418823242, 9.82956218719, 6.22763729095, 8.86890697479, 3.8979537487, 6.36300086975, 8.11561012268, 10.4090337753, 8.98129940033, 11.1724948883, 8.20907688141, 6.54974794388, 5.80797195435, 6.62266874313, 10.4590625763, 6.40416479111, 6.61636590958, 5.80298137665, 6.74306678772, 7.21014070511, 4.48694562912, 2.99228715897, 1.8611330986, 1.62074005604, 0.947316467762, 0.552458524704, 0.196738138795, 0.0187724921852, 0.000338774319971, 3.15163670166e-05],
        "dmean2": [0.158533796668, 1.86533045769, 6.81465196609, 15.9855852127, 18.6905517578, 16.3548107147, 16.5624084473, 15.8453025818, 18.6339035034, 25.2288780212, 10.6669921875, 12.1363096237, 10.0487623215, 13.3996553421, 5.81424617767, 9.11255550385, 12.0475826263, 14.1843032837, 12.5604066849, 16.3661842346, 11.6659412384, 9.58323287964, 8.24701404572, 9.84449768066, 16.7721824646, 9.54563903809, 10.5449752808, 8.77274799347, 10.4951906204, 11.3183355331, 6.73621082306, 4.39658164978, 2.94100904465, 2.68646526337, 1.54529154301, 0.885638773441, 0.316490769386, 0.0308140907437, 0.000553264457267, 5.09859164595e-05],
        "dvar": [0.0968047380447, 10.5408468246, 186.445281982, 1008.18121338, 1031.18310547, 445.828308105, 688.918579102, 543.141784668, 610.558776855, 1433.71313477, 750.420593262, 2346.46069336, 400.016387939, 1007.59509277, 80.2872314453, 294.313903809, 599.618530273, 1202.140625, 576.54486084, 1490.10998535, 578.616882324, 194.698547363, 230.657363892, 355.552062988, 1322.13171387, 380.101745605, 290.367034912, 264.027008057, 347.337219238, 372.434417725, 124.060501099, 70.3538970947, 22.4959812164, 18.6087474823, 6.29389715195, 2.24863004684, 0.263963609934, 0.00259439670481, 8.03774355518e-07, 3.02168978727e-09],
        "dvar2": [0.201721847057, 28.8739356995, 402.54864502, 2698.10522461, 2846.65307617, 1224.06713867, 1967.88415527, 1466.10424805, 1627.08288574, 3914.33740234, 922.874023438, 2976.66381836, 992.078979492, 1903.0234375, 168.233062744, 439.968139648, 1154.99169922, 2004.26159668, 1043.69165039, 2808.39916992, 971.615905762, 366.725769043, 495.482513428, 634.708190918, 3353.10498047, 847.349060059, 589.875488281, 536.097290039, 695.671264648, 754.042297363, 248.939605713, 131.754318237, 48.911190033, 46.7548904419, 15.6272163391, 5.51143598557, 0.605250537395, 0.00632602535188, 1.93571941054e-06, 6.98800572962e-09],
        "max": [2.74859428406, 25.312953949, 115.06199646, 246.744110107, 248.303344727, 195.339813232, 207.85345459, 171.661254883, 166.847839355, 291.245391846, 520.219665527, 1454.64050293, 197.253189087, 604.573730469, 116.985015869, 343.896636963, 438.588653564, 718.990539551, 388.676177979, 743.949279785, 450.933105469, 200.643936157, 220.635391235, 178.590698242, 467.806213379, 253.292709351, 155.81930542, 182.678146362, 155.686416626, 192.318710327, 86.8164367676, 78.1994171143, 34.6821784973, 28.3711204529, 16.6970443726, 14.0249023438, 4.14786243439, 0.378404587507, 0.00672361440957, 0.000399599201046],
        "mean": [0.109907224774, 1.08541893959, 5.21624231339, 10.309091568, 12.2919645309, 12.9168777466, 9.67414188385, 11.6984834671, 14.1672477722, 14.9196367264, 19.6199569702, 20.0584430695, 10.6531963348, 15.367149353, 7.94858455658, 15.4045639038, 20.5205459595, 28.5004024506, 22.9455337524, 25.7466163635, 18.6108207703, 13.2983436584, 10.7783908844, 8.70929145813, 10.283870697, 6.82618379593, 6.9691991806, 5.25387573242, 5.90993118286, 6.39991617203, 4.13857746124, 2.73710227013, 1.68135499954, 1.28443932533, 0.763641059399, 0.43702480197, 0.170660465956, 0.0154622355476, 0.000291101430776, 4.38730130554e-05],
        "median": [0.000861066044308, 0.0213266089559, 0.356628596783, 1.5057694912, 2.36263132095, 3.87044239044, 1.95214259624, 2.09596157074, 3.30786180496, 2.0614118576, 1.01312100887, 0.685799896717, 0.78268378973, 1.45291042328, 1.94188702106, 2.20576643944, 2.36959409714, 1.80083227158, 2.03289818764, 2.25659990311, 2.09843850136, 1.45589435101, 0.911079823971, 0.730743467808, 0.667553901672, 0.293779462576, 0.362117439508, 0.250289678574, 0.148889526725, 0.244540438056, 0.0680941939354, 0.0267673432827, 0.0191816203296, 0.0249394085258, 0.0291414279491, 0.00372738577425, 0.000589281320572, 3.26052613673e-05, 1.45557414726e-05, 2.42865862674e-05],
        "min": [1.15042462312e-06, 1.82048352144e-05, 9.42041078815e-05, 4.79810987599e-05, 0.000896030513104, 0.000430225132732, 0.000623241823632, 0.000655927637126, 0.00134027691092, 0.00172550731804, 0.000487278593937, 0.000498646695632, 0.000779191264883, 0.000632896320894, 0.000686241372023, 0.000657508673612, 0.00117347890045, 0.00141075474676, 0.00234547746368, 0.00401765340939, 0.00801452808082, 0.00780372973531, 0.00597848650068, 0.00572479236871, 0.00520747387782, 0.00792147498578, 0.0101017002016, 0.00881137698889, 0.00534264789894, 0.00509761925787, 0.0026012363378, 0.000403667363571, 0.000206790980883, 0.00013124072575, 0.000103457263322, 5.04446543346e-05, 2.6879285997e-06, 3.72290458017e-07, 2.18629296e-07, 4.85413060858e-08],
        "var": [0.129831016064, 9.74652099609, 208.327484131, 768.053649902, 836.249145508, 505.872497559, 460.820770264, 507.119384766, 637.21496582, 1359.42407227, 4303.52490234, 8976.97363281, 696.924499512, 2308.53588867, 233.70350647, 1795.30493164, 2752.47729492, 7402.31689453, 2710.47631836, 6832.66601562, 2886.68823242, 844.211791992, 574.948181152, 526.982299805, 1194.66113281, 454.284790039, 385.134155273, 309.340148926, 398.818054199, 419.862091064, 149.915176392, 88.7634277344, 25.226266861, 15.5578384399, 5.35389041901, 1.93031382561, 0.271962463856, 0.00236243847758, 7.47448609673e-07, 3.47324413674e-09]
    },
    "gfcc": {
        "mean": [-86.8210220337, 94.4656143188, -109.44316864, 32.4481811523, -56.0028152466, 4.45323133469, -50.7746086121, -4.82778263092, -31.2320766449, 0.0701129585505, -19.8975353241, -2.91639375687, -11.6312818527],
        "cov": [[7266.609375, -1146.75952148, -1360.66101074, -793.749816895, -6.2843208313, 1.44507193565, 142.581542969, 143.473617554, -18.5063152313, 60.9224624634, 42.2025489807, 104.212402344, -168.41998291], [-1146.75952148, 3890.05566406, 427.509185791, -87.9824905396, 768.028320312, -190.581298828, 291.840301514, -420.68939209, 212.372848511, -421.659240723, 178.20513916, -405.3934021, 257.921173096], [-1360.66101074, 427.509185791, 2882.69799805, 1017.94647217, -11.7757482529, 219.144210815, 181.691894531, 54.0304412842, -10.6800775528, -60.8068351746, -151.341186523, 8.37307167053, -28.5761871338], [-793.749816895, -87.9824905396, 1017.94647217, 919.124328613, 287.778503418, 170.464401245, 133.867828369, 24.7195186615, 40.4996757507, 40.7291755676, 4.08902359009, 13.2323293686, 28.8336009979], [-6.2843208313, 768.028320312, -11.7757482529, 287.778503418, 713.144897461, 131.649276733, 211.340866089, -55.7363510132, 137.112686157, -36.5021209717, 111.221992493, -81.5331878662, 52.8733596802], [1.44507193565, -190.581298828, 219.144210815, 170.464401245, 131.649276733, 247.00177002, 118.054176331, 99.42628479, 31.3708095551, 45.1100234985, -13.2457733154, 36.5208816528, -22.0777435303], [142.581542969, 291.840301514, 181.691894531, 133.867828369, 211.340866089, 118.054176331, 297.989196777, 88.7397232056, 129.927810669, 9.55913543701, 21.2191562653, -15.4784374237, 21.5644779205], [143.473617554, -420.68939209, 54.0304412842, 24.7195186615, -55.7363510132, 99.42628479, 88.7397232056, 230.455657959, 64.0417480469, 84.0594558716, -16.727935791, 45.8078727722, -33.5637550354], [-18.5063152313, 212.372848511, -10.6800775528, 40.4996757507, 137.112686157, 31.3708095551, 129.927810669, 64.0417480469, 161.786590576, 28.9830818176, 35.9322433472, -29.1508140564, 21.7359256744], [60.9224624634, -421.659240723, -60.8068351746, 40.7291755676, -36.5021209717, 45.1100234985, 9.55913543701, 84.0594558716, 28.9830818176, 140.828842163, 17.2820625305, 69.8052444458, -12.5493144989], [42.2025489807, 178.20513916, -151.341186523, 4.08902359009, 111.221992493, -13.2457733154, 21.2191562653, -16.727935791, 35.9322433472, 17.2820625305, 129.956802368, 24.7458496094, 55.8188056946], [104.212402344, -405.3934021, 8.37307167053, 13.2323293686, -81.5331878662, 36.5208816528, -15.4784374237, 45.8078727722, -29.1508140564, 69.8052444458, 24.7458496094, 169.260116577, 10.2755031586], [-168.41998291, 257.921173096, -28.5761871338, 28.8336009979, 52.8733596802, -22.0777435303, 21.5644779205, -33.5637550354, 21.7359256744, -12.5493144989, 55.8188056946, 10.2755031586, 112.929466248]],
        "icov": [[0.000198602996534, 0.000170323866769, -2.78095703834e-05, 0.000285250309389, -0.000192327002878, 0.000147653307067, -0.00037668182631, 8.5183462943e-05, 0.000132321772981, 0.000196050619707, -0.000221336638788, 4.82377399749e-05, 0.000144808887853], [0.000170323866769, 0.00139294448309, -0.000658052915242, 0.00133151421323, -0.00110961543396, 0.000667454267386, -0.00100403220858, 0.00126076093875, -0.000632971758023, 0.00161866738927, -0.00111474923324, 0.00152595457621, -0.00150353333447], [-2.78095703834e-05, -0.000658052915242, 0.00109819346108, -0.00155933410861, 0.00106596201658, -0.000566854083445, 3.89770684706e-05, -0.000480527553009, 0.000168554659467, 0.000117082374345, 0.000884403998498, -0.000931597372983, 0.00100551859941], [0.000285250309389, 0.00133151421323, -0.00155933410861, 0.00399660365656, -0.0023738394957, 0.000441542739281, -0.00087951583555, 0.00111781724263, 0.000161305360962, -0.000189883649, -0.000915831886232, 0.00152215152048, -0.00207070703618], [-0.000192327002878, -0.00110961543396, 0.00106596201658, -0.0023738394957, 0.00457524880767, -0.00254583521746, -0.000412898516515, 0.000992776826024, -0.00126906170044, -1.15970624393e-05, -0.00151099008508, -6.49552239338e-05, 0.00185307755601], [0.000147653307067, 0.000667454267386, -0.000566854083445, 0.000441542739281, -0.00254583521746, 0.00809185300022, -0.00230156793259, -0.00216690963134, 0.00196670182049, -0.000386064813938, 0.00105805089697, -0.000759973714594, 0.000133743917104], [-0.00037668182631, -0.00100403220858, 3.89770684706e-05, -0.00087951583555, -0.000412898516515, -0.00230156793259, 0.00847699213773, -0.00254220888019, -0.00407909089699, 0.000281442684354, 0.00153706653509, -0.00135895074345, -0.000484858552227], [8.5183462943e-05, 0.00126076093875, -0.000480527553009, 0.00111781724263, 0.000992776826024, -0.00216690963134, -0.00254220888019, 0.0100520644337, -0.00383352348581, -0.00114763819147, -0.000809222459793, 0.00080581579823, 0.000362125225365], [0.000132321772981, -0.000632971758023, 0.000168554659467, 0.000161305360962, -0.00126906170044, 0.00196670182049, -0.00407909089699, -0.00383352348581, 0.013996200636, -0.00431654602289, -0.0010033416329, 0.00238611991517, -0.000632069946732], [0.000196050619707, 0.00161866738927, 0.000117082374345, -0.000189883649, -1.15970624393e-05, -0.000386064813938, 0.000281442684354, -0.00114763819147, -0.00431654602289, 0.0152493575588, -0.00289898668416, -0.00245307991281, 0.000390246044844], [-0.000221336638788, -0.00111474923324, 0.000884403998498, -0.000915831886232, -0.00151099008508, 0.00105805089697, 0.00153706653509, -0.000809222459793, -0.0010033416329, -0.00289898668416, 0.0144804213196, -0.00396156450734, -0.00387216033414], [4.82377399749e-05, 0.00152595457621, -0.000931597372983, 0.00152215152048, -6.49552239338e-05, -0.000759973714594, -0.00135895074345, 0.00080581579823, 0.00238611991517, -0.00245307991281, -0.00396156450734, 0.0114632751793, -0.00347354309633], [0.000144808887853, -0.00150353333447, 0.00100551859941, -0.00207070703618, 0.00185307755601, 0.000133743917104, -0.000484858552227, 0.000362125225365, -0.000632069946732, 0.000390246044844, -0.00387216033414, -0.00347354309633, 0.0150418998674]]
    },
    "melbands": {
        "dmean": [0.00103403639514, 0.00199888763018, 0.00167962198611, 0.000670475652441, 0.000345846085111, 0.00019984341634, 0.000180177026778, 0.000146434933413, 6.88178115524e-05, 5.71995879e-05, 3.02668413497e-05, 3.61526836059e-05, 1.45376343426e-05, 1.50652194861e-05, 1.86008710443e-05, 1.55564703164e-05, 2.15301242861e-05, 1.42558947118e-05, 1.27779103423e-05, 2.12869363168e-05, 7.47051262806e-06, 6.77865637044e-06, 7.3796977631e-06, 5.32940657649e-06, 5.38371614311e-06, 7.6556334534e-06, 6.52551989333e-06, 3.87673344449e-06, 4.38075676357e-06, 3.49573883796e-06, 3.22916321238e-06, 3.92022957385e-06, 3.79864718525e-06, 4.0574632294e-06, 2.72153010883e-06, 2.00039221454e-06, 1.81593065918e-06, 1.25391750316e-06, 1.44805358104e-06, 1.36877235946e-06],
        "dmean2": [0.00170859531499, 0.00297188386321, 0.00285275024362, 0.00117859919555, 0.000627994420938, 0.000350204558345, 0.000307449954562, 0.00025215203641, 8.53361925692e-05, 7.12754044798e-05, 4.94748965139e-05, 5.47148774785e-05, 2.14914944081e-05, 2.19200537686e-05, 2.65101352852e-05, 2.29538745771e-05, 2.91701453534e-05, 1.96686232812e-05, 1.92387906282e-05, 3.03902543237e-05, 1.10723622129e-05, 1.03338015833e-05, 1.04518303488e-05, 7.63155549066e-06, 8.07250034995e-06, 1.21110242617e-05, 1.04725568235e-05, 5.75735566599e-06, 6.85520853949e-06, 5.39198663319e-06, 5.11394728164e-06, 6.22016068519e-06, 5.87111935602e-06, 6.34511161479e-06, 4.08116648032e-06, 2.97305859931e-06, 2.71880412583e-06, 1.99655437427e-06, 2.3557579425e-06, 2.30788168665e-06],
        "dvar": [7.81765083957e-06, 3.37480960297e-05, 3.03330834868e-05, 3.02399689645e-06, 8.90392300334e-07, 2.69648666062e-07, 1.7004538222e-07, 1.45714153632e-07, 5.96014473331e-08, 7.09724474746e-08, 9.92394255661e-09, 1.56679753616e-08, 1.82765969026e-09, 1.52363222039e-09, 2.69269539999e-09, 2.23487917062e-09, 6.12448047832e-09, 1.40220979272e-09, 3.09357028883e-09, 9.09061714793e-09, 4.3232209479e-10, 2.18726078915e-10, 4.89432494533e-10, 2.21836743419e-10, 2.56496268669e-10, 6.02730199084e-10, 6.46522779757e-10, 1.23347998482e-10, 1.25391197425e-10, 9.63618559946e-11, 8.26243309882e-11, 1.22143017922e-10, 1.09245064384e-10, 1.16573403708e-10, 4.49628841104e-11, 3.02557388865e-11, 2.86553003548e-11, 1.02616613123e-11, 1.51526066e-11, 1.4308826693e-11],
        "dvar2": [1.98721154447e-05, 7.56539011491e-05, 8.08556360425e-05, 8.2751885202e-06, 2.53967164099e-06, 7.31539159915e-07, 4.55606055993e-07, 3.72691289385e-07, 6.73818050245e-08, 9.20201941312e-08, 2.4865398629e-08, 2.98163591594e-08, 3.39322681064e-09, 2.67752819916e-09, 4.67949679006e-09, 4.41068381818e-09, 1.01676480568e-08, 2.36716846125e-09, 6.3715628329e-09, 1.3496660678e-08, 9.22083298605e-10, 4.38085540067e-10, 9.62933066617e-10, 4.26337271042e-10, 4.64399851907e-10, 1.42478229215e-09, 1.68162228587e-09, 2.69260724828e-10, 2.64340577205e-10, 1.95976804229e-10, 1.75600076147e-10, 2.48666670588e-10, 2.24633811552e-10, 2.41552999825e-10, 9.09724517939e-11, 6.1875955748e-11, 5.40384854919e-11, 2.22709142794e-11, 3.72455295772e-11, 3.72308815721e-11],
        "max": [0.019889511168, 0.0505814142525, 0.0436598323286, 0.0141553329304, 0.00734909111634, 0.00379527918994, 0.00281359860674, 0.00328572979197, 0.00537366466597, 0.00778943952173, 0.000968432461377, 0.00235709967092, 0.000828361371532, 0.000675691990182, 0.0010452545248, 0.000831288401969, 0.0016500641359, 0.000610628630966, 0.00140675425064, 0.00205262005329, 0.000277988146991, 0.000199123067432, 0.000402682548156, 0.000320527848089, 0.000154057983309, 0.000316895049764, 0.000303616106976, 0.000154485140229, 0.000103090198536, 0.000117113711894, 9.19948870433e-05, 9.2943351774e-05, 9.48592714849e-05, 0.000112061890832, 4.93064035254e-05, 7.09229207132e-05, 5.64903712075e-05, 2.4866178137e-05, 2.8077940442e-05, 2.67503455689e-05],
        "mean": [0.0010726263281, 0.00230205152184, 0.00190099061001, 0.000893141899724, 0.000405014958233, 0.000251936377026, 0.000216644679313, 0.000176987057785, 0.00016340399452, 0.000113582136692, 4.97914697917e-05, 6.29827918601e-05, 2.6528023227e-05, 2.99282528431e-05, 5.26032235939e-05, 3.38884892699e-05, 5.85140260227e-05, 3.66589665646e-05, 2.31810754485e-05, 5.33910751983e-05, 1.33464245664e-05, 1.23352874652e-05, 1.4367795302e-05, 8.22979836812e-06, 6.64867138767e-06, 7.59246358939e-06, 6.18134936303e-06, 4.18666559199e-06, 4.38545157522e-06, 3.75668196284e-06, 2.70793498203e-06, 3.37895426128e-06, 3.34044511874e-06, 3.56361624654e-06, 2.49132608587e-06, 1.8236194137e-06, 1.65855203704e-06, 1.15534987799e-06, 1.14556451081e-06, 1.05491665181e-06],
        "median": [5.82862412557e-06, 0.000132674904307, 0.000312054151436, 0.000278661929769, 0.000100493751233, 3.72479044017e-05, 4.50836087111e-05, 1.55030720634e-05, 5.79152856517e-06, 2.6265172437e-06, 2.50197399509e-06, 4.02854220738e-06, 3.37815981766e-06, 3.63213803212e-06, 3.66211588698e-06, 2.61836294158e-06, 1.81037432867e-06, 2.51424194175e-06, 2.33706668951e-06, 2.23952838496e-06, 2.23721690418e-06, 1.36118046612e-06, 9.9717840385e-07, 5.91093737512e-07, 4.55680776668e-07, 5.41668214282e-07, 2.83135022983e-07, 1.55599892082e-07, 1.95149823412e-07, 2.25480434324e-07, 1.0975424658e-07, 7.45837311911e-08, 9.16158668929e-08, 1.48672427258e-07, 3.7107710682e-08, 1.35119408995e-08, 1.54156616361e-08, 1.44771776789e-08, 5.65522517704e-09, 2.5799998582e-08],
        "min": [1.47679184437e-08, 2.75464770993e-08, 7.59874563272e-09, 2.72307740801e-08, 1.80647212744e-08, 9.3332754858e-09, 1.12801679109e-08, 1.22154553139e-08, 2.42343989321e-09, 2.61122123923e-09, 3.41415540284e-09, 1.82123072179e-09, 1.49140921835e-09, 2.18422990805e-09, 1.88865478812e-09, 2.27230256833e-09, 1.78198056311e-09, 3.28583338316e-09, 2.54454612936e-09, 4.07654354717e-09, 9.15563269643e-09, 6.73292799291e-09, 3.8870520136e-09, 6.46665521131e-09, 3.79164077913e-09, 2.97839553021e-09, 3.33436855904e-09, 2.71208975416e-11, 3.09339531768e-09, 4.58689397576e-09, 3.6989278307e-09, 7.14137360358e-10, 2.46036613305e-09, 5.14452612455e-11, 2.17405902309e-11, 3.83079765826e-12, 2.5092673165e-12, 2.04412528571e-12, 5.48519996785e-13, 1.53451784699e-12],
