{
"highlevel": {
    "danceability": {
        "all": {
            "danceable": 0.541965484619,
            "not_danceable": 0.458034545183
        },
        "probability": 0.541965484619,
        "value": "danceable"
    },
    "gender": {
        "all": {
            "female": 0.00802864599973,
            "male": 0.991971373558
        },
        "probability": 0.991971373558,
        "value": "male"
    },
    "genre_dortmund": {
        "all": {
            "alternative": 0.0919768735766,
            "blues": 0.0380915254354,
            "electronic": 0.0062558283098,
            "folkcountry": 0.365552902222,
            "funksoulrnb": 0.0288819745183,
            "jazz": 0.169701367617,
            "pop": 0.0922461822629,
            "raphiphop": 0.00205487012863,
            "rock": 0.205238476396
        },
        "probability": 0.365552902222,
        "value": "folkcountry"
    },
    "genre_electronic": {
        "all": {
            "ambient": 0.815613985062,
            "dnb": 0.098712682724,
            "house": 0.0457478873432,
            "techno": 0.0052797649987,
            "trance": 0.0346456505358
        },
        "probability": 0.815613985062,
        "value": "ambient"
    },
    "genre_rosamerica": {
        "all": {
            "cla": 0.0146286021918,
            "dan": 0.00572087522596,
            "hip": 0.00439941696823,
            "jaz": 0.014031002298,
            "pop": 0.412029474974,
            "rhy": 0.374164938927,
            "roc": 0.167534142733,
            "spe": 0.00749154668301
        },
        "probability": 0.412029474974,
        "value": "pop"
    },
    "genre_tzanetakis": {
        "all": {
            "blu": 0.0626541376114,
            "cla": 0.0348133966327,
            "cou": 0.0783501937985,
            "dis": 0.104547761381,
            "hip": 0.15693578124,
            "jaz": 0.313987255096,
            "met": 0.044816005975,
            "pop": 0.0627349764109,
            "reg": 0.0627352520823,
            "roc": 0.0784252434969
        },
        "probability": 0.313987255096,
        "value": "jaz"
    },
    "ismir04_rhythm": {
        "all": {
            "ChaChaCha": 0.0560870580375,
            "Jive": 0.0256358291954,
            "Quickstep": 0.250610589981,
            "Rumba-American": 0.0377955809236,
            "Rumba-International": 0.157719433308,
            "Rumba-Misc": 0.0240332707763,
            "Samba": 0.158161878586,
            "Tango": 0.0820157453418,
            "VienneseWaltz": 0.153566390276,
            "Waltz": 0.0543742142618
        },
        "probability": 0.250610589981,
        "value": "Quickstep"
    },
    "mood_acoustic": {
        "all": {
            "acoustic": 0.957560360432,
            "not_acoustic": 0.0424396246672
        },
        "probability": 0.957560360432,
        "value": "acoustic"
    },
    "mood_aggressive": {
        "all": {
            "aggressive": 1.38693815188e-06,
            "not_aggressive": 0.999998629093
        },
        "probability": 0.999998629093,
        "value": "not_aggressive"
    },
    "mood_electronic": {
        "all": {
            "electronic": 0.0314977914095,
            "not_electronic": 0.968502223492
        },
        "probability": 0.968502223492,
        "value": "not_electronic"
    },
    "mood_happy": {
        "all": {
            "happy": 0.794319033623,
            "not_happy": 0.205680981278
        },
        "probability": 0.794319033623,
        "value": "happy"
    },
    "mood_party": {
        "all": {
            "not_party": 0.973191857338,
            "party": 0.026808116585
        },
        "probability": 0.973191857338,
        "value": "not_party"
    },
    "mood_relaxed": {
        "all": {
            "not_relaxed": 0.87349742651,
            "relaxed": 0.126502558589
        },
        "probability": 0.87349742651,
        "value": "not_relaxed"
    },
    "mood_sad": {
        "all": {
            "not_sad": 0.15021699667,
            "sad": 0.84978300333
        },
        "probability": 0.84978300333,
        "value": "sad"
    },
    "moods_mirex": {
        "all": {
            "Cluster1": 0.256341695786,
            "Cluster2": 0.248920753598,
            "Cluster3": 0.385053426027,
            "Cluster4": 0.0823557451367,
            "Cluster5": 0.0273283850402
        },
        "probability": 0.385053426027,
        "value": "Cluster3"
    },
    "timbre": {
        "all": {
            "bright": 0.999997437,
            "dark": 2.5854908472e-06
        },
        "probability": 0.999997437,
        "value": "bright"
    },
    "tonal_atonal": {
        "all": {
            "atonal": 0.000400431046728,
            "tonal": 0.999599575996
        },
        "probability": 0.999599575996,
        "value": "tonal"
    },
    "voice_instrumental": {
        "all": {
            "instrumental": 0.00110792904161,
            "voice": 0.998892068863
        },
        "probability": 0.998892068863,
        "value": "voice"
    }
},
"lowlevel": {
    "average_loudness": 0.978295743465,
    "barkbands_crest": {
        "dmean": 2.66422390938,
        "dmean2": 4.37658834457,
        "dvar": 5.22074174881,
        "dvar2": 13.7985267639,
        "max": 23.7195510864,
        "mean": 10.6914367676,
        "median": 10.1321678162,
        "min": 4.00562620163,
        "var": 12.5902242661
    },
    "barkbands_flatness_db": {
        "dmean": 0.0230388715863,
        "dmean2": 0.0328769534826,
        "dvar": 0.000461437710328,
        "dvar2": 0.000933438539505,
        "max": 0.409402102232,
        "mean": 0.169527903199,
        "median": 0.159866854548,
        "min": 0.0689906254411,
        "var": 0.00256968615577
    },
    "barkbands_kurtosis": {
        "dmean": 3.84045004845,
        "dmean2": 5.76347541809,
        "dvar": 30.1999225616,
        "dvar2": 63.1543273926,
        "max": 92.1438598633,
        "mean": 7.61787652969,
        "median": 4.6123752594,
        "min": -1.79514992237,
        "var": 90.6723937988
    },
    "barkbands_skewness": {
        "dmean": 0.535154342651,
        "dmean2": 0.789906799793,
        "dvar": 0.313973903656,
        "dvar2": 0.621971309185,
        "max": 7.86716222763,
        "mean": 1.9355905056,
        "median": 1.78360617161,
        "min": -0.446964561939,
        "var": 1.3944978714
    },
    "barkbands_spread": {
        "dmean": 4.33887910843,
        "dmean2": 6.58149576187,
        "dvar": 31.3681316376,
        "dvar2": 76.8619003296,
        "max": 81.7533569336,
        "mean": 14.4016036987,
        "median": 13.1639919281,
        "min": 1.68004608154,
        "var": 66.9369888306
    },
    "dissonance": {
        "dmean": 0.0310594253242,
        "dmean2": 0.051168397069,
        "dvar": 0.000912114221137,
        "dvar2": 0.00231960951351,
        "max": 0.499517798424,
        "mean": 0.430298805237,
        "median": 0.436711460352,
        "min": 0.157587245107,
        "var": 0.00186833820771
    },
    "dynamic_complexity": 2.18735313416,
    "erbbands_crest": {
        "dmean": 3.11733460426,
        "dmean2": 4.84635686874,
        "dvar": 7.87628126144,
        "dvar2": 18.007062912,
        "max": 27.1429748535,
        "mean": 11.4748153687,
        "median": 10.8961982727,
        "min": 3.26670241356,
        "var": 20.6095104218
    },
    "erbbands_flatness_db": {
        "dmean": 0.0214573144913,
        "dmean2": 0.0300444997847,
        "dvar": 0.000399214652134,
        "dvar2": 0.000737265334465,
        "max": 0.341108769178,
        "mean": 0.163252606988,
        "median": 0.16388566792,
        "min": 0.060078214854,
        "var": 0.00152225233614
    },
    "erbbands_kurtosis": {
        "dmean": 1.73083591461,
        "dmean2": 2.68905043602,
        "dvar": 4.92991542816,
        "dvar2": 11.5232620239,
        "max": 25.7545700073,
        "mean": 2.35037136078,
        "median": 1.66467189789,
        "min": -1.79394865036,
        "var": 11.7712430954
    },
    "erbbands_skewness": {
        "dmean": 0.445940941572,
        "dmean2": 0.680906116962,
        "dvar": 0.167605608702,
        "dvar2": 0.410581231117,
        "max": 4.88650035858,
        "mean": 1.07899343967,
        "median": 1.03117263317,
        "min": -1.46518015862,
        "var": 0.60238802433
    },
    "erbbands_spread": {
        "dmean": 9.27655601501,
        "dmean2": 13.5901384354,
        "dvar": 117.280654907,
        "dvar2": 250.695373535,
        "max": 132.437088013,
        "mean": 34.3331680298,
        "median": 28.9422702789,
        "min": 4.67119169235,
        "var": 392.395812988
    },
    "hfc": {
        "dmean": 6.68574428558,
        "dmean2": 9.39288806915,
        "dvar": 66.1871643066,
        "dvar2": 131.459259033,
        "max": 76.7151794434,
        "mean": 22.3074131012,
        "median": 20.0342884064,
        "min": 0.0228593777865,
        "var": 234.602478027
    },
    "melbands_crest": {
        "dmean": 3.14022612572,
        "dmean2": 5.24567174911,
        "dvar": 7.48165607452,
        "dvar2": 20.032705307,
        "max": 31.2304019928,
        "mean": 13.0877017975,
        "median": 12.1156158447,
        "min": 4.93422555923,
        "var": 20.3746757507
    },
    "melbands_flatness_db": {
        "dmean": 0.0262950509787,
        "dmean2": 0.0371216647327,
        "dvar": 0.000662838458084,
        "dvar2": 0.00128785579,
        "max": 0.521711111069,
        "mean": 0.23334915936,
        "median": 0.221688494086,
        "min": 0.100868068635,
        "var": 0.00391896581277
    },
    "melbands_kurtosis": {
        "dmean": 7.46493053436,
        "dmean2": 11.166308403,
        "dvar": 113.769203186,
        "dvar2": 240.505783081,
        "max": 169.474380493,
        "mean": 16.1541748047,
        "median": 9.46397590637,
        "min": -1.07153248787,
        "var": 368.478057861
    },
    "melbands_skewness": {
        "dmean": 0.732568144798,
        "dmean2": 1.06443965435,
        "dvar": 0.600610077381,
        "dvar2": 1.27230250835,
        "max": 9.72615909576,
        "mean": 2.54788374901,
        "median": 2.28378081322,
        "min": -0.42178991437,
        "var": 2.77764558792
    },
    "melbands_spread": {
        "dmean": 3.62310886383,
        "dmean2": 5.49348163605,
        "dvar": 19.1814250946,
        "dvar2": 46.1627540588,
        "max": 74.9246902466,
        "mean": 14.2166099548,
        "median": 13.4015960693,
        "min": 1.46247899532,
        "var": 62.709728241
    },
    "pitch_salience": {
        "dmean": 0.0716093406081,
        "dmean2": 0.116000473499,
        "dvar": 0.00367026776075,
        "dvar2": 0.0100436359644,
        "max": 0.821273565292,
        "mean": 0.560794651508,
        "median": 0.560395538807,
        "min": 0.210273787379,
        "var": 0.00903552491218
    },
    "silence_rate_20dB": {
        "dmean": 0,
        "dmean2": 0,
        "dvar": 0,
        "dvar2": 0,
        "max": 1,
        "mean": 1,
        "median": 1,
        "min": 1,
        "var": 0
    },
    "silence_rate_30dB": {
        "dmean": 0,
        "dmean2": 0,
        "dvar": 0,
        "dvar2": 0,
        "max": 1,
        "mean": 1,
        "median": 1,
        "min": 1,
        "var": 0
    },
    "silence_rate_60dB": {
        "dmean": 0.00541795650497,
        "dmean2": 0.0100697129965,
        "dvar": 0.00538858911023,
        "dvar2": 0.0130667611957,
        "max": 1,
        "mean": 0.00696055684239,
        "median": 0,
        "min": 0,
        "var": 0.00691209593788
    },
    "spectral_centroid": {
        "dmean": 154.798034668,
        "dmean2": 228.307434082,
        "dvar": 33963.4414062,
        "dvar2": 79305.953125,
        "max": 2804.17333984,
        "mean": 784.411071777,
        "median": 750.045043945,
        "min": 236.916183472,
        "var": 110656.851562
    },
    "spectral_complexity": {
        "dmean": 2.80882358551,
        "dmean2": 4.30054235458,
        "dvar": 8.71190738678,
        "dvar2": 17.4619865417,
        "max": 32,
        "mean": 14.644238472,
        "median": 14,
        "min": 0,
        "var": 30.7891864777
    },
    "spectral_decrease": {
        "dmean": 2.69150590704e-09,
        "dmean2": 4.06334832448e-09,
        "dvar": 8.28206316513e-18,
        "dvar2": 1.79974284997e-17,
        "max": -3.74356587396e-11,
        "mean": -9.08176644998e-09,
        "median": -9.10376130037e-09,
        "min": -2.84506818105e-08,
        "var": 2.20862120461e-17
    },
    "spectral_energy": {
        "dmean": 0.0105927065015,
        "dmean2": 0.0159180853516,
        "dvar": 0.000128497631522,
        "dvar2": 0.000275319354841,
        "max": 0.10942555964,
        "mean": 0.0363000184298,
        "median": 0.0361355617642,
        "min": 0.000143363940879,
        "var": 0.000354322197381
    },
    "spectral_energyband_high": {
        "dmean": 0.000331493967678,
        "dmean2": 0.000494409527164,
        "dvar": 3.28867571397e-07,
        "dvar2": 8.00907912435e-07,
        "max": 0.00833184178919,
        "mean": 0.000601926585659,
        "median": 0.000404757010983,
        "min": 3.93848694102e-07,
        "var": 4.50401245189e-07
    },
    "spectral_energyband_low": {
        "dmean": 0.00470177596435,
        "dmean2": 0.0076165557839,
        "dvar": 6.20946520939e-05,
        "dvar2": 0.000157799004228,
        "max": 0.0903810411692,
        "mean": 0.00828416924924,
        "median": 0.00671089394018,
        "min": 1.5625371816e-05,
        "var": 6.93147740094e-05
    },
    "spectral_energyband_middle_high": {
        "dmean": 0.00238143722527,
        "dmean2": 0.0031962248031,
        "dvar": 1.50026899064e-05,
        "dvar2": 2.77659473795e-05,
        "max": 0.0528161600232,
        "mean": 0.00693108281121,
        "median": 0.00310225016437,
        "min": 1.62465812537e-06,
        "var": 8.18757107481e-05
    },
    "spectral_energyband_middle_low": {
        "dmean": 0.00757954828441,
        "dmean2": 0.011466935277,
        "dvar": 7.22404583939e-05,
        "dvar2": 0.000163224438438,
        "max": 0.0938643738627,
        "mean": 0.0213456302881,
        "median": 0.0189202111214,
        "min": 2.4407336241e-05,
        "var": 0.000182484975085
    },
    "spectral_entropy": {
        "dmean": 0.235805809498,
        "dmean2": 0.327349305153,
        "dvar": 0.0539571456611,
        "dvar2": 0.104575313628,
        "max": 8.43880367279,
        "mean": 7.18192911148,
        "median": 7.2086596489,
        "min": 5.04707288742,
        "var": 0.224871858954
    },
    "spectral_flux": {
        "dmean": 0.0299952067435,
        "dmean2": 0.0459408350289,
        "dvar": 0.000801300746389,
        "dvar2": 0.00170806096867,
        "max": 0.277324527502,
        "mean": 0.0926409959793,
        "median": 0.0853058472276,
        "min": 0.00994363613427,
        "var": 0.00203097076155
    },
    "spectral_kurtosis": {
        "dmean": 2.1348927021,
        "dmean2": 3.34093260765,
        "dvar": 13.8678817749,
        "dvar2": 36.2140731812,
        "max": 65.9289932251,
        "mean": 5.62278175354,
        "median": 4.62931060791,
        "min": 0.0647888183594,
        "var": 26.7989501953
    },
    "spectral_rms": {
        "dmean": 0.000877753947861,
        "dmean2": 0.00129384780303,
        "dvar": 7.56503084176e-07,
        "dvar2": 1.4555148482e-06,
        "max": 0.0103323105723,
        "mean": 0.00571832247078,
        "median": 0.00593752553686,
        "min": 0.000373988295905,
        "var": 2.71543058261e-06
    },
    "spectral_rolloff": {
        "dmean": 241.964614868,
        "dmean2": 412.215667725,
        "dvar": 284244.84375,
        "dvar2": 742046.0625,
        "max": 6998.29101562,
        "mean": 796.760253906,
        "median": 667.529296875,
        "min": 129.19921875,
        "var": 336406.09375
    },
    "spectral_skewness": {
        "dmean": 0.295608103275,
        "dmean2": 0.436996728182,
        "dvar": 0.104934230447,
        "dvar2": 0.225060611963,
        "max": 6.54379463196,
        "mean": 1.96043717861,
        "median": 1.90426945686,
        "min": 0.538365662098,
        "var": 0.375423103571
    },
    "spectral_spread": {
        "dmean": 804409.3125,
        "dmean2": 1172592.375,
        "dvar": 728979210240,
        "dvar2": 1.76380667494e+12,
        "max": 13244168,
        "mean": 5142376.5,
        "median": 5012531.5,
        "min": 1237500.125,
        "var": 1.87834944717e+12
    },
    "spectral_strongpeak": {
        "dmean": 0.702065587044,
        "dmean2": 1.12776207924,
        "dvar": 0.817564308643,
        "dvar2": 1.79847681522,
        "max": 7.79910230637,
        "mean": 1.55729019642,
        "median": 1.05200636387,
        "min": 0.0225340388715,
        "var": 2.19185781479
    },
    "zerocrossingrate": {
        "dmean": 0.00880758091807,
        "dmean2": 0.0114014241844,
        "dvar": 9.33516639634e-05,
        "dvar2": 0.000138981820783,
        "max": 0.15673828125,
        "mean": 0.0457904338837,
        "median": 0.04443359375,
        "min": 0.00537109375,
        "var": 0.000379745120881
    },
    "barkbands": {
        "dmean": [0.000102006772067, 0.00325684645213, 0.00171347172, 0.00101676268969, 0.00403691688552, 0.00141287269071, 0.00169697206002, 0.00195978721604, 0.00169939000625, 0.00145250163041, 0.000287510512862, 0.000360620615538, 0.000437831971794, 0.000378384924261, 0.000241132613155, 0.000183044219739, 0.000124251193483, 8.73104509083e-05, 8.69905125001e-05, 5.63497887924e-05, 5.53893587494e-05, 9.35518619372e-05, 7.10600652383e-05, 5.1263392379e-05, 5.42235247849e-05, 6.01305509917e-05, 6.11110095861e-08],
        "dmean2": [0.000166420388268, 0.00521825486794, 0.00293615739793, 0.00166439253371, 0.00638614175841, 0.00219551497139, 0.00277813849971, 0.00295792636462, 0.00242403964512, 0.00203804508783, 0.000432214612374, 0.00055211171275, 0.00066897837678, 0.000570536474697, 0.000363454309991, 0.000267493538558, 0.000196909051738, 0.000130916479975, 0.00012881855946, 8.99312799447e-05, 8.68856659508e-05, 0.000145120124216, 0.000109163585876, 8.25747629278e-05, 8.84058172232e-05, 0.000101859965071, 1.07362787105e-07],
        "dvar": [5.69733096256e-08, 4.17352748627e-05, 6.78057131154e-06, 1.83982092494e-06, 2.55566155829e-05, 4.99655743624e-06, 1.42073031384e-05, 2.54613587458e-05, 1.69443828781e-05, 1.16084547699e-05, 8.23367088287e-07, 1.01215800896e-06, 8.62866784246e-07, 6.50853280604e-07, 3.35007001695e-07, 2.36121337593e-07, 4.561383804e-08, 2.35076385025e-08, 3.31346186044e-08, 1.30472335158e-08, 1.23251790995e-08, 3.05122682676e-08, 2.37167068207e-08, 9.20508558266e-09, 9.31696764184e-09, 2.70232280997e-08, 3.49764637283e-14],
        "dvar2": [1.46538923218e-07, 0.000104337770608, 1.90939845197e-05, 4.64479990114e-06, 5.95497440372e-05, 1.14493359433e-05, 3.44990148733e-05, 5.74872028665e-05, 3.38480240316e-05, 2.34263134189e-05, 1.87953071418e-06, 2.33902778746e-06, 1.87035755062e-06, 1.42026874528e-06, 8.10000130969e-07, 4.45601557431e-07, 1.12626167947e-07, 5.44134763913e-08, 6.5567022034e-08, 3.04331102541e-08, 3.09948511301e-08, 7.42235002349e-08, 6.16021083033e-08, 2.34745876071e-08, 2.42386715144e-08, 7.33598142233e-08, 9.26859500608e-14],
        "max": [0.0029337441083, 0.0658930391073, 0.0321765877306, 0.0193842686713, 0.0649676695466, 0.0317290201783, 0.0416506007314, 0.0562804117799, 0.0556672997773, 0.0453603640199, 0.0139235379174, 0.0170368310064, 0.0102401357144, 0.011142719537, 0.00904782954603, 0.0092113437131, 0.00252783065662, 0.0028289782349, 0.00329466140829, 0.00256892782636, 0.00179670820944, 0.00259574432857, 0.00316981831565, 0.00114130647853, 0.00136283179745, 0.00228956039064, 2.49410572906e-06],
        "mean": [0.000107712694444, 0.00459931697696, 0.00297714304179, 0.00156401190907, 0.00836027599871, 0.00276260823011, 0.00248140329495, 0.00285405735485, 0.00286385649815, 0.00330501701683, 0.000436704780441, 0.000571899290662, 0.000881883490365, 0.000644757237751, 0.00036199868191, 0.000351284485077, 0.000207251578104, 0.000157675924129, 0.000148209321196, 8.71133015607e-05, 8.7527136202e-05, 0.000164841447258, 0.000117679264804, 7.06562204869e-05, 7.69127145759e-05, 5.81961685384e-05, 4.47662671377e-08],
        "median": [2.60456963588e-05, 0.00315159722231, 0.00172512792051, 0.000913643685635, 0.00545121496543, 0.00161279330496, 0.00118069746532, 0.000654685078189, 0.000594867102336, 0.000354901072569, 7.54260181566e-05, 0.000139918192872, 0.00020880671218, 0.000195925560547, 0.000156464069732, 9.16854478419e-05, 8.96595738595e-05, 6.29499700153e-05, 5.55323931621e-05, 3.18270613207e-05, 4.81145725644e-05, 8.56638362166e-05, 6.47605047561e-05, 3.64209445252e-05, 4.78610672872e-05, 2.34929575527e-05, 1.63149715959e-09],
        "min": [6.20722175881e-08, 1.72114346242e-06, 2.46451008934e-06, 2.31034476883e-07, 1.25119913719e-05, 3.82824964618e-06, 1.75307388872e-06, 5.08461596382e-07, 4.65451137188e-07, 1.86725472417e-07, 8.59124327235e-08, 6.24614813205e-08, 1.29555985495e-07, 6.76796005905e-08, 2.58208849857e-08, 5.62552529004e-08, 3.5388438846e-08, 6.01894640795e-08, 3.97139530151e-08, 1.12741808778e-07, 1.17312531245e-07, 9.66092343901e-08, 3.68384753813e-08, 1.72651706265e-08, 7.96954857663e-09, 1.95547675275e-10, 6.32838356371e-12],
        "var": [5.69340983247e-08, 4.08460728067e-05, 1.05644403448e-05, 3.73631746697e-06, 6.74538896419e-05, 1.22419924082e-05, 1.97039698833e-05, 3.63140134141e-05, 3.79155826522e-05, 4.55101762782e-05, 1.17410593248e-06, 1.50117216435e-06, 2.49849040301e-06, 1.39965482049e-06, 4.77873982163e-07, 8.7500546897e-07, 9.05104187154e-08, 6.15791222458e-08, 7.79494087055e-08, 3.01432976357e-08, 1.51351233768e-08, 4.85801834316e-08, 2.7373189937e-08, 1.03375592531e-08, 9.65622337645e-09, 1.86859505646e-08, 2.61613257777e-14]
    },
    "erbbands": {
        "dmean": [0.082879409194, 0.788584530354, 2.04610180855, 2.17534446716, 6.6822810173, 16.9692611694, 17.1165752411, 10.4228744507, 23.272026062, 24.0682163239, 46.1416511536, 38.8936653137, 40.0871162415, 28.4237308502, 12.4258766174, 13.734796524, 18.4653949738, 16.1306591034, 16.7751064301, 10.9054994583, 10.2871417999, 6.7076458931, 4.90333414078, 3.16586065292, 4.99867248535, 2.39957737923, 2.22347807884, 2.35209679604, 3.42173409462, 2.96169304848, 1.91871058941, 1.19009101391, 0.831897854805, 0.592239201069, 0.437378436327, 0.341935396194, 0.0946414545178, 0.00628713471815, 0.000129182997625, 1.7184904209e-05],
        "dmean2": [0.128486886621, 1.29679596424, 3.51974487305, 3.61747646332, 10.7798871994, 27.7367019653, 27.0528354645, 16.4368896484, 38.3586578369, 37.0109367371, 69.8857879639, 55.0045318604, 55.1428413391, 38.1059303284, 18.0744075775, 20.6555080414, 27.6231994629, 24.155090332, 25.7377796173, 16.7460021973, 15.001036644, 10.4452781677, 7.38164901733, 4.69618606567, 7.39783906937, 3.69083809853, 3.58395266533, 3.5932507515, 5.20667314529, 4.56383943558, 2.94308423996, 1.87861442566, 1.34224462509, 0.964911341667, 0.715367019176, 0.573011398315, 0.163160949945, 0.0110249565914, 0.000220322632231, 2.62590438069e-05],
        "dvar": [0.0376190245152, 2.25192046165, 10.4612340927, 6.61184835434, 104.976173401, 582.839172363, 645.273193359, 408.930297852, 2720.76293945, 3830.51660156, 14594.1435547, 10099.9648438, 7984.74609375, 4301.89306641, 1159.55883789, 1467.3001709, 1639.02075195, 1406.93725586, 1457.1496582, 353.172851562, 1018.33148193, 139.813217163, 72.4490356445, 27.6127243042, 134.523300171, 19.6036891937, 31.790304184, 12.8708820343, 31.7669219971, 66.662399292, 11.846159935, 5.53566837311, 2.26759409904, 1.20184421539, 0.632841348648, 0.739430367947, 0.0800360962749, 0.00038237683475, 1.41732712677e-07, 5.71621971979e-10],
        "dvar2": [0.0856243446469, 5.97104597092, 30.2816562653, 17.5748538971, 230.096939087, 1436.83679199, 1595.08337402, 936.611816406, 6919.58642578, 7879.73193359, 35035.375, 21046.7832031, 15536.5126953, 7469.43994141, 2651.73974609, 3549.78271484, 3645.77807617, 2878.63061523, 3491.56396484, 803.834411621, 1959.54528809, 328.329284668, 161.5496521, 59.5589179993, 248.114273071, 46.0942687988, 84.9769821167, 30.0835895538, 74.2858505249, 178.955062866, 29.1291236877, 14.2260484695, 5.72322797775, 3.1277756691, 1.66023659706, 2.01425695419, 0.216864317656, 0.00104940973688, 3.85323005503e-07, 1.36907363224e-09],
        "max": [1.60876524448, 15.8200063705, 41.3875465393, 26.7356700897, 139.042602539, 299.388214111, 493.390808105, 323.906158447, 647.888671875, 897.971923828, 1690.22753906, 1449.79992676, 1261.15197754, 1139.42468262, 614.647399902, 700.741333008, 571.213928223, 827.699768066, 530.001953125, 231.347305298, 625.380981445, 159.630874634, 145.418731689, 81.0007629395, 235.780532837, 85.0341873169, 103.134048462, 48.272857666, 75.1668014526, 184.080459595, 53.3957443237, 28.6607379913, 14.5950136185, 13.8110971451, 9.60684967041, 12.1262578964, 3.97685456276, 0.275838673115, 0.00545992702246, 0.000345673644915],
        "mean": [0.0998252779245, 1.1531894207, 3.48685789108, 4.18437147141, 11.0249710083, 32.6209907532, 38.9232292175, 19.9494762421, 34.0629997253, 38.2215385437, 68.2969741821, 65.0678863525, 89.2647476196, 66.5825958252, 22.4493179321, 23.4765930176, 39.6225395203, 32.4407730103, 27.9973087311, 17.8831119537, 20.5835342407, 12.5391635895, 9.37214660645, 5.78129148483, 9.2858543396, 3.919911623, 3.20567965508, 3.88573241234, 5.8590836525, 4.90347480774, 3.12353610992, 1.70879292488, 1.15120029449, 0.792910218239, 0.584868073463, 0.350497543812, 0.0848198235035, 0.00526239676401, 0.000134588583023, 4.9597776524e-05],
        "median": [0.0474882088602, 0.862243175507, 2.52751612663, 3.39107656479, 6.29995203018, 18.3805351257, 23.0462284088, 12.5284671783, 14.6601295471, 17.0206317902, 19.0798778534, 19.5591430664, 11.2416677475, 9.99489974976, 6.17275667191, 7.34395933151, 10.2883749008, 9.12265872955, 10.6359062195, 9.24656581879, 5.21183109283, 5.23309659958, 4.51716661453, 2.90112566948, 2.81205368042, 1.61525213718, 1.56073439121, 2.33562874794, 3.02359127998, 2.28253698349, 1.71898376942, 0.899394750595, 0.592925131321, 0.428268820047, 0.360359668732, 0.162152558565, 0.0285496916622, 0.00155609648209, 6.36750337435e-05, 4.70502563985e-05],
        "min": [0.000196901004529, 0.00248562009074, 0.00716373883188, 0.0190231110901, 0.00966647733003, 0.0440756008029, 0.0753849819303, 0.0259565934539, 0.0223609134555, 0.0271615665406, 0.0110776619986, 0.0138594759628, 0.0108714764938, 0.00651047099382, 0.00590771296993, 0.00941184069961, 0.00704508880153, 0.00546516990289, 0.00594261661172, 0.00341286766343, 0.00373491528444, 0.00277889100835, 0.0034654000774, 0.00237989821471, 0.00398680474609, 0.00424584373832, 0.00434658955783, 0.00523226195946, 0.00297790463082, 0.00215344713069, 0.0010996083729, 0.00063652015524, 9.53642593231e-05, 8.47510746098e-05, 6.75935225445e-05, 1.98506677407e-05, 2.98441841551e-06, 1.82209817012e-07, 8.08970739286e-08, 1.58856707344e-07],
        "var": [0.0387093573809, 2.08570814133, 12.74913311, 12.3176317215, 236.714538574, 1424.50952148, 2474.75732422, 718.258972168, 3758.27539062, 6038.94628906, 18855.0371094, 18879.2246094, 28407.9257812, 18707.9355469, 1937.77709961, 2159.45727539, 5118.56542969, 3592.65039062, 2595.53955078, 643.704040527, 3630.72900391, 378.787475586, 189.984786987, 66.6634674072, 398.957641602, 41.5381393433, 30.8803863525, 20.8456230164, 59.6303482056, 67.3847351074, 16.7138175964, 6.07911682129, 2.6529405117, 1.26611042023, 0.619824588299, 0.523889601231, 0.0543625578284, 0.000249229662586, 9.66058451013e-08, 9.04872954344e-10]
    },
    "gfcc": {
        "mean": [12.7854585648, 102.353843689, -94.7294845581, 25.8287754059, -68.3468780518, 17.4386730194, -48.8453636169, 6.07429885864, -23.5577278137, 6.00958347321, -23.2061424255, 2.16342711449, -12.0436468124],
        "cov": [[3682.28515625, -1022.24755859, -761.667724609, -367.457336426, -134.936645508, 294.749389648, 89.2625350952, 313.60333252, -128.818099976, 147.073989868, -132.889160156, 154.705780029, -251.393936157], [-1022.24755859, 822.512268066, 112.736839294, -1.90818631649, 104.287391663, -25.4142627716, 193.558349609, -75.8558273315, 90.3049621582, -77.4761581421, 92.8452529907, -96.933052063, 99.0328063965], [-761.667724609, 112.736839294, 602.168579102, 223.717010498, 82.7844467163, -57.3188018799, -85.0072402954, -42.1323547363, 16.4528884888, 35.3975296021, 2.51603078842, -7.09177398682, 33.5775947571], [-367.457336426, -1.90818631649, 223.717010498, 571.978515625, 145.052734375, -134.688049316, -153.141174316, -46.6914329529, 85.3648376465, -29.3025226593, 60.8237457275, -11.9400568008, 52.9850234985], [-134.936645508, 104.287391663, 82.7844467163, 145.052734375, 212.154922485, -1.27772831917, -26.590877533, -1.0621265173, 33.1053276062, 12.6359796524, 8.28496265411, -0.157144740224, 6.83858537674], [294.749389648, -25.4142627716, -57.3188018799, -134.688049316, -1.27772831917, 237.861572266, 143.509292603, 28.6298866272, -48.7639045715, 25.7148761749, -16.4895324707, -4.37643289566, -26.7584590912], [89.2625350952, 193.558349609, -85.0072402954, -153.141174316, -26.590877533, 143.509292603, 320.735351562, 41.0473213196, -37.0530891418, -10.2730712891, 3.03491067886, 0.0878685414791, -7.29975938797], [313.60333252, -75.8558273315, -42.1323547363, -46.6914329529, -1.0621265173, 28.6298866272, 41.0473213196, 126.10181427, 9.37536621094, 15.5020284653, -15.9989995956, 12.3246231079, -14.5626735687], [-128.818099976, 90.3049621582, 16.4528884888, 85.3648376465, 33.1053276062, -48.7639045715, -37.0530891418, 9.37536621094, 122.488342285, 4.00293016434, 2.16412043571, -16.5401935577, 15.9552793503], [147.073989868, -77.4761581421, 35.3975296021, -29.3025226593, 12.6359796524, 25.7148761749, -10.2730712891, 15.5020284653, 4.00293016434, 108.638145447, 9.04559707642, 7.62336874008, -40.2585601807], [-132.889160156, 92.8452529907, 2.51603078842, 60.8237457275, 8.28496265411, -16.4895324707, 3.03491067886, -15.9989995956, 2.16412043571, 9.04559707642, 97.3353881836, -7.19514751434, 3.10030937195], [154.705780029, -96.933052063, -7.09177398682, -11.9400568008, -0.157144740224, -4.37643289566, 0.0878685414791, 12.3246231079, -16.5401935577, 7.62336874008, -7.19514751434, 81.5333633423, -8.37393569946], [-251.393936157, 99.0328063965, 33.5775947571, 52.9850234985, 6.83858537674, -26.7584590912, -7.29975938797, -14.5626735687, 15.9552793503, -40.2585601807, 3.10030937195, -8.37393569946, 94.5512619019]],
        "icov": [[0.000855824793689, 0.000407251558499, 0.000936511030886, -0.000313288619509, 0.000123488673125, -0.000600134022534, 9.34946219786e-05, -0.0012824338628, 0.000345168547938, -0.000610666815192, 0.000595879799221, -0.000667559274007, 0.00092591100838], [0.000407251558499, 0.00685792835429, -0.00159111898392, 0.00359022943303, -0.00461000017822, 0.00241571897641, -0.00536636915058, 0.00331388134509, -0.00552035309374, 0.00404163775966, -0.00645758071914, 0.00500474730507, -0.00312645174563], [0.000936511030886, -0.00159111898392, 0.00383691862226, -0.0023502537515, 0.00128768070135, -0.0012383190915, 0.00172751536593, -0.00212799967267, 0.00273037212901, -0.00346306455322, 0.00350860413164, -0.00210899789818, 0.00123593676835], [-0.000313288619509, 0.00359022943303, -0.0023502537515, 0.00561006367207, -0.00432381685823, 0.00227640289813, -0.00217898748815, 0.00286647491157, -0.00464092474431, 0.00406997324899, -0.00596924079582, 0.00303760706447, -0.00269146962091], [0.000123488673125, -0.00461000017822, 0.00128768070135, -0.00432381685823, 0.00940289441496, -0.00300090527162, 0.00379557348788, -0.00310462666675, 0.00313969235867, -0.00388192734681, 0.00519360415637, -0.00418000714853, 0.00268487702124], [-0.000600134022534, 0.00241571897641, -0.0012383190915, 0.00227640289813, -0.00300090527162, 0.00847342051566, -0.00492334971204, 0.0021903521847, -0.000536593899596, 0.000394072878407, -0.00199405220337, 0.00386090995744, -0.00172378169373], [9.34946219786e-05, -0.00536636915058, 0.00172751536593, -0.00217898748815, 0.00379557348788, -0.00492334971204, 0.00930719077587, -0.00438111182302, 0.0045355912298, -0.00207071658224, 0.00406373105943, -0.00458472268656, 0.0026664766483], [-0.0012824338628, 0.00331388134509, -0.00212799967267, 0.00286647491157, -0.00310462666675, 0.0021903521847, -0.00438111182302, 0.0134396441281, -0.00540657527745, 0.00229170662351, -0.00346194626763, 0.00277739507146, -0.00290755857714], [0.000345168547938, -0.00552035309374, 0.00273037212901, -0.00464092474431, 0.00313969235867, -0.000536593899596, 0.0045355912298, -0.00540657527745, 0.0156994517893, -0.00590262236074, 0.00714733405039, -0.00231116148643, 0.00186779000796], [-0.000610666815192, 0.00404163775966, -0.00346306455322, 0.00406997324899, -0.00388192734681, 0.000394072878407, -0.00207071658224, 0.00229170662351, -0.00590262236074, 0.0164309274405, -0.00756563432515, 0.00274860626087, 0.00216122227721], [0.000595879799221, -0.00645758071914, 0.00350860413164, -0.00596924079582, 0.00519360415637, -0.00199405220337, 0.00406373105943, -0.00346194626763, 0.00714733405039, -0.00756563432515, 0.0194872487336, -0.00468704896048, 0.00380610884167], [-0.000667559274007, 0.00500474730507, -0.00210899789818, 0.00303760706447, -0.00418000714853, 0.00386090995744, -0.00458472268656, 0.00277739507146, -0.00231116148643, 0.00274860626087, -0.00468704896048, 0.0180604197085, -0.00318782217801], [0.00092591100838, -0.00312645174563, 0.00123593676835, -0.00269146962091, 0.00268487702124, -0.00172378169373, 0.0026664766483, -0.00290755857714, 0.00186779000796, 0.00216122227721, 0.00380610884167, -0.00318782217801, 0.0166559983045]]
    },
    "melbands": {
        "dmean": [0.000816803891212, 0.00103545957245, 0.000472082727356, 0.00083481951151, 0.000649981840979, 0.000243198708631, 0.000343023304595, 0.000301150575979, 0.000379205332138, 0.000231599638937, 0.000212110069697, 0.000139289913932, 4.13345587731e-05, 4.27548147854e-05, 3.62225546269e-05, 4.39070863649e-05, 3.11918338411e-05, 3.24005304719e-05, 1.46433667396e-05, 1.29193240355e-05, 1.26795648612e-05, 7.27393125999e-06, 5.98645010541e-06, 4.43597673438e-06, 2.4336388833e-06, 3.89991373595e-06, 3.04604395751e-06, 1.37540394007e-06, 1.39073040373e-06, 1.38466157296e-06, 1.45814863117e-06, 2.06006825465e-06, 2.01717102755e-06, 1.60927368142e-06, 1.14838519494e-06, 9.82025994745e-07, 6.98825317613e-07, 6.10912081811e-07, 5.62317950425e-07, 5.13122415668e-07],
        "dmean2": [0.0012911928352, 0.00174074538518, 0.000763640273362, 0.00134671956766, 0.00104008044582, 0.000381773337722, 0.000564777583349, 0.000446422578534, 0.00057454535272, 0.000325851782691, 0.000294338271488, 0.000189388316358, 6.09677190369e-05, 6.44166284474e-05, 5.28690216015e-05, 6.64051622152e-05, 4.6692261094e-05, 5.01579706906e-05, 2.2528343834e-05, 1.93282085093e-05, 1.92256775335e-05, 1.15888751679e-05, 9.15473901841e-06, 6.6925158535e-06, 3.73412990484e-06, 5.58896545044e-06, 4.65088942292e-06, 2.22290486818e-06, 2.27950431508e-06, 2.19455750994e-06, 2.28834096561e-06, 3.15340525958e-06, 3.19068590215e-06, 2.51197889156e-06, 1.74682372744e-06, 1.55897680543e-06, 1.12948077913e-06, 9.9039914403e-07, 9.12715222512e-07, 8.48113927532e-07],
        "dvar": [3.12574388772e-06, 2.83078429675e-06, 3.45053905448e-07, 1.39772555485e-06, 7.62680372191e-07, 1.88510469457e-07, 5.80648759296e-07, 5.31066120857e-07, 9.32487068894e-07, 3.34281310188e-07, 2.33377846826e-07, 1.04099996179e-07, 1.44861473927e-08, 1.63570881284e-08, 7.38861949401e-09, 9.86436710093e-09, 5.30447863412e-09, 5.19223997131e-09, 7.98466459617e-10, 6.11439565645e-10, 1.63388891306e-09, 1.81900355889e-10, 9.71326075128e-11, 9.40485675449e-11, 1.9721408534e-11, 9.62559060236e-11, 4.02686287093e-11, 7.06762599834e-12, 1.38651330001e-11, 7.75745179898e-12, 4.6692098972e-12, 1.06615220125e-11, 1.44732099569e-11, 2.86609590228e-11, 3.78457421651e-12, 3.22986299164e-12, 2.00031939797e-12, 1.2308919075e-12, 1.22048508452e-12, 9.17103307359e-13],
        "dvar2": [7.44547514842e-06, 8.04203773441e-06, 8.72498219451e-07, 3.20700701195e-06, 1.84758857813e-06, 4.32697163433e-07, 1.45568048993e-06, 1.0832316093e-06, 2.27297368838e-06, 6.84132430706e-07, 4.59861354329e-07, 1.93195035081e-07, 3.31048219948e-08, 3.66300660914e-08, 1.62846376384e-08, 2.19859455086e-08, 1.09996109998e-08, 1.22158096971e-08, 1.88541782187e-09, 1.36494060499e-09, 3.11352232885e-09, 4.37715058643e-10, 2.18210782776e-10, 2.19395765444e-10, 4.49480591636e-11, 1.73861383623e-10, 8.28925053598e-11, 1.76765338478e-11, 3.76257323909e-11, 1.96725968848e-11, 1.12683881323e-11, 2.43918392429e-11, 3.56733323437e-11, 7.83632880808e-11, 9.17942197948e-12, 8.06332778325e-12, 5.26875374926e-12, 3.10775580617e-12, 3.19800132556e-12, 2.40220256881e-12],
        "max": [0.0167055204511, 0.0216063559055, 0.0079851243645, 0.0144361155108, 0.0144034698606, 0.00672006094828, 0.00913581158966, 0.0106300674379, 0.0140378195792, 0.00792391598225, 0.00636549014598, 0.00472458684817, 0.00220538582653, 0.00255899364129, 0.0014403865207, 0.00134194875136, 0.00138439307921, 0.000884183449671, 0.000349702633685, 0.000382828962756, 0.00074202963151, 0.000216007669223, 0.000114412861876, 0.000207245175261, 7.94598599896e-05, 0.000207185061299, 0.000173005857505, 2.91122669296e-05, 6.55730109429e-05, 5.56017439521e-05, 2.53861508099e-05, 3.7355319364e-05, 4.71152561659e-05, 0.000125662991195, 2.57014435192e-05, 2.08516048588e-05, 1.75599088834e-05, 1.03944475995e-05, 1.61077077792e-05, 1.01753448689e-05],
        "mean": [0.00109943945426, 0.0017714157002, 0.00089875550475, 0.00152288179379, 0.00149809091818, 0.000469099701149, 0.000495375366881, 0.000471016508527, 0.000553415040486, 0.000387728272472, 0.000472017447464, 0.00032007615664, 6.99085940141e-05, 6.59903089399e-05, 6.53773095109e-05, 9.20641905395e-05, 5.58966421522e-05, 5.13957820658e-05, 2.21537466132e-05, 2.07525590668e-05, 2.46610125032e-05, 1.25981596284e-05, 9.96871040115e-06, 7.51065363147e-06, 3.91334560845e-06, 6.74815100865e-06, 5.44468593944e-06, 1.89743002466e-06, 1.82305939234e-06, 2.05506967177e-06, 2.29158285947e-06, 3.31530236508e-06, 3.31562296196e-06, 2.48301284955e-06, 1.81098266694e-06, 1.4330016711e-06, 8.81927292085e-07, 7.90399326434e-07, 7.55883718284e-07, 6.32628598396e-07],
        "median": [0.00070377974771, 0.00144612777513, 0.000696445989888, 0.000898086465895, 0.000959489087109, 0.000289936782792, 0.000218774803216, 0.000177858193638, 0.000156829453772, 8.12483922346e-05, 4.48025202786e-05, 3.49535985151e-05, 1.57712329383e-05, 1.69972317963e-05, 1.90949158423e-05, 1.92366114788e-05, 1.46422307807e-05, 1.69830109371e-05, 1.03199836303e-05, 9.3128746812e-06, 5.13982831762e-06, 4.95586618854e-06, 4.45988416686e-06, 2.68539383796e-06, 1.80091501534e-06, 2.11539258999e-06, 1.54150245635e-06, 8.33718786453e-07, 7.74816385274e-07, 1.12695522603e-06, 1.35053403483e-06, 1.61724028658e-06, 1.46764318742e-06, 1.09364850687e-06, 9.36122035e-07, 7.38419771551e-07, 4.0666796508e-07, 3.62566964895e-07, 3.88308137644e-07, 3.08421050477e-07],
        "min": [5.22216623722e-07, 3.28884743794e-06, 3.58529655387e-06, 1.72771524376e-06, 2.73210866908e-06, 5.60114301607e-07, 3.58951325552e-07, 1.90641074482e-07, 7.49858628524e-08, 9.1061011176e-08, 4.95808514245e-08, 2.32181882609e-08, 1.28911539221e-08, 6.94489354913e-09, 1.92611988581e-08, 8.40239078315e-09, 6.92060497798e-09, 5.37576516635e-09, 1.84517556789e-09, 5.81454129289e-09, 3.98884436592e-09, 2.32331087702e-09, 2.01767980101e-09, 3.27014637591e-09, 1.1654371912e-09, 1.95784699564e-09, 3.4733653731e-09, 2.13575068742e-09, 1.88323423522e-09, 2.82245737893e-09, 2.68065392106e-09, 1.44956679993e-09, 1.4552137273e-09, 7.58435148018e-10, 4.15964845901e-10, 6.18038231703e-10, 1.89403631667e-10, 5.65861628388e-11, 2.27028274652e-11, 3.90872161027e-11],
