{
"highlevel": {
    "danceability": {
        "all": {
            "danceable": 0.982655286789,
            "not_danceable": 0.0173446983099
        },
        "probability": 0.982655286789,
        "value": "danceable"
    },
    "gender": {
        "all": {
            "female": 0.389913082123,
            "male": 0.610086917877
        },
        "probability": 0.610086917877,
        "value": "male"
    },
    "genre_dortmund": {
        "all": {
            "alternative": 0.0576866567135,
            "blues": 0.127714827657,
            "electronic": 0.0517657659948,
            "folkcountry": 0.0713258311152,
            "funksoulrnb": 0.151415467262,
            "jazz": 0.170638099313,
            "pop": 0.105438038707,
            "raphiphop": 0.19782319665,
            "rock": 0.0661921203136
        },
        "probability": 0.19782319665,
        "value": "raphiphop"
    },
    "genre_electronic": {
        "all": {
            "ambient": 0.587048470974,
            "dnb": 0.092595435679,
            "house": 0.119989037514,
            "techno": 0.0120835565031,
            "trance": 0.188283503056
        },
        "probability": 0.587048470974,
        "value": "ambient"
    },
    "genre_rosamerica": {
        "all": {
            "cla": 0.00191061408259,
            "dan": 0.00601212261245,
            "hip": 0.0334044061601,
            "jaz": 0.00173852453008,
            "pop": 0.396933168173,
            "rhy": 0.552134752274,
            "roc": 0.00752169685438,
            "spe": 0.000344714731909
        },
        "probability": 0.552134752274,
        "value": "rhy"
    },
    "genre_tzanetakis": {
        "all": {
            "blu": 0.0610442385077,
            "cla": 0.0339068844914,
            "cou": 0.0610288381577,
            "dis": 0.0508533753455,
            "hip": 0.152552962303,
            "jaz": 0.15253444016,
            "met": 0.0610075257719,
            "pop": 0.0610079243779,
            "reg": 0.0610093250871,
            "roc": 0.305054485798
        },
        "probability": 0.305054485798,
        "value": "roc"
    },
    "ismir04_rhythm": {
        "all": {
            "ChaChaCha": 0.577694118023,
            "Jive": 0.0582849979401,
            "Quickstep": 0.0198968257755,
            "Rumba-American": 0.020063707605,
            "Rumba-International": 0.0639169886708,
            "Rumba-Misc": 0.0228631868958,
            "Samba": 0.113226987422,
            "Tango": 0.0201989002526,
            "VienneseWaltz": 0.0936264917254,
            "Waltz": 0.0102277817205
        },
        "probability": 0.577694118023,
        "value": "ChaChaCha"
    },
    "mood_acoustic": {
        "all": {
            "acoustic": 0.0741471275687,
            "not_acoustic": 0.925852894783
        },
        "probability": 0.925852894783,
        "value": "not_acoustic"
    },
    "mood_aggressive": {
        "all": {
            "aggressive": 0.00963384006172,
            "not_aggressive": 0.99036616087
        },
        "probability": 0.99036616087,
        "value": "not_aggressive"
    },
    "mood_electronic": {
        "all": {
            "electronic": 0.643325805664,
            "not_electronic": 0.356674164534
        },
        "probability": 0.643325805664,
        "value": "electronic"
    },
    "mood_happy": {
        "all": {
            "happy": 0.662583470345,
            "not_happy": 0.337416559458
        },
        "probability": 0.662583470345,
        "value": "happy"
    },
    "mood_party": {
        "all": {
            "not_party": 0.882503628731,
            "party": 0.11749638617
        },
        "probability": 0.882503628731,
        "value": "not_party"
    },
    "mood_relaxed": {
        "all": {
            "not_relaxed": 0.710053741932,
            "relaxed": 0.289946228266
        },
        "probability": 0.710053741932,
        "value": "not_relaxed"
    },
    "mood_sad": {
        "all": {
            "not_sad": 0.518446147442,
            "sad": 0.481553852558
        },
        "probability": 0.518446147442,
        "value": "not_sad"
    },
    "moods_mirex": {
        "all": {
            "Cluster1": 0.0847623422742,
            "Cluster2": 0.418825417757,
            "Cluster3": 0.0593551769853,
            "Cluster4": 0.239528626204,
            "Cluster5": 0.19752843678
        },
        "probability": 0.418825417757,
        "value": "Cluster2"
    },
    "timbre": {
        "all": {
            "bright": 0.925944268703,
            "dark": 0.0740557014942
        },
        "probability": 0.925944268703,
        "value": "bright"
    },
    "tonal_atonal": {
        "all": {
            "atonal": 0.00804083608091,
            "tonal": 0.991959154606
        },
        "probability": 0.991959154606,
        "value": "tonal"
    },
    "voice_instrumental": {
        "all": {
            "instrumental": 0.224494665861,
            "voice": 0.775505304337
        },
        "probability": 0.775505304337,
        "value": "voice"
    }
},
"lowlevel": {
    "average_loudness": 0.961080491543,
    "barkbands_crest": {
        "dmean": 3.2197227478,
        "dmean2": 4.83831119537,
        "dvar": 9.40814685822,
        "dvar2": 21.1068649292,
        "max": 26.2594490051,
        "mean": 12.1436014175,
        "median": 11.2373809814,
        "min": 3.19996356964,
        "var": 24.6135101318
    },
    "barkbands_flatness_db": {
        "dmean": 0.0273015294224,
        "dmean2": 0.0393558368087,
        "dvar": 0.000765015836805,
        "dvar2": 0.00154272676446,
        "max": 0.414397865534,
        "mean": 0.168443024158,
        "median": 0.160827428102,
        "min": 0.0622491836548,
        "var": 0.00223388615996
    },
    "barkbands_kurtosis": {
        "dmean": 4.26489448547,
        "dmean2": 6.49396419525,
        "dvar": 111.073600769,
        "dvar2": 225.312835693,
        "max": 160.43081665,
        "mean": 4.81944990158,
        "median": 1.4252243042,
        "min": -1.86370098591,
        "var": 154.0909729
    },
    "barkbands_skewness": {
        "dmean": 0.711280107498,
        "dmean2": 1.03374004364,
        "dvar": 0.839665353298,
        "dvar2": 1.70413315296,
        "max": 11.4091329575,
        "mean": 1.40197968483,
        "median": 1.09917283058,
        "min": -1.39730668068,
        "var": 1.93477725983
    },
    "barkbands_spread": {
        "dmean": 8.24521827698,
        "dmean2": 13.1458749771,
        "dvar": 147.599822998,
        "dvar2": 369.564117432,
        "max": 103.635032654,
        "mean": 21.1518821716,
        "median": 17.0519580841,
        "min": 0.586360931396,
        "var": 219.40083313
    },
    "dissonance": {
        "dmean": 0.0275838654488,
        "dmean2": 0.0460568852723,
        "dvar": 0.000659890589304,
        "dvar2": 0.00179866747931,
        "max": 0.499262839556,
        "mean": 0.449489802122,
        "median": 0.456991434097,
        "min": 0.281506091356,
        "var": 0.0011148697231
    },
    "dynamic_complexity": 2.13065695763,
    "erbbands_crest": {
        "dmean": 3.39686751366,
        "dmean2": 5.48284006119,
        "dvar": 9.65867328644,
        "dvar2": 24.8696727753,
        "max": 30.0271072388,
        "mean": 11.7951126099,
        "median": 11.0097208023,
        "min": 2.92084479332,
        "var": 22.8496341705
    },
    "erbbands_flatness_db": {
        "dmean": 0.0226450897753,
        "dmean2": 0.0331179872155,
        "dvar": 0.000454699853435,
        "dvar2": 0.00100168655626,
        "max": 0.335028976202,
        "mean": 0.183123379946,
        "median": 0.18489356339,
        "min": 0.0622402019799,
        "var": 0.0021288250573
    },
    "erbbands_kurtosis": {
        "dmean": 1.71655297279,
        "dmean2": 2.71126937866,
        "dvar": 6.43849372864,
        "dvar2": 14.4965820312,
        "max": 53.9538726807,
        "mean": 1.87060391903,
        "median": 0.929136753082,
        "min": -1.79988253117,
        "var": 12.675485611
    },
    "erbbands_skewness": {
        "dmean": 0.510391294956,
        "dmean2": 0.779658079147,
        "dvar": 0.253908514977,
        "dvar2": 0.591568171978,
        "max": 6.27526473999,
        "mean": 0.710107862949,
        "median": 0.671869814396,
        "min": -2.15409421921,
        "var": 0.786690890789
    },
    "erbbands_spread": {
        "dmean": 9.91674423218,
        "dmean2": 15.1779632568,
        "dvar": 157.430557251,
        "dvar2": 369.544342041,
        "max": 111.359489441,
        "mean": 29.3119678497,
        "median": 25.0288333893,
        "min": 2.63053894043,
        "var": 324.155853271
    },
    "hfc": {
        "dmean": 14.5102233887,
        "dmean2": 22.1734294891,
        "dvar": 607.763061523,
        "dvar2": 1546.97241211,
        "max": 227.050918579,
        "mean": 28.2041702271,
        "median": 23.9686946869,
        "min": 0.406618654728,
        "var": 689.205993652
    },
    "melbands_crest": {
        "dmean": 3.78667140007,
        "dmean2": 5.78927564621,
        "dvar": 13.5506372452,
        "dvar2": 29.8424949646,
        "max": 36.1028747559,
        "mean": 17.0757694244,
        "median": 16.0982875824,
        "min": 4.37254571915,
        "var": 45.7611732483
    },
    "melbands_flatness_db": {
        "dmean": 0.033559512347,
        "dmean2": 0.0465109460056,
        "dvar": 0.00134777463973,
        "dvar2": 0.00261691748165,
        "max": 0.523112952709,
        "mean": 0.202236279845,
        "median": 0.188643231988,
        "min": 0.0634654685855,
        "var": 0.00478414585814
    },
    "melbands_kurtosis": {
        "dmean": 8.04651927948,
        "dmean2": 12.0819349289,
        "dvar": 357.863555908,
        "dvar2": 758.351257324,
        "max": 362.16506958,
        "mean": 10.9902944565,
        "median": 4.01262998581,
        "min": -1.28426146507,
        "var": 517.532958984
    },
    "melbands_skewness": {
        "dmean": 0.847009241581,
        "dmean2": 1.24005687237,
        "dvar": 1.1035528183,
        "dvar2": 2.0913310051,
        "max": 14.8917427063,
        "mean": 2.06082201004,
        "median": 1.60455417633,
        "min": -1.25619792938,
        "var": 3.06298542023
    },
    "melbands_spread": {
        "dmean": 8.69492912292,
        "dmean2": 13.0392532349,
        "dvar": 164.578018188,
        "dvar2": 382.930328369,
        "max": 134.090911865,
        "mean": 24.8686122894,
        "median": 21.0972938538,
        "min": 0.624765753746,
        "var": 297.670379639
    },
    "pitch_salience": {
        "dmean": 0.0820479243994,
        "dmean2": 0.123542398214,
        "dvar": 0.00643244851381,
        "dvar2": 0.0148484520614,
        "max": 0.833370387554,
        "mean": 0.497626423836,
        "median": 0.508211672306,
        "min": 0.063885293901,
        "var": 0.0192270781845
    },
    "silence_rate_20dB": {
        "dmean": 0,
        "dmean2": 0,
        "dvar": 0,
        "dvar2": 0,
        "max": 1,
        "mean": 1,
        "median": 1,
        "min": 1,
        "var": 0
    },
    "silence_rate_30dB": {
        "dmean": 0.0325077399611,
        "dmean2": 0.0650658383965,
        "dvar": 0.0314509123564,
        "dvar2": 0.0887182801962,
        "max": 1,
        "mean": 0.98143851757,
        "median": 1,
        "min": 0,
        "var": 0.0182173885405
    },
    "silence_rate_60dB": {
        "dmean": 0.0278637763113,
        "dmean2": 0.0557707212865,
        "dvar": 0.0270875636488,
        "dvar2": 0.0588571317494,
        "max": 1,
        "mean": 0.0301624126732,
        "median": 0,
        "min": 0,
        "var": 0.0292524173856
    },
    "spectral_centroid": {
        "dmean": 300.147491455,
        "dmean2": 442.934295654,
        "dvar": 135402.171875,
        "dvar2": 291544.5,
        "max": 3774.81567383,
        "mean": 1368.46838379,
        "median": 1324.60949707,
        "min": 163.980422974,
        "var": 304415.5625
    },
    "spectral_complexity": {
        "dmean": 3.27631568909,
        "dmean2": 4.75755214691,
        "dvar": 16.817533493,
        "dvar2": 27.2185707092,
        "max": 53,
        "mean": 15.7865428925,
        "median": 16,
        "min": 2,
        "var": 42.8284225464
    },
    "spectral_decrease": {
        "dmean": 2.75140488171e-09,
        "dmean2": 4.01280741968e-09,
        "dvar": 1.96973111283e-17,
        "dvar2": 3.86905625152e-17,
        "max": -1.63897506678e-10,
        "mean": -7.40418437672e-09,
        "median": -6.02811001116e-09,
        "min": -4.00724964322e-08,
        "var": 3.829590141e-17
    },
    "spectral_energy": {
        "dmean": 0.0113646499813,
        "dmean2": 0.0163955762982,
        "dvar": 0.000291058415314,
        "dvar2": 0.000567460549064,
        "max": 0.156437084079,
        "mean": 0.0305033102632,
        "median": 0.0254798792303,
        "min": 0.000686199928168,
        "var": 0.000588016118854
    },
    "spectral_energyband_high": {
        "dmean": 0.00113748188596,
        "dmean2": 0.00196125544608,
        "dvar": 1.43609850056e-05,
        "dvar2": 4.08938685723e-05,
        "max": 0.0377586558461,
        "mean": 0.00112381973304,
        "median": 0.000368183798855,
        "min": 2.18535001295e-06,
        "var": 9.01516068552e-06
    },
    "spectral_energyband_low": {
        "dmean": 0.00469951564446,
        "dmean2": 0.00702645350248,
        "dvar": 0.000228512450121,
        "dvar2": 0.000437706126831,
        "max": 0.12983673811,
        "mean": 0.0104753663763,
        "median": 0.00101277185604,
        "min": 1.95413326765e-06,
        "var": 0.000411448563682
    },
    "spectral_energyband_middle_high": {
        "dmean": 0.00332480692305,
        "dmean2": 0.0046168952249,
        "dvar": 2.20587589865e-05,
        "dvar2": 4.93954103149e-05,
        "max": 0.0714546069503,
        "mean": 0.00778525555506,
        "median": 0.00502905575559,
        "min": 4.88234763907e-05,
        "var": 6.21036742814e-05
    },
    "spectral_energyband_middle_low": {
        "dmean": 0.00698945857584,
        "dmean2": 0.0110760685056,
        "dvar": 0.000149402709212,
        "dvar2": 0.000381621037377,
        "max": 0.113623715937,
        "mean": 0.0117689743638,
        "median": 0.00716829067096,
        "min": 0.0002387882123,
        "var": 0.000167735270225
    },
    "spectral_entropy": {
        "dmean": 0.253253132105,
        "dmean2": 0.378694713116,
        "dvar": 0.0657618865371,
        "dvar2": 0.157337203622,
        "max": 8.72260951996,
        "mean": 7.27050924301,
        "median": 7.2303853035,
        "min": 5.88965320587,
        "var": 0.172012537718
    },
    "spectral_flux": {
        "dmean": 0.0382314063609,
        "dmean2": 0.0551315955818,
        "dvar": 0.00195366633125,
        "dvar2": 0.00313124363311,
        "max": 0.39513745904,
        "mean": 0.0949176028371,
        "median": 0.0752867236733,
        "min": 0.0115949185565,
        "var": 0.00477469526231
    },
    "spectral_kurtosis": {
        "dmean": 2.16236662865,
        "dmean2": 3.37005257607,
        "dvar": 4.43662405014,
        "dvar2": 10.3387908936,
        "max": 28.2081165314,
        "mean": 5.65163135529,
        "median": 5.14908599854,
        "min": -1.06947624683,
        "var": 11.3237791061
    },
    "spectral_rms": {
        "dmean": 0.00096704880707,
        "dmean2": 0.0013252669014,
        "dvar": 1.31321712615e-06,
        "dvar2": 2.32575280279e-06,
        "max": 0.0123540097848,
        "mean": 0.00508606480435,
        "median": 0.00498582189903,
        "min": 0.000818207394332,
        "var": 3.89126716982e-06
    },
    "spectral_rolloff": {
        "dmean": 722.731018066,
        "dmean2": 1252.39550781,
        "dvar": 1998392.125,
        "dvar2": 5157644,
        "max": 11154.1992188,
        "mean": 1653.07226562,
        "median": 1442.72460938,
        "min": 64.599609375,
        "var": 2039922.875
    },
    "spectral_skewness": {
        "dmean": 0.310104995966,
        "dmean2": 0.475344032049,
        "dvar": 0.0888107195497,
        "dvar2": 0.201329499483,
        "max": 4.25022411346,
        "mean": 1.91972470284,
        "median": 1.90607118607,
        "min": 0.173532605171,
        "var": 0.242485880852
    },
    "spectral_spread": {
        "dmean": 1098144.75,
        "dmean2": 1659452.125,
        "dvar": 2.18184626995e+12,
        "dvar2": 5.09037196083e+12,
        "max": 15839813,
        "mean": 5005915.5,
        "median": 4449888,
        "min": 2215260.5,
        "var": 3.86299540275e+12
    },
    "spectral_strongpeak": {
        "dmean": 0.971647262573,
        "dmean2": 1.66412401199,
        "dvar": 3.488956213,
        "dvar2": 9.36936187744,
        "max": 14.5899734497,
        "mean": 1.70617794991,
        "median": 0.759680092335,
        "min": 0,
        "var": 4.22663831711
    },
    "zerocrossingrate": {
        "dmean": 0.0150252301246,
        "dmean2": 0.0186639931053,
        "dvar": 0.000229984492762,
        "dvar2": 0.000353564100806,
        "max": 0.19091796875,
        "mean": 0.0635977834463,
        "median": 0.0595703125,
        "min": 0.0029296875,
        "var": 0.000939375022426
    },
    "barkbands": {
        "dmean": [0.000301133783069, 0.00386761804111, 0.00273776054382, 0.00161599577405, 0.00134495564271, 0.00120240473188, 0.000746916804928, 0.00102239730768, 0.00307529047132, 0.000587828981224, 0.000911328825168, 0.000528391683474, 0.000486229051603, 0.000468012935016, 0.000471910723718, 0.000630343158264, 0.000537381274626, 0.000352109404048, 0.000148810460814, 0.000436745409388, 6.25426619081e-05, 0.000116115814308, 0.000174293047166, 0.000183614829439, 0.000129389954964, 0.000170801111381, 1.63646234341e-08],
        "dmean2": [0.000472327927127, 0.00601292587817, 0.00497098639607, 0.00308793503791, 0.0022832066752, 0.00199142773636, 0.0012412898941, 0.00160075211897, 0.0048044025898, 0.000932636903599, 0.00126451195683, 0.00081607629545, 0.000715855218004, 0.000668140186463, 0.00071726704482, 0.000967247993685, 0.000800115754828, 0.000560416490771, 0.000229193508858, 0.00078748393571, 9.93439971353e-05, 0.000185194396181, 0.000290904194117, 0.000284520763671, 0.000219639463467, 0.000312274263706, 3.11839087885e-08],
        "dvar": [6.79883385146e-07, 0.000165243007359, 0.000151810236275, 4.74662665511e-05, 2.21714271902e-05, 5.60143598705e-06, 1.47521568579e-05, 9.96057406155e-06, 4.15950416937e-05, 7.49496030039e-06, 6.20885884928e-06, 2.75219781543e-06, 1.81726079518e-06, 1.03845070498e-06, 9.97143501991e-07, 3.0502219488e-06, 1.05462436295e-06, 4.57538391174e-07, 1.56868608769e-07, 8.17421368993e-06, 8.12739102685e-08, 7.80861384442e-08, 1.53134607217e-07, 1.29773084723e-07, 1.06468604599e-07, 1.87797596141e-07, 2.32022890213e-14],
        "dvar2": [1.4435288449e-06, 0.000416543247411, 0.000424630910857, 0.00013728288468, 5.69960575376e-05, 1.43494862641e-05, 4.09294989367e-05, 2.35402458202e-05, 0.000100765828392, 1.9988277927e-05, 1.20460535982e-05, 7.51571133151e-06, 4.290947345e-06, 2.04196885534e-06, 2.05780906981e-06, 6.77091702528e-06, 2.41196380557e-06, 1.11497013222e-06, 3.72360545953e-07, 2.36049600062e-05, 2.03547855904e-07, 1.99021329195e-07, 4.14658757109e-07, 3.01084725152e-07, 2.85888575036e-07, 5.16593559041e-07, 6.83881526712e-14],
        "max": [0.00951236765832, 0.122329130769, 0.0884930118918, 0.0475553721189, 0.0559914968908, 0.0260924454778, 0.100046873093, 0.0667926669121, 0.0687338188291, 0.0605099052191, 0.0487622879446, 0.0267063248903, 0.0205681305379, 0.0157722588629, 0.0147357862443, 0.0336452201009, 0.0117745976895, 0.00711667491123, 0.00546701578423, 0.0310743115842, 0.005221799016, 0.00347420154139, 0.00501577695832, 0.00495817419142, 0.0038522942923, 0.00270221033134, 2.68051667263e-06],
        "mean": [0.000751671148464, 0.00743611948565, 0.00169696460944, 0.000956316536758, 0.00149941258132, 0.00163828337099, 0.000816691434011, 0.00151655822992, 0.00518186576664, 0.000898491009139, 0.00158980372362, 0.000795371772256, 0.000648456043564, 0.000768777215853, 0.000715565052815, 0.00082914181985, 0.000897627673112, 0.000449791725259, 0.000198977824766, 0.000334540585754, 6.57934724586e-05, 0.000141635697219, 0.000190566017409, 0.000230273377383, 0.000126105398522, 0.000128482992295, 9.31269550364e-09],
        "median": [1.65306100826e-05, 0.000167432110175, 3.9213016862e-05, 7.72814528318e-05, 0.000573198136408, 0.000908141722903, 0.000243932474405, 0.000428585044574, 0.00203066482209, 0.000186016506632, 0.000265909533482, 0.000204988275073, 0.000167250575032, 0.00017442603712, 0.00017209109501, 0.000155574118253, 0.000330074923113, 0.000184282122063, 0.000101338147942, 6.67619897285e-05, 1.38197829074e-05, 4.88022451464e-05, 6.68105931254e-05, 6.2826256908e-05, 3.23261010635e-05, 1.48908256961e-05, 3.90054516464e-10],
        "min": [5.70774494335e-09, 1.30423984501e-07, 9.54467083147e-08, 1.13054582584e-07, 3.92522224502e-06, 1.44767473103e-05, 3.29322620019e-06, 2.88889214062e-06, 2.48065625783e-05, 1.27054715904e-06, 1.76319758793e-06, 2.11869246414e-06, 1.66373251886e-06, 2.05224910133e-06, 1.38594862165e-06, 1.5816370933e-06, 1.32270008635e-06, 7.37566836051e-07, 6.61417857373e-07, 3.50487738388e-07, 3.1016579527e-08, 1.59078311412e-07, 2.810543549e-07, 2.78442882973e-07, 2.35827801731e-10, 4.22689791155e-12, 7.7884695221e-12],
        "var": [1.47397190631e-06, 0.000197838875465, 9.17337019928e-05, 2.61102286458e-05, 1.84596628969e-05, 5.35523759027e-06, 9.93705089058e-06, 1.38622708619e-05, 6.59178476781e-05, 7.11310167389e-06, 1.39823860081e-05, 4.05773835155e-06, 2.14403894461e-06, 2.49962613452e-06, 1.97825647774e-06, 5.16022873853e-06, 1.96374912775e-06, 5.26648818777e-07, 1.54590324541e-07, 4.62968455395e-06, 6.75390552374e-08, 8.37132105858e-08, 1.29633832557e-07, 2.13969514107e-07, 8.36167330931e-08, 1.22202905573e-07, 1.20145804452e-14]
    },
    "erbbands": {
        "dmean": [0.120757773519, 0.853641092777, 2.42261695862, 5.23334312439, 3.98427700996, 5.25760746002, 6.00695943832, 11.3782930374, 8.19136714935, 15.0621204376, 30.4983348846, 77.3617248535, 26.6025295258, 24.6810512543, 34.7882461548, 17.9727058411, 19.3533153534, 20.7673282623, 18.5988521576, 31.7153339386, 31.7318439484, 25.8979969025, 21.7748756409, 8.76561546326, 7.653652668, 21.0071697235, 8.45000362396, 2.11063432693, 3.50353884697, 5.60644483566, 5.04792881012, 3.09241676331, 3.49072313309, 1.49601352215, 0.936207294464, 0.748000502586, 0.358623862267, 0.0180219504982, 0.000373184942873, 3.17433587043e-05],
        "dmean2": [0.189773693681, 1.31987011433, 4.03250837326, 9.83099555969, 7.10679101944, 8.72794723511, 9.77400684357, 18.9836483002, 13.7213993073, 24.6818637848, 46.9343185425, 120.954864502, 39.5430259705, 35.3764305115, 49.9402275085, 27.7108097076, 27.475446701, 28.8725128174, 27.6105709076, 48.0084648132, 48.1866455078, 38.7461776733, 33.6367912292, 13.4792175293, 11.9937562943, 38.1991500854, 15.2218179703, 3.31977629662, 5.69820928574, 8.9518995285, 8.39668369293, 4.98254489899, 5.39628267288, 2.41550970078, 1.67668581009, 1.35424971581, 0.658301889896, 0.0320187918842, 0.000663129554596, 5.00563473906e-05],
        "dvar": [0.125422790647, 9.10963821411, 94.0468597412, 557.206665039, 213.060379028, 399.533325195, 102.047065735, 613.150817871, 634.571228027, 4782.13525391, 4726.76025391, 32572.7949219, 2941.13964844, 6815.00537109, 10533.1015625, 2399.37451172, 3308.33129883, 2672.52783203, 1741.94104004, 5487.46630859, 10715.0605469, 3314.03125, 1435.07556152, 406.42666626, 429.154327393, 19581.6601562, 2459.22167969, 90.8533935547, 121.653877258, 122.915306091, 117.682121277, 42.6182632446, 49.0819854736, 11.0422620773, 6.81660890579, 3.41349005699, 0.88627666235, 0.00190035870764, 8.23754248813e-07, 3.1339275619e-09],
        "dvar2": [0.323039680719, 21.481212616, 243.856948853, 1599.46069336, 599.128173828, 994.812744141, 260.442047119, 1595.40332031, 1509.18457031, 11710.1132812, 10425.3398438, 78935.2265625, 6695.64501953, 13925.9443359, 26971.265625, 6416.72460938, 7399.70947266, 4276.04394531, 3901.6550293, 12346.2988281, 23051.2832031, 8029.47119141, 3382.1418457, 967.144348145, 897.001281738, 56721.0429688, 7143.13623047, 225.085464478, 325.471374512, 309.175750732, 316.481750488, 106.016387939, 111.187995911, 27.3035469055, 19.0360298157, 9.41141605377, 2.44896411896, 0.00515855709091, 2.24973223339e-06, 8.27880963783e-09],
        "max": [3.05394721031, 28.4132461548, 71.7476119995, 165.805160522, 127.350402832, 289.43182373, 107.671478271, 296.110046387, 569.321655273, 1803.36816406, 1486.68395996, 1959.95422363, 775.272644043, 1830.14355469, 1679.24719238, 817.204406738, 981.93927002, 823.550964355, 976.983154297, 923.535583496, 2296.14624023, 703.309326172, 397.933227539, 261.193267822, 261.416442871, 1519.00683594, 501.218353271, 164.783203125, 146.660247803, 121.068992615, 135.185668945, 91.4023666382, 115.650924683, 36.6706542969, 32.6419792175, 15.2778234482, 6.12762260437, 0.307515561581, 0.00646643340588, 0.000455483939731],
        "mean": [0.31856149435, 1.25740659237, 1.7937848568, 3.16278123856, 3.12521386147, 5.75849342346, 9.56484031677, 13.9158163071, 9.53315734863, 18.4383831024, 50.5312461853, 121.74180603, 51.9495582581, 45.2616195679, 61.7856674194, 29.1410484314, 27.832698822, 36.0020103455, 34.4208106995, 46.225856781, 45.9521484375, 43.8309249878, 34.2747535706, 13.2680721283, 10.9141273499, 16.0113658905, 6.63661813736, 2.15686058998, 3.8596777916, 7.12304401398, 5.44056272507, 3.67649459839, 4.45737409592, 1.68807303905, 0.752914786339, 0.581983029842, 0.260342270136, 0.0135488696396, 0.00029829624691, 5.37545602128e-05],
        "median": [0.00467629218474, 0.033468015492, 0.0990301147103, 0.190397948027, 0.56113833189, 1.74354553223, 5.72724580765, 6.83881664276, 3.28443002701, 6.17098712921, 20.2513217926, 44.8676452637, 22.8054561615, 12.1799230576, 16.499956131, 10.4418497086, 8.47508525848, 9.28211307526, 11.1714706421, 11.2909154892, 10.3184137344, 17.4488258362, 17.6059513092, 7.01314067841, 5.27840805054, 3.62616539001, 1.16956233978, 0.544879972935, 1.31844878197, 2.53500914574, 1.80842828751, 1.09629499912, 1.17391419411, 0.475976139307, 0.139589220285, 0.0866163149476, 0.0240910537541, 0.00141153589357, 5.11883445142e-05, 3.81686695619e-05],
        "min": [1.03142238004e-05, 3.70122215827e-05, 0.000361474900274, 0.00112593732774, 0.0060552735813, 0.00641828868538, 0.150790974498, 0.119997754693, 0.0622210167348, 0.095373980701, 0.226714625955, 0.523414492607, 0.195570468903, 0.0998974665999, 0.253757894039, 0.181973606348, 0.134440615773, 0.146425813437, 0.148343071342, 0.0921601578593, 0.0810506269336, 0.0864800363779, 0.0617010630667, 0.0415566600859, 0.0313698165119, 0.0193440504372, 0.00420966604725, 0.000833783182316, 0.00534033495933, 0.00899472367018, 0.00682131713256, 0.00365759758279, 0.00877488125116, 0.000536699255463, 2.89938034257e-05, 8.26705672807e-06, 1.2665112763e-06, 2.37113070511e-07, 4.61345024405e-07, 9.04245723632e-07],
        "var": [0.219357073307, 9.89422416687, 70.0307998657, 313.887359619, 132.746353149, 361.274017334, 145.629318237, 532.589416504, 632.149353027, 4214.11425781, 8345.11816406, 45161.1328125, 7474.33398438, 11528.5107422, 15130.8134766, 3937.87670898, 4137.88183594, 6458.59179688, 4226.89892578, 8893.16699219, 19421.671875, 5159.27734375, 2137.59716797, 473.986907959, 482.63772583, 10945.6230469, 1385.6854248, 75.5732955933, 94.5330123901, 157.70111084, 108.997970581, 59.7972869873, 82.3813934326, 11.8837223053, 4.43718147278, 2.25801610947, 0.565023183823, 0.00131430476904, 5.61079900763e-07, 3.19543924654e-09]
    },
    "gfcc": {
        "mean": [0.585000038147, 72.0407867432, -128.531417847, 6.92153358459, -68.4443435669, 18.809595108, -45.7803268433, 25.9785556793, -17.158290863, -1.14178216457, -10.7824087143, 8.57340049744, -8.106757164],
        "cov": [[3054.57006836, -1086.36865234, -37.9640426636, 223.12677002, 86.5885772705, 12.5340995789, -81.2628097534, 158.662811279, -20.0338687897, 156.839111328, -273.840911865, 120.391799927, -94.6388473511], [-1086.36865234, 1319.31665039, 292.554870605, 85.2607116699, 333.198486328, 103.63495636, 347.044372559, 26.9887313843, 125.412734985, -22.2824878693, 200.129776001, -168.004150391, 13.8484125137], [-37.9640426636, 292.554870605, 1341.15856934, 361.336120605, 222.078704834, 206.45324707, 204.458984375, 164.688659668, 130.167556763, 235.200881958, 17.8013248444, 48.886390686, -81.2050094604], [223.12677002, 85.2607116699, 361.336120605, 492.11706543, 173.098846436, 48.5525093079, 76.267829895, 109.884613037, 162.069763184, 75.5657043457, 56.0351486206, 42.2516212463, 66.1417694092], [86.5885772705, 333.198486328, 222.078704834, 173.098846436, 382.401397705, 147.429443359, 171.747390747, 87.9204864502, 104.638595581, 98.7418746948, 27.2185955048, 7.49004602432, 11.7641010284], [12.5340995789, 103.63495636, 206.45324707, 48.5525093079, 147.429443359, 309.819793701, 161.179504395, 34.4471359253, 33.3590888977, 69.4510726929, 80.3357543945, 32.6271362305, 5.19566726685], [-81.2628097534, 347.044372559, 204.458984375, 76.267829895, 171.747390747, 161.179504395, 359.540618896, 78.3073272705, 37.1433753967, 81.2763366699, 84.7560806274, -17.8934326172, -13.1830453873], [158.662811279, 26.9887313843, 164.688659668, 109.884613037, 87.9204864502, 34.4471359253, 78.3073272705, 205.962249756, 102.741424561, 61.6654090881, 26.0921936035, 7.67481660843, 48.9523773193], [-20.0338687897, 125.412734985, 130.167556763, 162.069763184, 104.638595581, 33.3590888977, 37.1433753967, 102.741424561, 201.478210449, 48.4807472229, 26.0507926941, 25.8120098114, 56.8040275574], [156.839111328, -22.2824878693, 235.200881958, 75.5657043457, 98.7418746948, 69.4510726929, 81.2763366699, 61.6654090881, 48.4807472229, 191.598815918, 22.166967392, 32.2678375244, -1.78107821941], [-273.840911865, 200.129776001, 17.8013248444, 56.0351486206, 27.2185955048, 80.3357543945, 84.7560806274, 26.0921936035, 26.0507926941, 22.166967392, 200.061462402, 17.1544513702, 49.9736175537], [120.391799927, -168.004150391, 48.886390686, 42.2516212463, 7.49004602432, 32.6271362305, -17.8934326172, 7.67481660843, 25.8120098114, 32.2678375244, 17.1544513702, 152.462600708, 28.0807590485], [-94.6388473511, 13.8484125137, -81.2050094604, 66.1417694092, 11.7641010284, 5.19566726685, -13.1830453873, 48.9523773193, 56.8040275574, -1.78107821941, 49.9736175537, 28.0807590485, 136.727737427]],
        "icov": [[0.000716516922694, 0.000633875373751, 0.000262463465333, -0.000518422748428, -0.000465628399979, -9.22101680771e-05, -0.000158956070663, -0.000621954619419, 0.000292764307233, -0.00022298633121, 0.000507697171997, 4.61982417619e-05, 0.000769750447944], [0.000633875373751, 0.00410019140691, -0.00125766859856, 0.00144625932444, -0.00370945362374, 0.00215955963358, -0.00255674147047, 0.00224082567729, -0.0024545842316, 0.0027945432812, -0.00321349827573, 0.00365187902935, -0.000754128035624], [0.000262463465333, -0.00125766859856, 0.00215058983304, -0.00196460448205, 0.00146420358215, -0.00163499242626, 0.00089530023979, -0.00207386631519, 0.0012553249253, -0.00235094595701, 0.00197081896476, -0.00162265554536, 0.00236244709231], [-0.000518422748428, 0.00144625932444, -0.00196460448205, 0.00517193274572, -0.00251469272189, 0.00213387049735, -0.00119400140829, 0.00217663682997, -0.00334945437498, 0.00219681044109, -0.00297831255011, 0.00155966822058, -0.00274478434585], [-0.000465628399979, -0.00370945362374, 0.00146420358215, -0.00251469272189, 0.00800108816475, -0.00348710361868, 0.00108710629866, -0.00240760901943, 0.00120947603136, -0.00366092962213, 0.00403198366985, -0.00298401433975, 0.001139412052], [-9.22101680771e-05, 0.00215955963358, -0.00163499242626, 0.00213387049735, -0.00348710361868, 0.00679787481204, -0.00290900934488, 0.0025275987573, -0.00177609745879, 0.00191111059394, -0.00379472225904, 0.00123910175171, -0.0015343244886], [-0.000158956070663, -0.00255674147047, 0.00089530023979, -0.00119400140829, 0.00108710629866, -0.00290900934488, 0.0065239071846, -0.00301238941029, 0.00233890791424, -0.00252159126103, 0.000853761914186, -0.00148294179235, 0.0019707751926], [-0.000621954619419, 0.00224082567729, -0.00207386631519, 0.00217663682997, -0.00240760901943, 0.0025275987573, -0.00301238941029, 0.0106345387176, -0.00511485151947, 0.00167437584605, -0.00303418538533, 0.00336751225404, -0.00436474895105], [0.000292764307233, -0.0024545842316, 0.0012553249253, -0.00334945437498, 0.00120947603136, -0.00177609745879, 0.00233890791424, -0.00511485151947, 0.0109596615657, -0.00267442781478, 0.0031066511292, -0.00315264239907, -0.00023875288025], [-0.00022298633121, 0.0027945432812, -0.00235094595701, 0.00219681044109, -0.00366092962213, 0.00191111059394, -0.00252159126103, 0.00167437584605, -0.00267442781478, 0.010255924426, -0.00353348115459, 0.00171257602051, -0.00131214247085], [0.000507697171997, -0.00321349827573, 0.00197081896476, -0.00297831255011, 0.00403198366985, -0.00379472225904, 0.000853761914186, -0.00303418538533, 0.0031066511292, -0.00353348115459, 0.0109678674489, -0.00383794843219, -0.000303121079924], [4.61982417619e-05, 0.00365187902935, -0.00162265554536, 0.00155966822058, -0.00298401433975, 0.00123910175171, -0.00148294179235, 0.00336751225404, -0.00315264239907, 0.00171257602051, -0.00383794843219, 0.0112874349579, -0.00277843582444], [0.000769750447944, -0.000754128035624, 0.00236244709231, -0.00274478434585, 0.001139412052, -0.0015343244886, 0.0019707751926, -0.00436474895105, -0.00023875288025, -0.00131214247085, -0.000303121079924, -0.00277843582444, 0.0131303733215]]
    },
    "melbands": {
        "dmean": [0.00108139892109, 0.000980789307505, 0.000846481998451, 0.000331502349582, 0.000207785109524, 0.000244954047957, 0.00013525869872, 0.000163002128829, 0.000308236019919, 0.000469144666567, 0.000124005004182, 0.000100354787719, 0.000138654693728, 7.10670501576e-05, 3.65418054571e-05, 4.58254980913e-05, 3.94113958464e-05, 3.36080411216e-05, 3.62700448022e-05, 4.3467625801e-05, 3.77676224161e-05, 2.27935051953e-05, 3.71748647012e-05, 1.65226465469e-05, 6.34831076241e-06, 5.8964155869e-06, 5.36273910257e-06, 1.86320630746e-05, 8.0113986769e-06, 1.22499750432e-06, 1.15814373203e-06, 1.86173258498e-06, 2.57305759988e-06, 3.50656819137e-06, 3.24918187289e-06, 1.8892691287e-06, 2.04299317375e-06, 2.52236827691e-06, 2.12094732888e-06, 1.07604466848e-06],
        "dmean2": [0.00170173018705, 0.00145391433034, 0.00157080905046, 0.000562883855309, 0.000341398932505, 0.000408438267186, 0.000226255011512, 0.00027365074493, 0.000478014582768, 0.000735000649001, 0.000184167773114, 0.000146210106323, 0.000190138569451, 0.000110518776637, 5.45674702153e-05, 6.37062694295e-05, 5.57288440177e-05, 4.99626803503e-05, 5.54339640075e-05, 6.63585669827e-05, 5.75991471123e-05, 3.47137029166e-05, 5.75371414016e-05, 2.50160737778e-05, 1.0062286492e-05, 9.11351344257e-06, 8.27877556731e-06, 3.48391768057e-05, 1.47407272379e-05, 1.93474897969e-06, 1.87705290955e-06, 3.10526320391e-06, 4.01831812269e-06, 5.75096146349e-06, 5.40541486771e-06, 3.17831222674e-06, 3.27544239553e-06, 3.88935859519e-06, 3.3274229736e-06, 1.7945297941e-06],
        "dvar": [1.16442615763e-05, 1.22494238894e-05, 1.31068372866e-05, 1.53049768414e-06, 1.44378262235e-07, 2.79582991425e-07, 2.55616157574e-07, 4.57315167068e-07, 3.95525233898e-07, 1.17164483981e-06, 7.92206691358e-08, 1.37355485208e-07, 1.3202574678e-07, 6.26491285516e-08, 1.19165122214e-08, 1.27856711885e-08, 8.4907112452e-09, 5.84828319106e-09, 6.21211615481e-09, 1.16418394924e-08, 1.51434633722e-08, 3.58924134858e-09, 4.74532280137e-09, 8.03536626126e-10, 2.62740690316e-10, 2.72050715289e-10, 2.08348047148e-10, 1.80797758986e-08, 2.63157162728e-09, 3.11799995545e-11, 2.87266131022e-11, 4.43644149195e-11, 2.98229149709e-11, 5.80953930795e-11, 4.97709408409e-11, 1.96893508442e-11, 1.73797469472e-11, 2.59003304914e-11, 2.0227684111e-11, 6.96843537734e-12],
        "dvar2": [2.98365539493e-05, 2.49497315963e-05, 3.72776739823e-05, 3.87029604099e-06, 3.80720621251e-07, 7.30684917016e-07, 6.50999254503e-07, 1.03737932022e-06, 8.91275533377e-07, 2.8998426842e-06, 1.81148621436e-07, 2.98588560099e-07, 2.75995290622e-07, 1.75592205665e-07, 2.740304339e-08, 2.63765809194e-08, 1.4212869992e-08, 1.33265585234e-08, 1.36314124433e-08, 2.65988138182e-08, 3.24013207376e-08, 9.29987198361e-09, 1.1431470881e-08, 1.80278136863e-09, 6.51844023203e-10, 6.33369079406e-10, 4.5083722866e-10, 5.30428359014e-08, 7.73667263587e-09, 7.37109748239e-11, 7.2813061136e-11, 1.20908144607e-10, 7.36594535367e-11, 1.53929383129e-10, 1.3357552564e-10, 5.2891458574e-11, 4.18997891938e-11, 5.69137202644e-11, 4.62620185215e-11, 1.82093420203e-11],
        "max": [0.0324154831469, 0.027782374993, 0.0245065819472, 0.0139406947419, 0.00424878811464, 0.00650014309213, 0.0128126190975, 0.0163045879453, 0.0116577250883, 0.0113400109112, 0.00405176030472, 0.00849417690188, 0.00669926730916, 0.00397639349103, 0.00202208687551, 0.00167252600659, 0.00143319147173, 0.00156316370703, 0.000779435271397, 0.00113917991985, 0.0027021006681, 0.000741971249226, 0.000948114844505, 0.000295125588309, 0.000189811704331, 0.000241247747908, 0.000170473183971, 0.00143978232518, 0.000523510330822, 0.000105071841972, 9.44748608163e-05, 7.90271660662e-05, 8.69245632202e-05, 9.0112334874e-05, 9.3814531283e-05, 5.49516262254e-05, 7.02231700416e-05, 8.7687119958e-05, 4.86098469992e-05, 3.55417032551e-05],
        "mean": [0.00242416490801, 0.00118606712203, 0.000531589263119, 0.000314424338285, 0.000322651903844, 0.000308088376187, 0.000153314933414, 0.000211761813262, 0.000504100695252, 0.000748008606024, 0.000239381653955, 0.000172281768755, 0.00024767263676, 0.000104944614577, 5.07791010023e-05, 6.76573981764e-05, 6.66603737045e-05, 5.84984263696e-05, 5.25809191458e-05, 5.84531626373e-05, 5.26921467099e-05, 3.61757593055e-05, 5.54383695999e-05, 2.3238662834e-05, 8.49508796819e-06, 7.83550967753e-06, 7.08936340743e-06, 1.27069251903e-05, 5.85755378779e-06, 1.25045721688e-06, 1.12954353426e-06, 1.82644168945e-06, 3.34702576765e-06, 4.15417389377e-06, 3.47316813532e-06, 1.95545749193e-06, 2.39348810283e-06, 3.24134975926e-06, 2.5665310659e-06, 1.06356662855e-06],
        "median": [4.43217104475e-05, 8.65051333676e-05, 4.49936051155e-05, 6.39347272227e-05, 0.000198647292564, 0.000158358947374, 5.34780338057e-05, 7.44262215449e-05, 0.000198804948013, 0.000280527368886, 7.76995948399e-05, 3.69279186998e-05, 5.21912079421e-05, 2.80281747109e-05, 1.57178747031e-05, 1.70194398379e-05, 1.50754003698e-05, 1.40189404192e-05, 1.32026207211e-05, 8.7131111286e-06, 1.17675144793e-05, 1.42446224345e-05, 2.15458640014e-05, 9.46889758779e-06, 4.04897991757e-06, 3.64270954378e-06, 3.21401375913e-06, 1.96780820261e-06, 6.78405569943e-07, 2.28667431657e-07, 2.46074250754e-07, 5.45341663383e-07, 1.1760992038e-06, 1.49773518388e-06, 1.10709333967e-06, 5.93337176724e-07, 6.47547267363e-07, 8.48235572448e-07, 6.86023327034e-07, 2.70289774562e-07],
        "min": [8.83188420175e-08, 1.50944913457e-07, 2.72247064004e-07, 6.02680813699e-07, 3.96930545321e-06, 2.84569478026e-06, 9.22251615521e-07, 7.38502308195e-07, 2.01535294764e-06, 3.4992115161e-06, 4.35826763123e-07, 2.63673939571e-07, 5.16359023095e-07, 3.45313424077e-07, 1.33137319835e-07, 2.64003233497e-07, 1.72174310364e-07, 9.94434898871e-08, 1.40132499382e-07, 1.11193507735e-07, 7.43022425809e-08, 6.62013661668e-08, 6.66811459382e-08, 5.01418249144e-08, 2.06593639973e-08, 2.01638581387e-08, 1.52528070174e-08, 9.39171762582e-09, 3.4702969387e-09, 9.6457904164e-11, 7.10584230346e-11, 8.35984115266e-10, 2.96682367562e-09, 5.64041702233e-09, 4.04360100958e-09, 2.02524885751e-09, 1.16344323065e-09, 4.46865078274e-09, 1.36047478838e-10, 4.90209977645e-13],
