{
"highlevel": {
    "danceability": {
        "all": {
            "danceable": 0.993522167206,
            "not_danceable": 0.00647781090811
        },
        "probability": 0.993522167206,
        "value": "danceable"
    },
    "gender": {
        "all": {
            "female": 3.59943237527e-06,
            "male": 0.999996423721
        },
        "probability": 0.999996423721,
        "value": "male"
    },
    "genre_dortmund": {
        "all": {
            "alternative": 0.00679795024917,
            "blues": 0.0104471659288,
            "electronic": 0.0652361959219,
            "folkcountry": 0.00685419887304,
            "funksoulrnb": 0.00571843702346,
            "jazz": 0.215537205338,
            "pop": 0.00507003813982,
            "raphiphop": 0.675414800644,
            "rock": 0.00892398972064
        },
        "probability": 0.675414800644,
        "value": "raphiphop"
    },
    "genre_electronic": {
        "all": {
            "ambient": 0.192723631859,
            "dnb": 0.123756103218,
            "house": 0.606375396252,
            "techno": 0.03901829198,
            "trance": 0.0381265878677
        },
        "probability": 0.606375396252,
        "value": "house"
    },
    "genre_rosamerica": {
        "all": {
            "cla": 0.00911981705576,
            "dan": 0.0925324261189,
            "hip": 0.66842520237,
            "jaz": 0.0208088159561,
            "pop": 0.0230252966285,
            "rhy": 0.161175280809,
            "roc": 0.00495539046824,
            "spe": 0.0199577752501
        },
        "probability": 0.66842520237,
        "value": "hip"
    },
    "genre_tzanetakis": {
        "all": {
            "blu": 0.0626541376114,
            "cla": 0.0348133966327,
            "cou": 0.0783501937985,
            "dis": 0.104547761381,
            "hip": 0.15693578124,
            "jaz": 0.313987255096,
            "met": 0.044816005975,
            "pop": 0.0627349764109,
            "reg": 0.0627352520823,
            "roc": 0.0784252434969
        },
        "probability": 0.313987255096,
        "value": "jaz"
    },
    "ismir04_rhythm": {
        "all": {
            "ChaChaCha": 0.0585619695485,
            "Jive": 0.0206243917346,
            "Quickstep": 0.0605571903288,
            "Rumba-American": 0.0206625480205,
            "Rumba-International": 0.145026475191,
            "Rumba-Misc": 0.0112445447594,
            "Samba": 0.659175753593,
            "Tango": 0.00833179522306,
            "VienneseWaltz": 0.0079278293997,
            "Waltz": 0.00788753479719
        },
        "probability": 0.659175753593,
        "value": "Samba"
    },
    "mood_acoustic": {
        "all": {
            "acoustic": 0.0526750721037,
            "not_acoustic": 0.947324931622
        },
        "probability": 0.947324931622,
        "value": "not_acoustic"
    },
    "mood_aggressive": {
        "all": {
            "aggressive": 0.260779082775,
            "not_aggressive": 0.739220917225
        },
        "probability": 0.739220917225,
        "value": "not_aggressive"
    },
    "mood_electronic": {
        "all": {
            "electronic": 0.941667914391,
            "not_electronic": 0.0583320818841
        },
        "probability": 0.941667914391,
        "value": "electronic"
    },
    "mood_happy": {
        "all": {
            "happy": 0.133333593607,
            "not_happy": 0.866666436195
        },
        "probability": 0.866666436195,
        "value": "not_happy"
    },
    "mood_party": {
        "all": {
            "not_party": 0.276062935591,
            "party": 0.723937094212
        },
        "probability": 0.723937094212,
        "value": "party"
    },
    "mood_relaxed": {
        "all": {
            "not_relaxed": 0.395572036505,
            "relaxed": 0.604427993298
        },
        "probability": 0.604427993298,
        "value": "relaxed"
    },
    "mood_sad": {
        "all": {
            "not_sad": 0.822618842125,
            "sad": 0.177381142974
        },
        "probability": 0.822618842125,
        "value": "not_sad"
    },
    "moods_mirex": {
        "all": {
            "Cluster1": 0.147633060813,
            "Cluster2": 0.39415165782,
            "Cluster3": 0.0519985146821,
            "Cluster4": 0.133469685912,
            "Cluster5": 0.272747069597
        },
        "probability": 0.39415165782,
        "value": "Cluster2"
    },
    "timbre": {
        "all": {
            "bright": 0.0899485200644,
            "dark": 0.910051465034
        },
        "probability": 0.910051465034,
        "value": "dark"
    },
    "tonal_atonal": {
        "all": {
            "atonal": 0.892270743847,
            "tonal": 0.107729271054
        },
        "probability": 0.892270743847,
        "value": "atonal"
    },
    "voice_instrumental": {
        "all": {
            "instrumental": 0.475552082062,
            "voice": 0.524447917938
        },
        "probability": 0.524447917938,
        "value": "voice"
    }
},
"lowlevel": {
    "average_loudness": 0.954551100731,
    "barkbands_crest": {
        "dmean": 2.38813853264,
        "dmean2": 3.59195876122,
        "dvar": 6.74083518982,
        "dvar2": 12.7006034851,
        "max": 26.0915184021,
        "mean": 15.272977829,
        "median": 16.8175601959,
        "min": 3.08373212814,
        "var": 35.9760246277
    },
    "barkbands_flatness_db": {
        "dmean": 0.0322349816561,
        "dmean2": 0.044494792819,
        "dvar": 0.00118710275274,
        "dvar2": 0.00211314484477,
        "max": 0.549825012684,
        "mean": 0.217565625906,
        "median": 0.203086033463,
        "min": 0.0579032190144,
        "var": 0.00796852074564
    },
    "barkbands_kurtosis": {
        "dmean": 10.5352773666,
        "dmean2": 16.3387641907,
        "dvar": 363.188323975,
        "dvar2": 891.336486816,
        "max": 211.09375,
        "mean": 18.2687511444,
        "median": 8.19813632965,
        "min": -1.92667233944,
        "var": 748.849121094
    },
    "barkbands_skewness": {
        "dmean": 1.02928578854,
        "dmean2": 1.5028014183,
        "dvar": 1.23784613609,
        "dvar2": 2.72467207909,
        "max": 12.8240880966,
        "mean": 2.81700325012,
        "median": 2.57727766037,
        "min": -4.33288526535,
        "var": 5.77527427673
    },
    "barkbands_spread": {
        "dmean": 7.65998220444,
        "dmean2": 11.1654434204,
        "dvar": 105.887481689,
        "dvar2": 230.358535767,
        "max": 89.585723877,
        "mean": 20.7375926971,
        "median": 14.0861263275,
        "min": 0.459090292454,
        "var": 342.813568115
    },
    "dissonance": {
        "dmean": 0.0234365910292,
        "dmean2": 0.0382275246084,
        "dvar": 0.000590263225604,
        "dvar2": 0.00149367179256,
        "max": 0.499796628952,
        "mean": 0.45507311821,
        "median": 0.466919869184,
        "min": 0.26395714283,
        "var": 0.00147265475243
    },
    "dynamic_complexity": 3.05245780945,
    "erbbands_crest": {
        "dmean": 2.55867552757,
        "dmean2": 4.19593191147,
        "dvar": 6.35898256302,
        "dvar2": 15.8637771606,
        "max": 23.3974227905,
        "mean": 8.67764186859,
        "median": 7.53926706314,
        "min": 2.99158024788,
        "var": 15.1737098694
    },
    "erbbands_flatness_db": {
        "dmean": 0.0223144013435,
        "dmean2": 0.0332328528166,
        "dvar": 0.000490466714837,
        "dvar2": 0.00100613385439,
        "max": 0.343496948481,
        "mean": 0.163282334805,
        "median": 0.154822647572,
        "min": 0.077858261764,
        "var": 0.0020570687484
    },
    "erbbands_kurtosis": {
        "dmean": 1.87734866142,
        "dmean2": 2.99956989288,
        "dvar": 9.89740085602,
        "dvar2": 24.3941020966,
        "max": 41.1917610168,
        "mean": 1.48914933205,
        "median": 0.112174749374,
        "min": -1.7765007019,
        "var": 16.5316410065
    },
    "erbbands_skewness": {
        "dmean": 0.56982332468,
        "dmean2": 0.833619892597,
        "dvar": 0.389476448298,
        "dvar2": 0.800922870636,
        "max": 4.70306587219,
        "mean": 0.326532155275,
        "median": 0.408254206181,
        "min": -4.61166477203,
        "var": 1.55626559258
    },
    "erbbands_spread": {
        "dmean": 15.6350631714,
        "dmean2": 24.5146102905,
        "dvar": 265.607452393,
        "dvar2": 596.803283691,
        "max": 132.77041626,
        "mean": 49.2432022095,
        "median": 46.1926574707,
        "min": 4.34769916534,
        "var": 608.298034668
    },
    "hfc": {
        "dmean": 7.58718109131,
        "dmean2": 10.7538032532,
        "dvar": 145.385360718,
        "dvar2": 324.738739014,
        "max": 119.733711243,
        "mean": 15.2217531204,
        "median": 8.87697887421,
        "min": 0.0220849458128,
        "var": 271.525970459
    },
    "melbands_crest": {
        "dmean": 2.97990345955,
        "dmean2": 4.73069047928,
        "dvar": 12.2077703476,
        "dvar2": 28.2756977081,
        "max": 35.6571006775,
        "mean": 20.2341175079,
        "median": 22.5271568298,
        "min": 4.03426742554,
        "var": 51.9766960144
    },
    "melbands_flatness_db": {
        "dmean": 0.0390772745013,
        "dmean2": 0.0518937893212,
        "dvar": 0.00182420713827,
        "dvar2": 0.00318044028245,
        "max": 0.723268806934,
        "mean": 0.273104101419,
        "median": 0.264376103878,
        "min": 0.0283052939922,
        "var": 0.0163276083767
    },
    "melbands_kurtosis": {
        "dmean": 23.4430599213,
        "dmean2": 36.7354049683,
        "dvar": 1267.29455566,
        "dvar2": 2957.27490234,
        "max": 445.15020752,
        "mean": 40.963344574,
        "median": 24.1975879669,
        "min": -1.87418150902,
        "var": 2498.4050293
    },
    "melbands_skewness": {
        "dmean": 1.38168680668,
        "dmean2": 2.10099482536,
        "dvar": 2.19041705132,
        "dvar2": 4.88973760605,
        "max": 17.352098465,
        "mean": 4.34010314941,
        "median": 4.0059223175,
        "min": -1.89704394341,
        "var": 7.20762491226
    },
    "melbands_spread": {
        "dmean": 8.81361484528,
        "dmean2": 12.7098608017,
        "dvar": 220.80267334,
        "dvar2": 416.343292236,
        "max": 208.458129883,
        "mean": 22.9809951782,
        "median": 10.1315250397,
        "min": 0.524233460426,
        "var": 1028.43933105
    },
    "pitch_salience": {
        "dmean": 0.0761881172657,
        "dmean2": 0.118304491043,
        "dvar": 0.00792543403804,
        "dvar2": 0.0181673262268,
        "max": 0.877673387527,
        "mean": 0.452878832817,
        "median": 0.42705655098,
        "min": 0.0686470046639,
        "var": 0.0367923639715
    },
    "silence_rate_20dB": {
        "dmean": 0,
        "dmean2": 0,
        "dvar": 0,
        "dvar2": 0,
        "max": 1,
        "mean": 1,
        "median": 1,
        "min": 1,
        "var": 0
    },
    "silence_rate_30dB": {
        "dmean": 0.0356037169695,
        "dmean2": 0.0712625905871,
        "dvar": 0.0343359149992,
        "dvar2": 0.0832263082266,
        "max": 1,
        "mean": 0.972931146622,
        "median": 1,
        "min": 0,
        "var": 0.0263359155506
    },
    "silence_rate_60dB": {
        "dmean": 0.0425696596503,
        "dmean2": 0.0844306722283,
        "dvar": 0.0407573208213,
        "dvar2": 0.0974398106337,
        "max": 1,
        "mean": 0.0580046400428,
        "median": 0,
        "min": 0,
        "var": 0.0546401366591
    },
    "spectral_centroid": {
        "dmean": 393.270812988,
        "dmean2": 558.174743652,
        "dvar": 255315.890625,
        "dvar2": 455673.84375,
        "max": 5659.03515625,
        "mean": 1445.43847656,
        "median": 1159.76452637,
        "min": 128.311782837,
        "var": 1183251.5
    },
    "spectral_complexity": {
        "dmean": 4.18188858032,
        "dmean2": 5.72734308243,
        "dvar": 26.9615154266,
        "dvar2": 40.1067619324,
        "max": 51,
        "mean": 12.6798143387,
        "median": 10,
        "min": 0,
        "var": 86.543296814
    },
    "spectral_decrease": {
        "dmean": 2.39103492561e-09,
        "dmean2": 3.69516750531e-09,
        "dvar": 2.27331136072e-17,
        "dvar2": 4.7962373753e-17,
        "max": -5.23770350008e-12,
        "mean": -8.32477642376e-09,
        "median": -6.45128084287e-09,
        "min": -4.01572286535e-08,
        "var": 5.90498365092e-17
    },
    "spectral_energy": {
        "dmean": 0.00953901838511,
        "dmean2": 0.014643506147,
        "dvar": 0.000347975350451,
        "dvar2": 0.00073949462967,
        "max": 0.158681154251,
        "mean": 0.032800257206,
        "median": 0.0252316519618,
        "min": 2.17714605242e-05,
        "var": 0.000875219644513
    },
    "spectral_energyband_high": {
        "dmean": 0.00062349496875,
        "dmean2": 0.000879658095073,
        "dvar": 1.06284824142e-06,
        "dvar2": 2.18862192014e-06,
        "max": 0.0125817069784,
        "mean": 0.00114148925059,
        "median": 0.000445677025709,
        "min": 1.61149287692e-07,
        "var": 2.80106860373e-06
    },
    "spectral_energyband_low": {
        "dmean": 0.00635978439823,
        "dmean2": 0.00971395894885,
        "dvar": 0.000199635585886,
        "dvar2": 0.000426511542173,
        "max": 0.148250117898,
        "mean": 0.0227335002273,
        "median": 0.017898792401,
        "min": 3.31136753573e-08,
        "var": 0.00059165613493
    },
    "spectral_energyband_middle_high": {
        "dmean": 0.00145277671982,
        "dmean2": 0.00216296222061,
        "dvar": 8.60480486153e-06,
        "dvar2": 1.88348421943e-05,
        "max": 0.0319980420172,
        "mean": 0.00211394089274,
        "median": 0.000772039813455,
        "min": 5.94438915869e-06,
        "var": 1.30977923618e-05
    },
    "spectral_energyband_middle_low": {
        "dmean": 0.00568442326039,
        "dmean2": 0.00964751187712,
        "dvar": 0.000264850415988,
        "dvar2": 0.00070421671262,
        "max": 0.123251959682,
        "mean": 0.00732984067872,
        "median": 0.00413493998349,
        "min": 1.42990256791e-05,
        "var": 0.000200258509722
    },
    "spectral_entropy": {
        "dmean": 0.241243705153,
        "dmean2": 0.345261871815,
        "dvar": 0.0872173383832,
        "dvar2": 0.179957896471,
        "max": 8.68279266357,
        "mean": 7.4513425827,
        "median": 7.6359205246,
        "min": 5.18575382233,
        "var": 0.41892105341
    },
    "spectral_flux": {
        "dmean": 0.0271813794971,
        "dmean2": 0.0417351797223,
        "dvar": 0.00180238450412,
        "dvar2": 0.00323966005817,
        "max": 0.36218675971,
        "mean": 0.0740886032581,
        "median": 0.0556227788329,
        "min": 0.00420528603718,
        "var": 0.00392673816532
    },
    "spectral_kurtosis": {
        "dmean": 2.38833856583,
        "dmean2": 3.69287252426,
        "dvar": 24.3884067535,
        "dvar2": 53.5992202759,
        "max": 93.9325714111,
        "mean": 4.10283946991,
        "median": 1.74686193466,
        "min": -0.831189155579,
        "var": 71.0848770142
    },
    "spectral_rms": {
        "dmean": 0.000752366147935,
        "dmean2": 0.00111179379746,
        "dvar": 1.46865590978e-06,
        "dvar2": 2.8700724215e-06,
        "max": 0.0124423019588,
        "mean": 0.00509468885139,
        "median": 0.0049614761956,
        "min": 0.000145741039887,
        "var": 6.04438446317e-06
    },
    "spectral_rolloff": {
        "dmean": 611.832275391,
        "dmean2": 974.767028809,
        "dvar": 1297432.375,
        "dvar2": 2945054.5,
        "max": 10120.6054688,
        "mean": 1501.99169922,
        "median": 409.130859375,
        "min": 64.599609375,
        "var": 4347771.5
    },
    "spectral_skewness": {
        "dmean": 0.375412613153,
        "dmean2": 0.535906195641,
        "dvar": 0.211641430855,
        "dvar2": 0.443310260773,
        "max": 7.46235466003,
        "mean": 1.34639179707,
        "median": 1.13143444061,
        "min": -0.3125218153,
        "var": 0.937305212021
    },
    "spectral_spread": {
        "dmean": 784132.8125,
        "dmean2": 1194161.625,
        "dvar": 810102685696,
        "dvar2": 2.01961255731e+12,
        "max": 11463843,
        "mean": 4953961.5,
        "median": 4985566.5,
        "min": 919371.5625,
        "var": 2.08758767616e+12
    },
    "spectral_strongpeak": {
        "dmean": 0.212391361594,
        "dmean2": 0.351192086935,
        "dvar": 0.212166517973,
        "dvar2": 0.50940567255,
        "max": 5.01209163666,
        "mean": 0.49762353301,
        "median": 0.341232806444,
        "min": 0.0188516844064,
        "var": 0.312479555607
    },
    "zerocrossingrate": {
        "dmean": 0.0133725572377,
        "dmean2": 0.0143038798124,
        "dvar": 0.000276672915788,
        "dvar2": 0.000273900252068,
        "max": 0.32958984375,
        "mean": 0.0552135445178,
        "median": 0.0341796875,
        "min": 0.001953125,
        "var": 0.00322296936065
    },
    "barkbands": {
        "dmean": [0.000252623431152, 0.00555321155116, 0.00158215127885, 0.000616925652139, 0.00138941186015, 0.00149851350579, 0.0012480088044, 0.000868169765454, 0.00103092298377, 0.000297869468341, 0.000253572565271, 0.000267604365945, 0.000269901560387, 0.000156635476742, 0.000111747045594, 9.54465212999e-05, 0.000206840457395, 8.6930784164e-05, 0.000109458014776, 0.000180103859748, 0.0001931595325, 0.000202327501029, 0.000155686662765, 7.68582176534e-05, 3.71432033717e-05, 7.99438203103e-06, 4.19449079914e-08],
        "dmean2": [0.000366145803127, 0.00833077821881, 0.00261481641792, 0.00103039760143, 0.00222624582238, 0.00257014785893, 0.00217266171239, 0.00150624709204, 0.00186749408022, 0.000510456738994, 0.000427163671702, 0.000449428684078, 0.000441964046331, 0.000245014845859, 0.000190370032215, 0.000146798178321, 0.00031591032166, 0.000130516287754, 0.00016704465088, 0.000256084051216, 0.000286984577542, 0.000300378684187, 0.000224896270083, 0.000115525966976, 5.91115785937e-05, 1.36000553539e-05, 7.21415389648e-08],
        "dvar": [2.90530294933e-07, 0.000163764969329, 2.27059135796e-05, 2.60801834884e-06, 1.10058708742e-05, 2.14718220377e-05, 1.48533135871e-05, 5.17992793903e-06, 2.19379762711e-05, 7.03715613781e-07, 4.25058146902e-07, 4.8650070994e-07, 6.50772847166e-07, 1.10580373303e-07, 7.70855095311e-08, 4.9819416148e-08, 2.07310506539e-07, 6.86471537392e-08, 6.88819667971e-08, 1.27893599711e-07, 1.39918967079e-07, 1.40616350564e-07, 7.97001362685e-08, 2.03308836433e-08, 5.39853051151e-09, 7.54570406158e-10, 3.25104289464e-14],
        "dvar2": [5.8523738744e-07, 0.000358862685971, 6.15332683083e-05, 7.16148451829e-06, 2.71938824881e-05, 5.78574581596e-05, 4.20053693233e-05, 1.43340785144e-05, 6.19477796135e-05, 1.89048114407e-06, 1.08422682388e-06, 1.24563280224e-06, 1.6710074533e-06, 2.52285957458e-07, 1.98711063604e-07, 1.09527341863e-07, 4.41828063913e-07, 1.72302492274e-07, 1.6655084778e-07, 2.68039173079e-07, 3.16210105211e-07, 3.20909890661e-07, 1.69282458273e-07, 4.71740726482e-08, 1.25741035362e-08, 2.04139749549e-09, 8.24746019634e-14],
        "max": [0.00562368705869, 0.14284183085, 0.0441839769483, 0.0163286961615, 0.0346223972738, 0.0427011027932, 0.0554884336889, 0.0220227651298, 0.0525313615799, 0.00689905695617, 0.00910622160882, 0.00608604541048, 0.0111010652035, 0.00373663241044, 0.00250021996908, 0.00259662466124, 0.00698472978547, 0.00527800479904, 0.00418978417292, 0.00373518839478, 0.00523699307814, 0.00635568890721, 0.00411748513579, 0.00223059928976, 0.000934906653129, 0.00035921172821, 2.19915887101e-06],
        "mean": [0.000496994936839, 0.0191844683141, 0.00259777065367, 0.001062246738, 0.00180289091077, 0.00152721465565, 0.00114938034676, 0.000904847460333, 0.000764816300943, 0.00029582818388, 0.000272165605566, 0.000243890157435, 0.000271864497336, 0.000180511342478, 0.000112010158773, 0.000114010479592, 0.000310858333251, 0.000105428145616, 0.00014229019871, 0.000235505343881, 0.000268510222668, 0.000329193717334, 0.000254363316344, 0.000114556431072, 5.1084014558e-05, 7.56462532081e-06, 2.86344938871e-08],
        "median": [0.000182056712219, 0.0168428812176, 0.00025204726262, 0.000262421381194, 0.000889366259798, 0.000502652139403, 0.000332148367306, 0.000288406736217, 8.30781427794e-05, 5.63264547964e-05, 4.5343691454e-05, 2.37137446675e-05, 1.87865116459e-05, 1.66504814842e-05, 1.43255447256e-05, 1.86523539014e-05, 5.76645834371e-05, 2.3416845579e-05, 4.02402001782e-05, 4.8166821216e-05, 6.13657030044e-05, 9.73195128608e-05, 8.46201728564e-05, 3.54865151166e-05, 1.57632930495e-05, 1.57911938459e-06, 3.4071889754e-10],
        "min": [3.0293312997e-11, 9.51763023949e-09, 3.63637919776e-09, 7.65793650714e-09, 3.34019745196e-07, 5.86238741107e-07, 5.3851829307e-07, 3.18481738759e-07, 6.08358789123e-07, 3.69552822121e-07, 1.68577656723e-07, 1.55400400104e-07, 1.26558873603e-07, 4.61986147116e-08, 6.16653039742e-08, 7.35631360271e-08, 2.46061802045e-08, 3.24158975218e-08, 1.28444623826e-08, 4.01129938155e-08, 8.31195556827e-09, 4.53485782259e-09, 2.56747782756e-11, 2.11027658022e-12, 4.69275313053e-12, 9.51927339038e-12, 6.02517818624e-12],
        "var": [7.29511498321e-07, 0.000420928787207, 3.2433988963e-05, 3.03670685753e-06, 1.0643798305e-05, 1.5405814338e-05, 9.59454246185e-06, 3.85918474421e-06, 1.33939329316e-05, 5.66273968161e-07, 4.76685130479e-07, 4.56833902263e-07, 6.69018163535e-07, 1.56590402867e-07, 7.59198997002e-08, 6.82749288217e-08, 4.42104919784e-07, 7.39134051742e-08, 8.66010267941e-08, 2.18924228079e-07, 2.56834226775e-07, 3.20564026879e-07, 2.00448184273e-07, 3.51315350144e-08, 7.88019693942e-09, 5.83035286716e-10, 2.31895208466e-14]
    },
    "erbbands": {
        "dmean": [0.146280005574, 1.3798635006, 2.18561291695, 1.77555441856, 2.70872831345, 5.22284936905, 9.48769378662, 12.6941604614, 16.9542217255, 19.2266521454, 20.9918270111, 22.9281749725, 10.5313148499, 9.27003383636, 10.3007287979, 10.4087715149, 10.6861248016, 9.97990608215, 6.14684677124, 4.99148273468, 6.69614553452, 11.3995580673, 5.862429142, 2.95824813843, 7.73678827286, 8.19147777557, 8.12605476379, 7.62521409988, 7.70278358459, 5.83899784088, 4.02056360245, 2.01635074615, 1.12945353985, 0.522283375263, 0.220498785377, 0.05537314713, 0.0120585989207, 0.00098139885813, 2.74453377642e-05, 1.28261344798e-05],
        "dmean2": [0.207279756665, 2.04655265808, 3.51320886612, 2.9699447155, 4.76939630508, 8.39029026031, 16.3717937469, 21.4253463745, 29.6002044678, 33.6803245544, 36.5071182251, 41.4835548401, 17.7829170227, 16.2395610809, 17.2778987885, 17.0895328522, 17.2107048035, 15.7687397003, 9.9344625473, 8.38375091553, 10.0211582184, 17.2518577576, 8.48778152466, 4.36818265915, 11.327706337, 11.5396308899, 12.2019329071, 11.2558221817, 11.5842933655, 8.46329498291, 5.8399772644, 3.04274702072, 1.77552247047, 0.849044501781, 0.3450101614, 0.0887033268809, 0.0209208503366, 0.00175119366031, 4.45842306362e-05, 1.92068473552e-05],
        "dvar": [0.0828353241086, 12.0210771561, 38.5482749939, 24.6797103882, 67.5556640625, 161.428970337, 580.388671875, 1502.41003418, 2788.32592773, 3129.97436523, 3779.94897461, 11118.4833984, 896.170654297, 641.545166016, 681.172912598, 769.099853516, 789.22857666, 532.114746094, 184.636505127, 162.345214844, 233.905349731, 616.857727051, 256.029846191, 40.3179359436, 330.761810303, 265.828430176, 273.07723999, 205.291625977, 208.742431641, 116.609565735, 55.4817504883, 14.7774114609, 4.93803071976, 0.931435883045, 0.248259007931, 0.0228421166539, 0.00271791242994, 2.37519616348e-05, 9.40038802355e-09, 5.44022993321e-10],
        "dvar2": [0.191376969218, 25.4776630402, 99.5015640259, 66.5270614624, 194.496871948, 380.998474121, 1503.09375, 4049.00317383, 7861.86230469, 8816.17285156, 10229.0654297, 31729.7851562, 2395.32373047, 1742.67443848, 1695.58093262, 1896.30615234, 1953.62219238, 1253.52990723, 418.427490234, 427.619384766, 502.945037842, 1336.44836426, 612.284545898, 82.4168167114, 744.235473633, 565.921875, 650.663269043, 443.282958984, 476.356414795, 258.161956787, 109.708404541, 31.2850837708, 12.3070487976, 2.21393418312, 0.586772382259, 0.0560305044055, 0.00755703262985, 6.67048225296e-05, 2.47680986831e-08, 1.18779064362e-09],
        "max": [2.99674654007, 36.5308074951, 54.0455474854, 51.7080879211, 100.944892883, 128.786483765, 191.494400024, 361.439331055, 771.467163086, 523.784484863, 521.904052734, 1175.88757324, 242.670623779, 279.980285645, 252.104598999, 307.957763672, 334.345916748, 300.268280029, 160.034606934, 133.819549561, 186.727493286, 444.979705811, 306.016021729, 82.062828064, 297.083007812, 185.763671875, 234.068359375, 227.841827393, 268.668548584, 144.219100952, 98.8623123169, 57.0483360291, 24.2818927765, 11.488193512, 7.00581550598, 1.75837874413, 0.650363922119, 0.065140247345, 0.00128252152354, 0.000212804647163],
        "mean": [0.549300909042, 4.19440555573, 4.3975815773, 3.04872584343, 4.32638788223, 6.26657485962, 9.91499423981, 13.5672683716, 15.7688093185, 18.9679470062, 19.7987785339, 17.2845363617, 10.4370193481, 9.0612745285, 11.4532117844, 10.2390460968, 11.1852369308, 11.0107517242, 7.12474393845, 5.48285484314, 8.73000907898, 17.043548584, 7.78431415558, 4.13454341888, 10.5092763901, 10.8203401566, 10.4723701477, 11.3892431259, 12.2411260605, 9.81623458862, 6.48568820953, 3.10382723808, 1.61291074753, 0.710803508759, 0.2782150805, 0.0630890056491, 0.0106712663546, 0.000804648618214, 4.16442017013e-05, 4.04819875257e-05],
        "median": [0.581899940968, 3.02137804031, 0.770169973373, 1.54330098629, 2.3273191452, 2.30452537537, 4.40159797668, 4.20292234421, 5.38703203201, 6.62031793594, 4.81699609756, 2.31644821167, 2.10795450211, 1.56834924221, 1.76725149155, 1.06833946705, 0.950776278973, 1.00560557842, 0.862519204617, 0.825851500034, 1.49666535854, 3.35034275055, 1.78992509842, 1.19999814034, 2.78040766716, 2.24151158333, 2.19080519676, 2.91292953491, 3.56759595871, 2.97970747948, 2.09639549255, 0.885210692883, 0.527396500111, 0.219718888402, 0.0665698423982, 0.0149077633396, 0.00214246660471, 0.000146085789311, 2.39838809648e-05, 3.14061289828e-05],
        "min": [2.9094624665e-07, 2.32693105318e-06, 8.12635335024e-06, 5.26424810232e-05, 0.000203835341381, 0.000727428705432, 0.00310362433083, 0.00347225088626, 0.00493049109355, 0.0191503465176, 0.00993612129241, 0.0265413373709, 0.0254436340183, 0.0279218386859, 0.0081188166514, 0.0107090687379, 0.00763189699501, 0.00318908551708, 0.00437672436237, 0.00343521824107, 0.00382353947498, 0.00142001861241, 0.00175906030927, 0.000879856175743, 0.0013164189877, 0.00198511662893, 0.000961581477895, 0.00048598551075, 0.00019756812253, 5.28604978172e-05, 2.40675963141e-05, 2.35304432863e-05, 6.89968965162e-06, 5.26924532096e-06, 4.38919369117e-06, 3.86250439988e-06, 4.08623208159e-07, 4.14002379046e-08, 1.99350278507e-08, 2.85123995525e-08],
        "var": [0.253400325775, 28.026014328, 74.0148162842, 31.7280101776, 52.9118041992, 165.036956787, 450.940795898, 1145.50720215, 1791.11987305, 2071.96411133, 2750.92285156, 6616.50830078, 748.388549805, 565.286071777, 767.854675293, 805.440612793, 908.127624512, 693.136474609, 232.037780762, 173.303649902, 360.748046875, 1385.75878906, 325.744415283, 66.1733627319, 476.610168457, 446.668273926, 408.361816406, 458.602294922, 457.340240479, 289.245697021, 139.723068237, 29.6711349487, 6.96952724457, 1.38974642754, 0.311185657978, 0.0239327903837, 0.00188050197903, 1.58083712449e-05, 7.73500374862e-09, 1.19358511963e-09]
    },
    "gfcc": {
        "mean": [-46.9911193848, 96.6828460693, -92.6767883301, 57.2094917297, -75.0902709961, 16.5821456909, -31.4879703522, 9.81891918182, -10.0749225616, 3.92313671112, -8.11940002441, 2.99965071678, -2.94587922096],
        "cov": [[5852.85742188, -1215.36633301, -1057.61877441, 653.15637207, -447.881713867, 636.155639648, -257.113037109, 176.443939209, -37.0084762573, 253.991363525, 137.293106079, -74.984375, -80.6013641357], [-1215.36633301, 2354.37817383, 980.586669922, -475.60748291, 856.661254883, -124.089622498, 604.606689453, 5.57622385025, 328.768951416, -81.3251495361, 51.0858535767, 30.5404720306, 19.2649936676], [-1057.61877441, 980.586669922, 1637.82507324, 52.5494613647, 362.690429688, -42.9186592102, 428.059112549, 188.859466553, 169.970993042, 86.6100997925, -18.5311412811, 99.3740081787, 35.1831474304], [653.15637207, -475.60748291, 52.5494613647, 753.844909668, -129.570114136, 90.4071578979, -51.2223167419, 52.1048698425, 40.4377212524, -3.92597961426, 105.790939331, -42.2714614868, 88.1352233887], [-447.881713867, 856.661254883, 362.690429688, -129.570114136, 709.793518066, -43.2972259521, 193.353790283, 81.2677764893, 169.072143555, 54.4527511597, 27.6140155792, 20.905714035, 18.4752197266], [636.155639648, -124.089622498, -42.9186592102, 90.4071578979, -43.2972259521, 367.606170654, 98.4521026611, 32.7308273315, 56.7844619751, 59.2505073547, 57.4541893005, -14.3954219818, 0.711585640907], [-257.113037109, 604.606689453, 428.059112549, -51.2223167419, 193.353790283, 98.4521026611, 593.148681641, 51.0997238159, 148.81678772, 46.6778297424, 45.3836898804, 102.271697998, -1.86721587181], [176.443939209, 5.57622385025, 188.859466553, 52.1048698425, 81.2677764893, 32.7308273315, 51.0997238159, 250.410003662, 45.9584236145, 46.8127555847, 28.0511837006, 15.3561124802, 19.9641952515], [-37.0084762573, 328.768951416, 169.970993042, 40.4377212524, 169.072143555, 56.7844619751, 148.81678772, 45.9584236145, 237.925964355, 44.4744529724, 61.789100647, 0.479663163424, 12.9841680527], [253.991363525, -81.3251495361, 86.6100997925, -3.92597961426, 54.4527511597, 59.2505073547, 46.6778297424, 46.8127555847, 44.4744529724, 171.931533813, 13.9768161774, 20.2400779724, -10.2638540268], [137.293106079, 51.0858535767, -18.5311412811, 105.790939331, 27.6140155792, 57.4541893005, 45.3836898804, 28.0511837006, 61.789100647, 13.9768161774, 173.102661133, 16.5315151215, 45.6966972351], [-74.984375, 30.5404720306, 99.3740081787, -42.2714614868, 20.905714035, -14.3954219818, 102.271697998, 15.3561124802, 0.479663163424, 20.2400779724, 16.5315151215, 180.946929932, 10.5521850586], [-80.6013641357, 19.2649936676, 35.1831474304, 88.1352233887, 18.4752197266, 0.711585640907, -1.86721587181, 19.9641952515, 12.9841680527, -10.2638540268, 45.6966972351, 10.5521850586, 137.073074341]],
        "icov": [[0.000360147067113, -0.000323082669638, 0.000380835845135, -0.000488322286401, 0.000279597967165, -0.000508451950736, 0.000223294671741, -0.000441184383817, 0.000259700842435, -0.00077294674702, 0.000177170673851, -0.000233672282775, 0.000382111174986], [-0.000323082669638, 0.00245308573358, -0.00119902216829, 0.00171911716461, -0.0018478478305, 0.000821738445666, -0.00126658461522, 0.00130533322226, -0.00141286663711, 0.00284918979742, -0.00117529404815, 0.00122648861725, -0.00065035209991], [0.000380835845135, -0.00119902216829, 0.00167243962642, -0.00122597825248, 0.000690088316333, -0.000385511608329, 8.37607731228e-05, -0.00129569345154, 0.000572638411541, -0.00187958101742, 0.00111945101526, -0.000806099909823, 0.000344179949025], [-0.000488322286401, 0.00171911716461, -0.00122597825248, 0.00315688014962, -0.000866214337293, 0.000631592003629, -0.000670367735438, 0.00092441868037, -0.00135069352109, 0.00244870805182, -0.00167128012981, 0.00133938866202, -0.001508833142], [0.000279597967165, -0.0018478478305, 0.000690088316333, -0.000866214337293, 0.00343569833785, -0.000220029367483, 0.000737096124794, -0.00131182407495, -8.03497678135e-05, -0.0024569563102, 0.000714966095984, -0.000674123177305, 0.000180295843165], [-0.000508451950736, 0.000821738445666, -0.000385511608329, 0.000631592003629, -0.000220029367483, 0.00426453072578, -0.00131199322641, 0.000471717648907, -0.000944578612689, 0.000345893611666, -0.00107075122651, 0.0011620731093, -0.000417801027652], [0.000223294671741, -0.00126658461522, 8.37607731228e-05, -0.000670367735438, 0.000737096124794, -0.00131199322641, 0.00346873467788, -0.000511256512254, -0.000328840251314, -0.00123960664496, 0.000316226389259, -0.00193491077516, 0.000729884661268], [-0.000441184383817, 0.00130533322226, -0.00129569345154, 0.00092441868037, -0.00131182407495, 0.000471717648907, -0.000511256512254, 0.00566582987085, -0.000928327965084, 0.000996938208118, -0.00103598437272, 0.00055955600692, -0.000897622259799], [0.000259700842435, -0.00141286663711, 0.000572638411541, -0.00135069352109, -8.03497678135e-05, -0.000944578612689, -0.000328840251314, -0.000928327965084, 0.00736278714612, -0.00249358429573, -0.000955488940235, 0.000224432165851, 0.000636335636955], [-0.00077294674702, 0.00284918979742, -0.00187958101742, 0.00244870805182, -0.0024569563102, 0.000345893611666, -0.00123960664496, 0.000996938208118, -0.00249358429573, 0.0106946295127, -0.00144108408131, 0.000690903281793, -0.000315463723382], [0.000177170673851, -0.00117529404815, 0.00111945101526, -0.00167128012981, 0.000714966095984, -0.00107075122651, 0.000316226389259, -0.00103598437272, -0.000955488940235, -0.00144108408131, 0.0084762936458, -0.00150905619375, -0.00160599534865], [-0.000233672282775, 0.00122648861725, -0.000806099909823, 0.00133938866202, -0.000674123177305, 0.0011620731093, -0.00193491077516, 0.00055955600692, 0.000224432165851, 0.000690903281793, -0.00150905619375, 0.00731397978961, -0.00101659225766], [0.000382111174986, -0.00065035209991, 0.000344179949025, -0.001508833142, 0.000180295843165, -0.000417801027652, 0.000729884661268, -0.000897622259799, 0.000636335636955, -0.000315463723382, -0.00160599534865, -0.00101659225766, 0.00914158392698]]
    },
    "melbands": {
        "dmean": [0.00140624458436, 0.00136772927362, 0.00029702114989, 0.000279733591015, 0.000316375837428, 0.00029012048617, 0.000254694517935, 0.000209657358937, 0.000186955570825, 0.000134387242724, 4.96625434607e-05, 3.72482754756e-05, 3.26711633534e-05, 3.29334652633e-05, 2.15432701225e-05, 2.79348223557e-05, 1.75131426658e-05, 1.06585121102e-05, 8.46820967126e-06, 5.60345733902e-06, 8.73167209647e-06, 1.30382713905e-05, 9.24111736822e-06, 2.98658687825e-06, 2.22110270442e-06, 4.85068130729e-06, 6.43530802336e-06, 5.56743589186e-06, 5.37506230103e-06, 4.84661222799e-06, 4.61859963252e-06, 4.73673844681e-06, 3.94469407183e-06, 3.37979872711e-06, 2.59424109572e-06, 1.75649597622e-06, 1.21000732634e-06, 9.39806000133e-07, 6.11702546394e-07, 4.26732214009e-07],
        "dmean2": [0.00206981529482, 0.00211480609141, 0.000481194845634, 0.000453352986369, 0.000542084686458, 0.000493445026223, 0.000443199765868, 0.000366132211639, 0.000328924390487, 0.000242520050961, 8.41147484607e-05, 6.52780145174e-05, 5.52294222871e-05, 5.49013420823e-05, 3.40121478075e-05, 4.58048161818e-05, 2.73195164482e-05, 1.74978486029e-05, 1.47770842887e-05, 8.80768766365e-06, 1.30001490106e-05, 2.01395378099e-05, 1.39042813316e-05, 4.37893504568e-06, 3.35351069225e-06, 7.3432620411e-06, 9.45366900851e-06, 8.22750553198e-06, 8.33651847643e-06, 7.29177736503e-06, 6.92732737662e-06, 7.32621265342e-06, 5.88677858104e-06, 4.96956636198e-06, 3.80754613616e-06, 2.63731681116e-06, 1.8646993567e-06, 1.4996317077e-06, 9.69815346252e-07, 7.16014085356e-07],
        "dvar": [8.80459720065e-06, 1.28186247821e-05, 5.91722766785e-07, 6.34904665731e-07, 5.81746860462e-07, 7.9493429439e-07, 6.24420579243e-07, 3.6124407643e-07, 4.01166914799e-07, 3.67326379092e-07, 1.96421119369e-08, 1.05714592635e-08, 6.61431620586e-09, 7.13990289114e-09, 3.18458370785e-09, 6.54190257521e-09, 1.49883394585e-09, 5.96017957211e-10, 4.77094919127e-10, 1.86208146125e-10, 4.3796927196e-10, 8.40107650113e-10, 5.72929148568e-10, 6.17421044846e-11, 2.37511555562e-11, 1.39295491808e-10, 2.12146328282e-10, 1.43372411165e-10, 1.36885350277e-10, 9.73426408923e-11, 7.44439232481e-11, 8.40151975767e-11, 5.87303608524e-11, 4.01988303755e-11, 2.3290707904e-11, 1.13517363912e-11, 5.991204928e-12, 3.67779981816e-12, 1.21515156878e-12, 6.85286300362e-13],
        "dvar2": [1.92653114937e-05, 2.94089222734e-05, 1.53214614329e-06, 1.66280426583e-06, 1.45588319356e-06, 2.14470287574e-06, 1.76196022039e-06, 1.02174533367e-06, 1.09833501938e-06, 1.04761886632e-06, 5.24868717378e-08, 2.89622619221e-08, 1.66699507531e-08, 1.8183534678e-08, 7.21885307087e-09, 1.68863092398e-08, 3.45900841303e-09, 1.38043598774e-09, 1.26964250224e-09, 4.09366984755e-10, 9.4759089464e-10, 1.86145809877e-09, 1.31713362439e-09, 1.34700403609e-10, 5.00601921027e-11, 3.37401467876e-10, 4.21501389347e-10, 3.23219728759e-10, 3.33343769254e-10, 2.32382085796e-10, 1.61808122456e-10, 2.0093592068e-10, 1.30662938802e-10, 9.26169974047e-11, 4.62002554269e-11, 2.43210434431e-11, 1.37444682372e-11, 9.40358468177e-12, 3.01303968754e-12, 1.65078400168e-12],
        "max": [0.0341855473816, 0.0310207977891, 0.00778653426096, 0.0087237264961, 0.00627142982557, 0.00818524509668, 0.011608550325, 0.00532070407644, 0.00628458987921, 0.00670048780739, 0.00110907026101, 0.00105227087624, 0.000983044970781, 0.000682228652295, 0.000543448200915, 0.00113066739868, 0.000467315549031, 0.000306102941977, 0.000206005279324, 0.000168372338521, 0.000299938837998, 0.000509105098899, 0.000329015456373, 0.000152767082909, 6.50605288683e-05, 0.000199650821742, 0.000248344149441, 0.000143895726069, 0.00015489992802, 0.00014905592252, 0.000117468414828, 0.000168958300492, 9.92365748971e-05, 0.000107380692498, 6.51571972412e-05, 4.0491042455e-05, 3.89610831917e-05, 2.15533818846e-05, 1.28860929181e-05, 8.95789162314e-06],
        "mean": [0.00523574836552, 0.00357777671888, 0.000589388073422, 0.000367798435036, 0.000346971966792, 0.000303633947624, 0.00023891350429, 0.000212487240788, 0.000163153919857, 0.000101430807263, 4.92713188578e-05, 3.53787181666e-05, 3.5302604374e-05, 3.20859908243e-05, 2.23591559916e-05, 2.75647835224e-05, 1.94179065147e-05, 1.19254309539e-05, 8.25951792649e-06, 6.70958797855e-06, 1.10143510028e-05, 1.86504603334e-05, 1.23909439935e-05, 3.75996637558e-06, 2.88913474833e-06, 6.28030284133e-06, 8.78671198734e-06, 6.7712908276e-06, 6.44827150609e-06, 6.35243532088e-06, 6.71152884024e-06, 7.2619650382e-06, 5.8154951148e-06, 5.42853422303e-06, 4.04549473387e-06, 2.49805566455e-06, 1.67431358022e-06, 1.2146259678e-06, 8.32122566408e-07, 5.07318077325e-07],
        "median": [0.00537001900375, 0.00155180285219, 0.000382796308259, 0.000189301295904, 0.000148552586325, 9.59677199717e-05, 8.17325999378e-05, 7.79568872531e-05, 3.3516818803e-05, 1.23305226225e-05, 9.76738738245e-06, 5.83815381106e-06, 5.45278317077e-06, 3.68914356841e-06, 1.73050591457e-06, 1.98591806111e-06, 1.5850193904e-06, 1.19978051316e-06, 1.07818880224e-06, 1.02727722151e-06, 1.78258972028e-06, 3.47973582393e-06, 2.54403653344e-06, 8.5026817942e-07, 7.27897656816e-07, 1.73884905053e-06, 2.04895104616e-06, 1.12711836664e-06, 1.10407506781e-06, 1.29502268464e-06, 1.72992963599e-06, 2.14649071495e-06, 1.27510759285e-06, 1.51544008986e-06, 1.18322020626e-06, 5.32647220552e-07, 3.65565796301e-07, 3.18292109114e-07, 2.31389819305e-07, 1.20726340924e-07],
