{
"highlevel": {
    "danceability": {
        "all": {
            "danceable": 0.629436254501,
            "not_danceable": 0.370563745499
        },
        "probability": 0.629436254501,
        "value": "danceable"
    },
    "gender": {
        "all": {
            "female": 0.0613750331104,
            "male": 0.938624978065
        },
        "probability": 0.938624978065,
        "value": "male"
    },
    "genre_dortmund": {
        "all": {
            "alternative": 0.452187955379,
            "blues": 0.00782250706106,
            "electronic": 0.0238780081272,
            "folkcountry": 0.0743847489357,
            "funksoulrnb": 0.00216062343679,
            "jazz": 0.0127279330045,
            "pop": 0.0605103112757,
            "raphiphop": 0.00738552026451,
            "rock": 0.358942419291
        },
        "probability": 0.452187955379,
        "value": "alternative"
    },
    "genre_electronic": {
        "all": {
            "ambient": 0.799887776375,
            "dnb": 0.0723847448826,
            "house": 0.0649262145162,
            "techno": 0.0159170422703,
            "trance": 0.0468842387199
        },
        "probability": 0.799887776375,
        "value": "ambient"
    },
    "genre_rosamerica": {
        "all": {
            "cla": 0.0208682157099,
            "dan": 0.131694659591,
            "hip": 0.0844016596675,
            "jaz": 0.0282274857163,
            "pop": 0.093954756856,
            "rhy": 0.51558983326,
            "roc": 0.0869737863541,
            "spe": 0.0382895842195
        },
        "probability": 0.51558983326,
        "value": "rhy"
    },
    "genre_tzanetakis": {
        "all": {
            "blu": 0.0620671063662,
            "cla": 0.034474901855,
            "cou": 0.103433981538,
            "dis": 0.0620971247554,
            "hip": 0.15527240932,
            "jaz": 0.310666948557,
            "met": 0.044346679002,
            "pop": 0.0620793737471,
            "reg": 0.0620816536248,
            "roc": 0.103479810059
        },
        "probability": 0.310666948557,
        "value": "jaz"
    },
    "ismir04_rhythm": {
        "all": {
            "ChaChaCha": 0.0151391942054,
            "Jive": 0.0085131097585,
            "Quickstep": 0.0334894619882,
            "Rumba-American": 0.0169305354357,
            "Rumba-International": 0.73783403635,
            "Rumba-Misc": 0.0084940334782,
            "Samba": 0.0749658495188,
            "Tango": 0.00754612870514,
            "VienneseWaltz": 0.0801838561893,
            "Waltz": 0.0169037748128
        },
        "probability": 0.73783403635,
        "value": "Rumba-International"
    },
    "mood_acoustic": {
        "all": {
            "acoustic": 0.858196139336,
            "not_acoustic": 0.141803860664
        },
        "probability": 0.858196139336,
        "value": "acoustic"
    },
    "mood_aggressive": {
        "all": {
            "aggressive": 0.220934063196,
            "not_aggressive": 0.779065907001
        },
        "probability": 0.779065907001,
        "value": "not_aggressive"
    },
    "mood_electronic": {
        "all": {
            "electronic": 0.226633951068,
            "not_electronic": 0.773366034031
        },
        "probability": 0.773366034031,
        "value": "not_electronic"
    },
    "mood_happy": {
        "all": {
            "happy": 0.249584212899,
            "not_happy": 0.750415802002
        },
        "probability": 0.750415802002,
        "value": "not_happy"
    },
    "mood_party": {
        "all": {
            "not_party": 0.93174546957,
            "party": 0.0682545080781
        },
        "probability": 0.93174546957,
        "value": "not_party"
    },
    "mood_relaxed": {
        "all": {
            "not_relaxed": 0.198592275381,
            "relaxed": 0.801407754421
        },
        "probability": 0.801407754421,
        "value": "relaxed"
    },
    "mood_sad": {
        "all": {
            "not_sad": 0.200957268476,
            "sad": 0.799042761326
        },
        "probability": 0.799042761326,
        "value": "sad"
    },
    "moods_mirex": {
        "all": {
            "Cluster1": 0.293858617544,
            "Cluster2": 0.0860591381788,
            "Cluster3": 0.519980192184,
            "Cluster4": 0.0323772542179,
            "Cluster5": 0.0677248239517
        },
        "probability": 0.519980192184,
        "value": "Cluster3"
    },
    "timbre": {
        "all": {
            "bright": 0.0312225967646,
            "dark": 0.968777418137
        },
        "probability": 0.968777418137,
        "value": "dark"
    },
    "tonal_atonal": {
        "all": {
            "atonal": 0.5,
            "tonal": 0.5
        },
        "probability": 0.5,
        "value": "tonal"
    },
    "voice_instrumental": {
        "all": {
            "instrumental": 0.00373622612096,
            "voice": 0.996263802052
        },
        "probability": 0.996263802052,
        "value": "voice"
    }
},
"lowlevel": {
    "average_loudness": 0.961256802082,
    "barkbands_crest": {
        "dmean": 2.50920248032,
        "dmean2": 4.23747110367,
        "dvar": 4.09565830231,
        "dvar2": 11.3238763809,
        "max": 24.6318340302,
        "mean": 11.6334667206,
        "median": 11.084230423,
        "min": 4.43802404404,
        "var": 12.6838579178
    },
    "barkbands_flatness_db": {
        "dmean": 0.0244435388595,
        "dmean2": 0.0397153794765,
        "dvar": 0.000556762854103,
        "dvar2": 0.0012132411357,
        "max": 0.44245582819,
        "mean": 0.224013417959,
        "median": 0.216750577092,
        "min": 0.100276023149,
        "var": 0.00315780006349
    },
    "barkbands_kurtosis": {
        "dmean": 6.86374235153,
        "dmean2": 11.2668085098,
        "dvar": 86.6725158691,
        "dvar2": 233.479309082,
        "max": 162.107727051,
        "mean": 16.7431869507,
        "median": 12.7468500137,
        "min": -1.77425456047,
        "var": 229.384490967
    },
    "barkbands_skewness": {
        "dmean": 0.664356887341,
        "dmean2": 1.05188393593,
        "dvar": 0.41007116437,
        "dvar2": 1.06940066814,
        "max": 9.3693819046,
        "mean": 3.04251503944,
        "median": 2.86052393913,
        "min": -0.00531834037974,
        "var": 1.75840294361
    },
    "barkbands_spread": {
        "dmean": 3.18948793411,
        "dmean2": 4.61455488205,
        "dvar": 38.3320808411,
        "dvar2": 57.533821106,
        "max": 92.4900665283,
        "mean": 9.70709323883,
        "median": 6.9580039978,
        "min": 0.666400671005,
        "var": 139.588775635
    },
    "dissonance": {
        "dmean": 0.0227359477431,
        "dmean2": 0.0368156582117,
        "dvar": 0.000439851282863,
        "dvar2": 0.00115325662773,
        "max": 0.498477727175,
        "mean": 0.441920101643,
        "median": 0.447939753532,
        "min": 0.276749134064,
        "var": 0.00115600181744
    },
    "dynamic_complexity": 2.00565314293,
    "erbbands_crest": {
        "dmean": 2.44308280945,
        "dmean2": 3.88223075867,
        "dvar": 4.66963148117,
        "dvar2": 12.6269664764,
        "max": 23.2397899628,
        "mean": 9.68939685822,
        "median": 9.16902542114,
        "min": 2.89820885658,
        "var": 13.6903371811
    },
    "erbbands_flatness_db": {
        "dmean": 0.0155695760623,
        "dmean2": 0.0220362413675,
        "dvar": 0.000238832973992,
        "dvar2": 0.00045123527525,
        "max": 0.274947762489,
        "mean": 0.159552529454,
        "median": 0.160284027457,
        "min": 0.0688256174326,
        "var": 0.00167807715479
    },
    "erbbands_kurtosis": {
        "dmean": 1.18837034702,
        "dmean2": 1.86739420891,
        "dvar": 2.0642323494,
        "dvar2": 5.09731197357,
        "max": 18.0299854279,
        "mean": 1.45242404938,
        "median": 1.07199239731,
        "min": -1.80513370037,
        "var": 5.7518415451
    },
    "erbbands_skewness": {
        "dmean": 0.362910926342,
        "dmean2": 0.544188916683,
        "dvar": 0.120463088155,
        "dvar2": 0.254130661488,
        "max": 3.79353833199,
        "mean": 0.999457240105,
        "median": 1.00843179226,
        "min": -1.82987630367,
        "var": 0.611312329769
    },
    "erbbands_spread": {
        "dmean": 8.22981452942,
        "dmean2": 11.8656511307,
        "dvar": 99.155708313,
        "dvar2": 182.227325439,
        "max": 145.613983154,
        "mean": 41.2623634338,
        "median": 32.8063011169,
        "min": 7.39464712143,
        "var": 611.155578613
    },
    "hfc": {
        "dmean": 4.60460329056,
        "dmean2": 6.74311876297,
        "dvar": 55.5108070374,
        "dvar2": 84.064781189,
        "max": 151.582077026,
        "mean": 15.7900114059,
        "median": 12.6561441422,
        "min": 0.969046294689,
        "var": 240.467010498
    },
    "melbands_crest": {
        "dmean": 3.20990395546,
        "dmean2": 5.51447296143,
        "dvar": 8.04452323914,
        "dvar2": 22.2882041931,
        "max": 29.5164642334,
        "mean": 16.5626316071,
        "median": 16.0092124939,
        "min": 6.33921957016,
        "var": 22.6130886078
    },
    "melbands_flatness_db": {
        "dmean": 0.0277313292027,
        "dmean2": 0.0437427163124,
        "dvar": 0.000777697307058,
        "dvar2": 0.0015825004084,
        "max": 0.604818940163,
        "mean": 0.308703511953,
        "median": 0.298356890678,
        "min": 0.127285033464,
        "var": 0.00515851425007
    },
    "melbands_kurtosis": {
        "dmean": 13.5561037064,
        "dmean2": 22.0301742554,
        "dvar": 263.443511963,
        "dvar2": 704.824584961,
        "max": 210.494049072,
        "mean": 36.1887359619,
        "median": 28.030128479,
        "min": -0.963527917862,
        "var": 896.544189453
    },
    "melbands_skewness": {
        "dmean": 0.861821770668,
        "dmean2": 1.36214470863,
        "dvar": 0.640781462193,
        "dvar2": 1.63275325298,
        "max": 10.6406269073,
        "mean": 4.15981960297,
        "median": 3.87199187279,
        "min": 0.665093183517,
        "var": 3.38318037987
    },
    "melbands_spread": {
        "dmean": 2.40474510193,
        "dmean2": 3.69907569885,
        "dvar": 16.2403488159,
        "dvar2": 32.187210083,
        "max": 76.8205718994,
        "mean": 7.10062837601,
        "median": 5.55707550049,
        "min": 0.536991715431,
        "var": 44.7605781555
    },
    "pitch_salience": {
        "dmean": 0.0753097385168,
        "dmean2": 0.128166869283,
        "dvar": 0.00467364257202,
        "dvar2": 0.0125905591995,
        "max": 0.812068760395,
        "mean": 0.512056827545,
        "median": 0.521305680275,
        "min": 0.165054708719,
        "var": 0.0109221609309
    },
    "silence_rate_20dB": {
        "dmean": 0,
        "dmean2": 0,
        "dvar": 0,
        "dvar2": 0,
        "max": 1,
        "mean": 1,
        "median": 1,
        "min": 1,
        "var": 0
    },
    "silence_rate_30dB": {
        "dmean": 0.0510835908353,
        "dmean2": 0.102246321738,
        "dvar": 0.0484738945961,
        "dvar2": 0.121225520968,
        "max": 1,
        "mean": 0.949729323387,
        "median": 1,
        "min": 0,
        "var": 0.0477424785495
    },
    "silence_rate_60dB": {
        "dmean": 0,
        "dmean2": 0,
        "dvar": 0,
        "dvar2": 0,
        "max": 0,
        "mean": 0,
        "median": 0,
        "min": 0,
        "var": 0
    },
    "spectral_centroid": {
        "dmean": 138.363311768,
        "dmean2": 205.560760498,
        "dvar": 43500.3789062,
        "dvar2": 74731.90625,
        "max": 3371.76953125,
        "mean": 581.770080566,
        "median": 476.73449707,
        "min": 137.170455933,
        "var": 182106.71875
    },
    "spectral_complexity": {
        "dmean": 2.46671819687,
        "dmean2": 3.95197510719,
        "dvar": 7.93002080917,
        "dvar2": 17.7513942719,
        "max": 46,
        "mean": 12.7084302902,
        "median": 12,
        "min": 1,
        "var": 31.1485519409
    },
    "spectral_decrease": {
        "dmean": 4.79421791155e-09,
        "dmean2": 8.18581646911e-09,
        "dvar": 3.64285808819e-17,
        "dvar2": 9.83359922265e-17,
        "max": -1.65759406201e-09,
        "mean": -1.34463737922e-08,
        "median": -1.17269260969e-08,
        "min": -6.9606777231e-08,
        "var": 6.48225579506e-17
    },
    "spectral_energy": {
        "dmean": 0.0183716230094,
        "dmean2": 0.0313301198184,
        "dvar": 0.000531211262569,
        "dvar2": 0.00143539183773,
        "max": 0.265577793121,
        "mean": 0.05218186602,
        "median": 0.0459126643836,
        "min": 0.0063891406171,
        "var": 0.000956331961788
    },
    "spectral_energyband_high": {
        "dmean": 0.000290963595035,
        "dmean2": 0.000362962047802,
        "dvar": 8.77660340848e-07,
        "dvar2": 1.03747458979e-06,
        "max": 0.0191769376397,
        "mean": 0.000643465551548,
        "median": 0.000120974560559,
        "min": 2.14082405137e-07,
        "var": 3.57211979463e-06
    },
    "spectral_energyband_low": {
        "dmean": 0.0152007555589,
        "dmean2": 0.0264245253056,
        "dvar": 0.000438544113422,
        "dvar2": 0.00122593191918,
        "max": 0.251552939415,
        "mean": 0.0320221185684,
        "median": 0.0253587886691,
        "min": 0.00178819068242,
        "var": 0.000608030357398
    },
    "spectral_energyband_middle_high": {
        "dmean": 0.00051369832363,
        "dmean2": 0.000781021779403,
        "dvar": 9.69043298937e-07,
        "dvar2": 2.29146189668e-06,
        "max": 0.023702789098,
        "mean": 0.00161983375438,
        "median": 0.00118876539636,
        "min": 1.61395728355e-05,
        "var": 3.29458202941e-06
    },
    "spectral_energyband_middle_low": {
        "dmean": 0.00837348308414,
        "dmean2": 0.0135040581226,
        "dvar": 0.000117856849101,
        "dvar2": 0.000301808235236,
        "max": 0.129806548357,
        "mean": 0.0205561965704,
        "median": 0.0156533941627,
        "min": 0.0005899995449,
        "var": 0.000275903003057
    },
    "spectral_entropy": {
        "dmean": 0.210990786552,
        "dmean2": 0.306249111891,
        "dvar": 0.0456128194928,
        "dvar2": 0.0846896246076,
        "max": 8.4076385498,
        "mean": 7.00845146179,
        "median": 6.99594449997,
        "min": 5.0723400116,
        "var": 0.294560462236
    },
    "spectral_flux": {
        "dmean": 0.0299808830023,
        "dmean2": 0.0473292395473,
        "dvar": 0.000999186071567,
        "dvar2": 0.00230860663578,
        "max": 0.394439131021,
        "mean": 0.101340122521,
        "median": 0.0908494070172,
        "min": 0.00971073005348,
        "var": 0.0027202651836
    },
    "spectral_kurtosis": {
        "dmean": 2.77253437042,
        "dmean2": 4.63337087631,
        "dvar": 14.4999094009,
        "dvar2": 34.9036903381,
        "max": 59.4707374573,
        "mean": 7.53851938248,
        "median": 6.02853679657,
        "min": -0.568382501602,
        "var": 52.5883712769
    },
    "spectral_rms": {
        "dmean": 0.00118293473497,
        "dmean2": 0.00199772091582,
        "dvar": 1.49336165123e-06,
        "dvar2": 3.98188740292e-06,
        "max": 0.0160965919495,
        "mean": 0.0068577430211,
        "median": 0.00669274572283,
        "min": 0.00249665929005,
        "var": 3.88051512346e-06
    },
    "spectral_rolloff": {
        "dmean": 193.86491394,
        "dmean2": 322.579956055,
        "dvar": 534303.1875,
        "dvar2": 1022744.6875,
        "max": 8613.28125,
        "mean": 495.496612549,
        "median": 258.3984375,
        "min": 107.666015625,
        "var": 895143.8125
    },
    "spectral_skewness": {
        "dmean": 0.312038570642,
        "dmean2": 0.484428942204,
        "dvar": 0.116631865501,
        "dvar2": 0.243348091841,
        "max": 6.44556665421,
        "mean": 2.05486154556,
        "median": 2.04585838318,
        "min": 0.12250905484,
        "var": 0.709039866924
    },
    "spectral_spread": {
        "dmean": 514822.53125,
        "dmean2": 708560.5,
        "dvar": 662679453696,
        "dvar2": 916113457152,
        "max": 21544610,
        "mean": 4332846,
        "median": 3947066.75,
        "min": 1432976.5,
        "var": 2.83333728666e+12
    },
    "spectral_strongpeak": {
        "dmean": 0.302922308445,
        "dmean2": 0.530886232853,
        "dvar": 0.121953427792,
        "dvar2": 0.329351216555,
        "max": 2.87134933472,
        "mean": 0.599487245083,
        "median": 0.496330946684,
        "min": 0.048760984093,
        "var": 0.181729853153
    },
    "zerocrossingrate": {
        "dmean": 0.00630041537806,
        "dmean2": 0.00723193306476,
        "dvar": 9.48106826399e-05,
        "dvar2": 8.98787620827e-05,
        "max": 0.1806640625,
        "mean": 0.027153423056,
        "median": 0.02099609375,
        "min": 0.00341796875,
        "var": 0.000611288531218
    },
    "barkbands": {
        "dmean": [0.000229546349146, 0.00830065179616, 0.00850865617394, 0.00387868867256, 0.00526332762092, 0.000876181176864, 0.00117252138443, 0.000432874017861, 0.000441415148089, 0.000157729315106, 0.000126113998704, 0.000151471584104, 0.000105305698526, 6.31371221971e-05, 8.29726050142e-05, 6.19052880211e-05, 4.30447071267e-05, 3.77434662369e-05, 4.5252716518e-05, 5.65895425098e-05, 7.41860203561e-05, 5.03632545588e-05, 7.70321566961e-05, 7.07193103153e-05, 3.10651303153e-05, 1.78812479135e-05, 3.17785997517e-09],
        "dmean2": [0.000341776467394, 0.0144793288782, 0.0146021060646, 0.00666787056252, 0.00858855806291, 0.00146108597983, 0.00168573926203, 0.000636266137008, 0.000620756298304, 0.000255253253272, 0.000190417893464, 0.000230618490605, 0.000165354664205, 0.00010039278277, 0.000135308378958, 0.000104261656816, 6.92063767929e-05, 6.20183272986e-05, 7.15582064004e-05, 9.01706298464e-05, 0.000112129069748, 7.13911649655e-05, 0.000100195684354, 9.90276312223e-05, 4.36538248323e-05, 2.49186341534e-05, 5.25102006321e-09],
        "dvar": [2.4424645062e-07, 0.000117796502309, 0.000155399728101, 4.801884279e-05, 5.6245495216e-05, 2.26992460739e-06, 4.07207517128e-06, 9.98953964881e-07, 6.1133255258e-07, 2.88275003868e-07, 6.25026501666e-08, 1.28812047251e-07, 1.99818856572e-07, 2.22481819634e-08, 1.5783403029e-08, 1.39148328415e-08, 4.85949014362e-09, 4.65127314442e-09, 9.99833993376e-09, 1.36470035272e-08, 5.48020118174e-08, 2.47193963077e-08, 7.88727874124e-08, 1.03317191247e-07, 1.45301886079e-08, 4.87966733687e-09, 7.22421112884e-16],
        "dvar2": [5.12939777764e-07, 0.0003382707946, 0.000439796218416, 0.000128367275465, 0.000148721403093, 6.5517033363e-06, 8.61169883137e-06, 1.90758919416e-06, 1.12305349376e-06, 8.1922848949e-07, 1.19571751611e-07, 3.03600359075e-07, 5.04451463712e-07, 4.73722536753e-08, 4.12741449907e-08, 3.87937753032e-08, 1.20347127819e-08, 1.27897683555e-08, 2.3730363452e-08, 3.3075412631e-08, 1.21631359207e-07, 4.18682439829e-08, 1.16264338601e-07, 1.84903200307e-07, 2.78655285513e-08, 8.2014484093e-09, 7.42697811092e-16],
        "max": [0.00641211308539, 0.0956907197833, 0.162092670798, 0.0707809478045, 0.0795506983995, 0.0174552612007, 0.0377840399742, 0.0171690825373, 0.0205584727228, 0.0118320314214, 0.0074743879959, 0.0102013768628, 0.0134080499411, 0.00318674603477, 0.00162114237901, 0.00171721144579, 0.000912916031666, 0.00103061832488, 0.00214449851774, 0.0017112364294, 0.00390929309651, 0.00280597642995, 0.00570465624332, 0.007632532157, 0.00266610458493, 0.00141819322016, 9.63186607805e-07],
        "mean": [0.00035387990647, 0.0133733870462, 0.0156712271273, 0.00496026920155, 0.00932937208563, 0.00146259483881, 0.00267986184917, 0.000915742828511, 0.00113643403165, 0.000273929064861, 0.000269642448984, 0.000284844805719, 0.000182854331797, 0.000111208129965, 0.000157524220413, 0.000105419421743, 8.03949806141e-05, 6.31497750874e-05, 8.8643086201e-05, 0.000104270249722, 0.000131828855956, 9.73205751507e-05, 0.000142451215652, 0.000126319049741, 5.18465749337e-05, 2.75755373877e-05, 2.6980553347e-09],
        "median": [0.000128526880872, 0.00952448323369, 0.0100219398737, 0.00239128712565, 0.00653313146904, 0.000831044279039, 0.00103550683707, 0.000324847991578, 0.000423077639425, 0.000106468214653, 0.000111017514428, 0.000133395646117, 7.72768107709e-05, 4.61658419226e-05, 8.42180015752e-05, 4.86785866087e-05, 4.3290474423e-05, 3.62835162377e-05, 3.87366017094e-05, 4.21241966251e-05, 2.28783319471e-05, 1.88718931895e-05, 1.93532887351e-05, 1.58323055075e-05, 7.27951055524e-06, 2.56944804278e-06, 8.98208507571e-10],
        "min": [4.90920911034e-07, 0.000185233657248, 0.000331329065375, 3.00319625239e-05, 2.18483419303e-05, 6.38847222945e-06, 3.53161522071e-06, 8.0304283756e-07, 9.74518798103e-07, 1.23459221868e-06, 1.82770463653e-07, 1.47224227476e-06, 8.65601919031e-07, 5.72949431898e-07, 3.09399865728e-07, 2.34824938161e-07, 4.12823482066e-08, 3.42699664202e-08, 1.83976407442e-08, 2.06781241019e-08, 1.56254671424e-08, 1.73919421087e-08, 2.11926902693e-08, 2.45254536679e-08, 2.85068346706e-09, 6.13218920087e-11, 3.6297406053e-11],
        "var": [4.19341091629e-07, 0.000153487650095, 0.000262356974417, 5.87918293604e-05, 9.20284655876e-05, 3.52744223164e-06, 1.91169983736e-05, 2.80125323115e-06, 2.9901968901e-06, 4.77321407288e-07, 2.71351780157e-07, 2.6596637781e-07, 2.99419667726e-07, 4.28203073e-08, 4.30151239073e-08, 2.54904115593e-08, 9.80885239699e-09, 6.58100018924e-09, 2.64191282184e-08, 2.99107441037e-08, 1.44860251794e-07, 7.41789989434e-08, 2.61066617213e-07, 2.51992588574e-07, 3.15450705557e-08, 1.3757340156e-08, 7.21962497482e-16]
    },
    "erbbands": {
        "dmean": [0.176627665758, 2.1822476387, 8.97584724426, 10.823969841, 13.7553653717, 24.811416626, 6.739112854, 8.27790355682, 13.7617864609, 15.9278020859, 9.22219562531, 9.28178977966, 6.75771141052, 5.64773273468, 3.38006305695, 6.57934093475, 4.596991539, 3.33559250832, 4.17005395889, 3.54522681236, 2.42897796631, 2.44836711884, 2.08969426155, 1.74168121815, 2.60494661331, 2.80436182022, 2.87774467468, 2.86694765091, 1.97424519062, 1.76379203796, 2.3857357502, 2.02709031105, 0.868913948536, 0.422409445047, 0.198318690062, 0.10769931972, 0.0272564999759, 0.00185122096445, 4.24208774348e-05, 2.12982595258e-05],
        "dmean2": [0.290832459927, 3.84052157402, 15.569442749, 18.3035316467, 23.8758449554, 39.7935676575, 10.8681278229, 13.6933870316, 19.6008644104, 23.2031040192, 13.1708145142, 13.0590343475, 10.2808933258, 8.4458398819, 5.11909580231, 9.95133686066, 7.22888231277, 5.08763980865, 6.67887067795, 6.03570699692, 3.96975708008, 3.97965908051, 3.38118314743, 2.83715772629, 4.23849058151, 4.49516773224, 4.52537250519, 4.06551742554, 2.77169489861, 2.61651134491, 3.10054397583, 2.60579395294, 1.28591394424, 0.597439408302, 0.285974502563, 0.151469141245, 0.0367941632867, 0.00253863609396, 5.7706667576e-05, 3.56317723345e-05],
        "dvar": [0.068797506392, 8.82933807373, 184.996368408, 243.67741394, 423.661682129, 1549.83447266, 121.953430176, 240.147232056, 859.100708008, 760.347961426, 401.710968018, 337.910797119, 229.800064087, 153.26449585, 41.2401542664, 281.814086914, 597.363220215, 99.3100967407, 43.905872345, 34.0964355469, 14.691532135, 15.3988428116, 15.714091301, 9.90934658051, 42.4745826721, 32.4368095398, 68.6901931763, 90.0523376465, 37.4886398315, 35.9425582886, 82.2423706055, 80.0987091064, 12.1119670868, 3.21187853813, 0.453269988298, 0.172237545252, 0.0123809212819, 4.65307530249e-05, 1.82823107764e-08, 6.90582535601e-10],
        "dvar2": [0.183170393109, 25.4329185486, 538.500549316, 659.595275879, 1188.95275879, 3933.63916016, 310.998718262, 686.59954834, 1589.06713867, 1663.0736084, 702.574951172, 620.761413574, 559.177490234, 317.096252441, 85.0174255371, 694.0703125, 1654.39306641, 182.249420166, 120.366722107, 90.0392913818, 38.7580337524, 39.4727973938, 42.9210662842, 23.266620636, 109.955497742, 75.4671783447, 163.683700562, 180.981414795, 61.0224342346, 68.3528060913, 124.501625061, 129.554595947, 25.3726806641, 6.63842153549, 0.792757511139, 0.322369128466, 0.0201560929418, 7.24965939298e-05, 2.64036561504e-08, 1.78559966812e-09],
        "max": [2.56969690323, 28.0221233368, 183.19317627, 162.798461914, 219.097091675, 463.836395264, 168.040115356, 223.641448975, 624.089233398, 447.003967285, 298.724090576, 464.582733154, 263.753967285, 321.796722412, 144.436050415, 462.120269775, 719.267150879, 280.040283203, 114.322303772, 83.2255783081, 45.4047698975, 49.652973175, 63.2065925598, 55.1720237732, 121.286903381, 76.9338912964, 121.713294983, 159.852539062, 112.003990173, 133.128662109, 184.677108765, 209.013076782, 61.7574653625, 37.7659301758, 15.2805271149, 8.9271068573, 2.20129776001, 0.183274269104, 0.0034639982041, 0.000296831305604],
        "mean": [0.292956143618, 3.45963287354, 16.1515140533, 18.2786388397, 21.2797279358, 42.5161514282, 12.9948987961, 14.9034309387, 31.5945892334, 35.6128692627, 21.7597827911, 24.6012134552, 14.6196861267, 12.3636131287, 7.50195455551, 12.8552722931, 8.6583366394, 6.48211050034, 8.70879268646, 6.63635778427, 4.60266590118, 4.70365619659, 3.69664144516, 3.58128166199, 4.90264368057, 5.21476697922, 5.15446472168, 4.96838474274, 3.72572183609, 3.31436467171, 4.27979230881, 3.58489179611, 1.45670223236, 0.700865268707, 0.318042844534, 0.157601609826, 0.0434461086988, 0.002802755218, 8.42883819132e-05, 6.2313505623e-05],
        "median": [0.203821957111, 2.41744303703, 10.7202272415, 12.4284858704, 13.3151159286, 25.0483531952, 7.50908184052, 8.29286956787, 10.9489622116, 15.2678337097, 7.54827690125, 8.51113796234, 5.65914154053, 5.59454298019, 3.80465626717, 5.96086978912, 4.32305765152, 2.89575076103, 4.65260410309, 3.80946588516, 2.65804767609, 2.69244813919, 2.04084038734, 2.10414171219, 2.01009488106, 2.01136517525, 1.24054527283, 0.692145764828, 0.697856664658, 0.582674324512, 0.550465941429, 0.402314096689, 0.206510901451, 0.107721887529, 0.0380302667618, 0.016257725656, 0.00388682750054, 0.000224054499995, 3.15918914566e-05, 5.34743485332e-05],
        "min": [0.00547222606838, 0.072113506496, 0.301714062691, 0.77517670393, 0.129566580057, 0.103869639337, 0.142314881086, 0.0625586137176, 0.0493198111653, 0.075826883316, 0.0378683805466, 0.0292843803763, 0.0586205944419, 0.0656640008092, 0.0564963147044, 0.0638280808926, 0.0652548447251, 0.0302009489387, 0.0391987077892, 0.0306072942913, 0.00665800785646, 0.0024160859175, 0.00230579590425, 0.0010512197623, 0.0008446649299, 0.00102578452788, 0.000724745041225, 0.000546807306819, 0.000566217058804, 0.000563902489375, 0.000614650547504, 0.000466556783067, 0.000454186665593, 5.97619873588e-05, 2.69131851383e-05, 1.05486860775e-05, 3.65339246855e-06, 3.99187172206e-07, 3.73764146389e-06, 7.05787169863e-06],
        "var": [0.094465918839, 10.5945959091, 254.119781494, 349.504119873, 555.558410645, 2604.95605469, 264.178039551, 424.620422363, 4281.0546875, 2782.31396484, 1300.07287598, 1684.96716309, 614.628723145, 551.780456543, 151.073013306, 546.031799316, 639.00189209, 217.934234619, 135.254379272, 68.8547134399, 30.2866916656, 32.2966651917, 22.8974266052, 23.0828723907, 100.216789246, 75.3028106689, 152.607681274, 251.335189819, 109.995429993, 104.640274048, 254.083282471, 218.911300659, 26.9020385742, 6.20245838165, 1.13888537884, 0.411965817213, 0.035424657166, 0.000156455120305, 6.51763940596e-08, 1.54526336171e-09]
    },
    "gfcc": {
        "mean": [-13.6146650314, 132.259307861, -80.6460342407, 44.8850708008, -53.55052948, 17.8831005096, -33.9572219849, 6.46267557144, -20.7650375366, -1.14932596684, -14.0512676239, -8.60251617432, -10.5341711044],
        "cov": [[3524.82666016, -1418.10803223, -323.770965576, 325.953338623, -680.221679688, 88.458984375, -345.361999512, 157.365280151, -124.55166626, 279.036804199, -202.552963257, 40.4000320435, -134.982955933], [-1418.10803223, 1270.51477051, -170.752792358, -407.776550293, 386.546234131, -168.691986084, 206.187988281, -50.3125534058, 139.79208374, -211.357650757, 176.334747314, -96.5566635132, 66.1806564331], [-323.770965576, -170.752792358, 349.67590332, 91.9576568604, 27.8419094086, 55.1508140564, -15.3235397339, -39.8101043701, -12.7241487503, 21.7423171997, -36.3423957825, 47.5353126526, -3.4485168457], [325.953338623, -407.776550293, 91.9576568604, 370.446533203, -111.061172485, 39.741645813, -87.5881195068, -53.3168373108, -4.48586797714, 14.556602478, 5.39395666122, 13.6221170425, 10.4785270691], [-680.221679688, 386.546234131, 27.8419094086, -111.061172485, 288.193084717, -47.595916748, 92.2353134155, -13.5974683762, 14.7721586227, -56.9756202698, 21.199426651, -1.56554841995, 12.4047327042], [88.458984375, -168.691986084, 55.1508140564, 39.741645813, -47.595916748, 145.817977905, 20.9591579437, -11.7697019577, -12.9454727173, 15.4216241837, -3.31431221962, -12.8228187561, -1.67199230194], [-345.361999512, 206.187988281, -15.3235397339, -87.5881195068, 92.2353134155, 20.9591579437, 175.851852417, 15.6990118027, -4.41283559799, -33.0881996155, 23.441701889, -24.055606842, 2.27434015274], [157.365280151, -50.3125534058, -39.8101043701, -53.3168373108, -13.5974683762, -11.7697019577, 15.6990118027, 111.551872253, 0.089481882751, 31.4962654114, -38.2580680847, 4.39802742004, -8.3721818924], [-124.55166626, 139.79208374, -12.7241487503, -4.48586797714, 14.7721586227, -12.9454727173, -4.41283559799, 0.089481882751, 100.187667847, -22.0031661987, 34.5424385071, -23.3081092834, 15.9865083694], [279.036804199, -211.357650757, 21.7423171997, 14.556602478, -56.9756202698, 15.4216241837, -33.0881996155, 31.4962654114, -22.0031661987, 114.746444702, -34.7675590515, 22.2220821381, -18.5421772003], [-202.552963257, 176.334747314, -36.3423957825, 5.39395666122, 21.199426651, -3.31431221962, 23.441701889, -38.2580680847, 34.5424385071, -34.7675590515, 103.839332581, -12.2124929428, 14.8357954025], [40.4000320435, -96.5566635132, 47.5353126526, 13.6221170425, -1.56554841995, -12.8228187561, -24.055606842, 4.39802742004, -23.3081092834, 22.2220821381, -12.2124929428, 80.1735534668, 2.34602761269], [-134.982955933, 66.1806564331, -3.4485168457, 10.4785270691, 12.4047327042, -1.67199230194, 2.27434015274, -8.3721818924, 15.9865083694, -18.5421772003, 14.8357954025, 2.34602761269, 60.4092788696]],
        "icov": [[0.00115006929263, 0.000661302066874, 0.00152892479673, -0.000212886050576, 0.00111412000842, -0.000169208928128, 0.000727871782146, -0.000345188105712, -0.000114694885269, -0.000474331667647, 0.000799020926934, -0.000241325324168, 0.00135872175451], [0.000661302066874, 0.0148520460352, 0.000688568863552, 0.0116564678028, -0.00744086224586, 0.0106806717813, -0.00363903539255, 0.00477630971, -0.00761602632701, 0.00856612809002, -0.0124094793573, 0.0090947104618, -0.00681419996545], [0.00152892479673, 0.000688568863552, 0.00632901862264, -0.00139564799611, 0.000433660374256, -0.00215017446317, 0.000747999351006, 0.00135224719997, -0.00126563594677, -0.00127626513131, 0.00353794172406, -0.00318939075805, 0.00247423979454], [-0.000212886050576, 0.0116564678028, -0.00139564799611, 0.0134576763958, -0.00553314294666, 0.00844284705818, -0.00218252907507, 0.00523728039116, -0.00585710722953, 0.00741673447192, -0.0112055595964, 0.00773213431239, -0.00720373960212], [0.00111412000842, -0.00744086224586, 0.000433660374256, -0.00553314294666, 0.011212348938, -0.00403403956443, 0.000393690221244, -0.00205369945616, 0.00362723926082, -0.00393913406879, 0.0080636497587, -0.00580657599494, 0.00498842820525], [-0.000169208928128, 0.0106806717813, -0.00215017446317, 0.00844284705818, -0.00403403956443, 0.0172269195318, -0.00558802718297, 0.00463447067887, -0.00459433207288, 0.00546073587611, -0.00992316566408, 0.00936508458108, -0.00654328195378], [0.000727871782146, -0.00363903539255, 0.000747999351006, -0.00218252907507, 0.000393690221244, -0.00558802718297, 0.0108239157125, -0.00448779342696, 0.00438936240971, -0.00124490086455, 0.00126562081277, -0.000486242643092, 0.00293377204798], [-0.000345188105712, 0.00477630971, 0.00135224719997, 0.00523728039116, -0.00205369945616, 0.00463447067887, -0.00448779342696, 0.0155949704349, -0.00563850207254, 7.14598354534e-05, 0.00119829212781, 0.00133881950751, -0.00278712180443], [-0.000114694885269, -0.00761602632701, -0.00126563594677, -0.00585710722953, 0.00362723926082, -0.00459433207288, 0.00438936240971, -0.00563850207254, 0.0176526214927, -0.00352452881634, 0.00138855807018, -0.00011907654698, 0.00112263765186], [-0.000474331667647, 0.00856612809002, -0.00127626513131, 0.00741673447192, -0.00393913406879, 0.00546073587611, -0.00124490086455, 7.14598354534e-05, -0.00352452881634, 0.0179544351995, -0.00703161535785, 0.00347940577194, -0.0027515059337], [0.000799020926934, -0.0124094793573, 0.00353794172406, -0.0112055595964, 0.0080636497587, -0.00992316566408, 0.00126562081277, 0.00119829212781, 0.00138855807018, -0.00703161535785, 0.0272557325661, -0.0103547060862, 0.00689674494788], [-0.000241325324168, 0.0090947104618, -0.00318939075805, 0.00773213431239, -0.00580657599494, 0.00936508458108, -0.000486242643092, 0.00133881950751, -0.00011907654698, 0.00347940577194, -0.0103547060862, 0.022936725989, -0.0076189818792], [0.00135872175451, -0.00681419996545, 0.00247423979454, -0.00720373960212, 0.00498842820525, -0.00654328195378, 0.00293377204798, -0.00278712180443, 0.00112263765186, -0.0027515059337, 0.00689674494788, -0.0076189818792, 0.0242040976882]]
    },
    "melbands": {
        "dmean": [0.00190270796884, 0.003899281146, 0.00186691898853, 0.0013778808061, 0.000387449923437, 0.000184427350177, 0.000213733932469, 0.000152907625306, 7.37632944947e-05, 6.32819501334e-05, 3.43766405422e-05, 2.35151765082e-05, 1.32533650685e-05, 1.69191225723e-05, 1.29677155201e-05, 1.10311966637e-05, 6.13613474343e-06, 6.89810894983e-06, 6.13623933532e-06, 5.26579742655e-06, 2.57037049778e-06, 2.71355520454e-06, 2.57787064584e-06, 1.51094161538e-06, 1.50674509314e-06, 1.98283623831e-06, 1.82947690064e-06, 2.037649665e-06, 1.94910262508e-06, 2.00861882149e-06, 1.60211834555e-06, 1.19366097806e-06, 1.01890759652e-06, 1.11137728709e-06, 1.39001394928e-06, 1.63628226346e-06, 1.18582181585e-06, 7.24635015104e-07, 3.99972947207e-07, 3.91478323536e-07],
        "dmean2": [0.00326556176879, 0.00678233802319, 0.00313709210604, 0.00223977514543, 0.000617106212303, 0.000299078674288, 0.000305776135065, 0.000223274895689, 0.000107914740511, 8.98269281606e-05, 5.31198274984e-05, 3.56116615876e-05, 1.98833149625e-05, 2.5380824809e-05, 1.98771267605e-05, 1.67609578057e-05, 9.5692485047e-06, 1.10865394163e-05, 1.00874485724e-05, 8.98081907508e-06, 4.144864306e-06, 4.42329610451e-06, 4.22134326072e-06, 2.45070668825e-06, 2.48273249781e-06, 3.19225887324e-06, 3.03148885905e-06, 3.28690680362e-06, 3.11592657454e-06, 3.09508868668e-06, 2.29251531891e-06, 1.74459626123e-06, 1.47837124587e-06, 1.73746434484e-06, 1.90438333902e-06, 2.08146298064e-06, 1.67587131727e-06, 1.11800886771e-06, 6.07468450653e-07, 5.75841852424e-07],
        "dvar": [6.37695529804e-06, 3.4223212424e-05, 7.12793871571e-06, 3.72173872165e-06, 3.80014085977e-07, 1.09908889101e-07, 1.67870922496e-07, 7.28397822058e-08, 2.56258640974e-08, 1.6087371435e-08, 6.81119027846e-09, 3.05877101425e-09, 6.15309525553e-10, 1.91951832207e-09, 1.34468858271e-09, 1.67448832578e-09, 3.32517624546e-10, 1.32059654878e-10, 9.24236936983e-11, 1.26476468187e-10, 1.6875379566e-11, 1.89018019986e-11, 2.49191708934e-11, 6.12461036748e-12, 7.34707693989e-12, 2.56858700975e-11, 2.08602579654e-11, 1.69539417227e-11, 3.33908838079e-11, 4.49605699893e-11, 2.93066022838e-11, 1.37500054745e-11, 1.00423896629e-11, 1.70972194735e-11, 2.58196658498e-11, 4.91133141101e-11, 3.01637326228e-11, 8.99189750436e-12, 2.54601916806e-12, 2.89821964171e-12],
        "dvar2": [1.79179078259e-05, 9.93887224467e-05, 1.91903618543e-05, 9.95758364297e-06, 9.33622573029e-07, 3.01122582869e-07, 3.39088416013e-07, 1.52278616383e-07, 4.63006024631e-08, 3.02117157958e-08, 1.71438827579e-08, 6.85083589858e-09, 1.17797216426e-09, 4.24045198955e-09, 3.70298658403e-09, 4.30247837357e-09, 6.42644770732e-10, 3.69697661373e-10, 2.3994517484e-10, 3.56641105537e-10, 4.29780828981e-11, 4.90817941845e-11, 6.82913933736e-11, 1.63618910087e-11, 1.7768361435e-11, 6.28419608018e-11, 5.96401469877e-11, 3.97285988829e-11, 8.31863328221e-11, 1.14899485759e-10, 5.81877601658e-11, 2.40889981573e-11, 1.93098731449e-11, 3.8769407823e-11, 4.24762551521e-11, 8.74005451346e-11, 5.43331386826e-11, 2.03999785814e-11, 5.69029762545e-12, 6.34232466892e-12],
        "max": [0.0236324630678, 0.0762503966689, 0.0270969122648, 0.0202705133706, 0.00715870968997, 0.00442158523947, 0.0082173012197, 0.0047060912475, 0.00233406759799, 0.00346921733581, 0.00144898297731, 0.00119314622134, 0.000507976219524, 0.00126847089268, 0.00101734499913, 0.00106878113002, 0.000466316094389, 0.000206713593798, 0.000124831247376, 0.000177231748239, 5.12627375429e-05, 5.7451412431e-05, 6.55982075841e-05, 3.74201918021e-05, 4.75661581731e-05, 0.000123695834191, 7.84101212048e-05, 4.71280436614e-05, 8.98852013052e-05, 0.000134648042149, 9.27282162593e-05, 6.38937563053e-05, 5.35530525667e-05, 8.6682397523e-05, 0.000112257352157, 0.000154085544636, 0.000130108033773, 5.68897667108e-05, 2.87595539703e-05, 3.29153881466e-05],
        "mean": [0.00314095336944, 0.00730004580691, 0.00332003645599, 0.00236340635456, 0.00075002637459, 0.000341395731084, 0.000493122846819, 0.000340472004609, 0.000169835373526, 0.000160745898029, 6.93798865541e-05, 4.84016927658e-05, 2.8595497497e-05, 3.06760884996e-05, 2.47501666308e-05, 1.88422454812e-05, 1.06260795292e-05, 1.38218856591e-05, 1.0686708265e-05, 8.65317906573e-06, 4.50410016128e-06, 4.92916933581e-06, 4.11962537328e-06, 2.66280449068e-06, 2.83312010652e-06, 3.56734835805e-06, 3.20016624755e-06, 3.54363055521e-06, 3.21442394124e-06, 3.26150393448e-06, 2.62561616182e-06, 2.09658514905e-06, 1.79089022367e-06, 1.90300943359e-06, 2.37859057961e-06, 2.70328928309e-06, 1.978233513e-06, 1.10357518679e-06, 6.43411169676e-07, 5.84360634548e-07],
        "median": [0.0023319539614, 0.00526592740789, 0.00238037668169, 0.00161224917974, 0.000464478711365, 0.000178515459993, 0.000196756533114, 0.0001428117248, 4.55496592622e-05, 5.50703261979e-05, 2.62230587396e-05, 2.05725627893e-05, 1.24761663756e-05, 1.27182001961e-05, 1.31026799863e-05, 7.16037038728e-06, 4.33124569099e-06, 6.94810478308e-06, 5.84824465477e-06, 3.75086847271e-06, 2.54817223322e-06, 2.66478673439e-06, 2.11951714846e-06, 1.59444368819e-06, 1.52216466631e-06, 1.429758413e-06, 1.35736718221e-06, 1.25110727822e-06, 7.96171093498e-07, 5.57348641905e-07, 3.08810882643e-07, 3.78584672944e-07, 3.68304029053e-07, 2.90146061843e-07, 3.0147225516e-07, 2.86228981849e-07, 2.12037363667e-07, 1.45022553966e-07, 1.08649203412e-07, 8.42891836328e-08],
        "min": [4.44860343123e-05, 0.000179032096639, 0.000160298586707, 6.9776442615e-06, 3.71185069525e-06, 1.02682884062e-06, 7.16852639471e-07, 5.14912585459e-07, 2.10201875461e-07, 8.06226339023e-08, 2.69672455033e-07, 4.84121400746e-08, 1.09904028989e-07, 1.73281861748e-07, 3.9977031463e-08, 5.94082578687e-08, 5.38450990462e-08, 6.50768043897e-08, 3.14835268966e-08, 1.87601330026e-08, 4.68443683843e-09, 2.16368412076e-09, 2.40638042825e-09, 1.26172428061e-09, 6.93706148081e-10, 6.95054291899e-10, 5.86884651987e-10, 7.17684023321e-10, 4.49927928248e-10, 3.97379101846e-10, 2.83155277003e-10, 3.41893541256e-10, 2.85987622473e-10, 2.97600860621e-10, 3.31462163272e-10, 3.06118325133e-10, 2.71969918808e-10, 6.090088156e-11, 2.08449299488e-11, 3.46422612818e-11],
