{
"highlevel": {
    "danceability": {
        "all": {
            "danceable": 0.780122637749,
            "not_danceable": 0.219877377152
        },
        "probability": 0.780122637749,
        "value": "danceable"
    },
    "gender": {
        "all": {
            "female": 0.720030725002,
            "male": 0.279969274998
        },
        "probability": 0.720030725002,
        "value": "female"
    },
    "genre_dortmund": {
        "all": {
            "alternative": 0.122757360339,
            "blues": 0.0448680631816,
            "electronic": 0.166162908077,
            "folkcountry": 0.0463214665651,
            "funksoulrnb": 0.0063061309047,
            "jazz": 0.0276312232018,
            "pop": 0.0446259602904,
            "raphiphop": 0.0239106267691,
            "rock": 0.517416238785
        },
        "probability": 0.517416238785,
        "value": "rock"
    },
    "genre_electronic": {
        "all": {
            "ambient": 0.421344429255,
            "dnb": 0.160485386848,
            "house": 0.051247946918,
            "techno": 0.0219634640962,
            "trance": 0.344958782196
        },
        "probability": 0.421344429255,
        "value": "ambient"
    },
    "genre_rosamerica": {
        "all": {
            "cla": 0.00325532071292,
            "dan": 0.043432213366,
            "hip": 0.024471277371,
            "jaz": 0.00372105161659,
            "pop": 0.398633569479,
            "rhy": 0.0227848496288,
            "roc": 0.498705357313,
            "spe": 0.00499635236338
        },
        "probability": 0.498705357313,
        "value": "roc"
    },
    "genre_tzanetakis": {
        "all": {
            "blu": 0.0626613423228,
            "cla": 0.0348169617355,
            "cou": 0.104475811124,
            "dis": 0.0784321576357,
            "hip": 0.15692435205,
            "jaz": 0.313974827528,
            "met": 0.0448166541755,
            "pop": 0.0627359300852,
            "reg": 0.0627360641956,
            "roc": 0.0784258767962
        },
        "probability": 0.313974827528,
        "value": "jaz"
    },
    "ismir04_rhythm": {
        "all": {
            "ChaChaCha": 0.44904923439,
            "Jive": 0.166493967175,
            "Quickstep": 0.0825474187732,
            "Rumba-American": 0.00798926316202,
            "Rumba-International": 0.00930880289525,
            "Rumba-Misc": 0.00673168618232,
            "Samba": 0.246898278594,
            "Tango": 0.00979277957231,
            "VienneseWaltz": 0.0195125490427,
            "Waltz": 0.00167600857094
        },
        "probability": 0.44904923439,
        "value": "ChaChaCha"
    },
    "mood_acoustic": {
        "all": {
            "acoustic": 0.0181344971061,
            "not_acoustic": 0.981865525246
        },
        "probability": 0.981865525246,
        "value": "not_acoustic"
    },
    "mood_aggressive": {
        "all": {
            "aggressive": 0.688776135445,
            "not_aggressive": 0.311223864555
        },
        "probability": 0.688776135445,
        "value": "aggressive"
    },
    "mood_electronic": {
        "all": {
            "electronic": 0.667718112469,
            "not_electronic": 0.332281887531
        },
        "probability": 0.667718112469,
        "value": "electronic"
    },
    "mood_happy": {
        "all": {
            "happy": 0.366860151291,
            "not_happy": 0.633139848709
        },
        "probability": 0.633139848709,
        "value": "not_happy"
    },
    "mood_party": {
        "all": {
            "not_party": 0.450795978308,
            "party": 0.54920399189
        },
        "probability": 0.54920399189,
        "value": "party"
    },
    "mood_relaxed": {
        "all": {
            "not_relaxed": 0.891347706318,
            "relaxed": 0.108652293682
        },
        "probability": 0.891347706318,
        "value": "not_relaxed"
    },
    "mood_sad": {
        "all": {
            "not_sad": 0.789541602135,
            "sad": 0.210458382964
        },
        "probability": 0.789541602135,
        "value": "not_sad"
    },
    "moods_mirex": {
        "all": {
            "Cluster1": 0.131523132324,
            "Cluster2": 0.0628553628922,
            "Cluster3": 0.0348781831563,
            "Cluster4": 0.0456786192954,
            "Cluster5": 0.725064694881
        },
        "probability": 0.725064694881,
        "value": "Cluster5"
    },
    "timbre": {
        "all": {
            "bright": 0.116666994989,
            "dark": 0.883333027363
        },
        "probability": 0.883333027363,
        "value": "dark"
    },
    "tonal_atonal": {
        "all": {
            "atonal": 0.0491511151195,
            "tonal": 0.95084887743
        },
        "probability": 0.95084887743,
        "value": "tonal"
    },
    "voice_instrumental": {
        "all": {
            "instrumental": 0.259080708027,
            "voice": 0.740919291973
        },
        "probability": 0.740919291973,
        "value": "voice"
    }
},
"lowlevel": {
    "average_loudness": 0.983196735382,
    "barkbands_crest": {
        "dmean": 3.09013080597,
        "dmean2": 5.11095809937,
        "dvar": 7.0447101593,
        "dvar2": 18.3269577026,
        "max": 24.4681129456,
        "mean": 10.0330991745,
        "median": 8.85466194153,
        "min": 2.5261721611,
        "var": 19.3995113373
    },
    "barkbands_flatness_db": {
        "dmean": 0.0238932706416,
        "dmean2": 0.0367557741702,
        "dvar": 0.000387548352592,
        "dvar2": 0.000902849249542,
        "max": 0.292107522488,
        "mean": 0.141676291823,
        "median": 0.138218387961,
        "min": 0.0459316931665,
        "var": 0.0020215108525
    },
    "barkbands_kurtosis": {
        "dmean": 3.62985634804,
        "dmean2": 5.82433462143,
        "dvar": 32.2508544922,
        "dvar2": 79.0426330566,
        "max": 117.984085083,
        "mean": 5.36462211609,
        "median": 2.52732038498,
        "min": -1.69118928909,
        "var": 76.5369873047
    },
    "barkbands_skewness": {
        "dmean": 0.627372443676,
        "dmean2": 0.978532373905,
        "dvar": 0.333183646202,
        "dvar2": 0.839071631432,
        "max": 9.50349140167,
        "mean": 1.94670271873,
        "median": 1.74058067799,
        "min": -0.651933908463,
        "var": 1.41472160816
    },
    "barkbands_spread": {
        "dmean": 5.79882335663,
        "dmean2": 8.93003845215,
        "dvar": 29.6013450623,
        "dvar2": 61.2849121094,
        "max": 90.5747299194,
        "mean": 22.5402774811,
        "median": 20.9866771698,
        "min": 2.16557312012,
        "var": 147.042053223
    },
    "dissonance": {
        "dmean": 0.0156344398856,
        "dmean2": 0.0266921278089,
        "dvar": 0.000243263537413,
        "dvar2": 0.000688122760039,
        "max": 0.499587446451,
        "mean": 0.472613245249,
        "median": 0.478017300367,
        "min": 0.271691739559,
        "var": 0.000446020771051
    },
    "dynamic_complexity": 1.4536563158,
    "erbbands_crest": {
        "dmean": 2.12553262711,
        "dmean2": 3.48103690147,
        "dvar": 4.20261573792,
        "dvar2": 12.0016736984,
        "max": 23.689371109,
        "mean": 7.2950501442,
        "median": 6.55267286301,
        "min": 2.43063282967,
        "var": 10.4282484055
    },
    "erbbands_flatness_db": {
        "dmean": 0.0144951911643,
        "dmean2": 0.0206974651664,
        "dvar": 0.000175940978806,
        "dvar2": 0.000354169576894,
        "max": 0.248050257564,
        "mean": 0.133512526751,
        "median": 0.130620986223,
        "min": 0.0478796027601,
        "var": 0.00108459650073
    },
    "erbbands_kurtosis": {
        "dmean": 0.698575556278,
        "dmean2": 1.10616767406,
        "dvar": 0.798410594463,
        "dvar2": 1.90158104897,
        "max": 16.6472663879,
        "mean": 0.154559373856,
        "median": -0.295912981033,
        "min": -1.64855313301,
        "var": 2.68875932693
    },
    "erbbands_skewness": {
        "dmean": 0.292959809303,
        "dmean2": 0.454323202372,
        "dvar": 0.0668702870607,
        "dvar2": 0.153734341264,
        "max": 2.88071751595,
        "mean": 0.028575014323,
        "median": -0.0220917165279,
        "min": -2.02876496315,
        "var": 0.358860880136
    },
    "erbbands_spread": {
        "dmean": 8.52308177948,
        "dmean2": 12.9194450378,
        "dvar": 64.1904449463,
        "dvar2": 131.376800537,
        "max": 130.842330933,
        "mean": 44.2833061218,
        "median": 42.5212554932,
        "min": 9.02447509766,
        "var": 365.880004883
    },
    "hfc": {
        "dmean": 6.21644592285,
        "dmean2": 8.05628395081,
        "dvar": 48.6984405518,
        "dvar2": 75.0282058716,
        "max": 87.4467315674,
        "mean": 23.4527587891,
        "median": 20.4280166626,
        "min": 2.51099205017,
        "var": 205.61618042
    },
    "melbands_crest": {
        "dmean": 4.06440067291,
        "dmean2": 6.69137954712,
        "dvar": 10.6230316162,
        "dvar2": 27.5213985443,
        "max": 32.6951293945,
        "mean": 15.2760343552,
        "median": 14.3297529221,
        "min": 4.4404091835,
        "var": 27.0875263214
    },
    "melbands_flatness_db": {
        "dmean": 0.030230415985,
        "dmean2": 0.0464212782681,
        "dvar": 0.000605694600381,
        "dvar2": 0.001335206558,
        "max": 0.392009079456,
        "mean": 0.209751918912,
        "median": 0.207673475146,
        "min": 0.076352186501,
        "var": 0.00351115851663
    },
    "melbands_kurtosis": {
        "dmean": 9.87177467346,
        "dmean2": 15.8347921371,
        "dvar": 204.342147827,
        "dvar2": 500.030303955,
        "max": 307.352905273,
        "mean": 18.8943157196,
        "median": 12.1776800156,
        "min": -1.2719540596,
        "var": 559.429992676
    },
    "melbands_skewness": {
        "dmean": 0.908934056759,
        "dmean2": 1.43500304222,
        "dvar": 0.708731472492,
        "dvar2": 1.71689617634,
        "max": 14.2090396881,
        "mean": 3.38031172752,
        "median": 3.152561903,
        "min": 0.0392185784876,
        "var": 2.912317276
    },
    "melbands_spread": {
        "dmean": 6.38034248352,
        "dmean2": 9.89730834961,
        "dvar": 40.0215530396,
        "dvar2": 94.247833252,
        "max": 98.9845123291,
        "mean": 19.4733562469,
        "median": 16.8322696686,
        "min": 1.16249680519,
        "var": 159.12437439
    },
    "pitch_salience": {
        "dmean": 0.0859138071537,
        "dmean2": 0.137923181057,
        "dvar": 0.00491673825309,
        "dvar2": 0.0131760695949,
        "max": 0.816895186901,
        "mean": 0.55781763792,
        "median": 0.574097812176,
        "min": 0.127930834889,
        "var": 0.0138525832444
    },
    "silence_rate_20dB": {
        "dmean": 0,
        "dmean2": 0,
        "dvar": 0,
        "dvar2": 0,
        "max": 1,
        "mean": 1,
        "median": 1,
        "min": 1,
        "var": 0
    },
    "silence_rate_30dB": {
        "dmean": 0.0541795678437,
        "dmean2": 0.108443066478,
        "dvar": 0.0512452274561,
        "dvar2": 0.127666950226,
        "max": 1,
        "mean": 0.955916464329,
        "median": 1,
        "min": 0,
        "var": 0.0421395264566
    },
    "silence_rate_60dB": {
        "dmean": 0,
        "dmean2": 0,
        "dvar": 0,
        "dvar2": 0,
        "max": 0,
        "mean": 0,
        "median": 0,
        "min": 0,
        "var": 0
    },
    "spectral_centroid": {
        "dmean": 240.711639404,
        "dmean2": 375.235595703,
        "dvar": 47484.0859375,
        "dvar2": 107713.242188,
        "max": 3320.44921875,
        "mean": 1211.59533691,
        "median": 1166.81201172,
        "min": 306.169555664,
        "var": 215854.328125
    },
    "spectral_complexity": {
        "dmean": 4.33436536789,
        "dmean2": 6.14329957962,
        "dvar": 20.0414161682,
        "dvar2": 31.5061664581,
        "max": 55,
        "mean": 24.0866203308,
        "median": 23,
        "min": 5,
        "var": 92.3311538696
    },
    "spectral_decrease": {
        "dmean": 4.70526817509e-09,
        "dmean2": 7.44770556338e-09,
        "dvar": 2.70560653675e-17,
        "dvar2": 6.84130512047e-17,
        "max": -1.66943503466e-09,
        "mean": -1.1820379342e-08,
        "median": -9.38062072464e-09,
        "min": -4.53490933694e-08,
        "var": 5.64495710926e-17
    },
    "spectral_energy": {
        "dmean": 0.0180913861841,
        "dmean2": 0.0284758899361,
        "dvar": 0.000391533685615,
        "dvar2": 0.000986514496617,
        "max": 0.17347677052,
        "mean": 0.0467400588095,
        "median": 0.0374379642308,
        "min": 0.00704816123471,
        "var": 0.000828247051686
    },
    "spectral_energyband_high": {
        "dmean": 0.000402441510232,
        "dmean2": 0.000512416125275,
        "dvar": 3.98645795485e-07,
        "dvar2": 6.01453507443e-07,
        "max": 0.00752010382712,
        "mean": 0.000924449122977,
        "median": 0.000488604360726,
        "min": 9.50120920606e-06,
        "var": 1.29963007112e-06
    },
    "spectral_energyband_low": {
        "dmean": 0.0150187462568,
        "dmean2": 0.0246215965599,
        "dvar": 0.000378438504413,
        "dvar2": 0.000986042781733,
        "max": 0.161158800125,
        "mean": 0.0270387772471,
        "median": 0.0178055223078,
        "min": 0.00164128572214,
        "var": 0.00068759144051
    },
    "spectral_energyband_middle_high": {
        "dmean": 0.00183876836672,
        "dmean2": 0.00274825608358,
        "dvar": 4.99825773659e-06,
        "dvar2": 1.17155168482e-05,
        "max": 0.0333171524107,
        "mean": 0.00615307455882,
        "median": 0.00519005907699,
        "min": 0.000183989468496,
        "var": 2.02670398721e-05
    },
    "spectral_energyband_middle_low": {
        "dmean": 0.00760866003111,
        "dmean2": 0.0122335078195,
        "dvar": 0.000103483835119,
        "dvar2": 0.000249339034781,
        "max": 0.110437661409,
        "mean": 0.015466760844,
        "median": 0.0120794689283,
        "min": 0.00145002326462,
        "var": 0.000149373532622
    },
    "spectral_entropy": {
        "dmean": 0.1327162534,
        "dmean2": 0.194189757109,
        "dvar": 0.013255414553,
        "dvar2": 0.0257591176778,
        "max": 8.58367824554,
        "mean": 7.7041478157,
        "median": 7.68364620209,
        "min": 6.7767701149,
        "var": 0.0779812559485
    },
    "spectral_flux": {
        "dmean": 0.0328895933926,
        "dmean2": 0.0525564700365,
        "dvar": 0.000924010935705,
        "dvar2": 0.00220586638898,
        "max": 0.32907512784,
        "mean": 0.121482156217,
        "median": 0.112519659102,
        "min": 0.033161919564,
        "var": 0.00230814586394
    },
    "spectral_kurtosis": {
        "dmean": 1.27918064594,
        "dmean2": 2.06450843811,
        "dvar": 1.77981448174,
        "dvar2": 4.96819114685,
        "max": 16.9489479065,
        "mean": 3.82234382629,
        "median": 3.59419202805,
        "min": -0.835519790649,
        "var": 4.47353887558
    },
    "spectral_rms": {
        "dmean": 0.00122771994211,
        "dmean2": 0.00188318244182,
        "dvar": 1.241725613e-06,
        "dvar2": 2.93156722364e-06,
        "max": 0.0130094438791,
        "mean": 0.00648133270442,
        "median": 0.00604357849807,
        "min": 0.00262226141058,
        "var": 3.59238629244e-06
    },
    "spectral_rolloff": {
        "dmean": 408.780426025,
        "dmean2": 668.748596191,
        "dvar": 335199.4375,
        "dvar2": 726656,
        "max": 9087.01171875,
        "mean": 1047.46679688,
        "median": 775.1953125,
        "min": 64.599609375,
        "var": 918577.375
    },
    "spectral_skewness": {
        "dmean": 0.192247197032,
        "dmean2": 0.295968323946,
        "dvar": 0.031605001539,
        "dvar2": 0.0752525255084,
        "max": 3.23094654083,
        "mean": 1.5111553669,
        "median": 1.51338326931,
        "min": 0.412568241358,
        "var": 0.129219710827
    },
    "spectral_spread": {
        "dmean": 558755,
        "dmean2": 779228,
        "dvar": 369609768960,
        "dvar2": 647617118208,
        "max": 11436067,
        "mean": 4730518.5,
        "median": 4530417,
        "min": 2119221.75,
        "var": 2.12123163034e+12
    },
    "spectral_strongpeak": {
        "dmean": 0.411812186241,
        "dmean2": 0.72962975502,
        "dvar": 0.732134401798,
        "dvar2": 2.0173933506,
        "max": 9.77284622192,
        "mean": 0.545574784279,
        "median": 0.357224434614,
        "min": 0,
        "var": 0.721937596798
    },
    "zerocrossingrate": {
        "dmean": 0.00968323741108,
        "dmean2": 0.0115111079067,
        "dvar": 8.59469073475e-05,
        "dvar2": 0.0001072388186,
        "max": 0.212890625,
        "mean": 0.0501653291285,
        "median": 0.0439453125,
        "min": 0.00732421875,
        "var": 0.000712977605872
    },
    "barkbands": {
        "dmean": [0.00121804582886, 0.0121909519657, 0.00410780636594, 0.00490378029644, 0.00296682072803, 0.00110491749365, 0.000873505254276, 0.000550498894881, 0.000689114502165, 0.000552425626665, 0.000322818610584, 0.000446514488431, 0.000384619197575, 0.00042035113438, 0.000554271449801, 0.000300787767628, 0.000277529179584, 0.000181094263098, 0.000143615354318, 0.000103475613287, 8.51931326906e-05, 9.14033225854e-05, 7.9563986219e-05, 9.17072902666e-05, 6.42188897473e-05, 2.641026731e-05, 4.03342994559e-08],
        "dmean2": [0.00198097340763, 0.0199891254306, 0.00715173128992, 0.00847554393113, 0.0049155219458, 0.00182574405335, 0.0014700127067, 0.000874312885571, 0.0010894802399, 0.000900545855984, 0.000514925457537, 0.000712309149094, 0.000624186242931, 0.000685657316353, 0.000922679144423, 0.0004732987436, 0.00043674261542, 0.000279552536085, 0.000223265378736, 0.000152130436618, 0.000124736674479, 0.000126840168377, 0.000108553678729, 0.000125438935356, 8.79813887877e-05, 3.85616476706e-05, 6.98581033021e-08],
        "dvar": [3.45017679138e-06, 0.000354409363354, 3.99740965804e-05, 5.81182321184e-05, 1.78677200893e-05, 1.79529172328e-06, 1.7085106947e-06, 8.35501964502e-07, 1.13685609904e-06, 9.59930957833e-07, 4.11359138752e-07, 4.84374311327e-07, 4.31782353871e-07, 4.60694536741e-07, 1.76272840235e-06, 2.05951209864e-07, 1.75975984007e-07, 6.53403944284e-08, 4.00830266756e-08, 2.23797140819e-08, 1.56018558073e-08, 2.76688485457e-08, 1.88706454907e-08, 2.4730075765e-08, 1.20857945873e-08, 2.18013584963e-09, 2.11871451237e-14],
        "dvar2": [1.00181314338e-05, 0.000962480553426, 0.000109666281787, 0.000157343907631, 4.47023921879e-05, 4.77908088214e-06, 4.21827144237e-06, 1.72060310888e-06, 2.77150274997e-06, 2.39338783103e-06, 8.98914663594e-07, 1.22205779007e-06, 1.09922928004e-06, 1.23210259062e-06, 5.37133064427e-06, 4.84616236918e-07, 4.17740096736e-07, 1.34586827016e-07, 9.00423628991e-08, 4.55619790785e-08, 2.84640275794e-08, 5.38967768193e-08, 3.61669592053e-08, 4.24702051305e-08, 2.11117630045e-08, 4.56741400257e-09, 5.62772450982e-14],
        "max": [0.0196531470865, 0.157062798738, 0.0556635037065, 0.064426317811, 0.048859141767, 0.0123454574496, 0.0166547689587, 0.0113739334047, 0.0130673423409, 0.0162787660956, 0.00913619063795, 0.00748596619815, 0.00925089791417, 0.00977061409503, 0.0226846560836, 0.00655769370496, 0.00839843973517, 0.00404975097626, 0.0017420105869, 0.00212538521737, 0.00140804389957, 0.00225695013069, 0.00142512295861, 0.00214616628364, 0.0013490691781, 0.000500544789247, 2.47101684181e-06],
        "mean": [0.00172445503995, 0.017291771248, 0.0052850865759, 0.00556039623916, 0.00441869115457, 0.00191470573191, 0.00140549161006, 0.000834179576486, 0.00112668576185, 0.00087454757886, 0.000505126547068, 0.000725258956663, 0.000629069108982, 0.000710130610969, 0.00087094475748, 0.000578851788305, 0.000595516467001, 0.000367802364053, 0.000288263981929, 0.000211007907637, 0.000185506462003, 0.000171289779246, 0.000146074453369, 0.000165718505741, 0.000115304297651, 3.81966929126e-05, 3.08042302777e-08],
        "median": [0.00118268060032, 0.00866315606982, 0.00319436448626, 0.00288923899643, 0.00295601203106, 0.00139926606789, 0.000932998897042, 0.000384121871321, 0.000527764554136, 0.000455512868939, 0.000205525575439, 0.000418983632699, 0.000312486954499, 0.000416363560362, 0.000383149308618, 0.0003542585182, 0.000324837805238, 0.000235998799326, 0.000173584267031, 0.000122655168525, 0.000107437830593, 8.50996439112e-05, 5.47884519619e-05, 7.00468299328e-05, 4.52783315268e-05, 8.78135415405e-06, 1.38227806978e-09],
        "min": [3.94072912968e-06, 0.000152188207721, 3.95306960854e-05, 1.8818085664e-05, 0.000115059185191, 6.38541459921e-05, 1.36999260576e-05, 1.08207450467e-05, 2.16253665712e-05, 9.62930243986e-06, 5.0467415349e-06, 6.78192827763e-06, 3.41902386936e-06, 7.90429112385e-06, 3.24336087942e-06, 2.38550001086e-06, 2.85181840809e-06, 4.54837027064e-06, 5.24286906511e-06, 3.14045723826e-06, 2.04457501241e-06, 1.74986462298e-06, 5.1180978744e-07, 3.93107512764e-07, 6.10218364727e-09, 1.5558885777e-11, 7.48917334398e-12],
        "var": [3.38041672876e-06, 0.000515095307492, 3.99740747525e-05, 5.84739536862e-05, 2.20069141506e-05, 2.93702237286e-06, 2.82390988104e-06, 1.91399021787e-06, 2.55237341662e-06, 1.50693119849e-06, 9.03563432075e-07, 8.25559311579e-07, 8.55377720654e-07, 8.06768071016e-07, 2.79585628959e-06, 4.99701002354e-07, 7.51814184241e-07, 1.55941094704e-07, 9.33969346306e-08, 6.1079418856e-08, 4.69383927282e-08, 6.18351165826e-08, 5.18963680918e-08, 6.42953139618e-08, 3.32474279219e-08, 4.66962335466e-09, 1.51130345895e-14]
    },
    "erbbands": {
        "dmean": [0.418866366148, 2.70276665688, 4.73506689072, 10.6871652603, 14.5382947922, 8.67040252686, 7.2961063385, 10.2541294098, 14.3730077744, 8.69465923309, 12.7368421555, 16.4418334961, 14.8718223572, 16.0377025604, 14.9626865387, 16.1015815735, 17.0189380646, 20.630657196, 31.4480304718, 13.4280643463, 16.4304065704, 15.1800832748, 9.62236785889, 8.40579128265, 6.76426315308, 4.73181629181, 3.92598009109, 3.34163737297, 3.63529014587, 2.53508687019, 2.22949552536, 1.96100246906, 1.56459093094, 0.837456226349, 0.416719973087, 0.148834660649, 0.0461634211242, 0.00406605191529, 7.98454493633e-05, 2.22185208258e-05],
        "dmean2": [0.674856066704, 4.56047916412, 8.07239627838, 18.4307785034, 24.2081222534, 14.619137764, 12.4484882355, 16.8095436096, 24.151134491, 13.955124855, 20.0889778137, 25.8579349518, 23.9802894592, 25.7559223175, 23.5265960693, 25.8912296295, 27.5187568665, 33.3896903992, 52.1031417847, 21.5315380096, 25.3571567535, 23.5228462219, 14.9024238586, 12.9394254684, 10.4391307831, 6.84725904465, 5.8778591156, 4.56642532349, 5.12261819839, 3.51617574692, 3.03950452805, 2.6704056263, 2.17138957977, 1.13491988182, 0.5917750597, 0.219522565603, 0.067998200655, 0.00635749753565, 0.000118405849207, 3.34370270139e-05],
        "dvar": [0.429712831974, 18.9012107849, 43.6571502686, 243.193328857, 520.979675293, 140.913818359, 90.1767883301, 177.862091064, 442.847625732, 149.434951782, 425.100128174, 736.193115234, 879.470031738, 964.51171875, 812.244873047, 725.479003906, 951.615783691, 1111.57531738, 5590.25097656, 516.556091309, 641.771972656, 530.335876465, 207.940155029, 123.715316772, 102.341369629, 48.0341110229, 37.708480835, 23.8558063507, 49.3764076233, 20.1824741364, 14.7296962738, 11.5148878098, 7.33517694473, 2.02298426628, 0.550684332848, 0.0762037783861, 0.00709367822856, 7.4504467193e-05, 2.21898144304e-08, 5.27348109625e-10],
        "dvar2": [1.10413658619, 53.1113853455, 116.725105286, 671.977050781, 1249.42333984, 380.636383057, 242.549209595, 467.828765869, 1129.85327148, 353.772064209, 909.238891602, 1744.24365234, 2200.41772461, 2488.13720703, 1735.95544434, 1882.16943359, 2407.30126953, 3026.00170898, 17228.1894531, 1317.83215332, 1487.29968262, 1314.18151855, 455.80166626, 270.116271973, 229.62991333, 97.737487793, 74.703666687, 41.6644439697, 103.611495972, 42.3617668152, 27.5889453888, 19.9323101044, 13.5074701309, 3.58789634705, 1.07274258137, 0.163167521358, 0.0148499282077, 0.000176038403879, 4.87695395179e-08, 1.23991905632e-09],
        "max": [6.02850341797, 35.158657074, 58.5738601685, 114.913131714, 243.45489502, 140.720718384, 86.2152557373, 130.534362793, 233.777130127, 165.37953186, 253.223571777, 389.279266357, 654.382324219, 682.734802246, 436.992889404, 301.053619385, 505.95123291, 537.152709961, 1296.28552246, 388.425933838, 426.571350098, 322.176483154, 267.170135498, 109.508041382, 109.397537231, 85.3957061768, 77.0265808105, 55.8086166382, 98.6420516968, 48.4911994934, 48.8496170044, 45.7383575439, 37.8351287842, 17.430109024, 8.53883552551, 4.1894903183, 0.760099828243, 0.102951534092, 0.00170443439856, 0.000217921406147],
        "mean": [0.59122556448, 3.40894317627, 6.55221033096, 13.4398593903, 18.4891471863, 12.6988801956, 12.033949852, 16.6755542755, 23.0083465576, 15.044880867, 21.325340271, 26.6186790466, 23.2549114227, 26.7482662201, 28.2324256897, 27.9034500122, 30.1632137299, 37.4942512512, 54.1954269409, 25.9681873322, 34.8020057678, 32.6464233398, 20.1762638092, 17.5259132385, 13.7067670822, 9.60281658173, 8.28078937531, 6.91230821609, 6.4121427536, 4.72075462341, 4.1457195282, 3.55107355118, 2.70659351349, 1.50011861324, 0.699277162552, 0.225389242172, 0.0623736567795, 0.00481918826699, 0.000125683174701, 6.0663162003e-05],
        "median": [0.254300892353, 1.6834321022, 4.11635494232, 7.8700261116, 10.3285522461, 8.45316505432, 8.76966571808, 11.2944364548, 15.027557373, 9.93108654022, 10.4834718704, 12.1390705109, 13.2688398361, 13.5380868912, 14.032450676, 16.4640960693, 16.2482872009, 22.5776729584, 26.729927063, 15.6338224411, 21.1952953339, 19.0416965485, 13.5714292526, 11.0375967026, 8.28900241852, 5.71510362625, 4.60414981842, 3.82975077629, 3.12815761566, 2.06888270378, 1.58308148384, 1.44904637337, 1.09689152241, 0.5899066329, 0.268362045288, 0.0615361742675, 0.0127587504685, 0.000859759631567, 5.07806216774e-05, 5.07208351337e-05],
        "min": [0.00680088158697, 0.0320455171168, 0.170255228877, 0.271905243397, 0.262323796749, 0.35206463933, 0.358906537294, 0.518440902233, 0.245200052857, 0.445015728474, 0.386097073555, 0.604550600052, 0.312283247709, 0.283407717943, 0.268794834614, 0.31045755744, 0.232361197472, 0.557361543179, 0.283084332943, 0.178003847599, 0.14511834085, 0.117824859917, 0.273604571819, 0.368674099445, 0.239714637399, 0.169220328331, 0.101254165173, 0.0391918830574, 0.0626784265041, 0.0263196397573, 0.0135734956712, 0.00818932615221, 0.00317272124812, 0.000331364513841, 4.46115409432e-05, 1.39405874506e-05, 6.14533018961e-06, 1.18554919482e-06, 3.97888015868e-06, 7.93982599134e-06],
        "var": [0.65110707283, 22.9245052338, 52.7331237793, 249.486557007, 605.093505859, 171.330657959, 132.569091797, 283.970703125, 685.29486084, 283.637329102, 1028.24768066, 1578.13366699, 1130.74230957, 1528.2010498, 2049.50585938, 1199.27856445, 1931.59033203, 2067.10571289, 9068.7890625, 994.529296875, 1816.50268555, 1675.30957031, 445.271331787, 315.513183594, 230.731155396, 123.457695007, 102.173019409, 71.3406982422, 93.8868484497, 48.3516960144, 42.549785614, 30.3929634094, 17.9654464722, 5.43555879593, 1.35261964798, 0.176772594452, 0.0127810398117, 9.99641124508e-05, 3.62456091807e-08, 1.23437338129e-09]
    },
    "gfcc": {
        "mean": [36.8627471924, 105.271713257, -111.128929138, 46.0359230042, -50.3877410889, 26.1914577484, -40.2169761658, 12.5327959061, -21.0383911133, 3.29847836494, -13.2208194733, -2.59177136421, -7.03678560257],
        "cov": [[1612.44946289, -880.748962402, 89.5677871704, -14.4072475433, -157.509475708, 92.0313491821, -165.334854126, 125.759284973, -195.484985352, 81.3304672241, -200.94090271, 52.5154495239, -190.52911377], [-880.748962402, 994.786376953, -334.433502197, -8.22375392914, 194.715896606, -103.188804626, 191.720733643, -163.815505981, 186.295288086, -126.754959106, 184.38470459, -91.3759536743, 167.148757935], [89.5677871704, -334.433502197, 611.014343262, -22.1696205139, -75.5482177734, 66.9503097534, -66.0774459839, 127.304931641, -81.606880188, 98.8045883179, -75.7182922363, 50.4274978638, -73.9821624756], [-14.4072475433, -8.22375392914, -22.1696205139, 221.336135864, 9.12940979004, -52.3783683777, -40.9924278259, -52.6257514954, 52.9425849915, -39.3940467834, 17.4998817444, -14.2282514572, 27.2998161316], [-157.509475708, 194.715896606, -75.5482177734, 9.12940979004, 257.059967041, -4.88444042206, 44.8803482056, -17.9677066803, 52.8485107422, -4.02440214157, 32.655292511, 13.8071308136, 31.8904533386], [92.0313491821, -103.188804626, 66.9503097534, -52.3783683777, -4.88444042206, 154.013153076, 36.4068756104, 20.2002105713, -34.6196861267, 28.951423645, 2.03396129608, 10.421257019, -0.984689235687], [-165.334854126, 191.720733643, -66.0774459839, -40.9924278259, 44.8803482056, 36.4068756104, 156.211013794, -12.6832971573, 20.8892879486, -9.23063659668, 43.0806694031, -9.28811168671, 26.3792228699], [125.759284973, -163.815505981, 127.304931641, -52.6257514954, -17.9677066803, 20.2002105713, -12.6832971573, 138.336196899, -24.0379009247, 41.3457794189, -33.2409324646, 13.5298519135, -28.98072052], [-195.484985352, 186.295288086, -81.606880188, 52.9425849915, 52.8485107422, -34.6196861267, 20.8892879486, -24.0379009247, 127.355484009, -19.3733501434, 42.0618209839, -21.7836208344, 43.9404144287], [81.3304672241, -126.754959106, 98.8045883179, -39.3940467834, -4.02440214157, 28.951423645, -9.23063659668, 41.3457794189, -19.3733501434, 85.2497634888, -13.8092260361, 19.2560882568, -21.3933753967], [-200.94090271, 184.38470459, -75.7182922363, 17.4998817444, 32.655292511, 2.03396129608, 43.0806694031, -33.2409324646, 42.0618209839, -13.8092260361, 96.676612854, -6.38609647751, 45.0049934387], [52.5154495239, -91.3759536743, 50.4274978638, -14.2282514572, 13.8071308136, 10.421257019, -9.28811168671, 13.5298519135, -21.7836208344, 19.2560882568, -6.38609647751, 69.0844039917, -3.18784546852], [-190.52911377, 167.148757935, -73.9821624756, 27.2998161316, 31.8904533386, -0.984689235687, 26.3792228699, -28.98072052, 43.9404144287, -21.3933753967, 45.0049934387, -3.18784546852, 99.9596633911]],
        "icov": [[0.00150606781244, 0.00084641482681, 0.000841668865178, -0.000433068460552, 3.0047231121e-05, -0.000664025021251, 0.000303149048705, -0.000485471013235, 0.000658357341308, -0.000232285325183, 0.0011104750447, -7.23036573618e-05, 0.00111825380009], [0.00084641482681, 0.00863762758672, -0.00142055668402, 0.00576557172462, -0.00339031871408, 0.00571808079258, -0.00473759090528, 0.00535037741065, -0.00369698740542, 0.00622505042702, -0.00636931927875, 0.00739453546703, -0.00545590138063], [0.000841668865178, -0.00142055668402, 0.00363109866157, -0.00253414781764, 0.001218084828, -0.00260932254605, 0.00165250746068, -0.00319845089689, 0.00179008662235, -0.00345044233836, 0.00286755873822, -0.00277762068436, 0.00267650187016], [-0.000433068460552, 0.00576557172462, -0.00253414781764, 0.0111092478037, -0.00259702280164, 0.00564758991823, -0.00170799519401, 0.00631849095225, -0.00533257098868, 0.00687387306243, -0.00593218486756, 0.00589174777269, -0.00553523749113], [3.0047231121e-05, -0.00339031871408, 0.001218084828, -0.00259702280164, 0.0061112055555, -0.00255398219451, 0.00102511898149, -0.00230072066188, -3.48801804648e-05, -0.00314483162947, 0.00285107619129, -0.00494237849489, 0.00232584564947], [-0.000664025021251, 0.00571808079258, -0.00260932254605, 0.00564758991823, -0.00255398219451, 0.0132711492479, -0.00583625398576, 0.00458160135895, -0.00119047716726, 0.00309903733432, -0.00632926356047, 0.00584896234795, -0.00626407796517], [0.000303149048705, -0.00473759090528, 0.00165250746068, -0.00170799519401, 0.00102511898149, -0.00583625398576, 0.0119608389214, -0.0034058035817, 0.00184253486805, -0.00274463929236, 0.00150447979104, -0.00345864053816, 0.00347593124025], [-0.000485471013235, 0.00535037741065, -0.00319845089689, 0.00631849095225, -0.00230072066188, 0.00458160135895, -0.0034058035817, 0.014510191977, -0.00397717766464, 0.00232125981711, -0.00333084026352, 0.00514940777794, -0.00417116377503], [0.000658357341308, -0.00369698740542, 0.00179008662235, -0.00533257098868, -3.48801804648e-05, -0.00119047716726, 0.00184253486805, -0.00397717766464, 0.0149384420365, -0.00428496301174, 0.00124805478845, -0.000538214750122, 0.00051534967497], [-0.000232285325183, 0.00622505042702, -0.00345044233836, 0.00687387306243, -0.00314483162947, 0.00309903733432, -0.00274463929236, 0.00232125981711, -0.00428496301174, 0.022160762921, -0.00655588647351, 0.00340187340043, -0.0031653707847], [0.0011104750447, -0.00636931927875, 0.00286755873822, -0.00593218486756, 0.00285107619129, -0.00632926356047, 0.00150447979104, -0.00333084026352, 0.00124805478845, -0.00655588647351, 0.0227081198245, -0.00694198487327, 0.00177796103526], [-7.23036573618e-05, 0.00739453546703, -0.00277762068436, 0.00589174777269, -0.00494237849489, 0.00584896234795, -0.00345864053816, 0.00514940777794, -0.000538214750122, 0.00340187340043, -0.00694198487327, 0.0240884050727, -0.00726909656078], [0.00111825380009, -0.00545590138063, 0.00267650187016, -0.00553523749113, 0.00232584564947, -0.00626407796517, 0.00347593124025, -0.00417116377503, 0.00051534967497, -0.0031653707847, 0.00177796103526, -0.00726909656078, 0.0198846478015]]
    },
    "melbands": {
        "dmean": [0.00346575421281, 0.00269402307458, 0.00196041050367, 0.000779705995228, 0.000260107306531, 0.000224385934416, 0.000208913930692, 9.80119511951e-05, 0.000106365252577, 0.000104223319795, 7.62158233556e-05, 6.89716544002e-05, 4.63085889351e-05, 5.36174120498e-05, 3.93718364649e-05, 3.72475042241e-05, 4.33289424109e-05, 4.91780119773e-05, 3.08002781821e-05, 1.94465956156e-05, 1.97454519366e-05, 1.88314006664e-05, 1.13639416668e-05, 8.97970858205e-06, 7.36185484129e-06, 5.62722425457e-06, 4.45937348559e-06, 3.25632458953e-06, 2.75995375887e-06, 2.3622496883e-06, 1.99651685762e-06, 2.29490433412e-06, 1.65691528764e-06, 1.4397120367e-06, 1.36533276418e-06, 1.25516385197e-06, 1.2956458022e-06, 1.14960550945e-06, 1.00319664398e-06, 6.77119089687e-07],
        "dmean2": [0.00563878379762, 0.00446034735069, 0.0033246523235, 0.00128688546829, 0.000443143217126, 0.000368169916328, 0.000349857844412, 0.000155595771503, 0.000167695354321, 0.000164866592968, 0.000123017598526, 0.000111604458652, 7.32179396437e-05, 8.57627237565e-05, 6.52071030345e-05, 5.87952781643e-05, 7.03098485246e-05, 8.16988103907e-05, 5.14593484695e-05, 3.0768551369e-05, 3.08562921418e-05, 2.9732569601e-05, 1.77305046236e-05, 1.36748731165e-05, 1.15660677693e-05, 8.98413600225e-06, 6.88569616614e-06, 4.809919119e-06, 4.14701980844e-06, 3.64225184057e-06, 2.78218203675e-06, 3.33563343702e-06, 2.37804079006e-06, 2.07377888728e-06, 1.90559569546e-06, 1.72940121956e-06, 1.81287589385e-06, 1.64455320828e-06, 1.43897216276e-06, 9.4575472076e-07],
        "dvar": [2.94746296277e-05, 1.26296772578e-05, 8.12479356682e-06, 1.25731571643e-06, 1.05755191271e-07, 8.11145781654e-08, 8.94352538694e-08, 1.99967118419e-08, 2.64528559057e-08, 2.97305202679e-08, 2.1982900833e-08, 1.78289987218e-08, 8.46664871545e-09, 6.4116534304e-09, 5.5951292488e-09, 3.9682501729e-09, 5.52696777234e-09, 1.1652271148e-08, 4.7995292185e-09, 9.49799017214e-10, 9.98997218282e-10, 9.56030477006e-10, 2.85420131974e-10, 1.76062248114e-10, 9.83874995364e-11, 6.82153292186e-11, 4.66935587418e-11, 2.58975913631e-11, 2.04412060195e-11, 1.32754198259e-11, 9.83936109672e-12, 2.11808053735e-11, 8.6644745198e-12, 6.66228140364e-12, 5.68299704171e-12, 4.80884472867e-12, 5.31904511755e-12, 4.29763863385e-12, 2.88877992707e-12, 1.44060176115e-12],
        "dvar2": [7.87842582213e-05, 3.39405705745e-05, 2.14405190491e-05, 3.08131575366e-06, 2.83862817696e-07, 2.12749469597e-07, 2.2680433176e-07, 4.54261908089e-08, 5.94511746499e-08, 7.15524350881e-08, 5.4940379357e-08, 4.60710012362e-08, 1.80961627905e-08, 1.54421222476e-08, 1.42445975015e-08, 9.93054616316e-09, 1.52651029595e-08, 3.5449126301e-08, 1.42106113543e-08, 2.1988983967e-09, 2.21747620266e-09, 2.37621722299e-09, 6.59035881423e-10, 3.63192781405e-10, 2.26901927802e-10, 1.57333146511e-10, 1.08706973978e-10, 5.56382648287e-11, 4.33513190623e-11, 2.89407144083e-11, 1.87465112877e-11, 4.75550675227e-11, 1.77219645209e-11, 1.45772404564e-11, 1.10874582085e-11, 9.60140560807e-12, 1.02932272081e-11, 8.1914041522e-12, 5.59648508092e-12, 2.69908336133e-12],
        "max": [0.0441275388002, 0.0358954593539, 0.0221550036222, 0.0126191098243, 0.00347009464167, 0.00268447212875, 0.00337801477872, 0.00203428347595, 0.00237216777168, 0.00219349330291, 0.00317176780663, 0.00291720638052, 0.0013412166154, 0.000835930230096, 0.00106994330417, 0.000925568805542, 0.00120704958681, 0.00181723339483, 0.00115943234414, 0.000607038673479, 0.00054045842262, 0.000458974856883, 0.000210584927117, 0.000207891411264, 0.000103921243863, 0.000111019122414, 7.57613015594e-05, 6.38453857391e-05, 6.79595468682e-05, 3.95599636249e-05, 3.89892302337e-05, 7.24542042008e-05, 3.21419247484e-05, 2.72540564765e-05, 2.95479130727e-05, 2.43835274887e-05, 2.90779571515e-05, 2.8999580536e-05, 1.93421292352e-05, 1.48027511386e-05],
        "mean": [0.00499819265679, 0.00392368063331, 0.00254569016397, 0.00112296373118, 0.000431127904449, 0.000374159106286, 0.000340227939887, 0.000161181684234, 0.000178612535819, 0.000164131299243, 0.000115149261546, 0.000110664135718, 8.17448744783e-05, 9.02068859432e-05, 6.44087122055e-05, 6.03083753958e-05, 7.09274390829e-05, 8.45762551762e-05, 4.86648168589e-05, 3.65129017155e-05, 4.01937359129e-05, 3.75411909772e-05, 2.08307155845e-05, 1.71322481037e-05, 1.38177192639e-05, 1.06567904368e-05, 8.37501829665e-06, 5.90222998653e-06, 5.2804907682e-06, 4.57037958768e-06, 3.7997194795e-06, 3.78739650841e-06, 2.98661939269e-06, 2.48106016443e-06, 2.398178367e-06, 2.22213270717e-06, 2.16333387471e-06, 1.91660456039e-06, 1.6571531205e-06, 1.14814645258e-06],
        "median": [0.00237705931067, 0.00241368892603, 0.00157245178707, 0.000711565895472, 0.000315713114105, 0.000258446845692, 0.000226049232879, 9.76189476205e-05, 8.9513407147e-05, 7.17805232853e-05, 6.26320979791e-05, 5.19214445376e-05, 3.74987357645e-05, 5.04450217704e-05, 3.25208166032e-05, 3.15783290716e-05, 3.79129196517e-05, 4.26759834227e-05, 2.1828645913e-05, 2.07917400985e-05, 2.35677289311e-05, 1.93860887521e-05, 1.2838114344e-05, 1.07012110675e-05, 8.19363413029e-06, 6.02731415711e-06, 4.64390950583e-06, 3.2750401715e-06, 2.70390705737e-06, 2.62743219537e-06, 1.92291554413e-06, 1.86658769508e-06, 1.40847157581e-06, 9.78811726782e-07, 9.08713957415e-07, 8.18097760202e-07, 8.42109841415e-07, 7.78799119416e-07, 6.11819984897e-07, 4.53439497505e-07],
        "min": [5.26056828676e-05, 9.67218438745e-05, 6.1310332967e-05, 2.119488272e-05, 1.13134065032e-05, 1.41320679177e-05, 2.87956186185e-06, 3.53377686224e-06, 1.55616180564e-06, 3.23994981954e-06, 1.34364756832e-06, 5.62863419873e-07, 8.08992410839e-07, 5.44616852949e-07, 5.27722193056e-07, 4.07517774192e-07, 6.66486357659e-07, 3.93169273138e-07, 2.71489312809e-07, 1.97255104695e-07, 1.88234224652e-07, 1.28185291715e-07, 1.67177120147e-07, 2.2351979112e-07, 2.55899180956e-07, 1.73392876945e-07, 1.52125480213e-07, 8.19048793232e-08, 5.30530535059e-08, 1.85147257525e-08, 2.08207726615e-08, 2.31618901836e-08, 7.05062008777e-09, 1.32720208157e-08, 7.47017114833e-09, 3.79872400202e-09, 3.79139120099e-09, 1.10537989872e-09, 4.44643405428e-10, 5.1548102592e-11],
