{
"highlevel": {
    "danceability": {
        "all": {
            "danceable": 0.99999922514,
            "not_danceable": 7.663243764e-07
        },
        "probability": 0.99999922514,
        "value": "danceable"
    },
    "gender": {
        "all": {
            "female": 0.207441493869,
            "male": 0.79255849123
        },
        "probability": 0.79255849123,
        "value": "male"
    },
    "genre_dortmund": {
        "all": {
            "alternative": 0.00261870003305,
            "blues": 0.00227815075777,
            "electronic": 0.214194506407,
            "folkcountry": 0.00162250222638,
            "funksoulrnb": 0.00182010384742,
            "jazz": 0.0211650952697,
            "pop": 0.0132042020559,
            "raphiphop": 0.733630895615,
            "rock": 0.00946586765349
        },
        "probability": 0.733630895615,
        "value": "raphiphop"
    },
    "genre_electronic": {
        "all": {
            "ambient": 0.0756508708,
            "dnb": 0.320048630238,
            "house": 0.350797384977,
            "techno": 0.172090828419,
            "trance": 0.0814123004675
        },
        "probability": 0.350797384977,
        "value": "house"
    },
    "genre_rosamerica": {
        "all": {
            "cla": 0.000915286305826,
            "dan": 0.544373929501,
            "hip": 0.358412981033,
            "jaz": 0.00190138316248,
            "pop": 0.0103765651584,
            "rhy": 0.0778386592865,
            "roc": 0.00380331859924,
            "spe": 0.00237789936364
        },
        "probability": 0.544373929501,
        "value": "dan"
    },
    "genre_tzanetakis": {
        "all": {
            "blu": 0.0534286126494,
            "cla": 0.0296793803573,
            "cou": 0.0534212701023,
            "dis": 0.0445159301162,
            "hip": 0.133544236422,
            "jaz": 0.267067581415,
            "met": 0.0534032955766,
            "pop": 0.0534038804471,
            "reg": 0.0445042736828,
            "roc": 0.267031520605
        },
        "probability": 0.267067581415,
        "value": "jaz"
    },
    "ismir04_rhythm": {
        "all": {
            "ChaChaCha": 0.781301319599,
            "Jive": 0.0477270521224,
            "Quickstep": 0.0036826687865,
            "Rumba-American": 0.00317889801227,
            "Rumba-International": 0.0310903806239,
            "Rumba-Misc": 0.0043137203902,
            "Samba": 0.125450998545,
            "Tango": 0.00127501541283,
            "VienneseWaltz": 0.00130053411704,
            "Waltz": 0.000679430202581
        },
        "probability": 0.781301319599,
        "value": "ChaChaCha"
    },
    "mood_acoustic": {
        "all": {
            "acoustic": 0.00323926913552,
            "not_acoustic": 0.996760725975
        },
        "probability": 0.996760725975,
        "value": "not_acoustic"
    },
    "mood_aggressive": {
        "all": {
            "aggressive": 0.309061348438,
            "not_aggressive": 0.690938651562
        },
        "probability": 0.690938651562,
        "value": "not_aggressive"
    },
    "mood_electronic": {
        "all": {
            "electronic": 0.984742641449,
            "not_electronic": 0.0152573334053
        },
        "probability": 0.984742641449,
        "value": "electronic"
    },
    "mood_happy": {
        "all": {
            "happy": 0.15175960958,
            "not_happy": 0.848240375519
        },
        "probability": 0.848240375519,
        "value": "not_happy"
    },
    "mood_party": {
        "all": {
            "not_party": 0.0803690627217,
            "party": 0.919630944729
        },
        "probability": 0.919630944729,
        "value": "party"
    },
    "mood_relaxed": {
        "all": {
            "not_relaxed": 0.87668710947,
            "relaxed": 0.123312860727
        },
        "probability": 0.87668710947,
        "value": "not_relaxed"
    },
    "mood_sad": {
        "all": {
            "not_sad": 0.922893941402,
            "sad": 0.0771060883999
        },
        "probability": 0.922893941402,
        "value": "not_sad"
    },
    "moods_mirex": {
        "all": {
            "Cluster1": 0.185502842069,
            "Cluster2": 0.0535127557814,
            "Cluster3": 0.0492627061903,
            "Cluster4": 0.0491370148957,
            "Cluster5": 0.662584662437
        },
        "probability": 0.662584662437,
        "value": "Cluster5"
    },
    "timbre": {
        "all": {
            "bright": 0.119781374931,
            "dark": 0.880218625069
        },
        "probability": 0.880218625069,
        "value": "dark"
    },
    "tonal_atonal": {
        "all": {
            "atonal": 0.929127752781,
            "tonal": 0.0708722695708
        },
        "probability": 0.929127752781,
        "value": "atonal"
    },
    "voice_instrumental": {
        "all": {
            "instrumental": 0.253520041704,
            "voice": 0.746479928493
        },
        "probability": 0.746479928493,
        "value": "voice"
    }
},
"lowlevel": {
    "average_loudness": 0.979160487652,
    "barkbands_crest": {
        "dmean": 3.62741279602,
        "dmean2": 5.16685962677,
        "dvar": 12.3603610992,
        "dvar2": 25.28931427,
        "max": 24.7659397125,
        "mean": 14.115477562,
        "median": 14.1845273972,
        "min": 3.21867108345,
        "var": 34.2653846741
    },
    "barkbands_flatness_db": {
        "dmean": 0.050054743886,
        "dmean2": 0.065898835659,
        "dvar": 0.00224160193466,
        "dvar2": 0.00464419275522,
        "max": 0.480909407139,
        "mean": 0.205334603786,
        "median": 0.193160906434,
        "min": 0.0568265467882,
        "var": 0.00708760553971
    },
    "barkbands_kurtosis": {
        "dmean": 24.7251434326,
        "dmean2": 32.1279335022,
        "dvar": 2449.69628906,
        "dvar2": 3728.21337891,
        "max": 673.892883301,
        "mean": 35.1277770996,
        "median": 9.3274230957,
        "min": -1.90776824951,
        "var": 5808.00146484
    },
    "barkbands_skewness": {
        "dmean": 1.65692615509,
        "dmean2": 2.14033937454,
        "dvar": 3.42578816414,
        "dvar2": 5.55569791794,
        "max": 20.3545684814,
        "mean": 3.9589138031,
        "median": 2.98692059517,
        "min": -3.70145821571,
        "var": 13.0972938538
    },
    "barkbands_spread": {
        "dmean": 11.4497108459,
        "dmean2": 16.5856723785,
        "dvar": 179.57220459,
        "dvar2": 373.763793945,
        "max": 110.990402222,
        "mean": 22.4935798645,
        "median": 14.9748792648,
        "min": 0.418064326048,
        "var": 438.545440674
    },
    "dissonance": {
        "dmean": 0.0239060595632,
        "dmean2": 0.0396664105356,
        "dvar": 0.000879837723915,
        "dvar2": 0.00217037741095,
        "max": 0.499998420477,
        "mean": 0.46212464571,
        "median": 0.475598722696,
        "min": 0.264736175537,
        "var": 0.00150617468171
    },
    "dynamic_complexity": 3.05889129639,
    "erbbands_crest": {
        "dmean": 2.24145936966,
        "dmean2": 3.4997549057,
        "dvar": 4.06501531601,
        "dvar2": 9.09938430786,
        "max": 20.6833457947,
        "mean": 7.07921552658,
        "median": 6.29692029953,
        "min": 2.32388949394,
        "var": 9.44062423706
    },
    "erbbands_flatness_db": {
        "dmean": 0.0233684256673,
        "dmean2": 0.0340617820621,
        "dvar": 0.000876482634339,
        "dvar2": 0.00155539205298,
        "max": 0.311526358128,
        "mean": 0.117561675608,
        "median": 0.100620180368,
        "min": 0.053088311106,
        "var": 0.0022463221103
    },
    "erbbands_kurtosis": {
        "dmean": 1.83584678173,
        "dmean2": 2.78944325447,
        "dvar": 6.7132806778,
        "dvar2": 13.8253507614,
        "max": 21.2139053345,
        "mean": 1.19189488888,
        "median": 0.05921459198,
        "min": -1.76699221134,
        "var": 11.7577819824
    },
    "erbbands_skewness": {
        "dmean": 0.59008026123,
        "dmean2": 0.860095441341,
        "dvar": 0.344959259033,
        "dvar2": 0.715185582638,
        "max": 4.3585562706,
        "mean": 0.201412782073,
        "median": 0.056927986443,
        "min": -3.24826717377,
        "var": 1.23178851604
    },
    "erbbands_spread": {
        "dmean": 21.1997356415,
        "dmean2": 31.1777992249,
        "dvar": 516.724243164,
        "dvar2": 1000.17834473,
        "max": 181.324707031,
        "mean": 70.3274230957,
        "median": 73.0208969116,
        "min": 5.33972263336,
        "var": 1571.33032227
    },
    "hfc": {
        "dmean": 23.6573905945,
        "dmean2": 32.5488471985,
        "dvar": 880.150756836,
        "dvar2": 1838.10632324,
        "max": 250.563613892,
        "mean": 33.7671012878,
        "median": 17.7543830872,
        "min": 0.0576524809003,
        "var": 1483.77697754
    },
    "melbands_crest": {
        "dmean": 5.25047111511,
        "dmean2": 7.48549604416,
        "dvar": 25.9744167328,
        "dvar2": 54.3830108643,
        "max": 37.9949913025,
        "mean": 21.820350647,
        "median": 21.2283248901,
        "min": 4.38832950592,
        "var": 74.2198867798
    },
    "melbands_flatness_db": {
        "dmean": 0.0580438002944,
        "dmean2": 0.0767778679729,
        "dvar": 0.00309826224111,
        "dvar2": 0.00641879765317,
        "max": 0.60880202055,
        "mean": 0.284991979599,
        "median": 0.272493153811,
        "min": 0.0566331669688,
        "var": 0.0105045260862
    },
    "melbands_kurtosis": {
        "dmean": 82.8078689575,
        "dmean2": 113.341743469,
        "dvar": 20656.3691406,
        "dvar2": 40396.9140625,
        "max": 1741.32373047,
        "mean": 132.744979858,
        "median": 47.5522346497,
        "min": -1.1708843708,
        "var": 48110.7304688
    },
    "melbands_skewness": {
        "dmean": 2.82660245895,
        "dmean2": 3.70206832886,
        "dvar": 9.82483673096,
        "dvar2": 19.9142589569,
        "max": 36.0761489868,
        "mean": 7.37754774094,
        "median": 6.04988718033,
        "min": -1.72506153584,
        "var": 32.2725868225
    },
    "melbands_spread": {
        "dmean": 8.57628631592,
        "dmean2": 13.211848259,
        "dvar": 207.570220947,
        "dvar2": 537.184570312,
        "max": 216.214309692,
        "mean": 13.3619070053,
        "median": 7.86141586304,
        "min": 0.213678196073,
        "var": 274.605438232
    },
    "pitch_salience": {
        "dmean": 0.127427041531,
        "dmean2": 0.178044885397,
        "dvar": 0.0160230882466,
        "dvar2": 0.0348465889692,
        "max": 0.845817744732,
        "mean": 0.435455292463,
        "median": 0.439214348793,
        "min": 0.0394121818244,
        "var": 0.0411025807261
    },
    "silence_rate_20dB": {
        "dmean": 0.00464396271855,
        "dmean2": 0.00929511990398,
        "dvar": 0.00462236255407,
        "dvar2": 0.0123071726412,
        "max": 1,
        "mean": 0.996906399727,
        "median": 1,
        "min": 0,
        "var": 0.00308399414644
    },
    "silence_rate_30dB": {
        "dmean": 0.1037151739,
        "dmean2": 0.20759101212,
        "dvar": 0.0929589048028,
        "dvar2": 0.17069222033,
        "max": 1,
        "mean": 0.7904099226,
        "median": 1,
        "min": 0,
        "var": 0.165662631392
    },
    "silence_rate_60dB": {
        "dmean": 0.0247678011656,
        "dmean2": 0.0495739728212,
        "dvar": 0.0241544395685,
        "dvar2": 0.0610583089292,
        "max": 1,
        "mean": 0.0247486457229,
        "median": 0,
        "min": 0,
        "var": 0.0241360161453
    },
    "spectral_centroid": {
        "dmean": 423.769012451,
        "dmean2": 644.891723633,
        "dvar": 228022.046875,
        "dvar2": 501959.625,
        "max": 5135.75634766,
        "mean": 1365.29223633,
        "median": 1217.18041992,
        "min": 131.174575806,
        "var": 776980.5
    },
    "spectral_complexity": {
        "dmean": 6.1919503212,
        "dmean2": 8.06351661682,
        "dvar": 47.7929725647,
        "dvar2": 75.4166488647,
        "max": 56,
        "mean": 13.993812561,
        "median": 11,
        "min": 0,
        "var": 146.459259033
    },
    "spectral_decrease": {
        "dmean": 8.57071746907e-09,
        "dmean2": 1.1710787895e-08,
        "dvar": 1.29536536865e-16,
        "dvar2": 1.96125370269e-16,
        "max": -3.16422998914e-11,
        "mean": -1.75357310894e-08,
        "median": -1.10695541622e-08,
        "min": -9.85133610243e-08,
        "var": 3.5530186636e-16
    },
    "spectral_energy": {
        "dmean": 0.0337619110942,
        "dmean2": 0.0460462830961,
        "dvar": 0.00191310350783,
        "dvar2": 0.00294662825763,
        "max": 0.374047487974,
        "mean": 0.069246634841,
        "median": 0.0442686751485,
        "min": 0.000144110337715,
        "var": 0.00526148965582
    },
    "spectral_energyband_high": {
        "dmean": 0.00186422292609,
        "dmean2": 0.0025630146265,
        "dvar": 7.95425148681e-06,
        "dvar2": 1.49062943819e-05,
        "max": 0.0354972667992,
        "mean": 0.00249615777284,
        "median": 0.000584299850743,
        "min": 7.76189949647e-07,
        "var": 1.36699482027e-05
    },
    "spectral_energyband_low": {
        "dmean": 0.0267755072564,
        "dmean2": 0.0352814011276,
        "dvar": 0.00177064363379,
        "dvar2": 0.00235999119468,
        "max": 0.368077099323,
        "mean": 0.0523460768163,
        "median": 0.0240624397993,
        "min": 7.66042103351e-06,
        "var": 0.00480103306472
    },
    "spectral_energyband_middle_high": {
        "dmean": 0.002432013629,
        "dmean2": 0.00383121659979,
        "dvar": 1.98040434043e-05,
        "dvar2": 5.18903434568e-05,
        "max": 0.0349285788834,
        "mean": 0.00302675855346,
        "median": 0.001030737767,
        "min": 3.01133604808e-06,
        "var": 2.22220041906e-05
    },
    "spectral_energyband_middle_low": {
        "dmean": 0.00988914072514,
        "dmean2": 0.0152904689312,
        "dvar": 0.000191348284716,
        "dvar2": 0.000502018199768,
        "max": 0.13493527472,
        "mean": 0.0123125296086,
        "median": 0.00729904929176,
        "min": 1.21519724416e-05,
        "var": 0.000214800529648
    },
    "spectral_entropy": {
        "dmean": 0.277877777815,
        "dmean2": 0.408424675465,
        "dvar": 0.135212540627,
        "dvar2": 0.259822875261,
        "max": 8.70818328857,
        "mean": 7.75127410889,
        "median": 7.9470038414,
        "min": 5.45800209045,
        "var": 0.351164162159
    },
    "spectral_flux": {
        "dmean": 0.0671762526035,
        "dmean2": 0.102963238955,
        "dvar": 0.00472259894013,
        "dvar2": 0.0109836598858,
        "max": 0.461378842592,
        "mean": 0.134141474962,
        "median": 0.109616301954,
        "min": 0.00824762415141,
        "var": 0.00869690813124
    },
    "spectral_kurtosis": {
        "dmean": 2.42006206512,
        "dmean2": 3.52366518974,
        "dvar": 42.0083236694,
        "dvar2": 71.2790527344,
        "max": 99.2456207275,
        "mean": 4.01932525635,
        "median": 1.63359594345,
        "min": -0.869023561478,
        "var": 83.666305542
    },
    "spectral_rms": {
        "dmean": 0.00206082011573,
        "dmean2": 0.0027767198626,
        "dvar": 4.93883908348e-06,
        "dvar2": 8.03680086392e-06,
        "max": 0.0191029943526,
        "mean": 0.00721159018576,
        "median": 0.00657183025032,
        "min": 0.000374960596673,
        "var": 1.55506131705e-05
    },
    "spectral_rolloff": {
        "dmean": 814.813781738,
        "dmean2": 1364.5657959,
        "dvar": 2359787.5,
        "dvar2": 5067736,
        "max": 10723.5351562,
        "mean": 1002.86889648,
        "median": 258.3984375,
        "min": 43.06640625,
        "var": 3165783.25
    },
    "spectral_skewness": {
        "dmean": 0.370844662189,
        "dmean2": 0.544304490089,
        "dvar": 0.376379549503,
        "dvar2": 0.61715811491,
        "max": 8.4547700882,
        "mean": 1.50577938557,
        "median": 1.23652660847,
        "min": -0.00182790763211,
        "var": 0.97212433815
    },
    "spectral_spread": {
        "dmean": 1206308.125,
        "dmean2": 1795805.125,
        "dvar": 2.02081225933e+12,
        "dvar2": 3.39323335475e+12,
        "max": 15900138,
        "mean": 7338514,
        "median": 7624388,
        "min": 984536.4375,
        "var": 6.60120010752e+12
    },
    "spectral_strongpeak": {
        "dmean": 0.268411517143,
        "dmean2": 0.428024798632,
        "dvar": 0.148396417499,
        "dvar2": 0.386841028929,
        "max": 4.46561670303,
        "mean": 0.435308218002,
        "median": 0.297403931618,
        "min": 0,
        "var": 0.168548151851
    },
    "zerocrossingrate": {
        "dmean": 0.0201136358082,
        "dmean2": 0.022084986791,
        "dvar": 0.000376256124582,
        "dvar2": 0.000443192810053,
        "max": 0.25439453125,
        "mean": 0.0562614798546,
        "median": 0.04345703125,
        "min": 0.00146484375,
        "var": 0.00180342397653
    },
    "barkbands": {
        "dmean": [0.00343988998793, 0.0229333080351, 0.00639870064333, 0.00272297905758, 0.00317592779174, 0.00166622700635, 0.00142111582682, 0.00111146934796, 0.00122055958491, 0.000672720198054, 0.00035046186531, 0.000267739669653, 0.000277502811514, 0.000304055516608, 0.000408012012485, 0.000285682646791, 0.000141789452755, 9.93705616565e-05, 0.000122318524518, 0.000235125495237, 0.000224994058954, 0.000244499678956, 0.000331790972268, 0.000336436583893, 0.000517884851433, 0.000303353648633, 8.78740920029e-08],
        "dmean2": [0.00459796795622, 0.0274901390076, 0.0110346991569, 0.0047017368488, 0.00498422933742, 0.00249945581891, 0.00224199634977, 0.00181421556044, 0.00204042065889, 0.00116519618314, 0.0005840662634, 0.000443703815108, 0.000434533518273, 0.00045347365085, 0.000693075824529, 0.000497017521411, 0.000245392817305, 0.000165847421158, 0.000186175529961, 0.000328372785589, 0.000339973106747, 0.000319694343489, 0.000468529615318, 0.000456194364233, 0.000722285651136, 0.000456343172118, 1.59470459948e-07],
        "dvar": [3.56772907253e-05, 0.00134276412427, 0.000224109040573, 3.93058689951e-05, 3.17301673931e-05, 6.45267482469e-06, 6.03131775279e-06, 4.5232800403e-06, 7.86994860391e-06, 3.59585078513e-06, 8.48972604217e-07, 5.51377638658e-07, 3.1576965398e-07, 4.93379161526e-07, 1.76678452135e-06, 7.94202094312e-07, 9.74222089667e-08, 5.31890407274e-08, 3.91833161473e-08, 1.34361130222e-07, 2.61373060084e-07, 2.90705287398e-07, 4.32463821198e-07, 2.71923028095e-07, 6.13818770034e-07, 3.28319543996e-07, 1.44261867534e-13],
        "dvar2": [6.29604764981e-05, 0.00161881360691, 0.000604217115324, 0.000108116037154, 8.2918915723e-05, 1.41251657624e-05, 1.47527525769e-05, 1.04501450551e-05, 2.00345584744e-05, 9.56563599175e-06, 2.20430274567e-06, 1.40603140153e-06, 7.05543186541e-07, 9.43190968883e-07, 4.70491750093e-06, 2.35432594309e-06, 2.8523473361e-07, 1.47385691207e-07, 8.55709814118e-08, 2.85296124503e-07, 5.74225111905e-07, 4.97720122894e-07, 9.27808628148e-07, 5.48839807379e-07, 1.21189668789e-06, 7.98728422069e-07, 4.17068479362e-13],
        "max": [0.0539564937353, 0.315059483051, 0.119706913829, 0.0724149420857, 0.0516923107207, 0.0233092680573, 0.022273818031, 0.0237460546196, 0.0361077897251, 0.0233830660582, 0.0105077950284, 0.0127407833934, 0.0102006923407, 0.0142177836969, 0.0125684021041, 0.00994552206248, 0.00250820908695, 0.00211850344203, 0.00194351712707, 0.00368008459918, 0.0114337159321, 0.0114297745749, 0.0124084511772, 0.00607578037307, 0.00496436282992, 0.0044864397496, 5.84404733672e-06],
        "mean": [0.00485110050067, 0.0402011051774, 0.00644590472803, 0.00278779910877, 0.00391635904089, 0.00205466081388, 0.00137527706102, 0.00098202645313, 0.00101847737096, 0.000535159371793, 0.00030027559842, 0.000271869532298, 0.000314397067996, 0.000370622699847, 0.000359990459401, 0.000299889856251, 0.000155119545525, 0.000113969610538, 0.000173828826519, 0.000305946712615, 0.000281774700852, 0.000350034824805, 0.00039913575165, 0.000443529192125, 0.000627898203675, 0.000310428382363, 5.87637565275e-08],
        "median": [0.00169664388523, 0.0149608254433, 0.00255789817311, 0.00107133481652, 0.00199336046353, 0.000700271106325, 0.000263040856225, 0.000135867565405, 0.000100859404483, 4.37486596638e-05, 4.45472651336e-05, 2.88142437057e-05, 6.1510480009e-05, 9.16354038054e-05, 4.33018612966e-05, 4.54600449302e-05, 2.85246551357e-05, 2.46796898864e-05, 4.95476342621e-05, 8.84334731381e-05, 6.56914926367e-05, 8.88586291694e-05, 8.32050500321e-05, 9.64538703556e-05, 0.000110964247142, 3.71561109205e-05, 9.08599306904e-10],
        "min": [3.10180638508e-07, 5.74387058805e-07, 8.68869619808e-07, 1.71551278072e-06, 2.19873027163e-06, 2.1723184318e-07, 3.90353591229e-07, 4.25766472745e-07, 4.84693714498e-07, 2.19354944875e-07, 1.83529223818e-07, 5.5321248027e-08, 4.95994854077e-08, 2.11267888517e-07, 1.55976579208e-07, 1.76292189735e-07, 7.28240081571e-08, 4.46011689803e-08, 4.28498871941e-08, 1.7902981142e-07, 1.05514267545e-07, 9.04634660515e-08, 7.75958568511e-08, 7.06955844976e-08, 1.15021038027e-07, 3.20403481524e-09, 1.30013872932e-11],
        "var": [6.15526951151e-05, 0.00352685549296, 0.000163148841239, 3.0041561331e-05, 3.11326875817e-05, 1.02408839666e-05, 6.79722779751e-06, 4.61209538116e-06, 6.69588143865e-06, 2.70761893262e-06, 6.97286566265e-07, 6.45641875963e-07, 6.73522492889e-07, 8.7147833483e-07, 1.31532931391e-06, 5.80221239943e-07, 1.02374229982e-07, 5.15091151954e-08, 7.27849212012e-08, 2.17668741698e-07, 3.56939580115e-07, 5.25506322901e-07, 5.61687897971e-07, 4.66743784955e-07, 9.51753236222e-07, 3.32887452714e-07, 8.96482798478e-14]
    },
    "erbbands": {
        "dmean": [1.26531684399, 3.34811306, 8.38699150085, 6.61602258682, 12.2783899307, 8.06761455536, 11.0574293137, 15.6832418442, 18.5429401398, 22.065448761, 26.1587352753, 27.3946971893, 23.3596916199, 17.9534778595, 13.2112627029, 10.7980775833, 12.3844470978, 14.1310939789, 18.4873065948, 21.3248062134, 13.1745491028, 7.8215174675, 5.15663719177, 5.80929803848, 9.26615142822, 10.235994339, 8.08444786072, 8.82028770447, 9.1865272522, 8.71548843384, 10.565571785, 6.99100255966, 5.7027592659, 4.98545074463, 4.33493804932, 1.81712341309, 0.482823461294, 0.0332154855132, 0.000686804531142, 7.34746208764e-05],
        "dmean2": [1.5355117321, 5.07788085938, 14.1855592728, 11.0242862701, 20.1892051697, 12.8365058899, 16.5022239685, 23.5687122345, 28.8175048828, 34.6710739136, 42.549446106, 45.5381278992, 39.7003059387, 30.4993591309, 21.6484889984, 17.5965938568, 19.2454395294, 21.0199737549, 30.0137996674, 36.8310470581, 22.3403701782, 13.0647163391, 8.51886367798, 9.17287158966, 13.1677465439, 14.554646492, 12.2421884537, 13.1490745544, 12.0386667252, 12.304151535, 14.8870592117, 9.59476089478, 7.92303466797, 7.03353357315, 6.25322961807, 2.67651462555, 0.728251993656, 0.0543661378324, 0.00107840378769, 0.000104549595562],
        "dvar": [4.72444248199, 34.8917312622, 363.709106445, 217.053375244, 703.60748291, 180.264648438, 276.619537354, 658.864379883, 888.131774902, 1470.62939453, 2477.18701172, 3673.71118164, 3382.41137695, 2304.40161133, 1267.58081055, 965.440307617, 686.579162598, 727.171081543, 2754.04418945, 6071.96142578, 1087.07702637, 343.226959229, 149.238357544, 110.559272766, 183.364181519, 253.631286621, 382.462432861, 342.864501953, 319.098846436, 548.676086426, 374.079193115, 134.227798462, 72.0933532715, 58.6627197266, 48.2869567871, 8.99048805237, 1.14704835415, 0.00840175151825, 2.71753810921e-06, 1.17490088769e-08],
        "dvar2": [6.05975437164, 61.943447113, 988.116088867, 576.779663086, 1892.38806152, 459.445007324, 611.864990234, 1460.22241211, 2165.07128906, 3500.91796875, 5770.14257812, 9062.18945312, 8837.61621094, 6094.62841797, 3321.98266602, 2419.23413086, 1491.82287598, 1385.74926758, 7074.63671875, 16975.2988281, 3215.0378418, 998.838989258, 428.104431152, 271.769714355, 355.791564941, 557.788574219, 906.731018066, 680.760925293, 544.346496582, 1111.33532715, 802.085571289, 297.588409424, 134.915756226, 111.609298706, 105.280738831, 20.8264541626, 2.82883906364, 0.021659757942, 6.91558079779e-06, 2.70354068022e-08],
        "max": [18.0756759644, 42.183013916, 151.130584717, 150.540237427, 287.829803467, 132.083465576, 172.371307373, 274.692047119, 236.023605347, 347.670715332, 510.304199219, 721.986083984, 701.486083984, 562.987426758, 445.803009033, 565.123291016, 534.087158203, 569.78704834, 589.374145508, 745.894897461, 306.852294922, 161.994857788, 111.490905762, 89.2785263062, 107.330024719, 194.559494019, 520.989562988, 385.530853271, 367.011779785, 609.924499512, 259.731048584, 147.280715942, 91.8109054565, 58.2565803528, 39.9405937195, 23.1110134125, 9.57757091522, 0.905824005604, 0.0157487671822, 0.000822228437755],
        "mean": [1.87234902382, 6.02409076691, 8.99677085876, 7.23241662979, 13.644238472, 9.97329235077, 14.1770362854, 18.5980434418, 18.8947982788, 21.3235664368, 22.8197631836, 23.2592697144, 18.9126720428, 14.7910003662, 11.8174686432, 11.6583347321, 14.2459802628, 18.2030601501, 18.4571495056, 19.5304775238, 14.7844285965, 8.77169513702, 5.94224214554, 7.89922428131, 12.8186798096, 13.2951011658, 10.0413923264, 11.7405118942, 13.2534866333, 11.3872699738, 12.2241697311, 8.89188289642, 7.42099142075, 6.33497619629, 4.80658912659, 1.95787656307, 0.473551988602, 0.0289878528565, 0.000665777013637, 0.000122132929391],
        "median": [0.537174522877, 2.49759364128, 4.10742378235, 3.38787984848, 5.51485967636, 4.63590908051, 5.35671186447, 5.45494318008, 4.89004802704, 3.58203172684, 3.05967140198, 2.25560212135, 1.55629587173, 1.48211932182, 1.81344377995, 1.34735846519, 2.93209338188, 5.26805257797, 2.90595722198, 2.74032950401, 2.72490501404, 1.67640268803, 1.33634769917, 2.08110260963, 3.58070874214, 4.034719944, 2.15489435196, 3.14739632607, 3.37291550636, 2.32868456841, 2.49240422249, 1.91653680801, 1.39176762104, 1.22022509575, 0.791632890701, 0.313277393579, 0.0377839393914, 0.00131270417478, 7.0027068432e-05, 6.59249271848e-05],
        "min": [3.91734174627e-05, 5.48969474039e-05, 0.00111097143963, 0.0041500851512, 0.00482665048912, 0.00645699258894, 0.00511962082237, 0.00285966042429, 0.00319435982965, 0.0080408398062, 0.00889298226684, 0.0106780035421, 0.0167120154947, 0.00938980188221, 0.00657230243087, 0.00282644666731, 0.00329350796528, 0.0101557923481, 0.0115236891434, 0.00727972807363, 0.00850179884583, 0.00413358211517, 0.00235701212659, 0.00313461874612, 0.00377865089104, 0.00822074711323, 0.00419975817204, 0.00418925704435, 0.00322000100277, 0.00314501253888, 0.00336033571512, 0.00109120015986, 0.00114585307892, 0.000198745285161, 0.0010554860346, 0.000350635033101, 2.32291622524e-05, 9.62585090747e-07, 3.89623608044e-07, 2.42476460244e-07],
        "var": [10.0143661499, 71.9575653076, 273.684753418, 172.659088135, 576.943786621, 202.733627319, 443.993865967, 948.726135254, 1033.34326172, 1681.59594727, 2465.19750977, 3260.48754883, 2709.74731445, 1814.74902344, 1069.22509766, 1171.27441406, 1347.83752441, 1592.50231934, 2498.07666016, 4165.93603516, 1000.43017578, 342.177093506, 142.590866089, 168.605865479, 339.865020752, 404.581848145, 493.296295166, 519.168762207, 600.623779297, 757.421813965, 498.869140625, 204.845565796, 129.328384399, 100.04725647, 61.632774353, 10.2044830322, 1.09815657139, 0.00680542737246, 2.36098730966e-06, 1.89894500124e-08]
    },
    "gfcc": {
        "mean": [-3.70814800262, 68.3648376465, -61.8096122742, 56.0694656372, -54.9173660278, 35.0677261353, -39.4230461121, 19.1289196014, -21.8616447449, 19.5103111267, -14.768535614, 0.164712414145, -8.0010433197],
        "cov": [[8290.22265625, -973.329162598, -553.791870117, -347.978973389, -447.362701416, -185.805526733, -425.501800537, -64.4040527344, -385.076477051, 14.7406635284, -318.626098633, 127.828308105, -274.159698486], [-973.329162598, 1975.74243164, -82.5418395996, -974.165649414, -235.949157715, -262.455993652, 133.096282959, -143.810287476, 121.932846069, -159.758651733, 83.6566696167, -78.4105224609, 157.117980957], [-553.791870117, -82.5418395996, 1151.32519531, 232.556793213, -80.2831573486, -11.5543689728, 124.978759766, 52.6612739563, -0.879785656929, 30.3022022247, 0.418258190155, 46.9585075378, 13.662478447], [-347.978973389, -974.165649414, 232.556793213, 906.770874023, 259.337860107, 155.370788574, -56.5245857239, 28.8829841614, 7.06051206589, 88.5545272827, 40.0882225037, 20.7817440033, -18.6405410767], [-447.362701416, -235.949157715, -80.2831573486, 259.337860107, 506.453430176, 115.834579468, -13.9114265442, -23.2518444061, 70.3531646729, 30.9185848236, -17.2880172729, 26.6714553833, -6.12668418884], [-185.805526733, -262.455993652, -11.5543689728, 155.370788574, 115.834579468, 189.996765137, 79.3575592041, 45.8711967468, -1.47551643848, 32.1895065308, 38.2252998352, -4.82515382767, -16.0569648743], [-425.501800537, 133.096282959, 124.978759766, -56.5245857239, -13.9114265442, 79.3575592041, 210.338912964, 78.844291687, 44.4648323059, 1.86155319214, 49.3829917908, 0.343940019608, 21.9810619354], [-64.4040527344, -143.810287476, 52.6612739563, 28.8829841614, -23.2518444061, 45.8711967468, 78.844291687, 121.659599304, 25.1824436188, 24.3556537628, 7.22197961807, 8.25678920746, -4.54161071777], [-385.076477051, 121.932846069, -0.879785656929, 7.06051206589, 70.3531646729, -1.47551643848, 44.4648323059, 25.1824436188, 115.028152466, 27.8701133728, 36.7217903137, 4.66411066055, 34.0917930603], [14.7406635284, -159.758651733, 30.3022022247, 88.5545272827, 30.9185848236, 32.1895065308, 1.86155319214, 24.3556537628, 27.8701133728, 69.7851486206, 25.5597057343, 11.2008295059, -9.11548519135], [-318.626098633, 83.6566696167, 0.418258190155, 40.0882225037, -17.2880172729, 38.2252998352, 49.3829917908, 7.22197961807, 36.7217903137, 25.5597057343, 107.975341797, 9.44238471985, 33.2577629089], [127.828308105, -78.4105224609, 46.9585075378, 20.7817440033, 26.6714553833, -4.82515382767, 0.343940019608, 8.25678920746, 4.66411066055, 11.2008295059, 9.44238471985, 69.9395446777, 11.0819911957], [-274.159698486, 157.117980957, 13.662478447, -18.6405410767, -6.12668418884, -16.0569648743, 21.9810619354, -4.54161071777, 34.0917930603, -9.11548519135, 33.2577629089, 11.0819911957, 68.8086700439]],
        "icov": [[0.000211494538235, 7.29596213205e-05, 0.000112678098958, 9.91355627775e-05, 0.000231635873206, 1.43572606248e-07, 0.000113727197459, 0.000136666087201, 0.000258068204857, -0.000315748678986, 0.000423730147304, -0.000601522973739, 0.000396292190999], [7.29596213205e-05, 0.00488706864417, -0.000889541523065, 0.00454641599208, -0.00121781928465, 0.00361382868141, -0.0018661263166, 0.0041712205857, -0.00320302788168, 0.00521718291566, -0.00563246384263, 0.00555481528863, -0.00374799454585], [0.000112678098958, -0.000889541523065, 0.00148547405843, -0.00145811075345, 0.000751110084821, 0.000172920757905, -0.00125037936959, -0.000191758183064, 0.00112734374125, -0.00200026063249, 0.00226053735241, -0.00218721292913, 0.00072030822048], [9.91355627775e-05, 0.00454641599208, -0.00145811075345, 0.00626996997744, -0.00203585764393, 0.00204087444581, 0.00026302866172, 0.00280196033418, -0.00236731185578, 0.00393523089588, -0.00637594237924, 0.00559601793066, -0.00372765143402], [0.000231635873206, -0.00121781928465, 0.000751110084821, -0.00203585764393, 0.00491087604314, -0.00444958824664, 0.000781242153607, 0.00194657465909, -0.00350380456075, -0.000982289202511, 0.00547681655735, -0.00476797064766, 0.00200748629868], [1.43572606248e-07, 0.00361382868141, 0.000172920757905, 0.00204087444581, -0.00444958824664, 0.0159304179251, -0.00714723113924, 0.000501482281834, 0.00433423556387, 0.000308367132675, -0.00845509860665, 0.00710316188633, -0.00125905475579], [0.000113727197459, -0.0018661263166, -0.00125037936959, 0.00026302866172, 0.000781242153607, -0.00714723113924, 0.0130122657865, -0.00710096675903, -0.00228499155492, 0.00281902705319, -0.00123195757624, -0.00188043725211, 0.00121387944091], [0.000136666087201, 0.0041712205857, -0.000191758183064, 0.00280196033418, 0.00194657465909, 0.000501482281834, -0.00710096675903, 0.0184640865773, -0.00657457951456, 0.000610537012108, 0.000760261085816, 0.00137053662911, -0.00165534357075], [0.000258068204857, -0.00320302788168, 0.00112734374125, -0.00236731185578, -0.00350380456075, 0.00433423556387, -0.00228499155492, -0.00657457951456, 0.0216590203345, -0.0121197346598, 0.000262635818217, -0.00061569508398, -0.00389214721508], [-0.000315748678986, 0.00521718291566, -0.00200026063249, 0.00393523089588, -0.000982289202511, 0.000308367132675, 0.00281902705319, 0.000610537012108, -0.0121197346598, 0.0314630828798, -0.0126360077411, 0.00389890791848, 0.00306891300716], [0.000423730147304, -0.00563246384263, 0.00226053735241, -0.00637594237924, 0.00547681655735, -0.00845509860665, -0.00123195757624, 0.000760261085816, 0.000262635818217, -0.0126360077411, 0.0258376505226, -0.0107554215938, -0.00122845685109], [-0.000601522973739, 0.00555481528863, -0.00218721292913, 0.00559601793066, -0.00476797064766, 0.00710316188633, -0.00188043725211, 0.00137053662911, -0.00061569508398, 0.00389890791848, -0.0107554215938, 0.0259389653802, -0.00936365872622], [0.000396292190999, -0.00374799454585, 0.00072030822048, -0.00372765143402, 0.00200748629868, -0.00125905475579, 0.00121387944091, -0.00165534357075, -0.00389214721508, 0.00306891300716, -0.00122845685109, -0.00936365872622, 0.0273420345038]]
    },
    "melbands": {
        "dmean": [0.0081897797063, 0.00419197045267, 0.00137420045212, 0.00072328443639, 0.000375919247745, 0.000336491153575, 0.000296371028526, 0.000246109033469, 0.000217810797039, 0.000168240090716, 0.00011553625518, 7.46244186303e-05, 4.708466804e-05, 3.13222481054e-05, 2.72655270237e-05, 2.87274051516e-05, 2.57544506894e-05, 2.95677182294e-05, 3.00702067761e-05, 2.61374643742e-05, 1.33430885398e-05, 8.82186122908e-06, 4.95360200148e-06, 5.05487150804e-06, 4.84663769384e-06, 4.57483656646e-06, 1.06013640107e-05, 5.59235604669e-06, 4.99741508975e-06, 5.32847934664e-06, 5.24788765688e-06, 5.30905299456e-06, 5.03932369611e-06, 5.02692410009e-06, 6.65112656861e-06, 4.99502539242e-06, 3.95760935135e-06, 4.55515282738e-06, 3.41314944308e-06, 4.79417394672e-06],
        "dmean2": [0.00978168752044, 0.00680463109165, 0.00226451596245, 0.00117909861729, 0.00055860390421, 0.000505253556184, 0.00046087949886, 0.000389693770558, 0.000356088014087, 0.000280685460893, 0.000197391840629, 0.000127921026433, 7.82705392339e-05, 5.11000216648e-05, 4.39129471488e-05, 4.50556763099e-05, 3.79090452043e-05, 4.71505591122e-05, 5.05166499352e-05, 4.72832289233e-05, 2.25068470172e-05, 1.48958615682e-05, 8.38133473735e-06, 8.45985687192e-06, 7.75012267695e-06, 7.02445095158e-06, 1.44460982483e-05, 8.27807980386e-06, 7.58476880947e-06, 8.36883464217e-06, 7.7478825915e-06, 7.16049862604e-06, 7.0944588515e-06, 7.31791851649e-06, 9.49539389694e-06, 6.92802905178e-06, 5.54424104848e-06, 6.45609270578e-06, 5.29501858182e-06, 6.68597931508e-06],
        "dvar": [0.000184050106327, 7.12266773917e-05, 8.58381463331e-06, 2.24472751142e-06, 3.00576061818e-07, 2.87090870188e-07, 2.30208485164e-07, 1.84398018632e-07, 1.74211493231e-07, 1.48727536953e-07, 8.85839028797e-08, 4.30220516989e-08, 1.64889595311e-08, 8.11992606486e-09, 4.53085080565e-09, 3.1329194794e-09, 2.79059730879e-09, 6.637181027e-09, 9.71960556484e-09, 9.4922727456e-09, 7.27095106345e-10, 4.16981726925e-10, 1.35597061357e-10, 1.35956648717e-10, 7.46565448351e-11, 5.81817406753e-11, 2.67101896156e-10, 7.58364482323e-11, 1.76230224858e-10, 1.42706943485e-10, 1.17667417476e-10, 9.19687243028e-11, 1.71621161726e-10, 1.82938553195e-10, 1.50499585017e-10, 7.41285366423e-11, 4.19471540836e-11, 4.73819143643e-11, 3.26367197157e-11, 5.50702296265e-11],
        "dvar2": [0.000219699533773, 0.000185101584066, 2.2675110813e-05, 6.01285137236e-06, 6.7074739718e-07, 6.33754837054e-07, 5.58269903195e-07, 4.35470269622e-07, 4.14360556533e-07, 3.71535946897e-07, 2.33361049595e-07, 1.14583954769e-07, 4.30624318426e-08, 2.06671586511e-08, 1.05303366027e-08, 6.59399068681e-09, 4.88563101086e-09, 1.65977702693e-08, 2.56544403499e-08, 2.79213132615e-08, 2.05947636722e-09, 1.19258924958e-09, 4.03463346066e-10, 3.77115672023e-10, 1.81750309247e-10, 1.33037789118e-10, 5.11746700571e-10, 1.7931492402e-10, 4.21560647501e-10, 3.32874949827e-10, 2.3175805719e-10, 1.71994793408e-10, 3.01763114496e-10, 3.95819738097e-10, 3.15985154709e-10, 1.67033498144e-10, 9.40069827537e-11, 9.89178322586e-11, 6.65876381811e-11, 1.11171925832e-10],
        "max": [0.116570830345, 0.0673146992922, 0.0308347977698, 0.0146135799587, 0.00500446557999, 0.0054589426145, 0.00402419408783, 0.00414857733995, 0.00488212751225, 0.00459663942456, 0.00372626283206, 0.00243259151466, 0.00155818113126, 0.00151592446491, 0.000931251328439, 0.0013357315911, 0.00127543753479, 0.000913553580176, 0.000941613456234, 0.00102364062332, 0.000222142843995, 0.000177596390131, 0.000103608239442, 9.94189467747e-05, 7.99320114311e-05, 7.88147881394e-05, 0.000114116723125, 0.000118881718663, 0.000379788485589, 0.000229508179473, 0.000246303592576, 0.000185480632354, 0.000288282462861, 0.000356342177838, 0.000147223821841, 0.000100823039247, 8.0504003563e-05, 6.96316419635e-05, 6.57867494738e-05, 5.33829297638e-05],
        "mean": [0.0132586825639, 0.00573954638094, 0.00155175477266, 0.000846901617479, 0.000489469617605, 0.000404227350373, 0.00029996727244, 0.000233670056332, 0.000185589189641, 0.000142744189361, 9.26921711653e-05, 6.07487854722e-05, 4.10485299653e-05, 3.08618909912e-05, 2.98396553262e-05, 3.34571050189e-05, 3.29452414007e-05, 2.96692687698e-05, 2.68937947112e-05, 2.42355927185e-05, 1.5701594748e-05, 9.80399636319e-06, 5.3355588534e-06, 5.55107635591e-06, 6.50627998766e-06, 6.13972770225e-06, 1.38573004733e-05, 7.08647166903e-06, 6.11336417933e-06, 6.28096677247e-06, 6.845680673e-06, 7.46147861719e-06, 6.85539407641e-06, 6.23412051937e-06, 7.54953907744e-06, 6.03131093158e-06, 4.96282109452e-06, 5.4018796618e-06, 4.6230929911e-06, 5.63374078411e-06],
        "median": [0.00438282312825, 0.00303398957476, 0.00073477323167, 0.000408907275414, 0.000197052984731, 0.000123658945085, 7.5580959674e-05, 3.69070876332e-05, 2.29170582315e-05, 1.28209803734e-05, 7.32458420316e-06, 5.45604052604e-06, 6.3112497628e-06, 3.21491847899e-06, 3.15472789225e-06, 9.04213902686e-06, 9.30833175516e-06, 4.01626812163e-06, 3.5605667108e-06, 2.96626740237e-06, 3.07106006403e-06, 1.68972235315e-06, 1.18073262456e-06, 1.14435590604e-06, 1.65871949775e-06, 1.54536098762e-06, 3.56658802048e-06, 2.21918844545e-06, 1.26208067286e-06, 1.42271801451e-06, 1.80490519597e-06, 1.98677867047e-06, 1.48994035953e-06, 1.20620518373e-06, 1.64299274275e-06, 1.15764157727e-06, 1.11218594157e-06, 9.93465050669e-07, 9.54345523496e-07, 1.05206106582e-06],
        "min": [2.33390608173e-07, 2.45001984922e-07, 1.22936251046e-06, 3.54845155925e-07, 2.02885544809e-07, 5.50916396946e-08, 5.07038606656e-08, 9.43988212043e-08, 7.91319649807e-08, 7.08847593955e-08, 7.2398819384e-08, 3.42717214608e-08, 2.26249277091e-08, 8.23740897715e-09, 2.82098544524e-09, 1.55025912107e-08, 1.6447312845e-08, 1.26798838096e-08, 1.10485771643e-08, 1.23085079906e-08, 6.07070438363e-09, 4.55340076755e-09, 1.68990021976e-09, 2.37069830433e-09, 2.5065007847e-09, 1.48966028402e-09, 6.85323486849e-09, 4.4442054481e-09, 1.93915750124e-09, 2.01506544784e-09, 2.37558972493e-09, 1.59105040254e-09, 2.17998241681e-09, 1.08466235993e-09, 1.37583122672e-09, 1.77831005477e-09, 6.84606885071e-11, 5.94778282181e-10, 4.61793728257e-11, 1.27085429853e-12],
