{
"highlevel": {
    "danceability": {
        "all": {
            "danceable": 0.98077917099,
            "not_danceable": 0.0192208215594
        },
        "probability": 0.98077917099,
        "value": "danceable"
    },
    "gender": {
        "all": {
            "female": 0.0339262075722,
            "male": 0.966073811054
        },
        "probability": 0.966073811054,
        "value": "male"
    },
    "genre_dortmund": {
        "all": {
            "alternative": 0.0843423083425,
            "blues": 0.085410065949,
            "electronic": 0.0355762802064,
            "folkcountry": 0.0720741152763,
            "funksoulrnb": 0.0571431480348,
            "jazz": 0.0434881150723,
            "pop": 0.116726987064,
            "raphiphop": 0.112125977874,
            "rock": 0.39311298728
        },
        "probability": 0.39311298728,
        "value": "rock"
    },
    "genre_electronic": {
        "all": {
            "ambient": 0.273163169622,
            "dnb": 0.35958558321,
            "house": 0.0915014669299,
            "techno": 0.0196099020541,
            "trance": 0.256139874458
        },
        "probability": 0.35958558321,
        "value": "dnb"
    },
    "genre_rosamerica": {
        "all": {
            "cla": 0.00383121822961,
            "dan": 0.0399474427104,
            "hip": 0.0155617613345,
            "jaz": 0.00267950515263,
            "pop": 0.571803689003,
            "rhy": 0.0487498044968,
            "roc": 0.315858632326,
            "spe": 0.00156796001829
        },
        "probability": 0.571803689003,
        "value": "pop"
    },
    "genre_tzanetakis": {
        "all": {
            "blu": 0.0626613423228,
            "cla": 0.0348169617355,
            "cou": 0.104475811124,
            "dis": 0.0784321576357,
            "hip": 0.15692435205,
            "jaz": 0.313974827528,
            "met": 0.0448166541755,
            "pop": 0.0627359300852,
            "reg": 0.0627360641956,
            "roc": 0.0784258767962
        },
        "probability": 0.313974827528,
        "value": "jaz"
    },
    "ismir04_rhythm": {
        "all": {
            "ChaChaCha": 0.216274648905,
            "Jive": 0.215040177107,
            "Quickstep": 0.104043990374,
            "Rumba-American": 0.0138050587848,
            "Rumba-International": 0.0394234396517,
            "Rumba-Misc": 0.0208224188536,
            "Samba": 0.263477474451,
            "Tango": 0.0180602464825,
            "VienneseWaltz": 0.0884881168604,
            "Waltz": 0.0205644145608
        },
        "probability": 0.263477474451,
        "value": "Samba"
    },
    "mood_acoustic": {
        "all": {
            "acoustic": 0.020054217428,
            "not_acoustic": 0.979945778847
        },
        "probability": 0.979945778847,
        "value": "not_acoustic"
    },
    "mood_aggressive": {
        "all": {
            "aggressive": 0.198183834553,
            "not_aggressive": 0.801816165447
        },
        "probability": 0.801816165447,
        "value": "not_aggressive"
    },
    "mood_electronic": {
        "all": {
            "electronic": 0.181117638946,
            "not_electronic": 0.818882346153
        },
        "probability": 0.818882346153,
        "value": "not_electronic"
    },
    "mood_happy": {
        "all": {
            "happy": 0.827731132507,
            "not_happy": 0.172268867493
        },
        "probability": 0.827731132507,
        "value": "happy"
    },
    "mood_party": {
        "all": {
            "not_party": 0.390728354454,
            "party": 0.609271645546
        },
        "probability": 0.609271645546,
        "value": "party"
    },
    "mood_relaxed": {
        "all": {
            "not_relaxed": 0.977625191212,
            "relaxed": 0.0223747808486
        },
        "probability": 0.977625191212,
        "value": "not_relaxed"
    },
    "mood_sad": {
        "all": {
            "not_sad": 0.842475771904,
            "sad": 0.157524242997
        },
        "probability": 0.842475771904,
        "value": "not_sad"
    },
    "moods_mirex": {
        "all": {
            "Cluster1": 0.264307379723,
            "Cluster2": 0.324991255999,
            "Cluster3": 0.10941144079,
            "Cluster4": 0.203791856766,
            "Cluster5": 0.0974980518222
        },
        "probability": 0.324991255999,
        "value": "Cluster2"
    },
    "timbre": {
        "all": {
            "bright": 0.980611622334,
            "dark": 0.0193883832544
        },
        "probability": 0.980611622334,
        "value": "bright"
    },
    "tonal_atonal": {
        "all": {
            "atonal": 0.0101500954479,
            "tonal": 0.989849925041
        },
        "probability": 0.989849925041,
        "value": "tonal"
    },
    "voice_instrumental": {
        "all": {
            "instrumental": 0.0210789181292,
            "voice": 0.978921055794
        },
        "probability": 0.978921055794,
        "value": "voice"
    }
},
"lowlevel": {
    "average_loudness": 0.971864521503,
    "barkbands_crest": {
        "dmean": 3.08519768715,
        "dmean2": 4.85881519318,
        "dvar": 7.92173957825,
        "dvar2": 17.9590148926,
        "max": 25.954832077,
        "mean": 10.5287866592,
        "median": 9.37366676331,
        "min": 2.54137301445,
        "var": 24.056055069
    },
    "barkbands_flatness_db": {
        "dmean": 0.0259193051606,
        "dmean2": 0.038216739893,
        "dvar": 0.000688721891493,
        "dvar2": 0.00141800171696,
        "max": 0.393947869539,
        "mean": 0.143274694681,
        "median": 0.131266921759,
        "min": 0.0332106612623,
        "var": 0.00334811699577
    },
    "barkbands_kurtosis": {
        "dmean": 2.48927640915,
        "dmean2": 3.94983077049,
        "dvar": 25.2512607574,
        "dvar2": 60.6606178284,
        "max": 74.8602828979,
        "mean": 2.86842298508,
        "median": 0.621158838272,
        "min": -1.88665211201,
        "var": 41.2707939148
    },
    "barkbands_skewness": {
        "dmean": 0.558148264885,
        "dmean2": 0.833982586861,
        "dvar": 0.392939835787,
        "dvar2": 0.874230623245,
        "max": 8.18824386597,
        "mean": 1.25860095024,
        "median": 1.03578317165,
        "min": -0.912034511566,
        "var": 1.17755913734
    },
    "barkbands_spread": {
        "dmean": 6.72594594955,
        "dmean2": 10.3128738403,
        "dvar": 104.563186646,
        "dvar2": 207.529098511,
        "max": 108.254310608,
        "mean": 25.4699554443,
        "median": 23.7447242737,
        "min": 1.49015188217,
        "var": 244.333068848
    },
    "dissonance": {
        "dmean": 0.0183722786605,
        "dmean2": 0.0291687212884,
        "dvar": 0.000412209163187,
        "dvar2": 0.000910228933208,
        "max": 0.499162107706,
        "mean": 0.458879143,
        "median": 0.469155162573,
        "min": 0.255338817835,
        "var": 0.00123685272411
    },
    "dynamic_complexity": 2.03508782387,
    "erbbands_crest": {
        "dmean": 2.47686815262,
        "dmean2": 3.96421217918,
        "dvar": 5.48605251312,
        "dvar2": 13.1391019821,
        "max": 26.8095760345,
        "mean": 8.88010025024,
        "median": 7.93081188202,
        "min": 2.59680318832,
        "var": 14.6269187927
    },
    "erbbands_flatness_db": {
        "dmean": 0.0193945225328,
        "dmean2": 0.0273374393582,
        "dvar": 0.000354342802893,
        "dvar2": 0.000698287039995,
        "max": 0.324320137501,
        "mean": 0.156415045261,
        "median": 0.153639659286,
        "min": 0.0631432160735,
        "var": 0.00152267585509
    },
    "erbbands_kurtosis": {
        "dmean": 0.838657557964,
        "dmean2": 1.31429088116,
        "dvar": 1.50623703003,
        "dvar2": 3.63814163208,
        "max": 19.0138874054,
        "mean": 0.425986588001,
        "median": 0.000726699829102,
        "min": -1.67961359024,
        "var": 2.72310686111
    },
    "erbbands_skewness": {
        "dmean": 0.354428857565,
        "dmean2": 0.541910231113,
        "dvar": 0.158711656928,
        "dvar2": 0.333739966154,
        "max": 2.78257584572,
        "mean": 0.288248389959,
        "median": 0.251342505217,
        "min": -4.21969223022,
        "var": 0.482983261347
    },
    "erbbands_spread": {
        "dmean": 8.48374652863,
        "dmean2": 13.0924606323,
        "dvar": 117.260856628,
        "dvar2": 279.258117676,
        "max": 125.970046997,
        "mean": 34.887298584,
        "median": 32.0039787292,
        "min": 8.35290241241,
        "var": 244.483779907
    },
    "hfc": {
        "dmean": 9.81923961639,
        "dmean2": 13.4653110504,
        "dvar": 230.806060791,
        "dvar2": 408.599304199,
        "max": 168.04536438,
        "mean": 28.9769287109,
        "median": 24.2853851318,
        "min": 0.458959043026,
        "var": 591.051574707
    },
    "melbands_crest": {
        "dmean": 3.8366985321,
        "dmean2": 5.89510774612,
        "dvar": 12.1553497314,
        "dvar2": 25.8268032074,
        "max": 34.225227356,
        "mean": 14.8756856918,
        "median": 13.8932008743,
        "min": 3.6488597393,
        "var": 36.7491264343
    },
    "melbands_flatness_db": {
        "dmean": 0.0326007418334,
        "dmean2": 0.0455756820738,
        "dvar": 0.00115914200433,
        "dvar2": 0.00225345697254,
        "max": 0.514847159386,
        "mean": 0.191155910492,
        "median": 0.1811760813,
        "min": 0.0422885902226,
        "var": 0.00573840830475
    },
    "melbands_kurtosis": {
        "dmean": 6.17911815643,
        "dmean2": 9.58250999451,
        "dvar": 125.281494141,
        "dvar2": 281.934387207,
        "max": 134.068588257,
        "mean": 9.59641933441,
        "median": 4.5572347641,
        "min": -0.841555833817,
        "var": 221.468719482
    },
    "melbands_skewness": {
        "dmean": 0.758565783501,
        "dmean2": 1.13486218452,
        "dvar": 0.675636172295,
        "dvar2": 1.47109699249,
        "max": 10.6497411728,
        "mean": 2.24197363853,
        "median": 1.90834879875,
        "min": -0.275912463665,
        "var": 2.14613890648
    },
    "melbands_spread": {
        "dmean": 8.78278636932,
        "dmean2": 13.0784788132,
        "dvar": 197.844619751,
        "dvar2": 410.104034424,
        "max": 196.320022583,
        "mean": 28.218170166,
        "median": 24.936630249,
        "min": 1.48698043823,
        "var": 423.578552246
    },
    "pitch_salience": {
        "dmean": 0.0793869420886,
        "dmean2": 0.123721666634,
        "dvar": 0.0052627385594,
        "dvar2": 0.0113720186055,
        "max": 0.817834675312,
        "mean": 0.50393652916,
        "median": 0.515510737896,
        "min": 0.127096712589,
        "var": 0.0136130889878
    },
    "silence_rate_20dB": {
        "dmean": 0,
        "dmean2": 0,
        "dvar": 0,
        "dvar2": 0,
        "max": 1,
        "mean": 1,
        "median": 1,
        "min": 1,
        "var": 0
    },
    "silence_rate_30dB": {
        "dmean": 0.0170278642327,
        "dmean2": 0.0340821072459,
        "dvar": 0.0167378876358,
        "dvar2": 0.0484135523438,
        "max": 1,
        "mean": 0.990719258785,
        "median": 1,
        "min": 0,
        "var": 0.00919454637915
    },
    "silence_rate_60dB": {
        "dmean": 0.00928792543709,
        "dmean2": 0.018590239808,
        "dvar": 0.00920168682933,
        "dvar2": 0.0213430635631,
        "max": 1,
        "mean": 0.0177880898118,
        "median": 0,
        "min": 0,
        "var": 0.0174716711044
    },
    "spectral_centroid": {
        "dmean": 285.906280518,
        "dmean2": 419.827697754,
        "dvar": 158507.859375,
        "dvar2": 310739.1875,
        "max": 5725.26123047,
        "mean": 1473.23974609,
        "median": 1441.61816406,
        "min": 254.442672729,
        "var": 429566.625
    },
    "spectral_complexity": {
        "dmean": 4.1710524559,
        "dmean2": 5.87296676636,
        "dvar": 22.409526825,
        "dvar2": 36.7801322937,
        "max": 65,
        "mean": 22.8499622345,
        "median": 24,
        "min": 1,
        "var": 138.791229248
    },
    "spectral_decrease": {
        "dmean": 2.85685253232e-09,
        "dmean2": 4.41370184845e-09,
        "dvar": 1.39961788602e-17,
        "dvar2": 2.76114344308e-17,
        "max": -1.19375412333e-10,
        "mean": -8.90108431406e-09,
        "median": -7.35773930671e-09,
        "min": -3.42864119318e-08,
        "var": 4.0470397113e-17
    },
    "spectral_energy": {
        "dmean": 0.011305578053,
        "dmean2": 0.0173748843372,
        "dvar": 0.000209170233575,
        "dvar2": 0.000412460969528,
        "max": 0.131554275751,
        "mean": 0.0362230688334,
        "median": 0.0310588814318,
        "min": 0.00052186648827,
        "var": 0.000616243458353
    },
    "spectral_energyband_high": {
        "dmean": 0.000721089309081,
        "dmean2": 0.000987227074802,
        "dvar": 1.71954707184e-06,
        "dvar2": 3.02827947962e-06,
        "max": 0.0132617354393,
        "mean": 0.00127161550336,
        "median": 0.000616953417193,
        "min": 3.2731702504e-07,
        "var": 3.57533326678e-06
    },
    "spectral_energyband_low": {
        "dmean": 0.00858856923878,
        "dmean2": 0.0131585989147,
        "dvar": 0.000181883209734,
        "dvar2": 0.000368003529729,
        "max": 0.119817107916,
        "mean": 0.0158457942307,
        "median": 0.00689120404422,
        "min": 6.09712003552e-07,
        "var": 0.000426416838309
    },
    "spectral_energyband_middle_high": {
        "dmean": 0.00265290215611,
        "dmean2": 0.00386648275889,
        "dvar": 1.5971259927e-05,
        "dvar2": 3.33441857947e-05,
        "max": 0.0524676702917,
        "mean": 0.00807902868837,
        "median": 0.00652171112597,
        "min": 6.30827998975e-05,
        "var": 5.3997093346e-05
    },
    "spectral_energyband_middle_low": {
        "dmean": 0.00505131669343,
        "dmean2": 0.00817935634404,
        "dvar": 6.90583983669e-05,
        "dvar2": 0.00018342070689,
        "max": 0.0664630606771,
        "mean": 0.0118242157623,
        "median": 0.00994651392102,
        "min": 0.000290481490083,
        "var": 8.17518084659e-05
    },
    "spectral_entropy": {
        "dmean": 0.194120272994,
        "dmean2": 0.267571091652,
        "dvar": 0.0546454787254,
        "dvar2": 0.101016424596,
        "max": 8.6645860672,
        "mean": 7.57652664185,
        "median": 7.65799856186,
        "min": 5.83692932129,
        "var": 0.239813163877
    },
    "spectral_flux": {
        "dmean": 0.0348270460963,
        "dmean2": 0.0553519129753,
        "dvar": 0.00130113156047,
        "dvar2": 0.00276204850525,
        "max": 0.351885974407,
        "mean": 0.105281300843,
        "median": 0.0952164083719,
        "min": 0.0115180136636,
        "var": 0.00292223622091
    },
    "spectral_kurtosis": {
        "dmean": 1.72192192078,
        "dmean2": 2.77323174477,
        "dvar": 4.90346097946,
        "dvar2": 11.3157196045,
        "max": 23.8534793854,
        "mean": 4.45364999771,
        "median": 3.83599424362,
        "min": -1.22373652458,
        "var": 9.81418514252
    },
    "spectral_rms": {
        "dmean": 0.000906271860003,
        "dmean2": 0.00136930425651,
        "dvar": 1.03576928723e-06,
        "dvar2": 1.93356913769e-06,
        "max": 0.0113289728761,
        "mean": 0.00560010410845,
        "median": 0.0055046658963,
        "min": 0.000713539076969,
        "var": 3.97835492549e-06
    },
    "spectral_rolloff": {
        "dmean": 608.213623047,
        "dmean2": 973.664916992,
        "dvar": 1368741.125,
        "dvar2": 2887704.5,
        "max": 10572.8027344,
        "mean": 1601.234375,
        "median": 1313.52539062,
        "min": 64.599609375,
        "var": 2394289.75
    },
    "spectral_skewness": {
        "dmean": 0.247838184237,
        "dmean2": 0.379040628672,
        "dvar": 0.0895750820637,
        "dvar2": 0.179387077689,
        "max": 3.96340203285,
        "mean": 1.55999815464,
        "median": 1.50331807137,
        "min": -0.412074327469,
        "var": 0.232298761606
    },
    "spectral_spread": {
        "dmean": 711076.6875,
        "dmean2": 999924.3125,
        "dvar": 858734264320,
        "dvar2": 1.47610193101e+12,
        "max": 13810269,
        "mean": 4573271.5,
        "median": 4132075,
        "min": 1736911.5,
        "var": 2.67742268621e+12
    },
    "spectral_strongpeak": {
        "dmean": 0.653318941593,
        "dmean2": 1.16689014435,
        "dvar": 1.02296304703,
        "dvar2": 2.61923766136,
        "max": 7.61006307602,
        "mean": 0.919583678246,
        "median": 0.50363779068,
        "min": 0,
        "var": 1.1633079052
    },
    "zerocrossingrate": {
        "dmean": 0.014528634958,
        "dmean2": 0.0158976968378,
        "dvar": 0.000353841256583,
        "dvar2": 0.000404260063078,
        "max": 0.3046875,
        "mean": 0.0632005110383,
        "median": 0.05712890625,
        "min": 0.00439453125,
        "var": 0.00156529701781
    },
    "barkbands": {
        "dmean": [0.000528981152456, 0.00755501072854, 0.00262846262194, 0.0019448165549, 0.00206402270123, 0.000689479638822, 0.00110691296868, 0.000731958542019, 0.00122430804186, 0.000665614556056, 0.000455814792076, 0.000673968985211, 0.000565225724131, 0.000522008107509, 0.000399163574912, 0.000531819125172, 0.000396509189159, 0.000250965851592, 0.000149473460624, 0.000215229010792, 0.000146134741954, 0.000127554303617, 0.000112029527372, 0.000167644859175, 0.000145694837556, 5.10496356583e-05, 6.56283063449e-08],
        "dmean2": [0.000788176257629, 0.0116414995864, 0.00475563900545, 0.00363554200158, 0.00325134280138, 0.00106102135032, 0.0016927192919, 0.00115774874575, 0.00180037971586, 0.000997753115371, 0.000745984201785, 0.00107734487392, 0.000875844794791, 0.000782075163443, 0.00064340053359, 0.00084000028437, 0.000637471326627, 0.000404150370741, 0.000232323509408, 0.000345924083376, 0.000211912571103, 0.000185681143194, 0.000159292962053, 0.000242480033194, 0.000207915334613, 7.30471147108e-05, 1.08389158981e-07],
        "dvar": [8.42326301154e-07, 0.000162638563779, 4.07691368309e-05, 3.44205618603e-05, 1.1921632904e-05, 1.52276379595e-06, 2.70892837761e-06, 2.10450616578e-06, 3.18718184644e-06, 1.34032370624e-06, 6.90710976414e-07, 1.99237160814e-06, 9.83087602435e-07, 6.46566775231e-07, 5.5643494079e-07, 1.02559999959e-06, 5.30582383362e-07, 1.5087213967e-07, 6.90193431296e-08, 1.83885418892e-07, 7.24466673319e-08, 7.00800910636e-08, 4.79610804405e-08, 1.94217435023e-07, 9.37539823553e-08, 1.24270229662e-08, 7.17329367021e-14],
        "dvar2": [1.65722019574e-06, 0.000358612916898, 0.000119217103929, 9.85121296253e-05, 2.85871847154e-05, 3.05195271721e-06, 6.17900559519e-06, 4.96564553032e-06, 6.7799592216e-06, 2.79284404314e-06, 1.72959369138e-06, 4.71869498142e-06, 2.10057419281e-06, 1.35806715207e-06, 1.33936714519e-06, 2.40875806412e-06, 1.25512349314e-06, 3.51057622083e-07, 1.32140087317e-07, 4.44555041668e-07, 1.52100923856e-07, 1.41557393363e-07, 9.44185103435e-08, 3.81957818263e-07, 1.79438188752e-07, 2.493830209e-08, 1.8379647305e-13],
        "max": [0.00708767212927, 0.106794849038, 0.0542039275169, 0.039872162044, 0.0437770597637, 0.0162832327187, 0.0161984656006, 0.0211330465972, 0.0228327866644, 0.0167603380978, 0.0155370356515, 0.0289392005652, 0.0180904604495, 0.00856685917825, 0.0114623168483, 0.0117842331529, 0.00781022012234, 0.0044396375306, 0.00312266289257, 0.00538342399523, 0.00261967792176, 0.00346315023489, 0.00302957301028, 0.00811479892582, 0.00605116924271, 0.00140656239819, 4.7209218792e-06],
        "mean": [0.000589978415519, 0.0117841791362, 0.00273771374486, 0.00138943165075, 0.00340021401644, 0.00131201709155, 0.00188821484335, 0.00124190014321, 0.0024633272551, 0.00117332546506, 0.000679701333866, 0.00105332769454, 0.00105974322651, 0.000936265627388, 0.000685466337018, 0.000870174146257, 0.000642454484478, 0.000489346683025, 0.000304851680994, 0.000395293580368, 0.000249833596172, 0.000208960977034, 0.000179063732503, 0.000236858832068, 0.000185181386769, 6.618873158e-05, 5.12440472278e-08],
        "median": [0.000201660819585, 0.00443736463785, 0.00100748415571, 0.000241154368268, 0.00174249848351, 0.000552562007215, 0.000939737597946, 0.000389167747926, 0.00135607086122, 0.000417815783294, 0.000248778233072, 0.00035583312274, 0.000474086031318, 0.000412275403505, 0.000351945433067, 0.000431335705798, 0.000281671236735, 0.000307588576106, 0.00019246643933, 0.000216863991227, 0.000114378250146, 9.03140171431e-05, 7.23554185242e-05, 6.62514939904e-05, 3.40292899637e-05, 1.00294764707e-05, 9.93952808948e-10],
        "min": [6.45053699344e-09, 3.54895632881e-08, 3.47410669121e-08, 1.38566107921e-07, 8.44798194066e-07, 9.66256720858e-07, 1.50710911839e-05, 3.78274734203e-07, 2.60096157945e-06, 2.35552738559e-06, 5.62624677514e-07, 1.53995495111e-06, 7.76045965267e-07, 1.56602845891e-06, 3.61524416803e-06, 1.97502572519e-06, 1.01779539818e-06, 3.3130422139e-07, 1.18951525963e-07, 8.09082862929e-08, 3.3154886836e-08, 2.71487632375e-08, 3.74911834911e-08, 4.85101772085e-08, 2.1612759582e-08, 6.34961571169e-12, 6.78277833205e-12],
        "var": [1.22234007449e-06, 0.000314274104312, 2.85426722257e-05, 2.03819290618e-05, 1.82533913176e-05, 4.56764473711e-06, 6.07704987488e-06, 4.98840699947e-06, 9.16552653507e-06, 3.82793905374e-06, 1.34822471409e-06, 3.88982789445e-06, 2.62657454186e-06, 1.80402400929e-06, 9.92210516415e-07, 1.68941369338e-06, 9.06416346425e-07, 3.32152865212e-07, 1.50382405195e-07, 3.06500567149e-07, 1.36216883106e-07, 1.18440837582e-07, 8.69682637017e-08, 2.97685289752e-07, 1.93381083591e-07, 2.33745591771e-08, 5.62297638193e-14]
    },
    "erbbands": {
        "dmean": [0.266672343016, 1.73107230663, 2.98626756668, 5.11454486847, 6.00851392746, 8.69814777374, 5.3570098877, 6.31516122818, 13.2447242737, 17.0673427582, 15.2598152161, 24.9553756714, 19.8153915405, 21.5831432343, 24.5555992126, 19.0517177582, 23.6904754639, 23.3289585114, 23.7027435303, 21.2240371704, 32.4976158142, 21.6996746063, 15.9357614517, 7.10457611084, 8.54770374298, 11.1081981659, 6.68180894852, 5.15273952484, 4.59837150574, 3.90084648132, 3.1074385643, 3.31664538383, 2.96405601501, 1.8399232626, 0.89965057373, 0.318321824074, 0.0847790837288, 0.00630951300263, 0.000135625698022, 2.03572271857e-05],
        "dmean2": [0.422985076904, 2.57467484474, 5.10293865204, 9.47992515564, 10.4680500031, 13.7968540192, 8.32124710083, 9.46166706085, 20.822851181, 25.3167438507, 23.5147666931, 37.1650009155, 28.65858078, 33.3228797913, 38.8222846985, 30.2433338165, 37.0046463013, 35.2124252319, 38.023765564, 33.183380127, 51.3120994568, 35.4161567688, 25.2822036743, 10.9739980698, 13.294178009, 17.699596405, 9.9110584259, 7.66242265701, 6.78582191467, 5.68607282639, 4.44630384445, 4.79168176651, 4.37114858627, 2.68513846397, 1.28961205482, 0.447120636702, 0.124500751495, 0.00969531293958, 0.000200110080186, 2.96776015603e-05],
        "dvar": [0.198077842593, 9.6657371521, 41.883140564, 223.385787964, 156.871154785, 273.295898438, 89.8081588745, 132.116104126, 434.19039917, 837.337463379, 653.494140625, 1431.18591309, 995.733764648, 1517.4934082, 1724.36352539, 1285.84631348, 1866.94140625, 1540.85546875, 1903.16162109, 1775.06835938, 4236.32373047, 1610.43566895, 657.163330078, 149.410720825, 195.273864746, 530.643554688, 155.895599365, 99.6108169556, 91.9448242188, 67.6846618652, 40.7628059387, 60.223285675, 67.5128250122, 17.0522518158, 3.74394750595, 0.463244467974, 0.0371490120888, 0.000204284864594, 8.51992254525e-08, 7.22237492035e-10],
        "dvar2": [0.44657433033, 19.7092437744, 114.517837524, 634.296569824, 439.464996338, 677.17401123, 187.994842529, 262.427856445, 1058.04736328, 1707.9107666, 1432.69287109, 3300.1340332, 1970.89855957, 3284.11181641, 4270.52734375, 2994.34008789, 3920.58398438, 3468.10961914, 4488.31689453, 4142.56738281, 10519.5546875, 3908.43725586, 1524.32824707, 274.752166748, 431.631866455, 1228.56225586, 334.679870605, 209.006225586, 184.79649353, 137.743255615, 80.2360534668, 118.620376587, 135.973403931, 32.029914856, 7.62462854385, 0.901760518551, 0.0762649029493, 0.000448068894912, 1.7874067737e-07, 1.35079680774e-09],
        "max": [3.08992409706, 27.8642520905, 55.6322631836, 100.038780212, 109.367012024, 249.351394653, 100.412605286, 171.570724487, 226.182312012, 363.05065918, 370.176391602, 467.519775391, 494.214996338, 708.168518066, 663.493164062, 586.623291016, 852.44708252, 550.965087891, 699.697692871, 653.360107422, 826.047912598, 378.18661499, 280.96105957, 175.045669556, 150.981811523, 339.171478271, 148.464355469, 91.8620986938, 110.950218201, 107.005889893, 98.9902420044, 116.971405029, 158.952911377, 84.8896408081, 29.7203369141, 9.22654342651, 2.39232778549, 0.159231334925, 0.00321594323032, 0.000241924382863],
        "mean": [0.338365882635, 2.543156147, 3.99114179611, 4.03464365005, 6.95435905457, 13.2232131958, 9.63171482086, 12.55493927, 22.1249256134, 31.6482601166, 29.3551940918, 48.790599823, 42.5453643799, 39.2913894653, 42.6474723816, 33.4735221863, 47.0335769653, 44.9716529846, 42.7327194214, 38.3057670593, 52.4325447083, 37.5538825989, 30.9863052368, 15.696269989, 17.7470836639, 20.5688362122, 12.1530075073, 8.31234550476, 7.4093580246, 6.36351156235, 5.00177288055, 4.68112468719, 4.00130224228, 2.31664061546, 1.1463470459, 0.411335408688, 0.107496209443, 0.00775316357613, 0.000187278841622, 5.48780953977e-05],
        "median": [0.0905441492796, 1.00238859653, 2.05130457878, 0.923690140247, 3.30962395668, 5.78112363815, 3.66928076744, 5.56768751144, 11.9673748016, 14.2166185379, 13.4299163818, 27.7210655212, 18.4784431458, 15.2993879318, 19.0751304626, 15.3150606155, 22.8302593231, 18.7794265747, 21.2547912598, 20.5845832825, 25.6275463104, 18.4434566498, 18.9014377594, 11.5935506821, 11.0057239532, 10.9893846512, 6.34789466858, 3.37136745453, 3.09896922112, 2.72752690315, 2.05477237701, 1.4362000227, 1.10062599182, 0.452803075314, 0.201573222876, 0.0690022259951, 0.0131772551686, 0.000757848669309, 4.43557437393e-05, 4.44766519649e-05],
        "min": [3.47208742824e-06, 3.12371666951e-05, 0.000484149262775, 0.00136557372753, 0.0025852904655, 0.00523936189711, 0.00892366096377, 0.0722926333547, 0.202712401748, 0.362932682037, 0.125740945339, 0.0693871900439, 0.147088348866, 0.122234269977, 0.0652534142137, 0.0715308710933, 0.0780690908432, 0.0760826468468, 0.148130744696, 0.145063042641, 0.1183366552, 0.0769946798682, 0.0229448173195, 0.0123354112729, 0.0069871195592, 0.00400664331391, 0.00213466142304, 0.00104957830627, 0.000891186005902, 0.00110446370672, 0.00101112411357, 0.00107376859523, 0.00042889843462, 0.000153011103976, 0.000116969626106, 1.76448411366e-05, 1.46089007558e-06, 2.44086947987e-07, 3.98066873686e-07, 7.56462668505e-07],
        "var": [0.329240888357, 16.8822498322, 40.9034118652, 135.40675354, 122.830200195, 395.81338501, 234.602264404, 410.150665283, 769.774536133, 2488.31567383, 1792.84741211, 3470.21533203, 3765.83251953, 4069.80249023, 3707.72509766, 2640.51074219, 4775.35791016, 4543.39550781, 3709.29199219, 3101.17236328, 6295.50292969, 2758.2512207, 1377.46191406, 340.713562012, 438.378997803, 954.1796875, 293.448028564, 168.307998657, 154.22718811, 109.645774841, 75.0157852173, 97.3406066895, 99.2712173462, 34.1958236694, 7.08770942688, 0.877618074417, 0.0665559470654, 0.000377094431315, 1.56978131827e-07, 1.78099002213e-09]
    },
    "gfcc": {
        "mean": [23.5379085541, 92.5942611694, -123.918418884, 34.0422019958, -57.5908546448, 23.0725250244, -36.9005775452, 17.7347126007, -17.7797584534, 7.7088265419, -13.3793230057, -0.800080060959, -7.19053697586],
        "cov": [[4321.89111328, -1400.19421387, -183.482116699, 191.721984863, -17.6631774902, 373.598937988, -120.364524841, 308.290374756, -399.736297607, 83.2470474243, -242.240615845, 203.49772644, -134.127929688], [-1400.19421387, 1380.67358398, -62.6048469543, -37.8249855042, 250.947036743, -240.439529419, 201.1171875, -89.4869155884, 181.197265625, -156.803833008, 161.799285889, -97.8655166626, 73.1130905151], [-183.482116699, -62.6048469543, 705.375671387, 104.736381531, 29.7383995056, 77.0751342773, -27.7974834442, 25.5501308441, 25.8277053833, 88.85597229, -48.4213905334, 1.03307807446, -7.05058479309], [191.721984863, -37.8249855042, 104.736381531, 276.975097656, 57.429069519, 16.3515377045, -7.68002176285, 18.5569114685, 42.2355690002, 22.0852928162, 18.5994491577, 8.54759120941, 39.5964660645], [-17.6631774902, 250.947036743, 29.7383995056, 57.429069519, 272.91986084, 23.6359367371, 68.8713912964, 69.9278640747, 24.6986732483, 8.49141120911, 7.68625974655, 31.2669792175, 14.9190120697], [373.598937988, -240.439529419, 77.0751342773, 16.3515377045, 23.6359367371, 226.402740479, 49.6319465637, 101.913131714, -9.2963886261, 51.2072906494, 2.4094440937, 9.48219394684, -12.6661491394], [-120.364524841, 201.1171875, -27.7974834442, -7.68002176285, 68.8713912964, 49.6319465637, 206.944320679, 69.0296478271, 52.2685203552, 1.64951682091, 49.3609085083, -1.23579359055, -3.58077430725], [308.290374756, -89.4869155884, 25.5501308441, 18.5569114685, 69.9278640747, 101.913131714, 69.0296478271, 176.181259155, 24.8435688019, 45.5147972107, -3.89142918587, 22.2497310638, 2.81541466713], [-399.736297607, 181.197265625, 25.8277053833, 42.2355690002, 24.6986732483, -9.2963886261, 52.2685203552, 24.8435688019, 194.438659668, 47.4404411316, 73.0447845459, -15.039393425, 30.450881958], [83.2470474243, -156.803833008, 88.85597229, 22.0852928162, 8.49141120911, 51.2072906494, 1.64951682091, 45.5147972107, 47.4404411316, 129.089950562, 25.3149967194, 21.6069965363, -7.59574985504], [-242.240615845, 161.799285889, -48.4213905334, 18.5994491577, 7.68625974655, 2.4094440937, 49.3609085083, -3.89142918587, 73.0447845459, 25.3149967194, 133.038894653, 1.78130877018, 29.3445262909], [203.49772644, -97.8655166626, 1.03307807446, 8.54759120941, 31.2669792175, 9.48219394684, -1.23579359055, 22.2497310638, -15.039393425, 21.6069965363, 1.78130877018, 104.492553711, 26.5731143951], [-134.127929688, 73.1130905151, -7.05058479309, 39.5964660645, 14.9190120697, -12.6661491394, -3.58077430725, 2.81541466713, 30.450881958, -7.59574985504, 29.3445262909, 26.5731143951, 104.150238037]],
        "icov": [[0.000615342054516, 1.04192968138e-05, 0.000423679070082, -0.000797691289335, 0.000322387204506, -0.000615421799012, 0.000350333051756, -0.000904532265849, 0.000968220469076, -0.000250454118941, 0.000555963546503, -0.00100081134588, 0.000829923374113], [1.04192968138e-05, 0.00451616197824, -0.00119351700414, 0.00194076390471, -0.00458459649235, 0.00415826914832, -0.00279463781044, 0.00115692755207, -0.00208007008769, 0.00512194028124, -0.00442592101172, 0.00393058266491, -0.00171462900471], [0.000423679070082, -0.00119351700414, 0.00241519231349, -0.00164316175506, 0.00128000357654, -0.00209290743805, 0.00101349630859, -0.000388778717024, 0.000927735760342, -0.00281164026819, 0.00275362050161, -0.00149368017446, 0.000908113142941], [-0.000797691289335, 0.00194076390471, -0.00164316175506, 0.00622509978712, -0.0032731234096, 0.00236738170497, -0.000986910192296, 0.0015818704851, -0.00271249026991, 0.00253686285578, -0.00305919465609, 0.00323857646435, -0.00317384419031], [0.000322387204506, -0.00458459649235, 0.00128000357654, -0.0032731234096, 0.00947659276426, -0.00404929183424, 0.0017836188199, -0.00315948808566, 0.00251956190914, -0.00483559817076, 0.00497915549204, -0.00573072489351, 0.00223134481348], [-0.000615421799012, 0.00415826914832, -0.00209290743805, 0.00236738170497, -0.00404929183424, 0.0113097149879, -0.00384574476629, -0.00164684432093, -0.00110933010001, 0.00339312385768, -0.00550944637507, 0.00517254881561, -0.00208125100471], [0.000350333051756, -0.00279463781044, 0.00101349630859, -0.000986910192296, 0.0017836188199, -0.00384574476629, 0.00924305431545, -0.00360824447125, 0.000409995729569, -0.00112041737884, 0.000336927507306, -0.00301986117847, 0.00302292476408], [-0.000904532265849, 0.00115692755207, -0.000388778717024, 0.0015818704851, -0.00315948808566, -0.00164684432093, -0.00360824447125, 0.0118374954909, -0.00305341673084, -0.000750558101572, 0.000854392244946, 0.00161649216898, -0.00261167413555], [0.000968220469076, -0.00208007008769, 0.000927735760342, -0.00271249026991, 0.00251956190914, -0.00110933010001, 0.000409995729569, -0.00305341673084, 0.0108548924327, -0.00577033357695, -0.000228886623518, -0.000884689856321, 9.76547962637e-05], [-0.000250454118941, 0.00512194028124, -0.00281164026819, 0.00253686285578, -0.00483559817076, 0.00339312385768, -0.00112041737884, -0.000750558101572, -0.00577033357695, 0.0183364730328, -0.00798427779227, 0.00168656383175, 0.000857815088239], [0.000555963546503, -0.00442592101172, 0.00275362050161, -0.00305919465609, 0.00497915549204, -0.00550944637507, 0.000336927507306, 0.000854392244946, -0.000228886623518, -0.00798427779227, 0.0168194491416, -0.00477585708722, -0.000258105545072], [-0.00100081134588, 0.00393058266491, -0.00149368017446, 0.00323857646435, -0.00573072489351, 0.00517254881561, -0.00301986117847, 0.00161649216898, -0.000884689856321, 0.00168656383175, -0.00477585708722, 0.0171304158866, -0.006721499376], [0.000829923374113, -0.00171462900471, 0.000908113142941, -0.00317384419031, 0.00223134481348, -0.00208125100471, 0.00302292476408, -0.00261167413555, 9.76547962637e-05, 0.000857815088239, -0.000258105545072, -0.006721499376, 0.0145655656233]]
    },
    "melbands": {
        "dmean": [0.00218986300752, 0.00164841755759, 0.000888063048478, 0.00051587074995, 0.000218076282181, 0.000140872623888, 0.000208087731153, 0.000180656468729, 0.000136851231218, 0.000162707510754, 0.000102386213257, 9.46902291616e-05, 7.5301140896e-05, 8.8895947556e-05, 4.66224119009e-05, 5.32935227966e-05, 4.41942393081e-05, 4.4422402425e-05, 2.6951332984e-05, 2.96525577141e-05, 4.11827932112e-05, 2.37420827034e-05, 1.9483952201e-05, 1.21973589557e-05, 5.58109559279e-06, 6.46668377158e-06, 7.92156424723e-06, 7.20339176041e-06, 4.61253966932e-06, 3.75210834136e-06, 3.02615103465e-06, 2.79371965917e-06, 2.53811504081e-06, 2.190062105e-06, 1.82288840733e-06, 1.83571569323e-06, 2.21807863454e-06, 2.24635869017e-06, 1.82791973202e-06, 1.51984056629e-06],
        "dmean2": [0.00347272935323, 0.00251885526814, 0.00163991260342, 0.000836598861497, 0.000331719231326, 0.000212440325413, 0.000322659063386, 0.000273279874818, 0.000209361503948, 0.000241589310463, 0.000148019433254, 0.00014532005298, 0.000120078890177, 0.000139829848194, 7.278323028e-05, 8.36058679852e-05, 6.65801780997e-05, 7.12769469828e-05, 4.16110815422e-05, 4.69820370199e-05, 6.533387932e-05, 3.88225962524e-05, 3.10923096549e-05, 1.9668141249e-05, 8.74553461472e-06, 1.00957040559e-05, 1.2980939573e-05, 1.15347684186e-05, 7.02380702933e-06, 5.55227143195e-06, 4.59295961264e-06, 4.2018386921e-06, 3.82218877348e-06, 3.22750929627e-06, 2.65834296442e-06, 2.68130793302e-06, 3.27675388689e-06, 3.38672816724e-06, 2.77419280792e-06, 2.22595122068e-06],
        "dvar": [1.2406479982e-05, 9.85495717032e-06, 6.12752728557e-06, 7.72152986883e-07, 1.48911183828e-07, 6.11152231045e-08, 1.00927096014e-07, 9.32501080797e-08, 4.73651446953e-08, 5.80487053981e-08, 2.68649973378e-08, 2.97974658281e-08, 1.6622335508e-08, 3.55426053034e-08, 7.89141907376e-09, 9.00868357689e-09, 5.42736078302e-09, 6.47668763065e-09, 2.37212427479e-09, 3.44710704425e-09, 7.67976260363e-09, 2.01426697544e-09, 1.12979281486e-09, 3.50756812484e-10, 9.55418105741e-11, 1.17099663299e-10, 1.89382426408e-10, 2.24766358303e-10, 7.87698448135e-11, 6.11405856499e-11, 3.55977192168e-11, 3.24330180768e-11, 3.53778187301e-11, 1.95507204176e-11, 1.41001941026e-11, 1.63767038125e-11, 2.78250165964e-11, 4.32870232714e-11, 2.18005943159e-11, 1.10676537379e-11],
        "dvar2": [2.93518223771e-05, 2.07080302062e-05, 1.73588032339e-05, 1.91367735169e-06, 3.13379757699e-07, 1.22443495343e-07, 2.43853833126e-07, 2.01950200562e-07, 1.04119067146e-07, 1.30568807322e-07, 5.27404182549e-08, 6.42482191893e-08, 4.23439452391e-08, 8.2716908878e-08, 1.80293628915e-08, 1.97188025908e-08, 1.16621539092e-08, 1.52632253503e-08, 5.16013498597e-09, 7.89113041577e-09, 1.98434673138e-08, 4.93262986012e-09, 2.6270661202e-09, 8.04347422001e-10, 1.79025516633e-10, 2.40303721366e-10, 4.67221372702e-10, 5.28824595225e-10, 1.75236949951e-10, 1.50569196e-10, 7.55280421538e-11, 6.68432809103e-11, 8.05773572865e-11, 4.02264367649e-11, 2.90718126655e-11, 3.09330026871e-11, 5.74762425154e-11, 9.39972405467e-11, 4.06527554675e-11, 2.19134970586e-11],
        "max": [0.0256575383246, 0.0266987942159, 0.0161336082965, 0.0104728676379, 0.00406805705279, 0.00340150529519, 0.00338119734079, 0.00415281485766, 0.00270196655765, 0.00272496114485, 0.00258563738316, 0.00301260733977, 0.00215200986713, 0.00385230197571, 0.0018346151337, 0.00120597204659, 0.000971582427155, 0.00103995902464, 0.000593682052568, 0.000734724104404, 0.00109115615487, 0.000434123852756, 0.000538048800081, 0.000185527052963, 0.000150761828991, 0.000124191021314, 0.000152497144882, 0.000213894469198, 9.38260054681e-05, 9.70862965914e-05, 6.31055881968e-05, 5.83916735195e-05, 0.000103417507489, 5.59237778361e-05, 5.71664022573e-05, 5.82165775995e-05, 7.13419867679e-05, 0.000132900997414, 9.47000517044e-05, 6.11587311141e-05],
        "mean": [0.0031497310847, 0.00265908101574, 0.00074758491246, 0.000784427567851, 0.000395298178773, 0.00027105587651, 0.000353523646481, 0.000341669860063, 0.000253484642599, 0.000320307502989, 0.000214144165511, 0.000165304416441, 0.000125682679936, 0.000137994808028, 7.92521896074e-05, 0.00010358345753, 8.00360066933e-05, 7.4109659181e-05, 4.7529796575e-05, 5.01924514538e-05, 6.14002055954e-05, 3.73858892999e-05, 3.41436898452e-05, 2.24504165089e-05, 1.11751842269e-05, 1.25600745378e-05, 1.44910518429e-05, 1.26779032144e-05, 7.89709156379e-06, 5.60614989809e-06, 4.5928372856e-06, 4.28819339504e-06, 3.83100177714e-06, 3.40155042977e-06, 2.87432271762e-06, 2.69553470389e-06, 2.93212247016e-06, 2.97574706565e-06, 2.31812305174e-06, 1.83856582225e-06],
        "median": [0.00102979748044, 0.00141670496669, 0.000230929930694, 0.000402418663725, 0.000159537361469, 0.000118637071864, 0.000201399452635, 0.000149765459355, 0.000117869603855, 0.000179729773663, 8.60449508764e-05, 5.6921999203e-05, 5.70519659959e-05, 4.13542256865e-05, 3.92863003071e-05, 4.5544707973e-05, 3.08693743136e-05, 3.2274183468e-05, 2.4437724278e-05, 2.50507746387e-05, 2.75329075521e-05, 1.48234230437e-05, 1.85940516531e-05, 1.34327437991e-05, 7.77407058195e-06, 7.79818765295e-06, 7.65792901802e-06, 6.60372325001e-06, 3.75748800252e-06, 2.24629548029e-06, 1.74574972789e-06, 1.62740423093e-06, 1.67721452726e-06, 1.30426951728e-06, 1.15933607958e-06, 9.2595081469e-07, 7.3411484891e-07, 8.40619577502e-07, 4.68045470825e-07, 2.98702673263e-07],
        "min": [2.88019954553e-08, 3.05803986578e-08, 4.02024852519e-07, 2.0798771061e-07, 9.77684493364e-08, 1.33016499149e-07, 3.36977791449e-06, 1.51232734424e-06, 3.94082320554e-07, 3.75145646103e-07, 2.07036066513e-07, 4.59610504322e-07, 2.11221959034e-07, 1.53405892434e-07, 1.25182225474e-07, 1.31789008151e-07, 1.259278406e-07, 1.43496677651e-07, 1.84259732805e-07, 1.34870347779e-07, 3.70026427277e-08, 4.9748280162e-08, 2.95479249957e-08, 1.53660959512e-08, 4.5973007623e-09, 5.6751838784e-09, 1.17400378308e-09, 2.54777154929e-09, 1.39664058096e-09, 8.21208046009e-10, 5.68357749753e-10, 5.38974642694e-10, 4.21100626591e-10, 7.15098036341e-10, 5.2194493172e-10, 6.13359973922e-10, 6.73944677843e-10, 2.37598635211e-10, 4.37739393344e-11, 2.79211820765e-13],
