{
"highlevel": {
    "danceability": {
        "all": {
            "danceable": 0.961871504784,
            "not_danceable": 0.0381284877658
        },
        "probability": 0.961871504784,
        "value": "danceable"
    },
    "gender": {
        "all": {
            "female": 0.0548405684531,
            "male": 0.945159435272
        },
        "probability": 0.945159435272,
        "value": "male"
    },
    "genre_dortmund": {
        "all": {
            "alternative": 0.036828584969,
            "blues": 0.214262574911,
            "electronic": 0.00590216508135,
            "folkcountry": 0.231923803687,
            "funksoulrnb": 0.0656976699829,
            "jazz": 0.065668694675,
            "pop": 0.0916577428579,
            "raphiphop": 0.0211731214076,
            "rock": 0.266885638237
        },
        "probability": 0.266885638237,
        "value": "rock"
    },
    "genre_electronic": {
        "all": {
            "ambient": 0.60987919569,
            "dnb": 0.0930970907211,
            "house": 0.0685985013843,
            "techno": 0.0112526612356,
            "trance": 0.217172577977
        },
        "probability": 0.60987919569,
        "value": "ambient"
    },
    "genre_rosamerica": {
        "all": {
            "cla": 0.0183284636587,
            "dan": 0.029613552615,
            "hip": 0.0222006868571,
            "jaz": 0.0202603619546,
            "pop": 0.531976401806,
            "rhy": 0.0879799202085,
            "roc": 0.273815244436,
            "spe": 0.0158253982663
        },
        "probability": 0.531976401806,
        "value": "pop"
    },
    "genre_tzanetakis": {
        "all": {
            "blu": 0.0610442385077,
            "cla": 0.0339068844914,
            "cou": 0.0610288381577,
            "dis": 0.0508533753455,
            "hip": 0.152552962303,
            "jaz": 0.15253444016,
            "met": 0.0610075257719,
            "pop": 0.0610079243779,
            "reg": 0.0610093250871,
            "roc": 0.305054485798
        },
        "probability": 0.305054485798,
        "value": "roc"
    },
    "ismir04_rhythm": {
        "all": {
            "ChaChaCha": 0.226737350225,
            "Jive": 0.123112775385,
            "Quickstep": 0.320101320744,
            "Rumba-American": 0.0186918154359,
            "Rumba-International": 0.0231034923345,
            "Rumba-Misc": 0.0172004271299,
            "Samba": 0.142500072718,
            "Tango": 0.0258145853877,
            "VienneseWaltz": 0.0919941887259,
            "Waltz": 0.0107439840212
        },
        "probability": 0.320101320744,
        "value": "Quickstep"
    },
    "mood_acoustic": {
        "all": {
            "acoustic": 0.356057435274,
            "not_acoustic": 0.643942594528
        },
        "probability": 0.643942594528,
        "value": "not_acoustic"
    },
    "mood_aggressive": {
        "all": {
            "aggressive": 0.0236137453467,
            "not_aggressive": 0.976386249065
        },
        "probability": 0.976386249065,
        "value": "not_aggressive"
    },
    "mood_electronic": {
        "all": {
            "electronic": 0.0763711705804,
            "not_electronic": 0.923628807068
        },
        "probability": 0.923628807068,
        "value": "not_electronic"
    },
    "mood_happy": {
        "all": {
            "happy": 0.972140967846,
            "not_happy": 0.0278590302914
        },
        "probability": 0.972140967846,
        "value": "happy"
    },
    "mood_party": {
        "all": {
            "not_party": 0.719023704529,
            "party": 0.280976295471
        },
        "probability": 0.719023704529,
        "value": "not_party"
    },
    "mood_relaxed": {
        "all": {
            "not_relaxed": 0.967201471329,
            "relaxed": 0.0327985435724
        },
        "probability": 0.967201471329,
        "value": "not_relaxed"
    },
    "mood_sad": {
        "all": {
            "not_sad": 0.762929797173,
            "sad": 0.237070173025
        },
        "probability": 0.762929797173,
        "value": "not_sad"
    },
    "moods_mirex": {
        "all": {
            "Cluster1": 0.108046784997,
            "Cluster2": 0.335236251354,
            "Cluster3": 0.117578558624,
            "Cluster4": 0.401331156492,
            "Cluster5": 0.0378072373569
        },
        "probability": 0.401331156492,
        "value": "Cluster4"
    },
    "timbre": {
        "all": {
            "bright": 0.988110303879,
            "dark": 0.0118896737695
        },
        "probability": 0.988110303879,
        "value": "bright"
    },
    "tonal_atonal": {
        "all": {
            "atonal": 0.0315664820373,
            "tonal": 0.968433499336
        },
        "probability": 0.968433499336,
        "value": "tonal"
    },
    "voice_instrumental": {
        "all": {
            "instrumental": 0.000151138665387,
            "voice": 0.999848842621
        },
        "probability": 0.999848842621,
        "value": "voice"
    }
},
"lowlevel": {
    "average_loudness": 0.981721460819,
    "barkbands_crest": {
        "dmean": 2.80918550491,
        "dmean2": 4.62550210953,
        "dvar": 6.12021303177,
        "dvar2": 15.5518989563,
        "max": 23.9179515839,
        "mean": 9.48885822296,
        "median": 8.68140602112,
        "min": 2.21220302582,
        "var": 15.6338243484
    },
    "barkbands_flatness_db": {
        "dmean": 0.0292385499924,
        "dmean2": 0.0444656014442,
        "dvar": 0.000857622653712,
        "dvar2": 0.00187091727275,
        "max": 0.385585159063,
        "mean": 0.143774479628,
        "median": 0.136307671666,
        "min": 0.0371349491179,
        "var": 0.00280614988878
    },
    "barkbands_kurtosis": {
        "dmean": 2.4019510746,
        "dmean2": 3.82530546188,
        "dvar": 20.7164802551,
        "dvar2": 49.6515617371,
        "max": 56.7570724487,
        "mean": 2.50337314606,
        "median": 0.684495687485,
        "min": -1.93271744251,
        "var": 35.5257377625
    },
    "barkbands_skewness": {
        "dmean": 0.559338331223,
        "dmean2": 0.834058105946,
        "dvar": 0.352579534054,
        "dvar2": 0.84207701683,
        "max": 6.7402176857,
        "mean": 1.05654275417,
        "median": 0.872237026691,
        "min": -1.37057411671,
        "var": 1.13196229935
    },
    "barkbands_spread": {
        "dmean": 8.9780330658,
        "dmean2": 13.9495391846,
        "dvar": 130.479812622,
        "dvar2": 307.495544434,
        "max": 121.937202454,
        "mean": 26.8853797913,
        "median": 22.4994354248,
        "min": 1.10813105106,
        "var": 313.926574707
    },
    "dissonance": {
        "dmean": 0.0245012734085,
        "dmean2": 0.0406309626997,
        "dvar": 0.000480899441754,
        "dvar2": 0.00129651394673,
        "max": 0.499853163958,
        "mean": 0.450750112534,
        "median": 0.457389861345,
        "min": 0.314814716578,
        "var": 0.000984116806649
    },
    "dynamic_complexity": 2.119099617,
    "erbbands_crest": {
        "dmean": 3.31129145622,
        "dmean2": 5.23305368423,
        "dvar": 10.6174240112,
        "dvar2": 26.5967464447,
        "max": 30.0951957703,
        "mean": 10.0667219162,
        "median": 8.84863853455,
        "min": 2.36163520813,
        "var": 23.0315589905
    },
    "erbbands_flatness_db": {
        "dmean": 0.025577398017,
        "dmean2": 0.0374128632247,
        "dvar": 0.000604907632805,
        "dvar2": 0.0012691199081,
        "max": 0.308637052774,
        "mean": 0.160065352917,
        "median": 0.162129715085,
        "min": 0.0635401904583,
        "var": 0.00190957752056
    },
    "erbbands_kurtosis": {
        "dmean": 1.14981758595,
        "dmean2": 1.75297391415,
        "dvar": 3.70615148544,
        "dvar2": 8.24039649963,
        "max": 31.0871734619,
        "mean": 0.572101652622,
        "median": -0.0153131484985,
        "min": -1.83574068546,
        "var": 5.72619247437
    },
    "erbbands_skewness": {
        "dmean": 0.433036923409,
        "dmean2": 0.660430431366,
        "dvar": 0.206010207534,
        "dvar2": 0.491362690926,
        "max": 4.66956472397,
        "mean": 0.445143282413,
        "median": 0.412307202816,
        "min": -2.42839074135,
        "var": 0.525736808777
    },
    "erbbands_spread": {
        "dmean": 10.1304216385,
        "dmean2": 15.1279621124,
        "dvar": 123.1641922,
        "dvar2": 254.179168701,
        "max": 155.860427856,
        "mean": 36.8942260742,
        "median": 33.0065803528,
        "min": 5.08699131012,
        "var": 377.608917236
    },
    "hfc": {
        "dmean": 11.2010297775,
        "dmean2": 16.8077163696,
        "dvar": 157.21055603,
        "dvar2": 368.779266357,
        "max": 120.44833374,
        "mean": 31.2369346619,
        "median": 29.4903659821,
        "min": 0.187816813588,
        "var": 439.650268555
    },
    "melbands_crest": {
        "dmean": 3.39556717873,
        "dmean2": 5.39693784714,
        "dvar": 9.76661014557,
        "dvar2": 24.1394844055,
        "max": 29.2483081818,
        "mean": 12.8991384506,
        "median": 12.0987415314,
        "min": 4.56403493881,
        "var": 22.4767398834
    },
    "melbands_flatness_db": {
        "dmean": 0.035247951746,
        "dmean2": 0.0529555901885,
        "dvar": 0.00140878581442,
        "dvar2": 0.00306291575544,
        "max": 0.501354157925,
        "mean": 0.182744681835,
        "median": 0.170116975904,
        "min": 0.0353892557323,
        "var": 0.00523530039936
    },
    "melbands_kurtosis": {
        "dmean": 5.26579523087,
        "dmean2": 8.0215845108,
        "dvar": 79.1104278564,
        "dvar2": 177.194671631,
        "max": 124.799911499,
        "mean": 8.36154460907,
        "median": 4.02095413208,
        "min": -1.40374898911,
        "var": 163.076049805
    },
    "melbands_skewness": {
        "dmean": 0.696977198124,
        "dmean2": 0.998552083969,
        "dvar": 0.529416382313,
        "dvar2": 1.11119890213,
        "max": 9.23015594482,
        "mean": 1.95581126213,
        "median": 1.69180035591,
        "min": -0.97099584341,
        "var": 2.06322693825
    },
    "melbands_spread": {
        "dmean": 9.99620246887,
        "dmean2": 15.698595047,
        "dvar": 132.622238159,
        "dvar2": 329.179016113,
        "max": 138.851791382,
        "mean": 30.328212738,
        "median": 28.4295921326,
        "min": 1.17285561562,
        "var": 345.397369385
    },
    "pitch_salience": {
        "dmean": 0.0761429071426,
        "dmean2": 0.122751630843,
        "dvar": 0.00484922388569,
        "dvar2": 0.0124281803146,
        "max": 0.841990590096,
        "mean": 0.517352044582,
        "median": 0.511784136295,
        "min": 0.169039189816,
        "var": 0.0100887343287
    },
    "silence_rate_20dB": {
        "dmean": 0,
        "dmean2": 0,
        "dvar": 0,
        "dvar2": 0,
        "max": 1,
        "mean": 1,
        "median": 1,
        "min": 1,
        "var": 0
    },
    "silence_rate_30dB": {
        "dmean": 0,
        "dmean2": 0,
        "dvar": 0,
        "dvar2": 0,
        "max": 1,
        "mean": 1,
        "median": 1,
        "min": 1,
        "var": 0
    },
    "silence_rate_60dB": {
        "dmean": 0.0139318881556,
        "dmean2": 0.0278853606433,
        "dvar": 0.013737953268,
        "dvar2": 0.0333049632609,
        "max": 1,
        "mean": 0.0123743228614,
        "median": 0,
        "min": 0,
        "var": 0.0122213149443
    },
    "spectral_centroid": {
        "dmean": 353.352416992,
        "dmean2": 546.715576172,
        "dvar": 158907.234375,
        "dvar2": 377408.375,
        "max": 3963.11083984,
        "mean": 1548.02294922,
        "median": 1527.30395508,
        "min": 227.535507202,
        "var": 465978.125
    },
    "spectral_complexity": {
        "dmean": 5.30185747147,
        "dmean2": 8.28505039215,
        "dvar": 35.5467529297,
        "dvar2": 82.2822875977,
        "max": 53,
        "mean": 18.9907188416,
        "median": 18,
        "min": 2,
        "var": 75.8996353149
    },
    "spectral_decrease": {
        "dmean": 1.93926230629e-09,
        "dmean2": 2.66034483332e-09,
        "dvar": 3.60338734546e-18,
        "dvar2": 6.93781774193e-18,
        "max": -1.42261896707e-10,
        "mean": -6.69424693456e-09,
        "median": -6.43180575466e-09,
        "min": -1.96325817825e-08,
        "var": 1.17540437713e-17
    },
    "spectral_energy": {
        "dmean": 0.00787384808064,
        "dmean2": 0.0107287522405,
        "dvar": 5.64900583413e-05,
        "dvar2": 0.000107690102595,
        "max": 0.0772683992982,
        "mean": 0.0280989091843,
        "median": 0.0271202046424,
        "min": 0.000639063015115,
        "var": 0.000194207255845
    },
    "spectral_energyband_high": {
        "dmean": 0.000920695136301,
        "dmean2": 0.00150367524475,
        "dvar": 1.72006446064e-06,
        "dvar2": 4.30314048572e-06,
        "max": 0.0106279645115,
        "mean": 0.00152336410247,
        "median": 0.000846496084705,
        "min": 5.07261859184e-08,
        "var": 2.97215456158e-06
    },
    "spectral_energyband_low": {
        "dmean": 0.00211579585448,
        "dmean2": 0.00349148036912,
        "dvar": 1.18045982163e-05,
        "dvar2": 3.07937043544e-05,
        "max": 0.0432974100113,
        "mean": 0.00546170957386,
        "median": 0.0047829891555,
        "min": 2.81076199826e-06,
        "var": 1.62801661645e-05
    },
    "spectral_energyband_middle_high": {
        "dmean": 0.00345134851523,
        "dmean2": 0.00460376963019,
        "dvar": 1.5316560166e-05,
        "dvar2": 2.66412007477e-05,
        "max": 0.0474350936711,
        "mean": 0.00901062227786,
        "median": 0.00681005604565,
        "min": 8.87322948984e-06,
        "var": 7.4460192991e-05
    },
    "spectral_energyband_middle_low": {
        "dmean": 0.00584882637486,
        "dmean2": 0.00808301288635,
        "dvar": 5.14434177603e-05,
        "dvar2": 0.000103790349385,
        "max": 0.0685786902905,
        "mean": 0.0126487631351,
        "median": 0.00969564542174,
        "min": 0.000191050596186,
        "var": 0.000120955133752
    },
    "spectral_entropy": {
        "dmean": 0.294953495264,
        "dmean2": 0.422807961702,
        "dvar": 0.0850571766496,
        "dvar2": 0.177721202374,
        "max": 8.67162227631,
        "mean": 7.42604494095,
        "median": 7.41855669022,
        "min": 5.67311620712,
        "var": 0.226757079363
    },
    "spectral_flux": {
        "dmean": 0.0293720234185,
        "dmean2": 0.0438932925463,
        "dvar": 0.000683317310177,
        "dvar2": 0.00143114931416,
        "max": 0.238783314824,
        "mean": 0.091669768095,
        "median": 0.0894174873829,
        "min": 0.00817390438169,
        "var": 0.00165994127747
    },
    "spectral_kurtosis": {
        "dmean": 1.95498037338,
        "dmean2": 3.17623138428,
        "dvar": 6.88482666016,
        "dvar2": 19.0205039978,
        "max": 40.8329734802,
        "mean": 4.39178180695,
        "median": 3.74542617798,
        "min": -1.36570692062,
        "var": 13.0640335083
    },
    "spectral_rms": {
        "dmean": 0.00075314269634,
        "dmean2": 0.00100848078728,
        "dvar": 4.81862457491e-07,
        "dvar2": 8.59884664806e-07,
        "max": 0.00868238508701,
        "mean": 0.00505231879652,
        "median": 0.00514380540699,
        "min": 0.000789605022874,
        "var": 1.88765727671e-06
    },
    "spectral_rolloff": {
        "dmean": 881.296081543,
        "dmean2": 1536.14660645,
        "dvar": 2225922.5,
        "dvar2": 5343858.5,
        "max": 13242.9199219,
        "mean": 2016.24414062,
        "median": 1485.79101562,
        "min": 86.1328125,
        "var": 4006175.5
    },
    "spectral_skewness": {
        "dmean": 0.286432921886,
        "dmean2": 0.441373437643,
        "dvar": 0.0810903385282,
        "dvar2": 0.192971244454,
        "max": 4.54187011719,
        "mean": 1.52185332775,
        "median": 1.47936594486,
        "min": 0.0592736639082,
        "var": 0.231799408793
    },
    "spectral_spread": {
        "dmean": 902115.5625,
        "dmean2": 1345455.625,
        "dvar": 1.39306821222e+12,
        "dvar2": 2.68353378714e+12,
        "max": 18516384,
        "mean": 4784093.5,
        "median": 4434027,
        "min": 1478006.75,
        "var": 3.88903469056e+12
    },
    "spectral_strongpeak": {
        "dmean": 0.915905356407,
        "dmean2": 1.45381891727,
        "dvar": 1.49404084682,
        "dvar2": 3.40905451775,
        "max": 9.669049263,
        "mean": 1.58315443993,
        "median": 1.01022660732,
        "min": 0.0194019116461,
        "var": 3.08350563049
    },
    "zerocrossingrate": {
        "dmean": 0.0157039873302,
        "dmean2": 0.0193761792034,
        "dvar": 0.000389248976717,
        "dvar2": 0.000450549239758,
        "max": 0.3876953125,
        "mean": 0.0750427469611,
        "median": 0.06640625,
        "min": 0.00439453125,
        "var": 0.0021876017563
    },
    "barkbands": {
        "dmean": [2.23508195631e-05, 0.00138332636561, 0.000843062938657, 0.000506288663018, 0.00256114942022, 0.000598433718551, 0.00147530960385, 0.0013739860151, 0.0016875625588, 0.00078083894914, 0.000860013358761, 0.000626580964308, 0.000930344103836, 0.000830886419863, 0.000679620075971, 0.00021849636687, 0.000285724032437, 0.000261207373114, 0.000299648585496, 0.000302663829643, 0.000217255670577, 0.000167937309016, 0.000145708414493, 0.000160259369295, 0.000162996831932, 0.000114878290333, 3.49313573622e-08],
        "dmean2": [3.82035505027e-05, 0.00227879476734, 0.00142068194691, 0.000856396276504, 0.00357115268707, 0.000959196477197, 0.00242310483009, 0.00193366862368, 0.00251320214011, 0.00118765013758, 0.00119543401524, 0.000938445911743, 0.00137571466621, 0.00127806933597, 0.00107054121327, 0.000337780336849, 0.000444572535343, 0.000397759897169, 0.000478611036669, 0.000484093878185, 0.000349439156707, 0.000273315818049, 0.0002446048602, 0.000278881052509, 0.000276201200904, 0.00018988084048, 6.5780255909e-08],
        "dvar": [1.77666037438e-09, 6.33928721072e-06, 2.60288425125e-06, 9.49889283675e-07, 2.53382968367e-05, 1.20633819733e-06, 8.86887210072e-06, 6.40951475361e-06, 1.1972782886e-05, 2.87467105409e-06, 3.13473401548e-06, 1.9380172489e-06, 3.91815137846e-06, 3.3437725051e-06, 2.49272898145e-06, 1.56057112122e-07, 2.02562887353e-07, 1.42453387753e-07, 1.44391194112e-07, 1.7183073453e-07, 9.7509037289e-08, 5.75732563846e-08, 5.09255144721e-08, 8.98570888808e-08, 1.80785846737e-07, 5.48019620794e-08, 1.55502848554e-14],
        "dvar2": [4.46411396737e-09, 1.65287183336e-05, 7.33143269827e-06, 2.48187689067e-06, 4.7744542826e-05, 2.64652635451e-06, 2.30290315812e-05, 1.24126163428e-05, 2.81843149423e-05, 5.84725739827e-06, 5.41917233932e-06, 3.89982187698e-06, 7.97260508989e-06, 7.14883071851e-06, 6.0115485212e-06, 3.15380390248e-07, 4.73683542168e-07, 3.18298049251e-07, 3.49997918647e-07, 4.12590736687e-07, 2.31644037285e-07, 1.47633912206e-07, 1.3815940747e-07, 2.34197216287e-07, 4.03198242793e-07, 1.19818651001e-07, 4.50588561417e-14],
        "max": [0.000462575932033, 0.0303886495531, 0.0161487031728, 0.011669033207, 0.0537739992142, 0.0165531504899, 0.0322526581585, 0.0236489661038, 0.0473272651434, 0.0266901720315, 0.0347446650267, 0.022527243942, 0.0283083450049, 0.0311134643853, 0.0184353515506, 0.00740054342896, 0.00551275582984, 0.00543767213821, 0.00340795144439, 0.00426016561687, 0.00323753315024, 0.00196604500525, 0.00176954630297, 0.00244869454764, 0.00681937998161, 0.00358418584801, 1.97650092559e-06],
        "mean": [2.38638731389e-05, 0.00332424463704, 0.00166901468765, 0.000770634622313, 0.00432877568528, 0.000902228755876, 0.00203357567079, 0.00196484685875, 0.00248873676173, 0.0011779818451, 0.00144525757059, 0.000888368987944, 0.00153719517402, 0.00122543179896, 0.000881644140463, 0.000321838073432, 0.000457645190181, 0.000436296191765, 0.000500031281263, 0.000471429724712, 0.000304491288261, 0.00022533693118, 0.000196902954485, 0.000179723865585, 0.000178531263373, 0.0001648919133, 2.11167545672e-08],
        "median": [8.67174912855e-06, 0.00264057144523, 0.000770414771978, 0.000401573255658, 0.0010807486251, 0.00037166767288, 0.000562203698792, 0.000669281638693, 0.00108250719495, 0.000351065711584, 0.000339658698067, 0.000278520747088, 0.000320254272083, 0.000285909278318, 0.000188216887182, 0.000122996687423, 0.000155437970534, 0.000219281835598, 0.000326944806147, 0.000204521609703, 0.000121773802675, 0.000141724231071, 8.43343805172e-05, 7.87111639511e-05, 4.21738877776e-05, 1.79207509063e-05, 9.10848840796e-10],
        "min": [2.38198722968e-08, 1.17132822197e-06, 1.0707860838e-06, 6.1877420876e-07, 2.74972785519e-06, 1.30325213377e-06, 1.20025765682e-06, 3.17964804708e-07, 6.28201689779e-07, 7.40437712921e-07, 5.53150641736e-07, 1.61954426403e-06, 1.42406224768e-06, 6.55243184156e-07, 5.82318023135e-07, 3.51744745331e-07, 5.97493567511e-07, 3.06073388856e-07, 1.86101132726e-07, 8.69615313093e-09, 8.30846946798e-09, 1.24243788591e-08, 9.43948297305e-09, 1.29695809648e-09, 2.98844525515e-11, 8.21253742095e-12, 6.74918497826e-12],
        "var": [1.77074199748e-09, 9.27961809793e-06, 4.15529848397e-06, 1.17857450732e-06, 6.12524090684e-05, 2.12383156395e-06, 1.11519457278e-05, 1.07776841105e-05, 1.71065639734e-05, 5.83064365856e-06, 1.01627774711e-05, 3.48488015334e-06, 1.15678049042e-05, 6.07563060839e-06, 3.55875681635e-06, 3.3747295447e-07, 5.76365437155e-07, 3.35956315212e-07, 2.98277768707e-07, 3.79982935783e-07, 1.90821552337e-07, 6.6999554349e-08, 7.71183508164e-08, 8.92863170066e-08, 2.2898555585e-07, 1.2297415708e-07, 8.85546518926e-15]
    },
    "erbbands": {
        "dmean": [0.0280879288912, 0.354869931936, 0.89402192831, 1.41654002666, 4.57721471786, 8.29585647583, 9.0810546875, 4.90479898453, 11.7813119888, 39.9314460754, 23.358505249, 36.2465515137, 24.036945343, 38.1747741699, 17.6819896698, 24.7788200378, 35.5920677185, 47.3889846802, 32.5531082153, 21.03881073, 12.2278995514, 17.6301956177, 13.5652389526, 16.4988193512, 11.6157264709, 14.3075342178, 8.90124130249, 8.92013645172, 6.28085231781, 5.25007200241, 3.63509559631, 3.10004901886, 2.74004817009, 1.72738409042, 1.24271535873, 0.586567342281, 0.235862478614, 0.0282446760684, 0.000474613159895, 2.56241582974e-05],
        "dmean2": [0.0459151268005, 0.590292394161, 1.50317585468, 2.35183811188, 7.19287157059, 11.7218971252, 12.1655445099, 7.7393283844, 18.8483657837, 59.8646469116, 34.180431366, 53.5854911804, 36.5438499451, 53.8936500549, 24.8480682373, 36.3559799194, 50.4744491577, 69.3189544678, 50.262802124, 32.8403129578, 18.9105834961, 26.8442516327, 20.7159137726, 25.1764183044, 18.7242698669, 22.6758003235, 14.4226484299, 14.3755874634, 10.0971384048, 8.62272644043, 6.23125362396, 5.35303783417, 4.68852186203, 2.89994072914, 2.10377264023, 0.983949244022, 0.394828617573, 0.0479793436825, 0.000798493740149, 4.01522520406e-05],
        "dvar": [0.00290751457214, 0.412738442421, 2.65478825569, 7.33304023743, 195.020523071, 248.244338989, 373.717132568, 89.1654129028, 631.777832031, 9123.546875, 2107.20336914, 5789.69628906, 2643.47265625, 5449.79541016, 905.611633301, 3397.1105957, 5531.26953125, 11297.8574219, 4456.63671875, 1908.25427246, 516.026794434, 876.789855957, 449.536621094, 431.522674561, 219.436630249, 394.629974365, 165.689651489, 166.928024292, 77.7058944702, 64.1167755127, 34.3974380493, 35.4925117493, 27.4535140991, 15.5560493469, 14.3380947113, 1.56812727451, 0.240668281913, 0.00366352242418, 9.44456417074e-07, 1.53764700972e-09],
        "dvar2": [0.00744662014768, 1.08046650887, 7.23611688614, 19.6675891876, 411.599975586, 482.223907471, 635.609375, 197.568267822, 1519.07824707, 21746.4082031, 4150.27001953, 12786.2490234, 5900.19775391, 11514.2548828, 1640.78430176, 6690.65429688, 10512.2041016, 22874.4628906, 10636.9326172, 4632.07177734, 1034.51428223, 1966.82885742, 1015.63311768, 1006.34020996, 541.151489258, 955.514038086, 394.713653564, 419.173980713, 201.529998779, 169.815567017, 91.8363800049, 95.2299728394, 70.4605255127, 33.9149398804, 33.3366203308, 3.58799242973, 0.541737437248, 0.00965533964336, 2.42132796302e-06, 3.68842645315e-09],
        "max": [0.683927953243, 8.55106163025, 19.5040512085, 37.3031387329, 189.861633301, 151.180648804, 229.878860474, 185.189727783, 362.794647217, 792.190673828, 651.787963867, 1165.94348145, 751.145324707, 940.501831055, 502.290283203, 1128.59289551, 1545.80151367, 1685.4798584, 1123.69360352, 549.375549316, 443.64932251, 388.608917236, 362.295379639, 214.276901245, 132.793426514, 234.361297607, 165.652023315, 106.662712097, 71.3095397949, 98.4359512329, 56.4205207825, 65.3202514648, 56.6142959595, 57.8121414185, 72.4178695679, 19.2535057068, 8.59841346741, 0.651157975197, 0.0104233408347, 0.000558085099328],
        "mean": [0.0646401122212, 0.855941236019, 1.95995151997, 2.62580108643, 8.42595100403, 13.0007162094, 14.0100221634, 7.6103682518, 19.4040527344, 49.8491249084, 39.3400688171, 52.8813400269, 40.0702819824, 64.4489593506, 31.7711391449, 37.0881652832, 66.2173309326, 74.1560287476, 51.825881958, 30.0007591248, 19.1039676666, 30.1846904755, 23.7830257416, 29.4791946411, 20.0100784302, 22.3455581665, 12.9320526123, 12.4431390762, 8.60746383667, 6.91490983963, 4.66800928116, 3.49379515648, 3.19696211815, 1.9748237133, 1.29721701145, 0.728935062885, 0.315082490444, 0.0359232388437, 0.000639777106699, 6.24622771284e-05],
        "median": [0.0505219362676, 0.686044633389, 1.28145074844, 1.78400564194, 2.03063631058, 3.64370036125, 3.05467772484, 3.58772373199, 5.78563022614, 10.8797492981, 18.7034988403, 21.5119991302, 18.823589325, 21.9546165466, 11.2033071518, 12.8841104507, 18.5640602112, 23.1169967651, 16.5886058807, 9.65885066986, 8.54366493225, 11.1710109711, 13.4568576813, 19.9427623749, 14.1232805252, 9.99889564514, 5.8913693428, 4.43858480453, 5.23177719116, 3.7701792717, 2.10889530182, 1.36449217796, 1.30061626434, 0.554469048977, 0.244200468063, 0.0817464068532, 0.0323510989547, 0.00280595710501, 7.76688830229e-05, 4.44332654297e-05],
        "min": [3.09749302687e-05, 0.000336514407536, 0.00124496989883, 0.00270737707615, 0.00923992879689, 0.00730223581195, 0.0349956639111, 0.0141643276438, 0.0369944497943, 0.014926658012, 0.0251930784434, 0.0422727838159, 0.0226396843791, 0.0216855071485, 0.0383909828961, 0.055766955018, 0.0576995760202, 0.0284502804279, 0.0307015813887, 0.0250833686441, 0.0257271565497, 0.0345329530537, 0.0220154505223, 0.018970085308, 0.00798274949193, 0.000489006808493, 0.000291684176773, 0.00050249369815, 0.000396958348574, 0.000378947646823, 0.000273111800198, 5.63287612749e-05, 1.7874974219e-05, 5.8243786043e-06, 2.64250797954e-06, 1.61751609085e-06, 7.23103084965e-07, 9.31623489464e-08, 7.21786477698e-07, 1.17652018616e-06],
        "var": [0.00452465517446, 0.602084696293, 3.94958949089, 9.78633117676, 462.403747559, 511.223999023, 871.255249023, 133.671478271, 1209.00939941, 11033.7568359, 3888.65820312, 8822.68457031, 4695.74951172, 13850.2255859, 2786.81591797, 6014.70800781, 22474.1347656, 21512.6054688, 7667.23681641, 3055.38623047, 1117.22387695, 2601.11523438, 1011.68408203, 999.558898926, 419.082214355, 858.886901855, 324.040557861, 298.034576416, 97.9327011108, 74.140838623, 40.103427887, 31.2915420532, 33.5724906921, 22.7195587158, 15.9312496185, 2.74379086494, 0.486509293318, 0.0072048404254, 1.96550649889e-06, 3.56599150209e-09]
    },
    "gfcc": {
        "mean": [22.8459873199, 81.0559997559, -120.233360291, 29.9994411469, -59.5418891907, 20.2449035645, -31.9620342255, 15.3584280014, -23.4354782104, 6.20728588104, -16.3917560577, -2.62146997452, -16.1938648224],
        "cov": [[3882.82348633, -2068.75463867, -277.631378174, -215.858047485, -298.418212891, 174.554046631, -228.881454468, 279.302703857, -373.31829834, 289.871704102, -330.697753906, 195.331329346, -174.993881226], [-2068.75463867, 2127.80517578, -279.203826904, 148.241836548, 177.937103271, -172.470703125, 218.499801636, -270.978912354, 275.417510986, -343.259857178, 333.673614502, -220.697555542, 102.115776062], [-277.631378174, -279.203826904, 797.239868164, 86.0417022705, 45.6841659546, -38.7294502258, -152.188796997, 37.8919563293, -19.5789299011, 66.3876419067, -107.227249146, 107.051071167, -76.5226745605], [-215.858047485, 148.241836548, 86.0417022705, 312.779907227, 26.7186565399, -29.6338348389, -12.9602966309, -77.3757171631, 57.23487854, -41.6805915833, 9.78331851959, -49.2747192383, 62.580039978], [-298.418212891, 177.937103271, 45.6841659546, 26.7186565399, 271.399536133, 16.996175766, 57.5150489807, -34.1981468201, 26.813873291, -27.2537212372, -19.1409168243, 0.325947910547, 7.88680171967], [174.554046631, -172.470703125, -38.7294502258, -29.6338348389, 16.996175766, 226.49017334, 64.5673446655, 50.4534950256, -19.1515598297, 16.54438591, 15.3978042603, -13.0578556061, -12.588593483], [-228.881454468, 218.499801636, -152.188796997, -12.9602966309, 57.5150489807, 64.5673446655, 232.124755859, 9.17415046692, 16.6393222809, -31.857717514, 44.1681060791, -49.0261650085, 26.3605213165], [279.302703857, -270.978912354, 37.8919563293, -77.3757171631, -34.1981468201, 50.4534950256, 9.17415046692, 190.451965332, -0.0300732832402, 57.6184692383, -2.86573624611, 58.8852386475, -69.319519043], [-373.31829834, 275.417510986, -19.5789299011, 57.23487854, 26.813873291, -19.1515598297, 16.6393222809, -0.0300732832402, 225.88243103, -8.48665618896, 72.2429656982, -25.5471687317, -24.17552948], [289.871704102, -343.259857178, 66.3876419067, -41.6805915833, -27.2537212372, 16.54438591, -31.857717514, 57.6184692383, -8.48665618896, 217.866027832, -58.487991333, 10.7039899826, 14.9135065079], [-330.697753906, 333.673614502, -107.227249146, 9.78331851959, -19.1409168243, 15.3978042603, 44.1681060791, -2.86573624611, 72.2429656982, -58.487991333, 192.390319824, 8.82419109344, -25.8586788177], [195.331329346, -220.697555542, 107.051071167, -49.2747192383, 0.325947910547, -13.0578556061, -49.0261650085, 58.8852386475, -25.5471687317, 10.7039899826, 8.82419109344, 173.958099365, -40.9631233215], [-174.993881226, 102.115776062, -76.5226745605, 62.580039978, 7.88680171967, -12.588593483, 26.3605213165, -69.319519043, -24.17552948, 14.9135065079, -25.8586788177, -40.9631233215, 215.867401123]],
        "icov": [[0.000888678187039, 0.000479137292132, 0.000940595695283, -0.000442620570539, 0.000374898663722, -0.000310213741614, 0.000508918776177, -0.000235156709095, 0.000668660446536, -0.00033272820292, 0.000980007811449, -0.00061802228447, 0.000884045497514], [0.000479137292132, 0.00224070018157, 8.28007105156e-05, 0.000466819503345, -0.000761351839174, 0.00150924432091, -0.000640784506686, 0.000881551764905, -0.000794012739789, 0.00168369710445, -0.00241024978459, 0.00181796529796, -0.000449349929113], [0.000940595695283, 8.28007105156e-05, 0.00297128898092, -0.00150005309843, 0.000185149707249, -0.000678785610944, 0.00150793010835, -0.000595376244746, 0.00101018708665, -0.00116625195369, 0.00253939302638, -0.00209279311821, 0.00189057772513], [-0.000442620570539, 0.000466819503345, -0.00150005309843, 0.00490624224767, -0.000560944841709, 0.000764484342653, -0.000301703199511, 0.00134643656202, -0.00184635969345, 0.00165872985963, -0.00187166954856, 0.00213767029345, -0.0021393627394], [0.000374898663722, -0.000761351839174, 0.000185149707249, -0.000560944841709, 0.005136619322, -0.00142526894342, -0.000944454222918, 0.000683383201249, -9.44126149989e-05, -0.000575574988034, 0.00303500983864, -0.00218623084947, 0.000934209791012], [-0.000310213741614, 0.00150924432091, -0.000678785610944, 0.000764484342653, -0.00142526894342, 0.00685674976557, -0.00208371179178, -0.000570924021304, -0.00029044249095, 0.0012466738699, -0.00355379492976, 0.00286859506741, -0.000904636923224], [0.000508918776177, -0.000640784506686, 0.00150793010835, -0.000301703199511, -0.000944454222918, -0.00208371179178, 0.00705496175215, -0.00197573844343, 0.00101897434797, -0.000380223325919, 0.00076053047087, 0.000246864045039, 3.30511720676e-05], [-0.000235156709095, 0.000881551764905, -0.000595376244746, 0.00134643656202, 0.000683383201249, -0.000570924021304, -0.00197573844343, 0.00901037082076, -0.00153680844232, -0.000771342369262, -0.00104423041921, -0.00132283510175, 0.00137245585211], [0.000668660446536, -0.000794012739789, 0.00101018708665, -0.00184635969345, -9.44126149989e-05, -0.00029044249095, 0.00101897434797, -0.00153680844232, 0.00706941494718, -0.00209096260369, -5.67848037463e-05, -0.000471769861178, 0.00201945216395], [-0.00033272820292, 0.00168369710445, -0.00116625195369, 0.00165872985963, -0.000575574988034, 0.0012466738699, -0.000380223325919, -0.000771342369262, -0.00209096260369, 0.00787556171417, -0.00159012759104, 0.00263758166693, -0.00253625982441], [0.000980007811449, -0.00241024978459, 0.00253939302638, -0.00187166954856, 0.00303500983864, -0.00355379492976, 0.00076053047087, -0.00104423041921, -5.67848037463e-05, -0.00159012759104, 0.0132049489766, -0.00577785354108, 0.00321997702122], [-0.00061802228447, 0.00181796529796, -0.00209279311821, 0.00213767029345, -0.00218623084947, 0.00286859506741, 0.000246864045039, -0.00132283510175, -0.000471769861178, 0.00263758166693, -0.00577785354108, 0.0110248299316, -0.00176545220893], [0.000884045497514, -0.000449349929113, 0.00189057772513, -0.0021393627394, 0.000934209791012, -0.000904636923224, 3.30511720676e-05, 0.00137245585211, 0.00201945216395, -0.00253625982441, 0.00321997702122, -0.00176545220893, 0.00765397725627]]
    },
    "melbands": {
        "dmean": [0.000326424662489, 0.000464806740638, 0.000302764412481, 0.000460055132862, 0.000373483286239, 0.000114040005428, 0.000203442468774, 0.000414224836277, 0.000193511994439, 0.000243901566137, 0.000122741796076, 0.000156221794896, 8.09130942798e-05, 5.91621428612e-05, 6.61727608531e-05, 0.000112459340016, 8.63001696416e-05, 5.26152507518e-05, 5.59538239031e-05, 1.49897086885e-05, 1.43772058436e-05, 1.99560363399e-05, 1.41836271723e-05, 1.14440863399e-05, 1.4908609046e-05, 1.04350228867e-05, 9.15358486964e-06, 1.07192954601e-05, 6.13293786955e-06, 5.4769475355e-06, 5.24080132891e-06, 3.80979963666e-06, 3.04618424707e-06, 3.3328221889e-06, 2.43948170464e-06, 1.85158501154e-06, 2.16888747673e-06, 2.05031233236e-06, 1.57047600169e-06, 1.57326064709e-06],
        "dmean2": [0.000531164114363, 0.000781531329267, 0.000492411490995, 0.000680825789459, 0.00049493269762, 0.000181219627848, 0.000330961716827, 0.00061093212571, 0.00028398091672, 0.000364642444765, 0.000187904122868, 0.000220155081479, 0.000112143621664, 9.14604315767e-05, 9.50417161221e-05, 0.000164643293829, 0.000128107931232, 8.175180119e-05, 8.78664068296e-05, 2.39179807977e-05, 2.28317021538e-05, 3.06801593979e-05, 2.15934142034e-05, 1.74246215465e-05, 2.28851113206e-05, 1.68685000972e-05, 1.48357821672e-05, 1.70413495653e-05, 1.01566192825e-05, 8.71656629897e-06, 8.52879747981e-06, 6.17714795226e-06, 5.02049078932e-06, 5.50583717995e-06, 4.19656498707e-06, 3.17402168548e-06, 3.78473851015e-06, 3.52563097294e-06, 2.6791185519e-06, 2.63589618044e-06],
        "dvar": [3.5860313119e-07, 6.54780535569e-07, 3.44984471212e-07, 1.08275821731e-06, 6.64783897264e-07, 4.47325412267e-08, 1.57052582495e-07, 9.31699389639e-07, 1.80789797355e-07, 2.85334238015e-07, 7.38060066396e-08, 8.68671676812e-08, 2.43793127908e-08, 2.14132143128e-08, 2.51365506188e-08, 6.13586124132e-08, 4.03107307534e-08, 1.1475073336e-08, 1.75891710086e-08, 8.9945539905e-10, 7.40963290724e-10, 1.2941894223e-09, 4.67574923224e-10, 2.72842359816e-10, 3.80861203686e-10, 2.01195254901e-10, 2.31770588832e-10, 2.63531418909e-10, 8.52826767539e-11, 6.76766837016e-11, 6.19949022673e-11, 3.12704341587e-11, 2.08742641228e-11, 2.61879493785e-11, 1.77902310938e-11, 1.01767049648e-11, 1.90527194716e-11, 1.5429962863e-11, 1.1309796849e-11, 1.70436251917e-11],
        "dvar2": [9.23825439259e-07, 1.7686973024e-06, 8.24682331313e-07, 2.14484066419e-06, 1.1288798305e-06, 9.62351975886e-08, 3.83507739343e-07, 2.14618830796e-06, 3.53700784217e-07, 6.51486175229e-07, 1.64626442256e-07, 1.8319938988e-07, 4.11092209163e-08, 4.83606861224e-08, 4.57745166216e-08, 1.21179553503e-07, 8.1993327683e-08, 2.72745559471e-08, 4.2678134804e-08, 2.13469286692e-09, 1.60105095848e-09, 2.97651614467e-09, 1.07053632625e-09, 6.45998587956e-10, 8.95004015344e-10, 4.91132801095e-10, 5.21305387746e-10, 6.43361586228e-10, 2.06540035075e-10, 1.55277235514e-10, 1.56992766009e-10, 8.01740271394e-11, 5.40731209808e-11, 7.03471170205e-11, 4.81130621455e-11, 2.82601980012e-11, 5.18088315304e-11, 3.90825774521e-11, 2.85752792956e-11, 3.81373231606e-11],
        "max": [0.0067848181352, 0.0113878929988, 0.00684805959463, 0.0136796031147, 0.00976705178618, 0.00373705895618, 0.00599040091038, 0.00787254516035, 0.00647834641859, 0.00778027484193, 0.00377371278591, 0.0034719503019, 0.00328980968334, 0.00219495408237, 0.00296765915118, 0.00335558364168, 0.00308997859247, 0.0017718388699, 0.00135579099879, 0.000435004330939, 0.000443235301645, 0.000469120888738, 0.00031931482954, 0.000171376290382, 0.000209990452277, 0.000133468856802, 0.000200741560548, 0.000198477922822, 0.000111099398055, 0.000109392392915, 6.31976290606e-05, 4.80853886984e-05, 5.19309287483e-05, 5.11731886945e-05, 4.66465789941e-05, 3.02599801216e-05, 3.9875460061e-05, 4.06976432714e-05, 5.36214138265e-05, 6.11233554082e-05],
        "mean": [0.000788595352788, 0.00111276202369, 0.000576702004764, 0.000821676920168, 0.000552971963771, 0.000177009555046, 0.000317294732668, 0.000527197204065, 0.00032491874299, 0.000345012231264, 0.000196201624931, 0.000258108892012, 0.00013875636796, 8.42373046908e-05, 9.9309545476e-05, 0.00019113018061, 0.000125903185108, 8.02342619863e-05, 7.14222114766e-05, 2.15644213313e-05, 1.9877903469e-05, 3.18427373713e-05, 2.40596873482e-05, 1.84774071386e-05, 2.53419311775e-05, 1.68992355611e-05, 1.34785095725e-05, 1.57852409757e-05, 8.30329736345e-06, 7.37219261282e-06, 6.89257285558e-06, 4.9294631026e-06, 3.9432743506e-06, 4.11272776546e-06, 2.81878737951e-06, 2.27324403568e-06, 2.11640872294e-06, 2.32905381381e-06, 1.77867957518e-06, 1.66116615219e-06],
        "median": [0.000638430647086, 0.000909342081286, 0.000330765527906, 0.000231608923059, 0.000117251016491, 7.64504584367e-05, 9.79710603133e-05, 0.000118146592285, 0.000128653322463, 0.000131406763103, 7.40102113923e-05, 8.69850773597e-05, 3.94074450014e-05, 2.5073039069e-05, 3.45917505911e-05, 3.15841207339e-05, 3.41088925779e-05, 2.0510467948e-05, 1.49761017383e-05, 7.92793434812e-06, 7.78767662268e-06, 9.26134453039e-06, 1.09834572868e-05, 1.01504283521e-05, 1.5537141735e-05, 1.00023107734e-05, 5.54234020456e-06, 5.64925676372e-06, 3.36713310389e-06, 2.59584726336e-06, 2.19603930418e-06, 2.65317248704e-06, 2.26493807531e-06, 1.86691954696e-06, 1.24631162635e-06, 7.96456959051e-07, 7.69748908169e-07, 9.88479428088e-07, 6.16251327301e-07, 3.87265401969e-07],
        "min": [3.84979102819e-07, 5.1707786497e-07, 7.35670028007e-07, 5.93842003127e-07, 6.00325506639e-07, 2.88490667799e-07, 3.12448264594e-07, 6.00311125254e-08, 1.84493472943e-07, 1.66251936662e-07, 1.09079977051e-07, 8.87250095616e-08, 1.10792690577e-07, 2.15772487877e-07, 1.1848660364e-07, 7.37234202575e-08, 3.71965072077e-08, 2.90256032542e-08, 5.57915669219e-08, 1.5254686403e-08, 2.46310474239e-08, 3.43642732048e-08, 2.38707347222e-08, 1.49066163857e-08, 1.44835361482e-08, 7.8784898605e-09, 9.820645408e-10, 4.64097926756e-11, 1.81329062876e-10, 1.56623602976e-10, 3.55260681983e-10, 1.87788520845e-10, 2.35669539439e-10, 1.70618463802e-10, 1.3129812515e-10, 6.09398686027e-12, 1.50975881102e-11, 3.37071760477e-13, 2.93963421313e-13, 2.72628301228e-13],
