{
"highlevel": {
    "danceability": {
        "all": {
            "danceable": 0.994357526302,
            "not_danceable": 0.00564248859882
        },
        "probability": 0.994357526302,
        "value": "danceable"
    },
    "gender": {
        "all": {
            "female": 0.790912687778,
            "male": 0.209087282419
        },
        "probability": 0.790912687778,
        "value": "female"
    },
    "genre_dortmund": {
        "all": {
            "alternative": 0.0355646125972,
            "blues": 0.100500464439,
            "electronic": 0.0627582967281,
            "folkcountry": 0.0888793766499,
            "funksoulrnb": 0.0430895537138,
            "jazz": 0.126900836825,
            "pop": 0.0890635326505,
            "raphiphop": 0.42279317975,
            "rock": 0.0304501410574
        },
        "probability": 0.42279317975,
        "value": "raphiphop"
    },
    "genre_electronic": {
        "all": {
            "ambient": 0.379159659147,
            "dnb": 0.144597485662,
            "house": 0.277827441692,
            "techno": 0.0285943057388,
            "trance": 0.169821113348
        },
        "probability": 0.379159659147,
        "value": "ambient"
    },
    "genre_rosamerica": {
        "all": {
            "cla": 0.00280806142837,
            "dan": 0.117014653981,
            "hip": 0.108168363571,
            "jaz": 0.00505590578541,
            "pop": 0.135495901108,
            "rhy": 0.620351493359,
            "roc": 0.00947897881269,
            "spe": 0.00162667385302
        },
        "probability": 0.620351493359,
        "value": "rhy"
    },
    "genre_tzanetakis": {
        "all": {
            "blu": 0.0626613423228,
            "cla": 0.0348169617355,
            "cou": 0.104475811124,
            "dis": 0.0784321576357,
            "hip": 0.15692435205,
            "jaz": 0.313974827528,
            "met": 0.0448166541755,
            "pop": 0.0627359300852,
            "reg": 0.0627360641956,
            "roc": 0.0784258767962
        },
        "probability": 0.313974827528,
        "value": "jaz"
    },
    "ismir04_rhythm": {
        "all": {
            "ChaChaCha": 0.176871031523,
            "Jive": 0.0855138227344,
            "Quickstep": 0.0251752510667,
            "Rumba-American": 0.018005060032,
            "Rumba-International": 0.0499245375395,
            "Rumba-Misc": 0.0166190508753,
            "Samba": 0.608900666237,
            "Tango": 0.00355580169708,
            "VienneseWaltz": 0.00977508258075,
            "Waltz": 0.00565972737968
        },
        "probability": 0.608900666237,
        "value": "Samba"
    },
    "mood_acoustic": {
        "all": {
            "acoustic": 0.192941978574,
            "not_acoustic": 0.807058036327
        },
        "probability": 0.807058036327,
        "value": "not_acoustic"
    },
    "mood_aggressive": {
        "all": {
            "aggressive": 0.0191332306713,
            "not_aggressive": 0.980866789818
        },
        "probability": 0.980866789818,
        "value": "not_aggressive"
    },
    "mood_electronic": {
        "all": {
            "electronic": 0.649826526642,
            "not_electronic": 0.350173473358
        },
        "probability": 0.649826526642,
        "value": "electronic"
    },
    "mood_happy": {
        "all": {
            "happy": 0.385428309441,
            "not_happy": 0.614571690559
        },
        "probability": 0.614571690559,
        "value": "not_happy"
    },
    "mood_party": {
        "all": {
            "not_party": 0.382009059191,
            "party": 0.617990970612
        },
        "probability": 0.617990970612,
        "value": "party"
    },
    "mood_relaxed": {
        "all": {
            "not_relaxed": 0.640156984329,
            "relaxed": 0.359843015671
        },
        "probability": 0.640156984329,
        "value": "not_relaxed"
    },
    "mood_sad": {
        "all": {
            "not_sad": 0.282417923212,
            "sad": 0.71758210659
        },
        "probability": 0.71758210659,
        "value": "sad"
    },
    "moods_mirex": {
        "all": {
            "Cluster1": 0.262753665447,
            "Cluster2": 0.26404479146,
            "Cluster3": 0.152192622423,
            "Cluster4": 0.203366741538,
            "Cluster5": 0.11764216423
        },
        "probability": 0.26404479146,
        "value": "Cluster2"
    },
    "timbre": {
        "all": {
            "bright": 0.995640337467,
            "dark": 0.00435967277735
        },
        "probability": 0.995640337467,
        "value": "bright"
    },
    "tonal_atonal": {
        "all": {
            "atonal": 0.249348238111,
            "tonal": 0.750651776791
        },
        "probability": 0.750651776791,
        "value": "tonal"
    },
    "voice_instrumental": {
        "all": {
            "instrumental": 0.0279685016721,
            "voice": 0.972031474113
        },
        "probability": 0.972031474113,
        "value": "voice"
    }
},
"lowlevel": {
    "average_loudness": 0.972196042538,
    "barkbands_crest": {
        "dmean": 2.86194133759,
        "dmean2": 4.45122623444,
        "dvar": 7.53292274475,
        "dvar2": 17.959821701,
        "max": 25.8106575012,
        "mean": 11.9736757278,
        "median": 11.5008296967,
        "min": 3.28729581833,
        "var": 19.8070907593
    },
    "barkbands_flatness_db": {
        "dmean": 0.0260221846402,
        "dmean2": 0.0399270989001,
        "dvar": 0.000743977201637,
        "dvar2": 0.00166660163086,
        "max": 0.389545172453,
        "mean": 0.161839768291,
        "median": 0.152313962579,
        "min": 0.0469736643136,
        "var": 0.00288635166362
    },
    "barkbands_kurtosis": {
        "dmean": 4.65890979767,
        "dmean2": 7.3488702774,
        "dvar": 176.746536255,
        "dvar2": 371.045623779,
        "max": 259.74005127,
        "mean": 6.51300811768,
        "median": 2.05162477493,
        "min": -1.75556266308,
        "var": 294.697967529
    },
    "barkbands_skewness": {
        "dmean": 0.647646665573,
        "dmean2": 0.978643834591,
        "dvar": 0.774261772633,
        "dvar2": 1.58813095093,
        "max": 14.0285139084,
        "mean": 1.76511383057,
        "median": 1.46725213528,
        "min": -2.39255094528,
        "var": 2.21501326561
    },
    "barkbands_spread": {
        "dmean": 6.90500068665,
        "dmean2": 10.5763607025,
        "dvar": 75.5935058594,
        "dvar2": 168.579330444,
        "max": 97.8267745972,
        "mean": 24.2789306641,
        "median": 21.7345752716,
        "min": 0.629537284374,
        "var": 209.968017578
    },
    "dissonance": {
        "dmean": 0.0223750639707,
        "dmean2": 0.0371691770852,
        "dvar": 0.00046862103045,
        "dvar2": 0.00120936834719,
        "max": 0.4991312325,
        "mean": 0.455220669508,
        "median": 0.461002409458,
        "min": 0.274962931871,
        "var": 0.000891307019629
    },
    "dynamic_complexity": 2.02240490913,
    "erbbands_crest": {
        "dmean": 3.1439640522,
        "dmean2": 4.93562173843,
        "dvar": 8.49555587769,
        "dvar2": 19.481388092,
        "max": 31.7989940643,
        "mean": 11.5138168335,
        "median": 10.051484108,
        "min": 3.09073162079,
        "var": 34.6392364502
    },
    "erbbands_flatness_db": {
        "dmean": 0.0193417854607,
        "dmean2": 0.0276455301791,
        "dvar": 0.000351486,
        "dvar2": 0.000640320242383,
        "max": 0.292206734419,
        "mean": 0.15502859652,
        "median": 0.150753900409,
        "min": 0.0630170479417,
        "var": 0.0017182296142
    },
    "erbbands_kurtosis": {
        "dmean": 1.37030851841,
        "dmean2": 2.03945064545,
        "dvar": 4.8507733345,
        "dvar2": 9.44690132141,
        "max": 38.4727325439,
        "mean": 1.2419706583,
        "median": 0.255406141281,
        "min": -1.8956193924,
        "var": 11.6648588181
    },
    "erbbands_skewness": {
        "dmean": 0.421443074942,
        "dmean2": 0.615406751633,
        "dvar": 0.17901442945,
        "dvar2": 0.374228328466,
        "max": 4.21020317078,
        "mean": 0.525785684586,
        "median": 0.508601903915,
        "min": -4.03595209122,
        "var": 0.620633065701
    },
    "erbbands_spread": {
        "dmean": 12.0673894882,
        "dmean2": 16.9059829712,
        "dvar": 222.683990479,
        "dvar2": 506.421661377,
        "max": 175.480133057,
        "mean": 42.3154258728,
        "median": 37.1305541992,
        "min": 3.93017911911,
        "var": 608.056396484
    },
    "hfc": {
        "dmean": 8.12203598022,
        "dmean2": 11.3499040604,
        "dvar": 125.737846375,
        "dvar2": 277.741790771,
        "max": 92.9765853882,
        "mean": 20.3707923889,
        "median": 15.6730833054,
        "min": 0.617958664894,
        "var": 255.893875122
    },
    "melbands_crest": {
        "dmean": 3.68139982224,
        "dmean2": 5.68058824539,
        "dvar": 12.5449953079,
        "dvar2": 27.8452758789,
        "max": 36.5224571228,
        "mean": 17.4709453583,
        "median": 16.7114238739,
        "min": 3.49558258057,
        "var": 42.9804611206
    },
    "melbands_flatness_db": {
        "dmean": 0.0318134240806,
        "dmean2": 0.0484924390912,
        "dvar": 0.00133601168636,
        "dvar2": 0.00308627728373,
        "max": 0.497233241796,
        "mean": 0.210470959544,
        "median": 0.192188993096,
        "min": 0.0536629334092,
        "var": 0.00591604225338
    },
    "melbands_kurtosis": {
        "dmean": 12.4841623306,
        "dmean2": 20.4992580414,
        "dvar": 1102.28991699,
        "dvar2": 2768.62304688,
        "max": 443.163574219,
        "mean": 20.2367229462,
        "median": 8.09626197815,
        "min": -1.71243751049,
        "var": 1671.37194824
    },
    "melbands_skewness": {
        "dmean": 0.97700214386,
        "dmean2": 1.46370089054,
        "dvar": 2.06931996346,
        "dvar2": 4.77933168411,
        "max": 16.2615776062,
        "mean": 2.96383953094,
        "median": 2.46235251427,
        "min": -0.439776092768,
        "var": 4.81728410721
    },
    "melbands_spread": {
        "dmean": 7.89227867126,
        "dmean2": 12.4424362183,
        "dvar": 190.129348755,
        "dvar2": 456.563232422,
        "max": 298.645843506,
        "mean": 23.1152763367,
        "median": 20.5493583679,
        "min": 0.477620840073,
        "var": 287.2527771
    },
    "pitch_salience": {
        "dmean": 0.0721258372068,
        "dmean2": 0.116283476353,
        "dvar": 0.00488878181204,
        "dvar2": 0.0119349248707,
        "max": 0.843582570553,
        "mean": 0.479055255651,
        "median": 0.478646188974,
        "min": 0.0595636703074,
        "var": 0.0131303947419
    },
    "silence_rate_20dB": {
        "dmean": 0,
        "dmean2": 0,
        "dvar": 0,
        "dvar2": 0,
        "max": 1,
        "mean": 1,
        "median": 1,
        "min": 1,
        "var": 0
    },
    "silence_rate_30dB": {
        "dmean": 0.0263157896698,
        "dmean2": 0.0526723451912,
        "dvar": 0.0256233159453,
        "dvar2": 0.0514471232891,
        "max": 1,
        "mean": 0.969064176083,
        "median": 1,
        "min": 0,
        "var": 0.0299790743738
    },
    "silence_rate_60dB": {
        "dmean": 0.000773993786424,
        "dmean2": 0.00154918665066,
        "dvar": 0.000773394771386,
        "dvar2": 0.0015467867488,
        "max": 1,
        "mean": 0.00232018553652,
        "median": 0,
        "min": 0,
        "var": 0.00231480225921
    },
    "spectral_centroid": {
        "dmean": 299.517364502,
        "dmean2": 465.189147949,
        "dvar": 157992.578125,
        "dvar2": 376761.59375,
        "max": 7151.38867188,
        "mean": 1279.98291016,
        "median": 1194.49865723,
        "min": 159.458953857,
        "var": 348687.6875
    },
    "spectral_complexity": {
        "dmean": 5,
        "dmean2": 7.47947311401,
        "dvar": 41.1950454712,
        "dvar2": 82.3393249512,
        "max": 55,
        "mean": 16.0402164459,
        "median": 13,
        "min": 0,
        "var": 85.6968307495
    },
    "spectral_decrease": {
        "dmean": 3.41789374581e-09,
        "dmean2": 5.37141531254e-09,
        "dvar": 2.77767580568e-17,
        "dvar2": 7.03222700853e-17,
        "max": -2.56301591062e-10,
        "mean": -7.75485720084e-09,
        "median": -5.20176834939e-09,
        "min": -4.21035295517e-08,
        "var": 5.35319892668e-17
    },
    "spectral_energy": {
        "dmean": 0.0133796324953,
        "dmean2": 0.0208313129842,
        "dvar": 0.000408095424064,
        "dvar2": 0.0010239664698,
        "max": 0.160782590508,
        "mean": 0.0311162732542,
        "median": 0.0212354622781,
        "min": 0.00192599673755,
        "var": 0.000800690148026
    },
    "spectral_energyband_high": {
        "dmean": 0.000587664952036,
        "dmean2": 0.000785824842751,
        "dvar": 7.36814399716e-07,
        "dvar2": 1.40528266002e-06,
        "max": 0.00808185525239,
        "mean": 0.00107777584344,
        "median": 0.000447042810265,
        "min": 4.33517379861e-06,
        "var": 1.83277427368e-06
    },
    "spectral_energyband_low": {
        "dmean": 0.00741382362321,
        "dmean2": 0.012814369984,
        "dvar": 0.000297277118079,
        "dvar2": 0.000844504451379,
        "max": 0.138754546642,
        "mean": 0.0142822917551,
        "median": 0.00649910327047,
        "min": 2.92481843189e-07,
        "var": 0.000526606629137
    },
    "spectral_energyband_middle_high": {
        "dmean": 0.00182837154716,
        "dmean2": 0.00288377772085,
        "dvar": 6.16730767433e-06,
        "dvar2": 1.49342458826e-05,
        "max": 0.022374836728,
        "mean": 0.00457007577643,
        "median": 0.00299356202595,
        "min": 3.67739194189e-05,
        "var": 1.73950593307e-05
    },
    "spectral_energyband_middle_low": {
        "dmean": 0.00689192442223,
        "dmean2": 0.00970737356693,
        "dvar": 0.00014845271653,
        "dvar2": 0.0003262484679,
        "max": 0.112973585725,
        "mean": 0.0127147883177,
        "median": 0.00739049166441,
        "min": 9.96770831989e-05,
        "var": 0.000241564994212
    },
    "spectral_entropy": {
        "dmean": 0.208746805787,
        "dmean2": 0.288021534681,
        "dvar": 0.047333586961,
        "dvar2": 0.0943806245923,
        "max": 8.67087173462,
        "mean": 7.55502414703,
        "median": 7.5875415802,
        "min": 5.60598278046,
        "var": 0.194868147373
    },
    "spectral_flux": {
        "dmean": 0.0350377075374,
        "dmean2": 0.0570469386876,
        "dvar": 0.00176939880475,
        "dvar2": 0.00423050997779,
        "max": 0.316990315914,
        "mean": 0.0897161215544,
        "median": 0.0723813846707,
        "min": 0.0141164939851,
        "var": 0.00340046780184
    },
    "spectral_kurtosis": {
        "dmean": 1.21202886105,
        "dmean2": 1.75232625008,
        "dvar": 1.55915379524,
        "dvar2": 3.19443511963,
        "max": 17.2929592133,
        "mean": 3.43396544456,
        "median": 3.12352371216,
        "min": -0.937553882599,
        "var": 5.48344612122
    },
    "spectral_rms": {
        "dmean": 0.00102155504283,
        "dmean2": 0.00150655768812,
        "dvar": 1.66486051967e-06,
        "dvar2": 3.7764687022e-06,
        "max": 0.0125244185328,
        "mean": 0.00508836610243,
        "median": 0.00455165049061,
        "min": 0.00137077388354,
        "var": 4.46591411674e-06
    },
    "spectral_rolloff": {
        "dmean": 591.530456543,
        "dmean2": 987.158569336,
        "dvar": 1319859.125,
        "dvar2": 2688822.75,
        "max": 11434.1308594,
        "mean": 1475.39709473,
        "median": 1184.32617188,
        "min": 64.599609375,
        "var": 2553710.75
    },
    "spectral_skewness": {
        "dmean": 0.237730801105,
        "dmean2": 0.323368817568,
        "dvar": 0.0494787804782,
        "dvar2": 0.0903178974986,
        "max": 3.41806006432,
        "mean": 1.54759764671,
        "median": 1.55562508106,
        "min": -0.267834544182,
        "var": 0.232072234154
    },
    "spectral_spread": {
        "dmean": 857025.375,
        "dmean2": 1256920.625,
        "dvar": 1.14802819072e+12,
        "dvar2": 2.5652780073e+12,
        "max": 15870561,
        "mean": 5788545.5,
        "median": 5371841,
        "min": 1994700,
        "var": 3.00059800371e+12
    },
    "spectral_strongpeak": {
        "dmean": 0.501010358334,
        "dmean2": 0.876241207123,
        "dvar": 0.792880058289,
        "dvar2": 1.93852984905,
        "max": 6.46549892426,
        "mean": 0.847893238068,
        "median": 0.407718390226,
        "min": 0.0331887379289,
        "var": 1.07209420204
    },
    "zerocrossingrate": {
        "dmean": 0.0125626605004,
        "dmean2": 0.0142543325201,
        "dvar": 0.000216700325836,
        "dvar2": 0.000240637935349,
        "max": 0.36962890625,
        "mean": 0.0655127689242,
        "median": 0.05908203125,
        "min": 0.00244140625,
        "var": 0.00133473495953
    },
    "barkbands": {
        "dmean": [0.00036819561501, 0.00612995075062, 0.00165246159304, 0.00203183828853, 0.00436384556815, 0.000743076961953, 0.000857093022205, 0.000559158797842, 0.000382739817724, 0.000246564886766, 0.000304924091324, 0.00045236950973, 0.000487449462526, 0.000277526589343, 0.000268164236331, 0.000203879506444, 0.000182931136806, 0.000270384247415, 0.000212839833694, 0.000113311994937, 0.000123763864394, 0.000120666307339, 0.000120968586998, 0.000119012394862, 0.000109891843749, 4.51086234534e-05, 1.77138971935e-07],
        "dmean2": [0.000536822888535, 0.0108651220798, 0.00270508066751, 0.00273180403747, 0.00643134629354, 0.00122533354443, 0.0013561170781, 0.000849986448884, 0.000589700357523, 0.000371828791685, 0.000471725390526, 0.000695202266797, 0.000758115551434, 0.000441241631052, 0.00042528953054, 0.000352389295585, 0.000315204786602, 0.000454799825093, 0.000356386997737, 0.000174245884409, 0.000179854047019, 0.000172486383235, 0.000173019579961, 0.00017768998805, 0.000172644751729, 7.01728349668e-05, 3.16752590379e-07],
        "dvar": [6.88205147981e-07, 0.000253087113379, 2.14626998059e-05, 2.61645418504e-05, 0.00011219681619, 1.79121843757e-06, 1.35100788157e-06, 7.47956391933e-07, 1.11947599635e-06, 2.76523678622e-07, 3.49965773694e-07, 1.37778863518e-06, 1.00858619589e-06, 3.26883849766e-07, 3.39040354902e-07, 3.20821470723e-07, 1.21971666545e-07, 2.65922324161e-07, 1.81779583386e-07, 3.59203689015e-08, 5.17675999845e-08, 3.57919773819e-08, 3.86648970618e-08, 3.57081120228e-08, 4.75842938386e-08, 8.69767902145e-09, 5.57914391769e-13],
        "dvar2": [1.20816650906e-06, 0.000720877433196, 5.75183912588e-05, 4.54935870948e-05, 0.000248797354288, 4.88194109494e-06, 3.16982755066e-06, 1.60539934768e-06, 2.56941075349e-06, 5.39562051927e-07, 7.467357932e-07, 2.68928215519e-06, 2.18890181714e-06, 7.99384793027e-07, 8.31166005355e-07, 9.05003787466e-07, 3.37743074397e-07, 7.06477749191e-07, 4.87113652525e-07, 8.13539529076e-08, 1.09974415352e-07, 7.47221093889e-08, 8.17894232341e-08, 6.9107336742e-08, 1.09361877776e-07, 1.99906011744e-08, 1.53306685922e-12],
        "max": [0.0123356450349, 0.12744179368, 0.0311334244907, 0.0564128123224, 0.0958750396967, 0.0137453088537, 0.0130933159962, 0.0107259955257, 0.0153229851276, 0.0110996197909, 0.0105241565034, 0.0171548314393, 0.0153285870329, 0.0117988381535, 0.0106522357091, 0.00953605398536, 0.00462336651981, 0.00358646316454, 0.00283536198549, 0.00170794385485, 0.0019339324208, 0.00247816531919, 0.00223429501057, 0.00205779750831, 0.00237231631763, 0.00103318085894, 1.05444969449e-05],
        "mean": [0.000736845016945, 0.0102876937017, 0.00178067595698, 0.00278278114274, 0.00494568282738, 0.00113734661136, 0.00190163357183, 0.00129932770506, 0.000546820636373, 0.000389480410377, 0.000461930176243, 0.000956228061114, 0.000927949382458, 0.000410095730331, 0.000413356960053, 0.000218427012442, 0.000226372212637, 0.000306745292619, 0.00023649862851, 0.000152947977767, 0.000159914416145, 0.000196940454771, 0.000189489335753, 0.000223998722504, 0.000166057390743, 6.0922036937e-05, 1.1846458392e-07],
        "median": [8.07735850685e-05, 0.0052314880304, 0.000119475502288, 0.000113264271931, 0.000707179598976, 0.000487454439281, 0.00107674300671, 0.00066792225698, 0.000197900517378, 0.000161246702191, 0.000244211347308, 0.000215112740989, 0.000254533486441, 0.000133039458888, 0.000121147342725, 5.46269002371e-05, 8.90062292456e-05, 0.000123145233374, 8.57808845467e-05, 6.73456161167e-05, 5.16690743098e-05, 6.69511719025e-05, 6.81909077684e-05, 9.0396264568e-05, 6.08747941442e-05, 2.13684652408e-05, 4.7794085356e-10],
        "min": [5.0307571442e-09, 4.51365735898e-08, 7.05534208834e-09, 3.79344662349e-08, 2.7026517273e-06, 1.9782723939e-06, 4.25432745033e-06, 3.29594013238e-06, 4.10013035435e-06, 2.78752077065e-06, 7.59153579111e-07, 9.49739046519e-07, 1.39305802804e-06, 1.08707229174e-06, 4.72516944683e-07, 4.14949710148e-07, 9.00210181953e-07, 1.07807920813e-06, 3.31078240379e-07, 4.20569605808e-08, 5.26273083779e-07, 7.673565392e-07, 4.06638548611e-07, 4.23171087505e-07, 3.0555338526e-07, 6.99604350146e-12, 7.81717399145e-12],
        "var": [1.78254299499e-06, 0.000294245284749, 2.43566828431e-05, 6.71628513373e-05, 0.000142197153764, 2.71551107289e-06, 4.91880518894e-06, 3.24524853568e-06, 1.487960958e-06, 5.20004675764e-07, 5.74068337755e-07, 6.21892968411e-06, 4.23368601332e-06, 6.52725930195e-07, 6.69268956699e-07, 2.49120404305e-07, 1.18473117539e-07, 2.33741218381e-07, 1.51766926137e-07, 4.96247558601e-08, 7.2571317844e-08, 9.18963323215e-08, 7.89289558156e-08, 1.02202008634e-07, 8.46600016757e-08, 1.37879041517e-08, 3.70019173721e-13]
    },
    "erbbands": {
        "dmean": [0.235002011061, 1.24883055687, 1.76570248604, 4.29565906525, 11.7083444595, 16.0382995605, 6.90684127808, 5.08789968491, 9.35812854767, 15.5022315979, 11.2437829971, 9.01261138916, 6.78223562241, 8.99856376648, 12.7251825333, 22.1988487244, 22.2551422119, 16.1068210602, 12.7021827698, 12.3813257217, 9.05407714844, 10.2147397995, 15.1365737915, 12.2169265747, 8.95352935791, 5.69580507278, 5.17178821564, 4.95425033569, 4.6326751709, 3.7843849659, 3.44490480423, 2.57989215851, 2.23280596733, 1.38017702103, 0.743270456791, 0.311745554209, 0.0637509524822, 0.00471199536696, 0.000105380968307, 2.04974876397e-05],
        "dmean2": [0.385532230139, 2.24829339981, 3.16873812675, 5.97571659088, 17.36079216, 23.9850025177, 11.6431207657, 8.21414661407, 14.550611496, 24.4237480164, 16.4415569305, 13.686170578, 10.6108131409, 13.5953540802, 19.2310619354, 33.4048347473, 34.1501998901, 25.267457962, 19.9965000153, 20.1974887848, 15.2965192795, 17.4563713074, 25.8487854004, 20.1499233246, 15.0893516541, 8.77121734619, 7.68811511993, 7.40432405472, 6.89228630066, 5.43995046616, 5.05118465424, 3.93358397484, 3.32134985924, 2.23202991486, 1.11644530296, 0.477833122015, 0.103565275669, 0.00773999281228, 0.000159499337315, 3.10625437123e-05],
        "dvar": [0.350261718035, 10.6547889709, 26.5813961029, 98.4192733765, 663.159606934, 1794.88525391, 250.080078125, 76.1199951172, 233.893600464, 480.04901123, 391.300964355, 558.810974121, 255.113967896, 343.116424561, 662.413146973, 3422.88378906, 2359.22387695, 964.864868164, 977.91784668, 830.169006348, 459.123168945, 429.155914307, 919.445556641, 599.905944824, 304.095184326, 99.1909561157, 97.4697189331, 79.8167114258, 63.3451957703, 29.2556743622, 37.8682365417, 16.7502632141, 15.2466936111, 7.50566196442, 2.30356645584, 0.443437188864, 0.0162854176015, 0.000110423970909, 4.57224054173e-08, 1.00205466147e-09],
        "dvar2": [0.972075223923, 30.7407531738, 78.7316207886, 160.665176392, 1467.66540527, 3878.6340332, 696.104309082, 189.353485107, 527.37298584, 1161.33972168, 807.740722656, 1223.98425293, 612.712097168, 707.188415527, 1409.11450195, 6816.94970703, 5140.74609375, 2375.64379883, 2003.51953125, 1999.83251953, 1250.60754395, 1201.74365234, 2534.78662109, 1579.47570801, 814.1953125, 229.864349365, 200.557037354, 189.580276489, 144.961868286, 62.9414100647, 77.6105422974, 37.606502533, 33.1842155457, 18.4983043671, 5.01060438156, 0.993187785149, 0.0395534709096, 0.000289118062938, 1.00859558927e-07, 2.29749952396e-09],
        "max": [4.81128644943, 23.851360321, 39.456905365, 111.83782196, 231.744796753, 336.314300537, 157.410369873, 108.420463562, 199.993804932, 227.843276978, 273.489227295, 321.524780273, 239.270767212, 317.706878662, 532.388916016, 868.195007324, 834.925170898, 689.012817383, 636.473632812, 488.783416748, 173.910766602, 160.751602173, 227.816467285, 153.666549683, 115.022491455, 98.5734405518, 93.3406982422, 68.9169540405, 102.762619019, 69.1710281372, 71.0511627197, 47.8887710571, 43.6660461426, 31.8837661743, 16.8891048431, 6.97405719757, 1.37084066868, 0.111006736755, 0.00229696417227, 0.000372955371859],
        "mean": [0.402576953173, 1.8717058897, 2.08911323547, 6.70012807846, 13.4054117203, 18.2405338287, 9.04324245453, 8.5599822998, 19.6035747528, 35.2328262329, 27.4923686981, 14.5796928406, 9.74077320099, 15.631986618, 22.2660655975, 46.9537582397, 45.1465492249, 27.53166008, 19.7857398987, 18.1195774078, 11.2332820892, 12.4066514969, 17.281791687, 13.6191225052, 10.290971756, 7.6845574379, 6.84245872498, 6.17161989212, 6.9972782135, 6.36730146408, 5.28346014023, 4.50895595551, 3.75312042236, 2.09208154678, 1.03968036175, 0.418109148741, 0.0845057815313, 0.00508485920727, 0.000148045408423, 4.74549087812e-05],
        "median": [0.146665543318, 1.06930148602, 0.417525261641, 0.388400286436, 1.46536540985, 2.18991827965, 2.46215343475, 4.08997583389, 10.6158084869, 20.2085075378, 11.461853981, 6.49608182907, 4.63403606415, 8.50894737244, 12.0092220306, 12.0522241592, 14.3916244507, 9.83207607269, 6.93591451645, 5.45301103592, 3.48457598686, 5.55657148361, 7.74545049667, 4.93277835846, 4.16293525696, 3.42346525192, 2.3123986721, 1.78259086609, 2.31240725517, 2.64957499504, 1.68589556217, 1.73232626915, 1.40706682205, 0.831329405308, 0.346272796392, 0.143255978823, 0.0300095416605, 0.00148480699863, 5.36871302756e-05, 3.06255933538e-05],
        "min": [1.48453932525e-06, 8.66952450451e-06, 8.36800827528e-05, 0.000748742138967, 0.00625374913216, 0.0221816413105, 0.0216743126512, 0.0312113743275, 0.0653546079993, 0.057930547744, 0.0870826691389, 0.0931176617742, 0.0866797864437, 0.0420724079013, 0.078990727663, 0.0432804562151, 0.120264619589, 0.0517190210521, 0.0407804623246, 0.0249021016061, 0.0335566699505, 0.0744056478143, 0.0586216002703, 0.0786753967404, 0.0414345562458, 0.016620978713, 0.023058604449, 0.0208479389548, 0.0287367030978, 0.026333745569, 0.00872484315187, 0.00699317455292, 0.00353723601438, 0.00479246350005, 0.000399324519094, 2.17989108933e-05, 8.68498409545e-06, 5.81598897043e-07, 1.90715138615e-06, 2.56807948062e-06],
        "var": [0.43022954464, 11.7063941956, 24.187286377, 338.093200684, 864.320495605, 2299.53173828, 268.448608398, 143.259170532, 830.921508789, 1694.1817627, 1853.53039551, 799.528076172, 294.982513428, 642.130615234, 1288.02929688, 14115.546875, 10156.1601562, 2388.96142578, 1728.67150879, 1762.54345703, 417.232513428, 360.857391357, 737.046203613, 518.476257324, 267.334838867, 129.773727417, 140.057495117, 104.132537842, 129.145889282, 74.262802124, 71.2364349365, 41.2681312561, 33.6347045898, 12.9925060272, 3.87771129608, 0.695960998535, 0.0246561300009, 0.000115919981909, 6.85253880306e-08, 1.9941097662e-09]
    },
    "gfcc": {
        "mean": [5.27546548843, 70.854888916, -108.232795715, 27.2351150513, -69.6183700562, 27.2311763763, -42.2609863281, 18.061000824, -24.7489833832, 12.403049469, -4.95716905594, 5.33542919159, -15.2979021072],
        "cov": [[2410.00610352, -389.571533203, 38.4530487061, 483.295623779, 16.5294246674, -26.7086181641, -134.733459473, -142.337249756, -178.191894531, -109.328720093, -261.53326416, 22.1636295319, -44.2008361816], [-389.571533203, 1023.14465332, 377.996063232, 196.465332031, 366.488616943, 110.254501343, 283.270965576, 85.8417205811, 88.4491729736, -36.299621582, 145.963592529, 39.8512954712, 76.6983566284], [38.4530487061, 377.996063232, 1228.57666016, 463.278961182, 319.313323975, 330.552185059, 328.608276367, 126.993980408, -39.8281021118, 40.3862419128, 79.3699569702, 85.5045013428, -51.1677398682], [483.295623779, 196.465332031, 463.278961182, 624.745910645, 249.309783936, 107.066040039, 58.819896698, 24.5546264648, 73.0009384155, -105.389984131, -58.8498573303, -4.05446147919, 77.4961700439], [16.5294246674, 366.488616943, 319.313323975, 249.309783936, 469.739501953, 214.087219238, 165.265136719, 119.981956482, 139.423187256, 41.6793365479, 24.4208374023, 26.5689849854, 8.25409603119], [-26.7086181641, 110.254501343, 330.552185059, 107.066040039, 214.087219238, 353.30847168, 226.324203491, 110.713340759, 67.5996856689, 99.346824646, 80.5053253174, 8.68620967865, -28.9979038239], [-134.733459473, 283.270965576, 328.608276367, 58.819896698, 165.265136719, 226.324203491, 342.315124512, 110.019554138, 6.18204784393, 99.6110076904, 113.584693909, 42.7482719421, -40.138671875], [-142.337249756, 85.8417205811, 126.993980408, 24.5546264648, 119.981956482, 110.713340759, 110.019554138, 229.036758423, 161.588256836, 85.4911651611, 59.0291633606, 35.8800468445, 27.4618358612], [-178.191894531, 88.4491729736, -39.8281021118, 73.0009384155, 139.423187256, 67.5996856689, 6.18204784393, 161.588256836, 314.384918213, 74.9942474365, 13.6943950653, -11.661816597, 71.0692062378], [-109.328720093, -36.299621582, 40.3862419128, -105.389984131, 41.6793365479, 99.346824646, 99.6110076904, 85.4911651611, 74.9942474365, 219.309188843, 95.0809631348, 16.9341220856, -43.7701644897], [-261.53326416, 145.963592529, 79.3699569702, -58.8498573303, 24.4208374023, 80.5053253174, 113.584693909, 59.0291633606, 13.6943950653, 95.0809631348, 182.995773315, 62.8640480042, -5.99511814117], [22.1636295319, 39.8512954712, 85.5045013428, -4.05446147919, 26.5689849854, 8.68620967865, 42.7482719421, 35.8800468445, -11.661816597, 16.9341220856, 62.8640480042, 130.468170166, 27.4958496094], [-44.2008361816, 76.6983566284, -51.1677398682, 77.4961700439, 8.25409603119, -28.9979038239, -40.138671875, 27.4618358612, 71.0692062378, -43.7701644897, -5.99511814117, 27.4958496094, 133.761444092]],
        "icov": [[0.000965459039435, -0.000313225726131, 0.000765262346249, -0.00167324719951, 0.000608996720985, -0.000857533304952, 0.000659963756334, -0.000475435372209, 0.00110829505138, -0.0012022855226, 0.00198454386555, -0.00174918363336, 0.00129918579478], [-0.000313225726131, 0.00363554409705, -0.00125255680177, 0.00178425200284, -0.00331470719539, 0.00330044934526, -0.00361886923201, 0.0017406392144, -0.00155004463159, 0.00312073319219, -0.00425402866676, 0.00316634983756, -0.00322102871723], [0.000765262346249, -0.00125255680177, 0.00291792745702, -0.0032621154096, 0.0013745209435, -0.00233743595891, 0.000943090708461, -0.00177890819032, 0.00226977956481, -0.00195369427092, 0.00263168034144, -0.00313883344643, 0.00295179965906], [-0.00167324719951, 0.00178425200284, -0.0032621154096, 0.00722459098324, -0.00335624488071, 0.00266490573995, -0.00233813654631, 0.00257602590136, -0.00341707258485, 0.00454097799957, -0.00413964362815, 0.00489155063406, -0.0053447461687], [0.000608996720985, -0.00331470719539, 0.0013745209435, -0.00335624488071, 0.0073309680447, -0.00461729429662, 0.00255746673793, -0.0017286951188, 0.000114722977742, -0.00291558168828, 0.00510897906497, -0.0046466011554, 0.00441027292982], [-0.000857533304952, 0.00330044934526, -0.00233743595891, 0.00266490573995, -0.00461729429662, 0.00989649537951, -0.00602826895192, 0.0015791435726, -0.00242789695039, 0.00245900242589, -0.00559333059937, 0.00549249816686, -0.00360179762356], [0.000659963756334, -0.00361886923201, 0.000943090708461, -0.00233813654631, 0.00255746673793, -0.00602826895192, 0.0108337877318, -0.003939000424, 0.00383601733483, -0.00411838898435, 0.00274451030418, -0.00358784431592, 0.00407825456932], [-0.000475435372209, 0.0017406392144, -0.00177890819032, 0.00257602590136, -0.0017286951188, 0.0015791435726, -0.003939000424, 0.0110433418304, -0.00637576403096, 0.00142855755985, -0.00250624120235, 0.00030594112468, -0.00264858338051], [0.00110829505138, -0.00155004463159, 0.00226977956481, -0.00341707258485, 0.000114722977742, -0.00242789695039, 0.00383601733483, -0.00637576403096, 0.0101990057155, -0.00506143923849, 0.00352946040221, -0.000646814354695, -0.00075429858407], [-0.0012022855226, 0.00312073319219, -0.00195369427092, 0.00454097799957, -0.00291558168828, 0.00245900242589, -0.00411838898435, 0.00142855755985, -0.00506143923849, 0.0125178517774, -0.00802676100284, 0.00401397841051, -0.00078053859761], [0.00198454386555, -0.00425402866676, 0.00263168034144, -0.00413964362815, 0.00510897906497, -0.00559333059937, 0.00274451030418, -0.00250624120235, 0.00352946040221, -0.00802676100284, 0.0175421759486, -0.00983724277467, 0.00461690174416], [-0.00174918363336, 0.00316634983756, -0.00313883344643, 0.00489155063406, -0.0046466011554, 0.00549249816686, -0.00358784431592, 0.00030594112468, -0.000646814354695, 0.00401397841051, -0.00983724277467, 0.0167915243655, -0.00832566339523], [0.00129918579478, -0.00322102871723, 0.00295179965906, -0.0053447461687, 0.00441027292982, -0.00360179762356, 0.00407825456932, -0.00264858338051, -0.00075429858407, -0.00078053859761, 0.00461690174416, -0.00832566339523, 0.0167561993003]]
    },
    "melbands": {
        "dmean": [0.00185505673289, 0.00112657202408, 0.000857849314343, 0.0011599099962, 0.000277115555946, 0.000122443583678, 0.000150517342263, 0.000155726171215, 9.17629222386e-05, 5.28053387825e-05, 3.48001231032e-05, 3.66599088011e-05, 4.57596433989e-05, 5.50674594706e-05, 5.29354911123e-05, 4.15751201217e-05, 3.04972527374e-05, 2.05491960514e-05, 1.64767607203e-05, 1.71225783561e-05, 1.00582810774e-05, 9.50598132476e-06, 1.56085570779e-05, 1.22002938951e-05, 1.03269558167e-05, 7.28763006919e-06, 4.87419811179e-06, 3.72474028154e-06, 3.26979966303e-06, 3.19624473377e-06, 2.86522958959e-06, 2.97165115626e-06, 2.30377827393e-06, 2.18523291551e-06, 2.18353397941e-06, 1.94892936634e-06, 1.62319054198e-06, 1.85381111351e-06, 1.32855859647e-06, 1.26392001221e-06],
        "dmean2": [0.00309370388277, 0.00205049756914, 0.00122161093168, 0.00168369943276, 0.000448116537882, 0.000198120920686, 0.000234891936998, 0.000244068738539, 0.000134142290335, 8.15534440335e-05, 5.47257623111e-05, 5.54945509066e-05, 7.0108944783e-05, 8.47779592732e-05, 8.14469822217e-05, 6.55916592223e-05, 4.7850106057e-05, 3.25503424392e-05, 2.67132891167e-05, 2.90027965093e-05, 1.69187060237e-05, 1.61466177815e-05, 2.74627327599e-05, 2.02048122446e-05, 1.71550218511e-05, 1.24217840494e-05, 7.9933060988e-06, 5.78329445489e-06, 5.00635906064e-06, 4.79884192828e-06, 4.42005966761e-06, 4.66142546429e-06, 3.31460728376e-06, 3.24705911225e-06, 3.28286637341e-06, 3.00492683891e-06, 2.58747240878e-06, 2.85870805783e-06, 2.1208486487e-06, 2.07480729841e-06],
        "dvar": [2.21257814701e-05, 8.59737428982e-06, 3.19544528793e-06, 8.41564997245e-06, 3.95246559037e-07, 4.37043148338e-08, 5.35355120235e-08, 4.7289930194e-08, 2.88008816796e-08, 2.22520259996e-08, 6.90348578303e-09, 6.54576215453e-09, 8.01144839357e-09, 2.18360796111e-08, 1.05993569477e-08, 6.50758158471e-09, 3.84421072752e-09, 2.82353473935e-09, 1.08558262379e-09, 2.11076733869e-09, 4.82050732664e-10, 3.48453876864e-10, 1.03667241458e-09, 5.01824859445e-10, 4.41634867565e-10, 1.86883758468e-10, 8.56917869996e-11, 4.39551138542e-11, 3.675895352e-11, 3.9731960777e-11, 2.66820506661e-11, 3.05045398663e-11, 1.16236360814e-11, 1.04897609696e-11, 1.55573384036e-11, 1.39175893032e-11, 6.40934007257e-12, 1.16307944178e-11, 6.18623468424e-12, 7.21731875652e-12],
        "dvar2": [6.18202393525e-05, 2.67002542387e-05, 5.91574962527e-06, 1.84450436791e-05, 1.01826367427e-06, 1.0871801237e-07, 1.21265401276e-07, 1.1490836016e-07, 6.19748092845e-08, 4.96703975728e-08, 1.66426552539e-08, 1.32664599306e-08, 1.77581469529e-08, 4.4546663247e-08, 2.22050147158e-08, 1.42849758689e-08, 9.09872088783e-09, 5.80415226992e-09, 2.68603383979e-09, 5.6782130109e-09, 1.25060850564e-09, 9.47290912379e-10, 2.93230706383e-09, 1.30277344468e-09, 1.16934550931e-09, 4.9913162492e-10, 2.21973842085e-10, 1.01391992025e-10, 7.74319566799e-11, 8.54724208077e-11, 6.50743001152e-11, 7.40628114393e-11, 2.36185498242e-11, 2.47034857848e-11, 3.19383998415e-11, 3.39908101665e-11, 1.48738851097e-11, 2.58928919972e-11, 1.4859492109e-11, 1.85727596497e-11],
        "max": [0.0391485877335, 0.0219585020095, 0.0191872641444, 0.0268780980259, 0.00657000066712, 0.0029062484391, 0.00297297700308, 0.00206433935091, 0.00206083804369, 0.00227068341337, 0.00120535609312, 0.00152293371502, 0.00150774221402, 0.0020740206819, 0.00138190062717, 0.00180627102964, 0.00154423050117, 0.00115675595589, 0.000401670637075, 0.000828864809591, 0.000269399606623, 0.000199352856725, 0.000241843372351, 0.00020387020777, 0.000130724962219, 8.58786443132e-05, 7.58794049034e-05, 7.5575291703e-05, 4.94729029015e-05, 5.93016739003e-05, 4.47562997579e-05, 7.00447126292e-05, 5.83230503253e-05, 4.97774017276e-05, 5.53331410629e-05, 4.62563548354e-05, 2.80040276266e-05, 3.84981831303e-05, 2.35115021496e-05, 2.97551505355e-05],
        "mean": [0.00321548338979, 0.00156922847964, 0.0012730397284, 0.00130183680449, 0.000371697824448, 0.000202095718123, 0.000325807515765, 0.000355279102223, 0.000205488351639, 7.82237257226e-05, 4.7185269068e-05, 6.17704499746e-05, 7.10580643499e-05, 0.000113464986498, 0.000109477710794, 8.02598588052e-05, 4.63117321488e-05, 2.94847413898e-05, 2.4532986572e-05, 2.09984682442e-05, 1.17285489978e-05, 1.1581146282e-05, 1.65744240803e-05, 1.45518442878e-05, 1.06730203697e-05, 8.45358044899e-06, 5.58882993573e-06, 4.9598388614e-06, 4.23584060627e-06, 3.97440544475e-06, 3.44523914464e-06, 4.01900706493e-06, 3.81599193133e-06, 3.42049315805e-06, 3.16127466249e-06, 2.67615473604e-06, 2.78281231658e-06, 2.88578166874e-06, 1.99058308681e-06, 1.71394776771e-06],
        "median": [0.00149897416122, 0.000642664497718, 9.3881819339e-05, 0.000159533781698, 8.61024964252e-05, 8.99044025573e-05, 0.000193518091692, 0.000224808827625, 7.77776731411e-05, 2.99894727505e-05, 2.12024606299e-05, 3.16573023156e-05, 3.89498054574e-05, 2.48870946962e-05, 3.17284175253e-05, 2.40492609009e-05, 1.38161149152e-05, 8.89112743607e-06, 7.91214733908e-06, 4.82343511976e-06, 3.61184447684e-06, 4.74157513963e-06, 6.86863222654e-06, 6.13375004832e-06, 3.29038675773e-06, 3.30315083374e-06, 2.21574350689e-06, 2.17664296542e-06, 1.36634980663e-06, 1.28773342567e-06, 9.03563716292e-07, 1.17120112009e-06, 1.38724271892e-06, 1.48273124978e-06, 9.84023472483e-07, 7.92496621216e-07, 1.13509474886e-06, 1.04803666545e-06, 7.660453889e-07, 6.17296393557e-07],
        "min": [1.36550850627e-08, 1.32847359779e-08, 8.55783781617e-08, 1.20402046377e-06, 2.17723737705e-07, 3.87474102581e-07, 5.28536418187e-07, 4.38387360191e-07, 6.67111237362e-07, 5.54207360892e-07, 3.38310854886e-07, 1.43245813433e-07, 1.96545130393e-07, 1.04739612539e-07, 1.23785937944e-07, 1.4985475616e-07, 7.32739238174e-08, 5.70233140706e-08, 3.68741126522e-08, 3.83399907378e-08, 2.00021936791e-08, 4.73545931357e-08, 5.58213066881e-08, 6.43263149414e-08, 5.06746538065e-08, 2.31250805172e-08, 8.10150613262e-09, 4.08736333668e-09, 8.10162381626e-10, 4.52879689306e-09, 5.06828179425e-09, 1.74314618295e-10, 9.31048660391e-09, 1.03245145766e-08, 2.92426527437e-09, 1.67602348666e-10, 2.66738253707e-09, 2.41087860786e-09, 1.99784411237e-09, 3.5136522164e-11],
