{
"highlevel": {
    "danceability": {
        "all": {
            "danceable": 1.40060847116e-05,
            "not_danceable": 0.999985992908
        },
        "probability": 0.999985992908,
        "value": "not_danceable"
    },
    "gender": {
        "all": {
            "female": 0.736010074615,
            "male": 0.263989925385
        },
        "probability": 0.736010074615,
        "value": "female"
    },
    "genre_dortmund": {
        "all": {
            "alternative": 0.0449887402356,
            "blues": 0.0059422343038,
            "electronic": 0.0179802458733,
            "folkcountry": 0.140473499894,
            "funksoulrnb": 0.0033270935528,
            "jazz": 0.765352129936,
            "pop": 0.0174468513578,
            "raphiphop": 0.000306166213704,
            "rock": 0.0041830400005
        },
        "probability": 0.765352129936,
        "value": "jazz"
    },
    "genre_electronic": {
        "all": {
            "ambient": 0.98271459341,
            "dnb": 0.000715605507139,
            "house": 0.0134598454461,
            "techno": 0.00167104776483,
            "trance": 0.00143890886102
        },
        "probability": 0.98271459341,
        "value": "ambient"
    },
    "genre_rosamerica": {
        "all": {
            "cla": 0.900128602982,
            "dan": 0.000584588735364,
            "hip": 0.000453826942248,
            "jaz": 0.0787409618497,
            "pop": 0.0020004096441,
            "rhy": 0.0139297880232,
            "roc": 0.00163692899514,
            "spe": 0.00252488115802
        },
        "probability": 0.900128602982,
        "value": "cla"
    },
    "genre_tzanetakis": {
        "all": {
            "blu": 0.00484191346914,
            "cla": 0.884658098221,
            "cou": 0.000740094401408,
            "dis": 0.00193665269762,
            "hip": 0.000692455971148,
            "jaz": 0.102803498507,
            "met": 0.0011286289664,
            "pop": 0.00108768604696,
            "reg": 0.000467609846964,
            "roc": 0.00164339388721
        },
        "probability": 0.884658098221,
        "value": "cla"
    },
    "ismir04_rhythm": {
        "all": {
            "ChaChaCha": 0.000492791295983,
            "Jive": 8.59256106196e-05,
            "Quickstep": 0.000442212098278,
            "Rumba-American": 0.0150577593595,
            "Rumba-International": 0.00458563072607,
            "Rumba-Misc": 0.0023434474133,
            "Samba": 0.000295185309369,
            "Tango": 0.00655069341883,
            "VienneseWaltz": 0.00223479955457,
            "Waltz": 0.967911541462
        },
        "probability": 0.967911541462,
        "value": "Waltz"
    },
    "mood_acoustic": {
        "all": {
            "acoustic": 0.994379520416,
            "not_acoustic": 0.00562046375126
        },
        "probability": 0.994379520416,
        "value": "acoustic"
    },
    "mood_aggressive": {
        "all": {
            "aggressive": 1.99993178285e-06,
            "not_aggressive": 0.999997973442
        },
        "probability": 0.999997973442,
        "value": "not_aggressive"
    },
    "mood_electronic": {
        "all": {
            "electronic": 0.392762750387,
            "not_electronic": 0.60723721981
        },
        "probability": 0.60723721981,
        "value": "not_electronic"
    },
    "mood_happy": {
        "all": {
            "happy": 2.58658815255e-06,
            "not_happy": 0.999997437
        },
        "probability": 0.999997437,
        "value": "not_happy"
    },
    "mood_party": {
        "all": {
            "not_party": 0.999137461185,
            "party": 0.000862523971591
        },
        "probability": 0.999137461185,
        "value": "not_party"
    },
    "mood_relaxed": {
        "all": {
            "not_relaxed": 6.649901934e-06,
            "relaxed": 0.99999332428
        },
        "probability": 0.99999332428,
        "value": "relaxed"
    },
    "mood_sad": {
        "all": {
            "not_sad": 0.0847955420613,
            "sad": 0.915204465389
        },
        "probability": 0.915204465389,
        "value": "sad"
    },
    "moods_mirex": {
        "all": {
            "Cluster1": 0.0255446340889,
            "Cluster2": 0.027963815257,
            "Cluster3": 0.886803865433,
            "Cluster4": 0.0542666725814,
            "Cluster5": 0.00542100286111
        },
        "probability": 0.886803865433,
        "value": "Cluster3"
    },
    "timbre": {
        "all": {
            "bright": 0.17841167748,
            "dark": 0.821588337421
        },
        "probability": 0.821588337421,
        "value": "dark"
    },
    "tonal_atonal": {
        "all": {
            "atonal": 8.39208405523e-06,
            "tonal": 0.999991595745
        },
        "probability": 0.999991595745,
        "value": "tonal"
    },
    "voice_instrumental": {
        "all": {
            "instrumental": 0.999999940395,
            "voice": 6.15192305986e-08
        },
        "probability": 0.999999940395,
        "value": "instrumental"
    }
},
"lowlevel": {
    "average_loudness": 0.82857888937,
    "barkbands_crest": {
        "dmean": 1.68165457249,
        "dmean2": 2.58955073357,
        "dvar": 2.82244968414,
        "dvar2": 5.50123977661,
        "max": 24.6878585815,
        "mean": 13.0915670395,
        "median": 12.6989936829,
        "min": 4.20450496674,
        "var": 17.3093776703
    },
    "barkbands_flatness_db": {
        "dmean": 0.020882204175,
        "dmean2": 0.0321546457708,
        "dvar": 0.000429444742622,
        "dvar2": 0.000944245781284,
        "max": 0.506620168686,
        "mean": 0.40360429883,
        "median": 0.411936193705,
        "min": 0.209598332644,
        "var": 0.00234685325995
    },
    "barkbands_kurtosis": {
        "dmean": 1.65236246586,
        "dmean2": 2.39259052277,
        "dvar": 7.35448694229,
        "dvar2": 14.8337879181,
        "max": 66.9450149536,
        "mean": 3.79022526741,
        "median": 2.22238826752,
        "min": -1.82839345932,
        "var": 35.9528121948
    },
    "barkbands_skewness": {
        "dmean": 0.387541651726,
        "dmean2": 0.590011894703,
        "dvar": 0.145660936832,
        "dvar2": 0.327373951674,
        "max": 3.84090018272,
        "mean": 0.777031600475,
        "median": 0.792693138123,
        "min": -3.22431325912,
        "var": 1.13078665733
    },
    "barkbands_spread": {
        "dmean": 0.617694675922,
        "dmean2": 0.926268935204,
        "dvar": 0.798954665661,
        "dvar2": 1.61907196045,
        "max": 15.7458572388,
        "mean": 3.59921622276,
        "median": 2.57428383827,
        "min": 0.326319992542,
        "var": 8.11188220978
    },
    "dissonance": {
        "dmean": 0.0508533641696,
        "dmean2": 0.0858725979924,
        "dvar": 0.00221581547521,
        "dvar2": 0.00567077985033,
        "max": 0.497785866261,
        "mean": 0.290682703257,
        "median": 0.285638689995,
        "min": 0.111559085548,
        "var": 0.00627168919891
    },
    "dynamic_complexity": 3.50196766853,
    "erbbands_crest": {
        "dmean": 2.08247661591,
        "dmean2": 3.04368162155,
        "dvar": 5.94312906265,
        "dvar2": 11.2742433548,
        "max": 32.2717552185,
        "mean": 16.3232307434,
        "median": 14.9380054474,
        "min": 6.65634536743,
        "var": 36.3745231628
    },
    "erbbands_flatness_db": {
        "dmean": 0.0170587655157,
        "dmean2": 0.0254895742983,
        "dvar": 0.000330281240167,
        "dvar2": 0.00062561017694,
        "max": 0.519693017006,
        "mean": 0.405001729727,
        "median": 0.407380789518,
        "min": 0.227878466249,
        "var": 0.00143785402179
    },
    "erbbands_kurtosis": {
        "dmean": 1.35721743107,
        "dmean2": 1.95171105862,
        "dvar": 6.1666636467,
        "dvar2": 10.3617515564,
        "max": 43.217300415,
        "mean": 2.99443244934,
        "median": 1.21992301941,
        "min": -1.76338887215,
        "var": 35.4307098389
    },
    "erbbands_skewness": {
        "dmean": 0.316257089376,
        "dmean2": 0.445956319571,
        "dvar": 0.127131417394,
        "dvar2": 0.257299810648,
        "max": 4.44530487061,
        "mean": 0.315383821726,
        "median": 0.367531001568,
        "min": -4.28353452682,
        "var": 1.13882231712
    },
    "erbbands_spread": {
        "dmean": 1.12045943737,
        "dmean2": 1.6345179081,
        "dvar": 2.1339507103,
        "dvar2": 4.7156162262,
        "max": 26.3053016663,
        "mean": 7.43885946274,
        "median": 6.4611325264,
        "min": 0.737234830856,
        "var": 18.4716014862
    },
    "hfc": {
        "dmean": 2.2021985054,
        "dmean2": 2.95857548714,
        "dvar": 17.6476039886,
        "dvar2": 33.2677688599,
        "max": 74.2391281128,
        "mean": 10.0929222107,
        "median": 7.51969861984,
        "min": 0.0652119666338,
        "var": 86.7452011108
    },
    "melbands_crest": {
        "dmean": 2.2126698494,
        "dmean2": 3.462048769,
        "dvar": 5.33622169495,
        "dvar2": 10.4672851562,
        "max": 31.9799728394,
        "mean": 16.1028366089,
        "median": 15.2653903961,
        "min": 5.97408294678,
        "var": 25.284526825
    },
    "melbands_flatness_db": {
        "dmean": 0.0228871591389,
        "dmean2": 0.0345793813467,
        "dvar": 0.000547915056814,
        "dvar2": 0.00126295303926,
        "max": 0.635387063026,
        "mean": 0.506655991077,
        "median": 0.514210522175,
        "min": 0.269573897123,
        "var": 0.00301417591982
    },
    "melbands_kurtosis": {
        "dmean": 1.55778634548,
        "dmean2": 2.31960391998,
        "dvar": 4.7550201416,
        "dvar2": 10.507692337,
        "max": 25.8484954834,
        "mean": 3.40906143188,
        "median": 2.15094947815,
        "min": -1.88171875477,
        "var": 20.0515193939
    },
    "melbands_skewness": {
        "dmean": 0.346297353506,
        "dmean2": 0.520720779896,
        "dvar": 0.123916305602,
        "dvar2": 0.252469658852,
        "max": 4.34551239014,
        "mean": 0.994340181351,
        "median": 1.05574500561,
        "min": -2.81268525124,
        "var": 1.1615267992
    },
    "melbands_spread": {
        "dmean": 1.05394113064,
        "dmean2": 1.55784451962,
        "dvar": 2.63473272324,
        "dvar2": 5.58791875839,
        "max": 25.7516403198,
        "mean": 6.00957584381,
        "median": 4.16619873047,
        "min": 0.746314942837,
        "var": 22.2799930573
    },
    "pitch_salience": {
        "dmean": 0.0459264814854,
        "dmean2": 0.0723537802696,
        "dvar": 0.00231543113478,
        "dvar2": 0.00561643252149,
        "max": 0.777095854282,
        "mean": 0.487961381674,
        "median": 0.486276656389,
        "min": 0.224666789174,
        "var": 0.0087457196787
    },
    "silence_rate_20dB": {
        "dmean": 0,
        "dmean2": 0,
        "dvar": 0,
        "dvar2": 0,
        "max": 1,
        "mean": 1,
        "median": 1,
        "min": 1,
        "var": 0
    },
    "silence_rate_30dB": {
        "dmean": 0.00773993786424,
        "dmean2": 0.0147172734141,
        "dvar": 0.0076800188981,
        "dvar2": 0.0175989512354,
        "max": 1,
        "mean": 0.990719258785,
        "median": 1,
        "min": 0,
        "var": 0.00919465254992
    },
    "silence_rate_60dB": {
        "dmean": 0.0108359130099,
        "dmean2": 0.0216886140406,
        "dvar": 0.0107184611261,
        "dvar2": 0.0212182588875,
        "max": 1,
        "mean": 0.0843000784516,
        "median": 0,
        "min": 0,
        "var": 0.0771934092045
    },
    "spectral_centroid": {
        "dmean": 29.690366745,
        "dmean2": 44.1562309265,
        "dvar": 2000.85449219,
        "dvar2": 4243.98876953,
        "max": 1091.21826172,
        "mean": 415.477905273,
        "median": 383.134674072,
        "min": 196.689575195,
        "var": 15532.6708984
    },
    "spectral_complexity": {
        "dmean": 1.04334366322,
        "dmean2": 1.72966694832,
        "dvar": 1.1776856184,
        "dvar2": 2.53962206841,
        "max": 20,
        "mean": 7.88940429688,
        "median": 8,
        "min": 1,
        "var": 7.34353160858
    },
    "spectral_decrease": {
        "dmean": 1.42245715207e-09,
        "dmean2": 2.01740224526e-09,
        "dvar": 5.18201274086e-18,
        "dvar2": 9.30600605717e-18,
        "max": -5.64476243525e-11,
        "mean": -6.5690706208e-09,
        "median": -5.58845547616e-09,
        "min": -3.88126650819e-08,
        "var": 2.97628683383e-17
    },
    "spectral_energy": {
        "dmean": 0.00555623834953,
        "dmean2": 0.00786753650755,
        "dvar": 7.89774858276e-05,
        "dvar2": 0.000141664248076,
        "max": 0.149468064308,
        "mean": 0.0257086250931,
        "median": 0.0217661652714,
        "min": 0.000218961082282,
        "var": 0.000454544526292
    },
    "spectral_energyband_high": {
        "dmean": 2.46870797582e-07,
        "dmean2": 4.09797934253e-07,
        "dvar": 3.15316739732e-12,
        "dvar2": 8.52072665897e-12,
        "max": 4.82339528389e-05,
        "mean": 2.71336602964e-07,
        "median": 9.41013169609e-08,
        "min": 3.0019410957e-08,
        "var": 2.18756154684e-12
    },
    "spectral_energyband_low": {
        "dmean": 0.00140963506419,
        "dmean2": 0.00212135515176,
        "dvar": 1.1906689906e-05,
        "dvar2": 2.51750625466e-05,
        "max": 0.0646528080106,
        "mean": 0.00330761587247,
        "median": 0.000734054541681,
        "min": 1.24308269278e-06,
        "var": 4.57746573375e-05
    },
    "spectral_energyband_middle_high": {
        "dmean": 0.000737735012081,
        "dmean2": 0.00100051262416,
        "dvar": 8.23913342174e-06,
        "dvar2": 1.65619949257e-05,
        "max": 0.0516661293805,
        "mean": 0.00212381244637,
        "median": 0.000369093380868,
        "min": 1.96889664039e-06,
        "var": 3.03670913127e-05
    },
    "spectral_energyband_middle_low": {
        "dmean": 0.0048568896018,
        "dmean2": 0.00690872315317,
        "dvar": 6.58644203213e-05,
        "dvar2": 0.000114271999337,
        "max": 0.144085302949,
        "mean": 0.0219625066966,
        "median": 0.0173437427729,
        "min": 0.000158327806275,
        "var": 0.000386846164474
    },
    "spectral_entropy": {
        "dmean": 0.154424190521,
        "dmean2": 0.233463257551,
        "dvar": 0.0351259149611,
        "dvar2": 0.0765851661563,
        "max": 7.28973770142,
        "mean": 5.17720794678,
        "median": 5.08929443359,
        "min": 4.32097673416,
        "var": 0.153982833028
    },
    "spectral_flux": {
        "dmean": 0.0180604960769,
        "dmean2": 0.0282773040235,
        "dvar": 0.000668902823236,
        "dvar2": 0.00150199513882,
        "max": 0.269026756287,
        "mean": 0.0414747819304,
        "median": 0.031685963273,
        "min": 0.00340992468409,
        "var": 0.00113907980267
    },
    "spectral_kurtosis": {
        "dmean": 40.7701377869,
        "dmean2": 68.8054504395,
        "dvar": 1285.1583252,
        "dvar2": 3426.51171875,
        "max": 340.019012451,
        "mean": 132.613677979,
        "median": 132.126434326,
        "min": 5.55936813354,
        "var": 3520.13647461
    },
    "spectral_rms": {
        "dmean": 0.000493780884426,
        "dmean2": 0.00069305190118,
        "dvar": 4.2171021164e-07,
        "dvar2": 7.36281037916e-07,
        "max": 0.0120756989345,
        "mean": 0.00456513697281,
        "median": 0.00460817571729,
        "min": 0.000462191062979,
        "var": 4.24113113695e-06
    },
    "spectral_rolloff": {
        "dmean": 47.799571991,
        "dmean2": 84.2811431885,
        "dvar": 11565.3535156,
        "dvar2": 22423.9941406,
        "max": 1313.52539062,
        "mean": 566.825744629,
        "median": 516.796875,
        "min": 172.265625,
        "var": 52375.7539062
    },
    "spectral_skewness": {
        "dmean": 1.71446466446,
        "dmean2": 2.91033625603,
        "dvar": 2.08333039284,
        "dvar2": 5.46949529648,
        "max": 15.2325878143,
        "mean": 8.58499145508,
        "median": 8.73972892761,
        "min": 2.31873846054,
        "var": 5.64695739746
    },
    "spectral_spread": {
        "dmean": 239480.09375,
        "dmean2": 388888.46875,
        "dvar": 360386822144,
        "dvar2": 421991448576,
        "max": 21334348,
        "mean": 783368.125,
        "median": 719873.5,
        "min": 275637.25,
        "var": 412909830144
    },
    "spectral_strongpeak": {
        "dmean": 0.417682945728,
        "dmean2": 0.674146950245,
        "dvar": 0.505564272404,
        "dvar2": 1.15092754364,
        "max": 9.62997913361,
        "mean": 1.45528817177,
        "median": 0.951970517635,
        "min": 0.0195600371808,
        "var": 1.81904327869
    },
    "zerocrossingrate": {
        "dmean": 0.00169424526393,
        "dmean2": 0.00212332373485,
        "dvar": 3.75228069061e-06,
        "dvar2": 4.70059148938e-06,
        "max": 0.0556640625,
        "mean": 0.0199640188366,
        "median": 0.0185546875,
        "min": 0.005859375,
        "var": 4.78740366816e-05
    },
    "barkbands": {
        "dmean": [3.18835941471e-06, 0.00026527576847, 0.000559587439056, 0.00154948828276, 0.00172709906474, 0.00153350003529, 0.000449762068456, 0.00127835175954, 0.000484732241603, 0.000393819849705, 0.000197566259885, 0.000196733410121, 8.48321869853e-05, 1.41249165608e-05, 1.14038102765e-05, 4.13788984588e-06, 8.43718225951e-06, 1.39011297051e-06, 4.95024153224e-07, 3.30189607212e-07, 8.37665936615e-08, 3.8005961045e-08, 2.18419042852e-08, 2.06231494104e-08, 9.67732827206e-09, 7.4083588153e-09, 1.01885699877e-09],
        "dmean2": [4.79202435599e-06, 0.000460491632111, 0.000868219649419, 0.00232728431001, 0.00272207823582, 0.00226369686425, 0.000725153542589, 0.00150043680333, 0.000717894465197, 0.000496437773108, 0.000298284401651, 0.000296438403893, 0.000117580319056, 2.14166448131e-05, 1.55583711603e-05, 6.78369860907e-06, 1.31696633616e-05, 2.20620540858e-06, 7.74034901951e-07, 5.08709547375e-07, 1.43378144912e-07, 6.01618026508e-08, 3.64136170106e-08, 3.31325935576e-08, 1.63778626217e-08, 1.21121210839e-08, 1.48456591464e-09],
        "dvar": [4.30227548032e-10, 2.14240799323e-07, 1.74644026174e-06, 2.01409202418e-05, 9.73394435277e-06, 7.24566370991e-06, 1.41383134178e-06, 1.2781390069e-05, 2.60456909018e-06, 3.01217437482e-06, 2.29884631153e-06, 1.77987965344e-06, 1.04620187358e-06, 3.17901283076e-09, 3.06034153574e-09, 3.99000582574e-10, 2.26224217137e-09, 5.4635077712e-11, 4.91452104706e-12, 5.74761245542e-12, 1.24007547937e-13, 4.1781228271e-14, 4.70096297704e-15, 3.5462209595e-15, 1.86023237118e-15, 1.67362158966e-15, 1.59577394138e-16],
        "dvar2": [4.56132409621e-10, 5.76398008434e-07, 5.0283656492e-06, 3.20282670145e-05, 2.30171699513e-05, 1.51004005602e-05, 3.36962420988e-06, 1.8744434783e-05, 5.93632967139e-06, 4.39138784714e-06, 5.36631659998e-06, 4.55354529549e-06, 2.17695423999e-06, 8.36768698775e-09, 4.82973794291e-09, 1.06474828954e-09, 6.00560534636e-09, 1.39819295031e-10, 1.07023409232e-11, 1.21887057739e-11, 3.31861274572e-13, 9.58593488333e-14, 1.08044837657e-14, 6.93553753585e-15, 2.83331737351e-15, 2.32021890714e-15, 1.6258739189e-16],
        "max": [0.000733368680812, 0.00851838849485, 0.0234683360904, 0.112119391561, 0.0460490398109, 0.0504622682929, 0.0296916756779, 0.0811503306031, 0.0342489145696, 0.043787561357, 0.050983145833, 0.0254207365215, 0.0352124497294, 0.00148664985318, 0.00138684362173, 0.000383295526262, 0.00107782694977, 0.000145365105709, 4.5289445552e-05, 6.02330474067e-05, 6.12802705291e-06, 6.22873494649e-06, 1.23405629893e-06, 1.27071996303e-06, 1.27664679894e-06, 1.2774003153e-06, 4.30769603099e-07],
        "mean": [3.62332957593e-06, 0.000501032103784, 0.00119490188081, 0.00305899954401, 0.00604400923476, 0.00583921605721, 0.00102409115061, 0.00431271409616, 0.00125875824597, 0.00132323626895, 0.000610725488514, 0.000320774473948, 0.000137218710734, 3.30230286636e-05, 2.43854774453e-05, 6.39334712105e-06, 1.28504361783e-05, 1.55347356667e-06, 5.99956479164e-07, 3.70283544271e-07, 8.2450704042e-08, 4.80255515356e-08, 2.87601746862e-08, 2.51391316652e-08, 9.0012752807e-09, 6.28742036213e-09, 1.01896802107e-09],
        "median": [1.2200933952e-06, 0.000151636879309, 0.000258962187218, 0.000399067968829, 0.0030514432583, 0.0033462101128, 0.00037271270412, 0.00102574832272, 0.0004858787579, 0.000161882402608, 5.65065747651e-05, 1.46993224917e-05, 5.86453916185e-06, 5.97733014729e-06, 3.23731637764e-06, 1.09839459128e-06, 5.61981494229e-07, 1.10482268667e-07, 7.45920090139e-08, 2.77169398544e-08, 2.17702673666e-08, 1.76128320817e-08, 1.58092454683e-08, 1.34080888614e-08, 4.24019619416e-09, 1.48470835626e-09, 2.1928167615e-10],
        "min": [8.88330964344e-10, 1.35176179583e-07, 7.23793078805e-08, 5.7145058463e-07, 2.11516689888e-05, 2.34961567003e-06, 1.19201786219e-06, 1.88150909253e-06, 4.74993044008e-07, 2.0376876364e-07, 4.4186243997e-08, 8.07976174855e-09, 2.37792612268e-08, 3.06715541853e-08, 1.65406479624e-08, 3.86343490533e-09, 3.4616252087e-09, 2.84545942364e-09, 2.77341283272e-09, 4.24754853512e-09, 4.89168439088e-09, 4.25571844431e-09, 2.516129749e-09, 1.46525763745e-10, 3.34688561587e-11, 4.9534279456e-11, 6.97456259413e-11],
        "var": [4.39919406459e-10, 1.04254309008e-06, 4.99368752571e-06, 7.46034784243e-05, 5.14222811034e-05, 5.48842108401e-05, 4.9303985179e-06, 7.67298988649e-05, 5.81654876441e-06, 1.76353714778e-05, 9.12013001653e-06, 2.08595565709e-06, 1.74652950591e-06, 8.63983373733e-09, 8.32020408126e-09, 3.74441977424e-10, 2.32512076259e-09, 5.53548457072e-11, 6.94113429928e-12, 6.93193983117e-12, 9.39002497177e-14, 4.7713138914e-14, 3.843330683e-15, 3.3272773422e-15, 1.66213307003e-15, 1.57113759106e-15, 1.59694324389e-16]
    },
    "erbbands": {
        "dmean": [0.00284433667548, 0.0777404084802, 0.504747033119, 3.15546250343, 6.26910448074, 4.44284343719, 15.133518219, 7.45306921005, 3.50674796104, 19.5636615753, 23.6530971527, 11.4812507629, 9.37687110901, 10.7585954666, 8.71024608612, 8.76408481598, 4.60732460022, 0.823914527893, 0.59847766161, 0.285305708647, 0.432079821825, 0.265288621187, 0.0716627165675, 0.0596747212112, 0.0232275631279, 0.0168580412865, 0.00448335614055, 0.00264354911633, 0.00125125516206, 0.000869467330631, 0.000590135285165, 0.000557874911465, 0.000261806271737, 0.00012880450231, 6.46932676318e-05, 3.39383041137e-05, 1.50336827573e-05, 1.84323153007e-06, 2.62521075456e-06, 6.17753039478e-06],
        "dmean2": [0.00479771476239, 0.134499117732, 0.772902965546, 4.64187479019, 10.1108894348, 7.05822610855, 22.1561145782, 11.2782640457, 5.44905138016, 25.788898468, 27.0554561615, 16.4610595703, 12.2213277817, 13.7524251938, 13.0448579788, 12.7409906387, 6.44653320312, 1.15711665154, 0.808029234409, 0.411416232586, 0.708136677742, 0.411397993565, 0.116414278746, 0.0877695977688, 0.0357481725514, 0.0256136711687, 0.00751521531492, 0.00454914662987, 0.00205523101613, 0.00146420334931, 0.000988808576949, 0.000899006496184, 0.000427284190664, 0.000220438931137, 0.000107952451799, 5.61429878871e-05, 2.41416582867e-05, 2.78850393443e-06, 3.66222548109e-06, 8.73340559338e-06],
        "dvar": [1.96144865185e-05, 0.0192743875086, 1.16966116428, 81.7108688354, 213.893920898, 55.7449073792, 850.436523438, 193.438400269, 65.4150085449, 5691.62988281, 4584.11669922, 1843.74243164, 757.736572266, 2864.20727539, 5003.47119141, 3219.55126953, 2170.76831055, 7.75072479248, 7.90000343323, 1.71886229515, 6.37578678131, 1.96157360077, 0.144890278578, 0.0918512865901, 0.0149916596711, 0.0182429999113, 0.000682989601046, 0.000133958514198, 2.63169840764e-05, 7.14973748472e-06, 3.3500475638e-06, 2.22075300371e-06, 7.52961966555e-07, 2.90130628855e-07, 9.17438782722e-08, 2.55373695524e-08, 6.40367003868e-09, 2.56208415594e-10, 1.83190546066e-11, 9.74477928906e-11],
        "dvar2": [5.28283635504e-05, 0.0504726581275, 3.15113830566, 138.99432373, 472.071990967, 140.447601318, 1803.11779785, 371.16418457, 156.936248779, 9951.59082031, 6200.5625, 4021.17553711, 1103.12524414, 4403.11035156, 11683.8955078, 8094.04980469, 4659.51660156, 12.8776550293, 12.6932001114, 3.22119927406, 17.5047054291, 5.06467151642, 0.358363896608, 0.181003451347, 0.0346451662481, 0.0357308872044, 0.00182996585499, 0.000317330908729, 5.53203026357e-05, 1.64598732226e-05, 7.62621948525e-06, 4.49562776339e-06, 1.41565328704e-06, 5.44333602193e-07, 1.18284660289e-07, 3.61530894111e-08, 9.16807607609e-09, 2.86022039386e-10, 3.00914432261e-11, 1.74553635435e-10],
        "max": [0.0542425811291, 2.59601259232, 17.6411571503, 209.015609741, 204.468139648, 128.677902222, 488.837738037, 296.460357666, 235.906677246, 2219.58251953, 1561.32910156, 1017.56884766, 587.732055664, 1340.22412109, 2390.48925781, 1054.39807129, 1588.68164062, 84.4115219116, 71.5183486938, 35.9300918579, 55.5712356567, 30.1398353577, 8.24808692932, 6.63364362717, 2.85163712502, 3.56108403206, 0.673504590988, 0.223588630557, 0.132795155048, 0.0518125221133, 0.0329843834043, 0.0258171111345, 0.0213614180684, 0.0136442137882, 0.00980028137565, 0.00498089240864, 0.00247291103005, 0.000549032352865, 9.24789346755e-05, 0.00016374628467],
        "mean": [0.00448387861252, 0.158451452851, 1.2065166235, 6.7191028595, 17.927520752, 15.5926017761, 50.6764411926, 30.3271465302, 10.591547966, 57.2191314697, 85.0620117188, 32.0156173706, 32.1710128784, 34.055229187, 27.2830963135, 16.1546649933, 8.16856193542, 2.1006975174, 1.41443419456, 0.639745950699, 0.647195219994, 0.41184476018, 0.109504431486, 0.0723282024264, 0.0258749313653, 0.0203686896712, 0.00453509576619, 0.00286395917647, 0.00163775682449, 0.00108202802949, 0.0008019793313, 0.000680904602632, 0.000327118090354, 0.000133891968289, 7.19589079381e-05, 4.01627003157e-05, 1.93587511603e-05, 2.83232793663e-06, 1.22134188132e-05, 2.86760405288e-05],
        "median": [0.00202392227948, 0.0472968779504, 0.32129535079, 1.33255290985, 5.93075227737, 8.98342895508, 24.7688598633, 17.371509552, 5.13146400452, 13.7955551147, 18.694890976, 11.8688516617, 5.60109186172, 3.86381649971, 2.85420918465, 1.13030123711, 0.544903874397, 0.459226101637, 0.223932951689, 0.117167688906, 0.0590999089181, 0.0284922067076, 0.00894115120173, 0.00612402008846, 0.00278549664654, 0.00136782031041, 0.00102195399813, 0.000801296613645, 0.000644742453005, 0.000540139561053, 0.000457651651232, 0.000352659233613, 0.000193562576897, 6.97446012055e-05, 3.95952483814e-05, 2.17840552068e-05, 1.01038867797e-05, 1.54980011757e-06, 1.009533662e-05, 2.40295594267e-05],
        "min": [3.54940152647e-06, 4.65786906716e-05, 0.000308755610604, 0.00197466299869, 0.0396474190056, 0.062951810658, 0.0296444837004, 0.0370502062142, 0.0256209038198, 0.055711351335, 0.0485226511955, 0.0232825018466, 0.0188052430749, 0.0173923522234, 0.00610115844756, 0.00229794648476, 0.00231004809029, 0.00231763371266, 0.00118489621673, 0.000550784752704, 0.000280673644738, 0.000235911371419, 0.000187567726243, 0.000198554378585, 0.000142910459545, 0.000187748737517, 0.000199606627575, 0.000175009277882, 0.000131664739456, 0.000124484970002, 6.61624872009e-05, 3.77529540856e-05, 8.39125823404e-06, 3.05513594867e-06, 7.42875954529e-07, 5.08581251779e-07, 2.49955348863e-07, 6.75184068655e-08, 1.13627955045e-07, 2.43050749305e-07],
        "var": [4.15653157688e-05, 0.104096859694, 5.05106496811, 299.363433838, 822.499633789, 310.291778564, 4879.37109375, 1365.03613281, 377.885467529, 26439.9882812, 34431.9765625, 4062.75708008, 4859.26367188, 15626.1835938, 20047.8300781, 3946.39282227, 3498.90600586, 32.509563446, 24.4562797546, 3.95831894875, 5.69645929337, 2.32303190231, 0.265057712793, 0.138505741954, 0.0158662497997, 0.0243107210845, 0.000507465389092, 0.0001324776822, 3.18004786095e-05, 6.11951236351e-06, 2.71077442449e-06, 2.07681114262e-06, 6.84732583522e-07, 2.37545279447e-07, 8.80664572378e-08, 2.42132411898e-08, 6.0983218475e-09, 2.55311938258e-10, 1.05660376282e-10, 5.64304492023e-10]
    },
    "gfcc": {
        "mean": [-206.451934814, 239.0284729, -79.5927124023, -44.3090438843, -58.4995651245, -18.0063228607, -28.2822322845, -20.7112598419, -9.65493392944, -23.7837810516, -9.66551971436, -15.1605100632, -0.739482998848],
        "cov": [[3667.93579102, 590.881896973, -1179.16101074, -167.387802124, 1070.59912109, -47.6186485291, 149.851119995, 98.6143417358, 32.8835144043, -206.893768311, -63.0189437866, -32.07862854, -98.9159545898], [590.881896973, 386.123962402, -82.3386306763, -115.238014221, 294.904083252, 11.9845867157, 39.8954277039, -64.3172683716, 23.0279922485, -103.00428009, -10.3996200562, -8.58179664612, -7.9986114502], [-1179.16101074, -82.3386306763, 915.811889648, 76.1986312866, -410.795532227, 24.3862628937, -113.581840515, -97.909286499, -67.6136703491, 41.0732269287, -4.00407123566, 12.5227413177, 28.2683391571], [-167.387802124, -115.238014221, 76.1986312866, 263.686126709, -31.6617107391, 34.7038764954, 68.0179748535, 54.0491294861, -20.3865776062, -13.5324306488, -4.20854520798, -6.22726869583, -12.416261673], [1070.59912109, 294.904083252, -410.795532227, -31.6617107391, 516.335449219, 73.9572143555, 104.082366943, 27.3700809479, -3.57338690758, -110.97593689, -21.3416004181, 4.3376159668, -45.6029434204], [-47.6186485291, 11.9845867157, 24.3862628937, 34.7038764954, 73.9572143555, 192.505004883, 73.7976760864, -3.48936390877, -65.5045394897, -48.0363235474, 11.4021463394, 10.5575418472, -20.0201950073], [149.851119995, 39.8954277039, -113.581840515, 68.0179748535, 104.082366943, 73.7976760864, 182.441375732, 79.2292709351, -8.36734771729, -57.5904006958, -16.8082790375, -0.875499308109, -27.3252220154], [98.6143417358, -64.3172683716, -97.909286499, 54.0491294861, 27.3700809479, -3.48936390877, 79.2292709351, 181.936508179, 63.619178772, 18.4064254761, -10.4675979614, -12.9847450256, -20.034488678], [32.8835144043, 23.0279922485, -67.6136703491, -20.3865776062, -3.57338690758, -65.5045394897, -8.36734771729, 63.619178772, 152.397659302, 70.8622665405, 19.5174713135, -28.0354251862, -15.0345125198], [-206.893768311, -103.00428009, 41.0732269287, -13.5324306488, -110.97593689, -48.0363235474, -57.5904006958, 18.4064254761, 70.8622665405, 178.145431519, 69.8886413574, -6.82363080978, -41.7057151794], [-63.0189437866, -10.3996200562, -4.00407123566, -4.20854520798, -21.3416004181, 11.4021463394, -16.8082790375, -10.4675979614, 19.5174713135, 69.8886413574, 101.051818848, 14.0331382751, -30.7964992523], [-32.07862854, -8.58179664612, 12.5227413177, -6.22726869583, 4.3376159668, 10.5575418472, -0.875499308109, -12.9847450256, -28.0354251862, -6.82363080978, 14.0331382751, 74.0776824951, 26.1832256317], [-98.9159545898, -7.9986114502, 28.2683391571, -12.416261673, -45.6029434204, -20.0201950073, -27.3252220154, -20.034488678, -15.0345125198, -41.7057151794, -30.7964992523, 26.1832256317, 115.039283752]],
        "icov": [[0.00095593376318, -0.000415986811277, 0.000561617489439, 6.05306631769e-05, -0.00143506831955, 0.000817579624709, 0.000460891227704, -0.000554562779143, 0.000752161431592, 2.8164453397e-05, 8.77924248925e-05, 0.000313218362862, 0.000308584392769], [-0.000415986811277, 0.0188881400973, -0.00668727047741, 0.00752134015784, -0.0132352318615, 0.00547878164798, -0.00789718423039, 0.00851133931428, -0.00900568906218, 0.00856995116919, -0.00775671703741, 0.00491204159334, -0.00254059419967], [0.000561617489439, -0.00668727047741, 0.00467231636867, -0.00317999487743, 0.00569637818262, -0.00261996337213, 0.00391104444861, -0.00246085436083, 0.00327568268403, -0.00255276705138, 0.00360620347783, -0.00225224695168, 0.00180983613245], [6.05306631769e-05, 0.00752134015784, -0.00317999487743, 0.00785237271339, -0.00549275381491, 0.00256922584958, -0.00479125976562, 0.00187595037278, -0.00232763332315, 0.00354400253855, -0.0037400261499, 0.00283135101199, -0.00100272835698], [-0.00143506831955, -0.0132352318615, 0.00569637818262, -0.00549275381491, 0.016757234931, -0.00695034116507, 0.00511452835053, -0.00475662807003, 0.00403219182044, -0.00367617141455, 0.00612728158012, -0.00565821817145, 0.00379525753669], [0.000817579624709, 0.00547878164798, -0.00261996337213, 0.00256922584958, -0.00695034116507, 0.0110002607107, -0.00524257030338, 0.00192505575251, 0.00128241407219, 0.00322631583549, -0.00529370596632, 0.00270358799025, -0.0004410581314], [0.000460891227704, -0.00789718423039, 0.00391104444861, -0.00479125976562, 0.00511452835053, -0.00524257030338, 0.0145039595664, -0.00743784103543, 0.00328599987552, -9.91209890344e-05, 0.00378918368369, -0.00328675075434, 0.00378989125602], [-0.000554562779143, 0.00851133931428, -0.00246085436083, 0.00187595037278, -0.00475662807003, 0.00192505575251, -0.00743784103543, 0.0134586226195, -0.00806805770844, 0.00216749450192, -0.000920069636777, 0.00121319515165, -0.000842343957629], [0.000752161431592, -0.00900568906218, 0.00327568268403, -0.00232763332315, 0.00403219182044, 0.00128241407219, 0.00328599987552, -0.00806805770844, 0.0169510338455, -0.0079880617559, 0.00175169704016, 0.00228820717894, -0.000571017211769], [2.8164453397e-05, 0.00856995116919, -0.00255276705138, 0.00354400253855, -0.00367617141455, 0.00322631583549, -9.91209890344e-05, 0.00216749450192, -0.0079880617559, 0.0176475252956, -0.00969063583761, 0.00102975475602, 0.00361327757128], [8.77924248925e-05, -0.00775671703741, 0.00360620347783, -0.0037400261499, 0.00612728158012, -0.00529370596632, 0.00378918368369, -0.000920069636777, 0.00175169704016, -0.00969063583761, 0.0201956108212, -0.00705299759284, 0.00422130711377], [0.000313218362862, 0.00491204159334, -0.00225224695168, 0.00283135101199, -0.00565821817145, 0.00270358799025, -0.00328675075434, 0.00121319515165, 0.00228820717894, 0.00102975475602, -0.00705299759284, 0.0195502601564, -0.0065374574624], [0.000308584392769, -0.00254059419967, 0.00180983613245, -0.00100272835698, 0.00379525753669, -0.0004410581314, 0.00378989125602, -0.000842343957629, -0.000571017211769, 0.00361327757128, 0.00422130711377, -0.0065374574624, 0.0142629761249]]
    },
    "melbands": {
        "dmean": [4.74788503197e-05, 0.000199325193535, 0.000635040574707, 0.000376121635782, 0.000435550522525, 0.000194340143935, 6.03616863373e-05, 0.000231095851632, 0.000177307345439, 6.61431331537e-05, 4.76933491882e-05, 4.62224634248e-05, 2.69425454462e-05, 2.44127204496e-05, 1.89168677025e-05, 5.04100898979e-06, 1.561249519e-06, 9.78111756922e-07, 7.46171394894e-07, 2.22955208073e-07, 6.72568262416e-07, 3.62053526715e-07, 1.10458714175e-07, 5.78657939343e-08, 4.9040991712e-08, 1.92435987145e-08, 1.30871642412e-08, 1.02651123157e-08, 2.42844455656e-09, 2.64326271981e-09, 1.36867051026e-09, 7.92487797607e-10, 5.60052004772e-10, 4.74854988664e-10, 3.5266053966e-10, 3.48478357282e-10, 3.54564599903e-10, 2.10392370192e-10, 1.3551366973e-10, 1.0598565775e-10],
        "dmean2": [8.21427165647e-05, 0.000315363547998, 0.000966310384683, 0.000587389862631, 0.000647383800242, 0.000290737341857, 9.56537769525e-05, 0.000297181133647, 0.000210936006624, 9.72720663412e-05, 6.15709650447e-05, 5.8608216932e-05, 4.07238476328e-05, 3.71534006263e-05, 2.55338545685e-05, 7.56272584113e-06, 2.32713568948e-06, 1.35426614634e-06, 1.03443346688e-06, 3.45147725511e-07, 1.11999736419e-06, 5.72921010189e-07, 1.52888659954e-07, 9.5396799793e-08, 7.16971655379e-08, 3.01274454273e-08, 2.0986663074e-08, 1.53124464219e-08, 4.20346069063e-09, 4.51127091239e-09, 2.27654362028e-09, 1.26797528033e-09, 9.46772660271e-10, 8.07691635796e-10, 6.02598915211e-10, 5.70371638808e-10, 5.80794412564e-10, 3.4462849241e-10, 2.30859636963e-10, 1.82930462445e-10],
        "dvar": [6.13256156967e-09, 1.73472784581e-07, 2.57738861364e-06, 4.876286539e-07, 6.82271377173e-07, 1.19748492011e-07, 1.70724412385e-08, 7.15293424491e-07, 2.5303467055e-07, 7.1535325219e-08, 2.13289492734e-08, 6.13618098555e-08, 5.01238979211e-08, 2.85180430382e-08, 1.44933904878e-08, 3.23438387184e-09, 2.83136951384e-11, 2.41256667421e-11, 1.83822228272e-11, 6.28316463528e-13, 1.78232480857e-11, 4.24221898929e-12, 6.67551083855e-13, 1.07393410029e-13, 6.55960881316e-14, 1.23299367407e-14, 5.76209832479e-15, 8.83937579843e-15, 2.47616661952e-16, 1.66332389248e-16, 5.72042642137e-17, 1.689713601e-17, 2.94140442061e-18, 2.16127942476e-18, 1.29557380576e-18, 1.1302039611e-18, 7.76496309591e-19, 4.05478507901e-19, 2.74795448248e-19, 2.02388632768e-19],
        "dvar2": [1.69566458652e-08, 4.74607645629e-07, 4.50016977993e-06, 1.10245196083e-06, 1.45835247167e-06, 2.3683821837e-07, 4.19054586587e-08, 1.21026664601e-06, 3.67402975598e-07, 1.55489914277e-07, 3.02187750378e-08, 9.21514171637e-08, 1.17601430816e-07, 7.53925775143e-08, 2.58501700046e-08, 7.43433981043e-09, 6.97818677842e-11, 4.34130266458e-11, 3.20264474662e-11, 1.20539429133e-12, 4.9057136825e-11, 1.14263268985e-11, 1.24288079828e-12, 2.9379715891e-13, 1.2344029336e-13, 2.84075233226e-14, 1.29776238719e-14, 1.83661222217e-14, 7.13869097671e-16, 4.4376138163e-16, 1.38440864844e-16, 3.70458131288e-17, 7.0012203087e-18, 5.13420749172e-18, 3.09341746973e-18, 2.32853244949e-18, 1.61576952722e-18, 7.68278011711e-19, 5.59666731839e-19, 3.80816117937e-19],
        "max": [0.00126987334806, 0.00658406596631, 0.0364952273667, 0.0108867986128, 0.0125209679827, 0.00716828368604, 0.00336886080913, 0.0247377157211, 0.0107845403254, 0.00652997707948, 0.00281669106334, 0.00629764702171, 0.00761827733368, 0.00337085290812, 0.00375126791187, 0.00181267084554, 0.000125209204271, 0.000125080288853, 0.000132005778141, 1.48681892824e-05, 9.5014598628e-05, 4.78005858895e-05, 2.79134110315e-05, 7.24841038391e-06, 5.89890441915e-06, 2.82517157757e-06, 1.54769122673e-06, 2.62447110799e-06, 3.91148773815e-07, 2.12260076182e-07, 2.08186875739e-07, 1.23191739476e-07, 3.10354124622e-08, 2.70133018176e-08, 1.95404492587e-08, 1.92397209275e-08, 1.523882176e-08, 1.53834562866e-08, 1.2240335856e-08, 1.13003491009e-08],
        "mean": [8.40612847242e-05, 0.000472794141388, 0.0014408940915, 0.00128731876612, 0.00144887261558, 0.000777295383159, 0.000158968527103, 0.000704306352418, 0.000622574938461, 0.000172921587364, 0.000160836236319, 0.000142551667523, 8.4200866695e-05, 4.37176859123e-05, 3.77487885999e-05, 8.23018854135e-06, 3.6269229895e-06, 2.23004735744e-06, 1.62441494922e-06, 4.45092069867e-07, 9.31447914354e-07, 5.45424427401e-07, 1.79975884862e-07, 6.24062508336e-08, 5.78453267508e-08, 2.09402841733e-08, 1.47771856973e-08, 1.18053549159e-08, 2.2234341035e-09, 2.58888133153e-09, 1.41422429323e-09, 1.0101470771e-09, 6.62991828104e-10, 5.60390067683e-10, 4.47055115149e-10, 4.29446755934e-10, 4.02320926574e-10, 2.43922881893e-10, 1.2543652228e-10, 9.03384450579e-11],
        "median": [3.06428228214e-05, 0.000133183144499, 0.000435289199231, 0.000535079976544, 0.000786095042713, 0.000447709084256, 7.10299427737e-05, 0.000155570596689, 0.00014102878049, 6.3701561885e-05, 2.26723132073e-05, 1.0910630408e-05, 7.85923657531e-06, 3.29914428221e-06, 1.84562225058e-06, 4.85104180825e-07, 7.23413961623e-07, 2.64739384193e-07, 1.89038630083e-07, 8.16710041818e-08, 4.21901624748e-08, 3.0569154319e-08, 6.84466305856e-09, 4.73823913438e-09, 4.58330262632e-09, 1.87769888527e-09, 1.18507459401e-09, 7.31542326715e-10, 6.01599658978e-10, 5.04611963326e-10, 4.05180694552e-10, 3.57063933976e-10, 3.14122811096e-10, 2.75508282854e-10, 2.54331083971e-10, 2.29989888245e-10, 2.00044550369e-10, 1.41454292724e-10, 5.47686097863e-11, 3.44325644386e-11],
