{
"highlevel": {
    "danceability": {
        "all": {
            "danceable": 5.82563416174e-07,
            "not_danceable": 0.999999403954
        },
        "probability": 0.999999403954,
        "value": "not_danceable"
    },
    "gender": {
        "all": {
            "female": 0.666168272495,
            "male": 0.333831697702
        },
        "probability": 0.666168272495,
        "value": "female"
    },
    "genre_dortmund": {
        "all": {
            "alternative": 0.0784444510937,
            "blues": 0.00224708416499,
            "electronic": 0.77717512846,
            "folkcountry": 0.0801035687327,
            "funksoulrnb": 0.000876191072166,
            "jazz": 0.0278157889843,
            "pop": 0.0139140179381,
            "raphiphop": 0.000489850470331,
            "rock": 0.0189339127392
        },
        "probability": 0.77717512846,
        "value": "electronic"
    },
    "genre_electronic": {
        "all": {
            "ambient": 0.997769355774,
            "dnb": 0.000280849286355,
            "house": 0.000996065558866,
            "techno": 0.000379842123948,
            "trance": 0.00057390355505
        },
        "probability": 0.997769355774,
        "value": "ambient"
    },
    "genre_rosamerica": {
        "all": {
            "cla": 0.946053624153,
            "dan": 0.000763826072216,
            "hip": 0.000342668790836,
            "jaz": 0.0390301346779,
            "pop": 0.00202410877682,
            "rhy": 0.00392758101225,
            "roc": 0.00412297993898,
            "spe": 0.00373508944176
        },
        "probability": 0.946053624153,
        "value": "cla"
    },
    "genre_tzanetakis": {
        "all": {
            "blu": 0.0256666969508,
            "cla": 0.105734571815,
            "cou": 0.0289446152747,
            "dis": 0.0182025376707,
            "hip": 0.0101138791069,
            "jaz": 0.671195745468,
            "met": 0.00832467153668,
            "pop": 0.0145349614322,
            "reg": 0.0154083492234,
            "roc": 0.101874001324
        },
        "probability": 0.671195745468,
        "value": "jaz"
    },
    "ismir04_rhythm": {
        "all": {
            "ChaChaCha": 0.00199300819077,
            "Jive": 0.00054092973005,
            "Quickstep": 0.00284552876838,
            "Rumba-American": 0.00622322177514,
            "Rumba-International": 0.00212402199395,
            "Rumba-Misc": 0.00295969005674,
            "Samba": 0.000899546022993,
            "Tango": 0.10532695055,
            "VienneseWaltz": 0.0291770771146,
            "Waltz": 0.847910046577
        },
        "probability": 0.847910046577,
        "value": "Waltz"
    },
    "mood_acoustic": {
        "all": {
            "acoustic": 0.998932421207,
            "not_acoustic": 0.00106756435707
        },
        "probability": 0.998932421207,
        "value": "acoustic"
    },
    "mood_aggressive": {
        "all": {
            "aggressive": 0.0333299525082,
            "not_aggressive": 0.966670036316
        },
        "probability": 0.966670036316,
        "value": "not_aggressive"
    },
    "mood_electronic": {
        "all": {
            "electronic": 0.77051615715,
            "not_electronic": 0.22948384285
        },
        "probability": 0.77051615715,
        "value": "electronic"
    },
    "mood_happy": {
        "all": {
            "happy": 1.72236661911e-06,
            "not_happy": 0.999998271465
        },
        "probability": 0.999998271465,
        "value": "not_happy"
    },
    "mood_party": {
        "all": {
            "not_party": 0.999274015427,
            "party": 0.000725962803699
        },
        "probability": 0.999274015427,
        "value": "not_party"
    },
    "mood_relaxed": {
        "all": {
            "not_relaxed": 0.0034372122027,
            "relaxed": 0.99656277895
        },
        "probability": 0.99656277895,
        "value": "relaxed"
    },
    "mood_sad": {
        "all": {
            "not_sad": 0.270633816719,
            "sad": 0.729366183281
        },
        "probability": 0.729366183281,
        "value": "sad"
    },
    "moods_mirex": {
        "all": {
            "Cluster1": 0.107998758554,
            "Cluster2": 0.0676905661821,
            "Cluster3": 0.744094014168,
            "Cluster4": 0.0700329616666,
            "Cluster5": 0.0101836770773
        },
        "probability": 0.744094014168,
        "value": "Cluster3"
    },
    "timbre": {
        "all": {
            "bright": 0.198371827602,
            "dark": 0.801628172398
        },
        "probability": 0.801628172398,
        "value": "dark"
    },
    "tonal_atonal": {
        "all": {
            "atonal": 0.0518960282207,
            "tonal": 0.948103964329
        },
        "probability": 0.948103964329,
        "value": "tonal"
    },
    "voice_instrumental": {
        "all": {
            "instrumental": 0.985667467117,
            "voice": 0.0143325142562
        },
        "probability": 0.985667467117,
        "value": "instrumental"
    }
},
"lowlevel": {
    "average_loudness": 0.957161664963,
    "barkbands_crest": {
        "dmean": 1.21687269211,
        "dmean2": 1.63507306576,
        "dvar": 1.06670153141,
        "dvar2": 1.90722107887,
        "max": 22.1578636169,
        "mean": 9.90056610107,
        "median": 8.73645877838,
        "min": 3.79422330856,
        "var": 13.3749332428
    },
    "barkbands_flatness_db": {
        "dmean": 0.0152502544224,
        "dmean2": 0.0248136837035,
        "dvar": 0.000154797773575,
        "dvar2": 0.000390630186303,
        "max": 0.479030162096,
        "mean": 0.383053869009,
        "median": 0.383572757244,
        "min": 0.144177004695,
        "var": 0.00105558801442
    },
    "barkbands_kurtosis": {
        "dmean": 0.555768966675,
        "dmean2": 0.772291660309,
        "dvar": 0.297675907612,
        "dvar2": 0.621803045273,
        "max": 6.16091156006,
        "mean": 0.433639764786,
        "median": 0.274532318115,
        "min": -1.63395392895,
        "var": 1.30807745457
    },
    "barkbands_skewness": {
        "dmean": 0.2248942554,
        "dmean2": 0.294487863779,
        "dvar": 0.0321454368532,
        "dvar2": 0.0641326978803,
        "max": 2.06283044815,
        "mean": 0.181368812919,
        "median": 0.227803200483,
        "min": -1.78698062897,
        "var": 0.408241987228
    },
    "barkbands_spread": {
        "dmean": 0.929986357689,
        "dmean2": 1.23944604397,
        "dvar": 0.593850553036,
        "dvar2": 1.27714133263,
        "max": 13.0194444656,
        "mean": 6.42518615723,
        "median": 6.17230176926,
        "min": 2.04421210289,
        "var": 4.11587667465
    },
    "dissonance": {
        "dmean": 0.044895734638,
        "dmean2": 0.0771334022284,
        "dvar": 0.001602423843,
        "dvar2": 0.00485371239483,
        "max": 0.49943035841,
        "mean": 0.39800927043,
        "median": 0.406931757927,
        "min": 0.199278727174,
        "var": 0.00321628828533
    },
    "dynamic_complexity": 1.58267354965,
    "erbbands_crest": {
        "dmean": 1.68259561062,
        "dmean2": 2.24587368965,
        "dvar": 2.32549834251,
        "dvar2": 4.55448484421,
        "max": 26.0231018066,
        "mean": 13.0721569061,
        "median": 12.8819999695,
        "min": 4.43824338913,
        "var": 20.2012119293
    },
    "erbbands_flatness_db": {
        "dmean": 0.0107932193205,
        "dmean2": 0.0156160686165,
        "dvar": 0.00010498744814,
        "dvar2": 0.000196576307644,
        "max": 0.501521885395,
        "mean": 0.407961010933,
        "median": 0.404959321022,
        "min": 0.170766025782,
        "var": 0.000961683283094
    },
    "erbbands_kurtosis": {
        "dmean": 0.66040366888,
        "dmean2": 0.868286728859,
        "dvar": 0.559706509113,
        "dvar2": 1.00596964359,
        "max": 10.376619339,
        "mean": 1.00023078918,
        "median": 0.174433946609,
        "min": -1.50869786739,
        "var": 5.10627841949
    },
    "erbbands_skewness": {
        "dmean": 0.201312109828,
        "dmean2": 0.26506498456,
        "dvar": 0.0326496697962,
        "dvar2": 0.0623155236244,
        "max": 1.82261574268,
        "mean": 0.029761813581,
        "median": 0.0832419842482,
        "min": -2.03949999809,
        "var": 0.384917587042
    },
    "erbbands_spread": {
        "dmean": 1.32753551006,
        "dmean2": 1.75046217442,
        "dvar": 1.44161915779,
        "dvar2": 2.7336037159,
        "max": 24.058757782,
        "mean": 9.36170387268,
        "median": 8.84716701508,
        "min": 1.9238114357,
        "var": 19.0783634186
    },
    "hfc": {
        "dmean": 1.96640539169,
        "dmean2": 2.4693980217,
        "dvar": 2.82757234573,
        "dvar2": 5.18290662766,
        "max": 42.9230995178,
        "mean": 13.8824167252,
        "median": 12.5668048859,
        "min": 2.8933429718,
        "var": 47.157081604
    },
    "melbands_crest": {
        "dmean": 1.69399130344,
        "dmean2": 2.45972156525,
        "dvar": 1.90163552761,
        "dvar2": 3.99482774734,
        "max": 21.6195869446,
        "mean": 12.2304706573,
        "median": 11.9793186188,
        "min": 6.07705879211,
        "var": 8.85039806366
    },
    "melbands_flatness_db": {
        "dmean": 0.0144683979452,
        "dmean2": 0.0228399578482,
        "dvar": 0.000154304667376,
        "dvar2": 0.000366492342437,
        "max": 0.618426024914,
        "mean": 0.516573905945,
        "median": 0.516514837742,
        "min": 0.251715123653,
        "var": 0.00122409954201
    },
    "melbands_kurtosis": {
        "dmean": 0.758572518826,
        "dmean2": 1.06840646267,
        "dvar": 0.777022480965,
        "dvar2": 1.60948693752,
        "max": 10.8378973007,
        "mean": 0.978282511234,
        "median": 0.59747338295,
        "min": -1.68231379986,
        "var": 3.63378047943
    },
    "melbands_skewness": {
        "dmean": 0.260540276766,
        "dmean2": 0.346334338188,
        "dvar": 0.0414285436273,
        "dvar2": 0.0831092298031,
        "max": 2.75972723961,
        "mean": 0.69077450037,
        "median": 0.693853378296,
        "min": -1.22293996811,
        "var": 0.536529064178
    },
    "melbands_spread": {
        "dmean": 1.19953525066,
        "dmean2": 1.62955033779,
        "dvar": 1.01933324337,
        "dvar2": 2.16476035118,
        "max": 18.1457939148,
        "mean": 9.02496147156,
        "median": 8.79529190063,
        "min": 2.91609501839,
        "var": 7.33765268326
    },
    "pitch_salience": {
        "dmean": 0.0419049821794,
        "dmean2": 0.0591197870672,
        "dvar": 0.00113643682562,
        "dvar2": 0.00235876999795,
        "max": 0.771395802498,
        "mean": 0.558761537075,
        "median": 0.565961122513,
        "min": 0.27063947916,
        "var": 0.0089322924614
    },
    "silence_rate_20dB": {
        "dmean": 0,
        "dmean2": 0,
        "dvar": 0,
        "dvar2": 0,
        "max": 1,
        "mean": 1,
        "median": 1,
        "min": 1,
        "var": 0
    },
    "silence_rate_30dB": {
        "dmean": 0,
        "dmean2": 0,
        "dvar": 0,
        "dvar2": 0,
        "max": 1,
        "mean": 1,
        "median": 1,
        "min": 1,
        "var": 0
    },
    "silence_rate_60dB": {
        "dmean": 0,
        "dmean2": 0,
        "dvar": 0,
        "dvar2": 0,
        "max": 0,
        "mean": 0,
        "median": 0,
        "min": 0,
        "var": 0
    },
    "spectral_centroid": {
        "dmean": 26.9310970306,
        "dmean2": 37.6778869629,
        "dvar": 585.067138672,
        "dvar2": 1197.90844727,
        "max": 652.571166992,
        "mean": 443.122497559,
        "median": 443.784698486,
        "min": 253.904006958,
        "var": 4895.6171875
    },
    "spectral_complexity": {
        "dmean": 1.55185759068,
        "dmean2": 2.54918670654,
        "dvar": 1.57393336296,
        "dvar2": 4.10814809799,
        "max": 24,
        "mean": 13.2838363647,
        "median": 13,
        "min": 6,
        "var": 7.69437742233
    },
    "spectral_decrease": {
        "dmean": 1.46543255308e-09,
        "dmean2": 1.9264663198e-09,
        "dvar": 1.57281393461e-18,
        "dvar2": 3.47447372854e-18,
        "max": -2.71337707858e-09,
        "mean": -9.2377749894e-09,
        "median": -8.71873062636e-09,
        "min": -2.3314902009e-08,
        "var": 1.24916556128e-17
    },
    "spectral_energy": {
        "dmean": 0.0056946282275,
        "dmean2": 0.00746866362169,
        "dvar": 2.35755469475e-05,
        "dvar2": 5.19901332154e-05,
        "max": 0.0918589606881,
        "mean": 0.0361246354878,
        "median": 0.0339850001037,
        "min": 0.0105880266055,
        "var": 0.000193705738639
    },
    "spectral_energyband_high": {
        "dmean": 3.71091424256e-08,
        "dmean2": 5.05028836528e-08,
        "dvar": 3.40005557346e-13,
        "dvar2": 3.40390178067e-13,
        "max": 2.10380512726e-05,
        "mean": 7.98004080593e-08,
        "median": 4.80519375401e-08,
        "min": 8.95975560411e-09,
        "var": 3.42947594151e-13
    },
    "spectral_energyband_low": {
        "dmean": 0.00164620263968,
        "dmean2": 0.00219074357301,
        "dvar": 3.12311203743e-06,
        "dvar2": 6.30247905065e-06,
        "max": 0.0221982970834,
        "mean": 0.00657596439123,
        "median": 0.00584423169494,
        "min": 0.000647612730972,
        "var": 1.11133986138e-05
    },
    "spectral_energyband_middle_high": {
        "dmean": 0.00070594024146,
        "dmean2": 0.000924857449718,
        "dvar": 6.36110939922e-07,
        "dvar2": 1.15285047286e-06,
        "max": 0.0148291327059,
        "mean": 0.00278629199602,
        "median": 0.00223253574222,
        "min": 0.000130302418256,
        "var": 4.51729192719e-06
    },
    "spectral_energyband_middle_low": {
        "dmean": 0.00496820546687,
        "dmean2": 0.00657881330699,
        "dvar": 1.77058354893e-05,
        "dvar2": 3.90406239603e-05,
        "max": 0.0845747366548,
        "mean": 0.028999010101,
        "median": 0.0262397453189,
        "min": 0.00560552859679,
        "var": 0.000173509586602
    },
    "spectral_entropy": {
        "dmean": 0.086313560605,
        "dmean2": 0.12300132215,
        "dvar": 0.00551823759452,
        "dvar2": 0.0096414424479,
        "max": 7.61409282684,
        "mean": 5.75017356873,
        "median": 5.75196123123,
        "min": 4.91259098053,
        "var": 0.0737897530198
    },
    "spectral_flux": {
        "dmean": 0.0140543617308,
        "dmean2": 0.0245455410331,
        "dvar": 0.000186329649296,
        "dvar2": 0.00054777279729,
        "max": 0.160356432199,
        "mean": 0.0520513541996,
        "median": 0.0491412058473,
        "min": 0.0155318360776,
        "var": 0.000354724848876
    },
    "spectral_kurtosis": {
        "dmean": 47.2236633301,
        "dmean2": 81.5838165283,
        "dvar": 1999.30688477,
        "dvar2": 5559.64501953,
        "max": 397.806610107,
        "mean": 164.857025146,
        "median": 167.642715454,
        "min": 6.71194553375,
        "var": 4260.33935547
    },
    "spectral_rms": {
        "dmean": 0.000476788496599,
        "dmean2": 0.000620781327598,
        "dvar": 1.51045085772e-07,
        "dvar2": 3.17260344218e-07,
        "max": 0.00946670491248,
        "mean": 0.00582988932729,
        "median": 0.00575813325122,
        "min": 0.00321399769746,
        "var": 1.25599387957e-06
    },
    "spectral_rolloff": {
        "dmean": 45.3496055603,
        "dmean2": 75.4577102661,
        "dvar": 7258.91796875,
        "dvar2": 15065.7646484,
        "max": 1076.66015625,
        "mean": 583.662780762,
        "median": 559.86328125,
        "min": 279.931640625,
        "var": 18668.9355469
    },
    "spectral_skewness": {
        "dmean": 2.22178459167,
        "dmean2": 3.91101813316,
        "dvar": 3.63078069687,
        "dvar2": 9.72591686249,
        "max": 15.4122285843,
        "mean": 8.88580513,
        "median": 9.24199485779,
        "min": 2.44950699806,
        "var": 7.23524713516
    },
    "spectral_spread": {
        "dmean": 226067.046875,
        "dmean2": 394436.09375,
        "dvar": 282469662720,
        "dvar2": 346937720832,
        "max": 18976494,
        "mean": 621535.5625,
        "median": 572492.1875,
        "min": 178242.296875,
        "var": 302616444928
    },
    "spectral_strongpeak": {
        "dmean": 0.442550599575,
        "dmean2": 0.716654777527,
        "dvar": 0.325523108244,
        "dvar2": 0.736851513386,
        "max": 5.98041391373,
        "mean": 1.80921268463,
        "median": 1.65251624584,
        "min": 0,
        "var": 1.96782767773
    },
    "zerocrossingrate": {
        "dmean": 0.00151964311954,
        "dmean2": 0.00196674093604,
        "dvar": 1.65060396284e-06,
        "dvar2": 2.66470760835e-06,
        "max": 0.03515625,
        "mean": 0.0205671004951,
        "median": 0.0205078125,
        "min": 0.00927734375,
        "var": 1.50146297528e-05
    },
    "barkbands": {
        "dmean": [0.00053711864166, 0.00109557493124, 0.000213215520489, 0.00155452184845, 0.00214475346729, 0.000880316307303, 0.000889637507498, 0.00139484205283, 0.000454706721939, 0.000533185957465, 0.000192650404642, 0.0002271085541, 9.21058672247e-05, 3.7755115045e-05, 1.22375695355e-05, 3.30713578478e-06, 9.89278987618e-07, 2.67607504156e-07, 1.15521970656e-07, 3.25107087917e-08, 9.34447097478e-09, 4.51704496029e-09, 3.61338381438e-09, 3.52752760335e-09, 3.3339686567e-09, 3.42222894467e-09, 1.88131443757e-09],
        "dmean2": [0.000729822320864, 0.00145126134157, 0.00030115689151, 0.00220064236782, 0.00308861141093, 0.00120174570475, 0.000996953807771, 0.00160429405514, 0.000521406996995, 0.000689830339979, 0.000283694796963, 0.000334271695465, 0.000142306744237, 6.12685907981e-05, 2.0039951778e-05, 5.53612107979e-06, 1.6455082914e-06, 4.36376438984e-07, 1.8195456164e-07, 5.07245268011e-08, 1.30501343065e-08, 6.02954530748e-09, 4.76635353408e-09, 4.63001725848e-09, 4.37712888157e-09, 4.4163255275e-09, 2.91909119099e-09],
        "dvar": [3.61805177818e-07, 1.47819298491e-06, 6.40502975102e-08, 2.99058956443e-06, 4.33924651588e-06, 1.18453567666e-06, 1.8203044192e-06, 5.11939242642e-06, 7.38967742109e-07, 5.68024233871e-07, 4.54151773965e-08, 8.23583334864e-08, 1.59682649326e-08, 3.93593779791e-09, 8.05082389643e-10, 3.05343701712e-11, 4.23365812893e-12, 1.80345918321e-13, 5.57251659638e-14, 1.75707447317e-14, 1.34759028616e-14, 7.76084535856e-15, 5.56063026774e-15, 5.50268135569e-15, 4.8538930816e-15, 6.12257352429e-15, 4.79768884566e-16],
        "dvar2": [7.68337883983e-07, 3.23457129525e-06, 1.42094989997e-07, 6.31439797871e-06, 1.05819535747e-05, 2.92441404781e-06, 2.51736901191e-06, 7.35366165827e-06, 7.93415154021e-07, 1.00928900792e-06, 9.61113784115e-08, 1.64997345564e-07, 3.92660624016e-08, 9.41479783023e-09, 2.11943484985e-09, 8.02097346875e-11, 1.10512337129e-11, 4.29731825211e-13, 1.1642607451e-13, 2.05070928636e-14, 1.34737259869e-14, 7.77203296973e-15, 5.57018183477e-15, 5.50607372264e-15, 4.86322907875e-15, 6.12720340638e-15, 4.84672411238e-16],
        "max": [0.00739197712392, 0.016053173691, 0.00264584692195, 0.0219020675868, 0.0218200664967, 0.0191380064934, 0.0379883162677, 0.0681718736887, 0.0307884868234, 0.0141136720777, 0.0022690014448, 0.00425302283838, 0.00167883594986, 0.00130156683736, 0.000662073027343, 0.000113593181595, 4.74392618344e-05, 6.97641780789e-06, 5.24221422893e-06, 4.60596129415e-06, 4.19809839514e-06, 3.17484591505e-06, 2.68410940407e-06, 2.67309928859e-06, 2.50686025538e-06, 2.81727398033e-06, 7.8929826941e-07],
        "mean": [0.0015026590554, 0.00292120641097, 0.000453040236607, 0.00492101721466, 0.00625886255875, 0.00325214234181, 0.00389513163827, 0.00804281886667, 0.00203253212385, 0.00149039679673, 0.000455223809695, 0.000556833809242, 0.00022394071857, 8.20711284177e-05, 2.61861423496e-05, 7.37584696253e-06, 2.10498637898e-06, 7.04546550878e-07, 2.88544669047e-07, 8.43191969579e-08, 2.12444195569e-08, 7.04673697172e-09, 4.9382240519e-09, 4.56874582611e-09, 3.58493701391e-09, 3.39830696916e-09, 1.88823623404e-09],
        "median": [0.00117925088853, 0.00247189379297, 0.0003210354771, 0.00421546585858, 0.00573222106323, 0.00253871129826, 0.001928814454, 0.00129327038303, 0.000505948613863, 0.000823401613161, 0.00034141325159, 0.000393364956835, 0.000151251457282, 4.86900789838e-05, 1.37693114084e-05, 4.18241870648e-06, 1.25692145048e-06, 4.49382611123e-07, 1.84421153904e-07, 5.41675007071e-08, 1.2827165996e-08, 3.75596753699e-09, 2.30530394774e-09, 2.05023487077e-09, 1.16685339169e-09, 6.74220956842e-10, 7.26086246683e-10],
        "min": [1.32725399453e-05, 3.31300216203e-05, 2.25854728342e-06, 0.000223801354878, 0.000224150004215, 3.35345939675e-05, 4.13118959841e-06, 3.16633559123e-05, 2.46210656769e-05, 1.38041677928e-05, 6.79442109686e-06, 1.01170462585e-05, 6.32306591797e-06, 5.75403248604e-07, 4.33444796499e-07, 1.37017906354e-07, 6.43101358833e-08, 2.59710120076e-08, 7.41574313068e-09, 4.71939198832e-09, 1.83232795603e-09, 9.1991131379e-10, 7.26498472492e-10, 1.26292060143e-10, 8.84766565568e-11, 1.24406360213e-10, 1.8086236675e-10],
        "var": [1.29687634853e-06, 4.32440947407e-06, 1.76281645281e-07, 1.20831800814e-05, 1.22878036564e-05, 7.50113758841e-06, 2.31715930568e-05, 0.000156277732458, 1.73786411324e-05, 3.19848550134e-06, 1.4614009558e-07, 2.58927428831e-07, 5.205886211e-08, 1.31701458628e-08, 1.7917702877e-09, 9.983912308e-11, 8.93398896529e-12, 6.49619843595e-13, 1.39841182254e-13, 2.30646258386e-14, 1.38100929347e-14, 7.78077434974e-15, 5.56832767965e-15, 5.51659895404e-15, 4.85762637932e-15, 6.13112516892e-15, 4.81958411795e-16]
    },
    "erbbands": {
        "dmean": [0.0683166384697, 0.11854813993, 0.194443538785, 2.32639312744, 10.3944511414, 5.27984523773, 6.08143043518, 8.26539707184, 16.2643051147, 16.787361145, 21.0864639282, 9.92479801178, 19.2514896393, 7.59723138809, 10.4303779602, 6.56060504913, 4.39854764938, 2.19784855843, 0.881508767605, 0.35942453146, 0.127213224769, 0.0471961423755, 0.0158014670014, 0.00776303745806, 0.0035113808699, 0.00151912053116, 0.000528522243258, 0.000277613959042, 0.000166003461345, 0.00012537711882, 0.000100782468508, 8.00649577286e-05, 5.58177889616e-05, 3.93482805521e-05, 2.39742839767e-05, 1.40565525726e-05, 7.15048145139e-06, 1.79765618213e-06, 2.72639954346e-06, 6.29258420304e-06],
        "dmean2": [0.085486382246, 0.174116238952, 0.277888119221, 3.24976325035, 15.2480678558, 7.43848562241, 8.9950799942, 11.1631231308, 17.7928771973, 21.3829956055, 25.5789928436, 11.4769859314, 23.9461784363, 9.97638034821, 15.254073143, 9.87878036499, 6.75744247437, 3.48355960846, 1.43013060093, 0.567902982235, 0.205684602261, 0.0761865451932, 0.0253562480211, 0.0122284060344, 0.00551401358098, 0.00236064265482, 0.00074933381984, 0.000383324921131, 0.000220241912757, 0.000165913632372, 0.000133197696414, 0.000104765000287, 7.34366622055e-05, 5.13176673849e-05, 3.12465272145e-05, 1.80033621291e-05, 8.97413610801e-06, 2.42341957346e-06, 3.53419068233e-06, 8.23329628474e-06],
        "dvar": [0.00559798907489, 0.0195900108665, 0.0576482713223, 6.5847826004, 118.965614319, 36.7691040039, 64.2597808838, 115.81452179, 719.652160645, 676.277709961, 1309.57141113, 286.544952393, 637.541625977, 75.7776794434, 164.839172363, 58.2107810974, 35.2060394287, 13.5848760605, 2.64161038399, 0.613577008247, 0.0454892665148, 0.00822094455361, 0.000687459250912, 0.000210724057979, 6.60486111883e-05, 3.71540081687e-05, 2.74368903774e-05, 1.70273597178e-05, 1.01624600575e-05, 6.63925720801e-06, 4.28807425124e-06, 2.71364956461e-06, 1.34061292556e-06, 6.81486767462e-07, 2.26762296052e-07, 7.98088564125e-08, 2.2252560683e-08, 1.11411579962e-09, 1.46751551883e-11, 2.85488542529e-11],
        "dvar2": [0.0112405493855, 0.0522262565792, 0.137482225895, 13.170381546, 279.391052246, 86.8684310913, 157.20098877, 277.2734375, 963.038513184, 1089.68041992, 2017.14526367, 311.477905273, 1105.33679199, 126.834815979, 342.87890625, 128.281723022, 84.5663223267, 30.7279262543, 7.17353916168, 1.64025509357, 0.112271510065, 0.0205521266907, 0.00153304985724, 0.000444749137387, 0.000106093590148, 4.32670967712e-05, 2.75732745649e-05, 1.70133153006e-05, 1.01778778117e-05, 6.66025061946e-06, 4.29434339821e-06, 2.71610247182e-06, 1.34151832754e-06, 6.82499432969e-07, 2.27333984526e-07, 7.99172710231e-08, 2.2275385092e-08, 1.11727538332e-09, 2.10187301591e-11, 6.30455687656e-11],
        "max": [1.07583785057, 1.61629426479, 2.6504304409, 35.3073768616, 111.425086975, 92.8617477417, 134.99005127, 210.460067749, 744.329040527, 729.464904785, 884.354797363, 602.209228516, 453.060974121, 183.987915039, 179.254318237, 93.1202850342, 68.4933776855, 73.1494216919, 37.9269294739, 15.6536178589, 4.75082826614, 2.0709862709, 0.457100361586, 0.313878893852, 0.243125483394, 0.211577489972, 0.189348429441, 0.149065375328, 0.114898063242, 0.0927909687161, 0.0745720267296, 0.0593447163701, 0.0417409986258, 0.0297436453402, 0.017132204026, 0.010181712918, 0.00538027053699, 0.00120305723976, 0.000127248524223, 0.0001031073989],
        "mean": [0.187769070268, 0.258569449186, 0.599207758904, 8.32211208344, 21.7624130249, 17.6890068054, 18.2849121094, 32.8802757263, 72.4100265503, 90.5850982666, 118.936508179, 46.4754524231, 63.7899398804, 22.9004039764, 24.7665081024, 16.7707843781, 10.9515695572, 5.47297382355, 2.23125886917, 0.880419313908, 0.319055348635, 0.118611678481, 0.0454978011549, 0.0221876353025, 0.00984449498355, 0.00413831695914, 0.0014849306317, 0.000581416068599, 0.000287156610284, 0.000193556130398, 0.0001550654124, 0.000124944606796, 9.05313063413e-05, 6.43800667604e-05, 4.4137606892e-05, 2.98847680824e-05, 1.67769303516e-05, 3.46092679138e-06, 1.71822393895e-05, 4.02658952225e-05],
        "median": [0.164350003004, 0.21339289844, 0.498948007822, 7.00870275497, 18.002199173, 15.2029342651, 15.1193151474, 25.2939834595, 31.9634056091, 24.1771736145, 24.1724529266, 17.3234443665, 36.4269981384, 17.6413097382, 19.5824394226, 12.7550611496, 7.4115281105, 3.46255397797, 1.32737326622, 0.490357846022, 0.197205558419, 0.0717042908072, 0.0299244746566, 0.0146470041946, 0.00648663565516, 0.00266869040206, 0.000939249584917, 0.000359715369996, 0.000167573729414, 0.000104734404886, 8.22468791739e-05, 6.81546953274e-05, 5.16716427228e-05, 3.70811467292e-05, 2.71911958407e-05, 2.0037214199e-05, 1.17940389828e-05, 2.24560312745e-06, 1.59805695148e-05, 3.76858879463e-05],
        "min": [0.00301195890643, 0.00642332341522, 0.0485167577863, 0.379955291748, 1.11171138287, 0.633747041225, 1.1856585741, 0.612283527851, 2.71022415161, 0.684255897999, 1.70061028004, 1.0589454174, 1.6299033165, 1.35168707371, 0.619662880898, 0.413282841444, 0.439598828554, 0.163379862905, 0.0516079626977, 0.0183827560395, 0.0118826683611, 0.0046511865221, 0.00260369572788, 0.00133289897349, 0.000425402715337, 0.000271781871561, 0.000125224134536, 5.3456016758e-05, 3.96419782192e-05, 3.18823622365e-05, 3.18709680869e-05, 1.60584913829e-05, 1.11270155685e-05, 1.02658932519e-05, 7.77096011007e-06, 6.33867102806e-06, 3.93303116653e-06, 6.33450326859e-07, 5.94096081841e-06, 1.18657553685e-05],
        "var": [0.0184062980115, 0.0391062758863, 0.161307960749, 34.700214386, 224.280380249, 129.82194519, 196.665603638, 798.120666504, 8755.47070312, 17754.8222656, 29960.0117188, 6474.72412109, 4667.48876953, 339.594970703, 431.76272583, 188.597839355, 115.781211853, 47.2859191895, 9.5503950119, 1.79194426537, 0.173789516091, 0.0246704798192, 0.00261084362864, 0.000690555258188, 0.000154308378114, 5.11224134243e-05, 2.90088119073e-05, 1.7258884327e-05, 1.01904524854e-05, 6.64248409521e-06, 4.29526653534e-06, 2.72032616522e-06, 1.34360459469e-06, 6.82238180616e-07, 2.2682411327e-07, 7.99280286401e-08, 2.22923279836e-08, 1.11546316628e-09, 5.34081494308e-11, 2.43660036592e-10]
    },
    "gfcc": {
        "mean": [-170.629867554, 282.166168213, -90.3944625854, -66.4569473267, -19.215555191, -13.2987070084, -16.0016994476, -12.9670267105, -11.9247398376, -11.5396461487, 1.50058019161, -13.5377569199, 0.410445094109],
        "cov": [[537.005493164, -49.9419441223, -282.118164062, 9.25107765198, 99.1144943237, -31.845495224, 3.51955699921, -11.2627391815, -9.38712215424, 72.091835022, 22.5142040253, -2.40655899048, -11.8187303543], [-49.9419441223, 69.9359359741, 38.3728065491, -18.5542259216, 8.52329540253, -11.1271934509, 7.29821825027, 1.38527131081, 3.07056427002, -4.92858982086, 9.13703918457, 3.19045877457, 9.69335079193], [-282.118164062, 38.3728065491, 380.999816895, -38.6993331909, -146.991210938, 28.1319694519, 2.5851726532, 51.6567764282, 43.6541633606, -53.3711662292, -41.7929954529, -20.6684589386, -28.0529632568], [9.25107765198, -18.5542259216, -38.6993331909, 71.3996124268, 47.5888175964, 15.6724271774, -13.2083997726, -32.4833946228, -27.5529308319, 1.59512639046, 14.7498378754, 22.4352264404, 16.7437725067], [99.1144943237, 8.52329540253, -146.991210938, 47.5888175964, 106.488647461, 4.75804233551, 4.5008687973, -31.5774879456, -30.0831222534, 17.949798584, 24.5181522369, 15.2062644958, 21.0976238251], [-31.845495224, -11.1271934509, 28.1319694519, 15.6724271774, 4.75804233551, 45.2171630859, 21.3963928223, 8.16219520569, -5.14487457275, -15.1921920776, -9.66685581207, 2.90112662315, 7.39032030106], [3.51955699921, 7.29821825027, 2.5851726532, -13.2083997726, 4.5008687973, 21.3963928223, 43.2333145142, 33.6166763306, 12.526594162, -4.54304409027, -15.1903734207, -16.2371845245, -5.08218193054], [-11.2627391815, 1.38527131081, 51.6567764282, -32.4833946228, -31.5774879456, 8.16219520569, 33.6166763306, 58.8004493713, 42.1808013916, 2.06775856018, -20.0330810547, -26.7785358429, -20.9712543488], [-9.38712215424, 3.07056427002, 43.6541633606, -27.5529308319, -30.0831222534, -5.14487457275, 12.526594162, 42.1808013916, 51.8739776611, 21.0446624756, -5.76980543137, -17.6492347717, -19.4438724518], [72.091835022, -4.92858982086, -53.3711662292, 1.59512639046, 17.949798584, -15.1921920776, -4.54304409027, 2.06775856018, 21.0446624756, 47.4382209778, 32.162197113, 9.64498233795, -3.3207783699], [22.5142040253, 9.13703918457, -41.7929954529, 14.7498378754, 24.5181522369, -9.66685581207, -15.1903734207, -20.0330810547, -5.76980543137, 32.162197113, 57.7978286743, 45.2055778503, 22.6310176849], [-2.40655899048, 3.19045877457, -20.6684589386, 22.4352264404, 15.2062644958, 2.90112662315, -16.2371845245, -26.7785358429, -17.6492347717, 9.64498233795, 45.2055778503, 66.7383651733, 52.282585144], [-11.8187303543, 9.69335079193, -28.0529632568, 16.7437725067, 21.0976238251, 7.39032030106, -5.08218193054, -20.9712543488, -19.4438724518, -3.3207783699, 22.6310176849, 52.282585144, 69.4841842651]],
        "icov": [[0.00495180580765, -0.000596647150815, 0.00172701489646, 0.0031353153754, -0.00303109595552, -0.000466621189844, 0.00546992151067, -0.0106358649209, 0.0137191880494, -0.0173483788967, 0.014609917067, -0.0101498179138, 0.00491583859548], [-0.000596647150815, 0.0598106868565, -0.0232822243124, 0.0245602224022, -0.0415550284088, 0.0400390066206, -0.0462306439877, 0.0473896637559, -0.0389005355537, 0.0420965664089, -0.0415023453534, 0.0213434714824, -0.0158991534263], [0.00172701489646, -0.0232822243124, 0.0193042811006, -0.013893539086, 0.027182077989, -0.0200423784554, 0.0191235989332, -0.0173422433436, 0.0040639238432, -0.00236498541199, 0.00754197500646, -0.00505780614913, 0.00709984917194], [0.0031353153754, 0.0245602224022, -0.013893539086, 0.048836287111, -0.0409953445196, 0.000557387480512, 0.00481379590929, 0.00692029390484, 0.00862235482782, -0.0118819270283, 0.0119526870549, -0.0164369437844, 0.0048782620579], [-0.00303109595552, -0.0415550284088, 0.027182077989, -0.0409953445196, 0.0734928548336, -0.0272420849651, 0.00539085548371, -0.00704213045537, 0.00768497679383, -0.00568902213126, -0.00798227917403, 0.0191171076149, -0.00491988891736], [-0.000466621189844, 0.0400390066206, -0.0200423784554, 0.000557387480512, -0.0272420849651, 0.0766258314252, -0.068205691874, 0.0417794659734, -0.0298401992768, 0.0353591367602, -0.020753832534, 0.00125637534074, -0.00699461810291], [0.00546992151067, -0.0462306439877, 0.0191235989332, 0.00481379590929, 0.00539085548371, -0.068205691874, 0.146361902356, -0.131454572082, 0.0888839513063, -0.0694108605385, 0.0579843781888, -0.0222774781287, 0.0100206537172], [-0.0106358649209, 0.0473896637559, -0.0173422433436, 0.00692029390484, -0.00704213045537, 0.0417794659734, -0.131454572082, 0.195814967155, -0.159157142043, 0.11258661747, -0.0842407345772, 0.0495406426489, -0.0189055614173], [0.0137191880494, -0.0389005355537, 0.0040639238432, 0.00862235482782, 0.00768497679383, -0.0298401992768, 0.0888839513063, -0.159157142043, 0.207104280591, -0.174889445305, 0.115912944078, -0.0574376061559, 0.0216904934496], [-0.0173483788967, 0.0420965664089, -0.00236498541199, -0.0118819270283, -0.00568902213126, 0.0353591367602, -0.0694108605385, 0.11258661747, -0.174889445305, 0.222299143672, -0.165697798133, 0.0843655988574, -0.0278728101403], [0.014609917067, -0.0415023453534, 0.00754197500646, 0.0119526870549, -0.00798227917403, -0.020753832534, 0.0579843781888, -0.0842407345772, 0.115912944078, -0.165697798133, 0.197993740439, -0.14124840498, 0.0581978447735], [-0.0101498179138, 0.0213434714824, -0.00505780614913, -0.0164369437844, 0.0191171076149, 0.00125637534074, -0.0222774781287, 0.0495406426489, -0.0574376061559, 0.0843655988574, -0.14124840498, 0.160001382232, -0.0818280875683], [0.00491583859548, -0.0158991534263, 0.00709984917194, 0.0048782620579, -0.00491988891736, -0.00699461810291, 0.0100206537172, -0.0189055614173, 0.0216904934496, -0.0278728101403, 0.0581978447735, -0.0818280875683, 0.0637547299266]]
    },
    "melbands": {
        "dmean": [0.000445744430181, 9.2663547548e-05, 0.000698677438777, 0.000552335986868, 0.000220252491999, 0.000205470816582, 0.000212910992559, 0.000241588233621, 0.000157825052156, 6.61547092022e-05, 0.000100474411738, 3.41357736033e-05, 3.08306771331e-05, 2.73701552942e-05, 1.38521636472e-05, 8.13158021629e-06, 4.15259455622e-06, 1.72393299636e-06, 8.88820636646e-07, 3.07975994929e-07, 1.33298925675e-07, 6.54381864251e-08, 2.60268855357e-08, 1.14352820546e-08, 6.97892721391e-09, 3.81624776224e-09, 1.71648439906e-09, 9.9781527485e-10, 4.10409206619e-10, 2.4378482566e-10, 1.48121084842e-10, 1.0043784554e-10, 7.86488998927e-11, 6.76418920875e-11, 5.95346688614e-11, 5.35275504476e-11, 4.71756592124e-11, 3.95214590221e-11, 3.55858294221e-11, 3.23745856512e-11],
        "dmean2": [0.00056773039978, 0.000137978087878, 0.00100254092831, 0.000798775814474, 0.000321793369949, 0.000263597321464, 0.000235863306443, 0.000294329860481, 0.000191768747754, 7.54073116696e-05, 0.000125010294141, 4.48716164101e-05, 4.46985504823e-05, 4.06214276154e-05, 2.13504717976e-05, 1.2484668332e-05, 6.59195802655e-06, 2.81523080048e-06, 1.42777378187e-06, 5.07613378886e-07, 2.16212214355e-07, 1.09050844799e-07, 4.29603055352e-08, 1.86986781614e-08, 1.10682218946e-08, 6.09691230835e-09, 2.76487543971e-09, 1.56200219426e-09, 6.01068916861e-10, 3.46733836087e-10, 2.03421043898e-10, 1.34746686031e-10, 1.05561309693e-10, 8.9414115001e-11, 7.89522267008e-11, 7.03997346529e-11, 6.20260093287e-11, 5.24899117227e-11, 4.69441499562e-11, 4.23888771306e-11],
        "dvar": [2.39937463675e-07, 1.23217374082e-08, 5.67427093756e-07, 2.91766099281e-07, 6.67657289455e-08, 7.06993006361e-08, 1.17984292558e-07, 1.60689097584e-07, 8.44298071456e-08, 1.71694924944e-08, 1.73495564582e-08, 1.49605505761e-09, 1.17332943361e-09, 1.23874299707e-09, 2.9054300632e-10, 1.35954150715e-10, 4.76484060541e-11, 8.96118595994e-12, 4.78648587779e-12, 3.10943382587e-13, 5.4177836669e-14, 1.62225715175e-14, 1.88624072958e-15, 2.83213433318e-16, 1.71149346505e-16, 5.62705030336e-17, 2.71548952528e-17, 1.49346930201e-17, 1.16683296619e-17, 7.30024113706e-18, 5.34714115218e-18, 3.4666335039e-18, 2.38514282946e-18, 1.93692302043e-18, 1.4938016425e-18, 1.15180288766e-18, 9.39315904728e-19, 6.54782317622e-19, 5.52836391329e-19, 4.74881391137e-19],
        "dvar2": [4.94722826261e-07, 3.15242374427e-08, 1.23905692817e-06, 7.37059679068e-07, 1.56735112e-07, 1.44297729321e-07, 1.6287275173e-07, 2.39727654616e-07, 1.2568759189e-07, 1.78056183131e-08, 2.99832514372e-08, 2.56069521143e-09, 2.4654265296e-09, 2.49637510663e-09, 6.71203259639e-10, 3.34940880586e-10, 1.09021680572e-10, 2.4600332188e-11, 1.27306654801e-11, 8.36591809283e-13, 1.37356421267e-13, 4.23191382382e-14, 4.36626002552e-15, 6.46674979817e-16, 3.82184045128e-16, 1.17481074269e-16, 3.57630247436e-17, 1.78767908248e-17, 1.18420392449e-17, 7.34079532095e-18, 5.34015643909e-18, 3.47054668858e-18, 2.39465354535e-18, 1.94228501195e-18, 1.49657104319e-18, 1.15227706895e-18, 9.40361667817e-19, 6.55026387601e-19, 5.53523209731e-19, 4.7545085329e-19],
        "max": [0.00675007607788, 0.00156255310867, 0.00854753144085, 0.00577589077875, 0.00407658424228, 0.0061223777011, 0.00945571158081, 0.0115393549204, 0.00662917736918, 0.00477027334273, 0.00236797169782, 0.000759029528126, 0.000446700141765, 0.000517150387168, 0.000178870526724, 0.000185173106729, 0.000148572406033, 6.73555623507e-05, 4.41522970505e-05, 1.19168926176e-05, 5.38721769772e-06, 2.66075653599e-06, 7.37814616514e-07, 2.89673863563e-07, 2.57136548498e-07, 1.71363623735e-07, 1.72911413188e-07, 1.32426052346e-07, 1.23079360037e-07, 9.75567431283e-08, 8.3487428526e-08, 6.70881021847e-08, 5.56178854083e-08, 5.01065855474e-08, 4.401583098e-08, 3.86000387209e-08, 3.4915899505e-08, 2.91680954945e-08, 2.6777145834e-08, 2.48165221706e-08],
        "mean": [0.00125492818188, 0.000254558777669, 0.00194628769532, 0.00145022280049, 0.00069421826629, 0.000847213319503, 0.000929985428229, 0.00131355924532, 0.000851580116432, 0.00029644506867, 0.000329884962412, 9.90510379779e-05, 7.5438641943e-05, 6.54636605759e-05, 3.11153198709e-05, 1.90487444343e-05, 9.11301594897e-06, 3.76553407477e-06, 1.83427641787e-06, 6.76063280025e-07, 2.91788779805e-07, 1.33496641297e-07, 5.65435556155e-08, 2.81321153039e-08, 1.69472773592e-08, 8.89424356387e-09, 4.37335190284e-09, 2.29090546533e-09, 1.00706865069e-09, 4.98559027395e-10, 2.61117405476e-10, 1.59274690659e-10, 1.11856912621e-10, 9.25111445782e-11, 8.03506705616e-11, 7.02709695988e-11, 6.16626957828e-11, 5.08815212186e-11, 3.98761614007e-11, 3.55541672492e-11],
        "median": [0.0010751063237, 0.000218980945647, 0.00169236166403, 0.00127040513325, 0.000577992585022, 0.000606145767961, 0.000413738423958, 0.000220164860366, 0.000188921636436, 7.74775762693e-05, 0.000184643984539, 7.32297485229e-05, 6.05135064689e-05, 4.67411955469e-05, 2.21123191295e-05, 1.25713359012e-05, 5.48656271349e-06, 2.2339509087e-06, 9.71221425061e-07, 3.76046330075e-07, 1.74403893993e-07, 7.74018360516e-08, 3.37965708752e-08, 1.87587030354e-08, 1.0989536392e-08, 5.70252867149e-09, 2.76663358889e-09, 1.44863288032e-09, 6.26657004066e-10, 2.99160307637e-10, 1.51219467504e-10, 8.75812339318e-11, 5.69792095451e-11, 4.49824205662e-11, 3.80026739244e-11, 3.17298236296e-11, 2.85514077658e-11, 2.3629159393e-11, 1.49995779686e-11, 1.25951922503e-11],
