{
"highlevel": {
    "danceability": {
        "all": {
            "danceable": 0.652402460575,
            "not_danceable": 0.347597539425
        },
        "probability": 0.652402460575,
        "value": "danceable"
    },
    "gender": {
        "all": {
            "female": 0.239188194275,
            "male": 0.760811805725
        },
        "probability": 0.760811805725,
        "value": "male"
    },
    "genre_dortmund": {
        "all": {
            "alternative": 0.167803838849,
            "blues": 0.129421889782,
            "electronic": 0.100391536951,
            "folkcountry": 0.130222767591,
            "funksoulrnb": 0.0333845950663,
            "jazz": 0.0870491564274,
            "pop": 0.0297046434134,
            "raphiphop": 0.0420051328838,
            "rock": 0.280016452074
        },
        "probability": 0.280016452074,
        "value": "rock"
    },
    "genre_electronic": {
        "all": {
            "ambient": 0.523971140385,
            "dnb": 0.155785009265,
            "house": 0.190452411771,
            "techno": 0.0195028018206,
            "trance": 0.110288657248
        },
        "probability": 0.523971140385,
        "value": "ambient"
    },
    "genre_rosamerica": {
        "all": {
            "cla": 0.0199994090945,
            "dan": 0.0415368936956,
            "hip": 0.0483061596751,
            "jaz": 0.240772202611,
            "pop": 0.288874417543,
            "rhy": 0.209313854575,
            "roc": 0.141657158732,
            "spe": 0.00953989941627
        },
        "probability": 0.288874417543,
        "value": "pop"
    },
    "genre_tzanetakis": {
        "all": {
            "blu": 0.0626613423228,
            "cla": 0.0348169617355,
            "cou": 0.104475811124,
            "dis": 0.0784321576357,
            "hip": 0.15692435205,
            "jaz": 0.313974827528,
            "met": 0.0448166541755,
            "pop": 0.0627359300852,
            "reg": 0.0627360641956,
            "roc": 0.0784258767962
        },
        "probability": 0.313974827528,
        "value": "jaz"
    },
    "ismir04_rhythm": {
        "all": {
            "ChaChaCha": 0.204519823194,
            "Jive": 0.0194739382714,
            "Quickstep": 0.134242981672,
            "Rumba-American": 0.0600773543119,
            "Rumba-International": 0.0289129167795,
            "Rumba-Misc": 0.00876896921545,
            "Samba": 0.189815312624,
            "Tango": 0.276944339275,
            "VienneseWaltz": 0.0648154243827,
            "Waltz": 0.0124289505184
        },
        "probability": 0.276944339275,
        "value": "Tango"
    },
    "mood_acoustic": {
        "all": {
            "acoustic": 0.905635118484,
            "not_acoustic": 0.0943648517132
        },
        "probability": 0.905635118484,
        "value": "acoustic"
    },
    "mood_aggressive": {
        "all": {
            "aggressive": 0.34232711792,
            "not_aggressive": 0.65767288208
        },
        "probability": 0.65767288208,
        "value": "not_aggressive"
    },
    "mood_electronic": {
        "all": {
            "electronic": 0.721579194069,
            "not_electronic": 0.278420776129
        },
        "probability": 0.721579194069,
        "value": "electronic"
    },
    "mood_happy": {
        "all": {
            "happy": 0.330238878727,
            "not_happy": 0.669761121273
        },
        "probability": 0.669761121273,
        "value": "not_happy"
    },
    "mood_party": {
        "all": {
            "not_party": 0.791006743908,
            "party": 0.208993256092
        },
        "probability": 0.791006743908,
        "value": "not_party"
    },
    "mood_relaxed": {
        "all": {
            "not_relaxed": 0.276926606894,
            "relaxed": 0.723073422909
        },
        "probability": 0.723073422909,
        "value": "relaxed"
    },
    "mood_sad": {
        "all": {
            "not_sad": 0.571636795998,
            "sad": 0.4283631742
        },
        "probability": 0.571636795998,
        "value": "not_sad"
    },
    "moods_mirex": {
        "all": {
            "Cluster1": 0.328404575586,
            "Cluster2": 0.173958063126,
            "Cluster3": 0.173246592283,
            "Cluster4": 0.201306968927,
            "Cluster5": 0.123083785176
        },
        "probability": 0.328404575586,
        "value": "Cluster1"
    },
    "timbre": {
        "all": {
            "bright": 0.672689676285,
            "dark": 0.327310293913
        },
        "probability": 0.672689676285,
        "value": "bright"
    },
    "tonal_atonal": {
        "all": {
            "atonal": 0.0586202293634,
            "tonal": 0.941379785538
        },
        "probability": 0.941379785538,
        "value": "tonal"
    },
    "voice_instrumental": {
        "all": {
            "instrumental": 0.000942152517382,
            "voice": 0.99905782938
        },
        "probability": 0.99905782938,
        "value": "voice"
    }
},
"lowlevel": {
    "average_loudness": 0.973706781864,
    "barkbands_crest": {
        "dmean": 2.97368335724,
        "dmean2": 4.81922101974,
        "dvar": 6.43806695938,
        "dvar2": 17.2452068329,
        "max": 24.0458335876,
        "mean": 10.6109638214,
        "median": 10.1205558777,
        "min": 2.73992133141,
        "var": 17.219669342
    },
    "barkbands_flatness_db": {
        "dmean": 0.024484757334,
        "dmean2": 0.0389688909054,
        "dvar": 0.000502329145093,
        "dvar2": 0.00121736642905,
        "max": 0.393745332956,
        "mean": 0.180748283863,
        "median": 0.177391454577,
        "min": 0.0677577108145,
        "var": 0.00263007194735
    },
    "barkbands_kurtosis": {
        "dmean": 2.98950362206,
        "dmean2": 4.86614084244,
        "dvar": 18.7424888611,
        "dvar2": 49.0447158813,
        "max": 51.1531028748,
        "mean": 3.99825048447,
        "median": 1.80722141266,
        "min": -1.69215416908,
        "var": 37.9604797363
    },
    "barkbands_skewness": {
        "dmean": 0.608813464642,
        "dmean2": 0.954716563225,
        "dvar": 0.359114527702,
        "dvar2": 0.92653387785,
        "max": 6.37862110138,
        "mean": 1.38598382473,
        "median": 1.27446639538,
        "min": -1.70109319687,
        "var": 1.50822043419
    },
    "barkbands_spread": {
        "dmean": 5.05058145523,
        "dmean2": 7.83261013031,
        "dvar": 39.5824966431,
        "dvar2": 84.0033187866,
        "max": 86.0026168823,
        "mean": 16.8824424744,
        "median": 14.1834068298,
        "min": 1.48794555664,
        "var": 130.321685791
    },
    "dissonance": {
        "dmean": 0.0258164796978,
        "dmean2": 0.0440463237464,
        "dvar": 0.000637278542854,
        "dvar2": 0.00171907187905,
        "max": 0.499498099089,
        "mean": 0.455307900906,
        "median": 0.464784324169,
        "min": 0.262500911951,
        "var": 0.00116539024748
    },
    "dynamic_complexity": 1.96840429306,
    "erbbands_crest": {
        "dmean": 3.31845617294,
        "dmean2": 5.36230754852,
        "dvar": 10.1911859512,
        "dvar2": 25.1325740814,
        "max": 29.8509864807,
        "mean": 10.4344673157,
        "median": 8.99700546265,
        "min": 2.79997825623,
        "var": 28.5015010834
    },
    "erbbands_flatness_db": {
        "dmean": 0.0189366322011,
        "dmean2": 0.0280982274562,
        "dvar": 0.000320149352774,
        "dvar2": 0.000645674881525,
        "max": 0.366971641779,
        "mean": 0.197687953711,
        "median": 0.196460574865,
        "min": 0.0869249552488,
        "var": 0.00235075177625
    },
    "erbbands_kurtosis": {
        "dmean": 1.37455797195,
        "dmean2": 2.20263528824,
        "dvar": 5.74196147919,
        "dvar2": 14.865477562,
        "max": 46.0228309631,
        "mean": 1.26493728161,
        "median": 0.218320846558,
        "min": -1.67004656792,
        "var": 11.0452032089
    },
    "erbbands_skewness": {
        "dmean": 0.388875603676,
        "dmean2": 0.599267482758,
        "dvar": 0.134835660458,
        "dvar2": 0.331436723471,
        "max": 4.07188653946,
        "mean": 0.409535646439,
        "median": 0.358165681362,
        "min": -1.58139824867,
        "var": 0.511179089546
    },
    "erbbands_spread": {
        "dmean": 7.8254070282,
        "dmean2": 11.3545684814,
        "dvar": 76.1339111328,
        "dvar2": 151.48059082,
        "max": 118.499504089,
        "mean": 32.0875663757,
        "median": 28.8601112366,
        "min": 2.08912706375,
        "var": 398.503356934
    },
    "hfc": {
        "dmean": 6.72151660919,
        "dmean2": 9.86310768127,
        "dvar": 61.4084815979,
        "dvar2": 123.819541931,
        "max": 95.0812454224,
        "mean": 24.2126979828,
        "median": 22.1050395966,
        "min": 0.907796919346,
        "var": 258.383331299
    },
    "melbands_crest": {
        "dmean": 3.80999350548,
        "dmean2": 6.26481389999,
        "dvar": 11.527639389,
        "dvar2": 32.4897499084,
        "max": 29.4203529358,
        "mean": 15.0525665283,
        "median": 14.2360639572,
        "min": 4.38562488556,
        "var": 27.792514801
    },
    "melbands_flatness_db": {
        "dmean": 0.0294418726116,
        "dmean2": 0.0447408035398,
        "dvar": 0.000802432594355,
        "dvar2": 0.00182164460421,
        "max": 0.527369081974,
        "mean": 0.227406293154,
        "median": 0.222688272595,
        "min": 0.0625868961215,
        "var": 0.00506317056715
    },
    "melbands_kurtosis": {
        "dmean": 6.65353631973,
        "dmean2": 10.931312561,
        "dvar": 103.861625671,
        "dvar2": 270.713348389,
        "max": 108.080909729,
        "mean": 11.057557106,
        "median": 6.11555099487,
        "min": -1.60918796062,
        "var": 201.216384888
    },
    "melbands_skewness": {
        "dmean": 0.797479689121,
        "dmean2": 1.23867106438,
        "dvar": 0.689895153046,
        "dvar2": 1.72422719002,
        "max": 9.02522087097,
        "mean": 2.25860714912,
        "median": 1.9689540863,
        "min": -1.86142611504,
        "var": 2.96024370193
    },
    "melbands_spread": {
        "dmean": 5.98420238495,
        "dmean2": 9.46589660645,
        "dvar": 48.5627555847,
        "dvar2": 117.653755188,
        "max": 92.1328353882,
        "mean": 19.1800899506,
        "median": 17.0335540771,
        "min": 1.34390687943,
        "var": 152.218353271
    },
    "pitch_salience": {
        "dmean": 0.0826459825039,
        "dmean2": 0.13567134738,
        "dvar": 0.00538775417954,
        "dvar2": 0.0149415144697,
        "max": 0.839004695415,
        "mean": 0.51857227087,
        "median": 0.525710821152,
        "min": 0.164977952838,
        "var": 0.0121232187375
    },
    "silence_rate_20dB": {
        "dmean": 0,
        "dmean2": 0,
        "dvar": 0,
        "dvar2": 0,
        "max": 1,
        "mean": 1,
        "median": 1,
        "min": 1,
        "var": 0
    },
    "silence_rate_30dB": {
        "dmean": 0,
        "dmean2": 0,
        "dvar": 0,
        "dvar2": 0,
        "max": 1,
        "mean": 1,
        "median": 1,
        "min": 1,
        "var": 0
    },
    "silence_rate_60dB": {
        "dmean": 0.00154798757285,
        "dmean2": 0.00309837330133,
        "dvar": 0.00154558871873,
        "dvar2": 0.00308876018971,
        "max": 1,
        "mean": 0.00154679035768,
        "median": 0,
        "min": 0,
        "var": 0.00154439604376
    },
    "spectral_centroid": {
        "dmean": 231.568450928,
        "dmean2": 359.959869385,
        "dvar": 69995.71875,
        "dvar2": 161687.390625,
        "max": 3142.9375,
        "mean": 1083.29260254,
        "median": 1007.26947021,
        "min": 188.760940552,
        "var": 266991.8125
    },
    "spectral_complexity": {
        "dmean": 3.54798769951,
        "dmean2": 5.49651432037,
        "dvar": 16.5448970795,
        "dvar2": 29.1764316559,
        "max": 53,
        "mean": 19.4856929779,
        "median": 18,
        "min": 5,
        "var": 63.8043479919
    },
    "spectral_decrease": {
        "dmean": 3.09123882047e-09,
        "dmean2": 5.02561992022e-09,
        "dvar": 1.58025047443e-17,
        "dvar2": 4.10055134862e-17,
        "max": -5.31497346135e-10,
        "mean": -9.11860187358e-09,
        "median": -8.45712389008e-09,
        "min": -3.61982479546e-08,
        "var": 2.59894341656e-17
    },
    "spectral_energy": {
        "dmean": 0.0120392469689,
        "dmean2": 0.0195167735219,
        "dvar": 0.000230713456403,
        "dvar2": 0.00059382931795,
        "max": 0.138716906309,
        "mean": 0.0366118550301,
        "median": 0.0342044569552,
        "min": 0.00209980108775,
        "var": 0.000400839518989
    },
    "spectral_energyband_high": {
        "dmean": 0.00032808011747,
        "dmean2": 0.000439310242655,
        "dvar": 6.7004759785e-07,
        "dvar2": 1.25842370835e-06,
        "max": 0.0114476410672,
        "mean": 0.000628334120847,
        "median": 0.00020209865761,
        "min": 1.78788002358e-06,
        "var": 1.36985784138e-06
    },
    "spectral_energyband_low": {
        "dmean": 0.00745798554271,
        "dmean2": 0.0119737600908,
        "dvar": 0.000185396362212,
        "dvar2": 0.000483799114591,
        "max": 0.124433204532,
        "mean": 0.0126400468871,
        "median": 0.00798585265875,
        "min": 3.18340535159e-05,
        "var": 0.00024572602706
    },
    "spectral_energyband_middle_high": {
        "dmean": 0.00384509121068,
        "dmean2": 0.00575859798118,
        "dvar": 3.25918481394e-05,
        "dvar2": 7.37655063858e-05,
        "max": 0.0739981532097,
        "mean": 0.0106613589451,
        "median": 0.00571578228846,
        "min": 8.44333480927e-05,
        "var": 0.000161115807714
    },
    "spectral_energyband_middle_low": {
        "dmean": 0.00698087969795,
        "dmean2": 0.01153598167,
        "dvar": 9.11277893465e-05,
        "dvar2": 0.00024657821632,
        "max": 0.0861437916756,
        "mean": 0.0156791955233,
        "median": 0.0128416586667,
        "min": 0.0013608050067,
        "var": 0.00012915705156
    },
    "spectral_entropy": {
        "dmean": 0.177082076669,
        "dmean2": 0.256851017475,
        "dvar": 0.0259168669581,
        "dvar2": 0.0526400431991,
        "max": 8.4912071228,
        "mean": 7.31505060196,
        "median": 7.29863119125,
        "min": 5.63873958588,
        "var": 0.197559252381
    },
    "spectral_flux": {
        "dmean": 0.0300901308656,
        "dmean2": 0.0478067211807,
        "dvar": 0.00109813595191,
        "dvar2": 0.00245358026586,
        "max": 0.315524846315,
        "mean": 0.103658013046,
        "median": 0.0942619740963,
        "min": 0.017659002915,
        "var": 0.0023427202832
    },
    "spectral_kurtosis": {
        "dmean": 2.69590306282,
        "dmean2": 4.54049539566,
        "dvar": 9.92851924896,
        "dvar2": 27.7375888824,
        "max": 57.7239952087,
        "mean": 6.26565408707,
        "median": 5.0818271637,
        "min": -0.452922582626,
        "var": 29.318315506
    },
    "spectral_rms": {
        "dmean": 0.00095628813142,
        "dmean2": 0.00152053264901,
        "dvar": 1.09335394427e-06,
        "dvar2": 2.70712985184e-06,
        "max": 0.0116332955658,
        "mean": 0.00575479445979,
        "median": 0.00577669451013,
        "min": 0.00143128831405,
        "var": 2.60119441009e-06
    },
    "spectral_rolloff": {
        "dmean": 415.713531494,
        "dmean2": 680.856872559,
        "dvar": 568136.3125,
        "dvar2": 1252416.625,
        "max": 8290.28320312,
        "mean": 1184.19372559,
        "median": 968.994140625,
        "min": 107.666015625,
        "var": 1211179.25
    },
    "spectral_skewness": {
        "dmean": 0.305342316628,
        "dmean2": 0.486196607351,
        "dvar": 0.0835867077112,
        "dvar2": 0.209287896752,
        "max": 5.85427331924,
        "mean": 1.69771242142,
        "median": 1.62841665745,
        "min": 0.255528301001,
        "var": 0.461969107389
    },
    "spectral_spread": {
        "dmean": 424739.65625,
        "dmean2": 571660.125,
        "dvar": 280827428864,
        "dvar2": 371867484160,
        "max": 9591196,
        "mean": 3592163.5,
        "median": 3282823,
        "min": 1422172.375,
        "var": 1.88229065114e+12
    },
    "spectral_strongpeak": {
        "dmean": 0.766386806965,
        "dmean2": 1.30624783039,
        "dvar": 1.37640857697,
        "dvar2": 3.36183953285,
        "max": 11.1778278351,
        "mean": 1.48996865749,
        "median": 0.719728946686,
        "min": 0.0927611365914,
        "var": 2.95807814598
    },
    "zerocrossingrate": {
        "dmean": 0.00849579181522,
        "dmean2": 0.00966539699584,
        "dvar": 0.000112370798888,
        "dvar2": 0.000120810313092,
        "max": 0.20947265625,
        "mean": 0.0475369915366,
        "median": 0.04248046875,
        "min": 0.00537109375,
        "var": 0.000813197344542
    },
    "barkbands": {
        "dmean": [4.96909087815e-05, 0.00278105447069, 0.00396481994539, 0.00329946656711, 0.00208230968565, 0.00101462611929, 0.00112176476978, 0.00169322092552, 0.000656204938423, 0.00223735161126, 0.00072288926458, 0.0014405894326, 0.00105599791277, 0.000446619786089, 0.000330268871039, 0.000161592062796, 0.000146583479363, 0.000175593595486, 0.000119087300845, 0.00013834645506, 0.000102596422948, 7.42295087548e-05, 6.67291824357e-05, 5.50155200472e-05, 2.18244222197e-05, 4.05627224609e-06, 7.78518938205e-09],
        "dmean2": [8.80771476659e-05, 0.00446015410125, 0.00635592825711, 0.00579608697444, 0.00348321557976, 0.00163033232093, 0.00186309055425, 0.00273473327979, 0.00108383770566, 0.00343812303618, 0.00120252149645, 0.00230916077271, 0.00177206646185, 0.000721707940102, 0.000542439927813, 0.000259958935203, 0.000226050105994, 0.000278480729321, 0.000186622171896, 0.000208080178709, 0.000149705127114, 0.000106477011286, 9.25777567318e-05, 7.48963575461e-05, 2.95006193483e-05, 5.36768175152e-06, 1.0893345781e-08],
        "dvar": [1.70537468591e-08, 6.55236144667e-05, 5.32719277544e-05, 5.10489626322e-05, 1.60084964591e-05, 4.86117278342e-06, 8.63334298629e-06, 9.41507823882e-06, 2.71016415354e-06, 2.24028226512e-05, 5.98864698986e-06, 1.28155352286e-05, 8.19788510853e-06, 1.26170857584e-06, 6.92852324846e-07, 9.20707137197e-08, 9.02693599869e-08, 8.04742583682e-08, 3.73055684122e-08, 7.13136998343e-08, 6.69804123277e-08, 5.53390293589e-08, 2.82823595654e-08, 2.10591206695e-08, 3.88557896969e-09, 1.42779787993e-10, 1.29020566746e-14],
        "dvar2": [4.940121201e-08, 0.000154441775521, 0.000158245209605, 0.000147180457134, 4.26868355135e-05, 1.20044096548e-05, 2.19778812607e-05, 2.36686464632e-05, 6.99509473634e-06, 5.01987815369e-05, 1.63171425811e-05, 2.9607608667e-05, 2.04353545996e-05, 3.10498217004e-06, 1.81260622867e-06, 2.43563789581e-07, 1.96689214249e-07, 1.90321173932e-07, 8.18477587927e-08, 1.55071774088e-07, 1.35383444899e-07, 1.08702138846e-07, 5.38045163978e-08, 3.69271511147e-08, 6.7719327923e-09, 2.17967172089e-10, 1.36823095442e-14],
        "max": [0.00148467090912, 0.0783073678613, 0.0778640061617, 0.0684123337269, 0.055340949446, 0.0324224717915, 0.0507078617811, 0.0408521108329, 0.0345445349813, 0.0678919553757, 0.0478222444654, 0.0591893494129, 0.0363307073712, 0.019375115633, 0.0159860979766, 0.00397760793567, 0.00588218355551, 0.00339519744739, 0.00214699353091, 0.00308405025862, 0.00399299152195, 0.00308403838426, 0.00234280643053, 0.0020289325621, 0.000868876231834, 0.000208162906347, 3.6596281916e-06],
        "mean": [5.25612340425e-05, 0.00374805810861, 0.00666479673237, 0.00383094185963, 0.00342821399681, 0.00186244945507, 0.00153489445802, 0.00283342879266, 0.000953713955823, 0.00404209736735, 0.0010552580934, 0.00224888511002, 0.00146155327093, 0.000590816198383, 0.000463685923023, 0.000262619665591, 0.000275584781775, 0.000305598136038, 0.000225862197112, 0.000237996893702, 0.00017098414537, 0.000107803600258, 0.000114066970127, 9.72503257799e-05, 3.57941207767e-05, 6.92962839821e-06, 6.76187239534e-09],
        "median": [6.41775886834e-06, 0.00080059026368, 0.00331769441254, 0.00164477922954, 0.0018007834442, 0.000827484414913, 0.000660917605273, 0.00111696007662, 0.000430194486398, 0.000750588485971, 0.000325393571984, 0.000619650585577, 0.000290334282909, 0.000252057827311, 0.000226495030802, 0.000131864493596, 9.644041711e-05, 0.000152689957758, 0.000121405551909, 0.000120084478112, 5.4334061133e-05, 2.31116737268e-05, 2.29894685617e-05, 1.49021134348e-05, 3.9829378693e-06, 1.08262793219e-06, 5.18260212523e-10],
        "min": [6.33066843392e-09, 1.06745426365e-06, 3.02499461213e-06, 1.02359726952e-05, 2.63718902715e-05, 7.76244178269e-06, 1.12645793706e-05, 8.69054201758e-06, 6.51156460663e-06, 7.2009388532e-06, 3.97154553866e-06, 3.11757798954e-06, 2.5124950298e-06, 2.60948627329e-06, 5.03195724377e-06, 7.25573499949e-07, 5.28425800894e-07, 6.75948513162e-07, 1.28412523281e-06, 6.99172403529e-07, 4.84917904942e-07, 1.25241484739e-07, 5.76076395475e-08, 7.30146568206e-11, 1.18652422956e-11, 7.40337825766e-12, 5.916941416e-12],
        "var": [2.07114556616e-08, 7.12329856469e-05, 7.74029322201e-05, 4.40536277893e-05, 2.50110406341e-05, 1.04847813418e-05, 9.6956418929e-06, 2.22982325795e-05, 3.94316475649e-06, 6.44981555524e-05, 1.14322756417e-05, 2.67662217084e-05, 1.41098580571e-05, 1.42574208439e-06, 7.88380759786e-07, 1.44619150433e-07, 2.97807531524e-07, 1.74605489178e-07, 7.83146703043e-08, 1.19827163303e-07, 1.09793859338e-07, 8.08701230426e-08, 6.11895600855e-08, 6.06218577559e-08, 1.00058885621e-08, 4.157020006e-10, 1.27564119004e-14]
    },
    "erbbands": {
        "dmean": [0.0421560406685, 0.78606069088, 3.8438615799, 8.54216098785, 8.38091468811, 6.54493999481, 8.47566413879, 8.34401416779, 11.2527713776, 29.388841629, 31.1194038391, 15.6588363647, 57.3448867798, 51.6275100708, 31.4876861572, 57.2175636292, 43.6873855591, 28.6490688324, 19.0618038177, 11.1540603638, 7.23577356339, 7.4089345932, 9.01465511322, 6.35592508316, 6.45880222321, 6.39307785034, 4.48477840424, 3.85007309914, 3.02469491959, 1.99670064449, 1.9185051918, 1.36840188503, 0.842823863029, 0.410147070885, 0.0633376985788, 0.0246854387224, 0.00694625312462, 0.000377185613615, 1.32767154355e-05, 1.36310736707e-05],
        "dmean2": [0.0675202459097, 1.25661897659, 6.18062543869, 14.7655220032, 14.306096077, 10.942399025, 14.0562067032, 13.3018035889, 18.4926738739, 48.6838798523, 49.2929496765, 25.5221939087, 89.8838806152, 80.7038040161, 50.7170562744, 91.3122253418, 71.8221435547, 45.749130249, 29.9791412354, 18.3011627197, 11.2477388382, 11.2730140686, 14.1438550949, 9.96598720551, 9.91120052338, 9.77440357208, 6.64773035049, 5.53921508789, 4.3892531395, 2.76960253716, 2.68178200722, 1.85776627064, 1.1298648119, 0.554917991161, 0.0877422839403, 0.0331732295454, 0.00936026405543, 0.000543150119483, 1.86269080586e-05, 2.17963497562e-05],
        "dvar": [0.0177715253085, 4.74901866913, 62.116558075, 260.697479248, 283.608581543, 181.511779785, 357.31628418, 449.399902344, 477.801025391, 5676.97460938, 3423.66723633, 1382.30236816, 18527.5566406, 15107.4257812, 5313.01904297, 25531.1191406, 12324.0283203, 5213.35058594, 1521.70568848, 624.044494629, 201.947433472, 199.546737671, 208.767166138, 106.687767029, 102.13697052, 163.319320679, 145.738311768, 94.4011917114, 92.4677963257, 35.1283531189, 24.0184192657, 12.2059602737, 5.57627868652, 1.44795107841, 0.0317048504949, 0.00467578321695, 0.000520504952874, 1.62220624134e-06, 9.37390609579e-10, 2.68529226632e-10],
        "dvar2": [0.0411612689495, 11.348991394, 184.541107178, 748.124389648, 787.847473145, 479.425018311, 1033.91711426, 982.265991211, 1251.26428223, 14431.6640625, 8520.56347656, 3351.12548828, 42646.8828125, 35558.7773438, 12182.3603516, 56844.2304688, 29982.2402344, 13074.1064453, 3789.13720703, 1653.28210449, 528.160400391, 437.551452637, 497.075897217, 246.210037231, 213.950424194, 352.111022949, 314.913085938, 195.271499634, 193.03364563, 61.7282676697, 46.9562950134, 23.0760231018, 10.7002563477, 2.50707697868, 0.0597498007119, 0.00759545015171, 0.00084991985932, 2.88837850349e-06, 1.33106314859e-09, 6.70790867296e-10],
        "max": [1.39978730679, 20.3302211761, 83.4073486328, 145.733169556, 154.449432373, 180.310379028, 315.055084229, 361.587097168, 282.792419434, 1002.63824463, 751.23034668, 1052.85998535, 1981.78808594, 2600.00366211, 1174.46496582, 3023.53125, 1503.10656738, 1026.18774414, 609.797729492, 455.344146729, 279.196960449, 303.700622559, 170.792251587, 103.345230103, 123.078842163, 143.524291992, 185.047622681, 123.54246521, 130.147964478, 68.0929870605, 70.5666427612, 54.8447227478, 33.5541496277, 16.5579662323, 2.74483799934, 1.01538467407, 0.42448502779, 0.0251309350133, 0.000561040360481, 0.000151274289237],
        "mean": [0.0506903640926, 1.10910964012, 6.47897195816, 11.6567621231, 11.6113300323, 10.2260751724, 14.3571624756, 15.6701154709, 17.6890869141, 42.739276886, 53.7595710754, 27.2979049683, 97.035369873, 93.687713623, 55.1504249573, 88.5603561401, 66.1769714355, 40.5160255432, 29.575548172, 17.8958721161, 13.877325058, 14.8370962143, 16.5371589661, 12.263215065, 12.8821115494, 11.2116985321, 7.2944021225, 6.23035955429, 4.36794281006, 3.00180530548, 3.28056120872, 2.40329575539, 1.41207480431, 0.678068399429, 0.105406083167, 0.0416412912309, 0.0114097921178, 0.000584660971072, 3.52861025021e-05, 4.43750723207e-05],
        "median": [0.0110700940713, 0.309871822596, 3.14701890945, 6.46776342392, 4.98151302338, 5.17419242859, 6.25039052963, 6.20302724838, 8.4661359787, 18.0238246918, 21.4098968506, 16.0060214996, 22.4261703491, 22.5003185272, 21.4913520813, 27.4108829498, 16.5825424194, 16.5109119415, 15.6913003922, 10.0598936081, 6.91180324554, 5.79188776016, 7.97275590897, 7.22237300873, 6.75696706772, 5.87127542496, 2.68124127388, 1.91364943981, 1.01307618618, 0.582907497883, 0.663995146751, 0.450108110905, 0.176494464278, 0.0709701254964, 0.013965128921, 0.0059877615422, 0.00178544945084, 0.000110543151095, 2.4341075914e-05, 4.14152127632e-05],
        "min": [8.08794575278e-05, 0.00099775264971, 0.011853961274, 0.0790943875909, 0.137341693044, 0.0821979045868, 0.142747998238, 0.115707047284, 0.248475059867, 0.693794071674, 0.41116169095, 0.457134068012, 0.48517280817, 0.343621313572, 0.170011937618, 0.19930177927, 0.171645373106, 0.147144451737, 0.315765082836, 0.108002372086, 0.0390380583704, 0.0308430716395, 0.0360201150179, 0.0778834670782, 0.0599351897836, 0.03237054497, 0.0239756554365, 0.0127459121868, 0.00598269561306, 0.00237736641429, 0.00184208422434, 0.000235366285779, 6.48000859655e-05, 2.49646691373e-05, 1.50564819705e-05, 5.5052460084e-06, 2.26857810048e-06, 4.34883105527e-07, 1.21022662825e-06, 2.40173380917e-06],
        "var": [0.0187369808555, 5.25266933441, 79.4382095337, 241.955871582, 353.304290771, 291.651184082, 664.175476074, 1118.88256836, 734.622558594, 6918.77246094, 8736.25097656, 2311.50488281, 41950.9804688, 40875.8632812, 10454.4960938, 46651.5820312, 23038.4511719, 6701.43164062, 2252.08129883, 725.623718262, 434.170013428, 677.610534668, 473.972167969, 231.282852173, 254.057571411, 272.594604492, 209.493408203, 150.404647827, 127.749458313, 61.7962150574, 50.5498008728, 31.453956604, 14.6603116989, 3.73439097404, 0.0775960609317, 0.0132901929319, 0.00134458567481, 3.79779976356e-06, 2.22091856017e-09, 5.20730902842e-10]
    },
    "gfcc": {
        "mean": [-2.38164401054, 125.126945496, -137.376815796, 27.8209133148, -63.2257537842, 13.037355423, -29.6182231903, 0.539341926575, -24.334236145, -9.32077503204, -12.2557706833, -14.6162595749, -14.4603481293],
        "cov": [[2140.56958008, -1234.04711914, -149.818588257, 149.339172363, -392.80380249, 416.138061523, -223.018966675, 257.389862061, -246.840530396, 66.663772583, -35.5689620972, 40.3125343323, -65.8973464966], [-1234.04711914, 1518.08215332, 83.3687973022, -99.3717422485, 570.033630371, -256.994049072, 328.883575439, -186.023956299, 262.322753906, -126.867790222, 93.9038162231, -30.1753692627, 130.417953491], [-149.818588257, 83.3687973022, 589.556335449, 191.436508179, 78.9115829468, 113.688453674, -19.6766891479, 83.258934021, 52.9208908081, 62.7249603271, 5.12139844894, 17.2979717255, 33.7452316284], [149.339172363, -99.3717422485, 191.436508179, 640.019836426, -55.4269599915, -46.9366455078, -44.641330719, -77.4258728027, 90.8030853271, -22.3037929535, -16.4628238678, -36.0487518311, 62.1586685181], [-392.80380249, 570.033630371, 78.9115829468, -55.4269599915, 436.845214844, -7.78464603424, 136.74508667, 22.6232776642, 90.9567108154, -13.9075336456, 9.12994098663, 5.08062362671, 32.4935417175], [416.138061523, -256.994049072, 113.688453674, -46.9366455078, -7.78464603424, 315.704925537, 16.4754962921, 129.614868164, -54.4084587097, 49.538860321, 39.2636070251, 6.90798616409, -15.8995018005], [-223.018966675, 328.883575439, -19.6766891479, -44.641330719, 136.74508667, 16.4754962921, 247.505126953, -0.898168206215, 55.9137191772, -26.8050041199, 32.3622207642, -7.56981658936, 4.99276065826], [257.389862061, -186.023956299, 83.258934021, -77.4258728027, 22.6232776642, 129.614868164, -0.898168206215, 227.498855591, -10.1358747482, 66.1381530762, 3.93496441841, 18.3744907379, -14.8239603043], [-246.840530396, 262.322753906, 52.9208908081, 90.8030853271, 90.9567108154, -54.4084587097, 55.9137191772, -10.1358747482, 176.039749146, 18.3730792999, 6.1932387352, -23.1352157593, 16.932062149], [66.663772583, -126.867790222, 62.7249603271, -22.3037929535, -13.9075336456, 49.538860321, -26.8050041199, 66.1381530762, 18.3730792999, 135.808135986, 17.8692722321, 4.43036270142, -44.1760063171], [-35.5689620972, 93.9038162231, 5.12139844894, -16.4628238678, 9.12994098663, 39.2636070251, 32.3622207642, 3.93496441841, 6.1932387352, 17.8692722321, 122.862770081, 7.40459823608, 14.3523321152], [40.3125343323, -30.1753692627, 17.2979717255, -36.0487518311, 5.08062362671, 6.90798616409, -7.56981658936, 18.3744907379, -23.1352157593, 4.43036270142, 7.40459823608, 93.7215957642, 20.3843002319], [-65.8973464966, 130.417953491, 33.7452316284, 62.1586685181, 32.4935417175, -15.8995018005, 4.99276065826, -14.8239603043, 16.932062149, -44.1760063171, 14.3523321152, 20.3843002319, 117.59009552]],
        "icov": [[0.00146080460399, -0.000292084092507, 0.00121610809583, -0.00119726336561, 0.000804528244771, -0.00202932441607, 0.000864011759404, -0.00150198978372, 0.00114830548409, -7.23250486772e-05, 0.000781714625191, -0.000833883183077, 0.000560358632356], [-0.000292084092507, 0.00755967805162, -0.0029393651057, 0.00357541628182, -0.00633095623925, 0.00509851705283, -0.00420924043283, 0.00484013883397, -0.00556562235579, 0.00348423724063, -0.00538932019845, 0.00293648126535, -0.00410770718008], [0.00121610809583, -0.0029393651057, 0.00441394513473, -0.00300979451276, 0.00232106167823, -0.00421466352418, 0.00252784439363, -0.00326748471707, 0.00252514355816, -0.00219477782957, 0.00278718746267, -0.00220759422518, 0.00138971023262], [-0.00119726336561, 0.00357541628182, -0.00300979451276, 0.0047542178072, -0.00279826577753, 0.00371926627122, -0.0021819549147, 0.00401793513447, -0.00448103668168, 0.00190545793157, -0.00269176438451, 0.00267290393822, -0.00318421656266], [0.000804528244771, -0.00633095623925, 0.00232106167823, -0.00279826577753, 0.0087893102318, -0.00478842714801, 0.00235350546427, -0.00479481136426, 0.0036885116715, -0.00251117348671, 0.00502306269482, -0.00288469251245, 0.00291744270362], [-0.00202932441607, 0.00509851705283, -0.00421466352418, 0.00371926627122, -0.00478842714801, 0.0108680110425, -0.00456846132874, 0.00250178412534, -0.00286727072671, 0.00176081364043, -0.00577419344336, 0.0036618176382, -0.00310210278258], [0.000864011759404, -0.00420924043283, 0.00252784439363, -0.0021819549147, 0.00235350546427, -0.00456846132874, 0.00845027156174, -0.00325245037675, 0.00170136988163, -2.90311854769e-05, 0.00187284138519, -0.00196962617338, 0.00340068270452], [-0.00150198978372, 0.00484013883397, -0.00326748471707, 0.00401793513447, -0.00479481136426, 0.00250178412534, -0.00325245037675, 0.011191139929, -0.00477306963876, -0.000270797521807, -0.0028165220283, 0.00180471199565, -0.0035674883984], [0.00114830548409, -0.00556562235579, 0.00252514355816, -0.00448103668168, 0.0036885116715, -0.00286727072671, 0.00170136988163, -0.00477306963876, 0.0136757772416, -0.00530107552186, 0.0041061420925, -0.000525763083715, 0.00200871401466], [-7.23250486772e-05, 0.00348423724063, -0.00219477782957, 0.00190545793157, -0.00251117348671, 0.00176081364043, -2.90311854769e-05, -0.000270797521807, -0.00530107552186, 0.0135297263041, -0.00475775217637, 0.000118220450531, 0.00302317528985], [0.000781714625191, -0.00538932019845, 0.00278718746267, -0.00269176438451, 0.00502306269482, -0.00577419344336, 0.00187284138519, -0.0028165220283, 0.0041061420925, -0.00475775217637, 0.0136274211109, -0.00279340427369, 0.000877327576745], [-0.000833883183077, 0.00293648126535, -0.00220759422518, 0.00267290393822, -0.00288469251245, 0.0036618176382, -0.00196962617338, 0.00180471199565, -0.000525763083715, 0.000118220450531, -0.00279340427369, 0.0139239458367, -0.00485279317945], [0.000560358632356, -0.00410770718008, 0.00138971023262, -0.00318421656266, 0.00291744270362, -0.00310210278258, 0.00340068270452, -0.0035674883984, 0.00200871401466, 0.00302317528985, 0.000877327576745, -0.00485279317945, 0.0144192557782]]
    },
    "melbands": {
        "dmean": [0.000577029888518, 0.00164888403378, 0.00144937890582, 0.000495333806612, 0.000293071294436, 0.000187052122783, 0.000187159283087, 0.000343304098351, 0.000224710209295, 0.000101081888715, 0.00030176070868, 0.000231376601732, 9.37503136811e-05, 0.000173139444087, 0.000112976187665, 0.000102993755718, 5.1473165513e-05, 3.27189627569e-05, 2.37400345213e-05, 1.35663740366e-05, 8.71951033332e-06, 8.90401224751e-06, 8.82862332219e-06, 8.71917927725e-06, 5.36774314241e-06, 4.56090992884e-06, 5.54277494302e-06, 4.23473829869e-06, 2.90264574687e-06, 2.7482533369e-06, 2.16029229705e-06, 1.88973842796e-06, 1.24987025174e-06, 1.16395131045e-06, 1.16413707474e-06, 1.09464542675e-06, 8.11710151538e-07, 6.59643319523e-07, 4.75728143101e-07, 3.21749723753e-07],
        "dmean2": [0.000915992539376, 0.00261219474487, 0.00249954639003, 0.000832632184029, 0.000488271267386, 0.000298572180327, 0.000309611263219, 0.000560200132895, 0.000356854259735, 0.000166021112818, 0.000472344545415, 0.000361152400728, 0.000152839667862, 0.000277604558505, 0.000178093512659, 0.000170067956788, 8.25444731163e-05, 5.22227928741e-05, 3.9308990381e-05, 2.20212223212e-05, 1.37512552101e-05, 1.35218760988e-05, 1.40019219543e-05, 1.37964598252e-05, 8.69260384206e-06, 7.20724437997e-06, 8.57475515659e-06, 6.68372058499e-06, 4.32602746514e-06, 4.16148304794e-06, 3.19462787957e-06, 2.78323705061e-06, 1.83220254257e-06, 1.65794097029e-06, 1.64608093201e-06, 1.5754484366e-06, 1.13111241262e-06, 9.3197490969e-07, 6.62625268433e-07, 4.41054652356e-07],
        "dvar": [3.1565698464e-06, 1.22441124404e-05, 7.05208913132e-06, 1.05002732198e-06, 3.86682728504e-07, 1.9474492774e-07, 1.56821485575e-07, 6.04006345384e-07, 1.71087009448e-07, 6.85870986672e-08, 5.05618572788e-07, 2.86378138981e-07, 6.90232369038e-08, 1.98618735681e-07, 8.93619827025e-08, 9.58337977863e-08, 1.92541698141e-08, 4.57552840061e-09, 5.07874764466e-09, 6.96153190649e-10, 4.09586059513e-10, 3.5940611598e-10, 2.84444190424e-10, 2.4373394969e-10, 8.62580284977e-11, 5.34757377268e-11, 7.90842669129e-11, 8.68824387434e-11, 6.25558285727e-11, 4.39292768828e-11, 3.38126852906e-11, 3.53155490962e-11, 1.86855877993e-11, 1.05996262115e-11, 8.78897996048e-12, 7.26351270797e-12, 4.55030067445e-12, 3.88863290526e-12, 1.77225996465e-12, 8.95934422571e-13],
        "dvar2": [7.25831114323e-06, 3.41616869264e-05, 2.00371196115e-05, 2.80144422504e-06, 1.10674773168e-06, 4.38267790059e-07, 4.12581528053e-07, 1.52692325628e-06, 4.19807548724e-07, 1.7272158459e-07, 1.16471221645e-06, 6.56584745684e-07, 1.74081890236e-07, 4.67166216822e-07, 1.99195540063e-07, 2.45559135692e-07, 4.89724598651e-08, 1.10640678841e-08, 1.36447440013e-08, 1.79015868795e-09, 1.09797393399e-09, 8.24737000915e-10, 6.64270805029e-10, 5.80224701618e-10, 2.05515660046e-10, 1.16327183997e-10, 1.7108477135e-10, 1.94154706201e-10, 1.41291728317e-10, 9.16244718985e-11, 7.43675468429e-11, 7.61424048812e-11, 3.67168274951e-11, 1.97020628978e-11, 1.75607826891e-11, 1.5221067462e-11, 8.96454785404e-12, 8.40797657192e-12, 3.30415556027e-12, 1.5755751738e-12],
        "max": [0.018169183284, 0.0356731452048, 0.0250120051205, 0.0145879164338, 0.00928436033428, 0.00720530515537, 0.00629508541897, 0.010268538259, 0.0052081272006, 0.0066314637661, 0.0104099027812, 0.0114340661094, 0.0042433408089, 0.0081323236227, 0.00367459119298, 0.0048910533078, 0.00231899111532, 0.000824976945296, 0.00157871178817, 0.000349242327502, 0.000470843340736, 0.000415877759224, 0.000256975064985, 0.000229425379075, 8.85469926288e-05, 8.61342050484e-05, 9.20235688682e-05, 0.000106254781713, 0.000122811208712, 8.91279778443e-05, 7.53113490646e-05, 7.97000684543e-05, 6.01841893513e-05, 4.26937149314e-05, 4.52000822406e-05, 4.03203921451e-05, 3.08506714646e-05, 2.90289754048e-05, 1.85807348316e-05, 1.44987316162e-05],
        "mean": [0.000748171762098, 0.00281644705683, 0.00207082624547, 0.00075327209197, 0.000499584537465, 0.000350297515979, 0.000286254216917, 0.000524703296833, 0.000382147380151, 0.000157617687364, 0.000507214514073, 0.000411793793319, 0.000147067272337, 0.000275171245448, 0.000155043206178, 0.0001442405337, 6.56580232317e-05, 4.78857618873e-05, 3.20670442306e-05, 2.11659043998e-05, 1.51486856339e-05, 1.58891689352e-05, 1.51058939082e-05, 1.48011822603e-05, 9.20427646633e-06, 8.43220095703e-06, 1.01120158433e-05, 6.61895410303e-06, 4.3502554945e-06, 4.32468596046e-06, 3.29352792505e-06, 2.66010806627e-06, 1.63889149007e-06, 1.74067179159e-06, 1.90183004634e-06, 1.76206788183e-06, 1.36186110922e-06, 1.05450828869e-06, 7.51390473397e-07, 5.10137283527e-07],
        "median": [0.00016026153753, 0.00139560666867, 0.0012432775693, 0.000347983994288, 0.000244765076786, 0.000142849778058, 0.000134521120344, 0.000218456683797, 0.000149944040459, 7.54219800001e-05, 0.000108632586489, 8.47937335493e-05, 5.38998428965e-05, 7.40006071283e-05, 4.30243489973e-05, 3.01244654111e-05, 2.60910928773e-05, 2.30954956351e-05, 1.48044755406e-05, 1.08446629383e-05, 6.3710131144e-06, 5.44413296666e-06, 6.16795023234e-06, 6.77058233123e-06, 4.98151439388e-06, 4.21857339461e-06, 5.03924093209e-06, 3.04559034703e-06, 1.47098251091e-06, 1.27211410472e-06, 9.48415561197e-07, 5.81232598051e-07, 2.95186964649e-07, 3.06292804453e-07, 3.70567107666e-07, 3.44305021827e-07, 2.14270727383e-07, 1.16986129228e-07, 7.67770771404e-08, 4.89395652892e-08],
        "min": [3.56317144679e-07, 2.4004525585e-06, 1.60878989846e-05, 4.6983991524e-06, 5.08703988089e-06, 1.54635972649e-06, 2.35026118389e-06, 4.23703386332e-06, 5.03353476233e-07, 8.79401397924e-07, 9.92376385511e-07, 7.12437270067e-07, 5.24126278378e-07, 4.38224162735e-07, 4.640414204e-07, 2.61790631839e-07, 2.53929215432e-07, 4.5659277248e-07, 2.62723176547e-07, 6.10368360299e-08, 4.00851192239e-08, 3.52366917866e-08, 2.61585668682e-08, 3.26675646534e-08, 3.947316074e-08, 5.84921124869e-08, 2.6769439998e-08, 1.75332939278e-08, 1.72535781218e-08, 8.25339085964e-09, 3.57107632354e-09, 3.73920894248e-09, 1.590679366e-09, 1.19233334317e-09, 1.33121236257e-09, 2.85490270313e-10, 9.10923246555e-13, 1.15883241588e-13, 1.08833562551e-13, 1.12929034613e-13],
