{
"highlevel": {
    "danceability": {
        "all": {
            "danceable": 0.997023880482,
            "not_danceable": 0.00297610973939
        },
        "probability": 0.997023880482,
        "value": "danceable"
    },
    "gender": {
        "all": {
            "female": 0.650372266769,
            "male": 0.349627733231
        },
        "probability": 0.650372266769,
        "value": "female"
    },
    "genre_dortmund": {
        "all": {
            "alternative": 0.477704107761,
            "blues": 0.00346571719274,
            "electronic": 0.0432844869792,
            "folkcountry": 0.0994941592216,
            "funksoulrnb": 0.00829480495304,
            "jazz": 0.043859038502,
            "pop": 0.0721400603652,
            "raphiphop": 0.00098951451946,
            "rock": 0.250768095255
        },
        "probability": 0.477704107761,
        "value": "alternative"
    },
    "genre_electronic": {
        "all": {
            "ambient": 0.868813812733,
            "dnb": 0.0707355514169,
            "house": 0.00518892053515,
            "techno": 0.00484336260706,
            "trance": 0.0504183284938
        },
        "probability": 0.868813812733,
        "value": "ambient"
    },
    "genre_rosamerica": {
        "all": {
            "cla": 0.062148667872,
            "dan": 0.0113605819643,
            "hip": 0.00599003117532,
            "jaz": 0.0381429418921,
            "pop": 0.341703146696,
            "rhy": 0.0534930750728,
            "roc": 0.471844285727,
            "spe": 0.0153172891587
        },
        "probability": 0.471844285727,
        "value": "roc"
    },
    "genre_tzanetakis": {
        "all": {
            "blu": 0.0626613423228,
            "cla": 0.0348169617355,
            "cou": 0.104475811124,
            "dis": 0.0784321576357,
            "hip": 0.15692435205,
            "jaz": 0.313974827528,
            "met": 0.0448166541755,
            "pop": 0.0627359300852,
            "reg": 0.0627360641956,
            "roc": 0.0784258767962
        },
        "probability": 0.313974827528,
        "value": "jaz"
    },
    "ismir04_rhythm": {
        "all": {
            "ChaChaCha": 0.090461216867,
            "Jive": 0.0220521278679,
            "Quickstep": 0.0717237368226,
            "Rumba-American": 0.0102547826245,
            "Rumba-International": 0.0549763292074,
            "Rumba-Misc": 0.0139220403507,
            "Samba": 0.0800570547581,
            "Tango": 0.260599851608,
            "VienneseWaltz": 0.366992592812,
            "Waltz": 0.0289602857083
        },
        "probability": 0.366992592812,
        "value": "VienneseWaltz"
    },
    "mood_acoustic": {
        "all": {
            "acoustic": 0.082427971065,
            "not_acoustic": 0.917572021484
        },
        "probability": 0.917572021484,
        "value": "not_acoustic"
    },
    "mood_aggressive": {
        "all": {
            "aggressive": 0.0767576545477,
            "not_aggressive": 0.923242330551
        },
        "probability": 0.923242330551,
        "value": "not_aggressive"
    },
    "mood_electronic": {
        "all": {
            "electronic": 0.440230488777,
            "not_electronic": 0.559769511223
        },
        "probability": 0.559769511223,
        "value": "not_electronic"
    },
    "mood_happy": {
        "all": {
            "happy": 0.893775343895,
            "not_happy": 0.106224663556
        },
        "probability": 0.893775343895,
        "value": "happy"
    },
    "mood_party": {
        "all": {
            "not_party": 0.994339644909,
            "party": 0.00566036067903
        },
        "probability": 0.994339644909,
        "value": "not_party"
    },
    "mood_relaxed": {
        "all": {
            "not_relaxed": 0.242172449827,
            "relaxed": 0.757827579975
        },
        "probability": 0.757827579975,
        "value": "relaxed"
    },
    "mood_sad": {
        "all": {
            "not_sad": 0.341693550348,
            "sad": 0.658306419849
        },
        "probability": 0.658306419849,
        "value": "sad"
    },
    "moods_mirex": {
        "all": {
            "Cluster1": 0.156092524529,
            "Cluster2": 0.0729781985283,
            "Cluster3": 0.099406182766,
            "Cluster4": 0.0586878471076,
            "Cluster5": 0.612835228443
        },
        "probability": 0.612835228443,
        "value": "Cluster5"
    },
    "timbre": {
        "all": {
            "bright": 0.975854337215,
            "dark": 0.0241456702352
        },
        "probability": 0.975854337215,
        "value": "bright"
    },
    "tonal_atonal": {
        "all": {
            "atonal": 0.00585833238438,
            "tonal": 0.994141638279
        },
        "probability": 0.994141638279,
        "value": "tonal"
    },
    "voice_instrumental": {
        "all": {
            "instrumental": 0.0184986181557,
            "voice": 0.981501400471
        },
        "probability": 0.981501400471,
        "value": "voice"
    }
},
"lowlevel": {
    "average_loudness": 0.979881465435,
    "barkbands_crest": {
        "dmean": 2.12848496437,
        "dmean2": 3.41573834419,
        "dvar": 3.65449953079,
        "dvar2": 10.2034482956,
        "max": 22.2910766602,
        "mean": 9.37074279785,
        "median": 8.81076717377,
        "min": 3.62482023239,
        "var": 10.2226142883
    },
    "barkbands_flatness_db": {
        "dmean": 0.0151570504531,
        "dmean2": 0.0235152300447,
        "dvar": 0.000154020628543,
        "dvar2": 0.000370705849491,
        "max": 0.242233037949,
        "mean": 0.156937152147,
        "median": 0.15397772193,
        "min": 0.0726658850908,
        "var": 0.00086777668912
    },
    "barkbands_kurtosis": {
        "dmean": 1.15556704998,
        "dmean2": 1.83834028244,
        "dvar": 1.29896724224,
        "dvar2": 3.08484625816,
        "max": 19.0530014038,
        "mean": 2.47738671303,
        "median": 2.16713047028,
        "min": -1.67120099068,
        "var": 4.32020759583
    },
    "barkbands_skewness": {
        "dmean": 0.277393907309,
        "dmean2": 0.442522525787,
        "dvar": 0.0697155073285,
        "dvar2": 0.171612426639,
        "max": 2.95451307297,
        "mean": 0.981527268887,
        "median": 0.98601102829,
        "min": -0.639153003693,
        "var": 0.284174829721
    },
    "barkbands_spread": {
        "dmean": 2.59924197197,
        "dmean2": 3.92486000061,
        "dvar": 9.54873275757,
        "dvar2": 17.527507782,
        "max": 77.3397216797,
        "mean": 13.6351881027,
        "median": 12.5675354004,
        "min": 3.79235649109,
        "var": 40.2366447449
    },
    "dissonance": {
        "dmean": 0.0256790444255,
        "dmean2": 0.0428458191454,
        "dvar": 0.000504338066094,
        "dvar2": 0.00129817612469,
        "max": 0.500000119209,
        "mean": 0.443989217281,
        "median": 0.450516909361,
        "min": 0.314009070396,
        "var": 0.00129369762726
    },
    "dynamic_complexity": 1.17090201378,
    "erbbands_crest": {
        "dmean": 2.79374885559,
        "dmean2": 4.40983724594,
        "dvar": 6.31174659729,
        "dvar2": 15.3769626617,
        "max": 27.2695198059,
        "mean": 12.4470319748,
        "median": 12.0661964417,
        "min": 3.35990357399,
        "var": 21.0657711029
    },
    "erbbands_flatness_db": {
        "dmean": 0.0158648025244,
        "dmean2": 0.0226139687002,
        "dvar": 0.000204392126761,
        "dvar2": 0.000451982516097,
        "max": 0.271093159914,
        "mean": 0.187983751297,
        "median": 0.191157355905,
        "min": 0.0841344594955,
        "var": 0.00104861473665
    },
    "erbbands_kurtosis": {
        "dmean": 1.29508125782,
        "dmean2": 1.98480451107,
        "dvar": 1.90868628025,
        "dvar2": 4.40627574921,
        "max": 23.5451221466,
        "mean": 2.54706263542,
        "median": 1.99397039413,
        "min": -1.64637649059,
        "var": 6.58853578568
    },
    "erbbands_skewness": {
        "dmean": 0.322463512421,
        "dmean2": 0.488028883934,
        "dvar": 0.0734226033092,
        "dvar2": 0.184654861689,
        "max": 3.73795080185,
        "mean": 1.0376124382,
        "median": 1.0065639019,
        "min": -0.962467253208,
        "var": 0.317231804132
    },
    "erbbands_spread": {
        "dmean": 4.03476762772,
        "dmean2": 5.91816759109,
        "dvar": 18.3644428253,
        "dvar2": 36.2448997498,
        "max": 85.4862442017,
        "mean": 21.197637558,
        "median": 19.3726348877,
        "min": 6.27520179749,
        "var": 104.566619873
    },
    "hfc": {
        "dmean": 5.79864883423,
        "dmean2": 8.45621776581,
        "dvar": 38.6079139709,
        "dvar2": 80.5876693726,
        "max": 89.2152938843,
        "mean": 26.2249622345,
        "median": 25.0724773407,
        "min": 5.76637077332,
        "var": 140.649505615
    },
    "melbands_crest": {
        "dmean": 2.6077105999,
        "dmean2": 4.23979568481,
        "dvar": 5.30625295639,
        "dvar2": 14.4602613449,
        "max": 27.5031642914,
        "mean": 12.0151815414,
        "median": 11.5365638733,
        "min": 5.4114408493,
        "var": 13.0575017929
    },
    "melbands_flatness_db": {
        "dmean": 0.0153923910111,
        "dmean2": 0.0242284517735,
        "dvar": 0.000222240676521,
        "dvar2": 0.000550471886527,
        "max": 0.296778708696,
        "mean": 0.207633748651,
        "median": 0.204396769404,
        "min": 0.0998842939734,
        "var": 0.00135557248723
    },
    "melbands_kurtosis": {
        "dmean": 1.54515266418,
        "dmean2": 2.50786328316,
        "dvar": 2.96557855606,
        "dvar2": 7.62524795532,
        "max": 16.4471874237,
        "mean": 3.732817173,
        "median": 3.14755439758,
        "min": -1.20574295521,
        "var": 8.76352119446
    },
    "melbands_skewness": {
        "dmean": 0.353937029839,
        "dmean2": 0.560089349747,
        "dvar": 0.115916259587,
        "dvar2": 0.288817763329,
        "max": 3.40086221695,
        "mean": 1.19290494919,
        "median": 1.13918924332,
        "min": -0.408628940582,
        "var": 0.436239302158
    },
    "melbands_spread": {
        "dmean": 3.02350759506,
        "dmean2": 4.76747369766,
        "dvar": 11.1157388687,
        "dvar2": 23.6803321838,
        "max": 71.4432449341,
        "mean": 17.272983551,
        "median": 16.551115036,
        "min": 5.60990190506,
        "var": 36.3164558411
    },
    "pitch_salience": {
        "dmean": 0.0545438714325,
        "dmean2": 0.0885441601276,
        "dvar": 0.00225254846737,
        "dvar2": 0.00594793027267,
        "max": 0.789376020432,
        "mean": 0.564982771873,
        "median": 0.565182328224,
        "min": 0.277574300766,
        "var": 0.00604814663529
    },
    "silence_rate_20dB": {
        "dmean": 0,
        "dmean2": 0,
        "dvar": 0,
        "dvar2": 0,
        "max": 1,
        "mean": 1,
        "median": 1,
        "min": 1,
        "var": 0
    },
    "silence_rate_30dB": {
        "dmean": 0,
        "dmean2": 0,
        "dvar": 0,
        "dvar2": 0,
        "max": 1,
        "mean": 1,
        "median": 1,
        "min": 1,
        "var": 0
    },
    "silence_rate_60dB": {
        "dmean": 0,
        "dmean2": 0,
        "dvar": 0,
        "dvar2": 0,
        "max": 0,
        "mean": 0,
        "median": 0,
        "min": 0,
        "var": 0
    },
    "spectral_centroid": {
        "dmean": 97.6267700195,
        "dmean2": 151.962554932,
        "dvar": 15093.8388672,
        "dvar2": 29880.8945312,
        "max": 3223.50708008,
        "mean": 881.441894531,
        "median": 845.09552002,
        "min": 465.935668945,
        "var": 65444.703125
    },
    "spectral_complexity": {
        "dmean": 2.75851392746,
        "dmean2": 4.37490320206,
        "dvar": 6.64135503769,
        "dvar2": 14.4156494141,
        "max": 39,
        "mean": 20.8762569427,
        "median": 21,
        "min": 10,
        "var": 22.4101009369
    },
    "spectral_decrease": {
        "dmean": 2.49276932429e-09,
        "dmean2": 3.96975874395e-09,
        "dvar": 7.6111791565e-18,
        "dvar2": 1.9388663572e-17,
        "max": -2.59001620151e-09,
        "mean": -1.00890495958e-08,
        "median": -9.66037205785e-09,
        "min": -2.40253186234e-08,
        "var": 1.19858305323e-17
    },
    "spectral_energy": {
        "dmean": 0.00984756089747,
        "dmean2": 0.0156318414956,
        "dvar": 0.000115963215649,
        "dvar2": 0.000293195364065,
        "max": 0.0933472365141,
        "mean": 0.0404570996761,
        "median": 0.0387517474592,
        "min": 0.0102983461693,
        "var": 0.000190565784578
    },
    "spectral_energyband_high": {
        "dmean": 0.000167604564922,
        "dmean2": 0.000227169919526,
        "dvar": 2.2246483411e-07,
        "dvar2": 3.61196043741e-07,
        "max": 0.0116217751056,
        "mean": 0.000436498783529,
        "median": 0.000276715640211,
        "min": 2.59680982708e-05,
        "var": 6.32257126654e-07
    },
    "spectral_energyband_low": {
        "dmean": 0.00438811769709,
        "dmean2": 0.00755092734471,
        "dvar": 7.13583940524e-05,
        "dvar2": 0.000189698213944,
        "max": 0.0647180527449,
        "mean": 0.0086630275473,
        "median": 0.00636897888035,
        "min": 0.000328428839566,
        "var": 6.54698014841e-05
    },
    "spectral_energyband_middle_high": {
        "dmean": 0.00223272270523,
        "dmean2": 0.00330778420903,
        "dvar": 7.64894866734e-06,
        "dvar2": 1.79671187652e-05,
        "max": 0.0333267711103,
        "mean": 0.00814256072044,
        "median": 0.00678581325337,
        "min": 0.00105856044684,
        "var": 2.8929716791e-05
    },
    "spectral_energyband_middle_low": {
        "dmean": 0.00680569140241,
        "dmean2": 0.0105587765574,
        "dvar": 4.47340753453e-05,
        "dvar2": 0.000113676724141,
        "max": 0.0729544535279,
        "mean": 0.0243903212249,
        "median": 0.0217430964112,
        "min": 0.00354347145185,
        "var": 0.000122125915368
    },
    "spectral_entropy": {
        "dmean": 0.129043966532,
        "dmean2": 0.186168283224,
        "dvar": 0.013074289076,
        "dvar2": 0.0262386668473,
        "max": 8.32904434204,
        "mean": 7.28085041046,
        "median": 7.28340291977,
        "min": 6.47480630875,
        "var": 0.0861236453056
    },
    "spectral_flux": {
        "dmean": 0.0249198172241,
        "dmean2": 0.0374966524541,
        "dvar": 0.000660506018903,
        "dvar2": 0.00126238132361,
        "max": 0.22315774858,
        "mean": 0.0871130377054,
        "median": 0.0776444971561,
        "min": 0.02814412117,
        "var": 0.0013869497925
    },
    "spectral_kurtosis": {
        "dmean": 1.7968827486,
        "dmean2": 3.05425691605,
        "dvar": 2.65886497498,
        "dvar2": 7.91036510468,
        "max": 18.6986122131,
        "mean": 6.72629070282,
        "median": 6.40416717529,
        "min": -0.15115904808,
        "var": 8.92401695251
    },
    "spectral_rms": {
        "dmean": 0.000747125654016,
        "dmean2": 0.00117669056635,
        "dvar": 5.90709248627e-07,
        "dvar2": 1.46955767377e-06,
        "max": 0.0095430854708,
        "mean": 0.00619359547272,
        "median": 0.00614870572463,
        "min": 0.00316972658038,
        "var": 1.10971461709e-06
    },
    "spectral_rolloff": {
        "dmean": 167.582061768,
        "dmean2": 289.605438232,
        "dvar": 159346.265625,
        "dvar2": 346057.0625,
        "max": 6998.29101562,
        "mean": 942.366882324,
        "median": 839.794921875,
        "min": 409.130859375,
        "var": 268607.40625
    },
    "spectral_skewness": {
        "dmean": 0.210120618343,
        "dmean2": 0.340758144855,
        "dvar": 0.0292258933187,
        "dvar2": 0.0788477510214,
        "max": 3.40893411636,
        "mean": 2.06483030319,
        "median": 2.04888916016,
        "min": 0.459400653839,
        "var": 0.184698194265
    },
    "spectral_spread": {
        "dmean": 339402.46875,
        "dmean2": 508452.4375,
        "dvar": 231803387904,
        "dvar2": 337274765312,
        "max": 15120855,
        "mean": 3856777.5,
        "median": 3668516,
        "min": 2440514.25,
        "var": 974493646848
    },
    "spectral_strongpeak": {
        "dmean": 0.808240294456,
        "dmean2": 1.35326981544,
        "dvar": 1.04534518719,
        "dvar2": 2.5945148468,
        "max": 11.1518201828,
        "mean": 1.9764020443,
        "median": 1.65383720398,
        "min": 0.0991592034698,
        "var": 2.62167644501
    },
    "zerocrossingrate": {
        "dmean": 0.00491947121918,
        "dmean2": 0.00610521761701,
        "dvar": 3.26629487972e-05,
        "dvar2": 3.54426665581e-05,
        "max": 0.189453125,
        "mean": 0.0434109605849,
        "median": 0.04150390625,
        "min": 0.01806640625,
        "var": 0.000255825201748
    },
    "barkbands": {
        "dmean": [0.000145825906657, 0.00308621721342, 0.00151498103514, 0.000661834899802, 0.00177875626832, 0.00182943150867, 0.00131270103157, 0.00160916743334, 0.00372574944049, 0.00141343229916, 0.000446574878879, 0.000380607583793, 0.000406080129324, 0.000264836446149, 0.000307460926706, 0.000274524936685, 0.000161795047461, 0.000104677958007, 5.28948730789e-05, 3.85616986023e-05, 4.8412977776e-05, 6.53358074487e-05, 3.30185685016e-05, 2.24546838581e-05, 2.37295771512e-05, 1.13033684102e-05, 6.11476025369e-09],
        "dmean2": [0.000228384247748, 0.00548871792853, 0.00255889887922, 0.00108705682214, 0.00292331771925, 0.00308810314164, 0.00202570250258, 0.00257739494555, 0.00531249726191, 0.00212016445585, 0.000690018292516, 0.000598423590418, 0.000661685247906, 0.00043756046216, 0.000473892258015, 0.000456325185951, 0.000262420508079, 0.000170674757101, 8.34090678836e-05, 6.14947930444e-05, 7.61722694733e-05, 0.00010021453636, 5.23533090018e-05, 3.10128016281e-05, 3.28487076331e-05, 1.74674987647e-05, 1.09616120625e-08],
        "dvar": [8.61831637167e-08, 4.91686987516e-05, 5.2880268413e-06, 6.04205240506e-07, 1.00386278064e-05, 5.71801228944e-06, 2.37777476286e-06, 6.98654821463e-06, 2.46340041485e-05, 4.99379075336e-06, 3.75546761688e-07, 3.29925967435e-07, 9.00232294043e-07, 1.6915787171e-07, 9.74913291429e-07, 1.67083868519e-07, 4.29736530805e-08, 2.37049011531e-08, 6.14420203604e-09, 3.38061778571e-09, 1.95726777008e-08, 5.01089125748e-08, 8.74637695603e-09, 4.70229943872e-09, 8.0947737402e-09, 6.15213269217e-10, 5.85206963505e-16],
        "dvar2": [1.9364127013e-07, 0.00013626103464, 1.44208061101e-05, 1.54542146902e-06, 2.60316446656e-05, 1.61689258675e-05, 5.93356344325e-06, 1.96081236936e-05, 5.65700429433e-05, 1.32211262098e-05, 9.20475997646e-07, 7.44681869946e-07, 2.11515612136e-06, 4.22087225616e-07, 1.97720623873e-06, 4.3335751343e-07, 1.04859530836e-07, 5.34726396495e-08, 1.43926852658e-08, 7.98242183464e-09, 4.06212663506e-08, 1.21642543149e-07, 2.15582058871e-08, 7.04395874962e-09, 1.26441079829e-08, 1.18326071163e-09, 1.25752364234e-15],
        "max": [0.00190498388838, 0.0496268756688, 0.0244880560786, 0.00787470210344, 0.0396143384278, 0.0272642076015, 0.0251710209996, 0.0336871817708, 0.0680239200592, 0.0242753885686, 0.0108729638159, 0.00797452684492, 0.0217931065708, 0.00542307598516, 0.0228644441813, 0.00697017321363, 0.00280224718153, 0.00310522015207, 0.00115478422958, 0.000694090616889, 0.00305975694209, 0.00474562309682, 0.00223034061491, 0.00171389093157, 0.00226840772666, 0.000440490985056, 5.46676915292e-07],
        "mean": [0.000129778476548, 0.00407779915258, 0.00373450783081, 0.00124167534523, 0.00325513980351, 0.0035383887589, 0.00335250305943, 0.00321086146869, 0.00894765462726, 0.00407064100727, 0.000814881117549, 0.000649471825454, 0.000646124477498, 0.000476287852507, 0.000593099335674, 0.000571825716179, 0.000319287966704, 0.000221303867875, 0.000121510485769, 8.06291136541e-05, 9.01237217477e-05, 0.00012893328676, 7.20415409887e-05, 4.77006833535e-05, 5.01213216921e-05, 1.48334738697e-05, 4.38578640072e-09],
        "median": [1.77565561899e-05, 0.00248850043863, 0.00249594333582, 0.000924734806176, 0.00229836325161, 0.00257729273289, 0.00233437214047, 0.00186311558355, 0.00443725707009, 0.00186428776942, 0.000456548150396, 0.000443001161329, 0.000397042225813, 0.000258451909758, 0.000208854849916, 0.000262179237325, 0.000214190135011, 0.000155314817675, 7.21319229342e-05, 5.27214178874e-05, 4.40995536337e-05, 6.68323555146e-05, 4.14310597989e-05, 2.27718846872e-05, 2.32551628869e-05, 4.01432316721e-06, 9.43318867463e-10],
        "min": [3.34113785527e-08, 6.54222185403e-06, 2.78943480225e-05, 3.79091602554e-06, 9.4447095762e-05, 0.000231613958022, 8.2679624029e-05, 1.73460612132e-05, 4.23996534664e-05, 3.56593700417e-05, 2.38484772126e-05, 2.18056611629e-05, 1.88538087968e-05, 8.93394644663e-06, 7.52079631638e-06, 4.31767193732e-06, 1.23998752315e-05, 2.62771550297e-06, 7.20821935829e-06, 8.64744470164e-06, 4.75615024698e-06, 1.91699996321e-06, 1.24333450913e-06, 1.70493819951e-06, 6.18329295321e-07, 1.59542275224e-11, 9.00893509098e-12],
        "var": [8.76050592069e-08, 3.51034432242e-05, 1.1499599168e-05, 1.11033057237e-06, 1.14683516586e-05, 1.03421343738e-05, 1.13259447971e-05, 1.71755000338e-05, 0.000104370083136, 2.35574534599e-05, 1.33878427278e-06, 5.28965301783e-07, 1.20982747376e-06, 3.92524100334e-07, 2.16364378502e-06, 5.56401005269e-07, 1.10018817168e-07, 5.4131021443e-08, 1.60115085635e-08, 6.97407021022e-09, 3.89590688599e-08, 7.3082048857e-08, 1.69124181326e-08, 1.13692300019e-08, 1.8733034679e-08, 1.30109134577e-09, 4.39640910448e-16]
    },
    "erbbands": {
        "dmean": [0.0819595232606, 0.718874931335, 1.73270308971, 1.90680193901, 3.98929190636, 6.14093923569, 7.98389053345, 20.1772060394, 22.477312088, 18.8570251465, 30.9331970215, 101.693756104, 53.4062919617, 25.0821208954, 14.2973070145, 13.31528759, 18.6316757202, 10.3121004105, 19.140089035, 11.6351642609, 10.495762825, 9.66698455811, 6.7341504097, 2.75635194778, 2.6165766716, 1.72447156906, 1.42490005493, 2.57846832275, 2.36377191544, 1.58102059364, 0.770296096802, 0.588418602943, 0.314651995897, 0.245295122266, 0.203407242894, 0.0706504955888, 0.0173903089017, 0.00130330282263, 2.89536546916e-05, 1.21657731142e-05],
        "dmean2": [0.146627992392, 1.28525519371, 2.96206855774, 3.09695339203, 6.68473386765, 10.0906867981, 12.9351825714, 34.0597648621, 34.6043586731, 29.8307037354, 49.7358512878, 146.263793945, 78.8267211914, 38.4664306641, 22.5241794586, 20.7897453308, 30.2180290222, 16.4966926575, 28.5442085266, 18.4662494659, 17.158826828, 15.7682590485, 10.9849328995, 4.37077379227, 4.16975450516, 2.70152616501, 2.17475318909, 4.01452112198, 3.65040016174, 2.49524927139, 1.21590948105, 0.833372116089, 0.46821424365, 0.364278674126, 0.282060742378, 0.105012536049, 0.0285472851247, 0.00225995038636, 4.66209457954e-05, 1.91391973203e-05],
        "dvar": [0.0388233885169, 2.60319280624, 8.09976577759, 5.57126998901, 54.239616394, 126.594787598, 157.30140686, 691.694641113, 661.025634766, 1023.12072754, 2793.52148438, 20139.1894531, 3965.14282227, 1265.68823242, 347.021636963, 496.81854248, 2515.83374023, 322.795471191, 4219.66943359, 375.017181396, 155.691665649, 181.237030029, 90.8426437378, 15.3978204727, 15.697968483, 7.18462753296, 8.02411937714, 74.4918212891, 69.8807373047, 26.5356273651, 3.31618714333, 3.0404176712, 0.833306372166, 0.854110777378, 0.698594808578, 0.0370329581201, 0.00127635058016, 8.35960145196e-06, 3.01047387019e-09, 1.73787165214e-10],
        "dvar2": [0.10590519011, 7.28640365601, 21.4839878082, 14.9843082428, 146.578231812, 314.288879395, 420.262451172, 2051.2512207, 1679.40478516, 2585.9855957, 7982.25927734, 45818.1875, 10532.2939453, 3155.45263672, 809.290588379, 1094.22961426, 6030.66992188, 852.449157715, 7745.70019531, 827.059753418, 404.360992432, 439.123535156, 210.43321228, 36.5031814575, 38.8548469543, 16.6114864349, 14.7563495636, 166.159591675, 169.356552124, 68.7630386353, 7.14128065109, 4.77069759369, 1.41249454021, 1.69635486603, 1.11843001842, 0.0613862872124, 0.00303205405362, 2.21046357183e-05, 7.47053885419e-09, 4.2558567781e-10],
        "max": [1.37227654457, 11.4918727875, 32.0423431396, 26.2635612488, 92.1077804565, 132.321228027, 168.784103394, 273.133850098, 377.584259033, 521.611328125, 756.970397949, 1991.65734863, 704.720031738, 587.442687988, 257.389312744, 321.832519531, 1205.16113281, 327.152191162, 1643.43701172, 311.234619141, 137.316574097, 179.487457275, 189.289886475, 52.1805419922, 46.653175354, 31.7912540436, 59.5734825134, 185.241073608, 176.956710815, 124.617408752, 44.4361953735, 40.0152397156, 21.1812839508, 20.4352245331, 21.1918106079, 4.14260864258, 0.600333750248, 0.0311261713505, 0.000571187702008, 0.000127667401102],
        "mean": [0.072496317327, 1.09133303165, 4.42416286469, 4.16063070297, 6.59248876572, 10.5543775558, 17.4108715057, 37.7153587341, 56.0396842957, 44.4509429932, 73.7597427368, 234.893661499, 158.118606567, 73.9374160767, 28.6246852875, 24.5035152435, 30.5067481995, 21.5501441956, 38.0284118652, 27.655380249, 24.894744873, 20.2351894379, 14.3199110031, 6.29298782349, 6.08846473694, 3.70795750618, 2.97988986969, 4.55096673965, 4.67643117905, 3.25729370117, 1.76146006584, 1.20043599606, 0.691893160343, 0.486008226871, 0.394249618053, 0.113212369382, 0.0195961091667, 0.00120718346443, 5.01783688378e-05, 4.92589679197e-05],
        "median": [0.023422377184, 0.717029809952, 3.20858359337, 3.34668874741, 4.52319431305, 6.33672952652, 12.8031797409, 27.3197555542, 38.1890907288, 28.9777603149, 47.5283241272, 110.523841858, 125.292808533, 37.7666625977, 21.0449371338, 16.8968811035, 18.4157924652, 12.7948322296, 17.3606128693, 11.305598259, 14.8190917969, 12.9090242386, 9.88010883331, 4.5690984726, 3.53627228737, 2.42765212059, 1.60490655899, 2.17757177353, 2.50914978981, 1.92198395729, 0.990252971649, 0.560430824757, 0.334825992584, 0.253639519215, 0.143490508199, 0.0367305502295, 0.00421243300661, 0.000186338336789, 2.90927564492e-05, 4.66328092443e-05],
        "min": [0.000199155285372, 0.00566521612927, 0.0899075418711, 0.304128676653, 0.124745629728, 0.244879499078, 0.814831733704, 2.51739406586, 2.07926726341, 2.19803237915, 1.42787897587, 2.96197104454, 3.37889647484, 2.77052354813, 1.25063371658, 0.869432449341, 0.911126494408, 0.937481224537, 0.98974108696, 0.680060088634, 1.28061020374, 0.936371445656, 0.330095589161, 0.563966631889, 0.443340659142, 0.390232533216, 0.208420097828, 0.151746168733, 0.0974208563566, 0.0771294385195, 0.0525930151343, 0.0444740913808, 0.0166755877435, 0.0122891375795, 0.00331121822819, 0.000299056613585, 1.97687440959e-05, 2.54981750913e-06, 5.55194674234e-06, 1.18264160847e-05],
        "var": [0.0258748233318, 1.91620540619, 15.6148853302, 9.80944824219, 53.0352745056, 154.060012817, 293.463226318, 1092.93920898, 3029.703125, 2334.83325195, 8467.27929688, 75700.984375, 15413.6767578, 7410.41162109, 788.592346191, 802.466308594, 3105.36572266, 710.925048828, 10311.7919922, 1633.01281738, 648.758483887, 480.638519287, 214.632369995, 32.786239624, 40.6295928955, 15.1795110703, 20.58776474, 130.965759277, 97.9926300049, 39.6879119873, 8.96900463104, 7.37713718414, 2.02825450897, 1.51926183701, 1.46792387962, 0.0886358395219, 0.0019687183667, 7.73642841523e-06, 3.99642186011e-09, 3.02759622928e-10]
    },
    "gfcc": {
        "mean": [27.4427890778, 121.819534302, -124.455734253, 17.0022373199, -73.8541183472, 16.3946895599, -39.1732788086, 16.9120178223, -15.6903009415, -1.20944917202, -20.9147071838, -3.07814598083, -6.16894674301],
        "cov": [[860.298828125, -521.198791504, -8.10165882111, 36.7374038696, 24.5256786346, 64.2995223999, -21.9171562195, 89.4759979248, 30.4194297791, 136.377456665, -141.358566284, 107.639717102, -122.122749329], [-521.198791504, 495.83895874, -21.2825222015, -38.6658058167, 48.010433197, -40.0697402954, 43.9286422729, -64.5992431641, 4.87319850922, -94.4046936035, 117.892936707, -81.2146530151, 87.189125061], [-8.10165882111, -21.2825222015, 282.558624268, -0.559779703617, -0.149909362197, 31.0297317505, 18.2611446381, 2.81136131287, -116.025550842, 25.0125026703, 16.7055282593, 38.0911064148, -1.72325718403], [36.7374038696, -38.6658058167, -0.559779703617, 153.796539307, -8.51054382324, 16.420747757, 5.72254228592, 6.59873390198, 33.3839759827, -9.00073337555, 21.0622406006, -19.2266349792, 16.5504932404], [24.5256786346, 48.010433197, -0.149909362197, -8.51054382324, 118.181732178, 28.0068664551, 31.8441066742, 19.852186203, 24.8936824799, 24.0625171661, -7.81157016754, 21.9524230957, -16.6877708435], [64.2995223999, -40.0697402954, 31.0297317505, 16.420747757, 28.0068664551, 100.626754761, 37.5730018616, 18.6508750916, -2.65591239929, 17.2036972046, 0.644179821014, 18.5167293549, 1.35737836361], [-21.9171562195, 43.9286422729, 18.2611446381, 5.72254228592, 31.8441066742, 37.5730018616, 88.532661438, 25.6843948364, 16.2055263519, -2.91297984123, 0.361595898867, 5.8223824501, 6.36762285233], [89.4759979248, -64.5992431641, 2.81136131287, 6.59873390198, 19.852186203, 18.6508750916, 25.6843948364, 80.2439651489, 43.7445449829, 15.8334207535, -21.4782791138, 9.42576503754, -10.5229730606], [30.4194297791, 4.87319850922, -116.025550842, 33.3839759827, 24.8936824799, -2.65591239929, 16.2055263519, 43.7445449829, 145.3931427, 16.5175457001, -11.5392560959, -12.5237789154, -4.96664094925], [136.377456665, -94.4046936035, 25.0125026703, -9.00073337555, 24.0625171661, 17.2036972046, -2.91297984123, 15.8334207535, 16.5175457001, 86.2711791992, -7.26789331436, 40.5954704285, -38.6109466553], [-141.358566284, 117.892936707, 16.7055282593, 21.0622406006, -7.81157016754, 0.644179821014, 0.361595898867, -21.4782791138, -11.5392560959, -7.26789331436, 87.2305297852, -12.6529712677, 27.8090572357], [107.639717102, -81.2146530151, 38.0911064148, -19.2266349792, 21.9524230957, 18.5167293549, 5.8223824501, 9.42576503754, -12.5237789154, 40.5954704285, -12.6529712677, 73.323928833, -16.0287342072], [-122.122749329, 87.189125061, -1.72325718403, 16.5504932404, -16.6877708435, 1.35737836361, 6.36762285233, -10.5229730606, -4.96664094925, -38.6109466553, 27.8090572357, -16.0287342072, 68.3034744263]],
        "icov": [[0.00408128416166, 0.00313125201501, 0.000925255008042, -0.000887000467628, -0.00124373752624, -0.0005291000125, 4.29423271271e-05, -0.000955301977228, 0.000737865106203, -0.00169665925205, 0.00145316403359, -0.000996947637759, 0.00136277650017], [0.00313125201501, 0.0180851146579, -0.00312999030575, 0.00868221838027, -0.0127312019467, 0.00569430598989, -0.00747850444168, 0.010570993647, -0.00741229858249, 0.00878269784153, -0.0158332064748, 0.0105044385418, -0.00723051931709], [0.000925255008042, -0.00312999030575, 0.00833605509251, -0.00398653000593, 0.00255561270751, -0.00132463301998, -3.55514748662e-05, -0.00626614782959, 0.00959296617657, -0.00609603477642, 0.00353803974576, -0.00389030831866, 0.00141278700903], [-0.000887000467628, 0.00868221838027, -0.00398653000593, 0.0137534756213, -0.00590978423133, 0.00175699824467, -0.00367562565953, 0.00746943755075, -0.00849610380828, 0.00741911493242, -0.0118869841099, 0.00839712750167, -0.00570090813562], [-0.00124373752624, -0.0127312019467, 0.00255561270751, -0.00590978423133, 0.0200577508658, -0.0060965847224, 0.00268256175332, -0.00808018445969, 0.00386376050301, -0.00757583044469, 0.0118779642507, -0.0101780546829, 0.00782473478466], [-0.0005291000125, 0.00569430598989, -0.00132463301998, 0.00175699824467, -0.0060965847224, 0.016130303964, -0.0078804474324, 0.00268858717754, -0.00065435731085, 0.000945605686866, -0.00649026921019, 0.00332324812189, -0.00542584061623], [4.29423271271e-05, -0.00747850444168, -3.55514748662e-05, -0.00367562565953, 0.00268256175332, -0.0078804474324, 0.019938243553, -0.00823053624481, 0.000993056106381, -0.000866146583576, 0.00737736513838, -0.00596968876198, 0.00337610533461], [-0.000955301977228, 0.010570993647, -0.00626614782959, 0.00746943755075, -0.00808018445969, 0.00268858717754, -0.00823053624481, 0.0277829486877, -0.0139921484515, 0.00795929972082, -0.00868043769151, 0.00768748531118, -0.00532981334254], [0.000737865106203, -0.00741229858249, 0.00959296617657, -0.00849610380828, 0.00386376050301, -0.00065435731085, 0.000993056106381, -0.0139921484515, 0.0219204518944, -0.0123441806063, 0.00911675672978, -0.00319965858944, 0.00194377766456], [-0.00169665925205, 0.00878269784153, -0.00609603477642, 0.00741911493242, -0.00757583044469, 0.000945605686866, -0.000866146583576, 0.00795929972082, -0.0123441806063, 0.0318422690034, -0.0152170723304, -0.00266519095749, 0.00591354770586], [0.00145316403359, -0.0158332064748, 0.00353803974576, -0.0118869841099, 0.0118779642507, -0.00649026921019, 0.00737736513838, -0.00868043769151, 0.00911675672978, -0.0152170723304, 0.0340295545757, -0.00955737475306, 0.00274800159968], [-0.000996947637759, 0.0105044385418, -0.00389030831866, 0.00839712750167, -0.0101780546829, 0.00332324812189, -0.00596968876198, 0.00768748531118, -0.00319965858944, -0.00266519095749, -0.00955737475306, 0.029976554215, -0.00894954055548], [0.00136277650017, -0.00723051931709, 0.00141278700903, -0.00570090813562, 0.00782473478466, -0.00542584061623, 0.00337610533461, -0.00532981334254, 0.00194377766456, 0.00591354770586, 0.00274800159968, -0.00894954055548, 0.0288727302104]]
    },
    "melbands": {
        "dmean": [0.00079260347411, 0.000902887841221, 0.000337802252034, 0.00039909654879, 0.000272899866104, 0.000425278092735, 0.00030491661164, 0.000258366606431, 0.000235632367549, 0.000693196197972, 0.000267827621428, 0.000120918935863, 4.58310023532e-05, 4.58620634163e-05, 4.02988189308e-05, 4.28729035775e-05, 1.92816823983e-05, 3.51231246896e-05, 1.90732007468e-05, 2.31920621445e-05, 1.03192369352e-05, 1.19175765576e-05, 6.92038065608e-06, 4.34526191384e-06, 2.35304764828e-06, 2.38741949943e-06, 1.81311327196e-06, 1.12031693789e-06, 8.27090673283e-07, 1.20323716146e-06, 1.74377032636e-06, 1.59954845458e-06, 1.04727462258e-06, 9.12615007564e-07, 5.30717329639e-07, 3.70318929299e-07, 4.00530836941e-07, 2.54089599139e-07, 1.83606047699e-07, 2.42353081603e-07],
        "dmean2": [0.00141225522384, 0.00155575177632, 0.000557661580388, 0.000661006895825, 0.000441052106908, 0.000716103706509, 0.000471471546916, 0.000411050219554, 0.000372966460418, 0.000992718501948, 0.000397297786549, 0.000184470191016, 7.19448216842e-05, 7.16136273695e-05, 6.18620906607e-05, 7.21941833035e-05, 3.13472701237e-05, 5.178027277e-05, 3.09620518237e-05, 3.79852754122e-05, 1.67203561432e-05, 1.9420429453e-05, 1.12321731649e-05, 7.05699267201e-06, 3.78285812985e-06, 3.81431232199e-06, 2.93897505799e-06, 1.78593745659e-06, 1.28239935293e-06, 1.88266881196e-06, 2.73255454886e-06, 2.51028245657e-06, 1.62974311024e-06, 1.48616652496e-06, 8.4853786575e-07, 5.8195382735e-07, 5.67063125345e-07, 3.8708685679e-07, 2.80006986486e-07, 3.81543969752e-07],
        "dvar": [3.41569193552e-06, 2.70753957921e-06, 1.49847508624e-07, 6.69874566483e-07, 1.50506124896e-07, 2.76841404911e-07, 1.21641321016e-07, 1.83946795573e-07, 1.59722361559e-07, 9.24331516217e-07, 1.10303801648e-07, 3.08499181756e-08, 3.51417517308e-09, 2.9985400829e-09, 1.10898499273e-08, 8.90032669787e-09, 1.41289846489e-09, 1.36435049924e-08, 1.04061914641e-09, 1.45472567326e-09, 1.42999584396e-10, 2.57882409871e-10, 1.14079155844e-10, 3.02394533025e-11, 1.23244617636e-11, 1.40537971885e-11, 7.85224142652e-12, 2.87056381269e-12, 1.89034053168e-12, 1.02976585592e-11, 3.45507442101e-11, 3.51360260331e-11, 9.11328651432e-12, 9.62219193212e-12, 1.57111238082e-12, 7.06810857672e-13, 1.69585775544e-12, 5.53264628122e-13, 2.46243265578e-13, 9.3947191606e-13],
        "dvar2": [9.33351930144e-06, 7.33332262826e-06, 4.10004162177e-07, 1.71073372712e-06, 4.08216095593e-07, 8.16594535991e-07, 3.08873495669e-07, 4.79877428461e-07, 4.46514945907e-07, 2.09920813177e-06, 2.92618778985e-07, 7.70722365928e-08, 8.44166603287e-09, 6.88452894693e-09, 2.57155789996e-08, 2.05851851121e-08, 3.80946074685e-09, 2.38719977119e-08, 2.47094211758e-09, 3.63705665585e-09, 3.54547696757e-10, 6.47816522648e-10, 2.54789717102e-10, 7.01576435835e-11, 2.97313319797e-11, 3.28811908257e-11, 1.9396343906e-11, 6.84294808317e-12, 3.91630391311e-12, 2.0799509684e-11, 7.87416659653e-11, 8.98295535179e-11, 2.12512871883e-11, 2.65156351736e-11, 3.73075658908e-12, 1.45963905025e-12, 2.83970893675e-12, 1.04299565946e-12, 4.44485648374e-13, 2.03534606703e-12],
        "max": [0.0130310449749, 0.0162404645234, 0.00394501117989, 0.0100248437375, 0.00476855784655, 0.00566027313471, 0.00489751109853, 0.00611459976062, 0.00645279372111, 0.0129576036707, 0.00368460803293, 0.00243768980727, 0.000755673681851, 0.000625196029432, 0.00172831770033, 0.00229633646086, 0.000675163522828, 0.00303696165793, 0.000453991262475, 0.000705162354279, 0.000151671178173, 0.000216924701817, 0.000208113851841, 8.44978203531e-05, 4.37868548033e-05, 5.99407612754e-05, 4.41472002422e-05, 2.07260491152e-05, 2.65248345386e-05, 7.08131337888e-05, 0.000117887488159, 0.000130819345941, 6.75781993777e-05, 7.47278681956e-05, 2.93327939289e-05, 1.85411208804e-05, 2.999881508e-05, 1.6468558897e-05, 9.98252016871e-06, 2.00585182029e-05],
        "mean": [0.000885947316419, 0.00205768668093, 0.000782805436756, 0.000630359689239, 0.0005985852913, 0.000839302549139, 0.000776425120421, 0.000553708348889, 0.000550493481569, 0.00157838081941, 0.000785604061093, 0.000350864807842, 8.93788383109e-05, 7.86923410487e-05, 6.05046370765e-05, 6.82087265886e-05, 3.51017188223e-05, 6.46894186502e-05, 3.77966171072e-05, 4.60090996057e-05, 2.30865625781e-05, 2.25320891332e-05, 1.40752254083e-05, 9.3765611382e-06, 4.48455966762e-06, 5.13378563483e-06, 3.41154509442e-06, 2.18612922254e-06, 1.70832061031e-06, 2.07654420592e-06, 2.89017270916e-06, 2.88587602881e-06, 2.06206891562e-06, 1.7213569663e-06, 1.08800691123e-06, 7.56046574679e-07, 7.17624516255e-07, 5.10900235895e-07, 3.61798527138e-07, 4.22562777658e-07],
        "median": [0.000452747393865, 0.00159943290055, 0.000665829807986, 0.000383088423405, 0.000461581803393, 0.000636138371192, 0.000539365340956, 0.000339204591, 0.000319847924402, 0.000742170901503, 0.000577319646254, 0.000154312743689, 5.92942851654e-05, 5.60142798349e-05, 3.22780651913e-05, 4.2339819629e-05, 1.96634318854e-05, 2.80911062873e-05, 1.65984656633e-05, 1.72103900695e-05, 1.58871098392e-05, 1.40498495966e-05, 9.40963582252e-06, 6.70744384479e-06, 2.94418987323e-06, 2.57551391769e-06, 2.18270270125e-06, 1.43858471802e-06, 9.59372300713e-07, 9.67388587014e-07, 1.25457950162e-06, 1.42219869304e-06, 1.19205697047e-06, 9.21927437503e-07, 5.63970274925e-07, 3.76377840894e-07, 2.93606547075e-07, 2.26680569426e-07, 1.93446965113e-07, 2.03270474231e-07],
        "min": [2.20559331865e-06, 4.87419274577e-05, 5.58035098948e-05, 1.39362282425e-05, 2.30662317335e-05, 4.62882744614e-05, 2.70945602097e-05, 2.19940484385e-05, 2.85012561108e-06, 1.2162132407e-05, 1.27810226331e-05, 6.4325963649e-06, 2.98292957268e-06, 1.99907549359e-06, 8.16364945422e-07, 1.6190625729e-06, 9.28650706555e-07, 1.58313082466e-06, 5.5845703173e-07, 5.27043255261e-07, 9.61380578701e-07, 7.6003476579e-07, 4.13177332348e-07, 1.10043309576e-07, 3.31419300892e-07, 2.81936735291e-07, 2.26693842365e-07, 7.31582048275e-08, 3.05856637794e-08, 1.09523334402e-07, 7.40912255992e-08, 3.75105635442e-08, 2.62357371383e-08, 2.40603625912e-08, 4.10747658108e-10, 1.83705761714e-08, 1.31143877979e-08, 7.61268115212e-09, 1.46933887279e-09, 1.3732280868e-09],
