{
"highlevel": {
    "danceability": {
        "all": {
            "danceable": 0.0587583072484,
            "not_danceable": 0.941241681576
        },
        "probability": 0.941241681576,
        "value": "not_danceable"
    },
    "gender": {
        "all": {
            "female": 0.357267975807,
            "male": 0.642732024193
        },
        "probability": 0.642732024193,
        "value": "male"
    },
    "genre_dortmund": {
        "all": {
            "alternative": 0.236368745565,
            "blues": 0.0915031582117,
            "electronic": 0.0119808502495,
            "folkcountry": 0.304558038712,
            "funksoulrnb": 0.0114822993055,
            "jazz": 0.0534820519388,
            "pop": 0.103760115802,
            "raphiphop": 0.00691558420658,
            "rock": 0.179949149489
        },
        "probability": 0.304558038712,
        "value": "folkcountry"
    },
    "genre_electronic": {
        "all": {
            "ambient": 0.934702396393,
            "dnb": 0.0117365540937,
            "house": 0.0277286078781,
            "techno": 0.00480155507103,
            "trance": 0.0210308674723
        },
        "probability": 0.934702396393,
        "value": "ambient"
    },
    "genre_rosamerica": {
        "all": {
            "cla": 0.243017792702,
            "dan": 0.0239524971694,
            "hip": 0.0202934127301,
            "jaz": 0.106848157942,
            "pop": 0.232602149248,
            "rhy": 0.240084841847,
            "roc": 0.101080656052,
            "spe": 0.0321204848588
        },
        "probability": 0.243017792702,
        "value": "cla"
    },
    "genre_tzanetakis": {
        "all": {
            "blu": 0.0626541376114,
            "cla": 0.0348133966327,
            "cou": 0.0783501937985,
            "dis": 0.104547761381,
            "hip": 0.15693578124,
            "jaz": 0.313987255096,
            "met": 0.044816005975,
            "pop": 0.0627349764109,
            "reg": 0.0627352520823,
            "roc": 0.0784252434969
        },
        "probability": 0.313987255096,
        "value": "jaz"
    },
    "ismir04_rhythm": {
        "all": {
            "ChaChaCha": 0.0764962434769,
            "Jive": 0.0226112753153,
            "Quickstep": 0.210809260607,
            "Rumba-American": 0.030063342303,
            "Rumba-International": 0.322137534618,
            "Rumba-Misc": 0.0129203852266,
            "Samba": 0.0279498901218,
            "Tango": 0.100813932717,
            "VienneseWaltz": 0.0525334812701,
            "Waltz": 0.14366465807
        },
        "probability": 0.322137534618,
        "value": "Rumba-International"
    },
    "mood_acoustic": {
        "all": {
            "acoustic": 0.796880066395,
            "not_acoustic": 0.203119963408
        },
        "probability": 0.796880066395,
        "value": "acoustic"
    },
    "mood_aggressive": {
        "all": {
            "aggressive": 0.0179907400161,
            "not_aggressive": 0.982009232044
        },
        "probability": 0.982009232044,
        "value": "not_aggressive"
    },
    "mood_electronic": {
        "all": {
            "electronic": 0.474991083145,
            "not_electronic": 0.525008916855
        },
        "probability": 0.525008916855,
        "value": "not_electronic"
    },
    "mood_happy": {
        "all": {
            "happy": 0.240388780832,
            "not_happy": 0.75961124897
        },
        "probability": 0.75961124897,
        "value": "not_happy"
    },
    "mood_party": {
        "all": {
            "not_party": 0.958994090557,
            "party": 0.0410059094429
        },
        "probability": 0.958994090557,
        "value": "not_party"
    },
    "mood_relaxed": {
        "all": {
            "not_relaxed": 0.17423453927,
            "relaxed": 0.825765430927
        },
        "probability": 0.825765430927,
        "value": "relaxed"
    },
    "mood_sad": {
        "all": {
            "not_sad": 0.14859226346,
            "sad": 0.851407766342
        },
        "probability": 0.851407766342,
        "value": "sad"
    },
    "moods_mirex": {
        "all": {
            "Cluster1": 0.434604942799,
            "Cluster2": 0.122541539371,
            "Cluster3": 0.338984251022,
            "Cluster4": 0.0621082857251,
            "Cluster5": 0.0417609810829
        },
        "probability": 0.434604942799,
        "value": "Cluster1"
    },
    "timbre": {
        "all": {
            "bright": 0.810393750668,
            "dark": 0.189606249332
        },
        "probability": 0.810393750668,
        "value": "bright"
    },
    "tonal_atonal": {
        "all": {
            "atonal": 0.0433861501515,
            "tonal": 0.956613838673
        },
        "probability": 0.956613838673,
        "value": "tonal"
    },
    "voice_instrumental": {
        "all": {
            "instrumental": 0.00656267115846,
            "voice": 0.993437349796
        },
        "probability": 0.993437349796,
        "value": "voice"
    }
},
"lowlevel": {
    "average_loudness": 0.974432349205,
    "barkbands_crest": {
        "dmean": 2.12277388573,
        "dmean2": 3.54736924171,
        "dvar": 3.904037714,
        "dvar2": 10.9842710495,
        "max": 22.0683841705,
        "mean": 9.65383434296,
        "median": 9.21812725067,
        "min": 3.38608503342,
        "var": 9.18779945374
    },
    "barkbands_flatness_db": {
        "dmean": 0.0200882479548,
        "dmean2": 0.032089125365,
        "dvar": 0.00035947401193,
        "dvar2": 0.000884309934918,
        "max": 0.330649584532,
        "mean": 0.20101121068,
        "median": 0.201829478145,
        "min": 0.0883808583021,
        "var": 0.0015446691541
    },
    "barkbands_kurtosis": {
        "dmean": 3.33183693886,
        "dmean2": 5.59555625916,
        "dvar": 36.3894424438,
        "dvar2": 100.732948303,
        "max": 71.7832565308,
        "mean": 7.02047586441,
        "median": 5.39926052094,
        "min": -1.8177959919,
        "var": 54.7429428101
    },
    "barkbands_skewness": {
        "dmean": 0.480891555548,
        "dmean2": 0.792079567909,
        "dvar": 0.341926634312,
        "dvar2": 0.906425654888,
        "max": 7.21229219437,
        "mean": 2.10610342026,
        "median": 2.04312729836,
        "min": -0.474620133638,
        "var": 0.871760368347
    },
    "barkbands_spread": {
        "dmean": 3.01588892937,
        "dmean2": 4.7486038208,
        "dvar": 15.7616548538,
        "dvar2": 35.6734695435,
        "max": 69.7832794189,
        "mean": 12.7401075363,
        "median": 10.618771553,
        "min": 1.40120470524,
        "var": 72.9599914551
    },
    "dissonance": {
        "dmean": 0.0179102867842,
        "dmean2": 0.0292886160314,
        "dvar": 0.000267881783657,
        "dvar2": 0.000695367460139,
        "max": 0.499999970198,
        "mean": 0.445424616337,
        "median": 0.4488940835,
        "min": 0.321378290653,
        "var": 0.000795138766989
    },
    "dynamic_complexity": 2.02497649193,
    "erbbands_crest": {
        "dmean": 1.9250562191,
        "dmean2": 3.12922859192,
        "dvar": 4.09910202026,
        "dvar2": 10.7239284515,
        "max": 19.1026916504,
        "mean": 8.3522977829,
        "median": 7.87945747375,
        "min": 2.67015790939,
        "var": 7.791680336
    },
    "erbbands_flatness_db": {
        "dmean": 0.0157242473215,
        "dmean2": 0.0200366601348,
        "dvar": 0.000205073214602,
        "dvar2": 0.000375014322344,
        "max": 0.299193263054,
        "mean": 0.186120390892,
        "median": 0.188230007887,
        "min": 0.0645802766085,
        "var": 0.00110257137567
    },
    "erbbands_kurtosis": {
        "dmean": 0.654899418354,
        "dmean2": 1.01155388355,
        "dvar": 0.685441076756,
        "dvar2": 1.69204485416,
        "max": 8.08841514587,
        "mean": 0.00537242507562,
        "median": -0.39218711853,
        "min": -1.7275557518,
        "var": 2.11767888069
    },
    "erbbands_skewness": {
        "dmean": 0.289974659681,
        "dmean2": 0.453614711761,
        "dvar": 0.0876377746463,
        "dvar2": 0.21723523736,
        "max": 2.49642801285,
        "mean": 0.644163787365,
        "median": 0.698649466038,
        "min": -1.44857513905,
        "var": 0.430987983942
    },
    "erbbands_spread": {
        "dmean": 5.60827159882,
        "dmean2": 8.05261611938,
        "dvar": 34.5571403503,
        "dvar2": 70.2570343018,
        "max": 121.752372742,
        "mean": 36.2961730957,
        "median": 35.1338539124,
        "min": 8.05376720428,
        "var": 168.089950562
    },
    "hfc": {
        "dmean": 3.16055774689,
        "dmean2": 4.39407873154,
        "dvar": 24.260263443,
        "dvar2": 47.2234802246,
        "max": 65.3888473511,
        "mean": 12.3701124191,
        "median": 8.59614276886,
        "min": 1.20391213894,
        "var": 112.710121155
    },
    "melbands_crest": {
        "dmean": 2.85977625847,
        "dmean2": 4.68048238754,
        "dvar": 6.56542825699,
        "dvar2": 17.7220535278,
        "max": 28.758928299,
        "mean": 13.7380924225,
        "median": 12.901216507,
        "min": 5.27974748611,
        "var": 20.7855949402
    },
    "melbands_flatness_db": {
        "dmean": 0.0233180839568,
        "dmean2": 0.0356060452759,
        "dvar": 0.000538144493476,
        "dvar2": 0.00120279518887,
        "max": 0.437850117683,
        "mean": 0.277663588524,
        "median": 0.27962526679,
        "min": 0.0775136873126,
        "var": 0.00312573253177
    },
    "melbands_kurtosis": {
        "dmean": 6.7407913208,
        "dmean2": 11.3061819077,
        "dvar": 151.159912109,
        "dvar2": 418.077026367,
        "max": 146.58631897,
        "mean": 15.4896697998,
        "median": 12.6649465561,
        "min": -1.10751569271,
        "var": 193.040222168
    },
    "melbands_skewness": {
        "dmean": 0.639940500259,
        "dmean2": 1.03020441532,
        "dvar": 0.597258448601,
        "dvar2": 1.55323064327,
        "max": 9.5299987793,
        "mean": 2.93074917793,
        "median": 2.80575609207,
        "min": 0.043490037322,
        "var": 1.38794994354
    },
    "melbands_spread": {
        "dmean": 3.23823475838,
        "dmean2": 5.0880484581,
        "dvar": 20.2629680634,
        "dvar2": 42.7908401489,
        "max": 102.192649841,
        "mean": 12.3947038651,
        "median": 9.99060726166,
        "min": 1.24073898792,
        "var": 88.326751709
    },
    "pitch_salience": {
        "dmean": 0.0658110529184,
        "dmean2": 0.11079479754,
        "dvar": 0.00381903978996,
        "dvar2": 0.0109600853175,
        "max": 0.851949572563,
        "mean": 0.570614933968,
        "median": 0.580342054367,
        "min": 0.220201194286,
        "var": 0.0106003787369
    },
    "silence_rate_20dB": {
        "dmean": 0,
        "dmean2": 0,
        "dvar": 0,
        "dvar2": 0,
        "max": 1,
        "mean": 1,
        "median": 1,
        "min": 1,
        "var": 0
    },
    "silence_rate_30dB": {
        "dmean": 0.0030959751457,
        "dmean2": 0.00619674660265,
        "dvar": 0.00308636738919,
        "dvar2": 0.00925660971552,
        "max": 1,
        "mean": 0.998453199863,
        "median": 1,
        "min": 0,
        "var": 0.00154439383186
    },
    "silence_rate_60dB": {
        "dmean": 0,
        "dmean2": 0,
        "dvar": 0,
        "dvar2": 0,
        "max": 0,
        "mean": 0,
        "median": 0,
        "min": 0,
        "var": 0
    },
    "spectral_centroid": {
        "dmean": 150.381607056,
        "dmean2": 236.237503052,
        "dvar": 33154.3789062,
        "dvar2": 76278.28125,
        "max": 3396.2890625,
        "mean": 845.328979492,
        "median": 740.054016113,
        "min": 208.712295532,
        "var": 168582.6875
    },
    "spectral_complexity": {
        "dmean": 2.42724466324,
        "dmean2": 3.62044930458,
        "dvar": 6.27727365494,
        "dvar2": 11.515162468,
        "max": 43,
        "mean": 15.7540607452,
        "median": 14,
        "min": 4,
        "var": 42.8042297363
    },
    "spectral_decrease": {
        "dmean": 2.70914313205e-09,
        "dmean2": 4.45457981613e-09,
        "dvar": 2.50417366465e-17,
        "dvar2": 6.66572114621e-17,
        "max": -8.76241967873e-10,
        "mean": -7.35967331522e-09,
        "median": -6.13424200324e-09,
        "min": -4.27380122403e-08,
        "var": 2.88956588016e-17
    },
    "spectral_energy": {
        "dmean": 0.0104453936219,
        "dmean2": 0.0171138178557,
        "dvar": 0.000369527726434,
        "dvar2": 0.000980904675089,
        "max": 0.164397850633,
        "mean": 0.0288990810513,
        "median": 0.0239520706236,
        "min": 0.00341633497737,
        "var": 0.00043800950516
    },
    "spectral_energyband_high": {
        "dmean": 6.63031969452e-05,
        "dmean2": 8.46772454679e-05,
        "dvar": 6.31579624155e-08,
        "dvar2": 9.7201464655e-08,
        "max": 0.00833976268768,
        "mean": 0.000136799149914,
        "median": 2.6312929549e-05,
        "min": 1.66239487953e-06,
        "var": 2.7210052167e-07
    },
    "spectral_energyband_low": {
        "dmean": 0.00543529819697,
        "dmean2": 0.00912173930556,
        "dvar": 8.00699126557e-05,
        "dvar2": 0.000203792849788,
        "max": 0.112957030535,
        "mean": 0.0110859731212,
        "median": 0.00930378772318,
        "min": 1.76280591404e-05,
        "var": 0.000112938490929
    },
    "spectral_energyband_middle_high": {
        "dmean": 0.000871347263455,
        "dmean2": 0.00110378337558,
        "dvar": 3.94641074308e-06,
        "dvar2": 5.58902229386e-06,
        "max": 0.0428267791867,
        "mean": 0.00299982121214,
        "median": 0.00147381715942,
        "min": 5.51223565708e-05,
        "var": 2.22496964852e-05
    },
    "spectral_energyband_middle_low": {
        "dmean": 0.00711120851338,
        "dmean2": 0.0118999006227,
        "dvar": 0.000296170939691,
        "dvar2": 0.000821765686851,
        "max": 0.157694891095,
        "mean": 0.016115706414,
        "median": 0.0125164724886,
        "min": 0.00178249995224,
        "var": 0.000251651305007
    },
    "spectral_entropy": {
        "dmean": 0.151761472225,
        "dmean2": 0.215990811586,
        "dvar": 0.0228066854179,
        "dvar2": 0.043519064784,
        "max": 8.35036277771,
        "mean": 6.96377182007,
        "median": 6.94518280029,
        "min": 5.98322343826,
        "var": 0.136721163988
    },
    "spectral_flux": {
        "dmean": 0.0276892893016,
        "dmean2": 0.0444794669747,
        "dvar": 0.001622701413,
        "dvar2": 0.00329154566862,
        "max": 0.362744092941,
        "mean": 0.0760640874505,
        "median": 0.0598177574575,
        "min": 0.0149292200804,
        "var": 0.00277424557135
    },
    "spectral_kurtosis": {
        "dmean": 3.42945194244,
        "dmean2": 5.82917356491,
        "dvar": 10.0922718048,
        "dvar2": 28.3611698151,
        "max": 31.1555213928,
        "mean": 10.2297668457,
        "median": 9.44474887848,
        "min": -0.203573465347,
        "var": 23.5946445465
    },
    "spectral_rms": {
        "dmean": 0.000848657218739,
        "dmean2": 0.00134280114435,
        "dvar": 1.4616508679e-06,
        "dvar2": 3.63091362487e-06,
        "max": 0.0126644447446,
        "mean": 0.00504829967394,
        "median": 0.00483403261751,
        "min": 0.0018256532494,
        "var": 2.70895520771e-06
    },
    "spectral_rolloff": {
        "dmean": 207.481735229,
        "dmean2": 348.266418457,
        "dvar": 207094.203125,
        "dvar2": 477337,
        "max": 9840.67382812,
        "mean": 731.911987305,
        "median": 473.73046875,
        "min": 107.666015625,
        "var": 628254.3125
    },
    "spectral_skewness": {
        "dmean": 0.331457316875,
        "dmean2": 0.544731616974,
        "dvar": 0.0784114524722,
        "dvar2": 0.214078068733,
        "max": 4.32405376434,
        "mean": 2.16373348236,
        "median": 2.16800355911,
        "min": 0.39141523838,
        "var": 0.296401649714
    },
    "spectral_spread": {
        "dmean": 351654.75,
        "dmean2": 462774.34375,
        "dvar": 162037366784,
        "dvar2": 244712341504,
        "max": 12491745,
        "mean": 3045246.5,
        "median": 2823125.5,
        "min": 1741600.25,
        "var": 1.00292676813e+12
    },
    "spectral_strongpeak": {
        "dmean": 0.34992441535,
        "dmean2": 0.604747891426,
        "dvar": 0.3244330585,
        "dvar2": 0.809537410736,
        "max": 6.00510978699,
        "mean": 0.679772257805,
        "median": 0.453688085079,
        "min": 0.056572701782,
        "var": 0.475588351488
    },
    "zerocrossingrate": {
        "dmean": 0.00505363522097,
        "dmean2": 0.00607760762796,
        "dvar": 3.96907998947e-05,
        "dvar2": 4.16626317019e-05,
        "max": 0.21728515625,
        "mean": 0.032779417932,
        "median": 0.029296875,
        "min": 0.00537109375,
        "var": 0.000387585227145
    },
    "barkbands": {
        "dmean": [0.000226733071031, 0.00303279142827, 0.00213689240627, 0.00299699371681, 0.0034730497282, 0.00113333039917, 0.00134061474819, 0.000486928969622, 0.000372485199478, 0.000351562077412, 0.000183376629138, 8.32798832562e-05, 0.000135917915031, 0.000134767513373, 0.000125628546812, 0.000103880782262, 0.000193202300579, 0.000106196457637, 0.000101277320937, 4.18452327722e-05, 1.28936408146e-05, 1.10974124254e-05, 1.17685112855e-05, 8.96021356311e-06, 9.55501309363e-06, 3.79978496312e-06, 1.54656587537e-09],
        "dmean2": [0.000399952026783, 0.00518826860934, 0.00356286996976, 0.00531337922439, 0.00593501189724, 0.00187438190915, 0.00214550970122, 0.000702878925949, 0.00055105437059, 0.000510317273438, 0.000267414550763, 0.000127532883198, 0.000193554224097, 0.000213534382056, 0.000194124528207, 0.00016067942488, 0.000297445105389, 0.000160366660566, 0.000147674480104, 6.15634562564e-05, 1.74813103513e-05, 1.47293249029e-05, 1.49914003487e-05, 1.18417356134e-05, 1.32564819069e-05, 4.84537713419e-06, 2.69465694203e-09],
        "dvar": [3.67782121202e-07, 4.22545126639e-05, 1.03740794657e-05, 7.91202546679e-05, 7.30442261556e-05, 2.47077650783e-06, 4.8642918955e-06, 1.13300700377e-06, 1.32752859372e-06, 2.18494096771e-06, 1.84064916198e-07, 5.91330469035e-08, 2.98388584952e-07, 1.71237630298e-07, 1.44848797845e-07, 5.19019671685e-08, 1.11132827385e-07, 4.73126569034e-08, 4.76615440448e-08, 1.03602069146e-08, 1.88114479549e-09, 3.21818438564e-09, 7.6851636166e-09, 1.80398973537e-09, 2.7684257109e-09, 1.89847706999e-10, 7.79005282806e-17],
        "dvar2": [9.52109587615e-07, 0.000112129295303, 2.6790832635e-05, 0.000218403263716, 0.000204174924875, 7.45548186387e-06, 1.39182684507e-05, 2.06224899557e-06, 3.22625032823e-06, 3.88341413782e-06, 3.73847683477e-07, 1.31704680939e-07, 5.90802187617e-07, 4.23664658911e-07, 2.80398694485e-07, 1.19974458812e-07, 2.38127782382e-07, 9.90259536593e-08, 8.13388965071e-08, 1.93432345696e-08, 3.3311968739e-09, 5.14276710106e-09, 1.2324006704e-08, 3.01460301166e-09, 5.67248603645e-09, 2.98487179418e-10, 8.51861101228e-17],
        "max": [0.00377842551097, 0.0933700203896, 0.0390084311366, 0.0894241034985, 0.0778302326798, 0.0207568891346, 0.0319662280381, 0.0210363343358, 0.0200156513602, 0.0312017388642, 0.00920175760984, 0.0044082137756, 0.0158774722368, 0.00587947387248, 0.00721451733261, 0.00601769378409, 0.00705492822453, 0.00474559515715, 0.00585431419313, 0.00225292658433, 0.00117072905414, 0.00172279891558, 0.00341383833438, 0.00169708009344, 0.00142155389767, 0.000484059914015, 3.12000850045e-07],
        "mean": [0.00017689037486, 0.00574428774416, 0.00387935130857, 0.00302246003412, 0.00518712960184, 0.0029474934563, 0.00302972365171, 0.000938664190471, 0.000732996501029, 0.000734314264264, 0.000317433441523, 0.000153261993546, 0.00025195867056, 0.000190520993783, 0.000230340054259, 0.000218490604311, 0.000495115877129, 0.000233064987697, 0.000231246638577, 8.0291822087e-05, 2.42448786594e-05, 2.01900220418e-05, 2.14287192648e-05, 1.69141312654e-05, 1.46561069414e-05, 6.65784727971e-06, 1.27501909031e-09],
        "median": [1.59618630278e-05, 0.00387405278161, 0.00217999168672, 0.00130142993294, 0.00282891676761, 0.00227940245531, 0.00164802314248, 0.000456578447483, 0.000292786804494, 0.000204996074899, 0.000113481393782, 5.40434266441e-05, 3.40610386047e-05, 5.81531057833e-05, 9.41003236221e-05, 0.000112338108011, 0.000265603739535, 0.000112620211439, 8.76477570273e-05, 1.68382975971e-05, 6.24722224529e-06, 2.53388361671e-06, 1.82544818017e-06, 2.52062909567e-06, 2.18706281885e-06, 1.88535409507e-06, 4.14375533886e-10],
        "min": [1.23178471867e-08, 2.04600337383e-06, 2.64362233793e-06, 1.5256478946e-05, 6.61363010295e-05, 3.78144686692e-05, 2.10249090742e-05, 3.48772209691e-06, 7.56417557568e-06, 8.22737831641e-07, 1.32279569698e-06, 4.43332254463e-07, 6.06077378507e-07, 8.90113028618e-07, 1.92464312931e-06, 1.96045652956e-06, 6.07736683378e-06, 1.19854257719e-06, 2.41576185545e-06, 5.65397442642e-07, 2.95918795246e-07, 1.05450055798e-07, 9.89964661358e-08, 1.24999104401e-07, 1.24538701129e-07, 2.08133723589e-08, 1.08272002475e-11],
        "var": [2.80754591131e-07, 4.808167796e-05, 2.23959432333e-05, 5.21918118466e-05, 6.07816582487e-05, 6.28522366242e-06, 1.30249718495e-05, 2.4144096642e-06, 2.2315859951e-06, 5.8813011492e-06, 5.1441747928e-07, 1.47109346926e-07, 1.22281880977e-06, 2.63944741619e-07, 3.22350842907e-07, 1.92810247768e-07, 4.18785248257e-07, 1.43448374956e-07, 2.05587639357e-07, 3.31070495463e-08, 7.43431582961e-09, 1.22869625585e-08, 2.74996541094e-08, 7.31597671333e-09, 6.09339068092e-09, 6.69615363158e-10, 7.74092293188e-17]
    },
    "erbbands": {
        "dmean": [0.0830140039325, 0.730567216873, 2.40287160873, 5.85834693909, 14.4457292557, 9.94425582886, 10.519109726, 7.53331661224, 13.5785074234, 15.9720239639, 12.2021846771, 9.38055515289, 9.6645565033, 10.4666852951, 4.06363964081, 3.972645998, 5.0887966156, 6.041431427, 5.99097394943, 5.23207092285, 6.09571838379, 9.78326797485, 7.13077640533, 5.67071533203, 3.46088266373, 2.08867168427, 0.714170873165, 0.492059230804, 0.40819093585, 0.353174299002, 0.336635619402, 0.235650122166, 0.142177015543, 0.136700600386, 0.0535182058811, 0.0200876817107, 0.00716631533578, 0.000488005462103, 1.25790656966e-05, 1.17684230645e-05],
        "dmean2": [0.145356759429, 1.22985708714, 3.96653056145, 10.2304286957, 25.2954521179, 16.2332668304, 17.683807373, 12.0545520782, 22.7201442719, 23.5044269562, 17.9579296112, 13.4720754623, 13.9242429733, 14.1442241669, 5.97979354858, 5.90470647812, 6.62451505661, 9.08736038208, 8.75117015839, 7.871322155, 9.26776409149, 14.6651067734, 10.7389945984, 8.24534511566, 4.9567399025, 3.02596783638, 0.9849832654, 0.656594455242, 0.537545740604, 0.478993088007, 0.447961449623, 0.329965382814, 0.190413072705, 0.195347234607, 0.0748281478882, 0.0266046747565, 0.0094574149698, 0.000650878821034, 1.63567910931e-05, 1.89797247003e-05],
        "dvar": [0.0470793358982, 2.08246612549, 12.5985860825, 215.169433594, 2251.80981445, 319.918121338, 222.338012695, 134.439147949, 533.831237793, 959.088134766, 621.746948242, 781.783996582, 1917.47216797, 824.961425781, 126.01550293, 131.372848511, 355.207519531, 372.106414795, 380.705200195, 135.424499512, 205.237442017, 333.651489258, 206.263397217, 167.77494812, 43.394443512, 28.7940483093, 4.20309209824, 3.76782989502, 3.66098499298, 5.16614818573, 7.01495170593, 2.57287931442, 0.268845558167, 0.788163900375, 0.0657824724913, 0.00477719912305, 0.000766255601775, 4.23967821916e-06, 1.45421141795e-09, 4.52220538794e-10],
        "dvar2": [0.124452523887, 5.62838554382, 30.8721141815, 602.108825684, 6335.36523438, 855.543212891, 701.154418945, 348.211853027, 1583.01379395, 2110.65551758, 1316.62805176, 1868.93432617, 3467.97412109, 1520.68640137, 265.27835083, 279.2628479, 557.463623047, 792.734069824, 781.642211914, 255.43800354, 481.439422607, 665.986633301, 410.902252197, 319.933258057, 77.0500564575, 50.6182594299, 9.01733398438, 6.21017694473, 5.35094070435, 8.41460514069, 11.9538087845, 5.04359149933, 0.456117272377, 1.9069378376, 0.109665445983, 0.0075395712629, 0.00130454276223, 6.08251230005e-06, 1.93877802701e-09, 1.18723642029e-09],
        "max": [2.27049660683, 21.5450839996, 52.8249473572, 151.062728882, 395.976257324, 214.017471313, 163.033309937, 150.775314331, 332.533599854, 526.234924316, 362.53225708, 515.33807373, 999.412780762, 465.721435547, 208.938598633, 204.748321533, 537.943115234, 370.507629395, 375.621063232, 269.806060791, 397.983306885, 406.936828613, 330.660461426, 371.480285645, 136.742385864, 130.638565063, 49.2565765381, 61.0211677551, 61.849521637, 68.4022521973, 101.919281006, 64.0199432373, 16.0732822418, 24.4763145447, 7.64533996582, 2.15051746368, 0.997518360615, 0.0836298018694, 0.00147896364797, 0.000188496007468],
        "mean": [0.0986695587635, 1.51128149033, 4.87106609344, 7.01892614365, 15.4157857895, 16.2799720764, 24.911239624, 19.6242237091, 31.982749939, 37.1488571167, 26.0125045776, 19.3722801208, 20.4350681305, 21.5127239227, 8.2404794693, 7.53504753113, 10.5854234695, 11.6109304428, 10.3435239792, 11.9034461975, 15.0361204147, 25.5449447632, 17.2155456543, 13.310131073, 7.7010383606, 4.09970188141, 1.34523451328, 0.894589304924, 0.734491288662, 0.618029475212, 0.616701364517, 0.408171087503, 0.262743324041, 0.193944990635, 0.0880382582545, 0.0334325730801, 0.0125610977411, 0.000851872609928, 3.1156836485e-05, 3.36743651133e-05],
        "median": [0.0426816530526, 1.06929588318, 3.20653057098, 3.75712919235, 6.77852869034, 8.84324741364, 17.0476970673, 14.3613529205, 19.9795570374, 20.4039516449, 14.5378503799, 9.15486717224, 6.17059278488, 8.05321121216, 2.87671494484, 2.55477952957, 1.76697313786, 2.74394083023, 3.85510110855, 6.57593011856, 8.09641265869, 12.1566505432, 7.81972980499, 5.86688804626, 2.78427648544, 0.816912591457, 0.382519632578, 0.175521552563, 0.0948180481791, 0.0738249793649, 0.0511018484831, 0.0445380657911, 0.0435278490186, 0.0272677838802, 0.0135930869728, 0.00859799515456, 0.00384377292357, 0.000237634478253, 1.77403308044e-05, 2.78409406747e-05],
        "min": [7.27243314032e-05, 0.00134910910856, 0.0119782825932, 0.0543904341757, 0.146905988455, 0.240113675594, 0.554589271545, 0.402904450893, 0.337240248919, 0.495450139046, 0.201842442155, 0.358345091343, 0.159945979714, 0.130696639419, 0.0584447197616, 0.0219422560185, 0.0274942386895, 0.0430285744369, 0.0835002213717, 0.131053447723, 0.16221177578, 0.21813634038, 0.113684475422, 0.134073719382, 0.0767734125257, 0.030107922852, 0.0156884305179, 0.00835068803281, 0.00404495513067, 0.00404520751908, 0.00214278162457, 0.00158197409473, 0.00203083385713, 0.00083037908189, 0.000467801844934, 9.82648416539e-05, 6.04841370659e-05, 6.08577238381e-06, 2.40320400735e-06, 3.84900431527e-06],
        "var": [0.0365990363061, 2.85278558731, 30.5073833466, 148.644180298, 1435.74645996, 525.321350098, 584.744445801, 353.607025146, 1386.62475586, 2384.06567383, 1301.41271973, 1380.06066895, 4941.91943359, 2508.28369141, 391.850067139, 358.311523438, 1824.94677734, 1268.24560547, 690.495727539, 439.003662109, 777.014892578, 1406.8223877, 702.007507324, 667.22467041, 188.1690979, 93.2080535889, 13.3296384811, 14.6101827621, 15.4367599487, 14.4375391006, 24.1312522888, 8.52543830872, 1.0240085125, 1.13478827477, 0.206551015377, 0.0164784304798, 0.00250453455374, 1.65531237144e-05, 6.05600369852e-09, 5.82130843529e-10]
    },
    "gfcc": {
        "mean": [-31.604681015, 141.97265625, -107.556045532, 26.821352005, -40.3307533264, -13.6709356308, -48.1416664124, 22.4453964233, -22.3406162262, -2.58576822281, -15.0340213776, -1.60977864265, -10.2452411652],
        "cov": [[1870.63964844, -652.212097168, -186.601699829, 154.173660278, -175.712875366, 225.362609863, 3.19911408424, 44.8828468323, -131.583511353, 68.8745803833, -13.6774864197, -4.39600324631, -29.1434059143], [-652.212097168, 760.990539551, -9.48281383514, -178.059890747, 282.365264893, -144.538528442, 145.247680664, 50.0063438416, 75.3471603394, -69.8082275391, 86.1597366333, -15.6903600693, 51.7801361084], [-186.601699829, -9.48281383514, 494.677093506, 147.020996094, 40.6662330627, 101.578948975, -1.86947488785, 5.555372715, 50.8826904297, 26.0531997681, -47.1254577637, 34.223236084, -20.8499832153], [154.173660278, -178.059890747, 147.020996094, 225.790466309, 5.12121772766, 50.9960021973, -32.1143608093, -11.2837905884, 7.5217089653, 19.1682338715, -21.4301300049, 6.0491900444, 3.19067502022], [-175.712875366, 282.365264893, 40.6662330627, 5.12121772766, 256.332275391, 2.88189387321, 70.9275131226, 62.2192573547, 35.4299850464, -11.2883434296, 33.2076644897, 6.39861154556, 21.7615261078], [225.362609863, -144.538528442, 101.578948975, 50.9960021973, 2.88189387321, 205.452575684, 61.0749435425, 8.81370544434, -0.58527636528, 30.8255367279, -21.2130355835, 19.2825145721, -24.3911151886], [3.19911408424, 145.247680664, -1.86947488785, -32.1143608093, 70.9275131226, 61.0749435425, 161.132232666, 42.2403945923, 3.48922610283, -9.24876308441, 20.0862407684, 12.7253198624, -2.84774446487], [44.8828468323, 50.0063438416, 5.555372715, -11.2837905884, 62.2192573547, 8.81370544434, 42.2403945923, 113.158210754, 41.6232376099, 6.4828004837, 13.7815647125, 9.63732814789, 14.187171936], [-131.583511353, 75.3471603394, 50.8826904297, 7.5217089653, 35.4299850464, -0.58527636528, 3.48922610283, 41.6232376099, 98.1282653809, 13.0226650238, -2.45866894722, 10.7178010941, 7.70564222336], [68.8745803833, -69.8082275391, 26.0531997681, 19.1682338715, -11.2883434296, 30.8255367279, -9.24876308441, 6.4828004837, 13.0226650238, 76.6354827881, 18.3166904449, -12.1015529633, -8.61096763611], [-13.6774864197, 86.1597366333, -47.1254577637, -21.4301300049, 33.2076644897, -21.2130355835, 20.0862407684, 13.7815647125, -2.45866894722, 18.3166904449, 78.8672332764, 3.36394643784, 12.3621072769], [-4.39600324631, -15.6903600693, 34.223236084, 6.0491900444, 6.39861154556, 19.2825145721, 12.7253198624, 9.63732814789, 10.7178010941, -12.1015529633, 3.36394643784, 75.8034057617, 10.1855707169], [-29.1434059143, 51.7801361084, -20.8499832153, 3.19067502022, 21.7615261078, -24.3911151886, -2.84774446487, 14.187171936, 7.70564222336, -8.61096763611, 12.3621072769, 10.1855707169, 59.0194816589]],
        "icov": [[0.00109147618059, 0.000245709903538, 0.000760030001402, -0.000883900444023, 0.000476751360111, -0.00108420161996, 0.000111702203867, -0.00138829834759, 0.00139853602741, -0.000379157601856, -3.04568529828e-05, -3.95537499571e-05, 0.000130220563733], [0.000245709903538, 0.0161707401276, -0.00544631807134, 0.0113023016602, -0.012368818745, 0.00986916571856, -0.0118539342657, 0.00960809551179, -0.0113501930609, 0.0105937123299, -0.0106834927574, 0.00894744507968, -0.00712215621024], [0.000760030001402, -0.00544631807134, 0.00560300145298, -0.00618445780128, 0.0039941566065, -0.00497262971476, 0.00432916078717, -0.00405214633793, 0.00381772220135, -0.00472449371591, 0.00517367850989, -0.00441215699539, 0.00361250597052], [-0.000883900444023, 0.0113023016602, -0.00618445780128, 0.0150265274569, -0.00972700770944, 0.00680998107418, -0.00696186581627, 0.00861640833318, -0.0089950542897, 0.00720967445523, -0.00709289172664, 0.00669432897121, -0.00679916609079], [0.000476751360111, -0.012368818745, 0.0039941566065, -0.00972700770944, 0.0154283633456, -0.00804215297103, 0.00737412553281, -0.0100252022967, 0.00850993301719, -0.00666590081528, 0.0059173880145, -0.00591070856899, 0.00447432510555], [-0.00108420161996, 0.00986916571856, -0.00497262971476, 0.00680998107418, -0.00804215297103, 0.0154929403216, -0.0114314910024, 0.00751523207873, -0.00738161383197, 0.00284705171362, -0.00354064349085, 0.00341132516041, -0.00277682091109], [0.000111702203867, -0.0118539342657, 0.00432916078717, -0.00696186581627, 0.00737412553281, -0.0114314910024, 0.0187265519053, -0.00987989921123, 0.00936357770115, -0.00502430554479, 0.0051969117485, -0.00665136333555, 0.00629984447733], [-0.00138829834759, 0.00960809551179, -0.00405214633793, 0.00861640833318, -0.0100252022967, 0.00751523207873, -0.00987989921123, 0.0206502843648, -0.0134993419051, 0.00571238342673, -0.006603627, 0.00500972801819, -0.00653623975813], [0.00139853602741, -0.0113501930609, 0.00381772220135, -0.0089950542897, 0.00850993301719, -0.00738161383197, 0.00936357770115, -0.0134993419051, 0.0240748506039, -0.0114058274776, 0.00992616731673, -0.00824404601008, 0.00452824309468], [-0.000379157601856, 0.0105937123299, -0.00472449371591, 0.00720967445523, -0.00666590081528, 0.00284705171362, -0.00502430554479, 0.00571238342673, -0.0114058274776, 0.0265489965677, -0.0151823433116, 0.0105858575553, -0.00280561926775], [-3.04568529828e-05, -0.0106834927574, 0.00517367850989, -0.00709289172664, 0.0059173880145, -0.00354064349085, 0.0051969117485, -0.006603627, 0.00992616731673, -0.0151823433116, 0.0257357545197, -0.00890604127198, 0.00239759357646], [-3.95537499571e-05, 0.00894744507968, -0.00441215699539, 0.00669432897121, -0.00591070856899, 0.00341132516041, -0.00665136333555, 0.00500972801819, -0.00824404601008, 0.0105858575553, -0.00890604127198, 0.0207783021033, -0.00682571157813], [0.000130220563733, -0.00712215621024, 0.00361250597052, -0.00679916609079, 0.00447432510555, -0.00277682091109, 0.00629984447733, -0.00653623975813, 0.00452824309468, -0.00280561926775, 0.00239759357646, -0.00682571157813, 0.0236532315612]]
    },
    "melbands": {
        "dmean": [0.000764373864513, 0.00115666480269, 0.00130973209161, 0.00089206971461, 0.000342594925314, 0.000174930188223, 0.000241515692323, 0.000149385668919, 9.83520731097e-05, 5.78946492169e-05, 4.8404916015e-05, 4.51555170002e-05, 1.75353397935e-05, 1.00020461105e-05, 8.48901709105e-06, 1.45499325299e-05, 1.21111324916e-05, 9.51636411628e-06, 1.06453999251e-05, 7.79463607614e-06, 7.49244463805e-06, 1.1255237041e-05, 9.05365777726e-06, 4.98162580698e-06, 5.16106911164e-06, 3.44322461387e-06, 1.76840660515e-06, 1.38154405249e-06, 4.9537572977e-07, 3.39895620982e-07, 3.01090153698e-07, 2.64998249122e-07, 2.17864155161e-07, 2.02726582188e-07, 2.02519203185e-07, 1.62426758266e-07, 1.48606247308e-07, 9.58468078238e-08, 1.1769302688e-07, 1.23558237419e-07],
        "dmean2": [0.00131636217702, 0.00191193434875, 0.00230544107035, 0.00152883317787, 0.000572187069338, 0.000286753056571, 0.000397500756662, 0.000216818953049, 0.000144788922626, 8.34994571051e-05, 7.12743858458e-05, 6.13405645709e-05, 2.54725800914e-05, 1.49675624925e-05, 1.18548960018e-05, 1.97224417207e-05, 1.8523502149e-05, 1.42230601341e-05, 1.66804529727e-05, 1.22069723147e-05, 1.14856993605e-05, 1.68077822309e-05, 1.36373682835e-05, 7.51589141146e-06, 7.57243378757e-06, 4.98414146932e-06, 2.61605759988e-06, 2.00483350454e-06, 7.25954294012e-07, 4.96601728628e-07, 4.12510161141e-07, 3.6842203599e-07, 3.22842311107e-07, 2.54315096981e-07, 2.62121432115e-07, 2.37204417886e-07, 2.16591629965e-07, 1.32827040034e-07, 1.70594205429e-07, 1.88666263057e-07],
        "dvar": [3.24718303091e-06, 3.05988373839e-06, 1.44324812936e-05, 5.42862062503e-06, 2.13963360807e-07, 6.28912673051e-08, 1.55177744432e-07, 8.5228030855e-08, 4.12817051654e-08, 3.14837613757e-08, 5.08910993346e-08, 1.85320576662e-08, 2.13103157343e-09, 7.3284156521e-10, 8.59113835627e-10, 3.38364625208e-09, 1.40623668266e-09, 1.08168640711e-09, 1.04566300063e-09, 1.87986140543e-10, 2.96492025376e-10, 4.78671602355e-10, 2.45137521393e-10, 1.06252347198e-10, 1.4865125797e-10, 4.82542998614e-11, 1.55491539783e-11, 1.41660060418e-11, 2.46712155913e-12, 1.15077673953e-12, 1.66932808722e-12, 1.71803185827e-12, 1.54912877231e-12, 1.69900779643e-12, 2.3204118748e-12, 1.8734516976e-12, 9.76202083579e-13, 1.53291089674e-13, 2.72268861103e-13, 6.98644267438e-13],
        "dvar2": [8.57203758642e-06, 7.67599522078e-06, 4.01138822781e-05, 1.51871354319e-05, 6.3208415213e-07, 1.65680262398e-07, 4.65088675128e-07, 1.75279907921e-07, 8.67595488785e-08, 7.83793723258e-08, 9.04962504933e-08, 3.50887354728e-08, 4.36906377743e-09, 1.58218249613e-09, 1.44604406227e-09, 6.25066531867e-09, 3.13485148951e-09, 2.28025509585e-09, 2.22085017043e-09, 4.24475732341e-10, 7.02192692881e-10, 9.59389012678e-10, 5.08093511709e-10, 2.46095144263e-10, 2.96609348194e-10, 8.06855138258e-11, 3.16065576489e-11, 2.62514992383e-11, 5.6545271937e-12, 2.49069471644e-12, 2.89211948661e-12, 3.12138162539e-12, 2.95156542436e-12, 2.59664360326e-12, 3.80135983455e-12, 3.1710402533e-12, 2.16768747049e-12, 2.77098900466e-13, 6.42762319064e-13, 1.71374958495e-12],
        "max": [0.0237449221313, 0.0271470993757, 0.0356888510287, 0.0203387662768, 0.0048317341134, 0.00313993147574, 0.0057790922001, 0.00592502625659, 0.00253877043724, 0.00331968767568, 0.00501273246482, 0.00232637417503, 0.00106256629806, 0.00051233934937, 0.000733490451239, 0.00183206249494, 0.000740381132346, 0.000581920496188, 0.000719278759789, 0.000234081002418, 0.00048034088104, 0.000473448657431, 0.000248777971137, 0.000212563521927, 0.00034028844675, 0.000180354414624, 7.06027349224e-05, 8.82442109287e-05, 3.88059306715e-05, 2.49487056863e-05, 4.28498096881e-05, 4.39086652477e-05, 3.46362867276e-05, 3.93571936002e-05, 6.06332760071e-05, 4.9924798077e-05, 3.74986047973e-05, 1.13036830953e-05, 1.31462857098e-05, 2.20224173972e-05],
        "mean": [0.00124525360297, 0.00244031567127, 0.00151965615805, 0.00115889171138, 0.000809346151073, 0.000464981218101, 0.000570426287595, 0.000353606854333, 0.000198669571546, 0.000115018941869, 0.000100663011835, 8.91710151336e-05, 3.24559005094e-05, 1.89288675756e-05, 1.62634059961e-05, 2.84684811049e-05, 2.05376945814e-05, 1.48496246766e-05, 1.87925998034e-05, 1.65183682839e-05, 1.70382736542e-05, 2.85773876385e-05, 2.05416599783e-05, 1.08099984573e-05, 1.11124818432e-05, 7.21046126273e-06, 3.52482652488e-06, 2.45511523644e-06, 8.58682540184e-07, 5.64397964808e-07, 4.96872814892e-07, 4.34916699987e-07, 3.46949832419e-07, 3.41925357361e-07, 3.68742206547e-07, 3.00621536553e-07, 2.34763760432e-07, 1.76900783799e-07, 1.80283407758e-07, 1.59685740186e-07],
        "median": [0.00071081268834, 0.00189200695604, 0.000834343780298, 0.000579268496949, 0.000542558613233, 0.00035189956543, 0.00035688673961, 0.000198715453735, 0.000105105973489, 5.02729526488e-05, 2.78388706647e-05, 3.11362273351e-05, 1.14552231025e-05, 6.75907949699e-06, 4.10401116824e-06, 3.96118048229e-06, 5.24253619005e-06, 5.27856627741e-06, 7.65288041293e-06, 9.5254927146e-06, 8.99008864508e-06, 1.31860952024e-05, 9.61640944297e-06, 5.31192472408e-06, 4.31605985796e-06, 2.29522220252e-06, 9.54646452556e-07, 3.77311380362e-07, 2.30179367122e-07, 1.55864768203e-07, 6.71979307754e-08, 5.04237149812e-08, 4.4409777189e-08, 3.65234811284e-08, 2.87547869959e-08, 2.51661553818e-08, 2.67333213344e-08, 2.87536110477e-08, 2.86857986254e-08, 1.9897818504e-08],
        "min": [5.69853796151e-07, 3.88402031604e-06, 1.45043923112e-05, 9.69154461927e-06, 1.55236211867e-05, 6.05076093052e-06, 4.9833979574e-06, 2.08158803616e-06, 7.07371270892e-07, 1.46776301335e-06, 5.18913509495e-07, 4.59023169697e-07, 1.97962023663e-07, 5.39091509211e-08, 4.69670489167e-08, 7.30941138727e-08, 8.4637676423e-08, 1.11935150926e-07, 1.39589758419e-07, 1.79589250138e-07, 1.56668377826e-07, 2.49884692494e-07, 1.82909673185e-07, 6.51334417512e-08, 1.0276458795e-07, 7.36756291531e-08, 2.84959451591e-08, 1.01847978939e-08, 7.95446197799e-09, 2.82201040314e-09, 1.55696633364e-09, 1.59162738544e-09, 1.44902467802e-09, 1.52951751264e-09, 1.10695619338e-09, 5.4447812925e-10, 6.55324905452e-10, 9.50095668806e-10, 1.96852173451e-10, 3.86281728826e-10],
