{
"highlevel": {
    "danceability": {
        "all": {
            "danceable": 0.938740730286,
            "not_danceable": 0.061259239912
        },
        "probability": 0.938740730286,
        "value": "danceable"
    },
    "gender": {
        "all": {
            "female": 0.0276923384517,
            "male": 0.972307682037
        },
        "probability": 0.972307682037,
        "value": "male"
    },
    "genre_dortmund": {
        "all": {
            "alternative": 0.0236155241728,
            "blues": 0.0146590555087,
            "electronic": 0.0283011347055,
            "folkcountry": 0.0336920768023,
            "funksoulrnb": 0.0472178682685,
            "jazz": 0.0321200340986,
            "pop": 0.0340761318803,
            "raphiphop": 0.710096716881,
            "rock": 0.0762214884162
        },
        "probability": 0.710096716881,
        "value": "raphiphop"
    },
    "genre_electronic": {
        "all": {
            "ambient": 0.432124435902,
            "dnb": 0.14983946085,
            "house": 0.263952732086,
            "techno": 0.0178781449795,
            "trance": 0.136205211282
        },
        "probability": 0.432124435902,
        "value": "ambient"
    },
    "genre_rosamerica": {
        "all": {
            "cla": 0.00742500834167,
            "dan": 0.0417881272733,
            "hip": 0.116841331124,
            "jaz": 0.0090503981337,
            "pop": 0.283441931009,
            "rhy": 0.341194540262,
            "roc": 0.175505310297,
            "spe": 0.0247533489019
        },
        "probability": 0.341194540262,
        "value": "rhy"
    },
    "genre_tzanetakis": {
        "all": {
            "blu": 0.0626613423228,
            "cla": 0.0348169617355,
            "cou": 0.104475811124,
            "dis": 0.0784321576357,
            "hip": 0.15692435205,
            "jaz": 0.313974827528,
            "met": 0.0448166541755,
            "pop": 0.0627359300852,
            "reg": 0.0627360641956,
            "roc": 0.0784258767962
        },
        "probability": 0.313974827528,
        "value": "jaz"
    },
    "ismir04_rhythm": {
        "all": {
            "ChaChaCha": 0.0220335032791,
            "Jive": 0.321744531393,
            "Quickstep": 0.0478623509407,
            "Rumba-American": 0.0129482392222,
            "Rumba-International": 0.12152607739,
            "Rumba-Misc": 0.0295500829816,
            "Samba": 0.409485787153,
            "Tango": 0.0061055617407,
            "VienneseWaltz": 0.0184172745794,
            "Waltz": 0.0103266099468
        },
        "probability": 0.409485787153,
        "value": "Samba"
    },
    "mood_acoustic": {
        "all": {
            "acoustic": 0.262807190418,
            "not_acoustic": 0.737192809582
        },
        "probability": 0.737192809582,
        "value": "not_acoustic"
    },
    "mood_aggressive": {
        "all": {
            "aggressive": 0.0552216917276,
            "not_aggressive": 0.944778323174
        },
        "probability": 0.944778323174,
        "value": "not_aggressive"
    },
    "mood_electronic": {
        "all": {
            "electronic": 0.879237830639,
            "not_electronic": 0.120762161911
        },
        "probability": 0.879237830639,
        "value": "electronic"
    },
    "mood_happy": {
        "all": {
            "happy": 0.204297736287,
            "not_happy": 0.795702278614
        },
        "probability": 0.795702278614,
        "value": "not_happy"
    },
    "mood_party": {
        "all": {
            "not_party": 0.71258187294,
            "party": 0.28741812706
        },
        "probability": 0.71258187294,
        "value": "not_party"
    },
    "mood_relaxed": {
        "all": {
            "not_relaxed": 0.745552539825,
            "relaxed": 0.254447489977
        },
        "probability": 0.745552539825,
        "value": "not_relaxed"
    },
    "mood_sad": {
        "all": {
            "not_sad": 0.796625375748,
            "sad": 0.203374609351
        },
        "probability": 0.796625375748,
        "value": "not_sad"
    },
    "moods_mirex": {
        "all": {
            "Cluster1": 0.224482357502,
            "Cluster2": 0.261668950319,
            "Cluster3": 0.278417646885,
            "Cluster4": 0.0758293867111,
            "Cluster5": 0.159601658583
        },
        "probability": 0.278417646885,
        "value": "Cluster3"
    },
    "timbre": {
        "all": {
            "bright": 0.0259418878704,
            "dark": 0.97405809164
        },
        "probability": 0.97405809164,
        "value": "dark"
    },
    "tonal_atonal": {
        "all": {
            "atonal": 0.932263433933,
            "tonal": 0.0677365884185
        },
        "probability": 0.932263433933,
        "value": "atonal"
    },
    "voice_instrumental": {
        "all": {
            "instrumental": 0.000270054995781,
            "voice": 0.999729931355
        },
        "probability": 0.999729931355,
        "value": "voice"
    }
},
"lowlevel": {
    "average_loudness": 0.983330965042,
    "barkbands_crest": {
        "dmean": 2.98762440681,
        "dmean2": 4.83889579773,
        "dvar": 7.70077514648,
        "dvar2": 20.7883148193,
        "max": 25.0492420197,
        "mean": 10.926402092,
        "median": 9.7622013092,
        "min": 2.80295181274,
        "var": 22.1323299408
    },
    "barkbands_flatness_db": {
        "dmean": 0.0332922078669,
        "dmean2": 0.0468937009573,
        "dvar": 0.00100012368057,
        "dvar2": 0.00180327019189,
        "max": 0.470146745443,
        "mean": 0.184797510505,
        "median": 0.172317996621,
        "min": 0.0548969507217,
        "var": 0.00416730344296
    },
    "barkbands_kurtosis": {
        "dmean": 7.70384931564,
        "dmean2": 11.8498706818,
        "dvar": 344.286437988,
        "dvar2": 692.573364258,
        "max": 609.050109863,
        "mean": 9.87173652649,
        "median": 3.85009765625,
        "min": -1.84858155251,
        "var": 692.998596191
    },
    "barkbands_skewness": {
        "dmean": 0.905222713947,
        "dmean2": 1.36368894577,
        "dvar": 0.903215885162,
        "dvar2": 2.02029109001,
        "max": 18.0562419891,
        "mean": 2.12209534645,
        "median": 1.79444026947,
        "min": -1.19280314445,
        "var": 2.94505429268
    },
    "barkbands_spread": {
        "dmean": 7.90113830566,
        "dmean2": 11.8448963165,
        "dvar": 93.7541503906,
        "dvar2": 180.631652832,
        "max": 78.8646011353,
        "mean": 19.5717945099,
        "median": 15.0338087082,
        "min": 0.270440638065,
        "var": 255.299743652
    },
    "dissonance": {
        "dmean": 0.0262824520469,
        "dmean2": 0.0427555479109,
        "dvar": 0.00077558128396,
        "dvar2": 0.00205460912548,
        "max": 0.497548431158,
        "mean": 0.451223760843,
        "median": 0.464214503765,
        "min": 0.190816923976,
        "var": 0.00173175951932
    },
    "dynamic_complexity": 1.27852988243,
    "erbbands_crest": {
        "dmean": 2.87163496017,
        "dmean2": 4.77508020401,
        "dvar": 6.58272886276,
        "dvar2": 16.3795490265,
        "max": 27.1689739227,
        "mean": 9.21588134766,
        "median": 8.57555294037,
        "min": 2.92159819603,
        "var": 14.1817550659
    },
    "erbbands_flatness_db": {
        "dmean": 0.0242208298296,
        "dmean2": 0.0347982160747,
        "dvar": 0.00050000945339,
        "dvar2": 0.00102595752105,
        "max": 0.365944385529,
        "mean": 0.167884483933,
        "median": 0.163642078638,
        "min": 0.0522949621081,
        "var": 0.00193854980171
    },
    "erbbands_kurtosis": {
        "dmean": 2.04112362862,
        "dmean2": 3.18083310127,
        "dvar": 9.3274269104,
        "dvar2": 21.8403930664,
        "max": 31.151134491,
        "mean": 1.65235793591,
        "median": 0.277505159378,
        "min": -1.77596712112,
        "var": 15.2140111923
    },
    "erbbands_skewness": {
        "dmean": 0.62755292654,
        "dmean2": 0.929465770721,
        "dvar": 0.36685743928,
        "dvar2": 0.790454506874,
        "max": 4.24916124344,
        "mean": 0.435284554958,
        "median": 0.398475140333,
        "min": -3.40840387344,
        "var": 1.24553096294
    },
    "erbbands_spread": {
        "dmean": 13.1568002701,
        "dmean2": 20.1516361237,
        "dvar": 198.985107422,
        "dvar2": 428.315490723,
        "max": 146.435119629,
        "mean": 39.6842842102,
        "median": 35.8625144958,
        "min": 2.63711190224,
        "var": 475.795043945
    },
    "hfc": {
        "dmean": 10.6800727844,
        "dmean2": 15.4980745316,
        "dvar": 164.440170288,
        "dvar2": 292.024993896,
        "max": 127.172943115,
        "mean": 27.9928379059,
        "median": 21.7388858795,
        "min": 1.93010473251,
        "var": 449.750061035
    },
    "melbands_crest": {
        "dmean": 3.79561090469,
        "dmean2": 5.9126625061,
        "dvar": 12.6422653198,
        "dvar2": 27.1567192078,
        "max": 37.3906707764,
        "mean": 15.8504085541,
        "median": 13.6254682541,
        "min": 4.31073331833,
        "var": 57.3326148987
    },
    "melbands_flatness_db": {
        "dmean": 0.0423609986901,
        "dmean2": 0.0572891943157,
        "dvar": 0.0015959237935,
        "dvar2": 0.00286943628453,
        "max": 0.573308289051,
        "mean": 0.241143599153,
        "median": 0.230980679393,
        "min": 0.0559109002352,
        "var": 0.0074424771592
    },
    "melbands_kurtosis": {
        "dmean": 15.076415062,
        "dmean2": 23.6151180267,
        "dvar": 994.528808594,
        "dvar2": 2216.95654297,
        "max": 869.755432129,
        "mean": 22.8522224426,
        "median": 10.218129158,
        "min": -1.58766174316,
        "var": 2166.9987793
    },
    "melbands_skewness": {
        "dmean": 1.137596488,
        "dmean2": 1.7152119875,
        "dvar": 1.50600242615,
        "dvar2": 3.35434317589,
        "max": 19.8980484009,
        "mean": 3.19658637047,
        "median": 2.69703292847,
        "min": -0.759153544903,
        "var": 4.95976066589
    },
    "melbands_spread": {
        "dmean": 8.36913013458,
        "dmean2": 12.2153377533,
        "dvar": 123.089179993,
        "dvar2": 243.095855713,
        "max": 117.357315063,
        "mean": 19.269449234,
        "median": 13.4555253983,
        "min": 0.247165203094,
        "var": 326.289031982
    },
    "pitch_salience": {
        "dmean": 0.0817830786109,
        "dmean2": 0.132763430476,
        "dvar": 0.00585508253425,
        "dvar2": 0.0143574010581,
        "max": 0.820598185062,
        "mean": 0.55753839016,
        "median": 0.595413148403,
        "min": 0.0744831338525,
        "var": 0.0233980659395
    },
    "silence_rate_20dB": {
        "dmean": 0,
        "dmean2": 0,
        "dvar": 0,
        "dvar2": 0,
        "max": 1,
        "mean": 1,
        "median": 1,
        "min": 1,
        "var": 0
    },
    "silence_rate_30dB": {
        "dmean": 0.0232198145241,
        "dmean2": 0.0464756004512,
        "dvar": 0.0226808823645,
        "dvar2": 0.0582576058805,
        "max": 1,
        "mean": 0.979891717434,
        "median": 1,
        "min": 0,
        "var": 0.0197039488703
    },
    "silence_rate_60dB": {
        "dmean": 0,
        "dmean2": 0,
        "dvar": 0,
        "dvar2": 0,
        "max": 0,
        "mean": 0,
        "median": 0,
        "min": 0,
        "var": 0
    },
    "spectral_centroid": {
        "dmean": 385.523956299,
        "dmean2": 580.571472168,
        "dvar": 238435.46875,
        "dvar2": 473651.3125,
        "max": 4275.56347656,
        "mean": 1155.86083984,
        "median": 921.855651855,
        "min": 187.395950317,
        "var": 605851.9375
    },
    "spectral_complexity": {
        "dmean": 5.12306499481,
        "dmean2": 7.43532133102,
        "dvar": 31.2057304382,
        "dvar2": 54.4271278381,
        "max": 55,
        "mean": 19.4145393372,
        "median": 18,
        "min": 3,
        "var": 96.8644485474
    },
    "spectral_decrease": {
        "dmean": 3.0514017979e-09,
        "dmean2": 4.81423789722e-09,
        "dvar": 1.1064910504e-17,
        "dvar2": 2.64500298374e-17,
        "max": -1.8881574082e-09,
        "mean": -1.13164553284e-08,
        "median": -1.01824975118e-08,
        "min": -3.70911017455e-08,
        "var": 3.60023479471e-17
    },
    "spectral_energy": {
        "dmean": 0.0118604926392,
        "dmean2": 0.0186749584973,
        "dvar": 0.000156535053975,
        "dvar2": 0.000373910210328,
        "max": 0.140711098909,
        "mean": 0.0452500060201,
        "median": 0.0412265695632,
        "min": 0.00747743761167,
        "var": 0.000508811150212
    },
    "spectral_energyband_high": {
        "dmean": 0.000963729049545,
        "dmean2": 0.0014165751636,
        "dvar": 3.013730975e-06,
        "dvar2": 5.23342350789e-06,
        "max": 0.018699709326,
        "mean": 0.00145925430115,
        "median": 0.000420529890107,
        "min": 2.00720546673e-06,
        "var": 6.76919034959e-06
    },
    "spectral_energyband_low": {
        "dmean": 0.00948469899595,
        "dmean2": 0.0149025730789,
        "dvar": 0.000206050943234,
        "dvar2": 0.000488537189085,
        "max": 0.13980846107,
        "mean": 0.0201974622905,
        "median": 0.00926787219942,
        "min": 7.68765221437e-06,
        "var": 0.000691891647875
    },
    "spectral_energyband_middle_high": {
        "dmean": 0.00313491839916,
        "dmean2": 0.00454576965421,
        "dvar": 1.39494131872e-05,
        "dvar2": 2.7228914405e-05,
        "max": 0.0390496701002,
        "mean": 0.0059629692696,
        "median": 0.00412856880575,
        "min": 3.57238423021e-05,
        "var": 3.92381371057e-05
    },
    "spectral_energyband_middle_low": {
        "dmean": 0.00611805450171,
        "dmean2": 0.00995513610542,
        "dvar": 3.35794138664e-05,
        "dvar2": 8.71103839017e-05,
        "max": 0.0694938823581,
        "mean": 0.0199264101684,
        "median": 0.0193418413401,
        "min": 0.000386345462175,
        "var": 0.000102531019365
    },
    "spectral_entropy": {
        "dmean": 0.275937080383,
        "dmean2": 0.382156312466,
        "dvar": 0.0731622353196,
        "dvar2": 0.132352560759,
        "max": 8.32229137421,
        "mean": 7.38690090179,
        "median": 7.44998502731,
        "min": 5.52952098846,
        "var": 0.268708378077
    },
    "spectral_flux": {
        "dmean": 0.0305614564568,
        "dmean2": 0.0480509474874,
        "dvar": 0.000860707834363,
        "dvar2": 0.00205973861739,
        "max": 0.320075929165,
        "mean": 0.115244120359,
        "median": 0.110900558531,
        "min": 0.0191290061921,
        "var": 0.00204657251015
    },
    "spectral_kurtosis": {
        "dmean": 2.66444420815,
        "dmean2": 4.02277851105,
        "dvar": 15.3076953888,
        "dvar2": 33.2327575684,
        "max": 66.2434234619,
        "mean": 5.69694709778,
        "median": 4.64213609695,
        "min": -1.04953992367,
        "var": 28.4627132416
    },
    "spectral_rms": {
        "dmean": 0.000862908549607,
        "dmean2": 0.00132810370997,
        "dvar": 6.59662305225e-07,
        "dvar2": 1.47640548676e-06,
        "max": 0.0117166172713,
        "mean": 0.00645484682173,
        "median": 0.0063420063816,
        "min": 0.00270093698055,
        "var": 2.48133369496e-06
    },
    "spectral_rolloff": {
        "dmean": 618.480529785,
        "dmean2": 1021.08557129,
        "dvar": 1096543.75,
        "dvar2": 2233241,
        "max": 8677.88085938,
        "mean": 1312.01086426,
        "median": 689.0625,
        "min": 64.599609375,
        "var": 2116045.5
    },
    "spectral_skewness": {
        "dmean": 0.428820073605,
        "dmean2": 0.613916575909,
        "dvar": 0.215126529336,
        "dvar2": 0.458764910698,
        "max": 6.51669311523,
        "mean": 1.77147245407,
        "median": 1.76464211941,
        "min": -0.377116650343,
        "var": 0.628702402115
    },
    "spectral_spread": {
        "dmean": 758441.1875,
        "dmean2": 1091304.25,
        "dvar": 628842496000,
        "dvar2": 1.1511997399e+12,
        "max": 12603254,
        "mean": 4632748.5,
        "median": 4534150,
        "min": 1540716.75,
        "var": 1.93264209101e+12
    },
    "spectral_strongpeak": {
        "dmean": 0.512610852718,
        "dmean2": 0.876069784164,
        "dvar": 0.639269530773,
        "dvar2": 1.58812737465,
        "max": 7.69527244568,
        "mean": 0.914025187492,
        "median": 0.606682777405,
        "min": 0.0586840100586,
        "var": 0.899780869484
    },
    "zerocrossingrate": {
        "dmean": 0.0144432233647,
        "dmean2": 0.0154071459547,
        "dvar": 0.000215033811401,
        "dvar2": 0.000206144584808,
        "max": 0.22265625,
        "mean": 0.0512729287148,
        "median": 0.0419921875,
        "min": 0.001953125,
        "var": 0.00136949925218
    },
    "barkbands": {
        "dmean": [0.000831634912174, 0.00567897502333, 0.00431772554293, 0.00269715464674, 0.00270805694163, 0.00243436777964, 0.00180542655289, 0.00119099405129, 0.000715658126865, 0.000542785623111, 0.000673999893479, 0.000638047175016, 0.000660754041746, 0.000549969554413, 0.000465093005914, 0.000343930500094, 0.000374880240997, 0.000141485259519, 0.000299225997878, 0.000372156267986, 0.000267418421572, 0.000271324242931, 0.000181010662345, 0.000119379219541, 7.92409773567e-05, 4.43484241259e-05, 6.35489083578e-09],
        "dmean2": [0.000864609028213, 0.00722923688591, 0.00721946917474, 0.00456606131047, 0.00442818924785, 0.00417231535539, 0.00301490188576, 0.00199036742561, 0.00115624652244, 0.000869854877237, 0.00110874744132, 0.00101418991107, 0.000988656189293, 0.000863426947035, 0.000685336475726, 0.0005225247005, 0.000551535747945, 0.00021759721858, 0.000469673483167, 0.000591843912844, 0.000407930259826, 0.000401279394282, 0.00027588364901, 0.000164873330505, 0.000117386800412, 6.46834305371e-05, 9.28191656868e-09],
        "dvar": [2.86129829874e-06, 0.000115770293633, 0.0001473826851, 1.40003685374e-05, 1.06913676063e-05, 1.00747965917e-05, 7.85918928159e-06, 6.11776840742e-06, 2.79143932858e-06, 1.67704308751e-06, 3.86494411941e-06, 2.86082718048e-06, 3.06826882479e-06, 1.62066487519e-06, 1.01024670585e-06, 5.27308259279e-07, 3.51504894525e-07, 5.57270283252e-08, 3.45826634884e-07, 6.44510294023e-07, 3.99064560952e-07, 3.23586846207e-07, 1.14271969665e-07, 4.88296336698e-08, 1.53645860479e-08, 1.02215818032e-08, 9.21887196979e-15],
        "dvar2": [3.43269402947e-06, 0.000206733166124, 0.000376360549126, 3.49246220139e-05, 2.94423953164e-05, 2.63942638412e-05, 2.08907367778e-05, 1.4305901459e-05, 7.26002826923e-06, 4.06580193157e-06, 9.75160128291e-06, 6.73024123898e-06, 6.16410079601e-06, 3.7705979139e-06, 2.14688134292e-06, 1.08360416107e-06, 7.34989839657e-07, 1.34729390311e-07, 7.95856067271e-07, 1.53706457695e-06, 7.89811679169e-07, 6.62520221795e-07, 2.39079582798e-07, 8.71338485808e-08, 3.27896501062e-08, 2.23127738508e-08, 9.64901224106e-15],
        "max": [0.0221767071635, 0.129566952586, 0.102496765554, 0.0313836298883, 0.0427539944649, 0.0358522683382, 0.0297868214548, 0.0271419845521, 0.0200559403747, 0.0149488765746, 0.0295957345515, 0.0307084806263, 0.0214017275721, 0.0165619589388, 0.0123026762158, 0.0101129859686, 0.00588802574202, 0.00253843748942, 0.00796706322581, 0.0116435391828, 0.0112489229068, 0.00587583240122, 0.00257739936933, 0.00262597715482, 0.00156564766075, 0.00149463396519, 3.40282895195e-06],
        "mean": [0.00169678905513, 0.0121296904981, 0.00419247802347, 0.00340953166597, 0.0060596386902, 0.00364714255556, 0.00384616781957, 0.00165000557899, 0.00111234677024, 0.000592251541093, 0.000748442660552, 0.000722217839211, 0.00088351930026, 0.000659626501147, 0.000614461605437, 0.00044165874715, 0.000542299007066, 0.00019370795053, 0.000406740262406, 0.000432884145994, 0.000340098195011, 0.000361047656043, 0.000218265849981, 0.000172407511855, 0.00011548857583, 6.10937713645e-05, 5.53820855842e-09],
        "median": [8.38124324218e-05, 0.000816817977466, 0.00174993020482, 0.00181909638923, 0.00481557380408, 0.00243080686778, 0.00192427251022, 0.000706938328221, 0.000351545459125, 0.000154258406837, 0.000145532845636, 0.000126463666675, 0.000120185010019, 0.000132736182422, 0.00011405278201, 0.00011566093599, 0.000187151657883, 8.565466851e-05, 0.000146678910824, 9.09795708139e-05, 4.90473285026e-05, 6.96817442076e-05, 3.94720409531e-05, 5.05895550305e-05, 4.17803312303e-05, 1.33344310598e-05, 6.07493999549e-10],
        "min": [3.28884510736e-08, 3.67127057643e-07, 4.45202840638e-06, 1.21751327242e-05, 0.000102506237454, 1.35308328026e-05, 1.30834396259e-05, 9.84342250376e-07, 2.16408943743e-06, 7.5472661365e-07, 9.45659508034e-07, 1.63452000379e-07, 4.36148837935e-07, 2.95450860222e-07, 4.2333095962e-07, 3.37486767421e-07, 9.45380747908e-07, 7.8455474295e-07, 7.65277093251e-07, 6.04029651186e-07, 5.65604239e-07, 3.66546601072e-07, 2.55454239095e-07, 1.71778452795e-07, 7.03059921392e-09, 5.6248443403e-11, 6.35984754443e-12],
        "var": [1.38648128996e-05, 0.000449790706625, 0.000116221461212, 1.95598622668e-05, 2.75757574855e-05, 1.50626319737e-05, 2.38933316723e-05, 7.99997724243e-06, 4.14330816056e-06, 1.87416583231e-06, 3.94314884034e-06, 3.93878826799e-06, 6.0847360146e-06, 2.09983500099e-06, 1.81595601134e-06, 9.00980296592e-07, 6.48424133942e-07, 8.16101035639e-08, 5.40991209164e-07, 8.68760025696e-07, 6.68697964556e-07, 6.11980738086e-07, 1.74806658038e-07, 1.04081664176e-07, 3.18931405729e-08, 1.8790212053e-08, 9.16622378992e-15]
    },
    "erbbands": {
        "dmean": [0.284313201904, 0.867620766163, 3.62715411186, 8.23267173767, 8.92991352081, 8.24101829529, 14.8725614548, 18.3826274872, 21.8844909668, 31.9459133148, 20.0372047424, 14.2448282242, 18.4114017487, 19.3213348389, 27.5350952148, 24.3388805389, 28.6300067902, 25.2144470215, 26.8283405304, 21.7783718109, 18.7351169586, 19.0543022156, 8.27364730835, 11.4887075424, 18.1925907135, 16.1934242249, 10.8163146973, 11.6036996841, 10.5568132401, 6.20851802826, 4.84550952911, 2.79671669006, 2.02564072609, 0.972337186337, 0.556404352188, 0.241122499108, 0.0808413252234, 0.00579097494483, 0.000111984016257, 1.68970436789e-05],
        "dmean2": [0.371411055326, 1.1562063694, 5.72129106522, 14.0140943527, 14.6171455383, 13.6727905273, 25.9376716614, 30.3607978821, 37.1067771912, 52.1317062378, 33.3067474365, 23.3052310944, 29.6042289734, 29.9092483521, 44.3779754639, 38.2357177734, 43.5771484375, 38.7129402161, 38.7262001038, 32.0261459351, 27.0281600952, 27.9612617493, 12.400929451, 18.3036746979, 28.9299106598, 25.6991462708, 16.8511199951, 17.9661273956, 15.5720357895, 8.97705936432, 7.46427965164, 3.97878193855, 2.91680431366, 1.41613519192, 0.851818740368, 0.360975712538, 0.119579859078, 0.00872451160103, 0.000165675184689, 2.57270166912e-05],
        "dvar": [0.386597722769, 2.56116199493, 104.518844604, 165.876312256, 126.373222351, 102.733985901, 329.162719727, 901.096923828, 1423.38220215, 3270.52050781, 1812.97509766, 1151.67980957, 2269.67089844, 2006.69189453, 6574.11523438, 4162.94189453, 5804.84570312, 3459.98071289, 3676.41870117, 2277.15991211, 1315.49658203, 951.31842041, 168.487991333, 642.530029297, 969.031738281, 1525.99890137, 613.910339355, 774.120239258, 507.277618408, 127.925827026, 81.9651489258, 27.1838741302, 13.2394590378, 2.64083695412, 0.824286580086, 0.23674942553, 0.0404933616519, 0.000272696226602, 8.33271514011e-08, 2.91028590116e-10],
        "dvar2": [0.620368123055, 4.95954608917, 243.27885437, 438.594543457, 360.986755371, 279.753723145, 955.17010498, 2180.46289062, 3833.91674805, 8510.34570312, 4619.15966797, 3012.9621582, 5665.28955078, 4789.59082031, 16616.3085938, 9447.13671875, 12445.8720703, 7986.82421875, 8248.34472656, 4923.64892578, 2646.0378418, 1918.15429688, 388.512390137, 1582.33410645, 2122.27954102, 3653.1730957, 1335.4230957, 1479.87060547, 1040.38293457, 248.959457397, 168.576293945, 51.2187080383, 24.5688896179, 5.48633766174, 1.85610723495, 0.50398015976, 0.0906431674957, 0.000614418066107, 1.84570822626e-07, 6.6755556638e-10],
        "max": [6.33364105225, 19.108915329, 89.5459747314, 103.140411377, 112.469245911, 126.025688171, 164.936355591, 375.756103516, 487.399963379, 730.97265625, 589.395141602, 474.273162842, 774.256774902, 651.936096191, 1298.29663086, 1452.68200684, 1094.05236816, 766.726013184, 937.059020996, 603.629760742, 464.03112793, 373.985076904, 124.050300598, 309.377624512, 357.119598389, 669.02520752, 350.976501465, 486.1328125, 243.968170166, 126.894325256, 69.9562072754, 62.4113693237, 37.2503166199, 19.4304332733, 11.5123214722, 6.52314853668, 2.85470557213, 0.316027849913, 0.00524656195194, 0.000242022520979],
        "mean": [0.622098326683, 1.65600204468, 3.99973297119, 10.1752614975, 16.1521034241, 19.6125926971, 24.053062439, 27.8279705048, 42.1850852966, 57.7334251404, 34.9631271362, 24.1959476471, 24.0184669495, 23.5363788605, 31.3918209076, 29.4506111145, 38.7614784241, 32.6007194519, 35.685256958, 28.6847877502, 26.508354187, 28.9336509705, 12.5661144257, 14.9868097305, 23.7253684998, 19.5303344727, 13.8029546738, 14.4100351334, 13.8601608276, 8.28994750977, 5.89670705795, 3.7744076252, 2.86179637909, 1.39064157009, 0.773710548878, 0.335096329451, 0.108215115964, 0.00726221455261, 0.000172147309058, 6.23412706773e-05],
        "median": [0.031673848629, 0.132407486439, 1.60072648525, 5.25367116928, 11.2337369919, 15.0749359131, 16.5023937225, 16.8407402039, 24.030412674, 25.1118679047, 15.7040538788, 8.58353900909, 7.62900066376, 5.56688499451, 6.01658391953, 5.63484668732, 6.14656496048, 7.1939663887, 6.93150806427, 6.29835939407, 7.49790239334, 10.9249868393, 6.02316045761, 6.39681100845, 6.79732465744, 4.24675035477, 2.27039670944, 2.01441121101, 2.63600897789, 1.67413377762, 1.0614566803, 0.948748350143, 0.788360118866, 0.463373094797, 0.25767454505, 0.0794156938791, 0.0210403241217, 0.00123835611157, 6.25737011433e-05, 5.85034104006e-05],
        "min": [3.75453746528e-05, 0.000292216078378, 0.00549658248201, 0.0773155018687, 0.131751418114, 0.46059218049, 0.257616072893, 0.114473842084, 0.156307801604, 0.113910861313, 0.0648764148355, 0.0530925355852, 0.0368040390313, 0.0799190625548, 0.057802092284, 0.0140261435881, 0.048499699682, 0.0292734019458, 0.0205851718783, 0.0158741399646, 0.0239064767957, 0.0484765544534, 0.0492634810507, 0.0282103288919, 0.0349720343947, 0.027713464573, 0.0284437723458, 0.0150245530531, 0.0120786679909, 0.00958529487252, 0.00619322061539, 0.00714661646634, 0.00258762016892, 0.0011240526801, 0.000494364881888, 6.8626832217e-05, 1.08024159999e-05, 8.90682315458e-07, 4.11251221522e-06, 8.62530941959e-06],
        "var": [1.48013091087, 7.35623311996, 97.7949447632, 180.432952881, 246.121643066, 290.906646729, 542.656188965, 1288.5378418, 2777.70410156, 6879.12695312, 2786.27709961, 1731.09667969, 2518.49926758, 2553.1496582, 7077.02636719, 6197.62890625, 11081.2607422, 4811.28369141, 5710.84765625, 3539.97363281, 2502.69067383, 1845.09594727, 293.150146484, 766.994567871, 1754.04296875, 1982.29638672, 1021.70349121, 1275.96496582, 955.214111328, 243.72644043, 130.830032349, 53.2316093445, 27.2161941528, 5.25091028214, 1.55114626884, 0.462474435568, 0.0668112486601, 0.000424452737207, 1.38937480187e-07, 8.67370786306e-10]
    },
    "gfcc": {
        "mean": [16.0230789185, 96.0796508789, -101.262390137, 35.6361045837, -67.5351486206, 5.74217796326, -50.3898658752, 4.91888618469, -26.6093082428, 2.77161431313, -15.9718465805, -1.93287432194, -12.6703310013],
        "cov": [[2532.17773438, -1459.77526855, -489.577545166, 139.059448242, -62.8674163818, 180.90411377, -325.024780273, 135.564575195, -301.946594238, 215.085449219, -221.481307983, 96.0874938965, -164.39074707], [-1459.77526855, 1703.92883301, 155.845306396, -375.121765137, 299.818237305, 71.4719314575, 316.358978271, 7.90455770493, 334.545135498, -165.646026611, 236.526535034, -0.803204417229, 173.601745605], [-489.577545166, 155.845306396, 727.250244141, 200.456130981, 98.1896133423, 11.518828392, 182.19241333, 148.46182251, 121.959785461, 94.3173828125, 47.0567817688, 101.781929016, 61.4311218262], [139.059448242, -375.121765137, 200.456130981, 895.768310547, 103.205932617, 54.8345718384, 155.426620483, -31.5161876678, 122.476661682, 65.3397674561, 84.5682754517, 17.0753822327, 103.827217102], [-62.8674163818, 299.818237305, 98.1896133423, 103.205932617, 738.892944336, 161.280181885, -117.894309998, 56.3752403259, 116.759490967, 138.347793579, 42.7804870605, 46.4881324768, 93.6780548096], [180.90411377, 71.4719314575, 11.518828392, 54.8345718384, 161.280181885, 329.711853027, 166.06880188, 38.9643249512, 34.257938385, 11.4285917282, 92.6862182617, 70.224899292, 44.2471923828], [-325.024780273, 316.358978271, 182.19241333, 155.426620483, -117.894309998, 166.06880188, 544.044799805, 91.3911819458, 136.515029907, -40.5798683167, 181.467727661, 95.6628570557, 52.9433097839], [135.564575195, 7.90455770493, 148.46182251, -31.5161876678, 56.3752403259, 38.9643249512, 91.3911819458, 286.967926025, 129.148529053, 115.241668701, 45.7347488403, 70.6424789429, 29.8950424194], [-301.946594238, 334.545135498, 121.959785461, 122.476661682, 116.759490967, 34.257938385, 136.515029907, 129.148529053, 355.051849365, 106.77986145, 100.69103241, 1.88289737701, 80.1446456909], [215.085449219, -165.646026611, 94.3173828125, 65.3397674561, 138.347793579, 11.4285917282, -40.5798683167, 115.241668701, 106.77986145, 232.703460693, 15.6306734085, 18.5619316101, -5.13240337372], [-221.481307983, 236.526535034, 47.0567817688, 84.5682754517, 42.7804870605, 92.6862182617, 181.467727661, 45.7347488403, 100.69103241, 15.6306734085, 195.294967651, 51.5359840393, 54.1580085754], [96.0874938965, -0.803204417229, 101.781929016, 17.0753822327, 46.4881324768, 70.224899292, 95.6628570557, 70.6424789429, 1.88289737701, 18.5619316101, 51.5359840393, 152.078704834, 36.2057533264], [-164.39074707, 173.601745605, 61.4311218262, 103.827217102, 93.6780548096, 44.2471923828, 52.9433097839, 29.8950424194, 80.1446456909, -5.13240337372, 54.1580085754, 36.2057533264, 137.300079346]],
        "icov": [[0.00191416055895, 0.000223872062634, 0.00169668521266, -0.00111874507274, 0.00071684923023, -0.00195626169443, 0.00100145174656, -0.00188411516137, 0.00112098467071, -0.00165918830317, 0.00200133165345, -0.00208925828338, 0.00130620959681], [0.000223872062634, 0.00394566915929, -0.000852802360896, 0.00311337201856, -0.00258594658226, 0.00159578130115, -0.00220421911217, 0.00175054301508, -0.00325779663399, 0.00376130593941, -0.00265628588386, 0.00176871125586, -0.00235114130192], [0.00169668521266, -0.000852802360896, 0.00373926595785, -0.00215839385055, 0.00102149602026, -0.00155574653763, 0.000684291007929, -0.0026995385997, 0.00188345706556, -0.0029449837748, 0.0031778733246, -0.00322514097206, 0.00158468529116], [-0.00111874507274, 0.00311337201856, -0.00215839385055, 0.00482001248747, -0.00267591630109, 0.00270216469653, -0.00298432121053, 0.00358708226122, -0.00349963875487, 0.00344227836467, -0.00360432825983, 0.00317491218448, -0.00387458736077], [0.00071684923023, -0.00258594658226, 0.00102149602026, -0.00267591630109, 0.00441127084196, -0.00343184336089, 0.00334399053827, -0.00177031068597, 0.00215251161717, -0.00408022711053, 0.00237352424301, -0.0025144238025, 0.00120450695977], [-0.00195626169443, 0.00159578130115, -0.00155574653763, 0.00270216469653, -0.00343184336089, 0.00782246980816, -0.00404669018462, 0.00277104997076, -0.0019171674503, 0.00329422205687, -0.00391103653237, 0.0022781258449, -0.00274542788975], [0.00100145174656, -0.00220421911217, 0.000684291007929, -0.00298432121053, 0.00334399053827, -0.00404669018462, 0.006611591205, -0.00277772941627, 0.00116633856669, -0.00139935268089, 0.000181085153599, -0.00343638029881, 0.00311617716216], [-0.00188411516137, 0.00175054301508, -0.0026995385997, 0.00358708226122, -0.00177031068597, 0.00277104997076, -0.00277772941627, 0.00897751469165, -0.00420908164233, 0.00102929200511, -0.00293294619769, 0.00112127151806, -0.00318614719436], [0.00112098467071, -0.00325779663399, 0.00188345706556, -0.00349963875487, 0.00215251161717, -0.0019171674503, 0.00116633856669, -0.00420908164233, 0.00905273389071, -0.006304633338, 0.00242642336525, -0.000432433298556, 0.000517995445989], [-0.00165918830317, 0.00376130593941, -0.0029449837748, 0.00344227836467, -0.00408022711053, 0.00329422205687, -0.00139935268089, 0.00102929200511, -0.006304633338, 0.0132302548736, -0.00532211456448, 0.00317969918251, -0.000554496247787], [0.00200133165345, -0.00265628588386, 0.0031778733246, -0.00360432825983, 0.00237352424301, -0.00391103653237, 0.000181085153599, -0.00293294619769, 0.00242642336525, -0.00532211456448, 0.0132606597617, -0.00495775649324, 0.00172971619759], [-0.00208925828338, 0.00176871125586, -0.00322514097206, 0.00317491218448, -0.0025144238025, 0.0022781258449, -0.00343638029881, 0.00112127151806, -0.000432433298556, 0.00317969918251, -0.00495775649324, 0.0135216200724, -0.00487215537578], [0.00130620959681, -0.00235114130192, 0.00158468529116, -0.00387458736077, 0.00120450695977, -0.00274542788975, 0.00311617716216, -0.00318614719436, 0.000517995445989, -0.000554496247787, 0.00172971619759, -0.00487215537578, 0.0138754630461]]
    },
    "melbands": {
        "dmean": [0.00194784090854, 0.00144312507473, 0.00132285326254, 0.000657809665427, 0.000447480211733, 0.00043166600517, 0.000338883633958, 0.000335068820277, 0.000146885504364, 0.000101563317003, 9.3352427939e-05, 7.67471501604e-05, 9.48519445956e-05, 6.93342662998e-05, 7.93809449533e-05, 5.94701523369e-05, 4.80500784761e-05, 4.85875316372e-05, 3.5097815271e-05, 2.64365717157e-05, 2.30769765039e-05, 2.34939179791e-05, 1.08592485049e-05, 6.75962928653e-06, 9.87379644357e-06, 1.30260395963e-05, 1.53554719873e-05, 1.00422648757e-05, 6.97857467458e-06, 7.23459652363e-06, 6.83305233906e-06, 6.62243246552e-06, 4.59066995973e-06, 3.38001359523e-06, 2.95308041132e-06, 2.35982656704e-06, 1.5881953459e-06, 1.57113834121e-06, 1.14109252536e-06, 7.7279571542e-07],
        "dmean2": [0.00253220903687, 0.00217708363198, 0.00222446536645, 0.00105691980571, 0.000771466933656, 0.000723639328498, 0.000570111151319, 0.000548466225155, 0.000245592556894, 0.000164388911799, 0.000151053318405, 0.000119711243315, 0.000153940854943, 0.000108551263111, 0.000125918610138, 8.92105526873e-05, 7.55619985284e-05, 7.23783959984e-05, 5.17756525369e-05, 4.05291139032e-05, 3.37557139574e-05, 3.47239802068e-05, 1.61735479196e-05, 1.06827110358e-05, 1.60195140779e-05, 2.09386544157e-05, 2.46134422923e-05, 1.59259343491e-05, 1.10186256279e-05, 1.13932337626e-05, 1.08750991785e-05, 9.9822127595e-06, 6.76204990668e-06, 5.08555149281e-06, 4.62112211608e-06, 3.60959234058e-06, 2.21112327381e-06, 2.26750194088e-06, 1.70173143488e-06, 1.15141597234e-06],
        "dvar": [1.5934181647e-05, 1.23481204355e-05, 3.56392433787e-06, 6.32247008525e-07, 2.77773864354e-07, 4.347090794e-07, 3.10475996912e-07, 3.6314597196e-07, 9.81497834118e-08, 6.41062527507e-08, 5.70867193517e-08, 3.30414522409e-08, 7.7156684597e-08, 3.67732830853e-08, 6.04562657713e-08, 2.27520118301e-08, 1.32200739245e-08, 1.40862495002e-08, 6.51537090945e-09, 3.4563674145e-09, 1.99470195916e-09, 1.52649204388e-09, 3.61073226873e-10, 1.52896542649e-10, 5.52040080315e-10, 6.81285472481e-10, 8.17331702319e-10, 6.83384793199e-10, 3.02202679547e-10, 2.95529517524e-10, 3.09682890443e-10, 2.24997645515e-10, 8.27869509057e-11, 3.81212457434e-11, 3.05471654916e-11, 1.88557867237e-11, 1.02469387142e-11, 7.98994898021e-12, 4.26512471174e-12, 1.67506340829e-12],
        "dvar2": [2.69476131507e-05, 2.757463335e-05, 9.25861695578e-06, 1.71534122728e-06, 7.91731224581e-07, 1.08274809918e-06, 8.23696552743e-07, 9.08740787509e-07, 2.57983060692e-07, 1.6758102106e-07, 1.42783662227e-07, 7.88778251604e-08, 1.93611782606e-07, 8.50614085834e-08, 1.52618170546e-07, 4.92355667348e-08, 3.11054648705e-08, 3.26593152522e-08, 1.36312641175e-08, 7.41689420991e-09, 4.06261246866e-09, 3.13997472468e-09, 7.89186049843e-10, 3.9603037516e-10, 1.39195033277e-09, 1.61248059349e-09, 1.89897075842e-09, 1.67252289796e-09, 7.0476274816e-10, 6.73068545343e-10, 5.9752669479e-10, 4.8490605975e-10, 1.688483936e-10, 8.02103591879e-11, 6.31005594998e-11, 4.0743696611e-11, 2.03087616168e-11, 1.51279423016e-11, 8.7328443088e-12, 3.80007700654e-12],
        "max": [0.044588021934, 0.0326679088175, 0.0154210701585, 0.00946375541389, 0.00518580898643, 0.00840667355806, 0.00683774333447, 0.0069756321609, 0.00389719754457, 0.00345975998789, 0.00375310447998, 0.00252465065569, 0.0045862919651, 0.00402875896543, 0.00374046619982, 0.00180596939754, 0.00143485050648, 0.0020259830635, 0.00110698130447, 0.000725738180336, 0.000550339056645, 0.000475216889754, 0.000260943517787, 0.000137686889502, 0.000290112773655, 0.000376500189304, 0.000343929365044, 0.000433417764725, 0.000315697892802, 0.000287755246973, 0.000280829844996, 0.000157363218023, 9.80189142865e-05, 5.7071003539e-05, 4.02161858801e-05, 4.18037634518e-05, 3.93269510823e-05, 2.81129468931e-05, 2.56522289419e-05, 1.33797475428e-05],
        "mean": [0.00422996422276, 0.00207317736931, 0.00184075383004, 0.00137752876617, 0.000829362426884, 0.000686664890964, 0.000687925843522, 0.000562171335332, 0.000261295033852, 0.000158310649567, 0.000120145792607, 9.06321874936e-05, 0.000105961131339, 8.12817597762e-05, 9.07344656298e-05, 7.76902161306e-05, 5.83161963732e-05, 5.94427619944e-05, 4.50260122307e-05, 3.23915155604e-05, 3.14088720188e-05, 3.39374164469e-05, 1.5558756786e-05, 8.77180355019e-06, 1.19461283248e-05, 1.71488773049e-05, 1.73948192241e-05, 1.17710760605e-05, 8.5392885012e-06, 8.33889862406e-06, 8.45868271426e-06, 8.43323505251e-06, 5.90006948187e-06, 4.19225943915e-06, 3.51590733771e-06, 2.72967577075e-06, 2.13380735659e-06, 2.12468944483e-06, 1.56047451583e-06, 1.03605498225e-06],
        "median": [0.000273592711892, 0.000936747877859, 0.00114773539826, 0.00108946929686, 0.000596916361246, 0.000442399614258, 0.000372892885935, 0.000249563046964, 0.000105995699414, 4.62208445242e-05, 3.70930065401e-05, 2.06799377338e-05, 2.12576214835e-05, 1.29048685267e-05, 1.31543283715e-05, 1.16226501632e-05, 1.2114058336e-05, 1.03528573163e-05, 8.37401603349e-06, 7.65499135014e-06, 8.53643723531e-06, 1.17148047138e-05, 6.94264963386e-06, 3.75670083486e-06, 4.7374614951e-06, 5.43241048945e-06, 4.03394278692e-06, 2.33179025599e-06, 1.36101311909e-06, 1.0154251413e-06, 1.13877774766e-06, 1.4547651972e-06, 1.15140278467e-06, 8.0096884858e-07, 5.96035135914e-07, 4.71049645512e-07, 5.11478560838e-07, 5.48691446056e-07, 4.31063881479e-07, 3.27335783368e-07],
        "min": [1.15378995247e-07, 1.42189696817e-06, 2.13784678635e-05, 1.83683623618e-05, 1.51025415107e-05, 2.57908823187e-06, 2.35638117374e-06, 1.19418734812e-06, 3.10090001676e-07, 3.42265138897e-07, 1.59998847948e-07, 2.82054486433e-07, 1.00627524091e-07, 1.64557700799e-08, 2.5321385877e-08, 3.31846017332e-08, 2.46295019934e-08, 3.04471861057e-08, 2.20792575334e-08, 1.85732691449e-08, 1.2470096955e-08, 5.58939383666e-08, 3.50882558564e-08, 3.34402336932e-08, 1.79413266466e-08, 2.70745044162e-08, 1.93243856472e-08, 1.6615306464e-08, 1.23405836661e-08, 9.86706272244e-09, 7.10940506465e-09, 6.50952980408e-09, 6.21767259901e-09, 2.23004570366e-09, 1.22143928305e-09, 2.35765407197e-09, 7.08133942109e-12, 1.5846385315e-10, 3.51548484767e-10, 4.43262163086e-11],
