{
"highlevel": {
    "danceability": {
        "all": {
            "danceable": 0.392774134874,
            "not_danceable": 0.607225835323
        },
        "probability": 0.607225835323,
        "value": "not_danceable"
    },
    "gender": {
        "all": {
            "female": 0.871083199978,
            "male": 0.128916814923
        },
        "probability": 0.871083199978,
        "value": "female"
    },
    "genre_dortmund": {
        "all": {
            "alternative": 0.205016478896,
            "blues": 0.0169601757079,
            "electronic": 0.259684324265,
            "folkcountry": 0.108774788678,
            "funksoulrnb": 0.0101686222479,
            "jazz": 0.110810011625,
            "pop": 0.0507391877472,
            "raphiphop": 0.00709529360756,
            "rock": 0.230751112103
        },
        "probability": 0.259684324265,
        "value": "electronic"
    },
    "genre_electronic": {
        "all": {
            "ambient": 0.770742714405,
            "dnb": 0.0725120082498,
            "house": 0.12012308836,
            "techno": 0.00793573167175,
            "trance": 0.0286864358932
        },
        "probability": 0.770742714405,
        "value": "ambient"
    },
    "genre_rosamerica": {
        "all": {
            "cla": 0.0344288721681,
            "dan": 0.0775942206383,
            "hip": 0.0347358845174,
            "jaz": 0.0444204807281,
            "pop": 0.170966252685,
            "rhy": 0.165617972612,
            "roc": 0.459564715624,
            "spe": 0.0126716075465
        },
        "probability": 0.459564715624,
        "value": "roc"
    },
    "genre_tzanetakis": {
        "all": {
            "blu": 0.0620671063662,
            "cla": 0.034474901855,
            "cou": 0.103433981538,
            "dis": 0.0620971247554,
            "hip": 0.15527240932,
            "jaz": 0.310666948557,
            "met": 0.044346679002,
            "pop": 0.0620793737471,
            "reg": 0.0620816536248,
            "roc": 0.103479810059
        },
        "probability": 0.310666948557,
        "value": "jaz"
    },
    "ismir04_rhythm": {
        "all": {
            "ChaChaCha": 0.0401808619499,
            "Jive": 0.0364709794521,
            "Quickstep": 0.531523764133,
            "Rumba-American": 0.0242817867547,
            "Rumba-International": 0.169780790806,
            "Rumba-Misc": 0.0243140291423,
            "Samba": 0.0802094340324,
            "Tango": 0.0501967780292,
            "VienneseWaltz": 0.0250734500587,
            "Waltz": 0.0179681144655
        },
        "probability": 0.531523764133,
        "value": "Quickstep"
    },
    "mood_acoustic": {
        "all": {
            "acoustic": 0.203590095043,
            "not_acoustic": 0.796409904957
        },
        "probability": 0.796409904957,
        "value": "not_acoustic"
    },
    "mood_aggressive": {
        "all": {
            "aggressive": 0.0510751008987,
            "not_aggressive": 0.948924899101
        },
        "probability": 0.948924899101,
        "value": "not_aggressive"
    },
    "mood_electronic": {
        "all": {
            "electronic": 0.536099791527,
            "not_electronic": 0.463900208473
        },
        "probability": 0.536099791527,
        "value": "electronic"
    },
    "mood_happy": {
        "all": {
            "happy": 0.161016598344,
            "not_happy": 0.838983416557
        },
        "probability": 0.838983416557,
        "value": "not_happy"
    },
    "mood_party": {
        "all": {
            "not_party": 0.677858829498,
            "party": 0.322141140699
        },
        "probability": 0.677858829498,
        "value": "not_party"
    },
    "mood_relaxed": {
        "all": {
            "not_relaxed": 0.21650891006,
            "relaxed": 0.783491075039
        },
        "probability": 0.783491075039,
        "value": "relaxed"
    },
    "mood_sad": {
        "all": {
            "not_sad": 0.656328380108,
            "sad": 0.343671619892
        },
        "probability": 0.656328380108,
        "value": "not_sad"
    },
    "moods_mirex": {
        "all": {
            "Cluster1": 0.370450884104,
            "Cluster2": 0.141268223524,
            "Cluster3": 0.299220174551,
            "Cluster4": 0.0670824795961,
            "Cluster5": 0.121978223324
        },
        "probability": 0.370450884104,
        "value": "Cluster1"
    },
    "timbre": {
        "all": {
            "bright": 0.123044222593,
            "dark": 0.876955807209
        },
        "probability": 0.876955807209,
        "value": "dark"
    },
    "tonal_atonal": {
        "all": {
            "atonal": 0.0836789980531,
            "tonal": 0.916320979595
        },
        "probability": 0.916320979595,
        "value": "tonal"
    },
    "voice_instrumental": {
        "all": {
            "instrumental": 0.655937492847,
            "voice": 0.344062536955
        },
        "probability": 0.655937492847,
        "value": "instrumental"
    }
},
"lowlevel": {
    "average_loudness": 0.96186286211,
    "barkbands_crest": {
        "dmean": 2.56209135056,
        "dmean2": 4.29966831207,
        "dvar": 5.05120658875,
        "dvar2": 13.9461145401,
        "max": 22.5547828674,
        "mean": 10.5774316788,
        "median": 10.3287734985,
        "min": 3.46392464638,
        "var": 12.4645986557
    },
    "barkbands_flatness_db": {
        "dmean": 0.0299482662231,
        "dmean2": 0.0467350520194,
        "dvar": 0.000906995497644,
        "dvar2": 0.00201460090466,
        "max": 0.513511121273,
        "mean": 0.226063579321,
        "median": 0.216133803129,
        "min": 0.0446426048875,
        "var": 0.00771330390126
    },
    "barkbands_kurtosis": {
        "dmean": 3.99403452873,
        "dmean2": 6.66644668579,
        "dvar": 28.5936889648,
        "dvar2": 77.0306396484,
        "max": 56.9399261475,
        "mean": 6.70363092422,
        "median": 4.21510028839,
        "min": -1.64421498775,
        "var": 55.2409172058
    },
    "barkbands_skewness": {
        "dmean": 0.614552855492,
        "dmean2": 1.00591230392,
        "dvar": 0.361834913492,
        "dvar2": 0.905808150768,
        "max": 6.26279497147,
        "mean": 2.10286450386,
        "median": 1.97260546684,
        "min": -0.205738514662,
        "var": 1.08898580074
    },
    "barkbands_spread": {
        "dmean": 3.31255340576,
        "dmean2": 5.5046043396,
        "dvar": 22.1441631317,
        "dvar2": 58.2794418335,
        "max": 74.3801193237,
        "mean": 10.4446668625,
        "median": 9.31722640991,
        "min": 0.898478507996,
        "var": 46.9099159241
    },
    "dissonance": {
        "dmean": 0.0299249179661,
        "dmean2": 0.0510326996446,
        "dvar": 0.000695327587891,
        "dvar2": 0.00181813782547,
        "max": 0.496879577637,
        "mean": 0.431719869375,
        "median": 0.443430989981,
        "min": 0.220028355718,
        "var": 0.00233988906257
    },
    "dynamic_complexity": 2.36009955406,
    "erbbands_crest": {
        "dmean": 2.0450694561,
        "dmean2": 3.22978806496,
        "dvar": 3.60539841652,
        "dvar2": 8.21847915649,
        "max": 23.1300926208,
        "mean": 8.85295581818,
        "median": 8.3516702652,
        "min": 2.85099387169,
        "var": 10.7364253998
    },
    "erbbands_flatness_db": {
        "dmean": 0.0181373246014,
        "dmean2": 0.0257065091282,
        "dvar": 0.000375017203623,
        "dvar2": 0.00067830568878,
        "max": 0.401869148016,
        "mean": 0.198651537299,
        "median": 0.190051406622,
        "min": 0.0711973160505,
        "var": 0.0041629858315
    },
    "erbbands_kurtosis": {
        "dmean": 0.639053344727,
        "dmean2": 0.995517790318,
        "dvar": 0.579726696014,
        "dvar2": 1.25600779057,
        "max": 13.551733017,
        "mean": 0.194298967719,
        "median": -0.153998374939,
        "min": -1.6862539053,
        "var": 2.40416932106
    },
    "erbbands_skewness": {
        "dmean": 0.297625750303,
        "dmean2": 0.458923727274,
        "dvar": 0.0693214461207,
        "dvar2": 0.168260931969,
        "max": 3.01467227936,
        "mean": 0.106678642333,
        "median": 0.108901157975,
        "min": -1.86568236351,
        "var": 0.34746992588
    },
    "erbbands_spread": {
        "dmean": 5.38036966324,
        "dmean2": 8.33432388306,
        "dvar": 32.587726593,
        "dvar2": 72.3168563843,
        "max": 82.8347244263,
        "mean": 28.6679801941,
        "median": 26.6595783234,
        "min": 3.86098575592,
        "var": 140.485641479
    },
    "hfc": {
        "dmean": 5.19885730743,
        "dmean2": 7.62429189682,
        "dvar": 88.6885986328,
        "dvar2": 192.064849854,
        "max": 107.677459717,
        "mean": 12.5313329697,
        "median": 8.97871398926,
        "min": 0.65819722414,
        "var": 167.792755127
    },
    "melbands_crest": {
        "dmean": 3.67282319069,
        "dmean2": 6.14120578766,
        "dvar": 9.81265735626,
        "dvar2": 26.9670886993,
        "max": 30.5319900513,
        "mean": 16.3683109283,
        "median": 16.1389808655,
        "min": 4.54463243484,
        "var": 21.9457149506
    },
    "melbands_flatness_db": {
        "dmean": 0.0353304035962,
        "dmean2": 0.0551945976913,
        "dvar": 0.00137089751661,
        "dvar2": 0.00297880545259,
        "max": 0.664479911327,
        "mean": 0.318667769432,
        "median": 0.312726289034,
        "min": 0.0797838196158,
        "var": 0.0120807401836
    },
    "melbands_kurtosis": {
        "dmean": 7.99168634415,
        "dmean2": 13.244638443,
        "dvar": 110.648338318,
        "dvar2": 301.816650391,
        "max": 121.097770691,
        "mean": 15.574379921,
        "median": 11.1227140427,
        "min": -1.43074953556,
        "var": 224.172424316
    },
    "melbands_skewness": {
        "dmean": 0.789692342281,
        "dmean2": 1.28475093842,
        "dvar": 0.59249484539,
        "dvar2": 1.47864842415,
        "max": 9.21811008453,
        "mean": 3.13358974457,
        "median": 2.96634912491,
        "min": 0.27054515481,
        "var": 1.83981990814
    },
    "melbands_spread": {
        "dmean": 3.57000780106,
        "dmean2": 5.95021629333,
        "dvar": 21.2237091064,
        "dvar2": 55.157459259,
        "max": 58.5023574829,
        "mean": 10.0134372711,
        "median": 8.69021034241,
        "min": 0.766448736191,
        "var": 46.0941200256
    },
    "pitch_salience": {
        "dmean": 0.0823550894856,
        "dmean2": 0.135984525084,
        "dvar": 0.00468572042882,
        "dvar2": 0.0132586229593,
        "max": 0.841956734657,
        "mean": 0.561818599701,
        "median": 0.571297168732,
        "min": 0.127093598247,
        "var": 0.0142043437809
    },
    "silence_rate_20dB": {
        "dmean": 0,
        "dmean2": 0,
        "dvar": 0,
        "dvar2": 0,
        "max": 1,
        "mean": 1,
        "median": 1,
        "min": 1,
        "var": 0
    },
    "silence_rate_30dB": {
        "dmean": 0.0572755411267,
        "dmean2": 0.114639811218,
        "dvar": 0.0539951696992,
        "dvar2": 0.126283809543,
        "max": 1,
        "mean": 0.955143094063,
        "median": 1,
        "min": 0,
        "var": 0.0428441092372
    },
    "silence_rate_60dB": {
        "dmean": 0.0030959751457,
        "dmean2": 0.00619674660265,
        "dvar": 0.00308638834395,
        "dvar2": 0.0092567242682,
        "max": 1,
        "mean": 0.00154679035768,
        "median": 0,
        "min": 0,
        "var": 0.00154439755715
    },
    "spectral_centroid": {
        "dmean": 142.118789673,
        "dmean2": 235.648574829,
        "dvar": 47092.3984375,
        "dvar2": 120052.398438,
        "max": 2872.41064453,
        "mean": 567.387329102,
        "median": 490.055297852,
        "min": 149.354309082,
        "var": 104937.203125
    },
    "spectral_complexity": {
        "dmean": 3.25232195854,
        "dmean2": 4.75135564804,
        "dvar": 20.5369110107,
        "dvar2": 35.032749176,
        "max": 55,
        "mean": 15.3495750427,
        "median": 14,
        "min": 3,
        "var": 73.1229019165
    },
    "spectral_decrease": {
        "dmean": 4.743613502e-09,
        "dmean2": 7.69238539533e-09,
        "dvar": 4.80981968096e-17,
        "dvar2": 1.24113858407e-16,
        "max": -6.50897169496e-10,
        "mean": -1.03248227745e-08,
        "median": -7.83533060655e-09,
        "min": -5.502821665e-08,
        "var": 6.73990998273e-17
    },
    "spectral_energy": {
        "dmean": 0.0182890649885,
        "dmean2": 0.0295620039105,
        "dvar": 0.000707651488483,
        "dvar2": 0.00182121142279,
        "max": 0.211120858788,
        "mean": 0.0401048399508,
        "median": 0.0305910408497,
        "min": 0.00252468348481,
        "var": 0.00100239564199
    },
    "spectral_energyband_high": {
        "dmean": 0.000174157859874,
        "dmean2": 0.000255128805293,
        "dvar": 3.57593165745e-07,
        "dvar2": 8.93544950031e-07,
        "max": 0.010763598606,
        "mean": 0.000262464396656,
        "median": 3.65357336705e-05,
        "min": 1.92739495475e-08,
        "var": 4.75670020705e-07
    },
    "spectral_energyband_low": {
        "dmean": 0.0143006592989,
        "dmean2": 0.0235555339605,
        "dvar": 0.000501423026435,
        "dvar2": 0.0013140697265,
        "max": 0.188498049974,
        "mean": 0.0238546989858,
        "median": 0.0148486774415,
        "min": 0.000204020048841,
        "var": 0.000679833523463
    },
    "spectral_energyband_middle_high": {
        "dmean": 0.00136629119515,
        "dmean2": 0.00205068918876,
        "dvar": 5.3610165196e-06,
        "dvar2": 1.06495308501e-05,
        "max": 0.0246740859002,
        "mean": 0.00345318694599,
        "median": 0.00274216313846,
        "min": 3.51204398612e-05,
        "var": 1.18086372822e-05
    },
    "spectral_energyband_middle_low": {
        "dmean": 0.00773512711748,
        "dmean2": 0.0132466424257,
        "dvar": 0.000147295970237,
        "dvar2": 0.000403483980335,
        "max": 0.0959417074919,
        "mean": 0.0153956254944,
        "median": 0.0110422112048,
        "min": 0.00110528152436,
        "var": 0.00020344996301
    },
    "spectral_entropy": {
        "dmean": 0.221393957734,
        "dmean2": 0.338661968708,
        "dvar": 0.0612610839307,
        "dvar2": 0.126982524991,
        "max": 8.32669830322,
        "mean": 6.86867237091,
        "median": 6.92362833023,
        "min": 4.52396965027,
        "var": 0.467366099358
    },
    "spectral_flux": {
        "dmean": 0.0369268655777,
        "dmean2": 0.0591519139707,
        "dvar": 0.00193476234563,
        "dvar2": 0.00418374221772,
        "max": 0.388744860888,
        "mean": 0.100299209356,
        "median": 0.0825553461909,
        "min": 0.0107065681368,
        "var": 0.00420502247289
    },
    "spectral_kurtosis": {
        "dmean": 6.62686491013,
        "dmean2": 11.1644077301,
        "dvar": 146.407440186,
        "dvar2": 412.333496094,
        "max": 158.082290649,
        "mean": 19.0092582703,
        "median": 10.3665027618,
        "min": 0.818309545517,
        "var": 685.61517334
    },
    "spectral_rms": {
        "dmean": 0.00128095166292,
        "dmean2": 0.00201677437872,
        "dvar": 2.23440792979e-06,
        "dvar2": 5.34688888365e-06,
        "max": 0.0143517097458,
        "mean": 0.00585326692089,
        "median": 0.00546305021271,
        "min": 0.00156942848116,
        "var": 4.86594308313e-06
    },
    "spectral_rolloff": {
        "dmean": 220.898223877,
        "dmean2": 380.64163208,
        "dvar": 135283.703125,
        "dvar2": 350958.09375,
        "max": 6653.75976562,
        "mean": 567.274719238,
        "median": 452.197265625,
        "min": 107.666015625,
        "var": 204720.75
    },
    "spectral_skewness": {
        "dmean": 0.502660274506,
        "dmean2": 0.821058809757,
        "dvar": 0.42605265975,
        "dvar2": 1.15741205215,
        "max": 10.3727741241,
        "mean": 2.88571977615,
        "median": 2.55549097061,
        "min": 0.801052093506,
        "var": 2.46748733521
    },
    "spectral_spread": {
        "dmean": 469064.375,
        "dmean2": 697226.625,
        "dvar": 571679899648,
        "dvar2": 857837993984,
        "max": 20219846,
        "mean": 3018787.75,
        "median": 2895538.25,
        "min": 496558.78125,
        "var": 1.89145782682e+12
    },
    "spectral_strongpeak": {
        "dmean": 0.274232059717,
        "dmean2": 0.465936601162,
        "dvar": 0.103491201997,
        "dvar2": 0.292989552021,
        "max": 2.67525243759,
        "mean": 0.521744847298,
        "median": 0.435828864574,
        "min": 0,
        "var": 0.14112958312
    },
    "zerocrossingrate": {
        "dmean": 0.00549996690825,
        "dmean2": 0.00684577133507,
        "dvar": 3.59567457053e-05,
        "dvar2": 4.96622560604e-05,
        "max": 0.12744140625,
        "mean": 0.026453666389,
        "median": 0.0224609375,
        "min": 0.00341796875,
        "var": 0.000237636413658
    },
    "barkbands": {
        "dmean": [0.000444476783741, 0.00638596760109, 0.00870965514332, 0.00457402784377, 0.0033551347442, 0.000921825296246, 0.000493506842759, 0.000480782560771, 0.000503310875501, 0.000449306884548, 0.000340040511219, 0.000360207719496, 0.000202253111638, 0.000192185587366, 0.000175315304659, 0.000133649577037, 7.33271663194e-05, 6.15824756096e-05, 7.05888742232e-05, 6.05519744568e-05, 3.56515774911e-05, 3.20395774907e-05, 2.92268086923e-05, 2.29614943237e-05, 1.22875526358e-05, 1.97584013222e-05, 3.05382670263e-08],
        "dmean2": [0.000716531008948, 0.0110944435, 0.0147445127368, 0.00807927362621, 0.00544459791854, 0.00156332866754, 0.000833807862364, 0.000827723939437, 0.000871297728736, 0.000750121893361, 0.000564860063605, 0.000556360988412, 0.000337668054271, 0.000329062575474, 0.000262454239419, 0.000198627079953, 0.000119723314128, 8.69099749252e-05, 0.000112350753625, 9.378518007e-05, 5.0359085435e-05, 4.64423028461e-05, 4.66935198347e-05, 3.75457020709e-05, 2.04071129701e-05, 3.39297766914e-05, 5.23552081688e-08],
        "dvar": [1.05562321551e-06, 9.95047084871e-05, 0.000226378950174, 6.36631375528e-05, 3.5587727325e-05, 3.78026038561e-06, 1.26417944557e-06, 7.1574646654e-07, 7.47478736685e-07, 3.41390318681e-07, 2.53218473745e-07, 2.05187077995e-07, 1.42045394114e-07, 1.7119643303e-07, 1.66585877537e-07, 1.2373747893e-07, 3.50185587195e-08, 2.93900139781e-08, 5.31752668564e-08, 3.63513414925e-08, 8.69317684504e-09, 7.83072984234e-09, 1.71058296417e-08, 6.09963946019e-09, 2.3122999071e-09, 8.09658118328e-09, 2.12862056269e-14],
        "dvar2": [3.34557194037e-06, 0.000266708055278, 0.000624358945061, 0.000193602783838, 8.99043589015e-05, 9.97960978566e-06, 3.24998404722e-06, 2.00556064556e-06, 2.04427169592e-06, 9.62559511208e-07, 6.70705560424e-07, 4.78327194742e-07, 3.64323483382e-07, 4.57440620494e-07, 3.17927828064e-07, 2.20749967639e-07, 8.17207066461e-08, 5.49846994602e-08, 1.32608860781e-07, 8.3421404895e-08, 1.69648988191e-08, 1.65740416946e-08, 4.76032866459e-08, 1.59251278831e-08, 6.27087137772e-09, 2.35184600683e-08, 5.5143355973e-14],
        "max": [0.0149881299585, 0.0810912922025, 0.122371062636, 0.0582858845592, 0.082222558558, 0.0176473781466, 0.0123862139881, 0.0107574015856, 0.0110567528754, 0.00521183479577, 0.0047853551805, 0.00476845446974, 0.00482701091096, 0.0053034927696, 0.0049576847814, 0.00448949448764, 0.00179896363989, 0.00179122539703, 0.00289701973088, 0.00252662436105, 0.00107379280962, 0.00114833400585, 0.00264343805611, 0.00109946087468, 0.000905510794837, 0.00193591939751, 2.2750421067e-06],
        "mean": [0.000814274244476, 0.00857243314385, 0.0117894215509, 0.00569482287392, 0.00592830823734, 0.00130434590392, 0.00057208549697, 0.000726224621758, 0.000810980622191, 0.000785199343227, 0.000673055299558, 0.000909036665689, 0.000280257605482, 0.000278260384221, 0.000231958823861, 0.000178147645784, 9.83484933386e-05, 7.49510290916e-05, 8.98336511455e-05, 8.46615948831e-05, 5.72673743591e-05, 5.06552823936e-05, 3.9139380533e-05, 2.9483833714e-05, 1.37073093356e-05, 1.7984668375e-05, 2.30753087749e-08],
        "median": [0.000513977720402, 0.00492127612233, 0.00605238322169, 0.003135754494, 0.00351023441181, 0.000601295032538, 0.000259230029769, 0.000478137662867, 0.000483548268676, 0.000577954691835, 0.000378335971618, 0.000557908031624, 0.000164260854945, 0.000146136226249, 7.22977492842e-05, 3.68407272617e-05, 2.96225007332e-05, 1.03782822407e-05, 1.23782183437e-05, 1.37147881105e-05, 8.02963131719e-06, 5.9013250393e-06, 4.33133664046e-06, 3.50544110006e-06, 1.76712364919e-06, 1.24408506963e-06, 4.51710169269e-10],
        "min": [3.88598834888e-07, 2.47761581704e-05, 3.73113130081e-06, 1.21125049191e-05, 1.28163819682e-05, 9.20478851185e-06, 1.69150098372e-06, 2.00021963792e-06, 2.56905423157e-06, 4.67415429739e-06, 5.99733311901e-07, 5.78828894504e-06, 8.64976527737e-07, 1.7369255545e-07, 1.56227351056e-08, 1.29671011706e-08, 5.24709662386e-08, 1.53997362418e-07, 2.32310711112e-07, 2.48111913237e-08, 3.99898070214e-09, 1.62503088763e-09, 1.41585232427e-09, 5.7008048282e-10, 2.71637240479e-10, 1.16069783992e-11, 8.45712562481e-12],
        "var": [1.195913228e-06, 0.000116844450531, 0.000253756297752, 5.65408372495e-05, 5.75741105422e-05, 4.29481406172e-06, 1.13983253414e-06, 7.40142354516e-07, 1.1147639043e-06, 4.97497296692e-07, 5.60461330679e-07, 7.58369765208e-07, 1.6291747329e-07, 2.04937848025e-07, 2.98107977414e-07, 2.32978408121e-07, 5.26690087099e-08, 4.9564615523e-08, 6.30683629765e-08, 5.38751621093e-08, 1.90070323924e-08, 1.59665987098e-08, 1.52348658133e-08, 6.87479362327e-09, 2.02906202951e-09, 5.42864286857e-09, 1.67901022268e-14]
    },
    "erbbands": {
        "dmean": [0.130709931254, 1.73224103451, 8.77227783203, 13.0928993225, 12.1367073059, 14.1353988647, 7.69505023956, 8.38047885895, 7.39640331268, 8.15351486206, 10.5916280746, 11.8776664734, 13.0876502991, 10.8433656693, 16.2468700409, 14.8935203552, 8.56050491333, 9.63927745819, 7.96223926544, 11.055521965, 5.43156909943, 3.80967736244, 3.02978420258, 3.87292528152, 3.1797170639, 3.14728975296, 1.91175317764, 1.28558468819, 1.21621859074, 0.966678500175, 0.835024893284, 0.502925992012, 0.416446506977, 0.171558856964, 0.0781060904264, 0.0932987704873, 0.0358950905502, 0.00272370921448, 5.92102478549e-05, 2.17404776777e-05],
        "dmean2": [0.226002380252, 2.98374819756, 14.8896188736, 22.9265613556, 20.0663375854, 23.222278595, 12.633354187, 14.4752368927, 12.193529129, 14.0982780457, 18.6226921082, 20.3355674744, 21.9165935516, 18.3646888733, 26.495262146, 22.9663009644, 13.9849624634, 16.4431152344, 12.9425106049, 15.616604805, 8.27012062073, 5.93890857697, 4.46530199051, 6.17489147186, 5.0373673439, 4.89337873459, 2.73798727989, 1.8371078968, 1.75598704815, 1.46488797665, 1.33572268486, 0.791769623756, 0.718674004078, 0.289426475763, 0.134949326515, 0.162277340889, 0.0618954822421, 0.00478147156537, 0.000100345227111, 3.48042412952e-05],
        "dvar": [0.0491046272218, 7.91782665253, 220.493011475, 519.808898926, 361.815490723, 893.222045898, 149.658432007, 339.233032227, 314.300384521, 197.636520386, 449.018096924, 382.334289551, 307.815307617, 354.070495605, 465.475769043, 416.694671631, 246.59425354, 389.96786499, 306.113861084, 877.555847168, 204.742889404, 91.7341461182, 62.8246040344, 163.410110474, 108.874153137, 109.906761169, 28.8977661133, 10.7416496277, 14.0822839737, 7.16843748093, 14.0581655502, 3.3956155777, 2.40332317352, 0.42124158144, 0.0979939103127, 0.201214715838, 0.0216496605426, 0.000114138376375, 4.34778506531e-08, 9.91536519557e-10],
        "dvar2": [0.130290791392, 21.5802764893, 613.85546875, 1509.23803711, 975.761047363, 2216.46557617, 361.699493408, 906.487609863, 788.131469727, 537.578796387, 1274.26477051, 1010.21051025, 849.11126709, 984.157409668, 1236.4486084, 972.180786133, 604.097106934, 1049.7989502, 712.684814453, 1527.33654785, 389.22567749, 194.993453979, 114.677772522, 381.312591553, 270.564544678, 253.977172852, 60.6688919067, 22.6710090637, 33.0781745911, 16.6807575226, 38.8168563843, 8.82255935669, 6.60756635666, 1.1501237154, 0.271493911743, 0.592947721481, 0.0617286674678, 0.000312015268719, 1.19991995007e-07, 2.5314317309e-09],
        "max": [2.07531809807, 24.3281269073, 129.024856567, 208.375274658, 128.981491089, 380.443115234, 122.915229797, 173.168258667, 192.336547852, 112.174034119, 291.739715576, 243.299560547, 171.975189209, 199.993789673, 201.831192017, 227.839706421, 202.856582642, 289.809051514, 231.005828857, 397.660736084, 184.732666016, 97.8511886597, 86.9154891968, 169.615753174, 105.01890564, 144.250137329, 63.4033164978, 39.5824584961, 56.6325645447, 35.8565216064, 76.3737411499, 31.4879360199, 23.3017654419, 11.201294899, 6.17067527771, 9.59668636322, 3.0615978241, 0.221993044019, 0.0044092698954, 0.000285563408397],
        "mean": [0.167464956641, 2.30315518379, 11.7034368515, 18.0851783752, 18.865064621, 21.7784900665, 12.3289470673, 11.2593975067, 8.92232322693, 11.486825943, 16.0124397278, 20.2364864349, 21.3135566711, 19.9269599915, 38.9096336365, 37.5611190796, 14.1323032379, 14.3933639526, 11.9772939682, 14.0470924377, 7.636074543, 5.19578266144, 3.95078015327, 5.00983905792, 3.98979783058, 4.23657035828, 2.89518547058, 2.04247379303, 1.85706746578, 1.44075465202, 1.10148215294, 0.699677407742, 0.46336209774, 0.19880156219, 0.0720586255193, 0.0874572247267, 0.0307226311415, 0.0021672938019, 6.40405050945e-05, 4.71917810501e-05],
        "median": [0.0689211562276, 1.39085960388, 6.55601024628, 10.1280355453, 10.8226423264, 10.5350227356, 7.07462930679, 5.25564622879, 3.82644534111, 6.69409275055, 9.95779895782, 12.7172927856, 13.2053956985, 13.1868782043, 31.1898021698, 23.6472263336, 9.39181995392, 8.42434978485, 5.48917531967, 3.03082799911, 1.80613088608, 1.34578609467, 0.729659557343, 0.591453433037, 0.722879052162, 0.596592903137, 0.390140175819, 0.308711975813, 0.226531371474, 0.158029794693, 0.118265427649, 0.0864232257009, 0.0525943934917, 0.0248498115689, 0.00837942026556, 0.00760882627219, 0.00179730926175, 7.31627296773e-05, 2.295593913e-05, 3.61434540537e-05],
        "min": [0.00118705141358, 0.00714026065543, 0.0261615626514, 0.122484393418, 0.190641671419, 0.08166115731, 0.251865357161, 0.169028073549, 0.107171103358, 0.280380904675, 0.234737768769, 0.317223995924, 0.271596819162, 0.194841921329, 0.157617911696, 0.190917432308, 0.0629625320435, 0.0347354263067, 0.00514613697305, 0.00105193606578, 0.00105729023926, 0.00316119915806, 0.0065990248695, 0.0113229556009, 0.00899693369865, 0.00134076946415, 0.000412542780396, 0.000161314383149, 6.60411969875e-05, 4.7790708777e-05, 4.5551747462e-05, 2.29696015595e-05, 1.53795608639e-05, 8.91005856829e-06, 5.06407150169e-06, 3.72037334273e-06, 8.50694902965e-07, 1.07046339792e-07, 1.16146543405e-06, 2.78616971627e-06],
        "var": [0.0624620579183, 8.28538703918, 222.482543945, 555.911376953, 504.00793457, 1163.02905273, 241.973556519, 339.227539062, 299.36239624, 202.595794678, 427.090484619, 613.56652832, 493.313903809, 430.451416016, 1158.35083008, 1338.49145508, 314.252838135, 458.832641602, 477.240570068, 1598.13061523, 369.824920654, 158.936965942, 114.799667358, 211.491882324, 125.069602966, 152.871368408, 54.4657707214, 22.894865036, 22.9609260559, 12.7576446533, 12.7083482742, 3.98320364952, 2.11169409752, 0.3828741014, 0.0735130608082, 0.132168725133, 0.0147095415741, 8.10952042229e-05, 3.19426050055e-08, 1.4015645311e-09]
    },
    "gfcc": {
        "mean": [-45.525100708, 159.1484375, -99.2948608398, 15.6688165665, -43.7551040649, 23.2081127167, -21.7209129333, -2.4954791069, -27.8395290375, -7.4760427475, -13.8251838684, -7.97506952286, -10.3257961273],
        "cov": [[6667.59667969, -3643.09985352, -644.514160156, 1129.40332031, -1038.77941895, 508.416168213, -932.409362793, 210.395629883, -252.471343994, 402.516479492, -780.685974121, 281.641967773, -163.336959839], [-3643.09985352, 2495.94873047, 306.117431641, -631.599243164, 707.419250488, -313.34197998, 547.167480469, -192.985229492, 243.359420776, -313.456207275, 495.477661133, -245.546508789, 180.647354126], [-644.514160156, 306.117431641, 515.290283203, -140.641571045, 255.340118408, -27.9870414734, 208.240234375, 52.6812171936, -65.0441513062, 34.2290802002, 16.1238384247, 20.612405777, -105.490264893], [1129.40332031, -631.599243164, -140.641571045, 385.181030273, -210.125671387, 82.0799102783, -162.118377686, -0.747401833534, 18.7932014465, 16.3820419312, -107.00957489, 10.622964859, 14.5468873978], [-1038.77941895, 707.419250488, 255.340118408, -210.125671387, 438.710571289, -44.7874565125, 232.600524902, -21.7808589935, 47.4631309509, -46.3166313171, 82.3557739258, -47.1634216309, -20.9701862335], [508.416168213, -313.34197998, -27.9870414734, 82.0799102783, -44.7874565125, 193.141830444, -40.6403427124, 37.1684570312, -14.411450386, 52.2148017883, -71.4456481934, 23.3987178802, 0.620910167694], [-932.409362793, 547.167480469, 208.240234375, -162.118377686, 232.600524902, -40.6403427124, 244.288223267, 5.77478408813, 26.7059783936, -38.8630714417, 101.309967041, -33.0078315735, -13.8506689072], [210.395629883, -192.985229492, 52.6812171936, -0.747401833534, -21.7808589935, 37.1684570312, 5.77478408813, 89.6355285645, -35.2791862488, 58.8512191772, -36.3618774414, 30.619134903, -37.6690635681], [-252.471343994, 243.359420776, -65.0441513062, 18.7932014465, 47.4631309509, -14.411450386, 26.7059783936, -35.2791862488, 119.119361877, -46.1644439697, 51.909450531, -49.1192932129, 52.2228813171], [402.516479492, -313.456207275, 34.2290802002, 16.3820419312, -46.3166313171, 52.2148017883, -38.8630714417, 58.8512191772, -46.1644439697, 114.070518494, -60.1126937866, 61.2446060181, -52.2402458191], [-780.685974121, 495.477661133, 16.1238384247, -107.00957489, 82.3557739258, -71.4456481934, 101.309967041, -36.3618774414, 51.909450531, -60.1126937866, 177.013046265, -39.1315307617, 66.2745132446], [281.641967773, -245.546508789, 20.612405777, 10.622964859, -47.1634216309, 23.3987178802, -33.0078315735, 30.619134903, -49.1192932129, 61.2446060181, -39.1315307617, 87.4441604614, -29.0658683777], [-163.336959839, 180.647354126, -105.490264893, 14.5468873978, -20.9701862335, 0.620910167694, -13.8506689072, -37.6690635681, 52.2228813171, -52.2402458191, 66.2745132446, -29.0658683777, 111.965133667]],
        "icov": [[0.00111722142901, 0.000521233654581, 0.000392979360186, -0.00140835472848, -0.000212534927414, -0.000385974271921, 0.00123093090951, -0.000492162012961, 0.000502213544678, -0.000784300209489, 0.00133832043502, -3.718572043e-05, -0.00011090071348], [0.000521233654581, 0.0121397562325, -0.00333271548152, 0.00962659902871, -0.00470571126789, 0.00425043143332, -0.00561105832458, 0.00795458164066, -0.00809630006552, 0.00504346564412, -0.00720726326108, 0.00901625491679, -0.00940356310457], [0.000392979360186, -0.00333271548152, 0.00600825902075, -0.00445144996047, -0.00059031083947, -0.000894303317182, -0.0008577585686, -0.00338034052402, 0.00544712599367, -0.00275030429475, 0.00257156672888, -0.00301589560695, 0.00471158511937], [-0.00140835472848, 0.00962659902871, -0.00445144996047, 0.0156370121986, -0.0017131366767, 0.00305137573741, -0.00534785864875, 0.00807835813612, -0.0107260746881, 0.00687042064965, -0.0063088145107, 0.00776555715129, -0.0081347823143], [-0.000212534927414, -0.00470571126789, -0.00059031083947, -0.0017131366767, 0.00819158088416, -0.00217033806257, -0.00143292197026, -0.000605778943282, 0.000239506407524, -0.00196261936799, 0.00453620124608, -0.00274681393057, 0.00368829327635], [-0.000385974271921, 0.00425043143332, -0.000894303317182, 0.00305137573741, -0.00217033806257, 0.00968665163964, -0.00449677789584, 0.0018432373181, -0.00250452687033, -0.00157690537162, 0.000179384631338, 0.00414716405794, -0.00765337049961], [0.00123093090951, -0.00561105832458, -0.0008577585686, -0.00534785864875, -0.00143292197026, -0.00449677789584, 0.019365420565, -0.00910128653049, 0.00252021290362, 0.00110039755236, -0.000663458951749, -0.00483425194398, 0.00830124877393], [-0.000492162012961, 0.00795458164066, -0.00338034052402, 0.00807835813612, -0.000605778943282, 0.0018432373181, -0.00910128653049, 0.0257567521185, -0.00465108035132, -0.00481756962836, -0.00406800489873, 0.00736702326685, -0.00612859148532], [0.000502213544678, -0.00809630006552, 0.00544712599367, -0.0107260746881, 0.000239506407524, -0.00250452687033, 0.00252021290362, -0.00465108035132, 0.0222283490002, -0.00642341887578, 0.00435413559899, -0.00105269474443, 0.00291146128438], [-0.000784300209489, 0.00504346564412, -0.00275030429475, 0.00687042064965, -0.00196261936799, -0.00157690537162, 0.00110039755236, -0.00481756962836, -0.00642341887578, 0.0269334521145, -0.00592389935628, -0.00620842957869, 0.0028485013172], [0.00133832043502, -0.00720726326108, 0.00257156672888, -0.0063088145107, 0.00453620124608, 0.000179384631338, -0.000663458951749, -0.00406800489873, 0.00435413559899, -0.00592389935628, 0.0217679403722, -0.00543350866064, -0.00286906654947], [-3.718572043e-05, 0.00901625491679, -0.00301589560695, 0.00776555715129, -0.00274681393057, 0.00414716405794, -0.00483425194398, 0.00736702326685, -0.00105269474443, -0.00620842957869, -0.00543350866064, 0.0279667824507, -0.00903805345297], [-0.00011090071348, -0.00940356310457, 0.00471158511937, -0.0081347823143, 0.00368829327635, -0.00765337049961, 0.00830124877393, -0.00612859148532, 0.00291146128438, 0.0028485013172, -0.00286906654947, -0.00903805345297, 0.0284588690847]]
    },
    "melbands": {
        "dmean": [0.00147040875163, 0.0037009306252, 0.00222267117351, 0.000859765335917, 0.000345303007634, 0.00018072585226, 0.000110539280286, 9.46670043049e-05, 9.48675951804e-05, 6.78249343764e-05, 6.5018699388e-05, 4.48953505838e-05, 4.78435722471e-05, 4.70553786727e-05, 2.45412848017e-05, 1.86056749953e-05, 1.88246212929e-05, 1.35611462611e-05, 1.36276139528e-05, 1.30800726765e-05, 5.55883616471e-06, 4.39269297203e-06, 2.92817776426e-06, 2.87586408376e-06, 3.33267053065e-06, 2.61787204181e-06, 1.85701867395e-06, 2.3391708055e-06, 1.35777747801e-06, 8.33575882098e-07, 7.41715552977e-07, 7.54651580337e-07, 5.69425310459e-07, 5.36196978373e-07, 5.20063906606e-07, 4.08011686659e-07, 2.87940764565e-07, 3.07584542725e-07, 2.47969524025e-07, 1.20219539212e-07],
        "dmean2": [0.00257449550554, 0.00625237915665, 0.00382211268879, 0.00142560771201, 0.000566042435821, 0.000308967661113, 0.000184940319741, 0.000162948737852, 0.000166697151144, 0.000115666705824, 0.000108453939902, 7.58179885452e-05, 7.907080726e-05, 7.3417169915e-05, 3.84702252632e-05, 3.13802047458e-05, 3.22389350913e-05, 2.24893374252e-05, 2.06166932912e-05, 1.84922391782e-05, 8.81424239196e-06, 7.16038584869e-06, 4.3527707021e-06, 4.13390216636e-06, 5.38121776117e-06, 4.21759023084e-06, 3.00243232232e-06, 3.69776034859e-06, 2.00835370379e-06, 1.24155155845e-06, 1.07448045128e-06, 1.13030580451e-06, 8.19083027181e-07, 8.46612977057e-07, 8.41732912704e-07, 6.36313018276e-07, 4.64190321736e-07, 5.34755372428e-07, 4.21880685053e-07, 2.04429426276e-07],
        "dvar": [5.28593272975e-06, 3.66266867786e-05, 1.38416680784e-05, 2.37275799009e-06, 3.59474540801e-07, 1.56353607395e-07, 6.71833007004e-08, 2.31212009538e-08, 3.54106113321e-08, 1.17954401802e-08, 7.54029105821e-09, 6.0293472437e-09, 4.38046310336e-09, 2.93457258493e-09, 1.42654910107e-09, 1.20858634212e-09, 1.58337787326e-09, 9.47846912069e-10, 1.02566877214e-09, 1.28007804356e-09, 1.97469235408e-10, 1.3758950923e-10, 4.89267792947e-11, 6.96099011765e-11, 1.26801541489e-10, 6.9770696165e-11, 3.46735105905e-11, 6.41431005532e-11, 1.48511081904e-11, 4.77113097294e-12, 3.35346203931e-12, 5.63632820971e-12, 2.19940688925e-12, 2.43986124707e-12, 4.63043405702e-12, 4.22315134252e-12, 8.1617395134e-13, 1.29264795482e-12, 7.82758623544e-13, 2.22852091598e-13],
        "dvar2": [1.42590806718e-05, 0.000100623685285, 4.02791447414e-05, 6.17570049144e-06, 8.27107669465e-07, 4.10604968692e-07, 1.68801975065e-07, 6.2949325752e-08, 1.00839294248e-07, 3.16131156808e-08, 2.07996535551e-08, 1.67990883426e-08, 1.16100542513e-08, 6.93011070751e-09, 3.16223736085e-09, 3.10476244714e-09, 4.30928226436e-09, 2.32545405154e-09, 1.89640392279e-09, 2.20751505964e-09, 4.13404893651e-10, 3.1923660937e-10, 9.09398181759e-11, 1.34492667003e-10, 3.05228620157e-10, 1.75802400415e-10, 8.36215471867e-11, 1.51098952794e-10, 3.22805011888e-11, 1.0346519648e-11, 7.21018557359e-12, 1.360250107e-11, 4.36516534724e-12, 6.15468570206e-12, 1.27410608106e-11, 1.17243116257e-11, 2.0366388697e-12, 3.59991572142e-12, 2.11561757696e-12, 6.16417398895e-13],
        "max": [0.0191873125732, 0.053773380816, 0.0325761437416, 0.0205122437328, 0.00610461831093, 0.00367955421098, 0.00274876831099, 0.00127911986783, 0.00254600984044, 0.00134636159055, 0.000835464161355, 0.000869432056788, 0.000646985368803, 0.000584560271818, 0.000458266382338, 0.000396165793063, 0.000607354915701, 0.000381693418603, 0.000384643586585, 0.000489777245093, 0.000161983407452, 0.000121122524433, 7.68071040511e-05, 0.000105269347841, 0.000155960718985, 8.13380320324e-05, 7.1364811447e-05, 0.000113134810817, 4.07266888942e-05, 2.92780969176e-05, 1.92475472431e-05, 3.58772449545e-05, 1.50742362166e-05, 2.28453391173e-05, 4.19337447966e-05, 4.11086439271e-05, 1.25932174342e-05, 1.81601626537e-05, 1.0770901099e-05, 9.27824839891e-06],
        "mean": [0.00194870121777, 0.00523122260347, 0.00323774339631, 0.00149733561557, 0.000549721415155, 0.000246044219239, 0.000130930216983, 0.000135665584821, 0.000143351775478, 0.00011630141671, 0.000103124468296, 7.72346975282e-05, 0.000102929974673, 0.000130822445499, 4.97833752888e-05, 2.49764761975e-05, 2.76580813079e-05, 1.95519714907e-05, 1.76610683411e-05, 1.66836944118e-05, 7.60612465456e-06, 5.70765132579e-06, 3.94072822019e-06, 3.40299516211e-06, 4.20793776357e-06, 3.14282760883e-06, 2.44002330874e-06, 3.00687179333e-06, 1.97034705707e-06, 1.28124099774e-06, 1.12432906008e-06, 1.08327765247e-06, 9.10125550035e-07, 7.392588941e-07, 6.60476018766e-07, 5.20863181919e-07, 3.83401840054e-07, 3.28780629388e-07, 2.66868966037e-07, 1.36490044156e-07],
        "median": [0.00103548227344, 0.00321206566878, 0.00200438452885, 0.000855434045661, 0.000327375339111, 0.000110639572085, 5.67503229831e-05, 8.23304799269e-05, 8.74080506037e-05, 7.41909389035e-05, 6.34980169707e-05, 4.54316141258e-05, 7.65953664086e-05, 0.000103074293293, 3.09012793878e-05, 1.41700002132e-05, 1.60961062647e-05, 8.8226124717e-06, 4.96235043101e-06, 3.3341211747e-06, 1.83088707217e-06, 1.49762263391e-06, 9.48137142132e-07, 4.43382930371e-07, 4.6077582283e-07, 4.72713963973e-07, 5.22806885783e-07, 3.57237297521e-07, 2.55243747915e-07, 1.90575832448e-07, 1.65996127066e-07, 1.35417067781e-07, 9.25872214452e-08, 8.1407762309e-08, 6.98598938698e-08, 5.51368692925e-08, 5.03945685182e-08, 3.81070854871e-08, 2.54843612879e-08, 1.84786799196e-08],
