{
"highlevel": {
    "danceability": {
        "all": {
            "danceable": 0.562828838825,
            "not_danceable": 0.437171161175
        },
        "probability": 0.562828838825,
        "value": "danceable"
    },
    "gender": {
        "all": {
            "female": 0.809881567955,
            "male": 0.190118432045
        },
        "probability": 0.809881567955,
        "value": "female"
    },
    "genre_dortmund": {
        "all": {
            "alternative": 0.134388253093,
            "blues": 0.0195649676025,
            "electronic": 0.0242347158492,
            "folkcountry": 0.150734692812,
            "funksoulrnb": 0.012979564257,
            "jazz": 0.0145282922313,
            "pop": 0.149256885052,
            "raphiphop": 0.00621541356668,
            "rock": 0.488097220659
        },
        "probability": 0.488097220659,
        "value": "rock"
    },
    "genre_electronic": {
        "all": {
            "ambient": 0.296480774879,
            "dnb": 0.469118624926,
            "house": 0.0297923143953,
            "techno": 0.0152273457497,
            "trance": 0.189380943775
        },
        "probability": 0.469118624926,
        "value": "dnb"
    },
    "genre_rosamerica": {
        "all": {
            "cla": 0.0024326692801,
            "dan": 0.0693334117532,
            "hip": 0.00617190496996,
            "jaz": 0.00905920565128,
            "pop": 0.470494240522,
            "rhy": 0.0452694781125,
            "roc": 0.394121587276,
            "spe": 0.0031175010372
        },
        "probability": 0.470494240522,
        "value": "pop"
    },
    "genre_tzanetakis": {
        "all": {
            "blu": 0.0626541376114,
            "cla": 0.0348133966327,
            "cou": 0.0783501937985,
            "dis": 0.104547761381,
            "hip": 0.15693578124,
            "jaz": 0.313987255096,
            "met": 0.044816005975,
            "pop": 0.0627349764109,
            "reg": 0.0627352520823,
            "roc": 0.0784252434969
        },
        "probability": 0.313987255096,
        "value": "jaz"
    },
    "ismir04_rhythm": {
        "all": {
            "ChaChaCha": 0.0430505909026,
            "Jive": 0.126198858023,
            "Quickstep": 0.254033446312,
            "Rumba-American": 0.0183753482997,
            "Rumba-International": 0.186334341764,
            "Rumba-Misc": 0.0167744718492,
            "Samba": 0.269528478384,
            "Tango": 0.0159893780947,
            "VienneseWaltz": 0.048018835485,
            "Waltz": 0.0216962397099
        },
        "probability": 0.269528478384,
        "value": "Samba"
    },
    "mood_acoustic": {
        "all": {
            "acoustic": 0.0715277567506,
            "not_acoustic": 0.928472220898
        },
        "probability": 0.928472220898,
        "value": "not_acoustic"
    },
    "mood_aggressive": {
        "all": {
            "aggressive": 0.229475826025,
            "not_aggressive": 0.770524203777
        },
        "probability": 0.770524203777,
        "value": "not_aggressive"
    },
    "mood_electronic": {
        "all": {
            "electronic": 0.505399048328,
            "not_electronic": 0.494600951672
        },
        "probability": 0.505399048328,
        "value": "electronic"
    },
    "mood_happy": {
        "all": {
            "happy": 0.431432574987,
            "not_happy": 0.56856739521
        },
        "probability": 0.56856739521,
        "value": "not_happy"
    },
    "mood_party": {
        "all": {
            "not_party": 0.84243619442,
            "party": 0.157563790679
        },
        "probability": 0.84243619442,
        "value": "not_party"
    },
    "mood_relaxed": {
        "all": {
            "not_relaxed": 0.522179245949,
            "relaxed": 0.477820754051
        },
        "probability": 0.522179245949,
        "value": "not_relaxed"
    },
    "mood_sad": {
        "all": {
            "not_sad": 0.43211710453,
            "sad": 0.56788289547
        },
        "probability": 0.56788289547,
        "value": "sad"
    },
    "moods_mirex": {
        "all": {
            "Cluster1": 0.465690225363,
            "Cluster2": 0.195608332753,
            "Cluster3": 0.0745868161321,
            "Cluster4": 0.0681379139423,
            "Cluster5": 0.195976704359
        },
        "probability": 0.465690225363,
        "value": "Cluster1"
    },
    "timbre": {
        "all": {
            "bright": 0.677865445614,
            "dark": 0.322134584188
        },
        "probability": 0.677865445614,
        "value": "bright"
    },
    "tonal_atonal": {
        "all": {
            "atonal": 0.00976083055139,
            "tonal": 0.990239143372
        },
        "probability": 0.990239143372,
        "value": "tonal"
    },
    "voice_instrumental": {
        "all": {
            "instrumental": 0.0127258067951,
            "voice": 0.987274169922
        },
        "probability": 0.987274169922,
        "value": "voice"
    }
},
"lowlevel": {
    "average_loudness": 0.982080996037,
    "barkbands_crest": {
        "dmean": 2.65570831299,
        "dmean2": 4.41788101196,
        "dvar": 6.43532562256,
        "dvar2": 18.5558414459,
        "max": 22.5410823822,
        "mean": 10.0613431931,
        "median": 9.47546005249,
        "min": 3.72561216354,
        "var": 12.7462873459
    },
    "barkbands_flatness_db": {
        "dmean": 0.0217440091074,
        "dmean2": 0.0344207249582,
        "dvar": 0.000360050908057,
        "dvar2": 0.000922947947402,
        "max": 0.271925896406,
        "mean": 0.146421536803,
        "median": 0.143668666482,
        "min": 0.0641503185034,
        "var": 0.000981483142823
    },
    "barkbands_kurtosis": {
        "dmean": 3.13990306854,
        "dmean2": 5.10736083984,
        "dvar": 17.1805667877,
        "dvar2": 44.203338623,
        "max": 63.1708221436,
        "mean": 6.06388425827,
        "median": 4.88973855972,
        "min": -1.84209156036,
        "var": 35.0800056458
    },
    "barkbands_skewness": {
        "dmean": 0.493944764137,
        "dmean2": 0.795107185841,
        "dvar": 0.248903617263,
        "dvar2": 0.603171169758,
        "max": 6.72661018372,
        "mean": 2.07716703415,
        "median": 2.07794713974,
        "min": -0.508022010326,
        "var": 0.856302082539
    },
    "barkbands_spread": {
        "dmean": 5.33540582657,
        "dmean2": 8.20750236511,
        "dvar": 47.6538658142,
        "dvar2": 87.8965530396,
        "max": 99.0438079834,
        "mean": 20.2774410248,
        "median": 17.4883327484,
        "min": 3.1021296978,
        "var": 173.741256714
    },
    "dissonance": {
        "dmean": 0.0171679612249,
        "dmean2": 0.0291857291013,
        "dvar": 0.000263197056483,
        "dvar2": 0.000733607565053,
        "max": 0.499477982521,
        "mean": 0.460801064968,
        "median": 0.465862065554,
        "min": 0.359982967377,
        "var": 0.000494620064273
    },
    "dynamic_complexity": 1.11973130703,
    "erbbands_crest": {
        "dmean": 2.21561598778,
        "dmean2": 3.57967686653,
        "dvar": 4.29934310913,
        "dvar2": 11.096364975,
        "max": 25.9674129486,
        "mean": 8.01536846161,
        "median": 7.19240379333,
        "min": 2.81586194038,
        "var": 12.3078613281
    },
    "erbbands_flatness_db": {
        "dmean": 0.0126350242645,
        "dmean2": 0.0190201308578,
        "dvar": 0.000115284921776,
        "dvar2": 0.000256949366303,
        "max": 0.20270806551,
        "mean": 0.12255474925,
        "median": 0.120654970407,
        "min": 0.060125593096,
        "var": 0.000645803404041
    },
    "erbbands_kurtosis": {
        "dmean": 0.658424019814,
        "dmean2": 1.01133453846,
        "dvar": 0.532247245312,
        "dvar2": 1.21227574348,
        "max": 9.95570659637,
        "mean": 0.180423602462,
        "median": -0.0269982814789,
        "min": -1.61064231396,
        "var": 1.53654241562
    },
    "erbbands_skewness": {
        "dmean": 0.299225479364,
        "dmean2": 0.44908747077,
        "dvar": 0.0681426897645,
        "dvar2": 0.146708190441,
        "max": 2.19386982918,
        "mean": 0.494089871645,
        "median": 0.518158137798,
        "min": -2.27455663681,
        "var": 0.318664759398
    },
    "erbbands_spread": {
        "dmean": 8.03936195374,
        "dmean2": 12.3934440613,
        "dvar": 69.993560791,
        "dvar2": 141.933944702,
        "max": 131.855529785,
        "mean": 47.0059432983,
        "median": 43.5532608032,
        "min": 10.2028961182,
        "var": 403.220062256
    },
    "hfc": {
        "dmean": 7.16726732254,
        "dmean2": 10.7116699219,
        "dvar": 149.048629761,
        "dvar2": 328.430450439,
        "max": 188.774917603,
        "mean": 26.5853233337,
        "median": 21.9412403107,
        "min": 5.30136299133,
        "var": 393.109130859
    },
    "melbands_crest": {
        "dmean": 3.2598695755,
        "dmean2": 5.43515110016,
        "dvar": 8.31392288208,
        "dvar2": 24.4338150024,
        "max": 29.2905769348,
        "mean": 14.3103141785,
        "median": 13.9434490204,
        "min": 5.60041713715,
        "var": 17.5042495728
    },
    "melbands_flatness_db": {
        "dmean": 0.0272256396711,
        "dmean2": 0.0416219979525,
        "dvar": 0.000600349158049,
        "dvar2": 0.00142977584619,
        "max": 0.371679127216,
        "mean": 0.215717479587,
        "median": 0.214734762907,
        "min": 0.0854461193085,
        "var": 0.00197803834453
    },
    "melbands_kurtosis": {
        "dmean": 8.02675533295,
        "dmean2": 13.1876955032,
        "dvar": 114.048820496,
        "dvar2": 300.358306885,
        "max": 121.013153076,
        "mean": 18.5730819702,
        "median": 14.5136528015,
        "min": -0.639672994614,
        "var": 248.229598999
    },
    "melbands_skewness": {
        "dmean": 0.719666421413,
        "dmean2": 1.1614818573,
        "dvar": 0.509517431259,
        "dvar2": 1.27288269997,
        "max": 9.92586803436,
        "mean": 3.27718710899,
        "median": 3.1316049099,
        "min": 0.398253083229,
        "var": 1.90538942814
    },
    "melbands_spread": {
        "dmean": 4.74249887466,
        "dmean2": 7.33359766006,
        "dvar": 40.4233970642,
        "dvar2": 69.4753723145,
        "max": 127.541023254,
        "mean": 16.4184379578,
        "median": 13.4971618652,
        "min": 2.01839351654,
        "var": 146.22164917
    },
    "pitch_salience": {
        "dmean": 0.0741337239742,
        "dmean2": 0.123354829848,
        "dvar": 0.00418598996475,
        "dvar2": 0.01202997379,
        "max": 0.806080937386,
        "mean": 0.561467468739,
        "median": 0.561737716198,
        "min": 0.251959085464,
        "var": 0.0104305986315
    },
    "silence_rate_20dB": {
        "dmean": 0,
        "dmean2": 0,
        "dvar": 0,
        "dvar2": 0,
        "max": 1,
        "mean": 1,
        "median": 1,
        "min": 1,
        "var": 0
    },
    "silence_rate_30dB": {
        "dmean": 0.030959751457,
        "dmean2": 0.0619674660265,
        "dvar": 0.0300014130771,
        "dvar2": 0.0844631791115,
        "max": 1,
        "mean": 0.982211887836,
        "median": 1,
        "min": 0,
        "var": 0.0174718461931
    },
    "silence_rate_60dB": {
        "dmean": 0,
        "dmean2": 0,
        "dvar": 0,
        "dvar2": 0,
        "max": 0,
        "mean": 0,
        "median": 0,
        "min": 0,
        "var": 0
    },
    "spectral_centroid": {
        "dmean": 213.260253906,
        "dmean2": 324.3152771,
        "dvar": 52922.921875,
        "dvar2": 115379.84375,
        "max": 3592.90893555,
        "mean": 1034.99169922,
        "median": 954.750610352,
        "min": 354.741363525,
        "var": 195897.625
    },
    "spectral_complexity": {
        "dmean": 4.12925720215,
        "dmean2": 6.30751371384,
        "dvar": 18.9237442017,
        "dvar2": 41.1362342834,
        "max": 55,
        "mean": 20.498840332,
        "median": 19,
        "min": 7,
        "var": 44.7805175781
    },
    "spectral_decrease": {
        "dmean": 3.94634280809e-09,
        "dmean2": 6.45273257049e-09,
        "dvar": 2.36608396776e-17,
        "dvar2": 6.15251050091e-17,
        "max": -3.20664961251e-09,
        "mean": -1.28759110041e-08,
        "median": -1.16062626176e-08,
        "min": -4.35448264113e-08,
        "var": 3.43853852118e-17
    },
    "spectral_energy": {
        "dmean": 0.0152140678838,
        "dmean2": 0.0248538665473,
        "dvar": 0.000349741836544,
        "dvar2": 0.000909190624952,
        "max": 0.166885092854,
        "mean": 0.051008079201,
        "median": 0.0461191907525,
        "min": 0.0126642156392,
        "var": 0.000508574186824
    },
    "spectral_energyband_high": {
        "dmean": 0.000537797226571,
        "dmean2": 0.000791798520368,
        "dvar": 1.37387644372e-06,
        "dvar2": 2.52849326898e-06,
        "max": 0.0223346985877,
        "mean": 0.00126629590522,
        "median": 0.000623463827651,
        "min": 6.14597447566e-05,
        "var": 5.18513479619e-06
    },
    "spectral_energyband_low": {
        "dmean": 0.0114163774997,
        "dmean2": 0.0188352353871,
        "dvar": 0.000247086427407,
        "dvar2": 0.000649690278806,
        "max": 0.14235252142,
        "mean": 0.026072345674,
        "median": 0.021221017465,
        "min": 0.000561724475119,
        "var": 0.000361459475243
    },
    "spectral_energyband_middle_high": {
        "dmean": 0.00159505556803,
        "dmean2": 0.00250956043601,
        "dvar": 6.26667997494e-06,
        "dvar2": 1.68843853317e-05,
        "max": 0.029500272125,
        "mean": 0.0048869359307,
        "median": 0.00337171647698,
        "min": 0.000619718164671,
        "var": 1.71150786628e-05
    },
    "spectral_energyband_middle_low": {
        "dmean": 0.00703698489815,
        "dmean2": 0.0112240230665,
        "dvar": 0.00010938457126,
        "dvar2": 0.000284442096017,
        "max": 0.113558329642,
        "mean": 0.0213066656142,
        "median": 0.0192365422845,
        "min": 0.00405278848484,
        "var": 0.000151434433064
    },
    "spectral_entropy": {
        "dmean": 0.166249647737,
        "dmean2": 0.242656633258,
        "dvar": 0.0219786707312,
        "dvar2": 0.044999089092,
        "max": 8.57991027832,
        "mean": 7.59650993347,
        "median": 7.57292222977,
        "min": 6.75935649872,
        "var": 0.0972485467792
    },
    "spectral_flux": {
        "dmean": 0.0299679655582,
        "dmean2": 0.0463258959353,
        "dvar": 0.00101272540633,
        "dvar2": 0.00207215244882,
        "max": 0.317496448755,
        "mean": 0.108852468431,
        "median": 0.100123047829,
        "min": 0.035619083792,
        "var": 0.00213829427958
    },
    "spectral_kurtosis": {
        "dmean": 1.10882639885,
        "dmean2": 1.74571406841,
        "dvar": 1.15271925926,
        "dvar2": 2.62899041176,
        "max": 13.9484710693,
        "mean": 3.88141107559,
        "median": 3.75951910019,
        "min": -1.02205240726,
        "var": 4.24421072006
    },
    "spectral_rms": {
        "dmean": 0.000993735622615,
        "dmean2": 0.00159856060054,
        "dvar": 1.12742156944e-06,
        "dvar2": 2.85792680188e-06,
        "max": 0.0127598876134,
        "mean": 0.00690533686429,
        "median": 0.00670778146014,
        "min": 0.00351501535624,
        "var": 2.08031519833e-06
    },
    "spectral_rolloff": {
        "dmean": 330.013824463,
        "dmean2": 566.53515625,
        "dvar": 659106.6875,
        "dvar2": 1236965.75,
        "max": 9582.27539062,
        "mean": 921.282287598,
        "median": 602.9296875,
        "min": 86.1328125,
        "var": 1693177.125
    },
    "spectral_skewness": {
        "dmean": 0.19150391221,
        "dmean2": 0.295148849487,
        "dvar": 0.0310324318707,
        "dvar2": 0.0633294805884,
        "max": 2.74689245224,
        "mean": 1.63858938217,
        "median": 1.66228628159,
        "min": 0.246814638376,
        "var": 0.156817615032
    },
    "spectral_spread": {
        "dmean": 586628.8125,
        "dmean2": 863951,
        "dvar": 445456056320,
        "dvar2": 899022454784,
        "max": 12921397,
        "mean": 5458362.5,
        "median": 5155204,
        "min": 3212417.5,
        "var": 2.15662224998e+12
    },
    "spectral_strongpeak": {
        "dmean": 0.388647586107,
        "dmean2": 0.693252444267,
        "dvar": 0.392805486917,
        "dvar2": 1.00480902195,
        "max": 4.63537025452,
        "mean": 0.601423740387,
        "median": 0.379304766655,
        "min": 0.0443353205919,
        "var": 0.494083702564
    },
    "zerocrossingrate": {
        "dmean": 0.0100694783032,
        "dmean2": 0.0123155806214,
        "dvar": 0.000155072921189,
        "dvar2": 0.00017513599596,
        "max": 0.265625,
        "mean": 0.0514360666275,
        "median": 0.04541015625,
        "min": 0.0087890625,
        "var": 0.000901835330296
    },
    "barkbands": {
        "dmean": [0.000741262629163, 0.00956310238689, 0.00316947232932, 0.00269029149786, 0.00365750561468, 0.00178001855966, 0.0011040327372, 0.000947843131144, 0.00112226651981, 0.000423057295848, 0.000324529479258, 0.000272815552307, 0.00039643413038, 0.000323276413837, 0.000407979037846, 0.000175779379788, 0.000188411693671, 0.000204327749088, 0.000117358555144, 0.000140234507853, 9.42195474636e-05, 8.84443725226e-05, 0.000106028506707, 0.000161191695952, 8.91761592356e-05, 3.66128151654e-05, 1.4643653401e-08],
        "dmean2": [0.00109591300134, 0.0157805513591, 0.00538858305663, 0.00428930623457, 0.00605745567009, 0.00274959369563, 0.00178981013596, 0.00150523800403, 0.00168861204293, 0.000675089249853, 0.000532558478881, 0.000445145415142, 0.00066725385841, 0.000500375113916, 0.000654388568364, 0.000277628685581, 0.000301274179947, 0.000322388310451, 0.000188475372852, 0.000236818159465, 0.000150563981151, 0.000141918033478, 0.000163142569363, 0.000235398081713, 0.000137534065288, 5.83822366025e-05, 2.09710453447e-08],
        "dvar": [1.05135495687e-06, 0.000200395079446, 2.71098251687e-05, 2.06430722756e-05, 3.68266810256e-05, 4.8432816584e-06, 2.57929855252e-06, 5.12506358064e-06, 2.70322493634e-06, 7.44250030493e-07, 2.90698068284e-07, 2.20816417595e-07, 3.61410116057e-07, 3.9117279016e-07, 3.84121278785e-07, 1.40931149417e-07, 2.00517348503e-07, 1.42334656061e-07, 3.67232999565e-08, 6.1009387764e-08, 2.70792952506e-08, 4.15115692931e-08, 8.80550814486e-08, 2.76136205457e-07, 4.20806536283e-08, 6.51179110633e-09, 7.03564200714e-14],
        "dvar2": [2.30948944591e-06, 0.000553595426027, 8.49857169669e-05, 5.43628302694e-05, 0.000101939556771, 1.22629280668e-05, 6.79692720951e-06, 1.36464122988e-05, 5.84917643209e-06, 1.7841701947e-06, 7.63888579058e-07, 5.17478781603e-07, 9.45178499023e-07, 8.40450525175e-07, 9.65899744187e-07, 3.41503749723e-07, 4.70883037451e-07, 2.99108535273e-07, 9.17756395324e-08, 1.56599682555e-07, 6.18800015673e-08, 1.00908366107e-07, 1.9689606745e-07, 4.89167518936e-07, 7.72166686147e-08, 1.4942434845e-08, 7.33765126567e-14],
        "max": [0.0125274052843, 0.111676007509, 0.0386272631586, 0.0433870330453, 0.0584065914154, 0.0254585407674, 0.023541547358, 0.0335829406977, 0.0268508251756, 0.0159131307155, 0.00945014506578, 0.00548537587747, 0.00795852951705, 0.00926028005779, 0.00716104917228, 0.00644677085802, 0.00932314433157, 0.00682611437514, 0.00305076199584, 0.00270980410278, 0.00222796085291, 0.00314056640491, 0.00586279202253, 0.0107607822865, 0.00346760894172, 0.00139156321529, 9.43879422266e-06],
        "mean": [0.00151187577285, 0.0174723491073, 0.00474939448759, 0.00478033395484, 0.0064828065224, 0.00384290912189, 0.00182351551484, 0.0015073872637, 0.00251843617298, 0.000825458846521, 0.000619425962213, 0.000402019679314, 0.000731694279239, 0.000480297865579, 0.000719396048225, 0.000285466987407, 0.000298098049825, 0.000400458666263, 0.000191913291928, 0.000241373665631, 0.000170658546267, 0.000148262261064, 0.000207034201594, 0.000355518248398, 0.000179964277777, 6.19937272859e-05, 1.20350192034e-08],
        "median": [0.00106214673724, 0.0127478372306, 0.00284407404251, 0.00286095449701, 0.00471639540046, 0.00273676821962, 0.00110297696665, 0.000482151139295, 0.00138517376035, 0.000236865322222, 0.000367483589798, 0.0002246152726, 0.000458416208858, 0.000155981033458, 0.000288071663817, 0.000122973913676, 0.000156838417752, 0.000247669551754, 0.000123333578813, 0.000145361860632, 8.85113477125e-05, 5.02735128975e-05, 7.75578591856e-05, 0.000129989522975, 6.45974141662e-05, 3.11048388539e-05, 8.84575246385e-10],
        "min": [1.76426738108e-06, 0.00028532743454, 5.24923743797e-05, 6.39220670564e-05, 0.000298990227748, 9.94166475721e-05, 3.43023784808e-05, 2.42025853368e-05, 5.78864346608e-05, 4.89655121783e-06, 2.33310493059e-06, 2.05553587875e-05, 2.18497589231e-05, 5.03154524267e-06, 8.59696410771e-06, 8.05519084679e-06, 4.41919291916e-06, 1.18418902275e-05, 1.35023637995e-05, 9.62926787906e-06, 8.96586152521e-06, 4.90922229801e-06, 3.11245662488e-06, 6.12297299085e-06, 2.13727517462e-07, 3.98889994813e-07, 1.12599565089e-11],
        "var": [2.53998791777e-06, 0.000244934257353, 2.94590536214e-05, 3.05079975078e-05, 4.09279382438e-05, 1.11955150714e-05, 4.6511072469e-06, 9.4063616416e-06, 1.25553233374e-05, 3.11768940264e-06, 9.73952523964e-07, 3.04383007688e-07, 8.12125790617e-07, 7.78885237196e-07, 1.14891031444e-06, 2.43654085352e-07, 3.05127002775e-07, 2.833218673e-07, 4.96217893442e-08, 8.14096594581e-08, 5.70201095229e-08, 1.00535714864e-07, 2.4914209007e-07, 9.33604439979e-07, 1.42316494589e-07, 1.25971419962e-08, 6.96435368142e-14]
    },
    "erbbands": {
        "dmean": [0.316532820463, 2.23463153839, 3.89302134514, 5.51696300507, 11.3641586304, 13.2936592102, 16.1667480469, 12.672709465, 12.849105835, 15.1002235413, 24.7210655212, 29.4582290649, 15.5845184326, 11.6723022461, 14.138718605, 9.97768497467, 16.2580928802, 13.9017190933, 20.7759990692, 12.1130771637, 8.94438552856, 9.63987636566, 12.7435922623, 6.19840335846, 5.95986938477, 7.26969671249, 4.50903320312, 3.39661169052, 3.27597141266, 2.8944106102, 3.20445823669, 3.34848833084, 2.75330233574, 1.31706786156, 0.519409120083, 0.199529260397, 0.0687256157398, 0.00596072524786, 0.000109271510155, 1.96741366381e-05],
        "dmean2": [0.500621676445, 3.78399848938, 6.70926809311, 8.66182994843, 19.1216030121, 21.7350101471, 26.1245555878, 19.3667755127, 20.8176498413, 23.3259353638, 39.1076698303, 45.6182823181, 23.4197540283, 19.5302715302, 23.4584541321, 16.2580127716, 27.5283813477, 22.018863678, 32.4912719727, 19.4023571014, 14.197760582, 15.0712356567, 19.3191680908, 9.95821094513, 9.69099903107, 12.2401924133, 7.23648309708, 5.34619903564, 5.21988344193, 4.61500120163, 4.87966966629, 4.91402292252, 4.03171157837, 1.99941623211, 0.834950745106, 0.318224102259, 0.109001234174, 0.00980248302221, 0.000175166773261, 3.09966271743e-05],
        "dvar": [0.194574862719, 11.9952840805, 40.5034255981, 67.3329696655, 568.563110352, 347.05065918, 530.444763184, 259.655456543, 307.107147217, 589.496154785, 3728.31884766, 1979.43786621, 809.569152832, 597.837402344, 657.08972168, 210.201522827, 578.66217041, 627.683654785, 1135.63830566, 477.848052979, 423.980010986, 556.81262207, 555.364624023, 148.46182251, 89.2877349854, 198.632354736, 59.9258308411, 41.2997436523, 60.8183670044, 51.4731521606, 78.5073318481, 121.578742981, 79.0993804932, 13.2361831665, 1.0890506506, 0.209365844727, 0.0229431148618, 0.000247365562245, 7.01792046698e-08, 5.76538761177e-10],
        "dvar2": [0.522814929485, 34.2820625305, 126.454566956, 171.344802856, 1553.21044922, 938.729003906, 1408.70605469, 644.774902344, 781.389648438, 1451.39868164, 9874.94042969, 4423.86376953, 1784.39135742, 1633.08654785, 1987.6739502, 534.132385254, 1465.28735352, 1447.88598633, 2729.51416016, 1134.6229248, 1019.39483643, 1242.91894531, 1104.65649414, 352.25769043, 229.356063843, 510.129699707, 147.300247192, 95.7456817627, 148.804397583, 122.096748352, 177.734222412, 232.248306274, 139.918563843, 24.6928443909, 2.42962145805, 0.495364546776, 0.0511638559401, 0.00061192974681, 1.62657812552e-07, 1.39590494719e-09],
        "max": [3.56155586243, 28.2537956238, 52.6923446655, 79.2219619751, 247.416061401, 230.620162964, 222.763870239, 157.332489014, 171.449707031, 369.664459229, 925.42565918, 764.338378906, 488.22668457, 599.935180664, 464.094909668, 217.033233643, 310.043487549, 444.135314941, 428.149505615, 467.077087402, 438.284606934, 456.780853271, 408.942749023, 237.567672729, 99.3451461792, 189.768936157, 102.073661804, 129.566940308, 129.869491577, 143.553573608, 168.92980957, 273.182769775, 204.746078491, 64.8724441528, 13.7079553604, 8.44891357422, 3.37391543388, 0.273090183735, 0.00435190927237, 0.000290969008347],
        "mean": [0.529726028442, 3.68472671509, 6.71946001053, 11.0313825607, 18.4969654083, 23.235956192, 30.4021930695, 27.6371574402, 23.0311412811, 25.0625915527, 42.4215049744, 67.1196060181, 34.5004386902, 22.1012229919, 28.8400554657, 17.4355926514, 32.2837295532, 26.7206745148, 44.5257530212, 20.6250743866, 15.813454628, 16.4240989685, 23.9272594452, 11.9002361298, 10.3002223969, 12.1848573685, 8.25215435028, 6.08367919922, 5.19115924835, 5.15994310379, 6.19487428665, 7.0836057663, 5.86652421951, 2.64852523804, 0.960579037666, 0.333286046982, 0.111718349159, 0.00879113003612, 0.000201702277991, 7.01668323018e-05],
        "median": [0.35545656085, 2.63868165016, 4.54268217087, 7.01559782028, 12.9073820114, 16.2444038391, 18.1066379547, 21.4886169434, 16.2385463715, 14.8751153946, 14.9006462097, 39.0937004089, 14.2890310287, 10.5506763458, 15.9720478058, 10.957868576, 20.6742095947, 13.0450124741, 16.1506233215, 11.4160871506, 8.14560222626, 9.36307811737, 13.869600296, 8.1329536438, 6.7047958374, 7.20320749283, 4.71775531769, 2.7405397892, 1.78201627731, 1.97721862793, 2.21141910553, 2.41221094131, 2.03328084946, 0.875345349312, 0.383556157351, 0.181998386979, 0.051699783653, 0.00300320610404, 9.39032470342e-05, 6.05444583925e-05],
        "min": [0.00344939436764, 0.0731536746025, 0.134039416909, 0.361494630575, 0.333828687668, 1.07323682308, 0.838165163994, 0.867445290089, 0.885729968548, 0.6306656003, 0.9571185112, 1.60012412071, 0.464342355728, 1.01166129112, 0.556663095951, 1.2213947773, 1.32994949818, 0.523852348328, 0.500451743603, 0.41468295455, 0.298662811518, 0.327504396439, 0.724555850029, 0.709398984909, 0.625589728355, 0.615791141987, 0.469712853432, 0.27152132988, 0.103022538126, 0.105002902448, 0.0764089375734, 0.114933341742, 0.0854033380747, 0.0151809975505, 0.000836774765048, 0.000504148832988, 0.000321970350342, 2.91489213851e-05, 1.62780706887e-05, 1.61317020684e-05],
        "var": [0.283446758986, 12.5570516586, 45.699546814, 125.762580872, 499.500061035, 546.585449219, 992.701965332, 545.053527832, 462.945953369, 1107.2578125, 7048.40234375, 8720.16992188, 3621.63574219, 1636.16625977, 2469.65283203, 338.491516113, 1420.21655273, 1393.9395752, 4628.03076172, 779.544006348, 725.928710938, 874.667236328, 1139.61254883, 208.453094482, 123.917823792, 243.15612793, 110.999053955, 106.274024963, 125.630874634, 121.988059998, 235.90625, 382.763183594, 258.072418213, 42.0583229065, 2.94891476631, 0.303336232901, 0.0550466999412, 0.000587883812841, 1.78188273026e-07, 1.28947408307e-09]
    },
    "gfcc": {
        "mean": [52.2990150452, 97.0670928955, -92.2579116821, 37.0069351196, -57.1979217529, 24.2681732178, -43.1422386169, 18.0631752014, -27.0195522308, 7.62139129639, -13.6719732285, -0.764699280262, -11.2398910522],
        "cov": [[682.88104248, -302.891876221, -93.231010437, 30.0462036133, -94.1379623413, 52.2904052734, -18.4724197388, -28.9874801636, 12.7379817963, 0.11050183326, -58.6664581299, -5.78850364685, -28.7829666138], [-302.891876221, 457.591033936, -88.1088485718, -95.8530883789, 140.304321289, -86.3301239014, 45.7254905701, 3.67837786674, 27.1234436035, -0.33908188343, 24.9898662567, -19.8703613281, 6.97190284729], [-93.231010437, -88.1088485718, 330.891204834, 61.8645820618, -54.570274353, 29.0063705444, -26.7244796753, 5.46768426895, -28.0906848907, 7.36556339264, 33.094127655, 28.7903175354, 13.3351192474], [30.0462036133, -95.8530883789, 61.8645820618, 227.895782471, -16.5828876495, -15.4565486908, -31.8878040314, -9.38293838501, 6.89086294174, -32.6396865845, 21.6012554169, 2.68665528297, 32.8586425781], [-94.1379623413, 140.304321289, -54.570274353, -16.5828876495, 169.838851929, -26.9040584564, 18.8028507233, 30.2092113495, 11.5858955383, -1.34472668171, -7.51166296005, 3.25723767281, 4.12087011337], [52.2904052734, -86.3301239014, 29.0063705444, -15.4565486908, -26.9040584564, 118.73966217, 31.0749511719, -6.75746631622, 6.67840051651, 4.96174287796, 2.32605099678, -17.6339893341, -4.24099159241], [-18.4724197388, 45.7254905701, -26.7244796753, -31.8878040314, 18.8028507233, 31.0749511719, 93.8860931396, 13.6978807449, 14.6757946014, 12.5469655991, 1.73148918152, -2.96523118019, -11.9867782593], [-28.9874801636, 3.67837786674, 5.46768426895, -9.38293838501, 30.2092113495, -6.75746631622, 13.6978807449, 81.2262649536, 27.1907711029, 1.13110733032, 7.19610595703, -0.761053323746, 8.40687084198], [12.7379817963, 27.1234436035, -28.0906848907, 6.89086294174, 11.5858955383, 6.67840051651, 14.6757946014, 27.1907711029, 84.4850921631, 8.54547595978, -6.40448570251, -7.97357463837, 1.45472574234], [0.11050183326, -0.33908188343, 7.36556339264, -32.6396865845, -1.34472668171, 4.96174287796, 12.5469655991, 1.13110733032, 8.54547595978, 66.0117797852, 5.44902801514, -0.494292259216, -1.79957795143], [-58.6664581299, 24.9898662567, 33.094127655, 21.6012554169, -7.51166296005, 2.32605099678, 1.73148918152, 7.19610595703, -6.40448570251, 5.44902801514, 71.3526763916, 15.1042394638, 7.80961179733], [-5.78850364685, -19.8703613281, 28.7903175354, 2.68665528297, 3.25723767281, -17.6339893341, -2.96523118019, -0.761053323746, -7.97357463837, -0.494292259216, 15.1042394638, 66.7300643921, 6.4507651329], [-28.7829666138, 6.97190284729, 13.3351192474, 32.8586425781, 4.12087011337, -4.24099159241, -11.9867782593, 8.40687084198, 1.45472574234, -1.79957795143, 7.80961179733, 6.4507651329, 49.058429718]],
        "icov": [[0.00262428936549, 0.00204565515742, 0.00101311679464, 0.000185589902685, 7.27995793568e-05, 0.000321106548654, -0.000188921985682, 0.00106181483716, -0.00103060610127, 7.88388788351e-05, 0.000616227509454, 0.000161339106853, 0.000556948769372], [0.00204565515742, 0.00923025328666, -0.00041945229168, 0.00536317005754, -0.00544167961925, 0.00814835354686, -0.00500826956704, 0.007326324936, -0.00542034767568, 0.00397534715012, -0.00608335342258, 0.00636163912714, -0.00446891831234], [0.00101311679464, -0.00041945229168, 0.00464790593833, -0.00200235284865, 0.00185623206198, -0.00277485558763, 0.00193457375281, -0.0022804075852, 0.00201033893973, -0.00189465843141, 0.000667135056574, -0.00277899135835, 0.00132952793501], [0.000185589902685, 0.00536317005754, -0.00200235284865, 0.00976178981364, -0.00361919007264, 0.00658856146038, -0.00279684644192, 0.00645422935486, -0.00527385063469, 0.00598131958395, -0.00625887513161, 0.00544962659478, -0.00690758042037], [7.27995793568e-05, -0.00544167961925, 0.00185623206198, -0.00361919007264, 0.0110327480361, -0.0041908971034, 0.00205790181644, -0.0070264460519, 0.00352892838418, -0.00262347632088, 0.00543155614287, -0.00499645015225, 0.00274490262382], [0.000321106548654, 0.00814835354686, -0.00277485558763, 0.00658856146038, -0.0041908971034, 0.0192770306021, -0.00930913537741, 0.00886422861367, -0.00633752346039, 0.00503091467544, -0.00741553725675, 0.00992580316961, -0.00615555886179], [-0.000188921985682, -0.00500826956704, 0.00193457375281, -0.00279684644192, 0.00205790181644, -0.00930913537741, 0.017070248723, -0.00634043151513, 0.00213335920125, -0.00443392060697, 0.00325207528658, -0.00521451188251, 0.00617019180208], [0.00106181483716, 0.007326324936, -0.0022804075852, 0.00645422935486, -0.0070264460519, 0.00886422861367, -0.00634043151513, 0.0224584843963, -0.0099940430373, 0.00527287460864, -0.00769531913102, 0.00695592723787, -0.0073624192737], [-0.00103060610127, -0.00542034767568, 0.00201033893973, -0.00527385063469, 0.00352892838418, -0.00633752346039, 0.00213335920125, -0.0099940430373, 0.0182560291141, -0.00531400367618, 0.00570715079084, -0.00370141887106, 0.00338304089382], [7.88388788351e-05, 0.00397534715012, -0.00189465843141, 0.00598131958395, -0.00262347632088, 0.00503091467544, -0.00443392060697, 0.00527287460864, -0.00531400367618, 0.0197244305164, -0.00555546255782, 0.00425624428317, -0.00413573672995], [0.000616227509454, -0.00608335342258, 0.000667135056574, -0.00625887513161, 0.00543155614287, -0.00741553725675, 0.00325207528658, -0.00769531913102, 0.00570715079084, -0.00555546255782, 0.0221373923123, -0.00866973865777, 0.00349576817825], [0.000161339106853, 0.00636163912714, -0.00277899135835, 0.00544962659478, -0.00499645015225, 0.00992580316961, -0.00521451188251, 0.00695592723787, -0.00370141887106, 0.00425624428317, -0.00866973865777, 0.0227426625788, -0.00623689265922], [0.000556948769372, -0.00446891831234, 0.00132952793501, -0.00690758042037, 0.00274490262382, -0.00615555886179, 0.00617019180208, -0.0073624192737, 0.00338304089382, -0.00413573672995, 0.00349576817825, -0.00623689265922, 0.027629064396]]
    },
    "melbands": {
        "dmean": [0.00264587113634, 0.00226455321535, 0.00110871833749, 0.000857830338646, 0.000523572147358, 0.000288828479825, 0.000209419114981, 0.000155539630214, 0.000197333836695, 0.000194900203496, 7.80095360824e-05, 4.95276945003e-05, 4.2991774535e-05, 3.4717930248e-05, 2.46014096774e-05, 4.74195512652e-05, 2.61116983893e-05, 3.56553391612e-05, 2.65049366135e-05, 1.42177250382e-05, 1.06546622192e-05, 1.02703852463e-05, 1.24623556985e-05, 1.00627175925e-05, 5.09216852151e-06, 4.68107509732e-06, 4.4122843974e-06, 5.247223271e-06, 3.03495107801e-06, 2.41669840761e-06, 2.0055827008e-06, 2.0892205157e-06, 1.61345633387e-06, 1.70974169578e-06, 1.87846183053e-06, 2.20829565478e-06, 2.19509638555e-06, 2.17186197915e-06, 1.594444484e-06, 1.07328548893e-06],
        "dmean2": [0.00430917460471, 0.00387394172139, 0.0017776027089, 0.00142232689541, 0.000853678327985, 0.000444378936663, 0.000341069855494, 0.00023864475952, 0.000311308307573, 0.000298859580653, 0.0001162194676, 8.30062708701e-05, 7.05088750692e-05, 5.69824551349e-05, 3.98101656174e-05, 7.86191812949e-05, 4.06229919463e-05, 5.48745701963e-05, 4.17822957388e-05, 2.19679150177e-05, 1.71165011125e-05, 1.61656498676e-05, 1.94064705283e-05, 1.60712206707e-05, 8.20656350697e-06, 7.63684965932e-06, 7.37933851269e-06, 8.8438127932e-06, 4.96179291076e-06, 3.88718217437e-06, 3.15704187415e-06, 3.39381222147e-06, 2.63964739133e-06, 2.6969528335e-06, 2.95573704534e-06, 3.47047694049e-06, 3.22539904118e-06, 3.24300549437e-06, 2.41804787038e-06, 1.6837180965e-06],
        "dvar": [1.45799385791e-05, 1.19812084449e-05, 3.45805915458e-06, 2.14917372432e-06, 4.96195070809e-07, 1.30057003389e-07, 8.04295723356e-08, 5.49872041233e-08, 2.19702428694e-07, 9.13210769227e-08, 2.07330206337e-08, 1.12446674194e-08, 5.65386182316e-09, 3.36172467641e-09, 1.22397691982e-09, 5.11795050784e-09, 2.6190321023e-09, 3.72727049225e-09, 1.76465830837e-09, 7.59173224285e-10, 6.81832479366e-10, 6.24372886726e-10, 7.04798941431e-10, 3.417090777e-10, 9.66550867121e-11, 6.03976799129e-11, 4.89997348252e-11, 1.1516728543e-10, 2.89610072035e-11, 1.86881395775e-11, 1.74250683327e-11, 2.44288200779e-11, 1.5769462125e-11, 1.80572987118e-11, 2.53405386952e-11, 4.88805662613e-11, 4.95770924314e-11, 5.07056063803e-11, 2.23246265224e-11, 8.08954726123e-12],
        "dvar2": [3.93119371438e-05, 3.57863027602e-05, 9.14506927074e-06, 5.87432896282e-06, 1.33822493353e-06, 3.22821364307e-07, 2.09220587521e-07, 1.36645795124e-07, 5.74873183723e-07, 2.01603398864e-07, 4.49674146807e-08, 3.11119627838e-08, 1.56579886834e-08, 8.80368311584e-09, 2.9077706909e-09, 1.37849820447e-08, 5.54439072431e-09, 8.22555179525e-09, 4.26963708833e-09, 1.72549219357e-09, 1.67362046444e-09, 1.44751466369e-09, 1.43635736638e-09, 7.18630710494e-10, 2.27294044697e-10, 1.49381257364e-10, 1.26291241354e-10, 2.97171481867e-10, 7.3828165803e-11, 4.39300505695e-11, 4.06330594172e-11, 6.19412368619e-11, 3.83974067819e-11, 4.33837514524e-11, 6.07822472909e-11, 1.08272578403e-10, 8.96785493087e-11, 9.17033740611e-11, 4.41048725319e-11, 1.5812020096e-11],
        "max": [0.0321106240153, 0.0312162097543, 0.0192686766386, 0.0138962604105, 0.0068843937479, 0.00366505142301, 0.00312012550421, 0.0032314050477, 0.00720071047544, 0.00497488724068, 0.00238940143026, 0.00261050579138, 0.00139674928505, 0.000634131312836, 0.000557358958758, 0.000921287050005, 0.000977635500021, 0.000751842337195, 0.000599798746407, 0.000521063513588, 0.000652693735901, 0.00054987805197, 0.000520367582794, 0.000265658920398, 0.00019352119125, 0.000103397884232, 9.6099160146e-05, 0.000151294967509, 7.99565168563e-05, 6.14445307292e-05, 9.50803296291e-05, 8.19897759357e-05, 7.12132969056e-05, 8.66743648658e-05, 9.2034752015e-05, 0.000124336074805, 0.000177531532245, 0.000162615717272, 9.40399622777e-05, 5.24045135535e-05],
        "mean": [0.00481201149523, 0.00412685517222, 0.00215233420022, 0.00151083664969, 0.00103080901317, 0.000634899071883, 0.000373267394025, 0.000262460962404, 0.000336514698574, 0.000432329368778, 0.000160415656865, 8.62573360791e-05, 8.60972504597e-05, 5.95755154791e-05, 4.00677599828e-05, 8.47214687383e-05, 4.23126402893e-05, 7.19390955055e-05, 4.1255945689e-05, 2.2521981009e-05, 1.70762978087e-05, 1.60712497745e-05, 2.15361142182e-05, 1.84038526641e-05, 8.54459631228e-06, 7.45640681998e-06, 7.23641460354e-06, 8.31667784951e-06, 5.20329604115e-06, 4.17784804085e-06, 3.36072025675e-06, 3.05617459162e-06, 2.60106139649e-06, 2.93687662634e-06, 3.39204075317e-06, 4.00863928007e-06, 4.49226126875e-06, 4.46410194854e-06, 3.11271492137e-06, 1.93176015273e-06],
        "median": [0.00352736446075, 0.00313054118305, 0.00149223371409, 0.00109022681136, 0.000698724528775, 0.000484133925056, 0.000252097728662, 0.000152814609464, 0.00011051898764, 0.000233402315644, 5.82742468396e-05, 3.46127380908e-05, 4.57399364677e-05, 3.672807361e-05, 2.5903864298e-05, 5.39770553587e-05, 1.57707290782e-05, 2.31646990869e-05, 1.85213739314e-05, 9.79589549388e-06, 8.55536927702e-06, 8.87374881131e-06, 1.13333016998e-05, 1.09355050881e-05, 5.32428839506e-06, 4.47655065727e-06, 4.53421262137e-06, 4.50597462986e-06, 2.6897907901e-06, 2.12778422792e-06, 1.29189800191e-06, 9.97112010737e-07, 9.13878579922e-07, 1.14025192488e-06, 1.23583265577e-06, 1.29629961521e-06, 1.48404330957e-06, 1.48539584188e-06, 1.01219643511e-06, 6.02961051754e-07],
        "min": [5.29259996256e-05, 8.50409851409e-05, 6.19997590547e-05, 6.60676450934e-05, 3.76970274374e-05, 1.21305583889e-05, 1.09110005724e-05, 5.33626189281e-06, 5.69988606003e-06, 7.39833558328e-06, 2.08214351005e-06, 1.09523023184e-06, 9.6656833648e-07, 3.19530499837e-06, 1.56741248247e-06, 1.89002503248e-06, 8.28111637929e-07, 7.08791162651e-07, 5.02596378738e-07, 4.60453634332e-07, 2.260396883e-07, 2.04932135262e-07, 3.84476095405e-07, 6.33810088857e-07, 3.16766630704e-07, 3.60190568927e-07, 2.99049816022e-07, 3.13573849553e-07, 1.67537180573e-07, 2.29003973118e-07, 8.47727932296e-08, 7.18182917581e-08, 3.54323255181e-08, 2.62100297022e-08, 2.82760694859e-08, 5.14488762704e-09, 4.11036964465e-08, 7.60986580417e-08, 6.68343769217e-10, 9.38909158754e-11],
