{
"highlevel": {
    "danceability": {
        "all": {
            "danceable": 0.999555408955,
            "not_danceable": 0.000444601784693
        },
        "probability": 0.999555408955,
        "value": "danceable"
    },
    "gender": {
        "all": {
            "female": 0.7835111022,
            "male": 0.216488912702
        },
        "probability": 0.7835111022,
        "value": "female"
    },
    "genre_dortmund": {
        "all": {
            "alternative": 0.011985800229,
            "blues": 0.0037708368618,
            "electronic": 0.135062128305,
            "folkcountry": 0.0138171473518,
            "funksoulrnb": 0.0059920810163,
            "jazz": 0.0120040113106,
            "pop": 0.0338389314711,
            "raphiphop": 0.775206506252,
            "rock": 0.0083225434646
        },
        "probability": 0.775206506252,
        "value": "raphiphop"
    },
    "genre_electronic": {
        "all": {
            "ambient": 0.251634329557,
            "dnb": 0.225871250033,
            "house": 0.3421882689,
            "techno": 0.0445850044489,
            "trance": 0.13572114706
        },
        "probability": 0.3421882689,
        "value": "house"
    },
    "genre_rosamerica": {
        "all": {
            "cla": 0.0142521113157,
            "dan": 0.129559889436,
            "hip": 0.208905056119,
            "jaz": 0.0146473823115,
            "pop": 0.132989183068,
            "rhy": 0.454981535673,
            "roc": 0.0258469153196,
            "spe": 0.0188179276884
        },
        "probability": 0.454981535673,
        "value": "rhy"
    },
    "genre_tzanetakis": {
        "all": {
            "blu": 0.0626613423228,
            "cla": 0.0348169617355,
            "cou": 0.104475811124,
            "dis": 0.0784321576357,
            "hip": 0.15692435205,
            "jaz": 0.313974827528,
            "met": 0.0448166541755,
            "pop": 0.0627359300852,
            "reg": 0.0627360641956,
            "roc": 0.0784258767962
        },
        "probability": 0.313974827528,
        "value": "jaz"
    },
    "ismir04_rhythm": {
        "all": {
            "ChaChaCha": 0.175871178508,
            "Jive": 0.0561024025083,
            "Quickstep": 0.0364962443709,
            "Rumba-American": 0.0158741027117,
            "Rumba-International": 0.282685369253,
            "Rumba-Misc": 0.0413565114141,
            "Samba": 0.176404386759,
            "Tango": 0.102816462517,
            "VienneseWaltz": 0.0972382500768,
            "Waltz": 0.0151550825685
        },
        "probability": 0.282685369253,
        "value": "Rumba-International"
    },
    "mood_acoustic": {
        "all": {
            "acoustic": 0.0324964225292,
            "not_acoustic": 0.967503547668
        },
        "probability": 0.967503547668,
        "value": "not_acoustic"
    },
    "mood_aggressive": {
        "all": {
            "aggressive": 0.00693915225565,
            "not_aggressive": 0.993060827255
        },
        "probability": 0.993060827255,
        "value": "not_aggressive"
    },
    "mood_electronic": {
        "all": {
            "electronic": 0.881783306599,
            "not_electronic": 0.118216723204
        },
        "probability": 0.881783306599,
        "value": "electronic"
    },
    "mood_happy": {
        "all": {
            "happy": 0.0919677615166,
            "not_happy": 0.908032238483
        },
        "probability": 0.908032238483,
        "value": "not_happy"
    },
    "mood_party": {
        "all": {
            "not_party": 0.660608053207,
            "party": 0.339391946793
        },
        "probability": 0.660608053207,
        "value": "not_party"
    },
    "mood_relaxed": {
        "all": {
            "not_relaxed": 0.64084815979,
            "relaxed": 0.359151870012
        },
        "probability": 0.64084815979,
        "value": "not_relaxed"
    },
    "mood_sad": {
        "all": {
            "not_sad": 0.807482838631,
            "sad": 0.192517146468
        },
        "probability": 0.807482838631,
        "value": "not_sad"
    },
    "moods_mirex": {
        "all": {
            "Cluster1": 0.219297856092,
            "Cluster2": 0.310563266277,
            "Cluster3": 0.117075555027,
            "Cluster4": 0.130315586925,
            "Cluster5": 0.22274774313
        },
        "probability": 0.310563266277,
        "value": "Cluster2"
    },
    "timbre": {
        "all": {
            "bright": 0.60608112812,
            "dark": 0.39391887188
        },
        "probability": 0.60608112812,
        "value": "bright"
    },
    "tonal_atonal": {
        "all": {
            "atonal": 0.902678906918,
            "tonal": 0.0973210856318
        },
        "probability": 0.902678906918,
        "value": "atonal"
    },
    "voice_instrumental": {
        "all": {
            "instrumental": 0.00529455812648,
            "voice": 0.994705438614
        },
        "probability": 0.994705438614,
        "value": "voice"
    }
},
"lowlevel": {
    "average_loudness": 0.915449440479,
    "barkbands_crest": {
        "dmean": 2.70360159874,
        "dmean2": 4.24340820312,
        "dvar": 7.16912984848,
        "dvar2": 16.8257141113,
        "max": 25.2419662476,
        "mean": 12.4711418152,
        "median": 11.8889884949,
        "min": 2.50040698051,
        "var": 25.7477493286
    },
    "barkbands_flatness_db": {
        "dmean": 0.0362814068794,
        "dmean2": 0.051268465817,
        "dvar": 0.00114855985157,
        "dvar2": 0.00221901596524,
        "max": 0.499669134617,
        "mean": 0.215514361858,
        "median": 0.207274124026,
        "min": 0.0482240580022,
        "var": 0.00617893785238
    },
    "barkbands_kurtosis": {
        "dmean": 11.2296962738,
        "dmean2": 17.8051986694,
        "dvar": 503.240966797,
        "dvar2": 1083.13769531,
        "max": 356.117767334,
        "mean": 15.4979400635,
        "median": 4.6727104187,
        "min": -1.88977181911,
        "var": 960.782165527
    },
    "barkbands_skewness": {
        "dmean": 1.0675495863,
        "dmean2": 1.6340239048,
        "dvar": 1.41295480728,
        "dvar2": 3.04208922386,
        "max": 13.9657564163,
        "mean": 2.56263518333,
        "median": 1.99358475208,
        "min": -5.44015550613,
        "var": 4.60117149353
    },
    "barkbands_spread": {
        "dmean": 9.7838716507,
        "dmean2": 16.2227897644,
        "dvar": 196.463592529,
        "dvar2": 492.618225098,
        "max": 114.892547607,
        "mean": 16.7329730988,
        "median": 11.7190361023,
        "min": 0.289840340614,
        "var": 275.760528564
    },
    "dissonance": {
        "dmean": 0.039333127439,
        "dmean2": 0.0643872916698,
        "dvar": 0.00113342748955,
        "dvar2": 0.00303121260367,
        "max": 0.498073607683,
        "mean": 0.42705693841,
        "median": 0.437704354525,
        "min": 0.203466907144,
        "var": 0.00245539937168
    },
    "dynamic_complexity": 2.43891596794,
    "erbbands_crest": {
        "dmean": 3.65151906013,
        "dmean2": 6.01240062714,
        "dvar": 10.5031328201,
        "dvar2": 24.5525550842,
        "max": 28.9309501648,
        "mean": 10.8712892532,
        "median": 9.86081886292,
        "min": 3.38551807404,
        "var": 23.5215682983
    },
    "erbbands_flatness_db": {
        "dmean": 0.0290789734572,
        "dmean2": 0.044056840241,
        "dvar": 0.000620815844741,
        "dvar2": 0.00145685917232,
        "max": 0.312335133553,
        "mean": 0.178330302238,
        "median": 0.179774418473,
        "min": 0.0604831166565,
        "var": 0.00179332552943
    },
    "erbbands_kurtosis": {
        "dmean": 1.93970012665,
        "dmean2": 3.20150518417,
        "dvar": 9.14611911774,
        "dvar2": 24.7384986877,
        "max": 43.0670204163,
        "mean": 1.48778820038,
        "median": 0.494120359421,
        "min": -1.85665094852,
        "var": 12.031126976
    },
    "erbbands_skewness": {
        "dmean": 0.647769510746,
        "dmean2": 1.04181933403,
        "dvar": 0.519188761711,
        "dvar2": 1.30731880665,
        "max": 5.71120643616,
        "mean": 0.588264167309,
        "median": 0.552334547043,
        "min": -4.81079149246,
        "var": 0.928185462952
    },
    "erbbands_spread": {
        "dmean": 17.0070972443,
        "dmean2": 28.4195575714,
        "dvar": 437.901763916,
        "dvar2": 1151.16638184,
        "max": 161.993423462,
        "mean": 37.0388298035,
        "median": 31.1921539307,
        "min": 4.40845775604,
        "var": 573.806152344
    },
    "hfc": {
        "dmean": 14.1374893188,
        "dmean2": 23.2814998627,
        "dvar": 381.449462891,
        "dvar2": 939.784667969,
        "max": 178.395019531,
        "mean": 22.0107746124,
        "median": 15.8600406647,
        "min": 0.406307429075,
        "var": 485.148101807
    },
    "melbands_crest": {
        "dmean": 3.62960362434,
        "dmean2": 5.57468938828,
        "dvar": 12.7010707855,
        "dvar2": 28.7231502533,
        "max": 38.5686149597,
        "mean": 22.545841217,
        "median": 22.6240978241,
        "min": 4.10640668869,
        "var": 92.0519332886
    },
    "melbands_flatness_db": {
        "dmean": 0.0459337867796,
        "dmean2": 0.0629987195134,
        "dvar": 0.00178977509495,
        "dvar2": 0.00336951203644,
        "max": 0.636653900146,
        "mean": 0.27871543169,
        "median": 0.271781802177,
        "min": 0.0500121749938,
        "var": 0.0116777382791
    },
    "melbands_kurtosis": {
        "dmean": 26.4662895203,
        "dmean2": 42.0187759399,
        "dvar": 4075.5703125,
        "dvar2": 8832.35253906,
        "max": 1114.55456543,
        "mean": 36.5270843506,
        "median": 11.1258802414,
        "min": -1.6940382719,
        "var": 6220.13574219
    },
    "melbands_skewness": {
        "dmean": 1.49251663685,
        "dmean2": 2.29123926163,
        "dvar": 3.64341664314,
        "dvar2": 7.52055454254,
        "max": 26.2440261841,
        "mean": 3.82715153694,
        "median": 2.86238503456,
        "min": -1.17663407326,
        "var": 9.94506549835
    },
    "melbands_spread": {
        "dmean": 11.4708528519,
        "dmean2": 19.082195282,
        "dvar": 612.71673584,
        "dvar2": 1668.51513672,
        "max": 236.959381104,
        "mean": 17.9545726776,
        "median": 11.8461580276,
        "min": 0.259957700968,
        "var": 595.615112305
    },
    "pitch_salience": {
        "dmean": 0.0859631896019,
        "dmean2": 0.135045155883,
        "dvar": 0.00724940234795,
        "dvar2": 0.0168610811234,
        "max": 0.860804796219,
        "mean": 0.435925781727,
        "median": 0.420330792665,
        "min": 0.0648689642549,
        "var": 0.0369743220508
    },
    "silence_rate_20dB": {
        "dmean": 0.00464396271855,
        "dmean2": 0.00929511990398,
        "dvar": 0.0046223141253,
        "dvar2": 0.0138562405482,
        "max": 1,
        "mean": 0.997679829597,
        "median": 1,
        "min": 0,
        "var": 0.00231482763775
    },
    "silence_rate_30dB": {
        "dmean": 0.078947365284,
        "dmean2": 0.158017039299,
        "dvar": 0.0727150216699,
        "dvar2": 0.160932078958,
        "max": 1,
        "mean": 0.730085074902,
        "median": 1,
        "min": 0,
        "var": 0.197063043714
    },
    "silence_rate_60dB": {
        "dmean": 0.0208978336304,
        "dmean2": 0.0418280400336,
        "dvar": 0.0204611588269,
        "dvar2": 0.0447266586125,
        "max": 1,
        "mean": 0.0332559943199,
        "median": 0,
        "min": 0,
        "var": 0.0321502014995
    },
    "spectral_centroid": {
        "dmean": 389.155517578,
        "dmean2": 616.478820801,
        "dvar": 358307.0625,
        "dvar2": 893469.0625,
        "max": 7301.72705078,
        "mean": 1042.61328125,
        "median": 918.444641113,
        "min": 117.622108459,
        "var": 470592.4375
    },
    "spectral_complexity": {
        "dmean": 3.50387001038,
        "dmean2": 4.92099142075,
        "dvar": 23.3583946228,
        "dvar2": 33.3245429993,
        "max": 57,
        "mean": 12.9675178528,
        "median": 12,
        "min": 1,
        "var": 58.0624160767
    },
    "spectral_decrease": {
        "dmean": 5.11276576631e-09,
        "dmean2": 7.98591681672e-09,
        "dvar": 9.25336246319e-17,
        "dvar2": 2.01353641432e-16,
        "max": -1.42017897442e-10,
        "mean": -1.74166441269e-08,
        "median": -1.20731904474e-08,
        "min": -9.5214126361e-08,
        "var": 2.88188110757e-16
    },
    "spectral_energy": {
        "dmean": 0.0199982188642,
        "dmean2": 0.0312375873327,
        "dvar": 0.00133775104769,
        "dvar2": 0.00289398408495,
        "max": 0.361826658249,
        "mean": 0.0677309185266,
        "median": 0.0490597486496,
        "min": 0.000850123236887,
        "var": 0.00416548317298
    },
    "spectral_energyband_high": {
        "dmean": 0.00126879150048,
        "dmean2": 0.00227544200607,
        "dvar": 5.01262456964e-06,
        "dvar2": 1.40520014611e-05,
        "max": 0.0184454265982,
        "mean": 0.00102582981344,
        "median": 0.000202264898689,
        "min": 7.19811268368e-08,
        "var": 4.25324697062e-06
    },
    "spectral_energyband_low": {
        "dmean": 0.0150100942701,
        "dmean2": 0.0229189861566,
        "dvar": 0.00121039617807,
        "dvar2": 0.00274449656717,
        "max": 0.343960493803,
        "mean": 0.0492933504283,
        "median": 0.0249703172594,
        "min": 1.93381420104e-05,
        "var": 0.00366625958122
    },
    "spectral_energyband_middle_high": {
        "dmean": 0.00289833475836,
        "dmean2": 0.00394446728751,
        "dvar": 1.89387938008e-05,
        "dvar2": 3.05115536321e-05,
        "max": 0.0504287853837,
        "mean": 0.00504258461297,
        "median": 0.00293640699238,
        "min": 3.76044481527e-05,
        "var": 4.20651122113e-05
    },
    "spectral_energyband_middle_low": {
        "dmean": 0.00807311944664,
        "dmean2": 0.0130484094843,
        "dvar": 0.000292612210615,
        "dvar2": 0.000793209124822,
        "max": 0.183653473854,
        "mean": 0.0121503649279,
        "median": 0.00817087385803,
        "min": 0.000273044308415,
        "var": 0.000258955318714
    },
    "spectral_entropy": {
        "dmean": 0.361150026321,
        "dmean2": 0.553986668587,
        "dvar": 0.130062967539,
        "dvar2": 0.299999177456,
        "max": 8.83232021332,
        "mean": 7.3270072937,
        "median": 7.24713182449,
        "min": 5.5769443512,
        "var": 0.317877590656
    },
    "spectral_flux": {
        "dmean": 0.0401290357113,
        "dmean2": 0.0623204931617,
        "dvar": 0.00271251262166,
        "dvar2": 0.00511300237849,
        "max": 0.559020519257,
        "mean": 0.112150073051,
        "median": 0.0947739332914,
        "min": 0.0115038659424,
        "var": 0.00627179211006
    },
    "spectral_kurtosis": {
        "dmean": 3.48751783371,
        "dmean2": 5.67905664444,
        "dvar": 15.7745275497,
        "dvar2": 39.6260032654,
        "max": 66.6019134521,
        "mean": 5.42445325851,
        "median": 4.4031124115,
        "min": -1.17385208607,
        "var": 26.5018215179
    },
    "spectral_rms": {
        "dmean": 0.00116483378224,
        "dmean2": 0.0017282764893,
        "dvar": 2.45623459705e-06,
        "dvar2": 4.57332134829e-06,
        "max": 0.0187883377075,
        "mean": 0.0071861888282,
        "median": 0.00691832136363,
        "min": 0.000910707691219,
        "var": 1.4437572645e-05
    },
    "spectral_rolloff": {
        "dmean": 864.130615234,
        "dmean2": 1538.81506348,
        "dvar": 3273484.25,
        "dvar2": 8778624,
        "max": 12295.4589844,
        "mean": 1183.02856445,
        "median": 538.330078125,
        "min": 43.06640625,
        "var": 3662384.25
    },
    "spectral_skewness": {
        "dmean": 0.525061368942,
        "dmean2": 0.831904292107,
        "dvar": 0.262597590685,
        "dvar2": 0.664768338203,
        "max": 5.67471170425,
        "mean": 1.79333972931,
        "median": 1.80012750626,
        "min": -0.42237636447,
        "var": 0.537146925926
    },
    "spectral_spread": {
        "dmean": 1643990.875,
        "dmean2": 2655873,
        "dvar": 3.97812537754e+12,
        "dvar2": 9.42533613978e+12,
        "max": 17087764,
        "mean": 5068708,
        "median": 4189952.5,
        "min": 1212274.5,
        "var": 5.97091732685e+12
    },
    "spectral_strongpeak": {
        "dmean": 0.394484311342,
        "dmean2": 0.629282355309,
        "dvar": 0.538979530334,
        "dvar2": 1.35777008533,
        "max": 9.92209339142,
        "mean": 0.825653672218,
        "median": 0.483234465122,
        "min": 0,
        "var": 0.706285178661
    },
    "zerocrossingrate": {
        "dmean": 0.0144141232595,
        "dmean2": 0.0183875150979,
        "dvar": 0.000480825925479,
        "dvar2": 0.000656631251331,
        "max": 0.37158203125,
        "mean": 0.0404975116253,
        "median": 0.02783203125,
        "min": 0.00146484375,
        "var": 0.00182617886458
    },
    "barkbands": {
        "dmean": [0.00330580561422, 0.0131798852235, 0.00352826761082, 0.00211069011129, 0.00166645576246, 0.00140043185093, 0.00297792139463, 0.00101451622322, 0.0013434238499, 0.000792099395767, 0.000522587681189, 0.000652522197925, 0.000674510316458, 0.000488588120788, 0.000310200208332, 0.000210497673834, 0.000179674956598, 0.000113853093353, 0.00011373317102, 5.30681900273e-05, 7.27520819055e-05, 0.000152473920025, 0.000612342380919, 0.000319683284033, 0.000134628731757, 2.85056958091e-05, 4.31823510283e-09],
        "dmean2": [0.00530826952308, 0.0201157722622, 0.00654510874301, 0.00389823270962, 0.0029472077731, 0.00229459721595, 0.00467789312825, 0.00159073376562, 0.00206016306765, 0.00109919474926, 0.000746596022509, 0.000974362250417, 0.00105700129643, 0.000772007217165, 0.000471325358376, 0.000315424927976, 0.000260780216195, 0.000168093334651, 0.000165104444022, 7.83021750976e-05, 0.000110336208309, 0.000246873009019, 0.00114748638589, 0.000585021451116, 0.000238589083892, 5.04855270265e-05, 7.58285434443e-09],
        "dvar": [3.77147625841e-05, 0.00101421296131, 0.000228994962526, 0.000103567283077, 3.37484962074e-05, 8.24620929052e-06, 2.63315887423e-05, 4.83400663143e-06, 7.84008352639e-06, 2.81565803562e-06, 1.56658984451e-06, 2.25263988796e-06, 1.75021068571e-06, 9.87123144114e-07, 4.6451160074e-07, 2.18091813053e-07, 1.54931171892e-07, 1.28607425154e-07, 7.52588178443e-08, 2.90632353739e-08, 5.10686568589e-08, 7.43495434108e-08, 1.25979033783e-06, 4.08985954437e-07, 2.5047020813e-07, 4.6820263222e-09, 3.35230520702e-16],
        "dvar2": [9.35938151088e-05, 0.0025452862028, 0.000657246564515, 0.000297980819596, 9.59062890615e-05, 2.05274482141e-05, 5.57554703846e-05, 1.09863476609e-05, 1.80359347723e-05, 5.47955914953e-06, 3.25232167597e-06, 4.82088262288e-06, 3.88818716601e-06, 2.34147341871e-06, 1.01772923244e-06, 4.68977589207e-07, 2.997278159e-07, 2.62640213577e-07, 1.48178969539e-07, 5.35142667957e-08, 1.0871459466e-07, 1.93222746248e-07, 3.80257142751e-06, 1.15902196285e-06, 7.05938646206e-07, 1.24355361564e-08, 6.93678267429e-16],
        "max": [0.0739533677697, 0.332033813, 0.151137635112, 0.108787491918, 0.0677634477615, 0.0396445021033, 0.0576863735914, 0.033503472805, 0.0307017620653, 0.0218396689743, 0.016753660515, 0.0145336762071, 0.017027290538, 0.0119420122355, 0.00791218690574, 0.00583910709247, 0.00505370087922, 0.00528669171035, 0.0032433164306, 0.00248736399226, 0.00298961927183, 0.00258703855798, 0.00649846484885, 0.00636232597753, 0.0110233956948, 0.000960197008681, 4.3879668965e-07],
        "mean": [0.012550143525, 0.0342685095966, 0.00278813904151, 0.00154513679445, 0.00183455995284, 0.00165573298, 0.00420328648761, 0.00114848581143, 0.00159216183238, 0.00113212072756, 0.000682499085087, 0.000827976560686, 0.000848940981086, 0.00051366124535, 0.000341376668075, 0.000260570261162, 0.000223637660383, 0.000128368395963, 0.000131746899569, 5.79453735554e-05, 7.69754551584e-05, 0.000168610014953, 0.000408212072216, 0.000223594237468, 9.74607173703e-05, 2.11237093026e-05, 3.41102124324e-09],
        "median": [0.00370522239245, 0.0151325212792, 0.000316953199217, 0.000211336155189, 0.000764741504099, 0.000686219718773, 0.00134611455724, 0.000237311818637, 0.000398249248974, 0.000265253911493, 0.000133779030875, 0.000138636707561, 0.000145875193994, 8.90144510777e-05, 5.45293696632e-05, 5.99883132963e-05, 5.93147888139e-05, 2.79664127447e-05, 3.6091900256e-05, 1.06861261884e-05, 2.21732952923e-05, 6.23290761723e-05, 3.37484816555e-05, 1.819701356e-05, 1.12276748041e-05, 1.8830787667e-06, 7.90174314869e-10],
        "min": [1.12096181226e-07, 4.52976200904e-06, 1.81679251909e-06, 2.72720876637e-06, 2.86503309326e-05, 1.41009522849e-05, 1.00475899671e-05, 2.40758231485e-06, 8.42859117256e-06, 3.50172558683e-06, 1.19297146739e-06, 2.11247493098e-06, 8.0236463873e-07, 7.85556892424e-07, 4.99635859796e-07, 7.16573879345e-07, 4.40885997932e-07, 1.71278855987e-07, 1.66813435953e-07, 2.85718684268e-08, 1.91672988592e-08, 3.58865115402e-08, 3.17423171081e-10, 2.410080642e-11, 2.32520079579e-11, 1.10602282541e-11, 1.14727879974e-11],
        "var": [0.000249329197686, 0.00231020990759, 0.00013404530182, 6.03839835094e-05, 2.2275307856e-05, 8.81545201992e-06, 4.96068460052e-05, 5.62998820897e-06, 1.00479719549e-05, 5.41241524843e-06, 2.33089099311e-06, 3.05328353534e-06, 3.06699030261e-06, 1.19239223295e-06, 6.1790962036e-07, 3.13389023177e-07, 2.21222450136e-07, 1.5703921008e-07, 9.6670035532e-08, 3.79731766031e-08, 5.46508331922e-08, 8.54056452226e-08, 8.56035001107e-07, 3.05998895556e-07, 1.59652060461e-07, 3.6810841042e-09, 2.60472557448e-16]
    },
    "erbbands": {
        "dmean": [0.620077371597, 2.40885162354, 3.64179420471, 6.27019166946, 6.69210767746, 4.90063810349, 3.9605717659, 14.6461877823, 52.5894737244, 11.3654251099, 33.6977081299, 23.0164852142, 22.684337616, 18.9054718018, 25.4197463989, 25.4310417175, 26.2506656647, 26.4404354095, 18.3898391724, 13.4824819565, 10.0095157623, 10.1764526367, 6.09465742111, 5.68618440628, 4.91243648529, 2.53747415543, 2.53534317017, 3.386064291, 5.36526250839, 9.30445098877, 17.0764312744, 10.7180995941, 3.75679779053, 1.8915822506, 0.790430724621, 0.186235740781, 0.0530369877815, 0.00343788601458, 8.50919750519e-05, 2.80303065665e-05],
        "dmean2": [0.989616155624, 3.42475891113, 6.26823616028, 11.4673576355, 12.226483345, 8.55940914154, 6.71138238907, 23.1903629303, 82.4481506348, 18.2808456421, 53.0533065796, 35.3674240112, 31.7238903046, 25.3598709106, 35.6003074646, 37.3008041382, 40.1306304932, 41.2798233032, 27.8322696686, 19.0008811951, 14.9076719284, 14.6951141357, 9.08296012878, 8.13054084778, 7.17804145813, 3.71825647354, 3.74863696098, 5.15662765503, 8.6944475174, 16.7742538452, 31.9002113342, 20.0021343231, 6.72602415085, 3.36795449257, 1.4011002779, 0.325797528028, 0.0962812155485, 0.00624765269458, 0.000151381318574, 4.54811852251e-05],
        "dvar": [1.94948089123, 46.4842529297, 216.613082886, 822.451599121, 748.69140625, 292.721374512, 126.136611938, 768.20703125, 8134.78466797, 363.655059814, 4647.46728516, 2473.88598633, 2524.43530273, 1472.01306152, 3742.7109375, 3510.71777344, 2966.32519531, 3231.01660156, 1233.65161133, 788.182128906, 433.373077393, 493.420318604, 352.018005371, 250.011947632, 159.371002197, 69.6682128906, 89.344581604, 60.6029472351, 87.6702194214, 290.732910156, 1007.5802002, 399.574493408, 76.6651153564, 53.5661277771, 7.29171991348, 0.24685664475, 0.014252400957, 6.34814277873e-05, 3.31811023102e-08, 1.81785131392e-09],
        "dvar2": [5.72174263, 93.5303573608, 595.037780762, 2330.59716797, 2165.96240234, 830.991943359, 336.564544678, 1876.04626465, 16961.796875, 875.57220459, 10191.4296875, 5893.78564453, 5101.60400391, 2738.40600586, 7779.23144531, 7221.0234375, 6194.02734375, 8100.48095703, 2822.41625977, 1545.19006348, 873.967285156, 931.957275391, 666.846496582, 482.21987915, 309.464752197, 133.603439331, 174.642929077, 127.124359131, 207.098052979, 907.522460938, 3071.00585938, 1166.50292969, 210.480834961, 151.374328613, 20.4096469879, 0.65741121769, 0.0390836410224, 0.000172189393197, 9.08620449991e-08, 4.04116562436e-09],
        "max": [14.1478223801, 72.5782241821, 151.729217529, 281.167205811, 307.220611572, 183.430084229, 118.55921936, 387.941833496, 1043.49475098, 249.858428955, 758.756896973, 708.742248535, 715.348144531, 547.971313477, 885.319580078, 639.182983398, 844.197875977, 702.683410645, 352.542724609, 331.163330078, 250.059417725, 273.113861084, 233.159011841, 209.177062988, 154.213409424, 118.837242126, 130.338867188, 111.471633911, 101.047927856, 127.460403442, 235.199462891, 139.713745117, 101.222671509, 153.10383606, 60.9621238708, 8.10746955872, 1.69545793533, 0.113874830306, 0.00286557548679, 0.000390632718336],
        "mean": [1.83408975601, 4.37784099579, 3.86695790291, 4.82275676727, 6.20093584061, 5.1846280098, 4.83178281784, 19.9934177399, 76.6465301514, 15.2022066116, 40.0360794067, 28.5381412506, 31.3923416138, 27.9972171783, 34.1221427917, 33.0188865662, 35.41248703, 29.7957611084, 21.4500656128, 17.1684036255, 13.1401615143, 13.2420291901, 7.58394527435, 6.60277175903, 5.7307639122, 2.75148248672, 2.66866254807, 3.95880198479, 6.14845132828, 7.5845952034, 11.3425207138, 7.02693367004, 2.75324821472, 1.33930897713, 0.584993124008, 0.141404807568, 0.0371103957295, 0.00239859474823, 8.88900976861e-05, 8.10721176094e-05],
        "median": [0.884959638119, 0.793653309345, 0.441890567541, 0.700084686279, 2.15010666847, 1.87986016273, 1.7342351675, 9.94177913666, 26.5921649933, 8.24394130707, 9.98605060577, 8.35354709625, 8.79047584534, 7.92844581604, 7.81791210175, 5.8650188446, 6.80780601501, 6.2220864296, 4.63334131241, 3.51723837852, 3.51737952232, 3.80139136314, 1.86573314667, 1.90493047237, 1.37141668797, 0.543721079826, 0.52015453577, 1.47734737396, 2.24379277229, 1.3921380043, 0.822404265404, 0.419091373682, 0.278901159763, 0.127407535911, 0.0740076452494, 0.0153925605118, 0.00264953821898, 0.000180704111699, 4.47515594715e-05, 6.5164269472e-05],
        "min": [5.93190779909e-05, 0.00101740495302, 0.00529075367376, 0.0250026881695, 0.0523665845394, 0.0669603943825, 0.0825080871582, 0.214207097888, 0.203085169196, 0.119716458023, 0.0840710923076, 0.192867338657, 0.139886528254, 0.1323389709, 0.103535823524, 0.0900561660528, 0.0552553758025, 0.0674510970712, 0.0386782214046, 0.0531359985471, 0.0289278458804, 0.0230432376266, 0.0276213157922, 0.0254306737334, 0.0079492945224, 0.00157590978779, 0.000588287890423, 0.00134800304659, 0.0013167662546, 0.000149470593897, 1.77562869794e-05, 4.29566944149e-06, 2.30346859098e-06, 2.9107688988e-06, 1.83392012332e-06, 1.44052262385e-06, 8.74478701007e-07, 9.03259902429e-08, 4.37185576629e-07, 9.67879714153e-07],
        "var": [5.03026247025, 92.199546814, 160.843002319, 501.651153564, 446.474761963, 195.444503784, 102.864707947, 953.771362305, 15691.4882812, 448.537689209, 5737.24414062, 3178.54589844, 4406.32226562, 2964.96191406, 5491.32080078, 4895.62255859, 5811.89941406, 3511.08618164, 1733.30456543, 1308.79858398, 667.013793945, 726.828063965, 461.128479004, 315.901245117, 206.864105225, 87.0068740845, 104.709976196, 72.7234115601, 107.014862061, 229.876663208, 689.608764648, 273.264801025, 60.2273826599, 33.6357154846, 4.79929018021, 0.192207962275, 0.0101984888315, 4.55326007796e-05, 2.47514400087e-08, 5.08600006555e-09]
    },
    "gfcc": {
        "mean": [-19.723783493, 107.591758728, -105.028434753, 25.853181839, -65.9317245483, 28.1705875397, -34.8694152832, 10.917140007, -4.66707706451, 5.93918323517, -4.15889215469, 7.23562097549, -6.60025882721],
        "cov": [[3736.08398438, -1403.16931152, -260.777893066, 71.9658203125, -419.164276123, 487.458831787, -115.70955658, 274.876983643, 35.8715362549, 171.68006897, -72.3442459106, 96.9586486816, -248.50831604], [-1403.16931152, 1985.13317871, -52.7468719482, -48.5479316711, 715.956604004, -279.611022949, 530.135131836, -115.40422821, 185.836196899, -89.7615814209, 244.268768311, -112.057929993, 224.376937866], [-260.777893066, -52.7468719482, 1225.61865234, 270.092132568, 118.535873413, 277.850891113, 100.138275146, 38.5345611572, 44.4041481018, -32.3046798706, 23.9113483429, 94.6694335938, 7.80842208862], [71.9658203125, -48.5479316711, 270.092132568, 402.983856201, 152.742553711, 14.5409440994, -21.5958957672, -1.70819616318, 144.961730957, 16.2952537537, 17.592666626, -4.09297704697, 66.3731002808], [-419.164276123, 715.956604004, 118.535873413, 152.742553711, 604.191345215, -16.2173099518, 296.872589111, 37.4236907959, 184.230209351, 59.6092796326, 133.164855957, -42.1179656982, 107.590049744], [487.458831787, -279.611022949, 277.850891113, 14.5409440994, -16.2173099518, 371.478912354, 119.252227783, 87.6286621094, -7.75880336761, 44.188167572, 49.0529060364, 27.703414917, -71.0254821777], [-115.70955658, 530.135131836, 100.138275146, -21.5958957672, 296.872589111, 119.252227783, 545.473144531, 88.7270431519, 7.80811929703, 26.118473053, 144.635498047, 24.0600147247, 54.1394271851], [274.876983643, -115.40422821, 38.5345611572, -1.70819616318, 37.4236907959, 87.6286621094, 88.7270431519, 161.489181519, 5.20887517929, 35.759147644, 28.0344963074, 22.3100318909, -4.95175218582], [35.8715362549, 185.836196899, 44.4041481018, 144.961730957, 184.230209351, -7.75880336761, 7.80811929703, 5.20887517929, 272.646392822, 59.2904052734, 43.9439506531, -16.2260074615, 52.5783653259], [171.68006897, -89.7615814209, -32.3046798706, 16.2952537537, 59.6092796326, 44.188167572, 26.118473053, 35.759147644, 59.2904052734, 145.950134277, 31.459066391, 4.41348695755, 4.11243867874], [-72.3442459106, 244.268768311, 23.9113483429, 17.592666626, 133.164855957, 49.0529060364, 144.635498047, 28.0344963074, 43.9439506531, 31.459066391, 170.712478638, 22.6073818207, 31.9442939758], [96.9586486816, -112.057929993, 94.6694335938, -4.09297704697, -42.1179656982, 27.703414917, 24.0600147247, 22.3100318909, -16.2260074615, 4.41348695755, 22.6073818207, 135.193374634, 14.0531816483], [-248.50831604, 224.376937866, 7.80842208862, 66.3731002808, 107.590049744, -71.0254821777, 54.1394271851, -4.95175218582, 52.5783653259, 4.11243867874, 31.9442939758, 14.0531816483, 149.977890015]],
        "icov": [[0.000559461885132, 6.06358116784e-05, 0.000399003038183, -0.000455369940028, 0.000314263335895, -0.000678309646901, -5.98026963416e-05, -0.000604380154982, -0.000296742888168, -0.000193916057469, 0.000306624075165, -0.000435326946899, 0.000556835497264], [6.06358116784e-05, 0.00310995522887, -0.000484281394165, 0.00209062220529, -0.00208600633778, 0.00209040683694, -0.00194414542057, 0.00221936800517, -0.00145599478856, 0.00260465964675, -0.0023791922722, 0.00212639407255, -0.00144422391895], [0.000399003038183, -0.000484281394165, 0.00174476765096, -0.00152220577002, 0.000174189408426, -0.00201059458777, 0.000335746095516, -0.000558646395802, 0.000216252839891, 0.000121870769362, 0.00105400872417, -0.00167387456167, 0.000604897155426], [-0.000455369940028, 0.00209062220529, -0.00152220577002, 0.00584611529484, -0.00229318183847, 0.00195596064441, -0.000533963262569, 0.00200291909277, -0.00214546034113, 0.00205819215626, -0.00184219237417, 0.00221351045184, -0.00267929537222], [0.000314263335895, -0.00208600633778, 0.000174189408426, -0.00229318183847, 0.0055664931424, -0.000731982116122, -0.000665368046612, -0.00211179046892, -0.000827512820251, -0.00260143005289, 0.00066992797656, 6.49276626064e-06, 0.000696016068105], [-0.000678309646901, 0.00209040683694, -0.00201059458777, 0.00195596064441, -0.000731982116122, 0.00741001917049, -0.00242254440673, 0.000720870739315, -0.000894562690519, 0.000685438339133, -0.00318301841617, 0.0025868753437, 0.000650708680041], [-5.98026963416e-05, -0.00194414542057, 0.000335746095516, -0.000533963262569, -0.000665368046612, -0.00242254440673, 0.0049655851908, -0.00222083809786, 0.00196497282013, -0.00108992611058, 7.16017166269e-05, -0.00178699498065, -1.42313820106e-05], [-0.000604380154982, 0.00221936800517, -0.000558646395802, 0.00200291909277, -0.00211179046892, 0.000720870739315, -0.00222083809786, 0.0102089876309, -0.000620238133706, 0.000912959338166, -0.00173387990799, 0.000993761699647, -0.00171540305018], [-0.000296742888168, -0.00145599478856, 0.000216252839891, -0.00214546034113, -0.000827512820251, -0.000894562690519, 0.00196497282013, -0.000620238133706, 0.00683085247874, -0.00267497263849, 0.000360418838682, -0.000657106400467, -0.000271578901447], [-0.000193916057469, 0.00260465964675, 0.000121870769362, 0.00205819215626, -0.00260143005289, 0.000685438339133, -0.00108992611058, 0.000912959338166, -0.00267497263849, 0.0109682213515, -0.002666372573, 0.00128343096003, -0.00143618893344], [0.000306624075165, -0.0023791922722, 0.00105400872417, -0.00184219237417, 0.00066992797656, -0.00318301841617, 7.16017166269e-05, -0.00173387990799, 0.000360418838682, -0.002666372573, 0.0107868900523, -0.00360224582255, 0.000743574055377], [-0.000435326946899, 0.00212639407255, -0.00167387456167, 0.00221351045184, 6.49276626064e-06, 0.0025868753437, -0.00178699498065, 0.000993761699647, -0.000657106400467, 0.00128343096003, -0.00360224582255, 0.0111277010292, -0.00297695212066], [0.000556835497264, -0.00144422391895, 0.000604897155426, -0.00267929537222, 0.000696016068105, 0.000650708680041, -1.42313820106e-05, -0.00171540305018, -0.000271578901447, -0.00143618893344, 0.000743574055377, -0.00297695212066, 0.0109177129343]]
    },
    "melbands": {
        "dmean": [0.00441445782781, 0.00202862313017, 0.00109137420077, 0.000422152748797, 0.000145309371874, 0.000366501626559, 0.000712167588063, 0.000110832668724, 0.000318192993291, 0.000134066256578, 0.000118591262435, 8.52035082062e-05, 7.46772566345e-05, 6.73885733704e-05, 8.87609057827e-05, 5.87775029999e-05, 4.88457990286e-05, 3.36640914611e-05, 2.57828924077e-05, 1.56931964739e-05, 1.19757978609e-05, 1.11464732981e-05, 8.40322809381e-06, 4.37248581875e-06, 4.75667320643e-06, 4.74801890959e-06, 2.33117907555e-06, 1.62542062299e-06, 1.55209659169e-06, 1.57820466029e-06, 2.25358257921e-06, 3.10683844873e-06, 3.09374877361e-06, 6.90145134286e-06, 9.28248209675e-06, 1.17680365292e-05, 4.70341683467e-06, 2.84456268673e-06, 1.83172062407e-06, 1.51007418481e-06],
        "dmean2": [0.00687539950013, 0.00285833561793, 0.00198644748889, 0.000755746441428, 0.000249747768976, 0.000577596889343, 0.00112294917926, 0.000180237504537, 0.000497688655742, 0.000205865479074, 0.000167318779859, 0.000115919952805, 0.000105002654891, 9.80370678008e-05, 0.00013347157801, 9.25279018702e-05, 7.71405611886e-05, 5.29251447006e-05, 3.86638712371e-05, 2.36686137214e-05, 1.80969891517e-05, 1.65880974237e-05, 1.2549553503e-05, 6.42908207737e-06, 6.89478065397e-06, 7.03161094862e-06, 3.41352097166e-06, 2.39467749452e-06, 2.40134727392e-06, 2.36820301325e-06, 3.47238824361e-06, 4.98042754771e-06, 5.17095804753e-06, 1.26899522002e-05, 1.72404870682e-05, 2.22465714614e-05, 8.71125848789e-06, 5.10021436639e-06, 3.25899168274e-06, 2.69086422122e-06],
        "dvar": [0.000102349222288, 4.42748605565e-05, 2.4385524739e-05, 2.38858410739e-06, 1.91934915961e-07, 4.36168022588e-07, 1.46917841448e-06, 5.731310182e-08, 4.24375713237e-07, 7.92079077883e-08, 6.90008690185e-08, 2.92848110206e-08, 3.11713037604e-08, 2.25476792792e-08, 4.64206060258e-08, 1.36932296613e-08, 1.08211226646e-08, 4.75030681457e-09, 3.8067260455e-09, 1.3079447525e-09, 6.36541652721e-10, 4.82923145917e-10, 6.39641783984e-10, 1.84616974486e-10, 1.70807132327e-10, 1.41400419151e-10, 4.50372551752e-11, 3.13576734023e-11, 3.97214205972e-11, 2.36548142185e-11, 2.42111036081e-11, 2.96625987661e-11, 3.88807354368e-11, 1.58901142244e-10, 3.14889087027e-10, 5.00306018836e-10, 8.48029910183e-11, 4.6607995241e-11, 2.82551117919e-11, 4.1178914445e-11],
        "dvar2": [0.00028654478956, 9.61769619607e-05, 6.94493573974e-05, 6.851645594e-06, 5.17107253017e-07, 1.04165883386e-06, 3.09253891828e-06, 1.30370082729e-07, 9.24339360608e-07, 1.86517823408e-07, 1.3902963758e-07, 5.40421325468e-08, 6.48429363537e-08, 5.14477278557e-08, 9.87624630966e-08, 3.17482680146e-08, 2.67778226259e-08, 1.08664988119e-08, 7.91600474059e-09, 2.83013301683e-09, 1.37670264078e-09, 9.15954423419e-10, 1.20138565762e-09, 3.74031583483e-10, 3.35631022974e-10, 2.95926116944e-10, 9.5164515157e-11, 6.32594948646e-11, 7.54882961695e-11, 5.1234436832e-11, 5.25486355818e-11, 6.67607497062e-11, 1.10258510655e-10, 4.86792661736e-10, 9.8478214472e-10, 1.47321632671e-09, 2.45718723146e-10, 1.28005120392e-10, 7.81593817445e-11, 1.16649565007e-10],
        "max": [0.0966539978981, 0.0680926665664, 0.049310285598, 0.0180738586932, 0.00426031416282, 0.00912155676633, 0.0132886394858, 0.00418187538162, 0.00744361244142, 0.00382109032944, 0.00346969510429, 0.00217460980639, 0.00229966989718, 0.00177404959686, 0.00236192508601, 0.00120966043323, 0.00135973398574, 0.000799165747594, 0.000815086765215, 0.000486138043925, 0.000302265398204, 0.000237348198425, 0.000343035644619, 0.000196406093892, 0.000159255258041, 0.000160892668646, 0.000116058348794, 7.66226730775e-05, 8.47925693961e-05, 6.9879090006e-05, 7.20508978702e-05, 5.94329794694e-05, 6.66145060677e-05, 8.92271928024e-05, 0.000138033166877, 0.000115332113637, 9.10907328944e-05, 8.4644096205e-05, 9.61541445577e-05, 0.000132958855829],
        "mean": [0.0132305650041, 0.00322788837366, 0.000861506792717, 0.000441493582912, 0.000166672631167, 0.000506118463818, 0.00103165570181, 0.000130459389766, 0.000374350522179, 0.000162746291608, 0.000163160337252, 0.000122896221001, 9.92416389636e-05, 8.98756261449e-05, 0.000104043298052, 7.11822503945e-05, 5.27181582584e-05, 3.58815304935e-05, 2.89938561764e-05, 1.87641635421e-05, 1.45164158312e-05, 1.40966003528e-05, 1.02134463305e-05, 4.84724523631e-06, 5.29954650119e-06, 5.3147023209e-06, 2.48436140282e-06, 1.65269261743e-06, 1.63395372965e-06, 1.59496107699e-06, 2.6278767109e-06, 3.67890311281e-06, 2.98022746392e-06, 5.11151120008e-06, 6.27452527624e-06, 7.33334763936e-06, 3.16217756335e-06, 2.07611878977e-06, 1.33418654968e-06, 1.04894218111e-06],
        "median": [0.00671399151906, 0.000336181488819, 0.000187668818398, 0.000161878517247, 5.79324369028e-05, 0.000248894502874, 0.000357982818969, 4.58827780676e-05, 8.85079716682e-05, 4.62054849777e-05, 4.22555531259e-05, 3.34430005751e-05, 2.18594595935e-05, 1.59715364134e-05, 1.30944554257e-05, 1.32694831336e-05, 9.48934848566e-06, 5.78199797019e-06, 4.62969637738e-06, 3.87687487091e-06, 3.54386361323e-06, 3.93311393054e-06, 2.09531458495e-06, 1.12921725304e-06, 1.36489131819e-06, 1.2290659015e-06, 4.64369719566e-07, 2.43029774083e-07, 2.29312973943e-07, 3.73639210238e-07, 9.68233280219e-07, 1.38585414788e-06, 7.79411379881e-07, 6.73066210766e-07, 4.35063668647e-07, 3.14349051678e-07, 2.00681697038e-07, 1.9310972732e-07, 1.35659860234e-07, 8.7055774145e-08],
        "min": [9.10639982976e-07, 2.25379972107e-06, 6.33040644971e-06, 4.11547853219e-06, 1.26732481931e-06, 4.39076529801e-06, 2.33119476434e-06, 6.31549255559e-07, 5.71540113015e-07, 1.11172164452e-06, 6.3761609681e-07, 4.64627731844e-07, 3.31902583639e-07, 2.5628830258e-07, 1.67121342542e-07, 5.37057012195e-08, 8.62300097992e-08, 3.82359317541e-08, 6.09296719745e-08, 4.41378240623e-08, 2.81780323519e-08, 2.30550476488e-08, 2.67965312162e-08, 7.25875715091e-09, 1.63469859871e-08, 4.24783985764e-09, 1.49403245331e-09, 7.95055354885e-10, 2.51813347951e-10, 4.17091999827e-10, 1.0946710205e-09, 1.111086112e-09, 7.636680871e-11, 6.71710603806e-12, 6.46168318505e-12, 8.4196554893e-13, 6.2047108174e-14, 1.04265751035e-13, 3.1517906232e-13, 2.19482743612e-13],
