{
"highlevel": {
    "danceability": {
        "all": {
            "danceable": 0.58188855648,
            "not_danceable": 0.418111413717
        },
        "probability": 0.58188855648,
        "value": "danceable"
    },
    "gender": {
        "all": {
            "female": 0.0746846199036,
            "male": 0.925315380096
        },
        "probability": 0.925315380096,
        "value": "male"
    },
    "genre_dortmund": {
        "all": {
            "alternative": 0.160347789526,
            "blues": 0.0144560439512,
            "electronic": 0.00641366420314,
            "folkcountry": 0.0505489595234,
            "funksoulrnb": 0.00568994507194,
            "jazz": 0.028858250007,
            "pop": 0.0618554167449,
            "raphiphop": 0.000555890379474,
            "rock": 0.671274065971
        },
        "probability": 0.671274065971,
        "value": "rock"
    },
    "genre_electronic": {
        "all": {
            "ambient": 0.36667907238,
            "dnb": 0.199993476272,
            "house": 0.0506415627897,
            "techno": 0.034071367234,
            "trance": 0.348614513874
        },
        "probability": 0.36667907238,
        "value": "ambient"
    },
    "genre_rosamerica": {
        "all": {
            "cla": 0.000856153201312,
            "dan": 0.0005223962944,
            "hip": 0.000301350519294,
            "jaz": 0.000343108928064,
            "pop": 0.0193798169494,
            "rhy": 0.000750677019823,
            "roc": 0.977722048759,
            "spe": 0.000124452635646
        },
        "probability": 0.977722048759,
        "value": "roc"
    },
    "genre_tzanetakis": {
        "all": {
            "blu": 0.0626541376114,
            "cla": 0.0348133966327,
            "cou": 0.0783501937985,
            "dis": 0.104547761381,
            "hip": 0.15693578124,
            "jaz": 0.313987255096,
            "met": 0.044816005975,
            "pop": 0.0627349764109,
            "reg": 0.0627352520823,
            "roc": 0.0784252434969
        },
        "probability": 0.313987255096,
        "value": "jaz"
    },
    "ismir04_rhythm": {
        "all": {
            "ChaChaCha": 0.220050469041,
            "Jive": 0.352377355099,
            "Quickstep": 0.0651158168912,
            "Rumba-American": 0.0133407916874,
            "Rumba-International": 0.0174678284675,
            "Rumba-Misc": 0.0062003210187,
            "Samba": 0.178862884641,
            "Tango": 0.0276694502681,
            "VienneseWaltz": 0.0930525809526,
            "Waltz": 0.0258624982089
        },
        "probability": 0.352377355099,
        "value": "Jive"
    },
    "mood_acoustic": {
        "all": {
            "acoustic": 0.0182580221444,
            "not_acoustic": 0.981741964817
        },
        "probability": 0.981741964817,
        "value": "not_acoustic"
    },
    "mood_aggressive": {
        "all": {
            "aggressive": 0.903077960014,
            "not_aggressive": 0.0969220623374
        },
        "probability": 0.903077960014,
        "value": "aggressive"
    },
    "mood_electronic": {
        "all": {
            "electronic": 0.157501071692,
            "not_electronic": 0.842498898506
        },
        "probability": 0.842498898506,
        "value": "not_electronic"
    },
    "mood_happy": {
        "all": {
            "happy": 0.756017208099,
            "not_happy": 0.243982791901
        },
        "probability": 0.756017208099,
        "value": "happy"
    },
    "mood_party": {
        "all": {
            "not_party": 0.655643701553,
            "party": 0.344356298447
        },
        "probability": 0.655643701553,
        "value": "not_party"
    },
    "mood_relaxed": {
        "all": {
            "not_relaxed": 0.963755011559,
            "relaxed": 0.036244969815
        },
        "probability": 0.963755011559,
        "value": "not_relaxed"
    },
    "mood_sad": {
        "all": {
            "not_sad": 0.843730032444,
            "sad": 0.156269997358
        },
        "probability": 0.843730032444,
        "value": "not_sad"
    },
    "moods_mirex": {
        "all": {
            "Cluster1": 0.590129315853,
            "Cluster2": 0.115707673132,
            "Cluster3": 0.0996225327253,
            "Cluster4": 0.0245849397033,
            "Cluster5": 0.169955521822
        },
        "probability": 0.590129315853,
        "value": "Cluster1"
    },
    "timbre": {
        "all": {
            "bright": 0.986925959587,
            "dark": 0.0130740385503
        },
        "probability": 0.986925959587,
        "value": "bright"
    },
    "tonal_atonal": {
        "all": {
            "atonal": 0.000538575870451,
            "tonal": 0.99946141243
        },
        "probability": 0.99946141243,
        "value": "tonal"
    },
    "voice_instrumental": {
        "all": {
            "instrumental": 0.000987490755506,
            "voice": 0.99901252985
        },
        "probability": 0.99901252985,
        "value": "voice"
    }
},
"lowlevel": {
    "average_loudness": 0.978281736374,
    "barkbands_crest": {
        "dmean": 2.60577750206,
        "dmean2": 4.35102415085,
        "dvar": 5.61174583435,
        "dvar2": 14.172832489,
        "max": 21.1752796173,
        "mean": 8.87812423706,
        "median": 7.97106599808,
        "min": 2.56262993813,
        "var": 12.7541542053
    },
    "barkbands_flatness_db": {
        "dmean": 0.0159754883498,
        "dmean2": 0.0259597748518,
        "dvar": 0.000241547895712,
        "dvar2": 0.000578664126806,
        "max": 0.254337131977,
        "mean": 0.108571402729,
        "median": 0.101931981742,
        "min": 0.0507318563759,
        "var": 0.000969634158537
    },
    "barkbands_kurtosis": {
        "dmean": 1.23828148842,
        "dmean2": 2.02720975876,
        "dvar": 3.03067398071,
        "dvar2": 7.28573322296,
        "max": 21.3357372284,
        "mean": 1.08008432388,
        "median": 0.396043300629,
        "min": -1.71144175529,
        "var": 5.40689325333
    },
    "barkbands_skewness": {
        "dmean": 0.39184781909,
        "dmean2": 0.627606749535,
        "dvar": 0.149460524321,
        "dvar2": 0.369496047497,
        "max": 4.39605474472,
        "mean": 1.12616670132,
        "median": 1.0216845274,
        "min": -0.680834949017,
        "var": 0.396346598864
    },
    "barkbands_spread": {
        "dmean": 5.29311990738,
        "dmean2": 8.46883773804,
        "dvar": 27.0558490753,
        "dvar2": 63.830116272,
        "max": 92.8943099976,
        "mean": 28.8311672211,
        "median": 27.9758777618,
        "min": 5.20574903488,
        "var": 98.65650177
    },
    "dissonance": {
        "dmean": 0.0131029952317,
        "dmean2": 0.0220143292099,
        "dvar": 0.000139763520565,
        "dvar2": 0.0003576897725,
        "max": 0.499901890755,
        "mean": 0.472906798124,
        "median": 0.477269977331,
        "min": 0.366831630468,
        "var": 0.000343888037605
    },
    "dynamic_complexity": 1.69581627846,
    "erbbands_crest": {
        "dmean": 2.01459646225,
        "dmean2": 3.26211857796,
        "dvar": 3.21630549431,
        "dvar2": 8.03269004822,
        "max": 21.1629447937,
        "mean": 7.44108533859,
        "median": 6.73932361603,
        "min": 2.84917163849,
        "var": 8.06209468842
    },
    "erbbands_flatness_db": {
        "dmean": 0.012686076574,
        "dmean2": 0.0197411049157,
        "dvar": 0.000148516119225,
        "dvar2": 0.000317908677971,
        "max": 0.216677173972,
        "mean": 0.138289988041,
        "median": 0.135941177607,
        "min": 0.0702323615551,
        "var": 0.000560308573768
    },
    "erbbands_kurtosis": {
        "dmean": 0.440674901009,
        "dmean2": 0.720853865147,
        "dvar": 0.229380622506,
        "dvar2": 0.551030337811,
        "max": 5.42736434937,
        "mean": -0.34709957242,
        "median": -0.545592308044,
        "min": -1.5105278492,
        "var": 0.642007410526
    },
    "erbbands_skewness": {
        "dmean": 0.271278619766,
        "dmean2": 0.424677878618,
        "dvar": 0.0543310493231,
        "dvar2": 0.127505168319,
        "max": 2.22890424728,
        "mean": 0.14510576427,
        "median": 0.119562886655,
        "min": -1.54763484001,
        "var": 0.322588473558
    },
    "erbbands_spread": {
        "dmean": 6.80819225311,
        "dmean2": 11.0056419373,
        "dvar": 48.3248596191,
        "dvar2": 119.343559265,
        "max": 97.1931838989,
        "mean": 41.4065055847,
        "median": 39.5433197021,
        "min": 16.6574039459,
        "var": 138.482025146
    },
    "hfc": {
        "dmean": 5.81179380417,
        "dmean2": 9.00236225128,
        "dvar": 42.0986442566,
        "dvar2": 95.132598877,
        "max": 136.061782837,
        "mean": 32.6123352051,
        "median": 33.8722839355,
        "min": 1.69811356068,
        "var": 230.722671509
    },
    "melbands_crest": {
        "dmean": 3.39290189743,
        "dmean2": 5.80724716187,
        "dvar": 9.24364089966,
        "dvar2": 25.5015125275,
        "max": 27.093919754,
        "mean": 12.2047634125,
        "median": 11.544251442,
        "min": 3.45867228508,
        "var": 17.0387172699
    },
    "melbands_flatness_db": {
        "dmean": 0.0223943907768,
        "dmean2": 0.0359352231026,
        "dvar": 0.000441842450527,
        "dvar2": 0.00108734681271,
        "max": 0.341990411282,
        "mean": 0.150432065129,
        "median": 0.142316147685,
        "min": 0.0371984280646,
        "var": 0.00179423904046
    },
    "melbands_kurtosis": {
        "dmean": 3.83857011795,
        "dmean2": 6.27101325989,
        "dvar": 26.2660217285,
        "dvar2": 63.1578712463,
        "max": 64.0517120361,
        "mean": 7.27863454819,
        "median": 4.98692178726,
        "min": -1.12621080875,
        "var": 55.195476532
    },
    "melbands_skewness": {
        "dmean": 0.577867150307,
        "dmean2": 0.945539414883,
        "dvar": 0.346071124077,
        "dvar2": 0.84161823988,
        "max": 6.92566156387,
        "mean": 2.1926074028,
        "median": 1.94994294643,
        "min": 0.102853514254,
        "var": 1.0322265625
    },
    "melbands_spread": {
        "dmean": 7.2468662262,
        "dmean2": 11.6171197891,
        "dvar": 53.0685997009,
        "dvar2": 123.84463501,
        "max": 117.66267395,
        "mean": 29.8022918701,
        "median": 28.9089164734,
        "min": 3.62722229958,
        "var": 156.068527222
    },
    "pitch_salience": {
        "dmean": 0.0690031275153,
        "dmean2": 0.114906601608,
        "dvar": 0.00363733386621,
        "dvar2": 0.00955381803215,
        "max": 0.803110837936,
        "mean": 0.552690923214,
        "median": 0.554493188858,
        "min": 0.218944072723,
        "var": 0.00694685010239
    },
    "silence_rate_20dB": {
        "dmean": 0,
        "dmean2": 0,
        "dvar": 0,
        "dvar2": 0,
        "max": 1,
        "mean": 1,
        "median": 1,
        "min": 1,
        "var": 0
    },
    "silence_rate_30dB": {
        "dmean": 0,
        "dmean2": 0,
        "dvar": 0,
        "dvar2": 0,
        "max": 1,
        "mean": 1,
        "median": 1,
        "min": 1,
        "var": 0
    },
    "silence_rate_60dB": {
        "dmean": 0,
        "dmean2": 0,
        "dvar": 0,
        "dvar2": 0,
        "max": 0,
        "mean": 0,
        "median": 0,
        "min": 0,
        "var": 0
    },
    "spectral_centroid": {
        "dmean": 240.208755493,
        "dmean2": 381.17880249,
        "dvar": 51128.734375,
        "dvar2": 127795.070312,
        "max": 3366.9296875,
        "mean": 1616.84973145,
        "median": 1599.13049316,
        "min": 461.435852051,
        "var": 160925.734375
    },
    "spectral_complexity": {
        "dmean": 4.60526323318,
        "dmean2": 7.12703323364,
        "dvar": 17.8844413757,
        "dvar2": 38.1619186401,
        "max": 51,
        "mean": 29.4802780151,
        "median": 30,
        "min": 5,
        "var": 75.8659210205
    },
    "spectral_decrease": {
        "dmean": 2.3717614539e-09,
        "dmean2": 3.80328479821e-09,
        "dvar": 5.44938398462e-18,
        "dvar2": 1.3518865041e-17,
        "max": -6.06791838997e-10,
        "mean": -8.55432524816e-09,
        "median": -8.47447267915e-09,
        "min": -2.10456736482e-08,
        "var": 1.12738017328e-17
    },
    "spectral_energy": {
        "dmean": 0.00926184654236,
        "dmean2": 0.0148184262216,
        "dvar": 8.25211536721e-05,
        "dvar2": 0.000203519812203,
        "max": 0.0833332836628,
        "mean": 0.0352439805865,
        "median": 0.0354026034474,
        "min": 0.00251794001088,
        "var": 0.000182376083103
    },
    "spectral_energyband_high": {
        "dmean": 0.0004591717734,
        "dmean2": 0.000752565218136,
        "dvar": 4.52985091215e-07,
        "dvar2": 1.00828458471e-06,
        "max": 0.0161037053913,
        "mean": 0.00159061374143,
        "median": 0.00154244177975,
        "min": 8.99634869711e-06,
        "var": 1.68782264609e-06
    },
    "spectral_energyband_low": {
        "dmean": 0.00547278719023,
        "dmean2": 0.00932408962399,
        "dvar": 4.37698872702e-05,
        "dvar2": 0.000113244430395,
        "max": 0.0587260089815,
        "mean": 0.00977538991719,
        "median": 0.00767047703266,
        "min": 0.000129988897243,
        "var": 5.85558518651e-05
    },
    "spectral_energyband_middle_high": {
        "dmean": 0.00192725728266,
        "dmean2": 0.00297217047773,
        "dvar": 3.61771344615e-06,
        "dvar2": 8.12507914816e-06,
        "max": 0.0296525135636,
        "mean": 0.00812294520438,
        "median": 0.00754760671407,
        "min": 0.00031768772169,
        "var": 2.05019787245e-05
    },
    "spectral_energyband_middle_low": {
        "dmean": 0.00636112084612,
        "dmean2": 0.0100480122492,
        "dvar": 6.10104798398e-05,
        "dvar2": 0.000150203530211,
        "max": 0.0708340555429,
        "mean": 0.0167738515884,
        "median": 0.0140731902793,
        "min": 0.00026949585299,
        "var": 0.000114592658065
    },
    "spectral_entropy": {
        "dmean": 0.111226990819,
        "dmean2": 0.17181430757,
        "dvar": 0.0122666461393,
        "dvar2": 0.0274136904627,
        "max": 8.55691719055,
        "mean": 7.83706951141,
        "median": 7.88234186172,
        "min": 7.01655912399,
        "var": 0.0516091138124
    },
    "spectral_flux": {
        "dmean": 0.0247018542141,
        "dmean2": 0.0392282381654,
        "dvar": 0.000643551582471,
        "dvar2": 0.00137949548662,
        "max": 0.258077412844,
        "mean": 0.0979843214154,
        "median": 0.0922469124198,
        "min": 0.0170525182039,
        "var": 0.00113283284009
    },
    "spectral_kurtosis": {
        "dmean": 0.892671108246,
        "dmean2": 1.53325212002,
        "dvar": 0.87031519413,
        "dvar2": 2.50530576706,
        "max": 10.5884914398,
        "mean": 2.84897518158,
        "median": 2.59997606277,
        "min": 0.0803015232086,
        "var": 1.67916917801
    },
    "spectral_rms": {
        "dmean": 0.000768894446082,
        "dmean2": 0.00121297885198,
        "dvar": 5.12343603987e-07,
        "dvar2": 1.24486723507e-06,
        "max": 0.00901669356972,
        "mean": 0.00574682792649,
        "median": 0.0058769993484,
        "min": 0.00156733114272,
        "var": 1.35836376103e-06
    },
    "spectral_rolloff": {
        "dmean": 475.697570801,
        "dmean2": 789.640319824,
        "dvar": 297998.375,
        "dvar2": 607150.625,
        "max": 10056.0058594,
        "mean": 1745.80163574,
        "median": 1679.58984375,
        "min": 107.666015625,
        "var": 934667
    },
    "spectral_skewness": {
        "dmean": 0.142965689301,
        "dmean2": 0.237808898091,
        "dvar": 0.0186015088111,
        "dvar2": 0.0475300811231,
        "max": 2.46716094017,
        "mean": 1.26182019711,
        "median": 1.25399887562,
        "min": 0.482411682606,
        "var": 0.0411654263735
    },
    "spectral_spread": {
        "dmean": 360758.8125,
        "dmean2": 542511.375,
        "dvar": 191863635968,
        "dvar2": 335852044288,
        "max": 14935444,
        "mean": 4673382.5,
        "median": 4743764,
        "min": 2353550.5,
        "var": 745109651456
    },
    "spectral_strongpeak": {
        "dmean": 0.609259784222,
        "dmean2": 1.04740226269,
        "dvar": 0.658390879631,
        "dvar2": 1.65714013577,
        "max": 8.39716053009,
        "mean": 1.0663112402,
        "median": 0.461765348911,
        "min": 0.0626522898674,
        "var": 1.20726191998
    },
    "zerocrossingrate": {
        "dmean": 0.00845119636506,
        "dmean2": 0.0108545189723,
        "dvar": 6.7989625677e-05,
        "dvar2": 8.57909471961e-05,
        "max": 0.2421875,
        "mean": 0.0688185766339,
        "median": 0.0673828125,
        "min": 0.01220703125,
        "var": 0.000505744363181
    },
    "barkbands": {
        "dmean": [8.26130853966e-05, 0.00367309548892, 0.0022275489755, 0.0016052830033, 0.0036243731156, 0.00123354163952, 0.000607563531958, 0.00152081542183, 0.00133980321698, 0.000615588389337, 0.000429258128861, 0.000439101830125, 0.000261015840806, 0.000639307952952, 0.000328560854541, 0.000534496561158, 0.00036918107071, 0.000300155486912, 0.000185421813512, 0.000173973006895, 0.000159483373864, 0.000164661410963, 0.000105192462797, 7.0217094617e-05, 4.23408237111e-05, 1.52678258019e-05, 5.38096216474e-08],
        "dmean2": [0.00013832518016, 0.00619063479826, 0.00403206283227, 0.00279599078931, 0.00599206192419, 0.0020468828734, 0.000963621598203, 0.00222986354493, 0.00204037781805, 0.000927144836169, 0.000695523922332, 0.000694029440638, 0.000419828284066, 0.00105817918666, 0.000529119803105, 0.000896778132301, 0.000609789392911, 0.000498088658787, 0.000300227868138, 0.000295932753943, 0.000268997246167, 0.000277779297903, 0.000174729459104, 0.000111807559733, 6.58467397443e-05, 2.25839448831e-05, 9.13196558372e-08],
        "dvar": [1.33692665827e-08, 1.8436983737e-05, 1.69536215253e-05, 5.37206051376e-06, 5.01557115058e-05, 3.10887867272e-06, 7.86255839103e-07, 6.24665017313e-06, 3.83130372938e-06, 1.13398994017e-06, 6.94157108683e-07, 5.81612141559e-07, 1.90667080346e-07, 7.51305492486e-07, 2.14387426922e-07, 4.3774755909e-07, 1.75739018005e-07, 1.14071717405e-07, 3.72103698965e-08, 3.47938104994e-08, 4.53142234846e-08, 3.94988610708e-08, 2.46614071386e-08, 2.82366965365e-08, 1.7068904512e-08, 2.02000216554e-09, 3.39514759351e-14],
        "dvar2": [3.48811113327e-08, 4.72280371469e-05, 4.90970996907e-05, 1.42468761624e-05, 0.000127196923131, 7.55730252422e-06, 1.8206516188e-06, 1.23877543956e-05, 9.54287588684e-06, 2.51631490755e-06, 1.79380356258e-06, 1.21290042898e-06, 4.65820846784e-07, 1.84008740689e-06, 5.21850893165e-07, 1.11017084237e-06, 4.55431802493e-07, 2.88681349048e-07, 8.9365698841e-08, 9.51450331854e-08, 1.20941862747e-07, 1.00324250241e-07, 5.62532527226e-08, 5.71006388839e-08, 2.7286567672e-08, 3.11679793086e-09, 4.98558883251e-14],
        "max": [0.00119665649254, 0.0400788486004, 0.0344598032534, 0.020713897422, 0.057802375406, 0.0271111037582, 0.0187527798116, 0.0349390804768, 0.0276706069708, 0.0173612572253, 0.0137328151613, 0.0104414550588, 0.00679512601346, 0.0124242594466, 0.00663554901257, 0.00904281996191, 0.00629760418087, 0.00489730713889, 0.00200367881916, 0.0022640475072, 0.00309448083863, 0.00353922066279, 0.00323170144111, 0.0046431850642, 0.00410378864035, 0.000986243714578, 5.74870728087e-06],
        "mean": [0.000103767873952, 0.00645939679816, 0.00231810752302, 0.00180970539805, 0.00394156528637, 0.0022892029956, 0.00155822990928, 0.00393008906394, 0.00292793335393, 0.00138715631329, 0.000680184341036, 0.000817371008452, 0.000486668111989, 0.00118345778901, 0.000685347302351, 0.00103958474938, 0.000756047083996, 0.000627511763014, 0.000448327133199, 0.000433279841673, 0.000355465628672, 0.000403419922804, 0.000271792057902, 0.000178792397492, 0.000117420386232, 3.41999584634e-05, 4.72582435407e-08],
        "median": [5.71378332097e-05, 0.00480591133237, 0.00125551549718, 0.000885394343641, 0.00156951835379, 0.00148064538371, 0.000787738943473, 0.00146668870002, 0.00160720595159, 0.000532114179805, 0.000334397715051, 0.000352905131876, 0.00022230304603, 0.000833252444863, 0.000376336858608, 0.000786286895163, 0.000572549295612, 0.000498863286339, 0.000391990353819, 0.000401962024625, 0.000319961778587, 0.000344187516021, 0.00023381965002, 0.000136777729494, 8.95851553651e-05, 2.12090762943e-05, 7.06386238392e-09],
        "min": [1.02564342797e-07, 9.95094796963e-06, 2.04581419894e-06, 3.54172652806e-06, 2.45399787673e-05, 3.74455667043e-05, 2.78451570921e-05, 2.27923646889e-06, 6.30842805549e-07, 1.42644003063e-05, 2.60881051872e-06, 2.50934704127e-06, 3.83725500797e-06, 2.70444907073e-05, 1.51459357767e-06, 8.78415812622e-06, 1.32113736981e-05, 2.61644663624e-06, 4.7098228606e-06, 2.56405746768e-06, 2.58634190686e-06, 1.62896128586e-06, 5.38056667665e-07, 3.3852757042e-07, 1.75553594772e-07, 4.11362766073e-09, 5.18549959916e-12],
        "var": [1.77013532721e-08, 3.3543095924e-05, 1.21995935842e-05, 6.01700048719e-06, 4.59453331132e-05, 8.06235584605e-06, 5.69800386074e-06, 3.53985305992e-05, 1.17724230222e-05, 3.85947259929e-06, 1.58920727245e-06, 1.80660913429e-06, 5.45605075786e-07, 1.59669991717e-06, 7.58433941428e-07, 8.58743078425e-07, 4.23421624873e-07, 2.84293236064e-07, 8.57218296346e-08, 8.75369963182e-08, 6.84364280801e-08, 1.14405686702e-07, 7.31000184828e-08, 7.19585315778e-08, 3.91852701398e-08, 5.09806064031e-09, 3.31348582469e-14]
    },
    "erbbands": {
        "dmean": [0.0797046348453, 0.953646063805, 2.45862674713, 4.04664850235, 8.70284938812, 14.7237586975, 9.29406833649, 8.6905298233, 6.36838769913, 19.0246429443, 33.1758842468, 28.0398521423, 22.7176303864, 13.2562656403, 15.7386112213, 13.4998683929, 13.0564985275, 15.5457487106, 26.8575000763, 22.0060119629, 32.1985702515, 21.0600624084, 18.0788097382, 9.88791561127, 8.29608249664, 8.07248401642, 7.46201229095, 5.68460607529, 5.66379451752, 4.5691781044, 2.9993994236, 1.7215514183, 1.10837686062, 0.609710097313, 0.26744645834, 0.0982910394669, 0.0266175661236, 0.00212933099829, 4.44052166131e-05, 1.20098484331e-05],
        "dmean2": [0.134148567915, 1.60207891464, 4.39827728271, 7.1530122757, 14.2121419907, 24.9181289673, 15.3504323959, 14.3608436584, 10.827662468, 28.5093593597, 49.2872200012, 42.6787109375, 33.733707428, 20.7990436554, 25.2109851837, 21.4912986755, 20.308298111, 25.4837493896, 45.0188903809, 35.8023757935, 54.0124435425, 34.3696746826, 29.5430870056, 16.1203727722, 14.0449428558, 13.5387039185, 12.5973300934, 9.57727909088, 9.55317211151, 7.65872049332, 5.03338909149, 2.83163499832, 1.77764439583, 0.943816840649, 0.405670285225, 0.149844989181, 0.0383197143674, 0.00319388741627, 6.49062276352e-05, 1.87994937733e-05],
        "dvar": [0.00961033627391, 1.20816612244, 15.2113618851, 36.9338645935, 235.137817383, 951.781616211, 136.589584351, 165.667007446, 46.206363678, 682.137084961, 2561.91210938, 2436.19140625, 1014.51922607, 619.642272949, 601.894714355, 570.929321289, 447.022644043, 560.732421875, 1152.51135254, 1002.89916992, 1620.42321777, 548.919677734, 400.506774902, 115.084266663, 86.1033401489, 75.4255447388, 89.1285324097, 58.9706802368, 50.5365867615, 32.5921783447, 21.6294212341, 11.0810661316, 10.0288791656, 2.47764849663, 0.739674985409, 0.0867262929678, 0.00900586135685, 6.22919396847e-05, 2.1185783794e-08, 1.79449413662e-10],
        "dvar2": [0.0266311615705, 3.05693173409, 43.2434234619, 100.947463989, 588.747131348, 2466.1081543, 323.177032471, 392.860687256, 126.479507446, 1466.67822266, 5323.34179688, 6198.47900391, 2281.67431641, 1326.48718262, 1574.31860352, 1216.89331055, 1066.09228516, 1299.59912109, 2974.19311523, 2523.02954102, 4053.38891602, 1424.91308594, 987.287475586, 269.71963501, 221.684158325, 208.439239502, 232.509277344, 157.923751831, 125.697883606, 82.6660232544, 48.1213226318, 21.4918365479, 21.6433925629, 4.51326417923, 1.22125220299, 0.171824872494, 0.0133155211806, 0.000102894984593, 3.35602585722e-08, 3.90185939114e-10],
        "max": [1.09676408768, 9.41499996185, 33.5239524841, 44.516708374, 142.060852051, 273.452148438, 159.899261475, 220.683563232, 73.1925506592, 446.166381836, 659.399719238, 687.70324707, 443.225708008, 482.244049072, 414.834259033, 378.169616699, 319.713500977, 535.453125, 464.158508301, 416.846679688, 545.809448242, 289.164916992, 263.574279785, 117.461380005, 107.255104065, 90.7932739258, 129.903518677, 130.280609131, 126.892524719, 92.1762237549, 100.724838257, 79.0908584595, 98.6438674927, 55.0410728455, 25.1850471497, 7.87947368622, 2.25939941406, 0.201521098614, 0.00349107803777, 0.0002544807503],
        "mean": [0.13685208559, 1.59337234497, 3.07585501671, 4.56073331833, 9.27688121796, 14.9095115662, 16.0684700012, 17.0775852203, 13.4846515656, 52.8963165283, 88.4013824463, 60.1753311157, 55.4824409485, 29.45844841, 30.3893070221, 26.5003738403, 26.2079048157, 33.9265060425, 53.4623832703, 46.70860672, 62.6854820251, 47.5470123291, 39.9979400635, 24.2394599915, 20.6929283142, 20.1936168671, 16.8387413025, 12.994805336, 13.8045110703, 11.7514610291, 7.37991094589, 4.43993377686, 2.65534615517, 1.53524386883, 0.696080446243, 0.220345675945, 0.0549421012402, 0.00370383216068, 0.000107845051389, 4.99360721733e-05],
        "median": [0.0869331359863, 1.14024317265, 2.05202555656, 2.43796992302, 3.46985507011, 5.15843105316, 11.0837602615, 10.5590276718, 10.3877563477, 25.4533119202, 40.4377059937, 34.9883499146, 29.8994598389, 14.9901685715, 17.6456661224, 13.754365921, 12.2788448334, 22.6409988403, 40.6408119202, 26.3604679108, 46.9093322754, 37.7323646545, 31.6837024689, 20.5160770416, 18.7082424164, 18.5286808014, 15.0971288681, 11.3546743393, 11.8328580856, 9.92420101166, 6.03530073166, 3.34339046478, 2.09596037865, 1.19381332397, 0.48965883255, 0.143635496497, 0.0288031771779, 0.00167687726207, 7.17524671927e-05, 5.06064789079e-05],
        "min": [0.000374482624466, 0.00651604775339, 0.0458829253912, 0.11830779165, 0.0927131101489, 0.0561366267502, 0.183606535196, 0.453078508377, 0.299061924219, 0.120379894972, 0.0387336499989, 0.144248306751, 0.843585550785, 0.600258171558, 0.21749818325, 0.15365435183, 0.311556696892, 1.26387298107, 1.93024921417, 0.534802138805, 0.863073766232, 0.720240056515, 0.293157488108, 0.288610637188, 0.135420322418, 0.129225149751, 0.0934392213821, 0.097441509366, 0.0635666176677, 0.0400810204446, 0.0147268269211, 0.00584723521024, 0.00498882122338, 0.00305203977041, 0.000823292764835, 0.000165976234712, 2.15149666474e-05, 1.75566742655e-06, 2.04009256777e-06, 3.18315323966e-06],
        "var": [0.018412379548, 2.20728468895, 12.8149995804, 33.8630828857, 233.954666138, 810.251037598, 309.842926025, 426.399658203, 114.969802856, 4575.76953125, 13124.0683594, 6205.79003906, 4421.90185547, 1725.89538574, 1714.99865723, 1602.36047363, 1336.00476074, 1444.35754395, 2314.44580078, 2794.06176758, 3131.45239258, 1337.48950195, 1004.95458984, 258.699768066, 160.75289917, 188.540374756, 147.883804321, 99.8484802246, 137.687347412, 104.812164307, 60.7494087219, 35.9739990234, 20.571975708, 5.29882907867, 1.73807370663, 0.182406961918, 0.0207213442773, 0.000124365251395, 4.64703902026e-08, 5.10580910884e-10]
    },
    "gfcc": {
        "mean": [56.3000946045, 84.7890701294, -128.424804688, 44.3723220825, -65.318901062, 17.8425254822, -41.3281021118, 19.4170856476, -15.3993616104, 6.56250667572, -21.8464241028, -1.03219819069, -8.81943416595],
        "cov": [[1394.27893066, -601.079101562, 53.833530426, -146.488723755, -259.430145264, 184.185836792, -20.6461391449, 39.7219619751, -76.2648696899, 29.0427246094, -79.6229248047, 67.6887054443, -142.089813232], [-601.079101562, 506.216766357, -65.3319015503, 35.2046890259, 161.326721191, -129.587127686, 70.2512054443, -19.2319431305, 49.6937103271, -23.7319946289, 41.5318412781, -47.9820289612, 63.7778167725], [53.833530426, -65.3319015503, 188.158279419, 71.6542205811, 4.30169868469, 36.2534065247, -41.2470703125, -11.8457279205, -26.1431369781, 2.02058124542, -4.80973052979, 14.3354625702, -7.98353147507], [-146.488723755, 35.2046890259, 71.6542205811, 184.219146729, 74.2169570923, -12.5652265549, -47.9998092651, -28.9372768402, 10.940747261, -12.2656593323, 7.23924732208, -20.0970458984, 40.6317939758], [-259.430145264, 161.326721191, 4.30169868469, 74.2169570923, 201.301223755, -47.698677063, 20.5562458038, 4.7324590683, 29.7547950745, 37.0671691895, 6.5502281189, 4.8102517128, 48.7741699219], [184.185836792, -129.587127686, 36.2534065247, -12.5652265549, -47.698677063, 140.173660278, 40.3787536621, 11.8143405914, -17.2649707794, 2.56450510025, 12.0097532272, 13.1779327393, -22.18217659], [-20.6461391449, 70.2512054443, -41.2470703125, -47.9998092651, 20.5562458038, 40.3787536621, 134.359527588, 44.66456604, 23.1276855469, 21.0650539398, 21.5097045898, 7.29960870743, -21.4260692596], [39.7219619751, -19.2319431305, -11.8457279205, -28.9372768402, 4.7324590683, 11.8143405914, 44.66456604, 87.0786590576, 45.3518600464, 31.0043563843, 3.26713442802, 11.5103607178, -4.45107221603], [-76.2648696899, 49.6937103271, -26.1431369781, 10.940747261, 29.7547950745, -17.2649707794, 23.1276855469, 45.3518600464, 97.5824813843, 47.6246566772, 13.9958333969, 1.49473488331, 16.3479042053], [29.0427246094, -23.7319946289, 2.02058124542, -12.2656593323, 37.0671691895, 2.56450510025, 21.0650539398, 31.0043563843, 47.6246566772, 97.7736282349, 33.6932029724, 31.031621933, 1.32902514935], [-79.6229248047, 41.5318412781, -4.80973052979, 7.23924732208, 6.5502281189, 12.0097532272, 21.5097045898, 3.26713442802, 13.9958333969, 33.6932029724, 71.5481719971, 25.7145023346, 10.8522891998], [67.6887054443, -47.9820289612, 14.3354625702, -20.0970458984, 4.8102517128, 13.1779327393, 7.29960870743, 11.5103607178, 1.49473488331, 31.031621933, 25.7145023346, 64.4156112671, 10.4467716217], [-142.089813232, 63.7778167725, -7.98353147507, 40.6317939758, 48.7741699219, -22.18217659, -21.4260692596, -4.45107221603, 16.3479042053, 1.32902514935, 10.8522891998, 10.4467716217, 73.8465042114]],
        "icov": [[0.00200307345949, 0.000700733973645, 0.000602682528552, -0.000449664279586, 0.0015097905416, -0.00130096252542, 0.000335059943609, -0.000507347867824, 0.00102895870805, -0.00179237220436, 0.00311252567917, -0.00236583966762, 0.0019219488604], [0.000700733973645, 0.0113503644243, -0.00365202943794, 0.00540616968647, -0.00657154154032, 0.00902921892703, -0.00870594754815, 0.00572751369327, -0.00599216669798, 0.00930837076157, -0.0110468240455, 0.00978995207697, -0.00555457593873], [0.000602682528552, -0.00365202943794, 0.0102428700775, -0.00653193052858, 0.00278668059036, -0.00596358301118, 0.00566473184153, -0.00375790591352, 0.00514840707183, -0.00550283677876, 0.0068473983556, -0.00778094446287, 0.00585401244462], [-0.000449664279586, 0.00540616968647, -0.00653193052858, 0.014812999405, -0.00842615682632, 0.00345092848875, -0.00104341027327, 0.00529154296964, -0.00762052414939, 0.0092956982553, -0.0111554535106, 0.0108189648017, -0.00614414922893], [0.0015097905416, -0.00657154154032, 0.00278668059036, -0.00842615682632, 0.0156834553927, -0.00325624039397, 0.000386046245694, -0.00341448513791, 0.00704308226705, -0.0133842490613, 0.0138081824407, -0.00889685750008, -1.37339361572e-06], [-0.00130096252542, 0.00902921892703, -0.00596358301118, 0.00345092848875, -0.00325624039397, 0.0196986757219, -0.0129078738391, 0.00477685313672, -0.00340057373978, 0.00806061830372, -0.0122688431293, 0.00957664102316, -0.00717825023457], [0.000335059943609, -0.00870594754815, 0.00566473184153, -0.00104341027327, 0.000386046245694, -0.0129078738391, 0.0221024788916, -0.00979926995933, 0.00315695442259, -0.00467140274122, 0.00465910183266, -0.00801126658916, 0.0108739351854], [-0.000507347867824, 0.00572751369327, -0.00375790591352, 0.00529154296964, -0.00341448513791, 0.00477685313672, -0.00979926995933, 0.0230772327632, -0.0123513219878, 0.00433438271284, -0.00364336231723, 0.0039120092988, -0.00436441227794], [0.00102895870805, -0.00599216669798, 0.00514840707183, -0.00762052414939, 0.00704308226705, -0.00340057373978, 0.00315695442259, -0.0123513219878, 0.025414224714, -0.0167084150016, 0.00935675110668, -0.00335339899175, 0.000176696106791], [-0.00179237220436, 0.00930837076157, -0.00550283677876, 0.0092956982553, -0.0133842490613, 0.00806061830372, -0.00467140274122, 0.00433438271284, -0.0167084150016, 0.0325883701444, -0.0214701388031, 0.00555780343711, -0.00154905032832], [0.00311252567917, -0.0110468240455, 0.0068473983556, -0.0111554535106, 0.0138081824407, -0.0122688431293, 0.00465910183266, -0.00364336231723, 0.00935675110668, -0.0214701388031, 0.0401825010777, -0.0218272116035, 0.00623229146004], [-0.00236583966762, 0.00978995207697, -0.00778094446287, 0.0108189648017, -0.00889685750008, 0.00957664102316, -0.00801126658916, 0.0039120092988, -0.00335339899175, 0.00555780343711, -0.0218272116035, 0.0378110408783, -0.0146360360086], [0.0019219488604, -0.00555457593873, 0.00585401244462, -0.00614414922893, -1.37339361572e-06, -0.00717825023457, 0.0108739351854, -0.00436441227794, 0.000176696106791, -0.00154905032832, 0.00623229146004, -0.0146360360086, 0.0279304143041]]
    },
    "melbands": {
        "dmean": [0.000875562895089, 0.00126575515606, 0.000749476836063, 0.000977748539299, 0.000328984402586, 0.000205900942092, 9.74620343186e-05, 0.00025951306452, 0.000270555872703, 0.000171453270013, 0.000117724361189, 6.02654108661e-05, 6.19635320618e-05, 4.7132736654e-05, 3.36886405421e-05, 2.79826908809e-05, 3.45678236044e-05, 5.90582603763e-05, 2.61056811723e-05, 2.95719964925e-05, 4.10280481447e-05, 2.39959099417e-05, 2.36536434386e-05, 1.25164706333e-05, 8.95058383321e-06, 6.83735788698e-06, 6.4228215706e-06, 5.93244476477e-06, 5.06868991579e-06, 4.49414255854e-06, 3.45230614585e-06, 3.60488866136e-06, 3.64018160326e-06, 2.38906500272e-06, 1.99243186216e-06, 1.4333126046e-06, 1.09593690922e-06, 9.40998859278e-07, 6.07200661307e-07, 5.55140047709e-07],
        "dmean2": [0.00148086633999, 0.00219233380631, 0.00130280782469, 0.00161637563724, 0.000549074728042, 0.000340565689839, 0.000161152973305, 0.000379592151148, 0.00040224584518, 0.00026138726389, 0.000173596767127, 9.41285179579e-05, 0.000100367818959, 7.49092359911e-05, 5.28716700501e-05, 4.44354991487e-05, 5.6744163885e-05, 9.88167885225e-05, 4.23254714406e-05, 4.83833791804e-05, 6.90467495588e-05, 3.97571020585e-05, 3.92939691665e-05, 2.07522625715e-05, 1.47152877616e-05, 1.14804470286e-05, 1.09752209028e-05, 1.00406232377e-05, 8.60436921357e-06, 7.60411194278e-06, 5.87860677115e-06, 6.16474153503e-06, 6.10620372754e-06, 3.98034262616e-06, 3.41272561855e-06, 2.37961126004e-06, 1.81836958291e-06, 1.52560755851e-06, 9.6575047337e-07, 8.73870874329e-07],
        "dvar": [1.10551184207e-06, 2.79763344224e-06, 1.11658016522e-06, 3.92207311961e-06, 1.68000767076e-07, 8.82608262032e-08, 1.16475309397e-08, 1.27129169414e-07, 1.43333494407e-07, 7.91094905139e-08, 2.74296922953e-08, 1.25864394462e-08, 1.2551681472e-08, 7.02462532587e-09, 5.55332713148e-09, 2.79548983961e-09, 3.05638581111e-09, 6.02140337591e-09, 1.43822409537e-09, 1.39208222727e-09, 2.90253621138e-09, 7.87125753465e-10, 8.16497203182e-10, 1.85187407076e-10, 9.83082851236e-11, 5.06990387172e-11, 5.15767532849e-11, 4.64568244984e-11, 3.84202704373e-11, 3.39549326156e-11, 2.03699938861e-11, 2.167212243e-11, 2.22348719298e-11, 9.54095656647e-12, 8.94813216579e-12, 6.44720474924e-12, 5.390156637e-12, 7.10242541863e-12, 1.67235246918e-12, 2.26678203118e-12],
        "dvar2": [2.94420624414e-06, 7.57705311116e-06, 2.97700603369e-06, 9.92179229797e-06, 4.0709076643e-07, 2.11364437064e-07, 3.19226920453e-08, 2.62494324943e-07, 3.17249885029e-07, 2.04859205155e-07, 6.17336155528e-08, 2.75461857768e-08, 3.41413795013e-08, 1.60550399642e-08, 1.13559135428e-08, 6.71801814178e-09, 7.1047399075e-09, 1.54300270339e-08, 3.46714279509e-09, 3.56580209804e-09, 7.01987401541e-09, 2.04950256766e-09, 2.19572671156e-09, 4.91765628219e-10, 2.25849200453e-10, 1.28926355702e-10, 1.47859474664e-10, 1.23709695266e-10, 9.91903781333e-11, 9.36030003507e-11, 5.46609077445e-11, 5.56751242331e-11, 6.09344796842e-11, 2.36192471831e-11, 2.08170460037e-11, 1.50014965727e-11, 1.15770500825e-11, 1.63940892112e-11, 2.84450913345e-12, 4.81211338138e-12],
        "max": [0.0110063795, 0.0155565449968, 0.00697904126719, 0.0161427147686, 0.00451699458063, 0.00500391609967, 0.00166259962134, 0.00467628287151, 0.00548156863078, 0.00388842448592, 0.00240109208971, 0.00218088133261, 0.00200441712514, 0.00145268265624, 0.00126493652351, 0.000852028781082, 0.00121747364756, 0.00107369048055, 0.00051644560881, 0.000444905337645, 0.000867775816005, 0.000298757659039, 0.000398973643314, 0.000146076534293, 0.000110288608994, 7.73055580794e-05, 0.000113173693535, 7.43206037441e-05, 8.84965775185e-05, 7.29799430701e-05, 8.44576352392e-05, 8.74563120306e-05, 8.34790189401e-05, 5.02320472151e-05, 5.66141752643e-05, 5.78961880819e-05, 5.27013580722e-05, 7.86156087997e-05, 3.76403477276e-05, 4.96510874655e-05],
        "mean": [0.00155771139544, 0.00187061156612, 0.000885061279405, 0.000975017028395, 0.000562466739211, 0.0004032139841, 0.000218334462261, 0.000706233142409, 0.000700905977283, 0.000357109092874, 0.000279802508885, 0.000130409403937, 0.000107581981865, 8.5255203885e-05, 6.21459403192e-05, 5.25592840859e-05, 6.81411329424e-05, 0.000104424711026, 5.33437269041e-05, 6.06179419265e-05, 7.36636357033e-05, 4.64735203423e-05, 4.62566131318e-05, 2.5861299946e-05, 1.92056686501e-05, 1.53985711222e-05, 1.43675861182e-05, 1.34012389026e-05, 1.10751689135e-05, 8.8047772806e-06, 7.07060371496e-06, 7.72817111283e-06, 8.26105224405e-06, 5.687103112e-06, 4.44630722995e-06, 3.21878042087e-06, 2.54903034147e-06, 2.02971932595e-06, 1.38418431561e-06, 1.25301596654e-06],
        "median": [0.00114194303751, 0.00132578448392, 0.000481810362544, 0.000297305290587, 0.000397119612899, 0.000256803788943, 0.000148043021909, 0.000307722191792, 0.000348467525328, 0.000200271737413, 0.000140723481309, 5.59265135962e-05, 5.84618719586e-05, 3.08947892336e-05, 2.81473330688e-05, 2.07335233426e-05, 4.40452022303e-05, 7.52038322389e-05, 2.74175345112e-05, 4.15804643126e-05, 5.34178216185e-05, 3.45941953128e-05, 3.47602144757e-05, 2.18093355215e-05, 1.51053518493e-05, 1.35244290504e-05, 1.30996313601e-05, 1.1505087059e-05, 9.6413286883e-06, 7.56259578338e-06, 5.99846589466e-06, 6.56559268464e-06, 6.56679003441e-06, 4.87330817123e-06, 3.504507049e-06, 2.49588333645e-06, 1.82281598882e-06, 1.55167901994e-06, 1.10273288101e-06, 9.40791153425e-07],
        "min": [2.63623587671e-06, 2.01323709916e-05, 2.46840791078e-05, 6.07507809036e-06, 5.36089328307e-06, 1.07116347863e-05, 5.77656282985e-06, 3.28432264496e-07, 1.98053484723e-07, 7.74464723463e-08, 3.18450133818e-06, 2.14743477045e-06, 3.7290934074e-07, 4.12387834103e-07, 4.18287754655e-07, 2.313223888e-07, 1.49110906023e-06, 2.73197065326e-06, 1.28073025962e-07, 6.81399058067e-07, 3.59723827614e-07, 7.2129819273e-07, 3.08561681095e-07, 1.37321237048e-07, 2.41465613726e-07, 1.61799803777e-07, 6.58295817857e-08, 9.12982898171e-08, 5.87944199992e-08, 4.34491838064e-08, 5.59902062491e-08, 3.54359102062e-08, 2.98042479585e-08, 1.15244089827e-08, 8.43315284271e-09, 1.89948767826e-09, 2.17238338429e-09, 3.06091707536e-09, 1.92261340182e-09, 4.09518224886e-10],
