{
"highlevel": {
    "danceability": {
        "all": {
            "danceable": 2.28864238672e-09,
            "not_danceable": 1
        },
        "probability": 1,
        "value": "not_danceable"
    },
    "gender": {
        "all": {
            "female": 0.60599988699,
            "male": 0.39400011301
        },
        "probability": 0.60599988699,
        "value": "female"
    },
    "genre_dortmund": {
        "all": {
            "alternative": 0.218148961663,
            "blues": 0.00324101210572,
            "electronic": 0.165446892381,
            "folkcountry": 0.0220781508833,
            "funksoulrnb": 0.00400423957035,
            "jazz": 0.00831836275756,
            "pop": 0.0363171324134,
            "raphiphop": 0.00214000744745,
            "rock": 0.540305256844
        },
        "probability": 0.540305256844,
        "value": "rock"
    },
    "genre_electronic": {
        "all": {
            "ambient": 0.121733918786,
            "dnb": 0.098415158689,
            "house": 0.0146036827937,
            "techno": 0.0174458716065,
            "trance": 0.747801363468
        },
        "probability": 0.747801363468,
        "value": "trance"
    },
    "genre_rosamerica": {
        "all": {
            "cla": 9.85911901807e-05,
            "dan": 0.0102447727695,
            "hip": 0.000125264428789,
            "jaz": 9.67904852587e-05,
            "pop": 0.015023984015,
            "rhy": 6.17815603619e-05,
            "roc": 0.974301099777,
            "spe": 4.77359826618e-05
        },
        "probability": 0.974301099777,
        "value": "roc"
    },
    "genre_tzanetakis": {
        "all": {
            "blu": 0.0626541376114,
            "cla": 0.0348133966327,
            "cou": 0.0783501937985,
            "dis": 0.104547761381,
            "hip": 0.15693578124,
            "jaz": 0.313987255096,
            "met": 0.044816005975,
            "pop": 0.0627349764109,
            "reg": 0.0627352520823,
            "roc": 0.0784252434969
        },
        "probability": 0.313987255096,
        "value": "jaz"
    },
    "ismir04_rhythm": {
        "all": {
            "ChaChaCha": 0.0550534576178,
            "Jive": 0.79861664772,
            "Quickstep": 0.0038714450784,
            "Rumba-American": 0.00156543287449,
            "Rumba-International": 0.0113268401474,
            "Rumba-Misc": 0.00178800430149,
            "Samba": 0.0665894672275,
            "Tango": 0.00236030551605,
            "VienneseWaltz": 0.055995952338,
            "Waltz": 0.00283244019374
        },
        "probability": 0.79861664772,
        "value": "Jive"
    },
    "mood_acoustic": {
        "all": {
            "acoustic": 3.43092771971e-08,
            "not_acoustic": 0.999999940395
        },
        "probability": 0.999999940395,
        "value": "not_acoustic"
    },
    "mood_aggressive": {
        "all": {
            "aggressive": 0.998845398426,
            "not_aggressive": 0.00115458096843
        },
        "probability": 0.998845398426,
        "value": "aggressive"
    },
    "mood_electronic": {
        "all": {
            "electronic": 0.918278515339,
            "not_electronic": 0.0817214921117
        },
        "probability": 0.918278515339,
        "value": "electronic"
    },
    "mood_happy": {
        "all": {
            "happy": 0.732144773006,
            "not_happy": 0.267855256796
        },
        "probability": 0.732144773006,
        "value": "happy"
    },
    "mood_party": {
        "all": {
            "not_party": 0.123611070216,
            "party": 0.876388907433
        },
        "probability": 0.876388907433,
        "value": "party"
    },
    "mood_relaxed": {
        "all": {
            "not_relaxed": 0.882503628731,
            "relaxed": 0.117496393621
        },
        "probability": 0.882503628731,
        "value": "not_relaxed"
    },
    "mood_sad": {
        "all": {
            "not_sad": 0.968004703522,
            "sad": 0.0319953225553
        },
        "probability": 0.968004703522,
        "value": "not_sad"
    },
    "moods_mirex": {
        "all": {
            "Cluster1": 0.53231292963,
            "Cluster2": 0.0694605335593,
            "Cluster3": 0.0683825388551,
            "Cluster4": 0.0460965633392,
            "Cluster5": 0.283747434616
        },
        "probability": 0.53231292963,
        "value": "Cluster1"
    },
    "timbre": {
        "all": {
            "bright": 0.378694087267,
            "dark": 0.621305882931
        },
        "probability": 0.621305882931,
        "value": "dark"
    },
    "tonal_atonal": {
        "all": {
            "atonal": 0.423750907183,
            "tonal": 0.57624912262
        },
        "probability": 0.57624912262,
        "value": "tonal"
    },
    "voice_instrumental": {
        "all": {
            "instrumental": 0.00551126617938,
            "voice": 0.994488716125
        },
        "probability": 0.994488716125,
        "value": "voice"
    }
},
"lowlevel": {
    "average_loudness": 0.984093785286,
    "barkbands_crest": {
        "dmean": 2.85807609558,
        "dmean2": 4.89988231659,
        "dvar": 7.31861925125,
        "dvar2": 20.9349575043,
        "max": 21.6262741089,
        "mean": 7.42834854126,
        "median": 6.62448215485,
        "min": 2.15270614624,
        "var": 11.5793247223
    },
    "barkbands_flatness_db": {
        "dmean": 0.0148418210447,
        "dmean2": 0.0253889262676,
        "dvar": 0.000202953189728,
        "dvar2": 0.000555141712539,
        "max": 0.178798496723,
        "mean": 0.0802714526653,
        "median": 0.0778965428472,
        "min": 0.0327779464424,
        "var": 0.000345233973349
    },
    "barkbands_kurtosis": {
        "dmean": 0.938427686691,
        "dmean2": 1.63006448746,
        "dvar": 2.23766541481,
        "dvar2": 6.29481506348,
        "max": 14.7597179413,
        "mean": 0.122218027711,
        "median": -0.24982047081,
        "min": -1.40846097469,
        "var": 2.02565646172
    },
    "barkbands_skewness": {
        "dmean": 0.362879097462,
        "dmean2": 0.605067670345,
        "dvar": 0.14896325767,
        "dvar2": 0.398692131042,
        "max": 3.86522531509,
        "mean": 0.915789306164,
        "median": 0.834090650082,
        "min": -0.301145642996,
        "var": 0.220754817128
    },
    "barkbands_spread": {
        "dmean": 5.63502979279,
        "dmean2": 9.430352211,
        "dvar": 25.3751964569,
        "dvar2": 68.5641784668,
        "max": 62.3568496704,
        "mean": 37.0361328125,
        "median": 36.9980430603,
        "min": 13.7442092896,
        "var": 52.9735488892
    },
    "dissonance": {
        "dmean": 0.00991902686656,
        "dmean2": 0.0169658940285,
        "dvar": 6.48009736324e-05,
        "dvar2": 0.000184962831554,
        "max": 0.499915003777,
        "mean": 0.483498603106,
        "median": 0.484998911619,
        "min": 0.439738333225,
        "var": 0.000102654812508
    },
    "dynamic_complexity": 0.664555549622,
    "erbbands_crest": {
        "dmean": 1.54184055328,
        "dmean2": 2.66573762894,
        "dvar": 1.98417568207,
        "dvar2": 5.9090013504,
        "max": 14.1607589722,
        "mean": 5.1145324707,
        "median": 4.69075775146,
        "min": 2.53495788574,
        "var": 2.84697508812
    },
    "erbbands_flatness_db": {
        "dmean": 0.00834766682237,
        "dmean2": 0.0139232976362,
        "dvar": 4.4711123337e-05,
        "dvar2": 0.000129616339109,
        "max": 0.150493532419,
        "mean": 0.11215108633,
        "median": 0.111750476062,
        "min": 0.0731998309493,
        "var": 0.00012790915207
    },
    "erbbands_kurtosis": {
        "dmean": 0.275765508413,
        "dmean2": 0.462190717459,
        "dvar": 0.0536826699972,
        "dvar2": 0.144218564034,
        "max": 1.06374073029,
        "mean": -0.5354809165,
        "median": -0.57275223732,
        "min": -1.28281486034,
        "var": 0.109403543174
    },
    "erbbands_skewness": {
        "dmean": 0.221777588129,
        "dmean2": 0.373402565718,
        "dvar": 0.0321530550718,
        "dvar2": 0.0919545888901,
        "max": 1.20213079453,
        "mean": 0.0991396829486,
        "median": 0.079663939774,
        "min": -0.806585013866,
        "var": 0.0790336206555
    },
    "erbbands_spread": {
        "dmean": 5.86759090424,
        "dmean2": 9.53072166443,
        "dvar": 22.2677116394,
        "dvar2": 59.5207366943,
        "max": 69.1335372925,
        "mean": 43.9068527222,
        "median": 43.3046340942,
        "min": 26.543428421,
        "var": 49.5539512634
    },
    "hfc": {
        "dmean": 6.4982380867,
        "dmean2": 10.2719459534,
        "dvar": 39.0839805603,
        "dvar2": 95.1632614136,
        "max": 89.0442657471,
        "mean": 45.6148719788,
        "median": 44.5441093445,
        "min": 20.1255722046,
        "var": 98.6099777222
    },
    "melbands_crest": {
        "dmean": 4.07285547256,
        "dmean2": 6.86788511276,
        "dvar": 12.345252037,
        "dvar2": 34.326625824,
        "max": 29.7361564636,
        "mean": 12.5665235519,
        "median": 11.4946336746,
        "min": 4.46416902542,
        "var": 27.2036323547
    },
    "melbands_flatness_db": {
        "dmean": 0.0216218009591,
        "dmean2": 0.0362862087786,
        "dvar": 0.000471948238555,
        "dvar2": 0.00121217186097,
        "max": 0.258558541536,
        "mean": 0.119262337685,
        "median": 0.114194661379,
        "min": 0.0499160215259,
        "var": 0.000865048903506
    },
    "melbands_kurtosis": {
        "dmean": 3.41399788857,
        "dmean2": 5.85600137711,
        "dvar": 27.6018218994,
        "dvar2": 76.8492355347,
        "max": 61.498664856,
        "mean": 5.51565170288,
        "median": 4.2910823822,
        "min": -0.0949380397797,
        "var": 24.9590034485
    },
    "melbands_skewness": {
        "dmean": 0.569474697113,
        "dmean2": 0.955050349236,
        "dvar": 0.391786187887,
        "dvar2": 1.05759525299,
        "max": 7.2194480896,
        "mean": 2.06691646576,
        "median": 1.90920865536,
        "min": 0.769276678562,
        "var": 0.524482607841
    },
    "melbands_spread": {
        "dmean": 8.29647159576,
        "dmean2": 13.5950431824,
        "dvar": 49.5177497864,
        "dvar2": 125.324043274,
        "max": 95.5629119873,
        "mean": 37.5589485168,
        "median": 37.5883026123,
        "min": 6.86983728409,
        "var": 114.43952179
    },
    "pitch_salience": {
        "dmean": 0.0697221755981,
        "dmean2": 0.118411019444,
        "dvar": 0.00401579029858,
        "dvar2": 0.0115546416491,
        "max": 0.796742975712,
        "mean": 0.604881167412,
        "median": 0.618823766708,
        "min": 0.221183300018,
        "var": 0.00739538669586
    },
    "silence_rate_20dB": {
        "dmean": 0,
        "dmean2": 0,
        "dvar": 0,
        "dvar2": 0,
        "max": 1,
        "mean": 1,
        "median": 1,
        "min": 1,
        "var": 0
    },
    "silence_rate_30dB": {
        "dmean": 0,
        "dmean2": 0,
        "dvar": 0,
        "dvar2": 0,
        "max": 1,
        "mean": 1,
        "median": 1,
        "min": 1,
        "var": 0
    },
    "silence_rate_60dB": {
        "dmean": 0,
        "dmean2": 0,
        "dvar": 0,
        "dvar2": 0,
        "max": 0,
        "mean": 0,
        "median": 0,
        "min": 0,
        "var": 0
    },
    "spectral_centroid": {
        "dmean": 223.413970947,
        "dmean2": 371.650604248,
        "dvar": 35917.046875,
        "dvar2": 98637.453125,
        "max": 3124.90844727,
        "mean": 1918.37646484,
        "median": 1916.73522949,
        "min": 926.627502441,
        "var": 86323.7109375
    },
    "spectral_complexity": {
        "dmean": 4.39164066315,
        "dmean2": 7.24554586411,
        "dvar": 10.8914718628,
        "dvar2": 30.6748123169,
        "max": 58,
        "mean": 42.686000824,
        "median": 42,
        "min": 18,
        "var": 23.7235088348
    },
    "spectral_decrease": {
        "dmean": 3.43415140769e-09,
        "dmean2": 5.68842484228e-09,
        "dvar": 1.79537219305e-17,
        "dvar2": 4.67916385623e-17,
        "max": -3.50414097738e-09,
        "mean": -1.0492211544e-08,
        "median": -9.30207111338e-09,
        "min": -3.5772060869e-08,
        "var": 2.09820698578e-17
    },
    "spectral_energy": {
        "dmean": 0.0132902888581,
        "dmean2": 0.0219554882497,
        "dvar": 0.000259841035586,
        "dvar2": 0.000675137911458,
        "max": 0.139072149992,
        "mean": 0.043737411499,
        "median": 0.0391773618758,
        "min": 0.0158630441874,
        "var": 0.00030775857158
    },
    "spectral_energyband_high": {
        "dmean": 0.000643007515464,
        "dmean2": 0.00106063345447,
        "dvar": 4.51564403647e-07,
        "dvar2": 1.122077947e-06,
        "max": 0.00824841763824,
        "mean": 0.00308217015117,
        "median": 0.00287968222983,
        "min": 0.00109735340811,
        "var": 1.02687215531e-06
    },
    "spectral_energyband_low": {
        "dmean": 0.0095555735752,
        "dmean2": 0.0164781156927,
        "dvar": 0.000254864280578,
        "dvar2": 0.000678588694427,
        "max": 0.119267053902,
        "mean": 0.014738323167,
        "median": 0.0100172301754,
        "min": 0.000341661565471,
        "var": 0.000262188026682
    },
    "spectral_energyband_middle_high": {
        "dmean": 0.00195083767176,
        "dmean2": 0.00321326311678,
        "dvar": 2.71892690762e-06,
        "dvar2": 7.39236338632e-06,
        "max": 0.0272743795067,
        "mean": 0.0104162152857,
        "median": 0.0101049328223,
        "min": 0.00379464984871,
        "var": 6.63597711537e-06
    },
    "spectral_energyband_middle_low": {
        "dmean": 0.00608103256673,
        "dmean2": 0.00999916996807,
        "dvar": 4.87045654154e-05,
        "dvar2": 0.000127246210468,
        "max": 0.0773545131087,
        "mean": 0.0161105338484,
        "median": 0.0141139635816,
        "min": 0.00298746465705,
        "var": 7.17942530173e-05
    },
    "spectral_entropy": {
        "dmean": 0.0572389699519,
        "dmean2": 0.0959007143974,
        "dvar": 0.00222428375855,
        "dvar2": 0.00618214486167,
        "max": 8.37085437775,
        "mean": 8.09668254852,
        "median": 8.09451198578,
        "min": 7.80494976044,
        "var": 0.00609594443813
    },
    "spectral_flux": {
        "dmean": 0.0257372818887,
        "dmean2": 0.0411949083209,
        "dvar": 0.000833782134578,
        "dvar2": 0.0017049551243,
        "max": 0.290941506624,
        "mean": 0.118916064501,
        "median": 0.109831236303,
        "min": 0.061767693609,
        "var": 0.00133147102315
    },
    "spectral_kurtosis": {
        "dmean": 0.535479068756,
        "dmean2": 0.922090709209,
        "dvar": 0.213295146823,
        "dvar2": 0.560944020748,
        "max": 8.86657619476,
        "mean": 2.21262526512,
        "median": 2.16133594513,
        "min": 0.873660087585,
        "var": 0.367853850126
    },
    "spectral_rms": {
        "dmean": 0.000927937740926,
        "dmean2": 0.00151452841237,
        "dvar": 9.44765417898e-07,
        "dvar2": 2.39904875343e-06,
        "max": 0.0116481827572,
        "mean": 0.00642711063847,
        "median": 0.00618237955496,
        "min": 0.00393397267908,
        "var": 1.3628441593e-06
    },
    "spectral_rolloff": {
        "dmean": 561.530273438,
        "dmean2": 942.323974609,
        "dvar": 282471.75,
        "dvar2": 667827.875,
        "max": 5534.03320312,
        "mean": 2169.17700195,
        "median": 2110.25390625,
        "min": 86.1328125,
        "var": 631638.625
    },
    "spectral_skewness": {
        "dmean": 0.110968187451,
        "dmean2": 0.187964484096,
        "dvar": 0.00890328828245,
        "dvar2": 0.0225205589086,
        "max": 2.54877114296,
        "mean": 1.13444697857,
        "median": 1.13330078125,
        "min": 0.774443686008,
        "var": 0.0175404567271
    },
    "spectral_spread": {
        "dmean": 263567.5,
        "dmean2": 430792.375,
        "dvar": 71685898240,
        "dvar2": 140473860096,
        "max": 10918299,
        "mean": 4923901,
        "median": 4878039.5,
        "min": 3873287.25,
        "var": 200067399680
    },
    "spectral_strongpeak": {
        "dmean": 0.428836375475,
        "dmean2": 0.759582400322,
        "dvar": 0.322648584843,
        "dvar2": 0.828644037247,
        "max": 4.14533901215,
        "mean": 0.561258077621,
        "median": 0.331147223711,
        "min": 0.035360597074,
        "var": 0.358977973461
    },
    "zerocrossingrate": {
        "dmean": 0.00952261779457,
        "dmean2": 0.0125375948846,
        "dvar": 6.83366233716e-05,
        "dvar2": 0.000107348038,
        "max": 0.171875,
        "mean": 0.0877040699124,
        "median": 0.0869140625,
        "min": 0.037109375,
        "var": 0.000326809444232
    },
    "barkbands": {
        "dmean": [0.00087704177713, 0.00795767176896, 0.00188921531662, 0.00126328773331, 0.00326115032658, 0.00116185320076, 0.000591251126025, 0.00176678097341, 0.00174176576547, 0.000601627689321, 0.000625521526672, 0.000599930237513, 0.000614813878201, 0.000629586982541, 0.00059831578983, 0.000523084658198, 0.000337597477483, 0.000250631972449, 0.000245818519033, 0.000265794456936, 0.000251598947216, 0.000301323307212, 0.000137346447445, 9.27888322622e-05, 4.83179755975e-05, 3.29613139911e-05, 5.72654705877e-08],
        "dmean2": [0.00145747617353, 0.013809944503, 0.00341736921109, 0.00211400352418, 0.00553353643045, 0.00183127983473, 0.000928806490265, 0.00289818318561, 0.00287647079676, 0.00100420590024, 0.00104453985114, 0.000993893481791, 0.00102520117071, 0.00107696163468, 0.00101109058596, 0.000863146735355, 0.000568471034057, 0.000429709354648, 0.000418468407588, 0.000452306790976, 0.000430932530435, 0.000513446109835, 0.00022768911731, 0.000149065279402, 7.78844841989e-05, 5.35715662409e-05, 1.04395901701e-07],
        "dvar": [1.95241705114e-06, 0.00017824859242, 1.86725537787e-05, 3.86604415326e-06, 2.60237593466e-05, 3.19205560118e-06, 6.10797712852e-07, 4.29416240877e-06, 4.54664541394e-06, 6.43392525035e-07, 6.69542714604e-07, 3.4155655726e-07, 4.16262764702e-07, 4.42953592028e-07, 3.47304904835e-07, 2.22938155048e-07, 8.65189448973e-08, 4.41908625248e-08, 6.48932001468e-08, 5.57524657552e-08, 6.32656451671e-08, 1.0180931298e-07, 1.47345069479e-08, 1.92835756252e-08, 3.04941227824e-09, 1.71226088863e-09, 1.90970320341e-14],
        "dvar2": [5.04461104356e-06, 0.000494510866702, 5.37481064384e-05, 9.61416390055e-06, 6.919210864e-05, 7.57653333494e-06, 1.6315107132e-06, 1.21526109069e-05, 1.20032927953e-05, 1.83648592156e-06, 1.83446923074e-06, 8.9672522563e-07, 1.05732954125e-06, 1.27025361962e-06, 1.00395902791e-06, 5.87054728385e-07, 2.27989247037e-07, 1.22533904801e-07, 1.76066947688e-07, 1.51584941932e-07, 1.73149118154e-07, 2.71485163239e-07, 3.8263280544e-08, 4.24183639325e-08, 7.33825267218e-09, 4.11205780537e-09, 5.33347475071e-14],
        "max": [0.0173641033471, 0.105687633157, 0.031396176666, 0.0262445472181, 0.0504199378192, 0.0254407003522, 0.00950223952532, 0.020446440205, 0.0270371362567, 0.00942443311214, 0.0105743911117, 0.00607168115675, 0.00787176005542, 0.00618983432651, 0.00568190170452, 0.00541549734771, 0.00288831209764, 0.00231666048057, 0.00261886976659, 0.00222394126467, 0.00238461233675, 0.00382556766272, 0.00138199445792, 0.00297020422295, 0.000946337764617, 0.000633118033875, 2.82410769614e-06],
        "mean": [0.00112845154945, 0.0109693007544, 0.00216134637594, 0.0016260255361, 0.00489031150937, 0.00213076244108, 0.00110034912359, 0.00316873076372, 0.00299253012054, 0.00107728224248, 0.00116380723193, 0.00116434588563, 0.0010993257165, 0.00118529156316, 0.00124798901379, 0.00118708948139, 0.000806492695119, 0.000642485800199, 0.000585594738368, 0.000759935472161, 0.000681527482811, 0.000898708996829, 0.000493185769301, 0.000319692771882, 0.000140142612508, 0.000116707436973, 4.02056770099e-08],
        "median": [0.000412742752815, 0.00701874867082, 0.00111857068259, 0.00091561942827, 0.00340493163094, 0.00138108141255, 0.000779831083491, 0.00239991024137, 0.00214623473585, 0.000760871567763, 0.00082155992277, 0.000970857683569, 0.000841895292979, 0.000962977181189, 0.00106392696034, 0.00105274002999, 0.00073132297257, 0.00059523829259, 0.000534963037353, 0.000718195224181, 0.000621113576926, 0.000803561357316, 0.000450044462923, 0.000255260267295, 0.000121127421153, 9.44312196225e-05, 4.43703784825e-09],
        "min": [7.36546112989e-08, 2.93676166621e-05, 1.38435634653e-05, 3.34616015607e-06, 0.00020160494023, 3.7888843508e-05, 3.27519373968e-05, 0.00014939623361, 8.55079197208e-05, 3.71942369384e-05, 3.97077928938e-05, 7.74354339228e-05, 6.01850406383e-05, 0.000102474157757, 0.000192493040231, 0.0001918906637, 0.000125011545606, 0.00015034507669, 0.000103431091702, 0.000184004515177, 0.000186483332072, 0.000151058760821, 0.000100243400084, 5.07422155351e-05, 2.47309685619e-06, 1.54854229439e-09, 1.32361404823e-11],
        "var": [2.65265566668e-06, 0.000179720664164, 1.29475183712e-05, 4.58118756796e-06, 2.6178868211e-05, 5.58179817745e-06, 1.07982771169e-06, 6.90082060828e-06, 7.71023678681e-06, 1.00640670553e-06, 1.18650609693e-06, 5.79722438943e-07, 7.51085622142e-07, 6.44152009954e-07, 5.69797862227e-07, 4.19854330858e-07, 1.47657146954e-07, 7.45333323948e-08, 7.35878629143e-08, 8.29712547556e-08, 8.40949425651e-08, 1.85659160934e-07, 3.91848793413e-08, 6.47093472139e-08, 6.59969146e-09, 7.67036834048e-09, 1.30613259737e-14]
    },
    "erbbands": {
        "dmean": [0.345339328051, 1.43892550468, 2.18315792084, 2.84177231789, 12.3777770996, 7.85993146896, 10.2226514816, 8.54367733002, 6.22487449646, 22.012714386, 40.2968177795, 37.2589225769, 16.3927555084, 20.5272598267, 25.5042457581, 20.6061306, 26.3762722015, 28.937871933, 28.6678256989, 26.9335327148, 22.0094032288, 18.734079361, 13.8115472794, 13.0933647156, 11.0528783798, 13.0298957825, 9.24446964264, 11.1856431961, 11.5845088959, 7.75282096863, 4.04848527908, 2.19136881828, 1.60469949245, 0.697263777256, 0.346695423126, 0.167727544904, 0.0817807242274, 0.00851939897984, 0.000137012335472, 1.72232230398e-05],
        "dmean2": [0.600773513317, 2.56266832352, 3.96817660332, 4.92422056198, 20.9756221771, 13.5722818375, 16.8440971375, 13.481420517, 9.83716392517, 34.8248291016, 68.2063522339, 61.2515068054, 27.0271320343, 34.4489631653, 42.3241081238, 33.9913024902, 43.8151664734, 49.8117523193, 48.5960845947, 44.5794181824, 36.5884208679, 31.5860347748, 23.6710147858, 22.5110778809, 18.9365177155, 22.0868282318, 15.7333097458, 19.3442840576, 19.5018405914, 12.7948932648, 6.67096328735, 3.53879165649, 2.57720255852, 1.11857306957, 0.563923835754, 0.271932840347, 0.134896054864, 0.0144608085975, 0.000230713470955, 2.78793140751e-05],
        "dvar": [0.308367878199, 7.29703521729, 26.7208786011, 19.3310012817, 508.94354248, 103.022674561, 229.509384155, 154.571853638, 57.6673088074, 642.201660156, 3140.66625977, 1821.80493164, 437.908813477, 606.188903809, 1150.51879883, 408.593322754, 799.371398926, 936.201049805, 897.573608398, 601.871887207, 361.887115479, 283.179931641, 141.80960083, 147.594909668, 163.27835083, 136.613143921, 81.5262527466, 127.12020874, 152.661956787, 58.7268600464, 12.84486866, 7.7792725563, 5.37388801575, 0.559667766094, 0.183291211724, 0.0605725571513, 0.00980407930911, 0.000119617179735, 2.97518187864e-08, 3.24162696685e-10],
        "dvar2": [0.836358487606, 20.748878479, 77.0074996948, 52.0656471252, 1322.78015137, 283.881469727, 557.661865234, 415.410675049, 152.143295288, 1614.02026367, 8865.77539062, 4901.23095703, 1191.03955078, 1698.65026855, 3263.69213867, 1054.09997559, 2090.4362793, 2605.28808594, 2462.84423828, 1639.34973145, 989.39251709, 750.248962402, 398.014923096, 395.551849365, 440.771148682, 373.476196289, 217.339172363, 355.578369141, 413.174041748, 159.297073364, 33.4431724548, 18.6611804962, 11.2799310684, 1.42295122147, 0.440795570612, 0.145356729627, 0.0249914620072, 0.000340703234542, 8.2121950129e-08, 8.37385438768e-10],
        "max": [4.71045970917, 19.9935340881, 38.0570144653, 39.171546936, 211.832000732, 102.622322083, 214.669006348, 201.469604492, 87.3948822021, 245.046539307, 589.522888184, 439.673614502, 259.534332275, 257.85458374, 520.690002441, 226.722518921, 335.019561768, 274.748382568, 292.420715332, 250.535797119, 196.95300293, 155.246307373, 131.124786377, 122.697166443, 137.13710022, 110.580467224, 92.0972366333, 120.240684509, 155.103759766, 94.5386657715, 45.0813865662, 64.0089111328, 48.9359970093, 12.2457885742, 7.74672222137, 4.74433612823, 1.37101840973, 0.15293264389, 0.00240886583924, 0.000243763934122],
        "mean": [0.431831657887, 1.9866809845, 2.68141436577, 4.02504682541, 14.6742734909, 13.5473461151, 17.3410224915, 16.17486763, 12.8043842316, 43.0100402832, 70.6279830933, 66.4465713501, 34.1010818481, 39.4678573608, 48.866558075, 45.0037460327, 51.8097610474, 58.594367981, 64.366355896, 68.8854980469, 57.3600463867, 45.6725311279, 36.1996040344, 34.1730308533, 28.2073402405, 35.7414550781, 25.8815402985, 30.2969322205, 32.7952690125, 23.6311912537, 13.7462310791, 7.02627563477, 5.0296626091, 2.06553459167, 0.804900467396, 0.358831614256, 0.289366424084, 0.0259313713759, 0.000485158496303, 7.72951752879e-05],
        "median": [0.225473329425, 1.35016560555, 1.48680627346, 2.69354438782, 7.55647039413, 10.3926258087, 11.285490036, 11.6686439514, 9.70684146881, 31.567401886, 44.9856987, 50.4728546143, 25.4561157227, 30.2207756042, 36.9839477539, 38.8845405579, 41.824180603, 49.5508842468, 54.4633293152, 61.7454299927, 52.7645988464, 41.757106781, 33.461353302, 31.8512306213, 24.8653736115, 33.0971870422, 23.3054275513, 27.173828125, 29.6528053284, 20.7222156525, 12.5333986282, 6.05613851547, 3.79342579842, 1.76625084877, 0.674068748951, 0.279617875814, 0.19794049859, 0.0167202297598, 0.000336280761985, 7.34837012715e-05],
        "min": [0.000646363361739, 0.00810508988798, 0.0288176424801, 0.144976809621, 0.237131983042, 0.737279593945, 0.784085571766, 0.610131680965, 0.576200962067, 1.54143571854, 3.76793050766, 2.78857684135, 3.81897759438, 4.37116003036, 4.3740530014, 5.51383543015, 6.81396722794, 6.22879266739, 12.7492322922, 12.6724720001, 13.1978206635, 9.61657905579, 8.15270042419, 9.17582702637, 8.53501701355, 8.92325496674, 6.64097595215, 8.70009613037, 6.1807103157, 4.97581243515, 3.38567519188, 1.51358795166, 0.955867469311, 0.0500741377473, 0.0331185795367, 0.0150475949049, 0.000814977101982, 8.57945924508e-05, 4.00372773584e-05, 3.04484638036e-05],
        "var": [0.351135462523, 6.0622215271, 17.7883090973, 19.5604991913, 488.138580322, 121.599838257, 358.470123291, 263.86416626, 111.813949585, 1362.06945801, 4989.36425781, 3184.51953125, 775.812072754, 989.278320312, 1841.23217773, 718.584228516, 1344.67224121, 1267.42260742, 1433.01794434, 1103.73974609, 630.674621582, 435.132537842, 230.41973877, 195.320419312, 181.085906982, 197.866073608, 114.546112061, 167.20135498, 259.373046875, 128.931030273, 33.3219108582, 19.5439147949, 20.8161563873, 1.50103569031, 0.325132459402, 0.0962482094765, 0.0644788444042, 0.000637019693386, 1.70778250208e-07, 6.94879487284e-10]
    },
    "gfcc": {
        "mean": [93.3676376343, 65.4122467041, -122.913322449, 39.8400611877, -63.0905723572, 24.7515335083, -35.3321533203, 11.7962551117, -18.3257102966, 10.4757061005, -22.87774086, 5.25642728806, -14.5348539352],
        "cov": [[150.055175781, -33.0356140137, 57.7480773926, -22.6781215668, 3.56213903427, -9.65390396118, 0.943123459816, 2.26820063591, 7.47047042847, 7.91867780685, -8.20723724365, 9.29454135895, -11.8393011093], [-33.0356140137, 159.294158936, -11.9972438812, 61.1375656128, -13.4461727142, 14.8256893158, 0.748055815697, 7.36182451248, 1.08350193501, -14.958325386, 12.0197038651, -35.6501502991, 24.6875324249], [57.7480773926, -11.9972438812, 98.0652236938, -0.787964880466, 34.7708930969, 3.91522836685, 19.0213260651, 25.2523345947, 28.470790863, 26.7585659027, 5.19694471359, 21.1973876953, -5.23291015625], [-22.6781215668, 61.1375656128, -0.787964880466, 98.6979980469, 16.1409244537, 27.0594940186, 0.96609467268, 3.3873860836, -4.42436218262, -13.1592445374, 6.78271722794, -21.6885623932, 19.8583030701], [3.56213903427, -13.4461727142, 34.7708930969, 16.1409244537, 80.192779541, 25.9033985138, 41.4868240356, 16.3316764832, 21.4550304413, 14.0790891647, 0.664600133896, 18.6780643463, -2.99754977226], [-9.65390396118, 14.8256893158, 3.91522836685, 27.0594940186, 25.9033985138, 55.2536201477, 29.0565490723, 22.3812408447, 12.1760635376, 4.42231750488, 10.2101697922, -3.191395998, 8.40853309631], [0.943123459816, 0.748055815697, 19.0213260651, 0.96609467268, 41.4868240356, 29.0565490723, 74.7098846436, 38.6706542969, 32.3008041382, 16.7058467865, 3.56170964241, 15.4282999039, -3.96710348129], [2.26820063591, 7.36182451248, 25.2523345947, 3.3873860836, 16.3316764832, 22.3812408447, 38.6706542969, 65.2864532471, 42.5020217896, 26.9433174133, 9.39275550842, 6.31280660629, 5.84878873825], [7.47047042847, 1.08350193501, 28.470790863, -4.42436218262, 21.4550304413, 12.1760635376, 32.3008041382, 42.5020217896, 62.3853340149, 37.6881370544, 19.2194499969, 15.7082223892, 3.24254059792], [7.91867780685, -14.958325386, 26.7585659027, -13.1592445374, 14.0790891647, 4.42231750488, 16.7058467865, 26.9433174133, 37.6881370544, 51.0884475708, 25.2106208801, 22.2799491882, 2.57755327225], [-8.20723724365, 12.0197038651, 5.19694471359, 6.78271722794, 0.664600133896, 10.2101697922, 3.56170964241, 9.39275550842, 19.2194499969, 25.2106208801, 49.4957733154, 23.8421497345, 17.0728740692], [9.29454135895, -35.6501502991, 21.1973876953, -21.6885623932, 18.6780643463, -3.191395998, 15.4282999039, 6.31280660629, 15.7082223892, 22.2799491882, 23.8421497345, 53.5749015808, 12.4424591064], [-11.8393011093, 24.6875324249, -5.23291015625, 19.8583030701, -2.99754977226, 8.40853309631, -3.96710348129, 5.84878873825, 3.24254059792, 2.57755327225, 17.0728740692, 12.4424591064, 42.7793769836]],
        "icov": [[0.00979745015502, 0.00163815799169, -0.00729818549007, 0.00132368179038, 0.00250042579137, -0.000200688911718, -0.000988986575976, 0.00207403302193, -0.00088500266429, 0.00140807626303, 0.000599824124947, 0.00151685962919, -0.000600036873948], [0.00163815799169, 0.0124121150002, -0.0029238765128, -0.00331459683366, 0.00185233540833, 0.00343662663363, -0.00514997541904, 0.00121760566253, -0.00179365626536, 0.00421944959089, -0.00747755728662, 0.0125285414979, -0.0074962945655], [-0.00729818549007, -0.0029238765128, 0.0209627840668, -0.00280858553015, -0.0069565041922, 0.00113100372255, 0.00507999397814, -0.00637496681884, -0.000793435319792, -0.00571347866207, 0.0039029403124, -0.0087491767481, 0.00555993476883], [0.00132368179038, -0.00331459683366, -0.00280858553015, 0.0195151492953, -0.00689477287233, -0.00384607096203, 0.0018742805114, -6.74369730405e-05, 0.00160517857876, 0.00459709297866, -0.00581561587751, 0.0102169532329, -0.00771681917831], [0.00250042579137, 0.00185233540833, -0.0069565041922, -0.00689477287233, 0.027326522395, -0.0085781654343, -0.00995405577123, 0.00832191575319, -0.00467538461089, -0.00285033229738, 0.00893216952682, -0.00956719648093, 0.00325667625293], [-0.000200688911718, 0.00343662663363, 0.00113100372255, -0.00384607096203, -0.0085781654343, 0.0344421975315, -0.0104681178927, -0.0074191284366, 0.00466834194958, 0.00357069564052, -0.0132721299306, 0.0138682117686, -0.00674816267565], [-0.000988986575976, -0.00514997541904, 0.00507999397814, 0.0018742805114, -0.00995405577123, -0.0104681178927, 0.0337200760841, -0.0134649602696, -0.00535055343062, 0.00265645771287, 0.00696051958948, -0.01487235073, 0.0105709265918], [0.00207403302193, 0.00121760566253, -0.00637496681884, -6.74369730405e-05, 0.00832191575319, -0.0074191284366, -0.0134649602696, 0.0394996963441, -0.0173920225352, -0.00695509510115, 0.0056570279412, 0.00610685627908, -0.00778137799352], [-0.00088500266429, -0.00179365626536, -0.000793435319792, 0.00160517857876, -0.00467538461089, 0.00466834194958, -0.00535055343062, -0.0173920225352, 0.0444793477654, -0.018814349547, -0.0061561926268, 0.00295765185729, -5.66901035199e-05], [0.00140807626303, 0.00421944959089, -0.00571347866207, 0.00459709297866, -0.00285033229738, 0.00357069564052, 0.00265645771287, -0.00695509510115, -0.018814349547, 0.051525708288, -0.0201981402934, 0.000649148772936, 0.00161111704074], [0.000599824124947, -0.00747755728662, 0.0039029403124, -0.00581561587751, 0.00893216952682, -0.0132721299306, 0.00696051958948, 0.0056570279412, -0.0061561926268, -0.0201981402934, 0.0491547882557, -0.0274111554027, 0.000803849485237], [0.00151685962919, 0.0125285414979, -0.0087491767481, 0.0102169532329, -0.00956719648093, 0.0138682117686, -0.01487235073, 0.00610685627908, 0.00295765185729, 0.000649148772936, -0.0274111554027, 0.058853931725, -0.0246751252562], [-0.000600036873948, -0.0074962945655, 0.00555993476883, -0.00771681917831, 0.00325667625293, -0.00674816267565, 0.0105709265918, -0.00778137799352, -5.66901035199e-05, 0.00161111704074, 0.000803849485237, -0.0246751252562, 0.0421599559486]]
    },
    "melbands": {
        "dmean": [0.00257599889301, 0.00132249202579, 0.000774741289206, 0.000778565357905, 0.000324292690493, 0.000191806102521, 0.000100563083834, 0.000283986970317, 0.00036465737503, 0.000226724048844, 8.51353033795e-05, 8.68953575264e-05, 7.8351207776e-05, 7.37661248422e-05, 5.54436046514e-05, 6.82601312292e-05, 6.1046317569e-05, 5.00750356878e-05, 4.9127425882e-05, 4.44127726951e-05, 2.51997571468e-05, 2.29038396355e-05, 1.48201343109e-05, 1.18320458569e-05, 1.19224614537e-05, 9.86803752312e-06, 8.8139959189e-06, 1.01884425021e-05, 6.380565992e-06, 7.75714761403e-06, 7.09106507202e-06, 7.22534196029e-06, 6.89286252964e-06, 3.90362311009e-06, 2.962983217e-06, 1.7750932102e-06, 1.55876477947e-06, 1.37402639666e-06, 9.5767984476e-07, 6.25631003004e-07],
        "dmean2": [0.00445779459551, 0.00236651184969, 0.00130794092547, 0.00133038416971, 0.000540925771929, 0.000299383129459, 0.000157659538672, 0.000451051659184, 0.000618496909738, 0.000371676549548, 0.000139643496368, 0.000145968326251, 0.000129730193294, 0.000122594618006, 9.08643633011e-05, 0.000115503193229, 0.000105540930235, 8.51360964589e-05, 8.23832597234e-05, 7.27366568753e-05, 4.27462655352e-05, 3.87738327845e-05, 2.54527785728e-05, 2.04088264582e-05, 2.05158485187e-05, 1.68548649526e-05, 1.49001307364e-05, 1.72985728568e-05, 1.10147821033e-05, 1.30889347929e-05, 1.23691897898e-05, 1.22613946587e-05, 1.17897861855e-05, 6.44224519419e-06, 4.95225685881e-06, 2.87430884782e-06, 2.56717157754e-06, 2.22217408918e-06, 1.58930902217e-06, 1.02116882772e-06],
        "dvar": [1.74340093508e-05, 8.13189762994e-06, 1.35313246119e-06, 1.71524334291e-06, 1.79340290174e-07, 7.71709736114e-08, 1.59612358885e-08, 1.07155720741e-07, 2.85454802906e-07, 6.83815741809e-08, 1.23652519335e-08, 1.07583737474e-08, 1.03773114546e-08, 5.19482146188e-09, 3.68876484913e-09, 6.15920159319e-09, 4.43719905263e-09, 3.22942872444e-09, 2.72747202601e-09, 1.8827865933e-09, 4.71953365277e-10, 4.39069836045e-10, 1.6367328326e-10, 1.10900816308e-10, 1.22215335074e-10, 1.2977402486e-10, 7.36825669923e-11, 8.2041609617e-11, 3.51126384912e-11, 5.43894998484e-11, 5.464926775e-11, 6.17076945097e-11, 4.76550014727e-11, 1.35886813954e-11, 7.27213601837e-12, 2.78003358181e-12, 5.22648330864e-12, 4.51166881632e-12, 1.32460763278e-12, 4.32629978933e-13],
        "dvar2": [4.80493581563e-05, 2.31111625908e-05, 3.46004117091e-06, 4.57079977423e-06, 4.44485380058e-07, 1.9914594418e-07, 4.20915355903e-08, 2.79945737702e-07, 7.88559134435e-07, 1.84265331882e-07, 3.42355406246e-08, 3.00633509198e-08, 2.86785173387e-08, 1.40046108044e-08, 9.05304720078e-09, 1.62794133729e-08, 1.22459731244e-08, 8.86325768334e-09, 7.83447440256e-09, 4.8696731092e-09, 1.29627431011e-09, 1.16316156706e-09, 4.56267995608e-10, 3.08284953121e-10, 3.25245608224e-10, 3.56437934723e-10, 2.06047179319e-10, 2.30863494988e-10, 9.60884288803e-11, 1.47840267806e-10, 1.5823839461e-10, 1.65145466746e-10, 1.3243441066e-10, 3.65464082608e-11, 2.01545325568e-11, 6.72032958796e-12, 1.27996276772e-11, 9.53050138808e-12, 3.55341363972e-12, 1.11506387891e-12],
        "max": [0.0333681181073, 0.0223359465599, 0.0109076714143, 0.0127203026786, 0.00604433333501, 0.0043652956374, 0.00142138870433, 0.00286294729449, 0.00567254750058, 0.00240414682776, 0.00139069894794, 0.000975643168204, 0.00151752762031, 0.000727042672224, 0.000922953884583, 0.00101827317849, 0.000565345399082, 0.000547104689758, 0.000571828277316, 0.000558106694371, 0.00022996122425, 0.000197015106096, 0.000138294388307, 0.000109186396003, 0.000111482062493, 0.000132877466967, 9.6966374258e-05, 8.42435183586e-05, 5.22641930729e-05, 7.15289861546e-05, 8.66776172188e-05, 8.76171325217e-05, 7.16668437235e-05, 4.71914136142e-05, 2.98678296531e-05, 2.54074602708e-05, 5.15434185218e-05, 4.23390192736e-05, 2.43605263677e-05, 9.29968973651e-06],
        "mean": [0.00344592658803, 0.00183810025919, 0.00102020555642, 0.00111177156214, 0.000579074025154, 0.000368022476323, 0.000194302585442, 0.000532670354005, 0.000611342664342, 0.000397553201765, 0.000163611737662, 0.000160262788995, 0.000152267457452, 0.00013971007138, 0.000104976861621, 0.000119581833133, 0.000108520995127, 0.000100376571936, 0.000100714634755, 9.39639285207e-05, 5.84632725804e-05, 4.97762921441e-05, 3.46130145772e-05, 2.95803438348e-05, 2.76583014056e-05, 2.10979815165e-05, 2.09777936107e-05, 2.48462511081e-05, 1.5540399545e-05, 1.77491201612e-05, 1.72441941686e-05, 1.80579991138e-05, 1.79712260433e-05, 1.11154949991e-05, 8.62576143845e-06, 5.06014293933e-06, 4.09261429013e-06, 3.74986620955e-06, 2.6941681881e-06, 1.43254840168e-06],
        "median": [0.00203799945302, 0.00123922806233, 0.000616345845629, 0.000731955457013, 0.000410774577176, 0.000257495237747, 0.000137809620355, 0.000404158054153, 0.000367540167645, 0.00029496467323, 0.000114624628623, 0.000122851357446, 0.000113242102088, 0.000118364296213, 8.16620886326e-05, 8.83333850652e-05, 8.7908563728e-05, 7.96822278062e-05, 8.35601749714e-05, 7.96046806499e-05, 5.2751514886e-05, 4.41614392912e-05, 3.16874829878e-05, 2.72336001217e-05, 2.5657358492e-05, 1.86176803254e-05, 1.86736415344e-05, 2.27436503337e-05, 1.40764941534e-05, 1.596610673e-05, 1.54052831931e-05, 1.58321745403e-05, 1.58054099302e-05, 9.79648575594e-06, 7.7928743849e-06, 4.49016170023e-06, 3.33351295012e-06, 2.74856415672e-06, 2.23616689254e-06, 1.22028063743e-06],
        "min": [1.09862303361e-05, 2.60400302068e-05, 2.73529676633e-05, 2.7713504096e-05, 3.83679980587e-05, 8.3111335698e-06, 6.43010753265e-06, 1.55136804096e-05, 1.85557273653e-05, 1.12377074402e-05, 9.71438566921e-06, 1.22598112284e-05, 1.09012044049e-05, 1.26598661154e-05, 5.84648432778e-06, 6.40088774162e-06, 1.01007353805e-05, 1.26819722936e-05, 1.33619951157e-05, 8.90975661605e-06, 9.68530457612e-06, 6.43845260129e-06, 4.32420165453e-06, 7.02134093444e-06, 5.50997583559e-06, 4.20515061705e-06, 4.75049910165e-06, 5.1358406381e-06, 3.24392408402e-06, 4.48836954092e-06, 4.14189753428e-06, 2.89871422865e-06, 3.09972892865e-06, 2.28085559684e-06, 1.66458005424e-06, 4.33611376138e-07, 3.6585075236e-07, 3.90028048969e-07, 4.5834504192e-08, 2.12317967652e-08],
