{
"highlevel": {
    "danceability": {
        "all": {
            "danceable": 0.974604964256,
            "not_danceable": 0.0253950357437
        },
        "probability": 0.974604964256,
        "value": "danceable"
    },
    "gender": {
        "all": {
            "female": 0.0312525108457,
            "male": 0.968747496605
        },
        "probability": 0.968747496605,
        "value": "male"
    },
    "genre_dortmund": {
        "all": {
            "alternative": 0.177579015493,
            "blues": 0.0272752344608,
            "electronic": 0.0205704253167,
            "folkcountry": 0.236078932881,
            "funksoulrnb": 0.00897542666644,
            "jazz": 0.00810126308352,
            "pop": 0.0382944904268,
            "raphiphop": 0.00151292677037,
            "rock": 0.481612294912
        },
        "probability": 0.481612294912,
        "value": "rock"
    },
    "genre_electronic": {
        "all": {
            "ambient": 0.257321447134,
            "dnb": 0.292265385389,
            "house": 0.0969708710909,
            "techno": 0.0245872493833,
            "trance": 0.328855067492
        },
        "probability": 0.328855067492,
        "value": "trance"
    },
    "genre_rosamerica": {
        "all": {
            "cla": 0.00140731863212,
            "dan": 0.00687721092254,
            "hip": 0.0157729834318,
            "jaz": 0.003752872115,
            "pop": 0.57151645422,
            "rhy": 0.0748552232981,
            "roc": 0.325440645218,
            "spe": 0.000377299118554
        },
        "probability": 0.57151645422,
        "value": "pop"
    },
    "genre_tzanetakis": {
        "all": {
            "blu": 0.0610634572804,
            "cla": 0.0338886082172,
            "cou": 0.0609872415662,
            "dis": 0.0508242882788,
            "hip": 0.152499303222,
            "jaz": 0.305208653212,
            "met": 0.0610179640353,
            "pop": 0.0610033459961,
            "reg": 0.0609996654093,
            "roc": 0.152507469058
        },
        "probability": 0.305208653212,
        "value": "jaz"
    },
    "ismir04_rhythm": {
        "all": {
            "ChaChaCha": 0.224641352892,
            "Jive": 0.348490923643,
            "Quickstep": 0.0623965226114,
            "Rumba-American": 0.0378987528384,
            "Rumba-International": 0.0767922252417,
            "Rumba-Misc": 0.0101758139208,
            "Samba": 0.0789016485214,
            "Tango": 0.021367084235,
            "VienneseWaltz": 0.124371543527,
            "Waltz": 0.0149641241878
        },
        "probability": 0.348490923643,
        "value": "Jive"
    },
    "mood_acoustic": {
        "all": {
            "acoustic": 0.401538044214,
            "not_acoustic": 0.598461985588
        },
        "probability": 0.598461985588,
        "value": "not_acoustic"
    },
    "mood_aggressive": {
        "all": {
            "aggressive": 0.150099232793,
            "not_aggressive": 0.849900782108
        },
        "probability": 0.849900782108,
        "value": "not_aggressive"
    },
    "mood_electronic": {
        "all": {
            "electronic": 0.153396353126,
            "not_electronic": 0.846603631973
        },
        "probability": 0.846603631973,
        "value": "not_electronic"
    },
    "mood_happy": {
        "all": {
            "happy": 0.753923892975,
            "not_happy": 0.246076092124
        },
        "probability": 0.753923892975,
        "value": "happy"
    },
    "mood_party": {
        "all": {
            "not_party": 0.658830404282,
            "party": 0.341169625521
        },
        "probability": 0.658830404282,
        "value": "not_party"
    },
    "mood_relaxed": {
        "all": {
            "not_relaxed": 0.977049946785,
            "relaxed": 0.0229500494897
        },
        "probability": 0.977049946785,
        "value": "not_relaxed"
    },
    "mood_sad": {
        "all": {
            "not_sad": 0.679142296314,
            "sad": 0.320857703686
        },
        "probability": 0.679142296314,
        "value": "not_sad"
    },
    "moods_mirex": {
        "all": {
            "Cluster1": 0.0598490424454,
            "Cluster2": 0.119277767837,
            "Cluster3": 0.671567440033,
            "Cluster4": 0.0762522444129,
            "Cluster5": 0.0730534940958
        },
        "probability": 0.671567440033,
        "value": "Cluster3"
    },
    "timbre": {
        "all": {
            "bright": 0.996681988239,
            "dark": 0.00331798382103
        },
        "probability": 0.996681988239,
        "value": "bright"
    },
    "tonal_atonal": {
        "all": {
            "atonal": 0.000522992166225,
            "tonal": 0.999477028847
        },
        "probability": 0.999477028847,
        "value": "tonal"
    },
    "voice_instrumental": {
        "all": {
            "instrumental": 0.00138495571446,
            "voice": 0.998615026474
        },
        "probability": 0.998615026474,
        "value": "voice"
    }
},
"lowlevel": {
    "average_loudness": 0.974273622036,
    "barkbands_crest": {
        "dmean": 2.36278390884,
        "dmean2": 3.88373184204,
        "dvar": 4.6289525032,
        "dvar2": 12.444899559,
        "max": 24.895658493,
        "mean": 8.31130313873,
        "median": 7.71728467941,
        "min": 2.71869874001,
        "var": 10.0890798569
    },
    "barkbands_flatness_db": {
        "dmean": 0.0185360945761,
        "dmean2": 0.0281046833843,
        "dvar": 0.00031886267243,
        "dvar2": 0.0007195424987,
        "max": 0.266666531563,
        "mean": 0.133346438408,
        "median": 0.126700803638,
        "min": 0.0546338707209,
        "var": 0.001728208852
    },
    "barkbands_kurtosis": {
        "dmean": 2.15648722649,
        "dmean2": 3.37405872345,
        "dvar": 11.4785642624,
        "dvar2": 27.3234233856,
        "max": 38.9433250427,
        "mean": 2.60186815262,
        "median": 0.955555200577,
        "min": -1.83729052544,
        "var": 27.0076847076
    },
    "barkbands_skewness": {
        "dmean": 0.516728460789,
        "dmean2": 0.77593755722,
        "dvar": 0.268958985806,
        "dvar2": 0.638259470463,
        "max": 5.85225772858,
        "mean": 1.21390521526,
        "median": 0.98477512598,
        "min": -1.53366267681,
        "var": 1.02699553967
    },
    "barkbands_spread": {
        "dmean": 6.35479068756,
        "dmean2": 9.56394577026,
        "dvar": 55.7185440063,
        "dvar2": 110.06262207,
        "max": 97.4171829224,
        "mean": 26.5944480896,
        "median": 22.458322525,
        "min": 2.0324921608,
        "var": 290.494598389
    },
    "dissonance": {
        "dmean": 0.0216731019318,
        "dmean2": 0.0372343733907,
        "dvar": 0.000451909174444,
        "dvar2": 0.00123335479293,
        "max": 0.499999880791,
        "mean": 0.458729863167,
        "median": 0.466551363468,
        "min": 0.325168758631,
        "var": 0.000902854197193
    },
    "dynamic_complexity": 2.264793396,
    "erbbands_crest": {
        "dmean": 3.3366048336,
        "dmean2": 5.41508817673,
        "dvar": 10.4511070251,
        "dvar2": 26.2220230103,
        "max": 31.3696212769,
        "mean": 10.4244289398,
        "median": 8.99848937988,
        "min": 2.54859757423,
        "var": 28.614812851
    },
    "erbbands_flatness_db": {
        "dmean": 0.0170280560851,
        "dmean2": 0.0249957870692,
        "dvar": 0.000249150471063,
        "dvar2": 0.000533605460078,
        "max": 0.325092822313,
        "mean": 0.145855262876,
        "median": 0.141709819436,
        "min": 0.0655031949282,
        "var": 0.00155634037219
    },
    "erbbands_kurtosis": {
        "dmean": 1.09351658821,
        "dmean2": 1.705042243,
        "dvar": 2.8604259491,
        "dvar2": 6.47092103958,
        "max": 29.1817054749,
        "mean": 0.913712263107,
        "median": -0.0768413543701,
        "min": -1.71003162861,
        "var": 9.55302810669
    },
    "erbbands_skewness": {
        "dmean": 0.397416949272,
        "dmean2": 0.616980075836,
        "dvar": 0.136252909899,
        "dvar2": 0.317499577999,
        "max": 4.58364677429,
        "mean": 0.393474400043,
        "median": 0.357452452183,
        "min": -2.01383209229,
        "var": 0.555198729038
    },
    "erbbands_spread": {
        "dmean": 8.81704616547,
        "dmean2": 12.9839668274,
        "dvar": 77.9166641235,
        "dvar2": 179.121307373,
        "max": 107.655639648,
        "mean": 39.3545227051,
        "median": 36.8190422058,
        "min": 2.36621332169,
        "var": 359.172393799
    },
    "hfc": {
        "dmean": 10.2425289154,
        "dmean2": 12.9970760345,
        "dvar": 291.062164307,
        "dvar2": 411.151519775,
        "max": 209.788192749,
        "mean": 33.9946479797,
        "median": 24.7937030792,
        "min": 0.596081912518,
        "var": 1216.89477539
    },
    "melbands_crest": {
        "dmean": 3.36730456352,
        "dmean2": 5.55325651169,
        "dvar": 8.35746002197,
        "dvar2": 23.0203208923,
        "max": 30.7727508545,
        "mean": 12.7537021637,
        "median": 12.2559890747,
        "min": 3.63976454735,
        "var": 18.0755214691
    },
    "melbands_flatness_db": {
        "dmean": 0.024336071685,
        "dmean2": 0.0354587957263,
        "dvar": 0.000586541078519,
        "dvar2": 0.00116796861403,
        "max": 0.396009117365,
        "mean": 0.178505033255,
        "median": 0.170786872506,
        "min": 0.0346324555576,
        "var": 0.00388263189234
    },
    "melbands_kurtosis": {
        "dmean": 5.67563199997,
        "dmean2": 9.05573558807,
        "dvar": 90.4393386841,
        "dvar2": 227.97428894,
        "max": 159.017745972,
        "mean": 9.61299610138,
        "median": 4.76715517044,
        "min": -1.62276029587,
        "var": 194.418579102
    },
    "melbands_skewness": {
        "dmean": 0.733270525932,
        "dmean2": 1.12264299393,
        "dvar": 0.584003865719,
        "dvar2": 1.43537271023,
        "max": 10.6906604767,
        "mean": 2.22658467293,
        "median": 1.90524578094,
        "min": -1.59482479095,
        "var": 2.2065012455
    },
    "melbands_spread": {
        "dmean": 8.56794071198,
        "dmean2": 13.0169944763,
        "dvar": 118.4896698,
        "dvar2": 268.014160156,
        "max": 141.816268921,
        "mean": 28.1749744415,
        "median": 24.3900947571,
        "min": 2.5531206131,
        "var": 353.412689209
    },
    "pitch_salience": {
        "dmean": 0.0646621584892,
        "dmean2": 0.106835372746,
        "dvar": 0.00302392290905,
        "dvar2": 0.00793928373605,
        "max": 0.796448409557,
        "mean": 0.548275411129,
        "median": 0.554133296013,
        "min": 0.145721331239,
        "var": 0.00802466925234
    },
    "silence_rate_20dB": {
        "dmean": 0,
        "dmean2": 0,
        "dvar": 0,
        "dvar2": 0,
        "max": 1,
        "mean": 1,
        "median": 1,
        "min": 1,
        "var": 0
    },
    "silence_rate_30dB": {
        "dmean": 0,
        "dmean2": 0,
        "dvar": 0,
        "dvar2": 0,
        "max": 1,
        "mean": 1,
        "median": 1,
        "min": 1,
        "var": 0
    },
    "silence_rate_60dB": {
        "dmean": 0.0108359130099,
        "dmean2": 0.0216886140406,
        "dvar": 0.0107184452936,
        "dvar2": 0.0274146571755,
        "max": 1,
        "mean": 0.00928074214607,
        "median": 0,
        "min": 0,
        "var": 0.00919454358518
    },
    "spectral_centroid": {
        "dmean": 271.967163086,
        "dmean2": 407.740234375,
        "dvar": 83299.15625,
        "dvar2": 175007.0625,
        "max": 4259.45996094,
        "mean": 1392.14929199,
        "median": 1284.06298828,
        "min": 281.856292725,
        "var": 396420.125
    },
    "spectral_complexity": {
        "dmean": 3.45433425903,
        "dmean2": 5.01704120636,
        "dvar": 13.8469562531,
        "dvar2": 23.166185379,
        "max": 53,
        "mean": 20.4547557831,
        "median": 19,
        "min": 3,
        "var": 70.0963363647
    },
    "spectral_decrease": {
        "dmean": 2.13897943802e-09,
        "dmean2": 3.08250625025e-09,
        "dvar": 5.15902456446e-18,
        "dvar2": 9.50248461371e-18,
        "max": -3.17687764984e-10,
        "mean": -7.6862667342e-09,
        "median": -7.17170101083e-09,
        "min": -2.11867003941e-08,
        "var": 1.84866016073e-17
    },
    "spectral_energy": {
        "dmean": 0.00861780531704,
        "dmean2": 0.0121640954167,
        "dvar": 8.08008771855e-05,
        "dvar2": 0.000143466386362,
        "max": 0.0883064046502,
        "mean": 0.032093167305,
        "median": 0.0304458197206,
        "min": 0.00129043275956,
        "var": 0.000310772389639
    },
    "spectral_energyband_high": {
        "dmean": 0.000955003954004,
        "dmean2": 0.0012209485285,
        "dvar": 4.62322896055e-06,
        "dvar2": 7.17632156011e-06,
        "max": 0.0254831369966,
        "mean": 0.00221264269203,
        "median": 0.000757157686166,
        "min": 2.78361471828e-06,
        "var": 1.55904726853e-05
    },
    "spectral_energyband_low": {
        "dmean": 0.00468152528629,
        "dmean2": 0.00730435689911,
        "dvar": 3.67413485947e-05,
        "dvar2": 8.81760788616e-05,
        "max": 0.0486803166568,
        "mean": 0.00922575499862,
        "median": 0.00740754511207,
        "min": 4.48394785053e-05,
        "var": 6.85701015755e-05
    },
    "spectral_energyband_middle_high": {
        "dmean": 0.00268324511126,
        "dmean2": 0.0039158645086,
        "dvar": 1.24200341816e-05,
        "dvar2": 2.63590118266e-05,
        "max": 0.0473391488194,
        "mean": 0.00762409670278,
        "median": 0.00533154886216,
        "min": 0.000172357118572,
        "var": 5.1546809118e-05
    },
    "spectral_energyband_middle_low": {
        "dmean": 0.00617315620184,
        "dmean2": 0.00921724643558,
        "dvar": 4.91374339617e-05,
        "dvar2": 0.000114092756121,
        "max": 0.0678169503808,
        "mean": 0.015267203562,
        "median": 0.0120047489181,
        "min": 0.000403764628572,
        "var": 0.000142525503179
    },
    "spectral_entropy": {
        "dmean": 0.141746386886,
        "dmean2": 0.197949305177,
        "dvar": 0.019753260538,
        "dvar2": 0.036062490195,
        "max": 8.69909381866,
        "mean": 7.64809179306,
        "median": 7.65332174301,
        "min": 6.41016721725,
        "var": 0.158203914762
    },
    "spectral_flux": {
        "dmean": 0.0260944217443,
        "dmean2": 0.0407544597983,
        "dvar": 0.000624787877314,
        "dvar2": 0.00141735968646,
        "max": 0.232147067785,
        "mean": 0.0948316752911,
        "median": 0.0893170014024,
        "min": 0.0194911304861,
        "var": 0.00161521951668
    },
    "spectral_kurtosis": {
        "dmean": 1.09956800938,
        "dmean2": 1.75440776348,
        "dvar": 1.65471184254,
        "dvar2": 4.27373456955,
        "max": 25.3373908997,
        "mean": 3.65078949928,
        "median": 3.15098285675,
        "min": -0.483824014664,
        "var": 7.4913892746
    },
    "spectral_rms": {
        "dmean": 0.000791267433669,
        "dmean2": 0.00109184999019,
        "dvar": 6.55192536669e-07,
        "dvar2": 1.09242762392e-06,
        "max": 0.00928184203804,
        "mean": 0.0053473841399,
        "median": 0.00545006757602,
        "min": 0.00112203333993,
        "var": 2.71586350209e-06
    },
    "spectral_rolloff": {
        "dmean": 635.831298828,
        "dmean2": 1018.88378906,
        "dvar": 1206501.75,
        "dvar2": 2333405.75,
        "max": 12510.7910156,
        "mean": 1936.55529785,
        "median": 1205.859375,
        "min": 150.732421875,
        "var": 4064843.25
    },
    "spectral_skewness": {
        "dmean": 0.176923409104,
        "dmean2": 0.269011437893,
        "dvar": 0.0276509150863,
        "dvar2": 0.0594945847988,
        "max": 3.80112719536,
        "mean": 1.49660754204,
        "median": 1.43391299248,
        "min": 0.342163681984,
        "var": 0.217346280813
    },
    "spectral_spread": {
        "dmean": 519646.5,
        "dmean2": 706331.5625,
        "dvar": 395965726720,
        "dvar2": 678225707008,
        "max": 12490318,
        "mean": 5239697,
        "median": 4927089.5,
        "min": 2404176.75,
        "var": 2.34349894042e+12
    },
    "spectral_strongpeak": {
        "dmean": 0.869571626186,
        "dmean2": 1.50810301304,
        "dvar": 2.16021490097,
        "dvar2": 6.17153024673,
        "max": 19.1685638428,
        "mean": 1.33231699467,
        "median": 0.61137509346,
        "min": 0,
        "var": 2.71131157875
    },
    "zerocrossingrate": {
        "dmean": 0.0136926611885,
        "dmean2": 0.0150988968089,
        "dvar": 0.000286072696326,
        "dvar2": 0.00028629321605,
        "max": 0.36572265625,
        "mean": 0.0770275965333,
        "median": 0.0625,
        "min": 0.009765625,
        "var": 0.00254891300574
    },
    "barkbands": {
        "dmean": [5.45654038433e-05, 0.00192583235912, 0.00272888178006, 0.00205185217783, 0.00237172469497, 0.000524187809788, 0.000689685111865, 0.00110192375723, 0.00205269944854, 0.00136009941343, 0.000816957384814, 0.000930106325541, 0.000538837222848, 0.000490309263114, 0.000204887925065, 0.000205047355848, 0.000234139937675, 0.000172849133378, 0.000163299017004, 0.000110237335321, 9.65603030636e-05, 0.000470873957966, 0.000233439568547, 9.72101843217e-05, 0.00019119073113, 7.69855032559e-05, 1.77197745366e-09],
        "dmean2": [8.84049586602e-05, 0.00316453003325, 0.00433121901006, 0.00349286664277, 0.00365172675811, 0.000868793984409, 0.00109993864316, 0.00179628503975, 0.00323667633347, 0.00210419367068, 0.00127013633028, 0.00146771315485, 0.000856252561789, 0.000766115845181, 0.000334099720931, 0.00033097632695, 0.00037963653449, 0.000283281726297, 0.000267081690254, 0.000172512169229, 0.000149490952026, 0.000676064519212, 0.000340171012795, 0.000141177530168, 0.000242898269789, 0.000108052845462, 2.68179789487e-09],
        "dvar": [1.52703218959e-08, 7.41177518648e-06, 1.36901753649e-05, 8.52500306792e-06, 1.45921203512e-05, 7.49243667997e-07, 3.58004103873e-06, 6.04345041211e-06, 1.40791880767e-05, 8.33103695186e-06, 3.90686955143e-06, 5.25547147845e-06, 1.63659217378e-06, 1.0213287851e-06, 1.80789328397e-07, 1.4193659581e-07, 1.1023025337e-07, 9.87890800275e-08, 8.41848972755e-08, 2.94686426372e-08, 3.06181604515e-08, 1.31353488086e-06, 3.42757232374e-07, 5.9312363021e-08, 2.53346513546e-07, 4.85887490242e-08, 5.10404319263e-16],
        "dvar2": [3.10875130083e-08, 2.09485388041e-05, 3.45055595972e-05, 2.29537654377e-05, 3.33796160703e-05, 1.95496227207e-06, 8.91729268915e-06, 1.36069666041e-05, 3.26683766616e-05, 1.98563029699e-05, 8.25936058391e-06, 1.30417756736e-05, 4.06054550695e-06, 2.5813353659e-06, 4.90764136885e-07, 3.43225991628e-07, 2.71959351039e-07, 2.46495034162e-07, 2.1475067058e-07, 7.1384008038e-08, 6.78564049394e-08, 2.66267261395e-06, 7.71111103859e-07, 1.20595615272e-07, 3.9104776306e-07, 8.37730738112e-08, 5.13261202576e-16],
        "max": [0.00350728514604, 0.0203869584948, 0.0338247008622, 0.0331002138555, 0.0344810001552, 0.00936580263078, 0.0371118150651, 0.0418192967772, 0.0641270205379, 0.0404449105263, 0.0433884449303, 0.0297110825777, 0.017865518108, 0.0134585322812, 0.00830025505275, 0.00679890112951, 0.00471608992666, 0.00480226939544, 0.00456899264827, 0.00187440752052, 0.00231856526807, 0.0122734345496, 0.00858172681183, 0.00461430894211, 0.00585748115554, 0.00424755830318, 8.12108169157e-07],
        "mean": [6.60931764287e-05, 0.00312775094062, 0.00440149242058, 0.00304118893109, 0.00410211412236, 0.000850124051794, 0.000919868820347, 0.0015851794742, 0.00347457523458, 0.00212129298598, 0.00129302975256, 0.00145282188896, 0.000822701025754, 0.000785453768913, 0.000359502941137, 0.00035832208232, 0.00041070766747, 0.000306725618429, 0.000298915052554, 0.000208543235203, 0.000207919045351, 0.00082801777171, 0.000416995142587, 0.000177104695467, 0.00034054153366, 0.00013619204401, 1.63647362328e-09],
        "median": [2.59180542344e-05, 0.00241084117442, 0.0027799566742, 0.00212188321166, 0.00250306795351, 0.000489681144245, 0.000339720078046, 0.000529919983819, 0.00094973371597, 0.000530706893187, 0.000394644070184, 0.000399754848331, 0.000261223089183, 0.000270845193882, 0.000176962013938, 0.00019790668739, 0.000241759669734, 0.00016127373965, 0.00016537088959, 0.000132449655212, 0.00010664381989, 0.000235940635321, 8.91571835382e-05, 5.25204159203e-05, 4.06736216974e-05, 2.36657451751e-05, 4.26525009756e-10],
        "min": [7.23596826901e-08, 7.44754743209e-06, 7.62599574955e-06, 1.38866062116e-06, 1.62260912475e-05, 1.54939898493e-05, 2.93155335385e-06, 4.67388917968e-06, 7.10154472472e-06, 2.94161736747e-06, 4.0633090066e-06, 3.29089925799e-06, 5.61550041311e-06, 4.75856859339e-06, 1.96213113668e-06, 3.26452936861e-06, 2.25784060603e-06, 1.50163862145e-06, 9.53987637331e-07, 4.40393449708e-07, 2.15081968236e-07, 4.6666755793e-07, 1.76751640879e-07, 9.76147234155e-08, 2.82969324417e-07, 5.77415846692e-07, 8.50084152376e-12],
        "var": [2.41295747827e-08, 9.15670989343e-06, 2.41608813667e-05, 1.16285546028e-05, 2.43413087446e-05, 1.03784338989e-06, 3.85493740396e-06, 1.20775475807e-05, 4.53279135399e-05, 1.81587165571e-05, 9.89268664853e-06, 1.05732624434e-05, 3.23173549077e-06, 1.7347508674e-06, 3.94180204921e-07, 2.76321884485e-07, 2.37799469005e-07, 2.04007065463e-07, 1.54322066237e-07, 5.4675727057e-08, 7.72406352212e-08, 2.71156227427e-06, 7.67023209391e-07, 1.85819274634e-07, 7.38090250252e-07, 1.62689289596e-07, 5.10786913457e-16]
    },
    "erbbands": {
        "dmean": [0.0288661811501, 0.547091066837, 2.8854701519, 4.83201742172, 8.11347293854, 7.41917943954, 4.16078233719, 4.7363114357, 8.12162876129, 14.5018987656, 32.7119674683, 46.0327148438, 46.6339073181, 26.1835155487, 35.7296218872, 37.6136512756, 26.6823577881, 22.3807163239, 13.8128881454, 11.9909086227, 10.0997142792, 10.6237678528, 10.1900005341, 8.5128698349, 6.86424636841, 5.37048721313, 3.86848115921, 6.40411376953, 22.2987060547, 6.17831945419, 8.63713932037, 2.25584411621, 1.63110542297, 1.32878804207, 2.08246302605, 0.420141786337, 0.144059360027, 0.0126989409328, 0.000232796970522, 2.08204328374e-05],
        "dmean2": [0.0461912564933, 0.897574901581, 4.57709264755, 7.98061084747, 12.9867248535, 11.6591711044, 6.59886741638, 7.93523216248, 13.6643753052, 22.9632358551, 53.4727859497, 70.8985366821, 72.9391326904, 41.2896652222, 53.7876815796, 58.4936294556, 42.8292198181, 35.0499382019, 22.1140956879, 19.3458347321, 16.1404399872, 17.1191577911, 16.8251991272, 13.8213415146, 11.1068382263, 8.44521617889, 5.94234895706, 9.11112213135, 32.454624176, 9.20615005493, 12.7983951569, 3.34089255333, 2.36427664757, 1.8864723444, 2.62144613266, 0.562567293644, 0.204607456923, 0.0180134065449, 0.000319430138916, 2.66790484602e-05],
        "dvar": [0.00134826020803, 0.649090707302, 16.4650669098, 39.4823455811, 155.6900177, 147.877822876, 51.8380279541, 72.2780609131, 469.307373047, 1207.46337891, 5417.35546875, 7749.0703125, 12640.7783203, 3059.16772461, 7496.57763672, 9427.17675781, 3972.13427734, 1738.18688965, 1005.03509521, 557.71697998, 330.372436523, 265.083251953, 411.975219727, 299.216400146, 122.199790955, 72.3589553833, 49.557472229, 168.376296997, 3391.5703125, 151.805480957, 639.908203125, 27.8262958527, 19.8451633453, 14.607219696, 35.4382247925, 1.3784288168, 0.185024693608, 0.00173635687679, 5.04974821069e-07, 1.34534372531e-09],
        "dvar2": [0.00342797674239, 1.81626701355, 40.0016136169, 105.004257202, 367.240844727, 342.309326172, 128.616912842, 195.877075195, 1285.57653809, 2603.55419922, 11893.7490234, 17616.3261719, 32826.3359375, 6925.57226562, 15284.1503906, 24638.484375, 10076.2753906, 4071.64086914, 2612.32250977, 1453.13122559, 792.751403809, 639.343505859, 1064.68237305, 783.829772949, 306.729400635, 174.677108765, 118.011573792, 297.127716064, 7039.94873047, 335.66494751, 1492.97875977, 57.4922370911, 41.5239257812, 29.8077735901, 55.9562110901, 2.3861181736, 0.33081266284, 0.00318395695649, 8.75724197158e-07, 2.02695882301e-09],
        "max": [0.638129472733, 6.07810878754, 36.4038162231, 56.3460769653, 144.940597534, 126.78175354, 97.2610931396, 109.128082275, 375.407531738, 563.33996582, 1122.94726562, 1914.8026123, 1483.60192871, 869.222106934, 1776.76782227, 1423.22106934, 938.590270996, 521.966186523, 574.344543457, 512.584777832, 352.291412354, 330.341156006, 340.510955811, 297.059509277, 136.16078186, 109.921348572, 73.4731292725, 152.723846436, 651.341003418, 155.816192627, 378.475341797, 106.546134949, 100.121795654, 87.4530105591, 74.7876358032, 25.7980098724, 9.52372169495, 1.02746450901, 0.0165823977441, 0.000666634354275],
        "mean": [0.053500469774, 0.87611758709, 4.62532758713, 8.26804447174, 13.7962560654, 12.078083992, 7.62829351425, 6.96450710297, 10.646856308, 19.6653079987, 55.1607704163, 82.8353118896, 73.8135528564, 45.6258850098, 59.8128700256, 62.3562393188, 43.7821006775, 39.3407058716, 23.7717819214, 21.2094936371, 19.985578537, 20.852388382, 18.8753433228, 15.5470952988, 13.4373655319, 10.6115779877, 8.19465065002, 13.3355112076, 36.3129310608, 12.5013666153, 14.479598999, 4.08359527588, 3.00577020645, 2.49926996231, 3.42484235764, 0.738372266293, 0.251057177782, 0.0211395192891, 0.000424881029176, 6.3398925704e-05],
        "median": [0.0435141772032, 0.673357129097, 3.19598388672, 6.31214952469, 8.60580635071, 7.03679656982, 4.72862768173, 4.1008014679, 4.32256317139, 8.5770740509, 15.6344051361, 25.470872879, 21.2179050446, 16.704044342, 23.1675605774, 20.8740234375, 17.2770366669, 16.1297073364, 11.3192310333, 12.2974967957, 12.6874837875, 13.030424118, 10.8828582764, 8.41616630554, 7.62859010696, 6.87138032913, 4.64147520065, 5.69138669968, 8.65689659119, 4.79336690903, 2.45701479912, 1.24799931049, 0.810222506523, 0.483220726252, 0.243714347482, 0.120585106313, 0.0402383692563, 0.00301276496612, 8.34109887364e-05, 4.42194468633e-05],
        "min": [0.000260799104581, 0.0018814658979, 0.0138093605638, 0.0162876527756, 0.0167805440724, 0.0733728632331, 0.0985616967082, 0.14911955595, 0.131821617484, 0.136942893267, 0.220625713468, 0.27373290062, 0.203417047858, 0.187001541257, 0.48121625185, 0.23843921721, 0.303415417671, 0.441022694111, 0.248343870044, 0.155823886395, 0.144183009863, 0.135494858027, 0.100478991866, 0.0454956367612, 0.05156217888, 0.0187320057303, 0.0101517867297, 0.0121500575915, 0.0150165287778, 0.0101217562333, 0.00403724145144, 0.00193421286531, 0.00268456200138, 0.00252753519453, 0.0020299484022, 0.0015679980861, 0.00109602103475, 8.87596761459e-05, 3.14493399856e-06, 1.6472573634e-06],
        "var": [0.00238471571356, 0.79244440794, 26.4546661377, 63.6528129578, 283.875640869, 231.203140259, 80.0912322998, 79.1757049561, 407.729888916, 1685.66088867, 14642.1933594, 27186.75, 24576.6308594, 8108.453125, 19548.5429688, 19286.5507812, 7738.89550781, 3686.22900391, 1558.3112793, 920.154846191, 731.417236328, 606.954406738, 765.725219727, 488.737091064, 272.120941162, 144.345275879, 106.555091858, 455.567382812, 6426.23632812, 392.336608887, 1213.61401367, 74.5893173218, 66.0501785278, 44.0046234131, 89.5884017944, 3.96968388557, 0.614844441414, 0.00510794483125, 1.63530353348e-06, 5.55968826532e-09]
    },
    "gfcc": {
        "mean": [34.2456970215, 81.702003479, -112.907371521, 30.562959671, -61.2234382629, 26.2626228333, -33.110080719, 10.7551374435, -28.7925224304, -0.412919968367, -28.9797077179, 1.88377058506, -19.7158222198],
        "cov": [[2820.63574219, -1138.18859863, 14.5248327255, 21.9846363068, -371.802154541, 107.012832642, -126.646583557, 20.9249134064, -130.522766113, 63.5615692139, -200.891403198, 38.094909668, -146.883834839], [-1138.18859863, 1131.05358887, -7.62793207169, -63.5973243713, 287.996337891, -59.9765701294, 153.218841553, -20.7167491913, 58.2284507751, -111.274383545, 111.597465515, -123.976051331, 36.52734375], [14.5248327255, -7.62793207169, 468.87689209, 111.493095398, 59.5907936096, 32.3249053955, -51.3104019165, 7.08345317841, -11.4556055069, 20.6581478119, -25.6271533966, -18.8079204559, -17.0236911774], [21.9846363068, -63.5973243713, 111.493095398, 271.454223633, 44.9407997131, 2.89283633232, -26.2075023651, -10.8560209274, -19.3578948975, 1.30762755871, -12.2388267517, -6.31861639023, 29.690202713], [-371.802154541, 287.996337891, 59.5907936096, 44.9407997131, 199.50743103, 11.4060115814, 23.1168632507, 1.59941720963, 16.503736496, -20.2382087708, 20.1423835754, -32.1214637756, 14.1270771027], [107.012832642, -59.9765701294, 32.3249053955, 2.89283633232, 11.4060115814, 128.821029663, 39.6775093079, 6.56614494324, 10.9117250443, 4.3724193573, 4.39504861832, -5.90367746353, -22.0400009155], [-126.646583557, 153.218841553, -51.3104019165, -26.2075023651, 23.1168632507, 39.6775093079, 162.135147095, 16.1391925812, -5.70082521439, -27.9261264801, 11.7787904739, 9.39372444153, -18.9638729095], [20.9249134064, -20.7167491913, 7.08345317841, -10.8560209274, 1.59941720963, 6.56614494324, 16.1391925812, 83.0044784546, 28.588727951, 10.692855835, 1.82076954842, -11.0712089539, -4.22773599625], [-130.522766113, 58.2284507751, -11.4556055069, -19.3578948975, 16.503736496, 10.9117250443, -5.70082521439, 28.588727951, 110.19392395, 31.6453647614, -11.0062932968, -21.3190536499, -10.3233098984], [63.5615692139, -111.274383545, 20.6581478119, 1.30762755871, -20.2382087708, 4.3724193573, -27.9261264801, 10.692855835, 31.6453647614, 86.9662094116, -5.83201980591, -8.22825908661, -7.82695817947], [-200.891403198, 111.597465515, -25.6271533966, -12.2388267517, 20.1423835754, 4.39504861832, 11.7787904739, 1.82076954842, -11.0062932968, -5.83201980591, 89.6933288574, 7.49765253067, 13.6341505051], [38.094909668, -123.976051331, -18.8079204559, -6.31861639023, -32.1214637756, -5.90367746353, 9.39372444153, -11.0712089539, -21.3190536499, -8.22825908661, 7.49765253067, 119.957603455, 16.2444667816], [-146.883834839, 36.52734375, -17.0236911774, 29.690202713, 14.1270771027, -22.0400009155, -18.9638729095, -4.22773599625, -10.3233098984, -7.82695817947, 13.6341505051, 16.2444667816, 73.0831832886]],
        "icov": [[0.00087875983445, 0.000167517646332, 0.000252141791862, -0.000219491746975, 0.000932105875108, -0.000931611924898, 0.000834866717923, -0.000784786650911, 0.0014615674736, -0.000161269141245, 0.00149559008423, -5.49086944375e-05, 0.00146280415356], [0.000167517646332, 0.00523407198489, -0.00124437140767, 0.00189262838103, -0.00455292547122, 0.00460586696863, -0.00531966472045, 0.00400716485456, -0.00461102463305, 0.00495094293728, -0.00511479424313, 0.00523973396048, -0.00254909298383], [0.000252141791862, -0.00124437140767, 0.00319961388595, -0.00146669021342, 0.000403360958444, -0.00225805025548, 0.00279207085259, -0.00198971410282, 0.00256997649558, -0.00186401454266, 0.00248216185719, -0.00149192067329, 0.00235224887729], [-0.000219491746975, 0.00189262838103, -0.00146669021342, 0.00533977150917, -0.00276993773878, 0.00168478209525, -0.0020000282675, 0.00208043144085, -0.0013549013529, 0.00150893512182, -0.00149794120807, 0.00219602440484, -0.00349157885648], [0.000932105875108, -0.00455292547122, 0.000403360958444, -0.00276993773878, 0.0118964537978, -0.00528490077704, 0.0044570681639, -0.00382605264895, 0.0039648511447, -0.00281093036756, 0.00475054048002, -0.00297691300511, 0.00244445819408], [-0.000931611924898, 0.00460586696863, -0.00225805025548, 0.00168478209525, -0.00528490077704, 0.0145723270252, -0.00835537817329, 0.00497533334419, -0.00702277431265, 0.00416605453938, -0.00745048327371, 0.00499600311741, -0.00211525335908], [0.000834866717923, -0.00531966472045, 0.00279207085259, -0.0020000282675, 0.0044570681639, -0.00835537817329, 0.014938339591, -0.007234768942, 0.00748656783253, -0.00319474330172, 0.00684517156333, -0.00672434223816, 0.0068090185523], [-0.000784786650911, 0.00400716485456, -0.00198971410282, 0.00208043144085, -0.00382605264895, 0.00497533334419, -0.007234768942, 0.0180166512728, -0.00885204970837, 0.003359494498, -0.00647827098146, 0.00528796482831, -0.00434120185673], [0.0014615674736, -0.00461102463305, 0.00256997649558, -0.0013549013529, 0.0039648511447, -0.00702277431265, 0.00748656783253, -0.00885204970837, 0.0193495601416, -0.00906258169562, 0.00945183634758, -0.00415232265368, 0.00585971958935], [-0.000161269141245, 0.00495094293728, -0.00186401454266, 0.00150893512182, -0.00281093036756, 0.00416605453938, -0.00319474330172, 0.003359494498, -0.00906258169562, 0.0192877594382, -0.00607677083462, 0.00532337138429, -0.00194480130449], [0.00149559008423, -0.00511479424313, 0.00248216185719, -0.00149794120807, 0.00475054048002, -0.00745048327371, 0.00684517156333, -0.00647827098146, 0.00945183634758, -0.00607677083462, 0.0206938963383, -0.00613957922906, 0.00317367562093], [-5.49086944375e-05, 0.00523973396048, -0.00149192067329, 0.00219602440484, -0.00297691300511, 0.00499600311741, -0.00672434223816, 0.00528796482831, -0.00415232265368, 0.00532337138429, -0.00613957922906, 0.0148700829595, -0.00550197949633], [0.00146280415356, -0.00254909298383, 0.00235224887729, -0.00349157885648, 0.00244445819408, -0.00211525335908, 0.0068090185523, -0.00434120185673, 0.00585971958935, -0.00194480130449, 0.00317367562093, -0.00550197949633, 0.0215190183371]]
    },
    "melbands": {
        "dmean": [0.000376692449208, 0.00121730589308, 0.000868314353283, 0.000609878159594, 0.000167333113495, 0.000106549945485, 0.000128229672555, 0.000160398689331, 0.000320936407661, 0.000273359735729, 0.000228273303946, 0.000105562823592, 0.000118225638289, 0.00010784137703, 8.01054848125e-05, 4.80697490275e-05, 4.66177043563e-05, 2.71854696621e-05, 1.46973425217e-05, 1.72536801983e-05, 1.31094202516e-05, 1.2478658391e-05, 1.27947459987e-05, 7.72316252551e-06, 7.77400600782e-06, 5.57574230697e-06, 4.26756969318e-06, 3.71734154214e-06, 2.71295971288e-06, 2.56476801042e-06, 4.51227333542e-06, 1.67408798006e-05, 5.25285713593e-06, 3.06482320411e-06, 6.40014377495e-06, 1.90598677818e-06, 1.25645294702e-06, 1.19116782571e-06, 1.16230205549e-06, 1.06054517346e-06],
        "dmean2": [0.000613263808191, 0.00194714753889, 0.00142326753121, 0.000950262416154, 0.000262505403953, 0.000177477078978, 0.000212573402678, 0.0002559000568, 0.000517944805324, 0.000422201526817, 0.000356751814252, 0.000167786041857, 0.000179744485649, 0.000163739809068, 0.000129433741677, 7.6160817116e-05, 7.34199566068e-05, 4.41225529357e-05, 2.35601401073e-05, 2.81005104625e-05, 2.12428603845e-05, 2.01494840439e-05, 2.10300058825e-05, 1.25451433632e-05, 1.27756793518e-05, 9.13982057682e-06, 6.81320898366e-06, 5.92832202528e-06, 4.26644373874e-06, 4.06351682614e-06, 6.77918433212e-06, 2.46765939664e-05, 7.90333706391e-06, 4.66122537546e-06, 9.56931489782e-06, 2.88303544949e-06, 1.85030205557e-06, 1.74865249392e-06, 1.77466938567e-06, 1.53685232362e-06],
        "dvar": [2.34981172298e-07, 2.93282937491e-06, 1.30871762849e-06, 1.0143446616e-06, 8.12075526824e-08, 3.48911406434e-08, 1.2570704655e-07, 1.40335288279e-07, 4.96564609875e-07, 2.57717971408e-07, 3.12248602086e-07, 5.76684726639e-08, 8.34235223124e-08, 6.75378402093e-08, 2.86701116181e-08, 1.57175517046e-08, 8.34645685899e-09, 4.76957451312e-09, 9.89473503132e-10, 9.69242686111e-10, 5.74841230172e-10, 3.85218912324e-10, 4.87628881718e-10, 1.86860776852e-10, 2.84394202632e-10, 9.82551331963e-11, 4.3847345893e-11, 3.57636698034e-11, 2.51750877089e-11, 2.11993166077e-11, 8.56209686484e-11, 2.04993622077e-09, 1.3104085872e-10, 4.33309603476e-11, 3.74778152956e-10, 1.99196249773e-11, 9.52220160361e-12, 9.59093134772e-12, 1.40523296124e-11, 1.00140208625e-11],
        "dvar2": [6.47370427487e-07, 7.35598678148e-06, 3.38189624927e-06, 2.33183641285e-06, 2.01696494173e-07, 9.30474399752e-08, 3.39329091048e-07, 3.16827055258e-07, 1.11152667159e-06, 5.97353960075e-07, 8.04985234026e-07, 1.34683787678e-07, 1.63076350645e-07, 1.5626723382e-07, 7.270160296e-08, 4.08070519597e-08, 1.9741264623e-08, 1.22869323604e-08, 2.59576693473e-09, 2.46680365024e-09, 1.40349776245e-09, 9.2779123273e-10, 1.11456688323e-09, 4.88665996556e-10, 7.55016049681e-10, 2.37765862554e-10, 1.13460171813e-10, 8.72471053737e-11, 6.34321484227e-11, 5.08073132177e-11, 1.73497313738e-10, 4.29108482081e-09, 3.0568492182e-10, 1.05012866458e-10, 8.85988393762e-10, 4.32470136091e-11, 2.02932497195e-11, 1.90587615134e-11, 3.43876940812e-11, 2.15316653396e-11],
        "max": [0.00437986850739, 0.0141075495631, 0.0117737483233, 0.00900228042156, 0.00355304195546, 0.00216441228986, 0.00650418829173, 0.00568346399814, 0.0106141259894, 0.010660180822, 0.00756089994684, 0.00341395568103, 0.00725235464051, 0.00427365908399, 0.00223232805729, 0.00203310372308, 0.00114613876212, 0.00131078762934, 0.000687855819706, 0.00058507558424, 0.000474708795082, 0.000357687822543, 0.000408355670515, 0.00023823590891, 0.00028713120264, 0.000135712398333, 8.01184796728e-05, 7.13434710633e-05, 6.10835268162e-05, 6.63126629661e-05, 0.000100424054835, 0.000527331838384, 0.000144647172419, 0.000102429934486, 0.000280067266431, 7.92047940195e-05, 6.163596845e-05, 6.2797764258e-05, 8.00408088253e-05, 6.95859125699e-05],
        "mean": [0.000670604873449, 0.0020111091435, 0.00159857294057, 0.00101640762296, 0.000305850728182, 0.000159374700161, 0.000170440893271, 0.000210715676076, 0.000557996798307, 0.000476870103739, 0.00035000423668, 0.000170751023688, 0.000193910716916, 0.000172040163307, 0.000127128019813, 7.35269568395e-05, 7.67885649111e-05, 4.11227811128e-05, 2.63607762463e-05, 2.83204608422e-05, 2.359744758e-05, 2.21337995754e-05, 2.12907652895e-05, 1.33982230182e-05, 1.26277373056e-05, 9.91564866126e-06, 7.88374472904e-06, 6.83962525727e-06, 5.00899932376e-06, 4.87999932375e-06, 8.07426749816e-06, 2.57747269643e-05, 9.21129867493e-06, 5.51156108486e-06, 1.03070615296e-05, 3.28593864651e-06, 2.08374626709e-06, 2.10315238292e-06, 2.01726879823e-06, 1.82804615179e-06],
        "median": [0.000557833001949, 0.00144215801265, 0.00130095833447, 0.000620253384113, 0.000193201412912, 9.30698442971e-05, 6.7980006861e-05, 8.93747492228e-05, 0.000123687466839, 0.000155777699547, 7.55334913265e-05, 5.29024982825e-05, 6.34523821645e-05, 5.08183220518e-05, 4.07353290939e-05, 2.76948176179e-05, 2.63208203251e-05, 1.64579723787e-05, 1.31882779897e-05, 1.58319635375e-05, 1.35812497319e-05, 1.25083161038e-05, 1.08437652671e-05, 7.06589071342e-06, 5.89010414842e-06, 5.03643559568e-06, 4.95152380608e-06, 4.06419349019e-06, 2.62314961219e-06, 2.41470274887e-06, 3.04864283862e-06, 5.49881497136e-06, 3.04042873722e-06, 1.96932319341e-06, 1.4208550283e-06, 8.36809817883e-07, 6.24811491434e-07, 5.69574865494e-07, 4.69864914976e-07, 3.38478599815e-07],
        "min": [2.22531843974e-06, 8.14541181171e-06, 3.30311650032e-06, 3.09688402922e-06, 3.4817278447e-06, 3.19662808579e-06, 1.44648038258e-06, 1.26562986225e-06, 1.12645750505e-06, 1.42268072523e-06, 5.35777644473e-07, 4.65569428343e-07, 1.17769013741e-06, 7.5587399806e-07, 5.59296495339e-07, 6.42040845378e-07, 6.16946692844e-07, 2.71657171425e-07, 1.7749569281e-07, 2.35826192352e-07, 1.55153472292e-07, 1.35389683464e-07, 6.9195323249e-08, 4.04300237733e-08, 1.78934147499e-08, 4.01218791524e-08, 1.69265632621e-08, 8.80075923249e-09, 5.20599208187e-09, 4.06964772992e-09, 7.74144659488e-09, 8.40252134537e-09, 6.14055029047e-09, 4.72151784336e-09, 1.8024257642e-09, 1.56435397969e-09, 1.1144681844e-09, 1.62402857828e-09, 1.94781013541e-09, 2.13155337825e-09],
