{
"highlevel": {
    "danceability": {
        "all": {
            "danceable": 0.805709064007,
            "not_danceable": 0.194290965796
        },
        "probability": 0.805709064007,
        "value": "danceable"
    },
    "gender": {
        "all": {
            "female": 0.0683257132769,
            "male": 0.931674301624
        },
        "probability": 0.931674301624,
        "value": "male"
    },
    "genre_dortmund": {
        "all": {
            "alternative": 0.0915492847562,
            "blues": 0.109216935933,
            "electronic": 0.00413494510576,
            "folkcountry": 0.140217572451,
            "funksoulrnb": 0.025920541957,
            "jazz": 0.0476901941001,
            "pop": 0.125546425581,
            "raphiphop": 0.0127900866792,
            "rock": 0.442934036255
        },
        "probability": 0.442934036255,
        "value": "rock"
    },
    "genre_electronic": {
        "all": {
            "ambient": 0.47021394968,
            "dnb": 0.22673805058,
            "house": 0.121281683445,
            "techno": 0.0199254639447,
            "trance": 0.161840870976
        },
        "probability": 0.47021394968,
        "value": "ambient"
    },
    "genre_rosamerica": {
        "all": {
            "cla": 0.00420736847445,
            "dan": 0.00949777197093,
            "hip": 0.0296125747263,
            "jaz": 0.00851169321686,
            "pop": 0.601110637188,
            "rhy": 0.0775927901268,
            "roc": 0.265077769756,
            "spe": 0.00438936054707
        },
        "probability": 0.601110637188,
        "value": "pop"
    },
    "genre_tzanetakis": {
        "all": {
            "blu": 0.0626613423228,
            "cla": 0.0348169617355,
            "cou": 0.104475811124,
            "dis": 0.0784321576357,
            "hip": 0.15692435205,
            "jaz": 0.313974827528,
            "met": 0.0448166541755,
            "pop": 0.0627359300852,
            "reg": 0.0627360641956,
            "roc": 0.0784258767962
        },
        "probability": 0.313974827528,
        "value": "jaz"
    },
    "ismir04_rhythm": {
        "all": {
            "ChaChaCha": 0.0418428368866,
            "Jive": 0.178876236081,
            "Quickstep": 0.242860510945,
            "Rumba-American": 0.0130118317902,
            "Rumba-International": 0.0245502777398,
            "Rumba-Misc": 0.0120758926496,
            "Samba": 0.354453742504,
            "Tango": 0.0152560118586,
            "VienneseWaltz": 0.109206996858,
            "Waltz": 0.00786567293108
        },
        "probability": 0.354453742504,
        "value": "Samba"
    },
    "mood_acoustic": {
        "all": {
            "acoustic": 0.176267147064,
            "not_acoustic": 0.823732852936
        },
        "probability": 0.823732852936,
        "value": "not_acoustic"
    },
    "mood_aggressive": {
        "all": {
            "aggressive": 0.187377408147,
            "not_aggressive": 0.812622606754
        },
        "probability": 0.812622606754,
        "value": "not_aggressive"
    },
    "mood_electronic": {
        "all": {
            "electronic": 0.209711804986,
            "not_electronic": 0.790288209915
        },
        "probability": 0.790288209915,
        "value": "not_electronic"
    },
    "mood_happy": {
        "all": {
            "happy": 0.901534557343,
            "not_happy": 0.0984654277563
        },
        "probability": 0.901534557343,
        "value": "happy"
    },
    "mood_party": {
        "all": {
            "not_party": 0.626895308495,
            "party": 0.373104661703
        },
        "probability": 0.626895308495,
        "value": "not_party"
    },
    "mood_relaxed": {
        "all": {
            "not_relaxed": 0.981110334396,
            "relaxed": 0.0188896525651
        },
        "probability": 0.981110334396,
        "value": "not_relaxed"
    },
    "mood_sad": {
        "all": {
            "not_sad": 0.655442237854,
            "sad": 0.344557762146
        },
        "probability": 0.655442237854,
        "value": "not_sad"
    },
    "moods_mirex": {
        "all": {
            "Cluster1": 0.390230983496,
            "Cluster2": 0.341930925846,
            "Cluster3": 0.0817148759961,
            "Cluster4": 0.0730893015862,
            "Cluster5": 0.113033927977
        },
        "probability": 0.390230983496,
        "value": "Cluster1"
    },
    "timbre": {
        "all": {
            "bright": 0.976554691792,
            "dark": 0.0234452877194
        },
        "probability": 0.976554691792,
        "value": "bright"
    },
    "tonal_atonal": {
        "all": {
            "atonal": 0.00503388792276,
            "tonal": 0.994966089725
        },
        "probability": 0.994966089725,
        "value": "tonal"
    },
    "voice_instrumental": {
        "all": {
            "instrumental": 0.00169769185595,
            "voice": 0.998302280903
        },
        "probability": 0.998302280903,
        "value": "voice"
    }
},
"lowlevel": {
    "average_loudness": 0.977636218071,
    "barkbands_crest": {
        "dmean": 2.69689679146,
        "dmean2": 4.45151615143,
        "dvar": 5.28652143478,
        "dvar2": 14.0092754364,
        "max": 21.1218891144,
        "mean": 9.17696285248,
        "median": 8.66174983978,
        "min": 3.10460495949,
        "var": 11.4686069489
    },
    "barkbands_flatness_db": {
        "dmean": 0.0297446232289,
        "dmean2": 0.0433140546083,
        "dvar": 0.000746910518501,
        "dvar2": 0.00142881635111,
        "max": 0.375993043184,
        "mean": 0.140521928668,
        "median": 0.133829757571,
        "min": 0.0462276823819,
        "var": 0.00208412972279
    },
    "barkbands_kurtosis": {
        "dmean": 3.94302558899,
        "dmean2": 6.01391601562,
        "dvar": 78.3151931763,
        "dvar2": 160.072296143,
        "max": 125.807037354,
        "mean": 4.6956205368,
        "median": 1.11492586136,
        "min": -1.93117403984,
        "var": 132.962692261
    },
    "barkbands_skewness": {
        "dmean": 0.668902873993,
        "dmean2": 1.0107524395,
        "dvar": 0.486628800631,
        "dvar2": 0.941007316113,
        "max": 9.2001991272,
        "mean": 1.58004450798,
        "median": 1.30774474144,
        "min": -0.853979945183,
        "var": 1.69833827019
    },
    "barkbands_spread": {
        "dmean": 8.09203338623,
        "dmean2": 12.3368787766,
        "dvar": 70.4675674438,
        "dvar2": 146.318496704,
        "max": 106.414306641,
        "mean": 26.3144569397,
        "median": 25.4306793213,
        "min": 1.14396822453,
        "var": 203.850204468
    },
    "dissonance": {
        "dmean": 0.0195236802101,
        "dmean2": 0.0316564254463,
        "dvar": 0.000379577075364,
        "dvar2": 0.000964979350101,
        "max": 0.500000059605,
        "mean": 0.464315772057,
        "median": 0.472153484821,
        "min": 0.286833196878,
        "var": 0.000770399870817
    },
    "dynamic_complexity": 2.14279723167,
    "erbbands_crest": {
        "dmean": 2.66356682777,
        "dmean2": 4.35759401321,
        "dvar": 5.97178697586,
        "dvar2": 14.4442882538,
        "max": 25.8011550903,
        "mean": 8.7344751358,
        "median": 8.02311229706,
        "min": 2.61465620995,
        "var": 13.4714708328
    },
    "erbbands_flatness_db": {
        "dmean": 0.0234940294176,
        "dmean2": 0.034166906029,
        "dvar": 0.000384544429835,
        "dvar2": 0.000772849365603,
        "max": 0.241990655661,
        "mean": 0.137296006083,
        "median": 0.1353687644,
        "min": 0.0553856045008,
        "var": 0.0012191424612
    },
    "erbbands_kurtosis": {
        "dmean": 1.00697100163,
        "dmean2": 1.58812665939,
        "dvar": 1.97220027447,
        "dvar2": 4.35448646545,
        "max": 31.4629249573,
        "mean": 0.332824140787,
        "median": -0.193980932236,
        "min": -1.71140444279,
        "var": 3.78376960754
    },
    "erbbands_skewness": {
        "dmean": 0.436983376741,
        "dmean2": 0.670719504356,
        "dvar": 0.170626088977,
        "dvar2": 0.376013100147,
        "max": 3.19296908379,
        "mean": 0.169504240155,
        "median": 0.172326236963,
        "min": -4.61428451538,
        "var": 0.60510212183
    },
    "erbbands_spread": {
        "dmean": 11.8759918213,
        "dmean2": 18.6108360291,
        "dvar": 134.362503052,
        "dvar2": 303.999786377,
        "max": 153.336456299,
        "mean": 43.285484314,
        "median": 40.7552070618,
        "min": 9.070520401,
        "var": 411.890716553
    },
    "hfc": {
        "dmean": 10.3691425323,
        "dmean2": 15.1578245163,
        "dvar": 125.689109802,
        "dvar2": 272.679412842,
        "max": 136.71875,
        "mean": 25.7403926849,
        "median": 21.2700366974,
        "min": 1.06049263477,
        "var": 385.75567627
    },
    "melbands_crest": {
        "dmean": 3.41482782364,
        "dmean2": 5.63661432266,
        "dvar": 8.03475093842,
        "dvar2": 22.3861980438,
        "max": 28.7549552917,
        "mean": 13.690161705,
        "median": 13.1375026703,
        "min": 4.75503110886,
        "var": 18.7447185516
    },
    "melbands_flatness_db": {
        "dmean": 0.0372358597815,
        "dmean2": 0.0534985363483,
        "dvar": 0.00110171118286,
        "dvar2": 0.00213028141297,
        "max": 0.489404708147,
        "mean": 0.198223471642,
        "median": 0.18764962256,
        "min": 0.0443390719593,
        "var": 0.00369661021978
    },
    "melbands_kurtosis": {
        "dmean": 9.82270431519,
        "dmean2": 15.4275426865,
        "dvar": 259.803924561,
        "dvar2": 580.205871582,
        "max": 223.248687744,
        "mean": 15.7678394318,
        "median": 7.27681159973,
        "min": -1.14209020138,
        "var": 536.732910156
    },
    "melbands_skewness": {
        "dmean": 0.937898159027,
        "dmean2": 1.46573781967,
        "dvar": 0.862033605576,
        "dvar2": 1.89635527134,
        "max": 10.3453769684,
        "mean": 2.84006977081,
        "median": 2.50008630753,
        "min": -0.627463579178,
        "var": 2.93181109428
    },
    "melbands_spread": {
        "dmean": 8.73876285553,
        "dmean2": 13.5456647873,
        "dvar": 89.4363021851,
        "dvar2": 209.025054932,
        "max": 163.76322937,
        "mean": 24.79895401,
        "median": 22.7088832855,
        "min": 0.840085744858,
        "var": 245.207336426
    },
    "pitch_salience": {
        "dmean": 0.0854607746005,
        "dmean2": 0.140812188387,
        "dvar": 0.00460018822923,
        "dvar2": 0.0126104941592,
        "max": 0.794419884682,
        "mean": 0.530103325844,
        "median": 0.528518378735,
        "min": 0.180012777448,
        "var": 0.0100304111838
    },
    "silence_rate_20dB": {
        "dmean": 0,
        "dmean2": 0,
        "dvar": 0,
        "dvar2": 0,
        "max": 1,
        "mean": 1,
        "median": 1,
        "min": 1,
        "var": 0
    },
    "silence_rate_30dB": {
        "dmean": 0,
        "dmean2": 0,
        "dvar": 0,
        "dvar2": 0,
        "max": 1,
        "mean": 1,
        "median": 1,
        "min": 1,
        "var": 0
    },
    "silence_rate_60dB": {
        "dmean": 0,
        "dmean2": 0,
        "dvar": 0,
        "dvar2": 0,
        "max": 0,
        "mean": 0,
        "median": 0,
        "min": 0,
        "var": 0
    },
    "spectral_centroid": {
        "dmean": 316.754943848,
        "dmean2": 473.83972168,
        "dvar": 89236.9140625,
        "dvar2": 172447.265625,
        "max": 5434.71533203,
        "mean": 1466.79162598,
        "median": 1472.3996582,
        "min": 174.290969849,
        "var": 358074.84375
    },
    "spectral_complexity": {
        "dmean": 6.04334354401,
        "dmean2": 9.05964374542,
        "dvar": 35.8958435059,
        "dvar2": 67.1762390137,
        "max": 52,
        "mean": 20.2498073578,
        "median": 20,
        "min": 3,
        "var": 95.7124023438
    },
    "spectral_decrease": {
        "dmean": 2.46673170778e-09,
        "dmean2": 3.94652532876e-09,
        "dvar": 6.01704743333e-18,
        "dvar2": 1.4909892491e-17,
        "max": -7.25271287472e-10,
        "mean": -7.3512658183e-09,
        "median": -6.78691325362e-09,
        "min": -2.26339604836e-08,
        "var": 1.20181526147e-17
    },
    "spectral_energy": {
        "dmean": 0.0099261822179,
        "dmean2": 0.0157376993448,
        "dvar": 9.6125928394e-05,
        "dvar2": 0.000233578597545,
        "max": 0.0915769711137,
        "mean": 0.0300801005214,
        "median": 0.0277275182307,
        "min": 0.00284071522765,
        "var": 0.000205506323255
    },
    "spectral_energyband_high": {
        "dmean": 0.000696321425494,
        "dmean2": 0.00106127583422,
        "dvar": 1.08310666747e-06,
        "dvar2": 2.45581531999e-06,
        "max": 0.0179838817567,
        "mean": 0.00106802990194,
        "median": 0.000630017486401,
        "min": 5.37231380804e-06,
        "var": 2.06692266147e-06
    },
    "spectral_energyband_low": {
        "dmean": 0.00661355582997,
        "dmean2": 0.0113574666902,
        "dvar": 6.48614804959e-05,
        "dvar2": 0.000173008913407,
        "max": 0.0679005011916,
        "mean": 0.0121538331732,
        "median": 0.0105416784063,
        "min": 0.000115269780508,
        "var": 7.35718349461e-05
    },
    "spectral_energyband_middle_high": {
        "dmean": 0.00313642225228,
        "dmean2": 0.00438770791516,
        "dvar": 1.40444453791e-05,
        "dvar2": 2.46675990638e-05,
        "max": 0.0460869073868,
        "mean": 0.0074261771515,
        "median": 0.00467761373147,
        "min": 1.87868790817e-05,
        "var": 6.09682465438e-05
    },
    "spectral_energyband_middle_low": {
        "dmean": 0.00437515228987,
        "dmean2": 0.00711009930819,
        "dvar": 2.17592896661e-05,
        "dvar2": 5.76376842218e-05,
        "max": 0.0438640005887,
        "mean": 0.010243085213,
        "median": 0.00903645344079,
        "min": 0.000344746629708,
        "var": 3.98662668886e-05
    },
    "spectral_entropy": {
        "dmean": 0.261766523123,
        "dmean2": 0.351963847876,
        "dvar": 0.0488283969462,
        "dvar2": 0.0995518267155,
        "max": 8.56870174408,
        "mean": 7.58466863632,
        "median": 7.58768320084,
        "min": 6.00211429596,
        "var": 0.132121935487
    },
    "spectral_flux": {
        "dmean": 0.0272392034531,
        "dmean2": 0.0412768721581,
        "dvar": 0.000561565335374,
        "dvar2": 0.00119626906235,
        "max": 0.229457467794,
        "mean": 0.0966332182288,
        "median": 0.0943696573377,
        "min": 0.02496952191,
        "var": 0.00130419817287
    },
    "spectral_kurtosis": {
        "dmean": 1.49061083794,
        "dmean2": 2.35853052139,
        "dvar": 1.92683017254,
        "dvar2": 4.90131187439,
        "max": 15.7552375793,
        "mean": 4.16861009598,
        "median": 4.04965639114,
        "min": -1.00924658775,
        "var": 3.96604275703
    },
    "spectral_rms": {
        "dmean": 0.000892209121957,
        "dmean2": 0.0013978179777,
        "dvar": 6.50085780762e-07,
        "dvar2": 1.51865253883e-06,
        "max": 0.0094521632418,
        "mean": 0.00526152085513,
        "median": 0.00520108034834,
        "min": 0.00166476110462,
        "var": 1.66284041825e-06
    },
    "spectral_rolloff": {
        "dmean": 592.731567383,
        "dmean2": 998.934326172,
        "dvar": 884371.125,
        "dvar2": 2055376.375,
        "max": 10034.4726562,
        "mean": 1451.56591797,
        "median": 1227.39257812,
        "min": 107.666015625,
        "var": 1539547.5
    },
    "spectral_skewness": {
        "dmean": 0.230901330709,
        "dmean2": 0.352879732847,
        "dvar": 0.043484468013,
        "dvar2": 0.09595618397,
        "max": 3.36683416367,
        "mean": 1.52899456024,
        "median": 1.52823889256,
        "min": -0.0311754439026,
        "var": 0.13160136342
    },
    "spectral_spread": {
        "dmean": 905931.8125,
        "dmean2": 1351879,
        "dvar": 799692095488,
        "dvar2": 1.70297432474e+12,
        "max": 14855501,
        "mean": 4885713,
        "median": 4541494.5,
        "min": 2360570.75,
        "var": 2.10991618458e+12
    },
    "spectral_strongpeak": {
        "dmean": 0.662868976593,
        "dmean2": 1.10602605343,
        "dvar": 1.31086087227,
        "dvar2": 2.88203310966,
        "max": 10.1430511475,
        "mean": 0.888753473759,
        "median": 0.359488636255,
        "min": 0.0666425004601,
        "var": 1.8156645298
    },
    "zerocrossingrate": {
        "dmean": 0.0134001458064,
        "dmean2": 0.0158961825073,
        "dvar": 0.000159239280038,
        "dvar2": 0.000203482704819,
        "max": 0.2685546875,
        "mean": 0.0608414299786,
        "median": 0.05908203125,
        "min": 0.00732421875,
        "var": 0.00082815438509
    },
    "barkbands": {
        "dmean": [6.0016518546e-05, 0.00482729682699, 0.00252188718878, 0.000871652853675, 0.00132102309726, 0.00114719220437, 0.00112255162094, 0.000819548382424, 0.00136165681761, 0.000551436271053, 0.00100401823875, 0.000454096792964, 0.000402881094487, 0.000529090524651, 0.000516059400979, 0.000419406482251, 0.000434432178736, 0.000379294448067, 0.000170669212821, 0.000229442885029, 0.000127986655571, 0.000112596346298, 0.000129657972138, 0.000124557263916, 0.000125460850541, 7.70780316088e-05, 4.20413996949e-08],
        "dmean2": [0.000104226834083, 0.00830009952188, 0.0043763872236, 0.00149887858424, 0.00217390037142, 0.00191424519289, 0.00187858776189, 0.00127622927539, 0.00223145796917, 0.000884938403033, 0.00145839992911, 0.000670614070259, 0.000657004886307, 0.000812568003312, 0.000781013281085, 0.000654208415654, 0.000714424822945, 0.000605596054811, 0.000257809006143, 0.000353600131348, 0.000197549918084, 0.000173583568539, 0.000201955335797, 0.000196245571715, 0.000202438124688, 0.000128915446112, 7.71300534552e-08],
        "dvar": [1.12959392951e-08, 4.03742124035e-05, 9.87716430245e-06, 8.70705150646e-07, 2.6210186661e-06, 2.96421853818e-06, 5.12568021804e-06, 3.17826447827e-06, 8.97041354619e-06, 1.39448457048e-06, 5.87202794122e-06, 9.73551550487e-07, 8.38627045141e-07, 9.79786364042e-07, 1.39362668961e-06, 7.22145216514e-07, 5.21427637068e-07, 2.90156691563e-07, 7.35815746111e-08, 1.02383673095e-07, 3.70433355101e-08, 5.28773682618e-08, 5.56176722455e-08, 6.74220004271e-08, 5.21924441443e-08, 2.16570068545e-08, 2.76902168594e-14],
        "dvar2": [3.05383665022e-08, 0.00010625977302, 2.73401019513e-05, 2.43488830165e-06, 6.74135071677e-06, 7.64708056522e-06, 1.48804774653e-05, 7.46228897697e-06, 2.3226475605e-05, 3.42400176123e-06, 1.14274826046e-05, 1.73133116732e-06, 2.13402813642e-06, 2.03781587516e-06, 3.07336927108e-06, 1.49708773733e-06, 1.27603550482e-06, 6.83509597366e-07, 1.69708656017e-07, 2.10696541103e-07, 8.30441493349e-08, 1.12851985534e-07, 1.21394691632e-07, 1.53241117573e-07, 1.3190056336e-07, 5.76704231037e-08, 7.78324683892e-14],
        "max": [0.000933880917728, 0.0614297091961, 0.0265975203365, 0.00834305677563, 0.0174996964633, 0.0196724832058, 0.0366975814104, 0.0232508406043, 0.0342245660722, 0.014474729076, 0.0395498201251, 0.0184770151973, 0.0157161802053, 0.0147973811254, 0.0179073940963, 0.014790606685, 0.011052579619, 0.00753364572302, 0.00340066291392, 0.00404647924006, 0.00265000620857, 0.00553639838472, 0.00438342476264, 0.00491030002013, 0.0029069846496, 0.00156786548905, 3.54759981747e-06],
        "mean": [8.47136907396e-05, 0.00723130395636, 0.0041574286297, 0.00143754610326, 0.00231639575213, 0.00165559432935, 0.00171734101605, 0.00111116818152, 0.00175296934322, 0.000671313027851, 0.00156433950178, 0.000713771150913, 0.000541630026419, 0.000733759952709, 0.000785946263932, 0.00056006165687, 0.000679090910126, 0.000748755701352, 0.000297629827401, 0.000458768918179, 0.000180057948455, 0.000149342493387, 0.000174333632458, 0.000148824299686, 0.000131812048494, 7.61830960982e-05, 2.84963643793e-08],
        "median": [4.35677793575e-05, 0.00554623221979, 0.00311578274705, 0.00106400484219, 0.00179721426684, 0.000995541340671, 0.000678762909956, 0.0003010542423, 0.000358033634257, 0.000148982537212, 0.000190249091247, 0.0002112120128, 0.000167040081578, 0.000182451753062, 0.000151483123773, 0.000155029614689, 0.000236712308833, 0.000334926968208, 0.000174743516254, 0.000270334363449, 0.000102953374153, 6.53247116134e-05, 7.82766292104e-05, 5.69741023355e-05, 5.04704075865e-05, 2.80740314338e-05, 9.81325576355e-10],
        "min": [2.02735037647e-08, 1.35155387397e-05, 2.25617941396e-06, 3.02946887132e-06, 3.93826448999e-05, 1.29269174067e-05, 8.77505226526e-06, 6.92868638907e-07, 1.5559444364e-06, 1.18859588838e-06, 7.98609903541e-07, 1.01450018519e-06, 2.52347945207e-07, 7.5363459473e-07, 8.67800963533e-07, 1.42773660627e-06, 1.2780101315e-06, 2.18588820644e-06, 1.0068638403e-06, 9.62199010246e-07, 4.46708838808e-07, 3.45367908494e-07, 4.70734590863e-07, 3.83684039207e-07, 3.21964222394e-07, 5.01535737385e-08, 8.90034573819e-12],
        "var": [1.18930678639e-08, 4.42483833467e-05, 1.36120333991e-05, 1.77593722128e-06, 4.09475160268e-06, 4.17023602495e-06, 8.35018363432e-06, 5.53039853912e-06, 1.32356180984e-05, 2.1526236651e-06, 1.30165390146e-05, 2.81841744254e-06, 1.29067404941e-06, 2.25797634812e-06, 3.06755032398e-06, 1.36371636472e-06, 1.32888453663e-06, 1.12570319288e-06, 1.59388250154e-07, 2.63698382241e-07, 5.50133059107e-08, 1.0846087406e-07, 9.57933750101e-08, 1.0555200447e-07, 5.94078208849e-08, 1.95538962799e-08, 1.7258365757e-14]
    },
    "erbbands": {
        "dmean": [0.0828345790505, 1.2835329771, 3.21159744263, 2.23067069054, 3.86627936363, 4.72739362717, 7.15493535995, 9.99496936798, 15.7967720032, 14.5087175369, 22.5293712616, 27.6272888184, 20.8048095703, 21.7038650513, 31.7459449768, 16.8437080383, 17.9766750336, 23.0761871338, 23.3262119293, 28.4718494415, 21.9451313019, 23.8592796326, 22.1742935181, 10.7182359695, 9.30837535858, 11.5208206177, 6.08939838409, 4.44080066681, 3.87338447571, 4.30158376694, 3.64224052429, 2.34631252289, 2.27752304077, 1.36098408699, 0.958144724369, 0.443290889263, 0.130253151059, 0.0100059742108, 0.000196453751414, 2.06408494705e-05],
        "dmean2": [0.138837531209, 2.21066665649, 5.55982542038, 3.82418179512, 6.48982667923, 7.85666942596, 11.7911176682, 16.5892868042, 27.1222915649, 23.2626667023, 35.3151168823, 44.4270935059, 34.511806488, 31.9702377319, 46.2083778381, 24.759141922, 28.2301292419, 36.0836029053, 34.4177436829, 41.2775764465, 34.525390625, 38.8730812073, 35.5922355652, 16.3967723846, 13.7555932999, 17.8438129425, 9.22357940674, 6.94703722, 5.93671274185, 6.69872331619, 5.65977430344, 3.66490364075, 3.59031200409, 2.15976262093, 1.58545362949, 0.733660578728, 0.217180535197, 0.0173046439886, 0.000333802367095, 3.23730309901e-05],
        "dvar": [0.0126371290535, 2.85289788246, 15.5423841476, 6.17552661896, 23.7817935944, 34.9255943298, 129.198959351, 222.415145874, 1259.82287598, 1007.3369751, 2555.49365234, 4232.12060547, 1825.84155273, 2806.92626953, 5379.87597656, 1076.83557129, 1628.22595215, 1848.73083496, 1754.66540527, 6205.63867188, 1603.76855469, 1381.21618652, 1020.12835693, 237.614746094, 281.040405273, 257.734741211, 73.4410018921, 54.0439720154, 53.0175361633, 87.9852371216, 46.2700614929, 18.3634033203, 26.4201126099, 7.13646697998, 3.46640992165, 0.752314388752, 0.0577214024961, 0.00046236361959, 1.56725150191e-07, 7.04164893062e-10],
        "dvar2": [0.0334135256708, 7.57125520706, 43.6601295471, 17.7760601044, 60.8985176086, 90.5157241821, 342.636474609, 591.03717041, 3916.85742188, 2381.37060547, 6492.49511719, 10536.1289062, 4720.56054688, 5725.73876953, 9722.89746094, 1996.14428711, 3836.90820312, 3967.96435547, 3712.05810547, 13041.8261719, 3663.79125977, 3465.29516602, 2535.54736328, 536.237731934, 565.977539062, 535.779663086, 160.469055176, 129.350387573, 111.659324646, 197.404571533, 105.520233154, 40.8556518555, 61.1534309387, 17.3348522186, 9.02959632874, 2.01600909233, 0.150163784623, 0.00124764605425, 4.18239210376e-07, 1.77415326874e-09],
        "max": [1.02438080311, 16.2307662964, 35.0066452026, 31.9618911743, 56.5658874512, 68.380569458, 122.506149292, 149.654953003, 611.951904297, 404.319213867, 737.598510742, 829.041931152, 441.29586792, 930.814025879, 1080.70861816, 770.767089844, 794.909057617, 774.547790527, 554.860473633, 1109.20251465, 570.860717773, 439.936889648, 346.973937988, 215.859329224, 217.29649353, 183.87059021, 87.1982498169, 121.896125793, 165.065750122, 257.324066162, 136.082473755, 79.2346420288, 84.796875, 46.2018051147, 17.3741207123, 9.43049812317, 2.67903017998, 0.238222405314, 0.00432736752555, 0.000315861281706],
        "mean": [0.141076654196, 1.8616181612, 5.21513557434, 4.39296197891, 6.22363901138, 7.8741645813, 10.9449148178, 14.3511142731, 24.5454330444, 21.800693512, 30.9575595856, 35.2623214722, 28.2085933685, 35.261631012, 51.7025642395, 29.1252746582, 27.8356285095, 33.2334861755, 38.9073486328, 41.0545043945, 31.5051841736, 41.7711105347, 41.6719017029, 21.5840873718, 17.6229457855, 23.1239299774, 10.1492271423, 5.79516124725, 4.96079969406, 6.22701501846, 4.53773450851, 2.81072974205, 2.69727611542, 1.51869535446, 0.927994310856, 0.427943915129, 0.129051715136, 0.00888411980122, 0.000199213725864, 4.74844127893e-05],
        "median": [0.111946024001, 1.40389990807, 4.02582073212, 3.61674237251, 4.58760690689, 5.71504974365, 5.9278845787, 8.63993644714, 10.9360990524, 7.0543961525, 8.24048995972, 8.67172336578, 8.34584712982, 6.91513490677, 10.0841026306, 9.44943237305, 8.87971878052, 9.65225791931, 9.55564689636, 8.68046760559, 10.6923274994, 15.6921005249, 19.1212272644, 10.8540973663, 9.96736335754, 13.5987215042, 6.2022857666, 3.0660943985, 2.12235212326, 3.00551199913, 1.8965344429, 1.12487518787, 0.982248544693, 0.631600439548, 0.316737174988, 0.153100281954, 0.0480701178312, 0.00278300885111, 8.1731886894e-05, 4.11536748288e-05],
        "min": [0.000520404428244, 0.00248273066245, 0.0175048597157, 0.0591858252883, 0.0826149955392, 0.0968315973878, 0.273923397064, 0.0946382656693, 0.22706694901, 0.0699606984854, 0.0455139689147, 0.0407992862165, 0.0399276688695, 0.0489768609405, 0.0240220986307, 0.0366609059274, 0.0211815740913, 0.0389016754925, 0.0509795844555, 0.0784772932529, 0.101234138012, 0.0866897404194, 0.12669916451, 0.0801163837314, 0.0408188849688, 0.0486209020019, 0.0286114290357, 0.0171755682677, 0.0124023519456, 0.0132603524253, 0.0130961108953, 0.00733221648261, 0.00825103186071, 0.00513606658205, 0.000586327922065, 0.000744736345951, 6.82338213664e-05, 4.75346587336e-06, 3.3301480471e-06, 3.86509691452e-06],
        "var": [0.0164635684341, 3.0960495472, 18.9703178406, 10.0915126801, 33.5277786255, 55.7576904297, 180.918151855, 297.456359863, 1936.36132812, 1795.37915039, 3691.82128906, 6268.39306641, 2666.35009766, 6216.8828125, 12735.7382812, 3453.48339844, 3217.58276367, 4242.14013672, 5699.07763672, 12377.7041016, 3287.79394531, 5131.78222656, 3247.59399414, 890.213623047, 668.129882812, 668.093322754, 145.122070312, 73.6847686768, 106.662162781, 178.947113037, 65.1562652588, 30.2554988861, 39.4269447327, 9.21645927429, 3.20522046089, 0.664174854755, 0.0551345013082, 0.000363451894373, 1.32534154318e-07, 9.92518178755e-10]
    },
    "gfcc": {
        "mean": [27.7576847076, 85.3996582031, -104.226867676, 43.3785514832, -51.8908195496, 18.1399059296, -40.022857666, 18.8174266815, -29.1729888916, 7.49099636078, -15.4288930893, 4.57870006561, -13.6663703918],
        "cov": [[2554.82788086, -857.348510742, -634.986816406, -238.932998657, -109.852020264, 157.923095703, -8.55098152161, 170.356796265, 57.9161300659, 53.0307846069, -148.543334961, 28.6389446259, -66.4819946289], [-857.348510742, 744.201660156, -46.5666732788, -52.6607437134, 100.540939331, -57.035118103, 156.371826172, -42.4722633362, -22.9701900482, -63.9953804016, 73.1715698242, -102.703605652, 30.3804969788], [-634.986816406, -46.5666732788, 694.029541016, 186.303405762, -25.6190223694, -19.0520057678, -91.1896438599, -19.8893852234, -14.165886879, 67.2064208984, 20.3328609467, 93.5934448242, 14.0361690521], [-238.932998657, -52.6607437134, 186.303405762, 327.242584229, 62.3297996521, -94.8047332764, -112.013023376, -0.777346134186, 33.7864265442, -11.6881809235, 61.3305854797, 43.5709762573, 16.1677417755], [-109.852020264, 100.540939331, -25.6190223694, 62.3297996521, 226.532440186, 27.8109092712, -2.10368180275, 8.38722324371, 5.72402048111, -7.15444660187, 5.87731170654, -0.585850417614, 0.824360489845], [157.923095703, -57.035118103, -19.0520057678, -94.8047332764, 27.8109092712, 277.669311523, 119.011428833, -57.7455558777, -26.989112854, 6.00874662399, -20.8160820007, -10.2888307571, -9.17953586578], [-8.55098152161, 156.371826172, -91.1896438599, -112.013023376, -2.10368180275, 119.011428833, 223.731063843, -2.5865149498, -43.8306388855, -19.0572605133, 2.95052194595, -44.4334869385, -13.3502111435], [170.356796265, -42.4722633362, -19.8893852234, -0.777346134186, 8.38722324371, -57.7455558777, -2.5865149498, 148.859481812, 53.4836387634, -5.33618450165, -20.3571491241, -12.4947414398, -3.16471791267], [57.9161300659, -22.9701900482, -14.165886879, 33.7864265442, 5.72402048111, -26.989112854, -43.8306388855, 53.4836387634, 115.063941956, 14.5908727646, -23.792142868, -12.8788137436, -0.364275872707], [53.0307846069, -63.9953804016, 67.2064208984, -11.6881809235, -7.15444660187, 6.00874662399, -19.0572605133, -5.33618450165, 14.5908727646, 81.4137573242, 1.5182005167, 7.55418348312, -6.33915662766], [-148.543334961, 73.1715698242, 20.3328609467, 61.3305854797, 5.87731170654, -20.8160820007, 2.95052194595, -20.3571491241, -23.792142868, 1.5182005167, 96.7786254883, 20.6438350677, -1.10814809799], [28.6389446259, -102.703605652, 93.5934448242, 43.5709762573, -0.585850417614, -10.2888307571, -44.4334869385, -12.4947414398, -12.8788137436, 7.55418348312, 20.6438350677, 98.5836181641, 8.68620109558], [-66.4819946289, 30.3804969788, 14.0361690521, 16.1677417755, 0.824360489845, -9.17953586578, -13.3502111435, -3.16471791267, -0.364275872707, -6.33915662766, -1.10814809799, 8.68620109558, 63.5655059814]],
        "icov": [[0.00147225277033, 0.00118891964667, 0.00168702052906, -0.000199739253731, 0.000505908741616, -0.000825745577458, 4.5166205382e-05, -0.00168521923479, 0.00061232293956, -0.00143574282993, 0.000967458880041, -0.00103265140206, 0.000467936799396], [0.00118891964667, 0.00665911845863, -0.00107588618994, 0.00400817627087, -0.00389425293542, 0.00433603534475, -0.00484357308596, 0.0034036883153, -0.00396474124864, 0.00443532317877, -0.00566879101098, 0.00513734016567, -0.00327346147969], [0.00168702052906, -0.00107588618994, 0.00529712205753, -0.00378481927328, 0.00310726650059, -0.0035126786679, 0.00218139635399, -0.00436304789037, 0.0038230123464, -0.00625511584803, 0.00490931747481, -0.00510586053133, 0.00194637640379], [-0.000199739253731, 0.00400817627087, -0.00378481927328, 0.00955423898995, -0.00507605914026, 0.00485948473215, -0.00187417888083, 0.00462300749496, -0.00610797712579, 0.0074216267094, -0.00884707830846, 0.00458961492404, -0.00319106620736], [0.000505908741616, -0.00389425293542, 0.00310726650059, -0.00507605914026, 0.00856994930655, -0.00530344387516, 0.00385731225833, -0.00507107423618, 0.00428937701508, -0.00516894459724, 0.00563232041895, -0.00479916809127, 0.00293902703561], [-0.000825745577458, 0.00433603534475, -0.0035126786679, 0.00485948473215, -0.00530344387516, 0.0108905564994, -0.00761024653912, 0.00798385124654, -0.00552448257804, 0.00540349353105, -0.0048111830838, 0.00478359963745, -0.00318603101186], [4.5166205382e-05, -0.00484357308596, 0.00218139635399, -0.00187417888083, 0.00385731225833, -0.00761024653912, 0.012546130456, -0.00617041951045, 0.00630133412778, -0.00318646873347, 0.00299228169024, -0.00207592686638, 0.00359010603279], [-0.00168521923479, 0.0034036883153, -0.00436304789037, 0.00462300749496, -0.00507107423618, 0.00798385124654, -0.00617041951045, 0.0156297758222, -0.00928904209286, 0.00757680507377, -0.00533218076453, 0.00573078822345, -0.0030744750984], [0.00061232293956, -0.00396474124864, 0.0038230123464, -0.00610797712579, 0.00428937701508, -0.00552448257804, 0.00630133412778, -0.00928904209286, 0.017588429153, -0.00866961851716, 0.00859570503235, -0.00323588494211, 0.00308046955615], [-0.00143574282993, 0.00443532317877, -0.00625511584803, 0.0074216267094, -0.00516894459724, 0.00540349353105, -0.00318646873347, 0.00757680507377, -0.00866961851716, 0.0227087587118, -0.00982239004225, 0.00715850666165, -0.00250700488687], [0.000967458880041, -0.00566879101098, 0.00490931747481, -0.00884707830846, 0.00563232041895, -0.0048111830838, 0.00299228169024, -0.00533218076453, 0.00859570503235, -0.00982239004225, 0.0225613079965, -0.0100507149473, 0.00531897228211], [-0.00103265140206, 0.00513734016567, -0.00510586053133, 0.00458961492404, -0.00479916809127, 0.00478359963745, -0.00207592686638, 0.00573078822345, -0.00323588494211, 0.00715850666165, -0.0100507149473, 0.0204720403999, -0.00525028025731], [0.000467936799396, -0.00327346147969, 0.00194637640379, -0.00319106620736, 0.00293902703561, -0.00318603101186, 0.00359010603279, -0.0030744750984, 0.00308046955615, -0.00250700488687, 0.00531897228211, -0.00525028025731, 0.0188481193036]]
    },
    "melbands": {
        "dmean": [0.0010647517629, 0.00168027763721, 0.00040966400411, 0.000306296540657, 0.00022864282073, 0.000227607830311, 0.000231230151257, 0.000158026989084, 0.000212354134419, 0.000170622137375, 0.000103333004517, 8.40861248435e-05, 0.000134080182761, 4.70335471618e-05, 5.22912705492e-05, 3.57090721081e-05, 4.62257412437e-05, 4.12828267145e-05, 3.83460755984e-05, 3.34959040629e-05, 2.69317115453e-05, 2.59978241957e-05, 2.28309309023e-05, 1.91222061403e-05, 8.24193375593e-06, 6.50749825581e-06, 8.64365028974e-06, 7.78526100476e-06, 3.93334812543e-06, 3.3635485579e-06, 2.4341795779e-06, 2.16081775761e-06, 2.43187241722e-06, 2.53488224189e-06, 2.31725175581e-06, 1.71701174168e-06, 1.34830747811e-06, 1.76510025085e-06, 1.40439669849e-06, 1.07510788894e-06],
        "dmean2": [0.0018176115118, 0.00288829347119, 0.000698726566043, 0.000505734642502, 0.000376805634005, 0.000379578705179, 0.000393590074964, 0.00024806332658, 0.000334396783728, 0.000276617793133, 0.000171586230863, 0.000125257560285, 0.000197914152523, 7.01667449903e-05, 7.81353664934e-05, 5.74077675992e-05, 7.27447331883e-05, 6.18743870291e-05, 5.68689429201e-05, 4.94106971018e-05, 4.40215953859e-05, 4.2585630581e-05, 3.68255532521e-05, 3.04245586449e-05, 1.28711262732e-05, 9.83788504527e-06, 1.29417894641e-05, 1.21326384033e-05, 5.96176460022e-06, 5.28113059772e-06, 3.86894498661e-06, 3.36208267981e-06, 3.75170020561e-06, 3.96374662159e-06, 3.68057249034e-06, 2.74035073744e-06, 2.13119142245e-06, 2.78907759821e-06, 2.22448534259e-06, 1.74482954662e-06],
        "dvar": [2.01576062864e-06, 4.1280068217e-06, 1.89825044572e-07, 1.61891250627e-07, 1.12021780296e-07, 1.10248144836e-07, 2.43464540972e-07, 1.16813730244e-07, 2.64515080062e-07, 1.39859523074e-07, 4.58811300064e-08, 4.24805897126e-08, 1.10647484064e-07, 1.10836664291e-08, 1.74305441192e-08, 7.11265002451e-09, 7.96879362497e-09, 6.14915229846e-09, 9.46206224484e-09, 6.50375842071e-09, 2.69347588677e-09, 1.78268722006e-09, 1.17509002528e-09, 7.65842333994e-10, 1.54013649056e-10, 1.36695432751e-10, 2.08463801776e-10, 1.16131312899e-10, 3.19531068271e-11, 3.09105969987e-11, 1.94388307534e-11, 1.58062781613e-11, 3.21850601726e-11, 2.94183635785e-11, 2.09442411331e-11, 1.03328959972e-11, 6.91855123539e-12, 1.65408936548e-11, 1.02719915906e-11, 4.59034373013e-12],
        "dvar2": [5.21733090864e-06, 1.1511615412e-05, 5.1959676739e-07, 4.21824012165e-07, 2.96677285405e-07, 2.9647335964e-07, 7.45879162878e-07, 2.68634323675e-07, 6.86851308274e-07, 3.5318208802e-07, 1.18433540308e-07, 8.8728441483e-08, 2.07918006367e-07, 1.692521856e-08, 3.4814128469e-08, 1.85239450445e-08, 1.73775838164e-08, 1.26241799236e-08, 2.05974828305e-08, 1.27556187834e-08, 6.25771301443e-09, 4.49975212646e-09, 2.89345236659e-09, 1.88754190056e-09, 3.5853600644e-10, 3.10295150685e-10, 4.15267153997e-10, 2.51438730947e-10, 7.026343396e-11, 6.91427401445e-11, 4.84543863366e-11, 3.69313954418e-11, 6.42907116433e-11, 6.91420046217e-11, 4.80586404006e-11, 2.53682057999e-11, 1.52419830229e-11, 3.9758151632e-11, 2.3684214312e-11, 1.17433380728e-11],
        "max": [0.0134039167315, 0.0171518959105, 0.00466112000868, 0.00481890421361, 0.00354529055767, 0.00345453806221, 0.00868473295122, 0.0047960029915, 0.0069208429195, 0.00445659086108, 0.00225358479656, 0.00358222448267, 0.00530802365392, 0.00252503412776, 0.00359095912427, 0.00165758747607, 0.00143072695937, 0.00104851601645, 0.00154353305697, 0.00134629686363, 0.00095488660736, 0.000547020521481, 0.0003522473271, 0.000371061440092, 0.000171944644535, 0.000181319381227, 0.000195892935153, 0.000103277547169, 6.93331894581e-05, 8.26976538519e-05, 6.46863554721e-05, 7.46738733142e-05, 0.000178396410774, 0.000141919052112, 9.03511681827e-05, 4.84414958919e-05, 5.61425076739e-05, 6.50952424621e-05, 5.08966732014e-05, 3.90703135054e-05],
        "mean": [0.00166976905894, 0.00271999766119, 0.000849819218274, 0.000521123758517, 0.000374649098376, 0.00033756258199, 0.00035572311026, 0.000234380582697, 0.000281467247987, 0.000216377855395, 0.000135573543957, 0.00012895007967, 0.00021399538673, 7.419497706e-05, 8.45500107971e-05, 4.9173271691e-05, 6.24520544079e-05, 6.3875275373e-05, 5.59796826565e-05, 4.40533840447e-05, 3.49255824403e-05, 4.38096503785e-05, 3.76252573915e-05, 3.63267936336e-05, 1.49733696162e-05, 1.13871919893e-05, 1.53145956574e-05, 1.51192734847e-05, 6.55528219795e-06, 4.49605977337e-06, 2.93064545076e-06, 2.55537383964e-06, 3.26899203174e-06, 3.62135642717e-06, 2.81882034869e-06, 1.91317622011e-06, 1.59740261552e-06, 2.00365639103e-06, 1.62818230365e-06, 1.13424744086e-06],
        "median": [0.00132446503267, 0.00221083359793, 0.000713789835572, 0.000397333264118, 0.00022756071121, 0.000209041463677, 0.000161459000083, 6.05216337135e-05, 5.26543335582e-05, 4.74152147945e-05, 3.02786065731e-05, 2.45693354373e-05, 3.11250987579e-05, 2.5845665732e-05, 2.09679183172e-05, 1.70394250745e-05, 1.6141380911e-05, 1.35014033731e-05, 1.12936277219e-05, 9.24168489291e-06, 1.15318071039e-05, 1.41655518746e-05, 1.74816323124e-05, 1.54865847435e-05, 7.26982989363e-06, 6.56791462461e-06, 8.06220032246e-06, 8.27169878903e-06, 3.61076558875e-06, 2.3641991902e-06, 1.36176095111e-06, 9.9447811408e-07, 1.42961937399e-06, 1.6494304873e-06, 1.15598197681e-06, 7.1787150091e-07, 6.35396418147e-07, 6.80739958625e-07, 6.10946301549e-07, 4.49442069339e-07],
        "min": [3.90282002627e-06, 4.13921816289e-06, 1.48058006744e-05, 4.50556535725e-06, 8.04590581538e-06, 2.13110774894e-06, 2.68624785349e-06, 4.35680050259e-07, 1.16449385246e-07, 2.07952993492e-07, 1.71137457983e-07, 1.44702724469e-07, 1.0281487306e-07, 4.52375630289e-08, 8.00785642241e-08, 2.72658819966e-08, 7.32275253768e-08, 6.72750033459e-08, 6.68871535936e-08, 1.32554674792e-07, 1.01994821478e-07, 7.72872610355e-08, 5.69750646662e-08, 8.36669400428e-08, 4.52772930259e-08, 3.23422462145e-08, 2.32162449265e-08, 1.75059096108e-08, 2.04876755561e-08, 1.2270692018e-08, 7.60747820294e-09, 4.10761913372e-09, 6.48350484411e-09, 7.59459517496e-09, 7.48715045518e-09, 3.83021658834e-09, 9.93631732449e-10, 5.53307444306e-09, 2.28563848403e-10, 2.44622849754e-10],
