{
"highlevel": {
    "danceability": {
        "all": {
            "danceable": 0.561760663986,
            "not_danceable": 0.438239306211
        },
        "probability": 0.561760663986,
        "value": "danceable"
    },
    "gender": {
        "all": {
            "female": 0.697899758816,
            "male": 0.302100241184
        },
        "probability": 0.697899758816,
        "value": "female"
    },
    "genre_dortmund": {
        "all": {
            "alternative": 0.190991073847,
            "blues": 0.0255448613316,
            "electronic": 0.0968434661627,
            "folkcountry": 0.0525890402496,
            "funksoulrnb": 0.0186414681375,
            "jazz": 0.0951602160931,
            "pop": 0.0675830021501,
            "raphiphop": 0.0233552455902,
            "rock": 0.429291635752
        },
        "probability": 0.429291635752,
        "value": "rock"
    },
    "genre_electronic": {
        "all": {
            "ambient": 0.629260718822,
            "dnb": 0.207369700074,
            "house": 0.0857773274183,
            "techno": 0.0103906206787,
            "trance": 0.0672016069293
        },
        "probability": 0.629260718822,
        "value": "ambient"
    },
    "genre_rosamerica": {
        "all": {
            "cla": 0.0294271204621,
            "dan": 0.0277601014823,
            "hip": 0.0282229240984,
            "jaz": 0.0544561706483,
            "pop": 0.507034301758,
            "rhy": 0.0402734316885,
            "roc": 0.305362075567,
            "spe": 0.00746385147795
        },
        "probability": 0.507034301758,
        "value": "pop"
    },
    "genre_tzanetakis": {
        "all": {
            "blu": 0.0626613423228,
            "cla": 0.0348169617355,
            "cou": 0.104475811124,
            "dis": 0.0784321576357,
            "hip": 0.15692435205,
            "jaz": 0.313974827528,
            "met": 0.0448166541755,
            "pop": 0.0627359300852,
            "reg": 0.0627360641956,
            "roc": 0.0784258767962
        },
        "probability": 0.313974827528,
        "value": "jaz"
    },
    "ismir04_rhythm": {
        "all": {
            "ChaChaCha": 0.159221932292,
            "Jive": 0.214900702238,
            "Quickstep": 0.0834455117583,
            "Rumba-American": 0.0602671913803,
            "Rumba-International": 0.0621383860707,
            "Rumba-Misc": 0.0152316521853,
            "Samba": 0.233823642135,
            "Tango": 0.0593661367893,
            "VienneseWaltz": 0.0831532999873,
            "Waltz": 0.0284515433013
        },
        "probability": 0.233823642135,
        "value": "Samba"
    },
    "mood_acoustic": {
        "all": {
            "acoustic": 0.23195810616,
            "not_acoustic": 0.768041908741
        },
        "probability": 0.768041908741,
        "value": "not_acoustic"
    },
    "mood_aggressive": {
        "all": {
            "aggressive": 0.601049125195,
            "not_aggressive": 0.398950874805
        },
        "probability": 0.601049125195,
        "value": "aggressive"
    },
    "mood_electronic": {
        "all": {
            "electronic": 0.710479140282,
            "not_electronic": 0.289520889521
        },
        "probability": 0.710479140282,
        "value": "electronic"
    },
    "mood_happy": {
        "all": {
            "happy": 0.298116385937,
            "not_happy": 0.701883614063
        },
        "probability": 0.701883614063,
        "value": "not_happy"
    },
    "mood_party": {
        "all": {
            "not_party": 0.738155603409,
            "party": 0.261844366789
        },
        "probability": 0.738155603409,
        "value": "not_party"
    },
    "mood_relaxed": {
        "all": {
            "not_relaxed": 0.618156433105,
            "relaxed": 0.381843596697
        },
        "probability": 0.618156433105,
        "value": "not_relaxed"
    },
    "mood_sad": {
        "all": {
            "not_sad": 0.483506441116,
            "sad": 0.516493558884
        },
        "probability": 0.516493558884,
        "value": "sad"
    },
    "moods_mirex": {
        "all": {
            "Cluster1": 0.559640109539,
            "Cluster2": 0.148327708244,
            "Cluster3": 0.124045684934,
            "Cluster4": 0.0953072309494,
            "Cluster5": 0.0726792812347
        },
        "probability": 0.559640109539,
        "value": "Cluster1"
    },
    "timbre": {
        "all": {
            "bright": 0.809846699238,
            "dark": 0.190153285861
        },
        "probability": 0.809846699238,
        "value": "bright"
    },
    "tonal_atonal": {
        "all": {
            "atonal": 0.00760276662186,
            "tonal": 0.992397248745
        },
        "probability": 0.992397248745,
        "value": "tonal"
    },
    "voice_instrumental": {
        "all": {
            "instrumental": 0.138967946172,
            "voice": 0.861032068729
        },
        "probability": 0.861032068729,
        "value": "voice"
    }
},
"lowlevel": {
    "average_loudness": 0.950657784939,
    "barkbands_crest": {
        "dmean": 2.45810675621,
        "dmean2": 4.02363967896,
        "dvar": 5.41559410095,
        "dvar2": 13.2066059113,
        "max": 24.0178089142,
        "mean": 8.57172298431,
        "median": 7.89089012146,
        "min": 2.68078041077,
        "var": 10.6240606308
    },
    "barkbands_flatness_db": {
        "dmean": 0.0206566527486,
        "dmean2": 0.0318590477109,
        "dvar": 0.000406205421314,
        "dvar2": 0.00100497691892,
        "max": 0.299207538366,
        "mean": 0.149626106024,
        "median": 0.147954747081,
        "min": 0.0659598037601,
        "var": 0.00118212110829
    },
    "barkbands_kurtosis": {
        "dmean": 2.08281517029,
        "dmean2": 3.47758603096,
        "dvar": 18.6796321869,
        "dvar2": 51.3206214905,
        "max": 47.3185424805,
        "mean": 1.95227587223,
        "median": 0.839925527573,
        "min": -1.65513420105,
        "var": 16.8393917084
    },
    "barkbands_skewness": {
        "dmean": 0.482586473227,
        "dmean2": 0.752393484116,
        "dvar": 0.380287528038,
        "dvar2": 0.956377208233,
        "max": 6.08749294281,
        "mean": 1.14273262024,
        "median": 1.06268942356,
        "min": -0.704514324665,
        "var": 0.746078133583
    },
    "barkbands_spread": {
        "dmean": 4.51399612427,
        "dmean2": 6.89576292038,
        "dvar": 25.2442512512,
        "dvar2": 52.3276176453,
        "max": 73.6078720093,
        "mean": 18.4088630676,
        "median": 17.1238212585,
        "min": 2.29864311218,
        "var": 62.8870544434
    },
    "dissonance": {
        "dmean": 0.021841108799,
        "dmean2": 0.0376162901521,
        "dvar": 0.000390455505112,
        "dvar2": 0.00112331367563,
        "max": 0.499999850988,
        "mean": 0.461979925632,
        "median": 0.467777490616,
        "min": 0.329571813345,
        "var": 0.000656188291032
    },
    "dynamic_complexity": 1.96740698814,
    "erbbands_crest": {
        "dmean": 2.76046538353,
        "dmean2": 4.59820556641,
        "dvar": 6.80523252487,
        "dvar2": 18.4166793823,
        "max": 25.3529281616,
        "mean": 8.87437152863,
        "median": 8.0883102417,
        "min": 2.66219258308,
        "var": 14.3477668762
    },
    "erbbands_flatness_db": {
        "dmean": 0.0222304668278,
        "dmean2": 0.0287338681519,
        "dvar": 0.000378683500458,
        "dvar2": 0.000691081804689,
        "max": 0.309836864471,
        "mean": 0.177341833711,
        "median": 0.178402334452,
        "min": 0.0760955139995,
        "var": 0.00184407166671
    },
    "erbbands_kurtosis": {
        "dmean": 0.780005455017,
        "dmean2": 1.26526260376,
        "dvar": 0.717241108418,
        "dvar2": 1.91980612278,
        "max": 8.33478927612,
        "mean": 0.251512259245,
        "median": -0.0574662685394,
        "min": -1.69840037823,
        "var": 1.51040816307
    },
    "erbbands_skewness": {
        "dmean": 0.344594419003,
        "dmean2": 0.556988596916,
        "dvar": 0.0852231457829,
        "dvar2": 0.226977884769,
        "max": 2.05840539932,
        "mean": 0.310569316149,
        "median": 0.295996129513,
        "min": -1.41335189342,
        "var": 0.242268174887
    },
    "erbbands_spread": {
        "dmean": 7.13029193878,
        "dmean2": 10.2021455765,
        "dvar": 66.1469345093,
        "dvar2": 122.039924622,
        "max": 112.50554657,
        "mean": 29.2900257111,
        "median": 26.0614242554,
        "min": 6.18036413193,
        "var": 209.580291748
    },
    "hfc": {
        "dmean": 6.55939626694,
        "dmean2": 9.53492736816,
        "dvar": 62.8398628235,
        "dvar2": 121.910507202,
        "max": 81.1009521484,
        "mean": 21.6125335693,
        "median": 19.0415000916,
        "min": 1.43692219257,
        "var": 196.178314209
    },
    "melbands_crest": {
        "dmean": 3.36660671234,
        "dmean2": 5.4546790123,
        "dvar": 11.195022583,
        "dvar2": 27.1920261383,
        "max": 29.1185760498,
        "mean": 12.0371751785,
        "median": 10.9540662766,
        "min": 4.25916051865,
        "var": 21.8067817688
    },
    "melbands_flatness_db": {
        "dmean": 0.0246089324355,
        "dmean2": 0.0364614389837,
        "dvar": 0.000660499208607,
        "dvar2": 0.0015551202232,
        "max": 0.399014860392,
        "mean": 0.203102886677,
        "median": 0.198576912284,
        "min": 0.0487018302083,
        "var": 0.00243683368899
    },
    "melbands_kurtosis": {
        "dmean": 4.91492557526,
        "dmean2": 8.0186214447,
        "dvar": 125.156562805,
        "dvar2": 339.917633057,
        "max": 147.048156738,
        "mean": 6.41199970245,
        "median": 3.55091238022,
        "min": -1.12229156494,
        "var": 114.903915405
    },
    "melbands_skewness": {
        "dmean": 0.664314448833,
        "dmean2": 1.00894856453,
        "dvar": 0.798345327377,
        "dvar2": 1.94379925728,
        "max": 11.0203447342,
        "mean": 1.84908008575,
        "median": 1.62674689293,
        "min": -0.731783568859,
        "var": 1.54450583458
    },
    "melbands_spread": {
        "dmean": 5.35442590714,
        "dmean2": 8.23827171326,
        "dvar": 33.4506607056,
        "dvar2": 78.9781265259,
        "max": 92.6598815918,
        "mean": 21.4671211243,
        "median": 20.4948406219,
        "min": 1.81325173378,
        "var": 86.309173584
    },
    "pitch_salience": {
        "dmean": 0.0722634866834,
        "dmean2": 0.119549147785,
        "dvar": 0.00489137228578,
        "dvar2": 0.0125798517838,
        "max": 0.836013436317,
        "mean": 0.569873273373,
        "median": 0.574413180351,
        "min": 0.158283427358,
        "var": 0.00928220991045
    },
    "silence_rate_20dB": {
        "dmean": 0,
        "dmean2": 0,
        "dvar": 0,
        "dvar2": 0,
        "max": 1,
        "mean": 1,
        "median": 1,
        "min": 1,
        "var": 0
    },
    "silence_rate_30dB": {
        "dmean": 0.0325077399611,
        "dmean2": 0.0650658383965,
        "dvar": 0.0314509160817,
        "dvar2": 0.0902674198151,
        "max": 1,
        "mean": 0.982211887836,
        "median": 1,
        "min": 0,
        "var": 0.0174718424678
    },
    "silence_rate_60dB": {
        "dmean": 0.0108359130099,
        "dmean2": 0.0216886140406,
        "dvar": 0.010718408972,
        "dvar2": 0.0258653461933,
        "max": 1,
        "mean": 0.0116009283811,
        "median": 0,
        "min": 0,
        "var": 0.0114662582055
    },
    "spectral_centroid": {
        "dmean": 185.225021362,
        "dmean2": 291.755828857,
        "dvar": 38885.3320312,
        "dvar2": 99791.609375,
        "max": 3039.77514648,
        "mean": 1051.39147949,
        "median": 1016.38897705,
        "min": 273.708435059,
        "var": 101997.476562
    },
    "spectral_complexity": {
        "dmean": 3.84055733681,
        "dmean2": 5.64910936356,
        "dvar": 16.3150939941,
        "dvar2": 28.2741394043,
        "max": 54,
        "mean": 22.2459392548,
        "median": 21,
        "min": 6,
        "var": 54.7360496521
    },
    "spectral_decrease": {
        "dmean": 3.63844376849e-09,
        "dmean2": 5.65710234213e-09,
        "dvar": 3.73360211749e-17,
        "dvar2": 9.04908524783e-17,
        "max": -4.28926588691e-10,
        "mean": -8.66279403766e-09,
        "median": -7.14238490573e-09,
        "min": -5.07715718356e-08,
        "var": 4.86685279158e-17
    },
    "spectral_energy": {
        "dmean": 0.0142142530531,
        "dmean2": 0.0220079980791,
        "dvar": 0.000549087533727,
        "dvar2": 0.00132188585121,
        "max": 0.19474427402,
        "mean": 0.0346557423472,
        "median": 0.0288682822138,
        "min": 0.00174920028076,
        "var": 0.000738589907996
    },
    "spectral_energyband_high": {
        "dmean": 0.000280111096799,
        "dmean2": 0.000353565672413,
        "dvar": 2.89681565846e-07,
        "dvar2": 4.77780531583e-07,
        "max": 0.00576107297093,
        "mean": 0.00050753634423,
        "median": 0.000180206596269,
        "min": 1.94883591575e-06,
        "var": 7.03311968664e-07
    },
    "spectral_energyband_low": {
        "dmean": 0.00816204119474,
        "dmean2": 0.0132778529078,
        "dvar": 0.000431917083915,
        "dvar2": 0.00112094020005,
        "max": 0.180638030171,
        "mean": 0.0122896349058,
        "median": 0.00823763012886,
        "min": 1.13932082968e-05,
        "var": 0.000394934293581
    },
    "spectral_energyband_middle_high": {
        "dmean": 0.0027834251523,
        "dmean2": 0.00446109473705,
        "dvar": 1.85984208656e-05,
        "dvar2": 5.22404588992e-05,
        "max": 0.0687327310443,
        "mean": 0.00774421682581,
        "median": 0.00564927048981,
        "min": 0.000278362276731,
        "var": 4.86434691993e-05
    },
    "spectral_energyband_middle_low": {
        "dmean": 0.00776803446934,
        "dmean2": 0.0122637255117,
        "dvar": 0.000183269046829,
        "dvar2": 0.000420501892222,
        "max": 0.138336390257,
        "mean": 0.0163540281355,
        "median": 0.0119586773217,
        "min": 0.000621765560936,
        "var": 0.00026163586881
    },
    "spectral_entropy": {
        "dmean": 0.160626649857,
        "dmean2": 0.220200076699,
        "dvar": 0.0252432134002,
        "dvar2": 0.045280020684,
        "max": 8.53445720673,
        "mean": 7.4581451416,
        "median": 7.43385124207,
        "min": 6.46486186981,
        "var": 0.111186027527
    },
    "spectral_flux": {
        "dmean": 0.0324987284839,
        "dmean2": 0.0500961989164,
        "dvar": 0.00179028930143,
        "dvar2": 0.00382894813083,
        "max": 0.379155337811,
        "mean": 0.100698366761,
        "median": 0.0881706029177,
        "min": 0.0161801874638,
        "var": 0.00337317748927
    },
    "spectral_kurtosis": {
        "dmean": 2.56639838219,
        "dmean2": 4.19232988358,
        "dvar": 9.35639762878,
        "dvar2": 23.2967796326,
        "max": 38.9417381287,
        "mean": 6.93205451965,
        "median": 6.04131984711,
        "min": -0.356935501099,
        "var": 19.2865581512
    },
    "spectral_rms": {
        "dmean": 0.00103224150371,
        "dmean2": 0.00151664018631,
        "dvar": 1.82902886081e-06,
        "dvar2": 4.05333776143e-06,
        "max": 0.0137838460505,
        "mean": 0.00545563874766,
        "median": 0.0053069931455,
        "min": 0.00130634487141,
        "var": 4.04643151342e-06
    },
    "spectral_rolloff": {
        "dmean": 371.480194092,
        "dmean2": 598.92755127,
        "dvar": 473537.09375,
        "dvar2": 1012800.5625,
        "max": 10572.8027344,
        "mean": 1245.82910156,
        "median": 1162.79296875,
        "min": 86.1328125,
        "var": 758351.625
    },
    "spectral_skewness": {
        "dmean": 0.276228815317,
        "dmean2": 0.432496577501,
        "dvar": 0.07856336236,
        "dvar2": 0.181798160076,
        "max": 4.31993913651,
        "mean": 1.93023729324,
        "median": 1.89980685711,
        "min": 0.653421282768,
        "var": 0.237760022283
    },
    "spectral_spread": {
        "dmean": 617045,
        "dmean2": 767054.5,
        "dvar": 620709150720,
        "dvar2": 903266893824,
        "max": 16503513,
        "mean": 3761997.5,
        "median": 3400801.75,
        "min": 1623832.875,
        "var": 2.20501927526e+12
    },
    "spectral_strongpeak": {
        "dmean": 0.64386254549,
        "dmean2": 1.08807647228,
        "dvar": 0.759735882282,
        "dvar2": 1.9452060461,
        "max": 7.87276887894,
        "mean": 1.04120492935,
        "median": 0.582176327705,
        "min": 0.0471101030707,
        "var": 1.47727072239
    },
    "zerocrossingrate": {
        "dmean": 0.00824900530279,
        "dmean2": 0.00960185565054,
        "dvar": 0.000102826867078,
        "dvar2": 0.000114950271382,
        "max": 0.244140625,
        "mean": 0.0500365532935,
        "median": 0.04638671875,
        "min": 0.0087890625,
        "var": 0.000466117344331
    },
    "barkbands": {
        "dmean": [0.000137623443152, 0.00357327191159, 0.00401126686484, 0.00344978552312, 0.0021856976673, 0.00153764255811, 0.00155618705321, 0.00122129591182, 0.00114049506374, 0.00174816581421, 0.000384373124689, 0.000412373890867, 0.000476863642689, 0.000451080675703, 0.000684329890646, 0.000338514801115, 0.000205923730391, 0.000124807513203, 8.41657965793e-05, 6.67897402309e-05, 6.771376502e-05, 6.52957896818e-05, 5.39120555914e-05, 4.70380218758e-05, 4.24642494181e-05, 1.49370325744e-05, 4.06601730063e-09],
        "dmean2": [0.000242565030931, 0.00566475978121, 0.00715028587729, 0.005745283328, 0.00363802420907, 0.00244385190308, 0.00258001568727, 0.00188889505807, 0.00186910154298, 0.00294936355203, 0.000602802960202, 0.000677868491039, 0.000790604331996, 0.000728872255422, 0.00112100061961, 0.000556202081498, 0.00033764904947, 0.0001943839452, 0.000130164509756, 9.91422493826e-05, 9.59542303463e-05, 8.57685154187e-05, 7.04216581653e-05, 6.61793455947e-05, 6.04640590609e-05, 2.2573316528e-05, 5.29107380132e-09],
        "dvar": [1.27835349417e-07, 8.11228601378e-05, 0.000151679094415, 8.90076771611e-05, 1.8358885427e-05, 6.20369155513e-06, 7.36939182389e-06, 4.13705265601e-06, 4.89438889417e-06, 1.70991243067e-05, 4.54094646329e-07, 3.86544314779e-07, 9.88214878817e-07, 7.49022831315e-07, 1.22854635265e-06, 1.91173469943e-07, 8.61350670789e-08, 4.55669066923e-08, 2.64505644054e-08, 1.64779194733e-08, 1.92193141402e-08, 1.94353333427e-08, 1.46615937169e-08, 1.5577427348e-08, 1.08252891096e-08, 1.40611511323e-09, 8.95704307436e-15],
        "dvar2": [3.91793776089e-07, 0.000184183387319, 0.000425728358096, 0.000207707926165, 4.59311486338e-05, 1.40425363497e-05, 1.9039169274e-05, 1.03305110315e-05, 1.25313235912e-05, 5.03449809912e-05, 1.04864147943e-06, 1.0194070228e-06, 2.62810294771e-06, 1.85031251476e-06, 3.19073888022e-06, 4.77556397982e-07, 2.21631466957e-07, 1.05028171049e-07, 6.28275884651e-08, 3.50312490127e-08, 3.84622893534e-08, 3.44671491348e-08, 2.813290223e-08, 3.18949773259e-08, 2.26659384595e-08, 2.88336310383e-09, 8.96430807595e-15],
        "max": [0.0030768008437, 0.0799002572894, 0.109592452645, 0.0855471491814, 0.0480855740607, 0.0457685254514, 0.0381982848048, 0.0376797430217, 0.0283283889294, 0.0602281093597, 0.010545364581, 0.00731518771499, 0.0175064615905, 0.0120680015534, 0.0147848371416, 0.00672267610207, 0.00320891360752, 0.00426290836185, 0.0026774299331, 0.00182004587259, 0.00293144374155, 0.00164285977371, 0.00170632405207, 0.00223068590276, 0.00190199783538, 0.00066220125882, 3.40457631864e-06],
        "mean": [0.000150295047206, 0.00608596252277, 0.00416277581826, 0.00373157602735, 0.00314270239323, 0.00252930540591, 0.00228037056513, 0.00214740214869, 0.00188580597751, 0.0026239566505, 0.000677780481055, 0.000683110090904, 0.000762134150136, 0.000771315477323, 0.00112424127292, 0.000604210072197, 0.000366989726899, 0.000215619642404, 0.000143225406646, 0.000112453737529, 0.000117822790344, 0.000105979328509, 8.31176657812e-05, 6.87370484229e-05, 6.04707747698e-05, 1.83834108611e-05, 3.80476539164e-09],
        "median": [3.92052024836e-05, 0.00346092041582, 0.00182105263229, 0.000771768623963, 0.00186930061318, 0.00150757248048, 0.00126284465659, 0.00139733357355, 0.000943618477322, 0.000854366575368, 0.000337793782819, 0.000426961749326, 0.000356169301085, 0.000353588955477, 0.000529031443875, 0.000426091020927, 0.00024457660038, 0.000138902352774, 7.61341289035e-05, 5.33320489922e-05, 4.33590612374e-05, 2.99240000459e-05, 2.43507020059e-05, 1.44825844473e-05, 1.33441099024e-05, 2.79238429357e-06, 4.94345286928e-10],
        "min": [1.77553527436e-09, 1.21164831057e-07, 2.44975763053e-06, 5.58541250939e-06, 2.8543821827e-05, 3.88191765524e-05, 1.66562658706e-05, 1.22672845464e-05, 1.50698151629e-05, 3.72931481252e-06, 6.26291557637e-06, 1.7443933757e-05, 2.85648548015e-06, 5.38789208804e-06, 1.0810380445e-05, 8.14461236587e-06, 3.89524711863e-06, 3.23458652929e-06, 1.91345748135e-06, 6.6372024321e-07, 2.27638466299e-07, 1.57132802769e-07, 1.21599356362e-07, 2.60418122622e-08, 5.48608021234e-08, 7.67003752178e-11, 3.2809716749e-11],
        "var": [9.96928832819e-08, 0.000102169724414, 0.000100325793028, 9.59591416176e-05, 1.93707164726e-05, 1.01802625068e-05, 1.04718064904e-05, 6.67470976623e-06, 8.35078571981e-06, 2.54320784734e-05, 1.32210050197e-06, 6.41500776055e-07, 1.54107453909e-06, 1.62656510838e-06, 2.74779245046e-06, 3.48431058228e-07, 1.59307859349e-07, 7.2858206579e-08, 4.01281603502e-08, 3.01169791328e-08, 4.63173144283e-08, 4.1450547883e-08, 2.65103903274e-08, 2.60367674088e-08, 1.79408576884e-08, 2.12671369404e-09, 8.95442574256e-15]
    },
    "erbbands": {
        "dmean": [0.0854723230004, 0.965566813946, 4.22301244736, 8.05254745483, 10.2728786469, 6.62480735779, 9.95013904572, 14.1441802979, 20.0584812164, 23.5384311676, 26.1648273468, 28.9267539978, 37.9770889282, 44.3904457092, 15.8497676849, 18.9296970367, 20.852766037, 20.5713806152, 37.9493293762, 20.2466506958, 15.5639648438, 10.0955305099, 7.13396883011, 4.06140136719, 4.36905527115, 2.98629951477, 3.06971263885, 2.36012887955, 2.42118048668, 1.98812687397, 1.42150127888, 1.12598001957, 0.73023724556, 0.449988692999, 0.338526844978, 0.111670255661, 0.020728521049, 0.00120918208268, 3.1870084058e-05, 1.70962430275e-05],
        "dmean2": [0.126167953014, 1.58016932011, 7.40556240082, 13.5853157043, 17.1220626831, 11.2082033157, 16.0956439972, 22.8195724487, 32.4759216309, 38.8484230042, 40.7437095642, 47.5331306458, 64.6606826782, 72.9288101196, 24.9001598358, 31.4870834351, 34.2588729858, 33.5228729248, 63.6363754272, 31.0518093109, 25.291179657, 16.0026760101, 11.0690011978, 6.34923410416, 6.80865859985, 4.45847606659, 4.49493694305, 3.35806703568, 3.33199262619, 2.59818029404, 1.86407208443, 1.59969675541, 1.04480862617, 0.635537683964, 0.49330958724, 0.161559179425, 0.0315745919943, 0.00195390498266, 4.72962346976e-05, 2.57443698501e-05],
        "dvar": [0.0467768535018, 6.60890340805, 175.846557617, 360.627655029, 888.061889648, 134.85710144, 314.711975098, 643.518310547, 1006.64587402, 3213.75634766, 1025.78662109, 3314.26171875, 6830.60986328, 15185.84375, 572.519042969, 827.206054688, 1871.30615234, 1882.28405762, 4022.92602539, 1175.86315918, 432.804656982, 205.25201416, 137.713287354, 48.3426017761, 88.0425109863, 34.0985107422, 46.5584754944, 24.4128265381, 29.0131645203, 20.1969127655, 9.58214950562, 7.70770168304, 3.95833396912, 1.50385820866, 0.570330739021, 0.0900798738003, 0.00195487774909, 6.92063304086e-06, 3.82180820324e-09, 7.10132175286e-10],
        "dvar2": [0.0978113636374, 16.9224262238, 489.259674072, 886.238647461, 2213.28271484, 374.308166504, 754.433044434, 1421.66601562, 2464.38085938, 8678.34570312, 2338.96484375, 8563.81054688, 19960.6171875, 43307.125, 1342.29968262, 2168.86499023, 4970.21044922, 4986.00488281, 10955.4150391, 2770.80493164, 1102.34765625, 503.431640625, 312.821960449, 112.024482727, 211.180389404, 71.2942276001, 97.1936645508, 49.4367179871, 55.1332893372, 38.9035987854, 17.6465339661, 15.1155157089, 8.51636600494, 3.15581917763, 1.18351447582, 0.180883586407, 0.00441133230925, 1.73137141246e-05, 8.3913009874e-09, 1.64117153201e-09],
        "max": [2.29708433151, 22.430015564, 123.050064087, 147.528961182, 343.882904053, 114.543899536, 348.259735107, 534.002258301, 312.918548584, 927.620788574, 420.523529053, 713.426757812, 1076.76733398, 2152.5078125, 521.532958984, 349.571166992, 747.17388916, 783.762207031, 934.934692383, 530.525085449, 240.932357788, 202.070999146, 253.683349609, 72.5543746948, 199.388198853, 80.4471740723, 170.265991211, 69.6343841553, 57.4631614685, 61.837184906, 41.0590019226, 38.2654685974, 39.5469818115, 18.7202968597, 12.4186935425, 5.24906253815, 0.571428358555, 0.0310553759336, 0.000719755131286, 0.000214557469008],
        "mean": [0.147196546197, 1.48328387737, 4.65871953964, 9.12289714813, 11.5969619751, 9.49132156372, 15.8383016586, 21.808216095, 31.5823421478, 33.9930686951, 50.3041000366, 50.6915245056, 58.0807914734, 68.3413848877, 32.3468513489, 33.5993041992, 35.6801795959, 37.2333641052, 67.7810058594, 37.0454025269, 30.8241939545, 19.2661304474, 12.9926271439, 7.51985311508, 7.59490776062, 5.11813259125, 5.36830615997, 3.9311413765, 3.88154768944, 3.09051847458, 2.19548630714, 1.66642725468, 1.04985928535, 0.604254722595, 0.489730745554, 0.144262626767, 0.0243057254702, 0.00131755229086, 5.17386652064e-05, 4.31339831266e-05],
        "median": [0.0841045752168, 0.824508905411, 2.34370398521, 2.65293645859, 3.98721647263, 5.8505821228, 10.0305948257, 10.9835681915, 17.6738090515, 19.0878829956, 34.6055335999, 27.2127895355, 19.9175491333, 24.5981311798, 18.3480129242, 20.9895477295, 17.3202915192, 20.7853946686, 33.3657112122, 23.7340736389, 21.3188400269, 13.09760952, 8.71914577484, 4.59743976593, 3.77552819252, 2.50651669502, 1.98037528992, 1.49741876125, 1.11218845844, 0.838365077972, 0.601604521275, 0.387707352638, 0.208544433117, 0.0997511148453, 0.125946953893, 0.0249673500657, 0.00368212768808, 0.00017810081772, 2.44556504185e-05, 3.60108133464e-05],
        "min": [1.42825338116e-05, 0.000309582886985, 0.00251946598291, 0.019336508587, 0.032089907676, 0.111265540123, 0.15507106483, 0.285894006491, 0.360136717558, 0.544254779816, 1.05810463428, 1.05141723156, 0.309741914272, 0.187184154987, 0.760372340679, 1.14471340179, 0.529826700687, 0.362560391426, 1.01144707203, 0.449514746666, 0.482398718596, 0.407463610172, 0.321325004101, 0.0831698775291, 0.0498769059777, 0.0384394302964, 0.0141965914518, 0.00912665110081, 0.00759183987975, 0.00213997880928, 0.002767840866, 0.00216313102283, 0.000296175014228, 0.000264485366642, 0.000734397151973, 8.9335575467e-05, 6.17011528448e-06, 7.04757894709e-07, 1.40649137848e-06, 2.19690582526e-06],
        "var": [0.063965626061, 6.7057518959, 118.468269348, 361.453033447, 818.303283691, 138.434173584, 407.426513672, 1048.22827148, 1831.69909668, 3136.27734375, 2525.28662109, 5560.82373047, 10313.1757812, 21022.7421875, 2368.95629883, 1434.41088867, 3051.55883789, 3049.8996582, 9888.90527344, 2229.52978516, 855.728820801, 399.784423828, 234.960510254, 80.81300354, 137.695388794, 61.8419494629, 113.232704163, 46.2299766541, 57.3070373535, 37.2696418762, 18.3705539703, 12.9911270142, 6.47683048248, 2.2731320858, 1.00364875793, 0.139804393053, 0.00289208604954, 8.13502265373e-06, 5.77280934166e-09, 1.0691720842e-09]
    },
    "gfcc": {
        "mean": [11.7047204971, 120.258087158, -132.686569214, 20.1021327972, -59.0061225891, 17.6579418182, -43.2952537537, 10.314874649, -17.6835899353, 2.88216257095, -18.7194862366, -4.40790891647, -7.3396525383],
        "cov": [[2515.10595703, -805.137634277, 497.729522705, 459.129943848, -109.086265564, 346.156921387, 35.6853790283, 118.799293518, -115.536102295, 132.767456055, -139.387283325, 49.8281707764, -115.269363403], [-805.137634277, 1142.83557129, -192.280578613, 1.36564040184, 337.610595703, -149.601898193, 251.603210449, -19.8452510834, 245.539840698, -81.6387939453, 231.527435303, -37.8342285156, 175.926589966], [497.729522705, -192.280578613, 573.823791504, 198.968734741, 40.8172607422, 168.988739014, -14.6538267136, 106.493247986, -20.6759662628, 92.2652053833, -17.0742168427, 86.1785736084, -71.2861022949], [459.129943848, 1.36564040184, 198.968734741, 327.554046631, 62.7207527161, 88.6063766479, 63.1050987244, 30.3683452606, 45.2152557373, 20.5937423706, 37.2399291992, 10.3639392853, 15.0929498672], [-109.086265564, 337.610595703, 40.8172607422, 62.7207527161, 263.940124512, 6.5878610611, 127.104232788, 62.9254837036, 77.3301544189, 20.0502872467, 59.5359725952, 22.8600406647, 47.3772583008], [346.156921387, -149.601898193, 168.988739014, 88.6063766479, 6.5878610611, 213.521286011, 64.7340927124, 60.1364593506, 7.36747932434, 45.5534248352, -5.81499862671, 17.915014267, -13.6604347229], [35.6853790283, 251.603210449, -14.6538267136, 63.1050987244, 127.104232788, 64.7340927124, 231.634002686, 59.7037849426, 58.3509750366, 4.57392501831, 54.7959747314, -3.45431256294, 39.2397003174], [118.799293518, -19.8452510834, 106.493247986, 30.3683452606, 62.9254837036, 60.1364593506, 59.7037849426, 118.268165588, 27.3582134247, 35.8380508423, 2.60053920746, 31.725725174, 4.30439996719], [-115.536102295, 245.539840698, -20.6759662628, 45.2152557373, 77.3301544189, 7.36747932434, 58.3509750366, 27.3582134247, 150.34854126, 7.2654132843, 69.8487091064, -0.540473043919, 57.486000061], [132.767456055, -81.6387939453, 92.2652053833, 20.5937423706, 20.0502872467, 45.5534248352, 4.57392501831, 35.8380508423, 7.2654132843, 87.1864624023, 7.56588554382, 25.6143341064, -16.7879829407], [-139.387283325, 231.527435303, -17.0742168427, 37.2399291992, 59.5359725952, -5.81499862671, 54.7959747314, 2.60053920746, 69.8487091064, 7.56588554382, 117.797203064, 8.30335426331, 43.8375434875], [49.8281707764, -37.8342285156, 86.1785736084, 10.3639392853, 22.8600406647, 17.915014267, -3.45431256294, 31.725725174, -0.540473043919, 25.6143341064, 8.30335426331, 78.4773483276, 5.7416100502], [-115.269363403, 175.926589966, -71.2861022949, 15.0929498672, 47.3772583008, -13.6604347229, 39.2397003174, 4.30439996719, 57.486000061, -16.7879829407, 43.8375434875, 5.7416100502, 88.8044433594]],
        "icov": [[0.00087747204816, 0.000320649298374, 3.21484731103e-05, -0.00117076560855, 0.000264933129074, -0.000443004682893, -0.000368442328181, -0.000162245109095, 0.000244762457442, -0.000564722809941, 0.000661432859488, -0.000101540055766, 0.000104565544461], [0.000320649298374, 0.0088826501742, -0.00396850053221, 0.0037087816745, -0.00642708549276, 0.00562273012474, -0.00637016072869, 0.00620464328676, -0.00620970362797, 0.0061035095714, -0.00742099666968, 0.00491189630702, -0.00566968834028], [3.21484731103e-05, -0.00396850053221, 0.00654411828145, -0.00426567671821, 0.00212156958878, -0.00470636039972, 0.00473744794726, -0.00512771029025, 0.00326175009832, -0.00361417117529, 0.00311150820926, -0.0053994464688, 0.00619955919683], [-0.00117076560855, 0.0037087816745, -0.00426567671821, 0.00839908234775, -0.00364461936988, 0.00272158323787, -0.00343814864755, 0.00462539820001, -0.00399664184079, 0.00421907100827, -0.00499352579936, 0.00397622957826, -0.00446790736169], [0.000264933129074, -0.00642708549276, 0.00212156958878, -0.00364461936988, 0.011569111608, -0.00234652683139, 0.00133466650732, -0.00606995727867, 0.00346629228443, -0.00578296557069, 0.00554283102974, -0.00431508384645, 0.00277590192854], [-0.000443004682893, 0.00562273012474, -0.00470636039972, 0.00272158323787, -0.00234652683139, 0.0122205065563, -0.00705981021747, 0.00308194104582, -0.00458898115903, 0.00212454400025, -0.00405629305169, 0.00418952526525, -0.00474893720821], [-0.000368442328181, -0.00637016072869, 0.00473744794726, -0.00343814864755, 0.00133466650732, -0.00705981021747, 0.0131660578772, -0.00774122960865, 0.00500488234684, -0.00287092616782, 0.00264001637697, -0.00227960268967, 0.00434980308637], [-0.000162245109095, 0.00620464328676, -0.00512771029025, 0.00462539820001, -0.00606995727867, 0.00308194104582, -0.00774122960865, 0.0196878127754, -0.00698468089104, 0.00203004502691, -0.00230269413441, 0.000795083353296, -0.0052354359068], [0.000244762457442, -0.00620970362797, 0.00326175009832, -0.00399664184079, 0.00346629228443, -0.00458898115903, 0.00500488234684, -0.00698468089104, 0.0164558067918, -0.00572354486212, 0.00102359859738, -0.0011989196064, -0.000673227128573], [-0.000564722809941, 0.0061035095714, -0.00361417117529, 0.00421907100827, -0.00578296557069, 0.00212454400025, -0.00287092616782, 0.00203004502691, -0.00572354486212, 0.0213224422187, -0.00818791426718, 0.000842734181788, -0.000137155293487], [0.000661432859488, -0.00742099666968, 0.00311150820926, -0.00499352579936, 0.00554283102974, -0.00405629305169, 0.00264001637697, -0.00230269413441, 0.00102359859738, -0.00818791426718, 0.0213443227112, -0.00611578626558, 0.00191884546075], [-0.000101540055766, 0.00491189630702, -0.0053994464688, 0.00397622957826, -0.00431508384645, 0.00418952526525, -0.00227960268967, 0.000795083353296, -0.0011989196064, 0.000842734181788, -0.00611578626558, 0.0214355606586, -0.00838882196695], [0.000104565544461, -0.00566968834028, 0.00619955919683, -0.00446790736169, 0.00277590192854, -0.00474893720821, 0.00434980308637, -0.0052354359068, -0.000673227128573, -0.000137155293487, 0.00191884546075, -0.00838882196695, 0.0244896318763]]
    },
    "melbands": {
        "dmean": [0.000827457057312, 0.00185964559205, 0.00150873849634, 0.000557596795261, 0.00032431964064, 0.000310228817398, 0.000312583375489, 0.000252516038017, 0.000211225342355, 0.00018289561558, 0.000199633723241, 0.00020067630976, 5.05249590788e-05, 4.49198487331e-05, 5.58149404242e-05, 3.96134382754e-05, 4.23819001298e-05, 6.25057436991e-05, 3.83806291211e-05, 2.83131485048e-05, 1.80423048732e-05, 1.2363060705e-05, 9.78202479018e-06, 5.02241482536e-06, 3.3489877751e-06, 3.53097948391e-06, 2.95249537885e-06, 1.92738116311e-06, 2.12896907215e-06, 1.6400235836e-06, 1.35911921006e-06, 1.40164399909e-06, 1.38909308589e-06, 1.06774325559e-06, 8.23722018595e-07, 8.71486520282e-07, 6.64086314828e-07, 5.74724765556e-07, 3.98584717232e-07, 3.94058616848e-07],
        "dmean2": [0.00127144705039, 0.00319109321572, 0.00254228408448, 0.000924338004552, 0.000530419696588, 0.000495548942126, 0.000509294855874, 0.000414100621128, 0.000332062889356, 0.000299471576, 0.000340261409292, 0.000330732233124, 7.97890024842e-05, 7.35358771635e-05, 9.23603438423e-05, 6.44885076326e-05, 6.91257009748e-05, 0.000104168015241, 6.11677896813e-05, 4.65632947453e-05, 2.9649490898e-05, 2.00795057026e-05, 1.5375258954e-05, 7.86083910498e-06, 5.33597767571e-06, 5.55402129976e-06, 4.58511840407e-06, 2.88143201033e-06, 3.2576083413e-06, 2.44289958573e-06, 1.95109350898e-06, 1.98548468688e-06, 1.9095011794e-06, 1.50343930727e-06, 1.13010526093e-06, 1.22688538795e-06, 9.79288984126e-07, 8.48762113037e-07, 5.65834284316e-07, 5.74933665121e-07],
        "dvar": [4.14095256929e-06, 3.28045534843e-05, 1.38183413583e-05, 1.52420432187e-06, 3.18018805956e-07, 2.77449487385e-07, 2.46374440849e-07, 3.61963856221e-07, 6.37799359993e-08, 1.40257284897e-07, 1.92494539419e-07, 3.14708870519e-07, 6.8308203538e-09, 3.33187721857e-09, 1.67368483517e-08, 5.10657471864e-09, 8.51003267854e-09, 1.08765885187e-08, 4.48778925133e-09, 1.56239554627e-09, 6.55931586824e-10, 3.74732439523e-10, 1.95965202399e-10, 7.53683920829e-11, 3.43098049971e-11, 5.88897125509e-11, 3.81471694511e-11, 1.53711106343e-11, 2.2755700102e-11, 1.14438823001e-11, 8.12117387228e-12, 1.04450215838e-11, 9.07977599357e-12, 7.23407705266e-12, 3.60771070136e-12, 3.34705440447e-12, 3.45298160724e-12, 2.70573906162e-12, 1.08537332767e-12, 1.2600497902e-12],
        "dvar2": [8.4802031779e-06, 9.02567480807e-05, 3.32645649905e-05, 3.74660612579e-06, 7.87935675817e-07, 6.20738489943e-07, 6.07626418514e-07, 9.6848702924e-07, 1.49938770733e-07, 3.5696976397e-07, 5.64201513953e-07, 8.98225550827e-07, 1.55639447996e-08, 8.77813377542e-09, 4.45029080254e-08, 1.32927509e-08, 2.2022978996e-08, 2.92437452032e-08, 1.02630375309e-08, 3.86876841674e-09, 1.73045000551e-09, 9.39236577402e-10, 4.57151289046e-10, 1.73870848275e-10, 8.13892009344e-11, 1.45665979279e-10, 9.26714260885e-11, 3.33922021978e-11, 4.80342085551e-11, 2.61526893891e-11, 1.62731148001e-11, 2.1284776025e-11, 1.72872879206e-11, 1.54137379943e-11, 7.12701252181e-12, 6.31079606975e-12, 7.40301396573e-12, 6.08115901385e-12, 2.3389402394e-12, 2.75561799941e-12],
        "max": [0.0218142420053, 0.0526770688593, 0.0326439850032, 0.0139445438981, 0.0104620410129, 0.0105559788644, 0.00533849094063, 0.0105876000598, 0.00318748294376, 0.00510511314496, 0.00544904172421, 0.00964616984129, 0.00141099246684, 0.000827561947517, 0.00197106297128, 0.00111571373418, 0.00158496201038, 0.00166521023493, 0.000805117248092, 0.000588460592553, 0.000260467437329, 0.000272394885542, 0.000246812851401, 0.000158905328135, 6.26111868769e-05, 0.000135238471557, 0.000129723455757, 5.65876762266e-05, 0.000106533800135, 5.97490870859e-05, 3.64873631042e-05, 3.717403888e-05, 4.13083980675e-05, 4.27794766438e-05, 2.74037101917e-05, 2.06576078199e-05, 3.34199576173e-05, 3.23653111991e-05, 2.24089126277e-05, 1.71271149156e-05],
        "mean": [0.00152392173186, 0.00231008208357, 0.00171688536648, 0.000734188652132, 0.000519014138263, 0.000485418713652, 0.000490265840199, 0.00037530384725, 0.000401139986934, 0.00030155814602, 0.000295356585411, 0.00029894997715, 9.38791781664e-05, 8.4518789663e-05, 8.98534199223e-05, 6.58753779135e-05, 6.94530099281e-05, 0.000110326218419, 6.19053680566e-05, 4.84812262584e-05, 3.22924133798e-05, 2.12086688407e-05, 1.55737725436e-05, 8.54855079524e-06, 5.64236734135e-06, 5.57408611712e-06, 4.7271018957e-06, 3.04267405227e-06, 3.51198468707e-06, 2.7141022656e-06, 2.10701523429e-06, 2.125967967e-06, 2.14174724533e-06, 1.55679174441e-06, 1.22072071918e-06, 1.26995075789e-06, 9.216018384e-07, 7.99767974513e-07, 5.32253523033e-07, 4.8672001185e-07],
        "median": [0.000908293295652, 0.00135271053296, 0.000539106898941, 0.000358942867024, 0.000337725155987, 0.000253150006756, 0.000276105100056, 0.000214251456782, 0.00028389430372, 0.000147219587234, 9.23802290345e-05, 9.70162145677e-05, 4.785096462e-05, 5.65415066376e-05, 4.31016778748e-05, 3.46172528225e-05, 3.17894664477e-05, 5.07532604388e-05, 3.27375273628e-05, 3.35750519298e-05, 2.09802601603e-05, 1.27415514726e-05, 1.01428049675e-05, 5.45995862922e-06, 3.21784432344e-06, 2.78193101622e-06, 2.10966391023e-06, 1.43067677527e-06, 1.20451204566e-06, 9.96365429273e-07, 7.35012292807e-07, 6.00559417308e-07, 5.37165874448e-07, 4.27910748613e-07, 3.23335029861e-07, 3.64910476947e-07, 1.86803347901e-07, 1.5530523001e-07, 9.00188936725e-08, 6.92432635674e-08],
        "min": [3.39987984432e-08, 1.19191304293e-06, 5.13786153533e-06, 3.37631831826e-06, 4.77507364849e-06, 6.46010266792e-06, 4.29858437201e-06, 5.33775437361e-06, 9.46432464843e-06, 3.12503857458e-06, 7.28725751742e-07, 4.91805508318e-07, 1.06655772925e-06, 2.61760942522e-06, 1.40037968777e-06, 4.31238532883e-07, 4.06830423572e-07, 1.56141913976e-06, 7.48274146645e-07, 4.56857918607e-07, 5.34155674359e-07, 2.14662179587e-07, 2.68092435363e-07, 9.17892961638e-08, 4.59800837405e-08, 3.34622960452e-08, 2.74902873798e-08, 1.90336244543e-08, 7.9765216654e-09, 5.26275467649e-09, 4.70136374275e-09, 3.95225896455e-09, 2.94516455668e-09, 1.92411642175e-10, 8.29299351413e-10, 2.81232725996e-09, 4.28226648586e-10, 2.06834466221e-10, 6.60266077923e-11, 1.63381547874e-11],
