{
"highlevel": {
    "danceability": {
        "all": {
            "danceable": 0.997943103313,
            "not_danceable": 0.00205690762959
        },
        "probability": 0.997943103313,
        "value": "danceable"
    },
    "gender": {
        "all": {
            "female": 0.300156056881,
            "male": 0.699843943119
        },
        "probability": 0.699843943119,
        "value": "male"
    },
    "genre_dortmund": {
        "all": {
            "alternative": 0.00406297668815,
            "blues": 0.0155801298097,
            "electronic": 0.0324549414217,
            "folkcountry": 0.0200051832944,
            "funksoulrnb": 0.0259318239987,
            "jazz": 0.305861592293,
            "pop": 0.0160138364881,
            "raphiphop": 0.575669050217,
            "rock": 0.00442049046978
        },
        "probability": 0.575669050217,
        "value": "raphiphop"
    },
    "genre_electronic": {
        "all": {
            "ambient": 0.185107022524,
            "dnb": 0.155392825603,
            "house": 0.585277378559,
            "techno": 0.0257728677243,
            "trance": 0.048449922353
        },
        "probability": 0.585277378559,
        "value": "house"
    },
    "genre_rosamerica": {
        "all": {
            "cla": 0.0179074965417,
            "dan": 0.0361997112632,
            "hip": 0.660797417164,
            "jaz": 0.0326180979609,
            "pop": 0.100565329194,
            "rhy": 0.130653485656,
            "roc": 0.00853449944407,
            "spe": 0.0127239292488
        },
        "probability": 0.660797417164,
        "value": "hip"
    },
    "genre_tzanetakis": {
        "all": {
            "blu": 0.0626613423228,
            "cla": 0.0348169617355,
            "cou": 0.104475811124,
            "dis": 0.0784321576357,
            "hip": 0.15692435205,
            "jaz": 0.313974827528,
            "met": 0.0448166541755,
            "pop": 0.0627359300852,
            "reg": 0.0627360641956,
            "roc": 0.0784258767962
        },
        "probability": 0.313974827528,
        "value": "jaz"
    },
    "ismir04_rhythm": {
        "all": {
            "ChaChaCha": 0.138896867633,
            "Jive": 0.16069367528,
            "Quickstep": 0.0767388567328,
            "Rumba-American": 0.0156094096601,
            "Rumba-International": 0.0295145027339,
            "Rumba-Misc": 0.0248905532062,
            "Samba": 0.509957015514,
            "Tango": 0.00845762807876,
            "VienneseWaltz": 0.0245403144509,
            "Waltz": 0.0107011776417
        },
        "probability": 0.509957015514,
        "value": "Samba"
    },
    "mood_acoustic": {
        "all": {
            "acoustic": 0.370102971792,
            "not_acoustic": 0.629896998405
        },
        "probability": 0.629896998405,
        "value": "not_acoustic"
    },
    "mood_aggressive": {
        "all": {
            "aggressive": 0.323821812868,
            "not_aggressive": 0.676178216934
        },
        "probability": 0.676178216934,
        "value": "not_aggressive"
    },
    "mood_electronic": {
        "all": {
            "electronic": 0.850376546383,
            "not_electronic": 0.149623453617
        },
        "probability": 0.850376546383,
        "value": "electronic"
    },
    "mood_happy": {
        "all": {
            "happy": 0.395481258631,
            "not_happy": 0.604518711567
        },
        "probability": 0.604518711567,
        "value": "not_happy"
    },
    "mood_party": {
        "all": {
            "not_party": 0.342745304108,
            "party": 0.657254695892
        },
        "probability": 0.657254695892,
        "value": "party"
    },
    "mood_relaxed": {
        "all": {
            "not_relaxed": 0.750887691975,
            "relaxed": 0.249112293124
        },
        "probability": 0.750887691975,
        "value": "not_relaxed"
    },
    "mood_sad": {
        "all": {
            "not_sad": 0.550206422806,
            "sad": 0.449793606997
        },
        "probability": 0.550206422806,
        "value": "not_sad"
    },
    "moods_mirex": {
        "all": {
            "Cluster1": 0.100832402706,
            "Cluster2": 0.293352693319,
            "Cluster3": 0.0442115627229,
            "Cluster4": 0.0846667811275,
            "Cluster5": 0.476936548948
        },
        "probability": 0.476936548948,
        "value": "Cluster5"
    },
    "timbre": {
        "all": {
            "bright": 0.923570930958,
            "dark": 0.0764290988445
        },
        "probability": 0.923570930958,
        "value": "bright"
    },
    "tonal_atonal": {
        "all": {
            "atonal": 0.0320704691112,
            "tonal": 0.967929542065
        },
        "probability": 0.967929542065,
        "value": "tonal"
    },
    "voice_instrumental": {
        "all": {
            "instrumental": 0.621330022812,
            "voice": 0.378669947386
        },
        "probability": 0.621330022812,
        "value": "instrumental"
    }
},
"lowlevel": {
    "average_loudness": 0.958077728748,
    "barkbands_crest": {
        "dmean": 3.40388727188,
        "dmean2": 5.45834684372,
        "dvar": 8.94539451599,
        "dvar2": 21.5181884766,
        "max": 26.6364479065,
        "mean": 11.2220973969,
        "median": 10.5392923355,
        "min": 2.56861186028,
        "var": 23.011423111
    },
    "barkbands_flatness_db": {
        "dmean": 0.0351765267551,
        "dmean2": 0.0518141128123,
        "dvar": 0.00128289591521,
        "dvar2": 0.00247385166585,
        "max": 0.490875452757,
        "mean": 0.165501773357,
        "median": 0.156640201807,
        "min": 0.0441205501556,
        "var": 0.00349997216836
    },
    "barkbands_kurtosis": {
        "dmean": 6.62876796722,
        "dmean2": 10.7496547699,
        "dvar": 722.968261719,
        "dvar2": 1562.91418457,
        "max": 542.25592041,
        "mean": 5.72913885117,
        "median": 0.245682954788,
        "min": -1.95874583721,
        "var": 810.548706055
    },
    "barkbands_skewness": {
        "dmean": 0.948324739933,
        "dmean2": 1.37252044678,
        "dvar": 1.66772520542,
        "dvar2": 3.34179830551,
        "max": 17.3454227448,
        "mean": 1.08685803413,
        "median": 0.896035313606,
        "min": -6.65443086624,
        "var": 4.28161478043
    },
    "barkbands_spread": {
        "dmean": 11.2829561234,
        "dmean2": 17.1433372498,
        "dvar": 140.527236938,
        "dvar2": 315.404907227,
        "max": 118.973617554,
        "mean": 33.3921470642,
        "median": 30.8495101929,
        "min": 0.429677248001,
        "var": 336.297393799
    },
    "dissonance": {
        "dmean": 0.0205475259572,
        "dmean2": 0.0335726588964,
        "dvar": 0.000495976011734,
        "dvar2": 0.00127187895123,
        "max": 0.499975800514,
        "mean": 0.463724672794,
        "median": 0.472340494394,
        "min": 0.311598151922,
        "var": 0.000970698834863
    },
    "dynamic_complexity": 2.66077375412,
    "erbbands_crest": {
        "dmean": 3.35626626015,
        "dmean2": 5.33250951767,
        "dvar": 8.67249393463,
        "dvar2": 20.7389450073,
        "max": 28.2616291046,
        "mean": 10.2002849579,
        "median": 9.39264011383,
        "min": 2.40382671356,
        "var": 18.316493988
    },
    "erbbands_flatness_db": {
        "dmean": 0.0279707871377,
        "dmean2": 0.0385843999684,
        "dvar": 0.000658035918605,
        "dvar2": 0.00124971894547,
        "max": 0.340835422277,
        "mean": 0.174284115434,
        "median": 0.173408359289,
        "min": 0.0698928534985,
        "var": 0.00235970667563
    },
    "erbbands_kurtosis": {
        "dmean": 1.97237694263,
        "dmean2": 2.99134278297,
        "dvar": 13.7519712448,
        "dvar2": 29.9299697876,
        "max": 49.0430908203,
        "mean": 1.36973941326,
        "median": -0.0771737098694,
        "min": -1.84600949287,
        "var": 22.6501140594
    },
    "erbbands_skewness": {
        "dmean": 0.607352852821,
        "dmean2": 0.857339680195,
        "dvar": 0.361280471087,
        "dvar2": 0.775447130203,
        "max": 3.26193904877,
        "mean": -0.310262411833,
        "median": -0.154860496521,
        "min": -5.48928833008,
        "var": 1.35644698143
    },
    "erbbands_spread": {
        "dmean": 15.4914493561,
        "dmean2": 23.1461467743,
        "dvar": 272.932739258,
        "dvar2": 636.23626709,
        "max": 165.100875854,
        "mean": 45.7033920288,
        "median": 40.3216247559,
        "min": 2.16902375221,
        "var": 623.998291016
    },
    "hfc": {
        "dmean": 12.4151439667,
        "dmean2": 16.588968277,
        "dvar": 228.944763184,
        "dvar2": 441.532043457,
        "max": 207.212524414,
        "mean": 25.1757411957,
        "median": 18.5441226959,
        "min": 0.103065222502,
        "var": 547.194702148
    },
    "melbands_crest": {
        "dmean": 4.54809379578,
        "dmean2": 7.22059059143,
        "dvar": 16.6735897064,
        "dvar2": 39.9514694214,
        "max": 37.8332099915,
        "mean": 17.5014572144,
        "median": 16.0138759613,
        "min": 2.87785029411,
        "var": 63.3900337219
    },
    "melbands_flatness_db": {
        "dmean": 0.0391961149871,
        "dmean2": 0.0569804385304,
        "dvar": 0.00171888119075,
        "dvar2": 0.0032436826732,
        "max": 0.573423683643,
        "mean": 0.176905214787,
        "median": 0.155623733997,
        "min": 0.0161866806448,
        "var": 0.00655401498079
    },
    "melbands_kurtosis": {
        "dmean": 20.6676139832,
        "dmean2": 33.5080528259,
        "dvar": 12183.2294922,
        "dvar2": 24651.1953125,
        "max": 2731.64428711,
        "mean": 23.4735412598,
        "median": 5.19841480255,
        "min": -1.91860866547,
        "var": 14425.2021484
    },
    "melbands_skewness": {
        "dmean": 1.36286056042,
        "dmean2": 1.98676133156,
        "dvar": 4.14214038849,
        "dvar2": 8.30926609039,
        "max": 41.8538665771,
        "mean": 2.83298373222,
        "median": 2.22327375412,
        "min": -3.96462702751,
        "var": 9.41034603119
    },
    "melbands_spread": {
        "dmean": 18.4292163849,
        "dmean2": 27.6635513306,
        "dvar": 535.46887207,
        "dvar2": 1164.19689941,
        "max": 265.652191162,
        "mean": 45.1643447876,
        "median": 34.8689117432,
        "min": 0.158929869533,
        "var": 1309.23913574
    },
    "pitch_salience": {
        "dmean": 0.0957296490669,
        "dmean2": 0.144471868873,
        "dvar": 0.00713586015627,
        "dvar2": 0.0163932759315,
        "max": 0.845118403435,
        "mean": 0.508318722248,
        "median": 0.524271011353,
        "min": 0.0147511390969,
        "var": 0.0227881874889
    },
    "silence_rate_20dB": {
        "dmean": 0,
        "dmean2": 0,
        "dvar": 0,
        "dvar2": 0,
        "max": 1,
        "mean": 1,
        "median": 1,
        "min": 1,
        "var": 0
    },
    "silence_rate_30dB": {
        "dmean": 0,
        "dmean2": 0,
        "dvar": 0,
        "dvar2": 0,
        "max": 1,
        "mean": 1,
        "median": 1,
        "min": 1,
        "var": 0
    },
    "silence_rate_60dB": {
        "dmean": 0.0673374608159,
        "dmean2": 0.134779244661,
        "dvar": 0.0628032162786,
        "dvar2": 0.132104992867,
        "max": 1,
        "mean": 0.0928074270487,
        "median": 0,
        "min": 0,
        "var": 0.084194496274
    },
    "spectral_centroid": {
        "dmean": 509.017120361,
        "dmean2": 708.31048584,
        "dvar": 306844.03125,
        "dvar2": 591906.5625,
        "max": 7145.48144531,
        "mean": 2224.72460938,
        "median": 2123.97998047,
        "min": 197.663162231,
        "var": 1185815.375
    },
    "spectral_complexity": {
        "dmean": 5.72678041458,
        "dmean2": 8.10689353943,
        "dvar": 41.3642807007,
        "dvar2": 85.8429489136,
        "max": 49,
        "mean": 13.2459392548,
        "median": 12,
        "min": 0,
        "var": 87.1476364136
    },
    "spectral_decrease": {
        "dmean": 2.25318541602e-09,
        "dmean2": 3.18429238533e-09,
        "dvar": 9.92690436856e-18,
        "dvar2": 2.35050534441e-17,
        "max": -7.70749089551e-12,
        "mean": -4.75033790082e-09,
        "median": -3.02923486295e-09,
        "min": -2.18791402773e-08,
        "var": 2.2898642374e-17
    },
    "spectral_energy": {
        "dmean": 0.00931235961616,
        "dmean2": 0.0130516523495,
        "dvar": 0.000157086746185,
        "dvar2": 0.000364328065189,
        "max": 0.0907216444612,
        "mean": 0.0202123820782,
        "median": 0.013923319988,
        "min": 3.843815648e-05,
        "var": 0.000364226754755
    },
    "spectral_energyband_high": {
        "dmean": 0.00135523395147,
        "dmean2": 0.00183252932038,
        "dvar": 3.44072918779e-06,
        "dvar2": 6.06822686677e-06,
        "max": 0.0261869616807,
        "mean": 0.0024506659247,
        "median": 0.00145454437006,
        "min": 5.68213454244e-06,
        "var": 8.82598305907e-06
    },
    "spectral_energyband_low": {
        "dmean": 0.00347260246053,
        "dmean2": 0.00510194664821,
        "dvar": 6.69919027132e-05,
        "dvar2": 0.000185768032679,
        "max": 0.0690054818988,
        "mean": 0.00715003488585,
        "median": 0.000359967234544,
        "min": 1.39311939762e-08,
        "var": 0.000180524162715
    },
    "spectral_energyband_middle_high": {
        "dmean": 0.00189508718904,
        "dmean2": 0.00271859625354,
        "dvar": 4.9364757615e-06,
        "dvar2": 9.33254068514e-06,
        "max": 0.0214958805591,
        "mean": 0.00379323516972,
        "median": 0.00280352449045,
        "min": 4.03011608796e-06,
        "var": 1.31003971546e-05
    },
    "spectral_energyband_middle_low": {
        "dmean": 0.00527007272467,
        "dmean2": 0.00733188958839,
        "dvar": 8.25782917673e-05,
        "dvar2": 0.000168969272636,
        "max": 0.0723674893379,
        "mean": 0.00754303345457,
        "median": 0.0033524222672,
        "min": 3.16336036121e-06,
        "var": 0.000131535402033
    },
    "spectral_entropy": {
        "dmean": 0.25530180335,
        "dmean2": 0.353359788656,
        "dvar": 0.0540561750531,
        "dvar2": 0.0997524112463,
        "max": 8.823097229,
        "mean": 7.6738114357,
        "median": 7.67238044739,
        "min": 5.7737569809,
        "var": 0.175591483712
    },
    "spectral_flux": {
        "dmean": 0.0311757456511,
        "dmean2": 0.0464434474707,
        "dvar": 0.000989681575447,
        "dvar2": 0.00226142024621,
        "max": 0.264179199934,
        "mean": 0.0873122513294,
        "median": 0.078983284533,
        "min": 0.00823270715773,
        "var": 0.00221523712389
    },
    "spectral_kurtosis": {
        "dmean": 1.00493502617,
        "dmean2": 1.60886514187,
        "dvar": 1.02990472317,
        "dvar2": 2.49135017395,
        "max": 12.4860935211,
        "mean": 2.25567531586,
        "median": 2.10686826706,
        "min": -0.993798494339,
        "var": 2.36212158203
    },
    "spectral_rms": {
        "dmean": 0.00100659276359,
        "dmean2": 0.00131594086997,
        "dvar": 1.14790373118e-06,
        "dvar2": 2.3775585305e-06,
        "max": 0.00940791796893,
        "mean": 0.00397006981075,
        "median": 0.00368561083451,
        "min": 0.00019365081971,
        "var": 3.95793995267e-06
    },
    "spectral_rolloff": {
        "dmean": 1109.96179199,
        "dmean2": 1818.27844238,
        "dvar": 2509945.25,
        "dvar2": 4912518,
        "max": 11864.7949219,
        "mean": 3049.52075195,
        "median": 2777.78320312,
        "min": 64.599609375,
        "var": 5858046
    },
    "spectral_skewness": {
        "dmean": 0.226322993636,
        "dmean2": 0.352451443672,
        "dvar": 0.0463081113994,
        "dvar2": 0.106243476272,
        "max": 2.62380433083,
        "mean": 1.069003582,
        "median": 1.07463538647,
        "min": -0.292625904083,
        "var": 0.129029944539
    },
    "spectral_spread": {
        "dmean": 882336.6875,
        "dmean2": 1273177.375,
        "dvar": 1.00975227699e+12,
        "dvar2": 1.97604815667e+12,
        "max": 12903213,
        "mean": 5560132.5,
        "median": 5170178.5,
        "min": 1993294.875,
        "var": 2.99850163814e+12
    },
    "spectral_strongpeak": {
        "dmean": 0.824315607548,
        "dmean2": 1.4004650116,
        "dvar": 2.37230992317,
        "dvar2": 5.90811681747,
        "max": 16.4749851227,
        "mean": 1.11123943329,
        "median": 0.520591855049,
        "min": 0,
        "var": 3.02855992317
    },
    "zerocrossingrate": {
        "dmean": 0.0223475601524,
        "dmean2": 0.0246470458806,
        "dvar": 0.000629389018286,
        "dvar2": 0.000690952118021,
        "max": 0.42919921875,
        "mean": 0.104164399207,
        "median": 0.0947265625,
        "min": 0.00390625,
        "var": 0.00378363393247
    },
    "barkbands": {
        "dmean": [0.000382761005312, 0.00273685366847, 0.000476640154375, 0.00106324849185, 0.002443714533, 0.0012799174292, 0.000534991209861, 0.00091668125242, 0.000535760133062, 0.000347427121596, 0.000389056716813, 0.000167258665897, 0.000151018728502, 0.000275102735031, 0.000444725243142, 0.00030856532976, 0.000268083211267, 0.000422647368396, 0.000138225805131, 0.000301117397612, 0.000650567701086, 0.000195910964976, 0.000162099808222, 0.000223832030315, 0.000158843497047, 5.91333191551e-05, 1.19732215254e-08],
        "dmean2": [0.000510938698426, 0.00439260527492, 0.000705777667463, 0.00124639389105, 0.0035201238934, 0.00213609286584, 0.000894244178198, 0.00147202820517, 0.000865422771312, 0.000491114333272, 0.000550615775865, 0.000252008350799, 0.000236704727286, 0.000422235840233, 0.000700426928233, 0.000493989500683, 0.000414928072132, 0.000645734777208, 0.000219306835788, 0.000454610300949, 0.000904395070393, 0.00029129331233, 0.000244262540946, 0.000340719561791, 0.000235181025346, 8.75977493706e-05, 2.20008882224e-08],
        "dvar": [9.23523089114e-07, 5.17717562616e-05, 1.84798420833e-06, 1.18310335893e-05, 2.86830309051e-05, 1.02139065348e-05, 3.59853538612e-06, 2.68744383902e-06, 1.29270927118e-06, 4.9241157285e-07, 9.77195327323e-07, 1.52844009449e-07, 1.42273592019e-07, 2.29020855613e-07, 6.75492174196e-07, 3.27299147784e-07, 2.18584631284e-07, 4.13478602468e-07, 6.24694607154e-08, 2.40525594108e-07, 1.34892411552e-06, 1.24994912198e-07, 1.10591173552e-07, 2.36711471757e-07, 1.37172264658e-07, 1.3233557361e-08, 4.69206997813e-15],
        "dvar2": [1.88598289697e-06, 0.00015540359891, 4.71094972454e-06, 1.87142577488e-05, 6.3269137172e-05, 2.6452662496e-05, 8.67952076078e-06, 6.29714077149e-06, 3.15153670272e-06, 8.97431107205e-07, 1.75446757567e-06, 3.46003730556e-07, 3.12170641337e-07, 4.81399922592e-07, 1.50118148667e-06, 8.27025473882e-07, 4.54098397995e-07, 8.68867175541e-07, 1.52873184334e-07, 5.44392150914e-07, 2.33245941672e-06, 2.65999830162e-07, 2.6461680136e-07, 4.86987914883e-07, 2.8230232374e-07, 2.82224341674e-08, 1.22729144827e-14],
        "max": [0.0122453691438, 0.0596846975386, 0.0156826749444, 0.0420644693077, 0.0439140461385, 0.0296460986137, 0.0159481391311, 0.0196341462433, 0.011834657751, 0.00848377868533, 0.0184868071228, 0.0070458999835, 0.00669981027022, 0.00567570747808, 0.00808913167566, 0.00621731439605, 0.00659410934895, 0.00819574203342, 0.00426170183346, 0.0057191895321, 0.0143762454391, 0.00587211316451, 0.00796615239233, 0.0106602972373, 0.00509347999468, 0.00108554924373, 9.38955622587e-07],
        "mean": [0.000925659551285, 0.004991767928, 0.000553397985641, 0.00143048539758, 0.00270328880288, 0.00132719485555, 0.000425725418609, 0.001018351526, 0.000562995672226, 0.000463532691356, 0.000498373701703, 0.000202828843612, 0.000162343101692, 0.000339113466907, 0.000531458528712, 0.000353522482328, 0.000371245725546, 0.000653891009279, 0.000159661038197, 0.000452274922282, 0.00105516857002, 0.000250598357525, 0.000221258917009, 0.000299446575809, 0.000193898682483, 6.4907122578e-05, 7.22432824674e-09],
        "median": [1.80765182449e-05, 0.000147830520291, 1.64575612871e-05, 1.25031410789e-05, 0.000399084790843, 0.000363327737432, 1.86825873243e-05, 0.00021956479759, 9.39723322517e-05, 9.12629839149e-05, 5.30003162567e-05, 5.49877149751e-05, 3.64126171917e-05, 7.48162783566e-05, 0.000122213110444, 9.69724133029e-05, 0.000123991965665, 0.000224953575525, 5.43290989299e-05, 0.000180695700692, 0.000350156944478, 8.12042999314e-05, 0.000124328158563, 0.000130893706228, 5.36120242032e-05, 1.02118492578e-05, 2.06846886841e-10],
        "min": [5.89348500557e-11, 3.79984932408e-09, 1.03652131322e-09, 1.4728598341e-09, 5.86984015172e-07, 2.35796022707e-07, 5.0450779554e-08, 3.00803606024e-07, 8.74230607906e-08, 2.01429045887e-07, 4.63523655014e-08, 1.31795090397e-07, 4.8822645482e-08, 1.04577253524e-07, 1.77456982442e-07, 2.76699267943e-07, 3.30163260287e-07, 6.78765957218e-07, 9.76047260792e-08, 2.42229106107e-07, 1.23474706015e-06, 5.43783016838e-07, 5.7296125533e-07, 5.41955785138e-07, 2.00006340378e-07, 5.4937188132e-09, 7.30667002596e-12],
        "var": [5.33745605935e-06, 0.000106172250526, 2.11803421735e-06, 2.69257907348e-05, 3.53018003807e-05, 8.89330658538e-06, 3.01779004985e-06, 3.41584245689e-06, 1.47310618104e-06, 1.03868921997e-06, 1.94708445633e-06, 2.46360912115e-07, 1.74736939584e-07, 4.35122757381e-07, 1.06302661607e-06, 4.32630343994e-07, 4.97576309044e-07, 1.03777017557e-06, 8.27672366199e-08, 4.62174284621e-07, 3.38162681146e-06, 2.21367429276e-07, 1.19736313309e-07, 3.24827254872e-07, 2.06369747957e-07, 1.79418293555e-08, 2.91915251601e-15]
    },
    "erbbands": {
        "dmean": [0.138305157423, 0.401215553284, 0.467218875885, 1.91090130806, 6.0604839325, 8.44232845306, 8.39059448242, 9.51122570038, 11.0819749832, 7.21000576019, 24.9280815125, 11.246840477, 5.90283203125, 18.5960483551, 8.34938907623, 7.52696895599, 6.39665079117, 13.6752471924, 19.6964683533, 18.0218410492, 13.6948261261, 13.1904058456, 23.8670120239, 10.6640195847, 6.74374914169, 11.3834695816, 22.7575836182, 25.7472515106, 7.99695110321, 4.24575138092, 5.07884120941, 5.26577854156, 3.39237928391, 1.81760799885, 1.12780702114, 0.359245836735, 0.104704558849, 0.00875116232783, 0.000170850747963, 2.00496760954e-05],
        "dmean2": [0.21070972085, 0.683259367943, 0.693607449532, 2.16051888466, 8.32125282288, 11.901632309, 13.6401500702, 16.0944480896, 19.0227069855, 11.7345542908, 39.7571601868, 18.0639915466, 8.41759681702, 26.2357635498, 12.3856534958, 11.1764211655, 9.8433303833, 20.4959506989, 30.3264846802, 28.3525829315, 21.9625854492, 20.3183193207, 36.4855804443, 15.8930044174, 10.7157669067, 16.695016861, 31.7874641418, 36.2306022644, 11.7321195602, 6.2575044632, 7.8056178093, 8.17834281921, 4.99732923508, 2.66650915146, 1.69827902317, 0.533395111561, 0.157452002168, 0.0135636189952, 0.000256905623246, 2.80925523839e-05],
        "dvar": [0.132725998759, 1.22289800644, 1.82207667828, 28.2212314606, 226.984008789, 375.610137939, 258.309173584, 904.499206543, 2177.92919922, 258.189971924, 2013.60839844, 511.102020264, 146.595596313, 1438.19445801, 498.629119873, 355.627807617, 297.385498047, 629.457824707, 1255.07629395, 924.722717285, 655.809814453, 446.986022949, 1289.41345215, 275.508453369, 168.495269775, 301.87588501, 1366.96618652, 3096.72338867, 210.032897949, 53.2551651001, 132.085617065, 153.078964233, 50.6854858398, 20.131570816, 7.19196462631, 0.586905956268, 0.0423043444753, 0.000310118688503, 1.05450070009e-07, 7.97602317526e-10],
        "dvar2": [0.366241693497, 3.58455634117, 4.68534755707, 34.5766410828, 422.764099121, 790.841247559, 684.169372559, 2454.94897461, 5678.49462891, 621.814147949, 4730.70068359, 1282.80932617, 259.207977295, 2498.48413086, 1018.54724121, 811.427062988, 680.641723633, 1325.3729248, 2723.6796875, 2139.04907227, 1793.08032227, 972.191101074, 2693.32446289, 573.485351562, 421.631500244, 637.883789062, 2566.1550293, 5241.78369141, 415.904388428, 124.127250671, 319.376190186, 336.56137085, 107.645576477, 37.9172706604, 16.6779994965, 1.26858603954, 0.0955335944891, 0.000724309298676, 2.40214575342e-07, 1.70673641886e-09],
        "max": [3.06884765625, 10.2513904572, 15.1267776489, 62.1775169373, 126.386169434, 172.584701538, 183.620193481, 291.573669434, 415.848236084, 170.558105469, 535.879516602, 226.663665771, 219.611816406, 484.931182861, 408.039306641, 360.004699707, 361.944274902, 326.078948975, 438.742919922, 318.915039062, 281.501098633, 281.791503906, 451.065429688, 173.312408447, 258.779052734, 178.401062012, 551.764587402, 787.13494873, 205.279602051, 132.112915039, 292.660827637, 307.355072021, 125.253608704, 60.0581588745, 34.4779052734, 9.37177658081, 1.88838970661, 0.134924590588, 0.00256597017869, 0.000226456933888],
        "mean": [0.260077029467, 0.655480921268, 0.637516975403, 3.0850584507, 6.94355201721, 9.80389022827, 10.6622095108, 8.29156780243, 8.09245967865, 7.79322576523, 28.1741142273, 12.2366323471, 7.96477508545, 26.8282184601, 10.3284702301, 9.43793964386, 7.52596521378, 18.0352592468, 25.2848415375, 22.2440605164, 16.4426021576, 20.4292469025, 38.350063324, 15.6035575867, 8.56667423248, 19.131975174, 40.0804252625, 39.1163978577, 11.0841341019, 5.36439847946, 6.89672517776, 6.76265382767, 4.42919015884, 2.28639054298, 1.30284619331, 0.406954854727, 0.107732877135, 0.00862926244736, 0.000188619844266, 3.80114543077e-05],
        "median": [0.00477452389896, 0.0275068432093, 0.0527157075703, 0.0609674863517, 0.153524875641, 1.21821260452, 4.86603116989, 1.638215065, 0.438789963722, 1.44861876965, 7.43835878372, 3.88681554794, 2.20019483566, 4.44413948059, 2.05799150467, 2.66568493843, 1.99233007431, 4.32307815552, 6.79009389877, 7.12878847122, 5.79125642776, 8.31012821198, 13.9707193375, 4.88169336319, 3.75243663788, 7.79225492477, 15.4215250015, 10.4486370087, 3.64182567596, 2.32598257065, 3.9144179821, 3.35648679733, 1.65837752819, 0.677260458469, 0.310692340136, 0.083893828094, 0.0112875718623, 0.000604453729466, 3.72283247998e-05, 2.40025183302e-05],
        "min": [1.30281094357e-07, 8.80660763869e-07, 2.89659487862e-06, 1.11787003334e-05, 0.000163044343935, 0.00324417068623, 0.00288390694186, 0.00172413920518, 0.00256643234752, 0.00410510832444, 0.00656904885545, 0.00248216558248, 0.00554971396923, 0.00433744629845, 0.0039713694714, 0.00599185982719, 0.00255555147305, 0.00454194378108, 0.00794796459377, 0.0127486074343, 0.0144911035895, 0.0228089038283, 0.0346274264157, 0.0166154429317, 0.0093885678798, 0.0124436197802, 0.0295102354139, 0.0573591478169, 0.0165511928499, 0.0145934466273, 0.0198817458004, 0.013450153172, 0.00716875260696, 0.00259079155512, 0.000941754551604, 0.000198940746486, 1.42565277201e-05, 1.43364025007e-06, 2.90744736731e-07, 1.03062468781e-07],
        "var": [0.363457769156, 1.62378776073, 2.04696559906, 94.8008956909, 346.785369873, 511.968963623, 273.791687012, 658.493835449, 1560.55224609, 323.004272461, 2499.7512207, 542.938720703, 308.782073975, 3162.45019531, 717.721252441, 559.457275391, 333.875915527, 1124.68701172, 2301.45849609, 1347.02600098, 731.717895508, 1111.15539551, 3407.80664062, 595.653015137, 200.768066406, 746.542907715, 3615.28491211, 7447.66357422, 437.822937012, 68.7853851318, 134.280929565, 181.148422241, 73.5183105469, 32.41431427, 9.29865550995, 0.805395364761, 0.0513258762658, 0.000346702610841, 1.27994638888e-07, 1.48687984147e-09]
    },
    "gfcc": {
        "mean": [-26.8156108856, 34.1843223572, -129.033340454, 43.9119300842, -76.9314422607, 15.8413410187, -46.533870697, 12.5533514023, -23.3241443634, 6.62456941605, -19.0271091461, 2.19360899925, 2.26915478706],
        "cov": [[5314.73144531, 135.072860718, 295.548828125, -76.3005447388, 301.324859619, 95.3627929688, 114.568572998, 185.002502441, -51.1650123596, 31.5766849518, -229.715408325, 109.066482544, -321.763641357], [135.072860718, 1330.28283691, 247.510543823, -0.490508049726, 354.776763916, 290.219665527, 246.650756836, -83.6243133545, 157.74180603, -44.6742591858, 87.5236740112, -39.9336738586, -36.0728569031], [295.548828125, 247.510543823, 1596.85668945, 598.471679688, 548.196594238, 327.053375244, 140.744369507, 152.269134521, -64.6834182739, 78.1312942505, -49.4360046387, 18.7996044159, -265.933319092], [-76.3005447388, -0.490508049726, 598.471679688, 931.410095215, 450.57623291, 43.1776123047, 281.547027588, 309.293670654, 90.2943572998, 110.466499329, 24.8950824738, -29.086971283, 8.20284175873], [301.324859619, 354.776763916, 548.196594238, 450.57623291, 692.026123047, 347.258911133, 307.646453857, 231.946807861, 118.191162109, 115.905548096, 0.961466789246, 21.2609424591, -50.5607032776], [95.3627929688, 290.219665527, 327.053375244, 43.1776123047, 347.258911133, 583.034912109, 329.05557251, 123.505661011, 126.65120697, 75.409576416, 64.8945770264, 21.8261089325, -19.8725261688], [114.568572998, 246.650756836, 140.744369507, 281.547027588, 307.646453857, 329.05557251, 529.504455566, 207.55480957, 141.408493042, 129.602401733, 90.8057327271, 56.1273994446, 31.1798839569], [185.002502441, -83.6243133545, 152.269134521, 309.293670654, 231.946807861, 123.505661011, 207.55480957, 365.06350708, 198.836914062, 126.131599426, 62.5336380005, 45.3839263916, 45.8367042542], [-51.1650123596, 157.74180603, -64.6834182739, 90.2943572998, 118.191162109, 126.65120697, 141.408493042, 198.836914062, 316.347198486, 99.412651062, 102.437103271, 43.6763572693, 88.7148513794], [31.5766849518, -44.6742591858, 78.1312942505, 110.466499329, 115.905548096, 75.409576416, 129.602401733, 126.131599426, 99.412651062, 184.704650879, 70.9405059814, 38.3813056946, 23.1046772003], [-229.715408325, 87.5236740112, -49.4360046387, 24.8950824738, 0.961466789246, 64.8945770264, 90.8057327271, 62.5336380005, 102.437103271, 70.9405059814, 206.714447021, 91.5732727051, 91.048286438], [109.066482544, -39.9336738586, 18.7996044159, -29.086971283, 21.2609424591, 21.8261089325, 56.1273994446, 45.3839263916, 43.6763572693, 38.3813056946, 91.5732727051, 177.848327637, 50.7159423828], [-321.763641357, -36.0728569031, -265.933319092, 8.20284175873, -50.5607032776, -19.8725261688, 31.1798839569, 45.8367042542, 88.7148513794, 23.1046772003, 91.048286438, 50.7159423828, 201.397842407]],
        "icov": [[0.000257600040641, -0.000140220450703, 0.000116865347081, 1.03124275483e-05, 2.24058567255e-05, -5.01598369738e-05, 7.73596475483e-05, -0.000390129425796, 0.000193556232261, -0.000142598059028, 0.000435637630289, -0.000498763751239, 0.000477576075355], [-0.000140220450703, 0.00212526950054, -0.000796646811068, 0.00126777705736, -0.00191245507449, 0.00134094175883, -0.00178063183557, 0.00218495749868, -0.00217066192999, 0.00210805633105, -0.00214898586273, 0.00221883249469, -0.000389233842725], [0.000116865347081, -0.000796646811068, 0.00223319325596, -0.00209517823532, 0.000597048841882, -0.00210060970858, 0.0019813850522, -0.000666894309688, 0.00131174724083, -0.00124978891108, 0.00091916276142, -0.00236860616133, 0.0026122755371], [1.03124275483e-05, 0.00126777705736, -0.00209517823532, 0.00489112827927, -0.00292279012501, 0.00383168226108, -0.0032396405004, -0.000624290318228, -0.000888720678631, 0.00202119722962, -0.0021768331062, 0.00391251128167, -0.0022757970728], [2.24058567255e-05, -0.00191245507449, 0.000597048841882, -0.00292279012501, 0.00574427144602, -0.00339235202409, 0.00175695167854, -0.00190404604655, 0.00149670778774, -0.0026823154185, 0.00337192649022, -0.00306647713296, 0.000765601347666], [-5.01598369738e-05, 0.00134094175883, -0.00210060970858, 0.00383168226108, -0.00339235202409, 0.00651472806931, -0.00440668314695, 0.000915030483156, -0.00211612111889, 0.00246742996387, -0.00274416198954, 0.00379158300348, -0.00156972266268], [7.73596475483e-05, -0.00178063183557, 0.0019813850522, -0.0032396405004, 0.00175695167854, -0.00440668314695, 0.00660425145179, -0.00203851680271, 0.00216994504444, -0.00316408788785, 0.00172134430613, -0.00359381525777, 0.00153460749425], [-0.000390129425796, 0.00218495749868, -0.000666894309688, -0.000624290318228, -0.00190404604655, 0.000915030483156, -0.00203851680271, 0.00922330655158, -0.00532750645652, 0.000428584433394, -0.00137614796404, 0.00121125404257, -0.000643695122562], [0.000193556232261, -0.00217066192999, 0.00131174724083, -0.000888720678631, 0.00149670778774, -0.00211612111889, 0.00216994504444, -0.00532750645652, 0.00858491752297, -0.00298089999706, 0.000680672936141, -0.00178912223782, -0.000564607209526], [-0.000142598059028, 0.00210805633105, -0.00124978891108, 0.00202119722962, -0.0026823154185, 0.00246742996387, -0.00316408788785, 0.000428584433394, -0.00298089999706, 0.0106175104156, -0.00434270780534, 0.00267443852499, -0.000235646337387], [0.000435637630289, -0.00214898586273, 0.00091916276142, -0.0021768331062, 0.00337192649022, -0.00274416198954, 0.00172134430613, -0.00137614796404, 0.000680672936141, -0.00434270780534, 0.0117624755949, -0.00638387398794, -0.00127574929502], [-0.000498763751239, 0.00221883249469, -0.00236860616133, 0.00391251128167, -0.00306647713296, 0.00379158300348, -0.00359381525777, 0.00121125404257, -0.00178912223782, 0.00267443852499, -0.00638387398794, 0.0121919866651, -0.00350424344651], [0.000477576075355, -0.000389233842725, 0.0026122755371, -0.0022757970728, 0.000765601347666, -0.00156972266268, 0.00153460749425, -0.000643695122562, -0.000564607209526, -0.000235646337387, -0.00127574929502, -0.00350424344651, 0.0108817713335]]
    },
    "melbands": {
        "dmean": [0.000953450216912, 0.000302264554193, 0.000416044844314, 0.000601827516221, 0.000274764344795, 0.000237400294282, 0.000154112174641, 9.2771355412e-05, 0.000210402387893, 5.93619188294e-05, 2.95784338959e-05, 7.5756041042e-05, 3.83421829611e-05, 1.74435153895e-05, 1.9087578039e-05, 1.52809661813e-05, 2.83873614535e-05, 2.95651025226e-05, 3.47740351572e-05, 2.4477538318e-05, 1.46657193909e-05, 1.28493757074e-05, 2.2516673198e-05, 2.23783717956e-05, 8.17438649392e-06, 5.02873081132e-06, 4.80682274429e-06, 9.1786187113e-06, 1.68990645761e-05, 1.45139083543e-05, 1.53675173351e-05, 5.23904509464e-06, 2.38642064687e-06, 2.40427675635e-06, 2.9765792533e-06, 3.25786004396e-06, 3.30579291585e-06, 2.62550565822e-06, 1.87220996395e-06, 1.5082371192e-06],
        "dmean2": [0.00149049749598, 0.000480588845676, 0.000451973901363, 0.000835292274132, 0.000437907205196, 0.000399798911531, 0.00026186730247, 0.000149702871568, 0.00033809512388, 9.57664160524e-05, 4.2451047193e-05, 0.000107233223389, 5.41716035514e-05, 2.64572536253e-05, 2.85084424831e-05, 2.339042112e-05, 4.27908962592e-05, 4.58719296148e-05, 5.45148250239e-05, 3.89945307688e-05, 2.40446915996e-05, 2.02931132662e-05, 3.51520211552e-05, 3.39076214004e-05, 1.25461519929e-05, 8.18992702989e-06, 7.67403889768e-06, 1.38961713674e-05, 2.42367914325e-05, 2.02527062356e-05, 2.19626617763e-05, 7.83895029599e-06, 3.68746100321e-06, 3.642457159e-06, 4.61274885311e-06, 5.04743275087e-06, 5.3418943935e-06, 3.92931497117e-06, 2.72664419754e-06, 2.32825800595e-06],
        "dvar": [6.25192751613e-06, 5.7554052546e-07, 1.13749172215e-06, 1.85948715625e-06, 2.88184622832e-07, 5.5164917967e-07, 3.88113193139e-07, 3.5863074288e-08, 1.40098819656e-07, 1.60904001234e-08, 3.98756450082e-09, 2.29002381502e-08, 9.69765867609e-09, 1.75961412108e-09, 2.23164509094e-09, 1.39082634298e-09, 2.97204771904e-09, 3.01685942894e-09, 5.17224174601e-09, 2.2320028048e-09, 8.43817071772e-10, 4.74654093807e-10, 1.37569400316e-09, 1.57767554576e-09, 1.9151044639e-10, 9.23394971597e-11, 6.70057967445e-11, 2.37835029449e-10, 8.60651327983e-10, 7.59745211187e-10, 1.21874266235e-09, 1.15490880748e-10, 1.73063594705e-11, 1.91031652302e-11, 5.05078513735e-11, 5.57408771917e-11, 6.04287869743e-11, 2.89942497095e-11, 1.75269243563e-11, 1.7711738326e-11],
        "dvar2": [1.8177950551e-05, 1.46197169215e-06, 1.5291169575e-06, 3.86384590456e-06, 7.63871355502e-07, 1.49155300733e-06, 9.95592813524e-07, 8.66734026772e-08, 3.32402521508e-07, 4.05282989391e-08, 7.03960179038e-09, 4.03944291349e-08, 1.75109651224e-08, 3.87614162989e-09, 5.12243936157e-09, 3.14913806143e-09, 6.25874463367e-09, 6.57154508588e-09, 1.1809457412e-08, 5.16645037862e-09, 2.30702812409e-09, 1.11560305438e-09, 2.83572232362e-09, 3.38738304073e-09, 4.17788609264e-10, 2.27360949512e-10, 1.64927280166e-10, 5.33729560548e-10, 1.6827793603e-09, 1.38742417555e-09, 2.09651163097e-09, 2.317254999e-10, 4.07922549905e-11, 4.5098848267e-11, 1.23892437975e-10, 1.40278649807e-10, 1.28658930731e-10, 6.46009426508e-11, 3.54689749793e-11, 3.39905950608e-11],
        "max": [0.0198839586228, 0.0061666960828, 0.0143538378179, 0.0108190663159, 0.00596050079912, 0.00709233991802, 0.00554122542962, 0.00186241557822, 0.00396541552618, 0.00138766935561, 0.00109672918916, 0.00179517024662, 0.00176030420698, 0.000699932978023, 0.000475957785966, 0.000670155859552, 0.000707781757228, 0.000717093003914, 0.000883842876647, 0.000478491652757, 0.000271094642812, 0.000314353703288, 0.00049906456843, 0.000573352735955, 0.00014709464449, 0.000181164141395, 0.000128288578708, 0.000172299027327, 0.00043113908032, 0.000477375404444, 0.000465620512841, 0.000164325319929, 4.09306703659e-05, 7.64894648455e-05, 0.000183473734069, 0.000182100542588, 0.000179650436621, 9.29219386308e-05, 5.59833824809e-05, 6.63905448164e-05],
        "mean": [0.00180189684033, 0.000485212600324, 0.000615757075138, 0.000661649333779, 0.000358227436664, 0.000211150589166, 0.000113093039545, 0.000100567798654, 0.0002369206195, 6.23778978479e-05, 3.75453819288e-05, 0.000107072199171, 4.7415116569e-05, 2.06354870897e-05, 2.16653261305e-05, 1.71034898813e-05, 3.5531091271e-05, 3.5443703382e-05, 4.06363469665e-05, 2.76562841464e-05, 1.63234853972e-05, 1.72948493855e-05, 3.46113993146e-05, 3.23695203406e-05, 1.02114454421e-05, 5.60386570214e-06, 6.21449953542e-06, 1.43127135743e-05, 2.78649440588e-05, 2.23589777306e-05, 2.21664704441e-05, 6.7908172241e-06, 2.61978334493e-06, 2.9410496154e-06, 3.85238354284e-06, 4.16376951762e-06, 4.10554275732e-06, 3.28146279571e-06, 2.36694336309e-06, 1.79202027084e-06],
        "median": [4.66498859168e-05, 3.64033621736e-05, 8.67970265972e-06, 2.65709222731e-05, 0.000166744357557, 4.41137417511e-05, 3.98506790589e-06, 1.68382684933e-05, 6.01765386818e-05, 1.33157836899e-05, 6.97967425367e-06, 1.70557304955e-05, 6.05325840297e-06, 5.50180038772e-06, 5.07018103235e-06, 4.19445359512e-06, 7.43751661503e-06, 8.8142023742e-06, 1.00767801996e-05, 7.22178947399e-06, 4.9182699513e-06, 6.48253808322e-06, 1.25170518004e-05, 9.74840713752e-06, 2.74590001936e-06, 1.97795861823e-06, 2.92392587653e-06, 5.32815693077e-06, 1.00845936686e-05, 7.72474686528e-06, 4.69974793305e-06, 1.76727610324e-06, 7.33429317279e-07, 1.2515730532e-06, 2.05345145332e-06, 2.23168945013e-06, 1.92439665625e-06, 1.23999620882e-06, 6.82846632571e-07, 4.57322414604e-07],
        "min": [1.09475550847e-09, 1.62388669178e-09, 1.16175713494e-09, 6.31502627968e-09, 1.53548469939e-07, 3.71395785237e-08, 1.56257016215e-08, 4.12611029788e-08, 4.55982629433e-08, 1.48411691825e-08, 2.40696582665e-08, 1.76022680876e-08, 8.78298500595e-09, 1.35311539751e-08, 8.13776779296e-09, 5.24489873754e-09, 9.0457739077e-09, 1.18912826252e-08, 1.3909931873e-08, 1.42482008414e-08, 9.47084988212e-09, 2.07624495374e-08, 2.93036137577e-08, 2.77698770645e-08, 8.07959210647e-09, 1.42645251167e-09, 2.57530174963e-09, 9.15147513325e-09, 1.54716026657e-08, 9.5742862527e-09, 2.6068374126e-08, 2.76697637025e-10, 2.19442269911e-10, 5.50148371303e-10, 9.91820403584e-09, 9.17121489863e-09, 8.43612557588e-09, 5.12433828703e-09, 2.12308082226e-09, 7.46372852412e-10],
