{
"highlevel": {
    "danceability": {
        "all": {
            "danceable": 0.999890089035,
            "not_danceable": 0.000109940716357
        },
        "probability": 0.999890089035,
        "value": "danceable"
    },
    "gender": {
        "all": {
            "female": 0.994619071484,
            "male": 0.00538090709597
        },
        "probability": 0.994619071484,
        "value": "female"
    },
    "genre_dortmund": {
        "all": {
            "alternative": 0.00990124978125,
            "blues": 0.00114050903358,
            "electronic": 0.0350567065179,
            "folkcountry": 0.00617998465896,
            "funksoulrnb": 0.0537911020219,
            "jazz": 0.013743811287,
            "pop": 0.0413234196603,
            "raphiphop": 0.828693091869,
            "rock": 0.0101701468229
        },
        "probability": 0.828693091869,
        "value": "raphiphop"
    },
    "genre_electronic": {
        "all": {
            "ambient": 0.233118161559,
            "dnb": 0.11955563724,
            "house": 0.435350894928,
            "techno": 0.0236909948289,
            "trance": 0.188284292817
        },
        "probability": 0.435350894928,
        "value": "house"
    },
    "genre_rosamerica": {
        "all": {
            "cla": 0.000672818277963,
            "dan": 0.0208474006504,
            "hip": 0.0100267659873,
            "jaz": 0.00113629491534,
            "pop": 0.0695176199079,
            "rhy": 0.895707309246,
            "roc": 0.00160702678841,
            "spe": 0.000484766147565
        },
        "probability": 0.895707309246,
        "value": "rhy"
    },
    "genre_tzanetakis": {
        "all": {
            "blu": 2.00933528442e-14,
            "cla": 1.10376880297e-14,
            "cou": 2.21312073892e-14,
            "dis": 1.76883671149e-14,
            "hip": 4.29576757196e-14,
            "jaz": 0.999999940395,
            "met": 2.0000017642e-08,
            "pop": 2.0000017642e-08,
            "reg": 1.66666822565e-08,
            "roc": 2.50000233848e-08
        },
        "probability": 0.999999940395,
        "value": "jaz"
    },
    "ismir04_rhythm": {
        "all": {
            "ChaChaCha": 0.181360736489,
            "Jive": 0.0899514481425,
            "Quickstep": 0.0639117062092,
            "Rumba-American": 0.0200412198901,
            "Rumba-International": 0.0961975827813,
            "Rumba-Misc": 0.0403665490448,
            "Samba": 0.403327912092,
            "Tango": 0.0088648032397,
            "VienneseWaltz": 0.0753328874707,
            "Waltz": 0.0206451546401
        },
        "probability": 0.403327912092,
        "value": "Samba"
    },
    "mood_acoustic": {
        "all": {
            "acoustic": 0.00724869640544,
            "not_acoustic": 0.992751300335
        },
        "probability": 0.992751300335,
        "value": "not_acoustic"
    },
    "mood_aggressive": {
        "all": {
            "aggressive": 8.8793832731e-08,
            "not_aggressive": 0.999999940395
        },
        "probability": 0.999999940395,
        "value": "not_aggressive"
    },
    "mood_electronic": {
        "all": {
            "electronic": 0.478004276752,
            "not_electronic": 0.521995723248
        },
        "probability": 0.521995723248,
        "value": "not_electronic"
    },
    "mood_happy": {
        "all": {
            "happy": 0.734949827194,
            "not_happy": 0.265050143003
        },
        "probability": 0.734949827194,
        "value": "happy"
    },
    "mood_party": {
        "all": {
            "not_party": 0.469674766064,
            "party": 0.530325233936
        },
        "probability": 0.530325233936,
        "value": "party"
    },
    "mood_relaxed": {
        "all": {
            "not_relaxed": 0.848603069782,
            "relaxed": 0.151396930218
        },
        "probability": 0.848603069782,
        "value": "not_relaxed"
    },
    "mood_sad": {
        "all": {
            "not_sad": 0.359488755465,
            "sad": 0.640511274338
        },
        "probability": 0.640511274338,
        "value": "sad"
    },
    "moods_mirex": {
        "all": {
            "Cluster1": 0.211095258594,
            "Cluster2": 0.289151966572,
            "Cluster3": 0.206916168332,
            "Cluster4": 0.186256244779,
            "Cluster5": 0.106580339372
        },
        "probability": 0.289151966572,
        "value": "Cluster2"
    },
    "timbre": {
        "all": {
            "bright": 0.965750396252,
            "dark": 0.0342495925725
        },
        "probability": 0.965750396252,
        "value": "bright"
    },
    "tonal_atonal": {
        "all": {
            "atonal": 0.0546211227775,
            "tonal": 0.945378899574
        },
        "probability": 0.945378899574,
        "value": "tonal"
    },
    "voice_instrumental": {
        "all": {
            "instrumental": 0.213336125016,
            "voice": 0.786663889885
        },
        "probability": 0.786663889885,
        "value": "voice"
    }
},
"lowlevel": {
    "average_loudness": 0.903023481369,
    "barkbands_crest": {
        "dmean": 3.57432770729,
        "dmean2": 5.51502132416,
        "dvar": 10.0519227982,
        "dvar2": 21.7959365845,
        "max": 25.9823799133,
        "mean": 13.0023412704,
        "median": 12.1228027344,
        "min": 2.90934610367,
        "var": 29.8706893921
    },
    "barkbands_flatness_db": {
        "dmean": 0.036048386246,
        "dmean2": 0.0500571131706,
        "dvar": 0.00122973066755,
        "dvar2": 0.00226452830248,
        "max": 0.490218669176,
        "mean": 0.193715065718,
        "median": 0.189262077212,
        "min": 0.064328238368,
        "var": 0.00493343453854
    },
    "barkbands_kurtosis": {
        "dmean": 8.07542037964,
        "dmean2": 11.2397546768,
        "dvar": 607.406005859,
        "dvar2": 981.716491699,
        "max": 646.11920166,
        "mean": 11.1666431427,
        "median": 2.8733625412,
        "min": -1.87968242168,
        "var": 1458.33508301
    },
    "barkbands_skewness": {
        "dmean": 0.940654456615,
        "dmean2": 1.29851067066,
        "dvar": 1.40041077137,
        "dvar2": 2.21431112289,
        "max": 21.9354877472,
        "mean": 1.81304383278,
        "median": 1.51932990551,
        "min": -7.8578119278,
        "var": 5.25503015518
    },
    "barkbands_spread": {
        "dmean": 9.10330200195,
        "dmean2": 13.5132236481,
        "dvar": 114.499938965,
        "dvar2": 246.020568848,
        "max": 107.94165802,
        "mean": 22.0650177002,
        "median": 17.9901676178,
        "min": 0.324979603291,
        "var": 258.487426758
    },
    "dissonance": {
        "dmean": 0.0318653099239,
        "dmean2": 0.0528391003609,
        "dvar": 0.000906086002942,
        "dvar2": 0.00259067653678,
        "max": 0.499999940395,
        "mean": 0.444558233023,
        "median": 0.452674925327,
        "min": 0.247890263796,
        "var": 0.00152633246034
    },
    "dynamic_complexity": 2.50007867813,
    "erbbands_crest": {
        "dmean": 3.48353743553,
        "dmean2": 5.45020532608,
        "dvar": 9.84723186493,
        "dvar2": 23.3081474304,
        "max": 27.7801322937,
        "mean": 10.7187595367,
        "median": 9.97491836548,
        "min": 2.25882220268,
        "var": 21.5632228851
    },
    "erbbands_flatness_db": {
        "dmean": 0.0288176015019,
        "dmean2": 0.0401899106801,
        "dvar": 0.00076403626008,
        "dvar2": 0.00138114253059,
        "max": 0.344255954027,
        "mean": 0.18920339644,
        "median": 0.184123009443,
        "min": 0.0706575736403,
        "var": 0.00291770882905
    },
    "erbbands_kurtosis": {
        "dmean": 2.33293437958,
        "dmean2": 3.60626101494,
        "dvar": 12.8501958847,
        "dvar2": 29.4290027618,
        "max": 39.9826927185,
        "mean": 2.52450227737,
        "median": 1.15481567383,
        "min": -1.79842662811,
        "var": 19.6442584991
    },
    "erbbands_skewness": {
        "dmean": 0.616350412369,
        "dmean2": 0.900316596031,
        "dvar": 0.427932083607,
        "dvar2": 0.840406656265,
        "max": 3.87321805954,
        "mean": 0.641852855682,
        "median": 0.719367682934,
        "min": -5.98149585724,
        "var": 1.36230635643
    },
    "erbbands_spread": {
        "dmean": 14.1286497116,
        "dmean2": 21.1665534973,
        "dvar": 244.355895996,
        "dvar2": 533.158569336,
        "max": 148.088500977,
        "mean": 36.88331604,
        "median": 31.6378555298,
        "min": 4.32420253754,
        "var": 495.700805664
    },
    "hfc": {
        "dmean": 17.0561752319,
        "dmean2": 23.9915504456,
        "dvar": 962.120849609,
        "dvar2": 1802.80944824,
        "max": 516.750305176,
        "mean": 35.3495521545,
        "median": 23.9752254486,
        "min": 0.160322651267,
        "var": 2227.30859375
    },
    "melbands_crest": {
        "dmean": 4.22603845596,
        "dmean2": 6.33105039597,
        "dvar": 13.9755992889,
        "dvar2": 28.3350963593,
        "max": 38.9445037842,
        "mean": 16.7370452881,
        "median": 15.3740739822,
        "min": 3.08980870247,
        "var": 56.7569351196
    },
    "melbands_flatness_db": {
        "dmean": 0.0399374738336,
        "dmean2": 0.0530696772039,
        "dvar": 0.0015615230659,
        "dvar2": 0.00247363001108,
        "max": 0.614225149155,
        "mean": 0.21320489049,
        "median": 0.201325640082,
        "min": 0.0429477579892,
        "var": 0.00939694885164
    },
    "melbands_kurtosis": {
        "dmean": 14.6654272079,
        "dmean2": 22.5093193054,
        "dvar": 1288.74694824,
        "dvar2": 2759.64355469,
        "max": 599.345214844,
        "mean": 23.4340705872,
        "median": 8.42122459412,
        "min": -1.90486896038,
        "var": 3249.5144043
    },
    "melbands_skewness": {
        "dmean": 1.16226732731,
        "dmean2": 1.66740822792,
        "dvar": 1.97137105465,
        "dvar2": 3.63280749321,
        "max": 19.6009674072,
        "mean": 2.88260412216,
        "median": 2.27676820755,
        "min": -2.03440833092,
        "var": 7.23754882812
    },
    "melbands_spread": {
        "dmean": 13.5470914841,
        "dmean2": 20.5489902496,
        "dvar": 603.87512207,
        "dvar2": 1266.04772949,
        "max": 251.250335693,
        "mean": 28.1904239655,
        "median": 17.9864959717,
        "min": 0.176394447684,
        "var": 1173.20996094
    },
    "pitch_salience": {
        "dmean": 0.0951980724931,
        "dmean2": 0.141685709357,
        "dvar": 0.00781267788261,
        "dvar2": 0.0161572769284,
        "max": 0.896278917789,
        "mean": 0.510219991207,
        "median": 0.547406196594,
        "min": 0.03283303231,
        "var": 0.0320672057569
    },
    "silence_rate_20dB": {
        "dmean": 0,
        "dmean2": 0,
        "dvar": 0,
        "dvar2": 0,
        "max": 1,
        "mean": 1,
        "median": 1,
        "min": 1,
        "var": 0
    },
    "silence_rate_30dB": {
        "dmean": 0.0464396290481,
        "dmean2": 0.0929512009025,
        "dvar": 0.044282309711,
        "dvar2": 0.0874079465866,
        "max": 1,
        "mean": 0.880897164345,
        "median": 1,
        "min": 0,
        "var": 0.104916341603
    },
    "silence_rate_60dB": {
        "dmean": 0.0526315793395,
        "dmean2": 0.105344690382,
        "dvar": 0.0498610809445,
        "dvar2": 0.108190514147,
        "max": 1,
        "mean": 0.0819798931479,
        "median": 0,
        "min": 0,
        "var": 0.075259655714
    },
    "spectral_centroid": {
        "dmean": 396.967407227,
        "dmean2": 586.15234375,
        "dvar": 412733.3125,
        "dvar2": 796093.4375,
        "max": 8707.25195312,
        "mean": 1514.30529785,
        "median": 1270.79467773,
        "min": 166.107681274,
        "var": 1002767.5625
    },
    "spectral_complexity": {
        "dmean": 5.03869962692,
        "dmean2": 7.16343927383,
        "dvar": 52.7400474548,
        "dvar2": 92.2512283325,
        "max": 58,
        "mean": 13.5537509918,
        "median": 11,
        "min": 0,
        "var": 110.980484009
    },
    "spectral_decrease": {
        "dmean": 3.80667408706e-09,
        "dmean2": 5.39264499722e-09,
        "dvar": 4.74297687002e-17,
        "dvar2": 8.46050190512e-17,
        "max": 3.7476100001e-10,
        "mean": -9.77079483988e-09,
        "median": -4.59517046636e-09,
        "min": -8.124309403e-08,
        "var": 1.8032852344e-16
    },
    "spectral_energy": {
        "dmean": 0.015237740241,
        "dmean2": 0.0216611046344,
        "dvar": 0.000693131412845,
        "dvar2": 0.00125173619017,
        "max": 0.307841688395,
        "mean": 0.0400835387409,
        "median": 0.0209778659046,
        "min": 0.000146242484334,
        "var": 0.00261911004782
    },
    "spectral_energyband_high": {
        "dmean": 0.00167813070584,
        "dmean2": 0.00237789913081,
        "dvar": 1.10628679977e-05,
        "dvar2": 1.98545931198e-05,
        "max": 0.0476477183402,
        "mean": 0.00249813403934,
        "median": 0.000652252347209,
        "min": 1.1229840311e-06,
        "var": 2.65868493443e-05
    },
    "spectral_energyband_low": {
        "dmean": 0.00986083131284,
        "dmean2": 0.0126271853223,
        "dvar": 0.000605590874329,
        "dvar2": 0.000958889781032,
        "max": 0.305485546589,
        "mean": 0.0218205191195,
        "median": 2.23923343583e-05,
        "min": 2.03333119231e-08,
        "var": 0.00238104257733
    },
    "spectral_energyband_middle_high": {
        "dmean": 0.00281578185968,
        "dmean2": 0.00380874541588,
        "dvar": 1.26204786284e-05,
        "dvar2": 2.08984456549e-05,
        "max": 0.0419828519225,
        "mean": 0.00615017395467,
        "median": 0.00349261937663,
        "min": 4.19558855356e-05,
        "var": 5.21365182067e-05
    },
    "spectral_energyband_middle_low": {
        "dmean": 0.00708375265822,
        "dmean2": 0.0115333953872,
        "dvar": 0.000216624772293,
        "dvar2": 0.000601227162406,
        "max": 0.108166135848,
        "mean": 0.0100990263745,
        "median": 0.00621203845367,
        "min": 5.57710554858e-05,
        "var": 0.000173598135007
    },
    "spectral_entropy": {
        "dmean": 0.2989551723,
        "dmean2": 0.424133628607,
        "dvar": 0.0807504951954,
        "dvar2": 0.14948952198,
        "max": 8.98259162903,
        "mean": 7.5431022644,
        "median": 7.5061788559,
        "min": 6.1940870285,
        "var": 0.272374629974
    },
    "spectral_flux": {
        "dmean": 0.0419208109379,
        "dmean2": 0.06737934798,
        "dvar": 0.00289207068272,
        "dvar2": 0.0056422110647,
        "max": 0.471530288458,
        "mean": 0.102328404784,
        "median": 0.0832968205214,
        "min": 0.00565008167177,
        "var": 0.00571124954149
    },
    "spectral_kurtosis": {
        "dmean": 1.53049850464,
        "dmean2": 2.22257804871,
        "dvar": 2.80140304565,
        "dvar2": 5.88000059128,
        "max": 18.854839325,
        "mean": 3.37855577469,
        "median": 2.92159318924,
        "min": -1.5872823,
        "var": 7.24477434158
    },
    "spectral_rms": {
        "dmean": 0.00115827692207,
        "dmean2": 0.00158233055845,
        "dvar": 2.41970110437e-06,
        "dvar2": 4.05131504522e-06,
        "max": 0.0173301286995,
        "mean": 0.00530081288889,
        "median": 0.0045239594765,
        "min": 0.000377724209102,
        "var": 1.10072178359e-05
    },
    "spectral_rolloff": {
        "dmean": 1126.46069336,
        "dmean2": 1849.38635254,
        "dvar": 3804097,
        "dvar2": 7763209,
        "max": 13178.3203125,
        "mean": 2455.3293457,
        "median": 1485.79101562,
        "min": 43.06640625,
        "var": 7881775.5
    },
    "spectral_skewness": {
        "dmean": 0.340242356062,
        "dmean2": 0.467218726873,
        "dvar": 0.104410357773,
        "dvar2": 0.20248478651,
        "max": 3.40538454056,
        "mean": 1.57723784447,
        "median": 1.61864757538,
        "min": -0.790119469166,
        "var": 0.377866774797
    },
    "spectral_spread": {
        "dmean": 1025770.6875,
        "dmean2": 1515644.875,
        "dvar": 1.44904460698e+12,
        "dvar2": 2.83041018675e+12,
        "max": 21131926,
        "mean": 6621433.5,
        "median": 6229351,
        "min": 2755751.75,
        "var": 4.722458624e+12
    },
    "spectral_strongpeak": {
        "dmean": 0.961817324162,
        "dmean2": 1.56119561195,
        "dvar": 2.26816797256,
        "dvar2": 5.55414104462,
        "max": 16.1506347656,
        "mean": 1.65855073929,
        "median": 0.948542714119,
        "min": 0,
        "var": 3.21703219414
    },
    "zerocrossingrate": {
        "dmean": 0.0237980429083,
        "dmean2": 0.0248641427606,
        "dvar": 0.000940335623454,
        "dvar2": 0.00092091265833,
        "max": 0.52099609375,
        "mean": 0.0947805643082,
        "median": 0.08056640625,
        "min": 0.00146484375,
        "var": 0.00564397778362
    },
    "barkbands": {
        "dmean": [0.00107684580144, 0.00924959219992, 0.00207779696211, 0.00172267807648, 0.00223580794409, 0.00141564989462, 0.00063157803379, 0.000515424646437, 0.00217638211325, 0.00064159889007, 0.00060479179956, 0.00066495971987, 0.000526437012013, 0.00082036992535, 0.000390431727283, 0.0002876688377, 0.000191613784409, 0.000144779100083, 0.000107887644845, 0.000218866407522, 0.00027209369, 0.000305498135276, 0.000331929360982, 0.000295144680422, 0.000455430708826, 0.000175525434315, 6.18126207996e-08],
        "dmean2": [0.00152948743198, 0.0123281190172, 0.00376385287382, 0.0033036286477, 0.00346043868922, 0.00228868238628, 0.0010358307045, 0.000891058705747, 0.00323771056719, 0.000882685068063, 0.000892597716302, 0.000963757163845, 0.000814542872831, 0.00119397742674, 0.000569217489101, 0.000424043100793, 0.000277382059721, 0.000211040052818, 0.00016025743389, 0.000325568107655, 0.000429290579632, 0.00043663251563, 0.000521036388818, 0.000448784063337, 0.000649853900541, 0.000242891488597, 1.11049025975e-07],
        "dvar": [1.05541294033e-05, 0.000641634920612, 9.31600225158e-05, 6.60253572278e-05, 2.99475104839e-05, 5.93943741478e-06, 2.08385608857e-06, 1.7284490923e-06, 1.20511185742e-05, 3.35040476784e-06, 1.41508826346e-06, 2.99598195852e-06, 1.09041513952e-06, 3.53760151484e-06, 8.24300116165e-07, 4.795156201e-07, 2.14078852423e-07, 7.00505751183e-08, 3.29377272124e-08, 2.11524337601e-07, 3.52625988853e-07, 4.89118008318e-07, 4.6773081408e-07, 5.60407784178e-07, 2.41166594606e-06, 3.32729968022e-07, 2.11818301614e-13],
        "dvar2": [1.97231984203e-05, 0.00107407523319, 0.000264194415649, 0.000192343999515, 6.93313777447e-05, 1.51892691065e-05, 5.57953853786e-06, 4.89076728627e-06, 2.47338157351e-05, 4.59827197119e-06, 3.03677597913e-06, 5.58936426387e-06, 2.48254127655e-06, 7.35010462449e-06, 1.90285254575e-06, 9.31060071707e-07, 4.51490308251e-07, 1.45502653481e-07, 6.75093190239e-08, 4.54519408777e-07, 8.60382272094e-07, 8.70241251505e-07, 1.01838065802e-06, 1.23937581975e-06, 4.80151811644e-06, 6.05573120538e-07, 5.82119096849e-13],
        "max": [0.0977406799793, 0.284447610378, 0.0848226845264, 0.0637231320143, 0.0350380092859, 0.0208391379565, 0.0143801476806, 0.011390119791, 0.0270519331098, 0.0370669923723, 0.016516353935, 0.0293948743492, 0.0138180637732, 0.0246511753649, 0.0104148546234, 0.0112413782626, 0.00814109761268, 0.0039468347095, 0.0016375213163, 0.00329615967348, 0.00615592813119, 0.0128972595558, 0.0086873723194, 0.0110366158187, 0.030200721696, 0.0141129028052, 7.95085816208e-06],
        "mean": [0.00220193434507, 0.0177377667278, 0.001493453281, 0.000996495829895, 0.00199953024276, 0.00197019777261, 0.000907425710466, 0.000625063257758, 0.00340454396792, 0.00111666647717, 0.00083061150508, 0.00102170999162, 0.000594673969317, 0.00108863983769, 0.000496767577715, 0.00042013003258, 0.000261620472884, 0.000194838357856, 0.000143872966873, 0.000233203332755, 0.000293854536721, 0.000387661741115, 0.000411730259657, 0.000390000699554, 0.000623856845777, 0.000237202475546, 4.04272064713e-08],
        "median": [2.61933746515e-06, 2.83432063952e-06, 2.65238077191e-06, 4.61435593024e-06, 7.52490886953e-05, 0.000824418268166, 0.000297022575978, 0.00012517363939, 0.00107511295937, 0.000124506317661, 0.000150783555, 0.000135266614961, 0.000165447534528, 0.000227519238251, 8.25694951345e-05, 9.20509264688e-05, 5.17145344929e-05, 6.05899476795e-05, 5.33168640686e-05, 5.14282146469e-05, 5.87314061704e-05, 4.14413880208e-05, 7.54477368901e-05, 0.000109687112854, 0.000139527968713, 6.47924825898e-05, 4.4526671239e-10],
        "min": [5.45917200334e-10, 1.49679202366e-09, 2.57133936366e-09, 1.44554601622e-09, 1.97402442836e-07, 4.18263925894e-06, 1.80077918799e-07, 2.14917918129e-07, 6.57087457512e-06, 4.7381459467e-07, 1.48312108195e-06, 8.75166279002e-07, 1.0282861922e-06, 4.12668612171e-07, 3.2565904462e-07, 3.36478962026e-07, 1.17007729727e-07, 1.08803931198e-07, 2.2105275832e-07, 1.68067728623e-07, 1.09591617559e-07, 3.50484299361e-08, 7.52657882686e-08, 2.52478500329e-08, 9.47661362716e-08, 1.01914032768e-09, 1.10653153307e-11],
        "var": [7.30785468477e-05, 0.00181188352872, 5.67386014154e-05, 3.59209880116e-05, 2.99049534078e-05, 9.09175287234e-06, 2.36010532717e-06, 1.7762514517e-06, 2.49699041888e-05, 1.37517390613e-05, 3.20343497151e-06, 7.22881713955e-06, 1.471696919e-06, 5.91104935665e-06, 1.36863991429e-06, 1.0125040717e-06, 3.39280120443e-07, 1.22792840784e-07, 5.47053211619e-08, 2.52033885317e-07, 4.16150527371e-07, 1.26844554416e-06, 9.83844415714e-07, 9.02113470147e-07, 4.37300332123e-06, 6.60139789943e-07, 1.32126501038e-13]
    },
    "erbbands": {
        "dmean": [0.337992697954, 2.04688191414, 2.16815042496, 4.82786989212, 7.10053825378, 6.68467855453, 7.26203536987, 13.17872715, 9.7168970108, 8.15840911865, 19.4152145386, 46.8461952209, 31.9014186859, 15.2214918137, 26.4583320618, 22.2617378235, 24.0085201263, 26.563035965, 31.4374008179, 19.8937911987, 13.4716272354, 9.85954093933, 7.62916231155, 6.18376684189, 5.59083557129, 9.7396736145, 10.5081834793, 12.2302055359, 10.6503305435, 9.317527771, 9.23817634583, 6.19266557693, 5.62125253677, 5.08924055099, 3.36868190765, 1.33490717411, 0.211854711175, 0.00950194336474, 0.000244298455073, 3.60085105058e-05],
        "dmean2": [0.465707689524, 2.64998531342, 3.37503051758, 9.10887241364, 12.5924806595, 9.85357952118, 11.2971582413, 21.3888225555, 15.5548219681, 13.803150177, 31.9974975586, 70.0994415283, 44.6099777222, 21.9561519623, 38.3234863281, 32.5682373047, 35.7580795288, 38.9702072144, 45.4163703918, 28.5802364349, 19.8283309937, 13.9063606262, 10.806895256, 9.20187950134, 8.13289833069, 14.4129037857, 16.5646476746, 19.2445392609, 15.8598241806, 13.3027572632, 14.5922327042, 9.75405788422, 8.60720443726, 7.62764358521, 4.98391342163, 1.90268039703, 0.305099874735, 0.014952685684, 0.000355738040525, 5.11407488375e-05],
        "dvar": [0.833477854729, 36.1453895569, 66.0972518921, 538.535461426, 382.479309082, 289.039093018, 148.972610474, 568.678405762, 389.622650146, 401.44329834, 1723.18286133, 6206.46728516, 5080.25146484, 877.843566895, 2277.31738281, 2348.25219727, 2551.98730469, 2829.36645508, 6315.02978516, 1767.07739258, 715.032470703, 670.211791992, 209.496612549, 99.1589889526, 114.674461365, 392.323364258, 518.446166992, 765.136535645, 662.100891113, 391.845275879, 378.682891846, 157.538253784, 278.369110107, 282.68347168, 169.018569946, 18.5537872314, 0.624724030495, 0.00108711165376, 6.58838303025e-07, 5.85699400091e-09],
        "dvar2": [1.53213691711, 57.8100242615, 162.765930176, 1560.73718262, 1040.11010742, 624.023681641, 356.71395874, 1454.43151855, 977.505126953, 1112.8026123, 4591.36328125, 12862.9238281, 9754.90527344, 1554.15893555, 4551.40966797, 4602.95214844, 5664.29589844, 6095.12353516, 13793.3847656, 3785.22387695, 1523.64001465, 1493.3059082, 373.001464844, 202.035263062, 235.658676147, 798.473632812, 1263.38146973, 1818.14526367, 1249.13476562, 651.764099121, 866.25201416, 353.880126953, 597.877563477, 593.12878418, 346.708770752, 33.5524024963, 1.31267905235, 0.00251053529792, 1.39273186051e-06, 1.13042064598e-08],
        "max": [14.8256053925, 65.7628250122, 76.1502075195, 192.715957642, 132.261260986, 123.175865173, 132.971206665, 255.870071411, 213.938217163, 229.374786377, 383.501098633, 633.412414551, 942.389160156, 579.05645752, 521.116638184, 860.964660645, 726.891723633, 584.24609375, 1087.4609375, 608.69519043, 369.882598877, 550.123718262, 214.283798218, 155.799514771, 96.2385864258, 151.641601562, 176.64982605, 288.100402832, 506.399719238, 294.058380127, 253.731399536, 146.348648071, 271.1043396, 262.944000244, 281.35848999, 97.9999465942, 16.5751819611, 0.609258949757, 0.0148527463898, 0.00131868990138],
        "mean": [0.655917465687, 3.3657104969, 2.47687101364, 3.00205230713, 4.73384952545, 6.64803171158, 10.5215263367, 17.8064842224, 15.1909198761, 10.0776042938, 26.8365688324, 69.7566452026, 55.4815940857, 26.3668308258, 40.1441841125, 33.6104736328, 29.4690494537, 37.6798934937, 40.9771728516, 28.87774086, 20.5852355957, 14.1265420914, 11.7468500137, 8.96596908569, 6.95521688461, 10.7717561722, 11.5389480591, 12.9565896988, 13.4819850922, 12.5180149078, 11.5338573456, 8.07650279999, 7.23136234283, 6.42301750183, 4.59599590302, 1.82233440876, 0.273605197668, 0.0118973404169, 0.000357483455446, 7.87873577792e-05],
        "median": [9.86222075881e-05, 0.000784534146078, 0.00405730679631, 0.0141011653468, 0.0356111079454, 0.341026335955, 3.3400387764, 7.33608818054, 6.34082937241, 2.97622704506, 8.36999320984, 21.0702190399, 10.9222068787, 8.08054637909, 11.3237504959, 7.83913183212, 8.20204162598, 11.2661237717, 8.46667861938, 6.12107944489, 5.56920433044, 3.53164172173, 3.52043581009, 3.99952602386, 2.36399364471, 2.50884461403, 2.59894609451, 1.78114914894, 1.38003253937, 1.70870780945, 2.26770925522, 2.11288690567, 1.84095144272, 1.34231042862, 0.942227005959, 0.484447956085, 0.0686860159039, 0.00312342587858, 0.000118009462312, 4.28619896411e-05],
        "min": [2.6376270057e-07, 7.33362924166e-07, 3.90143532059e-06, 1.13551122922e-05, 7.25160934962e-05, 0.00143013522029, 0.0101096173748, 0.0313682369888, 0.0297485869378, 0.0113507118076, 0.0145342703909, 0.185087934136, 0.159783452749, 0.0541097521782, 0.0975970551372, 0.050955478102, 0.0630830451846, 0.0517220497131, 0.0339545272291, 0.0272017177194, 0.0191688667983, 0.00775996316224, 0.00670360028744, 0.011678962037, 0.00847112480551, 0.00718454178423, 0.006110296119, 0.00479976600036, 0.00190085463692, 0.000724985089619, 0.00261892867275, 0.00166660710238, 0.00107051234227, 0.00114232697524, 0.000611392431892, 0.000189290600247, 1.2717782738e-05, 1.2445162838e-06, 4.04692997336e-07, 2.90413652237e-07],
        "var": [2.67224240303, 79.5260772705, 68.2146377563, 300.563049316, 254.197799683, 325.684020996, 245.311218262, 840.48248291, 548.346069336, 379.831665039, 2303.32348633, 11921.1503906, 13283.2451172, 2841.95996094, 5119.47998047, 5978.35839844, 3591.34179688, 5397.54345703, 9029.79785156, 3621.84155273, 1417.41442871, 971.479431152, 454.897583008, 193.415161133, 164.240844727, 499.743225098, 549.850463867, 1007.82849121, 1630.67687988, 1114.79211426, 754.904846191, 287.398529053, 430.426300049, 463.199645996, 279.913482666, 36.7895126343, 1.03037893772, 0.0015555707505, 1.1401644997e-06, 1.31377921875e-08]
    },
    "gfcc": {
        "mean": [-19.5731372833, 27.4705467224, -133.695983887, -10.8247108459, -90.0038986206, 16.2369422913, -54.0059318542, 15.1050958633, -28.3065700531, 14.4037647247, -14.2129364014, 8.64327144623, -2.39191317558],
        "cov": [[5104.953125, -15.2611198425, 513.989990234, 1132.73388672, 386.444580078, 318.163085938, 130.426742554, 38.7829971313, -63.6945266724, -96.9111480713, -246.284515381, -86.3852844238, -199.666213989], [-15.2611198425, 2543.98242188, 1023.33514404, 958.171447754, 1025.03930664, 475.03994751, 791.514099121, 252.697341919, 484.295715332, 88.2169876099, 198.146270752, -156.377258301, -80.8961868286], [513.989990234, 1023.33514404, 1692.17321777, 1110.27282715, 559.536560059, 442.784545898, 548.841430664, 182.418685913, 294.598510742, 80.7630615234, 87.1429443359, -30.9734153748, -88.5159072876], [1132.73388672, 958.171447754, 1110.27282715, 1501.3248291, 636.07623291, 382.218444824, 508.535064697, 113.440193176, 300.307037354, -27.2046966553, -65.0531997681, -88.9022216797, -96.0440826416], [386.444580078, 1025.03930664, 559.536560059, 636.07623291, 916.304382324, 437.797393799, 473.50604248, 268.834991455, 347.958496094, 119.614852905, 86.9756698608, -11.0500688553, 11.8306560516], [318.163085938, 475.03994751, 442.784545898, 382.218444824, 437.797393799, 583.40838623, 413.073059082, 163.705001831, 268.815704346, 116.295814514, 131.111358643, -19.6551055908, -11.3064336777], [130.426742554, 791.514099121, 548.841430664, 508.535064697, 473.50604248, 413.073059082, 574.674194336, 217.955184937, 280.239532471, 95.5917358398, 119.107513428, -28.2210903168, -43.1198921204], [38.7829971313, 252.697341919, 182.418685913, 113.440193176, 268.834991455, 163.705001831, 217.955184937, 317.333831787, 240.66217041, 73.0803527832, 83.0514984131, 16.6494846344, 37.8027610779], [-63.6945266724, 484.295715332, 294.598510742, 300.307037354, 347.958496094, 268.815704346, 280.239532471, 240.66217041, 429.841674805, 139.17779541, 104.897796631, -8.75371170044, 40.5341072083], [-96.9111480713, 88.2169876099, 80.7630615234, -27.2046966553, 119.614852905, 116.295814514, 95.5917358398, 73.0803527832, 139.17779541, 214.090240479, 99.3591918945, 24.2547225952, 47.2228546143], [-246.284515381, 198.146270752, 87.1429443359, -65.0531997681, 86.9756698608, 131.111358643, 119.107513428, 83.0514984131, 104.897796631, 99.3591918945, 230.974075317, 62.9042129517, 48.1471786499], [-86.3852844238, -156.377258301, -30.9734153748, -88.9022216797, -11.0500688553, -19.6551055908, -28.2210903168, 16.6494846344, -8.75371170044, 24.2547225952, 62.9042129517, 150.264282227, 56.0078315735], [-199.666213989, -80.8961868286, -88.5159072876, -96.0440826416, 11.8306560516, -11.3064336777, -43.1198921204, 37.8027610779, 40.5341072083, 47.2228546143, 48.1471786499, 56.0078315735, 151.475723267]],
        "icov": [[0.000308987568133, 1.93005071196e-05, 0.000118960495456, -0.000401835684897, -1.10997543743e-05, -0.000329942646204, 0.000361354381312, -0.0003935667919, 0.00042229500832, -0.000218599961954, 0.000153805754962, -8.14794257167e-05, 0.000346033833921], [1.93005071196e-05, 0.00144514371641, -0.000342044397257, 0.000217801847612, -0.0014336258173, 0.00121793488506, -0.0013928245753, 0.00120800861623, -0.00084963516565, 0.000907218083739, -0.00133794941939, 0.00158733234275, 2.32540805882e-05], [0.000118960495456, -0.000342044397257, 0.00150305475108, -0.00121618551202, 0.000482465955429, -0.000590738840401, 0.000237839471083, -0.000805431976914, 0.000708309118636, -0.000773954438046, -0.000112894929771, -0.000608192000072, 0.000580766412895], [-0.000401835684897, 0.000217801847612, -0.00121618551202, 0.00270316167735, -0.000937586475629, 0.000786042830441, -0.00151502760127, 0.00187848531641, -0.00177966163028, 0.00154455262236, 0.000766412704252, 0.000430121057434, -0.000586198526435], [-1.10997543743e-05, -0.0014336258173, 0.000482465955429, -0.000937586475629, 0.0040031648241, -0.0019693612121, 0.000693884852808, -0.00218867184594, 0.000757460657042, -0.00140508927871, 0.0016533829039, -0.00180425785948, -0.000431799096987], [-0.000329942646204, 0.00121793488506, -0.000590738840401, 0.000786042830441, -0.0019693612121, 0.00552640901878, -0.00357140880078, 0.00226068659686, -0.00201358064078, 0.000776857079472, -0.0021767928265, 0.00187746423762, -0.000351450755261], [0.000361354381312, -0.0013928245753, 0.000237839471083, -0.00151502760127, 0.000693884852808, -0.00357140880078, 0.00767703680322, -0.00343339540996, 0.00135862198658, -0.00147075136192, -1.17456675071e-05, -0.00116759131197, 0.00216270517558], [-0.0003935667919, 0.00120800861623, -0.000805431976914, 0.00187848531641, -0.00218867184594, 0.00226068659686, -0.00343339540996, 0.00849498622119, -0.00463499547914, 0.00225406163372, -0.00119637988973, 0.000883882050402, -0.00131989829242], [0.00042229500832, -0.00084963516565, 0.000708309118636, -0.00177966163028, 0.000757460657042, -0.00201358064078, 0.00135862198658, -0.00463499547914, 0.00745769962668, -0.00321766920388, 0.000315058743581, -3.17298872687e-05, -0.000358524121111], [-0.000218599961954, 0.000907218083739, -0.000773954438046, 0.00154455262236, -0.00140508927871, 0.000776857079472, -0.00147075136192, 0.00225406163372, -0.00321766920388, 0.0083216689527, -0.00234544463456, 0.00104149919935, -0.00146289879922], [0.000153805754962, -0.00133794941939, -0.000112894929771, 0.000766412704252, 0.0016533829039, -0.0021767928265, -1.17456675071e-05, -0.00119637988973, 0.000315058743581, -0.00234544463456, 0.00907985493541, -0.00399357732385, -0.000850769924], [-8.14794257167e-05, 0.00158733234275, -0.000608192000072, 0.000430121057434, -0.00180425785948, 0.00187746423762, -0.00116759131197, 0.000883882050402, -3.17298872687e-05, 0.00104149919935, -0.00399357732385, 0.0106561807916, -0.00260118767619], [0.000346033833921, 2.32540805882e-05, 0.000580766412895, -0.000586198526435, -0.000431799096987, -0.000351450755261, 0.00216270517558, -0.00131989829242, -0.000358524121111, -0.00146289879922, -0.000850769924, -0.00260118767619, 0.00977469235659]]
    },
    "melbands": {
        "dmean": [0.00277515966445, 0.00146503071301, 0.00087317370344, 0.000548999698367, 0.000244560040301, 0.000283019646304, 0.000142124627018, 9.08636066015e-05, 0.000212909770198, 0.000288738112431, 0.000159895775141, 6.66225751047e-05, 9.28973313421e-05, 8.39955464471e-05, 6.16266843281e-05, 4.88518126076e-05, 5.42648958799e-05, 6.395028322e-05, 3.43917417922e-05, 2.3857846827e-05, 1.54489534907e-05, 1.03796128315e-05, 9.03619365999e-06, 8.72364671523e-06, 4.81361439597e-06, 3.89055094274e-06, 5.08033599544e-06, 7.23911489331e-06, 7.22251343177e-06, 7.08703100827e-06, 7.16181239113e-06, 6.34342677586e-06, 5.78693516218e-06, 5.32064314029e-06, 5.07135973749e-06, 5.58191914024e-06, 3.54219491783e-06, 3.99853843192e-06, 4.35876609117e-06, 4.45099385615e-06],
        "dmean2": [0.00368240498938, 0.00191351072863, 0.0016409723321, 0.000870344345458, 0.000375892297598, 0.000457380054286, 0.000231590078329, 0.000152447071741, 0.00034400599543, 0.000431520136772, 0.000223551192903, 9.34579511522e-05, 0.000135230045998, 0.000122019584524, 9.18196237762e-05, 7.48757520341e-05, 8.06616008049e-05, 9.2078531452e-05, 4.96456123074e-05, 3.43573592545e-05, 2.31097856158e-05, 1.5012712538e-05, 1.32605027829e-05, 1.30888056447e-05, 7.45086981624e-06, 5.76885986447e-06, 7.57822999731e-06, 1.08642525447e-05, 1.164052901e-05, 1.14909598778e-05, 1.13089408842e-05, 9.74377144303e-06, 8.3205932242e-06, 7.86326654634e-06, 8.12650978332e-06, 9.01942894416e-06, 5.65308118894e-06, 6.26927976555e-06, 6.58996350467e-06, 6.85706572767e-06],
        "dvar": [5.30561665073e-05, 1.88731537492e-05, 1.43902834679e-05, 1.97956228476e-06, 1.71073381239e-07, 2.51220626524e-07, 9.0008143161e-08, 4.52694948194e-08, 1.77443325811e-07, 2.18602906443e-07, 1.35055614692e-07, 2.18217106607e-08, 2.98290743217e-08, 6.36269490428e-08, 2.19679989755e-08, 9.73935954107e-09, 1.21592096392e-08, 3.2259180216e-08, 7.19816473094e-09, 4.48685355536e-09, 9.77030456539e-10, 9.80198811007e-10, 4.48865500324e-10, 3.0379646021e-10, 6.53826923158e-11, 4.67476890531e-11, 1.03858095735e-10, 2.30101299126e-10, 2.48855880347e-10, 2.79856388063e-10, 2.81458689688e-10, 2.73482292368e-10, 1.84535692282e-10, 1.41362657691e-10, 1.32424224364e-10, 1.34479552494e-10, 6.44358316704e-11, 1.31406358017e-10, 1.87153570419e-10, 2.51361792492e-10],
        "dvar2": [9.10465751076e-05, 2.87739458145e-05, 4.16008806496e-05, 4.62811158286e-06, 3.86918316053e-07, 6.40737823687e-07, 2.33937697658e-07, 1.26256338717e-07, 4.3989967935e-07, 4.44382351361e-07, 2.48081533982e-07, 3.19729771547e-08, 6.21010300961e-08, 1.13408766822e-07, 4.40705747451e-08, 2.24877059196e-08, 2.70369628907e-08, 6.88841339525e-08, 1.68363030184e-08, 8.08348588066e-09, 2.1490369484e-09, 2.33416375117e-09, 8.53120574185e-10, 6.43162412217e-10, 1.38705144592e-10, 9.47308689825e-11, 2.26869550923e-10, 4.80774919875e-10, 6.2125715683e-10, 7.13378300876e-10, 6.64751309554e-10, 5.8332816355e-10, 3.30788479941e-10, 2.8303334676e-10, 3.03242764232e-10, 3.4395147841e-10, 1.49663420546e-10, 2.93465279855e-10, 4.01301603059e-10, 5.45459288848e-10],
        "max": [0.0938268452883, 0.0428849719465, 0.0306343343109, 0.00891104247421, 0.00463732611388, 0.0050568045117, 0.00292603787966, 0.00212237844244, 0.00465025193989, 0.00349817564711, 0.0050163292326, 0.00326164229773, 0.00244320905767, 0.00441518006846, 0.00229893927462, 0.00108365947381, 0.000988922198303, 0.00245365547016, 0.000898110680282, 0.0011724459473, 0.000422742363298, 0.000716374197509, 0.000401990546379, 0.000270033575362, 0.000109056520159, 6.67904678266e-05, 9.20941747609e-05, 0.000107357627712, 0.000139151787153, 0.000119166950753, 0.000188065299881, 0.000345707405359, 0.000205144955544, 0.000201662493055, 0.00017028657021, 0.000127619990963, 9.31535323616e-05, 0.000143313445733, 0.000273069104878, 0.000272708653938],
        "mean": [0.0055689397268, 0.00244096689858, 0.000537164334673, 0.000447451981017, 0.00035144132562, 0.000398986769142, 0.00021333899349, 0.00010755443509, 0.000296491052723, 0.000440453906776, 0.000278142630123, 0.000113194808364, 0.000136238697451, 0.000119272364827, 7.65547083574e-05, 5.86903624935e-05, 7.46781515772e-05, 7.85228039604e-05, 4.31791959272e-05, 3.29740869347e-05, 2.20732144953e-05, 1.40635711432e-05, 1.22523561004e-05, 1.12454099508e-05, 6.71110183248e-06, 5.1009174058e-06, 5.45894226889e-06, 7.67907476984e-06, 7.49575247028e-06, 7.10168887963e-06, 7.61873070587e-06, 7.7035774666e-06, 7.30217243472e-06, 6.75467026667e-06, 6.36545564703e-06, 6.31587909083e-06, 4.55091412732e-06, 5.0107446441e-06, 5.23601192981e-06, 5.41816689292e-06],
        "median": [9.66841184891e-07, 1.61589809977e-06, 2.50044854511e-06, 6.41413043923e-06, 9.90304979496e-05, 0.000181691881153, 8.58786224853e-05, 2.42625828832e-05, 8.06816024124e-05, 0.00012992376287, 3.22017476719e-05, 2.14606334339e-05, 3.36101147695e-05, 1.46351003423e-05, 1.19484611787e-05, 1.44347941387e-05, 1.88209814951e-05, 1.23143508972e-05, 6.2900926423e-06, 5.32162721356e-06, 5.41059353054e-06, 3.13187206302e-06, 2.54165775004e-06, 3.07451819026e-06, 2.87041780211e-06, 1.84953546523e-06, 1.24726864215e-06, 1.6110004708e-06, 1.72729744463e-06, 1.19270714549e-06, 8.49013076731e-07, 6.20134869678e-07, 8.53413439472e-07, 8.28608847314e-07, 1.21638345263e-06, 1.30644446017e-06, 1.27572502606e-06, 1.21986408885e-06, 1.22065705455e-06, 9.67699975263e-07],
        "min": [1.31011868021e-09, 1.21769971884e-09, 1.9560746356e-09, 9.05396291273e-09, 2.54577287251e-07, 7.67932760937e-07, 9.71100462266e-08, 5.56722383749e-08, 6.83733389906e-08, 1.01260957308e-06, 2.62105174897e-07, 1.21951785559e-07, 3.66105922467e-07, 1.12947894593e-07, 9.96637155026e-08, 1.23025913012e-07, 6.42847979293e-08, 3.7204060277e-08, 3.02080174208e-08, 2.97235285274e-08, 1.77794525769e-08, 7.07293601465e-09, 6.61975674277e-09, 6.53962528574e-09, 9.21927689745e-09, 6.75508093906e-09, 4.11497413921e-09, 4.21715773413e-09, 3.08312131381e-09, 2.63526356292e-09, 1.55406210123e-09, 1.09891651334e-09, 1.36054195687e-10, 4.84693951641e-10, 1.39071854033e-09, 3.90364990333e-10, 4.9432707927e-10, 3.48426620889e-10, 2.03311603664e-11, 3.33596275603e-11],
