{
"highlevel": {
    "danceability": {
        "all": {
            "danceable": 0.99941277504,
            "not_danceable": 0.00058725028066
        },
        "probability": 0.99941277504,
        "value": "danceable"
    },
    "gender": {
        "all": {
            "female": 0.910196781158,
            "male": 0.0898032411933
        },
        "probability": 0.910196781158,
        "value": "female"
    },
    "genre_dortmund": {
        "all": {
            "alternative": 0.0083228526637,
            "blues": 0.00447406666353,
            "electronic": 0.0768615156412,
            "folkcountry": 0.00289891031571,
            "funksoulrnb": 0.0240228604525,
            "jazz": 0.0354883633554,
            "pop": 0.0209852289408,
            "raphiphop": 0.775593936443,
            "rock": 0.0513522773981
        },
        "probability": 0.775593936443,
        "value": "raphiphop"
    },
    "genre_electronic": {
        "all": {
            "ambient": 0.382118523121,
            "dnb": 0.405926138163,
            "house": 0.0761352553964,
            "techno": 0.0137060349807,
            "trance": 0.122114039958
        },
        "probability": 0.405926138163,
        "value": "dnb"
    },
    "genre_rosamerica": {
        "all": {
            "cla": 0.00256921653636,
            "dan": 0.0827122554183,
            "hip": 0.77971124649,
            "jaz": 0.00380915170535,
            "pop": 0.0537280105054,
            "rhy": 0.0644565969706,
            "roc": 0.011067584157,
            "spe": 0.00194591959007
        },
        "probability": 0.77971124649,
        "value": "hip"
    },
    "genre_tzanetakis": {
        "all": {
            "blu": 0.0626613423228,
            "cla": 0.0348169617355,
            "cou": 0.104475811124,
            "dis": 0.0784321576357,
            "hip": 0.15692435205,
            "jaz": 0.313974827528,
            "met": 0.0448166541755,
            "pop": 0.0627359300852,
            "reg": 0.0627360641956,
            "roc": 0.0784258767962
        },
        "probability": 0.313974827528,
        "value": "jaz"
    },
    "ismir04_rhythm": {
        "all": {
            "ChaChaCha": 0.107890382409,
            "Jive": 0.0704926475883,
            "Quickstep": 0.0806514024734,
            "Rumba-American": 0.0121464161202,
            "Rumba-International": 0.0413344018161,
            "Rumba-Misc": 0.00624064262956,
            "Samba": 0.657213687897,
            "Tango": 0.0105842724442,
            "VienneseWaltz": 0.00783878844231,
            "Waltz": 0.00560733862221
        },
        "probability": 0.657213687897,
        "value": "Samba"
    },
    "mood_acoustic": {
        "all": {
            "acoustic": 0.0045599648729,
            "not_acoustic": 0.995440006256
        },
        "probability": 0.995440006256,
        "value": "not_acoustic"
    },
    "mood_aggressive": {
        "all": {
            "aggressive": 0.23994359374,
            "not_aggressive": 0.760056436062
        },
        "probability": 0.760056436062,
        "value": "not_aggressive"
    },
    "mood_electronic": {
        "all": {
            "electronic": 0.918566823006,
            "not_electronic": 0.0814331695437
        },
        "probability": 0.918566823006,
        "value": "electronic"
    },
    "mood_happy": {
        "all": {
            "happy": 0.101113781333,
            "not_happy": 0.898886203766
        },
        "probability": 0.898886203766,
        "value": "not_happy"
    },
    "mood_party": {
        "all": {
            "not_party": 0.367787450552,
            "party": 0.63221257925
        },
        "probability": 0.63221257925,
        "value": "party"
    },
    "mood_relaxed": {
        "all": {
            "not_relaxed": 0.874713897705,
            "relaxed": 0.125286102295
        },
        "probability": 0.874713897705,
        "value": "not_relaxed"
    },
    "mood_sad": {
        "all": {
            "not_sad": 0.946628749371,
            "sad": 0.053371232003
        },
        "probability": 0.946628749371,
        "value": "not_sad"
    },
    "moods_mirex": {
        "all": {
            "Cluster1": 0.22871850431,
            "Cluster2": 0.153207659721,
            "Cluster3": 0.0717854350805,
            "Cluster4": 0.218852669001,
            "Cluster5": 0.327435731888
        },
        "probability": 0.327435731888,
        "value": "Cluster5"
    },
    "timbre": {
        "all": {
            "bright": 0.167026534677,
            "dark": 0.832973480225
        },
        "probability": 0.832973480225,
        "value": "dark"
    },
    "tonal_atonal": {
        "all": {
            "atonal": 0.0433720126748,
            "tonal": 0.956627964973
        },
        "probability": 0.956627964973,
        "value": "tonal"
    },
    "voice_instrumental": {
        "all": {
            "instrumental": 0.301288634539,
            "voice": 0.698711395264
        },
        "probability": 0.698711395264,
        "value": "voice"
    }
},
"lowlevel": {
    "average_loudness": 0.924611151218,
    "barkbands_crest": {
        "dmean": 2.78134059906,
        "dmean2": 4.3012304306,
        "dvar": 7.02012300491,
        "dvar2": 16.9114017487,
        "max": 26.0730056763,
        "mean": 9.8972158432,
        "median": 8.58547210693,
        "min": 2.26846289635,
        "var": 27.0654754639
    },
    "barkbands_flatness_db": {
        "dmean": 0.023110428825,
        "dmean2": 0.034602355212,
        "dvar": 0.000656436779536,
        "dvar2": 0.00150373927318,
        "max": 0.365821927786,
        "mean": 0.129915803671,
        "median": 0.119467906654,
        "min": 0.0306045226753,
        "var": 0.00304446276277
    },
    "barkbands_kurtosis": {
        "dmean": 2.68601369858,
        "dmean2": 4.2781496048,
        "dvar": 48.9303474426,
        "dvar2": 123.923118591,
        "max": 121.473152161,
        "mean": 3.36775875092,
        "median": 0.777713775635,
        "min": -1.88924205303,
        "var": 70.0634536743
    },
    "barkbands_skewness": {
        "dmean": 0.582027673721,
        "dmean2": 0.847820520401,
        "dvar": 0.523163318634,
        "dvar2": 1.10434067249,
        "max": 10.529501915,
        "mean": 1.20909488201,
        "median": 0.9874817729,
        "min": -2.93985652924,
        "var": 2.11104941368
    },
    "barkbands_spread": {
        "dmean": 7.32153606415,
        "dmean2": 11.4994573593,
        "dvar": 68.7687911987,
        "dvar2": 167.563156128,
        "max": 114.58531189,
        "mean": 28.9672489166,
        "median": 27.2695884705,
        "min": 1.98302233219,
        "var": 216.001068115
    },
    "dissonance": {
        "dmean": 0.020103380084,
        "dmean2": 0.0344101972878,
        "dvar": 0.000455685163615,
        "dvar2": 0.00124840228818,
        "max": 0.500000238419,
        "mean": 0.463883042336,
        "median": 0.472867995501,
        "min": 0.295499622822,
        "var": 0.000961087353062
    },
    "dynamic_complexity": 3.48206090927,
    "erbbands_crest": {
        "dmean": 2.59352898598,
        "dmean2": 4.1077003479,
        "dvar": 5.65668106079,
        "dvar2": 13.5940132141,
        "max": 29.6278858185,
        "mean": 8.49446392059,
        "median": 7.47780799866,
        "min": 2.34961819649,
        "var": 19.2152957916
    },
    "erbbands_flatness_db": {
        "dmean": 0.0178252086043,
        "dmean2": 0.0264394953847,
        "dvar": 0.000344429368852,
        "dvar2": 0.000718863913789,
        "max": 0.31086742878,
        "mean": 0.149077042937,
        "median": 0.139849618077,
        "min": 0.0693899095058,
        "var": 0.00190665398259
    },
    "erbbands_kurtosis": {
        "dmean": 0.817861258984,
        "dmean2": 1.27143967152,
        "dvar": 1.21459257603,
        "dvar2": 2.76625609398,
        "max": 19.2298088074,
        "mean": 0.322160184383,
        "median": -0.100202560425,
        "min": -1.65881586075,
        "var": 3.0636639595
    },
    "erbbands_skewness": {
        "dmean": 0.376205325127,
        "dmean2": 0.581809580326,
        "dvar": 0.135548636317,
        "dvar2": 0.297015488148,
        "max": 4.36315917969,
        "mean": 0.393069773912,
        "median": 0.381503552198,
        "min": -3.23995900154,
        "var": 0.546416342258
    },
    "erbbands_spread": {
        "dmean": 8.8736114502,
        "dmean2": 13.3716688156,
        "dvar": 84.8408279419,
        "dvar2": 206.464492798,
        "max": 115.856460571,
        "mean": 40.3847923279,
        "median": 38.3473854065,
        "min": 9.98023986816,
        "var": 231.298721313
    },
    "hfc": {
        "dmean": 12.922999382,
        "dmean2": 20.4080562592,
        "dvar": 569.710021973,
        "dvar2": 1483.91552734,
        "max": 232.422332764,
        "mean": 30.4456062317,
        "median": 25.9558677673,
        "min": 0.0101887565106,
        "var": 803.445068359
    },
    "melbands_crest": {
        "dmean": 3.74385046959,
        "dmean2": 5.53192853928,
        "dvar": 12.6278581619,
        "dvar2": 27.2739543915,
        "max": 38.21144104,
        "mean": 15.8632116318,
        "median": 13.706700325,
        "min": 2.83903598785,
        "var": 74.3302307129
    },
    "melbands_flatness_db": {
        "dmean": 0.0280008427799,
        "dmean2": 0.0410902649164,
        "dvar": 0.00115527200978,
        "dvar2": 0.00224764831364,
        "max": 0.435783535242,
        "mean": 0.157589495182,
        "median": 0.154359638691,
        "min": 0.0187515318394,
        "var": 0.00653295544907
    },
    "melbands_kurtosis": {
        "dmean": 8.64636993408,
        "dmean2": 13.7068223953,
        "dvar": 926.285827637,
        "dvar2": 2449.03710938,
        "max": 712.296203613,
        "mean": 13.4539194107,
        "median": 4.2482790947,
        "min": -1.80368101597,
        "var": 1141.17858887
    },
    "melbands_skewness": {
        "dmean": 0.820011675358,
        "dmean2": 1.20534217358,
        "dvar": 1.47980308533,
        "dvar2": 3.29085493088,
        "max": 25.4968528748,
        "mean": 2.42350077629,
        "median": 1.86665606499,
        "min": -0.881108045578,
        "var": 4.76664447784
    },
    "melbands_spread": {
        "dmean": 11.6680908203,
        "dmean2": 17.746515274,
        "dvar": 262.730773926,
        "dvar2": 564.131530762,
        "max": 260.9503479,
        "mean": 36.4497833252,
        "median": 28.1458053589,
        "min": 1.07290911674,
        "var": 877.241577148
    },
    "pitch_salience": {
        "dmean": 0.0796464905143,
        "dmean2": 0.127793550491,
        "dvar": 0.00887822452933,
        "dvar2": 0.0202572513372,
        "max": 0.943315982819,
        "mean": 0.526451289654,
        "median": 0.550008237362,
        "min": 0.0210145432502,
        "var": 0.0274028051645
    },
    "silence_rate_20dB": {
        "dmean": 0,
        "dmean2": 0,
        "dvar": 0,
        "dvar2": 0,
        "max": 1,
        "mean": 1,
        "median": 1,
        "min": 1,
        "var": 0
    },
    "silence_rate_30dB": {
        "dmean": 0.0464396290481,
        "dmean2": 0.0929512009025,
        "dvar": 0.0442825257778,
        "dvar2": 0.0905068814754,
        "max": 1,
        "mean": 0.880123734474,
        "median": 1,
        "min": 0,
        "var": 0.105507254601
    },
    "silence_rate_60dB": {
        "dmean": 0.061919502914,
        "dmean2": 0.123934932053,
        "dvar": 0.0580861158669,
        "dvar2": 0.117870360613,
        "max": 1,
        "mean": 0.171693742275,
        "median": 0,
        "min": 0,
        "var": 0.142215818167
    },
    "spectral_centroid": {
        "dmean": 344.822937012,
        "dmean2": 529.045227051,
        "dvar": 151063.71875,
        "dvar2": 328992.3125,
        "max": 5358.60644531,
        "mean": 1842.57641602,
        "median": 1663.62512207,
        "min": 215.526550293,
        "var": 587556.875
    },
    "spectral_complexity": {
        "dmean": 5.22987604141,
        "dmean2": 8.08520507812,
        "dvar": 46.0067596436,
        "dvar2": 96.6884231567,
        "max": 61,
        "mean": 17.9992275238,
        "median": 18,
        "min": 0,
        "var": 131.459487915
    },
    "spectral_decrease": {
        "dmean": 3.08562198015e-09,
        "dmean2": 4.6301149581e-09,
        "dvar": 3.3551663255e-17,
        "dvar2": 6.79812166028e-17,
        "max": -2.91832790572e-12,
        "mean": -1.03278683383e-08,
        "median": -4.7280810378e-09,
        "min": -5.60939739103e-08,
        "var": 1.38660153733e-16
    },
    "spectral_energy": {
        "dmean": 0.0122432112694,
        "dmean2": 0.01845023036,
        "dvar": 0.000503917806782,
        "dvar2": 0.00102443713695,
        "max": 0.21555532515,
        "mean": 0.0417412631214,
        "median": 0.0204948149621,
        "min": 1.23505951706e-05,
        "var": 0.00206947955303
    },
    "spectral_energyband_high": {
        "dmean": 0.00105929304846,
        "dmean2": 0.00168378313538,
        "dvar": 4.86648968945e-06,
        "dvar2": 1.27710309243e-05,
        "max": 0.022719444707,
        "mean": 0.00180118030403,
        "median": 0.00108660839032,
        "min": 4.67598582077e-08,
        "var": 5.81796757615e-06
    },
    "spectral_energyband_low": {
        "dmean": 0.00905541703105,
        "dmean2": 0.0133625622839,
        "dvar": 0.000446557154646,
        "dvar2": 0.000908093643375,
        "max": 0.200637668371,
        "mean": 0.0232369471341,
        "median": 0.00131925812457,
        "min": 3.52163951334e-08,
        "var": 0.00147229677532
    },
    "spectral_energyband_middle_high": {
        "dmean": 0.00293431873433,
        "dmean2": 0.00458677299321,
        "dvar": 2.14857300307e-05,
        "dvar2": 5.30051802343e-05,
        "max": 0.0506631545722,
        "mean": 0.00698194047436,
        "median": 0.00509513216093,
        "min": 3.56418877345e-06,
        "var": 4.7748835641e-05
    },
    "spectral_energyband_middle_low": {
        "dmean": 0.00564283132553,
        "dmean2": 0.00976600497961,
        "dvar": 0.000155354457092,
        "dvar2": 0.000442461721832,
        "max": 0.101887613535,
        "mean": 0.0103457123041,
        "median": 0.00674691703171,
        "min": 2.54249312093e-06,
        "var": 0.000147245329572
    },
    "spectral_entropy": {
        "dmean": 0.155241519213,
        "dmean2": 0.237716972828,
        "dvar": 0.0321824103594,
        "dvar2": 0.0784938409925,
        "max": 8.92699241638,
        "mean": 7.85392570496,
        "median": 7.84396791458,
        "min": 6.37482213974,
        "var": 0.156063959002
    },
    "spectral_flux": {
        "dmean": 0.0350797362626,
        "dmean2": 0.0502550452948,
        "dvar": 0.00269052921794,
        "dvar2": 0.00447265570983,
        "max": 0.436323076487,
        "mean": 0.0985597372055,
        "median": 0.0796331390738,
        "min": 0.0021965818014,
        "var": 0.00613421946764
    },
    "spectral_kurtosis": {
        "dmean": 0.942719340324,
        "dmean2": 1.51802504063,
        "dvar": 1.22878706455,
        "dvar2": 3.33149909973,
        "max": 14.9872837067,
        "mean": 2.85093855858,
        "median": 2.67377471924,
        "min": -1.19305217266,
        "var": 2.91909694672
    },
    "spectral_rms": {
        "dmean": 0.00095555203734,
        "dmean2": 0.00137419579551,
        "dvar": 2.31957710639e-06,
        "dvar2": 4.2310284698e-06,
        "max": 0.0145016508177,
        "mean": 0.00534192938358,
        "median": 0.00447157025337,
        "min": 0.000109769585833,
        "var": 1.21870034491e-05
    },
    "spectral_rolloff": {
        "dmean": 1019.527771,
        "dmean2": 1640.26220703,
        "dvar": 2307556,
        "dvar2": 4992776.5,
        "max": 13049.1210938,
        "mean": 2851.99047852,
        "median": 1658.05664062,
        "min": 43.06640625,
        "var": 8130827.5
    },
    "spectral_skewness": {
        "dmean": 0.177594795823,
        "dmean2": 0.274478822947,
        "dvar": 0.0299126561731,
        "dvar2": 0.0733760148287,
        "max": 3.03306293488,
        "mean": 1.35956656933,
        "median": 1.37322568893,
        "min": 0.07397492975,
        "var": 0.122536487877
    },
    "spectral_spread": {
        "dmean": 764457.875,
        "dmean2": 1167390.25,
        "dvar": 751614558208,
        "dvar2": 1.61609141453e+12,
        "max": 13228523,
        "mean": 5753661,
        "median": 5604973,
        "min": 2334717.25,
        "var": 2.97921150976e+12
    },
    "spectral_strongpeak": {
        "dmean": 0.493450820446,
        "dmean2": 0.837118864059,
        "dvar": 0.676523923874,
        "dvar2": 1.61194610596,
        "max": 7.34356784821,
        "mean": 0.843063175678,
        "median": 0.461191594601,
        "min": 0,
        "var": 0.998456597328
    },
    "zerocrossingrate": {
        "dmean": 0.0186363197863,
        "dmean2": 0.0202589444816,
        "dvar": 0.000509523728397,
        "dvar2": 0.000507193850353,
        "max": 0.41064453125,
        "mean": 0.102320790291,
        "median": 0.0791015625,
        "min": 0.00732421875,
        "var": 0.00497310422361
    },
    "barkbands": {
        "dmean": [0.00160992681049, 0.00779347540811, 0.00268784887157, 0.00140366784763, 0.0015339324018, 0.00158680812456, 0.00117421487812, 0.000974199734628, 0.000958436983638, 0.00119172898121, 0.000639004749246, 0.000454250839539, 0.000422567914939, 0.000545962422621, 0.00022242932755, 0.000423107208917, 0.000260688771959, 0.000245766656008, 0.000223458118853, 0.000193341897102, 0.000212810700759, 0.000204881391255, 0.000177025664016, 0.000192199193407, 0.000220307527343, 0.000145529164001, 2.31808741091e-07],
        "dmean2": [0.00195296946913, 0.0109392823651, 0.00502348691225, 0.00254284706898, 0.00285408529453, 0.00265575153753, 0.00186160241719, 0.00157209485769, 0.00147481739987, 0.00171988306101, 0.000991229782812, 0.000712445529643, 0.000690424756613, 0.000883033731952, 0.000375195697416, 0.000693412439432, 0.000431280641351, 0.000419034739025, 0.000378630880732, 0.000324656662997, 0.000366966211004, 0.000344443658832, 0.000289443472866, 0.000314785458613, 0.000345623120666, 0.000232336547924, 4.2134126943e-07],
        "dvar": [1.06627012428e-05, 0.000315360783134, 0.000131871172925, 2.84874367935e-05, 3.06650435959e-05, 8.88957038114e-06, 3.84838222089e-06, 4.6199161261e-06, 2.81352618003e-06, 4.44186980531e-06, 1.80070537681e-06, 1.01048669876e-06, 1.12938369057e-06, 1.3163572703e-06, 2.12596503957e-07, 6.55437645491e-07, 1.57537158429e-07, 1.53862472985e-07, 1.04164307402e-07, 1.71831828766e-07, 3.61313709618e-07, 1.61081544547e-07, 1.40604086596e-07, 1.6004858594e-07, 2.00990427857e-07, 7.58997060757e-08, 8.63264646399e-13],
        "dvar2": [1.41022592288e-05, 0.000615220167674, 0.000383923470508, 8.46243710839e-05, 8.94725017133e-05, 2.41946763708e-05, 8.89409693627e-06, 1.16207329484e-05, 5.96872951064e-06, 8.33951071399e-06, 3.93170148527e-06, 2.4156317977e-06, 2.8430963539e-06, 3.22498067362e-06, 5.39371455943e-07, 1.71595502252e-06, 3.90753712054e-07, 4.29525556456e-07, 2.83892120478e-07, 4.67444948526e-07, 1.02458648144e-06, 4.23622140033e-07, 3.60480868267e-07, 3.98431382109e-07, 4.87897807488e-07, 1.88813601198e-07, 2.37229159927e-12],
        "max": [0.0448187552392, 0.157637238503, 0.0941155925393, 0.0647398754954, 0.0466090403497, 0.0391926877201, 0.0233227591962, 0.0208634641021, 0.0299320053309, 0.0205865297467, 0.0172252766788, 0.013928629458, 0.0148141598329, 0.012094614096, 0.00616346206516, 0.00841417070478, 0.00456729112193, 0.0052594281733, 0.00307612912729, 0.00608628056943, 0.00805406831205, 0.00406518206, 0.00371777242981, 0.00421990826726, 0.005903926678, 0.00252363202162, 1.55088964675e-05],
        "mean": [0.00407611997798, 0.0166924577206, 0.00205449829809, 0.00127808912657, 0.00128615694121, 0.00211748178117, 0.00202517677099, 0.00129595189355, 0.00196255906485, 0.0020484556444, 0.00111310346983, 0.00059219810646, 0.000518996908795, 0.000783073541243, 0.000307841459289, 0.000555380014703, 0.000395011564251, 0.000360544567229, 0.000355114723789, 0.00026630613138, 0.000295097735943, 0.000295702164294, 0.000248877215199, 0.000271148019237, 0.000355005002348, 0.000190779115655, 1.63899869676e-07],
        "median": [0.000119397926028, 0.000636469922028, 0.000175363238668, 0.00022253721545, 0.000355566298822, 0.000813401886262, 0.000510090729222, 0.000218929490075, 0.000420061405748, 0.000632666342426, 0.000167909602169, 0.000188546793652, 0.0001642643183, 0.000191974439076, 0.000142037984915, 0.000212249302422, 0.000208628698601, 0.000223028575419, 0.000220557238208, 0.000160546216648, 0.00018724243273, 0.000166749203345, 0.000114933107398, 0.000121180572023, 0.000181185037945, 6.89600783517e-05, 8.07800493163e-10],
        "min": [1.1486398499e-09, 1.22057985941e-09, 2.09851261368e-10, 1.91046534148e-09, 6.49324221058e-08, 1.08600637816e-07, 1.06573146752e-07, 2.32392892485e-07, 4.33601059058e-07, 8.36763405232e-08, 9.14777800176e-08, 7.20455801684e-08, 1.50999454718e-07, 3.53160238831e-08, 2.18088711534e-08, 7.78230244691e-08, 2.21468834383e-08, 3.89086807218e-08, 2.69159290411e-08, 2.19709281879e-08, 1.12526485907e-08, 1.61700146606e-08, 4.62674165647e-09, 2.83728085471e-09, 5.59004682821e-11, 4.91017599843e-12, 6.77234917451e-12],
        "var": [6.22661900707e-05, 0.000872910255566, 7.50473627704e-05, 1.66755435203e-05, 1.73724802153e-05, 1.10766814032e-05, 9.6432004284e-06, 6.71784664519e-06, 1.31410806716e-05, 1.11610679596e-05, 5.24310144101e-06, 1.39927283271e-06, 1.31086267174e-06, 2.36622759076e-06, 2.68612325272e-07, 8.5113475734e-07, 2.62429210807e-07, 1.98240016402e-07, 1.49962119167e-07, 1.626015802e-07, 2.63588589178e-07, 1.75070837827e-07, 1.72411006361e-07, 2.20097035708e-07, 3.34561889304e-07, 9.34952950615e-08, 5.30191125378e-13]
    },
    "erbbands": {
        "dmean": [0.357425391674, 1.58799266815, 3.16588401794, 4.12728643417, 4.56679868698, 5.31987380981, 8.01915740967, 15.1487998962, 19.2535362244, 14.9023694992, 21.2029743195, 22.3609752655, 32.2068061829, 25.6656494141, 22.8885307312, 18.0810451508, 20.1399726868, 21.6375579834, 20.0099945068, 15.8913660049, 17.6304721832, 14.265411377, 13.4179048538, 13.730474472, 9.04976081848, 8.67719078064, 8.68245601654, 8.5301733017, 7.80553340912, 5.68375492096, 5.00303792953, 4.20571088791, 3.08138990402, 2.4256374836, 1.75733447075, 0.80108076334, 0.255884677172, 0.021032365039, 0.000410425680457, 3.27351881424e-05],
        "dmean2": [0.469401806593, 2.39676713943, 5.64097547531, 7.50991916656, 8.40641021729, 9.86221218109, 13.8531646729, 25.0111885071, 30.4466590881, 23.1348552704, 34.6508865356, 33.693271637, 46.4209251404, 37.5962295532, 35.1490097046, 28.1563739777, 32.0706443787, 35.3609428406, 32.6920852661, 26.3484039307, 28.5700798035, 23.3893413544, 22.9807777405, 23.1647262573, 15.4847698212, 14.5465517044, 14.989821434, 14.50274086, 13.3085336685, 9.39117336273, 8.11330509186, 6.88017463684, 5.04865503311, 3.67424988747, 2.91602611542, 1.30643427372, 0.406366288662, 0.0354680456221, 0.000677824486047, 5.14871935593e-05],
        "dvar": [0.592600941658, 18.5304164886, 158.265853882, 256.993621826, 296.052185059, 370.322387695, 310.308349609, 937.999816895, 1033.21350098, 812.908874512, 2617.4987793, 1715.97680664, 3235.93286133, 2190.75317383, 2460.84301758, 1569.45593262, 2315.6496582, 2200.53271484, 1912.6027832, 827.969787598, 1122.91003418, 483.174041748, 467.402679443, 411.142028809, 233.319351196, 360.373443604, 487.312652588, 460.540496826, 250.587173462, 146.63684082, 101.214408875, 79.5219345093, 42.2824020386, 26.4809379578, 13.3379392624, 2.3432071209, 0.224534362555, 0.00270070647821, 8.84365590537e-07, 3.69339470119e-09],
        "dvar2": [0.978292644024, 40.877456665, 445.743469238, 755.246826172, 871.951171875, 1073.00915527, 846.253417969, 2589.39648438, 2417.51831055, 1768.22680664, 6889.20703125, 3405.87915039, 6592.734375, 4578.24609375, 5304.83105469, 3862.9609375, 5841.76611328, 5754.98242188, 4786.609375, 2190.88427734, 2776.08813477, 1215.3963623, 1279.94824219, 1117.77355957, 643.698059082, 970.774780273, 1360.34838867, 1297.43237305, 664.947387695, 365.831207275, 253.688522339, 200.358947754, 104.907875061, 61.7743873596, 34.726978302, 5.97770118713, 0.544911921024, 0.00707183871418, 2.3034485821e-06, 9.05594355061e-09],
        "max": [8.41114044189, 36.635509491, 116.120422363, 192.220199585, 139.931488037, 152.887832642, 144.760162354, 410.575653076, 376.093292236, 347.079376221, 553.093200684, 841.265563965, 719.311767578, 790.728820801, 841.434570312, 550.682128906, 585.049316406, 573.987915039, 451.58581543, 288.047027588, 365.23550415, 307.174316406, 235.220825195, 213.15725708, 151.086685181, 273.100036621, 225.040634155, 317.091583252, 161.925170898, 159.329071045, 97.9113311768, 105.59047699, 96.9561462402, 82.117149353, 38.6128540039, 14.5804185867, 4.14790439606, 0.898203372955, 0.0147360581905, 0.000694700574968],
        "mean": [0.862801253796, 2.20280647278, 2.58562850952, 3.72197198868, 4.00068378448, 4.2995300293, 8.89986228943, 21.287858963, 32.8102264404, 24.5832691193, 29.1824150085, 47.5649642944, 58.3585586548, 46.0058517456, 41.4247970581, 25.416847229, 26.6657905579, 31.2425174713, 29.4005184174, 23.778301239, 25.0124988556, 22.6494312286, 20.8170413971, 21.5616226196, 14.1009368896, 12.2235326767, 12.1611118317, 11.5595836639, 11.1212568283, 8.05494689941, 7.19022035599, 5.8086476326, 4.48822593689, 3.95364451408, 2.47901916504, 1.05949640274, 0.321110963821, 0.0241867229342, 0.000517305743415, 7.92020800873e-05],
        "median": [0.00919577013701, 0.131020367146, 0.273417174816, 0.61649620533, 1.1609172821, 1.09467506409, 3.23012065887, 8.94705104828, 9.15973949432, 5.53409385681, 8.5532169342, 10.0040683746, 21.7032527924, 18.0008659363, 8.25350570679, 9.20675849915, 8.90612697601, 9.84954357147, 10.3982038498, 12.7420444489, 12.3609399796, 12.977437973, 13.2202415466, 12.5266561508, 9.29711151123, 7.19955730438, 7.45120763779, 7.23196601868, 6.38041973114, 4.21985816956, 3.34933137894, 2.41406035423, 2.20823955536, 2.11301350594, 1.13194823265, 0.445190757513, 0.0911748036742, 0.00473530031741, 0.000158191964147, 4.66716810479e-05],
        "min": [1.22953323967e-07, 2.85456280835e-07, 5.51828122752e-07, 5.47861418454e-06, 2.49612494372e-05, 0.000191613537027, 0.000324443681166, 0.00131192419212, 0.00179172528442, 0.00115954421926, 0.0119160627946, 0.00867151282728, 0.0176451262087, 0.0103093069047, 0.00256819697097, 0.0154086071998, 0.0192395746708, 0.0126122990623, 0.00249070627615, 0.00362509815022, 0.00348622398451, 0.00145599048119, 0.0019126846455, 0.0014475210337, 0.00159178872127, 0.000754317152314, 0.000726490688976, 0.000482927687699, 0.000651610142086, 0.000237448737607, 8.28725387692e-05, 7.74834043114e-05, 1.77185738721e-05, 1.35586140004e-06, 2.95926497529e-07, 5.81254440135e-08, 2.54604834993e-08, 8.66342730887e-09, 9.34646937623e-09, 1.58159458863e-08],
        "var": [2.4355635643, 24.7931671143, 98.9450378418, 155.520843506, 166.716705322, 213.841598511, 282.76675415, 1190.56103516, 2529.29418945, 2006.00732422, 3246.74243164, 8916.18066406, 8074.07519531, 5929.39355469, 7494.21435547, 2228.95019531, 2768.95629883, 3649.90795898, 2728.76538086, 1156.22741699, 1424.59643555, 772.785705566, 613.008972168, 665.831359863, 252.194091797, 348.207946777, 386.993835449, 357.534210205, 258.43069458, 184.444549561, 132.133605957, 109.896110535, 56.9934196472, 44.3883705139, 18.1449565887, 2.96267962456, 0.280214428902, 0.00251589831896, 8.67290907536e-07, 6.45065201255e-09]
    },
    "gfcc": {
        "mean": [8.24737358093, 45.0917434692, -127.805831909, 22.1882171631, -73.2169189453, 18.1948547363, -41.9714202881, 22.8310432434, -23.0890655518, 11.3758335114, -14.3069038391, 8.8099899292, -5.35236501694],
        "cov": [[8424.52050781, 1131.61804199, 1932.08898926, 466.078948975, 1054.07348633, 696.489868164, 475.100952148, 439.963775635, -63.1257781982, 445.599182129, -212.507720947, 142.160797119, -142.471206665], [1131.61804199, 2292.10522461, 326.371704102, 483.911712646, 522.973754883, 143.837677002, 384.463745117, 28.8872108459, 81.5383682251, -281.628875732, -7.29959392548, -276.590667725, 142.518539429], [1932.08898926, 326.371704102, 1156.60986328, 189.898956299, 372.419891357, 205.076385498, 174.458084106, 252.304153442, -15.3401584625, 159.048690796, -95.4487075806, 75.9170455933, -105.683204651], [466.078948975, 483.911712646, 189.898956299, 520.871826172, 275.235595703, 186.689361572, 167.466964722, 27.4129619598, 66.1258544922, -63.0706520081, 7.17451572418, -48.1984672546, 66.8523788452], [1054.07348633, 522.973754883, 372.419891357, 275.235595703, 488.108215332, 250.330078125, 237.139297485, 120.701713562, 44.6590423584, 66.5352249146, -41.0923156738, 11.9530563354, -1.88332974911], [696.489868164, 143.837677002, 205.076385498, 186.689361572, 250.330078125, 356.785400391, 230.106781006, 28.8530197144, 68.5786361694, 72.3927001953, -37.3273468018, 10.0687026978, -24.0388736725], [475.100952148, 384.463745117, 174.458084106, 167.466964722, 237.139297485, 230.106781006, 381.156799316, 65.2064361572, 98.1496734619, 35.8117599487, -17.9028453827, 23.4541034698, -26.9598007202], [439.963775635, 28.8872108459, 252.304153442, 27.4129619598, 120.701713562, 28.8530197144, 65.2064361572, 260.516174316, 36.6856193542, 73.9150161743, 1.63598608971, 51.9412498474, 34.3614082336], [-63.1257781982, 81.5383682251, -15.3401584625, 66.1258544922, 44.6590423584, 68.5786361694, 98.1496734619, 36.6856193542, 151.740753174, 41.165397644, 50.9172744751, 21.9138870239, 16.8612823486], [445.599182129, -281.628875732, 159.048690796, -63.0706520081, 66.5352249146, 72.3927001953, 35.8117599487, 73.9150161743, 41.165397644, 233.667480469, 28.416179657, 109.998443604, -40.7224006653], [-212.507720947, -7.29959392548, -95.4487075806, 7.17451572418, -41.0923156738, -37.3273468018, -17.9028453827, 1.63598608971, 50.9172744751, 28.416179657, 155.603103638, 44.3615951538, 54.1429786682], [142.160797119, -276.590667725, 75.9170455933, -48.1984672546, 11.9530563354, 10.0687026978, 23.4541034698, 51.9412498474, 21.9138870239, 109.998443604, 44.3615951538, 152.092224121, -2.74720358849], [-142.471206665, 142.518539429, -105.683204651, 66.8523788452, -1.88332974911, -24.0388736725, -26.9598007202, 34.3614082336, 16.8612823486, -40.7224006653, 54.1429786682, -2.74720358849, 156.035583496]],
        "icov": [[0.00025248026941, -0.000202034891117, -0.000202688752324, -3.04657241941e-05, -7.32496755518e-06, -0.000352583592758, 0.000211693957681, -0.000101714860648, 0.000344530417351, -0.000418120645918, 0.000164298646268, -0.000279471889371, 8.71217634995e-05], [-0.000202034891117, 0.00200102897361, -0.000707704108208, 0.000533885264304, -0.00208321050741, 0.00188988214359, -0.0020635696128, 0.00126175221521, -0.00098037335556, 0.00163870421238, -0.00126926437952, 0.00356546603143, -0.00205180398189], [-0.000202688752324, -0.000707704108208, 0.00231541483663, -0.000853208650369, 0.000439499533968, -0.000668960914481, 0.000887385802343, -0.00196097884327, 0.000915513955988, -0.000728104088921, 0.000766425975598, -0.00176847178955, 0.00229648710229], [-3.04657241941e-05, 0.000533885264304, -0.000853208650369, 0.00412670290098, -0.00228806911036, -0.000399327313062, -0.000606160669122, 0.00121595140081, -0.00142094609328, 0.00215398822911, -0.00112122704741, 0.00155185523909, -0.00219095358625], [-7.32496755518e-06, -0.00208321050741, 0.000439499533968, -0.00228806911036, 0.00754824932665, -0.00322039285675, 0.000752756895963, -0.00240738131106, 0.00186954450328, -0.00259198946878, 0.00173497025389, -0.00326669728383, 0.00189119577408], [-0.000352583592758, 0.00188988214359, -0.000668960914481, -0.000399327313062, -0.00322039285675, 0.00843748729676, -0.00436252728105, 0.00268322834745, -0.00201381277293, -0.000549990916625, 0.000310930045089, 0.00397901749238, -0.00237748934887], [0.000211693957681, -0.0020635696128, 0.000887385802343, -0.000606160669122, 0.000752756895963, -0.00436252728105, 0.00782000459731, -0.00202812976204, -0.00143895554356, -9.0775974968e-06, 0.00148102326784, -0.00502191856503, 0.00362439523451], [-0.000101714860648, 0.00126175221521, -0.00196097884327, 0.00121595140081, -0.00240738131106, 0.00268322834745, -0.00202812976204, 0.00755966594443, -0.00225698645227, -8.82687309058e-05, 0.000192915700609, 0.00174718024209, -0.00454063806683], [0.000344530417351, -0.00098037335556, 0.000915513955988, -0.00142094609328, 0.00186954450328, -0.00201381277293, -0.00143895554356, -0.00225698645227, 0.0114143798128, -0.00292739039287, -0.00248273462057, -0.00081382424105, 0.00124933710322], [-0.000418120645918, 0.00163870421238, -0.000728104088921, 0.00215398822911, -0.00259198946878, -0.000549990916625, -9.0775974968e-06, -8.82687309058e-05, -0.00292739039287, 0.0109796887264, -0.00252983323298, -0.00208121351898, 0.000630344147794], [0.000164298646268, -0.00126926437952, 0.000766425975598, -0.00112122704741, 0.00173497025389, 0.000310930045089, 0.00148102326784, 0.000192915700609, -0.00248273462057, -0.00252983323298, 0.0110268332064, -0.00471067195758, -0.00171004456934], [-0.000279471889371, 0.00356546603143, -0.00176847178955, 0.00155185523909, -0.00326669728383, 0.00397901749238, -0.00502191856503, 0.00174718024209, -0.00081382424105, -0.00208121351898, -0.00471067195758, 0.0177798941731, -0.00456092413515], [8.71217634995e-05, -0.00205180398189, 0.00229648710229, -0.00219095358625, 0.00189119577408, -0.00237748934887, 0.00362439523451, -0.00454063806683, 0.00124933710322, 0.000630344147794, -0.00171004456934, -0.00456092413515, 0.0126817813143]]
    },
    "melbands": {
        "dmean": [0.00251804571599, 0.00167878123466, 0.000724572571926, 0.000353589974111, 0.000269846554147, 0.000334592012223, 0.000268295465503, 0.000172541214852, 0.000179879498319, 0.000140752890729, 0.00017086720618, 0.000118906806165, 7.49835526221e-05, 4.29247083957e-05, 6.28966299701e-05, 4.14865098719e-05, 4.44614051958e-05, 3.98574775318e-05, 1.7192798623e-05, 3.52253700839e-05, 1.7734901121e-05, 1.6326437617e-05, 1.25401847981e-05, 1.21456359921e-05, 1.19808901218e-05, 7.31576301405e-06, 7.08079232936e-06, 5.9252124629e-06, 5.0712974371e-06, 5.99660779699e-06, 4.98482950206e-06, 4.65335733679e-06, 3.78255936084e-06, 3.23388576362e-06, 3.18340266858e-06, 2.81931920654e-06, 2.61570289695e-06, 2.27058944802e-06, 2.1495798137e-06, 2.16744911086e-06],
        "dmean2": [0.0033702692017, 0.00276998057961, 0.00131210149266, 0.000656980497297, 0.000472640327644, 0.000552408164367, 0.000424454658059, 0.000268877774943, 0.000292363896733, 0.000208883284358, 0.00024565984495, 0.000170198851265, 0.000117076175229, 6.7787230364e-05, 9.75892980932e-05, 6.81541350787e-05, 7.24374549463e-05, 6.4825246227e-05, 2.84730631392e-05, 5.85724119446e-05, 2.89029612759e-05, 2.69758747891e-05, 2.08476922126e-05, 2.06173408515e-05, 2.03040453925e-05, 1.23474792417e-05, 1.2315847016e-05, 9.87935072772e-06, 8.59287865751e-06, 1.05704548332e-05, 8.4780058387e-06, 7.92642003944e-06, 6.33968602415e-06, 5.45627563042e-06, 5.18988645126e-06, 4.66047322334e-06, 4.35395031673e-06, 3.74444380213e-06, 3.50865138898e-06, 3.27957991431e-06],
        "dvar": [2.91332034976e-05, 3.19674109051e-05, 7.76067827246e-06, 1.72891714101e-06, 4.18839078975e-07, 4.08635173699e-07, 1.98047558797e-07, 1.13974657268e-07, 1.8152859127e-07, 7.10887846367e-08, 9.08309587544e-08, 4.18051406825e-08, 2.39183055584e-08, 7.01327618202e-09, 2.32082832952e-08, 1.43989877799e-08, 8.91241214163e-09, 8.36025293438e-09, 9.92656956633e-10, 5.11118525282e-09, 1.29845445507e-09, 6.43509190379e-10, 4.42442166237e-10, 3.95147831123e-10, 3.14615722363e-10, 1.30925090214e-10, 2.50556048131e-10, 1.42481165755e-10, 1.21791521313e-10, 3.41415534733e-10, 1.1890900764e-10, 8.92180149203e-11, 5.55903795219e-11, 6.00331312439e-11, 4.36008312787e-11, 2.97915407621e-11, 3.17172642317e-11, 2.13977169317e-11, 2.11763766245e-11, 2.09317424504e-11],
        "dvar2": [5.13872619194e-05, 8.12094949652e-05, 2.2778443963e-05, 5.04522586198e-06, 1.17414390388e-06, 1.12725558665e-06, 4.7144416726e-07, 2.49004159514e-07, 4.70291922738e-07, 1.34678970198e-07, 1.81651898856e-07, 8.43492529157e-08, 5.33036761396e-08, 1.57431703229e-08, 5.61927890885e-08, 3.56802303259e-08, 2.26740954901e-08, 2.024123269e-08, 2.34445129976e-09, 1.37826718927e-08, 3.05199887585e-09, 1.62714941521e-09, 1.16301945852e-09, 1.10258890906e-09, 8.51740289409e-10, 3.56085050335e-10, 7.14391878986e-10, 3.68744423884e-10, 3.30823479722e-10, 9.80649228488e-10, 3.26024929276e-10, 2.40176906141e-10, 1.43191999924e-10, 1.55561480364e-10, 1.10639934714e-10, 7.85936246639e-11, 7.65364022159e-11, 5.27482363344e-11, 5.31846615359e-11, 4.84905691989e-11],
        "max": [0.055117495358, 0.0534259416163, 0.0322129502892, 0.01095674932, 0.00546540133655, 0.00878995098174, 0.00541981589049, 0.00420072069392, 0.00467107910663, 0.0057759070769, 0.00356691423804, 0.00290389033034, 0.00231891125441, 0.000974112248514, 0.00265898462385, 0.00169088039547, 0.00132207223214, 0.00102677254472, 0.000523836934008, 0.000832853722386, 0.000398142321501, 0.000353109615389, 0.000266607938102, 0.000282973807771, 0.00020243722247, 0.000143562880112, 0.000238911088672, 0.000152422275278, 0.000117009687528, 0.000258318003034, 0.000143467579619, 0.000106159830466, 8.43007146614e-05, 9.18889782042e-05, 6.34243915556e-05, 4.97353175888e-05, 6.82101672282e-05, 5.90283234487e-05, 8.22456422611e-05, 6.92690955475e-05],
        "mean": [0.00605522003025, 0.00185469596181, 0.000658576667774, 0.000291016564006, 0.000289432442514, 0.000483879906824, 0.000455348956166, 0.000264115427854, 0.000251840654528, 0.00029747505323, 0.000301952881273, 0.00020728407253, 0.000131351669552, 6.79564109305e-05, 8.1056568888e-05, 4.90837046527e-05, 6.35983014945e-05, 5.56566774321e-05, 2.42614896706e-05, 4.52195490652e-05, 2.39778837567e-05, 2.42636997427e-05, 1.92151564988e-05, 1.74420201802e-05, 1.78856280399e-05, 1.11523904707e-05, 9.0717430794e-06, 8.0687668742e-06, 7.10913036528e-06, 7.47695094105e-06, 6.54429277347e-06, 6.35421520201e-06, 5.27120118932e-06, 4.28481871495e-06, 4.24209338235e-06, 3.90781951864e-06, 3.35212371283e-06, 3.1203924209e-06, 3.12500606015e-06, 3.40470000992e-06],
        "median": [0.000135900423629, 0.000157254238729, 0.000134538160637, 7.80652626418e-05, 0.000101495301351, 0.000223889335757, 0.000127991675981, 3.4169992432e-05, 7.09714950062e-05, 5.26205294591e-05, 9.39685560297e-05, 7.10115637048e-05, 2.29441920965e-05, 1.9040198822e-05, 2.36592823057e-05, 1.3209338249e-05, 1.72854161065e-05, 1.52341926878e-05, 1.12805928438e-05, 1.58482562256e-05, 1.12101934064e-05, 1.29069476316e-05, 1.08753283712e-05, 1.04713781184e-05, 9.49146851781e-06, 7.45493798604e-06, 5.15661895406e-06, 4.1836337914e-06, 4.40013263869e-06, 4.30156615039e-06, 3.9830656533e-06, 3.65724508811e-06, 2.78418838207e-06, 1.94507379092e-06, 1.87965986242e-06, 1.68122130617e-06, 1.32659533847e-06, 1.50924597619e-06, 1.58488433044e-06, 1.74342665105e-06],
        "min": [1.01782549056e-09, 1.48802609123e-10, 1.45276823904e-09, 6.45461994964e-09, 1.23111671968e-08, 2.82174621447e-08, 2.49404088493e-08, 1.26422552427e-08, 6.84052139377e-08, 4.79449937529e-08, 6.11907964299e-08, 9.86775461342e-09, 8.30078938918e-09, 2.42207569556e-08, 1.55165675864e-08, 9.71537517103e-09, 6.86033008179e-09, 4.13002210209e-09, 1.86771997868e-09, 2.43094877561e-09, 2.38969266597e-09, 9.57861345796e-10, 2.58146215515e-09, 1.36417388497e-09, 1.1100511621e-09, 1.11838072137e-09, 1.04641495469e-09, 3.82662346254e-10, 5.35552602265e-10, 2.96649788067e-10, 2.90625995492e-10, 4.50791348694e-10, 1.27644464443e-10, 1.30607857862e-10, 3.88552523489e-11, 4.83217736658e-11, 1.96803510988e-11, 2.0370083658e-12, 3.91695207627e-14, 5.84194042967e-13],
