{
"highlevel": {
    "danceability": {
        "all": {
            "danceable": 0.820196032524,
            "not_danceable": 0.179803937674
        },
        "probability": 0.820196032524,
        "value": "danceable"
    },
    "gender": {
        "all": {
            "female": 0.0405894815922,
            "male": 0.959410488605
        },
        "probability": 0.959410488605,
        "value": "male"
    },
    "genre_dortmund": {
        "all": {
            "alternative": 0.0763401389122,
            "blues": 0.243364840746,
            "electronic": 0.00737606408074,
            "folkcountry": 0.263012617826,
            "funksoulrnb": 0.0130008058622,
            "jazz": 0.0315889194608,
            "pop": 0.0643587782979,
            "raphiphop": 0.0139892715961,
            "rock": 0.286968559027
        },
        "probability": 0.286968559027,
        "value": "rock"
    },
    "genre_electronic": {
        "all": {
            "ambient": 0.502188801765,
            "dnb": 0.128687217832,
            "house": 0.190536975861,
            "techno": 0.0173564422876,
            "trance": 0.161230564117
        },
        "probability": 0.502188801765,
        "value": "ambient"
    },
    "genre_rosamerica": {
        "all": {
            "cla": 0.0564574673772,
            "dan": 0.0177814289927,
            "hip": 0.0384699031711,
            "jaz": 0.0293173957616,
            "pop": 0.386169552803,
            "rhy": 0.123142026365,
            "roc": 0.322892695665,
            "spe": 0.0257695373148
        },
        "probability": 0.386169552803,
        "value": "pop"
    },
    "genre_tzanetakis": {
        "all": {
            "blu": 0.0626613423228,
            "cla": 0.0348169617355,
            "cou": 0.104475811124,
            "dis": 0.0784321576357,
            "hip": 0.15692435205,
            "jaz": 0.313974827528,
            "met": 0.0448166541755,
            "pop": 0.0627359300852,
            "reg": 0.0627360641956,
            "roc": 0.0784258767962
        },
        "probability": 0.313974827528,
        "value": "jaz"
    },
    "ismir04_rhythm": {
        "all": {
            "ChaChaCha": 0.571787655354,
            "Jive": 0.111059732735,
            "Quickstep": 0.0815720185637,
            "Rumba-American": 0.00878408271819,
            "Rumba-International": 0.0192088279873,
            "Rumba-Misc": 0.00866791047156,
            "Samba": 0.0356614515185,
            "Tango": 0.0509607866406,
            "VienneseWaltz": 0.106104709208,
            "Waltz": 0.00619284855202
        },
        "probability": 0.571787655354,
        "value": "ChaChaCha"
    },
    "mood_acoustic": {
        "all": {
            "acoustic": 0.343163400888,
            "not_acoustic": 0.656836569309
        },
        "probability": 0.656836569309,
        "value": "not_acoustic"
    },
    "mood_aggressive": {
        "all": {
            "aggressive": 0.246778547764,
            "not_aggressive": 0.753221452236
        },
        "probability": 0.753221452236,
        "value": "not_aggressive"
    },
    "mood_electronic": {
        "all": {
            "electronic": 0.0463494025171,
            "not_electronic": 0.953650593758
        },
        "probability": 0.953650593758,
        "value": "not_electronic"
    },
    "mood_happy": {
        "all": {
            "happy": 0.867385089397,
            "not_happy": 0.132614925504
        },
        "probability": 0.867385089397,
        "value": "happy"
    },
    "mood_party": {
        "all": {
            "not_party": 0.641897976398,
            "party": 0.358101993799
        },
        "probability": 0.641897976398,
        "value": "not_party"
    },
    "mood_relaxed": {
        "all": {
            "not_relaxed": 0.812197208405,
            "relaxed": 0.187802791595
        },
        "probability": 0.812197208405,
        "value": "not_relaxed"
    },
    "mood_sad": {
        "all": {
            "not_sad": 0.59133630991,
            "sad": 0.40866369009
        },
        "probability": 0.59133630991,
        "value": "not_sad"
    },
    "moods_mirex": {
        "all": {
            "Cluster1": 0.101497799158,
            "Cluster2": 0.225945681334,
            "Cluster3": 0.352365553379,
            "Cluster4": 0.291085988283,
            "Cluster5": 0.0291049759835
        },
        "probability": 0.352365553379,
        "value": "Cluster3"
    },
    "timbre": {
        "all": {
            "bright": 0.847377598286,
            "dark": 0.152622386813
        },
        "probability": 0.847377598286,
        "value": "bright"
    },
    "tonal_atonal": {
        "all": {
            "atonal": 0.107150495052,
            "tonal": 0.892849504948
        },
        "probability": 0.892849504948,
        "value": "tonal"
    },
    "voice_instrumental": {
        "all": {
            "instrumental": 0.025627007708,
            "voice": 0.974372982979
        },
        "probability": 0.974372982979,
        "value": "voice"
    }
},
"lowlevel": {
    "average_loudness": 0.953132808208,
    "barkbands_crest": {
        "dmean": 2.38963770866,
        "dmean2": 3.74993014336,
        "dvar": 5.48935890198,
        "dvar2": 12.2324333191,
        "max": 25.1990604401,
        "mean": 9.34768104553,
        "median": 8.16946697235,
        "min": 2.70995020866,
        "var": 19.1490802765
    },
    "barkbands_flatness_db": {
        "dmean": 0.0191559195518,
        "dmean2": 0.0276911798865,
        "dvar": 0.000315848214086,
        "dvar2": 0.000663446087856,
        "max": 0.364327430725,
        "mean": 0.151049613953,
        "median": 0.143511071801,
        "min": 0.0629668459296,
        "var": 0.00250643026084
    },
    "barkbands_kurtosis": {
        "dmean": 1.7942237854,
        "dmean2": 2.74785518646,
        "dvar": 12.4885168076,
        "dvar2": 27.607011795,
        "max": 49.8005027771,
        "mean": 1.5406588316,
        "median": -0.276650428772,
        "min": -1.86750924587,
        "var": 32.6741142273
    },
    "barkbands_skewness": {
        "dmean": 0.485344797373,
        "dmean2": 0.731190681458,
        "dvar": 0.242958664894,
        "dvar2": 0.509264647961,
        "max": 6.3400144577,
        "mean": 0.771742939949,
        "median": 0.591837584972,
        "min": -3.27819705009,
        "var": 1.43247258663
    },
    "barkbands_spread": {
        "dmean": 6.12902879715,
        "dmean2": 9.17924594879,
        "dvar": 52.9901733398,
        "dvar2": 109.377792358,
        "max": 93.197555542,
        "mean": 28.2572383881,
        "median": 26.4257221222,
        "min": 0.93546038866,
        "var": 232.092178345
    },
    "dissonance": {
        "dmean": 0.0167647842318,
        "dmean2": 0.0272546447814,
        "dvar": 0.000327918096446,
        "dvar2": 0.000839659245685,
        "max": 0.499721318483,
        "mean": 0.461103945971,
        "median": 0.469951570034,
        "min": 0.286000967026,
        "var": 0.00101433775853
    },
    "dynamic_complexity": 2.82239627838,
    "erbbands_crest": {
        "dmean": 2.85553956032,
        "dmean2": 4.32595014572,
        "dvar": 6.86520624161,
        "dvar2": 16.0209007263,
        "max": 29.1240291595,
        "mean": 11.2242555618,
        "median": 10.307141304,
        "min": 2.88793206215,
        "var": 23.513217926
    },
    "erbbands_flatness_db": {
        "dmean": 0.0169503744692,
        "dmean2": 0.0233452301472,
        "dvar": 0.000248736818321,
        "dvar2": 0.000470534956548,
        "max": 0.361385166645,
        "mean": 0.18191100657,
        "median": 0.178326815367,
        "min": 0.0839185491204,
        "var": 0.00216609262861
    },
    "erbbands_kurtosis": {
        "dmean": 1.24461269379,
        "dmean2": 1.87527358532,
        "dvar": 5.91241645813,
        "dvar2": 14.2319221497,
        "max": 58.9261703491,
        "mean": 1.36503243446,
        "median": 0.397869825363,
        "min": -1.70813035965,
        "var": 11.6755638123
    },
    "erbbands_skewness": {
        "dmean": 0.351683497429,
        "dmean2": 0.502034366131,
        "dvar": 0.128027811646,
        "dvar2": 0.255227446556,
        "max": 6.09001731873,
        "mean": -0.179542154074,
        "median": -0.182637259364,
        "min": -3.43463683128,
        "var": 0.827250182629
    },
    "erbbands_spread": {
        "dmean": 6.70616817474,
        "dmean2": 9.95845985413,
        "dvar": 55.9020881653,
        "dvar2": 116.188720703,
        "max": 112.451713562,
        "mean": 30.3365001678,
        "median": 26.5226421356,
        "min": 2.18177318573,
        "var": 265.767822266
    },
    "hfc": {
        "dmean": 7.40269374847,
        "dmean2": 9.55614471436,
        "dvar": 131.335952759,
        "dvar2": 227.53604126,
        "max": 195.87260437,
        "mean": 25.920135498,
        "median": 19.4237861633,
        "min": 0.589898824692,
        "var": 599.013793945
    },
    "melbands_crest": {
        "dmean": 3.26135325432,
        "dmean2": 5.13876962662,
        "dvar": 8.67071533203,
        "dvar2": 18.545583725,
        "max": 32.03074646,
        "mean": 14.556687355,
        "median": 13.1811103821,
        "min": 3.49877142906,
        "var": 38.7714004517
    },
    "melbands_flatness_db": {
        "dmean": 0.0240121353418,
        "dmean2": 0.0345837920904,
        "dvar": 0.000530482793692,
        "dvar2": 0.00103479076643,
        "max": 0.415677905083,
        "mean": 0.177952215075,
        "median": 0.165527909994,
        "min": 0.0245262980461,
        "var": 0.00452802330256
    },
    "melbands_kurtosis": {
        "dmean": 4.62198781967,
        "dmean2": 7.2163438797,
        "dvar": 77.0306091309,
        "dvar2": 173.932891846,
        "max": 143.157669067,
        "mean": 7.39863395691,
        "median": 2.20764636993,
        "min": -1.800532341,
        "var": 267.204193115
    },
    "melbands_skewness": {
        "dmean": 0.650289297104,
        "dmean2": 0.997942268848,
        "dvar": 0.504046618938,
        "dvar2": 1.10202765465,
        "max": 10.7774410248,
        "mean": 1.88949477673,
        "median": 1.46768903732,
        "min": -0.921525061131,
        "var": 2.81755685806
    },
    "melbands_spread": {
        "dmean": 9.35114192963,
        "dmean2": 13.825044632,
        "dvar": 165.847122192,
        "dvar2": 292.817260742,
        "max": 242.338439941,
        "mean": 37.9416809082,
        "median": 32.6915931702,
        "min": 1.6308054924,
        "var": 825.048217773
    },
    "pitch_salience": {
        "dmean": 0.0671093836427,
        "dmean2": 0.105026915669,
        "dvar": 0.00359723321162,
        "dvar2": 0.00813634693623,
        "max": 0.836969733238,
        "mean": 0.485957533121,
        "median": 0.483842492104,
        "min": 0.089380338788,
        "var": 0.0147498650476
    },
    "silence_rate_20dB": {
        "dmean": 0,
        "dmean2": 0,
        "dvar": 0,
        "dvar2": 0,
        "max": 1,
        "mean": 1,
        "median": 1,
        "min": 1,
        "var": 0
    },
    "silence_rate_30dB": {
        "dmean": 0,
        "dmean2": 0,
        "dvar": 0,
        "dvar2": 0,
        "max": 1,
        "mean": 1,
        "median": 1,
        "min": 1,
        "var": 0
    },
    "silence_rate_60dB": {
        "dmean": 0.0247678011656,
        "dmean2": 0.0495739728212,
        "dvar": 0.0241545923054,
        "dvar2": 0.0486650280654,
        "max": 1,
        "mean": 0.0433101318777,
        "median": 0,
        "min": 0,
        "var": 0.0414345897734
    },
    "spectral_centroid": {
        "dmean": 222.588424683,
        "dmean2": 316.940704346,
        "dvar": 64467.578125,
        "dvar2": 119559.179688,
        "max": 5081.27001953,
        "mean": 1640.50463867,
        "median": 1581.28051758,
        "min": 277.94052124,
        "var": 489490.21875
    },
    "spectral_complexity": {
        "dmean": 3.10371518135,
        "dmean2": 4.22927951813,
        "dvar": 12.9737491608,
        "dvar2": 20.2525367737,
        "max": 54,
        "mean": 17.5522041321,
        "median": 17,
        "min": 1,
        "var": 75.8791427612
    },
    "spectral_decrease": {
        "dmean": 1.43897649352e-09,
        "dmean2": 1.97855509754e-09,
        "dvar": 2.40305108292e-18,
        "dvar2": 4.83678436272e-18,
        "max": -1.28490190709e-10,
        "mean": -5.53702239614e-09,
        "median": -5.0491584247e-09,
        "min": -2.15148752147e-08,
        "var": 1.31862160121e-17
    },
    "spectral_energy": {
        "dmean": 0.00588576542214,
        "dmean2": 0.00798515137285,
        "dvar": 3.89845845348e-05,
        "dvar2": 7.73228312028e-05,
        "max": 0.083627037704,
        "mean": 0.0232490319759,
        "median": 0.0212459918112,
        "min": 0.000538457010407,
        "var": 0.000226390213356
    },
    "spectral_energyband_high": {
        "dmean": 0.000587886723224,
        "dmean2": 0.000727291393559,
        "dvar": 1.78628681624e-06,
        "dvar2": 3.08019548356e-06,
        "max": 0.0212354566902,
        "mean": 0.0011094667716,
        "median": 0.00032281462336,
        "min": 2.0362201667e-06,
        "var": 5.00987243868e-06
    },
    "spectral_energyband_low": {
        "dmean": 0.00320412009023,
        "dmean2": 0.00486286124215,
        "dvar": 2.27691307373e-05,
        "dvar2": 4.97042383358e-05,
        "max": 0.0677140578628,
        "mean": 0.00712006026879,
        "median": 0.00385442259721,
        "min": 0.000104904771433,
        "var": 6.87625288265e-05
    },
    "spectral_energyband_middle_high": {
        "dmean": 0.00241242279299,
        "dmean2": 0.0035232109949,
        "dvar": 1.34303218147e-05,
        "dvar2": 3.41526283592e-05,
        "max": 0.0557790957391,
        "mean": 0.00808820221573,
        "median": 0.00546189164743,
        "min": 5.06872456754e-05,
        "var": 6.61887097522e-05
    },
    "spectral_energyband_middle_low": {
        "dmean": 0.00240605813451,
        "dmean2": 0.00337937404402,
        "dvar": 9.67968389887e-06,
        "dvar2": 1.68477326952e-05,
        "max": 0.0483046285808,
        "mean": 0.00771506456658,
        "median": 0.00603294745088,
        "min": 0.000208860976272,
        "var": 4.80295639136e-05
    },
    "spectral_entropy": {
        "dmean": 0.161706224084,
        "dmean2": 0.201481536031,
        "dvar": 0.0260691829026,
        "dvar2": 0.0402761660516,
        "max": 8.68739700317,
        "mean": 7.49487400055,
        "median": 7.50949716568,
        "min": 5.23262166977,
        "var": 0.273395270109
    },
    "spectral_flux": {
        "dmean": 0.0199779868126,
        "dmean2": 0.0303233973682,
        "dvar": 0.000337545730872,
        "dvar2": 0.000767512596212,
        "max": 0.228397428989,
        "mean": 0.0737342238426,
        "median": 0.0673453211784,
        "min": 0.0104768015444,
        "var": 0.00131834438071
    },
    "spectral_kurtosis": {
        "dmean": 1.72625994682,
        "dmean2": 2.86027479172,
        "dvar": 4.67123889923,
        "dvar2": 13.3537626266,
        "max": 37.981590271,
        "mean": 4.60786914825,
        "median": 3.6786031723,
        "min": -0.704592466354,
        "var": 20.2172584534
    },
    "spectral_rms": {
        "dmean": 0.000611976196524,
        "dmean2": 0.00081136537483,
        "dvar": 3.2540964412e-07,
        "dvar2": 5.54685982479e-07,
        "max": 0.00903257168829,
        "mean": 0.00448303576559,
        "median": 0.00455277925357,
        "min": 0.000724792305846,
        "var": 2.58440536527e-06
    },
    "spectral_rolloff": {
        "dmean": 557.647766113,
        "dmean2": 903.678955078,
        "dvar": 1005568.6875,
        "dvar2": 2098183.5,
        "max": 10314.4042969,
        "mean": 2086.17456055,
        "median": 1744.18945312,
        "min": 107.666015625,
        "var": 3041990
    },
    "spectral_skewness": {
        "dmean": 0.219365224242,
        "dmean2": 0.341479301453,
        "dvar": 0.0474187470973,
        "dvar2": 0.117465771735,
        "max": 4.90898132324,
        "mean": 1.49338841438,
        "median": 1.42333257198,
        "min": 0.177535042167,
        "var": 0.35775539279
    },
    "spectral_spread": {
        "dmean": 502252.46875,
        "dmean2": 686041.25,
        "dvar": 511956647936,
        "dvar2": 800544980992,
        "max": 17331376,
        "mean": 4282700,
        "median": 3934140.75,
        "min": 1859032.375,
        "var": 2.16770451866e+12
    },
    "spectral_strongpeak": {
        "dmean": 0.887346029282,
        "dmean2": 1.50150191784,
        "dvar": 2.30436992645,
        "dvar2": 5.589448452,
        "max": 14.2679309845,
        "mean": 1.53613889217,
        "median": 0.611717820168,
        "min": 0.0188009124249,
        "var": 4.36804294586
    },
    "zerocrossingrate": {
        "dmean": 0.0116851143539,
        "dmean2": 0.0123458374292,
        "dvar": 0.000222194299567,
        "dvar2": 0.000199903239263,
        "max": 0.36767578125,
        "mean": 0.0718985646963,
        "median": 0.0634765625,
        "min": 0.0048828125,
        "var": 0.00209415657446
    },
    "barkbands": {
        "dmean": [1.74192682607e-05, 0.00231396290474, 0.00119603634812, 0.000629741814919, 0.000410896900576, 0.00074516213499, 0.000815999694169, 0.000618028629106, 0.000492644263431, 0.000355373776983, 0.000387536099879, 0.000266782008111, 0.000673252448905, 0.000654823204968, 0.000821094668936, 0.000497910368722, 0.000355389260221, 0.000255761871813, 0.000133371868287, 9.60745528573e-05, 8.08747281553e-05, 0.000189909987967, 0.000164818426128, 0.000111454930448, 6.28882844467e-05, 1.6632156985e-05, 1.0600433864e-09],
        "dmean2": [2.64824047918e-05, 0.00347230932675, 0.0019518614281, 0.0010419965256, 0.000664956169203, 0.00106674944982, 0.00103628810029, 0.000870105286594, 0.000682451180182, 0.000496163032949, 0.000609679613262, 0.000419404968852, 0.00105180928949, 0.000955957104452, 0.0012917307904, 0.000744986580685, 0.00054258632008, 0.000383360718843, 0.000196731227334, 0.000143377110362, 0.000118417367048, 0.000266537448624, 0.000231632118812, 0.00015056526172, 8.81894302438e-05, 2.30054974963e-05, 1.87652582362e-09],
        "dvar": [1.58420798702e-09, 1.85560402315e-05, 2.13110365621e-06, 8.19024421617e-07, 5.09528774728e-07, 2.33379569181e-06, 5.95748088017e-06, 1.61469165505e-06, 1.53320297613e-06, 5.02108946421e-07, 2.5203282803e-06, 4.57717248992e-07, 3.59131331606e-06, 2.08849564842e-06, 3.76781804334e-06, 1.87151397313e-06, 1.00448050944e-06, 2.61153246583e-07, 6.36808579202e-08, 2.97168192276e-08, 2.76143055089e-08, 2.49742186043e-07, 2.04557110806e-07, 6.95634909675e-08, 8.672424201e-08, 3.92008692174e-09, 8.23106499882e-18],
        "dvar2": [3.38481487283e-09, 4.10096799897e-05, 5.36707966603e-06, 2.23503457164e-06, 1.2201884374e-06, 5.24659117218e-06, 8.16477222543e-06, 2.99909765999e-06, 2.54408223554e-06, 9.9613725979e-07, 7.49923356125e-06, 9.21412947719e-07, 1.01631458165e-05, 4.88000432597e-06, 8.97051359061e-06, 4.4723828978e-06, 2.10462235373e-06, 5.538047958e-07, 1.37069676498e-07, 5.86055008966e-08, 5.12729982916e-08, 5.13777308697e-07, 4.35770630247e-07, 1.28781309172e-07, 1.59630218377e-07, 8.19457834922e-09, 1.17872343934e-17],
        "max": [0.000438695482444, 0.0580746307969, 0.0204004887491, 0.0102084027603, 0.0117379315197, 0.0259166508913, 0.0452854074538, 0.0193378776312, 0.0199088323861, 0.0103751309216, 0.0336331874132, 0.0113094141707, 0.0386058688164, 0.0259561911225, 0.0423926562071, 0.0233022905886, 0.0234704446048, 0.00839550234377, 0.00457636453211, 0.00314929359592, 0.00247953133658, 0.00623113941401, 0.00671325903386, 0.00500917760655, 0.00831874180585, 0.00142967142165, 6.90701398298e-08],
        "mean": [2.01873372134e-05, 0.0040878993459, 0.00237819761969, 0.000963493075687, 0.000738850212656, 0.00141243601684, 0.00179398548789, 0.00143336993642, 0.00108322000597, 0.000797080050688, 0.000568427320104, 0.000473540567327, 0.00114307599142, 0.00124241004232, 0.00136949657463, 0.000906474539079, 0.000721298158169, 0.000584342516959, 0.000306313217152, 0.000217895052629, 0.000158648370416, 0.000301301392028, 0.000239538319875, 0.000189809128642, 9.64019418461e-05, 2.13479015656e-05, 8.59454840629e-10],
        "median": [2.98168470181e-06, 0.00137414445635, 0.00133176345844, 0.000499424873851, 0.000462614872959, 0.000498321722262, 0.000120161792438, 0.000170797356986, 0.00025171841844, 0.000229145836784, 0.000102702659206, 0.00012604832591, 0.000368723936845, 0.00025729459594, 0.000496995809954, 0.000264992937446, 0.000213826424442, 0.000205397416721, 0.000131727880216, 9.58180535235e-05, 6.58780627418e-05, 6.08453519817e-05, 4.132959657e-05, 4.25932848884e-05, 1.35001773742e-05, 1.90573427972e-06, 2.85529766497e-10],
        "min": [7.46007522423e-09, 2.93109178529e-06, 2.11743245018e-05, 8.41927339934e-06, 1.19092319437e-05, 9.92643208519e-07, 6.9105391276e-07, 2.08208325603e-06, 6.97973518982e-06, 1.39662734e-06, 9.07886487767e-07, 3.07526192955e-07, 1.63076879289e-06, 1.12311124667e-06, 1.40355041367e-06, 1.38367579439e-06, 8.09120308531e-07, 4.45536159077e-07, 2.85876041062e-07, 2.7764775723e-07, 1.90477877027e-07, 2.76791155329e-07, 3.21993070429e-07, 4.73635338949e-07, 2.13304545582e-07, 2.3697438678e-08, 1.36445767879e-11],
        "var": [2.10960071634e-09, 3.97216354031e-05, 8.64579942572e-06, 1.53178734763e-06, 8.60055592966e-07, 6.29109172223e-06, 2.70911641564e-05, 6.81919709677e-06, 5.57217890673e-06, 2.30728574024e-06, 3.32151626026e-06, 1.11481153908e-06, 6.33306535747e-06, 6.54839777781e-06, 7.5159446169e-06, 4.18224453824e-06, 3.05692765323e-06, 8.71213217124e-07, 2.11841353348e-07, 1.04354192842e-07, 6.45637499019e-08, 5.00195824316e-07, 3.60033851621e-07, 1.79121499855e-07, 1.74319183088e-07, 5.7729558911e-09, 7.99032235334e-18]
    },
    "erbbands": {
        "dmean": [0.0478376075625, 0.587739527225, 1.43029904366, 1.64703595638, 1.17084217072, 1.57890033722, 2.64578771591, 8.48563957214, 13.2817516327, 7.55771160126, 14.9674577713, 12.2744293213, 9.41269397736, 9.32649517059, 18.8133068085, 12.1212406158, 28.9362640381, 31.2497158051, 46.5330581665, 26.4900627136, 18.8106517792, 15.4929695129, 14.5009355545, 7.72301006317, 5.88312911987, 4.47255420685, 2.95154118538, 4.45757913589, 8.27905368805, 4.64433908463, 4.78220415115, 2.54515004158, 1.76335191727, 0.8514726758, 0.391073912382, 0.116391904652, 0.0210026092827, 0.000733374152333, 2.58970612776e-05, 9.12636915018e-06],
        "dmean2": [0.0692698359489, 0.898491799831, 2.30486249924, 2.74115347862, 1.889351964, 2.56427001953, 4.15145921707, 12.1005220413, 16.6560935974, 10.0476036072, 20.668844223, 17.2231273651, 13.388759613, 13.7017621994, 29.5900707245, 19.0268135071, 45.1240615845, 45.255947113, 71.3427581787, 41.0367622375, 28.3764343262, 23.1969833374, 21.8853988647, 11.0701904297, 8.81547832489, 6.48301792145, 4.34403610229, 6.29994821548, 11.8953485489, 6.41475152969, 6.71136713028, 3.46163225174, 2.34792375565, 1.16569125652, 0.573939919472, 0.156958833337, 0.0291314832866, 0.00101442204323, 3.29330214299e-05, 1.19559117593e-05],
        "dvar": [0.0116463257, 1.12287044525, 3.49291419983, 4.78145980835, 3.49521970749, 8.70525550842, 16.0421905518, 346.864898682, 1493.40722656, 213.830154419, 1004.55059814, 1103.97021484, 416.324005127, 499.666168213, 5725.890625, 843.774597168, 7866.33691406, 3994.64038086, 11691.7128906, 4208.35546875, 2267.05029297, 2266.83569336, 822.28704834, 212.711608887, 115.196762085, 69.782623291, 27.8282299042, 105.556594849, 524.600158691, 145.976974487, 172.211807251, 30.6290607452, 27.7692985535, 19.2788333893, 1.7249161005, 0.16292271018, 0.00686331745237, 6.59981833451e-06, 6.65160548863e-09, 1.64394164948e-10],
        "dvar2": [0.0211732182652, 2.63359761238, 8.02072048187, 13.5117092133, 8.86308574677, 19.9284496307, 40.2397155762, 787.163513184, 2103.91162109, 334.78729248, 1797.08496094, 1938.49084473, 823.432312012, 1067.33288574, 17041.5996094, 1745.3371582, 23614.6816406, 8764.234375, 27370.7304688, 10310.8486328, 4687.00097656, 5228.81152344, 1729.98193359, 430.494232178, 245.121368408, 139.791793823, 57.6570129395, 195.003799438, 1086.7791748, 319.016784668, 360.974487305, 61.2077064514, 46.5903282166, 33.0678024292, 3.84450602531, 0.325369358063, 0.0145271839574, 1.34685997182e-05, 1.26606565232e-08, 2.90245633083e-10],
        "max": [1.44611036777, 14.902765274, 26.8873004913, 26.1459236145, 28.1495380402, 46.3404045105, 64.2923278809, 318.903411865, 698.696533203, 226.929168701, 547.454528809, 613.179382324, 377.295074463, 318.740112305, 1593.28845215, 543.648864746, 1981.23120117, 1124.05883789, 2748.13574219, 1264.64477539, 1296.37915039, 1191.77954102, 466.017608643, 298.15222168, 241.233139038, 156.123931885, 72.4076004028, 158.279327393, 258.555603027, 163.883499146, 204.069778442, 89.6549682617, 150.180679321, 132.070175171, 34.2824134827, 8.68452167511, 2.11565828323, 0.0611822083592, 0.00210029142909, 0.00028956469032],
        "mean": [0.0683411583304, 1.07704806328, 3.11747145653, 2.96831989288, 2.02480649948, 2.6724562645, 5.20178985596, 15.7133321762, 29.301525116, 18.332326889, 35.160774231, 28.1594161987, 22.8668460846, 18.0797557831, 29.8261737823, 23.1392154694, 50.5960464478, 66.2650222778, 84.9605941772, 55.0060958862, 45.1439590454, 34.9353904724, 35.3878059387, 19.9137687683, 14.2331848145, 10.3021831512, 6.1258187294, 7.93286132812, 12.7017307281, 7.15598583221, 7.00006198883, 4.32832431793, 2.85811710358, 1.27467012405, 0.578090369701, 0.163263380527, 0.026567876339, 0.000975407660007, 4.81484712509e-05, 3.32074814651e-05],
        "median": [0.0163748469204, 0.392006456852, 1.57286071777, 1.92954134941, 1.24317598343, 1.4335848093, 2.8414285183, 4.21261453629, 3.84922242165, 5.32508659363, 6.26872587204, 7.88891124725, 6.75417232513, 6.06515550613, 6.7896361351, 8.17161083221, 16.7063083649, 19.1607685089, 33.1812133789, 19.8282032013, 16.2107658386, 9.33903884888, 12.886885643, 7.64975738525, 7.10587596893, 4.45289707184, 2.86805915833, 2.69590044022, 2.2076048851, 1.46595931053, 1.20987892151, 1.11098110676, 0.505114495754, 0.194946169853, 0.0704323500395, 0.0156283080578, 0.00233354559168, 0.000117098119517, 1.85342414625e-05, 2.86669201159e-05],
        "min": [7.59652102715e-05, 0.00223704148084, 0.0292543135583, 0.0878996998072, 0.050572078675, 0.0498689413071, 0.0406289510429, 0.0168772675097, 0.0248484276235, 0.0357579104602, 0.117065742612, 0.148493021727, 0.0879468470812, 0.0536810271442, 0.0672382339835, 0.0550548136234, 0.155847012997, 0.151983171701, 0.144166722894, 0.0483348108828, 0.0526690632105, 0.0493132919073, 0.0318351835012, 0.0163087397814, 0.013315952383, 0.0109899165109, 0.00876087974757, 0.00796536076814, 0.0104963397607, 0.00988286547363, 0.0104624032974, 0.00594385154545, 0.00766667257994, 0.00296802073717, 0.0010156778153, 0.000164568424225, 4.27525774285e-05, 2.47223238148e-06, 1.06649133613e-06, 9.77372906164e-07],
        "var": [0.0200612600893, 2.56524395943, 17.104095459, 9.37209224701, 6.20724487305, 14.9790258408, 38.1753959656, 891.721557617, 6468.46191406, 1046.18371582, 3995.46801758, 3911.80908203, 2014.44274902, 1159.28027344, 7654.38183594, 1864.27685547, 13282.2832031, 14225.5263672, 31915.984375, 9432.35546875, 8954.42480469, 6367.4921875, 2982.1315918, 961.408813477, 390.686462402, 242.836578369, 70.6516571045, 226.11340332, 956.530578613, 281.446472168, 304.226654053, 81.8151855469, 62.7690734863, 35.1641998291, 4.54350328445, 0.313209533691, 0.009231925942, 1.11907438622e-05, 1.31936150893e-08, 6.57708332241e-10]
    },
    "gfcc": {
        "mean": [-4.63153791428, 92.9136657715, -138.826599121, 45.0884475708, -56.3968009949, 27.2126865387, -43.3718032837, 9.91783905029, -13.4113950729, 1.36151981354, -13.3251943588, -10.3799791336, -10.5852212906],
        "cov": [[3379.46118164, -1004.92675781, -203.464248657, 38.4107437134, -159.176712036, 248.629333496, 36.4392585754, 290.898468018, -48.9564857483, 224.795791626, -119.848983765, 222.860733032, -117.529891968], [-1004.92675781, 1237.36584473, -163.905883789, -313.676361084, 149.628814697, -252.593490601, 83.0594100952, -147.959274292, 126.072547913, -65.3488616943, 251.94052124, -125.353965759, 44.3319664001], [-203.464248657, -163.905883789, 466.770751953, 135.594406128, -78.9766921997, 115.113677979, -25.0455551147, -22.6661643982, -15.5593013763, 15.8230485916, -29.4420661926, 30.6866149902, -17.2519817352], [38.4107437134, -313.676361084, 135.594406128, 477.417572021, 143.815185547, 46.6240844727, -8.59129333496, 128.625961304, 47.5932617188, -34.1810493469, -133.767456055, 0.546572566032, 72.653175354], [-159.176712036, 149.628814697, -78.9766921997, 143.815185547, 278.862579346, 4.22277212143, 70.0517501831, 50.2385215759, 42.4187202454, -31.7223529816, -44.971244812, -48.7199287415, 52.9766349792], [248.629333496, -252.593490601, 115.113677979, 46.6240844727, 4.22277212143, 312.296081543, 115.448974609, 14.4952898026, -71.8599395752, 5.91824007034, -81.1137695312, -11.8660001755, -30.8029575348], [36.4392585754, 83.0594100952, -25.0455551147, -8.59129333496, 70.0517501831, 115.448974609, 202.887268066, 75.9566116333, 0.635964751244, -25.7446041107, -18.1071414948, -43.3519744873, -8.2611207962], [290.898468018, -147.959274292, -22.6661643982, 128.625961304, 50.2385215759, 14.4952898026, 75.9566116333, 219.883804321, 68.5250473022, -1.75058090687, -62.2991485596, -14.1777000427, 17.0119171143], [-48.9564857483, 126.072547913, -15.5593013763, 47.5932617188, 42.4187202454, -71.8599395752, 0.635964751244, 68.5250473022, 134.400802612, 14.4336462021, 14.4459819794, -25.3174877167, 16.105173111], [224.795791626, -65.3488616943, 15.8230485916, -34.1810493469, -31.7223529816, 5.91824007034, -25.7446041107, -1.75058090687, 14.4336462021, 90.6648101807, 21.8533153534, 21.6480827332, -24.5742969513], [-119.848983765, 251.94052124, -29.4420661926, -133.767456055, -44.971244812, -81.1137695312, -18.1071414948, -62.2991485596, 14.4459819794, 21.8533153534, 157.345443726, 17.6011219025, -9.83916091919], [222.860733032, -125.353965759, 30.6866149902, 0.546572566032, -48.7199287415, -11.8660001755, -43.3519744873, -14.1777000427, -25.3174877167, 21.6480827332, 17.6011219025, 104.328086853, 9.72645187378], [-117.529891968, 44.3319664001, -17.2519817352, 72.653175354, 52.9766349792, -30.8029575348, -8.2611207962, 17.0119171143, 16.105173111, -24.5742969513, -9.83916091919, 9.72645187378, 90.8669509888]],
        "icov": [[0.000728517014068, -1.27603589135e-05, 0.000756937137339, -0.000181273411727, 0.000309760856908, -0.000698252697475, 0.000187298777746, -0.00102971657179, 0.000189173180843, -0.00132143846713, 0.000303105392959, -0.00159972324036, 0.000842828245368], [-1.27603589135e-05, 0.0049394890666, -0.00118791719433, 0.00288752443157, -0.00301113631576, 0.0027831713669, -0.00322139868513, 0.00348874484189, -0.00388736883178, 0.00293350010179, -0.00474709877744, 0.00383830233477, -0.0026502115652], [0.000756937137339, -0.00118791719433, 0.0043096607551, -0.00253825355321, 0.00248763896525, -0.00268876948394, 0.0010031205602, -0.000782509916462, 0.000268597126706, -0.00213002203964, 0.000993418158032, -0.00298711354844, 0.00208587106317], [-0.000181273411727, 0.00288752443157, -0.00253825355321, 0.0067990408279, -0.00424516666681, 0.001144865877, 0.000308563408908, -0.000125862134155, -0.00297019910067, 0.00331160821952, -0.000708483974449, 0.00186452490743, -0.00350090372376], [0.000309760856908, -0.00301113631576, 0.00248763896525, -0.00424516666681, 0.0084829935804, -0.00150304764975, -0.000838283391204, -0.00073589355452, 0.0013354648836, -0.0029759821482, 0.00360082834959, -0.00129702012055, -0.000170179831912], [-0.000698252697475, 0.0027831713669, -0.00268876948394, 0.001144865877, -0.00150304764975, 0.00939073972404, -0.00684945331886, 0.00410880194977, 0.000762006733567, 0.000119258969789, 0.000103602367744, 0.00398488622159, -0.00153728667647], [0.000187298777746, -0.00322139868513, 0.0010031205602, 0.000308563408908, -0.000838283391204, -0.00684945331886, 0.0134124895558, -0.00748295942321, 0.0027317055501, 0.00141591683496, 0.000402137957281, -0.00112326384988, 0.00260735256597], [-0.00102971657179, 0.00348874484189, -0.000782509916462, -0.000125862134155, -0.00073589355452, 0.00410880194977, -0.00748295942321, 0.0132810194045, -0.00716595072299, 0.00238640140742, -0.000577706436161, 0.00358037557453, -0.00295708468184], [0.000189173180843, -0.00388736883178, 0.000268597126706, -0.00297019910067, 0.0013354648836, 0.000762006733567, 0.0027317055501, -0.00716595072299, 0.0163439381868, -0.00617969408631, 0.00150665489491, 0.000618899532128, 0.00116559979506], [-0.00132143846713, 0.00293350010179, -0.00213002203964, 0.00331160821952, -0.0029759821482, 0.000119258969789, 0.00141591683496, 0.00238640140742, -0.00617969408631, 0.019510358572, -0.00525105558336, 0.00174890074413, 0.000880742270965], [0.000303105392959, -0.00474709877744, 0.000993418158032, -0.000708483974449, 0.00360082834959, 0.000103602367744, 0.000402137957281, -0.000577706436161, 0.00150665489491, -0.00525105558336, 0.0161130074412, -0.0063335406594, 0.00227916869335], [-0.00159972324036, 0.00383830233477, -0.00298711354844, 0.00186452490743, -0.00129702012055, 0.00398488622159, -0.00112326384988, 0.00358037557453, 0.000618899532128, 0.00174890074413, -0.0063335406594, 0.019869543612, -0.00711445510387], [0.000842828245368, -0.0026502115652, 0.00208587106317, -0.00350090372376, -0.000170179831912, -0.00153728667647, 0.00260735256597, -0.00295708468184, 0.00116559979506, 0.000880742270965, 0.00227916869335, -0.00711445510387, 0.0179920922965]]
    },
    "melbands": {
        "dmean": [0.000546245893929, 0.000735124340281, 0.000260695436737, 8.64742905833e-05, 8.99275255506e-05, 0.000172109910636, 0.00019661746046, 8.64481262397e-05, 0.0001197426609, 7.32542102924e-05, 4.75969318359e-05, 3.93028203689e-05, 5.52721394342e-05, 4.23350429628e-05, 3.94729904656e-05, 6.90989472787e-05, 6.29042915534e-05, 7.86238597357e-05, 4.01553006668e-05, 4.38663555542e-05, 2.20104720938e-05, 1.87940022442e-05, 1.52473521666e-05, 1.34758065542e-05, 6.56796373733e-06, 5.25566383658e-06, 3.80734172722e-06, 3.15060083267e-06, 2.15783757085e-06, 1.74067236003e-06, 3.0169449019e-06, 5.71992177356e-06, 2.76452533399e-06, 2.82078372038e-06, 3.45462171936e-06, 1.83203587767e-06, 1.50903815666e-06, 1.47142600326e-06, 9.50103469677e-07, 6.47535387088e-07],
        "dmean2": [0.000812984944787, 0.00116352527402, 0.000427626859164, 0.000139287149068, 0.000141666489071, 0.000245803123107, 0.000246113544563, 0.000118868454592, 0.000164947006851, 0.000104410777567, 6.74963448546e-05, 5.6553628383e-05, 8.712716226e-05, 6.53290189803e-05, 6.03186781518e-05, 0.000108429667307, 8.88245776878e-05, 0.000119850927149, 6.33370145806e-05, 6.66917258059e-05, 3.37280580425e-05, 2.8313115763e-05, 2.39864912146e-05, 1.96948585653e-05, 9.69640495896e-06, 7.90237572801e-06, 5.6747940107e-06, 4.73148065794e-06, 3.27262569044e-06, 2.56412613453e-06, 4.28088196713e-06, 8.38359392219e-06, 3.92253559767e-06, 4.07820607506e-06, 5.04900117448e-06, 2.54663359556e-06, 2.16867033487e-06, 2.0624379431e-06, 1.33592754992e-06, 9.10541587018e-07],
        "dvar": [1.23127142615e-06, 1.07962432594e-06, 1.14870779555e-07, 2.31296422015e-08, 1.90603088868e-08, 1.33922469558e-07, 3.29834819013e-07, 2.60261110441e-08, 6.68497932566e-08, 3.96413604165e-08, 1.07982600639e-08, 9.36010113861e-09, 5.23932150998e-08, 1.10937978803e-08, 5.70065861183e-09, 5.14146485386e-08, 1.7327652202e-08, 3.38111334486e-08, 8.93706975091e-09, 1.62750684041e-08, 4.71355399156e-09, 4.17704137945e-09, 1.23236465477e-09, 8.56178294928e-10, 1.68938876777e-10, 8.15088205264e-11, 5.61181587311e-11, 3.63776612999e-11, 1.46242358501e-11, 1.15755989863e-11, 5.28566634905e-11, 2.74663847222e-10, 5.52682066779e-11, 6.28125607083e-11, 1.12345993619e-10, 1.66483771213e-11, 1.16900066016e-11, 1.47865174965e-11, 2.59290870025e-11, 1.05887095966e-11],
        "dvar2": [2.50869857155e-06, 2.48455535257e-06, 3.1756812291e-07, 5.87214472603e-08, 4.59962556931e-08, 3.01135628433e-07, 4.55172994407e-07, 4.46461712045e-08, 1.13288585624e-07, 7.0305901545e-08, 2.13351487588e-08, 1.92704590063e-08, 1.58690994567e-07, 2.54241179221e-08, 1.42391023417e-08, 1.48711649217e-07, 3.68367238934e-08, 7.71397878907e-08, 2.25393730346e-08, 4.12938234717e-08, 9.07480046664e-09, 9.73218750033e-09, 2.88085910682e-09, 1.68949065849e-09, 3.5694144862e-10, 1.80696943519e-10, 1.19304677249e-10, 7.88616741354e-11, 3.28274664396e-11, 2.42924482613e-11, 1.0645615639e-10, 5.71982461395e-10, 1.34526945139e-10, 1.44302417238e-10, 2.50785225919e-10, 3.17710788234e-11, 2.55251930703e-11, 2.75769251185e-11, 4.24158486112e-11, 1.94810851478e-11],
        "max": [0.0136299757287, 0.0134165165946, 0.0038752569817, 0.00224144337699, 0.00223686941899, 0.0062631838955, 0.0105985971168, 0.00285925599746, 0.00453343149275, 0.00394164118916, 0.00190992187709, 0.00136020500213, 0.00492812041193, 0.00141612021253, 0.00130075612105, 0.00453269388527, 0.00256999884732, 0.00440719816834, 0.00126014463603, 0.00222276244313, 0.00200047506951, 0.00167835445609, 0.000667784828693, 0.000572470249608, 0.000270888238447, 0.000139183131978, 0.000164461045642, 0.000100182776805, 5.20631292602e-05, 5.40098990314e-05, 0.000110740402306, 0.000178629590664, 0.000142157281516, 9.20612656046e-05, 0.000178245449206, 6.82245445205e-05, 5.20634130226e-05, 9.13866169867e-05, 0.000164888420841, 9.16791468626e-05],
        "mean": [0.00087535509374, 0.00162158731837, 0.000492632971145, 0.000152508859173, 0.000175893947016, 0.000318371574394, 0.000436006142991, 0.000214076877455, 0.000283466215478, 0.000161477873917, 0.000111942885269, 7.37708978704e-05, 8.5040803242e-05, 7.30645551812e-05, 7.02868710505e-05, 0.000114999500511, 0.000124758647871, 0.000142176271765, 7.20079333405e-05, 7.77042514528e-05, 5.0208374887e-05, 3.80069941457e-05, 3.1558698538e-05, 2.98150880553e-05, 1.44226851262e-05, 1.11744893729e-05, 8.522672033e-06, 6.43637531539e-06, 3.98140628022e-06, 3.18821366818e-06, 4.92697927257e-06, 8.3379127318e-06, 4.26270571552e-06, 3.94510334445e-06, 4.59745206172e-06, 2.99527755487e-06, 2.47330399361e-06, 2.31441185861e-06, 1.37328902383e-06, 9.32181876578e-07],
        "median": [0.000289442716166, 0.000800499692559, 0.00033908590558, 9.04015687411e-05, 0.000102179976238, 9.68957028817e-05, 5.1712118875e-05, 5.245626744e-05, 4.82139403175e-05, 4.31464286521e-05, 3.00692663586e-05, 2.07489483728e-05, 1.79038943315e-05, 1.71445663e-05, 1.93397154362e-05, 4.02963560191e-05, 2.79819578282e-05, 5.03348237544e-05, 2.44540624408e-05, 2.68623971351e-05, 1.64324737852e-05, 9.62015747064e-06, 1.03179581856e-05, 9.3560302048e-06, 4.47182310381e-06, 5.49796368432e-06, 3.70940983885e-06, 2.51729807133e-06, 1.77922561306e-06, 1.4882062942e-06, 1.50694722834e-06, 1.19527248899e-06, 9.50488242779e-07, 7.2827896247e-07, 6.09952735431e-07, 7.7502397744e-07, 6.03807677635e-07, 4.23086532919e-07, 1.91307435671e-07, 1.38514693049e-07],
        "min": [5.59810814593e-07, 1.2959740161e-05, 1.46828024299e-05, 3.09134111376e-06, 1.03520528683e-06, 2.01824931878e-07, 2.84522513994e-07, 4.51822955938e-07, 9.1610365871e-07, 1.02134799818e-06, 3.70560059082e-07, 2.11233469827e-07, 1.81090598517e-07, 7.86511549222e-08, 2.04002176929e-07, 1.68019283819e-07, 1.93660596892e-07, 1.4066716858e-07, 7.1589262518e-08, 8.9296051442e-08, 4.01053981136e-08, 4.70658285678e-08, 2.87884400763e-08, 1.87799731322e-08, 1.21637633299e-08, 9.05697028486e-09, 4.73670924706e-09, 7.49763007235e-09, 5.21221199534e-09, 3.94867694098e-09, 4.39272884734e-09, 5.74623459926e-09, 4.59929472285e-09, 4.49859571816e-09, 4.70111194417e-09, 3.91953935974e-09, 3.00534908071e-09, 5.13153031179e-09, 3.28581672981e-09, 1.36348476953e-09],
