{
"highlevel": {
    "danceability": {
        "all": {
            "danceable": 0.912682890892,
            "not_danceable": 0.0873171314597
        },
        "probability": 0.912682890892,
        "value": "danceable"
    },
    "gender": {
        "all": {
            "female": 0.299730062485,
            "male": 0.700269937515
        },
        "probability": 0.700269937515,
        "value": "male"
    },
    "genre_dortmund": {
        "all": {
            "alternative": 0.0943173989654,
            "blues": 0.127264335752,
            "electronic": 0.0381059385836,
            "folkcountry": 0.0919581651688,
            "funksoulrnb": 0.009985037148,
            "jazz": 0.432783305645,
            "pop": 0.0575509630144,
            "raphiphop": 0.0230981651694,
            "rock": 0.124936684966
        },
        "probability": 0.432783305645,
        "value": "jazz"
    },
    "genre_electronic": {
        "all": {
            "ambient": 0.331199944019,
            "dnb": 0.340618044138,
            "house": 0.195593908429,
            "techno": 0.013909669593,
            "trance": 0.118678443134
        },
        "probability": 0.340618044138,
        "value": "dnb"
    },
    "genre_rosamerica": {
        "all": {
            "cla": 0.0177837889642,
            "dan": 0.0549422316253,
            "hip": 0.0694036930799,
            "jaz": 0.0571188367903,
            "pop": 0.57110106945,
            "rhy": 0.0787624195218,
            "roc": 0.140934363008,
            "spe": 0.00995361432433
        },
        "probability": 0.57110106945,
        "value": "pop"
    },
    "genre_tzanetakis": {
        "all": {
            "blu": 0.0626613423228,
            "cla": 0.0348169617355,
            "cou": 0.104475811124,
            "dis": 0.0784321576357,
            "hip": 0.15692435205,
            "jaz": 0.313974827528,
            "met": 0.0448166541755,
            "pop": 0.0627359300852,
            "reg": 0.0627360641956,
            "roc": 0.0784258767962
        },
        "probability": 0.313974827528,
        "value": "jaz"
    },
    "ismir04_rhythm": {
        "all": {
            "ChaChaCha": 0.138952180743,
            "Jive": 0.1677595824,
            "Quickstep": 0.0234807692468,
            "Rumba-American": 0.0443241670728,
            "Rumba-International": 0.0534444265068,
            "Rumba-Misc": 0.00825672131032,
            "Samba": 0.0674935877323,
            "Tango": 0.157714650035,
            "VienneseWaltz": 0.317808538675,
            "Waltz": 0.0207653492689
        },
        "probability": 0.317808538675,
        "value": "VienneseWaltz"
    },
    "mood_acoustic": {
        "all": {
            "acoustic": 0.126564875245,
            "not_acoustic": 0.873435139656
        },
        "probability": 0.873435139656,
        "value": "not_acoustic"
    },
    "mood_aggressive": {
        "all": {
            "aggressive": 0.426927566528,
            "not_aggressive": 0.573072433472
        },
        "probability": 0.573072433472,
        "value": "not_aggressive"
    },
    "mood_electronic": {
        "all": {
            "electronic": 0.199737951159,
            "not_electronic": 0.800262033939
        },
        "probability": 0.800262033939,
        "value": "not_electronic"
    },
    "mood_happy": {
        "all": {
            "happy": 0.523225128651,
            "not_happy": 0.476774871349
        },
        "probability": 0.523225128651,
        "value": "happy"
    },
    "mood_party": {
        "all": {
            "not_party": 0.565199136734,
            "party": 0.434800863266
        },
        "probability": 0.565199136734,
        "value": "not_party"
    },
    "mood_relaxed": {
        "all": {
            "not_relaxed": 0.563484370708,
            "relaxed": 0.436515599489
        },
        "probability": 0.563484370708,
        "value": "not_relaxed"
    },
    "mood_sad": {
        "all": {
            "not_sad": 0.645241081715,
            "sad": 0.354758948088
        },
        "probability": 0.645241081715,
        "value": "not_sad"
    },
    "moods_mirex": {
        "all": {
            "Cluster1": 0.428476840258,
            "Cluster2": 0.194379210472,
            "Cluster3": 0.157496482134,
            "Cluster4": 0.14494946599,
            "Cluster5": 0.0746980160475
        },
        "probability": 0.428476840258,
        "value": "Cluster1"
    },
    "timbre": {
        "all": {
            "bright": 0.982193470001,
            "dark": 0.0178065430373
        },
        "probability": 0.982193470001,
        "value": "bright"
    },
    "tonal_atonal": {
        "all": {
            "atonal": 0.00395329622552,
            "tonal": 0.996046721935
        },
        "probability": 0.996046721935,
        "value": "tonal"
    },
    "voice_instrumental": {
        "all": {
            "instrumental": 0.00840445701033,
            "voice": 0.991595566273
        },
        "probability": 0.991595566273,
        "value": "voice"
    }
},
"lowlevel": {
    "average_loudness": 0.981083095074,
    "barkbands_crest": {
        "dmean": 2.53257322311,
        "dmean2": 3.84972143173,
        "dvar": 6.07668113708,
        "dvar2": 13.8611297607,
        "max": 24.9191207886,
        "mean": 11.6479253769,
        "median": 10.9504747391,
        "min": 2.54302692413,
        "var": 26.1165351868
    },
    "barkbands_flatness_db": {
        "dmean": 0.0231033749878,
        "dmean2": 0.0336393155158,
        "dvar": 0.000455924513517,
        "dvar2": 0.000838511856273,
        "max": 0.337788194418,
        "mean": 0.15630748868,
        "median": 0.152660533786,
        "min": 0.0606530420482,
        "var": 0.00198461627588
    },
    "barkbands_kurtosis": {
        "dmean": 2.47301411629,
        "dmean2": 3.67401957512,
        "dvar": 15.650056839,
        "dvar2": 31.2296390533,
        "max": 44.0774917603,
        "mean": 3.21577048302,
        "median": 0.872643947601,
        "min": -1.77771794796,
        "var": 39.3731956482
    },
    "barkbands_skewness": {
        "dmean": 0.546039521694,
        "dmean2": 0.804629743099,
        "dvar": 0.297688424587,
        "dvar2": 0.582539200783,
        "max": 6.04793071747,
        "mean": 1.4920309782,
        "median": 1.31879365444,
        "min": -1.46933066845,
        "var": 1.36213183403
    },
    "barkbands_spread": {
        "dmean": 7.46224832535,
        "dmean2": 11.6625061035,
        "dvar": 75.7750244141,
        "dvar2": 181.353515625,
        "max": 87.0570755005,
        "mean": 25.8068294525,
        "median": 24.8567352295,
        "min": 1.9301404953,
        "var": 148.606140137
    },
    "dissonance": {
        "dmean": 0.0198384150863,
        "dmean2": 0.0327013544738,
        "dvar": 0.000316144083627,
        "dvar2": 0.000859885534737,
        "max": 0.499704807997,
        "mean": 0.461750298738,
        "median": 0.466838121414,
        "min": 0.345239013433,
        "var": 0.000651202804875
    },
    "dynamic_complexity": 2.23210501671,
    "erbbands_crest": {
        "dmean": 2.61120152473,
        "dmean2": 4.2843542099,
        "dvar": 6.43937015533,
        "dvar2": 16.9400520325,
        "max": 26.3128471375,
        "mean": 8.52936077118,
        "median": 7.73311281204,
        "min": 2.60784673691,
        "var": 13.0301990509
    },
    "erbbands_flatness_db": {
        "dmean": 0.0189838521183,
        "dmean2": 0.0278975069523,
        "dvar": 0.00028407672653,
        "dvar2": 0.000556039507501,
        "max": 0.285232871771,
        "mean": 0.155982717872,
        "median": 0.153680577874,
        "min": 0.0725970640779,
        "var": 0.00128009193577
    },
    "erbbands_kurtosis": {
        "dmean": 0.71011787653,
        "dmean2": 1.14512896538,
        "dvar": 0.64888882637,
        "dvar2": 1.53706037998,
        "max": 9.69612407684,
        "mean": 0.0953601971269,
        "median": -0.1984167099,
        "min": -1.73308622837,
        "var": 1.3514521122
    },
    "erbbands_skewness": {
        "dmean": 0.333040505648,
        "dmean2": 0.503872811794,
        "dvar": 0.0831850543618,
        "dvar2": 0.20693680644,
        "max": 1.78019320965,
        "mean": 0.0143811665475,
        "median": 0.04351041466,
        "min": -2.09437966347,
        "var": 0.369720518589
    },
    "erbbands_spread": {
        "dmean": 10.1248598099,
        "dmean2": 15.5728969574,
        "dvar": 126.440254211,
        "dvar2": 279.367218018,
        "max": 150.717269897,
        "mean": 40.0744018555,
        "median": 36.3601570129,
        "min": 7.07631587982,
        "var": 351.045593262
    },
    "hfc": {
        "dmean": 12.0911226273,
        "dmean2": 18.2386283875,
        "dvar": 334.789825439,
        "dvar2": 827.160339355,
        "max": 153.79536438,
        "mean": 23.3678245544,
        "median": 17.3022022247,
        "min": 0.522958755493,
        "var": 470.179412842
    },
    "melbands_crest": {
        "dmean": 3.06445503235,
        "dmean2": 4.82360839844,
        "dvar": 10.0415868759,
        "dvar2": 23.8909740448,
        "max": 31.3841838837,
        "mean": 16.4042243958,
        "median": 16.7698402405,
        "min": 3.20150947571,
        "var": 32.1980209351
    },
    "melbands_flatness_db": {
        "dmean": 0.0300232823938,
        "dmean2": 0.0424752011895,
        "dvar": 0.000888235983439,
        "dvar2": 0.0015424384037,
        "max": 0.426088362932,
        "mean": 0.196169748902,
        "median": 0.192386418581,
        "min": 0.048952691257,
        "var": 0.00425973674282
    },
    "melbands_kurtosis": {
        "dmean": 7.35097074509,
        "dmean2": 11.1729516983,
        "dvar": 157.699523926,
        "dvar2": 318.608093262,
        "max": 253.529846191,
        "mean": 14.1118783951,
        "median": 7.51107120514,
        "min": -1.57557225227,
        "var": 386.314086914
    },
    "melbands_skewness": {
        "dmean": 0.794588804245,
        "dmean2": 1.19140100479,
        "dvar": 0.70797675848,
        "dvar2": 1.37931478024,
        "max": 13.3174648285,
        "mean": 2.85345101357,
        "median": 2.56140375137,
        "min": -0.752276182175,
        "var": 3.03984808922
    },
    "melbands_spread": {
        "dmean": 8.08947944641,
        "dmean2": 12.5401687622,
        "dvar": 92.6482086182,
        "dvar2": 217.396759033,
        "max": 115.140029907,
        "mean": 25.4247112274,
        "median": 23.3086490631,
        "min": 1.61328315735,
        "var": 243.514022827
    },
    "pitch_salience": {
        "dmean": 0.0718812122941,
        "dmean2": 0.109629668295,
        "dvar": 0.00452336482704,
        "dvar2": 0.0103249195963,
        "max": 0.818178594112,
        "mean": 0.454014509916,
        "median": 0.441141277552,
        "min": 0.160389229655,
        "var": 0.0164775028825
    },
    "silence_rate_20dB": {
        "dmean": 0,
        "dmean2": 0,
        "dvar": 0,
        "dvar2": 0,
        "max": 1,
        "mean": 1,
        "median": 1,
        "min": 1,
        "var": 0
    },
    "silence_rate_30dB": {
        "dmean": 0.00154798757285,
        "dmean2": 0.00309837330133,
        "dvar": 0.00154558115173,
        "dvar2": 0.0046379067935,
        "max": 1,
        "mean": 0.999226629734,
        "median": 1,
        "min": 0,
        "var": 0.000772795348894
    },
    "silence_rate_60dB": {
        "dmean": 0.0201238393784,
        "dmean2": 0.0402788519859,
        "dvar": 0.019718721509,
        "dvar2": 0.0417543239892,
        "max": 1,
        "mean": 0.0293890181929,
        "median": 0,
        "min": 0,
        "var": 0.0285251904279
    },
    "spectral_centroid": {
        "dmean": 271.497253418,
        "dmean2": 412.187072754,
        "dvar": 72507.453125,
        "dvar2": 155029.78125,
        "max": 3401.57128906,
        "mean": 1621.62646484,
        "median": 1633.20483398,
        "min": 290.172912598,
        "var": 317511.53125
    },
    "spectral_complexity": {
        "dmean": 4.14086675644,
        "dmean2": 5.84740495682,
        "dvar": 20.7541427612,
        "dvar2": 40.8155593872,
        "max": 50,
        "mean": 18.4586238861,
        "median": 17,
        "min": 1,
        "var": 65.9033355713
    },
    "spectral_decrease": {
        "dmean": 2.24095697554e-09,
        "dmean2": 3.14236414667e-09,
        "dvar": 7.4086017973e-18,
        "dvar2": 1.4420122159e-17,
        "max": -1.12882612979e-10,
        "mean": -7.56013474046e-09,
        "median": -7.25609838881e-09,
        "min": -2.73873137502e-08,
        "var": 2.19622193266e-17
    },
    "spectral_energy": {
        "dmean": 0.00930770114064,
        "dmean2": 0.0130059225485,
        "dvar": 0.000128091851366,
        "dvar2": 0.000253718200838,
        "max": 0.114132076502,
        "mean": 0.0306532308459,
        "median": 0.0288494918495,
        "min": 0.000491662358399,
        "var": 0.000361869897461
    },
    "spectral_energyband_high": {
        "dmean": 0.000988999614492,
        "dmean2": 0.00166969245765,
        "dvar": 3.81430868401e-06,
        "dvar2": 1.0089933312e-05,
        "max": 0.0126926256344,
        "mean": 0.00105696206447,
        "median": 0.000454320717836,
        "min": 2.98029613077e-06,
        "var": 3.13568989441e-06
    },
    "spectral_energyband_low": {
        "dmean": 0.0042137792334,
        "dmean2": 0.00640687486157,
        "dvar": 3.73157017748e-05,
        "dvar2": 7.87852331996e-05,
        "max": 0.0634198114276,
        "mean": 0.0156306326389,
        "median": 0.0149045186117,
        "min": 3.5504654079e-06,
        "var": 0.000132181463414
    },
    "spectral_energyband_middle_high": {
        "dmean": 0.00264968816191,
        "dmean2": 0.00379151874222,
        "dvar": 1.40027705129e-05,
        "dvar2": 3.01765994664e-05,
        "max": 0.0514082238078,
        "mean": 0.00636474182829,
        "median": 0.00506020477042,
        "min": 7.69626349211e-05,
        "var": 3.4783843148e-05
    },
    "spectral_energyband_middle_low": {
        "dmean": 0.00436577387154,
        "dmean2": 0.0063741276972,
        "dvar": 4.56068300991e-05,
        "dvar2": 9.68105450738e-05,
        "max": 0.0793438851833,
        "mean": 0.0084849242121,
        "median": 0.005381741561,
        "min": 0.000118342213682,
        "var": 8.09607445262e-05
    },
    "spectral_entropy": {
        "dmean": 0.225642725825,
        "dmean2": 0.311330407858,
        "dvar": 0.0431948080659,
        "dvar2": 0.0866529196501,
        "max": 8.56097316742,
        "mean": 7.47875642776,
        "median": 7.4457244873,
        "min": 6.5012717247,
        "var": 0.123884774745
    },
    "spectral_flux": {
        "dmean": 0.0272516366094,
        "dmean2": 0.0401732586324,
        "dvar": 0.000794711930212,
        "dvar2": 0.00159352167975,
        "max": 0.239157810807,
        "mean": 0.0802289396524,
        "median": 0.0707528963685,
        "min": 0.0123374378309,
        "var": 0.00181615503971
    },
    "spectral_kurtosis": {
        "dmean": 1.63833343983,
        "dmean2": 2.67525362968,
        "dvar": 2.3527135849,
        "dvar2": 6.35901784897,
        "max": 16.6270885468,
        "mean": 3.64578056335,
        "median": 3.36813783646,
        "min": -1.11000001431,
        "var": 4.74746513367
    },
    "spectral_rms": {
        "dmean": 0.000841552333441,
        "dmean2": 0.00113021151628,
        "dvar": 8.71986458151e-07,
        "dvar2": 1.54643407768e-06,
        "max": 0.0105521734804,
        "mean": 0.0051660654135,
        "median": 0.00530526600778,
        "min": 0.000692582514603,
        "var": 3.21734682984e-06
    },
    "spectral_rolloff": {
        "dmean": 630.331237793,
        "dmean2": 1078.07885742,
        "dvar": 1071555,
        "dvar2": 2641796.25,
        "max": 10056.0058594,
        "mean": 1510.63879395,
        "median": 1248.92578125,
        "min": 86.1328125,
        "var": 1551097.875
    },
    "spectral_skewness": {
        "dmean": 0.22502169013,
        "dmean2": 0.357742518187,
        "dvar": 0.0376250296831,
        "dvar2": 0.0924871340394,
        "max": 2.77497339249,
        "mean": 1.39040875435,
        "median": 1.38090658188,
        "min": 0.442089825869,
        "var": 0.101822122931
    },
    "spectral_spread": {
        "dmean": 832654.5625,
        "dmean2": 1219444.75,
        "dvar": 1.01854091674e+12,
        "dvar2": 1.97990796493e+12,
        "max": 15108102,
        "mean": 4514382,
        "median": 4074906.5,
        "min": 2105296.75,
        "var": 2.60879889203e+12
    },
    "spectral_strongpeak": {
        "dmean": 0.396287620068,
        "dmean2": 0.701115131378,
        "dvar": 0.62713509798,
        "dvar2": 1.54428470135,
        "max": 8.34263324738,
        "mean": 0.736895263195,
        "median": 0.486096590757,
        "min": 0.0386396534741,
        "var": 0.771497428417
    },
    "zerocrossingrate": {
        "dmean": 0.0121888909489,
        "dmean2": 0.0149498786777,
        "dvar": 0.000174246248207,
        "dvar2": 0.000226038522669,
        "max": 0.2646484375,
        "mean": 0.0570673532784,
        "median": 0.0537109375,
        "min": 0.0048828125,
        "var": 0.000792008824646
    },
    "barkbands": {
        "dmean": [2.41304605879e-05, 0.00252417614684, 0.00193256651983, 0.00064452609513, 0.00157733540982, 0.000869949464686, 0.000663045211695, 0.000716035603546, 0.00120556273032, 0.000734467466827, 0.000387337408029, 0.000392528367229, 0.000559291744139, 0.000314578588586, 0.000489072233904, 0.000360078178346, 0.00027096728445, 0.000360755017027, 0.000299136299873, 0.000181587747647, 0.000110073611722, 0.000271007389529, 0.000237756845308, 0.000183894924703, 0.000134722868097, 2.93862867693e-05, 1.55424184634e-09],
        "dmean2": [3.95710703742e-05, 0.00390201201662, 0.00308856763877, 0.00108686706517, 0.00242033950053, 0.00141873385292, 0.00103303266224, 0.00108934589662, 0.00185724254698, 0.00115222134627, 0.000605895591434, 0.000624838634394, 0.000824598653708, 0.000498022767715, 0.000783219526056, 0.000563304231036, 0.000432989298133, 0.000577409635298, 0.000456723792013, 0.000274718389846, 0.0001726441551, 0.000468430836918, 0.000407167768572, 0.000318819220411, 0.000236705862335, 5.25809919054e-05, 2.78014544719e-09],
        "dvar": [2.28179386497e-09, 1.81352334039e-05, 1.40336114782e-05, 2.44565194407e-06, 1.2977847291e-05, 3.20170147461e-06, 1.93502319235e-06, 2.8614947496e-06, 7.41283247407e-06, 2.4865200885e-06, 7.61571129715e-07, 1.2621761698e-06, 2.85596092908e-06, 3.84924021546e-07, 8.86245175025e-07, 3.54462969199e-07, 2.56436067048e-07, 2.77730606513e-07, 1.66796112921e-07, 7.32883407295e-08, 3.30752740751e-08, 3.71595035631e-07, 2.53184623489e-07, 1.33247098688e-07, 1.00131899217e-07, 5.26135979229e-09, 6.21860421709e-17],
        "dvar2": [5.18604981181e-09, 3.41896302416e-05, 3.55083102477e-05, 6.49485036774e-06, 2.97213246085e-05, 7.71820850787e-06, 4.04085903938e-06, 6.7462106017e-06, 1.71125648194e-05, 6.14102691543e-06, 1.81109567166e-06, 3.19110904456e-06, 5.35063645657e-06, 8.41125938678e-07, 2.12016038859e-06, 8.23467360078e-07, 6.38111828266e-07, 7.13741769687e-07, 3.75370035499e-07, 1.64156176652e-07, 8.02333417482e-08, 9.98316522782e-07, 6.69027031108e-07, 3.59150163831e-07, 2.76336862726e-07, 1.44062521912e-08, 1.20309012878e-16],
        "max": [0.000770430662669, 0.0392079055309, 0.055389277637, 0.0296219214797, 0.0467687509954, 0.0293345116079, 0.0273902714252, 0.0333024561405, 0.0259331353009, 0.0241081118584, 0.0169322863221, 0.0255101025105, 0.0459105595946, 0.0114318151027, 0.0111930286512, 0.00674092350528, 0.00679745711386, 0.00624464824796, 0.00477659655735, 0.00292433588766, 0.00201509916224, 0.00513170007616, 0.00402976060286, 0.00277257966809, 0.00227427575737, 0.000557444407605, 2.08141713642e-07],
        "mean": [3.6712968722e-05, 0.0107407253236, 0.00423755543306, 0.00103542080615, 0.00205279095098, 0.00128744123504, 0.00105644983705, 0.00104344962165, 0.00162454857491, 0.00107730343007, 0.00057673844276, 0.000569087103941, 0.000858502171468, 0.000451510713901, 0.000710213789716, 0.000537872430868, 0.000395325972931, 0.000563271401916, 0.000590020674281, 0.000287891714834, 0.000156761991093, 0.000245376460953, 0.000209636753425, 0.000181082825293, 0.000105835177237, 2.17252363655e-05, 1.24204291296e-09],
        "median": [6.4850300987e-06, 0.00667436607182, 0.00176616513636, 0.000440931704361, 0.00074940349441, 0.000628344714642, 0.00046072609257, 0.000326306006173, 0.00041224854067, 0.000344634667272, 0.000136720263981, 0.000200904323719, 0.000205905700568, 0.000148532257299, 0.000204838637728, 0.000205723466934, 0.000142447970575, 0.000290703552309, 0.000341290462529, 0.000119836462545, 7.12355395081e-05, 7.40362302167e-05, 5.40988075954e-05, 4.59001530544e-05, 1.75954191945e-05, 2.94466235573e-06, 4.14166950735e-10],
        "min": [3.87472587349e-09, 7.59109525461e-07, 4.95382863619e-08, 1.12545571085e-07, 5.57092926101e-06, 4.18369745603e-06, 1.44544753766e-06, 1.28778390263e-06, 1.34379945393e-06, 3.21240327139e-06, 1.2368774378e-06, 2.94553569802e-06, 1.28288388623e-06, 5.68824930269e-07, 3.8000459881e-06, 2.33349533119e-06, 9.28257691157e-07, 1.1575108374e-06, 1.0784957567e-06, 1.03350760128e-06, 8.42348299557e-07, 5.03519459016e-07, 2.38027041632e-07, 1.94627631345e-07, 1.53426089611e-08, 1.35073766408e-11, 1.54460645663e-11],
        "var": [7.9691133692e-09, 0.000106983941805, 3.56166419806e-05, 3.54774761036e-06, 1.69778377312e-05, 4.51644700661e-06, 4.18010085923e-06, 4.1493790377e-06, 1.03540724012e-05, 4.19771413362e-06, 1.2805486449e-06, 1.47407456552e-06, 5.04087665831e-06, 7.50698461616e-07, 1.51341669152e-06, 6.81840333527e-07, 4.12798158322e-07, 5.47612387436e-07, 5.13953295922e-07, 1.70214050854e-07, 4.55739659344e-08, 2.6814510079e-07, 1.93974415197e-07, 1.11581584861e-07, 7.18658910159e-08, 3.51986306768e-09, 4.87824736995e-17]
    },
    "erbbands": {
        "dmean": [0.0526525378227, 0.661130905151, 2.12744903564, 2.00344491005, 4.04213762283, 4.32084083557, 7.56034803391, 7.8814034462, 7.63634967804, 10.1848201752, 18.9847869873, 29.0859947205, 23.0726661682, 20.6095790863, 13.6512098312, 16.2978916168, 26.1009216309, 17.3120479584, 26.1193370819, 17.3094463348, 16.2687702179, 13.5470952988, 20.1397418976, 12.78332901, 15.4241542816, 7.71274375916, 5.74052858353, 3.85722875595, 5.1817073822, 14.1746730804, 7.26335668564, 4.37518644333, 2.76934313774, 1.95206260681, 0.745426237583, 0.188506618142, 0.0368649438024, 0.00124401494395, 4.5268847316e-05, 1.55797588377e-05],
        "dmean2": [0.081381842494, 1.01814103127, 3.35341119766, 3.16960597038, 6.25825214386, 6.76481962204, 11.9179849625, 12.9569568634, 12.0327806473, 15.601480484, 28.4782772064, 44.9864463806, 36.4091835022, 31.9441146851, 21.009727478, 25.9098205566, 38.5661849976, 25.4805603027, 41.713760376, 26.701467514, 24.985906601, 21.6882972717, 31.5925693512, 18.9479255676, 24.1029567719, 11.680603981, 8.90986156464, 6.33155488968, 8.50806999207, 25.1416149139, 12.4083032608, 7.66276216507, 4.75241184235, 3.45249176025, 1.31257617474, 0.331908196211, 0.0667071044445, 0.00223168777302, 7.80422706157e-05, 2.32762995438e-05],
        "dvar": [0.00980097334832, 1.14561533928, 15.1407308578, 14.7099561691, 138.757202148, 101.235336304, 290.640930176, 302.550811768, 237.568939209, 509.679168701, 2108.72070312, 4608.96582031, 2753.72241211, 1972.03442383, 680.29510498, 2558.85668945, 4231.09521484, 2079.7878418, 2309.22607422, 758.96081543, 700.567077637, 566.918395996, 843.134277344, 306.287475586, 555.731384277, 121.750953674, 94.9399337769, 45.076461792, 91.7880401611, 1292.25048828, 238.716842651, 86.818359375, 27.6962890625, 21.7048625946, 3.08890128136, 0.189733400941, 0.0100513054058, 1.05734789031e-05, 1.05904209846e-08, 4.93749707786e-10],
        "dvar2": [0.0192444734275, 2.1786570549, 38.2437782288, 36.1783218384, 324.6640625, 252.814239502, 702.701416016, 738.182556152, 565.413024902, 1068.35522461, 4987.44482422, 11225.1669922, 6650.66308594, 4738.515625, 1576.28161621, 6721.14550781, 8385.35742188, 3754.92407227, 5491.09082031, 1798.81530762, 1538.9979248, 1448.84570312, 2073.74609375, 636.910461426, 1332.17431641, 262.073730469, 219.717895508, 117.408889771, 235.421264648, 3544.16064453, 616.624511719, 236.416290283, 74.1724777222, 59.9414024353, 8.48468112946, 0.518913209438, 0.0278190691024, 2.93034427159e-05, 2.90700690186e-08, 1.16597020927e-09],
        "max": [0.944616734982, 9.65803718567, 55.1752700806, 60.9376296997, 161.232833862, 136.449707031, 207.788467407, 328.929046631, 261.422576904, 507.129730225, 965.682373047, 803.431762695, 856.588928223, 618.974853516, 442.149261475, 1204.56530762, 1035.26123047, 1257.19946289, 624.56072998, 389.310150146, 452.733947754, 360.570220947, 330.134033203, 272.577514648, 292.411651611, 138.136367798, 123.748764038, 52.5902175903, 73.6798858643, 378.862670898, 118.476142883, 67.9891204834, 41.0846481323, 40.6433448792, 17.5376567841, 3.35401964188, 0.954714179039, 0.0237009488046, 0.000742440868635, 0.000175515844603],
        "mean": [0.206989824772, 2.77636742592, 5.56378078461, 4.04180145264, 5.52319717407, 5.47612476349, 9.32928943634, 11.4801607132, 13.0404024124, 14.8910083771, 29.1054878235, 40.8934783936, 35.708026886, 29.282989502, 24.7676143646, 24.5916671753, 41.6526908875, 27.3029136658, 38.9068412781, 28.2503013611, 26.7103900909, 22.366815567, 32.7666015625, 26.3550739288, 28.2235393524, 13.5056505203, 8.89361000061, 5.0740776062, 5.6981959343, 11.1320028305, 6.29116535187, 3.96734833717, 2.84039187431, 1.53567552567, 0.597972452641, 0.148833796382, 0.0272709317505, 0.000967110041529, 5.03402006871e-05, 4.07361367252e-05],
        "median": [0.0624950677156, 1.97701096535, 3.96792173386, 2.51227450371, 2.10263681412, 1.94976949692, 3.22368979454, 5.13343715668, 6.4165353775, 6.80913591385, 9.6301279068, 13.1268911362, 10.6895475388, 10.94444561, 8.26745223999, 10.0011548996, 12.9574069977, 12.8296804428, 15.3077821732, 13.0797224045, 11.3235454559, 9.66443157196, 16.3800697327, 16.1333847046, 15.1235742569, 7.83684778214, 3.92845749855, 2.42427325249, 2.42895269394, 2.12492346764, 1.52584826946, 0.975764870644, 0.717726588249, 0.261043965816, 0.100640267134, 0.0258491206914, 0.00376648246311, 0.000148943639942, 2.37683525484e-05, 3.58033248631e-05],
        "min": [2.87573620881e-05, 0.000167935606441, 0.000193059269805, 0.00054505513981, 0.00163981912192, 0.0112142711878, 0.0121888266876, 0.0364174507558, 0.0671410858631, 0.0872623994946, 0.189047962427, 0.119104914367, 0.266958206892, 0.127013474703, 0.211851984262, 0.146470665932, 0.125701412559, 0.160973504186, 0.426249831915, 0.269735783339, 0.13489215076, 0.108485378325, 0.0843071788549, 0.0390195846558, 0.0620666593313, 0.0398724749684, 0.0344346836209, 0.0297242309898, 0.0202613566071, 0.00844461936504, 0.0068218675442, 0.00574512965977, 0.00258311629295, 0.000399086187826, 0.000220854286454, 2.03633062483e-05, 5.23360949956e-06, 6.26707446827e-07, 5.47929232653e-07, 6.66840492158e-07],
        "var": [0.0610087737441, 6.45825242996, 36.7677574158, 27.5550804138, 174.498931885, 112.60533905, 340.166290283, 465.49331665, 464.085784912, 849.297302246, 3202.19238281, 6097.60839844, 4983.83935547, 2904.18823242, 1962.59130859, 2611.60986328, 8291.35742188, 3898.84106445, 4087.87670898, 1437.21459961, 1643.08239746, 948.170227051, 1773.45593262, 1156.03186035, 1290.10290527, 295.828704834, 156.995361328, 49.8656806946, 84.1234893799, 849.70501709, 187.928726196, 66.013885498, 25.0549545288, 15.2848567963, 2.24035215378, 0.134071558714, 0.00655959267169, 7.16621389074e-06, 7.65116947576e-09, 8.20005285895e-10]
    },
    "gfcc": {
        "mean": [8.36339569092, 96.0887451172, -130.393585205, 47.3948097229, -59.737739563, 25.1627464294, -35.9708862305, 19.5044136047, -17.9568004608, 1.40991568565, -7.83975553513, -6.44165039062, -9.67368030548],
        "cov": [[3147.83227539, -641.253601074, 267.517181396, 222.768936157, -166.700592041, 266.75592041, -108.441139221, 84.6981811523, -99.0715255737, 6.40985393524, -142.658081055, 49.0610084534, -181.718429565], [-641.253601074, 858.175598145, 111.412879944, 56.2134170532, 237.959365845, -58.9449424744, 226.610992432, -57.0685043335, 85.2674102783, -82.3856048584, 95.6757888794, -110.506340027, 43.5614433289], [267.517181396, 111.412879944, 944.875488281, 199.051986694, 44.3638114929, 194.495483398, -24.990776062, 79.5760955811, -7.38940143585, 21.6936035156, -54.1250190735, 10.5935573578, -65.5673141479], [222.768936157, 56.2134170532, 199.051986694, 338.877380371, 133.279388428, 31.0169696808, 8.05975246429, 9.64359378815, 88.1181716919, 8.33929634094, -13.7651529312, -15.6811361313, 40.6279640198], [-166.700592041, 237.959365845, 44.3638114929, 133.279388428, 264.40020752, 6.50395774841, 105.790122986, 11.6690778732, 68.939201355, 17.6725120544, 9.7551984787, -11.0934591293, 24.9762172699], [266.75592041, -58.9449424744, 194.495483398, 31.0169696808, 6.50395774841, 185.863998413, 37.0584831238, 49.495639801, -15.5214347839, 2.29849815369, 11.1144800186, 1.95158839226, -27.1771659851], [-108.441139221, 226.610992432, -24.990776062, 8.05975246429, 105.790122986, 37.0584831238, 229.603881836, 26.8876037598, 22.6026916504, -0.0982951149344, 56.9546546936, -13.5719089508, -12.0701828003], [84.6981811523, -57.0685043335, 79.5760955811, 9.64359378815, 11.6690778732, 49.495639801, 26.8876037598, 123.298858643, 38.6903877258, 22.3706474304, 3.32040858269, 0.846515834332, 1.84817385674], [-99.0715255737, 85.2674102783, -7.38940143585, 88.1181716919, 68.939201355, -15.5214347839, 22.6026916504, 38.6903877258, 143.657852173, 37.6244049072, 15.0162782669, -11.6673364639, 49.2769737244], [6.40985393524, -82.3856048584, 21.6936035156, 8.33929634094, 17.6725120544, 2.29849815369, -0.0982951149344, 22.3706474304, 37.6244049072, 105.238204956, 6.1160159111, 32.7280349731, 13.1791067123], [-142.658081055, 95.6757888794, -54.1250190735, -13.7651529312, 9.7551984787, 11.1144800186, 56.9546546936, 3.32040858269, 15.0162782669, 6.1160159111, 121.42829895, 17.5222969055, 26.3001213074], [49.0610084534, -110.506340027, 10.5935573578, -15.6811361313, -11.0934591293, 1.95158839226, -13.5719089508, 0.846515834332, -11.6673364639, 32.7280349731, 17.5222969055, 109.961334229, 22.0201244354], [-181.718429565, 43.5614433289, -65.5673141479, 40.6279640198, 24.9762172699, -27.1771659851, -12.0701828003, 1.84817385674, 49.2769737244, 13.1791067123, 26.3001213074, 22.0201244354, 125.226020813]],
        "icov": [[0.000549249874894, -0.000148465085658, 0.000360477832146, -0.000909615017008, 0.000620023231022, -0.00086273800116, 0.00020304750069, -0.000468538259156, 0.000382147380151, -0.00022924807854, 0.000625852146186, -0.000623357365839, 0.000900039274711], [-0.000148465085658, 0.00708434870467, -0.00372269260697, 0.00395639613271, -0.00468741124496, 0.00466636847705, -0.00510757509619, 0.00554546108469, -0.00414647022262, 0.00579480128363, -0.00465975096449, 0.00618373043835, -0.00362604949623], [0.000360477832146, -0.00372269260697, 0.00384381785989, -0.00357181578875, 0.00265611498617, -0.004254758358, 0.00317572336644, -0.00377513561398, 0.00277989916503, -0.00336817093194, 0.00314958253875, -0.00385751947761, 0.0031755825039], [-0.000909615017008, 0.00395639613271, -0.00357181578875, 0.00867053773254, -0.00543962279335, 0.00318981823511, -0.00230152276345, 0.0048552500084, -0.00539251789451, 0.00424667680636, -0.00295407138765, 0.00455144513398, -0.00440063420683], [0.000620023231022, -0.00468741124496, 0.00265611498617, -0.00543962279335, 0.0100282337517, -0.00337447179481, 0.000282853405224, -0.00341836921871, 0.00180675403681, -0.00451711239293, 0.00454768305644, -0.00460531516001, 0.00265021761879], [-0.00086273800116, 0.00466636847705, -0.004254758358, 0.00318981823511, -0.00337447179481, 0.0123283099383, -0.00468520540744, 0.00149834249169, -0.00135650509037, 0.00393724953756, -0.0050206775777, 0.00486405426636, -0.00294440449215], [0.00020304750069, -0.00510757509619, 0.00317572336644, -0.00230152276345, 0.000282853405224, -0.00468520540744, 0.0107719087973, -0.00515725649893, 0.00292098638602, -0.00372465350665, 0.000352502247551, -0.00389044196345, 0.00437467591837], [-0.000468538259156, 0.00554546108469, -0.00377513561398, 0.0048552500084, -0.00341836921871, 0.00149834249169, -0.00515725649893, 0.0156557671726, -0.00737923290581, 0.00367072364315, -0.00314753619023, 0.00505502009764, -0.00359239941463], [0.000382147380151, -0.00414647022262, 0.00277989916503, -0.00539251789451, 0.00180675403681, -0.00135650509037, 0.00292098638602, -0.00737923290581, 0.0154887698591, -0.00734803266823, 0.00189600768499, -0.00110464659519, -0.000587815942708], [-0.00022924807854, 0.00579480128363, -0.00336817093194, 0.00424667680636, -0.00451711239293, 0.00393724953756, -0.00372465350665, 0.00367072364315, -0.00734803266823, 0.01712343283, -0.00378190772608, 0.00105950166471, -0.0024502130691], [0.000625852146186, -0.00465975096449, 0.00314958253875, -0.00295407138765, 0.00454768305644, -0.0050206775777, 0.000352502247551, -0.00314753619023, 0.00189600768499, -0.00378190772608, 0.0143749993294, -0.00622481713071, 0.00094790069852], [-0.000623357365839, 0.00618373043835, -0.00385751947761, 0.00455144513398, -0.00460531516001, 0.00486405426636, -0.00389044196345, 0.00505502009764, -0.00110464659519, 0.00105950166471, -0.00622481713071, 0.0173892378807, -0.00645478162915], [0.000900039274711, -0.00362604949623, 0.0031755825039, -0.00440063420683, 0.00265021761879, -0.00294440449215, 0.00437467591837, -0.00359239941463, -0.000587815942708, -0.0024502130691, 0.00094790069852, -0.00645478162915, 0.0143756465986]]
    },
    "melbands": {
        "dmean": [0.000601345323958, 0.00101841718424, 0.000393308408093, 0.000308333779685, 0.00025646830909, 0.000170186773175, 0.000124227502965, 0.000116292678285, 0.000156676251208, 0.000188066696865, 0.000116388022434, 8.68743663887e-05, 4.84814918309e-05, 4.1328734369e-05, 4.30708532804e-05, 6.16145916865e-05, 3.10510731651e-05, 4.07176121371e-05, 3.38507961715e-05, 2.66808801825e-05, 1.92074967345e-05, 1.46242282426e-05, 2.23806837312e-05, 1.47384580487e-05, 1.12432580863e-05, 1.07320493044e-05, 9.36457036005e-06, 5.24464940099e-06, 4.24078507422e-06, 2.59357580035e-06, 2.37910649048e-06, 2.12664849641e-06, 6.27401186648e-06, 7.2976786214e-06, 4.40085977971e-06, 2.62921230387e-06, 2.80772883343e-06, 1.90213245332e-06, 2.15487420974e-06, 1.46433944792e-06],
        "dmean2": [0.000922702427488, 0.00157558429055, 0.000620913982857, 0.000473125546705, 0.000406365667004, 0.000278108229395, 0.000194796128199, 0.00017821280926, 0.000235597370192, 0.000292373792036, 0.000184147400432, 0.000134497488034, 7.50082253944e-05, 6.58072822262e-05, 6.62373931846e-05, 9.01789026102e-05, 4.78219044453e-05, 6.49227586109e-05, 5.40239525435e-05, 4.16163857153e-05, 2.9736178476e-05, 2.36899468291e-05, 3.61565362255e-05, 2.28703229368e-05, 1.69541599462e-05, 1.66634508787e-05, 1.45672684084e-05, 8.30823591969e-06, 6.69951896271e-06, 4.07552261095e-06, 3.98908696297e-06, 3.48159937857e-06, 1.0868661775e-05, 1.29898116938e-05, 7.46406976759e-06, 4.56918405689e-06, 4.95873791806e-06, 3.24714028466e-06, 3.78991398975e-06, 2.59729358731e-06],
        "dvar": [1.14564397791e-06, 2.52568020187e-06, 6.02730438004e-07, 6.01009901402e-07, 3.85279520287e-07, 1.33260229518e-07, 6.03993939308e-08, 5.70517748599e-08, 1.40370957524e-07, 1.98270043938e-07, 7.20113604302e-08, 3.40613688365e-08, 9.10127084808e-09, 9.71620117696e-09, 1.15839204895e-08, 3.51212570138e-08, 6.15487216749e-09, 5.38704458819e-09, 3.96878663267e-09, 2.34240915553e-09, 1.12827014398e-09, 9.19442189051e-10, 1.63835900402e-09, 6.13198769539e-10, 2.71394157147e-10, 2.82764672788e-10, 2.13936063309e-10, 7.06821823293e-11, 5.83870035653e-11, 1.84503193973e-11, 1.93257077008e-11, 1.3144523664e-11, 2.02131589244e-10, 3.43889167143e-10, 8.8789850472e-11, 2.98256835896e-11, 3.61252174008e-11, 1.19013705141e-11, 2.46309691393e-11, 1.31681445262e-11],
        "dvar2": [2.15763975575e-06, 6.01785859544e-06, 1.50295340973e-06, 1.33644368816e-06, 9.36557398745e-07, 3.23146338133e-07, 1.35481514008e-07, 1.23173435895e-07, 3.26813733409e-07, 4.74000501072e-07, 1.73389636871e-07, 8.19759478077e-08, 2.18865796597e-08, 2.45745859218e-08, 2.75303442265e-08, 6.54584795257e-08, 1.1649717635e-08, 1.26952315327e-08, 9.42120692571e-09, 5.59732749039e-09, 2.61677635116e-09, 2.37611219589e-09, 4.35883729111e-09, 1.46779954857e-09, 5.44472023023e-10, 6.91008861242e-10, 4.85482432033e-10, 1.64068120201e-10, 1.38557970653e-10, 4.71935268642e-11, 5.11868117337e-11, 3.30952105998e-11, 5.42231315404e-10, 9.46127620693e-10, 2.24334051335e-10, 8.00217461738e-11, 9.87152790066e-11, 3.15936894701e-11, 6.7240164825e-11, 3.66577948552e-11],
        "max": [0.0102567672729, 0.0201490912586, 0.0113634141162, 0.0118723046035, 0.00721772899851, 0.00683813123032, 0.00451280036941, 0.00469302898273, 0.00802947673947, 0.00476622115821, 0.0043873488903, 0.00234034168534, 0.00146520347334, 0.00179364986252, 0.00242897099815, 0.00493455026299, 0.00185542041436, 0.0012095135171, 0.000797077664174, 0.000656455114949, 0.000579576881137, 0.000511858554091, 0.000651835056487, 0.000297903548926, 0.000284539739368, 0.000238714579609, 0.000184297314263, 8.16752872197e-05, 9.23531697481e-05, 4.48581813544e-05, 3.9207359805e-05, 3.05253743136e-05, 0.000111100278446, 0.000207154400414, 7.90154663264e-05, 4.59882503492e-05, 4.11648543377e-05, 2.69412648777e-05, 4.60628616565e-05, 3.98327938456e-05],
        "mean": [0.00256690336391, 0.00330105330795, 0.000755616172682, 0.000412438239437, 0.00031299807597, 0.000251734862104, 0.000210830083233, 0.000169649501913, 0.000238107284531, 0.000256518949755, 0.000173436405021, 0.000117816292914, 8.16083847894e-05, 6.38437486487e-05, 6.44524625386e-05, 9.31245522224e-05, 4.5540244173e-05, 5.85536909057e-05, 5.00271671626e-05, 3.82497710234e-05, 2.94322308036e-05, 2.08829915209e-05, 3.43356077792e-05, 2.22087510338e-05, 2.17552042159e-05, 1.91588496818e-05, 1.613211316e-05, 7.77602690505e-06, 6.05395416642e-06, 3.66435051546e-06, 2.84294924313e-06, 2.70397617896e-06, 5.20573530594e-06, 5.73426405026e-06, 3.82606003768e-06, 2.34545632338e-06, 2.48801234193e-06, 2.04311231755e-06, 1.80858125987e-06, 1.0955475318e-06],
        "median": [0.00128463713918, 0.00361646409146, 0.00051888555754, 0.000156177731697, 0.000106646853965, 0.000120776632684, 9.91289416561e-05, 7.81954586273e-05, 7.89873665781e-05, 6.84576662024e-05, 4.59662478534e-05, 3.78604781872e-05, 2.14988176594e-05, 2.69858519459e-05, 2.34091894527e-05, 2.36332143686e-05, 1.5383840946e-05, 2.38124757743e-05, 1.73224452737e-05, 1.38865516419e-05, 1.11119516077e-05, 7.64726792113e-06, 1.3245905393e-05, 1.07727491923e-05, 1.15543343782e-05, 9.96101971396e-06, 8.2960623331e-06, 3.34897231369e-06, 2.25430903811e-06, 1.59488206464e-06, 1.24959012737e-06, 1.36750259117e-06, 1.14591341571e-06, 1.1113961591e-06, 8.54606923895e-07, 5.93857691911e-07, 5.54971620659e-07, 5.2389219718e-07, 3.53277869181e-07, 1.52430828848e-07],
        "min": [2.34529679233e-07, 3.65185258033e-07, 1.12619858328e-07, 2.06525783142e-07, 6.1917705807e-07, 7.30693557216e-07, 7.52950597871e-07, 7.0447674716e-07, 9.18756256851e-07, 3.46508045368e-07, 8.90548278676e-07, 3.21446918861e-07, 3.38640433029e-07, 3.50903860635e-07, 1.48905584751e-07, 8.19202483626e-08, 1.68133936995e-07, 4.24331744853e-07, 2.79369686496e-07, 1.49646169234e-07, 1.21574501577e-07, 6.9936895386e-08, 8.6620261186e-08, 6.02889613788e-08, 2.59149732784e-08, 4.41516618821e-08, 3.7554837462e-08, 1.86168307437e-08, 1.82996924281e-08, 1.61994098136e-08, 1.23382548622e-08, 1.07262305704e-08, 6.16200557246e-09, 3.68025765418e-09, 3.33307670353e-09, 3.35719207989e-09, 2.2480026729e-09, 1.11711662143e-09, 6.09851502631e-10, 3.0971107623e-11],
