{
"highlevel": {
    "danceability": {
        "all": {
            "danceable": 0.942639827728,
            "not_danceable": 0.0573601685464
        },
        "probability": 0.942639827728,
        "value": "danceable"
    },
    "gender": {
        "all": {
            "female": 0.0539507083595,
            "male": 0.946049273014
        },
        "probability": 0.946049273014,
        "value": "male"
    },
    "genre_dortmund": {
        "all": {
            "alternative": 0.0572131127119,
            "blues": 0.24707993865,
            "electronic": 0.0713803544641,
            "folkcountry": 0.049167778343,
            "funksoulrnb": 0.0565354786813,
            "jazz": 0.218037322164,
            "pop": 0.0395029187202,
            "raphiphop": 0.063401311636,
            "rock": 0.197681769729
        },
        "probability": 0.24707993865,
        "value": "blues"
    },
    "genre_electronic": {
        "all": {
            "ambient": 0.366285890341,
            "dnb": 0.166950970888,
            "house": 0.332623243332,
            "techno": 0.0251623075455,
            "trance": 0.108977593482
        },
        "probability": 0.366285890341,
        "value": "ambient"
    },
    "genre_rosamerica": {
        "all": {
            "cla": 0.0261380560696,
            "dan": 0.155500099063,
            "hip": 0.307361483574,
            "jaz": 0.0451771989465,
            "pop": 0.281951129436,
            "rhy": 0.103969864547,
            "roc": 0.0720269680023,
            "spe": 0.00787520594895
        },
        "probability": 0.307361483574,
        "value": "hip"
    },
    "genre_tzanetakis": {
        "all": {
            "blu": 0.0620671063662,
            "cla": 0.034474901855,
            "cou": 0.103433981538,
            "dis": 0.0620971247554,
            "hip": 0.15527240932,
            "jaz": 0.310666948557,
            "met": 0.044346679002,
            "pop": 0.0620793737471,
            "reg": 0.0620816536248,
            "roc": 0.103479810059
        },
        "probability": 0.310666948557,
        "value": "jaz"
    },
    "ismir04_rhythm": {
        "all": {
            "ChaChaCha": 0.163569658995,
            "Jive": 0.599061608315,
            "Quickstep": 0.0266938209534,
            "Rumba-American": 0.0211103446782,
            "Rumba-International": 0.0149922417477,
            "Rumba-Misc": 0.00278569338843,
            "Samba": 0.153227478266,
            "Tango": 0.00498494785279,
            "VienneseWaltz": 0.0124204345047,
            "Waltz": 0.00115378620103
        },
        "probability": 0.599061608315,
        "value": "Jive"
    },
    "mood_acoustic": {
        "all": {
            "acoustic": 0.0811919048429,
            "not_acoustic": 0.918808102608
        },
        "probability": 0.918808102608,
        "value": "not_acoustic"
    },
    "mood_aggressive": {
        "all": {
            "aggressive": 0.331923961639,
            "not_aggressive": 0.668076038361
        },
        "probability": 0.668076038361,
        "value": "not_aggressive"
    },
    "mood_electronic": {
        "all": {
            "electronic": 0.563523769379,
            "not_electronic": 0.436476200819
        },
        "probability": 0.563523769379,
        "value": "electronic"
    },
    "mood_happy": {
        "all": {
            "happy": 0.945838451385,
            "not_happy": 0.0541615523398
        },
        "probability": 0.945838451385,
        "value": "happy"
    },
    "mood_party": {
        "all": {
            "not_party": 0.231662690639,
            "party": 0.768337309361
        },
        "probability": 0.768337309361,
        "value": "party"
    },
    "mood_relaxed": {
        "all": {
            "not_relaxed": 0.973730027676,
            "relaxed": 0.0262699984014
        },
        "probability": 0.973730027676,
        "value": "not_relaxed"
    },
    "mood_sad": {
        "all": {
            "not_sad": 0.85522967577,
            "sad": 0.14477032423
        },
        "probability": 0.85522967577,
        "value": "not_sad"
    },
    "moods_mirex": {
        "all": {
            "Cluster1": 0.262328982353,
            "Cluster2": 0.329733520746,
            "Cluster3": 0.0388728380203,
            "Cluster4": 0.194489717484,
            "Cluster5": 0.174574941397
        },
        "probability": 0.329733520746,
        "value": "Cluster2"
    },
    "timbre": {
        "all": {
            "bright": 0.994588136673,
            "dark": 0.00541188986972
        },
        "probability": 0.994588136673,
        "value": "bright"
    },
    "tonal_atonal": {
        "all": {
            "atonal": 0.0420843586326,
            "tonal": 0.957915663719
        },
        "probability": 0.957915663719,
        "value": "tonal"
    },
    "voice_instrumental": {
        "all": {
            "instrumental": 0.62760591507,
            "voice": 0.372394114733
        },
        "probability": 0.62760591507,
        "value": "instrumental"
    }
},
"lowlevel": {
    "average_loudness": 0.978024303913,
    "barkbands_crest": {
        "dmean": 3.28377795219,
        "dmean2": 5.25741529465,
        "dvar": 7.84806156158,
        "dvar2": 18.3946304321,
        "max": 24.9384651184,
        "mean": 10.1927585602,
        "median": 9.55559921265,
        "min": 2.37017893791,
        "var": 19.3680953979
    },
    "barkbands_flatness_db": {
        "dmean": 0.0310934800655,
        "dmean2": 0.0467800758779,
        "dvar": 0.000773208856117,
        "dvar2": 0.00162946525961,
        "max": 0.351344466209,
        "mean": 0.147597000003,
        "median": 0.140292435884,
        "min": 0.0443528220057,
        "var": 0.00243868306279
    },
    "barkbands_kurtosis": {
        "dmean": 5.96952724457,
        "dmean2": 9.36355209351,
        "dvar": 145.041671753,
        "dvar2": 286.316772461,
        "max": 169.624206543,
        "mean": 5.78042221069,
        "median": 0.244812726974,
        "min": -1.84774899483,
        "var": 240.543426514
    },
    "barkbands_skewness": {
        "dmean": 0.987408041954,
        "dmean2": 1.43451571465,
        "dvar": 1.0267226696,
        "dvar2": 1.94402182102,
        "max": 11.3482608795,
        "mean": 1.46656560898,
        "median": 1.00676608086,
        "min": -1.05417084694,
        "var": 3.19454240799
    },
    "barkbands_spread": {
        "dmean": 9.36619567871,
        "dmean2": 14.0719041824,
        "dvar": 83.2716445923,
        "dvar2": 180.356384277,
        "max": 88.8031005859,
        "mean": 25.8795166016,
        "median": 24.4320697784,
        "min": 1.03959023952,
        "var": 217.526824951
    },
    "dissonance": {
        "dmean": 0.0205781515688,
        "dmean2": 0.0349522642791,
        "dvar": 0.000344549276633,
        "dvar2": 0.000988744897768,
        "max": 0.49958088994,
        "mean": 0.46848872304,
        "median": 0.473949015141,
        "min": 0.34948065877,
        "var": 0.00048794579925
    },
    "dynamic_complexity": 2.50247955322,
    "erbbands_crest": {
        "dmean": 2.85969543457,
        "dmean2": 4.4498167038,
        "dvar": 6.75455236435,
        "dvar2": 16.1631584167,
        "max": 21.916425705,
        "mean": 9.07042789459,
        "median": 8.29821300507,
        "min": 2.59908604622,
        "var": 14.6548538208
    },
    "erbbands_flatness_db": {
        "dmean": 0.027923123911,
        "dmean2": 0.0380046926439,
        "dvar": 0.000456637470052,
        "dvar2": 0.000886104244273,
        "max": 0.257852762938,
        "mean": 0.157940849662,
        "median": 0.157161951065,
        "min": 0.0656929165125,
        "var": 0.0017622896703
    },
    "erbbands_kurtosis": {
        "dmean": 1.0384272337,
        "dmean2": 1.68553113937,
        "dvar": 1.63065195084,
        "dvar2": 3.94683408737,
        "max": 13.0884284973,
        "mean": 0.490525960922,
        "median": 0.325315475464,
        "min": -1.73232936859,
        "var": 2.21483397484
    },
    "erbbands_skewness": {
        "dmean": 0.459069609642,
        "dmean2": 0.725600540638,
        "dvar": 0.213560804725,
        "dvar2": 0.507665872574,
        "max": 3.47407698631,
        "mean": 0.082082875073,
        "median": -0.00702908402309,
        "min": -2.24748063087,
        "var": 0.451633095741
    },
    "erbbands_spread": {
        "dmean": 14.9619703293,
        "dmean2": 22.0424747467,
        "dvar": 222.075698853,
        "dvar2": 482.953704834,
        "max": 142.405838013,
        "mean": 38.7155036926,
        "median": 31.7321987152,
        "min": 10.1646337509,
        "var": 510.246429443
    },
    "hfc": {
        "dmean": 13.4189071655,
        "dmean2": 19.0505752563,
        "dvar": 243.981903076,
        "dvar2": 449.475158691,
        "max": 123.440063477,
        "mean": 25.0588626862,
        "median": 18.2815856934,
        "min": 0.371593505144,
        "var": 534.177001953
    },
    "melbands_crest": {
        "dmean": 4.0896987915,
        "dmean2": 6.54817008972,
        "dvar": 12.1940040588,
        "dvar2": 29.2103786469,
        "max": 32.7058753967,
        "mean": 15.0111980438,
        "median": 14.8385267258,
        "min": 3.34294915199,
        "var": 31.3319168091
    },
    "melbands_flatness_db": {
        "dmean": 0.0402565225959,
        "dmean2": 0.0577808208764,
        "dvar": 0.00130537792575,
        "dvar2": 0.00262183556333,
        "max": 0.451224029064,
        "mean": 0.186849728227,
        "median": 0.175135910511,
        "min": 0.0253637973219,
        "var": 0.00514927925542
    },
    "melbands_kurtosis": {
        "dmean": 16.9249038696,
        "dmean2": 26.0501880646,
        "dvar": 1095.19311523,
        "dvar2": 2343.77856445,
        "max": 465.954437256,
        "mean": 19.5153999329,
        "median": 4.82042503357,
        "min": -1.38342738152,
        "var": 1648.81958008
    },
    "melbands_skewness": {
        "dmean": 1.43178105354,
        "dmean2": 2.06937646866,
        "dvar": 2.25490379333,
        "dvar2": 4.5708656311,
        "max": 17.1435890198,
        "mean": 2.82387518883,
        "median": 2.19073963165,
        "min": -0.370254993439,
        "var": 6.1190571785
    },
    "melbands_spread": {
        "dmean": 12.801990509,
        "dmean2": 19.4591789246,
        "dvar": 193.176452637,
        "dvar2": 439.985870361,
        "max": 126.720794678,
        "mean": 30.609205246,
        "median": 28.7771034241,
        "min": 0.685991227627,
        "var": 442.025268555
    },
    "pitch_salience": {
        "dmean": 0.100095614791,
        "dmean2": 0.157228037715,
        "dvar": 0.0077442782931,
        "dvar2": 0.0174887217581,
        "max": 0.86938637495,
        "mean": 0.54488503933,
        "median": 0.564848303795,
        "min": 0.0709313079715,
        "var": 0.0201235339046
    },
    "silence_rate_20dB": {
        "dmean": 0,
        "dmean2": 0,
        "dvar": 0,
        "dvar2": 0,
        "max": 1,
        "mean": 1,
        "median": 1,
        "min": 1,
        "var": 0
    },
    "silence_rate_30dB": {
        "dmean": 0.0030959751457,
        "dmean2": 0.00619674660265,
        "dvar": 0.00308637786657,
        "dvar2": 0.00925668515265,
        "max": 1,
        "mean": 0.998453199863,
        "median": 1,
        "min": 0,
        "var": 0.00154439569451
    },
    "silence_rate_60dB": {
        "dmean": 0.0464396290481,
        "dmean2": 0.0929512009025,
        "dvar": 0.0442825220525,
        "dvar2": 0.102900087833,
        "max": 1,
        "mean": 0.040989946574,
        "median": 0,
        "min": 0,
        "var": 0.039309039712
    },
    "spectral_centroid": {
        "dmean": 414.530914307,
        "dmean2": 610.06628418,
        "dvar": 174517.53125,
        "dvar2": 383761.65625,
        "max": 3907.18286133,
        "mean": 1520.49890137,
        "median": 1522.30371094,
        "min": 169.513961792,
        "var": 518560.1875
    },
    "spectral_complexity": {
        "dmean": 5.55882358551,
        "dmean2": 7.91169643402,
        "dvar": 30.4941921234,
        "dvar2": 59.1897888184,
        "max": 47,
        "mean": 15.8584690094,
        "median": 14,
        "min": 0,
        "var": 89.3867721558
    },
    "spectral_decrease": {
        "dmean": 3.65948915615e-09,
        "dmean2": 5.43147926635e-09,
        "dvar": 1.97723430273e-17,
        "dvar2": 4.41665875058e-17,
        "max": -6.14330392112e-11,
        "mean": -6.46182751751e-09,
        "median": -5.09651520986e-09,
        "min": -3.37589227684e-08,
        "var": 3.13365066618e-17
    },
    "spectral_energy": {
        "dmean": 0.0147859863937,
        "dmean2": 0.0217823460698,
        "dvar": 0.000302012718748,
        "dvar2": 0.000659385754261,
        "max": 0.131666749716,
        "mean": 0.0266613122076,
        "median": 0.0212832484394,
        "min": 0.000268322502961,
        "var": 0.000502286478877
    },
    "spectral_energyband_high": {
        "dmean": 0.000960302597377,
        "dmean2": 0.00144411670044,
        "dvar": 2.50427228821e-06,
        "dvar2": 5.98615542913e-06,
        "max": 0.00997732859105,
        "mean": 0.0011339810444,
        "median": 0.000463752978249,
        "min": 3.08338712784e-06,
        "var": 2.79763889921e-06
    },
    "spectral_energyband_low": {
        "dmean": 0.0075672804378,
        "dmean2": 0.0116918971762,
        "dvar": 0.00020407960983,
        "dvar2": 0.00047484744573,
        "max": 0.111648239195,
        "mean": 0.0102357082069,
        "median": 0.00485753640532,
        "min": 5.90838226344e-06,
        "var": 0.000251215038588
    },
    "spectral_energyband_middle_high": {
        "dmean": 0.00414617685601,
        "dmean2": 0.00568717066199,
        "dvar": 2.9197683034e-05,
        "dvar2": 4.19917560066e-05,
        "max": 0.0469110533595,
        "mean": 0.00820573698729,
        "median": 0.00510566681623,
        "min": 1.01083551272e-05,
        "var": 7.66662924434e-05
    },
    "spectral_energyband_middle_low": {
        "dmean": 0.00712811015546,
        "dmean2": 0.0119878109545,
        "dvar": 0.000133053501486,
        "dvar2": 0.000347041437635,
        "max": 0.103824868798,
        "mean": 0.00816590618342,
        "median": 0.00426829466596,
        "min": 0.000105257095129,
        "var": 0.000122332028695
    },
    "spectral_entropy": {
        "dmean": 0.301320284605,
        "dmean2": 0.424938052893,
        "dvar": 0.0585586726665,
        "dvar2": 0.122266292572,
        "max": 8.50619792938,
        "mean": 7.53447437286,
        "median": 7.55518531799,
        "min": 5.7786860466,
        "var": 0.191290006042
    },
    "spectral_flux": {
        "dmean": 0.0431986153126,
        "dmean2": 0.0660706013441,
        "dvar": 0.00165077392012,
        "dvar2": 0.00310906278901,
        "max": 0.326688826084,
        "mean": 0.101314842701,
        "median": 0.0891731381416,
        "min": 0.0139713808894,
        "var": 0.00332296499982
    },
    "spectral_kurtosis": {
        "dmean": 1.99823343754,
        "dmean2": 3.25055217743,
        "dvar": 4.75431728363,
        "dvar2": 12.9517555237,
        "max": 18.9200172424,
        "mean": 3.773447752,
        "median": 3.13569641113,
        "min": -0.335780382156,
        "var": 7.3781337738
    },
    "spectral_rms": {
        "dmean": 0.00141552218702,
        "dmean2": 0.00201880303212,
        "dvar": 1.85155954568e-06,
        "dvar2": 3.71056512449e-06,
        "max": 0.0113338157535,
        "mean": 0.00466025341302,
        "median": 0.00455676903948,
        "min": 0.000511642487254,
        "var": 4.29307829108e-06
    },
    "spectral_rolloff": {
        "dmean": 839.48046875,
        "dmean2": 1312.10876465,
        "dvar": 1459955.5,
        "dvar2": 3167662,
        "max": 10228.2714844,
        "mean": 1822.24536133,
        "median": 1614.99023438,
        "min": 64.599609375,
        "var": 2609733.75
    },
    "spectral_skewness": {
        "dmean": 0.305582582951,
        "dmean2": 0.479301482439,
        "dvar": 0.0865978226066,
        "dvar2": 0.208586320281,
        "max": 3.39531731606,
        "mean": 1.45042967796,
        "median": 1.40028917789,
        "min": 0.384305208921,
        "var": 0.185820370913
    },
    "spectral_spread": {
        "dmean": 980136.625,
        "dmean2": 1385371.5,
        "dvar": 714135109632,
        "dvar2": 1.36585517466e+12,
        "max": 11610057,
        "mean": 4911158,
        "median": 4542391,
        "min": 2149164.5,
        "var": 2.85105533747e+12
    },
    "spectral_strongpeak": {
        "dmean": 0.824058592319,
        "dmean2": 1.35971927643,
        "dvar": 1.5202870369,
        "dvar2": 2.98259925842,
        "max": 7.2160577774,
        "mean": 1.11121809483,
        "median": 0.404225796461,
        "min": 0.0230190828443,
        "var": 2.24459028244
    },
    "zerocrossingrate": {
        "dmean": 0.0167379938066,
        "dmean2": 0.0192956198007,
        "dvar": 0.000302362575894,
        "dvar2": 0.000349577399902,
        "max": 0.283203125,
        "mean": 0.0653598234057,
        "median": 0.0556640625,
        "min": 0.005859375,
        "var": 0.00162516743876
    },
    "barkbands": {
        "dmean": [0.000136429356644, 0.00427119480446, 0.00399949215353, 0.00216923723929, 0.00415422394872, 0.00067735358607, 0.00038084803964, 0.000357027602149, 0.000356509786798, 0.000299912178889, 0.00038668725756, 0.00134954904206, 0.000584378023632, 0.000407043029554, 0.000516597589012, 0.000523875991348, 0.000344000844052, 0.000461674848339, 0.000247273914283, 0.000142943637911, 0.00026347572566, 0.000182883915841, 0.000174352302565, 0.000182497489732, 9.30137030082e-05, 4.5619897719e-05, 2.60700847576e-08],
        "dmean2": [0.000223036287935, 0.00667352089658, 0.00715070962906, 0.00383195863105, 0.00720823602751, 0.00114853167906, 0.000663001148496, 0.000559154199436, 0.000581955246162, 0.000438606337411, 0.000596309255343, 0.00192700594198, 0.000860005849972, 0.000622697174549, 0.000761905976105, 0.000757621834055, 0.000505398784298, 0.000672269030474, 0.000375760893803, 0.00022040818294, 0.000415988295572, 0.000285831745714, 0.000271068187431, 0.000286740367301, 0.000142778022564, 6.78251308273e-05, 4.61635956128e-08],
        "dvar": [7.65846479567e-08, 8.19339402369e-05, 8.51603981573e-05, 1.64229895745e-05, 6.30406793789e-05, 1.20616198274e-06, 6.80823575294e-07, 3.71474044414e-07, 4.74934012118e-07, 2.36957220068e-07, 6.1235124349e-07, 6.52568360238e-06, 2.14270789911e-06, 5.79287529945e-07, 6.41229405574e-07, 8.68776623975e-07, 2.53518095406e-07, 5.96734480496e-07, 1.4972856377e-07, 5.29378532121e-08, 2.83352193264e-07, 8.93324383355e-08, 9.5435439107e-08, 1.22194094843e-07, 2.92618551612e-08, 9.95641880053e-09, 8.63768708929e-15],
        "dvar2": [2.07871011071e-07, 0.000188967649592, 0.000240198918618, 4.41585398221e-05, 0.000166490484844, 3.12349220621e-06, 1.88600324691e-06, 8.71316103712e-07, 1.09533209525e-06, 3.85020598515e-07, 1.34307231292e-06, 1.0658550309e-05, 3.32445620188e-06, 1.08214646843e-06, 1.23418874409e-06, 1.66875543073e-06, 4.92082051551e-07, 1.03828404008e-06, 3.00204192172e-07, 1.25184755007e-07, 7.07081539986e-07, 2.14180431612e-07, 2.36126155073e-07, 3.11990049795e-07, 6.71922606443e-08, 2.0712542792e-08, 2.35500383978e-14],
        "max": [0.00275275600143, 0.0942791551352, 0.0659719705582, 0.0316650718451, 0.0784782469273, 0.0130572095513, 0.0129431840032, 0.00820749625564, 0.00850356649607, 0.00489677581936, 0.00866785738617, 0.0233402885497, 0.0186535809189, 0.00954941660166, 0.00884634628892, 0.0125997485593, 0.00534350983799, 0.00934328790754, 0.0056325327605, 0.00206004991196, 0.00546823488548, 0.00240864674561, 0.00222873687744, 0.00269991322421, 0.00193274149206, 0.00133993488271, 1.52287930177e-06],
        "mean": [0.000149238854647, 0.00511719053611, 0.00400516530499, 0.00189582013991, 0.00389325735159, 0.000707091530785, 0.000398134812713, 0.000522210553754, 0.000496789172757, 0.000497803324834, 0.000685217790306, 0.00200232188217, 0.000948460015934, 0.000709592131898, 0.000808255397715, 0.000921071157791, 0.000548306270503, 0.000747583457269, 0.000392976915464, 0.000194966080016, 0.000301713414956, 0.000223597540753, 0.000184305739822, 0.000174114509718, 9.20199163374e-05, 4.41189804405e-05, 1.82861352727e-08],
        "median": [2.52905065281e-05, 0.000976249866653, 0.00157980201766, 0.000477605208289, 0.00121349480469, 0.000306498230202, 0.000137113383971, 0.000170069848537, 0.00014449529408, 0.000146141697769, 0.000106946528831, 0.000307508045807, 9.7565993201e-05, 0.000175932073034, 0.000234568899032, 0.000187940095202, 0.000226351199672, 0.000250305893132, 0.000155259098392, 7.25155405235e-05, 9.92859131657e-05, 8.31509387353e-05, 6.90875531291e-05, 5.40545152035e-05, 1.79142261914e-05, 4.77621961181e-06, 6.86927348337e-10],
        "min": [2.29949108643e-08, 1.63909430739e-06, 6.83614302943e-07, 9.05691479147e-07, 1.57981339726e-05, 2.34835579249e-06, 9.03177920009e-07, 6.5567354568e-07, 6.75066473832e-07, 6.19063769136e-07, 1.00797694813e-06, 1.32895945626e-06, 4.45996505505e-07, 7.28659586002e-07, 4.79678533338e-07, 6.78151195643e-07, 4.79285859001e-07, 2.00340494416e-07, 2.9590822237e-07, 1.49369085989e-07, 6.40607311198e-07, 7.50025151319e-07, 4.61413350195e-07, 5.76880211156e-07, 8.92396645469e-09, 6.45080560149e-12, 7.04603736468e-12],
        "var": [9.14763660376e-08, 9.95009104372e-05, 5.94813027419e-05, 1.29921527332e-05, 5.34423234058e-05, 1.12277075459e-06, 5.69526150684e-07, 6.02411546424e-07, 8.47708918172e-07, 6.31588591204e-07, 1.71542183125e-06, 1.25402393678e-05, 5.24412962477e-06, 1.4451924244e-06, 1.39046278491e-06, 2.21364439312e-06, 6.15620137978e-07, 1.30588864522e-06, 2.89517828378e-07, 7.55155014076e-08, 2.77167941931e-07, 1.03075613822e-07, 9.36858839395e-08, 1.0817456797e-07, 3.24994609002e-08, 1.20814247495e-08, 5.68817098322e-15]
    },
    "erbbands": {
        "dmean": [0.0765307247639, 1.18573117256, 4.35315418243, 5.8702287674, 11.3259019852, 15.8763980865, 6.21354055405, 5.48771572113, 5.78756380081, 4.90051984787, 8.24455451965, 8.45717716217, 10.0819168091, 11.1288108826, 20.7717132568, 60.2036743164, 27.6032943726, 20.1546115875, 27.7343177795, 21.9734401703, 26.7050380707, 17.8499641418, 29.101026535, 11.8865509033, 11.4249897003, 7.39279270172, 11.1170988083, 8.58123683929, 6.77434444427, 5.8760881424, 4.99318265915, 4.58756923676, 2.50502634048, 1.15656888485, 0.639099895954, 0.264009773731, 0.0768128931522, 0.00466307671741, 0.000106946259621, 2.35394963966e-05],
        "dmean2": [0.115326471627, 1.83306229115, 7.48227882385, 10.3852863312, 19.7274017334, 27.6336994171, 10.5249681473, 9.32296180725, 9.98728084564, 8.32877445221, 12.5885486603, 13.4855031967, 15.2917585373, 17.4437522888, 29.690700531, 86.1521911621, 39.402633667, 30.1639595032, 41.1839523315, 32.2187156677, 39.0900344849, 25.6056232452, 42.1360092163, 17.6038722992, 17.3177776337, 11.2854833603, 17.6582832336, 13.4006023407, 10.5515184402, 9.34003543854, 7.71581935883, 7.29061794281, 3.91233706474, 1.81035470963, 0.977405011654, 0.399219334126, 0.113842926919, 0.00677275285125, 0.000153611865244, 3.33932875947e-05],
        "dvar": [0.0188511200249, 6.57219362259, 95.0981445312, 128.85585022, 479.382843018, 963.779724121, 138.443939209, 84.0816192627, 136.770446777, 83.2135696411, 202.868621826, 296.231536865, 285.137969971, 542.651855469, 1207.81506348, 12850.9667969, 3684.70947266, 1176.51953125, 2557.23925781, 1431.40698242, 1873.05334473, 665.635070801, 2439.53955078, 321.02432251, 305.445831299, 148.360015869, 629.182495117, 230.278656006, 117.023162842, 104.680702209, 75.9527053833, 83.8411407471, 20.2073707581, 4.57425880432, 1.45623612404, 0.294075727463, 0.0312484204769, 0.000144214020111, 5.38146949225e-08, 6.68197053244e-10],
        "dvar2": [0.0414523072541, 15.5078144073, 258.961273193, 355.575836182, 1284.72167969, 2588.91503906, 372.343170166, 218.419418335, 375.396972656, 227.042098999, 461.350585938, 644.542480469, 514.913208008, 1229.40600586, 2068.29638672, 20799.8007812, 5663.56542969, 2307.55493164, 4761.37353516, 2763.60449219, 3461.32373047, 1213.62121582, 4331.10986328, 571.304626465, 623.338378906, 347.351715088, 1619.74414062, 560.60534668, 280.657470703, 262.723632812, 185.882873535, 215.724945068, 50.0038414001, 10.8928928375, 3.30017447472, 0.642800450325, 0.0643161162734, 0.000311134004733, 1.13151045866e-07, 1.38191091903e-09],
        "max": [1.40867269039, 25.3545951843, 69.7797851562, 87.7363891602, 199.639358521, 347.624053955, 176.720565796, 131.747833252, 169.536132812, 106.690841675, 163.381851196, 235.990844727, 191.068145752, 271.112762451, 453.451812744, 978.496337891, 702.092590332, 427.858062744, 549.566894531, 451.663208008, 449.316711426, 285.468811035, 606.811584473, 230.000442505, 209.169281006, 134.686096191, 297.288696289, 118.658790588, 89.7006759644, 98.4718017578, 62.4558372498, 68.2801132202, 31.9054222107, 18.1171607971, 15.2315397263, 7.31115341187, 2.09026312828, 0.175946623087, 0.00311074499041, 0.000183216252481],
        "mean": [0.107903525233, 1.29895043373, 4.58204841614, 5.60375547409, 10.1200799942, 14.9231328964, 5.91847085953, 5.76413536072, 6.39561748505, 6.46222305298, 12.5096187592, 12.8321418762, 15.6797838211, 17.9922981262, 40.0563240051, 91.8821334839, 47.2830963135, 38.0163574219, 44.1425247192, 41.5747337341, 45.5872154236, 32.4223632812, 46.1098480225, 20.2590236664, 18.5808200836, 10.3830299377, 12.4323177338, 10.1937599182, 8.35235500336, 6.8131070137, 5.21454811096, 4.36911439896, 2.4152700901, 1.11937761307, 0.627631664276, 0.24988079071, 0.0763427615166, 0.00457961950451, 0.00011528320465, 3.96500545321e-05],
        "median": [0.0249455049634, 0.256195366383, 1.76536226273, 2.46669363976, 3.33395385742, 4.04535245895, 2.30983543396, 2.38238072395, 2.2728741169, 2.89876270294, 5.27058744431, 4.20297670364, 5.33114862442, 6.3624162674, 13.6879119873, 23.4312915802, 10.5054302216, 15.954662323, 12.4749860764, 18.2055873871, 17.0066566467, 17.7040042877, 15.9712848663, 8.91172885895, 6.90116071701, 3.91442918777, 4.13526535034, 3.71081995964, 2.95497822762, 2.78241968155, 1.90571057796, 1.39750766754, 0.691792190075, 0.233445078135, 0.111409731209, 0.0332778058946, 0.0071099200286, 0.000404745631386, 2.90042971756e-05, 3.15465404128e-05],
        "min": [4.57045171061e-05, 0.000297488732031, 0.00109194091056, 0.00504488637671, 0.0169999673963, 0.0512201599777, 0.0578366033733, 0.0332760959864, 0.012779943645, 0.0238670781255, 0.0289700943977, 0.0442238114774, 0.0357350632548, 0.0239312946796, 0.0772137716413, 0.0587919764221, 0.0468272455037, 0.0445573069155, 0.0298285186291, 0.0346217341721, 0.0271291583776, 0.0243288185447, 0.0100382016972, 0.0182933304459, 0.0160450935364, 0.0139824682847, 0.0243306905031, 0.0218339618295, 0.0248636379838, 0.025622151792, 0.00970845110714, 0.0162232685834, 0.0060181482695, 0.000418122886913, 8.72232121765e-05, 1.88536450878e-05, 1.63272454756e-06, 2.96470176409e-07, 5.9513342876e-07, 4.91935509217e-07],
        "var": [0.0328776873648, 7.24268007278, 75.9468383789, 92.2432556152, 370.027374268, 846.812744141, 111.219764709, 78.1895217896, 121.820014954, 91.4527359009, 336.477416992, 578.299133301, 630.92578125, 1020.72943115, 3907.75292969, 24389.1640625, 9424.69726562, 3120.15844727, 5247.31152344, 3809.75439453, 4177.65527344, 1760.25, 5064.73193359, 757.555297852, 641.460632324, 209.745559692, 557.39440918, 258.574279785, 140.428466797, 105.336669922, 76.2593078613, 71.850479126, 19.3234405518, 4.6649389267, 1.65342867374, 0.333324790001, 0.0390358567238, 0.000172146654222, 6.76142946077e-08, 1.16095832947e-09]
    },
    "gfcc": {
        "mean": [-1.55248308182, 82.4925003052, -128.793411255, 43.7347679138, -53.6086006165, 29.733625412, -42.2568893433, 4.65312433243, -26.6232681274, -4.99817752838, -17.0110855103, 0.0773548260331, -12.7719144821],
        "cov": [[4518.27148438, -1186.75183105, -576.738464355, 126.067131042, 96.2261962891, 26.0076065063, 19.1852340698, 188.335708618, -192.642379761, 219.339523315, -227.881408691, 64.9142837524, -224.839706421], [-1186.75183105, 1383.66235352, -66.830619812, 27.1712760925, 191.707824707, -98.2600784302, 79.9106369019, -184.487030029, 139.257583618, -217.176742554, 195.466537476, -154.471176147, 174.306472778], [-576.738464355, -66.830619812, 1262.984375, 134.936065674, -110.909126282, 185.350372314, -75.630607605, 30.1540279388, -97.8669433594, 31.1336250305, -100.827209473, 59.6587104797, -11.4310998917], [126.067131042, 27.1712760925, 134.936065674, 335.817840576, 83.9359436035, 87.6741867065, 117.102348328, 35.8597564697, 57.48777771, 2.47093129158, 24.6212005615, -61.0981750488, -3.68165040016], [96.2261962891, 191.707824707, -110.909126282, 83.9359436035, 283.001617432, 93.7361984253, 127.976806641, 61.338470459, 73.673500061, 2.97174310684, 64.3195953369, -8.03977870941, -15.5688247681], [26.0076065063, -98.2600784302, 185.350372314, 87.6741867065, 93.7361984253, 289.014678955, 128.567596436, 147.178649902, 91.246925354, 54.1151695251, 32.5446128845, 23.4221458435, 15.156036377], [19.1852340698, 79.9106369019, -75.630607605, 117.102348328, 127.976806641, 128.567596436, 190.153488159, 93.0913085938, 111.783996582, 24.5053920746, 57.378616333, -22.2349185944, 12.8495731354], [188.335708618, -184.487030029, 30.1540279388, 35.8597564697, 61.338470459, 147.178649902, 93.0913085938, 177.182281494, 79.4765396118, 79.7209091187, 22.3004570007, 39.4242324829, -6.07324790955], [-192.642379761, 139.257583618, -97.8669433594, 57.48777771, 73.673500061, 91.246925354, 111.783996582, 79.4765396118, 159.220474243, 23.4891166687, 84.1928482056, -16.8973121643, 43.9356460571], [219.339523315, -217.176742554, 31.1336250305, 2.47093129158, 2.97174310684, 54.1151695251, 24.5053920746, 79.7209091187, 23.4891166687, 105.272132874, -0.0591478273273, 49.5599555969, -19.4392166138], [-227.881408691, 195.466537476, -100.827209473, 24.6212005615, 64.3195953369, 32.5446128845, 57.378616333, 22.3004570007, 84.1928482056, -0.0591478273273, 115.504692078, 1.75095272064, 47.968082428], [64.9142837524, -154.471176147, 59.6587104797, -61.0981750488, -8.03977870941, 23.4221458435, -22.2349185944, 39.4242324829, -16.8973121643, 49.5599555969, 1.75095272064, 91.6762161255, 2.72513699532], [-224.839706421, 174.306472778, -11.4310998917, -3.68165040016, -15.5688247681, 15.156036377, 12.8495731354, -6.07324790955, 43.9356460571, -19.4392166138, 47.968082428, 2.72513699532, 101.285560608]],
        "icov": [[0.000440706702648, -2.21074988076e-05, 0.00047118004295, -0.000521267589647, -0.000160050738486, -0.000244282011408, 0.000263272027951, -0.000504912342876, 0.000980921671726, -0.000823254871648, 0.000829434779007, -6.46865883027e-05, 2.42779733526e-05], [-2.21074988076e-05, 0.00446302071214, -0.00193876889534, 0.00262605561875, -0.00381127255969, 0.00288339867257, -0.00179398513865, 0.00295027694665, -0.0023513676133, 0.00356954149902, -0.00462581403553, 0.00563837541267, -0.00472172209993], [0.00047118004295, -0.00193876889534, 0.00268715573475, -0.00267783622257, 0.00191150128376, -0.00306060933508, 0.00216928916052, -0.00143070484046, 0.00245575560257, -0.00213486631401, 0.00359927443787, -0.00356110674329, 0.00189543468878], [-0.000521267589647, 0.00262605561875, -0.00267783622257, 0.00729941856116, -0.00260463263839, 0.00227531860583, -0.00432389508933, 0.00246542529203, -0.00174764718395, 0.00151284516323, -0.00458624400198, 0.00751166511327, -0.0027394213248], [-0.000160050738486, -0.00381127255969, 0.00191150128376, -0.00260463263839, 0.00955281965435, -0.00338138826191, -0.00169936660677, -0.00230253161862, 0.00199004239403, -0.00041783429333, 0.000956629170105, -0.00664704572409, 0.00715898768976], [-0.000244282011408, 0.00288339867257, -0.00306060933508, 0.00227531860583, -0.00338138826191, 0.0109418323264, -0.00465926621109, -0.00287065701559, -0.00283543509431, 0.00324565521441, -0.0030465668533, 0.00346078164876, -0.00430264370516], [0.000263272027951, -0.00179398513865, 0.00216928916052, -0.00432389508933, -0.00169936660677, -0.00465926621109, 0.016987323761, -0.00385665590875, -0.00328607764095, -0.00229808920994, 0.00270157982595, -0.00014270421525, 0.00151783006731], [-0.000504912342876, 0.00295027694665, -0.00143070484046, 0.00246542529203, -0.00230253161862, -0.00287065701559, -0.00385665590875, 0.0192297324538, -0.00781193654984, -0.00275872577913, -0.0013327767374, -0.000662651145831, -0.00104377616663], [0.000980921671726, -0.0023513676133, 0.00245575560257, -0.00174764718395, 0.00199004239403, -0.00283543509431, -0.00328607764095, -0.00781193654984, 0.0232518892735, -0.00712825171649, -0.0048622507602, 0.00433802744374, -0.0021519290749], [-0.000823254871648, 0.00356954149902, -0.00213486631401, 0.00151284516323, -0.00041783429333, 0.00324565521441, -0.00229808920994, -0.00275872577913, -0.00712825171649, 0.0247656069696, -0.00413435744122, -0.00590607430786, 0.00138193776365], [0.000829434779007, -0.00462581403553, 0.00359927443787, -0.00458624400198, 0.000956629170105, -0.0030465668533, 0.00270157982595, -0.0013327767374, -0.0048622507602, -0.00413435744122, 0.0252408888191, -0.0108293090016, -0.000125104124891], [-6.46865883027e-05, 0.00563837541267, -0.00356110674329, 0.00751166511327, -0.00664704572409, 0.00346078164876, -0.00014270421525, -0.000662651145831, 0.00433802744374, -0.00590607430786, -0.0108293090016, 0.0310652349144, -0.0102594094351], [2.42779733526e-05, -0.00472172209993, 0.00189543468878, -0.0027394213248, 0.00715898768976, -0.00430264370516, 0.00151783006731, -0.00104377616663, -0.0021519290749, 0.00138193776365, -0.000125104124891, -0.0102594094351, 0.0211902037263]]
    },
    "melbands": {
        "dmean": [0.000903693900909, 0.00198193220422, 0.00111780746374, 0.00107078929432, 0.000290446536383, 0.00012357995729, 8.68891511345e-05, 5.76501515752e-05, 6.31210496067e-05, 5.4821055528e-05, 4.98900735693e-05, 4.27640043199e-05, 5.17603730259e-05, 0.000178766960744, 8.1501166278e-05, 5.27371412318e-05, 3.80353303626e-05, 4.80342714582e-05, 2.96797952615e-05, 3.47409659298e-05, 3.4082968341e-05, 1.69001632457e-05, 2.82625296677e-05, 1.99192381842e-05, 8.88983049663e-06, 1.10646724352e-05, 5.2693935686e-06, 4.93357811138e-06, 6.02390400672e-06, 7.32545822757e-06, 4.38886900156e-06, 3.90187551602e-06, 3.5735495203e-06, 3.18276602229e-06, 2.79827281702e-06, 3.04191871692e-06, 2.7619746561e-06, 1.87003513474e-06, 1.26980876303e-06, 8.92163882327e-07],
        "dmean2": [0.00140487379394, 0.00326186977327, 0.00194814347196, 0.00186001264956, 0.000499248155393, 0.000209883612115, 0.000150060121086, 9.52747359406e-05, 9.63492784649e-05, 8.90075971256e-05, 7.57664238336e-05, 6.72968744766e-05, 7.79389156378e-05, 0.000253037520451, 0.000116781309771, 7.82270071795e-05, 5.75109006604e-05, 7.13682093192e-05, 4.44506877102e-05, 5.1408278523e-05, 5.05331372551e-05, 2.44460934482e-05, 4.08643682022e-05, 2.90156276606e-05, 1.32844888867e-05, 1.66600930243e-05, 8.10073743196e-06, 7.62284662414e-06, 9.63872753346e-06, 1.1677020666e-05, 7.00500004314e-06, 6.1330074459e-06, 5.68912264498e-06, 5.07576532982e-06, 4.32833303421e-06, 4.86633734909e-06, 4.37516609963e-06, 2.93310404231e-06, 1.98823840947e-06, 1.42619364851e-06],
        "dvar": [3.26911958837e-06, 1.8098999135e-05, 4.3972727326e-06, 4.19651769334e-06, 2.93417883768e-07, 4.12849665565e-08, 3.13940873298e-08, 1.00318784391e-08, 1.08342081973e-08, 1.32380639783e-08, 6.98670454824e-09, 8.2198701179e-09, 9.59121138067e-09, 1.18168273389e-07, 2.4132040366e-08, 1.99233376463e-08, 4.92381424522e-09, 8.37602165404e-09, 2.8048245948e-09, 5.40262901083e-09, 3.27701332736e-09, 5.65866409286e-10, 1.90848359338e-09, 1.4165055795e-09, 2.16251322405e-10, 3.54520857115e-10, 7.80783493415e-11, 7.34513352918e-11, 1.73022984828e-10, 2.65305999392e-10, 5.82677239791e-11, 4.21570903186e-11, 3.90089488489e-11, 3.24100954407e-11, 2.28487870985e-11, 3.7791159091e-11, 2.94051449856e-11, 1.15145185053e-11, 5.08740272132e-12, 3.00957501108e-12],
        "dvar2": [7.17370812708e-06, 4.55718036392e-05, 1.20057065942e-05, 1.09630700535e-05, 8.03929026461e-07, 1.07442936326e-07, 8.62845794813e-08, 2.66103192814e-08, 2.47497844441e-08, 2.95224769076e-08, 1.25824612951e-08, 1.80758839008e-08, 1.85187314372e-08, 1.93602843979e-07, 3.97147488229e-08, 3.18246691222e-08, 9.62481827571e-09, 1.56427208964e-08, 5.74527847519e-09, 1.14189022682e-08, 6.07656813756e-09, 1.10460263159e-09, 3.35664940287e-09, 2.60835886223e-09, 3.99894034553e-10, 7.18153869705e-10, 1.73188408059e-10, 1.76587189316e-10, 4.48956011256e-10, 6.67751243189e-10, 1.40782094316e-10, 1.01855392176e-10, 9.6680663475e-11, 8.27328552888e-11, 5.5648902153e-11, 9.67192992363e-11, 7.5418678247e-11, 2.87374447155e-11, 1.24810465782e-11, 7.22220026839e-12],
        "max": [0.0196439642459, 0.0315093547106, 0.0159190930426, 0.019364239648, 0.00639469921589, 0.00285818777047, 0.00265664304607, 0.00115005206317, 0.00110983708873, 0.00158461160026, 0.000946280488279, 0.000999504933134, 0.00108502234798, 0.00340493163094, 0.00174347159918, 0.00254662847146, 0.000758755544666, 0.000996186747216, 0.000630735012237, 0.00118381204084, 0.00055698613869, 0.000246714684181, 0.000640657846816, 0.000349455222022, 0.000209395831916, 0.00027232489083, 9.06109053176e-05, 9.81995544862e-05, 0.000144662277307, 0.000177541121957, 7.89403056842e-05, 6.44271494821e-05, 5.53275822313e-05, 5.78685212531e-05, 3.46395027009e-05, 4.82344985357e-05, 3.97473086196e-05, 2.61881177721e-05, 1.56540045282e-05, 1.55264006025e-05],
        "mean": [0.00119599909522, 0.00222336989827, 0.00108066026587, 0.00101643137168, 0.000272925739409, 0.000131187858642, 9.5800118288e-05, 8.03528091637e-05, 9.65437211562e-05, 7.9369325249e-05, 7.54160282668e-05, 6.54279210721e-05, 0.000100212870166, 0.000267062016064, 0.000127747756778, 8.97444188013e-05, 6.82820973452e-05, 7.28918166715e-05, 4.78133988508e-05, 6.44027750241e-05, 5.27780684934e-05, 2.84844682028e-05, 4.80419912492e-05, 3.01222880807e-05, 1.43108381963e-05, 1.66435365827e-05, 7.94087645772e-06, 6.59306442685e-06, 6.6360321398e-06, 7.93525668996e-06, 5.29166482011e-06, 4.68770394946e-06, 4.18247373091e-06, 3.56516898137e-06, 2.93763946502e-06, 2.89562012767e-06, 2.62747380475e-06, 1.80091933544e-06, 1.18254854442e-06, 8.4889501295e-07],
        "median": [0.000249715725658, 0.000833208032418, 0.000466865312774, 0.000293530465569, 0.000103685146314, 5.4689917306e-05, 3.31722876581e-05, 3.62406899512e-05, 4.25350772275e-05, 2.36378709815e-05, 2.33572009165e-05, 1.67403886735e-05, 1.80755559995e-05, 6.30771901342e-05, 3.47354871337e-05, 1.14297145046e-05, 1.35393356686e-05, 1.30654952955e-05, 1.72640829987e-05, 1.42946983033e-05, 1.47479058796e-05, 1.3205225514e-05, 2.05172036658e-05, 8.38302366901e-06, 5.18083470524e-06, 5.20895855516e-06, 2.80089693661e-06, 2.24140239879e-06, 2.22806329475e-06, 2.66832216766e-06, 1.80233348601e-06, 1.63664651609e-06, 1.56696330578e-06, 1.44998568885e-06, 1.06897755359e-06, 9.4774605941e-07, 7.93702042756e-07, 5.18037438724e-07, 2.84246652882e-07, 1.59220959972e-07],
        "min": [5.0995544143e-07, 4.99528709952e-07, 1.29624561396e-06, 1.22160258798e-06, 1.71411795691e-06, 5.03748367464e-07, 1.6223313537e-07, 2.42075145707e-07, 1.80663320748e-07, 1.47745382151e-07, 1.20093361033e-07, 6.86953356421e-08, 1.68495915887e-07, 1.34605301128e-07, 1.25250053884e-07, 4.65969023367e-08, 7.83500198054e-08, 3.63327856689e-08, 3.27229479069e-08, 3.32006457882e-08, 2.31308572296e-08, 2.99556965899e-08, 1.14062439494e-08, 9.34444788214e-09, 1.10440590007e-08, 1.2268098537e-08, 4.34593161458e-09, 5.39049871406e-09, 1.11748441611e-08, 9.82102932312e-09, 6.53145004748e-09, 4.38454206275e-09, 1.41682372501e-08, 1.36527544825e-08, 4.81999862245e-09, 6.39524566637e-09, 1.11225721966e-08, 4.11643030773e-09, 3.94831278783e-10, 3.28223004331e-11],
