{
"highlevel": {
    "danceability": {
        "all": {
            "danceable": 0.906037092209,
            "not_danceable": 0.0939629152417
        },
        "probability": 0.906037092209,
        "value": "danceable"
    },
    "gender": {
        "all": {
            "female": 0.269583165646,
            "male": 0.730416834354
        },
        "probability": 0.730416834354,
        "value": "male"
    },
    "genre_dortmund": {
        "all": {
            "alternative": 0.0420167706907,
            "blues": 0.102415680885,
            "electronic": 0.0134797571227,
            "folkcountry": 0.344084322453,
            "funksoulrnb": 0.0194332394749,
            "jazz": 0.407909929752,
            "pop": 0.0256400480866,
            "raphiphop": 0.00931852404028,
            "rock": 0.0357017144561
        },
        "probability": 0.407909929752,
        "value": "jazz"
    },
    "genre_electronic": {
        "all": {
            "ambient": 0.65454429388,
            "dnb": 0.168106630445,
            "house": 0.106653340161,
            "techno": 0.0145653570071,
            "trance": 0.0561303682625
        },
        "probability": 0.65454429388,
        "value": "ambient"
    },
    "genre_rosamerica": {
        "all": {
            "cla": 0.0394516848028,
            "dan": 0.0152107365429,
            "hip": 0.04337554425,
            "jaz": 0.449923187494,
            "pop": 0.178363293409,
            "rhy": 0.230649933219,
            "roc": 0.0255787018687,
            "spe": 0.0174469053745
        },
        "probability": 0.449923187494,
        "value": "jaz"
    },
    "genre_tzanetakis": {
        "all": {
            "blu": 0.0626541376114,
            "cla": 0.0348133966327,
            "cou": 0.0783501937985,
            "dis": 0.104547761381,
            "hip": 0.15693578124,
            "jaz": 0.313987255096,
            "met": 0.044816005975,
            "pop": 0.0627349764109,
            "reg": 0.0627352520823,
            "roc": 0.0784252434969
        },
        "probability": 0.313987255096,
        "value": "jaz"
    },
    "ismir04_rhythm": {
        "all": {
            "ChaChaCha": 0.0445532724261,
            "Jive": 0.0130242593586,
            "Quickstep": 0.189492344856,
            "Rumba-American": 0.0128284553066,
            "Rumba-International": 0.0919448882341,
            "Rumba-Misc": 0.0195810999721,
            "Samba": 0.0879477113485,
            "Tango": 0.198842033744,
            "VienneseWaltz": 0.216341525316,
            "Waltz": 0.125444412231
        },
        "probability": 0.216341525316,
        "value": "VienneseWaltz"
    },
    "mood_acoustic": {
        "all": {
            "acoustic": 0.58320581913,
            "not_acoustic": 0.41679418087
        },
        "probability": 0.58320581913,
        "value": "acoustic"
    },
    "mood_aggressive": {
        "all": {
            "aggressive": 0.0183674897999,
            "not_aggressive": 0.981632530689
        },
        "probability": 0.981632530689,
        "value": "not_aggressive"
    },
    "mood_electronic": {
        "all": {
            "electronic": 0.0887742415071,
            "not_electronic": 0.911225736141
        },
        "probability": 0.911225736141,
        "value": "not_electronic"
    },
    "mood_happy": {
        "all": {
            "happy": 0.490553796291,
            "not_happy": 0.509446203709
        },
        "probability": 0.509446203709,
        "value": "not_happy"
    },
    "mood_party": {
        "all": {
            "not_party": 0.935222446918,
            "party": 0.0647775307298
        },
        "probability": 0.935222446918,
        "value": "not_party"
    },
    "mood_relaxed": {
        "all": {
            "not_relaxed": 0.134648218751,
            "relaxed": 0.86535179615
        },
        "probability": 0.86535179615,
        "value": "relaxed"
    },
    "mood_sad": {
        "all": {
            "not_sad": 0.387667715549,
            "sad": 0.612332284451
        },
        "probability": 0.612332284451,
        "value": "sad"
    },
    "moods_mirex": {
        "all": {
            "Cluster1": 0.13111191988,
            "Cluster2": 0.21259881556,
            "Cluster3": 0.283301383257,
            "Cluster4": 0.244268909097,
            "Cluster5": 0.128718957305
        },
        "probability": 0.283301383257,
        "value": "Cluster3"
    },
    "timbre": {
        "all": {
            "bright": 0.999992012978,
            "dark": 7.96463336883e-06
        },
        "probability": 0.999992012978,
        "value": "bright"
    },
    "tonal_atonal": {
        "all": {
            "atonal": 0.154143556952,
            "tonal": 0.845856428146
        },
        "probability": 0.845856428146,
        "value": "tonal"
    },
    "voice_instrumental": {
        "all": {
            "instrumental": 0.218269228935,
            "voice": 0.781730771065
        },
        "probability": 0.781730771065,
        "value": "voice"
    }
},
"lowlevel": {
    "average_loudness": 0.937819063663,
    "barkbands_crest": {
        "dmean": 2.52451062202,
        "dmean2": 3.82895445824,
        "dvar": 4.96650648117,
        "dvar2": 11.2120399475,
        "max": 25.7372989655,
        "mean": 11.1553125381,
        "median": 10.3500995636,
        "min": 3.27001357079,
        "var": 19.2795619965
    },
    "barkbands_flatness_db": {
        "dmean": 0.0211124606431,
        "dmean2": 0.0316401310265,
        "dvar": 0.000367560714949,
        "dvar2": 0.000722211785614,
        "max": 0.316652268171,
        "mean": 0.18062864244,
        "median": 0.176285162568,
        "min": 0.0675810575485,
        "var": 0.00210446841083
    },
    "barkbands_kurtosis": {
        "dmean": 2.09055685997,
        "dmean2": 3.16843342781,
        "dvar": 10.6876506805,
        "dvar2": 23.220085144,
        "max": 58.2378349304,
        "mean": 3.5179104805,
        "median": 1.44921016693,
        "min": -1.64332830906,
        "var": 41.7997131348
    },
    "barkbands_skewness": {
        "dmean": 0.452929794788,
        "dmean2": 0.672645568848,
        "dvar": 0.191518560052,
        "dvar2": 0.438802599907,
        "max": 5.33792448044,
        "mean": 1.05327486992,
        "median": 0.978038668633,
        "min": -3.49813127518,
        "var": 1.01256942749
    },
    "barkbands_spread": {
        "dmean": 3.84409928322,
        "dmean2": 5.50701951981,
        "dvar": 16.1639766693,
        "dvar2": 33.6307220459,
        "max": 59.3098182678,
        "mean": 17.1057300568,
        "median": 15.57492733,
        "min": 0.995018601418,
        "var": 111.539543152
    },
    "dissonance": {
        "dmean": 0.0331029184163,
        "dmean2": 0.0548747070134,
        "dvar": 0.00103975681122,
        "dvar2": 0.00304767652415,
        "max": 0.498633563519,
        "mean": 0.430517107248,
        "median": 0.440737336874,
        "min": 0.229193761945,
        "var": 0.00213706749491
    },
    "dynamic_complexity": 2.48669815063,
    "erbbands_crest": {
        "dmean": 2.86957502365,
        "dmean2": 4.50763654709,
        "dvar": 7.45850133896,
        "dvar2": 16.4948749542,
        "max": 33.3580474854,
        "mean": 12.4346237183,
        "median": 11.3564548492,
        "min": 3.91043186188,
        "var": 28.2632045746
    },
    "erbbands_flatness_db": {
        "dmean": 0.0197988655418,
        "dmean2": 0.0293340906501,
        "dvar": 0.000376445270376,
        "dvar2": 0.000711133063305,
        "max": 0.389111369848,
        "mean": 0.216626942158,
        "median": 0.207449480891,
        "min": 0.0978590771556,
        "var": 0.00271593616344
    },
    "erbbands_kurtosis": {
        "dmean": 1.74889945984,
        "dmean2": 2.66238164902,
        "dvar": 7.39681243896,
        "dvar2": 14.9007883072,
        "max": 65.5680541992,
        "mean": 2.81977057457,
        "median": 1.13068675995,
        "min": -1.5562697649,
        "var": 27.1027641296
    },
    "erbbands_skewness": {
        "dmean": 0.401299476624,
        "dmean2": 0.583111643791,
        "dvar": 0.15147253871,
        "dvar2": 0.314095199108,
        "max": 5.46211290359,
        "mean": 0.78528046608,
        "median": 0.613328456879,
        "min": -1.44261550903,
        "var": 1.12764334679
    },
    "erbbands_spread": {
        "dmean": 5.16714954376,
        "dmean2": 7.63215446472,
        "dvar": 31.9703197479,
        "dvar2": 68.4186553955,
        "max": 76.6816177368,
        "mean": 23.9912643433,
        "median": 22.717048645,
        "min": 1.22485077381,
        "var": 167.644073486
    },
    "hfc": {
        "dmean": 5.90372991562,
        "dmean2": 8.15225791931,
        "dvar": 59.2630615234,
        "dvar2": 118.757926941,
        "max": 116.387023926,
        "mean": 20.3777694702,
        "median": 14.3677358627,
        "min": 0.478101074696,
        "var": 292.767730713
    },
    "melbands_crest": {
        "dmean": 3.09769868851,
        "dmean2": 4.77046394348,
        "dvar": 8.10797786713,
        "dvar2": 18.8733234406,
        "max": 29.5433197021,
        "mean": 13.6292581558,
        "median": 12.9043388367,
        "min": 3.81695485115,
        "var": 23.2750282288
    },
    "melbands_flatness_db": {
        "dmean": 0.0237178988755,
        "dmean2": 0.0333232246339,
        "dvar": 0.000470929575386,
        "dvar2": 0.000985861523077,
        "max": 0.37099981308,
        "mean": 0.211523994803,
        "median": 0.207776397467,
        "min": 0.0631943047047,
        "var": 0.00314732873812
    },
    "melbands_kurtosis": {
        "dmean": 3.29996681213,
        "dmean2": 5.13986158371,
        "dvar": 22.070898056,
        "dvar2": 51.2188949585,
        "max": 73.7785491943,
        "mean": 6.32485246658,
        "median": 3.80726289749,
        "min": -1.37633383274,
        "var": 73.9782714844
    },
    "melbands_skewness": {
        "dmean": 0.525193989277,
        "dmean2": 0.798493683338,
        "dvar": 0.274321317673,
        "dvar2": 0.611655116081,
        "max": 5.37302112579,
        "mean": 1.55147480965,
        "median": 1.46053934097,
        "min": -3.03987765312,
        "var": 1.24031710625
    },
    "melbands_spread": {
        "dmean": 5.54725837708,
        "dmean2": 8.17306518555,
        "dvar": 36.3963508606,
        "dvar2": 79.177696228,
        "max": 97.8109741211,
        "mean": 23.0820636749,
        "median": 19.9531211853,
        "min": 1.33570551872,
        "var": 226.047973633
    },
    "pitch_salience": {
        "dmean": 0.0623616091907,
        "dmean2": 0.0962869599462,
        "dvar": 0.00285550509579,
        "dvar2": 0.00690562138334,
        "max": 0.769502282143,
        "mean": 0.503247201443,
        "median": 0.50203615427,
        "min": 0.118268668652,
        "var": 0.0103102987632
    },
    "silence_rate_20dB": {
        "dmean": 0,
        "dmean2": 0,
        "dvar": 0,
        "dvar2": 0,
        "max": 1,
        "mean": 1,
        "median": 1,
        "min": 1,
        "var": 0
    },
    "silence_rate_30dB": {
        "dmean": 0,
        "dmean2": 0,
        "dvar": 0,
        "dvar2": 0,
        "max": 1,
        "mean": 1,
        "median": 1,
        "min": 1,
        "var": 0
    },
    "silence_rate_60dB": {
        "dmean": 0.0263157896698,
        "dmean2": 0.0526723451912,
        "dvar": 0.0256232395768,
        "dvar2": 0.0607428587973,
        "max": 1,
        "mean": 0.0348027832806,
        "median": 0,
        "min": 0,
        "var": 0.033592030406
    },
    "spectral_centroid": {
        "dmean": 198.160324097,
        "dmean2": 281.246490479,
        "dvar": 44651.2304688,
        "dvar2": 89502.625,
        "max": 3252.12524414,
        "mean": 1261.12524414,
        "median": 1144.3581543,
        "min": 273.941192627,
        "var": 315747.4375
    },
    "spectral_complexity": {
        "dmean": 2.69349837303,
        "dmean2": 4.07048797607,
        "dvar": 11.4153375626,
        "dvar2": 22.7022628784,
        "max": 46,
        "mean": 14.1353445053,
        "median": 13,
        "min": 2,
        "var": 54.2470436096
    },
    "spectral_decrease": {
        "dmean": 1.60630475587e-09,
        "dmean2": 2.17174234152e-09,
        "dvar": 3.19706816356e-18,
        "dvar2": 5.93135855291e-18,
        "max": -1.66950606117e-10,
        "mean": -5.58485613311e-09,
        "median": -4.7336041753e-09,
        "min": -2.37109336609e-08,
        "var": 1.48344883607e-17
    },
    "spectral_energy": {
        "dmean": 0.00649051833898,
        "dmean2": 0.00878450740129,
        "dvar": 5.24908173247e-05,
        "dvar2": 9.76667724899e-05,
        "max": 0.0941554605961,
        "mean": 0.0229268651456,
        "median": 0.0194293316454,
        "min": 0.000673474743962,
        "var": 0.000248849100899
    },
    "spectral_energyband_high": {
        "dmean": 0.000244003371336,
        "dmean2": 0.000324278633343,
        "dvar": 1.79887805984e-07,
        "dvar2": 3.23352253417e-07,
        "max": 0.00682826153934,
        "mean": 0.000569587980863,
        "median": 0.00018932603416,
        "min": 9.16650321869e-07,
        "var": 7.30464535081e-07
    },
    "spectral_energyband_low": {
        "dmean": 0.00166029715911,
        "dmean2": 0.00234924862161,
        "dvar": 6.35582910036e-06,
        "dvar2": 1.27417260956e-05,
        "max": 0.0269605852664,
        "mean": 0.00388748990372,
        "median": 0.0016759482678,
        "min": 1.3359319837e-06,
        "var": 2.59475436906e-05
    },
    "spectral_energyband_middle_high": {
        "dmean": 0.00250181555748,
        "dmean2": 0.00373965804465,
        "dvar": 1.75802942977e-05,
        "dvar2": 3.73215189029e-05,
        "max": 0.0916588678956,
        "mean": 0.0072894860059,
        "median": 0.00462692789733,
        "min": 2.4567312721e-05,
        "var": 7.68448589952e-05
    },
    "spectral_energyband_middle_low": {
        "dmean": 0.00434725172818,
        "dmean2": 0.00582317588851,
        "dvar": 2.79192117887e-05,
        "dvar2": 5.43891328562e-05,
        "max": 0.0728430449963,
        "mean": 0.0115198763087,
        "median": 0.00859173759818,
        "min": 0.000127847320982,
        "var": 0.000105527928099
    },
    "spectral_entropy": {
        "dmean": 0.203850716352,
        "dmean2": 0.2956122756,
        "dvar": 0.0400305613875,
        "dvar2": 0.0748146697879,
        "max": 8.11490535736,
        "mean": 7.08950233459,
        "median": 7.08575677872,
        "min": 5.82015419006,
        "var": 0.164808899164
    },
    "spectral_flux": {
        "dmean": 0.0219897329807,
        "dmean2": 0.0351038090885,
        "dvar": 0.000439700466814,
        "dvar2": 0.00107439327985,
        "max": 0.201439455152,
        "mean": 0.0655972585082,
        "median": 0.0600570179522,
        "min": 0.00892853550613,
        "var": 0.00104993116111
    },
    "spectral_kurtosis": {
        "dmean": 2.13514399529,
        "dmean2": 3.65219688416,
        "dvar": 4.73384380341,
        "dvar2": 13.7411575317,
        "max": 26.9055709839,
        "mean": 5.25799846649,
        "median": 4.68386983871,
        "min": 0.217834234238,
        "var": 10.4931182861
    },
    "spectral_rms": {
        "dmean": 0.000681893259753,
        "dmean2": 0.000898418074939,
        "dvar": 4.43009412265e-07,
        "dvar2": 7.48092134017e-07,
        "max": 0.00958430953324,
        "mean": 0.00443953415379,
        "median": 0.00435378495604,
        "min": 0.000810585275758,
        "var": 2.6581972179e-06
    },
    "spectral_rolloff": {
        "dmean": 287.31451416,
        "dmean2": 471.295715332,
        "dvar": 194791.9375,
        "dvar2": 404000.90625,
        "max": 5340.234375,
        "mean": 1401.22570801,
        "median": 1098.19335938,
        "min": 150.732421875,
        "var": 691535.75
    },
    "spectral_skewness": {
        "dmean": 0.261256366968,
        "dmean2": 0.427968502045,
        "dvar": 0.0563957355917,
        "dvar2": 0.148592978716,
        "max": 3.82953643799,
        "mean": 1.65193080902,
        "median": 1.63133442402,
        "min": 0.466480493546,
        "var": 0.293098628521
    },
    "spectral_spread": {
        "dmean": 378678.84375,
        "dmean2": 602039.5,
        "dvar": 175057747968,
        "dvar2": 415247499264,
        "max": 8454133,
        "mean": 3741502.25,
        "median": 3677241.5,
        "min": 1846697.875,
        "var": 503798398976
    },
    "spectral_strongpeak": {
        "dmean": 0.795099377632,
        "dmean2": 1.2783498764,
        "dvar": 1.15596282482,
        "dvar2": 2.60527324677,
        "max": 14.4407405853,
        "mean": 1.82867956161,
        "median": 1.3262450695,
        "min": 0.0283159390092,
        "var": 3.36497163773
    },
    "zerocrossingrate": {
        "dmean": 0.00645725475624,
        "dmean2": 0.00759313255548,
        "dvar": 4.03055200877e-05,
        "dvar2": 4.86730023113e-05,
        "max": 0.1318359375,
        "mean": 0.0524926893413,
        "median": 0.048828125,
        "min": 0.01171875,
        "var": 0.000400762917707
    },
    "barkbands": {
        "dmean": [1.1344158338e-05, 0.00108144315891, 0.000743167242035, 0.000297455815598, 0.00185423868243, 0.000490097503643, 0.000914847361855, 0.00114825973287, 0.00144590565469, 0.000366787135135, 0.000862384913489, 0.000398489442887, 0.00046584176016, 0.00027447604225, 0.000300121842884, 0.000341984123224, 0.000215399311855, 0.000270229909802, 0.000172327505425, 7.91898128227e-05, 0.000114604692499, 7.80193513492e-05, 3.47415625583e-05, 2.05324904528e-05, 9.89520685835e-06, 2.73590467259e-06, 1.70138725331e-09],
        "dmean2": [2.02093051485e-05, 0.00145779363811, 0.00118654349353, 0.000479212612845, 0.00258899456821, 0.000694693590049, 0.00126324885059, 0.00171619898174, 0.00198058295064, 0.000534960767254, 0.0012702132808, 0.000590695010033, 0.000743143609725, 0.000412886118283, 0.000477879715618, 0.000535857921932, 0.000332536175847, 0.000413905596361, 0.000261535082245, 0.000120033386338, 0.000166804296896, 0.00010698683036, 5.17472326464e-05, 2.99997318507e-05, 1.57403337653e-05, 4.4116841309e-06, 2.52990028926e-09],
        "dvar": [1.58976484754e-10, 3.42774637829e-06, 2.45151068157e-06, 2.49891627391e-07, 1.76220164576e-05, 8.5367094016e-07, 2.31555759456e-06, 4.36998516307e-06, 7.02374563843e-06, 1.31513058932e-06, 5.41593681191e-06, 4.82683299197e-06, 1.16388969218e-06, 3.75724596324e-07, 4.76281940109e-07, 1.29001625737e-06, 2.04383951541e-07, 2.01495566898e-07, 1.54205821445e-07, 1.91171363184e-08, 5.38400932726e-08, 2.50709284444e-08, 4.15648271357e-09, 2.0035944015e-09, 5.59102653064e-10, 3.24814480868e-11, 6.03183226108e-16],
        "dvar2": [4.49487252974e-10, 5.74074829274e-06, 5.80432924835e-06, 6.41036081106e-07, 3.31990995619e-05, 1.53702205807e-06, 3.67857523997e-06, 8.63253626449e-06, 1.25991800815e-05, 2.37275480686e-06, 1.02595095086e-05, 1.06216657514e-05, 2.70761665888e-06, 6.76928152643e-07, 1.23195945889e-06, 2.59388480117e-06, 4.27558745741e-07, 4.54679167206e-07, 3.12390568524e-07, 4.47350849697e-08, 1.26827643498e-07, 4.29935838042e-08, 8.43676151163e-09, 3.92661458903e-09, 1.36100430925e-09, 7.77751543724e-11, 6.07469212821e-16],
        "max": [0.000141363023431, 0.0245789568871, 0.0218642652035, 0.00545788835734, 0.0541415326297, 0.0119905257598, 0.0249609798193, 0.0366024635732, 0.0426997169852, 0.0304957795888, 0.0520086064935, 0.0878931805491, 0.0149363465607, 0.0100517552346, 0.0090306000784, 0.0219929236919, 0.00599728431553, 0.00492948759347, 0.00778070650995, 0.00235005631112, 0.00330436136574, 0.00296069658361, 0.000893959891982, 0.000787067809142, 0.000306860631099, 7.67940655351e-05, 8.80551226601e-07],
        "mean": [1.57736103574e-05, 0.00248910975643, 0.00113880413119, 0.000494381238241, 0.00294519006275, 0.000815419130959, 0.00209779152647, 0.00210758345202, 0.002918246435, 0.000605937791988, 0.0019866253715, 0.000832478282973, 0.00104674999602, 0.000387823907658, 0.00047768742661, 0.000665238418151, 0.000401416764362, 0.000550395925529, 0.000300659943605, 0.000158169685164, 0.000212803701288, 0.000151808344526, 6.85608029016e-05, 3.95087445213e-05, 1.55657398864e-05, 3.12831730298e-06, 1.53255996782e-09],
        "median": [1.13377882371e-05, 0.000588713039178, 0.000394505856093, 0.000196491222596, 0.000656041724142, 0.000311702373438, 0.000684612081386, 0.000696630915627, 0.000791394966654, 0.000111759989522, 0.000336254597642, 0.000146306992974, 0.000237451837165, 7.6574688137e-05, 7.93509389041e-05, 5.49800424778e-05, 7.88191246102e-05, 0.000139667317853, 7.36282527214e-05, 6.00924904575e-05, 5.47006275156e-05, 3.57566932507e-05, 2.91578962788e-05, 1.4851013475e-05, 7.03076966602e-06, 1.11245651624e-06, 3.36035421711e-10],
        "min": [2.62009365315e-07, 1.90344934481e-07, 3.04971230491e-08, 1.42724614349e-08, 1.08206094751e-07, 7.8179226648e-08, 1.94936478692e-06, 1.93517917069e-06, 1.07061134713e-06, 4.60673135194e-07, 1.46016282088e-06, 4.07850052397e-07, 7.2075334856e-07, 1.91037088371e-07, 1.08856767156e-07, 2.76013167877e-07, 1.49199394173e-07, 2.51068456691e-07, 1.65414363096e-07, 1.43792362906e-07, 1.20285875482e-07, 1.48395528754e-07, 1.455490235e-07, 7.95860302105e-08, 2.86317670961e-11, 2.57594136993e-11, 3.47346526541e-11],
        "var": [2.10168230041e-10, 1.71170122485e-05, 4.76675586469e-06, 5.08611947225e-07, 3.7329577026e-05, 2.00490671887e-06, 1.17185254567e-05, 1.47429600474e-05, 2.86197537207e-05, 2.66788470071e-06, 2.4616767405e-05, 2.29394026974e-05, 3.56236319021e-06, 7.95390064923e-07, 9.82235633273e-07, 4.3451655074e-06, 6.35835249341e-07, 7.35096705284e-07, 3.60847451475e-07, 5.30777910512e-08, 1.44018329706e-07, 8.38249860635e-08, 1.17834746405e-08, 5.81175907399e-09, 8.00175814497e-10, 3.76105535604e-11, 6.02908416856e-16]
    },
    "erbbands": {
        "dmean": [0.0213769655675, 0.278622210026, 0.755898177624, 0.928264319897, 5.22843074799, 5.64574766159, 2.32334828377, 5.21124792099, 9.58889484406, 20.1039466858, 24.1463718414, 35.2003898621, 12.3213844299, 21.8771190643, 26.5409393311, 17.0626144409, 20.0589962006, 13.6053886414, 15.6731958389, 16.186870575, 15.8219451904, 10.5169506073, 16.3110713959, 11.9585571289, 4.93186569214, 3.82030653954, 3.7268280983, 4.5377702713, 2.85672354698, 1.74198019505, 0.971857905388, 0.575889468193, 0.270635962486, 0.130653709173, 0.0633505135775, 0.0153790498152, 0.00501686148345, 0.000302906497382, 8.65548099682e-06, 7.85328938946e-06],
        "dmean2": [0.0262316167355, 0.384006381035, 1.18862593174, 1.43805897236, 7.0485458374, 8.32881069183, 3.32978200912, 7.35444021225, 13.7418956757, 28.0404548645, 36.7745285034, 48.4386329651, 17.1167221069, 32.3105239868, 39.1962547302, 25.1068325043, 31.9996738434, 20.4530963898, 25.3638401031, 24.7767906189, 24.5289916992, 16.1569862366, 25.2582416534, 18.3959102631, 7.4408826828, 5.7943687439, 5.54952573776, 6.45278978348, 3.99420642853, 2.5125670433, 1.43875682354, 0.844040751457, 0.408452033997, 0.206973999739, 0.101618178189, 0.0249144677073, 0.00805749092251, 0.000501655798871, 1.28119818328e-05, 1.05390708995e-05],
        "dvar": [0.00167489901651, 0.215000420809, 2.27747225761, 2.35387396812, 150.666763306, 142.72454834, 25.4399852753, 90.8632354736, 213.177383423, 1231.06225586, 2129.83642578, 4623.49902344, 1085.8729248, 2921.28393555, 4721.49267578, 11739.8818359, 2021.45776367, 1031.84033203, 1200.69104004, 1243.7043457, 1759.12475586, 541.64630127, 828.327514648, 660.212524414, 108.080993652, 58.7370185852, 57.7469329834, 86.6628341675, 28.9739284515, 12.8088827133, 3.3127245903, 1.68255746365, 0.295849859715, 0.107636734843, 0.0200225524604, 0.00110018195119, 0.000113965659693, 6.69944370202e-07, 2.64024468954e-10, 7.768728022e-11],
        "dvar2": [0.00222062994726, 0.381140708923, 4.99867343903, 5.96419143677, 278.141448975, 306.387695312, 49.8578338623, 160.783782959, 368.580566406, 2252.90722656, 5088.37744141, 8022.30810547, 2047.75073242, 5729.23730469, 8599.86328125, 26000.5019531, 4707.66992188, 1966.27648926, 3238.58911133, 2732.15307617, 3659.32373047, 1116.26806641, 1900.48242188, 1390.13122559, 221.244171143, 139.729232788, 130.413116455, 193.350234985, 51.0374641418, 24.5516624451, 6.81468629837, 3.03995871544, 0.625700116158, 0.240780115128, 0.0503289923072, 0.00265213707462, 0.00026909034932, 1.75113098067e-06, 6.1898847159e-10, 1.44434603166e-10],
        "max": [0.606002271175, 5.84022855759, 19.6789455414, 29.8679695129, 162.026504517, 152.389389038, 89.7420349121, 143.160385132, 223.534545898, 496.676361084, 959.642333984, 1259.55993652, 989.878723145, 1092.3671875, 1397.04431152, 4141.09863281, 661.62701416, 587.327392578, 388.431030273, 546.315612793, 783.195739746, 365.607421875, 336.695678711, 419.868682861, 204.284347534, 159.186950684, 139.987792969, 116.621124268, 80.1298751831, 52.1402320862, 29.7247028351, 26.7209243774, 7.6386680603, 5.06738948822, 2.37354636192, 0.468459010124, 0.14235585928, 0.0142168086022, 0.000283907720586, 0.000115515766083],
        "mean": [0.0527074746788, 0.634884297848, 1.33228242397, 1.69761776924, 8.12947273254, 8.66159248352, 3.54384708405, 9.28864097595, 21.6679973602, 43.3620567322, 46.5311698914, 72.9013137817, 24.8296794891, 49.4405059814, 57.7939567566, 39.0382194519, 47.6692085266, 26.1132564545, 23.6302185059, 31.8508739471, 31.3306045532, 21.4169158936, 33.8292961121, 22.0651454926, 10.0197677612, 7.50793170929, 7.49859619141, 8.21384048462, 5.5262594223, 3.39957499504, 1.94001507759, 1.16484379768, 0.458909988403, 0.202885061502, 0.0964678376913, 0.019391739741, 0.00567441759631, 0.000312934658723, 2.10651414818e-05, 2.84317666228e-05],
        "median": [0.0104852318764, 0.162019386888, 0.605703473091, 0.873765051365, 1.60055339336, 2.13646149635, 1.38341891766, 3.71278166771, 8.81536197662, 18.0217037201, 18.6976718903, 22.5838871002, 10.2468566895, 9.41427993774, 14.3019790649, 8.87945365906, 10.9442996979, 11.5439224243, 8.24451446533, 5.67254781723, 6.13847446442, 6.11901712418, 9.3058795929, 7.28769350052, 3.2106692791, 2.92698431015, 2.45386958122, 1.85107278824, 1.43725252151, 0.946003496647, 0.827060699463, 0.356590539217, 0.189650118351, 0.0735511779785, 0.0532521791756, 0.00885135028511, 0.00162858038675, 6.22333536739e-05, 1.54011977429e-05, 2.40650006162e-05],
        "min": [1.68805745488e-05, 4.28278726758e-05, 6.64850522298e-05, 0.000110346809379, 0.000152719192556, 0.000578056205995, 0.0010528016137, 0.0155152883381, 0.046016510576, 0.0469689853489, 0.0608943365514, 0.0526474118233, 0.0776115953922, 0.0858710408211, 0.0392387323081, 0.0369466394186, 0.0369233451784, 0.0667501315475, 0.0109921591356, 0.0169533975422, 0.0220939032733, 0.00917576160282, 0.0132208066061, 0.0141942631453, 0.00416538817808, 0.00708251167089, 0.00547695206478, 0.0043416256085, 0.00593290524557, 0.00502309808508, 0.00372296851128, 0.00232039927505, 0.00111882796045, 8.89881193871e-05, 7.39588767829e-06, 3.69507711184e-06, 1.34559570597e-06, 2.37215601828e-07, 3.87021003689e-07, 7.83907580626e-07],
        "var": [0.00981257949024, 1.01172411442, 4.97003889084, 5.92770433426, 330.0753479, 259.829162598, 41.9493865967, 249.421310425, 975.51574707, 4092.73632812, 7768.21484375, 19897.5429688, 2596.4074707, 12093.6435547, 13763.1865234, 52522.1171875, 6492.95800781, 2973.34228516, 1521.77148438, 4092.0847168, 5744.92480469, 1655.53234863, 2921.15209961, 1599.20422363, 301.686157227, 141.160751343, 162.413604736, 227.342514038, 92.1748275757, 42.5638198853, 9.90664958954, 6.06024646759, 0.596912622452, 0.19034910202, 0.0223282556981, 0.00119421933778, 0.000145988393342, 6.61284275338e-07, 4.4061768123e-10, 3.83959808392e-10]
    },
    "gfcc": {
        "mean": [-28.760679245, 103.13973999, -146.519760132, 27.8337688446, -74.9135971069, 13.3542633057, -33.1460609436, 10.1076164246, -15.2662000656, -1.50436604023, -9.65067768097, -5.8805437088, -12.3143320084],
        "cov": [[4529.10742188, -474.653289795, 155.122756958, 1242.00915527, 737.512268066, 368.670654297, -140.080780029, -31.7928924561, -135.961654663, -0.22573569417, -401.128234863, 103.784843445, 0.786264121532], [-474.653289795, 723.70904541, 310.724090576, 59.9397315979, 123.77999115, -102.106689453, 14.5139875412, -47.7663497925, 6.550385952, -106.542495728, 48.5434532166, -75.1505966187, 90.6127853394], [155.122756958, 310.724090576, 915.411743164, 206.025100708, 231.121902466, 195.994430542, -22.4424667358, 63.213054657, -183.594390869, 12.2560195923, -92.268989563, 108.454673767, 4.93611621857], [1242.00915527, 59.9397315979, 206.025100708, 803.688415527, 418.192138672, 85.3695297241, -59.2140388489, -43.5711288452, -23.3274478912, -39.7600746155, -117.723609924, -22.3059024811, 51.6200790405], [737.512268066, 123.77999115, 231.121902466, 418.192138672, 556.977050781, 268.931945801, -2.79116821289, -55.8725814819, -167.714782715, -25.7274456024, -101.281204224, 48.3733024597, 39.3375434875], [368.670654297, -102.106689453, 195.994430542, 85.3695297241, 268.931945801, 523.435302734, 102.854476929, -35.0171775818, -193.078933716, -0.93822824955, -12.3381252289, 112.753097534, 26.8690719604], [-140.080780029, 14.5139875412, -22.4424667358, -59.2140388489, -2.79116821289, 102.854476929, 163.577651978, 64.6017227173, 32.0112533569, 10.502825737, 38.9929962158, 34.3213539124, 25.2352428436], [-31.7928924561, -47.7663497925, 63.213054657, -43.5711288452, -55.8725814819, -35.0171775818, 64.6017227173, 197.351394653, 113.328353882, 75.4595413208, -8.97153568268, 17.7512321472, -6.9867401123], [-135.961654663, 6.550385952, -183.594390869, -23.3274478912, -167.714782715, -193.078933716, 32.0112533569, 113.328353882, 292.880096436, 102.597076416, 66.2346420288, -70.8285446167, -36.9142303467], [-0.22573569417, -106.542495728, 12.2560195923, -39.7600746155, -25.7274456024, -0.93822824955, 10.502825737, 75.4595413208, 102.597076416, 200.472915649, 67.8838195801, 27.4738864899, -73.9011917114], [-401.128234863, 48.5434532166, -92.268989563, -117.723609924, -101.281204224, -12.3381252289, 38.9929962158, -8.97153568268, 66.2346420288, 67.8838195801, 172.884094238, 3.86409258842, -17.0058422089], [103.784843445, -75.1505966187, 108.454673767, -22.3059024811, 48.3733024597, 112.753097534, 34.3213539124, 17.7512321472, -70.8285446167, 27.4738864899, 3.86409258842, 140.05632019, 20.5080051422], [0.786264121532, 90.6127853394, 4.93611621857, 51.6200790405, 39.3375434875, 26.8690719604, 25.2352428436, -6.9867401123, -36.9142303467, -73.9011917114, -17.0058422089, 20.5080051422, 143.490585327]],
        "icov": [[0.00059653504286, -0.000156805981533, 0.00048171725939, -0.00100129772909, 0.000289349729428, -0.000508981989697, 0.000471682520583, -0.000250952172792, 0.000109763903311, -0.000393977767089, 0.00119097414427, -0.000797223008703, 0.000440624338808], [-0.000156805981533, 0.00693204253912, -0.00489466264844, 0.00303868367337, -0.00526635441929, 0.00367677933536, -0.00278311851434, 0.00412439880893, -0.00478547485545, 0.00470663048327, -0.00533747393638, 0.00450895912945, -0.00393995735794], [0.00048171725939, -0.00489466264844, 0.00539442477748, -0.00322183407843, 0.00384963303804, -0.00301175098866, 0.00279777962714, -0.004633737728, 0.004910686519, -0.00369392032735, 0.00433161994442, -0.00407299632207, 0.0033090361394], [-0.00100129772909, 0.00303868367337, -0.00322183407843, 0.00557785946876, -0.00482826167718, 0.00226029311307, -0.00101562868804, 0.00301094446331, -0.00436133518815, 0.00302231824026, -0.00326147046871, 0.0032006748952, -0.00299296388403], [0.000289349729428, -0.00526635441929, 0.00384963303804, -0.00482826167718, 0.0089254854247, -0.00420025130734, 0.00157597300131, -0.00294575025328, 0.00576100451872, -0.00521782971919, 0.00551886018366, -0.00312119605951, 0.00274251494557], [-0.000508981989697, 0.00367677933536, -0.00301175098866, 0.00226029311307, -0.00420025130734, 0.00664324872196, -0.00507316039875, 0.00295268138871, -6.06990652159e-05, 0.0014892705949, -0.00378397572786, 0.00210016104393, -0.00208231853321], [0.000471682520583, -0.00278311851434, 0.00279777962714, -0.00101562868804, 0.00157597300131, -0.00507316039875, 0.0131741203368, -0.00611850665882, -0.000797989312559, 0.00122615881264, -5.12714286742e-05, -0.00385843031108, 0.000898747472093], [-0.000250952172792, 0.00412439880893, -0.004633737728, 0.00301094446331, -0.00294575025328, 0.00295268138871, -0.00611850665882, 0.0141855273396, -0.00766717409715, -0.000351868395228, 0.00111136061605, 0.00151776359417, -0.00374436494894], [0.000109763903311, -0.00478547485545, 0.004910686519, -0.00436133518815, 0.00576100451872, -6.06990652159e-05, -0.000797989312559, -0.00766717409715, 0.015500552021, -0.00769666489214, 0.00173022807576, 0.000984382000752, 0.0027084860485], [-0.000393977767089, 0.00470663048327, -0.00369392032735, 0.00302231824026, -0.00521782971919, 0.0014892705949, 0.00122615881264, -0.000351868395228, -0.00769666489214, 0.0152118047699, -0.00821936875582, -0.00042557969573, 0.00192970957141], [0.00119097414427, -0.00533747393638, 0.00433161994442, -0.00326147046871, 0.00551886018366, -0.00378397572786, -5.12714286742e-05, 0.00111136061605, 0.00173022807576, -0.00821936875582, 0.0160870179534, -0.00492640398443, 0.00246962509118], [-0.000797223008703, 0.00450895912945, -0.00407299632207, 0.0032006748952, -0.00312119605951, 0.00210016104393, -0.00385843031108, 0.00151776359417, 0.000984382000752, -0.00042557969573, -0.00492640398443, 0.015462086536, -0.00539910513908], [0.000440624338808, -0.00393995735794, 0.0033090361394, -0.00299296388403, 0.00274251494557, -0.00208231853321, 0.000898747472093, -0.00374436494894, 0.0027084860485, 0.00192970957141, 0.00246962509118, -0.00539910513908, 0.0124702602625]]
    },
    "melbands": {
        "dmean": [0.000261350884102, 0.000374071008991, 0.000230487217777, 0.000487511453684, 9.03189866222e-05, 0.00010969471623, 0.000161142655998, 0.000233679529629, 0.000208758137887, 0.000226407501032, 5.7151679357e-05, 8.59769425006e-05, 0.000101778670796, 4.83599542349e-05, 3.5583263525e-05, 5.54617545276e-05, 2.42673304456e-05, 2.68560070253e-05, 2.38555930991e-05, 2.91201013169e-05, 1.6674039216e-05, 1.20420691019e-05, 1.28513720483e-05, 1.37112810989e-05, 1.06524475996e-05, 4.27561144534e-06, 3.00110446005e-06, 2.66833148999e-06, 1.94076324078e-06, 3.77812079932e-06, 2.60740648628e-06, 1.79853452664e-06, 1.39914072861e-06, 8.52401001339e-07, 6.29230669347e-07, 5.21325432601e-07, 3.16634810815e-07, 2.18718298584e-07, 1.46106486909e-07, 1.1139752587e-07],
        "dmean2": [0.000338159297826, 0.00056456879247, 0.000334563141223, 0.000687726424076, 0.000132785600726, 0.000155076617375, 0.000226598873269, 0.000330963754095, 0.000315458280966, 0.000308222370222, 7.99401968834e-05, 0.000126770682982, 0.000150100677274, 7.45330326026e-05, 5.45809780306e-05, 8.94841286936e-05, 3.5742748878e-05, 4.34706817032e-05, 3.66911554011e-05, 4.50019906566e-05, 2.57137635344e-05, 1.88056892512e-05, 1.99538790184e-05, 2.09346562769e-05, 1.64828561537e-05, 6.62808270135e-06, 4.58028534922e-06, 4.08303321819e-06, 2.94050596494e-06, 5.74305386181e-06, 3.73130319531e-06, 2.5857430046e-06, 1.97167287297e-06, 1.28265457988e-06, 9.63768229667e-07, 7.75863043145e-07, 4.68458466685e-07, 3.40961946677e-07, 2.2437372138e-07, 1.82535004001e-07],
        "dvar": [2.2195274596e-07, 3.85062833175e-07, 1.59807683531e-07, 1.27381269976e-06, 2.67085713546e-08, 3.70529775751e-08, 6.22072633405e-08, 1.73670628101e-07, 1.91821726503e-07, 2.03059300929e-07, 2.79790981494e-08, 4.49170727279e-08, 7.23240063394e-08, 4.03585822539e-08, 4.29386624035e-08, 1.81859274306e-08, 4.46213155314e-09, 3.6007417048e-09, 3.27292237756e-09, 9.77470460128e-09, 1.57168078552e-09, 7.9902834349e-10, 5.73040004337e-10, 5.57829449299e-10, 6.20101692217e-10, 1.20524520919e-10, 2.99241638413e-11, 3.3594672183e-11, 1.48670607075e-11, 6.21439982806e-11, 3.52397833137e-11, 1.29381965211e-11, 9.02854527252e-12, 2.9273710192e-12, 1.34452919718e-12, 1.15188392678e-12, 5.51455528377e-13, 2.00102060572e-13, 1.06862943787e-13, 7.85567086641e-14],
        "dvar2": [3.32663717018e-07, 8.29781697576e-07, 3.43375120337e-07, 2.44593479692e-06, 5.50167804647e-08, 6.65272139599e-08, 1.01368350158e-07, 3.21633677913e-07, 4.54199778233e-07, 3.47016424485e-07, 5.24724939055e-08, 8.75396324318e-08, 1.36792095873e-07, 7.81842004471e-08, 9.82382672987e-08, 4.29573816518e-08, 7.82254261367e-09, 9.17766396213e-09, 7.78156294956e-09, 1.93299047879e-08, 3.52872042697e-09, 1.68561475888e-09, 1.28035271274e-09, 1.26142807311e-09, 1.320038856e-09, 2.29113672479e-10, 6.38225305938e-11, 7.99017588204e-11, 3.12577082273e-11, 1.59354515694e-10, 7.75714562029e-11, 2.38680394893e-11, 1.67277355162e-11, 6.18937626845e-12, 3.00447947771e-12, 2.37015441995e-12, 1.01376643625e-12, 4.2851329039e-13, 2.2861711981e-13, 1.83789507051e-13],
        "max": [0.00666090613231, 0.00774202076718, 0.00495509477332, 0.0146516831592, 0.00238600582816, 0.0029533689376, 0.00376757490449, 0.00659269886091, 0.00783674046397, 0.00818286836147, 0.00517554534599, 0.00407763943076, 0.00583529053256, 0.00694060930982, 0.00865390058607, 0.00179691216908, 0.0013272537617, 0.000680645403918, 0.000789824174717, 0.00189010042232, 0.000725429854356, 0.000408937688917, 0.000331342453137, 0.000379248405807, 0.000424808793468, 0.000220356727368, 7.71166742197e-05, 0.000104342376289, 6.62375823595e-05, 9.95943046291e-05, 9.69039247138e-05, 5.18586966791e-05, 6.10714414506e-05, 2.45465053013e-05, 1.66413137777e-05, 2.3909005904e-05, 1.34785423143e-05, 5.41505414731e-06, 5.92881451666e-06, 4.50445668321e-06],
        "mean": [0.000621476036031, 0.000770273851231, 0.000419604795752, 0.000760974769946, 0.000140860211104, 0.000196684442926, 0.000366359774489, 0.000481253198814, 0.000382427708246, 0.000465233111754, 0.000108122672827, 0.000188274425454, 0.000228864737437, 0.000103867489088, 8.27804324217e-05, 0.000118736097647, 3.89538690797e-05, 3.71534624719e-05, 3.8702157326e-05, 5.81348649575e-05, 3.02239914163e-05, 2.26682641369e-05, 2.44622406171e-05, 2.82377877738e-05, 1.75055065483e-05, 8.08813365438e-06, 5.60462649446e-06, 4.84385782329e-06, 3.75036825062e-06, 6.46099942969e-06, 4.22956509283e-06, 3.14275280289e-06, 2.72139413937e-06, 1.51440087848e-06, 1.14200122425e-06, 9.72188445303e-07, 5.90386321164e-07, 3.36604927043e-07, 2.20596504619e-07, 1.51345915356e-07],
        "median": [0.000130414831801, 0.000353463517968, 0.000170840823557, 0.000166125697433, 5.69825642742e-05, 7.831309631e-05, 0.000132256187499, 0.000182020463399, 0.000113209651317, 0.000130092230393, 4.03847589041e-05, 2.94597375614e-05, 4.2185321945e-05, 2.85870737571e-05, 1.39844369187e-05, 2.4809538445e-05, 9.7275715234e-06, 9.43684608501e-06, 5.26694111613e-06, 3.93969321522e-06, 5.18846809427e-06, 4.4107150643e-06, 6.48125615044e-06, 7.08170045982e-06, 3.6670182908e-06, 1.84157090644e-06, 1.78037771548e-06, 1.46165314163e-06, 1.20881918519e-06, 1.39649739594e-06, 6.70443341733e-07, 7.90745787072e-07, 5.80521259508e-07, 4.66994066528e-07, 5.28881400896e-07, 3.17523671356e-07, 1.59183798587e-07, 1.42210751619e-07, 6.2334812867e-08, 5.40482005817e-08],
        "min": [1.55250631906e-07, 4.56389628312e-08, 3.21641131507e-08, 2.45664200094e-08, 1.41599194592e-08, 3.28695435314e-08, 6.51040920729e-07, 4.63663582195e-07, 4.68974889145e-07, 1.94204005766e-07, 1.02063218321e-07, 1.10640783646e-07, 1.50333789861e-07, 7.86624667626e-08, 9.95366491452e-08, 6.51807425811e-08, 4.44519869802e-08, 1.2461325305e-08, 1.15158673708e-08, 4.38996261565e-09, 2.38471784542e-08, 8.12477018997e-09, 1.02736903429e-08, 1.31670052639e-08, 8.10358624648e-09, 2.49397191787e-09, 1.45724787792e-09, 4.038361201e-09, 2.88991919284e-09, 2.16404250075e-09, 2.56223064987e-09, 2.88632073797e-09, 2.43574471703e-09, 2.59658228252e-09, 1.55790236267e-09, 9.81728254246e-10, 1.25735077905e-09, 8.23217494172e-10, 7.12155057148e-11, 2.76123064301e-13],
