{
"highlevel": {
    "danceability": {
        "all": {
            "danceable": 0.973993122578,
            "not_danceable": 0.0260068904608
        },
        "probability": 0.973993122578,
        "value": "danceable"
    },
    "gender": {
        "all": {
            "female": 0.843604564667,
            "male": 0.156395465136
        },
        "probability": 0.843604564667,
        "value": "female"
    },
    "genre_dortmund": {
        "all": {
            "alternative": 0.0453776419163,
            "blues": 0.0731452032924,
            "electronic": 0.156337633729,
            "folkcountry": 0.0254801511765,
            "funksoulrnb": 0.0650067999959,
            "jazz": 0.0857543125749,
            "pop": 0.0330384895205,
            "raphiphop": 0.283796608448,
            "rock": 0.232063144445
        },
        "probability": 0.283796608448,
        "value": "raphiphop"
    },
    "genre_electronic": {
        "all": {
            "ambient": 0.488266825676,
            "dnb": 0.386586427689,
            "house": 0.0605723671615,
            "techno": 0.0103867836297,
            "trance": 0.0541876107454
        },
        "probability": 0.488266825676,
        "value": "ambient"
    },
    "genre_rosamerica": {
        "all": {
            "cla": 0.0169167835265,
            "dan": 0.047501783818,
            "hip": 0.223568424582,
            "jaz": 0.0183782298118,
            "pop": 0.437222570181,
            "rhy": 0.157211825252,
            "roc": 0.0914501324296,
            "spe": 0.00775026110932
        },
        "probability": 0.437222570181,
        "value": "pop"
    },
    "genre_tzanetakis": {
        "all": {
            "blu": 0.0626613423228,
            "cla": 0.0348169617355,
            "cou": 0.104475811124,
            "dis": 0.0784321576357,
            "hip": 0.15692435205,
            "jaz": 0.313974827528,
            "met": 0.0448166541755,
            "pop": 0.0627359300852,
            "reg": 0.0627360641956,
            "roc": 0.0784258767962
        },
        "probability": 0.313974827528,
        "value": "jaz"
    },
    "ismir04_rhythm": {
        "all": {
            "ChaChaCha": 0.176959678531,
            "Jive": 0.102851510048,
            "Quickstep": 0.10837456584,
            "Rumba-American": 0.011747979559,
            "Rumba-International": 0.0400661118329,
            "Rumba-Misc": 0.00801697000861,
            "Samba": 0.431872904301,
            "Tango": 0.0246183481067,
            "VienneseWaltz": 0.0820963978767,
            "Waltz": 0.0133955394849
        },
        "probability": 0.431872904301,
        "value": "Samba"
    },
    "mood_acoustic": {
        "all": {
            "acoustic": 0.00492377579212,
            "not_acoustic": 0.995076239109
        },
        "probability": 0.995076239109,
        "value": "not_acoustic"
    },
    "mood_aggressive": {
        "all": {
            "aggressive": 0.401592135429,
            "not_aggressive": 0.598407864571
        },
        "probability": 0.598407864571,
        "value": "not_aggressive"
    },
    "mood_electronic": {
        "all": {
            "electronic": 0.919218301773,
            "not_electronic": 0.0807817056775
        },
        "probability": 0.919218301773,
        "value": "electronic"
    },
    "mood_happy": {
        "all": {
            "happy": 0.308181732893,
            "not_happy": 0.691818237305
        },
        "probability": 0.691818237305,
        "value": "not_happy"
    },
    "mood_party": {
        "all": {
            "not_party": 0.328513801098,
            "party": 0.671486198902
        },
        "probability": 0.671486198902,
        "value": "party"
    },
    "mood_relaxed": {
        "all": {
            "not_relaxed": 0.282233446836,
            "relaxed": 0.717766523361
        },
        "probability": 0.717766523361,
        "value": "relaxed"
    },
    "mood_sad": {
        "all": {
            "not_sad": 0.952954292297,
            "sad": 0.047045737505
        },
        "probability": 0.952954292297,
        "value": "not_sad"
    },
    "moods_mirex": {
        "all": {
            "Cluster1": 0.127819374204,
            "Cluster2": 0.149353817105,
            "Cluster3": 0.0253261681646,
            "Cluster4": 0.12054438889,
            "Cluster5": 0.576956272125
        },
        "probability": 0.576956272125,
        "value": "Cluster5"
    },
    "timbre": {
        "all": {
            "bright": 0.289229303598,
            "dark": 0.710770666599
        },
        "probability": 0.710770666599,
        "value": "dark"
    },
    "tonal_atonal": {
        "all": {
            "atonal": 0.699687242508,
            "tonal": 0.300312787294
        },
        "probability": 0.699687242508,
        "value": "atonal"
    },
    "voice_instrumental": {
        "all": {
            "instrumental": 0.0192276909947,
            "voice": 0.980772316456
        },
        "probability": 0.980772316456,
        "value": "voice"
    }
},
"lowlevel": {
    "average_loudness": 0.974807143211,
    "barkbands_crest": {
        "dmean": 3.59522652626,
        "dmean2": 5.97442674637,
        "dvar": 9.09881591797,
        "dvar2": 25.3650493622,
        "max": 24.6247558594,
        "mean": 10.3325052261,
        "median": 9.53564357758,
        "min": 2.58407878876,
        "var": 21.4700698853
    },
    "barkbands_flatness_db": {
        "dmean": 0.029396738857,
        "dmean2": 0.04341230914,
        "dvar": 0.000745842291508,
        "dvar2": 0.00129562371876,
        "max": 0.467377960682,
        "mean": 0.152941763401,
        "median": 0.144417628646,
        "min": 0.0487079508603,
        "var": 0.00348035036586
    },
    "barkbands_kurtosis": {
        "dmean": 4.07087612152,
        "dmean2": 6.39935064316,
        "dvar": 64.4137802124,
        "dvar2": 146.329711914,
        "max": 121.708648682,
        "mean": 5.71554946899,
        "median": 2.4002456665,
        "min": -1.83462142944,
        "var": 144.642654419
    },
    "barkbands_skewness": {
        "dmean": 0.711813807487,
        "dmean2": 1.10696780682,
        "dvar": 0.554378867149,
        "dvar2": 1.183416605,
        "max": 9.05507946014,
        "mean": 1.51916968822,
        "median": 1.36864328384,
        "min": -1.57837224007,
        "var": 1.91318714619
    },
    "barkbands_spread": {
        "dmean": 6.02991485596,
        "dmean2": 8.68528175354,
        "dvar": 43.8275184631,
        "dvar2": 82.0594100952,
        "max": 87.2209243774,
        "mean": 20.0777225494,
        "median": 16.5060749054,
        "min": 0.404056072235,
        "var": 185.573745728
    },
    "dissonance": {
        "dmean": 0.0208076052368,
        "dmean2": 0.0339190997183,
        "dvar": 0.000422529818024,
        "dvar2": 0.00110141641926,
        "max": 0.499997645617,
        "mean": 0.459559172392,
        "median": 0.466182380915,
        "min": 0.23258498311,
        "var": 0.000998313189484
    },
    "dynamic_complexity": 2.11614012718,
    "erbbands_crest": {
        "dmean": 2.81356620789,
        "dmean2": 4.52821063995,
        "dvar": 7.99853658676,
        "dvar2": 18.984960556,
        "max": 30.7561988831,
        "mean": 8.97766780853,
        "median": 7.66578245163,
        "min": 2.65350914001,
        "var": 22.0351886749
    },
    "erbbands_flatness_db": {
        "dmean": 0.0191336143762,
        "dmean2": 0.0287350621074,
        "dvar": 0.000283129687887,
        "dvar2": 0.000568856601603,
        "max": 0.326020717621,
        "mean": 0.166585341096,
        "median": 0.164475902915,
        "min": 0.0709229409695,
        "var": 0.00159003399312
    },
    "erbbands_kurtosis": {
        "dmean": 1.24866747856,
        "dmean2": 1.98725736141,
        "dvar": 3.1498374939,
        "dvar2": 7.11508512497,
        "max": 25.960018158,
        "mean": 1.10891973972,
        "median": 0.307432889938,
        "min": -1.81615495682,
        "var": 6.48994588852
    },
    "erbbands_skewness": {
        "dmean": 0.454650491476,
        "dmean2": 0.693274199963,
        "dvar": 0.187201395631,
        "dvar2": 0.406706571579,
        "max": 4.12248802185,
        "mean": 0.645103752613,
        "median": 0.569805860519,
        "min": -1.31742310524,
        "var": 0.67074406147
    },
    "erbbands_spread": {
        "dmean": 7.24564409256,
        "dmean2": 11.0771503448,
        "dvar": 54.9100761414,
        "dvar2": 109.823020935,
        "max": 111.135932922,
        "mean": 33.5598220825,
        "median": 30.2204360962,
        "min": 4.43103218079,
        "var": 310.040740967
    },
    "hfc": {
        "dmean": 10.6561412811,
        "dmean2": 15.4651098251,
        "dvar": 208.531585693,
        "dvar2": 425.094970703,
        "max": 116.533004761,
        "mean": 22.0138893127,
        "median": 14.7852592468,
        "min": 0.137107089162,
        "var": 427.816711426
    },
    "melbands_crest": {
        "dmean": 5.51961660385,
        "dmean2": 9.23276615143,
        "dvar": 25.1660461426,
        "dvar2": 69.5007019043,
        "max": 37.3574371338,
        "mean": 15.6877346039,
        "median": 14.1773576736,
        "min": 2.91713547707,
        "var": 52.7057609558
    },
    "melbands_flatness_db": {
        "dmean": 0.0359079651535,
        "dmean2": 0.05128217116,
        "dvar": 0.00120584119577,
        "dvar2": 0.00193836574908,
        "max": 0.588146626949,
        "mean": 0.199727326632,
        "median": 0.188990592957,
        "min": 0.0387262776494,
        "var": 0.0065688546747
    },
    "melbands_kurtosis": {
        "dmean": 7.96376514435,
        "dmean2": 12.7188816071,
        "dvar": 211.552963257,
        "dvar2": 478.447052002,
        "max": 201.756973267,
        "mean": 12.5713348389,
        "median": 6.87282466888,
        "min": -1.13123178482,
        "var": 406.800476074
    },
    "melbands_skewness": {
        "dmean": 0.883121728897,
        "dmean2": 1.39446818829,
        "dvar": 0.902257859707,
        "dvar2": 2.03847765923,
        "max": 12.8418998718,
        "mean": 2.29311347008,
        "median": 2.07173871994,
        "min": -1.40514802933,
        "var": 2.85472941399
    },
    "melbands_spread": {
        "dmean": 8.4504327774,
        "dmean2": 12.5827465057,
        "dvar": 83.5776290894,
        "dvar2": 163.717208862,
        "max": 133.446182251,
        "mean": 23.3612804413,
        "median": 18.2888412476,
        "min": 0.393748044968,
        "var": 319.703552246
    },
    "pitch_salience": {
        "dmean": 0.105230659246,
        "dmean2": 0.176235616207,
        "dvar": 0.00850961357355,
        "dvar2": 0.0239873658866,
        "max": 0.81169962883,
        "mean": 0.55161178112,
        "median": 0.567275643349,
        "min": 0.0964242443442,
        "var": 0.0189162418246
    },
    "silence_rate_20dB": {
        "dmean": 0,
        "dmean2": 0,
        "dvar": 0,
        "dvar2": 0,
        "max": 1,
        "mean": 1,
        "median": 1,
        "min": 1,
        "var": 0
    },
    "silence_rate_30dB": {
        "dmean": 0,
        "dmean2": 0,
        "dvar": 0,
        "dvar2": 0,
        "max": 1,
        "mean": 1,
        "median": 1,
        "min": 1,
        "var": 0
    },
    "silence_rate_60dB": {
        "dmean": 0.0108359130099,
        "dmean2": 0.0216886140406,
        "dvar": 0.0107183894143,
        "dvar2": 0.0227678027004,
        "max": 1,
        "mean": 0.0146945090964,
        "median": 0,
        "min": 0,
        "var": 0.0144783416763
    },
    "spectral_centroid": {
        "dmean": 282.070861816,
        "dmean2": 393.223632812,
        "dvar": 81737.84375,
        "dvar2": 141730.953125,
        "max": 3243.60375977,
        "mean": 1316.7409668,
        "median": 1216.95910645,
        "min": 233.712738037,
        "var": 411703.21875
    },
    "spectral_complexity": {
        "dmean": 5.67337465286,
        "dmean2": 7.42834997177,
        "dvar": 48.0589065552,
        "dvar2": 69.2858276367,
        "max": 64,
        "mean": 20.3464813232,
        "median": 16,
        "min": 0,
        "var": 172.824905396
    },
    "spectral_decrease": {
        "dmean": 2.57576782126e-09,
        "dmean2": 3.76846864825e-09,
        "dvar": 6.10109849614e-18,
        "dvar2": 1.45880431321e-17,
        "max": -1.51516327263e-10,
        "mean": -7.25000059987e-09,
        "median": -6.285791887e-09,
        "min": -2.62046810917e-08,
        "var": 2.06885779046e-17
    },
    "spectral_energy": {
        "dmean": 0.0103204101324,
        "dmean2": 0.0150489658117,
        "dvar": 9.62584817898e-05,
        "dvar2": 0.00022341159638,
        "max": 0.100098513067,
        "mean": 0.0293598845601,
        "median": 0.0252884943038,
        "min": 0.000586145615671,
        "var": 0.000323627667967
    },
    "spectral_energyband_high": {
        "dmean": 0.000445289362688,
        "dmean2": 0.000586959766224,
        "dvar": 5.89035153098e-07,
        "dvar2": 1.02153546777e-06,
        "max": 0.0129906143993,
        "mean": 0.000896486570127,
        "median": 0.000358214892913,
        "min": 1.0481364825e-06,
        "var": 2.06556296689e-06
    },
    "spectral_energyband_low": {
        "dmean": 0.00701457215473,
        "dmean2": 0.011723571457,
        "dvar": 0.000105340404843,
        "dvar2": 0.000268484844128,
        "max": 0.0883840397,
        "mean": 0.0114261442795,
        "median": 0.00483238184825,
        "min": 1.63263011927e-05,
        "var": 0.00021625442605
    },
    "spectral_energyband_middle_high": {
        "dmean": 0.00418413663283,
        "dmean2": 0.00628960318863,
        "dvar": 4.16200200561e-05,
        "dvar2": 8.95510602277e-05,
        "max": 0.0536331832409,
        "mean": 0.00663099950179,
        "median": 0.00286339130253,
        "min": 2.39622768277e-05,
        "var": 7.82687420724e-05
    },
    "spectral_energyband_middle_low": {
        "dmean": 0.00424446584657,
        "dmean2": 0.00684278691188,
        "dvar": 2.24161631195e-05,
        "dvar2": 5.42882007721e-05,
        "max": 0.0446985177696,
        "mean": 0.0105424299836,
        "median": 0.0092291617766,
        "min": 5.59975014767e-05,
        "var": 5.26806579728e-05
    },
    "spectral_entropy": {
        "dmean": 0.174907922745,
        "dmean2": 0.240354508162,
        "dvar": 0.0370103418827,
        "dvar2": 0.0584488026798,
        "max": 8.59338474274,
        "mean": 7.57713460922,
        "median": 7.67761039734,
        "min": 6.08285999298,
        "var": 0.184055954218
    },
    "spectral_flux": {
        "dmean": 0.0270993672311,
        "dmean2": 0.0419250838459,
        "dvar": 0.000746891542803,
        "dvar2": 0.00153618049808,
        "max": 0.26134583354,
        "mean": 0.09969201684,
        "median": 0.0920802950859,
        "min": 0.0114785134792,
        "var": 0.00218999478966
    },
    "spectral_kurtosis": {
        "dmean": 1.46455550194,
        "dmean2": 2.45405554771,
        "dvar": 2.04957914352,
        "dvar2": 5.5238442421,
        "max": 16.5099105835,
        "mean": 4.06504774094,
        "median": 3.74784803391,
        "min": -0.656554222107,
        "var": 4.72982883453
    },
    "spectral_rms": {
        "dmean": 0.000925920030568,
        "dmean2": 0.00135474989656,
        "dvar": 6.42835232156e-07,
        "dvar2": 1.433899115e-06,
        "max": 0.00988216046244,
        "mean": 0.00508850393817,
        "median": 0.00496706180274,
        "min": 0.000756207271479,
        "var": 2.7509188385e-06
    },
    "spectral_rolloff": {
        "dmean": 515.930297852,
        "dmean2": 793.227111816,
        "dvar": 691323.8125,
        "dvar2": 1319366,
        "max": 10400.5371094,
        "mean": 1404.50488281,
        "median": 925.927734375,
        "min": 43.06640625,
        "var": 2099617.25
    },
    "spectral_skewness": {
        "dmean": 0.217224776745,
        "dmean2": 0.33657258749,
        "dvar": 0.0355971381068,
        "dvar2": 0.0760456845164,
        "max": 3.22509503365,
        "mean": 1.52203369141,
        "median": 1.52539396286,
        "min": -0.00568643352017,
        "var": 0.173311188817
    },
    "spectral_spread": {
        "dmean": 530845.875,
        "dmean2": 771360.5,
        "dvar": 287967379456,
        "dvar2": 490326982656,
        "max": 9292141,
        "mean": 4240207,
        "median": 3929324.5,
        "min": 2253998.5,
        "var": 1.26193067622e+12
    },
    "spectral_strongpeak": {
        "dmean": 0.525986194611,
        "dmean2": 0.887873709202,
        "dvar": 0.611047565937,
        "dvar2": 1.53224503994,
        "max": 9.01196956635,
        "mean": 0.836836338043,
        "median": 0.411856085062,
        "min": 0,
        "var": 1.13048648834
    },
    "zerocrossingrate": {
        "dmean": 0.0117863984779,
        "dmean2": 0.0127883544192,
        "dvar": 0.000168129510712,
        "dvar2": 0.000150481806486,
        "max": 0.27392578125,
        "mean": 0.0550477616489,
        "median": 0.04541015625,
        "min": 0.001953125,
        "var": 0.00139490154106
    },
    "barkbands": {
        "dmean": [0.00185213366058, 0.00606873631477, 0.00111539813224, 0.000564479967579, 0.00136961997487, 0.00108260032721, 0.00076993618859, 0.000553676451091, 0.00177528173663, 0.000768635305576, 0.000640788930468, 0.00102732959203, 0.000515974243172, 0.000558796455152, 0.000936146418098, 0.000459892646177, 0.000450128689408, 0.000258578686044, 0.000275359052466, 0.000109318629256, 0.00015325829736, 0.000115349510452, 9.75696239038e-05, 6.20262653683e-05, 3.78750337404e-05, 1.31468104883e-05, 6.89516070906e-08],
        "dmean2": [0.00278413272463, 0.0105292247608, 0.00197856035084, 0.000946081418078, 0.00230463338085, 0.00174792855978, 0.00118617457338, 0.000856610422488, 0.0028713918291, 0.00124314019922, 0.00107461516745, 0.00170491577592, 0.000851284596138, 0.000887364847586, 0.00155359564815, 0.000734699249733, 0.000759615621064, 0.000410225387895, 0.000430589861935, 0.000159687551786, 0.000240391324041, 0.000160976604093, 0.000137038106914, 8.96963829291e-05, 5.65545888094e-05, 1.83163519978e-05, 1.13079977382e-07],
        "dvar": [9.50503817876e-06, 7.30474421289e-05, 3.80827532354e-06, 8.65011259066e-07, 3.8264165596e-06, 2.56549560618e-06, 1.77514880306e-06, 1.04624382402e-06, 1.10345026769e-05, 4.3655331865e-06, 1.61812158694e-06, 4.82958830617e-06, 9.95389200398e-07, 1.31072886234e-06, 3.04264244733e-06, 1.09528764369e-06, 1.02397029877e-06, 2.47889659022e-07, 2.53404067507e-07, 3.17628625623e-08, 8.55391206755e-08, 8.17703593725e-08, 4.12916136838e-08, 1.76626215875e-08, 7.55049445189e-09, 2.09703521215e-09, 6.02605869393e-14],
        "dvar2": [1.86796241906e-05, 0.000211980499444, 1.03098118416e-05, 2.60136403085e-06, 9.96273138298e-06, 6.48371997158e-06, 4.09420499636e-06, 2.41600787376e-06, 2.75104484899e-05, 1.07495607153e-05, 4.27320128438e-06, 1.22429601106e-05, 2.44954685513e-06, 3.28929354509e-06, 7.70345559431e-06, 2.81175471173e-06, 2.82756263914e-06, 6.10084669006e-07, 6.31775378679e-07, 6.5202904409e-08, 2.01844358116e-07, 1.47787702076e-07, 7.93017349565e-08, 3.35038023991e-08, 1.74777579076e-08, 3.91623666829e-09, 1.27782468851e-13],
        "max": [0.021227074787, 0.0814165472984, 0.0132104475051, 0.00762558076531, 0.0214341543615, 0.0212785042822, 0.0188402626663, 0.00753211975098, 0.0443163476884, 0.0346805863082, 0.0186381656677, 0.0397957079113, 0.0138595439494, 0.0212499108166, 0.0164495613426, 0.0173897314817, 0.00866973120719, 0.00334779918194, 0.00352902151644, 0.0019326871261, 0.00310473190621, 0.00570682808757, 0.00437078112736, 0.00236465455964, 0.00112925993744, 0.000953349517658, 3.01429622596e-06],
        "mean": [0.00215815799311, 0.00816348660737, 0.00111603015102, 0.000616302713752, 0.00257837446406, 0.00236075394787, 0.00133058463689, 0.00072073697811, 0.0026017210912, 0.000781779061072, 0.000738229078706, 0.00123771780636, 0.000569777097553, 0.000695881666616, 0.00100409961306, 0.000562269764487, 0.000491530809086, 0.000306939909933, 0.000332685594913, 0.000187660669326, 0.000240327775828, 0.00021535831911, 0.000166184472619, 0.000106217514258, 5.88274051552e-05, 1.82061885425e-05, 5.3899523067e-08],
        "median": [0.000601557665505, 0.0033015483059, 0.000347010791302, 0.000224747505854, 0.00147212191951, 0.00141526013613, 0.000535131955985, 0.000310492963763, 0.00111480068881, 0.000156754103955, 0.000341398466844, 0.000284176319838, 0.000183233409189, 0.000212619255763, 0.000277186685707, 0.000151989064761, 0.00011774624727, 0.000101867663034, 9.5694216725e-05, 8.16054889583e-05, 9.10711169126e-05, 4.96667234984e-05, 5.1288458053e-05, 4.92432118335e-05, 2.05121814361e-05, 2.66739789367e-06, 8.66141158795e-10],
        "min": [2.48013947157e-07, 3.30648936142e-06, 1.30685009481e-07, 6.81790368162e-07, 1.18095499602e-06, 2.48452602136e-06, 1.16775152037e-06, 9.71902181846e-07, 3.00301235256e-06, 2.48163087235e-06, 8.17164504952e-07, 1.62878370702e-06, 8.69983693974e-07, 1.43135275721e-06, 2.51764458881e-06, 1.23569623156e-06, 1.42617636811e-06, 6.701624784e-07, 1.13577618777e-06, 3.5272236687e-07, 4.30666148077e-07, 9.71339773059e-08, 1.28506925989e-07, 8.25201453836e-08, 5.26257259992e-09, 4.0546576513e-12, 6.09334761467e-12],
        "var": [1.29551726786e-05, 0.000133650944917, 3.52587176167e-06, 9.83569975688e-07, 7.81646758696e-06, 8.32408295537e-06, 4.31394573752e-06, 1.24439759475e-06, 1.87805399037e-05, 4.20247170041e-06, 1.5376955389e-06, 9.19371996133e-06, 1.10069083803e-06, 2.04097432288e-06, 3.16130535793e-06, 1.21853224755e-06, 9.92785771814e-07, 2.67747452654e-07, 3.0356520142e-07, 6.4126957966e-08, 1.41229591577e-07, 3.10475058996e-07, 1.21704601952e-07, 3.18078967609e-08, 1.46397667322e-08, 3.63348728882e-09, 5.74089319377e-14]
    },
    "erbbands": {
        "dmean": [0.308859378099, 0.945872843266, 1.35813117027, 1.54647147655, 2.55598068237, 6.60323810577, 8.20000076294, 8.40253925323, 8.28474140167, 11.1915302277, 16.2805233002, 40.2542304993, 32.0549049377, 25.5656356812, 26.1815376282, 39.6114234924, 22.8329849243, 30.5185546875, 32.5170288086, 43.5026893616, 25.8296546936, 22.5724182129, 15.9097976685, 13.7028198242, 11.8672809601, 5.08394193649, 6.2164850235, 5.5385351181, 4.25796556473, 3.54002094269, 2.77192592621, 1.78634262085, 0.836472570896, 0.432983577251, 0.29502633214, 0.0965018719435, 0.0172505490482, 0.000842543318868, 3.13449163514e-05, 1.39587418744e-05],
        "dmean2": [0.52697789669, 1.67739665508, 2.42859816551, 2.62973976135, 4.36135101318, 10.9380884171, 13.1621074677, 14.0612287521, 13.0330438614, 17.2600688934, 25.3498268127, 64.7740859985, 50.4791412354, 42.2321090698, 41.3992996216, 65.9618453979, 38.0818710327, 49.4782066345, 53.5267791748, 71.055519104, 40.202911377, 37.1126785278, 25.5919132233, 21.0393238068, 18.641576767, 7.28892326355, 9.42924690247, 8.68089962006, 5.98343038559, 5.03992843628, 3.9776263237, 2.56268787384, 1.20933258533, 0.640264213085, 0.448796182871, 0.134627714753, 0.0248923040926, 0.0013524206588, 4.58298782178e-05, 1.97988119908e-05],
        "dvar": [0.194495618343, 2.36937975883, 5.98144292831, 5.9978260994, 15.1011209488, 93.0735473633, 218.492034912, 142.692764282, 196.822189331, 311.819885254, 672.914550781, 8673.12304688, 5708.57568359, 1987.16992188, 3995.68530273, 7770.22509766, 1811.93591309, 4501.63916016, 3239.36572266, 7241.58740234, 2598.02172852, 2459.81567383, 963.147155762, 633.458862305, 465.410949707, 69.5413208008, 118.706474304, 126.794914246, 117.307662964, 76.3509597778, 38.0366134644, 14.8532991409, 2.72832202911, 0.649512708187, 0.693845510483, 0.109944626689, 0.0024353119079, 6.36598042547e-06, 4.28169588673e-09, 1.76822140263e-10],
        "dvar2": [0.545939087868, 6.84828042984, 16.7000846863, 17.2171325684, 41.9421043396, 235.530258179, 544.725158691, 381.196502686, 481.23248291, 691.898071289, 1483.68603516, 22040.3496094, 13296.4150391, 5110.46289062, 9906.41796875, 20277.6015625, 4476.16552734, 11612.4306641, 7748.81396484, 17909.1347656, 6307.38427734, 6527.91308594, 2399.45263672, 1526.33496094, 1115.03186035, 136.904693604, 270.181671143, 304.876708984, 238.612701416, 151.664260864, 75.4104003906, 27.9485626221, 5.67184686661, 1.43923258781, 1.60027623177, 0.185118466616, 0.00492856651545, 1.59219107445e-05, 8.51517789613e-09, 3.69901442809e-10],
        "max": [4.28114461899, 10.5158443451, 15.0520706177, 15.7760829926, 36.8989219666, 95.5011138916, 191.050643921, 157.295471191, 183.141113281, 237.422836304, 243.111587524, 1381.51745605, 1263.38891602, 600.673400879, 1139.29443359, 1224.38232422, 630.365844727, 1262.06140137, 438.34979248, 1003.78326416, 551.992370605, 404.461517334, 215.365020752, 183.597702026, 170.665557861, 93.6126403809, 140.252990723, 114.145446777, 257.617889404, 120.496612549, 150.020278931, 76.5750656128, 32.7443237305, 14.197142601, 12.1553821564, 7.23219776154, 0.857259273529, 0.0510753430426, 0.00105275842361, 0.000137645925861],
        "mean": [0.40928581357, 1.14918839931, 1.38637089729, 1.75439834595, 3.67494034767, 12.4537382126, 16.1416301727, 16.6639328003, 14.8939828873, 19.7317638397, 25.0746669769, 57.0227355957, 39.7374458313, 28.4491214752, 34.887462616, 44.8119392395, 26.6795425415, 37.5535049438, 41.784160614, 45.5685462952, 33.6515274048, 25.9927825928, 18.6777095795, 16.7504711151, 14.920460701, 8.80031013489, 9.99721717834, 8.64649105072, 7.88493347168, 6.00272607803, 4.73077106476, 3.05096673965, 1.33073806763, 0.666415274143, 0.425978899002, 0.139350384474, 0.0227438732982, 0.0010264191078, 5.27200609213e-05, 3.86208521377e-05],
        "median": [0.14426638186, 0.440069615841, 0.476610481739, 0.689577102661, 2.17673516273, 6.94893312454, 6.73349380493, 11.6101617813, 7.84347391129, 8.11052894592, 12.062458992, 19.951166153, 12.2137336731, 12.5600223541, 11.7376890182, 11.6342887878, 9.35080528259, 12.2463064194, 12.1081533432, 12.4438667297, 9.15955257416, 7.29767084122, 6.03080463409, 4.44565725327, 4.76645565033, 3.85770225525, 4.10345125198, 2.96954989433, 1.95970261097, 1.43939638138, 1.49805521965, 1.19298660755, 0.664887011051, 0.28640460968, 0.103352084756, 0.0237544775009, 0.00342378625646, 0.000159910370712, 2.57206811511e-05, 3.37796882377e-05],
        "min": [7.78989269747e-05, 0.00107317289803, 0.0017385459505, 0.00473691336811, 0.00543807214126, 0.00553112570196, 0.0181632395834, 0.0269069541246, 0.0446359552443, 0.0477706417441, 0.0453635528684, 0.0751703754067, 0.101507395506, 0.0814656540751, 0.0566727109253, 0.0623008795083, 0.0614727474749, 0.0711355358362, 0.107527695596, 0.139727041125, 0.0784567818046, 0.0738411322236, 0.0421591475606, 0.0502688661218, 0.0314515009522, 0.0163975935429, 0.018307896331, 0.0109710600227, 0.00398830091581, 0.00180154538248, 0.00389166246168, 0.00310108927079, 0.000500394555274, 0.000541831948794, 0.000145011887071, 2.48715750786e-05, 1.13449175387e-06, 1.18376640046e-07, 3.02044014688e-07, 6.50791093904e-07],
        "var": [0.379037201405, 2.8675301075, 5.20558929443, 6.72628307343, 18.9610900879, 204.207687378, 578.262817383, 317.012939453, 384.505279541, 761.299987793, 1240.77233887, 14236.5488281, 6747.61865234, 1983.87756348, 6296.28710938, 11131.6445312, 1945.80957031, 6658.69140625, 4459.60693359, 7650.04345703, 3691.64819336, 2490.13232422, 1058.0760498, 787.898193359, 561.697753906, 142.336547852, 215.712173462, 223.587158203, 416.758422852, 219.714996338, 98.0523910522, 29.9284496307, 4.51953268051, 1.21046519279, 1.26465559006, 0.214798763394, 0.00417232094333, 8.13684528111e-06, 7.6336474919e-09, 5.62474178345e-10]
    },
    "gfcc": {
        "mean": [-0.565956115723, 100.623092651, -130.20274353, 38.0470275879, -66.1509170532, 22.4132232666, -36.2079162598, 11.1654081345, -16.1151294708, 3.83920884132, -7.74399185181, -0.447844773531, 1.98116910458],
        "cov": [[3394.26171875, -1172.13659668, -639.09197998, -203.2996521, -261.766265869, 186.519927979, -281.545288086, 150.516525269, -151.921722412, 79.809753418, -251.512817383, 109.048812866, -193.343276978], [-1172.13659668, 1461.82751465, 451.42791748, 234.796005249, 213.854293823, -252.437240601, 195.792572021, -160.40536499, 181.184310913, -116.770317078, 222.211395264, -108.780052185, 89.3002319336], [-639.09197998, 451.42791748, 1041.74975586, 254.735122681, 21.7670135498, -141.493743896, 6.86517715454, -73.8734970093, 37.3339195251, 97.4735031128, 41.4507789612, 137.463531494, -35.989528656], [-203.2996521, 234.796005249, 254.735122681, 327.037139893, 102.785140991, -6.31738948822, 64.9942703247, -34.8171768188, 96.5453796387, -9.5684967041, 69.9010162354, -0.110980428755, 38.4200019836], [-261.766265869, 213.854293823, 21.7670135498, 102.785140991, 325.765594482, 130.626586914, 108.742019653, 91.2332763672, 74.7740631104, -31.9478816986, 48.5172119141, -61.4509048462, 35.7729301453], [186.519927979, -252.437240601, -141.493743896, -6.31738948822, 130.626586914, 317.296234131, 112.588684082, 139.979980469, 8.00173664093, 0.307525128126, -2.20096802711, -66.8871994019, 15.362531662], [-281.545288086, 195.792572021, 6.86517715454, 64.9942703247, 108.742019653, 112.588684082, 235.321212769, 40.951007843, 63.041053772, -30.7817420959, 55.371509552, -69.8449020386, 29.6051883698], [150.516525269, -160.40536499, -73.8734970093, -34.8171768188, 91.2332763672, 139.979980469, 40.951007843, 180.262908936, 18.2518024445, 3.79904317856, -29.3147315979, -34.7176399231, 4.5124373436], [-151.921722412, 181.184310913, 37.3339195251, 96.5453796387, 74.7740631104, 8.00173664093, 63.041053772, 18.2518024445, 137.79598999, -21.577960968, 35.1989593506, -27.9179325104, 17.6079063416], [79.809753418, -116.770317078, 97.4735031128, -9.5684967041, -31.9478816986, 0.307525128126, -30.7817420959, 3.79904317856, -21.577960968, 96.8311157227, 1.13704621792, 57.8630218506, -19.7245807648], [-251.512817383, 222.211395264, 41.4507789612, 69.9010162354, 48.5172119141, -2.20096802711, 55.371509552, -29.3147315979, 35.1989593506, 1.13704621792, 122.375221252, -13.4446983337, 50.38230896], [109.048812866, -108.780052185, 137.463531494, -0.110980428755, -61.4509048462, -66.8871994019, -69.8449020386, -34.7176399231, -27.9179325104, 57.8630218506, -13.4446983337, 125.459510803, -21.732624054], [-193.343276978, 89.3002319336, -35.989528656, 38.4200019836, 35.7729301453, 15.362531662, 29.6051883698, 4.5124373436, 17.6079063416, -19.7245807648, 50.38230896, -21.732624054, 90.5754394531]],
        "icov": [[0.000611760828178, -0.000234749735682, 0.000636707176454, -0.000684796599671, 0.000610392715316, -0.000727448728867, 0.000624618958682, -0.000630233786069, 0.000300028012134, -0.000213033461478, 0.000495293992572, -0.000925130152609, 0.00118812732399], [-0.000234749735682, 0.00361385475844, -0.00193908833899, 0.00165544787887, -0.00238638673909, 0.00386856729165, -0.00184586097021, 0.00181067222729, -0.00174437474925, 0.00244712620042, -0.0038090441376, 0.00375930569135, -0.000844485242851], [0.000636707176454, -0.00193908833899, 0.00315275345929, -0.00272518303245, 0.00140063953586, -0.00162730971351, 0.000799990899395, -0.00163015862927, 0.00147560180631, -0.00251420750283, 0.00224658544175, -0.00376292900182, 0.00223524216563], [-0.000684796599671, 0.00165544787887, -0.00272518303245, 0.00710527971387, -0.00252291024663, 0.00137119879946, -0.00117021694314, 0.00321840005927, -0.0039797089994, 0.00188072049059, -0.00260010757484, 0.0021976493299, -0.00304780481383], [0.000610392715316, -0.00238638673909, 0.00140063953586, -0.00252291024663, 0.00711155170575, -0.00407222937793, 0.00131354376208, -0.00365351443179, 0.000420815777034, -0.000223246403039, 0.00116481573787, -0.00251677515917, 0.00153486093041], [-0.000727448728867, 0.00386856729165, -0.00162730971351, 0.00137119879946, -0.00407222937793, 0.0112150404602, -0.0047711096704, -0.00136453681625, -6.89365988364e-05, 0.000401220575441, -0.00375909497961, 0.00582887092605, -0.0016712192446], [0.000624618958682, -0.00184586097021, 0.000799990899395, -0.00117021694314, 0.00131354376208, -0.0047711096704, 0.00864815991372, -0.00103700661566, -0.000756520894356, -9.65398794506e-05, -0.000235757703194, -0.000251780642429, 0.00167961057741], [-0.000630233786069, 0.00181067222729, -0.00163015862927, 0.00321840005927, -0.00365351443179, -0.00136453681625, -0.00103700661566, 0.0121614551172, -0.00340620940551, -0.000849728181493, 0.0016914634034, 0.00340709812008, -0.00338216219097], [0.000300028012134, -0.00174437474925, 0.00147560180631, -0.0039797089994, 0.000420815777034, -6.89365988364e-05, -0.000756520894356, -0.00340620940551, 0.0121515654027, -0.000298037717585, 0.000507543270942, -0.00137004547287, 0.00185891916044], [-0.000213033461478, 0.00244712620042, -0.00251420750283, 0.00188072049059, -0.000223246403039, 0.000401220575441, -9.65398794506e-05, -0.000849728181493, -0.000298037717585, 0.0191886015236, -0.00670774839818, -0.00434821192175, 0.00235432060435], [0.000495293992572, -0.0038090441376, 0.00224658544175, -0.00260010757484, 0.00116481573787, -0.00375909497961, -0.000235757703194, 0.0016914634034, 0.000507543270942, -0.00670774839818, 0.0187602080405, -0.00307338428684, -0.00575357116759], [-0.000925130152609, 0.00375930569135, -0.00376292900182, 0.0021976493299, -0.00251677515917, 0.00582887092605, -0.000251780642429, 0.00340709812008, -0.00137004547287, -0.00434821192175, -0.00307338428684, 0.0197899378836, -0.00241323630325], [0.00118812732399, -0.000844485242851, 0.00223524216563, -0.00304780481383, 0.00153486093041, -0.0016712192446, 0.00167961057741, -0.00338216219097, 0.00185891916044, 0.00235432060435, -0.00575357116759, -0.00241323630325, 0.0186597388238]]
    },
    "melbands": {
        "dmean": [0.00210940162651, 0.000843342451844, 0.000289313873509, 0.00031874855631, 0.000261582725216, 0.000186520046555, 0.000140493124491, 0.000117743002193, 0.000149751460413, 0.000275003287243, 0.000156520065502, 0.000102544865513, 8.00793859526e-05, 0.000128442028654, 6.50092479191e-05, 5.52137898922e-05, 5.56475170015e-05, 4.55121989944e-05, 8.23279697215e-05, 3.61102211173e-05, 3.08228954964e-05, 2.49511122092e-05, 1.87174118764e-05, 1.23337395053e-05, 1.1208205251e-05, 1.06376428448e-05, 5.82471875532e-06, 3.06697324959e-06, 3.7650181639e-06, 4.0768945837e-06, 3.10772134071e-06, 2.61724107986e-06, 2.29611646319e-06, 1.94488598027e-06, 1.67470807355e-06, 1.52381164753e-06, 1.03447109723e-06, 6.58596434278e-07, 4.3927752813e-07, 3.72893850908e-07],
        "dmean2": [0.00358567549847, 0.00148092291784, 0.000484531832626, 0.000535781146027, 0.00042197064613, 0.000308902817778, 0.000217066102778, 0.000178888658411, 0.000235445462749, 0.000444417819381, 0.000246444222284, 0.000170016966877, 0.00012768227316, 0.0002118445409, 0.000111606896098, 9.11162424018e-05, 9.01388120838e-05, 7.29680323275e-05, 0.000137507173349, 5.8850775531e-05, 4.89222256874e-05, 4.1425384552e-05, 3.16498189932e-05, 1.95615866687e-05, 1.72610616573e-05, 1.70000766957e-05, 9.06581590243e-06, 4.49245317213e-06, 5.74901514483e-06, 6.49759249427e-06, 4.89569356432e-06, 3.87247837352e-06, 3.32800868819e-06, 2.83315807792e-06, 2.47614048021e-06, 2.28447311201e-06, 1.5156841755e-06, 9.88860051621e-07, 6.4225253027e-07, 5.76820639253e-07],
        "dvar": [8.51886215969e-06, 2.15922364077e-06, 2.03968454571e-07, 1.85411991538e-07, 1.99748782848e-07, 6.73210820423e-08, 5.76950505149e-08, 3.23083355624e-08, 5.83918691177e-08, 3.67506601151e-07, 1.45418070474e-07, 3.45358088794e-08, 2.90468555875e-08, 8.88136071353e-08, 1.81767969565e-08, 1.13324611917e-08, 1.55288581993e-08, 6.72579858474e-09, 2.55993466425e-08, 7.58849072469e-09, 4.00312805127e-09, 2.90945068038e-09, 1.67194713629e-09, 5.97428495563e-10, 4.26620905269e-10, 4.03688360517e-10, 1.05346099899e-10, 2.51517660865e-11, 4.26193108582e-11, 5.95090782207e-11, 4.18843536243e-11, 5.28495094909e-11, 4.34972995123e-11, 1.99802587669e-11, 1.59703170827e-11, 9.83929691195e-12, 5.90999688424e-12, 1.90533981821e-12, 7.05490841527e-13, 5.58786361366e-13],
        "dvar2": [2.33621340158e-05, 6.11419818597e-06, 5.90179183746e-07, 4.81102574668e-07, 5.01243619055e-07, 1.76929773943e-07, 1.36945914164e-07, 6.97972311059e-08, 1.26840390635e-07, 9.22739388898e-07, 3.39502122415e-07, 8.8583476554e-08, 7.26648110572e-08, 2.23699373691e-07, 4.62645246557e-08, 2.81896603838e-08, 4.01283557494e-08, 1.57649715504e-08, 6.59814247683e-08, 1.98999039469e-08, 9.82140413441e-09, 7.68558994224e-09, 4.54459980759e-09, 1.48884649054e-09, 1.03344832691e-09, 1.02838593197e-09, 2.38617819948e-10, 4.88778496843e-11, 9.9284254429e-11, 1.42116929336e-10, 1.00699920624e-10, 1.25279980834e-10, 8.39179489787e-11, 4.2339472206e-11, 3.30626047373e-11, 2.01336430167e-11, 1.22887082454e-11, 4.21221347732e-12, 1.60705715228e-12, 1.25919793256e-12],
        "max": [0.0287302862853, 0.0087958779186, 0.00296182162128, 0.00390683952719, 0.00566352810711, 0.00353724625893, 0.00342729524709, 0.00210499321111, 0.00263286638074, 0.00877585075796, 0.00646241242066, 0.00245916168205, 0.00277547142468, 0.0057252435945, 0.00158030516468, 0.00168951333035, 0.00244893808849, 0.000802865193691, 0.00147076474968, 0.00163669243921, 0.000836859107949, 0.00042960952851, 0.000340071099345, 0.000167270423844, 0.000169335704413, 0.000153390996275, 0.000110215041786, 6.24132226221e-05, 8.5732259322e-05, 7.23752164049e-05, 7.8852972365e-05, 0.00018315052148, 9.6346004284e-05, 5.57800594834e-05, 0.000104504040792, 4.45535915787e-05, 4.51322885056e-05, 2.54570168181e-05, 1.40717111208e-05, 1.25752912936e-05],
        "mean": [0.00295706046745, 0.000969757616986, 0.000338385434588, 0.000579432351515, 0.000552222074475, 0.000387146312278, 0.000258758547716, 0.000196641398361, 0.000230006044148, 0.000380940444302, 0.000188059682841, 0.000108222848212, 0.00010102915985, 0.000154605484568, 6.79097720422e-05, 6.50698129903e-05, 6.66262785671e-05, 5.97463113081e-05, 8.06731477496e-05, 4.08935302403e-05, 3.96204814024e-05, 2.80931690213e-05, 2.02436876862e-05, 1.42624385262e-05, 1.34301199068e-05, 1.23371055452e-05, 8.11261270428e-06, 5.21626407135e-06, 5.97706593908e-06, 5.96343852521e-06, 4.67290101369e-06, 4.50232528237e-06, 4.01068700739e-06, 3.025146043e-06, 2.70252553491e-06, 2.48311835094e-06, 1.62704407103e-06, 9.7336987892e-07, 6.52777430332e-07, 5.30981310476e-07],
        "median": [0.00116481876466, 0.000364646257367, 0.000148235136294, 0.000335196906235, 0.000305027904687, 0.000267673021881, 0.000134618123411, 7.88601610111e-05, 0.000101344150607, 0.000136288697831, 5.4513955547e-05, 4.17660594394e-05, 4.35318579548e-05, 2.99161038129e-05, 2.20527344936e-05, 2.02675109904e-05, 2.01987131732e-05, 1.49747065734e-05, 2.16071348405e-05, 1.07779069367e-05, 9.96095513983e-06, 7.60139528211e-06, 5.82563961871e-06, 4.35478159488e-06, 3.40646874974e-06, 3.79326252187e-06, 3.1694601148e-06, 2.16130433728e-06, 2.52017639468e-06, 2.10898042496e-06, 1.47357229707e-06, 1.1105264548e-06, 8.40523341594e-07, 7.71501277086e-07, 8.28825477583e-07, 8.70385065355e-07, 6.43068631234e-07, 4.5273793603e-07, 3.21607330989e-07, 1.83712785429e-07],
        "min": [1.04867467599e-06, 1.99288865588e-06, 8.07815752069e-07, 3.110986313e-07, 3.60733906746e-07, 3.61216791589e-07, 6.5492469048e-07, 1.48562193658e-07, 2.61009915903e-07, 4.17469493641e-07, 4.54344132095e-07, 2.71033030685e-07, 1.31187434249e-07, 2.46316687935e-07, 8.72005188057e-08, 1.44378773825e-07, 1.07169420005e-07, 1.36381189009e-07, 2.08834876503e-07, 1.05361486646e-07, 6.84631729087e-08, 6.6688457423e-08, 5.2139267126e-08, 3.16614503504e-08, 4.04522211284e-08, 2.91765882565e-08, 1.33086999199e-08, 7.58759455266e-09, 8.46444958569e-09, 8.81275141751e-09, 5.39487610141e-09, 3.85277004744e-10, 7.95732785219e-11, 2.68253752544e-10, 2.39848674255e-09, 2.13727280318e-09, 1.02977282257e-09, 2.15720427632e-10, 1.14043934019e-10, 2.27258771697e-12],
