{
"highlevel": {
    "danceability": {
        "all": {
            "danceable": 0.998624682426,
            "not_danceable": 0.00137534353416
        },
        "probability": 0.998624682426,
        "value": "danceable"
    },
    "gender": {
        "all": {
            "female": 0.78113847971,
            "male": 0.218861535192
        },
        "probability": 0.78113847971,
        "value": "female"
    },
    "genre_dortmund": {
        "all": {
            "alternative": 0.0315723381937,
            "blues": 0.0547446124256,
            "electronic": 0.0313572324812,
            "folkcountry": 0.0592644438148,
            "funksoulrnb": 0.0773484408855,
            "jazz": 0.102929860353,
            "pop": 0.126003682613,
            "raphiphop": 0.43187636137,
            "rock": 0.0849030166864
        },
        "probability": 0.43187636137,
        "value": "raphiphop"
    },
    "genre_electronic": {
        "all": {
            "ambient": 0.238441079855,
            "dnb": 0.0855250135064,
            "house": 0.434418290854,
            "techno": 0.0224745459855,
            "trance": 0.219141066074
        },
        "probability": 0.434418290854,
        "value": "house"
    },
    "genre_rosamerica": {
        "all": {
            "cla": 0.00695518404245,
            "dan": 0.0504499226809,
            "hip": 0.070078253746,
            "jaz": 0.013978574425,
            "pop": 0.498136758804,
            "rhy": 0.293500214815,
            "roc": 0.0578848943114,
            "spe": 0.00901621952653
        },
        "probability": 0.498136758804,
        "value": "pop"
    },
    "genre_tzanetakis": {
        "all": {
            "blu": 0.0651461258531,
            "cla": 0.0488551557064,
            "cou": 0.0781677886844,
            "dis": 0.0977122932673,
            "hip": 0.0781738758087,
            "jaz": 0.195442155004,
            "met": 0.0781821459532,
            "pop": 0.130301326513,
            "reg": 0.0977238118649,
            "roc": 0.130295321345
        },
        "probability": 0.195442155004,
        "value": "jaz"
    },
    "ismir04_rhythm": {
        "all": {
            "ChaChaCha": 0.0102335959673,
            "Jive": 0.0248476266861,
            "Quickstep": 0.17202693224,
            "Rumba-American": 0.00317728915252,
            "Rumba-International": 0.0206564739347,
            "Rumba-Misc": 0.00675971107557,
            "Samba": 0.748200297356,
            "Tango": 0.00365840550512,
            "VienneseWaltz": 0.00736087653786,
            "Waltz": 0.00307879620232
        },
        "probability": 0.748200297356,
        "value": "Samba"
    },
    "mood_acoustic": {
        "all": {
            "acoustic": 7.66629545979e-06,
            "not_acoustic": 0.999992311001
        },
        "probability": 0.999992311001,
        "value": "not_acoustic"
    },
    "mood_aggressive": {
        "all": {
            "aggressive": 0.108999401331,
            "not_aggressive": 0.891000628471
        },
        "probability": 0.891000628471,
        "value": "not_aggressive"
    },
    "mood_electronic": {
        "all": {
            "electronic": 0.471113860607,
            "not_electronic": 0.528886139393
        },
        "probability": 0.528886139393,
        "value": "not_electronic"
    },
    "mood_happy": {
        "all": {
            "happy": 0.891875803471,
            "not_happy": 0.10812420398
        },
        "probability": 0.891875803471,
        "value": "happy"
    },
    "mood_party": {
        "all": {
            "not_party": 0.283092230558,
            "party": 0.716907799244
        },
        "probability": 0.716907799244,
        "value": "party"
    },
    "mood_relaxed": {
        "all": {
            "not_relaxed": 0.860454559326,
            "relaxed": 0.139545425773
        },
        "probability": 0.860454559326,
        "value": "not_relaxed"
    },
    "mood_sad": {
        "all": {
            "not_sad": 0.747381925583,
            "sad": 0.252618044615
        },
        "probability": 0.747381925583,
        "value": "not_sad"
    },
    "moods_mirex": {
        "all": {
            "Cluster1": 0.198008239269,
            "Cluster2": 0.477281928062,
            "Cluster3": 0.0740170180798,
            "Cluster4": 0.212963685393,
            "Cluster5": 0.0377291254699
        },
        "probability": 0.477281928062,
        "value": "Cluster2"
    },
    "timbre": {
        "all": {
            "bright": 0.999983787537,
            "dark": 1.623047865e-05
        },
        "probability": 0.999983787537,
        "value": "bright"
    },
    "tonal_atonal": {
        "all": {
            "atonal": 0.262462258339,
            "tonal": 0.737537741661
        },
        "probability": 0.737537741661,
        "value": "tonal"
    },
    "voice_instrumental": {
        "all": {
            "instrumental": 0.449039757252,
            "voice": 0.550960242748
        },
        "probability": 0.550960242748,
        "value": "voice"
    }
},
"lowlevel": {
    "average_loudness": 0.984893739223,
    "barkbands_crest": {
        "dmean": 3.8117313385,
        "dmean2": 6.04701137543,
        "dvar": 10.4603967667,
        "dvar2": 23.3102226257,
        "max": 24.790851593,
        "mean": 11.5064067841,
        "median": 10.9661483765,
        "min": 2.27830481529,
        "var": 23.639169693
    },
    "barkbands_flatness_db": {
        "dmean": 0.0288999993354,
        "dmean2": 0.0430612005293,
        "dvar": 0.000669385131914,
        "dvar2": 0.00141795433592,
        "max": 0.350654304028,
        "mean": 0.150236442685,
        "median": 0.149897038937,
        "min": 0.0498122014105,
        "var": 0.00209847488441
    },
    "barkbands_kurtosis": {
        "dmean": 3.15111160278,
        "dmean2": 5.05617666245,
        "dvar": 42.0294494629,
        "dvar2": 100.571983337,
        "max": 94.8712005615,
        "mean": 2.44171643257,
        "median": 0.66628408432,
        "min": -1.8937921524,
        "var": 46.5416297913
    },
    "barkbands_skewness": {
        "dmean": 0.783756792545,
        "dmean2": 1.1703042984,
        "dvar": 0.651150047779,
        "dvar2": 1.406858325,
        "max": 8.81652832031,
        "mean": 1.04231667519,
        "median": 0.955445468426,
        "min": -4.33820915222,
        "var": 1.57969021797
    },
    "barkbands_spread": {
        "dmean": 10.6882019043,
        "dmean2": 16.1360225677,
        "dvar": 140.294586182,
        "dvar2": 305.329772949,
        "max": 105.044418335,
        "mean": 29.919002533,
        "median": 26.5963134766,
        "min": 1.91948318481,
        "var": 294.643249512
    },
    "dissonance": {
        "dmean": 0.0274551995099,
        "dmean2": 0.0448583103716,
        "dvar": 0.000798545195721,
        "dvar2": 0.00203822134063,
        "max": 0.499999910593,
        "mean": 0.453690588474,
        "median": 0.464192152023,
        "min": 0.21111240983,
        "var": 0.00140131777152
    },
    "dynamic_complexity": 1.65657353401,
    "erbbands_crest": {
        "dmean": 3.77815747261,
        "dmean2": 5.90359544754,
        "dvar": 12.2231321335,
        "dvar2": 25.8111286163,
        "max": 32.7425537109,
        "mean": 10.9744377136,
        "median": 9.99314117432,
        "min": 2.58515071869,
        "var": 30.5792331696
    },
    "erbbands_flatness_db": {
        "dmean": 0.0284413285553,
        "dmean2": 0.0373096950352,
        "dvar": 0.000676420342643,
        "dvar2": 0.00112727179658,
        "max": 0.325314998627,
        "mean": 0.171116158366,
        "median": 0.170850709081,
        "min": 0.0514692440629,
        "var": 0.0025231577456
    },
    "erbbands_kurtosis": {
        "dmean": 1.54907596111,
        "dmean2": 2.37489652634,
        "dvar": 4.4450302124,
        "dvar2": 10.9169826508,
        "max": 26.1932659149,
        "mean": 1.06586802006,
        "median": 0.244493246078,
        "min": -1.83968985081,
        "var": 7.10742044449
    },
    "erbbands_skewness": {
        "dmean": 0.556921124458,
        "dmean2": 0.822745025158,
        "dvar": 0.280739784241,
        "dvar2": 0.595122337341,
        "max": 3.70582389832,
        "mean": 0.238977372646,
        "median": 0.191655769944,
        "min": -4.23360347748,
        "var": 0.979525208473
    },
    "erbbands_spread": {
        "dmean": 14.4505796432,
        "dmean2": 20.7476596832,
        "dvar": 251.880218506,
        "dvar2": 546.72064209,
        "max": 148.859207153,
        "mean": 40.343372345,
        "median": 36.0527114868,
        "min": 4.69842863083,
        "var": 552.74041748
    },
    "hfc": {
        "dmean": 19.1600894928,
        "dmean2": 27.4198093414,
        "dvar": 1001.44647217,
        "dvar2": 2166.84228516,
        "max": 345.36050415,
        "mean": 33.7710266113,
        "median": 23.6727523804,
        "min": 0.445926636457,
        "var": 1321.46154785
    },
    "melbands_crest": {
        "dmean": 4.53816318512,
        "dmean2": 7.01446008682,
        "dvar": 14.2514572144,
        "dvar2": 34.1934623718,
        "max": 35.5702056885,
        "mean": 16.2430114746,
        "median": 15.7109937668,
        "min": 3.18537545204,
        "var": 42.4299697876
    },
    "melbands_flatness_db": {
        "dmean": 0.0377465970814,
        "dmean2": 0.0546919368207,
        "dvar": 0.00126937008463,
        "dvar2": 0.00274212658405,
        "max": 0.441914737225,
        "mean": 0.172935277224,
        "median": 0.172196149826,
        "min": 0.0237449947745,
        "var": 0.00424547400326
    },
    "melbands_kurtosis": {
        "dmean": 9.71933460236,
        "dmean2": 15.2204999924,
        "dvar": 360.278656006,
        "dvar2": 838.261108398,
        "max": 259.794189453,
        "mean": 10.946223259,
        "median": 4.89547586441,
        "min": -1.83064758778,
        "var": 422.712890625
    },
    "melbands_skewness": {
        "dmean": 1.11133682728,
        "dmean2": 1.61904060841,
        "dvar": 1.523239851,
        "dvar2": 3.23637247086,
        "max": 13.7337007523,
        "mean": 2.24732661247,
        "median": 1.85684394836,
        "min": -1.72765088081,
        "var": 3.46491146088
    },
    "melbands_spread": {
        "dmean": 16.3083190918,
        "dmean2": 25.1125087738,
        "dvar": 425.160949707,
        "dvar2": 910.669250488,
        "max": 216.988769531,
        "mean": 36.5701141357,
        "median": 28.3890666962,
        "min": 1.31828057766,
        "var": 868.320556641
    },
    "pitch_salience": {
        "dmean": 0.102260917425,
        "dmean2": 0.159460842609,
        "dvar": 0.00802596565336,
        "dvar2": 0.0192866604775,
        "max": 0.865778386593,
        "mean": 0.524450600147,
        "median": 0.521828234196,
        "min": 0.103291109204,
        "var": 0.0202139541507
    },
    "silence_rate_20dB": {
        "dmean": 0,
        "dmean2": 0,
        "dvar": 0,
        "dvar2": 0,
        "max": 1,
        "mean": 1,
        "median": 1,
        "min": 1,
        "var": 0
    },
    "silence_rate_30dB": {
        "dmean": 0,
        "dmean2": 0,
        "dvar": 0,
        "dvar2": 0,
        "max": 1,
        "mean": 1,
        "median": 1,
        "min": 1,
        "var": 0
    },
    "silence_rate_60dB": {
        "dmean": 0.0317337475717,
        "dmean2": 0.0635166540742,
        "dvar": 0.0307267569005,
        "dvar2": 0.0796226784587,
        "max": 1,
        "mean": 0.0270688328892,
        "median": 0,
        "min": 0,
        "var": 0.0263359583914
    },
    "spectral_centroid": {
        "dmean": 443.243041992,
        "dmean2": 689.234863281,
        "dvar": 228470.09375,
        "dvar2": 511713.75,
        "max": 5743.38476562,
        "mean": 1682.80041504,
        "median": 1593.51635742,
        "min": 210.288650513,
        "var": 533289.75
    },
    "spectral_complexity": {
        "dmean": 6.5859131813,
        "dmean2": 9.55305957794,
        "dvar": 68.5541152954,
        "dvar2": 117.398162842,
        "max": 60,
        "mean": 16.0154685974,
        "median": 12,
        "min": 0,
        "var": 134.63609314
    },
    "spectral_decrease": {
        "dmean": 2.41355602171e-09,
        "dmean2": 3.33991811985e-09,
        "dvar": 7.30875365274e-18,
        "dvar2": 1.33585516481e-17,
        "max": -8.24082954654e-11,
        "mean": -5.67125768569e-09,
        "median": -4.66872007721e-09,
        "min": -2.81006489189e-08,
        "var": 1.7112247637e-17
    },
    "spectral_energy": {
        "dmean": 0.0102755576372,
        "dmean2": 0.0143369734287,
        "dvar": 0.000133402951178,
        "dvar2": 0.000238987457124,
        "max": 0.108829542994,
        "mean": 0.0244677774608,
        "median": 0.0199507530779,
        "min": 0.000356399832526,
        "var": 0.000305773544824
    },
    "spectral_energyband_high": {
        "dmean": 0.00168591795955,
        "dmean2": 0.00236151437275,
        "dvar": 9.15956297831e-06,
        "dvar2": 1.86920169654e-05,
        "max": 0.031780038029,
        "mean": 0.00225036311895,
        "median": 0.00084210478235,
        "min": 8.546789104e-06,
        "var": 1.2773663002e-05
    },
    "spectral_energyband_low": {
        "dmean": 0.00403214106336,
        "dmean2": 0.00552172912285,
        "dvar": 7.28638988221e-05,
        "dvar2": 0.000149442188558,
        "max": 0.103441692889,
        "mean": 0.00668618502095,
        "median": 0.00119003246073,
        "min": 1.47607147483e-06,
        "var": 0.000143230106914
    },
    "spectral_energyband_middle_high": {
        "dmean": 0.00316307670437,
        "dmean2": 0.00487227598205,
        "dvar": 1.17321878861e-05,
        "dvar2": 2.65483922703e-05,
        "max": 0.0294687747955,
        "mean": 0.00582298822701,
        "median": 0.00461298134178,
        "min": 5.91778443777e-05,
        "var": 2.41075595113e-05
    },
    "spectral_energyband_middle_low": {
        "dmean": 0.0058755739592,
        "dmean2": 0.00866010319442,
        "dvar": 5.79077568545e-05,
        "dvar2": 0.000113148547825,
        "max": 0.0633597448468,
        "mean": 0.010543753393,
        "median": 0.00710319494829,
        "min": 0.000107382023998,
        "var": 0.000120981436339
    },
    "spectral_entropy": {
        "dmean": 0.291420668364,
        "dmean2": 0.389645516872,
        "dvar": 0.0741582810879,
        "dvar2": 0.134357973933,
        "max": 8.96849060059,
        "mean": 7.59812927246,
        "median": 7.58186912537,
        "min": 6.32769393921,
        "var": 0.260659337044
    },
    "spectral_flux": {
        "dmean": 0.0365979261696,
        "dmean2": 0.0561848990619,
        "dvar": 0.0012251525186,
        "dvar2": 0.00266079185531,
        "max": 0.295101433992,
        "mean": 0.098844371736,
        "median": 0.0881824940443,
        "min": 0.0115409614518,
        "var": 0.00276384362951
    },
    "spectral_kurtosis": {
        "dmean": 1.33657765388,
        "dmean2": 2.01536846161,
        "dvar": 1.76148808002,
        "dvar2": 4.01015615463,
        "max": 15.6164302826,
        "mean": 2.92591810226,
        "median": 2.47548532486,
        "min": -1.06861019135,
        "var": 4.83420228958
    },
    "spectral_rms": {
        "dmean": 0.00105494295713,
        "dmean2": 0.00145456159953,
        "dvar": 1.15561215352e-06,
        "dvar2": 1.93988626052e-06,
        "max": 0.0103041334078,
        "mean": 0.00457248976454,
        "median": 0.00441181939095,
        "min": 0.000589667004533,
        "var": 2.96333882943e-06
    },
    "spectral_rolloff": {
        "dmean": 1293.80773926,
        "dmean2": 2116.00976562,
        "dvar": 3708296,
        "dvar2": 7812011,
        "max": 12316.9921875,
        "mean": 2546.75366211,
        "median": 1916.45507812,
        "min": 64.599609375,
        "var": 5595338.5
    },
    "spectral_skewness": {
        "dmean": 0.262401014566,
        "dmean2": 0.374926567078,
        "dvar": 0.0558626689017,
        "dvar2": 0.120178245008,
        "max": 3.26162433624,
        "mean": 1.40023291111,
        "median": 1.4089230299,
        "min": -0.219579383731,
        "var": 0.20784021914
    },
    "spectral_spread": {
        "dmean": 1013543.75,
        "dmean2": 1493694.5,
        "dvar": 1.21467161805e+12,
        "dvar2": 2.49031583334e+12,
        "max": 15004702,
        "mean": 5902163.5,
        "median": 5599662,
        "min": 2501644.75,
        "var": 3.29226020454e+12
    },
    "spectral_strongpeak": {
        "dmean": 0.875602066517,
        "dmean2": 1.42399275303,
        "dvar": 1.62780880928,
        "dvar2": 3.59052610397,
        "max": 12.8982877731,
        "mean": 1.46972370148,
        "median": 0.857434213161,
        "min": 0,
        "var": 2.89864754677
    },
    "zerocrossingrate": {
        "dmean": 0.0222073495388,
        "dmean2": 0.0249250363559,
        "dvar": 0.000558983767405,
        "dvar2": 0.00066847942071,
        "max": 0.384765625,
        "mean": 0.0894612073898,
        "median": 0.07958984375,
        "min": 0.0048828125,
        "var": 0.00248197861947
    },
    "barkbands": {
        "dmean": [0.00024150358513, 0.00255359709263, 0.00175333430525, 0.00131033954676, 0.00176066288259, 0.00227097398601, 0.000610580027569, 0.000611272989772, 0.00173811486457, 0.000226321877562, 0.000342812680174, 0.000670483801514, 0.000387348525692, 0.000554348982405, 0.0006360085099, 0.000835679180454, 0.000522593967617, 0.000318184029311, 0.000298964994727, 0.000256630359218, 0.000245622912189, 0.000310814386467, 0.000298438273603, 0.000346729095327, 0.000322066858644, 0.000276466162177, 2.0705239745e-09],
        "dmean2": [0.000307666603476, 0.00365268415771, 0.00287031312473, 0.00198916951194, 0.00269098184071, 0.00354181649163, 0.0010279082926, 0.00100447598379, 0.00270802830346, 0.000391338340705, 0.00052028906066, 0.00105554307811, 0.000616525998339, 0.000905882450752, 0.000977669144049, 0.0012296650093, 0.000879729166627, 0.000519630149938, 0.000487591431011, 0.000401971425163, 0.000372312904801, 0.000440438569058, 0.000410058855778, 0.00051948352484, 0.000488217570819, 0.000416022870922, 3.64078167614e-09],
        "dvar": [2.42981656129e-07, 5.01755312143e-05, 3.08197195409e-05, 1.60409854288e-05, 1.67677426361e-05, 2.12129743886e-05, 2.21938989853e-06, 1.98955626729e-06, 9.71660756477e-06, 4.65409357275e-07, 7.64161995903e-07, 2.26578913498e-06, 6.9626645427e-07, 1.43335421399e-06, 1.25454619138e-06, 2.31173385146e-06, 8.63984610078e-07, 3.68527139472e-07, 3.35957480502e-07, 2.68457625907e-07, 1.87227101378e-07, 2.46177194185e-07, 2.13647325609e-07, 4.02300315727e-07, 5.86860437579e-07, 7.33738943381e-07, 2.59445212362e-16],
        "dvar2": [3.49721744897e-07, 0.000113004782179, 7.70518745412e-05, 3.67622851627e-05, 3.75336021534e-05, 4.45756741101e-05, 5.82732809562e-06, 4.52926678918e-06, 2.1051891963e-05, 1.30578268909e-06, 1.4851011656e-06, 5.70072916162e-06, 1.71603403487e-06, 3.52155007022e-06, 2.82658515971e-06, 4.50357492809e-06, 2.40280996877e-06, 9.57449969974e-07, 9.20290631257e-07, 6.91615014148e-07, 4.23297336738e-07, 4.8100650929e-07, 3.7291016497e-07, 8.35587172787e-07, 1.44636931054e-06, 1.80414474471e-06, 5.79351054164e-16],
        "max": [0.0050473343581, 0.0959771573544, 0.0401195809245, 0.0496308729053, 0.033773958683, 0.0562240965664, 0.0191466100514, 0.0188019331545, 0.0265402831137, 0.00974072236568, 0.0133858760819, 0.0207370258868, 0.0103523917496, 0.0162041466683, 0.013879568316, 0.0207058880478, 0.0109018841758, 0.00492911227047, 0.0075075449422, 0.00547413853928, 0.00404229201376, 0.00620315875858, 0.0047371997498, 0.00522879092023, 0.00886690057814, 0.011346405372, 3.46679144059e-07],
        "mean": [0.000409624044551, 0.00383225246333, 0.00163888640236, 0.00128833157942, 0.00175655947533, 0.00299513805658, 0.000636763696093, 0.00116643076763, 0.00259337830357, 0.000220473913942, 0.000423261022661, 0.000796390522737, 0.000456305453554, 0.000624726875685, 0.000816076644696, 0.00116172689013, 0.00061337032821, 0.000316377962008, 0.000330831651809, 0.000272444623988, 0.000294074619887, 0.000419852061896, 0.000404762657126, 0.000414030218963, 0.00033781255479, 0.000247898831731, 1.54828649901e-09],
        "median": [6.42625091132e-05, 0.0006133033894, 6.43994280836e-05, 3.17754711432e-05, 0.000182540272363, 0.00103028665762, 0.00017415106413, 0.000158842522069, 0.000686441140715, 7.03012556187e-05, 6.19368220214e-05, 0.000234689970966, 0.000147590239067, 0.00019248703029, 0.000249608128797, 0.000364765379345, 0.00023159054399, 8.3728635218e-05, 0.000146143182064, 7.40409814171e-05, 8.3633698523e-05, 0.000161188538186, 0.00014660396846, 0.000126156664919, 7.49831160647e-05, 1.32135073727e-05, 3.92005428118e-10],
        "min": [1.45260239393e-08, 7.87274018421e-07, 8.84984885374e-08, 5.39566471502e-08, 8.2138626567e-07, 2.83275926449e-06, 5.70789495669e-07, 4.53731473726e-07, 1.68995961758e-06, 7.37963318898e-07, 2.67954533228e-07, 3.50272512151e-06, 1.21489824778e-06, 3.78924119104e-06, 1.71681062966e-06, 1.56493774739e-06, 6.08625384757e-07, 1.0027317785e-06, 6.28157010851e-07, 3.9188839196e-07, 6.99710142271e-07, 1.70914256614e-06, 1.52896382133e-06, 4.21780498527e-07, 4.33103508612e-07, 1.41583324925e-11, 9.63662049464e-12],
        "var": [6.54484324514e-07, 6.89150620019e-05, 2.80649201159e-05, 2.43391532422e-05, 2.01591847144e-05, 3.5380882764e-05, 1.90196976746e-06, 7.97465418145e-06, 1.65722758538e-05, 3.4545297467e-07, 1.27643886572e-06, 2.79659980151e-06, 8.79380252172e-07, 1.60003594374e-06, 2.0729858079e-06, 4.89328385811e-06, 1.00473459952e-06, 3.43257426039e-07, 2.85677515421e-07, 2.61219213371e-07, 2.53090320257e-07, 4.13211267869e-07, 3.92151406459e-07, 5.61295905754e-07, 5.71940859118e-07, 6.57462067011e-07, 1.84408707617e-16]
    },
    "erbbands": {
        "dmean": [0.0825535431504, 0.582274079323, 1.6077028513, 3.69670319557, 5.26559638977, 5.21019697189, 8.83886814117, 23.039484024, 11.6776161194, 7.30485010147, 17.9597301483, 31.651386261, 25.530254364, 9.05105209351, 17.741733551, 19.7479782104, 14.5688428879, 30.5576114655, 20.4401779175, 28.8102226257, 54.760799408, 28.4725952148, 16.5142726898, 16.9599056244, 14.3463859558, 12.1036977768, 9.47141170502, 10.5512046814, 11.0389957428, 10.5509710312, 8.18991756439, 7.8536772728, 5.30089139938, 4.11947441101, 2.1299161911, 1.35833215714, 0.473352998495, 0.0407074093819, 0.000747183046769, 4.94951418659e-05],
        "dmean2": [0.107444368303, 0.870138585567, 2.53273916245, 5.84359073639, 7.7324514389, 8.16456508636, 14.4180927277, 35.8977966309, 19.3722381592, 11.7360553741, 29.2613430023, 51.0852775574, 39.1203117371, 13.5028867722, 27.6409816742, 30.9416065216, 22.9709510803, 49.0131759644, 31.4824447632, 45.0198173523, 79.9500656128, 46.8668403625, 26.9978637695, 28.7184085846, 22.9345436096, 18.945608139, 14.1330137253, 15.700003624, 16.1514930725, 14.5999650955, 11.4158287048, 11.7002077103, 7.75974607468, 6.18234634399, 3.31277012825, 2.08895635605, 0.703963816166, 0.0631572082639, 0.00113936560228, 7.05598286004e-05],
        "dvar": [0.0351051725447, 3.3249745369, 25.0123538971, 120.788673401, 171.49559021, 143.025512695, 316.225219727, 2762.28125, 696.907958984, 208.351531982, 1365.71191406, 4705.60546875, 3299.52856445, 365.633911133, 1338.76086426, 1754.46057129, 716.317443848, 4202.58691406, 1041.10864258, 2261.64257812, 10416.2705078, 2044.65515137, 817.609924316, 1757.69714355, 542.461181641, 663.528808594, 267.904296875, 354.062194824, 299.394836426, 336.322967529, 147.067886353, 199.728546143, 101.104751587, 82.4036407471, 32.5305862427, 18.5619621277, 1.88534891605, 0.0206481162459, 6.27172721579e-06, 1.52446677504e-08],
        "dvar2": [0.0650468319654, 7.83917570114, 58.4474487305, 308.425292969, 372.694610596, 332.957061768, 737.661499023, 6162.51757812, 1834.95947266, 484.107086182, 3436.62133789, 11541.2792969, 7265.95800781, 762.481445312, 3055.55615234, 4594.50830078, 1692.52514648, 9750.38085938, 2418.42553711, 5411.57617188, 20082.6855469, 5504.07373047, 2081.20629883, 4963.04443359, 1375.05834961, 1720.9206543, 576.40057373, 795.401855469, 627.364685059, 605.419677734, 261.826477051, 419.134399414, 211.449798584, 199.503265381, 82.431312561, 46.8031272888, 4.42455434799, 0.0529138222337, 1.58587317856e-05, 3.71956154765e-08],
        "max": [2.40804648399, 22.9619121552, 41.407283783, 104.559577942, 113.012680054, 95.2886581421, 217.989562988, 538.539611816, 256.141815186, 136.626647949, 433.123382568, 723.121032715, 525.329223633, 270.303833008, 400.498657227, 577.710266113, 359.563995361, 895.183898926, 372.900634766, 517.525146484, 1421.37072754, 506.217651367, 265.860473633, 562.227416992, 207.425109863, 260.299163818, 154.124847412, 180.381286621, 204.3956604, 225.740341187, 115.717453003, 128.299545288, 82.4139633179, 116.911262512, 61.3025054932, 61.5523605347, 15.5276250839, 1.80746793747, 0.0306009948254, 0.00143593095709],
        "mean": [0.154558643699, 0.683834791183, 1.6425845623, 3.83091449738, 5.08919525146, 5.28842544556, 11.9395923615, 28.5074958801, 13.0868816376, 12.5295057297, 31.7431030273, 42.8371200562, 38.249874115, 12.7117805481, 22.6417446136, 23.572435379, 19.4634647369, 37.4366912842, 26.5449695587, 39.957901001, 78.8361587524, 36.7262382507, 18.5788612366, 16.9791755676, 17.0640888214, 12.8599720001, 11.1209764481, 12.3853559494, 14.6964454651, 14.384809494, 11.145945549, 9.69092559814, 6.01675701141, 4.30329370499, 2.12573313713, 1.22629225254, 0.435339123011, 0.0352885760367, 0.000677064002957, 6.73822651152e-05],
        "median": [0.0257065445185, 0.109720915556, 0.136122092605, 0.118965812027, 0.194583877921, 0.606579959393, 3.31821131706, 7.94998073578, 4.40111303329, 2.71816325188, 5.73394632339, 13.9453706741, 6.56799983978, 4.20866727829, 7.62399196625, 8.16790676117, 7.80378437042, 11.5523738861, 9.81331062317, 17.6988334656, 24.9661903381, 17.0200328827, 7.30369853973, 6.41938734055, 7.73575925827, 3.59992361069, 2.79556369781, 3.67906522751, 5.47455787659, 5.02538251877, 4.52574586868, 3.58044886589, 1.41600084305, 1.04197800159, 0.355103999376, 0.100835867226, 0.0165345352143, 0.00090001168428, 4.04417187383e-05, 2.96505968436e-05],
        "min": [2.56695911958e-05, 0.00012865831377, 0.000161574367667, 0.00044661964057, 0.00183263467625, 0.00437708152458, 0.0196833908558, 0.0236113201827, 0.0180244892836, 0.00932206772268, 0.0510638915002, 0.1346680969, 0.073488034308, 0.0995061546564, 0.0994823127985, 0.132092967629, 0.150203377008, 0.162391662598, 0.126220986247, 0.161379620433, 0.0544211640954, 0.0428787022829, 0.0704725906253, 0.0542745031416, 0.0271185226738, 0.0185522641987, 0.0200832113624, 0.0244238283485, 0.0555966347456, 0.0254892520607, 0.0529270134866, 0.00709533737972, 0.00529559655115, 0.00281580863521, 0.000327433779603, 1.89803849935e-05, 2.43849535764e-06, 5.1819034752e-07, 4.87436523144e-07, 5.26240000909e-07],
        "var": [0.0882415696979, 3.50202679634, 24.6372814178, 169.659759521, 224.292999268, 159.907608032, 475.728790283, 4101.01708984, 644.649230957, 555.380615234, 3592.05883789, 5672.47314453, 5746.35351562, 701.691589355, 1937.22241211, 1987.30883789, 1127.35339355, 5687.24609375, 1733.45458984, 3823.74682617, 23136.6660156, 2637.25292969, 832.391601562, 1223.62768555, 600.684204102, 628.239929199, 379.004119873, 479.984344482, 474.755645752, 576.441040039, 273.437530518, 282.440307617, 134.204833984, 83.3906097412, 29.3094539642, 15.5929822922, 1.86428689957, 0.0173751860857, 5.43340274817e-06, 1.54153827481e-08]
    },
    "gfcc": {
        "mean": [4.32104349136, 49.3883743286, -128.433181763, 27.7109851837, -72.0364608765, 24.6549034119, -51.0132255554, 17.6888484955, -12.390247345, 10.1451644897, -12.3661317825, 9.99074459076, -3.70062351227],
        "cov": [[3675.31201172, -872.461853027, 481.735534668, 255.968002319, 93.7317199707, -201.34135437, -134.483474731, -163.472045898, -489.119232178, -46.6782684326, -351.926361084, 8.53375148773, -279.233886719], [-872.461853027, 1060.45178223, -69.9305801392, 7.21603345871, 267.964599609, 162.566955566, 212.661178589, 48.2492637634, 198.288482666, -28.4082641602, 134.837890625, -33.457736969, 82.6959838867], [481.735534668, -69.9305801392, 1169.63183594, 354.508087158, 158.008621216, 129.854507446, 22.42710495, 29.8545608521, -103.251441956, 56.8080024719, -120.375892639, -7.69716215134, -171.628189087], [255.968002319, 7.21603345871, 354.508087158, 588.538574219, 163.057525635, 6.28440284729, -40.4494476318, -14.9146337509, 41.1520576477, -27.6791591644, -51.2878456116, -15.8666810989, 26.6656036377], [93.7317199707, 267.964599609, 158.008621216, 163.057525635, 460.268249512, 144.778991699, 118.029243469, 89.1277542114, 70.7245483398, 51.5990333557, 2.99638748169, 18.1989040375, 0.937262117863], [-201.34135437, 162.566955566, 129.854507446, 6.28440284729, 144.778991699, 368.932495117, 227.822555542, 96.6771087646, 84.9452133179, 52.300201416, 45.5575065613, -37.8932647705, 15.6457681656], [-134.483474731, 212.661178589, 22.42710495, -40.4494476318, 118.029243469, 227.822555542, 390.520935059, 142.249801636, 19.4614162445, 67.6290054321, 46.6241950989, -22.796207428, -6.41133546829], [-163.472045898, 48.2492637634, 29.8545608521, -14.9146337509, 89.1277542114, 96.6771087646, 142.249801636, 258.684356689, 163.269439697, 72.3380279541, 52.5708274841, -12.2110719681, 23.048374176], [-489.119232178, 198.288482666, -103.251441956, 41.1520576477, 70.7245483398, 84.9452133179, 19.4614162445, 163.269439697, 393.552062988, 74.8009414673, 66.1511077881, -13.1566429138, 86.6620788574], [-46.6782684326, -28.4082641602, 56.8080024719, -27.6791591644, 51.5990333557, 52.300201416, 67.6290054321, 72.3380279541, 74.8009414673, 178.269485474, 65.9941864014, 30.7963829041, 17.1434631348], [-351.926361084, 134.837890625, -120.375892639, -51.2878456116, 2.99638748169, 45.5575065613, 46.6241950989, 52.5708274841, 66.1511077881, 65.9941864014, 183.446456909, 67.1360931396, 68.616027832], [8.53375148773, -33.457736969, -7.69716215134, -15.8666810989, 18.1989040375, -37.8932647705, -22.796207428, -12.2110719681, -13.1566429138, 30.7963829041, 67.1360931396, 172.528182983, 57.3887519836], [-279.233886719, 82.6959838867, -171.628189087, 26.6656036377, 0.937262117863, 15.6457681656, -6.41133546829, 23.048374176, 86.6620788574, 17.1434631348, 68.616027832, 57.3887519836, 168.797180176]],
        "icov": [[0.000490272359457, 0.00025933352299, 8.52359153214e-05, -0.000218216955545, -0.000237326385104, 4.53518950962e-05, 8.64062076289e-06, -8.59827487147e-05, 0.000413725356339, -0.000199994276045, 0.000611648487393, -0.000287739909254, 0.000471400358947], [0.00025933352299, 0.00263630249538, -0.00089534354629, 0.000977145973593, -0.00202675187029, 0.00148842227645, -0.00229122629389, 0.00245977612212, -0.00189688173123, 0.00252043409273, -0.00260970531963, 0.00181933818385, -0.00131669302937], [8.52359153214e-05, -0.00089534354629, 0.0022909771651, -0.00177753926255, 0.000935442687478, -0.00191682064906, 0.00168783171102, -0.00192088063341, 0.00164575537201, -0.00215257517993, 0.00226219929755, -0.00197884091176, 0.00281558861025], [-0.000218216955545, 0.000977145973593, -0.00177753926255, 0.00356760318391, -0.0017959845718, 0.00166315899696, -0.00133539014496, 0.00207333569415, -0.00184371252544, 0.0022602903191, -0.00174838595558, 0.00209995126352, -0.00297487224452], [-0.000237326385104, -0.00202675187029, 0.000935442687478, -0.0017959845718, 0.00468459678814, -0.00229191756807, 0.0015688665444, -0.00258520734496, 0.00135301891714, -0.00247040274553, 0.00265130819753, -0.00255843717605, 0.00178252148908], [4.53518950962e-05, 0.00148842227645, -0.00191682064906, 0.00166315899696, -0.00229191756807, 0.0068141981028, -0.00458878697827, 0.00285251461901, -0.00257818982936, 0.00232502585277, -0.00315550644882, 0.00322733446956, -0.00277555431239], [8.64062076289e-06, -0.00229122629389, 0.00168783171102, -0.00133539014496, 0.0015688665444, -0.00458878697827, 0.00768680265173, -0.00519848102704, 0.00384250585921, -0.00356292258948, 0.00280682463199, -0.00198069936596, 0.00240382156335], [-8.59827487147e-05, 0.00245977612212, -0.00192088063341, 0.00207333569415, -0.00258520734496, 0.00285251461901, -0.00519848102704, 0.0102701634169, -0.00538944592699, 0.0025140941143, -0.00415386911482, 0.00305226654746, -0.00231530470774], [0.000413725356339, -0.00189688173123, 0.00164575537201, -0.00184371252544, 0.00135301891714, -0.00257818982936, 0.00384250585921, -0.00538944592699, 0.00702825700864, -0.00381234963425, 0.00297213485464, -0.00123406515922, 0.000681850477122], [-0.000199994276045, 0.00252043409273, -0.00215257517993, 0.0022602903191, -0.00247040274553, 0.00232502585277, -0.00356292258948, 0.0025140941143, -0.00381234963425, 0.011001072824, -0.00578981963918, 0.00182558002416, -0.00221889675595], [0.000611648487393, -0.00260970531963, 0.00226219929755, -0.00174838595558, 0.00265130819753, -0.00315550644882, 0.00280682463199, -0.00415386911482, 0.00297213485464, -0.00578981963918, 0.0133929681033, -0.00592619320378, 0.00145094597246], [-0.000287739909254, 0.00181933818385, -0.00197884091176, 0.00209995126352, -0.00255843717605, 0.00322733446956, -0.00198069936596, 0.00305226654746, -0.00123406515922, 0.00182558002416, -0.00592619320378, 0.0108575336635, -0.00532226637006], [0.000471400358947, -0.00131669302937, 0.00281558861025, -0.00297487224452, 0.00178252148908, -0.00277555431239, 0.00240382156335, -0.00231530470774, 0.000681850477122, -0.00221889675595, 0.00145094597246, -0.00532226637006, 0.0124317072332]]
    },
    "melbands": {
        "dmean": [0.000692621862981, 0.000778243003879, 0.000625586661045, 0.000420416734414, 0.000274514895864, 0.000484008167405, 0.000171740059159, 8.95601551747e-05, 0.000167653153767, 0.000219692243263, 0.000126324172015, 3.3189466194e-05, 5.29102908331e-05, 8.24217640911e-05, 3.31348383042e-05, 4.61145064037e-05, 5.69919575355e-05, 2.73907080555e-05, 5.92907563259e-05, 3.50645714207e-05, 6.90368615324e-05, 3.2037285564e-05, 1.81116465683e-05, 1.68792266777e-05, 1.39580915857e-05, 1.05560984593e-05, 1.04987666418e-05, 7.79188667366e-06, 5.86849000683e-06, 6.15267663306e-06, 6.54394762023e-06, 6.64744766254e-06, 6.26150676908e-06, 6.0038328229e-06, 4.95501171827e-06, 4.24301379098e-06, 5.51826269657e-06, 3.57408544005e-06, 3.73547095478e-06, 3.61127331416e-06],
        "dmean2": [0.000963137950748, 0.00112599413842, 0.000967987114564, 0.00062802497996, 0.00044626131421, 0.000754213833716, 0.000284927140456, 0.000141632423038, 0.000276205711998, 0.000347052846337, 0.000193231113371, 5.035205686e-05, 8.18547414383e-05, 0.000130586500745, 5.14199782629e-05, 7.36328584026e-05, 9.18651421671e-05, 4.44425095338e-05, 9.15069249459e-05, 5.52686724404e-05, 0.000101366531453, 5.35022263648e-05, 3.02957250824e-05, 2.80885597022e-05, 2.40552399191e-05, 1.70294006239e-05, 1.69548184203e-05, 1.22562523757e-05, 8.75471778272e-06, 9.68607582763e-06, 9.78717434919e-06, 9.91760225588e-06, 9.09463778953e-06, 8.50243941386e-06, 7.02073248249e-06, 6.46274747851e-06, 8.29144119052e-06, 5.31038767804e-06, 5.56196300749e-06, 5.57652856514e-06],
        "dvar": [3.07108552988e-06, 4.78855690744e-06, 2.84195289169e-06, 1.06772279196e-06, 3.08255238224e-07, 1.10728547043e-06, 1.58404887429e-07, 3.23458841933e-08, 1.20853940189e-07, 1.90936034983e-07, 8.44279455237e-08, 5.47108358617e-09, 1.50927501608e-08, 4.33877218597e-08, 4.3736991806e-09, 9.39733268979e-09, 1.42234624079e-08, 2.70397837454e-09, 1.24834764748e-08, 3.09123704412e-09, 1.66916365174e-08, 3.12999248742e-09, 8.14669665061e-10, 1.14416276453e-09, 1.40086586775e-09, 2.89201856907e-10, 4.14157153017e-10, 2.96747515449e-10, 1.01714074663e-10, 1.36708103171e-10, 1.37186040305e-10, 1.14189296907e-10, 1.07839376318e-10, 1.19331072801e-10, 5.68589272887e-11, 4.36177344243e-11, 1.21674614828e-10, 4.26419524691e-11, 5.91928797644e-11, 7.01437866124e-11],
        "dvar2": [6.23355026619e-06, 1.05214321593e-05, 6.93705669619e-06, 2.34838375945e-06, 7.05631748588e-07, 2.43516819864e-06, 4.18853232986e-07, 6.82290135501e-08, 3.03953129333e-07, 4.46286975375e-07, 1.84857853469e-07, 1.17934586541e-08, 3.02983735878e-08, 1.09225581468e-07, 1.00743351439e-08, 2.10025348224e-08, 3.35641914262e-08, 6.45898268203e-09, 2.78951670651e-08, 7.15936421258e-09, 3.27106413067e-08, 8.52904236126e-09, 2.14637974061e-09, 3.04978331478e-09, 3.98931820911e-09, 7.62320095937e-10, 1.08187991898e-09, 7.66986418821e-10, 2.18302168009e-10, 3.20626941663e-10, 3.01734970343e-10, 2.49455567314e-10, 2.27551422149e-10, 2.20224796732e-10, 1.02473647623e-10, 9.48921496935e-11, 2.6339452841e-10, 8.75528122224e-11, 1.36612970936e-10, 1.73924916136e-10],
        "max": [0.0245117228478, 0.0229623019695, 0.0168776139617, 0.00904983934015, 0.00651739677414, 0.0111160501838, 0.00404400471598, 0.00249273818918, 0.00313963880762, 0.00441096816212, 0.00264823506586, 0.00100353837479, 0.00193260773085, 0.00296431407332, 0.000829631579109, 0.00111033511348, 0.00154605088755, 0.000744595890865, 0.00153836829122, 0.00053723907331, 0.0017577073304, 0.000589729112107, 0.000303939770674, 0.000369896675693, 0.000523742346559, 0.00014500306861, 0.000235342318774, 0.000156655427418, 9.31823669816e-05, 9.63150669122e-05, 0.00011867412104, 0.000143134486279, 0.000121942925034, 0.000147090569953, 7.37903828849e-05, 6.51107766316e-05, 0.000111891131382, 5.35908875463e-05, 7.83967552707e-05, 0.000112619818537],
        "mean": [0.00119684345555, 0.000889189483132, 0.000673614558764, 0.000399629381718, 0.000370035966625, 0.00061188696418, 0.000186151883099, 0.000170459839865, 0.000274714344414, 0.000309769500745, 0.000188676727703, 4.29231658927e-05, 6.77638599882e-05, 9.60784600466e-05, 3.85774947063e-05, 5.78337640036e-05, 6.78056676406e-05, 3.10710565827e-05, 7.45631114114e-05, 4.58509130112e-05, 9.71340559772e-05, 3.82105754397e-05, 1.97472963919e-05, 1.62541091413e-05, 1.33554412969e-05, 1.23946720123e-05, 1.15055436254e-05, 7.89056502981e-06, 6.55555140838e-06, 6.96520237398e-06, 7.3557853284e-06, 8.40403481561e-06, 8.12995585875e-06, 7.86827877164e-06, 6.55533676763e-06, 5.52372421225e-06, 6.27705276202e-06, 3.95797314923e-06, 4.0106947381e-06, 3.58045804205e-06],
        "median": [0.000209656136576, 0.000114833921543, 2.39696310018e-05, 2.05814285437e-05, 9.55169962253e-05, 0.000189370926819, 6.32601950201e-05, 2.4884035156e-05, 3.92099136661e-05, 8.59963038238e-05, 2.39870460064e-05, 8.09252742329e-06, 2.03097042686e-05, 2.32579368458e-05, 9.14256270335e-06, 1.80196366273e-05, 2.08864767046e-05, 9.18120167626e-06, 2.22602702706e-05, 1.85931658052e-05, 2.7444340958e-05, 1.39590993058e-05, 7.5220045801e-06, 4.26801761932e-06, 4.40928442913e-06, 5.94960101807e-06, 3.7500626604e-06, 1.49033996877e-06, 1.22535743685e-06, 1.51100857693e-06, 1.93719893105e-06, 3.02360649584e-06, 3.06768788505e-06, 2.39369796873e-06, 2.24416521633e-06, 2.64069672085e-06, 1.75848185791e-06, 8.92395007668e-07, 9.41869814142e-07, 8.31595684758e-07],
        "min": [2.98403307397e-07, 1.22802305214e-07, 8.95253862154e-08, 1.74651518137e-07, 4.06991773616e-07, 5.88594502915e-07, 2.09503909332e-07, 7.12564798278e-08, 1.71611503674e-07, 2.12736523508e-07, 1.16846003095e-07, 1.73301756945e-07, 3.16023005098e-07, 2.30902188036e-07, 1.16766443625e-07, 1.65234027349e-07, 3.00295880606e-07, 1.67300726162e-07, 1.50835830937e-07, 1.48574017089e-07, 2.89484667348e-08, 3.11649408502e-08, 2.83368493115e-08, 5.76743985903e-08, 3.35221663761e-08, 2.39653932255e-08, 8.5699465302e-09, 6.61267884894e-09, 1.92169546942e-09, 6.58751408977e-09, 1.12405218466e-09, 3.66232244531e-09, 1.72850196378e-08, 7.32865901298e-09, 2.43064590677e-08, 9.74886038563e-09, 1.74940750775e-09, 1.80869563771e-09, 2.24170015883e-09, 2.4068003146e-10],
