{
"highlevel": {
    "danceability": {
        "all": {
            "danceable": 0.718339145184,
            "not_danceable": 0.281660825014
        },
        "probability": 0.718339145184,
        "value": "danceable"
    },
    "gender": {
        "all": {
            "female": 0.741823971272,
            "male": 0.258176028728
        },
        "probability": 0.741823971272,
        "value": "female"
    },
    "genre_dortmund": {
        "all": {
            "alternative": 0.0922363847494,
            "blues": 0.0516635403037,
            "electronic": 0.0125681720674,
            "folkcountry": 0.318475276232,
            "funksoulrnb": 0.00329992827028,
            "jazz": 0.0446432083845,
            "pop": 0.114898040891,
            "raphiphop": 0.00341265578754,
            "rock": 0.35880279541
        },
        "probability": 0.35880279541,
        "value": "rock"
    },
    "genre_electronic": {
        "all": {
            "ambient": 0.454173505306,
            "dnb": 0.136787384748,
            "house": 0.351205438375,
            "techno": 0.0179771780968,
            "trance": 0.0398564748466
        },
        "probability": 0.454173505306,
        "value": "ambient"
    },
    "genre_rosamerica": {
        "all": {
            "cla": 0.0115864686668,
            "dan": 0.0178889781237,
            "hip": 0.0534209124744,
            "jaz": 0.0359702855349,
            "pop": 0.562802791595,
            "rhy": 0.178161859512,
            "roc": 0.132274061441,
            "spe": 0.00789464078844
        },
        "probability": 0.562802791595,
        "value": "pop"
    },
    "genre_tzanetakis": {
        "all": {
            "blu": 0.0626541376114,
            "cla": 0.0348133966327,
            "cou": 0.0783501937985,
            "dis": 0.104547761381,
            "hip": 0.15693578124,
            "jaz": 0.313987255096,
            "met": 0.044816005975,
            "pop": 0.0627349764109,
            "reg": 0.0627352520823,
            "roc": 0.0784252434969
        },
        "probability": 0.313987255096,
        "value": "jaz"
    },
    "ismir04_rhythm": {
        "all": {
            "ChaChaCha": 0.284887909889,
            "Jive": 0.109326675534,
            "Quickstep": 0.0408955663443,
            "Rumba-American": 0.0353299863636,
            "Rumba-International": 0.313741356134,
            "Rumba-Misc": 0.0191577579826,
            "Samba": 0.0438515692949,
            "Tango": 0.0661377161741,
            "VienneseWaltz": 0.0561039149761,
            "Waltz": 0.0305675566196
        },
        "probability": 0.313741356134,
        "value": "Rumba-International"
    },
    "mood_acoustic": {
        "all": {
            "acoustic": 0.667341470718,
            "not_acoustic": 0.332658559084
        },
        "probability": 0.667341470718,
        "value": "acoustic"
    },
    "mood_aggressive": {
        "all": {
            "aggressive": 0.0857859328389,
            "not_aggressive": 0.914214074612
        },
        "probability": 0.914214074612,
        "value": "not_aggressive"
    },
    "mood_electronic": {
        "all": {
            "electronic": 0.0468432679772,
            "not_electronic": 0.953156709671
        },
        "probability": 0.953156709671,
        "value": "not_electronic"
    },
    "mood_happy": {
        "all": {
            "happy": 0.626289308071,
            "not_happy": 0.373710691929
        },
        "probability": 0.626289308071,
        "value": "happy"
    },
    "mood_party": {
        "all": {
            "not_party": 0.763690471649,
            "party": 0.236309558153
        },
        "probability": 0.763690471649,
        "value": "not_party"
    },
    "mood_relaxed": {
        "all": {
            "not_relaxed": 0.0914196446538,
            "relaxed": 0.908580362797
        },
        "probability": 0.908580362797,
        "value": "relaxed"
    },
    "mood_sad": {
        "all": {
            "not_sad": 0.174519360065,
            "sad": 0.825480639935
        },
        "probability": 0.825480639935,
        "value": "sad"
    },
    "moods_mirex": {
        "all": {
            "Cluster1": 0.177503287792,
            "Cluster2": 0.320747554302,
            "Cluster3": 0.326128184795,
            "Cluster4": 0.163923725486,
            "Cluster5": 0.0116972392425
        },
        "probability": 0.326128184795,
        "value": "Cluster3"
    },
    "timbre": {
        "all": {
            "bright": 0.990670323372,
            "dark": 0.00932965520769
        },
        "probability": 0.990670323372,
        "value": "bright"
    },
    "tonal_atonal": {
        "all": {
            "atonal": 0.00637693749741,
            "tonal": 0.993623077869
        },
        "probability": 0.993623077869,
        "value": "tonal"
    },
    "voice_instrumental": {
        "all": {
            "instrumental": 0.0633466765285,
            "voice": 0.936653316021
        },
        "probability": 0.936653316021,
        "value": "voice"
    }
},
"lowlevel": {
    "average_loudness": 0.936561703682,
    "barkbands_crest": {
        "dmean": 1.93144130707,
        "dmean2": 3.0484354496,
        "dvar": 4.78697299957,
        "dvar2": 11.9645986557,
        "max": 24.7377262115,
        "mean": 10.5420198441,
        "median": 10.2217941284,
        "min": 3.81511878967,
        "var": 10.6924333572
    },
    "barkbands_flatness_db": {
        "dmean": 0.0246636755764,
        "dmean2": 0.0346276722848,
        "dvar": 0.000659114506561,
        "dvar2": 0.00133809598628,
        "max": 0.450446546078,
        "mean": 0.192170009017,
        "median": 0.182894438505,
        "min": 0.0673427730799,
        "var": 0.00420908397064
    },
    "barkbands_kurtosis": {
        "dmean": 6.34092378616,
        "dmean2": 9.6974773407,
        "dvar": 151.059143066,
        "dvar2": 362.985839844,
        "max": 149.144042969,
        "mean": 12.41451931,
        "median": 5.38591480255,
        "min": -1.69436657429,
        "var": 372.877502441
    },
    "barkbands_skewness": {
        "dmean": 0.688572049141,
        "dmean2": 0.997162520885,
        "dvar": 0.794513404369,
        "dvar2": 1.83003258705,
        "max": 11.0993728638,
        "mean": 2.52781796455,
        "median": 2.20135688782,
        "min": -0.353532016277,
        "var": 2.88044953346
    },
    "barkbands_spread": {
        "dmean": 4.51090908051,
        "dmean2": 6.39936113358,
        "dvar": 40.4771003723,
        "dvar2": 77.9735794067,
        "max": 102.739379883,
        "mean": 16.4059333801,
        "median": 14.266992569,
        "min": 0.566327750683,
        "var": 165.225616455
    },
    "dissonance": {
        "dmean": 0.0216937419027,
        "dmean2": 0.0350436009467,
        "dvar": 0.000402745965403,
        "dvar2": 0.000981635646895,
        "max": 0.498776674271,
        "mean": 0.450114876032,
        "median": 0.456961125135,
        "min": 0.302696496248,
        "var": 0.000980780692771
    },
    "dynamic_complexity": 2.79054522514,
    "erbbands_crest": {
        "dmean": 2.33471941948,
        "dmean2": 3.59187030792,
        "dvar": 5.45725679398,
        "dvar2": 12.8943071365,
        "max": 24.599937439,
        "mean": 9.27955818176,
        "median": 8.40389919281,
        "min": 2.95797657967,
        "var": 14.9613933563
    },
    "erbbands_flatness_db": {
        "dmean": 0.0207731574774,
        "dmean2": 0.0280024632812,
        "dvar": 0.000451928965049,
        "dvar2": 0.000832653255202,
        "max": 0.302388936281,
        "mean": 0.150685325265,
        "median": 0.146965399384,
        "min": 0.0534324012697,
        "var": 0.00174168497324
    },
    "erbbands_kurtosis": {
        "dmean": 0.851877212524,
        "dmean2": 1.24347758293,
        "dvar": 1.58251142502,
        "dvar2": 2.87117266655,
        "max": 27.8725318909,
        "mean": 0.568563699722,
        "median": 0.0581111907959,
        "min": -1.82112061977,
        "var": 5.09612131119
    },
    "erbbands_skewness": {
        "dmean": 0.324123948812,
        "dmean2": 0.477811962366,
        "dvar": 0.127797335386,
        "dvar2": 0.242054149508,
        "max": 4.73543167114,
        "mean": 0.443614810705,
        "median": 0.346298545599,
        "min": -2.5346031189,
        "var": 0.593438863754
    },
    "erbbands_spread": {
        "dmean": 9.61429977417,
        "dmean2": 13.6206159592,
        "dvar": 154.755249023,
        "dvar2": 312.063873291,
        "max": 180.91897583,
        "mean": 42.2258529663,
        "median": 35.9852790833,
        "min": 7.18774414062,
        "var": 508.068695068
    },
    "hfc": {
        "dmean": 5.86775541306,
        "dmean2": 7.79868125916,
        "dvar": 95.4896316528,
        "dvar2": 180.982345581,
        "max": 111.754219055,
        "mean": 16.8228969574,
        "median": 9.38652610779,
        "min": 0.809106707573,
        "var": 355.332489014
    },
    "melbands_crest": {
        "dmean": 2.30008172989,
        "dmean2": 3.61472940445,
        "dvar": 5.7861495018,
        "dvar2": 15.2123470306,
        "max": 30.6641025543,
        "mean": 16.6656723022,
        "median": 16.3588085175,
        "min": 5.02600812912,
        "var": 29.464723587
    },
    "melbands_flatness_db": {
        "dmean": 0.0293479841202,
        "dmean2": 0.0400789901614,
        "dvar": 0.00101517455187,
        "dvar2": 0.0020069796592,
        "max": 0.548228561878,
        "mean": 0.263764023781,
        "median": 0.256108313799,
        "min": 0.0870919004083,
        "var": 0.0068577369675
    },
    "melbands_kurtosis": {
        "dmean": 14.7105474472,
        "dmean2": 22.2401046753,
        "dvar": 707.430419922,
        "dvar2": 1735.99267578,
        "max": 332.398468018,
        "mean": 32.0733299255,
        "median": 15.4189567566,
        "min": -0.884716033936,
        "var": 1914.06262207
    },
    "melbands_skewness": {
        "dmean": 0.932586371899,
        "dmean2": 1.35111832619,
        "dvar": 1.39939928055,
        "dvar2": 3.13134860992,
        "max": 14.64270401,
        "mean": 3.88412284851,
        "median": 3.34820866585,
        "min": 0.0701948925853,
        "var": 5.28720188141
    },
    "melbands_spread": {
        "dmean": 4.53026914597,
        "dmean2": 6.60114574432,
        "dvar": 43.2760238647,
        "dvar2": 95.6495285034,
        "max": 75.1515884399,
        "mean": 14.3966569901,
        "median": 10.4589424133,
        "min": 0.54531443119,
        "var": 154.82244873
    },
    "pitch_salience": {
        "dmean": 0.0563673488796,
        "dmean2": 0.0891684293747,
        "dvar": 0.00321927596815,
        "dvar2": 0.00810657162219,
        "max": 0.800783216953,
        "mean": 0.48722884059,
        "median": 0.489977777004,
        "min": 0.116474308074,
        "var": 0.0129449171945
    },
    "silence_rate_20dB": {
        "dmean": 0,
        "dmean2": 0,
        "dvar": 0,
        "dvar2": 0,
        "max": 1,
        "mean": 1,
        "median": 1,
        "min": 1,
        "var": 0
    },
    "silence_rate_30dB": {
        "dmean": 0.030959751457,
        "dmean2": 0.0619674660265,
        "dvar": 0.030001398176,
        "dvar2": 0.0751682370901,
        "max": 1,
        "mean": 0.97138440609,
        "median": 1,
        "min": 0,
        "var": 0.027796799317
    },
    "silence_rate_60dB": {
        "dmean": 0.000773993786424,
        "dmean2": 0.000774593325332,
        "dvar": 0.000773394829594,
        "dvar2": 0.000773993320763,
        "max": 1,
        "mean": 0.00077339517884,
        "median": 0,
        "min": 0,
        "var": 0.000772797095124
    },
    "spectral_centroid": {
        "dmean": 198.618103027,
        "dmean2": 281.520111084,
        "dvar": 70102.7890625,
        "dvar2": 142255.921875,
        "max": 3863.59570312,
        "mean": 911.101196289,
        "median": 805.019226074,
        "min": 152.196487427,
        "var": 315716.9375
    },
    "spectral_complexity": {
        "dmean": 2.93653249741,
        "dmean2": 4.13168096542,
        "dvar": 16.2977294922,
        "dvar2": 27.5628623962,
        "max": 53,
        "mean": 14.4454755783,
        "median": 13,
        "min": 1,
        "var": 69.5402069092
    },
    "spectral_decrease": {
        "dmean": 2.7877529174e-09,
        "dmean2": 4.44535963595e-09,
        "dvar": 4.48315546915e-17,
        "dvar2": 1.19766157403e-16,
        "max": -5.88285697933e-10,
        "mean": -8.62714522043e-09,
        "median": -6.54585674553e-09,
        "min": -5.84567061424e-08,
        "var": 5.83662875382e-17
    },
    "spectral_energy": {
        "dmean": 0.010903484188,
        "dmean2": 0.0172515138984,
        "dvar": 0.000654718372971,
        "dvar2": 0.00174108846113,
        "max": 0.224279329181,
        "mean": 0.0340867266059,
        "median": 0.0259939227253,
        "min": 0.00229716207832,
        "var": 0.000891518313438
    },
    "spectral_energyband_high": {
        "dmean": 0.000347340130247,
        "dmean2": 0.000484060117742,
        "dvar": 5.18186425325e-07,
        "dvar2": 9.45159229104e-07,
        "max": 0.0125851035118,
        "mean": 0.000723631936125,
        "median": 0.000199526955839,
        "min": 2.45459034431e-07,
        "var": 1.49611355482e-06
    },
    "spectral_energyband_low": {
        "dmean": 0.0076400693506,
        "dmean2": 0.01289798785,
        "dvar": 0.000598862359766,
        "dvar2": 0.00165411038324,
        "max": 0.206848934293,
        "mean": 0.0202493034303,
        "median": 0.0133630577475,
        "min": 0.000904418877326,
        "var": 0.000600197527092
    },
    "spectral_energyband_middle_high": {
        "dmean": 0.00195039703976,
        "dmean2": 0.00255868630484,
        "dvar": 1.37524903039e-05,
        "dvar2": 2.45923147304e-05,
        "max": 0.0536763258278,
        "mean": 0.00450495630503,
        "median": 0.00169357226696,
        "min": 1.18338957691e-05,
        "var": 4.73060681543e-05
    },
    "spectral_energyband_middle_low": {
        "dmean": 0.00402046041563,
        "dmean2": 0.00613948190585,
        "dvar": 5.40793917025e-05,
        "dvar2": 0.000127348073875,
        "max": 0.117967657745,
        "mean": 0.0102963978425,
        "median": 0.00722074881196,
        "min": 0.000843042216729,
        "var": 9.71400731942e-05
    },
    "spectral_entropy": {
        "dmean": 0.215046882629,
        "dmean2": 0.288999855518,
        "dvar": 0.0609010234475,
        "dvar2": 0.113476023078,
        "max": 8.52397060394,
        "mean": 7.20069742203,
        "median": 7.26631402969,
        "min": 4.95721769333,
        "var": 0.319161385298
    },
    "spectral_flux": {
        "dmean": 0.0275878459215,
        "dmean2": 0.0425344966352,
        "dvar": 0.00197792239487,
        "dvar2": 0.00424278713763,
        "max": 0.397465974092,
        "mean": 0.0724137201905,
        "median": 0.0556051358581,
        "min": 0.00449470663443,
        "var": 0.00370160420425
    },
    "spectral_kurtosis": {
        "dmean": 2.52508497238,
        "dmean2": 3.96883702278,
        "dvar": 17.6363048553,
        "dvar2": 36.0427894592,
        "max": 75.7553024292,
        "mean": 5.85836315155,
        "median": 4.23998594284,
        "min": -0.85821557045,
        "var": 42.874835968
    },
    "spectral_rms": {
        "dmean": 0.000775369058829,
        "dmean2": 0.0011674273992,
        "dvar": 1.94761832972e-06,
        "dvar2": 4.74395255878e-06,
        "max": 0.0147921973839,
        "mean": 0.00534479133785,
        "median": 0.00503586372361,
        "min": 0.00149704166688,
        "var": 4.68856524094e-06
    },
    "spectral_rolloff": {
        "dmean": 259.364471436,
        "dmean2": 423.240844727,
        "dvar": 384203.5625,
        "dvar2": 768779.5,
        "max": 8333.34960938,
        "mean": 796.794555664,
        "median": 473.73046875,
        "min": 86.1328125,
        "var": 928711.5625
    },
    "spectral_skewness": {
        "dmean": 0.314196556807,
        "dmean2": 0.469962388277,
        "dvar": 0.121939748526,
        "dvar2": 0.23876875639,
        "max": 6.59750080109,
        "mean": 1.7877702713,
        "median": 1.67309749126,
        "min": 0.171690285206,
        "var": 0.524861335754
    },
    "spectral_spread": {
        "dmean": 727463.0625,
        "dmean2": 1042076.4375,
        "dvar": 901012455424,
        "dvar2": 1.83179227955e+12,
        "max": 13399860,
        "mean": 4606216.5,
        "median": 4365382.5,
        "min": 1035978.375,
        "var": 2.98292504166e+12
    },
    "spectral_strongpeak": {
        "dmean": 0.30174857378,
        "dmean2": 0.518609941006,
        "dvar": 0.580800414085,
        "dvar2": 1.4065309763,
        "max": 8.37640953064,
        "mean": 0.654097020626,
        "median": 0.457347512245,
        "min": 0.0413951352239,
        "var": 0.823540508747
    },
    "zerocrossingrate": {
        "dmean": 0.00821536965668,
        "dmean2": 0.00954285357147,
        "dvar": 8.12306680018e-05,
        "dvar2": 8.82170133991e-05,
        "max": 0.20556640625,
        "mean": 0.0386697612703,
        "median": 0.03466796875,
        "min": 0.00390625,
        "var": 0.000673957110848
    },
    "barkbands": {
        "dmean": [0.000195139524294, 0.00556346960366, 0.00239326385781, 0.00113506731577, 0.00151934754103, 0.000804053735919, 0.000670553243253, 0.00071311602369, 0.000921649101656, 0.000657587486785, 0.000328453723341, 0.000387943233363, 0.000278658117168, 0.000274487509159, 0.000355088210199, 0.000288402428851, 0.000114740185381, 0.000108781881863, 6.76205891068e-05, 0.000115833936434, 0.000117624702398, 9.02107931324e-05, 4.9811151257e-05, 5.75702542847e-05, 2.7324871553e-05, 3.01858744933e-05, 5.08944220101e-09],
        "dmean2": [0.000353849987732, 0.00962157920003, 0.00384966703132, 0.00185038603377, 0.00247313641012, 0.00128764787223, 0.00115145661402, 0.00111072161235, 0.00131440372206, 0.000888226553798, 0.000526707270183, 0.000586094160099, 0.000430833955761, 0.000420878641307, 0.000560974003747, 0.000433020584751, 0.000166788944625, 0.000163145901752, 0.00010411911353, 0.000171111518284, 0.000180303599336, 0.000130112865008, 7.17686489224e-05, 8.62740271259e-05, 3.97767871618e-05, 4.56172492704e-05, 8.68487948225e-09],
        "dvar": [6.75155263252e-07, 0.000431500724517, 2.59746557276e-05, 7.51726520321e-06, 6.65403376843e-06, 4.33292871094e-06, 5.95625078859e-06, 3.80504275199e-06, 1.03126931208e-05, 3.17209560308e-06, 1.16660442018e-06, 2.0325130663e-06, 5.9832586885e-07, 6.1177780708e-07, 1.08372785235e-06, 1.11227950583e-06, 9.84647030577e-08, 5.62593420739e-08, 3.12027488292e-08, 6.44759410307e-08, 9.00395278336e-08, 3.1540960066e-08, 1.92477269678e-08, 4.06107574236e-08, 4.47877201992e-09, 4.32440439013e-09, 1.00976597587e-15],
        "dvar2": [1.95050893126e-06, 0.00120061053894, 6.9503665145e-05, 1.79102426046e-05, 1.81023715413e-05, 1.10812216008e-05, 1.59383562277e-05, 8.86789075594e-06, 1.93044634216e-05, 5.39630536878e-06, 2.71481417258e-06, 3.80165829483e-06, 1.15545583412e-06, 1.33755304432e-06, 2.6175741823e-06, 2.57726492237e-06, 1.95460899022e-07, 1.25685843955e-07, 6.11502954939e-08, 1.31841176199e-07, 2.11125723126e-07, 6.55126726201e-08, 3.64836942879e-08, 6.72745770203e-08, 8.31199642448e-09, 9.75248681812e-09, 1.80593671223e-15],
        "max": [0.00898760277778, 0.174836039543, 0.0686797276139, 0.053727503866, 0.0512088835239, 0.03082803078, 0.0233879350126, 0.0298214368522, 0.0736872330308, 0.043548822403, 0.0144513202831, 0.03158396855, 0.019785027951, 0.0132161807269, 0.0177982635796, 0.0195661708713, 0.00621181214228, 0.00358759891242, 0.00396343506873, 0.00354920001701, 0.00573505740613, 0.00223845453002, 0.00328484363854, 0.00367446197197, 0.00156223867089, 0.000770444050431, 8.35805622046e-07],
        "mean": [0.000198295936571, 0.0103001687676, 0.00815286673605, 0.00247458205558, 0.0032622104045, 0.00120882375631, 0.000739998125937, 0.00110219419003, 0.00134537590202, 0.00107749691233, 0.0004449672997, 0.000655869545881, 0.000491353101097, 0.000424973521149, 0.000500530819409, 0.0004340421292, 0.000180846327567, 0.000170574465301, 0.000119477175758, 0.000187437137356, 0.000190598511836, 0.000151275511598, 8.6071449914e-05, 0.000105510051071, 4.41929732915e-05, 3.69974295609e-05, 3.75265729602e-09],
        "median": [2.4732455131e-05, 0.00489386729896, 0.0049516633153, 0.00139450409915, 0.00245098723099, 0.000529987097252, 0.000185153985512, 0.000347548280843, 0.000199152491405, 0.000180657516466, 7.34390850994e-05, 0.000167108286405, 0.000173468433786, 0.000102664693259, 0.000103770544229, 6.25846805633e-05, 4.63630894956e-05, 4.34652720287e-05, 3.78002114303e-05, 3.51509625034e-05, 3.52383249265e-05, 3.00796618831e-05, 2.0755598598e-05, 1.92703664652e-05, 1.23954305309e-05, 9.07171215658e-06, 4.45148390371e-10],
        "min": [2.9415550884e-08, 0.000240804278292, 4.07436345995e-05, 1.28153433252e-05, 9.33062692638e-05, 3.00903320749e-06, 1.26523138988e-06, 4.41526879058e-07, 6.25744689842e-07, 1.24208995089e-07, 1.01913009587e-07, 2.79487835542e-07, 5.73017018723e-07, 1.04557472014e-07, 2.75644708836e-07, 3.81117217785e-07, 9.78699645771e-08, 5.16369169645e-08, 5.51761694112e-08, 5.41266231835e-08, 6.70460664765e-08, 1.56317767619e-08, 4.54861535104e-08, 2.06047676699e-08, 1.24346383884e-11, 1.0239512363e-11, 1.16860974023e-11],
        "var": [4.63862733113e-07, 0.000324870401528, 8.25742026791e-05, 1.32890700115e-05, 1.0458657016e-05, 5.42318412045e-06, 4.74689613839e-06, 5.74866362513e-06, 2.34082144743e-05, 9.60090801527e-06, 1.45422268361e-06, 4.00312001148e-06, 1.23055519907e-06, 1.19543199162e-06, 1.59261651334e-06, 2.02744740818e-06, 2.00778686121e-07, 1.03315208833e-07, 8.56387174508e-08, 1.38630568358e-07, 1.56077462066e-07, 7.09437486535e-08, 4.58772717593e-08, 9.53641219326e-08, 1.05720818766e-08, 5.83880988003e-09, 8.45719728549e-16]
    },
    "erbbands": {
        "dmean": [0.135611653328, 1.32254981995, 2.82910227776, 3.05206155777, 4.91531944275, 5.03896713257, 5.10561704636, 7.488093853, 7.68274402618, 9.8177986145, 19.8211631775, 23.8510856628, 14.793844223, 22.7534885406, 11.3163709641, 17.7513942719, 12.6372823715, 11.9980821609, 14.5885343552, 19.071428299, 12.4140691757, 5.46777629852, 5.8464846611, 3.66507506371, 3.89318966866, 5.51589727402, 5.51332998276, 3.95672893524, 3.46549081802, 2.04334878922, 1.38420879841, 1.42255568504, 0.919059336185, 0.365924566984, 0.182913169265, 0.115999355912, 0.0688119530678, 0.00658448645845, 0.000115406277473, 1.56378682732e-05],
        "dmean2": [0.24173694849, 2.25663876534, 4.66141796112, 4.83875417709, 8.04657363892, 8.06782627106, 7.95611381531, 12.3472194672, 12.6140871048, 16.3698158264, 30.4686412811, 32.3414840698, 20.9233989716, 31.4305400848, 17.1767215729, 26.7178325653, 18.8280525208, 17.5204734802, 21.7328300476, 28.4428501129, 18.0499839783, 7.7800860405, 8.81950759888, 5.566218853, 5.85449314117, 7.95646715164, 8.14262008667, 5.95886564255, 5.087682724, 2.88109445572, 1.93985557556, 2.07561993599, 1.33545446396, 0.528362989426, 0.276788711548, 0.176314845681, 0.105660155416, 0.0102980937809, 0.00017814306193, 2.41615780396e-05],
        "dvar": [0.36138394475, 21.0874595642, 46.1672515869, 39.5649719238, 91.8447418213, 89.7282791138, 89.3314971924, 574.234619141, 655.24407959, 963.854980469, 2825.52050781, 8329.70507812, 1669.11218262, 5603.96044922, 924.341918945, 4787.32226562, 1310.09301758, 1178.46899414, 1385.75720215, 3261.78442383, 1693.20996094, 164.896255493, 155.837005615, 78.6023178101, 110.730140686, 159.886749268, 222.609863281, 83.2134475708, 50.9339523315, 17.6624279022, 16.0067462921, 19.9827442169, 12.4709510803, 1.39127075672, 0.131824120879, 0.0546600371599, 0.0249765384942, 0.00024692286388, 7.10116623281e-08, 1.00643837708e-09],
        "dvar2": [1.01208055019, 58.442401886, 124.092323303, 97.9822845459, 237.395309448, 245.829727173, 213.102172852, 1482.31677246, 1686.03674316, 2595.15112305, 6595.91943359, 14736.7050781, 3632.47875977, 9322.36035156, 2321.25341797, 9075.87695312, 2496.17114258, 2829.31616211, 2910.36889648, 7161.65429688, 4174.72265625, 304.844726562, 351.51739502, 188.522613525, 202.421554565, 321.28692627, 494.462249756, 191.609024048, 113.373901367, 33.6233177185, 29.1654052734, 36.187789917, 23.2761878967, 2.55258345604, 0.286326766014, 0.126439020038, 0.0568856224418, 0.00057228282094, 1.62399999226e-07, 2.55369947411e-09],
        "max": [5.22211742401, 39.9840354919, 93.8779373169, 105.704826355, 196.868255615, 170.770507812, 135.467636108, 346.520446777, 235.690460205, 309.449890137, 803.440429688, 2348.59838867, 599.895019531, 1960.07397461, 393.534973145, 1586.01757812, 981.838989258, 709.259216309, 600.076538086, 1031.31274414, 672.968017578, 262.01953125, 181.551376343, 143.55090332, 249.035522461, 222.773300171, 343.045013428, 106.124534607, 84.9507446289, 61.3706016541, 97.9431838989, 79.4472808838, 68.4244308472, 31.0578804016, 4.85332870483, 2.76977729797, 1.82028353214, 0.198915764689, 0.00329319084994, 0.000298116268823],
        "mean": [0.194528698921, 2.69729661942, 9.96532058716, 8.53793716431, 9.15558815002, 11.2534761429, 8.95616149902, 10.2395744324, 9.32745170593, 12.9625778198, 30.4032859802, 34.0852966309, 23.5103816986, 38.6947364807, 18.2549438477, 31.0977134705, 23.8242034912, 20.6794967651, 22.9309902191, 30.8294754028, 20.5593185425, 9.68092727661, 9.26735115051, 6.35859489441, 7.37422132492, 9.09359931946, 8.96224212646, 6.47610473633, 5.65339946747, 3.46351146698, 2.44825100899, 2.4526181221, 1.53012168407, 0.583701074123, 0.282250791788, 0.156583875418, 0.076079249382, 0.00672189332545, 0.000139063762617, 4.52083149867e-05],
        "median": [0.0973853468895, 1.27089190483, 4.84264421463, 5.99501085281, 6.20136737823, 7.69847822189, 4.86944484711, 3.28268313408, 2.8900578022, 3.13724470139, 9.61205005646, 5.95875549316, 3.64714384079, 8.15326309204, 5.05208873749, 8.83853340149, 8.85305404663, 6.92328834534, 5.12363386154, 4.70451641083, 3.96609830856, 2.65430927277, 2.38392114639, 2.43663668633, 1.85408222675, 1.84059917927, 1.60901069641, 1.32560956478, 1.16921794415, 0.769939482212, 0.593846261501, 0.498390555382, 0.253876537085, 0.13171236217, 0.0805275961757, 0.0455551929772, 0.0143106263131, 0.00109267816879, 4.30722611782e-05, 3.39357611665e-05],
        "min": [0.0021219549235, 0.0882250890136, 0.158705323935, 0.0886724218726, 0.308742761612, 0.249163717031, 0.125664249063, 0.0442724190652, 0.0646490305662, 0.0663912370801, 0.0304149966687, 0.0200318396091, 0.0104220630601, 0.00828902516514, 0.0590542405844, 0.0428220555186, 0.0518886595964, 0.0194780286402, 0.00687303906307, 0.0203223396093, 0.0221350323409, 0.012918503955, 0.00541088171303, 0.00288810767233, 0.00319711701013, 0.00286234659143, 0.00230170157738, 0.00284902169369, 0.000923084036913, 0.000536640989594, 0.00113887060434, 0.000560820684768, 0.000217407563468, 3.87199943361e-05, 8.40931443236e-06, 4.03072772315e-06, 1.56422083819e-06, 1.9982481092e-07, 1.85899727967e-06, 3.51554513145e-06],
        "var": [0.238588497043, 17.9750041962, 140.690841675, 85.8052215576, 124.710159302, 141.16116333, 141.989547729, 616.047424316, 592.446777344, 933.231323242, 4160.81494141, 18049.2148438, 3477.70581055, 17697.8574219, 1332.6262207, 9271.41308594, 2852.16308594, 2126.890625, 2566.74755859, 8109.89648438, 3260.96289062, 465.940551758, 296.162261963, 131.232070923, 341.982452393, 343.275238037, 385.276550293, 165.427383423, 102.326034546, 43.7927856445, 40.497089386, 48.4316253662, 23.5771522522, 3.0144367218, 0.284258246422, 0.0860221460462, 0.0306100659072, 0.000279435800621, 8.52416164321e-08, 1.58096824521e-09]
    },
    "gfcc": {
        "mean": [-15.7195882797, 112.213180542, -95.3850631714, 39.4451980591, -46.4103507996, 26.8404541016, -30.3625831604, 4.16389560699, -24.7245635986, 2.77115440369, -20.0860214233, -3.54433083534, -12.8552932739],
        "cov": [[5291.47314453, -1945.42224121, -632.461303711, -15.2359762192, -629.725646973, 193.291488647, -40.312122345, 563.756774902, -15.9262018204, 451.554901123, -387.394897461, 299.249816895, -0.21773225069], [-1945.42224121, 1531.22460938, -248.760253906, -170.914550781, 312.904266357, -235.422958374, 132.154525757, -260.172576904, 123.875, -260.983276367, 247.789428711, -213.046676636, 60.5323753357], [-632.461303711, -248.760253906, 964.934326172, 44.6087379456, 17.1638259888, 134.871032715, -89.1982040405, -40.6951522827, -71.5733032227, 40.2795181274, -52.999130249, 46.2152748108, -132.344009399], [-15.2359762192, -170.914550781, 44.6087379456, 287.100708008, -39.137336731, -8.09772205353, -23.5522422791, -7.09790658951, 39.9345817566, -17.7434082031, -2.14678573608, -7.70596837997, 49.2549743652], [-629.725646973, 312.904266357, 17.1638259888, -39.137336731, 258.618408203, -34.6582984924, 13.378900528, -61.4651222229, -9.26017093658, -58.4875183105, 41.434387207, -35.3257331848, -18.2630157471], [193.291488647, -235.422958374, 134.871032715, -8.09772205353, -34.6582984924, 188.142654419, 21.5913257599, 20.5100746155, -61.083568573, 24.6303520203, -30.2285671234, 3.62017583847, -30.9795475006], [-40.312122345, 132.154525757, -89.1982040405, -23.5522422791, 13.378900528, 21.5913257599, 159.363143921, 5.50069332123, 11.0163145065, -32.0981407166, 12.653254509, -25.3219146729, -7.30226278305], [563.756774902, -260.172576904, -40.6951522827, -7.09790658951, -61.4651222229, 20.5100746155, 5.50069332123, 155.158676147, 16.391248703, 63.3537025452, -53.2275161743, 46.3569335938, -2.70849084854], [-15.9262018204, 123.875, -71.5733032227, 39.9345817566, -9.26017093658, -61.083568573, 11.0163145065, 16.391248703, 155.649047852, -5.34020614624, 0.890099048615, -10.643445015, 40.5291671753], [451.554901123, -260.983276367, 40.2795181274, -17.7434082031, -58.4875183105, 24.6303520203, -32.0981407166, 63.3537025452, -5.34020614624, 141.663864136, -35.6018753052, 54.3232192993, -18.853767395], [-387.394897461, 247.789428711, -52.999130249, -2.14678573608, 41.434387207, -30.2285671234, 12.653254509, -53.2275161743, 0.890099048615, -35.6018753052, 130.212051392, -22.4673099518, 11.7778253555], [299.249816895, -213.046676636, 46.2152748108, -7.70596837997, -35.3257331848, 3.62017583847, -25.3219146729, 46.3569335938, -10.643445015, 54.3232192993, -22.4673099518, 118.014221191, 0.995463550091], [-0.21773225069, 60.5323753357, -132.344009399, 49.2549743652, -18.2630157471, -30.9795475006, -7.30226278305, -2.70849084854, 40.5291671753, -18.853767395, 11.7778253555, 0.995463550091, 102.650131226]],
        "icov": [[0.000797141576186, 0.000618613325059, 0.000768844445702, 0.000278944935417, 0.000725999183487, -0.00017401536752, -3.80059937015e-05, -0.000727673585061, -0.00023916416103, -0.000594633864239, 0.000691369350534, -0.000307189679006, 0.000457910326077], [0.000618613325059, 0.00570427253842, -0.000143063429277, 0.00429884810001, -0.00183986919001, 0.00386461499147, -0.00282355560921, 0.00276613119058, -0.0032091345638, 0.00251935864799, -0.00439215265214, 0.00444168644026, -0.00270787905902], [0.000768844445702, -0.000143063429277, 0.00256046350114, -0.000893396267202, 0.000832336780149, -0.00190669391304, 0.00135696004145, -0.000270168005954, -0.000167408332345, -0.000865747511853, 0.00179041200317, -0.00186665030196, 0.00319762388244], [0.000278944935417, 0.00429884810001, -0.000893396267202, 0.00751393241808, -0.000969808606897, 0.00307136983611, -0.00181818497367, 0.00229263841175, -0.00313385762274, 0.0026773866266, -0.00359405949712, 0.00405721878633, -0.00450403057039], [0.000725999183487, -0.00183986919001, 0.000832336780149, -0.000969808606897, 0.00661456864327, -0.00111075153109, 0.00109209027141, -0.00132085476071, 0.00133242818993, -0.000571539974771, 0.00222578993998, -0.00199972745031, 0.00264236191288], [-0.00017401536752, 0.00386461499147, -0.00190669391304, 0.00307136983611, -0.00111075153109, 0.0108682392165, -0.00417210813612, 0.00175945833325, 0.000766583601944, 0.00146790605504, -0.00306501798332, 0.00494907610118, -0.00310867303051], [-3.80059937015e-05, -0.00282355560921, 0.00135696004145, -0.00181818497367, 0.00109209027141, -0.00417210813612, 0.00943394098431, -0.00258055515587, 0.000295609061141, 0.000538206484634, 0.00196278141811, -0.00203604344279, 0.00360173848458], [-0.000727673585061, 0.00276613119058, -0.000270168005954, 0.00229263841175, -0.00132085476071, 0.00175945833325, -0.00258055515587, 0.0130005516112, -0.00317918811925, -0.000244943192229, -0.000921827333514, 0.000646122673061, -0.00131592422258], [-0.00023916416103, -0.0032091345638, -0.000167408332345, -0.00313385762274, 0.00133242818993, 0.000766583601944, 0.000295609061141, -0.00317918811925, 0.0105495080352, -0.00220151478425, 0.00295616150834, -0.00109970907215, -0.00131275632884], [-0.000594633864239, 0.00251935864799, -0.000865747511853, 0.0026773866266, -0.000571539974771, 0.00146790605504, 0.000538206484634, -0.000244943192229, -0.00220151478425, 0.0132207712159, -0.00293052452616, -0.000277780025499, 0.000121763274365], [0.000691369350534, -0.00439215265214, 0.00179041200317, -0.00359405949712, 0.00222578993998, -0.00306501798332, 0.00196278141811, -0.000921827333514, 0.00295616150834, -0.00293052452616, 0.0148967225105, -0.00464679067954, 0.00284109567292], [-0.000307189679006, 0.00444168644026, -0.00186665030196, 0.00405721878633, -0.00199972745031, 0.00494907610118, -0.00203604344279, 0.000646122673061, -0.00109970907215, -0.000277780025499, -0.00464679067954, 0.016013674438, -0.00520221842453], [0.000457910326077, -0.00270787905902, 0.00319762388244, -0.00450403057039, 0.00264236191288, -0.00310867303051, 0.00360173848458, -0.00131592422258, -0.00131275632884, 0.000121763274365, 0.00284109567292, -0.00520221842453, 0.0176419895142]]
    },
    "melbands": {
        "dmean": [0.00138955772854, 0.00155168422498, 0.000559910258744, 0.000367311615264, 0.000175309905899, 0.000157806061907, 0.000130449348944, 0.000108563370304, 0.00016678358952, 0.000142634511576, 7.50843610149e-05, 9.71836198005e-05, 4.18411582359e-05, 4.62881471321e-05, 3.54637231794e-05, 2.62428275164e-05, 2.28698972933e-05, 2.47856241913e-05, 2.6151399652e-05, 2.26473221119e-05, 1.45177791637e-05, 6.22719608145e-06, 6.06584171692e-06, 5.49401556782e-06, 2.86991530629e-06, 2.71365365734e-06, 3.38982181347e-06, 3.94273411075e-06, 3.88177704735e-06, 2.88300589091e-06, 2.32240040532e-06, 2.1112145987e-06, 1.74184356183e-06, 1.01026648736e-06, 7.98576934358e-07, 9.7678594102e-07, 9.20108504943e-07, 7.78930655088e-07, 4.13285789591e-07, 2.95221269653e-07],
        "dmean2": [0.00243032258004, 0.00260783894919, 0.000890733266715, 0.00059733906528, 0.000271386001259, 0.000257789972238, 0.00021760466916, 0.000178477072041, 0.000256971543422, 0.00019588736177, 0.00010621947149, 0.000133319990709, 6.5248204919e-05, 6.87603969709e-05, 5.50607146579e-05, 3.99176788051e-05, 3.38761674357e-05, 3.69845984096e-05, 4.26824990427e-05, 3.30212860717e-05, 2.14916217374e-05, 9.04675744096e-06, 9.28209465201e-06, 8.46181319503e-06, 4.49032768302e-06, 4.15553358835e-06, 4.94725372846e-06, 5.81102858632e-06, 5.73089073441e-06, 4.370640454e-06, 3.58380293619e-06, 3.14217732011e-06, 2.53732946476e-06, 1.49423135554e-06, 1.14331294299e-06, 1.46352158481e-06, 1.33393564283e-06, 1.14666795525e-06, 6.32849264548e-07, 4.33378033904e-07],
        "dvar": [3.22312916978e-05, 1.86240904441e-05, 1.30448427171e-06, 4.28908407457e-07, 1.01322463308e-07, 2.30032370041e-07, 2.10519672805e-07, 9.34375776751e-08, 1.9640974358e-07, 2.86806539407e-07, 4.43901022606e-08, 9.61699129221e-08, 1.40771909685e-08, 2.58003201026e-08, 1.34735582691e-08, 4.05070110787e-09, 4.54715021192e-09, 4.70121408469e-09, 8.45223446788e-09, 7.37155314567e-09, 2.38916753048e-09, 2.61021815273e-10, 2.20971338449e-10, 1.70811767508e-10, 4.90089878402e-11, 5.76388346774e-11, 5.73346127519e-11, 9.15564915549e-11, 1.1233262931e-10, 5.49943979244e-11, 3.08279582417e-11, 2.02144655181e-11, 1.16876439082e-11, 5.86276036399e-12, 5.54819298143e-12, 9.19785862058e-12, 8.36343320987e-12, 9.723557029e-12, 1.80294982503e-12, 9.01628543961e-13],
        "dvar2": [8.99172446225e-05, 5.09514211444e-05, 3.21002039527e-06, 1.18421633033e-06, 2.47608369364e-07, 5.92564788349e-07, 5.53915754153e-07, 2.37916054857e-07, 4.45570179863e-07, 5.05820366925e-07, 9.4978645393e-08, 1.59187152349e-07, 3.41428503248e-08, 4.54478517042e-08, 2.8769223448e-08, 8.9385396862e-09, 1.08097957252e-08, 9.289270686e-09, 2.12820623346e-08, 1.56335886459e-08, 5.55874457575e-09, 5.07497988078e-10, 5.00848806873e-10, 4.07243350153e-10, 1.18836246399e-10, 1.03508430993e-10, 1.14207115987e-10, 1.97826352522e-10, 2.40155423326e-10, 1.29156796369e-10, 7.36567057347e-11, 4.52500294179e-11, 2.53987334636e-11, 1.24950492661e-11, 1.06155769938e-11, 1.9320919864e-11, 1.48188111088e-11, 1.91162918828e-11, 3.4838113297e-12, 1.6773442444e-12],
        "max": [0.0474732108414, 0.0427421070635, 0.0190179571509, 0.0132349031046, 0.00488174101338, 0.00694399839267, 0.00435910141096, 0.0028926404193, 0.00640698987991, 0.0145943043754, 0.00314118061215, 0.00816425029188, 0.00136353203561, 0.00373185612261, 0.00184704142157, 0.00123749440536, 0.00124269525986, 0.00131644879002, 0.00178990000859, 0.00188874837477, 0.000801425543614, 0.000351574708475, 0.000217853477807, 0.000216322514461, 0.000107248073618, 0.00020813003357, 0.000108914646262, 0.000182724994374, 0.00024170477991, 0.000109924571007, 6.77361458656e-05, 5.27185766259e-05, 4.32471897511e-05, 4.52729000244e-05, 6.37652919977e-05, 4.7876710596e-05, 5.60835578653e-05, 5.91439420532e-05, 2.54199203482e-05, 2.55429404206e-05],
        "mean": [0.00228229584172, 0.00474075227976, 0.00149384478573, 0.000794977415353, 0.000331638613716, 0.000222684248001, 0.000153648725245, 0.000152274093125, 0.000251156307058, 0.000204709140235, 0.000114580827358, 0.000162932425155, 6.24241583864e-05, 7.77269524406e-05, 6.07018919254e-05, 4.62199059257e-05, 3.67995817214e-05, 3.67352622561e-05, 3.7258672819e-05, 3.67940338037e-05, 2.24872019317e-05, 9.91396245809e-06, 8.59044848767e-06, 8.53307665238e-06, 4.5359224714e-06, 4.89260719405e-06, 5.50251434106e-06, 6.10875440543e-06, 5.98030374022e-06, 4.42594500782e-06, 3.4955423871e-06, 3.25990163219e-06, 2.75061552202e-06, 1.57624003805e-06, 1.31458580199e-06, 1.51978247231e-06, 1.5114397911e-06, 1.22792926049e-06, 6.35209175925e-07, 4.33237175912e-07],
        "median": [0.00119236065075, 0.00223791622557, 0.00113004480954, 0.000547430769075, 0.000202200055355, 7.84985240898e-05, 4.59943294118e-05, 3.93880873162e-05, 7.76997767389e-05, 2.94569217658e-05, 1.65388446476e-05, 3.12262964144e-05, 1.36658582051e-05, 1.95755765162e-05, 2.10758262256e-05, 1.74853576027e-05, 1.09995362436e-05, 6.90317801855e-06, 7.16329077477e-06, 4.81494271298e-06, 4.2044653128e-06, 2.72746046903e-06, 1.62592050401e-06, 2.26572456086e-06, 1.68605686213e-06, 1.31532408432e-06, 1.12062718927e-06, 1.0776104773e-06, 1.03224499526e-06, 7.04939111529e-07, 7.1331203344e-07, 5.93383674641e-07, 5.57758653486e-07, 3.45460307472e-07, 3.04787107552e-07, 3.16406953971e-07, 2.81404595626e-07, 1.69565780084e-07, 1.28827224444e-07, 9.2219906378e-08],
