{
"highlevel": {
    "danceability": {
        "all": {
            "danceable": 0.12708696723,
            "not_danceable": 0.872913062572
        },
        "probability": 0.872913062572,
        "value": "not_danceable"
    },
    "gender": {
        "all": {
            "female": 0.0164493098855,
            "male": 0.983550667763
        },
        "probability": 0.983550667763,
        "value": "male"
    },
    "genre_dortmund": {
        "all": {
            "alternative": 0.137774810195,
            "blues": 0.0545543469489,
            "electronic": 0.0212325584143,
            "folkcountry": 0.05203320086,
            "funksoulrnb": 0.0185282621533,
            "jazz": 0.0364951938391,
            "pop": 0.101566262543,
            "raphiphop": 0.00706759374589,
            "rock": 0.570747792721
        },
        "probability": 0.570747792721,
        "value": "rock"
    },
    "genre_electronic": {
        "all": {
            "ambient": 0.324085116386,
            "dnb": 0.15588195622,
            "house": 0.124807849526,
            "techno": 0.0240605995059,
            "trance": 0.371164470911
        },
        "probability": 0.371164470911,
        "value": "trance"
    },
    "genre_rosamerica": {
        "all": {
            "cla": 0.000671290268656,
            "dan": 0.0163133572787,
            "hip": 0.00140936381649,
            "jaz": 0.000665801635478,
            "pop": 0.0618071779609,
            "rhy": 0.00286202412099,
            "roc": 0.915932655334,
            "spe": 0.000338345882483
        },
        "probability": 0.915932655334,
        "value": "roc"
    },
    "genre_tzanetakis": {
        "all": {
            "blu": 0.0626541376114,
            "cla": 0.0348133966327,
            "cou": 0.0783501937985,
            "dis": 0.104547761381,
            "hip": 0.15693578124,
            "jaz": 0.313987255096,
            "met": 0.044816005975,
            "pop": 0.0627349764109,
            "reg": 0.0627352520823,
            "roc": 0.0784252434969
        },
        "probability": 0.313987255096,
        "value": "jaz"
    },
    "ismir04_rhythm": {
        "all": {
            "ChaChaCha": 0.257381886244,
            "Jive": 0.694794476032,
            "Quickstep": 0.00160032056738,
            "Rumba-American": 0.00248664547689,
            "Rumba-International": 0.00577242067084,
            "Rumba-Misc": 0.000695413793437,
            "Samba": 0.0254020653665,
            "Tango": 0.000907711451873,
            "VienneseWaltz": 0.0103674614802,
            "Waltz": 0.000591609801631
        },
        "probability": 0.694794476032,
        "value": "Jive"
    },
    "mood_acoustic": {
        "all": {
            "acoustic": 0.0269963312894,
            "not_acoustic": 0.973003685474
        },
        "probability": 0.973003685474,
        "value": "not_acoustic"
    },
    "mood_aggressive": {
        "all": {
            "aggressive": 0.858882129192,
            "not_aggressive": 0.14111790061
        },
        "probability": 0.858882129192,
        "value": "aggressive"
    },
    "mood_electronic": {
        "all": {
            "electronic": 0.445039242506,
            "not_electronic": 0.554960727692
        },
        "probability": 0.554960727692,
        "value": "not_electronic"
    },
    "mood_happy": {
        "all": {
            "happy": 0.717832803726,
            "not_happy": 0.282167196274
        },
        "probability": 0.717832803726,
        "value": "happy"
    },
    "mood_party": {
        "all": {
            "not_party": 0.426164567471,
            "party": 0.573835432529
        },
        "probability": 0.573835432529,
        "value": "party"
    },
    "mood_relaxed": {
        "all": {
            "not_relaxed": 0.943509399891,
            "relaxed": 0.0564906001091
        },
        "probability": 0.943509399891,
        "value": "not_relaxed"
    },
    "mood_sad": {
        "all": {
            "not_sad": 0.788474440575,
            "sad": 0.211525559425
        },
        "probability": 0.788474440575,
        "value": "not_sad"
    },
    "moods_mirex": {
        "all": {
            "Cluster1": 0.638039052486,
            "Cluster2": 0.13166590035,
            "Cluster3": 0.0390894897282,
            "Cluster4": 0.0510765053332,
            "Cluster5": 0.140129074454
        },
        "probability": 0.638039052486,
        "value": "Cluster1"
    },
    "timbre": {
        "all": {
            "bright": 0.990991532803,
            "dark": 0.00900846067816
        },
        "probability": 0.990991532803,
        "value": "bright"
    },
    "tonal_atonal": {
        "all": {
            "atonal": 0.0215189028531,
            "tonal": 0.978481113911
        },
        "probability": 0.978481113911,
        "value": "tonal"
    },
    "voice_instrumental": {
        "all": {
            "instrumental": 0.00583959184587,
            "voice": 0.994160413742
        },
        "probability": 0.994160413742,
        "value": "voice"
    }
},
"lowlevel": {
    "average_loudness": 0.981512010098,
    "barkbands_crest": {
        "dmean": 2.7358174324,
        "dmean2": 4.46246194839,
        "dvar": 5.68170022964,
        "dvar2": 13.7916812897,
        "max": 23.7981777191,
        "mean": 8.37871074677,
        "median": 7.74054098129,
        "min": 2.79517841339,
        "var": 11.6401185989
    },
    "barkbands_flatness_db": {
        "dmean": 0.0168233383447,
        "dmean2": 0.0268482863903,
        "dvar": 0.000207564735319,
        "dvar2": 0.000494262494612,
        "max": 0.264663785696,
        "mean": 0.108527623117,
        "median": 0.106127806008,
        "min": 0.0520547665656,
        "var": 0.000608672155067
    },
    "barkbands_kurtosis": {
        "dmean": 1.34398651123,
        "dmean2": 2.07338786125,
        "dvar": 3.73898911476,
        "dvar2": 8.13853645325,
        "max": 34.8724746704,
        "mean": 0.850449979305,
        "median": 0.0430378913879,
        "min": -1.83285272121,
        "var": 7.9866938591
    },
    "barkbands_skewness": {
        "dmean": 0.456605225801,
        "dmean2": 0.688841938972,
        "dvar": 0.162474870682,
        "dvar2": 0.35326847434,
        "max": 5.45845746994,
        "mean": 1.01997256279,
        "median": 0.916571080685,
        "min": -0.741904377937,
        "var": 0.581072926521
    },
    "barkbands_spread": {
        "dmean": 6.07777166367,
        "dmean2": 9.51173877716,
        "dvar": 30.9900379181,
        "dvar2": 67.7758789062,
        "max": 88.6425933838,
        "mean": 30.4791507721,
        "median": 29.1097736359,
        "min": 5.25370121002,
        "var": 107.274673462
    },
    "dissonance": {
        "dmean": 0.0145438564941,
        "dmean2": 0.0243863128126,
        "dvar": 0.000178411020897,
        "dvar2": 0.000503128336277,
        "max": 0.499547719955,
        "mean": 0.475417971611,
        "median": 0.479630231857,
        "min": 0.368353188038,
        "var": 0.000309338531224
    },
    "dynamic_complexity": 1.32949876785,
    "erbbands_crest": {
        "dmean": 2.79328131676,
        "dmean2": 4.58878564835,
        "dvar": 6.10139417648,
        "dvar2": 16.3245563507,
        "max": 24.5004825592,
        "mean": 8.0746679306,
        "median": 7.2609834671,
        "min": 2.31885719299,
        "var": 13.1970930099
    },
    "erbbands_flatness_db": {
        "dmean": 0.0159175619483,
        "dmean2": 0.0232291519642,
        "dvar": 0.000196819499251,
        "dvar2": 0.000427317252615,
        "max": 0.240529999137,
        "mean": 0.13521553576,
        "median": 0.132635489106,
        "min": 0.0705031454563,
        "var": 0.000776508357376
    },
    "erbbands_kurtosis": {
        "dmean": 0.698118805885,
        "dmean2": 1.12238740921,
        "dvar": 0.5823097229,
        "dvar2": 1.4163775444,
        "max": 7.8553609848,
        "mean": 0.149702772498,
        "median": -0.153803348541,
        "min": -1.59743368626,
        "var": 1.39281702042
    },
    "erbbands_skewness": {
        "dmean": 0.31436830759,
        "dmean2": 0.484215289354,
        "dvar": 0.0691908895969,
        "dvar2": 0.161390811205,
        "max": 2.34422779083,
        "mean": -0.0551363229752,
        "median": -0.0693354830146,
        "min": -2.08437156677,
        "var": 0.312913030386
    },
    "erbbands_spread": {
        "dmean": 8.16306114197,
        "dmean2": 12.2565364838,
        "dvar": 48.5251922607,
        "dvar2": 111.902137756,
        "max": 107.777229309,
        "mean": 38.7249717712,
        "median": 37.2778701782,
        "min": 9.96629524231,
        "var": 203.62487793
    },
    "hfc": {
        "dmean": 8.45552825928,
        "dmean2": 12.4210510254,
        "dvar": 76.3981323242,
        "dvar2": 171.479415894,
        "max": 102.754989624,
        "mean": 33.2711906433,
        "median": 31.4632949829,
        "min": 4.49821138382,
        "var": 222.411209106
    },
    "melbands_crest": {
        "dmean": 3.86837315559,
        "dmean2": 6.30741453171,
        "dvar": 11.764623642,
        "dvar2": 27.9590549469,
        "max": 34.4218826294,
        "mean": 13.3153047562,
        "median": 12.2983646393,
        "min": 3.87879395485,
        "var": 26.0145683289
    },
    "melbands_flatness_db": {
        "dmean": 0.0225705895573,
        "dmean2": 0.0340828187764,
        "dvar": 0.000385675259167,
        "dvar2": 0.000843516318128,
        "max": 0.326293379068,
        "mean": 0.14749148488,
        "median": 0.143565908074,
        "min": 0.0440727882087,
        "var": 0.00142630387563
    },
    "melbands_kurtosis": {
        "dmean": 4.58454656601,
        "dmean2": 7.05687522888,
        "dvar": 50.7860450745,
        "dvar2": 106.873260498,
        "max": 167.961196899,
        "mean": 7.32571411133,
        "median": 4.18967485428,
        "min": -1.47803807259,
        "var": 116.000785828
    },
    "melbands_skewness": {
        "dmean": 0.674731969833,
        "dmean2": 1.01823854446,
        "dvar": 0.428566336632,
        "dvar2": 0.889062464237,
        "max": 12.4811325073,
        "mean": 2.18068909645,
        "median": 1.93883121014,
        "min": -0.115179076791,
        "var": 1.625207901
    },
    "melbands_spread": {
        "dmean": 8.60822200775,
        "dmean2": 13.4879970551,
        "dvar": 71.5240783691,
        "dvar2": 160.512466431,
        "max": 120.653961182,
        "mean": 32.6194839478,
        "median": 31.1147975922,
        "min": 2.97634601593,
        "var": 209.450622559
    },
    "pitch_salience": {
        "dmean": 0.0710821524262,
        "dmean2": 0.114965245128,
        "dvar": 0.00369160645641,
        "dvar2": 0.00895254220814,
        "max": 0.836958527565,
        "mean": 0.555951714516,
        "median": 0.563582241535,
        "min": 0.122374407947,
        "var": 0.00811730138958
    },
    "silence_rate_20dB": {
        "dmean": 0,
        "dmean2": 0,
        "dvar": 0,
        "dvar2": 0,
        "max": 1,
        "mean": 1,
        "median": 1,
        "min": 1,
        "var": 0
    },
    "silence_rate_30dB": {
        "dmean": 0.0325077399611,
        "dmean2": 0.0650658383965,
        "dvar": 0.0314509347081,
        "dvar2": 0.0933656319976,
        "max": 1,
        "mean": 0.983758687973,
        "median": 1,
        "min": 0,
        "var": 0.0159775409847
    },
    "silence_rate_60dB": {
        "dmean": 0,
        "dmean2": 0,
        "dvar": 0,
        "dvar2": 0,
        "max": 0,
        "mean": 0,
        "median": 0,
        "min": 0,
        "var": 0
    },
    "spectral_centroid": {
        "dmean": 262.216674805,
        "dmean2": 407.154724121,
        "dvar": 46467.5546875,
        "dvar2": 108760.101562,
        "max": 3643.90844727,
        "mean": 1755.53881836,
        "median": 1724.78271484,
        "min": 507.40234375,
        "var": 202702
    },
    "spectral_complexity": {
        "dmean": 4.92801856995,
        "dmean2": 7.30751371384,
        "dvar": 21.5204143524,
        "dvar2": 43.0061950684,
        "max": 57,
        "mean": 30.0433101654,
        "median": 30,
        "min": 3,
        "var": 71.735168457
    },
    "spectral_decrease": {
        "dmean": 3.09959635736e-09,
        "dmean2": 4.82792916756e-09,
        "dvar": 1.86064617324e-17,
        "dvar2": 4.05287960643e-17,
        "max": -7.28547555617e-10,
        "mean": -8.97267948829e-09,
        "median": -7.24968085564e-09,
        "min": -3.5865767245e-08,
        "var": 3.31278192179e-17
    },
    "spectral_energy": {
        "dmean": 0.0122138187289,
        "dmean2": 0.018959870562,
        "dvar": 0.000282996566966,
        "dvar2": 0.000617630081251,
        "max": 0.140394449234,
        "mean": 0.0368827469647,
        "median": 0.0305451657623,
        "min": 0.00370658724569,
        "var": 0.000509971519932
    },
    "spectral_energyband_high": {
        "dmean": 0.000580928986892,
        "dmean2": 0.000864564324729,
        "dvar": 5.10132053932e-07,
        "dvar2": 1.1773611277e-06,
        "max": 0.00771688297391,
        "mean": 0.00148587755393,
        "median": 0.00118891196325,
        "min": 5.67737079109e-05,
        "var": 1.15784973787e-06
    },
    "spectral_energyband_low": {
        "dmean": 0.00826021190733,
        "dmean2": 0.0131633002311,
        "dvar": 0.000205423493753,
        "dvar2": 0.000453131273389,
        "max": 0.104850649834,
        "mean": 0.0138258878142,
        "median": 0.00678793247789,
        "min": 3.24411339534e-05,
        "var": 0.000312613352435
    },
    "spectral_energyband_middle_high": {
        "dmean": 0.00283900252543,
        "dmean2": 0.00429330440238,
        "dvar": 8.57720897329e-06,
        "dvar2": 1.83765550901e-05,
        "max": 0.0427823103964,
        "mean": 0.00958893727511,
        "median": 0.00818933080882,
        "min": 0.000531198631506,
        "var": 3.64788756997e-05
    },
    "spectral_energyband_middle_low": {
        "dmean": 0.00550135411322,
        "dmean2": 0.00897533074021,
        "dvar": 3.57460303348e-05,
        "dvar2": 9.32327602641e-05,
        "max": 0.0620073676109,
        "mean": 0.0133751751855,
        "median": 0.0117705259472,
        "min": 0.000122716781334,
        "var": 6.5168387664e-05
    },
    "spectral_entropy": {
        "dmean": 0.113071538508,
        "dmean2": 0.167386561632,
        "dvar": 0.0103552537039,
        "dvar2": 0.0225214231759,
        "max": 8.45236301422,
        "mean": 7.84037780762,
        "median": 7.86327695847,
        "min": 7.14419317245,
        "var": 0.0384177863598
    },
    "spectral_flux": {
        "dmean": 0.0311546567827,
        "dmean2": 0.0500550493598,
        "dvar": 0.00115787028335,
        "dvar2": 0.00256317062303,
        "max": 0.334127813578,
        "mean": 0.115737386048,
        "median": 0.104684270918,
        "min": 0.0317194275558,
        "var": 0.00244466471486
    },
    "spectral_kurtosis": {
        "dmean": 0.881228804588,
        "dmean2": 1.44663167,
        "dvar": 0.776188611984,
        "dvar2": 1.95638751984,
        "max": 14.8895721436,
        "mean": 3.40212631226,
        "median": 3.24363279343,
        "min": 0.0497148036957,
        "var": 1.93347096443
    },
    "spectral_rms": {
        "dmean": 0.000921657658182,
        "dmean2": 0.00141111481935,
        "dvar": 1.17996466997e-06,
        "dvar2": 2.38514371631e-06,
        "max": 0.0117034269497,
        "mean": 0.00576930958778,
        "median": 0.00545895239338,
        "min": 0.00190162635408,
        "var": 2.69820998255e-06
    },
    "spectral_rolloff": {
        "dmean": 539.79699707,
        "dmean2": 868.684082031,
        "dvar": 408996.0625,
        "dvar2": 891819.3125,
        "max": 8290.28320312,
        "mean": 1884.71228027,
        "median": 1744.18945312,
        "min": 64.599609375,
        "var": 1022588.75
    },
    "spectral_skewness": {
        "dmean": 0.148256927729,
        "dmean2": 0.237502753735,
        "dvar": 0.0190572235733,
        "dvar2": 0.0406079925597,
        "max": 3.23512339592,
        "mean": 1.37908565998,
        "median": 1.3716647625,
        "min": 0.485341191292,
        "var": 0.0797511339188
    },
    "spectral_spread": {
        "dmean": 433637.90625,
        "dmean2": 628391.8125,
        "dvar": 166380486656,
        "dvar2": 341440233472,
        "max": 8779018,
        "mean": 4722095.5,
        "median": 4623772,
        "min": 2262469,
        "var": 718503149568
    },
    "spectral_strongpeak": {
        "dmean": 0.590106904507,
        "dmean2": 1.01514303684,
        "dvar": 0.80005800724,
        "dvar2": 2.08037352562,
        "max": 7.13815116882,
        "mean": 0.912440359592,
        "median": 0.515276908875,
        "min": 0.0413589738309,
        "var": 1.00432658195
    },
    "zerocrossingrate": {
        "dmean": 0.01087030489,
        "dmean2": 0.0126064307988,
        "dvar": 8.71837546583e-05,
        "dvar2": 0.000114856258733,
        "max": 0.21630859375,
        "mean": 0.0752236321568,
        "median": 0.072265625,
        "min": 0.01611328125,
        "var": 0.000583057466429
    },
    "barkbands": {
        "dmean": [0.000578526582103, 0.00503505626693, 0.00420979876071, 0.00164815899916, 0.00194389140233, 0.00154658022802, 0.00128701387439, 0.00131578254513, 0.00118673767429, 0.000639006553683, 0.000607539317571, 0.000649146095384, 0.00086351641221, 0.00092250254238, 0.000687832129188, 0.000415097223595, 0.000503962335642, 0.000263816735242, 0.000329557689838, 0.000242269277805, 0.00019847349904, 0.000156143898494, 8.36369872559e-05, 8.56221449794e-05, 6.40313301119e-05, 4.14673195337e-05, 3.294167783e-08],
        "dmean2": [0.000885367509909, 0.00703435996547, 0.00722354883328, 0.00296994112432, 0.00318291177973, 0.00253661139868, 0.00207632943057, 0.00212528230622, 0.00189065712038, 0.00103559228592, 0.00101879402064, 0.00106376281474, 0.00133432738949, 0.00146204861812, 0.00110711471643, 0.000690334127285, 0.00084543909179, 0.000423624791438, 0.000530290300958, 0.00037771591451, 0.000314395379974, 0.000249959033681, 0.000131001870614, 0.000133151828777, 9.65982326306e-05, 6.27414192422e-05, 5.97143383629e-08],
        "dvar": [1.02843216609e-06, 7.6960925071e-05, 7.94296647655e-05, 8.31329543871e-06, 9.25505082705e-06, 5.55902533961e-06, 7.48897082303e-06, 5.53566633243e-06, 3.56362079401e-06, 9.766263247e-07, 1.48273386458e-06, 1.30860473746e-06, 2.12316535908e-06, 2.23139818445e-06, 1.31131537273e-06, 2.57407833715e-07, 3.59737299505e-07, 9.73657066083e-08, 1.50268334664e-07, 7.92137271333e-08, 6.06012449111e-08, 5.66978251015e-08, 1.3123308662e-08, 1.14029328202e-08, 6.83746570473e-09, 3.96269150826e-09, 2.26896867045e-14],
        "dvar2": [2.44163925345e-06, 0.000149762941874, 0.000203986943234, 2.45735809585e-05, 2.26574975386e-05, 1.38597488331e-05, 1.99464502657e-05, 1.33819839903e-05, 8.43209545565e-06, 2.33366085922e-06, 3.88289117836e-06, 3.36815878654e-06, 4.4691810217e-06, 5.40555220141e-06, 3.16231762554e-06, 6.64462731947e-07, 9.53997528086e-07, 2.41315007088e-07, 3.98333725116e-07, 1.81275083833e-07, 1.46060656903e-07, 1.34407940777e-07, 3.09338616944e-08, 2.58118539875e-08, 1.47185073018e-08, 9.34284294374e-09, 5.88771246384e-14],
        "max": [0.00735124433413, 0.0877152830362, 0.067605137825, 0.0239646229893, 0.043835286051, 0.0248406138271, 0.0455645397305, 0.0288321860135, 0.0210097450763, 0.0151513814926, 0.0212127305567, 0.0173470508307, 0.0265017040074, 0.0187933910638, 0.0194346662611, 0.005057153292, 0.00786062236875, 0.00299112312496, 0.00503877690062, 0.00329035962932, 0.00408165575936, 0.00259258947335, 0.00136509281583, 0.00175827322528, 0.000971739995293, 0.000697621144354, 2.22406993089e-06],
        "mean": [0.000542944122571, 0.00685648387298, 0.00511344289407, 0.00242304406129, 0.00314970267937, 0.0023619888816, 0.00177604379132, 0.00168952404056, 0.00180956930853, 0.000973421498202, 0.00089764513541, 0.000944252475165, 0.00122576788999, 0.00136337871663, 0.00114242662676, 0.000763117684983, 0.000920366728678, 0.000478848407511, 0.000700652599335, 0.000499816553202, 0.000388291315176, 0.00028115027817, 0.000173058506334, 0.000200316280825, 0.000138741670526, 6.87152423779e-05, 2.19705871274e-08],
        "median": [9.53041235334e-05, 0.00154264993034, 0.00243215751834, 0.00119576463476, 0.00201617646962, 0.00121959496755, 0.000716294394806, 0.000479824841022, 0.000853435252793, 0.000562230590731, 0.000331497809384, 0.000414599693613, 0.000462626456283, 0.000537239131518, 0.000652214628644, 0.000567869399674, 0.000709279731382, 0.000359591067536, 0.00055446283659, 0.000383051548852, 0.000294156110613, 0.0001858145406, 0.000123709149193, 0.000161792515428, 9.99487165245e-05, 4.10391076002e-05, 7.71309571768e-10],
        "min": [1.50240708763e-07, 4.03904232371e-06, 1.88490389519e-06, 6.69059545544e-07, 7.30507144908e-06, 4.67894778922e-06, 1.13532651085e-05, 1.75036302608e-06, 2.51419169217e-06, 5.75277272219e-06, 3.4527306525e-06, 6.96545669143e-07, 2.01980560632e-06, 6.81135134073e-06, 1.9992955913e-06, 1.72973504959e-05, 3.59840196325e-05, 2.7556774512e-05, 1.6439038518e-05, 1.87215428014e-05, 1.67947946466e-05, 2.74644094134e-06, 7.35844082556e-07, 2.89813243626e-07, 1.46950782209e-07, 1.85469095637e-09, 9.14793674839e-12],
        "var": [1.12993086532e-06, 0.000136236150865, 6.81533492752e-05, 8.982806321e-06, 1.29899908643e-05, 9.64294576988e-06, 1.07834466689e-05, 1.01948635347e-05, 6.75710271025e-06, 1.69860993537e-06, 2.58000363829e-06, 2.03261743081e-06, 4.32403066952e-06, 4.05471973863e-06, 2.26581687457e-06, 4.59872694591e-07, 6.12732890204e-07, 1.72387416342e-07, 3.0758130265e-07, 1.68231707676e-07, 1.12739066083e-07, 9.62106483371e-08, 2.44187727816e-08, 2.86338117661e-08, 1.75385501677e-08, 6.34173291658e-09, 1.48267306771e-14]
    },
    "erbbands": {
        "dmean": [0.226502150297, 0.98587924242, 4.5344042778, 5.25428104401, 5.62311506271, 7.07955884933, 9.83834457397, 13.8761863708, 14.7294225693, 24.6132202148, 29.6792602539, 26.3643913269, 16.9161205292, 23.0897083282, 23.3926086426, 27.3943595886, 36.2957687378, 42.1341896057, 43.618927002, 26.2331695557, 24.8403205872, 24.4168395996, 14.4283952713, 12.9470767975, 17.5130577087, 12.0579624176, 9.26367664337, 6.32106494904, 5.62085390091, 3.99576687813, 2.49331331253, 1.8668885231, 1.50701546669, 0.925925135612, 0.370046406984, 0.203685417771, 0.0810903608799, 0.00817840732634, 0.000145970261656, 1.86556044355e-05],
        "dmean2": [0.33347338438, 1.56828093529, 7.7537317276, 9.3140630722, 9.71920585632, 11.6816482544, 16.0673160553, 22.6536254883, 24.0507774353, 39.9737739563, 46.8365783691, 42.3055000305, 25.8134384155, 37.1742858887, 38.3855934143, 44.5240745544, 55.0391654968, 64.9695053101, 69.3879776001, 43.4642333984, 40.8652458191, 40.531288147, 22.9825229645, 20.9981822968, 27.9818096161, 19.0100250244, 14.916926384, 9.89294338226, 8.98314380646, 6.4486989975, 3.92598962784, 2.97180342674, 2.34885334969, 1.40160477161, 0.576482355595, 0.309569805861, 0.125884354115, 0.0132204852998, 0.000231249447097, 2.81640277535e-05],
        "dvar": [0.209553435445, 3.4432759285, 90.5256958008, 96.4698867798, 79.8976821899, 140.167297363, 220.206802368, 509.895751953, 768.653747559, 3275.29833984, 3039.38085938, 2062.52807617, 1324.95629883, 1230.43481445, 2022.45495605, 2407.00927734, 4105.41503906, 4963.53613281, 3980.0078125, 3319.09594727, 918.754150391, 835.530944824, 265.900726318, 275.068206787, 389.17199707, 193.848907471, 125.773971558, 76.0157089233, 69.767868042, 37.178276062, 10.9791955948, 4.94135904312, 3.86182928085, 1.5477335453, 0.247587859631, 0.0865505933762, 0.0151717448607, 0.000197386965738, 5.77350895981e-08, 5.57660140288e-10],
        "dvar2": [0.465531647205, 7.59589958191, 229.008865356, 269.067016602, 214.93460083, 362.346862793, 560.482849121, 1264.77832031, 2017.67565918, 8705.11425781, 7167.70166016, 4944.75146484, 2989.50463867, 2902.53344727, 5498.05517578, 6289.29638672, 8980.93847656, 11685.4404297, 9990.79003906, 8895.63671875, 2292.16381836, 2203.02099609, 635.836975098, 697.693054199, 988.991455078, 446.24710083, 316.581787109, 177.887634277, 165.000869751, 92.2489776611, 26.3201313019, 11.1340923309, 8.62728786469, 3.47521615028, 0.551259696484, 0.191519260406, 0.0352548770607, 0.000488613382913, 1.41514959751e-07, 1.24997978634e-09],
        "max": [2.66538357735, 18.318277359, 66.0990905762, 79.003326416, 97.2378540039, 173.871109009, 152.126296997, 253.947845459, 356.792236328, 983.197265625, 806.977233887, 579.645263672, 601.728271484, 731.545532227, 578.38494873, 621.455627441, 1103.53552246, 1048.49816895, 725.554992676, 1088.84790039, 449.386077881, 300.302246094, 174.169692993, 197.258224487, 239.121917725, 189.77255249, 119.59349823, 164.043869019, 92.6351089478, 62.2342071533, 35.5476264954, 27.3647174835, 33.193271637, 18.6395969391, 5.09235477448, 4.44954395294, 1.204672575, 0.140609517694, 0.00261713424698, 0.000270301941782],
        "mean": [0.21626187861, 1.46649324894, 5.44443845749, 7.64679002762, 8.92991065979, 10.8654565811, 14.3861036301, 20.3142032623, 20.522901535, 33.6354637146, 41.1787147522, 40.4947509766, 27.7942199707, 39.6179962158, 37.8025779724, 42.3702163696, 55.4781684875, 68.0870285034, 72.3588638306, 45.1264305115, 48.540725708, 47.673160553, 29.5735416412, 27.6055603027, 37.399394989, 25.9781913757, 18.4630470276, 12.274064064, 10.1963815689, 6.87721586227, 5.17114543915, 4.23067569733, 3.33626866341, 1.99192595482, 0.717506587505, 0.349454581738, 0.1246515885, 0.010539569892, 0.000222335496801, 5.62793393328e-05],
        "median": [0.0298168305308, 0.400501936674, 2.44156861305, 4.58038663864, 4.7039899826, 6.87398767471, 7.68400382996, 10.1298704147, 10.5188331604, 10.7985811234, 15.1617126465, 18.6848182678, 14.43907547, 23.4762516022, 17.4912090302, 20.7121143341, 24.4570827484, 26.7817077637, 44.9943809509, 25.2780380249, 37.1344985962, 35.8470840454, 23.357170105, 21.6789894104, 28.4024467468, 20.6569004059, 14.3895950317, 8.58200550079, 6.82130813599, 4.27029895782, 3.84018921852, 3.33074212074, 2.63210773468, 1.38109600544, 0.508819997311, 0.21329562366, 0.0717796012759, 0.00564270373434, 0.000136279675644, 4.85127056891e-05],
        "min": [0.000273155077593, 0.00142838666216, 0.00372331868857, 0.0124187124893, 0.0215788856149, 0.0207208767533, 0.0416067503393, 0.0842124819756, 0.180283308029, 0.0677191913128, 0.0877232030034, 0.0892488285899, 0.202047392726, 0.200400844216, 0.155141070485, 0.0439261235297, 0.106221146882, 0.306837648153, 0.286171525717, 0.682071089745, 1.22305130959, 1.56535589695, 1.35103178024, 0.960770308971, 1.02817344666, 0.886546432972, 0.712933599949, 0.509073972702, 0.121102586389, 0.0444851741195, 0.0230892989784, 0.00775708071887, 0.00473289564252, 0.00211422867142, 0.000810069788713, 0.000267305935267, 6.3751329435e-05, 7.76294473326e-06, 6.28146335657e-06, 9.17335637496e-06],
        "var": [0.236273556948, 5.42564916611, 78.6078262329, 83.2646560669, 126.270195007, 187.102203369, 348.808258057, 859.309265137, 933.634399414, 5609.05810547, 5970.34375, 3729.01855469, 2158.09301758, 2640.67675781, 3295.55908203, 3861.43896484, 7844.58154297, 10041.6074219, 7068.38037109, 4482.71435547, 1703.15124512, 1558.64758301, 548.093444824, 474.367370605, 895.082336426, 415.891571045, 211.657501221, 151.566070557, 125.735778809, 54.7041473389, 20.7041759491, 12.2490816116, 9.49411296844, 4.13430356979, 0.47849163413, 0.16792589426, 0.0220071282238, 0.000219961060793, 6.8691925037e-08, 9.90954540647e-10]
    },
    "gfcc": {
        "mean": [59.8397483826, 71.2119750977, -125.043395996, 38.1360435486, -57.8212242126, 18.7615737915, -44.2336654663, 14.0296669006, -29.8036518097, 6.2266459465, -20.161655426, -2.48286008835, -13.6743927002],
        "cov": [[929.11529541, -149.489044189, 122.933784485, -30.4029903412, 24.6491413116, 56.4988822937, 0.931291699409, -12.1034011841, -17.2802143097, 37.2055473328, -50.4951400757, 29.2205638885, -96.3148040771], [-149.489044189, 419.949737549, -64.4588623047, -7.75328636169, 69.5284576416, 6.95270013809, 78.902885437, 2.99579358101, 58.6316108704, -10.8758430481, 72.8547286987, -39.3927459717, 38.4100379944], [122.933784485, -64.4588623047, 333.78036499, 158.579559326, 42.6501121521, 27.9290828705, 19.607881546, 37.0520248413, 10.5537939072, 14.1681528091, -31.49477005, 45.7578659058, -19.8552532196], [-30.4029903412, -7.75328636169, 158.579559326, 362.625335693, 72.7126998901, 24.6090507507, 50.6283416748, 37.084274292, 76.7430725098, -2.42638111115, 6.48417901993, 27.0863780975, 54.1721611023], [24.6491413116, 69.5284576416, 42.6501121521, 72.7126998901, 178.351715088, 65.9617233276, 44.3558540344, 9.50604534149, 13.7783432007, 5.37833786011, 2.77863574028, -1.23902022839, 5.23882913589], [56.4988822937, 6.95270013809, 27.9290828705, 24.6090507507, 65.9617233276, 150.245788574, 89.0486984253, 29.373588562, 18.8005752563, 6.33313798904, 16.8439617157, 5.2479300499, -3.50287032127], [0.931291699409, 78.902885437, 19.607881546, 50.6283416748, 44.3558540344, 89.0486984253, 167.981292725, 72.5470962524, 50.1458320618, 7.49653196335, 20.9173679352, 5.77874231339, -3.11839532852], [-12.1034011841, 2.99579358101, 37.0520248413, 37.084274292, 9.50604534149, 29.373588562, 72.5470962524, 93.8940200806, 54.7601089478, 10.717250824, 2.02255916595, 6.56029653549, 5.38244819641], [-17.2802143097, 58.6316108704, 10.5537939072, 76.7430725098, 13.7783432007, 18.8005752563, 50.1458320618, 54.7601089478, 114.857849121, 44.3319129944, 23.3570270538, 0.226505100727, 21.6665382385], [37.2055473328, -10.8758430481, 14.1681528091, -2.42638111115, 5.37833786011, 6.33313798904, 7.49653196335, 10.717250824, 44.3319129944, 78.9267272949, 33.435508728, 10.4129648209, -5.03684949875], [-50.4951400757, 72.8547286987, -31.49477005, 6.48417901993, 2.77863574028, 16.8439617157, 20.9173679352, 2.02255916595, 23.3570270538, 33.435508728, 85.4671554565, 23.5291175842, 19.1466846466], [29.2205638885, -39.3927459717, 45.7578659058, 27.0863780975, -1.23902022839, 5.2479300499, 5.77874231339, 6.56029653549, 0.226505100727, 10.4129648209, 23.5291175842, 69.9878845215, 23.7270088196], [-96.3148040771, 38.4100379944, -19.8552532196, 54.1721611023, 5.23882913589, -3.50287032127, -3.11839532852, 5.38244819641, 21.6665382385, -5.03684949875, 19.1466846466, 23.7270088196, 79.0651092529]],
        "icov": [[0.00148593529593, -0.000148250459461, 2.58289546764e-05, -0.000101467499917, 3.5674587707e-05, -0.000848169671372, 0.000364503997844, 0.000389187887777, -0.000178850139491, -0.000934430514462, 0.00152642233297, -0.00175301975105, 0.00205200305209], [-0.000148250459461, 0.00808076560497, -0.00336347916164, 0.00436105113477, -0.00408520177007, 0.00526199862361, -0.00641641207039, 0.00640650093555, -0.00756787694991, 0.00872218236327, -0.0105345770717, 0.00873925257474, -0.00556631619111], [2.58289546764e-05, -0.00336347916164, 0.00741992937401, -0.00498332222924, 0.00147358304821, -0.00321186613292, 0.00400700001046, -0.00540635501966, 0.00528111634776, -0.00618558796123, 0.00758369173855, -0.00805326737463, 0.00596828665584], [-0.000101467499917, 0.00436105113477, -0.00498332222924, 0.00808485969901, -0.00359795289114, 0.00385137787089, -0.00469845766202, 0.00560298981145, -0.00850967876613, 0.0079063186422, -0.00667891651392, 0.00538721634075, -0.00635444791988], [3.5674587707e-05, -0.00408520177007, 0.00147358304821, -0.00359795289114, 0.00949242338538, -0.00558353308588, 0.00256042182446, -0.00237174099311, 0.00475665554404, -0.00567748770118, 0.0058541581966, -0.00314145674929, 0.00210929126479], [-0.000848169671372, 0.00526199862361, -0.00321186613292, 0.00385137787089, -0.00558353308588, 0.0150912599638, -0.0100857801735, 0.00510382466018, -0.00468722870573, 0.0064563867636, -0.008913599886, 0.00676769204438, -0.00491820834577], [0.000364503997844, -0.00641641207039, 0.00400700001046, -0.00469845766202, 0.00256042182446, -0.0100857801735, 0.0188178531826, -0.0133203426376, 0.00469050882384, -0.00492020696402, 0.00620253523812, -0.00821092631668, 0.0081823123619], [0.000389187887777, 0.00640650093555, -0.00540635501966, 0.00560298981145, -0.00237174099311, 0.00510382466018, -0.0133203426376, 0.0276013836265, -0.015894535929, 0.00939774885774, -0.00558035029098, 0.00515485089272, -0.00509715732187], [-0.000178850139491, -0.00756787694991, 0.00528111634776, -0.00850967876613, 0.00475665554404, -0.00468722870573, 0.00469050882384, -0.015894535929, 0.0292745679617, -0.02047508955, 0.00971326045692, -0.00335282413289, 0.000686898361892], [-0.000934430514462, 0.00872218236327, -0.00618558796123, 0.0079063186422, -0.00567748770118, 0.0064563867636, -0.00492020696402, 0.00939774885774, -0.02047508955, 0.0335984528065, -0.0201771687716, 0.00783122610301, -0.00223025586456], [0.00152642233297, -0.0105345770717, 0.00758369173855, -0.00667891651392, 0.0058541581966, -0.008913599886, 0.00620253523812, -0.00558035029098, 0.00971326045692, -0.0201771687716, 0.0339878983796, -0.0189177580178, 0.006798801478], [-0.00175301975105, 0.00873925257474, -0.00805326737463, 0.00538721634075, -0.00314145674929, 0.00676769204438, -0.00821092631668, 0.00515485089272, -0.00335282413289, 0.00783122610301, -0.0189177580178, 0.0334864407778, -0.0163115207106], [0.00205200305209, -0.00556631619111, 0.00596828665584, -0.00635444791988, 0.00210929126479, -0.00491820834577, 0.0081823123619, -0.00509715732187, 0.000686898361892, -0.00223025586456, 0.006798801478, -0.0163115207106, 0.0269345417619]]
    },
    "melbands": {
        "dmean": [0.0016109860735, 0.0019945318345, 0.000896854384337, 0.000440231553512, 0.000330083392328, 0.000300736253848, 0.000237910848227, 0.000265677226707, 0.000251890160143, 0.000162491181982, 8.62525703269e-05, 9.80059849098e-05, 8.84052424226e-05, 7.17527218512e-05, 7.35511348466e-05, 9.02674655663e-05, 8.2352948084e-05, 7.99305853434e-05, 4.43169083155e-05, 2.76790851785e-05, 3.35310433002e-05, 2.87994953396e-05, 2.19908306462e-05, 1.23215068015e-05, 1.10752207547e-05, 1.6364543626e-05, 9.58322016231e-06, 8.2532169472e-06, 6.73477188684e-06, 5.43852138435e-06, 3.40133237842e-06, 3.49409310729e-06, 3.16100999953e-06, 1.87827561149e-06, 1.55126099344e-06, 1.27610542222e-06, 1.23508300476e-06, 1.18663172088e-06, 9.79673245638e-07, 7.85051952334e-07],
        "dmean2": [0.00226480443962, 0.00334572186694, 0.00156373926438, 0.000732365238946, 0.00054002815159, 0.000492978317197, 0.000386988016544, 0.000432967179222, 0.00039576223935, 0.000259799155174, 0.000131287190015, 0.00015794041974, 0.000146073260112, 0.000116664690722, 0.000120089142001, 0.000135833324748, 0.000128383529955, 0.000128646512167, 7.06632126821e-05, 4.68467733299e-05, 5.54975049454e-05, 4.81511888211e-05, 3.65815358236e-05, 2.03515646717e-05, 1.80631413969e-05, 2.66664483206e-05, 1.47659920913e-05, 1.33451385409e-05, 1.10738074e-05, 8.78176433616e-06, 5.42138423043e-06, 5.66575363337e-06, 5.17744956596e-06, 3.05128696709e-06, 2.47466846304e-06, 2.05813898901e-06, 1.96776090888e-06, 1.89462286926e-06, 1.51078586441e-06, 1.2049729321e-06],
        "dvar": [8.66322534421e-06, 1.56184505613e-05, 2.45445789915e-06, 4.70308293643e-07, 2.38770752503e-07, 2.24871371302e-07, 1.96961167376e-07, 3.16509414233e-07, 2.06677086112e-07, 7.94063907961e-08, 3.35435998977e-08, 2.24838583307e-08, 3.13396348872e-08, 1.64538249692e-08, 1.409675221e-08, 2.5787000979e-08, 2.09467501122e-08, 1.53402073266e-08, 7.87493359411e-09, 2.59851518081e-09, 1.83061676928e-09, 1.32851574186e-09, 5.93638971313e-10, 2.29698080001e-10, 2.15382017776e-10, 4.02085365003e-10, 1.51162540818e-10, 9.65689403443e-11, 6.64107657755e-11, 6.07101105499e-11, 2.28839724947e-11, 2.80059864188e-11, 2.73165396553e-11, 7.39429611291e-12, 4.16469246242e-12, 2.46591787788e-12, 2.22313508748e-12, 2.37247179367e-12, 1.79478133744e-12, 1.12749425681e-12],
        "dvar2": [1.81598406925e-05, 3.87256368413e-05, 6.83948928781e-06, 1.16002036066e-06, 6.22934692274e-07, 5.57696637316e-07, 5.15136434842e-07, 8.28748966342e-07, 4.84507836518e-07, 1.90435670788e-07, 7.61516858461e-08, 5.30645181129e-08, 8.45643555181e-08, 4.12225169555e-08, 3.37636372194e-08, 5.31580042207e-08, 5.1356437325e-08, 3.84802696374e-08, 1.86941129243e-08, 7.11732139891e-09, 4.54807880246e-09, 3.44582673506e-09, 1.54696011556e-09, 5.59685409129e-10, 5.51879431043e-10, 1.11513664969e-09, 3.28895105595e-10, 2.35901909118e-10, 1.77330511386e-10, 1.42720918417e-10, 5.45966327703e-11, 6.76051645221e-11, 6.82279927e-11, 1.80332779959e-11, 1.0184708979e-11, 5.911373821e-12, 5.09920621353e-12, 5.51801703289e-12, 4.07368973623e-12, 2.57484701963e-12],
        "max": [0.0242827013135, 0.0274174194783, 0.0123754236847, 0.00969188474119, 0.00448461109772, 0.00501665333286, 0.00533244246617, 0.00875560753047, 0.00650127558038, 0.00351235549897, 0.00290941307321, 0.00307244271971, 0.00288996705785, 0.00216997810639, 0.000975277856924, 0.00339430849999, 0.00228971336037, 0.00143873575144, 0.00154135923367, 0.000772284925915, 0.000711851171218, 0.000387898267945, 0.000291702745017, 0.000189614889678, 0.000182835603482, 0.000266457209364, 0.000198590103537, 0.000114635164209, 0.000100101788121, 0.000107848754851, 9.21424580156e-05, 7.17850416549e-05, 5.52755482204e-05, 2.93792691082e-05, 2.16260123125e-05, 1.59915307449e-05, 2.09350491787e-05, 2.30278383242e-05, 2.48753876804e-05, 1.2162904568e-05],
        "mean": [0.00186104909517, 0.00259503372945, 0.00138636236079, 0.00070784019772, 0.000506611657329, 0.000447946746135, 0.000331913266564, 0.000356732751243, 0.000341716018738, 0.000247746822424, 0.000134587229695, 0.000159716437338, 0.000132184199174, 0.000107551386463, 0.000107142965135, 0.000132289787871, 0.000122502708109, 0.000121166871395, 7.36974470783e-05, 4.57106471003e-05, 6.03854678047e-05, 5.01394861203e-05, 3.91551366192e-05, 2.14520041482e-05, 2.07669618248e-05, 3.18865204463e-05, 1.96863256861e-05, 1.60930921993e-05, 1.24069410958e-05, 8.95434186532e-06, 6.33920035398e-06, 6.01960618951e-06, 5.02265493196e-06, 3.17472427014e-06, 2.97179053632e-06, 2.64547225015e-06, 2.55274858318e-06, 2.36941082221e-06, 2.08809319702e-06, 1.5463994032e-06],
        "median": [0.000380237470381, 0.00129322567955, 0.000899879727513, 0.00043715495849, 0.000290121068247, 0.000232847232837, 0.000159760820679, 0.000108707361505, 0.000127654537209, 0.000112048939627, 6.71470552334e-05, 8.95739503903e-05, 5.0751688832e-05, 4.47924867331e-05, 5.05107418576e-05, 4.84076372231e-05, 4.3758067477e-05, 6.44718456897e-05, 3.95998904423e-05, 2.84354027826e-05, 4.46020385425e-05, 3.47507011611e-05, 2.98258619296e-05, 1.53520632011e-05, 1.53905511979e-05, 2.42265105044e-05, 1.43727356772e-05, 1.21431367006e-05, 9.51231322688e-06, 6.02555019213e-06, 4.34305911767e-06, 3.95281767851e-06, 3.01056275021e-06, 1.97851704797e-06, 2.1146902327e-06, 2.01575949177e-06, 1.94952326638e-06, 1.79922960797e-06, 1.52590007474e-06, 1.0409769402e-06],
        "min": [9.65995695879e-07, 4.60183355244e-06, 4.30311411037e-06, 2.03178592528e-06, 1.07645325897e-06, 1.31117963065e-06, 2.82916244032e-06, 4.14147308447e-07, 8.26719826819e-07, 4.46307325319e-07, 9.69754864855e-07, 8.1615326053e-07, 4.34492733348e-07, 1.39180812653e-07, 1.70062165239e-07, 2.14133081045e-07, 6.1982615307e-07, 3.72358641698e-07, 3.64117397567e-07, 7.65314894124e-07, 1.50847949953e-06, 1.17700074043e-06, 1.35425830194e-06, 1.06333561689e-06, 6.79381514601e-07, 8.36003152926e-07, 5.42837994999e-07, 4.35970122226e-07, 3.69350487972e-07, 3.28347510958e-07, 1.57327065153e-07, 6.49687947885e-08, 4.2666496114e-08, 1.58220370139e-08, 1.52965213829e-08, 7.77817632525e-09, 3.28525229243e-09, 3.23779936195e-09, 2.61013943792e-09, 1.51644030666e-09],
