{
"highlevel": {
    "danceability": {
        "all": {
            "danceable": 0.998564898968,
            "not_danceable": 0.0014351188438
        },
        "probability": 0.998564898968,
        "value": "danceable"
    },
    "gender": {
        "all": {
            "female": 0.734284162521,
            "male": 0.265715807676
        },
        "probability": 0.734284162521,
        "value": "female"
    },
    "genre_dortmund": {
        "all": {
            "alternative": 0.171047285199,
            "blues": 0.0271672252566,
            "electronic": 0.224422588944,
            "folkcountry": 0.0357560329139,
            "funksoulrnb": 0.0421623066068,
            "jazz": 0.06434071064,
            "pop": 0.139755621552,
            "raphiphop": 0.10143353045,
            "rock": 0.193914681673
        },
        "probability": 0.224422588944,
        "value": "electronic"
    },
    "genre_electronic": {
        "all": {
            "ambient": 0.20829744637,
            "dnb": 0.102051235735,
            "house": 0.0587275512516,
            "techno": 0.0155034791678,
            "trance": 0.615420281887
        },
        "probability": 0.615420281887,
        "value": "trance"
    },
    "genre_rosamerica": {
        "all": {
            "cla": 0.00313810096122,
            "dan": 0.533291518688,
            "hip": 0.0112843913957,
            "jaz": 0.00320236734115,
            "pop": 0.249372124672,
            "rhy": 0.0117691755295,
            "roc": 0.185877844691,
            "spe": 0.0020645072218
        },
        "probability": 0.533291518688,
        "value": "dan"
    },
    "genre_tzanetakis": {
        "all": {
            "blu": 0.0626613423228,
            "cla": 0.0348169617355,
            "cou": 0.104475811124,
            "dis": 0.0784321576357,
            "hip": 0.15692435205,
            "jaz": 0.313974827528,
            "met": 0.0448166541755,
            "pop": 0.0627359300852,
            "reg": 0.0627360641956,
            "roc": 0.0784258767962
        },
        "probability": 0.313974827528,
        "value": "jaz"
    },
    "ismir04_rhythm": {
        "all": {
            "ChaChaCha": 0.162848740816,
            "Jive": 0.15463039279,
            "Quickstep": 0.013104765676,
            "Rumba-American": 0.0101218484342,
            "Rumba-International": 0.0411841645837,
            "Rumba-Misc": 0.00960758328438,
            "Samba": 0.585136413574,
            "Tango": 0.0024995978456,
            "VienneseWaltz": 0.0180833488703,
            "Waltz": 0.00278315111063
        },
        "probability": 0.585136413574,
        "value": "Samba"
    },
    "mood_acoustic": {
        "all": {
            "acoustic": 0.00658164313063,
            "not_acoustic": 0.993418335915
        },
        "probability": 0.993418335915,
        "value": "not_acoustic"
    },
    "mood_aggressive": {
        "all": {
            "aggressive": 0.772628068924,
            "not_aggressive": 0.227371916175
        },
        "probability": 0.772628068924,
        "value": "aggressive"
    },
    "mood_electronic": {
        "all": {
            "electronic": 0.905271708965,
            "not_electronic": 0.0947282984853
        },
        "probability": 0.905271708965,
        "value": "electronic"
    },
    "mood_happy": {
        "all": {
            "happy": 0.714611053467,
            "not_happy": 0.285388916731
        },
        "probability": 0.714611053467,
        "value": "happy"
    },
    "mood_party": {
        "all": {
            "not_party": 0.200970798731,
            "party": 0.799029171467
        },
        "probability": 0.799029171467,
        "value": "party"
    },
    "mood_relaxed": {
        "all": {
            "not_relaxed": 0.644540727139,
            "relaxed": 0.355459302664
        },
        "probability": 0.644540727139,
        "value": "not_relaxed"
    },
    "mood_sad": {
        "all": {
            "not_sad": 0.792507588863,
            "sad": 0.207492426038
        },
        "probability": 0.792507588863,
        "value": "not_sad"
    },
    "moods_mirex": {
        "all": {
            "Cluster1": 0.353707462549,
            "Cluster2": 0.110654085875,
            "Cluster3": 0.07112326473,
            "Cluster4": 0.260219663382,
            "Cluster5": 0.204295530915
        },
        "probability": 0.353707462549,
        "value": "Cluster1"
    },
    "timbre": {
        "all": {
            "bright": 0.762787461281,
            "dark": 0.237212538719
        },
        "probability": 0.762787461281,
        "value": "bright"
    },
    "tonal_atonal": {
        "all": {
            "atonal": 0.178125962615,
            "tonal": 0.821874022484
        },
        "probability": 0.821874022484,
        "value": "tonal"
    },
    "voice_instrumental": {
        "all": {
            "instrumental": 0.0117094712332,
            "voice": 0.988290548325
        },
        "probability": 0.988290548325,
        "value": "voice"
    }
},
"lowlevel": {
    "average_loudness": 0.980187177658,
    "barkbands_crest": {
        "dmean": 2.8184440136,
        "dmean2": 4.0993309021,
        "dvar": 8.85936069489,
        "dvar2": 17.5606899261,
        "max": 24.4454421997,
        "mean": 11.7609491348,
        "median": 11.5061063766,
        "min": 2.01789307594,
        "var": 22.8728713989
    },
    "barkbands_flatness_db": {
        "dmean": 0.0213409308344,
        "dmean2": 0.030951378867,
        "dvar": 0.000421797798481,
        "dvar2": 0.00089492322877,
        "max": 0.2497484833,
        "mean": 0.130624935031,
        "median": 0.130461737514,
        "min": 0.0383760072291,
        "var": 0.00117881211918
    },
    "barkbands_kurtosis": {
        "dmean": 1.95125091076,
        "dmean2": 3.03682923317,
        "dvar": 9.36099052429,
        "dvar2": 20.4092597961,
        "max": 44.8857536316,
        "mean": 2.22643780708,
        "median": 1.11575508118,
        "min": -1.66413986683,
        "var": 15.6284017563
    },
    "barkbands_skewness": {
        "dmean": 0.502932786942,
        "dmean2": 0.748687982559,
        "dvar": 0.288299292326,
        "dvar2": 0.60311627388,
        "max": 6.24155664444,
        "mean": 1.39242863655,
        "median": 1.26567649841,
        "min": -0.838067412376,
        "var": 0.713340461254
    },
    "barkbands_spread": {
        "dmean": 5.48028659821,
        "dmean2": 8.22732830048,
        "dvar": 28.5556697845,
        "dvar2": 57.7263565063,
        "max": 73.0292053223,
        "mean": 25.9647464752,
        "median": 24.7378787994,
        "min": 5.22618150711,
        "var": 110.351570129
    },
    "dissonance": {
        "dmean": 0.0156683493406,
        "dmean2": 0.0262456554919,
        "dvar": 0.000198423032998,
        "dvar2": 0.000527864438482,
        "max": 0.499752223492,
        "mean": 0.471940249205,
        "median": 0.475630223751,
        "min": 0.373524725437,
        "var": 0.000350928719854
    },
    "dynamic_complexity": 1.52429974079,
    "erbbands_crest": {
        "dmean": 2.46737217903,
        "dmean2": 4.0803399086,
        "dvar": 4.96692371368,
        "dvar2": 12.5768404007,
        "max": 21.9842166901,
        "mean": 7.83114385605,
        "median": 7.021276474,
        "min": 2.75326633453,
        "var": 10.813205719
    },
    "erbbands_flatness_db": {
        "dmean": 0.0164175275713,
        "dmean2": 0.0242067612708,
        "dvar": 0.000211563878111,
        "dvar2": 0.000417490198743,
        "max": 0.235846623778,
        "mean": 0.138232022524,
        "median": 0.136325448751,
        "min": 0.0740379542112,
        "var": 0.000864721310791
    },
    "erbbands_kurtosis": {
        "dmean": 0.739112138748,
        "dmean2": 1.1667432785,
        "dvar": 0.613834679127,
        "dvar2": 1.55937993526,
        "max": 10.4692459106,
        "mean": 0.571656942368,
        "median": 0.296468257904,
        "min": -1.53129184246,
        "var": 1.70340657234
    },
    "erbbands_skewness": {
        "dmean": 0.312893748283,
        "dmean2": 0.48854392767,
        "dvar": 0.0666368529201,
        "dvar2": 0.172101959586,
        "max": 2.66772246361,
        "mean": 0.348922431469,
        "median": 0.333064198494,
        "min": -1.13384532928,
        "var": 0.209875896573
    },
    "erbbands_spread": {
        "dmean": 6.98396396637,
        "dmean2": 10.7974405289,
        "dvar": 41.6200828552,
        "dvar2": 101.427818298,
        "max": 96.4598236084,
        "mean": 34.0704345703,
        "median": 32.183719635,
        "min": 8.69972419739,
        "var": 188.493713379
    },
    "hfc": {
        "dmean": 10.8265113831,
        "dmean2": 15.6183328629,
        "dvar": 151.150909424,
        "dvar2": 309.439727783,
        "max": 120.124130249,
        "mean": 33.3102531433,
        "median": 30.6167793274,
        "min": 2.22902536392,
        "var": 381.530822754
    },
    "melbands_crest": {
        "dmean": 3.7382068634,
        "dmean2": 5.09720230103,
        "dvar": 12.342839241,
        "dvar2": 24.6086463928,
        "max": 34.1732292175,
        "mean": 19.1285648346,
        "median": 19.6662483215,
        "min": 3.37589764595,
        "var": 47.2944259644
    },
    "melbands_flatness_db": {
        "dmean": 0.0277099404484,
        "dmean2": 0.0387018024921,
        "dvar": 0.000795614148956,
        "dvar2": 0.00158334162552,
        "max": 0.334525436163,
        "mean": 0.181984841824,
        "median": 0.182155191898,
        "min": 0.0268156435341,
        "var": 0.00242245895788
    },
    "melbands_kurtosis": {
        "dmean": 5.67987155914,
        "dmean2": 8.69105529785,
        "dvar": 84.1445159912,
        "dvar2": 190.672485352,
        "max": 117.278755188,
        "mean": 9.3107213974,
        "median": 5.64820861816,
        "min": -1.15266609192,
        "var": 135.830932617
    },
    "melbands_skewness": {
        "dmean": 0.754312634468,
        "dmean2": 1.11117589474,
        "dvar": 0.678138494492,
        "dvar2": 1.49127590656,
        "max": 8.90898799896,
        "mean": 2.42763543129,
        "median": 2.1605386734,
        "min": -0.315292805433,
        "var": 1.69481027126
    },
    "melbands_spread": {
        "dmean": 7.00773620605,
        "dmean2": 10.4463787079,
        "dvar": 55.4167060852,
        "dvar2": 111.743110657,
        "max": 95.9484863281,
        "mean": 24.927192688,
        "median": 23.3153171539,
        "min": 2.72780418396,
        "var": 143.74911499
    },
    "pitch_salience": {
        "dmean": 0.0803600549698,
        "dmean2": 0.118772275746,
        "dvar": 0.00661844015121,
        "dvar2": 0.0135062700137,
        "max": 0.845815598965,
        "mean": 0.464318275452,
        "median": 0.462447345257,
        "min": 0.140305459499,
        "var": 0.0165357086807
    },
    "silence_rate_20dB": {
        "dmean": 0,
        "dmean2": 0,
        "dvar": 0,
        "dvar2": 0,
        "max": 1,
        "mean": 1,
        "median": 1,
        "min": 1,
        "var": 0
    },
    "silence_rate_30dB": {
        "dmean": 0.0820433422923,
        "dmean2": 0.16421379149,
        "dvar": 0.0753121599555,
        "dvar2": 0.160484999418,
        "max": 1,
        "mean": 0.921887099743,
        "median": 1,
        "min": 0,
        "var": 0.0720123201609
    },
    "silence_rate_60dB": {
        "dmean": 0,
        "dmean2": 0,
        "dvar": 0,
        "dvar2": 0,
        "max": 0,
        "mean": 0,
        "median": 0,
        "min": 0,
        "var": 0
    },
    "spectral_centroid": {
        "dmean": 234.830566406,
        "dmean2": 365.083618164,
        "dvar": 51756.1835938,
        "dvar2": 117009.734375,
        "max": 3211.37231445,
        "mean": 1487.04919434,
        "median": 1444.1529541,
        "min": 486.972137451,
        "var": 186374.875
    },
    "spectral_complexity": {
        "dmean": 4.79489183426,
        "dmean2": 7.09527492523,
        "dvar": 26.4726600647,
        "dvar2": 47.7081756592,
        "max": 63,
        "mean": 27.8306255341,
        "median": 27,
        "min": 11,
        "var": 78.3757858276
    },
    "spectral_decrease": {
        "dmean": 4.23277368711e-09,
        "dmean2": 5.40033395779e-09,
        "dvar": 2.93212465355e-17,
        "dvar2": 5.54601902881e-17,
        "max": -7.36638139376e-10,
        "mean": -1.32565709521e-08,
        "median": -1.16021379171e-08,
        "min": -5.27016617013e-08,
        "var": 6.77122637898e-17
    },
    "spectral_energy": {
        "dmean": 0.0165041796863,
        "dmean2": 0.0209695007652,
        "dvar": 0.000423552875873,
        "dvar2": 0.000794512161519,
        "max": 0.201599836349,
        "mean": 0.0530546605587,
        "median": 0.0469441190362,
        "min": 0.00302425329573,
        "var": 0.0010142379906
    },
    "spectral_energyband_high": {
        "dmean": 0.000662905687932,
        "dmean2": 0.000915207026992,
        "dvar": 8.83489462922e-07,
        "dvar2": 1.68614292306e-06,
        "max": 0.00966865662485,
        "mean": 0.00142945593689,
        "median": 0.000829641881865,
        "min": 1.02953281385e-05,
        "var": 2.49545541919e-06
    },
    "spectral_energyband_low": {
        "dmean": 0.0137385316193,
        "dmean2": 0.0182158034295,
        "dvar": 0.000483470299514,
        "dvar2": 0.00100579310674,
        "max": 0.189090624452,
        "mean": 0.0298692453653,
        "median": 0.0228818655014,
        "min": 7.10554086254e-05,
        "var": 0.000844429654535
    },
    "spectral_energyband_middle_high": {
        "dmean": 0.00393890449777,
        "dmean2": 0.00631177984178,
        "dvar": 1.8676282707e-05,
        "dvar2": 4.59101356682e-05,
        "max": 0.0390207692981,
        "mean": 0.0101211126894,
        "median": 0.00881394185126,
        "min": 0.000944482453633,
        "var": 4.51253217761e-05
    },
    "spectral_energyband_middle_low": {
        "dmean": 0.00506257917732,
        "dmean2": 0.0079288110137,
        "dvar": 3.7199792132e-05,
        "dvar2": 9.49464447331e-05,
        "max": 0.0696247816086,
        "mean": 0.0122601632029,
        "median": 0.00990869197994,
        "min": 0.0011913490016,
        "var": 7.41955882404e-05
    },
    "spectral_entropy": {
        "dmean": 0.126365080476,
        "dmean2": 0.17664244771,
        "dvar": 0.0150950402021,
        "dvar2": 0.0299411509186,
        "max": 8.54811000824,
        "mean": 7.82084655762,
        "median": 7.79849910736,
        "min": 6.96474170685,
        "var": 0.0640662014484
    },
    "spectral_flux": {
        "dmean": 0.0367806069553,
        "dmean2": 0.0522436127067,
        "dvar": 0.00195235677529,
        "dvar2": 0.00352043891326,
        "max": 0.402760714293,
        "mean": 0.109953120351,
        "median": 0.0918944701552,
        "min": 0.02616202645,
        "var": 0.00404171319678
    },
    "spectral_kurtosis": {
        "dmean": 1.00390076637,
        "dmean2": 1.6227401495,
        "dvar": 1.12486422062,
        "dvar2": 3.09168386459,
        "max": 16.8640861511,
        "mean": 3.45150876045,
        "median": 3.34311723709,
        "min": -0.612260818481,
        "var": 2.66201257706
    },
    "spectral_rms": {
        "dmean": 0.00107477954589,
        "dmean2": 0.00131188216619,
        "dvar": 1.33249045575e-06,
        "dvar2": 2.24477662414e-06,
        "max": 0.0140243638307,
        "mean": 0.00688718818128,
        "median": 0.00676750624552,
        "min": 0.00171769934241,
        "var": 4.32733440903e-06
    },
    "spectral_rolloff": {
        "dmean": 485.014068604,
        "dmean2": 742.686828613,
        "dvar": 497836,
        "dvar2": 945186.1875,
        "max": 8720.94726562,
        "mean": 1337.0234375,
        "median": 1119.7265625,
        "min": 64.599609375,
        "var": 1152365.25
    },
    "spectral_skewness": {
        "dmean": 0.163770988584,
        "dmean2": 0.259587794542,
        "dvar": 0.0222263485193,
        "dvar2": 0.0551963485777,
        "max": 2.77932667732,
        "mean": 1.50214076042,
        "median": 1.51790583134,
        "min": 0.520101249218,
        "var": 0.0850084275007
    },
    "spectral_spread": {
        "dmean": 567364.4375,
        "dmean2": 779503.375,
        "dvar": 364412469248,
        "dvar2": 641667629056,
        "max": 13420543,
        "mean": 4930448.5,
        "median": 4772785,
        "min": 2353083.5,
        "var": 1.58097932288e+12
    },
    "spectral_strongpeak": {
        "dmean": 0.36121019721,
        "dmean2": 0.609634280205,
        "dvar": 0.497381865978,
        "dvar2": 1.29943454266,
        "max": 6.55858182907,
        "mean": 0.676172018051,
        "median": 0.455607831478,
        "min": 0.0508607327938,
        "var": 0.56807333231
    },
    "zerocrossingrate": {
        "dmean": 0.0110743846744,
        "dmean2": 0.0127244349569,
        "dvar": 0.000125008431496,
        "dvar2": 0.000150098625454,
        "max": 0.2451171875,
        "mean": 0.0567712858319,
        "median": 0.05078125,
        "min": 0.00732421875,
        "var": 0.000809177348856
    },
    "barkbands": {
        "dmean": [0.000655755517073, 0.0116892699152, 0.00350624183193, 0.00102832645644, 0.00100965669844, 0.000969797722064, 0.00168932799716, 0.00116555264685, 0.00141732068732, 0.000941601698287, 0.00123060354963, 0.00106953899376, 0.000911284645554, 0.000707508355845, 0.000598657352384, 0.000335770018864, 0.000355419702828, 0.000242550813709, 0.000241494912189, 0.000159028670168, 0.000155491376063, 0.000169414488482, 0.00012474952382, 0.000117486219096, 0.000104737620859, 4.53456887044e-05, 2.96340889605e-08],
        "dmean2": [0.000847958377562, 0.015743130818, 0.00610769400373, 0.00188555393834, 0.00171531608794, 0.00149431300815, 0.00254556210712, 0.00180748302955, 0.00222263438627, 0.00152500753757, 0.0020455988124, 0.00172877509613, 0.00151313177776, 0.00116774823982, 0.000987990410067, 0.000549615069758, 0.000589014787693, 0.00040652952157, 0.000399274606025, 0.00025375711266, 0.000235331026488, 0.000249166128924, 0.000179236652912, 0.000171001607669, 0.000148152947077, 7.05649654265e-05, 5.08075395089e-08],
        "dvar": [9.99149051495e-07, 0.000448611128377, 6.64057952235e-05, 8.5897054305e-06, 2.44632769864e-06, 1.59800288202e-06, 8.43678571982e-06, 4.18736817664e-06, 5.7980469137e-06, 2.13897101276e-06, 3.74667570213e-06, 2.21307550419e-06, 1.52785378305e-06, 1.05508445358e-06, 8.36235585666e-07, 2.30306895332e-07, 2.78434811207e-07, 1.47298067077e-07, 1.22696192761e-07, 5.33383541779e-08, 5.63807311948e-08, 1.07665563576e-07, 3.24174322941e-08, 3.50249607095e-08, 2.43327260563e-08, 6.30015284386e-09, 9.65039544587e-15],
        "dvar2": [1.77523463663e-06, 0.000941908801906, 0.000184963617357, 2.44654002017e-05, 6.91722561896e-06, 3.93903837903e-06, 2.05118867598e-05, 1.05282661025e-05, 1.32911891342e-05, 4.99316138303e-06, 1.01202549558e-05, 5.42832958672e-06, 3.96528457713e-06, 2.63647871179e-06, 2.30475529861e-06, 5.39262089205e-07, 7.51388483877e-07, 3.74333950504e-07, 3.15945356988e-07, 1.27541966322e-07, 1.22280326309e-07, 2.43150793722e-07, 6.69556214916e-08, 7.35040401878e-08, 5.22985246221e-08, 1.51767771683e-08, 2.32262702181e-14],
        "max": [0.0108309080824, 0.179451882839, 0.0634529590607, 0.0225532911718, 0.0240046475083, 0.0137469563633, 0.0344512686133, 0.0309800542891, 0.0484394952655, 0.0244904514402, 0.0204410683364, 0.0177732016891, 0.0142249651253, 0.0119290594012, 0.0110431667417, 0.00712025305256, 0.00718248961493, 0.00474104238674, 0.0043055866845, 0.00285455747508, 0.00311838346533, 0.00451878691092, 0.00243775872514, 0.00377602013759, 0.00246986118145, 0.00126230809838, 1.24422422232e-06],
        "mean": [0.00148503249511, 0.0233727395535, 0.00456993002445, 0.00088972930098, 0.00187171786092, 0.00201242603362, 0.00286220223643, 0.00186971796211, 0.00228582136333, 0.00146917626262, 0.00170993118081, 0.00168794800993, 0.00138015730772, 0.00106121599674, 0.00100890162867, 0.000534323218744, 0.000581897736993, 0.000401319033699, 0.000427996477811, 0.000279852305539, 0.000291083328193, 0.00028459483292, 0.000222125352593, 0.000260653556325, 0.000176349814865, 5.78659382882e-05, 2.18566551524e-08],
        "median": [0.000760940776672, 0.0161674898118, 0.00096830149414, 0.000229316647165, 0.00116825534496, 0.00141871161759, 0.00136523472611, 0.000933768751565, 0.00113452726509, 0.000867812894285, 0.000753918488044, 0.000985151389614, 0.000802015012596, 0.000659908168018, 0.000592444906943, 0.000315922457958, 0.000319260667311, 0.000255406834185, 0.000312071642838, 0.000166983576491, 0.000182844523806, 0.000141055192216, 9.86414961517e-05, 0.000155524874572, 8.90867740964e-05, 1.63553340826e-05, 1.4812886473e-09],
        "min": [5.90137094747e-09, 1.93212563318e-05, 7.32111311663e-06, 4.46812975952e-07, 5.73336583329e-05, 6.99004740454e-05, 8.49840671435e-06, 2.34140843531e-05, 1.66068239196e-05, 2.81063021248e-05, 7.7736494859e-06, 2.47866846621e-05, 2.97881051665e-05, 2.59326534433e-05, 2.22178769036e-05, 1.54436493176e-05, 1.03383508758e-05, 1.35275577122e-05, 5.34067021363e-06, 3.53563996214e-06, 1.42650424095e-06, 1.7193185613e-06, 4.81488314108e-07, 2.96666769373e-07, 2.91641697459e-07, 6.82151279907e-11, 9.99643163385e-12],
        "var": [3.10823179461e-06, 0.000716247828677, 6.48135974188e-05, 5.37425512448e-06, 4.94585083288e-06, 3.37269079864e-06, 1.7121727069e-05, 7.28983559384e-06, 1.15785642265e-05, 3.17808962791e-06, 6.13991369391e-06, 4.12692361351e-06, 2.54450696957e-06, 1.58719967658e-06, 1.75474860953e-06, 3.66218046111e-07, 5.25225345882e-07, 2.22464251465e-07, 1.78467161049e-07, 9.77754126552e-08, 1.06788213827e-07, 1.76926576501e-07, 8.58229753931e-08, 1.2194897181e-07, 6.26853235985e-08, 1.035048669e-08, 7.59959739046e-15]
    },
    "erbbands": {
        "dmean": [0.433917760849, 2.51563572884, 4.40937137604, 3.50502729416, 2.65567421913, 3.99586057663, 6.08732938766, 8.95017719269, 15.1186542511, 32.3970298767, 25.0579414368, 25.3969955444, 36.9267692566, 36.3990287781, 48.7857589722, 38.1134185791, 40.1081695557, 42.2590904236, 28.9401664734, 25.4310398102, 19.6432342529, 16.3912258148, 12.5337629318, 11.7355060577, 11.3837881088, 8.28023910522, 6.83106374741, 5.7562918663, 6.05268144608, 4.92223453522, 3.4869890213, 2.71983027458, 1.94841659069, 1.21979379654, 0.722105920315, 0.269997507334, 0.0726659223437, 0.0067527089268, 0.000129495791043, 2.28867884289e-05],
        "dmean2": [0.524747788906, 3.60345554352, 7.40620994568, 6.41695594788, 4.75805187225, 6.74526309967, 9.62730693817, 13.7788047791, 24.032371521, 47.6345329285, 38.664150238, 39.6980247498, 59.3483085632, 59.9190254211, 79.9298171997, 62.0365638733, 66.0982284546, 69.3682327271, 47.7504577637, 41.6877250671, 32.7126655579, 26.8977031708, 20.8413543701, 19.594909668, 18.9097366333, 13.202299118, 10.4261894226, 8.72762775421, 9.06243801117, 7.24233055115, 5.10465812683, 4.06704521179, 2.81824636459, 1.75431382656, 1.060521245, 0.41447815299, 0.114529907703, 0.0111857382581, 0.000204792740988, 2.99700895994e-05],
        "dvar": [0.528240501881, 24.9578666687, 91.2512283325, 89.0713806152, 40.3042488098, 54.3743095398, 69.0775527954, 171.235122681, 679.123901367, 3806.98999023, 2514.21508789, 1593.1640625, 3681.31103516, 3791.31616211, 4301.44628906, 2825.9309082, 3329.33740234, 3911.98730469, 2208.08203125, 1831.48999023, 693.682495117, 516.164733887, 386.575500488, 320.955993652, 277.572479248, 129.272369385, 105.199882507, 88.1722717285, 159.629898071, 63.261882782, 25.9412498474, 17.3643951416, 9.99752426147, 3.3765604496, 1.21639311314, 0.27748465538, 0.0157079119235, 0.000150693478645, 4.85357389834e-08, 7.38981931203e-10],
        "dvar2": [0.888429880142, 60.1370620728, 248.91645813, 253.267059326, 115.05443573, 155.580291748, 161.128097534, 418.851623535, 1840.06604004, 8204.20019531, 6300.97265625, 3877.64086914, 8905.49511719, 9844.91796875, 11397.6347656, 6902.72802734, 8606.66796875, 9980.70996094, 6158.95019531, 4577.74462891, 1720.23376465, 1338.20263672, 973.394104004, 839.702392578, 689.23815918, 304.788909912, 231.739318848, 192.618972778, 363.359741211, 132.894042969, 55.1894493103, 40.4660453796, 18.4769763947, 7.11130619049, 2.75510454178, 0.694771289825, 0.0370052978396, 0.000376769487048, 1.17481690154e-07, 1.40417966144e-09],
        "max": [6.71954107285, 41.3048171997, 67.0506286621, 74.3586730957, 51.7183227539, 139.813369751, 129.732772827, 157.219741821, 395.150817871, 769.756286621, 831.924255371, 606.747558594, 967.157653809, 787.649597168, 584.455688477, 848.380065918, 675.311889648, 750.826721191, 708.724060059, 670.824707031, 265.292541504, 261.065368652, 268.534423828, 228.562698364, 227.142181396, 127.049110413, 133.206680298, 119.273773193, 185.64276123, 84.6674880981, 61.4524917603, 50.0099945068, 78.4275131226, 33.0261688232, 16.3754577637, 10.4540691376, 1.1811902523, 0.090688355267, 0.00166632758919, 0.000232611011597],
        "mean": [0.943439722061, 4.11225700378, 6.20547246933, 3.48847055435, 3.11913180351, 7.37086868286, 12.2560043335, 17.5163440704, 26.573764801, 55.7288398743, 41.7322349548, 43.526348114, 59.9020500183, 55.1690292358, 75.9090652466, 65.293258667, 64.0663452148, 64.3738632202, 50.5775566101, 44.4538154602, 32.3359527588, 27.488489151, 22.3785820007, 20.8532619476, 20.1946983337, 14.8132095337, 12.7430353165, 10.0521230698, 10.2112092972, 8.2928609848, 6.30091333389, 5.27520084381, 4.37334108353, 2.21425819397, 1.09932148457, 0.369444012642, 0.0862323865294, 0.00671367300674, 0.000170568207977, 7.20827665646e-05],
        "median": [0.605582773685, 2.50235080719, 1.92220520973, 0.96682870388, 1.64016342163, 3.68531894684, 8.46469211578, 11.508354187, 17.4169597626, 24.2005729675, 22.0075035095, 26.6082458496, 33.1519584656, 30.4599571228, 43.0563659668, 44.492805481, 39.02734375, 40.8580818176, 31.0464744568, 25.3189907074, 20.0843658447, 16.606546402, 14.2870817184, 13.5609750748, 14.6876964569, 9.41454982758, 7.65037631989, 5.79949140549, 5.03171777725, 3.97206234932, 2.83851647377, 2.91405510902, 2.51661705971, 1.17553472519, 0.510957241058, 0.111195929348, 0.0218590721488, 0.00125345296692, 6.48084751447e-05, 6.33481613477e-05],
        "min": [0.000229927856708, 0.00445653311908, 0.0218176003546, 0.0301564764231, 0.0875968709588, 0.310540854931, 0.363456815481, 0.690453290939, 0.38705894351, 0.838790297508, 1.55975317955, 0.588171243668, 1.07605087757, 1.58272206783, 1.09390056133, 2.03109765053, 1.91216099262, 1.8601795435, 1.46249091625, 1.53706049919, 0.936294019222, 0.654637157917, 0.782593667507, 0.285885840654, 0.22565113008, 0.175423488021, 0.114769607782, 0.0537520088255, 0.0649657249451, 0.0471115149558, 0.0119906896725, 0.00968978274614, 0.00488073658198, 0.00395310530439, 0.00175754306838, 0.00011404731049, 1.66231802723e-05, 1.83714564628e-06, 2.2254207579e-06, 3.70432394448e-06],
        "var": [1.22240650654, 29.0192165375, 92.3260192871, 57.2441520691, 27.3208904266, 137.999649048, 156.884552002, 326.449157715, 985.420043945, 8562.39941406, 4154.85693359, 2853.48364258, 6795.82080078, 4941.35205078, 7916.06640625, 4722.13867188, 5254.83740234, 5905.15722656, 4712.92773438, 3397.43457031, 1172.08447266, 939.221557617, 674.60333252, 483.968963623, 419.497161865, 236.622421265, 209.896362305, 150.99105835, 239.136260986, 131.870254517, 68.0185012817, 46.4519920349, 38.9106864929, 9.7761220932, 2.69328856468, 0.484899759293, 0.0222112257034, 0.000164503915585, 6.25255225373e-08, 1.80581505305e-09]
    },
    "gfcc": {
        "mean": [56.683506012, 88.9264831543, -124.000076294, 32.0047569275, -61.3848381042, 34.1473083496, -33.4320373535, 20.9121131897, -17.8328132629, 13.9534950256, -5.46179676056, 4.07085990906, -4.31038331985],
        "cov": [[1455.82995605, -578.684326172, 172.924057007, 6.24924659729, -14.1265249252, 74.6083526611, -10.9809265137, 101.60723114, -60.3127861023, 12.1425943375, -147.370651245, 70.0902328491, -158.603607178], [-578.684326172, 693.077209473, -130.794586182, 25.068862915, 107.064437866, -37.0402679443, 98.966758728, -53.2333335876, 79.0016021729, -36.3674888611, 130.450881958, -118.246177673, 104.518318176], [172.924057007, -130.794586182, 319.884368896, 24.4536705017, 3.44631314278, 39.3543395996, -31.2049503326, 31.3890914917, -6.94562244415, 39.5532531738, -47.0512428284, 44.5472297668, -60.425453186], [6.24924659729, 25.068862915, 24.4536705017, 176.032043457, 50.3426818848, 16.2093448639, 19.0773410797, 14.549990654, 43.6282615662, -10.2935428619, 33.3478660583, 7.5406126976, 35.3664131165], [-14.1265249252, 107.064437866, 3.44631314278, 50.3426818848, 163.786727905, 48.203742981, 68.9639282227, 38.9142074585, 40.6904640198, 21.8159065247, 23.0209178925, 2.96686720848, 33.809425354], [74.6083526611, -37.0402679443, 39.3543395996, 16.2093448639, 48.203742981, 114.448768616, 39.4927215576, 21.8551807404, 14.591137886, 16.9797611237, 18.265460968, 11.4011535645, 25.0539302826], [-10.9809265137, 98.966758728, -31.2049503326, 19.0773410797, 68.9639282227, 39.4927215576, 100.189117432, 30.3491039276, 28.6997814178, 1.46985208988, 27.0251483917, -5.64618635178, 31.5672531128], [101.60723114, -53.2333335876, 31.3890914917, 14.549990654, 38.9142074585, 21.8551807404, 30.3491039276, 96.9126815796, 35.8231544495, 28.7814674377, 9.31045722961, 30.0718212128, 20.3913192749], [-60.3127861023, 79.0016021729, -6.94562244415, 43.6282615662, 40.6904640198, 14.591137886, 28.6997814178, 35.8231544495, 87.3928833008, 26.3589763641, 43.0682868958, 7.66954994202, 41.3637504578], [12.1425943375, -36.3674888611, 39.5532531738, -10.2935428619, 21.8159065247, 16.9797611237, 1.46985208988, 28.7814674377, 26.3589763641, 73.8420257568, 25.7866382599, 28.2092781067, 5.79781484604], [-147.370651245, 130.450881958, -47.0512428284, 33.3478660583, 23.0209178925, 18.265460968, 27.0251483917, 9.31045722961, 43.0682868958, 25.7866382599, 113.523017883, 9.55749511719, 65.2190246582], [70.0902328491, -118.246177673, 44.5472297668, 7.5406126976, 2.96686720848, 11.4011535645, -5.64618635178, 30.0718212128, 7.66954994202, 28.2092781067, 9.55749511719, 91.9614181519, 23.4291362762], [-158.603607178, 104.518318176, -60.425453186, 35.3664131165, 33.809425354, 25.0539302826, 31.5672531128, 20.3913192749, 41.3637504578, 5.79781484604, 65.2190246582, 23.4291362762, 119.489112854]],
        "icov": [[0.0012802289566, 0.000909239111934, -3.6665067455e-05, -0.000186543460586, -0.000201973860385, -0.000429971696576, -0.000600906671025, -0.000925944885239, 5.2072951803e-05, 0.00060855736956, 7.09434825694e-05, 1.87859950529e-05, 0.00131477031391], [0.000909239111934, 0.00811558403075, -0.00311048747972, 0.0035321295727, -0.00501549895853, 0.00656487140805, -0.00512914033607, 0.00508634420112, -0.00450805993751, 0.00520360982046, -0.00741483597085, 0.00899783428758, -0.00438970047981], [-3.6665067455e-05, -0.00311048747972, 0.00634740712121, -0.00306815374643, 0.00213419925421, -0.0051252678968, 0.00354770966806, -0.00333167845383, 0.00198479858227, -0.00420488696545, 0.00472261197865, -0.00554032018408, 0.00491778180003], [-0.000186543460586, 0.0035321295727, -0.00306815374643, 0.0100038284436, -0.0047619775869, 0.00365735287778, -0.00106878206134, 0.0032334078569, -0.00591898849234, 0.00717225298285, -0.00592913199216, 0.00368360825814, -0.00332367070951], [-0.000201973860385, -0.00501549895853, 0.00213419925421, -0.0047619775869, 0.0136639270931, -0.00597366224974, -0.00256613502279, -0.00434100907296, 0.00226520281285, -0.00666726008058, 0.00672421464697, -0.00478493329138, 0.00222019455396], [-0.000429971696576, 0.00656487140805, -0.0051252678968, 0.00365735287778, -0.00597366224974, 0.0185588095337, -0.00806621368974, 0.00576283782721, -0.00272774975747, 0.0028896224685, -0.00746456673369, 0.00857949443161, -0.00784489139915], [-0.000600906671025, -0.00512914033607, 0.00354770966806, -0.00106878206134, -0.00256613502279, -0.00806621368974, 0.0212431140244, -0.00710294535384, 0.0011349869892, 0.000708874023985, 0.00229981052689, -0.00437152944505, 0.00299130380154], [-0.000925944885239, 0.00508634420112, -0.00333167845383, 0.0032334078569, -0.00434100907296, 0.00576283782721, -0.00710294535384, 0.0209078341722, -0.00817477796227, 8.09488992672e-05, -0.00313975289464, 0.00328342267312, -0.00609566085041], [5.2072951803e-05, -0.00450805993751, 0.00198479858227, -0.00591898849234, 0.00226520281285, -0.00272774975747, 0.0011349869892, -0.00817477796227, 0.0231997519732, -0.00886737275869, 0.0017708617961, -0.00263801007532, -0.000255953258602], [0.00060855736956, 0.00520360982046, -0.00420488696545, 0.00717225298285, -0.00666726008058, 0.0028896224685, 0.000708874023985, 8.09488992672e-05, -0.00886737275869, 0.0274537894875, -0.0119500616565, 0.000807089731097, 0.001188204973], [7.09434825694e-05, -0.00741483597085, 0.00472261197865, -0.00592913199216, 0.00672421464697, -0.00746456673369, 0.00229981052689, -0.00313975289464, 0.0017708617961, -0.0119500616565, 0.0241417884827, -0.00817486364394, -0.0012933651451], [1.87859950529e-05, 0.00899783428758, -0.00554032018408, 0.00368360825814, -0.00478493329138, 0.00857949443161, -0.00437152944505, 0.00328342267312, -0.00263801007532, 0.000807089731097, -0.00817486364394, 0.0262878835201, -0.0114064682275], [0.00131477031391, -0.00438970047981, 0.00491778180003, -0.00332367070951, 0.00222019455396, -0.00784489139915, 0.00299130380154, -0.00609566085041, -0.000255953258602, 0.001188204973, -0.0012933651451, -0.0114064682275, 0.021664602682]]
    },
    "melbands": {
        "dmean": [0.0034191464074, 0.0025149891153, 0.000599545193836, 0.000211374717765, 0.000204715688596, 0.000194033447769, 0.000266924820608, 0.000325393804815, 0.000188826335943, 0.00018429539341, 0.000184710486792, 0.000145513753523, 0.000187293931958, 0.000134187037474, 9.08533620532e-05, 9.12831674214e-05, 7.44183489587e-05, 4.55488225271e-05, 3.77692522306e-05, 2.80103540717e-05, 2.53003963735e-05, 1.97972676688e-05, 1.4382212612e-05, 1.35229338412e-05, 9.75081729848e-06, 1.05898416223e-05, 5.96733298153e-06, 5.61865135751e-06, 4.68696498501e-06, 3.98419615522e-06, 3.46310821442e-06, 3.33421985488e-06, 4.02102887165e-06, 2.59986018136e-06, 2.15702675632e-06, 1.84681721294e-06, 1.75281275006e-06, 1.57690158176e-06, 1.15630541586e-06, 1.11968790861e-06],
        "dmean2": [0.00439798692241, 0.00391071056947, 0.00109225872438, 0.000366695632692, 0.000328503694618, 0.000299126520986, 0.000418283656472, 0.000478971924167, 0.00029380430351, 0.000289208372124, 0.000295807229122, 0.000239140106714, 0.00031112410943, 0.00021754464251, 0.000148511768202, 0.00014956126688, 0.000122483921587, 7.51477418817e-05, 6.30551730865e-05, 4.59318871435e-05, 4.27381528425e-05, 3.27449379256e-05, 2.390247937e-05, 2.26371412282e-05, 1.63569384313e-05, 1.78767459147e-05, 9.75845887297e-06, 9.02750525711e-06, 7.32114403945e-06, 6.15729550191e-06, 5.34981700184e-06, 5.0667058531e-06, 6.07984338785e-06, 3.88467833545e-06, 3.23801009472e-06, 2.85189048554e-06, 2.65433527602e-06, 2.4029816359e-06, 1.68402743839e-06, 1.64350853993e-06],
        "dvar": [3.59074183507e-05, 2.49680870184e-05, 2.48125138569e-06, 1.47444467302e-07, 7.23488184917e-08, 7.51407114308e-08, 1.93602716081e-07, 3.34363107868e-07, 1.37724839533e-07, 9.37397928169e-08, 9.28034040726e-08, 6.3350071855e-08, 7.98408024139e-08, 3.82847851199e-08, 1.46936685042e-08, 1.26339010365e-08, 1.18328147281e-08, 5.52807533083e-09, 3.39534866889e-09, 2.09931627637e-09, 1.25513810456e-09, 8.96821450436e-10, 5.66103497412e-10, 4.17014978105e-10, 2.40270192631e-10, 2.29927410444e-10, 8.4010014223e-11, 6.30889993025e-11, 4.83444742572e-11, 4.36204301846e-11, 3.10299806683e-11, 4.5329292403e-11, 6.02821889628e-11, 1.63557691696e-11, 9.69920151139e-12, 9.17020365893e-12, 6.76739827371e-12, 7.11857829627e-12, 3.33349797418e-12, 2.85546998373e-12],
        "dvar2": [6.70460431138e-05, 6.49324356345e-05, 7.05973752702e-06, 4.24435370405e-07, 1.79965553571e-07, 1.86891242038e-07, 5.20261039583e-07, 7.3017355362e-07, 3.44945306097e-07, 2.20099536818e-07, 2.21674341105e-07, 1.62385973113e-07, 2.12206217043e-07, 9.5099785824e-08, 3.73597330849e-08, 3.21307993545e-08, 3.01289020399e-08, 1.51681103233e-08, 8.91275409032e-09, 5.08754283146e-09, 3.22170068401e-09, 2.46534481718e-09, 1.48275036693e-09, 1.09833009354e-09, 6.4145994072e-10, 5.93283755457e-10, 2.00096911263e-10, 1.53760087995e-10, 1.11475294273e-10, 1.00511390877e-10, 7.00479743654e-11, 1.00781584467e-10, 1.45057826861e-10, 3.58778180776e-11, 2.08030745408e-11, 2.13694791029e-11, 1.6953664167e-11, 1.45809041924e-11, 5.9568660768e-12, 6.68029390485e-12],
        "max": [0.0495564602315, 0.0336919017136, 0.0123533671722, 0.00507320463657, 0.00356006924994, 0.00317906169221, 0.00584310246632, 0.00702475430444, 0.00609297212213, 0.00570580968633, 0.00495077576488, 0.00310119404458, 0.00251081702299, 0.00248870556243, 0.00152219296433, 0.00128562061582, 0.00125761458185, 0.00112412020098, 0.000766933371779, 0.000784409465268, 0.00032030994771, 0.000361392652849, 0.000275520142168, 0.00035262198071, 0.000208746059798, 0.000173176478711, 0.000134493762744, 7.76626620791e-05, 9.04127809918e-05, 9.05632259673e-05, 5.63281610084e-05, 9.40577519941e-05, 0.000100872697658, 5.07995500811e-05, 4.26008919021e-05, 3.13487980748e-05, 3.0620052712e-05, 6.16113902652e-05, 3.8436781324e-05, 2.73306541203e-05],
        "mean": [0.0072245625779, 0.00398051692173, 0.00062988413265, 0.000337917299476, 0.000428324332461, 0.00038520997623, 0.000466819008579, 0.000566156988498, 0.000310963689117, 0.000302065745927, 0.000296808109852, 0.000211789665627, 0.000273802201264, 0.000204132054932, 0.000139615600347, 0.000142034288729, 0.000110199143819, 7.6606796938e-05, 6.39309582766e-05, 4.61164454464e-05, 3.85091479984e-05, 3.03329907183e-05, 2.23181905312e-05, 2.11408896575e-05, 1.57005761139e-05, 1.73414300662e-05, 1.04534028651e-05, 9.33976389206e-06, 8.2583837866e-06, 6.53405777484e-06, 5.61205797567e-06, 5.40907376489e-06, 6.16839724898e-06, 4.07377729061e-06, 3.740755119e-06, 3.12996530738e-06, 3.23772337651e-06, 3.32939134751e-06, 2.33930245486e-06, 1.73124510638e-06],
        "median": [0.00463756080717, 0.00210777763277, 0.000209997131606, 0.000178206071723, 0.000287345057586, 0.000256317172898, 0.000287330185529, 0.000259382562945, 0.000164576238603, 0.000156499925652, 0.000164266763022, 0.00010875013686, 0.000137057053507, 0.000113795344078, 8.98761863937e-05, 8.95645425771e-05, 6.73491304042e-05, 4.40593503299e-05, 3.74441333406e-05, 2.70874115813e-05, 2.14411666093e-05, 1.6119414795e-05, 1.32315753945e-05, 1.37877059387e-05, 9.67304458754e-06, 1.25285841932e-05, 6.85090299157e-06, 5.57655812372e-06, 4.8210595196e-06, 3.7600957512e-06, 3.05084950014e-06, 2.6438108307e-06, 3.05030789605e-06, 1.8226623979e-06, 1.63733659519e-06, 1.47500054481e-06, 1.86626698451e-06, 1.91211984202e-06, 1.25721783206e-06, 9.06899799702e-07],
        "min": [5.36974584975e-06, 1.26257245938e-05, 6.45465843263e-06, 1.32146542455e-05, 1.31944125314e-05, 1.31595370476e-05, 7.1515523814e-06, 7.79447327659e-06, 5.21338733961e-06, 3.72070508092e-06, 5.11192592967e-06, 4.33807281297e-06, 2.65900553131e-06, 3.20427557199e-06, 4.02849127568e-06, 4.10294296671e-06, 2.28020212489e-06, 1.26388363242e-06, 1.55002032898e-06, 1.70226337559e-06, 6.06000696735e-07, 5.86760222632e-07, 6.45036436708e-07, 2.81636715727e-07, 2.15060410369e-07, 2.25172868795e-07, 8.70459615498e-08, 1.33990198492e-07, 8.07909330547e-08, 2.98451858782e-08, 1.8714088057e-08, 3.64330396962e-08, 3.69265045208e-08, 1.55972799121e-08, 5.80222137003e-09, 2.45699749435e-09, 5.53110265922e-11, 2.78559131317e-09, 7.5520889542e-10, 1.25143706162e-11],
