{
"highlevel": {
    "danceability": {
        "all": {
            "danceable": 0.00697635579854,
            "not_danceable": 0.993023633957
        },
        "probability": 0.993023633957,
        "value": "not_danceable"
    },
    "gender": {
        "all": {
            "female": 0.114155098796,
            "male": 0.885844886303
        },
        "probability": 0.885844886303,
        "value": "male"
    },
    "genre_dortmund": {
        "all": {
            "alternative": 0.235669881105,
            "blues": 0.0411520712078,
            "electronic": 0.0326502174139,
            "folkcountry": 0.0338334739208,
            "funksoulrnb": 0.00274973572232,
            "jazz": 0.00899050571024,
            "pop": 0.0299567505717,
            "raphiphop": 0.00332127721049,
            "rock": 0.611676096916
        },
        "probability": 0.611676096916,
        "value": "rock"
    },
    "genre_electronic": {
        "all": {
            "ambient": 0.338804364204,
            "dnb": 0.329610586166,
            "house": 0.0193062834442,
            "techno": 0.0113855563104,
            "trance": 0.300893187523
        },
        "probability": 0.338804364204,
        "value": "ambient"
    },
    "genre_rosamerica": {
        "all": {
            "cla": 0.00147633370943,
            "dan": 0.000800522509962,
            "hip": 0.000870906224009,
            "jaz": 0.000433374312706,
            "pop": 0.0245107002556,
            "rhy": 0.00022830638045,
            "roc": 0.971424400806,
            "spe": 0.000255483173532
        },
        "probability": 0.971424400806,
        "value": "roc"
    },
    "genre_tzanetakis": {
        "all": {
            "blu": 0.0626541376114,
            "cla": 0.0348133966327,
            "cou": 0.0783501937985,
            "dis": 0.104547761381,
            "hip": 0.15693578124,
            "jaz": 0.313987255096,
            "met": 0.044816005975,
            "pop": 0.0627349764109,
            "reg": 0.0627352520823,
            "roc": 0.0784252434969
        },
        "probability": 0.313987255096,
        "value": "jaz"
    },
    "ismir04_rhythm": {
        "all": {
            "ChaChaCha": 0.0797940194607,
            "Jive": 0.778776407242,
            "Quickstep": 0.00143775215838,
            "Rumba-American": 0.00487121753395,
            "Rumba-International": 0.00163712294307,
            "Rumba-Misc": 0.000614934891928,
            "Samba": 0.011481246911,
            "Tango": 0.00773848360404,
            "VienneseWaltz": 0.110105834901,
            "Waltz": 0.00354298832826
        },
        "probability": 0.778776407242,
        "value": "Jive"
    },
    "mood_acoustic": {
        "all": {
            "acoustic": 1.03854517874e-05,
            "not_acoustic": 0.999989628792
        },
        "probability": 0.999989628792,
        "value": "not_acoustic"
    },
    "mood_aggressive": {
        "all": {
            "aggressive": 0.990211009979,
            "not_aggressive": 0.00978898163885
        },
        "probability": 0.990211009979,
        "value": "aggressive"
    },
    "mood_electronic": {
        "all": {
            "electronic": 0.0673443749547,
            "not_electronic": 0.932655632496
        },
        "probability": 0.932655632496,
        "value": "not_electronic"
    },
    "mood_happy": {
        "all": {
            "happy": 0.78522759676,
            "not_happy": 0.21477240324
        },
        "probability": 0.78522759676,
        "value": "happy"
    },
    "mood_party": {
        "all": {
            "not_party": 0.522076427937,
            "party": 0.477923542261
        },
        "probability": 0.522076427937,
        "value": "not_party"
    },
    "mood_relaxed": {
        "all": {
            "not_relaxed": 0.989554703236,
            "relaxed": 0.010445304215
        },
        "probability": 0.989554703236,
        "value": "not_relaxed"
    },
    "mood_sad": {
        "all": {
            "not_sad": 0.978546559811,
            "sad": 0.0214534513652
        },
        "probability": 0.978546559811,
        "value": "not_sad"
    },
    "moods_mirex": {
        "all": {
            "Cluster1": 0.254044950008,
            "Cluster2": 0.0175391752273,
            "Cluster3": 0.0206201653928,
            "Cluster4": 0.0274015758187,
            "Cluster5": 0.680394113064
        },
        "probability": 0.680394113064,
        "value": "Cluster5"
    },
    "timbre": {
        "all": {
            "bright": 0.390121400356,
            "dark": 0.609878599644
        },
        "probability": 0.609878599644,
        "value": "dark"
    },
    "tonal_atonal": {
        "all": {
            "atonal": 0.031933542341,
            "tonal": 0.968066453934
        },
        "probability": 0.968066453934,
        "value": "tonal"
    },
    "voice_instrumental": {
        "all": {
            "instrumental": 0.0228831041604,
            "voice": 0.977116882801
        },
        "probability": 0.977116882801,
        "value": "voice"
    }
},
"lowlevel": {
    "average_loudness": 0.978967726231,
    "barkbands_crest": {
        "dmean": 2.67455101013,
        "dmean2": 4.54379987717,
        "dvar": 7.63891077042,
        "dvar2": 21.9897785187,
        "max": 22.4208297729,
        "mean": 8.06028938293,
        "median": 7.11612987518,
        "min": 2.39616847038,
        "var": 13.137966156
    },
    "barkbands_flatness_db": {
        "dmean": 0.01765441522,
        "dmean2": 0.0265829972923,
        "dvar": 0.000305730063701,
        "dvar2": 0.000718339462765,
        "max": 0.327177226543,
        "mean": 0.11333155632,
        "median": 0.109831355512,
        "min": 0.0396680347621,
        "var": 0.00142642913852
    },
    "barkbands_kurtosis": {
        "dmean": 1.11508071423,
        "dmean2": 1.90376996994,
        "dvar": 11.0858659744,
        "dvar2": 32.3851318359,
        "max": 79.9993286133,
        "mean": 0.0534104928374,
        "median": -0.621805429459,
        "min": -1.78303349018,
        "var": 10.7504854202
    },
    "barkbands_skewness": {
        "dmean": 0.407349288464,
        "dmean2": 0.652035713196,
        "dvar": 0.219549626112,
        "dvar2": 0.580754518509,
        "max": 8.03469085693,
        "mean": 0.721237123013,
        "median": 0.630568742752,
        "min": -1.21372783184,
        "var": 0.560913026333
    },
    "barkbands_spread": {
        "dmean": 5.22549104691,
        "dmean2": 8.27547168732,
        "dvar": 29.1963195801,
        "dvar2": 65.3298568726,
        "max": 78.5294647217,
        "mean": 31.8168888092,
        "median": 31.0170516968,
        "min": 1.86810493469,
        "var": 117.055526733
    },
    "dissonance": {
        "dmean": 0.0110412407666,
        "dmean2": 0.0188093259931,
        "dvar": 0.000100845420093,
        "dvar2": 0.000275208876701,
        "max": 0.499994695187,
        "mean": 0.480540454388,
        "median": 0.484410822392,
        "min": 0.394273847342,
        "var": 0.000214882122236
    },
    "dynamic_complexity": 1.30212700367,
    "erbbands_crest": {
        "dmean": 2.25130152702,
        "dmean2": 3.67205476761,
        "dvar": 4.7603969574,
        "dvar2": 12.0125436783,
        "max": 24.5899848938,
        "mean": 7.69218397141,
        "median": 6.88337278366,
        "min": 2.60632681847,
        "var": 11.2095947266
    },
    "erbbands_flatness_db": {
        "dmean": 0.0147738857195,
        "dmean2": 0.0201557185501,
        "dvar": 0.000192190913367,
        "dvar2": 0.000338271755027,
        "max": 0.266090631485,
        "mean": 0.159766882658,
        "median": 0.158637851477,
        "min": 0.0617025233805,
        "var": 0.00134279916529
    },
    "erbbands_kurtosis": {
        "dmean": 0.612304329872,
        "dmean2": 0.962469220161,
        "dvar": 0.454412072897,
        "dvar2": 1.07904911041,
        "max": 7.02152252197,
        "mean": 0.220994263887,
        "median": -0.115788221359,
        "min": -1.77595937252,
        "var": 1.37684428692
    },
    "erbbands_skewness": {
        "dmean": 0.268630832434,
        "dmean2": 0.421574980021,
        "dvar": 0.0522301718593,
        "dvar2": 0.119910441339,
        "max": 2.10874199867,
        "mean": -0.359936833382,
        "median": -0.385553777218,
        "min": -1.8945877552,
        "var": 0.315674483776
    },
    "erbbands_spread": {
        "dmean": 5.20355224609,
        "dmean2": 7.98898172379,
        "dvar": 25.6303024292,
        "dvar2": 61.6952629089,
        "max": 93.2581253052,
        "mean": 31.4194374084,
        "median": 30.3703727722,
        "min": 10.402797699,
        "var": 100.468589783
    },
    "hfc": {
        "dmean": 5.67509508133,
        "dmean2": 8.56356143951,
        "dvar": 32.3327331543,
        "dvar2": 67.4582748413,
        "max": 77.2694854736,
        "mean": 32.873085022,
        "median": 32.7499732971,
        "min": 2.80369710922,
        "var": 185.509963989
    },
    "melbands_crest": {
        "dmean": 3.0677986145,
        "dmean2": 5.12851953506,
        "dvar": 7.7383441925,
        "dvar2": 20.9940490723,
        "max": 27.3491210938,
        "mean": 12.3775339127,
        "median": 11.6832551956,
        "min": 2.89920949936,
        "var": 20.0889606476
    },
    "melbands_flatness_db": {
        "dmean": 0.0224681124091,
        "dmean2": 0.0345550663769,
        "dvar": 0.000593224249315,
        "dvar2": 0.00141682766844,
        "max": 0.420049250126,
        "mean": 0.155018493533,
        "median": 0.15177808702,
        "min": 0.0316604413092,
        "var": 0.00248951208778
    },
    "melbands_kurtosis": {
        "dmean": 3.39873600006,
        "dmean2": 5.72137451172,
        "dvar": 60.4678916931,
        "dvar2": 173.195404053,
        "max": 167.644317627,
        "mean": 4.47819137573,
        "median": 2.35936355591,
        "min": -1.61051416397,
        "var": 67.3153305054
    },
    "melbands_skewness": {
        "dmean": 0.561055481434,
        "dmean2": 0.900678753853,
        "dvar": 0.446182399988,
        "dvar2": 1.20559477806,
        "max": 10.2490444183,
        "mean": 1.82821810246,
        "median": 1.66523301601,
        "min": -0.263791173697,
        "var": 1.11270391941
    },
    "melbands_spread": {
        "dmean": 8.36298942566,
        "dmean2": 13.1516647339,
        "dvar": 70.6736602783,
        "dvar2": 176.312393188,
        "max": 125.589813232,
        "mean": 37.4486808777,
        "median": 35.6095924377,
        "min": 1.25547456741,
        "var": 253.335342407
    },
    "pitch_salience": {
        "dmean": 0.07043530792,
        "dmean2": 0.117715246975,
        "dvar": 0.00474922452122,
        "dvar2": 0.0136908497661,
        "max": 0.799536466599,
        "mean": 0.580778121948,
        "median": 0.589454472065,
        "min": 0.209299623966,
        "var": 0.00934486184269
    },
    "silence_rate_20dB": {
        "dmean": 0,
        "dmean2": 0,
        "dvar": 0,
        "dvar2": 0,
        "max": 1,
        "mean": 1,
        "median": 1,
        "min": 1,
        "var": 0
    },
    "silence_rate_30dB": {
        "dmean": 0,
        "dmean2": 0,
        "dvar": 0,
        "dvar2": 0,
        "max": 1,
        "mean": 1,
        "median": 1,
        "min": 1,
        "var": 0
    },
    "silence_rate_60dB": {
        "dmean": 0,
        "dmean2": 0,
        "dvar": 0,
        "dvar2": 0,
        "max": 0,
        "mean": 0,
        "median": 0,
        "min": 0,
        "var": 0
    },
    "spectral_centroid": {
        "dmean": 201.530731201,
        "dmean2": 306.233337402,
        "dvar": 34583.6679688,
        "dvar2": 74991.65625,
        "max": 3632.34667969,
        "mean": 1875.55200195,
        "median": 1840.03430176,
        "min": 419.037139893,
        "var": 209727.40625
    },
    "spectral_complexity": {
        "dmean": 4.43111467361,
        "dmean2": 6.78233909607,
        "dvar": 14.2637796402,
        "dvar2": 27.7798633575,
        "max": 56,
        "mean": 34.9682922363,
        "median": 36,
        "min": 6,
        "var": 74.8582077026
    },
    "spectral_decrease": {
        "dmean": 2.1134938244e-09,
        "dmean2": 3.45758288667e-09,
        "dvar": 7.70786416239e-18,
        "dvar2": 2.0585670019e-17,
        "max": -1.2808543115e-09,
        "mean": -8.23984702691e-09,
        "median": -7.76245290268e-09,
        "min": -2.55388528103e-08,
        "var": 1.15040673086e-17
    },
    "spectral_energy": {
        "dmean": 0.00816696323454,
        "dmean2": 0.0132641149685,
        "dvar": 0.00010989762086,
        "dvar2": 0.000291761854896,
        "max": 0.100147001445,
        "mean": 0.034080747515,
        "median": 0.0327669158578,
        "min": 0.00532884243876,
        "var": 0.000175917608431
    },
    "spectral_energyband_high": {
        "dmean": 0.000332525756676,
        "dmean2": 0.000466674915515,
        "dvar": 2.04484322808e-07,
        "dvar2": 4.12588605059e-07,
        "max": 0.00580249261111,
        "mean": 0.00106940534897,
        "median": 0.000685946200974,
        "min": 2.00748600037e-05,
        "var": 9.16756164315e-07
    },
    "spectral_energyband_low": {
        "dmean": 0.00671589560807,
        "dmean2": 0.0116712898016,
        "dvar": 0.000118515868962,
        "dvar2": 0.000335549295414,
        "max": 0.0886875838041,
        "mean": 0.011981354095,
        "median": 0.00911436416209,
        "min": 4.06430226576e-05,
        "var": 0.000125488630147
    },
    "spectral_energyband_middle_high": {
        "dmean": 0.00236820871942,
        "dmean2": 0.00371654168703,
        "dvar": 5.36721972821e-06,
        "dvar2": 1.16060664368e-05,
        "max": 0.032788477838,
        "mean": 0.0109049417078,
        "median": 0.00984937977046,
        "min": 0.000367801840184,
        "var": 3.39164944307e-05
    },
    "spectral_energyband_middle_low": {
        "dmean": 0.00363979698159,
        "dmean2": 0.00581483915448,
        "dvar": 2.27541095228e-05,
        "dvar2": 5.51010998606e-05,
        "max": 0.0535930022597,
        "mean": 0.0110430214554,
        "median": 0.00926914438605,
        "min": 0.000949050183408,
        "var": 4.8300204071e-05
    },
    "spectral_entropy": {
        "dmean": 0.0893145501614,
        "dmean2": 0.119900316,
        "dvar": 0.00819473341107,
        "dvar2": 0.013899945654,
        "max": 8.40320587158,
        "mean": 7.77582883835,
        "median": 7.77386951447,
        "min": 6.85684967041,
        "var": 0.0538956783712
    },
    "spectral_flux": {
        "dmean": 0.0221923533827,
        "dmean2": 0.0326438993216,
        "dvar": 0.000547830015421,
        "dvar2": 0.00110195972957,
        "max": 0.25197789073,
        "mean": 0.102604076266,
        "median": 0.0942245870829,
        "min": 0.0314341783524,
        "var": 0.00138286920264
    },
    "spectral_kurtosis": {
        "dmean": 1.47260189056,
        "dmean2": 2.53222894669,
        "dvar": 2.27380132675,
        "dvar2": 6.73210716248,
        "max": 14.911857605,
        "mean": 4.40409469604,
        "median": 4.00489282608,
        "min": 0.382614135742,
        "var": 4.07448291779
    },
    "spectral_rms": {
        "dmean": 0.00065934448503,
        "dmean2": 0.00105382979382,
        "dvar": 5.84450845054e-07,
        "dvar2": 1.4966146864e-06,
        "max": 0.00988455303013,
        "mean": 0.00565646355972,
        "median": 0.00565400067717,
        "min": 0.00228010327555,
        "var": 1.25393387407e-06
    },
    "spectral_rolloff": {
        "dmean": 442.231079102,
        "dmean2": 734.598754883,
        "dvar": 297620.1875,
        "dvar2": 733635.875,
        "max": 6481.49414062,
        "mean": 2052.4309082,
        "median": 2067.1875,
        "min": 107.666015625,
        "var": 772082
    },
    "spectral_skewness": {
        "dmean": 0.179853752255,
        "dmean2": 0.302248865366,
        "dvar": 0.0265160966665,
        "dvar2": 0.0747338011861,
        "max": 2.43959712982,
        "mean": 1.32101464272,
        "median": 1.30601966381,
        "min": 0.38047015667,
        "var": 0.0813340842724
    },
    "spectral_spread": {
        "dmean": 340754.75,
        "dmean2": 469962.125,
        "dvar": 193655308288,
        "dvar2": 367249129472,
        "max": 11528576,
        "mean": 3564884.5,
        "median": 3373534,
        "min": 1815792.75,
        "var": 853007269888
    },
    "spectral_strongpeak": {
        "dmean": 0.697167098522,
        "dmean2": 1.21808457375,
        "dvar": 1.93608915806,
        "dvar2": 5.05234575272,
        "max": 17.1089935303,
        "mean": 0.97556835413,
        "median": 0.381606042385,
        "min": 0,
        "var": 2.28849005699
    },
    "zerocrossingrate": {
        "dmean": 0.00822028331459,
        "dmean2": 0.0100685786456,
        "dvar": 6.32524679531e-05,
        "dvar2": 8.30183998914e-05,
        "max": 0.16357421875,
        "mean": 0.0691195502877,
        "median": 0.06591796875,
        "min": 0.00732421875,
        "var": 0.000558356754482
    },
    "barkbands": {
        "dmean": [0.000490693957545, 0.00566507596523, 0.00182894896716, 0.000931776186917, 0.00160156062339, 0.000759281218052, 0.00111375679262, 0.00083156634355, 0.00132056244183, 0.000825090741273, 0.000407529470976, 0.000438742601546, 0.000412755325669, 0.000474128930364, 0.000842382083647, 0.000776188448071, 0.000599729188252, 0.000504856288899, 0.000271666620392, 0.000214134997805, 0.000115669638035, 7.89553741924e-05, 5.95657547819e-05, 4.88654404762e-05, 3.29941067321e-05, 2.07655921258e-05, 2.59720085438e-08],
        "dmean2": [0.000910436268896, 0.0100267585367, 0.0031714560464, 0.00158412603196, 0.00267388066277, 0.00122459221166, 0.00180960365105, 0.00131879700348, 0.00199165428057, 0.00131133664399, 0.000623931118753, 0.000718885974493, 0.000668812193908, 0.000747785263229, 0.0013857469894, 0.00128871470224, 0.00099459302146, 0.000844189024065, 0.00044437678298, 0.000347015011357, 0.000183944532182, 0.000114228743769, 8.66871778271e-05, 6.84372498654e-05, 4.82803588966e-05, 3.03498109133e-05, 4.44809451494e-08],
        "dvar": [8.47570845508e-07, 0.000102278056147, 8.34297406982e-06, 1.47105731685e-06, 9.06621517061e-06, 1.12665895813e-06, 4.08210053138e-06, 4.11249538956e-06, 4.78888568978e-06, 2.09174731935e-06, 6.46138175853e-07, 6.77285754591e-07, 3.95925525254e-07, 6.37859784547e-07, 1.20870834053e-06, 1.10553389732e-06, 4.10199021417e-07, 5.38937172223e-07, 1.02868412455e-07, 6.36310062418e-08, 1.92547240374e-08, 1.37400739675e-08, 1.05766142511e-08, 7.71937269661e-09, 1.2028764651e-08, 2.35396346859e-09, 2.72537954153e-15],
        "dvar2": [2.57633200818e-06, 0.000295676814858, 2.33893169934e-05, 4.12183408116e-06, 2.42895530391e-05, 2.8002241379e-06, 9.63687398325e-06, 1.04623595689e-05, 1.00891693364e-05, 4.61192530565e-06, 1.37730614824e-06, 1.79516393928e-06, 8.82736173935e-07, 1.35446782679e-06, 3.00049146063e-06, 2.85580085801e-06, 1.06605148176e-06, 1.39451537962e-06, 2.64192806299e-07, 1.58413669737e-07, 4.55924329401e-08, 3.06470795408e-08, 2.50670861845e-08, 1.75340844066e-08, 2.8331848867e-08, 5.39240874176e-09, 7.08257949088e-15],
        "max": [0.00659046182409, 0.081181883812, 0.0237101204693, 0.0141329234466, 0.0381283313036, 0.0146722337231, 0.021923372522, 0.0319064334035, 0.0312673859298, 0.022644367069, 0.0169871784747, 0.0171808395535, 0.0115345567465, 0.0175445508212, 0.0149379102513, 0.0150022143498, 0.00632680021226, 0.00964345037937, 0.00371411512606, 0.0032425946556, 0.00218705646694, 0.00145978282671, 0.00177858129609, 0.00148352736142, 0.00264580710791, 0.000692007131875, 4.64113696808e-07],
        "mean": [0.000406462844694, 0.00753606576473, 0.00332811358385, 0.00167123496067, 0.00228260387667, 0.00134347006679, 0.0017009236617, 0.00120679487009, 0.0024475811515, 0.00157764542382, 0.000703160185367, 0.000732207496185, 0.000760099326726, 0.000978413736448, 0.00155208341312, 0.00153752905317, 0.00118668354116, 0.00111401441973, 0.000639741891064, 0.000544835114852, 0.000302197266137, 0.000187576835742, 0.000137407463626, 0.00011273608834, 6.21009457973e-05, 2.90802818199e-05, 2.2958131396e-08],
        "median": [7.38726303098e-05, 0.00435401266441, 0.00225166836753, 0.00115755654406, 0.00143968279008, 0.000896463985555, 0.000826500880066, 0.00053639971884, 0.0012218990596, 0.000862469023559, 0.0003471710952, 0.000476981425891, 0.000488096178742, 0.000546664115973, 0.00102615682408, 0.0010900067864, 0.000995224225335, 0.000747904705349, 0.000527340511326, 0.000418821815401, 0.000225301482715, 0.000101424069726, 5.46553092136e-05, 4.39615178038e-05, 2.33531845879e-05, 7.62469198889e-06, 3.17438186848e-09],
        "min": [4.02650144338e-08, 1.39438498081e-06, 7.75478110882e-06, 1.23030258692e-06, 3.95281276724e-05, 3.0567014619e-05, 2.00033628062e-05, 5.32001422471e-06, 1.69908853422e-05, 1.88077046914e-05, 4.07921379519e-06, 1.51410386025e-05, 2.32984821196e-05, 1.21877656056e-05, 3.13746604661e-05, 2.29480247071e-05, 2.69851207122e-05, 2.43203285208e-05, 1.02049752968e-05, 6.79390041114e-06, 6.1877758526e-06, 9.31988267894e-07, 2.2045436765e-07, 4.07641280731e-08, 6.84737866408e-09, 5.23000783306e-12, 4.86866970351e-12],
        "var": [6.99248062119e-07, 9.31146569201e-05, 1.16689398055e-05, 2.65711219072e-06, 8.15742896521e-06, 2.45574824476e-06, 7.09738014848e-06, 4.76430113849e-06, 1.19147371151e-05, 6.10229972153e-06, 1.94433323486e-06, 9.01405542209e-07, 8.86036900738e-07, 2.1244616164e-06, 3.03471347252e-06, 2.53130906458e-06, 8.1595840129e-07, 1.52310565227e-06, 2.28043475659e-07, 1.97916406819e-07, 6.04821153161e-08, 4.28431299326e-08, 3.42105721529e-08, 2.26019132299e-08, 1.42708529438e-08, 2.92886626063e-09, 2.67601446136e-15]
    },
    "erbbands": {
        "dmean": [0.156079024076, 1.30851757526, 2.22202587128, 2.29247522354, 4.10601520538, 6.29806089401, 5.43876075745, 6.89092588425, 13.6531257629, 15.7420349121, 18.4344539642, 33.0716056824, 22.73944664, 21.0784244537, 15.7941398621, 19.7107276917, 16.9183082581, 21.6547412872, 44.5090408325, 30.013381958, 40.1989936829, 27.677072525, 30.0270805359, 14.797203064, 12.4663352966, 10.1691484451, 5.31348609924, 4.1393904686, 3.01295900345, 2.20405340195, 1.78468894958, 1.10754013062, 0.822106599808, 0.460766971111, 0.19629843533, 0.0982011929154, 0.0401385091245, 0.00387814454734, 7.11127431714e-05, 1.08169242594e-05],
        "dmean2": [0.285229116678, 2.27703285217, 3.79400467873, 3.93986916542, 7.0432343483, 10.6590213776, 8.97341918945, 11.2123632431, 21.7777462006, 24.7281017303, 29.1666526794, 49.9196014404, 36.5608024597, 32.5725669861, 24.704744339, 32.1760025024, 27.1285190582, 34.6094551086, 72.7231216431, 48.8372306824, 66.6074829102, 45.8582458496, 49.7337303162, 24.3959255219, 20.064907074, 16.1325683594, 8.56621742249, 6.44443798065, 4.46924114227, 3.14958238602, 2.63892841339, 1.56298398972, 1.1676530838, 0.663511991501, 0.29289662838, 0.149248838425, 0.0586014203727, 0.00584247754887, 0.00010434880096, 1.65185720107e-05],
        "dvar": [0.0783537700772, 5.55405235291, 12.8139801025, 8.20949363708, 54.9613952637, 145.823196411, 66.2029342651, 88.6843795776, 658.413696289, 1122.93505859, 1887.1048584, 3683.14282227, 1474.10888672, 1313.15185547, 759.171447754, 1615.86608887, 505.072998047, 1302.29980469, 3809.23364258, 1470.75622559, 3347.58862305, 925.378662109, 2122.20825195, 290.254730225, 216.834823608, 133.591751099, 31.076833725, 35.9893188477, 21.2149925232, 12.277425766, 9.87493991852, 4.03960990906, 2.21818089485, 2.09783983231, 0.411946117878, 0.0622494742274, 0.00801718048751, 8.52803423186e-05, 2.57621781685e-08, 1.86649196099e-10],
        "dvar2": [0.239808216691, 15.6962823868, 35.2542877197, 23.4253444672, 152.341644287, 382.065155029, 180.386306763, 216.431884766, 1458.58581543, 2562.13525391, 4623.14550781, 7816.39501953, 3540.01196289, 2901.36401367, 1998.91784668, 4360.38916016, 1122.12280273, 2841.24194336, 9771.87109375, 3463.01586914, 8768.8515625, 2383.87402344, 5537.13964844, 732.777404785, 561.692321777, 343.458496094, 75.7616577148, 85.02003479, 50.0210876465, 28.2316436768, 23.3199329376, 9.59548664093, 4.83741474152, 4.86909008026, 0.975513219833, 0.156697317958, 0.0171042922884, 0.000196366367163, 5.8049252516e-08, 4.49761589083e-10],
        "max": [1.82467448711, 19.3608970642, 30.3388652802, 24.2040081024, 80.0226364136, 156.504669189, 129.712478638, 168.65486145, 350.597991943, 533.21484375, 552.305541992, 848.644470215, 754.812194824, 664.514160156, 445.626586914, 869.804504395, 301.385803223, 777.69732666, 835.381225586, 1013.47265625, 956.764221191, 320.739929199, 638.676696777, 266.574310303, 189.723876953, 148.76864624, 63.7474822998, 94.9760131836, 76.4025878906, 55.5667076111, 49.0099182129, 36.1113586426, 20.9713726044, 36.7641944885, 14.217294693, 4.27946710587, 0.98462831974, 0.108005963266, 0.00200971635059, 0.000138493676786],
        "mean": [0.169401064515, 1.8409897089, 4.26328992844, 4.5585565567, 6.33756732941, 8.18249893188, 8.82314014435, 12.1398839951, 22.1376857758, 24.2364330292, 32.4776344299, 60.6076545715, 44.7814292908, 44.3055534363, 28.8510437012, 34.1141929626, 35.2553939819, 48.6908226013, 85.205581665, 69.5762176514, 86.7219161987, 62.8553695679, 66.8670730591, 37.6266555786, 31.3786258698, 25.9765777588, 14.6252565384, 10.2251529694, 7.00049638748, 5.03860616684, 3.97063589096, 2.62793254852, 1.74337029457, 0.881686031818, 0.335844427347, 0.144901871681, 0.0533410385251, 0.00447685876861, 0.00010810301319, 4.69910155516e-05],
        "median": [0.0768977552652, 1.08619892597, 2.9885725975, 3.87916207314, 4.06018972397, 4.69028234482, 6.53799247742, 7.78662061691, 12.0934753418, 11.9811840057, 14.4237995148, 28.6975097656, 26.9668159485, 23.5673179626, 16.6144256592, 22.9784240723, 24.411359787, 29.4720230103, 54.9708786011, 53.4987258911, 67.3013458252, 53.0755691528, 45.9901046753, 30.3688259125, 26.3352909088, 20.2722034454, 11.7227668762, 6.62998485565, 4.07023239136, 2.29745960236, 1.51610326767, 1.00750696659, 0.692251384258, 0.334776431322, 0.130109786987, 0.0461861826479, 0.0120725864545, 0.000741612922866, 4.10853026551e-05, 4.45064724772e-05],
        "min": [0.000100205565104, 0.00143758486956, 0.0104715088382, 0.0591498538852, 0.0567472837865, 0.249021500349, 0.279888480902, 0.253773212433, 0.390542596579, 0.669922411442, 0.268941938877, 0.373119980097, 0.80915415287, 0.563575327396, 0.304104655981, 0.635271191597, 0.869780361652, 0.505988061428, 0.866274356842, 1.89014363289, 1.75066721439, 1.73663318157, 2.68991398811, 0.934420704842, 0.582397460938, 0.34445771575, 0.337396353483, 0.229662552476, 0.0423255153, 0.0146318692714, 0.00610703136772, 0.00172460253816, 0.000376032374334, 0.000117556905025, 1.8838336473e-05, 1.27738385345e-05, 6.74877264828e-06, 1.18107880098e-06, 5.23018934473e-06, 7.21397873349e-06],
        "var": [0.0650001466274, 5.20304632187, 16.5345058441, 11.9745950699, 52.4431610107, 133.77154541, 78.9338684082, 234.182785034, 1171.60974121, 1669.42907715, 2815.27246094, 8557.26953125, 3353.79052734, 5788.5078125, 1533.9230957, 1950.03540039, 1443.46350098, 4395.04833984, 9461.43847656, 5160.56835938, 6445.22021484, 2006.57275391, 5731.05566406, 776.154174805, 530.517150879, 413.843536377, 111.789916992, 96.7812728882, 59.8176040649, 38.3069992065, 30.4144496918, 12.228055954, 5.65389490128, 2.69337725639, 0.45829859376, 0.0664596706629, 0.0110195558518, 0.000100242323242, 3.26806564033e-08, 3.73354597238e-10]
    },
    "gfcc": {
        "mean": [45.3012390137, 99.1309127808, -144.427139282, 44.3665313721, -48.555847168, 14.03657341, -35.9848480225, 16.9064559937, -18.7515277863, 2.32962679863, -17.8064613342, -4.86123371124, -7.03863191605],
        "cov": [[1457.43798828, -925.500183105, 393.807189941, -58.1368217468, -204.959793091, 268.861083984, -156.223556519, 151.220214844, -109.877960205, 155.864532471, -170.353713989, 164.42098999, -195.951095581], [-925.500183105, 1039.36425781, -334.628753662, -18.9923286438, 244.756607056, -237.695144653, 186.333145142, -115.685516357, 110.940750122, -120.835662842, 133.312011719, -162.657363892, 141.610366821], [393.807189941, -334.628753662, 472.711975098, 52.3979492188, -21.1386051178, 145.246520996, -67.4115066528, 99.8363037109, -16.1649570465, 102.898979187, -57.4899482727, 110.551651001, -74.9177627563], [-58.1368217468, -18.9923286438, 52.3979492188, 221.583404541, 48.7006835938, 23.5377483368, -4.06147956848, -0.878415226936, 30.504825592, -19.9820232391, 39.4388694763, 15.3651847839, 47.3617935181], [-204.959793091, 244.756607056, -21.1386051178, 48.7006835938, 202.747070312, -16.3236732483, 79.0761642456, -8.12835884094, 31.4127502441, -8.18376541138, 23.51927948, -12.567240715, 34.8035049438], [268.861083984, -237.695144653, 145.246520996, 23.5377483368, -16.3236732483, 170.042236328, 0.489360749722, 61.5947494507, -20.894952774, 33.828453064, -37.843788147, 36.8836326599, -27.4530944824], [-156.223556519, 186.333145142, -67.4115066528, -4.06147956848, 79.0761642456, 0.489360749722, 126.352920532, 4.43990659714, 25.9659194946, -24.8187141418, 18.0242099762, -23.7942047119, 26.4629631042], [151.220214844, -115.685516357, 99.8363037109, -0.878415226936, -8.12835884094, 61.5947494507, 4.43990659714, 93.7535171509, 8.45345687866, 31.9906272888, -23.6692752838, 23.6110858917, -20.948179245], [-109.877960205, 110.940750122, -16.1649570465, 30.504825592, 31.4127502441, -20.894952774, 25.9659194946, 8.45345687866, 79.2925109863, 8.85417366028, 26.4807853699, -19.668554306, 18.5276317596], [155.864532471, -120.835662842, 102.898979187, -19.9820232391, -8.18376541138, 33.828453064, -24.8187141418, 31.9906272888, 8.85417366028, 82.4475708008, -6.89747619629, 34.3286819458, -33.0050201416], [-170.353713989, 133.312011719, -57.4899482727, 39.4388694763, 23.51927948, -37.843788147, 18.0242099762, -23.6692752838, 26.4807853699, -6.89747619629, 75.2640380859, 0.12137516588, 37.4965820312], [164.42098999, -162.657363892, 110.551651001, 15.3651847839, -12.567240715, 36.8836326599, -23.7942047119, 23.6110858917, -19.668554306, 34.3286819458, 0.12137516588, 92.4927520752, -6.74521541595], [-195.951095581, 141.610366821, -74.9177627563, 47.3617935181, 34.8035049438, -27.4530944824, 26.4629631042, -20.948179245, 18.5276317596, -33.0050201416, 37.4965820312, -6.74521541595, 89.0216751099]],
        "icov": [[0.00230889511295, 3.34512260451e-05, 0.000877505401149, -0.000765881908592, 0.00100990000647, -0.00173594907392, 0.000681868288666, -0.000812739075627, 0.000569955736864, -0.00190843606833, 0.00298477197066, -0.002742592711, 0.00255967816338], [3.34512260451e-05, 0.00754236988723, -0.00322976242751, 0.00487699173391, -0.00561592262238, 0.00530891027302, -0.00359546695836, 0.00176997820381, -0.00281017250381, 0.00553455995396, -0.00847676489502, 0.00899034366012, -0.00503048999235], [0.000877505401149, -0.00322976242751, 0.00725133484229, -0.00418137852103, 0.00212087738328, -0.00459832651541, 0.00322310742922, -0.00291475164704, 0.00082554644905, -0.00592427887022, 0.0072553306818, -0.00875728949904, 0.00541729945689], [-0.000765881908592, 0.00487699173391, -0.00418137852103, 0.0111903883517, -0.00589659390971, 0.00161277060397, 0.000492801016662, 0.00186708697584, -0.0050733895041, 0.0091267703101, -0.0104608265683, 0.00635670684278, -0.00649331603199], [0.00100990000647, -0.00561592262238, 0.00212087738328, -0.00589659390971, 0.012343830429, -0.00326260039583, -0.00249031255953, -0.000447029713541, 0.00236630975269, -0.00732597243041, 0.00868459604681, -0.0073118917644, 0.00346083263867], [-0.00173594907392, 0.00530891027302, -0.00459832651541, 0.00161277060397, -0.00326260039583, 0.0158419534564, -0.00651366543025, -0.00188276881818, 0.00128225877415, 0.00267928955145, -0.00504759140313, 0.00855372939259, -0.00583914015442], [0.000681868288666, -0.00359546695836, 0.00322310742922, 0.000492801016662, -0.00249031255953, -0.00651366543025, 0.0165232159197, -0.00379719166085, -0.00206030579284, 0.00197559525259, 0.00199984339997, -0.00496201729402, 0.00277314591222], [-0.000812739075627, 0.00176997820381, -0.00291475164704, 0.00186708697584, -0.000447029713541, -0.00188276881818, -0.00379719166085, 0.018521707505, -0.00527608348057, -0.000243653223151, 0.000631283503026, 0.00152986310422, -0.00211171549745], [0.000569955736864, -0.00281017250381, 0.00082554644905, -0.0050733895041, 0.00236630975269, 0.00128225877415, -0.00206030579284, -0.00527608348057, 0.0220238100737, -0.00987889431417, -0.000416358845541, 0.0028862520121, 0.000107701198431], [-0.00190843606833, 0.00553455995396, -0.00592427887022, 0.0091267703101, -0.00732597243041, 0.00267928955145, 0.00197559525259, -0.000243653223151, -0.00987889431417, 0.0305399857461, -0.0139439823106, 0.00376045447774, -0.000263339170488], [0.00298477197066, -0.00847676489502, 0.0072553306818, -0.0104608265683, 0.00868459604681, -0.00504759140313, 0.00199984339997, 0.000631283503026, -0.000416358845541, -0.0139439823106, 0.0373996905982, -0.0182638280094, 0.00410774629563], [-0.002742592711, 0.00899034366012, -0.00875728949904, 0.00635670684278, -0.0073118917644, 0.00855372939259, -0.00496201729402, 0.00152986310422, 0.0028862520121, 0.00376045447774, -0.0182638280094, 0.0331485010684, -0.0127604287118], [0.00255967816338, -0.00503048999235, 0.00541729945689, -0.00649331603199, 0.00346083263867, -0.00583914015442, 0.00277314591222, -0.00211171549745, 0.000107701198431, -0.000263339170488, 0.00410774629563, -0.0127604287118, 0.0255911760032]]
    },
    "melbands": {
        "dmean": [0.00150842766743, 0.00127996027004, 0.000415768503444, 0.000391698005842, 0.000196200504433, 0.000151974352775, 0.000215861524339, 0.000171023522853, 0.000161032745382, 0.000204897703952, 0.000117109295388, 9.40314057516e-05, 5.16305626661e-05, 5.15580395586e-05, 3.97763215005e-05, 4.28855491919e-05, 4.44340585091e-05, 7.29291568859e-05, 4.69276274089e-05, 5.5319211242e-05, 5.07013501192e-05, 3.68674118363e-05, 2.63499587163e-05, 2.59460794041e-05, 1.29158770505e-05, 1.08295662358e-05, 9.53392918746e-06, 6.81916480971e-06, 4.07099787481e-06, 3.07464893012e-06, 2.47623847827e-06, 1.85065925962e-06, 1.62820379046e-06, 1.17613774364e-06, 1.12267264285e-06, 8.836896086e-07, 7.22180004686e-07, 6.50204981412e-07, 5.10218853833e-07, 3.98148955583e-07],
        "dmean2": [0.00272107706405, 0.00216386583634, 0.000711566477548, 0.000664995750412, 0.000322028441587, 0.000245279632509, 0.00034581386717, 0.000267411669483, 0.000253856851486, 0.00031050760299, 0.00018789852038, 0.000144789955812, 7.9270786955e-05, 8.36148974486e-05, 6.25769316684e-05, 6.9276211434e-05, 7.10182794137e-05, 0.000118682750326, 7.68537138356e-05, 9.13529074751e-05, 8.45469257911e-05, 6.15538883721e-05, 4.42619093519e-05, 4.29077481385e-05, 2.16028583964e-05, 1.78070858965e-05, 1.5125147911e-05, 1.10979035526e-05, 6.63159516989e-06, 4.94948426422e-06, 3.85528846891e-06, 2.82097312265e-06, 2.42416649598e-06, 1.73998000719e-06, 1.71404042248e-06, 1.31719093588e-06, 1.05739150058e-06, 9.38960113217e-07, 7.5539600175e-07, 5.95351878019e-07],
        "dvar": [7.18792580301e-06, 4.5294168558e-06, 2.72561550219e-07, 6.46631178824e-07, 7.09275553845e-08, 4.27131077174e-08, 1.4752323807e-07, 1.3158448553e-07, 1.14364134163e-07, 1.40297757412e-07, 4.02947506473e-08, 2.74976255099e-08, 8.87290596552e-09, 8.54226112068e-09, 3.47941631063e-09, 4.58430138295e-09, 6.18415096909e-09, 9.82239800607e-09, 3.16592463356e-09, 5.32762811645e-09, 5.05418462637e-09, 1.95139349124e-09, 1.52838441903e-09, 1.31653987712e-09, 2.50116705125e-10, 1.89032761666e-10, 1.46378992261e-10, 6.26099727619e-11, 1.95669643682e-11, 1.50623229167e-11, 1.35436332288e-11, 7.99770926568e-12, 6.13919982559e-12, 3.95190694405e-12, 4.30872395055e-12, 2.31749363623e-12, 1.85866144524e-12, 1.34410256362e-12, 9.6672528923e-13, 2.00152654867e-12],
        "dvar2": [2.14540268644e-05, 1.22727815324e-05, 7.69301323089e-07, 1.73582839125e-06, 1.90657146959e-07, 1.02701228855e-07, 3.32801079139e-07, 3.09833694701e-07, 2.64077698375e-07, 2.96300299851e-07, 9.59544195211e-08, 5.99110094868e-08, 2.16285727106e-08, 2.27673986331e-08, 8.60070414888e-09, 1.01866310942e-08, 1.35354660813e-08, 2.48299496519e-08, 7.79869413492e-09, 1.38509941294e-08, 1.32683677379e-08, 5.04544450664e-09, 3.88021881292e-09, 3.34519101308e-09, 6.43531283817e-10, 5.1699239334e-10, 3.67979868798e-10, 1.7027118604e-10, 5.06922802346e-11, 3.54825786808e-11, 3.32006332149e-11, 1.96484929021e-11, 1.39012074421e-11, 9.71640563147e-12, 1.07046030026e-11, 5.49242942793e-12, 4.64826831539e-12, 2.97186277323e-12, 2.32334269011e-12, 4.61090714221e-12],
        "max": [0.0204863399267, 0.0166742634028, 0.00535069126636, 0.00997304730117, 0.00380487996154, 0.00339607102796, 0.00480548432097, 0.00516615994275, 0.00420458288863, 0.00462713604793, 0.00374417938292, 0.00278163538314, 0.00156860449351, 0.00190879404545, 0.00104259490035, 0.00118352903519, 0.00178753188811, 0.00135063042399, 0.00105243816506, 0.00108478486072, 0.00106882548425, 0.000458312308183, 0.000524963019416, 0.000608852307778, 0.000243182308623, 0.000232153222896, 0.000146755686728, 9.53208655119e-05, 6.31696748314e-05, 5.35926774319e-05, 5.38179228897e-05, 4.52545646112e-05, 3.19335194945e-05, 3.31476294377e-05, 3.52915412805e-05, 2.4620539989e-05, 2.75231923297e-05, 1.67868947756e-05, 1.51918320626e-05, 3.80378842237e-05],
        "mean": [0.00186309369747, 0.00239210319705, 0.000870895397384, 0.000536631327122, 0.000323942949763, 0.000266188260866, 0.000348285713699, 0.000258886342635, 0.000291505566565, 0.000372230715584, 0.000220677917241, 0.000188731777598, 9.07557405299e-05, 8.73962781043e-05, 7.68456593505e-05, 7.89097102825e-05, 9.02039028006e-05, 0.000134666595841, 9.17662910069e-05, 0.000110470769869, 9.8364209407e-05, 7.03562036506e-05, 5.44888316654e-05, 5.5723645346e-05, 2.7253794542e-05, 2.36277210206e-05, 2.17723300011e-05, 1.59372866619e-05, 9.75749571808e-06, 7.09148343958e-06, 5.39724624105e-06, 3.96942687075e-06, 3.43140186487e-06, 2.49093682214e-06, 2.29243028116e-06, 1.88794626865e-06, 1.55474583607e-06, 1.28616443362e-06, 9.75770376499e-07, 6.68314839913e-07],
        "median": [0.00102003791835, 0.00183871760964, 0.000736319983844, 0.000329224916641, 0.00023899108055, 0.000174016589881, 0.000183833195479, 0.000130599262775, 0.000125773905893, 0.000182154515642, 0.000127654260723, 9.53735070652e-05, 4.83856456412e-05, 5.77564642299e-05, 5.46260998817e-05, 4.95633830724e-05, 4.8325091484e-05, 8.19414199213e-05, 6.73718895996e-05, 7.42269112379e-05, 7.67806268414e-05, 5.52651035832e-05, 3.85318417102e-05, 3.53138966602e-05, 2.1441042918e-05, 1.91272574739e-05, 1.67485977727e-05, 1.25212172861e-05, 7.70150381868e-06, 4.89487956656e-06, 3.33508137373e-06, 2.26852739615e-06, 1.77056517714e-06, 1.09506368062e-06, 8.77301260971e-07, 7.38658400223e-07, 5.85963391586e-07, 5.0753396863e-07, 3.59446318043e-07, 2.45141791311e-07],
        "min": [5.86271482916e-07, 4.24207428296e-06, 9.98003633867e-06, 9.61338446359e-06, 1.19580026876e-05, 5.07279219164e-06, 3.98620522901e-06, 4.57110672869e-06, 9.71673557615e-07, 2.2485212412e-06, 3.35480217473e-06, 1.92497259377e-06, 7.31842931145e-07, 1.84282873761e-06, 1.0934910506e-06, 1.45482351854e-06, 6.76063223182e-07, 1.14157353437e-06, 2.88314322461e-06, 1.4915256088e-06, 1.89750517166e-06, 1.79014227797e-06, 2.24846371566e-06, 1.26281463508e-06, 4.04824163525e-07, 3.87145178138e-07, 2.42637497649e-07, 2.08489353781e-07, 2.46186544928e-07, 1.36542553264e-07, 4.74765293745e-08, 2.24066649679e-08, 1.36757911662e-08, 5.33618615961e-09, 3.34228733578e-09, 1.88905424636e-09, 6.87159995572e-10, 2.27739049841e-10, 1.18471649158e-10, 3.64159084831e-11],
