{
"highlevel": {
    "danceability": {
        "all": {
            "danceable": 0.0955451503396,
            "not_danceable": 0.904454827309
        },
        "probability": 0.904454827309,
        "value": "not_danceable"
    },
    "gender": {
        "all": {
            "female": 0.167232781649,
            "male": 0.832767188549
        },
        "probability": 0.832767188549,
        "value": "male"
    },
    "genre_dortmund": {
        "all": {
            "alternative": 0.17928288877,
            "blues": 0.0290416311473,
            "electronic": 0.0687821209431,
            "folkcountry": 0.0917425081134,
            "funksoulrnb": 0.028342789039,
            "jazz": 0.0307219196111,
            "pop": 0.0857133716345,
            "raphiphop": 0.0752198025584,
            "rock": 0.41115295887
        },
        "probability": 0.41115295887,
        "value": "rock"
    },
    "genre_electronic": {
        "all": {
            "ambient": 0.341060161591,
            "dnb": 0.297691226006,
            "house": 0.0790285766125,
            "techno": 0.0168547816575,
            "trance": 0.265365242958
        },
        "probability": 0.341060161591,
        "value": "ambient"
    },
    "genre_rosamerica": {
        "all": {
            "cla": 0.0243753790855,
            "dan": 0.0111246341839,
            "hip": 0.0163893457502,
            "jaz": 0.00534226791933,
            "pop": 0.193348169327,
            "rhy": 0.0238991230726,
            "roc": 0.721995055676,
            "spe": 0.00352600612678
        },
        "probability": 0.721995055676,
        "value": "roc"
    },
    "genre_tzanetakis": {
        "all": {
            "blu": 0.0626613423228,
            "cla": 0.0348169617355,
            "cou": 0.104475811124,
            "dis": 0.0784321576357,
            "hip": 0.15692435205,
            "jaz": 0.313974827528,
            "met": 0.0448166541755,
            "pop": 0.0627359300852,
            "reg": 0.0627360641956,
            "roc": 0.0784258767962
        },
        "probability": 0.313974827528,
        "value": "jaz"
    },
    "ismir04_rhythm": {
        "all": {
            "ChaChaCha": 0.026346988976,
            "Jive": 0.284185737371,
            "Quickstep": 0.218713819981,
            "Rumba-American": 0.00403360184282,
            "Rumba-International": 0.00702835526317,
            "Rumba-Misc": 0.00445792917162,
            "Samba": 0.271146148443,
            "Tango": 0.0203187372535,
            "VienneseWaltz": 0.15652705729,
            "Waltz": 0.0072416192852
        },
        "probability": 0.284185737371,
        "value": "Jive"
    },
    "mood_acoustic": {
        "all": {
            "acoustic": 0.0212617553771,
            "not_acoustic": 0.978738248348
        },
        "probability": 0.978738248348,
        "value": "not_acoustic"
    },
    "mood_aggressive": {
        "all": {
            "aggressive": 0.930063664913,
            "not_aggressive": 0.0699363425374
        },
        "probability": 0.930063664913,
        "value": "aggressive"
    },
    "mood_electronic": {
        "all": {
            "electronic": 0.269405961037,
            "not_electronic": 0.730594038963
        },
        "probability": 0.730594038963,
        "value": "not_electronic"
    },
    "mood_happy": {
        "all": {
            "happy": 0.980769097805,
            "not_happy": 0.019230896607
        },
        "probability": 0.980769097805,
        "value": "happy"
    },
    "mood_party": {
        "all": {
            "not_party": 0.293901890516,
            "party": 0.706098079681
        },
        "probability": 0.706098079681,
        "value": "party"
    },
    "mood_relaxed": {
        "all": {
            "not_relaxed": 0.980084776878,
            "relaxed": 0.0199152063578
        },
        "probability": 0.980084776878,
        "value": "not_relaxed"
    },
    "mood_sad": {
        "all": {
            "not_sad": 0.806391298771,
            "sad": 0.19360871613
        },
        "probability": 0.806391298771,
        "value": "not_sad"
    },
    "moods_mirex": {
        "all": {
            "Cluster1": 0.306577771902,
            "Cluster2": 0.243988126516,
            "Cluster3": 0.105956323445,
            "Cluster4": 0.104857422411,
            "Cluster5": 0.238620355725
        },
        "probability": 0.306577771902,
        "value": "Cluster1"
    },
    "timbre": {
        "all": {
            "bright": 0.908910989761,
            "dark": 0.0910890325904
        },
        "probability": 0.908910989761,
        "value": "bright"
    },
    "tonal_atonal": {
        "all": {
            "atonal": 0.362697780132,
            "tonal": 0.637302219868
        },
        "probability": 0.637302219868,
        "value": "tonal"
    },
    "voice_instrumental": {
        "all": {
            "instrumental": 0.000565219961572,
            "voice": 0.999434769154
        },
        "probability": 0.999434769154,
        "value": "voice"
    }
},
"lowlevel": {
    "average_loudness": 0.976078629494,
    "barkbands_crest": {
        "dmean": 2.33709287643,
        "dmean2": 3.77471733093,
        "dvar": 4.71968841553,
        "dvar2": 12.0838499069,
        "max": 19.9047870636,
        "mean": 7.43580961227,
        "median": 6.81701469421,
        "min": 2.31868505478,
        "var": 9.1670627594
    },
    "barkbands_flatness_db": {
        "dmean": 0.0207302775234,
        "dmean2": 0.0310253351927,
        "dvar": 0.000361982180038,
        "dvar2": 0.000807799980976,
        "max": 0.249786809087,
        "mean": 0.121579408646,
        "median": 0.119691029191,
        "min": 0.0448855347931,
        "var": 0.000991117791273
    },
    "barkbands_kurtosis": {
        "dmean": 1.14898216724,
        "dmean2": 1.82759702206,
        "dvar": 3.18192434311,
        "dvar2": 8.06869411469,
        "max": 16.2834281921,
        "mean": 0.270244389772,
        "median": -0.365942001343,
        "min": -1.90255510807,
        "var": 4.8785610199
    },
    "barkbands_skewness": {
        "dmean": 0.482357025146,
        "dmean2": 0.732450842857,
        "dvar": 0.22987011075,
        "dvar2": 0.573947131634,
        "max": 3.94216990471,
        "mean": 0.608654022217,
        "median": 0.49668431282,
        "min": -2.10272145271,
        "var": 0.654082894325
    },
    "barkbands_spread": {
        "dmean": 8.74173641205,
        "dmean2": 13.4481897354,
        "dvar": 99.9285583496,
        "dvar2": 248.822036743,
        "max": 99.7459487915,
        "mean": 29.7755699158,
        "median": 27.1926803589,
        "min": 5.4933052063,
        "var": 176.505203247
    },
    "dissonance": {
        "dmean": 0.0161651521921,
        "dmean2": 0.0269668065012,
        "dvar": 0.000207291202969,
        "dvar2": 0.000569877389353,
        "max": 0.499999940395,
        "mean": 0.470195680857,
        "median": 0.473668515682,
        "min": 0.360315650702,
        "var": 0.000408983643865
    },
    "dynamic_complexity": 1.71337544918,
    "erbbands_crest": {
        "dmean": 2.62301564217,
        "dmean2": 4.13434171677,
        "dvar": 5.32282829285,
        "dvar2": 12.6818399429,
        "max": 23.7458381653,
        "mean": 8.1785697937,
        "median": 7.38657140732,
        "min": 3.00927472115,
        "var": 12.0075416565
    },
    "erbbands_flatness_db": {
        "dmean": 0.0234334114939,
        "dmean2": 0.0319385230541,
        "dvar": 0.000403573649237,
        "dvar2": 0.000768407131545,
        "max": 0.26830714941,
        "mean": 0.168797373772,
        "median": 0.167388349771,
        "min": 0.0768425837159,
        "var": 0.00143341603689
    },
    "erbbands_kurtosis": {
        "dmean": 0.71648144722,
        "dmean2": 1.112621665,
        "dvar": 0.609566986561,
        "dvar2": 1.51033616066,
        "max": 7.06247615814,
        "mean": 0.0210504084826,
        "median": -0.191549301147,
        "min": -1.63831675053,
        "var": 1.24872565269
    },
    "erbbands_skewness": {
        "dmean": 0.34740370512,
        "dmean2": 0.539065718651,
        "dvar": 0.103526100516,
        "dvar2": 0.241583958268,
        "max": 1.84865915775,
        "mean": 0.0326633751392,
        "median": 0.0677785351872,
        "min": -2.3988802433,
        "var": 0.308235824108
    },
    "erbbands_spread": {
        "dmean": 9.90273666382,
        "dmean2": 14.0313119888,
        "dvar": 93.3001480103,
        "dvar2": 206.358352661,
        "max": 108.271995544,
        "mean": 36.0421562195,
        "median": 33.8413734436,
        "min": 7.9230928421,
        "var": 245.836349487
    },
    "hfc": {
        "dmean": 14.6716661453,
        "dmean2": 21.7090606689,
        "dvar": 312.134094238,
        "dvar2": 782.066589355,
        "max": 121.827331543,
        "mean": 33.6732330322,
        "median": 29.0683841705,
        "min": 0.324180454016,
        "var": 575.423095703
    },
    "melbands_crest": {
        "dmean": 3.33478975296,
        "dmean2": 5.37254953384,
        "dvar": 10.2171506882,
        "dvar2": 23.764169693,
        "max": 27.3193035126,
        "mean": 12.1913423538,
        "median": 11.6441030502,
        "min": 2.40043735504,
        "var": 24.8869876862
    },
    "melbands_flatness_db": {
        "dmean": 0.0261165685952,
        "dmean2": 0.0398692414165,
        "dvar": 0.000728631333914,
        "dvar2": 0.0016400180757,
        "max": 0.318985044956,
        "mean": 0.132777139544,
        "median": 0.131072416902,
        "min": 0.0171865858138,
        "var": 0.00218321220018
    },
    "melbands_kurtosis": {
        "dmean": 3.52318096161,
        "dmean2": 5.61024808884,
        "dvar": 41.6633834839,
        "dvar2": 111.381744385,
        "max": 103.205810547,
        "mean": 4.36619853973,
        "median": 2.00153493881,
        "min": -1.83072066307,
        "var": 53.1956977844
    },
    "melbands_skewness": {
        "dmean": 0.650795638561,
        "dmean2": 0.969213724136,
        "dvar": 0.494035810232,
        "dvar2": 1.19096505642,
        "max": 9.17603111267,
        "mean": 1.60804855824,
        "median": 1.39790856838,
        "min": -1.01076447964,
        "var": 1.26643526554
    },
    "melbands_spread": {
        "dmean": 12.8401622772,
        "dmean2": 20.0255184174,
        "dvar": 221.131820679,
        "dvar2": 549.721313477,
        "max": 208.164825439,
        "mean": 40.7601623535,
        "median": 37.7515258789,
        "min": 5.52473211288,
        "var": 477.914306641
    },
    "pitch_salience": {
        "dmean": 0.0673213154078,
        "dmean2": 0.108956083655,
        "dvar": 0.00392382638529,
        "dvar2": 0.00923796370625,
        "max": 0.824550151825,
        "mean": 0.568916141987,
        "median": 0.564279854298,
        "min": 0.257070690393,
        "var": 0.010328931734
    },
    "silence_rate_20dB": {
        "dmean": 0,
        "dmean2": 0,
        "dvar": 0,
        "dvar2": 0,
        "max": 1,
        "mean": 1,
        "median": 1,
        "min": 1,
        "var": 0
    },
    "silence_rate_30dB": {
        "dmean": 0,
        "dmean2": 0,
        "dvar": 0,
        "dvar2": 0,
        "max": 1,
        "mean": 1,
        "median": 1,
        "min": 1,
        "var": 0
    },
    "silence_rate_60dB": {
        "dmean": 0.0278637763113,
        "dmean2": 0.0557707212865,
        "dvar": 0.0270875915885,
        "dvar2": 0.0697019770741,
        "max": 1,
        "mean": 0.0286156218499,
        "median": 0,
        "min": 0,
        "var": 0.0277966372669
    },
    "spectral_centroid": {
        "dmean": 351.387542725,
        "dmean2": 543.828125,
        "dvar": 135003.1875,
        "dvar2": 327331.90625,
        "max": 4367.25878906,
        "mean": 1991.96691895,
        "median": 2010.35546875,
        "min": 428.823394775,
        "var": 368737.8125
    },
    "spectral_complexity": {
        "dmean": 5.67569637299,
        "dmean2": 8.2703332901,
        "dvar": 29.6434001923,
        "dvar2": 56.8867034912,
        "max": 56,
        "mean": 24.0928077698,
        "median": 24,
        "min": 2,
        "var": 95.0957946777
    },
    "spectral_decrease": {
        "dmean": 1.84270843029e-09,
        "dmean2": 2.65177102499e-09,
        "dvar": 3.92829437749e-18,
        "dvar2": 8.51277790004e-18,
        "max": -6.5226497814e-11,
        "mean": -5.36827071684e-09,
        "median": -5.21005150134e-09,
        "min": -1.67208469293e-08,
        "var": 8.88395700195e-18
    },
    "spectral_energy": {
        "dmean": 0.00790562015027,
        "dmean2": 0.0113076977432,
        "dvar": 6.72288661008e-05,
        "dvar2": 0.000143003358971,
        "max": 0.069838181138,
        "mean": 0.0233153477311,
        "median": 0.0227000378072,
        "min": 0.000275584054179,
        "var": 0.000158691793331
    },
    "spectral_energyband_high": {
        "dmean": 0.00145080930088,
        "dmean2": 0.00230716122314,
        "dvar": 4.62344542029e-06,
        "dvar2": 1.18827902043e-05,
        "max": 0.0164184123278,
        "mean": 0.00217029917985,
        "median": 0.00132535945158,
        "min": 9.09218306333e-06,
        "var": 5.87233535043e-06
    },
    "spectral_energyband_low": {
        "dmean": 0.00279388553463,
        "dmean2": 0.00458204187453,
        "dvar": 2.92809636449e-05,
        "dvar2": 7.59128670325e-05,
        "max": 0.0489195622504,
        "mean": 0.00466115633026,
        "median": 0.00292701949365,
        "min": 2.19903085963e-06,
        "var": 3.37789861078e-05
    },
    "spectral_energyband_middle_high": {
        "dmean": 0.00351954251528,
        "dmean2": 0.00463607627898,
        "dvar": 1.4558325347e-05,
        "dvar2": 2.49564527621e-05,
        "max": 0.0427075475454,
        "mean": 0.00903206225485,
        "median": 0.00753996707499,
        "min": 8.12761063571e-05,
        "var": 5.37803898624e-05
    },
    "spectral_energyband_middle_low": {
        "dmean": 0.00412389123812,
        "dmean2": 0.00614836346358,
        "dvar": 2.52815189015e-05,
        "dvar2": 5.77521932428e-05,
        "max": 0.0425466261804,
        "mean": 0.0084493458271,
        "median": 0.00675786565989,
        "min": 0.000154328430654,
        "var": 4.51454689028e-05
    },
    "spectral_entropy": {
        "dmean": 0.206322148442,
        "dmean2": 0.278558343649,
        "dvar": 0.0364489071071,
        "dvar2": 0.0751001760364,
        "max": 8.66949939728,
        "mean": 7.72212743759,
        "median": 7.70075416565,
        "min": 6.84462976456,
        "var": 0.103672116995
    },
    "spectral_flux": {
        "dmean": 0.0285227373242,
        "dmean2": 0.0429752916098,
        "dvar": 0.000738913659006,
        "dvar2": 0.00172540498897,
        "max": 0.231181874871,
        "mean": 0.0912987813354,
        "median": 0.0890632793307,
        "min": 0.00900570396334,
        "var": 0.00154836138245
    },
    "spectral_kurtosis": {
        "dmean": 1.384319067,
        "dmean2": 2.22383522987,
        "dvar": 1.55843949318,
        "dvar2": 4.22850847244,
        "max": 13.2603683472,
        "mean": 2.91365909576,
        "median": 2.65244674683,
        "min": -1.0786678791,
        "var": 3.19430994987
    },
    "spectral_rms": {
        "dmean": 0.000847805291414,
        "dmean2": 0.00117771525402,
        "dvar": 7.40451298498e-07,
        "dvar2": 1.51307904162e-06,
        "max": 0.00825438089669,
        "mean": 0.0045539601706,
        "median": 0.00470599392429,
        "min": 0.000518519547768,
        "var": 2.00811359719e-06
    },
    "spectral_rolloff": {
        "dmean": 1045.14440918,
        "dmean2": 1768.85888672,
        "dvar": 2001330.75,
        "dvar2": 4907059.5,
        "max": 11778.6621094,
        "mean": 2755.48461914,
        "median": 2325.5859375,
        "min": 129.19921875,
        "var": 3157194.75
    },
    "spectral_skewness": {
        "dmean": 0.209093570709,
        "dmean2": 0.333140790462,
        "dvar": 0.0308841913939,
        "dvar2": 0.0721152946353,
        "max": 3.16559505463,
        "mean": 1.17642223835,
        "median": 1.17859482765,
        "min": 0.199074164033,
        "var": 0.0846059024334
    },
    "spectral_spread": {
        "dmean": 807126,
        "dmean2": 1118399.125,
        "dvar": 704298614784,
        "dvar2": 1.38360101274e+12,
        "max": 13738468,
        "mean": 4389215.5,
        "median": 4099616.75,
        "min": 2377621.5,
        "var": 1.85654181888e+12
    },
    "spectral_strongpeak": {
        "dmean": 0.882018566132,
        "dmean2": 1.46213424206,
        "dvar": 1.94303095341,
        "dvar2": 4.84186458588,
        "max": 14.6107196808,
        "mean": 1.37080788612,
        "median": 0.661569952965,
        "min": 0.0224877372384,
        "var": 2.77226924896
    },
    "zerocrossingrate": {
        "dmean": 0.0159439705312,
        "dmean2": 0.0200448725373,
        "dvar": 0.000272246601526,
        "dvar2": 0.000333541363943,
        "max": 0.38427734375,
        "mean": 0.0906254500151,
        "median": 0.08544921875,
        "min": 0.0185546875,
        "var": 0.00156752753537
    },
    "barkbands": {
        "dmean": [4.65159355372e-05, 0.00103173428215, 0.0013018141035, 0.000906752422452, 0.00151819817256, 0.000494658073876, 0.000863438704982, 0.000571516517084, 0.00119090324733, 0.000616362376604, 0.000511650345288, 0.000685550330672, 0.000658406992443, 0.000940629746765, 0.000819946522824, 0.000520515837707, 0.000422138313297, 0.000338501500664, 0.000219608191401, 0.000394129543565, 0.000270061485935, 0.000384561979445, 0.000357883021934, 0.000257862557191, 0.000120012417028, 5.80383784836e-05, 4.93185936534e-09],
        "dmean2": [6.94751506671e-05, 0.00171061104629, 0.00219043786637, 0.00146918324754, 0.00236377445981, 0.000767234421801, 0.00134743761737, 0.000900849525351, 0.00187484931666, 0.000971004192252, 0.00076273130253, 0.00100619276054, 0.000971115601715, 0.00138359679841, 0.00122099579312, 0.00081748876255, 0.00062175799394, 0.000513862469234, 0.000341611186741, 0.000590393261518, 0.000431694148574, 0.000620725739282, 0.000604539120104, 0.000433040433563, 0.000193948013475, 9.92603745544e-05, 9.04070507346e-09],
        "dvar": [3.49112241338e-08, 7.81944163464e-06, 6.15594944975e-06, 3.49740003003e-06, 9.74817794486e-06, 7.09001938048e-07, 3.10218797495e-06, 1.66214067576e-06, 3.57955445907e-06, 1.47131902395e-06, 9.48332456119e-07, 1.27837870423e-06, 1.70407179212e-06, 2.30211003327e-06, 2.30144974012e-06, 8.84268956725e-07, 4.45980930408e-07, 2.16872862779e-07, 1.23388730344e-07, 3.49059121163e-07, 1.32247450324e-07, 5.52959420475e-07, 4.96608947742e-07, 2.51861990819e-07, 7.84460567615e-08, 1.49783758729e-08, 1.21713393504e-15],
        "dvar2": [8.17659824293e-08, 2.03880481422e-05, 1.64411485457e-05, 8.27398616821e-06, 2.24445921049e-05, 1.67457267253e-06, 7.71658687881e-06, 3.80530855182e-06, 8.80596053321e-06, 3.82647658626e-06, 2.00363979275e-06, 2.57998817688e-06, 3.60151057066e-06, 5.13165286975e-06, 4.86834596813e-06, 2.28950170822e-06, 1.00356044186e-06, 5.21256879438e-07, 2.99450789498e-07, 7.29635075913e-07, 3.31708179147e-07, 1.42480530485e-06, 1.31720923946e-06, 6.17478747245e-07, 1.68564184833e-07, 3.86869096758e-08, 3.36626880986e-15],
        "max": [0.00414947746322, 0.0270668007433, 0.0208345279098, 0.0210166200995, 0.0247723720968, 0.0124218547717, 0.0145978769287, 0.0191254448146, 0.025980738923, 0.0161569286138, 0.0136087210849, 0.0205365270376, 0.0152169410139, 0.0170272812247, 0.021551206708, 0.0156082743779, 0.0124582406133, 0.00530427787453, 0.00821392051876, 0.0118834860623, 0.003360056784, 0.00963794067502, 0.00575124565512, 0.00571624655277, 0.00463032629341, 0.00163544795942, 7.02611885117e-07],
        "mean": [5.57966595807e-05, 0.00177459395491, 0.00201409496367, 0.00114330230281, 0.00216977181844, 0.000690335349645, 0.00117358041462, 0.000843729532789, 0.00202649598941, 0.000906430650502, 0.000729019113351, 0.00115418701898, 0.000897894904483, 0.00145980308298, 0.00130442762747, 0.000855031248648, 0.000764389056712, 0.000544138601981, 0.000359779369319, 0.000752914871555, 0.000436501723016, 0.000465405842988, 0.000343466032064, 0.000268799049081, 0.000127880324726, 5.35868384759e-05, 3.14902126597e-09],
        "median": [7.35128105589e-06, 8.75641562743e-05, 0.00107060943265, 0.000312008778565, 0.000542609253898, 0.00035884429235, 0.00037838035496, 0.000298822735203, 0.0010741968872, 0.000432468426879, 0.000275026191957, 0.000540637644008, 0.000345643318724, 0.000692579662427, 0.000502602604683, 0.000495418033097, 0.000327843881678, 0.00029741646722, 0.000224932169658, 0.00039487198228, 0.000304912915453, 0.000229744735407, 0.000116176823212, 6.91353343427e-05, 2.96115322271e-05, 6.94506888976e-06, 3.57120333305e-10],
        "min": [1.57986523863e-09, 1.39066628435e-07, 5.81084691476e-07, 4.08018223652e-07, 9.31356225919e-06, 5.28568034497e-06, 3.409943929e-06, 2.05118067242e-06, 4.80817743664e-06, 1.31903527745e-06, 2.29699708143e-06, 1.87927685147e-06, 1.62870503573e-06, 3.58458532901e-06, 7.57197130952e-06, 4.62399930257e-06, 1.75362720256e-06, 2.2797753445e-06, 3.16598902828e-06, 2.99811517834e-06, 2.70880536846e-06, 7.49118953536e-07, 9.21845526136e-07, 1.56747688607e-07, 9.27072463242e-09, 4.74732189323e-12, 7.00278246848e-12],
        "var": [3.94286878702e-08, 9.5213727036e-06, 7.30407418814e-06, 4.69053111374e-06, 1.42361595863e-05, 1.02537853763e-06, 4.16256625613e-06, 3.51512221641e-06, 6.21505705567e-06, 1.98078851099e-06, 1.60510433034e-06, 2.81326447293e-06, 2.7384137411e-06, 4.30232557846e-06, 5.26383792021e-06, 1.40673876103e-06, 1.5050266029e-06, 4.32737010669e-07, 2.17153285575e-07, 1.05635524505e-06, 2.06961004778e-07, 4.92579772526e-07, 3.96590280616e-07, 3.52347683474e-07, 1.32203965109e-07, 1.54161750032e-08, 7.03859338757e-16]
    },
    "erbbands": {
        "dmean": [0.0116438847035, 0.297051608562, 1.324878335, 2.71884584427, 2.60462379456, 5.2018237114, 6.36235904694, 4.67407989502, 11.9305458069, 10.0921850204, 13.1488227844, 23.5458526611, 29.2545719147, 16.6994018555, 22.4395847321, 25.6971969604, 27.7984104156, 47.7281723022, 35.7114028931, 36.6753196716, 29.6311016083, 21.4127559662, 18.4513282776, 12.9809112549, 11.1977367401, 19.4785766602, 13.6499986649, 9.72734451294, 11.9021921158, 11.3394041061, 10.5366811752, 7.61994504929, 3.79915165901, 1.71861147881, 0.714700102806, 0.387157261372, 0.0676707997918, 0.00373231410049, 9.24102350837e-05, 1.6994352336e-05],
        "dmean2": [0.0196504052728, 0.493052691221, 2.20810508728, 4.42635154724, 4.41443824768, 8.31073188782, 9.46851062775, 7.25274419785, 18.3071193695, 16.0781345367, 20.8298740387, 36.6285057068, 45.7951774597, 25.6087398529, 31.8928337097, 37.022354126, 39.8476066589, 71.0249481201, 52.5139732361, 54.5990219116, 46.240322113, 31.2984657288, 28.11095047, 19.4849700928, 17.6047096252, 29.2523174286, 20.7209415436, 15.4900226593, 18.9061126709, 18.7861480713, 17.5362510681, 13.3533449173, 6.28684711456, 2.74436211586, 1.166634202, 0.664347887039, 0.113232411444, 0.00609468622133, 0.000151226893649, 2.53230919043e-05],
        "dvar": [0.000903922773432, 0.6359167099, 7.4749956131, 29.5033073425, 28.4186401367, 123.530570984, 312.529785156, 56.0037193298, 630.389709473, 381.000579834, 796.540222168, 1694.6862793, 3075.27270508, 695.289489746, 1403.07556152, 1981.61999512, 3208.89599609, 6860.82373047, 4821.43017578, 4958.92285156, 3323.90429688, 1159.77331543, 616.15222168, 348.472900391, 289.074310303, 973.83203125, 380.713378906, 200.492721558, 452.667572021, 516.21673584, 406.658630371, 244.971481323, 63.8283843994, 18.7359237671, 2.36713790894, 0.699419498444, 0.0171207413077, 4.66972596769e-05, 2.55869867516e-08, 4.1358519387e-10],
        "dvar2": [0.00244780885987, 1.64992809296, 19.245223999, 71.7651672363, 73.5824966431, 298.448791504, 646.81060791, 140.096038818, 1507.08251953, 869.777770996, 1790.64465332, 4237.57714844, 7927.43457031, 1704.14489746, 2659.51000977, 4142.19140625, 6489.44091797, 16045.1650391, 10008.0751953, 11276.3603516, 8682.93457031, 2585.70263672, 1466.85388184, 816.347412109, 721.832336426, 1942.11584473, 835.833190918, 521.10546875, 1152.00622559, 1347.2677002, 1056.39428711, 652.173339844, 149.530273438, 39.9752006531, 5.3016409874, 1.81982815266, 0.0423344820738, 0.000111283421575, 6.21926687927e-08, 1.02163921767e-09],
        "max": [0.293237775564, 7.73546695709, 25.9243412018, 60.4309120178, 64.1083450317, 97.0631866455, 193.48979187, 93.6678924561, 215.40171814, 289.142303467, 447.858154297, 471.38369751, 805.23828125, 291.536132812, 613.66015625, 780.772766113, 732.997680664, 981.194824219, 1124.24829102, 1096.25073242, 993.82800293, 677.407226562, 290.807800293, 281.338012695, 327.555145264, 688.364624023, 263.010559082, 117.112617493, 249.796707153, 276.506469727, 149.542282104, 128.921676636, 111.20136261, 72.203956604, 31.0956192017, 10.6210670471, 1.75975012779, 0.0655202269554, 0.00180878839456, 0.000195574815734],
        "mean": [0.0191934537143, 0.512064397335, 2.17468714714, 3.78529405594, 4.02480983734, 7.07200717926, 7.81278467178, 6.72364282608, 16.8083629608, 14.7103013992, 21.1090278625, 40.2726249695, 47.2402648926, 27.7457618713, 38.2179946899, 43.1642990112, 42.3419075012, 75.5241622925, 61.0284347534, 61.0288772583, 50.8410797119, 41.4244766235, 32.9260063171, 22.0820560455, 19.6690788269, 37.1418380737, 25.0847091675, 14.065079689, 15.349316597, 12.1528949738, 10.1918554306, 7.07876682281, 4.0635843277, 1.87171912193, 0.716329813004, 0.345276743174, 0.0696815103292, 0.00416352879256, 0.000113319409138, 3.88570697396e-05],
        "median": [0.00210536736995, 0.0559314489365, 0.90865278244, 1.21802103519, 1.42648816109, 1.77855324745, 1.57531905174, 3.77057957649, 5.58563804626, 6.45818996429, 9.29180526733, 20.0129737854, 24.727689743, 15.8734025955, 20.9076976776, 21.8114089966, 19.9493923187, 37.8369865417, 27.3387489319, 30.9589653015, 28.0199718475, 18.3740386963, 18.6705036163, 13.4909629822, 14.7541513443, 18.480764389, 14.5252475739, 9.5595035553, 8.12704563141, 5.62273979187, 3.27497553825, 1.75978386402, 1.03023314476, 0.420769006014, 0.147490188479, 0.0437746942043, 0.00931421946734, 0.000561091525014, 3.50216432707e-05, 3.51015369233e-05],
        "min": [4.88216801386e-06, 5.54279540665e-05, 0.000968670705333, 0.0045428215526, 0.0104747861624, 0.0160878226161, 0.0194640159607, 0.0838928222656, 0.156146988273, 0.113907650113, 0.0594589486718, 0.0991874933243, 0.215664163232, 0.148268833756, 0.126100495458, 0.09649605304, 0.0947910919785, 0.147849962115, 0.301105409861, 0.393668889999, 0.28518640995, 0.326711386442, 0.157251998782, 0.192618310452, 0.243344858289, 0.148507744074, 0.138738363981, 0.071780256927, 0.0247203018516, 0.0305704828352, 0.0226827133447, 0.00813764613122, 0.00208810437471, 0.000168036480318, 7.94159059296e-05, 7.33229762773e-06, 1.19926960451e-06, 1.85129920283e-07, 2.22418677254e-07, 3.58658809319e-07],
        "var": [0.00132152589504, 0.773837506771, 9.26496601105, 42.0192642212, 47.1641845703, 159.11618042, 431.621612549, 83.5865249634, 855.165771484, 631.999206543, 1736.99499512, 3165.15478516, 4352.42285156, 1130.77941895, 2880.48339844, 3886.27636719, 5446.74267578, 12586.5126953, 10278.3027344, 10052.5917969, 5411.49511719, 4143.43261719, 1552.1854248, 697.898254395, 426.400146484, 3014.8269043, 929.006652832, 230.868408203, 443.526641846, 423.463653564, 346.49621582, 222.698226929, 99.1471099854, 32.2902297974, 3.78925466537, 0.698457360268, 0.0226552765816, 7.64458309277e-05, 3.85060872077e-08, 6.95842494736e-10]
    },
    "gfcc": {
        "mean": [20.6998443604, 67.2375640869, -153.506698608, 34.9311790466, -72.4688034058, 19.762670517, -39.3479347229, 5.061170578, -24.1212253571, -0.151802763343, -22.7657222748, -7.64315271378, -11.8813314438],
        "cov": [[2651.83666992, -822.085144043, 298.982635498, -58.5814552307, 138.907928467, 265.053344727, -64.4667816162, 187.328460693, -137.039169312, 153.460266113, -156.838821411, 122.626441956, -196.259063721], [-822.085144043, 1302.57128906, -36.527217865, 292.419158936, 251.676513672, -41.7358589172, 254.846801758, -149.897415161, 137.055099487, -152.486053467, 118.639923096, -127.42363739, 140.561126709], [298.982635498, -36.527217865, 798.605529785, 283.908874512, 81.1485443115, 156.352081299, -24.3554954529, 103.626899719, -13.5073060989, 72.3174972534, -24.5265159607, 120.451187134, -76.4062347412], [-58.5814552307, 292.419158936, 283.908874512, 394.426971436, 123.880081177, 50.1072387695, 67.69140625, 29.3056488037, 96.2790985107, -25.2538509369, 22.4135131836, 5.61993026733, 38.4927787781], [138.907928467, 251.676513672, 81.1485443115, 123.880081177, 306.305023193, 107.79044342, 142.713851929, 45.8359603882, 14.5961732864, -16.3948554993, -6.78086137772, 2.92197751999, -18.0206642151], [265.053344727, -41.7358589172, 156.352081299, 50.1072387695, 107.79044342, 257.485748291, 120.064933777, 65.477394104, -11.2559585571, 18.2778892517, 13.6048851013, 5.5376996994, -25.6210689545], [-64.4667816162, 254.846801758, -24.3554954529, 67.69140625, 142.713851929, 120.064933777, 245.187820435, 20.7548923492, 43.7343330383, 18.9817314148, 31.6921234131, -30.3755474091, 15.1622028351], [187.328460693, -149.897415161, 103.626899719, 29.3056488037, 45.8359603882, 65.477394104, 20.7548923492, 170.092407227, 49.6234931946, 54.1121139526, 2.44349050522, 37.5522155762, -40.2760696411], [-137.039169312, 137.055099487, -13.5073060989, 96.2790985107, 14.5961732864, -11.2559585571, 43.7343330383, 49.6234931946, 155.228515625, 29.4230213165, 35.3666381836, 4.18306446075, 43.6939697266], [153.460266113, -152.486053467, 72.3174972534, -25.2538509369, -16.3948554993, 18.2778892517, 18.9817314148, 54.1121139526, 29.4230213165, 149.396514893, 12.1398143768, 40.6501350403, -11.6051597595], [-156.838821411, 118.639923096, -24.5265159607, 22.4135131836, -6.78086137772, 13.6048851013, 31.6921234131, 2.44349050522, 35.3666381836, 12.1398143768, 118.524238586, 31.862241745, 31.376291275], [122.626441956, -127.42363739, 120.451187134, 5.61993026733, 2.92197751999, 5.5376996994, -30.3755474091, 37.5522155762, 4.18306446075, 40.6501350403, 31.862241745, 138.959335327, -7.70119094849], [-196.259063721, 140.561126709, -76.4062347412, 38.4927787781, -18.0206642151, -25.6210689545, 15.1622028351, -40.2760696411, 43.6939697266, -11.6051597595, 31.376291275, -7.70119094849, 122.897422791]],
        "icov": [[0.000647225475404, 0.000129593681777, 0.00028330081841, -0.000300936953863, -0.000316248304443, -0.000761562841944, 0.000515300082043, -0.000107135070721, 0.000378108787118, -0.000661507423501, 0.000742121192161, -0.000470987841254, 0.000436043395894], [0.000129593681777, 0.00384547677822, -0.00215328438208, 0.000824347313028, -0.00299142976291, 0.00320291682146, -0.00315774278715, 0.00305424677208, -0.00292202993296, 0.00334936054423, -0.00407157139853, 0.00362066272646, -0.00154699105769], [0.00028330081841, -0.00215328438208, 0.00494570098817, -0.00399844767526, 0.0020551350899, -0.00418840628117, 0.00337569601834, -0.00202387967147, 0.00350548326969, -0.00406539300457, 0.00395409483463, -0.0046166582033, 0.00266174925491], [-0.000300936953863, 0.000824347313028, -0.00399844767526, 0.00716928485781, -0.00235712854192, 0.00231794943102, -0.0017795546446, 0.00124042015523, -0.0048076659441, 0.00368673820049, -0.00241090380587, 0.00290889968164, -0.00253588613123], [-0.000316248304443, -0.00299142976291, 0.0020551350899, -0.00235712854192, 0.00822315737605, -0.00284125143662, -0.000884528737515, -0.0033695329912, 0.00316369906068, -0.00124434486497, 0.00432123895735, -0.00410666177049, 0.00194775755517], [-0.000761562841944, 0.00320291682146, -0.00418840628117, 0.00231794943102, -0.00284125143662, 0.0112098297104, -0.00705425115302, 0.000390769942896, -0.00133896723855, 0.00472981901839, -0.00582872284576, 0.00496207457036, -0.00256895483471], [0.000515300082043, -0.00315774278715, 0.00337569601834, -0.0017795546446, -0.000884528737515, -0.00705425115302, 0.011943962425, -0.0013786930358, 0.00133150944021, -0.00579880317673, 0.00268550752662, -0.0017840040382, 0.00174645555671], [-0.000107135070721, 0.00305424677208, -0.00202387967147, 0.00124042015523, -0.0033695329912, 0.000390769942896, -0.0013786930358, 0.0125746577978, -0.00716344080865, 0.000974080176093, -0.00293849222362, 0.00167383742519, 0.00206128600985], [0.000378108787118, -0.00292202993296, 0.00350548326969, -0.0048076659441, 0.00316369906068, -0.00133896723855, 0.00133150944021, -0.00716344080865, 0.0150993065909, -0.00536310859025, 0.00245102145709, -0.00316850468516, -0.00139513867907], [-0.000661507423501, 0.00334936054423, -0.00406539300457, 0.00368673820049, -0.00124434486497, 0.00472981901839, -0.00579880317673, 0.000974080176093, -0.00536310859025, 0.0136519232765, -0.00473750429228, 0.00247052032501, -0.00217089592479], [0.000742121192161, -0.00407157139853, 0.00395409483463, -0.00241090380587, 0.00432123895735, -0.00582872284576, 0.00268550752662, -0.00293849222362, 0.00245102145709, -0.00473750429228, 0.0168492682278, -0.00869095046073, 0.00101437710691], [-0.000470987841254, 0.00362066272646, -0.0046166582033, 0.00290889968164, -0.00410666177049, 0.00496207457036, -0.0017840040382, 0.00167383742519, -0.00316850468516, 0.00247052032501, -0.00869095046073, 0.0150643866509, -0.00295091979206], [0.000436043395894, -0.00154699105769, 0.00266174925491, -0.00253588613123, 0.00194775755517, -0.00256895483471, 0.00174645555671, 0.00206128600985, -0.00139513867907, -0.00217089592479, 0.00101437710691, -0.00295091979206, 0.0131088616326]]
    },
    "melbands": {
        "dmean": [0.000194983076653, 0.000609970593359, 0.000428682978963, 0.00027137453435, 0.000249766744673, 0.000101330086181, 0.000181091891136, 0.00011037063814, 0.000108444444777, 0.00016672743368, 0.000145723883179, 6.67575150146e-05, 7.47326848796e-05, 8.75549303601e-05, 5.16384061484e-05, 7.83142459113e-05, 9.00064624147e-05, 5.90341223869e-05, 6.41390943201e-05, 3.53661052941e-05, 3.81987883884e-05, 2.19385419769e-05, 2.36863088503e-05, 1.67455364135e-05, 1.06211846287e-05, 8.28861539048e-06, 1.11985864351e-05, 1.44555306179e-05, 1.07806827145e-05, 5.79669722356e-06, 5.7397328419e-06, 5.46653427591e-06, 1.06600482468e-05, 4.51921914646e-06, 5.41497956874e-06, 7.79249876359e-06, 3.57873955181e-06, 3.13240934702e-06, 1.67284531472e-06, 1.44625346366e-06],
        "dmean2": [0.00032489025034, 0.00101494358387, 0.000703337893356, 0.000446680438472, 0.000370532186935, 0.000157692862558, 0.000279951840639, 0.000172734347871, 0.00017277461302, 0.000261446897639, 0.000227507975069, 0.000103261678305, 0.000108124164399, 0.000128339437651, 7.46392761357e-05, 0.000114691640192, 0.00013520376524, 8.83304164745e-05, 9.44316125242e-05, 5.39413449587e-05, 5.9559220972e-05, 3.33993521053e-05, 3.70857123926e-05, 2.59506632574e-05, 1.62600699696e-05, 1.29674472191e-05, 1.80326842383e-05, 2.17998858716e-05, 1.6402991605e-05, 9.26273514779e-06, 9.14735301194e-06, 8.66618393047e-06, 1.73889256985e-05, 7.50403751226e-06, 8.88661543286e-06, 1.36454627864e-05, 6.22209472567e-06, 5.33308048034e-06, 2.6734533094e-06, 2.37235121858e-06],
        "dvar": [2.70514931344e-07, 1.76924675088e-06, 6.73214742619e-07, 3.03034795479e-07, 4.7732243047e-07, 2.5333557474e-08, 1.41073570603e-07, 4.91879674769e-08, 5.07831217078e-08, 7.77522828344e-08, 7.60108065379e-08, 1.21283338927e-08, 1.83079738036e-08, 2.10195114647e-08, 1.01724966228e-08, 1.86178041872e-08, 2.59466670371e-08, 1.49596406374e-08, 1.63615325732e-08, 3.72174779883e-09, 6.40389030693e-09, 1.22581966799e-09, 1.6678701753e-09, 5.94804983045e-10, 2.68640415468e-10, 2.45493320117e-10, 2.67791844255e-10, 6.16176443202e-10, 2.91185658918e-10, 6.4412572498e-11, 6.47570608248e-11, 7.91294113567e-11, 6.3109334425e-10, 7.21624704436e-11, 1.09905438916e-10, 3.29492128026e-10, 5.15968205661e-11, 4.78304548746e-11, 1.78527401196e-11, 1.46931720263e-11],
        "dvar2": [7.21456387964e-07, 4.54548762718e-06, 1.6441116486e-06, 7.48344746171e-07, 1.01725345303e-06, 6.28536227509e-08, 3.44754369053e-07, 1.08991457637e-07, 1.19774043128e-07, 1.91787179915e-07, 1.95530958536e-07, 2.97421536288e-08, 3.70847459408e-08, 4.32001101558e-08, 1.92701872237e-08, 4.11464178285e-08, 6.08794223922e-08, 3.05867473571e-08, 3.49076145767e-08, 8.65997762389e-09, 1.69504641434e-08, 2.71785327577e-09, 4.23531076876e-09, 1.41123490671e-09, 6.45514808273e-10, 5.98893101778e-10, 7.02141511599e-10, 1.22850396522e-09, 6.43006758949e-10, 1.66904212673e-10, 1.64904215283e-10, 2.00765654101e-10, 1.64457525376e-09, 1.88903143128e-10, 2.80688916554e-10, 8.99406438215e-10, 1.333353844e-10, 1.18245913061e-10, 3.75433573119e-11, 3.27255549049e-11],
        "max": [0.00510986149311, 0.0129714645445, 0.00850507896394, 0.0066830101423, 0.00710936915129, 0.00209543132223, 0.00322860269807, 0.00350466719829, 0.00371435726993, 0.00355373159982, 0.00392908602953, 0.00129338027909, 0.00169222895056, 0.00260143447667, 0.00193421309814, 0.00150482321624, 0.0018184944056, 0.00205258606002, 0.00224622245878, 0.000817045918666, 0.00135172775481, 0.00054682319751, 0.000781721668318, 0.000242216192419, 0.000209068894037, 0.000443911849288, 0.000210526384762, 0.000490557868034, 0.000240971305175, 8.14027080196e-05, 6.80630546412e-05, 0.000109638865979, 0.000361561280442, 8.22296788101e-05, 0.000101430516224, 0.000177011301275, 7.40726245567e-05, 8.52067896631e-05, 9.24319901969e-05, 6.80878292769e-05],
        "mean": [0.000330407870933, 0.00102809059899, 0.000613885640632, 0.000419966032496, 0.00029943062691, 0.000145431462443, 0.000254365295405, 0.000161260177265, 0.00017157055845, 0.000282056600554, 0.000229255965678, 0.000104394828668, 0.000116001690913, 0.00015160246403, 7.06717619323e-05, 0.000118273987027, 0.000135335809318, 9.14872434805e-05, 0.00010253853543, 5.56829872949e-05, 6.14972450421e-05, 3.96970972361e-05, 4.04225575039e-05, 2.58822747128e-05, 1.68580427271e-05, 1.31932511067e-05, 1.76548128366e-05, 2.65676899289e-05, 1.8658784029e-05, 8.39294352772e-06, 7.95610048954e-06, 7.46426303522e-06, 1.12870184239e-05, 4.80228572997e-06, 5.46441606275e-06, 6.41366568743e-06, 3.49548076883e-06, 3.17274657391e-06, 1.92639731722e-06, 1.46813363244e-06],
        "median": [2.15637337533e-05, 0.000432472676039, 0.000243341492023, 9.99273397611e-05, 6.12761577941e-05, 8.36012841319e-05, 8.73901808518e-05, 6.8768618803e-05, 7.15554633643e-05, 0.000142387696542, 0.000110978282464, 5.28556520294e-05, 5.49358555872e-05, 6.90719753038e-05, 3.01277177641e-05, 5.18971246493e-05, 6.0999449488e-05, 3.09230672428e-05, 4.16979346483e-05, 3.10819741571e-05, 3.05829162244e-05, 1.6417932784e-05, 1.56347396114e-05, 1.20897830129e-05, 9.91713477561e-06, 8.40157099447e-06, 1.17222034532e-05, 1.08053782242e-05, 9.17162196856e-06, 5.46478622709e-06, 5.08873927174e-06, 4.00662247557e-06, 4.54353585155e-06, 2.13644329961e-06, 1.93110622604e-06, 1.31520278046e-06, 8.99092185591e-07, 7.55380995088e-07, 4.69899248401e-07, 2.80625300775e-07],
        "min": [4.18234549215e-08, 2.3924306447e-07, 5.50456775272e-07, 3.30024681716e-06, 4.47266302217e-07, 1.68719520843e-06, 1.8857666646e-06, 9.74939212028e-07, 3.18921422604e-07, 6.05475236171e-07, 6.73114698202e-07, 4.95442463944e-07, 4.67314947628e-07, 2.26038054052e-07, 2.0520212729e-07, 1.33719893824e-07, 3.00619291238e-07, 4.12871912658e-07, 6.38663152586e-07, 3.55855661383e-07, 2.94973034443e-07, 8.79905002193e-08, 1.89157432828e-07, 9.75739098408e-08, 1.20314012975e-07, 1.04674143131e-07, 1.0406717621e-07, 9.22069176568e-08, 7.81316629173e-08, 6.95502393455e-08, 1.66098974574e-08, 1.21199104086e-08, 1.38998936805e-08, 4.73440442406e-09, 1.28606103544e-08, 7.26878601753e-09, 2.79940359782e-09, 4.33329788718e-10, 1.76718605027e-11, 1.2950988372e-11],
