{
"highlevel": {
    "danceability": {
        "all": {
            "danceable": 0.750289916992,
            "not_danceable": 0.249710083008
        },
        "probability": 0.750289916992,
        "value": "danceable"
    },
    "gender": {
        "all": {
            "female": 0.890479385853,
            "male": 0.109520591795
        },
        "probability": 0.890479385853,
        "value": "female"
    },
    "genre_dortmund": {
        "all": {
            "alternative": 0.084387101233,
            "blues": 0.0579107217491,
            "electronic": 0.0461878031492,
            "folkcountry": 0.309197843075,
            "funksoulrnb": 0.0169205963612,
            "jazz": 0.0196063984185,
            "pop": 0.0959075912833,
            "raphiphop": 0.00264119287021,
            "rock": 0.36724075675
        },
        "probability": 0.36724075675,
        "value": "rock"
    },
    "genre_electronic": {
        "all": {
            "ambient": 0.324986726046,
            "dnb": 0.194012254477,
            "house": 0.201375991106,
            "techno": 0.0196319967508,
            "trance": 0.25999301672
        },
        "probability": 0.324986726046,
        "value": "ambient"
    },
    "genre_rosamerica": {
        "all": {
            "cla": 0.00358424801379,
            "dan": 0.00414654100314,
            "hip": 0.00163438345771,
            "jaz": 0.0066066076979,
            "pop": 0.137771755457,
            "rhy": 0.0305217709392,
            "roc": 0.815108180046,
            "spe": 0.000626525143161
        },
        "probability": 0.815108180046,
        "value": "roc"
    },
    "genre_tzanetakis": {
        "all": {
            "blu": 0.0626613423228,
            "cla": 0.0348169617355,
            "cou": 0.104475811124,
            "dis": 0.0784321576357,
            "hip": 0.15692435205,
            "jaz": 0.313974827528,
            "met": 0.0448166541755,
            "pop": 0.0627359300852,
            "reg": 0.0627360641956,
            "roc": 0.0784258767962
        },
        "probability": 0.313974827528,
        "value": "jaz"
    },
    "ismir04_rhythm": {
        "all": {
            "ChaChaCha": 0.232710629702,
            "Jive": 0.166686475277,
            "Quickstep": 0.079865694046,
            "Rumba-American": 0.0192367210984,
            "Rumba-International": 0.0565069541335,
            "Rumba-Misc": 0.0158910192549,
            "Samba": 0.0687084496021,
            "Tango": 0.221428155899,
            "VienneseWaltz": 0.124944411218,
            "Waltz": 0.0140214785933
        },
        "probability": 0.232710629702,
        "value": "ChaChaCha"
    },
    "mood_acoustic": {
        "all": {
            "acoustic": 0.157059565187,
            "not_acoustic": 0.842940449715
        },
        "probability": 0.842940449715,
        "value": "not_acoustic"
    },
    "mood_aggressive": {
        "all": {
            "aggressive": 0.24160644412,
            "not_aggressive": 0.758393585682
        },
        "probability": 0.758393585682,
        "value": "not_aggressive"
    },
    "mood_electronic": {
        "all": {
            "electronic": 0.16024030745,
            "not_electronic": 0.839759707451
        },
        "probability": 0.839759707451,
        "value": "not_electronic"
    },
    "mood_happy": {
        "all": {
            "happy": 0.783915877342,
            "not_happy": 0.21608415246
        },
        "probability": 0.783915877342,
        "value": "happy"
    },
    "mood_party": {
        "all": {
            "not_party": 0.578827857971,
            "party": 0.421172171831
        },
        "probability": 0.578827857971,
        "value": "not_party"
    },
    "mood_relaxed": {
        "all": {
            "not_relaxed": 0.658080279827,
            "relaxed": 0.341919720173
        },
        "probability": 0.658080279827,
        "value": "not_relaxed"
    },
    "mood_sad": {
        "all": {
            "not_sad": 0.89932268858,
            "sad": 0.100677281618
        },
        "probability": 0.89932268858,
        "value": "not_sad"
    },
    "moods_mirex": {
        "all": {
            "Cluster1": 0.314468502998,
            "Cluster2": 0.298304349184,
            "Cluster3": 0.117823436856,
            "Cluster4": 0.131975769997,
            "Cluster5": 0.137427940965
        },
        "probability": 0.314468502998,
        "value": "Cluster1"
    },
    "timbre": {
        "all": {
            "bright": 0.994168937206,
            "dark": 0.00583108793944
        },
        "probability": 0.994168937206,
        "value": "bright"
    },
    "tonal_atonal": {
        "all": {
            "atonal": 0.00177271687426,
            "tonal": 0.99822729826
        },
        "probability": 0.99822729826,
        "value": "tonal"
    },
    "voice_instrumental": {
        "all": {
            "instrumental": 0.000784539966844,
            "voice": 0.999215483665
        },
        "probability": 0.999215483665,
        "value": "voice"
    }
},
"lowlevel": {
    "average_loudness": 0.975678145885,
    "barkbands_crest": {
        "dmean": 2.18819832802,
        "dmean2": 3.54439878464,
        "dvar": 4.54989767075,
        "dvar2": 12.0739974976,
        "max": 22.8814182281,
        "mean": 8.96474742889,
        "median": 8.21479511261,
        "min": 2.71738290787,
        "var": 13.4556531906
    },
    "barkbands_flatness_db": {
        "dmean": 0.0177480597049,
        "dmean2": 0.0287568420172,
        "dvar": 0.000344290601788,
        "dvar2": 0.000886505178642,
        "max": 0.450732290745,
        "mean": 0.149887219071,
        "median": 0.126502454281,
        "min": 0.058665767312,
        "var": 0.00547059439123
    },
    "barkbands_kurtosis": {
        "dmean": 2.41776061058,
        "dmean2": 3.80267572403,
        "dvar": 13.634727478,
        "dvar2": 37.5797271729,
        "max": 42.6914138794,
        "mean": 4.06189966202,
        "median": 2.22128582001,
        "min": -1.67840826511,
        "var": 34.7248039246
    },
    "barkbands_skewness": {
        "dmean": 0.48071283102,
        "dmean2": 0.725852131844,
        "dvar": 0.269333273172,
        "dvar2": 0.673686027527,
        "max": 5.73579359055,
        "mean": 1.60553693771,
        "median": 1.46228706837,
        "min": -0.694031059742,
        "var": 0.937612235546
    },
    "barkbands_spread": {
        "dmean": 4.65921449661,
        "dmean2": 7.05843496323,
        "dvar": 36.7384490967,
        "dvar2": 80.1116409302,
        "max": 77.4761886597,
        "mean": 20.3877239227,
        "median": 19.3712406158,
        "min": 1.39131700993,
        "var": 155.284439087
    },
    "dissonance": {
        "dmean": 0.0175689347088,
        "dmean2": 0.0293347332627,
        "dvar": 0.00027390892501,
        "dvar2": 0.000708502251655,
        "max": 0.499778211117,
        "mean": 0.453064203262,
        "median": 0.461578130722,
        "min": 0.28815972805,
        "var": 0.00133027217817
    },
    "dynamic_complexity": 2.38638854027,
    "erbbands_crest": {
        "dmean": 2.29634952545,
        "dmean2": 3.60971951485,
        "dvar": 4.73871231079,
        "dvar2": 12.103966713,
        "max": 29.6472187042,
        "mean": 8.38209056854,
        "median": 7.48507547379,
        "min": 2.17871880531,
        "var": 13.5485754013
    },
    "erbbands_flatness_db": {
        "dmean": 0.0155134582892,
        "dmean2": 0.0211612582207,
        "dvar": 0.000242832742515,
        "dvar2": 0.000458284834167,
        "max": 0.379788279533,
        "mean": 0.154266908765,
        "median": 0.143647402525,
        "min": 0.0569893270731,
        "var": 0.00289237359539
    },
    "erbbands_kurtosis": {
        "dmean": 0.712185502052,
        "dmean2": 0.977802872658,
        "dvar": 1.00403487682,
        "dvar2": 1.62177300453,
        "max": 31.0901641846,
        "mean": 0.691717684269,
        "median": -0.178440332413,
        "min": -1.56511962414,
        "var": 6.04711771011
    },
    "erbbands_skewness": {
        "dmean": 0.276106208563,
        "dmean2": 0.409712731838,
        "dvar": 0.0641625672579,
        "dvar2": 0.134870857,
        "max": 4.26460933685,
        "mean": 0.501024961472,
        "median": 0.466843128204,
        "min": -1.22452735901,
        "var": 0.401326745749
    },
    "erbbands_spread": {
        "dmean": 7.70652246475,
        "dmean2": 10.6194181442,
        "dvar": 71.2647781372,
        "dvar2": 130.844650269,
        "max": 114.513267517,
        "mean": 38.6256256104,
        "median": 37.8369750977,
        "min": 2.93522548676,
        "var": 346.566375732
    },
    "hfc": {
        "dmean": 6.55680465698,
        "dmean2": 9.24633979797,
        "dvar": 75.2818222046,
        "dvar2": 158.243103027,
        "max": 118.592033386,
        "mean": 22.7223148346,
        "median": 17.7247810364,
        "min": 0.438639998436,
        "var": 321.122283936
    },
    "melbands_crest": {
        "dmean": 2.79165172577,
        "dmean2": 4.47466897964,
        "dvar": 6.97244930267,
        "dvar2": 17.9856872559,
        "max": 27.3574867249,
        "mean": 12.4431056976,
        "median": 11.650302887,
        "min": 3.36502361298,
        "var": 17.6830425262
    },
    "melbands_flatness_db": {
        "dmean": 0.0220643598586,
        "dmean2": 0.0346146784723,
        "dvar": 0.000576041056775,
        "dvar2": 0.00142433471046,
        "max": 0.589239656925,
        "mean": 0.206183865666,
        "median": 0.178200960159,
        "min": 0.0330670662224,
        "var": 0.00962924771011
    },
    "melbands_kurtosis": {
        "dmean": 6.58615541458,
        "dmean2": 10.4616451263,
        "dvar": 112.207839966,
        "dvar2": 293.112060547,
        "max": 111.023452759,
        "mean": 12.4857711792,
        "median": 8.02010440826,
        "min": -0.956929683685,
        "var": 203.055923462
    },
    "melbands_skewness": {
        "dmean": 0.704011380672,
        "dmean2": 1.05537748337,
        "dvar": 0.654180586338,
        "dvar2": 1.52457523346,
        "max": 8.2061548233,
        "mean": 2.58455014229,
        "median": 2.42313742638,
        "min": -0.441355198622,
        "var": 1.94504761696
    },
    "melbands_spread": {
        "dmean": 5.47602939606,
        "dmean2": 8.53058052063,
        "dvar": 61.3767662048,
        "dvar2": 142.923355103,
        "max": 115.334289551,
        "mean": 20.088552475,
        "median": 18.3289871216,
        "min": 1.26889920235,
        "var": 174.875534058
    },
    "pitch_salience": {
        "dmean": 0.0657151788473,
        "dmean2": 0.107615463436,
        "dvar": 0.00398316746578,
        "dvar2": 0.0105706909671,
        "max": 0.828109622002,
        "mean": 0.57660061121,
        "median": 0.588014960289,
        "min": 0.249418884516,
        "var": 0.0101589802653
    },
    "silence_rate_20dB": {
        "dmean": 0,
        "dmean2": 0,
        "dvar": 0,
        "dvar2": 0,
        "max": 1,
        "mean": 1,
        "median": 1,
        "min": 1,
        "var": 0
    },
    "silence_rate_30dB": {
        "dmean": 0,
        "dmean2": 0,
        "dvar": 0,
        "dvar2": 0,
        "max": 1,
        "mean": 1,
        "median": 1,
        "min": 1,
        "var": 0
    },
    "silence_rate_60dB": {
        "dmean": 0.00154798757285,
        "dmean2": 0.00309837330133,
        "dvar": 0.00154558196664,
        "dvar2": 0.00308872433379,
        "max": 1,
        "mean": 0.00154679035768,
        "median": 0,
        "min": 0,
        "var": 0.00154439127073
    },
    "spectral_centroid": {
        "dmean": 194.345413208,
        "dmean2": 298.138824463,
        "dvar": 51595.2890625,
        "dvar2": 115682.742188,
        "max": 3284.82739258,
        "mean": 1139.61364746,
        "median": 1193.96252441,
        "min": 209.324905396,
        "var": 251244.40625
    },
    "spectral_complexity": {
        "dmean": 3.61996912956,
        "dmean2": 5.19597196579,
        "dvar": 13.8114643097,
        "dvar2": 26.9646625519,
        "max": 47,
        "mean": 20.9172458649,
        "median": 20,
        "min": 3,
        "var": 87.0133285522
    },
    "spectral_decrease": {
        "dmean": 2.95132718264e-09,
        "dmean2": 4.83270135021e-09,
        "dvar": 2.24093319544e-17,
        "dvar2": 5.88457942131e-17,
        "max": -2.87445983682e-10,
        "mean": -7.77068098756e-09,
        "median": -6.29160989973e-09,
        "min": -3.45039552485e-08,
        "var": 2.74140029622e-17
    },
    "spectral_energy": {
        "dmean": 0.0115358335897,
        "dmean2": 0.0187722165138,
        "dvar": 0.00033535779221,
        "dvar2": 0.000875313009601,
        "max": 0.13466322422,
        "mean": 0.0313893072307,
        "median": 0.0257048700005,
        "min": 0.00112467014696,
        "var": 0.000432018743595
    },
    "spectral_energyband_high": {
        "dmean": 0.000420998461777,
        "dmean2": 0.000560187792871,
        "dvar": 6.17332773345e-07,
        "dvar2": 1.12453142265e-06,
        "max": 0.0148630132899,
        "mean": 0.000980160199106,
        "median": 0.000557278690394,
        "min": 6.8491360139e-08,
        "var": 1.91192975763e-06
    },
    "spectral_energyband_low": {
        "dmean": 0.00559420324862,
        "dmean2": 0.00996119063348,
        "dvar": 0.000143207464134,
        "dvar2": 0.000415484362748,
        "max": 0.105604998767,
        "mean": 0.00989162642509,
        "median": 0.00696015264839,
        "min": 1.42444669109e-05,
        "var": 0.000134888512548
    },
    "spectral_energyband_middle_high": {
        "dmean": 0.00194670353085,
        "dmean2": 0.00275514950044,
        "dvar": 8.62873275764e-06,
        "dvar2": 1.73106163857e-05,
        "max": 0.0545008219779,
        "mean": 0.00638235872611,
        "median": 0.00360457529314,
        "min": 2.01874468075e-06,
        "var": 5.78773651796e-05
    },
    "spectral_energyband_middle_low": {
        "dmean": 0.00735611608252,
        "dmean2": 0.0115084610879,
        "dvar": 0.000175362933078,
        "dvar2": 0.00042939314153,
        "max": 0.11160852015,
        "mean": 0.0154581163079,
        "median": 0.0113457394764,
        "min": 0.000788041914348,
        "var": 0.000218435190618
    },
    "spectral_entropy": {
        "dmean": 0.13895316422,
        "dmean2": 0.197924435139,
        "dvar": 0.0236401371658,
        "dvar2": 0.0512400493026,
        "max": 8.54557323456,
        "mean": 7.48549604416,
        "median": 7.62692499161,
        "min": 5.04812288284,
        "var": 0.374901324511
    },
    "spectral_flux": {
        "dmean": 0.0290863513947,
        "dmean2": 0.046562679112,
        "dvar": 0.00143714831211,
        "dvar2": 0.00341839599423,
        "max": 0.31346476078,
        "mean": 0.093002282083,
        "median": 0.0848221555352,
        "min": 0.00445360830054,
        "var": 0.00335267442279
    },
    "spectral_kurtosis": {
        "dmean": 2.31391882896,
        "dmean2": 3.82199788094,
        "dvar": 41.5315933228,
        "dvar2": 118.192108154,
        "max": 124.229507446,
        "mean": 6.45617866516,
        "median": 3.18443346024,
        "min": -0.420492887497,
        "var": 176.357955933
    },
    "spectral_rms": {
        "dmean": 0.000894838653039,
        "dmean2": 0.00141448294744,
        "dvar": 1.52759753291e-06,
        "dvar2": 3.81827794627e-06,
        "max": 0.0114620570093,
        "mean": 0.00528159970418,
        "median": 0.00500778621063,
        "min": 0.00104749191087,
        "var": 2.72844840765e-06
    },
    "spectral_rolloff": {
        "dmean": 397.163757324,
        "dmean2": 652.984680176,
        "dvar": 590590.0625,
        "dvar2": 1260735.5,
        "max": 9237.74414062,
        "mean": 1223.96166992,
        "median": 1033.59375,
        "min": 107.666015625,
        "var": 1358848.875
    },
    "spectral_skewness": {
        "dmean": 0.23163767159,
        "dmean2": 0.360138684511,
        "dvar": 0.1347733289,
        "dvar2": 0.355476588011,
        "max": 9.21629810333,
        "mean": 1.7227768898,
        "median": 1.47078895569,
        "min": 0.46099627018,
        "var": 1.04879558086
    },
    "spectral_spread": {
        "dmean": 543448.6875,
        "dmean2": 736767.125,
        "dvar": 396108136448,
        "dvar2": 714959355904,
        "max": 10280308,
        "mean": 4519698,
        "median": 4467443,
        "min": 650302.8125,
        "var": 2.16648843264e+12
    },
    "spectral_strongpeak": {
        "dmean": 0.558008730412,
        "dmean2": 0.957540810108,
        "dvar": 0.842195093632,
        "dvar2": 2.1203546524,
        "max": 9.11970806122,
        "mean": 0.933964312077,
        "median": 0.427283108234,
        "min": 0,
        "var": 1.54735338688
    },
    "zerocrossingrate": {
        "dmean": 0.00863146688789,
        "dmean2": 0.0106192659587,
        "dvar": 0.000124390193378,
        "dvar2": 0.000168072161614,
        "max": 0.2421875,
        "mean": 0.0549650602043,
        "median": 0.05419921875,
        "min": 0.00390625,
        "var": 0.000950901594479
    },
    "barkbands": {
        "dmean": [0.000347950874129, 0.00322679849342, 0.00262577459216, 0.00281181349419, 0.00354361673817, 0.000888166599907, 0.000765683944337, 0.00122392154299, 0.00106858566869, 0.000649581605103, 0.000682128593326, 0.000556104583666, 0.000444303208496, 0.000328331458149, 0.000348755624145, 0.000420883443439, 0.000164116267115, 0.000116507289931, 9.06306304387e-05, 8.6382497102e-05, 9.6667012258e-05, 7.92810023995e-05, 0.000100586818007, 9.57260344876e-05, 6.52069866192e-05, 3.27896050294e-05, 3.70481401113e-09],
        "dmean2": [0.000593266391661, 0.00580162694678, 0.00467505864799, 0.00461897626519, 0.00573429232463, 0.001454773359, 0.0012517060386, 0.00189971271902, 0.00164507562295, 0.0010027338285, 0.00105987791903, 0.000838948530145, 0.000687006860971, 0.000511228456162, 0.000536310893949, 0.000660522724502, 0.000261039473116, 0.000184181189979, 0.000136956557981, 0.000132372122607, 0.000145943617099, 0.000121026321722, 0.000141691765748, 0.000141339667607, 9.28586159716e-05, 5.05815878569e-05, 4.56308901775e-09],
        "dvar": [5.13295049132e-07, 4.55228000646e-05, 3.7832011003e-05, 3.091806866e-05, 6.57877753838e-05, 1.91796129911e-06, 1.76810942776e-06, 5.4214146985e-06, 7.08834932084e-06, 2.87070315608e-06, 2.88377350444e-06, 3.587333822e-06, 8.46673856358e-07, 6.0370717847e-07, 4.82129166812e-07, 7.29251496523e-07, 7.00616311633e-08, 3.64266341535e-08, 1.68986336035e-08, 1.579121367e-08, 2.28556320536e-08, 2.17033750971e-08, 7.22531652286e-08, 3.94273023119e-08, 1.96221243698e-08, 5.16091658298e-09, 4.65102487909e-15],
        "dvar2": [1.47366847614e-06, 0.000141957658343, 0.00010543406097, 7.48515958549e-05, 0.000167987673194, 4.91214996146e-06, 4.43150611318e-06, 1.28205074361e-05, 1.46908123497e-05, 6.94574009685e-06, 6.77223079038e-06, 7.67270830693e-06, 1.7819071445e-06, 1.51952451688e-06, 1.2231631672e-06, 1.69078134604e-06, 1.65472570757e-07, 8.81643273942e-08, 3.50962423568e-08, 3.59793403959e-08, 4.90932592356e-08, 4.84526765376e-08, 1.37946827294e-07, 7.64295506883e-08, 4.02562463364e-08, 1.19323804171e-08, 4.65337836013e-15],
        "max": [0.00613498035818, 0.0656807050109, 0.0496128238738, 0.0456764250994, 0.0784918889403, 0.0201436784118, 0.0182343907654, 0.0306700598449, 0.0467716902494, 0.0296948011965, 0.0229291077703, 0.0480604916811, 0.0173315890133, 0.0151484441012, 0.0121089853346, 0.00944900047034, 0.0057233069092, 0.00227104616351, 0.00308184092864, 0.00230638869107, 0.00238067400642, 0.00227009598166, 0.00749852834269, 0.0028115613386, 0.00196649832651, 0.000615233846474, 1.81765074103e-06],
        "mean": [0.000435974274296, 0.00490385619923, 0.0034840083681, 0.00339904730208, 0.00507639767602, 0.00157607567962, 0.00112830242142, 0.00188240571879, 0.00187547039241, 0.00101011944935, 0.00117730582133, 0.000950667716097, 0.000711279106326, 0.000585882691666, 0.00063216232229, 0.000705715327058, 0.00034794624662, 0.000229730387218, 0.000195054453798, 0.000194143605768, 0.000244480994297, 0.000159995266586, 0.00018527454813, 0.00016887683887, 9.09456575755e-05, 3.82097678084e-05, 3.52508400248e-09],
        "median": [0.000217163062189, 0.00329349050298, 0.00189211941324, 0.0016033842694, 0.00270294956863, 0.00107126624789, 0.000562614412047, 0.000950074463617, 0.000795185856987, 0.000366227468476, 0.000332016235916, 0.000192742299987, 0.000217895270907, 0.00022506719688, 0.000292033975711, 0.000246900715865, 0.000182586809387, 0.000110993336421, 0.000126151979202, 0.000138166753459, 0.000196475579287, 7.22369877622e-05, 7.34958448447e-05, 7.17650545994e-05, 2.85607857222e-05, 8.87049463927e-06, 3.51738582705e-10],
        "min": [2.04815336247e-07, 3.22906885231e-07, 7.86356167737e-07, 2.4576929718e-06, 1.33521134558e-05, 2.24560553761e-05, 1.9043811335e-05, 2.17596812035e-06, 7.15036890142e-07, 1.85493234994e-07, 1.36030735121e-07, 1.48475308492e-07, 1.7697195176e-07, 9.78909397986e-08, 7.27978672899e-08, 4.32968612074e-08, 3.02200433566e-08, 5.66766473753e-08, 1.8470906582e-08, 3.30637526247e-08, 2.27468408553e-08, 2.42241893211e-09, 2.05825223532e-09, 1.63890911953e-09, 1.04235155229e-10, 2.54537224631e-11, 2.72826292808e-11],
        "var": [5.06829394453e-07, 3.92564907088e-05, 3.23093263432e-05, 3.08140151901e-05, 6.40207726974e-05, 3.3395160699e-06, 2.61068839791e-06, 8.62701017468e-06, 1.3616175238e-05, 4.29380816058e-06, 7.36487027098e-06, 1.01641753645e-05, 2.40598319579e-06, 1.29588454456e-06, 9.90444050331e-07, 1.39548865263e-06, 2.84880997015e-07, 9.20438694152e-08, 5.24436352123e-08, 3.9374540961e-08, 6.54648601994e-08, 5.17657667842e-08, 1.72360103079e-07, 9.0327105795e-08, 3.92377863534e-08, 6.48117870483e-09, 4.65530959525e-15]
    },
    "erbbands": {
        "dmean": [0.0831635296345, 0.796163618565, 2.74159574509, 5.49920940399, 15.4825668335, 9.12068080902, 7.82676315308, 7.52920150757, 8.31932163239, 20.3336257935, 20.8674907684, 25.2353725433, 22.2583580017, 16.1865005493, 27.7321128845, 20.7771816254, 20.5078773499, 16.0314826965, 13.2138490677, 23.8395824432, 15.1460456848, 7.58914995193, 6.45040369034, 4.76152276993, 4.4696803093, 4.32444906235, 4.2407989502, 3.23860669136, 2.77004814148, 2.9317471981, 2.97810220718, 2.2848482132, 1.41608512402, 0.772586524487, 0.461872011423, 0.208186998963, 0.0514407791197, 0.00373556581326, 7.67934543546e-05, 1.57595386554e-05],
        "dmean2": [0.145389944315, 1.45354235172, 4.91076612473, 9.17368030548, 24.6892471313, 15.6551837921, 13.0703697205, 12.3895111084, 13.535525322, 31.1647396088, 33.2994003296, 38.8356513977, 32.8605995178, 24.2688007355, 41.7123756409, 30.7218208313, 31.0430412292, 23.9576091766, 20.048456192, 36.7437019348, 23.8916797638, 12.1231107712, 10.2957763672, 7.36143350601, 6.82195091248, 6.78267145157, 6.56100320816, 4.78527259827, 4.24036121368, 4.32184934616, 4.23849773407, 3.40418863297, 2.08195781708, 1.13195872307, 0.688907027245, 0.316302746534, 0.0805271118879, 0.00606302823871, 0.000119078802527, 2.42127298407e-05],
        "dvar": [0.0260868314654, 3.09283185005, 42.8487205505, 119.200462341, 1285.50476074, 446.704437256, 186.548019409, 118.080528259, 217.327377319, 1533.56933594, 2276.55712891, 4173.31542969, 3104.76635742, 1806.76293945, 4433.88623047, 5809.71728516, 1816.83532715, 1687.56811523, 735.152038574, 1647.24475098, 817.882263184, 155.519134521, 102.482200623, 43.4575004578, 43.728553772, 42.888961792, 43.5093688965, 28.4238796234, 23.2475547791, 53.5860710144, 62.2482414246, 21.6511878967, 10.3274641037, 2.89637851715, 1.10002636909, 0.201833501458, 0.0141528192908, 8.36101098685e-05, 2.99297475692e-08, 6.07132233377e-10],
        "dvar2": [0.0785741209984, 9.63932323456, 121.03729248, 308.415008545, 3031.42944336, 1230.16113281, 482.577880859, 311.417694092, 553.684387207, 3414.21606445, 5368.69384766, 8856.42285156, 6972.67480469, 3728.921875, 11184.2753906, 11477.4628906, 3971.11376953, 4226.63964844, 1671.3001709, 4089.82250977, 1918.9407959, 345.411682129, 233.806015015, 96.0915527344, 94.6707611084, 98.993522644, 95.263710022, 59.8906440735, 51.8221588135, 116.745765686, 119.37033844, 43.5360870361, 19.4316997528, 5.90307044983, 2.40341854095, 0.465625911951, 0.0326981954277, 0.000207801203942, 7.17099055692e-08, 1.45291623177e-09],
        "max": [1.35464775562, 17.3646812439, 56.9999008179, 111.79019165, 322.732727051, 205.420806885, 163.647216797, 152.215332031, 197.430374146, 767.601623535, 650.962158203, 845.795471191, 1003.89233398, 771.592407227, 847.902832031, 2361.79296875, 939.115844727, 893.222717285, 504.603515625, 517.194946289, 316.298828125, 242.58152771, 124.878623962, 98.9583740234, 126.163978577, 128.225463867, 117.380340576, 78.7694625854, 62.0086517334, 197.526382446, 207.21875, 71.3010559082, 49.3745994568, 24.1386528015, 15.4651126862, 4.78903770447, 1.03048253059, 0.0881360173225, 0.00158673163969, 0.000215345411561],
        "mean": [0.132771223783, 1.12139475346, 3.83568263054, 7.42631149292, 18.4925689697, 13.5429401398, 13.5782260895, 13.9942522049, 13.7291469574, 32.9666786194, 34.4954605103, 46.9304199219, 38.3213653564, 30.8562412262, 50.4854278564, 39.8700828552, 35.1728820801, 31.1490879059, 25.5917053223, 44.5512809753, 29.5559825897, 17.8282661438, 14.4174489975, 10.2007799149, 9.85619258881, 9.7343378067, 10.6412401199, 7.45567035675, 5.58490228653, 5.77197885513, 5.29652118683, 4.04327821732, 2.38685631752, 1.14015567303, 0.596028625965, 0.24708122015, 0.0569500848651, 0.00366806192324, 9.77207891992e-05, 4.3081730837e-05],
        "median": [0.0909404233098, 0.709713280201, 2.23634791374, 4.35990095139, 7.29930973053, 8.17212295532, 7.74536943436, 10.1051063538, 7.69150066376, 17.4223976135, 16.2293605804, 21.1468219757, 13.0826177597, 7.39378452301, 17.0009460449, 9.06523132324, 11.6727666855, 12.3229923248, 12.1464881897, 20.1402301788, 13.2752437592, 9.54437541962, 7.86870765686, 6.19746732712, 6.59817647934, 7.20352363586, 8.38317775726, 5.14629507065, 2.59339952469, 2.38724184036, 2.06408190727, 1.74185204506, 0.906247735023, 0.394061148167, 0.164022728801, 0.0602895058692, 0.012074355036, 0.000731897365768, 3.58173783752e-05, 3.44504260283e-05],
        "min": [2.06750301004e-05, 0.000695357215591, 0.00157867057715, 0.0101555287838, 0.0323453210294, 0.0784827917814, 0.060315888375, 0.299310415983, 0.220776423812, 0.285410553217, 0.302524834871, 0.0741410553455, 0.00920936278999, 0.00965449120849, 0.00481720129028, 0.00888361781836, 0.00825324840844, 0.00311086606234, 0.00993994250894, 0.0058097820729, 0.00229390640743, 0.00266928900965, 0.00255234842189, 0.001637705951, 0.00055046234047, 0.00145880912896, 0.00099759013392, 0.000806797121186, 0.000155350149726, 6.5742933657e-05, 6.11080904491e-05, 2.53731122939e-05, 2.87425027636e-05, 8.96398796613e-06, 5.44196745977e-06, 3.85498242395e-06, 2.39151722781e-06, 2.14325353909e-07, 5.51572441054e-07, 1.25403653328e-06],
        "var": [0.0254465211183, 2.42359018326, 34.6182403564, 112.010002136, 1316.60583496, 396.17376709, 292.466949463, 217.980041504, 330.46182251, 2586.31176758, 3606.22314453, 7855.65722656, 6798.94970703, 5224.35986328, 9897.77246094, 18407.8359375, 5250.99511719, 3880.95507812, 1480.23254395, 4033.07226562, 1861.59399414, 683.834472656, 314.707885742, 128.049240112, 121.57661438, 99.0605392456, 117.800666809, 75.9472732544, 59.2954292297, 111.135574341, 148.143386841, 48.382270813, 22.8854808807, 5.93687295914, 1.9021384716, 0.277537941933, 0.0161303579807, 7.79900219641e-05, 3.27490319307e-08, 9.59902823894e-10]
    },
    "gfcc": {
        "mean": [11.7934036255, 107.141616821, -113.646942139, 37.9115600586, -63.8102340698, 20.2021045685, -38.4665298462, 8.97544956207, -19.5826778412, 2.03696250916, -16.7172889709, -5.07709026337, -7.48301696777],
        "cov": [[6348.15576172, -3119.00927734, -1002.63140869, 138.164627075, -470.474884033, 705.180603027, -714.953857422, 399.786743164, -717.91595459, 125.628868103, -833.950683594, 48.5235328674, -420.318603516], [-3119.00927734, 2064.08227539, 531.845458984, -10.6792449951, 357.720977783, -423.582275391, 366.470672607, -195.457611084, 441.61831665, -125.203994751, 450.252166748, -93.5178833008, 231.374053955], [-1002.63140869, 531.845458984, 679.714355469, 134.243774414, 135.312515259, -140.421127319, 68.5106964111, -48.8208885193, 142.162261963, 61.9126167297, 84.0816116333, -13.4850854874, 21.5329685211], [138.164627075, -10.6792449951, 134.243774414, 284.683044434, 19.8544692993, -5.57639026642, -65.2179641724, -9.43496894836, 24.7628555298, -2.26317644119, -29.667427063, -42.6318092346, -3.23097133636], [-470.474884033, 357.720977783, 135.312515259, 19.8544692993, 204.095230103, -74.947807312, 35.4629898071, -6.6283621788, 79.1284942627, 4.9361577034, 38.4401168823, -3.73454880714, 36.7336769104], [705.180603027, -423.582275391, -140.421127319, -5.57639026642, -74.947807312, 216.904174805, -18.6990756989, 35.0494155884, -109.442237854, 20.6432285309, -68.4611358643, 3.84324383736, -42.7138137817], [-714.953857422, 366.470672607, 68.5106964111, -65.2179641724, 35.4629898071, -18.6990756989, 221.820968628, -40.4251670837, 71.4136657715, -0.966011285782, 115.959823608, -7.10614204407, 34.6236419678], [399.786743164, -195.457611084, -48.8208885193, -9.43496894836, -6.6283621788, 35.0494155884, -40.4251670837, 117.880393982, -7.05260038376, 30.1479873657, -65.5231399536, 7.44333124161, -21.3323688507], [-717.91595459, 441.61831665, 142.162261963, 24.7628555298, 79.1284942627, -109.442237854, 71.4136657715, -7.05260038376, 182.268280029, 4.80860280991, 92.9688568115, -26.6921596527, 59.9503974915], [125.628868103, -125.203994751, 61.9126167297, -2.26317644119, 4.9361577034, 20.6432285309, -0.966011285782, 30.1479873657, 4.80860280991, 113.327880859, -31.1584472656, 12.3799724579, -21.1559524536], [-833.950683594, 450.252166748, 84.0816116333, -29.667427063, 38.4401168823, -68.4611358643, 115.959823608, -65.5231399536, 92.9688568115, -31.1584472656, 186.077804565, 5.41992473602, 63.3055953979], [48.5235328674, -93.5178833008, -13.4850854874, -42.6318092346, -3.73454880714, 3.84324383736, -7.10614204407, 7.44333124161, -26.6921596527, 12.3799724579, 5.41992473602, 70.8327560425, 10.0398511887], [-420.318603516, 231.374053955, 21.5329685211, -3.23097133636, 36.7336769104, -42.7138137817, 34.6236419678, -21.3323688507, 59.9503974915, -21.1559524536, 63.3055953979, 10.0398511887, 80.1123504639]],
        "icov": [[0.00136036251206, -8.36846447783e-05, 0.000989514868706, -0.000859859050252, 0.000530969526153, -0.0017588903429, 0.00166397215798, -0.00146661384497, 0.000865718640853, -0.000330374808982, 0.00208436115645, -0.00106235558633, 0.00253837043419], [-8.36846447783e-05, 0.0062947338447, -0.00174764508847, 0.00153144868091, -0.00484991632402, 0.00465679448098, -0.0032945217099, 0.00159339350648, -0.00253953947686, 0.00368912052363, -0.00589439272881, 0.00750020006672, -0.00494016101584], [0.000989514868706, -0.00174764508847, 0.00369997089729, -0.00230130623095, 0.000805939431302, -0.00154572504107, 0.00156505871564, -0.000661016674712, 0.000404098420404, -0.00274391681887, 0.00260495650582, -0.0035127424635, 0.00446035433561], [-0.000859859050252, 0.00153144868091, -0.00230130623095, 0.00603693723679, -0.00148654379882, 0.00103920313995, 0.000291790493065, 0.00208893464878, -0.00202087149955, 0.00167525582947, -0.00197002571076, 0.00507822912186, -0.00353150092997], [0.000530969526153, -0.00484991632402, 0.000805939431302, -0.00148654379882, 0.0104685658589, -0.00315662217326, 0.00254494464025, -0.00214600516483, 0.00101892184466, -0.00286215171218, 0.00608170451596, -0.00628576753661, 0.00282546970993], [-0.0017588903429, 0.00465679448098, -0.00154572504107, 0.00103920313995, -0.00315662217326, 0.0139684071764, -0.00646619312465, 0.00075522629777, 0.00231712916866, 0.00101306277793, -0.00692422315478, 0.00830172095448, -0.00736476201564], [0.00166397215798, -0.0032945217099, 0.00156505871564, 0.000291790493065, 0.00254494464025, -0.00646619312465, 0.0117822531611, -0.00155018479563, 0.000610577117186, -0.00296198460273, 0.00126526074018, -0.00337137235329, 0.00590040301904], [-0.00146661384497, 0.00159339350648, -0.000661016674712, 0.00208893464878, -0.00214600516483, 0.00075522629777, -0.00155018479563, 0.0150828240439, -0.00691342772916, 4.4219497795e-05, 0.00126611371525, -0.000114749047498, -0.00176276429556], [0.000865718640853, -0.00253953947686, 0.000404098420404, -0.00202087149955, 0.00101892184466, 0.00231712916866, 0.000610577117186, -0.00691342772916, 0.0181576367468, -0.00496665108949, -0.00130545021966, 0.00401070015505, -0.00402062153444], [-0.000330374808982, 0.00368912052363, -0.00274391681887, 0.00167525582947, -0.00286215171218, 0.00101306277793, -0.00296198460273, 4.4219497795e-05, -0.00496665108949, 0.0144949210808, -0.00116485147737, 0.000769206031691, -6.98950971127e-05], [0.00208436115645, -0.00589439272881, 0.00260495650582, -0.00197002571076, 0.00608170451596, -0.00692422315478, 0.00126526074018, 0.00126611371525, -0.00130545021966, -0.00116485147737, 0.0224824361503, -0.0119107319042, 0.00488591846079], [-0.00106235558633, 0.00750020006672, -0.0035127424635, 0.00507822912186, -0.00628576753661, 0.00830172095448, -0.00337137235329, -0.000114749047498, 0.00401070015505, 0.000769206031691, -0.0119107319042, 0.0303772464395, -0.0145444516093], [0.00253837043419, -0.00494016101584, 0.00446035433561, -0.00353150092997, 0.00282546970993, -0.00736476201564, 0.00590040301904, -0.00176276429556, -0.00402062153444, -6.98950971127e-05, 0.00488591846079, -0.0145444516093, 0.0314371921122]]
    },
    "melbands": {
        "dmean": [0.000804779585451, 0.00126145663671, 0.00132569659036, 0.000886153022293, 0.000291204662062, 0.00016270703054, 0.000135695197969, 0.000241884990828, 0.000178758607944, 0.000154684734298, 0.000111748879135, 6.60059522488e-05, 9.00079467101e-05, 7.10306339897e-05, 5.03870542161e-05, 3.71795067622e-05, 3.39686230291e-05, 2.30905134231e-05, 2.78492207144e-05, 4.08069681725e-05, 1.40344845931e-05, 8.41739984025e-06, 8.68839015311e-06, 5.48445541426e-06, 4.07398420066e-06, 3.59094951818e-06, 3.27385305354e-06, 3.04535274154e-06, 2.63660331257e-06, 2.94075698548e-06, 1.82792109626e-06, 1.62262563208e-06, 1.71619967659e-06, 1.75013008175e-06, 1.88968579096e-06, 1.57320062044e-06, 1.45004560181e-06, 1.13690032322e-06, 7.62853574088e-07, 6.46979742669e-07],
        "dmean2": [0.00143132300582, 0.00227089622058, 0.002186228754, 0.00142424716614, 0.000487097131554, 0.000267971889116, 0.000220280926442, 0.000367786618881, 0.000287003756966, 0.000234475708567, 0.00016749437782, 9.99020921881e-05, 0.000137930808705, 0.00010709543858, 7.72713174229e-05, 5.76142447244e-05, 5.16843610967e-05, 3.63440085493e-05, 4.36774680566e-05, 6.3374027377e-05, 2.22784710786e-05, 1.34294996315e-05, 1.41177506521e-05, 8.83121629158e-06, 6.40065809421e-06, 5.45411558051e-06, 5.11028702022e-06, 4.83298617837e-06, 4.06555273003e-06, 4.68407279186e-06, 2.72534703072e-06, 2.53256962424e-06, 2.71666726803e-06, 2.56679868471e-06, 2.73329078482e-06, 2.36146479438e-06, 2.21456070904e-06, 1.69439874753e-06, 1.15780699161e-06, 9.61709019975e-07],
        "dvar": [2.56220573647e-06, 8.94588993106e-06, 6.68981192575e-06, 4.2442375161e-06, 2.53871661471e-07, 5.54087584703e-08, 5.66349385167e-08, 2.14654960473e-07, 1.97108590783e-07, 1.57017453262e-07, 8.13707572433e-08, 2.9107679822e-08, 4.96717618148e-08, 5.54220065396e-08, 1.31360939903e-08, 6.04103611579e-09, 6.91196699876e-09, 2.49035281286e-09, 3.34592464846e-09, 6.57125331927e-09, 6.39900687993e-10, 2.22943719042e-10, 1.96459418178e-10, 8.04944860766e-11, 3.19495298273e-11, 3.7923369306e-11, 1.88018212111e-11, 2.31568132725e-11, 1.58785779664e-11, 2.25761544875e-11, 9.65248801027e-12, 7.78847993044e-12, 1.29321406014e-11, 2.28405332842e-11, 3.3235091762e-11, 1.15649287022e-11, 8.78004006305e-12, 6.71436690969e-12, 2.94479306391e-12, 2.07502136133e-12],
        "dvar2": [7.93327490101e-06, 2.59968037426e-05, 1.60688068718e-05, 1.08282802103e-05, 6.72966280035e-07, 1.43731881508e-07, 1.42191794339e-07, 4.83757503389e-07, 4.80957282889e-07, 3.25280353763e-07, 1.84195044994e-07, 6.02211542855e-08, 1.16485296076e-07, 1.23212771541e-07, 2.66496069656e-08, 1.35004487589e-08, 1.74109260342e-08, 5.91395776794e-09, 8.82020323445e-09, 1.52476786752e-08, 1.56218871172e-09, 4.96959418061e-10, 4.58942328585e-10, 2.02899086421e-10, 7.31223762096e-11, 7.80597669836e-11, 4.42389284927e-11, 5.50343312589e-11, 3.59900165225e-11, 5.07409565753e-11, 2.13487005851e-11, 1.77092281811e-11, 3.20821771926e-11, 4.79216874516e-11, 6.89071993909e-11, 2.29058941953e-11, 1.87531205842e-11, 1.32632516081e-11, 5.63070380252e-12, 4.36904028581e-12],
        "max": [0.0138584570959, 0.0272788256407, 0.0191128216684, 0.0186895914376, 0.00613755127415, 0.00305761559866, 0.00331801897846, 0.00876999553293, 0.00563477445394, 0.00669591175392, 0.00516620604321, 0.00285647343844, 0.00363320345059, 0.00548072997481, 0.00262055243365, 0.00161680788733, 0.00169077841565, 0.000876801379491, 0.00107635441236, 0.00086997973267, 0.000387951382436, 0.000290659896564, 0.000222300834139, 0.0001025607271, 7.69942635088e-05, 0.000167029938893, 5.36712905159e-05, 0.000101872377854, 6.28554116702e-05, 7.78338799137e-05, 5.16690088261e-05, 4.07968764193e-05, 5.68587420275e-05, 0.000142594450153, 0.00016636865621, 5.90915806242e-05, 4.96798675158e-05, 3.6213612475e-05, 2.95620884572e-05, 2.0697072614e-05],
        "mean": [0.00126269750763, 0.00188352481928, 0.00175026955549, 0.00116447010078, 0.000522982561961, 0.000300791929476, 0.000210376601899, 0.000387545675039, 0.000291548145469, 0.000280644599115, 0.000182398973266, 0.000115016206109, 0.000164763434441, 0.000126740618725, 8.90817100299e-05, 5.88368275203e-05, 6.03813896305e-05, 3.8308196963e-05, 4.84902120661e-05, 6.80187658872e-05, 2.68802996288e-05, 1.81047325896e-05, 1.71416158992e-05, 1.05839571916e-05, 7.8677539932e-06, 7.21475953469e-06, 6.92858566254e-06, 6.20329456069e-06, 5.84581221119e-06, 7.240069408e-06, 3.4637889712e-06, 3.09491861117e-06, 3.0810856515e-06, 3.29633007823e-06, 3.17557123708e-06, 2.6550851544e-06, 2.39271662394e-06, 1.8240702957e-06, 1.15694820124e-06, 8.98417738426e-07],
        "median": [0.000858339248225, 0.00122577766888, 0.000910114962608, 0.000610191724263, 0.000316817633575, 0.000220644316869, 0.000110547895019, 0.000205529489904, 0.00014520950208, 0.000117455587315, 5.8773868659e-05, 2.4794077035e-05, 4.89494086651e-05, 3.47308887285e-05, 2.5641920729e-05, 1.91234794329e-05, 2.26580796152e-05, 1.71117044374e-05, 2.07994307857e-05, 2.49301538133e-05, 1.29694053612e-05, 8.67568087415e-06, 9.40025074669e-06, 5.26111398358e-06, 4.74998569189e-06, 4.36925483882e-06, 4.96789198223e-06, 4.22230777986e-06, 4.44537727162e-06, 5.88393413636e-06, 1.86641079836e-06, 1.38986638376e-06, 1.30059981984e-06, 1.28607678107e-06, 1.1071181234e-06, 1.07653227133e-06, 1.03092418158e-06, 7.17488489954e-07, 3.93559616896e-07, 2.9026389825e-07],
        "min": [1.5340717141e-07, 9.58511236604e-07, 2.25838857659e-06, 2.23154711421e-06, 2.24601626542e-06, 5.51367747903e-06, 3.01527256852e-06, 2.35017182604e-06, 2.16418220589e-06, 1.0640776793e-07, 1.5917640539e-08, 2.98052249548e-08, 1.4641388546e-08, 1.50843444402e-08, 1.76721339784e-08, 1.18552341277e-08, 2.60625432347e-09, 1.74644174677e-08, 6.99003877003e-09, 3.75852682311e-09, 2.23156848556e-09, 1.88836879467e-09, 2.68611333176e-09, 1.59811430755e-09, 1.00917396662e-09, 4.38486663645e-10, 4.13541006994e-10, 1.04340514007e-09, 4.46603726223e-10, 8.91771934075e-10, 2.51317994193e-10, 5.70332218952e-11, 4.34136303296e-11, 3.05212313756e-11, 3.77760635273e-11, 1.05107676035e-11, 7.68759101516e-12, 1.84483366084e-11, 4.23164021185e-12, 1.47620533419e-12],
