{
"highlevel": {
    "danceability": {
        "all": {
            "danceable": 0.0463706254959,
            "not_danceable": 0.953629374504
        },
        "probability": 0.953629374504,
        "value": "not_danceable"
    },
    "gender": {
        "all": {
            "female": 0.141572147608,
            "male": 0.858427882195
        },
        "probability": 0.858427882195,
        "value": "male"
    },
    "genre_dortmund": {
        "all": {
            "alternative": 0.0917070955038,
            "blues": 0.064901612699,
            "electronic": 0.0573862120509,
            "folkcountry": 0.454100221395,
            "funksoulrnb": 0.0196861643344,
            "jazz": 0.0190814901143,
            "pop": 0.0441828928888,
            "raphiphop": 0.00146476924419,
            "rock": 0.24748955667
        },
        "probability": 0.454100221395,
        "value": "folkcountry"
    },
    "genre_electronic": {
        "all": {
            "ambient": 0.603111565113,
            "dnb": 0.247461915016,
            "house": 0.0368407554924,
            "techno": 0.00832319352776,
            "trance": 0.104262575507
        },
        "probability": 0.603111565113,
        "value": "ambient"
    },
    "genre_rosamerica": {
        "all": {
            "cla": 0.0744311586022,
            "dan": 0.0164082515985,
            "hip": 0.00843449402601,
            "jaz": 0.0158391091973,
            "pop": 0.0790827125311,
            "rhy": 0.0232423879206,
            "roc": 0.778789103031,
            "spe": 0.00377277866937
        },
        "probability": 0.778789103031,
        "value": "roc"
    },
    "genre_tzanetakis": {
        "all": {
            "blu": 0.0626541376114,
            "cla": 0.0348133966327,
            "cou": 0.0783501937985,
            "dis": 0.104547761381,
            "hip": 0.15693578124,
            "jaz": 0.313987255096,
            "met": 0.044816005975,
            "pop": 0.0627349764109,
            "reg": 0.0627352520823,
            "roc": 0.0784252434969
        },
        "probability": 0.313987255096,
        "value": "jaz"
    },
    "ismir04_rhythm": {
        "all": {
            "ChaChaCha": 0.0448784418404,
            "Jive": 0.170035228133,
            "Quickstep": 0.309710949659,
            "Rumba-American": 0.0143905561417,
            "Rumba-International": 0.0251663792878,
            "Rumba-Misc": 0.00931811332703,
            "Samba": 0.153547421098,
            "Tango": 0.074873842299,
            "VienneseWaltz": 0.180597752333,
            "Waltz": 0.017481315881
        },
        "probability": 0.309710949659,
        "value": "Quickstep"
    },
    "mood_acoustic": {
        "all": {
            "acoustic": 0.190674781799,
            "not_acoustic": 0.809325218201
        },
        "probability": 0.809325218201,
        "value": "not_acoustic"
    },
    "mood_aggressive": {
        "all": {
            "aggressive": 0.505970954895,
            "not_aggressive": 0.494029074907
        },
        "probability": 0.505970954895,
        "value": "aggressive"
    },
    "mood_electronic": {
        "all": {
            "electronic": 0.643091619015,
            "not_electronic": 0.356908351183
        },
        "probability": 0.643091619015,
        "value": "electronic"
    },
    "mood_happy": {
        "all": {
            "happy": 0.742384016514,
            "not_happy": 0.257615953684
        },
        "probability": 0.742384016514,
        "value": "happy"
    },
    "mood_party": {
        "all": {
            "not_party": 0.524209141731,
            "party": 0.475790858269
        },
        "probability": 0.524209141731,
        "value": "not_party"
    },
    "mood_relaxed": {
        "all": {
            "not_relaxed": 0.835341095924,
            "relaxed": 0.164658904076
        },
        "probability": 0.835341095924,
        "value": "not_relaxed"
    },
    "mood_sad": {
        "all": {
            "not_sad": 0.914125800133,
            "sad": 0.0858741849661
        },
        "probability": 0.914125800133,
        "value": "not_sad"
    },
    "moods_mirex": {
        "all": {
            "Cluster1": 0.26552093029,
            "Cluster2": 0.281997054815,
            "Cluster3": 0.175287261605,
            "Cluster4": 0.223407834768,
            "Cluster5": 0.0537869371474
        },
        "probability": 0.281997054815,
        "value": "Cluster2"
    },
    "timbre": {
        "all": {
            "bright": 0.99998652935,
            "dark": 1.34635665745e-05
        },
        "probability": 0.99998652935,
        "value": "bright"
    },
    "tonal_atonal": {
        "all": {
            "atonal": 0.00103064160794,
            "tonal": 0.998969376087
        },
        "probability": 0.998969376087,
        "value": "tonal"
    },
    "voice_instrumental": {
        "all": {
            "instrumental": 0.00396853731945,
            "voice": 0.996031463146
        },
        "probability": 0.996031463146,
        "value": "voice"
    }
},
"lowlevel": {
    "average_loudness": 0.979165971279,
    "barkbands_crest": {
        "dmean": 2.22802400589,
        "dmean2": 3.77025055885,
        "dvar": 3.72732186317,
        "dvar2": 10.1126756668,
        "max": 18.2647399902,
        "mean": 7.54041433334,
        "median": 7.05492258072,
        "min": 2.63321471214,
        "var": 7.36919879913
    },
    "barkbands_flatness_db": {
        "dmean": 0.0171615090221,
        "dmean2": 0.027402324602,
        "dvar": 0.000207454912015,
        "dvar2": 0.000532161677256,
        "max": 0.21107879281,
        "mean": 0.117091499269,
        "median": 0.115429162979,
        "min": 0.0551185384393,
        "var": 0.000667100190185
    },
    "barkbands_kurtosis": {
        "dmean": 1.21338248253,
        "dmean2": 2.03633737564,
        "dvar": 4.32110786438,
        "dvar2": 11.9480772018,
        "max": 31.1111412048,
        "mean": 0.971007287502,
        "median": 0.46546792984,
        "min": -1.61160576344,
        "var": 5.27391815186
    },
    "barkbands_skewness": {
        "dmean": 0.419707536697,
        "dmean2": 0.67406129837,
        "dvar": 0.174832865596,
        "dvar2": 0.455321073532,
        "max": 5.04500389099,
        "mean": 0.976341784,
        "median": 0.928284108639,
        "min": -0.545580863953,
        "var": 0.391590386629
    },
    "barkbands_spread": {
        "dmean": 4.59717464447,
        "dmean2": 7.15747976303,
        "dvar": 18.2735481262,
        "dvar2": 40.7530021667,
        "max": 60.4141845703,
        "mean": 23.9502792358,
        "median": 22.404302597,
        "min": 6.0497045517,
        "var": 70.1379623413
    },
    "dissonance": {
        "dmean": 0.0170660447329,
        "dmean2": 0.0289062745869,
        "dvar": 0.000247413670877,
        "dvar2": 0.000659601413645,
        "max": 0.499761253595,
        "mean": 0.468377321959,
        "median": 0.47446501255,
        "min": 0.334029763937,
        "var": 0.000515161838848
    },
    "dynamic_complexity": 1.20931303501,
    "erbbands_crest": {
        "dmean": 2.41424536705,
        "dmean2": 4.03184890747,
        "dvar": 5.45013427734,
        "dvar2": 13.8985176086,
        "max": 23.0909557343,
        "mean": 8.31315135956,
        "median": 7.29897642136,
        "min": 2.6880273819,
        "var": 14.1815261841
    },
    "erbbands_flatness_db": {
        "dmean": 0.0156911034137,
        "dmean2": 0.0238707084209,
        "dvar": 0.000177780675585,
        "dvar2": 0.000389071792597,
        "max": 0.241788297892,
        "mean": 0.155184149742,
        "median": 0.154179856181,
        "min": 0.0798225402832,
        "var": 0.000706925464328
    },
    "erbbands_kurtosis": {
        "dmean": 0.650291979313,
        "dmean2": 1.04663681984,
        "dvar": 0.385461181402,
        "dvar2": 0.979516029358,
        "max": 4.77902317047,
        "mean": 0.204423964024,
        "median": 0.0529673099518,
        "min": -1.49981307983,
        "var": 0.90803283453
    },
    "erbbands_skewness": {
        "dmean": 0.287180870771,
        "dmean2": 0.455169647932,
        "dvar": 0.0561536327004,
        "dvar2": 0.127287745476,
        "max": 1.99383568764,
        "mean": 0.233966395259,
        "median": 0.294913768768,
        "min": -1.34779393673,
        "var": 0.270622044802
    },
    "erbbands_spread": {
        "dmean": 7.44372844696,
        "dmean2": 11.6677150726,
        "dvar": 52.3129119873,
        "dvar2": 120.936050415,
        "max": 79.8151931763,
        "mean": 32.5979766846,
        "median": 30.2598838806,
        "min": 10.717458725,
        "var": 141.379486084
    },
    "hfc": {
        "dmean": 7.1136674881,
        "dmean2": 10.2030630112,
        "dvar": 56.1567077637,
        "dvar2": 114.391807556,
        "max": 72.5104904175,
        "mean": 26.2883911133,
        "median": 24.4274253845,
        "min": 3.05470776558,
        "var": 175.942062378
    },
    "melbands_crest": {
        "dmean": 3.30660438538,
        "dmean2": 5.54213762283,
        "dvar": 8.31653213501,
        "dvar2": 21.4592933655,
        "max": 24.1156768799,
        "mean": 11.209400177,
        "median": 10.5085296631,
        "min": 3.11681437492,
        "var": 16.0692481995
    },
    "melbands_flatness_db": {
        "dmean": 0.0226060654968,
        "dmean2": 0.0354535356164,
        "dvar": 0.000381226680474,
        "dvar2": 0.000988885527477,
        "max": 0.285654366016,
        "mean": 0.162391066551,
        "median": 0.159498497844,
        "min": 0.0421833395958,
        "var": 0.00166713923682
    },
    "melbands_kurtosis": {
        "dmean": 3.276471138,
        "dmean2": 5.52597904205,
        "dvar": 33.6653366089,
        "dvar2": 93.0470962524,
        "max": 91.5424880981,
        "mean": 4.64610052109,
        "median": 3.2090921402,
        "min": -1.1158400774,
        "var": 33.2887191772
    },
    "melbands_skewness": {
        "dmean": 0.59144949913,
        "dmean2": 0.954482913017,
        "dvar": 0.391614764929,
        "dvar2": 1.01235282421,
        "max": 7.78479290009,
        "mean": 1.74614548683,
        "median": 1.64014589787,
        "min": 0.0308379437774,
        "var": 0.72489541769
    },
    "melbands_spread": {
        "dmean": 6.98803472519,
        "dmean2": 11.1492710114,
        "dvar": 51.399356842,
        "dvar2": 134.173782349,
        "max": 95.3432769775,
        "mean": 28.1888179779,
        "median": 26.1624107361,
        "min": 3.47988057137,
        "var": 141.584075928
    },
    "pitch_salience": {
        "dmean": 0.0695826932788,
        "dmean2": 0.113263495266,
        "dvar": 0.00329200946726,
        "dvar2": 0.00805271975696,
        "max": 0.799359619617,
        "mean": 0.596017241478,
        "median": 0.603999078274,
        "min": 0.311671227217,
        "var": 0.00891603063792
    },
    "silence_rate_20dB": {
        "dmean": 0,
        "dmean2": 0,
        "dvar": 0,
        "dvar2": 0,
        "max": 1,
        "mean": 1,
        "median": 1,
        "min": 1,
        "var": 0
    },
    "silence_rate_30dB": {
        "dmean": 0,
        "dmean2": 0,
        "dvar": 0,
        "dvar2": 0,
        "max": 1,
        "mean": 1,
        "median": 1,
        "min": 1,
        "var": 0
    },
    "silence_rate_60dB": {
        "dmean": 0,
        "dmean2": 0,
        "dvar": 0,
        "dvar2": 0,
        "max": 0,
        "mean": 0,
        "median": 0,
        "min": 0,
        "var": 0
    },
    "spectral_centroid": {
        "dmean": 252.864501953,
        "dmean2": 393.691894531,
        "dvar": 52692.4414062,
        "dvar2": 132204.71875,
        "max": 3359.97241211,
        "mean": 1404.40649414,
        "median": 1352.58459473,
        "min": 449.5496521,
        "var": 216585.015625
    },
    "spectral_complexity": {
        "dmean": 4.26780176163,
        "dmean2": 6.39116954803,
        "dvar": 18.4406280518,
        "dvar2": 39.1878128052,
        "max": 50,
        "mean": 25.4508895874,
        "median": 25,
        "min": 9,
        "var": 60.5150985718
    },
    "spectral_decrease": {
        "dmean": 2.3215809275e-09,
        "dmean2": 3.72734021425e-09,
        "dvar": 7.04667388336e-18,
        "dvar2": 1.74705094865e-17,
        "max": -6.3675664741e-10,
        "mean": -7.5054931159e-09,
        "median": -6.99926649972e-09,
        "min": -2.23202523131e-08,
        "var": 1.05339424416e-17
    },
    "spectral_energy": {
        "dmean": 0.00921515282243,
        "dmean2": 0.0146078187972,
        "dvar": 0.000107189152914,
        "dvar2": 0.000262929243036,
        "max": 0.0880909860134,
        "mean": 0.0307118762285,
        "median": 0.029134998098,
        "min": 0.00273187085986,
        "var": 0.000168069833308
    },
    "spectral_energyband_high": {
        "dmean": 0.000372214941308,
        "dmean2": 0.000544331385754,
        "dvar": 3.57139668949e-07,
        "dvar2": 8.80979939666e-07,
        "max": 0.00919815991074,
        "mean": 0.000749019556679,
        "median": 0.000491445069201,
        "min": 4.10307256971e-05,
        "var": 6.58156011468e-07
    },
    "spectral_energyband_low": {
        "dmean": 0.00414742901921,
        "dmean2": 0.00699589494616,
        "dvar": 4.39286159235e-05,
        "dvar2": 0.000115180147986,
        "max": 0.0498602688313,
        "mean": 0.00731758587062,
        "median": 0.00493417773396,
        "min": 0.000208732468309,
        "var": 5.38218700967e-05
    },
    "spectral_energyband_middle_high": {
        "dmean": 0.00290593667887,
        "dmean2": 0.00425646966323,
        "dvar": 1.0650661352e-05,
        "dvar2": 2.22150447371e-05,
        "max": 0.0367465168238,
        "mean": 0.00920507591218,
        "median": 0.00796437915415,
        "min": 0.000750296167098,
        "var": 2.98935246974e-05
    },
    "spectral_energyband_middle_low": {
        "dmean": 0.00658735306934,
        "dmean2": 0.0108561776578,
        "dvar": 6.08245100011e-05,
        "dvar2": 0.000157427828526,
        "max": 0.0566649697721,
        "mean": 0.0151924286038,
        "median": 0.0130390534177,
        "min": 0.00102313875686,
        "var": 7.70220140112e-05
    },
    "spectral_entropy": {
        "dmean": 0.132411375642,
        "dmean2": 0.200428530574,
        "dvar": 0.0149655668065,
        "dvar2": 0.0331606678665,
        "max": 8.41729831696,
        "mean": 7.62225389481,
        "median": 7.61097621918,
        "min": 6.86489534378,
        "var": 0.0615681819618
    },
    "spectral_flux": {
        "dmean": 0.0289766993374,
        "dmean2": 0.0436353310943,
        "dvar": 0.000810778175946,
        "dvar2": 0.00136264727917,
        "max": 0.240268558264,
        "mean": 0.0986563563347,
        "median": 0.0887145102024,
        "min": 0.0344828031957,
        "var": 0.00171259010676
    },
    "spectral_kurtosis": {
        "dmean": 1.40173006058,
        "dmean2": 2.30927085876,
        "dvar": 1.830768466,
        "dvar2": 4.81079530716,
        "max": 15.6393909454,
        "mean": 4.24143218994,
        "median": 3.94502496719,
        "min": -0.11728477478,
        "var": 4.68385410309
    },
    "spectral_rms": {
        "dmean": 0.000788431323599,
        "dmean2": 0.0012134576682,
        "dvar": 6.48250704671e-07,
        "dvar2": 1.51280471528e-06,
        "max": 0.00927051343024,
        "mean": 0.00535607058555,
        "median": 0.00533145293593,
        "min": 0.00163255620282,
        "var": 1.27534792682e-06
    },
    "spectral_rolloff": {
        "dmean": 426.431365967,
        "dmean2": 711.213623047,
        "dvar": 284318.75,
        "dvar2": 711573.9375,
        "max": 6804.4921875,
        "mean": 1584.2479248,
        "median": 1378.125,
        "min": 193.798828125,
        "var": 688848.875
    },
    "spectral_skewness": {
        "dmean": 0.220817640424,
        "dmean2": 0.353931874037,
        "dvar": 0.0422204881907,
        "dvar2": 0.0973125547171,
        "max": 3.0297908783,
        "mean": 1.52446007729,
        "median": 1.49207222462,
        "min": 0.434153527021,
        "var": 0.166600421071
    },
    "spectral_spread": {
        "dmean": 455936.4375,
        "dmean2": 677216.25,
        "dvar": 172675760128,
        "dvar2": 371441467392,
        "max": 7678224,
        "mean": 4116629.25,
        "median": 3986782.25,
        "min": 2390269.25,
        "var": 745634463744
    },
    "spectral_strongpeak": {
        "dmean": 0.700831770897,
        "dmean2": 1.19756114483,
        "dvar": 0.93824660778,
        "dvar2": 2.38407254219,
        "max": 8.81321144104,
        "mean": 1.05557143688,
        "median": 0.550619363785,
        "min": 0.0278965197504,
        "var": 1.32269883156
    },
    "zerocrossingrate": {
        "dmean": 0.00817795470357,
        "dmean2": 0.009800799191,
        "dvar": 5.57576531719e-05,
        "dvar2": 7.44011194911e-05,
        "max": 0.18017578125,
        "mean": 0.0607609935105,
        "median": 0.0576171875,
        "min": 0.013671875,
        "var": 0.000397271593101
    },
    "barkbands": {
        "dmean": [0.000134877220262, 0.00224811211228, 0.00214134622365, 0.00294116232544, 0.00270831445232, 0.00114275456872, 0.00103337713517, 0.00152329006232, 0.000482846255181, 0.00106286047958, 0.000889956369065, 0.00057019101223, 0.000733900873456, 0.000511237594765, 0.000388770975405, 0.000297231366858, 0.000356701377314, 0.000329867412802, 0.00035720190499, 0.000131542808958, 0.000104565631773, 0.000115470284072, 7.47883314034e-05, 4.67950376333e-05, 2.88282590191e-05, 1.37384968184e-05, 1.99869170103e-08],
        "dmean2": [0.00023208327184, 0.00354088423774, 0.00389066501521, 0.00536639709026, 0.00478307204321, 0.00186537054833, 0.00165836396627, 0.00249693403021, 0.000739578041248, 0.00165902392473, 0.00140549405478, 0.000919882208109, 0.00117363128811, 0.000827877491247, 0.000629447866231, 0.000473298423458, 0.000557179329917, 0.000518938933965, 0.000540199456736, 0.000212012411794, 0.000164163298905, 0.000179074588232, 0.000113041918667, 7.18224182492e-05, 4.52100903203e-05, 2.21542613872e-05, 3.61887906308e-08],
        "dvar": [3.82690110712e-08, 9.86802115222e-06, 1.86660363397e-05, 3.1567960832e-05, 1.41451864692e-05, 3.22923801832e-06, 2.33836499319e-06, 5.89664932704e-06, 9.5039115422e-07, 3.48033904629e-06, 2.54110432252e-06, 1.3559774743e-06, 1.77323909156e-06, 7.46340845126e-07, 4.16675703718e-07, 2.62482501512e-07, 2.23535934651e-07, 2.21086565944e-07, 2.98108432162e-07, 7.49378514797e-08, 2.76505502939e-08, 5.63215536431e-08, 1.92436289126e-08, 6.70153266213e-09, 3.09697201217e-09, 3.31729838043e-10, 2.59603231652e-15],
        "dvar2": [1.02546245273e-07, 2.45714782068e-05, 5.31476980541e-05, 8.61485750647e-05, 4.06035105698e-05, 8.32770638226e-06, 5.72518774788e-06, 1.56332098413e-05, 2.12733107219e-06, 8.82158656168e-06, 6.22133848083e-06, 3.42243993146e-06, 3.93294021706e-06, 1.78236189186e-06, 9.94040192381e-07, 6.09427672771e-07, 5.2509096804e-07, 5.3415635648e-07, 6.26742519216e-07, 1.88879482721e-07, 6.90610519882e-08, 1.412720394e-07, 4.58999025454e-08, 1.58690980356e-08, 7.5391266563e-09, 8.46583525504e-10, 7.03800565258e-15],
        "max": [0.00125888525508, 0.026091998443, 0.0259566679597, 0.039086997509, 0.0287413801998, 0.0284623224288, 0.0259715747088, 0.0232700183988, 0.0179874226451, 0.0244673024863, 0.0199056360871, 0.0185660365969, 0.0176664665341, 0.00951206032187, 0.00901173986495, 0.00889030192047, 0.00472158752382, 0.00577857345343, 0.00689987652004, 0.00569709902629, 0.00146233337, 0.00585209485143, 0.00301258871332, 0.00126173486933, 0.00116438022815, 0.000171445135493, 9.48069043716e-07],
        "mean": [0.000193734595086, 0.0037467200309, 0.00218236190267, 0.00251923804171, 0.00392011366785, 0.0020350846462, 0.00210863747634, 0.00245256954804, 0.000828363234177, 0.00209184852429, 0.00153677188791, 0.000951710739173, 0.00118309771642, 0.000874055956956, 0.000683503167238, 0.000553808873519, 0.000636121607386, 0.000627213623375, 0.000723962904885, 0.00020716668223, 0.000166108817211, 0.000194562628167, 0.000143355835462, 8.45587710501e-05, 4.60541414213e-05, 2.11894221138e-05, 1.40869813592e-08],
        "median": [6.00695966568e-05, 0.00191150722094, 0.00117600976955, 0.000951361842453, 0.00279411557131, 0.00131793529727, 0.00129496573936, 0.00136735581327, 0.000304519373458, 0.00115279573947, 0.000683474296238, 0.000499910558574, 0.000687409250531, 0.000484773365315, 0.000454187596915, 0.000337144156219, 0.000402689649491, 0.000284276437014, 0.000359090336133, 0.000127897365019, 0.000100242468761, 0.000101273675682, 8.93012038432e-05, 4.83124895254e-05, 2.96490343317e-05, 1.05517337943e-05, 1.24496135623e-09],
        "min": [8.91493314725e-08, 1.96278433577e-05, 8.2912210928e-06, 3.9874439608e-06, 0.000107502099127, 2.68103212875e-05, 2.94877681881e-05, 3.38166682923e-05, 1.27440225697e-05, 2.35576444538e-05, 1.1832369637e-05, 1.3175942513e-05, 3.11338662868e-05, 1.61501484399e-05, 1.25034521261e-05, 1.32425830088e-05, 6.76669742461e-06, 8.08113964013e-06, 6.44149440632e-06, 5.78097206017e-06, 6.69759810989e-06, 5.46437831872e-06, 1.90125490462e-06, 2.30376315358e-07, 7.56425855286e-09, 1.26401961814e-11, 6.79669948794e-12],
        "var": [6.58097505379e-08, 1.8617578462e-05, 1.23962954603e-05, 2.10605230677e-05, 1.32427958306e-05, 6.10980305282e-06, 8.85644294613e-06, 9.03157706489e-06, 2.460147698e-06, 7.18887531548e-06, 4.83554367747e-06, 2.12530108001e-06, 2.75710908682e-06, 1.22532526348e-06, 6.26826079042e-07, 5.90026843383e-07, 4.7351514354e-07, 5.96112329276e-07, 9.76551405074e-07, 8.05367719181e-08, 3.71384238917e-08, 8.77375754271e-08, 3.2829309049e-08, 1.26813750612e-08, 4.51770487686e-09, 7.40207894978e-10, 2.05149939869e-15]
    },
    "erbbands": {
        "dmean": [0.068164139986, 0.529944360256, 1.91357672215, 6.63474464417, 10.468996048, 8.02853775024, 9.8598575592, 9.51829910278, 11.2450895309, 31.3531761169, 20.8106994629, 8.65315628052, 36.007522583, 21.1898231506, 36.3513259888, 24.5298671722, 35.3783378601, 24.984495163, 19.5897674561, 16.2318305969, 17.5374851227, 17.7462291718, 17.7230911255, 18.5916252136, 14.1821651459, 6.21747922897, 4.44161462784, 4.02351140976, 4.39647722244, 3.29911375046, 1.98277997971, 1.14504659176, 0.741143167019, 0.383716523647, 0.188061475754, 0.0865972265601, 0.0229023322463, 0.00154319324065, 3.28090827679e-05, 1.16086421258e-05],
        "dmean2": [0.101699873805, 0.819779574871, 3.28700685501, 12.2451658249, 19.0113105774, 13.9632444382, 16.1990642548, 15.9382629395, 19.1815128326, 49.5849494934, 34.3115005493, 13.3302745819, 57.1496429443, 32.7530517578, 57.0140380859, 39.505027771, 56.3810997009, 39.9600639343, 31.2815170288, 26.0434951782, 27.4881057739, 27.3473930359, 27.9767284393, 29.1523685455, 21.0303726196, 9.99487686157, 7.04997110367, 6.29890489578, 7.02294301987, 5.01510810852, 3.02145862579, 1.73270344734, 1.12533068657, 0.60794955492, 0.298199534416, 0.138368561864, 0.0377091579139, 0.00256169191562, 5.20308421983e-05, 1.77701222128e-05],
        "dvar": [0.00877965521067, 0.588821470737, 12.046046257, 185.317077637, 351.639404297, 96.0209121704, 231.426330566, 250.59677124, 277.003967285, 2313.80444336, 1405.01843262, 252.930099487, 4323.16064453, 1758.9609375, 4019.04150391, 2738.70092773, 4246.48242188, 1415.69128418, 1172.29626465, 965.996826172, 981.604858398, 575.145080566, 565.688049316, 719.095214844, 616.248046875, 118.697746277, 50.3632736206, 41.4111938477, 90.511428833, 33.2438354492, 12.5689258575, 3.76276898384, 1.67105531693, 0.833478808403, 0.0818041786551, 0.0127627616748, 0.00101282086689, 5.48200569028e-06, 1.8064589824e-09, 1.4802022108e-10],
        "dvar2": [0.0176976490766, 1.4352273941, 32.952999115, 515.171142578, 983.039978027, 266.430450439, 566.380554199, 686.045288086, 802.673828125, 5471.24365234, 3628.6015625, 588.663635254, 11421.5175781, 4010.97436523, 9529.62695312, 7113.296875, 9783.140625, 3215.93530273, 2537.48461914, 2427.62841797, 2311.97143555, 1353.06481934, 1353.3046875, 1701.52832031, 1240.27648926, 298.542694092, 127.152946472, 99.1767730713, 243.878173828, 80.0280075073, 29.5515079498, 9.01522350311, 3.80092048645, 2.08320665359, 0.202104985714, 0.0331397131085, 0.0026104436256, 1.45408539538e-05, 4.66938399057e-09, 3.50596218723e-10],
        "max": [0.851681232452, 6.28320598602, 23.6376743317, 83.2985458374, 138.08631897, 88.828918457, 163.549697876, 269.689575195, 239.301025391, 717.270629883, 504.524017334, 261.763458252, 1010.39190674, 580.459472656, 720.803894043, 938.242675781, 936.613647461, 448.35848999, 786.310546875, 433.069946289, 613.856933594, 268.427246094, 253.20300293, 276.263275146, 329.842895508, 174.756515503, 53.3129310608, 99.7413635254, 213.15196228, 108.847167969, 68.9414520264, 31.6236228943, 23.2880649567, 21.021314621, 4.25619745255, 1.09392762184, 0.3381947577, 0.0277648773044, 0.0005079638795, 0.000105146027636],
        "mean": [0.119726017118, 0.795681774616, 2.32629847527, 5.92878913879, 11.2051801682, 12.1215724945, 15.4414367676, 16.605966568, 22.0259437561, 59.330165863, 33.7216072083, 16.9729442596, 73.0979309082, 41.6947135925, 66.4319610596, 46.5495109558, 58.8923950195, 46.9119224548, 38.4217948914, 29.188999176, 33.7213897705, 33.754989624, 35.3104782104, 39.530002594, 27.2699871063, 10.3649759293, 6.97271680832, 6.63602685928, 6.87425374985, 6.09318590164, 3.70464086533, 2.07078409195, 1.24824857712, 0.587201833725, 0.28783851862, 0.129939839244, 0.0332271158695, 0.00194990809541, 6.22584775556e-05, 4.03252488468e-05],
        "median": [0.0451499558985, 0.445674836636, 1.32888793945, 2.60174560547, 6.40725183487, 8.32855701447, 9.63566398621, 11.4306077957, 16.252374649, 30.3434867859, 18.4058132172, 10.2046899796, 38.1588439941, 26.3415546417, 33.9203491211, 30.15782547, 35.6937026978, 28.4616680145, 25.6240653992, 19.7290496826, 21.0089893341, 20.9336738586, 18.4688301086, 20.8747997284, 12.340098381, 6.54298639297, 4.19108104706, 3.89199185371, 3.5329349041, 3.57553911209, 2.21766901016, 1.12747812271, 0.717218458652, 0.350119054317, 0.165881484747, 0.0643885061145, 0.0152211748064, 0.000829283788335, 4.25913749496e-05, 3.83850456274e-05],
        "min": [0.000655314361211, 0.00390459597111, 0.0177556239069, 0.0401871502399, 0.12886017561, 0.282360285521, 0.367027342319, 0.295746147633, 0.573883235455, 1.16383349895, 0.771221518517, 0.423856198788, 1.22551298141, 1.37045407295, 1.77925252914, 1.0483982563, 2.0952129364, 1.02519118786, 1.83007645607, 0.723988652229, 0.594258844852, 0.395754665136, 0.528573334217, 0.545093894005, 0.21002651751, 0.304105132818, 0.252118200064, 0.275731116533, 0.139714211226, 0.16459736228, 0.0787112638354, 0.0141278272495, 0.00411332771182, 0.000512412749231, 0.000139546522405, 6.39384961687e-05, 1.8243195882e-05, 3.05683852275e-06, 4.91813170811e-06, 3.96615905629e-06],
        "var": [0.0230827797204, 0.911270856857, 10.103178978, 116.129135132, 244.480285645, 119.896102905, 340.948272705, 356.679962158, 461.235748291, 7856.06591797, 1981.86499023, 521.482116699, 10366.7089844, 2825.69995117, 7912.99609375, 4123.62060547, 6242.29248047, 2700.35791016, 2686.33032227, 1167.68603516, 2341.67993164, 1291.53991699, 1605.32922363, 2069.99414062, 1837.82092285, 150.920379639, 63.3455810547, 66.1163864136, 118.806938171, 65.0469894409, 21.8254776001, 7.19710874557, 3.078799963, 1.05100107193, 0.138035833836, 0.0282239131629, 0.00199921289459, 8.24567905511e-06, 3.14234349652e-09, 2.46564602069e-10]
    },
    "gfcc": {
        "mean": [39.9633789062, 99.8522644043, -132.066070557, 31.3854808807, -62.583114624, 20.2437648773, -40.6462669373, 8.95761680603, -25.4031982422, 1.68267762661, -12.527882576, 3.38085818291, -13.6428518295],
        "cov": [[678.340881348, -255.89012146, -155.786483765, 133.154418945, -66.7979354858, -56.2097091675, -57.6488189697, 22.4871692657, -48.1698532104, -113.624519348, -23.0765476227, -13.1880321503, -83.6091461182], [-255.89012146, 395.567504883, -47.1666069031, -24.5104637146, 88.6153335571, -8.47888946533, 95.9541625977, 2.21833014488, 89.8997955322, -40.767868042, 80.5403137207, -18.0263614655, 38.2796401978], [-155.786483765, -47.1666069031, 444.709899902, -117.971359253, 57.0879135132, 78.507774353, -15.0518903732, 6.34485149384, -76.5159912109, 175.258132935, -125.247955322, 20.7883358002, -7.12396287918], [133.154418945, -24.5104637146, -117.971359253, 312.491607666, -43.392993927, -38.0605735779, -32.9973831177, -53.0260620117, 24.2719707489, -114.314506531, 73.5930099487, -35.3632087708, 31.5784606934], [-66.7979354858, 88.6153335571, 57.0879135132, -43.392993927, 175.1925354, 34.0415115356, 29.8247623444, 46.5752029419, 23.7139472961, 33.3987007141, -13.4253578186, 29.5036907196, -10.1929111481], [-56.2097091675, -8.47888946533, 78.507774353, -38.0605735779, 34.0415115356, 119.928596497, 30.910446167, 26.5398521423, 0.290178745985, 46.1120414734, -11.156414032, -3.11715960503, 19.345243454], [-57.6488189697, 95.9541625977, -15.0518903732, -32.9973831177, 29.8247623444, 30.910446167, 114.79045105, 42.2592506409, 24.978099823, -13.1577606201, 27.4469871521, 19.9443740845, -12.3239545822], [22.4871692657, 2.21833014488, 6.34485149384, -53.0260620117, 46.5752029419, 26.5398521423, 42.2592506409, 120.421302795, 30.817401886, 10.3214426041, 9.65124511719, 29.3870658875, -14.8309078217], [-48.1698532104, 89.8997955322, -76.5159912109, 24.2719707489, 23.7139472961, 0.290178745985, 24.978099823, 30.817401886, 107.52243042, -2.04721641541, 48.385345459, 1.14591467381, 25.2647533417], [-113.624519348, -40.767868042, 175.258132935, -114.314506531, 33.3987007141, 46.1120414734, -13.1577606201, 10.3214426041, -2.04721641541, 163.304626465, -46.0469856262, 19.9377403259, 9.43898391724], [-23.0765476227, 80.5403137207, -125.247955322, 73.5930099487, -13.4253578186, -11.156414032, 27.4469871521, 9.65124511719, 48.385345459, -46.0469856262, 134.160873413, 15.109369278, 19.2174930573], [-13.1880321503, -18.0263614655, 20.7883358002, -35.3632087708, 29.5036907196, -3.11715960503, 19.9443740845, 29.3870658875, 1.14591467381, 19.9377403259, 15.109369278, 77.2349700928, 1.22579026222], [-83.6091461182, 38.2796401978, -7.12396287918, 31.5784606934, -10.1929111481, 19.345243454, -12.3239545822, -14.8309078217, 25.2647533417, 9.43898391724, 19.2174930573, 1.22579026222, 91.0703811646]],
        "icov": [[0.00305812666193, 0.00148287008051, 0.000962946738582, -0.00111072533764, 4.60483279312e-05, 8.884856652e-05, 0.000581844244152, -0.0013840975007, 0.00038498849608, 0.000969182059634, 0.00103881198447, -2.88773007924e-05, 0.00205829483457], [0.00148287008051, 0.0118263056502, -0.0044924323447, 0.0054148635827, -0.00698580872267, 0.00645252875984, -0.00782857928425, 0.00479483325034, -0.00669761281461, 0.00810980424285, -0.00796742644161, 0.00948302261531, -0.00569851603359], [0.000962946738582, -0.0044924323447, 0.00869246572256, -0.00455004256219, 0.00236349040642, -0.00404790323228, 0.00270441826433, -0.00347303249873, 0.00697147008032, -0.00928033981472, 0.0074311112985, -0.00496693095192, 0.00348140625283], [-0.00111072533764, 0.0054148635827, -0.00455004256219, 0.00969459675252, -0.00384434498847, 0.00335318804719, -0.00229103234597, 0.00528751593083, -0.00567963300273, 0.00880147237331, -0.00790490396321, 0.00636498257518, -0.00535895349458], [4.60483279312e-05, -0.00698580872267, 0.00236349040642, -0.00384434498847, 0.0119298603386, -0.00564775243402, 0.00479377619922, -0.00453861197457, 0.00169769360218, -0.00452015595511, 0.00657438626513, -0.00854948628694, 0.00566632580012], [8.884856652e-05, 0.00645252875984, -0.00404790323228, 0.00335318804719, -0.00564775243402, 0.0167305320501, -0.00882517918944, 0.000407632760471, -0.00144466641359, 0.00167913467158, -0.00573338707909, 0.00994097348303, -0.00812109000981], [0.000581844244152, -0.00782857928425, 0.00270441826433, -0.00229103234597, 0.00479377619922, -0.00882517918944, 0.0194155629724, -0.0052412240766, 0.00174961867742, -0.000900248473044, 0.00370444008149, -0.00935627240688, 0.00796791259199], [-0.0013840975007, 0.00479483325034, -0.00347303249873, 0.00528751593083, -0.00453861197457, 0.000407632760471, -0.0052412240766, 0.0160847492516, -0.00808124244213, 0.00554182892665, -0.0048469658941, 0.000881775515154, -0.00139719014987], [0.00038498849608, -0.00669761281461, 0.00697147008032, -0.00567963300273, 0.00169769360218, -0.00144466641359, 0.00174961867742, -0.00808124244213, 0.0214779600501, -0.0108097000048, 0.0028110339772, -0.00213152705692, -0.00030152220279], [0.000969182059634, 0.00810980424285, -0.00928033981472, 0.00880147237331, -0.00452015595511, 0.00167913467158, -0.000900248473044, 0.00554182892665, -0.0108097000048, 0.0226149167866, -0.0069199455902, 0.00424916762859, -0.00432084221393], [0.00103881198447, -0.00796742644161, 0.0074311112985, -0.00790490396321, 0.00657438626513, -0.00573338707909, 0.00370444008149, -0.0048469658941, 0.0028110339772, -0.0069199455902, 0.0206510201097, -0.011531945318, 0.00502550369129], [-2.88773007924e-05, 0.00948302261531, -0.00496693095192, 0.00636498257518, -0.00854948628694, 0.00994097348303, -0.00935627240688, 0.000881775515154, -0.00213152705692, 0.00424916762859, -0.011531945318, 0.0264814738184, -0.00857124011964], [0.00205829483457, -0.00569851603359, 0.00348140625283, -0.00535895349458, 0.00566632580012, -0.00812109000981, 0.00796791259199, -0.00139719014987, -0.00030152220279, -0.00432084221393, 0.00502550369129, -0.00857124011964, 0.0201923493296]]
    },
    "melbands": {
        "dmean": [0.000600881292485, 0.000756040622946, 0.00127372483257, 0.000655176059809, 0.000349981331965, 0.000214070401853, 0.000176923509571, 0.000359761208529, 0.00014096358791, 6.66838168399e-05, 0.000180371425813, 8.52389421198e-05, 0.000129861247842, 7.1008777013e-05, 8.19527849671e-05, 5.96274512645e-05, 5.18296474183e-05, 3.35178228852e-05, 2.61456989392e-05, 2.09437730518e-05, 2.29250017583e-05, 1.86847664736e-05, 2.17491124204e-05, 1.55209472723e-05, 1.63316799444e-05, 1.37260658448e-05, 6.79714912621e-06, 4.02612567996e-06, 3.0323124065e-06, 2.34642425312e-06, 2.46669856097e-06, 2.70803207059e-06, 2.25152416533e-06, 1.8213227122e-06, 1.32575246425e-06, 8.87923647497e-07, 6.79490085531e-07, 6.01868578087e-07, 3.98550724867e-07, 3.35547355235e-07],
        "dmean2": [0.000948294822592, 0.00122060475405, 0.00232405844145, 0.00117828208022, 0.000576779944822, 0.000353519950295, 0.000296348909615, 0.000574118283112, 0.000233129583648, 0.000102351368696, 0.000285743619315, 0.000131570428493, 0.000205228003324, 0.000114991074952, 0.00012885632168, 9.66409643297e-05, 8.38676933199e-05, 5.30477082066e-05, 4.23557976319e-05, 3.40701517416e-05, 3.65411578969e-05, 2.93064858852e-05, 3.45796288457e-05, 2.49175463978e-05, 2.58341588051e-05, 2.06885488296e-05, 1.03116553873e-05, 6.76975332681e-06, 4.9354962357e-06, 3.70730413124e-06, 3.92470201405e-06, 4.47622369393e-06, 3.45452758665e-06, 2.79801611214e-06, 2.05059882319e-06, 1.36016205943e-06, 1.05608091872e-06, 9.31521753955e-07, 6.20041873844e-07, 5.42434008821e-07],
        "dvar": [7.1029649007e-07, 1.46286367908e-06, 5.64179663343e-06, 1.08380379515e-06, 2.41971179094e-07, 1.16393337635e-07, 6.48206039955e-08, 3.03237328581e-07, 6.82299230448e-08, 1.63730344838e-08, 1.06765106977e-07, 3.3477324024e-08, 5.19762259898e-08, 2.1192031241e-08, 1.83292812039e-08, 1.2371118352e-08, 6.37586694552e-09, 4.2756922447e-09, 2.05089145666e-09, 1.20569809692e-09, 1.71055980491e-09, 6.44700959285e-10, 9.94150872735e-10, 4.69616345811e-10, 5.82273285143e-10, 5.16427289821e-10, 2.45898329476e-10, 5.23239541972e-11, 2.34764360729e-11, 1.25779248128e-11, 1.69825438434e-11, 3.88073150004e-11, 1.81241584241e-11, 1.04084015712e-11, 6.82792060738e-12, 2.06848904324e-12, 1.31939814976e-12, 1.10855703957e-12, 4.72834824679e-13, 7.86964514821e-13],
        "dvar2": [1.68629844666e-06, 3.55040356226e-06, 1.54800418386e-05, 3.05038270199e-06, 6.15824490069e-07, 3.16140955192e-07, 1.87842957189e-07, 7.57622956371e-07, 1.72727496306e-07, 3.75988449264e-08, 2.81714505945e-07, 7.50806350425e-08, 1.22970519101e-07, 5.33529949109e-08, 4.20340455776e-08, 2.86159274054e-08, 1.51635060064e-08, 9.18615672418e-09, 5.28375831976e-09, 2.87620394168e-09, 4.05238775869e-09, 1.5438973433e-09, 2.49920284467e-09, 1.1445498993e-09, 1.42184297669e-09, 1.12498854676e-09, 5.61196644711e-10, 1.41102074469e-10, 5.9172236555e-11, 3.08781646086e-11, 4.18131397562e-11, 1.06617395468e-10, 4.30229046833e-11, 2.54701520291e-11, 1.68465016243e-11, 4.70523576698e-12, 3.24688756784e-12, 2.59386349205e-12, 1.04439959285e-12, 2.04295304632e-12],
        "max": [0.00681235594675, 0.00917595252395, 0.0146452272311, 0.00809236802161, 0.00554128689691, 0.0057631530799, 0.00362408999354, 0.00663511315361, 0.00359152676538, 0.00187673349865, 0.00496363686398, 0.00280870264396, 0.00291925272904, 0.00240846606903, 0.00170621369034, 0.00172333000228, 0.000885051733349, 0.0015825482551, 0.000594101729803, 0.000437857379438, 0.000746129371691, 0.000286782014882, 0.000478764239233, 0.000215258347453, 0.000253609905485, 0.000319033075357, 0.00035396477324, 9.78218886303e-05, 3.72687463823e-05, 3.40134793078e-05, 7.24913552403e-05, 0.000137771261507, 9.37556833378e-05, 7.05066340743e-05, 5.52001329197e-05, 2.30653313338e-05, 1.66808895301e-05, 1.84930286196e-05, 1.11066965474e-05, 2.13917173824e-05],
        "mean": [0.00104207848199, 0.00117365410551, 0.00121006008703, 0.000834004022181, 0.000569160329178, 0.000380038633011, 0.000355057505658, 0.000655395211652, 0.000218589542783, 0.000123758189147, 0.000363287079381, 0.000153863540618, 0.000231155921938, 0.000122157434816, 0.000140777279739, 9.81711564236e-05, 8.85082481545e-05, 6.12198491581e-05, 4.37492526544e-05, 3.67759348592e-05, 4.08633422921e-05, 3.30498442054e-05, 3.69239533029e-05, 2.94133315037e-05, 3.28646201524e-05, 2.53490852629e-05, 1.12629395517e-05, 5.84148983762e-06, 4.48692617283e-06, 3.69021404367e-06, 3.86393685403e-06, 3.86550709663e-06, 3.81198719879e-06, 3.23135986946e-06, 2.30187333727e-06, 1.49634342961e-06, 1.1362267287e-06, 9.46421550907e-07, 6.05723585068e-07, 4.61691314513e-07],
        "median": [0.000467617297545, 0.000712747802027, 0.000597598962486, 0.000558880332392, 0.000386864587199, 0.000263454567175, 0.000256678846199, 0.00033278320916, 0.000111634959467, 5.87332142459e-05, 0.000188861347851, 8.26562027214e-05, 0.000106965562736, 6.65691986796e-05, 8.39301719679e-05, 6.29029018455e-05, 5.1000239182e-05, 3.71971946151e-05, 2.89692870865e-05, 2.3605683964e-05, 2.31720041484e-05, 2.05620945053e-05, 2.12730938074e-05, 1.39366111398e-05, 1.74684664671e-05, 1.09715228973e-05, 5.50759386897e-06, 3.57393582817e-06, 2.53494363278e-06, 2.26019005822e-06, 2.22520247917e-06, 1.93130108528e-06, 2.06739468922e-06, 1.91175945474e-06, 1.27561452246e-06, 7.9073578263e-07, 6.10272991253e-07, 5.18952788298e-07, 3.50440046759e-07, 2.59245268808e-07],
        "min": [4.5502483772e-06, 6.9553884714e-06, 1.16387136586e-05, 2.4672377549e-05, 1.46599022628e-05, 6.53268489259e-06, 6.11185350863e-06, 1.14934609883e-05, 5.29064936927e-06, 2.40356052927e-06, 5.53256813873e-06, 3.2126338283e-06, 3.59517343895e-06, 2.21657228394e-06, 6.02524096394e-06, 3.1570803003e-06, 1.61633397511e-06, 2.00317413146e-06, 8.42229098907e-07, 9.75424086391e-07, 5.38928702554e-07, 3.66350235481e-07, 2.98496416917e-07, 3.50157648654e-07, 4.4302328206e-07, 8.87055264798e-08, 1.48782419274e-07, 1.9058499845e-07, 1.76030084731e-07, 9.34928152674e-08, 1.15022608327e-07, 6.6656319575e-08, 7.17000645523e-08, 7.4662672489e-08, 2.21364437891e-08, 1.15921885424e-08, 3.01728109164e-09, 2.44045206266e-09, 2.53416194279e-11, 2.58261793028e-12],
