{
"highlevel": {
    "danceability": {
        "all": {
            "danceable": 0.0472818352282,
            "not_danceable": 0.952718138695
        },
        "probability": 0.952718138695,
        "value": "not_danceable"
    },
    "gender": {
        "all": {
            "female": 0.660488724709,
            "male": 0.339511275291
        },
        "probability": 0.660488724709,
        "value": "female"
    },
    "genre_dortmund": {
        "all": {
            "alternative": 0.260286718607,
            "blues": 0.0135551802814,
            "electronic": 0.233170047402,
            "folkcountry": 0.151380568743,
            "funksoulrnb": 0.0344278737903,
            "jazz": 0.0959432572126,
            "pop": 0.0791222155094,
            "raphiphop": 0.00201637088321,
            "rock": 0.130097791553
        },
        "probability": 0.260286718607,
        "value": "alternative"
    },
    "genre_electronic": {
        "all": {
            "ambient": 0.732201516628,
            "dnb": 0.129911333323,
            "house": 0.0714026018977,
            "techno": 0.00512667465955,
            "trance": 0.061357870698
        },
        "probability": 0.732201516628,
        "value": "ambient"
    },
    "genre_rosamerica": {
        "all": {
            "cla": 0.0226237159222,
            "dan": 0.0115696070716,
            "hip": 0.00351507100277,
            "jaz": 0.0207429714501,
            "pop": 0.278817892075,
            "rhy": 0.0563302375376,
            "roc": 0.603529989719,
            "spe": 0.0028705408331
        },
        "probability": 0.603529989719,
        "value": "roc"
    },
    "genre_tzanetakis": {
        "all": {
            "blu": 0.0626541376114,
            "cla": 0.0348133966327,
            "cou": 0.0783501937985,
            "dis": 0.104547761381,
            "hip": 0.15693578124,
            "jaz": 0.313987255096,
            "met": 0.044816005975,
            "pop": 0.0627349764109,
            "reg": 0.0627352520823,
            "roc": 0.0784252434969
        },
        "probability": 0.313987255096,
        "value": "jaz"
    },
    "ismir04_rhythm": {
        "all": {
            "ChaChaCha": 0.0507902689278,
            "Jive": 0.0225898008794,
            "Quickstep": 0.0341147705913,
            "Rumba-American": 0.0372073277831,
            "Rumba-International": 0.414675116539,
            "Rumba-Misc": 0.0191714446992,
            "Samba": 0.0701037049294,
            "Tango": 0.0414320193231,
            "VienneseWaltz": 0.21393892169,
            "Waltz": 0.095976613462
        },
        "probability": 0.414675116539,
        "value": "Rumba-International"
    },
    "mood_acoustic": {
        "all": {
            "acoustic": 0.022511318326,
            "not_acoustic": 0.977488696575
        },
        "probability": 0.977488696575,
        "value": "not_acoustic"
    },
    "mood_aggressive": {
        "all": {
            "aggressive": 0.224667385221,
            "not_aggressive": 0.775332629681
        },
        "probability": 0.775332629681,
        "value": "not_aggressive"
    },
    "mood_electronic": {
        "all": {
            "electronic": 0.767506837845,
            "not_electronic": 0.232493147254
        },
        "probability": 0.767506837845,
        "value": "electronic"
    },
    "mood_happy": {
        "all": {
            "happy": 0.0365349315107,
            "not_happy": 0.963465094566
        },
        "probability": 0.963465094566,
        "value": "not_happy"
    },
    "mood_party": {
        "all": {
            "not_party": 0.98658901453,
            "party": 0.0134109631181
        },
        "probability": 0.98658901453,
        "value": "not_party"
    },
    "mood_relaxed": {
        "all": {
            "not_relaxed": 0.179170489311,
            "relaxed": 0.820829510689
        },
        "probability": 0.820829510689,
        "value": "relaxed"
    },
    "mood_sad": {
        "all": {
            "not_sad": 0.34529453516,
            "sad": 0.65470546484
        },
        "probability": 0.65470546484,
        "value": "sad"
    },
    "moods_mirex": {
        "all": {
            "Cluster1": 0.206156492233,
            "Cluster2": 0.115039609373,
            "Cluster3": 0.515089392662,
            "Cluster4": 0.0871595814824,
            "Cluster5": 0.0765549317002
        },
        "probability": 0.515089392662,
        "value": "Cluster3"
    },
    "timbre": {
        "all": {
            "bright": 0.994154572487,
            "dark": 0.00584544148296
        },
        "probability": 0.994154572487,
        "value": "bright"
    },
    "tonal_atonal": {
        "all": {
            "atonal": 0.00237302854657,
            "tonal": 0.997626960278
        },
        "probability": 0.997626960278,
        "value": "tonal"
    },
    "voice_instrumental": {
        "all": {
            "instrumental": 0.00536062754691,
            "voice": 0.994639396667
        },
        "probability": 0.994639396667,
        "value": "voice"
    }
},
"lowlevel": {
    "average_loudness": 0.982947409153,
    "barkbands_crest": {
        "dmean": 2.18180966377,
        "dmean2": 3.28877663612,
        "dvar": 4.83629560471,
        "dvar2": 10.5529966354,
        "max": 23.4728431702,
        "mean": 9.73137950897,
        "median": 8.93847560883,
        "min": 4.13325548172,
        "var": 12.3796892166
    },
    "barkbands_flatness_db": {
        "dmean": 0.0195073056966,
        "dmean2": 0.0290686432272,
        "dvar": 0.000452682375908,
        "dvar2": 0.000930582871661,
        "max": 0.342041909695,
        "mean": 0.202515542507,
        "median": 0.201165899634,
        "min": 0.0785418227315,
        "var": 0.00196151132695
    },
    "barkbands_kurtosis": {
        "dmean": 1.67474794388,
        "dmean2": 2.7068104744,
        "dvar": 8.07149982452,
        "dvar2": 21.2784099579,
        "max": 36.1415328979,
        "mean": 2.75397825241,
        "median": 1.69140148163,
        "min": -1.33678209782,
        "var": 15.9882688522
    },
    "barkbands_skewness": {
        "dmean": 0.376791954041,
        "dmean2": 0.573908567429,
        "dvar": 0.171608254313,
        "dvar2": 0.424802452326,
        "max": 5.24581289291,
        "mean": 1.24058711529,
        "median": 1.16273152828,
        "min": -0.904163897038,
        "var": 0.671539783478
    },
    "barkbands_spread": {
        "dmean": 2.23081111908,
        "dmean2": 3.51513409615,
        "dvar": 6.22459316254,
        "dvar2": 15.363863945,
        "max": 37.3861732483,
        "mean": 13.1666984558,
        "median": 12.8913106918,
        "min": 2.76137566566,
        "var": 19.9067249298
    },
    "dissonance": {
        "dmean": 0.0292254164815,
        "dmean2": 0.0491442680359,
        "dvar": 0.000654436182231,
        "dvar2": 0.00173151609488,
        "max": 0.5,
        "mean": 0.434579104185,
        "median": 0.440074831247,
        "min": 0.293077141047,
        "var": 0.00127626396716
    },
    "dynamic_complexity": 1.01424992085,
    "erbbands_crest": {
        "dmean": 2.43061256409,
        "dmean2": 3.74603056908,
        "dvar": 4.41769456863,
        "dvar2": 9.77348423004,
        "max": 25.3599128723,
        "mean": 11.4255657196,
        "median": 10.7712268829,
        "min": 3.91771936417,
        "var": 17.3792076111
    },
    "erbbands_flatness_db": {
        "dmean": 0.0163327045739,
        "dmean2": 0.0225509237498,
        "dvar": 0.000358079647413,
        "dvar2": 0.000637566612568,
        "max": 0.341619372368,
        "mean": 0.207004457712,
        "median": 0.196461766958,
        "min": 0.0877341479063,
        "var": 0.00275508943014
    },
    "erbbands_kurtosis": {
        "dmean": 0.995674431324,
        "dmean2": 1.55494701862,
        "dvar": 0.991491734982,
        "dvar2": 2.34650278091,
        "max": 11.9001483917,
        "mean": 1.79449737072,
        "median": 1.45754575729,
        "min": -1.23846685886,
        "var": 3.40769433975
    },
    "erbbands_skewness": {
        "dmean": 0.278141856194,
        "dmean2": 0.426216572523,
        "dvar": 0.0615024752915,
        "dvar2": 0.14418040216,
        "max": 2.86490488052,
        "mean": 0.525882184505,
        "median": 0.530007898808,
        "min": -1.40722513199,
        "var": 0.323037832975
    },
    "erbbands_spread": {
        "dmean": 4.23078489304,
        "dmean2": 6.37303924561,
        "dvar": 25.9943370819,
        "dvar2": 62.2191200256,
        "max": 75.8052139282,
        "mean": 21.0967159271,
        "median": 19.4207115173,
        "min": 4.60605764389,
        "var": 94.0994491577
    },
    "hfc": {
        "dmean": 4.62418365479,
        "dmean2": 6.6303601265,
        "dvar": 25.8371944427,
        "dvar2": 56.4357337952,
        "max": 71.1443481445,
        "mean": 23.456029892,
        "median": 21.8435878754,
        "min": 6.63318014145,
        "var": 87.5694885254
    },
    "melbands_crest": {
        "dmean": 2.68959999084,
        "dmean2": 4.18637895584,
        "dvar": 8.27237033844,
        "dvar2": 20.2545223236,
        "max": 29.6319694519,
        "mean": 13.5616159439,
        "median": 12.8430814743,
        "min": 5.4373497963,
        "var": 21.7253036499
    },
    "melbands_flatness_db": {
        "dmean": 0.0236471164972,
        "dmean2": 0.0349038615823,
        "dvar": 0.000784226635005,
        "dvar2": 0.00155178189743,
        "max": 0.440065860748,
        "mean": 0.280683964491,
        "median": 0.278039306402,
        "min": 0.135243996978,
        "var": 0.00335203506984
    },
    "melbands_kurtosis": {
        "dmean": 3.21047449112,
        "dmean2": 5.17753791809,
        "dvar": 33.6140441895,
        "dvar2": 91.2640686035,
        "max": 73.4142684937,
        "mean": 5.86598491669,
        "median": 3.65774965286,
        "min": -1.19661712646,
        "var": 56.7806167603
    },
    "melbands_skewness": {
        "dmean": 0.472789794207,
        "dmean2": 0.716414034367,
        "dvar": 0.281387895346,
        "dvar2": 0.711894333363,
        "max": 6.8163061142,
        "mean": 1.80320715904,
        "median": 1.70373737812,
        "min": -0.542800307274,
        "var": 0.940981626511
    },
    "melbands_spread": {
        "dmean": 2.64668536186,
        "dmean2": 4.17115592957,
        "dvar": 8.26153373718,
        "dvar2": 21.1172809601,
        "max": 31.7267932892,
        "mean": 14.8572893143,
        "median": 14.729929924,
        "min": 2.28436541557,
        "var": 30.4852867126
    },
    "pitch_salience": {
        "dmean": 0.0571393407881,
        "dmean2": 0.0905155465007,
        "dvar": 0.00287555786781,
        "dvar2": 0.00736558111385,
        "max": 0.774228155613,
        "mean": 0.503268241882,
        "median": 0.502104818821,
        "min": 0.185896337032,
        "var": 0.00798870995641
    },
    "silence_rate_20dB": {
        "dmean": 0,
        "dmean2": 0,
        "dvar": 0,
        "dvar2": 0,
        "max": 1,
        "mean": 1,
        "median": 1,
        "min": 1,
        "var": 0
    },
    "silence_rate_30dB": {
        "dmean": 0.0743034034967,
        "dmean2": 0.148721918464,
        "dvar": 0.0687827169895,
        "dvar2": 0.154490813613,
        "max": 1,
        "mean": 0.935808181763,
        "median": 1,
        "min": 0,
        "var": 0.0600707381964
    },
    "silence_rate_60dB": {
        "dmean": 0,
        "dmean2": 0,
        "dvar": 0,
        "dvar2": 0,
        "max": 0,
        "mean": 0,
        "median": 0,
        "min": 0,
        "var": 0
    },
    "spectral_centroid": {
        "dmean": 80.347076416,
        "dmean2": 127.575332642,
        "dvar": 8429.34277344,
        "dvar2": 21670.3886719,
        "max": 1579.00024414,
        "mean": 714.090820312,
        "median": 720.268188477,
        "min": 291.570892334,
        "var": 36007.5
    },
    "spectral_complexity": {
        "dmean": 2.18034052849,
        "dmean2": 3.63361740112,
        "dvar": 3.87228536606,
        "dvar2": 9.12447929382,
        "max": 33,
        "mean": 17.9698371887,
        "median": 18,
        "min": 10,
        "var": 10.7082872391
    },
    "spectral_decrease": {
        "dmean": 3.4193323728e-09,
        "dmean2": 5.22474685738e-09,
        "dvar": 2.35409017975e-17,
        "dvar2": 5.28967476436e-17,
        "max": -3.7562553068e-09,
        "mean": -1.38066571509e-08,
        "median": -1.21462715441e-08,
        "min": -4.59131541675e-08,
        "var": 4.19488203306e-17
    },
    "spectral_energy": {
        "dmean": 0.0132025089115,
        "dmean2": 0.0201395899057,
        "dvar": 0.000342872051988,
        "dvar2": 0.000769865931943,
        "max": 0.175422564149,
        "mean": 0.0542370229959,
        "median": 0.0478330329061,
        "min": 0.0149612370878,
        "var": 0.000619651575107
    },
    "spectral_energyband_high": {
        "dmean": 0.000127478866489,
        "dmean2": 0.00018661703507,
        "dvar": 7.66769119309e-08,
        "dvar2": 1.63787689189e-07,
        "max": 0.00538938632235,
        "mean": 0.000286908412818,
        "median": 0.000125826350995,
        "min": 2.53290522778e-06,
        "var": 2.23859444759e-07
    },
    "spectral_energyband_low": {
        "dmean": 0.0099469916895,
        "dmean2": 0.0155666936189,
        "dvar": 0.000316308549372,
        "dvar2": 0.000717403599992,
        "max": 0.162136003375,
        "mean": 0.0231071263552,
        "median": 0.0163849592209,
        "min": 0.000985716236755,
        "var": 0.000484740419779
    },
    "spectral_energyband_middle_high": {
        "dmean": 0.00220349244773,
        "dmean2": 0.00320639810525,
        "dvar": 5.92517562836e-06,
        "dvar2": 1.21547191156e-05,
        "max": 0.0469055771828,
        "mean": 0.00766330491751,
        "median": 0.00643111625686,
        "min": 0.00090402062051,
        "var": 2.44942220888e-05
    },
    "spectral_energyband_middle_low": {
        "dmean": 0.00647679110989,
        "dmean2": 0.00970294512808,
        "dvar": 6.52005401207e-05,
        "dvar2": 0.00015929377696,
        "max": 0.129986941814,
        "mean": 0.0264196041971,
        "median": 0.0248650982976,
        "min": 0.00407903734595,
        "var": 0.000165786332218
    },
    "spectral_entropy": {
        "dmean": 0.146376550198,
        "dmean2": 0.216523587704,
        "dvar": 0.0305154025555,
        "dvar2": 0.061481911689,
        "max": 8.1274766922,
        "mean": 6.9532661438,
        "median": 6.9230670929,
        "min": 5.89305686951,
        "var": 0.146553605795
    },
    "spectral_flux": {
        "dmean": 0.0281028784811,
        "dmean2": 0.0445338636637,
        "dvar": 0.00123140390497,
        "dvar2": 0.00274439458735,
        "max": 0.302515298128,
        "mean": 0.0913920849562,
        "median": 0.0762977823615,
        "min": 0.0258909408003,
        "var": 0.00265323696658
    },
    "spectral_kurtosis": {
        "dmean": 4.79309225082,
        "dmean2": 7.96704816818,
        "dvar": 33.5392532349,
        "dvar2": 95.346786499,
        "max": 65.4680023193,
        "mean": 11.4197120667,
        "median": 9.32966327667,
        "min": 0.274718284607,
        "var": 65.0853271484
    },
    "spectral_rms": {
        "dmean": 0.000821427383926,
        "dmean2": 0.00124079827219,
        "dvar": 1.01064460978e-06,
        "dvar2": 2.17505544242e-06,
        "max": 0.0130822006613,
        "mean": 0.00711906980723,
        "median": 0.00683127902448,
        "min": 0.0038205140736,
        "var": 2.23297365665e-06
    },
    "spectral_rolloff": {
        "dmean": 127.015525818,
        "dmean2": 223.43800354,
        "dvar": 34048.6445312,
        "dvar2": 84279.5234375,
        "max": 1636.5234375,
        "mean": 753.610839844,
        "median": 775.1953125,
        "min": 86.1328125,
        "var": 60322.34375
    },
    "spectral_skewness": {
        "dmean": 0.399015009403,
        "dmean2": 0.666811347008,
        "dvar": 0.163410499692,
        "dvar2": 0.459950685501,
        "max": 5.63539886475,
        "mean": 2.40703630447,
        "median": 2.34728527069,
        "min": 0.798971712589,
        "var": 0.381148517132
    },
    "spectral_spread": {
        "dmean": 510259.3125,
        "dmean2": 749434.875,
        "dvar": 747773689856,
        "dvar2": 1.35670176154e+12,
        "max": 18713334,
        "mean": 3366577.75,
        "median": 3330388.5,
        "min": 952377.25,
        "var": 2.78253666304e+12
    },
    "spectral_strongpeak": {
        "dmean": 0.527249395847,
        "dmean2": 0.889974534512,
        "dvar": 0.811070382595,
        "dvar2": 1.65718138218,
        "max": 6.89736127853,
        "mean": 1.09766328335,
        "median": 0.559281766415,
        "min": 0.071137316525,
        "var": 1.4477506876
    },
    "zerocrossingrate": {
        "dmean": 0.00479588937014,
        "dmean2": 0.00612828880548,
        "dvar": 2.05695141631e-05,
        "dvar2": 3.00019219139e-05,
        "max": 0.09326171875,
        "mean": 0.0328908227384,
        "median": 0.03173828125,
        "min": 0.00634765625,
        "var": 0.000122274563182
    },
    "barkbands": {
        "dmean": [0.00026631183573, 0.00759579613805, 0.00365857803263, 0.00238022208214, 0.00263817468658, 0.00187466293573, 0.000461192365037, 0.0006631219876, 0.00223705801181, 0.00148387870286, 0.00102482899092, 0.000339702208294, 0.000529324286617, 0.000394799542846, 0.000175844485057, 8.96127749002e-05, 7.56219378673e-05, 4.95868589496e-05, 3.89480846934e-05, 2.42767710006e-05, 3.19297541864e-05, 3.48405737896e-05, 2.14719184441e-05, 1.91771468963e-05, 3.46021988662e-05, 1.02676731331e-05, 6.35704999752e-09],
        "dmean2": [0.000464334501885, 0.0110587924719, 0.00637372443452, 0.00407171854749, 0.00428501330316, 0.00280360295437, 0.000708136416506, 0.00100170017686, 0.00280720600858, 0.00215456890874, 0.0015158491442, 0.000559729116503, 0.000805075571407, 0.000630877329968, 0.000278793537291, 0.000147221362568, 0.000123114863527, 7.48678430682e-05, 6.26107284916e-05, 4.03038648074e-05, 5.10458849021e-05, 5.65849040868e-05, 3.34996148013e-05, 2.8881993785e-05, 5.59768013773e-05, 1.59503579198e-05, 8.20956724823e-09],
        "dvar": [4.93822369663e-07, 0.000240163746639, 5.22685404576e-05, 3.69316985598e-05, 1.22458368423e-05, 7.50634080759e-06, 6.14265729837e-07, 1.8445018668e-06, 7.3628316386e-06, 6.502015367e-06, 2.42936357608e-06, 4.9414603609e-07, 4.33742854966e-07, 3.08901690005e-07, 4.91112821521e-08, 2.49726515023e-08, 1.92456592885e-08, 6.24162899143e-09, 2.91698620813e-09, 4.50238690775e-09, 7.32110549961e-09, 1.11936389047e-08, 2.06317007923e-09, 1.82256454373e-09, 1.05039399401e-08, 5.60501256519e-10, 1.99599299084e-14],
        "dvar2": [1.40613576605e-06, 0.000467063655378, 0.000155237648869, 9.56604126259e-05, 3.05611902149e-05, 1.74080960278e-05, 1.50994787873e-06, 4.26420729127e-06, 1.39695112011e-05, 1.41049940794e-05, 4.55939289168e-06, 1.32215689064e-06, 9.96749918158e-07, 7.92622074641e-07, 1.10469215997e-07, 6.53397549399e-08, 4.73584371719e-08, 1.22861196772e-08, 6.86769441316e-09, 1.26820802748e-08, 1.78099845982e-08, 2.78368617046e-08, 4.71190908513e-09, 3.57461438227e-09, 2.73895146563e-08, 1.36552336105e-09, 1.99865555421e-14],
        "max": [0.00568116782233, 0.136557564139, 0.0696687623858, 0.0919050574303, 0.0599598437548, 0.0348247028887, 0.0176893956959, 0.0234441608191, 0.0407592914999, 0.0534254610538, 0.0260861907154, 0.0125381210819, 0.00692066084594, 0.00554862292483, 0.00275433016941, 0.00243633450009, 0.00296058878303, 0.00141114927828, 0.000559907522984, 0.0010924753733, 0.00183659768663, 0.00316801783629, 0.00100355665199, 0.000822966569103, 0.00105848093517, 0.000349919049768, 5.07622053192e-06],
        "mean": [0.000227322452702, 0.014085800387, 0.00717632332817, 0.00289539992809, 0.00662337942049, 0.00541678071022, 0.00106884259731, 0.00141746504232, 0.00641464302316, 0.00321552390233, 0.00209427671507, 0.000600710220169, 0.000984252081253, 0.000800967391115, 0.000363411847502, 0.000173722364707, 0.00016842088371, 0.000103487021988, 9.23952975427e-05, 4.48547798442e-05, 5.62268578506e-05, 6.2266481109e-05, 4.37694252469e-05, 3.80281999242e-05, 5.13294580742e-05, 1.74242286448e-05, 5.97710503314e-09],
        "median": [4.62847492599e-05, 0.00798340048641, 0.00597488926724, 0.00149389891885, 0.0039377710782, 0.00375463068485, 0.000570345146116, 0.000329760834575, 0.00445063319057, 0.00187791220378, 0.000817894295324, 0.000311509618768, 0.000617839279585, 0.000470448634587, 0.000234019666095, 8.46374678076e-05, 9.77371673798e-05, 5.68880604987e-05, 6.04971464782e-05, 2.25350177061e-05, 1.82458879863e-05, 2.02704286494e-05, 1.1266321053e-05, 8.22543552204e-06, 1.12859524961e-05, 4.98492909173e-06, 8.85343964807e-10],
        "min": [1.98612454483e-07, 1.94285494217e-05, 0.000127121718833, 2.44352231675e-05, 0.000110992798, 2.34953222389e-05, 4.04778529628e-06, 2.12034638025e-06, 5.41718691238e-05, 4.60360352008e-05, 2.35159154727e-06, 6.61155081616e-06, 1.8125780116e-05, 2.12326995097e-05, 6.9370280471e-06, 6.97393215887e-06, 4.81729421153e-06, 4.68461939818e-06, 2.89073295789e-06, 9.58449959398e-07, 1.15679561929e-07, 7.64660441632e-08, 2.29840431132e-08, 2.23219470685e-10, 4.31608464246e-11, 2.44655736642e-11, 1.11304706771e-11],
        "var": [3.79360756142e-07, 0.00038698897697, 4.17113333242e-05, 3.54065705324e-05, 5.24985371158e-05, 2.76973842119e-05, 2.30711657423e-06, 7.19468880561e-06, 4.11492692365e-05, 1.78199279617e-05, 1.05507160697e-05, 8.76538933881e-07, 1.05088247437e-06, 7.5135710631e-07, 1.45999010215e-07, 5.53063266295e-08, 5.33026991434e-08, 1.92467091154e-08, 7.76506503541e-09, 5.25613197411e-09, 1.31507977841e-08, 1.90100539754e-08, 6.65134702871e-09, 8.03076893874e-09, 1.22945982284e-08, 8.71613003994e-10, 1.99547918066e-14]
    },
    "erbbands": {
        "dmean": [0.254703074694, 1.64621055126, 3.98371315002, 6.26611280441, 7.39410638809, 9.84422206879, 14.0236129761, 13.8222990036, 6.22182178497, 13.3280344009, 16.4658069611, 60.6537590027, 58.8901176453, 18.1585597992, 35.8444442749, 14.2356510162, 26.6308326721, 18.8667583466, 9.04235839844, 12.27551651, 4.4832572937, 2.81208515167, 2.50651907921, 2.27730703354, 1.47895264626, 1.04117810726, 1.12657058239, 1.38126277924, 1.35424602032, 0.754869937897, 0.597371101379, 0.405735969543, 0.36820101738, 0.396541625261, 0.244714409113, 0.0706291943789, 0.0181973222643, 0.000947764026932, 2.38418288063e-05, 1.50363330249e-05],
        "dmean2": [0.381863623857, 2.50015211105, 6.93098688126, 10.9831476212, 11.9918117523, 16.0828037262, 21.4262008667, 21.1058235168, 10.0833702087, 20.3893508911, 22.614490509, 74.287689209, 84.2746200562, 27.2529373169, 53.2483673096, 22.9083900452, 40.12317276, 30.2422389984, 14.4788742065, 19.4684104919, 7.30013608932, 4.59117889404, 3.86703062057, 3.58093810081, 2.44147443771, 1.74883031845, 1.81052470207, 2.19659876823, 2.22374153137, 1.19898927212, 0.93491268158, 0.598860263824, 0.565164446831, 0.645517528057, 0.395843178034, 0.110464945436, 0.0283183977008, 0.00151084852405, 3.6449462641e-05, 2.27135806199e-05],
        "dvar": [0.412562131882, 10.0945596695, 64.8570251465, 193.809906006, 183.651687622, 182.897247314, 424.466094971, 418.523254395, 124.562538147, 708.599914551, 372.294403076, 6043.72363281, 9546.15917969, 906.487976074, 2842.73950195, 651.112243652, 1131.29284668, 728.32019043, 168.776855469, 315.526000977, 95.9403533936, 19.0349121094, 12.1490602493, 10.8253030777, 5.99527072906, 9.76942443848, 11.1512212753, 8.83211898804, 20.4621524811, 3.26032757759, 1.841558218, 0.837957024574, 0.683806419373, 1.31804490089, 0.499565005302, 0.0345155447721, 0.00144257757347, 3.78870140594e-06, 2.38965225385e-09, 4.33323155136e-10],
        "dvar2": [0.911607086658, 19.8710746765, 188.161895752, 518.109924316, 458.063171387, 455.724060059, 953.489135742, 1027.02380371, 306.854705811, 1749.51953125, 864.28314209, 11239.0429688, 20634.5859375, 1898.22229004, 5214.09326172, 1627.34680176, 2551.41601562, 1871.40893555, 452.994903564, 723.312133789, 240.429748535, 47.4097099304, 24.4507446289, 23.9478855133, 15.2459669113, 27.7140598297, 27.441740036, 19.7076416016, 52.4477806091, 7.30565881729, 4.23225831985, 1.65960550308, 1.53585278988, 3.44582509995, 1.29178524017, 0.086718685925, 0.00345493596978, 8.74260967976e-06, 5.02618346943e-09, 9.84268777593e-10],
        "max": [5.72383785248, 29.8199214935, 72.0301589966, 178.943878174, 193.00177002, 269.64956665, 275.14642334, 297.798492432, 171.590988159, 571.263061523, 242.11567688, 1266.00585938, 1890.53088379, 527.705688477, 880.445373535, 510.828094482, 356.241699219, 293.916564941, 161.996841431, 215.318588257, 201.419448853, 80.0824661255, 60.6442108154, 43.6012001038, 26.3210277557, 54.3709716797, 81.4923629761, 60.2289543152, 136.649749756, 41.7270088196, 32.6656608582, 15.5061807632, 16.8225421906, 12.0895252228, 6.61180686951, 2.38830709457, 0.574483335018, 0.0304861720651, 0.000771743885707, 0.000201792499865],
        "mean": [0.323319196701, 3.4603471756, 8.69426250458, 9.22447395325, 14.3742675781, 23.1557445526, 36.9696998596, 42.056842804, 14.8111963272, 29.8255596161, 44.4660148621, 170.971511841, 142.091827393, 43.8648986816, 77.9692764282, 30.025560379, 52.2800102234, 39.5352935791, 18.017747879, 22.459154129, 10.4529190063, 6.8635931015, 6.1118516922, 5.7601647377, 3.43315386772, 1.84304273129, 1.97302317619, 2.50019359589, 2.37613677979, 1.51480436325, 1.19984912872, 0.791312038898, 0.658797264099, 0.572220146656, 0.354541480541, 0.105433322489, 0.0332215614617, 0.00169593107421, 6.5001877374e-05, 6.38945348328e-05],
        "median": [0.0867516249418, 2.20033288002, 7.1520075798, 5.25991773605, 8.0765247345, 12.7164707184, 26.8235797882, 29.8554515839, 9.08475399017, 11.3999233246, 30.9472999573, 112.156509399, 96.7024230957, 26.0736198425, 33.5191879272, 19.6575565338, 33.3366966248, 23.6327610016, 13.5780553818, 12.8890266418, 4.54880189896, 4.47066497803, 4.00852632523, 3.62847805023, 2.28012752533, 1.03522801399, 0.697527289391, 0.846351206303, 0.741001069546, 0.458291947842, 0.295137882233, 0.173438251019, 0.120329715312, 0.0981118083, 0.0751447305083, 0.0299273170531, 0.00765865156427, 0.000353823648766, 4.02753685194e-05, 5.71517084609e-05],
        "min": [0.00208944198675, 0.0306562501937, 0.221313878894, 0.308616608381, 0.350279569626, 0.306845843792, 0.395216017962, 0.31411087513, 0.266952544451, 0.47311347723, 0.746133029461, 1.97077679634, 2.48382639885, 1.18887591362, 1.32803118229, 1.16111850739, 1.64063107967, 1.31281924248, 1.18684482574, 0.52982878685, 0.523006975651, 0.531296491623, 0.258998066187, 0.227929189801, 0.13180103898, 0.0554559975863, 0.0382478162646, 0.00565447285771, 0.00400171149522, 0.0013062992366, 0.000877423328348, 0.000217724911636, 5.28501186636e-05, 2.46961390076e-05, 1.61719617608e-05, 1.23673216876e-05, 7.6113956311e-06, 1.02509113731e-06, 7.49461514715e-06, 1.70874918695e-05],
        "var": [0.479609727859, 17.0553607941, 55.0760154724, 182.512741089, 337.877838135, 814.166687012, 1304.59228516, 1651.0736084, 350.701873779, 3038.69799805, 1620.29394531, 32398.3984375, 26617.5898438, 2571.10498047, 12800.3691406, 1200.06848145, 2794.62792969, 1842.90063477, 250.037826538, 773.473144531, 270.193939209, 55.2919578552, 41.7861099243, 34.9322319031, 12.805978775, 9.4766740799, 17.5390739441, 22.2560157776, 30.8367137909, 8.5430431366, 5.57756948471, 3.13950800896, 2.43565797806, 1.75103628635, 0.558260262012, 0.0420015975833, 0.00297924899496, 8.60763611854e-06, 4.67630023593e-09, 8.28318080792e-10]
    },
    "gfcc": {
        "mean": [7.12012720108, 149.44871521, -111.978416443, 8.6187171936, -47.4709663391, 18.0270862579, -28.0583610535, 9.29867458344, -24.8965320587, -1.37262642384, -17.8209438324, -4.65272760391, -7.64729785919],
        "cov": [[2186.47485352, -1699.28430176, 714.618835449, 228.697555542, -841.373657227, 511.764862061, -423.219818115, 91.856918335, -119.175186157, 238.560470581, -384.285980225, 449.427886963, -4.47583627701], [-1699.28430176, 1526.7878418, -597.546936035, -188.037567139, 720.079162598, -448.074981689, 409.34765625, -85.6962432861, 141.134231567, -194.237197876, 329.444061279, -339.286346436, 32.3614196777], [714.618835449, -597.546936035, 528.534301758, 110.347549438, -364.09286499, 214.79864502, -209.159179688, -4.33111763, -63.0878105164, 118.742080688, -103.299293518, 211.462173462, -3.52222371101], [228.697555542, -188.037567139, 110.347549438, 193.246185303, -116.965263367, 67.295463562, -48.193775177, -32.6040344238, 20.3636074066, 13.6234750748, 10.9038705826, 38.1503181458, 25.4917316437], [-841.373657227, 720.079162598, -364.09286499, -116.965263367, 565.524047852, -200.975021362, 238.950759888, 64.3711776733, 44.3207397461, -87.3842010498, 163.161178589, -186.014984131, -18.6073932648], [511.764862061, -448.074981689, 214.79864502, 67.295463562, -200.975021362, 267.967834473, -88.9639968872, 51.9805603027, -5.81852531433, 69.0341415405, -69.1458587646, 109.710502625, 48.5317077637], [-423.219818115, 409.34765625, -209.159179688, -48.193775177, 238.950759888, -88.9639968872, 233.645782471, 17.2601985931, 58.6618614197, -32.5966110229, 80.605682373, -90.5212936401, 15.1563138962], [91.856918335, -85.6962432861, -4.33111763, -32.6040344238, 64.3711776733, 51.9805603027, 17.2601985931, 188.346191406, 7.58836364746, 29.3200969696, 3.34203958511, -30.6390075684, -3.38498330116], [-119.175186157, 141.134231567, -63.0878105164, 20.3636074066, 44.3207397461, -5.81852531433, 58.6618614197, 7.58836364746, 119.426673889, -12.7857761383, 36.6161804199, -4.93898487091, 46.948059082], [238.560470581, -194.237197876, 118.742080688, 13.6234750748, -87.3842010498, 69.0341415405, -32.5966110229, 29.3200969696, -12.7857761383, 109.328086853, -21.9866733551, 50.0385169983, -8.54006290436], [-384.285980225, 329.444061279, -103.299293518, 10.9038705826, 163.161178589, -69.1458587646, 80.605682373, 3.34203958511, 36.6161804199, -21.9866733551, 172.289825439, -89.4627609253, 1.11036574841], [449.427886963, -339.286346436, 211.462173462, 38.1503181458, -186.014984131, 109.710502625, -90.5212936401, -30.6390075684, -4.93898487091, 50.0385169983, -89.4627609253, 240.069702148, 55.4854621887], [-4.47583627701, 32.3614196777, -3.52222371101, 25.4917316437, -18.6073932648, 48.5317077637, 15.1563138962, -3.38498330116, 46.948059082, -8.54006290436, 1.11036574841, 55.4854621887, 136.446502686]],
        "icov": [[0.00437159370631, 0.00312491785735, 0.000166678873939, -0.00136660831049, 0.00131878093816, -0.000420917494921, -0.000721855147276, -0.00143554655369, -0.000147047758219, -0.0010538889328, 0.00157563458197, -0.00235800934024, 0.000966689316556], [0.00312491785735, 0.015745440498, -0.00488252379, 0.00780348340049, -0.00573881529272, 0.00936103239655, -0.00739702256396, 0.00757248699665, -0.00706928549334, 0.00458214385435, -0.00852183904499, 0.00653181644157, -0.00818609632552], [0.000166678873939, -0.00488252379, 0.00797902885824, -0.00459165871143, 0.00384322693571, -0.005246873945, 0.00418737670407, -0.0036276828032, 0.00400850223377, -0.00430948846042, 0.00246274634264, -0.00626270845532, 0.00494019268081], [-0.00136660831049, 0.00780348340049, -0.00459165871143, 0.0135552864522, -0.00361617817543, 0.00528007326648, -0.00397785333917, 0.00727501511574, -0.00615352625027, 0.00464649591595, -0.00882702693343, 0.00683025363833, -0.0065930117853], [0.00131878093816, -0.00573881529272, 0.00384322693571, -0.00361617817543, 0.00940336287022, -0.0035860221833, 0.000250805460382, -0.00678696483374, 0.00433673802763, -0.00139393121935, 0.00230485689826, -0.00516348145902, 0.00504230009392], [-0.000420917494921, 0.00936103239655, -0.005246873945, 0.00528007326648, -0.0035860221833, 0.014807742089, -0.00514988647774, 0.00355123449117, -0.00486215250567, 0.00268877018243, -0.00615032948554, 0.00588283734396, -0.00895258132368], [-0.000721855147276, -0.00739702256396, 0.00418737670407, -0.00397785333917, 0.000250805460382, -0.00514988647774, 0.0129223568365, -0.00334590673447, 0.00101625546813, -0.00457640644163, 0.00443408079445, -0.00337766413577, 0.00363080599345], [-0.00143554655369, 0.00757248699665, -0.0036276828032, 0.00727501511574, -0.00678696483374, 0.00355123449117, -0.00334590673447, 0.0135374208912, -0.00550207309425, 0.00148403889034, -0.00569374347106, 0.0078401286155, -0.00593285402283], [-0.000147047758219, -0.00706928549334, 0.00400850223377, -0.00615352625027, 0.00433673802763, -0.00486215250567, 0.00101625546813, -0.00550207309425, 0.0156808625907, -0.00246178242378, 0.00310118403286, -0.00538652623072, 0.00161201867741], [-0.0010538889328, 0.00458214385435, -0.00430948846042, 0.00464649591595, -0.00139393121935, 0.00268877018243, -0.00457640644163, 0.00148403889034, -0.00246178242378, 0.0164043325931, -0.00552435684949, 0.00255389348604, -0.00182174704969], [0.00157563458197, -0.00852183904499, 0.00246274634264, -0.00882702693343, 0.00230485689826, -0.00615032948554, 0.00443408079445, -0.00569374347106, 0.00310118403286, -0.00552435684949, 0.0177145209163, -0.00369573617354, 0.00559951737523], [-0.00235800934024, 0.00653181644157, -0.00626270845532, 0.00683025363833, -0.00516348145902, 0.00588283734396, -0.00337766413577, 0.0078401286155, -0.00538652623072, 0.00255389348604, -0.00369573617354, 0.0154634770006, -0.0095360102132], [0.000966689316556, -0.00818609632552, 0.00494019268081, -0.0065930117853, 0.00504230009392, -0.00895258132368, 0.00363080599345, -0.00593285402283, 0.00161201867741, -0.00182174704969, 0.00559951737523, -0.0095360102132, 0.0171463359147]]
    },
    "melbands": {
        "dmean": [0.00220033735968, 0.00194210186601, 0.00106298655737, 0.000583917251788, 0.000489385158289, 0.000320105697028, 9.04518456082e-05, 0.000148839651956, 0.00019641192921, 0.000342901912518, 0.000292913406156, 6.62716847728e-05, 0.000154243374709, 4.16974980908e-05, 5.17931221111e-05, 4.25399157393e-05, 3.78163604182e-05, 1.84159271157e-05, 1.38847217386e-05, 1.17973404485e-05, 6.21183789917e-06, 3.43699502992e-06, 2.93864263767e-06, 2.86857493847e-06, 1.95708798856e-06, 1.39423241308e-06, 1.03931188278e-06, 7.01673116055e-07, 6.77130287841e-07, 8.51869913276e-07, 8.74084150837e-07, 9.04467924556e-07, 5.6115800362e-07, 4.30754255376e-07, 4.05040623264e-07, 2.92083370823e-07, 2.6169669809e-07, 2.69709715894e-07, 2.8030433441e-07, 3.74000734382e-07],
        "dmean2": [0.00316310976632, 0.00323451799341, 0.00183081941213, 0.000939141667914, 0.000757049710955, 0.000485260301502, 0.000145516416524, 0.000227412267122, 0.000255055143498, 0.000428855244536, 0.000419670861447, 0.000102204816358, 0.00022657426598, 6.84091210132e-05, 7.9228040704e-05, 6.66697451379e-05, 6.05536806688e-05, 2.98396480503e-05, 2.14224328374e-05, 1.87817477126e-05, 1.02593357951e-05, 5.69749136048e-06, 4.70727081847e-06, 4.30465297541e-06, 3.11825806421e-06, 2.24319273912e-06, 1.71659144144e-06, 1.18798106996e-06, 1.10727944502e-06, 1.41528710174e-06, 1.40742417898e-06, 1.50851940361e-06, 8.7668041715e-07, 6.95004416684e-07, 6.43401449452e-07, 4.51386426903e-07, 3.9646698724e-07, 4.17650795725e-07, 4.61026644416e-07, 6.10170786786e-07],
        "dvar": [2.40144618147e-05, 1.34618176162e-05, 5.48672869627e-06, 6.82936047269e-07, 4.44525767307e-07, 2.18921670125e-07, 2.42543194418e-08, 9.79083623065e-08, 4.2367421571e-08, 1.96861208224e-07, 2.3591111642e-07, 1.39920919295e-08, 5.46251364142e-08, 7.72228236912e-09, 3.77373554628e-09, 2.82701173582e-09, 2.90511770196e-09, 8.05774724721e-10, 3.14921783096e-10, 3.18455928294e-10, 2.34011643396e-10, 3.91204707517e-11, 1.36356108696e-11, 2.3619153508e-11, 7.62702054291e-12, 4.13703663341e-12, 5.08329229404e-12, 5.00961772065e-12, 4.25192129769e-12, 9.97884413989e-12, 3.21192855299e-12, 8.43190361283e-12, 2.75082734369e-12, 8.77320893884e-13, 9.45367915894e-13, 4.25485547403e-13, 4.65684565562e-13, 3.59520030933e-13, 5.74220521393e-13, 1.16283664555e-12],
        "dvar2": [4.84985575895e-05, 3.65218620573e-05, 1.44751265907e-05, 1.72430031853e-06, 1.0224464404e-06, 5.25178620592e-07, 5.98707572408e-08, 2.38761401761e-07, 7.84042555324e-08, 3.92567358176e-07, 5.06771755227e-07, 3.0246194882e-08, 9.80863106292e-08, 2.10880930496e-08, 8.82868800289e-09, 6.46380549085e-09, 7.73878028326e-09, 2.18487072878e-09, 6.86842416275e-10, 7.42388595043e-10, 5.75907821432e-10, 9.75991509833e-11, 3.20900285511e-11, 4.49084207321e-11, 1.75139104608e-11, 9.77304435296e-12, 1.3629751841e-11, 1.43605691574e-11, 1.09501453044e-11, 2.70302669136e-11, 7.27139919457e-12, 2.19436500221e-11, 6.54227626934e-12, 1.96936911223e-12, 2.24636151694e-12, 9.50001145458e-13, 1.05072569569e-12, 7.87664367324e-13, 1.42389637407e-12, 3.05172358737e-12],
        "max": [0.0438201017678, 0.0310902670026, 0.0318569801748, 0.0118430322036, 0.0102048208937, 0.00663299672306, 0.00227054697461, 0.00630138488486, 0.00313148507848, 0.00773298274726, 0.00947796739638, 0.00211186753586, 0.00406468473375, 0.00183993123937, 0.000727852049749, 0.000567196053453, 0.000581680156756, 0.000346421031281, 0.000241145971813, 0.000222629780183, 0.000321074214298, 0.000121709643281, 4.55349072581e-05, 8.30159915495e-05, 3.59287842002e-05, 2.19889370783e-05, 3.93363625335e-05, 4.00796016038e-05, 4.91863829666e-05, 7.94871884864e-05, 3.20717481372e-05, 8.54077297845e-05, 5.01863869431e-05, 2.0095229047e-05, 2.53397811321e-05, 1.31067026814e-05, 1.27393577714e-05, 1.12476227514e-05, 1.06002635221e-05, 1.06466131911e-05],
        "mean": [0.00348737742752, 0.00468710809946, 0.00174759246875, 0.0013527040137, 0.00132704444695, 0.000968962500338, 0.000206262571737, 0.000324733671732, 0.000543597328942, 0.000976651790552, 0.000674132024869, 0.000146015532664, 0.000324582186295, 7.78970497777e-05, 0.000100304670923, 8.93541218829e-05, 7.3905386671e-05, 3.02257813019e-05, 3.00148894894e-05, 1.86595534615e-05, 1.3169506019e-05, 7.49124683352e-06, 6.38402661934e-06, 5.65242862649e-06, 4.73126237921e-06, 2.94011465485e-06, 2.05211995308e-06, 1.00162640138e-06, 1.12915927275e-06, 1.33514220124e-06, 1.52380061991e-06, 1.4759758642e-06, 9.50130242927e-07, 8.2062808815e-07, 7.50452102238e-07, 5.2501582104e-07, 4.65187696364e-07, 4.80266123759e-07, 4.09248571032e-07, 5.15639044352e-07],
        "median": [0.00153682334349, 0.00374219380319, 0.00112673582043, 0.000779815774877, 0.000963929225691, 0.000696228118613, 0.000112605521281, 0.000110461463919, 0.00039730919525, 0.000670338456985, 0.000434487010352, 8.62606975716e-05, 0.000125074657262, 4.16738475906e-05, 6.87012288836e-05, 6.04284177825e-05, 4.28586317867e-05, 1.97399967874e-05, 1.89374241018e-05, 9.35123898671e-06, 4.56078169009e-06, 4.16578541262e-06, 4.26437236456e-06, 2.75527372651e-06, 2.84768407255e-06, 1.7537918211e-06, 1.00480724541e-06, 4.94869198064e-07, 4.15342555016e-07, 3.94496282752e-07, 4.6393267894e-07, 4.23246973469e-07, 2.83581272242e-07, 2.19688203629e-07, 1.60609644695e-07, 1.11307365103e-07, 8.95033238635e-08, 7.37389100891e-08, 5.3195559957e-08, 7.30768547896e-08],
        "min": [4.52644644611e-06, 0.000131696710014, 5.17330481671e-05, 2.85878522845e-05, 1.4558838302e-05, 4.1542712097e-06, 3.2389655189e-06, 1.43461056723e-06, 4.80285507365e-06, 8.59545980347e-06, 1.05171156974e-05, 2.60906153926e-06, 5.56640657123e-07, 1.49368713664e-06, 3.30960597239e-06, 1.94061271941e-06, 2.24630707635e-06, 1.74302874711e-06, 4.31266727219e-07, 3.10265534154e-07, 3.14066340934e-07, 2.80059879287e-07, 1.8793758727e-07, 1.47578916199e-07, 1.5216981808e-07, 8.05063038456e-08, 2.39891555509e-08, 1.67785660921e-08, 1.6072661424e-08, 1.6490273036e-10, 1.55935520052e-09, 2.46511855373e-09, 4.52276688323e-10, 7.5883882511e-11, 3.68314016438e-12, 7.56358239928e-11, 2.88488330447e-12, 2.55489921754e-12, 1.64874114795e-12, 2.48807620557e-13],
