{
"highlevel": {
    "danceability": {
        "all": {
            "danceable": 0.365393549204,
            "not_danceable": 0.634606480598
        },
        "probability": 0.634606480598,
        "value": "not_danceable"
    },
    "gender": {
        "all": {
            "female": 0.879108965397,
            "male": 0.120891027153
        },
        "probability": 0.879108965397,
        "value": "female"
    },
    "genre_dortmund": {
        "all": {
            "alternative": 0.0535042509437,
            "blues": 0.129772365093,
            "electronic": 0.133982121944,
            "folkcountry": 0.306727916002,
            "funksoulrnb": 0.0224864427,
            "jazz": 0.205734267831,
            "pop": 0.048164755106,
            "raphiphop": 0.0476218163967,
            "rock": 0.0520060583949
        },
        "probability": 0.306727916002,
        "value": "folkcountry"
    },
    "genre_electronic": {
        "all": {
            "ambient": 0.471691846848,
            "dnb": 0.0399606376886,
            "house": 0.430314958096,
            "techno": 0.0383668728173,
            "trance": 0.0196656920016
        },
        "probability": 0.471691846848,
        "value": "ambient"
    },
    "genre_rosamerica": {
        "all": {
            "cla": 0.0845036879182,
            "dan": 0.0429893806577,
            "hip": 0.0681494325399,
            "jaz": 0.0516932085156,
            "pop": 0.247549906373,
            "rhy": 0.403485238552,
            "roc": 0.0358332395554,
            "spe": 0.0657959058881
        },
        "probability": 0.403485238552,
        "value": "rhy"
    },
    "genre_tzanetakis": {
        "all": {
            "blu": 0.0256055276841,
            "cla": 0.017534840852,
            "cou": 0.078242212534,
            "dis": 0.0257319770753,
            "hip": 0.0306315533817,
            "jaz": 0.153116166592,
            "met": 0.0490288510919,
            "pop": 0.0382515452802,
            "reg": 0.0305967144668,
            "roc": 0.551260590553
        },
        "probability": 0.551260590553,
        "value": "roc"
    },
    "ismir04_rhythm": {
        "all": {
            "ChaChaCha": 0.111096978188,
            "Jive": 0.00848365668207,
            "Quickstep": 0.0428615137935,
            "Rumba-American": 0.0160475745797,
            "Rumba-International": 0.671821475029,
            "Rumba-Misc": 0.0225558914244,
            "Samba": 0.0409336052835,
            "Tango": 0.00522288680077,
            "VienneseWaltz": 0.0491708181798,
            "Waltz": 0.031805600971
        },
        "probability": 0.671821475029,
        "value": "Rumba-International"
    },
    "mood_acoustic": {
        "all": {
            "acoustic": 0.836080789566,
            "not_acoustic": 0.163919195533
        },
        "probability": 0.836080789566,
        "value": "acoustic"
    },
    "mood_aggressive": {
        "all": {
            "aggressive": 3.52676147486e-06,
            "not_aggressive": 0.999996483326
        },
        "probability": 0.999996483326,
        "value": "not_aggressive"
    },
    "mood_electronic": {
        "all": {
            "electronic": 0.633673429489,
            "not_electronic": 0.366326600313
        },
        "probability": 0.633673429489,
        "value": "electronic"
    },
    "mood_happy": {
        "all": {
            "happy": 0.457490026951,
            "not_happy": 0.542509973049
        },
        "probability": 0.542509973049,
        "value": "not_happy"
    },
    "mood_party": {
        "all": {
            "not_party": 0.990346074104,
            "party": 0.00965394172817
        },
        "probability": 0.990346074104,
        "value": "not_party"
    },
    "mood_relaxed": {
        "all": {
            "not_relaxed": 0.00752193015069,
            "relaxed": 0.992478072643
        },
        "probability": 0.992478072643,
        "value": "relaxed"
    },
    "mood_sad": {
        "all": {
            "not_sad": 0.469347268343,
            "sad": 0.530652761459
        },
        "probability": 0.530652761459,
        "value": "sad"
    },
    "moods_mirex": {
        "all": {
            "Cluster1": 0.0640648528934,
            "Cluster2": 0.188527658582,
            "Cluster3": 0.460274070501,
            "Cluster4": 0.268430560827,
            "Cluster5": 0.0187028702348
        },
        "probability": 0.460274070501,
        "value": "Cluster3"
    },
    "timbre": {
        "all": {
            "bright": 0.323200494051,
            "dark": 0.676799476147
        },
        "probability": 0.676799476147,
        "value": "dark"
    },
    "tonal_atonal": {
        "all": {
            "atonal": 0.197943598032,
            "tonal": 0.802056372166
        },
        "probability": 0.802056372166,
        "value": "tonal"
    },
    "voice_instrumental": {
        "all": {
            "instrumental": 0.93069589138,
            "voice": 0.0693041309714
        },
        "probability": 0.93069589138,
        "value": "instrumental"
    }
},
"lowlevel": {
    "average_loudness": 0.977114856243,
    "barkbands_crest": {
        "dmean": 2.43042135239,
        "dmean2": 3.59625124931,
        "dvar": 6.1388092041,
        "dvar2": 11.847612381,
        "max": 26.3431529999,
        "mean": 12.0832548141,
        "median": 10.8689146042,
        "min": 3.2381196022,
        "var": 26.7778358459
    },
    "barkbands_flatness_db": {
        "dmean": 0.0389934554696,
        "dmean2": 0.0569011308253,
        "dvar": 0.00182294775732,
        "dvar2": 0.00388653832488,
        "max": 0.617542803288,
        "mean": 0.246832281351,
        "median": 0.235632613301,
        "min": 0.0774972438812,
        "var": 0.00769423460588
    },
    "barkbands_kurtosis": {
        "dmean": 12.1032333374,
        "dmean2": 19.2971801758,
        "dvar": 1127.90563965,
        "dvar2": 2735.17138672,
        "max": 491.780700684,
        "mean": 18.5578250885,
        "median": 7.0430431366,
        "min": -1.73261034489,
        "var": 1619.92041016
    },
    "barkbands_skewness": {
        "dmean": 0.906101882458,
        "dmean2": 1.3711785078,
        "dvar": 1.77325665951,
        "dvar2": 3.76408720016,
        "max": 18.892534256,
        "mean": 2.63287568092,
        "median": 2.08999896049,
        "min": -0.500935196877,
        "var": 4.85792207718
    },
    "barkbands_spread": {
        "dmean": 3.68953585625,
        "dmean2": 5.8377623558,
        "dvar": 32.4324188232,
        "dvar2": 78.163482666,
        "max": 78.5994644165,
        "mean": 9.21998310089,
        "median": 6.7263250351,
        "min": 0.107078135014,
        "var": 81.69115448
    },
    "dissonance": {
        "dmean": 0.0315646342933,
        "dmean2": 0.0506438985467,
        "dvar": 0.00101153738797,
        "dvar2": 0.00240425951779,
        "max": 0.499836593866,
        "mean": 0.421785265207,
        "median": 0.43198788166,
        "min": 0.176035359502,
        "var": 0.00277550006285
    },
    "dynamic_complexity": 2.28662252426,
    "erbbands_crest": {
        "dmean": 2.933624506,
        "dmean2": 4.62094640732,
        "dvar": 7.65656757355,
        "dvar2": 18.8241939545,
        "max": 27.8905105591,
        "mean": 11.6336994171,
        "median": 10.7318029404,
        "min": 2.58383250237,
        "var": 25.3584804535
    },
    "erbbands_flatness_db": {
        "dmean": 0.0265299212188,
        "dmean2": 0.0381619185209,
        "dvar": 0.000788668810856,
        "dvar2": 0.00164944678545,
        "max": 0.415391951799,
        "mean": 0.216695860028,
        "median": 0.220377400517,
        "min": 0.0600742176175,
        "var": 0.00437670247629
    },
    "erbbands_kurtosis": {
        "dmean": 2.34674739838,
        "dmean2": 3.57063388824,
        "dvar": 9.54262065887,
        "dvar2": 19.3332500458,
        "max": 33.8710021973,
        "mean": 3.32019877434,
        "median": 1.59513759613,
        "min": -1.65574622154,
        "var": 25.6357154846
    },
    "erbbands_skewness": {
        "dmean": 0.509811520576,
        "dmean2": 0.769962251186,
        "dvar": 0.270740717649,
        "dvar2": 0.551886618137,
        "max": 5.03432226181,
        "mean": 1.26849007607,
        "median": 1.15517091751,
        "min": -1.70017492771,
        "var": 1.05429184437
    },
    "erbbands_spread": {
        "dmean": 9.03004169464,
        "dmean2": 13.8064928055,
        "dvar": 118.318061829,
        "dvar2": 268.145263672,
        "max": 128.868835449,
        "mean": 28.7823352814,
        "median": 23.2917346954,
        "min": 2.55831670761,
        "var": 424.1434021
    },
    "hfc": {
        "dmean": 5.02316379547,
        "dmean2": 7.59879541397,
        "dvar": 35.7706756592,
        "dvar2": 80.9222488403,
        "max": 78.354850769,
        "mean": 13.4314775467,
        "median": 10.4529361725,
        "min": 0.415310710669,
        "var": 114.738891602
    },
    "melbands_crest": {
        "dmean": 2.95787000656,
        "dmean2": 4.26973247528,
        "dvar": 8.74871444702,
        "dvar2": 17.2658748627,
        "max": 36.2337303162,
        "mean": 16.0237960815,
        "median": 14.4077568054,
        "min": 4.47914648056,
        "var": 43.3720283508
    },
    "melbands_flatness_db": {
        "dmean": 0.0444082841277,
        "dmean2": 0.0638963952661,
        "dvar": 0.00273686111905,
        "dvar2": 0.00587349431589,
        "max": 0.774814605713,
        "mean": 0.320261865854,
        "median": 0.304860800505,
        "min": 0.122050538659,
        "var": 0.0120602250099
    },
    "melbands_kurtosis": {
        "dmean": 16.8757209778,
        "dmean2": 25.8360614777,
        "dvar": 1656.9276123,
        "dvar2": 3374.68823242,
        "max": 757.843200684,
        "mean": 30.3728485107,
        "median": 12.6016550064,
        "min": -1.17754232883,
        "var": 3948.93725586
    },
    "melbands_skewness": {
        "dmean": 0.981966853142,
        "dmean2": 1.44135200977,
        "dvar": 1.72365772724,
        "dvar2": 3.57303833961,
        "max": 21.7383613586,
        "mean": 3.11805558205,
        "median": 2.47487878799,
        "min": -0.290536820889,
        "var": 6.64223003387
    },
    "melbands_spread": {
        "dmean": 3.42371368408,
        "dmean2": 5.49235725403,
        "dvar": 24.9325046539,
        "dvar2": 60.6436805725,
        "max": 82.657875061,
        "mean": 8.96954345703,
        "median": 6.94763422012,
        "min": 0.200833901763,
        "var": 71.3666000366
    },
    "pitch_salience": {
        "dmean": 0.0754642337561,
        "dmean2": 0.11448661983,
        "dvar": 0.00591706391424,
        "dvar2": 0.0125101963058,
        "max": 0.875118494034,
        "mean": 0.506303012371,
        "median": 0.526732444763,
        "min": 0.0530647262931,
        "var": 0.0236214101315
    },
    "silence_rate_20dB": {
        "dmean": 0,
        "dmean2": 0,
        "dvar": 0,
        "dvar2": 0,
        "max": 1,
        "mean": 1,
        "median": 1,
        "min": 1,
        "var": 0
    },
    "silence_rate_30dB": {
        "dmean": 0.0278637763113,
        "dmean2": 0.0557707212865,
        "dvar": 0.0270874686539,
        "dvar2": 0.0774475485086,
        "max": 1,
        "mean": 0.984532117844,
        "median": 1,
        "min": 0,
        "var": 0.0152286048979
    },
    "silence_rate_60dB": {
        "dmean": 0,
        "dmean2": 0,
        "dvar": 0,
        "dvar2": 0,
        "max": 0,
        "mean": 0,
        "median": 0,
        "min": 0,
        "var": 0
    },
    "spectral_centroid": {
        "dmean": 176.608291626,
        "dmean2": 282.43258667,
        "dvar": 59421.734375,
        "dvar2": 152753.828125,
        "max": 3266.99536133,
        "mean": 664.500854492,
        "median": 534.87512207,
        "min": 93.3293304443,
        "var": 200396.28125
    },
    "spectral_complexity": {
        "dmean": 3.45510840416,
        "dmean2": 5.57552289963,
        "dvar": 18.7370872498,
        "dvar2": 42.2967987061,
        "max": 41,
        "mean": 12.5699920654,
        "median": 11,
        "min": 2,
        "var": 43.3665885925
    },
    "spectral_decrease": {
        "dmean": 3.5511869001e-09,
        "dmean2": 5.51710765961e-09,
        "dvar": 2.27730846288e-17,
        "dvar2": 6.47161229669e-17,
        "max": -6.33117169802e-10,
        "mean": -9.30372667796e-09,
        "median": -7.66118368745e-09,
        "min": -4.02797439847e-08,
        "var": 4.23877422159e-17
    },
    "spectral_energy": {
        "dmean": 0.0137701835483,
        "dmean2": 0.0213801711798,
        "dvar": 0.000330135284457,
        "dvar2": 0.000938893004786,
        "max": 0.153074070811,
        "mean": 0.0363326556981,
        "median": 0.0304589159787,
        "min": 0.0024271896109,
        "var": 0.000619854952674
    },
    "spectral_energyband_high": {
        "dmean": 0.000186637058505,
        "dmean2": 0.000278095802059,
        "dvar": 1.51039245111e-07,
        "dvar2": 2.7204083608e-07,
        "max": 0.00967569369823,
        "mean": 0.000354565767338,
        "median": 7.49762257328e-05,
        "min": 2.11895034852e-08,
        "var": 5.93988602304e-07
    },
    "spectral_energyband_low": {
        "dmean": 0.00846124626696,
        "dmean2": 0.0127362916246,
        "dvar": 0.000313309865305,
        "dvar2": 0.000832460471429,
        "max": 0.151880800724,
        "mean": 0.0159118231386,
        "median": 0.00831002555788,
        "min": 0.000183487092727,
        "var": 0.00065702124266
    },
    "spectral_energyband_middle_high": {
        "dmean": 0.00135361508001,
        "dmean2": 0.00216723256744,
        "dvar": 4.07204424846e-06,
        "dvar2": 9.82000710792e-06,
        "max": 0.0210020579398,
        "mean": 0.00226351898164,
        "median": 0.00122305948753,
        "min": 7.02177931089e-06,
        "var": 8.06294247013e-06
    },
    "spectral_energyband_middle_low": {
        "dmean": 0.00715679628775,
        "dmean2": 0.0111040314659,
        "dvar": 9.37086952035e-05,
        "dvar2": 0.000236808351474,
        "max": 0.0774786621332,
        "mean": 0.0191708020866,
        "median": 0.0154991885647,
        "min": 0.000353452254785,
        "var": 0.000231850339333
    },
    "spectral_entropy": {
        "dmean": 0.316750884056,
        "dmean2": 0.47439661622,
        "dvar": 0.131638273597,
        "dvar2": 0.312571376562,
        "max": 8.38931846619,
        "mean": 6.75652265549,
        "median": 6.78718996048,
        "min": 4.63250017166,
        "var": 0.434342175722
    },
    "spectral_flux": {
        "dmean": 0.0325012691319,
        "dmean2": 0.0529505088925,
        "dvar": 0.00121107278392,
        "dvar2": 0.00300125684589,
        "max": 0.296023458242,
        "mean": 0.0798375979066,
        "median": 0.0661307349801,
        "min": 0.00775009160861,
        "var": 0.00275231921114
    },
    "spectral_kurtosis": {
        "dmean": 7.82114315033,
        "dmean2": 12.6429185867,
        "dvar": 184.474716187,
        "dvar2": 427.798126221,
        "max": 152.709869385,
        "mean": 13.0872440338,
        "median": 6.0898771286,
        "min": -0.363509654999,
        "var": 400.734710693
    },
    "spectral_rms": {
        "dmean": 0.0010442979401,
        "dmean2": 0.00158300797921,
        "dvar": 1.3151817484e-06,
        "dvar2": 3.44227646565e-06,
        "max": 0.0122204972431,
        "mean": 0.005656929221,
        "median": 0.00545123964548,
        "min": 0.00153882743325,
        "var": 3.44564750776e-06
    },
    "spectral_rolloff": {
        "dmean": 184.231872559,
        "dmean2": 317.176116943,
        "dvar": 227095.375,
        "dvar2": 576476.1875,
        "max": 8656.34765625,
        "mean": 560.413452148,
        "median": 452.197265625,
        "min": 64.599609375,
        "var": 353992.03125
    },
    "spectral_skewness": {
        "dmean": 0.639317154884,
        "dmean2": 1.00270342827,
        "dvar": 0.660907387733,
        "dvar2": 1.52092063427,
        "max": 10.409119606,
        "mean": 2.34860014915,
        "median": 1.92251968384,
        "min": 0.303972959518,
        "var": 2.09227490425
    },
    "spectral_spread": {
        "dmean": 629776.625,
        "dmean2": 930436.75,
        "dvar": 630433775616,
        "dvar2": 1.30374513459e+12,
        "max": 12503794,
        "mean": 3378385.5,
        "median": 3041151,
        "min": 536015.125,
        "var": 2.5944915968e+12
    },
    "spectral_strongpeak": {
        "dmean": 0.439128398895,
        "dmean2": 0.702415466309,
        "dvar": 0.409995287657,
        "dvar2": 1.01419043541,
        "max": 9.44351577759,
        "mean": 1.03605890274,
        "median": 0.744237065315,
        "min": 0.051052801311,
        "var": 0.864728271961
    },
    "zerocrossingrate": {
        "dmean": 0.00574221787974,
        "dmean2": 0.00664455862716,
        "dvar": 5.41054687346e-05,
        "dvar2": 6.67988861096e-05,
        "max": 0.15087890625,
        "mean": 0.0279366355389,
        "median": 0.02392578125,
        "min": 0.001953125,
        "var": 0.000361883838195
    },
    "barkbands": {
        "dmean": [0.000405977712944, 0.00690858298913, 0.00184860080481, 0.0018022947479, 0.00215013208799, 0.00190967519302, 0.00275674648583, 0.000510870304424, 0.000491870800033, 0.000500825932249, 0.000177385474672, 0.000154979832587, 0.000216269341763, 0.000168387516169, 0.00010578220099, 0.000131260181661, 0.000118244832265, 0.000101289675513, 7.04240301275e-05, 8.49410498631e-05, 7.92408391135e-05, 3.87102954846e-05, 2.51181390922e-05, 1.85614298971e-05, 1.81744017027e-05, 8.09929679235e-06, 1.44002703095e-08],
        "dmean2": [0.000478421046864, 0.0100807594135, 0.0029150035698, 0.00320465513505, 0.003441066714, 0.00287442980334, 0.00402265042067, 0.000743178301491, 0.000695055176038, 0.000782627845183, 0.000285805086605, 0.00025973666925, 0.000361861079, 0.000287107715849, 0.000173404710949, 0.000201166258194, 0.000189823098481, 0.000168649683474, 0.000120834774862, 0.000142953373143, 0.00010996387573, 5.80581618124e-05, 4.03018129873e-05, 2.8409067454e-05, 2.9840372008e-05, 1.32643963298e-05, 2.70128097668e-08],
        "dvar": [1.44694820392e-06, 0.000323391490383, 1.95474349312e-05, 3.11099065584e-05, 1.37378774525e-05, 1.42636017699e-05, 2.02137980523e-05, 8.35786579501e-07, 1.0120186289e-06, 7.06580692622e-07, 1.54114502493e-07, 1.08450691982e-07, 1.77282117875e-07, 1.87279098895e-07, 3.11809884579e-08, 1.34779298833e-07, 8.26194437309e-08, 7.12743428721e-08, 2.42769004899e-08, 3.60213441297e-08, 5.70114302434e-08, 1.60271049765e-08, 3.10390313452e-09, 1.82515580427e-09, 3.21961080019e-09, 1.33136224267e-09, 1.51337309926e-14],
        "dvar2": [1.72363695583e-06, 0.000779820198659, 5.04017807543e-05, 8.88794602361e-05, 3.56174095941e-05, 3.08286362269e-05, 4.2578940338e-05, 1.83361214567e-06, 1.86130171187e-06, 1.68318399574e-06, 3.338538761e-07, 2.66034135166e-07, 4.3204485678e-07, 4.94550079111e-07, 6.95997783851e-08, 2.59471477193e-07, 1.67949508523e-07, 1.63223944583e-07, 6.56585115166e-08, 8.66488036877e-08, 7.99652326577e-08, 2.83131242895e-08, 7.09481584593e-09, 4.0411061164e-09, 7.50242445946e-09, 3.10854431085e-09, 4.37608086432e-14],
        "max": [0.0123540321365, 0.148879244924, 0.0486154295504, 0.0467025861144, 0.0326880253851, 0.0523124337196, 0.0533221773803, 0.0108267832547, 0.0160447061062, 0.0127344289795, 0.0049145151861, 0.0034384499304, 0.00493990071118, 0.00472174026072, 0.00176027347334, 0.00905523262918, 0.00603723805398, 0.00743791973218, 0.00170045206323, 0.00297617842443, 0.00896967295557, 0.00268115289509, 0.000511071819346, 0.000533888698556, 0.000813766208012, 0.000473464577226, 2.90088905786e-06],
        "mean": [0.000596856116317, 0.0108299115673, 0.00321037485264, 0.00202003098093, 0.00474027218297, 0.00447609880939, 0.00620793458074, 0.000861091946717, 0.000675082963426, 0.000839569722302, 0.000194357358851, 0.00017446554557, 0.000247267220402, 0.000162329219165, 0.000135665351991, 0.000151161162648, 0.000170181097928, 0.000152291206177, 0.000102943755337, 0.000106933912321, 0.000141366384923, 5.45080110896e-05, 2.96260459436e-05, 2.1715366529e-05, 2.2089234335e-05, 8.56451151776e-06, 9.10130371068e-09],
        "median": [4.65965167677e-05, 0.00372329540551, 0.00214120442979, 0.000891199044418, 0.0029401651118, 0.00138997647446, 0.00296559999697, 0.00037262524711, 0.000175402106834, 0.000346881803125, 5.16204345331e-05, 4.35479050793e-05, 8.59205829329e-05, 3.61956917914e-05, 5.52973433514e-05, 3.79837256332e-05, 5.68824325455e-05, 3.71804890165e-05, 2.91186406685e-05, 2.43959239015e-05, 2.00184786081e-05, 8.56766746438e-06, 4.59932425656e-06, 1.63688025623e-06, 5.15635406373e-07, 5.55699415372e-08, 5.79947756485e-10],
        "min": [1.41047209468e-07, 4.25248072133e-05, 8.36915205582e-06, 2.67313171207e-05, 4.15324757341e-05, 5.95220262767e-06, 2.31923081628e-06, 1.0680696505e-06, 1.0666134358e-06, 2.82292239717e-06, 3.36091517283e-07, 1.94956683686e-07, 3.41101753065e-07, 2.75533892591e-07, 1.35384908617e-07, 4.48571917389e-08, 6.58357848238e-08, 2.28945893355e-08, 1.9101637605e-08, 1.40975844332e-08, 7.68908403614e-09, 4.18966683569e-09, 2.04357197831e-09, 6.41414005242e-11, 4.44950023007e-12, 3.69285721794e-12, 5.58245940793e-12],
        "var": [3.73096690964e-06, 0.000561890949029, 2.05671876756e-05, 2.04858661164e-05, 2.46792005782e-05, 5.12264341523e-05, 7.29186576791e-05, 1.47401078721e-06, 1.90708647096e-06, 2.02169781005e-06, 1.918785415e-07, 1.23632929672e-07, 2.02290792117e-07, 1.64049708928e-07, 4.35844569324e-08, 2.30115361433e-07, 1.77805134172e-07, 1.90583051562e-07, 3.63955976468e-08, 5.37227613506e-08, 2.33812500028e-07, 2.92143056413e-08, 3.93278742905e-09, 2.43098985386e-09, 4.71642458422e-09, 1.44710921024e-09, 8.64541033571e-15]
    },
    "erbbands": {
        "dmean": [0.23028357327, 1.44906640053, 1.62484562397, 4.96081447601, 5.27201604843, 8.85996627808, 7.48862600327, 18.3132381439, 47.9207572937, 15.7141485214, 11.3922395706, 13.051158905, 10.7391548157, 15.4664974213, 7.4952673912, 6.39156007767, 9.43920326233, 8.69271183014, 7.12504816055, 4.54822587967, 7.70085000992, 5.29969739914, 5.41479349136, 3.78041815758, 4.16577577591, 3.47662949562, 4.12948846817, 2.06231069565, 1.2681722641, 0.751673579216, 0.683443069458, 0.429790496826, 0.314907550812, 0.249353796244, 0.115405894816, 0.051718082279, 0.0124929090962, 0.000824430491775, 2.30244204431e-05, 1.61556708917e-05],
        "dmean2": [0.302816390991, 2.20998644829, 2.43675136566, 8.56313037872, 9.11116123199, 13.9254693985, 11.9520187378, 28.0995330811, 68.9002990723, 23.8603973389, 16.4396419525, 18.5235729218, 16.6527576447, 24.0436153412, 12.0665988922, 10.6692829132, 15.9447622299, 14.7776889801, 11.8124494553, 7.32042360306, 12.1962080002, 8.60981178284, 8.96656990051, 6.36036062241, 7.14803218842, 5.77494859695, 5.93879079819, 2.92493319511, 1.9119758606, 1.16742658615, 1.09474647045, 0.662991046906, 0.497180223465, 0.416638255119, 0.187388405204, 0.0846902579069, 0.0205376911908, 0.00141204462852, 3.73472139472e-05, 2.50910416071e-05],
        "dvar": [0.364373862743, 18.276014328, 11.4010620117, 200.082962036, 179.833633423, 248.411087036, 150.521133423, 1312.65490723, 5615.91650391, 604.184692383, 469.345977783, 724.323242188, 342.010223389, 872.398986816, 247.978912354, 126.544288635, 332.263793945, 376.10369873, 205.068832397, 93.6910476685, 382.289123535, 142.10585022, 158.372070312, 69.533821106, 96.1099090576, 69.5860366821, 140.74697876, 29.4209499359, 11.2427015305, 3.09301662445, 2.20923805237, 0.941655278206, 0.577083587646, 0.444562792778, 0.183161526918, 0.0498983673751, 0.00369199574925, 2.67480572802e-05, 9.13421516202e-09, 4.2493689123e-10],
        "dvar2": [0.67055952549, 44.0890693665, 25.2458190918, 556.187072754, 513.152099609, 601.914245605, 379.238708496, 3021.59033203, 11881.8525391, 1409.88916016, 989.910705566, 1344.5723877, 773.121154785, 2032.39672852, 531.184570312, 312.428863525, 826.258117676, 975.057006836, 501.71762085, 187.769805908, 835.926147461, 299.840301514, 377.486938477, 164.322021484, 259.699523926, 167.958511353, 218.317382812, 47.9686164856, 21.6994628906, 6.47228193283, 5.22502660751, 1.93500578403, 1.41308021545, 1.10498225689, 0.453528940678, 0.121104933321, 0.0086679533124, 7.45993820601e-05, 2.41964386305e-08, 1.1941718725e-09],
        "max": [5.84254169464, 36.2678642273, 38.0775909424, 113.861724854, 121.01739502, 178.010910034, 135.339828491, 534.457946777, 859.094604492, 249.405059814, 265.067169189, 437.805419922, 257.801513672, 487.995666504, 305.61907959, 133.364578247, 194.171157837, 202.048858643, 193.590286255, 178.703186035, 348.583099365, 224.220001221, 277.090240479, 184.085540771, 124.453224182, 157.631973267, 427.250366211, 160.651611328, 71.4267654419, 20.211063385, 11.5782222748, 8.59213829041, 10.3505659103, 7.40177726746, 6.56145811081, 3.07534575462, 0.957065284252, 0.0985626503825, 0.00169716519304, 0.000165231962455],
        "mean": [0.392205506563, 2.08350372314, 3.55281448364, 6.37407255173, 8.4325876236, 18.6977043152, 18.5180187225, 41.4726638794, 113.907180786, 32.3989677429, 18.9178657532, 18.7626934052, 16.0256843567, 25.5815811157, 9.10694789886, 8.05684947968, 11.1492710114, 9.09948062897, 8.66878509521, 5.72730207443, 10.0348186493, 7.77899837494, 8.55185508728, 5.44339895248, 5.64920186996, 4.84149646759, 7.60728645325, 3.81006121635, 1.93605077267, 0.976795017719, 0.816397368908, 0.509380042553, 0.359803676605, 0.27144280076, 0.140869289637, 0.0555023774505, 0.0125328600407, 0.000683269056026, 3.42662096955e-05, 4.20839496655e-05],
        "median": [0.055650729686, 0.898479104042, 2.17926692963, 3.25975775719, 4.69264030457, 9.14790058136, 10.1919603348, 14.1020612717, 57.8365058899, 17.1097869873, 8.60457229614, 5.87015676498, 8.00619220734, 8.83448028564, 3.44673418999, 3.21676301956, 4.31805229187, 2.79309892654, 3.51045584679, 2.14022874832, 2.72873616219, 2.78498482704, 2.39902734756, 1.74192261696, 1.45051383972, 1.26478981972, 1.09863305092, 0.601907253265, 0.336206674576, 0.194612205029, 0.1181826666, 0.0561157651246, 0.0154135236517, 0.00843059457839, 0.00199668994173, 0.000470093858894, 9.1509136837e-05, 8.18148055259e-06, 1.8720740627e-05, 3.5838867916e-05],
        "min": [0.000877498125192, 0.0126471389085, 0.0198613870889, 0.132101237774, 0.167462408543, 0.0988415032625, 0.0831777825952, 0.0810167267919, 0.0406325720251, 0.0335380360484, 0.032262634486, 0.0551455318928, 0.0940634831786, 0.0524220094085, 0.0233044289052, 0.022220140323, 0.0156574770808, 0.0187284909189, 0.00943606998771, 0.00827170256525, 0.00327632389963, 0.0039438828826, 0.00201280554757, 0.00114706263412, 0.00122637499589, 0.000549838121515, 0.000367489352357, 0.000204498675885, 0.000162571726833, 7.90840495029e-05, 5.77996906941e-05, 8.717162018e-06, 6.01343617745e-06, 5.36597326573e-06, 5.23069820701e-06, 4.2284286792e-06, 2.19707317228e-06, 1.86532048474e-07, 1.66108588928e-06, 2.70188547802e-06],
        "var": [0.982001662254, 22.0994911194, 19.7916622162, 148.041488647, 154.870147705, 579.03314209, 453.344512939, 4243.40917969, 21297.4980469, 1605.42138672, 790.800964355, 1357.42272949, 489.195098877, 2603.25170898, 373.385314941, 177.794937134, 374.585357666, 361.299072266, 225.355682373, 144.742584229, 648.384643555, 270.016845703, 484.823760986, 123.573867798, 126.820877075, 112.851257324, 525.453918457, 136.019363403, 25.7559337616, 4.37287712097, 2.82065057755, 1.30053830147, 0.720988690853, 0.57353925705, 0.248158186674, 0.0545950047672, 0.00373759237118, 1.75487384695e-05, 7.13075376524e-09, 7.77358233339e-10]
    },
    "gfcc": {
        "mean": [-57.9410514832, 160.099029541, -107.263679504, 38.2855262756, -59.9451599121, -3.8679022789, -25.109916687, -3.51421785355, -10.6344366074, -2.54624247551, -2.92721366882, -6.08045864105, -1.0758562088],
        "cov": [[5521.56152344, -2628.73461914, -1393.42199707, 449.389801025, -810.195739746, 337.804870605, -868.92791748, 312.11630249, -533.443786621, 260.887145996, -338.823059082, 176.642669678, -180.368469238], [-2628.73461914, 2384.04003906, -159.876525879, -442.893859863, 421.264068604, -611.641174316, 657.208190918, -459.962371826, 479.440551758, -287.641387939, 349.495849609, -176.41583252, 177.606384277], [-1393.42199707, -159.876525879, 1582.52954102, -191.410766602, 220.461608887, 439.424865723, 27.9381504059, 314.749694824, -84.100440979, 110.049087524, -130.704223633, 33.0682182312, -91.3673171997], [449.389801025, -442.893859863, -191.410766602, 464.176513672, -26.8668632507, 42.3669586182, -33.0985908508, 1.46872580051, -16.8053512573, 4.72751140594, -11.9262905121, 5.74094724655, 5.09421920776], [-810.195739746, 421.264068604, 220.461608887, -26.8668632507, 394.765960693, 65.0173034668, 240.877182007, 22.5010566711, 98.8050842285, -33.8781394958, 18.583190918, -27.2220573425, -3.91521811485], [337.804870605, -611.641174316, 439.424865723, 42.3669586182, 65.0173034668, 531.669189453, -91.2940292358, 287.104248047, -118.447212219, 51.7419815063, -128.686706543, -11.3719320297, -73.2746429443], [-868.92791748, 657.208190918, 27.9381504059, -33.0985908508, 240.877182007, -91.2940292358, 362.451171875, -80.9149398804, 165.931808472, -67.3689727783, 86.4165649414, -37.0462417603, 42.2801361084], [312.11630249, -459.962371826, 314.749694824, 1.46872580051, 22.5010566711, 287.104248047, -80.9149398804, 269.487884521, -90.4495010376, 68.2980804443, -106.939567566, 8.00897693634, -61.2726821899], [-533.443786621, 479.440551758, -84.100440979, -16.8053512573, 98.8050842285, -118.447212219, 165.931808472, -90.4495010376, 175.925811768, -55.63621521, 108.583808899, -45.3571662903, 51.0595016479], [260.887145996, -287.641387939, 110.049087524, 4.72751140594, -33.8781394958, 51.7419815063, -67.3689727783, 68.2980804443, -55.63621521, 124.85458374, -32.2806587219, 54.3572845459, -29.06939888], [-338.823059082, 349.495849609, -130.704223633, -11.9262905121, 18.583190918, -128.686706543, 86.4165649414, -106.939567566, 108.583808899, -32.2806587219, 146.540786743, -19.3392276764, 66.2513275146], [176.642669678, -176.41583252, 33.0682182312, 5.74094724655, -27.2220573425, -11.3719320297, -37.0462417603, 8.00897693634, -45.3571662903, 54.3572845459, -19.3392276764, 83.1605834961, -7.82007884979], [-180.368469238, 177.606384277, -91.3673171997, 5.09421920776, -3.91521811485, -73.2746429443, 42.2801361084, -61.2726821899, 51.0595016479, -29.06939888, 66.2513275146, -7.82007884979, 84.8283920288]],
        "icov": [[0.00133553089108, 0.00082299351925, 0.00167184812017, 0.000325551867718, 0.000761207658798, -0.0005843223189, 0.000279575964669, -0.000810401979834, 0.00019177426293, -0.00059983151732, 0.000484800839331, -0.000708674662746, 0.000938502489589], [0.00082299351925, 0.00827354192734, -0.000112639827421, 0.00581276975572, -0.00282341567799, 0.00434521306306, -0.00484370999038, 0.00352666992694, -0.00318104657345, 0.00460542645305, -0.003170813201, 0.00705781159922, -0.000838294450659], [0.00167184812017, -0.000112639827421, 0.00330628710799, 4.14879468735e-05, 0.00104553892743, -0.0019881601911, 0.000918515201192, -0.0020614170935, 0.000692218833137, -0.00194113678299, 0.00125225889497, -0.0023551248014, 0.0014564068988], [0.000325551867718, 0.00581276975572, 4.14879468735e-05, 0.00655808066949, -0.0022494988516, 0.00255496194586, -0.00348056433722, 0.00302002881654, -0.00255737244152, 0.00316280359402, -0.00197836360894, 0.00490817148238, -0.00118712964468], [0.000761207658798, -0.00282341567799, 0.00104553892743, -0.0022494988516, 0.00709140859544, -0.00322128273547, -0.00107595627196, -0.00223756674677, 0.00019457747112, -0.00205489760265, 0.00239675422199, -0.00403724098578, 0.00219064159319], [-0.0005843223189, 0.00434521306306, -0.0019881601911, 0.00255496194586, -0.00322128273547, 0.00849838461727, -0.00274436012842, -0.00182874139864, -9.82513593044e-05, 0.00408154074103, -0.00273647089489, 0.00666508823633, -0.00118632777594], [0.000279575964669, -0.00484370999038, 0.000918515201192, -0.00348056433722, -0.00107595627196, -0.00274436012842, 0.0107342144474, -0.00227036583237, -0.00250654947013, -0.00222780206241, 0.00282500335015, -0.00592657690868, 0.000516445550602], [-0.000810401979834, 0.00352666992694, -0.0020614170935, 0.00302002881654, -0.00223756674677, -0.00182874139864, -0.00227036583237, 0.0139264240861, -0.00278805126436, -0.00080373568926, 0.0015109302476, 0.00571733899415, -0.00125099346042], [0.00019177426293, -0.00318104657345, 0.000692218833137, -0.00255737244152, 0.00019457747112, -9.82513593044e-05, -0.00250654947013, -0.00278805126436, 0.0204436611384, -0.00187769602053, -0.00761162443087, 0.00258938828483, 0.000361309852451], [-0.00059983151732, 0.00460542645305, -0.00194113678299, 0.00316280359402, -0.00205489760265, 0.00408154074103, -0.00222780206241, -0.00080373568926, -0.00187769602053, 0.0181740801781, -0.0051497630775, -0.0033607641235, 0.00183242361527], [0.000484800839331, -0.003170813201, 0.00125225889497, -0.00197836360894, 0.00239675422199, -0.00273647089489, 0.00282500335015, 0.0015109302476, -0.00761162443087, -0.0051497630775, 0.0203412715346, -0.00328931049444, -0.00680566206574], [-0.000708674662746, 0.00705781159922, -0.0023551248014, 0.00490817148238, -0.00403724098578, 0.00666508823633, -0.00592657690868, 0.00571733899415, 0.00258938828483, -0.0033607641235, -0.00328931049444, 0.0279650297016, -0.00402400130406], [0.000938502489589, -0.000838294450659, 0.0014564068988, -0.00118712964468, 0.00219064159319, -0.00118632777594, 0.000516445550602, -0.00125099346042, 0.000361309852451, 0.00183242361527, -0.00680566206574, -0.00402400130406, 0.0204492323101]]
    },
    "melbands": {
        "dmean": [0.00200140383095, 0.00112777820323, 0.000812466838397, 0.000512372818775, 0.000285511370748, 0.000423643476097, 0.000693048466928, 0.000146380698425, 9.09050140763e-05, 7.95274827396e-05, 5.3740801377e-05, 6.63210666971e-05, 2.51743840636e-05, 1.93487303477e-05, 1.88987833099e-05, 1.93413106899e-05, 1.68495334947e-05, 1.24956268337e-05, 6.07533502262e-06, 8.23686514195e-06, 9.31552131078e-06, 6.29863961876e-06, 5.74939076614e-06, 4.91956234328e-06, 3.0090443488e-06, 2.9498380627e-06, 2.7905036859e-06, 2.41689554059e-06, 2.8599797588e-06, 2.15130057768e-06, 1.15780528631e-06, 8.30004466934e-07, 5.55833082672e-07, 4.24550961498e-07, 4.24055656367e-07, 3.60923394283e-07, 2.43568166525e-07, 2.30848698379e-07, 2.53041235965e-07, 2.07837430821e-07],
        "dmean2": [0.00285464455374, 0.00176449643914, 0.00139456347097, 0.000844498747028, 0.000446201767772, 0.000644400832243, 0.000996829126962, 0.000224367395276, 0.000130813976284, 0.00011356901814, 8.37986226543e-05, 0.000103135302197, 4.0578925109e-05, 3.18791571772e-05, 3.26745939674e-05, 3.22602390952e-05, 2.8728183679e-05, 2.0748906536e-05, 1.01396244645e-05, 1.24841044453e-05, 1.51680833369e-05, 1.02555186459e-05, 9.29995803745e-06, 8.03931834525e-06, 5.14903831572e-06, 5.08536277266e-06, 4.90515776619e-06, 3.94820472138e-06, 4.31526768807e-06, 3.02318244394e-06, 1.71311580743e-06, 1.2676159713e-06, 8.39872768665e-07, 6.90931472036e-07, 6.99236181845e-07, 5.7614704474e-07, 3.81965378438e-07, 3.7891513216e-07, 4.05084108479e-07, 3.50723126985e-07],
        "dvar": [2.60719752987e-05, 7.57654788686e-06, 5.300651992e-06, 1.01989098766e-06, 1.78799069772e-07, 7.06244748017e-07, 1.20171034723e-06, 5.02252213153e-08, 2.85839458769e-08, 2.70021338622e-08, 8.29817548009e-09, 1.63344147097e-08, 2.85339152306e-09, 1.75533387825e-09, 1.38197819854e-09, 1.83301174239e-09, 1.53681889437e-09, 7.92238885605e-10, 1.13222084486e-10, 5.9315663492e-10, 5.36070632329e-10, 2.83864570738e-10, 1.58864643662e-10, 2.83428225334e-10, 4.28545740561e-11, 4.11893331942e-11, 5.83900358619e-11, 4.38883894505e-11, 4.86444252934e-11, 4.9385651818e-11, 1.20805960721e-11, 5.23815235978e-12, 2.39095852492e-12, 1.07195329002e-12, 9.28041172556e-13, 6.35101021253e-13, 3.45398460267e-13, 3.46648382742e-13, 4.46037304314e-13, 3.43655496855e-13],
        "dvar2": [6.02672625973e-05, 1.69493141584e-05, 1.4747068235e-05, 2.71142948804e-06, 4.29461096019e-07, 1.5483963125e-06, 2.5031322366e-06, 1.21896903238e-07, 5.99304144089e-08, 4.79100954465e-08, 1.89523703398e-08, 3.82574043556e-08, 6.17523499002e-09, 4.13579392955e-09, 3.474828425e-09, 4.37710445667e-09, 3.9568499588e-09, 2.01912886411e-09, 2.62377675142e-10, 9.61830171065e-10, 1.18885457034e-09, 5.77081937791e-10, 3.66267627339e-10, 5.76560577059e-10, 1.06256628496e-10, 1.06505887443e-10, 1.69599057021e-10, 9.58772575221e-11, 9.76709546574e-11, 7.32583022023e-11, 2.19622358494e-11, 9.86152912802e-12, 4.9184033582e-12, 2.39095917544e-12, 2.38100077848e-12, 1.38391229899e-12, 7.2006994551e-13, 9.00637095284e-13, 1.08681997863e-12, 9.08895842703e-13],
        "max": [0.039103217423, 0.0274384282529, 0.0185642838478, 0.00867957063019, 0.00538186728954, 0.0115063916892, 0.0127005148679, 0.00235864007846, 0.00199676933698, 0.00305039179511, 0.0012611876009, 0.00214672088623, 0.000752271909732, 0.000512999482453, 0.000418620795244, 0.000674987677485, 0.000406691426178, 0.000401014316594, 0.000136433227453, 0.000738167611416, 0.000380384037271, 0.000353320850991, 0.000224354473175, 0.000531789439265, 0.000100593344541, 9.02602550923e-05, 5.72440621909e-05, 0.000145544021507, 0.00018788134912, 0.000245278060902, 8.07249598438e-05, 4.85278105771e-05, 3.05815374304e-05, 1.27978410092e-05, 7.88403121987e-06, 8.25556617201e-06, 5.7150059547e-06, 9.11998176889e-06, 8.25367169455e-06, 9.14346492209e-06],
        "mean": [0.00321441097185, 0.00222198385745, 0.00111726962496, 0.000956731732003, 0.000737966562156, 0.000973270565737, 0.00165624334477, 0.00027596912696, 0.000142706543556, 0.000111492205178, 7.9571880633e-05, 0.000109920023533, 2.84199104499e-05, 2.22843791562e-05, 2.28578428505e-05, 2.15944291995e-05, 1.67775306181e-05, 1.43613051478e-05, 7.65797449276e-06, 9.78405569185e-06, 1.24187336041e-05, 8.52434914123e-06, 7.85415886639e-06, 7.56207191444e-06, 3.83687483918e-06, 4.42091277364e-06, 2.76166406366e-06, 3.40515202879e-06, 4.96793336424e-06, 3.94668768422e-06, 1.85779924777e-06, 1.19006517707e-06, 7.23244568235e-07, 4.93199820539e-07, 4.82491543607e-07, 4.07635440069e-07, 2.81509926481e-07, 2.44597345045e-07, 2.59678074599e-07, 2.14937074361e-07],
        "median": [0.000803958042525, 0.00139052770101, 0.000625628686976, 0.000561554857995, 0.000408223917475, 0.000267276947852, 0.00084159366088, 0.000151177009684, 5.70860902371e-05, 3.16541663778e-05, 3.73482944269e-05, 3.43017345585e-05, 8.61959597387e-06, 5.39839675184e-06, 8.23917707748e-06, 7.42654628993e-06, 3.75239233108e-06, 5.38191761734e-06, 3.3271310258e-06, 2.7850319384e-06, 3.17637204716e-06, 2.60358001469e-06, 2.55177269537e-06, 1.59673118105e-06, 1.26929433009e-06, 1.15424040814e-06, 6.74987916227e-07, 8.22764832265e-07, 7.40159180168e-07, 4.38299935013e-07, 2.72508998478e-07, 1.89698170061e-07, 1.29989089714e-07, 9.54691969923e-08, 6.85005403511e-08, 4.8799950747e-08, 2.27948628861e-08, 9.12050790447e-09, 8.01208166479e-09, 5.94048632507e-09],
        "min": [1.10128430606e-05, 1.76785306394e-05, 2.02369956241e-05, 8.26173436508e-06, 3.01057662e-06, 1.41800671827e-06, 5.69428607378e-07, 4.82810378344e-07, 1.79440618808e-07, 1.92076953454e-07, 2.61973184479e-07, 1.70298960711e-07, 6.56134346855e-08, 5.32956860866e-08, 3.36980185978e-08, 2.19095035447e-08, 3.4667426263e-08, 1.21479439841e-08, 9.11818975879e-09, 7.83029818763e-09, 3.1342077822e-09, 3.35934946527e-09, 2.07916639461e-09, 1.02178876471e-09, 9.04746000341e-10, 6.59642285239e-10, 5.58767199177e-10, 2.71872080404e-10, 2.06813899339e-10, 1.74576852974e-10, 1.05783978799e-10, 7.95320129199e-11, 3.95379388951e-11, 2.41360906955e-11, 2.21341070472e-11, 3.42683780657e-12, 1.04703615569e-12, 2.41069778072e-13, 6.48149001375e-14, 3.69831322142e-14],
