{
"highlevel": {
    "danceability": {
        "all": {
            "danceable": 0.999408662319,
            "not_danceable": 0.00059135229094
        },
        "probability": 0.999408662319,
        "value": "danceable"
    },
    "gender": {
        "all": {
            "female": 0.119707584381,
            "male": 0.880292415619
        },
        "probability": 0.880292415619,
        "value": "male"
    },
    "genre_dortmund": {
        "all": {
            "alternative": 0.0717088729143,
            "blues": 0.055319596082,
            "electronic": 0.0301655661315,
            "folkcountry": 0.123524494469,
            "funksoulrnb": 0.123285681009,
            "jazz": 0.0694124847651,
            "pop": 0.153809145093,
            "raphiphop": 0.155199930072,
            "rock": 0.217574223876
        },
        "probability": 0.217574223876,
        "value": "rock"
    },
    "genre_electronic": {
        "all": {
            "ambient": 0.304343730211,
            "dnb": 0.275219798088,
            "house": 0.107592433691,
            "techno": 0.0250557921827,
            "trance": 0.287788271904
        },
        "probability": 0.304343730211,
        "value": "ambient"
    },
    "genre_rosamerica": {
        "all": {
            "cla": 0.00182300468441,
            "dan": 0.0778022035956,
            "hip": 0.0130247306079,
            "jaz": 0.00287918397225,
            "pop": 0.723726451397,
            "rhy": 0.127834156156,
            "roc": 0.0513469837606,
            "spe": 0.0015633153962
        },
        "probability": 0.723726451397,
        "value": "pop"
    },
    "genre_tzanetakis": {
        "all": {
            "blu": 0.0622663982213,
            "cla": 0.0345780998468,
            "cou": 0.103735685349,
            "dis": 0.0518908686936,
            "hip": 0.155698984861,
            "jaz": 0.311586618423,
            "met": 0.0519040971994,
            "pop": 0.0622744634748,
            "reg": 0.0622723288834,
            "roc": 0.103792458773
        },
        "probability": 0.311586618423,
        "value": "jaz"
    },
    "ismir04_rhythm": {
        "all": {
            "ChaChaCha": 0.0392002984881,
            "Jive": 0.099020332098,
            "Quickstep": 0.0771353542805,
            "Rumba-American": 0.0319501981139,
            "Rumba-International": 0.0625638738275,
            "Rumba-Misc": 0.0117275360972,
            "Samba": 0.633147835732,
            "Tango": 0.0121226813644,
            "VienneseWaltz": 0.0156098445877,
            "Waltz": 0.0175220463425
        },
        "probability": 0.633147835732,
        "value": "Samba"
    },
    "mood_acoustic": {
        "all": {
            "acoustic": 0.005560179241,
            "not_acoustic": 0.994439840317
        },
        "probability": 0.994439840317,
        "value": "not_acoustic"
    },
    "mood_aggressive": {
        "all": {
            "aggressive": 0.0103357201442,
            "not_aggressive": 0.989664256573
        },
        "probability": 0.989664256573,
        "value": "not_aggressive"
    },
    "mood_electronic": {
        "all": {
            "electronic": 0.352299779654,
            "not_electronic": 0.647700190544
        },
        "probability": 0.647700190544,
        "value": "not_electronic"
    },
    "mood_happy": {
        "all": {
            "happy": 0.990744411945,
            "not_happy": 0.00925557408482
        },
        "probability": 0.990744411945,
        "value": "happy"
    },
    "mood_party": {
        "all": {
            "not_party": 0.620455384254,
            "party": 0.379544585943
        },
        "probability": 0.620455384254,
        "value": "not_party"
    },
    "mood_relaxed": {
        "all": {
            "not_relaxed": 0.686287045479,
            "relaxed": 0.313712954521
        },
        "probability": 0.686287045479,
        "value": "not_relaxed"
    },
    "mood_sad": {
        "all": {
            "not_sad": 0.759820640087,
            "sad": 0.240179359913
        },
        "probability": 0.759820640087,
        "value": "not_sad"
    },
    "moods_mirex": {
        "all": {
            "Cluster1": 0.311173647642,
            "Cluster2": 0.252988040447,
            "Cluster3": 0.121639087796,
            "Cluster4": 0.131325870752,
            "Cluster5": 0.182873353362
        },
        "probability": 0.311173647642,
        "value": "Cluster1"
    },
    "timbre": {
        "all": {
            "bright": 0.976885020733,
            "dark": 0.0231149550527
        },
        "probability": 0.976885020733,
        "value": "bright"
    },
    "tonal_atonal": {
        "all": {
            "atonal": 0.0161283202469,
            "tonal": 0.98387169838
        },
        "probability": 0.98387169838,
        "value": "tonal"
    },
    "voice_instrumental": {
        "all": {
            "instrumental": 0.0166170950979,
            "voice": 0.983382880688
        },
        "probability": 0.983382880688,
        "value": "voice"
    }
},
"lowlevel": {
    "average_loudness": 0.984050929546,
    "barkbands_crest": {
        "dmean": 3.07562303543,
        "dmean2": 4.76227045059,
        "dvar": 7.2258014679,
        "dvar2": 16.8713245392,
        "max": 25.1498756409,
        "mean": 11.1648921967,
        "median": 10.206949234,
        "min": 2.6307220459,
        "var": 23.6051101685
    },
    "barkbands_flatness_db": {
        "dmean": 0.0267467293888,
        "dmean2": 0.0386446341872,
        "dvar": 0.00059288617922,
        "dvar2": 0.00109893479384,
        "max": 0.35163718462,
        "mean": 0.136301398277,
        "median": 0.128269061446,
        "min": 0.0524863153696,
        "var": 0.00210708449595
    },
    "barkbands_kurtosis": {
        "dmean": 3.78032684326,
        "dmean2": 5.7367348671,
        "dvar": 44.2704200745,
        "dvar2": 90.016960144,
        "max": 95.2981796265,
        "mean": 4.70991754532,
        "median": 1.94147157669,
        "min": -1.93766856194,
        "var": 84.5544509888
    },
    "barkbands_skewness": {
        "dmean": 0.67420899868,
        "dmean2": 0.996292412281,
        "dvar": 0.43507489562,
        "dvar2": 0.874643325806,
        "max": 9.06205177307,
        "mean": 1.72475624084,
        "median": 1.52043282986,
        "min": -1.90613794327,
        "var": 1.45821011066
    },
    "barkbands_spread": {
        "dmean": 9.4711561203,
        "dmean2": 14.4040155411,
        "dvar": 113.012733459,
        "dvar2": 252.120330811,
        "max": 121.974555969,
        "mean": 27.8248023987,
        "median": 24.9740333557,
        "min": 1.62156844139,
        "var": 280.332794189
    },
    "dissonance": {
        "dmean": 0.0219733864069,
        "dmean2": 0.0359565243125,
        "dvar": 0.00042700782069,
        "dvar2": 0.00111746008042,
        "max": 0.498147726059,
        "mean": 0.458682090044,
        "median": 0.465597659349,
        "min": 0.310783088207,
        "var": 0.000792030419689
    },
    "dynamic_complexity": 1.65571069717,
    "erbbands_crest": {
        "dmean": 3.43095993996,
        "dmean2": 5.53534603119,
        "dvar": 9.88273048401,
        "dvar2": 24.3610477448,
        "max": 27.9829082489,
        "mean": 9.32975673676,
        "median": 8.21842956543,
        "min": 2.46571946144,
        "var": 20.4500102997
    },
    "erbbands_flatness_db": {
        "dmean": 0.0222839675844,
        "dmean2": 0.0327133797109,
        "dvar": 0.000384796527214,
        "dvar2": 0.000804797164164,
        "max": 0.238376870751,
        "mean": 0.129916578531,
        "median": 0.128585740924,
        "min": 0.0551540404558,
        "var": 0.00108670338523
    },
    "erbbands_kurtosis": {
        "dmean": 1.22654378414,
        "dmean2": 1.94222831726,
        "dvar": 2.74682116508,
        "dvar2": 6.74547290802,
        "max": 22.4103851318,
        "mean": 0.607991933823,
        "median": 0.0670070648193,
        "min": -1.71857154369,
        "var": 4.27915048599
    },
    "erbbands_skewness": {
        "dmean": 0.451067715883,
        "dmean2": 0.686300039291,
        "dvar": 0.161894574761,
        "dvar2": 0.379110276699,
        "max": 4.23241901398,
        "mean": 0.495334744453,
        "median": 0.468779802322,
        "min": -3.24546313286,
        "var": 0.506315350533
    },
    "erbbands_spread": {
        "dmean": 13.9333295822,
        "dmean2": 20.5757770538,
        "dvar": 199.219451904,
        "dvar2": 430.820831299,
        "max": 144.245697021,
        "mean": 47.8027191162,
        "median": 41.9021987915,
        "min": 6.45668268204,
        "var": 588.745300293
    },
    "hfc": {
        "dmean": 14.4852952957,
        "dmean2": 19.8961372375,
        "dvar": 249.904708862,
        "dvar2": 481.12097168,
        "max": 185.087631226,
        "mean": 35.2192459106,
        "median": 31.3436965942,
        "min": 0.910727858543,
        "var": 668.930358887
    },
    "melbands_crest": {
        "dmean": 3.79828357697,
        "dmean2": 6.054895401,
        "dvar": 10.7709283829,
        "dvar2": 26.6339874268,
        "max": 31.9769134521,
        "mean": 15.4434728622,
        "median": 14.0274705887,
        "min": 4.83106708527,
        "var": 40.7790374756
    },
    "melbands_flatness_db": {
        "dmean": 0.0338820815086,
        "dmean2": 0.0468610785902,
        "dvar": 0.000958149903454,
        "dvar2": 0.00176058360375,
        "max": 0.460199505091,
        "mean": 0.18757507205,
        "median": 0.176449328661,
        "min": 0.0615040883422,
        "var": 0.00404367921874
    },
    "melbands_kurtosis": {
        "dmean": 9.68395137787,
        "dmean2": 14.5465764999,
        "dvar": 245.464538574,
        "dvar2": 516.416320801,
        "max": 257.931427002,
        "mean": 16.9327869415,
        "median": 9.94634342194,
        "min": -1.42968213558,
        "var": 591.119689941
    },
    "melbands_skewness": {
        "dmean": 0.92949873209,
        "dmean2": 1.37840521336,
        "dvar": 0.838801264763,
        "dvar2": 1.69075095654,
        "max": 13.8382883072,
        "mean": 2.99262285233,
        "median": 2.72218179703,
        "min": -0.152803570032,
        "var": 3.13021683693
    },
    "melbands_spread": {
        "dmean": 8.90648937225,
        "dmean2": 13.9426937103,
        "dvar": 126.837982178,
        "dvar2": 301.228546143,
        "max": 175.800064087,
        "mean": 23.6881141663,
        "median": 21.0187644958,
        "min": 1.37783277035,
        "var": 233.908828735
    },
    "pitch_salience": {
        "dmean": 0.0842691361904,
        "dmean2": 0.132000595331,
        "dvar": 0.00474357465282,
        "dvar2": 0.0113737182692,
        "max": 0.822654187679,
        "mean": 0.526123166084,
        "median": 0.534960567951,
        "min": 0.096928037703,
        "var": 0.0176731310785
    },
    "silence_rate_20dB": {
        "dmean": 0,
        "dmean2": 0,
        "dvar": 0,
        "dvar2": 0,
        "max": 1,
        "mean": 1,
        "median": 1,
        "min": 1,
        "var": 0
    },
    "silence_rate_30dB": {
        "dmean": 0.0123839005828,
        "dmean2": 0.0247869864106,
        "dvar": 0.0122306579724,
        "dvar2": 0.0365658774972,
        "max": 1,
        "mean": 0.993812859058,
        "median": 1,
        "min": 0,
        "var": 0.0061488552019
    },
    "silence_rate_60dB": {
        "dmean": 0.00154798757285,
        "dmean2": 0.00309837330133,
        "dvar": 0.00154558720533,
        "dvar2": 0.00463793892413,
        "max": 1,
        "mean": 0.00077339517884,
        "median": 0,
        "min": 0,
        "var": 0.000772796396632
    },
    "spectral_centroid": {
        "dmean": 331.827636719,
        "dmean2": 507.324035645,
        "dvar": 117720.085938,
        "dvar2": 274341.34375,
        "max": 4891.04443359,
        "mean": 1305.85095215,
        "median": 1257.17590332,
        "min": 246.409057617,
        "var": 271871.1875
    },
    "spectral_complexity": {
        "dmean": 5.82739925385,
        "dmean2": 8.03175830841,
        "dvar": 34.8426246643,
        "dvar2": 59.2934455872,
        "max": 55,
        "mean": 20.630317688,
        "median": 19,
        "min": 4,
        "var": 90.9506454468
    },
    "spectral_decrease": {
        "dmean": 3.48862183586e-09,
        "dmean2": 5.16519005345e-09,
        "dvar": 1.23005727554e-17,
        "dvar2": 2.78467276104e-17,
        "max": -4.73333594542e-10,
        "mean": -1.00190113983e-08,
        "median": -8.43274872153e-09,
        "min": -3.21458983876e-08,
        "var": 4.09445668186e-17
    },
    "spectral_energy": {
        "dmean": 0.0139371259138,
        "dmean2": 0.0206053704023,
        "dvar": 0.000188540827367,
        "dvar2": 0.000421953067416,
        "max": 0.129356339574,
        "mean": 0.041008528322,
        "median": 0.0353005416691,
        "min": 0.00255966791883,
        "var": 0.000617297191638
    },
    "spectral_energyband_high": {
        "dmean": 0.00116163201164,
        "dmean2": 0.00159385683946,
        "dvar": 2.37790959545e-06,
        "dvar2": 4.56872339782e-06,
        "max": 0.0184854529798,
        "mean": 0.00201827310957,
        "median": 0.00120659184176,
        "min": 6.32636783848e-06,
        "var": 5.76532920604e-06
    },
    "spectral_energyband_low": {
        "dmean": 0.0074462085031,
        "dmean2": 0.01057523489,
        "dvar": 0.000126752711367,
        "dvar2": 0.000265140726697,
        "max": 0.101078763604,
        "mean": 0.0164958257228,
        "median": 0.00698935054243,
        "min": 1.14042049972e-05,
        "var": 0.000466445810162
    },
    "spectral_energyband_middle_high": {
        "dmean": 0.00312883779407,
        "dmean2": 0.00432400498539,
        "dvar": 1.12041198008e-05,
        "dvar2": 2.37153126363e-05,
        "max": 0.041856713593,
        "mean": 0.00644246628508,
        "median": 0.00497367372736,
        "min": 0.000145122990943,
        "var": 2.9939947126e-05
    },
    "spectral_energyband_middle_low": {
        "dmean": 0.00825722422451,
        "dmean2": 0.0129298865795,
        "dvar": 9.80805125437e-05,
        "dvar2": 0.000240757028223,
        "max": 0.109674207866,
        "mean": 0.0168639160693,
        "median": 0.0138341402635,
        "min": 0.000588236725889,
        "var": 0.000164193406818
    },
    "spectral_entropy": {
        "dmean": 0.225301682949,
        "dmean2": 0.322671920061,
        "dvar": 0.0482929982245,
        "dvar2": 0.0975228250027,
        "max": 8.67888736725,
        "mean": 7.75354528427,
        "median": 7.77464485168,
        "min": 6.26252746582,
        "var": 0.120545528829
    },
    "spectral_flux": {
        "dmean": 0.0320351198316,
        "dmean2": 0.0495908148587,
        "dvar": 0.000828956777696,
        "dvar2": 0.00175943772774,
        "max": 0.255409598351,
        "mean": 0.117745682597,
        "median": 0.11342549324,
        "min": 0.0237262621522,
        "var": 0.00187876424752
    },
    "spectral_kurtosis": {
        "dmean": 1.28049492836,
        "dmean2": 1.89124429226,
        "dvar": 2.19464445114,
        "dvar2": 5.05081367493,
        "max": 17.3334846497,
        "mean": 3.07110619545,
        "median": 2.67063808441,
        "min": -1.22165977955,
        "var": 4.42890930176
    },
    "spectral_rms": {
        "dmean": 0.00108814041596,
        "dmean2": 0.00157412793487,
        "dvar": 9.32600812575e-07,
        "dvar2": 1.86434317584e-06,
        "max": 0.0112339360639,
        "mean": 0.00602733623236,
        "median": 0.00586852198467,
        "min": 0.00158026476856,
        "var": 3.67950860891e-06
    },
    "spectral_rolloff": {
        "dmean": 828.562316895,
        "dmean2": 1390.26879883,
        "dvar": 2178997.5,
        "dvar2": 4680008,
        "max": 13738.1835938,
        "mean": 1738.65966797,
        "median": 1184.32617188,
        "min": 64.599609375,
        "var": 4291058
    },
    "spectral_skewness": {
        "dmean": 0.244325906038,
        "dmean2": 0.344799935818,
        "dvar": 0.0565249659121,
        "dvar2": 0.121170684695,
        "max": 3.24296665192,
        "mean": 1.52192997932,
        "median": 1.51650500298,
        "min": -0.028597002849,
        "var": 0.159729450941
    },
    "spectral_spread": {
        "dmean": 1036447.625,
        "dmean2": 1503572.75,
        "dvar": 1.14523570176e+12,
        "dvar2": 2.15701612134e+12,
        "max": 16408411,
        "mean": 6432285.5,
        "median": 6222167.5,
        "min": 2603239,
        "var": 3.88845980877e+12
    },
    "spectral_strongpeak": {
        "dmean": 0.615904510021,
        "dmean2": 1.03849446774,
        "dvar": 0.919132947922,
        "dvar2": 2.16783356667,
        "max": 8.2095041275,
        "mean": 0.959938943386,
        "median": 0.584003329277,
        "min": 0.0476371645927,
        "var": 1.18394434452
    },
    "zerocrossingrate": {
        "dmean": 0.0186234693974,
        "dmean2": 0.0208595562726,
        "dvar": 0.00037497311132,
        "dvar2": 0.000399110169383,
        "max": 0.43701171875,
        "mean": 0.0775846019387,
        "median": 0.0712890625,
        "min": 0.00244140625,
        "var": 0.00215533399023
    },
    "barkbands": {
        "dmean": [0.000268017349299, 0.00672536715865, 0.00178442022298, 0.00132541626226, 0.00356367090717, 0.00270267436281, 0.00124560354743, 0.00113546289504, 0.00191787572112, 0.000664571300149, 0.000646535481792, 0.000576399092097, 0.00079403683776, 0.000710940221325, 0.00052544195205, 0.00032725991332, 0.000461793533759, 0.000285367015749, 0.000150401945575, 0.000200070804567, 0.000193731932086, 0.000188218691619, 0.000138756033266, 0.00027561650495, 0.000331862276653, 0.000183403666597, 4.65157690144e-08],
        "dmean2": [0.000351757393219, 0.00949276145548, 0.00282111484557, 0.00235924427398, 0.00594181008637, 0.00432672630996, 0.00198119995184, 0.00190137233585, 0.00298975408077, 0.00103786878753, 0.00103347853292, 0.000922543520574, 0.00124835513998, 0.00111290160567, 0.000813488266431, 0.000511241669301, 0.000694475718774, 0.000436902919319, 0.000225308234803, 0.000296746351523, 0.000282571068965, 0.000261933339061, 0.000201811533771, 0.000412196677644, 0.000498753623106, 0.000286540598609, 8.53191863825e-08],
        "dvar": [1.92759799233e-07, 0.000140843942063, 1.69097711478e-05, 1.04295741039e-05, 3.93340596929e-05, 1.40320125865e-05, 6.91504828865e-06, 4.85545979245e-06, 8.77298771229e-06, 2.08602000384e-06, 2.66155461759e-06, 1.65832511811e-06, 3.39164694196e-06, 3.02805915453e-06, 1.29697809825e-06, 5.96705376665e-07, 6.76834019941e-07, 2.31895199931e-07, 3.6414654403e-08, 1.06779417308e-07, 9.03876511416e-08, 6.35013535089e-08, 4.63603662126e-08, 2.22797055471e-07, 2.96178342296e-07, 1.56397291562e-07, 2.84764819689e-14],
        "dvar2": [3.49833612745e-07, 0.000269149139058, 3.83944643545e-05, 2.85407841147e-05, 0.000104845952592, 3.30331640725e-05, 1.66472309502e-05, 1.20957456602e-05, 1.80780134542e-05, 4.5065271479e-06, 6.46709395369e-06, 3.88860735256e-06, 8.25406641525e-06, 7.34835521143e-06, 3.32387185153e-06, 1.47006369389e-06, 1.52490474647e-06, 5.3516208709e-07, 7.46947463881e-08, 2.33570347064e-07, 1.89216621038e-07, 1.19795487308e-07, 9.91705704223e-08, 5.22484640442e-07, 5.80317191634e-07, 3.24596527435e-07, 8.08314596897e-14],
        "max": [0.00484737660736, 0.0997821390629, 0.0464449599385, 0.0263692792505, 0.0829409435391, 0.0354906581342, 0.0475469902158, 0.0242631360888, 0.0323812253773, 0.0299263522029, 0.025004979223, 0.0182454455644, 0.0213812701404, 0.0364585630596, 0.0153270214796, 0.014010457322, 0.0113215474412, 0.00667679356411, 0.00245802570134, 0.00405102223158, 0.00371574633755, 0.00279771769419, 0.00387509958819, 0.00908219255507, 0.00966390408576, 0.00557985063642, 2.01575221581e-06],
        "mean": [0.000539648521226, 0.0132944341749, 0.00204533082433, 0.00122511468362, 0.00511308154091, 0.00423030927777, 0.00183480710257, 0.00138407794293, 0.00266604637727, 0.00086455111159, 0.000768759113271, 0.000751298270188, 0.00093350635143, 0.000915436190553, 0.000635799078736, 0.000419882650021, 0.000606877263635, 0.000379004311981, 0.000239733388298, 0.000263903726591, 0.00027793541085, 0.000274684542092, 0.000215823733015, 0.000400178803829, 0.000503002025653, 0.000225339215831, 3.0182690125e-08],
        "median": [0.000151863452629, 0.00414096284658, 0.000846529146656, 0.000430630578194, 0.0026109626051, 0.00242885621265, 0.000803993956652, 0.000352888979251, 0.000962137302849, 0.000308223912725, 0.00023346443777, 0.000232073158259, 0.000264308589976, 0.00026468076976, 0.000222991977353, 0.000168823084095, 0.000251345103607, 0.000178599992068, 0.000156061447342, 0.000130852567963, 0.000137609313242, 0.000159917821293, 0.000137150127557, 0.000208621626371, 0.000230841134908, 7.20095849829e-05, 9.56719925505e-10],
        "min": [7.98416408543e-08, 4.70440227218e-06, 1.81317238912e-06, 1.60704053087e-06, 1.49132165461e-05, 3.48087996827e-06, 8.07727337815e-06, 2.78956736111e-06, 8.77159982338e-06, 5.9238727772e-06, 6.64986418997e-06, 1.40669919801e-06, 2.44883131018e-06, 1.82254302672e-06, 1.04798175471e-06, 1.69573399944e-06, 2.88558658212e-06, 2.35088509726e-06, 2.33468063016e-06, 1.85054045687e-06, 2.18645240579e-07, 5.99095073994e-07, 7.32294665795e-07, 6.42698864795e-07, 4.709698187e-10, 1.2550317452e-09, 9.96577733531e-12],
        "var": [6.59686122617e-07, 0.000416167662479, 1.68332462636e-05, 7.79414767749e-06, 4.81677889184e-05, 2.60063352471e-05, 9.16907811188e-06, 7.9416695371e-06, 1.63531276485e-05, 3.45000421476e-06, 3.53706332135e-06, 2.49638628702e-06, 4.44475699624e-06, 4.25863800046e-06, 1.50257244513e-06, 6.92589424034e-07, 9.97496954369e-07, 3.31332500991e-07, 6.83852476868e-08, 1.45599571511e-07, 1.44338528685e-07, 1.18446706665e-07, 7.12918009071e-08, 3.59381886028e-07, 7.77642014782e-07, 2.74756501994e-07, 1.9288097256e-14]
    },
    "erbbands": {
        "dmean": [0.238192006946, 1.47942233086, 2.08076739311, 3.35486292839, 7.06942224503, 14.9995040894, 15.3882217407, 24.3069000244, 22.1435775757, 15.4702997208, 30.6033306122, 45.102230072, 26.9289073944, 15.5208597183, 28.1207942963, 25.8479595184, 34.2932395935, 31.2063426971, 32.0443496704, 22.4764957428, 16.1057186127, 23.7166614532, 18.1598587036, 7.42076683044, 8.85360908508, 9.46744728088, 7.49539613724, 8.10385990143, 6.96084833145, 4.67475271225, 4.437458992, 4.73422765732, 5.32343482971, 4.02935600281, 2.36668515205, 1.12247598171, 0.302068531513, 0.0169992689043, 0.000357043434633, 3.50295049429e-05],
        "dmean2": [0.305031716824, 2.07506990433, 3.09278440475, 5.70473957062, 12.0123128891, 25.4938011169, 25.2265949249, 39.2074623108, 34.7121276855, 25.8713359833, 50.1341705322, 70.7009353638, 41.3244895935, 23.4841804504, 44.9603157043, 40.5573196411, 52.8501358032, 49.0688323975, 49.4816894531, 35.216709137, 24.1163368225, 34.9459571838, 26.636341095, 10.9195261002, 13.0744686127, 14.0023756027, 10.9641122818, 11.7500886917, 9.88512134552, 6.66074991226, 6.42507410049, 7.06247186661, 8.14037036896, 6.17992067337, 3.62591648102, 1.7692245245, 0.459774672985, 0.0268480852246, 0.000553326390218, 5.22079681105e-05],
        "dvar": [0.160845145583, 7.74223279953, 20.0465946198, 62.2676887512, 155.371307373, 799.331542969, 499.318389893, 1397.71569824, 1943.58239746, 1254.36035156, 3466.09790039, 5123.43603516, 3390.63769531, 970.391662598, 5146.04980469, 3492.171875, 6106.14453125, 3475.46118164, 5973.94433594, 3782.76000977, 920.79083252, 1939.80200195, 778.532775879, 92.2138290405, 186.063812256, 227.56022644, 123.059669495, 171.721221924, 94.4551086426, 37.4740333557, 51.0831489563, 86.4880905151, 73.2175674438, 38.40026474, 21.4449539185, 5.62014293671, 0.477970510721, 0.00162246613763, 6.21157710157e-07, 2.33202324118e-09],
        "dvar2": [0.299779325724, 14.8139629364, 45.4832611084, 163.275772095, 405.668487549, 2156.69189453, 1196.30334473, 3285.38647461, 4585.76904297, 3197.15405273, 8280.98632812, 11188.4804688, 7153.37158203, 2216.63574219, 12573.8837891, 8023.38427734, 14239.5263672, 8501.99121094, 14431.6982422, 9554.10839844, 2068.30200195, 4339.34277344, 1706.47155762, 205.501861572, 388.958099365, 495.720214844, 264.766418457, 375.413208008, 190.046234131, 68.1475143433, 109.606613159, 193.403594971, 183.254302979, 84.538772583, 40.7040138245, 11.9563293457, 1.0172713995, 0.00371039984748, 1.34587162393e-06, 4.81418993559e-09],
        "max": [3.79480028152, 23.1000232697, 47.0088844299, 58.292339325, 156.1353302, 328.035339355, 258.774505615, 398.159851074, 777.477539062, 599.74609375, 661.348144531, 741.608154297, 1276.56103516, 802.245544434, 894.90447998, 840.640686035, 1087.7097168, 846.313110352, 1327.86254883, 1079.2244873, 452.67401123, 712.604248047, 358.862701416, 145.420654297, 209.863174438, 154.937179565, 101.084907532, 182.499160767, 100.776199341, 99.1004867554, 124.641464233, 203.579986572, 119.425354004, 105.939971924, 71.215637207, 38.2993927002, 14.07035923, 0.577181279659, 0.0116683756933, 0.000741495226976],
        "mean": [0.489028602839, 2.52796888351, 2.76118254662, 3.5040500164, 8.62259292603, 20.4313964844, 22.664390564, 36.6484985352, 35.204990387, 21.1610889435, 39.9130592346, 63.9738502502, 35.6890335083, 22.3485965729, 35.5140609741, 35.2910919189, 42.9623451233, 44.818862915, 42.6141586304, 28.5937862396, 23.6015644073, 32.5723228455, 25.357378006, 11.7511110306, 13.3152809143, 12.6735095978, 10.1333360672, 12.0028934479, 10.0835857391, 6.86863231659, 6.78850603104, 6.70499372482, 7.6500248909, 5.97727966309, 3.37405371666, 1.3851544857, 0.362233012915, 0.0189625229686, 0.000454353517853, 8.01829010015e-05],
        "median": [0.133012235165, 0.767850279808, 1.24732732773, 1.47722136974, 3.81322288513, 9.21369171143, 13.3391160965, 19.9579811096, 15.7724065781, 9.13005542755, 12.9186840057, 25.4575309753, 13.8416213989, 9.34683704376, 13.30676651, 12.35846138, 14.6135416031, 16.7442913055, 14.1004638672, 11.6647691727, 10.2122592926, 14.8065891266, 13.1233386993, 8.09516620636, 7.59175205231, 6.57606172562, 5.33448076248, 6.07084178925, 5.91694879532, 3.9556555748, 4.02375268936, 3.03396844864, 4.02038097382, 3.02793288231, 1.29150104523, 0.514545500278, 0.0996920391917, 0.00456221587956, 0.000156205205712, 6.36542754364e-05],
        "min": [5.27419324499e-05, 0.00135716982186, 0.00335991266184, 0.0186529550701, 0.0189724825323, 0.0221426617354, 0.0274977143854, 0.0383167378604, 0.117248915136, 0.166473969817, 0.0919857546687, 0.192556545138, 0.377334982157, 0.145658403635, 0.290035903454, 0.216788426042, 0.215214937925, 0.164261549711, 0.122495949268, 0.12308254838, 0.120616793633, 0.132730469108, 0.15961137414, 0.0771764069796, 0.110047109425, 0.0783329606056, 0.014644799754, 0.0110869817436, 0.0267691202462, 0.0388308428228, 0.0192395448685, 0.00876616127789, 0.0102118514478, 0.000456796202343, 4.47397869721e-05, 0.000306519970763, 0.000200567184947, 1.04145183286e-05, 2.40589542955e-06, 3.61416459782e-06],
        "var": [0.574697971344, 17.9780979156, 24.3170547485, 49.649394989, 170.352310181, 926.21472168, 812.336730957, 2261.97729492, 2967.74975586, 1530.30908203, 5534.62744141, 9404.22558594, 5368.73583984, 1881.02319336, 6421.46386719, 5269.91503906, 8453.90917969, 5870.19384766, 7828.47265625, 3716.60791016, 1460.85852051, 2779.86694336, 1254.30444336, 165.131454468, 280.155853271, 313.518493652, 183.319671631, 274.237457275, 162.644271851, 73.0499420166, 79.4697341919, 127.731307983, 122.35345459, 86.9928817749, 50.0092277527, 9.43843364716, 0.907709538937, 0.00247216364369, 1.07722360099e-06, 5.48890977115e-09]
    },
    "gfcc": {
        "mean": [46.7543792725, 69.9960327148, -98.9519958496, 29.8648643494, -65.3643493652, 24.130153656, -49.9160614014, 18.3036270142, -27.6487960815, 12.0311861038, -15.754281044, 6.41149377823, -7.39164161682],
        "cov": [[2112.32373047, -622.469909668, -135.058898926, -10.0954780579, -149.853317261, -12.4241838455, -128.948684692, 3.77006936073, -82.7405166626, 98.3214950562, -118.71131134, 22.7658596039, -23.0327148438], [-622.469909668, 778.403503418, -59.6705131531, -11.8084955215, 154.347412109, 40.4652290344, 142.316360474, 14.468205452, 94.7645568848, -46.0071983337, 107.463356018, -2.26153206825, 52.7348403931], [-135.058898926, -59.6705131531, 669.018310547, 155.422286987, 67.8922729492, 66.8421478271, -8.98798465729, 41.4849205017, -22.5884971619, 68.7386627197, 22.0584335327, 83.8280715942, 76.2027053833], [-10.0954780579, -11.8084955215, 155.422286987, 307.002563477, 119.935852051, 34.6334037781, -11.3132286072, 13.9836673737, 51.7777671814, 26.746761322, 14.6407566071, 10.2910280228, 71.4229278564], [-149.853317261, 154.347412109, 67.8922729492, 119.935852051, 325.107055664, 106.366088867, 40.5970916748, 86.5493392944, 107.412033081, 61.6345710754, 43.1146888733, 22.5748939514, 37.0006713867], [-12.4241838455, 40.4652290344, 66.8421478271, 34.6334037781, 106.366088867, 208.72102356, 126.998657227, 70.192527771, 43.5499572754, 31.1076145172, 37.3308448792, 9.59285259247, 18.6047878265], [-128.948684692, 142.316360474, -8.98798465729, -11.3132286072, 40.5970916748, 126.998657227, 234.525512695, 68.6416320801, 35.2204475403, 5.64017105103, 43.6933784485, 15.2431879044, -15.0472755432], [3.77006936073, 14.468205452, 41.4849205017, 13.9836673737, 86.5493392944, 70.192527771, 68.6416320801, 167.795272827, 95.0831375122, 28.281085968, 5.62864971161, 16.2737579346, 23.1466636658], [-82.7405166626, 94.7645568848, -22.5884971619, 51.7777671814, 107.412033081, 43.5499572754, 35.2204475403, 95.0831375122, 186.31578064, 54.1187973022, 9.36599826813, 1.26619231701, 23.5349330902], [98.3214950562, -46.0071983337, 68.7386627197, 26.746761322, 61.6345710754, 31.1076145172, 5.64017105103, 28.281085968, 54.1187973022, 121.096748352, 26.7660636902, 16.3582935333, 21.579750061], [-118.71131134, 107.463356018, 22.0584335327, 14.6407566071, 43.1146888733, 37.3308448792, 43.6933784485, 5.62864971161, 9.36599826813, 26.7660636902, 128.040435791, 39.4436264038, 12.4646196365], [22.7658596039, -2.26153206825, 83.8280715942, 10.2910280228, 22.5748939514, 9.59285259247, 15.2431879044, 16.2737579346, 1.26619231701, 16.3582935333, 39.4436264038, 105.088813782, 35.5123176575], [-23.0327148438, 52.7348403931, 76.2027053833, 71.4229278564, 37.0006713867, 18.6047878265, -15.0472755432, 23.1466636658, 23.5349330902, 21.579750061, 12.4646196365, 35.5123176575, 123.153129578]],
        "icov": [[0.000761515868362, 0.000222679460421, 0.000488672056235, -0.000377701624529, 0.00044931328739, -0.000552405719645, 0.00051553233061, -0.000530253222678, 0.000694635033142, -0.00113451888319, 0.000725603487808, -0.00075194373494, 0.000284296664177], [0.000222679460421, 0.00310162594542, -0.000360352132702, 0.00148349674419, -0.00197176728398, 0.00171808642335, -0.00248508434743, 0.00200761621818, -0.0021195570007, 0.00276566226967, -0.00231193332002, 0.00183406774886, -0.00264642317779], [0.000488672056235, -0.000360352132702, 0.00262768985704, -0.00164621451404, 0.000854064302985, -0.00139888387639, 0.00126017758157, -0.00156866025645, 0.00217143492773, -0.00246128789149, 0.00127697980497, -0.00234985840507, 0.000542711874004], [-0.000377701624529, 0.00148349674419, -0.00164621451404, 0.00602679839358, -0.00290140463039, 0.00150893640239, -0.00173267559148, 0.00283006252721, -0.00290809199214, 0.00301614240743, -0.00187312124763, 0.00270327297039, -0.0038450723514], [0.00044931328739, -0.00197176728398, 0.000854064302985, -0.00290140463039, 0.00693752570078, -0.00374697218649, 0.00312094530091, -0.00298777734861, 0.000608526635915, -0.00366634852253, 0.00131269020494, -0.00248930626549, 0.00261826859787], [-0.000552405719645, 0.00171808642335, -0.00139888387639, 0.00150893640239, -0.00374697218649, 0.0108298705891, -0.00654079159722, 0.000737999856938, -0.00131510745268, 0.00208950205706, -0.00270867510699, 0.00355111504905, -0.0031614000909], [0.00051553233061, -0.00248508434743, 0.00126017758157, -0.00173267559148, 0.00312094530091, -0.00654079159722, 0.0102685475722, -0.00416167546064, 0.00222784257494, -0.00266890111379, 0.00110328034498, -0.00342871225439, 0.00439189514145], [-0.000530253222678, 0.00200761621818, -0.00156866025645, 0.00283006252721, -0.00298777734861, 0.000737999856938, -0.00416167546064, 0.0125387152657, -0.00693200202659, 0.00377434724942, -0.000941764214076, 0.00134610827081, -0.00333797070198], [0.000694635033142, -0.0021195570007, 0.00217143492773, -0.00290809199214, 0.000608526635915, -0.00131510745268, 0.00222784257494, -0.00693200202659, 0.012473616749, -0.00675825728104, 0.00296117737889, -0.0017849401338, 0.001986870775], [-0.00113451888319, 0.00276566226967, -0.00246128789149, 0.00301614240743, -0.00366634852253, 0.00208950205706, -0.00266890111379, 0.00377434724942, -0.00675825728104, 0.0159799214453, -0.00541074108332, 0.00327406800352, -0.00377739337273], [0.000725603487808, -0.00231193332002, 0.00127697980497, -0.00187312124763, 0.00131269020494, -0.00270867510699, 0.00110328034498, -0.000941764214076, 0.00296117737889, -0.00541074108332, 0.0129462126642, -0.00600618077442, 0.00255231535994], [-0.00075194373494, 0.00183406774886, -0.00234985840507, 0.00270327297039, -0.00248930626549, 0.00355111504905, -0.00342871225439, 0.00134610827081, -0.0017849401338, 0.00327406800352, -0.00600618077442, 0.015482340008, -0.00558942556381], [0.000284296664177, -0.00264642317779, 0.000542711874004, -0.0038450723514, 0.00261826859787, -0.0031614000909, 0.00439189514145, -0.00333797070198, 0.001986870775, -0.00377739337273, 0.00255231535994, -0.00558942556381, 0.0136910825968]]
    },
    "melbands": {
        "dmean": [0.00196525221691, 0.00125688582193, 0.00061658071354, 0.000832223100588, 0.000548745621927, 0.000545837683603, 0.000315343670081, 0.000176920744707, 0.000283208064502, 0.000280050357105, 0.000132423665491, 6.31108268863e-05, 9.19608937693e-05, 7.13282061042e-05, 7.38788876333e-05, 7.6455056842e-05, 6.31384100416e-05, 5.91863172303e-05, 3.53953946615e-05, 2.87360671791e-05, 1.92152729142e-05, 2.57406918536e-05, 2.637610487e-05, 1.06220932139e-05, 5.89339015278e-06, 6.66346159051e-06, 7.05151342117e-06, 6.16130364506e-06, 4.87681836603e-06, 4.8234019232e-06, 4.86787575937e-06, 4.21337244916e-06, 3.52556230609e-06, 2.27124155572e-06, 2.57749047705e-06, 3.00696774502e-06, 3.03387082567e-06, 3.77730066248e-06, 3.99795499106e-06, 3.49557899426e-06],
        "dmean2": [0.00267171650194, 0.00176478130743, 0.00103610835504, 0.00139861623757, 0.00089655618649, 0.000870670599397, 0.00049331469927, 0.000296014157357, 0.000460842653411, 0.000439300114522, 0.000204365947866, 9.62156700552e-05, 0.000146642953041, 0.000112144480227, 0.000120929122204, 0.000117672403576, 0.000100320801721, 9.20014790609e-05, 5.47502932022e-05, 4.57088463008e-05, 2.86362137558e-05, 3.8632642827e-05, 3.98035481339e-05, 1.60954259627e-05, 9.01889779925e-06, 1.01288460428e-05, 1.06009147203e-05, 9.26955544855e-06, 7.28018903828e-06, 7.15891201253e-06, 7.17600778444e-06, 6.15610952082e-06, 5.00923079017e-06, 3.35358731718e-06, 3.81057043342e-06, 4.62718298877e-06, 4.61785430161e-06, 5.86003898206e-06, 6.13987913312e-06, 5.43187297808e-06],
        "dvar": [1.14189724627e-05, 5.18581327924e-06, 1.72261445641e-06, 2.45604519478e-06, 5.70528129629e-07, 6.36063418824e-07, 3.80233359465e-07, 1.39094666451e-07, 2.68326743935e-07, 2.0141263235e-07, 8.33767401787e-08, 1.82025328144e-08, 5.67042626187e-08, 2.28424141824e-08, 3.6254800051e-08, 3.32933964842e-08, 1.67542744123e-08, 2.59103973832e-08, 6.75583855525e-09, 5.75452041573e-09, 1.45696765763e-09, 2.96413604772e-09, 1.94772620254e-09, 2.68834232653e-10, 6.49065176606e-11, 9.15663378454e-11, 1.82819051564e-10, 9.8967903317e-11, 5.34670641095e-11, 6.36186450742e-11, 6.09771191873e-11, 3.90745769074e-11, 2.38734171321e-11, 8.35724371651e-12, 1.45506558191e-11, 3.95917465479e-11, 3.49842932401e-11, 3.6760615385e-11, 4.83901529957e-11, 3.30280178207e-11],
        "dvar2": [2.10701582546e-05, 1.07267742351e-05, 4.40798612544e-06, 6.52141261526e-06, 1.41671637266e-06, 1.48502806496e-06, 9.00431018636e-07, 3.59756057833e-07, 6.22625123015e-07, 4.40451970007e-07, 1.7539278474e-07, 4.10058724754e-08, 1.36148798902e-07, 5.66623512555e-08, 8.96165630593e-08, 7.71237225194e-08, 4.15317060742e-08, 6.13733135424e-08, 1.58946775741e-08, 1.44447627193e-08, 3.27465654593e-09, 6.71357058835e-09, 4.5425250228e-09, 5.89578108556e-10, 1.49114900982e-10, 1.91863552823e-10, 4.23889867651e-10, 2.19696968951e-10, 1.17041626391e-10, 1.41660655428e-10, 1.38948866302e-10, 8.99572430435e-11, 4.18427237303e-11, 1.62717686547e-11, 3.14310487359e-11, 9.19652548559e-11, 7.90446805232e-11, 9.37529359701e-11, 1.20662951852e-10, 7.68670613271e-11],
        "max": [0.0291887037456, 0.0217824932188, 0.0103418733925, 0.0212708506733, 0.00782906170934, 0.00782481860369, 0.0108646163717, 0.00641446141526, 0.00626307213679, 0.0041980817914, 0.00619132211432, 0.00354337086901, 0.00394798954949, 0.00223559653386, 0.00259821000509, 0.00283402320929, 0.00181281985715, 0.0031797955744, 0.00108403712511, 0.0014493643539, 0.000643575622234, 0.000822940433864, 0.000524381815922, 0.000206779237487, 0.000122578188893, 0.00014261394972, 0.000271421449725, 9.39625606406e-05, 7.42814445402e-05, 0.000108515821921, 0.000105942781374, 7.84317307989e-05, 6.2710729253e-05, 4.1488896386e-05, 5.23453381902e-05, 0.000111932095024, 0.000128479470732, 7.99424087745e-05, 0.000108495922177, 0.000112191562948],
        "mean": [0.00400266144425, 0.00211809459142, 0.000690098560881, 0.0011190790683, 0.000828449032269, 0.000840670254547, 0.000500522379298, 0.000228120581596, 0.000367948465282, 0.000388657965232, 0.00016785756452, 8.52514785947e-05, 0.000112501678814, 9.34879208216e-05, 8.71856391313e-05, 9.31875911192e-05, 8.41247601784e-05, 7.3877570685e-05, 4.23209930887e-05, 3.42705534422e-05, 2.63480105787e-05, 3.29406684614e-05, 3.43739957316e-05, 1.4331138118e-05, 8.55900543684e-06, 9.82492474577e-06, 9.31849444896e-06, 7.9456876847e-06, 6.2466547206e-06, 6.39365543975e-06, 7.12271776138e-06, 5.8104319578e-06, 4.8905640142e-06, 3.23402764479e-06, 3.76697835236e-06, 4.0132358663e-06, 4.08145797337e-06, 5.08965513291e-06, 5.69600024392e-06, 4.86806129629e-06],
        "median": [0.00117897568271, 0.000936666328926, 0.000323503423715, 0.000485738099087, 0.000504158670083, 0.00045800904627, 0.000222121539991, 8.21687717689e-05, 0.000109024818812, 0.000140779782669, 5.59393265576e-05, 2.99412076856e-05, 3.58382421837e-05, 3.27929556079e-05, 3.11805706588e-05, 2.58381551248e-05, 2.748537554e-05, 1.96698292712e-05, 1.51913864102e-05, 1.34437786983e-05, 1.03896763903e-05, 1.36420585477e-05, 1.49743409565e-05, 7.1919448601e-06, 5.38704216524e-06, 5.92325704929e-06, 4.57360602013e-06, 3.81063955501e-06, 3.25527662426e-06, 2.76125615528e-06, 3.66767449123e-06, 3.27010116052e-06, 2.34115259445e-06, 1.95126631297e-06, 2.29595252677e-06, 1.8275502498e-06, 1.65376968653e-06, 2.55855047726e-06, 2.91686046694e-06, 2.32417414736e-06],
        "min": [8.93769652066e-07, 1.71825604411e-06, 5.84361168876e-06, 3.18108300235e-06, 9.28676797685e-07, 7.82801578225e-07, 1.81704592706e-06, 8.92690479759e-07, 6.20308753696e-07, 1.3622715187e-06, 1.45875196722e-06, 3.72994122699e-07, 8.96907067727e-07, 2.52238663734e-07, 2.85096660946e-07, 1.86238509059e-07, 1.29766249302e-07, 1.1343333739e-07, 8.25720505304e-08, 9.07960640006e-08, 1.35828372549e-07, 1.03571302645e-07, 1.45055579992e-07, 1.05338770595e-07, 2.2023078472e-08, 4.46442136592e-08, 8.07041047324e-08, 3.63502863365e-08, 9.30423560419e-09, 1.56597901313e-09, 3.41668582315e-09, 2.2985082726e-09, 1.3708476132e-08, 2.11566009156e-09, 8.46757597373e-09, 4.60837146221e-09, 4.48262052477e-11, 6.37044950125e-09, 1.17394205468e-09, 4.18913905301e-12],
