{
"highlevel": {
    "danceability": {
        "all": {
            "danceable": 0.0141935683787,
            "not_danceable": 0.985806405544
        },
        "probability": 0.985806405544,
        "value": "not_danceable"
    },
    "gender": {
        "all": {
            "female": 0.203725844622,
            "male": 0.796274125576
        },
        "probability": 0.796274125576,
        "value": "male"
    },
    "genre_dortmund": {
        "all": {
            "alternative": 0.180273115635,
            "blues": 0.0114724403247,
            "electronic": 0.0302898958325,
            "folkcountry": 0.183529287577,
            "funksoulrnb": 0.00164338643663,
            "jazz": 0.0104865338653,
            "pop": 0.120336174965,
            "raphiphop": 0.00112607283518,
            "rock": 0.460843086243
        },
        "probability": 0.460843086243,
        "value": "rock"
    },
    "genre_electronic": {
        "all": {
            "ambient": 0.232652708888,
            "dnb": 0.165988326073,
            "house": 0.0857459977269,
            "techno": 0.0301532745361,
            "trance": 0.485459685326
        },
        "probability": 0.485459685326,
        "value": "trance"
    },
    "genre_rosamerica": {
        "all": {
            "cla": 0.00467076804489,
            "dan": 0.00662407604977,
            "hip": 0.00717609981075,
            "jaz": 0.00118373951409,
            "pop": 0.233651831746,
            "rhy": 0.0068866587244,
            "roc": 0.739137768745,
            "spe": 0.000669035944156
        },
        "probability": 0.739137768745,
        "value": "roc"
    },
    "genre_tzanetakis": {
        "all": {
            "blu": 0.0626613423228,
            "cla": 0.0348169617355,
            "cou": 0.104475811124,
            "dis": 0.0784321576357,
            "hip": 0.15692435205,
            "jaz": 0.313974827528,
            "met": 0.0448166541755,
            "pop": 0.0627359300852,
            "reg": 0.0627360641956,
            "roc": 0.0784258767962
        },
        "probability": 0.313974827528,
        "value": "jaz"
    },
    "ismir04_rhythm": {
        "all": {
            "ChaChaCha": 0.087701536715,
            "Jive": 0.730332911015,
            "Quickstep": 0.002546697855,
            "Rumba-American": 0.00233972491696,
            "Rumba-International": 0.00686570303515,
            "Rumba-Misc": 0.0021324607078,
            "Samba": 0.0194351039827,
            "Tango": 0.00232546543702,
            "VienneseWaltz": 0.143156662583,
            "Waltz": 0.00316371559165
        },
        "probability": 0.730332911015,
        "value": "Jive"
    },
    "mood_acoustic": {
        "all": {
            "acoustic": 0.145636439323,
            "not_acoustic": 0.854363560677
        },
        "probability": 0.854363560677,
        "value": "not_acoustic"
    },
    "mood_aggressive": {
        "all": {
            "aggressive": 0.657837748528,
            "not_aggressive": 0.342162251472
        },
        "probability": 0.657837748528,
        "value": "aggressive"
    },
    "mood_electronic": {
        "all": {
            "electronic": 0.128680363297,
            "not_electronic": 0.871319651604
        },
        "probability": 0.871319651604,
        "value": "not_electronic"
    },
    "mood_happy": {
        "all": {
            "happy": 0.88716262579,
            "not_happy": 0.11283736676
        },
        "probability": 0.88716262579,
        "value": "happy"
    },
    "mood_party": {
        "all": {
            "not_party": 0.533551990986,
            "party": 0.466448038816
        },
        "probability": 0.533551990986,
        "value": "not_party"
    },
    "mood_relaxed": {
        "all": {
            "not_relaxed": 0.90989869833,
            "relaxed": 0.0901012867689
        },
        "probability": 0.90989869833,
        "value": "not_relaxed"
    },
    "mood_sad": {
        "all": {
            "not_sad": 0.745985269547,
            "sad": 0.254014700651
        },
        "probability": 0.745985269547,
        "value": "not_sad"
    },
    "moods_mirex": {
        "all": {
            "Cluster1": 0.577832996845,
            "Cluster2": 0.203768536448,
            "Cluster3": 0.0642226189375,
            "Cluster4": 0.0729548409581,
            "Cluster5": 0.0812210068107
        },
        "probability": 0.577832996845,
        "value": "Cluster1"
    },
    "timbre": {
        "all": {
            "bright": 0.999993383884,
            "dark": 6.6241436798e-06
        },
        "probability": 0.999993383884,
        "value": "bright"
    },
    "tonal_atonal": {
        "all": {
            "atonal": 0.00019031285774,
            "tonal": 0.999809682369
        },
        "probability": 0.999809682369,
        "value": "tonal"
    },
    "voice_instrumental": {
        "all": {
            "instrumental": 0.00290992273949,
            "voice": 0.997090101242
        },
        "probability": 0.997090101242,
        "value": "voice"
    }
},
"lowlevel": {
    "average_loudness": 0.955565452576,
    "barkbands_crest": {
        "dmean": 2.32743477821,
        "dmean2": 3.81320738792,
        "dvar": 4.17212200165,
        "dvar2": 11.2407779694,
        "max": 21.9046783447,
        "mean": 7.90809822083,
        "median": 7.17457103729,
        "min": 2.52922701836,
        "var": 10.9292583466
    },
    "barkbands_flatness_db": {
        "dmean": 0.0151617461815,
        "dmean2": 0.0249663572758,
        "dvar": 0.000168021913851,
        "dvar2": 0.0004391403927,
        "max": 0.208528459072,
        "mean": 0.107518844306,
        "median": 0.10346519202,
        "min": 0.051794487983,
        "var": 0.000580861407798
    },
    "barkbands_kurtosis": {
        "dmean": 1.05704677105,
        "dmean2": 1.7488847971,
        "dvar": 1.78481757641,
        "dvar2": 4.56471395493,
        "max": 20.8964385986,
        "mean": 0.827391564846,
        "median": 0.299437761307,
        "min": -1.84620547295,
        "var": 4.91827726364
    },
    "barkbands_skewness": {
        "dmean": 0.35990023613,
        "dmean2": 0.585907936096,
        "dvar": 0.117950543761,
        "dvar2": 0.291522026062,
        "max": 3.42846679688,
        "mean": 1.02636110783,
        "median": 0.998858749866,
        "min": -0.757099866867,
        "var": 0.35500445962
    },
    "barkbands_spread": {
        "dmean": 5.42200136185,
        "dmean2": 8.31134223938,
        "dvar": 33.2971496582,
        "dvar2": 61.2421989441,
        "max": 97.9229354858,
        "mean": 31.1354255676,
        "median": 29.4904899597,
        "min": 4.06470346451,
        "var": 158.286804199
    },
    "dissonance": {
        "dmean": 0.0136640314013,
        "dmean2": 0.022898517549,
        "dvar": 0.000149548854097,
        "dvar2": 0.000406018400099,
        "max": 0.5,
        "mean": 0.473592966795,
        "median": 0.476703226566,
        "min": 0.400538235903,
        "var": 0.000298595288768
    },
    "dynamic_complexity": 1.45386266708,
    "erbbands_crest": {
        "dmean": 2.53795027733,
        "dmean2": 3.99021959305,
        "dvar": 4.82547998428,
        "dvar2": 11.274764061,
        "max": 28.3203144073,
        "mean": 8.78633880615,
        "median": 7.41292667389,
        "min": 2.71324038506,
        "var": 21.5859203339
    },
    "erbbands_flatness_db": {
        "dmean": 0.011761976406,
        "dmean2": 0.0180543605238,
        "dvar": 9.47503140196e-05,
        "dvar2": 0.00020558500546,
        "max": 0.246780201793,
        "mean": 0.142540484667,
        "median": 0.140011310577,
        "min": 0.0597750432789,
        "var": 0.00051101075951
    },
    "erbbands_kurtosis": {
        "dmean": 0.552041709423,
        "dmean2": 0.896363139153,
        "dvar": 0.608673870564,
        "dvar2": 1.4622168541,
        "max": 15.5953426361,
        "mean": -0.0269887819886,
        "median": -0.359509706497,
        "min": -1.47712147236,
        "var": 1.97261750698
    },
    "erbbands_skewness": {
        "dmean": 0.278164237738,
        "dmean2": 0.42563828826,
        "dvar": 0.058444712311,
        "dvar2": 0.132278248668,
        "max": 3.62952160835,
        "mean": 0.222181469202,
        "median": 0.148681238294,
        "min": -2.12956023216,
        "var": 0.410281956196
    },
    "erbbands_spread": {
        "dmean": 6.66400671005,
        "dmean2": 10.4565706253,
        "dvar": 39.6067810059,
        "dvar2": 98.3453369141,
        "max": 87.6304550171,
        "mean": 40.4215774536,
        "median": 39.645072937,
        "min": 8.91532897949,
        "var": 136.326400757
    },
    "hfc": {
        "dmean": 7.25343894958,
        "dmean2": 10.578379631,
        "dvar": 115.433753967,
        "dvar2": 211.485305786,
        "max": 155.316421509,
        "mean": 29.9789581299,
        "median": 23.9313526154,
        "min": 3.94157242775,
        "var": 368.207702637
    },
    "melbands_crest": {
        "dmean": 3.14071416855,
        "dmean2": 5.16017818451,
        "dvar": 7.57332086563,
        "dvar2": 20.1631317139,
        "max": 27.0478515625,
        "mean": 12.234079361,
        "median": 11.5737524033,
        "min": 4.50135660172,
        "var": 17.6448955536
    },
    "melbands_flatness_db": {
        "dmean": 0.0204679239541,
        "dmean2": 0.0322196558118,
        "dvar": 0.00032828815165,
        "dvar2": 0.000828856544103,
        "max": 0.287325024605,
        "mean": 0.140851840377,
        "median": 0.13813701272,
        "min": 0.0549624599516,
        "var": 0.00120862503536
    },
    "melbands_kurtosis": {
        "dmean": 3.17482924461,
        "dmean2": 5.32726097107,
        "dvar": 14.6838579178,
        "dvar2": 37.6143379211,
        "max": 41.4953117371,
        "mean": 6.11302471161,
        "median": 4.86696767807,
        "min": -0.979363918304,
        "var": 26.6217880249
    },
    "melbands_skewness": {
        "dmean": 0.528247117996,
        "dmean2": 0.857344150543,
        "dvar": 0.256826072931,
        "dvar2": 0.661150217056,
        "max": 5.59630393982,
        "mean": 2.04955601692,
        "median": 1.96006715298,
        "min": 0.344845145941,
        "var": 0.678200006485
    },
    "melbands_spread": {
        "dmean": 8.1677274704,
        "dmean2": 13.2217636108,
        "dvar": 101.937088013,
        "dvar2": 227.951538086,
        "max": 147.5131073,
        "mean": 33.510269165,
        "median": 30.6272888184,
        "min": 5.41292047501,
        "var": 295.312194824
    },
    "pitch_salience": {
        "dmean": 0.0636388733983,
        "dmean2": 0.100103899837,
        "dvar": 0.00277565629221,
        "dvar2": 0.00694568594918,
        "max": 0.842644274235,
        "mean": 0.570966959,
        "median": 0.572717130184,
        "min": 0.279654085636,
        "var": 0.00747820269316
    },
    "silence_rate_20dB": {
        "dmean": 0,
        "dmean2": 0,
        "dvar": 0,
        "dvar2": 0,
        "max": 1,
        "mean": 1,
        "median": 1,
        "min": 1,
        "var": 0
    },
    "silence_rate_30dB": {
        "dmean": 0.00154798757285,
        "dmean2": 0.00309837330133,
        "dvar": 0.00154558441136,
        "dvar2": 0.00463792448863,
        "max": 1,
        "mean": 0.999226629734,
        "median": 1,
        "min": 0,
        "var": 0.000772795872763
    },
    "silence_rate_60dB": {
        "dmean": 0,
        "dmean2": 0,
        "dvar": 0,
        "dvar2": 0,
        "max": 0,
        "mean": 0,
        "median": 0,
        "min": 0,
        "var": 0
    },
    "spectral_centroid": {
        "dmean": 254.441268921,
        "dmean2": 399.558807373,
        "dvar": 62147.5664062,
        "dvar2": 136842.046875,
        "max": 3887.19506836,
        "mean": 1739.80786133,
        "median": 1716.10473633,
        "min": 575.252990723,
        "var": 256324.921875
    },
    "spectral_complexity": {
        "dmean": 4.71671819687,
        "dmean2": 6.92331504822,
        "dvar": 19.7309341431,
        "dvar2": 36.8887786865,
        "max": 59,
        "mean": 29.5568447113,
        "median": 28,
        "min": 9,
        "var": 62.3209762573
    },
    "spectral_decrease": {
        "dmean": 2.13133288796e-09,
        "dmean2": 3.3814411271e-09,
        "dvar": 5.119637946e-18,
        "dvar2": 1.24524489061e-17,
        "max": -1.48328449523e-09,
        "mean": -7.13484515913e-09,
        "median": -6.46649667146e-09,
        "min": -2.73743214763e-08,
        "var": 1.14625817194e-17
    },
    "spectral_energy": {
        "dmean": 0.00842787045985,
        "dmean2": 0.0133494846523,
        "dvar": 8.01415808382e-05,
        "dvar2": 0.000190896258573,
        "max": 0.109999582171,
        "mean": 0.029647724703,
        "median": 0.0269731618464,
        "min": 0.00606105430052,
        "var": 0.000184057280421
    },
    "spectral_energyband_high": {
        "dmean": 0.000689118343871,
        "dmean2": 0.000995983951725,
        "dvar": 1.75616924025e-06,
        "dvar2": 3.20059825754e-06,
        "max": 0.0202024336904,
        "mean": 0.00192927720491,
        "median": 0.00119106087368,
        "min": 3.65474406863e-05,
        "var": 5.32344029125e-06
    },
    "spectral_energyband_low": {
        "dmean": 0.00462433416396,
        "dmean2": 0.00760756991804,
        "dvar": 2.93594257528e-05,
        "dvar2": 7.59417525842e-05,
        "max": 0.0460938327014,
        "mean": 0.00814954936504,
        "median": 0.00619870703667,
        "min": 0.000183699914487,
        "var": 3.97693511331e-05
    },
    "spectral_energyband_middle_high": {
        "dmean": 0.00204459065571,
        "dmean2": 0.00310318754055,
        "dvar": 5.09976189278e-06,
        "dvar2": 1.2021792827e-05,
        "max": 0.0451883375645,
        "mean": 0.00743052596226,
        "median": 0.00636509153992,
        "min": 0.000899119011592,
        "var": 1.75467394001e-05
    },
    "spectral_energyband_middle_low": {
        "dmean": 0.00541131896898,
        "dmean2": 0.00871104933321,
        "dvar": 5.46174196643e-05,
        "dvar2": 0.000139198862598,
        "max": 0.0904105827212,
        "mean": 0.0132064269856,
        "median": 0.0091702779755,
        "min": 0.00170064298436,
        "var": 0.00012709335715
    },
    "spectral_entropy": {
        "dmean": 0.0833669528365,
        "dmean2": 0.125891149044,
        "dvar": 0.00675400998443,
        "dvar2": 0.0115905590355,
        "max": 8.58715343475,
        "mean": 7.87057113647,
        "median": 7.87292146683,
        "min": 7.00897359848,
        "var": 0.0391389504075
    },
    "spectral_flux": {
        "dmean": 0.0220553167164,
        "dmean2": 0.0329284742475,
        "dvar": 0.000456745648989,
        "dvar2": 0.00086085771909,
        "max": 0.227190002799,
        "mean": 0.0948575809598,
        "median": 0.090609356761,
        "min": 0.0329077392817,
        "var": 0.00111871631816
    },
    "spectral_kurtosis": {
        "dmean": 0.803368985653,
        "dmean2": 1.36548674107,
        "dvar": 0.589764893055,
        "dvar2": 1.59745085239,
        "max": 12.9207839966,
        "mean": 2.33986735344,
        "median": 2.2203745842,
        "min": -0.653966188431,
        "var": 1.20818948746
    },
    "spectral_rms": {
        "dmean": 0.000741579104215,
        "dmean2": 0.00116069603246,
        "dvar": 5.15577937676e-07,
        "dvar2": 1.20658569358e-06,
        "max": 0.0103593757376,
        "mean": 0.00524936290458,
        "median": 0.00512984208763,
        "min": 0.00243171211332,
        "var": 1.36880930768e-06
    },
    "spectral_rolloff": {
        "dmean": 558.246826172,
        "dmean2": 916.604370117,
        "dvar": 634734.625,
        "dvar2": 1167097.5,
        "max": 9840.67382812,
        "mean": 1976.27453613,
        "median": 1765.72265625,
        "min": 193.798828125,
        "var": 1960104.125
    },
    "spectral_skewness": {
        "dmean": 0.136920943856,
        "dmean2": 0.223657757044,
        "dvar": 0.015108672902,
        "dvar2": 0.0348949581385,
        "max": 2.40354156494,
        "mean": 1.12635588646,
        "median": 1.11331009865,
        "min": 0.275672078133,
        "var": 0.0490036383271
    },
    "spectral_spread": {
        "dmean": 337580.125,
        "dmean2": 501170.0625,
        "dvar": 243807846400,
        "dvar2": 334317649920,
        "max": 15652442,
        "mean": 4546127,
        "median": 4405627.5,
        "min": 2500409,
        "var": 814014267392
    },
    "spectral_strongpeak": {
        "dmean": 0.617940366268,
        "dmean2": 1.03641331196,
        "dvar": 0.756269872189,
        "dvar2": 1.66111862659,
        "max": 8.86013221741,
        "mean": 1.12189507484,
        "median": 0.435690969229,
        "min": 0.0370128452778,
        "var": 1.75306415558
    },
    "zerocrossingrate": {
        "dmean": 0.0100143011659,
        "dmean2": 0.0114918183535,
        "dvar": 0.000142067889101,
        "dvar2": 0.000140950374771,
        "max": 0.2685546875,
        "mean": 0.0772983580828,
        "median": 0.072265625,
        "min": 0.0224609375,
        "var": 0.000995797920041
    },
    "barkbands": {
        "dmean": [9.94015717879e-05, 0.00296956882812, 0.00217447127216, 0.00159035890829, 0.00231260526925, 0.0012304217089, 0.000789357058238, 0.00100625888444, 0.000904811138753, 0.00129560334608, 0.000268818781478, 0.000320058956277, 0.000246158917435, 0.000359850964742, 0.000539848697372, 0.000251472578384, 0.000241942616412, 0.00023685162887, 0.000161050164024, 0.000271446508123, 0.000225289913942, 0.000183047537575, 0.000139358191518, 0.000136750983074, 6.43177918391e-05, 1.24365633383e-05, 2.26891607724e-08],
        "dmean2": [0.000160240975674, 0.00491700181738, 0.00371713587083, 0.00277303415351, 0.00399252166972, 0.00190461229067, 0.00132168026175, 0.00155910453759, 0.00135487865191, 0.00198521371931, 0.000442740332801, 0.000504048657604, 0.000404792604968, 0.000588240160141, 0.000880517472979, 0.000408592808526, 0.000395879818825, 0.000395179027691, 0.000256152881775, 0.000433349545347, 0.000336356373737, 0.00028622278478, 0.000217161621549, 0.000201846691198, 9.22860999708e-05, 1.92820334632e-05, 4.23505639446e-08],
        "dvar": [2.46863436359e-08, 1.19286578411e-05, 1.02099356809e-05, 8.35508581076e-06, 2.02296159841e-05, 4.61481386083e-06, 3.69704184777e-06, 7.4523954936e-06, 3.00578767565e-06, 3.64367201655e-06, 1.9433825571e-07, 1.60196208299e-07, 1.672992056e-07, 3.0597553291e-07, 5.70667339161e-07, 9.80270868922e-08, 1.03917791705e-07, 9.19614393524e-08, 5.70824774115e-08, 1.23266659102e-07, 1.82254453307e-07, 8.12080358514e-08, 1.55821823e-07, 2.52664534628e-07, 2.90122077473e-08, 1.49530110516e-09, 1.77828028182e-14],
        "dvar2": [6.07305565836e-08, 3.18345264532e-05, 2.71728276857e-05, 2.27113505389e-05, 5.44202739547e-05, 1.00287943496e-05, 9.97319693852e-06, 1.6316307665e-05, 5.53422523808e-06, 8.90716182766e-06, 4.76336737165e-07, 3.50407105998e-07, 3.54281439741e-07, 7.66546634168e-07, 1.20484128274e-06, 2.22466226774e-07, 2.4061756676e-07, 2.29998960322e-07, 1.29829103912e-07, 2.75136585515e-07, 3.69336561334e-07, 1.78248043881e-07, 3.73582338398e-07, 5.4980415598e-07, 5.60271153915e-08, 2.95473823186e-09, 5.01474065723e-14],
        "max": [0.00150178489275, 0.0295528843999, 0.026926830411, 0.0302082132548, 0.0508231967688, 0.0337603986263, 0.0336056239903, 0.075218565762, 0.0347025282681, 0.0360153950751, 0.00875307712704, 0.00737926922739, 0.00744710164145, 0.00874567683786, 0.0137668158859, 0.00484506366774, 0.00646307179704, 0.00457735732198, 0.00268262461759, 0.00450861873105, 0.00705334031954, 0.00422446336597, 0.00923762656748, 0.00813913438469, 0.00308815785684, 0.000849798787385, 3.02685316456e-06],
        "mean": [0.000108847016236, 0.00414273235947, 0.00299347634427, 0.00179007265251, 0.0032194009982, 0.00213857437484, 0.00155733537395, 0.00197627930902, 0.00222114659846, 0.00235012872145, 0.000430696702097, 0.000617432058789, 0.000424956146162, 0.000635441334452, 0.0010942054214, 0.00050732359523, 0.000490896054544, 0.000503794755787, 0.000318755890476, 0.000594217155594, 0.000406067963922, 0.000435022317106, 0.000298325408949, 0.000259593594819, 0.000113091737148, 1.99194728339e-05, 1.41700740031e-08],
        "median": [5.37800333404e-05, 0.0028021344915, 0.00207408075221, 0.00100509310141, 0.00181136606261, 0.00099237554241, 0.000663890852593, 0.000650065718219, 0.000716728565749, 0.00140307284892, 0.000272217817837, 0.000406904058764, 0.0002602142049, 0.000415268033976, 0.000748100865167, 0.000397344498197, 0.000364439358236, 0.000358328281436, 0.000235296465689, 0.000446144986199, 0.000214292638702, 0.00032046175329, 0.000162943280884, 0.000100029232271, 3.79548291676e-05, 6.43397333988e-06, 6.36252162067e-10],
        "min": [1.53568407768e-07, 4.63779069833e-05, 2.02618575713e-05, 1.30130615617e-06, 3.99264354201e-05, 1.55681627803e-05, 1.50118294187e-05, 1.88498252101e-05, 2.13548064494e-05, 1.42882327054e-05, 1.1447425095e-05, 1.2071409401e-05, 2.08638939512e-05, 2.69569445663e-05, 2.43476370088e-05, 2.01656730496e-05, 1.17874951684e-05, 4.822750725e-06, 2.54820533883e-05, 1.30452563099e-05, 8.6633299361e-06, 3.70696693608e-06, 1.78495997716e-06, 8.05738551435e-08, 1.42008005355e-09, 2.58055077307e-10, 8.01649892301e-12],
        "var": [2.66952238093e-08, 1.44274208651e-05, 1.05123335743e-05, 6.43583643978e-06, 1.98808647838e-05, 9.45001193031e-06, 1.31127944769e-05, 3.50825212081e-05, 2.04365715035e-05, 8.72808413988e-06, 3.56227729981e-07, 5.28431939983e-07, 3.57742578672e-07, 5.53955146643e-07, 1.42997816965e-06, 1.89700344322e-07, 2.29029367915e-07, 2.42231692482e-07, 8.33125710642e-08, 2.4557107281e-07, 3.73632332185e-07, 1.68848359294e-07, 2.96501241337e-07, 5.87546992392e-07, 7.20519963693e-08, 3.02066371916e-09, 1.05057962316e-14]
    },
    "erbbands": {
        "dmean": [0.0741318687797, 0.747716546059, 2.37539935112, 3.51640439034, 7.18266630173, 7.7681889534, 8.24721050262, 11.1746311188, 11.5832958221, 9.46785926819, 26.1618518829, 22.5512428284, 17.0983371735, 44.9651641846, 10.0739030838, 12.0117053986, 10.2904033661, 14.3040781021, 29.5787620544, 18.7029323578, 12.4777746201, 12.2764530182, 12.2504682541, 8.68600082397, 8.24801254272, 13.7305850983, 11.2996788025, 7.49211359024, 7.44269037247, 4.6544137001, 4.11290073395, 3.64966773987, 1.7878357172, 0.86749714613, 0.411516457796, 0.0819318667054, 0.0209786575288, 0.000972669105977, 2.79526848317e-05, 1.13704809337e-05],
        "dmean2": [0.120386883616, 1.24742078781, 4.05766773224, 5.86468219757, 12.4955997467, 13.5258731842, 13.0080919266, 17.4337158203, 18.8796691895, 15.9671611786, 41.1751289368, 33.4960899353, 25.3001155853, 70.0021514893, 16.337430954, 18.7588062286, 16.7913036346, 22.8464851379, 48.6779251099, 30.1461315155, 20.6043300629, 20.0129261017, 20.0063533783, 14.229842186, 12.7458515167, 21.9844665527, 17.3354282379, 11.3169021606, 11.7894668579, 7.17099142075, 6.44851303101, 5.47328042984, 2.73204660416, 1.25439441204, 0.623983561993, 0.124365203083, 0.0328762121499, 0.00158096244559, 4.27338054578e-05, 1.75731074705e-05],
        "dvar": [0.00708013959229, 0.787234723568, 11.5790491104, 30.6698951721, 181.93977356, 271.973236084, 204.145553589, 464.068115234, 617.250671387, 560.304382324, 5683.78417969, 2078.98266602, 796.529296875, 5055.71289062, 202.4818573, 262.373260498, 241.233840942, 535.096313477, 1832.81311035, 862.871643066, 224.669509888, 297.928283691, 297.727081299, 124.526123047, 148.480773926, 262.498901367, 420.620544434, 232.217178345, 117.491821289, 114.741943359, 119.059402466, 209.424972534, 33.7747268677, 6.27821350098, 1.02703428268, 0.0660051628947, 0.00372679019347, 6.69610426485e-06, 4.49563142269e-09, 1.7920194495e-10],
        "dvar2": [0.0193734001368, 2.07746458054, 30.5726718903, 78.2830047607, 495.632507324, 734.946472168, 440.600463867, 1045.76586914, 1537.28479004, 1566.24645996, 12582.0390625, 3828.39086914, 1211.34509277, 13051.8095703, 424.879272461, 544.984863281, 552.045410156, 1270.39794922, 4519.04736328, 1536.05541992, 524.355651855, 713.359191895, 732.12298584, 286.170837402, 329.139801025, 581.366821289, 900.089538574, 521.772155762, 268.713348389, 281.504852295, 266.945861816, 430.043365479, 78.4176330566, 13.1620864868, 2.04560470581, 0.121696144342, 0.00776059227064, 1.72882082552e-05, 9.87440884614e-09, 3.75362047e-10],
        "max": [0.756781756878, 7.55436706543, 28.2633190155, 50.9761199951, 166.616928101, 142.127166748, 223.613372803, 287.684356689, 467.759185791, 624.361450195, 2055.22094727, 1059.35864258, 627.609069824, 1368.83691406, 319.5128479, 345.855804443, 266.839660645, 455.040405273, 833.147094727, 833.363342285, 218.206741333, 319.257568359, 280.137145996, 141.231750488, 143.098403931, 174.826568604, 333.174316406, 237.322570801, 150.637451172, 224.680831909, 242.190429688, 256.079315186, 94.4251174927, 46.9609107971, 15.9995803833, 5.52592277527, 1.39108157158, 0.0450244471431, 0.00131269765552, 0.000186766992556],
        "mean": [0.103544741869, 1.00282967091, 3.39773917198, 4.838804245, 8.43060684204, 10.1734390259, 15.8814163208, 17.1445446014, 21.4965419769, 20.9340667725, 57.9214324951, 57.8182563782, 38.4273109436, 79.1257553101, 22.013961792, 24.7977924347, 19.7751331329, 28.3837432861, 58.6953926086, 41.1169662476, 27.7585010529, 26.7965488434, 27.0500774384, 19.8059711456, 17.2746658325, 29.8124790192, 22.5714569092, 13.6865711212, 17.3067588806, 9.75050449371, 8.85954666138, 6.97329521179, 3.41044616699, 1.52645075321, 0.704137921333, 0.142263919115, 0.0322096385062, 0.00125516520347, 6.01446008659e-05, 4.18694762629e-05],
        "median": [0.0776198804379, 0.645781993866, 2.4634077549, 3.13530898094, 4.62853288651, 5.58652114868, 6.14476823807, 7.5308175087, 10.0112428665, 9.50214290619, 18.6958885193, 17.8872489929, 23.9808540344, 44.7245597839, 16.5918731689, 16.1635684967, 13.1272916794, 19.0112190247, 40.0049743652, 28.7638015747, 22.8081607819, 20.6667633057, 18.9941101074, 15.1192626953, 12.0296344757, 23.3565711975, 14.0762996674, 7.50828075409, 13.4666404724, 5.44812870026, 5.00762939453, 2.49355173111, 1.58794534206, 0.540627062321, 0.233894646168, 0.0491782203317, 0.00901674013585, 0.00029453841853, 3.18674938171e-05, 3.72330723621e-05],
        "min": [0.000706887221895, 0.0170532669872, 0.0695365443826, 0.00992424134165, 0.0374886468053, 0.103688567877, 0.172214061022, 0.308443129063, 0.195347115397, 0.399940729141, 1.07417738438, 0.743181526661, 1.24713170528, 1.84832417965, 1.30433118343, 1.0937911272, 1.73137593269, 1.87573480606, 3.28957772255, 0.888453722, 1.3739541769, 0.849519908428, 0.422608107328, 1.13671851158, 1.29764831066, 0.812125623226, 0.75919264555, 0.232654109597, 0.127743646502, 0.0999898314476, 0.0318175107241, 0.0070408238098, 0.00564038474113, 0.00149147293996, 5.97467369516e-05, 1.48908266056e-05, 5.56228724236e-06, 1.20251957014e-06, 5.50715230929e-06, 1.10987084554e-05],
        "var": [0.0102172270417, 0.901165723801, 12.1065130234, 30.2480659485, 144.883712769, 240.184570312, 768.755615234, 804.438598633, 1931.58483887, 2543.50537109, 27319.1464844, 15797.3994141, 3042.26904297, 11579.3701172, 505.217315674, 947.147033691, 538.672058105, 1180.93273926, 3674.8828125, 2868.29980469, 443.608459473, 605.492675781, 732.600036621, 266.69241333, 256.376922607, 554.219543457, 824.764526367, 372.317840576, 223.65814209, 209.880584717, 255.200195312, 478.861999512, 79.1666564941, 14.3140907288, 2.40511631966, 0.145511418581, 0.00770655879751, 9.83152403933e-06, 9.91686199825e-09, 4.98957652972e-10]
    },
    "gfcc": {
        "mean": [47.3100585938, 88.4825286865, -134.266937256, 50.8327522278, -70.5314941406, 26.5745449066, -36.9196014404, 12.5807380676, -19.9232635498, 0.893907785416, -19.2039585114, -5.19257497787, -3.86263728142],
        "cov": [[691.073791504, -340.317718506, 109.015579224, -15.9952249527, -77.0210647583, -14.1933937073, -78.0911254883, 17.8239021301, -72.1479644775, 63.6770553589, -54.4458999634, 59.5613937378, -46.9609870911], [-340.317718506, 468.001312256, -94.7890090942, 17.1695976257, 42.8128700256, -57.6308059692, 73.6156005859, -42.6751480103, 59.5991630554, -79.7606658936, 59.7568016052, -62.4955749512, 37.4476699829], [109.015579224, -94.7890090942, 199.589401245, 21.6714477539, 10.8870363235, 13.9249572754, -36.7248420715, 11.0920791626, -26.1545391083, 34.300693512, -18.2445812225, 28.2796649933, -17.1176986694], [-15.9952249527, 17.1695976257, 21.6714477539, 154.454879761, 44.6627388, 27.0082817078, -5.95460367203, -14.6097192764, 7.8421626091, -13.8854351044, 10.8423051834, -21.475736618, 37.5838127136], [-77.0210647583, 42.8128700256, 10.8870363235, 44.6627388, 136.766143799, 29.9826583862, 27.8475589752, 5.26728010178, -0.288342446089, 8.17923355103, -12.1111917496, 5.46347093582, 0.0926690846682], [-14.1933937073, -57.6308059692, 13.9249572754, 27.0082817078, 29.9826583862, 107.754325867, 39.1361236572, 26.3635101318, 4.023250103, -3.91865706444, 5.05514478683, -1.47402822971, 7.2050409317], [-78.0911254883, 73.6156005859, -36.7248420715, -5.95460367203, 27.8475589752, 39.1361236572, 107.886962891, 39.4686546326, 14.3707866669, -19.2832183838, 0.995677351952, -17.5088157654, -2.74539875984], [17.8239021301, -42.6751480103, 11.0920791626, -14.6097192764, 5.26728010178, 26.3635101318, 39.4686546326, 71.2042922974, 22.5493183136, 14.6720504761, -10.7141714096, 0.934207677841, -10.8410806656], [-72.1479644775, 59.5991630554, -26.1545391083, 7.8421626091, -0.288342446089, 4.023250103, 14.3707866669, 22.5493183136, 88.3691482544, 9.28340816498, 19.3863735199, -19.967376709, 0.168205738068], [63.6770553589, -79.7606658936, 34.300693512, -13.8854351044, 8.17923355103, -3.91865706444, -19.2832183838, 14.6720504761, 9.28340816498, 83.0102920532, 7.6734161377, 23.9258365631, -13.1735391617], [-54.4458999634, 59.7568016052, -18.2445812225, 10.8423051834, -12.1111917496, 5.05514478683, 0.995677351952, -10.7141714096, 19.3863735199, 7.6734161377, 62.0550689697, 7.73231697083, 15.891043663], [59.5613937378, -62.4955749512, 28.2796649933, -21.475736618, 5.46347093582, -1.47402822971, -17.5088157654, 0.934207677841, -19.967376709, 23.9258365631, 7.73231697083, 72.1969833374, 6.05203580856], [-46.9609870911, 37.4476699829, -17.1176986694, 37.5838127136, 0.0926690846682, 7.2050409317, -2.74539875984, -10.8410806656, 0.168205738068, -13.1735391617, 15.891043663, 6.05203580856, 64.5572357178]],
        "icov": [[0.00272464146838, 0.00121072097681, -0.00024576112628, -0.0011645819759, 0.00160025293007, 0.00073563400656, -8.73810859048e-06, -0.000320818362525, 0.00103558239061, -0.000708392180968, 0.00110327196307, -0.00127286277711, 0.00145437160973], [0.00121072097681, 0.00997765641659, -0.00224129576236, 0.0029089434538, -0.00537932803854, 0.00921274349093, -0.00776224769652, 0.00575445732102, -0.00471454672515, 0.00730196153745, -0.00943388324231, 0.00566544663161, -0.00428567826748], [-0.00024576112628, -0.00224129576236, 0.00763379409909, -0.0029181255959, 0.00154928513803, -0.00334355793893, 0.00437350431457, -0.00347255822271, 0.00294592953287, -0.00340492720716, 0.00362069602124, -0.00341729447246, 0.00354475388303], [-0.0011645819759, 0.0029089434538, -0.0029181255959, 0.01262888778, -0.00680447835475, 0.00120649742894, -0.000743007054552, 0.0032998858951, -0.00302481162362, 0.00425541913137, -0.00607974920422, 0.00782233197242, -0.00862341746688], [0.00160025293007, -0.00537932803854, 0.00154928513803, -0.00680447835475, 0.0151077555493, -0.00683405203745, 0.000930799986236, -0.00111303420272, 0.00309037114494, -0.00776787986979, 0.0110502261668, -0.00788058619946, 0.00567594589666], [0.00073563400656, 0.00921274349093, -0.00334355793893, 0.00120649742894, -0.00683405203745, 0.0211496017873, -0.010582357645, 0.00158690742683, -0.00347992801107, 0.00786243099719, -0.0113061862066, 0.00546453939751, -0.00504778465256], [-8.73810859048e-06, -0.00776224769652, 0.00437350431457, -0.000743007054552, 0.000930799986236, -0.010582357645, 0.0238148141652, -0.0149809271097, 0.0058576380834, -0.00167305604555, 0.00439095171168, -0.00163474329747, 0.00448098918423], [-0.000320818362525, 0.00575445732102, -0.00347255822271, 0.0032998858951, -0.00111303420272, 0.00158690742683, -0.0149809271097, 0.029947720468, -0.0108632547781, -0.000460637587821, 0.00169217819348, 0.000882182619534, -0.00276166480035], [0.00103558239061, -0.00471454672515, 0.00294592953287, -0.00302481162362, 0.00309037114494, -0.00347992801107, 0.0058576380834, -0.0108632547781, 0.0196201186627, -0.00624827854335, -0.000695108261425, 0.0015418655239, 0.00353939295746], [-0.000708392180968, 0.00730196153745, -0.00340492720716, 0.00425541913137, -0.00776787986979, 0.00786243099719, -0.00167305604555, -0.000460637587821, -0.00624827854335, 0.0236841086298, -0.0124410334975, 0.00172585563269, -0.00139617733657], [0.00110327196307, -0.00943388324231, 0.00362069602124, -0.00607974920422, 0.0110502261668, -0.0113061862066, 0.00439095171168, 0.00169217819348, -0.000695108261425, -0.0124410334975, 0.0341907329857, -0.0122838327661, 0.00268976134248], [-0.00127286277711, 0.00566544663161, -0.00341729447246, 0.00782233197242, -0.00788058619946, 0.00546453939751, -0.00163474329747, 0.000882182619534, 0.0015418655239, 0.00172585563269, -0.0122838327661, 0.0257146023214, -0.00923110451549], [0.00145437160973, -0.00428567826748, 0.00354475388303, -0.00862341746688, 0.00567594589666, -0.00504778465256, 0.00448098918423, -0.00276166480035, 0.00353939295746, -0.00139617733657, 0.00268976134248, -0.00923110451549, 0.0251855328679]]
    },
    "melbands": {
        "dmean": [0.00073105073534, 0.00109995878302, 0.000674147158861, 0.000574941805098, 0.000275014899671, 0.00024061613658, 0.000176517249201, 0.000112956156954, 0.00021173179266, 0.000134034940857, 8.93489050213e-05, 0.000197789893718, 3.64206971426e-05, 3.81758982257e-05, 2.52981353697e-05, 2.45299088419e-05, 2.87440052489e-05, 4.88871228299e-05, 3.19235223287e-05, 2.14481260628e-05, 1.56074693223e-05, 1.35930795295e-05, 1.38159512062e-05, 1.22319879665e-05, 7.14156658432e-06, 6.94315758665e-06, 6.45221280138e-06, 1.08477643153e-05, 8.52871926327e-06, 5.3993048823e-06, 4.33764125773e-06, 4.84805559609e-06, 3.68746964341e-06, 2.52148379332e-06, 2.43277213485e-06, 2.732765779e-06, 2.27199006986e-06, 1.50063931414e-06, 7.77945274422e-07, 8.132155358e-07],
        "dmean2": [0.00120472884737, 0.00186107528862, 0.00112581753638, 0.00100065418519, 0.000441567914095, 0.000373572314857, 0.000289209157927, 0.000185433731531, 0.000333522591973, 0.000197315472178, 0.000133798239403, 0.00030667820829, 5.95607853029e-05, 6.12518415437e-05, 3.8946604036e-05, 4.04012134823e-05, 4.60004557681e-05, 8.12637445051e-05, 5.17310472787e-05, 3.46227752743e-05, 2.6055793569e-05, 2.25426774705e-05, 2.25937601499e-05, 2.05395281228e-05, 1.1784210983e-05, 1.12609786811e-05, 1.01140967672e-05, 1.78131576831e-05, 1.35806239996e-05, 8.16308238427e-06, 6.81580377204e-06, 7.90998001321e-06, 5.73122906644e-06, 3.95893766836e-06, 3.95653796659e-06, 4.10259599448e-06, 3.41283589478e-06, 2.35196671383e-06, 1.16967294161e-06, 1.20884726584e-06],
        "dvar": [7.14231816801e-07, 2.08473215935e-06, 1.22443873352e-06, 1.36619075874e-06, 2.1643293735e-07, 2.01355888407e-07, 1.52398399678e-07, 6.47507008011e-08, 3.35661127338e-07, 6.84316674437e-08, 2.0370716669e-08, 9.57484616038e-08, 3.03241720623e-09, 2.16483853066e-09, 2.63785571164e-09, 1.40705602725e-09, 2.04667838233e-09, 5.11065456621e-09, 1.99498306763e-09, 8.84448070337e-10, 3.60887597584e-10, 3.97737065505e-10, 4.34024621798e-10, 2.95722918375e-10, 8.70175528855e-11, 9.74930830511e-11, 9.43031971956e-11, 1.64440724926e-10, 2.57475069043e-10, 1.21664733843e-10, 7.65500440814e-11, 4.09978891114e-11, 4.48559904498e-11, 4.79696352085e-11, 4.00750405083e-11, 7.56174567407e-11, 9.039056309e-11, 2.49053278001e-11, 5.42302877951e-12, 5.16447648535e-12],
        "dvar2": [1.91543767869e-06, 5.4246934269e-06, 3.16412410939e-06, 3.72985095964e-06, 4.97701307722e-07, 4.50191180335e-07, 3.91108670783e-07, 1.62368777978e-07, 7.53080371396e-07, 1.24155704384e-07, 3.18686304013e-08, 2.47210550697e-07, 6.43685327262e-09, 5.14425613218e-09, 4.92003859875e-09, 3.46319906086e-09, 4.72429251275e-09, 1.29569937002e-08, 3.98667543422e-09, 1.82563708595e-09, 8.87290518836e-10, 9.959477687e-10, 1.03841157895e-09, 7.67221119968e-10, 1.98908930993e-10, 2.26900220834e-10, 2.08509917665e-10, 3.91094517882e-10, 6.14242878783e-10, 2.52101728382e-10, 1.84498152866e-10, 9.93634757807e-11, 9.1941114444e-11, 1.29342911381e-10, 1.00458467933e-10, 1.46274478641e-10, 1.98225172388e-10, 6.27610741155e-11, 1.10631703451e-11, 1.11102160458e-11],
        "max": [0.00706978794187, 0.0110689904541, 0.0115776350722, 0.0122238444164, 0.00744767813012, 0.00638996437192, 0.00674880528823, 0.0055468659848, 0.0151819828898, 0.00591413071379, 0.0030456611421, 0.00603586854413, 0.00134952331427, 0.00069309322862, 0.00139995466452, 0.000789515324868, 0.000884534325451, 0.00122487021144, 0.000808621291071, 0.000685078965034, 0.000263839756371, 0.00038239377318, 0.00039399479283, 0.0003097106528, 0.000110422821308, 0.000127386272652, 0.000124246143969, 0.000152912485646, 0.000240350826061, 0.000192925552255, 0.000130910237203, 8.70673102327e-05, 0.000141732423799, 0.000167227859492, 0.000158706723596, 0.00017525414296, 0.000161971867783, 7.98547262093e-05, 4.49385261163e-05, 4.31640946772e-05],
        "mean": [0.00104175054003, 0.00164049910381, 0.000943513296079, 0.000710748950951, 0.000518173328601, 0.000382541678846, 0.000334514828864, 0.000243073591264, 0.000498936627991, 0.000323753658449, 0.000187644429388, 0.00034227661672, 6.82327809045e-05, 7.22141048755e-05, 4.81242714159e-05, 4.33357454312e-05, 5.25196446688e-05, 9.21290411497e-05, 6.76148483763e-05, 4.23171441071e-05, 3.10489667754e-05, 2.66697297775e-05, 2.76794708043e-05, 2.36754622165e-05, 1.47897917486e-05, 1.29787877086e-05, 1.24045291159e-05, 2.21376722038e-05, 1.62790820468e-05, 8.7319258455e-06, 7.33119350116e-06, 1.06807447082e-05, 7.33069055059e-06, 4.69258839075e-06, 4.88215982841e-06, 5.4112356338e-06, 3.72211957256e-06, 2.63443916992e-06, 1.3969771544e-06, 1.26750387608e-06],
        "median": [0.000758648733608, 0.00117965461686, 0.000614210264757, 0.000408507796237, 0.000212879647734, 0.000175897992449, 0.000150920895976, 0.000107224164822, 0.000154414359713, 0.000102718149719, 0.000107077954453, 0.000191132057807, 4.75562410429e-05, 5.07252661919e-05, 2.7869889891e-05, 2.72404377029e-05, 3.31627488777e-05, 6.18538979325e-05, 4.87656616315e-05, 2.84211437247e-05, 2.33609262068e-05, 2.02322898986e-05, 1.75905661308e-05, 1.71832507476e-05, 1.09990687633e-05, 9.64528680925e-06, 7.49907894715e-06, 1.77754427568e-05, 1.0621477486e-05, 3.90128798244e-06, 4.24108611696e-06, 8.63024888531e-06, 4.57670830656e-06, 2.43979275183e-06, 2.99803855341e-06, 2.42515920945e-06, 1.01875366454e-06, 1.22666745028e-06, 5.66067399177e-07, 4.25539894877e-07],
        "min": [1.04524569906e-05, 3.23084022966e-05, 1.38867426358e-06, 4.99744601257e-06, 2.13281509787e-06, 6.46783610136e-06, 2.02384217118e-06, 4.44879378847e-06, 5.68873520024e-06, 3.77471474167e-06, 1.39415942613e-06, 2.82218229586e-06, 3.41830286743e-06, 1.50200423832e-06, 2.49141112363e-06, 2.16920443563e-06, 1.49662264448e-06, 3.90844797948e-06, 1.50118569309e-06, 1.35679670166e-06, 1.61407922405e-06, 6.44174519948e-07, 5.67928623241e-07, 1.61779041719e-07, 6.7222032385e-07, 1.02614535535e-06, 4.98499161949e-07, 4.80477524434e-07, 4.84948600388e-07, 1.94641913254e-07, 8.57458246628e-08, 6.55573657582e-08, 7.97146668674e-08, 4.42322516392e-08, 1.77477303964e-08, 3.4801230786e-09, 7.67380603506e-10, 2.89838725936e-11, 2.38869679592e-09, 3.66647467595e-12],
