{
"highlevel": {
    "danceability": {
        "all": {
            "danceable": 2.62055284139e-08,
            "not_danceable": 1
        },
        "probability": 1,
        "value": "not_danceable"
    },
    "gender": {
        "all": {
            "female": 0.68316245079,
            "male": 0.31683754921
        },
        "probability": 0.68316245079,
        "value": "female"
    },
    "genre_dortmund": {
        "all": {
            "alternative": 0.194756373763,
            "blues": 0.0167885571718,
            "electronic": 0.0324646569788,
            "folkcountry": 0.029367050156,
            "funksoulrnb": 0.00530016142875,
            "jazz": 0.00756714027375,
            "pop": 0.0210949201137,
            "raphiphop": 0.00603807345033,
            "rock": 0.686623036861
        },
        "probability": 0.686623036861,
        "value": "rock"
    },
    "genre_electronic": {
        "all": {
            "ambient": 0.140911728144,
            "dnb": 0.0634069144726,
            "house": 0.0372673273087,
            "techno": 0.0132135236636,
            "trance": 0.745200514793
        },
        "probability": 0.745200514793,
        "value": "trance"
    },
    "genre_rosamerica": {
        "all": {
            "cla": 0.000188943769899,
            "dan": 0.00199391692877,
            "hip": 0.00565967522562,
            "jaz": 5.85076995776e-05,
            "pop": 0.00754936505109,
            "rhy": 0.000186204342754,
            "roc": 0.984312057495,
            "spe": 5.13339728059e-05
        },
        "probability": 0.984312057495,
        "value": "roc"
    },
    "genre_tzanetakis": {
        "all": {
            "blu": 0.0626541376114,
            "cla": 0.0348133966327,
            "cou": 0.0783501937985,
            "dis": 0.104547761381,
            "hip": 0.15693578124,
            "jaz": 0.313987255096,
            "met": 0.044816005975,
            "pop": 0.0627349764109,
            "reg": 0.0627352520823,
            "roc": 0.0784252434969
        },
        "probability": 0.313987255096,
        "value": "jaz"
    },
    "ismir04_rhythm": {
        "all": {
            "ChaChaCha": 0.588497638702,
            "Jive": 0.184803798795,
            "Quickstep": 0.0118768606335,
            "Rumba-American": 0.00725491158664,
            "Rumba-International": 0.00492997653782,
            "Rumba-Misc": 0.00346556375735,
            "Samba": 0.127194643021,
            "Tango": 0.0183331351727,
            "VienneseWaltz": 0.0501284971833,
            "Waltz": 0.00351499579847
        },
        "probability": 0.588497638702,
        "value": "ChaChaCha"
    },
    "mood_acoustic": {
        "all": {
            "acoustic": 2.73894625025e-06,
            "not_acoustic": 0.999997258186
        },
        "probability": 0.999997258186,
        "value": "not_acoustic"
    },
    "mood_aggressive": {
        "all": {
            "aggressive": 0.999825954437,
            "not_aggressive": 0.000174041066202
        },
        "probability": 0.999825954437,
        "value": "aggressive"
    },
    "mood_electronic": {
        "all": {
            "electronic": 0.53091186285,
            "not_electronic": 0.46908813715
        },
        "probability": 0.53091186285,
        "value": "electronic"
    },
    "mood_happy": {
        "all": {
            "happy": 0.624744236469,
            "not_happy": 0.375255733728
        },
        "probability": 0.624744236469,
        "value": "happy"
    },
    "mood_party": {
        "all": {
            "not_party": 0.18328922987,
            "party": 0.81671077013
        },
        "probability": 0.81671077013,
        "value": "party"
    },
    "mood_relaxed": {
        "all": {
            "not_relaxed": 0.990898787975,
            "relaxed": 0.00910120550543
        },
        "probability": 0.990898787975,
        "value": "not_relaxed"
    },
    "mood_sad": {
        "all": {
            "not_sad": 0.991523146629,
            "sad": 0.00847687851638
        },
        "probability": 0.991523146629,
        "value": "not_sad"
    },
    "moods_mirex": {
        "all": {
            "Cluster1": 0.456622928381,
            "Cluster2": 0.0659694746137,
            "Cluster3": 0.0361861847341,
            "Cluster4": 0.0253622662276,
            "Cluster5": 0.415859133005
        },
        "probability": 0.456622928381,
        "value": "Cluster1"
    },
    "timbre": {
        "all": {
            "bright": 0.42872479558,
            "dark": 0.571275234222
        },
        "probability": 0.571275234222,
        "value": "dark"
    },
    "tonal_atonal": {
        "all": {
            "atonal": 0.0176368895918,
            "tonal": 0.98236310482
        },
        "probability": 0.98236310482,
        "value": "tonal"
    },
    "voice_instrumental": {
        "all": {
            "instrumental": 0.00255620991811,
            "voice": 0.997443795204
        },
        "probability": 0.997443795204,
        "value": "voice"
    }
},
"lowlevel": {
    "average_loudness": 0.982084870338,
    "barkbands_crest": {
        "dmean": 2.61140704155,
        "dmean2": 4.31220769882,
        "dvar": 8.18698215485,
        "dvar2": 21.3195152283,
        "max": 22.6679706573,
        "mean": 6.84665632248,
        "median": 5.65363740921,
        "min": 1.76358103752,
        "var": 12.9634151459
    },
    "barkbands_flatness_db": {
        "dmean": 0.0156005676836,
        "dmean2": 0.0256643723696,
        "dvar": 0.00025575212203,
        "dvar2": 0.000613588956185,
        "max": 0.278133422136,
        "mean": 0.0923178717494,
        "median": 0.0840574428439,
        "min": 0.0446916222572,
        "var": 0.00096810713876
    },
    "barkbands_kurtosis": {
        "dmean": 0.944299936295,
        "dmean2": 1.55830228329,
        "dvar": 2.33391213417,
        "dvar2": 5.86789035797,
        "max": 12.0671691895,
        "mean": -0.341999799013,
        "median": -0.956358671188,
        "min": -1.86289191246,
        "var": 2.81139039993
    },
    "barkbands_skewness": {
        "dmean": 0.433146715164,
        "dmean2": 0.672863781452,
        "dvar": 0.207049101591,
        "dvar2": 0.467355847359,
        "max": 3.53590512276,
        "mean": 0.652144372463,
        "median": 0.555308938026,
        "min": -1.50122523308,
        "var": 0.416714191437
    },
    "barkbands_spread": {
        "dmean": 6.58905935287,
        "dmean2": 10.3576135635,
        "dvar": 47.7751960754,
        "dvar2": 114.44380188,
        "max": 81.2027282715,
        "mean": 42.7486991882,
        "median": 45.2577171326,
        "min": 6.04772853851,
        "var": 178.534988403
    },
    "dissonance": {
        "dmean": 0.0102274231613,
        "dmean2": 0.0172843132168,
        "dvar": 0.000142234872328,
        "dvar2": 0.000382538564736,
        "max": 0.500000119209,
        "mean": 0.482318162918,
        "median": 0.487133264542,
        "min": 0.355890393257,
        "var": 0.000301476131426
    },
    "dynamic_complexity": 1.24562239647,
    "erbbands_crest": {
        "dmean": 2.05634331703,
        "dmean2": 3.39280438423,
        "dvar": 5.40215682983,
        "dvar2": 14.153629303,
        "max": 27.1736373901,
        "mean": 6.51146364212,
        "median": 5.25438070297,
        "min": 2.28697037697,
        "var": 14.3511199951
    },
    "erbbands_flatness_db": {
        "dmean": 0.0126046435907,
        "dmean2": 0.019220277667,
        "dvar": 0.000151649001054,
        "dvar2": 0.000313123397063,
        "max": 0.320190995932,
        "mean": 0.135336086154,
        "median": 0.125426188111,
        "min": 0.0808181241155,
        "var": 0.00126917578746
    },
    "erbbands_kurtosis": {
        "dmean": 0.605690956116,
        "dmean2": 0.976456403732,
        "dvar": 0.473255217075,
        "dvar2": 1.13550055027,
        "max": 7.7235994339,
        "mean": 0.0710363611579,
        "median": -0.108403921127,
        "min": -1.46641492844,
        "var": 1.03216910362
    },
    "erbbands_skewness": {
        "dmean": 0.251201510429,
        "dmean2": 0.390568941832,
        "dvar": 0.0618695542216,
        "dvar2": 0.128989547491,
        "max": 2.64898109436,
        "mean": -0.298663139343,
        "median": -0.441922754049,
        "min": -1.28517460823,
        "var": 0.365626752377
    },
    "erbbands_spread": {
        "dmean": 7.35620880127,
        "dmean2": 11.7311840057,
        "dvar": 46.6160469055,
        "dvar2": 111.139938354,
        "max": 85.0327606201,
        "mean": 41.2286186218,
        "median": 40.4510917664,
        "min": 7.70591640472,
        "var": 140.62310791
    },
    "hfc": {
        "dmean": 7.93712520599,
        "dmean2": 11.8753137589,
        "dvar": 88.5376052856,
        "dvar2": 175.668548584,
        "max": 193.674636841,
        "mean": 40.4225006104,
        "median": 36.843963623,
        "min": 7.6099562645,
        "var": 336.440185547
    },
    "melbands_crest": {
        "dmean": 3.54303193092,
        "dmean2": 5.99233388901,
        "dvar": 13.3073692322,
        "dvar2": 34.1681938171,
        "max": 32.2795181274,
        "mean": 12.1933727264,
        "median": 11.2585058212,
        "min": 3.85602474213,
        "var": 20.4149055481
    },
    "melbands_flatness_db": {
        "dmean": 0.0233833361417,
        "dmean2": 0.0371037982404,
        "dvar": 0.000661225698423,
        "dvar2": 0.00149054673966,
        "max": 0.261844962835,
        "mean": 0.113302394748,
        "median": 0.107155509293,
        "min": 0.0294693801552,
        "var": 0.00124477187637
    },
    "melbands_kurtosis": {
        "dmean": 4.00118780136,
        "dmean2": 6.63362884521,
        "dvar": 40.8207817078,
        "dvar2": 101.624397278,
        "max": 52.2385444641,
        "mean": 5.13204050064,
        "median": 3.19647932053,
        "min": -1.41500771046,
        "var": 42.7360725403
    },
    "melbands_skewness": {
        "dmean": 0.646612823009,
        "dmean2": 1.02604413033,
        "dvar": 0.566022098064,
        "dvar2": 1.31344842911,
        "max": 6.72758340836,
        "mean": 2.0209748745,
        "median": 1.88768434525,
        "min": -1.01344072819,
        "var": 0.979532003403
    },
    "melbands_spread": {
        "dmean": 12.3151817322,
        "dmean2": 18.9756603241,
        "dvar": 138.168533325,
        "dvar2": 280.779815674,
        "max": 167.693466187,
        "mean": 48.2254295349,
        "median": 47.5765724182,
        "min": 7.63682413101,
        "var": 399.196258545
    },
    "pitch_salience": {
        "dmean": 0.0690373852849,
        "dmean2": 0.116393335164,
        "dvar": 0.00429027155042,
        "dvar2": 0.0121607528999,
        "max": 0.804508149624,
        "mean": 0.600962996483,
        "median": 0.608681678772,
        "min": 0.241411983967,
        "var": 0.00736634340137
    },
    "silence_rate_20dB": {
        "dmean": 0,
        "dmean2": 0,
        "dvar": 0,
        "dvar2": 0,
        "max": 1,
        "mean": 1,
        "median": 1,
        "min": 1,
        "var": 0
    },
    "silence_rate_30dB": {
        "dmean": 0.00154798757285,
        "dmean2": 0.00309837330133,
        "dvar": 0.00154558382928,
        "dvar2": 0.00463792169467,
        "max": 1,
        "mean": 0.999226629734,
        "median": 1,
        "min": 0,
        "var": 0.000772795814555
    },
    "silence_rate_60dB": {
        "dmean": 0.00464396271855,
        "dmean2": 0.00929511990398,
        "dvar": 0.00462233927101,
        "dvar2": 0.0107581084594,
        "max": 1,
        "mean": 0.00541376648471,
        "median": 0,
        "min": 0,
        "var": 0.00538433995098
    },
    "spectral_centroid": {
        "dmean": 272.049713135,
        "dmean2": 426.964752197,
        "dvar": 65606.8203125,
        "dvar2": 152404.6875,
        "max": 4095.10693359,
        "mean": 2341.57006836,
        "median": 2370.62939453,
        "min": 781.372375488,
        "var": 214759.96875
    },
    "spectral_complexity": {
        "dmean": 4.61145496368,
        "dmean2": 6.85747480392,
        "dvar": 14.9001588821,
        "dvar2": 29.9269790649,
        "max": 58,
        "mean": 36.3395195007,
        "median": 37,
        "min": 4,
        "var": 91.1989440918
    },
    "spectral_decrease": {
        "dmean": 3.00860047986e-09,
        "dmean2": 4.75737316208e-09,
        "dvar": 2.4889879521e-17,
        "dvar2": 5.90980710651e-17,
        "max": -2.75475919853e-10,
        "mean": -7.24861770607e-09,
        "median": -5.61311885861e-09,
        "min": -3.6446468954e-08,
        "var": 2.7958254718e-17
    },
    "spectral_energy": {
        "dmean": 0.0118002844974,
        "dmean2": 0.0185677502304,
        "dvar": 0.000368407461792,
        "dvar2": 0.000870320887771,
        "max": 0.143979623914,
        "mean": 0.0310243926942,
        "median": 0.0247112326324,
        "min": 0.00172995659523,
        "var": 0.000430414074799
    },
    "spectral_energyband_high": {
        "dmean": 0.000796413572971,
        "dmean2": 0.00118690368254,
        "dvar": 1.04998957795e-06,
        "dvar2": 1.83762733741e-06,
        "max": 0.0243441089988,
        "mean": 0.00317182647996,
        "median": 0.00268218177371,
        "min": 0.000188481033547,
        "var": 4.49782055512e-06
    },
    "spectral_energyband_low": {
        "dmean": 0.00819850899279,
        "dmean2": 0.0137953218073,
        "dvar": 0.000279505213257,
        "dvar2": 0.000712511129677,
        "max": 0.103240475059,
        "mean": 0.0107953716069,
        "median": 0.00697125168517,
        "min": 2.77769089507e-07,
        "var": 0.000246016774327
    },
    "spectral_energyband_middle_high": {
        "dmean": 0.00229321233928,
        "dmean2": 0.00350487860851,
        "dvar": 9.81932771538e-06,
        "dvar2": 2.10705238715e-05,
        "max": 0.0490976013243,
        "mean": 0.0091720726341,
        "median": 0.00757815223187,
        "min": 0.000423252262408,
        "var": 3.52194256266e-05
    },
    "spectral_energyband_middle_low": {
        "dmean": 0.00501042278484,
        "dmean2": 0.00842196214944,
        "dvar": 6.8058114266e-05,
        "dvar2": 0.000184194548638,
        "max": 0.0677920207381,
        "mean": 0.00934285856783,
        "median": 0.00703430036083,
        "min": 7.33176275389e-05,
        "var": 6.51141162962e-05
    },
    "spectral_entropy": {
        "dmean": 0.0749405547976,
        "dmean2": 0.115241229534,
        "dvar": 0.00536199659109,
        "dvar2": 0.011048658751,
        "max": 8.68030738831,
        "mean": 8.03607082367,
        "median": 8.05381298065,
        "min": 7.39690494537,
        "var": 0.0237601418048
    },
    "spectral_flux": {
        "dmean": 0.0271272007376,
        "dmean2": 0.0390318892896,
        "dvar": 0.00113104330376,
        "dvar2": 0.00192660442553,
        "max": 0.297331422567,
        "mean": 0.107733681798,
        "median": 0.0904171392322,
        "min": 0.0257281027734,
        "var": 0.00241375854239
    },
    "spectral_kurtosis": {
        "dmean": 0.633312284946,
        "dmean2": 1.06910085678,
        "dvar": 0.350813001394,
        "dvar2": 0.94332242012,
        "max": 9.414894104,
        "mean": 1.91843318939,
        "median": 1.79998064041,
        "min": -0.418291807175,
        "var": 0.82588404417
    },
    "spectral_rms": {
        "dmean": 0.000897109217476,
        "dmean2": 0.00137102941517,
        "dvar": 1.45340686686e-06,
        "dvar2": 3.1984202451e-06,
        "max": 0.0118519160897,
        "mean": 0.00528539624065,
        "median": 0.0049100429751,
        "min": 0.00129913911223,
        "var": 2.33234914049e-06
    },
    "spectral_rolloff": {
        "dmean": 821.995056152,
        "dmean2": 1305.80358887,
        "dvar": 818971.625,
        "dvar2": 1789209,
        "max": 9926.80664062,
        "mean": 3156.95483398,
        "median": 3079.24804688,
        "min": 129.19921875,
        "var": 2074038.5
    },
    "spectral_skewness": {
        "dmean": 0.119981043041,
        "dmean2": 0.194540336728,
        "dvar": 0.0112256146967,
        "dvar2": 0.025457277894,
        "max": 2.28759145737,
        "mean": 0.937295198441,
        "median": 0.91410946846,
        "min": 0.356437444687,
        "var": 0.0392088666558
    },
    "spectral_spread": {
        "dmean": 356737.6875,
        "dmean2": 551351.75,
        "dvar": 155080196096,
        "dvar2": 294521733120,
        "max": 10577055,
        "mean": 4644545,
        "median": 4578002,
        "min": 2635681.25,
        "var": 548091953152
    },
    "spectral_strongpeak": {
        "dmean": 0.482550024986,
        "dmean2": 0.804391443729,
        "dvar": 0.719429910183,
        "dvar2": 1.77095794678,
        "max": 8.22963905334,
        "mean": 0.769839644432,
        "median": 0.295715391636,
        "min": 0,
        "var": 1.40887498856
    },
    "zerocrossingrate": {
        "dmean": 0.0122142117471,
        "dmean2": 0.0148961711675,
        "dvar": 0.000141819691635,
        "dvar2": 0.000170288883965,
        "max": 0.2900390625,
        "mean": 0.103751644492,
        "median": 0.1015625,
        "min": 0.03857421875,
        "var": 0.000854303361848
    },
    "barkbands": {
        "dmean": [0.000621205428615, 0.00588865159079, 0.00228514103219, 0.00151928910054, 0.00228896527551, 0.000632312032394, 0.000738647533581, 0.000685071048792, 0.000733050925191, 0.000969674263615, 0.000396048184484, 0.000589256756939, 0.000418618554249, 0.000572384684347, 0.000514506129548, 0.000657239928842, 0.000378560856916, 0.00023986454471, 0.000301319465507, 0.000338418205502, 0.000321925967, 0.000334196636686, 0.000207131772186, 0.000121512035548, 6.02053041803e-05, 3.66238418792e-05, 4.76951527162e-08],
        "dmean2": [0.00101479806472, 0.0103945219889, 0.0040759476833, 0.00261337705888, 0.00396744301543, 0.00104684056714, 0.00123320077546, 0.00116811727639, 0.00119815266225, 0.00144268071745, 0.000615118013229, 0.000934676732868, 0.000691004563123, 0.000943949678913, 0.000851643562783, 0.00110220641363, 0.000620549486484, 0.000400256772991, 0.000493253988679, 0.000549606687855, 0.0005126700853, 0.000532237696461, 0.000329157017404, 0.000183463285794, 8.90838855412e-05, 5.88915318076e-05, 8.33441973214e-08],
        "dvar": [1.67919654359e-06, 0.000161848511198, 2.43727427005e-05, 7.18530509403e-06, 2.38019856624e-05, 1.07769574242e-06, 1.60402817073e-06, 1.84660302693e-06, 3.06856668431e-06, 5.61706974622e-06, 9.32644979912e-07, 3.16207228934e-06, 6.22839479547e-07, 5.99631675868e-07, 6.42920440441e-07, 1.17677041089e-06, 2.77808936744e-07, 8.80283650417e-08, 9.63337001281e-08, 1.13212749397e-07, 1.06650546172e-07, 1.64973059213e-07, 1.57747777507e-07, 6.72210376251e-08, 3.20500994633e-08, 4.01168875896e-09, 3.19315463014e-14],
        "dvar2": [4.19634079663e-06, 0.000426437938586, 6.94090194884e-05, 1.93722535187e-05, 6.60259465803e-05, 2.84797533823e-06, 4.19218395109e-06, 4.70414033771e-06, 6.96501183484e-06, 1.09859347504e-05, 1.74275112386e-06, 7.38168273529e-06, 1.63345373494e-06, 1.52194616021e-06, 1.60719980613e-06, 3.13127634399e-06, 6.68775555823e-07, 2.39686016812e-07, 2.34581321479e-07, 2.79752555343e-07, 2.65135270183e-07, 4.1118684635e-07, 3.23796740531e-07, 1.13482101938e-07, 5.22674916681e-08, 9.96599247571e-09, 6.58444856256e-14],
        "max": [0.00918305758387, 0.0880646258593, 0.0432735979557, 0.022464774549, 0.040129866451, 0.0124356439337, 0.0129679339007, 0.0176404584199, 0.0244718249887, 0.0317685380578, 0.0295122377574, 0.0249613914639, 0.00878779496998, 0.0149036655203, 0.0105600794777, 0.0178591664881, 0.0114729767665, 0.00544588454068, 0.00448289234191, 0.0035655030515, 0.00366749567911, 0.0060412697494, 0.00959109328687, 0.00645867316052, 0.00542781641707, 0.000554574420676, 3.77407081942e-06],
        "mean": [0.000672066234984, 0.00610896712169, 0.00283747492358, 0.00216773943976, 0.00264056166634, 0.00103998475242, 0.00109036196955, 0.000873411365319, 0.00103188725188, 0.00164046499413, 0.000723346776795, 0.000832437246572, 0.000625471991953, 0.000998278730549, 0.000959006370977, 0.00118392391596, 0.000731836946215, 0.000518794578966, 0.000710926367901, 0.000854032987263, 0.000847923802212, 0.000898985017557, 0.000565225840546, 0.000301719002891, 0.000121304648928, 4.82441646454e-05, 3.27319220617e-08],
        "median": [6.63787068333e-05, 0.00311664119363, 0.0018433991354, 0.00152625073679, 0.00137815764174, 0.000625413435046, 0.000636169686913, 0.000411365181208, 0.000516727333888, 0.000495945743751, 0.000406236125855, 0.000413682253566, 0.00042527334881, 0.000749885162804, 0.000714403227903, 0.000879743078258, 0.000583958928473, 0.000425056437962, 0.000614631047938, 0.000742204778362, 0.000734579109121, 0.000708432577085, 0.000432574481238, 0.000202112219995, 7.74815125624e-05, 2.51742330875e-05, 6.35632879664e-10],
        "min": [1.28166481872e-08, 1.52808993903e-07, 1.73782037649e-08, 3.49542483846e-09, 1.08235752805e-07, 9.81531343314e-07, 1.22336416553e-06, 1.66629433807e-06, 7.25030486137e-06, 1.43866436702e-05, 3.19341279464e-06, 1.76457633643e-05, 9.1858983069e-06, 5.48483421881e-06, 3.72980048269e-06, 1.25092310554e-05, 1.35092795972e-05, 1.33276889756e-05, 3.06528199872e-05, 5.04095987708e-05, 4.77495595987e-05, 3.01095551549e-05, 6.84589349476e-06, 4.49891740573e-06, 7.90894318925e-07, 1.17637206642e-08, 8.04579406571e-12],
        "var": [1.88396074918e-06, 0.000123429199448, 1.76930479938e-05, 7.09288997314e-06, 1.85196659004e-05, 1.79781579845e-06, 1.92850711755e-06, 2.54401197708e-06, 4.12678127759e-06, 1.55228026415e-05, 3.56176406058e-06, 3.98627571485e-06, 6.01625401941e-07, 8.54680592965e-07, 9.69477355284e-07, 1.73756484401e-06, 4.42634700448e-07, 1.72127698761e-07, 2.06952407211e-07, 2.89822935429e-07, 2.59083719811e-07, 3.99555432296e-07, 4.30930612083e-07, 2.04118123293e-07, 8.18159691107e-08, 4.51970594284e-09, 2.55070284013e-14]
    },
    "erbbands": {
        "dmean": [0.214752003551, 1.20317518711, 2.37855958939, 4.48045635223, 4.99164199829, 9.4853553772, 6.22799968719, 5.31668424606, 9.91513538361, 12.2100934982, 16.0175666809, 14.3836832047, 28.8272457123, 23.1029338837, 12.1518211365, 23.41705513, 19.4546813965, 20.4194641113, 31.0631141663, 24.6302146912, 35.1259117126, 20.7851791382, 12.0835952759, 14.8560810089, 14.4375228882, 15.9723930359, 13.2655029297, 13.0369033813, 12.3489894867, 9.18177032471, 6.01410961151, 3.8330078125, 1.43913733959, 0.864397168159, 0.363602995872, 0.237039268017, 0.05023040995, 0.0039499970153, 8.44041496748e-05, 1.69214890775e-05],
        "dmean2": [0.380176693201, 2.11274170876, 4.24036741257, 7.81873321533, 8.53924751282, 16.5616455078, 10.53764534, 8.87232398987, 16.3062572479, 20.9102058411, 25.9913368225, 22.2455558777, 44.2520294189, 33.0689430237, 18.6831817627, 37.0334510803, 31.8283920288, 33.5075073242, 51.0218925476, 39.1841430664, 57.6343994141, 34.2103881836, 19.7505340576, 24.1032409668, 23.3936138153, 25.4524478912, 21.3547344208, 20.7718811035, 19.5939369202, 14.7549724579, 9.66496658325, 5.84101200104, 2.1930539608, 1.30692100525, 0.554759502411, 0.384914517403, 0.0797447264194, 0.00640385737643, 0.000133872483275, 2.60583710769e-05],
        "dvar": [0.268646985292, 6.12748622894, 26.3077602386, 74.7584075928, 73.3920898438, 481.511566162, 128.707626343, 92.4276351929, 337.804046631, 792.988525391, 976.625183105, 1260.0378418, 4535.03417969, 3736.88574219, 612.325134277, 6179.91503906, 1448.20825195, 828.092468262, 2002.0793457, 1513.11401367, 3266.62817383, 549.964660645, 302.122314453, 225.284103394, 240.943695068, 272.983398438, 179.174194336, 180.175567627, 247.296340942, 150.78263855, 157.507553101, 55.071105957, 20.3732757568, 5.74492883682, 1.27148675919, 0.190491199493, 0.00681367842481, 5.48987845832e-05, 2.09699155818e-08, 6.12629003083e-10],
        "dvar2": [0.732953608036, 16.2810077667, 73.8683624268, 205.912353516, 200.882629395, 1337.96887207, 354.725006104, 247.935592651, 859.952941895, 2244.44995117, 2407.3046875, 2850.68115234, 9825.16796875, 6772.04736328, 1220.72631836, 14577.6347656, 3718.10424805, 1956.11853027, 4910.25048828, 3943.63354492, 7978.88769531, 1390.34204102, 805.735595703, 574.771606445, 601.401123047, 692.499023438, 455.572906494, 459.814147949, 635.309692383, 362.365203857, 321.735992432, 110.123908997, 41.4277153015, 8.71790981293, 2.53782558441, 0.483440041542, 0.0158181283623, 0.000131832071929, 4.79558011079e-08, 1.3762323503e-09],
        "max": [3.78722476959, 16.6924095154, 42.0726394653, 69.5586090088, 74.6419677734, 192.399703979, 147.655975342, 129.922088623, 212.029571533, 391.593566895, 429.202270508, 556.663085938, 1022.9239502, 1373.22973633, 498.960968018, 1168.96875, 450.329589844, 440.507324219, 561.510375977, 608.649475098, 1113.43029785, 319.676330566, 385.377471924, 183.38067627, 257.501525879, 210.16835022, 166.31842041, 162.24760437, 235.299804688, 204.77835083, 294.611877441, 195.086380005, 99.4945220947, 72.674659729, 28.9378604889, 4.95753526688, 1.05741870403, 0.0937356650829, 0.00162898644339, 0.000230483026826],
        "mean": [0.181045249104, 1.34472179413, 3.3121650219, 5.89799928665, 7.22075891495, 9.53556919098, 8.56420135498, 8.56077098846, 15.2654180527, 16.1667156219, 22.0581912994, 20.5288066864, 47.0061683655, 42.5509910583, 23.2437782288, 34.2526168823, 31.005361557, 39.6133880615, 60.5996780396, 48.7350502014, 65.2665405273, 44.6352310181, 28.6394138336, 35.1629066467, 36.2501945496, 39.5886955261, 34.9824905396, 34.6737976074, 31.8609542847, 23.3797798157, 15.8713064194, 9.35082054138, 3.31545877457, 1.79243099689, 0.687776982784, 0.323297917843, 0.0653759539127, 0.00442955130711, 0.000126193408505, 4.94138766953e-05],
        "median": [0.0555307939649, 0.757035434246, 2.23431038857, 4.13611316681, 4.64794492722, 4.11781215668, 4.32826042175, 5.34840393066, 8.81627464294, 7.33210420609, 11.5856790543, 10.9062900543, 15.6181554794, 17.7503814697, 14.9104328156, 16.9704685211, 21.4142074585, 30.3139705658, 47.1328163147, 38.2682914734, 49.0541610718, 36.6030807495, 23.2293701172, 31.0669517517, 31.7536716461, 33.5981140137, 30.8814811707, 29.0258312225, 25.6701545715, 18.283744812, 11.6426153183, 6.29695081711, 2.22398233414, 1.16570913792, 0.419213652611, 0.175609961152, 0.0344473160803, 0.00185364263598, 7.2808470577e-05, 4.06540493714e-05],
        "min": [6.95947073837e-06, 1.8894119421e-05, 2.4203234716e-05, 2.39655983023e-05, 0.000198192123207, 0.00116280198563, 0.00282106897794, 0.0240348856896, 0.0305813103914, 0.0594357475638, 0.0816403254867, 0.392759770155, 0.727406442165, 0.234880700707, 0.464406847954, 0.986847937107, 0.646584451199, 0.630923867226, 0.278070002794, 0.29920014739, 0.850158572197, 0.920078873634, 0.870313882828, 1.07570409775, 3.06587290764, 2.38605952263, 2.31205821037, 2.1291384697, 1.10203623772, 0.696627259254, 0.216091409326, 0.129351750016, 0.0459732934833, 0.0132898297161, 0.00275641912594, 0.000892081938218, 5.18337838002e-05, 6.58804265186e-06, 5.45129068996e-06, 6.16792385699e-06],
        "var": [0.185689419508, 4.76764249802, 20.0034275055, 59.7997627258, 74.4472351074, 352.296417236, 160.447799683, 117.937934875, 409.914733887, 873.042419434, 1402.16088867, 1757.23706055, 12137.5517578, 10657.8525391, 1470.36645508, 7496.16308594, 1516.71142578, 1228.35241699, 2987.73266602, 2462.30029297, 5363.88964844, 1117.5, 529.050231934, 502.870513916, 466.014709473, 660.07611084, 423.819885254, 474.322265625, 521.900268555, 351.618560791, 440.965332031, 148.258056641, 46.1916007996, 16.2648849487, 2.50987076759, 0.214453294873, 0.00881627574563, 5.7076322264e-05, 2.59167105554e-08, 9.02147856419e-10]
    },
    "gfcc": {
        "mean": [60.4185333252, 60.0106391907, -136.478302002, 54.9812011719, -67.0887985229, 26.2364196777, -37.9382324219, 8.05032062531, -21.7495441437, 5.79355573654, -22.5036048889, -0.132458299398, -11.9364728928],
        "cov": [[949.455200195, 292.532073975, 434.839385986, 330.806365967, 247.561126709, 66.6724777222, 11.5550699234, 41.0181427002, 37.2142829895, 34.0703697205, -73.4873428345, -28.44921875, -77.2231674194], [292.532073975, 621.479064941, 126.692642212, 213.840408325, 170.298797607, -31.4557857513, 2.56088685989, -38.9992599487, 44.2242736816, -51.3457641602, -6.36830091476, -95.2771224976, -18.1162223816], [434.839385986, 126.692642212, 472.010437012, 253.394515991, 192.641876221, 71.0226135254, 13.2399196625, 51.4150047302, 10.0053853989, 72.9034347534, -46.2210006714, 25.0601806641, -67.7177429199], [330.806365967, 213.840408325, 253.394515991, 370.357666016, 197.978164673, 43.3847885132, -18.9952697754, 21.0537891388, 57.6416702271, 19.8940620422, -9.55693531036, -27.9482536316, -13.7371854782], [247.561126709, 170.298797607, 192.641876221, 197.978164673, 250.982971191, 46.3959121704, 7.13315105438, 18.0720691681, 16.1153526306, 36.7489089966, -27.3764095306, 5.2355093956, -32.406288147], [66.6724777222, -31.4557857513, 71.0226135254, 43.3847885132, 46.3959121704, 113.367355347, 53.7432937622, 25.2752494812, 2.22746658325, 6.48406124115, -0.380386024714, 10.9622488022, -4.47854995728], [11.5550699234, 2.56088685989, 13.2399196625, -18.9952697754, 7.13315105438, 53.7432937622, 122.292449951, 35.595287323, 2.17098045349, -1.44373059273, 0.67986112833, 21.2878417969, -2.45233011246], [41.0181427002, -38.9992599487, 51.4150047302, 21.0537891388, 18.0720691681, 25.2752494812, 35.595287323, 68.1345825195, 24.2048053741, 23.3095722198, -3.919932127, 11.189458847, -6.51233768463], [37.2142829895, 44.2242736816, 10.0053853989, 57.6416702271, 16.1153526306, 2.22746658325, 2.17098045349, 24.2048053741, 65.3185882568, 21.195520401, 8.9776725769, -12.9182252884, 3.14520478249], [34.0703697205, -51.3457641602, 72.9034347534, 19.8940620422, 36.7489089966, 6.48406124115, -1.44373059273, 23.3095722198, 21.195520401, 81.6133880615, 15.6124229431, 28.5815105438, -17.9372711182], [-73.4873428345, -6.36830091476, -46.2210006714, -9.55693531036, -27.3764095306, -0.380386024714, 0.67986112833, -3.919932127, 8.9776725769, 15.6124229431, 61.5366020203, 20.9896183014, 17.2421836853], [-28.44921875, -95.2771224976, 25.0601806641, -27.9482536316, 5.2355093956, 10.9622488022, 21.2878417969, 11.189458847, -12.9182252884, 28.5815105438, 20.9896183014, 81.4066696167, 16.0644550323], [-77.2231674194, -18.1162223816, -67.7177429199, -13.7371854782, -32.406288147, -4.47854995728, -2.45233011246, -6.51233768463, 3.14520478249, -17.9372711182, 17.2421836853, 16.0644550323, 61.9267234802]],
        "icov": [[0.00223513599485, -0.000638562720269, -0.00111399567686, -0.000754408771172, 9.96434682747e-05, -0.000490039936267, 0.000184891803656, -0.000215570704313, -0.000331368792104, 6.69178843964e-05, 0.00162131455727, -0.000520281144418, 0.00093602144625], [-0.000638562720269, 0.00606430880725, -0.00362586509436, 0.00219510332681, -0.00567964464426, 0.00544365821406, -0.00407262286171, 0.00500511471182, -0.0051127448678, 0.00689287018031, -0.00770359067246, 0.00797845423222, -0.00238220440224], [-0.00111399567686, -0.00362586509436, 0.0102577069774, -0.00626561837271, 0.00460815662518, -0.00500951102003, 0.00287732784636, -0.00515564111993, 0.00754356896505, -0.00901837088168, 0.00926342979074, -0.00875623803586, 0.00569501752034], [-0.000754408771172, 0.00219510332681, -0.00626561837271, 0.0111232884228, -0.00750333163887, 0.00195087469183, 0.000202308467124, 0.00260255788453, -0.00866586342454, 0.00730538833886, -0.00838593579829, 0.00709810433909, -0.00513664446771], [9.96434682747e-05, -0.00567964464426, 0.00460815662518, -0.00750333163887, 0.0147124025971, -0.0066736927256, 0.00315741286613, -0.00369930849411, 0.007052002009, -0.0103405816481, 0.0117925833911, -0.0102103427052, 0.00480164354667], [-0.000490039936267, 0.00544365821406, -0.00500951102003, 0.00195087469183, -0.0066736927256, 0.0180099848658, -0.00892041623592, 0.00278552691452, -0.0032247453928, 0.00705644488335, -0.00923289917409, 0.0084948502481, -0.00373921985738], [0.000184891803656, -0.00407262286171, 0.00287732784636, 0.000202308467124, 0.00315741286613, -0.00892041623592, 0.0158297941089, -0.00893713720143, 0.00203912449069, -0.000644002400804, 0.00441684387624, -0.00874513201416, 0.00367329409346], [-0.000215570704313, 0.00500511471182, -0.00515564111993, 0.00260255788453, -0.00369930849411, 0.00278552691452, -0.00893713720143, 0.0282526295632, -0.013484518975, 0.00229620770551, -0.00256168213673, 0.00471700774506, -0.00214268732816], [-0.000331368792104, -0.0051127448678, 0.00754356896505, -0.00866586342454, 0.007052002009, -0.0032247453928, 0.00203912449069, -0.013484518975, 0.033563259989, -0.0168605968356, 0.00543440645561, 6.01837637078e-05, -0.0015795516083], [6.69178843964e-05, 0.00689287018031, -0.00901837088168, 0.00730538833886, -0.0103405816481, 0.00705644488335, -0.000644002400804, 0.00229620770551, -0.0168605968356, 0.0342464894056, -0.0173144768924, 0.00186139694415, 0.00428772857413], [0.00162131455727, -0.00770359067246, 0.00926342979074, -0.00838593579829, 0.0117925833911, -0.00923289917409, 0.00441684387624, -0.00256168213673, 0.00543440645561, -0.0173144768924, 0.036930963397, -0.0175580028445, 0.00242734933272], [-0.000520281144418, 0.00797845423222, -0.00875623803586, 0.00709810433909, -0.0102103427052, 0.0084948502481, -0.00874513201416, 0.00471700774506, 6.01837637078e-05, 0.00186139694415, -0.0175580028445, 0.0344496443868, -0.0144060952589], [0.00093602144625, -0.00238220440224, 0.00569501752034, -0.00513664446771, 0.00480164354667, -0.00373921985738, 0.00367329409346, -0.00214268732816, -0.0015795516083, 0.00428772857413, 0.00242734933272, -0.0144060952589, 0.028252415359]]
    },
    "melbands": {
        "dmean": [0.00176762207411, 0.00131893006619, 0.00072152458597, 0.000529290584382, 0.000261431443505, 0.000122501369333, 0.000144007164636, 0.000135588634294, 0.000132054890855, 9.53497947194e-05, 0.000148138191435, 0.000103159552964, 4.51545020042e-05, 5.18491324328e-05, 7.12746041245e-05, 3.79311895813e-05, 4.26642218372e-05, 5.87730464758e-05, 3.70952002413e-05, 4.08848100051e-05, 4.46218327852e-05, 2.47307325481e-05, 1.66909503605e-05, 1.09066677396e-05, 1.35887530632e-05, 1.26696977532e-05, 1.33243502205e-05, 1.08257154352e-05, 9.06261448108e-06, 9.43800750974e-06, 8.05262152426e-06, 7.60935790822e-06, 7.03366231392e-06, 4.98323697684e-06, 4.04248385166e-06, 3.3842211451e-06, 2.10725852412e-06, 1.14822967134e-06, 8.31903093967e-07, 8.45817055506e-07],
        "dmean2": [0.00310574495234, 0.00227503990754, 0.00125332281459, 0.000918895471841, 0.000452834181488, 0.000204184456379, 0.000239771805354, 0.000232627164223, 0.000212648810702, 0.000150504216435, 0.00022774883837, 0.000146857710206, 6.87149076839e-05, 8.33753147162e-05, 0.000112370224087, 6.28299239906e-05, 7.05980855855e-05, 9.64610808296e-05, 6.09356138739e-05, 6.76765703247e-05, 7.30870233383e-05, 4.09976710216e-05, 2.765015779e-05, 1.81809755304e-05, 2.2276855816e-05, 2.09159079532e-05, 2.19828980335e-05, 1.74864781002e-05, 1.48321396409e-05, 1.53899709403e-05, 1.30861308207e-05, 1.21481562019e-05, 1.12358775368e-05, 8.09266657598e-06, 6.48917148283e-06, 5.25210043634e-06, 3.22869846059e-06, 1.80047697995e-06, 1.29956924866e-06, 1.32958064114e-06],
        "dvar": [1.6005933503e-05, 7.21361038813e-06, 1.83975078016e-06, 1.231007559e-06, 2.72645792165e-07, 4.65195348909e-08, 6.82314009737e-08, 9.21775509255e-08, 7.36058112238e-08, 5.87187294343e-08, 1.20754265254e-07, 7.27919413634e-08, 9.70516556009e-09, 2.47941720488e-08, 4.6069143167e-08, 4.28993951473e-09, 3.6552849636e-09, 6.35306340868e-09, 2.74192335503e-09, 5.08701170077e-09, 6.05485306338e-09, 9.7878660732e-10, 4.89407570026e-10, 1.94163921052e-10, 2.02964506313e-10, 1.79087231156e-10, 2.06954883786e-10, 1.33109925859e-10, 8.50638101624e-11, 9.9762864636e-11, 6.86185344656e-11, 7.80271264267e-11, 9.18303350028e-11, 4.61580877686e-11, 6.47929765396e-11, 4.86348149253e-11, 1.51533577353e-11, 1.1987121365e-11, 6.69435600703e-12, 4.89595863851e-12],
        "dvar2": [4.26588048867e-05, 1.96562068595e-05, 5.01218255522e-06, 3.40528936249e-06, 7.48926026972e-07, 1.25358866399e-07, 1.7369190175e-07, 2.59014598214e-07, 1.77744837515e-07, 1.3319974812e-07, 2.58122042851e-07, 1.3049745462e-07, 1.74865650848e-08, 6.00707465992e-08, 1.10857676816e-07, 1.1222527796e-08, 8.72537686547e-09, 1.59941393463e-08, 6.7677721205e-09, 1.35687212577e-08, 1.42544749338e-08, 2.5826352168e-09, 1.24963639436e-09, 5.19047138603e-10, 5.20490539557e-10, 4.53113602195e-10, 5.36727384759e-10, 3.38188671511e-10, 2.26827945315e-10, 2.56360183082e-10, 1.75641889921e-10, 2.05684719257e-10, 2.34213676231e-10, 1.08770201179e-10, 1.45520234751e-10, 1.00517601187e-10, 3.1860732802e-11, 2.67199352921e-11, 1.197137528e-11, 8.79903355039e-12],
        "max": [0.0272803660482, 0.0216803513467, 0.0109968483448, 0.00989298336208, 0.00500694941729, 0.00277101690881, 0.00295228511095, 0.00385115947574, 0.00402946397662, 0.00357039854862, 0.00535486685112, 0.00531980395317, 0.00300624454394, 0.00316261383705, 0.00336800538935, 0.000934046402108, 0.00100039655808, 0.00130354007706, 0.000677872332744, 0.00126194977202, 0.0016118476633, 0.000428230909165, 0.000403255340643, 0.000296286161756, 0.000160085648531, 0.000174862158019, 0.000173614520463, 0.000162079944857, 0.000120069249533, 0.000101438366983, 0.000103768325062, 0.000116566021461, 0.000129141117213, 0.000119600364997, 0.000196198976482, 0.000142456148751, 0.000103471415059, 7.76672823122e-05, 6.34327952866e-05, 6.36650293018e-05],
        "mean": [0.00169831234962, 0.00178670149762, 0.00104187976103, 0.000622748222668, 0.000324572611134, 0.000206321623409, 0.000221004185732, 0.000176006971742, 0.000185963159311, 0.000129799052957, 0.000241867586737, 0.000182011339348, 8.43677553348e-05, 7.49506507418e-05, 9.64555802057e-05, 6.1389291659e-05, 7.46127552702e-05, 0.000103910555481, 6.77372372593e-05, 7.02569013811e-05, 7.49542377889e-05, 4.635237201e-05, 3.18799502566e-05, 2.30769346672e-05, 2.90671414405e-05, 2.78376774077e-05, 2.82395903923e-05, 2.49135173362e-05, 2.16507633013e-05, 2.09098670894e-05, 1.97834651772e-05, 1.84188702406e-05, 1.56110017997e-05, 1.17701856652e-05, 9.36529158935e-06, 7.81555718277e-06, 4.63083097202e-06, 2.21741606765e-06, 1.77479705599e-06, 1.49610468725e-06],
        "median": [0.000718100694939, 0.00128277041949, 0.000765389762819, 0.00033103156602, 0.000162388343597, 0.000133688663482, 0.000131595952553, 7.84373551141e-05, 9.37243676162e-05, 6.38767742203e-05, 7.69607504481e-05, 7.24513884052e-05, 5.04350391566e-05, 3.93452683056e-05, 4.59441471321e-05, 4.33669338236e-05, 5.513038559e-05, 7.95631713117e-05, 5.01748763782e-05, 5.19499881193e-05, 5.11369507876e-05, 3.61447891919e-05, 2.40900681092e-05, 1.91487815755e-05, 2.49744352914e-05, 2.36766682065e-05, 2.36015421251e-05, 2.06912100111e-05, 1.88697067642e-05, 1.71960728039e-05, 1.65039018611e-05, 1.51374888446e-05, 1.19354190247e-05, 9.40635254665e-06, 6.87044939696e-06, 5.13625400345e-06, 3.14570615956e-06, 1.42790065638e-06, 1.21005757592e-06, 9.27798112116e-07],
        "min": [4.63430467335e-08, 2.86727850352e-08, 2.81096879107e-09, 9.58883727975e-09, 5.98703095989e-08, 5.19453294601e-07, 5.58312024168e-07, 2.97970103702e-07, 4.46378805918e-07, 1.23333347801e-06, 2.63807487499e-06, 6.9065504249e-07, 4.26971297429e-07, 2.24030736717e-06, 2.12174995795e-06, 8.53906158227e-07, 1.08951235234e-06, 2.57185092778e-07, 2.08438564187e-07, 6.6485017669e-07, 8.04658611742e-07, 9.11985068797e-07, 1.06316826987e-06, 5.93662832671e-07, 6.94040693361e-07, 1.4694892343e-06, 1.1328020264e-06, 1.43816441778e-06, 1.43047839174e-06, 8.45510498948e-07, 9.70328869698e-07, 5.29256567461e-07, 2.67518686314e-07, 2.75368080338e-07, 1.12654461759e-07, 6.99188476005e-08, 4.47254855374e-08, 1.90913684861e-08, 2.70519411316e-08, 3.8841583283e-09],
