{
"highlevel": {
    "danceability": {
        "all": {
            "danceable": 0.91436702013,
            "not_danceable": 0.0856329500675
        },
        "probability": 0.91436702013,
        "value": "danceable"
    },
    "gender": {
        "all": {
            "female": 0.0838420242071,
            "male": 0.916157960892
        },
        "probability": 0.916157960892,
        "value": "male"
    },
    "genre_dortmund": {
        "all": {
            "alternative": 0.113622032106,
            "blues": 0.135942101479,
            "electronic": 0.0486163720489,
            "folkcountry": 0.0312884934247,
            "funksoulrnb": 0.00905043352395,
            "jazz": 0.0312657356262,
            "pop": 0.0233532842249,
            "raphiphop": 0.0104186730459,
            "rock": 0.596442878246
        },
        "probability": 0.596442878246,
        "value": "rock"
    },
    "genre_electronic": {
        "all": {
            "ambient": 0.31592515111,
            "dnb": 0.360769242048,
            "house": 0.11132055521,
            "techno": 0.00962717086077,
            "trance": 0.202357903123
        },
        "probability": 0.360769242048,
        "value": "dnb"
    },
    "genre_rosamerica": {
        "all": {
            "cla": 0.0119005749002,
            "dan": 0.0419364050031,
            "hip": 0.0389482825994,
            "jaz": 0.00525811966509,
            "pop": 0.0570680759847,
            "rhy": 0.0792853608727,
            "roc": 0.763153374195,
            "spe": 0.00244982307777
        },
        "probability": 0.763153374195,
        "value": "roc"
    },
    "genre_tzanetakis": {
        "all": {
            "blu": 0.0626613423228,
            "cla": 0.0348169617355,
            "cou": 0.104475811124,
            "dis": 0.0784321576357,
            "hip": 0.15692435205,
            "jaz": 0.313974827528,
            "met": 0.0448166541755,
            "pop": 0.0627359300852,
            "reg": 0.0627360641956,
            "roc": 0.0784258767962
        },
        "probability": 0.313974827528,
        "value": "jaz"
    },
    "ismir04_rhythm": {
        "all": {
            "ChaChaCha": 0.177934646606,
            "Jive": 0.645431816578,
            "Quickstep": 0.00789244100451,
            "Rumba-American": 0.0131435515359,
            "Rumba-International": 0.00631595402956,
            "Rumba-Misc": 0.00377916148864,
            "Samba": 0.0285207871348,
            "Tango": 0.0187542941421,
            "VienneseWaltz": 0.0885712727904,
            "Waltz": 0.00965608935803
        },
        "probability": 0.645431816578,
        "value": "Jive"
    },
    "mood_acoustic": {
        "all": {
            "acoustic": 2.59616513176e-06,
            "not_acoustic": 0.999997377396
        },
        "probability": 0.999997377396,
        "value": "not_acoustic"
    },
    "mood_aggressive": {
        "all": {
            "aggressive": 0.918925583363,
            "not_aggressive": 0.0810744464397
        },
        "probability": 0.918925583363,
        "value": "aggressive"
    },
    "mood_electronic": {
        "all": {
            "electronic": 0.436653584242,
            "not_electronic": 0.56334644556
        },
        "probability": 0.56334644556,
        "value": "not_electronic"
    },
    "mood_happy": {
        "all": {
            "happy": 0.70769661665,
            "not_happy": 0.292303413153
        },
        "probability": 0.70769661665,
        "value": "happy"
    },
    "mood_party": {
        "all": {
            "not_party": 0.205676704645,
            "party": 0.794323325157
        },
        "probability": 0.794323325157,
        "value": "party"
    },
    "mood_relaxed": {
        "all": {
            "not_relaxed": 0.974504709244,
            "relaxed": 0.0254952944815
        },
        "probability": 0.974504709244,
        "value": "not_relaxed"
    },
    "mood_sad": {
        "all": {
            "not_sad": 0.966710686684,
            "sad": 0.0332893021405
        },
        "probability": 0.966710686684,
        "value": "not_sad"
    },
    "moods_mirex": {
        "all": {
            "Cluster1": 0.498294889927,
            "Cluster2": 0.147524341941,
            "Cluster3": 0.0119646918029,
            "Cluster4": 0.0392775684595,
            "Cluster5": 0.302938520908
        },
        "probability": 0.498294889927,
        "value": "Cluster1"
    },
    "timbre": {
        "all": {
            "bright": 0.879305362701,
            "dark": 0.120694629848
        },
        "probability": 0.879305362701,
        "value": "bright"
    },
    "tonal_atonal": {
        "all": {
            "atonal": 0.0188859514892,
            "tonal": 0.981114029884
        },
        "probability": 0.981114029884,
        "value": "tonal"
    },
    "voice_instrumental": {
        "all": {
            "instrumental": 0.191413253546,
            "voice": 0.808586716652
        },
        "probability": 0.808586716652,
        "value": "voice"
    }
},
"lowlevel": {
    "average_loudness": 0.953706741333,
    "barkbands_crest": {
        "dmean": 2.75022006035,
        "dmean2": 4.17310667038,
        "dvar": 6.5051279068,
        "dvar2": 14.9088344574,
        "max": 24.3483829498,
        "mean": 11.6412286758,
        "median": 10.7029781342,
        "min": 2.67389702797,
        "var": 26.4187602997
    },
    "barkbands_flatness_db": {
        "dmean": 0.0217555128038,
        "dmean2": 0.03204010427,
        "dvar": 0.000457462418126,
        "dvar2": 0.000849891221151,
        "max": 0.341851115227,
        "mean": 0.155617535114,
        "median": 0.145557656884,
        "min": 0.0540659464896,
        "var": 0.00307214679196
    },
    "barkbands_kurtosis": {
        "dmean": 2.73314785957,
        "dmean2": 3.96064710617,
        "dvar": 78.5730438232,
        "dvar2": 141.495071411,
        "max": 149.662124634,
        "mean": 3.30723357201,
        "median": -0.207569360733,
        "min": -1.82683873177,
        "var": 173.774780273
    },
    "barkbands_skewness": {
        "dmean": 0.562413096428,
        "dmean2": 0.792601168156,
        "dvar": 0.440491527319,
        "dvar2": 0.752253055573,
        "max": 11.2676849365,
        "mean": 1.07047104836,
        "median": 0.832668185234,
        "min": -4.25983428955,
        "var": 2.98366332054
    },
    "barkbands_spread": {
        "dmean": 6.45067977905,
        "dmean2": 9.57537460327,
        "dvar": 45.7851791382,
        "dvar2": 97.0207290649,
        "max": 80.3835449219,
        "mean": 31.08162117,
        "median": 31.1602535248,
        "min": 1.25690746307,
        "var": 194.016525269
    },
    "dissonance": {
        "dmean": 0.00942226219922,
        "dmean2": 0.0161750707775,
        "dvar": 0.000157541944645,
        "dvar2": 0.000434190995293,
        "max": 0.499794989824,
        "mean": 0.483773440123,
        "median": 0.487786412239,
        "min": 0.343489825726,
        "var": 0.000230338351685
    },
    "dynamic_complexity": 3.13182902336,
    "erbbands_crest": {
        "dmean": 2.33198213577,
        "dmean2": 3.69478678703,
        "dvar": 5.01954317093,
        "dvar2": 12.3678388596,
        "max": 32.925491333,
        "mean": 9.22220516205,
        "median": 7.63217496872,
        "min": 2.74364614487,
        "var": 31.1660194397
    },
    "erbbands_flatness_db": {
        "dmean": 0.0166020784527,
        "dmean2": 0.0240491423756,
        "dvar": 0.000264520407654,
        "dvar2": 0.000449873507023,
        "max": 0.431104302406,
        "mean": 0.173158034682,
        "median": 0.147555544972,
        "min": 0.0608103238046,
        "var": 0.00546849053353
    },
    "erbbands_kurtosis": {
        "dmean": 1.36035883427,
        "dmean2": 2.05362725258,
        "dvar": 12.5826416016,
        "dvar2": 27.1101341248,
        "max": 73.7507781982,
        "mean": 1.89853191376,
        "median": 0.491139173508,
        "min": -1.64990246296,
        "var": 29.6995716095
    },
    "erbbands_skewness": {
        "dmean": 0.346107691526,
        "dmean2": 0.514705061913,
        "dvar": 0.144221156836,
        "dvar2": 0.28714337945,
        "max": 1.58268857002,
        "mean": -0.811049044132,
        "median": -0.666318655014,
        "min": -7.52785301208,
        "var": 0.924888253212
    },
    "erbbands_spread": {
        "dmean": 7.10861158371,
        "dmean2": 10.4964170456,
        "dvar": 60.795539856,
        "dvar2": 119.890083313,
        "max": 123.266876221,
        "mean": 35.4137916565,
        "median": 32.8069648743,
        "min": 1.79619026184,
        "var": 452.672943115
    },
    "hfc": {
        "dmean": 8.38166427612,
        "dmean2": 11.5398101807,
        "dvar": 124.986045837,
        "dvar2": 264.348022461,
        "max": 155.061904907,
        "mean": 26.5503864288,
        "median": 22.6777687073,
        "min": 0.0800077244639,
        "var": 420.912353516
    },
    "melbands_crest": {
        "dmean": 2.72484755516,
        "dmean2": 4.39317798615,
        "dvar": 6.98519277573,
        "dvar2": 17.2480506897,
        "max": 29.6406116486,
        "mean": 14.6986265182,
        "median": 14.6095962524,
        "min": 3.78677535057,
        "var": 27.7544403076
    },
    "melbands_flatness_db": {
        "dmean": 0.0267859250307,
        "dmean2": 0.0382969006896,
        "dvar": 0.000762490381021,
        "dvar2": 0.0014810526045,
        "max": 0.43092238903,
        "mean": 0.19435454905,
        "median": 0.190720111132,
        "min": 0.050424516201,
        "var": 0.00404528528452
    },
    "melbands_kurtosis": {
        "dmean": 8.73746681213,
        "dmean2": 12.607219696,
        "dvar": 453.753662109,
        "dvar2": 769.137451172,
        "max": 383.518096924,
        "mean": 17.1840381622,
        "median": 4.74099683762,
        "min": -1.8856459856,
        "var": 1523.54760742
    },
    "melbands_skewness": {
        "dmean": 0.821658849716,
        "dmean2": 1.16104507446,
        "dvar": 0.853630781174,
        "dvar2": 1.55456709862,
        "max": 15.022898674,
        "mean": 2.78648638725,
        "median": 2.23092842102,
        "min": -3.34710526466,
        "var": 6.85828495026
    },
    "melbands_spread": {
        "dmean": 9.03004360199,
        "dmean2": 13.6671409607,
        "dvar": 93.4814987183,
        "dvar2": 202.438171387,
        "max": 130.520248413,
        "mean": 34.3490715027,
        "median": 33.4143409729,
        "min": 0.803200185299,
        "var": 401.614715576
    },
    "pitch_salience": {
        "dmean": 0.0777002722025,
        "dmean2": 0.117297336459,
        "dvar": 0.00547325611115,
        "dvar2": 0.0126594072208,
        "max": 0.800299882889,
        "mean": 0.485268771648,
        "median": 0.508925557137,
        "min": 0.106605641544,
        "var": 0.0214859098196
    },
    "silence_rate_20dB": {
        "dmean": 0,
        "dmean2": 0,
        "dvar": 0,
        "dvar2": 0,
        "max": 1,
        "mean": 1,
        "median": 1,
        "min": 1,
        "var": 0
    },
    "silence_rate_30dB": {
        "dmean": 0,
        "dmean2": 0,
        "dvar": 0,
        "dvar2": 0,
        "max": 1,
        "mean": 1,
        "median": 1,
        "min": 1,
        "var": 0
    },
    "silence_rate_60dB": {
        "dmean": 0.00696594407782,
        "dmean2": 0.0139426803216,
        "dvar": 0.00691743381321,
        "dvar2": 0.0137483002618,
        "max": 1,
        "mean": 0.0835266858339,
        "median": 0,
        "min": 0,
        "var": 0.076549731195
    },
    "spectral_centroid": {
        "dmean": 232.37260437,
        "dmean2": 342.117126465,
        "dvar": 55628.4140625,
        "dvar2": 120082.007812,
        "max": 3711.87231445,
        "mean": 1958.90588379,
        "median": 1943.16027832,
        "min": 274.286743164,
        "var": 298432.3125
    },
    "spectral_complexity": {
        "dmean": 5.02476787567,
        "dmean2": 6.97288942337,
        "dvar": 26.8585987091,
        "dvar2": 44.0915527344,
        "max": 59,
        "mean": 26.3302402496,
        "median": 27,
        "min": 0,
        "var": 193.836074829
    },
    "spectral_decrease": {
        "dmean": 2.03921302067e-09,
        "dmean2": 3.13922376982e-09,
        "dvar": 6.53009421415e-18,
        "dvar2": 1.51177183111e-17,
        "max": -1.46847672911e-11,
        "mean": -7.82986564474e-09,
        "median": -7.06016800578e-09,
        "min": -2.73142291007e-08,
        "var": 2.99964376735e-17
    },
    "spectral_energy": {
        "dmean": 0.00810045097023,
        "dmean2": 0.0123807853088,
        "dvar": 0.000101410128991,
        "dvar2": 0.000231989339227,
        "max": 0.106340147555,
        "mean": 0.0319599360228,
        "median": 0.0299597326666,
        "min": 7.06974096829e-05,
        "var": 0.000472693005577
    },
    "spectral_energyband_high": {
        "dmean": 0.000635559554212,
        "dmean2": 0.000922017905395,
        "dvar": 1.2329587662e-06,
        "dvar2": 2.83551207758e-06,
        "max": 0.023071706295,
        "mean": 0.00138030247763,
        "median": 0.000695983355399,
        "min": 2.20175579102e-07,
        "var": 3.25395717482e-06
    },
    "spectral_energyband_low": {
        "dmean": 0.00630520004779,
        "dmean2": 0.00984099227935,
        "dvar": 7.64029246056e-05,
        "dvar2": 0.000185806900845,
        "max": 0.0954225063324,
        "mean": 0.018154675141,
        "median": 0.0119234696031,
        "min": 3.77646983907e-07,
        "var": 0.00033269834239
    },
    "spectral_energyband_middle_high": {
        "dmean": 0.00257233646698,
        "dmean2": 0.00370375625789,
        "dvar": 1.28496130856e-05,
        "dvar2": 2.78038842225e-05,
        "max": 0.0443544350564,
        "mean": 0.00786760356277,
        "median": 0.00633156159893,
        "min": 2.93244102068e-05,
        "var": 4.64701770397e-05
    },
    "spectral_energyband_middle_low": {
        "dmean": 0.00275399559177,
        "dmean2": 0.00448821904138,
        "dvar": 2.17604047066e-05,
        "dvar2": 5.39149696124e-05,
        "max": 0.0529581680894,
        "mean": 0.00542296748608,
        "median": 0.0039474517107,
        "min": 1.13382702693e-06,
        "var": 2.97439564747e-05
    },
    "spectral_entropy": {
        "dmean": 0.112308338284,
        "dmean2": 0.168404877186,
        "dvar": 0.0145604377612,
        "dvar2": 0.0288009699434,
        "max": 8.50740814209,
        "mean": 7.68198347092,
        "median": 7.82050704956,
        "min": 5.69621706009,
        "var": 0.200231015682
    },
    "spectral_flux": {
        "dmean": 0.0213580261916,
        "dmean2": 0.0318224020302,
        "dvar": 0.000537136278581,
        "dvar2": 0.00111635797657,
        "max": 0.236780971289,
        "mean": 0.0827675759792,
        "median": 0.0768037736416,
        "min": 0.00313374213874,
        "var": 0.00202619680203
    },
    "spectral_kurtosis": {
        "dmean": 2.16362214088,
        "dmean2": 3.77412056923,
        "dvar": 12.2712087631,
        "dvar2": 39.6384239197,
        "max": 49.7461051941,
        "mean": 5.40676355362,
        "median": 3.35441541672,
        "min": 0.0643584728241,
        "var": 36.3192062378
    },
    "spectral_rms": {
        "dmean": 0.000674204435199,
        "dmean2": 0.00100591860246,
        "dvar": 5.74900184347e-07,
        "dvar2": 1.21198320358e-06,
        "max": 0.0101856021211,
        "mean": 0.00513845356181,
        "median": 0.0054063857533,
        "min": 0.000262627261691,
        "var": 4.77673893329e-06
    },
    "spectral_rolloff": {
        "dmean": 489.348937988,
        "dmean2": 797.88079834,
        "dvar": 484530.28125,
        "dvar2": 1079830.75,
        "max": 7170.55664062,
        "mean": 1872.87182617,
        "median": 1981.0546875,
        "min": 86.1328125,
        "var": 1262413
    },
    "spectral_skewness": {
        "dmean": 0.240946769714,
        "dmean2": 0.408402204514,
        "dvar": 0.0818861722946,
        "dvar2": 0.258791416883,
        "max": 4.48673725128,
        "mean": 1.34033870697,
        "median": 1.25367558002,
        "min": 0.362973868847,
        "var": 0.274345368147
    },
    "spectral_spread": {
        "dmean": 471243.75,
        "dmean2": 719500.4375,
        "dvar": 377827655680,
        "dvar2": 853491908608,
        "max": 9073412,
        "mean": 3731438.25,
        "median": 3820038.75,
        "min": 1019674,
        "var": 1.74593513882e+12
    },
    "spectral_strongpeak": {
        "dmean": 0.439458072186,
        "dmean2": 0.734633266926,
        "dvar": 0.812597334385,
        "dvar2": 1.85957205296,
        "max": 8.60356998444,
        "mean": 0.885564029217,
        "median": 0.457752972841,
        "min": 0,
        "var": 1.47272360325
    },
    "zerocrossingrate": {
        "dmean": 0.0104319099337,
        "dmean2": 0.0115500641987,
        "dvar": 0.000112290028483,
        "dvar2": 0.000125567792566,
        "max": 0.1728515625,
        "mean": 0.0669995099306,
        "median": 0.06640625,
        "min": 0.00439453125,
        "var": 0.000790972611867
    },
    "barkbands": {
        "dmean": [2.88708633889e-05, 0.00512288324535, 0.0018396495143, 0.00123117375188, 0.00109811546281, 0.000692626112141, 0.000337788835168, 0.000237786138314, 0.000271306722425, 0.000437074806541, 0.000487551471451, 0.000301023566863, 0.000506675918587, 0.000515954801813, 0.000624811335001, 0.000474687694805, 0.000343247549608, 0.000420677417424, 0.000260704371613, 0.000243287722697, 0.000182619056432, 0.000134365356644, 0.00010908045806, 7.91496859165e-05, 7.36611909815e-05, 3.66209606e-05, 2.95704993825e-09],
        "dmean2": [4.56103807664e-05, 0.00782695971429, 0.00312865898013, 0.00209760526195, 0.00180871225893, 0.00112816505134, 0.000567004201002, 0.000394689210225, 0.00044026170508, 0.000658528530039, 0.000735935522243, 0.000480555725517, 0.000778088986408, 0.000808215234429, 0.000954893999733, 0.000739300390705, 0.000531725701876, 0.000680504308548, 0.000418617768446, 0.000389674445614, 0.000282499589957, 0.000209050660487, 0.000165659046615, 0.000127009770949, 0.00011491834448, 5.84119625273e-05, 3.98707467042e-09],
        "dvar": [2.61857535655e-09, 5.33574020665e-05, 7.64010837884e-06, 4.45335808763e-06, 5.05536991113e-06, 1.35186428452e-06, 3.50512948444e-07, 1.97530553692e-07, 3.46699664533e-07, 1.6506674001e-06, 2.47331581704e-06, 2.72765163345e-07, 9.06086313535e-07, 8.45927615956e-07, 1.07923415271e-06, 4.64022832602e-07, 2.75656532267e-07, 4.56173069097e-07, 2.01848493475e-07, 3.54242331468e-07, 9.52280458932e-08, 5.61144268829e-08, 3.2526092042e-08, 2.36314381397e-08, 2.41089246344e-08, 6.51177733957e-09, 3.85220674126e-15],
        "dvar2": [5.06753305984e-09, 0.000128990664962, 2.07167759072e-05, 1.23428962979e-05, 1.27146267914e-05, 3.77308060706e-06, 8.87390456228e-07, 5.20271271398e-07, 8.1946956243e-07, 3.86411784348e-06, 5.15289548275e-06, 6.61800072521e-07, 2.09319841815e-06, 2.00647491511e-06, 2.17167212213e-06, 1.0126594816e-06, 6.45719069325e-07, 1.20172637708e-06, 5.27956501628e-07, 9.68020003711e-07, 2.35848531815e-07, 1.30666066411e-07, 7.73540662635e-08, 6.11279773466e-08, 5.57495418718e-08, 1.63770206285e-08, 3.86485167261e-15],
        "max": [0.0011860341765, 0.0772162228823, 0.0289838090539, 0.0235519651324, 0.0261571146548, 0.0139283258468, 0.00887882430106, 0.00713217770681, 0.010482352227, 0.0161799415946, 0.0297672823071, 0.00568972434849, 0.0149217881262, 0.0150194335729, 0.0165730156004, 0.00849726051092, 0.00802744925022, 0.00815441925079, 0.00562152359635, 0.0123924762011, 0.00412900093943, 0.00361435394734, 0.00212658243254, 0.00150082365144, 0.00158221891616, 0.000740867573768, 2.23184338211e-06],
        "mean": [3.89446577174e-05, 0.0142329186201, 0.00310453446582, 0.001486586174, 0.00129174406175, 0.00118628505152, 0.000487806770252, 0.000371627946151, 0.00044812966371, 0.000658778182697, 0.000796332897153, 0.000512134982273, 0.000798366672825, 0.000801721820608, 0.00125342549291, 0.000963713449892, 0.000706457241904, 0.000796023115981, 0.000479573296616, 0.000478397239931, 0.000366774533177, 0.000256001570961, 0.000190438237041, 0.000115901937534, 9.89416148514e-05, 3.83572587452e-05, 2.73793454575e-09],
        "median": [1.88754656847e-05, 0.00808920711279, 0.001801225706, 0.000772008323111, 0.000561976106837, 0.00076401757542, 0.00025270995684, 0.000173270236701, 0.000217486536712, 0.000144250909216, 0.000123258301755, 0.000228256714763, 0.000296413491014, 0.000342716812156, 0.000596950179897, 0.000527048541699, 0.000472284853458, 0.00051865039859, 0.00026204486494, 0.000250468670856, 0.000185181532288, 0.000130540807731, 8.7103813712e-05, 3.76025345759e-05, 2.84031812043e-05, 5.01180375068e-06, 3.71336489335e-10],
        "min": [2.66196198417e-09, 6.13949353578e-08, 4.35747082861e-08, 1.41238905016e-08, 3.00377038798e-08, 2.36678454613e-09, 9.4168889575e-08, 2.83606649276e-09, 5.85430504074e-09, 1.14918119465e-08, 3.39123005233e-08, 1.27701120789e-08, 5.45530660645e-08, 2.71204374513e-08, 4.70245777251e-06, 2.13288399209e-06, 4.35798000353e-07, 3.24698646637e-07, 3.81714571063e-08, 2.83731544926e-08, 1.98918232996e-08, 4.6293617828e-08, 1.32732704827e-08, 7.04480029867e-09, 1.13683220823e-11, 1.52081489763e-11, 1.97388650564e-11],
        "var": [3.85820619897e-09, 0.000240144538111, 1.30311400426e-05, 4.3266263674e-06, 5.00243186252e-06, 1.96536325348e-06, 4.72993662015e-07, 2.80234900174e-07, 5.08199434535e-07, 3.08700509777e-06, 5.34588161827e-06, 5.02617638176e-07, 1.9433819034e-06, 1.73402077053e-06, 3.60531885235e-06, 1.3422865095e-06, 6.68956090522e-07, 8.37931565911e-07, 3.49321311433e-07, 5.4542840644e-07, 2.39368404209e-07, 1.1979119563e-07, 7.03060152318e-08, 3.4638055979e-08, 3.23125632917e-08, 6.99443614138e-09, 3.85050251097e-15]
    },
    "erbbands": {
        "dmean": [0.0815997496247, 1.36413633823, 2.57683205605, 2.73250222206, 4.12184000015, 3.89175605774, 4.71861410141, 5.6743555069, 4.65575551987, 4.65856122971, 5.56568193436, 5.7166724205, 8.58369731903, 20.6931362152, 12.6470193863, 13.1077241898, 23.2021141052, 23.3401546478, 25.4005298615, 33.7972106934, 21.4190883636, 17.669549942, 22.931060791, 15.2927722931, 10.669708252, 10.079791069, 9.47490310669, 6.99256753922, 5.02301836014, 4.23927307129, 2.84553837776, 2.05071878433, 1.11659967899, 0.777009367943, 0.567458808422, 0.208290576935, 0.059837706387, 0.00410427991301, 8.35218161228e-05, 1.28657056848e-05],
        "dmean2": [0.131856426597, 2.08837962151, 4.30241298676, 4.48824501038, 7.08158063889, 6.57510280609, 7.89384222031, 9.26460552216, 7.84176206589, 7.50742769241, 9.26400279999, 9.21466732025, 12.6990375519, 30.419511795, 19.9179782867, 20.8333053589, 35.3697738647, 36.5333938599, 39.7567062378, 50.4394683838, 32.646572113, 26.5821342468, 36.9141349792, 24.8471031189, 17.1754741669, 15.7305202484, 15.0606889725, 10.9047651291, 7.95024299622, 6.39292240143, 4.40216493607, 3.29307055473, 1.82615101337, 1.22727251053, 0.884844303131, 0.330937236547, 0.0983627066016, 0.0068772751838, 0.000133852649014, 1.90809842024e-05],
        "dvar": [0.0164306592196, 3.76405501366, 14.3679761887, 20.0598640442, 69.9055862427, 61.3918952942, 86.5085601807, 85.796043396, 79.6345214844, 78.7410812378, 111.687423706, 119.179794312, 748.320739746, 3727.45166016, 1491.36938477, 529.610900879, 2004.46228027, 1691.92565918, 2067.90893555, 3139.41577148, 888.873962402, 725.356567383, 1383.00964355, 590.739624023, 321.159057617, 441.358978271, 401.282073975, 173.950469971, 80.4913864136, 52.7597465515, 24.3878765106, 14.6795349121, 6.12831258774, 2.33508872986, 1.61740219593, 0.20464117825, 0.0199730098248, 9.99725962174e-05, 3.68291246389e-08, 2.82383810779e-10],
        "dvar2": [0.0441426821053, 8.90854263306, 37.5755996704, 55.2279167175, 183.514892578, 165.252334595, 237.652954102, 232.804702759, 206.775436401, 163.972122192, 294.034484863, 297.481414795, 1513.49206543, 8658.5234375, 3338.40673828, 1351.65576172, 4602.61914062, 3965.45361328, 4156.72949219, 6318.44824219, 1972.57519531, 1662.16442871, 3682.04614258, 1461.76647949, 825.163635254, 1176.11804199, 1032.1550293, 446.685791016, 190.723205566, 118.328804016, 59.9156608582, 38.8543968201, 15.9692659378, 5.60677528381, 3.80432748795, 0.50232309103, 0.0510652177036, 0.000259477907093, 9.36694775078e-08, 6.11545092344e-10],
        "max": [1.32094502449, 21.0039653778, 41.4092941284, 57.1941871643, 90.6881713867, 72.2964935303, 98.0012130737, 114.855957031, 122.098922729, 165.930633545, 168.50970459, 173.892181396, 522.353881836, 861.52923584, 749.0625, 277.377197266, 749.234558105, 840.63861084, 728.22479248, 850.776062012, 521.149902344, 390.713989258, 489.830505371, 236.540664673, 194.323638916, 424.721923828, 427.434570312, 205.511993408, 144.636810303, 90.6793060303, 61.1091918945, 33.1517753601, 29.4363040924, 16.1767024994, 13.7865314484, 4.25028133392, 1.31406962872, 0.0949778854847, 0.00181775260717, 0.000200404057978],
        "mean": [0.176734998822, 3.83459234238, 5.71555137634, 4.04443454742, 4.54219055176, 4.47455835342, 6.85452461243, 9.84133243561, 6.72873163223, 7.73476028442, 9.10797214508, 10.0927705765, 15.9617061615, 32.3878860474, 22.6277923584, 23.0913848877, 37.3220214844, 39.977935791, 49.3337364197, 72.7428588867, 48.2747955322, 39.8153038025, 44.8809318542, 29.6028652191, 21.6180171967, 20.9786090851, 18.8039722443, 13.6563282013, 9.49079418182, 7.83634614944, 4.76961946487, 3.03469276428, 1.51237106323, 1.0199354887, 0.739951789379, 0.239176884294, 0.0568981021643, 0.00361941172741, 9.84718863037e-05, 4.45610567112e-05],
        "median": [0.125752106309, 2.09557914734, 3.17533993721, 2.5696914196, 2.18296074867, 2.03758001328, 3.87748408318, 6.03319072723, 3.2874724865, 3.80459284782, 4.63579511642, 5.23256587982, 5.50693273544, 6.58964395523, 8.1196603775, 12.7679929733, 15.3584003448, 18.315908432, 26.5847625732, 40.5555305481, 29.7125492096, 28.194393158, 30.0273952484, 18.2276954651, 12.7536640167, 11.3802595139, 8.82971954346, 6.43539142609, 4.95035791397, 3.79878783226, 2.16953015327, 1.18867969513, 0.423166245222, 0.273026973009, 0.201584473252, 0.0434366352856, 0.00488998088986, 0.000200870825211, 3.19047503581e-05, 4.19493917434e-05],
        "min": [4.0285990508e-06, 1.17185800264e-05, 0.000124012178276, 0.000145520287333, 7.17770744814e-05, 0.000103595972178, 3.02549706248e-05, 0.000231900630752, 0.00136124389246, 0.000641991151497, 0.000168617523741, 0.000209669131436, 0.00122010521591, 0.00180138822179, 0.00191343727056, 0.00116481492296, 0.00308623467572, 0.0034978154581, 0.0545812249184, 0.305021882057, 0.144737243652, 0.155579075217, 0.032225612551, 0.0080441031605, 0.00408127205446, 0.00189991178922, 0.0010805435013, 0.00186899804976, 0.00187881384045, 0.00136603810824, 0.000470732979011, 0.000243852497078, 0.00011659431766, 6.74989496474e-06, 7.540088518e-07, 2.46210760224e-07, 1.16165196573e-07, 4.05467837084e-08, 6.24983940156e-08, 1.03340781266e-07],
        "var": [0.0326100848615, 18.0045185089, 40.8439712524, 23.8350734711, 60.1451797485, 57.680606842, 89.6194381714, 137.761871338, 97.5295333862, 155.269577026, 170.345275879, 197.931991577, 1980.56884766, 6287.31982422, 2758.13354492, 924.496337891, 4039.21044922, 3632.07763672, 5453.43554688, 9288.83300781, 3026.01611328, 2052.97290039, 2487.90209961, 1155.88549805, 640.580566406, 807.997070312, 851.763916016, 375.288787842, 167.458267212, 116.130508423, 48.7753753662, 21.3089847565, 7.46346759796, 3.17985773087, 2.01583003998, 0.241144329309, 0.0188745167106, 8.66067857714e-05, 3.63411167825e-08, 1.01031061295e-09]
    },
    "gfcc": {
        "mean": [-5.15571594238, 91.5823287964, -137.956542969, 57.6248474121, -40.1053695679, 22.0271377563, -38.5305023193, 10.8165950775, -13.4836578369, 5.11972522736, -12.9906606674, 1.10604572296, -5.9198513031],
        "cov": [[10758.4345703, -1862.99279785, 1518.1505127, 645.272705078, -934.509460449, 1007.97259521, 434.399414062, 384.147460938, -1307.78564453, 750.345947266, -166.212020874, 92.7610855103, -605.809326172], [-1862.99279785, 1628.17687988, -514.793884277, -269.809814453, 317.325836182, -259.504394531, 63.3671455383, -297.569244385, 381.57043457, -292.219604492, 99.7816772461, -121.637771606, 255.083343506], [1518.1505127, -514.793884277, 1156.93823242, 511.050354004, -159.635574341, 278.120880127, -39.6603393555, 31.9067821503, -306.27557373, 217.926635742, -72.6954574585, 44.1597328186, -148.999633789], [645.272705078, -269.809814453, 511.050354004, 540.363220215, -78.6864089966, 137.314239502, 18.7302646637, 12.1959543228, -94.0193099976, 73.1206130981, 12.5893278122, -33.2866783142, -50.0901489258], [-934.509460449, 317.325836182, -159.635574341, -78.6864089966, 263.886749268, -76.8397750854, -9.18923282623, -54.8203125, 134.735198975, -84.5012817383, 8.12423706055, -5.82478284836, 60.4265174866], [1007.97259521, -259.504394531, 278.120880127, 137.314239502, -76.8397750854, 256.302520752, 84.8801574707, 35.9431877136, -172.860961914, 66.2351455688, -22.5458831787, 19.5832366943, -51.1061401367], [434.399414062, 63.3671455383, -39.6603393555, 18.7302646637, -9.18923282623, 84.8801574707, 208.114364624, 43.786441803, -24.942533493, -5.32950878143, 12.8922624588, -15.0644369125, -7.73709011078], [384.147460938, -297.569244385, 31.9067821503, 12.1959543228, -54.8203125, 35.9431877136, 43.786441803, 164.795394897, -27.1021614075, 55.0451087952, -10.0145263672, 16.7268600464, -49.1651573181], [-1307.78564453, 381.57043457, -306.27557373, -94.0193099976, 134.735198975, -172.860961914, -24.942533493, -27.1021614075, 296.009979248, -98.7666854858, 43.6278305054, -38.5239257812, 104.119316101], [750.345947266, -292.219604492, 217.926635742, 73.1206130981, -84.5012817383, 66.2351455688, -5.32950878143, 55.0451087952, -98.7666854858, 156.493835449, 2.21569228172, 18.7677726746, -83.7729873657], [-166.212020874, 99.7816772461, -72.6954574585, 12.5893278122, 8.12423706055, -22.5458831787, 12.8922624588, -10.0145263672, 43.6278305054, 2.21569228172, 88.0116271973, -18.2546253204, 13.6811981201], [92.7610855103, -121.637771606, 44.1597328186, -33.2866783142, -5.82478284836, 19.5832366943, -15.0644369125, 16.7268600464, -38.5239257812, 18.7677726746, -18.2546253204, 77.5539169312, -1.00180089474], [-605.809326172, 255.083343506, -148.999633789, -50.0901489258, 60.4265174866, -51.1061401367, -7.73709011078, -49.1651573181, 104.119316101, -83.7729873657, 13.6811981201, -1.00180089474, 120.666229248]],
        "icov": [[0.000375648756744, -0.000399508251576, 0.000305497029331, -0.000332860043272, 0.000563939509448, -0.000546425464563, -0.000143129655044, -0.000546121853404, 0.00111256609671, -0.00118846667465, 0.000623326515779, -0.000130687098135, 0.000367172964616], [-0.000399508251576, 0.00336057273671, -0.00160652759951, 0.00213168677874, -0.00151780538727, 0.00196317769587, -0.00236037559807, 0.00420683017001, -0.00235466123559, 0.0030034284573, -0.00259532593191, 0.00306165311486, -0.00261786603369], [0.000305497029331, -0.00160652759951, 0.00360806775279, -0.00317586585879, 0.000629314396065, -0.00214383588172, 0.00184981303755, -0.00136008404661, 0.00201062159613, -0.00383246154524, 0.00315341958776, -0.00237185019068, 0.00163530034479], [-0.000332860043272, 0.00213168677874, -0.00317586585879, 0.00539246806875, -0.000655468204059, 0.000717132468708, -0.00159542541951, 0.00229863077402, -0.00225713569671, 0.00309264310636, -0.00351747404784, 0.00410671811551, -0.0018666862743], [0.000563939509448, -0.00151780538727, 0.000629314396065, -0.000655468204059, 0.00680801412091, -0.00161198165733, 0.000214456085814, -0.00046166323591, -0.000754169770516, -0.000545186514501, 0.00179696001578, -0.00242482544854, 0.00232686940581], [-0.000546425464563, 0.00196317769587, -0.00214383588172, 0.000717132468708, -0.00161198165733, 0.010690796189, -0.0043437005952, 0.00177851633634, 0.00229691760615, 0.00201646075584, -0.00170391460415, 0.00141557469033, -0.00383874378167], [-0.000143129655044, -0.00236037559807, 0.00184981303755, -0.00159542541951, 0.000214456085814, -0.0043437005952, 0.00916512589902, -0.00476673105732, 0.000648487184662, -5.02315197082e-05, 0.000332062045345, -0.00090998475207, 0.00195176864509], [-0.000546121853404, 0.00420683017001, -0.00136008404661, 0.00229863077402, -0.00046166323591, 0.00177851633634, -0.00476673105732, 0.0141445128247, -0.00551025988534, 0.00167243299074, -0.00157002313063, 0.00104292761534, 0.000184218166396], [0.00111256609671, -0.00235466123559, 0.00201062159613, -0.00225713569671, -0.000754169770516, 0.00229691760615, 0.000648487184662, -0.00551025988534, 0.0139183886349, -0.00441170763224, 0.00085503217997, 0.00167258305009, -0.00389963993803], [-0.00118846667465, 0.0030034284573, -0.00383246154524, 0.00309264310636, -0.000545186514501, 0.00201646075584, -5.02315197082e-05, 0.00167243299074, -0.00441170763224, 0.0193649921566, -0.00740392319858, 0.000154118126375, 0.00413253204897], [0.000623326515779, -0.00259532593191, 0.00315341958776, -0.00351747404784, 0.00179696001578, -0.00170391460415, 0.000332062045345, -0.00157002313063, 0.00085503217997, -0.00740392319858, 0.0171886123717, -0.000878190156072, 0.000975488394033], [-0.000130687098135, 0.00306165311486, -0.00237185019068, 0.00410671811551, -0.00242482544854, 0.00141557469033, -0.00090998475207, 0.00104292761534, 0.00167258305009, 0.000154118126375, -0.000878190156072, 0.020517796278, -0.00723824137822], [0.000367172964616, -0.00261786603369, 0.00163530034479, -0.0018666862743, 0.00232686940581, -0.00383874378167, 0.00195176864509, 0.000184218166396, -0.00389963993803, 0.00413253204897, 0.000975488394033, -0.00723824137822, 0.0203815344721]]
    },
    "melbands": {
        "dmean": [0.00112273055129, 0.00151698559057, 0.000514042272698, 0.000273030484095, 0.00015430014173, 0.000126148530398, 6.94780392223e-05, 4.8289217375e-05, 4.73204090667e-05, 3.69643857994e-05, 4.41180345661e-05, 8.43345842441e-05, 5.59727595828e-05, 2.85297865048e-05, 5.01963259012e-05, 5.05990428792e-05, 4.65582088509e-05, 4.2586150812e-05, 4.78781985294e-05, 4.15327886003e-05, 2.73844470939e-05, 1.99498772417e-05, 2.02225837711e-05, 2.39036726271e-05, 1.27371795315e-05, 9.90881562757e-06, 6.45434010949e-06, 8.07847482065e-06, 7.48263346395e-06, 4.90185630042e-06, 4.22239190812e-06, 3.13961709253e-06, 2.50663424595e-06, 2.54975930147e-06, 1.77136007551e-06, 1.48834885749e-06, 1.19484684546e-06, 8.62822162162e-07, 6.86910539116e-07, 7.55845007916e-07],
        "dmean2": [0.00174535729457, 0.00242330506444, 0.000853246252518, 0.000454531691503, 0.000256639701547, 0.000205165692023, 0.000117274677905, 7.74819782237e-05, 7.80047848821e-05, 5.96290446992e-05, 6.52062954032e-05, 0.000123376623378, 8.68879724294e-05, 4.42573473265e-05, 8.02937502158e-05, 7.73659703555e-05, 7.36617075745e-05, 6.66244959575e-05, 7.25039644749e-05, 6.33496092632e-05, 4.28658568126e-05, 3.11591684294e-05, 3.24564607581e-05, 3.93758527935e-05, 2.10646303458e-05, 1.59933460964e-05, 1.05904618977e-05, 1.28746423798e-05, 1.20941267596e-05, 7.69801863498e-06, 6.8533790909e-06, 5.11190546604e-06, 3.87101908927e-06, 3.95128836317e-06, 2.79870687336e-06, 2.42840269493e-06, 1.93667256099e-06, 1.4346816215e-06, 1.11411588932e-06, 1.22683036352e-06],
        "dvar": [2.69609654424e-06, 4.55942472399e-06, 7.33998092528e-07, 3.12318633178e-07, 9.12177071655e-08, 4.20389696387e-08, 1.64086664256e-08, 8.60400994895e-09, 9.29748456002e-09, 5.09832087658e-09, 1.89249220739e-08, 6.15378112911e-08, 3.67649590771e-08, 2.78837664069e-09, 7.44223171978e-09, 1.04513775412e-08, 7.00351820981e-09, 6.71855859835e-09, 7.19804527094e-09, 4.22219414986e-09, 1.80409220896e-09, 9.53831569284e-10, 1.17980714087e-09, 1.65298918997e-09, 4.44939585176e-10, 3.20591164726e-10, 1.01071415126e-10, 3.72811920224e-10, 3.94441312945e-10, 6.72146921454e-11, 6.95180787935e-11, 3.59529801763e-11, 1.79537079648e-11, 1.82274230431e-11, 1.00046733051e-11, 8.33413112827e-12, 4.83263819587e-12, 3.98273384758e-12, 2.32833934424e-12, 2.48095793041e-12],
        "dvar2": [6.86483917889e-06, 1.10121900434e-05, 2.00969338948e-06, 8.10699816611e-07, 2.4738019988e-07, 1.14707937371e-07, 4.23070218858e-08, 1.85876984915e-08, 2.45155380441e-08, 1.19545813249e-08, 3.79001434681e-08, 1.45221491721e-07, 7.94823975525e-08, 6.38657748908e-09, 1.91312832243e-08, 2.32022632218e-08, 1.62210138654e-08, 1.38373357217e-08, 1.42161278305e-08, 9.51468770438e-09, 4.06353128923e-09, 2.2175998815e-09, 2.95211433077e-09, 4.52161463826e-09, 1.14166132104e-09, 8.48387693431e-10, 2.5639457224e-10, 1.01600128311e-09, 1.05092001768e-09, 1.74061848268e-10, 1.74299047417e-10, 8.80259615199e-11, 4.30572313914e-11, 4.06938059638e-11, 2.49608268083e-11, 2.20415508762e-11, 1.28178995196e-11, 1.07243311454e-11, 5.56548817449e-12, 5.8983187258e-12],
        "max": [0.0158329606056, 0.0247980374843, 0.00960145518184, 0.00630011921749, 0.00297387107275, 0.00256380578503, 0.001756277401, 0.00170240702573, 0.00197294587269, 0.000965738901868, 0.00254210666753, 0.00352684874088, 0.00384973012842, 0.000654506206047, 0.000914231874049, 0.00187116826419, 0.00165318988729, 0.00142793788109, 0.00172745017335, 0.000796921551228, 0.000794961117208, 0.000407194456784, 0.00054103275761, 0.000521164038219, 0.000213492865441, 0.00025069178082, 0.000151385189383, 0.000406727252994, 0.000434726680396, 8.1337057054e-05, 0.000131409789901, 0.000100570854556, 6.52107264614e-05, 4.53854299849e-05, 4.2297939217e-05, 3.84291997761e-05, 1.86477336683e-05, 2.50877310464e-05, 2.1885984097e-05, 1.3648100321e-05],
        "mean": [0.00290243676864, 0.00410199072212, 0.000738209928386, 0.000317423953675, 0.000232257065363, 0.000220320638618, 0.000101579222246, 8.00840934971e-05, 7.47176236473e-05, 6.30658250884e-05, 7.86753662396e-05, 0.00012881962175, 9.4705108495e-05, 5.08088924107e-05, 7.60728289606e-05, 8.03138755145e-05, 7.27534061298e-05, 7.25451827748e-05, 0.000100478348031, 7.98217370175e-05, 5.37337764399e-05, 4.16380134993e-05, 3.78807853849e-05, 4.07586267102e-05, 2.18941750063e-05, 1.75984405359e-05, 1.2843363038e-05, 1.49106799654e-05, 1.34549709401e-05, 8.70297299116e-06, 7.71899431129e-06, 5.48465595784e-06, 4.47698948847e-06, 4.33221339335e-06, 2.82920359496e-06, 2.15775776269e-06, 1.6897331534e-06, 1.04642242604e-06, 8.88288070655e-07, 9.1091754939e-07],
        "median": [0.00177509721834, 0.00227390718646, 0.000470645667519, 0.000146175967529, 0.000140833086334, 0.000139778872835, 5.06940814375e-05, 4.1065246478e-05, 3.56317250407e-05, 2.99698276649e-05, 2.36916548602e-05, 2.49051063292e-05, 2.08315432246e-05, 2.17889100895e-05, 3.06504771288e-05, 2.84399120574e-05, 3.05325265799e-05, 3.58046745532e-05, 4.837762026e-05, 4.36727896158e-05, 3.06318324874e-05, 2.71068875008e-05, 2.49771946983e-05, 2.38912016357e-05, 1.26991508296e-05, 9.86418581306e-06, 7.65985896578e-06, 7.33427850719e-06, 5.62844797969e-06, 4.49965364169e-06, 3.20097274198e-06, 2.61633886112e-06, 2.34090816775e-06, 1.94700328393e-06, 1.20903791867e-06, 8.38548828597e-07, 5.94570167323e-07, 2.73923149052e-07, 1.82581658237e-07, 2.25401976195e-07],
        "min": [3.8397065083e-08, 8.28204704817e-08, 2.90919750512e-08, 5.97804161728e-09, 1.64240032685e-09, 2.41106912213e-09, 2.12075974559e-08, 5.46854872496e-09, 9.72904978802e-10, 8.71521077528e-10, 3.86329057633e-09, 7.52440154628e-09, 5.71674840799e-09, 1.60125457338e-09, 1.85555482091e-09, 5.6817150984e-09, 3.05659275668e-09, 1.88540170143e-08, 4.13988857417e-07, 2.37434562678e-07, 7.68406351881e-08, 4.35528733078e-08, 3.77914552985e-08, 1.41791707264e-08, 1.67346003721e-09, 1.00949892889e-09, 6.78902156714e-10, 1.11935472003e-09, 6.61145360681e-10, 3.06720870924e-10, 5.8155080751e-10, 9.71003277783e-10, 1.01482733328e-09, 5.31557520222e-10, 1.29886795763e-10, 1.5648204954e-10, 7.41104747015e-11, 9.20197876231e-11, 1.47579322894e-12, 1.06223793054e-13],
