{
"highlevel": {
    "danceability": {
        "all": {
            "danceable": 0.149109631777,
            "not_danceable": 0.850890398026
        },
        "probability": 0.850890398026,
        "value": "not_danceable"
    },
    "gender": {
        "all": {
            "female": 0.0757913962007,
            "male": 0.924208581448
        },
        "probability": 0.924208581448,
        "value": "male"
    },
    "genre_dortmund": {
        "all": {
            "alternative": 0.0917318612337,
            "blues": 0.021472113207,
            "electronic": 0.00318262632936,
            "folkcountry": 0.0512707158923,
            "funksoulrnb": 0.00301273190416,
            "jazz": 0.00442642206326,
            "pop": 0.0937980562449,
            "raphiphop": 0.00140551780351,
            "rock": 0.729699969292
        },
        "probability": 0.729699969292,
        "value": "rock"
    },
    "genre_electronic": {
        "all": {
            "ambient": 0.322813212872,
            "dnb": 0.280757814646,
            "house": 0.116704910994,
            "techno": 0.0180333871394,
            "trance": 0.261690676212
        },
        "probability": 0.322813212872,
        "value": "ambient"
    },
    "genre_rosamerica": {
        "all": {
            "cla": 0.0063020857051,
            "dan": 0.005759219639,
            "hip": 0.00548527576029,
            "jaz": 0.00471938634291,
            "pop": 0.0237318538129,
            "rhy": 0.0190176479518,
            "roc": 0.933884978294,
            "spe": 0.00109957274981
        },
        "probability": 0.933884978294,
        "value": "roc"
    },
    "genre_tzanetakis": {
        "all": {
            "blu": 0.0626541376114,
            "cla": 0.0348133966327,
            "cou": 0.0783501937985,
            "dis": 0.104547761381,
            "hip": 0.15693578124,
            "jaz": 0.313987255096,
            "met": 0.044816005975,
            "pop": 0.0627349764109,
            "reg": 0.0627352520823,
            "roc": 0.0784252434969
        },
        "probability": 0.313987255096,
        "value": "jaz"
    },
    "ismir04_rhythm": {
        "all": {
            "ChaChaCha": 0.110703065991,
            "Jive": 0.292390048504,
            "Quickstep": 0.098817139864,
            "Rumba-American": 0.00866858847439,
            "Rumba-International": 0.0464995093644,
            "Rumba-Misc": 0.0301891323179,
            "Samba": 0.162458062172,
            "Tango": 0.0185762699693,
            "VienneseWaltz": 0.209417238832,
            "Waltz": 0.0222809389234
        },
        "probability": 0.292390048504,
        "value": "Jive"
    },
    "mood_acoustic": {
        "all": {
            "acoustic": 0.00580073939636,
            "not_acoustic": 0.99419927597
        },
        "probability": 0.99419927597,
        "value": "not_acoustic"
    },
    "mood_aggressive": {
        "all": {
            "aggressive": 0.708308458328,
            "not_aggressive": 0.291691571474
        },
        "probability": 0.708308458328,
        "value": "aggressive"
    },
    "mood_electronic": {
        "all": {
            "electronic": 0.208119213581,
            "not_electronic": 0.791880786419
        },
        "probability": 0.791880786419,
        "value": "not_electronic"
    },
    "mood_happy": {
        "all": {
            "happy": 0.462330728769,
            "not_happy": 0.537669241428
        },
        "probability": 0.537669241428,
        "value": "not_happy"
    },
    "mood_party": {
        "all": {
            "not_party": 0.489587426186,
            "party": 0.510412573814
        },
        "probability": 0.510412573814,
        "value": "party"
    },
    "mood_relaxed": {
        "all": {
            "not_relaxed": 0.982144474983,
            "relaxed": 0.0178555510938
        },
        "probability": 0.982144474983,
        "value": "not_relaxed"
    },
    "mood_sad": {
        "all": {
            "not_sad": 0.758258402348,
            "sad": 0.241741612554
        },
        "probability": 0.758258402348,
        "value": "not_sad"
    },
    "moods_mirex": {
        "all": {
            "Cluster1": 0.557621955872,
            "Cluster2": 0.158632695675,
            "Cluster3": 0.184556737542,
            "Cluster4": 0.03073910065,
            "Cluster5": 0.0684495270252
        },
        "probability": 0.557621955872,
        "value": "Cluster1"
    },
    "timbre": {
        "all": {
            "bright": 0.96783041954,
            "dark": 0.032169573009
        },
        "probability": 0.96783041954,
        "value": "bright"
    },
    "tonal_atonal": {
        "all": {
            "atonal": 0.00279843481258,
            "tonal": 0.997201561928
        },
        "probability": 0.997201561928,
        "value": "tonal"
    },
    "voice_instrumental": {
        "all": {
            "instrumental": 0.000924983294681,
            "voice": 0.999074995518
        },
        "probability": 0.999074995518,
        "value": "voice"
    }
},
"lowlevel": {
    "average_loudness": 0.967811942101,
    "barkbands_crest": {
        "dmean": 2.20468020439,
        "dmean2": 3.55464291573,
        "dvar": 6.35615968704,
        "dvar2": 16.2954864502,
        "max": 23.3385772705,
        "mean": 8.1118850708,
        "median": 7.18865299225,
        "min": 2.79355573654,
        "var": 14.0410747528
    },
    "barkbands_flatness_db": {
        "dmean": 0.0182521082461,
        "dmean2": 0.0274774208665,
        "dvar": 0.000433060049545,
        "dvar2": 0.000947384920437,
        "max": 0.408084660769,
        "mean": 0.126684516668,
        "median": 0.106485016644,
        "min": 0.0475330501795,
        "var": 0.0033495889511
    },
    "barkbands_kurtosis": {
        "dmean": 2.50000286102,
        "dmean2": 3.80502891541,
        "dvar": 32.1072120667,
        "dvar2": 75.4317169189,
        "max": 86.2673339844,
        "mean": 3.55289459229,
        "median": -0.115071058273,
        "min": -1.7583630085,
        "var": 97.0730819702
    },
    "barkbands_skewness": {
        "dmean": 0.482449710369,
        "dmean2": 0.740342915058,
        "dvar": 0.3588796556,
        "dvar2": 0.866490244865,
        "max": 6.84230184555,
        "mean": 1.29304742813,
        "median": 0.891653120518,
        "min": -1.30511081219,
        "var": 1.55471122265
    },
    "barkbands_spread": {
        "dmean": 5.11049985886,
        "dmean2": 7.5593252182,
        "dvar": 41.2445297241,
        "dvar2": 84.5449447632,
        "max": 96.9177703857,
        "mean": 30.2249336243,
        "median": 31.9498348236,
        "min": 0.946534872055,
        "var": 214.298828125
    },
    "dissonance": {
        "dmean": 0.0134486844763,
        "dmean2": 0.0222201701254,
        "dvar": 0.000312155287247,
        "dvar2": 0.000736537913326,
        "max": 0.499886751175,
        "mean": 0.469920486212,
        "median": 0.480185002089,
        "min": 0.201903566718,
        "var": 0.00109793676529
    },
    "dynamic_complexity": 2.35199737549,
    "erbbands_crest": {
        "dmean": 1.98238217831,
        "dmean2": 3.11170768738,
        "dvar": 4.25387763977,
        "dvar2": 9.498462677,
        "max": 26.6204719543,
        "mean": 7.39768505096,
        "median": 6.41460180283,
        "min": 2.73535823822,
        "var": 12.7279701233
    },
    "erbbands_flatness_db": {
        "dmean": 0.015975497663,
        "dmean2": 0.0223202388734,
        "dvar": 0.000292492914014,
        "dvar2": 0.000540549692232,
        "max": 0.27310153842,
        "mean": 0.13834400475,
        "median": 0.133885800838,
        "min": 0.0666375756264,
        "var": 0.00105780409649
    },
    "erbbands_kurtosis": {
        "dmean": 0.781551659107,
        "dmean2": 1.16668629646,
        "dvar": 1.70343208313,
        "dvar2": 3.59898233414,
        "max": 15.6517391205,
        "mean": 0.574119389057,
        "median": -0.139221668243,
        "min": -1.65164315701,
        "var": 5.23193502426
    },
    "erbbands_skewness": {
        "dmean": 0.284840136766,
        "dmean2": 0.410853773355,
        "dvar": 0.111372612417,
        "dvar2": 0.215134099126,
        "max": 3.44152450562,
        "mean": -0.00850680749863,
        "median": -0.165923371911,
        "min": -3.34351086617,
        "var": 0.749371170998
    },
    "erbbands_spread": {
        "dmean": 7.97401285172,
        "dmean2": 11.9687519073,
        "dvar": 106.007774353,
        "dvar2": 241.233169556,
        "max": 136.356933594,
        "mean": 40.4711608887,
        "median": 37.3102912903,
        "min": 6.05773067474,
        "var": 296.925048828
    },
    "hfc": {
        "dmean": 5.54108095169,
        "dmean2": 7.5036444664,
        "dvar": 62.2963447571,
        "dvar2": 103.50743103,
        "max": 103.276519775,
        "mean": 26.413766861,
        "median": 24.2442188263,
        "min": 0.353683412075,
        "var": 328.764923096
    },
    "melbands_crest": {
        "dmean": 3.22973489761,
        "dmean2": 5.19201898575,
        "dvar": 9.90305900574,
        "dvar2": 24.7438907623,
        "max": 29.9812641144,
        "mean": 12.5416498184,
        "median": 11.6624479294,
        "min": 3.97462391853,
        "var": 24.3641796112
    },
    "melbands_flatness_db": {
        "dmean": 0.0229605380446,
        "dmean2": 0.0339628458023,
        "dvar": 0.000744238845073,
        "dvar2": 0.00165885570459,
        "max": 0.529665887356,
        "mean": 0.16805331409,
        "median": 0.141686573625,
        "min": 0.0458186604083,
        "var": 0.00555449444801
    },
    "melbands_kurtosis": {
        "dmean": 7.2045249939,
        "dmean2": 11.4163894653,
        "dvar": 203.443862915,
        "dvar2": 495.076599121,
        "max": 174.002334595,
        "mean": 13.2493085861,
        "median": 4.50597524643,
        "min": -1.59670495987,
        "var": 510.99710083
    },
    "melbands_skewness": {
        "dmean": 0.728843808174,
        "dmean2": 1.1370139122,
        "dvar": 0.934006989002,
        "dvar2": 2.25890636444,
        "max": 11.3247680664,
        "mean": 2.56861948967,
        "median": 2.07981181145,
        "min": -1.03715157509,
        "var": 3.02597045898
    },
    "melbands_spread": {
        "dmean": 7.08362674713,
        "dmean2": 11.08710289,
        "dvar": 80.4446792603,
        "dvar2": 194.564758301,
        "max": 175.762115479,
        "mean": 31.2706432343,
        "median": 33.0144042969,
        "min": 0.86839735508,
        "var": 297.858795166
    },
    "pitch_salience": {
        "dmean": 0.0620163530111,
        "dmean2": 0.103125482798,
        "dvar": 0.00395948579535,
        "dvar2": 0.0106735499576,
        "max": 0.794981539249,
        "mean": 0.565015912056,
        "median": 0.57413905859,
        "min": 0.244731247425,
        "var": 0.00692477449775
    },
    "silence_rate_20dB": {
        "dmean": 0,
        "dmean2": 0,
        "dvar": 0,
        "dvar2": 0,
        "max": 1,
        "mean": 1,
        "median": 1,
        "min": 1,
        "var": 0
    },
    "silence_rate_30dB": {
        "dmean": 0,
        "dmean2": 0,
        "dvar": 0,
        "dvar2": 0,
        "max": 1,
        "mean": 1,
        "median": 1,
        "min": 1,
        "var": 0
    },
    "silence_rate_60dB": {
        "dmean": 0.0061919502914,
        "dmean2": 0.0123934932053,
        "dvar": 0.00615359190851,
        "dvar2": 0.0153383482248,
        "max": 1,
        "mean": 0.00618716143072,
        "median": 0,
        "min": 0,
        "var": 0.00614888500422
    },
    "spectral_centroid": {
        "dmean": 205.775924683,
        "dmean2": 309.164093018,
        "dvar": 57035.4179688,
        "dvar2": 120161.484375,
        "max": 4469.58642578,
        "mean": 1706.77185059,
        "median": 1851.96948242,
        "min": 159.288970947,
        "var": 451595.46875
    },
    "spectral_complexity": {
        "dmean": 3.70201230049,
        "dmean2": 5.52439975739,
        "dvar": 14.7494029999,
        "dvar2": 28.8010692596,
        "max": 60,
        "mean": 27.65583992,
        "median": 31,
        "min": 1,
        "var": 163.019058228
    },
    "spectral_decrease": {
        "dmean": 2.24247531655e-09,
        "dmean2": 3.53838869316e-09,
        "dvar": 1.40800417394e-17,
        "dvar2": 3.4998061348e-17,
        "max": -5.55909707156e-10,
        "mean": -6.61563470672e-09,
        "median": -5.68066083062e-09,
        "min": -3.10333732045e-08,
        "var": 1.94893893552e-17
    },
    "spectral_energy": {
        "dmean": 0.00879230257124,
        "dmean2": 0.0137659022585,
        "dvar": 0.000211597944144,
        "dvar2": 0.000518932763953,
        "max": 0.123573303223,
        "mean": 0.0273647475988,
        "median": 0.0238356404006,
        "min": 0.00229086098261,
        "var": 0.000316395569826
    },
    "spectral_energyband_high": {
        "dmean": 0.000471514154924,
        "dmean2": 0.000625593645964,
        "dvar": 6.31976320165e-07,
        "dvar2": 9.43362692851e-07,
        "max": 0.014173223637,
        "mean": 0.00142552203033,
        "median": 0.00105088832788,
        "min": 1.64628403354e-07,
        "var": 2.43775798481e-06
    },
    "spectral_energyband_low": {
        "dmean": 0.00635338202119,
        "dmean2": 0.0105408597738,
        "dvar": 0.000173520907992,
        "dvar2": 0.000449534127256,
        "max": 0.0981529131532,
        "mean": 0.00941047631204,
        "median": 0.00625144504011,
        "min": 0.000136852890137,
        "var": 0.000148309074575
    },
    "spectral_energyband_middle_high": {
        "dmean": 0.00157973065507,
        "dmean2": 0.00236196257174,
        "dvar": 6.25567281531e-06,
        "dvar2": 1.33865951284e-05,
        "max": 0.0509188435972,
        "mean": 0.00677497405559,
        "median": 0.00578750343993,
        "min": 8.64176490722e-06,
        "var": 3.67565880879e-05
    },
    "spectral_energyband_middle_low": {
        "dmean": 0.00430379109457,
        "dmean2": 0.00662489328533,
        "dvar": 5.30804682057e-05,
        "dvar2": 0.000130411106511,
        "max": 0.0758924111724,
        "mean": 0.0113941794261,
        "median": 0.0090380711481,
        "min": 0.000426677346695,
        "var": 8.78218343132e-05
    },
    "spectral_entropy": {
        "dmean": 0.131165266037,
        "dmean2": 0.178859338164,
        "dvar": 0.0371400713921,
        "dvar2": 0.061492588371,
        "max": 8.45184230804,
        "mean": 7.70318174362,
        "median": 7.83079385757,
        "min": 5.30745458603,
        "var": 0.203524842858
    },
    "spectral_flux": {
        "dmean": 0.0237144567072,
        "dmean2": 0.0374325215816,
        "dvar": 0.00116300652735,
        "dvar2": 0.00270568602718,
        "max": 0.283907234669,
        "mean": 0.0800514891744,
        "median": 0.0670135170221,
        "min": 0.00734556326643,
        "var": 0.00211052992381
    },
    "spectral_kurtosis": {
        "dmean": 1.18680536747,
        "dmean2": 1.94772136211,
        "dvar": 3.79679298401,
        "dvar2": 7.89774227142,
        "max": 47.6353492737,
        "mean": 3.60572052002,
        "median": 3.23970460892,
        "min": -0.567429304123,
        "var": 7.95574426651
    },
    "spectral_rms": {
        "dmean": 0.000756253313739,
        "dmean2": 0.00115067209117,
        "dvar": 1.10336941361e-06,
        "dvar2": 2.54573592429e-06,
        "max": 0.0109799513593,
        "mean": 0.00493318494409,
        "median": 0.00482226954773,
        "min": 0.00149498705287,
        "var": 2.36102096096e-06
    },
    "spectral_rolloff": {
        "dmean": 453.114074707,
        "dmean2": 740.770202637,
        "dvar": 578005.875,
        "dvar2": 1342700.875,
        "max": 8914.74609375,
        "mean": 1901.79760742,
        "median": 2110.25390625,
        "min": 107.666015625,
        "var": 1516937.625
    },
    "spectral_skewness": {
        "dmean": 0.186497330666,
        "dmean2": 0.288955569267,
        "dvar": 0.0508257970214,
        "dvar2": 0.095381706953,
        "max": 5.35530662537,
        "mean": 1.33504498005,
        "median": 1.28803038597,
        "min": 0.13910061121,
        "var": 0.216689392924
    },
    "spectral_spread": {
        "dmean": 473073.03125,
        "dmean2": 691009.125,
        "dvar": 311421599744,
        "dvar2": 603435237376,
        "max": 11901882,
        "mean": 4561539.5,
        "median": 4434799,
        "min": 1938805.75,
        "var": 1.19090171085e+12
    },
    "spectral_strongpeak": {
        "dmean": 0.527929067612,
        "dmean2": 0.903529763222,
        "dvar": 0.788084447384,
        "dvar2": 1.85111737251,
        "max": 9.58468151093,
        "mean": 0.898135602474,
        "median": 0.379703789949,
        "min": 0.0253871139139,
        "var": 1.50400996208
    },
    "zerocrossingrate": {
        "dmean": 0.00901279505342,
        "dmean2": 0.0108201010153,
        "dvar": 0.00010295080574,
        "dvar2": 0.000118882257084,
        "max": 0.25927734375,
        "mean": 0.071591168642,
        "median": 0.07373046875,
        "min": 0.00439453125,
        "var": 0.000885841029231
    },
    "barkbands": {
        "dmean": [0.000158399270731, 0.00376155343838, 0.00202716328204, 0.00212526367977, 0.00166293303482, 0.000613312411588, 0.000401123252232, 0.000383801263524, 0.000978282885626, 0.000160013951245, 0.000280316395219, 0.000517079315614, 0.000550072873011, 0.000497662753332, 0.000273263372947, 0.000313087366521, 0.000299696839647, 0.000153057248099, 0.000168527723872, 0.000200558992219, 0.000143456330989, 0.000108999032818, 8.58799830894e-05, 8.81484156707e-05, 5.67718561797e-05, 2.95010413538e-05, 5.40094795554e-08],
        "dmean2": [0.00026437145425, 0.00623535690829, 0.00345778046176, 0.00344057171606, 0.0027349141892, 0.000954250979703, 0.000595170771703, 0.000532923382707, 0.0013197127264, 0.000210156969843, 0.000419788906584, 0.000772253028117, 0.000882706663106, 0.000769769540057, 0.000457869668026, 0.000506713928189, 0.000473803956993, 0.000247009767918, 0.000273308483884, 0.000311460724333, 0.00021825847216, 0.000152974418597, 0.000125425402075, 0.000129687745357, 8.5201303591e-05, 4.4453299779e-05, 8.73911929489e-08],
        "dvar": [2.55679822203e-07, 0.000108808038931, 1.30780499603e-05, 1.48956651174e-05, 1.34147439894e-05, 1.43718739309e-06, 2.04854768526e-06, 1.01535601971e-06, 2.66582242148e-06, 2.28615363085e-07, 5.08065454596e-07, 1.78640948434e-06, 2.1822859253e-06, 1.62154958616e-06, 1.86459161e-07, 1.40109719382e-07, 1.29301824359e-07, 3.89391878741e-08, 3.88095706683e-08, 5.34198960622e-08, 5.71998377552e-08, 4.60079050413e-08, 3.87064886809e-08, 3.01990858986e-08, 7.718179873e-09, 2.11616657531e-09, 4.10264880337e-14],
        "dvar2": [6.74890884511e-07, 0.000286000111373, 3.58405013685e-05, 3.60703415936e-05, 3.30041439156e-05, 3.70638576896e-06, 4.21603908762e-06, 1.77396304935e-06, 5.42765383216e-06, 2.02876108801e-07, 1.16044088827e-06, 3.83863653042e-06, 5.02994862472e-06, 3.22483288073e-06, 5.36822938102e-07, 3.45643229593e-07, 3.32686596494e-07, 9.63223030226e-08, 9.64199529108e-08, 1.23518532291e-07, 1.18993931153e-07, 7.52766595724e-08, 7.00261750808e-08, 5.28105701392e-08, 1.52595021063e-08, 4.37598801639e-09, 9.38917048493e-14],
        "max": [0.00385664403439, 0.0843273550272, 0.0366773158312, 0.0395308174193, 0.0540247298777, 0.0157720390707, 0.0348339304328, 0.030774269253, 0.0253981351852, 0.0237396135926, 0.0120488861576, 0.0283917225897, 0.0262852907181, 0.0341604612768, 0.0051793763414, 0.00428097881377, 0.00443983171135, 0.00240253191441, 0.00243701483123, 0.00258787232451, 0.00330483424477, 0.00526708131656, 0.00500216940418, 0.00389897357672, 0.00124954443891, 0.00046856875997, 2.28924295698e-06],
        "mean": [0.000132515269797, 0.00486232945696, 0.00282852165401, 0.00315985199995, 0.00307023874484, 0.00127072120085, 0.000666816544253, 0.000897965684999, 0.00221334397793, 0.000449218641734, 0.00055465393234, 0.000987441511825, 0.000830751261674, 0.000864974863362, 0.000519005523529, 0.000745955388993, 0.000808928336482, 0.000374023162294, 0.000447070022346, 0.000577555678319, 0.00033935130341, 0.000238674372667, 0.000174049200723, 0.000182480071089, 0.000120433636766, 4.78396723338e-05, 4.49101626998e-08],
        "median": [1.12915149657e-05, 0.00225743558258, 0.00183530594222, 0.00183678721078, 0.0018897325499, 0.000770956277847, 0.000201873175683, 0.000400230288506, 0.00126127584372, 0.000175255612703, 0.000261213484919, 0.000417734903749, 0.000202368799364, 0.000387384381611, 0.000378642056603, 0.00063589180354, 0.000710443535354, 0.000336346944096, 0.000394674832933, 0.000545232673176, 0.000231589583564, 0.000139924741234, 8.63246896188e-05, 0.000101329205791, 8.11411518953e-05, 2.45610372076e-05, 7.38628047614e-10],
        "min": [1.12032925159e-08, 2.01841976377e-05, 4.27959685112e-06, 5.64291758565e-06, 6.38549245195e-05, 1.43400447996e-05, 1.40748193189e-06, 2.45364140028e-06, 8.32540479223e-07, 7.67380925026e-07, 9.46911811184e-08, 1.2979019175e-06, 1.44725163409e-07, 1.82006559157e-07, 1.49091960111e-07, 2.53216313695e-07, 2.00255016125e-07, 3.01698179328e-07, 1.17648582432e-07, 8.90648976792e-08, 5.66172460026e-08, 2.69915112483e-08, 1.57655950517e-08, 7.55908491357e-09, 3.86426085575e-10, 1.65366869503e-11, 6.62936112256e-12],
        "var": [2.15067217368e-07, 8.60494983499e-05, 1.22882966025e-05, 1.95017255464e-05, 1.81482955668e-05, 2.21577033699e-06, 4.12158624385e-06, 4.4306275413e-06, 8.21180765342e-06, 3.06669289785e-06, 1.00963882232e-06, 5.05485149915e-06, 3.66704239241e-06, 3.58248598786e-06, 3.18285827916e-07, 4.36192692632e-07, 5.43961277799e-07, 9.68422000369e-08, 1.37100897746e-07, 1.92118818632e-07, 1.62690170669e-07, 1.28101675045e-07, 1.2350953682e-07, 9.44292040117e-08, 1.88825790559e-08, 4.09608569285e-09, 4.06960232115e-14]
    },
    "erbbands": {
        "dmean": [0.12766200304, 0.780684173107, 1.92844283581, 5.19966173172, 7.08030843735, 4.88160562515, 6.52231407166, 4.98961114883, 4.78950548172, 7.06513500214, 10.1431035995, 16.9368839264, 16.7718009949, 6.96399021149, 16.4872055054, 14.2025098801, 22.051366806, 29.3914356232, 12.6089496613, 11.1583871841, 20.1788234711, 15.9554586411, 8.38554000854, 8.42047405243, 7.40298843384, 10.4313783646, 6.3822145462, 5.10661792755, 3.80569911003, 3.61466026306, 2.37726330757, 1.98689353466, 1.51321482658, 0.806956470013, 0.369074106216, 0.176084801555, 0.0505900606513, 0.0039032115601, 7.70632250351e-05, 1.3181525901e-05],
        "dmean2": [0.208147495985, 1.31330597401, 3.28073596954, 8.49119377136, 11.5752716064, 8.0982837677, 10.731754303, 7.57704114914, 7.28071689606, 9.97349643707, 13.3070116043, 23.7744541168, 21.3316936493, 9.59869861603, 25.1303081512, 20.6693515778, 35.1737136841, 45.5637550354, 20.1633377075, 18.4849624634, 32.3350257874, 25.7373561859, 13.5113105774, 13.930557251, 11.5687637329, 16.6233043671, 9.85245895386, 7.58209037781, 5.40883111954, 5.40331029892, 3.46742725372, 2.86506390572, 2.28131818771, 1.21766722202, 0.560793161392, 0.268357336521, 0.0772448331118, 0.00629606237635, 0.000117533607408, 1.91670515051e-05],
        "dvar": [0.164240032434, 3.98330402374, 10.4161014557, 102.914634705, 166.002655029, 153.816497803, 337.06036377, 57.4227027893, 391.970184326, 721.420898438, 453.820251465, 1256.99560547, 691.117736816, 135.488876343, 1886.47363281, 1316.3302002, 3438.37451172, 6751.89160156, 420.610351562, 221.360412598, 573.072387695, 359.125274658, 131.194702148, 95.5275726318, 83.7537994385, 142.655761719, 91.5809402466, 81.6055679321, 56.5642280579, 54.4674072266, 28.6406402588, 16.9012718201, 8.51243209839, 1.55926692486, 0.333859413862, 0.0692253261805, 0.0070700882934, 5.13815575687e-05, 1.89796374173e-08, 4.52332560297e-10],
        "dvar2": [0.423844873905, 10.6921157837, 28.937702179, 248.652770996, 429.215667725, 336.395233154, 873.92010498, 135.730361938, 955.39630127, 1238.55029297, 665.051940918, 2614.10961914, 1226.10559082, 231.340820312, 4268.171875, 2660.61401367, 7916.29052734, 13865.1259766, 1122.28747559, 611.969055176, 1425.0032959, 954.499023438, 337.108978271, 239.192855835, 191.513412476, 358.893859863, 191.060073853, 168.567749023, 91.2436828613, 101.238105774, 49.6312522888, 25.8520202637, 17.174446106, 3.15068244934, 0.689670860767, 0.143995970488, 0.0158292260021, 0.000122139565065, 4.09320648487e-08, 9.90456272554e-10],
        "max": [3.17993187904, 15.802110672, 30.2022380829, 103.959487915, 191.357498169, 276.565551758, 178.323867798, 92.4233474731, 478.73248291, 966.864685059, 475.675140381, 742.860778809, 576.569885254, 387.563659668, 717.386901855, 1126.89074707, 1328.22045898, 2086.28222656, 311.400115967, 196.25201416, 287.987731934, 209.318328857, 137.42590332, 111.335174561, 131.982254028, 123.479721069, 150.962722778, 104.76991272, 185.210968018, 174.901245117, 153.311691284, 110.976249695, 68.578666687, 20.8510704041, 6.88255119324, 3.28322958946, 1.04546821117, 0.0894142910838, 0.00170051236637, 0.000193521933397],
        "mean": [0.131247162819, 1.1172144413, 2.89389920235, 7.83713674545, 12.0127439499, 8.26393604279, 9.92461681366, 10.5394229889, 8.47655677795, 14.3114776611, 23.5161342621, 36.1712722778, 41.2198600769, 17.7246608734, 32.2023086548, 28.8809356689, 36.2579803467, 50.6754837036, 27.947675705, 29.4127025604, 50.3806152344, 43.9602928162, 22.6743831635, 23.3848209381, 21.3680706024, 27.9485759735, 17.0051879883, 11.600941658, 8.4927740097, 6.95878219604, 4.84975624084, 4.08175802231, 2.86336803436, 1.58879053593, 0.726589024067, 0.30200573802, 0.0722777247429, 0.00470091681927, 0.000124033089378, 4.15728645748e-05],
        "median": [0.0473310127854, 0.579370856285, 2.03927135468, 4.60849761963, 6.66381788254, 4.88466691971, 4.91377210617, 6.28877210617, 3.93234729767, 6.14950895309, 10.6330461502, 19.200428009, 22.5160636902, 11.5725679398, 11.1491518021, 14.0258102417, 12.6208524704, 19.1726379395, 19.8386650085, 24.7111167908, 41.6911659241, 41.0098686218, 21.0665245056, 21.1968994141, 19.6335144043, 26.4056224823, 14.0394935608, 6.94741725922, 4.92736673355, 3.74654555321, 2.39110779762, 2.04230594635, 1.66673600674, 1.01755666733, 0.46037325263, 0.168264836073, 0.031329549849, 0.00160569488071, 6.5506566898e-05, 3.4838602005e-05],
        "min": [0.000235666768276, 0.00422085635364, 0.0168605167419, 0.0789191499352, 0.171192273498, 0.271880447865, 0.0768943578005, 0.0904260501266, 0.0380526557565, 0.0677068680525, 0.0487763546407, 0.0338152348995, 0.102753855288, 0.0210314542055, 0.0321102775633, 0.0430380292237, 0.0135070476681, 0.01582749933, 0.00926073268056, 0.00799330323935, 0.0168024655432, 0.0142350308597, 0.021164374426, 0.00843959115446, 0.00535586709157, 0.00431810133159, 0.00270089157857, 0.00173305894714, 0.00114977080375, 0.0007663652068, 0.000358227582183, 0.000142467368278, 0.00012076323037, 5.3083174862e-05, 1.30402131617e-05, 2.43056479121e-06, 9.8370219348e-07, 9.98073446112e-08, 1.12783095574e-06, 2.66457618636e-06],
        "var": [0.130933254957, 3.12362003326, 9.4356803894, 121.905769348, 242.680618286, 208.891311646, 331.4453125, 151.517883301, 408.420043945, 2075.14013672, 2012.21191406, 2976.58886719, 3629.81176758, 730.633483887, 4321.55566406, 3723.34838867, 6032.91552734, 15529.2207031, 931.169006348, 694.739807129, 2031.79577637, 1290.92041016, 333.901977539, 334.142791748, 283.636199951, 450.661895752, 291.016021729, 214.621246338, 165.687072754, 138.244918823, 94.6837005615, 65.4591598511, 19.4303607941, 3.75483417511, 0.715707182884, 0.14576356113, 0.0114614591002, 6.66531414026e-05, 3.03847826899e-08, 8.63275229079e-10]
    },
    "gfcc": {
        "mean": [28.275510788, 83.7809448242, -119.191429138, 48.0587234497, -57.4170341492, 21.9337081909, -38.9632987976, 15.3847970963, -29.3080978394, 0.942069351673, -22.52501297, -5.68295478821, -9.24752616882],
        "cov": [[4362.56640625, -1549.47717285, -809.208740234, -264.544708252, -46.7253990173, 161.412139893, -266.602844238, 349.423217773, -249.810256958, 349.611816406, -290.882873535, 167.076522827, -151.222503662], [-1549.47717285, 976.726074219, 62.2117042542, -15.9108095169, 37.8050079346, -92.3329315186, 152.636016846, -165.516235352, 148.838851929, -164.533203125, 163.055770874, -102.857376099, 100.276802063], [-809.208740234, 62.2117042542, 745.641906738, 74.6992645264, -71.2443313599, 55.3300857544, 10.2540864944, -64.1968154907, -25.9707584381, -33.5398139954, 54.8151245117, 30.7640171051, -83.9505386353], [-264.544708252, -15.9108095169, 74.6992645264, 340.933441162, 72.0490341187, -32.5899963379, 2.66143798828, -20.3686237335, 48.222568512, -64.3706436157, -14.5905485153, -34.1590194702, 66.7071228027], [-46.7253990173, 37.8050079346, -71.2443313599, 72.0490341187, 188.781188965, -27.5828475952, 26.3648681641, 24.5098133087, 22.4193058014, 3.60585808754, -46.0541038513, 19.2528457642, 40.0612754822], [161.412139893, -92.3329315186, 55.3300857544, -32.5899963379, -27.5828475952, 138.26600647, 33.4051628113, 9.15369796753, -25.3955497742, 27.2419548035, 31.9953556061, 12.227314949, -28.3706912994], [-266.602844238, 152.636016846, 10.2540864944, 2.66143798828, 26.3648681641, 33.4051628113, 149.695510864, 3.6870265007, 29.3733215332, -16.9138050079, 38.2196235657, -17.0733680725, 8.66563892365], [349.423217773, -165.516235352, -64.1968154907, -20.3686237335, 24.5098133087, 9.15369796753, 3.6870265007, 137.221176147, 0.612157225609, 52.659740448, -36.2539901733, 24.7397251129, 0.845758795738], [-249.810256958, 148.838851929, -25.9707584381, 48.222568512, 22.4193058014, -25.3955497742, 29.3733215332, 0.612157225609, 95.0988693237, -13.2244625092, 24.8760452271, -22.5446777344, 35.8279266357], [349.611816406, -164.533203125, -33.5398139954, -64.3706436157, 3.60585808754, 27.2419548035, -16.9138050079, 52.659740448, -13.2244625092, 108.669151306, -4.81917476654, 36.8628845215, -30.5798358917], [-290.882873535, 163.055770874, 54.8151245117, -14.5905485153, -46.0541038513, 31.9953556061, 38.2196235657, -36.2539901733, 24.8760452271, -4.81917476654, 121.820045471, -4.67047357559, 0.33992883563], [167.076522827, -102.857376099, 30.7640171051, -34.1590194702, 19.2528457642, 12.227314949, -17.0733680725, 24.7397251129, -22.5446777344, 36.8628845215, -4.67047357559, 80.8036117554, -2.82927298546], [-151.222503662, 100.276802063, -83.9505386353, 66.7071228027, 40.0612754822, -28.3706912994, 8.66563892365, 0.845758795738, 35.8279266357, -30.5798358917, 0.33992883563, -2.82927298546, 86.1806182861]],
        "icov": [[0.00106281496119, 0.00071702816058, 0.00128480023704, -0.000172374755493, 0.000495202431921, -0.000954664370511, 0.000655996263959, -0.000708681473043, 0.000492280174512, -0.000555216043722, 0.000836716266349, -0.000977660878561, 0.0013750664657], [0.00071702816058, 0.00772674195468, -0.00108771328814, 0.00562728382647, -0.00396311050281, 0.00367885502055, -0.00270662992261, 0.00377520499751, -0.00461977161467, 0.00487154256552, -0.00658697122708, 0.00570379476994, -0.00599683588371], [0.00128480023704, -0.00108771328814, 0.00419219024479, -0.00290204095654, 0.00237359129824, -0.00266474694945, 0.00139886827674, -0.00153073389083, 0.00153679051436, -0.000751866784412, 0.00243430677801, -0.00511641381308, 0.00666059413925], [-0.000172374755493, 0.00562728382647, -0.00290204095654, 0.0093129593879, -0.00522521045059, 0.00320502999239, -0.00158194312826, 0.00329310563393, -0.0048509594053, 0.00524942716584, -0.00534810591489, 0.00760203320533, -0.00912488345057], [0.000495202431921, -0.00396311050281, 0.00237359129824, -0.00522521045059, 0.0111144864932, -0.00215069181286, -0.000649162975606, -0.00220544263721, 0.00195723981597, -0.00467937765643, 0.0082182250917, -0.00769493216649, 0.00329015078023], [-0.000954664370511, 0.00367885502055, -0.00266474694945, 0.00320502999239, -0.00215069181286, 0.0133924335241, -0.00519581278786, 0.00252337800339, -0.000132595319883, 0.00131003768183, -0.00730910757557, 0.00442946702242, -0.00443191034719], [0.000655996263959, -0.00270662992261, 0.00139886827674, -0.00158194312826, -0.000649162975606, -0.00519581278786, 0.0112936953083, -0.00399436475709, 0.000459680042695, -7.58234018576e-05, 0.000606569286902, -0.00111055688467, 0.00412562116981], [-0.000708681473043, 0.00377520499751, -0.00153073389083, 0.00329310563393, -0.00220544263721, 0.00252337800339, -0.00399436475709, 0.0137247974053, -0.0046370588243, -0.00150903477333, -0.000821734312922, 0.00247774249874, -0.00607660040259], [0.000492280174512, -0.00461977161467, 0.00153679051436, -0.0048509594053, 0.00195723981597, -0.000132595319883, 0.000459680042695, -0.0046370588243, 0.0202466100454, -0.00623949524015, 0.000959269702435, 8.37652260088e-05, -9.52778791543e-05], [-0.000555216043722, 0.00487154256552, -0.000751866784412, 0.00524942716584, -0.00467937765643, 0.00131003768183, -7.58234018576e-05, -0.00150903477333, -0.00623949524015, 0.0212912131101, -0.00732853356749, -0.000613105483353, 0.00134822283871], [0.000836716266349, -0.00658697122708, 0.00243430677801, -0.00534810591489, 0.0082182250917, -0.00730910757557, 0.000606569286902, -0.000821734312922, 0.000959269702435, -0.00732853356749, 0.0210416950285, -0.00873776897788, 0.00599511014298], [-0.000977660878561, 0.00570379476994, -0.00511641381308, 0.00760203320533, -0.00769493216649, 0.00442946702242, -0.00111055688467, 0.00247774249874, 8.37652260088e-05, -0.000613105483353, -0.00873776897788, 0.0263162832707, -0.0134519552812], [0.0013750664657, -0.00599683588371, 0.00666059413925, -0.00912488345057, 0.00329015078023, -0.00443191034719, 0.00412562116981, -0.00607660040259, -9.52778791543e-05, 0.00134822283871, 0.00599511014298, -0.0134519552812, 0.0312544591725]]
    },
    "melbands": {
        "dmean": [0.00109045032877, 0.000993469031528, 0.00090947735589, 0.000389381864807, 0.000224051109399, 0.000108678723336, 7.47554950067e-05, 7.98167093308e-05, 8.96443743841e-05, 0.00012711857562, 8.43239831738e-05, 2.79545838566e-05, 4.33921522927e-05, 6.82662939653e-05, 2.78018997051e-05, 7.23631092114e-05, 5.19845270901e-05, 2.22753769776e-05, 2.38771845034e-05, 1.49965717355e-05, 2.74717604043e-05, 2.016423241e-05, 9.04651824385e-06, 8.29357850307e-06, 7.65710592532e-06, 6.6538405008e-06, 6.77745765643e-06, 8.09684479464e-06, 4.72545525554e-06, 4.05230230172e-06, 3.10266796077e-06, 2.28517501455e-06, 2.35641073232e-06, 2.00484009838e-06, 1.56348335167e-06, 1.28016142753e-06, 1.27563987462e-06, 1.17809577205e-06, 9.39656615628e-07, 6.90226613642e-07],
        "dmean2": [0.00179302203469, 0.00165842007846, 0.00147943617776, 0.000632925308309, 0.000366775202565, 0.000164789875271, 0.000111425790237, 0.000112127090688, 0.000117817166029, 0.000176918343641, 0.000107154512079, 3.80945821234e-05, 6.52001835988e-05, 0.000100196761196, 4.02320656576e-05, 0.00011509682372, 8.03925286164e-05, 3.55889460479e-05, 4.06552462664e-05, 2.49074983003e-05, 4.40041112597e-05, 3.24541215377e-05, 1.49819388753e-05, 1.32840104925e-05, 1.28037718241e-05, 1.07467139969e-05, 1.05678900582e-05, 1.32057875817e-05, 7.49501805331e-06, 6.27280041954e-06, 4.68273856313e-06, 3.42596990777e-06, 3.40789370057e-06, 3.07671962219e-06, 2.35817105931e-06, 1.95286020244e-06, 1.91740218725e-06, 1.79263236078e-06, 1.44655916756e-06, 1.08343795091e-06],
        "dvar": [1.06175493784e-05, 3.27567090608e-06, 2.59266744251e-06, 6.38229153083e-07, 3.80306005354e-07, 3.09930712206e-08, 7.44523660501e-08, 7.75649695584e-08, 4.20072403529e-08, 5.8421086635e-08, 1.76598415891e-08, 3.02978309108e-09, 1.24213208608e-08, 3.34683356584e-08, 1.03938893048e-08, 3.45892878784e-08, 1.9700106435e-08, 1.4368791712e-09, 1.55444856986e-09, 4.22484630613e-10, 1.06442221703e-09, 5.82406733951e-10, 1.33047267648e-10, 1.17693021995e-10, 7.81096021196e-11, 6.42754599545e-11, 7.08563277496e-11, 9.11461670028e-11, 4.52873745449e-11, 4.3926483978e-11, 3.05961055103e-11, 1.74508203027e-11, 3.0784576277e-11, 1.78583241944e-11, 1.22253101739e-11, 9.08518833082e-12, 7.01552401242e-12, 5.98101472862e-12, 2.12925662345e-12, 1.06286041166e-12],
        "dvar2": [2.783212949e-05, 8.99219503481e-06, 6.16637180428e-06, 1.5732907741e-06, 9.57788188316e-07, 7.58172546966e-08, 1.76351363734e-07, 1.39737110771e-07, 6.78528877529e-08, 1.21604927017e-07, 3.10715897456e-08, 4.25253166014e-09, 2.82025194309e-08, 7.14072214691e-08, 1.89639646209e-08, 8.53061763451e-08, 4.02804865018e-08, 3.76972320026e-09, 4.57267113063e-09, 1.11336073694e-09, 2.63298494119e-09, 1.55125201573e-09, 3.48608336642e-10, 2.97616098432e-10, 2.02266911553e-10, 1.6305404249e-10, 1.71117398029e-10, 2.44406245242e-10, 1.07092640311e-10, 9.72118358034e-11, 6.79074990684e-11, 3.12758950682e-11, 6.22314769161e-11, 3.70799155269e-11, 2.19511492316e-11, 1.86853102435e-11, 1.16137932604e-11, 1.27066725197e-11, 4.35025886841e-12, 2.37541106576e-12],
        "max": [0.0259607676417, 0.0160081386566, 0.0154171781614, 0.0149747561663, 0.00728815514594, 0.0020267337095, 0.00627453066409, 0.00890832673758, 0.00383642688394, 0.00497201643884, 0.0032078968361, 0.00208275974728, 0.00165881193243, 0.00425218697637, 0.0035770596005, 0.00276991492137, 0.00355552136898, 0.000593236938585, 0.000523309514392, 0.000294095283607, 0.000358907098416, 0.000261629727902, 0.00016701540153, 0.000128648069222, 9.4708360848e-05, 9.87092353171e-05, 9.50687172008e-05, 9.78830212262e-05, 8.69729701662e-05, 8.88411523192e-05, 7.2300361353e-05, 8.74140605447e-05, 0.000139659183333, 9.00922022993e-05, 9.49991226662e-05, 9.08321817406e-05, 6.18972626398e-05, 6.0582831793e-05, 2.68472831522e-05, 1.22437122627e-05],
        "mean": [0.00127636187244, 0.00155717681628, 0.00153927574866, 0.000696377945133, 0.000353062845534, 0.000232437698287, 0.000138231160236, 0.000172008556547, 0.000193529296666, 0.000272723060334, 0.000204986456083, 6.64855251671e-05, 8.62931410666e-05, 0.000128646846861, 4.65356861241e-05, 0.000109263055492, 8.67815761012e-05, 4.22279081249e-05, 4.23603160016e-05, 3.93885638914e-05, 6.31823859294e-05, 5.01963149873e-05, 2.22790113185e-05, 1.94438725885e-05, 1.90461341845e-05, 1.66047102539e-05, 1.63882468769e-05, 1.94010099221e-05, 1.12744646685e-05, 8.25381448522e-06, 6.25815710009e-06, 4.93560628456e-06, 4.16326474806e-06, 3.64881157111e-06, 2.85557916868e-06, 2.54994097304e-06, 2.4219189072e-06, 2.03000695365e-06, 1.67520886407e-06, 1.22991684748e-06],
        "median": [0.000539326865692, 0.00119647476822, 0.000966721330769, 0.000444251345471, 0.00018509128131, 0.000142490534927, 6.21364670224e-05, 7.5783515058e-05, 7.15594505891e-05, 0.000150304724229, 0.000108745472971, 3.61761340173e-05, 3.69609624613e-05, 4.46035155619e-05, 2.01212715183e-05, 2.60092001554e-05, 2.92539771181e-05, 2.75427464658e-05, 3.00167503156e-05, 3.25635555782e-05, 4.99506313645e-05, 4.34609792137e-05, 2.03471390705e-05, 1.68666156242e-05, 1.67115704244e-05, 1.37747174449e-05, 1.4705018657e-05, 1.7787597244e-05, 9.30747955863e-06, 5.26061012351e-06, 3.54068606612e-06, 2.93634980153e-06, 2.11631845559e-06, 1.89506317838e-06, 1.34304036692e-06, 1.15275452117e-06, 1.18818275041e-06, 1.09576740215e-06, 1.02777437405e-06, 7.4521631177e-07],
        "min": [5.32454942004e-06, 4.41234033133e-06, 1.75398745341e-05, 1.81545801752e-05, 3.10746690957e-06, 1.83484155514e-06, 8.00546445134e-07, 7.06536638972e-07, 2.70388397894e-07, 1.0637692327e-07, 4.82950042624e-07, 4.46087469186e-08, 6.27075564807e-08, 1.277168451e-07, 3.24410258656e-08, 2.4797383702e-08, 1.19724203884e-08, 1.5624529226e-08, 1.00792130198e-08, 1.12587992263e-08, 1.8907952537e-08, 1.2728521348e-08, 1.45274574592e-08, 1.77032983828e-08, 4.67724969866e-09, 3.68221053648e-09, 2.62183386113e-09, 1.5529911801e-09, 1.5705412526e-09, 1.34330324641e-09, 8.83603301638e-10, 5.29491894774e-10, 2.82182249789e-10, 4.61866239698e-10, 2.32393188027e-10, 1.25129101525e-10, 2.11823093788e-11, 2.76921055531e-11, 1.71787510974e-13, 1.34812679683e-13],
