{
"highlevel": {
    "danceability": {
        "all": {
            "danceable": 0.00861706864089,
            "not_danceable": 0.991382956505
        },
        "probability": 0.991382956505,
        "value": "not_danceable"
    },
    "gender": {
        "all": {
            "female": 0.678261458874,
            "male": 0.321738541126
        },
        "probability": 0.678261458874,
        "value": "female"
    },
    "genre_dortmund": {
        "all": {
            "alternative": 0.217211037874,
            "blues": 0.12224598974,
            "electronic": 0.102419488132,
            "folkcountry": 0.116683080792,
            "funksoulrnb": 0.0233167540282,
            "jazz": 0.114573039114,
            "pop": 0.0310520846397,
            "raphiphop": 0.0049722851254,
            "rock": 0.267526239157
        },
        "probability": 0.267526239157,
        "value": "rock"
    },
    "genre_electronic": {
        "all": {
            "ambient": 0.683881878853,
            "dnb": 0.0465597473085,
            "house": 0.107546009123,
            "techno": 0.0161581523716,
            "trance": 0.145854204893
        },
        "probability": 0.683881878853,
        "value": "ambient"
    },
    "genre_rosamerica": {
        "all": {
            "cla": 0.0254068374634,
            "dan": 0.02226819098,
            "hip": 0.010630694218,
            "jaz": 0.0446719303727,
            "pop": 0.517877519131,
            "rhy": 0.170523375273,
            "roc": 0.196700915694,
            "spe": 0.011920556426
        },
        "probability": 0.517877519131,
        "value": "pop"
    },
    "genre_tzanetakis": {
        "all": {
            "blu": 1.6774423647e-14,
            "cla": 1.09948086808e-14,
            "cou": 4.30709308009e-14,
            "dis": 1.80398129432e-14,
            "hip": 2.93315718936e-14,
            "jaz": 0.999999940395,
            "met": 1.42821159343e-08,
            "pop": 2.50000233848e-08,
            "reg": 2.00012433282e-08,
            "roc": 2.50001566116e-08
        },
        "probability": 0.999999940395,
        "value": "jaz"
    },
    "ismir04_rhythm": {
        "all": {
            "ChaChaCha": 0.0496096611023,
            "Jive": 0.0148992342874,
            "Quickstep": 0.0309051312506,
            "Rumba-American": 0.0622427836061,
            "Rumba-International": 0.130593061447,
            "Rumba-Misc": 0.0128738796338,
            "Samba": 0.0445110425353,
            "Tango": 0.214275985956,
            "VienneseWaltz": 0.416517049074,
            "Waltz": 0.0235721841455
        },
        "probability": 0.416517049074,
        "value": "VienneseWaltz"
    },
    "mood_acoustic": {
        "all": {
            "acoustic": 0.425994336605,
            "not_acoustic": 0.574005663395
        },
        "probability": 0.574005663395,
        "value": "not_acoustic"
    },
    "mood_aggressive": {
        "all": {
            "aggressive": 0.0974389016628,
            "not_aggressive": 0.902561128139
        },
        "probability": 0.902561128139,
        "value": "not_aggressive"
    },
    "mood_electronic": {
        "all": {
            "electronic": 0.9749391675,
            "not_electronic": 0.0250608250499
        },
        "probability": 0.9749391675,
        "value": "electronic"
    },
    "mood_happy": {
        "all": {
            "happy": 0.949453115463,
            "not_happy": 0.050546862185
        },
        "probability": 0.949453115463,
        "value": "happy"
    },
    "mood_party": {
        "all": {
            "not_party": 0.98922431469,
            "party": 0.0107757057995
        },
        "probability": 0.98922431469,
        "value": "not_party"
    },
    "mood_relaxed": {
        "all": {
            "not_relaxed": 0.097200088203,
            "relaxed": 0.902799904346
        },
        "probability": 0.902799904346,
        "value": "relaxed"
    },
    "mood_sad": {
        "all": {
            "not_sad": 0.492082297802,
            "sad": 0.507917702198
        },
        "probability": 0.507917702198,
        "value": "sad"
    },
    "moods_mirex": {
        "all": {
            "Cluster1": 0.260096698999,
            "Cluster2": 0.15142083168,
            "Cluster3": 0.287162065506,
            "Cluster4": 0.160254657269,
            "Cluster5": 0.141065746546
        },
        "probability": 0.287162065506,
        "value": "Cluster3"
    },
    "timbre": {
        "all": {
            "bright": 0.959784150124,
            "dark": 0.0402158759534
        },
        "probability": 0.959784150124,
        "value": "bright"
    },
    "tonal_atonal": {
        "all": {
            "atonal": 0.005002329126,
            "tonal": 0.994997680187
        },
        "probability": 0.994997680187,
        "value": "tonal"
    },
    "voice_instrumental": {
        "all": {
            "instrumental": 0.0605207383633,
            "voice": 0.939479231834
        },
        "probability": 0.939479231834,
        "value": "voice"
    }
},
"lowlevel": {
    "average_loudness": 0.985071122646,
    "barkbands_crest": {
        "dmean": 2.36788153648,
        "dmean2": 3.98717069626,
        "dvar": 3.94947338104,
        "dvar2": 10.9938650131,
        "max": 22.8269405365,
        "mean": 9.40645980835,
        "median": 8.79377269745,
        "min": 3.82930421829,
        "var": 9.76764392853
    },
    "barkbands_flatness_db": {
        "dmean": 0.0199934691191,
        "dmean2": 0.0322190262377,
        "dvar": 0.000296736194286,
        "dvar2": 0.00074506708188,
        "max": 0.350142031908,
        "mean": 0.200951710343,
        "median": 0.202948063612,
        "min": 0.110612280667,
        "var": 0.0010203368729
    },
    "barkbands_kurtosis": {
        "dmean": 2.35621905327,
        "dmean2": 3.7664642334,
        "dvar": 10.6168756485,
        "dvar2": 27.1349754333,
        "max": 55.9613838196,
        "mean": 2.98822855949,
        "median": 1.38614416122,
        "min": -1.55351519585,
        "var": 22.9033355713
    },
    "barkbands_skewness": {
        "dmean": 0.521622657776,
        "dmean2": 0.80424451828,
        "dvar": 0.220010429621,
        "dvar2": 0.536341130733,
        "max": 6.40300798416,
        "mean": 1.31946158409,
        "median": 1.18089187145,
        "min": -0.580163955688,
        "var": 0.750511407852
    },
    "barkbands_spread": {
        "dmean": 3.15187358856,
        "dmean2": 5.04225730896,
        "dvar": 8.58619976044,
        "dvar2": 19.9673194885,
        "max": 59.2874031067,
        "mean": 14.5013666153,
        "median": 14.3120508194,
        "min": 2.07147049904,
        "var": 25.6796035767
    },
    "dissonance": {
        "dmean": 0.029380293563,
        "dmean2": 0.0496194586158,
        "dvar": 0.000650616188068,
        "dvar2": 0.00178403989412,
        "max": 0.500000119209,
        "mean": 0.43929952383,
        "median": 0.444837599993,
        "min": 0.240539774299,
        "var": 0.00129214162007
    },
    "dynamic_complexity": 1.13516879082,
    "erbbands_crest": {
        "dmean": 3.8666768074,
        "dmean2": 6.2274928093,
        "dvar": 10.3898677826,
        "dvar2": 26.8685340881,
        "max": 28.1892642975,
        "mean": 12.5158166885,
        "median": 11.6949071884,
        "min": 3.52105545998,
        "var": 25.0064792633
    },
    "erbbands_flatness_db": {
        "dmean": 0.0224700625986,
        "dmean2": 0.0317642837763,
        "dvar": 0.000437393377069,
        "dvar2": 0.000833820493426,
        "max": 0.305098742247,
        "mean": 0.211063206196,
        "median": 0.216574043036,
        "min": 0.0751947015524,
        "var": 0.0017793844454
    },
    "erbbands_kurtosis": {
        "dmean": 1.16418457031,
        "dmean2": 1.87562429905,
        "dvar": 1.50456929207,
        "dvar2": 3.46548366547,
        "max": 16.487154007,
        "mean": 1.08619344234,
        "median": 0.548000812531,
        "min": -1.8518447876,
        "var": 4.07827281952
    },
    "erbbands_skewness": {
        "dmean": 0.426485091448,
        "dmean2": 0.67647844553,
        "dvar": 0.11190597713,
        "dvar2": 0.286231845617,
        "max": 3.41437387466,
        "mean": 0.515250980854,
        "median": 0.495221912861,
        "min": -1.5854549408,
        "var": 0.406321614981
    },
    "erbbands_spread": {
        "dmean": 7.06049633026,
        "dmean2": 10.7230510712,
        "dvar": 52.0061187744,
        "dvar2": 108.104354858,
        "max": 153.009994507,
        "mean": 25.972158432,
        "median": 23.747253418,
        "min": 6.00558662415,
        "var": 197.706939697
    },
    "hfc": {
        "dmean": 6.44478321075,
        "dmean2": 10.077911377,
        "dvar": 37.6752471924,
        "dvar2": 95.2594833374,
        "max": 67.0816116333,
        "mean": 22.8092784882,
        "median": 21.8027744293,
        "min": 3.23627853394,
        "var": 90.0662689209
    },
    "melbands_crest": {
        "dmean": 2.93167376518,
        "dmean2": 4.90011358261,
        "dvar": 6.81966257095,
        "dvar2": 18.3035202026,
        "max": 27.4987182617,
        "mean": 12.5151834488,
        "median": 11.7990407944,
        "min": 5.29534101486,
        "var": 14.6186723709
    },
    "melbands_flatness_db": {
        "dmean": 0.0221341662109,
        "dmean2": 0.0350877530873,
        "dvar": 0.000384568498703,
        "dvar2": 0.000962268444709,
        "max": 0.453480750322,
        "mean": 0.265519678593,
        "median": 0.26788008213,
        "min": 0.164251714945,
        "var": 0.00154626613948
    },
    "melbands_kurtosis": {
        "dmean": 5.13427829742,
        "dmean2": 8.24141025543,
        "dvar": 76.9618530273,
        "dvar2": 183.578720093,
        "max": 153.225128174,
        "mean": 8.0272436142,
        "median": 4.36956691742,
        "min": -1.48584270477,
        "var": 172.663711548
    },
    "melbands_skewness": {
        "dmean": 0.68761831522,
        "dmean2": 1.06515586376,
        "dvar": 0.420834094286,
        "dvar2": 1.01585233212,
        "max": 10.1976337433,
        "mean": 2.00741624832,
        "median": 1.76885378361,
        "min": -0.307445675135,
        "var": 1.41071224213
    },
    "melbands_spread": {
        "dmean": 4.00972175598,
        "dmean2": 6.23528146744,
        "dvar": 11.1503772736,
        "dvar2": 29.0249347687,
        "max": 40.8481330872,
        "mean": 15.9131317139,
        "median": 15.8158769608,
        "min": 1.88102769852,
        "var": 42.1810340881
    },
    "pitch_salience": {
        "dmean": 0.0683177411556,
        "dmean2": 0.111837409437,
        "dvar": 0.00344548467547,
        "dvar2": 0.00918304547668,
        "max": 0.785843908787,
        "mean": 0.499463945627,
        "median": 0.493756085634,
        "min": 0.234264940023,
        "var": 0.00787757523358
    },
    "silence_rate_20dB": {
        "dmean": 0,
        "dmean2": 0,
        "dvar": 0,
        "dvar2": 0,
        "max": 1,
        "mean": 1,
        "median": 1,
        "min": 1,
        "var": 0
    },
    "silence_rate_30dB": {
        "dmean": 0.0061919502914,
        "dmean2": 0.0123934932053,
        "dvar": 0.0061535006389,
        "dvar2": 0.0184371788055,
        "max": 1,
        "mean": 0.996906399727,
        "median": 1,
        "min": 0,
        "var": 0.00308398809284
    },
    "silence_rate_60dB": {
        "dmean": 0,
        "dmean2": 0,
        "dvar": 0,
        "dvar2": 0,
        "max": 0,
        "mean": 0,
        "median": 0,
        "min": 0,
        "var": 0
    },
    "spectral_centroid": {
        "dmean": 135.218582153,
        "dmean2": 220.471343994,
        "dvar": 14447.7910156,
        "dvar2": 38920.1210938,
        "max": 1984.40161133,
        "mean": 833.289550781,
        "median": 818.950134277,
        "min": 247.536758423,
        "var": 57671.1835938
    },
    "spectral_complexity": {
        "dmean": 2.45510840416,
        "dmean2": 4.00309848785,
        "dvar": 5.05291128159,
        "dvar2": 11.4019927979,
        "max": 36,
        "mean": 17.0610980988,
        "median": 17,
        "min": 6,
        "var": 18.5275630951
    },
    "spectral_decrease": {
        "dmean": 3.89763021857e-09,
        "dmean2": 6.3823870633e-09,
        "dvar": 1.88161983398e-17,
        "dvar2": 4.91443387477e-17,
        "max": -4.10001455009e-09,
        "mean": -1.25554953101e-08,
        "median": -1.1587462545e-08,
        "min": -3.80988431914e-08,
        "var": 2.36372898455e-17
    },
    "spectral_energy": {
        "dmean": 0.0151447467506,
        "dmean2": 0.0247823949903,
        "dvar": 0.000280443869997,
        "dvar2": 0.00072964921128,
        "max": 0.14655020833,
        "mean": 0.0494561493397,
        "median": 0.0456529892981,
        "min": 0.0160557162017,
        "var": 0.000356889155228
    },
    "spectral_energyband_high": {
        "dmean": 0.000179345181095,
        "dmean2": 0.000277630111668,
        "dvar": 1.1206722661e-07,
        "dvar2": 2.5566663453e-07,
        "max": 0.00595017848536,
        "mean": 0.000286717026029,
        "median": 0.000145064550452,
        "min": 1.0771906318e-06,
        "var": 1.81047738579e-07
    },
    "spectral_energyband_low": {
        "dmean": 0.0100766113028,
        "dmean2": 0.0168944299221,
        "dvar": 0.000175215725903,
        "dvar2": 0.00047786757932,
        "max": 0.128659039736,
        "mean": 0.019950542599,
        "median": 0.0160105936229,
        "min": 0.00121039140504,
        "var": 0.000225607640459
    },
    "spectral_energyband_middle_high": {
        "dmean": 0.00275347544812,
        "dmean2": 0.00444402638823,
        "dvar": 1.03091388155e-05,
        "dvar2": 2.63317833742e-05,
        "max": 0.051288690418,
        "mean": 0.00710911629722,
        "median": 0.00610885489732,
        "min": 9.52208356466e-05,
        "var": 2.59575372183e-05
    },
    "spectral_energyband_middle_low": {
        "dmean": 0.00895702745765,
        "dmean2": 0.0142758274451,
        "dvar": 0.000124263984617,
        "dvar2": 0.000317480968079,
        "max": 0.115816615522,
        "mean": 0.0249700080603,
        "median": 0.0223721470684,
        "min": 0.00392748834565,
        "var": 0.000171867359313
    },
    "spectral_entropy": {
        "dmean": 0.177877008915,
        "dmean2": 0.262191832066,
        "dvar": 0.0324766933918,
        "dvar2": 0.0659458711743,
        "max": 8.35544586182,
        "mean": 7.01084041595,
        "median": 6.98124647141,
        "min": 5.67810630798,
        "var": 0.103586040437
    },
    "spectral_flux": {
        "dmean": 0.0294348243624,
        "dmean2": 0.0459154434502,
        "dvar": 0.000837932224385,
        "dvar2": 0.00171393097844,
        "max": 0.275091141462,
        "mean": 0.108116671443,
        "median": 0.0992699712515,
        "min": 0.0350469984114,
        "var": 0.00160477112513
    },
    "spectral_kurtosis": {
        "dmean": 3.41238832474,
        "dmean2": 5.83539915085,
        "dvar": 10.3389310837,
        "dvar2": 30.2682266235,
        "max": 41.4234962463,
        "mean": 6.8050198555,
        "median": 5.95584011078,
        "min": -0.633110523224,
        "var": 18.6874217987
    },
    "spectral_rms": {
        "dmean": 0.00101893651299,
        "dmean2": 0.00164594140369,
        "dvar": 9.9960004718e-07,
        "dvar2": 2.56147518485e-06,
        "max": 0.0119572496042,
        "mean": 0.00683462666348,
        "median": 0.00667379237711,
        "min": 0.00395779125392,
        "var": 1.53773476086e-06
    },
    "spectral_rolloff": {
        "dmean": 211.331481934,
        "dmean2": 374.703430176,
        "dvar": 75692.9921875,
        "dvar2": 185022.53125,
        "max": 3746.77734375,
        "mean": 793.664611816,
        "median": 775.1953125,
        "min": 107.666015625,
        "var": 124014.179688
    },
    "spectral_skewness": {
        "dmean": 0.338061481714,
        "dmean2": 0.567257881165,
        "dvar": 0.0852758064866,
        "dvar2": 0.238203436136,
        "max": 4.91351079941,
        "mean": 1.83672904968,
        "median": 1.78894853592,
        "min": 0.50978153944,
        "var": 0.251402199268
    },
    "spectral_spread": {
        "dmean": 528092.25,
        "dmean2": 753537.3125,
        "dvar": 594868174848,
        "dvar2": 1.02504936243e+12,
        "max": 14608973,
        "mean": 3254744.5,
        "median": 2771247,
        "min": 1365687.75,
        "var": 1.90392526438e+12
    },
    "spectral_strongpeak": {
        "dmean": 0.859372377396,
        "dmean2": 1.51751554012,
        "dvar": 1.39225876331,
        "dvar2": 3.4794113636,
        "max": 9.32740974426,
        "mean": 1.19329285622,
        "median": 0.519140422344,
        "min": 0.0704901516438,
        "var": 1.83523571491
    },
    "zerocrossingrate": {
        "dmean": 0.00465416675434,
        "dmean2": 0.00620090728626,
        "dvar": 1.77890615305e-05,
        "dvar2": 2.71031221928e-05,
        "max": 0.1025390625,
        "mean": 0.0343734137714,
        "median": 0.0341796875,
        "min": 0.00537109375,
        "var": 9.70821711235e-05
    },
    "barkbands": {
        "dmean": [0.000106312807475, 0.00679598515853, 0.00437980564311, 0.0023216761183, 0.00281528010964, 0.00330275949091, 0.00116148230154, 0.00093780644238, 0.00183675345033, 0.0029388172552, 0.000132537694299, 0.000600548926741, 0.000402249745093, 0.0012675805483, 0.000149886443978, 0.000161504081916, 0.000159914547112, 0.000108489082777, 0.000100183104223, 6.19721031399e-05, 5.07207623741e-05, 3.73279362975e-05, 2.93719585898e-05, 1.79297912837e-05, 3.47710447386e-05, 2.60152523879e-06, 2.25207097415e-09],
        "dmean2": [0.000194675259991, 0.0114153930917, 0.00748704420403, 0.00405730679631, 0.00461328681558, 0.00523756118491, 0.00171916012187, 0.00143221684266, 0.00292273727246, 0.00444013159722, 0.000215683787246, 0.000947999476921, 0.000673697155435, 0.00213847588748, 0.000241586763877, 0.00026036077179, 0.000276531354757, 0.000182388306712, 0.000170323299244, 0.000103900005342, 8.41117507662e-05, 5.76053571422e-05, 4.43601493316e-05, 2.78186726064e-05, 5.64533256693e-05, 4.10658185501e-06, 3.75836162192e-09],
        "dvar": [1.46604319795e-08, 5.97682155785e-05, 5.75026970182e-05, 1.75353143277e-05, 1.73378721229e-05, 2.40711015067e-05, 3.46746560353e-06, 3.65463552043e-06, 8.07132710179e-06, 1.49821808009e-05, 7.08004748162e-08, 1.00748616205e-06, 7.74375735091e-07, 4.20714513893e-06, 1.45070487179e-07, 1.47227396496e-07, 5.24390415535e-08, 1.63473679038e-08, 2.67850328584e-08, 8.329870127e-09, 4.29160973425e-09, 6.02420291429e-09, 6.87393786336e-09, 1.0216652413e-08, 6.72611122354e-09, 1.54515539252e-10, 2.97037169836e-16],
        "dvar2": [4.58501148159e-08, 0.000177346228156, 0.000153425484314, 4.95621789014e-05, 4.6940131142e-05, 5.92144024267e-05, 6.74066768624e-06, 7.96609947429e-06, 2.02776900551e-05, 3.35209006153e-05, 1.96250823592e-07, 2.32794923249e-06, 2.30834325521e-06, 1.13178402898e-05, 3.43568757444e-07, 3.92981547748e-07, 1.41782223295e-07, 4.63637448433e-08, 8.07393760738e-08, 2.31820553864e-08, 1.02292627702e-08, 1.4056450226e-08, 1.49204044675e-08, 2.31708661147e-08, 1.68164042691e-08, 3.43286760129e-10, 3.11842988117e-16],
        "max": [0.00108239217661, 0.0789808481932, 0.0608427599072, 0.0399309433997, 0.0434238538146, 0.0444843024015, 0.0239760763943, 0.0278319492936, 0.0326160043478, 0.0421729721129, 0.00609841383994, 0.0151221621782, 0.0106736337766, 0.024659242481, 0.00700273644179, 0.00695006037131, 0.00272815185599, 0.00150588422548, 0.00282086897641, 0.000910374568775, 0.000786577176768, 0.00103724119253, 0.00184259901289, 0.00281936605461, 0.000984333106317, 0.000359660625691, 6.12981352788e-07],
        "mean": [0.000198053676286, 0.0124800046906, 0.00600441824645, 0.00293184816837, 0.00540062785149, 0.00564804859459, 0.00209910143167, 0.00160709279589, 0.003385089105, 0.00479773245752, 0.000183452444617, 0.000932052440476, 0.000605118228123, 0.00168629328255, 0.000259565364104, 0.000281766289845, 0.000251065241173, 0.00018870922213, 0.000179741502507, 0.000106420542579, 8.43696761876e-05, 5.1266655646e-05, 3.63720682799e-05, 2.35105180764e-05, 3.15290308208e-05, 2.96860162052e-06, 1.83730453074e-09],
        "median": [0.000156719281222, 0.010021911934, 0.00375455291942, 0.00178256689105, 0.00403979932889, 0.00361345382407, 0.00111319334246, 0.000559971376788, 0.00156536616851, 0.00252971868031, 9.06340719666e-05, 0.00044310092926, 0.000197999135708, 0.000810714147519, 9.36589276535e-05, 8.99449150893e-05, 0.000169296938111, 0.000139371783007, 0.0001089307043, 6.85988052282e-05, 5.87632093811e-05, 1.79051457962e-05, 5.68454788663e-06, 2.68225676336e-06, 1.21834466427e-06, 4.768395101e-08, 5.21766629902e-10],
        "min": [1.24368639831e-07, 0.000232064077863, 4.34560788563e-05, 9.89532509266e-06, 0.00017606568872, 8.53641831782e-05, 1.88210506167e-05, 5.28853252035e-06, 1.76928861038e-05, 8.82822951098e-06, 2.26461997954e-06, 3.51960738953e-06, 3.12817974191e-06, 4.53948359791e-06, 2.76174432656e-06, 2.43549015977e-06, 2.04148841476e-06, 1.8077655568e-06, 2.9003561508e-07, 5.06573940129e-07, 2.97636404412e-07, 1.09063400089e-07, 1.32635690875e-07, 1.05685387553e-07, 1.62208621535e-10, 9.35300014521e-12, 9.99537345253e-12],
        "var": [3.0204603263e-08, 0.000100026227301, 5.64777692489e-05, 1.45982066897e-05, 2.32963138842e-05, 3.67590328096e-05, 8.93830747373e-06, 1.03439115264e-05, 2.20117326535e-05, 3.37955243594e-05, 9.46107476807e-08, 2.08671144719e-06, 1.10739188131e-06, 5.71196869714e-06, 3.09153051603e-07, 3.00328707681e-07, 7.71115580278e-08, 2.86657559911e-08, 4.92926055529e-08, 1.22631957922e-08, 6.58633281247e-09, 8.48218562055e-09, 9.92390347676e-09, 1.29079227307e-08, 7.80658826471e-09, 3.33482103043e-10, 2.95223619356e-16]
    },
    "erbbands": {
        "dmean": [0.146507456899, 1.77631139755, 4.9962515831, 5.78893184662, 8.97952270508, 8.94690608978, 26.1485500336, 20.841217041, 19.1838912964, 15.4819612503, 25.5127735138, 40.0937614441, 117.025894165, 15.4936189651, 6.19713878632, 26.9109573364, 19.5311832428, 66.6724700928, 17.4122562408, 8.28999233246, 8.5764541626, 6.08256387711, 3.43931150436, 7.46714544296, 4.43599128723, 2.93793034554, 2.36175942421, 1.64444220066, 1.32844364643, 1.1967843771, 0.76029843092, 0.454095840454, 0.269859731197, 0.371485471725, 0.252989977598, 0.0223617479205, 0.00411708885804, 0.000271494558547, 1.37591032399e-05, 1.73878306668e-05],
        "dmean2": [0.242894351482, 3.002399683, 8.46214103699, 10.1160936356, 15.5973777771, 14.1805047989, 42.6783943176, 32.911567688, 28.6467094421, 21.825340271, 39.9309692383, 63.357963562, 175.486724854, 23.9341278076, 9.98390007019, 42.2757720947, 32.3446235657, 112.459785461, 28.8841400146, 13.4767427444, 14.3985853195, 10.3223495483, 5.75593328476, 12.7832727432, 7.46560716629, 4.87807893753, 4.02670764923, 2.59466481209, 2.06223416328, 1.87535083294, 1.15053761005, 0.694858372211, 0.429756522179, 0.604957163334, 0.4110686481, 0.0354295819998, 0.0066094645299, 0.000453208835097, 2.20101319428e-05, 2.83960980596e-05],
        "dvar": [0.0194568149745, 4.70175170898, 75.6027145386, 88.5151824951, 201.313415527, 197.892379761, 2769.11230469, 771.797363281, 777.07989502, 874.04498291, 2982.38012695, 4146.74267578, 22553.7773438, 683.314025879, 87.9571762085, 2127.35595703, 1327.34387207, 11354.6738281, 1104.91467285, 338.626525879, 189.8465271, 63.9312820435, 24.6042022705, 87.9833145142, 91.9542312622, 18.3707675934, 8.07604217529, 7.74309158325, 8.41405677795, 6.84340524673, 4.95294904709, 5.568795681, 2.25946903229, 0.803084611893, 0.369761139154, 0.00577907590196, 0.000609689508565, 2.42255327976e-06, 1.15374965137e-09, 3.69775987608e-10],
        "dvar2": [0.0613886080682, 13.7746171951, 201.292144775, 251.667648315, 566.019775391, 497.786499023, 7096.05566406, 1894.63574219, 1759.34350586, 1582.6472168, 6984.03320312, 10481.8115234, 50843.9765625, 1521.27209473, 230.49772644, 4875.29150391, 3867.94458008, 30272.4121094, 3016.1784668, 940.40423584, 512.742248535, 173.576461792, 68.3354873657, 251.006652832, 285.968444824, 50.6851654053, 21.6881923676, 17.7457866669, 19.7765007019, 15.5516633987, 11.0836353302, 12.4967718124, 4.85098934174, 1.98714923859, 0.932668328285, 0.0122947636992, 0.00141935201827, 6.02853697274e-06, 2.82522938377e-09, 9.49847756004e-10],
        "max": [1.42404568195, 22.3504657745, 75.6519546509, 75.7691192627, 141.423538208, 176.529800415, 487.868286133, 301.340118408, 350.410461426, 487.492889404, 794.511962891, 904.563415527, 1276.63366699, 514.594482422, 143.141296387, 737.925720215, 417.619567871, 1185.98205566, 407.743774414, 412.581207275, 221.467468262, 90.7294006348, 61.5329971313, 100.268707275, 187.279846191, 40.5196762085, 35.3118858337, 30.4747467041, 39.7995491028, 34.8719291687, 49.7150917053, 65.5870819092, 39.1402893066, 12.8647766113, 7.84852790833, 1.9796333313, 0.59441947937, 0.0378821901977, 0.000775462132879, 0.000164578770637],
        "mean": [0.278840303421, 3.09326338768, 7.09870386124, 8.36279773712, 13.7134437561, 18.8735294342, 37.2346572876, 38.8078918457, 37.798210144, 28.7326011658, 44.4608879089, 78.2631835938, 199.182357788, 28.4635658264, 10.1445474625, 42.6352653503, 33.2576179504, 92.1446685791, 27.2431926727, 15.6028661728, 16.4069328308, 10.9210014343, 7.05858707428, 13.2813529968, 7.77043151855, 5.1665391922, 4.19604969025, 2.58026766777, 1.78352034092, 1.56177508831, 0.964750111103, 0.582022726536, 0.343949735165, 0.349594444036, 0.218125775456, 0.024500740692, 0.00464402325451, 0.000244684953941, 3.17943777191e-05, 5.68319446757e-05],
        "median": [0.216046184301, 2.38240337372, 4.58323478699, 5.89519786835, 8.74698066711, 12.8820781708, 17.5694847107, 26.4777679443, 20.0263023376, 12.7427902222, 15.5373182297, 38.6463546753, 120.833686829, 16.4324264526, 6.51240873337, 19.6918087006, 16.7487010956, 52.3902130127, 15.0282783508, 7.4924621582, 8.8590259552, 7.88770484924, 4.97215032578, 9.92995738983, 4.44321584702, 3.30166244507, 3.15514564514, 1.36171221733, 0.550087451935, 0.506724059582, 0.166684150696, 0.074662104249, 0.023161072284, 0.0158558189869, 0.00668179150671, 0.000591516902205, 8.61382068251e-05, 9.19250123843e-06, 2.43386948569e-05, 5.24871829839e-05],
        "min": [0.00593806290999, 0.0565022230148, 0.127346843481, 0.480424612761, 0.612210929394, 0.829077720642, 0.671666800976, 1.18696200848, 0.500521421432, 0.560100317001, 0.811495840549, 0.693414330482, 0.62727445364, 0.315709620714, 0.126292943954, 0.298020333052, 0.293111473322, 0.224316850305, 0.245809778571, 0.217935204506, 0.169243276119, 0.113149531186, 0.140458554029, 0.0287811458111, 0.0198948476464, 0.0330103859305, 0.00931808538735, 0.0144608123228, 0.00453017605469, 0.00288905482739, 0.00384827563539, 0.00220502400771, 0.0010290723294, 0.000279808940832, 4.56026828033e-05, 1.93800806301e-05, 6.40544885755e-06, 5.52220058125e-07, 7.78215144237e-06, 1.7963044229e-05],
        "var": [0.0494491606951, 6.83664226532, 72.8352584839, 74.8105163574, 236.51663208, 346.196258545, 3258.70214844, 1430.95959473, 2106.81103516, 2442.26098633, 7363.80029297, 12157.0478516, 49455.6445312, 1753.09472656, 129.163864136, 4394.77490234, 2043.42089844, 15282.3154297, 1722.78808594, 685.659484863, 451.519561768, 116.323196411, 47.3320045471, 156.340820312, 134.601638794, 28.2522506714, 12.1904268265, 11.1410751343, 11.1498575211, 9.9452085495, 7.07123231888, 6.86407423019, 3.1583173275, 1.02439391613, 0.3762575984, 0.0134850656614, 0.000984995975159, 2.42740043177e-06, 1.47516365789e-09, 4.78386052993e-10]
    },
    "gfcc": {
        "mean": [0.0597518235445, 160.974594116, -131.516403198, 39.932975769, -54.8337097168, 10.1359224319, -22.9104919434, 0.11340392381, -11.5677127838, -3.7407348156, -4.76309776306, -14.8182430267, 1.61323559284],
        "cov": [[1077.2479248, -674.651000977, 202.655075073, 43.0434570312, -184.31439209, 214.162231445, -228.553909302, 166.654403687, -230.289840698, 96.3721313477, -136.006958008, 101.497253418, -53.5348587036], [-674.651000977, 806.900512695, -527.337890625, -46.4041442871, 252.885467529, -256.122283936, 316.562316895, -210.073654175, 222.145172119, -107.995178223, 166.753479004, -140.609573364, 62.8453636169], [202.655075073, -527.337890625, 781.358215332, -12.9839286804, -203.759414673, 220.7212677, -280.679412842, 175.954696655, -160.514511108, 97.5340499878, -128.897232056, 129.663040161, -63.4684066772], [43.0434570312, -46.4041442871, -12.9839286804, 176.846008301, -15.3368186951, -2.87155723572, 7.8458647728, -35.4499282837, 17.5486240387, -24.4191741943, 11.9309682846, 0.894816100597, 25.4559612274], [-184.31439209, 252.885467529, -203.759414673, -15.3368186951, 218.073776245, -37.4512062073, 114.485557556, -34.6147193909, 53.2524375916, -12.5135316849, 47.9016532898, -59.0390815735, 20.4706707001], [214.162231445, -256.122283936, 220.7212677, -2.87155723572, -37.4512062073, 190.194152832, -81.3602905273, 78.2620315552, -96.4110031128, 33.3816490173, -55.9528694153, 39.5302581787, -16.9693050385], [-228.553909302, 316.562316895, -280.679412842, 7.8458647728, 114.485557556, -81.3602905273, 236.708251953, -69.2210388184, 89.3302459717, -63.2442131042, 59.1481895447, -57.0771446228, 35.7371063232], [166.654403687, -210.073654175, 175.954696655, -35.4499282837, -34.6147193909, 78.2620315552, -69.2210388184, 163.706726074, -44.8776016235, 41.5986366272, -62.8833007812, 26.5536441803, -15.6857328415], [-230.289840698, 222.145172119, -160.514511108, 17.5486240387, 53.2524375916, -96.4110031128, 89.3302459717, -44.8776016235, 151.867507935, -15.8720932007, 49.5600166321, -49.0654792786, 18.3910121918], [96.3721313477, -107.995178223, 97.5340499878, -24.4191741943, -12.5135316849, 33.3816490173, -63.2442131042, 41.5986366272, -15.8720932007, 93.776512146, -7.49925613403, 7.57220506668, -31.4636077881], [-136.006958008, 166.753479004, -128.897232056, 11.9309682846, 47.9016532898, -55.9528694153, 59.1481895447, -62.8833007812, 49.5600166321, -7.49925613403, 92.1957473755, -11.2196712494, 12.4446086884], [101.497253418, -140.609573364, 129.663040161, 0.894816100597, -59.0390815735, 39.5302581787, -57.0771446228, 26.5536441803, -49.0654792786, 7.57220506668, -11.2196712494, 88.4302520752, 12.1134548187], [-53.5348587036, 62.8453636169, -63.4684066772, 25.4559612274, 20.4706707001, -16.9693050385, 35.7371063232, -15.6857328415, 18.3910121918, -31.4636077881, 12.4446086884, 12.1134548187, 77.8435211182]],
        "icov": [[0.00331788789481, 0.000785303069279, 0.00289334915578, -0.00160292559303, 0.00146708369721, -0.00170336023439, 0.00091132480884, -0.00163468066603, 0.00268037430942, -0.00253108004108, 0.00213473848999, -0.00217825942673, 0.0013675193768], [0.000785303069279, 0.0189742427319, -0.00387780484743, 0.00953906588256, -0.00840689521283, 0.00925158523023, -0.00812209676951, 0.00903343502432, -0.00576119450852, 0.00851986650378, -0.0122695304453, 0.012558507733, -0.0064709270373], [0.00289334915578, -0.00387780484743, 0.00738551281393, -0.00410587573424, 0.00432715285569, -0.00586098711938, 0.0045991265215, -0.00469990307465, 0.00328830187209, -0.00517352623865, 0.00644214544445, -0.00789561774582, 0.00434160185978], [-0.00160292559303, 0.00953906588256, -0.00410587573424, 0.0125779761001, -0.0044617834501, 0.00484901852906, -0.00440663611516, 0.00724166911095, -0.00572666758671, 0.00721230730414, -0.00837882887572, 0.00874082185328, -0.00630432367325], [0.00146708369721, -0.00840689521283, 0.00432715285569, -0.0044617834501, 0.0124997012317, -0.00660331826657, 0.00215369835496, -0.00572373718023, 0.00450362311676, -0.00677893450484, 0.0045427842997, -0.00355486059561, 0.00193753535859], [-0.00170336023439, 0.00925158523023, -0.00586098711938, 0.00484901852906, -0.00660331826657, 0.0164111331105, -0.00564777106047, 0.00389913958497, 0.000135358175612, 0.00479531055316, -0.00646159425378, 0.00812951289117, -0.00463818479329], [0.00091132480884, -0.00812209676951, 0.0045991265215, -0.00440663611516, 0.00215369835496, -0.00564777106047, 0.0136235272512, -0.00489631853998, 0.00106606213376, -0.000553898571525, 0.004705990199, -0.00560578610748, 0.00298048718832], [-0.00163468066603, 0.00903343502432, -0.00469990307465, 0.00724166911095, -0.00572373718023, 0.00389913958497, -0.00489631853998, 0.0162866245955, -0.00571524910629, 0.00288841640577, -0.00191227335017, 0.00645483238623, -0.00491347489879], [0.00268037430942, -0.00576119450852, 0.00328830187209, -0.00572666758671, 0.00450362311676, 0.000135358175612, 0.00106606213376, -0.00571524910629, 0.0172259323299, -0.00685704546049, 0.00273546762764, -0.00131969049107, 0.00117919000331], [-0.00253108004108, 0.00851986650378, -0.00517352623865, 0.00721230730414, -0.00677893450484, 0.00479531055316, -0.000553898571525, 0.00288841640577, -0.00685704546049, 0.0232589114457, -0.011912622489, 0.00875877588987, 3.11322692141e-05], [0.00213473848999, -0.0122695304453, 0.00644214544445, -0.00837882887572, 0.0045427842997, -0.00646159425378, 0.004705990199, -0.00191227335017, 0.00273546762764, -0.011912622489, 0.0303850471973, -0.0162755548954, 0.00643103569746], [-0.00217825942673, 0.012558507733, -0.00789561774582, 0.00874082185328, -0.00355486059561, 0.00812951289117, -0.00560578610748, 0.00645483238623, -0.00131969049107, 0.00875877588987, -0.0162755548954, 0.0319170691073, -0.0128643857315], [0.0013675193768, -0.0064709270373, 0.00434160185978, -0.00630432367325, 0.00193753535859, -0.00463818479329, 0.00298048718832, -0.00491347489879, 0.00117919000331, 3.11322692141e-05, 0.00643103569746, -0.0128643857315, 0.0214411355555]]
    },
    "melbands": {
        "dmean": [0.00162103539333, 0.00241319322959, 0.00109300285112, 0.000597455538809, 0.000755146087613, 0.000513921550009, 0.000281208223896, 0.000165381628904, 0.00023150636116, 0.000279487780062, 0.000581856933422, 6.1146565713e-05, 1.72563813976e-05, 5.59831278224e-05, 5.38767853868e-05, 5.02555631101e-05, 0.000148303050082, 3.19119972119e-05, 1.2838722796e-05, 1.46283282447e-05, 1.09388247438e-05, 8.88121212483e-06, 2.6569084639e-06, 4.22817402068e-06, 6.64549907015e-06, 4.32819069829e-06, 2.05482115234e-06, 2.17199431063e-06, 1.47026503328e-06, 1.58025738983e-06, 8.95447385574e-07, 8.25582219477e-07, 7.05342415586e-07, 6.54975053749e-07, 4.6393915909e-07, 3.49181618731e-07, 2.66167376139e-07, 2.0385138555e-07, 1.35466706297e-07, 4.32853624943e-07],
        "dmean2": [0.00268663302995, 0.00410494813696, 0.0018953414401, 0.000982561614364, 0.00123569311108, 0.000815391191281, 0.000415002403315, 0.000231877158512, 0.000368987530237, 0.000440171890659, 0.000874741817825, 9.68406820903e-05, 2.78955849353e-05, 8.81065352587e-05, 8.48097770358e-05, 8.44699898153e-05, 0.000250446901191, 5.31152109033e-05, 2.09537374758e-05, 2.3651853553e-05, 1.85244789463e-05, 1.5144122699e-05, 4.49296749139e-06, 7.07089293428e-06, 1.1426472156e-05, 7.37529262551e-06, 3.41456620845e-06, 3.63420213034e-06, 2.50941388913e-06, 2.6707273264e-06, 1.41121950037e-06, 1.29702073082e-06, 1.09588643227e-06, 1.03973070509e-06, 7.04969750132e-07, 5.61983029002e-07, 4.20874130214e-07, 3.19821737094e-07, 2.14594109593e-07, 7.13498934601e-07],
        "dvar": [2.67300151791e-06, 1.46947277244e-05, 3.09464212478e-06, 7.29184819193e-07, 2.20165225073e-06, 4.50222955806e-07, 1.57889587626e-07, 9.21380021168e-08, 2.54205247074e-07, 1.87912206684e-07, 5.58814349461e-07, 1.96652472084e-08, 1.14609433055e-09, 9.4290806274e-09, 1.17132659128e-08, 1.3572471147e-08, 5.99700840098e-08, 4.95847496396e-09, 1.01373942574e-09, 1.30218757999e-09, 2.47339870807e-10, 1.50287365885e-10, 1.41108149471e-11, 2.63998631983e-11, 7.23251389334e-11, 9.88250245526e-11, 1.02474461208e-11, 1.19543853982e-11, 4.60372018285e-12, 3.34629155982e-12, 3.17583806475e-12, 3.24631272385e-12, 2.14770388973e-12, 2.35164904043e-12, 1.44401515485e-12, 2.50842597561e-12, 2.55090675146e-12, 1.7072871979e-12, 4.60207176187e-13, 1.05158395013e-12],
        "dvar2": [8.12789767224e-06, 3.94916860387e-05, 8.79155777511e-06, 1.95848610929e-06, 5.69319945498e-06, 1.09193308617e-06, 3.41743628951e-07, 1.62883011967e-07, 6.0299157667e-07, 4.74362821024e-07, 1.26480995277e-06, 4.34849845021e-08, 3.25715121541e-09, 2.24586322872e-08, 2.55908929603e-08, 4.07663307556e-08, 1.59642496556e-07, 1.41066349713e-08, 2.61256283274e-09, 3.4500498014e-09, 6.77544242933e-10, 4.08632072624e-10, 3.76888555087e-11, 7.51854897785e-11, 2.04560243744e-10, 3.03647718081e-10, 2.79057575658e-11, 3.45741248131e-11, 1.29811369987e-11, 8.50094387245e-12, 7.3380407653e-12, 7.80823582874e-12, 5.14492745282e-12, 5.33660528962e-12, 3.4564666667e-12, 5.13835068244e-12, 6.31744396379e-12, 3.81054736376e-12, 9.36801092428e-13, 2.70200463566e-12],
        "max": [0.0141659928486, 0.0346470661461, 0.0159266851842, 0.00809185113758, 0.0141794607043, 0.00669509451836, 0.00536203756928, 0.00625877082348, 0.00649506459013, 0.00546565046534, 0.00665204087272, 0.0030031898059, 0.000749581842683, 0.0015429033665, 0.0023498844821, 0.00139911577571, 0.00273955543526, 0.000919173937291, 0.000640634505544, 0.000644337269478, 0.000157873670105, 0.000140120333526, 4.10032807849e-05, 5.06957039761e-05, 8.83673783392e-05, 0.00016611799947, 4.22369339503e-05, 3.8658912672e-05, 2.25638596021e-05, 1.84247819561e-05, 1.70224029716e-05, 2.20711935981e-05, 2.0847792257e-05, 2.22855105676e-05, 2.29379456869e-05, 3.86082392652e-05, 4.49124199804e-05, 3.59752775694e-05, 1.55624420586e-05, 1.02717294794e-05],
        "mean": [0.00310155493207, 0.00398746225983, 0.00168624520302, 0.00112807308324, 0.00118332589045, 0.000955718103796, 0.00055821047863, 0.000303929700749, 0.000385882187402, 0.000536398030818, 0.000980319688097, 0.000103457321529, 2.34717990679e-05, 8.54333557072e-05, 8.65378824528e-05, 7.4988376582e-05, 0.000196346183657, 4.47610036645e-05, 2.17817414523e-05, 2.37611620832e-05, 1.87855002878e-05, 1.44847299453e-05, 4.54454175269e-06, 7.93869367044e-06, 1.11003810161e-05, 6.72755732012e-06, 3.48955268237e-06, 3.46386786987e-06, 2.45081992034e-06, 2.56965449807e-06, 1.19176240787e-06, 1.07226674118e-06, 8.80534798853e-07, 8.31671229662e-07, 5.82517770908e-07, 4.3156785523e-07, 3.26473639234e-07, 2.5562806627e-07, 1.71484174416e-07, 3.74096913447e-07],
        "median": [0.0024650581181, 0.00300962058827, 0.00119122478645, 0.000838111096527, 0.000645934604108, 0.000657802389469, 0.0003092540137, 0.000120105476526, 0.000121185352327, 0.000277441169601, 0.000585010624491, 4.11663859268e-05, 1.20411632452e-05, 4.28511775681e-05, 3.50670525222e-05, 2.43715130637e-05, 0.000100060024124, 1.93508640223e-05, 7.2946054388e-06, 6.71360839988e-06, 1.0174981071e-05, 9.88542888081e-06, 2.84397538053e-06, 5.68529321754e-06, 7.74729414843e-06, 2.79234313894e-06, 2.29540319197e-06, 1.93994537767e-06, 1.57574925197e-06, 1.90363437014e-06, 4.08408425301e-07, 3.24574045862e-07, 2.91708829536e-07, 2.27640654771e-07, 1.10886652749e-07, 5.95124411973e-08, 3.66383581252e-08, 1.70570739755e-08, 9.78186331935e-09, 1.42724676522e-08],
        "min": [6.93156107445e-05, 0.000163765289471, 8.76752601471e-05, 2.19877183554e-05, 2.56022285612e-05, 2.1951049348e-05, 2.8364015634e-06, 3.59514683623e-06, 2.67952782451e-06, 2.97062979371e-06, 1.59717092174e-06, 9.05716092348e-07, 3.52613909627e-07, 4.81125596252e-07, 7.10510164481e-07, 2.76157521739e-07, 3.1722046856e-07, 2.88636101686e-07, 1.87129103324e-07, 5.72200349325e-08, 1.65714155287e-07, 1.09710043716e-07, 6.97608726341e-08, 7.09096923401e-08, 1.21767866901e-08, 1.17058016613e-08, 1.83553652278e-08, 1.81106880603e-08, 4.79520245733e-09, 7.27418170143e-09, 7.91347876117e-09, 2.66699728968e-09, 1.27649835147e-09, 1.89827753516e-09, 2.37354669252e-09, 7.5238471009e-10, 1.03765840365e-09, 1.75024744697e-10, 3.70826147567e-11, 6.87429497007e-13],
