{
"highlevel": {
    "danceability": {
        "all": {
            "danceable": 0.977017045021,
            "not_danceable": 0.0229829624295
        },
        "probability": 0.977017045021,
        "value": "danceable"
    },
    "gender": {
        "all": {
            "female": 0.265735834837,
            "male": 0.734264135361
        },
        "probability": 0.734264135361,
        "value": "male"
    },
    "genre_dortmund": {
        "all": {
            "alternative": 0.0580597668886,
            "blues": 0.0423409603536,
            "electronic": 0.123016484082,
            "folkcountry": 0.0864768996835,
            "funksoulrnb": 0.0310095287859,
            "jazz": 0.0468166470528,
            "pop": 0.114929743111,
            "raphiphop": 0.289612710476,
            "rock": 0.207737252116
        },
        "probability": 0.289612710476,
        "value": "raphiphop"
    },
    "genre_electronic": {
        "all": {
            "ambient": 0.168572947383,
            "dnb": 0.314015775919,
            "house": 0.361263155937,
            "techno": 0.0167352799326,
            "trance": 0.13941283524
        },
        "probability": 0.361263155937,
        "value": "house"
    },
    "genre_rosamerica": {
        "all": {
            "cla": 0.00953560415655,
            "dan": 0.286506831646,
            "hip": 0.0409906134009,
            "jaz": 0.00667812209576,
            "pop": 0.482237845659,
            "rhy": 0.0910487249494,
            "roc": 0.0775718614459,
            "spe": 0.00543038919568
        },
        "probability": 0.482237845659,
        "value": "pop"
    },
    "genre_tzanetakis": {
        "all": {
            "blu": 2.00933528442e-14,
            "cla": 1.10376880297e-14,
            "cou": 2.21312073892e-14,
            "dis": 1.76883671149e-14,
            "hip": 4.29576757196e-14,
            "jaz": 0.999999940395,
            "met": 2.0000017642e-08,
            "pop": 2.0000017642e-08,
            "reg": 1.66666822565e-08,
            "roc": 2.50000233848e-08
        },
        "probability": 0.999999940395,
        "value": "jaz"
    },
    "ismir04_rhythm": {
        "all": {
            "ChaChaCha": 0.490194231272,
            "Jive": 0.0697792619467,
            "Quickstep": 0.0540623106062,
            "Rumba-American": 0.0120474109426,
            "Rumba-International": 0.152897775173,
            "Rumba-Misc": 0.0131917446852,
            "Samba": 0.139139607549,
            "Tango": 0.0118012502789,
            "VienneseWaltz": 0.0430223271251,
            "Waltz": 0.0138640897349
        },
        "probability": 0.490194231272,
        "value": "ChaChaCha"
    },
    "mood_acoustic": {
        "all": {
            "acoustic": 0.0164327267557,
            "not_acoustic": 0.983567297459
        },
        "probability": 0.983567297459,
        "value": "not_acoustic"
    },
    "mood_aggressive": {
        "all": {
            "aggressive": 0.240868628025,
            "not_aggressive": 0.759131371975
        },
        "probability": 0.759131371975,
        "value": "not_aggressive"
    },
    "mood_electronic": {
        "all": {
            "electronic": 0.814391493797,
            "not_electronic": 0.185608536005
        },
        "probability": 0.814391493797,
        "value": "electronic"
    },
    "mood_happy": {
        "all": {
            "happy": 0.283208161592,
            "not_happy": 0.716791808605
        },
        "probability": 0.716791808605,
        "value": "not_happy"
    },
    "mood_party": {
        "all": {
            "not_party": 0.276436954737,
            "party": 0.723563015461
        },
        "probability": 0.723563015461,
        "value": "party"
    },
    "mood_relaxed": {
        "all": {
            "not_relaxed": 0.0997042134404,
            "relaxed": 0.90029579401
        },
        "probability": 0.90029579401,
        "value": "relaxed"
    },
    "mood_sad": {
        "all": {
            "not_sad": 0.836309671402,
            "sad": 0.163690313697
        },
        "probability": 0.836309671402,
        "value": "not_sad"
    },
    "moods_mirex": {
        "all": {
            "Cluster1": 0.156053677201,
            "Cluster2": 0.290604531765,
            "Cluster3": 0.13964535296,
            "Cluster4": 0.333477973938,
            "Cluster5": 0.0802184641361
        },
        "probability": 0.333477973938,
        "value": "Cluster4"
    },
    "timbre": {
        "all": {
            "bright": 0.0927341207862,
            "dark": 0.907265901566
        },
        "probability": 0.907265901566,
        "value": "dark"
    },
    "tonal_atonal": {
        "all": {
            "atonal": 0.974127292633,
            "tonal": 0.0258726775646
        },
        "probability": 0.974127292633,
        "value": "atonal"
    },
    "voice_instrumental": {
        "all": {
            "instrumental": 0.0068706437014,
            "voice": 0.993129372597
        },
        "probability": 0.993129372597,
        "value": "voice"
    }
},
"lowlevel": {
    "average_loudness": 0.964108586311,
    "barkbands_crest": {
        "dmean": 3.30486965179,
        "dmean2": 5.27205991745,
        "dvar": 9.4504699707,
        "dvar2": 24.7803478241,
        "max": 25.8727970123,
        "mean": 12.4329319,
        "median": 11.9056215286,
        "min": 2.72343182564,
        "var": 33.5107460022
    },
    "barkbands_flatness_db": {
        "dmean": 0.0318571701646,
        "dmean2": 0.0480321720243,
        "dvar": 0.00143608718645,
        "dvar2": 0.00300289411098,
        "max": 0.602010190487,
        "mean": 0.204609572887,
        "median": 0.1681766361,
        "min": 0.0432271026075,
        "var": 0.01219774317
    },
    "barkbands_kurtosis": {
        "dmean": 8.44842433929,
        "dmean2": 13.4061908722,
        "dvar": 433.554168701,
        "dvar2": 1124.37963867,
        "max": 348.320922852,
        "mean": 12.8485050201,
        "median": 3.31867551804,
        "min": -1.83085668087,
        "var": 716.23638916
    },
    "barkbands_skewness": {
        "dmean": 0.770023345947,
        "dmean2": 1.17961323261,
        "dvar": 0.781560897827,
        "dvar2": 1.70984554291,
        "max": 11.935836792,
        "mean": 2.2266664505,
        "median": 1.74679899216,
        "min": -0.595464408398,
        "var": 3.09060311317
    },
    "barkbands_spread": {
        "dmean": 5.20612096786,
        "dmean2": 7.89983224869,
        "dvar": 73.7725830078,
        "dvar2": 137.826400757,
        "max": 89.6633758545,
        "mean": 18.2603473663,
        "median": 14.7153310776,
        "min": 0.159943938255,
        "var": 325.686401367
    },
    "dissonance": {
        "dmean": 0.0250851176679,
        "dmean2": 0.0417937971652,
        "dvar": 0.00064138538437,
        "dvar2": 0.00170675921254,
        "max": 0.5,
        "mean": 0.445535302162,
        "median": 0.459959179163,
        "min": 0.226671278477,
        "var": 0.00219441601075
    },
    "dynamic_complexity": 4.5039691925,
    "erbbands_crest": {
        "dmean": 2.51171588898,
        "dmean2": 4.08836317062,
        "dvar": 5.75118255615,
        "dvar2": 14.5458869934,
        "max": 27.2928180695,
        "mean": 9.21129608154,
        "median": 8.13944816589,
        "min": 2.64054608345,
        "var": 21.3642692566
    },
    "erbbands_flatness_db": {
        "dmean": 0.0187161881477,
        "dmean2": 0.0272689834237,
        "dvar": 0.000456957204733,
        "dvar2": 0.000928651250433,
        "max": 0.350440591574,
        "mean": 0.181055650115,
        "median": 0.162737205625,
        "min": 0.0635098293424,
        "var": 0.00390801811591
    },
    "erbbands_kurtosis": {
        "dmean": 1.31938672066,
        "dmean2": 2.11439800262,
        "dvar": 5.45553588867,
        "dvar2": 12.1260662079,
        "max": 39.9629325867,
        "mean": 1.83558273315,
        "median": 0.645151376724,
        "min": -1.54608869553,
        "var": 18.9546070099
    },
    "erbbands_skewness": {
        "dmean": 0.374600231647,
        "dmean2": 0.577460587025,
        "dvar": 0.132888197899,
        "dvar2": 0.298842608929,
        "max": 4.99665594101,
        "mean": 0.597708404064,
        "median": 0.461931914091,
        "min": -1.85672795773,
        "var": 0.935474932194
    },
    "erbbands_spread": {
        "dmean": 7.21941232681,
        "dmean2": 11.1751537323,
        "dvar": 70.6564788818,
        "dvar2": 154.398971558,
        "max": 110.736106873,
        "mean": 30.8642120361,
        "median": 28.0796890259,
        "min": 3.14655518532,
        "var": 295.425537109
    },
    "hfc": {
        "dmean": 6.99873685837,
        "dmean2": 10.1828899384,
        "dvar": 129.722137451,
        "dvar2": 269.672271729,
        "max": 147.755859375,
        "mean": 21.5145168304,
        "median": 16.4963512421,
        "min": 0.00237092026509,
        "var": 549.619750977
    },
    "melbands_crest": {
        "dmean": 3.89262127876,
        "dmean2": 6.17527723312,
        "dvar": 11.9365062714,
        "dvar2": 30.2891864777,
        "max": 36.5423812866,
        "mean": 17.5108604431,
        "median": 16.5417976379,
        "min": 4.98124694824,
        "var": 51.1527404785
    },
    "melbands_flatness_db": {
        "dmean": 0.0380056276917,
        "dmean2": 0.0552596338093,
        "dvar": 0.00200555799529,
        "dvar2": 0.00398449972272,
        "max": 0.75370246172,
        "mean": 0.273863434792,
        "median": 0.243248015642,
        "min": 0.0396425612271,
        "var": 0.0180079713464
    },
    "melbands_kurtosis": {
        "dmean": 11.3802070618,
        "dmean2": 18.1701908112,
        "dvar": 449.820251465,
        "dvar2": 1093.37658691,
        "max": 319.230773926,
        "mean": 20.455247879,
        "median": 10.1295681,
        "min": -0.686613559723,
        "var": 985.609313965
    },
    "melbands_skewness": {
        "dmean": 0.877241194248,
        "dmean2": 1.37301135063,
        "dvar": 0.780475497246,
        "dvar2": 1.83959805965,
        "max": 14.457529068,
        "mean": 3.03691530228,
        "median": 2.66035223007,
        "min": -0.542604207993,
        "var": 3.14521336555
    },
    "melbands_spread": {
        "dmean": 6.10412836075,
        "dmean2": 9.17275333405,
        "dvar": 104.491386414,
        "dvar2": 226.462112427,
        "max": 133.046707153,
        "mean": 17.6201019287,
        "median": 13.2345609665,
        "min": 0.177661702037,
        "var": 334.768341064
    },
    "pitch_salience": {
        "dmean": 0.0906213447452,
        "dmean2": 0.143519178033,
        "dvar": 0.00686160381883,
        "dvar2": 0.0177495907992,
        "max": 0.82428330183,
        "mean": 0.483413726091,
        "median": 0.500328838825,
        "min": 0.0405286066234,
        "var": 0.0229131616652
    },
    "silence_rate_20dB": {
        "dmean": 0,
        "dmean2": 0,
        "dvar": 0,
        "dvar2": 0,
        "max": 1,
        "mean": 1,
        "median": 1,
        "min": 1,
        "var": 0
    },
    "silence_rate_30dB": {
        "dmean": 0.0541795678437,
        "dmean2": 0.108443066478,
        "dvar": 0.0512452088296,
        "dvar2": 0.118371963501,
        "max": 1,
        "mean": 0.942768752575,
        "median": 1,
        "min": 0,
        "var": 0.0539561286569
    },
    "silence_rate_60dB": {
        "dmean": 0.0232198145241,
        "dmean2": 0.0464756004512,
        "dvar": 0.0226807128638,
        "dvar2": 0.047413803637,
        "max": 1,
        "mean": 0.145398303866,
        "median": 0,
        "min": 0,
        "var": 0.124257452786
    },
    "spectral_centroid": {
        "dmean": 208.550109863,
        "dmean2": 309.7734375,
        "dvar": 99953.265625,
        "dvar2": 176515.609375,
        "max": 4011.44750977,
        "mean": 1055.00073242,
        "median": 975.813354492,
        "min": 121.350120544,
        "var": 512728.0625
    },
    "spectral_complexity": {
        "dmean": 3.66331267357,
        "dmean2": 5.69945764542,
        "dvar": 28.0546550751,
        "dvar2": 61.6526870728,
        "max": 59,
        "mean": 18.8321723938,
        "median": 20,
        "min": 0,
        "var": 175.663833618
    },
    "spectral_decrease": {
        "dmean": 4.59330529168e-09,
        "dmean2": 7.3517845145e-09,
        "dvar": 4.97682116006e-17,
        "dvar2": 1.22600038477e-16,
        "max": -1.39214063454e-12,
        "mean": -1.05137436535e-08,
        "median": -8.60298676741e-09,
        "min": -6.18295672439e-08,
        "var": 9.41655791885e-17
    },
    "spectral_energy": {
        "dmean": 0.0176775511354,
        "dmean2": 0.0282984115183,
        "dvar": 0.000723079661839,
        "dvar2": 0.0017802255461,
        "max": 0.234688878059,
        "mean": 0.0416327267885,
        "median": 0.0349362194538,
        "min": 5.69614257984e-06,
        "var": 0.00138969649561
    },
    "spectral_energyband_high": {
        "dmean": 0.000486900273245,
        "dmean2": 0.0006566173397,
        "dvar": 1.40631834711e-06,
        "dvar2": 2.51695678344e-06,
        "max": 0.0145229455084,
        "mean": 0.00103349541314,
        "median": 0.000189017548109,
        "min": 3.82737885829e-09,
        "var": 5.23329026691e-06
    },
    "spectral_energyband_low": {
        "dmean": 0.0151680139825,
        "dmean2": 0.0243806429207,
        "dvar": 0.000644846819341,
        "dvar2": 0.00162707699928,
        "max": 0.232018277049,
        "mean": 0.0261453222483,
        "median": 0.0145302796736,
        "min": 2.76476868066e-08,
        "var": 0.00109957391396
    },
    "spectral_energyband_middle_high": {
        "dmean": 0.00193451356608,
        "dmean2": 0.00315332226455,
        "dvar": 1.015077396e-05,
        "dvar2": 2.5830562663e-05,
        "max": 0.0329807139933,
        "mean": 0.00544632319361,
        "median": 0.00424709450454,
        "min": 2.73352640079e-07,
        "var": 3.26800836774e-05
    },
    "spectral_energyband_middle_low": {
        "dmean": 0.00491628982127,
        "dmean2": 0.00829435978085,
        "dvar": 6.42295199214e-05,
        "dvar2": 0.000173948705196,
        "max": 0.0745896399021,
        "mean": 0.0100598409772,
        "median": 0.0079997247085,
        "min": 4.48158380095e-06,
        "var": 9.06090645003e-05
    },
    "spectral_entropy": {
        "dmean": 0.196665212512,
        "dmean2": 0.29381492734,
        "dvar": 0.0774291306734,
        "dvar2": 0.159102454782,
        "max": 8.5049200058,
        "mean": 7.18933296204,
        "median": 7.46842956543,
        "min": 5.03923273087,
        "var": 0.698738336563
    },
    "spectral_flux": {
        "dmean": 0.0338537544012,
        "dmean2": 0.0542067475617,
        "dvar": 0.00182853208389,
        "dvar2": 0.0039945282042,
        "max": 0.385705798864,
        "mean": 0.100954942405,
        "median": 0.0951621904969,
        "min": 0.000895609729923,
        "var": 0.00438099633902
    },
    "spectral_kurtosis": {
        "dmean": 3.97313427925,
        "dmean2": 6.34377193451,
        "dvar": 42.6162834167,
        "dvar2": 101.662094116,
        "max": 77.1929168701,
        "mean": 9.41585636139,
        "median": 5.38911724091,
        "min": -0.646076917648,
        "var": 116.215110779
    },
    "spectral_rms": {
        "dmean": 0.00119051407091,
        "dmean2": 0.00185781309847,
        "dvar": 2.18468494495e-06,
        "dvar2": 4.9621207836e-06,
        "max": 0.0151315815747,
        "mean": 0.00565488310531,
        "median": 0.00583816040307,
        "min": 7.45467114029e-05,
        "var": 8.63964396558e-06
    },
    "spectral_rolloff": {
        "dmean": 492.816986084,
        "dmean2": 810.441955566,
        "dvar": 1184490.75,
        "dvar2": 2595947,
        "max": 10228.2714844,
        "mean": 1166.00854492,
        "median": 602.9296875,
        "min": 64.599609375,
        "var": 2674274.25
    },
    "spectral_skewness": {
        "dmean": 0.390024393797,
        "dmean2": 0.592417657375,
        "dvar": 0.266740918159,
        "dvar2": 0.575004220009,
        "max": 6.85452127457,
        "mean": 2.11732411385,
        "median": 1.78925168514,
        "min": 0.408608436584,
        "var": 1.25387382507
    },
    "spectral_spread": {
        "dmean": 523658.21875,
        "dmean2": 732464.25,
        "dvar": 633744326656,
        "dvar2": 937694199808,
        "max": 19131214,
        "mean": 3733802.25,
        "median": 3504212,
        "min": 861454.9375,
        "var": 2.8730565591e+12
    },
    "spectral_strongpeak": {
        "dmean": 0.308575749397,
        "dmean2": 0.537708818913,
        "dvar": 0.335252046585,
        "dvar2": 0.864146351814,
        "max": 6.81259727478,
        "mean": 0.481551796198,
        "median": 0.330125451088,
        "min": 0,
        "var": 0.359673887491
    },
    "zerocrossingrate": {
        "dmean": 0.00946063827723,
        "dmean2": 0.0105107175186,
        "dvar": 0.00019165413687,
        "dvar2": 0.000192520630662,
        "max": 0.24560546875,
        "mean": 0.0436356514692,
        "median": 0.03173828125,
        "min": 0.001953125,
        "var": 0.00167571718339
    },
    "barkbands": {
        "dmean": [0.00100151880179, 0.0131678078324, 0.0032831132412, 0.00187760521658, 0.00174123339821, 0.00104447558988, 0.000836097169667, 0.000850508105941, 0.000668683031108, 0.000621566490736, 0.000419907446485, 0.000510590383783, 0.000407101324527, 0.000246702256845, 0.000366411113646, 0.00019906165835, 0.00020603138546, 0.000182991076144, 0.000157379748998, 0.000134747082484, 0.000124194819364, 0.000106202147435, 9.45951323956e-05, 0.000119872980576, 7.54917055019e-05, 1.4804325474e-05, 1.38709399522e-08],
        "dmean2": [0.00153715966735, 0.0216438509524, 0.00567391561344, 0.00343610998243, 0.00293692876585, 0.00170269596856, 0.00142499711365, 0.00132629426662, 0.00106466491707, 0.00103182310704, 0.000694890564773, 0.000822909758426, 0.000672197842505, 0.000412908702856, 0.000602498708759, 0.000322786625475, 0.000344217434758, 0.000294503901387, 0.000245084171183, 0.000218384244363, 0.000192324878299, 0.000150829931954, 0.000143112614751, 0.000166380705195, 0.000105577033537, 2.1965634005e-05, 2.48055371799e-08],
        "dvar": [5.19025388712e-06, 0.000517431355547, 4.9607217079e-05, 1.78147911356e-05, 9.37675213208e-06, 2.82665132545e-06, 1.84256134617e-06, 2.36458026848e-06, 1.57496197062e-06, 1.19973230994e-06, 4.62874083951e-07, 7.66339894653e-07, 4.84226745812e-07, 1.83667694387e-07, 4.25093617196e-07, 1.51066970489e-07, 1.5579239232e-07, 1.38822514373e-07, 1.07903737501e-07, 8.67907701263e-08, 1.26502541775e-07, 9.87755299775e-08, 5.63595214942e-08, 1.2929419313e-07, 6.25514076091e-08, 4.48171588729e-09, 5.50248526756e-15],
        "dvar2": [1.19238657135e-05, 0.00134845473804, 0.000137293201988, 5.14336134074e-05, 2.57313640759e-05, 7.44903309169e-06, 4.98704321217e-06, 4.96284064866e-06, 3.91267030864e-06, 3.31909836859e-06, 1.23058623558e-06, 1.98703810383e-06, 1.22839071537e-06, 4.78686615679e-07, 1.10107191631e-06, 3.76266058311e-07, 3.98411145852e-07, 3.26108221316e-07, 2.35005174432e-07, 2.21706372372e-07, 3.03879687635e-07, 1.93120058611e-07, 1.23365225591e-07, 2.41315092353e-07, 1.1526591237e-07, 8.75465655525e-09, 1.5657585295e-14],
        "max": [0.0294970627874, 0.206803187728, 0.0870437324047, 0.0441293306649, 0.0354788526893, 0.017109433189, 0.0107962395996, 0.021920280531, 0.0115627534688, 0.0159453880042, 0.00682575302199, 0.0119127556682, 0.00769151234999, 0.00509827723727, 0.00728673394769, 0.00524824298918, 0.00399565231055, 0.00511918123811, 0.00563130388036, 0.00303091248497, 0.00426155840978, 0.00680494215339, 0.00409689731896, 0.00544591480866, 0.00458237994462, 0.00163006910589, 1.24145731206e-06],
        "mean": [0.00186492688954, 0.0193381085992, 0.00401838077232, 0.00173510657623, 0.00257779797539, 0.00182349374518, 0.00115482904948, 0.00140585063491, 0.00110033538658, 0.00111548020504, 0.000657754193526, 0.000767087331042, 0.00067867746111, 0.000392679561628, 0.000609837647062, 0.000320950726746, 0.000326734880218, 0.000325364933815, 0.000276438193396, 0.000213559702388, 0.00018826489395, 0.000171886495082, 0.000174353204784, 0.000239643632085, 0.00013436502195, 2.0830102585e-05, 9.6713179687e-09],
        "median": [0.000363462982932, 0.00853451807052, 0.00184696307406, 0.000690482323989, 0.00160808907822, 0.00102457194589, 0.000570907955989, 0.000454385590274, 0.000291697535431, 0.000393305090256, 0.000337383709848, 0.000351357972249, 0.000291991775157, 0.000175783279701, 0.000260123779299, 0.000131420820253, 0.000158380047651, 0.000139238822157, 0.000117773990496, 7.45918587199e-05, 2.90702173515e-05, 2.32400307141e-05, 2.70425698545e-05, 2.23752667807e-05, 1.03778902485e-05, 1.63602760495e-06, 4.80738893138e-10],
        "min": [4.25828539097e-11, 2.27465779545e-09, 1.05100594894e-09, 7.86863125768e-08, 1.56710962074e-06, 1.59231319685e-07, 2.27212666459e-07, 1.83927895137e-08, 1.56650834526e-08, 5.4730570298e-08, 2.28936691826e-08, 4.79342299187e-09, 2.97568032437e-08, 4.20444834504e-09, 1.01842001499e-09, 5.56678092511e-10, 1.41114964158e-09, 1.00571895256e-09, 2.13201056809e-09, 1.14511766736e-09, 6.80654643759e-10, 2.8882976566e-10, 7.59100941827e-12, 1.34704183571e-11, 5.27762859456e-12, 6.58193465009e-12, 9.08965611113e-12],
        "var": [1.19352671391e-05, 0.000777016102802, 4.39781942987e-05, 1.15341063065e-05, 1.04840246422e-05, 5.12995393365e-06, 2.52551012636e-06, 5.83539849686e-06, 3.60050239578e-06, 2.97677229355e-06, 7.97276072717e-07, 1.32067054892e-06, 1.01266334696e-06, 3.31631866857e-07, 8.80400818914e-07, 3.0183321087e-07, 2.40978039301e-07, 3.27817673451e-07, 2.39254461576e-07, 1.40360356227e-07, 2.17463963281e-07, 2.14894285477e-07, 1.60737684496e-07, 4.5903203727e-07, 1.74687386334e-07, 8.25011881034e-09, 3.52463178374e-15]
    },
    "erbbands": {
        "dmean": [0.518982589245, 2.64504361153, 3.92276883125, 5.1542339325, 5.84136390686, 5.61191892624, 9.01333522797, 7.81621932983, 10.5171022415, 14.3679990768, 17.7206134796, 17.3232860565, 13.5667800903, 24.19780159, 12.8930845261, 23.0880393982, 17.942691803, 14.3609876633, 13.4655208588, 17.6426868439, 8.94485092163, 9.8576335907, 9.85050010681, 9.61455345154, 7.11436462402, 6.06466722488, 5.19480800629, 4.75735569, 4.04451036453, 2.98362565041, 2.78691840172, 2.8756108284, 1.82718229294, 1.03835260868, 0.47516861558, 0.115750916302, 0.0197014231235, 0.00123103114311, 3.31856172124e-05, 2.08633045986e-05],
        "dmean2": [0.8261936903, 4.35992431641, 6.6594953537, 9.15415859222, 10.3475446701, 9.46683597565, 14.1848506927, 13.0112361908, 18.3131771088, 23.4887390137, 27.3182697296, 27.872467041, 22.1777992249, 40.929069519, 21.6651496887, 36.8457183838, 29.7765903473, 23.8942928314, 22.371711731, 28.6803131104, 14.6734104156, 16.5346698761, 16.0265579224, 15.1275548935, 11.4361085892, 9.85369491577, 8.43488407135, 7.19545602798, 5.68744039536, 4.45489597321, 4.20695877075, 4.08810186386, 2.57574176788, 1.47586047649, 0.697917461395, 0.164037212729, 0.0300790406764, 0.00198582443409, 5.03364099131e-05, 3.2802883652e-05],
        "dvar": [0.921163916588, 20.0080966949, 70.2375793457, 122.064697266, 133.317230225, 105.339271545, 287.713592529, 180.485229492, 315.279937744, 675.063354492, 1203.92443848, 1111.88549805, 562.000488281, 1905.41345215, 696.533752441, 1693.88647461, 893.966552734, 561.168395996, 581.366943359, 1100.01879883, 304.265014648, 401.949310303, 357.641418457, 531.810180664, 205.251083374, 182.568984985, 199.299118042, 205.479995728, 162.311248779, 61.34815979, 53.5663032532, 73.011177063, 31.5438690186, 10.3764066696, 2.89835047722, 0.223020672798, 0.0108560463414, 4.17367227783e-05, 1.54311550205e-08, 8.8113122354e-10],
        "dvar2": [2.48005414009, 51.3071098328, 195.156082153, 340.65032959, 370.621795654, 289.243713379, 716.541015625, 494.11730957, 884.700744629, 1512.84509277, 2570.00097656, 2711.66430664, 1336.1114502, 5395.46630859, 1860.89428711, 4364.87109375, 2268.78979492, 1459.21386719, 1473.84814453, 2674.27490234, 748.098571777, 1021.13330078, 855.135192871, 1136.76708984, 476.29977417, 473.287994385, 492.819702148, 465.542297363, 320.468139648, 138.089828491, 115.769485474, 138.396331787, 63.6720123291, 19.8885040283, 5.59098482132, 0.474766910076, 0.0195522494614, 0.000106648498331, 3.60933185561e-08, 2.15053219677e-09],
        "max": [9.0153169632, 35.1550788879, 100.488349915, 125.846466064, 104.316253662, 119.858406067, 239.241607666, 128.754745483, 146.9974823, 345.662078857, 613.268981934, 350.294006348, 260.603790283, 622.988830566, 324.292663574, 572.751037598, 343.508422852, 295.728790283, 306.386779785, 580.351013184, 204.333480835, 166.724563599, 226.820404053, 442.558197021, 174.543823242, 167.339538574, 156.83026123, 208.863967896, 313.182159424, 87.4142150879, 135.092407227, 131.528869629, 75.4075164795, 51.7944374084, 33.5888824463, 11.8078241348, 2.70529341698, 0.171849444509, 0.00320402998477, 0.000259606342297],
        "mean": [0.742450714111, 3.54668235779, 5.09841394424, 5.70276212692, 6.93758249283, 8.07850837708, 14.7222585678, 13.0726327896, 14.7159175873, 20.9962654114, 32.0011100769, 29.723531723, 25.2349224091, 45.2138328552, 20.4748973846, 36.1184310913, 31.2282791138, 26.5524101257, 23.9093799591, 31.2661018372, 15.1817722321, 16.871427536, 18.2260322571, 16.1110420227, 12.9364032745, 9.72639560699, 7.95609331131, 7.41561841965, 6.48355007172, 4.85921382904, 5.22164201736, 5.56230115891, 3.43602466583, 1.8050109148, 0.792699038982, 0.167715519667, 0.0282721668482, 0.00154345028568, 6.66195846861e-05, 5.29904245923e-05],
        "median": [0.243986144662, 1.45903348923, 2.61618852615, 2.80604314804, 3.55817461014, 4.55588626862, 6.43493461609, 7.07036590576, 8.82476806641, 8.94164085388, 11.6859121323, 7.91513442993, 12.5208148956, 16.7009735107, 10.2322854996, 16.5227775574, 16.0557136536, 13.9477100372, 11.9410009384, 12.8870944977, 8.00375270844, 8.50445175171, 7.54570245743, 6.30504083633, 5.96559524536, 3.47879076004, 1.5260733366, 1.02934443951, 0.888562083244, 0.651809453964, 0.792873263359, 0.54524987936, 0.301538079977, 0.147806555033, 0.0391454212368, 0.0108542684466, 0.00214618910104, 9.12013929337e-05, 2.95050558634e-05, 4.58885588159e-05],
        "min": [1.56711962518e-07, 4.70700206279e-06, 3.6299090425e-05, 0.000329851754941, 0.00436077779159, 0.00234172819182, 0.00163044733927, 0.00147844618186, 0.00614794995636, 0.000579424435273, 0.000998081522994, 0.000896088662557, 0.00111650419421, 0.00219832314178, 0.000847622053698, 0.000811959325802, 0.00157998828217, 0.000511719379574, 0.000148697654367, 5.31616460648e-05, 3.54594412784e-05, 6.9062843977e-05, 6.47390334052e-05, 9.98505129246e-05, 0.000110365072032, 5.10515055794e-05, 4.29931787949e-05, 2.49723634624e-05, 1.64974899235e-05, 4.556976819e-06, 3.95605127324e-07, 1.26381269183e-06, 5.37792629984e-07, 3.58979292514e-07, 1.51103108692e-07, 7.17182615517e-08, 2.33794494875e-08, 7.0773955585e-09, 4.48825199229e-09, 6.64967947372e-09],
        "var": [1.50542533398, 26.1695461273, 62.5494117737, 90.9832229614, 111.423835754, 117.345962524, 618.36315918, 279.033905029, 357.547515869, 1252.62487793, 3179.72851562, 2717.52709961, 1217.29064941, 4983.47265625, 995.215698242, 3065.1652832, 1906.45825195, 1256.68969727, 1093.38122559, 3204.55688477, 504.919311523, 624.084899902, 835.102111816, 1116.02026367, 429.095550537, 297.539093018, 303.641265869, 416.13494873, 346.735839844, 127.516242981, 152.941467285, 243.271514893, 95.5586776733, 28.1370296478, 7.50826025009, 0.423882126808, 0.0195113476366, 4.31036532973e-05, 2.46456774988e-08, 2.00088012825e-09]
    },
    "gfcc": {
        "mean": [-48.4013442993, 129.833679199, -110.845939636, 32.1414794922, -55.8495941162, 19.6211795807, -34.3859863281, 7.01409482956, -17.1121234894, -1.53149843216, -1.7663141489, -5.87175369263, -5.03806829453],
        "cov": [[21445.4296875, -4511.65283203, -1634.87902832, 2002.23120117, 134.830596924, 2211.72021484, 60.0437545776, 1946.8416748, -138.917999268, 753.975891113, -702.002929688, 481.174255371, -292.189819336], [-4511.65283203, 2061.56933594, 479.780822754, -322.415588379, 537.037353516, -505.983734131, 401.923461914, -429.32208252, 339.655944824, -226.093261719, 331.334411621, -130.107711792, 179.778182983], [-1634.87902832, 479.780822754, 812.555419922, -62.9375495911, 205.201583862, -31.1314754486, 164.47177124, -99.2428283691, 81.2222518921, 27.1139259338, 110.253059387, 23.0805549622, 51.6160202026], [2002.23120117, -322.415588379, -62.9375495911, 625.33795166, 172.079376221, 261.108978271, 134.285018921, 166.125305176, 116.583908081, 82.0666275024, -14.3524360657, 7.88952445984, 86.1490859985], [134.830596924, 537.037353516, 205.201583862, 172.079376221, 554.09185791, 69.2618789673, 311.242248535, 62.086856842, 211.504959106, 33.9185066223, 99.2723464966, 17.06665802, 77.0039520264], [2211.72021484, -505.983734131, -31.1314754486, 261.108978271, 69.2618789673, 399.744689941, 76.614654541, 233.518554688, 11.4625682831, 98.2214508057, -52.4734191895, 57.1507759094, -5.12564229965], [60.0437545776, 401.923461914, 164.47177124, 134.285018921, 311.242248535, 76.614654541, 352.35723877, 44.6719284058, 169.856613159, 8.94110965729, 67.6044616699, 11.5469942093, 54.4139671326], [1946.8416748, -429.32208252, -99.2428283691, 166.125305176, 62.086856842, 233.518554688, 44.6719284058, 297.242645264, -7.26179218292, 110.158874512, -55.1829414368, 57.489364624, -37.1991996765], [-138.917999268, 339.655944824, 81.2222518921, 116.583908081, 211.504959106, 11.4625682831, 169.856613159, -7.26179218292, 214.132522583, 5.01164674759, 95.4761123657, -6.43389606476, 77.3662033081], [753.975891113, -226.093261719, 27.1139259338, 82.0666275024, 33.9185066223, 98.2214508057, 8.94110965729, 110.158874512, 5.01164674759, 129.964233398, -3.5133061409, 35.3479385376, -5.87752962112], [-702.002929688, 331.334411621, 110.253059387, -14.3524360657, 99.2723464966, -52.4734191895, 67.6044616699, -55.1829414368, 95.4761123657, -3.5133061409, 151.141143799, -2.10843157768, 67.1872177124], [481.174255371, -130.107711792, 23.0805549622, 7.88952445984, 17.06665802, 57.1507759094, 11.5469942093, 57.489364624, -6.43389606476, 35.3479385376, -2.10843157768, 79.1458282471, -3.88759636879], [-292.189819336, 179.778182983, 51.6160202026, 86.1490859985, 77.0039520264, -5.12564229965, 54.4139671326, -37.1991996765, 77.3662033081, -5.87752962112, 67.1872177124, -3.88759636879, 116.228233337]],
        "icov": [[0.000290175288683, 3.54190051439e-05, 0.000377833290258, -0.000416619528551, -8.63516543177e-05, -0.000717546732631, 0.000170194340171, -0.000638981058728, -0.000142457618495, -0.000110099790618, 0.000341711449437, -0.000730971281882, 0.000424361322075], [3.54190051439e-05, 0.00549107277766, -0.000636521435808, 0.0023506951984, -0.00345393992029, 0.00355456303805, -0.00328115792945, 0.00125252059661, -0.00139183900319, 0.00404012249783, -0.00384178687818, 0.00439239200205, -0.00198350660503], [0.000377833290258, -0.000636521435808, 0.00231790938415, -0.000549160933588, -0.000128481042339, -0.00174266868271, -8.32660443848e-05, 0.000298186350847, 0.000551200588234, -0.00176637480035, 0.000271185446763, -0.00200404413044, 0.000774744723458], [-0.000416619528551, 0.0023506951984, -0.000549160933588, 0.00479535758495, -0.00166323431768, 0.0011133212829, -0.00178662908729, 0.00109724514186, -0.00146456179209, 0.00106651824899, -0.000741578580346, 0.00428340258077, -0.00405440852046], [-8.63516543177e-05, -0.00345393992029, -0.000128481042339, -0.00166323431768, 0.00646809348837, -0.00157501618378, -0.000481251103338, -0.00159462913871, -0.000840675143991, -0.00266436161473, 0.00193519936875, -0.00275684846565, 0.000989412539639], [-0.000717546732631, 0.00355456303805, -0.00174266868271, 0.0011133212829, -0.00157501618378, 0.0100294807926, -0.00338529702276, -0.000911177194212, -0.000201806731638, 0.00272948248312, -0.00262439902872, 0.00341957504861, -0.0026704070624], [0.000170194340171, -0.00328115792945, -8.32660443848e-05, -0.00178662908729, -0.000481251103338, -0.00338529702276, 0.0090779364109, -0.00184686854482, -0.00233837240376, -0.000761341943871, 0.00281754205935, -0.00333907431923, 0.00197038380429], [-0.000638981058728, 0.00125252059661, 0.000298186350847, 0.00109724514186, -0.00159462913871, -0.000911177194212, -0.00184686854482, 0.0112805180252, 0.000510052312165, -0.00329561298713, -0.00103729753755, 0.00036494107917, 0.00110754137859], [-0.000142457618495, -0.00139183900319, 0.000551200588234, -0.00146456179209, -0.000840675143991, -0.000201806731638, -0.00233837240376, 0.000510052312165, 0.0123254545033, -0.00142186705489, -0.00343464734033, 0.000316140271025, -0.00183866824955], [-0.000110099790618, 0.00404012249783, -0.00176637480035, 0.00106651824899, -0.00266436161473, 0.00272948248312, -0.000761341943871, -0.00329561298713, -0.00142186705489, 0.0160509813577, -0.00441311486065, 0.00137780827936, -0.000989485881291], [0.000341711449437, -0.00384178687818, 0.000271185446763, -0.000741578580346, 0.00193519936875, -0.00262439902872, 0.00281754205935, -0.00103729753755, -0.00343464734033, -0.00441311486065, 0.015923095867, -0.00461497623473, -0.00311412615702], [-0.000730971281882, 0.00439239200205, -0.00200404413044, 0.00428340258077, -0.00275684846565, 0.00341957504861, -0.00333907431923, 0.00036494107917, 0.000316140271025, 0.00137780827936, -0.00461497623473, 0.0218952167779, -0.00399987818673], [0.000424361322075, -0.00198350660503, 0.000774744723458, -0.00405440852046, 0.000989412539639, -0.0026704070624, 0.00197038380429, 0.00110754137859, -0.00183866824955, -0.000989485881291, -0.00311412615702, -0.00399987818673, 0.0168986581266]]
    },
    "melbands": {
        "dmean": [0.00396379176527, 0.00241741118953, 0.000890198221896, 0.000389176129829, 0.000293566175969, 0.000180453222129, 0.000167191305081, 0.000158326976816, 0.000135370966746, 0.000113881433208, 6.84443148202e-05, 9.99443727778e-05, 4.36405352957e-05, 5.50037366338e-05, 4.56834786746e-05, 4.7633126087e-05, 2.66076876869e-05, 1.97797598958e-05, 3.16402038152e-05, 1.84107520909e-05, 1.09544589577e-05, 1.11489125629e-05, 1.07645782919e-05, 8.16903593659e-06, 8.45622525958e-06, 5.68244968235e-06, 5.20874300491e-06, 4.05315086027e-06, 3.41628833667e-06, 3.31139631271e-06, 2.80026802102e-06, 2.52088557318e-06, 1.89194395261e-06, 1.72215743532e-06, 1.7946844082e-06, 1.67987286659e-06, 1.93726191355e-06, 1.50733319515e-06, 1.11408769499e-06, 8.74432259934e-07],
        "dmean2": [0.00647836038843, 0.00401748903096, 0.00156842067372, 0.000666677893605, 0.000464064272819, 0.000299865932902, 0.000287735223537, 0.000255706574535, 0.000207544988371, 0.000181852243259, 0.000111496723548, 0.000169635051861, 7.29955936549e-05, 8.92373427632e-05, 7.56465160521e-05, 7.85167430877e-05, 4.39795985585e-05, 3.25596156472e-05, 5.23871276528e-05, 3.00465835608e-05, 1.83301017387e-05, 1.90549890249e-05, 1.74904853338e-05, 1.29944619403e-05, 1.35497793963e-05, 9.2011405286e-06, 8.64364483277e-06, 6.68037682772e-06, 5.61603246751e-06, 5.35856952411e-06, 4.19660364059e-06, 3.68292080566e-06, 2.73244245363e-06, 2.62981143351e-06, 2.7443527415e-06, 2.58386762653e-06, 2.73862292488e-06, 2.21799837163e-06, 1.63877734849e-06, 1.25809845031e-06],
        "dvar": [5.00751775689e-05, 1.99698297365e-05, 3.41910072166e-06, 5.48121988686e-07, 2.76105623698e-07, 9.16587410416e-08, 7.37601126843e-08, 8.28137700637e-08, 7.03294844584e-08, 4.87436828678e-08, 1.41840050816e-08, 3.38067387418e-08, 6.34616270645e-09, 1.1108406639e-08, 5.28496890695e-09, 7.57946061469e-09, 2.08611705688e-09, 1.37171751735e-09, 3.62597374348e-09, 1.3634726681e-09, 5.11943265558e-10, 5.50271828104e-10, 4.39505848382e-10, 2.9916719102e-10, 4.34113633929e-10, 1.3222620221e-10, 1.3764057949e-10, 8.34844277042e-11, 8.23125109739e-11, 1.09817911709e-10, 7.10907652191e-11, 6.91428858612e-11, 2.63091926717e-11, 2.16843452916e-11, 2.53894179986e-11, 2.00777276749e-11, 3.68403467454e-11, 2.22177328618e-11, 1.23229846466e-11, 7.86799358304e-12],
        "dvar2": [0.000131534441607, 5.27404154127e-05, 9.55128143687e-06, 1.499977202e-06, 7.15946839591e-07, 2.50281402714e-07, 2.07179397194e-07, 1.79317353854e-07, 1.49690791318e-07, 1.1955461332e-07, 3.36437189219e-08, 9.6134314731e-08, 1.70745604322e-08, 2.84645178539e-08, 1.38359128599e-08, 1.96515070883e-08, 5.40416689176e-09, 3.37226513381e-09, 9.54718615276e-09, 3.29447402692e-09, 1.32077171422e-09, 1.43489653492e-09, 1.03138209084e-09, 6.7518668434e-10, 9.41603350846e-10, 3.03040620375e-10, 3.58797519473e-10, 2.18657175699e-10, 2.07048433953e-10, 2.83366663467e-10, 1.53243362444e-10, 1.35847361138e-10, 5.81409816125e-11, 5.11202365161e-11, 5.93722987441e-11, 4.49290153692e-11, 7.01151081639e-11, 5.08219681616e-11, 2.70747625708e-11, 1.55877914743e-11],
        "max": [0.0662986040115, 0.0443820208311, 0.0214287620038, 0.00719063077122, 0.00686189346015, 0.00273343874142, 0.00209510233253, 0.00379841215909, 0.00485502555966, 0.00213192380033, 0.00128672760911, 0.00272693997249, 0.000855658610817, 0.0015369335888, 0.000910967180971, 0.00100238528103, 0.000594940560404, 0.000455640867585, 0.000804915151093, 0.00060140970163, 0.000225174677325, 0.000208693047171, 0.000282895343844, 0.000324227759847, 0.000408937048633, 0.000144927966176, 0.000136390925036, 0.000114266353194, 0.000100497636595, 0.000147930215462, 0.000142709439388, 0.000201188217034, 8.55304460856e-05, 6.09162780165e-05, 9.65495637502e-05, 6.47634151392e-05, 9.13174735615e-05, 6.62277670926e-05, 5.93976583332e-05, 4.42700220447e-05],
        "mean": [0.00596030894667, 0.0034257194493, 0.00103396817576, 0.000526686257217, 0.000477587309433, 0.000304848479573, 0.000237300060689, 0.000238528911723, 0.000240302557359, 0.000186418750673, 0.000122017649119, 0.000184699296369, 6.7893146479e-05, 8.44804017106e-05, 7.07586150384e-05, 7.68660465837e-05, 4.409263056e-05, 3.22509658872e-05, 5.0031219871e-05, 3.11263356707e-05, 1.58026505233e-05, 1.70090952452e-05, 1.96417549887e-05, 1.38336508826e-05, 1.3068485714e-05, 9.92499462882e-06, 8.06111893326e-06, 6.07525635132e-06, 4.90626644023e-06, 4.66906112706e-06, 4.22696257374e-06, 3.8391367525e-06, 2.89844069812e-06, 2.61137665802e-06, 3.01966838379e-06, 3.01939667224e-06, 3.60235617336e-06, 2.56527141573e-06, 1.84370230727e-06, 1.40036513585e-06],
        "median": [0.00233171088621, 0.00189240090549, 0.000557829684112, 0.000308453978505, 0.000244815833867, 0.000176508125151, 0.000135698574013, 0.000106500214315, 8.12270591268e-05, 4.57455898868e-05, 5.86905989621e-05, 6.18301928625e-05, 3.55728916475e-05, 3.16136611218e-05, 3.89294255001e-05, 2.68201347353e-05, 2.15399304579e-05, 1.47319788084e-05, 1.88496142073e-05, 1.11467252282e-05, 7.53425092626e-06, 8.3016411736e-06, 7.5517004916e-06, 5.66178960071e-06, 4.60714363726e-06, 4.24173867941e-06, 3.0892185805e-06, 1.89368529391e-06, 9.74794488684e-07, 6.62163301968e-07, 4.88798832521e-07, 4.99921043229e-07, 3.57490762326e-07, 3.16021157687e-07, 4.51317191619e-07, 3.63246698498e-07, 2.94179159255e-07, 2.07151586551e-07, 1.6457263996e-07, 9.65600293057e-08],
        "min": [6.87257473153e-10, 4.37612435178e-09, 1.58665471872e-07, 3.60456368753e-07, 5.7909788076e-09, 2.52538931989e-08, 6.49714095857e-08, 3.16275006185e-09, 7.29847693393e-09, 4.71810501779e-09, 2.70723043982e-09, 7.36785477073e-09, 2.79086709298e-09, 5.65457958235e-10, 1.48986545323e-09, 2.52789789101e-09, 5.03480368508e-10, 2.8666904961e-10, 8.85269704765e-11, 3.90288183716e-11, 3.94049966268e-11, 5.54666867991e-11, 8.68263863585e-11, 4.20237594723e-11, 6.88302054241e-11, 7.15973391685e-11, 3.11506549722e-11, 3.36891348152e-11, 2.0922171981e-11, 1.68709889808e-11, 1.08094947923e-11, 7.28462082322e-12, 5.96068463685e-12, 1.52367606921e-13, 9.55730178158e-14, 1.08093933381e-13, 1.07048261043e-13, 1.12988049093e-13, 8.38509762926e-14, 5.3542829621e-14],
