{
"highlevel": {
    "danceability": {
        "all": {
            "danceable": 0.419505953789,
            "not_danceable": 0.580494046211
        },
        "probability": 0.580494046211,
        "value": "not_danceable"
    },
    "gender": {
        "all": {
            "female": 0.980957508087,
            "male": 0.0190425217152
        },
        "probability": 0.980957508087,
        "value": "female"
    },
    "genre_dortmund": {
        "all": {
            "alternative": 0.0290272217244,
            "blues": 0.156968921423,
            "electronic": 0.0580644644797,
            "folkcountry": 0.0650120377541,
            "funksoulrnb": 0.146080046892,
            "jazz": 0.168913543224,
            "pop": 0.0566532611847,
            "raphiphop": 0.290410220623,
            "rock": 0.0288702920079
        },
        "probability": 0.290410220623,
        "value": "raphiphop"
    },
    "genre_electronic": {
        "all": {
            "ambient": 0.889461278915,
            "dnb": 0.0203543640673,
            "house": 0.0709015503526,
            "techno": 0.00683376984671,
            "trance": 0.0124490577728
        },
        "probability": 0.889461278915,
        "value": "ambient"
    },
    "genre_rosamerica": {
        "all": {
            "cla": 0.0184815879911,
            "dan": 0.0103447949514,
            "hip": 0.0863351002336,
            "jaz": 0.087377615273,
            "pop": 0.10581638664,
            "rhy": 0.678037941456,
            "roc": 0.00451165204868,
            "spe": 0.00909494142979
        },
        "probability": 0.678037941456,
        "value": "rhy"
    },
    "genre_tzanetakis": {
        "all": {
            "blu": 0.0639473497868,
            "cla": 0.0355215594172,
            "cou": 0.0639379173517,
            "dis": 0.0532819107175,
            "hip": 0.0799247846007,
            "jaz": 0.319711565971,
            "met": 0.0639483332634,
            "pop": 0.0799333080649,
            "reg": 0.0799318104982,
            "roc": 0.159861460328
        },
        "probability": 0.319711565971,
        "value": "jaz"
    },
    "ismir04_rhythm": {
        "all": {
            "ChaChaCha": 0.0626516416669,
            "Jive": 0.00479039130732,
            "Quickstep": 0.0391347706318,
            "Rumba-American": 0.0852988064289,
            "Rumba-International": 0.537346839905,
            "Rumba-Misc": 0.0364218018949,
            "Samba": 0.0278476644307,
            "Tango": 0.0952679142356,
            "VienneseWaltz": 0.0445895791054,
            "Waltz": 0.0666505843401
        },
        "probability": 0.537346839905,
        "value": "Rumba-International"
    },
    "mood_acoustic": {
        "all": {
            "acoustic": 0.849400639534,
            "not_acoustic": 0.150599330664
        },
        "probability": 0.849400639534,
        "value": "acoustic"
    },
    "mood_aggressive": {
        "all": {
            "aggressive": 3.39889311363e-06,
            "not_aggressive": 0.999996602535
        },
        "probability": 0.999996602535,
        "value": "not_aggressive"
    },
    "mood_electronic": {
        "all": {
            "electronic": 0.431115746498,
            "not_electronic": 0.568884253502
        },
        "probability": 0.568884253502,
        "value": "not_electronic"
    },
    "mood_happy": {
        "all": {
            "happy": 0.380797803402,
            "not_happy": 0.619202196598
        },
        "probability": 0.619202196598,
        "value": "not_happy"
    },
    "mood_party": {
        "all": {
            "not_party": 0.925070464611,
            "party": 0.0749295577407
        },
        "probability": 0.925070464611,
        "value": "not_party"
    },
    "mood_relaxed": {
        "all": {
            "not_relaxed": 0.414094001055,
            "relaxed": 0.585906028748
        },
        "probability": 0.585906028748,
        "value": "relaxed"
    },
    "mood_sad": {
        "all": {
            "not_sad": 0.129376754165,
            "sad": 0.870623230934
        },
        "probability": 0.870623230934,
        "value": "sad"
    },
    "moods_mirex": {
        "all": {
            "Cluster1": 0.075455904007,
            "Cluster2": 0.194986432791,
            "Cluster3": 0.441372841597,
            "Cluster4": 0.274776339531,
            "Cluster5": 0.0134084811434
        },
        "probability": 0.441372841597,
        "value": "Cluster3"
    },
    "timbre": {
        "all": {
            "bright": 0.908744037151,
            "dark": 0.0912559852004
        },
        "probability": 0.908744037151,
        "value": "bright"
    },
    "tonal_atonal": {
        "all": {
            "atonal": 0.00631305249408,
            "tonal": 0.993686974049
        },
        "probability": 0.993686974049,
        "value": "tonal"
    },
    "voice_instrumental": {
        "all": {
            "instrumental": 0.113311514258,
            "voice": 0.88668847084
        },
        "probability": 0.88668847084,
        "value": "voice"
    }
},
"lowlevel": {
    "average_loudness": 0.835789680481,
    "barkbands_crest": {
        "dmean": 2.57930850983,
        "dmean2": 3.94478154182,
        "dvar": 6.965259552,
        "dvar2": 15.0548810959,
        "max": 26.4710826874,
        "mean": 13.5685501099,
        "median": 13.108171463,
        "min": 3.35305190086,
        "var": 24.8862667084
    },
    "barkbands_flatness_db": {
        "dmean": 0.0452161803842,
        "dmean2": 0.0625916346908,
        "dvar": 0.00231280177832,
        "dvar2": 0.00377705553547,
        "max": 0.621732652187,
        "mean": 0.263182729483,
        "median": 0.2579895854,
        "min": 0.0389235988259,
        "var": 0.00833994708955
    },
    "barkbands_kurtosis": {
        "dmean": 8.96654605865,
        "dmean2": 14.0456075668,
        "dvar": 386.914703369,
        "dvar2": 959.073974609,
        "max": 309.488983154,
        "mean": 13.7201166153,
        "median": 5.26758289337,
        "min": -1.91864848137,
        "var": 773.873474121
    },
    "barkbands_skewness": {
        "dmean": 0.926170110703,
        "dmean2": 1.36624133587,
        "dvar": 1.2647228241,
        "dvar2": 2.69666481018,
        "max": 15.3978509903,
        "mean": 1.96015918255,
        "median": 1.6447404623,
        "min": -5.47210359573,
        "var": 4.70851230621
    },
    "barkbands_spread": {
        "dmean": 4.81907272339,
        "dmean2": 7.84667873383,
        "dvar": 57.4726066589,
        "dvar2": 137.901428223,
        "max": 93.5081176758,
        "mean": 10.9488639832,
        "median": 8.11315822601,
        "min": 0.142664298415,
        "var": 108.224250793
    },
    "dissonance": {
        "dmean": 0.0500728674233,
        "dmean2": 0.0778649523854,
        "dvar": 0.00193697551731,
        "dvar2": 0.00457954965532,
        "max": 0.499247908592,
        "mean": 0.381325125694,
        "median": 0.391461968422,
        "min": 0.0996831208467,
        "var": 0.00540991919115
    },
    "dynamic_complexity": 2.60671067238,
    "erbbands_crest": {
        "dmean": 3.52590298653,
        "dmean2": 5.60147953033,
        "dvar": 11.9803009033,
        "dvar2": 28.2832431793,
        "max": 29.8577842712,
        "mean": 14.5435743332,
        "median": 13.9149360657,
        "min": 3.63971948624,
        "var": 31.6938533783
    },
    "erbbands_flatness_db": {
        "dmean": 0.0391555614769,
        "dmean2": 0.0542115867138,
        "dvar": 0.00168839050457,
        "dvar2": 0.00296179996803,
        "max": 0.524927914143,
        "mean": 0.248358234763,
        "median": 0.239197403193,
        "min": 0.0564045906067,
        "var": 0.00799265876412
    },
    "erbbands_kurtosis": {
        "dmean": 4.69675540924,
        "dmean2": 7.29539394379,
        "dvar": 129.197250366,
        "dvar2": 301.070007324,
        "max": 167.071548462,
        "mean": 5.94509124756,
        "median": 2.46640586853,
        "min": -1.87636828423,
        "var": 158.882904053
    },
    "erbbands_skewness": {
        "dmean": 0.743218660355,
        "dmean2": 1.10364830494,
        "dvar": 0.738922178745,
        "dvar2": 1.66063416004,
        "max": 10.1009597778,
        "mean": 1.01120305061,
        "median": 0.906952619553,
        "min": -4.7361779213,
        "var": 2.19063520432
    },
    "erbbands_spread": {
        "dmean": 10.7667751312,
        "dmean2": 17.1875476837,
        "dvar": 307.368865967,
        "dvar2": 785.941101074,
        "max": 150.524383545,
        "mean": 23.0174255371,
        "median": 17.2465019226,
        "min": 0.901396274567,
        "var": 515.380004883
    },
    "hfc": {
        "dmean": 11.3446617126,
        "dmean2": 18.9392528534,
        "dvar": 922.086608887,
        "dvar2": 2260.62182617,
        "max": 299.480499268,
        "mean": 15.8734264374,
        "median": 8.71061515808,
        "min": 0.00268024019897,
        "var": 802.951293945
    },
    "melbands_crest": {
        "dmean": 3.1059589386,
        "dmean2": 4.85438489914,
        "dvar": 10.2304563522,
        "dvar2": 22.4030418396,
        "max": 33.5867996216,
        "mean": 17.1637573242,
        "median": 16.7499008179,
        "min": 3.75054907799,
        "var": 40.6685447693
    },
    "melbands_flatness_db": {
        "dmean": 0.0542545095086,
        "dmean2": 0.0729808285832,
        "dvar": 0.00353743275627,
        "dvar2": 0.00579422619194,
        "max": 0.770228922367,
        "mean": 0.324669152498,
        "median": 0.3129132092,
        "min": 0.0277839545161,
        "var": 0.0124325966462
    },
    "melbands_kurtosis": {
        "dmean": 13.9321422577,
        "dmean2": 21.8688220978,
        "dvar": 1140.5324707,
        "dvar2": 2925.48730469,
        "max": 486.713928223,
        "mean": 21.5321559906,
        "median": 7.80501747131,
        "min": -1.89194869995,
        "var": 1896.29907227
    },
    "melbands_skewness": {
        "dmean": 1.10773181915,
        "dmean2": 1.66735732555,
        "dvar": 2.17498207092,
        "dvar2": 5.03726959229,
        "max": 18.2150726318,
        "mean": 2.39335083961,
        "median": 1.8288629055,
        "min": -3.09184479713,
        "var": 6.46593427658
    },
    "melbands_spread": {
        "dmean": 5.38785266876,
        "dmean2": 8.28755092621,
        "dvar": 112.933197021,
        "dvar2": 265.148254395,
        "max": 160.405212402,
        "mean": 13.4065084457,
        "median": 9.17492389679,
        "min": 0.338178604841,
        "var": 196.425827026
    },
    "pitch_salience": {
        "dmean": 0.0787889137864,
        "dmean2": 0.122630186379,
        "dvar": 0.00790293421596,
        "dvar2": 0.0178417656571,
        "max": 0.890224516392,
        "mean": 0.47262609005,
        "median": 0.467740476131,
        "min": 0.0761294960976,
        "var": 0.0205838978291
    },
    "silence_rate_20dB": {
        "dmean": 0,
        "dmean2": 0,
        "dvar": 0,
        "dvar2": 0,
        "max": 1,
        "mean": 1,
        "median": 1,
        "min": 1,
        "var": 0
    },
    "silence_rate_30dB": {
        "dmean": 0.0294117648154,
        "dmean2": 0.0588690936565,
        "dvar": 0.0285469740629,
        "dvar2": 0.0662472546101,
        "max": 1,
        "mean": 0.97138440609,
        "median": 1,
        "min": 0,
        "var": 0.0277969762683
    },
    "silence_rate_60dB": {
        "dmean": 0.0232198145241,
        "dmean2": 0.0457010082901,
        "dvar": 0.0226808786392,
        "dvar2": 0.0498100183904,
        "max": 1,
        "mean": 0.0502706877887,
        "median": 0,
        "min": 0,
        "var": 0.0477428138256
    },
    "spectral_centroid": {
        "dmean": 220.697372437,
        "dmean2": 328.61807251,
        "dvar": 119603.328125,
        "dvar2": 222438.921875,
        "max": 5965.50488281,
        "mean": 852.845703125,
        "median": 737.054321289,
        "min": 116.100830078,
        "var": 325411.71875
    },
    "spectral_complexity": {
        "dmean": 3.44969034195,
        "dmean2": 5.38497304916,
        "dvar": 45.3541488647,
        "dvar2": 95.5303268433,
        "max": 59,
        "mean": 9.1546792984,
        "median": 8,
        "min": 0,
        "var": 64.3054656982
    },
    "spectral_decrease": {
        "dmean": 2.53364573766e-09,
        "dmean2": 4.21495638392e-09,
        "dvar": 2.68884521057e-17,
        "dvar2": 7.02236701563e-17,
        "max": -5.97787878226e-13,
        "mean": -6.66102373259e-09,
        "median": -4.29341096009e-09,
        "min": -5.17177092263e-08,
        "var": 5.22564734535e-17
    },
    "spectral_energy": {
        "dmean": 0.0104428837076,
        "dmean2": 0.0173814296722,
        "dvar": 0.000449365732493,
        "dvar2": 0.00116470444482,
        "max": 0.19892065227,
        "mean": 0.0265799872577,
        "median": 0.0173381567001,
        "min": 2.49928848461e-06,
        "var": 0.000808465993032
    },
    "spectral_energyband_high": {
        "dmean": 0.000565492722671,
        "dmean2": 0.00096955196932,
        "dvar": 3.47391755895e-06,
        "dvar2": 8.85264853423e-06,
        "max": 0.020635144785,
        "mean": 0.000425975915277,
        "median": 2.07757966564e-05,
        "min": 3.84794018871e-09,
        "var": 2.66968868345e-06
    },
    "spectral_energyband_low": {
        "dmean": 0.0041561932303,
        "dmean2": 0.00644868426025,
        "dvar": 0.00015099538723,
        "dvar2": 0.000356104545062,
        "max": 0.156340509653,
        "mean": 0.0116795143113,
        "median": 0.00122787198052,
        "min": 3.28376836833e-09,
        "var": 0.000542193010915
    },
    "spectral_energyband_middle_high": {
        "dmean": 0.00439125113189,
        "dmean2": 0.00728622032329,
        "dvar": 0.000155411005835,
        "dvar2": 0.000405650644097,
        "max": 0.0964415669441,
        "mean": 0.0053734248504,
        "median": 0.0013719444396,
        "min": 6.99082420397e-07,
        "var": 0.000132056666189
    },
    "spectral_energyband_middle_low": {
        "dmean": 0.00496033206582,
        "dmean2": 0.00809326954186,
        "dvar": 0.000222996619414,
        "dvar2": 0.000629706424661,
        "max": 0.138401955366,
        "mean": 0.0102764358744,
        "median": 0.00786740146577,
        "min": 1.38245502512e-06,
        "var": 0.000164557786775
    },
    "spectral_entropy": {
        "dmean": 0.478368759155,
        "dmean2": 0.673185408115,
        "dvar": 0.253170967102,
        "dvar2": 0.449230462313,
        "max": 8.81876468658,
        "mean": 6.51753807068,
        "median": 6.43600702286,
        "min": 4.02223062515,
        "var": 0.771707117558
    },
    "spectral_flux": {
        "dmean": 0.0359344519675,
        "dmean2": 0.0540123656392,
        "dvar": 0.00255982205272,
        "dvar2": 0.0043611805886,
        "max": 0.414806336164,
        "mean": 0.075087480247,
        "median": 0.0509770773351,
        "min": 0.00113066774793,
        "var": 0.00519815506414
    },
    "spectral_kurtosis": {
        "dmean": 12.1943540573,
        "dmean2": 18.1938476562,
        "dvar": 662.642883301,
        "dvar2": 1355.88513184,
        "max": 275.809875488,
        "mean": 19.376499176,
        "median": 11.4045763016,
        "min": -1.03268384933,
        "var": 953.331787109
    },
    "spectral_rms": {
        "dmean": 0.000840849999804,
        "dmean2": 0.00132215674967,
        "dvar": 1.84344855825e-06,
        "dvar2": 4.46866852144e-06,
        "max": 0.0139308627695,
        "mean": 0.0045644720085,
        "median": 0.00411281827837,
        "min": 4.93794505019e-05,
        "var": 5.09730944032e-06
    },
    "spectral_rolloff": {
        "dmean": 383.014129639,
        "dmean2": 631.052307129,
        "dvar": 935352.9375,
        "dvar2": 2049547.75,
        "max": 12446.1914062,
        "mean": 995.722717285,
        "median": 710.595703125,
        "min": 64.599609375,
        "var": 1601845.75
    },
    "spectral_skewness": {
        "dmean": 0.920958161354,
        "dmean2": 1.32646107674,
        "dvar": 1.65059804916,
        "dvar2": 3.06316161156,
        "max": 14.852432251,
        "mean": 2.99703288078,
        "median": 2.6498606205,
        "min": 0.0897377207875,
        "var": 3.56157374382
    },
    "spectral_spread": {
        "dmean": 1183957.75,
        "dmean2": 1788698.375,
        "dvar": 2.24442633421e+12,
        "dvar2": 4.85092753408e+12,
        "max": 14710213,
        "mean": 3839333.25,
        "median": 3167759.25,
        "min": 433669.59375,
        "var": 5.31591436698e+12
    },
    "spectral_strongpeak": {
        "dmean": 0.485620468855,
        "dmean2": 0.78307980299,
        "dvar": 0.567428588867,
        "dvar2": 1.31766736507,
        "max": 6.35860776901,
        "mean": 1.31753599644,
        "median": 0.861362338066,
        "min": 0.0116798784584,
        "var": 1.48490297794
    },
    "zerocrossingrate": {
        "dmean": 0.0103374281898,
        "dmean2": 0.012304989621,
        "dvar": 0.000275352038443,
        "dvar2": 0.000309857801767,
        "max": 0.36669921875,
        "mean": 0.0405567996204,
        "median": 0.03466796875,
        "min": 0.00244140625,
        "var": 0.00123168539722
    },
    "barkbands": {
        "dmean": [0.000217615190195, 0.00346461171284, 0.0020587509498, 0.0018808793975, 0.00127707445063, 0.000407626153901, 0.000855778460391, 0.000912364805117, 0.000833951635286, 0.000621963699814, 0.00117716391105, 0.000634916534182, 0.000915987591725, 0.000461638468551, 0.00066252972465, 0.000330959708663, 0.000268191099167, 0.000170787345269, 0.000114794776891, 9.87094099401e-05, 0.000107210486021, 9.10316593945e-05, 0.000102657199022, 7.65164004406e-05, 5.62777022424e-05, 8.39903805172e-05, 8.2521182776e-08],
        "dmean2": [0.000321486673784, 0.00530159799382, 0.00358221237548, 0.00344273773953, 0.00220499793068, 0.000650965666864, 0.00138069514651, 0.00134363467805, 0.00121696060523, 0.000951063877437, 0.00204570358619, 0.00103947601747, 0.00145895895548, 0.000750934937969, 0.00112528225873, 0.000567316950765, 0.00047989669838, 0.00029370552511, 0.000193112427951, 0.000173360589542, 0.000188634978258, 0.000152382504893, 0.000176073182956, 0.000130503729451, 9.83341014944e-05, 0.000153319080709, 1.57522549671e-07],
        "dvar": [4.24756223083e-07, 0.000123792822706, 8.5562140157e-05, 9.6867675893e-05, 1.85613716894e-05, 1.111382403e-06, 3.55528686669e-06, 4.30910267823e-06, 3.04154104924e-06, 1.75839682015e-06, 1.48823801283e-05, 3.42901716976e-06, 5.28109922016e-06, 1.75062552898e-06, 5.81406266065e-06, 1.62567653206e-06, 9.60544070949e-07, 3.33055851343e-07, 1.12686336706e-07, 1.34972012233e-07, 1.77929564416e-07, 9.22473972764e-08, 1.4102214152e-07, 6.74035618431e-08, 4.40070486718e-08, 4.5363268697e-08, 4.50702246791e-13],
        "dvar2": [8.34231911995e-07, 0.000276201026281, 0.000235630388488, 0.000277397950413, 5.44732392882e-05, 2.56880684901e-06, 9.06889181351e-06, 9.68393942458e-06, 6.06710682405e-06, 4.31132684753e-06, 4.1761668399e-05, 9.20355978451e-06, 1.35787468025e-05, 4.21535924033e-06, 1.50586538439e-05, 4.00517092203e-06, 2.58100681094e-06, 8.48825436606e-07, 2.89932756914e-07, 3.50633570179e-07, 4.56273767213e-07, 2.14832866163e-07, 3.7066527625e-07, 1.77005986757e-07, 1.13293580739e-07, 1.29104776647e-07, 1.29563688337e-12],
        "max": [0.00888461433351, 0.150471627712, 0.101694718003, 0.101192899048, 0.05053281039, 0.0124620348215, 0.0207744948566, 0.0285265054554, 0.0237973388284, 0.0173811875284, 0.0360038690269, 0.0274497903883, 0.0296873617917, 0.012880962342, 0.0289252363145, 0.0146610848606, 0.00815122947097, 0.00651935534552, 0.00305650453083, 0.00424698134884, 0.00430965702981, 0.00390890100971, 0.00417956337333, 0.0039001442492, 0.00288070482202, 0.00192736217286, 1.0044699593e-05],
        "mean": [0.000390545726987, 0.00822061020881, 0.00216725608334, 0.00158666749485, 0.00227366667241, 0.000890681112651, 0.0014826154802, 0.00176339678001, 0.00160707253963, 0.00101300852839, 0.0012035255786, 0.000589129456785, 0.0012607864337, 0.000460762123112, 0.00050484604435, 0.000242145964876, 0.000201303671929, 0.000150243620737, 0.000112105466542, 7.51233528717e-05, 7.26011712686e-05, 7.18014343875e-05, 7.68461031839e-05, 6.21486688033e-05, 4.36636291852e-05, 5.73991928832e-05, 4.74254946425e-08],
        "median": [1.91478848137e-05, 0.000435249006841, 0.000168219732586, 6.86959028826e-05, 0.00119580968749, 0.000112503512355, 0.000386779836845, 0.000370431283955, 0.00027274643071, 0.000100686120277, 0.00010994567856, 4.62627067463e-05, 8.12997677713e-05, 4.01160577894e-05, 1.7458361981e-05, 1.06078996396e-05, 2.1233685402e-05, 2.10798098124e-05, 2.42851747316e-05, 5.58813053431e-06, 5.2685919627e-07, 1.9362285002e-06, 4.19937805418e-06, 5.8362497839e-06, 2.30818363889e-06, 1.41991165492e-06, 3.69046238013e-10],
        "min": [1.43301091479e-11, 4.82986040051e-10, 6.81134648683e-10, 5.71671932015e-10, 1.57850820415e-07, 1.20995160557e-08, 2.65127994226e-07, 6.97265321037e-08, 9.58971000387e-08, 5.50422214474e-08, 3.85981664408e-08, 1.07175006647e-08, 1.81966548496e-08, 6.8384671259e-09, 5.52035084311e-09, 2.49605380809e-09, 2.28093921528e-09, 1.35909572485e-09, 1.36866296074e-09, 8.8504997775e-10, 4.44184466986e-10, 5.31253652181e-10, 5.9203070224e-10, 7.33846983181e-10, 1.0961147788e-11, 1.36828343794e-11, 6.35150699396e-12],
        "var": [1.019661795e-06, 0.000340162252542, 5.84946683375e-05, 5.78090475756e-05, 1.45735702972e-05, 3.55524639417e-06, 6.65932748234e-06, 1.01548002931e-05, 1.0451786693e-05, 4.41880092694e-06, 1.157375209e-05, 2.9907798762e-06, 7.46983141653e-06, 1.79837843461e-06, 4.54850896858e-06, 1.31310684992e-06, 6.50783704259e-07, 2.57304634488e-07, 9.14355524628e-08, 9.77472751629e-08, 1.3057476167e-07, 8.24148145284e-08, 1.02130584878e-07, 5.15376719079e-08, 3.32467031683e-08, 3.0793145811e-08, 2.53111903182e-13]
    },
    "erbbands": {
        "dmean": [0.138813450933, 0.68698745966, 1.67964327335, 5.04241943359, 4.72478342056, 4.47940397263, 3.39952397346, 3.88241529465, 8.01223754883, 23.0552272797, 13.8700885773, 16.8804531097, 25.7191181183, 24.6816711426, 43.4701957703, 27.3910541534, 42.7213249207, 27.8215675354, 27.7881069183, 25.4455661774, 16.5433082581, 14.9489002228, 10.4573173523, 6.09610652924, 5.77185964584, 4.83025074005, 4.67248535156, 4.00603437424, 3.26507401466, 3.43559789658, 2.70722198486, 1.73628365993, 1.14256381989, 0.668483436108, 0.397428810596, 0.287512809038, 0.175947323442, 0.0206167213619, 0.000360225851182, 2.47397274507e-05],
        "dmean2": [0.193429782987, 1.07669973373, 2.73207569122, 8.96760177612, 8.62010383606, 7.55481672287, 5.56182765961, 5.97029972076, 13.0396938324, 33.6677017212, 21.4760513306, 24.6914615631, 37.6927146912, 43.1092033386, 73.7574920654, 44.1768455505, 67.787322998, 44.8921966553, 47.7095108032, 41.9122657776, 28.8093528748, 26.6538238525, 17.91664505, 10.3005599976, 9.69760227203, 8.46885585785, 8.35344696045, 6.95793962479, 5.54111194611, 5.72212314606, 4.6035323143, 2.96902012825, 1.93995857239, 1.16826820374, 0.691284656525, 0.513460218906, 0.323954194784, 0.0381652377546, 0.00066377595067, 4.18939889641e-05],
        "dvar": [0.183318316936, 5.70844841003, 45.999332428, 666.06439209, 506.10269165, 141.20526123, 67.1249008179, 97.3526535034, 423.135772705, 2189.57128906, 1698.85021973, 1261.91516113, 2664.95507812, 6965.14306641, 15841.84375, 5852.52978516, 11759.4160156, 5557.08203125, 8207.49511719, 9465.32128906, 3757.84790039, 2957.78515625, 1255.93530273, 379.093566895, 297.103729248, 357.569976807, 353.346496582, 243.63710022, 129.313812256, 142.963775635, 93.1546020508, 29.2798690796, 15.6386947632, 7.07112264633, 1.76938664913, 0.685698747635, 0.199301347136, 0.00300527410582, 9.20177001262e-07, 2.98830915568e-09],
        "dvar2": [0.349263072014, 13.682053566, 116.806617737, 1862.15844727, 1477.4552002, 407.21194458, 180.855545044, 205.564941406, 1100.03161621, 4836.11035156, 4486.87744141, 2442.8515625, 5973.98876953, 19939.7226562, 43593.890625, 15537.3056641, 29977.0820312, 13649.7832031, 21304.0351562, 21710.9804688, 9283.19921875, 8027.42773438, 3278.4675293, 921.577087402, 771.071289062, 939.752197266, 921.79083252, 621.861694336, 312.046386719, 349.220062256, 240.984725952, 76.7775878906, 40.1936683655, 18.0958690643, 4.58853292465, 1.87249612808, 0.576644957066, 0.00868164934218, 2.63223864749e-06, 7.73267050391e-09],
        "max": [5.1040225029, 33.2223930359, 76.1075973511, 262.854553223, 242.907470703, 132.147415161, 89.0875930786, 118.369857788, 330.230712891, 514.998291016, 736.583435059, 687.094604492, 605.105224609, 841.406066895, 945.108215332, 1157.02258301, 1497.29626465, 792.783325195, 954.192138672, 1123.69042969, 595.343566895, 431.649993896, 397.479003906, 207.200469971, 138.847961426, 228.265914917, 222.680740356, 181.701782227, 136.176956177, 144.110656738, 109.14894104, 74.7142715454, 53.3770179749, 34.9771728516, 17.9197654724, 9.18710803986, 3.22479701042, 0.440903067589, 0.00839028973132, 0.000626452150755],
        "mean": [0.337013542652, 1.46237432957, 2.21677684784, 4.59918928146, 5.58636188507, 8.37336444855, 6.86015081406, 9.02632331848, 15.6276226044, 43.0307197571, 21.5723266602, 35.8995742798, 48.1436767578, 25.1096153259, 47.6425361633, 31.1394710541, 58.3585662842, 30.7960529327, 22.6438312531, 20.8015098572, 12.2399549484, 11.181227684, 9.17781352997, 5.86817932129, 5.35586643219, 3.65399169922, 3.1301908493, 2.75915241241, 2.51087594032, 2.66387939453, 2.07626843452, 1.43773388863, 0.910498380661, 0.519707202911, 0.304996877909, 0.205692797899, 0.117974817753, 0.0134677262977, 0.000248467404163, 4.09061358368e-05],
        "median": [0.0154624050483, 0.0887116119266, 0.245408952236, 0.437754452229, 1.29478931427, 4.41074466705, 2.36062550545, 1.30551469326, 3.53456497192, 16.5247783661, 5.63677692413, 7.59728336334, 8.60197353363, 3.93755173683, 5.90886259079, 4.2024641037, 4.18678998947, 3.61656093597, 1.64549350739, 0.748786568642, 0.700613498688, 1.28659117222, 1.42280626297, 1.31237185001, 1.18534994125, 0.3551248312, 0.043181989342, 0.0290233567357, 0.0599541217089, 0.100656718016, 0.11610288173, 0.14470718801, 0.0681814849377, 0.0214537214488, 0.0185702703893, 0.00737043097615, 0.00233471207321, 0.000183552823728, 1.61278949236e-05, 2.21222435357e-05],
        "min": [1.70082401496e-08, 3.29816828071e-07, 1.16079002055e-06, 3.22340565617e-06, 4.75899360026e-05, 0.000905333028641, 0.00042770471191, 7.44410863263e-05, 0.00142274575774, 0.00570646394044, 0.00224419380538, 0.00256835878827, 0.000916410877835, 0.00117256399244, 0.0024269381538, 0.00423626275733, 0.00255733821541, 0.00137622223701, 0.000493176165037, 0.000232860489632, 0.000208441633731, 0.000126037353766, 8.44734167913e-05, 0.000102013596916, 8.72081072885e-05, 2.81241391349e-05, 1.94713375095e-05, 2.0007346393e-05, 2.15554009628e-05, 1.93179039343e-05, 1.74609103851e-05, 1.87900295714e-05, 6.21599929218e-06, 1.85408555353e-06, 1.05490858004e-06, 9.86773784462e-07, 5.96466520619e-07, 8.76869492572e-08, 1.8489872744e-08, 3.9645957628e-09],
        "var": [0.587786376476, 11.6195859909, 41.0507659912, 420.589508057, 310.108337402, 149.734024048, 114.382827759, 403.173675537, 1018.91882324, 4400.52050781, 1923.87573242, 6121.828125, 7467.02880859, 4743.90039062, 13312.171875, 5288.71777344, 15614.453125, 6077.39355469, 6450.44726562, 8964.65332031, 2988.92749023, 1963.8770752, 936.52734375, 322.517791748, 231.083358765, 253.173416138, 249.662033081, 181.621566772, 108.437332153, 118.628326416, 70.0494842529, 23.1449432373, 12.210975647, 5.38322591782, 1.3408755064, 0.490737348795, 0.131023481488, 0.00194111722521, 6.04433978424e-07, 3.15998915923e-09]
    },
    "gfcc": {
        "mean": [-85.8316574097, 109.504928589, -106.844970703, -5.77602291107, -61.3897666931, 9.62893486023, -41.5785713196, 11.8633337021, -25.9430103302, -6.5605134964, -4.45151567459, -3.37481188774, -21.3794269562],
        "cov": [[8554.15234375, -2049.11181641, -470.356079102, 860.387023926, 322.438415527, 996.952514648, 373.578186035, 589.263122559, -115.888061523, 682.394348145, -360.076416016, 443.438415527, -231.147827148], [-2049.11181641, 3018.83398438, 674.383483887, -154.437469482, 1027.11169434, 34.7744407654, 284.603302002, 28.7461032867, 322.140686035, -389.416687012, 355.612823486, -288.643981934, 76.7300415039], [-470.356079102, 674.383483887, 2653.39770508, 1128.63085938, 311.073364258, 282.500823975, 265.155853271, 53.8380355835, 415.916595459, 395.879241943, -14.7560253143, 123.879501343, 55.4365730286], [860.387023926, -154.437469482, 1128.63085938, 1213.85070801, 397.618103027, 357.977539062, 74.2539825439, 34.8672599792, 195.086196899, 270.204803467, -62.102935791, 116.500572205, 59.4915237427], [322.438415527, 1027.11169434, 311.073364258, 397.618103027, 1329.49328613, 606.293273926, 294.154663086, 53.6744613647, 51.9332084656, -64.034072876, 84.5395278931, -23.8565883636, -6.40966558456], [996.952514648, 34.7744407654, 282.500823975, 357.977539062, 606.293273926, 864.57043457, 514.812194824, 128.924819946, 56.9536209106, 86.6045761108, -33.9781532288, 59.9450759888, -17.4466190338], [373.578186035, 284.603302002, 265.155853271, 74.2539825439, 294.154663086, 514.812194824, 718.219665527, 218.145462036, 133.564056396, 47.67237854, -21.5171089172, 31.8377246857, -12.736125946], [589.263122559, 28.7461032867, 53.8380355835, 34.8672599792, 53.6744613647, 128.924819946, 218.145462036, 319.003601074, 127.558776855, 72.566116333, 0.483028352261, 8.50262069702, -21.7799510956], [-115.888061523, 322.140686035, 415.916595459, 195.086196899, 51.9332084656, 56.9536209106, 133.564056396, 127.558776855, 373.880615234, 119.556259155, -12.741027832, -2.67238092422, 83.4742355347], [682.394348145, -389.416687012, 395.879241943, 270.204803467, -64.034072876, 86.6045761108, 47.67237854, 72.566116333, 119.556259155, 364.610412598, -38.5238037109, 113.300323486, 34.4759635925], [-360.076416016, 355.612823486, -14.7560253143, -62.102935791, 84.5395278931, -33.9781532288, -21.5171089172, 0.483028352261, -12.741027832, -38.5238037109, 278.809753418, 39.5454139709, 4.87470054626], [443.438415527, -288.643981934, 123.879501343, 116.500572205, -23.8565883636, 59.9450759888, 31.8377246857, 8.50262069702, -2.67238092422, 113.300323486, 39.5454139709, 247.31842041, 40.0291748047], [-231.147827148, 76.7300415039, 55.4365730286, 59.4915237427, -6.40966558456, -17.4466190338, -12.736125946, -21.7799510956, 83.4742355347, 34.4759635925, 4.87470054626, 40.0291748047, 189.945556641]],
        "icov": [[0.000290239491733, -0.00013082298392, 0.000272803852567, -0.000293556251563, 0.00010674612713, -0.000318896956742, 0.00019618125225, -0.000513440638315, 0.000278479565168, -0.00052378163673, 0.000437499867985, -0.000484905263875, 0.000410608045058], [-0.00013082298392, 0.00191130640451, -0.000922055565752, 0.00103382102679, -0.0016423210036, 0.00120389752556, -0.000797892804258, 0.00052437215345, -0.00147251342423, 0.00179228559136, -0.00188600923866, 0.00168633193243, -0.0009093589033], [0.000272803852567, -0.000922055565752, 0.0013958606869, -0.00133034563623, 0.000760481168982, -0.000456526438938, 5.1631785027e-05, -0.000169490202097, 0.000304993998725, -0.00151676707901, 0.000963076832704, -0.00107629632112, 0.00102485704701], [-0.000293556251563, 0.00103382102679, -0.00133034563623, 0.00263012922369, -0.00118570332415, 0.000100711811683, 0.000289009738481, 0.000484747899463, -0.0010701934807, 0.000878992141224, -0.000819101464003, 0.000848385447171, -0.00101314636413], [0.00010674612713, -0.0016423210036, 0.000760481168982, -0.00118570332415, 0.00275322515517, -0.00202466803603, 0.000831920071505, -0.000435951398686, 0.00117203418631, -0.000957015203312, 0.00105698383413, -0.00110059452709, 0.000718928000424], [-0.000318896956742, 0.00120389752556, -0.000456526438938, 0.000100711811683, -0.00202466803603, 0.00432060426101, -0.00276522967033, 0.000993213499896, -0.000578961567953, 0.000878963095602, -0.00107407278847, 0.00110139779281, -0.000625344167929], [0.00019618125225, -0.000797892804258, 5.1631785027e-05, 0.000289009738481, 0.000831920071505, -0.00276522967033, 0.00387196289375, -0.00190882757306, 0.000168366896105, -0.000419606571086, 0.00116219127085, -0.00119926419575, 0.000495371525176], [-0.000513440638315, 0.00052437215345, -0.000169490202097, 0.000484747899463, -0.000435951398686, 0.000993213499896, -0.00190882757306, 0.00584106007591, -0.00232602842152, 0.000352691509761, -0.00135993259028, 0.00111107714474, 0.000438233284513], [0.000278479565168, -0.00147251342423, 0.000304993998725, -0.0010701934807, 0.00117203418631, -0.000578961567953, 0.000168366896105, -0.00232602842152, 0.00599793484434, -0.00238096504472, 0.00163877778687, -0.000460972834844, -0.00123778928537], [-0.00052378163673, 0.00179228559136, -0.00151676707901, 0.000878992141224, -0.000957015203312, 0.000878963095602, -0.000419606571086, 0.000352691509761, -0.00238096504472, 0.00683353748173, -0.0016869144747, 0.000449724611826, -0.00137874018401], [0.000437499867985, -0.00188600923866, 0.000963076832704, -0.000819101464003, 0.00105698383413, -0.00107407278847, 0.00116219127085, -0.00135993259028, 0.00163877778687, -0.0016869144747, 0.00634717661887, -0.00324716162868, 0.001236154465], [-0.000484905263875, 0.00168633193243, -0.00107629632112, 0.000848385447171, -0.00110059452709, 0.00110139779281, -0.00119926419575, 0.00111107714474, -0.000460972834844, 0.000449724611826, -0.00324716162868, 0.0074734534137, -0.0024825471919], [0.000410608045058, -0.0009093589033, 0.00102485704701, -0.00101314636413, 0.000718928000424, -0.000625344167929, 0.000495371525176, 0.000438233284513, -0.00123778928537, -0.00137874018401, 0.001236154465, -0.0024825471919, 0.00748584233224]]
    },
    "melbands": {
        "dmean": [0.00106430856977, 0.00068422826007, 0.0008394595352, 0.000313431810355, 0.000139795170981, 8.29647106002e-05, 0.000135529946419, 0.000251186400419, 0.00010433501302, 0.000117424089694, 0.000126708444441, 9.23704719753e-05, 0.000159928240464, 7.6978947618e-05, 9.85030637821e-05, 8.14109953353e-05, 4.80556700495e-05, 4.01562065235e-05, 4.9187678087e-05, 2.5835710403e-05, 1.81461437023e-05, 1.55534999067e-05, 1.29785721583e-05, 7.62738773119e-06, 4.61647732664e-06, 4.90139746034e-06, 3.14647400046e-06, 3.31232831741e-06, 3.06064816868e-06, 2.47517618845e-06, 2.14949545807e-06, 1.83450799796e-06, 1.86743761788e-06, 2.04846764973e-06, 1.68100677911e-06, 1.31751926347e-06, 9.59807266554e-07, 8.10377684957e-07, 7.22371225947e-07, 5.31062084974e-07],
        "dmean2": [0.00156781217083, 0.00101689517032, 0.00149570184294, 0.000553714635316, 0.000227001306484, 0.000128631363623, 0.000221898284508, 0.000363266590284, 0.000164102923009, 0.000172133048181, 0.000185921424418, 0.000162511336384, 0.000274286489002, 0.000130612024805, 0.000152011038153, 0.000127029139549, 7.90005069575e-05, 6.87628707965e-05, 8.34545280668e-05, 4.38513015979e-05, 3.19600949297e-05, 2.79146443063e-05, 2.25810526899e-05, 1.29736999952e-05, 7.7662853073e-06, 8.21172216092e-06, 5.37665846423e-06, 5.86078931519e-06, 5.5617124417e-06, 4.32297656516e-06, 3.7774991597e-06, 3.17631270264e-06, 3.09783217745e-06, 3.45815715264e-06, 2.86751901513e-06, 2.27897453442e-06, 1.64211894571e-06, 1.39114888498e-06, 1.26086911223e-06, 9.19796093513e-07],
        "dvar": [1.10857617983e-05, 5.22702021044e-06, 1.76295998244e-05, 1.43908005157e-06, 9.97897018351e-08, 4.36808598181e-08, 1.08959895329e-07, 2.4530871201e-07, 9.93679094563e-08, 6.23494287311e-08, 6.52573604043e-08, 9.56653138928e-08, 2.55240905744e-07, 5.30949719746e-08, 5.10122326602e-08, 4.01682207496e-08, 1.83690520572e-08, 1.62197490994e-08, 4.28918305317e-08, 8.95308538418e-09, 4.64489424701e-09, 3.47144579749e-09, 2.04918082503e-09, 6.64777677351e-10, 2.16515222418e-10, 2.18165763233e-10, 1.01622460447e-10, 1.85069459757e-10, 1.55095561394e-10, 9.45311884326e-11, 7.03812008673e-11, 4.8629929944e-11, 3.46738679435e-11, 5.99580038396e-11, 3.92837672114e-11, 1.86925162848e-11, 8.44593058685e-12, 7.04623685788e-12, 9.27385685606e-12, 4.33700644842e-12],
        "dvar2": [2.28797489399e-05, 1.0804466001e-05, 4.91343853355e-05, 4.2437227421e-06, 2.64151879037e-07, 9.45050118162e-08, 2.84262512196e-07, 5.20364324075e-07, 2.6704691436e-07, 1.18894433854e-07, 1.45893409353e-07, 2.73078512691e-07, 7.09161895429e-07, 1.45096691995e-07, 1.27184264898e-07, 1.0042973031e-07, 4.47239969503e-08, 4.29377564615e-08, 1.0995659494e-07, 2.0751306451e-08, 1.16549276896e-08, 9.58893231484e-09, 5.52472734228e-09, 1.6667331959e-09, 5.23845966605e-10, 5.80311021459e-10, 2.54480297945e-10, 4.95449292703e-10, 4.12144762763e-10, 2.37848574169e-10, 1.81463261084e-10, 1.21739729408e-10, 8.33411534229e-11, 1.53850945872e-10, 1.01009964282e-10, 4.99192770453e-11, 2.22247255321e-11, 1.81515826675e-11, 2.46318781344e-11, 1.09991130787e-11],
        "max": [0.0431357324123, 0.0286180526018, 0.041782554239, 0.0143973063678, 0.00342788314447, 0.00243791309185, 0.00490503478795, 0.00546578271315, 0.00530223920941, 0.00466289976612, 0.00304436613806, 0.00307917408645, 0.00428290199488, 0.00324120349251, 0.00289041665383, 0.00194006669335, 0.00136796559673, 0.00108087738045, 0.00264252582565, 0.000993793597445, 0.000645656196866, 0.000519342313055, 0.000436283648014, 0.000296370562864, 0.000169957813341, 0.000125731778098, 9.60815741564e-05, 0.000161522970302, 0.000154947119881, 0.000109777334728, 9.83292993624e-05, 9.30017922656e-05, 5.92544201936e-05, 9.40190147958e-05, 7.23840275896e-05, 5.19973473274e-05, 3.89642409573e-05, 3.52200477209e-05, 3.91079447581e-05, 2.57754400081e-05],
        "mean": [0.00260129012167, 0.00140955264214, 0.000817184452899, 0.000510539626703, 0.000293526012683, 0.000184450385859, 0.000254166021477, 0.000482271309011, 0.000144821911817, 0.000252442638157, 0.000233891201788, 8.82735403138e-05, 0.000169949809788, 7.36332222004e-05, 0.000132129935082, 0.000103385187685, 4.99786729051e-05, 3.1945790397e-05, 3.66819367628e-05, 2.03061354114e-05, 1.3084373677e-05, 1.12764209916e-05, 1.04498249129e-05, 6.84145243213e-06, 4.41914926341e-06, 4.55297094959e-06, 2.81397888102e-06, 2.33509354075e-06, 2.00188969757e-06, 1.70400664956e-06, 1.47270384332e-06, 1.37283416279e-06, 1.43449278767e-06, 1.52950019583e-06, 1.26293173253e-06, 1.03373918137e-06, 7.99216309133e-07, 6.46886064715e-07, 5.42048951502e-07, 4.08424114084e-07],
        "median": [0.000129126405227, 0.000160531242727, 9.49471868807e-05, 0.000266386254225, 0.000123335514218, 2.24185951083e-05, 5.74339974264e-05, 0.000180139395525, 3.13827040372e-05, 4.5648906962e-05, 3.7818630517e-05, 9.30625719775e-06, 1.69449886016e-05, 8.66282698553e-06, 1.03366810436e-05, 7.11872735337e-06, 4.7592698138e-06, 1.9897695438e-06, 1.17288004731e-06, 7.8070223708e-07, 6.90778847456e-07, 1.23750339753e-06, 1.21026812394e-06, 1.00133695469e-06, 8.62521915224e-07, 8.83104462446e-07, 5.38120730198e-07, 9.70114371057e-08, 1.69960063801e-08, 9.51676693006e-09, 1.44207277231e-08, 2.8010353148e-08, 4.20292103342e-08, 5.90566990866e-08, 5.80418202389e-08, 6.73544988672e-08, 9.46677047864e-08, 5.31833563855e-08, 1.87583353295e-08, 1.43526142082e-08],
