{
"highlevel": {
    "danceability": {
        "all": {
            "danceable": 0.993010163307,
            "not_danceable": 0.00698985392228
        },
        "probability": 0.993010163307,
        "value": "danceable"
    },
    "gender": {
        "all": {
            "female": 0.251161336899,
            "male": 0.748838663101
        },
        "probability": 0.748838663101,
        "value": "male"
    },
    "genre_dortmund": {
        "all": {
            "alternative": 0.0404020361602,
            "blues": 0.0191407930106,
            "electronic": 0.0551294274628,
            "folkcountry": 0.0175660122186,
            "funksoulrnb": 0.067194968462,
            "jazz": 0.124983429909,
            "pop": 0.0252698361874,
            "raphiphop": 0.629067838192,
            "rock": 0.0212456639856
        },
        "probability": 0.629067838192,
        "value": "raphiphop"
    },
    "genre_electronic": {
        "all": {
            "ambient": 0.428369313478,
            "dnb": 0.0750092342496,
            "house": 0.379041612148,
            "techno": 0.0293817743659,
            "trance": 0.0881980657578
        },
        "probability": 0.428369313478,
        "value": "ambient"
    },
    "genre_rosamerica": {
        "all": {
            "cla": 0.0105266598985,
            "dan": 0.0342001952231,
            "hip": 0.346140801907,
            "jaz": 0.0972921401262,
            "pop": 0.0686114057899,
            "rhy": 0.424674272537,
            "roc": 0.00880266632885,
            "spe": 0.00975185353309
        },
        "probability": 0.424674272537,
        "value": "rhy"
    },
    "genre_tzanetakis": {
        "all": {
            "blu": 0.0626613423228,
            "cla": 0.0348169617355,
            "cou": 0.104475811124,
            "dis": 0.0784321576357,
            "hip": 0.15692435205,
            "jaz": 0.313974827528,
            "met": 0.0448166541755,
            "pop": 0.0627359300852,
            "reg": 0.0627360641956,
            "roc": 0.0784258767962
        },
        "probability": 0.313974827528,
        "value": "jaz"
    },
    "ismir04_rhythm": {
        "all": {
            "ChaChaCha": 0.0367367118597,
            "Jive": 0.0214105956256,
            "Quickstep": 0.108620889485,
            "Rumba-American": 0.026590321213,
            "Rumba-International": 0.0971822291613,
            "Rumba-Misc": 0.0284915212542,
            "Samba": 0.590038657188,
            "Tango": 0.013609925285,
            "VienneseWaltz": 0.0508952513337,
            "Waltz": 0.0264239162207
        },
        "probability": 0.590038657188,
        "value": "Samba"
    },
    "mood_acoustic": {
        "all": {
            "acoustic": 0.434494704008,
            "not_acoustic": 0.565505325794
        },
        "probability": 0.565505325794,
        "value": "not_acoustic"
    },
    "mood_aggressive": {
        "all": {
            "aggressive": 0.134860277176,
            "not_aggressive": 0.865139722824
        },
        "probability": 0.865139722824,
        "value": "not_aggressive"
    },
    "mood_electronic": {
        "all": {
            "electronic": 0.797512710094,
            "not_electronic": 0.202487275004
        },
        "probability": 0.797512710094,
        "value": "electronic"
    },
    "mood_happy": {
        "all": {
            "happy": 0.794904887676,
            "not_happy": 0.205095112324
        },
        "probability": 0.794904887676,
        "value": "happy"
    },
    "mood_party": {
        "all": {
            "not_party": 0.612142860889,
            "party": 0.387857109308
        },
        "probability": 0.612142860889,
        "value": "not_party"
    },
    "mood_relaxed": {
        "all": {
            "not_relaxed": 0.528863489628,
            "relaxed": 0.471136540174
        },
        "probability": 0.528863489628,
        "value": "not_relaxed"
    },
    "mood_sad": {
        "all": {
            "not_sad": 0.550264060497,
            "sad": 0.449735939503
        },
        "probability": 0.550264060497,
        "value": "not_sad"
    },
    "moods_mirex": {
        "all": {
            "Cluster1": 0.39661064744,
            "Cluster2": 0.263765841722,
            "Cluster3": 0.127619788051,
            "Cluster4": 0.0899387076497,
            "Cluster5": 0.122065022588
        },
        "probability": 0.39661064744,
        "value": "Cluster1"
    },
    "timbre": {
        "all": {
            "bright": 0.93010020256,
            "dark": 0.069899789989
        },
        "probability": 0.93010020256,
        "value": "bright"
    },
    "tonal_atonal": {
        "all": {
            "atonal": 0.102412946522,
            "tonal": 0.897587060928
        },
        "probability": 0.897587060928,
        "value": "tonal"
    },
    "voice_instrumental": {
        "all": {
            "instrumental": 0.111944667995,
            "voice": 0.888055324554
        },
        "probability": 0.888055324554,
        "value": "voice"
    }
},
"lowlevel": {
    "average_loudness": 0.977756977081,
    "barkbands_crest": {
        "dmean": 3.59943675995,
        "dmean2": 5.67923164368,
        "dvar": 11.5295066833,
        "dvar2": 25.9934768677,
        "max": 26.0832939148,
        "mean": 13.4558076859,
        "median": 12.579618454,
        "min": 3.48521947861,
        "var": 24.8107967377
    },
    "barkbands_flatness_db": {
        "dmean": 0.0387161672115,
        "dmean2": 0.055585321039,
        "dvar": 0.00156962522306,
        "dvar2": 0.00338809541427,
        "max": 0.403919667006,
        "mean": 0.197839006782,
        "median": 0.198658838868,
        "min": 0.050149012357,
        "var": 0.00372202717699
    },
    "barkbands_kurtosis": {
        "dmean": 10.0790920258,
        "dmean2": 15.5012588501,
        "dvar": 606.57989502,
        "dvar2": 1420.97753906,
        "max": 331.57244873,
        "mean": 12.0522060394,
        "median": 4.6733045578,
        "min": -1.89664316177,
        "var": 727.530090332
    },
    "barkbands_skewness": {
        "dmean": 1.11346042156,
        "dmean2": 1.60881280899,
        "dvar": 2.00264787674,
        "dvar2": 4.19753360748,
        "max": 15.3959674835,
        "mean": 2.18528389931,
        "median": 1.80851113796,
        "min": -2.27597951889,
        "var": 4.46102380753
    },
    "barkbands_spread": {
        "dmean": 8.79212188721,
        "dmean2": 13.7169828415,
        "dvar": 152.79119873,
        "dvar2": 355.438873291,
        "max": 97.526222229,
        "mean": 17.281463623,
        "median": 13.114522934,
        "min": 0.524540841579,
        "var": 226.490402222
    },
    "dissonance": {
        "dmean": 0.0353717729449,
        "dmean2": 0.0567262507975,
        "dvar": 0.00107726606075,
        "dvar2": 0.00252045225352,
        "max": 0.499833017588,
        "mean": 0.42354670167,
        "median": 0.437693476677,
        "min": 0.165110230446,
        "var": 0.00326016289182
    },
    "dynamic_complexity": 2.55170035362,
    "erbbands_crest": {
        "dmean": 3.56292247772,
        "dmean2": 5.57094240189,
        "dvar": 11.9380378723,
        "dvar2": 27.1200580597,
        "max": 29.641336441,
        "mean": 11.9189939499,
        "median": 11.308590889,
        "min": 3.13412761688,
        "var": 26.3806667328
    },
    "erbbands_flatness_db": {
        "dmean": 0.0287529379129,
        "dmean2": 0.0396032072604,
        "dvar": 0.000809936318547,
        "dvar2": 0.00157088623382,
        "max": 0.363347709179,
        "mean": 0.176964730024,
        "median": 0.170217573643,
        "min": 0.0539893992245,
        "var": 0.00333760702051
    },
    "erbbands_kurtosis": {
        "dmean": 2.41628170013,
        "dmean2": 3.5443239212,
        "dvar": 8.47987270355,
        "dvar2": 18.4619159698,
        "max": 40.6370658875,
        "mean": 2.88135528564,
        "median": 1.81419420242,
        "min": -1.66576445103,
        "var": 18.1929702759
    },
    "erbbands_skewness": {
        "dmean": 0.661911249161,
        "dmean2": 0.983433783054,
        "dvar": 0.448963701725,
        "dvar2": 1.0181363821,
        "max": 5.56617307663,
        "mean": 0.976222336292,
        "median": 1.00190591812,
        "min": -3.25355434418,
        "var": 1.09344816208
    },
    "erbbands_spread": {
        "dmean": 15.1454868317,
        "dmean2": 22.251789093,
        "dvar": 309.551757812,
        "dvar2": 686.642456055,
        "max": 167.308898926,
        "mean": 38.8226280212,
        "median": 31.320356369,
        "min": 4.22936630249,
        "var": 749.671630859
    },
    "hfc": {
        "dmean": 9.93111419678,
        "dmean2": 14.5404481888,
        "dvar": 246.598739624,
        "dvar2": 627.304870605,
        "max": 127.387741089,
        "mean": 18.066614151,
        "median": 13.9104909897,
        "min": 0.132972508669,
        "var": 285.290222168
    },
    "melbands_crest": {
        "dmean": 4.09212064743,
        "dmean2": 6.2644867897,
        "dvar": 14.5065231323,
        "dvar2": 32.2844009399,
        "max": 36.0494117737,
        "mean": 17.2351951599,
        "median": 16.4537181854,
        "min": 3.3336853981,
        "var": 38.0306625366
    },
    "melbands_flatness_db": {
        "dmean": 0.0450167432427,
        "dmean2": 0.0623176507652,
        "dvar": 0.00230522640049,
        "dvar2": 0.00485877040774,
        "max": 0.530722379684,
        "mean": 0.253912001848,
        "median": 0.253460526466,
        "min": 0.0370815247297,
        "var": 0.00599359208718
    },
    "melbands_kurtosis": {
        "dmean": 23.745136261,
        "dmean2": 36.8827285767,
        "dvar": 2918.32275391,
        "dvar2": 6543.57861328,
        "max": 639.362976074,
        "mean": 30.8733596802,
        "median": 11.5593261719,
        "min": -1.74474465847,
        "var": 3922.20947266
    },
    "melbands_skewness": {
        "dmean": 1.48466992378,
        "dmean2": 2.17423152924,
        "dvar": 3.93277978897,
        "dvar2": 8.39036560059,
        "max": 21.0132884979,
        "mean": 3.26069378853,
        "median": 2.53109407425,
        "min": -0.855621695518,
        "var": 8.70082855225
    },
    "melbands_spread": {
        "dmean": 9.13460731506,
        "dmean2": 14.5091075897,
        "dvar": 265.563598633,
        "dvar2": 626.087768555,
        "max": 172.116668701,
        "mean": 16.8509788513,
        "median": 12.6801633835,
        "min": 0.456970930099,
        "var": 311.167602539
    },
    "pitch_salience": {
        "dmean": 0.0939844548702,
        "dmean2": 0.144481882453,
        "dvar": 0.00935186259449,
        "dvar2": 0.020217128098,
        "max": 0.856982529163,
        "mean": 0.469194322824,
        "median": 0.469378083944,
        "min": 0.0620884485543,
        "var": 0.0205175634474
    },
    "silence_rate_20dB": {
        "dmean": 0,
        "dmean2": 0,
        "dvar": 0,
        "dvar2": 0,
        "max": 1,
        "mean": 1,
        "median": 1,
        "min": 1,
        "var": 0
    },
    "silence_rate_30dB": {
        "dmean": 0.0123839005828,
        "dmean2": 0.0247869864106,
        "dvar": 0.0122306831181,
        "dvar2": 0.0365658737719,
        "max": 1,
        "mean": 0.993812859058,
        "median": 1,
        "min": 0,
        "var": 0.006148904562
    },
    "silence_rate_60dB": {
        "dmean": 0.0216718260199,
        "dmean2": 0.0433772280812,
        "dvar": 0.0212018135935,
        "dvar2": 0.0461424216628,
        "max": 1,
        "mean": 0.0224284604192,
        "median": 0,
        "min": 0,
        "var": 0.0219254009426
    },
    "spectral_centroid": {
        "dmean": 382.903320312,
        "dmean2": 599.556091309,
        "dvar": 305648.75,
        "dvar2": 699879.875,
        "max": 4391.84619141,
        "mean": 1001.54937744,
        "median": 788.538452148,
        "min": 143.601242065,
        "var": 471490.875
    },
    "spectral_complexity": {
        "dmean": 5.68653249741,
        "dmean2": 8.47095298767,
        "dvar": 59.4736785889,
        "dvar2": 127.801269531,
        "max": 52,
        "mean": 11.8259859085,
        "median": 9,
        "min": 0,
        "var": 87.8188476562
    },
    "spectral_decrease": {
        "dmean": 3.13204528979e-09,
        "dmean2": 4.25514068425e-09,
        "dvar": 1.83441611058e-17,
        "dvar2": 3.23091751092e-17,
        "max": -3.37236696901e-11,
        "mean": -7.99645860639e-09,
        "median": -6.15261930292e-09,
        "min": -3.39029817553e-08,
        "var": 4.33829033586e-17
    },
    "spectral_energy": {
        "dmean": 0.0123443137854,
        "dmean2": 0.0166738610715,
        "dvar": 0.000274770631222,
        "dvar2": 0.000482311326778,
        "max": 0.129020288587,
        "mean": 0.0318191610277,
        "median": 0.0247352160513,
        "min": 0.000143044482684,
        "var": 0.000659968703985
    },
    "spectral_energyband_high": {
        "dmean": 0.000717496557627,
        "dmean2": 0.00109182659071,
        "dvar": 1.55096927301e-06,
        "dvar2": 3.83586348107e-06,
        "max": 0.00888352748007,
        "mean": 0.000801743299235,
        "median": 0.000263423396973,
        "min": 3.46255802697e-07,
        "var": 1.6387582491e-06
    },
    "spectral_energyband_low": {
        "dmean": 0.00663843844086,
        "dmean2": 0.00943389907479,
        "dvar": 0.000221586771659,
        "dvar2": 0.000412943831179,
        "max": 0.125100448728,
        "mean": 0.0130004733801,
        "median": 0.00602361001074,
        "min": 4.61033238253e-08,
        "var": 0.000444046716439
    },
    "spectral_energyband_middle_high": {
        "dmean": 0.00199438864365,
        "dmean2": 0.00298508047126,
        "dvar": 8.10168694443e-06,
        "dvar2": 2.02080991585e-05,
        "max": 0.0199217814952,
        "mean": 0.00373224914074,
        "median": 0.00222154241055,
        "min": 1.3456618035e-05,
        "var": 1.61708867381e-05
    },
    "spectral_energyband_middle_low": {
        "dmean": 0.00723780784756,
        "dmean2": 0.010350775905,
        "dvar": 0.000119727148558,
        "dvar2": 0.00021801024559,
        "max": 0.0996761694551,
        "mean": 0.0152334552258,
        "median": 0.0109327966347,
        "min": 5.57479434065e-05,
        "var": 0.000256219354924
    },
    "spectral_entropy": {
        "dmean": 0.312757283449,
        "dmean2": 0.437891751528,
        "dvar": 0.108018346131,
        "dvar2": 0.218416243792,
        "max": 8.62155818939,
        "mean": 7.29123830795,
        "median": 7.3250336647,
        "min": 5.24095439911,
        "var": 0.361754149199
    },
    "spectral_flux": {
        "dmean": 0.0406751148403,
        "dmean2": 0.0637365356088,
        "dvar": 0.0017390124267,
        "dvar2": 0.00382964685559,
        "max": 0.325533926487,
        "mean": 0.0911537930369,
        "median": 0.0772700160742,
        "min": 0.00536527112126,
        "var": 0.00357545050792
    },
    "spectral_kurtosis": {
        "dmean": 2.01785349846,
        "dmean2": 3.0370619297,
        "dvar": 5.46784210205,
        "dvar2": 12.2980327606,
        "max": 36.6339607239,
        "mean": 4.53525400162,
        "median": 3.26712703705,
        "min": -0.751361846924,
        "var": 17.9961547852
    },
    "spectral_rms": {
        "dmean": 0.00105686776806,
        "dmean2": 0.0013888461981,
        "dvar": 1.56395117301e-06,
        "dvar2": 2.5225645004e-06,
        "max": 0.0112193338573,
        "mean": 0.00514302542433,
        "median": 0.00491242483258,
        "min": 0.000373571412638,
        "var": 4.59239572592e-06
    },
    "spectral_rolloff": {
        "dmean": 645.764282227,
        "dmean2": 1115.92590332,
        "dvar": 1577115.25,
        "dvar2": 3769681,
        "max": 11046.5332031,
        "mean": 1024.46533203,
        "median": 645.99609375,
        "min": 64.599609375,
        "var": 1715959.25
    },
    "spectral_skewness": {
        "dmean": 0.343495607376,
        "dmean2": 0.478618204594,
        "dvar": 0.113883733749,
        "dvar2": 0.22074984014,
        "max": 4.89029598236,
        "mean": 1.70287144184,
        "median": 1.62765729427,
        "min": 0.196918606758,
        "var": 0.503221213818
    },
    "spectral_spread": {
        "dmean": 870252.375,
        "dmean2": 1277993.75,
        "dvar": 952642109440,
        "dvar2": 2.28356967629e+12,
        "max": 14248393,
        "mean": 5293460.5,
        "median": 5012923,
        "min": 1837063.5,
        "var": 2.7580539863e+12
    },
    "spectral_strongpeak": {
        "dmean": 0.520167469978,
        "dmean2": 0.844547271729,
        "dvar": 0.449132293463,
        "dvar2": 0.93566006422,
        "max": 4.62984228134,
        "mean": 1.14168214798,
        "median": 0.775344192982,
        "min": 0,
        "var": 1.07061445713
    },
    "zerocrossingrate": {
        "dmean": 0.0136155635118,
        "dmean2": 0.0159306004643,
        "dvar": 0.000271676777629,
        "dvar2": 0.000340716418577,
        "max": 0.27490234375,
        "mean": 0.0460419394076,
        "median": 0.0390625,
        "min": 0.00244140625,
        "var": 0.000961035606451
    },
    "barkbands": {
        "dmean": [0.000371917674784, 0.00486239884049, 0.00305785401724, 0.00160296889953, 0.00397908408195, 0.00113036797848, 0.000873001175933, 0.00111906824168, 0.00133641576394, 0.000422564131441, 0.000572287186515, 0.000347058201442, 0.000205145814107, 0.000126841157908, 0.000127362218336, 0.000170567218447, 0.000223266149987, 0.000277374841971, 0.000227655560593, 0.000148996085045, 0.000129623891553, 0.000143234661664, 0.000141615077155, 0.000140695687151, 9.49181121541e-05, 4.27999257226e-05, 1.56217538461e-07],
        "dmean2": [0.000614881631918, 0.00702981092036, 0.00454611238092, 0.00245811673813, 0.00556551618502, 0.00187098234892, 0.00137157808058, 0.00166963436641, 0.00182974035852, 0.000598549260758, 0.00078263587784, 0.000516442465596, 0.000297571881674, 0.000195191940293, 0.000195369822904, 0.000289413554128, 0.000399120239308, 0.000492886523716, 0.00039407442091, 0.000253733684076, 0.000204106851015, 0.000217060834984, 0.000205586096854, 0.000228157165111, 0.000156232112204, 7.02962133801e-05, 2.68339107379e-07],
        "dvar": [6.72401256452e-07, 0.000116849412734, 9.68802560237e-05, 2.39005348703e-05, 9.30172172957e-05, 5.11209373144e-06, 4.36773007095e-06, 4.40137409896e-06, 7.04588865119e-06, 1.095031962e-06, 1.71045803654e-06, 5.75975775519e-07, 2.00020807029e-07, 5.4950021422e-08, 1.16374174297e-07, 1.32358209726e-07, 3.58608531315e-07, 5.96069867242e-07, 3.08966008333e-07, 1.57997149586e-07, 7.4972405173e-08, 5.89264601558e-08, 5.7210250759e-08, 1.01599667346e-07, 5.01053527557e-08, 1.23343841807e-08, 2.66461332166e-13],
        "dvar2": [1.5456107576e-06, 0.000262493354967, 0.000212196478969, 5.61089036637e-05, 0.000165880876011, 1.19312826428e-05, 1.0264588127e-05, 8.83908978722e-06, 1.31962533487e-05, 2.07061134461e-06, 3.11066423819e-06, 1.12968393751e-06, 3.58844516768e-07, 1.00373803491e-07, 2.24357705747e-07, 3.62801358733e-07, 1.02472665731e-06, 1.71136025529e-06, 8.62013905589e-07, 4.38610584297e-07, 1.85270096154e-07, 1.38932833238e-07, 1.23477818192e-07, 2.7144244541e-07, 1.28424446189e-07, 3.17803596772e-08, 7.02714416604e-13],
        "max": [0.00730548333377, 0.115184903145, 0.0875200480223, 0.0768746957183, 0.0907488241792, 0.0212657265365, 0.0234762877226, 0.0303806327283, 0.0311628114432, 0.0141531471163, 0.0162792690098, 0.0116957407445, 0.00873171910644, 0.00433139083907, 0.0107075255364, 0.00309208128601, 0.0049495883286, 0.00760822929442, 0.00551151623949, 0.00461339438334, 0.00256270868704, 0.00269944733009, 0.00257001840509, 0.00263229664415, 0.00166299031116, 0.00094368722057, 6.62886850478e-06],
        "mean": [0.00049032329116, 0.0085536185652, 0.00304243434221, 0.00159701157827, 0.00562408566475, 0.00160568021238, 0.00128797802608, 0.00219228747301, 0.00286711473018, 0.000602226646151, 0.00104134145658, 0.000643383595161, 0.000331551709678, 0.000171116815181, 0.000142716162372, 0.00016431203403, 0.000184911346878, 0.000224899602472, 0.00018571272085, 0.000132456058054, 0.000127485283883, 0.000157919974299, 0.000169035032741, 0.000150237916387, 8.89328803169e-05, 4.02952500735e-05, 1.09351667277e-07],
        "median": [0.000139224430313, 0.00516966823488, 8.74965844559e-05, 2.82390519715e-05, 0.00114783260506, 0.00066828855779, 0.000179167836905, 0.000574451987632, 0.000509656674694, 0.000126724597067, 0.000153576242155, 9.85192527878e-05, 8.84086475708e-05, 5.53457721253e-05, 3.81707541237e-05, 4.59077200503e-05, 4.84618030896e-05, 4.06907784054e-05, 3.23239946738e-05, 2.26154024858e-05, 2.05510750675e-05, 3.31420560542e-05, 4.40125804744e-05, 4.80430098833e-05, 1.52867542056e-05, 6.41500491838e-06, 8.2196510709e-10],
        "min": [4.84992879191e-10, 9.14374531646e-09, 3.43665695901e-09, 1.41864209269e-08, 1.04560263026e-06, 3.95739192527e-07, 7.91572347225e-07, 1.00954048321e-06, 1.02825060821e-06, 6.28901830169e-07, 3.2571691122e-07, 8.36649064695e-07, 5.35074150321e-07, 1.20099343803e-07, 1.77226567644e-07, 1.77702446535e-07, 1.15315287985e-07, 7.09295662205e-08, 1.23749217096e-07, 3.39231540636e-08, 4.06873077452e-08, 7.55563718258e-08, 6.25417584388e-08, 7.77279183239e-08, 1.02735908669e-09, 1.66194297907e-11, 4.36097729109e-12],
        "var": [9.35343109632e-07, 0.000187239216757, 0.00010483252845, 3.45944681612e-05, 0.000167297155713, 7.17724924471e-06, 7.36134734325e-06, 1.39098692671e-05, 2.32554266404e-05, 2.09310269383e-06, 4.43988892584e-06, 2.05798528441e-06, 5.62342279409e-07, 1.15960091307e-07, 1.67547142382e-07, 1.06396917943e-07, 2.15968000816e-07, 3.52089244871e-07, 2.13333038346e-07, 1.09488780708e-07, 7.3233664466e-08, 7.39038057418e-08, 8.13263909549e-08, 8.19627956616e-08, 4.34335021282e-08, 1.11312887796e-08, 1.89769464791e-13]
    },
    "erbbands": {
        "dmean": [0.168307870626, 1.0708553791, 3.18382835388, 4.40021085739, 7.48537731171, 17.0747089386, 11.4763622284, 8.53930854797, 8.24691009521, 19.8018569946, 28.6774864197, 26.0115318298, 12.244310379, 18.5749111176, 16.2602710724, 11.0308656693, 10.1224393845, 6.91278362274, 4.85728931427, 8.20814800262, 9.96792793274, 13.2722225189, 13.8131151199, 13.9556627274, 10.598031044, 7.19978094101, 5.43066692352, 5.17456245422, 4.92430257797, 4.7924656868, 3.94524645805, 3.10034012794, 2.33439922333, 1.24566841125, 0.57395607233, 0.256756722927, 0.0670725628734, 0.00459020957351, 0.000114104463137, 2.06274107768e-05],
        "dmean2": [0.2620434165, 1.59572994709, 4.69381523132, 6.28493833542, 11.3267316818, 24.0509567261, 17.6833705902, 13.7183237076, 13.2701625824, 29.9389820099, 40.7450180054, 36.2030830383, 17.380771637, 24.3378067017, 23.6605262756, 15.9908790588, 14.6576786041, 10.4595966339, 7.43988180161, 13.0436725616, 16.751077652, 23.6465568542, 24.3790798187, 24.7182922363, 18.4531726837, 12.2194652557, 8.53244972229, 8.29900932312, 7.49088859558, 7.00950336456, 5.83997917175, 4.91943454742, 3.81177759171, 2.03537273407, 0.954046428204, 0.423835635185, 0.109756305814, 0.00766658689827, 0.000184527627425, 2.90091538773e-05],
        "dvar": [0.155831366777, 6.36848068237, 103.622703552, 157.604980469, 350.608795166, 2112.27856445, 427.073181152, 377.241607666, 591.374267578, 2211.50048828, 2329.69213867, 3339.38427734, 704.433227539, 1565.21105957, 1237.28796387, 483.949676514, 502.684509277, 168.973587036, 64.1936645508, 413.225860596, 412.606231689, 1322.84448242, 1312.80297852, 1444.79821777, 659.936950684, 379.48815918, 146.419296265, 103.594139099, 73.1616134644, 59.0816001892, 49.4742698669, 47.1722183228, 26.9146823883, 8.27949523926, 1.99226689339, 0.445243626833, 0.028950503096, 0.000151191925397, 7.46180575106e-08, 9.85364234651e-10],
        "dvar2": [0.354884892702, 14.2532815933, 227.613235474, 355.074890137, 758.430297852, 3582.44970703, 850.667602539, 884.936096191, 1510.63110352, 4773.20703125, 4787.65234375, 6360.67773438, 1281.95056152, 2351.2902832, 2929.64990234, 978.708557129, 922.594482422, 298.577728271, 135.675170898, 896.544433594, 1131.32458496, 3788.74047852, 3754.38452148, 4132.17089844, 1820.26184082, 1052.46276855, 356.791046143, 265.272827148, 173.180847168, 128.716796875, 110.375366211, 124.128379822, 71.5732650757, 21.1480388641, 5.15137577057, 1.16410005093, 0.0732274353504, 0.000393144844566, 1.92513525121e-07, 2.17347695397e-09],
        "max": [3.80525064468, 26.9121322632, 91.4807434082, 134.612136841, 219.728408813, 536.689086914, 217.555374146, 173.28692627, 443.634185791, 649.386413574, 595.695251465, 876.526000977, 282.127685547, 495.259033203, 630.120788574, 420.573120117, 448.019897461, 260.32723999, 134.370040894, 560.464050293, 160.22718811, 316.419281006, 341.721618652, 417.957977295, 227.689682007, 240.354095459, 116.621192932, 85.2966003418, 93.8948669434, 96.5228042603, 71.7597351074, 57.4296035767, 40.3227958679, 24.9591789246, 9.8325214386, 5.53521299362, 1.89177727699, 0.125538691878, 0.00237891124561, 0.000287026865408],
        "mean": [0.28021094203, 1.78016340733, 3.52696990967, 5.00487470627, 8.83202075958, 23.9406375885, 18.7687282562, 11.423453331, 11.3821516037, 33.5672683716, 66.8767929077, 57.8994827271, 20.3008670807, 35.3581008911, 29.6299037933, 21.1652622223, 17.7617950439, 9.68645381927, 6.32129526138, 8.65328979492, 9.97652816772, 11.3093690872, 11.5293102264, 10.8965578079, 8.78220558167, 6.37606716156, 5.35258150101, 4.951379776, 5.29064416885, 5.87863683701, 4.53608798981, 3.28838920593, 2.41590952873, 1.18834853172, 0.534965336323, 0.237919449806, 0.0623767450452, 0.00429162057117, 0.000119839933177, 4.45142068202e-05],
        "median": [0.1502700001, 0.769929230213, 0.39064463973, 0.185808539391, 0.805881679058, 3.5171277523, 8.41889667511, 3.68659901619, 2.6207242012, 7.89000511169, 24.2864875793, 12.3177337646, 8.02436733246, 8.41126346588, 9.41760540009, 5.06815481186, 4.82329416275, 3.80787920952, 2.35913419724, 2.25694847107, 2.97610616684, 3.09484124184, 2.33050823212, 1.76811003685, 1.57512044907, 1.08669233322, 0.940253198147, 0.737395465374, 0.959641635418, 1.74168467522, 1.10816681385, 1.05755865574, 0.742772638798, 0.241584137082, 0.0800599455833, 0.0393172167242, 0.00808659754694, 0.000488237856189, 2.84913621726e-05, 3.15293655149e-05],
        "min": [9.21652485886e-07, 4.8598117246e-06, 3.15828219755e-05, 0.000231133410125, 0.00084299192531, 0.00740165356547, 0.0167603883892, 0.0128306485713, 0.0277351047844, 0.0511368997395, 0.0386961810291, 0.0211667343974, 0.0292308311909, 0.0369779914618, 0.0294364299625, 0.0574591979384, 0.0265261903405, 0.0196317918599, 0.0110873254016, 0.0114935273305, 0.0113083561882, 0.00700038531795, 0.00403722096235, 0.00552748609334, 0.00594058167189, 0.00157614296768, 0.00179072131868, 0.0014395499602, 0.00282383500598, 0.00334768393077, 0.000909352267627, 0.00195674970746, 0.000771097023971, 8.35016035126e-05, 4.36968766735e-05, 9.15258624445e-06, 1.43309443956e-06, 1.42878505471e-07, 1.6268387526e-07, 2.09880752777e-07],
        "var": [0.23924779892, 8.91152191162, 111.579734802, 239.87677002, 526.338623047, 3832.65185547, 783.718505859, 506.282226562, 804.832824707, 4283.08691406, 9623.39550781, 10572.6796875, 1334.078125, 4956.26025391, 2523.50048828, 1689.20751953, 1409.62756348, 348.119842529, 105.323219299, 508.808380127, 346.345794678, 794.884643555, 797.721374512, 865.075012207, 485.389923096, 262.392608643, 143.632125854, 98.23046875, 88.4694824219, 90.1200790405, 64.2352371216, 40.1789093018, 22.1153717041, 7.17966794968, 1.73169362545, 0.384678214788, 0.027550380677, 0.000138422634336, 6.79392258007e-08, 1.62522917346e-09]
    },
    "gfcc": {
        "mean": [-24.5353851318, 89.1347885132, -104.957901001, 25.4895191193, -74.6700820923, 22.9637908936, -36.9912910461, 18.3501987457, -16.0510311127, 0.745500683784, -7.23050355911, 6.2141752243, -6.03989171982],
        "cov": [[4656.82617188, -796.230834961, 46.0854377747, 376.434753418, 41.7214775085, 52.325012207, -117.871902466, 39.0211982727, -198.11239624, 29.9948730469, -405.702850342, 84.7341690063, -314.18572998], [-796.230834961, 1400.03100586, 136.311950684, -183.042007446, 307.510314941, 253.126861572, 356.279510498, 58.0958862305, 298.102111816, -82.1344909668, 254.338424683, -81.8208770752, 116.723075867], [46.0854377747, 136.311950684, 1071.41540527, 509.807067871, 399.468719482, 295.242675781, 108.33870697, 181.396133423, 16.9868164062, 131.034286499, 19.0086688995, 1.26528084278, -88.0485458374], [376.434753418, -183.042007446, 509.807067871, 1142.66564941, 308.491149902, 30.3908672333, 8.27200508118, -42.4973144531, 40.031665802, 69.0871658325, -3.84262490273, -77.5271148682, -2.11115765572], [41.7214775085, 307.510314941, 399.468719482, 308.491149902, 460.105316162, 229.746414185, 169.597503662, 117.4688797, 108.126617432, 72.6671447754, 6.8367023468, -34.4460296631, -18.7549095154], [52.325012207, 253.126861572, 295.242675781, 30.3908672333, 229.746414185, 390.620300293, 255.093536377, 175.490890503, 128.905654907, 69.6035308838, 65.1414260864, -2.75206637383, -7.42019033432], [-117.871902466, 356.279510498, 108.33870697, 8.27200508118, 169.597503662, 255.093536377, 446.571655273, 136.839889526, 115.273948669, 59.6050949097, 90.7693634033, 31.7966423035, 5.56954717636], [39.0211982727, 58.0958862305, 181.396133423, -42.4973144531, 117.4688797, 175.490890503, 136.839889526, 276.360839844, 112.001365662, 67.8813934326, 42.8254737854, 23.297328949, -7.30160140991], [-198.11239624, 298.102111816, 16.9868164062, 40.031665802, 108.126617432, 128.905654907, 115.273948669, 112.001365662, 269.987060547, 45.7777404785, 96.1631469727, -12.3091201782, 54.7189178467], [29.9948730469, -82.1344909668, 131.034286499, 69.0871658325, 72.6671447754, 69.6035308838, 59.6050949097, 67.8813934326, 45.7777404785, 171.125579834, 30.1034946442, 54.0692710876, 0.0660077035427], [-405.702850342, 254.338424683, 19.0086688995, -3.84262490273, 6.8367023468, 65.1414260864, 90.7693634033, 42.8254737854, 96.1631469727, 30.1034946442, 203.376861572, 30.7129173279, 61.9297370911], [84.7341690063, -81.8208770752, 1.26528084278, -77.5271148682, -34.4460296631, -2.75206637383, 31.7966423035, 23.297328949, -12.3091201782, 54.0692710876, 30.7129173279, 135.309127808, 12.169916153], [-314.18572998, 116.723075867, -88.0485458374, -2.11115765572, -18.7549095154, -7.42019033432, 5.56954717636, -7.30160140991, 54.7189178467, 0.0660077035427, 61.9297370911, 12.169916153, 152.611450195]],
        "icov": [[0.000382076425012, -0.000282899505692, 0.000394433562178, -0.00048568326747, 0.000302893604385, -0.000601286243182, 0.000396656367229, -0.000411033281125, 0.000303960667225, -0.000146137768752, 0.000930275593419, -0.000845001952257, 0.000778615416493], [-0.000282899505692, 0.00359375355765, -0.00161235884298, 0.00231911591254, -0.0028333091177, 0.00184109259862, -0.00245257467031, 0.00270613725297, -0.00288221007213, 0.00287075154483, -0.00371532584541, 0.00272976025008, -0.001946741133], [0.000394433562178, -0.00161235884298, 0.00316013931297, -0.00204395176843, 0.000322111474816, -0.00250961282291, 0.00205876422115, -0.0022732228972, 0.00248510879464, -0.0016222774284, 0.00153298443183, -0.00215860945173, 0.00223356531933], [-0.00048568326747, 0.00231911591254, -0.00204395176843, 0.00326158106327, -0.00257792067714, 0.00243400689214, -0.00196243519895, 0.00268139503896, -0.00227703759447, 0.00131288648117, -0.00293167075142, 0.00311406725086, -0.00214911694638], [0.000302893604385, -0.0028333091177, 0.000322111474816, -0.00257792067714, 0.00701996032149, -0.00277257687412, 0.00116134283599, -0.00219196011312, 0.00119309546426, -0.00260220025666, 0.00425901962444, -0.00149984844029, 0.00148605543654], [-0.000601286243182, 0.00184109259862, -0.00250961282291, 0.00243400689214, -0.00277257687412, 0.00832786876708, -0.00400905450806, 0.000515592575539, -0.00261965929531, 0.00105246412568, -0.00294999126345, 0.00341191166081, -0.00196125241928], [0.000396656367229, -0.00245257467031, 0.00205876422115, -0.00196243519895, 0.00116134283599, -0.00400905450806, 0.00597318820655, -0.00245645642281, 0.00214374694042, -0.00184234208427, 0.00180717988405, -0.00332117895596, 0.00222900277004], [-0.000411033281125, 0.00270613725297, -0.0022732228972, 0.00268139503896, -0.00219196011312, 0.000515592575539, -0.00245645642281, 0.00846321694553, -0.00422904500738, 0.00126718368847, -0.00274659483694, 0.00188761763275, -0.00146031985059], [0.000303960667225, -0.00288221007213, 0.00248510879464, -0.00227703759447, 0.00119309546426, -0.00261965929531, 0.00214374694042, -0.00422904500738, 0.00899129733443, -0.00319738383405, 0.000890557479579, -0.000934339303058, 0.000461819116026], [-0.000146137768752, 0.00287075154483, -0.0016222774284, 0.00131288648117, -0.00260220025666, 0.00105246412568, -0.00184234208427, 0.00126718368847, -0.00319738383405, 0.0106508089229, -0.00287910993211, -0.0016245180741, -0.00111537333578], [0.000930275593419, -0.00371532584541, 0.00153298443183, -0.00293167075142, 0.00425901962444, -0.00294999126345, 0.00180717988405, -0.00274659483694, 0.000890557479579, -0.00287910993211, 0.0122996848077, -0.00509028509259, 0.000879956874996], [-0.000845001952257, 0.00272976025008, -0.00215860945173, 0.00311406725086, -0.00149984844029, 0.00341191166081, -0.00332117895596, 0.00188761763275, -0.000934339303058, -0.0016245180741, -0.00509028509259, 0.0135535886511, -0.00351616367698], [0.000778615416493, -0.001946741133, 0.00223356531933, -0.00214911694638, 0.00148605543654, -0.00196125241928, 0.00222900277004, -0.00146031985059, 0.000461819116026, -0.00111537333578, 0.000879956874996, -0.00351616367698, 0.0105976620689]]
    },
    "melbands": {
        "dmean": [0.0013964130776, 0.00144376407843, 0.000782608229201, 0.000931419432163, 0.0004786902864, 0.000195900167455, 0.000133820722112, 0.000225975396461, 0.000263385969447, 0.000148356732097, 6.33645613561e-05, 7.53127897042e-05, 6.72618989483e-05, 3.81377576559e-05, 3.18213533319e-05, 1.82237236004e-05, 1.33230150823e-05, 7.61602359489e-06, 1.08366130007e-05, 1.20626955322e-05, 1.09758711915e-05, 1.44526093209e-05, 1.18499710879e-05, 1.36647695399e-05, 1.13171599878e-05, 8.17601267045e-06, 6.45886348138e-06, 4.60436831418e-06, 3.37688993568e-06, 3.09671759169e-06, 3.02775424643e-06, 2.88653654934e-06, 2.83255531031e-06, 2.7340017823e-06, 2.35721540776e-06, 2.06402933145e-06, 2.00007912099e-06, 1.84211478427e-06, 1.26643578824e-06, 9.90781018118e-07],
        "dmean2": [0.00210291449912, 0.00211464986205, 0.00112991267815, 0.00130260817241, 0.00070500629954, 0.000319859216688, 0.000215907755774, 0.000338886195095, 0.000366700842278, 0.000207238335861, 9.07350986381e-05, 9.85005899565e-05, 9.49068344198e-05, 5.61283159186e-05, 4.93310435559e-05, 2.6431900551e-05, 2.01876537176e-05, 1.19647938845e-05, 1.65492310771e-05, 2.02707287826e-05, 1.83573174581e-05, 2.59276184806e-05, 2.12117902265e-05, 2.44972052315e-05, 2.00804079213e-05, 1.42114258779e-05, 1.12247198558e-05, 7.90094418335e-06, 5.33285265192e-06, 4.93840389026e-06, 4.94256482853e-06, 4.54744485978e-06, 4.32942670159e-06, 4.0160152821e-06, 3.54870621777e-06, 3.25145560964e-06, 3.3045625969e-06, 3.04032710119e-06, 2.0666295768e-06, 1.62824596828e-06],
        "dvar": [1.00429024315e-05, 1.65106812346e-05, 3.85540579373e-06, 5.50885761186e-06, 1.07569360352e-06, 1.77680661295e-07, 1.22082141729e-07, 2.36648475038e-07, 2.10517896448e-07, 1.03924925554e-07, 2.10233892517e-08, 2.38542305908e-08, 2.19606555163e-08, 9.88788784184e-09, 4.88770224294e-09, 1.4335055365e-09, 7.20370207929e-10, 1.72252490049e-10, 8.4007084622e-10, 7.36373295673e-10, 4.64716293225e-10, 1.73471159659e-09, 1.07097186675e-09, 1.56491219983e-09, 9.56758117177e-10, 3.96099208988e-10, 3.28014670981e-10, 1.52793014352e-10, 5.62924186431e-11, 4.8906940997e-11, 3.27107230191e-11, 2.84413013973e-11, 2.67047477881e-11, 1.97880861003e-11, 1.73891716998e-11, 1.86972572841e-11, 2.30196660345e-11, 1.61820539607e-11, 8.5361136562e-12, 5.59595078609e-12],
        "dvar2": [2.30607656704e-05, 3.38978061336e-05, 8.74403031048e-06, 1.0087274859e-05, 1.80112988346e-06, 4.16172866835e-07, 3.11068731662e-07, 5.01031763633e-07, 4.23576210551e-07, 1.99544359702e-07, 3.79414544227e-08, 3.68280232976e-08, 4.95827165992e-08, 1.89317930221e-08, 1.1038709502e-08, 2.68747624155e-09, 1.25564203479e-09, 3.85056930785e-10, 1.53623902488e-09, 1.97883376352e-09, 1.2694088003e-09, 4.97332308669e-09, 3.0767484116e-09, 4.50988313361e-09, 2.7346687137e-09, 1.10248199459e-09, 9.17498632624e-10, 4.23269308492e-10, 1.35905342535e-10, 1.22071019959e-10, 8.37218280814e-11, 7.02854302537e-11, 6.30658997247e-11, 4.42229100561e-11, 3.85313274343e-11, 4.67587323028e-11, 6.23716425729e-11, 4.31971784731e-11, 2.20100482978e-11, 1.44107330236e-11],
        "max": [0.0309166423976, 0.0368589386344, 0.0255097039044, 0.0253624506295, 0.0127728246152, 0.00389163126238, 0.00583309866488, 0.00608718628064, 0.00549059640616, 0.00482636364177, 0.00165579025634, 0.00182298198342, 0.00260772113688, 0.00150752195623, 0.000854392419569, 0.000589260656852, 0.000554831814952, 0.000244697352173, 0.000911724229809, 0.000334362295689, 0.000167127378518, 0.000397582916776, 0.000345731328707, 0.000347907713149, 0.000349429610651, 0.000185411932762, 0.000193585641682, 0.000156835420057, 9.64219434536e-05, 6.6506487201e-05, 4.35349938925e-05, 5.09050405526e-05, 8.60689615365e-05, 5.31182558916e-05, 4.3785883463e-05, 4.22776356572e-05, 3.60917474609e-05, 3.19253522321e-05, 2.17038796109e-05, 2.33748578466e-05],
        "mean": [0.00245430017821, 0.00205502752215, 0.000902027008124, 0.00123193149921, 0.000778963440098, 0.000268467148999, 0.000184627904673, 0.000395403010771, 0.000627986446489, 0.000316477002343, 9.47424050537e-05, 0.000140213000122, 0.000123320525745, 6.54547620798e-05, 5.56185477762e-05, 2.72557972494e-05, 1.74214819708e-05, 9.71772260527e-06, 1.20462900668e-05, 1.10053415483e-05, 1.11081362775e-05, 1.2111221622e-05, 9.72726775217e-06, 1.08861486297e-05, 8.64279718371e-06, 6.7581845542e-06, 5.32865124114e-06, 4.02036084779e-06, 3.29918634634e-06, 3.0593359952e-06, 2.82015344055e-06, 2.90263938041e-06, 3.25918131239e-06, 3.31518504026e-06, 2.68033704742e-06, 2.17779961531e-06, 2.00426188712e-06, 1.85794169738e-06, 1.25878545987e-06, 9.03128466234e-07],
        "median": [0.00158811034635, 0.000546102412045, 3.93436966988e-05, 0.000161602409207, 0.000340949482052, 9.51804759097e-05, 3.20798244502e-05, 6.80162847857e-05, 0.000193697705981, 5.81982858421e-05, 2.02020110009e-05, 3.15171673719e-05, 3.15436082019e-05, 8.77069669514e-06, 1.15170832942e-05, 7.80509071774e-06, 5.62621698919e-06, 2.99399835058e-06, 2.73904606729e-06, 2.52422773883e-06, 3.37626397595e-06, 3.09957113132e-06, 2.11095107261e-06, 1.74801562025e-06, 1.25762983316e-06, 1.19423395972e-06, 8.74273325735e-07, 6.34104083019e-07, 5.58780982374e-07, 4.94627840908e-07, 3.55738450253e-07, 4.19384150518e-07, 7.9053660329e-07, 9.84035182228e-07, 5.88761395193e-07, 5.75462081542e-07, 6.16108593476e-07, 5.26147857727e-07, 3.1926302313e-07, 1.3175440472e-07],
        "min": [3.45361339527e-09, 2.88752377564e-09, 7.65738494835e-09, 1.6244047174e-07, 5.86384089729e-07, 9.8370534829e-08, 2.10639612419e-07, 2.43775872377e-07, 2.86452433329e-07, 9.70162616909e-08, 1.16190683741e-07, 9.63419140021e-08, 7.68480887814e-08, 8.05451563224e-08, 7.62215108807e-08, 5.20539131799e-08, 1.46278162916e-08, 1.44219125531e-08, 1.60259663318e-08, 1.01191739432e-08, 1.32080737458e-08, 7.03191505025e-09, 5.40110445257e-09, 2.51745957414e-09, 3.62871954707e-09, 3.80285358759e-09, 2.33119323845e-09, 3.15695414255e-10, 5.68018854175e-10, 1.19197984816e-09, 3.32472070708e-11, 1.15493337116e-10, 1.81777970454e-09, 5.78474768087e-10, 3.24796994855e-10, 1.93800364645e-10, 1.15039433535e-09, 7.69008412504e-10, 4.80955657245e-11, 1.36560847266e-12],
