{
"highlevel": {
    "danceability": {
        "all": {
            "danceable": 0.00719085754827,
            "not_danceable": 0.99280911684
        },
        "probability": 0.99280911684,
        "value": "not_danceable"
    },
    "gender": {
        "all": {
            "female": 0.637380897999,
            "male": 0.362619102001
        },
        "probability": 0.637380897999,
        "value": "female"
    },
    "genre_dortmund": {
        "all": {
            "alternative": 0.380651772022,
            "blues": 0.0179657582194,
            "electronic": 0.0347004719079,
            "folkcountry": 0.0777954906225,
            "funksoulrnb": 0.00386885576881,
            "jazz": 0.012529191561,
            "pop": 0.0498398169875,
            "raphiphop": 0.000824766932055,
            "rock": 0.421823889017
        },
        "probability": 0.421823889017,
        "value": "rock"
    },
    "genre_electronic": {
        "all": {
            "ambient": 0.863054692745,
            "dnb": 0.0753778293729,
            "house": 0.0214634928852,
            "techno": 0.00502033671364,
            "trance": 0.0350836366415
        },
        "probability": 0.863054692745,
        "value": "ambient"
    },
    "genre_rosamerica": {
        "all": {
            "cla": 0.65334546566,
            "dan": 0.00263717421331,
            "hip": 0.000849576841574,
            "jaz": 0.000775306718424,
            "pop": 0.00962081924081,
            "rhy": 0.0155877890065,
            "roc": 0.314864218235,
            "spe": 0.00231961952522
        },
        "probability": 0.65334546566,
        "value": "cla"
    },
    "genre_tzanetakis": {
        "all": {
            "blu": 0.0138006918132,
            "cla": 0.776872038841,
            "cou": 0.0505833514035,
            "dis": 0.0525931417942,
            "hip": 0.00907384045422,
            "jaz": 0.0182682685554,
            "met": 0.0151246339083,
            "pop": 0.0220120549202,
            "reg": 0.0070655583404,
            "roc": 0.0346063971519
        },
        "probability": 0.776872038841,
        "value": "cla"
    },
    "ismir04_rhythm": {
        "all": {
            "ChaChaCha": 0.000541950692423,
            "Jive": 0.000197355126147,
            "Quickstep": 0.000857864157297,
            "Rumba-American": 0.000263364723651,
            "Rumba-International": 0.000688813335728,
            "Rumba-Misc": 0.000143069730257,
            "Samba": 0.000131952081574,
            "Tango": 0.00764913950115,
            "VienneseWaltz": 0.483438283205,
            "Waltz": 0.506088197231
        },
        "probability": 0.506088197231,
        "value": "Waltz"
    },
    "mood_acoustic": {
        "all": {
            "acoustic": 0.00467838020995,
            "not_acoustic": 0.995321631432
        },
        "probability": 0.995321631432,
        "value": "not_acoustic"
    },
    "mood_aggressive": {
        "all": {
            "aggressive": 0.347678333521,
            "not_aggressive": 0.652321636677
        },
        "probability": 0.652321636677,
        "value": "not_aggressive"
    },
    "mood_electronic": {
        "all": {
            "electronic": 0.15065677464,
            "not_electronic": 0.849343240261
        },
        "probability": 0.849343240261,
        "value": "not_electronic"
    },
    "mood_happy": {
        "all": {
            "happy": 0.58050352335,
            "not_happy": 0.419496446848
        },
        "probability": 0.58050352335,
        "value": "happy"
    },
    "mood_party": {
        "all": {
            "not_party": 0.995105326176,
            "party": 0.00489468267187
        },
        "probability": 0.995105326176,
        "value": "not_party"
    },
    "mood_relaxed": {
        "all": {
            "not_relaxed": 0.340942770243,
            "relaxed": 0.65905725956
        },
        "probability": 0.65905725956,
        "value": "relaxed"
    },
    "mood_sad": {
        "all": {
            "not_sad": 0.196393340826,
            "sad": 0.803606688976
        },
        "probability": 0.803606688976,
        "value": "sad"
    },
    "moods_mirex": {
        "all": {
            "Cluster1": 0.0602843910456,
            "Cluster2": 0.0533052310348,
            "Cluster3": 0.794873774052,
            "Cluster4": 0.0289538558573,
            "Cluster5": 0.0625827759504
        },
        "probability": 0.794873774052,
        "value": "Cluster3"
    },
    "timbre": {
        "all": {
            "bright": 0.405654996634,
            "dark": 0.594344973564
        },
        "probability": 0.594344973564,
        "value": "dark"
    },
    "tonal_atonal": {
        "all": {
            "atonal": 0.0322266668081,
            "tonal": 0.967773318291
        },
        "probability": 0.967773318291,
        "value": "tonal"
    },
    "voice_instrumental": {
        "all": {
            "instrumental": 0.0529054403305,
            "voice": 0.947094559669
        },
        "probability": 0.947094559669,
        "value": "voice"
    }
},
"lowlevel": {
    "average_loudness": 0.950741827488,
    "barkbands_crest": {
        "dmean": 1.5556653738,
        "dmean2": 2.46276855469,
        "dvar": 1.82818901539,
        "dvar2": 4.87649345398,
        "max": 19.3947029114,
        "mean": 8.35635280609,
        "median": 7.71479654312,
        "min": 2.83785915375,
        "var": 7.50750303268
    },
    "barkbands_flatness_db": {
        "dmean": 0.0122608272359,
        "dmean2": 0.0203442368656,
        "dvar": 0.000101295001514,
        "dvar2": 0.00025928238756,
        "max": 0.320522457361,
        "mean": 0.234138503671,
        "median": 0.235714122653,
        "min": 0.109585739672,
        "var": 0.00104240851942
    },
    "barkbands_kurtosis": {
        "dmean": 0.66064709425,
        "dmean2": 1.05493485928,
        "dvar": 0.471669733524,
        "dvar2": 1.20411920547,
        "max": 8.37198066711,
        "mean": 0.71894210577,
        "median": 0.512959480286,
        "min": -1.72717273235,
        "var": 1.31309580803
    },
    "barkbands_skewness": {
        "dmean": 0.215588450432,
        "dmean2": 0.334564477205,
        "dvar": 0.032196123153,
        "dvar2": 0.0791805461049,
        "max": 2.70674610138,
        "mean": 0.913705527782,
        "median": 0.878016650677,
        "min": -0.171594679356,
        "var": 0.155843988061
    },
    "barkbands_spread": {
        "dmean": 2.48804044724,
        "dmean2": 3.96490621567,
        "dvar": 4.24412679672,
        "dvar2": 10.126584053,
        "max": 32.2241096497,
        "mean": 15.5219478607,
        "median": 14.9505987167,
        "min": 3.92321372032,
        "var": 16.5192012787
    },
    "dissonance": {
        "dmean": 0.021448507905,
        "dmean2": 0.0360464826226,
        "dvar": 0.000297158112517,
        "dvar2": 0.000806948461104,
        "max": 0.499660670757,
        "mean": 0.451131880283,
        "median": 0.455395787954,
        "min": 0.313115268946,
        "var": 0.000783420051448
    },
    "dynamic_complexity": 0.999939978123,
    "erbbands_crest": {
        "dmean": 2.24612236023,
        "dmean2": 3.55660247803,
        "dvar": 4.21321439743,
        "dvar2": 10.5083217621,
        "max": 25.2585773468,
        "mean": 9.69861888885,
        "median": 9.02274799347,
        "min": 3.65341877937,
        "var": 13.0866985321
    },
    "erbbands_flatness_db": {
        "dmean": 0.00871327333152,
        "dmean2": 0.0133539922535,
        "dvar": 5.39881475561e-05,
        "dvar2": 0.000118447358545,
        "max": 0.355159729719,
        "mean": 0.280819773674,
        "median": 0.287280440331,
        "min": 0.113442346454,
        "var": 0.00111778534483
    },
    "erbbands_kurtosis": {
        "dmean": 0.501486778259,
        "dmean2": 0.812588810921,
        "dvar": 0.250088989735,
        "dvar2": 0.605002760887,
        "max": 6.03469944,
        "mean": -0.414877772331,
        "median": -0.621881008148,
        "min": -1.67674553394,
        "var": 0.726007401943
    },
    "erbbands_skewness": {
        "dmean": 0.260035961866,
        "dmean2": 0.403092473745,
        "dvar": 0.0451901890337,
        "dvar2": 0.105730913579,
        "max": 2.24416661263,
        "mean": 0.353799074888,
        "median": 0.343521058559,
        "min": -1.96839296818,
        "var": 0.194937244058
    },
    "erbbands_spread": {
        "dmean": 3.47941541672,
        "dmean2": 5.46539306641,
        "dvar": 7.7827796936,
        "dvar2": 19.2581939697,
        "max": 59.8347129822,
        "mean": 24.5251255035,
        "median": 24.5345249176,
        "min": 9.00926876068,
        "var": 35.7493019104
    },
    "hfc": {
        "dmean": 3.89734578133,
        "dmean2": 5.97802829742,
        "dvar": 10.8142786026,
        "dvar2": 25.2829284668,
        "max": 59.016746521,
        "mean": 24.6826133728,
        "median": 24.2967662811,
        "min": 6.05944061279,
        "var": 62.683380127
    },
    "melbands_crest": {
        "dmean": 2.01109051704,
        "dmean2": 3.2182662487,
        "dvar": 2.97063469887,
        "dvar2": 7.9401140213,
        "max": 24.2318134308,
        "mean": 11.005853653,
        "median": 10.2348299026,
        "min": 4.3287935257,
        "var": 13.1982746124
    },
    "melbands_flatness_db": {
        "dmean": 0.0121464850381,
        "dmean2": 0.0195379517972,
        "dvar": 0.000111039844342,
        "dvar2": 0.000264453468844,
        "max": 0.426455497742,
        "mean": 0.308329701424,
        "median": 0.311389327049,
        "min": 0.169194683433,
        "var": 0.0019842046313
    },
    "melbands_kurtosis": {
        "dmean": 1.22146964073,
        "dmean2": 1.93820106983,
        "dvar": 2.08756136894,
        "dvar2": 5.25371742249,
        "max": 21.9572563171,
        "mean": 3.10446834564,
        "median": 2.58942985535,
        "min": -0.614932060242,
        "var": 5.81575202942
    },
    "melbands_skewness": {
        "dmean": 0.272618114948,
        "dmean2": 0.424224108458,
        "dvar": 0.0592871047556,
        "dvar2": 0.142382055521,
        "max": 4.28587865829,
        "mean": 1.46277213097,
        "median": 1.39656794071,
        "min": 0.151154786348,
        "var": 0.288022249937
    },
    "melbands_spread": {
        "dmean": 3.07608127594,
        "dmean2": 4.91574954987,
        "dvar": 7.28332614899,
        "dvar2": 16.7713012695,
        "max": 50.0456733704,
        "mean": 19.142124176,
        "median": 18.5834522247,
        "min": 6.04753875732,
        "var": 27.4029388428
    },
    "pitch_salience": {
        "dmean": 0.0445223934948,
        "dmean2": 0.0713802352548,
        "dvar": 0.00127079105005,
        "dvar2": 0.00329858949408,
        "max": 0.77314043045,
        "mean": 0.555948317051,
        "median": 0.560792684555,
        "min": 0.314815670252,
        "var": 0.00501211034134
    },
    "silence_rate_20dB": {
        "dmean": 0,
        "dmean2": 0,
        "dvar": 0,
        "dvar2": 0,
        "max": 1,
        "mean": 1,
        "median": 1,
        "min": 1,
        "var": 0
    },
    "silence_rate_30dB": {
        "dmean": 0.00928792543709,
        "dmean2": 0.018590239808,
        "dvar": 0.00920144282281,
        "dvar2": 0.0197936557233,
        "max": 1,
        "mean": 0.990719258785,
        "median": 1,
        "min": 0,
        "var": 0.00919444765896
    },
    "silence_rate_60dB": {
        "dmean": 0,
        "dmean2": 0,
        "dvar": 0,
        "dvar2": 0,
        "max": 0,
        "mean": 0,
        "median": 0,
        "min": 0,
        "var": 0
    },
    "spectral_centroid": {
        "dmean": 129.107925415,
        "dmean2": 209.952529907,
        "dvar": 12512.2490234,
        "dvar2": 32467.7402344,
        "max": 1805.56103516,
        "mean": 959.575378418,
        "median": 944.376220703,
        "min": 477.050811768,
        "var": 48054.0742188
    },
    "spectral_complexity": {
        "dmean": 2.09984517097,
        "dmean2": 3.56080555916,
        "dvar": 2.89175796509,
        "dvar2": 7.83266687393,
        "max": 33,
        "mean": 22.0239753723,
        "median": 22,
        "min": 11,
        "var": 11.675365448
    },
    "spectral_decrease": {
        "dmean": 1.63940150344e-09,
        "dmean2": 2.53554222063e-09,
        "dvar": 2.6304990748e-18,
        "dvar2": 6.6432243978e-18,
        "max": -3.16914960941e-09,
        "mean": -1.1131445099e-08,
        "median": -1.04311315141e-08,
        "min": -3.51756597183e-08,
        "var": 1.74039826585e-17
    },
    "spectral_energy": {
        "dmean": 0.00641945144162,
        "dmean2": 0.00989885162562,
        "dvar": 3.93239897676e-05,
        "dvar2": 9.92871500785e-05,
        "max": 0.1361156106,
        "mean": 0.0442513301969,
        "median": 0.0417411252856,
        "min": 0.0128457173705,
        "var": 0.000263130845269
    },
    "spectral_energyband_high": {
        "dmean": 5.91206708123e-06,
        "dmean2": 8.68626921147e-06,
        "dvar": 5.71453495635e-10,
        "dvar2": 7.01300462147e-10,
        "max": 0.00111864868086,
        "mean": 1.96094570128e-05,
        "median": 8.6465752247e-06,
        "min": 8.56250437664e-07,
        "var": 5.11805664516e-09
    },
    "spectral_energyband_low": {
        "dmean": 0.00387167697772,
        "dmean2": 0.006330227945,
        "dvar": 2.58265808952e-05,
        "dvar2": 6.52046219329e-05,
        "max": 0.0983497872949,
        "mean": 0.0129386959597,
        "median": 0.00986901205033,
        "min": 0.00113059149589,
        "var": 0.000125213366118
    },
    "spectral_energyband_middle_high": {
        "dmean": 0.00196303380653,
        "dmean2": 0.00306171528064,
        "dvar": 2.99890211863e-06,
        "dvar2": 6.95085509506e-06,
        "max": 0.0256251357496,
        "mean": 0.00853737536818,
        "median": 0.0080354642123,
        "min": 0.0014123627916,
        "var": 1.5597905076e-05
    },
    "spectral_energyband_middle_low": {
        "dmean": 0.00441254116595,
        "dmean2": 0.00665578665212,
        "dvar": 1.53458877321e-05,
        "dvar2": 3.84549857699e-05,
        "max": 0.0601792521775,
        "mean": 0.0233947131783,
        "median": 0.0224802251905,
        "min": 0.00365226040594,
        "var": 7.54845823394e-05
    },
    "spectral_entropy": {
        "dmean": 0.0723752677441,
        "dmean2": 0.112657822669,
        "dvar": 0.00393280899152,
        "dvar2": 0.00911913905293,
        "max": 7.84850263596,
        "mean": 6.77866601944,
        "median": 6.78099584579,
        "min": 6.04276657104,
        "var": 0.0326508395374
    },
    "spectral_flux": {
        "dmean": 0.012951833196,
        "dmean2": 0.0220912303776,
        "dvar": 0.00012395894737,
        "dvar2": 0.000320667633787,
        "max": 0.19269028306,
        "mean": 0.0752666592598,
        "median": 0.0726566389203,
        "min": 0.0296238791198,
        "var": 0.000329630041961
    },
    "spectral_kurtosis": {
        "dmean": 8.42026615143,
        "dmean2": 14.9682397842,
        "dvar": 43.0070648193,
        "dvar2": 130.306030273,
        "max": 44.1314964294,
        "mean": 14.8236207962,
        "median": 13.7126464844,
        "min": 0.263479232788,
        "var": 69.4599227905
    },
    "spectral_rms": {
        "dmean": 0.000474916305393,
        "dmean2": 0.000728637562133,
        "dvar": 1.68584719518e-07,
        "dvar2": 4.26400333708e-07,
        "max": 0.0115237021819,
        "mean": 0.00647118408233,
        "median": 0.00638146139681,
        "min": 0.00354011403397,
        "var": 1.2959213791e-06
    },
    "spectral_rolloff": {
        "dmean": 197.36529541,
        "dmean2": 338.692718506,
        "dvar": 74995.734375,
        "dvar2": 168111,
        "max": 2497.8515625,
        "mean": 977.964599609,
        "median": 925.927734375,
        "min": 279.931640625,
        "var": 145943.921875
    },
    "spectral_skewness": {
        "dmean": 0.624150216579,
        "dmean2": 1.10703134537,
        "dvar": 0.230275601149,
        "dvar2": 0.698701322079,
        "max": 4.47719430923,
        "mean": 2.07633948326,
        "median": 1.98932611942,
        "min": 0.619347274303,
        "var": 0.475372493267
    },
    "spectral_spread": {
        "dmean": 149664.578125,
        "dmean2": 251355.015625,
        "dvar": 50006020096,
        "dvar2": 68215443456,
        "max": 7967724,
        "mean": 1680478.25,
        "median": 1599090.375,
        "min": 1096868.125,
        "var": 256370540544
    },
    "spectral_strongpeak": {
        "dmean": 0.626767158508,
        "dmean2": 1.09617197514,
        "dvar": 0.880567252636,
        "dvar2": 2.1024928093,
        "max": 10.360039711,
        "mean": 1.39397978783,
        "median": 1.09895348549,
        "min": 0.0780792087317,
        "var": 1.62517011166
    },
    "zerocrossingrate": {
        "dmean": 0.00374789861962,
        "dmean2": 0.004907396622,
        "dvar": 9.47277294472e-06,
        "dvar2": 1.5667250409e-05,
        "max": 0.07177734375,
        "mean": 0.0374435819685,
        "median": 0.037109375,
        "min": 0.01123046875,
        "var": 6.97083887644e-05
    },
    "barkbands": {
        "dmean": [5.30080651515e-05, 0.00267549813725, 0.00177027587779, 0.000367025088053, 0.00187249062583, 0.00107778911479, 0.00214615347795, 0.000550326192752, 0.00213618646376, 0.000845945673063, 0.000810630153865, 0.000298878410831, 0.000221106238314, 0.000445690966444, 0.000360318896128, 0.000486528297188, 0.000497639761306, 0.000217232154682, 0.000116900431749, 1.73010503204e-05, 9.97821416604e-07, 9.44253145008e-07, 1.46937077261e-06, 7.39581594189e-07, 2.84166105757e-07, 7.25018622916e-08, 2.1156378871e-09],
        "dmean2": [9.04293265194e-05, 0.00429828977212, 0.00295392866246, 0.000594023324084, 0.00290652900003, 0.0015659914352, 0.00330650154501, 0.000804051524028, 0.0030658650212, 0.00130293751135, 0.00125455972739, 0.000473088846775, 0.0003530891845, 0.000749207334593, 0.000589386327192, 0.000755110697355, 0.000810605823062, 0.000369178509573, 0.000195669126697, 2.84876587102e-05, 1.65244091477e-06, 1.44898740473e-06, 2.27672512665e-06, 9.91649017124e-07, 3.93797563447e-07, 1.11680108716e-07, 3.45731843154e-09],
        "dvar": [3.14714343475e-09, 7.67588971939e-06, 1.359738053e-05, 2.73004843621e-07, 4.09172025684e-06, 1.33620574161e-06, 8.90210685611e-06, 3.95245336904e-07, 4.27847135143e-06, 1.1093413832e-06, 1.0594314972e-06, 1.06599166827e-07, 5.74725937952e-08, 3.42504080209e-07, 2.5622361477e-07, 4.77153093925e-07, 6.28275756753e-07, 1.39783523423e-07, 3.13942543073e-08, 1.03540942487e-09, 4.80486050253e-12, 9.59071225215e-11, 1.91726051701e-10, 4.00909964948e-11, 4.17430673361e-12, 5.97919229319e-13, 1.93519513112e-16],
        "dvar2": [9.18472764511e-09, 1.76227404154e-05, 3.50567133864e-05, 7.04494425463e-07, 9.21917762753e-06, 3.52715483132e-06, 2.5439354431e-05, 8.25060112675e-07, 8.65070796863e-06, 2.6581108159e-06, 2.51984897659e-06, 2.4223032824e-07, 1.32814889753e-07, 9.05539764062e-07, 6.24370443347e-07, 9.0293934818e-07, 1.45512672134e-06, 4.28185188639e-07, 8.07793938407e-08, 2.48558218452e-09, 1.03822185224e-11, 1.87761028947e-10, 4.18084011855e-10, 5.7707661566e-11, 6.56552720177e-12, 1.5875314301e-12, 1.99051180888e-16],
        "max": [0.000504578638356, 0.0727706551552, 0.075372621417, 0.0112109165639, 0.0323607176542, 0.0199409034103, 0.0396390818059, 0.0104977125302, 0.0470430105925, 0.0152063118294, 0.0202121958137, 0.0061326790601, 0.00295990821905, 0.00548372603953, 0.00711867632344, 0.0128755252808, 0.014392872341, 0.00405821949244, 0.00336050335318, 0.000593520642724, 6.91867535352e-05, 0.000380009994842, 0.000620264385361, 0.000275829690509, 7.89119294495e-05, 2.80821695924e-05, 3.85776758094e-07],
        "mean": [8.98865328054e-05, 0.00730030983686, 0.00505113136023, 0.0010080327047, 0.00534291006625, 0.0032660397701, 0.00636301096529, 0.00141354720108, 0.00572215532884, 0.00169290544, 0.00209222408012, 0.000648835906759, 0.000471083592856, 0.000699746364262, 0.000585107423831, 0.00102183071431, 0.000858955492731, 0.000370683672372, 0.000200063586817, 3.99036398449e-05, 2.7097128168e-06, 2.61437617155e-06, 4.12756571677e-06, 2.58293403022e-06, 8.69403152137e-07, 1.41997389846e-07, 1.78561931907e-09],
        "median": [6.35753021925e-05, 0.00430408120155, 0.00335515476763, 0.000753922504373, 0.00348311569542, 0.00270453491248, 0.00424694083631, 0.0011449509766, 0.00428692344576, 0.00101198256016, 0.00108951982111, 0.000467556412332, 0.000336954166414, 0.000490921316668, 0.000397264841013, 0.000646364700515, 0.000573686382268, 0.000202271519811, 0.000126438797452, 2.49712775258e-05, 1.81474786132e-06, 3.25587564021e-07, 1.67596382994e-07, 9.11010502591e-08, 2.83776309118e-08, 4.66494576301e-09, 6.0229987664e-10],
        "min": [2.12032659874e-07, 0.000122120691231, 4.37791095464e-05, 1.48829512909e-05, 9.06627828954e-05, 5.96389509155e-05, 9.18557052501e-05, 2.56076109508e-05, 0.000108943349915, 1.77345482371e-05, 4.66875007987e-06, 1.29399431898e-05, 7.21825881556e-06, 2.2697433451e-05, 2.5749890483e-05, 1.68960323208e-05, 3.24797365465e-05, 9.18298337638e-06, 4.81604138258e-06, 6.43259056687e-07, 2.33127877891e-07, 3.36216281482e-08, 3.97852328859e-09, 1.9565336018e-09, 2.43727565907e-10, 1.44925373785e-11, 1.67596561629e-11],
        "var": [6.48913855983e-09, 0.000100172452221, 3.63129474863e-05, 8.76560648067e-07, 2.71498174698e-05, 5.92713240621e-06, 3.28733985953e-05, 1.29983618535e-06, 2.5810315492e-05, 3.423162525e-06, 6.94607751939e-06, 3.90154752949e-07, 1.8521782863e-07, 4.91726780183e-07, 4.135519589e-07, 1.81061045623e-06, 1.02338344732e-06, 2.38348263792e-07, 5.02248944656e-08, 2.4868753723e-09, 1.12538077815e-11, 2.99257202352e-10, 1.0221780089e-09, 2.54203075256e-10, 2.48437694028e-11, 1.93293102878e-12, 1.93753426554e-16]
    },
    "erbbands": {
        "dmean": [0.0627988129854, 0.68356859684, 2.06575274467, 1.3453694582, 1.39923751354, 8.23031616211, 10.069940567, 10.0897579193, 31.5304584503, 24.0698642731, 15.3611001968, 50.5626869202, 30.7334384918, 17.8710269928, 24.2371826172, 9.50331783295, 10.724439621, 10.2653989792, 17.1868476868, 29.8289813995, 23.2836818695, 32.9395446777, 10.0217008591, 7.99348545074, 3.09385704994, 0.558343410492, 0.0773622468114, 0.0275723841041, 0.0218101479113, 0.0475013591349, 0.048665907234, 0.0199325494468, 0.0100942282006, 0.00512594170868, 0.00151194259524, 0.000624047999736, 5.44683462067e-05, 4.0750842345e-06, 3.17543253914e-06, 7.20179423297e-06],
        "dmean2": [0.0966457650065, 1.11532735825, 3.50576901436, 2.16375279427, 2.29775357246, 13.3635883331, 14.0376873016, 15.3239583969, 52.3611412048, 31.4073944092, 21.6877155304, 72.5933227539, 47.6774940491, 26.0711421967, 38.705532074, 15.0698070526, 16.9493312836, 16.8115520477, 29.2036991119, 48.5730476379, 34.8430557251, 53.7119483948, 16.7964668274, 13.5315876007, 5.11998510361, 0.9036206007, 0.128566086292, 0.0435295030475, 0.0343033857644, 0.0719080865383, 0.0722464546561, 0.0260241627693, 0.0124642178416, 0.00791261903942, 0.00183587369975, 0.000825835391879, 8.96977871889e-05, 6.976570603e-06, 4.84191741634e-06, 1.10803321149e-05],
        "dvar": [0.00449056224898, 0.524761557579, 14.7176332474, 5.76746797562, 3.26514267921, 68.7567138672, 147.623794556, 151.392715454, 2754.53637695, 793.944824219, 222.590805054, 2733.34936523, 1487.14953613, 311.728515625, 1036.50024414, 100.601699829, 133.024169922, 151.945373535, 568.058654785, 1403.60229492, 1980.6229248, 3010.50878906, 200.738265991, 112.632041931, 17.9758453369, 0.917971313, 0.0156212961301, 0.00569341192022, 0.0209938343614, 0.408633351326, 0.217250406742, 0.0284013487399, 0.00544587429613, 0.00102930143476, 0.000208036130061, 3.75427443942e-05, 2.6118394203e-07, 1.35768474241e-09, 1.14736232668e-11, 4.77459738413e-11],
        "dvar2": [0.00960088707507, 1.25242257118, 37.803943634, 14.5055208206, 8.40090847015, 174.022857666, 255.179412842, 411.64630127, 8041.63671875, 1387.59985352, 419.508728027, 5516.95263672, 3635.71020508, 658.948242188, 2525.46850586, 231.322036743, 302.036773682, 352.128448486, 1516.22961426, 3436.34960938, 3498.32568359, 6970.92041016, 594.367980957, 329.819458008, 45.958480835, 2.22913694382, 0.0390233770013, 0.0112432669848, 0.0424186103046, 0.838396966457, 0.463646292686, 0.0284144766629, 0.00608904007822, 0.00221562688239, 0.000235537212575, 7.67753881519e-05, 6.05522302521e-07, 2.60274601871e-09, 2.38505014349e-11, 1.20436535744e-10],
        "max": [1.63753187656, 17.8163433075, 75.828414917, 58.5273666382, 37.7236747742, 102.792678833, 261.840667725, 232.665878296, 683.049804688, 685.017028809, 285.16784668, 1246.76098633, 494.409851074, 370.352935791, 649.920593262, 146.095916748, 149.232666016, 164.411026001, 251.352233887, 577.518676758, 884.399902344, 998.446166992, 156.938796997, 139.270599365, 72.2490539551, 16.4677772522, 2.26808404922, 3.00024795532, 5.48424530029, 21.4317016602, 20.4836940765, 7.8977022171, 3.4611749649, 1.03391897678, 0.632834792137, 0.26415553689, 0.0160258058459, 0.000945005915128, 7.06940554664e-05, 0.000150318926899],
        "mean": [0.190007731318, 1.78350222111, 5.55214309692, 4.32380151749, 4.21527862549, 19.1757507324, 35.4136276245, 30.4564876556, 70.0430297852, 89.3316040039, 48.2340621948, 133.5675354, 72.7816390991, 58.455039978, 63.4869003296, 24.3451042175, 24.9223060608, 20.5116958618, 29.0534763336, 54.5239334106, 54.4487686157, 56.1017303467, 20.6569538116, 15.66634655, 6.69756555557, 1.52609789371, 0.228893399239, 0.0853117629886, 0.0775985941291, 0.0993738994002, 0.126267135143, 0.078198119998, 0.032871723175, 0.0146942641586, 0.00415353244171, 0.0014325279044, 0.000122798650409, 9.57919110078e-06, 2.2450236429e-05, 5.05966272613e-05],
        "median": [0.119283095002, 0.996765673161, 3.99357366562, 3.48896336555, 3.34606790543, 12.8958435059, 20.4882068634, 23.006986618, 35.0261421204, 63.6593322754, 39.3547668457, 94.3051605225, 47.7362251282, 36.5950813293, 37.0201683044, 19.3905563354, 18.8699913025, 14.7332277298, 21.2485408783, 43.1679153442, 30.4638290405, 37.1901092529, 14.5203695297, 11.4034585953, 4.79270076752, 1.06587731838, 0.178001403809, 0.0464792214334, 0.0151283163577, 0.00585447531193, 0.00570882391185, 0.00270328624174, 0.00127799180336, 0.000575510843191, 0.00015733204782, 6.16316392552e-05, 2.43915983447e-05, 5.26660778633e-06, 2.13809144043e-05, 4.79269219795e-05],
        "min": [0.00308664259501, 0.0458234846592, 0.157936453819, 0.128475904465, 0.236204907298, 0.433143794537, 0.989784598351, 1.19693791866, 2.62324643135, 4.08770227432, 2.77274012566, 2.47972559929, 3.47858047485, 1.39265620708, 1.6044011116, 1.67013692856, 0.596798360348, 1.19875109196, 1.12624883652, 1.15400612354, 3.4259018898, 5.03698205948, 1.10344016552, 0.541667103767, 0.133075341582, 0.0404238589108, 0.0168042369187, 0.00829015113413, 0.00262770056725, 0.000476448622067, 0.000204192954698, 7.99539047875e-05, 3.58482757292e-05, 2.32819929806e-05, 1.67388625414e-05, 1.1078262105e-05, 6.14820464762e-06, 1.5283404764e-06, 7.81467406341e-06, 1.58046459546e-05],
        "var": [0.0494801811874, 6.16659784317, 36.8736572266, 14.835067749, 11.7176408768, 316.142181396, 1607.04992676, 661.772216797, 7200.79736328, 6901.98144531, 1199.99304199, 17129.4511719, 5059.15380859, 3555.52270508, 6145.81152344, 349.717346191, 432.745880127, 364.657714844, 763.471618652, 2307.93261719, 8463.57128906, 4863.97851562, 365.646606445, 213.449996948, 37.5070838928, 2.33062958717, 0.0368822030723, 0.0261732731014, 0.131218925118, 0.837188899517, 1.09857070446, 0.261578530073, 0.0350218340755, 0.00376254087314, 0.00128511269577, 0.000206760014407, 7.55452049361e-07, 2.18039386546e-09, 6.08387160095e-11, 3.23596704987e-10]
    },
    "gfcc": {
        "mean": [-42.6897087097, 217.489120483, -163.330886841, 5.41687726974, -17.4169445038, -25.2085018158, -23.1076164246, 13.0385303497, -1.87701034546, -17.086769104, 4.38147544861, -12.1242551804, 4.31978082657],
        "cov": [[534.634460449, -430.63458252, 91.3951950073, 179.308959961, -289.203063965, 311.96987915, -187.340332031, 15.4697160721, -15.174156189, -91.9318847656, 38.0208740234, -37.3503646851, -2.89825725555], [-430.63458252, 725.182434082, -237.354492188, -200.595153809, 468.87121582, -502.148376465, 341.802703857, -61.5011177063, 3.23504662514, 110.364723206, -10.4661102295, 3.37474107742, 22.9535942078], [91.3951950073, -237.354492188, 248.209777832, 30.6044559479, -163.837295532, 224.772445679, -151.339874268, 43.1942710876, -0.69666993618, -22.5029850006, -11.6854963303, 33.3452148438, 5.98877763748], [179.308959961, -200.595153809, 30.6044559479, 170.875, -116.413047791, 142.77532959, -75.5881118774, -20.9220237732, 18.3400650024, -37.0816230774, 35.703830719, -18.5728874207, -11.5753498077], [-289.203063965, 468.87121582, -163.837295532, -116.413047791, 377.511077881, -330.630310059, 244.069320679, -21.2024211884, -6.95177268982, 105.723190308, -11.2914085388, 14.4388103485, 16.3500118256], [311.96987915, -502.148376465, 224.772445679, 142.77532959, -330.630310059, 454.743408203, -253.165374756, 23.909822464, -0.791309058666, -100.984275818, 27.5921897888, 2.45139551163, -2.42567110062], [-187.340332031, 341.802703857, -151.339874268, -75.5881118774, 244.069320679, -253.165374756, 254.716552734, 7.98177337646, 9.31348800659, 87.8441696167, -6.09309768677, -1.39146471024, -4.11510753632], [15.4697160721, -61.5011177063, 43.1942710876, -20.9220237732, -21.2024211884, 23.909822464, 7.98177337646, 108.858802795, 16.9137229919, 10.6526870728, -19.1466732025, 1.31949257851, -2.87829494476], [-15.174156189, 3.23504662514, -0.69666993618, 18.3400650024, -6.95177268982, -0.791309058666, 9.31348800659, 16.9137229919, 79.2776184082, 18.3652763367, 1.74522900581, -5.08428001404, -10.9403543472], [-91.9318847656, 110.364723206, -22.5029850006, -37.0816230774, 105.723190308, -100.984275818, 87.8441696167, 10.6526870728, 18.3652763367, 122.359542847, 6.68955278397, 9.23556613922, 0.135936230421], [38.0208740234, -10.4661102295, -11.6854963303, 35.703830719, -11.2914085388, 27.5921897888, -6.09309768677, -19.1466732025, 1.74522900581, 6.68955278397, 68.5875091553, 2.11671471596, -2.99776291847], [-37.3503646851, 3.37474107742, 33.3452148438, -18.5728874207, 14.4388103485, 2.45139551163, -1.39146471024, 1.31949257851, -5.08428001404, 9.23556613922, 2.11671471596, 66.2940216064, 19.9122943878], [-2.89825725555, 22.9535942078, 5.98877763748, -11.5753498077, 16.3500118256, -2.42567110062, -4.11510753632, -2.87829494476, -10.9403543472, 0.135936230421, -2.99776291847, 19.9122943878, 59.4571990967]],
        "icov": [[0.00482987239957, 0.00143066549208, 0.000857885810547, -0.00219674152322, 0.00119014817756, -0.000784788222518, -0.000628253503237, -0.000732321524993, 0.0015437490074, 0.000350710644852, -0.00112767436076, 0.00199169991538, -0.00170980999246], [0.00143066549208, 0.0643626898527, -0.0275110825896, 0.0312383193523, -0.0370272621512, 0.0342440791428, -0.0355001837015, 0.0354554206133, -0.0242831036448, 0.0334054902196, -0.0293488856405, 0.0258223190904, -0.0197587646544], [0.000857885810547, -0.0275110825896, 0.0237904265523, -0.0129862902686, 0.0158315934241, -0.0202017072588, 0.019480496645, -0.0182779841125, 0.0114530082792, -0.0182756241411, 0.0158703736961, -0.0154823279008, 0.00915822200477], [-0.00219674152322, 0.0312383193523, -0.0129862902686, 0.027248525992, -0.0181629676372, 0.0141983106732, -0.0180069617927, 0.0204039532691, -0.0156465228647, 0.0168735031039, -0.0170577447861, 0.0135479373857, -0.00855337642133], [0.00119014817756, -0.0370272621512, 0.0158315934241, -0.0181629676372, 0.0330874472857, -0.0162287708372, 0.0145029155537, -0.0190400760621, 0.0159096438438, -0.0211701691151, 0.01629402861, -0.0153138265014, 0.00846911314875], [-0.000784788222518, 0.0342440791428, -0.0202017072588, 0.0141983106732, -0.0162287708372, 0.0289594773203, -0.0175003223121, 0.0183015074581, -0.0128437029198, 0.0199078582227, -0.018468528986, 0.0138575183228, -0.0111212301999], [-0.000628253503237, -0.0355001837015, 0.019480496645, -0.0180069617927, 0.0145029155537, -0.0175003223121, 0.0342650040984, -0.0235414505005, 0.013243095018, -0.0216022264212, 0.0163348112255, -0.0151512436569, 0.0131202172488], [-0.000732321524993, 0.0354554206133, -0.0182779841125, 0.0204039532691, -0.0190400760621, 0.0183015074581, -0.0235414505005, 0.0324129983783, -0.0165092218667, 0.0180416274816, -0.0137291438878, 0.0149120744318, -0.0107530830428], [0.0015437490074, -0.0242831036448, 0.0114530082792, -0.0156465228647, 0.0159096438438, -0.0128437029198, 0.013243095018, -0.0165092218667, 0.0248396452516, -0.0156489294022, 0.0114551251754, -0.00933993794024, 0.00878038723022], [0.000350710644852, 0.0334054902196, -0.0182756241411, 0.0168735031039, -0.0211701691151, 0.0199078582227, -0.0216022264212, 0.0180416274816, -0.0156489294022, 0.0310818254948, -0.0188703145832, 0.0136159686372, -0.0102033400908], [-0.00112767436076, -0.0293488856405, 0.0158703736961, -0.0170577447861, 0.01629402861, -0.018468528986, 0.0163348112255, -0.0137291438878, 0.0114551251754, -0.0188703145832, 0.0324974544346, -0.0147852031514, 0.0103286523372], [0.00199169991538, 0.0258223190904, -0.0154823279008, 0.0135479373857, -0.0153138265014, 0.0138575183228, -0.0151512436569, 0.0149120744318, -0.00933993794024, 0.0136159686372, -0.0147852031514, 0.0307528786361, -0.0140193104744], [-0.00170980999246, -0.0197587646544, 0.00915822200477, -0.00855337642133, 0.00846911314875, -0.0111212301999, 0.0131202172488, -0.0107530830428, 0.00878038723022, -0.0102033400908, 0.0103286523372, -0.0140193104744, 0.0262354332954]]
    },
    "melbands": {
        "dmean": [0.000660340185277, 0.000969343527686, 0.000218249901081, 0.000290411233436, 0.000393467373215, 0.000236600084463, 0.000442476506578, 0.00022755782993, 0.000192555700778, 0.00029170740163, 0.000162531301612, 7.92340288172e-05, 0.00011424333934, 2.80097028735e-05, 3.74420233129e-05, 1.64735902217e-05, 2.28550761676e-05, 3.85746498068e-05, 2.64759983111e-05, 4.39177347289e-05, 2.49655367952e-05, 4.24655372626e-05, 7.75985427026e-06, 1.57176491484e-05, 6.12079838902e-06, 4.83526991957e-06, 1.09587949737e-06, 2.68725926844e-07, 6.24089153689e-08, 2.91443669198e-08, 1.42307623463e-08, 1.23940457897e-08, 2.85629848662e-08, 2.65941064725e-08, 3.16608499418e-08, 2.49854750223e-08, 1.12455333934e-08, 8.42882030838e-09, 5.77663872292e-09, 4.69030592143e-09],
        "dmean2": [0.0010340163717, 0.00163545506075, 0.00034985342063, 0.000484735588543, 0.000577529368456, 0.00035951306927, 0.000727961421944, 0.000298298895359, 0.000273246288998, 0.000419216783484, 0.000251814402873, 0.000117554496683, 0.000181386232725, 4.35205329268e-05, 6.00914499955e-05, 2.64762347797e-05, 3.79074590455e-05, 6.61326412228e-05, 4.28057683166e-05, 7.04128833604e-05, 3.75333402189e-05, 6.95845810696e-05, 1.27135863295e-05, 2.68367639364e-05, 1.03558168121e-05, 8.04274623079e-06, 1.81177949798e-06, 4.40304347649e-07, 1.04950544255e-07, 4.78795207925e-08, 2.33788757242e-08, 2.05954364674e-08, 4.27521840152e-08, 3.9831160592e-08, 5.06536288469e-08, 3.57350486979e-08, 1.64489595278e-08, 1.08661488696e-08, 8.78630412871e-09, 7.3413057855e-09],
        "dvar": [4.80004359815e-07, 2.27768941841e-06, 1.53182341478e-07, 8.68246416985e-08, 2.18790589201e-07, 7.3546274848e-08, 5.07480081069e-07, 6.95638178172e-08, 3.83506666424e-08, 8.25183832376e-08, 3.9758486281e-08, 6.72778943667e-09, 2.32491892405e-08, 1.49934142879e-09, 1.91900362267e-09, 3.89958731972e-10, 6.89460377679e-10, 3.12192116603e-09, 1.18400111937e-09, 2.13574824492e-09, 3.01321856355e-09, 5.20286080885e-09, 9.50656220411e-11, 7.53344941984e-10, 6.25663895693e-11, 5.069600989e-11, 3.99908925419e-12, 1.63714934621e-13, 1.10014578895e-14, 6.95671166547e-15, 1.46368119143e-15, 6.64397947805e-15, 1.16869120176e-13, 1.17362106903e-13, 1.11032947973e-13, 3.79154715437e-14, 1.19161145591e-14, 4.17789345058e-15, 9.68775298697e-16, 1.03044025017e-15],
        "dvar2": [1.05900528524e-06, 5.88562534176e-06, 3.76964180759e-07, 2.28076032727e-07, 4.21069444201e-07, 1.99101265252e-07, 1.49956656514e-06, 1.24576430949e-07, 7.40818322242e-08, 1.70258147136e-07, 9.64100337342e-08, 1.4720041186e-08, 5.59781696552e-08, 3.24263282891e-09, 4.40288872028e-09, 8.94075313784e-10, 1.69884173395e-09, 8.33991453675e-09, 2.82966139409e-09, 5.16461762246e-09, 5.39058930826e-09, 1.21027099453e-08, 2.36235919715e-10, 2.28907381938e-09, 1.72306821589e-10, 1.30296953782e-10, 9.33210106413e-12, 4.17543143073e-13, 2.91076299348e-14, 1.51839786811e-14, 3.26239440668e-15, 1.27959785034e-14, 2.48397087404e-13, 2.34969135078e-13, 2.59885185204e-13, 5.80929821934e-14, 1.97455695864e-14, 4.98091668347e-15, 1.26540443688e-15, 2.72928563396e-15],
        "max": [0.0192419663072, 0.0286202840507, 0.00992173980922, 0.00386467576027, 0.0092978188768, 0.00466227577999, 0.00938582327217, 0.00643165688962, 0.00440134434029, 0.00668782740831, 0.00248639285564, 0.00137559394352, 0.00306415767409, 0.000826034229249, 0.000637860037386, 0.000367867323803, 0.000302222353639, 0.000564209127333, 0.00047861476196, 0.000631290837191, 0.00107655045576, 0.00129518855829, 0.000122045574244, 0.000295190722682, 0.000129935724544, 0.000132416462293, 3.62582650268e-05, 7.47272270019e-06, 2.10709049497e-06, 2.7061023502e-06, 1.35176117055e-06, 3.02913326777e-06, 1.23631962197e-05, 1.05886583697e-05, 1.23690706459e-05, 9.27142718865e-06, 4.09626409237e-06, 2.94571736958e-06, 1.11600206765e-06, 8.56193480558e-07],
        "mean": [0.00192729150876, 0.00272624008358, 0.000773932086304, 0.000702316872776, 0.00129953795113, 0.000723442819435, 0.00106863479596, 0.000818587315734, 0.000532887526788, 0.000773380568717, 0.000351772061549, 0.000237561325775, 0.000282934081042, 6.41244550934e-05, 7.82124843681e-05, 3.64221887139e-05, 4.08755877288e-05, 5.51243501832e-05, 4.49067883892e-05, 8.23454538477e-05, 5.33531056135e-05, 6.68482825859e-05, 1.60363088071e-05, 2.44312523137e-05, 1.09857801363e-05, 8.29964119475e-06, 2.34582330449e-06, 5.80073447054e-07, 1.40743281918e-07, 6.94021338177e-08, 3.94806782822e-08, 3.81536899852e-08, 6.010118625e-08, 4.93836758153e-08, 7.33872198566e-08, 7.32153537797e-08, 3.7948982623e-08, 2.39938398039e-08, 1.90682456491e-08, 9.77207648134e-09],
        "median": [0.00112790823914, 0.00211011688225, 0.000627123983577, 0.000523081514984, 0.00078995374497, 0.000567328883335, 0.000648986082524, 0.000581961125135, 0.000385327701224, 0.000569150957745, 0.000216341504711, 0.00014510807523, 0.00015292254102, 3.70738889615e-05, 5.33242891834e-05, 2.64989885181e-05, 2.83397712337e-05, 3.43945503118e-05, 3.05202520394e-05, 6.49086505291e-05, 2.13365183299e-05, 4.05874816352e-05, 1.1955879927e-05, 1.20600443552e-05, 7.76685010351e-06, 5.17539137945e-06, 1.31765227707e-06, 4.21183870003e-07, 1.01115034568e-07, 4.26988293611e-08, 1.73411649484e-08, 8.31811419744e-09, 5.01968200339e-09, 2.07245576256e-09, 3.37834693553e-09, 2.37446484697e-09, 1.10100450978e-09, 7.96437915618e-10, 8.64115612398e-10, 2.93895990877e-10],
        "min": [3.27484922309e-05, 7.5331525295e-05, 2.98673621728e-05, 2.66916322289e-05, 4.21610384365e-05, 1.76683915925e-05, 2.8355170798e-05, 1.49149827848e-05, 9.45002557273e-06, 1.53872897499e-05, 9.49993864197e-06, 4.78911033497e-06, 4.94055484523e-06, 2.20811443796e-06, 9.89682575891e-07, 1.27878786316e-06, 1.83525003195e-06, 1.16347484891e-06, 7.8738207776e-07, 2.15322984332e-06, 1.34972094656e-06, 2.12663940147e-06, 6.37478194676e-07, 4.33182748338e-07, 3.88473580415e-07, 1.36069218115e-07, 2.29091945414e-08, 9.80186687372e-09, 7.02121649709e-09, 3.3828364554e-09, 1.97554195225e-09, 9.0676582909e-10, 5.98056396073e-11, 1.65074273695e-11, 2.95721086507e-11, 1.74556809979e-11, 2.43471492967e-11, 7.24854464645e-12, 2.3961195441e-12, 1.62108390947e-12],
