{
"highlevel": {
    "danceability": {
        "all": {
            "danceable": 0.710371375084,
            "not_danceable": 0.289628624916
        },
        "probability": 0.710371375084,
        "value": "danceable"
    },
    "gender": {
        "all": {
            "female": 0.0621107891202,
            "male": 0.93788921833
        },
        "probability": 0.93788921833,
        "value": "male"
    },
    "genre_dortmund": {
        "all": {
            "alternative": 0.0636010020971,
            "blues": 0.0846493020654,
            "electronic": 0.00314658833668,
            "folkcountry": 0.467833101749,
            "funksoulrnb": 0.0155826481059,
            "jazz": 0.0858754217625,
            "pop": 0.0519426949322,
            "raphiphop": 0.0186442453414,
            "rock": 0.208724990487
        },
        "probability": 0.467833101749,
        "value": "folkcountry"
    },
    "genre_electronic": {
        "all": {
            "ambient": 0.587328970432,
            "dnb": 0.133645936847,
            "house": 0.16884419322,
            "techno": 0.0150613589212,
            "trance": 0.095119535923
        },
        "probability": 0.587328970432,
        "value": "ambient"
    },
    "genre_rosamerica": {
        "all": {
            "cla": 0.0744930878282,
            "dan": 0.0149967810139,
            "hip": 0.0394540987909,
            "jaz": 0.0891499146819,
            "pop": 0.217590913177,
            "rhy": 0.186201423407,
            "roc": 0.33311265707,
            "spe": 0.0450011119246
        },
        "probability": 0.33311265707,
        "value": "roc"
    },
    "genre_tzanetakis": {
        "all": {
            "blu": 0.0626613423228,
            "cla": 0.0348169617355,
            "cou": 0.104475811124,
            "dis": 0.0784321576357,
            "hip": 0.15692435205,
            "jaz": 0.313974827528,
            "met": 0.0448166541755,
            "pop": 0.0627359300852,
            "reg": 0.0627360641956,
            "roc": 0.0784258767962
        },
        "probability": 0.313974827528,
        "value": "jaz"
    },
    "ismir04_rhythm": {
        "all": {
            "ChaChaCha": 0.0249235369265,
            "Jive": 0.06569365412,
            "Quickstep": 0.709828138351,
            "Rumba-American": 0.00978897232562,
            "Rumba-International": 0.0217423159629,
            "Rumba-Misc": 0.00737805757672,
            "Samba": 0.05969196558,
            "Tango": 0.0253552496433,
            "VienneseWaltz": 0.0539163015783,
            "Waltz": 0.0216817799956
        },
        "probability": 0.709828138351,
        "value": "Quickstep"
    },
    "mood_acoustic": {
        "all": {
            "acoustic": 0.778951942921,
            "not_acoustic": 0.221048057079
        },
        "probability": 0.778951942921,
        "value": "acoustic"
    },
    "mood_aggressive": {
        "all": {
            "aggressive": 0.0468003451824,
            "not_aggressive": 0.953199625015
        },
        "probability": 0.953199625015,
        "value": "not_aggressive"
    },
    "mood_electronic": {
        "all": {
            "electronic": 0.0577906109393,
            "not_electronic": 0.942209362984
        },
        "probability": 0.942209362984,
        "value": "not_electronic"
    },
    "mood_happy": {
        "all": {
            "happy": 0.781180500984,
            "not_happy": 0.218819484115
        },
        "probability": 0.781180500984,
        "value": "happy"
    },
    "mood_party": {
        "all": {
            "not_party": 0.819971442223,
            "party": 0.180028572679
        },
        "probability": 0.819971442223,
        "value": "not_party"
    },
    "mood_relaxed": {
        "all": {
            "not_relaxed": 0.983648300171,
            "relaxed": 0.0163516812027
        },
        "probability": 0.983648300171,
        "value": "not_relaxed"
    },
    "mood_sad": {
        "all": {
            "not_sad": 0.329490333796,
            "sad": 0.670509696007
        },
        "probability": 0.670509696007,
        "value": "sad"
    },
    "moods_mirex": {
        "all": {
            "Cluster1": 0.227918848395,
            "Cluster2": 0.357564806938,
            "Cluster3": 0.125492870808,
            "Cluster4": 0.269638180733,
            "Cluster5": 0.0193852875382
        },
        "probability": 0.357564806938,
        "value": "Cluster2"
    },
    "timbre": {
        "all": {
            "bright": 0.999994158745,
            "dark": 5.8394844018e-06
        },
        "probability": 0.999994158745,
        "value": "bright"
    },
    "tonal_atonal": {
        "all": {
            "atonal": 0.00346805923618,
            "tonal": 0.996531963348
        },
        "probability": 0.996531963348,
        "value": "tonal"
    },
    "voice_instrumental": {
        "all": {
            "instrumental": 0.000294964731438,
            "voice": 0.999705016613
        },
        "probability": 0.999705016613,
        "value": "voice"
    }
},
"lowlevel": {
    "average_loudness": 0.966784954071,
    "barkbands_crest": {
        "dmean": 2.69305205345,
        "dmean2": 4.38273668289,
        "dvar": 6.66815757751,
        "dvar2": 16.7453651428,
        "max": 21.8382778168,
        "mean": 9.97287654877,
        "median": 9.2217540741,
        "min": 2.74260377884,
        "var": 16.1111965179
    },
    "barkbands_flatness_db": {
        "dmean": 0.0286398287863,
        "dmean2": 0.0431886799634,
        "dvar": 0.000761915696785,
        "dvar2": 0.00169194804039,
        "max": 0.354831963778,
        "mean": 0.167513027787,
        "median": 0.160554543138,
        "min": 0.0653078779578,
        "var": 0.00227720965631
    },
    "barkbands_kurtosis": {
        "dmean": 2.95425438881,
        "dmean2": 4.62114143372,
        "dvar": 26.3513355255,
        "dvar2": 61.3455123901,
        "max": 65.0020751953,
        "mean": 3.33281111717,
        "median": 0.510544061661,
        "min": -1.88838517666,
        "var": 52.1451454163
    },
    "barkbands_skewness": {
        "dmean": 0.640185177326,
        "dmean2": 0.941577494144,
        "dvar": 0.467066586018,
        "dvar2": 1.01213037968,
        "max": 7.2898015976,
        "mean": 1.19763195515,
        "median": 0.94882106781,
        "min": -2.29474544525,
        "var": 1.70826911926
    },
    "barkbands_spread": {
        "dmean": 6.94968652725,
        "dmean2": 10.7392072678,
        "dvar": 78.3363571167,
        "dvar2": 178.847000122,
        "max": 103.411781311,
        "mean": 22.8985271454,
        "median": 21.509223938,
        "min": 1.33049976826,
        "var": 188.716567993
    },
    "dissonance": {
        "dmean": 0.0227963645011,
        "dmean2": 0.0379456058145,
        "dvar": 0.00043919502059,
        "dvar2": 0.00121860660147,
        "max": 0.499830901623,
        "mean": 0.455766826868,
        "median": 0.462237715721,
        "min": 0.289074748755,
        "var": 0.000875980767887
    },
    "dynamic_complexity": 2.43512940407,
    "erbbands_crest": {
        "dmean": 3.88558197021,
        "dmean2": 6.24128293991,
        "dvar": 15.7342205048,
        "dvar2": 37.5711212158,
        "max": 31.1240692139,
        "mean": 11.1396751404,
        "median": 9.90954208374,
        "min": 3.13865113258,
        "var": 30.9851551056
    },
    "erbbands_flatness_db": {
        "dmean": 0.0300882644951,
        "dmean2": 0.0460972674191,
        "dvar": 0.000791779428255,
        "dvar2": 0.00199161237106,
        "max": 0.310914129019,
        "mean": 0.185296818614,
        "median": 0.184162840247,
        "min": 0.0782174244523,
        "var": 0.0016914474545
    },
    "erbbands_kurtosis": {
        "dmean": 1.5435128212,
        "dmean2": 2.57388567924,
        "dvar": 9.33312606812,
        "dvar2": 25.6407680511,
        "max": 35.3612289429,
        "mean": 0.917019844055,
        "median": 0.189724445343,
        "min": -1.63482487202,
        "var": 7.64816713333
    },
    "erbbands_skewness": {
        "dmean": 0.514443278313,
        "dmean2": 0.780563473701,
        "dvar": 0.374006122351,
        "dvar2": 0.895604372025,
        "max": 5.5282087326,
        "mean": 0.178794875741,
        "median": 0.133566498756,
        "min": -2.44680762291,
        "var": 0.876267075539
    },
    "erbbands_spread": {
        "dmean": 10.9662227631,
        "dmean2": 16.9094314575,
        "dvar": 153.999542236,
        "dvar2": 387.565063477,
        "max": 132.724975586,
        "mean": 33.9197921753,
        "median": 29.5539226532,
        "min": 6.35905170441,
        "var": 310.552642822
    },
    "hfc": {
        "dmean": 9.23704433441,
        "dmean2": 13.0650749207,
        "dvar": 129.331176758,
        "dvar2": 264.175842285,
        "max": 153.795516968,
        "mean": 22.1766090393,
        "median": 18.9503479004,
        "min": 0.520834803581,
        "var": 364.626861572
    },
    "melbands_crest": {
        "dmean": 3.3673813343,
        "dmean2": 5.1416478157,
        "dvar": 11.0632343292,
        "dvar2": 25.568693161,
        "max": 32.2262077332,
        "mean": 16.2531833649,
        "median": 15.4426784515,
        "min": 5.057929039,
        "var": 40.6479415894
    },
    "melbands_flatness_db": {
        "dmean": 0.0341419987381,
        "dmean2": 0.0486214794219,
        "dvar": 0.00123091461137,
        "dvar2": 0.0026600419078,
        "max": 0.428362995386,
        "mean": 0.19786426425,
        "median": 0.186064347625,
        "min": 0.0345178507268,
        "var": 0.00454627722502
    },
    "melbands_kurtosis": {
        "dmean": 7.2988409996,
        "dmean2": 11.1195240021,
        "dvar": 152.912078857,
        "dvar2": 319.46307373,
        "max": 165.561508179,
        "mean": 10.3727283478,
        "median": 3.89416837692,
        "min": -1.83669614792,
        "var": 312.150268555
    },
    "melbands_skewness": {
        "dmean": 0.866805672646,
        "dmean2": 1.25793254375,
        "dvar": 0.968729019165,
        "dvar2": 2.03348255157,
        "max": 11.2770242691,
        "mean": 2.1765434742,
        "median": 1.69570505619,
        "min": -0.900827944279,
        "var": 2.94272255898
    },
    "melbands_spread": {
        "dmean": 10.0338106155,
        "dmean2": 14.9553127289,
        "dvar": 255.293777466,
        "dvar2": 583.426452637,
        "max": 210.589431763,
        "mean": 29.7210102081,
        "median": 26.6644611359,
        "min": 1.15355169773,
        "var": 541.445617676
    },
    "pitch_salience": {
        "dmean": 0.0736254602671,
        "dmean2": 0.115288257599,
        "dvar": 0.00461259670556,
        "dvar2": 0.0109927523881,
        "max": 0.889884650707,
        "mean": 0.475697427988,
        "median": 0.470130383968,
        "min": 0.096075206995,
        "var": 0.0134555026889
    },
    "silence_rate_20dB": {
        "dmean": 0,
        "dmean2": 0,
        "dvar": 0,
        "dvar2": 0,
        "max": 1,
        "mean": 1,
        "median": 1,
        "min": 1,
        "var": 0
    },
    "silence_rate_30dB": {
        "dmean": 0,
        "dmean2": 0,
        "dvar": 0,
        "dvar2": 0,
        "max": 1,
        "mean": 1,
        "median": 1,
        "min": 1,
        "var": 0
    },
    "silence_rate_60dB": {
        "dmean": 0.0270897839218,
        "dmean2": 0.0534469410777,
        "dvar": 0.0263562723994,
        "dvar2": 0.0660823434591,
        "max": 1,
        "mean": 0.0201082751155,
        "median": 0,
        "min": 0,
        "var": 0.0197039488703
    },
    "spectral_centroid": {
        "dmean": 324.953033447,
        "dmean2": 474.143249512,
        "dvar": 134702.65625,
        "dvar2": 307215.125,
        "max": 4950.93652344,
        "mean": 1454.85852051,
        "median": 1485.35876465,
        "min": 209.870925903,
        "var": 456129.71875
    },
    "spectral_complexity": {
        "dmean": 4.01083612442,
        "dmean2": 5.53989171982,
        "dvar": 17.4689064026,
        "dvar2": 31.9215278625,
        "max": 44,
        "mean": 15.5746326447,
        "median": 16,
        "min": 0,
        "var": 59.6272468567
    },
    "spectral_decrease": {
        "dmean": 2.25125851294e-09,
        "dmean2": 3.23361470933e-09,
        "dvar": 8.01910823866e-18,
        "dvar2": 1.83576491129e-17,
        "max": -8.0504401756e-11,
        "mean": -5.4848166009e-09,
        "median": -4.5162131812e-09,
        "min": -2.70995847984e-08,
        "var": 1.51078301941e-17
    },
    "spectral_energy": {
        "dmean": 0.00920533202589,
        "dmean2": 0.0131586194038,
        "dvar": 0.000128128158394,
        "dvar2": 0.000291513017146,
        "max": 0.109757706523,
        "mean": 0.022712431848,
        "median": 0.0188794862479,
        "min": 0.000351083435817,
        "var": 0.000254517857684
    },
    "spectral_energyband_high": {
        "dmean": 0.000540129840374,
        "dmean2": 0.000854469079059,
        "dvar": 9.65374169937e-07,
        "dvar2": 2.09991139855e-06,
        "max": 0.0164500251412,
        "mean": 0.000784779258538,
        "median": 0.000428896746598,
        "min": 1.93901973944e-06,
        "var": 1.53547898663e-06
    },
    "spectral_energyband_low": {
        "dmean": 0.00163058447652,
        "dmean2": 0.00252446625382,
        "dvar": 7.44034241507e-06,
        "dvar2": 1.67058515217e-05,
        "max": 0.029460247606,
        "mean": 0.00573677010834,
        "median": 0.00500781228766,
        "min": 4.78649462821e-06,
        "var": 1.71185110958e-05
    },
    "spectral_energyband_middle_high": {
        "dmean": 0.00276893540286,
        "dmean2": 0.00357677298598,
        "dvar": 1.57102822413e-05,
        "dvar2": 2.85040514427e-05,
        "max": 0.0622164607048,
        "mean": 0.00680756568909,
        "median": 0.00454263063148,
        "min": 2.3837596018e-05,
        "var": 5.41328518011e-05
    },
    "spectral_energyband_middle_low": {
        "dmean": 0.00692164432257,
        "dmean2": 0.0106144426391,
        "dvar": 0.000108109481516,
        "dvar2": 0.00026931843604,
        "max": 0.0960182994604,
        "mean": 0.0110228499398,
        "median": 0.00724579207599,
        "min": 0.000113857393444,
        "var": 0.000139920055517
    },
    "spectral_entropy": {
        "dmean": 0.278332561255,
        "dmean2": 0.407276064157,
        "dvar": 0.0642021074891,
        "dvar2": 0.15535621345,
        "max": 8.73087692261,
        "mean": 7.35274124146,
        "median": 7.32386350632,
        "min": 6.04476928711,
        "var": 0.162404611707
    },
    "spectral_flux": {
        "dmean": 0.0321557559073,
        "dmean2": 0.0477842204273,
        "dvar": 0.00107168639079,
        "dvar2": 0.0021132840775,
        "max": 0.26526376605,
        "mean": 0.0831675082445,
        "median": 0.0742530450225,
        "min": 0.00842417869717,
        "var": 0.00246273167431
    },
    "spectral_kurtosis": {
        "dmean": 2.26174283028,
        "dmean2": 3.76765227318,
        "dvar": 5.79154586792,
        "dvar2": 16.0945034027,
        "max": 22.6576576233,
        "mean": 4.21929931641,
        "median": 3.65145683289,
        "min": -1.41779494286,
        "var": 7.93821048737
    },
    "spectral_rms": {
        "dmean": 0.00092598592164,
        "dmean2": 0.00127477978822,
        "dvar": 9.84802909443e-07,
        "dvar2": 2.11367591874e-06,
        "max": 0.0103479800746,
        "mean": 0.00443452596664,
        "median": 0.00429173745215,
        "min": 0.000585252419114,
        "var": 2.49342929237e-06
    },
    "spectral_rolloff": {
        "dmean": 567.581604004,
        "dmean2": 925.36328125,
        "dvar": 1362442.75,
        "dvar2": 2774629,
        "max": 12080.1269531,
        "mean": 1680.60339355,
        "median": 1614.99023438,
        "min": 129.19921875,
        "var": 2246578.5
    },
    "spectral_skewness": {
        "dmean": 0.299913346767,
        "dmean2": 0.481141656637,
        "dvar": 0.0769761949778,
        "dvar2": 0.199389159679,
        "max": 3.23237395287,
        "mean": 1.41449940205,
        "median": 1.36390089989,
        "min": 0.0440255962312,
        "var": 0.163297146559
    },
    "spectral_spread": {
        "dmean": 854957.0625,
        "dmean2": 1254182.875,
        "dvar": 1.06975893914e+12,
        "dvar2": 1.90526377165e+12,
        "max": 17485192,
        "mean": 4099177,
        "median": 3720982.25,
        "min": 1812473.5,
        "var": 2.5813427159e+12
    },
    "spectral_strongpeak": {
        "dmean": 0.784315884113,
        "dmean2": 1.26874673367,
        "dvar": 1.40390348434,
        "dvar2": 2.87383937836,
        "max": 11.7055158615,
        "mean": 1.39003479481,
        "median": 0.49757656455,
        "min": 0.0268373973668,
        "var": 3.13223910332
    },
    "zerocrossingrate": {
        "dmean": 0.0130664361641,
        "dmean2": 0.0149275632575,
        "dvar": 0.000393525813706,
        "dvar2": 0.000480955728563,
        "max": 0.36474609375,
        "mean": 0.0596126057208,
        "median": 0.05615234375,
        "min": 0.00732421875,
        "var": 0.00155855400953
    },
    "barkbands": {
        "dmean": [7.91218735685e-06, 0.000397621101001, 0.000955745228566, 0.000660909747239, 0.00136208510958, 0.000550291500986, 0.00193431193475, 0.00187723874114, 0.00174198299646, 0.000813859340269, 0.000390405912185, 0.000240136621869, 0.00048267171951, 0.000689792155754, 0.000726383528672, 0.000429902895121, 0.000306149653625, 0.000270032061962, 0.000184994118172, 0.00024778326042, 0.000103771526483, 9.18854930205e-05, 8.28850461403e-05, 0.000118432100862, 7.28887971491e-05, 1.02492876977e-05, 3.04933367445e-09],
        "dmean2": [1.32721115733e-05, 0.000653693103231, 0.00155253545381, 0.000935021264013, 0.00209699175321, 0.000910681323148, 0.00346925691701, 0.00305564305745, 0.0026004514657, 0.00120904389769, 0.00057153753005, 0.000350802467437, 0.000710551918019, 0.00106039235834, 0.00104612333234, 0.000618858030066, 0.000467240111902, 0.000410738372011, 0.000286789494567, 0.000379572651582, 0.000163756514667, 0.000142521370435, 0.000132008368382, 0.000196234075702, 0.000117620933452, 1.65151905094e-05, 5.59542012724e-09],
        "dvar": [4.41858688527e-10, 1.14477415991e-06, 2.91299943456e-06, 2.48788569479e-06, 7.89558362158e-06, 1.02193212115e-06, 3.33646021318e-05, 1.82329440577e-05, 2.46485269599e-05, 1.03073352875e-05, 1.08631627427e-06, 5.47223123704e-07, 2.52765039477e-06, 2.4597927677e-06, 2.20655056182e-06, 1.73113517121e-06, 3.95860922708e-07, 1.96609647674e-07, 1.04590682781e-07, 4.17734440816e-07, 3.60682825828e-08, 1.83438260137e-08, 2.61956607517e-08, 1.05175907095e-07, 1.26453755911e-07, 6.96442625792e-10, 3.73998609893e-16],
        "dvar2": [1.08509423669e-09, 2.80798690255e-06, 6.86908970238e-06, 4.64346976514e-06, 1.95983502635e-05, 2.60220167547e-06, 9.34810304898e-05, 4.39543182438e-05, 5.41127374163e-05, 2.63554647972e-05, 2.42878286372e-06, 1.07266021132e-06, 5.63036201129e-06, 5.40274595551e-06, 4.51042978966e-06, 3.24111329064e-06, 8.58052715103e-07, 4.57899659523e-07, 2.43715106762e-07, 9.93799062599e-07, 8.89654145908e-08, 4.21854871036e-08, 5.70429783409e-08, 2.28759802212e-07, 2.41070750917e-07, 1.40241984692e-09, 9.79546487292e-16],
        "max": [0.000361129757948, 0.012888526544, 0.0256130602211, 0.0291866734624, 0.0256688520312, 0.0163106750697, 0.0463919490576, 0.0401118285954, 0.0765721127391, 0.062722235918, 0.0138824973255, 0.0140620842576, 0.033330462873, 0.0166485775262, 0.0197208914906, 0.0285479240119, 0.00948129128665, 0.0069560483098, 0.0040030698292, 0.0158450175077, 0.00278408871964, 0.00128566881176, 0.00275825127028, 0.00595213705674, 0.00817390624434, 0.000655257492326, 2.91506694339e-07],
        "mean": [7.1569861575e-06, 0.00136147451121, 0.0029445043765, 0.0018907347694, 0.00204335688613, 0.000724873971194, 0.0015443614684, 0.00199943128973, 0.00236994773149, 0.00109006790444, 0.000572664779611, 0.000364646635717, 0.000743587792385, 0.00101859937422, 0.00116542901378, 0.000637019053102, 0.000517425592989, 0.000468484213343, 0.000304989982396, 0.000392362038838, 0.000119802716654, 0.00011363383237, 0.00010387058137, 0.000133927082061, 7.01074604876e-05, 1.00025517895e-05, 2.01457450721e-09],
        "median": [1.80632548563e-06, 0.00056201859843, 0.00203375844285, 0.000349033303792, 0.000909927417524, 0.000341726146871, 0.000219064953853, 0.000305587658659, 0.000423904799391, 0.00019084251835, 9.98245668598e-05, 8.40467400849e-05, 0.000126390848891, 0.000184800199349, 0.00026824438828, 0.000144682839164, 0.000166641926626, 0.000239868561039, 0.000161410542205, 0.000206229058676, 3.65052364941e-05, 5.4754287703e-05, 5.04063864355e-05, 4.16510811192e-05, 9.55758332566e-06, 3.04476770907e-06, 3.02758013104e-10],
        "min": [3.21606630216e-09, 2.51216420111e-07, 1.19993984526e-07, 6.00708176535e-07, 9.25703716348e-06, 3.51635526386e-06, 2.12564145841e-06, 1.16585329124e-06, 1.91179947251e-06, 6.28000577763e-07, 9.95812456495e-07, 5.94071423166e-07, 1.16158616947e-06, 1.79608173312e-06, 2.65107564701e-06, 1.19477545013e-06, 1.94773019757e-06, 1.28067119931e-06, 1.3582240399e-06, 8.79432832335e-07, 1.44549460401e-07, 2.33892492929e-07, 5.10658324515e-08, 7.23979143302e-09, 1.1618858653e-11, 8.83336112589e-12, 9.62482003819e-12],
        "var": [4.29035890148e-10, 2.95258200822e-06, 1.02016292658e-05, 8.72096097737e-06, 9.45851570577e-06, 1.15055229344e-06, 2.13127495954e-05, 2.1091536837e-05, 3.80641758966e-05, 1.03890370156e-05, 1.98843622456e-06, 9.26665222778e-07, 5.02100647282e-06, 4.94191135658e-06, 5.21940182807e-06, 3.48222761204e-06, 9.00922032088e-07, 4.86431133595e-07, 1.85150199172e-07, 5.07433128405e-07, 4.79616062421e-08, 2.53826897278e-08, 4.03604865085e-08, 1.55538259605e-07, 1.61669973409e-07, 9.15392539547e-10, 2.27261983773e-16]
    },
    "erbbands": {
        "dmean": [0.0059056407772, 0.118131972849, 0.86329382658, 1.9765702486, 2.26056981087, 5.93790960312, 5.14307022095, 4.49118614197, 9.42130470276, 56.4738883972, 38.7736129761, 39.9319381714, 28.3309822083, 19.2486934662, 11.7287397385, 10.9495315552, 18.891872406, 27.9438095093, 40.6562194824, 29.8647079468, 17.6544742584, 14.2572860718, 14.3844690323, 11.9792633057, 8.0329990387, 12.7816238403, 6.56784772873, 3.10150384903, 3.23221278191, 2.75808906555, 2.46965742111, 2.45429253578, 1.95155107975, 1.1817085743, 0.307416588068, 0.0782977566123, 0.0136872343719, 0.0010434089927, 2.74899030046e-05, 1.24980479086e-05],
        "dmean2": [0.0101623786613, 0.189763173461, 1.37391412258, 2.90056943893, 3.36311221123, 9.37846183777, 8.24642372131, 7.36990213394, 15.8331193924, 100.70211792, 59.7776565552, 59.5017318726, 42.0455818176, 26.9911079407, 16.6030387878, 16.1415538788, 27.0383281708, 41.6500892639, 57.7606086731, 43.4675064087, 25.489730835, 21.0892868042, 21.7354316711, 17.4742660522, 12.3971977234, 19.7866725922, 10.2695436478, 4.8163766861, 5.10611867905, 4.32486867905, 3.91320014, 3.95343399048, 3.23413228989, 1.89918601513, 0.503908097744, 0.126936137676, 0.0226852297783, 0.00180344912224, 4.46677477157e-05, 1.80015194928e-05],
        "dvar": [0.000323074316839, 0.0893656983972, 2.83401989937, 14.7426710129, 39.5684318542, 186.428649902, 89.852432251, 77.0097503662, 460.856170654, 28000.4492188, 8174.40380859, 14474.4970703, 13469.6904297, 2697.92016602, 1020.26367188, 1010.91052246, 4845.07910156, 3711.51904297, 7587.1796875, 5098.90917969, 2058.58349609, 642.836853027, 615.161499023, 308.043487549, 291.851379395, 1746.1809082, 126.372306824, 24.5903491974, 24.083738327, 20.2278156281, 29.2818279266, 39.3429756165, 42.07654953, 38.1476898193, 1.62026631832, 0.0521427057683, 0.001032518805, 4.14798432757e-06, 2.86578316633e-09, 2.35265418258e-10],
        "dvar2": [0.000864638481289, 0.215415894985, 6.25270175934, 28.0008106232, 82.737991333, 478.947387695, 224.968704224, 199.726852417, 1242.61987305, 77640.5, 18586.265625, 31401.3222656, 33906.2460938, 5775.08789062, 2282.49121094, 1820.47619629, 10806.8105469, 7795.08056641, 15296.4736328, 10753.2714844, 3693.65844727, 1342.63220215, 1403.95068359, 674.281982422, 686.370178223, 4598.60742188, 303.792541504, 56.0696525574, 56.6854896545, 48.0297355652, 61.4854927063, 89.8032836914, 91.064239502, 72.1223907471, 3.59088039398, 0.111859366298, 0.00209836964495, 1.07586220111e-05, 6.34352836926e-09, 5.29663979343e-10],
        "max": [0.210381537676, 3.57202672958, 25.5927867889, 60.4347953796, 92.3307113647, 113.347618103, 102.746963501, 159.451919556, 199.264129639, 1193.16589355, 1023.95806885, 2144.3034668, 2128.13037109, 935.041748047, 500.404449463, 588.172119141, 1853.30761719, 1001.59375, 1352.15600586, 1111.80444336, 848.893676758, 379.022583008, 443.336975098, 185.72807312, 233.11895752, 1020.53436279, 173.36769104, 49.6183700562, 45.9935760498, 47.5646934509, 108.72353363, 114.470626831, 144.295761108, 148.719604492, 24.9384155273, 5.00170898438, 0.724979877472, 0.0211183354259, 0.00107413309161, 0.000202802984859],
        "mean": [0.0126578472555, 0.43689006567, 3.08161306381, 5.83676862717, 4.92953491211, 7.58019065857, 7.28719854355, 5.70435619354, 11.0589151382, 42.6301002502, 47.5202827454, 55.2437400818, 39.3050117493, 30.04570961, 20.3928279877, 18.6226158142, 32.0376625061, 46.0418434143, 65.459487915, 48.2220954895, 30.9434299469, 26.7002239227, 26.4017086029, 21.3831596375, 13.4123249054, 19.5491275787, 9.25466537476, 3.70365023613, 3.7452890873, 3.74099230766, 3.00378155708, 2.76484107971, 2.11323785782, 1.11003851891, 0.305961042643, 0.0754914283752, 0.0135517390445, 0.000915084441658, 3.71837741113e-05, 3.02571825159e-05],
        "median": [0.00444126361981, 0.255250185728, 1.7513512373, 2.72216057777, 2.36452674866, 2.4733569622, 3.51735186577, 2.42269206047, 3.09553647041, 6.53955221176, 8.20952415466, 12.3143262863, 11.9359750748, 6.55025434494, 5.65738534927, 5.39589548111, 6.38376522064, 11.7106466293, 14.5914297104, 14.5440788269, 8.61591148376, 10.3138847351, 13.8583145142, 12.6361284256, 7.21866464615, 10.0577440262, 4.00135231018, 1.19593524933, 1.69930183887, 2.11721301079, 1.32718396187, 0.987575113773, 0.535494923592, 0.153241813183, 0.0483712106943, 0.0176429096609, 0.0040116822347, 0.000206500189961, 2.16419994103e-05, 2.493707143e-05],
        "min": [1.60234103532e-05, 0.000262555840891, 0.000517971871886, 0.00336313107982, 0.00617685448378, 0.0474440678954, 0.0273468084633, 0.0497270971537, 0.0471367835999, 0.0662403702736, 0.0912779644132, 0.0804400146008, 0.0196955427527, 0.0584378540516, 0.0461623072624, 0.0339758247137, 0.0475342608988, 0.109283156693, 0.151619568467, 0.0958872064948, 0.082332007587, 0.145704373717, 0.106511026621, 0.134449243546, 0.058576527983, 0.0401408411562, 0.0353680215776, 0.0143711566925, 0.00920931436121, 0.00408089067787, 0.00103602465242, 0.000379785953555, 9.28251465666e-05, 1.25895958263e-05, 5.62993636777e-06, 1.4957380472e-06, 7.12419307547e-07, 1.69309288367e-07, 2.75706184993e-07, 4.652774237e-07],
        "var": [0.000479512586026, 0.257029891014, 11.6735525131, 51.6000823975, 75.1081314087, 194.873352051, 109.03818512, 84.4331054688, 459.901153564, 18089.0078125, 11831.1923828, 23379.296875, 13542.7734375, 5833.89111328, 2030.6192627, 2175.0144043, 10163.3623047, 8561.56542969, 16690.4375, 9752.97949219, 4819.2265625, 1829.92053223, 1548.73022461, 686.109558105, 436.507202148, 1624.37475586, 223.955535889, 32.8814201355, 30.0881462097, 29.9246082306, 43.9655342102, 53.2757263184, 58.5607337952, 47.6276779175, 1.94558048248, 0.0649666562676, 0.00129211717285, 3.59768932867e-06, 3.55471407865e-09, 4.88791451758e-10]
    },
    "gfcc": {
        "mean": [-15.7996244431, 98.1432723999, -139.79486084, 40.2855415344, -62.7938613892, 13.4817123413, -41.5046577454, 8.32655334473, -21.8575077057, -8.7999420166, -18.2408809662, -18.289516449, -14.4385070801],
        "cov": [[3959.40405273, -1516.00671387, -319.229766846, -132.919692993, -341.811279297, 249.027313232, -333.672424316, 285.876678467, -133.521896362, 248.818450928, -239.017272949, 124.037162781, -183.367797852], [-1516.00671387, 1450.70776367, 8.03551864624, 88.0680923462, 308.842987061, -166.779663086, 365.994842529, -211.366897583, 138.190383911, -174.934951782, 197.368026733, -110.073738098, 176.171569824], [-319.229766846, 8.03551864624, 789.822814941, 154.814682007, -53.4786720276, 64.3234481812, -51.8332939148, 54.5194702148, -47.2788543701, 73.6014328003, -21.6182632446, 85.9261398315, -11.4759397507], [-132.919692993, 88.0680923462, 154.814682007, 379.663665771, 86.1392745972, -7.31820583344, -47.2110214233, -13.1704540253, 60.591178894, -21.7807369232, -7.73693561554, -15.0143842697, 84.5485076904], [-341.811279297, 308.842987061, -53.4786720276, 86.1392745972, 323.382263184, 13.4574165344, 75.5645294189, -43.780582428, 27.0682811737, -29.4433193207, -9.17042636871, -17.6134929657, 35.1246528625], [249.027313232, -166.779663086, 64.3234481812, -7.31820583344, 13.4574165344, 248.883972168, 46.2621002197, 40.2503700256, -8.85207748413, 65.9349517822, 25.3526229858, 19.3946151733, -10.6853122711], [-333.672424316, 365.994842529, -51.8332939148, -47.2110214233, 75.5645294189, 46.2621002197, 283.252990723, -34.7483787537, 11.9573936462, -2.83802866936, 93.917098999, 4.06682538986, 9.36169815063], [285.876678467, -211.366897583, 54.5194702148, -13.1704540253, -43.780582428, 40.2503700256, -34.7483787537, 150.304779053, 45.3248901367, 62.5612983704, -34.8988075256, 21.8729190826, -25.816488266], [-133.521896362, 138.190383911, -47.2788543701, 60.591178894, 27.0682811737, -8.85207748413, 11.9573936462, 45.3248901367, 198.885070801, 18.5916442871, 29.5811214447, -45.9771575928, 33.104839325], [248.818450928, -174.934951782, 73.6014328003, -21.7807369232, -29.4433193207, 65.9349517822, -2.83802866936, 62.5612983704, 18.5916442871, 165.430358887, 7.29166936874, 55.5265884399, -30.9232349396], [-239.017272949, 197.368026733, -21.6182632446, -7.73693561554, -9.17042636871, 25.3526229858, 93.917098999, -34.8988075256, 29.5811214447, 7.29166936874, 144.788864136, 5.57666778564, 29.1538009644], [124.037162781, -110.073738098, 85.9261398315, -15.0143842697, -17.6134929657, 19.3946151733, 4.06682538986, 21.8729190826, -45.9771575928, 55.5265884399, 5.57666778564, 132.125900269, 17.3379459381], [-183.367797852, 176.171569824, -11.4759397507, 84.5485076904, 35.1246528625, -10.6853122711, 9.36169815063, -25.816488266, 33.104839325, -30.9232349396, 29.1538009644, 17.3379459381, 158.035339355]],
        "icov": [[0.000544372131117, -5.32305784873e-05, 0.000577956903726, -0.000317367521347, 0.000536097912118, -0.000629649555776, 0.000403797399485, -0.00058287801221, 0.000419188727392, -0.000452044681879, 0.000661885307636, -0.000460540293716, 0.000374028488295], [-5.32305784873e-05, 0.00491755595431, -0.00224474910647, 0.00148630456533, -0.00329297012649, 0.00388788525015, -0.00474190805107, 0.00308759976178, -0.00253116060048, 0.0016724509187, -0.0030758138746, 0.00342881330289, -0.00367306731641], [0.000577956903726, -0.00224474910647, 0.00327482121065, -0.0019910573028, 0.00236258748919, -0.00263167708181, 0.00253357132897, -0.00231882510707, 0.00203323038295, -0.00147908495273, 0.00207852735184, -0.00284256017767, 0.00245713233016], [-0.000317367521347, 0.00148630456533, -0.0019910573028, 0.00463199103251, -0.00230982201174, 0.00146018201485, -0.000730972911697, 0.00172983016819, -0.00205845828168, 0.000951598631218, -0.0011909159366, 0.0019097791519, -0.00308223324828], [0.000536097912118, -0.00329297012649, 0.00236258748919, -0.00230982201174, 0.00678988918662, -0.0036699322518, 0.0019694941584, -0.00121371331625, 0.00132765632588, -0.0013512801379, 0.00449689244851, -0.00296000414528, 0.00258067785762], [-0.000629649555776, 0.00388788525015, -0.00263167708181, 0.00146018201485, -0.0036699322518, 0.00876379385591, -0.00479162018746, 0.00143369741272, -0.00117361091543, -7.92682913016e-05, -0.00416453694925, 0.00411021523178, -0.00356299686246], [0.000403797399485, -0.00474190805107, 0.00253357132897, -0.000730972911697, 0.0019694941584, -0.00479162018746, 0.0101574817672, -0.00312510738149, 0.0025634393096, -0.00143568345811, -2.88873306999e-05, -0.00392768578604, 0.0040740519762], [-0.00058287801221, 0.00308759976178, -0.00231882510707, 0.00172983016819, -0.00121371331625, 0.00143369741272, -0.00312510738149, 0.0135264052078, -0.00602940889075, -0.000385507242754, 0.00107135390863, 0.000526683463249, -0.00151843507774], [0.000419188727392, -0.00253116060048, 0.00203323038295, -0.00205845828168, 0.00132765632588, -0.00117361091543, 0.0025634393096, -0.00602940889075, 0.00996817648411, -0.00319181219675, -0.000484496267745, 0.00201419228688, 0.00020143466827], [-0.000452044681879, 0.0016724509187, -0.00147908495273, 0.000951598631218, -0.0013512801379, -7.92682913016e-05, -0.00143568345811, -0.000385507242754, -0.00319181219675, 0.0107509801164, -0.00237777410075, -0.00281028309837, 0.000830893579405], [0.000661885307636, -0.0030758138746, 0.00207852735184, -0.0011909159366, 0.00449689244851, -0.00416453694925, -2.88873306999e-05, 0.00107135390863, -0.000484496267745, -0.00237777410075, 0.0138119906187, -0.0035673470702, 0.00136013666634], [-0.000460540293716, 0.00342881330289, -0.00284256017767, 0.0019097791519, -0.00296000414528, 0.00411021523178, -0.00392768578604, 0.000526683463249, 0.00201419228688, -0.00281028309837, -0.0035673470702, 0.0148140108213, -0.00626928173006], [0.000374028488295, -0.00367306731641, 0.00245713233016, -0.00308223324828, 0.00258067785762, -0.00356299686246, 0.0040740519762, -0.00151843507774, 0.00020143466827, 0.000830893579405, 0.00136013666634, -0.00626928173006, 0.0119370883331]]
    },
    "melbands": {
        "dmean": [7.98566397862e-05, 0.000349008303601, 0.000329084985424, 0.000278952356894, 0.000216236177948, 9.88271422102e-05, 0.000206723852898, 0.000579489860684, 0.000328886933858, 0.000233707687585, 0.000139360490721, 8.03243892733e-05, 4.91450628033e-05, 2.11591232073e-05, 4.67402569484e-05, 4.07868756156e-05, 5.97803555138e-05, 7.17686198186e-05, 5.04954514327e-05, 3.65429332305e-05, 2.14152314584e-05, 1.42730214066e-05, 1.86605866475e-05, 1.3574199329e-05, 1.02891317511e-05, 6.13412203165e-06, 6.72131182e-06, 9.3089774964e-06, 5.53358268007e-06, 1.70756356965e-06, 2.00883323487e-06, 2.06936783798e-06, 1.62443359386e-06, 1.56118960604e-06, 1.55448492478e-06, 1.19377193641e-06, 1.69432837538e-06, 1.62907474532e-06, 1.11719327833e-06, 9.409114341e-07],
        "dmean2": [0.000133291483507, 0.000556220649742, 0.000478536647279, 0.000436494010501, 0.000336084980518, 0.000162307886058, 0.000360223813914, 0.00102309137583, 0.000500462716445, 0.000345046428265, 0.000207614473766, 0.000113011454232, 7.02283796272e-05, 3.11158837576e-05, 6.8363842729e-05, 6.08809168625e-05, 8.98925936781e-05, 0.000103564132587, 7.52806445234e-05, 5.2162558859e-05, 3.12813135679e-05, 2.11236729228e-05, 2.96090656775e-05, 2.06199001695e-05, 1.52807260747e-05, 9.6959520306e-06, 1.03889760794e-05, 1.46050542753e-05, 8.59608826431e-06, 2.77575668406e-06, 3.13313148581e-06, 3.31318938152e-06, 2.58022123489e-06, 2.45920114139e-06, 2.52280824498e-06, 1.91235335478e-06, 2.75659908766e-06, 2.71192789114e-06, 1.80832489605e-06, 1.52650250129e-06],
        "dvar": [4.85389364258e-08, 4.7350999921e-07, 4.55374333796e-07, 3.43396521885e-07, 1.82315645247e-07, 3.6364834699e-08, 2.94786303812e-07, 2.69187512458e-06, 6.33698391539e-07, 4.78019728689e-07, 3.45028752236e-07, 5.0208882385e-08, 1.76749566094e-08, 2.89798651743e-09, 2.63914152754e-08, 1.93441653806e-08, 1.81101675878e-08, 2.34387513842e-08, 9.48944922641e-09, 1.59833319913e-08, 2.77223488609e-09, 7.4576667064e-10, 1.67189873057e-09, 5.07818398443e-10, 2.52401349821e-10, 1.80403192385e-10, 2.92797175394e-10, 8.5037621389e-10, 9.34161012434e-11, 8.14528913068e-12, 1.1736473772e-11, 1.12920376175e-11, 6.17773193712e-12, 6.9552497442e-12, 1.16386596541e-11, 9.14008365521e-12, 1.98906637688e-11, 3.20853343894e-11, 2.22393214955e-11, 2.81388887885e-11],
        "dvar2": [1.21189060565e-07, 1.08391861886e-06, 8.65711513143e-07, 8.52012476571e-07, 4.56734056797e-07, 9.35876016683e-08, 8.17295983779e-07, 7.4111376307e-06, 1.45891101511e-06, 1.02870615137e-06, 8.72410623742e-07, 1.04171242299e-07, 3.86784222428e-08, 5.66692115456e-09, 4.84974762571e-08, 4.58272992887e-08, 3.88603744739e-08, 4.7712166662e-08, 2.00218241986e-08, 3.01508791267e-08, 5.09854691799e-09, 1.50612344818e-09, 4.20551238278e-09, 1.16438914066e-09, 5.52522860797e-10, 4.48167197797e-10, 6.23095963714e-10, 2.25336660442e-09, 2.19376711241e-10, 2.0292888897e-11, 2.63036155357e-11, 2.69431942035e-11, 1.5017096941e-11, 1.67964756687e-11, 2.42716888255e-11, 2.03889162498e-11, 4.58135508696e-11, 7.85846804296e-11, 4.06315155133e-11, 5.51100866331e-11],
        "max": [0.00246960576624, 0.00934204738587, 0.0114693278447, 0.00497606117278, 0.00436742650345, 0.00335550773889, 0.00466562248766, 0.011316482909, 0.00890154857188, 0.0116574941203, 0.0110037103295, 0.00417526811361, 0.00208438746631, 0.000974186463282, 0.00443888828158, 0.00310374377295, 0.00208711996675, 0.00243716151454, 0.00132970465347, 0.00283625209704, 0.000965916377027, 0.000539391126949, 0.000869570241775, 0.000316257879604, 0.000165906079928, 0.000223866401939, 0.000374067720259, 0.000688349711709, 0.000167662743479, 2.46484723903e-05, 3.01109848806e-05, 3.1444549677e-05, 2.97028909699e-05, 2.5500128686e-05, 6.08830450801e-05, 5.82485736231e-05, 7.94152656454e-05, 0.000116016453831, 0.000119211254059, 0.00012333127961],
        "mean": [0.000237515938352, 0.00125799712259, 0.000945812207647, 0.000424276920967, 0.000295486417599, 0.000126514394651, 0.00020494540513, 0.000451874715509, 0.000414503796492, 0.000326381239574, 0.000189078040421, 0.000121173325169, 7.81161070336e-05, 3.60235317203e-05, 7.61053670431e-05, 6.16055331193e-05, 9.14161864785e-05, 0.000106948216853, 7.96096355771e-05, 5.12763872393e-05, 3.47327586496e-05, 2.52579811786e-05, 3.0638428143e-05, 2.16239441215e-05, 1.71583742485e-05, 9.48272099777e-06, 1.04959690361e-05, 1.36782909976e-05, 7.57907127991e-06, 1.9301426164e-06, 2.23985330194e-06, 2.17197498387e-06, 2.11363362723e-06, 2.02567048291e-06, 1.86828242477e-06, 1.31278522986e-06, 1.8929313228e-06, 1.72456770997e-06, 1.04682249003e-06, 8.68149300004e-07],
        "median": [8.94278418855e-05, 0.000781073700637, 0.000497049535625, 0.000187783662113, 0.000136017886689, 5.54359066882e-05, 5.00686546729e-05, 7.09388696123e-05, 6.64502003929e-05, 6.30500071566e-05, 4.54144828836e-05, 2.07367538678e-05, 1.60909949045e-05, 9.62898411672e-06, 1.25420383483e-05, 1.25965207189e-05, 1.88610520127e-05, 1.86444722203e-05, 1.97841927729e-05, 1.1116794667e-05, 8.5503252194e-06, 8.40286065795e-06, 1.13883907034e-05, 1.04204855234e-05, 9.14515567274e-06, 4.49869685326e-06, 5.0136363825e-06, 6.72934993418e-06, 2.8131248655e-06, 6.34381080999e-07, 5.41480119409e-07, 6.65405707423e-07, 1.155359314e-06, 1.04122784705e-06, 8.12445819065e-07, 4.97203075156e-07, 6.01622843988e-07, 4.3025968921e-07, 1.67161431364e-07, 9.81373986519e-08],
        "min": [9.04282586589e-08, 3.93924267428e-07, 5.63719652291e-07, 1.14211991331e-06, 5.18546414696e-07, 8.53494157127e-07, 3.97128417262e-07, 4.17305983547e-07, 5.37821165381e-07, 2.96871263572e-07, 7.59257900995e-08, 1.94681504695e-07, 1.57696064207e-07, 9.72443956471e-08, 5.85894213145e-08, 1.08397983922e-07, 1.79309864734e-07, 1.6351320653e-07, 1.57030100922e-07, 4.53946995549e-08, 8.28713453416e-08, 1.00215537202e-07, 1.42771042988e-07, 5.28971497715e-08, 1.12060739355e-07, 2.94680564394e-08, 2.45365772145e-08, 2.47855922453e-08, 2.45482869587e-08, 3.25405452584e-10, 3.43878259201e-11, 2.86434747448e-11, 1.13714393457e-09, 1.86421900139e-09, 5.13971865068e-10, 4.00846800197e-10, 1.24311715435e-11, 9.43075912502e-12, 5.06446122019e-13, 1.05895184928e-13],
