{
"highlevel": {
    "danceability": {
        "all": {
            "danceable": 0.546862363815,
            "not_danceable": 0.453137636185
        },
        "probability": 0.546862363815,
        "value": "danceable"
    },
    "gender": {
        "all": {
            "female": 0.69412946701,
            "male": 0.305870503187
        },
        "probability": 0.69412946701,
        "value": "female"
    },
    "genre_dortmund": {
        "all": {
            "alternative": 0.154488384724,
            "blues": 0.0593759790063,
            "electronic": 0.0464535243809,
            "folkcountry": 0.21790073812,
            "funksoulrnb": 0.0131812877953,
            "jazz": 0.0169069468975,
            "pop": 0.0766928344965,
            "raphiphop": 0.00758327543736,
            "rock": 0.407417029142
        },
        "probability": 0.407417029142,
        "value": "rock"
    },
    "genre_electronic": {
        "all": {
            "ambient": 0.59723842144,
            "dnb": 0.128862410784,
            "house": 0.0847895443439,
            "techno": 0.0157671310008,
            "trance": 0.173342496157
        },
        "probability": 0.59723842144,
        "value": "ambient"
    },
    "genre_rosamerica": {
        "all": {
            "cla": 0.00556272733957,
            "dan": 0.0149810640141,
            "hip": 0.00103412906174,
            "jaz": 0.00132742780261,
            "pop": 0.0438278019428,
            "rhy": 0.00947464536875,
            "roc": 0.923328518867,
            "spe": 0.000463682983536
        },
        "probability": 0.923328518867,
        "value": "roc"
    },
    "genre_tzanetakis": {
        "all": {
            "blu": 0.0626613423228,
            "cla": 0.0348169617355,
            "cou": 0.104475811124,
            "dis": 0.0784321576357,
            "hip": 0.15692435205,
            "jaz": 0.313974827528,
            "met": 0.0448166541755,
            "pop": 0.0627359300852,
            "reg": 0.0627360641956,
            "roc": 0.0784258767962
        },
        "probability": 0.313974827528,
        "value": "jaz"
    },
    "ismir04_rhythm": {
        "all": {
            "ChaChaCha": 0.565550148487,
            "Jive": 0.117800191045,
            "Quickstep": 0.030204532668,
            "Rumba-American": 0.00918581429869,
            "Rumba-International": 0.0306546874344,
            "Rumba-Misc": 0.0116038974375,
            "Samba": 0.122904568911,
            "Tango": 0.0598333105445,
            "VienneseWaltz": 0.0444988384843,
            "Waltz": 0.00776399485767
        },
        "probability": 0.565550148487,
        "value": "ChaChaCha"
    },
    "mood_acoustic": {
        "all": {
            "acoustic": 0.0977755784988,
            "not_acoustic": 0.902224421501
        },
        "probability": 0.902224421501,
        "value": "not_acoustic"
    },
    "mood_aggressive": {
        "all": {
            "aggressive": 0.179774776101,
            "not_aggressive": 0.8202252388
        },
        "probability": 0.8202252388,
        "value": "not_aggressive"
    },
    "mood_electronic": {
        "all": {
            "electronic": 0.201144993305,
            "not_electronic": 0.798855006695
        },
        "probability": 0.798855006695,
        "value": "not_electronic"
    },
    "mood_happy": {
        "all": {
            "happy": 0.553128838539,
            "not_happy": 0.446871161461
        },
        "probability": 0.553128838539,
        "value": "happy"
    },
    "mood_party": {
        "all": {
            "not_party": 0.68171107769,
            "party": 0.31828892231
        },
        "probability": 0.68171107769,
        "value": "not_party"
    },
    "mood_relaxed": {
        "all": {
            "not_relaxed": 0.621763706207,
            "relaxed": 0.378236293793
        },
        "probability": 0.621763706207,
        "value": "not_relaxed"
    },
    "mood_sad": {
        "all": {
            "not_sad": 0.894712984562,
            "sad": 0.105287007987
        },
        "probability": 0.894712984562,
        "value": "not_sad"
    },
    "moods_mirex": {
        "all": {
            "Cluster1": 0.170658499002,
            "Cluster2": 0.188233062625,
            "Cluster3": 0.341125816107,
            "Cluster4": 0.184894055128,
            "Cluster5": 0.115088574588
        },
        "probability": 0.341125816107,
        "value": "Cluster3"
    },
    "timbre": {
        "all": {
            "bright": 0.99677926302,
            "dark": 0.00322072044946
        },
        "probability": 0.99677926302,
        "value": "bright"
    },
    "tonal_atonal": {
        "all": {
            "atonal": 0.0204679742455,
            "tonal": 0.979532003403
        },
        "probability": 0.979532003403,
        "value": "tonal"
    },
    "voice_instrumental": {
        "all": {
            "instrumental": 0.0377572178841,
            "voice": 0.962242782116
        },
        "probability": 0.962242782116,
        "value": "voice"
    }
},
"lowlevel": {
    "average_loudness": 0.97518414259,
    "barkbands_crest": {
        "dmean": 2.46424865723,
        "dmean2": 3.98457884789,
        "dvar": 6.84820556641,
        "dvar2": 16.3094100952,
        "max": 22.2153282166,
        "mean": 8.38425540924,
        "median": 7.40780067444,
        "min": 2.82485103607,
        "var": 13.3390703201
    },
    "barkbands_flatness_db": {
        "dmean": 0.0203159041703,
        "dmean2": 0.0325344875455,
        "dvar": 0.00051172147505,
        "dvar2": 0.00120875891298,
        "max": 0.297911316156,
        "mean": 0.140846371651,
        "median": 0.130712911487,
        "min": 0.060457918793,
        "var": 0.00182592717465
    },
    "barkbands_kurtosis": {
        "dmean": 3.16358065605,
        "dmean2": 5.10952234268,
        "dvar": 40.4467430115,
        "dvar2": 98.2671356201,
        "max": 73.3493118286,
        "mean": 3.67719173431,
        "median": 1.40346622467,
        "min": -1.55165851116,
        "var": 50.0033378601
    },
    "barkbands_skewness": {
        "dmean": 0.555065691471,
        "dmean2": 0.848793566227,
        "dvar": 0.563725888729,
        "dvar2": 1.26704275608,
        "max": 7.08963680267,
        "mean": 1.53005135059,
        "median": 1.26264858246,
        "min": -0.204716771841,
        "var": 1.01263201237
    },
    "barkbands_spread": {
        "dmean": 4.17885780334,
        "dmean2": 6.34400558472,
        "dvar": 21.227432251,
        "dvar2": 44.5737571716,
        "max": 89.5439300537,
        "mean": 20.0408248901,
        "median": 19.9089279175,
        "min": 2.22627067566,
        "var": 80.0672683716
    },
    "dissonance": {
        "dmean": 0.016351563856,
        "dmean2": 0.0274912323803,
        "dvar": 0.000228994846111,
        "dvar2": 0.000594412151258,
        "max": 0.499138057232,
        "mean": 0.460811138153,
        "median": 0.466928035021,
        "min": 0.281598925591,
        "var": 0.000732753949706
    },
    "dynamic_complexity": 1.36578261852,
    "erbbands_crest": {
        "dmean": 2.0440864563,
        "dmean2": 3.30762577057,
        "dvar": 3.99428343773,
        "dvar2": 9.13305950165,
        "max": 27.3134021759,
        "mean": 7.70280456543,
        "median": 6.64651203156,
        "min": 2.92034101486,
        "var": 13.5371513367
    },
    "erbbands_flatness_db": {
        "dmean": 0.0143376905471,
        "dmean2": 0.020514510572,
        "dvar": 0.000204966563615,
        "dvar2": 0.000363811705029,
        "max": 0.257621824741,
        "mean": 0.152251631021,
        "median": 0.146984279156,
        "min": 0.068007260561,
        "var": 0.0010967310518
    },
    "erbbands_kurtosis": {
        "dmean": 0.627807974815,
        "dmean2": 0.903554439545,
        "dvar": 1.42869639397,
        "dvar2": 2.66713047028,
        "max": 29.5919189453,
        "mean": 0.34434273839,
        "median": -0.311700820923,
        "min": -1.55573546886,
        "var": 7.5041847229
    },
    "erbbands_skewness": {
        "dmean": 0.254460215569,
        "dmean2": 0.390489786863,
        "dvar": 0.0578681528568,
        "dvar2": 0.135192617774,
        "max": 3.81541657448,
        "mean": 0.291230738163,
        "median": 0.197849422693,
        "min": -1.13610565662,
        "var": 0.413815528154
    },
    "erbbands_spread": {
        "dmean": 6.16236972809,
        "dmean2": 9.39057731628,
        "dvar": 46.9160232544,
        "dvar2": 102.462036133,
        "max": 120.164421082,
        "mean": 34.9870376587,
        "median": 33.2778816223,
        "min": 5.20208406448,
        "var": 154.693511963
    },
    "hfc": {
        "dmean": 5.03707361221,
        "dmean2": 7.58982992172,
        "dvar": 43.7852706909,
        "dvar2": 101.255363464,
        "max": 107.224739075,
        "mean": 21.6016216278,
        "median": 18.9568462372,
        "min": 2.69784212112,
        "var": 136.153015137
    },
    "melbands_crest": {
        "dmean": 3.68306159973,
        "dmean2": 5.58149051666,
        "dvar": 12.3276081085,
        "dvar2": 24.8490390778,
        "max": 33.624546051,
        "mean": 13.3597888947,
        "median": 12.0098342896,
        "min": 3.66208386421,
        "var": 30.748260498
    },
    "melbands_flatness_db": {
        "dmean": 0.0256088767201,
        "dmean2": 0.0396062098444,
        "dvar": 0.000846965471283,
        "dvar2": 0.00188250641804,
        "max": 0.40254843235,
        "mean": 0.201834782958,
        "median": 0.19283144176,
        "min": 0.0803284719586,
        "var": 0.00344794243574
    },
    "melbands_kurtosis": {
        "dmean": 7.27375745773,
        "dmean2": 11.8592910767,
        "dvar": 203.880462646,
        "dvar2": 509.907440186,
        "max": 137.494125366,
        "mean": 10.5833797455,
        "median": 5.74711322784,
        "min": -0.885627508163,
        "var": 221.815353394
    },
    "melbands_skewness": {
        "dmean": 0.755055546761,
        "dmean2": 1.1538028717,
        "dvar": 1.06368148327,
        "dvar2": 2.43837285042,
        "max": 9.27731227875,
        "mean": 2.43838763237,
        "median": 2.16070604324,
        "min": -0.624945700169,
        "var": 1.84508895874
    },
    "melbands_spread": {
        "dmean": 5.08226919174,
        "dmean2": 7.77556753159,
        "dvar": 29.7904205322,
        "dvar2": 65.8595962524,
        "max": 67.3658676147,
        "mean": 20.2099113464,
        "median": 19.9259967804,
        "min": 1.46610200405,
        "var": 93.0675430298
    },
    "pitch_salience": {
        "dmean": 0.072217002511,
        "dmean2": 0.116288095713,
        "dvar": 0.00445403810591,
        "dvar2": 0.0109654422849,
        "max": 0.85316491127,
        "mean": 0.557361602783,
        "median": 0.5648624897,
        "min": 0.213761493564,
        "var": 0.0106043564156
    },
    "silence_rate_20dB": {
        "dmean": 0,
        "dmean2": 0,
        "dvar": 0,
        "dvar2": 0,
        "max": 1,
        "mean": 1,
        "median": 1,
        "min": 1,
        "var": 0
    },
    "silence_rate_30dB": {
        "dmean": 0.0773993805051,
        "dmean2": 0.154918670654,
        "dvar": 0.0714077278972,
        "dvar2": 0.149510264397,
        "max": 1,
        "mean": 0.928074240685,
        "median": 1,
        "min": 0,
        "var": 0.0667519718409
    },
    "silence_rate_60dB": {
        "dmean": 0,
        "dmean2": 0,
        "dvar": 0,
        "dvar2": 0,
        "max": 0,
        "mean": 0,
        "median": 0,
        "min": 0,
        "var": 0
    },
    "spectral_centroid": {
        "dmean": 187.617538452,
        "dmean2": 296.709197998,
        "dvar": 33255.9726562,
        "dvar2": 79250.328125,
        "max": 2761.35375977,
        "mean": 1167.86669922,
        "median": 1143.73168945,
        "min": 260.014038086,
        "var": 154724.921875
    },
    "spectral_complexity": {
        "dmean": 3.11377716064,
        "dmean2": 4.93648338318,
        "dvar": 10.5759944916,
        "dvar2": 22.8774356842,
        "max": 55,
        "mean": 23.7208042145,
        "median": 23,
        "min": 6,
        "var": 50.9931411743
    },
    "spectral_decrease": {
        "dmean": 5.48819745205e-09,
        "dmean2": 8.60548610149e-09,
        "dvar": 9.5902287898e-17,
        "dvar2": 2.3585791235e-16,
        "max": -1.78411196927e-09,
        "mean": -1.1203362682e-08,
        "median": -7.93675614119e-09,
        "min": -7.63238077184e-08,
        "var": 1.06809511307e-16
    },
    "spectral_energy": {
        "dmean": 0.0210614670068,
        "dmean2": 0.0329771116376,
        "dvar": 0.00138783920556,
        "dvar2": 0.00341642810963,
        "max": 0.292549967766,
        "mean": 0.0442434325814,
        "median": 0.0315337590873,
        "min": 0.00754895387217,
        "var": 0.0015552865807
    },
    "spectral_energyband_high": {
        "dmean": 0.000188233447261,
        "dmean2": 0.000275199185126,
        "dvar": 1.86806531133e-07,
        "dvar2": 4.25162141937e-07,
        "max": 0.01167258434,
        "mean": 0.000550596567336,
        "median": 0.000302994856611,
        "min": 7.41039684726e-06,
        "var": 5.88496448017e-07
    },
    "spectral_energyband_low": {
        "dmean": 0.0161677971482,
        "dmean2": 0.0259961001575,
        "dvar": 0.00129810580984,
        "dvar2": 0.00320467702113,
        "max": 0.254316210747,
        "mean": 0.0220041535795,
        "median": 0.0107157174498,
        "min": 4.50299266959e-05,
        "var": 0.00132913060952
    },
    "spectral_energyband_middle_high": {
        "dmean": 0.00163871934637,
        "dmean2": 0.00239506619982,
        "dvar": 4.92574554301e-06,
        "dvar2": 9.68515632849e-06,
        "max": 0.0524081923068,
        "mean": 0.0064157047309,
        "median": 0.00581890111789,
        "min": 7.4755262176e-05,
        "var": 1.7628637579e-05
    },
    "spectral_energyband_middle_low": {
        "dmean": 0.00668224040419,
        "dmean2": 0.0106241013855,
        "dvar": 0.000138954550494,
        "dvar2": 0.000347460940247,
        "max": 0.110313653946,
        "mean": 0.0163957923651,
        "median": 0.0125434342772,
        "min": 0.00277609704062,
        "var": 0.000170700979652
    },
    "spectral_entropy": {
        "dmean": 0.109418176115,
        "dmean2": 0.164249330759,
        "dvar": 0.013067570515,
        "dvar2": 0.0269189011306,
        "max": 8.51893043518,
        "mean": 7.51485013962,
        "median": 7.53533840179,
        "min": 6.04751443863,
        "var": 0.0821625217795
    },
    "spectral_flux": {
        "dmean": 0.0414540283382,
        "dmean2": 0.0644101649523,
        "dvar": 0.00365704693832,
        "dvar2": 0.00731750531122,
        "max": 0.460060715675,
        "mean": 0.106377489865,
        "median": 0.0793046653271,
        "min": 0.0276528503746,
        "var": 0.00545823900029
    },
    "spectral_kurtosis": {
        "dmean": 1.68707633018,
        "dmean2": 2.88218593597,
        "dvar": 4.4491558075,
        "dvar2": 13.5877923965,
        "max": 26.6563072205,
        "mean": 4.88929700851,
        "median": 4.42370128632,
        "min": -0.597449064255,
        "var": 6.93251276016
    },
    "spectral_rms": {
        "dmean": 0.0012973388657,
        "dmean2": 0.00195599440485,
        "dvar": 3.38625818586e-06,
        "dvar2": 7.86398868513e-06,
        "max": 0.0168942175806,
        "mean": 0.00616393983364,
        "median": 0.00554658845067,
        "min": 0.00271382252686,
        "var": 5.17009038958e-06
    },
    "spectral_rolloff": {
        "dmean": 308.414550781,
        "dmean2": 499.250488281,
        "dvar": 186461.484375,
        "dvar2": 357366.9375,
        "max": 8204.15039062,
        "mean": 1092.13024902,
        "median": 1033.59375,
        "min": 64.599609375,
        "var": 530923.6875
    },
    "spectral_skewness": {
        "dmean": 0.208946600556,
        "dmean2": 0.344318062067,
        "dvar": 0.0490615814924,
        "dvar2": 0.135460332036,
        "max": 3.71175837517,
        "mean": 1.60002779961,
        "median": 1.5507491827,
        "min": 0.456244289875,
        "var": 0.164029985666
    },
    "spectral_spread": {
        "dmean": 368078.78125,
        "dmean2": 540867.5,
        "dvar": 173178896384,
        "dvar2": 289431846912,
        "max": 11412696,
        "mean": 3976428,
        "median": 3977005.5,
        "min": 1793468.75,
        "var": 1.21005224755e+12
    },
    "spectral_strongpeak": {
        "dmean": 0.445223689079,
        "dmean2": 0.757304668427,
        "dvar": 0.441950887442,
        "dvar2": 1.08473861217,
        "max": 6.31725502014,
        "mean": 0.774649262428,
        "median": 0.414939343929,
        "min": 0,
        "var": 0.909560739994
    },
    "zerocrossingrate": {
        "dmean": 0.00732497451827,
        "dmean2": 0.00879662670195,
        "dvar": 5.08178563905e-05,
        "dvar2": 6.12265357631e-05,
        "max": 0.208984375,
        "mean": 0.0481385663152,
        "median": 0.0458984375,
        "min": 0.0078125,
        "var": 0.000449074519565
    },
    "barkbands": {
        "dmean": [0.00204324838705, 0.0118831126019, 0.00424549821764, 0.00282991700806, 0.00291742174886, 0.000976465002168, 0.000640366401058, 0.00104949751403, 0.00103319319896, 0.000482243107399, 0.000566742441151, 0.000367064058082, 0.000446949037723, 0.000387944222894, 0.000361842336133, 0.000263762631221, 0.00025391636882, 0.000152701599291, 0.000165907040355, 7.86592136137e-05, 5.7985442254e-05, 5.51246848772e-05, 3.65772757505e-05, 3.16750520142e-05, 1.98953330255e-05, 1.56649348355e-05, 8.22711676562e-09],
        "dmean2": [0.00315607129596, 0.0196085367352, 0.00754108186811, 0.00475258706138, 0.0048545235768, 0.00162462948356, 0.000997125753202, 0.00160805869382, 0.00146331568249, 0.000701441662386, 0.000855762569699, 0.000551509729121, 0.00069867487764, 0.000617006153334, 0.000595796969719, 0.000442000397015, 0.00041418345063, 0.000254795624642, 0.000270568096312, 0.000130593514768, 9.27590372157e-05, 9.10004164325e-05, 5.36791194463e-05, 4.81971728732e-05, 3.06231377181e-05, 2.46141062235e-05, 9.85074777304e-09],
        "dvar": [1.78837017302e-05, 0.000833317521028, 8.14385275589e-05, 3.54914191121e-05, 3.18874954246e-05, 1.48633569097e-06, 9.61657406151e-07, 3.65379719369e-06, 8.19599063107e-06, 1.27250132209e-06, 1.18611967537e-06, 4.36315474417e-07, 3.26556488517e-07, 5.25953453234e-07, 7.5060194149e-07, 2.37621918586e-07, 1.20024651551e-07, 4.6461686054e-08, 5.33767909872e-08, 1.61474034144e-08, 1.16065912437e-08, 1.20896244127e-08, 8.70282512722e-09, 2.11559978425e-08, 1.71981628938e-09, 2.73344369361e-09, 3.65726261667e-14],
        "dvar2": [4.12573390349e-05, 0.00213759322651, 0.000228916236665, 9.4401271781e-05, 7.98187611508e-05, 4.18404169977e-06, 2.26768975153e-06, 8.01506121206e-06, 1.62700343935e-05, 2.31359626923e-06, 2.93389689432e-06, 1.00071849829e-06, 8.11306222204e-07, 1.32605543968e-06, 2.10388770938e-06, 6.52075414109e-07, 3.2718119769e-07, 1.19715693359e-07, 1.47850130361e-07, 4.12205558575e-08, 2.90489161614e-08, 2.97819706674e-08, 1.85718693757e-08, 5.76944003683e-08, 3.66841312882e-09, 5.07700370633e-09, 3.65796700927e-14],
        "max": [0.0309192594141, 0.21112640202, 0.0720803290606, 0.0496193729341, 0.0518896058202, 0.0152639392763, 0.0148058868945, 0.0313581712544, 0.0535187348723, 0.0228982437402, 0.0260256193578, 0.0118880048394, 0.0067978091538, 0.012131777592, 0.0213135667145, 0.00898643676192, 0.00427830033004, 0.00279844808392, 0.00306555978023, 0.0020838661585, 0.00211040349677, 0.00180742982775, 0.00260240794159, 0.0044006574899, 0.00100625783671, 0.00160710967612, 6.75402361594e-06],
        "mean": [0.00268613989465, 0.0132227288559, 0.00520880380645, 0.00303495302796, 0.00479695061222, 0.00237624137662, 0.00152289285325, 0.00205861893483, 0.0021687480621, 0.0010105954716, 0.00108693505172, 0.000675187795423, 0.000822799687739, 0.000637401419226, 0.000638464000076, 0.000476579152746, 0.000498481851537, 0.000304127985146, 0.000364662148058, 0.000180111252121, 0.000124975995277, 0.00011894472118, 8.50659343996e-05, 6.78039723425e-05, 4.4502223318e-05, 3.07030095428e-05, 7.84240850038e-09],
        "median": [0.000593585951719, 0.00462832581252, 0.00286923814565, 0.00135201506782, 0.00303910393268, 0.00174655322917, 0.00101739133243, 0.000966491352301, 0.000710481661372, 0.000559596111998, 0.000706798280589, 0.000380842800951, 0.000551942852326, 0.000393690890633, 0.000436632399214, 0.000308720453177, 0.00034614696051, 0.000213699939195, 0.000266101502348, 0.000109476372018, 6.41584992991e-05, 5.07284494233e-05, 3.89474480471e-05, 2.82888522634e-05, 2.40624285652e-05, 8.80735115061e-06, 6.86373624603e-10],
        "min": [2.53679246498e-07, 3.34178639605e-06, 1.22530573208e-05, 7.30449391995e-06, 0.000106374041934, 6.90447704983e-05, 6.2311446527e-05, 4.85862801725e-06, 2.1851486963e-05, 1.46174888869e-05, 1.804867793e-06, 1.86700935956e-06, 1.77601907581e-06, 7.26283701624e-07, 1.41013231314e-06, 4.30526114314e-07, 2.74528792943e-06, 6.39797121949e-07, 1.04195112272e-06, 1.63483832694e-06, 1.80834854291e-06, 8.40776408495e-07, 2.7855656981e-07, 4.61285445397e-08, 1.00366630562e-08, 9.83827047607e-11, 1.28720758011e-11],
        "var": [2.2854326744e-05, 0.000770869315602, 6.20440987404e-05, 2.8965247111e-05, 3.51167800545e-05, 4.22718676418e-06, 2.53183475252e-06, 1.12142670332e-05, 2.56925231952e-05, 3.00911824525e-06, 1.85628312011e-06, 8.09737684904e-07, 7.14730504114e-07, 6.58136400489e-07, 7.09699236268e-07, 3.40596159276e-07, 2.46430204243e-07, 8.89428335427e-08, 1.22846742556e-07, 4.28597104474e-08, 2.62979860111e-08, 2.92532096324e-08, 2.50403395796e-08, 3.9388314832e-08, 5.47569012355e-09, 7.11228365091e-09, 3.65663682873e-14]
    },
    "erbbands": {
        "dmean": [0.469271600246, 2.49114608765, 5.30661249161, 6.04757165909, 13.4668979645, 7.47809028625, 7.34863901138, 9.31664848328, 8.09353923798, 18.9576377869, 20.4480934143, 24.8778553009, 13.5140562057, 15.7285490036, 21.3653907776, 15.3271770477, 21.3020248413, 18.4657382965, 17.5463829041, 17.6157093048, 11.9712409973, 11.0979509354, 9.60987758636, 9.5587387085, 5.65284919739, 3.72206330299, 2.72198343277, 2.06362390518, 1.98755133152, 1.5303684473, 1.00883805752, 0.804909825325, 0.475624531507, 0.268686026335, 0.138307213783, 0.0789602026343, 0.0318396091461, 0.0032498666551, 6.04252854828e-05, 2.43344293267e-05],
        "dmean2": [0.705892264843, 4.52313756943, 9.52369594574, 10.47793293, 22.66639328, 12.186208725, 11.8589401245, 15.6031780243, 12.3935232162, 30.3861141205, 30.4036903381, 34.5969543457, 19.7963829041, 22.724855423, 32.5585365295, 22.8889026642, 33.1098594666, 28.9518413544, 28.5935554504, 29.2392368317, 19.6084575653, 18.0311336517, 15.9937667847, 15.6444358826, 9.40956306458, 6.29847574234, 4.46953296661, 3.31711888313, 3.25855827332, 2.37569093704, 1.49698591232, 1.24877679348, 0.718472599983, 0.41282171011, 0.209300845861, 0.125047206879, 0.0505766868591, 0.00528998346999, 9.62678313954e-05, 3.75720410375e-05],
        "dvar": [1.08706879616, 43.9862632751, 154.571258545, 118.597198486, 1048.56555176, 159.806228638, 116.190956116, 141.509246826, 140.786178589, 787.987731934, 2963.75292969, 3947.8046875, 1042.75488281, 2655.43603516, 1075.19311523, 712.351806641, 775.261230469, 972.46295166, 2257.85253906, 682.490783691, 416.049957275, 203.220779419, 205.66178894, 218.591262817, 59.964969635, 35.6669616699, 30.1804008484, 13.5390701294, 13.1728744507, 11.754152298, 8.00319099426, 18.8209018707, 2.07117557526, 0.231442123652, 0.129892796278, 0.105205073953, 0.00698163546622, 4.95125859743e-05, 1.71510983193e-08, 1.70593783544e-09],
        "dvar2": [2.36325645447, 124.891517639, 436.646728516, 323.281433105, 2666.95605469, 423.06817627, 295.968505859, 399.84967041, 342.888702393, 1729.64160156, 6027.31152344, 7412.01416016, 2328.640625, 5638.99462891, 2466.43676758, 1526.09106445, 1906.99072266, 2386.64428711, 6347.43896484, 1888.90478516, 1027.61779785, 548.620910645, 562.480407715, 622.387268066, 160.384384155, 91.5697860718, 77.4116363525, 33.6640167236, 33.0235137939, 26.2390232086, 18.8914279938, 53.195766449, 5.02128410339, 0.503010213375, 0.268675774336, 0.230202957988, 0.0123005872592, 0.00010246290185, 3.25018731928e-08, 4.18141166136e-09],
        "max": [7.48091077805, 46.7046966553, 97.7944107056, 81.1495742798, 276.064849854, 203.898147583, 115.415779114, 189.553878784, 170.612533569, 543.066955566, 1057.24169922, 1235.52185059, 699.569824219, 1620.70617676, 512.153503418, 474.441894531, 399.125701904, 511.479064941, 1142.26782227, 255.941497803, 360.336700439, 157.231719971, 188.569839478, 219.128616333, 100.985069275, 72.5067901611, 114.642974854, 47.9874191284, 42.8706092834, 81.9863128662, 78.1756668091, 132.350860596, 42.8927116394, 9.91813850403, 9.65914440155, 10.5655460358, 2.47282409668, 0.182642668486, 0.00353007833473, 0.000323685759213],
        "mean": [0.530351161957, 2.36864066124, 6.13476371765, 7.649269104, 14.3152809143, 14.7659015656, 17.2928638458, 20.8342857361, 21.0096893311, 38.1233711243, 43.8852005005, 54.8849639893, 28.9456596375, 32.6492424011, 43.5002212524, 32.4646759033, 41.9444847107, 35.2004966736, 30.7638149261, 32.9166259766, 24.5632381439, 23.4159603119, 20.7365493774, 20.2987995148, 13.4698829651, 8.67039299011, 5.71581506729, 4.43401002884, 4.22005844116, 3.54489994049, 2.2229487896, 1.60710263252, 1.00596404076, 0.566996991634, 0.281165778637, 0.14477956295, 0.0582109577954, 0.00486923847347, 0.00011343244114, 5.53729005333e-05],
        "median": [0.108101174235, 1.00009119511, 3.38351678848, 4.66000938416, 5.64274215698, 9.32184028625, 11.9863109589, 14.4345293045, 14.1250905991, 23.2796916962, 19.0340824127, 19.6489639282, 16.8916721344, 19.5866165161, 29.0090389252, 20.9085426331, 30.34075737, 24.2476348877, 20.2585849762, 23.665769577, 17.4602470398, 17.6595859528, 14.8812980652, 14.1416101456, 10.1188640594, 5.18126630783, 2.97215461731, 2.22428131104, 1.92508304119, 1.61497831345, 0.985989093781, 0.610985577106, 0.451521605253, 0.305312424898, 0.136801809072, 0.0466999597847, 0.0139391189441, 0.00111936731264, 4.81684874103e-05, 4.06528306485e-05],
        "min": [0.00017975497758, 0.00111228390597, 0.0104741072282, 0.0494611561298, 0.279105901718, 0.340348035097, 0.727719962597, 0.764330565929, 1.36592853069, 0.797595202923, 0.551317453384, 0.523751139641, 0.965796411037, 0.41212874651, 0.105506233871, 0.0973167568445, 0.0874097794294, 0.04656226933, 0.0641585215926, 0.0616352520883, 0.101929120719, 0.148295626044, 0.0415449514985, 0.0408280491829, 0.0448426492512, 0.0774776861072, 0.0811761841178, 0.0448749661446, 0.0392332486808, 0.0131576471031, 0.00555257266387, 0.00173465849366, 0.000290336320177, 0.000141988013638, 0.000108371379611, 1.79402359208e-05, 7.19794161341e-06, 7.01493092947e-07, 4.63445849164e-06, 1.09893471745e-05],
        "var": [1.3477871418, 29.1044120789, 106.379386902, 97.8030776978, 878.393066406, 257.858795166, 248.005783081, 394.457763672, 486.340148926, 2385.52124023, 8703.56542969, 13571.1523438, 2035.17150879, 4374.55810547, 2415.52905273, 1548.44628906, 1732.99963379, 1501.94628906, 1974.76196289, 1102.65637207, 680.817016602, 451.739837646, 392.721069336, 436.094390869, 147.351486206, 88.8633804321, 58.1740760803, 32.6860923767, 32.3128623962, 30.2737388611, 20.14336586, 28.523651123, 5.53468847275, 0.692490041256, 0.380049198866, 0.228096470237, 0.0181787703186, 0.00010707504407, 3.98108817024e-08, 2.01734740024e-09]
    },
    "gfcc": {
        "mean": [30.7738208771, 114.758857727, -122.944099426, 32.3060951233, -52.6522369385, 15.0772657394, -36.2479324341, 10.5590867996, -22.2496013641, 2.98691511154, -12.4487514496, 0.517417967319, -11.6611375809],
        "cov": [[1302.06396484, -833.947631836, 154.552124023, -14.7614116669, -157.188293457, 187.980316162, -143.439926147, 106.021865845, -127.754257202, 103.672531128, -175.339752197, 103.333061218, -101.627464294], [-833.947631836, 1179.81738281, -299.921905518, 227.779769897, 370.771484375, -161.62953186, 262.150970459, -136.289382935, 209.5184021, -157.837738037, 254.430755615, -164.517486572, 127.716751099], [154.552124023, -299.921905518, 584.895874023, -77.7715301514, -86.6399993896, 123.734146118, -38.2968521118, 97.3285598755, -54.5201644897, 90.5124588013, -106.939903259, 80.7296981812, -47.920539856], [-14.7614116669, 227.779769897, -77.7715301514, 375.908294678, 78.6175765991, 9.40761852264, 46.0731315613, -69.4237365723, 103.985595703, -68.6984100342, 104.33808136, -72.8014831543, 68.7748184204], [-157.188293457, 370.771484375, -86.6399993896, 78.6175765991, 316.495300293, -42.0435752869, 98.5272445679, -19.8437023163, 40.976360321, -19.3760871887, 79.4321212769, -29.7138938904, 21.0601577759], [187.980316162, -161.62953186, 123.734146118, 9.40761852264, -42.0435752869, 148.192138672, -10.4119606018, 29.9814090729, -20.3037605286, 26.4011249542, -16.7428951263, 23.4534759521, -5.08653879166], [-143.439926147, 262.150970459, -38.2968521118, 46.0731315613, 98.5272445679, -10.4119606018, 147.908081055, -1.32831323147, 58.8299446106, -33.286907196, 56.3070144653, -27.9958362579, 22.5948696136], [106.021865845, -136.289382935, 97.3285598755, -69.4237365723, -19.8437023163, 29.9814090729, -1.32831323147, 119.73625946, 1.39141964912, 39.0088005066, -42.5291366577, 30.003194809, -24.6952171326], [-127.754257202, 209.5184021, -54.5201644897, 103.985595703, 40.976360321, -20.3037605286, 58.8299446106, 1.39141964912, 126.04699707, -18.6647014618, 61.9869918823, -45.898853302, 39.4817810059], [103.672531128, -157.837738037, 90.5124588013, -68.6984100342, -19.3760871887, 26.4011249542, -33.286907196, 39.0088005066, -18.6647014618, 89.5523834229, -24.9403743744, 35.3920288086, -25.0492229462], [-175.339752197, 254.430755615, -106.939903259, 104.33808136, 79.4321212769, -16.7428951263, 56.3070144653, -42.5291366577, 61.9869918823, -24.9403743744, 127.504631042, -21.5117702484, 45.2734146118], [103.333061218, -164.517486572, 80.7296981812, -72.8014831543, -29.7138938904, 23.4534759521, -27.9958362579, 30.003194809, -45.898853302, 35.3920288086, -21.5117702484, 81.6202163696, -8.89276027679], [-101.627464294, 127.716751099, -47.920539856, 68.7748184204, 21.0601577759, -5.08653879166, 22.5948696136, -24.6952171326, 39.4817810059, -25.0492229462, 45.2734146118, -8.89276027679, 73.2551727295]],
        "icov": [[0.0019733607769, 0.00125559407752, 0.000750640698243, -0.00124027184211, -0.000622567371465, -0.00140933704097, -0.000431734748418, -0.000187479832675, -0.00016720862186, -0.000410685839597, 0.00157532119192, -0.00108714075759, 0.0011992623331], [0.00125559407752, 0.00780631974339, -0.0013932363363, 0.00240645674057, -0.00463544670492, 0.00254408200271, -0.00375760067254, 0.00252440175973, -0.00320690381341, 0.00522466888651, -0.00636822218075, 0.00693537481129, -0.00322683388367], [0.000750640698243, -0.0013932363363, 0.00370685523376, -0.00200375169516, 0.00104440411087, -0.00294270762242, -1.56639362103e-05, -0.00125411490444, 0.00048969098134, -0.00325781921856, 0.0047978325747, -0.00436242576689, 0.00198128377087], [-0.00124027184211, 0.00240645674057, -0.00200375169516, 0.00759432232007, -0.00237204856239, 0.000749252096284, 0.000484053132823, 0.00286750611849, -0.00422218209133, 0.00544286286458, -0.00652471929789, 0.00633409619331, -0.00386735098436], [-0.000622567371465, -0.00463544670492, 0.00104440411087, -0.00237204856239, 0.007437041495, -0.000305257446598, -0.00065650587203, -0.00213440600783, 0.00369608472101, -0.0046032499522, 0.00204915320501, -0.00349565851502, 0.00219495594501], [-0.00140933704097, 0.00254408200271, -0.00294270762242, 0.000749252096284, -0.000305257446598, 0.0120523329824, -0.00252695800737, -0.000544970855117, 0.00161514466163, 0.00112775829621, -0.00579759432003, 0.00472462363541, -0.0038270468358], [-0.000431734748418, -0.00375760067254, -1.56639362103e-05, 0.000484053132823, -0.00065650587203, -0.00252695800737, 0.0137014351785, -0.00246044830419, -0.00252098729834, 0.00216306140646, 0.000158445371198, -0.00257036439143, 0.00213371170685], [-0.000187479832675, 0.00252440175973, -0.00125411490444, 0.00286750611849, -0.00213440600783, -0.000544970855117, -0.00246044830419, 0.0150553034618, -0.00740328803658, 0.000201790273422, 0.00166458031163, -0.00156961928587, 0.00107603380457], [-0.00016720862186, -0.00320690381341, 0.00048969098134, -0.00422218209133, 0.00369608472101, 0.00161514466163, -0.00252098729834, -0.00740328803658, 0.0205923728645, -0.00625652074814, -0.00222124601714, 0.00548279378563, -0.00422474741936], [-0.000410685839597, 0.00522466888651, -0.00325781921856, 0.00544286286458, -0.0046032499522, 0.00112775829621, 0.00216306140646, 0.000201790273422, -0.00625652074814, 0.0234940778464, -0.0083160335198, 0.00197109044529, 0.000667233427521], [0.00157532119192, -0.00636822218075, 0.0047978325747, -0.00652471929789, 0.00204915320501, -0.00579759432003, 0.000158445371198, 0.00166458031163, -0.00222124601714, -0.0083160335198, 0.0268858000636, -0.0138666965067, 0.00212709838524], [-0.00108714075759, 0.00693537481129, -0.00436242576689, 0.00633409619331, -0.00349565851502, 0.00472462363541, -0.00257036439143, -0.00156961928587, 0.00548279378563, 0.00197109044529, -0.0138666965067, 0.0320535488427, -0.0106233581901], [0.0011992623331, -0.00322683388367, 0.00198128377087, -0.00386735098436, 0.00219495594501, -0.0038270468358, 0.00213371170685, 0.00107603380457, -0.00422474741936, 0.000667233427521, 0.00212709838524, -0.0106233581901, 0.0245761610568]]
    },
    "melbands": {
        "dmean": [0.00354533223435, 0.00293500116095, 0.00137024535798, 0.000698450021446, 0.000282367720501, 0.000202481125598, 0.000122843193822, 0.000214535641135, 0.000187697951333, 0.000141117692692, 6.74449911457e-05, 6.30170834484e-05, 7.95353917056e-05, 4.17766641476e-05, 4.82851319248e-05, 3.96981049562e-05, 3.83093793062e-05, 2.94599158224e-05, 2.30550631386e-05, 2.54305177805e-05, 1.39817657328e-05, 1.21780176414e-05, 1.54215322254e-05, 7.53642734708e-06, 9.06577497517e-06, 5.22345362697e-06, 3.67008897229e-06, 2.51699088949e-06, 1.96841415345e-06, 1.54551537435e-06, 1.30487831029e-06, 1.27684302242e-06, 1.13513124234e-06, 8.48014053645e-07, 6.45055308723e-07, 5.65337529679e-07, 5.14621433467e-07, 3.85279577131e-07, 2.60669906993e-07, 2.47291637834e-07],
        "dmean2": [0.00552762998268, 0.0053152134642, 0.00231770123355, 0.00115998566616, 0.000452345731901, 0.000336889846949, 0.000188978621736, 0.000343062973116, 0.000276866805507, 0.000197390734684, 9.8672855529e-05, 9.13350158953e-05, 0.000120104799862, 6.40185971861e-05, 7.25479112589e-05, 6.29452770227e-05, 6.05521490797e-05, 4.84527517983e-05, 3.77509240934e-05, 4.27339036833e-05, 2.28151457122e-05, 1.98203833861e-05, 2.60403121501e-05, 1.27312305267e-05, 1.50274327098e-05, 8.80614879861e-06, 6.11770065007e-06, 4.245242053e-06, 3.27172074321e-06, 2.52197992268e-06, 2.1105106498e-06, 2.08725668926e-06, 1.83771328466e-06, 1.31949946081e-06, 9.77766831056e-07, 8.75548096246e-07, 8.19863316792e-07, 5.91359594182e-07, 4.10107645621e-07, 3.90161176256e-07],
        "dvar": [6.69337168802e-05, 5.38359963684e-05, 7.17438069842e-06, 2.09449740396e-06, 1.81052499215e-07, 6.27148324384e-08, 3.36609460305e-08, 1.08655129338e-07, 2.99076106103e-07, 1.24846977201e-07, 2.75503797553e-08, 4.0839111648e-08, 1.49603884836e-08, 5.72744829341e-09, 6.87664947208e-09, 2.31412311535e-09, 4.61439197963e-09, 5.17045739556e-09, 2.34995911619e-09, 1.94793892128e-09, 5.55952783809e-10, 2.35157976425e-10, 5.56033552535e-10, 1.01527362906e-10, 2.08932468548e-10, 4.98205851573e-11, 3.55351893744e-11, 1.65559475851e-11, 1.59983536835e-11, 7.51106468688e-12, 5.16159988015e-12, 5.44329468652e-12, 6.33081694706e-12, 3.20477867334e-12, 2.30909779145e-12, 6.314417305e-12, 7.1369056498e-12, 1.13789674298e-12, 3.73340030765e-13, 1.91164873644e-13],
        "dvar2": [0.000156241629156, 0.000152998327394, 1.88776193681e-05, 5.27134670847e-06, 4.67429202899e-07, 1.76334907565e-07, 8.34749940282e-08, 2.51841072441e-07, 6.18695423782e-07, 2.33889409174e-07, 6.27664036301e-08, 8.33302777892e-08, 3.4583088393e-08, 1.31868054254e-08, 1.74131677966e-08, 5.86469539599e-09, 1.13631228871e-08, 1.43796974328e-08, 6.41888320274e-09, 5.56640422644e-09, 1.33299971061e-09, 6.14238826468e-10, 1.56823010133e-09, 2.67988575775e-10, 6.04432170981e-10, 1.30516417118e-10, 1.01370779826e-10, 4.35441613322e-11, 4.23657671444e-11, 1.90115059112e-11, 1.31148971891e-11, 1.41912185128e-11, 1.58783888815e-11, 6.46536513563e-12, 4.74744158915e-12, 1.92462816517e-11, 1.91446251213e-11, 2.61530055425e-12, 9.52060587485e-13, 4.09902634838e-13],
        "max": [0.0584922656417, 0.0567340180278, 0.0217771977186, 0.0138605777174, 0.00619409233332, 0.00365152698942, 0.00261192535982, 0.00696931313723, 0.010757423006, 0.00659769028425, 0.00351046584547, 0.00623837299645, 0.00201791361906, 0.00129146117251, 0.00199414766394, 0.000515163934324, 0.00103981094435, 0.00155668240041, 0.00113734474871, 0.000841952394694, 0.000423430232331, 0.000141770578921, 0.000289056595648, 0.000121022458188, 0.000208576893783, 7.9526907939e-05, 0.000107002757431, 5.15035026183e-05, 8.22609144961e-05, 4.05065038649e-05, 2.63977854047e-05, 2.51270721492e-05, 5.09749661433e-05, 4.57770620415e-05, 4.30495347246e-05, 6.78668511682e-05, 8.37284824229e-05, 3.08965027216e-05, 1.71760475496e-05, 8.80433708517e-06],
        "mean": [0.00420257356018, 0.00322161964141, 0.00164289725944, 0.00101025018375, 0.000675346003845, 0.00046543663484, 0.000315936427796, 0.000427303486504, 0.000401771772886, 0.000305400026264, 0.000132923581987, 0.000125388003653, 0.000155151472427, 8.00883644843e-05, 9.56696239882e-05, 7.6027092291e-05, 6.57985874568e-05, 4.73879845231e-05, 4.27759659942e-05, 4.33426794189e-05, 2.62908688455e-05, 2.3671254894e-05, 2.60433480435e-05, 1.44586974784e-05, 1.71584033524e-05, 1.1237740182e-05, 7.78416506364e-06, 5.15546662427e-06, 3.65626624443e-06, 2.94079472951e-06, 2.46606236942e-06, 2.40849703914e-06, 2.28169596994e-06, 1.86130023394e-06, 1.34648928451e-06, 1.01809621356e-06, 9.56131884777e-07, 7.4026462471e-07, 5.26613064267e-07, 4.68718241109e-07],
        "median": [0.00118765386287, 0.00183134735562, 0.000915400218219, 0.000578232749831, 0.000488441844936, 0.000329772534315, 0.000206897500902, 0.000253772450378, 0.000157592512551, 0.000112209978397, 7.18513038009e-05, 7.01881072018e-05, 0.00010040000052, 4.8912341299e-05, 6.71238667564e-05, 5.60370463063e-05, 4.09378371842e-05, 3.01291729556e-05, 2.95634781651e-05, 2.76023511105e-05, 1.80244351213e-05, 1.67200269061e-05, 1.69599206856e-05, 1.04395376184e-05, 1.14388731163e-05, 8.45457270771e-06, 5.42375710211e-06, 2.94180631499e-06, 1.8410642042e-06, 1.47106595705e-06, 1.22534243019e-06, 1.06270226752e-06, 1.00645570456e-06, 8.25072106636e-07, 5.91187188093e-07, 3.55937999075e-07, 3.71179538661e-07, 3.10672589876e-07, 2.51491059089e-07, 2.49029938004e-07],
        "min": [2.4239357117e-06, 5.51201264898e-06, 9.8203017842e-06, 2.12677423406e-05, 2.68170442723e-05, 1.03605016193e-05, 1.50187743202e-05, 7.707113582e-06, 1.12585121315e-06, 3.59992736776e-06, 3.35213985636e-06, 1.28026908897e-06, 3.01121218627e-07, 2.46004447035e-07, 2.55306872532e-07, 1.31286512328e-07, 7.42091046391e-08, 9.12083848448e-08, 6.61462919993e-08, 5.2288896768e-08, 1.30392464825e-07, 1.9651432126e-07, 2.00733722977e-08, 4.00411259704e-08, 2.87490813378e-08, 3.40606121085e-08, 4.74084416169e-08, 4.59626328109e-08, 4.33892637375e-08, 3.9154880227e-08, 1.86755162446e-08, 1.82237336332e-08, 9.6516901138e-09, 4.54569670794e-09, 2.327069204e-09, 1.71523550918e-09, 5.15842202287e-10, 1.09266380666e-10, 6.57504883872e-11, 1.09718805222e-11],
