{
"highlevel": {
    "danceability": {
        "all": {
            "danceable": 0.544882297516,
            "not_danceable": 0.455117672682
        },
        "probability": 0.544882297516,
        "value": "danceable"
    },
    "gender": {
        "all": {
            "female": 0.402280628681,
            "male": 0.597719371319
        },
        "probability": 0.597719371319,
        "value": "male"
    },
    "genre_dortmund": {
        "all": {
            "alternative": 0.11250089854,
            "blues": 0.0173910595477,
            "electronic": 0.0452365800738,
            "folkcountry": 0.0738675445318,
            "funksoulrnb": 0.00768532790244,
            "jazz": 0.0124278422445,
            "pop": 0.0619233362377,
            "raphiphop": 0.00155196001288,
            "rock": 0.667415440083
        },
        "probability": 0.667415440083,
        "value": "rock"
    },
    "genre_electronic": {
        "all": {
            "ambient": 0.385183811188,
            "dnb": 0.236398860812,
            "house": 0.0455526933074,
            "techno": 0.0257638376206,
            "trance": 0.30710080266
        },
        "probability": 0.385183811188,
        "value": "ambient"
    },
    "genre_rosamerica": {
        "all": {
            "cla": 0.00207989639603,
            "dan": 0.00300215231255,
            "hip": 0.000431347056292,
            "jaz": 0.000398403732106,
            "pop": 0.0156250875443,
            "rhy": 0.00295242387801,
            "roc": 0.975487947464,
            "spe": 2.27629025176e-05
        },
        "probability": 0.975487947464,
        "value": "roc"
    },
    "genre_tzanetakis": {
        "all": {
            "blu": 0.0626541376114,
            "cla": 0.0348133966327,
            "cou": 0.0783501937985,
            "dis": 0.104547761381,
            "hip": 0.15693578124,
            "jaz": 0.313987255096,
            "met": 0.044816005975,
            "pop": 0.0627349764109,
            "reg": 0.0627352520823,
            "roc": 0.0784252434969
        },
        "probability": 0.313987255096,
        "value": "jaz"
    },
    "ismir04_rhythm": {
        "all": {
            "ChaChaCha": 0.373900949955,
            "Jive": 0.278512448072,
            "Quickstep": 0.071154512465,
            "Rumba-American": 0.0163608975708,
            "Rumba-International": 0.0189343038946,
            "Rumba-Misc": 0.00674991076812,
            "Samba": 0.079299710691,
            "Tango": 0.0316657759249,
            "VienneseWaltz": 0.110094666481,
            "Waltz": 0.0133268339559
        },
        "probability": 0.373900949955,
        "value": "ChaChaCha"
    },
    "mood_acoustic": {
        "all": {
            "acoustic": 0.00598983000964,
            "not_acoustic": 0.994010150433
        },
        "probability": 0.994010150433,
        "value": "not_acoustic"
    },
    "mood_aggressive": {
        "all": {
            "aggressive": 0.856382250786,
            "not_aggressive": 0.143617749214
        },
        "probability": 0.856382250786,
        "value": "aggressive"
    },
    "mood_electronic": {
        "all": {
            "electronic": 0.0836745128036,
            "not_electronic": 0.916325509548
        },
        "probability": 0.916325509548,
        "value": "not_electronic"
    },
    "mood_happy": {
        "all": {
            "happy": 0.976874291897,
            "not_happy": 0.0231257230043
        },
        "probability": 0.976874291897,
        "value": "happy"
    },
    "mood_party": {
        "all": {
            "not_party": 0.374668836594,
            "party": 0.625331163406
        },
        "probability": 0.625331163406,
        "value": "party"
    },
    "mood_relaxed": {
        "all": {
            "not_relaxed": 0.985391497612,
            "relaxed": 0.0146085163578
        },
        "probability": 0.985391497612,
        "value": "not_relaxed"
    },
    "mood_sad": {
        "all": {
            "not_sad": 0.940347075462,
            "sad": 0.0596529096365
        },
        "probability": 0.940347075462,
        "value": "not_sad"
    },
    "moods_mirex": {
        "all": {
            "Cluster1": 0.364810109138,
            "Cluster2": 0.328323572874,
            "Cluster3": 0.0520347207785,
            "Cluster4": 0.171002075076,
            "Cluster5": 0.0838295221329
        },
        "probability": 0.364810109138,
        "value": "Cluster1"
    },
    "timbre": {
        "all": {
            "bright": 0.999995708466,
            "dark": 4.30102409155e-06
        },
        "probability": 0.999995708466,
        "value": "bright"
    },
    "tonal_atonal": {
        "all": {
            "atonal": 0.000634007737972,
            "tonal": 0.999365985394
        },
        "probability": 0.999365985394,
        "value": "tonal"
    },
    "voice_instrumental": {
        "all": {
            "instrumental": 0.00615381682292,
            "voice": 0.993846178055
        },
        "probability": 0.993846178055,
        "value": "voice"
    }
},
"lowlevel": {
    "average_loudness": 0.983652830124,
    "barkbands_crest": {
        "dmean": 3.19156241417,
        "dmean2": 5.18636083603,
        "dvar": 10.9207878113,
        "dvar2": 25.4270305634,
        "max": 23.5599975586,
        "mean": 8.37343406677,
        "median": 7.14395236969,
        "min": 2.7784318924,
        "var": 17.4434909821
    },
    "barkbands_flatness_db": {
        "dmean": 0.0194560494274,
        "dmean2": 0.0313393957913,
        "dvar": 0.000348559231497,
        "dvar2": 0.000851238844916,
        "max": 0.252484709024,
        "mean": 0.107363469899,
        "median": 0.103032633662,
        "min": 0.0541156455874,
        "var": 0.000747596553992
    },
    "barkbands_kurtosis": {
        "dmean": 1.6028226614,
        "dmean2": 2.67735815048,
        "dvar": 10.6113204956,
        "dvar2": 27.5976753235,
        "max": 54.4716072083,
        "mean": 0.767704725266,
        "median": 0.0434937477112,
        "min": -1.78662860394,
        "var": 8.92496967316
    },
    "barkbands_skewness": {
        "dmean": 0.545683801174,
        "dmean2": 0.812337815762,
        "dvar": 0.387110739946,
        "dvar2": 0.833383738995,
        "max": 6.86422252655,
        "mean": 0.732489585876,
        "median": 0.629455387592,
        "min": -1.10393834114,
        "var": 0.659448683262
    },
    "barkbands_spread": {
        "dmean": 6.89942073822,
        "dmean2": 10.5911483765,
        "dvar": 52.1683540344,
        "dvar2": 105.167411804,
        "max": 105.048568726,
        "mean": 29.9643058777,
        "median": 27.8584213257,
        "min": 4.95080375671,
        "var": 157.261505127
    },
    "dissonance": {
        "dmean": 0.0186491739005,
        "dmean2": 0.031101135537,
        "dvar": 0.00030591970426,
        "dvar2": 0.000823844573461,
        "max": 0.499867975712,
        "mean": 0.46894556284,
        "median": 0.474540114403,
        "min": 0.354769408703,
        "var": 0.000517176405992
    },
    "dynamic_complexity": 1.72920250893,
    "erbbands_crest": {
        "dmean": 2.92758655548,
        "dmean2": 4.75804424286,
        "dvar": 7.5096154213,
        "dvar2": 18.1885604858,
        "max": 27.8849925995,
        "mean": 9.26257705688,
        "median": 8.40758419037,
        "min": 2.45039439201,
        "var": 16.4585552216
    },
    "erbbands_flatness_db": {
        "dmean": 0.0208779741079,
        "dmean2": 0.0310159027576,
        "dvar": 0.000352889677742,
        "dvar2": 0.000737044436391,
        "max": 0.243175640702,
        "mean": 0.136694476008,
        "median": 0.136403262615,
        "min": 0.0601786747575,
        "var": 0.00106890604366
    },
    "erbbands_kurtosis": {
        "dmean": 0.995413839817,
        "dmean2": 1.51660859585,
        "dvar": 1.13058876991,
        "dvar2": 2.66633296013,
        "max": 13.463848114,
        "mean": 1.14675867558,
        "median": 0.681041717529,
        "min": -1.37689983845,
        "var": 2.83507680893
    },
    "erbbands_skewness": {
        "dmean": 0.353768378496,
        "dmean2": 0.542564272881,
        "dvar": 0.098515830934,
        "dvar2": 0.215768098831,
        "max": 2.30023360252,
        "mean": 0.232140719891,
        "median": 0.207171797752,
        "min": -1.54733932018,
        "var": 0.330689311028
    },
    "erbbands_spread": {
        "dmean": 7.49456071854,
        "dmean2": 11.1050548553,
        "dvar": 52.4048156738,
        "dvar2": 120.072158813,
        "max": 85.8860702515,
        "mean": 28.9521560669,
        "median": 27.3608932495,
        "min": 6.10436296463,
        "var": 159.183929443
    },
    "hfc": {
        "dmean": 10.7335147858,
        "dmean2": 15.7750244141,
        "dvar": 98.6715087891,
        "dvar2": 202.439437866,
        "max": 95.7837524414,
        "mean": 35.6130867004,
        "median": 33.6970367432,
        "min": 2.48369765282,
        "var": 306.832763672
    },
    "melbands_crest": {
        "dmean": 3.93544483185,
        "dmean2": 6.24096679688,
        "dvar": 15.642572403,
        "dvar2": 33.4639625549,
        "max": 31.0182323456,
        "mean": 11.5135936737,
        "median": 10.0921001434,
        "min": 3.90756082535,
        "var": 28.1454772949
    },
    "melbands_flatness_db": {
        "dmean": 0.0265220552683,
        "dmean2": 0.0412390977144,
        "dvar": 0.000761117378715,
        "dvar2": 0.00160895462614,
        "max": 0.347446024418,
        "mean": 0.149533614516,
        "median": 0.141078606248,
        "min": 0.0303974188864,
        "var": 0.00170720589813
    },
    "melbands_kurtosis": {
        "dmean": 4.63432073593,
        "dmean2": 7.5441942215,
        "dvar": 108.315933228,
        "dvar2": 274.473846436,
        "max": 168.538375854,
        "mean": 4.59955406189,
        "median": 1.94466543198,
        "min": -1.3761485815,
        "var": 94.3201522827
    },
    "melbands_skewness": {
        "dmean": 0.794550776482,
        "dmean2": 1.18355381489,
        "dvar": 0.933782160282,
        "dvar2": 2.00425124168,
        "max": 10.5428876877,
        "mean": 1.56947767735,
        "median": 1.34231245518,
        "min": -0.790260910988,
        "var": 1.64457774162
    },
    "melbands_spread": {
        "dmean": 9.12280845642,
        "dmean2": 13.993229866,
        "dvar": 92.1279602051,
        "dvar2": 179.781707764,
        "max": 146.338394165,
        "mean": 35.3955764771,
        "median": 33.9925003052,
        "min": 2.37024068832,
        "var": 224.832000732
    },
    "pitch_salience": {
        "dmean": 0.0800088569522,
        "dmean2": 0.127123594284,
        "dvar": 0.00560826947913,
        "dvar2": 0.0135678602383,
        "max": 0.799082934856,
        "mean": 0.543174445629,
        "median": 0.554881811142,
        "min": 0.169710785151,
        "var": 0.0100676622242
    },
    "silence_rate_20dB": {
        "dmean": 0,
        "dmean2": 0,
        "dvar": 0,
        "dvar2": 0,
        "max": 1,
        "mean": 1,
        "median": 1,
        "min": 1,
        "var": 0
    },
    "silence_rate_30dB": {
        "dmean": 0,
        "dmean2": 0,
        "dvar": 0,
        "dvar2": 0,
        "max": 1,
        "mean": 1,
        "median": 1,
        "min": 1,
        "var": 0
    },
    "silence_rate_60dB": {
        "dmean": 0,
        "dmean2": 0,
        "dvar": 0,
        "dvar2": 0,
        "max": 0,
        "mean": 0,
        "median": 0,
        "min": 0,
        "var": 0
    },
    "spectral_centroid": {
        "dmean": 217.808486938,
        "dmean2": 337.253570557,
        "dvar": 39295.0273438,
        "dvar2": 80945.6875,
        "max": 3379.30566406,
        "mean": 1626.72058105,
        "median": 1582.12609863,
        "min": 647.34777832,
        "var": 138372.09375
    },
    "spectral_complexity": {
        "dmean": 3.93498444557,
        "dmean2": 6.09682416916,
        "dvar": 12.5390968323,
        "dvar2": 28.9255943298,
        "max": 50,
        "mean": 26.429233551,
        "median": 26,
        "min": 7,
        "var": 40.8141708374
    },
    "spectral_decrease": {
        "dmean": 3.7867731173e-09,
        "dmean2": 5.78230219261e-09,
        "dvar": 2.10307163496e-17,
        "dvar2": 4.60859873253e-17,
        "max": -1.36156597108e-09,
        "mean": -8.8067633186e-09,
        "median": -7.45099981714e-09,
        "min": -3.15324335531e-08,
        "var": 3.13757646537e-17
    },
    "spectral_energy": {
        "dmean": 0.0149755077437,
        "dmean2": 0.0227853190154,
        "dvar": 0.000308266317006,
        "dvar2": 0.000674240058288,
        "max": 0.122778937221,
        "mean": 0.0364689677954,
        "median": 0.0314654186368,
        "min": 0.00565767847002,
        "var": 0.000480025832076
    },
    "spectral_energyband_high": {
        "dmean": 0.000558441795874,
        "dmean2": 0.000864829984494,
        "dvar": 5.95344545218e-07,
        "dvar2": 1.1027476603e-06,
        "max": 0.0109118726104,
        "mean": 0.00125541456509,
        "median": 0.000975137518253,
        "min": 3.47624954884e-05,
        "var": 1.46671641232e-06
    },
    "spectral_energyband_low": {
        "dmean": 0.00992905627936,
        "dmean2": 0.0159976296127,
        "dvar": 0.000315529614454,
        "dvar2": 0.000697217066772,
        "max": 0.104275628924,
        "mean": 0.0124770365655,
        "median": 0.00621674116701,
        "min": 0.000636019627564,
        "var": 0.000325006607454
    },
    "spectral_energyband_middle_high": {
        "dmean": 0.00509551912546,
        "dmean2": 0.00738923344761,
        "dvar": 3.05309149553e-05,
        "dvar2": 5.97736980126e-05,
        "max": 0.0504453554749,
        "mean": 0.0136094931513,
        "median": 0.0101873893291,
        "min": 0.000699898402672,
        "var": 9.5842013252e-05
    },
    "spectral_energyband_middle_low": {
        "dmean": 0.00450383126736,
        "dmean2": 0.00717728724703,
        "dvar": 3.26147383021e-05,
        "dvar2": 7.72537459852e-05,
        "max": 0.0556558556855,
        "mean": 0.0101516572759,
        "median": 0.00805478077382,
        "min": 0.000645764986984,
        "var": 5.8016681578e-05
    },
    "spectral_entropy": {
        "dmean": 0.128806129098,
        "dmean2": 0.192843779922,
        "dvar": 0.013861049898,
        "dvar2": 0.0294077396393,
        "max": 8.5708732605,
        "mean": 7.79369401932,
        "median": 7.7967247963,
        "min": 6.75044298172,
        "var": 0.0520668588579
    },
    "spectral_flux": {
        "dmean": 0.0346698835492,
        "dmean2": 0.0550429560244,
        "dvar": 0.00122062244918,
        "dvar2": 0.00289711449295,
        "max": 0.287232011557,
        "mean": 0.114054977894,
        "median": 0.104516789317,
        "min": 0.0248141400516,
        "var": 0.00222843582742
    },
    "spectral_kurtosis": {
        "dmean": 1.15878427029,
        "dmean2": 1.86928582191,
        "dvar": 1.15244567394,
        "dvar2": 2.92713308334,
        "max": 12.1518611908,
        "mean": 4.50263929367,
        "median": 4.33480405807,
        "min": -0.588809728622,
        "var": 3.15027856827
    },
    "spectral_rms": {
        "dmean": 0.00117215653881,
        "dmean2": 0.00174241873901,
        "dvar": 1.47209391343e-06,
        "dvar2": 3.06477295453e-06,
        "max": 0.010944603011,
        "mean": 0.00571983586997,
        "median": 0.00554057490081,
        "min": 0.00234940135852,
        "var": 2.86296608465e-06
    },
    "spectral_rolloff": {
        "dmean": 541.713684082,
        "dmean2": 881.661193848,
        "dvar": 1042027.6875,
        "dvar2": 1908612.5,
        "max": 12919.921875,
        "mean": 1935.75695801,
        "median": 1787.25585938,
        "min": 86.1328125,
        "var": 1827841.375
    },
    "spectral_skewness": {
        "dmean": 0.172581404448,
        "dmean2": 0.274269014597,
        "dvar": 0.0248613096774,
        "dvar2": 0.0587646402419,
        "max": 2.74733805656,
        "mean": 1.68249893188,
        "median": 1.67984986305,
        "min": 0.484828531742,
        "var": 0.0873197391629
    },
    "spectral_spread": {
        "dmean": 611092.0625,
        "dmean2": 876761.4375,
        "dvar": 399706456064,
        "dvar2": 732064317440,
        "max": 14142452,
        "mean": 4909081.5,
        "median": 4766449.5,
        "min": 2468811.5,
        "var": 1.3242817577e+12
    },
    "spectral_strongpeak": {
        "dmean": 1.02769529819,
        "dmean2": 1.72366726398,
        "dvar": 1.5493901968,
        "dvar2": 3.43829727173,
        "max": 9.10676002502,
        "mean": 1.47254776955,
        "median": 0.538248062134,
        "min": 0.0449285432696,
        "var": 2.73862433434
    },
    "zerocrossingrate": {
        "dmean": 0.0131015833467,
        "dmean2": 0.0149260507897,
        "dvar": 0.000216464410187,
        "dvar2": 0.000263826630544,
        "max": 0.25244140625,
        "mean": 0.0788270235062,
        "median": 0.0732421875,
        "min": 0.02197265625,
        "var": 0.000972848851234
    },
    "barkbands": {
        "dmean": [0.000311035168124, 0.00889745168388, 0.00151969015133, 0.000847695046104, 0.00175284105353, 0.00105988886207, 0.000566960836295, 0.000450966064818, 0.00171259406488, 0.00224537868053, 0.00161921279505, 0.000830534263514, 0.00107912963722, 0.00057387817651, 0.00092460680753, 0.000678665470332, 0.000454308901681, 0.000202856841497, 0.000258063577348, 0.000141956057632, 0.000110206623503, 0.000115738264867, 0.00011304414511, 0.000121746612422, 8.19077758933e-05, 0.000102715101093, 2.00682084284e-08],
        "dmean2": [0.000516069354489, 0.0144434515387, 0.00263817165978, 0.00147234986071, 0.00298925489187, 0.00173741625622, 0.000877325888723, 0.000659386336338, 0.00263548945077, 0.0035903470125, 0.00242713978514, 0.00127124926075, 0.00164991582278, 0.000895080040209, 0.00146763562225, 0.00110090314411, 0.00074821774615, 0.000330475100782, 0.000411073851865, 0.000231685306062, 0.000181154813617, 0.000193458472495, 0.000181711016921, 0.000183236203156, 0.000123745616293, 0.000157987917191, 3.41701245077e-08],
        "dvar": [3.90980858356e-07, 0.000288306619041, 4.36267373516e-06, 1.47780451698e-06, 9.88304236671e-06, 3.11004828291e-06, 8.6925240339e-07, 6.60558271193e-07, 7.76302749728e-06, 1.33723060571e-05, 9.39698384173e-06, 3.73603870685e-06, 2.9238017305e-06, 1.29139232286e-06, 1.69130589711e-06, 7.29895191398e-07, 4.8049906809e-07, 1.27645137127e-07, 8.49853236673e-08, 3.61991716602e-08, 1.87667303919e-08, 2.92276549629e-08, 3.15331121215e-08, 7.65167200711e-08, 2.65908326469e-08, 2.35802772863e-08, 1.45541707213e-14],
        "dvar2": [1.01642933714e-06, 0.00065833912231, 1.19520236694e-05, 3.96499854105e-06, 2.61604800471e-05, 7.79282072472e-06, 1.81784855613e-06, 1.42752162446e-06, 1.64684952324e-05, 3.20534782077e-05, 2.01624516194e-05, 8.1838315964e-06, 5.85051930102e-06, 2.8115830446e-06, 4.18387844547e-06, 1.79089079211e-06, 1.30033868118e-06, 3.10241546231e-07, 2.09644298366e-07, 8.77826735746e-08, 4.65840130914e-08, 7.6557817863e-08, 5.57171482285e-08, 1.36311058441e-07, 5.55600188079e-08, 3.92054246845e-08, 1.89205984593e-14],
        "max": [0.00422408105806, 0.0956017673016, 0.0205585118383, 0.0219151172787, 0.0260337367654, 0.0156455691904, 0.0227804463357, 0.011502799578, 0.0306109599769, 0.0307507142425, 0.0347362942994, 0.026188954711, 0.0192608200014, 0.0214645601809, 0.0141844600439, 0.0110103916377, 0.00779849011451, 0.00685473624617, 0.00393462972715, 0.00203272141516, 0.00143124314491, 0.00179799564648, 0.00339044816792, 0.00526405218989, 0.00267119961791, 0.00296560768038, 3.97559460907e-06],
        "mean": [0.000271799304755, 0.00942389573902, 0.00208074273542, 0.00114951573778, 0.00230090902187, 0.00154921622016, 0.000931680609938, 0.00073564844206, 0.00278609548695, 0.00300881359726, 0.00253951735795, 0.00115906086285, 0.00178419228178, 0.000926920911297, 0.00152235443238, 0.00131054641679, 0.000775454682298, 0.000326743873302, 0.0005039688549, 0.000252828875091, 0.000204765965464, 0.000196020366275, 0.000184134842129, 0.000218626912101, 0.000164351804415, 0.000161178148119, 1.43751552883e-08],
        "median": [6.45170657663e-05, 0.00358044216409, 0.00137094128877, 0.000788673292845, 0.00149857322685, 0.000811915902887, 0.000414447771618, 0.000337342062267, 0.000864217639901, 0.00114624714479, 0.000788129284047, 0.000399352633394, 0.000814096885733, 0.000450662279036, 0.000928854977246, 0.0010101540247, 0.000522809219547, 0.000186022589332, 0.000380563898943, 0.000187340279808, 0.000154711538926, 0.000131452979986, 0.000121185476019, 0.000141443466418, 0.00010095613834, 0.000111669905891, 1.01838593114e-09],
        "min": [4.82121933487e-08, 0.000110989196401, 5.52342680749e-05, 6.22585230303e-06, 8.49072748679e-05, 2.00913000299e-05, 2.88755973088e-06, 1.00205056697e-06, 1.0517791452e-05, 2.90212319669e-05, 1.53445107571e-05, 7.02292209098e-06, 7.87402223068e-06, 2.15938121073e-06, 2.51993587881e-05, 7.87118187873e-06, 3.23884341924e-05, 4.57957276012e-06, 1.05384942799e-05, 4.48325181424e-06, 4.83573194288e-06, 5.69061103306e-06, 6.54069663142e-06, 3.14800240631e-06, 8.54926383909e-07, 4.56241977531e-08, 8.61659008033e-12],
        "var": [3.37898342195e-07, 0.000279710919131, 4.79926120533e-06, 1.65586470757e-06, 8.44412170409e-06, 4.01296483687e-06, 2.09337440538e-06, 1.25114968341e-06, 1.76674020622e-05, 2.01358416234e-05, 1.6704776499e-05, 6.17538808001e-06, 6.67401809551e-06, 3.01078080156e-06, 2.88912497126e-06, 1.27363682623e-06, 6.89432908985e-07, 2.18658584572e-07, 1.94476470483e-07, 5.20472198673e-08, 2.99844664653e-08, 4.01419484319e-08, 8.54038688658e-08, 1.55544782388e-07, 5.07639832392e-08, 5.26877528273e-08, 1.36926475814e-14]
    },
    "erbbands": {
        "dmean": [0.314337134361, 1.85978257656, 1.90220654011, 2.47379899025, 4.36581802368, 6.35620594025, 8.09540367126, 8.97996807098, 7.99926996231, 8.39354896545, 10.4256696701, 44.7979049683, 41.3973350525, 82.5953979492, 61.1141204834, 34.2151107788, 48.6965789795, 31.730840683, 46.9220123291, 32.8683509827, 32.7770767212, 17.4449691772, 11.8418464661, 12.8140192032, 11.671749115, 6.59675312042, 5.12183475494, 3.8946120739, 4.05783176422, 4.05223226547, 3.0717318058, 1.98759007454, 2.53542351723, 1.14283192158, 0.542908728123, 0.281846523285, 0.268350332975, 0.0334815867245, 0.000539936474524, 3.30599214067e-05],
        "dmean2": [0.507197260857, 3.00644302368, 3.31302690506, 4.28453731537, 7.48800897598, 11.1560049057, 13.8058795929, 14.4678239822, 12.0930690765, 13.0458459854, 15.8667411804, 66.8784103394, 65.2213134766, 131.538604736, 88.0648574829, 51.0933570862, 73.9387435913, 48.83335495, 75.3438796997, 51.3030052185, 53.6383628845, 28.1016082764, 19.242433548, 20.5569992065, 19.0910491943, 10.6296539307, 8.27987098694, 6.5140914917, 6.86045503616, 6.57395648956, 4.83417367935, 3.05973434448, 3.83417510986, 1.72501575947, 0.835567712784, 0.419131100178, 0.418228834867, 0.054162684828, 0.00086521031335, 5.05620300828e-05],
        "dvar": [0.371626734734, 12.4254970551, 8.18438625336, 12.96210289, 57.9438247681, 139.181762695, 147.596755981, 235.863754272, 227.394256592, 213.243301392, 414.502410889, 5360.83837891, 6751.19580078, 18500.2070312, 13838.375, 6096.98486328, 5983.23925781, 3489.25878906, 4670.96679688, 1971.27770996, 1765.23571777, 579.707824707, 460.266448975, 294.600585938, 201.669937134, 81.6954421997, 39.6747016907, 31.4585571289, 44.4219970703, 29.9625148773, 28.800327301, 37.2316551208, 19.4546966553, 4.73626899719, 1.61195111275, 0.510936319828, 0.117364227772, 0.00133266777266, 3.56627538167e-07, 1.1241743092e-09],
        "dvar2": [0.857683062553, 30.0913047791, 22.5091648102, 34.1341209412, 147.882080078, 384.332550049, 397.81817627, 580.118408203, 425.117889404, 509.968353271, 916.05065918, 10918.40625, 16121.7392578, 44439.6757812, 26587.8457031, 12914.4697266, 11993.4501953, 7110.98535156, 11957.4277344, 4535.09082031, 4313.65869141, 1482.72668457, 1113.99475098, 719.225646973, 507.565155029, 203.269393921, 93.1066513062, 81.1098861694, 120.125205994, 67.298789978, 50.9114189148, 68.4874191284, 34.7634086609, 8.55167198181, 3.77862215042, 0.980056226254, 0.210919067264, 0.0030070960056, 7.69621522068e-07, 2.43682052314e-09],
        "max": [3.19148874283, 21.5510215759, 18.8940963745, 59.6233482361, 61.4274749756, 103.650611877, 131.857925415, 150.31539917, 444.021453857, 238.28717041, 309.332519531, 919.229980469, 906.720336914, 1299.54382324, 1569.58361816, 1041.26379395, 864.422729492, 1187.484375, 908.968383789, 563.782775879, 697.975769043, 336.016693115, 431.904510498, 288.00012207, 169.210632324, 103.897315979, 61.0525169373, 56.6255645752, 97.6216583252, 75.4280700684, 104.130493164, 106.895355225, 76.6326370239, 40.6288299561, 26.1469860077, 13.4324426651, 6.65654993057, 0.473386108875, 0.00843791849911, 0.00038841489004],
        "mean": [0.299967080355, 1.98284864426, 2.51456546783, 3.75370192528, 5.36085796356, 7.79023933411, 10.7606363297, 13.194314003, 13.6350431442, 14.7813968658, 17.6075439453, 75.4248886108, 61.8802947998, 115.723327637, 103.494003296, 55.9514503479, 83.5565338135, 57.258895874, 76.6302719116, 69.1092758179, 67.5509338379, 34.7935752869, 20.6611099243, 24.2883625031, 21.8166980743, 12.1605319977, 9.71737670898, 7.03634262085, 6.41363668442, 7.23614692688, 4.96674633026, 3.33513665199, 4.38609647751, 2.20098924637, 0.997441887856, 0.489179491997, 0.378425508738, 0.0414745882154, 0.000718382187188, 7.43071796023e-05],
        "median": [0.0839404985309, 0.838353931904, 1.61052715778, 2.78076601028, 3.12376642227, 4.87543439865, 6.82495069504, 5.95853996277, 6.2388625145, 7.65276670456, 9.50151824951, 23.5411148071, 24.8516216278, 49.5878982544, 31.9911136627, 22.4933605194, 38.7975959778, 33.4584541321, 51.5914955139, 49.3625259399, 52.5382270813, 25.2355651855, 13.1788644791, 16.030424118, 15.9093341827, 9.18172931671, 7.10601758957, 5.40777206421, 4.33088445663, 5.20086479187, 3.02853393555, 1.53074407578, 3.13846254349, 1.45599102974, 0.57170778513, 0.220392897725, 0.269961625338, 0.0299173891544, 0.00053071702132, 6.68345455779e-05],
        "min": [0.00268792454153, 0.0227435715497, 0.0927340686321, 0.075087569654, 0.0818741992116, 0.276621639729, 0.389835178852, 0.195435941219, 0.101371511817, 0.176146924496, 0.285068750381, 0.466754406691, 0.699320793152, 0.99815171957, 0.836958229542, 0.371035933495, 0.566658616066, 0.661957681179, 2.78794956207, 1.20046496391, 0.917124509811, 2.08455657959, 0.61157399416, 0.51769310236, 0.5672544837, 0.543371200562, 0.245040684938, 0.24358715117, 0.189006954432, 0.185686305165, 0.186756104231, 0.0601741671562, 0.0593098886311, 0.0235615391284, 0.00314576853998, 0.000253751204582, 0.000124484344269, 7.33422120902e-06, 4.3164905037e-06, 7.30982719688e-06],
        "var": [0.358491629362, 11.3459625244, 7.26492118835, 15.8538446426, 52.3426322937, 105.370399475, 155.547912598, 347.523681641, 574.641357422, 407.250427246, 657.200134277, 13352.8056641, 9673.99511719, 27682.125, 28516.6152344, 11963.1953125, 13928.4345703, 8445.46386719, 6692.44384766, 4440.93945312, 2978.1394043, 1099.63317871, 766.627624512, 626.918029785, 386.466522217, 114.684127808, 69.5947265625, 39.9152565002, 48.5492744446, 63.4469184875, 74.0515975952, 71.5332336426, 40.8272132874, 10.805973053, 2.24074482918, 0.893599808216, 0.248295024037, 0.00214972137474, 6.26168230156e-07, 2.02394567772e-09]
    },
    "gfcc": {
        "mean": [63.4577789307, 67.6076431274, -117.458816528, 22.3606987, -43.1948127747, 29.3380966187, -36.9105072021, 16.5812206268, -26.7579212189, 6.76854801178, -23.5204906464, 6.53061771393, -9.44807434082],
        "cov": [[903.026428223, -189.939926147, 42.5582084656, -140.853302002, -110.09362793, -38.6198692322, 41.336856842, 31.9738845825, -68.1739044189, 19.8732013702, -17.547164917, 17.9265575409, -52.6839981079], [-189.939926147, 360.003692627, -104.196907043, -44.0794067383, 28.9992198944, -32.7501487732, 51.1164550781, -21.2604026794, 21.0566234589, 4.22877693176, 58.6392211914, -11.8610582352, 29.8639793396], [42.5582084656, -104.196907043, 309.290527344, 77.0065155029, 22.3373832703, -2.44552826881, -42.0201568604, 4.62964630127, 39.1758728027, 33.908290863, -3.08172082901, 24.1807746887, -30.5761966705], [-140.853302002, -44.0794067383, 77.0065155029, 271.428009033, 44.7772636414, 12.2859325409, -28.116147995, -12.3715219498, 52.812084198, -28.2746524811, -8.84681892395, -16.9551296234, 20.3099689484], [-110.09362793, 28.9992198944, 22.3373832703, 44.7772636414, 164.306472778, 54.645904541, 26.476644516, 7.0383014679, 9.53701591492, 4.41905021667, 4.84874534607, 13.2639904022, 10.3648042679], [-38.6198692322, -32.7501487732, -2.44552826881, 12.2859325409, 54.645904541, 138.158432007, 61.1105422974, 4.84152507782, -0.0188185162842, -22.5836658478, 0.097360253334, -2.98684716225, 9.88733959198], [41.336856842, 51.1164550781, -42.0201568604, -28.116147995, 26.476644516, 61.1105422974, 122.112289429, 37.8737792969, -4.21032238007, -22.6041278839, 0.60480594635, -4.41575622559, 9.44895362854], [31.9738845825, -21.2604026794, 4.62964630127, -12.3715219498, 7.0383014679, 4.84152507782, 37.8737792969, 94.2436676025, 18.8026714325, 9.157122612, -4.96822786331, -3.08168935776, 8.72687530518], [-68.1739044189, 21.0566234589, 39.1758728027, 52.812084198, 9.53701591492, -0.0188185162842, -4.21032238007, 18.8026714325, 86.0500869751, 25.2441368103, 2.26951813698, -9.92453289032, -1.62766909599], [19.8732013702, 4.22877693176, 33.908290863, -28.2746524811, 4.41905021667, -22.5836658478, -22.6041278839, 9.157122612, 25.2441368103, 87.1720428467, 40.0146522522, 5.9029135704, -19.7401447296], [-17.547164917, 58.6392211914, -3.08172082901, -8.84681892395, 4.84874534607, 0.097360253334, 0.60480594635, -4.96822786331, 2.26951813698, 40.0146522522, 94.0937652588, 23.9635982513, -5.12720823288], [17.9265575409, -11.8610582352, 24.1807746887, -16.9551296234, 13.2639904022, -2.98684716225, -4.41575622559, -3.08168935776, -9.92453289032, 5.9029135704, 23.9635982513, 54.3807144165, 13.6739473343], [-52.6839981079, 29.8639793396, -30.5761966705, 20.3099689484, 10.3648042679, 9.88733959198, 9.44895362854, 8.72687530518, -1.62766909599, -19.7401447296, -5.12720823288, 13.6739473343, 64.4811859131]],
        "icov": [[0.00179634185042, 0.00127105170395, -0.000309863564325, 0.000614422431681, 0.000709762214683, 0.00127108581364, -0.00209439755417, 0.000345678970916, 0.000768636818975, -0.000486608158099, -0.000195337735931, -4.94695814268e-05, 0.000355075666448], [0.00127105170395, 0.00770397251472, 0.000149529936607, 0.00320312078111, -0.00258210371248, 0.00632454594597, -0.00595259061083, 0.00480369664729, -0.00398410204798, 0.00276742596179, -0.00674973288551, 0.00613637035713, -0.00489145703614], [-0.000309863564325, 0.000149529936607, 0.00494621088728, -0.00178023590706, -8.76691774465e-05, -0.000907692709006, 0.00125811609905, -0.000713565386832, -0.00116487545893, -0.00178030959796, 0.00182552949991, -0.00419192202389, 0.00310889887623], [0.000614422431681, 0.00320312078111, -0.00178023590706, 0.00769362598658, -0.00293927406892, 0.00297319982201, -0.0006035619881, 0.00281393551268, -0.0054306294769, 0.00580365071073, -0.00516498507932, 0.00650782324374, -0.00467590149492], [0.000709762214683, -0.00258210371248, -8.76691774465e-05, -0.00293927406892, 0.00970555189997, -0.00494351238012, -2.47459115599e-06, -0.00203139730729, 0.00293901446275, -0.00437888735905, 0.00429599592462, -0.00593019882217, 0.00246604834683], [0.00127108581364, 0.00632454594597, -0.000907692709006, 0.00297319982201, -0.00494351238012, 0.0163136553019, -0.0101771419868, 0.00566036626697, -0.00356513960287, 0.00448377151042, -0.00671589840204, 0.00695802597329, -0.00496600288898], [-0.00209439755417, -0.00595259061083, 0.00125811609905, -0.0006035619881, -2.47459115599e-06, -0.0101771419868, 0.0198318473995, -0.00907787680626, 0.0013249211479, 0.00309427944012, 0.00225566397421, -0.00277725537308, 0.00346480426379], [0.000345678970916, 0.00480369664729, -0.000713565386832, 0.00281393551268, -0.00203139730729, 0.00566036626697, -0.00907787680626, 0.0172594562173, -0.00558834383264, -0.00055262632668, -0.00288869114593, 0.00508082890883, -0.00633147824556], [0.000768636818975, -0.00398410204798, -0.00116487545893, -0.0054306294769, 0.00293901446275, -0.00356513960287, 0.0013249211479, -0.00558834383264, 0.0204029139131, -0.0091765942052, 0.00567810796201, -0.00191363366321, 0.00283079803921], [-0.000486608158099, 0.00276742596179, -0.00178030959796, 0.00580365071073, -0.00437888735905, 0.00448377151042, 0.00309427944012, -0.00055262632668, -0.0091765942052, 0.0244789347053, -0.0129142934456, 0.00620673783123, 0.000205412419746], [-0.000195337735931, -0.00674973288551, 0.00182552949991, -0.00516498507932, 0.00429599592462, -0.00671589840204, 0.00225566397421, -0.00288869114593, 0.00567810796201, -0.0129142934456, 0.0235375612974, -0.0149437235668, 0.00708897737786], [-4.94695814268e-05, 0.00613637035713, -0.00419192202389, 0.00650782324374, -0.00593019882217, 0.00695802597329, -0.00277725537308, 0.00508082890883, -0.00191363366321, 0.00620673783123, -0.0149437235668, 0.034607488662, -0.013989684172], [0.000355075666448, -0.00489145703614, 0.00310889887623, -0.00467590149492, 0.00246604834683, -0.00496600288898, 0.00346480426379, -0.00633147824556, 0.00283079803921, 0.000205412419746, 0.00708897737786, -0.013989684172, 0.0253898855299]]
    },
    "melbands": {
        "dmean": [0.00265098107047, 0.00143047829624, 0.00043392466614, 0.000425452977652, 0.00026607705513, 0.000195251064724, 0.000121366829262, 9.33038973017e-05, 9.91402484942e-05, 0.000294637604384, 0.000209679157706, 0.00034542666981, 0.00020720512839, 0.000115578135592, 9.25914719119e-05, 0.000103099453554, 6.26280525466e-05, 7.21598044038e-05, 5.75381454837e-05, 5.5533797422e-05, 3.91154317185e-05, 2.2642674594e-05, 1.52122283907e-05, 9.96686958388e-06, 1.12838433779e-05, 1.09508273454e-05, 5.85553425481e-06, 4.49408207714e-06, 3.70603265765e-06, 2.80063682112e-06, 2.3682362098e-06, 2.52605764217e-06, 2.33141372519e-06, 2.4363769171e-06, 2.22266430683e-06, 1.22097901567e-06, 1.26841587189e-06, 2.04708339879e-06, 1.30510443341e-06, 9.79218953034e-07],
        "dmean2": [0.00429066130891, 0.00234297732823, 0.00074637925718, 0.000737902126275, 0.000456912297523, 0.000314162200084, 0.000183820884558, 0.000142153381603, 0.000153701374074, 0.000440090836491, 0.00033346269629, 0.000553484424017, 0.000307128386339, 0.000174224449438, 0.000140378440847, 0.000157195390784, 9.70954570221e-05, 0.000117153576866, 9.01382445591e-05, 8.83191023604e-05, 6.54578252579e-05, 3.71157148038e-05, 2.49865697697e-05, 1.63793156389e-05, 1.82909516298e-05, 1.80678125616e-05, 9.53986273089e-06, 7.24864457879e-06, 6.02490990786e-06, 4.58896192868e-06, 4.02013938583e-06, 4.32290653407e-06, 3.8556850086e-06, 3.9586470848e-06, 3.55091765414e-06, 1.9223577965e-06, 1.95663710656e-06, 3.13911255034e-06, 1.97526060219e-06, 1.5423726154e-06],
        "dvar": [2.60192700807e-05, 5.82659276915e-06, 3.27712342596e-07, 6.8560842692e-07, 1.45317372358e-07, 1.10085416338e-07, 4.37287539512e-08, 2.68729447583e-08, 4.21246184601e-08, 2.30590927686e-07, 1.72646750229e-07, 3.33367268013e-07, 1.59218615181e-07, 5.99402483203e-08, 2.6924002583e-08, 2.91479338443e-08, 1.74619856352e-08, 1.16918270621e-08, 8.97124330379e-09, 4.88053908398e-09, 2.83836532056e-09, 1.00617736365e-09, 8.16189504871e-10, 3.62794377873e-10, 2.51530074546e-10, 1.95531257852e-10, 5.69922754823e-11, 3.9105833155e-11, 2.38287601456e-11, 1.49125468918e-11, 1.35641792937e-11, 2.22454173138e-11, 1.04256854885e-11, 1.05422814575e-11, 1.13056872891e-11, 1.24142224278e-11, 1.69445776854e-11, 1.2720860823e-11, 6.25931641587e-12, 3.13139921979e-12],
        "dvar2": [5.91492826061e-05, 1.48720109792e-05, 8.66710365699e-07, 1.84607324627e-06, 3.92413284089e-07, 2.67521926389e-07, 8.67597336196e-08, 6.21546547563e-08, 9.74080833771e-08, 4.68206280857e-07, 4.15108871721e-07, 8.00044574589e-07, 3.29756431938e-07, 1.28378985664e-07, 5.44203579977e-08, 5.98850746769e-08, 3.59004630468e-08, 2.95918969329e-08, 2.09939106099e-08, 1.18471135124e-08, 7.11319270152e-09, 2.64407229444e-09, 1.89875493106e-09, 9.73452540798e-10, 6.09619466019e-10, 4.89436546847e-10, 1.42301032069e-10, 9.77533956559e-11, 5.71520226977e-11, 3.64070787406e-11, 3.63789623425e-11, 5.91760945801e-11, 2.6782449522e-11, 2.29235883747e-11, 2.2373968997e-11, 2.31857640726e-11, 3.26891257119e-11, 2.3507086902e-11, 1.14680218447e-11, 6.21436279172e-12],
        "max": [0.0260401237756, 0.0156678725034, 0.0086455065757, 0.00672142487019, 0.00383515865542, 0.00332987774163, 0.0056273075752, 0.00280967983417, 0.00327880261466, 0.0061132516712, 0.00448025809601, 0.00500944070518, 0.00543240923434, 0.00375222950242, 0.00207685353234, 0.00239598774351, 0.00272959540598, 0.00149113882799, 0.0012351765763, 0.0009335053619, 0.000753744738176, 0.000331630493747, 0.000413875357481, 0.000249330681982, 0.000265521026449, 0.00015151865955, 0.000107327003207, 6.88306317898e-05, 6.0599140852e-05, 5.34493665327e-05, 3.41664126609e-05, 8.20730492705e-05, 4.36423833889e-05, 4.81038478028e-05, 6.24003369012e-05, 6.19552083663e-05, 8.00423295004e-05, 6.31854200037e-05, 4.91171085741e-05, 2.99487255688e-05],
        "mean": [0.0026998904068, 0.00181603932288, 0.000668088090606, 0.000501659931615, 0.000366521213436, 0.000288795068627, 0.000207488585147, 0.000162232448929, 0.000151002081111, 0.000491670100018, 0.000298124272376, 0.00046875863336, 0.000333842181135, 0.000181878174772, 0.00014077333617, 0.00017580986605, 9.92568675429e-05, 0.000114375354315, 9.83297213679e-05, 0.000103450831375, 7.36877773306e-05, 4.02747173212e-05, 2.36141131609e-05, 1.54532481247e-05, 1.98654779524e-05, 1.88109424926e-05, 1.02445337689e-05, 7.56924237066e-06, 6.48796549285e-06, 4.89378726343e-06, 3.83995620723e-06, 3.53495397576e-06, 3.9772035052e-06, 4.02581326853e-06, 3.29755607709e-06, 1.87856335288e-06, 1.97763620235e-06, 3.34736250807e-06, 2.30436853599e-06, 1.75285538262e-06],
        "median": [0.000933754490688, 0.00105748383794, 0.000505116826389, 0.000292418524623, 0.000246817740845, 0.000132175031467, 9.56067597144e-05, 8.25573151815e-05, 6.79024960846e-05, 0.000155092289788, 0.00011359792552, 0.000183604846825, 0.000103997321276, 5.88580624026e-05, 5.76572128921e-05, 8.12537982711e-05, 4.83071089548e-05, 7.36266592867e-05, 5.84283552598e-05, 7.47851154301e-05, 5.59707514185e-05, 2.79382511508e-05, 1.37513989102e-05, 8.88329122972e-06, 1.20105796668e-05, 1.2781127225e-05, 7.55307110012e-06, 5.45906868865e-06, 4.65608263767e-06, 3.46994261236e-06, 2.77966250906e-06, 2.0647976271e-06, 2.7696808047e-06, 2.95951826956e-06, 2.14235888052e-06, 7.33201375169e-07, 8.60812860992e-07, 2.36250889429e-06, 1.5471093775e-06, 1.10484643301e-06],
        "min": [3.54613621312e-05, 7.03083860571e-05, 1.02872663774e-05, 2.38142292801e-05, 1.38269160743e-05, 3.40402516485e-06, 1.58403827299e-06, 1.60905642588e-06, 1.58714010468e-06, 2.29437455346e-06, 2.56713269664e-06, 3.69584495274e-06, 2.08560413739e-06, 6.60387172502e-07, 6.12182930126e-07, 8.50858270951e-07, 3.65554683412e-07, 1.54340057179e-06, 1.38308905662e-06, 5.94388666286e-07, 9.50290370838e-07, 2.01658849619e-06, 1.31248043544e-07, 7.41314210018e-08, 7.3336416051e-08, 1.18965616025e-07, 1.65468620139e-07, 1.77445201643e-07, 7.82287585821e-08, 8.63033235987e-08, 8.39297058519e-08, 1.03111858607e-07, 9.67188427126e-08, 1.04988764349e-07, 9.66841540162e-08, 6.58569809797e-10, 1.22028405158e-08, 4.10298817144e-08, 4.5023359263e-08, 1.36843807397e-08],
