{
"highlevel": {
    "danceability": {
        "all": {
            "danceable": 0.00705011188984,
            "not_danceable": 0.992949903011
        },
        "probability": 0.992949903011,
        "value": "not_danceable"
    },
    "gender": {
        "all": {
            "female": 0.313040167093,
            "male": 0.686959803104
        },
        "probability": 0.686959803104,
        "value": "male"
    },
    "genre_dortmund": {
        "all": {
            "alternative": 0.172338500619,
            "blues": 0.0253708194941,
            "electronic": 0.0405145511031,
            "folkcountry": 0.0558962896466,
            "funksoulrnb": 0.0013014767319,
            "jazz": 0.00450487388298,
            "pop": 0.053902681917,
            "raphiphop": 0.00448427489027,
            "rock": 0.641686558723
        },
        "probability": 0.641686558723,
        "value": "rock"
    },
    "genre_electronic": {
        "all": {
            "ambient": 0.207827687263,
            "dnb": 0.0803522765636,
            "house": 0.0380311869085,
            "techno": 0.0188106503338,
            "trance": 0.654978215694
        },
        "probability": 0.654978215694,
        "value": "trance"
    },
    "genre_rosamerica": {
        "all": {
            "cla": 0.000690384651534,
            "dan": 0.00293316901661,
            "hip": 0.00119602901395,
            "jaz": 0.000613818585407,
            "pop": 0.00867785513401,
            "rhy": 0.000532856502105,
            "roc": 0.98437255621,
            "spe": 0.000983356032521
        },
        "probability": 0.98437255621,
        "value": "roc"
    },
    "genre_tzanetakis": {
        "all": {
            "blu": 0.0626613423228,
            "cla": 0.0348169617355,
            "cou": 0.104475811124,
            "dis": 0.0784321576357,
            "hip": 0.15692435205,
            "jaz": 0.313974827528,
            "met": 0.0448166541755,
            "pop": 0.0627359300852,
            "reg": 0.0627360641956,
            "roc": 0.0784258767962
        },
        "probability": 0.313974827528,
        "value": "jaz"
    },
    "ismir04_rhythm": {
        "all": {
            "ChaChaCha": 0.0473590046167,
            "Jive": 0.544064223766,
            "Quickstep": 0.00244211847894,
            "Rumba-American": 0.00316734099761,
            "Rumba-International": 0.00299736019224,
            "Rumba-Misc": 0.000986785045825,
            "Samba": 0.0226976741105,
            "Tango": 0.0372976139188,
            "VienneseWaltz": 0.333292514086,
            "Waltz": 0.00569540308788
        },
        "probability": 0.544064223766,
        "value": "Jive"
    },
    "mood_acoustic": {
        "all": {
            "acoustic": 0.00691789388657,
            "not_acoustic": 0.993082106113
        },
        "probability": 0.993082106113,
        "value": "not_acoustic"
    },
    "mood_aggressive": {
        "all": {
            "aggressive": 0.986073553562,
            "not_aggressive": 0.0139264669269
        },
        "probability": 0.986073553562,
        "value": "aggressive"
    },
    "mood_electronic": {
        "all": {
            "electronic": 0.102284170687,
            "not_electronic": 0.897715806961
        },
        "probability": 0.897715806961,
        "value": "not_electronic"
    },
    "mood_happy": {
        "all": {
            "happy": 0.198982045054,
            "not_happy": 0.801017940044
        },
        "probability": 0.801017940044,
        "value": "not_happy"
    },
    "mood_party": {
        "all": {
            "not_party": 0.323756545782,
            "party": 0.676243424416
        },
        "probability": 0.676243424416,
        "value": "party"
    },
    "mood_relaxed": {
        "all": {
            "not_relaxed": 0.950313031673,
            "relaxed": 0.0496869906783
        },
        "probability": 0.950313031673,
        "value": "not_relaxed"
    },
    "mood_sad": {
        "all": {
            "not_sad": 0.957675278187,
            "sad": 0.0423247106373
        },
        "probability": 0.957675278187,
        "value": "not_sad"
    },
    "moods_mirex": {
        "all": {
            "Cluster1": 0.451822906733,
            "Cluster2": 0.0259703360498,
            "Cluster3": 0.0861516371369,
            "Cluster4": 0.027239350602,
            "Cluster5": 0.408815771341
        },
        "probability": 0.451822906733,
        "value": "Cluster1"
    },
    "timbre": {
        "all": {
            "bright": 0.775403439999,
            "dark": 0.224596574903
        },
        "probability": 0.775403439999,
        "value": "bright"
    },
    "tonal_atonal": {
        "all": {
            "atonal": 0.00174853741191,
            "tonal": 0.998251438141
        },
        "probability": 0.998251438141,
        "value": "tonal"
    },
    "voice_instrumental": {
        "all": {
            "instrumental": 0.00142343121115,
            "voice": 0.998576581478
        },
        "probability": 0.998576581478,
        "value": "voice"
    }
},
"lowlevel": {
    "average_loudness": 0.979686737061,
    "barkbands_crest": {
        "dmean": 2.49791169167,
        "dmean2": 4.34829378128,
        "dvar": 5.54961919785,
        "dvar2": 16.0583057404,
        "max": 22.8316192627,
        "mean": 9.0276517868,
        "median": 8.4799451828,
        "min": 2.66379284859,
        "var": 11.3792238235
    },
    "barkbands_flatness_db": {
        "dmean": 0.0195924527943,
        "dmean2": 0.0318603739142,
        "dvar": 0.000325164175592,
        "dvar2": 0.000878917169757,
        "max": 0.260231047869,
        "mean": 0.122822910547,
        "median": 0.11696023494,
        "min": 0.0554984547198,
        "var": 0.00107336055953
    },
    "barkbands_kurtosis": {
        "dmean": 1.29043447971,
        "dmean2": 2.16425132751,
        "dvar": 2.84456419945,
        "dvar2": 8.34292221069,
        "max": 16.4899578094,
        "mean": 0.726604044437,
        "median": -0.0308146476746,
        "min": -1.77804982662,
        "var": 5.57408809662
    },
    "barkbands_skewness": {
        "dmean": 0.427673518658,
        "dmean2": 0.697371959686,
        "dvar": 0.149535015225,
        "dvar2": 0.426010370255,
        "max": 3.87514734268,
        "mean": 1.13976919651,
        "median": 1.04117894173,
        "min": -1.05398523808,
        "var": 0.527138292789
    },
    "barkbands_spread": {
        "dmean": 6.59399414062,
        "dmean2": 10.4980144501,
        "dvar": 45.790309906,
        "dvar2": 104.271492004,
        "max": 85.6737442017,
        "mean": 33.7351074219,
        "median": 32.3923454285,
        "min": 9.01453208923,
        "var": 165.406387329
    },
    "dissonance": {
        "dmean": 0.0109169334173,
        "dmean2": 0.0185415614396,
        "dvar": 9.96959788608e-05,
        "dvar2": 0.000264983798843,
        "max": 0.500000119209,
        "mean": 0.480963170528,
        "median": 0.484419345856,
        "min": 0.403829842806,
        "var": 0.000212656188523
    },
    "dynamic_complexity": 1.1051543951,
    "erbbands_crest": {
        "dmean": 2.14220094681,
        "dmean2": 3.4733736515,
        "dvar": 4.16681623459,
        "dvar2": 10.7074270248,
        "max": 21.3246231079,
        "mean": 7.00033378601,
        "median": 6.21095228195,
        "min": 2.28977894783,
        "var": 9.59824371338
    },
    "erbbands_flatness_db": {
        "dmean": 0.0148273622617,
        "dmean2": 0.0223986860365,
        "dvar": 0.000223678245675,
        "dvar2": 0.000419071671786,
        "max": 0.255443245173,
        "mean": 0.149303764105,
        "median": 0.146690547466,
        "min": 0.0619488358498,
        "var": 0.000989191932604
    },
    "erbbands_kurtosis": {
        "dmean": 0.531444013119,
        "dmean2": 0.841168344021,
        "dvar": 0.291524678469,
        "dvar2": 0.726756036282,
        "max": 4.81389188766,
        "mean": -0.219818145037,
        "median": -0.438519477844,
        "min": -1.53167319298,
        "var": 0.762119591236
    },
    "erbbands_skewness": {
        "dmean": 0.285513401031,
        "dmean2": 0.449526429176,
        "dvar": 0.0550264120102,
        "dvar2": 0.132854983211,
        "max": 1.19869482517,
        "mean": -0.315664112568,
        "median": -0.311112135649,
        "min": -1.76884806156,
        "var": 0.241625726223
    },
    "erbbands_spread": {
        "dmean": 7.46234941483,
        "dmean2": 11.5353450775,
        "dvar": 48.5072898865,
        "dvar2": 110.598335266,
        "max": 103.777481079,
        "mean": 42.6130638123,
        "median": 39.7452964783,
        "min": 15.0688791275,
        "var": 206.761825562
    },
    "hfc": {
        "dmean": 7.64488124847,
        "dmean2": 11.6899738312,
        "dvar": 77.8281402588,
        "dvar2": 161.655181885,
        "max": 123.118919373,
        "mean": 34.6589813232,
        "median": 33.8265037537,
        "min": 4.79297590256,
        "var": 264.791412354
    },
    "melbands_crest": {
        "dmean": 3.39636945724,
        "dmean2": 5.77976560593,
        "dvar": 8.67704677582,
        "dvar2": 24.6483154297,
        "max": 28.8221225739,
        "mean": 15.0591573715,
        "median": 14.433549881,
        "min": 4.41010475159,
        "var": 22.8812332153
    },
    "melbands_flatness_db": {
        "dmean": 0.0248994231224,
        "dmean2": 0.040630992502,
        "dvar": 0.00053207273595,
        "dvar2": 0.00151839538012,
        "max": 0.332689374685,
        "mean": 0.165506869555,
        "median": 0.161157608032,
        "min": 0.0335723087192,
        "var": 0.00185834849253
    },
    "melbands_kurtosis": {
        "dmean": 4.62609958649,
        "dmean2": 7.68524122238,
        "dvar": 32.7221412659,
        "dvar2": 95.3784179688,
        "max": 58.2892227173,
        "mean": 8.88581085205,
        "median": 5.85359573364,
        "min": -1.29635155201,
        "var": 82.3280639648
    },
    "melbands_skewness": {
        "dmean": 0.649291217327,
        "dmean2": 1.05809807777,
        "dvar": 0.367241233587,
        "dvar2": 1.04946947098,
        "max": 7.13692903519,
        "mean": 2.59789681435,
        "median": 2.37694573402,
        "min": 0.219385370612,
        "var": 1.37797629833
    },
    "melbands_spread": {
        "dmean": 8.79377269745,
        "dmean2": 14.0515918732,
        "dvar": 76.4297943115,
        "dvar2": 187.673095703,
        "max": 150.023254395,
        "mean": 32.3027191162,
        "median": 29.6922950745,
        "min": 5.53304672241,
        "var": 265.233093262
    },
    "pitch_salience": {
        "dmean": 0.0702715739608,
        "dmean2": 0.118369698524,
        "dvar": 0.00393508980051,
        "dvar2": 0.0115335481241,
        "max": 0.79035538435,
        "mean": 0.52894371748,
        "median": 0.538951933384,
        "min": 0.180778697133,
        "var": 0.0102222301066
    },
    "silence_rate_20dB": {
        "dmean": 0,
        "dmean2": 0,
        "dvar": 0,
        "dvar2": 0,
        "max": 1,
        "mean": 1,
        "median": 1,
        "min": 1,
        "var": 0
    },
    "silence_rate_30dB": {
        "dmean": 0,
        "dmean2": 0,
        "dvar": 0,
        "dvar2": 0,
        "max": 1,
        "mean": 1,
        "median": 1,
        "min": 1,
        "var": 0
    },
    "silence_rate_60dB": {
        "dmean": 0,
        "dmean2": 0,
        "dvar": 0,
        "dvar2": 0,
        "max": 0,
        "mean": 0,
        "median": 0,
        "min": 0,
        "var": 0
    },
    "spectral_centroid": {
        "dmean": 269.180297852,
        "dmean2": 423.275848389,
        "dvar": 63449.9140625,
        "dvar2": 154554.859375,
        "max": 3811.51342773,
        "mean": 1910.77258301,
        "median": 1921.58642578,
        "min": 663.956176758,
        "var": 248384.8125
    },
    "spectral_complexity": {
        "dmean": 4.39551067352,
        "dmean2": 7.19209909439,
        "dvar": 14.8627977371,
        "dvar2": 35.6238708496,
        "max": 55,
        "mean": 32.5947418213,
        "median": 33,
        "min": 8,
        "var": 62.4129753113
    },
    "spectral_decrease": {
        "dmean": 2.64698907237e-09,
        "dmean2": 4.48682957455e-09,
        "dvar": 8.35919610289e-18,
        "dvar2": 2.26214276809e-17,
        "max": -1.83862802761e-09,
        "mean": -9.42750233435e-09,
        "median": -8.81183659374e-09,
        "min": -2.78605973847e-08,
        "var": 1.26302910834e-17
    },
    "spectral_energy": {
        "dmean": 0.0102951172739,
        "dmean2": 0.0173995383084,
        "dvar": 0.000123515113955,
        "dvar2": 0.000333162519382,
        "max": 0.109314136207,
        "mean": 0.0387252792716,
        "median": 0.0365013480186,
        "min": 0.00738524738699,
        "var": 0.000190256294445
    },
    "spectral_energyband_high": {
        "dmean": 0.000685392413288,
        "dmean2": 0.00103156722616,
        "dvar": 1.18938794458e-06,
        "dvar2": 2.24552195505e-06,
        "max": 0.0154056046158,
        "mean": 0.00173177395482,
        "median": 0.00123236549553,
        "min": 5.13734376e-05,
        "var": 3.6464571167e-06
    },
    "spectral_energyband_low": {
        "dmean": 0.00773651665077,
        "dmean2": 0.0133958430961,
        "dvar": 7.67225792515e-05,
        "dvar2": 0.000229218363529,
        "max": 0.0661128088832,
        "mean": 0.0179979596287,
        "median": 0.016160570085,
        "min": 0.000417407602072,
        "var": 0.00012021423754
    },
    "spectral_energyband_middle_high": {
        "dmean": 0.00230594817549,
        "dmean2": 0.00363037874922,
        "dvar": 5.40427663509e-06,
        "dvar2": 1.31257202156e-05,
        "max": 0.0313854366541,
        "mean": 0.00883993878961,
        "median": 0.00819145981222,
        "min": 0.00116410967894,
        "var": 2.35812185565e-05
    },
    "spectral_energyband_middle_low": {
        "dmean": 0.00580751895905,
        "dmean2": 0.00928603857756,
        "dvar": 7.7418066212e-05,
        "dvar2": 0.000196259279619,
        "max": 0.0746388360858,
        "mean": 0.0136721404269,
        "median": 0.0112826721743,
        "min": 0.00170228735078,
        "var": 9.49987079366e-05
    },
    "spectral_entropy": {
        "dmean": 0.117727778852,
        "dmean2": 0.179353833199,
        "dvar": 0.0142931584269,
        "dvar2": 0.0314936079085,
        "max": 8.50971603394,
        "mean": 7.81408071518,
        "median": 7.81359863281,
        "min": 7.15618801117,
        "var": 0.0593892149627
    },
    "spectral_flux": {
        "dmean": 0.0236122347414,
        "dmean2": 0.0371432974935,
        "dvar": 0.000593191653024,
        "dvar2": 0.00119853252545,
        "max": 0.245881512761,
        "mean": 0.104273021221,
        "median": 0.0989448875189,
        "min": 0.0327247269452,
        "var": 0.00122034212109
    },
    "spectral_kurtosis": {
        "dmean": 1.15789580345,
        "dmean2": 1.98560118675,
        "dvar": 1.38704371452,
        "dvar2": 4.14694213867,
        "max": 13.6834449768,
        "mean": 2.79840660095,
        "median": 2.66689729691,
        "min": -0.468157291412,
        "var": 2.5823559761
    },
    "spectral_rms": {
        "dmean": 0.000790028832853,
        "dmean2": 0.00132218177896,
        "dvar": 5.99665440859e-07,
        "dvar2": 1.61285140621e-06,
        "max": 0.0103270485997,
        "mean": 0.00605533551425,
        "median": 0.00596750155091,
        "min": 0.00268423533998,
        "var": 1.11366250621e-06
    },
    "spectral_rolloff": {
        "dmean": 641.230529785,
        "dmean2": 1075.74255371,
        "dvar": 646145,
        "dvar2": 1349246.75,
        "max": 8914.74609375,
        "mean": 1996.60900879,
        "median": 1765.72265625,
        "min": 107.666015625,
        "var": 1995437.5
    },
    "spectral_skewness": {
        "dmean": 0.172334551811,
        "dmean2": 0.284300208092,
        "dvar": 0.0226090680808,
        "dvar2": 0.0639206767082,
        "max": 2.28901839256,
        "mean": 1.05640602112,
        "median": 1.06776118279,
        "min": 0.0470219254494,
        "var": 0.0724399089813
    },
    "spectral_spread": {
        "dmean": 433306.84375,
        "dmean2": 639767,
        "dvar": 266147233792,
        "dvar2": 439792566272,
        "max": 10026510,
        "mean": 4098000,
        "median": 3897511.25,
        "min": 2155580.5,
        "var": 1.30937782272e+12
    },
    "spectral_strongpeak": {
        "dmean": 0.477171421051,
        "dmean2": 0.856821238995,
        "dvar": 1.02758049965,
        "dvar2": 2.72006487846,
        "max": 11.3843383789,
        "mean": 0.708060562611,
        "median": 0.437882363796,
        "min": 0.0456989631057,
        "var": 0.945469617844
    },
    "zerocrossingrate": {
        "dmean": 0.00977280549705,
        "dmean2": 0.0121446251869,
        "dvar": 0.000115445094707,
        "dvar2": 0.000126954066218,
        "max": 0.24072265625,
        "mean": 0.0694167539477,
        "median": 0.06494140625,
        "min": 0.021484375,
        "var": 0.0008116341196
    },
    "barkbands": {
        "dmean": [6.46284534014e-05, 0.00546369981021, 0.00286658853292, 0.00343427085318, 0.00139405101072, 0.00103497260716, 0.000814240251202, 0.00123305385932, 0.000818156579044, 0.000637443328742, 0.000189088983461, 0.00057767610997, 0.000713761837687, 0.000466554105515, 0.00046549673425, 0.000435608148109, 0.000564282818232, 0.000251588848187, 0.000506579759531, 0.000244612747338, 0.000174660483026, 0.000185164331924, 0.000176965782885, 0.000133266919875, 6.39955251245e-05, 1.28082892843e-05, 4.04152977751e-08],
        "dmean2": [0.000108686806925, 0.00966164004058, 0.00493916962296, 0.00576282804832, 0.00238470360637, 0.00169002672192, 0.00128752656747, 0.00194915314205, 0.00131645216607, 0.00104730308522, 0.000309906259645, 0.000923788058572, 0.00115214055404, 0.000740601215512, 0.000771807623096, 0.000718182069249, 0.000922458537389, 0.0004253355728, 0.000829473952763, 0.000416790106101, 0.000289222894935, 0.000303147389786, 0.000272961653536, 0.000181092778803, 9.47337903199e-05, 2.01783532248e-05, 6.95963038311e-08],
        "dvar": [5.82064663135e-09, 4.91793689434e-05, 1.46098473124e-05, 4.17254050262e-05, 5.87645808992e-06, 2.71087560577e-06, 2.5506089969e-06, 3.74303772332e-06, 2.7439753012e-06, 1.59293449542e-06, 1.89289707464e-07, 1.32262516672e-06, 1.50261973886e-06, 5.55641918254e-07, 5.70527731725e-07, 5.72413171085e-07, 3.62671187304e-07, 7.98794062007e-08, 4.26448394819e-07, 7.75785622409e-08, 5.01511152606e-08, 9.58385868444e-08, 1.21551082088e-07, 1.61128781428e-07, 2.5957060501e-08, 1.10288356225e-09, 2.70779966917e-14],
        "dvar2": [1.51597809861e-08, 0.000154938170454, 4.12122208218e-05, 0.000107560364995, 1.60205763677e-05, 6.52405014989e-06, 5.43890382687e-06, 8.5211431724e-06, 6.18312787992e-06, 4.37357402916e-06, 4.62169509774e-07, 2.9880332022e-06, 3.78572667614e-06, 1.29424131501e-06, 1.40630299938e-06, 1.49604329636e-06, 9.18745229228e-07, 2.06526905799e-07, 1.0478971717e-06, 2.08435523064e-07, 1.25183689192e-07, 2.53062012234e-07, 2.49490341275e-07, 2.65571912905e-07, 4.61874876123e-08, 2.09320227817e-09, 5.86577227762e-14],
        "max": [0.000598274520598, 0.0505614168942, 0.0405179858208, 0.0664063990116, 0.0204126574099, 0.0315903350711, 0.0274493191391, 0.0205427724868, 0.0229630898684, 0.0221771560609, 0.0093691740185, 0.016897559166, 0.0169088412076, 0.00798585452139, 0.0117872552946, 0.0127980215475, 0.00870105344802, 0.00339104817249, 0.00973639171571, 0.00322771444917, 0.00248945620842, 0.00320952222683, 0.00452794553712, 0.0072503616102, 0.00232881400734, 0.000817336549517, 3.32270951731e-06],
        "mean": [8.62609304022e-05, 0.00914928689599, 0.00535474577919, 0.00504977535456, 0.00196401565336, 0.00166321615689, 0.00128163408954, 0.00204111542553, 0.00145285157487, 0.00106958241668, 0.000271761644399, 0.000898756145034, 0.00111386447679, 0.000743336160667, 0.000787337834481, 0.000889051647391, 0.00116181408521, 0.000515576743055, 0.00120646704454, 0.000589474744629, 0.000376662181225, 0.000344572152244, 0.000330810173182, 0.000251589051913, 0.000113426161988, 1.82735002454e-05, 3.30473532983e-08],
        "median": [5.01075301145e-05, 0.00741159357131, 0.00309155578725, 0.00318420329131, 0.00119117414579, 0.000811999838334, 0.000583302346058, 0.00125250290148, 0.000597042730078, 0.000578450039029, 0.000134357222123, 0.000413026020397, 0.000466010940727, 0.00037536281161, 0.000493311905302, 0.000516209285706, 0.000888907234184, 0.000420528027462, 0.000935617368668, 0.000474672502605, 0.000313952856231, 0.000249643810093, 0.00018051409279, 8.06384559837e-05, 4.4318021537e-05, 5.49548985873e-06, 2.63905319819e-09],
        "min": [3.00053926594e-07, 1.57058038894e-05, 2.75435031654e-05, 1.06821162262e-05, 3.55100528395e-05, 3.61447528121e-05, 1.55241032189e-05, 2.99407493003e-05, 4.91916471219e-05, 1.98926209123e-05, 5.54957659915e-06, 1.30395228553e-05, 2.0739127649e-05, 1.41717855513e-05, 2.90580283036e-05, 4.44734396297e-05, 5.31757796125e-05, 5.17391308676e-05, 6.95448761689e-05, 2.52164099948e-05, 8.84143537405e-06, 5.92377728026e-06, 1.5466222294e-06, 3.29337912497e-09, 2.14759442868e-11, 1.0761929542e-11, 7.52610560678e-12],
        "var": [9.16844555832e-09, 6.70826484566e-05, 2.82065866486e-05, 4.37746384705e-05, 5.67414872421e-06, 5.15531110068e-06, 4.75243405162e-06, 6.5383483161e-06, 7.9119554357e-06, 2.47568027589e-06, 2.98427863754e-07, 2.41499560616e-06, 2.84128191197e-06, 9.99475332719e-07, 9.18747730339e-07, 1.66454969985e-06, 8.50863273172e-07, 1.35477208119e-07, 1.00986198959e-06, 2.2983067538e-07, 8.71393979196e-08, 1.25627991565e-07, 3.08742528432e-07, 4.50650730954e-07, 6.78820981648e-08, 3.63634122813e-09, 2.46165748511e-14]
    },
    "erbbands": {
        "dmean": [0.107810996473, 1.41114389896, 3.29586672783, 7.85081624985, 7.19149684906, 3.87827539444, 8.15448188782, 7.85429954529, 11.7558965683, 12.0407705307, 30.4605808258, 17.4879608154, 16.25806427, 19.6587295532, 9.09282779694, 25.2234153748, 25.5412960052, 30.5494880676, 23.398853302, 23.8839321136, 22.7194881439, 24.2142105103, 14.6420555115, 20.1557159424, 23.4038276672, 11.4068746567, 7.15005207062, 8.09595775604, 6.89730739594, 5.60800123215, 4.71167993546, 3.79919743538, 1.76145386696, 0.949623227119, 0.346086531878, 0.0948446840048, 0.019589850679, 0.00123224442359, 3.37118435709e-05, 1.30797880047e-05],
        "dmean2": [0.187419831753, 2.47964572906, 5.62645721436, 13.2031736374, 12.3087110519, 6.43759965897, 13.0527467728, 12.9437570572, 18.9961242676, 19.4257640839, 47.6466827393, 27.6281776428, 25.9137535095, 32.0422172546, 14.5943717957, 40.4623146057, 40.9897994995, 49.3506622314, 38.0066184998, 39.3280792236, 37.6972618103, 39.5155410767, 24.0871753693, 32.8401756287, 38.7642822266, 19.2662067413, 12.1086902618, 13.5942049026, 11.3863477707, 8.75765800476, 7.19443655014, 5.43986225128, 2.49147558212, 1.40354990959, 0.536250472069, 0.148484617472, 0.0310967229307, 0.00211938540451, 5.42809139006e-05, 2.16075804929e-05],
        "dvar": [0.0198089573532, 3.35127449036, 18.6814041138, 180.779937744, 227.073287964, 37.0286064148, 146.150085449, 246.444107056, 588.862670898, 528.460327148, 2267.81079102, 1193.4621582, 705.830932617, 1856.00598145, 352.966156006, 2468.55737305, 2138.78955078, 2388.91650391, 1266.61633301, 1918.28234863, 642.468139648, 828.920593262, 300.569488525, 736.358764648, 901.023803711, 182.292037964, 87.5121536255, 126.430412292, 130.894470215, 103.429008484, 88.42918396, 139.125671387, 26.5795307159, 7.30906534195, 0.603459239006, 0.0533131174743, 0.00278685078956, 9.12901668926e-06, 4.48008696807e-09, 1.89722543231e-10],
        "dvar2": [0.0591813623905, 10.7254590988, 54.9895019531, 464.364776611, 613.042053223, 94.6545410156, 383.211212158, 577.957946777, 1303.05432129, 1248.55322266, 5200.01318359, 2683.40063477, 1610.2923584, 5123.70166016, 856.831787109, 5699.94677734, 5306.84179688, 5675.25830078, 3100.64282227, 4792.38378906, 1648.15979004, 2092.70166016, 747.689086914, 1726.50170898, 2353.10913086, 499.857910156, 226.789962769, 334.736938477, 347.065093994, 250.899078369, 165.040908813, 254.567153931, 42.3958244324, 12.6613397598, 1.3008774519, 0.0935150459409, 0.00584678538144, 2.32888996834e-05, 9.93610438371e-09, 4.77570372137e-10],
        "max": [1.11964786053, 13.8404569626, 39.3637580872, 147.470245361, 106.52696991, 60.1176452637, 151.56678772, 402.286895752, 426.45703125, 326.21081543, 561.543823242, 644.788391113, 448.347869873, 813.164672852, 376.158660889, 846.441223145, 726.141357422, 570.607055664, 549.59979248, 548.18359375, 391.956634521, 451.421844482, 207.233108521, 521.445129395, 409.485931396, 171.768508911, 116.624229431, 127.164863586, 120.365348816, 145.098495483, 125.280532837, 234.55065918, 82.4447250366, 45.6457328796, 15.6058092117, 6.40495443344, 1.11445641518, 0.0419507361948, 0.0010361969471, 0.000156553112902],
        "mean": [0.166689768434, 2.3907968998, 6.56793022156, 13.3355703354, 8.93682098389, 5.96463346481, 13.4083433151, 11.6173467636, 18.0293521881, 20.8476448059, 51.1125411987, 32.9690856934, 30.2376976013, 31.7443752289, 15.6617803574, 41.2694206238, 44.5381507874, 51.9798316956, 39.8406219482, 47.3216438293, 52.557220459, 53.3218040466, 33.1197776794, 48.9787635803, 54.1947021484, 27.7623615265, 16.9604530334, 15.5391635895, 12.7386388779, 10.4994306564, 8.96743392944, 6.7649512291, 3.34068846703, 1.60901761055, 0.599806308746, 0.159650266171, 0.0244577284902, 0.00119983335026, 6.47110209684e-05, 5.23518720001e-05],
        "median": [0.117027677596, 1.90438520908, 3.70712065697, 9.14175128937, 5.31787633896, 3.59852576256, 6.62582302094, 5.65308332443, 8.5436000824, 12.6374130249, 30.9954185486, 15.8415784836, 15.9853477478, 16.1878795624, 9.3524646759, 19.7472915649, 20.0457134247, 25.2218093872, 26.8704547882, 26.8250160217, 38.9000663757, 40.2872047424, 26.8802909851, 39.491153717, 42.9515113831, 22.4593448639, 14.0407152176, 12.5218696594, 9.44567108154, 6.88967895508, 4.69416856766, 2.19338655472, 1.05360126495, 0.463670909405, 0.287667453289, 0.0715966001153, 0.00508189294487, 0.000206937460462, 3.8388883695e-05, 4.96145294164e-05],
        "min": [0.00074307131581, 0.00514486944303, 0.0644263550639, 0.0784788131714, 0.111202314496, 0.133109942079, 0.203199341893, 0.338454157114, 0.405454009771, 0.739855468273, 1.14468598366, 1.11746442318, 0.939737796783, 0.458347946405, 0.624176561832, 0.739700555801, 1.27717268467, 1.32554769516, 2.19941091537, 2.95886087418, 5.43906974792, 3.57851099968, 3.39986228943, 2.76932835579, 4.31592178345, 1.45128965378, 0.710693717003, 0.23421369493, 0.240991443396, 0.103040143847, 0.0295979119837, 0.00401670997962, 0.00037570821587, 5.75504891458e-05, 2.56684452324e-05, 1.54902882059e-05, 4.96127267979e-06, 1.42471913023e-06, 4.63970263809e-06, 1.02262711152e-05],
        "var": [0.0270046051592, 4.62076997757, 42.3628120422, 203.899917603, 178.972671509, 50.4916114807, 301.848907471, 431.718811035, 1047.18444824, 802.407165527, 4085.5324707, 3650.53857422, 2027.73022461, 2837.16235352, 506.966400146, 4717.92089844, 4381.78515625, 4803.32421875, 1958.70751953, 4264.58984375, 2300.49853516, 1936.01525879, 591.527648926, 1680.3449707, 2057.23486328, 489.596710205, 178.546218872, 163.864959717, 162.833633423, 181.664260864, 256.289428711, 330.909912109, 79.4917221069, 19.5769958496, 1.28105437756, 0.171863168478, 0.00782027561218, 1.2081101886e-05, 9.44289002547e-09, 3.96496224742e-10]
    },
    "gfcc": {
        "mean": [48.2214546204, 96.3915252686, -138.433013916, 60.19688797, -58.5364456177, 20.8037567139, -34.0272216797, 14.2901878357, -16.4380912781, 0.361152589321, -14.2427721024, -9.70858192444, -13.0602178574],
        "cov": [[1052.52404785, -728.456298828, 313.221893311, -71.3394699097, -167.977279663, 278.417358398, -177.576522827, 165.017700195, -206.48928833, 147.342895508, -147.269042969, 99.8506011963, -79.5854415894], [-728.456298828, 841.438171387, -321.638336182, 2.83463263512, 179.147949219, -269.962738037, 213.972305298, -154.687011719, 145.691162109, -121.72467804, 129.978363037, -90.1735839844, 48.2333641052], [313.221893311, -321.638336182, 398.961791992, 47.4862251282, -66.1284713745, 145.959732056, -117.588600159, 58.6537094116, -44.6235847473, 72.3126144409, -65.3690948486, 84.9815292358, -27.7744979858], [-71.3394699097, 2.83463263512, 47.4862251282, 212.892944336, 19.3576431274, 23.0179824829, 20.4667720795, -6.26092243195, 75.9687957764, -35.3145332336, 25.6226119995, -24.1813488007, 55.4161109924], [-167.977279663, 179.147949219, -66.1284713745, 19.3576431274, 155.208953857, -36.5976753235, 81.3672332764, 0.889693498611, 34.7921066284, 0.384493559599, 15.9116392136, -6.43462324142, -3.3229830265], [278.417358398, -269.962738037, 145.959732056, 23.0179824829, -36.5976753235, 230.995895386, 10.1996049881, 98.4415283203, -41.8730545044, 51.1132316589, -18.6257209778, 21.9253368378, -19.7675590515], [-177.576522827, 213.972305298, -117.588600159, 20.4667720795, 81.3672332764, 10.1996049881, 264.265228271, 44.4545783997, 50.3588294983, -30.5748195648, 55.057384491, -36.5653800964, -13.3492450714], [165.017700195, -154.687011719, 58.6537094116, -6.26092243195, 0.889693498611, 98.4415283203, 44.4545783997, 147.916763306, -2.86610102654, 47.0116386414, -23.0073127747, 13.693362236, -9.16607189178], [-206.48928833, 145.691162109, -44.6235847473, 75.9687957764, 34.7921066284, -41.8730545044, 50.3588294983, -2.86610102654, 132.55632019, -19.1155090332, 39.959186554, -26.442817688, 30.5314311981], [147.342895508, -121.72467804, 72.3126144409, -35.3145332336, 0.384493559599, 51.1132316589, -30.5748195648, 47.0116386414, -19.1155090332, 95.9132537842, -11.7806787491, 41.2668685913, -29.6663722992], [-147.269042969, 129.978363037, -65.3690948486, 25.6226119995, 15.9116392136, -18.6257209778, 55.057384491, -23.0073127747, 39.959186554, -11.7806787491, 90.1608963013, -10.0131340027, 19.2831802368], [99.8506011963, -90.1735839844, 84.9815292358, -24.1813488007, -6.43462324142, 21.9253368378, -36.5653800964, 13.693362236, -26.442817688, 41.2668685913, -10.0131340027, 86.9971084595, -0.318539142609], [-79.5854415894, 48.2333641052, -27.7744979858, 55.4161109924, -3.3229830265, -19.7675590515, -13.3492450714, -9.16607189178, 30.5314311981, -29.6663722992, 19.2831802368, -0.318539142609, 81.0946731567]],
        "icov": [[0.00361092877574, 0.000601005973294, 0.000502543291077, -0.00125548546202, 0.00201839208603, -0.00142661901191, 0.000578599458095, -0.00162587349769, 0.00307851843536, -0.00205953815021, 0.00226901564747, -0.0011744578369, 0.00140612910036], [0.000601005973294, 0.00684294756502, -0.0013533498859, 0.00382204004563, -0.00441685784608, 0.00367235764861, -0.00392834190279, 0.00441236887127, -0.00257795350626, 0.00129404291511, -0.00340379402041, 0.00338673568331, -0.00372262694873], [0.000502543291077, -0.0013533498859, 0.00670231832191, -0.00415555899963, 0.00256810383871, -0.00344448932447, 0.00279613328166, -0.00167140481062, 0.000590825569816, -0.000941054604482, 0.00347243133001, -0.0061429948546, 0.00455379020423], [-0.00125548546202, 0.00382204004563, -0.00415555899963, 0.0123696690425, -0.00529327476397, 0.000913511728868, -0.00307674682699, 0.00498494831845, -0.00688047520816, 0.00354437180795, -0.00382325006649, 0.0059567769058, -0.00849915109575], [0.00201839208603, -0.00441685784608, 0.00256810383871, -0.00529327476397, 0.0135158142075, -0.0020361088682, 0.000252645608271, -0.00369723048061, 0.00316829490475, -0.00495667709038, 0.00560622476041, -0.00469800364226, 0.00442816969007], [-0.00142661901191, 0.00367235764861, -0.00344448932447, 0.000913511728868, -0.0020361088682, 0.0119250407442, -0.00389369553886, -0.00108995556366, 0.000635010830592, -0.000335494434694, -0.00477066030726, 0.00423523131758, -0.0025397981517], [0.000578599458095, -0.00392834190279, 0.00279613328166, -0.00307674682699, 0.000252645608271, -0.00389369553886, 0.0105200400576, -0.00713209202513, 0.00115047418512, 0.00343303894624, -0.00152416038327, -0.00320630520582, 0.00712388707325], [-0.00162587349769, 0.00441236887127, -0.00167140481062, 0.00498494831845, -0.00369723048061, -0.00108995556366, -0.00713209202513, 0.0175596699119, -0.00561225274578, -0.00411751680076, 0.00164342357311, 0.00410623196512, -0.00757335452363], [0.00307851843536, -0.00257795350626, 0.000590825569816, -0.00688047520816, 0.00316829490475, 0.000635010830592, 0.00115047418512, -0.00561225274578, 0.0171986818314, -0.00445587048307, 0.000124136757222, 0.000105907245597, 0.0011640007142], [-0.00205953815021, 0.00129404291511, -0.000941054604482, 0.00354437180795, -0.00495667709038, -0.000335494434694, 0.00343303894624, -0.00411751680076, -0.00445587048307, 0.023135246709, -0.00613730587065, -0.00559493945912, 0.00585801433772], [0.00226901564747, -0.00340379402041, 0.00347243133001, -0.00382325006649, 0.00560622476041, -0.00477066030726, -0.00152416038327, 0.00164342357311, 0.000124136757222, -0.00613730587065, 0.0214054528624, -0.00445791939273, -0.000344445928931], [-0.0011744578369, 0.00338673568331, -0.0061429948546, 0.0059567769058, -0.00469800364226, 0.00423523131758, -0.00320630520582, 0.00410623196512, 0.000105907245597, -0.00559493945912, -0.00445791939273, 0.0227388385683, -0.0095025645569], [0.00140612910036, -0.00372262694873, 0.00455379020423, -0.00849915109575, 0.00442816969007, -0.0025397981517, 0.00712388707325, -0.00757335452363, 0.0011640007142, 0.00585801433772, -0.000344445928931, -0.0095025645569, 0.0249212868512]]
    },
    "melbands": {
        "dmean": [0.00125448673498, 0.00169875263236, 0.00131339475047, 0.000364845356671, 0.000241002315306, 0.000181187991984, 0.000178191112354, 0.000152150765643, 0.000237089887378, 0.000108191787149, 8.4302155301e-05, 8.72828895808e-05, 2.70210075541e-05, 6.02789332333e-05, 5.8514491684e-05, 7.04572084942e-05, 5.56935810891e-05, 3.85483435821e-05, 2.97380174743e-05, 3.55118427251e-05, 3.1991618016e-05, 2.87020411633e-05, 2.26441206905e-05, 1.46343372762e-05, 1.84846048796e-05, 2.27542095672e-05, 1.14765298349e-05, 7.90696867625e-06, 5.44335898667e-06, 4.3447967073e-06, 5.36212428415e-06, 4.47263801107e-06, 3.28440319208e-06, 3.47768400388e-06, 2.92254458145e-06, 2.93662287731e-06, 2.13573662222e-06, 1.35261200285e-06, 1.19571916457e-06, 7.43559553484e-07],
        "dmean2": [0.00222157803364, 0.00291418842971, 0.00220182887278, 0.000618131773081, 0.000385381659726, 0.000296563550364, 0.000285491114482, 0.000245799368713, 0.000372213864466, 0.000171242485521, 0.000134475005325, 0.000142160482937, 4.35044275946e-05, 9.71087865764e-05, 9.5241033705e-05, 0.000116320392408, 8.96554556675e-05, 6.26136752544e-05, 4.91667269671e-05, 5.79970692343e-05, 5.36398110853e-05, 4.64040240331e-05, 3.7284255086e-05, 2.45358951361e-05, 3.03204687953e-05, 3.75624222215e-05, 1.91546878341e-05, 1.3466481505e-05, 9.31651993596e-06, 7.22282129573e-06, 9.12899031391e-06, 7.50034769226e-06, 5.26706935489e-06, 5.57138400836e-06, 4.62649904875e-06, 4.33669765698e-06, 3.1127699458e-06, 1.99002533918e-06, 1.74846468326e-06, 1.10354812932e-06],
        "dvar": [2.61411514657e-06, 4.66527808385e-06, 5.61286287848e-06, 4.60020288529e-07, 1.19091950523e-07, 1.10986682955e-07, 1.27241733594e-07, 7.04723248646e-08, 1.33548553549e-07, 4.49570336514e-08, 1.90480200501e-08, 3.70671529026e-08, 3.17280579587e-09, 1.56263819662e-08, 1.34034259247e-08, 1.54826587107e-08, 7.92215892886e-09, 3.2983413778e-09, 2.86468715416e-09, 5.7191473779e-09, 1.13247078382e-09, 1.05631170477e-09, 1.07478448363e-09, 2.4507587626e-10, 6.67600086324e-10, 8.21339107837e-10, 2.01577768366e-10, 9.0867278979e-11, 4.68208111171e-11, 3.14876388852e-11, 6.53672116435e-11, 6.52461279449e-11, 2.35353125877e-11, 4.33119616561e-11, 2.87749650496e-11, 7.45156228388e-11, 4.40204747654e-11, 1.44771573202e-11, 1.4923586672e-11, 3.79317757759e-12],
        "dvar2": [8.08885943115e-06, 1.44566438394e-05, 1.45833309944e-05, 1.24334439988e-06, 3.04508972704e-07, 2.62482785729e-07, 2.80573431155e-07, 1.7018705023e-07, 3.1318441529e-07, 9.81075700679e-08, 4.39120313445e-08, 1.02669680757e-07, 7.79094122549e-09, 3.57676199769e-08, 3.06728971111e-08, 3.98545090263e-08, 1.86019128989e-08, 8.07071476316e-09, 7.06536207318e-09, 1.51144110561e-08, 3.02279223874e-09, 2.81348211395e-09, 2.64037458564e-09, 6.96093238606e-10, 1.56432522491e-09, 2.06995953711e-09, 5.41986733271e-10, 2.47236453532e-10, 1.26447574633e-10, 8.04259436826e-11, 1.79414469392e-10, 1.80772757874e-10, 5.5694553136e-11, 1.09122842706e-10, 6.17993156649e-11, 1.44205716812e-10, 8.546331004e-11, 2.67758749201e-11, 2.76928063814e-11, 7.37725158739e-12],
        "max": [0.012718623504, 0.017094604671, 0.0240850206465, 0.0053628468886, 0.00410420587286, 0.00778455426916, 0.00637943204492, 0.00294407201, 0.00448853336275, 0.00349417864345, 0.00230052974075, 0.00361252389848, 0.00106348772533, 0.00197335914709, 0.0018481813604, 0.00131476763636, 0.000946833286434, 0.000853153993376, 0.00113860936835, 0.00132559170015, 0.000446332996944, 0.000500373425893, 0.000391518959077, 0.00019100868667, 0.000495845160913, 0.000380280951504, 0.000197771718376, 0.000113501861051, 7.58548776503e-05, 6.83481412125e-05, 0.000102377016447, 9.41050020629e-05, 7.00265009073e-05, 8.50989599712e-05, 7.9600213212e-05, 0.000149090585182, 0.000125160062453, 6.21273647994e-05, 6.74490511301e-05, 3.43757055816e-05],
        "mean": [0.00207801698707, 0.00343668460846, 0.00214021420106, 0.000487954908749, 0.000407436280511, 0.000270756019745, 0.000274569640169, 0.00026065504062, 0.000402574805776, 0.000195819215151, 0.000151940126671, 0.000136334303534, 4.1794111894e-05, 9.42170372582e-05, 9.93642534013e-05, 0.000111994879262, 9.04148182599e-05, 6.03738299105e-05, 5.35142353328e-05, 6.81802339386e-05, 6.3653838879e-05, 5.92826327193e-05, 3.90756722481e-05, 2.73901350738e-05, 3.97586591134e-05, 4.96186876262e-05, 2.49030636041e-05, 1.731725024e-05, 1.13794294521e-05, 8.75497153174e-06, 9.06814057089e-06, 7.36939909984e-06, 6.1516570895e-06, 5.84830786465e-06, 5.22921027368e-06, 5.0573748922e-06, 3.6529161207e-06, 2.35938705373e-06, 1.92380844055e-06, 1.13453165795e-06],
        "median": [0.00165047938935, 0.00260913255624, 0.00144612009171, 0.000269777985523, 0.000218354078243, 0.000135342270369, 0.000127595310914, 0.000163416538271, 0.000237618020037, 8.30260978546e-05, 7.99146801e-05, 6.6291555413e-05, 2.25308285735e-05, 4.59839138784e-05, 4.22973353125e-05, 4.93066982017e-05, 4.24902500527e-05, 3.76678144676e-05, 3.18425081787e-05, 3.54317489837e-05, 4.88957739435e-05, 4.56808957097e-05, 2.5722767532e-05, 2.26290721912e-05, 3.00124174828e-05, 3.73140646843e-05, 1.90281989489e-05, 1.31646338559e-05, 8.83496431925e-06, 7.14847647032e-06, 6.95336530043e-06, 5.32329249836e-06, 4.32942306361e-06, 3.58116858479e-06, 2.8843810469e-06, 1.6948827124e-06, 1.16274895845e-06, 8.04844773938e-07, 4.26091617101e-07, 3.41675189475e-07],
        "min": [4.84110660182e-06, 2.80239728454e-05, 1.33598286993e-05, 6.82110839989e-06, 6.8957874646e-06, 6.26788687441e-06, 5.03966202814e-06, 1.08241520138e-05, 9.53200105869e-06, 5.69914755033e-06, 3.95094048145e-06, 1.7452650809e-06, 1.26776615161e-06, 3.01594536722e-06, 7.24990343315e-07, 2.74357580565e-06, 1.93367804968e-06, 2.44015791395e-06, 2.24287737183e-06, 2.46747799793e-06, 5.84531153436e-06, 3.38066979566e-06, 1.38011716899e-06, 2.36149207922e-06, 1.62695266681e-06, 3.07654681819e-06, 1.04575838122e-06, 3.69676058654e-07, 3.64871482361e-07, 1.36616620239e-07, 1.26180879079e-07, 1.31839456685e-07, 4.37563691946e-08, 4.64696832125e-08, 2.57306020934e-09, 2.08224743004e-10, 1.64687291582e-11, 4.33936150901e-11, 9.9558599212e-13, 2.30367726848e-13],
