{
"highlevel": {
    "danceability": {
        "all": {
            "danceable": 0.780413925648,
            "not_danceable": 0.219586089253
        },
        "probability": 0.780413925648,
        "value": "danceable"
    },
    "gender": {
        "all": {
            "female": 0.394032388926,
            "male": 0.605967640877
        },
        "probability": 0.605967640877,
        "value": "male"
    },
    "genre_dortmund": {
        "all": {
            "alternative": 0.160898774862,
            "blues": 0.109832577407,
            "electronic": 0.174922287464,
            "folkcountry": 0.151329949498,
            "funksoulrnb": 0.0132841039449,
            "jazz": 0.0777651295066,
            "pop": 0.0318935252726,
            "raphiphop": 0.0197597667575,
            "rock": 0.260313868523
        },
        "probability": 0.260313868523,
        "value": "rock"
    },
    "genre_electronic": {
        "all": {
            "ambient": 0.539808571339,
            "dnb": 0.042550932616,
            "house": 0.0361538119614,
            "techno": 0.00758688431233,
            "trance": 0.373899817467
        },
        "probability": 0.539808571339,
        "value": "ambient"
    },
    "genre_rosamerica": {
        "all": {
            "cla": 0.0372320450842,
            "dan": 0.0679578334093,
            "hip": 0.00958504062146,
            "jaz": 0.0119528155774,
            "pop": 0.315379887819,
            "rhy": 0.0197593607008,
            "roc": 0.533819973469,
            "spe": 0.00431301025674
        },
        "probability": 0.533819973469,
        "value": "roc"
    },
    "genre_tzanetakis": {
        "all": {
            "blu": 0.0626613423228,
            "cla": 0.0348169617355,
            "cou": 0.104475811124,
            "dis": 0.0784321576357,
            "hip": 0.15692435205,
            "jaz": 0.313974827528,
            "met": 0.0448166541755,
            "pop": 0.0627359300852,
            "reg": 0.0627360641956,
            "roc": 0.0784258767962
        },
        "probability": 0.313974827528,
        "value": "jaz"
    },
    "ismir04_rhythm": {
        "all": {
            "ChaChaCha": 0.0338764712214,
            "Jive": 0.148069888353,
            "Quickstep": 0.0111425630748,
            "Rumba-American": 0.0149190807715,
            "Rumba-International": 0.131986558437,
            "Rumba-Misc": 0.015700481832,
            "Samba": 0.0283778849989,
            "Tango": 0.0630022287369,
            "VienneseWaltz": 0.521304011345,
            "Waltz": 0.0316208451986
        },
        "probability": 0.521304011345,
        "value": "VienneseWaltz"
    },
    "mood_acoustic": {
        "all": {
            "acoustic": 0.0467557944357,
            "not_acoustic": 0.95324420929
        },
        "probability": 0.95324420929,
        "value": "not_acoustic"
    },
    "mood_aggressive": {
        "all": {
            "aggressive": 0.24620936811,
            "not_aggressive": 0.753790616989
        },
        "probability": 0.753790616989,
        "value": "not_aggressive"
    },
    "mood_electronic": {
        "all": {
            "electronic": 0.682991862297,
            "not_electronic": 0.317008137703
        },
        "probability": 0.682991862297,
        "value": "electronic"
    },
    "mood_happy": {
        "all": {
            "happy": 0.326269835234,
            "not_happy": 0.673730194569
        },
        "probability": 0.673730194569,
        "value": "not_happy"
    },
    "mood_party": {
        "all": {
            "not_party": 0.703520655632,
            "party": 0.296479344368
        },
        "probability": 0.703520655632,
        "value": "not_party"
    },
    "mood_relaxed": {
        "all": {
            "not_relaxed": 0.765777170658,
            "relaxed": 0.23422279954
        },
        "probability": 0.765777170658,
        "value": "not_relaxed"
    },
    "mood_sad": {
        "all": {
            "not_sad": 0.849836587906,
            "sad": 0.150163441896
        },
        "probability": 0.849836587906,
        "value": "not_sad"
    },
    "moods_mirex": {
        "all": {
            "Cluster1": 0.201362296939,
            "Cluster2": 0.101184949279,
            "Cluster3": 0.311390310526,
            "Cluster4": 0.287430197001,
            "Cluster5": 0.0986322537065
        },
        "probability": 0.311390310526,
        "value": "Cluster3"
    },
    "timbre": {
        "all": {
            "bright": 0.2257245332,
            "dark": 0.774275481701
        },
        "probability": 0.774275481701,
        "value": "dark"
    },
    "tonal_atonal": {
        "all": {
            "atonal": 0.135789051652,
            "tonal": 0.864210963249
        },
        "probability": 0.864210963249,
        "value": "tonal"
    },
    "voice_instrumental": {
        "all": {
            "instrumental": 0.895557641983,
            "voice": 0.104442350566
        },
        "probability": 0.895557641983,
        "value": "instrumental"
    }
},
"lowlevel": {
    "average_loudness": 0.920939803123,
    "barkbands_crest": {
        "dmean": 2.95623993874,
        "dmean2": 4.98024463654,
        "dvar": 7.94140481949,
        "dvar2": 24.4253196716,
        "max": 24.4214553833,
        "mean": 10.8959693909,
        "median": 9.96464061737,
        "min": 3.79451227188,
        "var": 19.7155666351
    },
    "barkbands_flatness_db": {
        "dmean": 0.0229947641492,
        "dmean2": 0.0381078347564,
        "dvar": 0.000405790167861,
        "dvar2": 0.0011783556547,
        "max": 0.332115709782,
        "mean": 0.182675436139,
        "median": 0.178112059832,
        "min": 0.0832666307688,
        "var": 0.00144100980833
    },
    "barkbands_kurtosis": {
        "dmean": 1.91825294495,
        "dmean2": 3.17305088043,
        "dvar": 10.9342765808,
        "dvar2": 30.699508667,
        "max": 62.0079421997,
        "mean": 2.10570549965,
        "median": 0.812254190445,
        "min": -1.58702111244,
        "var": 19.8447780609
    },
    "barkbands_skewness": {
        "dmean": 0.466674804688,
        "dmean2": 0.747857928276,
        "dvar": 0.216606870294,
        "dvar2": 0.631556034088,
        "max": 7.4851307869,
        "mean": 1.32186639309,
        "median": 1.16123664379,
        "min": -1.20908737183,
        "var": 0.866563737392
    },
    "barkbands_spread": {
        "dmean": 3.54256057739,
        "dmean2": 5.85328483582,
        "dvar": 10.5932674408,
        "dvar2": 30.4745101929,
        "max": 42.6539230347,
        "mean": 18.0406894684,
        "median": 18.206199646,
        "min": 2.56816840172,
        "var": 37.9752578735
    },
    "dissonance": {
        "dmean": 0.0183171089739,
        "dmean2": 0.0308457873762,
        "dvar": 0.000281125598121,
        "dvar2": 0.000796935521066,
        "max": 0.499071121216,
        "mean": 0.453061401844,
        "median": 0.45813819766,
        "min": 0.33103582263,
        "var": 0.000750040693674
    },
    "dynamic_complexity": 2.67176890373,
    "erbbands_crest": {
        "dmean": 2.3317656517,
        "dmean2": 3.60524892807,
        "dvar": 4.76243019104,
        "dvar2": 10.4414453506,
        "max": 29.7111415863,
        "mean": 9.30503749847,
        "median": 8.34871482849,
        "min": 2.76982879639,
        "var": 17.0619792938
    },
    "erbbands_flatness_db": {
        "dmean": 0.0151722338051,
        "dmean2": 0.0228261910379,
        "dvar": 0.000199927540962,
        "dvar2": 0.000444284582045,
        "max": 0.326992094517,
        "mean": 0.199357315898,
        "median": 0.19364567101,
        "min": 0.111916154623,
        "var": 0.00122997851577
    },
    "erbbands_kurtosis": {
        "dmean": 0.529282808304,
        "dmean2": 0.800449728966,
        "dvar": 0.323580205441,
        "dvar2": 0.672731459141,
        "max": 10.9197092056,
        "mean": 0.0516419373453,
        "median": -0.175260305405,
        "min": -1.47821903229,
        "var": 1.14538645744
    },
    "erbbands_skewness": {
        "dmean": 0.260180413723,
        "dmean2": 0.395436197519,
        "dvar": 0.0450556278229,
        "dvar2": 0.100947067142,
        "max": 2.11335539818,
        "mean": -0.0475568808615,
        "median": -0.0426965281367,
        "min": -2.03455305099,
        "var": 0.204401478171
    },
    "erbbands_spread": {
        "dmean": 4.32787418365,
        "dmean2": 6.2648639679,
        "dvar": 18.0553073883,
        "dvar2": 37.5486335754,
        "max": 63.9158592224,
        "mean": 26.5562953949,
        "median": 25.6443328857,
        "min": 4.84314203262,
        "var": 83.6713943481
    },
    "hfc": {
        "dmean": 4.89609289169,
        "dmean2": 7.15679693222,
        "dvar": 28.6671581268,
        "dvar2": 60.5883102417,
        "max": 61.145324707,
        "mean": 23.8752498627,
        "median": 25.6440677643,
        "min": 0.631200492382,
        "var": 184.3125
    },
    "melbands_crest": {
        "dmean": 3.69266295433,
        "dmean2": 6.26452112198,
        "dvar": 10.5742425919,
        "dvar2": 33.0665893555,
        "max": 32.6376152039,
        "mean": 15.7927856445,
        "median": 15.3916473389,
        "min": 4.7549366951,
        "var": 35.1008987427
    },
    "melbands_flatness_db": {
        "dmean": 0.0270845778286,
        "dmean2": 0.0435766167939,
        "dvar": 0.000582314562052,
        "dvar2": 0.00163442082703,
        "max": 0.432018667459,
        "mean": 0.249818637967,
        "median": 0.244880229235,
        "min": 0.121119484305,
        "var": 0.00244305981323
    },
    "melbands_kurtosis": {
        "dmean": 4.78643083572,
        "dmean2": 7.9267578125,
        "dvar": 67.7238693237,
        "dvar2": 187.353881836,
        "max": 150.501754761,
        "mean": 7.88466835022,
        "median": 4.25990486145,
        "min": -1.25924277306,
        "var": 128.820999146
    },
    "melbands_skewness": {
        "dmean": 0.645730376244,
        "dmean2": 1.04313421249,
        "dvar": 0.451774150133,
        "dvar2": 1.28716254234,
        "max": 10.702173233,
        "mean": 2.25897932053,
        "median": 1.99162709713,
        "min": -0.975344538689,
        "var": 1.75789809227
    },
    "melbands_spread": {
        "dmean": 4.65734434128,
        "dmean2": 7.62362098694,
        "dvar": 18.9025821686,
        "dvar2": 52.5805091858,
        "max": 47.1819992065,
        "mean": 19.4669437408,
        "median": 18.1995487213,
        "min": 1.81937944889,
        "var": 75.2850646973
    },
    "pitch_salience": {
        "dmean": 0.0745280683041,
        "dmean2": 0.123886376619,
        "dvar": 0.00482720509171,
        "dvar2": 0.0139111122116,
        "max": 0.773540318012,
        "mean": 0.456776112318,
        "median": 0.457690566778,
        "min": 0.0998231619596,
        "var": 0.0121383983642
    },
    "silence_rate_20dB": {
        "dmean": 0,
        "dmean2": 0,
        "dvar": 0,
        "dvar2": 0,
        "max": 1,
        "mean": 1,
        "median": 1,
        "min": 1,
        "var": 0
    },
    "silence_rate_30dB": {
        "dmean": 0.105263158679,
        "dmean2": 0.210689380765,
        "dvar": 0.0941817089915,
        "dvar2": 0.223622694612,
        "max": 1,
        "mean": 0.872389793396,
        "median": 1,
        "min": 0,
        "var": 0.111324124038
    },
    "silence_rate_60dB": {
        "dmean": 0.022445820272,
        "dmean2": 0.0449264124036,
        "dvar": 0.0219419784844,
        "dvar2": 0.0460063554347,
        "max": 1,
        "mean": 0.0688321739435,
        "median": 0,
        "min": 0,
        "var": 0.0640942677855
    },
    "spectral_centroid": {
        "dmean": 142.51499939,
        "dmean2": 221.816223145,
        "dvar": 15881.6855469,
        "dvar2": 40496.3945312,
        "max": 2196.93945312,
        "mean": 1155.48156738,
        "median": 1139.7199707,
        "min": 392.481292725,
        "var": 85025.828125
    },
    "spectral_complexity": {
        "dmean": 2.98529410362,
        "dmean2": 4.51432991028,
        "dvar": 8.85193252563,
        "dvar2": 17.8841018677,
        "max": 44,
        "mean": 22.0649642944,
        "median": 23,
        "min": 2,
        "var": 65.1187286377
    },
    "spectral_decrease": {
        "dmean": 5.33162580751e-09,
        "dmean2": 9.06814534574e-09,
        "dvar": 5.18584771562e-17,
        "dvar2": 1.49367960441e-16,
        "max": -2.63563559866e-10,
        "mean": -1.43070630898e-08,
        "median": -1.20491350231e-08,
        "min": -6.35515888803e-08,
        "var": 1.18030798652e-16
    },
    "spectral_energy": {
        "dmean": 0.0204092375934,
        "dmean2": 0.0346093140543,
        "dvar": 0.000752746884245,
        "dvar2": 0.00216273777187,
        "max": 0.245063111186,
        "mean": 0.0561637207866,
        "median": 0.0481795072556,
        "min": 0.00105200184043,
        "var": 0.00174967059866
    },
    "spectral_energyband_high": {
        "dmean": 0.000104001628642,
        "dmean2": 0.000160384079209,
        "dvar": 2.93882376212e-08,
        "dvar2": 6.98839244251e-08,
        "max": 0.00186715845484,
        "mean": 0.000211235426832,
        "median": 0.000167349353433,
        "min": 1.45519243233e-06,
        "var": 4.40084271247e-08
    },
    "spectral_energyband_low": {
        "dmean": 0.0184323545545,
        "dmean2": 0.0326574519277,
        "dvar": 0.000696233590133,
        "dvar2": 0.00206028809771,
        "max": 0.222287744284,
        "mean": 0.0332426019013,
        "median": 0.0210802592337,
        "min": 1.09757884275e-05,
        "var": 0.0012415148085
    },
    "spectral_energyband_middle_high": {
        "dmean": 0.00227941293269,
        "dmean2": 0.00314408028498,
        "dvar": 5.613288522e-06,
        "dvar2": 1.13369778774e-05,
        "max": 0.0339565724134,
        "mean": 0.00946207810193,
        "median": 0.00953537784517,
        "min": 0.000166923302459,
        "var": 3.88622502214e-05
    },
    "spectral_energyband_middle_low": {
        "dmean": 0.00453559262678,
        "dmean2": 0.00652653537691,
        "dvar": 4.50935185654e-05,
        "dvar2": 0.000104521139292,
        "max": 0.0725239813328,
        "mean": 0.0143782841042,
        "median": 0.0128759769723,
        "min": 0.000350375543348,
        "var": 0.000119756528875
    },
    "spectral_entropy": {
        "dmean": 0.13460983336,
        "dmean2": 0.18298445642,
        "dvar": 0.0149178048596,
        "dvar2": 0.030644338578,
        "max": 7.95466423035,
        "mean": 7.17425489426,
        "median": 7.19396495819,
        "min": 6.33727169037,
        "var": 0.0813843905926
    },
    "spectral_flux": {
        "dmean": 0.0287590380758,
        "dmean2": 0.0443722642958,
        "dvar": 0.00109146337491,
        "dvar2": 0.00264586973935,
        "max": 0.358703136444,
        "mean": 0.102773576975,
        "median": 0.0935198888183,
        "min": 0.00696516549215,
        "var": 0.00401574047282
    },
    "spectral_kurtosis": {
        "dmean": 3.77562618256,
        "dmean2": 6.5556511879,
        "dvar": 10.286866188,
        "dvar2": 30.9323749542,
        "max": 33.585231781,
        "mean": 7.71084833145,
        "median": 6.56402397156,
        "min": 1.10441637039,
        "var": 19.9311714172
    },
    "spectral_rms": {
        "dmean": 0.00117750198115,
        "dmean2": 0.00194289570209,
        "dvar": 1.80366077984e-06,
        "dvar2": 5.09493474965e-06,
        "max": 0.0154624050483,
        "mean": 0.00679532345384,
        "median": 0.00685597537085,
        "min": 0.00101308606099,
        "var": 8.61748776515e-06
    },
    "spectral_rolloff": {
        "dmean": 263.714508057,
        "dmean2": 456.5184021,
        "dvar": 85411.40625,
        "dvar2": 230385.375,
        "max": 2820.84960938,
        "mean": 970.061584473,
        "median": 947.4609375,
        "min": 64.599609375,
        "var": 230731.78125
    },
    "spectral_skewness": {
        "dmean": 0.346721827984,
        "dmean2": 0.595929205418,
        "dvar": 0.0737469643354,
        "dvar2": 0.223930895329,
        "max": 3.95423793793,
        "mean": 1.70795476437,
        "median": 1.62797379494,
        "min": 0.754013597965,
        "var": 0.195093870163
    },
    "spectral_spread": {
        "dmean": 306308.84375,
        "dmean2": 466018.8125,
        "dvar": 143875899392,
        "dvar2": 247912120320,
        "max": 11410467,
        "mean": 2600728.75,
        "median": 2518357.75,
        "min": 1572194.75,
        "var": 257457946624
    },
    "spectral_strongpeak": {
        "dmean": 0.430823326111,
        "dmean2": 0.75660943985,
        "dvar": 0.689106822014,
        "dvar2": 1.69938874245,
        "max": 9.59821033478,
        "mean": 0.74147683382,
        "median": 0.44069263339,
        "min": 0.0327445566654,
        "var": 0.961323916912
    },
    "zerocrossingrate": {
        "dmean": 0.00462166499346,
        "dmean2": 0.0062050675042,
        "dvar": 1.42263606904e-05,
        "dvar2": 2.56921175605e-05,
        "max": 0.07373046875,
        "mean": 0.0364266112447,
        "median": 0.0361328125,
        "min": 0.00830078125,
        "var": 0.000131563923787
    },
    "barkbands": {
        "dmean": [0.000847198825795, 0.0165618993342, 0.00344927352853, 0.00106990360655, 0.00169299903791, 0.000964897044469, 0.00175118702464, 0.00100791279692, 0.000604863045737, 0.000562758941669, 0.000853244157042, 0.000707270402927, 0.000768115802202, 0.000459901697468, 0.000669026456308, 0.000236348059843, 0.000421959091909, 0.000289931049338, 0.000105747531052, 8.14629092929e-05, 4.75672713947e-05, 1.7622289306e-05, 1.1576939869e-05, 7.10957601768e-06, 3.29473527927e-06, 1.60796139426e-06, 4.33221591933e-09],
        "dmean2": [0.00146374478936, 0.0295446440578, 0.00564577616751, 0.00162483239546, 0.0024696951732, 0.00141711498145, 0.00277367467061, 0.00142730749212, 0.000850983604323, 0.000798764289357, 0.00110352423508, 0.00104200048372, 0.00107706955168, 0.000688631087542, 0.00106798566412, 0.00038183311699, 0.000692196073942, 0.000476902059745, 0.000171457024408, 0.000133481778903, 7.72620987846e-05, 2.71019998763e-05, 1.80825973075e-05, 1.15573002404e-05, 5.65577693123e-06, 2.85870282823e-06, 6.49318065982e-09],
        "dvar": [1.7813164277e-06, 0.000582111242693, 5.14692692377e-05, 4.63519927507e-06, 1.38088325912e-05, 2.67684754363e-06, 6.26149949312e-06, 2.06169329431e-06, 1.03411389318e-06, 7.87759802279e-07, 1.50177163505e-06, 1.87453895251e-06, 1.41973123391e-06, 6.77187586007e-07, 6.8391602781e-07, 1.24962937775e-07, 2.95294427133e-07, 2.66224645884e-07, 1.57188360106e-08, 1.19475993543e-08, 4.89971174744e-09, 9.25260645879e-10, 6.57860599329e-10, 3.15055537214e-10, 4.75163311475e-11, 2.77952140471e-11, 4.17122221908e-15],
        "dvar2": [5.38584481546e-06, 0.0017821546644, 0.000132422530442, 1.14234826469e-05, 3.30188886437e-05, 6.67493259243e-06, 1.6090045392e-05, 4.26000633524e-06, 2.23631968765e-06, 1.75500269961e-06, 2.44777243097e-06, 3.64991024071e-06, 2.74198760053e-06, 1.47633181768e-06, 1.75879438302e-06, 3.29238702079e-07, 8.29750149478e-07, 6.74697275826e-07, 4.07070253061e-08, 3.12432710814e-08, 1.22824825866e-08, 2.16265694242e-09, 1.60894986223e-09, 8.08770272975e-10, 1.25938162676e-10, 7.85601583786e-11, 4.20399646491e-15],
        "max": [0.0147283282131, 0.209010586143, 0.0752144828439, 0.0316616259515, 0.0444632768631, 0.0234530437738, 0.0398132540286, 0.0251970775425, 0.0149022806436, 0.0102244205773, 0.0188957098871, 0.0255584344268, 0.0169846955687, 0.0104199871421, 0.00823896471411, 0.00350954360329, 0.00590215856209, 0.00815352518111, 0.00115048396401, 0.00106587237678, 0.000718776893336, 0.000321042665746, 0.000318756676279, 0.000248009717325, 7.88666729932e-05, 0.00010521949298, 2.3199061161e-06],
        "mean": [0.00174629990943, 0.0247825738043, 0.00587625382468, 0.0016858150484, 0.00352851487696, 0.00220636860467, 0.00292516965419, 0.00209122942761, 0.00135041819885, 0.00111515657045, 0.0018224674277, 0.0013819335727, 0.00139863532968, 0.000765997043345, 0.00123285828158, 0.000405043741921, 0.000764525844716, 0.000543287023902, 0.000225134514039, 0.000172504092916, 8.83686225279e-05, 2.81368811557e-05, 1.34079218697e-05, 7.7184949987e-06, 4.23918891101e-06, 1.69559768892e-06, 3.79014064578e-09],
        "median": [0.000374074239517, 0.0133737083524, 0.00229562795721, 0.000598515791353, 0.00202753068879, 0.0012472938979, 0.00168166856747, 0.000985933234915, 0.000764195399825, 0.000616071105469, 0.000868846895173, 0.000640175130684, 0.00058986118529, 0.000342197832651, 0.000836529303342, 0.000237379645114, 0.00057696463773, 0.000279230327578, 0.000180156290298, 0.000134761547088, 6.76755444147e-05, 1.97442841454e-05, 5.83892597206e-06, 3.20670392284e-06, 2.71268049801e-06, 8.06305536116e-07, 6.34205243877e-10],
        "min": [2.56096366336e-09, 3.41852273777e-06, 1.48126537169e-06, 3.65807181879e-07, 7.81611925049e-06, 1.25307024064e-05, 7.00725140632e-05, 2.56957991951e-06, 7.87003273217e-07, 5.57694193049e-06, 2.69529004981e-06, 4.0931950025e-06, 1.17304091418e-06, 8.3237415538e-07, 3.41463987752e-06, 1.1560183566e-06, 2.2202823402e-06, 1.04387288502e-06, 3.5610314626e-06, 1.16423370855e-06, 1.75753370968e-07, 8.47920560432e-08, 2.63801140932e-08, 1.74055958535e-09, 1.33887054221e-10, 9.46626943499e-11, 1.85322278357e-11],
        "var": [6.93656329531e-06, 0.000856984057464, 7.6468946645e-05, 9.95632035483e-06, 2.26164993364e-05, 7.49624223317e-06, 1.22742249005e-05, 7.41013900551e-06, 2.88056526188e-06, 2.11721385313e-06, 5.83643395657e-06, 6.07086258242e-06, 4.4021321628e-06, 1.46973468418e-06, 1.59875696681e-06, 2.4669319032e-07, 5.76342131353e-07, 6.14202406268e-07, 3.95240249418e-08, 2.49040503775e-08, 8.1263493712e-09, 1.18697196516e-09, 6.2816257751e-10, 2.61853649874e-10, 3.9678562519e-11, 1.77157576803e-11, 4.1654818768e-15]
    },
    "erbbands": {
        "dmean": [0.628797292709, 3.4146668911, 4.83200836182, 3.0670838356, 5.12661552429, 6.1814699173, 5.83874797821, 8.07887840271, 16.0456695557, 24.6868991852, 26.8688259125, 13.8812217712, 16.2471313477, 28.5776329041, 22.6773090363, 35.8062553406, 32.5094871521, 28.1652412415, 23.4742698669, 24.4663772583, 15.6959199905, 17.8637123108, 19.8235244751, 6.59538793564, 5.13974046707, 3.17365694046, 2.33369350433, 1.41084969044, 0.623440623283, 0.517074108124, 0.315541774035, 0.186120197177, 0.102227285504, 0.0470266342163, 0.0192937105894, 0.00921707879752, 0.00301357940771, 0.000192157312995, 1.10071014205e-05, 2.23110437219e-05],
        "dmean2": [1.1457927227, 5.88146543503, 7.94134187698, 4.84720611572, 8.03123664856, 8.89992523193, 8.41583442688, 12.2313337326, 25.4196338654, 38.5525970459, 37.3371925354, 19.6034965515, 22.782541275, 36.9398422241, 31.0968456268, 52.4286766052, 45.6658973694, 40.7413902283, 36.4524497986, 39.5661354065, 25.4282207489, 29.5292110443, 32.8282356262, 10.6137418747, 8.38703536987, 5.14895820618, 3.73397183418, 2.27704119682, 0.956505119801, 0.816338658333, 0.501549422741, 0.300642132759, 0.167005613446, 0.0794954895973, 0.0339524708688, 0.0166236162186, 0.00529014505446, 0.000337980745826, 1.82573385246e-05, 3.76443713321e-05],
        "dvar": [0.905383348465, 25.873758316, 77.9539337158, 51.6936454773, 155.840789795, 150.027709961, 76.0748443604, 302.066741943, 498.414245605, 1078.12207031, 1668.70373535, 384.674285889, 734.313293457, 1861.72424316, 1804.54968262, 4812.62353516, 2431.81494141, 1908.55456543, 1231.66296387, 911.241516113, 357.37109375, 711.896606445, 1338.953125, 58.1483459473, 45.2762145996, 19.1916217804, 14.8521518707, 4.02717208862, 1.26376354694, 0.77301710844, 0.622057974339, 0.243894949555, 0.053813714534, 0.00964678823948, 0.00240572076291, 0.0012383791618, 6.28823108855e-05, 1.74236646444e-07, 2.91798640806e-10, 8.87403373007e-10],
        "dvar2": [2.99503135681, 75.1714172363, 191.786376953, 137.851150513, 408.596038818, 314.343017578, 162.944152832, 734.112243652, 1353.49621582, 2655.29614258, 3359.96948242, 850.347900391, 1435.42492676, 3281.03100586, 3574.73706055, 9333.46484375, 4634.01220703, 4146.45605469, 3005.81054688, 2431.90673828, 945.275146484, 2001.20666504, 3385.00463867, 146.219360352, 127.138557434, 48.3026008606, 37.6787872314, 10.0122852325, 2.94385313988, 1.83117365837, 1.58326077461, 0.622152745724, 0.140168935061, 0.0250738430768, 0.00668787257746, 0.00354010006413, 0.0001749786461, 4.75159907865e-07, 6.82586764889e-10, 2.54029330904e-09],
        "max": [8.96810150146, 41.4322242737, 81.7965393066, 90.0741882324, 146.206726074, 151.179748535, 150.046417236, 298.330078125, 340.312286377, 456.909881592, 727.178710938, 291.596557617, 386.026977539, 701.774536133, 682.67565918, 1282.08996582, 720.862182617, 551.129638672, 511.497589111, 268.273620605, 310.062561035, 369.1512146, 585.322021484, 72.0160140991, 72.7501449585, 50.4498977661, 51.1285438538, 19.4812793732, 14.3390541077, 8.69518947601, 12.0853662491, 6.7646484375, 2.95327377319, 1.06288611889, 0.803174436092, 0.788481533527, 0.107679612935, 0.00447116000578, 0.000339780002832, 0.000270468444796],
        "mean": [0.786060750484, 5.18204450607, 8.61821365356, 5.31937456131, 8.66310119629, 13.9255304337, 12.9854278564, 17.5765628815, 29.7793884277, 43.8090057373, 55.6209335327, 35.7867889404, 33.9475708008, 64.1343688965, 47.8100662231, 71.3567428589, 63.2553215027, 53.0460853577, 47.501083374, 50.2715415955, 31.5467090607, 34.6655654907, 37.5353126526, 14.5665874481, 10.9759836197, 6.99770402908, 4.37177228928, 2.71891283989, 1.06222975254, 0.767189741135, 0.359539449215, 0.190638467669, 0.121017798781, 0.0602692775428, 0.021711545065, 0.00861775502563, 0.00351555761881, 0.000214570638491, 3.2218908018e-05, 6.37261327938e-05],
        "median": [0.284598767757, 3.20315122604, 4.10527992249, 2.74950480461, 4.21683359146, 7.69249248505, 7.73458719254, 7.86784696579, 20.1616325378, 25.0578575134, 26.5248584747, 25.1491508484, 21.3636608124, 33.9153137207, 24.7125320435, 34.0477752686, 32.9329795837, 32.4595794678, 34.8097686768, 39.9866943359, 26.7692871094, 25.5190734863, 19.3956241608, 12.3931493759, 8.82643795013, 5.89924001694, 3.31223630905, 1.80234074593, 0.749728083611, 0.503924548626, 0.152567952871, 0.0684310272336, 0.0564411282539, 0.0375462286174, 0.0122382137924, 0.00362452236004, 0.00174447731115, 0.000101371260826, 2.99513812934e-05, 5.59466425329e-05],
        "min": [4.9102192861e-05, 0.00106324010994, 0.00275589874946, 0.0017633032985, 0.00357076432556, 0.0166638605297, 0.0629556551576, 0.150885760784, 1.03721678257, 0.782415211201, 0.318171620369, 0.109354563057, 0.219834625721, 0.609227597713, 0.299646288157, 0.536408960819, 0.138505592942, 0.0915403291583, 0.0714235678315, 0.201693415642, 0.156409710646, 0.14611120522, 0.117723688483, 0.221336215734, 0.114962726831, 0.0536747910082, 0.0319527797401, 0.00981821678579, 0.00378711801022, 0.00158065080177, 0.000423303688876, 5.45445982425e-05, 4.85284508613e-05, 1.64554730873e-05, 1.05007056845e-05, 3.11229632644e-06, 7.74081058807e-07, 1.91586423171e-07, 5.44218039522e-07, 1.20708421036e-06],
        "var": [1.22378957272, 35.554271698, 131.167510986, 70.9061889648, 194.505523682, 363.558776855, 271.735778809, 911.98223877, 946.238220215, 2372.58520508, 5643.04199219, 1377.22644043, 1965.71020508, 7072.45068359, 5264.05322266, 15181.9345703, 7551.26464844, 4266.52197266, 3025.48657227, 2066.12939453, 763.277770996, 1315.08496094, 3009.08496094, 141.224273682, 95.8763427734, 36.6838569641, 20.4972915649, 8.6610584259, 1.61316072941, 0.981288969517, 0.533534049988, 0.200049117208, 0.0470026731491, 0.00843238458037, 0.00167468737345, 0.000737616035622, 4.59149159724e-05, 1.40052193842e-07, 5.63611102233e-10, 2.13083417577e-09]
    },
    "gfcc": {
        "mean": [-3.79458093643, 152.554214478, -144.323150635, 29.9009895325, -36.3276252747, 6.98458814621, -21.0607032776, 10.0862131119, -12.1859321594, 4.07350301743, -4.95556545258, -2.72990298271, -3.15310788155],
        "cov": [[5099.81103516, -702.922363281, 225.126495361, 683.415405273, 158.172241211, 532.248291016, -62.9997024536, 115.88697052, 53.3398017883, 133.878829956, -344.628051758, -112.998825073, -193.345611572], [-702.922363281, 413.83706665, 4.01239919662, -60.146812439, 78.6837310791, -88.3627319336, 84.6925888062, -66.1817016602, 60.2875823975, -69.4318008423, 107.393493652, -30.2329025269, 67.6476135254], [225.126495361, 4.01239919662, 243.976226807, 96.9729003906, 62.4586639404, 42.8353805542, 11.493393898, 33.3327331543, 2.59887433052, 24.931060791, -24.0455627441, 4.1470375061, -20.1505374908], [683.415405273, -60.146812439, 96.9729003906, 220.314147949, 40.5481834412, 86.1287155151, 3.60425901413, 7.87711238861, 37.4850616455, -9.80985832214, -22.4518108368, -36.8753242493, -5.76818656921], [158.172241211, 78.6837310791, 62.4586639404, 40.5481834412, 179.99407959, 47.3590774536, 60.7437667847, 22.0928039551, 16.1039810181, 21.9362030029, -1.59276628494, 3.6348593235, 1.22357666492], [532.248291016, -88.3627319336, 42.8353805542, 86.1287155151, 47.3590774536, 138.904327393, 22.206571579, 15.8778829575, 10.609910965, 16.0135402679, -28.7388954163, -20.4942531586, -15.9617071152], [-62.9997024536, 84.6925888062, 11.493393898, 3.60425901413, 60.7437667847, 22.206571579, 103.586540222, 17.6324539185, 26.7144031525, -7.42284679413, 18.5951385498, 2.46430873871, 14.8453330994], [115.88697052, -66.1817016602, 33.3327331543, 7.87711238861, 22.0928039551, 15.8778829575, 17.6324539185, 97.0526428223, 7.94065666199, 24.3344612122, -21.2064285278, 5.45106077194, -3.94284343719], [53.3398017883, 60.2875823975, 2.59887433052, 37.4850616455, 16.1039810181, 10.609910965, 26.7144031525, 7.94065666199, 93.0614395142, 6.76655912399, 24.9542427063, -21.1119613647, 9.67067813873], [133.878829956, -69.4318008423, 24.931060791, -9.80985832214, 21.9362030029, 16.0135402679, -7.42284679413, 24.3344612122, 6.76655912399, 87.7768478394, -7.88073015213, 10.2508430481, -28.4415206909], [-344.628051758, 107.393493652, -24.0455627441, -22.4518108368, -1.59276628494, -28.7388954163, 18.5951385498, -21.2064285278, 24.9542427063, -7.88073015213, 107.096130371, 12.0102949142, 34.2758712769], [-112.998825073, -30.2329025269, 4.1470375061, -36.8753242493, 3.6348593235, -20.4942531586, 2.46430873871, 5.45106077194, -21.1119613647, 10.2508430481, 12.0102949142, 80.9315185547, 16.6939373016], [-193.345611572, 67.6476135254, -20.1505374908, -5.76818656921, 1.22357666492, -15.9617071152, 14.8453330994, -3.94284343719, 9.67067813873, -28.4415206909, 34.2758712769, 16.6939373016, 72.4445114136]],
        "icov": [[0.000712097156793, -0.000724358367734, 0.000895894831046, -0.00218234700151, 0.000318179634633, -0.00185408222023, 0.00078022829257, -0.000674456416164, 0.000183065392775, -0.00103957904503, 0.00165736069903, -0.00106613663957, 0.00107080372982], [-0.000724358367734, 0.0201353449374, -0.00801494251937, 0.0109193939716, -0.0107458168641, 0.013299533166, -0.00924487970769, 0.0127707561478, -0.00860242825001, 0.0114436540753, -0.0103405257687, 0.0149276144803, -0.00930029992014], [0.000895894831046, -0.00801494251937, 0.00960913859308, -0.00885651260614, 0.00294411205687, -0.00587981799617, 0.00386210414581, -0.00652753328905, 0.00428368663415, -0.00609001843259, 0.00533363921568, -0.00763273332268, 0.00562356598675], [-0.00218234700151, 0.0109193939716, -0.00885651260614, 0.0192426424474, -0.00630265334621, 0.00640483433381, -0.00388023396954, 0.00784787442535, -0.00772750517353, 0.0105877118185, -0.00829225126654, 0.0112065123394, -0.00768301356584], [0.000318179634633, -0.0107458168641, 0.00294411205687, -0.00630265334621, 0.0139828305691, -0.00809832382947, 0.000225626848987, -0.00657372130081, 0.00505878403783, -0.00832917913795, 0.00566560262814, -0.00813158787787, 0.00402398454025], [-0.00185408222023, 0.013299533166, -0.00587981799617, 0.00640483433381, -0.00809832382947, 0.0229278896004, -0.00965369492769, 0.00878515001386, -0.00409378111362, 0.00623643584549, -0.00751181226224, 0.0121943196282, -0.00710893794894], [0.00078022829257, -0.00924487970769, 0.00386210414581, -0.00388023396954, 0.000225626848987, -0.00965369492769, 0.019563138485, -0.00846385676414, 6.31465081824e-05, -0.00165418407414, 0.0035295332782, -0.00801562611014, 0.00439932802692], [-0.000674456416164, 0.0127707561478, -0.00652753328905, 0.00784787442535, -0.00657372130081, 0.00878515001386, -0.00846385676414, 0.0209581498057, -0.00652203662321, 0.00390591681935, -0.00357100157999, 0.00908820796758, -0.00799484644085], [0.000183065392775, -0.00860242825001, 0.00428368663415, -0.00772750517353, 0.00505878403783, -0.00409378111362, 6.31465081824e-05, -0.00652203662321, 0.0190789438784, -0.00838430412114, 0.000750566949137, -0.00201242929325, 0.00201240275055], [-0.00103957904503, 0.0114436540753, -0.00609001843259, 0.0105877118185, -0.00832917913795, 0.00623643584549, -0.00165418407414, 0.00390591681935, -0.00838430412114, 0.0242990572006, -0.00862446893007, 0.00546025205404, 0.00123619963415], [0.00165736069903, -0.0103405257687, 0.00533363921568, -0.00829225126654, 0.00566560262814, -0.00751181226224, 0.0035295332782, -0.00357100157999, 0.000750566949137, -0.00862446893007, 0.0212237238884, -0.00967857241631, 0.000936571334023], [-0.00106613663957, 0.0149276144803, -0.00763273332268, 0.0112065123394, -0.00813158787787, 0.0121943196282, -0.00801562611014, 0.00908820796758, -0.00201242929325, 0.00546025205404, -0.00967857241631, 0.0278188288212, -0.0124729638919], [0.00107080372982, -0.00930029992014, 0.00562356598675, -0.00768301356584, 0.00402398454025, -0.00710893794894, 0.00439932802692, -0.00799484644085, 0.00201240275055, 0.00123619963415, 0.000936571334023, -0.0124729638919, 0.0259753558785]]
    },
    "melbands": {
        "dmean": [0.00491047464311, 0.00311965961009, 0.000563778216019, 0.000431645079516, 0.000187255340279, 0.000181943440111, 0.000299969542539, 0.000237675849348, 0.000222852861043, 8.37927582324e-05, 7.96726671979e-05, 0.000109638844151, 8.1825099187e-05, 8.95539633348e-05, 5.28634882357e-05, 9.83165664366e-05, 5.23976486875e-05, 3.26120789396e-05, 5.58468636882e-05, 2.3477450668e-05, 2.26073407248e-05, 2.1957745048e-05, 1.55607085617e-05, 1.45333824548e-05, 5.59499312658e-06, 3.84072109227e-06, 4.26981387136e-06, 2.11104338632e-06, 1.55561576776e-06, 1.56871101353e-06, 6.88011198235e-07, 3.76599615493e-07, 3.32528685476e-07, 2.6790650054e-07, 1.9667193385e-07, 1.43984735246e-07, 1.03911261817e-07, 7.66333343449e-08, 5.99052754069e-08, 3.64390189134e-08],
        "dmean2": [0.00883561931551, 0.00520894164219, 0.000879028695635, 0.000641053775325, 0.000271745549981, 0.000272720790235, 0.000472429179354, 0.00036836246727, 0.000307796464767, 0.000118660092994, 0.0001124113478, 0.000143059325637, 0.000109152300865, 0.000130522152176, 7.88720353739e-05, 0.000135654263431, 7.70657788962e-05, 5.07250515511e-05, 8.94593540579e-05, 3.80438141292e-05, 3.70841589756e-05, 3.61056045222e-05, 2.58260752162e-05, 2.41449470195e-05, 9.12163886824e-06, 6.26016708338e-06, 7.05575666871e-06, 3.43156443705e-06, 2.5018789529e-06, 2.57446640717e-06, 1.10514122298e-06, 5.82073880651e-07, 5.19113257269e-07, 4.3088118673e-07, 3.19176677976e-07, 2.31091746627e-07, 1.71009617134e-07, 1.27298292796e-07, 9.9964559297e-08, 6.1599493506e-08],
        "dvar": [5.09361998411e-05, 2.4798031518e-05, 1.5952754211e-06, 9.83919562714e-07, 7.04105502791e-08, 1.28855774051e-07, 1.7508236283e-07, 9.28865446781e-08, 1.22161239346e-07, 1.37418849633e-08, 1.8137184199e-08, 2.82214749348e-08, 1.63140700948e-08, 2.49624108051e-08, 6.38096819827e-09, 2.71298077337e-08, 9.93876980715e-09, 2.89645818441e-09, 5.83913140062e-09, 1.16445841858e-09, 8.73982164418e-10, 8.47861725273e-10, 4.97093477492e-10, 7.25914550692e-10, 4.46018187661e-11, 2.71720146383e-11, 3.10349003441e-11, 1.02663077692e-11, 6.718254425e-12, 5.42654202823e-12, 1.16539894054e-12, 4.46492127125e-13, 3.32431781755e-13, 2.26434688599e-13, 2.60580321427e-13, 1.2979205113e-13, 7.8139785495e-14, 3.37743782865e-14, 1.2981894612e-14, 6.06828675918e-15],
        "dvar2": [0.000162003139849, 6.49516950944e-05, 4.25035705121e-06, 2.37406402448e-06, 1.46137466572e-07, 3.15119990546e-07, 4.65642074232e-07, 2.25345686999e-07, 2.47336203074e-07, 2.99477811438e-08, 3.5434609913e-08, 5.22739007636e-08, 3.04481702074e-08, 4.88016738132e-08, 1.36038948995e-08, 5.16188514155e-08, 2.16398934327e-08, 6.93226098747e-09, 1.51777470592e-08, 3.08244585412e-09, 2.33765606872e-09, 2.37717934226e-09, 1.27118182647e-09, 1.87179938216e-09, 1.15881242102e-10, 7.28203469746e-11, 8.78421987927e-11, 2.64744060008e-11, 1.70142979566e-11, 1.43833070454e-11, 2.99109109876e-12, 1.06871803074e-12, 7.96105585968e-13, 5.41728445956e-13, 6.71174650146e-13, 3.29346603158e-13, 2.02244769326e-13, 8.87881009492e-14, 3.39785098387e-14, 1.60876171461e-14],
        "max": [0.0685705319047, 0.0504170879722, 0.0133593156934, 0.0119491461664, 0.0042129936628, 0.0057369642891, 0.00669600721449, 0.00406154990196, 0.00583628751338, 0.00169420870952, 0.00188909808639, 0.00258088484406, 0.00202188733965, 0.00304701947607, 0.00126563454978, 0.00233425595798, 0.00125912425574, 0.000804628478363, 0.00066429481376, 0.000356234901119, 0.0004234740627, 0.000360684382031, 0.000337596895406, 0.000388762739021, 6.96241550031e-05, 5.91588832322e-05, 4.67782156193e-05, 3.72859794879e-05, 3.39621547027e-05, 2.63668680418e-05, 1.13955939014e-05, 9.05190154299e-06, 6.05462264502e-06, 4.74634180136e-06, 7.80951813795e-06, 4.75237357023e-06, 3.62041760127e-06, 2.32073261941e-06, 1.09180064101e-06, 8.21467665446e-07],
        "mean": [0.00702462112531, 0.00541747035459, 0.0010224187281, 0.000861531996634, 0.000455164117739, 0.000401328201406, 0.000538841297384, 0.000447874655947, 0.000438738352386, 0.000210994796362, 0.000156624810188, 0.000238600972807, 0.000171638588654, 0.000175019944436, 0.000107998224848, 0.000172796659172, 8.92167226993e-05, 6.19158890913e-05, 0.000100547928014, 4.1885439714e-05, 3.92178590118e-05, 3.99789241783e-05, 2.98672221106e-05, 2.68552194029e-05, 1.04098662632e-05, 7.13397503205e-06, 7.94324841991e-06, 3.96813447878e-06, 2.60084198089e-06, 2.74788999377e-06, 1.15733257644e-06, 5.8365537825e-07, 4.89537114845e-07, 3.66143865449e-07, 2.10499180753e-07, 1.52892297933e-07, 9.76864669155e-08, 8.44055847438e-08, 7.66468986058e-08, 4.22309369696e-08],
        "median": [0.00322923343629, 0.00334799382836, 0.000585812318604, 0.000472490442917, 0.000315221783239, 0.000193323838175, 0.000343655992765, 0.000285636982881, 0.000186240868061, 0.000132520493935, 9.00450104382e-05, 0.000116155730211, 8.20528293843e-05, 8.56917904457e-05, 6.57076670905e-05, 5.46034207218e-05, 4.08816413255e-05, 3.9431211917e-05, 6.2723258452e-05, 2.58434265561e-05, 2.87289094558e-05, 2.92238182737e-05, 2.12476425077e-05, 1.17612607937e-05, 8.16037390905e-06, 5.00211126564e-06, 6.26057226327e-06, 3.08450535158e-06, 1.81743268968e-06, 1.88112073829e-06, 5.6407310467e-07, 3.93822006117e-07, 2.89236936624e-07, 2.10391903011e-07, 8.043363664e-08, 5.7390987962e-08, 3.03004341617e-08, 3.08529628512e-08, 4.72812509145e-08, 2.14747100102e-08],
        "min": [7.86398231867e-07, 1.4762332512e-06, 4.31233416975e-07, 6.06289461302e-07, 1.32037325784e-06, 3.63409003512e-06, 1.76321900653e-05, 5.91088519286e-06, 5.46215289887e-07, 2.00433220243e-07, 6.5446380404e-07, 1.60538991167e-06, 4.25356262213e-07, 1.06800644062e-06, 2.95071174605e-07, 1.19935720022e-07, 1.34066397095e-07, 3.31224789818e-08, 2.61699909743e-07, 9.76968124178e-08, 2.00987699372e-07, 9.96887834503e-08, 5.18988869658e-08, 6.91237289629e-08, 1.23311139077e-07, 3.38794698962e-08, 3.67800403467e-08, 2.66068429511e-08, 2.19104361321e-08, 4.49771025979e-10, 3.07610092953e-09, 1.80947179462e-09, 5.23336374236e-10, 2.53398385608e-10, 2.3084779921e-10, 2.72167054519e-12, 8.28388312807e-12, 3.27831858882e-11, 4.02175731953e-12, 1.2671945741e-12],
