{
"highlevel": {
    "danceability": {
        "all": {
            "danceable": 0.0138098848984,
            "not_danceable": 0.986190140247
        },
        "probability": 0.986190140247,
        "value": "not_danceable"
    },
    "gender": {
        "all": {
            "female": 0.536253035069,
            "male": 0.463746935129
        },
        "probability": 0.536253035069,
        "value": "female"
    },
    "genre_dortmund": {
        "all": {
            "alternative": 0.213370934129,
            "blues": 0.0556567423046,
            "electronic": 0.0829378217459,
            "folkcountry": 0.144417375326,
            "funksoulrnb": 0.00786377117038,
            "jazz": 0.00482640368864,
            "pop": 0.0453384704888,
            "raphiphop": 0.00122815382201,
            "rock": 0.4443603158
        },
        "probability": 0.4443603158,
        "value": "rock"
    },
    "genre_electronic": {
        "all": {
            "ambient": 0.380433887243,
            "dnb": 0.150413960218,
            "house": 0.0629710406065,
            "techno": 0.0252631884068,
            "trance": 0.380917936563
        },
        "probability": 0.380917936563,
        "value": "trance"
    },
    "genre_rosamerica": {
        "all": {
            "cla": 0.000843645073473,
            "dan": 0.00107501400635,
            "hip": 0.000160166542628,
            "jaz": 0.000862198357936,
            "pop": 0.00502371974289,
            "rhy": 0.00010522253433,
            "roc": 0.991907119751,
            "spe": 2.29178058362e-05
        },
        "probability": 0.991907119751,
        "value": "roc"
    },
    "genre_tzanetakis": {
        "all": {
            "blu": 0.0626541376114,
            "cla": 0.0348133966327,
            "cou": 0.0783501937985,
            "dis": 0.104547761381,
            "hip": 0.15693578124,
            "jaz": 0.313987255096,
            "met": 0.044816005975,
            "pop": 0.0627349764109,
            "reg": 0.0627352520823,
            "roc": 0.0784252434969
        },
        "probability": 0.313987255096,
        "value": "jaz"
    },
    "ismir04_rhythm": {
        "all": {
            "ChaChaCha": 0.786176800728,
            "Jive": 0.0875923633575,
            "Quickstep": 0.00686966720968,
            "Rumba-American": 0.00569235626608,
            "Rumba-International": 0.0106920432299,
            "Rumba-Misc": 0.000748255115468,
            "Samba": 0.0560075491667,
            "Tango": 0.0269131250679,
            "VienneseWaltz": 0.0169650241733,
            "Waltz": 0.00234279921278
        },
        "probability": 0.786176800728,
        "value": "ChaChaCha"
    },
    "mood_acoustic": {
        "all": {
            "acoustic": 0.00369541323744,
            "not_acoustic": 0.996304571629
        },
        "probability": 0.996304571629,
        "value": "not_acoustic"
    },
    "mood_aggressive": {
        "all": {
            "aggressive": 0.979537904263,
            "not_aggressive": 0.0204621069133
        },
        "probability": 0.979537904263,
        "value": "aggressive"
    },
    "mood_electronic": {
        "all": {
            "electronic": 0.594898402691,
            "not_electronic": 0.405101597309
        },
        "probability": 0.594898402691,
        "value": "electronic"
    },
    "mood_happy": {
        "all": {
            "happy": 0.0482191443443,
            "not_happy": 0.951780855656
        },
        "probability": 0.951780855656,
        "value": "not_happy"
    },
    "mood_party": {
        "all": {
            "not_party": 0.278748840094,
            "party": 0.721251189709
        },
        "probability": 0.721251189709,
        "value": "party"
    },
    "mood_relaxed": {
        "all": {
            "not_relaxed": 0.81710088253,
            "relaxed": 0.182899132371
        },
        "probability": 0.81710088253,
        "value": "not_relaxed"
    },
    "mood_sad": {
        "all": {
            "not_sad": 0.90366345644,
            "sad": 0.0963365212083
        },
        "probability": 0.90366345644,
        "value": "not_sad"
    },
    "moods_mirex": {
        "all": {
            "Cluster1": 0.334200501442,
            "Cluster2": 0.246314018965,
            "Cluster3": 0.222084194422,
            "Cluster4": 0.143068239093,
            "Cluster5": 0.0543330609798
        },
        "probability": 0.334200501442,
        "value": "Cluster1"
    },
    "timbre": {
        "all": {
            "bright": 0.999985396862,
            "dark": 1.46037309605e-05
        },
        "probability": 0.999985396862,
        "value": "bright"
    },
    "tonal_atonal": {
        "all": {
            "atonal": 0.00655828090385,
            "tonal": 0.993441700935
        },
        "probability": 0.993441700935,
        "value": "tonal"
    },
    "voice_instrumental": {
        "all": {
            "instrumental": 0.193907469511,
            "voice": 0.806092500687
        },
        "probability": 0.806092500687,
        "value": "voice"
    }
},
"lowlevel": {
    "average_loudness": 0.984310686588,
    "barkbands_crest": {
        "dmean": 2.43719315529,
        "dmean2": 3.94705581665,
        "dvar": 5.83919477463,
        "dvar2": 14.7932910919,
        "max": 18.7855434418,
        "mean": 7.71821308136,
        "median": 7.06153535843,
        "min": 2.29733157158,
        "var": 8.66560268402
    },
    "barkbands_flatness_db": {
        "dmean": 0.0149628091604,
        "dmean2": 0.0248394645751,
        "dvar": 0.000173775755684,
        "dvar2": 0.000478291767649,
        "max": 0.212898358703,
        "mean": 0.106414072216,
        "median": 0.106111578643,
        "min": 0.0491525791585,
        "var": 0.000392824789742
    },
    "barkbands_kurtosis": {
        "dmean": 0.808111250401,
        "dmean2": 1.32938671112,
        "dvar": 1.27413213253,
        "dvar2": 3.28529667854,
        "max": 11.0591135025,
        "mean": -0.13831935823,
        "median": -0.504709720612,
        "min": -1.61643302441,
        "var": 1.57902216911
    },
    "barkbands_skewness": {
        "dmean": 0.385931879282,
        "dmean2": 0.599308073521,
        "dvar": 0.145172521472,
        "dvar2": 0.344211161137,
        "max": 3.37858963013,
        "mean": 0.708646535873,
        "median": 0.630119144917,
        "min": -1.01533484459,
        "var": 0.359173566103
    },
    "barkbands_spread": {
        "dmean": 5.21975135803,
        "dmean2": 8.21455955505,
        "dvar": 19.8744220734,
        "dvar2": 53.9931983948,
        "max": 60.5105476379,
        "mean": 32.8468017578,
        "median": 32.866443634,
        "min": 11.0492343903,
        "var": 54.9769630432
    },
    "dissonance": {
        "dmean": 0.0134084522724,
        "dmean2": 0.0229337215424,
        "dvar": 0.000144405275933,
        "dvar2": 0.000397793686716,
        "max": 0.499634414911,
        "mean": 0.47919178009,
        "median": 0.482691764832,
        "min": 0.422771960497,
        "var": 0.000204067124287
    },
    "dynamic_complexity": 1.19382989407,
    "erbbands_crest": {
        "dmean": 2.56139874458,
        "dmean2": 3.94817686081,
        "dvar": 5.13611507416,
        "dvar2": 11.6754684448,
        "max": 24.8997821808,
        "mean": 9.62845802307,
        "median": 8.74462413788,
        "min": 2.36156606674,
        "var": 20.7340164185
    },
    "erbbands_flatness_db": {
        "dmean": 0.0166234429926,
        "dmean2": 0.0225623566657,
        "dvar": 0.000221535519813,
        "dvar2": 0.000401886791224,
        "max": 0.259955823421,
        "mean": 0.146978974342,
        "median": 0.145700141788,
        "min": 0.0723620429635,
        "var": 0.00116723706014
    },
    "erbbands_kurtosis": {
        "dmean": 0.537664592266,
        "dmean2": 0.849183022976,
        "dvar": 0.269239425659,
        "dvar2": 0.640960872173,
        "max": 6.72891616821,
        "mean": 0.336021721363,
        "median": 0.190838575363,
        "min": -1.33988213539,
        "var": 0.887346744537
    },
    "erbbands_skewness": {
        "dmean": 0.266124039888,
        "dmean2": 0.401104837656,
        "dvar": 0.0476726032794,
        "dvar2": 0.109020143747,
        "max": 1.54414713383,
        "mean": -0.118216849864,
        "median": -0.167020455003,
        "min": -2.18911719322,
        "var": 0.221248045564
    },
    "erbbands_spread": {
        "dmean": 6.1695098877,
        "dmean2": 9.58307170868,
        "dvar": 32.6319580078,
        "dvar2": 82.6391448975,
        "max": 80.1579589844,
        "mean": 32.8429489136,
        "median": 30.4813594818,
        "min": 9.11326026917,
        "var": 153.477020264
    },
    "hfc": {
        "dmean": 9.22370433807,
        "dmean2": 14.3510303497,
        "dvar": 138.736251831,
        "dvar2": 333.085449219,
        "max": 142.381057739,
        "mean": 37.0685501099,
        "median": 35.3670921326,
        "min": 3.23951148987,
        "var": 241.014892578
    },
    "melbands_crest": {
        "dmean": 3.30888104439,
        "dmean2": 5.21800851822,
        "dvar": 9.80698776245,
        "dvar2": 23.0699729919,
        "max": 28.4152641296,
        "mean": 12.0787343979,
        "median": 11.2642087936,
        "min": 4.72719335556,
        "var": 19.5450725555
    },
    "melbands_flatness_db": {
        "dmean": 0.0200139097869,
        "dmean2": 0.0322683751583,
        "dvar": 0.000382957106922,
        "dvar2": 0.000996405957267,
        "max": 0.283517986536,
        "mean": 0.144491001964,
        "median": 0.144069343805,
        "min": 0.0550923570991,
        "var": 0.000790060614236
    },
    "melbands_kurtosis": {
        "dmean": 3.28197550774,
        "dmean2": 5.29109716415,
        "dvar": 23.9571418762,
        "dvar2": 60.0988922119,
        "max": 51.4918823242,
        "mean": 4.33548164368,
        "median": 2.33089733124,
        "min": -1.54020106792,
        "var": 35.8115501404
    },
    "melbands_skewness": {
        "dmean": 0.624207139015,
        "dmean2": 0.95564353466,
        "dvar": 0.4107016325,
        "dvar2": 0.965248465538,
        "max": 6.5331864357,
        "mean": 1.80364537239,
        "median": 1.64133059978,
        "min": -0.443940341473,
        "var": 1.11880266666
    },
    "melbands_spread": {
        "dmean": 8.06140327454,
        "dmean2": 12.8759469986,
        "dvar": 56.4504814148,
        "dvar2": 141.507553101,
        "max": 83.9307250977,
        "mean": 37.7572250366,
        "median": 38.1389656067,
        "min": 8.15438556671,
        "var": 119.739448547
    },
    "pitch_salience": {
        "dmean": 0.0606040544808,
        "dmean2": 0.0995122343302,
        "dvar": 0.00285631092265,
        "dvar2": 0.00779814412817,
        "max": 0.771633625031,
        "mean": 0.540370821953,
        "median": 0.537271022797,
        "min": 0.265160262585,
        "var": 0.00630795676261
    },
    "silence_rate_20dB": {
        "dmean": 0,
        "dmean2": 0,
        "dvar": 0,
        "dvar2": 0,
        "max": 1,
        "mean": 1,
        "median": 1,
        "min": 1,
        "var": 0
    },
    "silence_rate_30dB": {
        "dmean": 0,
        "dmean2": 0,
        "dvar": 0,
        "dvar2": 0,
        "max": 1,
        "mean": 1,
        "median": 1,
        "min": 1,
        "var": 0
    },
    "silence_rate_60dB": {
        "dmean": 0.000773993786424,
        "dmean2": 0.000774593325332,
        "dvar": 0.000773391744588,
        "dvar2": 0.000773989362642,
        "max": 1,
        "mean": 0.00077339517884,
        "median": 0,
        "min": 0,
        "var": 0.000772794999648
    },
    "spectral_centroid": {
        "dmean": 220.149932861,
        "dmean2": 363.265899658,
        "dvar": 32599.5136719,
        "dvar2": 87494.25,
        "max": 3188.97485352,
        "mean": 1970.6751709,
        "median": 1966.8157959,
        "min": 1066.31811523,
        "var": 79117.1015625
    },
    "spectral_complexity": {
        "dmean": 4.99071216583,
        "dmean2": 7.78698682785,
        "dvar": 20.3080062866,
        "dvar2": 43.2627067566,
        "max": 57,
        "mean": 32.5351905823,
        "median": 32,
        "min": 5,
        "var": 49.8463401794
    },
    "spectral_decrease": {
        "dmean": 3.04689806718e-09,
        "dmean2": 4.88034768154e-09,
        "dvar": 1.675939224e-17,
        "dvar2": 4.01221044443e-17,
        "max": -6.37531138992e-10,
        "mean": -9.09399044957e-09,
        "median": -8.20999268569e-09,
        "min": -3.32665379688e-08,
        "var": 1.99809993368e-17
    },
    "spectral_energy": {
        "dmean": 0.0120923956856,
        "dmean2": 0.0192523114383,
        "dvar": 0.000257467094343,
        "dvar2": 0.00061498885043,
        "max": 0.132880121469,
        "mean": 0.0376850962639,
        "median": 0.0345095284283,
        "min": 0.00270003965124,
        "var": 0.000316217861837
    },
    "spectral_energyband_high": {
        "dmean": 0.00067908607889,
        "dmean2": 0.00105991517194,
        "dvar": 9.51375682234e-07,
        "dvar2": 2.2154256385e-06,
        "max": 0.0122875822708,
        "mean": 0.00156882463489,
        "median": 0.00125944043975,
        "min": 0.000292122567771,
        "var": 1.32286686494e-06
    },
    "spectral_energyband_low": {
        "dmean": 0.00904144253582,
        "dmean2": 0.0144842425361,
        "dvar": 0.000180202943739,
        "dvar2": 0.00043768377509,
        "max": 0.0976340249181,
        "mean": 0.014602615498,
        "median": 0.0102760028094,
        "min": 0.000239834451349,
        "var": 0.000200507580303
    },
    "spectral_energyband_middle_high": {
        "dmean": 0.00337347970344,
        "dmean2": 0.00518529256806,
        "dvar": 1.14613785627e-05,
        "dvar2": 2.5730842026e-05,
        "max": 0.0456039682031,
        "mean": 0.0139605794102,
        "median": 0.0136340316385,
        "min": 0.000650259316899,
        "var": 5.65038899367e-05
    },
    "spectral_energyband_middle_low": {
        "dmean": 0.00393797922879,
        "dmean2": 0.00680919550359,
        "dvar": 2.85254791379e-05,
        "dvar2": 7.90039921412e-05,
        "max": 0.0577462725341,
        "mean": 0.00977423787117,
        "median": 0.00882002152503,
        "min": 0.00071663770359,
        "var": 2.84999259748e-05
    },
    "spectral_entropy": {
        "dmean": 0.108181983232,
        "dmean2": 0.155048295856,
        "dvar": 0.0095516173169,
        "dvar2": 0.0182418357581,
        "max": 8.39305400848,
        "mean": 7.78803062439,
        "median": 7.7863202095,
        "min": 7.14284992218,
        "var": 0.0440118126571
    },
    "spectral_flux": {
        "dmean": 0.0294268131256,
        "dmean2": 0.0437173619866,
        "dvar": 0.00110500818118,
        "dvar2": 0.00210489658639,
        "max": 0.300201803446,
        "mean": 0.100749626756,
        "median": 0.0853898823261,
        "min": 0.0339860953391,
        "var": 0.00196550553665
    },
    "spectral_kurtosis": {
        "dmean": 0.998503148556,
        "dmean2": 1.70857286453,
        "dvar": 0.698257625103,
        "dvar2": 1.88872933388,
        "max": 8.26039409637,
        "mean": 3.38521313667,
        "median": 3.19737148285,
        "min": 0.832537651062,
        "var": 1.44463932514
    },
    "spectral_rms": {
        "dmean": 0.000903564156033,
        "dmean2": 0.00140300393105,
        "dvar": 1.12619932224e-06,
        "dvar2": 2.55452232523e-06,
        "max": 0.0113859185949,
        "mean": 0.00591096840799,
        "median": 0.00580239854753,
        "min": 0.00162301724777,
        "var": 1.82637597845e-06
    },
    "spectral_rolloff": {
        "dmean": 523.61328125,
        "dmean2": 859.510925293,
        "dvar": 309336.21875,
        "dvar2": 725264.6875,
        "max": 6782.95898438,
        "mean": 2043.7734375,
        "median": 2067.1875,
        "min": 129.19921875,
        "var": 520271.75
    },
    "spectral_skewness": {
        "dmean": 0.150420486927,
        "dmean2": 0.253333628178,
        "dvar": 0.0148579990491,
        "dvar2": 0.0402186103165,
        "max": 2.29532718658,
        "mean": 1.22197723389,
        "median": 1.21290171146,
        "min": 0.709988117218,
        "var": 0.0325710698962
    },
    "spectral_spread": {
        "dmean": 422147.96875,
        "dmean2": 616569.8125,
        "dvar": 183309418496,
        "dvar2": 338912837632,
        "max": 9985134,
        "mean": 4091957.75,
        "median": 4042667.25,
        "min": 2513020.75,
        "var": 617991110656
    },
    "spectral_strongpeak": {
        "dmean": 0.884317219257,
        "dmean2": 1.51208913326,
        "dvar": 1.86452329159,
        "dvar2": 3.87587332726,
        "max": 8.8757314682,
        "mean": 1.45556795597,
        "median": 0.429849117994,
        "min": 0.0213318932801,
        "var": 3.44966959953
    },
    "zerocrossingrate": {
        "dmean": 0.00803661067039,
        "dmean2": 0.010292106308,
        "dvar": 4.9563270295e-05,
        "dvar2": 7.40595205571e-05,
        "max": 0.17041015625,
        "mean": 0.0744321122766,
        "median": 0.0732421875,
        "min": 0.02587890625,
        "var": 0.000221850059461
    },
    "barkbands": {
        "dmean": [0.000447304541012, 0.00651109125465, 0.00297514349222, 0.00159118731972, 0.00204284139909, 0.000702186196577, 0.000529039592948, 0.000480063143186, 0.000341248814948, 0.00045940768905, 0.00163987267297, 0.000792759703472, 0.000652384012938, 0.000745627388824, 0.000361287267879, 0.00029243301833, 0.000746452366002, 0.00042835372733, 0.000446595367976, 0.000208766927244, 0.000269464740995, 0.000143635697896, 0.000137225710205, 0.000103108170151, 5.1857176004e-05, 3.59923033102e-05, 5.1147828195e-09],
        "dmean2": [0.000728851708118, 0.0106000453234, 0.0051626553759, 0.00272846221924, 0.00366156268865, 0.00114255107474, 0.000884505338036, 0.000743253156543, 0.000545868417248, 0.000674368871842, 0.00224842340685, 0.00123873213306, 0.00104983092751, 0.0011374320602, 0.000588496681303, 0.000487166864332, 0.00121873046737, 0.000690699147526, 0.000735929410439, 0.000341935432516, 0.00045040473924, 0.00023321955814, 0.000215654887143, 0.000162204916705, 8.09659104561e-05, 5.63570210943e-05, 9.3048484473e-09],
        "dvar": [5.53288089122e-07, 0.000116357514344, 2.35843654082e-05, 5.01885278936e-06, 1.16957917271e-05, 8.07436776995e-07, 8.91467607289e-07, 5.90630691022e-07, 5.44705528682e-07, 7.2677477192e-07, 4.3487370931e-06, 1.67516566307e-06, 8.5746626155e-07, 9.31572344598e-07, 2.84618380419e-07, 1.16009537976e-07, 8.27885571653e-07, 2.1138016848e-07, 2.55775262303e-07, 4.68799186137e-08, 7.19040400554e-08, 5.87513078187e-08, 5.91550453066e-08, 3.32971694661e-08, 1.33304958183e-08, 5.19706766511e-09, 1.07859312031e-15],
        "dvar2": [1.35747825425e-06, 0.000281056651147, 6.65903353365e-05, 1.38053310366e-05, 3.38598838425e-05, 2.13126963899e-06, 2.29761758419e-06, 1.49257698467e-06, 1.31104297907e-06, 1.69766519775e-06, 8.29023247206e-06, 3.90526383853e-06, 2.12124155041e-06, 1.8660563228e-06, 6.35860487819e-07, 3.08410619709e-07, 1.91227650248e-06, 5.20540936577e-07, 6.29432292953e-07, 1.19922802355e-07, 1.93422238226e-07, 1.50586515701e-07, 1.36380492677e-07, 7.05418159441e-08, 2.83911081311e-08, 1.31906237044e-08, 2.6957996687e-15],
        "max": [0.00637269904837, 0.0782965198159, 0.0525166019797, 0.0220313966274, 0.0341338142753, 0.00981209427118, 0.0131512470543, 0.0105763683096, 0.0171271841973, 0.023733496666, 0.0268993265927, 0.0166646782309, 0.0135867418721, 0.0169227849692, 0.0126847280189, 0.00318327615969, 0.0162363387644, 0.00558391399682, 0.0062047499232, 0.00215332093649, 0.00306295021437, 0.00209437310696, 0.00295635312796, 0.00265230215155, 0.00220049731433, 0.00116354273632, 5.38716676601e-07],
        "mean": [0.000439361727331, 0.00755813391879, 0.00464764935896, 0.00262538227253, 0.0030922726728, 0.00126533221919, 0.000838945561554, 0.000842501118314, 0.000555856851861, 0.000817804189865, 0.00415483536199, 0.00184019957669, 0.00118765479419, 0.00145416602027, 0.000627702858765, 0.000531030935235, 0.00158152775839, 0.000929800677113, 0.000894588825759, 0.000458363210782, 0.000622610677965, 0.000239215951297, 0.000206148106372, 0.000155078043463, 7.33127526473e-05, 4.56001871498e-05, 3.40830363932e-09],
        "median": [0.000143751996802, 0.00350050441921, 0.00313717406243, 0.001695040497, 0.00229242467321, 0.000961989280768, 0.000446657941211, 0.000547874718904, 0.000299414066831, 0.000499644665979, 0.00232673785649, 0.000765933014918, 0.000646122789476, 0.000989873195067, 0.000469051650725, 0.000427855935413, 0.00116265192628, 0.000707688508555, 0.000732095562853, 0.000394234084524, 0.000560699903872, 0.000161115356605, 0.000115134615044, 7.9939745774e-05, 3.24889624608e-05, 2.18583991227e-05, 5.46161227355e-10],
        "min": [1.67966192066e-07, 4.86159296997e-05, 2.86051326839e-05, 1.18589041449e-05, 0.000121436773043, 3.2218729757e-05, 6.26915425528e-06, 1.69265804288e-05, 1.22536821436e-05, 1.3468972611e-05, 1.97347162612e-05, 7.46094974602e-06, 1.23378504213e-05, 3.17244594044e-05, 1.41505306601e-05, 2.04774678423e-05, 3.83846345358e-05, 3.72762042389e-05, 6.27702247584e-05, 3.20719882438e-05, 7.3476228863e-05, 2.47240768658e-05, 1.01300975075e-05, 8.76897865965e-06, 1.93905589185e-06, 1.46915979826e-07, 1.43078379006e-11],
        "var": [5.72007934352e-07, 0.000113778085506, 2.28259068535e-05, 7.13563167665e-06, 9.3760108939e-06, 1.13583234906e-06, 1.57536169354e-06, 9.78246475825e-07, 8.31638203636e-07, 1.75682509962e-06, 2.15791424125e-05, 7.07404751665e-06, 2.09457857636e-06, 2.50082439379e-06, 4.24849332603e-07, 1.67176864352e-07, 2.19973435378e-06, 5.42869656783e-07, 3.92215639522e-07, 7.10514100888e-08, 1.12570276656e-07, 6.23576141834e-08, 7.07814535872e-08, 4.83915911786e-08, 1.81131483146e-08, 5.32780264351e-09, 7.01349315436e-16]
    },
    "erbbands": {
        "dmean": [0.239816248417, 1.36415195465, 3.03925442696, 5.16422605515, 5.59065580368, 7.59959220886, 5.80459547043, 5.5092086792, 7.11751699448, 11.2750482559, 7.99032878876, 8.61475753784, 15.7287397385, 11.5540151596, 77.0463943481, 37.0636749268, 29.2343444824, 41.2834243774, 16.2517089844, 20.6916313171, 19.1330413818, 37.2803115845, 20.8906860352, 33.6849937439, 11.8848276138, 10.7550630569, 11.3006830215, 8.41571903229, 4.90398836136, 4.99539661407, 3.91551780701, 2.24543094635, 1.82428181171, 0.649595022202, 0.362276643515, 0.18513405323, 0.0668338909745, 0.00590403331444, 0.000109459950181, 1.79384696821e-05],
        "dmean2": [0.384609788656, 2.27032995224, 5.29248332977, 8.82740592957, 9.91688537598, 13.8639154434, 9.80670070648, 9.21766471863, 12.2216377258, 16.9679279327, 12.7196683884, 13.6770963669, 22.8166732788, 18.1550312042, 105.75202179, 56.5699234009, 46.4724006653, 63.0718574524, 26.4340839386, 33.7196502686, 32.0791625977, 59.8867034912, 33.8374328613, 54.8621711731, 19.9532203674, 17.6953392029, 18.8202514648, 13.9809017181, 7.99365282059, 7.93443107605, 6.26500511169, 3.41733908653, 2.89520549774, 1.02063596249, 0.578454494476, 0.292291879654, 0.105457320809, 0.009651360102, 0.000173856213223, 2.72563011094e-05],
        "dvar": [0.16637930274, 5.24457120895, 28.0109291077, 51.8685112, 53.0599708557, 222.114456177, 54.7437553406, 64.5896911621, 220.230361938, 327.366424561, 182.044067383, 384.30279541, 556.380310059, 487.730560303, 10534.0195312, 4081.39086914, 2019.38781738, 2809.88012695, 754.825439453, 549.283569336, 362.506744385, 3089.65283203, 449.450256348, 1645.05822754, 185.216995239, 123.493530273, 125.125679016, 86.9848098755, 70.2929992676, 73.055267334, 45.8548851013, 14.5322284698, 12.21925354, 2.62662315369, 0.673027276993, 0.145457401872, 0.0160631425679, 0.000146005477291, 4.69097081179e-08, 5.86140025405e-10],
        "dvar2": [0.398527652025, 13.4345998764, 78.8040390015, 145.2787323, 147.388565063, 648.080505371, 151.304992676, 172.055618286, 591.422241211, 818.196960449, 480.5625, 934.594421387, 1164.56481934, 1203.20727539, 19950.7480469, 9407.92089844, 5047.28564453, 5592.4609375, 1712.95581055, 1379.87902832, 986.724060059, 6856.83740234, 1129.95117188, 3879.81225586, 488.325134277, 322.766571045, 330.189788818, 239.289764404, 180.235168457, 178.120040894, 106.131950378, 29.8679561615, 28.5253143311, 5.0923781395, 1.69868719578, 0.384159475565, 0.039256170392, 0.000365392916137, 1.15487097219e-07, 1.33077660003e-09],
        "max": [3.17420625687, 15.9774541855, 60.4588088989, 64.7830276489, 67.3785629272, 144.983764648, 66.7648849487, 92.3920135498, 189.811309814, 298.826049805, 174.165771484, 474.413818359, 396.410095215, 552.588317871, 1353.94946289, 867.272216797, 697.391174316, 883.612670898, 695.656616211, 314.734588623, 165.393478394, 1075.61621094, 233.681381226, 486.040100098, 184.545150757, 123.965377808, 120.301940918, 121.252052307, 77.1295547485, 94.3135528564, 81.4685745239, 62.5436439514, 57.4180641174, 35.7941856384, 14.0707597733, 7.16279363632, 1.51554858685, 0.135516569018, 0.00258575915359, 0.000225467301789],
        "mean": [0.257580310106, 1.55063259602, 4.48449897766, 9.26527118683, 9.02377510071, 9.55813980103, 9.65160560608, 9.40500736237, 10.5645236969, 19.4049472809, 15.0710878372, 15.0048685074, 28.3229503632, 27.8816757202, 198.11555481, 98.7495803833, 59.212677002, 84.2613449097, 32.7968826294, 38.2187995911, 41.7658081055, 82.2727355957, 51.1245536804, 62.6902427673, 27.9026451111, 23.5448246002, 25.3167800903, 19.2666492462, 8.32225036621, 7.75390481949, 5.93787956238, 3.73454833031, 2.29361176491, 0.910236477852, 0.480600118637, 0.242079988122, 0.081057369709, 0.00613015051931, 0.000142217293615, 5.35684812348e-05],
        "median": [0.0942873731256, 0.761806488037, 3.0140247345, 6.68519306183, 6.87742137909, 6.44205331802, 7.48171138763, 6.65159797668, 6.55186128616, 11.0296134949, 10.2177629471, 8.28604888916, 17.7285060883, 20.4214286804, 98.6914367676, 44.6980934143, 37.322303772, 59.4768676758, 23.2009620667, 30.5491600037, 37.6547813416, 55.9245567322, 42.5335845947, 49.0207328796, 23.8212203979, 20.4007110596, 22.3773441315, 17.1619873047, 5.57905483246, 4.75173711777, 3.46149802208, 2.13088774681, 0.988399922848, 0.379421830177, 0.229398295283, 0.120605938137, 0.0377385616302, 0.00221206783317, 6.74132534186e-05, 4.66777928523e-05],
        "min": [0.000964029110037, 0.0207047332078, 0.0501743294299, 0.08518011868, 0.148242428899, 0.203295245767, 0.606345891953, 0.495946258307, 0.307404637337, 0.392380207777, 0.515696942806, 0.68258357048, 1.17172932625, 2.28491520882, 0.951820909977, 0.641394376755, 1.59547376633, 2.08556389809, 1.6875, 1.16752505302, 2.86415457726, 1.80154550076, 1.52369558811, 3.6185336113, 3.33521723747, 2.07218647003, 3.26870465279, 1.9954636097, 1.3486982584, 0.758181452751, 0.544601380825, 0.225492626429, 0.129000797868, 0.0255145505071, 0.0231269001961, 0.0032198750414, 0.000323332380503, 2.24081104534e-05, 8.07251217338e-06, 4.37040580437e-06],
        "var": [0.166615158319, 4.64342308044, 24.1298542023, 71.244392395, 56.8717422485, 158.063949585, 67.5522842407, 83.1617202759, 239.498016357, 608.699279785, 285.791625977, 583.824401855, 1247.83605957, 1169.93334961, 53228.7148438, 18818.1347656, 4548.28662109, 8170.80908203, 1587.90100098, 799.790161133, 574.571472168, 8393.87304688, 1259.70910645, 2783.87597656, 322.245727539, 179.416900635, 197.393753052, 119.250167847, 72.8904953003, 85.170715332, 54.4307746887, 22.5813541412, 14.8443136215, 3.9152765274, 0.683355510235, 0.140992000699, 0.0172369200736, 0.00013871480769, 4.72937458085e-08, 7.64373120354e-10]
    },
    "gfcc": {
        "mean": [61.5841178894, 82.6132202148, -135.478240967, 47.9301872253, -49.8539123535, 24.4544773102, -32.5258712769, 9.24888706207, -32.9304389954, 1.61039984226, -15.6361131668, 5.62077999115, -14.4577884674],
        "cov": [[660.80267334, -210.282119751, 220.068008423, -32.9568405151, 12.9354095459, 75.460105896, -44.0641593933, 41.637512207, 9.54400348663, 53.3755683899, 7.38330316544, 73.0696868896, -52.3881835938], [-210.282119751, 308.966552734, -187.848266602, 25.5265235901, 57.9702606201, -32.2549552917, 61.5026054382, -46.2220802307, 15.3476104736, -46.624458313, 50.7695846558, -43.8719520569, 21.2788562775], [220.068008423, -187.848266602, 339.070495605, 62.257019043, -27.2949256897, 50.8431015015, -34.3242492676, 79.0508117676, 44.1032676697, 68.10912323, -52.311630249, 23.3027915955, -14.3073406219], [-32.9568405151, 25.5265235901, 62.257019043, 121.29108429, 32.8641586304, 15.6769638062, 8.78529262543, 15.5732345581, 36.5132865906, -1.43164861202, -3.13785648346, -22.1914997101, 16.6503639221], [12.9354095459, 57.9702606201, -27.2949256897, 32.8641586304, 115.130844116, 33.2715911865, 34.2627792358, 2.81929731369, 2.80133748055, -16.0325031281, 14.827460289, 10.9694490433, -1.41954338551], [75.460105896, -32.2549552917, 50.8431015015, 15.6769638062, 33.2715911865, 79.7940444946, 22.609210968, 15.7556142807, 5.10139465332, 1.44569778442, 9.06793498993, 12.6835632324, 3.98104047775], [-44.0641593933, 61.5026054382, -34.3242492676, 8.78529262543, 34.2627792358, 22.609210968, 65.3359451294, 16.2478733063, 7.54836845398, -12.1034202576, 11.3679437637, -2.60347700119, 5.77293300629], [41.637512207, -46.2220802307, 79.0508117676, 15.5732345581, 2.81929731369, 15.7556142807, 16.2478733063, 76.2724227905, 43.3678245544, 24.8290214539, -11.5855016708, 5.3187084198, 0.314779073], [9.54400348663, 15.3476104736, 44.1032676697, 36.5132865906, 2.80133748055, 5.10139465332, 7.54836845398, 43.3678245544, 75.7956542969, 33.8895606995, 2.41610407829, -13.8036699295, 1.64425778389], [53.3755683899, -46.624458313, 68.10912323, -1.43164861202, -16.0325031281, 1.44569778442, -12.1034202576, 24.8290214539, 33.8895606995, 65.6699447632, 7.49191141129, 5.98344135284, -7.19980239868], [7.38330316544, 50.7695846558, -52.311630249, -3.13785648346, 14.827460289, 9.06793498993, 11.3679437637, -11.5855016708, 2.41610407829, 7.49191141129, 67.0409164429, 20.6144142151, 6.04101800919], [73.0696868896, -43.8719520569, 23.3027915955, -22.1914997101, 10.9694490433, 12.6835632324, -2.60347700119, 5.3187084198, -13.8036699295, 5.98344135284, 20.6144142151, 67.5625762939, 12.9916753769], [-52.3881835938, 21.2788562775, -14.3073406219, 16.6503639221, -1.41954338551, 3.98104047775, 5.77293300629, 0.314779073, 1.64425778389, -7.19980239868, 6.04101800919, 12.9916753769, 51.6980628967]],
        "icov": [[0.00299194804393, 0.00108149752486, -0.00195414689369, 0.0018445980968, -0.00126659218222, -0.00109438132495, 0.00113002816215, 0.00094965856988, -0.00170037255157, 0.00142514845356, -0.00213712500408, -0.00110883102752, 0.00215030717663], [0.00108149752486, 0.0135223586112, -0.00268328120001, 0.00440191850066, -0.00666485214606, 0.00954469200224, -0.0106938453391, 0.010828753002, -0.0107468701899, 0.00902245379984, -0.0114315031096, 0.00963738746941, -0.0059077036567], [-0.00195414689369, -0.00268328120001, 0.0139096248895, -0.0111172804609, 0.00656608305871, -0.00896090455353, 0.00596890505403, -0.00949840061367, 0.00627302005887, -0.0117475874722, 0.0131036303937, -0.00927149597555, 0.00577901862562], [0.0018445980968, 0.00440191850066, -0.0111172804609, 0.0221254862845, -0.0103139514104, 0.0066199558787, -0.00351493083872, 0.0088379830122, -0.0125853652135, 0.0124479075894, -0.0118147814646, 0.0135122928768, -0.0104807158932], [-0.00126659218222, -0.00666485214606, 0.00656608305871, -0.0103139514104, 0.0186982564628, -0.0103756282479, 0.00106181087904, -0.00621444778517, 0.00587043398991, -0.00540934270248, 0.00911928527057, -0.0119707826525, 0.0088329706341], [-0.00109438132495, 0.00954469200224, -0.00896090455353, 0.0066199558787, -0.0103756282479, 0.029326852411, -0.0157347396016, 0.00974320434034, -0.00740604335442, 0.0107117043808, -0.0146411862224, 0.0113638127223, -0.00991262029856], [0.00113002816215, -0.0106938453391, 0.00596890505403, -0.00351493083872, 0.00106181087904, -0.0157347396016, 0.0355469286442, -0.0192442238331, 0.00931566674262, -0.00470585655421, 0.00669449241832, -0.00651702890173, 0.00562302488834], [0.00094965856988, 0.010828753002, -0.00949840061367, 0.0088379830122, -0.00621444778517, 0.00974320434034, -0.0192442238331, 0.0395721904933, -0.025174561888, 0.00929444655776, -0.00612833630294, 0.00462809531018, -0.00633465545252], [-0.00170037255157, -0.0107468701899, 0.00627302005887, -0.0125853652135, 0.00587043398991, -0.00740604335442, 0.00931566674262, -0.025174561888, 0.040871206671, -0.0216345507652, 0.00744578102604, -0.00133485964034, 0.00348679022864], [0.00142514845356, 0.00902245379984, -0.0117475874722, 0.0124479075894, -0.00540934270248, 0.0107117043808, -0.00470585655421, 0.00929444655776, -0.0216345507652, 0.0391078405082, -0.0194971282035, 0.00923556927592, -0.00394228799269], [-0.00213712500408, -0.0114315031096, 0.0131036303937, -0.0118147814646, 0.00911928527057, -0.0146411862224, 0.00669449241832, -0.00612833630294, 0.00744578102604, -0.0194971282035, 0.0391003079712, -0.0218406356871, 0.00860621966422], [-0.00110883102752, 0.00963738746941, -0.00927149597555, 0.0135122928768, -0.0119707826525, 0.0113638127223, -0.00651702890173, 0.00462809531018, -0.00133485964034, 0.00923556927592, -0.0218406356871, 0.0381665378809, -0.0182227920741], [0.00215030717663, -0.0059077036567, 0.00577901862562, -0.0104807158932, 0.0088329706341, -0.00991262029856, 0.00562302488834, -0.00633465545252, 0.00348679022864, -0.00394228799269, 0.00860621966422, -0.0182227920741, 0.032258875668]]
    },
    "melbands": {
        "dmean": [0.00193460285664, 0.0015815703664, 0.000806043040939, 0.000500448688399, 0.000217146254727, 0.000130179469124, 0.000103533129732, 0.00012162852363, 6.41575970803e-05, 5.23435410287e-05, 7.89734476712e-05, 3.89894521504e-05, 0.00022673298372, 0.000132301269332, 6.85457634972e-05, 7.10191598046e-05, 8.35422688397e-05, 2.82655419142e-05, 2.39418586716e-05, 2.89779454761e-05, 2.62350167759e-05, 4.85530290462e-05, 2.36289906752e-05, 2.37883905356e-05, 3.03234737657e-05, 1.15250313684e-05, 7.30441934138e-06, 7.64652395446e-06, 6.41610449748e-06, 9.80058757705e-06, 4.33624018115e-06, 3.01162413052e-06, 2.84363954961e-06, 2.81342954622e-06, 2.46800800596e-06, 1.79934147582e-06, 1.27064174649e-06, 1.41415137023e-06, 9.01253883967e-07, 4.86120939058e-07],
        "dmean2": [0.0031025481876, 0.00269089243375, 0.00139225216117, 0.000906978151761, 0.000375982053811, 0.000215517808101, 0.000177137902938, 0.000182624586159, 0.000101797879324, 8.28865013318e-05, 0.000114948088594, 6.29923233646e-05, 0.000314468401484, 0.000195399930817, 0.000106914318167, 0.000112352703582, 0.000127851933939, 4.63653159386e-05, 3.93914524466e-05, 4.74259031762e-05, 4.46048070444e-05, 7.80218979344e-05, 3.91711146221e-05, 3.8168986066e-05, 4.95063650305e-05, 1.96915971173e-05, 1.21687908177e-05, 1.25771257444e-05, 1.07671758087e-05, 1.64595221577e-05, 7.22188406144e-06, 4.92367325933e-06, 4.65898756374e-06, 4.45733712695e-06, 4.03703916163e-06, 2.75283446172e-06, 1.96391829377e-06, 2.33136597672e-06, 1.45504043303e-06, 7.92005721451e-07],
        "dvar": [1.0480976016e-05, 7.09438700142e-06, 1.26941370127e-06, 7.29526107079e-07, 9.83484298445e-08, 3.64874104264e-08, 4.25672972426e-08, 3.84817688825e-08, 1.25143104768e-08, 1.36091351521e-08, 1.50202268401e-08, 9.7883106065e-09, 8.25380439551e-08, 3.07070067151e-08, 9.41242728203e-09, 1.0935803374e-08, 1.09777431589e-08, 2.14740403237e-09, 1.20020482441e-09, 9.51038137131e-10, 7.50061845967e-10, 6.12779604836e-09, 7.67444829908e-10, 8.2760337472e-10, 1.44125111845e-09, 1.67122926609e-10, 6.95966340114e-11, 6.01239405484e-11, 4.74306427467e-11, 9.11372921575e-11, 3.00068095371e-11, 2.49640273731e-11, 2.61803374119e-11, 2.50601952384e-11, 1.95816661497e-11, 7.72700046309e-12, 5.88029538257e-12, 7.29105751468e-12, 4.02363775978e-12, 1.82803945592e-12],
        "dvar2": [2.51214041782e-05, 1.9320872525e-05, 3.53457198798e-06, 2.1068449314e-06, 2.78497566342e-07, 9.72404308186e-08, 1.13351966036e-07, 9.6088541568e-08, 3.29290728018e-08, 3.14937977919e-08, 3.2479114509e-08, 2.44013662609e-08, 1.63420310173e-07, 6.56757208617e-08, 2.19930136325e-08, 2.5483609889e-08, 2.27391652174e-08, 4.87392171067e-09, 2.93147173203e-09, 2.47429432498e-09, 2.04560057782e-09, 1.3549447786e-08, 2.00090788383e-09, 2.00489957969e-09, 3.38541217282e-09, 4.6026860101e-10, 1.80407841444e-10, 1.58171309383e-10, 1.24571325477e-10, 2.39716024808e-10, 8.23950976891e-11, 6.52083664843e-11, 6.77394043636e-11, 6.07642686168e-11, 4.68948282983e-11, 1.64552347443e-11, 1.29254150785e-11, 1.71807949811e-11, 1.01087679893e-11, 3.45044956149e-12],
        "max": [0.0229102857411, 0.0256774909794, 0.0097334580496, 0.00839231349528, 0.00297727971338, 0.00233670230955, 0.00244187726639, 0.00317562953569, 0.00150560948532, 0.00285555515438, 0.00213519018143, 0.00270740617998, 0.00366913154721, 0.00273829232901, 0.00111289636698, 0.00160684622824, 0.0018581309123, 0.000949109031353, 0.000689173000865, 0.000350538146449, 0.000247979420237, 0.00151319720317, 0.000326822744682, 0.000380149082048, 0.000454074324807, 0.000180251299753, 7.91950296843e-05, 9.16664284887e-05, 7.97580069047e-05, 0.000102178193629, 7.20664902474e-05, 4.72876890854e-05, 4.84946685901e-05, 6.70504450682e-05, 4.59672919533e-05, 4.63082324131e-05, 5.03629344166e-05, 3.6623532651e-05, 4.24631471105e-05, 3.17453632306e-05],
        "mean": [0.00217718374915, 0.00230774562806, 0.00152721290942, 0.000692594563589, 0.000354685791535, 0.000227449578233, 0.00016263287398, 0.00020995104569, 0.000116287970741, 9.02666943148e-05, 0.000137581460876, 7.49134269427e-05, 0.000571837474126, 0.00035978705273, 0.000152530614287, 0.000130738655571, 0.000161705203936, 5.25565556018e-05, 4.00882345275e-05, 5.38428503205e-05, 4.862892456e-05, 0.000100192744867, 4.9547990784e-05, 4.90995153086e-05, 5.21602196386e-05, 2.32563070313e-05, 1.47888058564e-05, 1.52805678226e-05, 1.37397264552e-05, 1.87258501683e-05, 8.60128602653e-06, 4.65093398816e-06, 4.34543699157e-06, 4.12942654293e-06, 3.5382349779e-06, 2.85769715447e-06, 2.00301997211e-06, 1.69571603692e-06, 1.13915939437e-06, 6.42019074348e-07],
        "median": [0.000915714888833, 0.00150753860362, 0.00118338805623, 0.000497997447383, 0.0002682726481, 0.000162980577443, 0.00010159023077, 0.000119866301247, 7.8588782344e-05, 5.08766970597e-05, 8.34351230878e-05, 3.99467171519e-05, 0.000333076372044, 0.000155697984155, 7.82764182077e-05, 6.84946935507e-05, 0.000112514251668, 3.43821047863e-05, 3.07384871121e-05, 4.44710894953e-05, 3.97559742851e-05, 6.0535458033e-05, 3.47723580489e-05, 3.50067057298e-05, 3.7475139834e-05, 1.84153886948e-05, 1.20759850688e-05, 1.33164348881e-05, 1.17987174235e-05, 1.60424497153e-05, 7.27995075067e-06, 3.05690105051e-06, 2.74334661299e-06, 2.37925337387e-06, 2.04910725188e-06, 1.68782798937e-06, 1.1035716625e-06, 7.32663863801e-07, 4.64911437348e-07, 2.60553832732e-07],
        "min": [1.18199404824e-05, 2.98592349282e-05, 1.24995895021e-05, 1.49475963553e-05, 1.93595969904e-05, 5.76065122004e-06, 1.89966146991e-06, 4.78906895296e-06, 3.52251868208e-06, 3.61419529327e-06, 2.61628497356e-06, 4.18240961153e-06, 3.11843314194e-06, 1.08398387511e-06, 1.34517767947e-06, 2.28686349146e-06, 3.85381690649e-06, 1.62680964877e-06, 8.96579365417e-07, 1.15880197882e-06, 3.13275540975e-06, 2.23073084271e-06, 9.53653511715e-07, 2.27964710575e-06, 2.94147753266e-06, 1.4947153204e-06, 1.19251023989e-06, 1.50017967826e-06, 1.53962980676e-06, 4.34707487784e-07, 9.2917650818e-07, 4.87719034936e-07, 3.01839520489e-07, 2.36503112205e-07, 1.46372755694e-07, 1.93292663653e-07, 8.67085816481e-08, 3.44498722882e-08, 2.52848462168e-08, 8.54756612712e-11],
