{
"highlevel": {
    "danceability": {
        "all": {
            "danceable": 0.87091255188,
            "not_danceable": 0.129087433219
        },
        "probability": 0.87091255188,
        "value": "danceable"
    },
    "gender": {
        "all": {
            "female": 1.20420099847e-05,
            "male": 0.999987959862
        },
        "probability": 0.999987959862,
        "value": "male"
    },
    "genre_dortmund": {
        "all": {
            "alternative": 0.214965254068,
            "blues": 0.0071700331755,
            "electronic": 0.00601104833186,
            "folkcountry": 0.225505664945,
            "funksoulrnb": 0.000963361235335,
            "jazz": 0.00363928452134,
            "pop": 0.0725732669234,
            "raphiphop": 0.00347833428532,
            "rock": 0.465693742037
        },
        "probability": 0.465693742037,
        "value": "rock"
    },
    "genre_electronic": {
        "all": {
            "ambient": 0.26237937808,
            "dnb": 0.076937623322,
            "house": 0.0602872520685,
            "techno": 0.0152153363451,
            "trance": 0.585180401802
        },
        "probability": 0.585180401802,
        "value": "trance"
    },
    "genre_rosamerica": {
        "all": {
            "cla": 0.00433535594493,
            "dan": 0.395224541426,
            "hip": 0.0264445319772,
            "jaz": 0.00604711007327,
            "pop": 0.131762012839,
            "rhy": 0.0746677443385,
            "roc": 0.347681581974,
            "spe": 0.0138371437788
        },
        "probability": 0.395224541426,
        "value": "dan"
    },
    "genre_tzanetakis": {
        "all": {
            "blu": 0.0620671063662,
            "cla": 0.034474901855,
            "cou": 0.103433981538,
            "dis": 0.0620971247554,
            "hip": 0.15527240932,
            "jaz": 0.310666948557,
            "met": 0.044346679002,
            "pop": 0.0620793737471,
            "reg": 0.0620816536248,
            "roc": 0.103479810059
        },
        "probability": 0.310666948557,
        "value": "jaz"
    },
    "ismir04_rhythm": {
        "all": {
            "ChaChaCha": 0.00510853063315,
            "Jive": 0.906895637512,
            "Quickstep": 0.0018959986046,
            "Rumba-American": 0.00352366501465,
            "Rumba-International": 0.0313356406987,
            "Rumba-Misc": 0.00215358193964,
            "Samba": 0.0244921445847,
            "Tango": 0.00132413720712,
            "VienneseWaltz": 0.0219604298472,
            "Waltz": 0.00131022697315
        },
        "probability": 0.906895637512,
        "value": "Jive"
    },
    "mood_acoustic": {
        "all": {
            "acoustic": 0.42085018754,
            "not_acoustic": 0.579149782658
        },
        "probability": 0.579149782658,
        "value": "not_acoustic"
    },
    "mood_aggressive": {
        "all": {
            "aggressive": 0.00996709894389,
            "not_aggressive": 0.990032911301
        },
        "probability": 0.990032911301,
        "value": "not_aggressive"
    },
    "mood_electronic": {
        "all": {
            "electronic": 0.131326273084,
            "not_electronic": 0.868673741817
        },
        "probability": 0.868673741817,
        "value": "not_electronic"
    },
    "mood_happy": {
        "all": {
            "happy": 0.869319915771,
            "not_happy": 0.130680054426
        },
        "probability": 0.869319915771,
        "value": "happy"
    },
    "mood_party": {
        "all": {
            "not_party": 0.609013259411,
            "party": 0.390986710787
        },
        "probability": 0.609013259411,
        "value": "not_party"
    },
    "mood_relaxed": {
        "all": {
            "not_relaxed": 0.949604034424,
            "relaxed": 0.0503959842026
        },
        "probability": 0.949604034424,
        "value": "not_relaxed"
    },
    "mood_sad": {
        "all": {
            "not_sad": 0.678173482418,
            "sad": 0.321826517582
        },
        "probability": 0.678173482418,
        "value": "not_sad"
    },
    "moods_mirex": {
        "all": {
            "Cluster1": 0.226269602776,
            "Cluster2": 0.121378265321,
            "Cluster3": 0.518466055393,
            "Cluster4": 0.0712285265326,
            "Cluster5": 0.0626575574279
        },
        "probability": 0.518466055393,
        "value": "Cluster3"
    },
    "timbre": {
        "all": {
            "bright": 0.997165203094,
            "dark": 0.0028348211199
        },
        "probability": 0.997165203094,
        "value": "bright"
    },
    "tonal_atonal": {
        "all": {
            "atonal": 1.5667417756e-05,
            "tonal": 0.999984323978
        },
        "probability": 0.999984323978,
        "value": "tonal"
    },
    "voice_instrumental": {
        "all": {
            "instrumental": 0.176627352834,
            "voice": 0.823372662067
        },
        "probability": 0.823372662067,
        "value": "voice"
    }
},
"lowlevel": {
    "average_loudness": 0.983827829361,
    "barkbands_crest": {
        "dmean": 2.91845965385,
        "dmean2": 4.80965709686,
        "dvar": 6.90382766724,
        "dvar2": 17.6834259033,
        "max": 23.2461299896,
        "mean": 9.85493373871,
        "median": 9.16660785675,
        "min": 3.33431911469,
        "var": 11.6906051636
    },
    "barkbands_flatness_db": {
        "dmean": 0.0225624702871,
        "dmean2": 0.0363806858659,
        "dvar": 0.000396254676161,
        "dvar2": 0.00106396595947,
        "max": 0.247462451458,
        "mean": 0.135718509555,
        "median": 0.132860094309,
        "min": 0.0531217679381,
        "var": 0.000833203899674
    },
    "barkbands_kurtosis": {
        "dmean": 3.7273504734,
        "dmean2": 6.04524469376,
        "dvar": 23.1034965515,
        "dvar2": 59.3407440186,
        "max": 62.7978973389,
        "mean": 5.89783143997,
        "median": 4.27270364761,
        "min": -1.91057670116,
        "var": 41.5438690186
    },
    "barkbands_skewness": {
        "dmean": 0.619472026825,
        "dmean2": 0.973947107792,
        "dvar": 0.358331263065,
        "dvar2": 0.878448963165,
        "max": 7.56568193436,
        "mean": 2.20949530602,
        "median": 2.10253834724,
        "min": -1.05074846745,
        "var": 1.00958192348
    },
    "barkbands_spread": {
        "dmean": 8.32627773285,
        "dmean2": 12.8327560425,
        "dvar": 83.9955215454,
        "dvar2": 178.77355957,
        "max": 97.5637359619,
        "mean": 26.3706436157,
        "median": 22.1307849884,
        "min": 4.67222261429,
        "var": 254.345413208
    },
    "dissonance": {
        "dmean": 0.0139299575239,
        "dmean2": 0.0228280331939,
        "dvar": 0.000154173234478,
        "dvar2": 0.000407703104429,
        "max": 0.499564558268,
        "mean": 0.468144357204,
        "median": 0.471086084843,
        "min": 0.399050205946,
        "var": 0.000329293718096
    },
    "dynamic_complexity": 1.67189383507,
    "erbbands_crest": {
        "dmean": 2.48817777634,
        "dmean2": 4.0155506134,
        "dvar": 6.20190048218,
        "dvar2": 13.5739994049,
        "max": 25.8857650757,
        "mean": 7.91177797318,
        "median": 6.74457740784,
        "min": 2.38223600388,
        "var": 16.6812896729
    },
    "erbbands_flatness_db": {
        "dmean": 0.0159889217466,
        "dmean2": 0.0232478994876,
        "dvar": 0.000210443788092,
        "dvar2": 0.00041942120879,
        "max": 0.228966981173,
        "mean": 0.109711021185,
        "median": 0.10794518888,
        "min": 0.0428634211421,
        "var": 0.000671420420986
    },
    "erbbands_kurtosis": {
        "dmean": 0.649853467941,
        "dmean2": 1.01610660553,
        "dvar": 1.40975928307,
        "dvar2": 3.02737522125,
        "max": 22.7077693939,
        "mean": -0.392333418131,
        "median": -0.835972309113,
        "min": -1.70296430588,
        "var": 2.93710303307
    },
    "erbbands_skewness": {
        "dmean": 0.352247387171,
        "dmean2": 0.515398919582,
        "dvar": 0.118409655988,
        "dvar2": 0.224187284708,
        "max": 2.8999941349,
        "mean": 0.300066024065,
        "median": 0.339176893234,
        "min": -4.43733692169,
        "var": 0.526273131371
    },
    "erbbands_spread": {
        "dmean": 12.3932094574,
        "dmean2": 18.2557239532,
        "dvar": 136.667160034,
        "dvar2": 300.065887451,
        "max": 134.953567505,
        "mean": 65.0792160034,
        "median": 65.8528518677,
        "min": 15.3580560684,
        "var": 446.384765625
    },
    "hfc": {
        "dmean": 12.4889545441,
        "dmean2": 17.4445838928,
        "dvar": 326.239105225,
        "dvar2": 664.384033203,
        "max": 274.7706604,
        "mean": 30.3292007446,
        "median": 21.2430801392,
        "min": 2.67972970009,
        "var": 874.346313477
    },
    "melbands_crest": {
        "dmean": 3.59172534943,
        "dmean2": 5.85107517242,
        "dvar": 9.60795593262,
        "dvar2": 21.4094009399,
        "max": 30.2801456451,
        "mean": 14.994269371,
        "median": 14.4326858521,
        "min": 5.64138555527,
        "var": 20.2046928406
    },
    "melbands_flatness_db": {
        "dmean": 0.0279764644802,
        "dmean2": 0.0443374328315,
        "dvar": 0.000626676133834,
        "dvar2": 0.00160910375416,
        "max": 0.336277157068,
        "mean": 0.192940995097,
        "median": 0.19075974822,
        "min": 0.0796071365476,
        "var": 0.00161124579608
    },
    "melbands_kurtosis": {
        "dmean": 13.3705196381,
        "dmean2": 21.5857467651,
        "dvar": 329.735046387,
        "dvar2": 833.35534668,
        "max": 266.356048584,
        "mean": 26.6396331787,
        "median": 19.8779754639,
        "min": -0.707397937775,
        "var": 561.89251709
    },
    "melbands_skewness": {
        "dmean": 1.03896796703,
        "dmean2": 1.61470580101,
        "dvar": 1.12977468967,
        "dvar2": 2.73640346527,
        "max": 13.4323196411,
        "mean": 4.10426807404,
        "median": 3.89663052559,
        "min": 0.579245150089,
        "var": 2.95324397087
    },
    "melbands_spread": {
        "dmean": 6.86504602432,
        "dmean2": 10.6655721664,
        "dvar": 105.878181458,
        "dvar2": 216.85345459,
        "max": 172.510574341,
        "mean": 18.6747608185,
        "median": 15.2939834595,
        "min": 1.99060487747,
        "var": 278.290466309
    },
    "pitch_salience": {
        "dmean": 0.0771470963955,
        "dmean2": 0.123531147838,
        "dvar": 0.00467709312215,
        "dvar2": 0.0120698809624,
        "max": 0.81576603651,
        "mean": 0.554440557957,
        "median": 0.557062029839,
        "min": 0.198739826679,
        "var": 0.00920930039138
    },
    "silence_rate_20dB": {
        "dmean": 0,
        "dmean2": 0,
        "dvar": 0,
        "dvar2": 0,
        "max": 1,
        "mean": 1,
        "median": 1,
        "min": 1,
        "var": 0
    },
    "silence_rate_30dB": {
        "dmean": 0,
        "dmean2": 0,
        "dvar": 0,
        "dvar2": 0,
        "max": 1,
        "mean": 1,
        "median": 1,
        "min": 1,
        "var": 0
    },
    "silence_rate_60dB": {
        "dmean": 0,
        "dmean2": 0,
        "dvar": 0,
        "dvar2": 0,
        "max": 0,
        "mean": 0,
        "median": 0,
        "min": 0,
        "var": 0
    },
    "spectral_centroid": {
        "dmean": 298.232208252,
        "dmean2": 452.891265869,
        "dvar": 88993.296875,
        "dvar2": 169457.28125,
        "max": 4801.97558594,
        "mean": 1278.75622559,
        "median": 1143.32177734,
        "min": 419.46282959,
        "var": 341619.40625
    },
    "spectral_complexity": {
        "dmean": 4.38312673569,
        "dmean2": 6.40975999832,
        "dvar": 21.1078014374,
        "dvar2": 39.2782592773,
        "max": 49,
        "mean": 20.0525913239,
        "median": 19,
        "min": 4,
        "var": 64.3669662476
    },
    "spectral_decrease": {
        "dmean": 4.17621270898e-09,
        "dmean2": 6.53969189912e-09,
        "dvar": 2.60517903489e-17,
        "dvar2": 6.22514423788e-17,
        "max": -1.25188792666e-09,
        "mean": -9.44997680108e-09,
        "median": -7.70491759283e-09,
        "min": -3.67148729197e-08,
        "var": 3.495773133e-17
    },
    "spectral_energy": {
        "dmean": 0.0164782423526,
        "dmean2": 0.0256906952709,
        "dvar": 0.000398707925342,
        "dvar2": 0.000947836728301,
        "max": 0.147672459483,
        "mean": 0.0384173057973,
        "median": 0.0317333005369,
        "min": 0.00507951527834,
        "var": 0.000553653051611
    },
    "spectral_energyband_high": {
        "dmean": 0.00121847912669,
        "dmean2": 0.00166369683575,
        "dvar": 4.39742461822e-06,
        "dvar2": 7.6477699622e-06,
        "max": 0.0345453545451,
        "mean": 0.00238147214986,
        "median": 0.00117286411114,
        "min": 4.81626811961e-05,
        "var": 1.41457112477e-05
    },
    "spectral_energyband_low": {
        "dmean": 0.0117310965434,
        "dmean2": 0.0189621075988,
        "dvar": 0.000317283469485,
        "dvar2": 0.000786699412856,
        "max": 0.111478582025,
        "mean": 0.0171343367547,
        "median": 0.0107588339597,
        "min": 0.000391830311855,
        "var": 0.000313942902721
    },
    "spectral_energyband_middle_high": {
        "dmean": 0.00103812571615,
        "dmean2": 0.0015596676385,
        "dvar": 2.07489756576e-06,
        "dvar2": 4.28239718531e-06,
        "max": 0.0178180690855,
        "mean": 0.00301965675317,
        "median": 0.0023398718331,
        "min": 0.000177844514837,
        "var": 5.71524196857e-06
    },
    "spectral_energyband_middle_low": {
        "dmean": 0.00805136375129,
        "dmean2": 0.0124090332538,
        "dvar": 8.33676167531e-05,
        "dvar2": 0.000175955836312,
        "max": 0.0952359065413,
        "mean": 0.0198422148824,
        "median": 0.0166067872196,
        "min": 0.00114460324403,
        "var": 0.000195627071662
    },
    "spectral_entropy": {
        "dmean": 0.169585287571,
        "dmean2": 0.250371724367,
        "dvar": 0.0233664400876,
        "dvar2": 0.0489508658648,
        "max": 8.52782249451,
        "mean": 7.76471948624,
        "median": 7.74529314041,
        "min": 7.07344579697,
        "var": 0.0714280232787
    },
    "spectral_flux": {
        "dmean": 0.0373475216329,
        "dmean2": 0.0585541725159,
        "dvar": 0.00154228822794,
        "dvar2": 0.00311615807004,
        "max": 0.296785771847,
        "mean": 0.106313847005,
        "median": 0.0939143747091,
        "min": 0.0245204437524,
        "var": 0.00273296842352
    },
    "spectral_kurtosis": {
        "dmean": 0.753693699837,
        "dmean2": 1.2113314867,
        "dvar": 0.522173881531,
        "dvar2": 1.28545427322,
        "max": 9.76235771179,
        "mean": 2.19833946228,
        "median": 2.02802705765,
        "min": -0.680726766586,
        "var": 1.37842726707
    },
    "spectral_rms": {
        "dmean": 0.0012343901908,
        "dmean2": 0.00188164098654,
        "dvar": 1.70796181465e-06,
        "dvar2": 3.87423779102e-06,
        "max": 0.0120029449463,
        "mean": 0.00586605537683,
        "median": 0.00556410942227,
        "min": 0.00222612335347,
        "var": 3.06978586195e-06
    },
    "spectral_rolloff": {
        "dmean": 664.063537598,
        "dmean2": 1126.11499023,
        "dvar": 1245226.5,
        "dvar2": 2772746,
        "max": 8871.6796875,
        "mean": 1219.29833984,
        "median": 602.9296875,
        "min": 86.1328125,
        "var": 2522657.5
    },
    "spectral_skewness": {
        "dmean": 0.156495079398,
        "dmean2": 0.237739637494,
        "dvar": 0.0201782919466,
        "dvar2": 0.0416781455278,
        "max": 2.66485977173,
        "mean": 1.2115830183,
        "median": 1.2198870182,
        "min": -0.0384682752192,
        "var": 0.0867163613439
    },
    "spectral_spread": {
        "dmean": 721718.5,
        "dmean2": 1063631.25,
        "dvar": 612784865280,
        "dvar2": 1.29775396454e+12,
        "max": 11985330,
        "mean": 6063463,
        "median": 5907838.5,
        "min": 2458730,
        "var": 1.51850896589e+12
    },
    "spectral_strongpeak": {
        "dmean": 0.441267222166,
        "dmean2": 0.755490601063,
        "dvar": 0.306411981583,
        "dvar2": 0.734004378319,
        "max": 5.74080324173,
        "mean": 0.739167332649,
        "median": 0.483367443085,
        "min": 0,
        "var": 0.456917434931
    },
    "zerocrossingrate": {
        "dmean": 0.0143222864717,
        "dmean2": 0.0180561952293,
        "dvar": 0.000214134823182,
        "dvar2": 0.000281609478407,
        "max": 0.26318359375,
        "mean": 0.0712988823652,
        "median": 0.0625,
        "min": 0.017578125,
        "var": 0.00125224690419
    },
    "barkbands": {
        "dmean": [0.000123040765175, 0.00672945659608, 0.00436423532665, 0.00456231227145, 0.00338439596817, 0.00106606422924, 0.00148477114271, 0.00109212682582, 0.000652824237477, 0.000293323537335, 0.000132838264108, 0.000225922267418, 0.00016823799524, 0.000166625250131, 0.000157059344929, 0.00015373925271, 0.000168473023223, 0.000113581751066, 0.000147847793414, 0.000243005997618, 0.000212609244045, 0.000283432600554, 0.000258593441686, 0.000225837982725, 0.000155962814461, 0.000193936532014, 2.82336287682e-09],
        "dmean2": [0.000207845689147, 0.0113312248141, 0.00781217496842, 0.00705881416798, 0.00552624836564, 0.00175569369458, 0.00235405704007, 0.00171443342697, 0.00104797934182, 0.000451750238426, 0.000210084050195, 0.00035528675653, 0.000268543954007, 0.000264748261543, 0.000264655827777, 0.000231967293075, 0.0002739210031, 0.000182416944881, 0.000237806583755, 0.000364786712453, 0.00030451460043, 0.000419062766014, 0.000368303182768, 0.000320200691931, 0.000240732799284, 0.000309699040372, 4.19191881207e-09],
        "dvar": [3.51479414462e-08, 0.000175423643668, 6.07174297329e-05, 4.7090510634e-05, 1.62628348335e-05, 3.71839882973e-06, 1.14866979857e-05, 6.65075776851e-06, 3.32428521688e-06, 3.33918904971e-07, 1.07415729644e-07, 3.30728681774e-07, 2.67373252427e-07, 1.34498847615e-07, 7.82044793368e-08, 8.0269551006e-08, 6.53130527439e-08, 2.8143331221e-08, 9.87058115243e-08, 1.53906242417e-07, 1.95107503487e-07, 6.64081596824e-07, 2.85993877469e-07, 1.971457948e-07, 8.65245439741e-08, 1.60903894653e-07, 1.85448207626e-15],
        "dvar2": [9.28439050085e-08, 0.000441973068519, 0.000171806314029, 8.75090045156e-05, 4.26538281317e-05, 9.75420152827e-06, 2.83765111817e-05, 1.49433199113e-05, 8.08808272268e-06, 6.78771243656e-07, 2.57662918557e-07, 7.80245443366e-07, 5.91373805037e-07, 3.5332209336e-07, 2.16919005425e-07, 1.5481425919e-07, 1.71213585531e-07, 6.69659598884e-08, 2.49200098779e-07, 3.25493061837e-07, 3.78828445946e-07, 1.45645844896e-06, 5.28002431111e-07, 3.55831986099e-07, 2.00763722091e-07, 3.9925140527e-07, 1.86069294534e-15],
        "max": [0.00165435916279, 0.0896176695824, 0.0593079552054, 0.0673869773746, 0.0414382778108, 0.0263000689447, 0.062459692359, 0.0342929139733, 0.0243297591805, 0.00808134954423, 0.00594071671367, 0.0100063309073, 0.0135014485568, 0.00628052791581, 0.00534109352157, 0.00514737702906, 0.00568014429882, 0.00199956423603, 0.00678842328489, 0.00589974643663, 0.0075784935616, 0.01759907417, 0.0110030025244, 0.0110555207357, 0.00455827079713, 0.00437863310799, 1.54906899752e-06],
        "mean": [0.000152067936142, 0.00762568693608, 0.00555697502568, 0.00660082930699, 0.00591872399673, 0.00185139733367, 0.00250259856693, 0.00163786543999, 0.00104135938454, 0.000523534661625, 0.000197657995159, 0.000348867470166, 0.000283512752503, 0.000251460092841, 0.000246755080298, 0.000267498660833, 0.000319469632814, 0.000205744901905, 0.00025335085229, 0.000462186901132, 0.000419833668275, 0.000490027829073, 0.000443262048066, 0.000370222347556, 0.000229423952987, 0.000217046326725, 2.56432408641e-09],
        "median": [7.96588356025e-05, 0.00343389762565, 0.0034189436119, 0.00287357741036, 0.00444697309285, 0.00107632332947, 0.000891837349627, 0.000580599764362, 0.000283651199425, 0.000276003382169, 9.60930701694e-05, 0.000153861168656, 7.97415486886e-05, 0.000143881421536, 0.000154182402184, 0.000140061514685, 0.000207371005672, 0.000136095666676, 0.000152925102157, 0.000253147358308, 0.000193462779862, 0.000177714478923, 0.000181519339094, 0.000148875609739, 8.86495326995e-05, 6.23464366072e-05, 6.58553822586e-10],
        "min": [3.90883587897e-06, 0.0001205719891, 2.57802130363e-05, 4.218378308e-05, 0.000149316721945, 1.4775130694e-05, 2.16553689825e-05, 1.58073489729e-05, 9.9160033642e-06, 7.86269083619e-06, 1.16317823995e-06, 5.39130905963e-06, 1.85769840755e-06, 6.26690916761e-06, 5.04718536831e-06, 5.20468984178e-06, 6.9180173341e-06, 9.04708031157e-06, 9.45667852648e-06, 8.12131747807e-06, 6.32225055597e-06, 4.7749085752e-06, 8.47466310461e-07, 1.1497761534e-06, 6.98275144373e-08, 1.75709533728e-11, 2.72969771786e-11],
        "var": [4.04863698122e-08, 0.000155312009156, 4.78167530673e-05, 8.93520045793e-05, 2.67647046712e-05, 5.56004488317e-06, 1.79710768862e-05, 1.04491537058e-05, 6.01723513682e-06, 6.60045543555e-07, 1.29386734216e-07, 4.3817286155e-07, 8.50818821618e-07, 1.56192655254e-07, 9.96713822587e-08, 1.96703680899e-07, 1.48299946545e-07, 4.93211409491e-08, 1.1275224665e-07, 3.27593426164e-07, 4.73672884027e-07, 1.48594961047e-06, 7.71169823111e-07, 5.36069421742e-07, 1.49125753524e-07, 1.66880354868e-07, 1.85468981109e-15]
    },
    "erbbands": {
        "dmean": [0.139609009027, 1.75259411335, 4.80594444275, 10.4747924805, 13.6415119171, 10.1622552872, 6.92798757553, 9.42983913422, 23.0357685089, 16.242023468, 27.2457885742, 13.2877779007, 11.3804292679, 5.6443810463, 5.00570011139, 10.5456037521, 8.19926166534, 8.73069477081, 7.03469896317, 8.22885608673, 8.50508975983, 8.03825187683, 6.72139835358, 5.35159444809, 9.61351966858, 11.5009365082, 9.35147476196, 8.82934761047, 9.90453147888, 9.16283321381, 6.86422204971, 5.39216661453, 3.44329023361, 2.00503253937, 1.00140762329, 0.868291258812, 0.383907943964, 0.0278575140983, 0.000514960207511, 4.05956525356e-05],
        "dmean2": [0.233345746994, 2.97684836388, 8.50070667267, 16.1515445709, 22.5733013153, 16.643661499, 11.5396385193, 15.9128494263, 37.4595909119, 25.1954536438, 43.4297790527, 21.2124557495, 17.3042392731, 8.70080184937, 8.08351421356, 16.4446372986, 12.9421310425, 14.1424627304, 11.5478944778, 13.3336286545, 12.6942834854, 12.9403839111, 10.7966594696, 8.4787197113, 14.7961244583, 17.2038841248, 13.8765459061, 12.9743976593, 14.9037942886, 13.0026025772, 10.0389385223, 7.65015363693, 5.02402591705, 2.99573755264, 1.61310708523, 1.39819264412, 0.619715213776, 0.0453912317753, 0.000825977069326, 6.21315994067e-05],
        "dvar": [0.0754029154778, 11.8312158585, 81.1472702026, 221.21812439, 281.758453369, 176.347045898, 114.487129211, 379.915527344, 3167.93798828, 1551.69287109, 4661.80615234, 1146.62524414, 518.767883301, 146.865112305, 123.242576599, 690.654846191, 635.246765137, 405.096679688, 189.076278687, 154.050628662, 267.591949463, 146.697967529, 107.78150177, 91.6120147705, 478.871917725, 368.796234131, 251.237960815, 479.378570557, 797.280578613, 509.932556152, 170.434143066, 132.862838745, 47.1720046997, 14.22315979, 3.81164431572, 3.50584721565, 0.630038917065, 0.00340273580514, 1.10939549813e-06, 3.87004073232e-09],
        "dvar2": [0.193001538515, 30.1490001678, 226.741455078, 416.176361084, 705.400878906, 440.096160889, 280.003997803, 1041.72070312, 8072.828125, 3339.43408203, 10785.2900391, 2768.12792969, 1030.3079834, 338.230041504, 322.068145752, 1662.62841797, 1380.34863281, 1084.23608398, 499.077301025, 407.593353271, 521.408630371, 381.41027832, 257.618408203, 236.937591553, 1088.62512207, 786.715942383, 546.437011719, 931.057800293, 1680.86755371, 859.608276367, 320.285644531, 272.75769043, 83.8090744019, 30.4767589569, 9.48322296143, 8.71995258331, 1.57909417152, 0.00858302041888, 2.78253696706e-06, 9.45302058852e-09],
        "max": [2.14829325676, 21.6382579803, 63.5272521973, 137.516738892, 151.466461182, 150.403625488, 215.670944214, 272.285675049, 1055.34313965, 577.088623047, 1058.6151123, 468.128997803, 306.313323975, 258.795928955, 180.991241455, 436.67678833, 641.127868652, 357.196502686, 250.770767212, 153.508911133, 358.418334961, 231.665512085, 128.948928833, 161.100509644, 479.837310791, 256.538787842, 246.540176392, 391.288604736, 548.378173828, 528.625854492, 233.253845215, 301.883117676, 157.927246094, 71.8478775024, 19.7498664856, 21.8926620483, 8.86861991882, 0.686033308506, 0.0123783880845, 0.000703894358594],
        "mean": [0.150535702705, 1.97558784485, 6.36083555222, 16.0735931396, 22.0884609222, 17.9765434265, 11.8420591354, 15.599146843, 39.6028633118, 26.0957870483, 41.6080169678, 24.4123535156, 20.9241008759, 10.6269683838, 8.83210372925, 16.6434555054, 14.7441644669, 13.4891996384, 11.4898481369, 14.3352746964, 15.9468622208, 16.6130867004, 13.0506029129, 9.9410533905, 17.382516861, 22.3881797791, 18.1612014771, 16.3495998383, 17.2707843781, 16.2152080536, 11.5500936508, 8.7308807373, 5.49805164337, 3.05388236046, 1.31602835655, 1.01167809963, 0.408811450005, 0.0288418959826, 0.00057259586174, 7.63363350416e-05],
        "median": [0.0545901842415, 0.942800402641, 3.97883224487, 8.7219209671, 14.1959381104, 12.308172226, 7.39515924454, 8.65833187103, 12.7434396744, 9.96155357361, 14.5956363678, 7.1639380455, 10.8410291672, 5.99483108521, 4.96447277069, 7.3093791008, 4.64552211761, 7.66564178467, 7.11012411118, 8.74162864685, 8.95307826996, 10.8828220367, 8.66620731354, 6.42035388947, 9.69719696045, 11.8361177444, 9.90568065643, 6.80429697037, 5.99679327011, 6.1091542244, 4.96514320374, 3.58051562309, 2.10328102112, 1.10585296154, 0.494230985641, 0.315159589052, 0.10686545819, 0.00737326219678, 0.000168450278579, 5.33435304533e-05],
        "min": [0.00108876649756, 0.0370744988322, 0.134237334132, 0.278331190348, 0.601630091667, 0.480407118797, 0.262923300266, 0.175155386329, 0.235556796193, 0.215960338712, 0.54447978735, 0.434615910053, 0.505273580551, 0.313633471727, 0.507102906704, 0.274831771851, 0.189205363393, 0.388451576233, 0.40041834116, 0.665692567825, 0.995870828629, 0.555954098701, 0.585447847843, 0.49564152956, 0.575805544853, 0.61776560545, 0.378315716982, 0.334435075521, 0.303208380938, 0.0276166778058, 0.0257939472795, 0.0372845567763, 0.00927939079702, 0.00133906595875, 0.00014279410243, 2.68119401881e-05, 8.85010558704e-06, 1.72656052655e-06, 5.04879244545e-06, 7.46316482036e-06],
        "var": [0.0697192549706, 10.0630950928, 62.4769973755, 403.498840332, 469.987487793, 321.05480957, 241.134735107, 464.634094238, 4360.98828125, 2885.87402344, 7091.72607422, 3068.02636719, 1090.4987793, 282.349914551, 160.55531311, 942.936096191, 2075.94750977, 446.772521973, 251.511428833, 255.92350769, 687.733215332, 336.005737305, 190.573852539, 127.787918091, 669.70513916, 801.826538086, 553.827026367, 1148.17810059, 1831.37487793, 1529.07275391, 446.116882324, 299.291778564, 123.305343628, 31.2066059113, 4.62050771713, 3.7570514679, 0.611932277679, 0.00321496231481, 1.08992674086e-06, 4.91488094667e-09]
    },
    "gfcc": {
        "mean": [46.4286689758, 72.0769348145, -88.0257873535, 49.4233703613, -65.491645813, 17.6674957275, -42.6819496155, 11.849155426, -27.4749908447, 5.15818405151, -25.5106525421, -1.9754087925, -17.7342624664],
        "cov": [[1525.31835938, -658.369934082, 201.858886719, -66.136177063, -128.635314941, -63.434677124, -76.5330963135, 3.37608551979, -82.3508529663, 112.786956787, -82.9199142456, 67.704750061, -143.473495483], [-658.369934082, 698.843200684, -306.193511963, -36.8810882568, 58.4222793579, 5.10158348083, 64.3593902588, -14.6554641724, 72.9478988647, -86.7086791992, 131.864837646, -86.6982421875, 72.9662857056], [201.858886719, -306.193511963, 357.105499268, 54.9841079712, 27.3577270508, 31.0284175873, -7.72935390472, 25.2309398651, -12.1467809677, 66.0975341797, -63.8920326233, 84.9185028076, -27.6911277771], [-66.136177063, -36.8810882568, 54.9841079712, 222.360290527, 8.95754051208, 22.7813034058, -29.6146144867, -39.0535430908, 15.1692037582, -39.855140686, -2.63045692444, -10.0188016891, 52.5646476746], [-128.635314941, 58.4222793579, 27.3577270508, 8.95754051208, 143.444168091, 17.8240661621, 9.61368370056, 30.0786323547, 7.2178273201, -1.45388221741, -10.5156488419, 15.5500469208, 8.9204454422], [-63.434677124, 5.10158348083, 31.0284175873, 22.7813034058, 17.8240661621, 141.561141968, 74.014213562, 12.8640737534, 11.7146501541, -13.1083211899, -1.46498155594, -15.3867492676, 9.59299182892], [-76.5330963135, 64.3593902588, -7.72935390472, -29.6146144867, 9.61368370056, 74.014213562, 122.990921021, 41.2515716553, 14.2764701843, 3.62913608551, 8.85811233521, -13.1301288605, -7.54014253616], [3.37608551979, -14.6554641724, 25.2309398651, -39.0535430908, 30.0786323547, 12.8640737534, 41.2515716553, 94.2647323608, 24.2942256927, 28.158870697, -8.41030025482, 10.5251560211, -4.62898731232], [-82.3508529663, 72.9478988647, -12.1467809677, 15.1692037582, 7.2178273201, 11.7146501541, 14.2764701843, 24.2942256927, 93.1479263306, 15.7924156189, 20.377243042, -2.53243017197, 13.471862793], [112.786956787, -86.7086791992, 66.0975341797, -39.855140686, -1.45388221741, -13.1083211899, 3.62913608551, 28.158870697, 15.7924156189, 91.5486068726, 9.31898117065, 33.7824249268, -25.5060043335], [-82.9199142456, 131.864837646, -63.8920326233, -2.63045692444, -10.5156488419, -1.46498155594, 8.85811233521, -8.41030025482, 20.377243042, 9.31898117065, 89.8740463257, 3.02364587784, 11.2298250198], [67.704750061, -86.6982421875, 84.9185028076, -10.0188016891, 15.5500469208, -15.3867492676, -13.1301288605, 10.5251560211, -2.53243017197, 33.7824249268, 3.02364587784, 83.243057251, -0.670999467373], [-143.473495483, 72.9662857056, -27.6911277771, 52.5646476746, 8.9204454422, 9.59299182892, -7.54014253616, -4.62898731232, 13.471862793, -25.5060043335, 11.2298250198, -0.670999467373, 71.5033340454]],
        "icov": [[0.00134858430829, 0.0013154494809, 0.000293797231279, 0.00017970323097, 0.000448144361144, 0.000197029512492, 0.000221975351451, -0.000101401972643, 6.5099899075e-05, -9.40463432926e-05, -0.000621204904746, 6.91008754075e-05, 0.00133218115661], [0.0013154494809, 0.00707904109731, 0.00119280465879, 0.0029219512362, -0.00333983730525, 0.00275582144968, -0.00323795131408, 0.00240707374178, -0.00344026158564, 0.00417174492031, -0.00745207490399, 0.00420435052365, -0.00306305428967], [0.000293797231279, 0.00119280465879, 0.00712085748091, -0.00277808355168, -0.000395156617742, -0.00212620198727, 0.000225305178901, -0.000611128751189, 0.000416378316004, -0.00337037397549, 0.00345575017855, -0.00552554288879, 0.00261572981253], [0.00017970323097, 0.0029219512362, -0.00277808355168, 0.00929534714669, -0.00220565567724, 0.000882919295691, -0.000330957002006, 0.00394723750651, -0.00358070526272, 0.00481743598357, -0.00464652571827, 0.00492225214839, -0.0069840028882], [0.000448144361144, -0.00333983730525, -0.000395156617742, -0.00220565567724, 0.0105863511562, -0.00267445505597, 0.00294376537204, -0.00463662948459, 0.00225389422849, -0.0016753023956, 0.00488045206293, -0.00453133927658, 0.0029929028824], [0.000197029512492, 0.00275582144968, -0.00212620198727, 0.000882919295691, -0.00267445505597, 0.0137234590948, -0.00960134062916, 0.00301107368432, -0.00235950644128, 0.00365682411939, -0.00373064726591, 0.00467508053407, -0.0038356303703], [0.000221975351451, -0.00323795131408, 0.000225305178901, -0.000330957002006, 0.00294376537204, -0.00960134062916, 0.0177515521646, -0.007471031975, 0.00217043748125, -0.00201025581919, 0.00199720822275, -0.00155348272528, 0.00493504432961], [-0.000101401972643, 0.00240707374178, -0.000611128751189, 0.00394723750651, -0.00463662948459, 0.00301107368432, -0.007471031975, 0.0185270104557, -0.00537200225517, -0.00162944023032, -5.5647604313e-05, 0.00205126241781, -0.00475328601897], [6.5099899075e-05, -0.00344026158564, 0.000416378316004, -0.00358070526272, 0.00225389422849, -0.00235950644128, 0.00217043748125, -0.00537200225517, 0.0157741606236, -0.00604210002348, 0.00179029186256, -0.00145291117951, 0.000929221743718], [-9.40463432926e-05, 0.00417174492031, -0.00337037397549, 0.00481743598357, -0.0016753023956, 0.00365682411939, -0.00201025581919, -0.00162944023032, -0.00604210002348, 0.0227834582329, -0.00966587755829, 0.000245543837082, 0.000894256285392], [-0.000621204904746, -0.00745207490399, 0.00345575017855, -0.00464652571827, 0.00488045206293, -0.00373064726591, 0.00199720822275, -5.5647604313e-05, 0.00179029186256, -0.00966587755829, 0.0245985016227, -0.00950822420418, 0.00347313820384], [6.91008754075e-05, 0.00420435052365, -0.00552554288879, 0.00492225214839, -0.00453133927658, 0.00467508053407, -0.00155348272528, 0.00205126241781, -0.00145291117951, 0.000245543837082, -0.00950822420418, 0.0239087175578, -0.00792405940592], [0.00133218115661, -0.00306305428967, 0.00261572981253, -0.0069840028882, 0.0029929028824, -0.0038356303703, 0.00493504432961, -0.00475328601897, 0.000929221743718, 0.000894256285392, 0.00347313820384, -0.00792405940592, 0.0258093215525]]
    },
    "melbands": {
        "dmean": [0.001594467205, 0.0024077356793, 0.00180551840458, 0.000874796125572, 0.000267913885182, 0.000228232252994, 0.000334111071425, 0.000176843503141, 0.000229202560149, 7.68065729062e-05, 5.63491557841e-05, 2.32605016208e-05, 1.90766095329e-05, 2.24807263294e-05, 2.35158149735e-05, 1.54447388923e-05, 1.78920727194e-05, 1.12778561743e-05, 1.09215925477e-05, 1.14891663543e-05, 1.07137284431e-05, 9.25961012399e-06, 8.75534351508e-06, 5.09177061758e-06, 4.48355513072e-06, 6.250361821e-06, 9.47741864366e-06, 7.59599288358e-06, 6.49077355774e-06, 4.78296078654e-06, 5.94753964833e-06, 6.01488864049e-06, 5.50159393242e-06, 5.48657635591e-06, 4.28026396548e-06, 3.68269388673e-06, 3.43703368344e-06, 2.60930141849e-06, 2.27496752814e-06, 1.60150239026e-06],
        "dmean2": [0.00269052712247, 0.00415880093351, 0.00283507583663, 0.00143038586248, 0.000445978163043, 0.00038430452696, 0.000538888096344, 0.000275219092146, 0.00036822858965, 0.000121770011901, 8.56340848259e-05, 3.64046754839e-05, 3.05381036014e-05, 3.55607080564e-05, 3.73702059733e-05, 2.53959879046e-05, 2.87372204184e-05, 1.84034288395e-05, 1.81884061021e-05, 1.80467286555e-05, 1.6076484826e-05, 1.50966525325e-05, 1.40790752994e-05, 8.23473874334e-06, 7.23290077076e-06, 1.00945862869e-05, 1.46065021909e-05, 1.16526471174e-05, 9.85465976555e-06, 7.15267879059e-06, 9.15551663638e-06, 9.32465718506e-06, 7.95638788986e-06, 7.95877713244e-06, 6.50972560834e-06, 5.47013087271e-06, 4.97630298923e-06, 3.95047072743e-06, 3.30011494043e-06, 2.49329559665e-06],
        "dvar": [1.00238758023e-05, 1.9850267563e-05, 6.10961023995e-06, 1.08052995529e-06, 1.55884379183e-07, 2.09348868907e-07, 6.23562016244e-07, 1.94914207441e-07, 3.79346772661e-07, 3.75640532013e-08, 1.27927455296e-08, 2.5680695348e-09, 2.16629936212e-09, 2.69305555634e-09, 4.79031259104e-09, 1.66982472294e-09, 1.7035984845e-09, 5.08024233792e-10, 3.70699748675e-10, 3.52446100083e-10, 3.88687609876e-10, 1.75353856435e-10, 2.41354020103e-10, 5.26511889642e-11, 7.13921213813e-11, 2.27784693885e-10, 4.11076644946e-10, 1.58337842837e-10, 1.2644257863e-10, 8.3986990973e-11, 2.61314858641e-10, 3.01385943979e-10, 2.25266777454e-10, 1.8389702261e-10, 6.78157252576e-11, 8.38508429357e-11, 5.1502552223e-11, 2.84324005312e-11, 2.09806998164e-11, 9.21395858916e-12],
        "dvar2": [2.53075104411e-05, 5.28646814928e-05, 1.20882723422e-05, 2.77483923128e-06, 4.06719379953e-07, 5.67147537822e-07, 1.56197313572e-06, 4.29722575745e-07, 9.03132672647e-07, 8.95228708941e-08, 2.50309764027e-08, 5.86917625611e-09, 5.63580559998e-09, 6.343263248e-09, 1.03783657224e-08, 4.09331457618e-09, 4.48236692208e-09, 1.26078358864e-09, 1.00097830025e-09, 7.75335351477e-10, 7.79604880652e-10, 4.66777838604e-10, 6.09738370905e-10, 1.20647575264e-10, 1.86726356599e-10, 5.82136339133e-10, 8.57819315581e-10, 3.4980141006e-10, 2.86836526753e-10, 1.70491606943e-10, 5.6532317716e-10, 6.85800416456e-10, 4.43439729381e-10, 3.34976685279e-10, 1.48303549996e-10, 1.86541782021e-10, 1.09540987392e-10, 5.64362306887e-11, 3.63416137461e-11, 2.2121724591e-11],
        "max": [0.0233545340598, 0.0290826410055, 0.023690033704, 0.0110158668831, 0.00655550835654, 0.00612379424274, 0.0148400999606, 0.00645695487037, 0.00953724142164, 0.00251789484173, 0.00148776953574, 0.00109995016828, 0.000866398913786, 0.000828735239338, 0.00166305049788, 0.000829076569062, 0.000673689763062, 0.000462382566184, 0.000398805656005, 0.000249156029895, 0.00051852397155, 0.000199069661903, 0.000382914207876, 0.000106664330815, 0.00015088924556, 0.0003618101764, 0.00035795205622, 0.000182698393473, 0.000206969300052, 0.00016492290888, 0.000311768031679, 0.000337604695233, 0.000297839113045, 0.000335038814228, 0.000130112763145, 0.000251978402957, 0.000166928439285, 0.000115448929137, 0.000105298167909, 4.6727796871e-05],
        "mean": [0.00177496881224, 0.00313307764009, 0.00293737533502, 0.00151545519475, 0.000456447014585, 0.000390930450521, 0.000578429666348, 0.000269243697403, 0.000342379527865, 0.000136606409797, 0.000101432204247, 4.1974515625e-05, 2.96967555187e-05, 3.62979044439e-05, 4.04144411732e-05, 2.46679355769e-05, 2.60127453657e-05, 1.74560700543e-05, 1.79881881195e-05, 1.92155803234e-05, 1.8816530428e-05, 1.76696594281e-05, 1.53765486175e-05, 9.09121536097e-06, 7.54737675379e-06, 1.03886359284e-05, 1.6263598809e-05, 1.39200128615e-05, 1.1858884136e-05, 8.41846758703e-06, 1.01127197922e-05, 9.68804124568e-06, 9.39582241699e-06, 9.16351837077e-06, 6.75745241097e-06, 5.70332349525e-06, 5.26984649696e-06, 3.87176669392e-06, 3.46804222318e-06, 2.26803990699e-06],
        "median": [0.00074846309144, 0.00187512149569, 0.00170309981331, 0.00108302675653, 0.000308306101942, 0.000193621468497, 0.000197089830181, 9.22992039705e-05, 0.000108810447273, 4.0575494495e-05, 5.23288181284e-05, 2.24245723075e-05, 1.55606630869e-05, 1.72333984665e-05, 1.39622597999e-05, 9.0457197075e-06, 1.44428549902e-05, 1.01772593553e-05, 1.12347624963e-05, 1.07051182567e-05, 9.94774472929e-06, 1.11441659101e-05, 9.17273609957e-06, 6.13055681242e-06, 4.56742145616e-06, 5.87867134527e-06, 7.32276430426e-06, 7.27550877855e-06, 6.22310835752e-06, 3.97940357288e-06, 3.86490910387e-06, 3.35917911798e-06, 3.27517659571e-06, 3.39438679475e-06, 2.84064435618e-06, 2.46433796747e-06, 2.04157959161e-06, 1.4518906255e-06, 1.18464174648e-06, 8.12453492927e-07],
        "min": [2.46750641963e-05, 7.25545687601e-05, 5.91493990214e-05, 4.02312361985e-05, 1.10298842628e-05, 3.59980572284e-06, 2.25495682571e-06, 2.351358944e-06, 2.2579031338e-06, 1.82754047273e-06, 1.95293955585e-06, 1.05981075649e-06, 1.01001751318e-06, 5.30937597887e-07, 5.67939480334e-07, 2.9472840879e-07, 4.77944809063e-07, 5.54760617888e-07, 4.31176687243e-07, 1.65097063132e-07, 5.92515164044e-07, 5.03463638779e-07, 3.33611779979e-07, 2.70383935685e-07, 3.08683496542e-07, 3.35508161697e-07, 2.10440362025e-07, 2.27405791975e-07, 2.2524393728e-07, 7.52222248934e-08, 1.36652246852e-07, 1.77445841132e-07, 7.11897429895e-09, 4.0996641637e-09, 1.45703955567e-08, 1.55502686283e-08, 6.62144605812e-09, 5.97176574857e-09, 4.24381502162e-11, 2.23814924927e-10],
