{
"highlevel": {
    "danceability": {
        "all": {
            "danceable": 0.058263733983,
            "not_danceable": 0.941736280918
        },
        "probability": 0.941736280918,
        "value": "not_danceable"
    },
    "gender": {
        "all": {
            "female": 0.507206082344,
            "male": 0.492793917656
        },
        "probability": 0.507206082344,
        "value": "female"
    },
    "genre_dortmund": {
        "all": {
            "alternative": 0.187430232763,
            "blues": 0.0166699253023,
            "electronic": 0.00697876885533,
            "folkcountry": 0.0908321514726,
            "funksoulrnb": 0.00243578106165,
            "jazz": 0.00487279240042,
            "pop": 0.0759640485048,
            "raphiphop": 0.00119123468176,
            "rock": 0.613625049591
        },
        "probability": 0.613625049591,
        "value": "rock"
    },
    "genre_electronic": {
        "all": {
            "ambient": 0.288746416569,
            "dnb": 0.233765631914,
            "house": 0.10580971837,
            "techno": 0.0238208305091,
            "trance": 0.347857385874
        },
        "probability": 0.347857385874,
        "value": "trance"
    },
    "genre_rosamerica": {
        "all": {
            "cla": 0.00279906764627,
            "dan": 0.0126649737358,
            "hip": 0.00364750693552,
            "jaz": 0.00221930141561,
            "pop": 0.025680013001,
            "rhy": 0.00861254148185,
            "roc": 0.94317740202,
            "spe": 0.00119918945711
        },
        "probability": 0.94317740202,
        "value": "roc"
    },
    "genre_tzanetakis": {
        "all": {
            "blu": 0.0626613423228,
            "cla": 0.0348169617355,
            "cou": 0.104475811124,
            "dis": 0.0784321576357,
            "hip": 0.15692435205,
            "jaz": 0.313974827528,
            "met": 0.0448166541755,
            "pop": 0.0627359300852,
            "reg": 0.0627360641956,
            "roc": 0.0784258767962
        },
        "probability": 0.313974827528,
        "value": "jaz"
    },
    "ismir04_rhythm": {
        "all": {
            "ChaChaCha": 0.0403901487589,
            "Jive": 0.278809905052,
            "Quickstep": 0.106911018491,
            "Rumba-American": 0.00607053097337,
            "Rumba-International": 0.0515162609518,
            "Rumba-Misc": 0.0138011882082,
            "Samba": 0.113795720041,
            "Tango": 0.017468361184,
            "VienneseWaltz": 0.357872903347,
            "Waltz": 0.0133639844134
        },
        "probability": 0.357872903347,
        "value": "VienneseWaltz"
    },
    "mood_acoustic": {
        "all": {
            "acoustic": 0.0383819378912,
            "not_acoustic": 0.961618065834
        },
        "probability": 0.961618065834,
        "value": "not_acoustic"
    },
    "mood_aggressive": {
        "all": {
            "aggressive": 0.654437839985,
            "not_aggressive": 0.345562160015
        },
        "probability": 0.654437839985,
        "value": "aggressive"
    },
    "mood_electronic": {
        "all": {
            "electronic": 0.197575822473,
            "not_electronic": 0.802424192429
        },
        "probability": 0.802424192429,
        "value": "not_electronic"
    },
    "mood_happy": {
        "all": {
            "happy": 0.699038743973,
            "not_happy": 0.300961226225
        },
        "probability": 0.699038743973,
        "value": "happy"
    },
    "mood_party": {
        "all": {
            "not_party": 0.545227229595,
            "party": 0.454772770405
        },
        "probability": 0.545227229595,
        "value": "not_party"
    },
    "mood_relaxed": {
        "all": {
            "not_relaxed": 0.98707306385,
            "relaxed": 0.0129269389436
        },
        "probability": 0.98707306385,
        "value": "not_relaxed"
    },
    "mood_sad": {
        "all": {
            "not_sad": 0.631136834621,
            "sad": 0.368863195181
        },
        "probability": 0.631136834621,
        "value": "not_sad"
    },
    "moods_mirex": {
        "all": {
            "Cluster1": 0.47041195631,
            "Cluster2": 0.114624619484,
            "Cluster3": 0.330432265997,
            "Cluster4": 0.0279925875366,
            "Cluster5": 0.0565385594964
        },
        "probability": 0.47041195631,
        "value": "Cluster1"
    },
    "timbre": {
        "all": {
            "bright": 0.946438491344,
            "dark": 0.0535615161061
        },
        "probability": 0.946438491344,
        "value": "bright"
    },
    "tonal_atonal": {
        "all": {
            "atonal": 0.00354085001163,
            "tonal": 0.996459126472
        },
        "probability": 0.996459126472,
        "value": "tonal"
    },
    "voice_instrumental": {
        "all": {
            "instrumental": 9.04069529497e-05,
            "voice": 0.999909579754
        },
        "probability": 0.999909579754,
        "value": "voice"
    }
},
"lowlevel": {
    "average_loudness": 0.982301712036,
    "barkbands_crest": {
        "dmean": 2.4941701889,
        "dmean2": 4.02102136612,
        "dvar": 6.01423931122,
        "dvar2": 15.1921100616,
        "max": 23.509979248,
        "mean": 9.09358978271,
        "median": 8.44883155823,
        "min": 2.85446453094,
        "var": 11.0231056213
    },
    "barkbands_flatness_db": {
        "dmean": 0.0215917527676,
        "dmean2": 0.0338154397905,
        "dvar": 0.000443390279543,
        "dvar2": 0.00112839741632,
        "max": 0.297783255577,
        "mean": 0.137204810977,
        "median": 0.132291719317,
        "min": 0.0591780617833,
        "var": 0.00128082698211
    },
    "barkbands_kurtosis": {
        "dmean": 2.35233569145,
        "dmean2": 3.86510467529,
        "dvar": 13.0651407242,
        "dvar2": 34.9512023926,
        "max": 29.0504226685,
        "mean": 2.16595625877,
        "median": 0.927021980286,
        "min": -1.82849025726,
        "var": 15.0095996857
    },
    "barkbands_skewness": {
        "dmean": 0.52724647522,
        "dmean2": 0.82345199585,
        "dvar": 0.342249810696,
        "dvar2": 0.834350705147,
        "max": 5.12821769714,
        "mean": 1.49237394333,
        "median": 1.32896459103,
        "min": -0.482456922531,
        "var": 0.662046074867
    },
    "barkbands_spread": {
        "dmean": 6.38690090179,
        "dmean2": 9.55410194397,
        "dvar": 53.2207221985,
        "dvar2": 103.329338074,
        "max": 94.842880249,
        "mean": 27.1092662811,
        "median": 24.6834640503,
        "min": 3.68775677681,
        "var": 180.545394897
    },
    "dissonance": {
        "dmean": 0.0134813291952,
        "dmean2": 0.0230156574398,
        "dvar": 0.000187799232663,
        "dvar2": 0.000510812096763,
        "max": 0.499707609415,
        "mean": 0.473782539368,
        "median": 0.478848218918,
        "min": 0.34277126193,
        "var": 0.00042599029257
    },
    "dynamic_complexity": 1.17215549946,
    "erbbands_crest": {
        "dmean": 2.01558256149,
        "dmean2": 3.34470582008,
        "dvar": 3.75491142273,
        "dvar2": 9.60495853424,
        "max": 21.2284088135,
        "mean": 6.91772031784,
        "median": 6.34631824493,
        "min": 2.64273762703,
        "var": 6.74875974655
    },
    "erbbands_flatness_db": {
        "dmean": 0.0139259183779,
        "dmean2": 0.0197541508824,
        "dvar": 0.00021064154862,
        "dvar2": 0.000375746749341,
        "max": 0.32297155261,
        "mean": 0.144533216953,
        "median": 0.142126038671,
        "min": 0.0743209421635,
        "var": 0.000889398681466
    },
    "erbbands_kurtosis": {
        "dmean": 0.525527894497,
        "dmean2": 0.810217261314,
        "dvar": 0.285898923874,
        "dvar2": 0.657651007175,
        "max": 3.61594438553,
        "mean": -0.107151910663,
        "median": -0.271542549133,
        "min": -1.55321216583,
        "var": 0.78513866663
    },
    "erbbands_skewness": {
        "dmean": 0.292628318071,
        "dmean2": 0.454801112413,
        "dvar": 0.0677719861269,
        "dvar2": 0.166253268719,
        "max": 1.67289102077,
        "mean": -0.193218320608,
        "median": -0.160651415586,
        "min": -1.7790043354,
        "var": 0.289593964815
    },
    "erbbands_spread": {
        "dmean": 7.71367359161,
        "dmean2": 11.0432443619,
        "dvar": 59.1340942383,
        "dvar2": 127.818634033,
        "max": 104.587646484,
        "mean": 42.5377159119,
        "median": 39.9435005188,
        "min": 11.2356023788,
        "var": 227.01675415
    },
    "hfc": {
        "dmean": 5.85396718979,
        "dmean2": 8.07221889496,
        "dvar": 56.3127861023,
        "dvar2": 84.2842025757,
        "max": 116.940032959,
        "mean": 25.0272483826,
        "median": 21.9958305359,
        "min": 1.39267683029,
        "var": 234.822860718
    },
    "melbands_crest": {
        "dmean": 3.01503491402,
        "dmean2": 4.99297952652,
        "dvar": 9.4251241684,
        "dvar2": 23.2444095612,
        "max": 27.0743236542,
        "mean": 14.4695644379,
        "median": 13.8734302521,
        "min": 3.76880979538,
        "var": 21.1364345551
    },
    "melbands_flatness_db": {
        "dmean": 0.0277348831296,
        "dmean2": 0.0421547107399,
        "dvar": 0.000778155343141,
        "dvar2": 0.00190468691289,
        "max": 0.382927298546,
        "mean": 0.186458006501,
        "median": 0.182242497802,
        "min": 0.0618401095271,
        "var": 0.00240196520463
    },
    "melbands_kurtosis": {
        "dmean": 7.23582601547,
        "dmean2": 11.7083778381,
        "dvar": 121.96837616,
        "dvar2": 314.158081055,
        "max": 117.266464233,
        "mean": 12.0390176773,
        "median": 7.99726295471,
        "min": -1.07521092892,
        "var": 152.062698364
    },
    "melbands_skewness": {
        "dmean": 0.78483569622,
        "dmean2": 1.21639883518,
        "dvar": 0.794522225857,
        "dvar2": 1.89898991585,
        "max": 9.45823383331,
        "mean": 2.94264340401,
        "median": 2.69810891151,
        "min": -0.178439408541,
        "var": 1.61986529827
    },
    "melbands_spread": {
        "dmean": 7.24252891541,
        "dmean2": 11.1448078156,
        "dvar": 72.2306442261,
        "dvar2": 152.537750244,
        "max": 113.850662231,
        "mean": 24.0544147491,
        "median": 21.6253223419,
        "min": 2.68702721596,
        "var": 181.521865845
    },
    "pitch_salience": {
        "dmean": 0.0756020918489,
        "dmean2": 0.125122964382,
        "dvar": 0.00574532011524,
        "dvar2": 0.0153280403465,
        "max": 0.793143510818,
        "mean": 0.536801576614,
        "median": 0.547934770584,
        "min": 0.140820235014,
        "var": 0.0095895268023
    },
    "silence_rate_20dB": {
        "dmean": 0,
        "dmean2": 0,
        "dvar": 0,
        "dvar2": 0,
        "max": 1,
        "mean": 1,
        "median": 1,
        "min": 1,
        "var": 0
    },
    "silence_rate_30dB": {
        "dmean": 0.0061919502914,
        "dmean2": 0.0123934932053,
        "dvar": 0.00615361100063,
        "dvar2": 0.0168875493109,
        "max": 1,
        "mean": 0.99535959959,
        "median": 1,
        "min": 0,
        "var": 0.00461883191019
    },
    "silence_rate_60dB": {
        "dmean": 0,
        "dmean2": 0,
        "dvar": 0,
        "dvar2": 0,
        "max": 0,
        "mean": 0,
        "median": 0,
        "min": 0,
        "var": 0
    },
    "spectral_centroid": {
        "dmean": 260.822692871,
        "dmean2": 402.703491211,
        "dvar": 73439.4296875,
        "dvar2": 166863.890625,
        "max": 3483.92285156,
        "mean": 1436.10705566,
        "median": 1419.07092285,
        "min": 337.047485352,
        "var": 265376
    },
    "spectral_complexity": {
        "dmean": 3.66408658028,
        "dmean2": 5.56158018112,
        "dvar": 11.1565647125,
        "dvar2": 23.0626926422,
        "max": 50,
        "mean": 26.5723133087,
        "median": 26,
        "min": 6,
        "var": 52.1536827087
    },
    "spectral_decrease": {
        "dmean": 3.67369090704e-09,
        "dmean2": 5.94064308856e-09,
        "dvar": 3.01673034096e-17,
        "dvar2": 7.27971415385e-17,
        "max": -1.43693756893e-09,
        "mean": -9.40906819125e-09,
        "median": -7.99764610093e-09,
        "min": -3.90744894219e-08,
        "var": 3.29455747853e-17
    },
    "spectral_energy": {
        "dmean": 0.0141790276393,
        "dmean2": 0.0228388085961,
        "dvar": 0.000441163778305,
        "dvar2": 0.00106035452336,
        "max": 0.151733085513,
        "mean": 0.0377820469439,
        "median": 0.0324836298823,
        "min": 0.00609230995178,
        "var": 0.000492715509608
    },
    "spectral_energyband_high": {
        "dmean": 0.000460197508801,
        "dmean2": 0.000594722689129,
        "dvar": 7.62074591876e-07,
        "dvar2": 1.03779302663e-06,
        "max": 0.0143748261034,
        "mean": 0.00112549995538,
        "median": 0.000616526522208,
        "min": 2.13293287743e-06,
        "var": 2.8890115118e-06
    },
    "spectral_energyband_low": {
        "dmean": 0.00874450989068,
        "dmean2": 0.0146852722391,
        "dvar": 0.000227352211368,
        "dvar2": 0.000562980072573,
        "max": 0.120535850525,
        "mean": 0.0176232047379,
        "median": 0.0140694687143,
        "min": 0.000102562727989,
        "var": 0.000232242600759
    },
    "spectral_energyband_middle_high": {
        "dmean": 0.00145332387183,
        "dmean2": 0.00221325177699,
        "dvar": 2.31536660067e-06,
        "dvar2": 5.18392835147e-06,
        "max": 0.0260756518692,
        "mean": 0.00626785866916,
        "median": 0.00572642730549,
        "min": 0.000463796808617,
        "var": 1.00405195553e-05
    },
    "spectral_energyband_middle_low": {
        "dmean": 0.00853848084807,
        "dmean2": 0.0138231655583,
        "dvar": 0.000277475570329,
        "dvar2": 0.000665427243803,
        "max": 0.137110263109,
        "mean": 0.0152629455552,
        "median": 0.0108758891001,
        "min": 0.00138800835703,
        "var": 0.000294459838187
    },
    "spectral_entropy": {
        "dmean": 0.129008248448,
        "dmean2": 0.185715556145,
        "dvar": 0.0173706393689,
        "dvar2": 0.0372150205076,
        "max": 8.58178424835,
        "mean": 7.70921993256,
        "median": 7.73552274704,
        "min": 6.58797168732,
        "var": 0.0879725292325
    },
    "spectral_flux": {
        "dmean": 0.0343665294349,
        "dmean2": 0.0536091551185,
        "dvar": 0.00179112958722,
        "dvar2": 0.0038036883343,
        "max": 0.325575321913,
        "mean": 0.100086241961,
        "median": 0.0855272337794,
        "min": 0.0236245710403,
        "var": 0.00300051178783
    },
    "spectral_kurtosis": {
        "dmean": 1.42876338959,
        "dmean2": 2.36744308472,
        "dvar": 3.01863527298,
        "dvar2": 7.83705949783,
        "max": 24.5429992676,
        "mean": 3.67470812798,
        "median": 3.02112293243,
        "min": -0.594950675964,
        "var": 7.40432500839
    },
    "spectral_rms": {
        "dmean": 0.00103103916626,
        "dmean2": 0.0016239581164,
        "dvar": 1.74529134256e-06,
        "dvar2": 3.99616646973e-06,
        "max": 0.0121668521315,
        "mean": 0.00586804561317,
        "median": 0.00562950689346,
        "min": 0.00243797386065,
        "var": 2.42655642069e-06
    },
    "spectral_rolloff": {
        "dmean": 542.897460938,
        "dmean2": 889.30065918,
        "dvar": 734762.8125,
        "dvar2": 1395634.875,
        "max": 8785.546875,
        "mean": 1469.01977539,
        "median": 1227.39257812,
        "min": 86.1328125,
        "var": 1608586.25
    },
    "spectral_skewness": {
        "dmean": 0.189882934093,
        "dmean2": 0.300074249506,
        "dvar": 0.0318175554276,
        "dvar2": 0.0823668763041,
        "max": 3.0542640686,
        "mean": 1.34682106972,
        "median": 1.30139088631,
        "min": 0.441940307617,
        "var": 0.149970889091
    },
    "spectral_spread": {
        "dmean": 449234.375,
        "dmean2": 600294.9375,
        "dvar": 270321614848,
        "dvar2": 441626591232,
        "max": 9866907,
        "mean": 4216997.5,
        "median": 4076803,
        "min": 1509605.125,
        "var": 1.33841394074e+12
    },
    "spectral_strongpeak": {
        "dmean": 0.31159773469,
        "dmean2": 0.545796573162,
        "dvar": 0.253327101469,
        "dvar2": 0.652937471867,
        "max": 4.43039655685,
        "mean": 0.549295008183,
        "median": 0.417668223381,
        "min": 0,
        "var": 0.254880100489
    },
    "zerocrossingrate": {
        "dmean": 0.010482929647,
        "dmean2": 0.0123496195301,
        "dvar": 0.000134248708491,
        "dvar2": 0.000142473974847,
        "max": 0.236328125,
        "mean": 0.0572878904641,
        "median": 0.05224609375,
        "min": 0.0126953125,
        "var": 0.000798266148195
    },
    "barkbands": {
        "dmean": [6.71353627695e-05, 0.00571335619316, 0.00384447886609, 0.00469109229743, 0.00350112700835, 0.000894522818271, 0.000739870942198, 0.000710692547727, 0.000653771625366, 0.000413021247368, 0.000364960520528, 0.000310761563014, 0.000286294467514, 0.000358039396815, 0.000353740615537, 0.00031762663275, 0.000293681834592, 0.000275310012512, 0.000178642876563, 0.000114741145808, 8.42341469252e-05, 0.000140194839332, 0.000132285786094, 0.000104261926026, 4.58962094854e-05, 1.14078211482e-05, 1.13225455678e-08],
        "dmean2": [0.000111287663458, 0.00967035256326, 0.00691783288494, 0.00772300176322, 0.00572841754183, 0.00144061120227, 0.00116738886572, 0.00113583391067, 0.000999005045742, 0.000631290953606, 0.000580428342801, 0.000486982171424, 0.000463075411972, 0.000552255718503, 0.000551781442482, 0.000522153102793, 0.000484304095153, 0.000436892354628, 0.000289494957542, 0.000177416135557, 0.000127030376461, 0.000203934308956, 0.000176549889147, 0.000146266582306, 6.37665434624e-05, 1.62173255376e-05, 2.08109742772e-08],
        "dvar": [1.17104486108e-08, 0.000108689193439, 7.22725017113e-05, 0.000100179961009, 5.62469977012e-05, 2.15960562855e-06, 2.16550802179e-06, 1.74749220605e-06, 1.09839902507e-06, 6.27200279268e-07, 4.49532620905e-07, 3.18166883062e-07, 2.32233091424e-07, 2.32430892311e-07, 2.2815689249e-07, 1.61284333444e-07, 2.29826170539e-07, 1.44654535461e-07, 4.19070467217e-08, 2.35376198532e-08, 1.54140824549e-08, 8.27647426149e-08, 8.72051160172e-08, 6.67598811788e-08, 1.83960136013e-08, 9.25920673467e-10, 3.13562343239e-15],
        "dvar2": [2.96739344208e-08, 0.000284974230453, 0.000209661782719, 0.000241941830609, 0.000146183607285, 4.92402477903e-06, 5.21738274983e-06, 4.35231004303e-06, 2.56450675806e-06, 1.561335921e-06, 1.00739293885e-06, 7.52473624743e-07, 5.7299683931e-07, 5.36135701168e-07, 4.86387534693e-07, 4.03260344228e-07, 6.07714696343e-07, 3.48760977431e-07, 1.04011029123e-07, 5.57200614537e-08, 3.67244084032e-08, 1.67493752201e-07, 1.23827149423e-07, 1.23152318565e-07, 2.92297048787e-08, 1.69289648966e-09, 7.96562743202e-15],
        "max": [0.00159080512822, 0.0911364406347, 0.0605600997806, 0.0783467367291, 0.056870687753, 0.0171220265329, 0.0200394131243, 0.0162782780826, 0.0161692239344, 0.0114174224436, 0.0186642333865, 0.01030931063, 0.00689600873739, 0.00777925364673, 0.00758925173432, 0.00622625043616, 0.00559057947248, 0.00595155451447, 0.00250899954699, 0.00172977126203, 0.00160529313143, 0.00399444904178, 0.0052614021115, 0.00352705083787, 0.00245323521085, 0.000551526609343, 9.43283566812e-07],
        "mean": [7.42163538234e-05, 0.00886059552431, 0.00626026699319, 0.00552642764524, 0.00461492594332, 0.00155144394375, 0.00123417808209, 0.000991572043858, 0.00119420746341, 0.000730435596779, 0.000703137309756, 0.000559654843528, 0.000504729629029, 0.000707255443558, 0.000716086535249, 0.000659903860651, 0.000599912018515, 0.000611568801105, 0.000414488255046, 0.000256617437117, 0.000174586792127, 0.000266932242084, 0.000271513854386, 0.000200381939067, 8.00005291239e-05, 1.70442872331e-05, 7.85991627339e-09],
        "median": [2.76195132756e-05, 0.00629748124629, 0.00442338734865, 0.00267647998407, 0.00252234539948, 0.000919565791264, 0.000631556787994, 0.000452196341939, 0.000615811266471, 0.000336080353009, 0.000431699503679, 0.000323495536577, 0.000304640212562, 0.000495155109093, 0.000478682719404, 0.000474786414998, 0.000387326697819, 0.000424536061473, 0.00033139786683, 0.000180151866516, 0.000103464481072, 0.000140824791742, 0.000119177915622, 8.14535087557e-05, 2.46909476118e-05, 4.28175962952e-06, 7.06973757314e-10],
        "min": [5.61032642565e-08, 1.45771564348e-05, 3.72735376004e-05, 9.72742236627e-06, 0.000106276500446, 3.10216637445e-05, 9.49338573264e-06, 1.5659179553e-05, 3.1186704291e-05, 1.83217653102e-05, 1.18070865938e-05, 1.15083021228e-05, 1.47326891238e-05, 1.4140337953e-05, 1.34884776344e-05, 1.90841947187e-05, 6.78023525325e-06, 4.97781320519e-06, 1.46183469951e-06, 8.31804811696e-07, 3.60510938435e-07, 3.05415994717e-07, 4.43296279684e-08, 7.71567876257e-09, 5.83358916728e-11, 7.31150643501e-12, 7.39911690945e-12],
        "var": [1.40171678709e-08, 0.000109763277578, 5.30423421878e-05, 9.69076209003e-05, 5.44496651855e-05, 3.69213762497e-06, 3.41103373103e-06, 2.26652332458e-06, 2.45655883191e-06, 1.19834965062e-06, 1.01011221432e-06, 7.33101160222e-07, 4.24639864605e-07, 5.08350922246e-07, 5.45487978343e-07, 4.46855835889e-07, 4.43044314125e-07, 3.64461214986e-07, 1.21467266467e-07, 5.48643939169e-08, 3.93018773082e-08, 1.89423303709e-07, 2.97556113082e-07, 1.85700642419e-07, 4.7089748989e-08, 2.02909511415e-09, 2.45310545931e-15]
    },
    "erbbands": {
        "dmean": [0.107506811619, 1.49018132687, 4.0960855484, 9.38955020905, 18.1244716644, 8.68148326874, 8.01120281219, 6.8447060585, 9.39940166473, 12.6030664444, 14.9479866028, 12.0264015198, 13.94880867, 11.9847898483, 13.0876064301, 10.1368150711, 12.4808797836, 13.1843566895, 19.7370605469, 13.6814460754, 19.4484100342, 15.792766571, 15.3717908859, 9.35295677185, 7.89178133011, 5.40316677094, 3.23886322975, 4.00828647614, 4.65914869308, 4.97133255005, 3.6058883667, 2.68901276588, 1.44391107559, 0.700013935566, 0.225381433964, 0.0717282965779, 0.0153683153912, 0.00137805438135, 3.18825550494e-05, 1.68415153894e-05],
        "dmean2": [0.179009765387, 2.50881767273, 7.16747999191, 15.9378204346, 29.3468093872, 14.779967308, 13.1574621201, 11.0114583969, 14.9702949524, 20.0381736755, 23.5014591217, 18.5363807678, 21.2684364319, 18.9552936554, 20.7065067291, 16.0314445496, 20.1664276123, 20.3998908997, 30.6877994537, 21.0757713318, 31.440574646, 25.8354148865, 24.5941486359, 14.9221611023, 12.6707572937, 8.41948509216, 4.90630722046, 6.05886077881, 6.78377723694, 6.95283222198, 4.75773525238, 3.83756422997, 1.96745121479, 0.953923344612, 0.326207667589, 0.103700339794, 0.0227633994073, 0.00204606936313, 4.44203142251e-05, 2.62863377429e-05],
        "dvar": [0.0322575159371, 7.62149953842, 78.3145675659, 305.666259766, 2007.62670898, 267.723419189, 232.045669556, 119.802680969, 414.349121094, 862.370361328, 701.859436035, 414.626800537, 424.977661133, 416.238922119, 737.589904785, 333.108856201, 471.740844727, 281.756347656, 710.639770508, 351.179962158, 569.550109863, 693.512207031, 470.616790771, 115.062683105, 93.5378265381, 56.1882553101, 22.9264698029, 36.9376411438, 75.1232376099, 149.651199341, 65.5884094238, 45.1362342834, 12.655538559, 3.9074113369, 0.48365226388, 0.0374375358224, 0.00157562631648, 1.6745792891e-05, 6.18899331783e-09, 5.5632892737e-10],
        "dvar2": [0.0830755159259, 19.8503437042, 222.478775024, 803.650878906, 4862.88867188, 719.737609863, 572.145812988, 298.66204834, 1023.96453857, 1952.92858887, 1720.30444336, 1021.04907227, 908.682678223, 1049.00012207, 1613.94116211, 790.044799805, 1183.53125, 647.248535156, 1671.81005859, 692.034179688, 1474.28417969, 1767.49206543, 1087.86083984, 287.961090088, 233.73223877, 131.133102417, 55.3387756348, 84.2372665405, 143.326217651, 270.695587158, 91.4589996338, 84.5944671631, 22.4717483521, 5.73424911499, 0.970974326134, 0.0701512917876, 0.00327580259182, 2.85125042865e-05, 9.97671101288e-09, 1.28236399277e-09],
        "max": [1.38857626915, 23.7095165253, 65.965423584, 120.329231262, 378.652252197, 175.253677368, 220.504837036, 151.869491577, 289.774414062, 433.49621582, 497.695129395, 321.706573486, 343.225463867, 270.073883057, 826.906433105, 377.614868164, 329.678131104, 301.331512451, 383.366271973, 482.468688965, 412.033966064, 369.677246094, 322.648284912, 128.592102051, 113.094703674, 82.8964996338, 84.7734451294, 86.4092788696, 133.639358521, 195.390991211, 148.984161377, 96.954536438, 63.7193222046, 36.2326087952, 11.1015691757, 3.20605397224, 0.734357297421, 0.0908156186342, 0.00169775262475, 0.00017429800937],
        "mean": [0.159723356366, 2.3345720768, 6.92345333099, 13.3437919617, 20.4078884125, 12.523276329, 12.7171878815, 12.1400976181, 16.3648490906, 18.98528862, 23.6964988708, 21.7053565979, 28.9364967346, 23.6658649445, 26.5740528107, 20.6524181366, 24.010515213, 29.4454097748, 43.0351867676, 31.3961105347, 41.2141685486, 35.7802658081, 35.4236526489, 23.8158226013, 18.9554233551, 12.0224933624, 6.97675132751, 8.0059299469, 9.23878097534, 9.33233547211, 7.29048299789, 5.30560207367, 2.61877536774, 1.2394258976, 0.364315778017, 0.109080307186, 0.0221858136356, 0.00180585787166, 6.28531342954e-05, 4.84490810777e-05],
        "median": [0.0943411514163, 1.62499570847, 4.71867609024, 9.16136360168, 9.01061248779, 7.68241357803, 7.03921937943, 7.77027130127, 7.4250831604, 9.82087993622, 11.9259338379, 11.9091949463, 16.6484184265, 14.821896553, 16.4527854919, 12.6275024414, 15.4209918976, 20.9724807739, 29.3987293243, 23.2138271332, 30.5132293701, 23.8960266113, 24.6825008392, 20.2174263, 14.8300380707, 8.25840091705, 4.43186616898, 4.71094179153, 5.05541419983, 4.13105678558, 3.09643387794, 2.20815730095, 1.04228317738, 0.405047863722, 0.0963596701622, 0.02954329364, 0.00527731701732, 0.000354570802301, 3.05314679281e-05, 4.11080582126e-05],
        "min": [0.000179973460035, 0.00645628944039, 0.030808582902, 0.0819879844785, 0.189527362585, 0.307097971439, 0.267243981361, 0.191641777754, 0.359745681286, 0.454629540443, 0.256531357765, 0.786805510521, 0.487270206213, 0.801293671131, 0.839821457863, 0.5749168396, 0.844073951244, 1.01979374886, 1.3377661705, 1.27349030972, 1.09429883957, 0.655144035816, 0.351331919432, 0.112641580403, 0.0724292472005, 0.0344111993909, 0.0162431877106, 0.0158865228295, 0.0129390601069, 0.00461806729436, 0.00112965633161, 0.000409154745284, 3.70593261323e-05, 1.13841324492e-05, 8.30333738122e-06, 5.84778626944e-06, 3.09018787448e-06, 6.43669579858e-07, 3.43026158589e-06, 7.64835749578e-06],
        "var": [0.0407872460783, 7.48689746857, 60.9190292358, 258.761962891, 1920.59375, 288.288146973, 329.958465576, 195.272247314, 741.239257812, 1124.32507324, 1065.4128418, 754.438903809, 1149.20300293, 767.447753906, 1604.84545898, 854.149291992, 811.764099121, 802.477111816, 1685.7734375, 1009.3526001, 1538.58496094, 1597.43566895, 1336.55566406, 326.965942383, 277.326629639, 128.899490356, 58.4990386963, 89.6442108154, 190.260101318, 362.549987793, 227.588867188, 126.468154907, 33.1661148071, 10.6852684021, 0.99419593811, 0.0816172063351, 0.0030062594451, 3.15965371556e-05, 1.43132572461e-08, 7.99176003152e-10]
    },
    "gfcc": {
        "mean": [34.2410469055, 106.106521606, -127.748245239, 53.3114967346, -54.0018196106, 25.0735549927, -40.3675880432, 9.79138755798, -17.3384151459, -7.89564466476, -14.3435955048, -6.20236968994, -10.5481319427],
        "cov": [[1482.56225586, -1036.78381348, 324.270782471, 182.347366333, -222.877639771, 190.279220581, -187.999664307, 134.30682373, -210.712722778, 101.926071167, -198.767242432, 106.806732178, -190.188064575], [-1036.78381348, 1099.45959473, -260.579742432, -219.706344604, 201.833602905, -193.323654175, 201.478210449, -101.473213196, 196.986740112, -105.907287598, 177.805603027, -117.917549133, 130.15057373], [324.270782471, -260.579742432, 319.334259033, 49.816986084, -56.8668670654, 52.5597076416, -83.0976715088, 39.199016571, -55.9539299011, 40.0725669861, -63.7783470154, 51.5994262695, -59.0593452454], [182.347366333, -219.706344604, 49.816986084, 300.413421631, 28.612531662, 13.0865516663, -55.0353927612, 0.518281936646, -18.9997367859, -28.2624378204, 11.1312551498, 13.2943506241, 22.8076972961], [-222.877639771, 201.833602905, -56.8668670654, 28.612531662, 191.854125977, -21.5452613831, 36.6761512756, -3.20981693268, 51.7905311584, -24.3729953766, 42.1938934326, -14.5975217819, 30.3106441498], [190.279220581, -193.323654175, 52.5597076416, 13.0865516663, -21.5452613831, 163.162796021, 23.0583782196, 35.3815422058, -21.3666038513, 15.8158073425, -22.4416046143, 15.4835929871, -22.85846138], [-187.999664307, 201.478210449, -83.0976715088, -55.0353927612, 36.6761512756, 23.0583782196, 155.136459351, -3.57342934608, 42.057472229, -9.70117664337, 29.8906650543, -29.0462741852, 16.488161087], [134.30682373, -101.473213196, 39.199016571, 0.518281936646, -3.20981693268, 35.3815422058, -3.57342934608, 90.7336578369, 11.7784013748, 30.7807750702, -6.91335296631, 20.3311729431, -24.8744335175], [-210.712722778, 196.986740112, -55.9539299011, -18.9997367859, 51.7905311584, -21.3666038513, 42.057472229, 11.7784013748, 106.941802979, -1.17532420158, 59.644569397, -17.1663856506, 28.0762710571], [101.926071167, -105.907287598, 40.0725669861, -28.2624378204, -24.3729953766, 15.8158073425, -9.70117664337, 30.7807750702, -1.17532420158, 92.5972671509, -13.4595737457, 17.5159759521, -24.0241241455], [-198.767242432, 177.805603027, -63.7783470154, 11.1312551498, 42.1938934326, -22.4416046143, 29.8906650543, -6.91335296631, 59.644569397, -13.4595737457, 100.851699829, 2.21964240074, 36.3753051758], [106.806732178, -117.917549133, 51.5994262695, 13.2943506241, -14.5975217819, 15.4835929871, -29.0462741852, 20.3311729431, -17.1663856506, 17.5159759521, 2.21964240074, 74.7115097046, -6.06066703796], [-190.188064575, 130.15057373, -59.0593452454, 22.8076972961, 30.3106441498, -22.85846138, 16.488161087, -24.8744335175, 28.0762710571, -24.0241241455, 36.3753051758, -6.06066703796, 80.8298492432]],
        "icov": [[0.00263818795793, 0.00090650859056, -9.18287332752e-05, -0.00106220075395, 0.000962093879934, -0.000689485226758, 0.000459633854916, -0.00163639697712, 0.00123318098485, -0.000167716294527, 0.00110628013499, -0.000616109929979, 0.0028051440604], [0.00090650859056, 0.00891652796417, -0.00256874924526, 0.00605887919664, -0.00379829318263, 0.00638075126335, -0.00531464023516, 0.0024360162206, -0.00379088637419, 0.00532283540815, -0.00717211980373, 0.0064377556555, -0.00413906853646], [-9.18287332752e-05, -0.00256874924526, 0.005771425087, -0.00261206016876, 0.00148844532669, -0.002828263212, 0.00313124549575, -0.00108507310506, 0.00083415186964, -0.00228657689877, 0.00409114360809, -0.004170964472, 0.00342024979182], [-0.00106220075395, 0.00605887919664, -0.00261206016876, 0.00943139195442, -0.00434368476272, 0.0045196195133, -0.00265610101633, 0.00228686048649, -0.00234442320652, 0.00528063019738, -0.0073747811839, 0.00567825883627, -0.00654399720952], [0.000962093879934, -0.00379829318263, 0.00148844532669, -0.00434368476272, 0.00892390403897, -0.00289752334356, 0.00182750273962, -0.00240675872192, 0.000198512861971, -0.00159948936198, 0.00358859216794, -0.00335822813213, 0.00300253788009], [-0.000689485226758, 0.00638075126335, -0.002828263212, 0.0045196195133, -0.00289752334356, 0.0132218375802, -0.00717114657164, 0.000117248651804, -0.00203607068397, 0.00409542908892, -0.00543850241229, 0.00447171041742, -0.00420652143657], [0.000459633854916, -0.00531464023516, 0.00313124549575, -0.00265610101633, 0.00182750273962, -0.00717114657164, 0.013232095167, -0.00196535442956, 0.00115173240192, -0.00315301422961, 0.00383335142396, -0.002043412067, 0.00344361062162], [-0.00163639697712, 0.0024360162206, -0.00108507310506, 0.00228686048649, -0.00240675872192, 0.000117248651804, -0.00196535442956, 0.0179629195482, -0.00729152839631, -0.00108841701876, -0.00160984729882, -0.000950743909925, 0.000515978026669], [0.00123318098485, -0.00379088637419, 0.00083415186964, -0.00234442320652, 0.000198512861971, -0.00203607068397, 0.00115173240192, -0.00729152839631, 0.0213249847293, -0.00428131734952, -0.00496811373159, 0.00110265903641, 0.000786283169873], [-0.000167716294527, 0.00532283540815, -0.00228657689877, 0.00528063019738, -0.00159948936198, 0.00409542908892, -0.00315301422961, -0.00108841701876, -0.00428131734952, 0.0171436220407, -0.00398262916133, 0.00218137493357, -0.00152154418174], [0.00110628013499, -0.00717211980373, 0.00409114360809, -0.0073747811839, 0.00358859216794, -0.00543850241229, 0.00383335142396, -0.00160984729882, -0.00496811373159, -0.00398262916133, 0.0256906449795, -0.01137029659, 0.00318857259117], [-0.000616109929979, 0.0064377556555, -0.004170964472, 0.00567825883627, -0.00335822813213, 0.00447171041742, -0.002043412067, -0.000950743909925, 0.00110265903641, 0.00218137493357, -0.01137029659, 0.0237177629024, -0.00665666023269], [0.0028051440604, -0.00413906853646, 0.00342024979182, -0.00654399720952, 0.00300253788009, -0.00420652143657, 0.00344361062162, 0.000515978026669, 0.000786283169873, -0.00152154418174, 0.00318857259117, -0.00665666023269, 0.024463634938]]
    },
    "melbands": {
        "dmean": [0.00131366914138, 0.0019810453523, 0.00202881242149, 0.000908156391233, 0.000287580798613, 0.000159686751431, 0.000139782874612, 0.000143567129271, 0.000121190598293, 8.06488387752e-05, 7.37033842597e-05, 5.25467694388e-05, 4.88612349727e-05, 3.26904264512e-05, 3.26560948452e-05, 3.09382157866e-05, 2.65776216111e-05, 3.65035994037e-05, 2.54926744674e-05, 1.63626882568e-05, 2.50454268098e-05, 1.68297738128e-05, 1.89793172467e-05, 1.3153807231e-05, 8.08969707577e-06, 7.2626344263e-06, 5.21097990713e-06, 3.7367585719e-06, 2.2080259896e-06, 1.9690451154e-06, 2.75314619103e-06, 2.88808087134e-06, 2.80325275526e-06, 2.9250247735e-06, 2.35806692217e-06, 1.80998529231e-06, 1.74738681835e-06, 1.11355655008e-06, 9.20119418879e-07, 5.36783147709e-07],
        "dmean2": [0.00222507468425, 0.00337594840676, 0.00336566893384, 0.00146565190516, 0.000481864670292, 0.000255613122135, 0.000223022507271, 0.000227870084927, 0.000189276441233, 0.000124413229059, 0.000112680827442, 8.26564864838e-05, 7.82073402661e-05, 5.08791708853e-05, 5.40046821698e-05, 5.07015065523e-05, 4.07582519983e-05, 5.7553203078e-05, 4.05479622714e-05, 2.59697662841e-05, 4.0689301386e-05, 2.78155675915e-05, 3.07981754304e-05, 2.11708611459e-05, 1.31190372485e-05, 1.18766183732e-05, 8.24401104182e-06, 5.9174017224e-06, 3.49444530912e-06, 3.03908041133e-06, 4.28666180596e-06, 4.28857401857e-06, 4.17266983277e-06, 4.10111078963e-06, 3.241415925e-06, 2.48978471973e-06, 2.57136002801e-06, 1.56735154633e-06, 1.28766907892e-06, 7.54384871016e-07],
        "dvar": [5.4868692132e-06, 1.53367691382e-05, 1.69848281075e-05, 3.90689046981e-06, 2.87117273956e-07, 5.98276201913e-08, 8.19566707833e-08, 9.58773682669e-08, 4.68634766548e-08, 1.91348430434e-08, 1.22873426989e-08, 8.80114647828e-09, 9.30583254899e-09, 4.40082326136e-09, 4.7019090843e-09, 2.76519518394e-09, 1.22338761344e-09, 2.74487321761e-09, 1.28132549015e-09, 5.9888355386e-10, 8.95855556404e-10, 8.34664393157e-10, 7.96281540705e-10, 3.11069614511e-10, 9.07123681726e-11, 7.01801047831e-11, 4.75836071934e-11, 2.6668407066e-11, 1.11431957411e-11, 9.1254443238e-12, 1.8227612128e-11, 2.51592045808e-11, 4.41055456046e-11, 4.96448056275e-11, 2.70609958053e-11, 1.71240278901e-11, 2.03217182665e-11, 7.28688377e-12, 7.72643320851e-12, 2.510636447e-12],
        "dvar2": [1.4180672224e-05, 4.08722517022e-05, 4.20028918597e-05, 9.76341925707e-06, 7.49918172005e-07, 1.4496659162e-07, 2.02711404995e-07, 2.17199968233e-07, 1.11444599327e-07, 4.6216303673e-08, 2.67499586926e-08, 2.24420695361e-08, 2.12005648592e-08, 9.66762936372e-09, 1.29145840688e-08, 6.61902754828e-09, 2.76048739423e-09, 6.55540866035e-09, 2.7438671335e-09, 1.28087140894e-09, 2.29067875779e-09, 2.12597828231e-09, 1.8670336388e-09, 7.21859350072e-10, 2.3349758238e-10, 1.77801606771e-10, 1.1958803392e-10, 6.38520486484e-11, 2.84437143977e-11, 2.09455473799e-11, 4.40122036038e-11, 5.1501768128e-11, 9.33013041826e-11, 8.62372326327e-11, 4.07759104259e-11, 2.84048271015e-11, 4.25708739094e-11, 1.42252303686e-11, 1.46830100162e-11, 3.87938162497e-12],
        "max": [0.0201729629189, 0.0301741845906, 0.0303599834442, 0.0158495791256, 0.00631511863321, 0.00296966219321, 0.00382961821742, 0.00487233838066, 0.0044899280183, 0.00234850123525, 0.00174677406903, 0.00134271581192, 0.00285826902837, 0.00141210528091, 0.00109519204125, 0.000907587585971, 0.000554858474061, 0.000848178402521, 0.000623657077085, 0.000575766141992, 0.000465656426968, 0.000346737244399, 0.00038270780351, 0.000301775580738, 0.00010647293675, 9.63100465015e-05, 9.15598939173e-05, 5.40785113117e-05, 6.40858270344e-05, 4.36283989984e-05, 5.27950687683e-05, 7.8156888776e-05, 9.38887897064e-05, 0.000118646086776, 9.9226977909e-05, 6.84919141349e-05, 6.90392334945e-05, 4.90366473969e-05, 6.1195656599e-05, 3.56986165571e-05],
        "mean": [0.0020109359175, 0.00358710018918, 0.00268764444627, 0.00116861239076, 0.000458960741526, 0.000287517294055, 0.000243127491558, 0.000211255668546, 0.000193297179067, 0.000145070269355, 0.000148245919263, 9.73605419858e-05, 9.61052137427e-05, 6.00655330345e-05, 5.53287536604e-05, 5.48994212295e-05, 5.38958811376e-05, 7.32362241251e-05, 4.95096210216e-05, 3.605207894e-05, 4.97102955705e-05, 3.42408602592e-05, 3.72430076823e-05, 2.7632491765e-05, 1.82261392183e-05, 1.58544298756e-05, 1.08880922198e-05, 7.32834769224e-06, 4.31998205386e-06, 3.90058039557e-06, 4.98416784467e-06, 5.24849019712e-06, 5.1310857998e-06, 5.2893828979e-06, 4.39194855062e-06, 3.51816834154e-06, 3.16811383527e-06, 1.86292186299e-06, 1.50840662627e-06, 8.93578885552e-07],
        "median": [0.0013709339546, 0.00258728954941, 0.00162130361423, 0.000617894111201, 0.000282297609374, 0.000184543270734, 0.000125736711198, 0.000106858104118, 9.01269813767e-05, 7.59624017519e-05, 8.34820675664e-05, 5.45443544979e-05, 5.7380682847e-05, 3.46570632246e-05, 3.20425097016e-05, 3.24901157001e-05, 3.77179931093e-05, 4.86264980282e-05, 3.49199290213e-05, 2.43158738158e-05, 3.63449107681e-05, 2.18916884478e-05, 2.14651172428e-05, 2.02301253012e-05, 1.48932849697e-05, 1.21226221381e-05, 7.93012532085e-06, 4.72046212963e-06, 2.7820321975e-06, 2.12500549424e-06, 2.9158934467e-06, 2.87051966552e-06, 2.37911490331e-06, 2.24940868065e-06, 1.78417133156e-06, 1.4991713897e-06, 1.21447976653e-06, 6.94604864293e-07, 5.37533992429e-07, 2.54368245578e-07],
        "min": [2.28113208323e-06, 1.88947215065e-05, 1.67994057847e-05, 2.28699645959e-05, 9.3006701718e-06, 3.95844699597e-06, 2.70917394118e-06, 2.32031356973e-06, 2.07409902941e-06, 4.28794828622e-06, 2.34217850448e-06, 2.42486044044e-06, 2.53307689491e-06, 1.88451019767e-06, 1.0458234101e-06, 1.85150827292e-06, 1.43864178881e-06, 1.47406467477e-06, 1.07775224478e-06, 6.86047656018e-07, 6.01096473929e-07, 3.44729642165e-07, 2.23636078545e-07, 2.68377732482e-07, 6.47359073014e-08, 6.09531269902e-08, 3.53774538553e-08, 1.96708942468e-08, 1.07343982592e-08, 8.90825369027e-09, 6.97950230943e-09, 6.08468120333e-09, 5.85854564861e-09, 1.04055652983e-09, 6.96624369301e-10, 2.43830483582e-10, 8.30047766631e-11, 2.73969887575e-12, 1.68944123014e-12, 3.51542254508e-13],
