{
"highlevel": {
    "danceability": {
        "all": {
            "danceable": 0.968232035637,
            "not_danceable": 0.0317679531872
        },
        "probability": 0.968232035637,
        "value": "danceable"
    },
    "gender": {
        "all": {
            "female": 0.0129784625024,
            "male": 0.987021565437
        },
        "probability": 0.987021565437,
        "value": "male"
    },
    "genre_dortmund": {
        "all": {
            "alternative": 0.00301698013209,
            "blues": 0.0122320400551,
            "electronic": 0.0177629571408,
            "folkcountry": 0.0031237907242,
            "funksoulrnb": 0.00772977713495,
            "jazz": 0.0334795638919,
            "pop": 0.00125508022029,
            "raphiphop": 0.912696838379,
            "rock": 0.00870298966765
        },
        "probability": 0.912696838379,
        "value": "raphiphop"
    },
    "genre_electronic": {
        "all": {
            "ambient": 0.393668562174,
            "dnb": 0.109587445855,
            "house": 0.42091101408,
            "techno": 0.0386106222868,
            "trance": 0.0372223779559
        },
        "probability": 0.42091101408,
        "value": "house"
    },
    "genre_rosamerica": {
        "all": {
            "cla": 0.00539995450526,
            "dan": 0.00894466694444,
            "hip": 0.870201706886,
            "jaz": 0.00580550497398,
            "pop": 0.00655041635036,
            "rhy": 0.0473797731102,
            "roc": 0.00229158066213,
            "spe": 0.053426399827
        },
        "probability": 0.870201706886,
        "value": "hip"
    },
    "genre_tzanetakis": {
        "all": {
            "blu": 0.0517087616026,
            "cla": 0.0344726629555,
            "cou": 0.103439450264,
            "dis": 0.0812897384167,
            "hip": 0.15536031127,
            "jaz": 0.310836702585,
            "met": 0.0443696044385,
            "pop": 0.0621110871434,
            "reg": 0.078762203455,
            "roc": 0.0776494815946
        },
        "probability": 0.310836702585,
        "value": "jaz"
    },
    "ismir04_rhythm": {
        "all": {
            "ChaChaCha": 0.471727073193,
            "Jive": 0.0276478827,
            "Quickstep": 0.0704497247934,
            "Rumba-American": 0.0203491263092,
            "Rumba-International": 0.0314444452524,
            "Rumba-Misc": 0.0170754306018,
            "Samba": 0.131200134754,
            "Tango": 0.0962100550532,
            "VienneseWaltz": 0.122235767543,
            "Waltz": 0.0116603448987
        },
        "probability": 0.471727073193,
        "value": "ChaChaCha"
    },
    "mood_acoustic": {
        "all": {
            "acoustic": 0.325268685818,
            "not_acoustic": 0.674731314182
        },
        "probability": 0.674731314182,
        "value": "not_acoustic"
    },
    "mood_aggressive": {
        "all": {
            "aggressive": 0.249809727073,
            "not_aggressive": 0.750190258026
        },
        "probability": 0.750190258026,
        "value": "not_aggressive"
    },
    "mood_electronic": {
        "all": {
            "electronic": 0.854695916176,
            "not_electronic": 0.145304083824
        },
        "probability": 0.854695916176,
        "value": "electronic"
    },
    "mood_happy": {
        "all": {
            "happy": 0.194617465138,
            "not_happy": 0.805382549763
        },
        "probability": 0.805382549763,
        "value": "not_happy"
    },
    "mood_party": {
        "all": {
            "not_party": 0.370658099651,
            "party": 0.629341900349
        },
        "probability": 0.629341900349,
        "value": "party"
    },
    "mood_relaxed": {
        "all": {
            "not_relaxed": 0.246606707573,
            "relaxed": 0.753393292427
        },
        "probability": 0.753393292427,
        "value": "relaxed"
    },
    "mood_sad": {
        "all": {
            "not_sad": 0.40646764636,
            "sad": 0.593532383442
        },
        "probability": 0.593532383442,
        "value": "sad"
    },
    "moods_mirex": {
        "all": {
            "Cluster1": 0.102045878768,
            "Cluster2": 0.224459856749,
            "Cluster3": 0.149128451943,
            "Cluster4": 0.113778568804,
            "Cluster5": 0.410587221384
        },
        "probability": 0.410587221384,
        "value": "Cluster5"
    },
    "timbre": {
        "all": {
            "bright": 0.0205254927278,
            "dark": 0.979474484921
        },
        "probability": 0.979474484921,
        "value": "dark"
    },
    "tonal_atonal": {
        "all": {
            "atonal": 0.789919793606,
            "tonal": 0.210080236197
        },
        "probability": 0.789919793606,
        "value": "atonal"
    },
    "voice_instrumental": {
        "all": {
            "instrumental": 0.119391269982,
            "voice": 0.880608737469
        },
        "probability": 0.880608737469,
        "value": "voice"
    }
},
"lowlevel": {
    "average_loudness": 0.859498381615,
    "barkbands_crest": {
        "dmean": 3.40214824677,
        "dmean2": 5.41676616669,
        "dvar": 9.24324607849,
        "dvar2": 20.8161373138,
        "max": 25.3381919861,
        "mean": 11.7724571228,
        "median": 10.7797470093,
        "min": 2.97971773148,
        "var": 25.6644191742
    },
    "barkbands_flatness_db": {
        "dmean": 0.0305169280618,
        "dmean2": 0.043696410954,
        "dvar": 0.000804329058155,
        "dvar2": 0.00150891789235,
        "max": 0.497648090124,
        "mean": 0.190192952752,
        "median": 0.17395158112,
        "min": 0.0544053912163,
        "var": 0.00546561088413
    },
    "barkbands_kurtosis": {
        "dmean": 6.76410865784,
        "dmean2": 10.125916481,
        "dvar": 391.777679443,
        "dvar2": 759.378417969,
        "max": 358.016693115,
        "mean": 8.12857723236,
        "median": 2.62815380096,
        "min": -1.93683969975,
        "var": 577.866882324
    },
    "barkbands_skewness": {
        "dmean": 0.925949811935,
        "dmean2": 1.29123258591,
        "dvar": 1.13818335533,
        "dvar2": 2.03919911385,
        "max": 15.5379590988,
        "mean": 1.30087399483,
        "median": 1.09605622292,
        "min": -7.03259515762,
        "var": 4.47290754318
    },
    "barkbands_spread": {
        "dmean": 8.1221818924,
        "dmean2": 12.5856151581,
        "dvar": 131.269561768,
        "dvar2": 294.433105469,
        "max": 109.15460968,
        "mean": 20.789390564,
        "median": 14.79708004,
        "min": 0.237991273403,
        "var": 328.829742432
    },
    "dissonance": {
        "dmean": 0.0279151219875,
        "dmean2": 0.0466184802353,
        "dvar": 0.0011126146419,
        "dvar2": 0.00315446406603,
        "max": 0.499995172024,
        "mean": 0.451186984777,
        "median": 0.463831365108,
        "min": 0.155892640352,
        "var": 0.00214088894427
    },
    "dynamic_complexity": 4.33505392075,
    "erbbands_crest": {
        "dmean": 3.59650278091,
        "dmean2": 5.87938833237,
        "dvar": 9.88782405853,
        "dvar2": 24.9359798431,
        "max": 28.304517746,
        "mean": 11.62637043,
        "median": 10.4460639954,
        "min": 2.75728917122,
        "var": 30.0771827698
    },
    "erbbands_flatness_db": {
        "dmean": 0.0254229083657,
        "dmean2": 0.0374591909349,
        "dvar": 0.000572907971218,
        "dvar2": 0.00120503793005,
        "max": 0.455546319485,
        "mean": 0.215049862862,
        "median": 0.202945366502,
        "min": 0.0858473032713,
        "var": 0.0042471238412
    },
    "erbbands_kurtosis": {
        "dmean": 3.68517994881,
        "dmean2": 5.84586048126,
        "dvar": 43.8191604614,
        "dvar2": 112.742256165,
        "max": 121.376274109,
        "mean": 5.48729848862,
        "median": 0.811285018921,
        "min": -1.89237451553,
        "var": 158.264358521
    },
    "erbbands_skewness": {
        "dmean": 0.683043599129,
        "dmean2": 1.03542625904,
        "dvar": 0.478864580393,
        "dvar2": 1.02235496044,
        "max": 7.360704422,
        "mean": 0.410603702068,
        "median": 0.354818165302,
        "min": -5.73768043518,
        "var": 2.49443697929
    },
    "erbbands_spread": {
        "dmean": 10.3766536713,
        "dmean2": 15.9878015518,
        "dvar": 148.096206665,
        "dvar2": 344.058105469,
        "max": 164.76234436,
        "mean": 30.0142288208,
        "median": 27.2902736664,
        "min": 0.885284304619,
        "var": 399.7421875
    },
    "hfc": {
        "dmean": 11.289935112,
        "dmean2": 16.1737003326,
        "dvar": 447.028381348,
        "dvar2": 966.651062012,
        "max": 198.091644287,
        "mean": 21.0971660614,
        "median": 12.9297523499,
        "min": 0.129743769765,
        "var": 791.463195801
    },
    "melbands_crest": {
        "dmean": 4.43949127197,
        "dmean2": 6.72491788864,
        "dvar": 14.4853467941,
        "dvar2": 31.0194549561,
        "max": 35.4863395691,
        "mean": 16.7347393036,
        "median": 15.1838064194,
        "min": 3.516269207,
        "var": 49.0122756958
    },
    "melbands_flatness_db": {
        "dmean": 0.038299113512,
        "dmean2": 0.0521246679127,
        "dvar": 0.00128405552823,
        "dvar2": 0.0023230521474,
        "max": 0.629622459412,
        "mean": 0.225190386176,
        "median": 0.207394212484,
        "min": 0.0217241477221,
        "var": 0.0103951478377
    },
    "melbands_kurtosis": {
        "dmean": 14.0390882492,
        "dmean2": 20.0011348724,
        "dvar": 1840.40087891,
        "dvar2": 3400.34423828,
        "max": 1163.86755371,
        "mean": 17.9419937134,
        "median": 5.50144577026,
        "min": -1.9261149168,
        "var": 2829.64257812
    },
    "melbands_skewness": {
        "dmean": 1.12583744526,
        "dmean2": 1.59292471409,
        "dvar": 1.97787237167,
        "dvar2": 3.65903019905,
        "max": 29.7979259491,
        "mean": 2.26906347275,
        "median": 1.76630365849,
        "min": -4.34370660782,
        "var": 6.94201803207
    },
    "melbands_spread": {
        "dmean": 13.7140140533,
        "dmean2": 20.0229091644,
        "dvar": 561.33770752,
        "dvar2": 943.678466797,
        "max": 240.319213867,
        "mean": 30.8756828308,
        "median": 16.4540710449,
        "min": 0.278136730194,
        "var": 1519.11633301
    },
    "pitch_salience": {
        "dmean": 0.0919173061848,
        "dmean2": 0.140840217471,
        "dvar": 0.00661504548043,
        "dvar2": 0.0149367842823,
        "max": 0.813553214073,
        "mean": 0.537900328636,
        "median": 0.555501163006,
        "min": 0.044243182987,
        "var": 0.0214983318001
    },
    "silence_rate_20dB": {
        "dmean": 0,
        "dmean2": 0,
        "dvar": 0,
        "dvar2": 0,
        "max": 1,
        "mean": 1,
        "median": 1,
        "min": 1,
        "var": 0
    },
    "silence_rate_30dB": {
        "dmean": 0.0417956672609,
        "dmean2": 0.0836560800672,
        "dvar": 0.0400488190353,
        "dvar2": 0.0844032391906,
        "max": 1,
        "mean": 0.955916464329,
        "median": 1,
        "min": 0,
        "var": 0.0421399287879
    },
    "silence_rate_60dB": {
        "dmean": 0.0255417954177,
        "dmean2": 0.0503485687077,
        "dvar": 0.0248893648386,
        "dvar2": 0.0586582645774,
        "max": 1,
        "mean": 0.232018560171,
        "median": 0,
        "min": 0,
        "var": 0.178186550736
    },
    "spectral_centroid": {
        "dmean": 401.239074707,
        "dmean2": 575.352111816,
        "dvar": 273651.625,
        "dvar2": 493318.78125,
        "max": 5729.57421875,
        "mean": 1517.5736084,
        "median": 1226.46240234,
        "min": 150.251617432,
        "var": 1065975.5
    },
    "spectral_complexity": {
        "dmean": 4.18111467361,
        "dmean2": 5.85592556,
        "dvar": 27.9950847626,
        "dvar2": 45.9822807312,
        "max": 58,
        "mean": 14.5228147507,
        "median": 13,
        "min": 0,
        "var": 120.602157593
    },
    "spectral_decrease": {
        "dmean": 2.59556975912e-09,
        "dmean2": 3.68642716353e-09,
        "dvar": 2.25233736911e-17,
        "dvar2": 4.19425039794e-17,
        "max": -8.36597596754e-11,
        "mean": -5.78512926452e-09,
        "median": -3.40787020825e-09,
        "min": -4.93168705873e-08,
        "var": 6.12426856956e-17
    },
    "spectral_energy": {
        "dmean": 0.0105055710301,
        "dmean2": 0.0148947602138,
        "dvar": 0.000338065205142,
        "dvar2": 0.000640084967017,
        "max": 0.188136011362,
        "mean": 0.023748004809,
        "median": 0.0151016609743,
        "min": 0.000328021182213,
        "var": 0.00091328995768
    },
    "spectral_energyband_high": {
        "dmean": 0.00113738281652,
        "dmean2": 0.00169488240499,
        "dvar": 8.60076943354e-06,
        "dvar2": 1.84857944987e-05,
        "max": 0.0252677258104,
        "mean": 0.00142905686516,
        "median": 0.000178141548531,
        "min": 1.17155515511e-07,
        "var": 1.2367423551e-05
    },
    "spectral_energyband_low": {
        "dmean": 0.00522830476984,
        "dmean2": 0.00690204557031,
        "dvar": 0.00024220153864,
        "dvar2": 0.000394741102355,
        "max": 0.161554351449,
        "mean": 0.0100296158344,
        "median": 0.00114716379903,
        "min": 1.62672540682e-06,
        "var": 0.000655167445075
    },
    "spectral_energyband_middle_high": {
        "dmean": 0.00198582862504,
        "dmean2": 0.00279948767275,
        "dvar": 9.70397013589e-06,
        "dvar2": 2.05303294933e-05,
        "max": 0.0341842062771,
        "mean": 0.00409409636632,
        "median": 0.00189390790183,
        "min": 4.18214909814e-07,
        "var": 2.56944513239e-05
    },
    "spectral_energyband_middle_low": {
        "dmean": 0.0059728063643,
        "dmean2": 0.00973148737103,
        "dvar": 0.000113726469863,
        "dvar2": 0.000294681842206,
        "max": 0.0898081958294,
        "mean": 0.00853031687438,
        "median": 0.00367797189392,
        "min": 4.03598496632e-05,
        "var": 0.000136045899126
    },
    "spectral_entropy": {
        "dmean": 0.246001958847,
        "dmean2": 0.361437946558,
        "dvar": 0.0594843402505,
        "dvar2": 0.123444132507,
        "max": 8.64718437195,
        "mean": 7.30447530746,
        "median": 7.39925575256,
        "min": 4.94659805298,
        "var": 0.467450171709
    },
    "spectral_flux": {
        "dmean": 0.0308214332908,
        "dmean2": 0.0485188178718,
        "dvar": 0.00167041143868,
        "dvar2": 0.00327371503226,
        "max": 0.36425191164,
        "mean": 0.0823081061244,
        "median": 0.0734132826328,
        "min": 0.00656380224973,
        "var": 0.00410210853443
    },
    "spectral_kurtosis": {
        "dmean": 2.71716475487,
        "dmean2": 4.49813747406,
        "dvar": 17.5797519684,
        "dvar2": 47.3362503052,
        "max": 90.0656585693,
        "mean": 5.8306145668,
        "median": 3.64190340042,
        "min": -0.845433235168,
        "var": 59.3285102844
    },
    "spectral_rms": {
        "dmean": 0.000928801833652,
        "dmean2": 0.00129710498732,
        "dvar": 1.48467916006e-06,
        "dvar2": 2.67297332357e-06,
        "max": 0.0135479634628,
        "mean": 0.00404747296125,
        "median": 0.00383840175346,
        "min": 0.000565703667235,
        "var": 6.78675360177e-06
    },
    "spectral_rolloff": {
        "dmean": 683.313110352,
        "dmean2": 1077.29345703,
        "dvar": 1418070.375,
        "dvar2": 2713046,
        "max": 8591.74804688,
        "mean": 1737.96118164,
        "median": 968.994140625,
        "min": 64.599609375,
        "var": 3255688.75
    },
    "spectral_skewness": {
        "dmean": 0.366604238749,
        "dmean2": 0.561374187469,
        "dvar": 0.141014754772,
        "dvar2": 0.314060688019,
        "max": 7.71014547348,
        "mean": 1.61620938778,
        "median": 1.44767308235,
        "min": -0.463775932789,
        "var": 0.892859280109
    },
    "spectral_spread": {
        "dmean": 576820.625,
        "dmean2": 848590.9375,
        "dvar": 411967881216,
        "dvar2": 779658592256,
        "max": 11652051,
        "mean": 3952864,
        "median": 3822826.5,
        "min": 1054687.625,
        "var": 1.61996826214e+12
    },
    "spectral_strongpeak": {
        "dmean": 0.595038950443,
        "dmean2": 0.981988728046,
        "dvar": 1.10505568981,
        "dvar2": 2.58423519135,
        "max": 13.9303703308,
        "mean": 0.982498824596,
        "median": 0.529093801975,
        "min": 0,
        "var": 1.65200996399
    },
    "zerocrossingrate": {
        "dmean": 0.0159500166774,
        "dmean2": 0.0172328110784,
        "dvar": 0.000429290928878,
        "dvar2": 0.000468417390948,
        "max": 0.2705078125,
        "mean": 0.0613123401999,
        "median": 0.048828125,
        "min": 0.00244140625,
        "var": 0.00228516664356
    },
    "barkbands": {
        "dmean": [0.000364663050277, 0.00482091354206, 0.00104927585926, 0.000927841523662, 0.000856586033478, 0.00164500367828, 0.00247306120582, 0.00118164380547, 0.000592719239648, 0.000181481751497, 0.000167315170984, 0.000300548330415, 0.000280837237369, 0.000355722178938, 0.00035572834895, 0.000339952908689, 0.000326221139403, 0.000219973153435, 0.000313639146043, 0.000282100401819, 0.000298246392049, 0.000410711712902, 0.000245850736974, 0.0001195764562, 3.6491008359e-05, 3.43843794326e-06, 8.04875242011e-08],
        "dmean2": [0.00053715571994, 0.00622799852863, 0.00197505322285, 0.0016814378323, 0.00134458846878, 0.00266150082462, 0.00416404614225, 0.00190083961934, 0.000870089745149, 0.000292899407214, 0.00025556696346, 0.000495625718031, 0.00044171907939, 0.000551302393433, 0.000541121873539, 0.00053729134379, 0.000496189575642, 0.000334978132742, 0.000483608484501, 0.000443791766884, 0.000461731338874, 0.000621465791482, 0.000375500298105, 0.000179897848284, 5.59720065212e-05, 5.39030497748e-06, 1.51752431066e-07],
        "dvar": [6.68682105243e-07, 0.00022112550505, 2.28316930588e-05, 1.35727186716e-05, 6.47145861876e-06, 1.35769096232e-05, 3.41097256751e-05, 7.33431716071e-06, 2.66188180831e-06, 1.84051685892e-07, 1.42947286008e-07, 1.28709552882e-06, 6.12081123563e-07, 6.93170818522e-07, 8.54298150443e-07, 7.78663434176e-07, 7.60529474064e-07, 2.21378087417e-07, 5.02822956605e-07, 6.7642997692e-07, 7.87940734881e-07, 1.2242868479e-06, 4.32483005852e-07, 9.9079635163e-08, 1.2905679192e-08, 1.62243940505e-10, 2.63894185367e-13],
        "dvar2": [1.42777548717e-06, 0.000338413810823, 6.65960105835e-05, 3.96116447519e-05, 1.56856531248e-05, 3.26886402036e-05, 9.01859966689e-05, 1.75473123818e-05, 6.06477124165e-06, 4.25268382287e-07, 2.75794150184e-07, 3.52808979187e-06, 1.52211271143e-06, 1.56919122674e-06, 1.84599707609e-06, 1.87269904472e-06, 1.76761705006e-06, 4.99677241805e-07, 1.18633636248e-06, 1.63822653576e-06, 1.84112047918e-06, 2.68617463917e-06, 8.94095080639e-07, 2.0846755433e-07, 2.94255162459e-08, 3.88883647506e-10, 7.71932485381e-13],
        "max": [0.0140586309135, 0.142682299018, 0.0476676262915, 0.0448763594031, 0.026868512854, 0.0411712788045, 0.0635972991586, 0.0266527142376, 0.0229882709682, 0.00732828350738, 0.00966539978981, 0.0226455256343, 0.0130208628252, 0.0140179237351, 0.0135693820193, 0.0166877992451, 0.0145721696317, 0.00572935026139, 0.00985360145569, 0.0100182425231, 0.00784156378359, 0.0128353806213, 0.00729514146224, 0.00434045819566, 0.00133851810824, 0.000178733316716, 8.59649662743e-06],
        "mean": [0.000726364902221, 0.00823105126619, 0.000776466797106, 0.000741986383218, 0.000905235530809, 0.00171011837665, 0.00284482887946, 0.00133860507049, 0.000937575823627, 0.00025547129917, 0.000319060723996, 0.000354530813638, 0.000394340400817, 0.000467618432594, 0.000489408965223, 0.000441644777311, 0.000488812744152, 0.000330134585965, 0.00039555632975, 0.000318120903103, 0.000304835266434, 0.000503362040035, 0.000280736305285, 0.000147613114677, 4.07929073845e-05, 3.68800101569e-06, 4.92896496951e-08],
        "median": [6.78472351865e-05, 0.000296156096738, 0.000127897714265, 0.000115288217785, 0.000158458176884, 0.000304354267428, 0.00043591146823, 0.000209138117498, 0.000178731206688, 8.57608101796e-05, 6.82636455167e-05, 6.88868021825e-05, 9.77336167125e-05, 8.38275518618e-05, 8.21494977572e-05, 9.93395296973e-05, 6.78168071317e-05, 5.73485231143e-05, 9.76736118901e-05, 5.49659271201e-05, 1.93710984604e-05, 4.45140358352e-05, 2.89006602543e-05, 2.5641060347e-05, 6.35320293441e-06, 2.04058906661e-07, 2.30365976295e-10],
        "min": [4.06430054056e-08, 4.65075942202e-08, 2.751232131e-09, 1.67719974797e-07, 1.66261372669e-07, 6.81239271216e-07, 1.2090816881e-07, 1.21947252296e-07, 1.17276123035e-07, 1.46145513469e-08, 1.70491070151e-08, 1.56957629116e-08, 7.87403653391e-09, 9.63395407894e-09, 1.29525030701e-08, 3.07612779693e-08, 3.45590080997e-08, 2.61030201898e-08, 1.74084693327e-08, 1.42293030692e-08, 2.01486898277e-08, 1.98730969458e-08, 1.92143669864e-08, 6.57685461647e-09, 2.82080958591e-09, 5.58878984758e-12, 4.50774487182e-12],
        "var": [1.41536042975e-06, 0.000536971492693, 1.25631031551e-05, 8.68186452863e-06, 6.17136174696e-06, 1.49960769704e-05, 3.96363830077e-05, 9.4298611657e-06, 4.75246224596e-06, 2.81687391634e-07, 6.14890893758e-07, 1.11164661121e-06, 9.520863955e-07, 1.03805791696e-06, 1.57159797709e-06, 9.9567671441e-07, 1.23470408653e-06, 4.10350196489e-07, 6.76974366343e-07, 7.65186541685e-07, 9.4645486115e-07, 1.93409346139e-06, 5.83924645525e-07, 1.35568399173e-07, 1.45971315035e-08, 1.69814537432e-10, 1.47156212996e-13]
    },
    "erbbands": {
        "dmean": [0.194776952267, 0.983933985233, 1.2613928318, 2.28451609612, 2.62689971924, 3.11816000938, 7.82563591003, 15.5840873718, 24.0023822784, 46.6145401001, 15.7353715897, 14.2069644928, 6.61976861954, 6.01388025284, 6.87440299988, 12.2938537598, 12.4301118851, 13.7971248627, 21.0353546143, 17.1848468781, 17.5544719696, 18.9744815826, 12.5060138702, 13.6700143814, 14.9597415924, 13.517291069, 10.7083063126, 13.9240989685, 16.8010959625, 9.34070301056, 6.18737888336, 3.51892805099, 1.5360262394, 0.641337573528, 0.1340431422, 0.0277075190097, 0.00451844371855, 0.000298131344607, 2.54392525676e-05, 1.5035195247e-05],
        "dmean2": [0.236237376928, 1.33808386326, 2.22049331665, 4.20813751221, 4.18074274063, 5.24924182892, 12.6229515076, 25.990901947, 41.3683128357, 74.6782302856, 24.3281402588, 20.5132255554, 10.5402574539, 9.24893856049, 10.8647165298, 20.6712970734, 19.422170639, 20.6632080078, 32.1570510864, 26.4130058289, 27.0936527252, 28.8066368103, 19.2768211365, 20.8855495453, 23.0285434723, 21.1922779083, 16.4245872498, 21.753950119, 25.8527336121, 14.0894136429, 9.3718996048, 5.18727397919, 2.31087017059, 0.98584240675, 0.204626098275, 0.0422705374658, 0.0071981777437, 0.000502512790263, 4.08632986364e-05, 2.15579602809e-05],
        "dvar": [0.293625026941, 11.3063621521, 29.4794235229, 92.6950073242, 93.666847229, 96.1464233398, 391.019287109, 1256.6739502, 5584.36328125, 10972.8125, 933.866088867, 1642.01098633, 194.111801147, 212.987014771, 358.388000488, 2387.69848633, 1284.81762695, 699.850402832, 2946.95068359, 2532.85644531, 1347.59594727, 2583.29003906, 772.182983398, 1101.48254395, 1188.16394043, 1657.05126953, 1119.04309082, 1650.01098633, 2175.21875, 637.829406738, 272.599029541, 82.0528488159, 16.4066944122, 3.8326177597, 0.179534718394, 0.00984970945865, 0.000290609081276, 1.29652687519e-06, 8.43475778112e-09, 6.73269051621e-10],
        "dvar2": [0.406212359667, 20.513792038, 83.2088470459, 268.981964111, 237.597595215, 249.04637146, 921.683105469, 3049.09228516, 15771.4931641, 26157, 1953.26782227, 3547.39746094, 478.491394043, 473.682281494, 693.513244629, 6667.10449219, 3119, 1547.09326172, 5991.09521484, 6341.59472656, 3128.01123047, 6162.82080078, 1794.02905273, 2644.46533203, 2732.50317383, 4045.67382812, 2599.26928711, 3852.45581055, 4944.38232422, 1407.7800293, 531.665161133, 167.510971069, 33.1540603638, 8.88886451721, 0.404135376215, 0.0232256241143, 0.000754393578973, 3.45964076587e-06, 2.30725181183e-08, 1.45677403474e-09],
        "max": [6.46688842773, 34.8321838379, 56.8747596741, 109.139358521, 118.756401062, 95.1271820068, 371.036254883, 414.101501465, 828.278991699, 1481.06408691, 338.519714355, 602.531677246, 220.502960205, 261.417053223, 477.066955566, 972.800170898, 580.16217041, 320.233581543, 809.337158203, 990.622375488, 600.959899902, 821.234375, 374.386505127, 594.689697266, 687.184814453, 572.106628418, 336.867553711, 495.955108643, 516.353088379, 281.199676514, 218.146026611, 114.35017395, 52.332698822, 22.2203502655, 5.47831344604, 1.42666232586, 0.22772847116, 0.0132639436051, 0.00138313288335, 0.000286235910608],
        "mean": [0.343256473541, 1.41957187653, 1.10142540932, 1.82464241982, 2.69877624512, 2.94629311562, 8.31326675415, 15.6441669464, 23.9633083344, 57.5076675415, 22.6879653931, 22.3082542419, 10.1425189972, 10.500336647, 11.3090744019, 14.6729040146, 18.0267696381, 20.6486244202, 30.9339084625, 22.8443412781, 24.8698120117, 28.545545578, 19.4074993134, 17.9757213593, 19.5880889893, 15.5172281265, 10.9077510834, 15.1805171967, 20.1470546722, 10.8287324905, 7.33563327789, 4.31894302368, 1.85032176971, 0.706982374191, 0.157913357019, 0.0306706000119, 0.00466779898852, 0.000285734247882, 3.16954574373e-05, 3.17476515193e-05],
        "median": [0.00741798384115, 0.0429524555802, 0.143245920539, 0.389370590448, 0.348823606968, 0.533547103405, 1.70806908607, 2.99041604996, 5.90408468246, 7.21120738983, 5.23181676865, 4.21980476379, 3.93765759468, 4.12629699707, 2.37360596657, 3.32174396515, 4.87802457809, 4.93022489548, 4.45301294327, 5.60285520554, 5.86802434921, 4.64284849167, 3.46091461182, 3.78979635239, 4.83676052094, 2.72185850143, 0.992223501205, 1.00203490257, 1.73804700375, 0.980902433395, 0.824117541313, 0.608082711697, 0.342483669519, 0.124371692538, 0.0191298462451, 0.00229820888489, 0.000285835791146, 2.25984276767e-05, 1.44533332787e-05, 2.15814889089e-05],
        "min": [6.34266325505e-06, 6.99646352587e-06, 6.99738811818e-05, 0.00045466813026, 0.000258113897871, 0.000654790143017, 0.0127876186743, 0.00709640746936, 0.00537268770859, 0.00534949358553, 0.00557571509853, 0.00418848823756, 0.0024909900967, 0.00146086851601, 0.000990765518509, 0.000791146245319, 0.000480550836073, 0.000676847237628, 0.0014727486996, 0.00118792033754, 0.00161137571558, 0.0019576495979, 0.00187267165165, 0.00138601276558, 0.00141420436557, 0.000708747305907, 0.000798962428235, 0.00074199406663, 0.000695076654665, 0.000770581886172, 0.000555199629162, 0.000221784299356, 8.98781509022e-05, 4.61469280708e-05, 1.20491758935e-05, 3.0899389003e-06, 5.51139862637e-07, 7.1978121241e-08, 1.80314472686e-07, 3.72915195612e-07],
        "var": [0.776667952538, 20.9334564209, 19.8527488708, 55.7985839844, 86.2495498657, 75.6561050415, 427.711029053, 1327.37878418, 3871.73095703, 16412.5351562, 1788.84338379, 3133.91577148, 296.303833008, 445.341949463, 823.597473145, 1912.42578125, 1963.50732422, 1330.3927002, 6029.75976562, 2773.05444336, 2422.88134766, 3912.88134766, 1359.82666016, 1455.66369629, 1776.76098633, 1894.94445801, 1289.08447266, 2088.43530273, 3292.81201172, 864.512084961, 386.387634277, 116.517242432, 23.2402381897, 4.24476861954, 0.214999943972, 0.0105345742777, 0.000274540943792, 1.09794643777e-06, 6.50710685335e-09, 1.42061584718e-09]
    },
    "gfcc": {
        "mean": [-71.8576507568, 98.9113769531, -134.120742798, 43.6581230164, -75.7487945557, 13.3017158508, -40.355846405, 8.51038169861, -4.97917747498, -1.00910830498, -1.29075050354, -8.06190872192, -3.10603260994],
        "cov": [[11694.9130859, -2954.74584961, -2384.6340332, 627.732116699, 37.2165794373, 765.981262207, -513.424316406, 331.875091553, 254.636032104, 752.74407959, 465.462738037, 289.435119629, -276.471954346], [-2954.74584961, 2352.65893555, 814.046142578, -396.07723999, 399.44128418, -331.285919189, 320.173706055, -69.3726348877, 71.356010437, -268.67388916, 157.495559692, -208.60899353, 183.319625854], [-2384.6340332, 814.046142578, 1390.8104248, 212.508651733, 72.9168167114, -95.6521835327, 152.792297363, -66.1124801636, 14.5883789062, -17.8776187897, -77.3942260742, 6.6488776207, 60.9311027527], [627.732116699, -396.07723999, 212.508651733, 988.975524902, 324.61630249, 134.239883423, -19.0332012177, -20.0817241669, 271.309875488, 224.189926147, 140.509765625, 94.9338378906, 113.118423462], [37.2165794373, 399.44128418, 72.9168167114, 324.61630249, 531.450439453, 131.883590698, 143.30065918, 67.9827041626, 191.425201416, 39.8533325195, 155.890533447, -2.69649791718, 93.8674087524], [765.981262207, -331.285919189, -95.6521835327, 134.239883423, 131.883590698, 507.333343506, 257.55645752, 99.8088684082, -30.2515411377, -20.5984039307, 35.563041687, 93.6615982056, 43.1412696838], [-513.424316406, 320.173706055, 152.792297363, -19.0332012177, 143.30065918, 257.55645752, 551.239624023, 124.204421997, -37.9769210815, -145.732192993, 4.85419845581, 8.56369781494, 87.7118148804], [331.875091553, -69.3726348877, -66.1124801636, -20.0817241669, 67.9827041626, 99.8088684082, 124.204421997, 195.414901733, 75.3512954712, 20.8492431641, 12.3789539337, -10.3808403015, -19.5610752106], [254.636032104, 71.356010437, 14.5883789062, 271.309875488, 191.425201416, -30.2515411377, -37.9769210815, 75.3512954712, 403.311981201, 179.92276001, 136.695800781, -42.4848098755, -4.84432840347], [752.74407959, -268.67388916, -17.8776187897, 224.189926147, 39.8533325195, -20.5984039307, -145.732192993, 20.8492431641, 179.92276001, 300.514892578, 125.538360596, 6.05004072189, -18.9445533752], [465.462738037, 157.495559692, -77.3942260742, 140.509765625, 155.890533447, 35.563041687, 4.85419845581, 12.3789539337, 136.695800781, 125.538360596, 260.824859619, 1.58135652542, 56.2749481201], [289.435119629, -208.60899353, 6.6488776207, 94.9338378906, -2.69649791718, 93.6615982056, 8.56369781494, -10.3808403015, -42.4848098755, 6.05004072189, 1.58135652542, 149.638427734, 22.7253055573], [-276.471954346, 183.319625854, 60.9311027527, 113.118423462, 93.8674087524, 43.1412696838, 87.7118148804, -19.5610752106, -4.84432840347, -18.9445533752, 56.2749481201, 22.7253055573, 202.808853149]],
        "icov": [[0.000241520639975, -4.69015503768e-05, 0.000381524820114, -0.000198106368771, 0.000102252379293, -0.00030538556166, 0.000182468866115, -0.000318425154546, 0.000206163123948, -0.000435166904936, -0.000154301451403, -0.000232471167692, 0.000308657705318], [-4.69015503768e-05, 0.00319205014966, -0.00188058696222, 0.00248408876359, -0.00282240239903, 0.00215896917507, -0.00110998202581, 0.00168410991319, -0.00110862159636, 0.00255575287156, -0.00274379458278, 0.00166413164698, -0.00149309972767], [0.000381524820114, -0.00188058696222, 0.00253778253682, -0.00190632906742, 0.00161840056535, -0.00121843779925, 0.000273682235274, -0.000935324875172, 0.000921496714, -0.00239374511875, 0.00187942932826, -0.00140403211117, 0.00125658756588], [-0.000198106368771, 0.00248408876359, -0.00190632906742, 0.00410819612443, -0.00312419049442, 0.00136925606057, -0.000853585603181, 0.00246664625593, -0.00196160655469, 0.00108049612027, -0.00139297440182, 0.000360000471119, -0.0020720383618], [0.000102252379293, -0.00282240239903, 0.00161840056535, -0.00312419049442, 0.00600335607305, -0.00241988711059, 0.000855450634845, -0.00226804381236, 6.00487328484e-05, -0.00104162329808, 0.000805195013527, -0.000887936446816, 0.000874554563779], [-0.00030538556166, 0.00215896917507, -0.00121843779925, 0.00136925606057, -0.00241988711059, 0.00539722759277, -0.00254685012624, 0.000565559312236, -0.000112721703772, 0.00174049194902, -0.00169525598176, -0.00038902965025, -0.000963637197856], [0.000182468866115, -0.00110998202581, 0.000273682235274, -0.000853585603181, 0.000855450634845, -0.00254685012624, 0.00446603354067, -0.00289277685806, 0.000569559808355, 0.00086020946037, 0.000141122800414, -3.76375719497e-05, -0.000359726662282], [-0.000318425154546, 0.00168410991319, -0.000935324875172, 0.00246664625593, -0.00226804381236, 0.000565559312236, -0.00289277685806, 0.0095815975219, -0.00269014807418, 0.000184498785529, 0.000172989428393, 0.00112819485366, -0.000167919279193], [0.000206163123948, -0.00110862159636, 0.000921496714, -0.00196160655469, 6.00487328484e-05, -0.000112721703772, 0.000569559808355, -0.00269014807418, 0.00578272948042, -0.00281221047044, -0.000269644748187, 0.000647015753202, 0.00146853271872], [-0.000435166904936, 0.00255575287156, -0.00239374511875, 0.00108049612027, -0.00104162329808, 0.00174049194902, 0.00086020946037, 0.000184498785529, -0.00281221047044, 0.0100259976462, -0.00484388461336, 0.00168080988806, -0.00100413977634], [-0.000154301451403, -0.00274379458278, 0.00187942932826, -0.00139297440182, 0.000805195013527, -0.00169525598176, 0.000141122800414, 0.000172989428393, -0.000269644748187, -0.00484388461336, 0.00939604453743, -0.00155610917136, -0.00046607418335], [-0.000232471167692, 0.00166413164698, -0.00140403211117, 0.000360000471119, -0.000887936446816, -0.00038902965025, -3.76375719497e-05, 0.00112819485366, 0.000647015753202, 0.00168080988806, -0.00155610917136, 0.00995310582221, -0.00149230461102], [0.000308657705318, -0.00149309972767, 0.00125658756588, -0.0020720383618, 0.000874554563779, -0.000963637197856, -0.000359726662282, -0.000167919279193, 0.00146853271872, -0.00100413977634, -0.00046607418335, -0.00149230461102, 0.00765671953559]]
    },
    "melbands": {
        "dmean": [0.00151813658886, 0.00081685942132, 0.000417704373831, 0.00018671718135, 0.000245177390752, 0.000343121355399, 0.000403827289119, 0.000466765923193, 0.000114266062155, 8.68998686201e-05, 3.2618361729e-05, 2.53194593824e-05, 2.27467371587e-05, 2.77865310636e-05, 3.44020591001e-05, 3.04842142214e-05, 2.71777134913e-05, 3.8433867303e-05, 2.49150270974e-05, 2.41793059104e-05, 2.06968143175e-05, 2.14984574995e-05, 1.3803620277e-05, 9.98040195554e-06, 1.17037698146e-05, 1.31086626425e-05, 9.57255542744e-06, 9.06047444005e-06, 6.86927387505e-06, 6.51123582429e-06, 8.91761919775e-06, 1.03954662336e-05, 6.69700420985e-06, 5.22812206327e-06, 3.94694734496e-06, 2.8625026971e-06, 1.91362960322e-06, 1.22728420138e-06, 7.1391923484e-07, 4.92479557579e-07],
        "dmean2": [0.00187871628441, 0.00121189863421, 0.000748963444494, 0.000292005046504, 0.000394316710299, 0.000567715847865, 0.000690079526976, 0.000750172010157, 0.000174714208697, 0.000127065824927, 5.30268443981e-05, 3.89749766327e-05, 3.45404623658e-05, 4.63964133814e-05, 5.74219120608e-05, 4.57360292785e-05, 4.14586356783e-05, 5.95653327764e-05, 3.8246576878e-05, 3.7713056372e-05, 3.23600215779e-05, 3.32322415488e-05, 2.05856977118e-05, 1.53097262228e-05, 1.82111270988e-05, 2.04792977456e-05, 1.49458355736e-05, 1.44226778502e-05, 1.08281383291e-05, 1.01515151982e-05, 1.40698066389e-05, 1.61302341439e-05, 1.04152013591e-05, 8.05432500783e-06, 6.02353338763e-06, 4.33286868429e-06, 2.87256466436e-06, 1.82104133728e-06, 1.10635221517e-06, 7.71223994889e-07],
        "dvar": [1.94508575078e-05, 8.95937682799e-06, 2.8925121569e-06, 4.25088103384e-07, 3.20836278433e-07, 5.92346054873e-07, 1.22767801258e-06, 1.06206914552e-06, 6.05080430205e-08, 6.10665864542e-08, 5.02963670712e-09, 3.74648667645e-09, 2.90091262123e-09, 1.29715616026e-08, 1.55400652346e-08, 6.2274230217e-09, 3.03092173581e-09, 1.08493267703e-08, 4.62501059673e-09, 5.91903326352e-09, 2.15249640334e-09, 3.7065686076e-09, 9.47924294614e-10, 5.35436195381e-10, 9.34583188617e-10, 8.82027784144e-10, 5.84143400317e-10, 8.61924087658e-10, 5.21489129657e-10, 3.97580746103e-10, 7.50101258884e-10, 8.53028925274e-10, 3.66922575656e-10, 2.13298018137e-10, 1.12990339307e-10, 5.93504273505e-11, 2.47802403597e-11, 1.07625757265e-11, 3.81695326387e-12, 2.58765513357e-12],
        "dvar2": [2.72553061222e-05, 2.18310105993e-05, 8.2764754552e-06, 1.05786273252e-06, 7.60754460316e-07, 1.4528865222e-06, 3.40777887686e-06, 2.52938616541e-06, 1.19942470178e-07, 1.34736438895e-07, 1.24190790984e-08, 8.32229929415e-09, 5.57933965695e-09, 3.80906577391e-08, 4.21086809865e-08, 1.32099744476e-08, 6.83543532887e-09, 2.28145591308e-08, 1.11640048317e-08, 1.45776457572e-08, 5.16354070612e-09, 9.00159502493e-09, 2.11534345596e-09, 1.25911858717e-09, 2.27952923204e-09, 2.14049289404e-09, 1.26724242211e-09, 2.14706785684e-09, 1.24186716466e-09, 9.11020536787e-10, 1.80217285539e-09, 1.88139392954e-09, 8.39851521661e-10, 4.91547080816e-10, 2.28782826017e-10, 1.18762347179e-10, 5.31328904485e-11, 2.18779733913e-11, 8.58667824344e-12, 6.17014859344e-12],
        "max": [0.0472499355674, 0.0333850570023, 0.0195428226143, 0.00752668315545, 0.00989560876042, 0.0086251180619, 0.0114743141457, 0.0133705679327, 0.00324821379036, 0.00411969423294, 0.00106067711022, 0.000967354979366, 0.00138797191903, 0.00262543419376, 0.00191413855646, 0.00153435883112, 0.000696676899679, 0.00148852006532, 0.00117729126941, 0.00169741048012, 0.000927117827814, 0.00102125434205, 0.000519388238899, 0.000291547185043, 0.000560176325962, 0.000399505079258, 0.000454794382676, 0.00043531350093, 0.000234945124248, 0.000217688066186, 0.000431444175774, 0.000350128306309, 0.000223967042984, 0.000189955579117, 0.000126495302538, 0.000119921285659, 7.00801319908e-05, 4.57135647594e-05, 1.94665008166e-05, 2.08375040529e-05],
        "mean": [0.00266329036094, 0.00100618763827, 0.00035298243165, 0.000187465877389, 0.000262907444267, 0.000346518703736, 0.00042586500058, 0.000574065896217, 0.000165572520928, 0.000134954418172, 4.75251363241e-05, 4.20211072196e-05, 3.92312322219e-05, 3.4279506508e-05, 3.91994763049e-05, 4.42019481852e-05, 3.65323467122e-05, 5.39422107977e-05, 3.22142805089e-05, 3.0244640584e-05, 2.81596676359e-05, 3.09086026391e-05, 2.18800432776e-05, 1.38805407914e-05, 1.43517900142e-05, 1.57768372446e-05, 1.23006120702e-05, 9.69757275016e-06, 6.69009068588e-06, 6.63433365844e-06, 9.51061520027e-06, 1.2573933418e-05, 7.78220055508e-06, 5.60699936614e-06, 4.45396017312e-06, 3.38995755556e-06, 2.31290755437e-06, 1.43396982821e-06, 7.92741445821e-07, 5.22281993653e-07],
        "median": [8.13028818811e-05, 8.25420793262e-05, 7.04693375155e-05, 2.81615521089e-05, 5.90983036091e-05, 6.68077773298e-05, 8.69497234817e-05, 6.95003691362e-05, 2.64508853434e-05, 2.52214558714e-05, 1.76216781256e-05, 1.60049785336e-05, 8.49145817483e-06, 7.43585133023e-06, 8.35575701785e-06, 1.00126590041e-05, 7.18456703908e-06, 6.25975371804e-06, 6.88586442266e-06, 6.73911699778e-06, 5.73630723011e-06, 4.05535729442e-06, 3.24006873598e-06, 2.2936201276e-06, 2.40411691266e-06, 3.35576191901e-06, 2.6448508379e-06, 1.21114590002e-06, 4.67720496999e-07, 4.20733925921e-07, 5.18659248883e-07, 9.92242576103e-07, 7.33931813102e-07, 3.87101437127e-07, 4.04809327392e-07, 4.63284436591e-07, 3.15811206519e-07, 2.26510721291e-07, 1.62580320762e-07, 6.92679122949e-08],
        "min": [3.37080301449e-08, 5.90455329075e-09, 6.7291765049e-08, 1.79217387597e-08, 2.78849569213e-07, 1.34016730158e-07, 5.19033456214e-08, 1.97262881585e-08, 1.52441526069e-08, 1.53789070367e-08, 5.32135580045e-09, 3.32315241991e-09, 2.12083772766e-09, 1.45115808259e-09, 1.42089839894e-09, 9.79689884772e-10, 1.18876597455e-09, 1.21430743238e-09, 1.33401623081e-09, 1.38260525251e-09, 1.52956480814e-09, 1.76770031945e-09, 1.50253864906e-09, 1.34952116149e-09, 8.41898384341e-10, 5.70021474466e-10, 5.01280850163e-10, 3.11552783572e-10, 4.01447097786e-10, 4.23443946573e-10, 4.64376564979e-10, 3.66614905101e-10, 3.66877389579e-10, 2.05250594298e-10, 3.21168619477e-10, 1.60628413348e-10, 8.73755581776e-11, 5.669317793e-11, 4.60345685183e-11, 2.63020594887e-11],
