{
"highlevel": {
    "danceability": {
        "all": {
            "danceable": 0.992946565151,
            "not_danceable": 0.00705345487222
        },
        "probability": 0.992946565151,
        "value": "danceable"
    },
    "gender": {
        "all": {
            "female": 0.404062122107,
            "male": 0.595937848091
        },
        "probability": 0.595937848091,
        "value": "male"
    },
    "genre_dortmund": {
        "all": {
            "alternative": 0.0357055105269,
            "blues": 0.0586225762963,
            "electronic": 0.0847623199224,
            "folkcountry": 0.04800536111,
            "funksoulrnb": 0.0374439172447,
            "jazz": 0.555332660675,
            "pop": 0.0506175383925,
            "raphiphop": 0.0520993992686,
            "rock": 0.0774107277393
        },
        "probability": 0.555332660675,
        "value": "jazz"
    },
    "genre_electronic": {
        "all": {
            "ambient": 0.583995997906,
            "dnb": 0.0494834184647,
            "house": 0.129340469837,
            "techno": 0.0158283933997,
            "trance": 0.221351712942
        },
        "probability": 0.583995997906,
        "value": "ambient"
    },
    "genre_rosamerica": {
        "all": {
            "cla": 0.00820477772504,
            "dan": 0.0873159319162,
            "hip": 0.298376381397,
            "jaz": 0.0174261014909,
            "pop": 0.104273930192,
            "rhy": 0.466109216213,
            "roc": 0.0135519960895,
            "spe": 0.00474164774641
        },
        "probability": 0.466109216213,
        "value": "rhy"
    },
    "genre_tzanetakis": {
        "all": {
            "blu": 0.0626541376114,
            "cla": 0.0348133966327,
            "cou": 0.0783501937985,
            "dis": 0.104547761381,
            "hip": 0.15693578124,
            "jaz": 0.313987255096,
            "met": 0.044816005975,
            "pop": 0.0627349764109,
            "reg": 0.0627352520823,
            "roc": 0.0784252434969
        },
        "probability": 0.313987255096,
        "value": "jaz"
    },
    "ismir04_rhythm": {
        "all": {
            "ChaChaCha": 0.931565344334,
            "Jive": 0.00603637285531,
            "Quickstep": 0.00340732745826,
            "Rumba-American": 0.0129556274042,
            "Rumba-International": 0.00638143019751,
            "Rumba-Misc": 0.00333011616021,
            "Samba": 0.0154526950791,
            "Tango": 0.0150212971494,
            "VienneseWaltz": 0.00498022744432,
            "Waltz": 0.00086957460735
        },
        "probability": 0.931565344334,
        "value": "ChaChaCha"
    },
    "mood_acoustic": {
        "all": {
            "acoustic": 0.0956550687551,
            "not_acoustic": 0.904344916344
        },
        "probability": 0.904344916344,
        "value": "not_acoustic"
    },
    "mood_aggressive": {
        "all": {
            "aggressive": 0.0609555356205,
            "not_aggressive": 0.939044475555
        },
        "probability": 0.939044475555,
        "value": "not_aggressive"
    },
    "mood_electronic": {
        "all": {
            "electronic": 0.781340181828,
            "not_electronic": 0.218659833074
        },
        "probability": 0.781340181828,
        "value": "electronic"
    },
    "mood_happy": {
        "all": {
            "happy": 0.512361526489,
            "not_happy": 0.487638443708
        },
        "probability": 0.512361526489,
        "value": "happy"
    },
    "mood_party": {
        "all": {
            "not_party": 0.412329018116,
            "party": 0.587670981884
        },
        "probability": 0.587670981884,
        "value": "party"
    },
    "mood_relaxed": {
        "all": {
            "not_relaxed": 0.514839112759,
            "relaxed": 0.485160857439
        },
        "probability": 0.514839112759,
        "value": "not_relaxed"
    },
    "mood_sad": {
        "all": {
            "not_sad": 0.7243039608,
            "sad": 0.275696069002
        },
        "probability": 0.7243039608,
        "value": "not_sad"
    },
    "moods_mirex": {
        "all": {
            "Cluster1": 0.189880549908,
            "Cluster2": 0.305046260357,
            "Cluster3": 0.0465818606317,
            "Cluster4": 0.339827150106,
            "Cluster5": 0.118664175272
        },
        "probability": 0.339827150106,
        "value": "Cluster4"
    },
    "timbre": {
        "all": {
            "bright": 0.579430043697,
            "dark": 0.420569956303
        },
        "probability": 0.579430043697,
        "value": "bright"
    },
    "tonal_atonal": {
        "all": {
            "atonal": 0.028820687905,
            "tonal": 0.971179306507
        },
        "probability": 0.971179306507,
        "value": "tonal"
    },
    "voice_instrumental": {
        "all": {
            "instrumental": 0.966144800186,
            "voice": 0.0338551811874
        },
        "probability": 0.966144800186,
        "value": "instrumental"
    }
},
"lowlevel": {
    "average_loudness": 0.974967837334,
    "barkbands_crest": {
        "dmean": 3.28315520287,
        "dmean2": 5.16835355759,
        "dvar": 9.45050144196,
        "dvar2": 20.3071708679,
        "max": 24.430229187,
        "mean": 11.9008970261,
        "median": 11.089058876,
        "min": 2.91875100136,
        "var": 26.2953891754
    },
    "barkbands_flatness_db": {
        "dmean": 0.0312422551215,
        "dmean2": 0.042423799634,
        "dvar": 0.00100919185206,
        "dvar2": 0.00176050199661,
        "max": 0.507204651833,
        "mean": 0.15732614696,
        "median": 0.150834456086,
        "min": 0.0434577353299,
        "var": 0.00416335789487
    },
    "barkbands_kurtosis": {
        "dmean": 7.74132442474,
        "dmean2": 11.621254921,
        "dvar": 800.704040527,
        "dvar2": 1423.59619141,
        "max": 599.900817871,
        "mean": 9.8695936203,
        "median": 2.217856884,
        "min": -1.94906175137,
        "var": 1325.7767334
    },
    "barkbands_skewness": {
        "dmean": 0.80604493618,
        "dmean2": 1.19202184677,
        "dvar": 1.41869854927,
        "dvar2": 2.68869519234,
        "max": 18.0034809113,
        "mean": 1.91074180603,
        "median": 1.35516989231,
        "min": -2.6795938015,
        "var": 3.63378572464
    },
    "barkbands_spread": {
        "dmean": 7.82935857773,
        "dmean2": 12.001947403,
        "dvar": 116.125083923,
        "dvar2": 244.932662964,
        "max": 115.356628418,
        "mean": 23.306810379,
        "median": 20.9407405853,
        "min": 0.217068567872,
        "var": 250.98248291
    },
    "dissonance": {
        "dmean": 0.0295425280929,
        "dmean2": 0.0484549440444,
        "dvar": 0.000712856650352,
        "dvar2": 0.00179037509952,
        "max": 0.499973684549,
        "mean": 0.442364126444,
        "median": 0.453034430742,
        "min": 0.270138770342,
        "var": 0.00184942653868
    },
    "dynamic_complexity": 2.56036758423,
    "erbbands_crest": {
        "dmean": 3.54236793518,
        "dmean2": 5.71239042282,
        "dvar": 12.4894142151,
        "dvar2": 32.06407547,
        "max": 28.8176345825,
        "mean": 11.1713857651,
        "median": 9.86773395538,
        "min": 2.71399641037,
        "var": 30.7497615814
    },
    "erbbands_flatness_db": {
        "dmean": 0.0211884398013,
        "dmean2": 0.031235864386,
        "dvar": 0.000409064785345,
        "dvar2": 0.000920071674045,
        "max": 0.270742595196,
        "mean": 0.148845151067,
        "median": 0.147085919976,
        "min": 0.0630312860012,
        "var": 0.00130248139612
    },
    "erbbands_kurtosis": {
        "dmean": 1.63376092911,
        "dmean2": 2.55098700523,
        "dvar": 7.91628074646,
        "dvar2": 19.5337257385,
        "max": 43.8316879272,
        "mean": 1.74407565594,
        "median": 0.783629417419,
        "min": -1.91588401794,
        "var": 13.0919055939
    },
    "erbbands_skewness": {
        "dmean": 0.516709089279,
        "dmean2": 0.766494631767,
        "dvar": 0.321734309196,
        "dvar2": 0.71165150404,
        "max": 5.01819419861,
        "mean": 0.780323028564,
        "median": 0.791978895664,
        "min": -5.58833217621,
        "var": 0.860115170479
    },
    "erbbands_spread": {
        "dmean": 11.6501064301,
        "dmean2": 17.6244277954,
        "dvar": 218.015045166,
        "dvar2": 481.502716064,
        "max": 230.626464844,
        "mean": 40.9053955078,
        "median": 36.0608329773,
        "min": 4.84321594238,
        "var": 588.690307617
    },
    "hfc": {
        "dmean": 10.2764167786,
        "dmean2": 15.1197347641,
        "dvar": 269.094482422,
        "dvar2": 642.530090332,
        "max": 118.267288208,
        "mean": 18.1324501038,
        "median": 14.2369375229,
        "min": 0.0210889577866,
        "var": 331.391235352
    },
    "melbands_crest": {
        "dmean": 4.00508594513,
        "dmean2": 5.97893333435,
        "dvar": 14.4414997101,
        "dvar2": 30.729101181,
        "max": 36.3599510193,
        "mean": 16.3179035187,
        "median": 14.7384252548,
        "min": 3.81221103668,
        "var": 54.1248779297
    },
    "melbands_flatness_db": {
        "dmean": 0.0387670397758,
        "dmean2": 0.0521784052253,
        "dvar": 0.001708609052,
        "dvar2": 0.00273400521837,
        "max": 0.638218700886,
        "mean": 0.21315985918,
        "median": 0.199200853705,
        "min": 0.0612898096442,
        "var": 0.0077990880236
    },
    "melbands_kurtosis": {
        "dmean": 18.8395404816,
        "dmean2": 28.851272583,
        "dvar": 3927.81005859,
        "dvar2": 8362.87988281,
        "max": 1245.48571777,
        "mean": 25.6177654266,
        "median": 6.97655200958,
        "min": -1.88433289528,
        "var": 5414.80859375
    },
    "melbands_skewness": {
        "dmean": 1.17312347889,
        "dmean2": 1.75083017349,
        "dvar": 3.04467582703,
        "dvar2": 6.06580591202,
        "max": 31.8242740631,
        "mean": 2.96895503998,
        "median": 2.17944335938,
        "min": -0.70353859663,
        "var": 7.94890403748
    },
    "melbands_spread": {
        "dmean": 8.60053539276,
        "dmean2": 13.7042608261,
        "dvar": 280.32711792,
        "dvar2": 736.449401855,
        "max": 284.412567139,
        "mean": 22.625541687,
        "median": 21.4270133972,
        "min": 0.17228487134,
        "var": 306.552978516
    },
    "pitch_salience": {
        "dmean": 0.0864179953933,
        "dmean2": 0.131834894419,
        "dvar": 0.00724836532027,
        "dvar2": 0.0156416911632,
        "max": 0.921780526638,
        "mean": 0.499829649925,
        "median": 0.491419017315,
        "min": 0.050195068121,
        "var": 0.0235579814762
    },
    "silence_rate_20dB": {
        "dmean": 0,
        "dmean2": 0,
        "dvar": 0,
        "dvar2": 0,
        "max": 1,
        "mean": 1,
        "median": 1,
        "min": 1,
        "var": 0
    },
    "silence_rate_30dB": {
        "dmean": 0.0665634647012,
        "dmean2": 0.133230060339,
        "dvar": 0.0621325969696,
        "dvar2": 0.177446886897,
        "max": 1,
        "mean": 0.954369664192,
        "median": 1,
        "min": 0,
        "var": 0.0435485616326
    },
    "silence_rate_60dB": {
        "dmean": 0.0379256978631,
        "dmean2": 0.075135551393,
        "dvar": 0.0364871434867,
        "dvar2": 0.0803348943591,
        "max": 1,
        "mean": 0.0433101318777,
        "median": 0,
        "min": 0,
        "var": 0.0414345040917
    },
    "spectral_centroid": {
        "dmean": 324.240600586,
        "dmean2": 499.054748535,
        "dvar": 198563.671875,
        "dvar2": 445870.4375,
        "max": 6212.34765625,
        "mean": 1272.7911377,
        "median": 1197.62487793,
        "min": 120.011688232,
        "var": 377596.125
    },
    "spectral_complexity": {
        "dmean": 5.45356035233,
        "dmean2": 7.48489522934,
        "dvar": 52.7402229309,
        "dvar2": 89.7261657715,
        "max": 53,
        "mean": 13.6728534698,
        "median": 11,
        "min": 0,
        "var": 110.903518677
    },
    "spectral_decrease": {
        "dmean": 3.31976868218e-09,
        "dmean2": 4.92407359332e-09,
        "dvar": 2.60239673018e-17,
        "dvar2": 5.18702495907e-17,
        "max": -6.57968948423e-12,
        "mean": -7.14384995604e-09,
        "median": -3.95127797148e-09,
        "min": -3.86216072457e-08,
        "var": 6.61314554647e-17
    },
    "spectral_energy": {
        "dmean": 0.0132398027927,
        "dmean2": 0.0195972230285,
        "dvar": 0.000399977114284,
        "dvar2": 0.000803571077995,
        "max": 0.149280875921,
        "mean": 0.0286071766168,
        "median": 0.0161771997809,
        "min": 2.69344491244e-05,
        "var": 0.000991750159301
    },
    "spectral_energyband_high": {
        "dmean": 0.00062417431036,
        "dmean2": 0.000915650627576,
        "dvar": 1.01989132872e-06,
        "dvar2": 2.4363009743e-06,
        "max": 0.00805832538754,
        "mean": 0.000951805675868,
        "median": 0.000579498126172,
        "min": 5.12414466414e-08,
        "var": 1.39023609336e-06
    },
    "spectral_energyband_low": {
        "dmean": 0.00784251373261,
        "dmean2": 0.0122963553295,
        "dvar": 0.000314772012644,
        "dvar2": 0.000652288377751,
        "max": 0.142815217376,
        "mean": 0.0146261323243,
        "median": 0.00385038042441,
        "min": 7.73867554926e-07,
        "var": 0.000745561846998
    },
    "spectral_energyband_middle_high": {
        "dmean": 0.00248422962613,
        "dmean2": 0.00378968566656,
        "dvar": 1.52860375238e-05,
        "dvar2": 3.75072777388e-05,
        "max": 0.0266056917608,
        "mean": 0.00430595129728,
        "median": 0.00245470157824,
        "min": 3.88010585084e-06,
        "var": 2.25332460104e-05
    },
    "spectral_energyband_middle_low": {
        "dmean": 0.00661653280258,
        "dmean2": 0.0102109182626,
        "dvar": 0.000115204347821,
        "dvar2": 0.000304660003167,
        "max": 0.0755607485771,
        "mean": 0.00965856481344,
        "median": 0.00604107603431,
        "min": 1.78535465238e-05,
        "var": 0.000131341948872
    },
    "spectral_entropy": {
        "dmean": 0.229209184647,
        "dmean2": 0.31934311986,
        "dvar": 0.0556397736073,
        "dvar2": 0.100642330945,
        "max": 8.65804290771,
        "mean": 7.54285097122,
        "median": 7.56717443466,
        "min": 5.75390481949,
        "var": 0.216298252344
    },
    "spectral_flux": {
        "dmean": 0.0403696484864,
        "dmean2": 0.059740819037,
        "dvar": 0.00209928606637,
        "dvar2": 0.00417275680229,
        "max": 0.355111122131,
        "mean": 0.0917085707188,
        "median": 0.0732674077153,
        "min": 0.00405882624909,
        "var": 0.00448352890089
    },
    "spectral_kurtosis": {
        "dmean": 1.41789889336,
        "dmean2": 2.22464108467,
        "dvar": 3.6113550663,
        "dvar2": 8.3658323288,
        "max": 29.1235771179,
        "mean": 3.3485481739,
        "median": 2.74671411514,
        "min": -1.46401810646,
        "var": 7.78610086441
    },
    "spectral_rms": {
        "dmean": 0.00114089564886,
        "dmean2": 0.00158519321121,
        "dvar": 1.95981942852e-06,
        "dvar2": 3.54486087417e-06,
        "max": 0.0120681347325,
        "mean": 0.00465609226376,
        "median": 0.00397273618728,
        "min": 0.000162103402545,
        "var": 6.23021742285e-06
    },
    "spectral_rolloff": {
        "dmean": 654.947143555,
        "dmean2": 1095.17565918,
        "dvar": 1725290.75,
        "dvar2": 3776910.5,
        "max": 10443.6035156,
        "mean": 1375.20837402,
        "median": 904.39453125,
        "min": 64.599609375,
        "var": 2388716
    },
    "spectral_skewness": {
        "dmean": 0.26502212882,
        "dmean2": 0.395150065422,
        "dvar": 0.0869133025408,
        "dvar2": 0.185717105865,
        "max": 4.28042078018,
        "mean": 1.52726221085,
        "median": 1.48834240437,
        "min": -0.273245930672,
        "var": 0.28106752038
    },
    "spectral_spread": {
        "dmean": 889636.5625,
        "dmean2": 1287617.125,
        "dvar": 1.07507331891e+12,
        "dvar2": 2.23230663066e+12,
        "max": 18917386,
        "mean": 5897575.5,
        "median": 5576200,
        "min": 2240816.5,
        "var": 2.97237898854e+12
    },
    "spectral_strongpeak": {
        "dmean": 0.520679295063,
        "dmean2": 0.872862517834,
        "dvar": 0.471132606268,
        "dvar2": 0.972006917,
        "max": 6.28162574768,
        "mean": 0.915485620499,
        "median": 0.527995347977,
        "min": 0,
        "var": 0.877923429012
    },
    "zerocrossingrate": {
        "dmean": 0.0143226645887,
        "dmean2": 0.0164313632995,
        "dvar": 0.000285292917397,
        "dvar2": 0.000381634337828,
        "max": 0.3359375,
        "mean": 0.0623149573803,
        "median": 0.05859375,
        "min": 0.0029296875,
        "var": 0.00124894781038
    },
    "barkbands": {
        "dmean": [0.000659232609905, 0.00657264376059, 0.00183584960178, 0.00161704560742, 0.00190194882452, 0.00132780335844, 0.000494319188874, 0.00143497646786, 0.00153987959493, 0.000560584070627, 0.000346994609572, 0.000350629503373, 0.000346301967511, 0.000327233952703, 0.000386190658901, 0.000280708569335, 0.000245928735239, 0.000172739455593, 0.000127576990053, 0.000203573159524, 0.000109697837615, 0.000130314991111, 0.000125116624986, 0.000114009992103, 7.43551645428e-05, 5.41524932487e-05, 1.72366796392e-07],
        "dmean2": [0.000893220829312, 0.0105524025857, 0.00322214420885, 0.00278427265584, 0.00313071068376, 0.00224334606901, 0.000830933626276, 0.00229307706468, 0.00232918094844, 0.000820914516225, 0.00051874894416, 0.00054329802515, 0.000557449297048, 0.000532114005182, 0.000650360889267, 0.000467712117825, 0.000421343836933, 0.000290730647976, 0.000206737880944, 0.000346505519701, 0.000164493161719, 0.000202012102818, 0.000190052669495, 0.000169502411154, 0.000109696033178, 8.42237350298e-05, 3.03448672412e-07],
        "dvar": [2.61467653218e-06, 0.000265029870206, 4.30187610618e-05, 2.42598089244e-05, 1.74987490027e-05, 9.79422566161e-06, 1.47838056819e-06, 7.09166079105e-06, 1.11586614366e-05, 9.18523824112e-07, 6.59446470763e-07, 5.92604123995e-07, 4.84240842979e-07, 3.25501474663e-07, 5.71536759253e-07, 3.75515782025e-07, 4.15973488543e-07, 1.33922938517e-07, 7.68765531234e-08, 2.27427193522e-07, 3.67925920841e-08, 6.86229881808e-08, 3.83301248519e-08, 3.29710623248e-08, 1.33919826339e-08, 1.02962003368e-08, 4.2624752469e-13],
        "dvar2": [4.34868616139e-06, 0.000585066678468, 0.000119615673611, 7.1248075983e-05, 4.83772346342e-05, 2.8248408853e-05, 3.95191636926e-06, 1.62551405083e-05, 2.20217152673e-05, 1.82438611773e-06, 1.53368898737e-06, 1.31330750719e-06, 1.20009485727e-06, 7.76838817274e-07, 1.54307394951e-06, 1.01444686607e-06, 1.16044952847e-06, 3.63735580322e-07, 1.93624060785e-07, 6.24386075287e-07, 8.2875658336e-08, 1.73071512677e-07, 8.5842593478e-08, 7.28418854123e-08, 3.0211054991e-08, 2.51429597142e-08, 1.18362524643e-12],
        "max": [0.0170004945248, 0.127349466085, 0.069801196456, 0.0382466688752, 0.0329880565405, 0.0384390242398, 0.0110260182992, 0.024357393384, 0.0551926158369, 0.0130449086428, 0.0137974694371, 0.0117898993194, 0.00518383318558, 0.00571872387081, 0.00677872588858, 0.00497783580795, 0.00520497886464, 0.00305436830968, 0.00287281139754, 0.00347171188332, 0.00174140941817, 0.00236033229157, 0.00221472838894, 0.00202898494899, 0.00101477559656, 0.000783115683589, 9.36102060223e-06],
        "mean": [0.00105300813448, 0.0111255664378, 0.00156880111899, 0.00172323791776, 0.00192446960136, 0.0014840598451, 0.000495377054904, 0.00170784781221, 0.00221236911602, 0.00123277446255, 0.000548303534742, 0.000423475779826, 0.000386203522794, 0.000493767787702, 0.000438711984316, 0.000245358125539, 0.000218372035306, 0.000174172906554, 0.000117050738481, 0.000198549940251, 0.000145014302689, 0.000167602527654, 0.000190212464076, 0.000166760553839, 0.000101483186882, 6.45048712613e-05, 1.16110697945e-07],
        "median": [0.000122694138554, 0.0026463274844, 0.00034403274185, 0.000211091100937, 0.000458955182694, 0.000378075230401, 8.76970443642e-05, 0.000449105806183, 0.000423877965659, 0.000211268401472, 8.94264958333e-05, 0.000124427329865, 0.000131738779601, 0.000115766299132, 9.86685918178e-05, 5.24584611412e-05, 4.88854420837e-05, 5.72052667849e-05, 2.16455046029e-05, 5.92889045947e-05, 6.3725245127e-05, 7.62609997764e-05, 0.00010131559975, 8.48847848829e-05, 4.99206507811e-05, 2.66626266239e-05, 5.27035026732e-10],
        "min": [1.19901057971e-08, 1.52323849534e-07, 5.36506448157e-08, 2.20266016981e-07, 3.49822789758e-06, 9.139832855e-07, 5.0588596423e-07, 9.54013117394e-08, 9.01485918803e-07, 1.32209265757e-07, 1.6543205561e-07, 1.12057541912e-07, 4.47928840686e-08, 1.69023564922e-07, 2.81662011048e-07, 1.87339580293e-07, 7.55743556624e-08, 7.08691274554e-08, 2.58712029577e-09, 2.84307546394e-08, 1.57970045933e-08, 6.33021723928e-09, 2.38085018367e-09, 5.53364287725e-09, 3.42918748952e-11, 5.96459947405e-12, 5.88297075985e-12],
        "var": [6.28406132819e-06, 0.000529435172211, 2.76682530966e-05, 2.02566425287e-05, 1.56106380018e-05, 8.23922346171e-06, 1.3258436411e-06, 9.78567095444e-06, 2.04459684028e-05, 4.42818191004e-06, 1.27457428789e-06, 7.55700284572e-07, 4.6714075097e-07, 5.59018189961e-07, 5.62854950203e-07, 2.93135229867e-07, 2.80508942296e-07, 1.06707190639e-07, 7.03524420942e-08, 1.76478579306e-07, 5.04605317531e-08, 7.58560290137e-08, 6.34622239204e-08, 6.01011507229e-08, 1.97872314089e-08, 1.14190559231e-08, 2.71839300202e-13]
    },
    "erbbands": {
        "dmean": [0.287719786167, 1.2780687809, 1.81310868263, 4.50852584839, 4.70079469681, 7.28003025055, 10.0016555786, 11.0697317123, 6.08367204666, 12.5457000732, 38.9539375305, 36.2811851501, 18.2917671204, 18.934223175, 13.845615387, 14.111246109, 14.9945573807, 13.7451019287, 22.3022632599, 16.4452514648, 15.4328775406, 13.0733060837, 9.36952590942, 5.65195035934, 8.60699748993, 9.84694004059, 5.42930603027, 4.12627649307, 4.30960941315, 4.7900929451, 3.59315252304, 2.6022195816, 1.70259594917, 0.992880403996, 0.472559183836, 0.315903931856, 0.0841951668262, 0.0064592640847, 0.00014581954747, 2.22708877118e-05],
        "dmean2": [0.381056964397, 2.18400382996, 2.93007516861, 7.91229152679, 7.54235982895, 12.3334178925, 16.5375022888, 18.6283607483, 10.1739826202, 20.4751567841, 61.2673377991, 54.2195014954, 26.5781040192, 26.8590507507, 20.9480361938, 21.5734844208, 23.9396018982, 22.2270336151, 36.5869255066, 27.2869319916, 26.1072025299, 22.3420410156, 15.712603569, 9.22859477997, 14.300113678, 17.0247478485, 8.26566505432, 6.19762134552, 6.75499343872, 7.41643476486, 5.43079376221, 3.85553050041, 2.63539528847, 1.46793830395, 0.720186173916, 0.50105714798, 0.12798114121, 0.0101885646582, 0.00022592714231, 3.32985400746e-05],
        "dvar": [0.49806368351, 11.8992891312, 37.8261604309, 210.991699219, 151.014175415, 350.23538208, 452.012664795, 778.783752441, 218.138839722, 685.400085449, 5359.89257812, 6377.0234375, 1285.69628906, 1139.20373535, 1123.94238281, 1042.49377441, 997.836425781, 523.348571777, 1493.74890137, 1092.17102051, 1257.5637207, 1186.00366211, 417.500640869, 124.871780396, 419.863983154, 544.180419922, 89.3959960938, 60.3684043884, 82.6314544678, 59.1799888611, 36.3819160461, 20.1830062866, 6.98587560654, 2.31617069244, 0.752914249897, 0.339367210865, 0.026520229876, 0.000198040419491, 9.6063004662e-08, 1.28033472713e-09],
        "dvar2": [0.771734178066, 30.2919559479, 96.0171356201, 612.973083496, 425.501312256, 955.563781738, 1230.29467773, 2238, 587.363647461, 1752.26757812, 12215.8779297, 12622.6464844, 2535.57299805, 2175.38256836, 2861.0246582, 2291.79101562, 2467.00488281, 1318.20373535, 3745.52832031, 2914.11962891, 3389.21850586, 3313.81884766, 1136.69897461, 323.264892578, 1100.85095215, 1509.1159668, 208.624145508, 134.318374634, 209.347000122, 144.898117065, 83.5339889526, 42.3060836792, 16.2093734741, 5.03367567062, 1.8707934618, 0.863526344299, 0.0626205280423, 0.00048640705063, 2.35832018802e-07, 2.85693535496e-09],
        "max": [7.24433517456, 27.8253059387, 71.9027328491, 116.878578186, 115.827453613, 160.785583496, 214.13973999, 292.329833984, 137.888793945, 196.416763306, 677.185546875, 1352.03637695, 685.172485352, 467.165283203, 645.783203125, 577.640808105, 247.024719238, 204.942016602, 375.951965332, 239.784851074, 306.644134521, 270.434814453, 186.233444214, 101.226921082, 176.267089844, 167.870147705, 91.7890319824, 67.678565979, 79.2817077637, 67.1251144409, 59.7715377808, 48.8731536865, 26.4001560211, 12.6025781631, 9.89411449432, 4.64325046539, 1.42322421074, 0.119326919317, 0.00270219217055, 0.000302311556879],
        "mean": [0.47672483325, 1.8459533453, 1.94103479385, 4.33285808563, 5.187104702, 7.00749397278, 11.3021440506, 11.6724557877, 5.79505109787, 14.2135858536, 48.8872299194, 51.7501373291, 33.9944038391, 37.798866272, 22.3877353668, 16.8612670898, 17.4218788147, 19.0834236145, 32.7746353149, 16.4608669281, 13.4263820648, 11.7234125137, 9.81912708282, 5.86616039276, 7.54622030258, 9.567694664, 7.22192907333, 5.13771247864, 5.31083440781, 7.08097457886, 5.14048433304, 3.55653381348, 2.64505600929, 1.44013679028, 0.574053347111, 0.373661756516, 0.0972646996379, 0.00661497469991, 0.000166431651451, 4.36100781371e-05],
        "median": [0.103552281857, 0.433779686689, 0.555256128311, 0.694770038128, 0.810824334621, 1.48485696316, 3.1344203949, 2.48078894615, 1.29685795307, 4.82865571976, 13.934835434, 13.0496921539, 13.2838993073, 12.1738710403, 8.00506019592, 5.81290197372, 6.16498041153, 7.44465780258, 10.957529068, 5.43995571136, 2.96438765526, 2.86583971977, 3.58888721466, 1.9816763401, 1.14908957481, 2.93089723587, 3.16475152969, 2.00560808182, 2.18177890778, 4.28029108047, 2.53938794136, 1.20475947857, 1.53494465351, 0.712898433208, 0.217688009143, 0.15335559845, 0.0355384871364, 0.00192584795877, 6.64033359499e-05, 2.63329839072e-05],
        "min": [7.37054688216e-06, 0.000100244506029, 0.000101039418951, 0.000748079095501, 0.00488440459594, 0.0108393998817, 0.0161840617657, 0.00747492117807, 0.00863828137517, 0.00601819390431, 0.0150875905529, 0.0283776726574, 0.00709604565054, 0.00810797326267, 0.0136696239933, 0.00706471223384, 0.00296805729158, 0.00958835985512, 0.0137917827815, 0.0122657222673, 0.0112392092124, 0.00503834383562, 0.00460171187297, 0.00179148209281, 0.000555159989744, 0.00152516108938, 0.000795963802375, 0.000359510187991, 0.000192617997527, 0.000423036457505, 6.91530003678e-05, 9.73827773123e-05, 8.28508709674e-05, 2.84591242234e-05, 4.46694184575e-06, 2.35976835938e-06, 1.32257036967e-06, 1.41222443517e-07, 3.51892914807e-08, 3.42620687377e-08],
        "var": [1.22255170345, 15.3457965851, 30.4902324677, 143.594818115, 168.502502441, 290.650512695, 425.198944092, 639.543334961, 172.885650635, 728.423461914, 7691.98828125, 11375.1435547, 2643.76489258, 4058.64160156, 1555.01000977, 1354.33203125, 976.887573242, 673.99786377, 2153.3112793, 928.965576172, 930.944030762, 787.98034668, 323.957550049, 113.598495483, 344.441314697, 410.230621338, 127.79511261, 78.5536575317, 88.3613128662, 80.421913147, 56.5244026184, 37.6098823547, 11.6368875504, 3.74681568146, 0.845481574535, 0.361347049475, 0.0308672655374, 0.000199917369173, 9.86964323602e-08, 2.28747532027e-09]
    },
    "gfcc": {
        "mean": [-10.8141794205, 74.7350845337, -101.823638916, 28.394618988, -65.7501220703, 33.4191856384, -33.829750061, 19.6641311646, -18.1496181488, 8.19721984863, -21.0162601471, 2.24327993393, -7.97873306274],
        "cov": [[5235.69482422, -853.226867676, -541.552978516, -234.027374268, -433.048461914, -24.5699996948, -260.15234375, -44.6523361206, -187.044372559, 119.994941711, -229.8046875, -10.8537721634, -169.969024658], [-853.226867676, 895.639404297, 114.870521545, 14.2455120087, 245.349838257, 2.37257122993, 210.948425293, -47.569896698, 74.7548141479, -81.7948532104, 64.8481903076, -34.4350585938, 40.6549186707], [-541.552978516, 114.870521545, 1075.21765137, 308.445526123, 247.910919189, 149.367385864, 81.3359527588, 170.237594604, 49.8319091797, -10.2065763474, 7.66737604141, 23.8355693817, -57.6015090942], [-234.027374268, 14.2455120087, 308.445526123, 571.395629883, 87.1206207275, -80.4447479248, -51.6719245911, 6.5282793045, 70.0010681152, -55.9312477112, 46.5513954163, -9.99390506744, 56.7255210876], [-433.048461914, 245.349838257, 247.910919189, 87.1206207275, 371.284484863, 103.30582428, 130.839050293, 86.862739563, 59.5465660095, -12.5254278183, -21.2116546631, -14.2882461548, -2.25161862373], [-24.5699996948, 2.37257122993, 149.367385864, -80.4447479248, 103.30582428, 459.890197754, 197.994140625, 36.9653205872, 36.9807014465, -20.2820949554, 6.91350793839, -40.6796913147, -29.3195953369], [-260.15234375, 210.948425293, 81.3359527588, -51.6719245911, 130.839050293, 197.994140625, 311.470184326, 52.664516449, 65.4141921997, 3.87712669373, 10.7273807526, -3.17570948601, -6.38238334656], [-44.6523361206, -47.569896698, 170.237594604, 6.5282793045, 86.862739563, 36.9653205872, 52.664516449, 193.805755615, 66.7013702393, 42.2237701416, -12.2513809204, 14.4000597, -4.89705657959], [-187.044372559, 74.7548141479, 49.8319091797, 70.0010681152, 59.5465660095, 36.9807014465, 65.4141921997, 66.7013702393, 167.752914429, 27.4477767944, 12.1751937866, -0.901142060757, 17.1801700592], [119.994941711, -81.7948532104, -10.2065763474, -55.9312477112, -12.5254278183, -20.2820949554, 3.87712669373, 42.2237701416, 27.4477767944, 128.619155884, 6.31296062469, 17.2769126892, -0.0581640340388], [-229.8046875, 64.8481903076, 7.66737604141, 46.5513954163, -21.2116546631, 6.91350793839, 10.7273807526, -12.2513809204, 12.1751937866, 6.31296062469, 108.700691223, 28.5415267944, 31.7632598877], [-10.8537721634, -34.4350585938, 23.8355693817, -9.99390506744, -14.2882461548, -40.6796913147, -3.17570948601, 14.4000597, -0.901142060757, 17.2769126892, 28.5415267944, 104.844100952, 17.3757858276], [-169.969024658, 40.6549186707, -57.6015090942, 56.7255210876, -2.25161862373, -29.3195953369, -6.38238334656, -4.89705657959, 17.1801700592, -0.0581640340388, 31.7632598877, 17.3757858276, 123.779220581]],
        "icov": [[0.000289678340778, -1.13360194121e-07, 0.000194212552742, -0.000217388515011, 0.000288647337584, -0.000248674536124, 0.000144875026308, -0.000167130157934, 0.000292424054351, -0.000372831389541, 0.000680610421114, -0.000244721217314, 0.000353958399501], [-1.13360194121e-07, 0.00281322142109, -0.000675195944495, 0.00133306439966, -0.00179634476081, 0.001845929306, -0.00188918889035, 0.00195913831703, -0.00147701438982, 0.00203613564372, -0.00243092514575, 0.00181052240077, -0.000888996408321], [0.000194212552742, -0.000675195944495, 0.00199260399677, -0.00157113315072, 3.23683452734e-05, -0.00122120243032, 0.000647733919322, -0.00179456011392, 0.00120191345923, -0.000873604614753, 0.000979531556368, -0.00138278980739, 0.00158498564269], [-0.000217388515011, 0.00133306439966, -0.00157113315072, 0.00394386006519, -0.00144317140803, 0.0019417242147, -0.000382504949812, 0.00181308249012, -0.00250850850716, 0.00261476985179, -0.00283045042306, 0.00209536380135, -0.00200759945437], [0.000288647337584, -0.00179634476081, 3.23683452734e-05, -0.00144317140803, 0.00545719917864, -0.00150163599756, -3.96623472625e-05, -0.00226133875549, 0.000929915753659, -0.00122393679339, 0.0032968877349, -0.00100192334503, 0.000479851150885], [-0.000248674536124, 0.001845929306, -0.00122120243032, 0.0019417242147, -0.00150163599756, 0.00496654585004, -0.0031904457137, 0.00157208309975, -0.00157666765153, 0.002453294117, -0.00300915166736, 0.00298468326218, -0.000785916985478], [0.000144875026308, -0.00188918889035, 0.000647733919322, -0.000382504949812, -3.96623472625e-05, -0.0031904457137, 0.00671158218756, -0.00154486263636, -0.000268866802799, -0.00140787451528, 0.00128010229673, -0.00186758162454, 0.000794994703028], [-0.000167130157934, 0.00195913831703, -0.00179456011392, 0.00181308249012, -0.00226133875549, 0.00157208309975, -0.00154486263636, 0.00946119520813, -0.0037558064796, -0.000222687638598, -0.000852648576256, 0.000607576046605, -0.00125838152599], [0.000292424054351, -0.00147701438982, 0.00120191345923, -0.00250850850716, 0.000929915753659, -0.00157666765153, -0.000268866802799, -0.0037558064796, 0.00959839113057, -0.00313573540188, 0.00156949216034, -0.000848661642522, 0.000459262519144], [-0.000372831389541, 0.00203613564372, -0.000873604614753, 0.00261476985179, -0.00122393679339, 0.002453294117, -0.00140787451528, -0.000222687638598, -0.00313573540188, 0.0115694990382, -0.00362993660383, 0.00108613388147, -0.00108842679765], [0.000680610421114, -0.00243092514575, 0.000979531556368, -0.00283045042306, 0.0032968877349, -0.00300915166736, 0.00128010229673, -0.000852648576256, 0.00156949216034, -0.00362993660383, 0.0154322609305, -0.00527723226696, -0.000573393888772], [-0.000244721217314, 0.00181052240077, -0.00138278980739, 0.00209536380135, -0.00100192334503, 0.00298468326218, -0.00186758162454, 0.000607576046605, -0.000848661642522, 0.00108613388147, -0.00527723226696, 0.0131325758994, -0.00228897039779], [0.000353958399501, -0.000888996408321, 0.00158498564269, -0.00200759945437, 0.000479851150885, -0.000785916985478, 0.000794994703028, -0.00125838152599, 0.000459262519144, -0.00108842679765, -0.000573393888772, -0.00228897039779, 0.0107325362042]]
    },
    "melbands": {
        "dmean": [0.00205924035981, 0.00109986402094, 0.000743813347071, 0.000399969343562, 0.000344169064192, 0.00024026002211, 9.57547817961e-05, 0.000162288852152, 0.000339391757734, 0.000210221522138, 9.2465626949e-05, 8.14332815935e-05, 5.06261822011e-05, 4.11462133343e-05, 3.81220452255e-05, 2.99808161799e-05, 2.63339006779e-05, 3.82048092433e-05, 2.61504628725e-05, 1.96975433937e-05, 1.88861140487e-05, 1.55705256475e-05, 8.18382068246e-06, 9.35301432037e-06, 3.89212300433e-06, 5.53547761228e-06, 6.73877684676e-06, 6.90176784701e-06, 3.79521839022e-06, 2.70907753475e-06, 2.36828418565e-06, 2.33761852542e-06, 2.91826063403e-06, 2.65700714408e-06, 2.29698798648e-06, 1.70016255652e-06, 1.664512979e-06, 1.26565089431e-06, 1.06408208467e-06, 8.21932189865e-07],
        "dmean2": [0.00308793457225, 0.00182056089398, 0.00129583419766, 0.00066471734317, 0.000569485942833, 0.000404570717365, 0.000160226976732, 0.000266142160399, 0.000534469261765, 0.000315289449645, 0.000135463968036, 0.000115961564006, 7.50591425458e-05, 6.3979823608e-05, 5.98590559093e-05, 4.82889809064e-05, 4.31990083598e-05, 6.2221675762e-05, 4.46085323347e-05, 3.21630832332e-05, 3.23233762174e-05, 2.72125816991e-05, 1.31135439005e-05, 1.60224990395e-05, 6.38150322629e-06, 9.16858789424e-06, 1.13958130896e-05, 1.19941469165e-05, 5.86204851061e-06, 4.21945196649e-06, 3.54755025e-06, 3.64362904293e-06, 4.72375086247e-06, 4.13011184719e-06, 3.56650707545e-06, 2.54660585597e-06, 2.49549475484e-06, 1.99425539904e-06, 1.64684320225e-06, 1.22421795368e-06],
        "dvar": [2.51938672591e-05, 1.01354044091e-05, 5.35258368473e-06, 7.80703942382e-07, 5.84040890317e-07, 3.51280903033e-07, 5.47500675907e-08, 1.02226294985e-07, 4.20350232844e-07, 2.09193473211e-07, 3.38190417892e-08, 2.16471036651e-08, 1.48913619213e-08, 9.10916497787e-09, 7.64790897279e-09, 2.99766522716e-09, 2.05610239945e-09, 4.14193968012e-09, 3.11326830982e-09, 1.71961234141e-09, 2.0895261077e-09, 1.91364124547e-09, 2.43509296061e-10, 4.42353292884e-10, 5.73425924799e-11, 1.69204317224e-10, 2.8680818831e-10, 2.66290184348e-10, 4.37401573294e-11, 2.28063661706e-11, 2.13458903331e-11, 2.51130435891e-11, 3.59924173798e-11, 1.69836558012e-11, 1.56939721635e-11, 8.66016893614e-12, 8.47487878486e-12, 4.23310171638e-12, 2.39355432176e-12, 1.79881359374e-12],
        "dvar2": [4.74284970551e-05, 2.32653692365e-05, 1.58091079356e-05, 2.20422498387e-06, 1.56803878326e-06, 1.009597554e-06, 1.48067073269e-07, 2.61283673808e-07, 9.57372776611e-07, 4.16730074448e-07, 6.6384160391e-08, 4.08571807498e-08, 3.53937394948e-08, 2.08124948387e-08, 1.88080750974e-08, 7.52989670616e-09, 5.21812992815e-09, 9.91380044724e-09, 8.49842596296e-09, 4.62253968436e-09, 5.67409585983e-09, 5.41014300026e-09, 6.1977201149e-10, 1.22396526248e-09, 1.46112164034e-10, 4.37864106084e-10, 7.80382369836e-10, 7.44375283634e-10, 1.01332067737e-10, 5.20467696719e-11, 4.75572047021e-11, 6.22992907262e-11, 9.4819194163e-11, 4.08939895835e-11, 3.72322034314e-11, 1.82869101806e-11, 1.84148998134e-11, 9.95225343109e-12, 5.75301134856e-12, 3.90543326845e-12],
        "max": [0.0468853712082, 0.0326288193464, 0.0192965324968, 0.00564972963184, 0.0072714574635, 0.00662753498182, 0.00214700517245, 0.00251116906293, 0.00623046047986, 0.0072428593412, 0.00345955765806, 0.00209376984276, 0.00217469735071, 0.00143680232577, 0.000748933060095, 0.000403341517085, 0.000440672214609, 0.000591436692048, 0.000554503232706, 0.000313398137223, 0.000469375198008, 0.000343486783095, 0.000132081884658, 0.000182447111001, 6.84509795974e-05, 0.000130353699205, 0.000139876457979, 0.000118678646686, 7.70134283812e-05, 4.34380599472e-05, 4.03876147175e-05, 4.7755183914e-05, 6.73892936902e-05, 5.09065648657e-05, 4.1449064156e-05, 3.74839983124e-05, 3.32119270752e-05, 2.04764746741e-05, 1.84799155249e-05, 1.25576871142e-05],
        "mean": [0.00359559291974, 0.00150515011046, 0.000788521778304, 0.000402343575843, 0.000394495495129, 0.000259551161435, 9.05613196664e-05, 0.000184984717635, 0.000426480924943, 0.000304376706481, 0.000171201187186, 0.00016581521777, 8.2567014033e-05, 4.86210155941e-05, 3.99124728574e-05, 3.72110080207e-05, 3.46386987076e-05, 5.95139572397e-05, 2.52138052019e-05, 1.83909560292e-05, 1.55899397214e-05, 1.28671772472e-05, 9.09159007279e-06, 9.03160798771e-06, 3.99899136028e-06, 4.79675782117e-06, 5.84094277656e-06, 6.64671006234e-06, 4.99170846524e-06, 3.3705093756e-06, 2.81102575173e-06, 2.70701593763e-06, 3.80555752599e-06, 3.96510222345e-06, 3.20033291246e-06, 2.21531149691e-06, 2.13015619011e-06, 1.83835129519e-06, 1.68054600636e-06, 1.05349693058e-06],
        "median": [0.000833039812278, 0.000421385513619, 0.000132996574393, 7.47054727981e-05, 0.000108601525426, 5.82690736337e-05, 1.72897107404e-05, 6.53900788166e-05, 0.000112396584882, 6.17640616838e-05, 4.58776230516e-05, 4.43933749921e-05, 1.91798862943e-05, 1.45702761074e-05, 9.42411497817e-06, 1.2898208297e-05, 1.19818487292e-05, 1.6734802557e-05, 6.7599353315e-06, 4.31641637988e-06, 2.96233247354e-06, 2.76110358755e-06, 3.26107033288e-06, 2.64019968199e-06, 1.29031366214e-06, 6.96193410477e-07, 1.04781611299e-06, 2.08044184546e-06, 2.16069247472e-06, 1.29814407046e-06, 8.90521789643e-07, 8.60151942561e-07, 1.90501555153e-06, 2.34915410147e-06, 1.58714919962e-06, 6.89942396548e-07, 6.61608623886e-07, 9.65589947555e-07, 9.79777155408e-07, 4.32130178751e-07],
        "min": [3.83626037603e-08, 9.70553699631e-08, 2.46222384703e-07, 4.4666563781e-07, 8.02325416771e-07, 1.56535449491e-07, 9.70804592271e-08, 4.98789347603e-08, 2.46719764618e-07, 1.43680452425e-07, 1.86086133169e-08, 2.90889037302e-08, 4.49418955384e-08, 1.44697436255e-08, 1.67358105152e-09, 6.60958043852e-09, 1.57823301095e-08, 1.93536529025e-08, 2.10787636234e-08, 1.21742989023e-08, 8.86948470225e-09, 4.46981385238e-09, 5.39257749566e-09, 3.20383630736e-09, 8.79427253242e-10, 3.45854317407e-11, 3.89205390139e-10, 9.18657427906e-10, 5.60249346915e-10, 2.89198859305e-10, 3.52224013844e-11, 6.75614295412e-12, 2.32527927468e-10, 1.77760653419e-10, 2.10711829929e-11, 2.52542570189e-11, 1.76337709625e-12, 7.89163873138e-12, 1.44033942759e-11, 1.98604018431e-13],
