{
"highlevel": {
    "danceability": {
        "all": {
            "danceable": 0.999834477901,
            "not_danceable": 0.000165500881849
        },
        "probability": 0.999834477901,
        "value": "danceable"
    },
    "gender": {
        "all": {
            "female": 0.239834532142,
            "male": 0.760165452957
        },
        "probability": 0.760165452957,
        "value": "male"
    },
    "genre_dortmund": {
        "all": {
            "alternative": 0.0141407614574,
            "blues": 0.0327193029225,
            "electronic": 0.094996213913,
            "folkcountry": 0.0118658989668,
            "funksoulrnb": 0.039133105427,
            "jazz": 0.0362176187336,
            "pop": 0.0598723068833,
            "raphiphop": 0.614220440388,
            "rock": 0.0968343541026
        },
        "probability": 0.614220440388,
        "value": "raphiphop"
    },
    "genre_electronic": {
        "all": {
            "ambient": 0.144210085273,
            "dnb": 0.253595203161,
            "house": 0.378867924213,
            "techno": 0.0250160060823,
            "trance": 0.198310777545
        },
        "probability": 0.378867924213,
        "value": "house"
    },
    "genre_rosamerica": {
        "all": {
            "cla": 0.00039808411384,
            "dan": 0.249927684665,
            "hip": 0.610998809338,
            "jaz": 0.00066266907379,
            "pop": 0.0101181576028,
            "rhy": 0.120688192546,
            "roc": 0.00685740215704,
            "spe": 0.00034902538755
        },
        "probability": 0.610998809338,
        "value": "hip"
    },
    "genre_tzanetakis": {
        "all": {
            "blu": 0.0626613423228,
            "cla": 0.0348169617355,
            "cou": 0.104475811124,
            "dis": 0.0784321576357,
            "hip": 0.15692435205,
            "jaz": 0.313974827528,
            "met": 0.0448166541755,
            "pop": 0.0627359300852,
            "reg": 0.0627360641956,
            "roc": 0.0784258767962
        },
        "probability": 0.313974827528,
        "value": "jaz"
    },
    "ismir04_rhythm": {
        "all": {
            "ChaChaCha": 0.0495389550924,
            "Jive": 0.0826014503837,
            "Quickstep": 0.039570081979,
            "Rumba-American": 0.00960798654705,
            "Rumba-International": 0.00655879685655,
            "Rumba-Misc": 0.00653285952285,
            "Samba": 0.799274086952,
            "Tango": 0.00254633044824,
            "VienneseWaltz": 0.00202111480758,
            "Waltz": 0.0017483679112
        },
        "probability": 0.799274086952,
        "value": "Samba"
    },
    "mood_acoustic": {
        "all": {
            "acoustic": 0.00291702058166,
            "not_acoustic": 0.997083008289
        },
        "probability": 0.997083008289,
        "value": "not_acoustic"
    },
    "mood_aggressive": {
        "all": {
            "aggressive": 0.451461225748,
            "not_aggressive": 0.54853874445
        },
        "probability": 0.54853874445,
        "value": "not_aggressive"
    },
    "mood_electronic": {
        "all": {
            "electronic": 0.748057186604,
            "not_electronic": 0.251942813396
        },
        "probability": 0.748057186604,
        "value": "electronic"
    },
    "mood_happy": {
        "all": {
            "happy": 0.326215565205,
            "not_happy": 0.673784434795
        },
        "probability": 0.673784434795,
        "value": "not_happy"
    },
    "mood_party": {
        "all": {
            "not_party": 0.121656373143,
            "party": 0.878343641758
        },
        "probability": 0.878343641758,
        "value": "party"
    },
    "mood_relaxed": {
        "all": {
            "not_relaxed": 0.974274039268,
            "relaxed": 0.0257259756327
        },
        "probability": 0.974274039268,
        "value": "not_relaxed"
    },
    "mood_sad": {
        "all": {
            "not_sad": 0.806588232517,
            "sad": 0.193411782384
        },
        "probability": 0.806588232517,
        "value": "not_sad"
    },
    "moods_mirex": {
        "all": {
            "Cluster1": 0.478240758181,
            "Cluster2": 0.113825760782,
            "Cluster3": 0.0268302094191,
            "Cluster4": 0.0912878811359,
            "Cluster5": 0.28981539607
        },
        "probability": 0.478240758181,
        "value": "Cluster1"
    },
    "timbre": {
        "all": {
            "bright": 0.548167705536,
            "dark": 0.451832294464
        },
        "probability": 0.548167705536,
        "value": "bright"
    },
    "tonal_atonal": {
        "all": {
            "atonal": 0.00938417948782,
            "tonal": 0.990615844727
        },
        "probability": 0.990615844727,
        "value": "tonal"
    },
    "voice_instrumental": {
        "all": {
            "instrumental": 0.0130243888125,
            "voice": 0.986975610256
        },
        "probability": 0.986975610256,
        "value": "voice"
    }
},
"lowlevel": {
    "average_loudness": 0.980126261711,
    "barkbands_crest": {
        "dmean": 3.26488661766,
        "dmean2": 5.18740272522,
        "dvar": 9.76753425598,
        "dvar2": 22.0041828156,
        "max": 25.9767856598,
        "mean": 12.4725046158,
        "median": 10.9624147415,
        "min": 2.43128442764,
        "var": 38.1595611572
    },
    "barkbands_flatness_db": {
        "dmean": 0.0312836319208,
        "dmean2": 0.0468937456608,
        "dvar": 0.000877915357705,
        "dvar2": 0.00191871495917,
        "max": 0.332344889641,
        "mean": 0.144584596157,
        "median": 0.135263696313,
        "min": 0.038461279124,
        "var": 0.00309488782659
    },
    "barkbands_kurtosis": {
        "dmean": 5.52028799057,
        "dmean2": 8.77223014832,
        "dvar": 154.753570557,
        "dvar2": 360.690612793,
        "max": 181.324066162,
        "mean": 5.75206327438,
        "median": 1.41073179245,
        "min": -1.84309279919,
        "var": 200.55456543
    },
    "barkbands_skewness": {
        "dmean": 0.902762711048,
        "dmean2": 1.35869681835,
        "dvar": 0.992895007133,
        "dvar2": 2.09703493118,
        "max": 12.744972229,
        "mean": 1.58839678764,
        "median": 1.24626255035,
        "min": -4.34398794174,
        "var": 3.14727115631
    },
    "barkbands_spread": {
        "dmean": 13.1854257584,
        "dmean2": 19.9517002106,
        "dvar": 170.883255005,
        "dvar2": 352.700683594,
        "max": 113.135444641,
        "mean": 33.7569770813,
        "median": 29.5945987701,
        "min": 1.33006620407,
        "var": 460.104949951
    },
    "dissonance": {
        "dmean": 0.0168006327003,
        "dmean2": 0.0278683174402,
        "dvar": 0.000360254518455,
        "dvar2": 0.000916802557185,
        "max": 0.500000119209,
        "mean": 0.474609881639,
        "median": 0.482357829809,
        "min": 0.354719698429,
        "var": 0.000554448692128
    },
    "dynamic_complexity": 2.33984470367,
    "erbbands_crest": {
        "dmean": 3.89621329308,
        "dmean2": 5.97955703735,
        "dvar": 17.3476295471,
        "dvar2": 34.1011428833,
        "max": 32.6110038757,
        "mean": 10.5401935577,
        "median": 7.50173377991,
        "min": 2.31546020508,
        "var": 54.6657524109
    },
    "erbbands_flatness_db": {
        "dmean": 0.0237380750477,
        "dmean2": 0.0334542132914,
        "dvar": 0.000584308174439,
        "dvar2": 0.00103393360041,
        "max": 0.351845383644,
        "mean": 0.135101720691,
        "median": 0.124817959964,
        "min": 0.0548160709441,
        "var": 0.00243299268186
    },
    "erbbands_kurtosis": {
        "dmean": 1.99358415604,
        "dmean2": 3.03976893425,
        "dvar": 15.5265254974,
        "dvar2": 29.4261112213,
        "max": 61.5731811523,
        "mean": 1.80260896683,
        "median": 0.0386006832123,
        "min": -1.62853443623,
        "var": 35.6418952942
    },
    "erbbands_skewness": {
        "dmean": 0.563975214958,
        "dmean2": 0.783626914024,
        "dvar": 0.277200758457,
        "dvar2": 0.514217972755,
        "max": 5.50921344757,
        "mean": 0.053804539144,
        "median": -0.0879797413945,
        "min": -3.74840474129,
        "var": 1.08188736439
    },
    "erbbands_spread": {
        "dmean": 15.2189569473,
        "dmean2": 22.8351593018,
        "dvar": 193.541687012,
        "dvar2": 393.717102051,
        "max": 185.652114868,
        "mean": 49.0324172974,
        "median": 47.1558532715,
        "min": 1.37357962132,
        "var": 669.552612305
    },
    "hfc": {
        "dmean": 22.3177986145,
        "dmean2": 34.4482765198,
        "dvar": 1100.58459473,
        "dvar2": 2834.13378906,
        "max": 255.188552856,
        "mean": 36.1223487854,
        "median": 26.8858470917,
        "min": 0.315769940615,
        "var": 1192.18408203
    },
    "melbands_crest": {
        "dmean": 4.16063594818,
        "dmean2": 6.7702088356,
        "dvar": 13.3972082138,
        "dvar2": 33.0824508667,
        "max": 34.7532501221,
        "mean": 17.6705780029,
        "median": 17.0942554474,
        "min": 2.73447823524,
        "var": 43.865814209
    },
    "melbands_flatness_db": {
        "dmean": 0.0397873185575,
        "dmean2": 0.0578403137624,
        "dvar": 0.001362532028,
        "dvar2": 0.00289334380068,
        "max": 0.426670610905,
        "mean": 0.181958824396,
        "median": 0.167222976685,
        "min": 0.0281836725771,
        "var": 0.00642316322774
    },
    "melbands_kurtosis": {
        "dmean": 18.0564174652,
        "dmean2": 28.0834350586,
        "dvar": 1503.65454102,
        "dvar2": 3262.82177734,
        "max": 520.111755371,
        "mean": 25.4583759308,
        "median": 9.26378440857,
        "min": -1.84650456905,
        "var": 2553.78027344
    },
    "melbands_skewness": {
        "dmean": 1.36943638325,
        "dmean2": 2.06238079071,
        "dvar": 2.45424723625,
        "dvar2": 5.11816883087,
        "max": 20.9587039948,
        "mean": 3.40967702866,
        "median": 2.79409408569,
        "min": -3.58713817596,
        "var": 8.60508537292
    },
    "melbands_spread": {
        "dmean": 15.2791748047,
        "dmean2": 22.7387313843,
        "dvar": 369.553070068,
        "dvar2": 683.876037598,
        "max": 229.49760437,
        "mean": 34.0028114319,
        "median": 24.3362884521,
        "min": 0.809196829796,
        "var": 1013.02288818
    },
    "pitch_salience": {
        "dmean": 0.0919776186347,
        "dmean2": 0.145042479038,
        "dvar": 0.00798915326595,
        "dvar2": 0.0192886758596,
        "max": 0.845664680004,
        "mean": 0.492921680212,
        "median": 0.508023202419,
        "min": 0.0881359577179,
        "var": 0.0247784797102
    },
    "silence_rate_20dB": {
        "dmean": 0,
        "dmean2": 0,
        "dvar": 0,
        "dvar2": 0,
        "max": 1,
        "mean": 1,
        "median": 1,
        "min": 1,
        "var": 0
    },
    "silence_rate_30dB": {
        "dmean": 0.0603715181351,
        "dmean2": 0.120836563408,
        "dvar": 0.0567262619734,
        "dvar2": 0.131022945046,
        "max": 1,
        "mean": 0.935808181763,
        "median": 1,
        "min": 0,
        "var": 0.060070682317
    },
    "silence_rate_60dB": {
        "dmean": 0.0247678011656,
        "dmean2": 0.0495739728212,
        "dvar": 0.0241545177996,
        "dvar2": 0.056410908699,
        "max": 1,
        "mean": 0.0208816714585,
        "median": 0,
        "min": 0,
        "var": 0.0204458031803
    },
    "spectral_centroid": {
        "dmean": 480.07913208,
        "dmean2": 701.196899414,
        "dvar": 227826.875,
        "dvar2": 471719.75,
        "max": 6558.44677734,
        "mean": 1775.48254395,
        "median": 1636.22351074,
        "min": 329.153564453,
        "var": 596631.5625
    },
    "spectral_complexity": {
        "dmean": 7.28405570984,
        "dmean2": 10.6762199402,
        "dvar": 66.2079772949,
        "dvar2": 131.128311157,
        "max": 58,
        "mean": 19.2358856201,
        "median": 16,
        "min": 1,
        "var": 134.62727356
    },
    "spectral_decrease": {
        "dmean": 3.758600986e-09,
        "dmean2": 5.64247937263e-09,
        "dvar": 3.06837387358e-17,
        "dvar2": 6.95897056999e-17,
        "max": -9.64118437863e-11,
        "mean": -9.06783448329e-09,
        "median": -6.15114181812e-09,
        "min": -4.85741935563e-08,
        "var": 7.67513427992e-17
    },
    "spectral_energy": {
        "dmean": 0.0154819637537,
        "dmean2": 0.0232112687081,
        "dvar": 0.000470587896416,
        "dvar2": 0.00105677812826,
        "max": 0.18815767765,
        "mean": 0.0375005342066,
        "median": 0.0265611987561,
        "min": 0.000392521847971,
        "var": 0.00114342430606
    },
    "spectral_energyband_high": {
        "dmean": 0.00234008207917,
        "dmean2": 0.00370013993233,
        "dvar": 1.52953780344e-05,
        "dvar2": 3.92642577935e-05,
        "max": 0.0272529479116,
        "mean": 0.00280878064223,
        "median": 0.00125827582087,
        "min": 2.69487304649e-06,
        "var": 1.51174253915e-05
    },
    "spectral_energyband_low": {
        "dmean": 0.00913903769106,
        "dmean2": 0.0144834686071,
        "dvar": 0.000404455058742,
        "dvar2": 0.000940871948842,
        "max": 0.163607448339,
        "mean": 0.0201522819698,
        "median": 0.0082058608532,
        "min": 3.56348891728e-07,
        "var": 0.0010203687707
    },
    "spectral_energyband_middle_high": {
        "dmean": 0.00321736861952,
        "dmean2": 0.00472709676251,
        "dvar": 1.28544470499e-05,
        "dvar2": 2.62084013229e-05,
        "max": 0.0446481257677,
        "mean": 0.00649099703878,
        "median": 0.00481606740505,
        "min": 2.52569261647e-05,
        "var": 4.07781408285e-05
    },
    "spectral_energyband_middle_low": {
        "dmean": 0.00640734890476,
        "dmean2": 0.00993733108044,
        "dvar": 0.000113625843369,
        "dvar2": 0.000272679084446,
        "max": 0.0779378414154,
        "mean": 0.00932833366096,
        "median": 0.00448893895373,
        "min": 0.000108100146463,
        "var": 0.000144201447256
    },
    "spectral_entropy": {
        "dmean": 0.202758863568,
        "dmean2": 0.291213572025,
        "dvar": 0.0421466343105,
        "dvar2": 0.0870857313275,
        "max": 8.81069850922,
        "mean": 7.96673631668,
        "median": 8.01781463623,
        "min": 6.65247106552,
        "var": 0.120375066996
    },
    "spectral_flux": {
        "dmean": 0.0386353619397,
        "dmean2": 0.0592426434159,
        "dvar": 0.0017975900555,
        "dvar2": 0.0035732910037,
        "max": 0.360677242279,
        "mean": 0.111931867898,
        "median": 0.0982879549265,
        "min": 0.0148392543197,
        "var": 0.00407764455304
    },
    "spectral_kurtosis": {
        "dmean": 1.01352727413,
        "dmean2": 1.54976606369,
        "dvar": 1.17802011967,
        "dvar2": 2.79042840004,
        "max": 13.6308193207,
        "mean": 2.12504816055,
        "median": 1.72324800491,
        "min": -1.23555743694,
        "var": 2.79656600952
    },
    "spectral_rms": {
        "dmean": 0.00120746274479,
        "dmean2": 0.00173847109545,
        "dvar": 1.95188044927e-06,
        "dvar2": 3.89083834307e-06,
        "max": 0.0135487439111,
        "mean": 0.00552136078477,
        "median": 0.00509051699191,
        "min": 0.000618828053121,
        "var": 6.10047027294e-06
    },
    "spectral_rolloff": {
        "dmean": 1474.17468262,
        "dmean2": 2367.19995117,
        "dvar": 3739264,
        "dvar2": 7700555.5,
        "max": 12123.1933594,
        "mean": 2624.72363281,
        "median": 1464.2578125,
        "min": 64.599609375,
        "var": 7834023.5
    },
    "spectral_skewness": {
        "dmean": 0.224425777793,
        "dmean2": 0.329874247313,
        "dvar": 0.0440615750849,
        "dvar2": 0.0903466269374,
        "max": 2.68470788002,
        "mean": 1.21439385414,
        "median": 1.18564772606,
        "min": -0.265444755554,
        "var": 0.156186401844
    },
    "spectral_spread": {
        "dmean": 982308.1875,
        "dmean2": 1467122.875,
        "dvar": 1.08516913971e+12,
        "dvar2": 2.20132487987e+12,
        "max": 15549167,
        "mean": 6279625,
        "median": 6129801,
        "min": 2786984,
        "var": 2.70340220518e+12
    },
    "spectral_strongpeak": {
        "dmean": 0.671028912067,
        "dmean2": 1.05105698109,
        "dvar": 1.22375488281,
        "dvar2": 2.30176568031,
        "max": 10.1610088348,
        "mean": 1.09996902943,
        "median": 0.45437425375,
        "min": 0,
        "var": 2.59961009026
    },
    "zerocrossingrate": {
        "dmean": 0.0246525350958,
        "dmean2": 0.0273796804249,
        "dvar": 0.00056938349735,
        "dvar2": 0.000666242151055,
        "max": 0.40625,
        "mean": 0.0938111767173,
        "median": 0.08203125,
        "min": 0.00927734375,
        "var": 0.00365944975056
    },
    "barkbands": {
        "dmean": [0.000377064076019, 0.00700149685144, 0.00386027665809, 0.00248318607919, 0.00292964791879, 0.000872521195561, 0.000882257591002, 0.00104661425576, 0.000493173080031, 0.000600794097409, 0.000587503192946, 0.000592917320319, 0.000938104290981, 0.000734728411771, 0.000469455815619, 0.000275736034382, 0.00036763161188, 0.000249720469583, 0.00030138558941, 0.000285854912363, 0.00046983154607, 0.000495349755511, 0.000426763726864, 0.000364217121387, 0.000448586128186, 0.000156536145369, 4.33974562952e-08],
        "dmean2": [0.000567335635424, 0.0108423475176, 0.00596143445, 0.00436318432912, 0.00459288386628, 0.00154546252452, 0.00153766549192, 0.00163954216987, 0.000837989209685, 0.000944413826801, 0.000985853024758, 0.000912451010663, 0.00139973999467, 0.00109629833605, 0.000756714784075, 0.000453964341432, 0.000604463682976, 0.000415459973738, 0.000499088433571, 0.000465290882858, 0.000799981702585, 0.000790144025814, 0.000666486797854, 0.000587332237046, 0.000710036722012, 0.000260309432633, 7.74421735628e-08],
        "dvar": [7.11910217888e-07, 0.000229196375585, 0.000176851812284, 6.0759477492e-05, 3.26640329149e-05, 4.5731217142e-06, 3.08058884002e-06, 5.2794352996e-06, 2.36210212279e-06, 2.14807641896e-06, 2.69278825726e-06, 3.50843492924e-06, 5.91824164076e-06, 5.7411416492e-06, 8.0342141473e-07, 2.98427039525e-07, 3.41659585956e-07, 1.71490711409e-07, 2.62097557879e-07, 3.10281507154e-07, 1.0573705822e-06, 6.77099080804e-07, 3.62900266282e-07, 4.28299188115e-07, 5.38503059033e-07, 6.23042097914e-08, 1.05837383399e-13],
        "dvar2": [1.69387237747e-06, 0.000546494091395, 0.000399783224566, 0.000171879335539, 7.64587675803e-05, 1.29526206365e-05, 7.8319617387e-06, 1.15084039862e-05, 5.59621275897e-06, 4.74918442706e-06, 6.6797706495e-06, 6.52810103929e-06, 1.25241895148e-05, 1.09286465886e-05, 1.77559877557e-06, 6.74074556173e-07, 8.22707875159e-07, 4.44222706619e-07, 6.58993201341e-07, 7.76701938321e-07, 2.84333509626e-06, 1.73467162767e-06, 9.03761076643e-07, 1.09510028778e-06, 1.35084701469e-06, 1.55443729e-07, 2.95017591086e-13],
        "max": [0.00885597616434, 0.138650506735, 0.118159666657, 0.0666604414582, 0.058546513319, 0.0239547844976, 0.0212118607014, 0.0229896362871, 0.0331242568791, 0.025549672544, 0.0209763608873, 0.0240294318646, 0.0290754083544, 0.0418576970696, 0.010380834341, 0.0113933039829, 0.00572573440149, 0.00320636015385, 0.00403764564544, 0.00395494047552, 0.00749169150367, 0.00638832338154, 0.00502880709246, 0.00503340177238, 0.00571028422564, 0.00224646483548, 7.26016105546e-06],
        "mean": [0.000613956304733, 0.0147953666747, 0.00361549505033, 0.00227619800717, 0.00331336841919, 0.000787931377999, 0.000934481911827, 0.00113320769742, 0.00051071785856, 0.000682554440573, 0.000654164119624, 0.000705890357494, 0.00152508367319, 0.000990333384834, 0.00062695145607, 0.000330807262799, 0.000446258549346, 0.000269859243417, 0.000331180490321, 0.000312298565404, 0.00045760939247, 0.000586001027841, 0.000554970756639, 0.000414269889006, 0.0004892074503, 0.000142328804941, 2.85934138589e-08],
        "median": [8.28153279144e-05, 0.00472319405526, 0.000634103256743, 0.000565928581636, 0.00104393414222, 0.000279571628198, 0.000226882082643, 0.000181944284122, 0.000130594009534, 0.000132673259941, 0.000159251852892, 0.000115770366392, 0.000195541928406, 0.000175454799319, 0.000190977996681, 0.000144060148159, 0.00019730378699, 0.000119786585856, 0.000129904437927, 0.000107182677311, 0.000129280349938, 0.000240777866566, 0.000281745713437, 0.000148746097693, 0.000204239957384, 2.68779367616e-05, 5.08336872596e-10],
        "min": [9.63737889492e-09, 5.88838204862e-08, 1.6031100003e-08, 6.70514850754e-07, 4.82076575281e-06, 1.33091941734e-06, 1.59775913744e-06, 3.01134355141e-06, 3.21844322571e-06, 6.05810498655e-07, 6.06792639246e-07, 4.05050911922e-07, 2.7991177376e-07, 7.45600459595e-07, 5.24015433712e-07, 5.32992771696e-07, 2.36316463997e-06, 1.58258342253e-06, 2.35281549976e-06, 7.57067027735e-07, 2.38041678813e-07, 6.62157674469e-07, 1.05652486582e-06, 4.13112815068e-08, 3.06187331489e-07, 2.17271617364e-11, 1.06838036681e-11],
        "var": [1.18912828384e-06, 0.000643351289909, 0.000170065046404, 3.87549625884e-05, 3.96189680032e-05, 2.95885251944e-06, 4.16946113546e-06, 7.59436852604e-06, 2.35408447224e-06, 3.29532826981e-06, 3.05088678942e-06, 5.24132610735e-06, 1.30525040731e-05, 1.12609377538e-05, 1.58070452017e-06, 3.90783952753e-07, 4.32855756571e-07, 1.52897797534e-07, 2.45617513883e-07, 2.86560776885e-07, 8.20589264094e-07, 6.92544233516e-07, 4.51890372233e-07, 4.40932382162e-07, 5.58228180125e-07, 6.61313634964e-08, 6.1754414245e-14]
    },
    "erbbands": {
        "dmean": [0.267270624638, 1.40947747231, 3.34722757339, 7.40354919434, 9.74166584015, 10.5773687363, 6.8330540657, 7.62989711761, 10.7314214706, 19.8668041229, 15.5999603271, 11.0762739182, 20.1519851685, 13.9600353241, 27.2390766144, 25.4802875519, 45.5069618225, 37.1001701355, 29.8866157532, 15.8701972961, 16.5129890442, 20.010219574, 13.5362234116, 14.9020023346, 15.3115730286, 13.7324895859, 17.5631217957, 19.9484214783, 17.4644031525, 13.4965381622, 12.1698141098, 8.24468135834, 6.09915304184, 3.81091809273, 4.0119395256, 1.08656263351, 0.268105566502, 0.0185685697943, 0.000391124485759, 4.17470073444e-05],
        "dmean2": [0.388210982084, 2.16504836082, 4.70606851578, 12.869143486, 15.5566301346, 17.2319526672, 11.5217113495, 13.6280679703, 18.7835502625, 31.7591590881, 25.326877594, 18.5941905975, 32.2279472351, 22.4694824219, 43.7942466736, 36.6390151978, 65.9664077759, 56.8293762207, 44.0336227417, 25.9447097778, 26.97265625, 33.0872764587, 22.4892024994, 24.5834770203, 25.3815937042, 22.5986728668, 29.7667198181, 33.79870224, 28.2762355804, 20.7725563049, 19.1422672272, 13.4351911545, 9.93135643005, 6.13210630417, 6.34342432022, 1.73779428005, 0.454387128353, 0.0318817310035, 0.000658041972201, 6.50590591249e-05],
        "dvar": [0.353831470013, 9.63457775116, 102.681976318, 704.821350098, 508.244567871, 489.911560059, 177.282058716, 390.914703369, 486.439544678, 1811.58862305, 1116.69775391, 1577.24182129, 3108.13232422, 1958.38720703, 5281.48242188, 5822.61767578, 14289.3417969, 15525.1035156, 4570.82128906, 732.000671387, 1092.69799805, 1018.16992188, 472.700317383, 648.364196777, 683.159851074, 770.758972168, 1688.63391113, 1679.07861328, 922.534240723, 392.170410156, 325.675079346, 195.553604126, 136.641815186, 36.8632926941, 58.0114936829, 2.84936881065, 0.193791180849, 0.00101253367029, 4.06010144616e-07, 3.14499115639e-09],
        "dvar2": [0.757705032825, 23.2495002747, 199.286148071, 1927.30749512, 1207.14587402, 1232.57983398, 440.644012451, 1119.27062988, 1270.82824707, 3651.07543945, 2649.47998047, 3893.79663086, 6369.35058594, 4940.85595703, 12898.2695312, 11074.8964844, 28730.0449219, 34759.3671875, 8818.27636719, 1826.70239258, 2620.23510742, 2452.43969727, 1200.62243652, 1659.44885254, 1705.60131836, 1999.30053711, 4563.53466797, 4479.17675781, 2364.87207031, 959.41229248, 819.597412109, 495.898529053, 351.416687012, 92.3226089478, 148.663772583, 7.00182294846, 0.501588344574, 0.00266281049699, 1.05286994767e-06, 7.79593456457e-09],
        "max": [5.71586036682, 31.7037620544, 94.3611907959, 222.885681152, 229.328765869, 250.003417969, 107.340202332, 222.29045105, 265.4637146, 711.75012207, 367.221038818, 984.46496582, 1023.25897217, 705.165283203, 789.304931641, 1099.42810059, 1408.49353027, 2272.09716797, 1196.02197266, 281.60357666, 748.119628906, 324.825836182, 209.550796509, 163.586166382, 211.049087524, 208.655090332, 296.534790039, 343.5362854, 228.76512146, 223.095092773, 146.483444214, 104.302482605, 99.446723938, 45.6617279053, 67.257019043, 14.7551326752, 3.44684457779, 0.196829468012, 0.00417816778645, 0.000425191159593],
        "mean": [0.535028219223, 2.8986313343, 4.11156606674, 6.52025461197, 9.83343696594, 11.3123826981, 7.16879367828, 6.84982156754, 11.1608362198, 24.1231307983, 16.6735782623, 12.0304164886, 23.0420818329, 17.4413299561, 30.9217147827, 37.0752182007, 76.9445571899, 48.9934539795, 43.7175865173, 21.0173225403, 20.3783435822, 23.9572696686, 15.4397087097, 16.5408363342, 16.7279968262, 14.6917276382, 17.0177459717, 20.3100891113, 20.3940868378, 18.0209941864, 15.4907646179, 9.48491096497, 6.61888551712, 4.09697008133, 4.25458621979, 1.09048652649, 0.225700482726, 0.0149280829355, 0.000360269536031, 7.18664450687e-05],
        "median": [0.230913087726, 0.594226419926, 1.10894942284, 1.66139364243, 3.32772088051, 3.20197701454, 2.26234269142, 2.4084148407, 2.95323371887, 4.81693172455, 3.92697882652, 3.30142354965, 4.09036827087, 4.50677394867, 7.09312963486, 7.06509256363, 10.9062156677, 11.6503353119, 11.1534614563, 8.60677337646, 10.1581335068, 10.6188135147, 7.5264081955, 6.66631937027, 6.38335943222, 4.99674463272, 4.54499959946, 6.31972932816, 7.94920825958, 8.32672595978, 8.11797237396, 3.57638669014, 2.18004322052, 1.40364742279, 1.59319388866, 0.3392187953, 0.0380961447954, 0.0022222136613, 0.000101425568573, 4.95881140523e-05],
        "min": [1.74581384726e-06, 1.10328983283e-05, 0.000109400920337, 0.00140249286778, 0.00848124921322, 0.0181110929698, 0.0231169331819, 0.0155369080603, 0.00980310887098, 0.0487605296075, 0.0536428466439, 0.0670278072357, 0.0567018091679, 0.017072327435, 0.0360668264329, 0.0210369322449, 0.0178372431546, 0.0363877005875, 0.0529466941953, 0.0385925062001, 0.125605821609, 0.130680084229, 0.0717484131455, 0.0874967128038, 0.119219265878, 0.0404421016574, 0.0133175244555, 0.00841633509845, 0.0155540518463, 0.0300603266805, 0.0332457050681, 0.00665805535391, 0.00549907004461, 0.00263247569092, 0.00259554828517, 9.3973489129e-05, 9.20431011764e-06, 9.24396204027e-07, 3.41058381537e-07, 5.54486064175e-07],
        "var": [0.906454801559, 26.3554897308, 139.499816895, 465.198944092, 510.462432861, 528.159545898, 189.914199829, 244.625198364, 595.468505859, 3107.00512695, 1254.3067627, 1427.04284668, 4767.08251953, 2876.26245117, 6522.24658203, 9628.14746094, 33656.3359375, 23382.6953125, 10091.0683594, 995.121704102, 1294.0435791, 1270.25915527, 451.160827637, 594.836791992, 644.286804199, 657.040283203, 1264.43054199, 1382.83337402, 907.390380859, 524.652404785, 376.1746521, 203.659942627, 133.153671265, 40.4048118591, 55.0197105408, 3.22339272499, 0.17245259881, 0.000860978325363, 3.65440286032e-07, 3.88955978536e-09]
    },
    "gfcc": {
        "mean": [26.4545059204, 51.472278595, -105.868164062, 45.0268135071, -61.9741630554, 34.4271774292, -46.6266059875, 10.7606878281, -26.7257537842, 7.82332515717, -19.4396705627, 2.71259951591, -15.3583993912],
        "cov": [[2795.46801758, -442.092681885, 80.7122802734, 108.94405365, -90.335723877, -68.0479202271, 41.0777397156, 10.0103092194, -105.506370544, 85.7161026001, -77.9777450562, 82.0299377441, -79.7105712891], [-442.092681885, 1253.92724609, 42.8224830627, 63.3141670227, 286.487915039, 182.801239014, 269.69241333, 148.876708984, 270.23223877, -2.64870405197, 217.791870117, 20.4679203033, 152.159133911], [80.7122802734, 42.8224830627, 721.286071777, 345.997589111, 213.941009521, 190.639480591, 141.809967041, 123.389465332, 40.2129249573, 103.974822998, 35.3546867371, 102.699897766, 95.6883010864], [108.94405365, 63.3141670227, 345.997589111, 541.031433105, 219.889419556, 139.826370239, 70.7954025269, 27.9990558624, 71.5422973633, 81.399269104, 38.6753807068, 10.245341301, 104.829948425], [-90.335723877, 286.487915039, 213.941009521, 219.889419556, 444.371429443, 270.229553223, 136.568588257, 31.256023407, 97.5812301636, 137.662231445, 80.8901367188, 22.8629722595, 43.4500274658], [-68.0479202271, 182.801239014, 190.639480591, 139.826370239, 270.229553223, 390.484039307, 208.284317017, 18.442193985, 44.6379737854, 104.832298279, 79.7149353027, 18.300573349, 25.2888317108], [41.0777397156, 269.69241333, 141.809967041, 70.7954025269, 136.568588257, 208.284317017, 302.608459473, 108.604125977, 61.1825065613, 26.8568325043, 60.2196464539, 64.1874847412, 29.574798584], [10.0103092194, 148.876708984, 123.389465332, 27.9990558624, 31.256023407, 18.442193985, 108.604125977, 191.140182495, 108.052124023, -1.98024976254, 29.6501903534, 46.5783462524, 49.6594924927], [-105.506370544, 270.23223877, 40.2129249573, 71.5422973633, 97.5812301636, 44.6379737854, 61.1825065613, 108.052124023, 204.908691406, 53.9261207581, 64.4219589233, 0.478196144104, 62.7775382996], [85.7161026001, -2.64870405197, 103.974822998, 81.399269104, 137.662231445, 104.832298279, 26.8568325043, -1.98024976254, 53.9261207581, 155.335250854, 44.6910934448, 9.62026405334, -0.24613840878], [-77.9777450562, 217.791870117, 35.3546867371, 38.6753807068, 80.8901367188, 79.7149353027, 60.2196464539, 29.6501903534, 64.4219589233, 44.6910934448, 139.876571655, 29.0351352692, 35.9416122437], [82.0299377441, 20.4679203033, 102.699897766, 10.245341301, 22.8629722595, 18.300573349, 64.1874847412, 46.5783462524, 0.478196144104, 9.62026405334, 29.0351352692, 120.313743591, 38.9974975586], [-79.7105712891, 152.159133911, 95.6883010864, 104.829948425, 43.4500274658, 25.2888317108, 29.574798584, 49.6594924927, 62.7775382996, -0.24613840878, 35.9416122437, 38.9974975586, 130.166275024]],
        "icov": [[0.000436603906564, 4.32343840657e-05, 0.00012290244922, -0.000264563801466, 0.000172444721102, 0.000167227393831, -0.000215235428186, -0.0002063059801, 0.000283927598502, -0.000549771531951, 0.000203161354875, -0.0003504792694, 0.000288035254925], [4.32343840657e-05, 0.00233463384211, -0.000212917424506, 0.000851807417348, -0.00156510178931, 0.0010342951864, -0.00202815490775, 0.00116197904572, -0.00209145387635, 0.00210249563679, -0.0024323372636, 0.00141083879862, -0.00163150939625], [0.00012290244922, -0.000212917424506, 0.00314493733458, -0.00175568030681, 0.00013390215463, -0.000945434090681, 0.000635060714558, -0.00265775481239, 0.00191833230201, -0.0017033185577, 0.000930782232899, -0.00180184468627, -0.000210760146729], [-0.000264563801466, 0.000851807417348, -0.00175568030681, 0.00410620309412, -0.00173170107882, 0.000850666954648, -0.00117877207231, 0.00189759489149, -0.00140798662324, 0.000976911163889, -0.000935646006837, 0.00240346835926, -0.00299820839427], [0.000172444721102, -0.00156510178931, 0.00013390215463, -0.00173170107882, 0.00630311528221, -0.00327934115194, 0.00147766480222, -0.000564017624129, 0.000182090880116, -0.00335803464986, 0.00161748775281, -0.00173575780354, 0.00162312528118], [0.000167227393831, 0.0010342951864, -0.000945434090681, 0.000850666954648, -0.00327934115194, 0.00819252803922, -0.00576855242252, 0.00256017572246, 0.000296987243928, -0.00110545649659, -0.00233947159722, 0.003107649507, -0.00169017445296], [-0.000215235428186, -0.00202815490775, 0.000635060714558, -0.00117877207231, 0.00147766480222, -0.00576855242252, 0.0101480195299, -0.0049027740024, 0.00142347265501, 0.000346443761373, 0.00164496409707, -0.00429114094004, 0.00305925449356], [-0.0002063059801, 0.00116197904572, -0.00265775481239, 0.00189759489149, -0.000564017624129, 0.00256017572246, -0.0049027740024, 0.0136697730049, -0.008266386576, 0.00382101186551, -0.000694245274644, -0.000662006030325, -0.00108537438791], [0.000283927598502, -0.00209145387635, 0.00191833230201, -0.00140798662324, 0.000182090880116, 0.000296987243928, 0.00142347265501, -0.008266386576, 0.0141688557342, -0.00648259464651, -0.000117233947094, 0.00228842673823, -0.00244475342333], [-0.000549771531951, 0.00210249563679, -0.0017033185577, 0.000976911163889, -0.00335803464986, -0.00110545649659, 0.000346443761373, 0.00382101186551, -0.00648259464651, 0.0144931096584, -0.00385379535146, -0.000243864764343, 0.001761276857], [0.000203161354875, -0.0024323372636, 0.000930782232899, -0.000935646006837, 0.00161748775281, -0.00233947159722, 0.00164496409707, -0.000694245274644, -0.000117233947094, -0.00385379535146, 0.0128848226741, -0.00397052522749, 0.000523749797139], [-0.0003504792694, 0.00141083879862, -0.00180184468627, 0.00240346835926, -0.00173575780354, 0.003107649507, -0.00429114094004, -0.000662006030325, 0.00228842673823, -0.000243864764343, -0.00397052522749, 0.0148744788021, -0.00573586905375], [0.000288035254925, -0.00163150939625, -0.000210760146729, -0.00299820839427, 0.00162312528118, -0.00169017445296, 0.00305925449356, -0.00108537438791, -0.00244475342333, 0.001761276857, 0.000523749797139, -0.00573586905375, 0.0145973842591]]
    },
    "melbands": {
        "dmean": [0.0021119711455, 0.00141597434413, 0.00131682690699, 0.000715350091923, 0.000291761592962, 0.000172343206941, 0.000168888975168, 0.000233659753576, 0.000112914145575, 7.37781083444e-05, 9.99835392577e-05, 5.5055890698e-05, 8.58207858982e-05, 6.84049809934e-05, 0.00010210522305, 7.73253777879e-05, 7.77721215854e-05, 5.38934291399e-05, 3.11838630296e-05, 1.88793947018e-05, 2.07896591746e-05, 2.26417614613e-05, 1.48581448229e-05, 1.26215318232e-05, 1.25099959405e-05, 1.11856234071e-05, 1.04301070678e-05, 9.05016167962e-06, 1.0898700566e-05, 1.066052846e-05, 1.28005858642e-05, 1.1303660358e-05, 7.8556513472e-06, 7.85107476986e-06, 7.96676977188e-06, 5.73437273488e-06, 4.87474289912e-06, 4.37736525782e-06, 3.84113491236e-06, 3.02772787109e-06],
        "dmean2": [0.00319460360333, 0.00197492144071, 0.00220321677625, 0.00113890925422, 0.000480177288409, 0.000307281006826, 0.000294821802527, 0.000366487511201, 0.000184910080861, 0.000123521153, 0.000160499519552, 8.980986604e-05, 0.000142490869621, 0.000106835519546, 0.000142380333273, 0.000117851275718, 0.000119696975162, 7.93682120275e-05, 5.09320307174e-05, 3.08115013468e-05, 3.40887563652e-05, 3.73777802452e-05, 2.50380307989e-05, 2.1233170628e-05, 2.07984285225e-05, 1.8548738808e-05, 1.73706739588e-05, 1.50418509293e-05, 1.85217068065e-05, 1.8315804482e-05, 2.17461019929e-05, 1.86729103007e-05, 1.22578439914e-05, 1.23097834148e-05, 1.25545820993e-05, 9.47827993514e-06, 7.98176370154e-06, 7.15907572157e-06, 6.27884764981e-06, 4.97277642353e-06],
        "dvar": [2.10009729926e-05, 1.21484099509e-05, 1.58216953423e-05, 2.11667156691e-06, 3.06329297928e-07, 1.90239461517e-07, 1.15763640451e-07, 2.4463167847e-07, 5.66638753696e-08, 6.72692266335e-08, 7.47504032006e-08, 3.29598321969e-08, 5.74748213467e-08, 3.98897661569e-08, 6.86873633526e-08, 4.37328004921e-08, 7.79016460228e-08, 2.02178185305e-08, 3.5312648361e-09, 1.32327560021e-09, 1.59098323405e-09, 1.3698624457e-09, 5.76101000238e-10, 4.70691541299e-10, 4.77263950582e-10, 3.54844736927e-10, 2.99444691265e-10, 3.94288574013e-10, 6.65221100427e-10, 5.59449042647e-10, 6.90054569041e-10, 4.25300267226e-10, 1.61699292844e-10, 1.17118356679e-10, 1.34375746641e-10, 9.30465079985e-11, 6.41545358504e-11, 7.04605887525e-11, 4.54534118677e-11, 2.34795047988e-11],
        "dvar2": [4.70050727017e-05, 2.07940229302e-05, 4.21409931732e-05, 5.12881524628e-06, 7.2593115874e-07, 5.43059343272e-07, 2.9728772688e-07, 4.91517141654e-07, 1.38072792311e-07, 1.60182139552e-07, 1.54017982368e-07, 8.402452778e-08, 1.44687717807e-07, 8.24931305488e-08, 1.39733472793e-07, 9.51534744331e-08, 1.71073523347e-07, 3.7912961659e-08, 8.1027993204e-09, 3.02736724578e-09, 3.98437638438e-09, 3.37249539406e-09, 1.42236777911e-09, 1.21295706812e-09, 1.24014853942e-09, 8.76785921644e-10, 7.42935657438e-10, 1.04481079344e-09, 1.79464332284e-09, 1.51906698331e-09, 1.84718107477e-09, 1.11684528292e-09, 3.96293831084e-10, 2.82820877828e-10, 3.28708393837e-10, 2.39904512922e-10, 1.62619528954e-10, 1.81022113965e-10, 1.16077487899e-10, 5.86647050382e-11],
        "max": [0.0439002476633, 0.0357682146132, 0.0329092144966, 0.0152625199407, 0.00692699011415, 0.00487034348771, 0.00410982873291, 0.00764210755005, 0.00256497692317, 0.00640018098056, 0.00502994470298, 0.00298306834884, 0.00329166185111, 0.00301404227503, 0.0034578088671, 0.00242657586932, 0.00490866973996, 0.00242904387414, 0.000809171411674, 0.000529358221684, 0.000825080904178, 0.000360149017069, 0.000268109695753, 0.000168172409758, 0.000138210278237, 0.000165285222465, 0.000111561457743, 0.000152464301209, 0.000201532995561, 0.000175741530256, 0.000250330835115, 0.000149789091665, 0.00012689261348, 0.000114804235636, 8.75002369867e-05, 6.78086653352e-05, 6.03121807217e-05, 7.2219670983e-05, 4.66823803436e-05, 3.69176450477e-05],
        "mean": [0.00446209451184, 0.00274035846815, 0.00124859123025, 0.000777708250098, 0.000314627366606, 0.000153590648551, 0.000177601934411, 0.000276793842204, 0.000117858355225, 7.7027536463e-05, 0.000112337882456, 6.4499261498e-05, 9.57152078627e-05, 7.91830971139e-05, 0.00016918417532, 0.000112235626148, 9.60616744123e-05, 7.4409370427e-05, 3.9557035052e-05, 2.26210649998e-05, 2.43157483055e-05, 2.63096426352e-05, 1.67625803442e-05, 1.34013989737e-05, 1.33118801386e-05, 1.23330119095e-05, 1.08993963295e-05, 9.3997514341e-06, 1.05762464955e-05, 9.85037513601e-06, 1.29974423544e-05, 1.23734162116e-05, 9.87850489764e-06, 1.02790854726e-05, 1.01038494904e-05, 6.30041904515e-06, 5.51949551664e-06, 4.70255827167e-06, 3.90761397284e-06, 3.19629793921e-06],
        "median": [0.00168141024187, 0.000760515569709, 0.000342604937032, 0.000259803695371, 9.24942141864e-05, 5.19923196407e-05, 4.63254036731e-05, 5.23908856849e-05, 2.64130776486e-05, 1.93606410903e-05, 1.95715547306e-05, 1.62850683409e-05, 2.29994529946e-05, 1.36821618071e-05, 2.12827544601e-05, 1.76041176019e-05, 1.71457486431e-05, 1.59255687322e-05, 1.38434625114e-05, 9.29475390876e-06, 1.17158224384e-05, 1.10598812171e-05, 7.47779859012e-06, 5.56984377909e-06, 5.17244370712e-06, 4.86137469125e-06, 3.90099785363e-06, 3.01925979329e-06, 2.76934429166e-06, 2.5764873044e-06, 4.18232684751e-06, 4.52150879937e-06, 4.00520957555e-06, 4.88791692987e-06, 5.2510849855e-06, 2.31022204389e-06, 2.02159640139e-06, 1.48362971686e-06, 1.16635442282e-06, 1.07583218778e-06],
        "min": [1.55732884366e-08, 1.5708513601e-08, 3.50924352688e-07, 1.36055507483e-06, 5.5438755453e-07, 2.54235629882e-07, 1.22357036503e-07, 5.19145714861e-07, 5.26190262917e-07, 3.80856477022e-07, 2.42353934254e-07, 5.44576899131e-08, 1.0528821548e-07, 5.12272215758e-08, 5.23140499809e-08, 3.46959474484e-08, 5.65336506497e-08, 6.79596254827e-08, 5.12659497076e-08, 3.84401630527e-08, 1.3886037209e-07, 1.20337318776e-07, 3.70473998146e-08, 5.43889449034e-08, 5.94717235458e-08, 9.92476998363e-08, 2.89156893984e-08, 1.79530630362e-08, 3.95704669032e-09, 3.91557675172e-09, 5.08943687194e-09, 8.15759104711e-09, 1.39859848147e-08, 1.60777879898e-08, 1.26908403786e-08, 8.10640532478e-09, 9.95433856871e-12, 4.40431829896e-10, 3.84261589562e-12, 4.59817496579e-11],
