{
"highlevel": {
    "danceability": {
        "all": {
            "danceable": 0.999984562397,
            "not_danceable": 1.54197314259e-05
        },
        "probability": 0.999984562397,
        "value": "danceable"
    },
    "gender": {
        "all": {
            "female": 0.652527570724,
            "male": 0.347472399473
        },
        "probability": 0.652527570724,
        "value": "female"
    },
    "genre_dortmund": {
        "all": {
            "alternative": 0.0199865214527,
            "blues": 0.00767691200599,
            "electronic": 0.402956783772,
            "folkcountry": 0.0157983824611,
            "funksoulrnb": 0.0121032511815,
            "jazz": 0.0341203995049,
            "pop": 0.0821052491665,
            "raphiphop": 0.395346850157,
            "rock": 0.0299056489021
        },
        "probability": 0.402956783772,
        "value": "electronic"
    },
    "genre_electronic": {
        "all": {
            "ambient": 0.0176835339516,
            "dnb": 0.85981464386,
            "house": 0.00365433702245,
            "techno": 0.0026339404285,
            "trance": 0.116213552654
        },
        "probability": 0.85981464386,
        "value": "dnb"
    },
    "genre_rosamerica": {
        "all": {
            "cla": 0.000135927984957,
            "dan": 0.789977729321,
            "hip": 0.00522396853194,
            "jaz": 6.83881080477e-05,
            "pop": 0.182466462255,
            "rhy": 0.00279590208083,
            "roc": 0.0192749556154,
            "spe": 5.66624767089e-05
        },
        "probability": 0.789977729321,
        "value": "dan"
    },
    "genre_tzanetakis": {
        "all": {
            "blu": 0.0626613423228,
            "cla": 0.0348169617355,
            "cou": 0.104475811124,
            "dis": 0.0784321576357,
            "hip": 0.15692435205,
            "jaz": 0.313974827528,
            "met": 0.0448166541755,
            "pop": 0.0627359300852,
            "reg": 0.0627360641956,
            "roc": 0.0784258767962
        },
        "probability": 0.313974827528,
        "value": "jaz"
    },
    "ismir04_rhythm": {
        "all": {
            "ChaChaCha": 0.0546390414238,
            "Jive": 0.00984998699278,
            "Quickstep": 0.00912284851074,
            "Rumba-American": 0.00755098182708,
            "Rumba-International": 0.0426638796926,
            "Rumba-Misc": 0.0104976836592,
            "Samba": 0.841638863087,
            "Tango": 0.00227073393762,
            "VienneseWaltz": 0.0133629674092,
            "Waltz": 0.00840302277356
        },
        "probability": 0.841638863087,
        "value": "Samba"
    },
    "mood_acoustic": {
        "all": {
            "acoustic": 1.21957999255e-08,
            "not_acoustic": 1
        },
        "probability": 1,
        "value": "not_acoustic"
    },
    "mood_aggressive": {
        "all": {
            "aggressive": 0.894661843777,
            "not_aggressive": 0.105338163674
        },
        "probability": 0.894661843777,
        "value": "aggressive"
    },
    "mood_electronic": {
        "all": {
            "electronic": 0.89104872942,
            "not_electronic": 0.10895126313
        },
        "probability": 0.89104872942,
        "value": "electronic"
    },
    "mood_happy": {
        "all": {
            "happy": 0.435040175915,
            "not_happy": 0.564959824085
        },
        "probability": 0.564959824085,
        "value": "not_happy"
    },
    "mood_party": {
        "all": {
            "not_party": 0.225325495005,
            "party": 0.774674475193
        },
        "probability": 0.774674475193,
        "value": "party"
    },
    "mood_relaxed": {
        "all": {
            "not_relaxed": 0.953057587147,
            "relaxed": 0.0469424165785
        },
        "probability": 0.953057587147,
        "value": "not_relaxed"
    },
    "mood_sad": {
        "all": {
            "not_sad": 0.885869681835,
            "sad": 0.114130333066
        },
        "probability": 0.885869681835,
        "value": "not_sad"
    },
    "moods_mirex": {
        "all": {
            "Cluster1": 0.48806655407,
            "Cluster2": 0.127578094602,
            "Cluster3": 0.0757810398936,
            "Cluster4": 0.0594695098698,
            "Cluster5": 0.249104812741
        },
        "probability": 0.48806655407,
        "value": "Cluster1"
    },
    "timbre": {
        "all": {
            "bright": 0.488689869642,
            "dark": 0.51131016016
        },
        "probability": 0.51131016016,
        "value": "dark"
    },
    "tonal_atonal": {
        "all": {
            "atonal": 0.835438847542,
            "tonal": 0.164561167359
        },
        "probability": 0.835438847542,
        "value": "atonal"
    },
    "voice_instrumental": {
        "all": {
            "instrumental": 0.0347582474351,
            "voice": 0.965241730213
        },
        "probability": 0.965241730213,
        "value": "voice"
    }
},
"lowlevel": {
    "average_loudness": 0.971442997456,
    "barkbands_crest": {
        "dmean": 2.45232725143,
        "dmean2": 3.73941397667,
        "dvar": 7.69893312454,
        "dvar2": 17.4730567932,
        "max": 24.9185752869,
        "mean": 16.288734436,
        "median": 16.9992141724,
        "min": 4.35444831848,
        "var": 23.7858257294
    },
    "barkbands_flatness_db": {
        "dmean": 0.0241701714694,
        "dmean2": 0.0366087295115,
        "dvar": 0.000587515940424,
        "dvar2": 0.00136433483567,
        "max": 0.302706748247,
        "mean": 0.161857590079,
        "median": 0.161526963115,
        "min": 0.0525147728622,
        "var": 0.00169430545066
    },
    "barkbands_kurtosis": {
        "dmean": 3.8089120388,
        "dmean2": 5.76325035095,
        "dvar": 23.123550415,
        "dvar2": 48.6321029663,
        "max": 54.5718383789,
        "mean": 6.81690788269,
        "median": 3.77861976624,
        "min": -1.76894414425,
        "var": 63.0637702942
    },
    "barkbands_skewness": {
        "dmean": 0.629763424397,
        "dmean2": 0.951949477196,
        "dvar": 0.402725458145,
        "dvar2": 0.848682522774,
        "max": 6.88423919678,
        "mean": 2.33526587486,
        "median": 2.06569170952,
        "min": -2.26471734047,
        "var": 1.46450316906
    },
    "barkbands_spread": {
        "dmean": 6.87388372421,
        "dmean2": 10.4308214188,
        "dvar": 55.8578681946,
        "dvar2": 125.299789429,
        "max": 79.7506942749,
        "mean": 24.1818084717,
        "median": 23.112071991,
        "min": 2.93195748329,
        "var": 151.660186768
    },
    "dissonance": {
        "dmean": 0.0176983159035,
        "dmean2": 0.0305747278035,
        "dvar": 0.000337891280651,
        "dvar2": 0.000973343558144,
        "max": 0.499967873096,
        "mean": 0.472168445587,
        "median": 0.47802990675,
        "min": 0.323636382818,
        "var": 0.000544743437786
    },
    "dynamic_complexity": 1.84717309475,
    "erbbands_crest": {
        "dmean": 3.02744078636,
        "dmean2": 4.89858961105,
        "dvar": 8.02190494537,
        "dvar2": 18.9861240387,
        "max": 32.0965766907,
        "mean": 9.97177410126,
        "median": 8.36987876892,
        "min": 2.61418509483,
        "var": 36.5692710876
    },
    "erbbands_flatness_db": {
        "dmean": 0.0177536401898,
        "dmean2": 0.0265051517636,
        "dvar": 0.000282624911051,
        "dvar2": 0.000560074520763,
        "max": 0.333040654659,
        "mean": 0.13070037961,
        "median": 0.122333414853,
        "min": 0.0467935837805,
        "var": 0.00220605288632
    },
    "erbbands_kurtosis": {
        "dmean": 1.13843917847,
        "dmean2": 1.73508358002,
        "dvar": 3.60308218002,
        "dvar2": 6.94864177704,
        "max": 38.582660675,
        "mean": 1.30324840546,
        "median": 0.125435113907,
        "min": -1.77542173862,
        "var": 16.1082210541
    },
    "erbbands_skewness": {
        "dmean": 0.363408476114,
        "dmean2": 0.545382380486,
        "dvar": 0.112745881081,
        "dvar2": 0.233157724142,
        "max": 5.6838312149,
        "mean": 0.279707849026,
        "median": 0.124163515866,
        "min": -2.15635180473,
        "var": 0.836855351925
    },
    "erbbands_spread": {
        "dmean": 9.71368026733,
        "dmean2": 14.8070611954,
        "dvar": 104.463378906,
        "dvar2": 225.208267212,
        "max": 134.713424683,
        "mean": 42.0099411011,
        "median": 39.3228645325,
        "min": 3.9026696682,
        "var": 430.279449463
    },
    "hfc": {
        "dmean": 13.4367713928,
        "dmean2": 19.4760513306,
        "dvar": 491.874664307,
        "dvar2": 960.26751709,
        "max": 291.360290527,
        "mean": 44.2121047974,
        "median": 41.6239967346,
        "min": 0.453283578157,
        "var": 971.8828125
    },
    "melbands_crest": {
        "dmean": 3.02965688705,
        "dmean2": 4.97383594513,
        "dvar": 14.8371133804,
        "dvar2": 40.3635826111,
        "max": 35.7966766357,
        "mean": 25.3797245026,
        "median": 27.275598526,
        "min": 4.80652952194,
        "var": 46.243434906
    },
    "melbands_flatness_db": {
        "dmean": 0.0265110321343,
        "dmean2": 0.0400367155671,
        "dvar": 0.000817623047624,
        "dvar2": 0.00190601078793,
        "max": 0.380064278841,
        "mean": 0.220769733191,
        "median": 0.220413893461,
        "min": 0.0700852945447,
        "var": 0.00248813442886
    },
    "melbands_kurtosis": {
        "dmean": 13.4450359344,
        "dmean2": 20.7644481659,
        "dvar": 409.816558838,
        "dvar2": 902.387207031,
        "max": 340.799224854,
        "mean": 27.5741977692,
        "median": 16.4650688171,
        "min": -1.56376862526,
        "var": 968.781005859
    },
    "melbands_skewness": {
        "dmean": 1.0526072979,
        "dmean2": 1.62063193321,
        "dvar": 1.28736495972,
        "dvar2": 2.89347100258,
        "max": 15.4153938293,
        "mean": 4.10834503174,
        "median": 3.68753266335,
        "min": -1.74039983749,
        "var": 5.00170373917
    },
    "melbands_spread": {
        "dmean": 6.03302192688,
        "dmean2": 9.32142448425,
        "dvar": 69.7501296997,
        "dvar2": 146.128051758,
        "max": 171.6121521,
        "mean": 17.9118480682,
        "median": 16.2562332153,
        "min": 1.9351285696,
        "var": 152.211471558
    },
    "pitch_salience": {
        "dmean": 0.0802980437875,
        "dmean2": 0.132155418396,
        "dvar": 0.00879678595811,
        "dvar2": 0.0237270314246,
        "max": 0.828962087631,
        "mean": 0.347474455833,
        "median": 0.328811347485,
        "min": 0.109523095191,
        "var": 0.0165421776474
    },
    "silence_rate_20dB": {
        "dmean": 0,
        "dmean2": 0,
        "dvar": 0,
        "dvar2": 0,
        "max": 1,
        "mean": 1,
        "median": 1,
        "min": 1,
        "var": 0
    },
    "silence_rate_30dB": {
        "dmean": 0.147058829665,
        "dmean2": 0.294345468283,
        "dvar": 0.125432223082,
        "dvar2": 0.257281303406,
        "max": 1,
        "mean": 0.661252915859,
        "median": 1,
        "min": 0,
        "var": 0.22399571538
    },
    "silence_rate_60dB": {
        "dmean": 0.00773993786424,
        "dmean2": 0.0154918665066,
        "dvar": 0.00768003659323,
        "dvar2": 0.015251875855,
        "max": 1,
        "mean": 0.0162412989885,
        "median": 0,
        "min": 0,
        "var": 0.0159775074571
    },
    "spectral_centroid": {
        "dmean": 267.755767822,
        "dmean2": 396.716339111,
        "dvar": 64268.03125,
        "dvar2": 133903.40625,
        "max": 4306.65039062,
        "mean": 1732.61181641,
        "median": 1738.95959473,
        "min": 322.482177734,
        "var": 274503.90625
    },
    "spectral_complexity": {
        "dmean": 4.08049535751,
        "dmean2": 6.39581727982,
        "dvar": 16.9997253418,
        "dvar2": 33.1902580261,
        "max": 56,
        "mean": 26.5653514862,
        "median": 26,
        "min": 3,
        "var": 106.078720093
    },
    "spectral_decrease": {
        "dmean": 3.43677775128e-09,
        "dmean2": 5.35612487695e-09,
        "dvar": 1.6224578615e-17,
        "dvar2": 4.03507272395e-17,
        "max": -1.53344281717e-10,
        "mean": -2.1309144671e-08,
        "median": -2.33260788463e-08,
        "min": -4.11328677785e-08,
        "var": 8.28594098784e-17
    },
    "spectral_energy": {
        "dmean": 0.0133791593835,
        "dmean2": 0.0207160953432,
        "dvar": 0.000240241657593,
        "dvar2": 0.000585052184761,
        "max": 0.172017723322,
        "mean": 0.0844357311726,
        "median": 0.0918906033039,
        "min": 0.000619870028459,
        "var": 0.00125948234927
    },
    "spectral_energyband_high": {
        "dmean": 0.00114322348963,
        "dmean2": 0.0016622391995,
        "dvar": 5.65502068639e-06,
        "dvar2": 1.14938056868e-05,
        "max": 0.0297177676111,
        "mean": 0.00242299027741,
        "median": 0.00162281631492,
        "min": 1.96940368369e-06,
        "var": 9.17646320886e-06
    },
    "spectral_energyband_low": {
        "dmean": 0.0122168520465,
        "dmean2": 0.0194483008236,
        "dvar": 0.000312514748657,
        "dvar2": 0.00081426493125,
        "max": 0.141594693065,
        "mean": 0.0615752637386,
        "median": 0.070083104074,
        "min": 1.98602236878e-07,
        "var": 0.00113422726281
    },
    "spectral_energyband_middle_high": {
        "dmean": 0.00367440260015,
        "dmean2": 0.00565287517384,
        "dvar": 1.77427227754e-05,
        "dvar2": 3.79699013138e-05,
        "max": 0.0704894140363,
        "mean": 0.0117992153391,
        "median": 0.010046698153,
        "min": 0.000118053416372,
        "var": 9.14018819458e-05
    },
    "spectral_energyband_middle_low": {
        "dmean": 0.00512971542776,
        "dmean2": 0.00874813459814,
        "dvar": 8.26143368613e-05,
        "dvar2": 0.000224085626542,
        "max": 0.0727245807648,
        "mean": 0.00927787367254,
        "median": 0.00667699147016,
        "min": 0.000395967304939,
        "var": 7.61469491408e-05
    },
    "spectral_entropy": {
        "dmean": 0.138951644301,
        "dmean2": 0.210974439979,
        "dvar": 0.0206922404468,
        "dvar2": 0.0470703914762,
        "max": 8.60620212555,
        "mean": 7.83720159531,
        "median": 7.85071706772,
        "min": 6.48194408417,
        "var": 0.0777119919658
    },
    "spectral_flux": {
        "dmean": 0.0334683917463,
        "dmean2": 0.0490815676749,
        "dvar": 0.00156395311933,
        "dvar2": 0.00277935038321,
        "max": 0.354583799839,
        "mean": 0.114544801414,
        "median": 0.100823000073,
        "min": 0.012396838516,
        "var": 0.00409854995087
    },
    "spectral_kurtosis": {
        "dmean": 0.903461277485,
        "dmean2": 1.4278563261,
        "dvar": 1.16413509846,
        "dvar2": 2.53053426743,
        "max": 23.2201652527,
        "mean": 3.03111243248,
        "median": 2.72336435318,
        "min": -1.04565382004,
        "var": 3.44459724426
    },
    "spectral_rms": {
        "dmean": 0.000752009393182,
        "dmean2": 0.00115900312085,
        "dvar": 7.40975053759e-07,
        "dvar2": 1.80512893166e-06,
        "max": 0.0129546197131,
        "mean": 0.00874227751046,
        "median": 0.00946833472699,
        "min": 0.000777657493018,
        "var": 5.94902439843e-06
    },
    "spectral_rolloff": {
        "dmean": 430.747131348,
        "dmean2": 728.861572266,
        "dvar": 520526.46875,
        "dvar2": 1120071.125,
        "max": 11046.5332031,
        "mean": 910.956420898,
        "median": 796.728515625,
        "min": 64.599609375,
        "var": 904338.9375
    },
    "spectral_skewness": {
        "dmean": 0.162084072828,
        "dmean2": 0.251327782869,
        "dvar": 0.0240642428398,
        "dvar2": 0.0503837130964,
        "max": 3.72947263718,
        "mean": 1.42701089382,
        "median": 1.4066747427,
        "min": 0.267218798399,
        "var": 0.118556544185
    },
    "spectral_spread": {
        "dmean": 777761.5625,
        "dmean2": 1126675.125,
        "dvar": 792906235904,
        "dvar2": 1.56135063552e+12,
        "max": 15658828,
        "mean": 5628238,
        "median": 5477931.5,
        "min": 2310971,
        "var": 2.11474409062e+12
    },
    "spectral_strongpeak": {
        "dmean": 0.256063222885,
        "dmean2": 0.413629859686,
        "dvar": 0.415164917707,
        "dvar2": 1.06053984165,
        "max": 10.999751091,
        "mean": 0.961536407471,
        "median": 0.512186706066,
        "min": 0,
        "var": 2.50073695183
    },
    "zerocrossingrate": {
        "dmean": 0.0109802810475,
        "dmean2": 0.0131083279848,
        "dvar": 0.000156020367285,
        "dvar2": 0.000189289363334,
        "max": 0.376953125,
        "mean": 0.052669044584,
        "median": 0.04736328125,
        "min": 0.00732421875,
        "var": 0.000731681822799
    },
    "barkbands": {
        "dmean": [0.00147786061279, 0.0112454555929, 0.00360605632886, 0.00134020030964, 0.00137588032521, 0.00143749895506, 0.000957240641583, 0.000530808640178, 0.00108853843994, 0.000925076892599, 0.00151347031351, 0.000578721403144, 0.000516539730597, 0.000677860400174, 0.000904524000362, 0.000411140994402, 0.000357772223651, 0.000387604173739, 0.000301919528283, 0.000278341758531, 0.000239228611463, 0.000231993413763, 0.000228376171435, 0.000238359207287, 0.00023010262521, 0.000156439491548, 1.5223550065e-07],
        "dmean2": [0.00203234050423, 0.017428919673, 0.00643721735105, 0.00249713589437, 0.00247000763193, 0.00242454255931, 0.00162104156334, 0.000879953382537, 0.0017076600343, 0.00143902108539, 0.00233237957582, 0.00090373744024, 0.000841167406179, 0.00109392288141, 0.00140830676537, 0.00064211623976, 0.000574137084186, 0.000627437722869, 0.000476243614685, 0.000439095456386, 0.00037535870797, 0.000348980596755, 0.000357999349944, 0.00035034713801, 0.00035088925506, 0.000249524979154, 2.63792657051e-07],
        "dvar": [4.73130785394e-06, 0.000288454204565, 0.000131206426886, 1.49318038893e-05, 1.11353683678e-05, 1.32877776196e-05, 5.41789859199e-06, 1.83722136171e-06, 5.80875575906e-06, 1.94203062165e-06, 9.26514985622e-06, 1.31670606152e-06, 1.23001848351e-06, 1.73586477104e-06, 4.31664057032e-06, 8.90706985501e-07, 3.92657256043e-07, 4.3324064336e-07, 2.22361464353e-07, 2.7416785997e-07, 3.1056674743e-07, 4.86510600695e-07, 1.77575472549e-07, 1.45026433529e-07, 1.30150482391e-07, 7.92577736775e-08, 4.57263404658e-13],
        "dvar2": [7.01779708834e-06, 0.000699461263139, 0.000357233715476, 4.32443339378e-05, 3.1674564525e-05, 3.67404391e-05, 1.47379369082e-05, 4.27106260759e-06, 1.31549622893e-05, 4.37120752395e-06, 1.89764377865e-05, 3.06208153233e-06, 3.30352963829e-06, 4.18912395617e-06, 1.01095547507e-05, 2.12787040255e-06, 9.66301399785e-07, 1.10661949293e-06, 5.00435589856e-07, 6.73118108807e-07, 7.08381890036e-07, 1.0625313962e-06, 4.02123902177e-07, 2.90189746011e-07, 2.68376652457e-07, 1.78522896022e-07, 1.20118671953e-12],
        "max": [0.0265472531319, 0.121708773077, 0.0870325192809, 0.0284557044506, 0.0292559452355, 0.0371531844139, 0.0243838969618, 0.0248054265976, 0.0299349483103, 0.0166415851563, 0.0627865642309, 0.0149842882529, 0.0206897836179, 0.0173974558711, 0.0400884598494, 0.0170213989913, 0.00768775492907, 0.00690242508426, 0.00536858104169, 0.00713498983532, 0.00747410161421, 0.00866034720093, 0.00579726044089, 0.00459220446646, 0.0044153756462, 0.00289319781587, 1.19480455396e-05],
        "mean": [0.00715112732723, 0.0508634075522, 0.00323714339174, 0.00118279072922, 0.00165113038383, 0.00199142191559, 0.00132672779728, 0.000747660000343, 0.00176222180016, 0.00165174109861, 0.00342519348487, 0.000930570298806, 0.000729445309844, 0.00117719930131, 0.00143059517723, 0.000652915274259, 0.000585652072914, 0.00068082974758, 0.000546507770196, 0.000522985414136, 0.00041569993482, 0.000375976407668, 0.000408323627198, 0.000442056014435, 0.000359606463462, 0.000186675140867, 1.12879547487e-07],
        "median": [0.00233278539963, 0.0543527826667, 0.000801388523541, 0.000383849750506, 0.000836846826132, 0.000980667304248, 0.0006443959428, 0.000408075778978, 0.000593248172663, 0.00076514412649, 0.000718978175428, 0.000344992848113, 0.000346269458532, 0.000501223199535, 0.000509399687871, 0.000262508518063, 0.00029141487903, 0.000364940613508, 0.000331529241521, 0.000276884296909, 0.00018031214131, 0.000195382992388, 0.000246039271588, 0.000302033266053, 0.000207635355764, 7.52989435568e-05, 3.08352321454e-09],
        "min": [1.06661707244e-10, 1.47282159801e-08, 5.33135704472e-08, 1.29375749225e-07, 6.19103502686e-06, 1.31150855509e-07, 2.86220183625e-05, 1.54383233166e-05, 3.03224151139e-05, 8.58015482663e-07, 1.26636368805e-05, 6.00962448516e-06, 1.72993509295e-06, 1.16796661587e-06, 1.21186917568e-06, 1.10494795535e-06, 7.97020788923e-07, 2.72875098517e-07, 5.49216224499e-07, 3.39253006132e-07, 2.61299391013e-07, 1.45660791873e-07, 3.08560970552e-07, 3.06151008544e-07, 8.60013893433e-10, 5.1120507133e-11, 1.3509194631e-11],
        "var": [6.00586063229e-05, 0.00102475669701, 9.13720796234e-05, 9.76455521595e-06, 8.00471752882e-06, 1.11460312837e-05, 5.10613836013e-06, 2.07021389542e-06, 1.20685417642e-05, 5.37840878678e-06, 5.8280871599e-05, 2.74141416412e-06, 1.42813451021e-06, 4.30919953942e-06, 7.05911179466e-06, 1.70681391864e-06, 7.65146751291e-07, 7.61923331538e-07, 3.99020080977e-07, 4.97874566463e-07, 4.76973355035e-07, 5.94135144638e-07, 2.6681348686e-07, 2.63072820417e-07, 2.24415401817e-07, 1.02560392179e-07, 3.44391128029e-13]
    },
    "erbbands": {
        "dmean": [0.45740288496, 2.31051468849, 4.17422246933, 4.4561290741, 4.45265245438, 4.47848558426, 5.40507698059, 14.1839342117, 18.2900867462, 8.47692680359, 11.9529933929, 27.5869102478, 30.865688324, 41.4981842041, 43.1916046143, 24.7688560486, 22.4987354279, 26.0986595154, 35.4946022034, 43.182674408, 19.5483474731, 18.147649765, 20.5737380981, 17.8884429932, 13.0513076782, 12.9548215866, 11.4430742264, 7.96735477448, 8.08009147644, 6.82032632828, 7.57612895966, 5.60518932343, 3.6149520874, 2.78957867622, 1.69437146187, 0.813214540482, 0.302262157202, 0.0218093544245, 0.000416375638451, 3.169637057e-05],
        "dmean2": [0.650829195976, 3.50499176979, 7.04517316818, 8.15060806274, 8.17451858521, 7.77927350998, 9.3673286438, 23.8661155701, 31.781791687, 13.5336084366, 19.7220249176, 42.3720397949, 47.9111747742, 67.2507781982, 60.6920928955, 37.7213096619, 36.6652908325, 41.7039451599, 56.5805740356, 65.5312194824, 31.1889591217, 28.4707050323, 33.159198761, 28.3582496643, 20.3475570679, 20.597951889, 18.0181884766, 12.424077034, 12.5480117798, 10.2853975296, 11.8223428726, 8.55459785461, 5.39476251602, 4.38919878006, 2.63155198097, 1.29268324375, 0.489180654287, 0.0360077694058, 0.000670223147608, 4.75538472529e-05],
        "dvar": [0.357352912426, 17.0212097168, 149.498703003, 174.935760498, 132.473907471, 113.544044495, 128.700759888, 1447.92370605, 2660.08447266, 297.845062256, 860.844421387, 4453.43798828, 2298.3371582, 6174.63671875, 13888.3037109, 2320.4050293, 2221.39892578, 2220.91625977, 4110.73974609, 8570.109375, 1415.48815918, 1111.13354492, 1356.45361328, 837.772766113, 685.675964355, 622.326843262, 794.987915039, 384.084869385, 534.212585449, 336.208587646, 161.887802124, 91.1855316162, 31.1561107635, 19.4224624634, 8.60966777802, 2.33558416367, 0.283213436604, 0.0015216289321, 5.31070838861e-07, 1.96222615934e-09],
        "dvar2": [0.781028032303, 37.944984436, 387.330108643, 500.782836914, 389.853668213, 314.163330078, 323.089294434, 3985.2121582, 7412.6484375, 694.974121094, 2047.52978516, 9919.70703125, 5126.07666016, 14735.9951172, 24313.4375, 5338.8671875, 6044.19628906, 5337.58642578, 9696.2421875, 19768.2128906, 3528.46508789, 2669.6171875, 3499.58764648, 2063.36328125, 1672.2364502, 1513.24609375, 1948.80651855, 851.902587891, 1205.49328613, 678.781555176, 372.976348877, 190.990203857, 63.2734298706, 41.461265564, 18.4325904846, 5.25098323822, 0.66696113348, 0.00370027031749, 1.24449070427e-06, 4.12758627277e-09],
        "max": [5.30229043961, 32.6635055542, 89.1945800781, 87.7974243164, 75.8638305664, 100.773231506, 155.419906616, 378.206481934, 534.073486328, 245.428573608, 581.936584473, 904.812194824, 628.395935059, 1384.19750977, 3138.35742188, 755.447692871, 869.753540039, 685.565246582, 820.908752441, 1469.31640625, 437.975830078, 522.162780762, 487.162811279, 318.239776611, 333.058410645, 330.450286865, 418.4503479, 237.956817627, 284.209228516, 236.357940674, 165.112838745, 109.209571838, 65.734992981, 46.4376449585, 43.3390426636, 18.6335220337, 5.5660572052, 0.337371021509, 0.00633374135941, 0.000632464943919],
        "mean": [2.3223721981, 7.9071931839, 5.36482572556, 4.15101623535, 4.18994569778, 5.90226364136, 8.22928905487, 18.7368068695, 23.7886924744, 14.4955787659, 18.4820804596, 44.1509857178, 55.480266571, 78.5715103149, 112.647171021, 43.7788391113, 35.2117271423, 48.765296936, 65.9660873413, 70.3763427734, 35.2907791138, 32.6645011902, 36.6991386414, 33.7706604004, 24.7114772797, 24.4847774506, 19.9599094391, 13.7859315872, 12.9098167419, 11.0781297684, 13.4940576553, 10.5177593231, 6.32371139526, 4.38944530487, 2.3699388504, 0.967362940311, 0.347781211138, 0.0235852189362, 0.000526647025254, 0.000127363891806],
        "median": [2.68096923828, 5.03886365891, 1.80150902271, 1.2964258194, 1.80352401733, 2.77399706841, 4.60973453522, 8.75019741058, 9.88837814331, 8.98678874969, 10.0432367325, 14.8991794586, 28.2270526886, 35.601360321, 23.2201766968, 16.7488307953, 17.9505214691, 23.5064163208, 31.1059322357, 28.1016483307, 17.7160835266, 16.9279842377, 20.0047893524, 20.4522380829, 14.3207921982, 12.6195268631, 9.66596317291, 6.15726184845, 6.9083981514, 5.93539190292, 7.60646247864, 6.67261457443, 4.3088927269, 2.6992058754, 1.16311001778, 0.427174389362, 0.123468734324, 0.00667726946995, 0.000211867576581, 0.000123783727759],
        "min": [5.16925922511e-07, 5.64460060559e-06, 7.40279938327e-05, 0.000689900422003, 0.00966695137322, 0.0232187062502, 0.0121812773868, 0.0168955437839, 0.285771906376, 0.660729050636, 0.554250717163, 0.787610590458, 0.177952811122, 0.381768852472, 1.02617430687, 0.305248737335, 0.220386594534, 0.0871012657881, 0.0455190911889, 0.0838430002332, 0.0416004285216, 0.0422080755234, 0.0259290225804, 0.039137955755, 0.012569854036, 0.0156546980143, 0.0119566088542, 0.0105742886662, 0.00430017104372, 0.00459683360532, 0.0118670798838, 0.00867342110723, 0.00360056618229, 0.00283745513298, 0.00138085603248, 0.000127304112539, 4.38821043645e-05, 4.11061228078e-06, 4.94344362778e-07, 7.40503367069e-07],
        "var": [2.08595871925, 56.3084411621, 129.06401062, 122.043395996, 81.7408370972, 103.337333679, 150.584060669, 1172.35473633, 2212.66674805, 425.753570557, 1020.90081787, 8711.15136719, 5494.04589844, 17242.2207031, 111498.960938, 5536.58154297, 2748.65332031, 5018.66699219, 9025.07910156, 14609.4667969, 2504.97363281, 2318.78295898, 2407.8034668, 1534.15722656, 1036.48266602, 1125.23596191, 1074.93664551, 574.757873535, 648.602355957, 460.566864014, 263.974060059, 154.719573975, 55.6693000793, 30.9004859924, 13.6586990356, 2.89372491837, 0.365444093943, 0.00181067921221, 6.92555659043e-07, 5.07200237365e-09]
    },
    "gfcc": {
        "mean": [61.2759742737, 64.8384857178, -110.094017029, 35.0916557312, -54.5626754761, 35.2495040894, -32.9044723511, 26.3134479523, -19.0760879517, 11.6093454361, -9.43657302856, 7.03817558289, -3.86870455742],
        "cov": [[2681.27148438, -188.33531189, 466.349975586, 703.803894043, 505.767944336, 285.67401123, 223.497558594, 263.360687256, 278.588165283, 329.538085938, 78.3062744141, 256.138641357, 69.4112472534], [-188.33531189, 712.066162109, 9.0905046463, 256.949829102, 173.234802246, 31.8636264801, 170.496658325, 33.1281471252, 179.176254272, 6.76309680939, 158.159744263, -45.8327827454, 132.352203369], [466.349975586, 9.0905046463, 556.792236328, 276.318634033, 138.086578369, 45.6434593201, 17.4490261078, 88.5007400513, 81.0586929321, 127.067123413, 11.9169578552, 91.5950546265, -20.4996166229], [703.803894043, 256.949829102, 276.318634033, 635.29699707, 282.34664917, 127.904884338, 196.884658813, 126.716514587, 257.440643311, 120.827789307, 136.581832886, 70.5560684204, 90.8546066284], [505.767944336, 173.234802246, 138.086578369, 282.34664917, 345.035339355, 109.537902832, 134.081283569, 107.538238525, 166.997009277, 99.4636077881, 63.0986709595, 75.9707870483, 69.8769378662], [285.67401123, 31.8636264801, 45.6434593201, 127.904884338, 109.537902832, 191.838912964, 95.2214279175, 29.9627418518, 60.4736404419, 19.996219635, 53.5933876038, 7.51708507538, 13.2847299576], [223.497558594, 170.496658325, 17.4490261078, 196.884658813, 134.081283569, 95.2214279175, 228.679733276, 71.3091964722, 116.858032227, 60.6894340515, 92.3814849854, 32.4477272034, 42.9151039124], [263.360687256, 33.1281471252, 88.5007400513, 126.716514587, 107.538238525, 29.9627418518, 71.3091964722, 152.118759155, 102.535858154, 81.3068008423, 43.0935821533, 37.4397239685, 43.8018341064], [278.588165283, 179.176254272, 81.0586929321, 257.440643311, 166.997009277, 60.4736404419, 116.858032227, 102.535858154, 275.448883057, 111.91002655, 97.0045318604, 49.6204032898, 71.7424926758], [329.538085938, 6.76309680939, 127.067123413, 120.827789307, 99.4636077881, 19.996219635, 60.6894340515, 81.3068008423, 111.91002655, 166.798522949, 57.0296897888, 50.0141601562, 22.9125499725], [78.3062744141, 158.159744263, 11.9169578552, 136.581832886, 63.0986709595, 53.5933876038, 92.3814849854, 43.0935821533, 97.0045318604, 57.0296897888, 147.982666016, 24.1916294098, 40.684513092], [256.138641357, -45.8327827454, 91.5950546265, 70.5560684204, 75.9707870483, 7.51708507538, 32.4477272034, 37.4397239685, 49.6204032898, 50.0141601562, 24.1916294098, 125.764549255, 23.8498420715], [69.4112472534, 132.352203369, -20.4996166229, 90.8546066284, 69.8769378662, 13.2847299576, 42.9151039124, 43.8018341064, 71.7424926758, 22.9125499725, 40.684513092, 23.8498420715, 109.945793152]],
        "icov": [[0.00100468331948, 0.000265226582997, 0.000355424039299, -0.00109699007589, -0.000339063175488, -0.00106651009992, 0.000359133788152, -0.000493898114655, 0.000620859384071, -0.00143759057391, 0.000890757713933, -0.00115947739687, 0.000236530831899], [0.000265226582997, 0.00463104248047, -0.00166878593154, 0.000547002593521, -0.00250903121196, 0.00266563938931, -0.00256887171417, 0.00229951413348, -0.0015633595176, 0.00283109862357, -0.00406810548156, 0.00445625185966, -0.00417746184394], [0.000355424039299, -0.00166878593154, 0.00445151422173, -0.00279787229374, 0.000875216792338, -0.0020775727462, 0.00270048785023, -0.00215398077853, 0.0018212350551, -0.00378452730365, 0.00301742041484, -0.00397355202585, 0.00377103686333], [-0.00109699007589, 0.000547002593521, -0.00279787229374, 0.00585991563275, -0.00149550219066, 0.00171769608278, -0.00251318910159, 0.00147343426943, -0.0030647451058, 0.00346713396721, -0.00320500461385, 0.00309653417207, -0.00240153586492], [-0.000339063175488, -0.00250903121196, 0.000875216792338, -0.00149550219066, 0.00786113273352, -0.00332881114446, 0.000474026572192, -0.00224135280587, -0.000204482945264, -0.00228074728511, 0.0038172272034, -0.00392433209345, 0.00079483690206], [-0.00106651009992, 0.00266563938931, -0.0020775727462, 0.00171769608278, -0.00332881114446, 0.0107840728015, -0.0042531453073, 0.00251327129081, -0.00172578950878, 0.00497437827289, -0.00541107915342, 0.00552707631141, -0.00197806209326], [0.000359133788152, -0.00256887171417, 0.00270048785023, -0.00251318910159, 0.000474026572192, -0.0042531453073, 0.010253181681, -0.00318645779043, 0.0012050808873, -0.003097954439, 0.000637875404209, -0.0039660865441, 0.00340951466933], [-0.000493898114655, 0.00229951413348, -0.00215398077853, 0.00147343426943, -0.00224135280587, 0.00251327129081, -0.00318645779043, 0.0127508956939, -0.0027332555037, -0.000261634559138, -0.0024012287613, 0.00336968363263, -0.00479518854991], [0.000620859384071, -0.0015633595176, 0.0018212350551, -0.0030647451058, -0.000204482945264, -0.00172578950878, 0.0012050808873, -0.0027332555037, 0.00946187600493, -0.00498685520142, 0.000812765792944, -0.00270745623857, 0.000470862840302], [-0.00143759057391, 0.00283109862357, -0.00378452730365, 0.00346713396721, -0.00228074728511, 0.00497437827289, -0.003097954439, -0.000261634559138, -0.00498685520142, 0.0158822815865, -0.00686983764172, 0.00414152536541, -0.00232131755911], [0.000890757713933, -0.00406810548156, 0.00301742041484, -0.00320500461385, 0.0038172272034, -0.00541107915342, 0.000637875404209, -0.0024012287613, 0.000812765792944, -0.00686983764172, 0.0163984149694, -0.0063833380118, 0.00269921729341], [-0.00115947739687, 0.00445625185966, -0.00397355202585, 0.00309653417207, -0.00392433209345, 0.00552707631141, -0.0039660865441, 0.00336968363263, -0.00270745623857, 0.00414152536541, -0.0063833380118, 0.0170020349324, -0.00632265582681], [0.000236530831899, -0.00417746184394, 0.00377103686333, -0.00240153586492, 0.00079483690206, -0.00197806209326, 0.00340951466933, -0.00479518854991, 0.000470862840302, -0.00232131755911, 0.00269921729341, -0.00632265582681, 0.0175251252949]]
    },
    "melbands": {
        "dmean": [0.00347230187617, 0.00227069016546, 0.000754949054681, 0.00032285877387, 0.000186513410881, 0.000322238192894, 0.000253188220086, 9.42247643252e-05, 0.000101740944956, 0.000183480879059, 0.00015685321705, 0.000160936077009, 0.000159398667165, 7.29926032363e-05, 6.74701077514e-05, 5.27502415935e-05, 5.60998887522e-05, 6.00899002166e-05, 8.20867790026e-05, 4.10079810536e-05, 2.3670401788e-05, 2.3078344384e-05, 1.76648100023e-05, 1.72582804225e-05, 1.59645187523e-05, 1.05282388176e-05, 1.09529892143e-05, 8.73589851835e-06, 7.50812296246e-06, 6.6258166953e-06, 4.50551033282e-06, 4.95803988088e-06, 4.69318183605e-06, 3.59833234143e-06, 4.67116751679e-06, 4.05710079576e-06, 3.52460983777e-06, 2.9027785331e-06, 2.38839766098e-06, 2.62919002125e-06],
        "dmean2": [0.00522007700056, 0.00359489978291, 0.00138222600799, 0.000579074199777, 0.000317892176099, 0.000545417307876, 0.000438284449046, 0.000150303909322, 0.000169528982951, 0.000285402900772, 0.000243171918555, 0.000261023640633, 0.000238358668867, 0.000105447885289, 0.000107236905023, 8.70818694239e-05, 8.93043034011e-05, 9.65220533544e-05, 0.000127778039314, 6.30625218037e-05, 3.92894762626e-05, 3.71505411749e-05, 2.78138504655e-05, 2.81537068076e-05, 2.55675586232e-05, 1.66095105669e-05, 1.77162946784e-05, 1.40128868225e-05, 1.20019985843e-05, 1.03682623376e-05, 7.11282064003e-06, 7.75548232923e-06, 7.26824055164e-06, 5.58621695745e-06, 7.39248889658e-06, 6.47023762212e-06, 5.42278530702e-06, 4.42860437033e-06, 3.75208651349e-06, 4.19618345404e-06],
        "dvar": [2.28108037845e-05, 2.68547591986e-05, 4.64212325824e-06, 6.1483956415e-07, 1.55601497909e-07, 7.48038416987e-07, 4.93360403198e-07, 4.3535834493e-08, 5.51972050289e-08, 1.96903741312e-07, 5.96792233409e-08, 8.73990799732e-08, 1.30346052174e-07, 2.58829047084e-08, 3.0860125122e-08, 9.90903981091e-09, 1.17728138349e-08, 1.38259803606e-08, 4.61056757217e-08, 8.07148214932e-09, 2.34212560457e-09, 1.86232151922e-09, 1.01719166423e-09, 1.02486907849e-09, 6.64012511642e-10, 3.92071680677e-10, 4.97966223811e-10, 2.58140647746e-10, 4.06208094939e-10, 1.70790673271e-10, 1.46301235016e-10, 1.81037254632e-10, 2.0428048142e-10, 6.89940812815e-11, 6.34735666805e-11, 4.09503403409e-11, 3.60298388347e-11, 2.04071620713e-11, 1.37188455041e-11, 1.70654844422e-11],
        "dvar2": [5.2496427088e-05, 6.50038564345e-05, 1.32339564516e-05, 1.77801052814e-06, 4.016983155e-07, 2.07395464713e-06, 1.37561687552e-06, 9.8929930914e-08, 1.30536662368e-07, 4.38474557996e-07, 1.33354717491e-07, 2.07994929724e-07, 2.53450082255e-07, 4.57064714965e-08, 7.57734852641e-08, 2.53824143925e-08, 2.82320655742e-08, 3.27342455364e-08, 1.07609707811e-07, 1.94338642956e-08, 5.97768945454e-09, 4.62271554369e-09, 2.33346919565e-09, 2.72056577266e-09, 1.67122826689e-09, 9.53216949817e-10, 1.3013826683e-09, 6.12762118823e-10, 1.01894148674e-09, 3.77669229223e-10, 3.36489502928e-10, 4.09921568911e-10, 4.63994870303e-10, 1.36166231068e-10, 1.53072290954e-10, 9.0837129485e-11, 7.60010318568e-11, 4.4901853069e-11, 2.95340141232e-11, 3.90394591654e-11],
        "max": [0.0387955121696, 0.0398712195456, 0.0144968815148, 0.00678648846224, 0.00546149304137, 0.00905600562692, 0.00715538812801, 0.00323513592593, 0.0046210642904, 0.00592948077247, 0.00313445576467, 0.00519306631759, 0.0083384141326, 0.00384779111482, 0.00240095728077, 0.00139448756818, 0.0014838980278, 0.00159381562844, 0.00430942839012, 0.00173608004116, 0.000531011261046, 0.000679670949467, 0.000381501595257, 0.000427664199378, 0.000298462575302, 0.000235326995607, 0.000281904736767, 0.000189744489035, 0.000332185562002, 0.000173613516381, 0.000150336360093, 0.000180522009032, 0.000183697600733, 0.0001037439215, 9.74371796474e-05, 7.64998912928e-05, 7.25363352103e-05, 5.44114263903e-05, 4.72543979413e-05, 3.82801372325e-05],
        "mean": [0.0172246005386, 0.00535466615111, 0.000716833572369, 0.000358730379958, 0.000284550595097, 0.000432475208072, 0.00033695352613, 0.000153084256453, 0.000150751438923, 0.000293047283776, 0.000271528726444, 0.000295262521831, 0.000388061540434, 0.000155152578373, 9.77661184152e-05, 7.47145313653e-05, 9.66957813944e-05, 0.000104038073914, 0.000121558383398, 6.43640596536e-05, 3.72323956981e-05, 3.68467008229e-05, 3.0288932976e-05, 2.98225968436e-05, 2.76091523119e-05, 1.79399812623e-05, 1.83522261068e-05, 1.54351419042e-05, 1.20461127153e-05, 1.12842863018e-05, 6.93075435265e-06, 7.5299258242e-06, 6.95950484442e-06, 5.4859856391e-06, 7.65211188991e-06, 7.5246043707e-06, 6.04885462963e-06, 4.62666776002e-06, 3.67347229258e-06, 3.75192985302e-06],
        "median": [0.0193142499775, 0.00258920877241, 0.000241300163907, 0.000188391917618, 0.000161161413416, 0.000204133393709, 0.00014987483155, 9.21139871934e-05, 7.56584777264e-05, 9.19064841582e-05, 0.000125679580378, 0.000125066668261, 8.15969106043e-05, 3.98129013774e-05, 3.31173141603e-05, 3.61625607184e-05, 4.09274325648e-05, 4.34433277405e-05, 4.14215137425e-05, 2.45291848842e-05, 1.69800296135e-05, 1.76902085514e-05, 1.54034041771e-05, 1.71456540556e-05, 1.5593952412e-05, 9.63347247307e-06, 9.34748277359e-06, 7.34644936529e-06, 5.48913885723e-06, 4.76171408081e-06, 2.84161706077e-06, 3.74981368623e-06, 3.54406643055e-06, 2.85799842459e-06, 4.13166617363e-06, 4.73509635412e-06, 3.71762598661e-06, 2.95303743769e-06, 2.18497257265e-06, 2.07014386433e-06],
        "min": [5.01156272037e-09, 2.3623021761e-08, 9.73397717985e-08, 1.17360752938e-06, 1.12300585897e-06, 3.84276077625e-08, 4.74687749374e-06, 5.58235706194e-06, 4.84985002913e-06, 3.415565061e-06, 4.59401519493e-07, 7.02630472915e-07, 1.66000302215e-06, 1.43935312735e-06, 2.40854802769e-07, 1.99896547315e-07, 1.18509611013e-07, 4.94243472815e-08, 1.03342493674e-07, 1.17577990011e-07, 3.53501512507e-08, 3.19796100712e-08, 4.04035382928e-08, 1.84322530572e-08, 3.48337216849e-08, 9.68845714766e-09, 6.65016264279e-09, 1.2144219852e-08, 8.51506687383e-09, 5.42661870995e-09, 5.25774446203e-09, 2.01335392802e-09, 2.51833176534e-09, 1.01984063555e-11, 5.91767523872e-09, 6.13928907711e-09, 4.5618522293e-09, 1.34968858312e-09, 1.3711534512e-11, 7.9130469538e-12],
