{
"highlevel": {
    "danceability": {
        "all": {
            "danceable": 0.894697785378,
            "not_danceable": 0.105302207172
        },
        "probability": 0.894697785378,
        "value": "danceable"
    },
    "gender": {
        "all": {
            "female": 0.793188869953,
            "male": 0.206811130047
        },
        "probability": 0.793188869953,
        "value": "female"
    },
    "genre_dortmund": {
        "all": {
            "alternative": 0.0473458729684,
            "blues": 0.263243883848,
            "electronic": 0.0247857738286,
            "folkcountry": 0.0265419073403,
            "funksoulrnb": 0.102533742785,
            "jazz": 0.138364478946,
            "pop": 0.0288833100349,
            "raphiphop": 0.111305460334,
            "rock": 0.256995588541
        },
        "probability": 0.263243883848,
        "value": "blues"
    },
    "genre_electronic": {
        "all": {
            "ambient": 0.715989410877,
            "dnb": 0.130257859826,
            "house": 0.108293242753,
            "techno": 0.010962751694,
            "trance": 0.0344967395067
        },
        "probability": 0.715989410877,
        "value": "ambient"
    },
    "genre_rosamerica": {
        "all": {
            "cla": 0.0113179963082,
            "dan": 0.00706648128107,
            "hip": 0.0947873517871,
            "jaz": 0.0579471364617,
            "pop": 0.194654136896,
            "rhy": 0.593757450581,
            "roc": 0.0309002343565,
            "spe": 0.00956918485463
        },
        "probability": 0.593757450581,
        "value": "rhy"
    },
    "genre_tzanetakis": {
        "all": {
            "blu": 0.0626613423228,
            "cla": 0.0348169617355,
            "cou": 0.104475811124,
            "dis": 0.0784321576357,
            "hip": 0.15692435205,
            "jaz": 0.313974827528,
            "met": 0.0448166541755,
            "pop": 0.0627359300852,
            "reg": 0.0627360641956,
            "roc": 0.0784258767962
        },
        "probability": 0.313974827528,
        "value": "jaz"
    },
    "ismir04_rhythm": {
        "all": {
            "ChaChaCha": 0.0120406933129,
            "Jive": 0.00999737065285,
            "Quickstep": 0.713418543339,
            "Rumba-American": 0.0120768593624,
            "Rumba-International": 0.0168687179685,
            "Rumba-Misc": 0.0174040794373,
            "Samba": 0.154249966145,
            "Tango": 0.01366298832,
            "VienneseWaltz": 0.0307161416858,
            "Waltz": 0.0195646490902
        },
        "probability": 0.713418543339,
        "value": "Quickstep"
    },
    "mood_acoustic": {
        "all": {
            "acoustic": 0.624484658241,
            "not_acoustic": 0.375515311956
        },
        "probability": 0.624484658241,
        "value": "acoustic"
    },
    "mood_aggressive": {
        "all": {
            "aggressive": 0.106725670397,
            "not_aggressive": 0.893274307251
        },
        "probability": 0.893274307251,
        "value": "not_aggressive"
    },
    "mood_electronic": {
        "all": {
            "electronic": 0.125856503844,
            "not_electronic": 0.874143481255
        },
        "probability": 0.874143481255,
        "value": "not_electronic"
    },
    "mood_happy": {
        "all": {
            "happy": 0.545096516609,
            "not_happy": 0.454903453588
        },
        "probability": 0.545096516609,
        "value": "happy"
    },
    "mood_party": {
        "all": {
            "not_party": 0.947589099407,
            "party": 0.0524108968675
        },
        "probability": 0.947589099407,
        "value": "not_party"
    },
    "mood_relaxed": {
        "all": {
            "not_relaxed": 0.594955921173,
            "relaxed": 0.405044078827
        },
        "probability": 0.594955921173,
        "value": "not_relaxed"
    },
    "mood_sad": {
        "all": {
            "not_sad": 0.690081655979,
            "sad": 0.309918344021
        },
        "probability": 0.690081655979,
        "value": "not_sad"
    },
    "moods_mirex": {
        "all": {
            "Cluster1": 0.221036344767,
            "Cluster2": 0.186297595501,
            "Cluster3": 0.109418228269,
            "Cluster4": 0.0553263612092,
            "Cluster5": 0.42792147398
        },
        "probability": 0.42792147398,
        "value": "Cluster5"
    },
    "timbre": {
        "all": {
            "bright": 0.758621513844,
            "dark": 0.241378501058
        },
        "probability": 0.758621513844,
        "value": "bright"
    },
    "tonal_atonal": {
        "all": {
            "atonal": 0.105682685971,
            "tonal": 0.89431732893
        },
        "probability": 0.89431732893,
        "value": "tonal"
    },
    "voice_instrumental": {
        "all": {
            "instrumental": 0.00132393464446,
            "voice": 0.99867606163
        },
        "probability": 0.99867606163,
        "value": "voice"
    }
},
"lowlevel": {
    "average_loudness": 0.94283914566,
    "barkbands_crest": {
        "dmean": 2.5731844902,
        "dmean2": 4.14658546448,
        "dvar": 5.78474378586,
        "dvar2": 14.2539081573,
        "max": 25.3041725159,
        "mean": 10.785984993,
        "median": 10.305513382,
        "min": 2.93713188171,
        "var": 15.0964279175
    },
    "barkbands_flatness_db": {
        "dmean": 0.0250944811851,
        "dmean2": 0.0359791181982,
        "dvar": 0.000609169132076,
        "dvar2": 0.0012772846967,
        "max": 0.390621125698,
        "mean": 0.185698956251,
        "median": 0.185297191143,
        "min": 0.0630201548338,
        "var": 0.00240262947045
    },
    "barkbands_kurtosis": {
        "dmean": 3.60414481163,
        "dmean2": 5.4503235817,
        "dvar": 57.9066543579,
        "dvar2": 140.975357056,
        "max": 176.207794189,
        "mean": 5.00069570541,
        "median": 1.80379676819,
        "min": -1.77881109715,
        "var": 107.688011169
    },
    "barkbands_skewness": {
        "dmean": 0.630779623985,
        "dmean2": 0.907454371452,
        "dvar": 0.467698842287,
        "dvar2": 0.99961400032,
        "max": 10.9157114029,
        "mean": 1.27290678024,
        "median": 1.13675403595,
        "min": -3.61102318764,
        "var": 2.29922056198
    },
    "barkbands_spread": {
        "dmean": 4.50627279282,
        "dmean2": 6.76928758621,
        "dvar": 26.3582191467,
        "dvar2": 58.0851860046,
        "max": 71.46484375,
        "mean": 16.1977863312,
        "median": 15.0559406281,
        "min": 0.938840329647,
        "var": 79.6011123657
    },
    "dissonance": {
        "dmean": 0.0299956202507,
        "dmean2": 0.0502000525594,
        "dvar": 0.000988552928902,
        "dvar2": 0.00254799518734,
        "max": 0.499999940395,
        "mean": 0.44037592411,
        "median": 0.45392113924,
        "min": 0.218245998025,
        "var": 0.00213322415948
    },
    "dynamic_complexity": 3.96782708168,
    "erbbands_crest": {
        "dmean": 3.25482797623,
        "dmean2": 5.06633043289,
        "dvar": 10.0811214447,
        "dvar2": 23.9135417938,
        "max": 31.4040126801,
        "mean": 11.8472261429,
        "median": 10.0902147293,
        "min": 2.96645379066,
        "var": 37.5657234192
    },
    "erbbands_flatness_db": {
        "dmean": 0.0248721092939,
        "dmean2": 0.0321111269295,
        "dvar": 0.000588262802921,
        "dvar2": 0.00100569636561,
        "max": 0.372480243444,
        "mean": 0.195906937122,
        "median": 0.190693214536,
        "min": 0.0847545415163,
        "var": 0.00295673054643
    },
    "erbbands_kurtosis": {
        "dmean": 1.764783144,
        "dmean2": 2.79333901405,
        "dvar": 8.62437915802,
        "dvar2": 22.1812591553,
        "max": 54.9628829956,
        "mean": 2.16050338745,
        "median": 0.780292510986,
        "min": -1.75357246399,
        "var": 17.422580719
    },
    "erbbands_skewness": {
        "dmean": 0.460445433855,
        "dmean2": 0.689534127712,
        "dvar": 0.192274317145,
        "dvar2": 0.423891723156,
        "max": 3.7455163002,
        "mean": 0.311321258545,
        "median": 0.255149692297,
        "min": -2.94426035881,
        "var": 0.855955719948
    },
    "erbbands_spread": {
        "dmean": 8.27379989624,
        "dmean2": 11.9176015854,
        "dvar": 112.243965149,
        "dvar2": 217.637466431,
        "max": 158.470672607,
        "mean": 28.3831577301,
        "median": 26.2435417175,
        "min": 1.20612323284,
        "var": 365.802001953
    },
    "hfc": {
        "dmean": 5.34364509583,
        "dmean2": 7.45988607407,
        "dvar": 49.1257858276,
        "dvar2": 87.4422683716,
        "max": 95.8977127075,
        "mean": 19.4520606995,
        "median": 12.3065538406,
        "min": 0.011899211444,
        "var": 322.489654541
    },
    "melbands_crest": {
        "dmean": 3.1707918644,
        "dmean2": 5.15263795853,
        "dvar": 8.77658653259,
        "dvar2": 22.9965820312,
        "max": 31.8744449615,
        "mean": 14.5735635757,
        "median": 13.960436821,
        "min": 4.31659698486,
        "var": 25.3483657837
    },
    "melbands_flatness_db": {
        "dmean": 0.0305373668671,
        "dmean2": 0.0424673855305,
        "dvar": 0.000939499470405,
        "dvar2": 0.00194813590497,
        "max": 0.504316151142,
        "mean": 0.243502467871,
        "median": 0.242816373706,
        "min": 0.0754398852587,
        "var": 0.0040838108398
    },
    "melbands_kurtosis": {
        "dmean": 8.1640920639,
        "dmean2": 12.1967077255,
        "dvar": 426.916900635,
        "dvar2": 1107.90881348,
        "max": 445.82409668,
        "mean": 13.0053777695,
        "median": 4.95168447495,
        "min": -1.73724651337,
        "var": 672.272155762
    },
    "melbands_skewness": {
        "dmean": 0.805283665657,
        "dmean2": 1.14858460426,
        "dvar": 0.889248490334,
        "dvar2": 1.93736803532,
        "max": 17.7701892853,
        "mean": 2.1802482605,
        "median": 1.9645704031,
        "min": -3.1755361557,
        "var": 4.02396059036
    },
    "melbands_spread": {
        "dmean": 5.81808328629,
        "dmean2": 8.77451038361,
        "dvar": 49.0184020996,
        "dvar2": 113.195755005,
        "max": 89.952003479,
        "mean": 19.7800102234,
        "median": 17.3166770935,
        "min": 0.753598332405,
        "var": 168.272201538
    },
    "pitch_salience": {
        "dmean": 0.0664112269878,
        "dmean2": 0.105668760836,
        "dvar": 0.00355112599209,
        "dvar2": 0.00875227805227,
        "max": 0.819199860096,
        "mean": 0.515471935272,
        "median": 0.516460001469,
        "min": 0.16024337709,
        "var": 0.0101138912141
    },
    "silence_rate_20dB": {
        "dmean": 0,
        "dmean2": 0,
        "dvar": 0,
        "dvar2": 0,
        "max": 1,
        "mean": 1,
        "median": 1,
        "min": 1,
        "var": 0
    },
    "silence_rate_30dB": {
        "dmean": 0.0030959751457,
        "dmean2": 0.00619674660265,
        "dvar": 0.00308637251146,
        "dvar2": 0.00925680063665,
        "max": 1,
        "mean": 0.998453199863,
        "median": 1,
        "min": 0,
        "var": 0.00154439476319
    },
    "silence_rate_60dB": {
        "dmean": 0.0201238393784,
        "dmean2": 0.0402788519859,
        "dvar": 0.0197188928723,
        "dvar2": 0.0402056500316,
        "max": 1,
        "mean": 0.0680587813258,
        "median": 0,
        "min": 0,
        "var": 0.0634261071682
    },
    "spectral_centroid": {
        "dmean": 194.411941528,
        "dmean2": 289.414337158,
        "dvar": 49249.703125,
        "dvar2": 106468.0625,
        "max": 3366.25830078,
        "mean": 1012.5456543,
        "median": 953.629699707,
        "min": 190.52784729,
        "var": 206378.296875
    },
    "spectral_complexity": {
        "dmean": 2.91950464249,
        "dmean2": 4.22695589066,
        "dvar": 9.37123966217,
        "dvar2": 16.6773948669,
        "max": 42,
        "mean": 14.5630321503,
        "median": 15,
        "min": 0,
        "var": 47.6026077271
    },
    "spectral_decrease": {
        "dmean": 2.4682949018e-09,
        "dmean2": 3.61557228601e-09,
        "dvar": 9.67966835528e-18,
        "dvar2": 2.03377854961e-17,
        "max": -3.03413132292e-12,
        "mean": -8.14216338796e-09,
        "median": -7.00288405042e-09,
        "min": -3.00978797441e-08,
        "var": 3.29054465994e-17
    },
    "spectral_energy": {
        "dmean": 0.00967219751328,
        "dmean2": 0.0141211878508,
        "dvar": 0.000145826954395,
        "dvar2": 0.00030345810228,
        "max": 0.116979219019,
        "mean": 0.0324947312474,
        "median": 0.0280775558203,
        "min": 1.25307951748e-05,
        "var": 0.000520280271303
    },
    "spectral_energyband_high": {
        "dmean": 0.000156577560119,
        "dmean2": 0.000216120461118,
        "dvar": 8.52892867442e-08,
        "dvar2": 1.72502879536e-07,
        "max": 0.0031525590457,
        "mean": 0.00023545367003,
        "median": 0.000112514193461,
        "min": 3.20674899967e-07,
        "var": 1.35123300993e-07
    },
    "spectral_energyband_low": {
        "dmean": 0.00565187865868,
        "dmean2": 0.00859385542572,
        "dvar": 6.40361613478e-05,
        "dvar2": 0.000143901488627,
        "max": 0.0759463235736,
        "mean": 0.0123546998948,
        "median": 0.00843143742532,
        "min": 1.15296757031e-06,
        "var": 0.000148169361637
    },
    "spectral_energyband_middle_high": {
        "dmean": 0.00272242212668,
        "dmean2": 0.00380065105855,
        "dvar": 2.03817799047e-05,
        "dvar2": 3.47705317836e-05,
        "max": 0.0627470761538,
        "mean": 0.00867947842926,
        "median": 0.0034293634817,
        "min": 2.84418911178e-06,
        "var": 0.000134357163915
    },
    "spectral_energyband_middle_low": {
        "dmean": 0.00604407442734,
        "dmean2": 0.00935379136354,
        "dvar": 9.37614968279e-05,
        "dvar2": 0.000223584749619,
        "max": 0.09231839329,
        "mean": 0.0125059625134,
        "median": 0.00777635583654,
        "min": 4.23736037192e-06,
        "var": 0.000198351393919
    },
    "spectral_entropy": {
        "dmean": 0.230762675405,
        "dmean2": 0.315265715122,
        "dvar": 0.0612002760172,
        "dvar2": 0.119710296392,
        "max": 8.32616519928,
        "mean": 7.18707704544,
        "median": 7.20889663696,
        "min": 5.41165161133,
        "var": 0.194334611297
    },
    "spectral_flux": {
        "dmean": 0.0315845794976,
        "dmean2": 0.050228536129,
        "dvar": 0.00114218448289,
        "dvar2": 0.0028475318104,
        "max": 0.285061955452,
        "mean": 0.0888485983014,
        "median": 0.0791707709432,
        "min": 0.0020756770391,
        "var": 0.00316941388883
    },
    "spectral_kurtosis": {
        "dmean": 3.23794722557,
        "dmean2": 5.21180868149,
        "dvar": 16.2361354828,
        "dvar2": 40.2149887085,
        "max": 61.357925415,
        "mean": 6.63723087311,
        "median": 5.27295589447,
        "min": -0.340080499649,
        "var": 25.3167266846
    },
    "spectral_rms": {
        "dmean": 0.00083483371418,
        "dmean2": 0.0011812816374,
        "dvar": 9.42903398027e-07,
        "dvar2": 1.81237214747e-06,
        "max": 0.01068298053,
        "mean": 0.00520240049809,
        "median": 0.00523380702361,
        "min": 0.000110567474621,
        "var": 4.63723790745e-06
    },
    "spectral_rolloff": {
        "dmean": 270.714508057,
        "dmean2": 445.225250244,
        "dvar": 224100.953125,
        "dvar2": 481040.25,
        "max": 5706.29882812,
        "mean": 1003.33380127,
        "median": 925.927734375,
        "min": 86.1328125,
        "var": 481785.71875
    },
    "spectral_skewness": {
        "dmean": 0.350540906191,
        "dmean2": 0.541363060474,
        "dvar": 0.135925322771,
        "dvar2": 0.303192585707,
        "max": 6.198346138,
        "mean": 1.85513699055,
        "median": 1.76317405701,
        "min": 0.577244639397,
        "var": 0.371971964836
    },
    "spectral_spread": {
        "dmean": 670435,
        "dmean2": 888734.9375,
        "dvar": 812117852160,
        "dvar2": 1.19335773798e+12,
        "max": 20252332,
        "mean": 3705622.75,
        "median": 3378840.25,
        "min": 1544357.75,
        "var": 2.08546326118e+12
    },
    "spectral_strongpeak": {
        "dmean": 0.755799770355,
        "dmean2": 1.2517901659,
        "dvar": 1.66870820522,
        "dvar2": 3.91718006134,
        "max": 13.5955066681,
        "mean": 1.58907663822,
        "median": 0.460277795792,
        "min": 0,
        "var": 4.9398932457
    },
    "zerocrossingrate": {
        "dmean": 0.00743646314368,
        "dmean2": 0.00862188916653,
        "dvar": 6.34903990431e-05,
        "dvar2": 8.58814601088e-05,
        "max": 0.12890625,
        "mean": 0.0423237495124,
        "median": 0.0390625,
        "min": 0.0048828125,
        "var": 0.000357872981112
    },
    "barkbands": {
        "dmean": [0.00034558394691, 0.00389976217411, 0.00200444250368, 0.00241844472475, 0.00190398783889, 0.000685190432705, 0.000322274456266, 0.000624488049652, 0.00183361512609, 0.000680420838762, 0.000878634862602, 0.000865231559146, 0.000903910549823, 0.000740894232877, 0.000470691331429, 0.000194173131604, 0.000124140336993, 0.000117159142974, 4.98613662785e-05, 4.75869383081e-05, 3.55514639523e-05, 4.71024941362e-05, 2.43898011831e-05, 3.56446980732e-05, 1.23327808979e-05, 2.90201865027e-06, 5.23049692447e-09],
        "dmean2": [0.000584314693697, 0.00613789865747, 0.00305436295457, 0.00410046661273, 0.00312133994885, 0.00108289520722, 0.000513877195772, 0.000957296404522, 0.00255327764899, 0.000974561728071, 0.00122427882161, 0.00120490090922, 0.0013087852858, 0.00106096093077, 0.000761121104006, 0.000296036771033, 0.000197440240299, 0.000178223417606, 7.61917981436e-05, 7.07910585334e-05, 5.1027371228e-05, 7.14127454557e-05, 3.46870656358e-05, 5.15062783961e-05, 1.78242444235e-05, 4.22132643507e-06, 6.28173246753e-09],
        "dvar": [6.32096714526e-07, 3.86728424928e-05, 1.18132502394e-05, 3.16836012644e-05, 1.34142128445e-05, 8.92103855676e-07, 5.51377979718e-07, 3.24475058733e-06, 2.31313333643e-05, 3.5835576e-06, 5.0578992159e-06, 5.78415938435e-06, 7.04965714249e-06, 4.35852280134e-06, 3.95798815589e-06, 2.44293147489e-07, 8.3776228621e-08, 6.11640231796e-08, 7.78264297452e-09, 1.63326223657e-08, 5.83814196986e-09, 1.15005294177e-08, 3.14831583026e-09, 6.21707973991e-09, 8.51048231887e-10, 3.89110896282e-11, 1.7953788277e-14],
        "dvar2": [1.65037931765e-06, 9.25960557652e-05, 2.41595444095e-05, 8.28491465654e-05, 3.40281148965e-05, 2.26237352763e-06, 1.24178893657e-06, 7.21362994227e-06, 4.69447550131e-05, 6.18270860286e-06, 9.75789134827e-06, 1.1190445548e-05, 1.15085704238e-05, 8.18723765406e-06, 8.70255280461e-06, 4.64551561663e-07, 2.08641367294e-07, 1.48733633409e-07, 1.87668227625e-08, 3.6801377945e-08, 1.28051320658e-08, 2.79809384551e-08, 6.02319261134e-09, 1.4080314692e-08, 1.73875802645e-09, 8.5569065722e-11, 1.79283383251e-14],
        "max": [0.00829447247088, 0.062563598156, 0.0479479581118, 0.0505547448993, 0.0350453071296, 0.0114730354398, 0.0163888055831, 0.0228293016553, 0.0884662270546, 0.0405349358916, 0.0451414510608, 0.0284512899816, 0.0564371645451, 0.0333693549037, 0.0378372780979, 0.0124247753993, 0.00503661343828, 0.00317390169948, 0.00127369724214, 0.00289399200119, 0.00109115394298, 0.00124547048472, 0.000917695928365, 0.000824065587949, 0.000428522238508, 7.86255477578e-05, 4.8099095693e-06],
        "mean": [0.000354772579158, 0.00693614268675, 0.00387693638913, 0.00263162539341, 0.00270111323334, 0.00143652490806, 0.000604939588811, 0.000849463336635, 0.00414814520627, 0.00124463345855, 0.00174294784665, 0.00130570994224, 0.0016242605634, 0.00119938421994, 0.000726245052647, 0.00034040628816, 0.000203045201488, 0.000192107894691, 9.30730602704e-05, 8.29232812976e-05, 5.13375962328e-05, 6.02629988862e-05, 3.01578929793e-05, 4.14369606005e-05, 1.396112566e-05, 3.2262635159e-06, 4.98940933014e-09],
        "median": [5.50809418201e-05, 0.00398847088218, 0.00214647967368, 0.00095404102467, 0.00131279882044, 0.000955067225732, 0.000343419756973, 0.000256331870332, 0.000630219641607, 0.000139449432027, 0.000220944726607, 0.000264567235718, 0.000216561238631, 0.000172480824403, 0.000108185951831, 0.000122262688819, 9.01343591977e-05, 9.44516286836e-05, 5.36967054359e-05, 3.96566683776e-05, 2.34977524087e-05, 2.06481727218e-05, 9.10284052225e-06, 9.98735868052e-06, 2.96628923024e-06, 7.21294782124e-07, 3.30876798182e-10],
        "min": [2.742370242e-08, 2.78679664234e-07, 2.60229739979e-07, 1.67665206163e-07, 2.07625021176e-07, 9.46731290696e-07, 4.78769607071e-07, 5.58539852591e-07, 2.26232472755e-07, 3.08231697943e-08, 9.07796291472e-08, 1.84787694479e-07, 1.58952161655e-07, 5.37846531756e-08, 2.78569018519e-07, 1.18529939641e-07, 2.37056340779e-07, 4.40822191194e-07, 1.89389169236e-07, 1.15449196869e-07, 1.43864284041e-07, 3.88322654032e-08, 1.166812158e-08, 1.44352885201e-08, 1.22226682109e-08, 8.30712831856e-09, 6.24160488918e-12],
        "var": [6.19389766143e-07, 6.7743640102e-05, 2.82217042695e-05, 2.66060687864e-05, 1.59996834554e-05, 2.42514374804e-06, 1.06947788936e-06, 4.49474464403e-06, 0.000113732094178, 1.51321555677e-05, 1.78764385055e-05, 1.19269798233e-05, 1.92737406906e-05, 8.8715369202e-06, 9.99957410386e-06, 8.61373109728e-07, 1.321564298e-07, 1.12979122946e-07, 1.57675561496e-08, 2.82058554291e-08, 8.39796499008e-09, 1.3390728526e-08, 4.72351047165e-09, 7.56753770759e-09, 1.17821363776e-09, 4.90144209941e-11, 1.79797735538e-14]
    },
    "erbbands": {
        "dmean": [0.144597426057, 0.797280430794, 2.18421649933, 4.76947212219, 9.72213745117, 4.72330284119, 5.47378969193, 5.10195827484, 3.92787432671, 7.37400817871, 18.4245891571, 48.3954849243, 18.1199245453, 29.1428413391, 28.0212936401, 35.4776496887, 38.8052482605, 28.6709957123, 32.1329650879, 16.9918708801, 7.58886623383, 6.99798631668, 6.76334667206, 2.82796001434, 2.49117422104, 2.01467490196, 1.35086584091, 1.4494497776, 1.49767625332, 1.4245698452, 0.699669837952, 1.03015291691, 0.380098104477, 0.175592854619, 0.071671962738, 0.0162181537598, 0.00585856800899, 0.000284934707452, 1.10628643597e-05, 1.11757854029e-05],
        "dmean2": [0.223969563842, 1.2772090435, 3.33665728569, 7.70114850998, 16.5050830841, 7.53159713745, 8.67119503021, 8.28719902039, 5.95813894272, 11.9581346512, 26.9173908234, 67.2112731934, 26.5732936859, 41.0042495728, 38.7097587585, 49.2287979126, 54.3443717957, 40.7646064758, 45.4824790955, 26.6617622375, 11.283531189, 11.0610103607, 10.3943367004, 4.07848310471, 3.96070075035, 3.00943017006, 1.91264498234, 2.11410140991, 2.28625845909, 2.14210057259, 0.984421312809, 1.52122735977, 0.540981113911, 0.256610363722, 0.10238070786, 0.0233769640326, 0.00855996832252, 0.000420356198447, 1.49543657244e-05, 1.60920371854e-05],
        "dvar": [0.0739939957857, 1.45580899715, 12.85729599, 88.1770172119, 496.088195801, 86.2553482056, 89.4769058228, 59.9686698914, 55.9231262207, 560.482543945, 2650.61010742, 17073.75, 2388.55859375, 4407.84912109, 5959.86914062, 11426.8212891, 10754.7753906, 5231.09814453, 14194.1435547, 4520.47412109, 189.425827026, 269.517669678, 212.496887207, 23.6611843109, 37.8220977783, 21.2337646484, 5.97266578674, 10.7384033203, 10.8758335114, 10.4882802963, 2.54772543907, 6.66184091568, 0.644228696823, 0.166619956493, 0.0311977248639, 0.00140324432869, 0.000171570514794, 4.62040617322e-07, 6.46974529506e-10, 1.8362011911e-10],
        "dvar2": [0.171164751053, 3.67360186577, 27.6595687866, 216.810546875, 1321.58251953, 204.097122192, 246.323654175, 147.49005127, 123.638832092, 1406.68188477, 5451.19921875, 35143.5820312, 4212.60302734, 7794.16259766, 12107.8554688, 23630.265625, 17254.2890625, 10545.9541016, 26682.6425781, 10392.6630859, 421.545227051, 678.061340332, 512.363586426, 49.9816131592, 98.027961731, 47.2379074097, 12.3924732208, 24.3367176056, 25.9408798218, 24.6911239624, 4.72687005997, 15.5277872086, 1.42466843128, 0.346343129873, 0.0654509067535, 0.00297631183639, 0.000399292068323, 9.74744011728e-07, 9.18258524774e-10, 3.75614039871e-10],
        "max": [2.93133234978, 10.8612861633, 49.0081481934, 79.0897598267, 197.455184937, 120.431015015, 146.008956909, 132.082519531, 159.340545654, 409.198059082, 889.894897461, 2826.61962891, 1002.09637451, 1168.78125, 1672.34143066, 1379.57141113, 2194.23950195, 1114.70068359, 2439.37158203, 1556.86791992, 310.749694824, 295.653045654, 215.193557739, 80.6677398682, 137.982955933, 97.7861633301, 33.1788139343, 49.5278816223, 42.0634422302, 37.1028556824, 25.1905555725, 30.7285614014, 9.11468315125, 5.60630464554, 2.88365364075, 0.516889750957, 0.128730550408, 0.0084074921906, 0.000767887395341, 0.000130270549562],
        "mean": [0.205216899514, 1.52833342552, 4.47893857956, 6.62651348114, 10.2227392197, 8.37292385101, 11.2631788254, 9.78183555603, 7.86684751511, 10.8288059235, 36.5362243652, 111.263076782, 34.349697113, 62.2632980347, 57.8699913025, 58.6261787415, 78.412147522, 49.4392738342, 58.7101631165, 27.8288116455, 14.9489412308, 12.1706647873, 11.3493766785, 5.50752878189, 4.63285017014, 3.65650415421, 2.19425940514, 2.03790521622, 2.04139947891, 1.67749023438, 0.858983695507, 1.16879844666, 0.436640232801, 0.198968142271, 0.0799768567085, 0.0186515357345, 0.00619955407456, 0.00030203096685, 2.46435665758e-05, 3.81709578505e-05],
        "median": [0.0709192827344, 1.01475012302, 2.59078145027, 3.36140012741, 3.75351810455, 3.55688214302, 5.15538549423, 6.8473405838, 5.23794651031, 5.60794115067, 7.45449113846, 17.4837760925, 8.19519042969, 10.1108417511, 15.4767541885, 15.2682418823, 13.8300857544, 10.2999200821, 10.7349224091, 7.43694210052, 6.25225400925, 6.31615495682, 5.53829717636, 3.12910175323, 2.70219993591, 1.91798436642, 1.02911293507, 0.95305031538, 0.776946127415, 0.492983371019, 0.230029940605, 0.24322783947, 0.111391842365, 0.0423931218684, 0.0167188476771, 0.00446519022807, 0.00110381667037, 6.24090971542e-05, 1.85991120816e-05, 3.31170740537e-05],
        "min": [1.14315498649e-05, 6.59212091705e-05, 0.00026863097446, 0.000348369881976, 0.00039834738709, 0.000906409521122, 0.00184816331603, 0.00694249756634, 0.00970087759197, 0.0123643083498, 0.0125317415223, 0.00747000146657, 0.00217943941243, 0.00201334874146, 0.00318837445229, 0.00872644688934, 0.0141741009429, 0.00680539244786, 0.0121888676658, 0.0100105106831, 0.00779849197716, 0.014059680514, 0.0311923101544, 0.0134286666289, 0.0101643614471, 0.00596047006547, 0.00592547794804, 0.00383746577427, 0.00147082132753, 0.0008753715083, 0.00030370199238, 0.000300869578496, 0.000220147354412, 0.000128180297907, 7.6918353443e-05, 4.5859535021e-05, 1.50601181304e-05, 4.77181743008e-07, 3.95244157403e-08, 1.73212626464e-08],
        "var": [0.108076743782, 2.71781015396, 30.6318759918, 94.1457061768, 404.269561768, 178.879852295, 257.366973877, 113.480438232, 110.461532593, 571.55645752, 7476.51660156, 90752.015625, 7595.27441406, 18762.1757812, 18480.7949219, 21441.1777344, 35821.4882812, 11583.3212891, 35797.5976562, 8986.68457031, 839.526367188, 405.188049316, 406.371459961, 65.846534729, 60.7617950439, 40.2474708557, 11.7209234238, 14.0851955414, 14.002863884, 11.9114360809, 3.93217992783, 7.63094472885, 0.840364336967, 0.232346042991, 0.0397584103048, 0.00182129221503, 0.000195891916519, 5.48488287677e-07, 8.99944729849e-10, 7.00658031594e-10]
    },
    "gfcc": {
        "mean": [-30.6173801422, 130.751251221, -126.308151245, 33.4843025208, -52.0580177307, 24.3365783691, -29.8020553589, 4.75250768661, -16.7278270721, -4.25584936142, -9.19776153564, -6.17637395859, -7.47740316391],
        "cov": [[5097.73974609, -242.702804565, -189.919494629, -210.434814453, 77.59375, 453.484619141, 53.9503173828, 35.2145690918, -90.7350311279, -88.417427063, -163.503265381, 6.33770370483, -6.51090526581], [-242.702804565, 916.594726562, -129.981124878, -55.6802330017, 301.399932861, -179.175460815, 194.7449646, -70.65284729, 120.474990845, -171.689285278, 138.705947876, -111.260620117, 99.5469360352], [-189.919494629, -129.981124878, 952.25579834, 178.149795532, -207.398406982, 64.3458251953, -145.886978149, 58.0490646362, -74.5320968628, -24.4150428772, -109.636062622, 30.1027450562, -90.6293029785], [-210.434814453, -55.6802330017, 178.149795532, 484.682647705, 84.0994338989, -68.8555297852, -77.2371673584, -49.9563179016, 37.5437469482, 27.0947380066, 12.4604434967, -80.139175415, 19.6418209076], [77.59375, 301.399932861, -207.398406982, 84.0994338989, 341.26159668, 14.5368671417, 108.457214355, -52.4891815186, 60.3675193787, -24.3825035095, 70.2933273315, -52.1782226562, 64.5492782593], [453.484619141, -179.175460815, 64.3458251953, -68.8555297852, 14.5368671417, 234.884643555, 48.0869255066, 8.673204422, -53.4336585999, 24.4986782074, -27.2256011963, 55.1709976196, -13.0557909012], [53.9503173828, 194.7449646, -145.886978149, -77.2371673584, 108.457214355, 48.0869255066, 216.847213745, 3.96782898903, 6.93225908279, -43.8190498352, 50.737991333, 7.17351531982, 33.8074188232], [35.2145690918, -70.65284729, 58.0490646362, -49.9563179016, -52.4891815186, 8.673204422, 3.96782898903, 112.391746521, 13.1099433899, 3.86027479172, -25.5761299133, 14.1779108047, -23.3733921051], [-90.7350311279, 120.474990845, -74.5320968628, 37.5437469482, 60.3675193787, -53.4336585999, 6.93225908279, 13.1099433899, 154.251144409, 23.2816181183, 0.562467575073, -49.1994476318, 22.1177005768], [-88.417427063, -171.689285278, -24.4150428772, 27.0947380066, -24.3825035095, 24.4986782074, -43.8190498352, 3.86027479172, 23.2816181183, 124.623039246, -4.58957862854, 8.36123275757, -5.8760099411], [-163.503265381, 138.705947876, -109.636062622, 12.4604434967, 70.2933273315, -27.2256011963, 50.737991333, -25.5761299133, 0.562467575073, -4.58957862854, 124.160942078, 18.6722049713, 37.1520347595], [6.33770370483, -111.260620117, 30.1027450562, -80.139175415, -52.1782226562, 55.1709976196, 7.17351531982, 14.1779108047, -49.1994476318, 8.36123275757, 18.6722049713, 124.431343079, -1.33832085133], [-6.51090526581, 99.5469360352, -90.6293029785, 19.6418209076, 64.5492782593, -13.0557909012, 33.8074188232, -23.3733921051, 22.1177005768, -5.8760099411, 37.1520347595, -1.33832085133, 104.487556458]],
        "icov": [[0.000284967129119, -0.000242593523581, 0.000287299626507, -0.000167527978192, 0.000165693185409, -0.000893409887794, 0.000354715215508, -0.000267369381618, 0.000139728392242, 0.00028805033071, 0.000440085568698, 3.63381259376e-05, -2.83962490357e-05], [-0.000242593523581, 0.00974567048252, -0.00418831920251, 0.0057635968551, -0.00646635191515, 0.00781164737418, -0.00468909181654, 0.00503561086953, -0.00504607753828, 0.00677491724491, -0.00700148753822, 0.00554764689878, -0.00239216047339], [0.000287299626507, -0.00418831920251, 0.00375330075622, -0.0036143946927, 0.00365807046182, -0.00470062764362, 0.0028156847693, -0.00298707745969, 0.0022865368519, -0.00135270238388, 0.00374378752895, -0.00274900859222, 0.00159025669564], [-0.000167527978192, 0.0057635968551, -0.0036143946927, 0.00683862855658, -0.00511803617701, 0.00553286960348, -0.00195555831306, 0.00394038762897, -0.00287268566899, 0.00266303564422, -0.00483762286603, 0.00489473808557, -0.00201416062191], [0.000165693185409, -0.00646635191515, 0.00365807046182, -0.00511803617701, 0.0100189065561, -0.00712293339893, 0.00166509242263, -0.0021485502366, 0.00156278419308, -0.00296682422049, 0.0028182445094, -0.00206157937646, 0.00068103155354], [-0.000893409887794, 0.00781164737418, -0.00470062764362, 0.00553286960348, -0.00712293339893, 0.0150893181562, -0.00659055402502, 0.0047137173824, -0.00178312440403, 0.00121366803069, -0.00334587739781, 0.0015960043529, -0.00148680026177], [0.000354715215508, -0.00468909181654, 0.0028156847693, -0.00195555831306, 0.00166509242263, -0.00659055402502, 0.0103164818138, -0.00409776391461, 0.00195271265693, -2.4800092433e-05, 0.00113497534767, -0.00205174740404, 0.000348013010807], [-0.000267369381618, 0.00503561086953, -0.00298707745969, 0.00394038762897, -0.0021485502366, 0.0047137173824, -0.00409776391461, 0.0140114119276, -0.0049675158225, 0.00282834400423, -0.00241507962346, 0.00163712783251, 0.000320896186167], [0.000139728392242, -0.00504607753828, 0.0022865368519, -0.00287268566899, 0.00156278419308, -0.00178312440403, 0.00195271265693, -0.0049675158225, 0.0122437849641, -0.00637091044337, 0.00490172160789, -0.000492472725455, -0.000290992873488], [0.00028805033071, 0.00677491724491, -0.00135270238388, 0.00266303564422, -0.00296682422049, 0.00121366803069, -2.4800092433e-05, 0.00282834400423, -0.00637091044337, 0.0165178850293, -0.00559945078567, 0.00318110664375, -0.00117614481132], [0.000440085568698, -0.00700148753822, 0.00374378752895, -0.00483762286603, 0.0028182445094, -0.00334587739781, 0.00113497534767, -0.00241507962346, 0.00490172160789, -0.00559945078567, 0.0179101116955, -0.00780269410461, -3.26948611473e-05], [3.63381259376e-05, 0.00554764689878, -0.00274900859222, 0.00489473808557, -0.00206157937646, 0.0015960043529, -0.00205174740404, 0.00163712783251, -0.000492472725455, 0.00318110664375, -0.00780269410461, 0.0159042682499, -0.00282331556082], [-2.83962490357e-05, -0.00239216047339, 0.00159025669564, -0.00201416062191, 0.00068103155354, -0.00148680026177, 0.000348013010807, 0.000320896186167, -0.000290992873488, -0.00117614481132, -3.26948611473e-05, -0.00282331556082, 0.0129293650389]]
    },
    "melbands": {
        "dmean": [0.00116054958198, 0.00102195411455, 0.00101869122591, 0.000517199398018, 0.000171950188815, 0.000116240138595, 6.1085105699e-05, 8.62097804202e-05, 0.000194816282601, 0.000288548704702, 8.79698782228e-05, 0.000118504001875, 0.000109569948108, 8.0113641161e-05, 0.000111981535156, 7.15118585504e-05, 6.18287667749e-05, 6.55189433019e-05, 3.5592373024e-05, 1.70516759681e-05, 8.27875192044e-06, 7.5226298577e-06, 8.96416986507e-06, 4.24404561272e-06, 2.38430607169e-06, 1.72070554072e-06, 2.19359526454e-06, 1.24944972413e-06, 8.86543148226e-07, 9.54535494202e-07, 8.13201950223e-07, 7.25809968571e-07, 1.24949701785e-06, 6.3122223537e-07, 3.76583955131e-07, 5.29690225903e-07, 6.14413238509e-07, 2.74598534133e-07, 1.88081003216e-07, 1.36700876396e-07],
        "dmean2": [0.00180442107376, 0.0015774340136, 0.00166586902924, 0.000846928742249, 0.000275856727967, 0.000186497200048, 9.25695858314e-05, 0.000139321986353, 0.000277678453131, 0.000402109930292, 0.000127285238705, 0.00016765439068, 0.000152768407133, 0.000114016023872, 0.000161427364219, 9.99893090921e-05, 8.86893831193e-05, 9.11581009859e-05, 5.54427715542e-05, 2.60190809058e-05, 1.25452379507e-05, 1.17120107461e-05, 1.43307679537e-05, 6.32980254522e-06, 3.52114352609e-06, 2.67564951173e-06, 3.49387141796e-06, 1.85095802863e-06, 1.2917624872e-06, 1.41229645578e-06, 1.21657194541e-06, 1.09868358322e-06, 1.96286805476e-06, 9.40478003031e-07, 5.42356701771e-07, 7.76453305207e-07, 9.1090640808e-07, 4.00100645948e-07, 2.7799592317e-07, 2.00378863724e-07],
        "dvar": [3.9890910557e-06, 2.35226502809e-06, 4.7463613555e-06, 1.1029947018e-06, 7.69621451013e-08, 2.67762416684e-08, 1.48660559418e-08, 7.96792107849e-08, 3.04836731857e-07, 6.14119585407e-07, 6.81495677668e-08, 7.38485468332e-08, 9.5506301534e-08, 5.18114298131e-08, 1.16701087904e-07, 3.86307945632e-08, 2.81283192294e-08, 5.77043870464e-08, 2.86807484429e-08, 2.66573607632e-09, 2.05509137485e-10, 2.59119753432e-10, 3.66158187104e-10, 9.80459255451e-11, 1.90287889612e-11, 9.00329377024e-12, 5.89199244949e-11, 6.18749235876e-12, 2.42202894025e-12, 4.53902583922e-12, 3.77630695811e-12, 2.03046130257e-12, 1.1189647299e-11, 1.96321561438e-12, 8.84054006216e-13, 1.37794777758e-12, 2.43653534848e-12, 3.75057515427e-13, 1.85389518407e-13, 1.09076220549e-13],
        "dvar2": [9.44876501308e-06, 5.35548178959e-06, 1.20460172184e-05, 2.81419943349e-06, 2.10966987879e-07, 6.5434093699e-08, 3.21088080568e-08, 1.93584540398e-07, 6.06242167578e-07, 1.25204155665e-06, 1.14592850764e-07, 1.30935092102e-07, 1.96295530941e-07, 1.00287209648e-07, 2.0355626873e-07, 6.63348629359e-08, 5.69349900559e-08, 1.06185069626e-07, 6.24769711521e-08, 4.70053240775e-09, 4.33316271753e-10, 6.24363394319e-10, 9.72000813171e-10, 1.98285998732e-10, 4.16470261055e-11, 2.17921132528e-11, 1.46271855739e-10, 1.31309563917e-11, 5.32664060429e-12, 1.06285466539e-11, 8.63735385298e-12, 4.58852096943e-12, 2.88013432548e-11, 4.39405499833e-12, 1.56445971629e-12, 3.09083639759e-12, 5.70877763464e-12, 8.39451988824e-13, 4.09156134537e-13, 2.28728765529e-13],
        "max": [0.0210664924234, 0.0182944275439, 0.0188657939434, 0.00982370134443, 0.00400800490752, 0.00262940325774, 0.00297160050832, 0.00393686117604, 0.00992330349982, 0.0166303999722, 0.00554083613679, 0.00435737799853, 0.00721700210124, 0.00435873679817, 0.00703435065225, 0.0039566163905, 0.00259390217252, 0.00513102859259, 0.00422059232369, 0.00126212998293, 0.000201089846087, 0.000285976653686, 0.000250524113653, 0.000199715810595, 7.00679520378e-05, 4.63855867565e-05, 0.000188233738299, 4.8580688599e-05, 2.3861273803e-05, 3.31546907546e-05, 3.07949594571e-05, 1.73968164745e-05, 4.19615789724e-05, 2.22978414968e-05, 1.77825004357e-05, 1.13750884339e-05, 1.86475062947e-05, 6.84127780914e-06, 5.86698160987e-06, 5.28135979039e-06],
        "mean": [0.00185844919179, 0.00226919446141, 0.0013145043049, 0.000690065498929, 0.000363708037185, 0.000230095116422, 0.00012070981029, 0.000118016847409, 0.00039290584391, 0.000660065328702, 0.00014540173288, 0.00024749423028, 0.000217510561924, 0.000126898259623, 0.000204599884455, 0.000132601475343, 9.1376270575e-05, 0.000107614214357, 5.35285107617e-05, 2.78091920336e-05, 1.44835012179e-05, 1.24678836073e-05, 1.27569774122e-05, 7.15452506483e-06, 4.23475830758e-06, 3.09361780637e-06, 3.59486193702e-06, 2.13742146116e-06, 1.4056887494e-06, 1.26060115235e-06, 1.10854114155e-06, 1.01832495147e-06, 1.4077202195e-06, 7.31576733415e-07, 4.54547176787e-07, 5.9713624978e-07, 6.98051280779e-07, 3.07785825271e-07, 2.11506318237e-07, 1.50948409328e-07],
        "median": [0.000955246214289, 0.00150736793876, 0.000632193055935, 0.000269931304501, 0.000190513033886, 0.000166345402249, 7.4507734098e-05, 5.37080450158e-05, 6.82221289026e-05, 9.34186537052e-05, 1.99767928279e-05, 3.02132029901e-05, 4.10706197727e-05, 3.32630552293e-05, 3.04670047626e-05, 2.02254541364e-05, 1.5246937437e-05, 1.80374699994e-05, 9.4118204288e-06, 7.50698472984e-06, 6.18346257397e-06, 5.65059735891e-06, 5.8579898905e-06, 3.47330865225e-06, 2.19690400627e-06, 1.92125867216e-06, 1.59337844252e-06, 1.12183511192e-06, 6.24083156708e-07, 5.23598316704e-07, 4.85269765704e-07, 4.20240922949e-07, 3.5914183627e-07, 2.4152902256e-07, 1.18093034018e-07, 1.17341684813e-07, 1.53183222551e-07, 7.78333415496e-08, 4.57815723109e-08, 2.85549415224e-08],
        "min": [1.08786551323e-07, 1.58860785859e-07, 9.75789831159e-08, 4.06876061732e-08, 5.51510375146e-08, 1.70812356259e-07, 1.2320228393e-07, 1.64975929806e-07, 8.53640145237e-08, 3.26446034649e-08, 8.28052026947e-09, 7.51956630296e-09, 1.19047829372e-08, 1.61430619983e-08, 2.42538362727e-08, 1.69366636271e-08, 8.2199358431e-09, 1.55806407776e-08, 2.21712923576e-08, 4.93220397857e-09, 5.03176167399e-09, 1.02353583387e-08, 2.9388973033e-08, 1.89403461803e-08, 5.1362381015e-09, 8.97192808935e-09, 5.22019716342e-09, 2.70579247896e-09, 3.09520475916e-09, 3.94000521098e-09, 1.33547206627e-09, 6.84573508991e-10, 6.68045729846e-10, 3.87290532977e-10, 1.47009918128e-10, 9.20567580498e-11, 1.83400281073e-10, 1.69740319023e-10, 8.03991317966e-11, 1.11371904754e-10],
