{
"highlevel": {
    "danceability": {
        "all": {
            "danceable": 8.76260415339e-08,
            "not_danceable": 0.999999940395
        },
        "probability": 0.999999940395,
        "value": "not_danceable"
    },
    "gender": {
        "all": {
            "female": 0.263591647148,
            "male": 0.736408352852
        },
        "probability": 0.736408352852,
        "value": "male"
    },
    "genre_dortmund": {
        "all": {
            "alternative": 0.229660049081,
            "blues": 0.0119031080976,
            "electronic": 0.00749097112566,
            "folkcountry": 0.0510527417064,
            "funksoulrnb": 0.00222106231377,
            "jazz": 0.000529752403963,
            "pop": 0.0214166902006,
            "raphiphop": 0.000712578883395,
            "rock": 0.675013065338
        },
        "probability": 0.675013065338,
        "value": "rock"
    },
    "genre_electronic": {
        "all": {
            "ambient": 0.332031935453,
            "dnb": 0.147662311792,
            "house": 0.0430081263185,
            "techno": 0.0341901518404,
            "trance": 0.443107485771
        },
        "probability": 0.443107485771,
        "value": "trance"
    },
    "genre_rosamerica": {
        "all": {
            "cla": 0.000644383893814,
            "dan": 9.52711634454e-05,
            "hip": 6.62854363327e-05,
            "jaz": 3.07341470034e-05,
            "pop": 0.00052941282047,
            "rhy": 0.000167085599969,
            "roc": 0.998451948166,
            "spe": 1.48863127833e-05
        },
        "probability": 0.998451948166,
        "value": "roc"
    },
    "genre_tzanetakis": {
        "all": {
            "blu": 0.0626613423228,
            "cla": 0.0348169617355,
            "cou": 0.104475811124,
            "dis": 0.0784321576357,
            "hip": 0.15692435205,
            "jaz": 0.313974827528,
            "met": 0.0448166541755,
            "pop": 0.0627359300852,
            "reg": 0.0627360641956,
            "roc": 0.0784258767962
        },
        "probability": 0.313974827528,
        "value": "jaz"
    },
    "ismir04_rhythm": {
        "all": {
            "ChaChaCha": 0.0143971899524,
            "Jive": 0.739090502262,
            "Quickstep": 0.00481533678249,
            "Rumba-American": 0.00162792112678,
            "Rumba-International": 0.00455775950104,
            "Rumba-Misc": 0.000993853900582,
            "Samba": 0.0265344269574,
            "Tango": 0.00367078511044,
            "VienneseWaltz": 0.202648103237,
            "Waltz": 0.00166409742087
        },
        "probability": 0.739090502262,
        "value": "Jive"
    },
    "mood_acoustic": {
        "all": {
            "acoustic": 0.00610280735418,
            "not_acoustic": 0.993897199631
        },
        "probability": 0.993897199631,
        "value": "not_acoustic"
    },
    "mood_aggressive": {
        "all": {
            "aggressive": 0.998267591,
            "not_aggressive": 0.00173243542667
        },
        "probability": 0.998267591,
        "value": "aggressive"
    },
    "mood_electronic": {
        "all": {
            "electronic": 0.0760922506452,
            "not_electronic": 0.923907756805
        },
        "probability": 0.923907756805,
        "value": "not_electronic"
    },
    "mood_happy": {
        "all": {
            "happy": 0.890250682831,
            "not_happy": 0.109749317169
        },
        "probability": 0.890250682831,
        "value": "happy"
    },
    "mood_party": {
        "all": {
            "not_party": 0.352790087461,
            "party": 0.647209942341
        },
        "probability": 0.647209942341,
        "value": "party"
    },
    "mood_relaxed": {
        "all": {
            "not_relaxed": 0.933671236038,
            "relaxed": 0.0663287565112
        },
        "probability": 0.933671236038,
        "value": "not_relaxed"
    },
    "mood_sad": {
        "all": {
            "not_sad": 0.952200114727,
            "sad": 0.0477998666465
        },
        "probability": 0.952200114727,
        "value": "not_sad"
    },
    "moods_mirex": {
        "all": {
            "Cluster1": 0.345669299364,
            "Cluster2": 0.0588326081634,
            "Cluster3": 0.0399188175797,
            "Cluster4": 0.0646658763289,
            "Cluster5": 0.490913391113
        },
        "probability": 0.490913391113,
        "value": "Cluster5"
    },
    "timbre": {
        "all": {
            "bright": 0.895683288574,
            "dark": 0.104316696525
        },
        "probability": 0.895683288574,
        "value": "bright"
    },
    "tonal_atonal": {
        "all": {
            "atonal": 0.193736106157,
            "tonal": 0.806263923645
        },
        "probability": 0.806263923645,
        "value": "tonal"
    },
    "voice_instrumental": {
        "all": {
            "instrumental": 0.000332712370437,
            "voice": 0.999667286873
        },
        "probability": 0.999667286873,
        "value": "voice"
    }
},
"lowlevel": {
    "average_loudness": 0.978172957897,
    "barkbands_crest": {
        "dmean": 2.01785755157,
        "dmean2": 3.380235672,
        "dvar": 3.73681688309,
        "dvar2": 9.94577312469,
        "max": 18.5779914856,
        "mean": 6.60121822357,
        "median": 6.00328207016,
        "min": 2.41698884964,
        "var": 6.84798622131
    },
    "barkbands_flatness_db": {
        "dmean": 0.0131213273853,
        "dmean2": 0.021857412532,
        "dvar": 0.000129666368593,
        "dvar2": 0.000346063927282,
        "max": 0.192029699683,
        "mean": 0.10473562032,
        "median": 0.102322816849,
        "min": 0.0455163866282,
        "var": 0.000405734579545
    },
    "barkbands_kurtosis": {
        "dmean": 0.704444766045,
        "dmean2": 1.14446699619,
        "dvar": 0.705163061619,
        "dvar2": 1.8308699131,
        "max": 9.90868759155,
        "mean": -0.0371414460242,
        "median": -0.445630311966,
        "min": -1.66682624817,
        "var": 1.72008812428
    },
    "barkbands_skewness": {
        "dmean": 0.331632614136,
        "dmean2": 0.533900976181,
        "dvar": 0.0957588553429,
        "dvar2": 0.233376219869,
        "max": 2.65685892105,
        "mean": 0.700690209866,
        "median": 0.67048573494,
        "min": -0.681954681873,
        "var": 0.283980041742
    },
    "barkbands_spread": {
        "dmean": 4.49638032913,
        "dmean2": 6.65664482117,
        "dvar": 21.8507652283,
        "dvar2": 38.0169143677,
        "max": 85.1008758545,
        "mean": 29.9277591705,
        "median": 29.3562431335,
        "min": 6.38428020477,
        "var": 112.75856781
    },
    "dissonance": {
        "dmean": 0.0123986648396,
        "dmean2": 0.0209341999143,
        "dvar": 0.000142011529533,
        "dvar2": 0.0003889593645,
        "max": 0.499641001225,
        "mean": 0.476332604885,
        "median": 0.479582846165,
        "min": 0.365536957979,
        "var": 0.000263973197434
    },
    "dynamic_complexity": 0.764687418938,
    "erbbands_crest": {
        "dmean": 1.91513466835,
        "dmean2": 3.19571232796,
        "dvar": 3.38290882111,
        "dvar2": 8.931391716,
        "max": 20.956867218,
        "mean": 6.7294754982,
        "median": 6.0621008873,
        "min": 2.54090666771,
        "var": 7.63417673111
    },
    "erbbands_flatness_db": {
        "dmean": 0.0113254217431,
        "dmean2": 0.0173259861767,
        "dvar": 9.32971233851e-05,
        "dvar2": 0.000201026079594,
        "max": 0.244154989719,
        "mean": 0.151859223843,
        "median": 0.150708287954,
        "min": 0.0848690718412,
        "var": 0.000552210665774
    },
    "erbbands_kurtosis": {
        "dmean": 0.554741740227,
        "dmean2": 0.89748686552,
        "dvar": 0.368828266859,
        "dvar2": 0.937265515327,
        "max": 10.4874172211,
        "mean": 0.187943831086,
        "median": -0.0889365673065,
        "min": -1.31025135517,
        "var": 1.21875751019
    },
    "erbbands_skewness": {
        "dmean": 0.260847866535,
        "dmean2": 0.401084750891,
        "dvar": 0.0459876209497,
        "dvar2": 0.109755478799,
        "max": 2.90436053276,
        "mean": -0.066191226244,
        "median": -0.149644106627,
        "min": -1.32480883598,
        "var": 0.312730520964
    },
    "erbbands_spread": {
        "dmean": 5.20185184479,
        "dmean2": 8.12082004547,
        "dvar": 23.1748447418,
        "dvar2": 50.4706497192,
        "max": 98.6484069824,
        "mean": 32.2520675659,
        "median": 30.6145858765,
        "min": 9.2446346283,
        "var": 126.539108276
    },
    "hfc": {
        "dmean": 7.23748683929,
        "dmean2": 10.8654918671,
        "dvar": 76.9471664429,
        "dvar2": 137.054733276,
        "max": 144.30128479,
        "mean": 36.7447052002,
        "median": 34.0690116882,
        "min": 10.4547729492,
        "var": 251.870285034
    },
    "melbands_crest": {
        "dmean": 3.21487784386,
        "dmean2": 5.35065031052,
        "dvar": 8.70883846283,
        "dvar2": 23.3774108887,
        "max": 25.8821601868,
        "mean": 11.1618242264,
        "median": 10.5260829926,
        "min": 3.37683796883,
        "var": 14.3802280426
    },
    "melbands_flatness_db": {
        "dmean": 0.0184041187167,
        "dmean2": 0.0303350053728,
        "dvar": 0.000329732400132,
        "dvar2": 0.000792478909716,
        "max": 0.249642476439,
        "mean": 0.141424328089,
        "median": 0.14046818018,
        "min": 0.0327518321574,
        "var": 0.00104661285877
    },
    "melbands_kurtosis": {
        "dmean": 2.15264749527,
        "dmean2": 3.58772039413,
        "dvar": 7.40783071518,
        "dvar2": 19.4918174744,
        "max": 33.7790260315,
        "mean": 3.31778383255,
        "median": 2.30997657776,
        "min": -1.38226473331,
        "var": 13.0164041519
    },
    "melbands_skewness": {
        "dmean": 0.470195770264,
        "dmean2": 0.765447735786,
        "dvar": 0.199565187097,
        "dvar2": 0.512734293938,
        "max": 5.16210365295,
        "mean": 1.62806785107,
        "median": 1.55872070789,
        "min": -0.270905017853,
        "var": 0.549675345421
    },
    "melbands_spread": {
        "dmean": 7.4452996254,
        "dmean2": 11.8305559158,
        "dvar": 65.0720443726,
        "dvar2": 137.020324707,
        "max": 129.409408569,
        "mean": 36.3591194153,
        "median": 34.3775749207,
        "min": 8.58644676208,
        "var": 236.101699829
    },
    "pitch_salience": {
        "dmean": 0.0626563206315,
        "dmean2": 0.10570024699,
        "dvar": 0.00300526386127,
        "dvar2": 0.00839688256383,
        "max": 0.813494503498,
        "mean": 0.593649923801,
        "median": 0.595555901527,
        "min": 0.305537879467,
        "var": 0.00527370814234
    },
    "silence_rate_20dB": {
        "dmean": 0,
        "dmean2": 0,
        "dvar": 0,
        "dvar2": 0,
        "max": 1,
        "mean": 1,
        "median": 1,
        "min": 1,
        "var": 0
    },
    "silence_rate_30dB": {
        "dmean": 0,
        "dmean2": 0,
        "dvar": 0,
        "dvar2": 0,
        "max": 1,
        "mean": 1,
        "median": 1,
        "min": 1,
        "var": 0
    },
    "silence_rate_60dB": {
        "dmean": 0,
        "dmean2": 0,
        "dvar": 0,
        "dvar2": 0,
        "max": 0,
        "mean": 0,
        "median": 0,
        "min": 0,
        "var": 0
    },
    "spectral_centroid": {
        "dmean": 207.092971802,
        "dmean2": 320.550628662,
        "dvar": 36010.9296875,
        "dvar2": 74056.484375,
        "max": 3470.06298828,
        "mean": 1721.17077637,
        "median": 1712.60119629,
        "min": 794.928527832,
        "var": 194829.78125
    },
    "spectral_complexity": {
        "dmean": 3.92182660103,
        "dmean2": 6.36560821533,
        "dvar": 10.8321084976,
        "dvar2": 24.4922084808,
        "max": 57,
        "mean": 34.0448570251,
        "median": 34,
        "min": 16,
        "var": 39.3345146179
    },
    "spectral_decrease": {
        "dmean": 2.382295472e-09,
        "dmean2": 3.8697742788e-09,
        "dvar": 7.44329540655e-18,
        "dvar2": 1.99337971024e-17,
        "max": -2.81141709912e-09,
        "mean": -9.01802454933e-09,
        "median": -8.26721091585e-09,
        "min": -2.2728475102e-08,
        "var": 1.02299932712e-17
    },
    "spectral_energy": {
        "dmean": 0.00936396047473,
        "dmean2": 0.0151747725904,
        "dvar": 0.00011100028496,
        "dvar2": 0.000296215555863,
        "max": 0.0897648110986,
        "mean": 0.037368927151,
        "median": 0.0344886817038,
        "min": 0.0115592079237,
        "var": 0.000153332221089
    },
    "spectral_energyband_high": {
        "dmean": 0.000448319711722,
        "dmean2": 0.000629629474133,
        "dvar": 9.64315972851e-07,
        "dvar2": 1.52987604451e-06,
        "max": 0.0163764245808,
        "mean": 0.00131223828066,
        "median": 0.000883998232894,
        "min": 0.000127107748995,
        "var": 3.52990059582e-06
    },
    "spectral_energyband_low": {
        "dmean": 0.0054327044636,
        "dmean2": 0.0095710773021,
        "dvar": 6.61064332235e-05,
        "dvar2": 0.00019042439817,
        "max": 0.0669224858284,
        "mean": 0.0104720704257,
        "median": 0.00849738717079,
        "min": 7.60419570724e-05,
        "var": 6.69258079142e-05
    },
    "spectral_energyband_middle_high": {
        "dmean": 0.00292281201109,
        "dmean2": 0.00460437685251,
        "dvar": 9.07517187443e-06,
        "dvar2": 2.27801829169e-05,
        "max": 0.0511672236025,
        "mean": 0.0123276961967,
        "median": 0.0115410499275,
        "min": 0.0027765664272,
        "var": 3.07712653012e-05
    },
    "spectral_energyband_middle_low": {
        "dmean": 0.00556100020185,
        "dmean2": 0.00871205888689,
        "dvar": 4.790006642e-05,
        "dvar2": 0.000120973978483,
        "max": 0.0723852515221,
        "mean": 0.0149425957352,
        "median": 0.0123739764094,
        "min": 0.00220297696069,
        "var": 8.92180323717e-05
    },
    "spectral_entropy": {
        "dmean": 0.0816102027893,
        "dmean2": 0.122913494706,
        "dvar": 0.0058005922474,
        "dvar2": 0.0110730146989,
        "max": 8.65320491791,
        "mean": 7.81365919113,
        "median": 7.80624246597,
        "min": 7.18834638596,
        "var": 0.0363093018532
    },
    "spectral_flux": {
        "dmean": 0.0226642005146,
        "dmean2": 0.0348494537175,
        "dvar": 0.00050862506032,
        "dvar2": 0.00106967962347,
        "max": 0.246521756053,
        "mean": 0.104192607105,
        "median": 0.0954442769289,
        "min": 0.0503006763756,
        "var": 0.000999155803584
    },
    "spectral_kurtosis": {
        "dmean": 1.09821510315,
        "dmean2": 1.84661912918,
        "dvar": 1.01637637615,
        "dvar2": 2.7871761322,
        "max": 10.8000583649,
        "mean": 3.89556407928,
        "median": 3.7832736969,
        "min": -0.508017778397,
        "var": 2.48184227943
    },
    "spectral_rms": {
        "dmean": 0.000719841104001,
        "dmean2": 0.00114819733426,
        "dvar": 5.34494972726e-07,
        "dvar2": 1.40234919854e-06,
        "max": 0.00935817416757,
        "mean": 0.00596385542303,
        "median": 0.00580064626411,
        "min": 0.00335816550069,
        "var": 8.90002866072e-07
    },
    "spectral_rolloff": {
        "dmean": 416.930297852,
        "dmean2": 679.321899414,
        "dvar": 485656.53125,
        "dvar2": 861010.125,
        "max": 9302.34375,
        "mean": 2064.60229492,
        "median": 1916.45507812,
        "min": 430.6640625,
        "var": 1441103.125
    },
    "spectral_skewness": {
        "dmean": 0.161567240953,
        "dmean2": 0.2631752491,
        "dvar": 0.0208693612367,
        "dvar2": 0.0509260669351,
        "max": 2.7686984539,
        "mean": 1.38274872303,
        "median": 1.39352071285,
        "min": 0.52197688818,
        "var": 0.0613050870597
    },
    "spectral_spread": {
        "dmean": 331615.28125,
        "dmean2": 473206.9375,
        "dvar": 174488240128,
        "dvar2": 251712372736,
        "max": 10753693,
        "mean": 3964657.5,
        "median": 3773038.25,
        "min": 2477322.25,
        "var": 967555284992
    },
    "spectral_strongpeak": {
        "dmean": 0.661964893341,
        "dmean2": 1.14001917839,
        "dvar": 0.831886768341,
        "dvar2": 2.17232108116,
        "max": 6.58159971237,
        "mean": 0.965027749538,
        "median": 0.452986121178,
        "min": 0.0273796338588,
        "var": 1.26970529556
    },
    "zerocrossingrate": {
        "dmean": 0.00834084115922,
        "dmean2": 0.00971569959074,
        "dvar": 0.000115930444736,
        "dvar2": 0.000112282999908,
        "max": 0.2646484375,
        "mean": 0.0716712251306,
        "median": 0.06689453125,
        "min": 0.02880859375,
        "var": 0.000816444167867
    },
    "barkbands": {
        "dmean": [0.000364123116015, 0.003514747601, 0.00214384775609, 0.00256433407776, 0.00201186351478, 0.00114275887609, 0.00113048567437, 0.000702338758856, 0.00144616013858, 0.00127687922213, 0.000493199040648, 0.000809788994957, 0.000670298177283, 0.000672531081364, 0.000685164879542, 0.000560323649552, 0.000571374665014, 0.000358808931196, 0.000319809856592, 0.000183407930308, 0.000134650457767, 0.000111751985969, 0.000126637634821, 8.41010041768e-05, 5.86691858189e-05, 1.49627194332e-05, 8.079216407e-09],
        "dmean2": [0.000511580321472, 0.00628212001175, 0.00367192528211, 0.00416319537908, 0.00338213867508, 0.0018266037805, 0.00174982426688, 0.00108793925028, 0.00224309926853, 0.00198987009935, 0.000815770763438, 0.00135996309109, 0.00111773144454, 0.00109235697892, 0.0011410076404, 0.000932883995119, 0.000946265354287, 0.000590578070842, 0.000525325653143, 0.000307881680783, 0.000216285014176, 0.000169790742802, 0.000188734338735, 0.000115198432468, 8.21766079753e-05, 2.37900276261e-05, 1.48562024904e-08],
        "dvar": [3.74049335505e-07, 3.08397975459e-05, 1.16174860523e-05, 1.72632408066e-05, 9.33602495934e-06, 3.70403131456e-06, 2.86204294753e-06, 2.41976658799e-06, 5.01902741235e-06, 5.31574869456e-06, 4.64130408773e-07, 8.48118759222e-07, 5.87217982684e-07, 5.45747695924e-07, 6.6491634243e-07, 3.72521043346e-07, 3.63271254855e-07, 1.69955001184e-07, 1.73059731878e-07, 5.29132826443e-08, 2.95521349614e-08, 4.56799469362e-08, 1.63148030197e-07, 9.46442568761e-08, 4.44552661349e-08, 2.82427836673e-09, 1.14453241179e-15],
        "dvar2": [6.11567600117e-07, 8.89797811396e-05, 3.25660694216e-05, 4.29164829256e-05, 2.51859983109e-05, 9.24235973798e-06, 6.71517909723e-06, 6.44816009299e-06, 1.16153287308e-05, 1.3382022189e-05, 1.1760076859e-06, 2.20931769945e-06, 1.52584470925e-06, 1.35861239414e-06, 1.81402651833e-06, 9.68074004959e-07, 9.53478433985e-07, 4.0340668761e-07, 4.03756700962e-07, 1.25752990243e-07, 7.18749504358e-08, 9.26021002101e-08, 3.3272976907e-07, 1.56443803689e-07, 7.47535224832e-08, 7.11687908606e-09, 3.10812196665e-15],
        "max": [0.00522620789707, 0.0484229773283, 0.0356557033956, 0.031805627048, 0.0263328161091, 0.0254329051822, 0.0261535663158, 0.0294405631721, 0.0399810448289, 0.0413464978337, 0.00922493822873, 0.0128749227151, 0.00955523923039, 0.00769609864801, 0.0111093865708, 0.00870947167277, 0.00672089029104, 0.0048380959779, 0.00542334793136, 0.00358765991405, 0.00275518000126, 0.00467932363972, 0.00853613764048, 0.00566245662048, 0.0036884767469, 0.00153520319145, 6.28900124866e-07],
        "mean": [0.000461720017483, 0.00481339590624, 0.00373968970962, 0.00353150581941, 0.00275581888855, 0.00207717064768, 0.00213430309668, 0.0012302219402, 0.00278254505247, 0.0022216939833, 0.000830338220112, 0.00147767853923, 0.00121343089268, 0.00123991735745, 0.00136587407906, 0.00114378822036, 0.00124066928402, 0.000813794438727, 0.00072081835242, 0.000412321736803, 0.000315356825013, 0.000253542966675, 0.000287847971777, 0.000169889171957, 0.000109374479507, 2.62790763372e-05, 5.3735571548e-09],
        "median": [0.000108102038212, 0.00318597955629, 0.0032405029051, 0.00179000920616, 0.00181553768925, 0.000796875392552, 0.00137115968391, 0.000486524077132, 0.00174158194568, 0.00110637559555, 0.000537302053999, 0.00114038260654, 0.000938374258112, 0.000936286873184, 0.00109157513361, 0.000917274155654, 0.000994137604721, 0.000670618494041, 0.00055821670685, 0.000328832451487, 0.000262318731984, 0.000173231892404, 0.000140761680086, 6.60187433823e-05, 3.98518423026e-05, 9.50968569668e-06, 8.66984595227e-10],
        "min": [2.27267406672e-07, 1.90065948118e-05, 3.6185369936e-06, 2.57946085185e-05, 5.98378610448e-05, 2.12051563722e-05, 1.52199972945e-05, 5.7438537624e-06, 6.47005217616e-05, 5.46961491636e-05, 1.96828714252e-05, 7.73397332523e-05, 0.000108541265945, 5.60440894333e-05, 6.51021764497e-05, 6.5961801738e-05, 0.000102034551674, 5.51727207494e-05, 7.39652532502e-05, 2.48797114182e-05, 2.77657309198e-05, 1.71408682945e-05, 1.70842286025e-05, 7.80564005254e-06, 2.7793762456e-06, 9.82227277291e-09, 8.97297600805e-12],
        "var": [6.93123581641e-07, 2.97500500892e-05, 1.07795067379e-05, 2.24503564823e-05, 9.73473834165e-06, 9.26138727664e-06, 6.31648754279e-06, 5.01598196934e-06, 1.58928396559e-05, 1.17616464195e-05, 9.56856297307e-07, 1.57510044119e-06, 9.24213679809e-07, 1.01899263427e-06, 1.23086715575e-06, 8.40522318413e-07, 7.74142336013e-07, 3.58628398089e-07, 3.47795207745e-07, 1.11021556393e-07, 5.44664580104e-08, 9.71295008867e-08, 5.35384003797e-07, 2.4710618618e-07, 1.07463733912e-07, 8.46866132775e-09, 7.53037012883e-16]
    },
    "erbbands": {
        "dmean": [0.114961780608, 0.807006657124, 2.36462116241, 4.98666858673, 9.6590013504, 5.38340950012, 5.15615940094, 11.6413021088, 15.8825855255, 16.1839294434, 17.782995224, 27.2351856232, 37.6408920288, 29.7564582825, 24.1576023102, 26.9554309845, 30.04545784, 28.0065631866, 37.0864448547, 37.1716537476, 27.333240509, 30.503528595, 19.9757900238, 15.1800823212, 16.7495346069, 8.35632705688, 6.17420196533, 4.80721473694, 4.02561378479, 4.00819730759, 3.52832794189, 1.93791687489, 1.3750859499, 0.813718318939, 0.361308038235, 0.116140678525, 0.0183361861855, 0.00113683624659, 2.78781553789e-05, 1.1812192497e-05],
        "dmean2": [0.190585955977, 1.46009874344, 4.08919382095, 8.31972885132, 15.6708345413, 9.14348125458, 8.55647754669, 18.4312114716, 24.8885269165, 24.6238536835, 27.5638008118, 42.3302841187, 59.3548736572, 45.1146469116, 40.2645072937, 45.1149139404, 50.3523979187, 45.0783615112, 61.9201545715, 62.074256897, 45.8546257019, 50.3184661865, 32.8634681702, 25.321018219, 27.5402030945, 13.7603435516, 10.0707216263, 7.67201280594, 6.21261835098, 5.92816066742, 5.27527427673, 2.57758545876, 2.00029611588, 1.14629471302, 0.549112141132, 0.181886047125, 0.0279886443168, 0.00177440501284, 4.11290202464e-05, 1.85761837201e-05],
        "dvar": [0.0243228748441, 2.17102098465, 16.670419693, 47.4494781494, 251.787490845, 67.5867080688, 86.0554428101, 430.23147583, 590.642822266, 1068.22314453, 943.176452637, 1449.12426758, 6309.57324219, 2012.58935547, 885.747558594, 944.122009277, 1224.97705078, 907.021118164, 2071.26733398, 1997.93945312, 905.000793457, 1027.04418945, 474.948425293, 423.55090332, 458.85559082, 98.0262832642, 57.6832427979, 45.7397613525, 70.6970367432, 112.886940002, 135.855606079, 50.6650695801, 27.2367572784, 10.6945781708, 1.52172100544, 0.177571743727, 0.00223440025002, 1.04329265014e-05, 4.65646854408e-09, 1.69004574224e-10],
        "dvar2": [0.0619155727327, 6.23266792297, 46.8886947632, 123.663970947, 655.100341797, 189.382019043, 228.445831299, 1095.57373047, 1431.54711914, 2457.8359375, 2263.36450195, 3677.65966797, 16857.5078125, 4425.44189453, 2258.28320312, 2452.00317383, 3226.64599609, 2240.74291992, 5436.09912109, 5206.64160156, 2454.57739258, 2747.52319336, 1169.64416504, 1021.80102539, 1122.20581055, 225.351547241, 145.020980835, 95.4252700806, 149.922790527, 237.420379639, 281.10055542, 74.3827438354, 49.3405418396, 18.7730560303, 3.0881357193, 0.444318264723, 0.00489182956517, 2.5013807317e-05, 9.96758853233e-09, 3.98802019186e-10],
        "max": [1.35258817673, 12.0831460953, 38.0345497131, 51.49974823, 118.645072937, 71.1247406006, 113.186828613, 273.053863525, 375.205780029, 741.944274902, 458.242736816, 615.24810791, 1277.49951172, 560.295715332, 423.800018311, 561.782348633, 364.634979248, 405.343933105, 684.278442383, 433.281036377, 339.949035645, 399.103973389, 224.796859741, 265.031799316, 341.082061768, 164.997344971, 86.7412948608, 144.485900879, 209.129119873, 233.825515747, 258.071014404, 147.382141113, 90.76171875, 60.3182220459, 20.7706642151, 11.5285396576, 1.18293178082, 0.0936010926962, 0.0016454346478, 0.000178545538802],
        "mean": [0.162337273359, 1.00845348835, 3.88575196266, 8.16556167603, 12.6187467575, 7.81125020981, 7.48718595505, 21.1276168823, 30.3677215576, 29.2437591553, 34.2482147217, 53.2329902649, 71.3133010864, 56.6883506775, 46.5209693909, 54.9402542114, 58.3313865662, 56.3492355347, 71.9336471558, 76.3252563477, 58.4243927002, 70.5851898193, 50.7920532227, 35.7405014038, 36.914680481, 19.475107193, 14.0155057907, 10.9369192123, 9.05456256866, 9.35161113739, 7.60050964355, 4.09284877777, 2.603536129, 1.44651675224, 0.667914152145, 0.201608896255, 0.0311985965818, 0.00172616890632, 6.94394839229e-05, 5.06712531205e-05],
        "median": [0.0925798639655, 0.665110349655, 3.30814433098, 5.86162424088, 7.11279201508, 4.58026361465, 3.54626774788, 8.09183502197, 18.9316596985, 14.6469526291, 18.1939105988, 35.8398857117, 32.6318626404, 32.747177124, 36.6847381592, 42.7184867859, 45.3579788208, 45.1319046021, 54.8929977417, 58.9135131836, 47.9820823669, 58.8432884216, 42.9974098206, 28.5627326965, 28.5634880066, 15.6213169098, 11.0840415955, 8.69135951996, 6.45498132706, 5.16818237305, 3.47517037392, 1.51802182198, 1.02326643467, 0.50621932745, 0.252797096968, 0.0725701153278, 0.0129189239815, 0.000776753353421, 4.29415413237e-05, 4.55612680526e-05],
        "min": [0.000557016697712, 0.00508365733549, 0.013370802626, 0.0693997815251, 0.205444276333, 0.167674571276, 0.235200420022, 0.40678730607, 0.450255304575, 0.563390791416, 1.16060864925, 1.50489616394, 2.36116337776, 2.96555352211, 4.09931135178, 6.17275333405, 7.07718420029, 4.09333753586, 5.45918416977, 4.32683086395, 5.6543598175, 6.5717663765, 4.23298978806, 2.91986656189, 2.87636780739, 1.7231426239, 1.48420119286, 1.26694846153, 0.86610686779, 0.652147114277, 0.40494337678, 0.172782152891, 0.117921248078, 0.029562715441, 0.0152494432405, 0.0030689353589, 0.000262092595221, 2.2712882128e-05, 9.50993489823e-06, 1.44110590554e-05],
        "var": [0.0366198830307, 1.62453401089, 13.6032590866, 60.4932250977, 277.700286865, 86.9800949097, 117.196609497, 1010.80578613, 1403.8203125, 2020.88781738, 2221.75170898, 3407.01586914, 15977.0810547, 4909.68310547, 1591.74243164, 2081.72290039, 1911.49279785, 1788.82641602, 3628.62841797, 3815.51196289, 1826.88537598, 2186.72338867, 1101.35949707, 785.959350586, 956.894348145, 220.648803711, 113.224662781, 82.9254226685, 116.531723022, 383.697570801, 408.01739502, 162.636627197, 57.1526184082, 22.5296268463, 3.53208565712, 0.538289368153, 0.00649672234431, 2.10621801671e-05, 1.32375959083e-08, 3.75171366196e-10]
    },
    "gfcc": {
        "mean": [60.726146698, 92.8853530884, -143.038360596, 41.0253601074, -56.3278579712, 24.5566062927, -37.1939086914, 15.1042423248, -21.6860084534, 1.52963018417, -18.1302032471, -2.39560270309, -12.9446754456],
        "cov": [[306.802062988, -201.16444397, 78.0164260864, 50.4143257141, -0.523219466209, 31.709695816, -56.8138542175, 12.2517557144, -42.1171951294, -3.45437288284, -40.9923477173, 13.7229919434, -25.8475170135], [-201.16444397, 511.041168213, -48.8317756653, -12.6178817749, 68.4126815796, -68.1338272095, 106.381324768, -27.3131408691, 75.1109390259, -6.86408948898, 71.311378479, -25.1579875946, 40.537612915], [78.0164260864, -48.8317756653, 210.524047852, 47.0650596619, -30.6312866211, 43.2618484497, -45.5707855225, -0.932892799377, -5.33212614059, 18.643573761, 0.0547913946211, 20.2745857239, -5.54379224777], [50.4143257141, -12.6178817749, 47.0650596619, 150.541534424, 57.967300415, 10.7245006561, -27.8099746704, -23.8488845825, -2.26350283623, -3.2377102375, 10.3153867722, -8.93604373932, 3.56893348694], [-0.523219466209, 68.4126815796, -30.6312866211, 57.967300415, 198.798324585, 28.8036289215, 29.8742923737, 33.3392448425, 3.9695110321, 3.96423077583, -10.5408344269, -0.497132211924, -1.75671637058], [31.709695816, -68.1338272095, 43.2618484497, 10.7245006561, 28.8036289215, 93.3732223511, 27.2583084106, 20.5178203583, -3.11854720116, -6.72478866577, -17.5150508881, 0.0475101955235, -6.7903842926], [-56.8138542175, 106.381324768, -45.5707855225, -27.8099746704, 29.8742923737, 27.2583084106, 127.658111572, 34.3267974854, 26.4816322327, -7.82102680206, 1.30380702019, -14.6133823395, -1.73302257061], [12.2517557144, -27.3131408691, -0.932892799377, -23.8488845825, 33.3392448425, 20.5178203583, 34.3267974854, 79.7998886108, 20.4579601288, 15.8546390533, -4.73490619659, 3.94921112061, -1.75841391087], [-42.1171951294, 75.1109390259, -5.33212614059, -2.26350283623, 3.9695110321, -3.11854720116, 26.4816322327, 20.4579601288, 63.2399749756, 26.2984085083, 20.709897995, -4.15632390976, 4.94077157974], [-3.45437288284, -6.86408948898, 18.643573761, -3.2377102375, 3.96423077583, -6.72478866577, -7.82102680206, 15.8546390533, 26.2984085083, 60.2328948975, 28.8543739319, 11.1814193726, -0.704472720623], [-40.9923477173, 71.311378479, 0.0547913946211, 10.3153867722, -10.5408344269, -17.5150508881, 1.30380702019, -4.73490619659, 20.709897995, 28.8543739319, 74.4504013062, 13.5871982574, 21.0371208191], [13.7229919434, -25.1579875946, 20.2745857239, -8.93604373932, -0.497132211924, 0.0475101955235, -14.6133823395, 3.94921112061, -4.15632390976, 11.1814193726, 13.5871982574, 47.5836677551, 16.6503276825], [-25.8475170135, 40.537612915, -5.54379224777, 3.56893348694, -1.75671637058, -6.7903842926, -1.73302257061, -1.75841391087, 4.94077157974, -0.704472720623, 21.0371208191, 16.6503276825, 48.4179077148]],
        "icov": [[0.00529173156247, 0.00115335313603, -0.00102740013972, -0.00179475569166, 0.000179585535079, 0.000312090414809, 0.00046472629765, -0.00156688864809, 0.00163556309417, 5.06796386617e-05, 0.00137396971695, -0.00135831569787, 0.00158795050811], [0.00115335313603, 0.0107781868428, -0.00686091464013, 0.00653229188174, -0.00913035683334, 0.0113388318568, -0.00878650136292, 0.00999473314732, -0.010923191905, 0.00938799232244, -0.00869964435697, 0.00724466331303, -0.00582809513435], [-0.00102740013972, -0.00686091464013, 0.0122264567763, -0.00736092729494, 0.00853627454489, -0.0115600656718, 0.00763177732006, -0.00733137503266, 0.0068517900072, -0.00845250766724, 0.00630069803447, -0.00782124791294, 0.00496353581548], [-0.00179475569166, 0.00653229188174, -0.00736092729494, 0.0163833089173, -0.0110333245248, 0.00698234839365, -0.00356472865678, 0.0111759537831, -0.00945417303592, 0.00870808027685, -0.00957907550037, 0.00992564111948, -0.0057803154923], [0.000179585535079, -0.00913035683334, 0.00853627454489, -0.0110333245248, 0.016051383689, -0.0115942694247, 0.00643016770482, -0.0124642560259, 0.0110935373232, -0.0104108592495, 0.00995760317892, -0.00881770253181, 0.00568701326847], [0.000312090414809, 0.0113388318568, -0.0115600656718, 0.00698234839365, -0.0115942694247, 0.0277702789754, -0.0137863932177, 0.00887497048825, -0.0104497307912, 0.0115114273503, -0.00715886289254, 0.00759352045134, -0.00612924667075], [0.00046472629765, -0.00878650136292, 0.00763177732006, -0.00356472865678, 0.00643016770482, -0.0137863932177, 0.020438361913, -0.0119463717565, 0.00456663919613, -0.003142448375, 0.00460569607094, -0.00365814100951, 0.00608377764001], [-0.00156688864809, 0.00999473314732, -0.00733137503266, 0.0111759537831, -0.0124642560259, 0.00887497048825, -0.0119463717565, 0.0296606328338, -0.0154566960409, 0.00481546577066, -0.00625647651032, 0.00655312556773, -0.00731351459399], [0.00163556309417, -0.010923191905, 0.0068517900072, -0.00945417303592, 0.0110935373232, -0.0104497307912, 0.00456663919613, -0.0154566960409, 0.0373610369861, -0.0203450489789, 0.00780247477815, -0.00364099815488, 0.00379248615354], [5.06796386617e-05, 0.00938799232244, -0.00845250766724, 0.00870808027685, -0.0104108592495, 0.0115114273503, -0.003142448375, 0.00481546577066, -0.0203450489789, 0.0384725183249, -0.0187968201935, 0.0026373132132, 0.00175239518285], [0.00137396971695, -0.00869964435697, 0.00630069803447, -0.00957907550037, 0.00995760317892, -0.00715886289254, 0.00460569607094, -0.00625647651032, 0.00780247477815, -0.0187968201935, 0.0306903943419, -0.0103644262999, -0.00210053683259], [-0.00135831569787, 0.00724466331303, -0.00782124791294, 0.00992564111948, -0.00881770253181, 0.00759352045134, -0.00365814100951, 0.00655312556773, -0.00364099815488, 0.0026373132132, -0.0103644262999, 0.0359420478344, -0.015012617223], [0.00158795050811, -0.00582809513435, 0.00496353581548, -0.0057803154923, 0.00568701326847, -0.00612924667075, 0.00608377764001, -0.00731351459399, 0.00379248615354, 0.00175239518285, -0.00210053683259, -0.015012617223, 0.0323878638446]]
    },
    "melbands": {
        "dmean": [0.00096727127675, 0.00113380583934, 0.00102477660403, 0.000519211927895, 0.00018515845295, 0.000251517514698, 0.000232996928389, 0.00017304829089, 0.000166746016475, 0.000178644288098, 0.000196245062398, 0.000137433016789, 7.27665756131e-05, 9.68490276136e-05, 8.40630382299e-05, 5.93868353462e-05, 5.49909418623e-05, 6.84200422256e-05, 5.17171902175e-05, 4.5093587687e-05, 3.38418467436e-05, 3.49284782715e-05, 3.28151691065e-05, 1.70535913639e-05, 1.33693802127e-05, 1.38699597301e-05, 1.04853352241e-05, 5.03677892993e-06, 4.75447768622e-06, 2.87005764221e-06, 3.22544178744e-06, 2.68495136879e-06, 2.02285491469e-06, 2.69639963335e-06, 2.40509325522e-06, 1.43612487591e-06, 1.28193141791e-06, 1.08341055238e-06, 8.92379489414e-07, 6.79787831359e-07],
        "dmean2": [0.00166324805468, 0.00199359771796, 0.00167980534025, 0.000857421546243, 0.000308799440973, 0.000398068252252, 0.000363919127267, 0.000264006637735, 0.000261530658463, 0.000277650135104, 0.000310572708258, 0.000208148383535, 0.000120713259093, 0.000160688941833, 0.000141248310683, 9.88334795693e-05, 8.84616747499e-05, 0.000114188995212, 8.56541882968e-05, 7.47197118471e-05, 5.7119250414e-05, 5.77665923629e-05, 5.40320652362e-05, 2.8550010029e-05, 2.25096482609e-05, 2.29565157497e-05, 1.75171899173e-05, 8.27532858239e-06, 7.73284955358e-06, 4.63331480205e-06, 5.23132348462e-06, 4.26727865488e-06, 3.09419942823e-06, 4.0563568291e-06, 3.67520374311e-06, 2.10320422411e-06, 1.832676503e-06, 1.62401363468e-06, 1.31676449655e-06, 9.44407190673e-07],
        "dvar": [1.8057669422e-06, 4.22888024332e-06, 2.43972431235e-06, 6.05579259627e-07, 1.01259949759e-07, 1.81323358106e-07, 1.1139751166e-07, 1.19651730301e-07, 6.77092018009e-08, 6.93661235118e-08, 1.67913981386e-07, 4.25117825387e-08, 9.11649866708e-09, 1.44665337487e-08, 8.4035161052e-09, 4.56269910742e-09, 3.55195384216e-09, 6.56440102276e-09, 3.97405264252e-09, 2.89557444688e-09, 1.36612277046e-09, 1.45488698866e-09, 1.38772193736e-09, 3.99557720243e-10, 3.51555062839e-10, 3.01577179895e-10, 2.02926675463e-10, 3.4204413607e-11, 3.82882198169e-11, 1.38200258529e-11, 2.11108144854e-11, 3.32499860978e-11, 1.40364586274e-11, 6.07872363556e-11, 5.7447720192e-11, 3.70178124265e-11, 2.45623400091e-11, 1.64418652304e-11, 1.30622162392e-11, 6.72909210991e-12],
        "dvar2": [5.08167795488e-06, 1.19613287097e-05, 6.20432365395e-06, 1.60791250892e-06, 2.7564527727e-07, 4.5682088512e-07, 2.71818436204e-07, 2.93836990295e-07, 1.61403264087e-07, 1.64804447422e-07, 4.46964236289e-07, 9.42675910665e-08, 2.36309141144e-08, 3.9200727997e-08, 2.17267945857e-08, 1.20569447759e-08, 8.59014104293e-09, 1.69553011631e-08, 1.09477289456e-08, 7.40685601741e-09, 3.79808096085e-09, 4.05306366247e-09, 3.4853355757e-09, 1.028774399e-09, 8.65953697637e-10, 7.31570637402e-10, 4.903552564e-10, 8.38048103136e-11, 9.82406725414e-11, 3.36649909338e-11, 4.47759988809e-11, 7.32777033496e-11, 2.94527076339e-11, 1.38570765973e-10, 1.29651719916e-10, 6.78136852228e-11, 4.55605622673e-11, 3.3914811931e-11, 2.5453108371e-11, 1.1957768109e-11],
        "max": [0.0112717784941, 0.0170171260834, 0.011427863501, 0.00646921759471, 0.00342126609758, 0.00579422106966, 0.00524240499362, 0.00695655494928, 0.00392747763544, 0.0043608234264, 0.00675183627754, 0.00241051451303, 0.00133316870779, 0.00178811815567, 0.00133997970261, 0.000975302071311, 0.000889300310519, 0.00107304239646, 0.000691821915098, 0.000727988488507, 0.000378132390324, 0.000513779523317, 0.000459146307549, 0.000249166652793, 0.000233964863583, 0.000221811613301, 0.000250620330917, 8.71815354913e-05, 8.28197953524e-05, 6.43579332973e-05, 9.46751752053e-05, 0.000145011930726, 9.79459728114e-05, 0.000179115522769, 0.000184430537047, 0.000174696513568, 0.000122377285152, 7.41296389606e-05, 6.24739186605e-05, 4.85143500555e-05],
        "mean": [0.00137286994141, 0.0018042527372, 0.00165899540298, 0.000739009352401, 0.000270287448075, 0.000471619918244, 0.000450136401923, 0.000305171357468, 0.000310536444886, 0.000347459281329, 0.000364020350389, 0.000246951327426, 0.000135081936605, 0.000166318641277, 0.000147792612552, 0.000110244516691, 0.000103854326881, 0.000116213064757, 0.00010091051081, 8.75207115314e-05, 6.32213850622e-05, 7.06566788722e-05, 6.79947042954e-05, 3.480410669e-05, 2.75054280792e-05, 2.85953046841e-05, 2.16917123907e-05, 1.0330166333e-05, 9.71526878857e-06, 6.05264676778e-06, 6.60007435727e-06, 5.30368924956e-06, 4.42322243543e-06, 5.62919012737e-06, 4.83547592012e-06, 2.88810724669e-06, 2.37176914197e-06, 1.83983388524e-06, 1.52770121531e-06, 1.12128327601e-06],
        "median": [0.000832461577374, 0.00149720418267, 0.00113465287723, 0.000487952202093, 0.000130406144308, 0.00020296353614, 0.000300044717733, 0.000143641183968, 0.000182191361091, 0.000217661261559, 0.00016376657004, 0.000135221431265, 9.92154236883e-05, 0.000124411497382, 0.000109976084786, 8.76601552591e-05, 8.09859848232e-05, 8.49339849083e-05, 8.15640378278e-05, 6.42625163891e-05, 5.10108002345e-05, 5.81131535e-05, 5.40428191016e-05, 2.91067754006e-05, 2.08970832318e-05, 2.21488553507e-05, 1.6090572899e-05, 8.33678859635e-06, 7.03065370544e-06, 4.75911474496e-06, 5.23436392541e-06, 3.79863558919e-06, 2.79039818452e-06, 2.84628208647e-06, 2.37395079239e-06, 9.47540286234e-07, 8.840510759e-07, 6.67879987759e-07, 5.73244733459e-07, 3.63742174159e-07],
        "min": [5.21053607372e-06, 9.31822614803e-06, 1.74777851498e-05, 1.03770817077e-05, 4.75784599985e-06, 6.01847204962e-06, 6.7387954914e-06, 3.41124768966e-06, 6.98311578162e-06, 7.83656651038e-06, 8.35795253806e-06, 8.5629089881e-06, 9.1169931693e-06, 1.16886149044e-05, 6.78023434375e-06, 8.22191304906e-06, 3.48954085894e-06, 5.14436032972e-06, 4.16889633925e-06, 3.63986691809e-06, 4.53983238913e-06, 4.94700498166e-06, 6.52093785902e-06, 2.17251181311e-06, 1.60489548762e-06, 1.9512065137e-06, 9.14593670132e-07, 8.90288958999e-07, 7.88263037066e-07, 4.69938754577e-07, 7.29996884274e-07, 3.1940967915e-07, 2.95309291687e-07, 1.01650300621e-07, 2.42083956437e-07, 8.71531824487e-08, 5.51332846044e-08, 5.95277747095e-08, 3.09990682013e-08, 1.20250449598e-08],
