{
"highlevel": {
    "danceability": {
        "all": {
            "danceable": 0.971199572086,
            "not_danceable": 0.0288004204631
        },
        "probability": 0.971199572086,
        "value": "danceable"
    },
    "gender": {
        "all": {
            "female": 0.612753391266,
            "male": 0.387246608734
        },
        "probability": 0.612753391266,
        "value": "female"
    },
    "genre_dortmund": {
        "all": {
            "alternative": 0.195428431034,
            "blues": 0.00642092712224,
            "electronic": 0.0199709106237,
            "folkcountry": 0.0822772756219,
            "funksoulrnb": 0.00774540891871,
            "jazz": 0.00278994580731,
            "pop": 0.0670522376895,
            "raphiphop": 0.00413535255939,
            "rock": 0.614179491997
        },
        "probability": 0.614179491997,
        "value": "rock"
    },
    "genre_electronic": {
        "all": {
            "ambient": 0.396046310663,
            "dnb": 0.145658090711,
            "house": 0.0538291037083,
            "techno": 0.0211866982281,
            "trance": 0.383279800415
        },
        "probability": 0.396046310663,
        "value": "ambient"
    },
    "genre_rosamerica": {
        "all": {
            "cla": 0.00259113055654,
            "dan": 0.0733229666948,
            "hip": 0.00337959150784,
            "jaz": 0.00211811740883,
            "pop": 0.56862527132,
            "rhy": 0.0210418198258,
            "roc": 0.327038735151,
            "spe": 0.00188239407726
        },
        "probability": 0.56862527132,
        "value": "pop"
    },
    "genre_tzanetakis": {
        "all": {
            "blu": 0.0626613423228,
            "cla": 0.0348169617355,
            "cou": 0.104475811124,
            "dis": 0.0784321576357,
            "hip": 0.15692435205,
            "jaz": 0.313974827528,
            "met": 0.0448166541755,
            "pop": 0.0627359300852,
            "reg": 0.0627360641956,
            "roc": 0.0784258767962
        },
        "probability": 0.313974827528,
        "value": "jaz"
    },
    "ismir04_rhythm": {
        "all": {
            "ChaChaCha": 0.0772804915905,
            "Jive": 0.223072960973,
            "Quickstep": 0.0178466271609,
            "Rumba-American": 0.0163086485118,
            "Rumba-International": 0.168283373117,
            "Rumba-Misc": 0.0226316023618,
            "Samba": 0.197865128517,
            "Tango": 0.0221245717257,
            "VienneseWaltz": 0.239518046379,
            "Waltz": 0.0150685515255
        },
        "probability": 0.239518046379,
        "value": "VienneseWaltz"
    },
    "mood_acoustic": {
        "all": {
            "acoustic": 0.0201919861138,
            "not_acoustic": 0.979808032513
        },
        "probability": 0.979808032513,
        "value": "not_acoustic"
    },
    "mood_aggressive": {
        "all": {
            "aggressive": 0.599056661129,
            "not_aggressive": 0.400943338871
        },
        "probability": 0.599056661129,
        "value": "aggressive"
    },
    "mood_electronic": {
        "all": {
            "electronic": 0.550213396549,
            "not_electronic": 0.449786633253
        },
        "probability": 0.550213396549,
        "value": "electronic"
    },
    "mood_happy": {
        "all": {
            "happy": 0.436176598072,
            "not_happy": 0.563823401928
        },
        "probability": 0.563823401928,
        "value": "not_happy"
    },
    "mood_party": {
        "all": {
            "not_party": 0.659869909286,
            "party": 0.340130060911
        },
        "probability": 0.659869909286,
        "value": "not_party"
    },
    "mood_relaxed": {
        "all": {
            "not_relaxed": 0.961369395256,
            "relaxed": 0.0386306010187
        },
        "probability": 0.961369395256,
        "value": "not_relaxed"
    },
    "mood_sad": {
        "all": {
            "not_sad": 0.51164829731,
            "sad": 0.488351732492
        },
        "probability": 0.51164829731,
        "value": "not_sad"
    },
    "moods_mirex": {
        "all": {
            "Cluster1": 0.27098107338,
            "Cluster2": 0.262503653765,
            "Cluster3": 0.188102632761,
            "Cluster4": 0.128950685263,
            "Cluster5": 0.149461969733
        },
        "probability": 0.27098107338,
        "value": "Cluster1"
    },
    "timbre": {
        "all": {
            "bright": 0.902307212353,
            "dark": 0.0976927876472
        },
        "probability": 0.902307212353,
        "value": "bright"
    },
    "tonal_atonal": {
        "all": {
            "atonal": 0.039995867759,
            "tonal": 0.960004150867
        },
        "probability": 0.960004150867,
        "value": "tonal"
    },
    "voice_instrumental": {
        "all": {
            "instrumental": 0.000278594088741,
            "voice": 0.99972140789
        },
        "probability": 0.99972140789,
        "value": "voice"
    }
},
"lowlevel": {
    "average_loudness": 0.967934906483,
    "barkbands_crest": {
        "dmean": 2.6998898983,
        "dmean2": 4.31121444702,
        "dvar": 7.58714818954,
        "dvar2": 18.8309001923,
        "max": 23.5969657898,
        "mean": 9.71959018707,
        "median": 8.81359767914,
        "min": 3.18072080612,
        "var": 16.863822937
    },
    "barkbands_flatness_db": {
        "dmean": 0.0183318536729,
        "dmean2": 0.0298097077757,
        "dvar": 0.000398668751586,
        "dvar2": 0.00112737843301,
        "max": 0.257427811623,
        "mean": 0.130485028028,
        "median": 0.128604933619,
        "min": 0.0495940968394,
        "var": 0.00105538882781
    },
    "barkbands_kurtosis": {
        "dmean": 2.27333426476,
        "dmean2": 3.68789339066,
        "dvar": 26.1322994232,
        "dvar2": 69.4034881592,
        "max": 84.9170532227,
        "mean": 2.51843595505,
        "median": 1.2694439888,
        "min": -1.74452006817,
        "var": 27.5961093903
    },
    "barkbands_skewness": {
        "dmean": 0.480285406113,
        "dmean2": 0.736916482449,
        "dvar": 0.32589006424,
        "dvar2": 0.781161427498,
        "max": 8.49948406219,
        "mean": 1.34672319889,
        "median": 1.19491612911,
        "min": -0.799409091473,
        "var": 0.738877654076
    },
    "barkbands_spread": {
        "dmean": 5.01973819733,
        "dmean2": 7.76358938217,
        "dvar": 31.3842639923,
        "dvar2": 66.5617446899,
        "max": 92.9698867798,
        "mean": 23.6735496521,
        "median": 21.4266490936,
        "min": 3.39770483971,
        "var": 129.192871094
    },
    "dissonance": {
        "dmean": 0.0219634138048,
        "dmean2": 0.0371291935444,
        "dvar": 0.000358598015737,
        "dvar2": 0.00100785447285,
        "max": 0.499671727419,
        "mean": 0.458209425211,
        "median": 0.463053971529,
        "min": 0.33729404211,
        "var": 0.000674079463352
    },
    "dynamic_complexity": 1.07928466797,
    "erbbands_crest": {
        "dmean": 2.70594120026,
        "dmean2": 4.43909835815,
        "dvar": 5.97665262222,
        "dvar2": 16.1699562073,
        "max": 23.0827732086,
        "mean": 8.54569244385,
        "median": 7.70636177063,
        "min": 2.87344574928,
        "var": 12.5340032578
    },
    "erbbands_flatness_db": {
        "dmean": 0.0146018611267,
        "dmean2": 0.0225277561694,
        "dvar": 0.000161775475135,
        "dvar2": 0.000345098495018,
        "max": 0.23214033246,
        "mean": 0.14269477129,
        "median": 0.142474666238,
        "min": 0.067138671875,
        "var": 0.000811089470517
    },
    "erbbands_kurtosis": {
        "dmean": 0.777036070824,
        "dmean2": 1.25268638134,
        "dvar": 0.796041369438,
        "dvar2": 1.9456692934,
        "max": 15.732011795,
        "mean": 0.678637087345,
        "median": 0.346364498138,
        "min": -1.61156582832,
        "var": 2.24408698082
    },
    "erbbands_skewness": {
        "dmean": 0.328665167093,
        "dmean2": 0.51874601841,
        "dvar": 0.078616566956,
        "dvar2": 0.204491361976,
        "max": 2.53905034065,
        "mean": 0.474267721176,
        "median": 0.473040044308,
        "min": -1.16117167473,
        "var": 0.230480477214
    },
    "erbbands_spread": {
        "dmean": 7.68672513962,
        "dmean2": 11.6352720261,
        "dvar": 62.3840446472,
        "dvar2": 124.063865662,
        "max": 108.651329041,
        "mean": 36.0575675964,
        "median": 32.482925415,
        "min": 7.56676483154,
        "var": 267.505218506
    },
    "hfc": {
        "dmean": 7.98280525208,
        "dmean2": 12.1536512375,
        "dvar": 83.3952255249,
        "dvar2": 178.830337524,
        "max": 131.623214722,
        "mean": 35.5171356201,
        "median": 32.1594581604,
        "min": 5.21077251434,
        "var": 372.839263916
    },
    "melbands_crest": {
        "dmean": 3.02754545212,
        "dmean2": 4.59171819687,
        "dvar": 7.40588092804,
        "dvar2": 17.3838119507,
        "max": 29.6100006104,
        "mean": 13.6325311661,
        "median": 12.7122564316,
        "min": 4.5749464035,
        "var": 25.4534912109
    },
    "melbands_flatness_db": {
        "dmean": 0.0232981331646,
        "dmean2": 0.0365212634206,
        "dvar": 0.000657144235447,
        "dvar2": 0.00176485336851,
        "max": 0.372503608465,
        "mean": 0.192596182227,
        "median": 0.188196137547,
        "min": 0.0801417976618,
        "var": 0.0020198286511
    },
    "melbands_kurtosis": {
        "dmean": 6.17402172089,
        "dmean2": 9.97515487671,
        "dvar": 233.906173706,
        "dvar2": 617.693786621,
        "max": 244.927429199,
        "mean": 9.1848897934,
        "median": 5.38927936554,
        "min": -1.07039690018,
        "var": 229.093170166
    },
    "melbands_skewness": {
        "dmean": 0.678410232067,
        "dmean2": 1.03454971313,
        "dvar": 0.720741510391,
        "dvar2": 1.68893539906,
        "max": 12.7685623169,
        "mean": 2.27033138275,
        "median": 2.03238177299,
        "min": -0.687642633915,
        "var": 1.62150645256
    },
    "melbands_spread": {
        "dmean": 5.73292541504,
        "dmean2": 8.93849849701,
        "dvar": 31.6871242523,
        "dvar2": 71.6561203003,
        "max": 82.1615829468,
        "mean": 22.8892192841,
        "median": 21.2033233643,
        "min": 1.54877531528,
        "var": 109.941467285
    },
    "pitch_salience": {
        "dmean": 0.0739598497748,
        "dmean2": 0.123162597418,
        "dvar": 0.00659139081836,
        "dvar2": 0.0176019947976,
        "max": 0.822641730309,
        "mean": 0.510085821152,
        "median": 0.515244662762,
        "min": 0.11733430624,
        "var": 0.0106590706855
    },
    "silence_rate_20dB": {
        "dmean": 0,
        "dmean2": 0,
        "dvar": 0,
        "dvar2": 0,
        "max": 1,
        "mean": 1,
        "median": 1,
        "min": 1,
        "var": 0
    },
    "silence_rate_30dB": {
        "dmean": 0.0681114569306,
        "dmean2": 0.136328428984,
        "dvar": 0.0634718760848,
        "dvar2": 0.127037718892,
        "max": 1,
        "mean": 0.926527440548,
        "median": 1,
        "min": 0,
        "var": 0.068075671792
    },
    "silence_rate_60dB": {
        "dmean": 0,
        "dmean2": 0,
        "dvar": 0,
        "dvar2": 0,
        "max": 0,
        "mean": 0,
        "median": 0,
        "min": 0,
        "var": 0
    },
    "spectral_centroid": {
        "dmean": 175.477050781,
        "dmean2": 281.57635498,
        "dvar": 28613.6972656,
        "dvar2": 70430.234375,
        "max": 2530.03320312,
        "mean": 1128.76062012,
        "median": 1093.3704834,
        "min": 382.777557373,
        "var": 124310.234375
    },
    "spectral_complexity": {
        "dmean": 3.56037139893,
        "dmean2": 5.73121595383,
        "dvar": 12.1178760529,
        "dvar2": 30.1717147827,
        "max": 55,
        "mean": 23.5723133087,
        "median": 23,
        "min": 10,
        "var": 38.5295829773
    },
    "spectral_decrease": {
        "dmean": 3.96554389326e-09,
        "dmean2": 6.00083893687e-09,
        "dvar": 2.89134630371e-17,
        "dvar2": 6.5754969172e-17,
        "max": -2.47851561497e-09,
        "mean": -1.36962112762e-08,
        "median": -1.18906848812e-08,
        "min": -5.92811950639e-08,
        "var": 5.69904678039e-17
    },
    "spectral_energy": {
        "dmean": 0.0152426175773,
        "dmean2": 0.0230138208717,
        "dvar": 0.000411128654378,
        "dvar2": 0.000925655069295,
        "max": 0.22648024559,
        "mean": 0.0549140870571,
        "median": 0.0480276905,
        "min": 0.00985879451036,
        "var": 0.000847248360515
    },
    "spectral_energyband_high": {
        "dmean": 0.000537536980119,
        "dmean2": 0.000759681977797,
        "dvar": 8.41967619181e-07,
        "dvar2": 1.56129465267e-06,
        "max": 0.0137435374781,
        "mean": 0.0015016492689,
        "median": 0.000867155613378,
        "min": 3.58053803211e-05,
        "var": 3.27971110892e-06
    },
    "spectral_energyband_low": {
        "dmean": 0.0133875142783,
        "dmean2": 0.0206991918385,
        "dvar": 0.000539439904969,
        "dvar2": 0.00134331127629,
        "max": 0.217448860407,
        "mean": 0.0259629301727,
        "median": 0.0175815336406,
        "min": 0.00150443159509,
        "var": 0.000742978940252
    },
    "spectral_energyband_middle_high": {
        "dmean": 0.00307373632677,
        "dmean2": 0.00503281829879,
        "dvar": 1.04808214019e-05,
        "dvar2": 2.73673613265e-05,
        "max": 0.0415912307799,
        "mean": 0.00954368337989,
        "median": 0.00819211918861,
        "min": 0.000985249993391,
        "var": 3.629994535e-05
    },
    "spectral_energyband_middle_low": {
        "dmean": 0.00656647933647,
        "dmean2": 0.010911189951,
        "dvar": 5.11465732416e-05,
        "dvar2": 0.000138903866173,
        "max": 0.0750352889299,
        "mean": 0.0188632849604,
        "median": 0.0170768797398,
        "min": 0.00297712697648,
        "var": 8.07361429906e-05
    },
    "spectral_entropy": {
        "dmean": 0.127227693796,
        "dmean2": 0.198172196746,
        "dvar": 0.0172040034086,
        "dvar2": 0.0399637185037,
        "max": 8.49223327637,
        "mean": 7.61566257477,
        "median": 7.6278386116,
        "min": 6.74293375015,
        "var": 0.0878540202975
    },
    "spectral_flux": {
        "dmean": 0.0318295545876,
        "dmean2": 0.0468633361161,
        "dvar": 0.00129812164232,
        "dvar2": 0.00233613583259,
        "max": 0.375648617744,
        "mean": 0.115985840559,
        "median": 0.103605613112,
        "min": 0.0317653678358,
        "var": 0.00296857091598
    },
    "spectral_kurtosis": {
        "dmean": 1.18587887287,
        "dmean2": 1.93833589554,
        "dvar": 1.5003131628,
        "dvar2": 3.68413686752,
        "max": 15.1833686829,
        "mean": 3.79896569252,
        "median": 3.38037633896,
        "min": -1.18705391884,
        "var": 5.20757007599
    },
    "spectral_rms": {
        "dmean": 0.000936304626521,
        "dmean2": 0.00139572669286,
        "dvar": 1.02011063063e-06,
        "dvar2": 2.19439516513e-06,
        "max": 0.0148646002635,
        "mean": 0.00711208023131,
        "median": 0.00684516504407,
        "min": 0.00310134422034,
        "var": 2.99296675621e-06
    },
    "spectral_rolloff": {
        "dmean": 425.613677979,
        "dmean2": 713.782592773,
        "dvar": 639701.125,
        "dvar2": 1452082.75,
        "max": 9345.41015625,
        "mean": 1292.92236328,
        "median": 1098.19335938,
        "min": 86.1328125,
        "var": 1267439.25
    },
    "spectral_skewness": {
        "dmean": 0.187554389238,
        "dmean2": 0.293960213661,
        "dvar": 0.0320420525968,
        "dvar2": 0.0674665495753,
        "max": 2.96053266525,
        "mean": 1.63880968094,
        "median": 1.60434734821,
        "min": 0.261119633913,
        "var": 0.160650536418
    },
    "spectral_spread": {
        "dmean": 539258.6875,
        "dmean2": 773988.3125,
        "dvar": 386885091328,
        "dvar2": 633881821184,
        "max": 13323637,
        "mean": 5002682,
        "median": 4752374,
        "min": 2227555.75,
        "var": 2.13147988787e+12
    },
    "spectral_strongpeak": {
        "dmean": 0.690860211849,
        "dmean2": 1.22495114803,
        "dvar": 1.38168907166,
        "dvar2": 3.53886079788,
        "max": 10.5826759338,
        "mean": 0.960164785385,
        "median": 0.503307878971,
        "min": 0.0540093109012,
        "var": 1.57246220112
    },
    "zerocrossingrate": {
        "dmean": 0.00839828606695,
        "dmean2": 0.0101529220119,
        "dvar": 9.70932014752e-05,
        "dvar2": 0.000114205249702,
        "max": 0.2177734375,
        "mean": 0.0556651949883,
        "median": 0.05029296875,
        "min": 0.0087890625,
        "var": 0.000717140792403
    },
    "barkbands": {
        "dmean": [0.000285109243123, 0.0116776777431, 0.0033076016698, 0.00119220046327, 0.00227460428141, 0.00178818544373, 0.00196870253421, 0.0012986920774, 0.00186097598635, 0.000424385390943, 0.000864893372636, 0.00104710261803, 0.000875833677128, 0.000970775203314, 0.000693656329531, 0.000422334793257, 0.000266826798907, 0.000197254485101, 0.000100327590189, 0.000103223930637, 8.856876957e-05, 0.000162046359037, 0.000160676936503, 0.000132825080073, 9.54811985139e-05, 3.87514555769e-05, 9.85192372127e-08],
        "dmean2": [0.00039520196151, 0.0182016603649, 0.00578999100253, 0.00209235330112, 0.00390919065103, 0.00276420451701, 0.00308403908275, 0.00207951944321, 0.00293577765115, 0.000699939671904, 0.00136390700936, 0.00176279887091, 0.00145849946421, 0.00156107766088, 0.00112754048314, 0.000697994430084, 0.000423280289397, 0.000330991955707, 0.000167445177794, 0.000173420339706, 0.000142531833262, 0.000246661278652, 0.000237655054661, 0.000200890412088, 0.000143063502037, 5.71685777686e-05, 1.6213137144e-07],
        "dvar": [1.38927106264e-07, 0.00045578222489, 4.67241698061e-05, 3.80917140319e-06, 1.43128290802e-05, 8.09347056929e-06, 7.15096484782e-06, 5.90328500039e-06, 9.13177063921e-06, 4.81362405935e-07, 1.12246266326e-06, 4.18281797465e-06, 2.67206814897e-06, 2.40573967858e-06, 1.99471401174e-06, 1.0107394246e-06, 3.27780128373e-07, 6.46627213996e-08, 2.07725463497e-08, 1.82474693133e-08, 2.37062334207e-08, 5.59377255627e-08, 8.65934737249e-08, 7.33710123768e-08, 4.95552789914e-08, 7.16467063455e-09, 9.91858505051e-14],
        "dvar2": [2.77479898614e-07, 0.00113357009832, 0.000136045608087, 1.11525978355e-05, 4.05541759392e-05, 1.94983440451e-05, 1.81575087481e-05, 1.58263101184e-05, 2.19048361032e-05, 1.32701120492e-06, 2.69167526312e-06, 1.09217844511e-05, 7.43109148971e-06, 6.41737369733e-06, 5.13828354087e-06, 2.77780850411e-06, 6.710819207e-07, 1.60640368563e-07, 5.25388230699e-08, 5.03500707794e-08, 6.13468742472e-08, 1.2732695609e-07, 1.56291079634e-07, 1.37174069437e-07, 9.30916925768e-08, 1.35670488177e-08, 2.33657657025e-13],
        "max": [0.00358954677358, 0.187168955803, 0.0799551904202, 0.0180807486176, 0.0401670634747, 0.04488799721, 0.0375558063388, 0.0343119762838, 0.0343826189637, 0.0103734862059, 0.013775494881, 0.0362281538546, 0.0233556479216, 0.0157023817301, 0.024818263948, 0.0144169069827, 0.0120242452249, 0.00470387656242, 0.00174439896364, 0.00132399634458, 0.00182923255488, 0.00288636819459, 0.00591186061502, 0.00441636051983, 0.00349560496397, 0.0013687381288, 5.84671397519e-06],
        "mean": [0.000583272136282, 0.0199166536331, 0.0045741009526, 0.00190004729666, 0.00390635849908, 0.00327950832434, 0.00422856444493, 0.00213931803592, 0.00324482377619, 0.000719623989426, 0.00148159614764, 0.00168334483169, 0.00137115607504, 0.00152188260108, 0.0011156166438, 0.000649484165478, 0.000466197292553, 0.000343577819876, 0.000179598006071, 0.000186640565516, 0.000150939100422, 0.000372948561562, 0.000377754622605, 0.000298353203107, 0.000166208468727, 5.64786896575e-05, 8.59323989744e-08],
        "median": [0.000386409723433, 0.0121923722327, 0.00255510676652, 0.00118646491319, 0.00260029220954, 0.00185473251622, 0.00292559131049, 0.00116468034685, 0.00156737689395, 0.000422973302193, 0.0010312955128, 0.00080193427857, 0.000702543300577, 0.000859298626892, 0.000461278657895, 0.000304432789562, 0.000213843231904, 0.000226761068916, 0.000116162591439, 0.000130610424094, 8.37029219838e-05, 0.000235151630477, 0.000193793530343, 0.000132753586513, 5.67797542317e-05, 1.65983547049e-05, 3.16002091161e-09],
        "min": [3.75179922685e-07, 0.000275820377283, 2.82604705717e-05, 1.32965278681e-05, 0.000115574337542, 7.75715161581e-05, 2.59199623542e-05, 2.01351940632e-05, 1.2982914086e-05, 2.68388102995e-05, 4.75832639495e-05, 2.48436226684e-05, 2.94995625154e-05, 3.92410765926e-05, 1.55939651449e-05, 1.00374963949e-05, 4.65760922452e-06, 6.87168540026e-06, 5.12956057719e-06, 3.81877089239e-06, 2.57045280705e-06, 4.04021511713e-06, 5.86304565786e-07, 1.02711294403e-06, 6.77360176837e-08, 3.45970807558e-10, 1.01965502014e-11],
        "var": [3.13521667294e-07, 0.000592703116126, 4.10948850913e-05, 4.40085159426e-06, 1.77551337401e-05, 1.62400083354e-05, 1.90126302186e-05, 9.19054218684e-06, 2.06369622902e-05, 9.02385579593e-07, 2.15196087083e-06, 8.03451257525e-06, 4.23132814831e-06, 3.89699016523e-06, 3.98835845772e-06, 1.43336626479e-06, 7.63049285979e-07, 1.41568065715e-07, 3.58137661749e-08, 2.90711277273e-08, 3.50901920854e-08, 1.67284113672e-07, 2.882233332e-07, 2.54962259305e-07, 1.23652753814e-07, 1.65433196031e-08, 9.64598884166e-14]
    },
    "erbbands": {
        "dmean": [0.283644288778, 2.97966551781, 4.69436073303, 3.03857541084, 5.54068136215, 8.91499900818, 9.45370483398, 17.4935321808, 18.5938034058, 36.9330177307, 29.206943512, 35.6069450378, 25.9666481018, 20.8214321136, 32.7221107483, 32.624294281, 36.4763259888, 48.2525291443, 29.6846103668, 27.29047966, 25.8318824768, 14.4934873581, 11.9605798721, 5.55957269669, 5.12492609024, 4.88328790665, 2.93113183975, 3.95464920998, 5.91226100922, 5.19900274277, 5.06244039536, 3.40938234329, 2.04973006248, 1.19484090805, 0.68483299017, 0.279174238443, 0.0561063438654, 0.00325270998292, 7.57471716497e-05, 1.95000520762e-05],
        "dmean2": [0.397614449263, 4.81392097473, 8.06138801575, 5.27476644516, 9.8153553009, 15.3080320358, 15.452586174, 26.9268856049, 28.6067752838, 58.5993766785, 46.1841125488, 54.8823051453, 41.5044708252, 32.8918190002, 52.8955879211, 54.4714241028, 60.741268158, 78.685333252, 48.1668624878, 44.3439025879, 42.5368309021, 23.450012207, 19.9601669312, 9.17387199402, 8.67237472534, 8.27742481232, 4.82459592819, 6.28055286407, 9.02902698517, 7.96674823761, 7.60775089264, 5.14711856842, 3.0507478714, 1.77619493008, 1.07096922398, 0.409307181835, 0.0837638527155, 0.00537989893928, 0.000112619294669, 2.81124721369e-05],
        "dvar": [0.22286708653, 33.2968330383, 99.1937255859, 27.5472564697, 115.355178833, 194.664932251, 236.592102051, 868.918640137, 798.843322754, 2677.84765625, 2777.41235352, 3668.12255859, 2857.6652832, 674.234985352, 2083.70996094, 3779.66186523, 5395.875, 7257.18261719, 2388.45581055, 2363.35375977, 4227.95068359, 645.040405273, 260.059539795, 67.1923599243, 45.2285995483, 48.8173027039, 27.3152809143, 43.0451698303, 80.7187652588, 74.201133728, 90.7409362793, 44.2467308044, 22.4485301971, 9.44632053375, 2.34638857841, 0.385512053967, 0.0176296997815, 5.46008814126e-05, 2.44101165947e-08, 6.37206509779e-10],
        "dvar2": [0.417002260685, 87.3805465698, 282.06072998, 79.509262085, 325.640991211, 551.098327637, 565.257019043, 2087.93725586, 2044.39855957, 6809.79638672, 6960.21533203, 8607.234375, 7277.75537109, 1528.88366699, 5186.67089844, 9808.43652344, 15471.5302734, 18683.0449219, 6289.41894531, 5881.12011719, 11645.8955078, 1560.43725586, 652.409667969, 167.842178345, 117.502288818, 139.365661621, 72.8547668457, 108.589645386, 191.315322876, 147.580307007, 178.759841919, 90.9929656982, 41.7655754089, 17.6316242218, 5.03450059891, 0.753901720047, 0.0372265912592, 0.000129156585899, 5.01620291971e-08, 1.25594756817e-09],
        "max": [3.74429178238, 49.6177444458, 106.182510376, 59.7894248962, 131.939529419, 166.667144775, 172.990844727, 473.366607666, 338.205291748, 742.569702148, 608.841369629, 1013.35577393, 859.696044922, 319.583190918, 695.465759277, 877.00390625, 1240.99853516, 972.12701416, 669.438415527, 721.363952637, 877.551330566, 340.660919189, 302.119049072, 125.952514648, 67.2953796387, 75.0666656494, 77.7410583496, 76.7753067017, 119.809333801, 120.840522766, 202.918365479, 96.2648239136, 92.1826248169, 55.716545105, 19.4054336548, 9.61838626862, 2.50901651382, 0.11781745404, 0.00254131411202, 0.000304595421767],
        "mean": [0.529466927052, 4.45723581314, 7.08560991287, 5.23586606979, 9.09245586395, 14.2755661011, 16.7971553802, 32.2638282776, 43.3133049011, 73.0454025269, 51.1249351501, 61.521572113, 48.1918945312, 41.0056610107, 59.8948059082, 56.5939979553, 62.6431694031, 79.8446807861, 53.483959198, 49.5505027771, 41.3802337646, 26.7870922089, 21.4175853729, 10.9421806335, 9.88950538635, 8.82293224335, 5.03872108459, 7.30812263489, 12.9012470245, 12.1919488907, 11.3767328262, 7.65145540237, 4.18973064423, 2.11502981186, 1.06082737446, 0.410432577133, 0.0776972845197, 0.0038432481233, 0.000139859097544, 7.43873824831e-05],
        "median": [0.26425459981, 2.55019450188, 4.36870956421, 3.67465591431, 5.4038567543, 8.96286869049, 9.88407421112, 18.6420936584, 29.6822605133, 50.494140625, 26.8546581268, 29.9180717468, 24.3275642395, 29.3971004486, 39.3289527893, 29.9517154694, 34.2393264771, 42.307598114, 31.0462875366, 25.5103130341, 17.9296207428, 13.3147411346, 14.18887043, 7.68022727966, 6.8680973053, 6.22313833237, 3.07440161705, 3.9181432724, 7.81032419205, 6.66261959076, 6.00903987885, 3.35864067078, 1.92579805851, 0.629512786865, 0.424432039261, 0.12311771512, 0.0232257023454, 0.0012232781155, 6.82217505528e-05, 6.33298623143e-05],
        "min": [0.00396596174687, 0.0842001587152, 0.0728777945042, 0.139895692468, 0.367724269629, 0.256633341312, 0.835569620132, 1.14392268658, 1.91004645824, 1.168166399, 1.05904102325, 0.771275579929, 1.47371315956, 2.3124730587, 1.76574003696, 2.8679523468, 1.99694168568, 2.04536342621, 2.63441467285, 0.837577283382, 0.739722013474, 0.61847537756, 0.391358792782, 0.23099167645, 0.314321190119, 0.274936527014, 0.0922723710537, 0.0966562479734, 0.128671303391, 0.091253824532, 0.036448314786, 0.0330430045724, 0.00813943427056, 0.00380968628451, 0.00130990461912, 0.000212420403841, 4.43979697593e-05, 5.956908808e-06, 6.99721795172e-06, 1.15644388643e-05],
        "var": [0.472564071417, 34.6587257385, 87.1311950684, 30.5389270782, 136.166793823, 247.857666016, 398.067260742, 1699.0447998, 1843.18237305, 5441.96191406, 4654.37451172, 8146.6328125, 6048.32617188, 1436.92028809, 4501.05908203, 7044.78125, 8464.05859375, 12367.4648438, 4617.79296875, 5150.76367188, 6427.61230469, 1672.20837402, 597.833557129, 121.397209167, 89.2064361572, 73.2096099854, 33.8504905701, 79.521446228, 212.43687439, 246.662704468, 264.790008545, 141.740631104, 67.2755126953, 25.1537570953, 4.32540035248, 0.819385707378, 0.0341531522572, 7.13822228136e-05, 5.07143091966e-08, 1.79685921697e-09]
    },
    "gfcc": {
        "mean": [60.0057563782, 101.404579163, -112.949913025, 31.3930301666, -64.1153564453, 35.3516540527, -40.9428062439, 13.2205991745, -12.772521019, 8.8274679184, -9.74770927429, 3.73659992218, -12.2667303085],
        "cov": [[1096.421875, -624.580566406, 62.6981964111, 145.817306519, -64.7046966553, 110.390846252, -75.4261703491, 59.6495018005, -3.25215148926, 55.5072021484, -92.1299972534, 126.482498169, -18.6286239624], [-624.580566406, 586.905700684, -127.266777039, -73.6009750366, 86.5436706543, -125.834968567, 77.9170150757, -46.1742324829, 20.6968708038, -62.7715263367, 66.7124252319, -119.927780151, 8.4574508667], [62.6981964111, -127.266777039, 313.640441895, -17.1377944946, 2.6806037426, 52.751335144, -10.2922124863, 17.0505485535, -49.1163673401, 59.2563056946, -28.343919754, 57.6261444092, -11.1158409119], [145.817306519, -73.6009750366, -17.1377944946, 194.791152954, 6.42947053909, -29.9032592773, -24.8731212616, -17.0832481384, 48.2522506714, -36.101474762, -12.1780385971, 25.4891033173, 21.1287136078], [-64.7046966553, 86.5436706543, 2.6806037426, 6.42947053909, 130.158950806, -19.4483299255, 27.1234283447, 18.4476490021, 7.27671337128, 4.84843969345, -11.5413303375, 6.49886465073, 2.1198489666], [110.390846252, -125.834968567, 52.751335144, -29.9032592773, -19.4483299255, 155.829360962, 23.8599967957, 17.2925052643, -18.3657722473, 29.831823349, 21.4971485138, 7.45373344421, 5.22406816483], [-75.4261703491, 77.9170150757, -10.2922124863, -24.8731212616, 27.1234283447, 23.8599967957, 91.6664276123, 17.427898407, 2.78611540794, 3.72878432274, 16.8402347565, -13.1586790085, -14.9283494949], [59.6495018005, -46.1742324829, 17.0505485535, -17.0832481384, 18.4476490021, 17.2925052643, 17.427898407, 87.6589508057, 23.3235321045, 21.6167964935, -1.16225659847, 13.5907716751, 10.327580452], [-3.25215148926, 20.6968708038, -49.1163673401, 48.2522506714, 7.27671337128, -18.3657722473, 2.78611540794, 23.3235321045, 115.942276001, 5.5221824646, -4.55851459503, 3.31032156944, 18.2044181824], [55.5072021484, -62.7715263367, 59.2563056946, -36.101474762, 4.84843969345, 29.831823349, 3.72878432274, 21.6167964935, 5.5221824646, 76.7424545288, 9.47524261475, 17.6502857208, -8.20162391663], [-92.1299972534, 66.7124252319, -28.343919754, -12.1780385971, -11.5413303375, 21.4971485138, 16.8402347565, -1.16225659847, -4.55851459503, 9.47524261475, 89.237449646, -5.67531919479, 2.64997363091], [126.482498169, -119.927780151, 57.6261444092, 25.4891033173, 6.49886465073, 7.45373344421, -13.1586790085, 13.5907716751, 3.31032156944, 17.6502857208, -5.67531919479, 100.682380676, 17.3547229767], [-18.6286239624, 8.4574508667, -11.1158409119, 21.1287136078, 2.1198489666, 5.22406816483, -14.9283494949, 10.327580452, 18.2044181824, -8.20162391663, 2.64997363091, 17.3547229767, 80.175239563]],
        "icov": [[0.00278821750544, 0.00210195686668, 0.00117418391164, -0.00180777965579, 0.00023216624686, -0.000728139479179, 0.000269153533736, -0.00122881261632, 0.00105669430923, -0.0014312742278, 0.00169304560404, -0.000843683897983, 0.0010553386528], [0.00210195686668, 0.0120306890458, -0.00163319765124, 0.00512907654047, -0.00642661424354, 0.00847122818232, -0.00681860093027, 0.0058732284233, -0.00434019742534, 0.0066123441793, -0.00837800092995, 0.00875518005341, -0.00472333561629], [0.00117418391164, -0.00163319765124, 0.00610138988122, -0.00304262153804, 0.00176901835948, -0.00348245864734, 0.00198082672432, -0.00263756117783, 0.00427181273699, -0.00609848322347, 0.00512672634795, -0.00454576592892, 0.00220228871331], [-0.00180777965579, 0.00512907654047, -0.00304262153804, 0.0126941436902, -0.00503947027028, 0.006101034116, -0.00302269612439, 0.0067918500863, -0.00776408147067, 0.0100350053981, -0.00745833572, 0.00429087691009, -0.00432306528091], [0.00023216624686, -0.00642661424354, 0.00176901835948, -0.00503947027028, 0.0133082997054, -0.00390199711546, 0.000900628103409, -0.00580817833543, 0.00406439881772, -0.00638426328078, 0.0077334237285, -0.00639150198549, 0.00267538265325], [-0.000728139479179, 0.00847122818232, -0.00348245864734, 0.006101034116, -0.00390199711546, 0.0162942800671, -0.00873389840126, 0.00524505786598, -0.00337602314539, 0.00467547494918, -0.00999951828271, 0.00852992665023, -0.00668485602364], [0.000269153533736, -0.00681860093027, 0.00198082672432, -0.00302269612439, 0.000900628103409, -0.00873389840126, 0.0193627085537, -0.00683784484863, 0.00212873821147, -0.0030569836963, 0.00395306898281, -0.00532331550494, 0.00710992049426], [-0.00122881261632, 0.0058732284233, -0.00263756117783, 0.0067918500863, -0.00580817833543, 0.00524505786598, -0.00683784484863, 0.0195994824171, -0.00724118901417, 0.00356549187563, -0.00629027094692, 0.00505668204278, -0.00592440087348], [0.00105669430923, -0.00434019742534, 0.00427181273699, -0.00776408147067, 0.00406439881772, -0.00337602314539, 0.00212873821147, -0.00724118901417, 0.0157637149096, -0.00913881137967, 0.00693996995687, -0.00443062884733, 0.000998862204142], [-0.0014312742278, 0.0066123441793, -0.00609848322347, 0.0100350053981, -0.00638426328078, 0.00467547494918, -0.0030569836963, 0.00356549187563, -0.00913881137967, 0.0273981224746, -0.0113353747874, 0.00492618605494, -0.00149835576303], [0.00169304560404, -0.00837800092995, 0.00512672634795, -0.00745833572, 0.0077334237285, -0.00999951828271, 0.00395306898281, -0.00629027094692, 0.00693996995687, -0.0113353747874, 0.0232472773641, -0.00924218259752, 0.0044436827302], [-0.000843683897983, 0.00875518005341, -0.00454576592892, 0.00429087691009, -0.00639150198549, 0.00852992665023, -0.00532331550494, 0.00505668204278, -0.00443062884733, 0.00492618605494, -0.00924218259752, 0.0214333217591, -0.00773400207981], [0.0010553386528, -0.00472333561629, 0.00220228871331, -0.00432306528091, 0.00267538265325, -0.00668485602364, 0.00710992049426, -0.00592440087348, 0.000998862204142, -0.00149835576303, 0.0044436827302, -0.00773400207981, 0.0182597022504]]
    },
    "melbands": {
        "dmean": [0.00287629361264, 0.00294457818381, 0.000593542295974, 0.000504155643284, 0.000335798016749, 0.000376997777494, 0.000315642479109, 0.000386804138543, 0.00024698258494, 0.000236901425524, 0.000131897308165, 8.04033697932e-05, 0.000119418502436, 0.000118402160297, 8.55995676829e-05, 0.000100776574982, 8.82000895217e-05, 5.12865954079e-05, 6.52763555991e-05, 2.18514469452e-05, 3.39490798069e-05, 1.54254921654e-05, 1.34687425088e-05, 9.8238378996e-06, 4.5132815103e-06, 3.89909928344e-06, 4.56368752566e-06, 3.16585919791e-06, 1.82124597359e-06, 2.15265595216e-06, 2.61501736531e-06, 3.37644974024e-06, 3.96841915062e-06, 2.91255105367e-06, 3.1304246022e-06, 2.77240860669e-06, 2.12125246435e-06, 1.62339631515e-06, 1.3894134554e-06, 9.76580054157e-07],
        "dmean2": [0.00435848487541, 0.00485523138195, 0.00104029569775, 0.000883576693013, 0.000550752854906, 0.000578611565288, 0.000490762584377, 0.000614433083683, 0.000392142886994, 0.000368196051568, 0.000210914746276, 0.00012776638323, 0.000189977537957, 0.000198536305106, 0.00014560254931, 0.000165593970451, 0.000144416218973, 8.34612947074e-05, 0.000106312894786, 3.52913084498e-05, 5.62393834116e-05, 2.50724697253e-05, 2.23061560973e-05, 1.64216617122e-05, 7.44809449316e-06, 6.58074350213e-06, 7.60051761972e-06, 5.41260487807e-06, 3.08218295686e-06, 3.48150388163e-06, 4.26399310527e-06, 5.29176395503e-06, 6.09128028373e-06, 4.60476439912e-06, 4.78815172755e-06, 4.1520047489e-06, 3.29107388097e-06, 2.44372654379e-06, 2.11010751627e-06, 1.46343472807e-06],
        "dvar": [2.55698250839e-05, 3.51868875441e-05, 1.01557748167e-06, 7.89665421053e-07, 2.56361801121e-07, 3.67962087466e-07, 1.86289753401e-07, 2.75875294165e-07, 1.9887559688e-07, 1.48793546373e-07, 7.14732664164e-08, 1.03876187652e-08, 2.27538325959e-08, 7.71865202864e-08, 3.04206615453e-08, 2.71630167248e-08, 2.31199681622e-08, 6.79134037895e-09, 1.92104945285e-08, 1.48995205063e-09, 7.91906540343e-09, 8.98616514533e-10, 4.53852982973e-10, 1.51838028262e-10, 5.19025343537e-11, 2.78906550633e-11, 3.4796922288e-11, 2.4084489611e-11, 1.09947008095e-11, 1.26208748313e-11, 2.12614127693e-11, 3.107463592e-11, 3.10878094101e-11, 2.70501277627e-11, 3.4722464487e-11, 2.89831596223e-11, 1.61026053602e-11, 1.25731942219e-11, 1.46103372456e-11, 5.67619952777e-12],
        "dvar2": [5.72827011638e-05, 9.65686849668e-05, 2.90315620077e-06, 2.22218523049e-06, 6.42789188987e-07, 8.87908299774e-07, 4.75961911661e-07, 7.19137688066e-07, 4.87333807087e-07, 3.49845720393e-07, 1.81288655199e-07, 2.38175541512e-08, 5.45837508525e-08, 2.01100689878e-07, 8.65874767442e-08, 6.92702641913e-08, 5.96322138335e-08, 1.79932122535e-08, 4.8894339244e-08, 3.70517394543e-09, 2.13149196071e-08, 2.09725525835e-09, 1.15279863433e-09, 3.82893161621e-10, 1.28381777431e-10, 7.25590490469e-11, 9.47186842848e-11, 6.87856299697e-11, 3.02043182132e-11, 3.11637313177e-11, 5.49586383347e-11, 7.51541190391e-11, 7.34642277567e-11, 5.47632911241e-11, 7.5635553376e-11, 5.41889901007e-11, 3.6126514974e-11, 2.58813456777e-11, 2.97322687304e-11, 1.12248769307e-11],
        "max": [0.0394804999232, 0.0500825457275, 0.00899918749928, 0.00903536844999, 0.00645736604929, 0.00969925988466, 0.00614939257503, 0.00682239746675, 0.00536354398355, 0.00592139177024, 0.00426620896906, 0.00121233507525, 0.00202417816035, 0.00517707690597, 0.0025559833739, 0.00251092435792, 0.00163084210362, 0.00103474757634, 0.00251715979539, 0.000522369868122, 0.00141905678902, 0.000459796690848, 0.000283782253973, 0.00014121212007, 0.000115262875624, 5.05809475726e-05, 5.8922185417e-05, 5.44457179785e-05, 4.65386438009e-05, 4.65531848022e-05, 6.24547101324e-05, 7.667477621e-05, 6.26143373665e-05, 7.28740778868e-05, 0.000116482420708, 9.52118134592e-05, 5.01836329931e-05, 7.36887232051e-05, 6.29612986813e-05, 4.30470645369e-05],
        "mean": [0.00514183007181, 0.00468341354281, 0.00104582495987, 0.000841564731672, 0.000612483010627, 0.000708391307853, 0.000724394456483, 0.000747441139538, 0.000416234019212, 0.000407029088819, 0.00023635510297, 0.000153679560754, 0.000213227918721, 0.000185844939551, 0.000131077962578, 0.000162668118719, 0.000140222779009, 8.05611998658e-05, 0.000101718971564, 3.56922646461e-05, 5.09284764121e-05, 2.65809194389e-05, 2.19913363253e-05, 1.69566865225e-05, 7.83684117778e-06, 6.86580096954e-06, 7.76993510954e-06, 5.34781111128e-06, 2.73482601187e-06, 3.41545296578e-06, 4.43639919467e-06, 6.74569992043e-06, 8.41262863105e-06, 6.04421666139e-06, 6.52080143482e-06, 5.86058513363e-06, 4.28567545896e-06, 2.96344546769e-06, 2.3927291295e-06, 1.55502800681e-06],
        "median": [0.00300694187172, 0.00311929429881, 0.000763042480685, 0.000507205608301, 0.000412568624597, 0.000430199404946, 0.000527936033905, 0.000524661096279, 0.000185739496374, 0.000195455999346, 0.000114235393994, 0.000107611427666, 0.000145099140354, 7.60559923947e-05, 5.72477838432e-05, 9.06731875148e-05, 7.27544247638e-05, 4.30380459875e-05, 3.97410149162e-05, 1.97016543098e-05, 1.90191713045e-05, 1.24527496155e-05, 1.14867807497e-05, 1.0869443031e-05, 5.0863254728e-06, 4.53490611108e-06, 5.23478865944e-06, 3.34872061103e-06, 1.63595882441e-06, 1.79349353857e-06, 2.19575645133e-06, 3.67332791029e-06, 5.5225827964e-06, 2.85503870145e-06, 3.36230255016e-06, 2.81783559331e-06, 1.71079386746e-06, 1.37797815114e-06, 8.14588020148e-07, 3.85141589732e-07],
        "min": [5.23048329342e-05, 8.72297314345e-05, 2.86901122308e-05, 2.56969942711e-05, 2.15734562516e-05, 1.92348052224e-05, 2.88803294097e-05, 1.00846718851e-05, 3.39738880939e-06, 1.80883398571e-06, 4.10359552916e-06, 7.41712437957e-06, 5.97242160438e-06, 2.77296544482e-06, 4.33731065641e-06, 3.37358142133e-06, 3.47908189724e-06, 2.08217602449e-06, 1.31636852529e-06, 7.00321493241e-07, 5.32759258931e-07, 2.49326461699e-07, 3.54972740979e-07, 2.40106828642e-07, 1.42240324408e-07, 1.7709865574e-07, 2.14796443743e-07, 8.04757078754e-08, 6.54829390712e-09, 5.06568262892e-08, 3.67737342799e-08, 6.27461886893e-08, 8.9630823652e-08, 3.99824928721e-09, 1.04733723916e-08, 9.83627490569e-09, 1.64901869937e-08, 1.26387056376e-09, 3.61924823444e-10, 4.39104568678e-12],
