{
"highlevel": {
    "danceability": {
        "all": {
            "danceable": 0.999999880791,
            "not_danceable": 1.00000008274e-07
        },
        "probability": 0.999999880791,
        "value": "danceable"
    },
    "gender": {
        "all": {
            "female": 0.813712537289,
            "male": 0.186287432909
        },
        "probability": 0.813712537289,
        "value": "female"
    },
    "genre_dortmund": {
        "all": {
            "alternative": 0.037129599601,
            "blues": 0.0116416765377,
            "electronic": 0.150756269693,
            "folkcountry": 0.025464521721,
            "funksoulrnb": 0.0179729033262,
            "jazz": 0.0298256482929,
            "pop": 0.12675870955,
            "raphiphop": 0.537140309811,
            "rock": 0.063310354948
        },
        "probability": 0.537140309811,
        "value": "raphiphop"
    },
    "genre_electronic": {
        "all": {
            "ambient": 0.0356828346848,
            "dnb": 0.171490550041,
            "house": 0.0149899143726,
            "techno": 0.0126182530075,
            "trance": 0.765218436718
        },
        "probability": 0.765218436718,
        "value": "trance"
    },
    "genre_rosamerica": {
        "all": {
            "cla": 0.00015479598369,
            "dan": 0.926495611668,
            "hip": 0.00947083439678,
            "jaz": 0.000147886617924,
            "pop": 0.0439132265747,
            "rhy": 0.00689737033099,
            "roc": 0.0126540390775,
            "spe": 0.00026623744634
        },
        "probability": 0.926495611668,
        "value": "dan"
    },
    "genre_tzanetakis": {
        "all": {
            "blu": 0.063259229064,
            "cla": 0.0351214334369,
            "cou": 0.0790196210146,
            "dis": 0.0526951625943,
            "hip": 0.158124744892,
            "jaz": 0.316520601511,
            "met": 0.0632875487208,
            "pop": 0.063269995153,
            "reg": 0.0632629841566,
            "roc": 0.105438686907
        },
        "probability": 0.316520601511,
        "value": "jaz"
    },
    "ismir04_rhythm": {
        "all": {
            "ChaChaCha": 0.0333042889833,
            "Jive": 0.0334969609976,
            "Quickstep": 0.0262788310647,
            "Rumba-American": 0.0104484148324,
            "Rumba-International": 0.0954837277532,
            "Rumba-Misc": 0.0230149347335,
            "Samba": 0.737333476543,
            "Tango": 0.00424182089046,
            "VienneseWaltz": 0.0302330590785,
            "Waltz": 0.00616448838264
        },
        "probability": 0.737333476543,
        "value": "Samba"
    },
    "mood_acoustic": {
        "all": {
            "acoustic": 2.45666711862e-07,
            "not_acoustic": 0.999999761581
        },
        "probability": 0.999999761581,
        "value": "not_acoustic"
    },
    "mood_aggressive": {
        "all": {
            "aggressive": 0.408247739077,
            "not_aggressive": 0.591752290726
        },
        "probability": 0.591752290726,
        "value": "not_aggressive"
    },
    "mood_electronic": {
        "all": {
            "electronic": 0.936803281307,
            "not_electronic": 0.0631967261434
        },
        "probability": 0.936803281307,
        "value": "electronic"
    },
    "mood_happy": {
        "all": {
            "happy": 0.160646140575,
            "not_happy": 0.839353859425
        },
        "probability": 0.839353859425,
        "value": "not_happy"
    },
    "mood_party": {
        "all": {
            "not_party": 0.188530668616,
            "party": 0.811469316483
        },
        "probability": 0.811469316483,
        "value": "party"
    },
    "mood_relaxed": {
        "all": {
            "not_relaxed": 0.912236690521,
            "relaxed": 0.0877632945776
        },
        "probability": 0.912236690521,
        "value": "not_relaxed"
    },
    "mood_sad": {
        "all": {
            "not_sad": 0.787111938,
            "sad": 0.212888062
        },
        "probability": 0.787111938,
        "value": "not_sad"
    },
    "moods_mirex": {
        "all": {
            "Cluster1": 0.472265779972,
            "Cluster2": 0.0933877974749,
            "Cluster3": 0.0565456077456,
            "Cluster4": 0.049214232713,
            "Cluster5": 0.328586578369
        },
        "probability": 0.472265779972,
        "value": "Cluster1"
    },
    "timbre": {
        "all": {
            "bright": 0.214274391532,
            "dark": 0.785725593567
        },
        "probability": 0.785725593567,
        "value": "dark"
    },
    "tonal_atonal": {
        "all": {
            "atonal": 0.991776287556,
            "tonal": 0.00822372268885
        },
        "probability": 0.991776287556,
        "value": "atonal"
    },
    "voice_instrumental": {
        "all": {
            "instrumental": 0.00178093661088,
            "voice": 0.998219072819
        },
        "probability": 0.998219072819,
        "value": "voice"
    }
},
"lowlevel": {
    "average_loudness": 0.982196927071,
    "barkbands_crest": {
        "dmean": 2.7787539959,
        "dmean2": 4.12117528915,
        "dvar": 8.73912715912,
        "dvar2": 18.4697189331,
        "max": 26.4000473022,
        "mean": 16.8721599579,
        "median": 17.1542739868,
        "min": 3.06085324287,
        "var": 24.4202594757
    },
    "barkbands_flatness_db": {
        "dmean": 0.0340999402106,
        "dmean2": 0.0489282868803,
        "dvar": 0.0012165865628,
        "dvar2": 0.0023027851712,
        "max": 0.519893705845,
        "mean": 0.188966065645,
        "median": 0.182228162885,
        "min": 0.0350743867457,
        "var": 0.00426184572279
    },
    "barkbands_kurtosis": {
        "dmean": 14.984249115,
        "dmean2": 23.2959499359,
        "dvar": 3632.65478516,
        "dvar2": 9039.18359375,
        "max": 1277.81066895,
        "mean": 19.5335407257,
        "median": 8.11234951019,
        "min": -1.87320685387,
        "var": 3410.16943359
    },
    "barkbands_skewness": {
        "dmean": 1.11481690407,
        "dmean2": 1.62623262405,
        "dvar": 2.38175845146,
        "dvar2": 4.78401660919,
        "max": 24.8933353424,
        "mean": 3.30322504044,
        "median": 2.76975011826,
        "min": -1.14127874374,
        "var": 5.46926403046
    },
    "barkbands_spread": {
        "dmean": 8.0075750351,
        "dmean2": 12.2269649506,
        "dvar": 101.566482544,
        "dvar2": 217.24307251,
        "max": 121.318244934,
        "mean": 20.0710430145,
        "median": 17.321554184,
        "min": 0.102361649275,
        "var": 228.739852905
    },
    "dissonance": {
        "dmean": 0.0203920397907,
        "dmean2": 0.0336191914976,
        "dvar": 0.000448127975687,
        "dvar2": 0.00119199964684,
        "max": 0.499990254641,
        "mean": 0.46586188674,
        "median": 0.473633497953,
        "min": 0.286720067263,
        "var": 0.000896319921594
    },
    "dynamic_complexity": 1.30300104618,
    "erbbands_crest": {
        "dmean": 2.84891605377,
        "dmean2": 4.65688896179,
        "dvar": 8.15681552887,
        "dvar2": 20.0189609528,
        "max": 27.0223350525,
        "mean": 8.17250442505,
        "median": 6.99596452713,
        "min": 2.39032578468,
        "var": 18.0081787109
    },
    "erbbands_flatness_db": {
        "dmean": 0.0180740822107,
        "dmean2": 0.0267827231437,
        "dvar": 0.000322545034578,
        "dvar2": 0.000630683964118,
        "max": 0.286631733179,
        "mean": 0.117704704404,
        "median": 0.112038135529,
        "min": 0.0534760318696,
        "var": 0.00123254419304
    },
    "erbbands_kurtosis": {
        "dmean": 1.25586974621,
        "dmean2": 1.95606136322,
        "dvar": 4.70079517365,
        "dvar2": 10.9155979156,
        "max": 28.5678367615,
        "mean": 0.830074846745,
        "median": 0.0265872478485,
        "min": -1.7875392437,
        "var": 8.71851634979
    },
    "erbbands_skewness": {
        "dmean": 0.439159810543,
        "dmean2": 0.646670043468,
        "dvar": 0.231952726841,
        "dvar2": 0.465880692005,
        "max": 4.24085712433,
        "mean": 0.341431081295,
        "median": 0.399989902973,
        "min": -4.32094192505,
        "var": 0.684481561184
    },
    "erbbands_spread": {
        "dmean": 13.3420581818,
        "dmean2": 19.744852066,
        "dvar": 222.159362793,
        "dvar2": 469.522369385,
        "max": 186.48449707,
        "mean": 53.4620018005,
        "median": 48.3870391846,
        "min": 3.48263764381,
        "var": 721.984313965
    },
    "hfc": {
        "dmean": 16.1422595978,
        "dmean2": 24.1647586823,
        "dvar": 490.757049561,
        "dvar2": 1067.59802246,
        "max": 248.186065674,
        "mean": 44.0956573486,
        "median": 37.4911193848,
        "min": 0.58068805933,
        "var": 949.877197266
    },
    "melbands_crest": {
        "dmean": 3.29729747772,
        "dmean2": 5.30405330658,
        "dvar": 14.4544248581,
        "dvar2": 36.1151733398,
        "max": 38.287979126,
        "mean": 24.7104110718,
        "median": 24.6199398041,
        "min": 4.73611211777,
        "var": 46.1529502869
    },
    "melbands_flatness_db": {
        "dmean": 0.0390065833926,
        "dmean2": 0.056212965399,
        "dvar": 0.00174071826041,
        "dvar2": 0.00347568071447,
        "max": 0.650893270969,
        "mean": 0.259917318821,
        "median": 0.255584657192,
        "min": 0.0408262759447,
        "var": 0.00572663079947
    },
    "melbands_kurtosis": {
        "dmean": 36.2113227844,
        "dmean2": 54.7789802551,
        "dvar": 7363.21533203,
        "dvar2": 15697.4580078,
        "max": 1396.43505859,
        "mean": 61.7577209473,
        "median": 27.6361999512,
        "min": -1.38148987293,
        "var": 12255.2021484
    },
    "melbands_skewness": {
        "dmean": 1.66853868961,
        "dmean2": 2.46089744568,
        "dvar": 4.81462717056,
        "dvar2": 9.25139141083,
        "max": 28.2137107849,
        "mean": 5.5813627243,
        "median": 4.55691051483,
        "min": -0.0771100893617,
        "var": 14.294919014
    },
    "melbands_spread": {
        "dmean": 5.98465967178,
        "dmean2": 9.46654033661,
        "dvar": 71.1024246216,
        "dvar2": 159.399505615,
        "max": 119.005279541,
        "mean": 13.3585033417,
        "median": 10.4246940613,
        "min": 0.188152208924,
        "var": 145.535140991
    },
    "pitch_salience": {
        "dmean": 0.0898097157478,
        "dmean2": 0.138954862952,
        "dvar": 0.00926837511361,
        "dvar2": 0.0211464930326,
        "max": 0.891890048981,
        "mean": 0.333686113358,
        "median": 0.322742909193,
        "min": 0.0331121198833,
        "var": 0.0217558983713
    },
    "silence_rate_20dB": {
        "dmean": 0,
        "dmean2": 0,
        "dvar": 0,
        "dvar2": 0,
        "max": 1,
        "mean": 1,
        "median": 1,
        "min": 1,
        "var": 0
    },
    "silence_rate_30dB": {
        "dmean": 0.212074309587,
        "dmean2": 0.422927975655,
        "dvar": 0.167101740837,
        "dvar2": 0.350950956345,
        "max": 1,
        "mean": 0.412993043661,
        "median": 0,
        "min": 0,
        "var": 0.242428570986
    },
    "silence_rate_60dB": {
        "dmean": 0.00154798757285,
        "dmean2": 0.00309837330133,
        "dvar": 0.00154558115173,
        "dvar2": 0.00308872037567,
        "max": 1,
        "mean": 0.00154679035768,
        "median": 0,
        "min": 0,
        "var": 0.00154439068865
    },
    "spectral_centroid": {
        "dmean": 363.68460083,
        "dmean2": 543.426635742,
        "dvar": 187347.234375,
        "dvar2": 357210,
        "max": 6508.51171875,
        "mean": 1376.72546387,
        "median": 1240.07702637,
        "min": 134.351150513,
        "var": 490896.875
    },
    "spectral_complexity": {
        "dmean": 5.49225997925,
        "dmean2": 8.17428302765,
        "dvar": 33.9355697632,
        "dvar2": 66.0509872437,
        "max": 53,
        "mean": 22.7107505798,
        "median": 22,
        "min": 1,
        "var": 106.307762146
    },
    "spectral_decrease": {
        "dmean": 6.50530385116e-09,
        "dmean2": 1.04565271997e-08,
        "dvar": 5.22566984467e-17,
        "dvar2": 1.25281559499e-16,
        "max": -3.95454669011e-10,
        "mean": -2.79072143172e-08,
        "median": -2.72219118358e-08,
        "min": -7.13985670586e-08,
        "var": 1.16085918361e-16
    },
    "spectral_energy": {
        "dmean": 0.0247783455998,
        "dmean2": 0.0395230948925,
        "dvar": 0.000733018910978,
        "dvar2": 0.00177507672925,
        "max": 0.272054672241,
        "mean": 0.109327785671,
        "median": 0.106155306101,
        "min": 0.0019098733319,
        "var": 0.0016518709017
    },
    "spectral_energyband_high": {
        "dmean": 0.0014494335046,
        "dmean2": 0.00220172177069,
        "dvar": 4.73461159345e-06,
        "dvar2": 1.01068280856e-05,
        "max": 0.0225516129285,
        "mean": 0.00275209126994,
        "median": 0.00166362186428,
        "min": 2.29012857744e-06,
        "var": 9.56923940976e-06
    },
    "spectral_energyband_low": {
        "dmean": 0.0244079083204,
        "dmean2": 0.0386664941907,
        "dvar": 0.000914386997465,
        "dvar2": 0.00211375113577,
        "max": 0.26796489954,
        "mean": 0.0851298123598,
        "median": 0.0817000716925,
        "min": 1.74322776729e-05,
        "var": 0.00196735700592
    },
    "spectral_energyband_middle_high": {
        "dmean": 0.00346075091511,
        "dmean2": 0.00526391528547,
        "dvar": 2.25368439715e-05,
        "dvar2": 5.17232874699e-05,
        "max": 0.0642790570855,
        "mean": 0.00755445053801,
        "median": 0.00562319206074,
        "min": 1.48862645801e-05,
        "var": 4.89160629513e-05
    },
    "spectral_energyband_middle_low": {
        "dmean": 0.00659134797752,
        "dmean2": 0.0105183692649,
        "dvar": 8.02875510999e-05,
        "dvar2": 0.000193732412299,
        "max": 0.0671182274818,
        "mean": 0.0143706062809,
        "median": 0.0124931503087,
        "min": 0.000107808635221,
        "var": 0.000124386235257
    },
    "spectral_entropy": {
        "dmean": 0.198079898953,
        "dmean2": 0.288222998381,
        "dvar": 0.0468454621732,
        "dvar2": 0.0893773511052,
        "max": 8.94138050079,
        "mean": 7.85287380219,
        "median": 7.88110303879,
        "min": 5.75800704956,
        "var": 0.158379793167
    },
    "spectral_flux": {
        "dmean": 0.0434036850929,
        "dmean2": 0.0631993860006,
        "dvar": 0.00181603373494,
        "dvar2": 0.00372561742552,
        "max": 0.408029913902,
        "mean": 0.138496994972,
        "median": 0.119814738631,
        "min": 0.0191935952753,
        "var": 0.0050030159764
    },
    "spectral_kurtosis": {
        "dmean": 1.01485180855,
        "dmean2": 1.59616470337,
        "dvar": 1.56663358212,
        "dvar2": 3.42427635193,
        "max": 16.977645874,
        "mean": 2.50708603859,
        "median": 2.16829538345,
        "min": -1.16954219341,
        "var": 3.83858394623
    },
    "spectral_rms": {
        "dmean": 0.00118419528008,
        "dmean2": 0.00187625503168,
        "dvar": 1.55071961672e-06,
        "dvar2": 3.70666816707e-06,
        "max": 0.0162916909903,
        "mean": 0.0101330233738,
        "median": 0.0101767461747,
        "min": 0.00136502413079,
        "var": 3.98320116801e-06
    },
    "spectral_rolloff": {
        "dmean": 473.130615234,
        "dmean2": 824.699951172,
        "dvar": 1344661.125,
        "dvar2": 3150059,
        "max": 13652.0507812,
        "mean": 733.977661133,
        "median": 387.59765625,
        "min": 43.06640625,
        "var": 2095834.625
    },
    "spectral_skewness": {
        "dmean": 0.207853779197,
        "dmean2": 0.307751089334,
        "dvar": 0.0490298569202,
        "dvar2": 0.0930321663618,
        "max": 3.49315166473,
        "mean": 1.37034547329,
        "median": 1.3575899601,
        "min": -0.186081930995,
        "var": 0.18527507782
    },
    "spectral_spread": {
        "dmean": 931639.375,
        "dmean2": 1351113.75,
        "dvar": 1.1272528855e+12,
        "dvar2": 1.88750194278e+12,
        "max": 18023574,
        "mean": 6426071.5,
        "median": 6238184.5,
        "min": 2965886.75,
        "var": 4.0316216279e+12
    },
    "spectral_strongpeak": {
        "dmean": 0.207655698061,
        "dmean2": 0.34895375371,
        "dvar": 0.161733850837,
        "dvar2": 0.458892136812,
        "max": 6.36323261261,
        "mean": 0.659535348415,
        "median": 0.629987597466,
        "min": 0,
        "var": 0.194416090846
    },
    "zerocrossingrate": {
        "dmean": 0.0122383991256,
        "dmean2": 0.0149801354855,
        "dvar": 0.00024206728267,
        "dvar2": 0.000295190897305,
        "max": 0.38525390625,
        "mean": 0.0433407202363,
        "median": 0.03662109375,
        "min": 0.0009765625,
        "var": 0.00112537783571
    },
    "barkbands": {
        "dmean": [0.00209224224091, 0.0234739575535, 0.00614169379696, 0.00178875913844, 0.00241162395105, 0.00111739803106, 0.00173562730197, 0.0018413659418, 0.0010087012779, 0.00111736904364, 0.000724553829059, 0.000955380615778, 0.000894102966413, 0.000560992804822, 0.000382005004212, 0.000291330565233, 0.000218379398575, 0.000234498700593, 0.000180222152267, 0.000170760191395, 0.00024839467369, 0.000218131317524, 0.000277217564872, 0.000376595824491, 0.00035337274312, 0.000198445457499, 1.0900705405e-07],
        "dmean2": [0.00302765169181, 0.0356965996325, 0.0103742154315, 0.00329558225349, 0.00399552052841, 0.00181789498311, 0.00280622649007, 0.0029187547043, 0.00162767234724, 0.00172707077581, 0.00113496126141, 0.00150335929357, 0.0014686511131, 0.000914114003535, 0.000631787464954, 0.0004731338704, 0.000366165302694, 0.000379012140911, 0.000281729036942, 0.000275132071692, 0.000395584705984, 0.000355477444828, 0.000432998524047, 0.000570299569517, 0.000547221745364, 0.000305125140585, 1.91713994013e-07],
        "dvar": [1.1396870832e-05, 0.000894214550499, 0.000219603447476, 2.46906474786e-05, 1.54384742928e-05, 5.79930156164e-06, 1.05051885839e-05, 1.0615302017e-05, 3.70236807612e-06, 3.5719317566e-06, 1.72418447164e-06, 6.34548359812e-06, 4.65715493192e-06, 1.05899380287e-06, 4.61727893253e-07, 4.35065288684e-07, 1.38683574846e-07, 1.91422131479e-07, 9.44251326018e-08, 8.09990936546e-08, 1.77491116915e-07, 1.5181983315e-07, 2.04148037142e-07, 3.91324874727e-07, 3.57578727517e-07, 3.12323351181e-07, 1.46431952393e-13],
        "dvar2": [2.57447536569e-05, 0.00205249409191, 0.000579349987675, 7.00497621438e-05, 3.73031252821e-05, 1.39057046908e-05, 2.46788822551e-05, 2.58190375462e-05, 8.75713612913e-06, 7.63050957175e-06, 4.34489220424e-06, 1.44515361171e-05, 1.14784497782e-05, 2.41931934397e-06, 1.19491585338e-06, 9.89657564787e-07, 3.60025921964e-07, 4.88516093355e-07, 2.21986709903e-07, 2.0003878376e-07, 4.30339440527e-07, 4.00434572612e-07, 4.59329555724e-07, 7.96676772552e-07, 7.68213510582e-07, 6.59608986098e-07, 3.79367381693e-13],
        "max": [0.0536328032613, 0.263589143753, 0.119146585464, 0.0407026261091, 0.0649209916592, 0.0525413006544, 0.0380569472909, 0.0481132939458, 0.0216337032616, 0.0182440597564, 0.0225539021194, 0.0612017735839, 0.0273890048265, 0.0119311735034, 0.00885390490294, 0.010676282458, 0.00453380867839, 0.00395229272544, 0.00367162143812, 0.00342343468219, 0.00555127160624, 0.00361856725067, 0.0056444206275, 0.00748840393499, 0.00915842689574, 0.0111195025966, 5.59343061468e-06],
        "mean": [0.00903742481023, 0.0698151215911, 0.00633035134524, 0.00156661681831, 0.00352591904812, 0.00170946598519, 0.00248538469896, 0.00292955175973, 0.00141832244117, 0.00165241095237, 0.000948245346081, 0.00133352051489, 0.00106826517731, 0.000780297268648, 0.000552283308934, 0.000389374588849, 0.000298809492961, 0.000320913735777, 0.000294621277135, 0.000287617789581, 0.000388768181438, 0.000331645191181, 0.000470103230327, 0.00060870021116, 0.000527061172761, 0.000257063977187, 8.16638845436e-08],
        "median": [0.00468037975952, 0.0653654411435, 0.00196321937256, 0.000535034574568, 0.00192004640121, 0.000854776008055, 0.00107073574327, 0.00100682047196, 0.000664248946123, 0.000732775020879, 0.00041366223013, 0.000552098848857, 0.000375484494725, 0.00034920530743, 0.000287019705866, 0.000173328415258, 0.000164149139891, 0.000176222922164, 0.000188297024579, 0.00018861128774, 0.000224858129513, 0.000152288499521, 0.000262062152615, 0.000295338220894, 0.000222524264245, 8.04965457064e-05, 5.90201398865e-09],
        "min": [3.3049094128e-08, 8.3516806626e-07, 1.74212459569e-06, 4.12564941144e-06, 9.32363309403e-06, 7.80362256592e-07, 3.48300886799e-07, 1.85236717698e-06, 4.28506439221e-07, 4.1444712906e-07, 3.45031935467e-07, 7.15769147064e-07, 6.15793339875e-07, 5.35311755812e-07, 1.08203244054e-06, 7.60680165968e-07, 3.12523496859e-07, 5.60917101211e-07, 4.91111450174e-07, 2.08984104688e-07, 6.08825473591e-07, 2.35569828533e-07, 8.50415915465e-08, 2.50915888955e-07, 6.36632009332e-08, 3.36084271524e-10, 1.46646011306e-11],
        "var": [0.000127400606289, 0.00203868001699, 0.000173880966031, 1.51633148562e-05, 2.43486119871e-05, 9.26683787839e-06, 1.52256952788e-05, 2.04714324354e-05, 5.18928527526e-06, 6.2890803747e-06, 2.6058576168e-06, 7.88309171185e-06, 5.30270017407e-06, 1.54240456141e-06, 6.1836868781e-07, 6.0722697981e-07, 1.70213240835e-07, 2.04741439802e-07, 1.31649585455e-07, 1.10613541437e-07, 2.30250932987e-07, 1.95796815206e-07, 3.50839854946e-07, 8.04427713774e-07, 7.60921523124e-07, 5.0476882052e-07, 1.02876007138e-13]
    },
    "erbbands": {
        "dmean": [0.801531255245, 5.18148136139, 7.88161802292, 6.11552715302, 5.78404378891, 9.41402244568, 9.69019889832, 9.72427749634, 16.9757022858, 35.5364723206, 34.8981742859, 23.6280403137, 35.4746589661, 25.2954730988, 34.9494285583, 34.4367141724, 38.6613731384, 29.9278373718, 21.183839798, 17.3972244263, 14.9943113327, 11.6680908203, 13.0250759125, 10.8150653839, 7.70023012161, 7.79718637466, 9.76849365234, 9.94062423706, 7.7658662796, 8.02971172333, 8.21629810333, 7.89652729034, 6.50087356567, 4.42937135696, 2.37269902229, 1.04595112801, 0.366849571466, 0.0250459257513, 0.00048295839224, 4.49895851489e-05],
        "dmean2": [1.12972950935, 7.99106645584, 12.9780750275, 10.9347925186, 10.1797266006, 15.2558612823, 15.599480629, 15.9357509613, 27.7770080566, 55.1613502502, 56.7008018494, 37.6850128174, 54.8197631836, 40.4586753845, 55.1112098694, 53.269443512, 63.7287521362, 48.4992218018, 34.1701011658, 28.8186149597, 24.2039375305, 19.4322757721, 21.2639446259, 17.1233196259, 12.1246480942, 12.3477106094, 15.7941923141, 15.8475112915, 12.6681718826, 12.4732875824, 13.1623935699, 12.1703634262, 9.68469810486, 6.9953956604, 3.67974543571, 1.61120760441, 0.571674287319, 0.0392315797508, 0.000744591059629, 6.85207560309e-05],
        "dvar": [0.981391370296, 52.508392334, 259.591033936, 293.200469971, 152.150695801, 269.24206543, 360.127746582, 613.953308105, 1055.5189209, 4448.91162109, 5651.96386719, 2010.91333008, 3337.56860352, 2029.47485352, 4697.82519531, 7814.34521484, 9038.86230469, 2978.77294922, 1256.06982422, 1014.47601318, 1293.58691406, 450.234283447, 648.651000977, 295.114562988, 190.154876709, 167.820251465, 278.942504883, 342.095672607, 191.124038696, 173.678573608, 180.972839355, 173.643173218, 129.959213257, 55.9317436218, 18.0929164886, 7.76151323318, 1.05910181999, 0.00528393313289, 1.70279827216e-06, 4.59264448693e-09],
        "dvar2": [1.96691501141, 118.491950989, 658.931518555, 812.445983887, 421.533874512, 577.651306152, 814.409301758, 1462.02624512, 2746.48071289, 10494.8671875, 14435.3388672, 5003.47265625, 6526.24853516, 4385.78173828, 10761.7285156, 18053.546875, 22800.6582031, 6498.39892578, 3133.77832031, 2527.28417969, 2765.25170898, 1131.49633789, 1679.22961426, 669.45526123, 450.863677979, 404.036132812, 699.839355469, 848.722229004, 485.480834961, 429.130950928, 426.004455566, 389.316772461, 259.933105469, 127.800109863, 37.2974586487, 15.2203474045, 2.4025247097, 0.0121145946905, 3.78631284548e-06, 9.68393010226e-09],
        "max": [9.96009922028, 56.8061180115, 134.815063477, 130.116912842, 96.2052307129, 371.882873535, 261.784942627, 642.264160156, 365.464813232, 847.341064453, 1281.50854492, 518.185241699, 762.541503906, 804.16809082, 813.202758789, 1952.25842285, 1265.07592773, 606.451293945, 402.79901123, 411.277893066, 724.012634277, 272.821716309, 229.258224487, 187.292221069, 212.946548462, 158.251419067, 162.245101929, 275.024871826, 124.019203186, 192.970596313, 157.674865723, 191.608901978, 167.797973633, 104.1173172, 69.7608566284, 59.98204422, 17.9247837067, 1.39573693275, 0.0237781144679, 0.00115996284876],
        "mean": [2.72896242142, 12.4506025314, 11.4099731445, 5.97387313843, 6.52776813507, 13.7161626816, 13.9382810593, 15.2679462433, 25.5794239044, 58.0540885925, 51.316368103, 35.1909217834, 54.9836807251, 37.7719459534, 50.2535896301, 49.0182914734, 49.1573753357, 43.5154304504, 31.9578075409, 25.893119812, 21.1276836395, 16.7818527222, 17.7779541016, 17.7076530457, 12.7762985229, 13.3869228363, 15.6706104279, 14.8105993271, 11.6048879623, 12.7625312805, 13.6199789047, 12.3751420975, 10.2513866425, 6.64448690414, 3.28423452377, 1.40158414841, 0.446790277958, 0.0289883483201, 0.000657990167383, 0.000162622163771],
        "median": [2.45640134811, 7.95462703705, 4.93612718582, 2.291847229, 2.81422257423, 7.69765043259, 6.49982881546, 7.29721975327, 13.5221910477, 25.9284744263, 21.3296833038, 18.2376537323, 25.5871486664, 20.6796302795, 20.5407791138, 20.9936885834, 18.4172916412, 20.5316238403, 18.5179920197, 14.0265226364, 10.0395994186, 9.47470378876, 10.2466125488, 10.7471055984, 8.749958992, 8.75051593781, 9.7003326416, 8.04748249054, 5.09317016602, 6.48725938797, 7.45161342621, 6.11446285248, 4.4978852272, 2.93888545036, 1.14546942711, 0.489398747683, 0.128714323044, 0.00631954008713, 0.000231415353483, 0.000143043813296],
        "min": [8.16191459307e-05, 0.000490606063977, 0.00658262567595, 0.0284482743591, 0.0656710490584, 0.0440784990788, 0.0181435961276, 0.0101247644052, 0.00525079853833, 0.0232375394553, 0.037661138922, 0.0356296785176, 0.00994409061968, 0.0219015460461, 0.0276167076081, 0.0286417528987, 0.0273926891387, 0.0339829921722, 0.0370916947722, 0.0690488964319, 0.0503530688584, 0.0239790137857, 0.0270117819309, 0.0326266847551, 0.0204808339477, 0.00930458586663, 0.0320257507265, 0.0126563375816, 0.011061203666, 0.00232033594511, 0.00320694688708, 0.00339014199562, 0.00375295360573, 0.000322954263538, 0.000404601392802, 0.000104687729618, 2.31284921028e-05, 2.73372234005e-06, 1.51208791976e-06, 3.22811729347e-06],
        "var": [3.31278443336, 132.703308105, 278.043548584, 191.731811523, 120.224479675, 556.01159668, 523.464477539, 1069.03234863, 1289.25830078, 6975.30566406, 7211.56445312, 2776.92407227, 6760.55371094, 3148.38525391, 8052.71484375, 9998.65722656, 10239.2998047, 4547.80371094, 1567.75646973, 1334.57043457, 2074.56787109, 559.129638672, 629.520629883, 483.25, 244.356918335, 239.500366211, 349.771850586, 403.206176758, 249.412612915, 275.188140869, 305.429779053, 295.821502686, 281.381347656, 105.51953125, 41.1295166016, 13.9847011566, 1.4865295887, 0.0073429485783, 2.56908629126e-06, 9.21176024349e-09]
    },
    "gfcc": {
        "mean": [61.4828872681, 75.3938064575, -89.5165557861, 39.8780555725, -54.3542442322, 40.6798362732, -28.7568149567, 24.8166046143, -16.3021354675, 14.9415950775, -7.65341377258, 4.1612443924, -6.28980112076],
        "cov": [[2386.78051758, -402.711730957, -235.351150513, -124.525215149, -459.690643311, -32.9057197571, -188.958465576, 101.345542908, -99.0240097046, 115.442481995, -187.433563232, 94.2116394043, -193.756530762], [-402.711730957, 1148.31079102, -292.931152344, -46.8434410095, 19.9573535919, -123.7084198, 161.325668335, -100.566329956, 160.432983398, -73.3613739014, 196.502227783, -105.678771973, 99.3887176514], [-235.351150513, -292.931152344, 557.962097168, 123.897323608, 83.4851913452, 63.6667366028, -51.0011367798, 49.469619751, -23.2262382507, 20.1826858521, -40.5890388489, 58.7475318909, -35.5632896423], [-124.525215149, -46.8434410095, 123.897323608, 384.765991211, 42.5321884155, -6.52917385101, 30.4342975616, -10.5948181152, 79.7226638794, -47.0098876953, 12.8738069534, -8.93288707733, 25.3234786987], [-459.690643311, 19.9573535919, 83.4851913452, 42.5321884155, 354.360778809, 86.8879165649, 73.6080856323, 14.2454576492, 16.6776676178, -1.75728869438, 9.75907897949, 13.2965698242, 53.0656089783], [-32.9057197571, -123.7084198, 63.6667366028, -6.52917385101, 86.8879165649, 224.546203613, 85.9154510498, 23.5288734436, 0.278265029192, 15.8822345734, 1.17492806911, -0.234271302819, 2.39873743057], [-188.958465576, 161.325668335, -51.0011367798, 30.4342975616, 73.6080856323, 85.9154510498, 221.5262146, 23.1614341736, 44.4114875793, 4.47937345505, 63.6607246399, -4.71049165726, 15.3563127518], [101.345542908, -100.566329956, 49.469619751, -10.5948181152, 14.2454576492, 23.5288734436, 23.1614341736, 134.309936523, 26.2885723114, 35.1539573669, -19.8940982819, 9.56601810455, -2.06607508659], [-99.0240097046, 160.432983398, -23.2262382507, 79.7226638794, 16.6776676178, 0.278265029192, 44.4114875793, 26.2885723114, 157.712234497, 9.91928195953, 33.5310783386, -18.5288276672, 30.1376552582], [115.442481995, -73.3613739014, 20.1826858521, -47.0098876953, -1.75728869438, 15.8822345734, 4.47937345505, 35.1539573669, 9.91928195953, 100.651863098, 9.31029510498, 21.5172023773, -18.3538913727], [-187.433563232, 196.502227783, -40.5890388489, 12.8738069534, 9.75907897949, 1.17492806911, 63.6607246399, -19.8940982819, 33.5310783386, 9.31029510498, 135.224853516, 2.72603344917, 27.9059238434], [94.2116394043, -105.678771973, 58.7475318909, -8.93288707733, 13.2965698242, -0.234271302819, -4.71049165726, 9.56601810455, -18.5288276672, 21.5172023773, 2.72603344917, 92.5368041992, -1.58446609974], [-193.756530762, 99.3887176514, -35.5632896423, 25.3234786987, 53.0656089783, 2.39873743057, 15.3563127518, -2.06607508659, 30.1376552582, -18.3538913727, 27.9059238434, -1.58446609974, 106.229309082]],
        "icov": [[0.0012685272377, -0.000701563665643, 0.00118530169129, -0.000988856540062, 0.00137680349872, -0.0014018638758, 0.00138135789894, -0.00149593804963, 0.000998501898721, -0.00140423420817, 0.00182176870294, -0.00241555576213, 0.00167726597283], [-0.000701563665643, 0.00302711175755, -0.000702169258147, 0.00200716499239, -0.00103728089016, 0.00282193836756, -0.00256308587268, 0.00244621117599, -0.00291392114013, 0.00240117567591, -0.00329994480126, 0.00350838853046, -0.00179204856977], [0.00118530169129, -0.000702169258147, 0.00381725723855, -0.00213523698039, 0.00065863749478, -0.00228945771232, 0.00261242827401, -0.0024593078997, 0.00150128314272, -0.00153042888269, 0.00163783528842, -0.00369647680782, 0.0027273001615], [-0.000988856540062, 0.00200716499239, -0.00213523698039, 0.00530621595681, -0.00126657518558, 0.00276040122844, -0.00277437502518, 0.00276829279028, -0.0041251569055, 0.0037599473726, -0.00251998123713, 0.00326626421884, -0.00210536224768], [0.00137680349872, -0.00103728089016, 0.00065863749478, -0.00126657518558, 0.00521722063422, -0.00256665376946, 0.000590698677115, -0.00153962697368, 0.00139465625398, -0.00180921889842, 0.00274364813231, -0.00307683297433, -0.000134343004902], [-0.0014018638758, 0.00282193836756, -0.00228945771232, 0.00276040122844, -0.00256665376946, 0.00927888974547, -0.00562921119854, 0.00298158824444, -0.00251165148802, 0.00199464871548, -0.00284376298077, 0.00523660704494, -0.00279494700953], [0.00138135789894, -0.00256308587268, 0.00261242827401, -0.00277437502518, 0.000590698677115, -0.00562921119854, 0.0102432724088, -0.00447354419157, 0.00189941271674, -0.00182329642121, 0.000185419048648, -0.00451203994453, 0.00374789279886], [-0.00149593804963, 0.00244621117599, -0.0024593078997, 0.00276829279028, -0.00153962697368, 0.00298158824444, -0.00447354419157, 0.0124491592869, -0.00453049596399, -0.000309814291541, -0.000841804896481, 0.00399080710486, -0.00339739886113], [0.000998501898721, -0.00291392114013, 0.00150128314272, -0.0041251569055, 0.00139465625398, -0.00251165148802, 0.00189941271674, -0.00453049596399, 0.0118443714455, -0.00446742819622, 0.00217117113061, -0.00198579905555, 0.000298674509395], [-0.00140423420817, 0.00240117567591, -0.00153042888269, 0.0037599473726, -0.00180921889842, 0.00199464871548, -0.00182329642121, -0.000309814291541, -0.00446742819622, 0.0159366112202, -0.00541703728959, 0.00127622392029, 0.000362767488696], [0.00182176870294, -0.00329994480126, 0.00163783528842, -0.00251998123713, 0.00274364813231, -0.00284376298077, 0.000185419048648, -0.000841804896481, 0.00217117113061, -0.00541703728959, 0.0148808285594, -0.00594409555197, 0.000660087564029], [-0.00241555576213, 0.00350838853046, -0.00369647680782, 0.00326626421884, -0.00307683297433, 0.00523660704494, -0.00451203994453, 0.00399080710486, -0.00198579905555, 0.00127622392029, -0.00594409555197, 0.0191440042108, -0.00492491340265], [0.00167726597283, -0.00179204856977, 0.0027273001615, -0.00210536224768, -0.000134343004902, -0.00279494700953, 0.00374789279886, -0.00339739886113, 0.000298674509395, 0.000362767488696, 0.000660087564029, -0.00492491340265, 0.0148178581148]]
    },
    "melbands": {
        "dmean": [0.00683080172166, 0.00464976439252, 0.00103070202749, 0.000523026101291, 0.000363160826964, 0.000216640604776, 0.000290063588182, 0.000392999587348, 0.000267104769591, 0.000153338376549, 0.000181924755452, 0.000106587984192, 0.000107040796138, 0.000112559690024, 7.5541465776e-05, 9.36354626901e-05, 5.71138662053e-05, 3.75696581614e-05, 3.10663563141e-05, 2.14901538129e-05, 1.70732746483e-05, 1.33864778036e-05, 1.19572177937e-05, 1.15592438306e-05, 9.40669451666e-06, 6.31723969491e-06, 5.40471091881e-06, 5.59935642741e-06, 6.12097437624e-06, 7.00945247445e-06, 5.72392673348e-06, 4.7612011258e-06, 4.15629165218e-06, 4.85348618895e-06, 4.89579178975e-06, 5.0063922572e-06, 5.19317336511e-06, 4.95591984873e-06, 4.21788081439e-06, 3.94514563595e-06],
        "dmean2": [0.00998589489609, 0.00716129783541, 0.0018214865122, 0.000877555343322, 0.000580337946303, 0.000352975301212, 0.000470218365081, 0.00060325616505, 0.000430446321843, 0.000244138936978, 0.000281285640085, 0.000171423162101, 0.000167332822457, 0.00017798038607, 0.000121028075228, 0.000153801011038, 9.33400515351e-05, 6.14293821855e-05, 5.14219282195e-05, 3.51799317286e-05, 2.79540163319e-05, 2.23686420213e-05, 2.00998347282e-05, 1.88571284525e-05, 1.50786909217e-05, 1.00662173281e-05, 8.88997874426e-06, 8.99352380657e-06, 1.00120232673e-05, 1.13817195597e-05, 9.26308257476e-06, 7.92280752648e-06, 6.78548121869e-06, 7.66772700445e-06, 7.96230779088e-06, 8.00514135335e-06, 8.2270553321e-06, 7.40228233553e-06, 6.64904564474e-06, 6.36559070699e-06],
        "dvar": [6.94386471878e-05, 5.24185779796e-05, 7.54530674385e-06, 7.81202231792e-07, 4.33256616361e-07, 2.58227743188e-07, 2.78828423461e-07, 4.60738135644e-07, 3.3398438859e-07, 9.70469926642e-08, 8.91766021027e-08, 3.82841562896e-08, 3.66460675139e-08, 1.17073909678e-07, 2.77346128286e-08, 6.25700380397e-08, 1.11114406565e-08, 4.56236914914e-09, 3.52001716664e-09, 1.96122629248e-09, 1.70155567414e-09, 5.85165194078e-10, 4.79468520442e-10, 4.87958229378e-10, 2.28258051349e-10, 1.52164655876e-10, 1.07221405365e-10, 8.49073727993e-11, 1.20844195761e-10, 1.59563487423e-10, 1.14309575694e-10, 7.54542400783e-11, 5.35990141159e-11, 6.29853322276e-11, 6.55092716184e-11, 8.0065752639e-11, 6.9484758225e-11, 8.13151976309e-11, 4.53829786251e-11, 5.81122094889e-11],
        "dvar2": [0.00015600140614, 0.00012590836559, 2.06095501198e-05, 1.94944095711e-06, 9.63625552686e-07, 6.20335072199e-07, 6.99127554071e-07, 1.0715452845e-06, 8.47208696086e-07, 2.36352292404e-07, 1.75583679152e-07, 8.29035826655e-08, 8.96474716683e-08, 2.69395940222e-07, 6.54542091638e-08, 1.576385813e-07, 2.47063827175e-08, 1.14853673239e-08, 9.29846244446e-09, 4.82427253701e-09, 3.73647068841e-09, 1.52922396968e-09, 1.26195653927e-09, 1.23361654225e-09, 5.1729714956e-10, 3.74881348186e-10, 2.70292371818e-10, 2.05104308537e-10, 3.15005466156e-10, 3.95830673794e-10, 2.87109336305e-10, 1.90889956619e-10, 1.44128112223e-10, 1.48291323665e-10, 1.59311966397e-10, 1.88064536166e-10, 1.55596688312e-10, 1.64570829186e-10, 9.77617431452e-11, 1.41368236561e-10],
        "max": [0.0816615074873, 0.0578561872244, 0.0217921342701, 0.0125520965084, 0.00907345395535, 0.0126446736977, 0.00554020050913, 0.00857725180686, 0.00971039291471, 0.00369208818302, 0.00368842179887, 0.0033792713657, 0.00220929668285, 0.00935152545571, 0.00231979601085, 0.00350880785845, 0.00105078460183, 0.000756793888286, 0.000925418396946, 0.000517705746461, 0.000818997446913, 0.000323446263792, 0.000191002065549, 0.000232761653024, 0.000176652290975, 0.000136969174491, 0.000205105985515, 0.000115717368317, 0.000132626417326, 0.00018346971774, 0.000139861323987, 8.3992817963e-05, 7.89245023043e-05, 0.000118754403957, 0.000106527470052, 0.000134716843604, 0.000106995335955, 0.000138807721669, 9.11106180865e-05, 0.00012165386579],
        "mean": [0.0218772795051, 0.00985705852509, 0.001035887748, 0.000720382318832, 0.000541500747204, 0.000339355319738, 0.000432593631558, 0.000664617225993, 0.000380044279154, 0.000217812586925, 0.000276961072814, 0.000152571126819, 0.000147665428813, 0.000155955262017, 0.000103935519292, 0.000107309992018, 8.04902156233e-05, 5.31762525497e-05, 4.42284908786e-05, 2.83200679405e-05, 2.32516249525e-05, 1.78952468559e-05, 1.536066884e-05, 1.54843310156e-05, 1.46727397805e-05, 9.51628135226e-06, 8.65388938109e-06, 8.89855436981e-06, 9.42551287153e-06, 9.94974925561e-06, 8.1819598563e-06, 6.64522576699e-06, 6.06949242865e-06, 7.4746262726e-06, 7.89699606685e-06, 7.45453371565e-06, 7.66509856476e-06, 7.39339611755e-06, 6.38475876258e-06, 5.36222387382e-06],
        "median": [0.0207200869918, 0.00550399953499, 0.000416056718677, 0.000382323371014, 0.000273380137514, 0.000163822303875, 0.000225106283324, 0.000290924246656, 0.000144347752212, 0.000101911864476, 0.000123647943838, 7.73481515353e-05, 6.49533321848e-05, 6.14518648945e-05, 4.20311371272e-05, 3.73877992388e-05, 3.60034064215e-05, 2.94423534797e-05, 2.25678577408e-05, 1.26408549477e-05, 1.10232058432e-05, 9.56381518336e-06, 8.70918574947e-06, 8.20007244329e-06, 8.35071296024e-06, 5.90499485043e-06, 5.56283430342e-06, 5.61968090551e-06, 5.65009986531e-06, 5.61975593882e-06, 3.88147600461e-06, 2.74963122138e-06, 2.6992452149e-06, 3.82400230592e-06, 4.1695229811e-06, 3.16896944241e-06, 3.79173184228e-06, 3.25910536958e-06, 2.59259400082e-06, 2.13296971197e-06],
        "min": [3.63261818848e-07, 1.29201009713e-06, 4.45046862296e-06, 4.77570119983e-06, 8.15077783045e-07, 1.59545535894e-07, 5.92717341874e-08, 3.31633856376e-07, 2.79869937003e-07, 7.72521318027e-08, 3.25747002705e-08, 8.34634548141e-08, 7.99203689894e-08, 7.85360398936e-08, 7.12181886797e-08, 7.27511206833e-08, 5.32509609741e-08, 4.48758967764e-08, 9.31978476615e-08, 6.9989916085e-08, 5.76640886152e-08, 1.93001472581e-08, 1.39676155086e-08, 2.55959466955e-08, 2.75432334718e-08, 1.05865778366e-08, 5.91954485429e-09, 4.72007899432e-09, 2.12207851291e-08, 1.01448369705e-08, 5.84870196718e-09, 6.26680929372e-09, 1.10137210463e-09, 5.49676033856e-11, 7.09621084116e-10, 1.76275061214e-09, 1.87100357429e-09, 3.14791370748e-09, 7.36063709983e-11, 1.94025379097e-10],
