{
"highlevel": {
    "danceability": {
        "all": {
            "danceable": 0.00542501173913,
            "not_danceable": 0.994574964046
        },
        "probability": 0.994574964046,
        "value": "not_danceable"
    },
    "gender": {
        "all": {
            "female": 0.515690624714,
            "male": 0.484309375286
        },
        "probability": 0.515690624714,
        "value": "female"
    },
    "genre_dortmund": {
        "all": {
            "alternative": 0.0781558603048,
            "blues": 0.0336497500539,
            "electronic": 0.0064186071977,
            "folkcountry": 0.0129878185689,
            "funksoulrnb": 0.00204140460119,
            "jazz": 0.00882965233177,
            "pop": 0.0118614202365,
            "raphiphop": 0.000199287038413,
            "rock": 0.845856189728
        },
        "probability": 0.845856189728,
        "value": "rock"
    },
    "genre_electronic": {
        "all": {
            "ambient": 0.290026575327,
            "dnb": 0.536045372486,
            "house": 0.037393193692,
            "techno": 0.0150194689631,
            "trance": 0.121515423059
        },
        "probability": 0.536045372486,
        "value": "dnb"
    },
    "genre_rosamerica": {
        "all": {
            "cla": 0.00184435141273,
            "dan": 0.00027085916372,
            "hip": 0.000266541755991,
            "jaz": 0.000935161951929,
            "pop": 0.000691078486852,
            "rhy": 0.000687258085236,
            "roc": 0.994838953018,
            "spe": 0.000465821824037
        },
        "probability": 0.994838953018,
        "value": "roc"
    },
    "genre_tzanetakis": {
        "all": {
            "blu": 0.0626541376114,
            "cla": 0.0348133966327,
            "cou": 0.0783501937985,
            "dis": 0.104547761381,
            "hip": 0.15693578124,
            "jaz": 0.313987255096,
            "met": 0.044816005975,
            "pop": 0.0627349764109,
            "reg": 0.0627352520823,
            "roc": 0.0784252434969
        },
        "probability": 0.313987255096,
        "value": "jaz"
    },
    "ismir04_rhythm": {
        "all": {
            "ChaChaCha": 0.0267394874245,
            "Jive": 0.953408896923,
            "Quickstep": 0.00184944667853,
            "Rumba-American": 0.00313975079916,
            "Rumba-International": 0.000844275054988,
            "Rumba-Misc": 0.000203352741664,
            "Samba": 0.00249935360625,
            "Tango": 0.000842350011226,
            "VienneseWaltz": 0.0098236631602,
            "Waltz": 0.00064944656333
        },
        "probability": 0.953408896923,
        "value": "Jive"
    },
    "mood_acoustic": {
        "all": {
            "acoustic": 0.0032837302424,
            "not_acoustic": 0.99671626091
        },
        "probability": 0.99671626091,
        "value": "not_acoustic"
    },
    "mood_aggressive": {
        "all": {
            "aggressive": 0.996230363846,
            "not_aggressive": 0.00376963149756
        },
        "probability": 0.996230363846,
        "value": "aggressive"
    },
    "mood_electronic": {
        "all": {
            "electronic": 0.0140104452148,
            "not_electronic": 0.985989570618
        },
        "probability": 0.985989570618,
        "value": "not_electronic"
    },
    "mood_happy": {
        "all": {
            "happy": 0.303625822067,
            "not_happy": 0.696374177933
        },
        "probability": 0.696374177933,
        "value": "not_happy"
    },
    "mood_party": {
        "all": {
            "not_party": 0.722645044327,
            "party": 0.277354955673
        },
        "probability": 0.722645044327,
        "value": "not_party"
    },
    "mood_relaxed": {
        "all": {
            "not_relaxed": 0.927583277225,
            "relaxed": 0.0724167153239
        },
        "probability": 0.927583277225,
        "value": "not_relaxed"
    },
    "mood_sad": {
        "all": {
            "not_sad": 0.921533048153,
            "sad": 0.0784669294953
        },
        "probability": 0.921533048153,
        "value": "not_sad"
    },
    "moods_mirex": {
        "all": {
            "Cluster1": 0.572174906731,
            "Cluster2": 0.0298569183797,
            "Cluster3": 0.0281665679067,
            "Cluster4": 0.00755552854389,
            "Cluster5": 0.362246096134
        },
        "probability": 0.572174906731,
        "value": "Cluster1"
    },
    "timbre": {
        "all": {
            "bright": 0.991021215916,
            "dark": 0.00897880923003
        },
        "probability": 0.991021215916,
        "value": "bright"
    },
    "tonal_atonal": {
        "all": {
            "atonal": 0.0452062822878,
            "tonal": 0.954793691635
        },
        "probability": 0.954793691635,
        "value": "tonal"
    },
    "voice_instrumental": {
        "all": {
            "instrumental": 0.0640847161412,
            "voice": 0.935915291309
        },
        "probability": 0.935915291309,
        "value": "voice"
    }
},
"lowlevel": {
    "average_loudness": 0.980602622032,
    "barkbands_crest": {
        "dmean": 2.45380878448,
        "dmean2": 4.05499601364,
        "dvar": 8.22511100769,
        "dvar2": 22.4086227417,
        "max": 21.4935569763,
        "mean": 7.33542156219,
        "median": 6.53873205185,
        "min": 2.87393808365,
        "var": 9.77682876587
    },
    "barkbands_flatness_db": {
        "dmean": 0.0177232753485,
        "dmean2": 0.0302561484277,
        "dvar": 0.000416057853727,
        "dvar2": 0.00114869163372,
        "max": 0.213794410229,
        "mean": 0.108641795814,
        "median": 0.104063220322,
        "min": 0.056517418474,
        "var": 0.000512721249834
    },
    "barkbands_kurtosis": {
        "dmean": 1.3721460104,
        "dmean2": 2.38555169106,
        "dvar": 6.21251058578,
        "dvar2": 17.1226921082,
        "max": 19.1616611481,
        "mean": -0.287524759769,
        "median": -0.995798587799,
        "min": -1.72343683243,
        "var": 4.87071943283
    },
    "barkbands_skewness": {
        "dmean": 0.527862846851,
        "dmean2": 0.862163901329,
        "dvar": 0.352370709181,
        "dvar2": 0.941922962666,
        "max": 4.29727745056,
        "mean": 0.848291158676,
        "median": 0.733549118042,
        "min": -0.992928147316,
        "var": 0.465369284153
    },
    "barkbands_spread": {
        "dmean": 6.49758148193,
        "dmean2": 10.5365991592,
        "dvar": 45.0996246338,
        "dvar2": 119.975952148,
        "max": 58.5695724487,
        "mean": 39.9267616272,
        "median": 41.5476417542,
        "min": 9.71626281738,
        "var": 69.7281494141
    },
    "dissonance": {
        "dmean": 0.00615650089458,
        "dmean2": 0.0104653807357,
        "dvar": 2.44404072873e-05,
        "dvar2": 6.66084379191e-05,
        "max": 0.500000119209,
        "mean": 0.48723718524,
        "median": 0.488161802292,
        "min": 0.459362089634,
        "var": 4.39119066868e-05
    },
    "dynamic_complexity": 0.855384290218,
    "erbbands_crest": {
        "dmean": 2.15541791916,
        "dmean2": 3.58013367653,
        "dvar": 3.5584154129,
        "dvar2": 9.57347774506,
        "max": 19.9495773315,
        "mean": 7.25355195999,
        "median": 6.78598737717,
        "min": 2.89681601524,
        "var": 5.82851409912
    },
    "erbbands_flatness_db": {
        "dmean": 0.0116987107322,
        "dmean2": 0.0189004652202,
        "dvar": 8.76815465745e-05,
        "dvar2": 0.000236917243456,
        "max": 0.199846804142,
        "mean": 0.144697591662,
        "median": 0.14373677969,
        "min": 0.100689448416,
        "var": 0.000238687498495
    },
    "erbbands_kurtosis": {
        "dmean": 0.896078467369,
        "dmean2": 1.46017003059,
        "dvar": 0.617805421352,
        "dvar2": 1.60777020454,
        "max": 5.34604930878,
        "mean": 0.385351508856,
        "median": 0.224996089935,
        "min": -1.58173370361,
        "var": 1.32343649864
    },
    "erbbands_skewness": {
        "dmean": 0.287254542112,
        "dmean2": 0.465278565884,
        "dvar": 0.0541180595756,
        "dvar2": 0.137180939317,
        "max": 0.474785268307,
        "mean": -0.893273890018,
        "median": -0.906046807766,
        "min": -1.99928629398,
        "var": 0.130292922258
    },
    "erbbands_spread": {
        "dmean": 8.98334503174,
        "dmean2": 14.5840930939,
        "dvar": 62.0154495239,
        "dvar2": 164.953720093,
        "max": 80.1324386597,
        "mean": 40.8915176392,
        "median": 39.6344985962,
        "min": 15.1118936539,
        "var": 128.904602051
    },
    "hfc": {
        "dmean": 6.14316082001,
        "dmean2": 10.0969867706,
        "dvar": 40.9556655884,
        "dvar2": 103.319847107,
        "max": 72.5591430664,
        "mean": 30.5979290009,
        "median": 28.7595710754,
        "min": 9.84783744812,
        "var": 83.5626602173
    },
    "melbands_crest": {
        "dmean": 3.20367479324,
        "dmean2": 5.32240867615,
        "dvar": 8.18329334259,
        "dvar2": 21.588508606,
        "max": 26.3597145081,
        "mean": 13.0486879349,
        "median": 12.3919782639,
        "min": 4.41753864288,
        "var": 16.0289115906
    },
    "melbands_flatness_db": {
        "dmean": 0.0245826877654,
        "dmean2": 0.0408051349223,
        "dvar": 0.000885376357473,
        "dvar2": 0.00234107719734,
        "max": 0.291495025158,
        "mean": 0.14473824203,
        "median": 0.139915958047,
        "min": 0.0585291422904,
        "var": 0.00118060549721
    },
    "melbands_kurtosis": {
        "dmean": 5.80143785477,
        "dmean2": 9.97338199615,
        "dvar": 96.7115020752,
        "dvar2": 266.186737061,
        "max": 83.4470367432,
        "mean": 6.67902898788,
        "median": 4.24560213089,
        "min": -1.53609776497,
        "var": 78.6111297607
    },
    "melbands_skewness": {
        "dmean": 0.79473388195,
        "dmean2": 1.31513535976,
        "dvar": 0.938070595264,
        "dvar2": 2.50453615189,
        "max": 8.2404384613,
        "mean": 2.43046855927,
        "median": 2.23209643364,
        "min": 0.0987687930465,
        "var": 1.08400177956
    },
    "melbands_spread": {
        "dmean": 12.1127223969,
        "dmean2": 19.4435653687,
        "dvar": 119.641387939,
        "dvar2": 313.002105713,
        "max": 87.949432373,
        "mean": 40.9046936035,
        "median": 40.703414917,
        "min": 4.78411102295,
        "var": 232.831451416
    },
    "pitch_salience": {
        "dmean": 0.0708321407437,
        "dmean2": 0.120229020715,
        "dvar": 0.00481395050883,
        "dvar2": 0.0139757664874,
        "max": 0.792599856853,
        "mean": 0.611048519611,
        "median": 0.620214223862,
        "min": 0.245395004749,
        "var": 0.00602419022471
    },
    "silence_rate_20dB": {
        "dmean": 0,
        "dmean2": 0,
        "dvar": 0,
        "dvar2": 0,
        "max": 1,
        "mean": 1,
        "median": 1,
        "min": 1,
        "var": 0
    },
    "silence_rate_30dB": {
        "dmean": 0,
        "dmean2": 0,
        "dvar": 0,
        "dvar2": 0,
        "max": 1,
        "mean": 1,
        "median": 1,
        "min": 1,
        "var": 0
    },
    "silence_rate_60dB": {
        "dmean": 0,
        "dmean2": 0,
        "dvar": 0,
        "dvar2": 0,
        "max": 0,
        "mean": 0,
        "median": 0,
        "min": 0,
        "var": 0
    },
    "spectral_centroid": {
        "dmean": 262.592987061,
        "dmean2": 423.543609619,
        "dvar": 57262.828125,
        "dvar2": 150539.875,
        "max": 2967.59545898,
        "mean": 2193.97314453,
        "median": 2238.67919922,
        "min": 1003.44873047,
        "var": 118020.679688
    },
    "spectral_complexity": {
        "dmean": 4.39473676682,
        "dmean2": 7.09604978561,
        "dvar": 12.6382980347,
        "dvar2": 30.7963218689,
        "max": 57,
        "mean": 36.1569976807,
        "median": 36,
        "min": 14,
        "var": 37.8137054443
    },
    "spectral_decrease": {
        "dmean": 3.20901749618e-09,
        "dmean2": 5.54700907429e-09,
        "dvar": 2.66686172773e-17,
        "dvar2": 7.20137684112e-17,
        "max": -1.91079108092e-09,
        "mean": -7.55618145831e-09,
        "median": -6.18319040413e-09,
        "min": -3.22774518224e-08,
        "var": 2.19737618049e-17
    },
    "spectral_energy": {
        "dmean": 0.012443786487,
        "dmean2": 0.0214742124081,
        "dvar": 0.000390556931961,
        "dvar2": 0.00105355191045,
        "max": 0.126434087753,
        "mean": 0.03129414469,
        "median": 0.026072755456,
        "min": 0.00867854245007,
        "var": 0.000326171109919
    },
    "spectral_energyband_high": {
        "dmean": 0.000301484018564,
        "dmean2": 0.000501763424836,
        "dvar": 1.39118483844e-07,
        "dvar2": 3.17589552878e-07,
        "max": 0.00393838528544,
        "mean": 0.00131080322899,
        "median": 0.00114658148959,
        "min": 0.000340844708262,
        "var": 3.70791894966e-07
    },
    "spectral_energyband_low": {
        "dmean": 0.00847064051777,
        "dmean2": 0.0150771494955,
        "dvar": 0.000313291908242,
        "dvar2": 0.000865390582476,
        "max": 0.0993744805455,
        "mean": 0.0118738152087,
        "median": 0.00753805693239,
        "min": 0.000352764560375,
        "var": 0.00022926661768
    },
    "spectral_energyband_middle_high": {
        "dmean": 0.00193460250739,
        "dmean2": 0.00314427725971,
        "dvar": 2.91253149953e-06,
        "dvar2": 7.65033109928e-06,
        "max": 0.0206538047642,
        "mean": 0.00781050138175,
        "median": 0.00738665601239,
        "min": 0.00251225242391,
        "var": 6.18621561443e-06
    },
    "spectral_energyband_middle_low": {
        "dmean": 0.00564694404602,
        "dmean2": 0.00938794016838,
        "dvar": 9.41752005019e-05,
        "dvar2": 0.000247383693932,
        "max": 0.0820033326745,
        "mean": 0.0124707706273,
        "median": 0.0102105531842,
        "min": 0.00182367663365,
        "var": 9.31574031711e-05
    },
    "spectral_entropy": {
        "dmean": 0.07254332304,
        "dmean2": 0.117728225887,
        "dvar": 0.00337815145031,
        "dvar2": 0.00886614061892,
        "max": 8.07391548157,
        "mean": 7.79546642303,
        "median": 7.79665088654,
        "min": 7.41977548599,
        "var": 0.0112933125347
    },
    "spectral_flux": {
        "dmean": 0.0276351664215,
        "dmean2": 0.0440722890198,
        "dvar": 0.00145004631486,
        "dvar2": 0.00258055399172,
        "max": 0.279946446419,
        "mean": 0.102670811117,
        "median": 0.0851660370827,
        "min": 0.0491062700748,
        "var": 0.00218332698569
    },
    "spectral_kurtosis": {
        "dmean": 1.15199971199,
        "dmean2": 2.02117347717,
        "dvar": 0.982760310173,
        "dvar2": 2.81847333908,
        "max": 13.8965167999,
        "mean": 3.32443881035,
        "median": 3.14107656479,
        "min": 0.873375654221,
        "var": 1.41883432865
    },
    "spectral_rms": {
        "dmean": 0.000958366959821,
        "dmean2": 0.00161190575454,
        "dvar": 1.75860930085e-06,
        "dvar2": 4.66888013761e-06,
        "max": 0.0111063197255,
        "mean": 0.005363909062,
        "median": 0.00504349451512,
        "min": 0.00290978886187,
        "var": 1.7592618633e-06
    },
    "spectral_rolloff": {
        "dmean": 576.413330078,
        "dmean2": 994.980834961,
        "dvar": 495559.96875,
        "dvar2": 1244533.125,
        "max": 4220.5078125,
        "mean": 2525.46240234,
        "median": 2648.58398438,
        "min": 107.666015625,
        "var": 585927
    },
    "spectral_skewness": {
        "dmean": 0.157777398825,
        "dmean2": 0.273494958878,
        "dvar": 0.0173629131168,
        "dvar2": 0.0482039228082,
        "max": 2.70547366142,
        "mean": 1.0093755722,
        "median": 1.00437021255,
        "min": 0.500244319439,
        "var": 0.0263101477176
    },
    "spectral_spread": {
        "dmean": 259495.453125,
        "dmean2": 415052.0625,
        "dvar": 52475207680,
        "dvar2": 119383138304,
        "max": 6115257.5,
        "mean": 3581541,
        "median": 3556506.5,
        "min": 2489655.5,
        "var": 172378275840
    },
    "spectral_strongpeak": {
        "dmean": 0.28550696373,
        "dmean2": 0.498340755701,
        "dvar": 0.34339466691,
        "dvar2": 0.974732875824,
        "max": 6.35944080353,
        "mean": 0.484789639711,
        "median": 0.379266142845,
        "min": 0.043268982321,
        "var": 0.249267742038
    },
    "zerocrossingrate": {
        "dmean": 0.00884612929076,
        "dmean2": 0.0114437844604,
        "dvar": 5.7314427977e-05,
        "dvar2": 9.78069074336e-05,
        "max": 0.123046875,
        "mean": 0.0798179358244,
        "median": 0.080078125,
        "min": 0.02880859375,
        "var": 0.000244428723818
    },
    "barkbands": {
        "dmean": [0.000201043163543, 0.0058674341999, 0.00288965320215, 0.00248284451663, 0.00296040158719, 0.00112386478577, 0.000525255687535, 0.000359280937118, 0.000371753063519, 0.000259965716396, 0.000131502049044, 0.000198173613171, 0.000235258470639, 0.000430696323747, 0.000220428220928, 0.000422647804953, 0.00111671013292, 0.000452336505987, 0.000493363826536, 0.000307198701194, 0.000145293117384, 8.35704704514e-05, 6.42802042421e-05, 3.16480145557e-05, 1.76220273715e-05, 5.18033175467e-06, 1.16280016726e-08],
        "dmean2": [0.000287608185317, 0.0105141215026, 0.00528170308098, 0.00414493959397, 0.00512987188995, 0.00179270363878, 0.000847377406899, 0.000555413484108, 0.000592673197389, 0.000421943812398, 0.000220708883717, 0.000333839765517, 0.000389446737245, 0.000716337410267, 0.000374824245228, 0.000706823717337, 0.00184480485041, 0.000763188058045, 0.000822878268082, 0.000520684989169, 0.000243322036113, 0.000135124544613, 0.000105466722744, 5.33242855454e-05, 2.94790697808e-05, 8.70073563419e-06, 1.98910452553e-08],
        "dvar": [1.48623342966e-07, 0.000171366074937, 4.22638513555e-05, 1.23771396829e-05, 4.67500431114e-05, 1.87713919786e-06, 6.15571536855e-07, 1.8688729142e-07, 1.643518317e-07, 9.62827257922e-08, 3.03133695922e-08, 1.05245590021e-07, 1.07713425734e-07, 4.04571721901e-07, 7.38391534583e-08, 2.30155350778e-07, 1.17551235235e-06, 2.25853199254e-07, 2.32745605899e-07, 9.35184587547e-08, 2.39517401468e-08, 1.32546924547e-08, 5.59244650589e-09, 1.09115316782e-09, 4.05059652486e-10, 4.47555673078e-11, 6.65422391803e-15],
        "dvar2": [2.62227473513e-07, 0.000480008166051, 0.000122088255011, 3.20463259413e-05, 0.000128331827, 4.46405283583e-06, 1.63607228387e-06, 4.50446634659e-07, 4.05960122407e-07, 2.26338102038e-07, 7.69195693806e-08, 2.82020465647e-07, 2.79251452184e-07, 1.01609487047e-06, 1.94823954303e-07, 6.10352344665e-07, 3.08545077132e-06, 5.83694827583e-07, 6.31145212537e-07, 2.51303646337e-07, 6.25217211336e-08, 3.06397573979e-08, 1.38372158176e-08, 2.89806600939e-09, 1.0899613434e-09, 1.24510041166e-10, 8.2552644191e-15],
        "max": [0.00350504973903, 0.0800899416208, 0.0487047508359, 0.0343982428312, 0.0540793836117, 0.0149650592357, 0.00706781214103, 0.00529877562076, 0.00384112098254, 0.00325115816668, 0.0027007451281, 0.00322985602543, 0.00333152152598, 0.0117693599313, 0.00301181594841, 0.00570491468534, 0.0100281620398, 0.00474975863472, 0.00569637678564, 0.00319152302109, 0.00158653350081, 0.00119491433725, 0.0008729181136, 0.000422341865487, 0.000231468642596, 7.71270642872e-05, 2.74423382507e-06],
        "mean": [0.000252462603385, 0.00609580939636, 0.00348604028113, 0.0042392113246, 0.00391874182969, 0.00205750088207, 0.000774857064243, 0.000606269109994, 0.000643644016236, 0.000421115662903, 0.000194296968402, 0.000261496345047, 0.000345936539816, 0.000669069821015, 0.000353206589352, 0.000798769702669, 0.00225784466602, 0.000971916946582, 0.00114569987636, 0.000800457492005, 0.000418730603997, 0.00021846916934, 0.000208122175536, 9.66830994003e-05, 4.74431217299e-05, 1.03098209365e-05, 8.13880607353e-09],
        "median": [6.11807481619e-05, 0.00320714595728, 0.00196580146439, 0.0029545694124, 0.00229678233154, 0.00134323362727, 0.000469666090794, 0.000412162073189, 0.000491129467264, 0.000286167982267, 0.000132509783725, 0.000154239096446, 0.000222945280257, 0.000461313087726, 0.000261863664491, 0.00065043347422, 0.00193923164625, 0.000849962700158, 0.00102699967101, 0.000715715286788, 0.00036755335168, 0.000155395333422, 0.000173176027602, 8.44651513034e-05, 3.90336899727e-05, 8.20894820208e-06, 6.52932596878e-10],
        "min": [2.6197602665e-07, 0.000102268662886, 3.94284397771e-05, 6.37596440356e-06, 0.00014034245396, 2.95634072245e-05, 1.97554745682e-05, 1.1935540897e-05, 2.90800544462e-05, 1.34606598294e-05, 7.75612897996e-06, 1.33653884404e-05, 1.98922298296e-05, 2.7995716664e-05, 2.67989853455e-05, 6.7026776378e-05, 0.000263909314526, 0.00011033123883, 0.000172499116161, 0.000131704669911, 9.25801941776e-05, 2.89039307972e-05, 3.80226192647e-05, 1.10040045911e-05, 3.75019976673e-06, 1.60412028549e-07, 9.22355334471e-12],
        "var": [2.55579777786e-07, 0.000118317948363, 2.80481053778e-05, 1.88316607819e-05, 3.62327191397e-05, 4.40031499238e-06, 7.79234483161e-07, 3.91322686255e-07, 2.82075461655e-07, 1.64613425113e-07, 4.04289330902e-08, 1.07212088096e-07, 1.42558477023e-07, 5.34721891654e-07, 9.87188997215e-08, 3.45903799825e-07, 1.77158926817e-06, 3.22479479564e-07, 3.56303644367e-07, 1.5781965601e-07, 4.35393623377e-08, 3.13926520334e-08, 1.69931855254e-08, 2.89806223464e-09, 1.00790786828e-09, 7.15825732023e-11, 6.30170828714e-15]
    },
    "erbbands": {
        "dmean": [0.121149532497, 1.50188374519, 3.43231797218, 5.44305610657, 12.5638589859, 7.34472370148, 10.4942445755, 6.76509141922, 3.74058127403, 13.1971979141, 6.13069248199, 10.175286293, 10.1636104584, 4.86417579651, 5.5808968544, 8.9987154007, 11.8853607178, 19.7927246094, 16.4274654388, 9.37360286713, 34.4761314392, 55.2771987915, 26.3720741272, 20.0712776184, 23.1945266724, 13.2953634262, 7.65769577026, 4.88571691513, 2.97927689552, 2.28550410271, 1.82984042168, 0.897322416306, 0.440523684025, 0.218861415982, 0.159791141748, 0.0343617387116, 0.00813530851156, 0.000402643228881, 1.32703407871e-05, 1.41751552292e-05],
        "dmean2": [0.212646767497, 2.71407151222, 6.32394981384, 9.23021411896, 21.6816368103, 12.7386188507, 16.8778190613, 10.8853816986, 6.19427537918, 20.950586319, 9.42624473572, 16.1419315338, 16.4576377869, 8.25791740417, 9.40469360352, 15.0132408142, 19.8425426483, 32.6929664612, 27.6438083649, 15.856549263, 58.0204849243, 91.7949447632, 43.1355476379, 33.3298377991, 38.1988639832, 22.5190734863, 13.0753984451, 8.26769542694, 4.88488531113, 3.73924088478, 2.9884417057, 1.46485590935, 0.744731426239, 0.364953011274, 0.266747713089, 0.0579341128469, 0.0138872750103, 0.000702597259078, 2.26495740208e-05, 2.43849244725e-05],
        "dvar": [0.074911467731, 11.0915412903, 56.1241531372, 56.244304657, 745.187011719, 278.562011719, 179.142883301, 61.6416473389, 38.9075469971, 324.127197266, 62.1285743713, 131.933242798, 148.875762939, 35.3035545349, 61.4734725952, 211.564483643, 253.857131958, 1043.70690918, 390.289093018, 105.082420349, 1384.58776855, 3072.1081543, 640.220275879, 365.410430908, 512.509338379, 153.660949707, 57.2556114197, 32.0031661987, 20.4324436188, 8.59880161285, 4.44410037994, 0.832457363605, 0.277502536774, 0.0688223168254, 0.0364606007934, 0.00188966304995, 0.000123354548123, 6.60513080675e-07, 5.29211396927e-10, 4.7867471098e-10],
        "dvar2": [0.204844340682, 31.2695770264, 161.249450684, 157.317611694, 1978.27441406, 791.344482422, 415.370635986, 155.835571289, 108.840782166, 779.552307129, 135.438949585, 316.75479126, 354.957977295, 95.1716384888, 156.018478394, 559.348571777, 655.965515137, 2631.58007812, 1042.62805176, 289.931091309, 3639.23828125, 8057.20996094, 1658.18896484, 976.346252441, 1378.92919922, 414.656707764, 153.200057983, 81.1058959961, 47.471370697, 19.4248123169, 11.7530488968, 2.19539070129, 0.753304541111, 0.186349451542, 0.0951257497072, 0.00517656095326, 0.000345302425558, 1.86960244264e-06, 1.22619336906e-09, 1.28318422554e-09],
        "max": [1.75944709778, 19.9472770691, 53.639465332, 61.9248313904, 212.628707886, 155.850189209, 182.901947021, 95.5310668945, 73.3287124634, 184.420761108, 138.173782349, 118.524368286, 115.885658264, 64.5297927856, 127.380325317, 142.244842529, 165.603347778, 556.653930664, 214.622558594, 103.002372742, 351.429168701, 591.048950195, 238.153457642, 184.168899536, 222.836929321, 137.996917725, 80.4274749756, 70.1190567017, 46.194442749, 30.0740776062, 23.6272830963, 13.466342926, 6.81657028198, 3.52869534492, 2.45876479149, 0.553266227245, 0.108666196465, 0.0102221379057, 0.000410107168136, 0.000145937825437],
        "mean": [0.121681548655, 1.54813766479, 4.28954935074, 9.48331737518, 16.0954265594, 10.5127954483, 17.490852356, 12.4827651978, 6.02176856995, 20.1620750427, 10.9276857376, 16.9687328339, 16.1962013245, 8.28579044342, 8.70093154907, 12.6172637939, 18.2550830841, 31.1708183289, 28.3282165527, 19.0006885529, 69.7029190063, 118.599464417, 62.1265411377, 47.6310997009, 59.6566009521, 36.670135498, 20.9039344788, 13.6751441956, 7.6796836853, 6.39186763763, 5.65023612976, 2.86480903625, 1.22429299355, 0.559166431427, 0.37273606658, 0.0755849257112, 0.0149197187275, 0.000559077074286, 3.87626641896e-05, 4.11368091591e-05],
        "median": [0.0427637696266, 0.856243431568, 2.70323467255, 6.74661016464, 9.23490905762, 6.3607172966, 10.1385917664, 9.05070590973, 4.44748020172, 10.8147182465, 7.87551116943, 12.5176725388, 11.2399139404, 6.08117341995, 6.12955522537, 7.95925760269, 12.6226940155, 20.1533737183, 22.0481109619, 15.610042572, 58.6074066162, 103.212837219, 55.3166656494, 42.3945274353, 53.492225647, 33.4864807129, 18.6987552643, 11.568731308, 5.24870443344, 4.6116027832, 4.79367876053, 2.4826271534, 1.05541038513, 0.462694942951, 0.290442079306, 0.06062778458, 0.0114542329684, 0.000359230325557, 3.35078075295e-05, 3.53921532223e-05],
        "min": [0.00287613878027, 0.0221268814057, 0.0844604671001, 0.275987505913, 0.352232247591, 0.621699094772, 0.440522581339, 0.441749513149, 0.597288787365, 0.431951552629, 0.83020812273, 0.844347894192, 0.874250650406, 0.590048968792, 0.516664922237, 1.02164447308, 1.59009230137, 2.16698622704, 2.88294935226, 3.40930247307, 11.7931909561, 17.3356018066, 11.79367733, 6.65892791748, 7.25682830811, 5.67957115173, 4.15561389923, 3.0924680233, 0.97417485714, 0.6557918787, 1.03952121735, 0.576650977135, 0.139100298285, 0.0416064150631, 0.0210522525012, 0.00236859242432, 0.000374283874407, 2.18885106733e-05, 1.22850569824e-05, 1.28384217533e-05],
        "var": [0.0588118806481, 7.32673025131, 36.2017974854, 75.6489334106, 616.146850586, 216.675949097, 444.981811523, 137.366836548, 35.2876319885, 620.326538086, 109.580322266, 224.294586182, 229.50302124, 51.3974952698, 79.0638275146, 216.828567505, 334.522491455, 1410.66137695, 508.861938477, 162.087280273, 1850.12475586, 4647.46191406, 1035.8717041, 573.294799805, 833.037719727, 266.302124023, 98.8155670166, 59.5139350891, 43.3066291809, 25.3640403748, 11.5716466904, 2.43217539787, 0.546734690666, 0.148217022419, 0.0807594209909, 0.00336051150225, 0.000166503406945, 5.22812456438e-07, 5.57245583011e-10, 4.17706536027e-10]
    },
    "gfcc": {
        "mean": [46.8001670837, 84.6120834351, -135.124313354, 70.2273635864, -55.0696105957, 11.3776683807, -45.6438980103, 15.9018211365, -25.4558048248, -2.76120996475, -17.6789035797, -5.78171730042, -11.8538160324],
        "cov": [[302.893707275, -43.3472175598, 48.0485610962, -37.4333763123, -48.9157028198, 7.01143169403, 0.573352277279, -28.4656181335, -14.3127632141, 6.25120544434, -47.2113380432, 5.45235157013, -32.4640731812], [-43.3472175598, 132.797302246, 10.911034584, 21.0928211212, 33.4157180786, -15.3869743347, 20.2819156647, -18.9917697906, 7.8295249939, -22.0515956879, 29.3456268311, -9.70097255707, 30.7461700439], [48.0485610962, 10.911034584, 108.982437134, 15.5452299118, 11.0514907837, 4.54716014862, 9.48756504059, 10.0033731461, -0.357093304396, 4.10442399979, -9.87710094452, 17.7288398743, 1.9554681778], [-37.4333763123, 21.0928211212, 15.5452299118, 63.4305877686, 36.7451438904, 11.0823040009, 13.2857971191, 3.05984401703, 14.2949085236, -4.91248512268, 13.2376432419, -9.02326011658, 12.7720403671], [-48.9157028198, 33.4157180786, 11.0514907837, 36.7451438904, 100.319274902, 27.3262653351, 26.9254817963, 11.62657547, 10.5156812668, 8.18188381195, 14.8820705414, -5.69083786011, 5.5065908432], [7.01143169403, -15.3869743347, 4.54716014862, 11.0823040009, 27.3262653351, 62.4179382324, 31.4033355713, 9.31544303894, 7.47511816025, 9.98249435425, 4.41807699203, -4.147813797, -2.39766001701], [0.573352277279, 20.2819156647, 9.48756504059, 13.2857971191, 26.9254817963, 31.4033355713, 62.0697860718, 26.3622055054, 10.0533905029, -1.4650233984, 5.22889184952, -0.586841881275, -1.25235784054], [-28.4656181335, -18.9917697906, 10.0033731461, 3.05984401703, 11.62657547, 9.31544303894, 26.3622055054, 70.6393890381, 28.1348648071, 13.1724529266, 2.5479183197, 3.2152466774, -4.08962059021], [-14.3127632141, 7.8295249939, -0.357093304396, 14.2949085236, 10.5156812668, 7.47511816025, 10.0533905029, 28.1348648071, 51.2795257568, 22.3669681549, 7.09297370911, -6.52354764938, 0.313596129417], [6.25120544434, -22.0515956879, 4.10442399979, -4.91248512268, 8.18188381195, 9.98249435425, -1.4650233984, 13.1724529266, 22.3669681549, 53.40026474, 16.7602977753, 2.83791661263, -11.1429405212], [-47.2113380432, 29.3456268311, -9.87710094452, 13.2376432419, 14.8820705414, 4.41807699203, 5.22889184952, 2.5479183197, 7.09297370911, 16.7602977753, 56.0311584473, 14.6681318283, 13.8760614395], [5.45235157013, -9.70097255707, 17.7288398743, -9.02326011658, -5.69083786011, -4.147813797, -0.586841881275, 3.2152466774, -6.52354764938, 2.83791661263, 14.6681318283, 51.7919540405, 20.3803520203], [-32.4640731812, 30.7461700439, 1.9554681778, 12.7720403671, 5.5065908432, -2.39766001701, -1.25235784054, -4.08962059021, 0.313596129417, -11.1429405212, 13.8760614395, 20.3803520203, 50.6462860107]],
        "icov": [[0.00552640296519, 0.000829431053717, -0.00265218946151, 0.00193750439212, 0.00199496210553, -0.000528206699528, -0.0028335058596, 0.00436819111928, -0.00137052964419, -0.00124571053311, 0.00321694556624, -0.00110660283826, 0.00199175952002], [0.000829431053717, 0.0332492515445, -0.0123661467806, 0.0169175080955, -0.0112469922751, 0.0202701836824, -0.0209494810551, 0.0201117396355, -0.0192062016577, 0.019589446485, -0.0254576448351, 0.0230297353119, -0.0180170852691], [-0.00265218946151, -0.0123661467806, 0.0175499394536, -0.0128002958372, 0.00311214337125, -0.00659138103947, 0.00747027527541, -0.0102731958032, 0.00995117425919, -0.0100827347487, 0.0136752780527, -0.0145104778931, 0.00687467632815], [0.00193750439212, 0.0169175080955, -0.0128002958372, 0.0373458564281, -0.0125710405409, 0.00910586863756, -0.011557014659, 0.0140125229955, -0.0191987901926, 0.0180277246982, -0.0200060456991, 0.0198649670929, -0.0137356584892], [0.00199496210553, -0.0112469922751, 0.00311214337125, -0.0125710405409, 0.0195625461638, -0.0103055397049, 0.00285649951547, -0.00608758069575, 0.00842932146043, -0.0105015914887, 0.00915616564453, -0.00721476040781, 0.00615274813026], [-0.000528206699528, 0.0202701836824, -0.00659138103947, 0.00910586863756, -0.0103055397049, 0.0366592518985, -0.0246479902416, 0.0139792189002, -0.0103881908581, 0.00582289230078, -0.0143293719739, 0.015634374693, -0.0123306196183], [-0.0028335058596, -0.0209494810551, 0.00747027527541, -0.011557014659, 0.00285649951547, -0.0246479902416, 0.0427321083844, -0.0232261847705, 0.0110706640407, -0.00344173423946, 0.0110730072483, -0.0147141460329, 0.0132929282263], [0.00436819111928, 0.0201117396355, -0.0102731958032, 0.0140125229955, -0.00608758069575, 0.0139792189002, -0.0232261847705, 0.0372492522001, -0.0240165572613, 0.010120369494, -0.0117509001866, 0.0096780480817, -0.00708888797089], [-0.00137052964419, -0.0192062016577, 0.00995117425919, -0.0191987901926, 0.00842932146043, -0.0103881908581, 0.0110706640407, -0.0240165572613, 0.0466853231192, -0.0269600227475, 0.0169034097344, -0.00765160052106, 0.0043918248266], [-0.00124571053311, 0.019589446485, -0.0100827347487, 0.0180277246982, -0.0105015914887, 0.00582289230078, -0.00344173423946, 0.010120369494, -0.0269600227475, 0.0467031300068, -0.0284679047763, 0.0115853846073, -0.00111825030763], [0.00321694556624, -0.0254576448351, 0.0136752780527, -0.0200060456991, 0.00915616564453, -0.0143293719739, 0.0110730072483, -0.0117509001866, 0.0169034097344, -0.0284679047763, 0.0501169636846, -0.0272108614445, 0.0105357170105], [-0.00110660283826, 0.0230297353119, -0.0145104778931, 0.0198649670929, -0.00721476040781, 0.015634374693, -0.0147141460329, 0.0096780480817, -0.00765160052106, 0.0115853846073, -0.0272108614445, 0.0484495311975, -0.0266420263797], [0.00199175952002, -0.0180170852691, 0.00687467632815, -0.0137356584892, 0.00615274813026, -0.0123306196183, 0.0132929282263, -0.00708888797089, 0.0043918248266, -0.00111825030763, 0.0105357170105, -0.0266420263797, 0.0412223562598]]
    },
    "melbands": {
        "dmean": [0.00136641354766, 0.00191048020497, 0.00117143348325, 0.000748755293898, 0.000314794306178, 0.000162000666023, 6.83065372868e-05, 0.000130518659716, 4.79228619952e-05, 6.29014830338e-05, 5.0283906603e-05, 2.02296232601e-05, 1.9059940314e-05, 1.66867666849e-05, 3.20188228216e-05, 2.21326081373e-05, 4.1895207687e-05, 2.97215137834e-05, 1.32458799271e-05, 1.927726953e-05, 5.31348705408e-05, 6.89809457981e-05, 4.53752181784e-05, 1.64490229508e-05, 1.75582063093e-05, 2.31484555115e-05, 1.64627490449e-05, 8.76983176568e-06, 5.43339228898e-06, 4.14195210396e-06, 3.06942069983e-06, 1.92284369405e-06, 1.69954057583e-06, 1.43991792356e-06, 1.20091317513e-06, 1.05341837298e-06, 6.41667554646e-07, 3.58686776281e-07, 3.4983702335e-07, 1.68466399941e-07],
        "dmean2": [0.00244210497476, 0.00346524291672, 0.00198207679205, 0.00128437718377, 0.00051701744087, 0.000260198314209, 0.000111795277917, 0.000206403055927, 7.28379454813e-05, 0.000100504825241, 8.14648592495e-05, 3.45695079886e-05, 3.20090402965e-05, 2.79531614069e-05, 5.39370885235e-05, 3.69974186469e-05, 6.94070549798e-05, 5.02303300891e-05, 2.27488180826e-05, 3.27667585225e-05, 8.96937926882e-05, 0.000114511152788, 7.44361968827e-05, 2.74380618066e-05, 2.93201992463e-05, 3.85960993299e-05, 2.72736324405e-05, 1.4937018932e-05, 9.25878248381e-06, 6.94205255058e-06, 5.18346723766e-06, 3.19544051308e-06, 2.7921300898e-06, 2.36488813243e-06, 1.94730250769e-06, 1.75311538442e-06, 1.07251833015e-06, 6.06775927281e-07, 5.98634187554e-07, 2.7830134286e-07],
        "dvar": [9.7657148217e-06, 1.65050496435e-05, 2.97248675452e-06, 2.99760176858e-06, 1.63835167655e-07, 3.58101068798e-08, 1.21057119884e-08, 3.0978821286e-08, 3.42265127351e-09, 4.93055596351e-09, 3.66188745993e-09, 6.44275466311e-10, 6.90880463949e-10, 8.83647821581e-10, 1.76475389857e-09, 8.48538961318e-10, 5.13062969887e-09, 1.40341449573e-09, 2.12518530551e-10, 4.20749102226e-10, 3.5570928425e-09, 4.58037208162e-09, 2.04133243642e-09, 3.23444493411e-10, 2.85463680472e-10, 5.96069915648e-10, 2.81815792924e-10, 7.12788161827e-11, 2.74304936404e-11, 1.73221246375e-11, 1.35313071511e-11, 7.85322414737e-12, 5.75973513675e-12, 2.97607251343e-12, 1.8799293719e-12, 1.44380189228e-12, 3.86042516313e-13, 1.77960646436e-13, 1.46764816012e-13, 4.47206596028e-14],
        "dvar2": [2.70526998065e-05, 4.68305042887e-05, 7.95931919129e-06, 8.17041018308e-06, 4.08550050679e-07, 8.97031995351e-08, 3.35268985907e-08, 7.48007096263e-08, 7.23252036039e-09, 1.20960654826e-08, 8.72880701053e-09, 1.73203773546e-09, 1.7632770799e-09, 2.40711517385e-09, 4.55100668262e-09, 2.1844233089e-09, 1.28504327179e-08, 3.73224740002e-09, 5.59623403174e-10, 1.12937448282e-09, 9.33459887165e-09, 1.22319088192e-08, 5.31110044832e-09, 8.25913226699e-10, 7.66096575067e-10, 1.66307390081e-09, 7.67752028619e-10, 1.96889296533e-10, 7.4853345744e-11, 4.77201993199e-11, 3.6173897211e-11, 1.85385352902e-11, 1.37996263722e-11, 7.06507465378e-12, 4.92995618287e-12, 3.87906764002e-12, 1.05459900795e-12, 4.91153179325e-13, 3.96514689572e-13, 1.20359532887e-13],
        "max": [0.0197937842458, 0.0251725893468, 0.0144740575925, 0.0139390397817, 0.00490735704079, 0.00205228943378, 0.00120830978267, 0.00180879666004, 0.00107923301402, 0.000664779683575, 0.000570623436943, 0.000278409628663, 0.000391904206481, 0.000345581560396, 0.000434134533862, 0.000382540863939, 0.00126627204008, 0.000437620503362, 0.000141630283906, 0.000246254028752, 0.000595146615524, 0.000652980525047, 0.000520172703546, 0.000194703810848, 0.000161148593179, 0.00031858071452, 0.000183253156138, 0.000106519815745, 6.0301819758e-05, 3.73380280507e-05, 4.82830946567e-05, 3.02452717733e-05, 2.95676309179e-05, 2.04150910577e-05, 1.54536392074e-05, 1.36851913339e-05, 8.7790976977e-06, 5.20382354807e-06, 4.41656356998e-06, 2.90275420411e-06],
        "mean": [0.00143109599594, 0.00224100076593, 0.00189169566147, 0.000997455324978, 0.00053555140039, 0.000300319399685, 0.00010483837832, 0.000202655355679, 8.34114325698e-05, 0.000104292492324, 7.69745965954e-05, 3.20929466398e-05, 2.85942733171e-05, 2.36459109146e-05, 4.44293909823e-05, 3.4205524571e-05, 6.1794926296e-05, 4.82580398966e-05, 2.21147183765e-05, 3.4270589822e-05, 9.64692007983e-05, 0.000132264307467, 8.8711421995e-05, 3.51561684511e-05, 3.73863258574e-05, 4.92153994855e-05, 3.72942777176e-05, 2.09517129406e-05, 1.28454103105e-05, 1.0404578461e-05, 7.22152299204e-06, 4.4155131036e-06, 3.66141898667e-06, 3.59542400474e-06, 3.30776174451e-06, 2.60336605606e-06, 1.61312811997e-06, 8.13868325622e-07, 8.34339004996e-07, 3.24102217064e-07],
        "median": [0.000674089998938, 0.00137693306897, 0.00131433736533, 0.000603431137279, 0.000341162929544, 0.000212432889384, 7.34281275072e-05, 0.00011066893785, 5.9997291828e-05, 7.64838041505e-05, 5.24623246747e-05, 2.20288329729e-05, 1.92037223314e-05, 1.53483561007e-05, 2.93870343739e-05, 2.41558027483e-05, 3.8284175389e-05, 3.65247469745e-05, 1.66906502272e-05, 2.71749013336e-05, 7.84752992331e-05, 0.000112649839139, 7.43923155824e-05, 3.06946531055e-05, 3.27679445036e-05, 4.22417870141e-05, 3.27198540617e-05, 1.89877409866e-05, 1.14875783765e-05, 9.08696256374e-06, 5.85828502153e-06, 3.03846468341e-06, 2.38752818404e-06, 2.60465230895e-06, 2.70034252026e-06, 2.23456800086e-06, 1.38952475481e-06, 6.6664898668e-07, 6.85271174916e-07, 2.41902199605e-07],
        "min": [3.49653309968e-05, 3.4519151086e-05, 5.1767401601e-05, 1.60051095008e-05, 1.56372934725e-05, 7.76189517637e-06, 5.56111444894e-06, 3.22308164868e-06, 4.81363258586e-06, 4.93280595038e-06, 3.38737709171e-06, 1.8636732193e-06, 1.5138539311e-06, 1.83659153663e-06, 1.96018459064e-06, 1.9873104975e-06, 2.85528858512e-06, 3.19449668496e-06, 1.55633551913e-06, 1.33130220092e-06, 1.21523307826e-05, 1.59039027494e-05, 1.01958758023e-05, 4.41606107415e-06, 4.61776789962e-06, 5.8519740378e-06, 5.51806624571e-06, 3.08355924972e-06, 1.67847304056e-06, 1.66049437667e-06, 1.14872079848e-06, 3.97361588966e-07, 1.83818073651e-07, 2.28080224929e-07, 3.87248860534e-07, 1.84539743486e-07, 3.9702364063e-08, 8.94758258596e-08, 1.18201288757e-08, 4.65113592085e-09],
