{
"highlevel": {
    "danceability": {
        "all": {
            "danceable": 0.551152646542,
            "not_danceable": 0.448847323656
        },
        "probability": 0.551152646542,
        "value": "danceable"
    },
    "gender": {
        "all": {
            "female": 0.197495743632,
            "male": 0.802504241467
        },
        "probability": 0.802504241467,
        "value": "male"
    },
    "genre_dortmund": {
        "all": {
            "alternative": 0.271916389465,
            "blues": 0.00855619832873,
            "electronic": 0.0252941921353,
            "folkcountry": 0.314199060202,
            "funksoulrnb": 0.00356751587242,
            "jazz": 0.0170692168176,
            "pop": 0.139656677842,
            "raphiphop": 0.00583808636293,
            "rock": 0.213902667165
        },
        "probability": 0.314199060202,
        "value": "folkcountry"
    },
    "genre_electronic": {
        "all": {
            "ambient": 0.473711878061,
            "dnb": 0.0879692807794,
            "house": 0.238309726119,
            "techno": 0.0240746792406,
            "trance": 0.175934433937
        },
        "probability": 0.473711878061,
        "value": "ambient"
    },
    "genre_rosamerica": {
        "all": {
            "cla": 0.0212516766042,
            "dan": 0.166295856237,
            "hip": 0.0146470004693,
            "jaz": 0.0120577542111,
            "pop": 0.188385099173,
            "rhy": 0.0958018898964,
            "roc": 0.488796472549,
            "spe": 0.0127642508596
        },
        "probability": 0.488796472549,
        "value": "roc"
    },
    "genre_tzanetakis": {
        "all": {
            "blu": 0.0776171460748,
            "cla": 0.0430819652975,
            "cou": 0.0969252064824,
            "dis": 0.0775639340281,
            "hip": 0.129305377603,
            "jaz": 0.19403719902,
            "met": 0.0776076763868,
            "pop": 0.0969849601388,
            "reg": 0.0775794237852,
            "roc": 0.129297107458
        },
        "probability": 0.19403719902,
        "value": "jaz"
    },
    "ismir04_rhythm": {
        "all": {
            "ChaChaCha": 0.0489641427994,
            "Jive": 0.0692652463913,
            "Quickstep": 0.0742784738541,
            "Rumba-American": 0.0055337054655,
            "Rumba-International": 0.298991382122,
            "Rumba-Misc": 0.0132410228252,
            "Samba": 0.431678682566,
            "Tango": 0.0238031893969,
            "VienneseWaltz": 0.0236166678369,
            "Waltz": 0.010627489537
        },
        "probability": 0.431678682566,
        "value": "Samba"
    },
    "mood_acoustic": {
        "all": {
            "acoustic": 0.0540253371,
            "not_acoustic": 0.945974647999
        },
        "probability": 0.945974647999,
        "value": "not_acoustic"
    },
    "mood_aggressive": {
        "all": {
            "aggressive": 0.00254471460357,
            "not_aggressive": 0.997455298901
        },
        "probability": 0.997455298901,
        "value": "not_aggressive"
    },
    "mood_electronic": {
        "all": {
            "electronic": 0.216641068459,
            "not_electronic": 0.783358931541
        },
        "probability": 0.783358931541,
        "value": "not_electronic"
    },
    "mood_happy": {
        "all": {
            "happy": 0.198682516813,
            "not_happy": 0.801317453384
        },
        "probability": 0.801317453384,
        "value": "not_happy"
    },
    "mood_party": {
        "all": {
            "not_party": 0.811525285244,
            "party": 0.188474684954
        },
        "probability": 0.811525285244,
        "value": "not_party"
    },
    "mood_relaxed": {
        "all": {
            "not_relaxed": 0.154872357845,
            "relaxed": 0.845127642155
        },
        "probability": 0.845127642155,
        "value": "relaxed"
    },
    "mood_sad": {
        "all": {
            "not_sad": 0.4328789711,
            "sad": 0.5671210289
        },
        "probability": 0.5671210289,
        "value": "sad"
    },
    "moods_mirex": {
        "all": {
            "Cluster1": 0.211950972676,
            "Cluster2": 0.141686156392,
            "Cluster3": 0.479337662458,
            "Cluster4": 0.0981693044305,
            "Cluster5": 0.0688559114933
        },
        "probability": 0.479337662458,
        "value": "Cluster3"
    },
    "timbre": {
        "all": {
            "bright": 0.954216957092,
            "dark": 0.045783020556
        },
        "probability": 0.954216957092,
        "value": "bright"
    },
    "tonal_atonal": {
        "all": {
            "atonal": 0.0601950697601,
            "tonal": 0.939804911613
        },
        "probability": 0.939804911613,
        "value": "tonal"
    },
    "voice_instrumental": {
        "all": {
            "instrumental": 0.000435602414655,
            "voice": 0.999564409256
        },
        "probability": 0.999564409256,
        "value": "voice"
    }
},
"lowlevel": {
    "average_loudness": 0.951735913754,
    "barkbands_crest": {
        "dmean": 2.78258609772,
        "dmean2": 4.8635764122,
        "dvar": 5.6048002243,
        "dvar2": 17.9991588593,
        "max": 19.7255401611,
        "mean": 9.28685951233,
        "median": 8.81160259247,
        "min": 3.26152276993,
        "var": 8.73656082153
    },
    "barkbands_flatness_db": {
        "dmean": 0.0256328787655,
        "dmean2": 0.0445772483945,
        "dvar": 0.000454753550002,
        "dvar2": 0.00135183217935,
        "max": 0.277575403452,
        "mean": 0.154839262366,
        "median": 0.152794152498,
        "min": 0.0716546475887,
        "var": 0.001241348451
    },
    "barkbands_kurtosis": {
        "dmean": 4.52555561066,
        "dmean2": 7.88325786591,
        "dvar": 35.4756088257,
        "dvar2": 100.356864929,
        "max": 79.6273345947,
        "mean": 6.17513465881,
        "median": 4.40397644043,
        "min": -1.84388113022,
        "var": 55.0901985168
    },
    "barkbands_skewness": {
        "dmean": 0.704660177231,
        "dmean2": 1.20133292675,
        "dvar": 0.445051908493,
        "dvar2": 1.26582622528,
        "max": 7.91721248627,
        "mean": 2.26039767265,
        "median": 2.23709535599,
        "min": -0.290558278561,
        "var": 1.21088957787
    },
    "barkbands_spread": {
        "dmean": 9.32501125336,
        "dmean2": 15.7015609741,
        "dvar": 98.4234695435,
        "dvar2": 235.543136597,
        "max": 100.869377136,
        "mean": 28.0432701111,
        "median": 22.1052246094,
        "min": 2.63597035408,
        "var": 383.604522705
    },
    "dissonance": {
        "dmean": 0.01597443223,
        "dmean2": 0.0262864995748,
        "dvar": 0.000176370944246,
        "dvar2": 0.00045909450273,
        "max": 0.500000119209,
        "mean": 0.463992893696,
        "median": 0.467624127865,
        "min": 0.35899952054,
        "var": 0.000447806291049
    },
    "dynamic_complexity": 1.83975934982,
    "erbbands_crest": {
        "dmean": 2.1837656498,
        "dmean2": 3.65369057655,
        "dvar": 3.93830299377,
        "dvar2": 10.162115097,
        "max": 21.1369438171,
        "mean": 7.12944984436,
        "median": 6.58894920349,
        "min": 2.43168568611,
        "var": 7.65947961807
    },
    "erbbands_flatness_db": {
        "dmean": 0.0132991727442,
        "dmean2": 0.0202533695847,
        "dvar": 0.000146417733049,
        "dvar2": 0.000292066833936,
        "max": 0.226329505444,
        "mean": 0.133031755686,
        "median": 0.134583473206,
        "min": 0.0678331777453,
        "var": 0.000724343000911
    },
    "erbbands_kurtosis": {
        "dmean": 0.48324739933,
        "dmean2": 0.809710800648,
        "dvar": 0.32074996829,
        "dvar2": 0.808306217194,
        "max": 6.18630218506,
        "mean": -0.84765124321,
        "median": -1.10761809349,
        "min": -1.82453560829,
        "var": 0.698542296886
    },
    "erbbands_skewness": {
        "dmean": 0.382633268833,
        "dmean2": 0.63141310215,
        "dvar": 0.10583165288,
        "dvar2": 0.293674826622,
        "max": 2.22692894936,
        "mean": 0.201821282506,
        "median": 0.247867852449,
        "min": -1.7159897089,
        "var": 0.387239605188
    },
    "erbbands_spread": {
        "dmean": 11.8110837936,
        "dmean2": 19.2731723785,
        "dvar": 122.418670654,
        "dvar2": 300.919128418,
        "max": 148.037475586,
        "mean": 72.3055343628,
        "median": 70.6197357178,
        "min": 18.0621585846,
        "var": 534.527038574
    },
    "hfc": {
        "dmean": 10.6474885941,
        "dmean2": 17.2868270874,
        "dvar": 286.658355713,
        "dvar2": 767.391235352,
        "max": 167.570144653,
        "mean": 28.3707675934,
        "median": 18.0769634247,
        "min": 1.42516314983,
        "var": 853.936218262
    },
    "melbands_crest": {
        "dmean": 3.31266784668,
        "dmean2": 5.68049049377,
        "dvar": 7.29450178146,
        "dvar2": 21.0366706848,
        "max": 26.3962955475,
        "mean": 14.4370803833,
        "median": 14.0980968475,
        "min": 5.30125904083,
        "var": 15.1860361099
    },
    "melbands_flatness_db": {
        "dmean": 0.0326544605196,
        "dmean2": 0.0573855526745,
        "dvar": 0.00077822728781,
        "dvar2": 0.00218494096771,
        "max": 0.356341004372,
        "mean": 0.206975385547,
        "median": 0.206024035811,
        "min": 0.0764943137765,
        "var": 0.0022536967881
    },
    "melbands_kurtosis": {
        "dmean": 13.8652734756,
        "dmean2": 24.2179775238,
        "dvar": 292.978179932,
        "dvar2": 836.255493164,
        "max": 215.279159546,
        "mean": 28.5126953125,
        "median": 23.3778972626,
        "min": -1.01213443279,
        "var": 474.896453857
    },
    "melbands_skewness": {
        "dmean": 1.02462518215,
        "dmean2": 1.75123524666,
        "dvar": 0.888552069664,
        "dvar2": 2.51876878738,
        "max": 11.3050918579,
        "mean": 4.38934803009,
        "median": 4.28064155579,
        "min": 0.479016005993,
        "var": 2.29264521599
    },
    "melbands_spread": {
        "dmean": 7.58367967606,
        "dmean2": 13.0061225891,
        "dvar": 72.2834243774,
        "dvar2": 192.031982422,
        "max": 109.117530823,
        "mean": 19.0155143738,
        "median": 14.5575942993,
        "min": 1.50407075882,
        "var": 203.384597778
    },
    "pitch_salience": {
        "dmean": 0.0877269431949,
        "dmean2": 0.149942904711,
        "dvar": 0.00541507313028,
        "dvar2": 0.0160584785044,
        "max": 0.809313237667,
        "mean": 0.56662517786,
        "median": 0.573075592518,
        "min": 0.252189487219,
        "var": 0.0100133046508
    },
    "silence_rate_20dB": {
        "dmean": 0,
        "dmean2": 0,
        "dvar": 0,
        "dvar2": 0,
        "max": 1,
        "mean": 1,
        "median": 1,
        "min": 1,
        "var": 0
    },
    "silence_rate_30dB": {
        "dmean": 0.030959751457,
        "dmean2": 0.0619674660265,
        "dvar": 0.0300016440451,
        "dvar2": 0.0736192688346,
        "max": 1,
        "mean": 0.976798117161,
        "median": 1,
        "min": 0,
        "var": 0.0226631760597
    },
    "silence_rate_60dB": {
        "dmean": 0,
        "dmean2": 0,
        "dvar": 0,
        "dvar2": 0,
        "max": 0,
        "mean": 0,
        "median": 0,
        "min": 0,
        "var": 0
    },
    "spectral_centroid": {
        "dmean": 341.705749512,
        "dmean2": 584.866210938,
        "dvar": 102411.03125,
        "dvar2": 289814.3125,
        "max": 3394.78466797,
        "mean": 1247.20092773,
        "median": 1158.51098633,
        "min": 316.533691406,
        "var": 248479.03125
    },
    "spectral_complexity": {
        "dmean": 3.98297214508,
        "dmean2": 6.66305208206,
        "dvar": 25.3928871155,
        "dvar2": 62.0189247131,
        "max": 52,
        "mean": 18.2490329742,
        "median": 17,
        "min": 5,
        "var": 54.6942481995
    },
    "spectral_decrease": {
        "dmean": 3.64537688924e-09,
        "dmean2": 5.84750603494e-09,
        "dvar": 2.34847759386e-17,
        "dvar2": 5.35842042158e-17,
        "max": -1.18319398723e-09,
        "mean": -8.51778114708e-09,
        "median": -6.67128929877e-09,
        "min": -5.08915469766e-08,
        "var": 4.26967239532e-17
    },
    "spectral_energy": {
        "dmean": 0.014172276482,
        "dmean2": 0.0227274727076,
        "dvar": 0.000349950365489,
        "dvar2": 0.00079117709538,
        "max": 0.196791723371,
        "mean": 0.0347214266658,
        "median": 0.0276311598718,
        "min": 0.00489430548623,
        "var": 0.000659061421175
    },
    "spectral_energyband_high": {
        "dmean": 0.00113830133341,
        "dmean2": 0.00194751576055,
        "dvar": 3.87917089029e-06,
        "dvar2": 1.06068582681e-05,
        "max": 0.0163884200156,
        "mean": 0.00215584458783,
        "median": 0.000920025864616,
        "min": 2.32140610024e-05,
        "var": 9.44660860114e-06
    },
    "spectral_energyband_low": {
        "dmean": 0.0115481475368,
        "dmean2": 0.0194808989763,
        "dvar": 0.000302971573547,
        "dvar2": 0.000742213916965,
        "max": 0.166722804308,
        "mean": 0.0154403010383,
        "median": 0.00879258476198,
        "min": 0.000617719371803,
        "var": 0.000398643460358
    },
    "spectral_energyband_middle_high": {
        "dmean": 0.000897278252523,
        "dmean2": 0.00140974635724,
        "dvar": 2.16241414819e-06,
        "dvar2": 4.48576247436e-06,
        "max": 0.020676760003,
        "mean": 0.00274395593442,
        "median": 0.00186424376443,
        "min": 0.000128173371195,
        "var": 8.66108257469e-06
    },
    "spectral_energyband_middle_low": {
        "dmean": 0.00624572904781,
        "dmean2": 0.00944782420993,
        "dvar": 5.14574639965e-05,
        "dvar2": 0.000120672491903,
        "max": 0.0903869122267,
        "mean": 0.0170360133052,
        "median": 0.0143407229334,
        "min": 0.00128763518296,
        "var": 0.000122335011838
    },
    "spectral_entropy": {
        "dmean": 0.207664236426,
        "dmean2": 0.340174108744,
        "dvar": 0.0392340421677,
        "dvar2": 0.0997612178326,
        "max": 8.46580123901,
        "mean": 7.56200313568,
        "median": 7.52908658981,
        "min": 6.59731388092,
        "var": 0.108912691474
    },
    "spectral_flux": {
        "dmean": 0.027559120208,
        "dmean2": 0.0438651554286,
        "dvar": 0.000972479581833,
        "dvar2": 0.00207729055546,
        "max": 0.342635661364,
        "mean": 0.0988697633147,
        "median": 0.0890083312988,
        "min": 0.0239974055439,
        "var": 0.00199214671738
    },
    "spectral_kurtosis": {
        "dmean": 1.01716947556,
        "dmean2": 1.74200022221,
        "dvar": 0.895404815674,
        "dvar2": 2.59549283981,
        "max": 8.4570274353,
        "mean": 2.13179039955,
        "median": 1.91345787048,
        "min": -0.885888576508,
        "var": 2.26172947884
    },
    "spectral_rms": {
        "dmean": 0.0011186680058,
        "dmean2": 0.00179242622107,
        "dvar": 1.20254185276e-06,
        "dvar2": 2.6368552426e-06,
        "max": 0.0138561148196,
        "mean": 0.00553182465956,
        "median": 0.00519203487784,
        "min": 0.00218516192399,
        "var": 3.27347629536e-06
    },
    "spectral_rolloff": {
        "dmean": 924.895202637,
        "dmean2": 1684.4432373,
        "dvar": 2894965.5,
        "dvar2": 7543479,
        "max": 11520.2636719,
        "mean": 1729.71618652,
        "median": 559.86328125,
        "min": 129.19921875,
        "var": 6160463
    },
    "spectral_skewness": {
        "dmean": 0.211044624448,
        "dmean2": 0.355780959129,
        "dvar": 0.0362506024539,
        "dvar2": 0.101411610842,
        "max": 2.72974729538,
        "mean": 1.17612290382,
        "median": 1.1789740324,
        "min": 0.467241734266,
        "var": 0.0852900147438
    },
    "spectral_spread": {
        "dmean": 710122.1875,
        "dmean2": 1086026.5,
        "dvar": 975031238656,
        "dvar2": 1.80156864922e+12,
        "max": 14412448,
        "mean": 5821195,
        "median": 4960006.5,
        "min": 2624004,
        "var": 4.98800997171e+12
    },
    "spectral_strongpeak": {
        "dmean": 0.36305603385,
        "dmean2": 0.625993132591,
        "dvar": 0.208585754037,
        "dvar2": 0.60847735405,
        "max": 5.61931324005,
        "mean": 0.600760698318,
        "median": 0.469734370708,
        "min": 0.070363663137,
        "var": 0.226936519146
    },
    "zerocrossingrate": {
        "dmean": 0.0133755803108,
        "dmean2": 0.0167721398175,
        "dvar": 0.000228657692787,
        "dvar2": 0.000315763929393,
        "max": 0.298828125,
        "mean": 0.0727837383747,
        "median": 0.05419921875,
        "min": 0.0126953125,
        "var": 0.00236277538352
    },
    "barkbands": {
        "dmean": [4.66778583359e-05, 0.00210722303018, 0.00868126749992, 0.0031943093054, 0.0029517239891, 0.00169246853329, 0.000649930210784, 0.000684462836944, 0.000342245126376, 0.000165122488397, 0.000133156572701, 0.000172382235178, 0.000112148976768, 0.000131353313918, 0.000170262021129, 0.000130665866891, 0.000187135272427, 0.000184825752513, 0.000196866880287, 0.000171303719981, 0.000230012316024, 0.00031532504363, 0.000256151746726, 0.000145889120176, 0.000356974545866, 6.61692029098e-05, 1.63272950715e-09],
        "dmean2": [7.34012937755e-05, 0.00333349290304, 0.015277014114, 0.00510004954413, 0.00453017931432, 0.00281432899646, 0.00101088255178, 0.00107119709719, 0.000544826907571, 0.000262995716184, 0.000212028928217, 0.000281729240669, 0.00017949094763, 0.000203417177545, 0.000255652907072, 0.000209491045098, 0.000301824155031, 0.000307992391754, 0.000341555773048, 0.000305963272694, 0.000408784020692, 0.000552510668058, 0.000434142188169, 0.000237934291363, 0.000587808608543, 0.000102605481516, 2.98124147591e-09],
        "dvar": [1.47521870275e-08, 2.52280860877e-05, 0.000168892918737, 2.60029610217e-05, 1.22577848742e-05, 4.96705479236e-06, 1.21899165606e-06, 8.70146436682e-07, 3.15000477258e-07, 2.52332910122e-07, 9.17943125955e-08, 1.31363563582e-07, 8.28738038194e-08, 1.3149769984e-07, 3.46365794712e-07, 7.12428160909e-08, 1.71038593066e-07, 5.74471812342e-08, 8.59406270592e-08, 1.40492772971e-07, 2.65969873681e-07, 3.61760953638e-07, 3.75915931272e-07, 2.10730974004e-07, 8.73554597547e-07, 4.48114434448e-08, 6.93805100686e-18],
        "dvar2": [3.52414630811e-08, 5.35918807145e-05, 0.000452181440778, 6.61861849949e-05, 2.75644306384e-05, 1.32928425955e-05, 2.77221624856e-06, 1.94480844584e-06, 7.45050442674e-07, 4.43618660029e-07, 1.70451812664e-07, 3.03668429069e-07, 1.79992909466e-07, 2.85951813339e-07, 6.61624881104e-07, 1.69559271512e-07, 3.2972320696e-07, 1.49848176534e-07, 2.31849639931e-07, 3.9670257479e-07, 7.42476743198e-07, 1.01724208434e-06, 1.01264197383e-06, 4.99212660543e-07, 2.30477917285e-06, 9.35824004955e-08, 1.5212356045e-17],
        "max": [0.00119887548499, 0.0653583854437, 0.131286934018, 0.0586069859564, 0.045698158443, 0.0291838552803, 0.0155910793692, 0.0153807299212, 0.013474477455, 0.0171648729593, 0.00803460367024, 0.00741596054286, 0.00622765766457, 0.00717970822006, 0.0108725987375, 0.00434101140127, 0.011791982688, 0.00270198262297, 0.00443754345179, 0.00424815854058, 0.00529436534271, 0.00762298004702, 0.00743664940819, 0.00822776556015, 0.0117097729817, 0.00413866899908, 6.20832310005e-08],
        "mean": [5.16360487381e-05, 0.00314007955603, 0.0096490085125, 0.00510674575344, 0.00603861827403, 0.00298558874056, 0.00116322457325, 0.00105149799492, 0.000587900925893, 0.000275654485449, 0.000249130622251, 0.000264431058895, 0.000175547640538, 0.000215864143684, 0.000272601988399, 0.000220505084144, 0.000332746451022, 0.000336047203746, 0.000360183359589, 0.000212900878978, 0.000311317504384, 0.000410346168792, 0.000372768117813, 0.000186173536349, 0.000660724355839, 9.0185967565e-05, 1.3518852704e-09],
        "median": [1.36515209306e-05, 0.000972375448328, 0.00544791854918, 0.00321950926445, 0.00440850295126, 0.00205055973493, 0.000527741154656, 0.000611658673733, 0.000372074835468, 0.000141109441756, 0.000127205057652, 0.000135606358526, 9.07918001758e-05, 9.20590828173e-05, 5.99678860453e-05, 0.000101281519164, 0.000162698910572, 0.000223274866585, 0.000214087485801, 0.000119188443932, 0.000180113784154, 0.000225237163249, 6.98736694176e-05, 4.36134178017e-05, 3.53385512426e-05, 4.46319745606e-06, 5.41892308803e-10],
        "min": [7.2354295888e-09, 1.44726873259e-05, 5.29798635398e-05, 2.78729567071e-05, 0.000299351231661, 0.000106823208625, 4.95915446663e-06, 8.32518344396e-06, 1.33456469484e-05, 2.42353257818e-06, 8.13275960354e-07, 2.35008724303e-06, 1.05527226424e-06, 1.13147848424e-06, 3.86251912232e-07, 3.63686945093e-06, 2.20373135562e-06, 7.32896660338e-06, 1.47288037624e-05, 6.5491103669e-06, 1.02590356619e-05, 2.52020413427e-06, 1.45169360621e-06, 3.96261611968e-07, 2.59951718817e-07, 4.6851400537e-10, 1.89504054809e-11],
        "var": [1.67019642561e-08, 3.94533926737e-05, 0.000178458794835, 3.54401599907e-05, 2.68369112746e-05, 8.99109181773e-06, 3.30850616592e-06, 2.0508932721e-06, 5.37204925877e-07, 6.55486076084e-07, 2.44980526531e-07, 2.79277543314e-07, 1.4384531255e-07, 3.32084709953e-07, 6.7886475108e-07, 1.49952597894e-07, 4.59966031485e-07, 1.28418903955e-07, 2.3853377229e-07, 1.08961209833e-07, 2.33158758078e-07, 3.40938470345e-07, 7.29801740817e-07, 3.58367856279e-07, 2.93741231872e-06, 7.73159101186e-08, 6.71912442286e-18]
    },
    "erbbands": {
        "dmean": [0.0422234497964, 0.631128251553, 6.89718818665, 12.453327179, 10.6109476089, 7.79528188705, 12.9304141998, 18.2692699432, 12.492099762, 8.68848133087, 11.1138658524, 7.53728628159, 6.85094881058, 4.00790500641, 5.62290143967, 6.04905128479, 5.44226551056, 5.62434053421, 8.25397968292, 7.24167442322, 7.92370700836, 10.216088295, 10.1758270264, 9.36876678467, 8.3989610672, 7.61132717133, 8.30107116699, 10.1986484528, 12.0730600357, 5.5928735733, 9.32433605194, 3.37371325493, 2.67354011536, 6.54416894913, 1.39873218536, 0.471552848816, 0.0893597453833, 0.00430067861453, 0.000107259460492, 2.26243828365e-05],
        "dmean2": [0.064712330699, 1.03313207626, 12.1132030487, 21.2437572479, 16.7793445587, 12.0272464752, 19.3764438629, 30.6731185913, 19.4508152008, 13.9345140457, 16.7889556885, 11.8677864075, 10.7817440033, 6.1174197197, 8.80358409882, 9.69178390503, 8.7368221283, 8.60918998718, 12.1193914413, 11.3072776794, 12.7927722931, 16.6951351166, 16.8854179382, 16.090970993, 14.8193044662, 13.7040300369, 14.9862012863, 18.2161197662, 21.2224712372, 9.70509052277, 15.6803293228, 5.71699333191, 4.41617774963, 10.59126091, 2.35091590881, 0.760871350765, 0.135459050536, 0.00683300057426, 0.000167362217326, 3.60133417416e-05],
        "dvar": [0.0147392340004, 1.98561573029, 116.866874695, 398.359893799, 171.709991455, 119.544937134, 321.112915039, 697.625, 366.892059326, 288.119354248, 318.913818359, 93.3079223633, 436.627716064, 41.7065963745, 186.940383911, 244.213302612, 180.343322754, 239.852844238, 632.784179688, 556.52532959, 227.053771973, 450.402954102, 170.092208862, 246.410385132, 187.708251953, 311.200500488, 435.643249512, 381.323638916, 602.463500977, 192.074066162, 614.862487793, 115.014320374, 73.7776489258, 326.985626221, 14.516834259, 2.23636412621, 0.256119370461, 0.000294766825391, 1.32623711124e-07, 1.00491293065e-09],
        "dvar2": [0.0297655891627, 4.58997821808, 306.812561035, 1015.98327637, 417.064575195, 281.989715576, 675.598754883, 1896.64855957, 836.807495117, 746.672973633, 606.939941406, 217.346679688, 702.246154785, 91.0095672607, 335.702301025, 540.648254395, 361.563049316, 523.579711914, 1146.91955566, 1199.31982422, 501.614868164, 951.80065918, 430.604919434, 656.13494873, 531.487731934, 876.665588379, 1205.09741211, 1069.57958984, 1691.32495117, 480.033538818, 1708.00061035, 283.024902344, 174.424789429, 869.275939941, 40.3615684509, 5.15734100342, 0.496091187, 0.000597755948547, 2.67278949195e-07, 2.2880544126e-09],
        "max": [1.06856632233, 19.1314735413, 117.397949219, 203.668319702, 164.039291382, 126.927986145, 212.638092041, 356.434387207, 271.697052002, 293.06072998, 413.383850098, 140.531265259, 745.301757812, 108.977989197, 443.141052246, 374.038879395, 305.140716553, 425.572052002, 450.765930176, 489.373535156, 228.106552124, 554.905517578, 172.321472168, 213.028076172, 183.011032104, 184.60949707, 213.262588501, 200.157775879, 363.485473633, 223.009414673, 340.009887695, 238.668060303, 191.377532959, 243.657150269, 44.2186393738, 26.5364303589, 17.2128257751, 0.504423499107, 0.0108845075592, 0.000641703081783],
        "mean": [0.0569151416421, 0.963999927044, 8.52418518066, 16.0689926147, 19.6456756592, 14.5323410034, 24.4568519592, 30.3352394104, 23.2903366089, 14.7126216888, 18.2441730499, 14.3607206345, 12.0296735764, 8.96757316589, 10.466342926, 9.73900318146, 9.38512706757, 10.1454296112, 14.2052516937, 12.3325996399, 14.5424566269, 19.4695110321, 18.9553699493, 17.9649982452, 14.6929616928, 9.69920921326, 10.242764473, 16.176902771, 15.9526977539, 7.02124261856, 13.4980344772, 4.47880220413, 4.19616222382, 11.5816364288, 2.16556024551, 0.682998538017, 0.112786144018, 0.00478033861145, 0.000165953344549, 5.79482948524e-05],
        "median": [0.0161634925753, 0.393889307976, 4.82901382446, 10.0679292679, 13.3942632675, 9.71398830414, 15.859746933, 19.2382011414, 11.7999067307, 9.43495178223, 10.4421930313, 9.41837692261, 6.66378068924, 4.9611287117, 5.84855890274, 4.78189086914, 5.20018482208, 4.37672710419, 4.82830572128, 3.59475588799, 7.44663858414, 10.6687803268, 12.4133720398, 7.50869464874, 10.0417261124, 5.39895343781, 5.16882705688, 11.2873697281, 8.56017494202, 2.34708571434, 2.02497220039, 1.14515006542, 0.679209947586, 0.595041453838, 0.145897805691, 0.0366451442242, 0.00701143080369, 0.000363058963558, 3.33852003678e-05, 3.9318249037e-05],
        "min": [0.000594488286879, 0.00847952067852, 0.0937880501151, 0.439832538366, 0.622993171215, 0.718414962292, 0.558286249638, 1.0535607338, 0.540565669537, 0.341650515795, 0.349554777145, 0.433587551117, 0.498619049788, 0.0915226787329, 0.106253676116, 0.0967082753778, 0.0573382340372, 0.115681245923, 0.0622487030923, 0.0812351629138, 0.22374664247, 0.368928343058, 0.796927273273, 0.776058852673, 0.594865858555, 0.27265354991, 0.303509116173, 0.441434860229, 0.119450964034, 0.0513819232583, 0.0340291820467, 0.0157144311816, 0.0148196090013, 0.00468748109415, 0.000569767609704, 6.13180745859e-05, 8.32277783047e-06, 1.70521559539e-06, 4.13161114921e-06, 5.9318804233e-06],
        "var": [0.0181413348764, 2.95743107796, 136.319503784, 425.458129883, 408.9949646, 213.306213379, 720.920288086, 1150.85290527, 1089.19592285, 437.365325928, 856.521057129, 241.083740234, 1364.06079102, 127.423690796, 493.713104248, 544.173339844, 378.130645752, 780.386291504, 1343.65734863, 1063.80651855, 557.879089355, 1296.68286133, 406.860107422, 668.490600586, 279.933624268, 231.425613403, 334.43862915, 387.187866211, 569.112548828, 222.567871094, 1164.73901367, 148.608169556, 125.174964905, 1000.8493042, 29.5655574799, 3.91881203651, 0.382836729288, 0.000414365087636, 2.18301821064e-07, 2.84854118071e-09]
    },
    "gfcc": {
        "mean": [21.4904785156, 91.8341751099, -100.875419617, 58.7114830017, -73.9718704224, 8.21603012085, -46.547164917, 7.26406002045, -30.0409240723, -3.21903538704, -20.4413814545, -4.35368013382, -11.5627555847],
        "cov": [[1800.8260498, -797.590576172, 222.309646606, -265.826080322, -2.47835469246, 396.140045166, -318.362976074, 68.1913223267, -88.5348587036, 132.926040649, -24.1846027374, 162.321395874, -48.4546852112], [-797.590576172, 924.596374512, -409.576049805, 192.492538452, 82.6661758423, -245.962997437, 287.295776367, -147.188369751, 149.843399048, -98.2512207031, 83.7694168091, -111.30052948, 87.9062042236], [222.309646606, -409.576049805, 497.333587646, -84.5495681763, -66.7384796143, 129.278579712, -97.3584213257, 119.644760132, -90.6875686646, 48.1344184875, -44.2503547668, 32.3468933105, -54.7458572388], [-265.826080322, 192.492538452, -84.5495681763, 258.976226807, 20.7802753448, -58.0880775452, 91.7020111084, -41.3776550293, 64.9130172729, -53.3845100403, 40.7890319824, -73.6013259888, 53.8849525452], [-2.47835469246, 82.6661758423, -66.7384796143, 20.7802753448, 169.174758911, -20.3492164612, -11.7974205017, 13.4586610794, 45.6192626953, 10.2756729126, 5.12654209137, -6.74983692169, -14.511800766], [396.140045166, -245.962997437, 129.278579712, -58.0880775452, -20.3492164612, 207.560379028, -76.7819061279, 43.841796875, -28.5472869873, 24.9534168243, 21.3404712677, 28.3339004517, -1.01634383202], [-318.362976074, 287.295776367, -97.3584213257, 91.7020111084, -11.7974205017, -76.7819061279, 236.777984619, -47.9930992126, -4.21933031082, -26.342250824, -4.72024679184, -11.8809652328, 35.8077354431], [68.1913223267, -147.188369751, 119.644760132, -41.3776550293, 13.4586610794, 43.841796875, -47.9930992126, 122.539306641, 8.03911209106, 6.61149072647, 1.11329162121, -3.53512644768, -27.6309013367], [-88.5348587036, 149.843399048, -90.6875686646, 64.9130172729, 45.6192626953, -28.5472869873, -4.21933031082, 8.03911209106, 125.066368103, -15.7559366226, 41.3156166077, -49.4959716797, 1.88521361351], [132.926040649, -98.2512207031, 48.1344184875, -53.3845100403, 10.2756729126, 24.9534168243, -26.342250824, 6.61149072647, -15.7559366226, 87.3221664429, -6.76750850677, 40.4296607971, -8.91503715515], [-24.1846027374, 83.7694168091, -44.2503547668, 40.7890319824, 5.12654209137, 21.3404712677, -4.72024679184, 1.11329162121, 41.3156166077, -6.76750850677, 88.6903991699, -16.9787387848, 20.0486545563], [162.321395874, -111.30052948, 32.3468933105, -73.6013259888, -6.74983692169, 28.3339004517, -11.8809652328, -3.53512644768, -49.4959716797, 40.4296607971, -16.9787387848, 106.588661194, 14.3755083084], [-48.4546852112, 87.9062042236, -54.7458572388, 53.8849525452, -14.511800766, -1.01634383202, 35.8077354431, -27.6309013367, 1.88521361351, -8.91503715515, 20.0486545563, 14.3755083084, 92.6102600098]],
        "icov": [[0.00150033866521, 0.000878226361237, 0.000438251852756, 0.000470317027066, -0.000410616747104, -0.00204311800189, 0.000366650987417, 0.000916243821848, -0.000704381498508, -0.000333586969646, 0.00025890240795, -0.00075024162652, 2.42649857682e-05], [0.000878226361237, 0.00915809627622, -0.000208404613659, 0.00570424832404, -0.00438948255032, 0.00441238284111, -0.00817319191992, 0.00748355779797, -0.00675478391349, 0.00409564888105, -0.00674056727439, 0.00512230396271, -0.0057262009941], [0.000438251852756, -0.000208404613659, 0.0045777768828, -0.00174819759559, 0.00175175408367, -0.00236626458354, 0.00142136018258, -0.00397497788072, 0.00271534058265, -0.00216427142732, 0.00198809150606, -0.000594418437686, 0.00206167739816], [0.000470317027066, 0.00570424832404, -0.00174819759559, 0.0117194149643, -0.00426381267607, 0.00373353646137, -0.00723472936079, 0.0072043989785, -0.00654585426673, 0.00468518957496, -0.00604359898716, 0.00732534984127, -0.00794560834765], [-0.000410616747104, -0.00438948255032, 0.00175175408367, -0.00426381267607, 0.00974596012384, -0.00210813456215, 0.00457913661376, -0.00568482885137, 0.0014526998857, -0.00378852779977, 0.00436677550897, -0.00376816792414, 0.00475081568584], [-0.00204311800189, 0.00441238284111, -0.00236626458354, 0.00373353646137, -0.00210813456215, 0.0135733801872, -0.00457907933742, 0.00261743040755, -0.00214663264342, 0.00302295060828, -0.0078771552071, 0.00413402216509, -0.00506006553769], [0.000366650987417, -0.00817319191992, 0.00142136018258, -0.00723472936079, 0.00457913661376, -0.00457907933742, 0.0141956023872, -0.00654205447063, 0.00758925639093, -0.00416193390265, 0.0073885419406, -0.0060432520695, 0.00500973174348], [0.000916243821848, 0.00748355779797, -0.00397497788072, 0.0072043989785, -0.00568482885137, 0.00261743040755, -0.00654205447063, 0.0196121390909, -0.00893852859735, 0.00528058037162, -0.00654537696391, 0.00484814867377, -0.00429215654731], [-0.000704381498508, -0.00675478391349, 0.00271534058265, -0.00654585426673, 0.0014526998857, -0.00214663264342, 0.00758925639093, -0.00893852859735, 0.0200038738549, -0.00461516110227, 0.00077759497799, 0.000379049190087, 0.00498114107177], [-0.000333586969646, 0.00409564888105, -0.00216427142732, 0.00468518957496, -0.00378852779977, 0.00302295060828, -0.00416193390265, 0.00528058037162, -0.00461516110227, 0.0180818717927, -0.004314805381, -0.00202621286735, -0.00236018421128], [0.00025890240795, -0.00674056727439, 0.00198809150606, -0.00604359898716, 0.00436677550897, -0.0078771552071, 0.0073885419406, -0.00654537696391, 0.00077759497799, -0.004314805381, 0.0215365290642, -0.00414991751313, 0.00256418599747], [-0.00075024162652, 0.00512230396271, -0.000594418437686, 0.00732534984127, -0.00376816792414, 0.00413402216509, -0.0060432520695, 0.00484814867377, 0.000379049190087, -0.00202621286735, -0.00414991751313, 0.0207803919911, -0.00916029512882], [2.42649857682e-05, -0.0057262009941, 0.00206167739816, -0.00794560834765, 0.00475081568584, -0.00506006553769, 0.00500973174348, -0.00429215654731, 0.00498114107177, -0.00236018421128, 0.00256418599747, -0.00916029512882, 0.0200973618776]]
    },
    "melbands": {
        "dmean": [0.000448676320957, 0.00269974023104, 0.00199417676777, 0.000587339163758, 0.000467747915536, 0.000375177565729, 0.000168773796759, 0.000118861207739, 7.86358505138e-05, 5.26429066667e-05, 3.50350856024e-05, 1.65915153048e-05, 1.7684600607e-05, 1.71323081304e-05, 1.50247706188e-05, 1.21504772324e-05, 1.16635947052e-05, 1.36234402817e-05, 1.23853360492e-05, 9.53160088102e-06, 1.00810666481e-05, 1.28185465655e-05, 1.11535164251e-05, 7.47238436816e-06, 8.38831147121e-06, 6.51733034829e-06, 6.00923158345e-06, 5.39890561413e-06, 5.28817372469e-06, 6.44543342787e-06, 6.39689960735e-06, 8.91899526323e-06, 3.89333490602e-06, 2.97113933811e-06, 5.86720125284e-06, 3.10579821416e-06, 2.094920319e-06, 1.58547629781e-06, 3.91625462726e-06, 5.84876397625e-06],
        "dmean2": [0.000705210783053, 0.00471114134416, 0.00330372015014, 0.000945187173784, 0.000691886933055, 0.000626150518656, 0.000263482419541, 0.00019000924658, 0.000117757001135, 8.31122379168e-05, 5.53325771762e-05, 2.6050984161e-05, 2.83528097498e-05, 2.82072687696e-05, 2.41594789259e-05, 1.99302849069e-05, 1.82966377906e-05, 2.03201998374e-05, 1.90400660358e-05, 1.53224864334e-05, 1.63007862284e-05, 2.11922451854e-05, 1.79766739166e-05, 1.26560371427e-05, 1.43574243339e-05, 1.1235410966e-05, 1.07650794234e-05, 9.66086099652e-06, 9.50355752138e-06, 1.14394542834e-05, 1.13587702799e-05, 1.56052028615e-05, 6.83612324792e-06, 5.18033220942e-06, 9.91199158307e-06, 5.28326791027e-06, 3.52105757884e-06, 2.64634400082e-06, 6.4905752879e-06, 9.40274821914e-06],
        "dvar": [1.32983541334e-06, 1.80960341822e-05, 8.38837877382e-06, 4.86131170874e-07, 4.36969372686e-07, 2.7408788128e-07, 6.36682528921e-08, 3.71953809974e-08, 1.85340720549e-08, 5.09359887602e-09, 1.03854294053e-08, 6.83076650798e-10, 1.5454892921e-09, 1.73074976573e-09, 1.1070270256e-09, 1.28670940569e-09, 1.27151156271e-09, 1.57611523832e-09, 1.91686000406e-09, 5.86926063306e-10, 4.01887634283e-10, 6.41497521769e-10, 3.5774092022e-10, 1.2985877651e-10, 2.01478195239e-10, 1.14961040687e-10, 1.29796659532e-10, 1.53664997393e-10, 1.53277196491e-10, 2.45415687772e-10, 1.39230973972e-10, 2.54935739186e-10, 1.21044896328e-10, 7.75314118462e-11, 2.47676656961e-10, 6.2550777058e-11, 8.61576296418e-11, 2.9602927748e-11, 1.16239698422e-10, 2.71165506716e-10],
        "dvar2": [2.5561403163e-06, 4.64474105684e-05, 2.13429739233e-05, 1.21852201573e-06, 8.80449249507e-07, 7.37875950563e-07, 1.46067236528e-07, 9.64131245951e-08, 3.44813280151e-08, 1.20531353787e-08, 1.66513700606e-08, 1.56049762001e-09, 2.83266166079e-09, 3.97750854475e-09, 2.52560838909e-09, 2.93675261887e-09, 2.92255819545e-09, 2.85500045827e-09, 4.51213999497e-09, 1.40913403168e-09, 8.6737678151e-10, 1.42614986487e-09, 7.92060528276e-10, 3.47369022435e-10, 5.36986177746e-10, 3.18596232729e-10, 3.71763037021e-10, 4.32649388538e-10, 4.25235235912e-10, 6.88102019808e-10, 3.84158260758e-10, 7.22394588593e-10, 3.25918902977e-10, 1.72581532398e-10, 7.02204738801e-10, 1.69421893181e-10, 2.09532016737e-10, 6.36958610856e-11, 3.03657210488e-10, 7.27191196148e-10],
        "max": [0.0126360459253, 0.0459659472108, 0.0292733963579, 0.0102006169036, 0.00771805085242, 0.00705216545612, 0.00366122159176, 0.00330176460557, 0.00345490756445, 0.00147193123121, 0.00362744228914, 0.000385618855944, 0.001127920812, 0.000816769024823, 0.000578652776312, 0.000815426872578, 0.000939367979299, 0.000688276311848, 0.000792215461843, 0.000459097180283, 0.000296726735542, 0.000588771421462, 0.000470487837447, 0.00016382735339, 0.000211188977119, 0.000186598539585, 0.000174416854861, 0.000113093512482, 0.000121885001136, 0.000222897113417, 0.000136184302391, 0.000219828842091, 0.000160583542311, 0.000195522778085, 0.00022204288689, 0.000100617238786, 0.000200959169888, 0.000109078537207, 0.000148505539983, 0.000209979290958],
        "mean": [0.000680502562318, 0.0034466125071, 0.00304180243984, 0.0011226987699, 0.000892893818673, 0.000648587709293, 0.000316149438731, 0.000188693971722, 0.000129822772578, 9.28542358452e-05, 5.79839288548e-05, 3.4835862607e-05, 3.43698375218e-05, 2.82797900581e-05, 2.24514842557e-05, 1.87601908692e-05, 1.91357812582e-05, 2.24843115575e-05, 1.93365940504e-05, 1.48608705786e-05, 1.73921616806e-05, 2.16742137127e-05, 1.91350154637e-05, 1.31393408083e-05, 1.5075884221e-05, 1.18139378174e-05, 8.44930036692e-06, 6.18417470832e-06, 6.1274708969e-06, 7.72391013015e-06, 1.0320551155e-05, 1.16367036753e-05, 4.14131682192e-06, 3.34387732437e-06, 8.42815097712e-06, 4.44049146608e-06, 2.37189078689e-06, 1.93754635802e-06, 6.79260710967e-06, 1.01248524516e-05],
        "median": [0.000198989757337, 0.00192410382442, 0.00207011797465, 0.000833340454847, 0.000547066214494, 0.000422290933784, 0.000161637784913, 0.00011950226326, 7.25851568859e-05, 6.03377411608e-05, 3.09751449095e-05, 1.96488217625e-05, 1.95243064809e-05, 1.46121965372e-05, 1.04598020698e-05, 9.35991283768e-06, 7.04514650351e-06, 8.51304412208e-06, 4.29727197115e-06, 6.24426593276e-06, 8.60871841724e-06, 1.09853253889e-05, 1.07454643512e-05, 7.84055555414e-06, 5.73348734179e-06, 7.15489341019e-06, 5.54309553991e-06, 3.07444724967e-06, 2.66150118478e-06, 4.12303052144e-06, 6.77172192809e-06, 5.6358785514e-06, 1.17249896903e-06, 9.62190711107e-07, 1.09582083496e-06, 9.72650354925e-07, 4.54836595054e-07, 3.353805198e-07, 5.54116127205e-07, 4.53442083881e-07],
        "min": [5.3009612202e-06, 3.35994373017e-05, 0.0001104345356, 6.5034844738e-05, 1.6500329366e-05, 2.20505753532e-05, 6.84786709826e-06, 2.88174032903e-06, 1.57867634698e-06, 1.91138678929e-06, 2.14051283365e-06, 2.62727070321e-07, 2.53317296028e-07, 2.70136098379e-07, 9.88143256109e-08, 5.51171766006e-08, 1.27797548544e-07, 6.70556801197e-08, 3.53929614505e-08, 1.62685623195e-07, 2.22389886062e-07, 1.36218574198e-07, 1.76337124458e-07, 2.24644921332e-07, 2.33437816632e-07, 3.60434171398e-07, 1.99533943146e-07, 1.17320844595e-07, 3.52190632213e-08, 1.18331357157e-07, 2.09792929695e-07, 6.29432364008e-08, 2.30933174805e-08, 2.80553607013e-08, 2.11091801816e-08, 1.20661702852e-08, 6.92072621433e-09, 6.24889517908e-09, 2.41231323805e-09, 2.30101493415e-09],
