{
"highlevel": {
    "danceability": {
        "all": {
            "danceable": 0.0966718792915,
            "not_danceable": 0.903328120708
        },
        "probability": 0.903328120708,
        "value": "not_danceable"
    },
    "gender": {
        "all": {
            "female": 0.622126698494,
            "male": 0.377873301506
        },
        "probability": 0.622126698494,
        "value": "female"
    },
    "genre_dortmund": {
        "all": {
            "alternative": 0.0361364111304,
            "blues": 0.0720040872693,
            "electronic": 0.37168738246,
            "folkcountry": 0.0531762614846,
            "funksoulrnb": 0.00615275977179,
            "jazz": 0.418808877468,
            "pop": 0.00951979588717,
            "raphiphop": 0.00639198860154,
            "rock": 0.0261224415153
        },
        "probability": 0.418808877468,
        "value": "jazz"
    },
    "genre_electronic": {
        "all": {
            "ambient": 0.201365575194,
            "dnb": 0.0101008517668,
            "house": 0.732676208019,
            "techno": 0.051470503211,
            "trance": 0.00438686273992
        },
        "probability": 0.732676208019,
        "value": "house"
    },
    "genre_rosamerica": {
        "all": {
            "cla": 0.375582814217,
            "dan": 0.0146363554522,
            "hip": 0.0303712170571,
            "jaz": 0.21408508718,
            "pop": 0.0369575992227,
            "rhy": 0.241516217589,
            "roc": 0.0238605421036,
            "spe": 0.0629901662469
        },
        "probability": 0.375582814217,
        "value": "cla"
    },
    "genre_tzanetakis": {
        "all": {
            "blu": 0.0122090158984,
            "cla": 0.04042750597,
            "cou": 0.0107117583975,
            "dis": 0.00571873784065,
            "hip": 0.0321978963912,
            "jaz": 0.830844521523,
            "met": 0.0102235283703,
            "pop": 0.00780972559005,
            "reg": 0.0390932224691,
            "roc": 0.0107640773058
        },
        "probability": 0.830844521523,
        "value": "jaz"
    },
    "ismir04_rhythm": {
        "all": {
            "ChaChaCha": 0.936375916004,
            "Jive": 0.00130829180125,
            "Quickstep": 0.00198991037905,
            "Rumba-American": 0.00188305566553,
            "Rumba-International": 0.00153572810814,
            "Rumba-Misc": 0.00530336191878,
            "Samba": 0.0403105765581,
            "Tango": 0.0027400359977,
            "VienneseWaltz": 0.00467769475654,
            "Waltz": 0.00387542811222
        },
        "probability": 0.936375916004,
        "value": "ChaChaCha"
    },
    "mood_acoustic": {
        "all": {
            "acoustic": 0.126300960779,
            "not_acoustic": 0.873699069023
        },
        "probability": 0.873699069023,
        "value": "not_acoustic"
    },
    "mood_aggressive": {
        "all": {
            "aggressive": 0.076122418046,
            "not_aggressive": 0.923877596855
        },
        "probability": 0.923877596855,
        "value": "not_aggressive"
    },
    "mood_electronic": {
        "all": {
            "electronic": 0.620118439198,
            "not_electronic": 0.379881560802
        },
        "probability": 0.620118439198,
        "value": "electronic"
    },
    "mood_happy": {
        "all": {
            "happy": 2.20491119762e-06,
            "not_happy": 0.999997794628
        },
        "probability": 0.999997794628,
        "value": "not_happy"
    },
    "mood_party": {
        "all": {
            "not_party": 0.917943120003,
            "party": 0.0820568650961
        },
        "probability": 0.917943120003,
        "value": "not_party"
    },
    "mood_relaxed": {
        "all": {
            "not_relaxed": 0.18509337306,
            "relaxed": 0.814906656742
        },
        "probability": 0.814906656742,
        "value": "relaxed"
    },
    "mood_sad": {
        "all": {
            "not_sad": 0.5,
            "sad": 0.5
        },
        "probability": 0.5,
        "value": "not_sad"
    },
    "moods_mirex": {
        "all": {
            "Cluster1": 0.114791147411,
            "Cluster2": 0.0726810321212,
            "Cluster3": 0.411472946405,
            "Cluster4": 0.0692435875535,
            "Cluster5": 0.331811279058
        },
        "probability": 0.411472946405,
        "value": "Cluster3"
    },
    "timbre": {
        "all": {
            "bright": 0.0667992010713,
            "dark": 0.933200776577
        },
        "probability": 0.933200776577,
        "value": "dark"
    },
    "tonal_atonal": {
        "all": {
            "atonal": 0.862345635891,
            "tonal": 0.137654349208
        },
        "probability": 0.862345635891,
        "value": "atonal"
    },
    "voice_instrumental": {
        "all": {
            "instrumental": 0.999991059303,
            "voice": 8.96964411368e-06
        },
        "probability": 0.999991059303,
        "value": "instrumental"
    }
},
"lowlevel": {
    "average_loudness": 0.946420609951,
    "barkbands_crest": {
        "dmean": 3.3763794899,
        "dmean2": 5.74848937988,
        "dvar": 6.54732036591,
        "dvar2": 18.3093509674,
        "max": 24.3609161377,
        "mean": 13.7250366211,
        "median": 13.2718458176,
        "min": 4.81288480759,
        "var": 12.4610939026
    },
    "barkbands_flatness_db": {
        "dmean": 0.0484437718987,
        "dmean2": 0.0761460289359,
        "dvar": 0.00212857825682,
        "dvar2": 0.00451107416302,
        "max": 0.890853881836,
        "mean": 0.447756677866,
        "median": 0.435242176056,
        "min": 0.144963517785,
        "var": 0.0193255357444
    },
    "barkbands_kurtosis": {
        "dmean": 7.23248767853,
        "dmean2": 11.9378576279,
        "dvar": 154.496688843,
        "dvar2": 417.288726807,
        "max": 150.659042358,
        "mean": 9.6511964798,
        "median": 4.16079759598,
        "min": -1.73519170284,
        "var": 226.045852661
    },
    "barkbands_skewness": {
        "dmean": 0.814366877079,
        "dmean2": 1.31838130951,
        "dvar": 0.654260456562,
        "dvar2": 1.52651417255,
        "max": 7.73802995682,
        "mean": 1.34041810036,
        "median": 0.994098424911,
        "min": -2.89906311035,
        "var": 1.74197673798
    },
    "barkbands_spread": {
        "dmean": 1.38767397404,
        "dmean2": 1.80998921394,
        "dvar": 10.6472539902,
        "dvar2": 12.350481987,
        "max": 40.3723945618,
        "mean": 3.02236151695,
        "median": 1.48061978817,
        "min": 0.212161809206,
        "var": 29.7978534698
    },
    "dissonance": {
        "dmean": 0.0671587735415,
        "dmean2": 0.111980743706,
        "dvar": 0.00400705076754,
        "dvar2": 0.0116909984499,
        "max": 0.499999910593,
        "mean": 0.346746176481,
        "median": 0.355286151171,
        "min": 0.0370147638023,
        "var": 0.00840482208878
    },
    "dynamic_complexity": 3.46004605293,
    "erbbands_crest": {
        "dmean": 3.60230255127,
        "dmean2": 5.88727283478,
        "dvar": 6.69575691223,
        "dvar2": 18.6897964478,
        "max": 25.8746242523,
        "mean": 13.7981987,
        "median": 13.5599575043,
        "min": 3.79553627968,
        "var": 17.9811878204
    },
    "erbbands_flatness_db": {
        "dmean": 0.0374657586217,
        "dmean2": 0.0586350597441,
        "dvar": 0.0012055572588,
        "dvar2": 0.00262416549958,
        "max": 0.645842432976,
        "mean": 0.368812024593,
        "median": 0.357793480158,
        "min": 0.110506735742,
        "var": 0.0105356024578
    },
    "erbbands_kurtosis": {
        "dmean": 5.01734781265,
        "dmean2": 8.30920791626,
        "dvar": 51.9003982544,
        "dvar2": 138.982559204,
        "max": 74.5460128784,
        "mean": 8.11733150482,
        "median": 4.27621889114,
        "min": -1.59664845467,
        "var": 109.241928101
    },
    "erbbands_skewness": {
        "dmean": 0.707482397556,
        "dmean2": 1.04802322388,
        "dvar": 0.393430143595,
        "dvar2": 0.864197969437,
        "max": 7.37735414505,
        "mean": 1.59721744061,
        "median": 1.50429618359,
        "min": -1.77569282055,
        "var": 2.24582719803
    },
    "erbbands_spread": {
        "dmean": 4.30673360825,
        "dmean2": 6.75171279907,
        "dvar": 64.4168777466,
        "dvar2": 129.863861084,
        "max": 72.2384262085,
        "mean": 9.90060997009,
        "median": 6.45756053925,
        "min": 0.586174786091,
        "var": 136.273147583
    },
    "hfc": {
        "dmean": 3.89678096771,
        "dmean2": 5.77701663971,
        "dvar": 91.5126647949,
        "dvar2": 202.733352661,
        "max": 92.3086624146,
        "mean": 6.19088935852,
        "median": 2.82302927971,
        "min": 0.23307171464,
        "var": 119.253684998
    },
    "melbands_crest": {
        "dmean": 3.89769792557,
        "dmean2": 6.60712528229,
        "dvar": 8.08103179932,
        "dvar2": 21.6243896484,
        "max": 29.624464035,
        "mean": 17.3554553986,
        "median": 16.6966323853,
        "min": 7.45805692673,
        "var": 18.580034256
    },
    "melbands_flatness_db": {
        "dmean": 0.0570805892348,
        "dmean2": 0.0871491953731,
        "dvar": 0.002974325791,
        "dvar2": 0.00588078796864,
        "max": 1,
        "mean": 0.56290102005,
        "median": 0.55166298151,
        "min": 0.169014826417,
        "var": 0.0299926400185
    },
    "melbands_kurtosis": {
        "dmean": 9.40409183502,
        "dmean2": 14.8568277359,
        "dvar": 265.392089844,
        "dvar2": 664.179199219,
        "max": 186.399734497,
        "mean": 14.2290487289,
        "median": 6.9783372879,
        "min": -1.65524744987,
        "var": 441.193725586
    },
    "melbands_skewness": {
        "dmean": 0.773895919323,
        "dmean2": 1.2180109024,
        "dvar": 0.668683111668,
        "dvar2": 1.50671184063,
        "max": 8.86589336395,
        "mean": 1.85166442394,
        "median": 1.53052890301,
        "min": -1.23166823387,
        "var": 1.75270175934
    },
    "melbands_spread": {
        "dmean": 1.67223608494,
        "dmean2": 2.24453139305,
        "dvar": 17.6770839691,
        "dvar2": 27.4264259338,
        "max": 57.8327178955,
        "mean": 3.4747633934,
        "median": 1.66483902931,
        "min": 0.314906209707,
        "var": 38.4061012268
    },
    "pitch_salience": {
        "dmean": 0.0908379480243,
        "dmean2": 0.153654739261,
        "dvar": 0.00674264272675,
        "dvar2": 0.0186820644885,
        "max": 0.793205797672,
        "mean": 0.527603328228,
        "median": 0.542424678802,
        "min": 0.127832278609,
        "var": 0.0139075824991
    },
    "silence_rate_20dB": {
        "dmean": 0,
        "dmean2": 0,
        "dvar": 0,
        "dvar2": 0,
        "max": 1,
        "mean": 1,
        "median": 1,
        "min": 1,
        "var": 0
    },
    "silence_rate_30dB": {
        "dmean": 0.0417956672609,
        "dmean2": 0.0836560800672,
        "dvar": 0.0400489903986,
        "dvar2": 0.0766573995352,
        "max": 1,
        "mean": 0.949729323387,
        "median": 1,
        "min": 0,
        "var": 0.0477428585291
    },
    "silence_rate_60dB": {
        "dmean": 0.0356037169695,
        "dmean2": 0.0712625905871,
        "dvar": 0.034336052835,
        "dvar2": 0.0909724608064,
        "max": 1,
        "mean": 0.040989946574,
        "median": 0,
        "min": 0,
        "var": 0.0393094941974
    },
    "spectral_centroid": {
        "dmean": 76.2230758667,
        "dmean2": 97.2543716431,
        "dvar": 32103.2910156,
        "dvar2": 38082.8476562,
        "max": 2399.64550781,
        "mean": 309.110015869,
        "median": 232.162368774,
        "min": 112.640182495,
        "var": 92138.421875
    },
    "spectral_complexity": {
        "dmean": 1.85835909843,
        "dmean2": 2.84198284149,
        "dvar": 20.9046096802,
        "dvar2": 33.5675582886,
        "max": 50,
        "mean": 5.8244395256,
        "median": 4,
        "min": 1,
        "var": 43.8027038574
    },
    "spectral_decrease": {
        "dmean": 3.81438214347e-09,
        "dmean2": 5.95065596798e-09,
        "dvar": 4.73084378479e-17,
        "dvar2": 1.11582164771e-16,
        "max": -3.00207164683e-10,
        "mean": -7.10231073953e-09,
        "median": -3.70117314574e-09,
        "min": -6.73257929407e-08,
        "var": 8.15229970284e-17
    },
    "spectral_energy": {
        "dmean": 0.0147266285494,
        "dmean2": 0.0229262411594,
        "dvar": 0.000700475124177,
        "dvar2": 0.00165337102953,
        "max": 0.257042169571,
        "mean": 0.0273672454059,
        "median": 0.0143342716619,
        "min": 0.00115419120993,
        "var": 0.00120097247418
    },
    "spectral_energyband_high": {
        "dmean": 3.81399877369e-05,
        "dmean2": 5.47699673916e-05,
        "dvar": 3.27681028978e-08,
        "dvar2": 7.52790043634e-08,
        "max": 0.00219942675903,
        "mean": 3.74733572244e-05,
        "median": 2.1294488306e-07,
        "min": 7.19475659605e-11,
        "var": 3.55136755559e-08
    },
    "spectral_energyband_low": {
        "dmean": 0.00976131018251,
        "dmean2": 0.0152157936245,
        "dvar": 0.000583764747716,
        "dvar2": 0.00150960776955,
        "max": 0.237589836121,
        "mean": 0.0154065266252,
        "median": 0.00467577390373,
        "min": 2.78037114185e-05,
        "var": 0.00084693543613
    },
    "spectral_energyband_middle_high": {
        "dmean": 0.000754609820433,
        "dmean2": 0.0010894110892,
        "dvar": 1.33813955472e-05,
        "dvar2": 3.03507131321e-05,
        "max": 0.0353880338371,
        "mean": 0.00069543562131,
        "median": 3.22296327795e-05,
        "min": 6.55357945689e-09,
        "var": 1.39577641676e-05
    },
    "spectral_energyband_middle_low": {
        "dmean": 0.00922588445246,
        "dmean2": 0.015438596718,
        "dvar": 0.00028702992131,
        "dvar2": 0.000770094571635,
        "max": 0.141556277871,
        "mean": 0.0137588120997,
        "median": 0.00752025237307,
        "min": 0.000762543000747,
        "var": 0.00028347375337
    },
    "spectral_entropy": {
        "dmean": 0.360155284405,
        "dmean2": 0.55348700285,
        "dvar": 0.16568467021,
        "dvar2": 0.293434888124,
        "max": 7.65120458603,
        "mean": 5.18005371094,
        "median": 5.05192708969,
        "min": 3.43263435364,
        "var": 0.847679197788
    },
    "spectral_flux": {
        "dmean": 0.0334548726678,
        "dmean2": 0.0523843877017,
        "dvar": 0.00180107576307,
        "dvar2": 0.00319559499621,
        "max": 0.411242514849,
        "mean": 0.0790143236518,
        "median": 0.0531818903983,
        "min": 0.0127884531394,
        "var": 0.00482682930306
    },
    "spectral_kurtosis": {
        "dmean": 149.333953857,
        "dmean2": 262.27041626,
        "dvar": 147631.34375,
        "dvar2": 463233.59375,
        "max": 3820.41845703,
        "mean": 202.793823242,
        "median": 82.3133392334,
        "min": 0.000937461853027,
        "var": 153890.671875
    },
    "spectral_rms": {
        "dmean": 0.00117297668476,
        "dmean2": 0.00176692102104,
        "dvar": 1.98779866878e-06,
        "dvar2": 4.08398909713e-06,
        "max": 0.0158358085901,
        "mean": 0.00450132228434,
        "median": 0.00373960635625,
        "min": 0.0010611503385,
        "var": 6.43783414489e-06
    },
    "spectral_rolloff": {
        "dmean": 104.765457153,
        "dmean2": 170.64692688,
        "dvar": 80185.328125,
        "dvar2": 138016.28125,
        "max": 3014.6484375,
        "mean": 360.819519043,
        "median": 236.865234375,
        "min": 86.1328125,
        "var": 151873.234375
    },
    "spectral_skewness": {
        "dmean": 3.13868498802,
        "dmean2": 5.13264846802,
        "dvar": 20.6756362915,
        "dvar2": 64.1791687012,
        "max": 49.2063522339,
        "mean": 9.26802444458,
        "median": 7.16091489792,
        "min": 0.104903817177,
        "var": 63.0416412354
    },
    "spectral_spread": {
        "dmean": 561370.6875,
        "dmean2": 905049.8125,
        "dvar": 628777943040,
        "dvar2": 956413902848,
        "max": 21780086,
        "mean": 1426409.75,
        "median": 1181842.25,
        "min": 34672.453125,
        "var": 1.26473863168e+12
    },
    "spectral_strongpeak": {
        "dmean": 0.257929801941,
        "dmean2": 0.441194593906,
        "dvar": 0.0655056238174,
        "dvar2": 0.151608690619,
        "max": 2.28968262672,
        "mean": 0.494902402163,
        "median": 0.376554310322,
        "min": 0.0523776374757,
        "var": 0.119870848954
    },
    "zerocrossingrate": {
        "dmean": 0.00286014890298,
        "dmean2": 0.00329013052396,
        "dvar": 2.78613661067e-05,
        "dvar2": 2.40580557147e-05,
        "max": 0.08203125,
        "mean": 0.012837302871,
        "median": 0.01025390625,
        "min": 0.00341796875,
        "var": 0.000118488009321
    },
    "barkbands": {
        "dmean": [2.45595292654e-05, 0.0032263067551, 0.00697075109929, 0.0040003801696, 0.00592384347692, 0.000511311984155, 0.000214447092731, 0.000157564063556, 0.000165158169693, 3.42204875778e-05, 7.19999734429e-05, 0.000151538290083, 2.791125371e-05, 1.48623566929e-05, 0.000107098843728, 0.000160591400345, 0.000112970003102, 4.88549230795e-05, 5.42935922567e-05, 4.33925888501e-05, 9.62814374361e-06, 3.35039862875e-06, 8.19184322154e-07, 2.87597146098e-07, 7.10497616296e-08, 9.27638144077e-09, 1.21556020805e-09],
        "dmean2": [3.53857212758e-05, 0.00464396597818, 0.0124411415309, 0.00713214883581, 0.00971334893256, 0.000920649734326, 0.000388000102248, 0.000269936397672, 0.000263094872935, 5.86491223658e-05, 0.000122303783428, 0.000268304225756, 4.81629249407e-05, 2.71814369626e-05, 0.000167331338162, 0.000246369076194, 0.000179962429684, 6.99546508258e-05, 6.46741464152e-05, 6.34993557469e-05, 1.3138016584e-05, 4.53597158412e-06, 1.18388845749e-06, 4.29181227446e-07, 1.10903776829e-07, 1.58921178439e-08, 1.93816940275e-09],
        "dvar": [3.74715414253e-09, 7.9848607129e-05, 0.000342662038747, 0.000147187689436, 7.12873152224e-05, 2.06984736906e-06, 3.10067804321e-07, 3.64174638889e-07, 3.87799786949e-07, 2.10043893389e-08, 1.261587812e-07, 7.46602381696e-07, 2.1302668074e-08, 5.65899727079e-09, 3.13012918696e-07, 7.19752790701e-07, 3.61716786301e-07, 6.04435896889e-08, 5.04920443234e-08, 4.59407374365e-08, 1.85646542583e-09, 8.74998407063e-11, 6.07869657387e-12, 5.71658443239e-13, 3.74895257795e-14, 1.38650156098e-15, 1.17088500968e-16],
        "dvar2": [6.95850088661e-09, 0.000143394936458, 0.00103934842627, 0.000419359013904, 0.000183552212548, 6.09815742791e-06, 9.0814609166e-07, 9.71024746832e-07, 8.40218604026e-07, 5.75994860696e-08, 3.3590839621e-07, 2.05329115488e-06, 5.74266643127e-08, 1.61018061107e-08, 7.41425935757e-07, 1.50010100697e-06, 8.71559052484e-07, 1.33731774099e-07, 7.97390597995e-08, 8.33785520626e-08, 3.89628906916e-09, 1.61584384761e-10, 1.40330056603e-11, 1.19659371387e-12, 9.26743423213e-14, 3.27424058596e-15, 1.21355641198e-16],
        "max": [0.000610226765275, 0.105212122202, 0.168171733618, 0.114126443863, 0.0727310329676, 0.0148241948336, 0.00662468839437, 0.0074801761657, 0.00936168432236, 0.00198268098757, 0.00326145580038, 0.00800807587802, 0.00132360158022, 0.000810892204754, 0.00565296085551, 0.0099221393466, 0.00665977736935, 0.00282956217416, 0.00250046164729, 0.00240260106511, 0.000612947449554, 0.000107227402623, 2.59685366473e-05, 7.77868808655e-06, 3.03247270494e-06, 6.44175429443e-07, 3.81146946893e-07],
        "mean": [3.47294844687e-05, 0.00503490585834, 0.00781614799052, 0.00398631533608, 0.00775560550392, 0.00085202610353, 0.000372514856281, 0.000234856954194, 0.000546210852917, 3.13696509693e-05, 5.72717326577e-05, 0.000102613899799, 2.07038501685e-05, 1.19919568533e-05, 8.65169422468e-05, 0.000152070744662, 0.000100216690043, 4.95194581163e-05, 5.9715606767e-05, 4.66446836072e-05, 1.02417734524e-05, 3.87246791433e-06, 8.47073465593e-07, 3.11372247097e-07, 6.91253134733e-08, 7.42227701522e-09, 1.0953540297e-09],
        "median": [4.26666429121e-06, 0.000310765695758, 0.00310122710653, 0.0013831872493, 0.00433141877875, 0.000442009943072, 0.000154266890604, 1.09845641418e-05, 2.13661260204e-05, 7.69080816099e-06, 7.41259918868e-06, 3.83513133784e-06, 2.82258542939e-06, 7.37885272883e-07, 6.36759580175e-07, 3.11871502845e-07, 1.24966405224e-07, 1.14329971268e-07, 9.00091094991e-08, 6.94126782719e-08, 4.98467827015e-08, 4.81617945525e-08, 3.18624380213e-08, 2.23809077937e-08, 9.6427630325e-09, 1.11833331484e-09, 1.97125454848e-10],
        "min": [7.40923500331e-09, 1.63213871929e-06, 8.16831197881e-06, 2.72490451607e-05, 4.70725317427e-05, 1.71436477103e-05, 6.54352049878e-07, 4.30005151486e-08, 1.48690348922e-08, 1.72110659058e-09, 8.54438519937e-10, 2.37646541335e-10, 7.91044868498e-11, 1.63901323069e-11, 8.45218253026e-12, 9.26185170225e-12, 9.90039387277e-12, 7.59953992097e-12, 9.24001760522e-12, 9.80730600897e-12, 9.05031345005e-12, 3.10415994124e-12, 5.50643645264e-12, 5.27516832299e-12, 7.58012142638e-12, 1.152976499e-11, 1.23447025172e-11],
        "var": [7.57012408314e-09, 0.000162486656336, 0.000247824995313, 0.000103066529846, 8.62084925757e-05, 1.57283784574e-06, 3.07809244759e-07, 3.37055894306e-07, 2.59545345216e-06, 1.51371661872e-08, 8.99081129546e-08, 4.86004807954e-07, 1.45114356087e-08, 4.05645916857e-09, 2.78859602076e-07, 7.80265338562e-07, 3.43597008623e-07, 7.03430274029e-08, 8.49590335861e-08, 6.16382394014e-08, 2.38658559581e-09, 1.41444744806e-10, 7.18822354071e-12, 7.46425924542e-13, 3.58151889764e-14, 1.01489772498e-15, 1.16906190361e-16]
    },
    "erbbands": {
        "dmean": [0.0567860268056, 0.904195606709, 6.33034420013, 11.8538818359, 19.0921134949, 18.8330287933, 5.88814926147, 3.61581945419, 3.76212692261, 2.68693208694, 3.07895803452, 4.56306028366, 1.76310765743, 1.74043178558, 5.87458467484, 3.38087439537, 1.39019930363, 0.93835580349, 2.50871086121, 8.76457595825, 8.97951316833, 4.84801530838, 2.96135735512, 2.13177752495, 2.8622546196, 2.35828232765, 0.705346167088, 0.233708694577, 0.129913687706, 0.0614123977721, 0.022097190842, 0.00912873633206, 0.00334186526015, 0.00116522784811, 0.000274592050118, 7.19293529983e-05, 1.59161718329e-05, 2.02069600164e-06, 6.84825727149e-06, 1.62311025633e-05],
        "dmean2": [0.0824138969183, 1.34363555908, 11.2951412201, 20.8558959961, 32.4817085266, 30.4507713318, 10.4042358398, 6.34628391266, 6.61499834061, 4.70413064957, 5.33034992218, 7.16251325607, 3.07299304008, 2.92457318306, 10.0074710846, 6.06199598312, 2.37183094025, 1.60548782349, 3.8406791687, 13.9059667587, 13.8910694122, 7.30378866196, 3.99289059639, 3.28745245934, 3.36387991905, 3.42781376839, 0.963403761387, 0.325676560402, 0.178601682186, 0.0869381129742, 0.0319690704346, 0.0135932900012, 0.00502454629168, 0.00177047087345, 0.000452836568002, 0.000121476092318, 2.58751588262e-05, 3.13459668178e-06, 1.0529730389e-05, 2.51974142884e-05],
        "dvar": [0.0250853840262, 6.29112052917, 306.279571533, 1113.62512207, 900.803771973, 924.098876953, 337.92276001, 64.6243591309, 78.0015335083, 77.0952911377, 176.185516357, 295.165771484, 44.5377845764, 65.2054367065, 972.891418457, 370.030487061, 53.6314926147, 23.3138027191, 156.802185059, 2206.30078125, 2266.47680664, 609.863220215, 207.092926025, 99.2838058472, 146.872360229, 138.510894775, 10.8118925095, 0.915744543076, 0.149456396699, 0.0302147846669, 0.00420392863452, 0.000676716095768, 6.72034730087e-05, 8.86459838512e-06, 8.47188459829e-07, 6.19592910311e-08, 3.56134077784e-09, 9.94108267927e-11, 1.4857917674e-10, 8.4453738447e-10],
        "dvar2": [0.0466152206063, 11.232755661, 900.434753418, 3208.31079102, 2383.11621094, 2307.71875, 953.113769531, 191.173660278, 228.526702881, 208.665908813, 482.959320068, 635.87298584, 118.584754944, 170.742477417, 2584.69042969, 1034.50012207, 142.983520508, 63.6689338684, 373.036895752, 4887.93847656, 5273.81640625, 1289.7487793, 409.131530762, 183.449768066, 264.158660889, 268.510009766, 21.3884010315, 1.71888458729, 0.278204649687, 0.0649917125702, 0.0096869757399, 0.00152642244939, 0.00014304475917, 2.08430938073e-05, 2.22719927478e-06, 1.56574799348e-07, 8.1529778484e-09, 1.71057307208e-10, 3.4533537141e-10, 1.9919677019e-09],
        "max": [1.7200653553, 27.7237873077, 159.59564209, 303.140136719, 254.657546997, 272.614624023, 184.601852417, 71.3325653076, 93.0522994995, 101.286720276, 160.353942871, 263.548950195, 81.4490814209, 84.3475418091, 291.014068604, 180.736557007, 71.047996521, 49.9035263062, 125.9115448, 491.574249268, 525.036560059, 273.629577637, 157.882385254, 102.00868988, 141.260284424, 134.21031189, 40.8321418762, 12.5740861893, 4.80253076553, 1.74628329277, 0.681543529034, 0.262284547091, 0.0720452144742, 0.036725345999, 0.0163610186428, 0.00337367015891, 0.00105868838727, 0.000262076035142, 0.000114086891699, 0.000278783991234],
        "mean": [0.0844247415662, 1.41592025757, 7.57886600494, 13.4512882233, 22.9454040527, 25.4457263947, 7.76362657547, 6.81672954559, 8.37843608856, 4.11506319046, 4.19119358063, 15.4892015457, 4.104991436, 1.63224589825, 4.24542474747, 2.37748169899, 1.05412638187, 0.754532456398, 2.05355596542, 7.57627439499, 8.05366706848, 4.83080625534, 3.11065626144, 2.57582569122, 2.85920381546, 2.4325568676, 0.770716607571, 0.273292422295, 0.15303722024, 0.0661258399487, 0.0233305860311, 0.00965400692075, 0.00367042701691, 0.0011773800943, 0.000260838743998, 6.97648720234e-05, 1.81530231202e-05, 2.32502816289e-06, 1.26795630422e-05, 3.00817046082e-05],
        "median": [0.00679388642311, 0.126824274659, 2.28551292419, 5.29397296906, 11.0169553757, 16.8119659424, 3.4804956913, 3.35938811302, 2.59160375595, 1.07224857807, 0.31962454319, 0.608616530895, 0.303847908974, 0.31138074398, 0.309936344624, 0.184725597501, 0.136920079589, 0.079252153635, 0.0410903282464, 0.0218494813889, 0.0137596037239, 0.00728529458866, 0.00655914563686, 0.00521572306752, 0.00439001386985, 0.00308744935319, 0.0023009700235, 0.00187321112026, 0.00178107735701, 0.00129601580556, 0.000865486741532, 0.000569769763388, 0.000314640725264, 0.000141587937833, 5.90295530856e-05, 2.08164365176e-05, 7.19473018762e-06, 7.79641595727e-07, 6.69341488901e-06, 1.57360136654e-05],
        "min": [0.000146403777762, 0.00183242559433, 0.021802008152, 0.156906545162, 0.413237184286, 0.245324894786, 0.117358364165, 0.066701695323, 0.044711638242, 0.00606849789619, 0.00156960205641, 0.00106185232289, 0.000401317607611, 0.000141638083733, 7.46508376324e-05, 2.9787852327e-05, 1.46647207657e-05, 8.44024725666e-06, 4.32618253399e-06, 3.28872647515e-06, 2.05558694688e-06, 1.76953653863e-06, 1.25639405724e-06, 1.07915116132e-06, 8.69120810876e-07, 7.86398345554e-07, 7.72158387008e-07, 6.61526598833e-07, 6.5053399112e-07, 8.31576244309e-07, 9.96753897198e-07, 1.02034027805e-06, 1.12024258669e-06, 1.09428242467e-06, 9.64473542808e-07, 6.95020844432e-07, 4.11396058553e-07, 5.26500940623e-08, 5.23986329881e-07, 1.26157806335e-06],
        "var": [0.05434666574, 12.0266990662, 248.225692749, 822.956970215, 920.81842041, 1030.39331055, 228.476699829, 69.9641036987, 141.253601074, 71.0196456909, 152.252792358, 2059.43164062, 128.406814575, 50.6821479797, 683.718200684, 232.627700806, 37.5996627808, 16.8953723907, 142.640884399, 2127.00683594, 2220.66308594, 710.485961914, 270.397277832, 153.725219727, 214.226821899, 173.592086792, 14.5978651047, 1.39675331116, 0.238932833076, 0.0413090102375, 0.005134253297, 0.000819019973278, 9.02336469153e-05, 9.57739393925e-06, 6.43269515876e-07, 4.53376642895e-08, 2.82071699331e-09, 8.96827959118e-11, 2.52280585311e-10, 1.43888589932e-09]
    },
    "gfcc": {
        "mean": [-238.439117432, 219.737503052, -35.4826393127, 16.531452179, -44.9051437378, -11.9916887283, -25.8890247345, -25.2614307404, -18.1331615448, -24.0638370514, -6.06912374496, -18.5029010773, -2.40997242928],
        "cov": [[10967.0087891, -2887.02197266, -5767.35644531, 2040.92626953, -926.321289062, 376.228637695, 244.684906006, 29.6325798035, 1.73609626293, -222.155334473, -164.479385376, -214.576171875, 13.19190979], [-2887.02197266, 1356.70239258, 1418.35351562, -1223.2142334, 320.247711182, -133.948532104, -16.7164402008, 10.9324007034, 11.4822893143, 80.5612258911, 43.9335327148, 21.6893062592, -43.0296478271], [-5767.35644531, 1418.35351562, 4399.58105469, -567.880187988, 553.310546875, -153.957641602, 69.406791687, 36.3479690552, 110.556838989, 169.478424072, 32.3273887634, 142.134170532, -15.6522254944], [2040.92626953, -1223.2142334, -567.880187988, 1583.41955566, -87.4202651978, 145.337371826, 134.170272827, -44.1163253784, 59.1458206177, -64.1181488037, -6.91200828552, 14.5974798203, 69.1644821167], [-926.321289062, 320.247711182, 553.310546875, -87.4202651978, 513.194091797, 73.5228729248, 57.5250053406, -40.6608734131, -33.8521499634, 6.23332452774, 17.5652008057, 44.2005615234, 21.0155773163], [376.228637695, -133.948532104, -153.957641602, 145.337371826, 73.5228729248, 261.269989014, 93.7676925659, -20.333568573, -1.49186515808, 10.430182457, 42.566368103, 13.0606603622, 12.6719970703], [244.684906006, -16.7164402008, 69.406791687, 134.170272827, 57.5250053406, 93.7676925659, 165.90776062, 18.1649913788, 44.6424674988, 9.58397197723, -8.86992835999, -6.89247703552, -2.2271091938], [29.6325798035, 10.9324007034, 36.3479690552, -44.1163253784, -40.6608734131, -20.333568573, 18.1649913788, 120.00843811, 48.5195541382, 35.7340621948, -28.3043994904, -25.8023509979, -19.8820400238], [1.73609626293, 11.4822893143, 110.556838989, 59.1458206177, -33.8521499634, -1.49186515808, 44.6424674988, 48.5195541382, 91.4235687256, 39.9136390686, 2.54119586945, -10.2718763351, -17.9119300842], [-222.155334473, 80.5612258911, 169.478424072, -64.1181488037, 6.23332452774, 10.430182457, 9.58397197723, 35.7340621948, 39.9136390686, 88.256111145, 36.68409729, 17.3905677795, -18.6278419495], [-164.479385376, 43.9335327148, 32.3273887634, -6.91200828552, 17.5652008057, 42.566368103, -8.86992835999, -28.3043994904, 2.54119586945, 36.68409729, 84.66796875, 40.8012161255, 6.22041559219], [-214.576171875, 21.6893062592, 142.134170532, 14.5974798203, 44.2005615234, 13.0606603622, -6.89247703552, -25.8023509979, -10.2718763351, 17.3905677795, 40.8012161255, 68.3943862915, 21.5956687927], [13.19190979, -43.0296478271, -15.6522254944, 69.1644821167, 21.0155773163, 12.6719970703, -2.2271091938, -19.8820400238, -17.9119300842, -18.6278419495, 6.22041559219, 21.5956687927, 47.7598838806]],
        "icov": [[0.000637196819298, 0.00060713122366, 0.000652183603961, -2.96792313748e-05, 0.000167262449395, 4.22684934165e-05, -0.00112604000606, 0.000170064464328, -0.000177401132532, -0.00030184557545, 0.000780197093263, -0.000245186209213, 0.000386178173358], [0.00060713122366, 0.0165869202465, -0.00220799539238, 0.0117807537317, -0.00520212529227, 0.00611754925922, -0.0082579292357, 0.00400752853602, -0.0086435880512, 0.00467069121078, -0.012388560921, 0.00789776071906, -0.00443621072918], [0.000652183603961, -0.00220799539238, 0.00151439092588, -0.00201244908385, 0.000767591001932, -0.000743105076253, -9.50708181335e-06, -0.000337204517564, 0.000770314771216, -0.0016101738438, 0.00352268805727, -0.00242774630897, 0.00125964556355], [-2.96792313748e-05, 0.0117807537317, -0.00201244908385, 0.0095891635865, -0.00381281133741, 0.00418135337532, -0.00565212219954, 0.00330331735313, -0.00747976871207, 0.00425597233698, -0.0093383314088, 0.00548310857266, -0.00465254671872], [0.000167262449395, -0.00520212529227, 0.000767591001932, -0.00381281133741, 0.00460406253114, -0.00267008226365, 0.00108232768252, -0.000794884981588, 0.00430432660505, -0.00194318080321, 0.00494370935485, -0.00345640536398, 0.00121757539455], [4.22684934165e-05, 0.00611754925922, -0.000743105076253, 0.00418135337532, -0.00267008226365, 0.00874311290681, -0.00679315207526, 0.00127280422021, -0.0010419532191, 0.00119833706412, -0.00901912711561, 0.00439398689196, -0.00246620923281], [-0.00112604000606, -0.0082579292357, -9.50708181335e-06, -0.00565212219954, 0.00108232768252, -0.00679315207526, 0.0158719215542, -0.00181710347533, -0.00147859344725, -0.00123089016415, 0.00797913223505, -0.00342563795857, 0.00183807162102], [0.000170064464328, 0.00400752853602, -0.000337204517564, 0.00330331735313, -0.000794884981588, 0.00127280422021, -0.00181710347533, 0.0158510319889, -0.00745589286089, -0.00627478212118, 0.00455098878592, 0.00383686483838, -0.00237594754435], [-0.000177401132532, -0.0086435880512, 0.000770314771216, -0.00747976871207, 0.00430432660505, -0.0010419532191, -0.00147859344725, -0.00745589286089, 0.0268379133195, -0.00870856549591, 0.00308517715894, -0.000563060166314, 0.00507708871737], [-0.00030184557545, 0.00467069121078, -0.0016101738438, 0.00425597233698, -0.00194318080321, 0.00119833706412, -0.00123089016415, -0.00627478212118, -0.00870856549591, 0.0271523557603, -0.0152358729392, -0.00243301526643, 0.00587666360661], [0.000780197093263, -0.012388560921, 0.00352268805727, -0.0093383314088, 0.00494370935485, -0.00901912711561, 0.00797913223505, 0.00455098878592, 0.00308517715894, -0.0152358729392, 0.0382241494954, -0.0176290795207, 0.00399271352217], [-0.000245186209213, 0.00789776071906, -0.00242774630897, 0.00548310857266, -0.00345640536398, 0.00439398689196, -0.00342563795857, 0.00383686483838, -0.000563060166314, -0.00243301526643, -0.0176290795207, 0.0330550782382, -0.0135708898306], [0.000386178173358, -0.00443621072918, 0.00125964556355, -0.00465254671872, 0.00121757539455, -0.00246620923281, 0.00183807162102, -0.00237594754435, 0.00507708871737, 0.00587666360661, 0.00399271352217, -0.0135708898306, 0.033012829721]]
    },
    "melbands": {
        "dmean": [0.000703161524143, 0.00243227020837, 0.00204962608404, 0.00154600292444, 0.000285918533336, 8.66994960234e-05, 5.21263718838e-05, 3.14875287586e-05, 2.26892188948e-05, 2.97820315609e-05, 8.13565111457e-06, 6.32898581898e-06, 1.50361611304e-05, 1.84477939911e-05, 3.26235135617e-06, 2.94841061077e-06, 1.50272035171e-06, 2.46477611654e-06, 1.00721399576e-05, 1.06713096102e-05, 1.25328124341e-05, 5.67577308175e-06, 4.43069529865e-06, 1.36078710966e-06, 1.8298616169e-06, 2.02751880352e-06, 1.8752239157e-06, 1.5477900206e-06, 4.80525102375e-07, 2.35856546738e-07, 1.08745403793e-07, 7.84390010722e-08, 5.44736487029e-08, 2.4425077072e-08, 1.31256756575e-08, 8.76695072094e-09, 4.25215507249e-09, 2.36646746643e-09, 1.95408933479e-09, 6.53034959441e-10],
        "dmean2": [0.000998611678369, 0.00411941669881, 0.00355501938611, 0.00252280267887, 0.00048422004329, 0.000152743828949, 9.17516445043e-05, 5.48748939764e-05, 3.95692077291e-05, 4.61533127236e-05, 1.43377610584e-05, 1.06296920421e-05, 2.56090515904e-05, 3.25272230839e-05, 5.71923374082e-06, 5.19020341017e-06, 2.67440350399e-06, 3.80969413527e-06, 1.5227037693e-05, 1.68943151948e-05, 1.95691027329e-05, 8.75797559274e-06, 6.42009763396e-06, 1.97440022021e-06, 2.95800646199e-06, 2.44798434323e-06, 2.28689123105e-06, 2.26830798056e-06, 6.92212154263e-07, 3.16936933586e-07, 1.61459567494e-07, 1.07684051898e-07, 7.84580294066e-08, 3.59150611473e-08, 1.94208453763e-08, 1.31018040861e-08, 6.45829922874e-09, 3.63822083571e-09, 3.02423264209e-09, 1.03141650776e-09],
        "dvar": [3.83645237889e-06, 4.27551276516e-05, 2.71448443527e-05, 4.76523882753e-06, 5.07747188294e-07, 4.113247698e-08, 1.54578270184e-08, 1.16131460004e-08, 1.00974295592e-08, 1.28338539795e-08, 9.2150925779e-10, 8.36526847792e-10, 6.17906259492e-09, 1.08794813158e-08, 3.07617764594e-10, 2.44178482989e-10, 6.08326514162e-11, 1.43808159825e-10, 2.74323519456e-09, 3.33947069997e-09, 4.47659820324e-09, 8.71724026297e-10, 4.90482376936e-10, 4.24690942136e-11, 7.51768369778e-11, 7.14405201663e-11, 6.94704432869e-11, 6.36038235968e-11, 5.23424359411e-12, 1.08945524043e-12, 2.0303402785e-13, 4.76391624445e-14, 2.67692853696e-14, 5.08098642641e-15, 1.71067652824e-15, 5.81798449986e-16, 1.69981738057e-16, 3.65025209025e-17, 2.20170614012e-17, 3.76888137061e-18],
        "dvar2": [7.13794270268e-06, 0.000116989423987, 7.61469273129e-05, 1.23502104543e-05, 1.35861318995e-06, 1.21684465171e-07, 4.52672743734e-08, 3.09505985285e-08, 2.77793024139e-08, 2.65754689366e-08, 2.50791187817e-09, 2.17889506438e-09, 1.64261368951e-08, 2.97401356875e-08, 8.48580816726e-10, 6.73971045639e-10, 1.68796157607e-10, 3.39637484803e-10, 6.42677644436e-09, 7.43423944627e-09, 1.07187148046e-08, 2.02519490067e-09, 1.02928077172e-09, 7.34561855786e-11, 1.54615903414e-10, 1.32001090614e-10, 1.16456760901e-10, 1.34137409513e-10, 1.03454172312e-11, 2.13111971646e-12, 4.19078373349e-13, 8.60499890201e-14, 5.47984644857e-14, 1.17090895424e-14, 4.07814303906e-15, 1.36557434146e-15, 3.76630155972e-16, 7.69757403557e-17, 5.25506850538e-17, 9.30060704931e-18],
        "max": [0.0233510043472, 0.0605982504785, 0.046612508595, 0.0186073649675, 0.00664671650156, 0.00186635775026, 0.00136082130484, 0.00127587711904, 0.00119831366464, 0.001811151742, 0.000357569981134, 0.000313977361657, 0.000713939138222, 0.000992954242975, 0.000165614867001, 0.000136608723551, 8.68069982971e-05, 0.000125381498947, 0.000539021682926, 0.000711294065695, 0.000705060956534, 0.000327305373503, 0.00023454791517, 7.58912792662e-05, 9.03120308067e-05, 9.65711151366e-05, 0.000109717919258, 9.44885468925e-05, 3.05762114294e-05, 1.45782605614e-05, 5.49131073058e-06, 2.44254260906e-06, 2.08709752769e-06, 7.48985257815e-07, 4.42204310502e-07, 2.53044589726e-07, 1.56380195904e-07, 5.72210367977e-08, 4.48395631736e-08, 2.52136000967e-08],
        "mean": [0.00107514637057, 0.00335272843949, 0.00250189797953, 0.00198295223527, 0.000381825957447, 0.000163790158695, 0.000115305105282, 4.628816896e-05, 2.75573875115e-05, 0.000104244260001, 1.68389979081e-05, 5.74025079914e-06, 1.10617529572e-05, 1.27657904159e-05, 2.45693149736e-06, 2.14746046368e-06, 1.21420987398e-06, 2.11049086829e-06, 8.13104725239e-06, 9.36058131629e-06, 1.09481470645e-05, 5.30999614057e-06, 4.2367973947e-06, 1.64660104929e-06, 2.1303073936e-06, 2.02782257475e-06, 1.92947300093e-06, 1.52100926698e-06, 5.403240948e-07, 2.5639553769e-07, 1.25390073435e-07, 9.04570782723e-08, 6.3409444806e-08, 2.43821283163e-08, 1.35764839371e-08, 9.01492391847e-09, 4.5155466033e-09, 2.62724531019e-09, 1.88473237017e-09, 6.33469610101e-10],
        "median": [7.05142447259e-05, 0.000921401486266, 0.00119832111523, 0.00110657664482, 0.000212898259633, 7.41526309866e-05, 4.05387982028e-05, 6.34414664091e-06, 2.08800815926e-06, 3.85553312299e-06, 1.33191122131e-06, 1.00792397006e-06, 9.11257359348e-07, 7.08126265181e-07, 2.24241290425e-07, 2.77854354636e-07, 1.02218933762e-07, 6.04056253906e-08, 3.61705154717e-08, 2.56312642222e-08, 1.17936496125e-08, 7.39215577639e-09, 6.44194386723e-09, 4.97493646279e-09, 4.12128908778e-09, 3.01017544224e-09, 2.77805201065e-09, 1.78510650706e-09, 1.45158651765e-09, 1.12695475174e-09, 1.08519282449e-09, 1.04681985302e-09, 7.8490935973e-10, 6.66030508523e-10, 5.03618480252e-10, 4.00497496278e-10, 3.18371023988e-10, 2.17007523062e-10, 1.69214711687e-10, 8.77300246338e-11],
