{
"highlevel": {
    "danceability": {
        "all": {
            "danceable": 0.9996560812,
            "not_danceable": 0.000343917548889
        },
        "probability": 0.9996560812,
        "value": "danceable"
    },
    "gender": {
        "all": {
            "female": 0.136001497507,
            "male": 0.863998472691
        },
        "probability": 0.863998472691,
        "value": "male"
    },
    "genre_dortmund": {
        "all": {
            "alternative": 0.0214951131493,
            "blues": 0.0216846968979,
            "electronic": 0.0712995901704,
            "folkcountry": 0.0727651640773,
            "funksoulrnb": 0.0403673648834,
            "jazz": 0.246308490634,
            "pop": 0.121287636459,
            "raphiphop": 0.355986714363,
            "rock": 0.04880521819
        },
        "probability": 0.355986714363,
        "value": "raphiphop"
    },
    "genre_electronic": {
        "all": {
            "ambient": 0.114332452416,
            "dnb": 0.693308949471,
            "house": 0.0723749101162,
            "techno": 0.0100697921589,
            "trance": 0.109913863242
        },
        "probability": 0.693308949471,
        "value": "dnb"
    },
    "genre_rosamerica": {
        "all": {
            "cla": 0.00369182019494,
            "dan": 0.365138500929,
            "hip": 0.180350661278,
            "jaz": 0.00680676847696,
            "pop": 0.284681499004,
            "rhy": 0.129886507988,
            "roc": 0.0248549375683,
            "spe": 0.00458928337321
        },
        "probability": 0.365138500929,
        "value": "dan"
    },
    "genre_tzanetakis": {
        "all": {
            "blu": 0.0620671063662,
            "cla": 0.034474901855,
            "cou": 0.103433981538,
            "dis": 0.0620971247554,
            "hip": 0.15527240932,
            "jaz": 0.310666948557,
            "met": 0.044346679002,
            "pop": 0.0620793737471,
            "reg": 0.0620816536248,
            "roc": 0.103479810059
        },
        "probability": 0.310666948557,
        "value": "jaz"
    },
    "ismir04_rhythm": {
        "all": {
            "ChaChaCha": 0.0370091237128,
            "Jive": 0.0790216326714,
            "Quickstep": 0.122267268598,
            "Rumba-American": 0.0147154787555,
            "Rumba-International": 0.0684617310762,
            "Rumba-Misc": 0.0116913057864,
            "Samba": 0.639953076839,
            "Tango": 0.00576392281801,
            "VienneseWaltz": 0.0105980327353,
            "Waltz": 0.010518415831
        },
        "probability": 0.639953076839,
        "value": "Samba"
    },
    "mood_acoustic": {
        "all": {
            "acoustic": 0.0490911789238,
            "not_acoustic": 0.950908839703
        },
        "probability": 0.950908839703,
        "value": "not_acoustic"
    },
    "mood_aggressive": {
        "all": {
            "aggressive": 0.169321015477,
            "not_aggressive": 0.830678999424
        },
        "probability": 0.830678999424,
        "value": "not_aggressive"
    },
    "mood_electronic": {
        "all": {
            "electronic": 0.618816137314,
            "not_electronic": 0.381183862686
        },
        "probability": 0.618816137314,
        "value": "electronic"
    },
    "mood_happy": {
        "all": {
            "happy": 0.535094618797,
            "not_happy": 0.464905381203
        },
        "probability": 0.535094618797,
        "value": "happy"
    },
    "mood_party": {
        "all": {
            "not_party": 0.284680753946,
            "party": 0.715319216251
        },
        "probability": 0.715319216251,
        "value": "party"
    },
    "mood_relaxed": {
        "all": {
            "not_relaxed": 0.570178747177,
            "relaxed": 0.429821252823
        },
        "probability": 0.570178747177,
        "value": "not_relaxed"
    },
    "mood_sad": {
        "all": {
            "not_sad": 0.610122740269,
            "sad": 0.389877259731
        },
        "probability": 0.610122740269,
        "value": "not_sad"
    },
    "moods_mirex": {
        "all": {
            "Cluster1": 0.182300418615,
            "Cluster2": 0.398153871298,
            "Cluster3": 0.0688889399171,
            "Cluster4": 0.199814394116,
            "Cluster5": 0.150842383504
        },
        "probability": 0.398153871298,
        "value": "Cluster2"
    },
    "timbre": {
        "all": {
            "bright": 0.945925474167,
            "dark": 0.0540745295584
        },
        "probability": 0.945925474167,
        "value": "bright"
    },
    "tonal_atonal": {
        "all": {
            "atonal": 0.0930390805006,
            "tonal": 0.906960904598
        },
        "probability": 0.906960904598,
        "value": "tonal"
    },
    "voice_instrumental": {
        "all": {
            "instrumental": 0.0139589896426,
            "voice": 0.986041009426
        },
        "probability": 0.986041009426,
        "value": "voice"
    }
},
"lowlevel": {
    "average_loudness": 0.9652993083,
    "barkbands_crest": {
        "dmean": 2.93343710899,
        "dmean2": 4.4338927269,
        "dvar": 7.61971664429,
        "dvar2": 17.8474464417,
        "max": 25.9593601227,
        "mean": 13.1719608307,
        "median": 12.2417669296,
        "min": 2.23972511292,
        "var": 32.16639328
    },
    "barkbands_flatness_db": {
        "dmean": 0.0312907733023,
        "dmean2": 0.0450394786894,
        "dvar": 0.000877270766068,
        "dvar2": 0.00186452548951,
        "max": 0.476324230433,
        "mean": 0.169719427824,
        "median": 0.160960540175,
        "min": 0.0449812225997,
        "var": 0.00456469412893
    },
    "barkbands_kurtosis": {
        "dmean": 10.1349229813,
        "dmean2": 14.9061832428,
        "dvar": 896.178894043,
        "dvar2": 1784.25598145,
        "max": 540.29473877,
        "mean": 13.664814949,
        "median": 3.62053632736,
        "min": -1.788869977,
        "var": 1609.98693848
    },
    "barkbands_skewness": {
        "dmean": 0.92384070158,
        "dmean2": 1.36499333382,
        "dvar": 1.48379838467,
        "dvar2": 2.91950678825,
        "max": 19.4312572479,
        "mean": 2.40862631798,
        "median": 1.83304798603,
        "min": -2.96769738197,
        "var": 5.53755331039
    },
    "barkbands_spread": {
        "dmean": 7.54066419601,
        "dmean2": 11.293712616,
        "dvar": 73.8525314331,
        "dvar2": 155.809814453,
        "max": 87.7041778564,
        "mean": 22.7601985931,
        "median": 19.6083774567,
        "min": 0.298392504454,
        "var": 237.938232422
    },
    "dissonance": {
        "dmean": 0.0228772107512,
        "dmean2": 0.0370123945177,
        "dvar": 0.000580444582738,
        "dvar2": 0.00143150857184,
        "max": 0.499756604433,
        "mean": 0.452707111835,
        "median": 0.462208628654,
        "min": 0.249578341842,
        "var": 0.00142218789551
    },
    "dynamic_complexity": 2.0459048748,
    "erbbands_crest": {
        "dmean": 3.032371521,
        "dmean2": 4.79875087738,
        "dvar": 8.18951320648,
        "dvar2": 18.0613689423,
        "max": 31.6436195374,
        "mean": 9.66823482513,
        "median": 8.40425872803,
        "min": 2.43016195297,
        "var": 25.9299564362
    },
    "erbbands_flatness_db": {
        "dmean": 0.0195553023368,
        "dmean2": 0.0267166644335,
        "dvar": 0.000346365530277,
        "dvar2": 0.00062474765582,
        "max": 0.397775948048,
        "mean": 0.140494450927,
        "median": 0.131013557315,
        "min": 0.0545074790716,
        "var": 0.00241457181983
    },
    "erbbands_kurtosis": {
        "dmean": 1.19388473034,
        "dmean2": 1.77971065044,
        "dvar": 3.35546159744,
        "dvar2": 6.88909482956,
        "max": 22.0733623505,
        "mean": 1.06395506859,
        "median": 0.121236085892,
        "min": -1.71965050697,
        "var": 8.07224941254
    },
    "erbbands_skewness": {
        "dmean": 0.421781271696,
        "dmean2": 0.609641373158,
        "dvar": 0.170772641897,
        "dvar2": 0.32846274972,
        "max": 4.15660476685,
        "mean": 0.544390022755,
        "median": 0.526595056057,
        "min": -3.92090606689,
        "var": 0.719340860844
    },
    "erbbands_spread": {
        "dmean": 11.9321832657,
        "dmean2": 17.2961597443,
        "dvar": 165.531204224,
        "dvar2": 351.3855896,
        "max": 147.824356079,
        "mean": 47.3791732788,
        "median": 44.1074256897,
        "min": 2.96014642715,
        "var": 612.264709473
    },
    "hfc": {
        "dmean": 14.1505613327,
        "dmean2": 21.9389839172,
        "dvar": 646.743835449,
        "dvar2": 1653.03601074,
        "max": 371.230072021,
        "mean": 26.6377315521,
        "median": 19.713432312,
        "min": 0.0488752759993,
        "var": 695.76171875
    },
    "melbands_crest": {
        "dmean": 3.95885014534,
        "dmean2": 5.82965373993,
        "dvar": 13.3981370926,
        "dvar2": 28.0946941376,
        "max": 37.2536468506,
        "mean": 19.7135372162,
        "median": 19.0485782623,
        "min": 4.04382419586,
        "var": 65.9513397217
    },
    "melbands_flatness_db": {
        "dmean": 0.0373202711344,
        "dmean2": 0.0530098006129,
        "dvar": 0.00131576601416,
        "dvar2": 0.00278518232517,
        "max": 0.589311718941,
        "mean": 0.218128487468,
        "median": 0.206885680556,
        "min": 0.0347978845239,
        "var": 0.00756781129166
    },
    "melbands_kurtosis": {
        "dmean": 23.1067714691,
        "dmean2": 34.6090354919,
        "dvar": 2697.60668945,
        "dvar2": 5517.58203125,
        "max": 901.755187988,
        "mean": 37.4925575256,
        "median": 12.001083374,
        "min": -1.68830657005,
        "var": 6083.52539062
    },
    "melbands_skewness": {
        "dmean": 1.27281963825,
        "dmean2": 1.88850069046,
        "dvar": 2.79663848877,
        "dvar2": 5.61202049255,
        "max": 24.2244319916,
        "mean": 3.88679504395,
        "median": 2.93281769753,
        "min": -2.40728473663,
        "var": 10.6132211685
    },
    "melbands_spread": {
        "dmean": 7.97071886063,
        "dmean2": 11.9813642502,
        "dvar": 118.046173096,
        "dvar2": 241.998565674,
        "max": 235.90713501,
        "mean": 20.4532222748,
        "median": 16.6445198059,
        "min": 0.272308319807,
        "var": 338.069580078
    },
    "pitch_salience": {
        "dmean": 0.086165830493,
        "dmean2": 0.12648910284,
        "dvar": 0.00614599790424,
        "dvar2": 0.0142074311152,
        "max": 0.850460290909,
        "mean": 0.472905576229,
        "median": 0.480284571648,
        "min": 0.051421828568,
        "var": 0.0290758498013
    },
    "silence_rate_20dB": {
        "dmean": 0,
        "dmean2": 0,
        "dvar": 0,
        "dvar2": 0,
        "max": 1,
        "mean": 1,
        "median": 1,
        "min": 1,
        "var": 0
    },
    "silence_rate_30dB": {
        "dmean": 0.0402476787567,
        "dmean2": 0.0805577039719,
        "dvar": 0.0386283062398,
        "dvar2": 0.0911103561521,
        "max": 1,
        "mean": 0.96674400568,
        "median": 1,
        "min": 0,
        "var": 0.0321502350271
    },
    "silence_rate_60dB": {
        "dmean": 0.0108359130099,
        "dmean2": 0.0216886140406,
        "dvar": 0.01071841456,
        "dvar2": 0.0274149030447,
        "max": 1,
        "mean": 0.0139211136848,
        "median": 0,
        "min": 0,
        "var": 0.0137273278087
    },
    "spectral_centroid": {
        "dmean": 337.984893799,
        "dmean2": 519.154907227,
        "dvar": 156387.5,
        "dvar2": 334935.0625,
        "max": 4871.02587891,
        "mean": 1307.98205566,
        "median": 1163.23669434,
        "min": 222.792449951,
        "var": 441866.875
    },
    "spectral_complexity": {
        "dmean": 5.8506193161,
        "dmean2": 8.51045703888,
        "dvar": 53.9645729065,
        "dvar2": 104.44493103,
        "max": 61,
        "mean": 17.244392395,
        "median": 15,
        "min": 0,
        "var": 118.707473755
    },
    "spectral_decrease": {
        "dmean": 4.47296022443e-09,
        "dmean2": 7.29769755736e-09,
        "dvar": 4.0771431299e-17,
        "dvar2": 1.14987581326e-16,
        "max": -1.45166387591e-11,
        "mean": -1.07020134976e-08,
        "median": -8.34714608544e-09,
        "min": -4.62749341068e-08,
        "var": 6.76903269599e-17
    },
    "spectral_energy": {
        "dmean": 0.0177956074476,
        "dmean2": 0.0290334075689,
        "dvar": 0.000624693289865,
        "dvar2": 0.00174743437674,
        "max": 0.180256292224,
        "mean": 0.0428079552948,
        "median": 0.0340452492237,
        "min": 5.92223113927e-05,
        "var": 0.00101203948725
    },
    "spectral_energyband_high": {
        "dmean": 0.00117346341722,
        "dmean2": 0.00177896802779,
        "dvar": 5.11425605509e-06,
        "dvar2": 1.29325717353e-05,
        "max": 0.0323989279568,
        "mean": 0.00167563545983,
        "median": 0.000792355160229,
        "min": 1.29363272094e-07,
        "var": 5.75946069148e-06
    },
    "spectral_energyband_low": {
        "dmean": 0.0121435243636,
        "dmean2": 0.0195985678583,
        "dvar": 0.000467742880573,
        "dvar2": 0.00129396107513,
        "max": 0.160381451249,
        "mean": 0.0243828184903,
        "median": 0.0133374221623,
        "min": 6.60502337269e-08,
        "var": 0.000908098474611
    },
    "spectral_energyband_middle_high": {
        "dmean": 0.00272358045913,
        "dmean2": 0.00422732671723,
        "dvar": 1.66574172908e-05,
        "dvar2": 4.18341987825e-05,
        "max": 0.0402583703399,
        "mean": 0.00507081486285,
        "median": 0.00319108855911,
        "min": 2.87948805635e-05,
        "var": 2.94728379231e-05
    },
    "spectral_energyband_middle_low": {
        "dmean": 0.00716451462358,
        "dmean2": 0.011882789433,
        "dvar": 0.000168859798578,
        "dvar2": 0.000466187397251,
        "max": 0.103498734534,
        "mean": 0.0129607319832,
        "median": 0.00951263774186,
        "min": 2.96164471365e-05,
        "var": 0.000169876992004
    },
    "spectral_entropy": {
        "dmean": 0.212346747518,
        "dmean2": 0.304647564888,
        "dvar": 0.0426560454071,
        "dvar2": 0.0938269421458,
        "max": 8.72535514832,
        "mean": 7.71057891846,
        "median": 7.73748350143,
        "min": 6.1012635231,
        "var": 0.183536291122
    },
    "spectral_flux": {
        "dmean": 0.0383683629334,
        "dmean2": 0.0588828027248,
        "dvar": 0.00197813706473,
        "dvar2": 0.00401828670874,
        "max": 0.372559249401,
        "mean": 0.10405074805,
        "median": 0.0870629698038,
        "min": 0.00747452164069,
        "var": 0.00398897193372
    },
    "spectral_kurtosis": {
        "dmean": 0.955746293068,
        "dmean2": 1.51387178898,
        "dvar": 1.80161571503,
        "dvar2": 5.42347431183,
        "max": 23.3128890991,
        "mean": 2.54300022125,
        "median": 2.28283786774,
        "min": -1.06936013699,
        "var": 3.16101169586
    },
    "spectral_rms": {
        "dmean": 0.00123773107771,
        "dmean2": 0.00193499471061,
        "dvar": 2.16585885937e-06,
        "dvar2": 5.78810886509e-06,
        "max": 0.0132612138987,
        "mean": 0.00603192020208,
        "median": 0.00576323503628,
        "min": 0.00024037026742,
        "var": 5.37983441973e-06
    },
    "spectral_rolloff": {
        "dmean": 657.547180176,
        "dmean2": 1048.75537109,
        "dvar": 1429529,
        "dvar2": 2797810.5,
        "max": 11692.5292969,
        "mean": 1392.21679688,
        "median": 796.728515625,
        "min": 64.599609375,
        "var": 3093786.5
    },
    "spectral_skewness": {
        "dmean": 0.20211045444,
        "dmean2": 0.29777571559,
        "dvar": 0.0415972992778,
        "dvar2": 0.0934748128057,
        "max": 2.94421362877,
        "mean": 1.37492060661,
        "median": 1.37191998959,
        "min": 0.0451013855636,
        "var": 0.141725420952
    },
    "spectral_spread": {
        "dmean": 739681.5625,
        "dmean2": 1045340.125,
        "dvar": 572887728128,
        "dvar2": 1.04875943526e+12,
        "max": 13901471,
        "mean": 6151381.5,
        "median": 5961052.5,
        "min": 1266703.75,
        "var": 2.37259273011e+12
    },
    "spectral_strongpeak": {
        "dmean": 0.435228049755,
        "dmean2": 0.747765481472,
        "dvar": 0.572807192802,
        "dvar2": 1.51384115219,
        "max": 7.4425740242,
        "mean": 0.782706797123,
        "median": 0.494115352631,
        "min": 0,
        "var": 0.766092717648
    },
    "zerocrossingrate": {
        "dmean": 0.0147844906896,
        "dmean2": 0.0158386938274,
        "dvar": 0.000289278425043,
        "dvar2": 0.000327028566971,
        "max": 0.33935546875,
        "mean": 0.0636899247766,
        "median": 0.0556640625,
        "min": 0.001953125,
        "var": 0.00179254240356
    },
    "barkbands": {
        "dmean": [0.000986343598925, 0.00871972087771, 0.00302939140238, 0.0025700237602, 0.00269890087657, 0.00091789115686, 0.0011144640157, 0.00121847935952, 0.000987484119833, 0.000605132780038, 0.000507090182509, 0.000608926347923, 0.000504252908286, 0.000412762892665, 0.000286342168692, 0.000288460723823, 0.000292374170385, 0.000158994298545, 0.000177963986062, 0.00019876564329, 0.000240593319177, 0.000200932030566, 0.000235085215536, 0.000230553967413, 0.000176469096914, 0.000111467095849, 2.73846882948e-08],
        "dmean2": [0.00148723029997, 0.0128165697679, 0.00519005861133, 0.00481824344024, 0.00442098686472, 0.00148428662214, 0.0017654231051, 0.00190201262012, 0.00151623459533, 0.000961319950875, 0.000794150866568, 0.00100764911622, 0.000784347066656, 0.000643216131721, 0.000458358670585, 0.000492596882395, 0.000485082127852, 0.000261555425823, 0.000291053438559, 0.000325065047946, 0.000382893311325, 0.000310278352117, 0.000355815020157, 0.000345640815794, 0.000280143343844, 0.000183134063263, 5.22469996156e-08],
        "dvar": [3.61276715921e-06, 0.000245204544626, 0.000117707146273, 8.82229651324e-05, 2.5213788831e-05, 3.35571098731e-06, 3.85906605516e-06, 5.3922249208e-06, 3.80379424314e-06, 1.04672744783e-06, 1.59730291216e-06, 2.50142647928e-06, 7.92744344835e-07, 5.50488209683e-07, 2.47261709774e-07, 4.92584376843e-07, 2.74520800758e-07, 6.80105927131e-08, 1.39888896911e-07, 1.49429922658e-07, 2.78091107475e-07, 1.38163315455e-07, 1.72645300722e-07, 1.68526511857e-07, 1.68064715922e-07, 1.59801828659e-07, 1.42141225683e-14],
        "dvar2": [8.49261869007e-06, 0.000567830284126, 0.0003162639332, 0.000256548490142, 6.48649656796e-05, 8.61404714669e-06, 9.48978140514e-06, 1.27804441945e-05, 8.36875369714e-06, 2.59554190052e-06, 3.47657692146e-06, 6.00092243985e-06, 1.81236259778e-06, 1.38483574119e-06, 5.4030431329e-07, 1.34184620038e-06, 7.00015448274e-07, 1.66000035051e-07, 3.53146759835e-07, 3.88899934478e-07, 7.25355334907e-07, 3.5099671436e-07, 4.02423466994e-07, 3.71533303678e-07, 4.46116530384e-07, 4.57093932482e-07, 4.11831179781e-14],
        "max": [0.0198182743043, 0.14568811655, 0.0808951109648, 0.0757152587175, 0.0457348190248, 0.0283560492098, 0.0296306163073, 0.0266286730766, 0.0297152008861, 0.0122232139111, 0.0235374718904, 0.0262816343457, 0.013390218839, 0.0104980859905, 0.00695510348305, 0.00828950479627, 0.00544627662748, 0.00239924364723, 0.00351245026104, 0.00301908026449, 0.00460498547181, 0.00379575486295, 0.00401775632054, 0.00605592224747, 0.00813039485365, 0.00933599844575, 1.26595796246e-06],
        "mean": [0.00201190309599, 0.0188557263464, 0.00245967367664, 0.00188185239676, 0.00413193926215, 0.00133789982647, 0.0015859787818, 0.00201331428252, 0.00158066663425, 0.000926941283979, 0.000764442200307, 0.000719002040569, 0.000704046280589, 0.000627641100436, 0.000400896882638, 0.000287984876195, 0.000343617633916, 0.000197216882952, 0.000202142749913, 0.000238001623075, 0.000279935629806, 0.000285103742499, 0.000308597635012, 0.000322440435411, 0.000223212715355, 0.000117794465041, 1.56649093697e-08],
        "median": [0.000698073767126, 0.00876916572452, 0.000255389662925, 0.000333693227731, 0.00226029194891, 0.000571964017581, 0.000553054385819, 0.000430320564192, 0.0004238585243, 0.000377667223802, 0.000198315086891, 0.000195908840396, 0.000230603662203, 0.000173670472577, 0.0001523099927, 7.80082191341e-05, 0.0001447549148, 8.88009308255e-05, 6.75624178257e-05, 0.000100631077657, 0.000113621063065, 0.000148693754454, 0.000127585066366, 0.000133338602609, 7.89787955e-05, 3.37865385518e-05, 6.37852326513e-10],
        "min": [4.81971906829e-10, 1.24240440158e-08, 4.84099926812e-10, 1.02723966222e-07, 1.92344691641e-06, 2.67350714012e-07, 9.96868720904e-07, 5.02689488258e-07, 1.94957192434e-06, 1.61626383033e-06, 3.61232991963e-07, 9.13212375053e-07, 4.96351674428e-07, 6.2984008764e-07, 2.29597034718e-07, 6.82978082978e-08, 1.28260808197e-07, 1.52382213514e-07, 8.76974137753e-09, 6.02102190328e-08, 5.56410171271e-08, 3.71049146963e-08, 1.17068674754e-08, 1.24199994733e-09, 8.68764282735e-10, 1.10393872862e-11, 1.08803755935e-11],
        "var": [9.21902210393e-06, 0.000662094098516, 8.62777742441e-05, 4.96907523484e-05, 3.3331773011e-05, 4.02835485147e-06, 7.87241060607e-06, 1.26563481899e-05, 1.09235115815e-05, 1.9947722194e-06, 3.34685569214e-06, 2.97502651847e-06, 1.71602994214e-06, 1.30820160393e-06, 5.08086543505e-07, 4.01780653192e-07, 3.00419770838e-07, 7.89720715488e-08, 1.42547506243e-07, 1.44858304907e-07, 2.54567822822e-07, 1.62521089919e-07, 2.43864178628e-07, 2.69273556341e-07, 1.70066471128e-07, 1.05894244484e-07, 7.78271574926e-15]
    },
    "erbbands": {
        "dmean": [0.416997671127, 1.42467820644, 2.55123209953, 7.5753364563, 7.78443956375, 10.4041576385, 10.1188468933, 6.95005941391, 12.1626167297, 22.068561554, 25.0491466522, 24.8527183533, 19.4299163818, 19.0715198517, 21.1294460297, 23.2912425995, 21.2765045166, 22.4898147583, 15.4011507034, 14.1157636642, 15.1211967468, 15.4713726044, 8.83377456665, 8.33198833466, 9.62857246399, 9.47549438477, 12.0300760269, 7.12115097046, 7.06032466888, 7.2260017395, 6.67477273941, 5.29512786865, 3.70599722862, 1.97855591774, 1.37277662754, 0.545472979546, 0.203708916903, 0.0210307072848, 0.000376127281925, 3.63324288628e-05],
        "dmean2": [0.606278955936, 2.11299681664, 4.22559595108, 13.9144992828, 13.2228555679, 17.2028942108, 16.5890026093, 11.4320840836, 19.1529216766, 35.8307647705, 38.2885551453, 37.1829071045, 29.9488735199, 29.4350070953, 33.8882637024, 37.2682876587, 33.2335777283, 35.779132843, 24.162443161, 23.6583480835, 24.8897209167, 25.4311122894, 14.1422214508, 13.77526474, 15.6056852341, 15.4991149902, 19.8011283875, 11.1045293808, 10.9195652008, 11.0427331924, 10.2063846588, 7.98231315613, 5.63085174561, 3.07766270638, 2.20296549797, 0.861556828022, 0.337457388639, 0.036984231323, 0.000648150627967, 5.98595688643e-05],
        "dvar": [0.618730485439, 6.88078451157, 66.9481582642, 797.226135254, 298.903320312, 392.240600586, 338.952392578, 221.804656982, 527.869506836, 1412.40368652, 2653.07641602, 2440.82617188, 1028.4901123, 1682.63525391, 3262.75341797, 3421.09008789, 1448.45275879, 1599.97277832, 755.345703125, 724.493347168, 1238.6361084, 797.977233887, 186.215652466, 301.689331055, 440.517089844, 344.725158691, 823.418457031, 205.651901245, 154.09362793, 181.614700317, 145.356323242, 102.721824646, 41.2605895996, 11.0884065628, 15.024969101, 1.53745985031, 0.718807518482, 0.023534476757, 5.77142100155e-06, 1.00265982184e-08],
        "dvar2": [1.40633642673, 16.7162284851, 179.049316406, 2288.9519043, 793.306091309, 1054.38183594, 896.958068848, 561.383972168, 1248.46569824, 3694.02172852, 6000.00927734, 5031.00488281, 2400.45556641, 3625.11425781, 7251.39355469, 7511.97265625, 3532.67431641, 4113.99951172, 1642.17797852, 1926.56933594, 3189.42382812, 2039.39929199, 447.422119141, 768.482849121, 1138.25756836, 901.902770996, 2192.328125, 515.14251709, 385.828063965, 451.966125488, 340.957763672, 224.41645813, 94.374458313, 26.383348465, 41.1361541748, 4.02449989319, 2.08474636078, 0.0695964843035, 1.70194871316e-05, 2.87120496267e-08],
        "max": [7.46932077408, 24.7323188782, 63.7668571472, 220.130599976, 147.236923218, 210.394699097, 182.928268433, 213.040924072, 433.381591797, 404.456268311, 640.601257324, 869.276733398, 458.354064941, 960.543823242, 1051.70263672, 1309.98413086, 574.853942871, 609.010986328, 441.220947266, 228.62689209, 605.990478516, 272.97555542, 126.728927612, 137.528793335, 268.640655518, 145.525146484, 215.311569214, 161.929000854, 115.847946167, 152.287689209, 119.958274841, 171.952270508, 76.9528503418, 40.5408668518, 81.5381698608, 22.6793766022, 20.3269729614, 3.87793374062, 0.0603973008692, 0.00232952204533],
        "mean": [0.884256124496, 2.87263941765, 2.73693490028, 5.61735010147, 8.6380853653, 15.8002662659, 14.6501369476, 9.30839252472, 18.3723869324, 33.4691619873, 41.8522377014, 42.0254058838, 31.4501438141, 31.116109848, 28.6702442169, 30.6513805389, 30.814573288, 38.3527526855, 24.1914920807, 17.4009208679, 16.4361534119, 18.0626144409, 12.3499126434, 9.08365917206, 11.269908905, 11.4653673172, 12.6882572174, 9.80133152008, 10.2412691116, 9.62080860138, 8.72254943848, 7.33742666245, 4.85353803635, 2.51096129417, 1.6243391037, 0.6352404356, 0.200099602342, 0.0174246262759, 0.000354534829967, 6.91394670866e-05],
        "median": [0.363651812077, 1.16815006733, 0.51696819067, 1.00204348564, 3.08488988876, 8.44419574738, 6.50369167328, 4.10648918152, 6.92703199387, 11.8972082138, 11.5440301895, 13.3749866486, 13.5314817429, 12.919916153, 8.24995326996, 10.2234783173, 12.1833467484, 12.3720245361, 9.28544235229, 6.87791585922, 5.21152019501, 7.72157812119, 6.15675497055, 3.45275020599, 3.86437153816, 4.89209365845, 4.39813518524, 4.62435770035, 5.44090270996, 4.37495708466, 3.57906341553, 3.00690627098, 1.80148720741, 0.945601522923, 0.4935285151, 0.204101964831, 0.0526104606688, 0.00348093826324, 0.000103023157862, 5.25549039594e-05],
        "min": [6.94543189184e-07, 1.00688146176e-06, 6.34407570033e-06, 0.000157884860528, 0.00101727002766, 0.00786430761218, 0.00838043726981, 0.00965260155499, 0.0202504619956, 0.0375308543444, 0.0465595908463, 0.0592392943799, 0.0673047527671, 0.0799837857485, 0.0581381320953, 0.0494717769325, 0.0516181364655, 0.0558979846537, 0.0311113595963, 0.0108855031431, 0.00507015874609, 0.00559563050047, 0.00990726519376, 0.00435875821859, 0.00272590038367, 0.00319356983528, 0.000839201267809, 0.00300660659559, 0.0016205861466, 0.000741551397368, 0.000307345704641, 4.96891552757e-05, 2.36334508372e-05, 1.34154261104e-05, 2.98072245641e-06, 6.55780524994e-07, 8.03909827596e-08, 1.83243091811e-08, 3.34885754683e-08, 7.00489550809e-08],
        "var": [1.58502435684, 17.3539333344, 59.7468643188, 466.518280029, 260.692779541, 506.32522583, 489.908050537, 234.410293579, 1350.24023438, 2783.46655273, 5962.03173828, 8063.76953125, 2158.48193359, 3625.16210938, 5192.73144531, 4804.56298828, 2519.32299805, 4950.04443359, 1735.66992188, 752.085876465, 1166.54248047, 847.825378418, 249.387405396, 276.492736816, 437.533111572, 334.13180542, 669.250671387, 224.990188599, 193.260955811, 229.953094482, 197.227966309, 161.07699585, 60.9003639221, 15.7388677597, 13.0078725815, 1.59105443954, 0.434832334518, 0.0124822054058, 3.11727217195e-06, 6.90432999662e-09]
    },
    "gfcc": {
        "mean": [18.6630649567, 69.1582717896, -103.704017639, 29.7629451752, -71.5712203979, 27.4714813232, -39.6412849426, 12.7617549896, -22.7722187042, 8.15766620636, -16.4149208069, 3.31013870239, -8.84496212006],
        "cov": [[4260.33935547, -727.734741211, 234.864425659, 57.9793815613, 59.8030662537, 148.667129517, -268.946624756, 150.38192749, -174.871139526, 252.106430054, -323.964874268, 142.856246948, -194.761505127], [-727.734741211, 994.832885742, 108.339866638, 73.0972595215, 255.003555298, 138.562255859, 260.431945801, 48.1653823853, 225.532287598, -5.13066291809, 173.250839233, -20.8111572266, 96.5271224976], [234.864425659, 108.339866638, 1137.90551758, 473.622528076, 315.150024414, 404.438262939, 223.673324585, 246.871078491, 120.511550903, 170.810012817, 76.0213241577, 53.5000915527, 26.6682777405], [57.9793815613, 73.0972595215, 473.622528076, 688.12890625, 300.214202881, 185.353363037, 117.279579163, 170.065582275, 188.522491455, 74.2187652588, 96.1916275024, -14.5475673676, 122.170761108], [59.8030662537, 255.003555298, 315.150024414, 300.214202881, 461.404602051, 261.924041748, 197.992126465, 169.995559692, 199.866744995, 125.780960083, 63.6465034485, 32.9061355591, 69.6649017334], [148.667129517, 138.562255859, 404.438262939, 185.353363037, 261.924041748, 445.964630127, 285.737304688, 166.656097412, 165.884552002, 143.611907959, 94.8863830566, 46.2961158752, 42.6249732971], [-268.946624756, 260.431945801, 223.673324585, 117.279579163, 197.992126465, 285.737304688, 399.180786133, 145.416824341, 180.595611572, 81.5133666992, 135.452163696, 63.5148696899, 28.0652484894], [150.38192749, 48.1653823853, 246.871078491, 170.065582275, 169.995559692, 166.656097412, 145.416824341, 220.614700317, 154.403259277, 115.375762939, 70.8220901489, 62.6471252441, 54.1858901978], [-174.871139526, 225.532287598, 120.511550903, 188.522491455, 199.866744995, 165.884552002, 180.595611572, 154.403259277, 284.401306152, 110.719062805, 113.668418884, 32.9960250854, 73.1006698608], [252.106430054, -5.13066291809, 170.810012817, 74.2187652588, 125.780960083, 143.611907959, 81.5133666992, 115.375762939, 110.719062805, 188.157974243, 52.7770576477, 50.4804840088, 21.333360672], [-323.964874268, 173.250839233, 76.0213241577, 96.1916275024, 63.6465034485, 94.8863830566, 135.452163696, 70.8220901489, 113.668418884, 52.7770576477, 197.696228027, 60.8098106384, 68.2172164917], [142.856246948, -20.8111572266, 53.5000915527, -14.5475673676, 32.9061355591, 46.2961158752, 63.5148696899, 62.6471252441, 32.9960250854, 50.4804840088, 60.8098106384, 140.176834106, 29.6819190979], [-194.761505127, 96.5271224976, 26.6682777405, 122.170761108, 69.6649017334, 42.6249732971, 28.0652484894, 54.1858901978, 73.1006698608, 21.333360672, 68.2172164917, 29.6819190979, 151.8097229]],
        "icov": [[0.000500631053001, -0.000150580817717, 0.000323944987031, -0.000513146980666, 0.000220045214519, -0.000698022777215, 0.000682605605107, -0.000622021674644, 0.000574579054955, -0.000726844184101, 0.000980463111773, -0.00104582472704, 0.000874278019182], [-0.000150580817717, 0.00224654027261, -0.000766873534303, 0.00139310234226, -0.00156655476894, 0.00112725875806, -0.00117388169747, 0.00139221188147, -0.00174101407174, 0.00145588442683, -0.00178337830584, 0.00178487307858, -0.0013994097244], [0.000323944987031, -0.000766873534303, 0.00244383723475, -0.00194927747361, 0.000624775595497, -0.0021033519879, 0.000872770731803, -0.00196568248793, 0.00212925043888, -0.00125838408712, 0.00104189058766, -0.00144005555194, 0.00185166450683], [-0.000513146980666, 0.00139310234226, -0.00194927747361, 0.00456392159685, -0.00232632667758, 0.00182897667401, -0.000727760721929, 0.000714401947334, -0.00244064629078, 0.00233504059725, -0.00262958137318, 0.0034269161988, -0.00308231869712], [0.000220045214519, -0.00156655476894, 0.000624775595497, -0.00232632667758, 0.00585276214406, -0.00219755596481, 0.000331674556946, -0.00132668169681, -5.34473510925e-05, -0.00192174746189, 0.0029027138371, -0.00185304833576, 0.000737948110327], [-0.000698022777215, 0.00112725875806, -0.0021033519879, 0.00182897667401, -0.00219755596481, 0.00807130895555, -0.00480647431687, 0.00155228737276, -0.00130179687403, -0.00067539117299, -0.0017121990677, 0.00308007490821, -0.0027490213979], [0.000682605605107, -0.00117388169747, 0.000872770731803, -0.000727760721929, 0.000331674556946, -0.00480647431687, 0.00809940882027, -0.00263735372573, -0.000362546823453, 0.000877099344507, -0.000582288077567, -0.00299941096455, 0.00359528372064], [-0.000622021674644, 0.00139221188147, -0.00196568248793, 0.000714401947334, -0.00132668169681, 0.00155228737276, -0.00263735372573, 0.0131467981264, -0.00501157715917, -0.00119524577167, -0.000613610260189, -0.000716276292223, -0.00294788950123], [0.000574579054955, -0.00174101407174, 0.00212925043888, -0.00244064629078, -5.34473510925e-05, -0.00130179687403, -0.000362546823453, -0.00501157715917, 0.0110750598833, -0.00404847133905, 2.69996671705e-05, -0.000433548673755, 0.000988719752058], [-0.000726844184101, 0.00145588442683, -0.00125838408712, 0.00233504059725, -0.00192174746189, -0.00067539117299, 0.000877099344507, -0.00119524577167, -0.00404847133905, 0.0118651762605, -0.00319269881584, 0.000681915029418, -0.000596889702138], [0.000980463111773, -0.00178337830584, 0.00104189058766, -0.00262958137318, 0.0029027138371, -0.0017121990677, -0.000582288077567, -0.000613610260189, 2.69996671705e-05, -0.00319269881584, 0.0122415209189, -0.005645330064, -0.000161065559951], [-0.00104582472704, 0.00178487307858, -0.00144005555194, 0.0034269161988, -0.00185304833576, 0.00308007490821, -0.00299941096455, -0.000716276292223, -0.000433548673755, 0.000681915029418, -0.005645330064, 0.0136632109061, -0.00420751096681], [0.000874278019182, -0.0013994097244, 0.00185166450683, -0.00308231869712, 0.000737948110327, -0.0027490213979, 0.00359528372064, -0.00294788950123, 0.000988719752058, -0.000596889702138, -0.000161065559951, -0.00420751096681, 0.0120774647221]]
    },
    "melbands": {
        "dmean": [0.00293468940072, 0.00136894232128, 0.00126332382206, 0.000652295828331, 0.000366193649825, 0.00015816189989, 0.000202957118745, 0.000249013741268, 0.000198477107915, 0.00015832191275, 9.63380225585e-05, 7.81298585935e-05, 6.65789630148e-05, 6.92164321663e-05, 5.33269703737e-05, 4.96536267747e-05, 4.43014578195e-05, 2.68199564744e-05, 2.07233515539e-05, 2.06828608498e-05, 1.75163477252e-05, 1.80526712938e-05, 1.08720296339e-05, 7.10564290785e-06, 6.64789104121e-06, 8.01459646027e-06, 5.78930394113e-06, 6.53369443171e-06, 8.65840047481e-06, 5.49289734408e-06, 3.94525523006e-06, 4.13967745772e-06, 4.16839748141e-06, 4.19243815486e-06, 4.11110522691e-06, 3.39431403518e-06, 3.36736502504e-06, 2.84714587906e-06, 2.09860036193e-06, 1.60109323133e-06],
        "dmean2": [0.00428035017103, 0.00226943590678, 0.0022807335481, 0.00107022677548, 0.000606555782724, 0.000259158608969, 0.000317942467518, 0.000402870413382, 0.000301992753521, 0.000238037871895, 0.000149589410285, 0.000121035925986, 0.000107849598862, 0.000110194683657, 8.75225232448e-05, 7.76941742515e-05, 7.0803653216e-05, 4.22107550548e-05, 3.38007666869e-05, 3.57788521796e-05, 2.86603299173e-05, 3.00941246678e-05, 1.78410773515e-05, 1.16001428978e-05, 1.10521859824e-05, 1.31762735691e-05, 9.34954914555e-06, 1.07856449176e-05, 1.46028551171e-05, 8.73319186212e-06, 6.19141746938e-06, 6.49662297292e-06, 6.66351252221e-06, 6.40023699816e-06, 6.40766529614e-06, 5.19560808243e-06, 5.12250471729e-06, 4.40602889284e-06, 3.26119652527e-06, 2.54480028161e-06],
        "dvar": [2.85234946205e-05, 1.02638223325e-05, 1.91897306649e-05, 1.5302276779e-06, 4.61339851654e-07, 1.12440687872e-07, 1.38995517318e-07, 1.86383260825e-07, 1.75553125814e-07, 1.00960704685e-07, 2.63361403796e-08, 2.72492659548e-08, 3.10340055876e-08, 3.24872928559e-08, 1.40895410894e-08, 7.89661847023e-09, 6.95684976293e-09, 2.39294783988e-09, 1.27114729853e-09, 2.37953523552e-09, 1.67597324907e-09, 1.20522025693e-09, 3.10991815633e-10, 1.47846096477e-10, 1.95594332397e-10, 3.42307765466e-10, 1.39571867952e-10, 1.62671390247e-10, 4.66491678619e-10, 1.35834080095e-10, 6.13854106435e-11, 5.41159339562e-11, 6.96408347656e-11, 5.46324825657e-11, 5.71372948954e-11, 3.95447320722e-11, 4.11749072338e-11, 2.66369929586e-11, 1.24299702475e-11, 7.03730346566e-12],
        "dvar2": [6.4795545768e-05, 2.93808097922e-05, 5.47468880541e-05, 3.969127647e-06, 1.26475731577e-06, 2.897549507e-07, 3.31043821689e-07, 4.88621992645e-07, 4.07238104572e-07, 2.03232076501e-07, 6.2412524926e-08, 6.0348405384e-08, 6.93745505487e-08, 7.30099856128e-08, 3.44501280836e-08, 1.70407510325e-08, 1.80645756132e-08, 5.32061106284e-09, 2.88567303386e-09, 6.53036424936e-09, 4.20836121506e-09, 3.13072212599e-09, 7.77241160321e-10, 3.60314528214e-10, 4.9943299496e-10, 8.91646589896e-10, 3.570209961e-10, 4.27697238736e-10, 1.26077714935e-09, 3.46302847509e-10, 1.56640797555e-10, 1.35667560519e-10, 1.81793108345e-10, 1.31643834722e-10, 1.36842065457e-10, 9.10394745701e-11, 8.82867529084e-11, 6.22691689878e-11, 2.89113750301e-11, 1.66107336219e-11],
        "max": [0.0515630058944, 0.0254862718284, 0.0344623550773, 0.0117350649089, 0.00593492668122, 0.00502201355994, 0.00676615489647, 0.00500245578587, 0.00527105107903, 0.0058692516759, 0.00231077731587, 0.00354902213439, 0.00257630203851, 0.00314414966851, 0.0015156972222, 0.00165139744058, 0.0013250260381, 0.000736462941859, 0.000489005818963, 0.000430919113569, 0.000802507332992, 0.000305173569359, 0.000232653183048, 0.000119994663692, 0.000112107460154, 0.000196678782231, 0.000168707585544, 0.000101303099655, 0.000164500292158, 0.000144594887388, 9.92385903373e-05, 7.68027603044e-05, 0.000109785447421, 7.25367790437e-05, 7.39553579479e-05, 7.72174098529e-05, 0.00011163236195, 5.65801565244e-05, 4.97997680213e-05, 3.23989115714e-05],
        "mean": [0.00639515649527, 0.00217881705612, 0.00100826739799, 0.000910431495868, 0.000553653982934, 0.000214468615013, 0.000301749474602, 0.000382540281862, 0.000319419574225, 0.000261399225565, 0.00014845719852, 0.000120590761071, 9.2805508757e-05, 8.28068004921e-05, 6.86629864504e-05, 7.55107175792e-05, 7.10999229341e-05, 3.89791857742e-05, 2.69673764706e-05, 2.17331744352e-05, 1.87283258128e-05, 1.96315504581e-05, 1.47816363096e-05, 8.54955851537e-06, 6.86416160534e-06, 8.70026178745e-06, 7.06745913703e-06, 7.66387802287e-06, 8.53033088788e-06, 6.41096175968e-06, 5.39389566256e-06, 5.85018915444e-06, 5.46899809706e-06, 5.36318702871e-06, 5.18106116942e-06, 4.37173548562e-06, 4.5625738494e-06, 3.56803570867e-06, 2.64598816102e-06, 1.9120500383e-06],
        "median": [0.00297414138913, 0.000736061716452, 0.000218538654735, 0.000427932973253, 0.000286444526864, 9.4865608844e-05, 0.00010926885443, 0.00014576187823, 8.39524000185e-05, 6.8097935582e-05, 5.87850117881e-05, 4.35090332758e-05, 2.53400048678e-05, 2.59553780779e-05, 1.92865973077e-05, 2.42953756242e-05, 1.88913345482e-05, 1.34469883051e-05, 1.10255559775e-05, 6.78025753587e-06, 5.64996162211e-06, 7.52090318201e-06, 7.02073702996e-06, 3.85553585147e-06, 2.34560957324e-06, 2.48982723861e-06, 2.6214488571e-06, 3.19951845995e-06, 2.70846885542e-06, 2.54148790191e-06, 2.56937869381e-06, 3.00035549117e-06, 2.60067554336e-06, 2.26573047257e-06, 2.08240498978e-06, 1.66785184774e-06, 1.83570011814e-06, 1.21846153434e-06, 1.02086573861e-06, 6.78214803429e-07],
        "min": [3.24540572194e-09, 3.88540755125e-10, 4.83237805327e-08, 2.51513995408e-07, 4.05107186907e-07, 1.24310332694e-07, 1.45882680158e-07, 3.30181990194e-07, 2.3772855684e-07, 2.88128632064e-07, 2.7291372362e-07, 2.87951422706e-07, 9.08906514496e-08, 1.55068704544e-07, 8.09854228123e-08, 1.29921531311e-07, 8.0271561842e-08, 3.90018577434e-08, 1.98387350991e-08, 6.72195366036e-09, 5.32741806225e-09, 5.98035043708e-09, 6.76008093947e-09, 7.76607667063e-09, 2.39509279076e-09, 1.41728850878e-10, 2.42593922728e-09, 1.84709536555e-09, 3.98625937814e-10, 7.37921501681e-10, 1.54144497166e-09, 2.52811764578e-11, 4.6903625428e-10, 3.63152646843e-10, 1.64206342967e-10, 4.47301536088e-11, 1.63097192002e-11, 4.26499287276e-12, 1.12455947332e-11, 9.38758619451e-12],
