{
"highlevel": {
    "danceability": {
        "all": {
            "danceable": 0.508202850819,
            "not_danceable": 0.491797119379
        },
        "probability": 0.508202850819,
        "value": "danceable"
    },
    "gender": {
        "all": {
            "female": 0.63395512104,
            "male": 0.36604487896
        },
        "probability": 0.63395512104,
        "value": "female"
    },
    "genre_dortmund": {
        "all": {
            "alternative": 0.240305647254,
            "blues": 0.0149308918044,
            "electronic": 0.0172219257802,
            "folkcountry": 0.17989012599,
            "funksoulrnb": 0.0104824220762,
            "jazz": 0.00797270052135,
            "pop": 0.092204131186,
            "raphiphop": 0.00459029804915,
            "rock": 0.432401835918
        },
        "probability": 0.432401835918,
        "value": "rock"
    },
    "genre_electronic": {
        "all": {
            "ambient": 0.748794794083,
            "dnb": 0.124993078411,
            "house": 0.0377691797912,
            "techno": 0.00542172370479,
            "trance": 0.0830212235451
        },
        "probability": 0.748794794083,
        "value": "ambient"
    },
    "genre_rosamerica": {
        "all": {
            "cla": 0.0366752669215,
            "dan": 0.0270935595036,
            "hip": 0.0178494211286,
            "jaz": 0.0172319319099,
            "pop": 0.354440420866,
            "rhy": 0.115545161068,
            "roc": 0.42233774066,
            "spe": 0.00882649421692
        },
        "probability": 0.42233774066,
        "value": "roc"
    },
    "genre_tzanetakis": {
        "all": {
            "blu": 0.0626541376114,
            "cla": 0.0348133966327,
            "cou": 0.0783501937985,
            "dis": 0.104547761381,
            "hip": 0.15693578124,
            "jaz": 0.313987255096,
            "met": 0.044816005975,
            "pop": 0.0627349764109,
            "reg": 0.0627352520823,
            "roc": 0.0784252434969
        },
        "probability": 0.313987255096,
        "value": "jaz"
    },
    "ismir04_rhythm": {
        "all": {
            "ChaChaCha": 0.0720680505037,
            "Jive": 0.329291313887,
            "Quickstep": 0.0357447117567,
            "Rumba-American": 0.0132213644683,
            "Rumba-International": 0.10138592124,
            "Rumba-Misc": 0.0166971087456,
            "Samba": 0.0903630331159,
            "Tango": 0.0160769373178,
            "VienneseWaltz": 0.290933847427,
            "Waltz": 0.0342177189887
        },
        "probability": 0.329291313887,
        "value": "Jive"
    },
    "mood_acoustic": {
        "all": {
            "acoustic": 0.396112173796,
            "not_acoustic": 0.603887856007
        },
        "probability": 0.603887856007,
        "value": "not_acoustic"
    },
    "mood_aggressive": {
        "all": {
            "aggressive": 0.384351223707,
            "not_aggressive": 0.61564874649
        },
        "probability": 0.61564874649,
        "value": "not_aggressive"
    },
    "mood_electronic": {
        "all": {
            "electronic": 0.588835954666,
            "not_electronic": 0.411164075136
        },
        "probability": 0.588835954666,
        "value": "electronic"
    },
    "mood_happy": {
        "all": {
            "happy": 0.481400817633,
            "not_happy": 0.51859921217
        },
        "probability": 0.51859921217,
        "value": "not_happy"
    },
    "mood_party": {
        "all": {
            "not_party": 0.831278562546,
            "party": 0.168721437454
        },
        "probability": 0.831278562546,
        "value": "not_party"
    },
    "mood_relaxed": {
        "all": {
            "not_relaxed": 0.978491783142,
            "relaxed": 0.0215082447976
        },
        "probability": 0.978491783142,
        "value": "not_relaxed"
    },
    "mood_sad": {
        "all": {
            "not_sad": 0.215872704983,
            "sad": 0.784127295017
        },
        "probability": 0.784127295017,
        "value": "sad"
    },
    "moods_mirex": {
        "all": {
            "Cluster1": 0.278371334076,
            "Cluster2": 0.293156862259,
            "Cluster3": 0.254311829805,
            "Cluster4": 0.070567637682,
            "Cluster5": 0.103592351079
        },
        "probability": 0.293156862259,
        "value": "Cluster2"
    },
    "timbre": {
        "all": {
            "bright": 0.60932725668,
            "dark": 0.390672773123
        },
        "probability": 0.60932725668,
        "value": "bright"
    },
    "tonal_atonal": {
        "all": {
            "atonal": 0.0101623246446,
            "tonal": 0.989837646484
        },
        "probability": 0.989837646484,
        "value": "tonal"
    },
    "voice_instrumental": {
        "all": {
            "instrumental": 0.00159879575949,
            "voice": 0.998401224613
        },
        "probability": 0.998401224613,
        "value": "voice"
    }
},
"lowlevel": {
    "average_loudness": 0.946269452572,
    "barkbands_crest": {
        "dmean": 2.07602119446,
        "dmean2": 3.37986946106,
        "dvar": 3.95920705795,
        "dvar2": 10.6042757034,
        "max": 19.7927780151,
        "mean": 8.03218078613,
        "median": 7.55433082581,
        "min": 2.67480349541,
        "var": 7.60259580612
    },
    "barkbands_flatness_db": {
        "dmean": 0.0155060989782,
        "dmean2": 0.0245362799615,
        "dvar": 0.000206726967008,
        "dvar2": 0.000528309203219,
        "max": 0.2619612813,
        "mean": 0.130694106221,
        "median": 0.130856245756,
        "min": 0.0618903040886,
        "var": 0.000772446161136
    },
    "barkbands_kurtosis": {
        "dmean": 1.53890514374,
        "dmean2": 2.46933531761,
        "dvar": 4.34197044373,
        "dvar2": 10.8558502197,
        "max": 24.5568828583,
        "mean": 2.15532326698,
        "median": 1.36992549896,
        "min": -1.86510193348,
        "var": 7.8789024353
    },
    "barkbands_skewness": {
        "dmean": 0.386343508959,
        "dmean2": 0.596873164177,
        "dvar": 0.162703409791,
        "dvar2": 0.400655508041,
        "max": 4.60609340668,
        "mean": 1.31242358685,
        "median": 1.2282948494,
        "min": -0.372631579638,
        "var": 0.45516076684
    },
    "barkbands_spread": {
        "dmean": 4.1858716011,
        "dmean2": 6.27307653427,
        "dvar": 28.0118942261,
        "dvar2": 55.8984146118,
        "max": 89.9875640869,
        "mean": 21.273651123,
        "median": 19.4274482727,
        "min": 4.06094169617,
        "var": 109.732154846
    },
    "dissonance": {
        "dmean": 0.0184944830835,
        "dmean2": 0.0315977223217,
        "dvar": 0.000263023684965,
        "dvar2": 0.000705869460944,
        "max": 0.499944657087,
        "mean": 0.461233526468,
        "median": 0.464870691299,
        "min": 0.362942427397,
        "var": 0.000571070879232
    },
    "dynamic_complexity": 2.28255367279,
    "erbbands_crest": {
        "dmean": 2.09004545212,
        "dmean2": 3.34216117859,
        "dvar": 3.96952056885,
        "dvar2": 10.4530324936,
        "max": 23.8419799805,
        "mean": 8.02492618561,
        "median": 7.20660209656,
        "min": 2.74968194962,
        "var": 11.0636796951
    },
    "erbbands_flatness_db": {
        "dmean": 0.0151991872117,
        "dmean2": 0.0205740295351,
        "dvar": 0.000209481542697,
        "dvar2": 0.000377065734938,
        "max": 0.251466214657,
        "mean": 0.148236840963,
        "median": 0.148777499795,
        "min": 0.0635351017118,
        "var": 0.00101603881922
    },
    "erbbands_kurtosis": {
        "dmean": 0.508604228497,
        "dmean2": 0.824048280716,
        "dvar": 0.40402764082,
        "dvar2": 1.04466152191,
        "max": 10.3382425308,
        "mean": -0.0236715655774,
        "median": -0.267881155014,
        "min": -1.69708049297,
        "var": 1.16831862926
    },
    "erbbands_skewness": {
        "dmean": 0.273678421974,
        "dmean2": 0.426371216774,
        "dvar": 0.0578691624105,
        "dvar2": 0.137032598257,
        "max": 2.44859361649,
        "mean": 0.370632410049,
        "median": 0.376478552818,
        "min": -1.80994367599,
        "var": 0.254673600197
    },
    "erbbands_spread": {
        "dmean": 6.00716686249,
        "dmean2": 9.05720233917,
        "dvar": 46.5292663574,
        "dvar2": 103.004516602,
        "max": 104.543800354,
        "mean": 36.0149497986,
        "median": 33.5147590637,
        "min": 8.50186252594,
        "var": 197.079864502
    },
    "hfc": {
        "dmean": 5.31307840347,
        "dmean2": 7.505402565,
        "dvar": 57.8989334106,
        "dvar2": 104.963691711,
        "max": 124.252655029,
        "mean": 22.416934967,
        "median": 18.1562137604,
        "min": 2.28340935707,
        "var": 257.16293335
    },
    "melbands_crest": {
        "dmean": 2.95542478561,
        "dmean2": 4.71380376816,
        "dvar": 8.62803649902,
        "dvar2": 21.5704917908,
        "max": 26.9055995941,
        "mean": 11.4040050507,
        "median": 10.4728965759,
        "min": 4.44531345367,
        "var": 16.5959663391
    },
    "melbands_flatness_db": {
        "dmean": 0.0195863749832,
        "dmean2": 0.0299059934914,
        "dvar": 0.000372336362489,
        "dvar2": 0.000933571835048,
        "max": 0.361520826817,
        "mean": 0.184899061918,
        "median": 0.185179412365,
        "min": 0.069885276258,
        "var": 0.00160515063908
    },
    "melbands_kurtosis": {
        "dmean": 3.63881444931,
        "dmean2": 5.81025505066,
        "dvar": 30.1651630402,
        "dvar2": 76.1109466553,
        "max": 60.7672805786,
        "mean": 7.36819934845,
        "median": 5.16589164734,
        "min": -1.29615426064,
        "var": 52.4937820435
    },
    "melbands_skewness": {
        "dmean": 0.510412633419,
        "dmean2": 0.79724752903,
        "dvar": 0.341876357794,
        "dvar2": 0.847181499004,
        "max": 6.58175611496,
        "mean": 2.11026334763,
        "median": 1.93959736824,
        "min": 0.103426679969,
        "var": 0.963863193989
    },
    "melbands_spread": {
        "dmean": 5.19790792465,
        "dmean2": 8.04400253296,
        "dvar": 43.6407279968,
        "dvar2": 98.5220336914,
        "max": 108.995285034,
        "mean": 22.0022525787,
        "median": 20.2086753845,
        "min": 3.99648046494,
        "var": 121.097663879
    },
    "pitch_salience": {
        "dmean": 0.0589919127524,
        "dmean2": 0.0973848477006,
        "dvar": 0.00256836321205,
        "dvar2": 0.00726198544726,
        "max": 0.79765111208,
        "mean": 0.574809908867,
        "median": 0.575647652149,
        "min": 0.261949628592,
        "var": 0.00613685976714
    },
    "silence_rate_20dB": {
        "dmean": 0,
        "dmean2": 0,
        "dvar": 0,
        "dvar2": 0,
        "max": 1,
        "mean": 1,
        "median": 1,
        "min": 1,
        "var": 0
    },
    "silence_rate_30dB": {
        "dmean": 0.0030959751457,
        "dmean2": 0.00619674660265,
        "dvar": 0.00308635388501,
        "dvar2": 0.00770748499781,
        "max": 1,
        "mean": 0.997679829597,
        "median": 1,
        "min": 0,
        "var": 0.00231480761431
    },
    "silence_rate_60dB": {
        "dmean": 0,
        "dmean2": 0,
        "dvar": 0,
        "dvar2": 0,
        "max": 0,
        "mean": 0,
        "median": 0,
        "min": 0,
        "var": 0
    },
    "spectral_centroid": {
        "dmean": 179.199249268,
        "dmean2": 276.486053467,
        "dvar": 41236.6484375,
        "dvar2": 92349.0078125,
        "max": 3590.46582031,
        "mean": 1182.59228516,
        "median": 1123.51000977,
        "min": 301.434753418,
        "var": 167035.375
    },
    "spectral_complexity": {
        "dmean": 3.17956662178,
        "dmean2": 4.94887685776,
        "dvar": 11.2898006439,
        "dvar2": 23.3436489105,
        "max": 47,
        "mean": 21.8948173523,
        "median": 21,
        "min": 7,
        "var": 42.2302513123
    },
    "spectral_decrease": {
        "dmean": 2.60645927064e-09,
        "dmean2": 4.09462197482e-09,
        "dvar": 1.74876089641e-17,
        "dvar2": 4.11388351486e-17,
        "max": -9.46351996767e-10,
        "mean": -8.13802358834e-09,
        "median": -6.62483845559e-09,
        "min": -3.903197765e-08,
        "var": 2.8318346291e-17
    },
    "spectral_energy": {
        "dmean": 0.010173519142,
        "dmean2": 0.0159348957241,
        "dvar": 0.000262127810856,
        "dvar2": 0.000612953095697,
        "max": 0.152340680361,
        "mean": 0.0327480658889,
        "median": 0.0271072797477,
        "min": 0.00377886346541,
        "var": 0.000442495016614
    },
    "spectral_energyband_high": {
        "dmean": 0.00035359148751,
        "dmean2": 0.000458366499515,
        "dvar": 7.02096656369e-07,
        "dvar2": 1.04676371393e-06,
        "max": 0.0131004741415,
        "mean": 0.000834300008137,
        "median": 0.000312980177114,
        "min": 9.77624767984e-06,
        "var": 2.62451999333e-06
    },
    "spectral_energyband_low": {
        "dmean": 0.00594225991517,
        "dmean2": 0.00948700774461,
        "dvar": 0.000118967975141,
        "dvar2": 0.000286276248517,
        "max": 0.0816464573145,
        "mean": 0.0105716176331,
        "median": 0.00781862158328,
        "min": 0.000109204578621,
        "var": 0.000132683329866
    },
    "spectral_energyband_middle_high": {
        "dmean": 0.00157889956608,
        "dmean2": 0.00243721483275,
        "dvar": 3.95870893044e-06,
        "dvar2": 9.71122790361e-06,
        "max": 0.0342564359307,
        "mean": 0.005825240165,
        "median": 0.00461941864341,
        "min": 0.000320258986903,
        "var": 1.8837481548e-05
    },
    "spectral_energyband_middle_low": {
        "dmean": 0.00646531768143,
        "dmean2": 0.0101567972451,
        "dvar": 0.000127898470964,
        "dvar2": 0.000311283656629,
        "max": 0.102977015078,
        "mean": 0.0179318096489,
        "median": 0.013070974499,
        "min": 0.00195649825037,
        "var": 0.000209566685953
    },
    "spectral_entropy": {
        "dmean": 0.127954185009,
        "dmean2": 0.179823115468,
        "dvar": 0.0157870277762,
        "dvar2": 0.0301870889962,
        "max": 8.55157566071,
        "mean": 7.52481508255,
        "median": 7.50415086746,
        "min": 6.32608222961,
        "var": 0.0972005352378
    },
    "spectral_flux": {
        "dmean": 0.0248739719391,
        "dmean2": 0.0396227613091,
        "dvar": 0.0011524958536,
        "dvar2": 0.00260592717677,
        "max": 0.316552877426,
        "mean": 0.0852808132768,
        "median": 0.075511187315,
        "min": 0.0133038759232,
        "var": 0.00223177461885
    },
    "spectral_kurtosis": {
        "dmean": 1.3846975565,
        "dmean2": 2.26465654373,
        "dvar": 1.81879138947,
        "dvar2": 4.74472665787,
        "max": 18.8458786011,
        "mean": 4.87467718124,
        "median": 4.53862285614,
        "min": -0.647639989853,
        "var": 6.39501333237
    },
    "spectral_rms": {
        "dmean": 0.000793657149188,
        "dmean2": 0.00121018185746,
        "dvar": 1.15695797831e-06,
        "dvar2": 2.50937728197e-06,
        "max": 0.0121911875904,
        "mean": 0.00540175521746,
        "median": 0.00514257978648,
        "min": 0.00192007713486,
        "var": 2.77036997431e-06
    },
    "spectral_rolloff": {
        "dmean": 353.014190674,
        "dmean2": 573.924743652,
        "dvar": 475734.75,
        "dvar2": 911175.3125,
        "max": 10077.5390625,
        "mean": 1264.52807617,
        "median": 1098.19335938,
        "min": 107.666015625,
        "var": 1138256.5
    },
    "spectral_skewness": {
        "dmean": 0.184494972229,
        "dmean2": 0.287275731564,
        "dvar": 0.0281901787966,
        "dvar2": 0.0623017139733,
        "max": 3.27033543587,
        "mean": 1.66526377201,
        "median": 1.65920495987,
        "min": 0.234584227204,
        "var": 0.181983008981
    },
    "spectral_spread": {
        "dmean": 481583.5625,
        "dmean2": 663214.375,
        "dvar": 315244478464,
        "dvar2": 576610238464,
        "max": 11443255,
        "mean": 4297955.5,
        "median": 4019403.75,
        "min": 2403472.75,
        "var": 1.3712523264e+12
    },
    "spectral_strongpeak": {
        "dmean": 0.509150624275,
        "dmean2": 0.87118935585,
        "dvar": 0.488745957613,
        "dvar2": 1.20239806175,
        "max": 6.35850811005,
        "mean": 0.939940154552,
        "median": 0.494341403246,
        "min": 0,
        "var": 0.932042717934
    },
    "zerocrossingrate": {
        "dmean": 0.00787825882435,
        "dmean2": 0.00912719033659,
        "dvar": 9.75014772848e-05,
        "dvar2": 0.000108561645902,
        "max": 0.23095703125,
        "mean": 0.055655375123,
        "median": 0.05126953125,
        "min": 0.01171875,
        "var": 0.000635154370684
    },
    "barkbands": {
        "dmean": [0.000406580860727, 0.00309421517886, 0.00165704800747, 0.00346638774499, 0.00158286851365, 0.00122145866044, 0.00169596401975, 0.00107482855674, 0.00110115425196, 0.000455001660157, 0.000355739262886, 0.000575266545638, 0.00036271935096, 0.00051733123837, 0.000298820552416, 0.000170017359778, 0.00015153476852, 0.000126372513478, 8.64573958097e-05, 8.09601988294e-05, 0.000100241173641, 8.65124166012e-05, 9.01292951312e-05, 6.68756620144e-05, 4.17201372329e-05, 2.09420686588e-05, 1.63001185882e-08],
        "dmean2": [0.000658108096104, 0.00502332020551, 0.00282732699998, 0.0058050500229, 0.00263673975132, 0.00198545330204, 0.00267966324463, 0.00159986165818, 0.00167202169541, 0.00070919789141, 0.00054976780666, 0.00096085871337, 0.000600409461185, 0.000852381112054, 0.000499257526826, 0.000272152567049, 0.000244226597715, 0.000199682996026, 0.000137377515784, 0.000123617050122, 0.000159612449352, 0.000119732918392, 0.000116035735118, 9.59589888225e-05, 5.80738924327e-05, 3.12447955366e-05, 3.05435641224e-08],
        "dvar": [7.77154525622e-07, 4.08881496696e-05, 1.07040777948e-05, 7.97242901172e-05, 6.06494404565e-06, 3.92703441321e-06, 1.40725751407e-05, 4.82226914755e-06, 2.84817633656e-06, 8.68368260853e-07, 2.92333425023e-07, 1.40890870171e-06, 4.18421365111e-07, 7.63634773193e-07, 1.34680803399e-07, 5.60397985794e-08, 3.63140664206e-08, 4.34063167631e-08, 1.14688925024e-08, 3.59235059477e-08, 5.24646992517e-08, 5.12453581791e-08, 8.30761450743e-08, 5.78048542366e-08, 7.18385795295e-09, 1.56547463881e-09, 1.43390209645e-14],
        "dvar2": [1.81290772616e-06, 0.000101184145024, 2.8895388823e-05, 0.000206131517189, 1.69925260707e-05, 9.57381325861e-06, 3.65675114153e-05, 1.11734625534e-05, 6.81465098751e-06, 2.15822274185e-06, 7.39640370284e-07, 3.65101163879e-06, 1.13014812086e-06, 2.16429043576e-06, 3.6005994275e-07, 1.36449557431e-07, 9.84336878673e-08, 1.11017676829e-07, 2.77971956564e-08, 8.04104374197e-08, 1.2827716489e-07, 8.08122919693e-08, 1.21525729924e-07, 1.21794599295e-07, 1.32996067492e-08, 3.66679775432e-09, 4.17033452855e-14],
        "max": [0.00881655327976, 0.0593225583434, 0.0327673181891, 0.0791991278529, 0.020912675187, 0.0348957963288, 0.0436390601099, 0.0413736104965, 0.0176653247327, 0.0126102250069, 0.00879550538957, 0.0189353134483, 0.0120148612186, 0.0100214127451, 0.00518175400794, 0.00399533146992, 0.00257543101907, 0.00358871161006, 0.0010991942836, 0.00506572099403, 0.00356185762212, 0.0044605829753, 0.0068677989766, 0.00523884547874, 0.00127343425993, 0.000446281395853, 2.73523301075e-06],
        "mean": [0.000523028546013, 0.00565729290247, 0.00205459631979, 0.00427182111889, 0.00283473776653, 0.00233406294137, 0.00352773047052, 0.00229252618738, 0.0025319121778, 0.000789287267253, 0.000700960925315, 0.000995785812847, 0.000655115931295, 0.000879598490428, 0.000589933188166, 0.000327816727804, 0.00031473801937, 0.000359283556463, 0.000199390837224, 0.000160067414981, 0.000201668488444, 0.000163313874509, 0.000165135017596, 0.000117851959658, 7.1508657129e-05, 2.89072959276e-05, 9.70373825737e-09],
        "median": [0.00010676675447, 0.00428750738502, 0.00107708014548, 0.00195690849796, 0.00201807077974, 0.00148441595957, 0.00156136509031, 0.000825231545605, 0.00129543803632, 0.00029603895382, 0.00042365011177, 0.000385779072531, 0.000349994807038, 0.000508565921336, 0.0004304475151, 0.000231514350162, 0.000218423214392, 0.000143594254041, 0.000148900988279, 7.65407748986e-05, 0.00010338442371, 4.42560813099e-05, 3.63859689969e-05, 3.62621576642e-05, 2.52624449786e-05, 1.00197230495e-05, 5.38711186771e-10],
        "min": [7.16819315016e-08, 3.20477238347e-06, 1.39249468702e-05, 1.89134261745e-05, 5.2264353144e-05, 0.000106320832856, 1.46209040395e-05, 9.77891068032e-06, 1.18089237731e-05, 7.73022838985e-06, 7.27534916223e-06, 4.47356660516e-06, 1.49510251504e-05, 1.24891312225e-05, 1.08132417154e-05, 8.18407988845e-06, 6.43356906949e-06, 2.94001756629e-06, 6.88455384079e-06, 3.18177603731e-06, 2.18130185203e-06, 6.05105640261e-07, 4.7467167974e-07, 2.27170559697e-07, 6.18846343059e-08, 2.756634504e-11, 8.46076680938e-12],
        "var": [1.00444253803e-06, 4.68669095426e-05, 9.47146872932e-06, 6.89609805704e-05, 7.20159823686e-06, 7.32457419872e-06, 2.64734535449e-05, 1.48479421114e-05, 8.48445051815e-06, 1.79237781595e-06, 6.86433281771e-07, 3.20023514178e-06, 7.64433252698e-07, 1.25398048567e-06, 3.3126630683e-07, 1.00091661182e-07, 8.27638615419e-08, 2.43917469334e-07, 2.65934527732e-08, 6.79830804984e-08, 9.59449266702e-08, 1.36189584055e-07, 2.92210160069e-07, 1.0726510169e-07, 1.86498940735e-08, 2.40708541988e-09, 7.82708672317e-15]
    },
    "erbbands": {
        "dmean": [0.114272996783, 0.66242825985, 1.7426404953, 7.3536734581, 8.46398925781, 5.03000116348, 6.35778474808, 11.1260147095, 13.2306928635, 34.6336669922, 25.272064209, 20.4230537415, 18.7703208923, 13.2903804779, 10.6115245819, 21.2329216003, 17.5049381256, 22.3741989136, 16.8252353668, 16.7636528015, 9.70017051697, 8.82073402405, 6.75323104858, 4.91279554367, 3.65808486938, 3.91462898254, 4.38814783096, 3.40206933022, 3.10148501396, 3.02161598206, 2.61711406708, 1.80574548244, 0.84522998333, 0.454892754555, 0.329318404198, 0.0987540632486, 0.0445964671671, 0.0039081601426, 7.37929512979e-05, 1.40936263051e-05],
        "dmean2": [0.181371182203, 1.12212598324, 2.98595094681, 12.1675949097, 14.6116456985, 8.11574554443, 10.4812335968, 17.782125473, 21.2082633972, 53.6085281372, 37.4679946899, 31.1455020905, 28.6594543457, 20.8374996185, 16.204662323, 35.5889167786, 28.9107379913, 36.7439651489, 27.380607605, 28.5098285675, 15.656208992, 14.2686004639, 10.6040353775, 7.79813814163, 5.687707901, 6.00608968735, 6.72369718552, 5.36671257019, 4.35427379608, 4.05225419998, 3.4960873127, 2.60626363754, 1.21137237549, 0.642017245293, 0.475059747696, 0.148213788867, 0.0664781033993, 0.00606494676322, 0.000110605004011, 2.12021659536e-05],
        "dvar": [0.0610738061368, 2.05858159065, 12.1122846603, 363.232055664, 329.298614502, 47.7524490356, 82.5105895996, 416.17880249, 652.012207031, 5477.06640625, 2443.26293945, 985.433410645, 986.362731934, 465.931610107, 162.910446167, 2226.21606445, 835.942504883, 1427.73388672, 772.43157959, 527.235961914, 231.752655029, 137.208602905, 148.730377197, 40.2551116943, 24.4868755341, 91.6312561035, 99.4043731689, 70.4073638916, 62.0921287537, 72.4573135376, 80.4654922485, 39.2019119263, 10.148522377, 1.07432603836, 0.443742960691, 0.0355941057205, 0.0075797685422, 5.1850482123e-05, 1.73483645227e-08, 4.79309980594e-10],
        "dvar2": [0.13227212429, 5.70113992691, 32.9094429016, 916.801818848, 919.376464844, 115.066673279, 221.689163208, 971.292724609, 1649.92907715, 14154.4521484, 5733.86425781, 2407.34204102, 2334.94824219, 1173.7689209, 409.854766846, 5863.1171875, 2181.29296875, 4000.12695312, 2047.11889648, 1520.9465332, 571.363769531, 369.091339111, 371.411712646, 96.7943191528, 59.5112075806, 200.540237427, 230.713165283, 167.79397583, 104.446502686, 118.521110535, 131.916702271, 76.9720687866, 22.7099647522, 1.85091805458, 0.891125261784, 0.078252851963, 0.0177140198648, 0.000125739723444, 4.06105868933e-08, 1.07220332612e-09],
        "max": [2.83534812927, 13.7438573837, 32.3269004822, 186.039764404, 173.357467651, 71.1788711548, 115.350517273, 397.356018066, 359.725616455, 894.37298584, 944.086853027, 372.257385254, 531.484802246, 325.039001465, 151.102539062, 812.655944824, 408.063812256, 554.287597656, 390.534484863, 257.229309082, 265.050079346, 174.826705933, 251.157470703, 81.1593017578, 58.1600952148, 253.477935791, 205.298416138, 134.966079712, 150.816268921, 163.874771118, 231.118209839, 117.495597839, 74.9101867676, 18.6872329712, 9.38796615601, 2.60772180557, 0.885141789913, 0.0618901662529, 0.00117776170373, 0.000223053561058],
        "mean": [0.175515785813, 1.17951214314, 2.49041509628, 9.48775100708, 11.3216123581, 9.14216899872, 12.3219690323, 21.3506679535, 27.1837444305, 75.7065811157, 54.5848846436, 49.3646621704, 38.8423576355, 26.3672657013, 24.2714691162, 38.3432731628, 34.4491958618, 40.8400535583, 33.4077377319, 31.2256984711, 20.003660202, 19.4335212708, 19.2628326416, 13.4917478561, 8.52355194092, 7.8568239212, 8.93142223358, 6.67092657089, 5.8422665596, 5.36998987198, 4.68004608154, 3.28497719765, 1.41714525223, 0.797613859177, 0.517588019371, 0.149152472615, 0.0587265640497, 0.00441380450502, 0.000105062383227, 4.38749848399e-05],
        "median": [0.0752080902457, 1.00343668461, 1.62852084637, 4.63272953033, 6.31175756454, 6.63633203506, 9.05261325836, 12.5510625839, 16.1681938171, 34.1204566956, 26.2436714172, 28.6370506287, 18.0208282471, 15.1308069229, 17.2144393921, 15.4399461746, 19.1874256134, 23.190568924, 19.9856967926, 23.0548801422, 14.3952035904, 13.6476078033, 8.50427436829, 9.59715843201, 6.28832244873, 3.74409914017, 4.63770627975, 2.76159453392, 1.65095794201, 1.14464402199, 1.05541229248, 0.955520093441, 0.424449563026, 0.240305587649, 0.18527777493, 0.0579846613109, 0.018281403929, 0.000973396003246, 4.27139530075e-05, 3.70393681806e-05],
        "min": [8.4408588009e-05, 0.00130077975336, 0.0279137548059, 0.0867884531617, 0.23079188168, 0.254176408052, 0.371384263039, 1.0330914259, 0.61872535944, 0.539489626884, 0.622594714165, 0.434701383114, 0.464295774698, 0.437618732452, 0.369013190269, 0.275212347507, 0.725173473358, 0.619041919708, 0.93783980608, 0.521680355072, 0.524722874165, 0.426520317793, 0.338736057281, 0.557689428329, 0.226429328322, 0.130409821868, 0.0863990932703, 0.0881010219455, 0.0292207859457, 0.0328369550407, 0.0116125103086, 0.00620399368927, 0.00191603810526, 0.00117894238792, 0.000510612269863, 3.48626090272e-05, 4.35235915575e-06, 1.13900591714e-06, 2.07461152968e-06, 4.36123309555e-06],
        "var": [0.0859605595469, 1.75352668762, 10.3175458908, 329.621551514, 283.690368652, 73.8562774658, 139.146026611, 743.003601074, 1170.52734375, 11771.7646484, 6405.37060547, 3332.76831055, 2807.31762695, 1088.76464844, 472.727508545, 4869.23193359, 1818.72290039, 2535.64599609, 1648.02514648, 888.379943848, 403.651641846, 321.760437012, 686.240234375, 133.955200195, 57.4668769836, 173.006286621, 175.956115723, 145.489013672, 161.369735718, 215.817306519, 251.841567993, 84.3868865967, 17.3184757233, 3.05494379997, 0.899631679058, 0.0690973997116, 0.0102307675406, 6.19675338385e-05, 2.37239348166e-08, 8.79476547144e-10]
    },
    "gfcc": {
        "mean": [30.3547916412, 104.999229431, -120.292160034, 29.424703598, -60.3029670715, 17.3070220947, -41.4699249268, 12.7709770203, -21.2028903961, 8.18388652802, -17.9474430084, -2.34855270386, -13.1469917297],
        "cov": [[1623.93579102, -605.396606445, 241.393112183, -96.9445800781, -144.929641724, 151.751907349, -22.0720863342, 102.737289429, -42.5761680603, 22.8780288696, -82.289024353, 69.386138916, -251.030426025], [-605.396606445, 610.014648438, -155.561477661, -53.6518783569, 159.260055542, -77.3577346802, 80.702583313, 8.70944499969, 52.2975997925, -50.4137191772, 98.4025039673, -39.8010864258, 83.1891555786], [241.393112183, -155.561477661, 437.144439697, 53.9029960632, 54.3258934021, 54.1790962219, -7.81223106384, 28.5340976715, -31.9268512726, 55.0669136047, -53.9524841309, 66.670249939, -55.6223983765], [-96.9445800781, -53.6518783569, 53.9029960632, 263.606750488, 15.3762512207, 32.2857093811, 10.8064908981, -57.8046226501, 11.6621055603, 24.033706665, -29.4401340485, -18.6429901123, 94.8307723999], [-144.929641724, 159.260055542, 54.3258934021, 15.3762512207, 202.979797363, 18.9431438446, 36.547039032, 44.7944831848, 18.3449897766, 18.5612812042, 3.50101065636, 29.7194633484, 32.3507575989], [151.751907349, -77.3577346802, 54.1790962219, 32.2857093811, 18.9431438446, 101.323677063, 33.3726501465, 19.1037921906, 6.82987880707, 12.4051618576, 1.3210426569, 14.1013793945, -1.55717360973], [-22.0720863342, 80.702583313, -7.81223106384, 10.8064908981, 36.547039032, 33.3726501465, 104.819450378, 37.6795654297, 18.7791805267, 10.4010772705, 22.5756225586, 10.8555612564, 7.40285778046], [102.737289429, 8.70944499969, 28.5340976715, -57.8046226501, 44.7944831848, 19.1037921906, 37.6795654297, 104.973648071, 25.1594085693, 2.34574794769, 13.3111305237, 23.716884613, -33.6429519653], [-42.5761680603, 52.2975997925, -31.9268512726, 11.6621055603, 18.3449897766, 6.82987880707, 18.7791805267, 25.1594085693, 65.6193389893, 15.117316246, 16.988904953, -6.76037502289, 15.7792835236], [22.8780288696, -50.4137191772, 55.0669136047, 24.033706665, 18.5612812042, 12.4051618576, 10.4010772705, 2.34574794769, 15.117316246, 80.7685928345, 2.93726325035, 21.8677959442, 8.52672863007], [-82.289024353, 98.4025039673, -53.9524841309, -29.4401340485, 3.50101065636, 1.3210426569, 22.5756225586, 13.3111305237, 16.988904953, 2.93726325035, 84.3633041382, 9.9335975647, -6.37227535248], [69.386138916, -39.8010864258, 66.670249939, -18.6429901123, 29.7194633484, 14.1013793945, 10.8555612564, 23.716884613, -6.76037502289, 21.8677959442, 9.9335975647, 67.8349990845, -5.77324962616], [-251.030426025, 83.1891555786, -55.6223983765, 94.8307723999, 32.3507575989, -1.55717360973, 7.40285778046, -33.6429519653, 15.7792835236, 8.52672863007, -6.37227535248, -5.77324962616, 132.865280151]],
        "icov": [[0.00157067412511, 0.000331671093591, 0.000265118520474, -0.000283844099613, 0.000939298362937, -0.00204179948196, 0.000462132797111, -0.00106761604548, 4.1507431888e-05, -0.000227119933697, 0.00160815648269, -0.00137930701021, 0.00255160778761], [0.000331671093591, 0.0105725619942, -0.00256329891272, 0.00513273011893, -0.00865881238133, 0.0088309654966, -0.00862448569387, 0.00574513524771, -0.00501271011308, 0.00786716304719, -0.0110759297386, 0.00914558209479, -0.00662584090605], [0.000265118520474, -0.00256329891272, 0.00513765960932, -0.00326693640091, 0.00145596766379, -0.00379714532755, 0.00332351680845, -0.0026669271756, 0.00296350987628, -0.00400657299906, 0.00556406425312, -0.00595211796463, 0.00524229370058], [-0.000283844099613, 0.00513273011893, -0.00326693640091, 0.00996432173997, -0.00439522182569, 0.00312862754799, -0.00581287359819, 0.00669017108157, -0.0042447517626, 0.00348180672154, -0.0050601977855, 0.00756950350478, -0.00873790495098], [0.000939298362937, -0.00865881238133, 0.00145596766379, -0.00439522182569, 0.0145788015798, -0.0088120168075, 0.00653682556003, -0.00826053507626, 0.00380156678148, -0.00687937997282, 0.0105122448877, -0.00991950836033, 0.00489693833515], [-0.00204179948196, 0.0088309654966, -0.00379714532755, 0.00312862754799, -0.0088120168075, 0.0233610291034, -0.0116425622255, 0.00541155599058, -0.00491802254692, 0.007390873041, -0.0123657369986, 0.00902109593153, -0.00886253546923], [0.000462132797111, -0.00862448569387, 0.00332351680845, -0.00581287359819, 0.00653682556003, -0.0116425622255, 0.020921010524, -0.00995518825948, 0.00454261479899, -0.0077076391317, 0.00730079365894, -0.00829982385039, 0.00634344713762], [-0.00106761604548, 0.00574513524771, -0.0026669271756, 0.00669017108157, -0.00826053507626, 0.00541155599058, -0.00995518825948, 0.022543521598, -0.0110239740461, 0.00732654472813, -0.00625316658989, 0.00236834725365, -0.00252600363456], [4.1507431888e-05, -0.00501271011308, 0.00296350987628, -0.0042447517626, 0.00380156678148, -0.00491802254692, 0.00454261479899, -0.0110239740461, 0.0252887681127, -0.00942634325475, 0.00197660457343, 0.000792215636466, 0.00119030801579], [-0.000227119933697, 0.00786716304719, -0.00400657299906, 0.00348180672154, -0.00687937997282, 0.007390873041, -0.0077076391317, 0.00732654472813, -0.00942634325475, 0.0223218407482, -0.0093160988763, 0.00260067102499, -0.00611784262583], [0.00160815648269, -0.0110759297386, 0.00556406425312, -0.0050601977855, 0.0105122448877, -0.0123657369986, 0.00730079365894, -0.00625316658989, 0.00197660457343, -0.0093160988763, 0.0296777728945, -0.0161182843149, 0.0123056415468], [-0.00137930701021, 0.00914558209479, -0.00595211796463, 0.00756950350478, -0.00991950836033, 0.00902109593153, -0.00829982385039, 0.00236834725365, 0.000792215636466, 0.00260067102499, -0.0161182843149, 0.0329783260822, -0.0122445570305], [0.00255160778761, -0.00662584090605, 0.00524229370058, -0.00873790495098, 0.00489693833515, -0.00886253546923, 0.00634344713762, -0.00252600363456, 0.00119030801579, -0.00611784262583, 0.0123056415468, -0.0122445570305, 0.0229471959174]]
    },
    "melbands": {
        "dmean": [0.000898720230907, 0.000863798195496, 0.00132212880999, 0.000418356794398, 0.000212117563933, 0.000243494840106, 0.000243467191467, 0.000348991306964, 0.000215698222746, 0.000134062516736, 9.82734782156e-05, 5.73389188503e-05, 4.28030798503e-05, 4.61117815576e-05, 6.49278663332e-05, 4.04291713494e-05, 4.45812947873e-05, 3.4568936826e-05, 2.12230588659e-05, 1.63159493241e-05, 1.2134147255e-05, 1.02349240478e-05, 7.38861672289e-06, 6.65897596264e-06, 4.21315826316e-06, 3.47366335518e-06, 2.6001405331e-06, 2.7814483019e-06, 3.09548477162e-06, 2.63497099695e-06, 1.8494907863e-06, 1.94249423657e-06, 1.74644105755e-06, 1.75945251613e-06, 1.69478664702e-06, 1.29766431201e-06, 1.11401016056e-06, 6.88415696004e-07, 4.17660061203e-07, 4.12559330698e-07],
        "dmean2": [0.00144585873932, 0.00148318393622, 0.00220607221127, 0.000710366060957, 0.000345993874362, 0.000390776171116, 0.000389463297324, 0.000533304933924, 0.000324287859257, 0.000204886993743, 0.00014987643226, 8.93792675924e-05, 6.56403935864e-05, 7.47900849092e-05, 0.000110791712359, 6.69833825668e-05, 7.43488417356e-05, 5.66247290408e-05, 3.55003758159e-05, 2.75251259154e-05, 1.97213794308e-05, 1.66701865965e-05, 1.20176500786e-05, 1.03879528979e-05, 6.76914396536e-06, 5.50415916223e-06, 4.11753762819e-06, 4.28087560067e-06, 4.8637684813e-06, 4.36407026427e-06, 2.89845161205e-06, 2.93078483082e-06, 2.45122305387e-06, 2.38331676883e-06, 2.39878795583e-06, 1.80843653652e-06, 1.6506933207e-06, 1.01131183783e-06, 6.11970847331e-07, 6.04357921929e-07],
        "dvar": [3.52758388544e-06, 3.19495302392e-06, 1.06780298665e-05, 5.51619791622e-07, 7.33747427262e-08, 1.78213667823e-07, 2.49972401889e-07, 4.79372374684e-07, 1.54853253775e-07, 4.08177278644e-08, 2.7301327421e-08, 9.01979291257e-09, 3.20757420624e-09, 6.50002762725e-09, 2.29346781566e-08, 6.09013017794e-09, 6.81504941369e-09, 3.8151219961e-09, 7.397928381e-10, 4.8930315355e-10, 3.8450001516e-10, 1.92754825989e-10, 1.29325064546e-10, 1.21505028261e-10, 2.99356095468e-11, 1.82040701957e-11, 1.83654254998e-11, 5.41146814859e-11, 5.1578741278e-11, 4.65970283192e-11, 2.36864781261e-11, 2.55659295817e-11, 1.95463419755e-11, 2.6726039784e-11, 3.97772891014e-11, 1.80441772635e-11, 1.54677694264e-11, 7.23432728653e-12, 1.23767435103e-12, 9.35431745085e-13],
        "dvar2": [8.04539376986e-06, 8.78532591742e-06, 2.77749040833e-05, 1.52797440478e-06, 1.88644719401e-07, 4.15307908952e-07, 6.45448494652e-07, 1.23947586417e-06, 3.62711119806e-07, 1.00683166693e-07, 6.51308766919e-08, 2.24490310785e-08, 7.94061261189e-09, 1.68666947076e-08, 5.73353524658e-08, 1.70790936949e-08, 1.93196374454e-08, 1.01724149104e-08, 2.08663508694e-09, 1.3827012868e-09, 9.58957024899e-10, 5.31476085364e-10, 3.43836403793e-10, 2.95117125182e-10, 7.26441476417e-11, 4.58019074057e-11, 4.28058283264e-11, 1.19568216439e-10, 1.2087318646e-10, 1.1512682474e-10, 5.66721287953e-11, 5.02284429327e-11, 3.1401808237e-11, 4.49737261321e-11, 7.78768993737e-11, 3.21539427028e-11, 3.31275007426e-11, 1.64680283299e-11, 2.67949855012e-12, 1.79558462283e-12],
        "max": [0.0198097284883, 0.0181712526828, 0.0279116313905, 0.00682417629287, 0.00313773169182, 0.00812111329287, 0.00699605839327, 0.00800371728837, 0.00628566043451, 0.00257892045192, 0.00264363829046, 0.00121486280113, 0.000657297146972, 0.0009874869138, 0.00215271743946, 0.00156633590814, 0.00118650007062, 0.000797408923972, 0.000365478656022, 0.000247995893005, 0.000346442771843, 0.000197942004888, 0.000181376482942, 0.000220869493205, 7.19506060705e-05, 4.52260464954e-05, 6.90513988957e-05, 0.000194039617782, 0.000165231132996, 0.000126961153001, 8.69776340551e-05, 8.68634015205e-05, 8.27960466268e-05, 0.000102965299448, 0.000160141018569, 8.22928195703e-05, 7.66457305872e-05, 6.32596711512e-05, 1.8062950403e-05, 1.57229696924e-05],
        "mean": [0.00156940426677, 0.00142842927016, 0.0017216122942, 0.000689136155415, 0.00043088226812, 0.000471068051411, 0.000504928117152, 0.000775858934503, 0.000436730013462, 0.000313236902002, 0.000194690946955, 0.000108920008643, 9.32984257815e-05, 8.02707509138e-05, 0.000111007961095, 7.15873902664e-05, 7.56943190936e-05, 6.04520864727e-05, 3.89708657167e-05, 3.07263944705e-05, 2.17680426431e-05, 2.01300481422e-05, 1.72218969965e-05, 1.74277065526e-05, 1.016065562e-05, 7.55689461585e-06, 5.07239747094e-06, 4.99449424751e-06, 6.01320834903e-06, 4.67784730063e-06, 3.40192900694e-06, 3.37926144311e-06, 3.04171726384e-06, 2.96428561342e-06, 2.81904294752e-06, 2.29142779062e-06, 1.92366769625e-06, 1.08774167984e-06, 6.49735341085e-07, 6.70991994411e-07],
        "median": [0.00101386778988, 0.00113063887693, 0.000897879595868, 0.000468427460873, 0.000330494513037, 0.000291086296784, 0.000272473553196, 0.000350071350113, 0.000199868693016, 0.000166885351064, 8.19098422653e-05, 5.75987214688e-05, 6.26316250418e-05, 3.21937513945e-05, 4.45018595201e-05, 3.80881720048e-05, 4.07484403695e-05, 3.00432657241e-05, 3.01222589769e-05, 2.26416268561e-05, 1.45878148032e-05, 1.35651171149e-05, 8.86182533577e-06, 6.51311756883e-06, 7.46325031287e-06, 5.6462822613e-06, 3.02375383399e-06, 2.06371419154e-06, 3.14358453579e-06, 2.04762204703e-06, 1.30644650653e-06, 9.65699427979e-07, 7.28245026949e-07, 5.82579616548e-07, 5.51350694877e-07, 5.83341773108e-07, 5.6208159549e-07, 2.96156201784e-07, 1.9029587861e-07, 1.95320396301e-07],
        "min": [1.06043614778e-06, 9.7245665529e-06, 2.06905879168e-05, 2.07113716897e-05, 1.20454860735e-05, 1.76491721504e-05, 7.68840163801e-06, 1.31672163661e-06, 2.35363813772e-06, 1.628819291e-06, 1.30601722503e-06, 1.41224631989e-06, 9.73840087681e-07, 4.25661710324e-07, 7.30399960958e-07, 9.95836785478e-07, 1.01175146483e-06, 7.64591050029e-07, 6.98535984611e-07, 5.39572567959e-07, 5.16229818004e-07, 4.09916168564e-07, 3.38153313351e-07, 1.56332532697e-07, 3.68376447568e-07, 2.60423661302e-07, 8.3598891365e-08, 9.04723904682e-08, 4.56766073853e-08, 5.27229602199e-08, 1.64320645979e-08, 1.94781932805e-08, 9.58048484989e-09, 1.23104504368e-08, 7.1635901655e-09, 4.21583035148e-09, 1.54878354586e-09, 1.63504743078e-09, 7.60719209847e-10, 5.87683374187e-11],
