{
"highlevel": {
    "danceability": {
        "all": {
            "danceable": 4.5245596425e-07,
            "not_danceable": 0.999999523163
        },
        "probability": 0.999999523163,
        "value": "not_danceable"
    },
    "gender": {
        "all": {
            "female": 0.397077262402,
            "male": 0.602922737598
        },
        "probability": 0.602922737598,
        "value": "male"
    },
    "genre_dortmund": {
        "all": {
            "alternative": 0.205539792776,
            "blues": 0.0443106405437,
            "electronic": 0.0191453304142,
            "folkcountry": 0.0361001752317,
            "funksoulrnb": 0.0199810750782,
            "jazz": 0.014344307594,
            "pop": 0.0514721423388,
            "raphiphop": 0.00241636787541,
            "rock": 0.606690168381
        },
        "probability": 0.606690168381,
        "value": "rock"
    },
    "genre_electronic": {
        "all": {
            "ambient": 0.189266994596,
            "dnb": 0.685000181198,
            "house": 0.0060256565921,
            "techno": 0.00542430672795,
            "trance": 0.11428283155
        },
        "probability": 0.685000181198,
        "value": "dnb"
    },
    "genre_rosamerica": {
        "all": {
            "cla": 0.00315675442107,
            "dan": 0.000977536896244,
            "hip": 0.00182789738756,
            "jaz": 0.00155048875604,
            "pop": 0.0122712990269,
            "rhy": 0.00384215009399,
            "roc": 0.976240575314,
            "spe": 0.000133284323965
        },
        "probability": 0.976240575314,
        "value": "roc"
    },
    "genre_tzanetakis": {
        "all": {
            "blu": 0.0626541376114,
            "cla": 0.0348133966327,
            "cou": 0.0783501937985,
            "dis": 0.104547761381,
            "hip": 0.15693578124,
            "jaz": 0.313987255096,
            "met": 0.044816005975,
            "pop": 0.0627349764109,
            "reg": 0.0627352520823,
            "roc": 0.0784252434969
        },
        "probability": 0.313987255096,
        "value": "jaz"
    },
    "ismir04_rhythm": {
        "all": {
            "ChaChaCha": 0.0217604730278,
            "Jive": 0.663878619671,
            "Quickstep": 0.0117879267782,
            "Rumba-American": 0.00180204317439,
            "Rumba-International": 0.0093044070527,
            "Rumba-Misc": 0.00136438582558,
            "Samba": 0.0532418452203,
            "Tango": 0.00239373208024,
            "VienneseWaltz": 0.232554346323,
            "Waltz": 0.0019122333033
        },
        "probability": 0.663878619671,
        "value": "Jive"
    },
    "mood_acoustic": {
        "all": {
            "acoustic": 1.59597329912e-05,
            "not_acoustic": 0.999984025955
        },
        "probability": 0.999984025955,
        "value": "not_acoustic"
    },
    "mood_aggressive": {
        "all": {
            "aggressive": 0.989862024784,
            "not_aggressive": 0.0101380003616
        },
        "probability": 0.989862024784,
        "value": "aggressive"
    },
    "mood_electronic": {
        "all": {
            "electronic": 0.108655385673,
            "not_electronic": 0.891344606876
        },
        "probability": 0.891344606876,
        "value": "not_electronic"
    },
    "mood_happy": {
        "all": {
            "happy": 0.904155552387,
            "not_happy": 0.0958444625139
        },
        "probability": 0.904155552387,
        "value": "happy"
    },
    "mood_party": {
        "all": {
            "not_party": 0.197106420994,
            "party": 0.802893579006
        },
        "probability": 0.802893579006,
        "value": "party"
    },
    "mood_relaxed": {
        "all": {
            "not_relaxed": 0.955999195576,
            "relaxed": 0.0440007932484
        },
        "probability": 0.955999195576,
        "value": "not_relaxed"
    },
    "mood_sad": {
        "all": {
            "not_sad": 0.880190432072,
            "sad": 0.119809582829
        },
        "probability": 0.880190432072,
        "value": "not_sad"
    },
    "moods_mirex": {
        "all": {
            "Cluster1": 0.3764539361,
            "Cluster2": 0.127880752087,
            "Cluster3": 0.107203505933,
            "Cluster4": 0.136981323361,
            "Cluster5": 0.251480460167
        },
        "probability": 0.3764539361,
        "value": "Cluster1"
    },
    "timbre": {
        "all": {
            "bright": 0.72881424427,
            "dark": 0.27118575573
        },
        "probability": 0.72881424427,
        "value": "bright"
    },
    "tonal_atonal": {
        "all": {
            "atonal": 0.151916846633,
            "tonal": 0.848083138466
        },
        "probability": 0.848083138466,
        "value": "tonal"
    },
    "voice_instrumental": {
        "all": {
            "instrumental": 0.0172114670277,
            "voice": 0.98278850317
        },
        "probability": 0.98278850317,
        "value": "voice"
    }
},
"lowlevel": {
    "average_loudness": 0.973178207874,
    "barkbands_crest": {
        "dmean": 2.22453951836,
        "dmean2": 3.75491762161,
        "dvar": 3.93403673172,
        "dvar2": 11.0261411667,
        "max": 19.1686573029,
        "mean": 7.30379486084,
        "median": 6.80535364151,
        "min": 2.26016664505,
        "var": 7.79304027557
    },
    "barkbands_flatness_db": {
        "dmean": 0.0175393167883,
        "dmean2": 0.0288464296609,
        "dvar": 0.000228103788686,
        "dvar2": 0.000617234501988,
        "max": 0.197397023439,
        "mean": 0.109624318779,
        "median": 0.108776651323,
        "min": 0.0512872077525,
        "var": 0.000530012184754
    },
    "barkbands_kurtosis": {
        "dmean": 0.789110720158,
        "dmean2": 1.3336814642,
        "dvar": 2.18807935715,
        "dvar2": 5.79419898987,
        "max": 18.6879463196,
        "mean": -0.221626892686,
        "median": -0.611215591431,
        "min": -1.69765388966,
        "var": 2.3619863987
    },
    "barkbands_skewness": {
        "dmean": 0.405771911144,
        "dmean2": 0.637153208256,
        "dvar": 0.182022184134,
        "dvar2": 0.448311209679,
        "max": 4.28390979767,
        "mean": 0.263256132603,
        "median": 0.195646360517,
        "min": -1.69350409508,
        "var": 0.432333439589
    },
    "barkbands_spread": {
        "dmean": 6.59444332123,
        "dmean2": 10.3541917801,
        "dvar": 43.7634773254,
        "dvar2": 106.071929932,
        "max": 82.4810256958,
        "mean": 30.8866500854,
        "median": 30.2704086304,
        "min": 7.54314231873,
        "var": 111.701423645
    },
    "dissonance": {
        "dmean": 0.0141227543354,
        "dmean2": 0.0238386280835,
        "dvar": 0.000188655743841,
        "dvar2": 0.000501957605593,
        "max": 0.499903529882,
        "mean": 0.476593792439,
        "median": 0.481732755899,
        "min": 0.335421174765,
        "var": 0.000343239516951
    },
    "dynamic_complexity": 1.42233860493,
    "erbbands_crest": {
        "dmean": 2.5814743042,
        "dmean2": 4.15954637527,
        "dvar": 5.09839916229,
        "dvar2": 12.6313581467,
        "max": 24.3262119293,
        "mean": 9.103266716,
        "median": 8.45187950134,
        "min": 2.90772271156,
        "var": 12.8227462769
    },
    "erbbands_flatness_db": {
        "dmean": 0.0195458382368,
        "dmean2": 0.0273550767452,
        "dvar": 0.000276120874332,
        "dvar2": 0.000519491441082,
        "max": 0.249476805329,
        "mean": 0.165149793029,
        "median": 0.16700796783,
        "min": 0.0802472680807,
        "var": 0.000906222907361
    },
    "erbbands_kurtosis": {
        "dmean": 0.95631980896,
        "dmean2": 1.48924076557,
        "dvar": 0.895364940166,
        "dvar2": 2.12635922432,
        "max": 13.4287910461,
        "mean": 1.14835417271,
        "median": 0.829749345779,
        "min": -1.65081131458,
        "var": 2.60632324219
    },
    "erbbands_skewness": {
        "dmean": 0.323175579309,
        "dmean2": 0.500607669353,
        "dvar": 0.0700968652964,
        "dvar2": 0.167399153113,
        "max": 1.96902167797,
        "mean": -0.0867959111929,
        "median": -0.103796847165,
        "min": -2.43058609962,
        "var": 0.416637480259
    },
    "erbbands_spread": {
        "dmean": 7.85143613815,
        "dmean2": 11.8892869949,
        "dvar": 89.7748260498,
        "dvar2": 195.492218018,
        "max": 124.666656494,
        "mean": 27.0762252808,
        "median": 23.5731582642,
        "min": 7.93289709091,
        "var": 179.224121094
    },
    "hfc": {
        "dmean": 10.1429738998,
        "dmean2": 14.9417552948,
        "dvar": 127.39831543,
        "dvar2": 262.900482178,
        "max": 112.835708618,
        "mean": 36.650592804,
        "median": 33.3330497742,
        "min": 2.04797148705,
        "var": 360.121337891
    },
    "melbands_crest": {
        "dmean": 3.38910579681,
        "dmean2": 5.76757526398,
        "dvar": 10.1750459671,
        "dvar2": 30.6557502747,
        "max": 26.8003196716,
        "mean": 10.7515192032,
        "median": 9.90843296051,
        "min": 3.74621534348,
        "var": 16.6014232635
    },
    "melbands_flatness_db": {
        "dmean": 0.0233966950327,
        "dmean2": 0.0379605442286,
        "dvar": 0.000496247492265,
        "dvar2": 0.00132921955083,
        "max": 0.277961343527,
        "mean": 0.127577260137,
        "median": 0.125927180052,
        "min": 0.0235604830086,
        "var": 0.00140056060627
    },
    "melbands_kurtosis": {
        "dmean": 2.71947431564,
        "dmean2": 4.44483995438,
        "dvar": 50.6407279968,
        "dvar2": 124.334259033,
        "max": 108.39730835,
        "mean": 2.20969510078,
        "median": 0.487457752228,
        "min": -1.5965770483,
        "var": 55.1589164734
    },
    "melbands_skewness": {
        "dmean": 0.588165402412,
        "dmean2": 0.903268098831,
        "dvar": 0.520096838474,
        "dvar2": 1.23306155205,
        "max": 9.21841812134,
        "mean": 1.13594460487,
        "median": 0.903050482273,
        "min": -0.854646861553,
        "var": 1.13660871983
    },
    "melbands_spread": {
        "dmean": 10.7894048691,
        "dmean2": 17.50756073,
        "dvar": 131.047836304,
        "dvar2": 343.643096924,
        "max": 152.507781982,
        "mean": 46.5909385681,
        "median": 44.658416748,
        "min": 5.7838435173,
        "var": 299.689910889
    },
    "pitch_salience": {
        "dmean": 0.0611928701401,
        "dmean2": 0.101451896131,
        "dvar": 0.00275456625968,
        "dvar2": 0.00730848498642,
        "max": 0.810704648495,
        "mean": 0.565147399902,
        "median": 0.567708790302,
        "min": 0.307364046574,
        "var": 0.00679709855467
    },
    "silence_rate_20dB": {
        "dmean": 0,
        "dmean2": 0,
        "dvar": 0,
        "dvar2": 0,
        "max": 1,
        "mean": 1,
        "median": 1,
        "min": 1,
        "var": 0
    },
    "silence_rate_30dB": {
        "dmean": 0,
        "dmean2": 0,
        "dvar": 0,
        "dvar2": 0,
        "max": 1,
        "mean": 1,
        "median": 1,
        "min": 1,
        "var": 0
    },
    "silence_rate_60dB": {
        "dmean": 0,
        "dmean2": 0,
        "dvar": 0,
        "dvar2": 0,
        "max": 0,
        "mean": 0,
        "median": 0,
        "min": 0,
        "var": 0
    },
    "spectral_centroid": {
        "dmean": 237.23866272,
        "dmean2": 382.015808105,
        "dvar": 61383.0664062,
        "dvar2": 152978.9375,
        "max": 3631.06201172,
        "mean": 1944.29858398,
        "median": 1954.84179688,
        "min": 687.076477051,
        "var": 190945.296875
    },
    "spectral_complexity": {
        "dmean": 4.40634679794,
        "dmean2": 6.49883794785,
        "dvar": 18.9038200378,
        "dvar2": 33.5296173096,
        "max": 58,
        "mean": 27.9922657013,
        "median": 28,
        "min": 3,
        "var": 75.5808868408
    },
    "spectral_decrease": {
        "dmean": 1.77940773227e-09,
        "dmean2": 2.82056245027e-09,
        "dvar": 4.59271727836e-18,
        "dvar2": 1.13542971598e-17,
        "max": -7.85046083696e-10,
        "mean": -6.36536778842e-09,
        "median": -5.95736393549e-09,
        "min": -2.02219254675e-08,
        "var": 7.66779057044e-18
    },
    "spectral_energy": {
        "dmean": 0.00732628395781,
        "dmean2": 0.0113362818956,
        "dvar": 7.08294610376e-05,
        "dvar2": 0.000169957187609,
        "max": 0.0786494910717,
        "mean": 0.027348710224,
        "median": 0.0255988184363,
        "min": 0.0037567478139,
        "var": 0.000132861809107
    },
    "spectral_energyband_high": {
        "dmean": 0.000930905051064,
        "dmean2": 0.00139812298585,
        "dvar": 1.61681020927e-06,
        "dvar2": 3.81724794352e-06,
        "max": 0.00998958107084,
        "mean": 0.00149879965466,
        "median": 0.000882743916009,
        "min": 6.32441515336e-05,
        "var": 2.31486842495e-06
    },
    "spectral_energyband_low": {
        "dmean": 0.00393203599378,
        "dmean2": 0.00680296961218,
        "dvar": 5.09210549353e-05,
        "dvar2": 0.000138069110108,
        "max": 0.0632134079933,
        "mean": 0.00552703998983,
        "median": 0.00349519192241,
        "min": 1.04691962406e-05,
        "var": 4.89654048579e-05
    },
    "spectral_energyband_middle_high": {
        "dmean": 0.00346193928272,
        "dmean2": 0.00496665528044,
        "dvar": 1.24694515762e-05,
        "dvar2": 2.60291999439e-05,
        "max": 0.0470873191953,
        "mean": 0.013568373397,
        "median": 0.0121928695589,
        "min": 0.000106060535472,
        "var": 6.00248167757e-05
    },
    "spectral_energyband_middle_low": {
        "dmean": 0.00328235002235,
        "dmean2": 0.00548054557294,
        "dvar": 2.0314775611e-05,
        "dvar2": 5.46194205526e-05,
        "max": 0.0429404787719,
        "mean": 0.0076214200817,
        "median": 0.00660979747772,
        "min": 0.000314190314384,
        "var": 2.65782600763e-05
    },
    "spectral_entropy": {
        "dmean": 0.151175290346,
        "dmean2": 0.212684825063,
        "dvar": 0.0191158354282,
        "dvar2": 0.0418366007507,
        "max": 8.51098155975,
        "mean": 7.83748292923,
        "median": 7.8139090538,
        "min": 6.99920892715,
        "var": 0.0488635897636
    },
    "spectral_flux": {
        "dmean": 0.0222265366465,
        "dmean2": 0.0326413102448,
        "dvar": 0.000509490200784,
        "dvar2": 0.000960450386629,
        "max": 0.238195031881,
        "mean": 0.0955891311169,
        "median": 0.089771732688,
        "min": 0.0273952316493,
        "var": 0.00116333272308
    },
    "spectral_kurtosis": {
        "dmean": 1.33359968662,
        "dmean2": 2.11483216286,
        "dvar": 1.49909245968,
        "dvar2": 3.7467250824,
        "max": 16.8311843872,
        "mean": 3.32010030746,
        "median": 3.18055534363,
        "min": -0.404737234116,
        "var": 2.6795899868
    },
    "spectral_rms": {
        "dmean": 0.000675794843119,
        "dmean2": 0.00102607288864,
        "dvar": 5.03183798628e-07,
        "dvar2": 1.14474346447e-06,
        "max": 0.00875963550061,
        "mean": 0.00505287433043,
        "median": 0.00499744527042,
        "min": 0.00191445020027,
        "var": 1.15009527235e-06
    },
    "spectral_rolloff": {
        "dmean": 679.780578613,
        "dmean2": 1187.61303711,
        "dvar": 1124013.125,
        "dvar2": 2877376.25,
        "max": 7988.81835938,
        "mean": 2399.49438477,
        "median": 2153.3203125,
        "min": 129.19921875,
        "var": 1325658.625
    },
    "spectral_skewness": {
        "dmean": 0.188648745418,
        "dmean2": 0.293955594301,
        "dvar": 0.0261149890721,
        "dvar2": 0.0613408870995,
        "max": 3.37556123734,
        "mean": 1.32592189312,
        "median": 1.32978069782,
        "min": 0.479859650135,
        "var": 0.0628139153123
    },
    "spectral_spread": {
        "dmean": 636721.8125,
        "dmean2": 901118.1875,
        "dvar": 382745935872,
        "dvar2": 723988185088,
        "max": 8970672,
        "mean": 4299260.5,
        "median": 4113426.25,
        "min": 2502704.5,
        "var": 964759846912
    },
    "spectral_strongpeak": {
        "dmean": 1.29064464569,
        "dmean2": 2.23856139183,
        "dvar": 2.45989179611,
        "dvar2": 5.74509763718,
        "max": 11.5516815186,
        "mean": 2.06865143776,
        "median": 1.54258441925,
        "min": 0.0343731865287,
        "var": 4.5667014122
    },
    "zerocrossingrate": {
        "dmean": 0.0115974359214,
        "dmean2": 0.0148220397532,
        "dvar": 0.000136577858939,
        "dvar2": 0.000202971030376,
        "max": 0.2060546875,
        "mean": 0.0864824280143,
        "median": 0.0830078125,
        "min": 0.03173828125,
        "var": 0.000605422537774
    },
    "barkbands": {
        "dmean": [0.000108778513095, 0.00225828634575, 0.00167460320517, 0.00133451377042, 0.0013925305102, 0.000351041730028, 0.000319644575939, 0.000472353392979, 0.000894082768355, 0.000939205230679, 0.000720446172636, 0.000717247952707, 0.000550363736693, 0.00125811982434, 0.00101087114308, 0.000891714182217, 0.000434394954937, 0.000317766476655, 0.00026491182507, 0.000262169633061, 0.000132637200295, 0.000247962307185, 0.000324975670082, 0.000154203764396, 4.71806124551e-05, 3.06881156575e-05, 4.15978185231e-09],
        "dmean2": [0.000174914996023, 0.00400139857084, 0.00295918108895, 0.0023890582379, 0.00236161681823, 0.000571030192077, 0.000515162595548, 0.000736913003493, 0.00140184001066, 0.00145228463225, 0.00109420157969, 0.00115012587048, 0.000845131813549, 0.00202278420329, 0.00162823300343, 0.00138321996201, 0.000681607460137, 0.000504483876284, 0.000424928206485, 0.000406675797421, 0.000208060329896, 0.000377078918973, 0.000517563603353, 0.000245316623477, 6.76049676258e-05, 4.83754774905e-05, 5.15842346616e-09],
        "dvar": [2.90156432214e-08, 1.36009439302e-05, 1.79659891728e-05, 7.03354180587e-06, 6.73086651659e-06, 4.49254912382e-07, 2.62850136323e-07, 7.92510718384e-07, 2.07927132578e-06, 3.50799109583e-06, 1.28146223233e-06, 2.42021678787e-06, 9.02531382962e-07, 2.87000193566e-06, 2.01659054255e-06, 1.70908617747e-06, 3.29643654595e-07, 1.60659681114e-07, 1.35050086669e-07, 1.45291025433e-07, 4.34780105252e-08, 1.35331305273e-07, 2.46801135972e-07, 5.81508317055e-08, 4.21785140148e-09, 2.68132049897e-09, 1.13889390404e-14],
        "dvar2": [7.12097900646e-08, 4.19133648393e-05, 4.85614364152e-05, 2.00548493012e-05, 1.77497604454e-05, 1.16062517463e-06, 6.27349152182e-07, 1.8331144247e-06, 4.99860379932e-06, 8.5050596681e-06, 2.87181069325e-06, 6.07118090556e-06, 1.84925363556e-06, 6.75082992529e-06, 4.72788360639e-06, 3.80590881832e-06, 8.29765554045e-07, 4.11221151353e-07, 3.26206020418e-07, 3.07188912529e-07, 1.0589707955e-07, 3.11711829681e-07, 6.0872071117e-07, 1.43665587871e-07, 7.83137821259e-09, 6.56539578259e-09, 1.14021087087e-14],
        "max": [0.00202724407427, 0.0370526574552, 0.0340219400823, 0.0213456898928, 0.0217943005264, 0.0144613422453, 0.00568828685209, 0.00929481629282, 0.0208490062505, 0.0319486670196, 0.0185049343854, 0.0281550250947, 0.0155405262485, 0.0167519096285, 0.0183904152364, 0.0197142157704, 0.00899647083133, 0.00429485691711, 0.00474616931751, 0.00664920499548, 0.00259908637963, 0.00368083873764, 0.00465461518615, 0.00191624194849, 0.00100020680111, 0.000365809450159, 3.83832048101e-06],
        "mean": [0.000217205553781, 0.00302536063828, 0.00156780180987, 0.00159118277952, 0.00234981393442, 0.00052362360293, 0.000529681215994, 0.000672867463436, 0.00173567247111, 0.00168343097903, 0.00139545451384, 0.00137023918796, 0.000932319322601, 0.00216087070294, 0.00187797017861, 0.00175490661059, 0.000881774583831, 0.000677033036482, 0.000584314635489, 0.000517919135746, 0.000231168407481, 0.000361579994205, 0.000407705781981, 0.000190651699086, 7.48076781747e-05, 3.33394855261e-05, 3.92905397106e-09],
        "median": [8.36986291688e-05, 0.00185253564268, 0.000640989397652, 0.000853928446304, 0.00161808927078, 0.000266823219135, 0.000254668208072, 0.000252022407949, 0.000658687436953, 0.000584150897339, 0.000593200151343, 0.000479765498312, 0.000457691930933, 0.00141961860936, 0.00118336628657, 0.000929926347453, 0.000594062439632, 0.00045759245404, 0.000426003651228, 0.000342852523318, 0.000138076778967, 0.000199201531359, 0.000199990157853, 8.90301453182e-05, 3.87612562918e-05, 9.33493174671e-06, 4.30106839033e-10],
        "min": [3.61889629374e-09, 8.56397832649e-07, 4.73934221645e-07, 2.87004297661e-07, 2.94377023238e-05, 4.88397199661e-06, 1.9829590201e-06, 9.36553590236e-07, 1.68153496816e-06, 5.12073165737e-06, 1.74056424385e-06, 5.39087614015e-06, 5.23189601154e-06, 4.19969728682e-06, 1.40829706652e-06, 1.8620278297e-06, 7.67290384829e-06, 9.62153444561e-06, 3.78376398658e-06, 1.28775418489e-05, 1.14840258902e-05, 1.62650903803e-05, 2.04582374863e-05, 3.08696257889e-06, 1.02658236756e-06, 2.49353121262e-07, 6.67800580459e-12],
        "var": [9.78750236413e-08, 1.36738945002e-05, 1.26624563563e-05, 5.33804131919e-06, 6.79881486576e-06, 6.2627339048e-07, 5.45583247913e-07, 1.27228349811e-06, 6.14370537733e-06, 8.57660961628e-06, 4.40166513727e-06, 7.33684555598e-06, 1.91212507161e-06, 5.36407924301e-06, 4.8451602197e-06, 5.16555837748e-06, 7.97334848812e-07, 4.53799657407e-07, 3.22378781448e-07, 3.15996999234e-07, 7.00423044009e-08, 1.81769252094e-07, 2.5887155175e-07, 6.25916669605e-08, 1.04261657086e-08, 2.95037483333e-09, 1.13823575944e-14]
    },
    "erbbands": {
        "dmean": [0.0731698051095, 0.501665830612, 1.72287774086, 3.3807580471, 5.10849189758, 4.60098314285, 2.73940730095, 2.85996866226, 4.02427625656, 6.28760480881, 12.561000824, 15.3132724762, 28.1667175293, 28.6629924774, 19.5005187988, 24.3607273102, 24.4718151093, 49.870059967, 50.6731796265, 52.1397972107, 38.26612854, 26.9416484833, 18.4172992706, 11.3924131393, 15.4685583115, 10.9021577835, 5.65398406982, 5.82527065277, 9.27795791626, 10.3859224319, 8.82797718048, 4.53896760941, 1.86547601223, 0.716336429119, 0.285178303719, 0.0970396175981, 0.0840116664767, 0.00239023473114, 6.35730903014e-05, 1.26946961245e-05],
        "dmean2": [0.127713367343, 0.889521181583, 3.07939291, 6.01040315628, 8.86054229736, 7.75862169266, 4.3489151001, 4.65574979782, 6.6620631218, 9.94181156158, 19.7955760956, 24.193107605, 42.5669555664, 43.6152496338, 30.2314014435, 38.2178726196, 36.3312492371, 78.3782653809, 78.6456985474, 82.3400802612, 60.4858436584, 42.6140594482, 28.5990085602, 18.3432693481, 24.5622882843, 16.6919727325, 8.58228588104, 9.20851516724, 14.4558315277, 16.4935874939, 14.2458982468, 7.2234210968, 2.92955708504, 1.06538653374, 0.399811297655, 0.142612919211, 0.134412020445, 0.00380197330378, 9.90064509097e-05, 1.89738275367e-05],
        "dvar": [0.0133613375947, 0.855843365192, 19.5153121948, 53.8418807983, 70.6665039062, 78.7543869019, 23.8717899323, 29.1163387299, 58.951007843, 115.392608643, 528.534057617, 653.943115234, 2188.10717773, 2578.36621094, 888.061218262, 2973.62133789, 2021.42236328, 5533.82177734, 4549.79345703, 4728.91162109, 4089.97949219, 1293.1138916, 552.453430176, 221.093826294, 535.816955566, 272.922149658, 75.6675033569, 82.8209991455, 196.037231445, 238.061264038, 185.836166382, 55.1170120239, 7.01022386551, 0.979337215424, 0.195463404059, 0.0255120955408, 0.0210395995528, 1.63445329235e-05, 1.05819655261e-08, 2.01093669494e-10],
        "dvar2": [0.0421499274671, 2.51452970505, 53.2555809021, 150.467056274, 192.867752075, 208.686355591, 57.8171043396, 72.4368515015, 157.112304688, 261.855499268, 1246.63439941, 1636.10437012, 5268.49023438, 5163.703125, 2156.75976562, 7549.96044922, 4262.50244141, 13626.875, 10140.4091797, 10586.3876953, 9085.12402344, 3284.08276367, 1435.63745117, 528.949707031, 1301.75671387, 590.36505127, 175.64743042, 198.366195679, 453.338104248, 570.816772461, 454.796051025, 139.007049561, 16.6625003815, 2.16521644592, 0.354906797409, 0.0548640526831, 0.0529327988625, 4.00941753469e-05, 2.5349043753e-08, 4.32788666016e-10],
        "max": [1.43238830566, 10.1471843719, 39.0034484863, 59.1442756653, 73.9599914551, 94.9348373413, 85.1144943237, 104.541900635, 92.65259552, 132.776794434, 257.613708496, 367.808563232, 667.280273438, 811.55065918, 349.202362061, 1015.99438477, 767.761779785, 913.30657959, 816.565673828, 812.760070801, 1168.72546387, 583.399353027, 281.433013916, 185.176528931, 379.129302979, 227.766571045, 141.317260742, 93.9958648682, 139.861877441, 125.24646759, 139.352615356, 62.5770874023, 20.4420108795, 12.7796106339, 6.86811923981, 2.20859909058, 1.05232071877, 0.03207911551, 0.000799955334514, 0.000127225503093],
        "mean": [0.109468914568, 0.595566391945, 1.70613563061, 3.74468135834, 8.22994327545, 6.65253162384, 4.62335109711, 4.35277366638, 5.95227527618, 10.5616998672, 19.5650119781, 29.4138336182, 57.8560638428, 61.7858009338, 39.5877571106, 49.0419464111, 47.2855110168, 90.9474182129, 100.493247986, 108.668190002, 80.577583313, 58.1294364929, 42.3168182373, 27.0995292664, 33.4957504272, 22.5189170837, 10.7083759308, 9.69724750519, 13.1534976959, 13.2796020508, 11.3214178085, 5.47439813614, 2.43288946152, 1.01665854454, 0.464586734772, 0.129385232925, 0.0845489054918, 0.00260438513942, 8.66016271175e-05, 4.1181796405e-05],
        "median": [0.0603131093085, 0.326454848051, 0.756747066975, 1.97256016731, 6.10923624039, 4.28642940521, 2.2046649456, 2.16664338112, 2.94218015671, 4.99903535843, 7.69493341446, 13.6331558228, 27.146314621, 28.6457881927, 23.5071678162, 18.475484848, 24.4527797699, 58.3565483093, 69.4515914917, 76.8558273315, 42.5328941345, 40.6467132568, 28.6057186127, 20.2309303284, 24.7544651031, 15.1743583679, 6.70969676971, 5.81859254837, 7.02929258347, 6.34143400192, 5.67456579208, 2.56697010994, 1.18847370148, 0.498214870691, 0.247571319342, 0.0441862605512, 0.0231533143669, 0.000718249473721, 3.79263547075e-05, 3.75709423679e-05],
        "min": [4.82521681988e-05, 0.00107064587064, 0.00138676993083, 0.00826823059469, 0.0277401804924, 0.0889186710119, 0.107033953071, 0.0671176835895, 0.0595997981727, 0.103506281972, 0.24333204329, 0.0852056369185, 0.117279075086, 0.16654676199, 0.223077982664, 0.241594970226, 0.168812125921, 0.34547445178, 0.176262706518, 0.0602145269513, 0.125515222549, 0.583604931831, 0.572790920734, 0.186295226216, 0.25318300724, 0.714082658291, 0.492913156748, 0.56476277113, 0.540795266628, 0.606458008289, 0.525354743004, 0.135421663523, 0.035925205797, 0.0140856048092, 0.0050304508768, 0.00111742527224, 0.000673133006785, 1.87493224075e-05, 7.75062108005e-06, 6.7025498538e-06],
        "var": [0.0181031376123, 0.726950526237, 13.5349149704, 37.8336715698, 70.029914856, 69.2103500366, 46.2631072998, 46.5924301147, 80.8425369263, 252.072235107, 951.858276367, 1555.93286133, 5746.04394531, 9196.26855469, 2054.18676758, 9593.99414062, 5286.61474609, 10068.9150391, 9933.703125, 10876.2490234, 13736.3808594, 3134.76245117, 1778.69213867, 579.338012695, 1172.64501953, 549.452697754, 136.525741577, 117.626037598, 257.054382324, 266.604309082, 196.877212524, 54.8618774414, 9.12019920349, 1.83997118473, 0.466996043921, 0.0447778366506, 0.0204422529787, 1.7861408196e-05, 1.21178551638e-08, 3.83986425989e-10]
    },
    "gfcc": {
        "mean": [42.8284072876, 71.7161407471, -146.631668091, 43.0538635254, -52.7419090271, 33.3442420959, -39.7329597473, 10.0704755783, -21.1025238037, -3.80575919151, -23.421661377, -3.02982640266, -11.4347190857],
        "cov": [[1044.52258301, -346.14163208, 64.6406021118, -78.3966827393, -122.328453064, -45.470199585, -118.614494324, -11.2396631241, -73.6753921509, 69.3631515503, -107.828048706, 44.3527374268, -85.4986724854], [-346.14163208, 593.374267578, -38.3205833435, 9.35191059113, 122.930656433, 6.16336917877, 120.374938965, 12.7961978912, 47.0812644958, -58.6856079102, 56.3766822815, -76.5174331665, 60.1487693787], [64.6406021118, -38.3205833435, 407.749664307, 152.848022461, -19.0468406677, 48.3539352417, -39.7973213196, -10.7023181915, 29.029088974, 29.7839431763, -32.5834503174, 20.9156494141, -36.6492843628], [-78.3966827393, 9.35191059113, 152.848022461, 224.253387451, 84.9032058716, -19.3462104797, -41.2226982117, 1.57458055019, 46.5548095703, 12.8885965347, 15.5770349503, 10.5554037094, -1.98969709873], [-122.328453064, 122.930656433, -19.0468406677, 84.9032058716, 158.336837769, 37.1478309631, 37.0968017578, 15.3885974884, 9.98827838898, -11.1691179276, 28.5323352814, -5.97208309174, 22.472946167], [-45.470199585, 6.16336917877, 48.3539352417, -19.3462104797, 37.1478309631, 152.254745483, 96.6240539551, 1.48371255398, -20.3203163147, -16.3956451416, 1.59988880157, 1.5721654892, 8.70973491669], [-118.614494324, 120.374938965, -39.7973213196, -41.2226982117, 37.0968017578, 96.6240539551, 164.457000732, 31.3305778503, -6.04780578613, -19.0595302582, 23.4352245331, -16.5345420837, 20.8524627686], [-11.2396631241, 12.7961978912, -10.7023181915, 1.57458055019, 15.3885974884, 1.48371255398, 31.3305778503, 78.7922592163, 50.9086799622, 7.90538215637, -0.57200884819, -2.12740039825, 6.7337603569], [-73.6753921509, 47.0812644958, 29.029088974, 46.5548095703, 9.98827838898, -20.3203163147, -6.04780578613, 50.9086799622, 116.577049255, 25.4296245575, 7.00784492493, -0.0738722234964, 7.532954216], [69.3631515503, -58.6856079102, 29.7839431763, 12.8885965347, -11.1691179276, -16.3956451416, -19.0595302582, 7.90538215637, 25.4296245575, 79.5943756104, 20.5737094879, 10.8601770401, -11.6024303436], [-107.828048706, 56.3766822815, -32.5834503174, 15.5770349503, 28.5323352814, 1.59988880157, 23.4352245331, -0.57200884819, 7.00784492493, 20.5737094879, 77.240562439, 18.0188732147, 5.2932472229], [44.3527374268, -76.5174331665, 20.9156494141, 10.5554037094, -5.97208309174, 1.5721654892, -16.5345420837, -2.12740039825, -0.0738722234964, 10.8601770401, 18.0188732147, 84.2714920044, 28.2612915039], [-85.4986724854, 60.1487693787, -36.6492843628, -1.98969709873, 22.472946167, 8.70973491669, 20.8524627686, 6.7337603569, 7.532954216, -11.6024303436, 5.2932472229, 28.2612915039, 78.6051025391]],
        "icov": [[0.00195973645896, -0.000627438828815, 0.00070054148091, -0.000305085733999, 0.000712073757313, -0.000598491693381, 0.000912894436624, -0.00138656341005, 0.0021468733903, -0.00298405159265, 0.00411241361871, -0.00296754785813, 0.00281377416104], [-0.000627438828815, 0.00705040292814, -0.00492034899071, 0.0059378510341, -0.00705046020448, 0.00743048591539, -0.00553591130301, 0.00510705262423, -0.005582888145, 0.0069675417617, -0.00804514344782, 0.00879737455398, -0.00705552659929], [0.00070054148091, -0.00492034899071, 0.00936379935592, -0.00969528406858, 0.00851626414806, -0.009417607449, 0.00461721559986, -0.00352824968286, 0.00388490851037, -0.00690695270896, 0.00890359003097, -0.0077509037219, 0.00712893810123], [-0.000305085733999, 0.0059378510341, -0.00969528406858, 0.0177307538688, -0.0141822192818, 0.0107522159815, -0.00357250776142, 0.00619034189731, -0.007703602314, 0.00708234962076, -0.00867119897157, 0.00685456860811, -0.0057632829994], [0.000712073757313, -0.00705046020448, 0.00851626414806, -0.0141822192818, 0.0205002613366, -0.0127851553261, 0.00616210885346, -0.00829680915922, 0.00757613126189, -0.00648484937847, 0.00555077008903, -0.00631944462657, 0.00462801475078], [-0.000598491693381, 0.00743048591539, -0.009417607449, 0.0107522159815, -0.0127851553261, 0.0234289318323, -0.0149510158226, 0.00877237133682, -0.00571135105565, 0.0079999435693, -0.00623752688989, 0.00642193807289, -0.00634231511503], [0.000912894436624, -0.00553591130301, 0.00461721559986, -0.00357250776142, 0.00616210885346, -0.0149510158226, 0.0195816289634, -0.0110156079754, 0.00644518854097, -0.00404251553118, 0.000880870153196, -0.00243898318149, 0.00253852107562], [-0.00138656341005, 0.00510705262423, -0.00352824968286, 0.00619034189731, -0.00829680915922, 0.00877237133682, -0.0110156079754, 0.0266429670155, -0.0151505870745, 0.00496864831075, -0.00270133488812, 0.00453518657014, -0.00412789499387], [0.0021468733903, -0.005582888145, 0.00388490851037, -0.007703602314, 0.00757613126189, -0.00571135105565, 0.00644518854097, -0.0151505870745, 0.0211275480688, -0.010426892899, 0.00757056986913, -0.0064459759742, 0.00452244514599], [-0.00298405159265, 0.0069675417617, -0.00690695270896, 0.00708234962076, -0.00648484937847, 0.0079999435693, -0.00404251553118, 0.00496864831075, -0.010426892899, 0.0264922808856, -0.018127663061, 0.010460791178, -0.00763475615531], [0.00411241361871, -0.00804514344782, 0.00890359003097, -0.00867119897157, 0.00555077008903, -0.00623752688989, 0.000880870153196, -0.00270133488812, 0.00757056986913, -0.018127663061, 0.0357069447637, -0.0203606262803, 0.0151775600389], [-0.00296754785813, 0.00879737455398, -0.0077509037219, 0.00685456860811, -0.00631944462657, 0.00642193807289, -0.00243898318149, 0.00453518657014, -0.0064459759742, 0.010460791178, -0.0203606262803, 0.0311616845429, -0.0197170898318], [0.00281377416104, -0.00705552659929, 0.00712893810123, -0.0057632829994, 0.00462801475078, -0.00634231511503, 0.00253852107562, -0.00412789499387, 0.00452244514599, -0.00763475615531, 0.0151775600389, -0.0197170898318, 0.0279256403446]]
    },
    "melbands": {
        "dmean": [0.000623029191047, 0.000781023176387, 0.000613693497144, 0.000370792025933, 0.000100830817246, 6.51408336125e-05, 6.10166280239e-05, 7.47847516323e-05, 0.000112225730845, 0.000108795335109, 0.00015036847617, 0.000124007317936, 8.22632937343e-05, 5.30691722815e-05, 8.5312021838e-05, 6.70213194098e-05, 0.000102582729596, 9.56484436756e-05, 9.04695698409e-05, 7.42074553273e-05, 3.86178653571e-05, 3.06167203235e-05, 2.40408644459e-05, 1.36751832542e-05, 9.79989908956e-06, 1.16974024422e-05, 1.25585274873e-05, 6.98639769325e-06, 4.09387075706e-06, 3.08505218527e-06, 3.64469929082e-06, 5.42513953405e-06, 5.25909172211e-06, 6.37537505099e-06, 5.64094807487e-06, 3.64428797184e-06, 2.53867415267e-06, 1.46143122493e-06, 8.39068320602e-07, 5.36711695531e-07],
        "dmean2": [0.00109974539373, 0.00138682604302, 0.00108295830432, 0.000636146811303, 0.000162849173648, 0.000106385574327, 0.00010075251339, 0.000117580675578, 0.000177105408511, 0.000170477171196, 0.000227777141845, 0.000189165439224, 0.000126599232317, 8.34665988805e-05, 0.00013104363461, 0.000104021208244, 0.00016244550352, 0.000151416141307, 0.000145982121467, 0.000115603506856, 6.19484198978e-05, 4.90320562676e-05, 3.76020798285e-05, 2.17268461711e-05, 1.60578219948e-05, 1.87907626241e-05, 1.99758724193e-05, 1.08460399133e-05, 6.37447965346e-06, 4.86800990984e-06, 5.8502146203e-06, 8.54421341501e-06, 8.27835719974e-06, 1.04082182588e-05, 9.21666287468e-06, 5.72703629587e-06, 4.10830307374e-06, 2.33519017456e-06, 1.27751491164e-06, 8.12644032067e-07],
        "dvar": [9.33478531806e-07, 3.41942177329e-06, 1.50220546402e-06, 4.96939321692e-07, 2.59146162307e-08, 1.51773313917e-08, 1.17521610221e-08, 1.73315619634e-08, 4.07258475832e-08, 3.14298560511e-08, 6.4467251093e-08, 4.86524029952e-08, 1.67688885e-08, 1.07341397992e-08, 4.86280917755e-08, 1.13405329571e-08, 2.4743954441e-08, 1.8422694481e-08, 1.86507467248e-08, 1.19936780507e-08, 5.08205300065e-09, 1.70813641009e-09, 9.51167811181e-10, 3.04387542949e-10, 1.70822619938e-10, 3.34453131856e-10, 3.56066870433e-10, 1.29362340284e-10, 4.69513941614e-11, 2.49809773561e-11, 3.53196014102e-11, 6.4821988055e-11, 7.81436096386e-11, 9.68344154861e-11, 7.2895731118e-11, 3.33652099005e-11, 1.83125823533e-11, 4.3190121618e-12, 1.36274238421e-12, 6.30820807916e-13],
        "dvar2": [2.94667802336e-06, 9.30642909225e-06, 4.20140622737e-06, 1.31209003484e-06, 6.25939478027e-08, 3.88471370627e-08, 3.08896943579e-08, 3.98973547533e-08, 9.81617276352e-08, 7.51858024728e-08, 1.5599340486e-07, 1.01739594527e-07, 4.04364328688e-08, 2.41980568916e-08, 1.2176775499e-07, 2.2267574451e-08, 6.05920931207e-08, 4.17260537233e-08, 4.44553833745e-08, 2.65965702795e-08, 1.09268931681e-08, 4.42741399098e-09, 2.42121855898e-09, 7.65745300502e-10, 4.1998360345e-10, 8.58557447359e-10, 8.23022427987e-10, 2.98223196138e-10, 1.13747178343e-10, 6.00010943708e-11, 8.7187437825e-11, 1.51668733128e-10, 1.90458052107e-10, 2.38547182008e-10, 1.80552961471e-10, 8.27691040706e-11, 4.67842292684e-11, 1.03175801236e-11, 3.19755593531e-12, 1.39413665074e-12],
        "max": [0.0112646846101, 0.016914781183, 0.010767637752, 0.00595183810219, 0.00255795032717, 0.00253232382238, 0.0013305132743, 0.00135729508474, 0.00223740609363, 0.00242321100086, 0.0038406054955, 0.0030880079139, 0.001583307283, 0.00168800679967, 0.00448849564418, 0.00201523583382, 0.00203687348403, 0.00167096825317, 0.00195959117264, 0.00191802030895, 0.00148804218043, 0.000559132022317, 0.000327340181684, 0.000218277447857, 0.000161317570019, 0.000268651376246, 0.00036927225301, 0.000151910848217, 0.000110606320959, 0.00010540032963, 6.62754973746e-05, 8.69206269272e-05, 9.1917863756e-05, 6.99531083228e-05, 8.81247906364e-05, 4.40270414401e-05, 3.60722733603e-05, 2.02589508262e-05, 1.29038144223e-05, 1.17038925964e-05],
        "mean": [0.000890822440851, 0.000855652207974, 0.000794868101366, 0.000584431923926, 0.000175927125383, 9.98233663267e-05, 9.41937978496e-05, 0.00011953113426, 0.000172860120074, 0.000210981801501, 0.000301606458379, 0.000258886459051, 0.000161334290169, 0.000100045588624, 0.000151937405462, 0.000113448673801, 0.000175920024049, 0.000163827106007, 0.0001609375322, 0.000139795200084, 7.40648756619e-05, 5.84271838306e-05, 4.92267681693e-05, 2.80032581941e-05, 2.06333061215e-05, 2.4277909688e-05, 2.34825329244e-05, 1.29971358547e-05, 6.96219149177e-06, 5.09351593792e-06, 5.64683887205e-06, 7.43657346902e-06, 7.13977442501e-06, 7.59542308515e-06, 7.09535652277e-06, 4.44626903118e-06, 2.93480411528e-06, 1.84677446669e-06, 1.14044985366e-06, 7.31634600015e-07],
        "median": [0.000558302737772, 0.000445743993623, 0.000511612335686, 0.000400484859711, 9.47584703681e-05, 5.19057866768e-05, 4.65194461867e-05, 5.15395695402e-05, 6.37447446934e-05, 8.00495472504e-05, 0.000133949070005, 0.000111293789814, 8.22629299364e-05, 4.04215315939e-05, 4.56884190498e-05, 6.14997043158e-05, 0.000109460117528, 0.000102306599729, 9.63051352301e-05, 7.88709658082e-05, 3.32064228132e-05, 3.7960246118e-05, 3.16015684803e-05, 1.89661095646e-05, 1.46809134094e-05, 1.67846810655e-05, 1.5595334844e-05, 8.00759789854e-06, 4.28612429459e-06, 2.92173035632e-06, 3.33607545144e-06, 4.07925199397e-06, 3.73746911464e-06, 3.47348418472e-06, 3.57189878741e-06, 2.10259895539e-06, 1.38580094244e-06, 9.0834942057e-07, 5.3693014479e-07, 3.44153079368e-07],
        "min": [2.9022780268e-07, 1.88143667401e-06, 2.00828139896e-06, 2.78573770629e-06, 1.91823164641e-06, 1.02363128462e-06, 4.24592968784e-07, 5.09819869876e-07, 3.07608445382e-07, 2.44152658979e-07, 5.34432729182e-07, 7.68926099681e-07, 6.69937890052e-07, 5.93856441355e-07, 5.0256051054e-07, 5.47534853013e-07, 5.89359217429e-07, 1.91578124031e-07, 8.07672009273e-08, 9.8218819744e-08, 1.28348517592e-07, 4.33111210896e-07, 5.16243630955e-07, 3.36815560331e-07, 1.1294095259e-07, 1.52220906102e-07, 2.28456570994e-07, 4.01571725206e-07, 2.40881433911e-07, 2.25781263907e-07, 3.31095492356e-07, 2.75910167602e-07, 3.13561145049e-07, 3.53562484179e-07, 3.37679665563e-07, 1.25921246763e-07, 4.63777034554e-08, 2.27207337389e-08, 1.78481407431e-08, 9.04685304448e-09],
