{
"highlevel": {
    "danceability": {
        "all": {
            "danceable": 0.839760959148,
            "not_danceable": 0.160239011049
        },
        "probability": 0.839760959148,
        "value": "danceable"
    },
    "gender": {
        "all": {
            "female": 0.031249454245,
            "male": 0.968750536442
        },
        "probability": 0.968750536442,
        "value": "male"
    },
    "genre_dortmund": {
        "all": {
            "alternative": 0.0583528578281,
            "blues": 0.0383802689612,
            "electronic": 0.089313596487,
            "folkcountry": 0.229339569807,
            "funksoulrnb": 0.0464091934264,
            "jazz": 0.0841237828135,
            "pop": 0.109264828265,
            "raphiphop": 0.112080357969,
            "rock": 0.232735559344
        },
        "probability": 0.232735559344,
        "value": "rock"
    },
    "genre_electronic": {
        "all": {
            "ambient": 0.395383924246,
            "dnb": 0.132417872548,
            "house": 0.330231815577,
            "techno": 0.0319189876318,
            "trance": 0.110047392547
        },
        "probability": 0.395383924246,
        "value": "ambient"
    },
    "genre_rosamerica": {
        "all": {
            "cla": 0.0203143265098,
            "dan": 0.127190604806,
            "hip": 0.318895190954,
            "jaz": 0.0383695214987,
            "pop": 0.15802372992,
            "rhy": 0.273571312428,
            "roc": 0.0461449809372,
            "spe": 0.017490318045
        },
        "probability": 0.318895190954,
        "value": "hip"
    },
    "genre_tzanetakis": {
        "all": {
            "blu": 0.0534286126494,
            "cla": 0.0296793803573,
            "cou": 0.0534212701023,
            "dis": 0.0445159301162,
            "hip": 0.133544236422,
            "jaz": 0.267067581415,
            "met": 0.0534032955766,
            "pop": 0.0534038804471,
            "reg": 0.0445042736828,
            "roc": 0.267031520605
        },
        "probability": 0.267067581415,
        "value": "jaz"
    },
    "ismir04_rhythm": {
        "all": {
            "ChaChaCha": 0.181386590004,
            "Jive": 0.31908544898,
            "Quickstep": 0.0483588278294,
            "Rumba-American": 0.010696250014,
            "Rumba-International": 0.0468264371157,
            "Rumba-Misc": 0.0117667177692,
            "Samba": 0.329995185137,
            "Tango": 0.0144560262561,
            "VienneseWaltz": 0.0285431127995,
            "Waltz": 0.00888539850712
        },
        "probability": 0.329995185137,
        "value": "Samba"
    },
    "mood_acoustic": {
        "all": {
            "acoustic": 0.0936733782291,
            "not_acoustic": 0.906326591969
        },
        "probability": 0.906326591969,
        "value": "not_acoustic"
    },
    "mood_aggressive": {
        "all": {
            "aggressive": 0.0199404861778,
            "not_aggressive": 0.980059504509
        },
        "probability": 0.980059504509,
        "value": "not_aggressive"
    },
    "mood_electronic": {
        "all": {
            "electronic": 0.445264488459,
            "not_electronic": 0.554735541344
        },
        "probability": 0.554735541344,
        "value": "not_electronic"
    },
    "mood_happy": {
        "all": {
            "happy": 0.274444878101,
            "not_happy": 0.725555121899
        },
        "probability": 0.725555121899,
        "value": "not_happy"
    },
    "mood_party": {
        "all": {
            "not_party": 0.299799114466,
            "party": 0.700200855732
        },
        "probability": 0.700200855732,
        "value": "party"
    },
    "mood_relaxed": {
        "all": {
            "not_relaxed": 0.97883194685,
            "relaxed": 0.0211680531502
        },
        "probability": 0.97883194685,
        "value": "not_relaxed"
    },
    "mood_sad": {
        "all": {
            "not_sad": 0.621581315994,
            "sad": 0.378418713808
        },
        "probability": 0.621581315994,
        "value": "not_sad"
    },
    "moods_mirex": {
        "all": {
            "Cluster1": 0.130428135395,
            "Cluster2": 0.417883694172,
            "Cluster3": 0.112707331777,
            "Cluster4": 0.0800283849239,
            "Cluster5": 0.258952438831
        },
        "probability": 0.417883694172,
        "value": "Cluster2"
    },
    "timbre": {
        "all": {
            "bright": 0.994088470936,
            "dark": 0.00591150252149
        },
        "probability": 0.994088470936,
        "value": "bright"
    },
    "tonal_atonal": {
        "all": {
            "atonal": 0.154928475618,
            "tonal": 0.845071554184
        },
        "probability": 0.845071554184,
        "value": "tonal"
    },
    "voice_instrumental": {
        "all": {
            "instrumental": 0.0502310246229,
            "voice": 0.949768960476
        },
        "probability": 0.949768960476,
        "value": "voice"
    }
},
"lowlevel": {
    "average_loudness": 0.960467457771,
    "barkbands_crest": {
        "dmean": 2.43994736671,
        "dmean2": 3.7702896595,
        "dvar": 6.41911697388,
        "dvar2": 13.2725934982,
        "max": 22.5445327759,
        "mean": 7.87495088577,
        "median": 6.92159605026,
        "min": 2.87620735168,
        "var": 12.0321502686
    },
    "barkbands_flatness_db": {
        "dmean": 0.0213689338416,
        "dmean2": 0.033925075084,
        "dvar": 0.000537451764103,
        "dvar2": 0.00137755624019,
        "max": 0.293548077345,
        "mean": 0.120731078088,
        "median": 0.116179846227,
        "min": 0.0476727150381,
        "var": 0.00113829365
    },
    "barkbands_kurtosis": {
        "dmean": 2.69489598274,
        "dmean2": 4.38881349564,
        "dvar": 37.9795532227,
        "dvar2": 101.494674683,
        "max": 84.5036315918,
        "mean": 2.60487937927,
        "median": 0.769870281219,
        "min": -1.90298461914,
        "var": 38.3978767395
    },
    "barkbands_skewness": {
        "dmean": 0.577665030956,
        "dmean2": 0.856180727482,
        "dvar": 0.561587929726,
        "dvar2": 1.31765568256,
        "max": 8.11822414398,
        "mean": 1.19859278202,
        "median": 1.14799487591,
        "min": -3.73055505753,
        "var": 1.53416955471
    },
    "barkbands_spread": {
        "dmean": 8.45293045044,
        "dmean2": 13.112154007,
        "dvar": 89.454536438,
        "dvar2": 217.035339355,
        "max": 98.7257461548,
        "mean": 31.6621685028,
        "median": 28.05286026,
        "min": 2.5676176548,
        "var": 297.812164307
    },
    "dissonance": {
        "dmean": 0.0155938640237,
        "dmean2": 0.0248298104852,
        "dvar": 0.000193800602574,
        "dvar2": 0.000501903588884,
        "max": 0.5,
        "mean": 0.466709583998,
        "median": 0.47073367238,
        "min": 0.358773440123,
        "var": 0.000430821528425
    },
    "dynamic_complexity": 3.20024776459,
    "erbbands_crest": {
        "dmean": 2.15404033661,
        "dmean2": 3.40605568886,
        "dvar": 4.7520160675,
        "dvar2": 11.7062749863,
        "max": 22.5661087036,
        "mean": 7.50609636307,
        "median": 6.61022090912,
        "min": 2.42411184311,
        "var": 11.7434749603
    },
    "erbbands_flatness_db": {
        "dmean": 0.0175983887166,
        "dmean2": 0.0237874370068,
        "dvar": 0.000254274811596,
        "dvar2": 0.000470421276987,
        "max": 0.264784365892,
        "mean": 0.140635177493,
        "median": 0.14016237855,
        "min": 0.0532039739192,
        "var": 0.00122237752657
    },
    "erbbands_kurtosis": {
        "dmean": 0.708416044712,
        "dmean2": 1.08109939098,
        "dvar": 1.04363083839,
        "dvar2": 2.06950116158,
        "max": 19.5397834778,
        "mean": 0.0108634410426,
        "median": -0.611886739731,
        "min": -1.78689134121,
        "var": 4.26233577728
    },
    "erbbands_skewness": {
        "dmean": 0.343389481306,
        "dmean2": 0.51003998518,
        "dvar": 0.11113332957,
        "dvar2": 0.242450922728,
        "max": 2.10582995415,
        "mean": 0.123720943928,
        "median": 0.250096321106,
        "min": -3.50427436829,
        "var": 0.767055213451
    },
    "erbbands_spread": {
        "dmean": 10.6598844528,
        "dmean2": 16.1123561859,
        "dvar": 141.262466431,
        "dvar2": 313.817474365,
        "max": 149.27633667,
        "mean": 51.7698249817,
        "median": 48.1937217712,
        "min": 6.81943750381,
        "var": 434.731292725
    },
    "hfc": {
        "dmean": 9.85588741302,
        "dmean2": 13.5254144669,
        "dvar": 244.754928589,
        "dvar2": 437.908843994,
        "max": 151.512435913,
        "mean": 24.5944004059,
        "median": 13.5728597641,
        "min": 0.138334855437,
        "var": 801.502441406
    },
    "melbands_crest": {
        "dmean": 3.17565989494,
        "dmean2": 5.0141248703,
        "dvar": 11.3577127457,
        "dvar2": 22.6142520905,
        "max": 31.5871658325,
        "mean": 11.432138443,
        "median": 10.2333059311,
        "min": 3.07235407829,
        "var": 22.57929039
    },
    "melbands_flatness_db": {
        "dmean": 0.0279377717525,
        "dmean2": 0.0414126813412,
        "dvar": 0.00103467248846,
        "dvar2": 0.0024562838953,
        "max": 0.37948808074,
        "mean": 0.147192999721,
        "median": 0.140732988715,
        "min": 0.0354929156601,
        "var": 0.00294851977378
    },
    "melbands_kurtosis": {
        "dmean": 9.3435125351,
        "dmean2": 15.3975524902,
        "dvar": 470.431121826,
        "dvar2": 1235.49157715,
        "max": 207.584854126,
        "mean": 12.8432760239,
        "median": 7.33111190796,
        "min": -1.85428893566,
        "var": 438.276000977
    },
    "melbands_skewness": {
        "dmean": 0.868906974792,
        "dmean2": 1.30456447601,
        "dvar": 1.59174489975,
        "dvar2": 3.74487781525,
        "max": 11.8506221771,
        "mean": 2.60074353218,
        "median": 2.31059765816,
        "min": -1.42217469215,
        "var": 2.89172053337
    },
    "melbands_spread": {
        "dmean": 11.7648525238,
        "dmean2": 17.3662338257,
        "dvar": 270.216369629,
        "dvar2": 504.48260498,
        "max": 218.595199585,
        "mean": 38.1331939697,
        "median": 28.9684257507,
        "min": 1.40099918842,
        "var": 1218.0970459
    },
    "pitch_salience": {
        "dmean": 0.0729689672589,
        "dmean2": 0.11434160918,
        "dvar": 0.00565905636176,
        "dvar2": 0.0126786055043,
        "max": 0.838176608086,
        "mean": 0.59295719862,
        "median": 0.60161626339,
        "min": 0.156652897596,
        "var": 0.0106108048931
    },
    "silence_rate_20dB": {
        "dmean": 0,
        "dmean2": 0,
        "dvar": 0,
        "dvar2": 0,
        "max": 1,
        "mean": 1,
        "median": 1,
        "min": 1,
        "var": 0
    },
    "silence_rate_30dB": {
        "dmean": 0.0541795678437,
        "dmean2": 0.108443066478,
        "dvar": 0.0512451119721,
        "dvar2": 0.127667233348,
        "max": 1,
        "mean": 0.961330235004,
        "median": 1,
        "min": 0,
        "var": 0.0371744297445
    },
    "silence_rate_60dB": {
        "dmean": 0.0588235296309,
        "dmean2": 0.116963595152,
        "dvar": 0.0553633272648,
        "dvar2": 0.121874302626,
        "max": 1,
        "mean": 0.124516628683,
        "median": 0,
        "min": 0,
        "var": 0.109011493623
    },
    "spectral_centroid": {
        "dmean": 348.147003174,
        "dmean2": 528.119506836,
        "dvar": 147666.75,
        "dvar2": 335122.78125,
        "max": 4950.50195312,
        "mean": 1820.43566895,
        "median": 1677.609375,
        "min": 326.765411377,
        "var": 741905.1875
    },
    "spectral_complexity": {
        "dmean": 4.08978319168,
        "dmean2": 6.01936483383,
        "dvar": 30.6002902985,
        "dvar2": 52.1493339539,
        "max": 58,
        "mean": 16.6024742126,
        "median": 14,
        "min": 0,
        "var": 100.143615723
    },
    "spectral_decrease": {
        "dmean": 3.65329633212e-09,
        "dmean2": 5.50889200923e-09,
        "dvar": 6.20310946985e-17,
        "dvar2": 1.49059163992e-16,
        "max": -5.44450907969e-11,
        "mean": -5.24355314724e-09,
        "median": -2.63750177254e-09,
        "min": -5.30737835902e-08,
        "var": 6.70244928889e-17
    },
    "spectral_energy": {
        "dmean": 0.014503092505,
        "dmean2": 0.0215317290276,
        "dvar": 0.000920811202377,
        "dvar2": 0.00217677792534,
        "max": 0.209899574518,
        "mean": 0.0220211725682,
        "median": 0.0117341717705,
        "min": 0.000248568714596,
        "var": 0.00105660560075
    },
    "spectral_energyband_high": {
        "dmean": 0.000929905741941,
        "dmean2": 0.00129853282124,
        "dvar": 2.62892649516e-06,
        "dvar2": 5.06334481543e-06,
        "max": 0.0202824100852,
        "mean": 0.00203931424767,
        "median": 0.000751694547944,
        "min": 6.07100128036e-06,
        "var": 9.4816687124e-06
    },
    "spectral_energyband_low": {
        "dmean": 0.00981885101646,
        "dmean2": 0.0159112624824,
        "dvar": 0.000657250464428,
        "dvar2": 0.00171270233113,
        "max": 0.168497636914,
        "mean": 0.00879904814065,
        "median": 0.00117079145275,
        "min": 2.35692664319e-06,
        "var": 0.000533430895302
    },
    "spectral_energyband_middle_high": {
        "dmean": 0.00157366821077,
        "dmean2": 0.0022741726134,
        "dvar": 9.6166786534e-06,
        "dvar2": 1.91501931113e-05,
        "max": 0.0634417310357,
        "mean": 0.00379275018349,
        "median": 0.00147298339289,
        "min": 2.57394403889e-05,
        "var": 3.36155753757e-05
    },
    "spectral_energyband_middle_low": {
        "dmean": 0.00494019407779,
        "dmean2": 0.00791108701378,
        "dvar": 0.000168703074451,
        "dvar2": 0.000443738710601,
        "max": 0.130464687943,
        "mean": 0.008181293495,
        "median": 0.00515192560852,
        "min": 3.52256538463e-05,
        "var": 0.000149397135829
    },
    "spectral_entropy": {
        "dmean": 0.17357070744,
        "dmean2": 0.257379204035,
        "dvar": 0.0342376828194,
        "dvar2": 0.0781490504742,
        "max": 8.63703346252,
        "mean": 7.76394128799,
        "median": 7.76327085495,
        "min": 6.63565587997,
        "var": 0.12516233325
    },
    "spectral_flux": {
        "dmean": 0.0338371284306,
        "dmean2": 0.0495473556221,
        "dvar": 0.00298835360445,
        "dvar2": 0.00497191911563,
        "max": 0.413388967514,
        "mean": 0.0835658162832,
        "median": 0.0582291036844,
        "min": 0.00838402658701,
        "var": 0.00604407768697
    },
    "spectral_kurtosis": {
        "dmean": 0.823382794857,
        "dmean2": 1.35513937473,
        "dvar": 0.7450273633,
        "dvar2": 2.07844948769,
        "max": 9.61584854126,
        "mean": 1.94356787205,
        "median": 1.77902984619,
        "min": -0.844670772552,
        "var": 1.88200187683
    },
    "spectral_rms": {
        "dmean": 0.00113200221676,
        "dmean2": 0.00151092710439,
        "dvar": 3.21834340866e-06,
        "dvar2": 6.68108168611e-06,
        "max": 0.0143101383001,
        "mean": 0.00391276506707,
        "median": 0.00338348536752,
        "min": 0.000492449034937,
        "var": 6.17434898231e-06
    },
    "spectral_rolloff": {
        "dmean": 954.662658691,
        "dmean2": 1529.17443848,
        "dvar": 1989977.75,
        "dvar2": 4471234.5,
        "max": 12338.5253906,
        "mean": 2703.25976562,
        "median": 1873.38867188,
        "min": 64.599609375,
        "var": 6378916.5
    },
    "spectral_skewness": {
        "dmean": 0.174324095249,
        "dmean2": 0.270020693541,
        "dvar": 0.0270564425737,
        "dvar2": 0.067455381155,
        "max": 2.31750774384,
        "mean": 1.09775698185,
        "median": 1.15535211563,
        "min": -0.0227292831987,
        "var": 0.138887837529
    },
    "spectral_spread": {
        "dmean": 680331.125,
        "dmean2": 981211.8125,
        "dvar": 687066972160,
        "dvar2": 1.42825068954e+12,
        "max": 16093259,
        "mean": 5586900.5,
        "median": 5367897.5,
        "min": 2950460.25,
        "var": 2.28765519053e+12
    },
    "spectral_strongpeak": {
        "dmean": 0.539860010147,
        "dmean2": 0.905360519886,
        "dvar": 1.34621214867,
        "dvar2": 3.20198512077,
        "max": 14.7079324722,
        "mean": 0.875774919987,
        "median": 0.442941725254,
        "min": 0.0111205643043,
        "var": 2.1603782177
    },
    "zerocrossingrate": {
        "dmean": 0.0164696667343,
        "dmean2": 0.0187241304666,
        "dvar": 0.000374191906303,
        "dvar2": 0.000451701402199,
        "max": 0.38134765625,
        "mean": 0.101888023317,
        "median": 0.087890625,
        "min": 0.01220703125,
        "var": 0.00391219649464
    },
    "barkbands": {
        "dmean": [0.000249838281889, 0.00651496695355, 0.00329771288671, 0.0015439693816, 0.00252454564907, 0.000373642134946, 0.00073044776218, 0.000528003729414, 0.000547162315343, 0.000285489310045, 0.000352869741619, 0.000201665607165, 0.000218352899537, 0.000408257299569, 0.000216943764826, 0.000153356435476, 0.000156849870109, 0.000124517348013, 0.000230288889725, 0.000204619951546, 0.000199540692847, 0.000285265152343, 0.000248658208875, 0.000134350542794, 0.00015093672846, 5.89524424868e-05, 3.56346929742e-09],
        "dmean2": [0.000379363045795, 0.0106579214334, 0.00597289251164, 0.00264002149925, 0.00425019301474, 0.000572525081225, 0.00106462137774, 0.000787365250289, 0.000847971939947, 0.000434819055954, 0.000564966117963, 0.000319967104588, 0.000343712250469, 0.000639089557808, 0.000352020637365, 0.00023097092344, 0.000243004367803, 0.00019416071882, 0.000375465897378, 0.00032516050851, 0.000307853828417, 0.000431795109762, 0.000360453181202, 0.000201947710593, 0.00022351431835, 9.01689927559e-05, 6.41206865382e-09],
        "dvar": [3.30950939542e-07, 0.000308302958729, 9.67755113379e-05, 1.95008033188e-05, 7.03165933373e-05, 4.02440150538e-07, 2.6374866593e-06, 3.62847526958e-06, 1.93627306544e-06, 2.81574699557e-07, 1.92875131688e-06, 2.28527895274e-07, 5.10288884925e-07, 3.03348269881e-06, 3.0412965657e-07, 1.22702601857e-07, 1.0769996095e-07, 5.29255679282e-08, 4.29744062558e-07, 1.55699964921e-07, 1.75685855197e-07, 3.07474493866e-07, 2.11160426034e-07, 6.34023251678e-08, 1.15701659809e-07, 3.24002549235e-08, 1.55413636926e-15],
        "dvar2": [7.11333200343e-07, 0.000798508990556, 0.000273491663393, 5.31225523446e-05, 0.000192137289559, 1.01834564248e-06, 5.45084049008e-06, 7.80899063102e-06, 4.83483245262e-06, 6.34586967863e-07, 4.70977465739e-06, 6.03748446792e-07, 1.26721226934e-06, 6.72059377393e-06, 7.65289371429e-07, 2.8738003266e-07, 2.555248102e-07, 1.21788147567e-07, 1.0488222415e-06, 3.42240213058e-07, 4.17475945369e-07, 6.99370559687e-07, 4.6274089982e-07, 1.44163990967e-07, 2.57468428799e-07, 7.34123517532e-08, 4.20818038415e-15],
        "max": [0.0044564944692, 0.120676964521, 0.0790903568268, 0.0473048724234, 0.0807029679418, 0.00694024190307, 0.0288769491017, 0.0454171001911, 0.0214979704469, 0.00946179125458, 0.031837221235, 0.00946925580502, 0.0165233369917, 0.0461841151118, 0.00658340891823, 0.00603889208287, 0.00457221269608, 0.00314301950857, 0.0152636347339, 0.00443101068959, 0.00806601531804, 0.00836056098342, 0.00616422342137, 0.00337749137543, 0.00467306235805, 0.00328798871487, 9.41749192407e-07],
        "mean": [0.000245317496592, 0.005336554721, 0.00249338662252, 0.00156224146485, 0.00273691141047, 0.000783440889791, 0.0013739306014, 0.000815735547803, 0.000809208897408, 0.00046247249702, 0.000511226651724, 0.000298600760289, 0.000317667989293, 0.000696583767422, 0.000300453335512, 0.000262885791017, 0.000248966505751, 0.000201119604753, 0.000360581354471, 0.000311879586661, 0.000336172670359, 0.000513485225383, 0.000467470381409, 0.00025641528191, 0.000242932102992, 7.55457876949e-05, 2.41463449235e-09],
        "median": [4.84776792291e-05, 0.000662066857331, 0.000229402343393, 0.000253943901043, 0.00100370112341, 0.000510478275828, 0.000679467164446, 0.000317753467243, 0.000275594764389, 0.000177056077519, 7.49159662519e-05, 0.000116086193884, 9.33620176511e-05, 0.000100987723272, 3.88644184568e-05, 9.12121977308e-05, 7.78477406129e-05, 8.42835579533e-05, 0.000137611190439, 0.000110302164103, 0.00011744517542, 0.000153572982526, 0.000141609431012, 8.3234255726e-05, 5.13782724738e-05, 6.09610333413e-06, 2.14008033517e-10],
        "min": [2.25541167964e-08, 4.28462271884e-07, 9.64356914324e-08, 8.64122853272e-08, 3.3322244235e-06, 3.99948567065e-06, 5.27450083609e-06, 1.13210785457e-06, 4.69863465469e-07, 1.30540036025e-06, 3.77269714136e-07, 9.43669761e-07, 8.54346183132e-07, 8.04649630481e-07, 3.60052837323e-07, 9.88858005257e-07, 3.99369895376e-07, 5.40536348126e-07, 8.65883407641e-07, 8.50536025609e-07, 1.43715874401e-06, 1.06605898509e-06, 5.83588246172e-07, 1.8272037039e-07, 1.60298050389e-08, 1.53772411471e-11, 1.81663833282e-11],
        "var": [3.65037607253e-07, 0.000243956077611, 5.94727716816e-05, 1.41498294397e-05, 4.90767488373e-05, 7.18955732282e-07, 5.33973889105e-06, 4.48761193184e-06, 2.70331702268e-06, 5.53038262296e-07, 2.66982056019e-06, 3.79884340873e-07, 6.67185645398e-07, 7.973272659e-06, 5.18559431839e-07, 3.21616312249e-07, 2.01843320724e-07, 9.42811553273e-08, 6.92566459293e-07, 2.69682885801e-07, 3.78264360279e-07, 8.34450531784e-07, 6.32900650999e-07, 1.67901106352e-07, 2.42252866656e-07, 5.73422056505e-08, 1.00725928774e-15]
    },
    "erbbands": {
        "dmean": [0.151738733053, 1.66822707653, 4.25320768356, 4.04336166382, 10.8896007538, 5.12672567368, 3.06745791435, 3.42822980881, 9.73110675812, 9.86748504639, 10.4099760056, 11.8537778854, 9.06687450409, 11.0672950745, 11.834643364, 6.86546325684, 9.68137836456, 14.305393219, 18.3957538605, 8.50137329102, 8.345287323, 9.16266918182, 6.66275119781, 9.92355918884, 10.8287630081, 9.69652271271, 6.90934753418, 9.339427948, 10.2801799774, 9.1511964798, 6.71574258804, 3.81060647964, 1.92155110836, 1.9901278019, 0.914427101612, 0.313536405563, 0.100670486689, 0.0112522998825, 0.000203538162168, 2.53033449553e-05],
        "dmean2": [0.221413701773, 2.94923186302, 7.7330956459, 6.97007083893, 18.9289665222, 8.4449262619, 4.90573358536, 5.23235034943, 14.4148750305, 14.6131162643, 15.1951608658, 18.6242046356, 13.4278640747, 16.593629837, 18.9078350067, 10.6798944473, 15.1267490387, 21.4504070282, 27.6999874115, 13.567779541, 12.4758987427, 14.0133075714, 10.1755857468, 15.6791667938, 17.569480896, 15.5720767975, 11.1077508926, 13.7722406387, 15.6727828979, 13.4531869888, 9.96361541748, 5.67607069016, 2.92173457146, 3.0389559269, 1.3117030859, 0.474516391754, 0.155142426491, 0.0180291067809, 0.00031626407872, 3.58705365215e-05],
        "dvar": [0.13098551333, 23.4400539398, 161.349517822, 109.509651184, 1585.70068359, 179.154586792, 34.1864852905, 27.7840709686, 342.84197998, 1445.56213379, 1018.93371582, 1260.25805664, 289.547973633, 691.703796387, 2449.28955078, 240.175521851, 1101.58837891, 2162.62548828, 5121.32568359, 399.224639893, 419.463775635, 357.574401855, 165.955368042, 783.106323242, 648.551635742, 371.802825928, 167.44203186, 458.706115723, 430.303833008, 269.906555176, 147.34147644, 50.7225036621, 14.4959907532, 21.0105285645, 4.74799728394, 0.962936758995, 0.0802990496159, 0.00120275944937, 3.52861178499e-07, 2.36429076317e-09],
        "dvar2": [0.26186171174, 64.7646179199, 455.671173096, 302.099487305, 4392.97021484, 472.262207031, 86.9217453003, 69.8645935059, 858.81237793, 3068.98535156, 1830.27612305, 3097.22021484, 579.934753418, 1450.51806641, 6495.08789062, 565.61505127, 2899.26464844, 4539.44238281, 11734.0673828, 966.079467773, 1004.35473633, 831.670227051, 395.719970703, 1842.2935791, 1514.96630859, 844.593505859, 406.243133545, 1083.00036621, 1027.68798828, 579.604980469, 333.781982422, 116.287353516, 33.3931770325, 47.9183158875, 10.527299881, 2.18706059456, 0.179112374783, 0.00293128192425, 8.41766791382e-07, 5.13209119646e-09],
        "max": [2.35363030434, 32.2469444275, 90.4747238159, 82.3732833862, 388.825439453, 129.379592896, 71.3180618286, 55.3699760437, 230.474105835, 1001.79217529, 608.459777832, 668.47857666, 323.425079346, 537.527832031, 969.682983398, 176.548110962, 835.59197998, 951.842224121, 1933.47094727, 290.136779785, 401.4737854, 247.251922607, 167.551345825, 700.730651855, 397.579864502, 212.332107544, 129.73449707, 418.107025146, 300.658843994, 215.235351562, 146.617462158, 104.975898743, 58.5563468933, 58.3664703369, 39.3974952698, 20.1937732697, 4.69655179977, 0.655143380165, 0.0112998448312, 0.000539058761206],
        "mean": [0.152464210987, 1.18322134018, 3.13371658325, 3.98707818985, 9.83375930786, 6.66724538803, 5.07444953918, 7.98733568192, 19.3396892548, 17.1352977753, 17.1656932831, 17.0743217468, 16.4908733368, 18.6205692291, 17.809381485, 10.6758871078, 14.332742691, 22.8708553314, 31.0969200134, 13.9582471848, 14.5737733841, 15.9380044937, 11.3390989304, 16.7400245667, 16.3792324066, 14.4961977005, 11.4642934799, 15.7554244995, 18.3643188477, 16.9306297302, 12.3720836639, 7.23620891571, 3.4025747776, 3.16087126732, 1.44735789299, 0.437316715717, 0.120483517647, 0.0108069470152, 0.000227089782129, 4.16668517573e-05],
        "median": [0.0214931741357, 0.114731520414, 0.296447187662, 0.578206121922, 2.50668764114, 2.87950062752, 3.05500507355, 5.18067073822, 10.8371648788, 7.19211626053, 6.9074549675, 5.41192674637, 6.32762432098, 4.59712648392, 4.06614542007, 3.83380103111, 4.50381278992, 4.83615875244, 4.84363937378, 3.9536254406, 5.05326032639, 5.11736726761, 5.20621728897, 6.40506267548, 6.25419092178, 5.08506059647, 4.65918588638, 4.68039417267, 5.20072317123, 5.0896191597, 4.14454126358, 2.41089963913, 1.02358937263, 0.719016849995, 0.285221487284, 0.0535678602755, 0.00803249143064, 0.000420122669311, 2.78303268715e-05, 1.87209971045e-05],
        "min": [1.44696350617e-05, 0.000115822338557, 0.000428519124398, 0.00077354471432, 0.00357552617788, 0.00779693108052, 0.0134068662301, 0.0597206950188, 0.0721253305674, 0.0388814173639, 0.0295575074852, 0.0158848967403, 0.0637447312474, 0.0735070034862, 0.0356348156929, 0.0500605292618, 0.0846556127071, 0.085823468864, 0.0775950849056, 0.0461602956057, 0.0611440390348, 0.0406451113522, 0.0499574318528, 0.055157173425, 0.0352877266705, 0.0364189296961, 0.0516321770847, 0.0608714446425, 0.0349132530391, 0.0265711024404, 0.0180806331336, 0.00483454903588, 0.00301479105838, 0.000680752564222, 4.54117653135e-05, 2.21337541007e-06, 3.90982478393e-07, 9.84667565262e-08, 1.59033902492e-07, 3.21013772009e-07],
        "var": [0.153210029006, 15.3045444489, 98.5651016235, 78.7765045166, 1029.08190918, 151.767333984, 42.979888916, 68.1073379517, 636.688171387, 1921.22521973, 1759.85009766, 1583.49487305, 746.895385742, 1363.34228516, 3655.89013672, 430.803039551, 1331.13269043, 4788.14746094, 13696.6298828, 718.83013916, 1232.47412109, 795.092407227, 283.536895752, 1260.17382812, 1002.54534912, 601.984863281, 292.846832275, 1021.93969727, 1121.08361816, 873.850708008, 407.747680664, 139.532974243, 31.2979602814, 39.673500061, 10.0740604401, 1.78190279007, 0.140777438879, 0.00137040799018, 4.5417380079e-07, 3.70327524202e-09]
    },
    "gfcc": {
        "mean": [-6.02122545242, 68.7504425049, -120.063407898, 45.956489563, -82.7464141846, 17.8849067688, -45.0872383118, 10.4068222046, -22.5304470062, 4.72471666336, -13.1494483948, -0.320671856403, -9.37341785431],
        "cov": [[4574.00439453, -878.81427002, 542.63269043, 97.1852416992, 336.050964355, 526.07220459, 41.2900009155, 101.769485474, -145.870895386, 10.4358768463, -365.705963135, 29.1475162506, -265.756988525], [-878.81427002, 1697.89526367, -245.726486206, 104.351898193, 219.908905029, -114.787094116, 219.311599731, -16.0420227051, 135.430221558, -202.417434692, 176.378463745, -149.88168335, 98.1593322754], [542.63269043, -245.726486206, 979.581054688, 288.016418457, 144.827636719, 137.522064209, 95.7493591309, -6.81749773026, -48.6739234924, 107.526741028, -145.758407593, 100.483718872, -119.925537109], [97.1852416992, 104.351898193, 288.016418457, 379.987579346, 86.240852356, 101.918632507, 117.388435364, -51.0536460876, 49.7805099487, -4.68545055389, -1.25453078747, 7.90038394928, 2.23915624619], [336.050964355, 219.908905029, 144.827636719, 86.240852356, 289.869354248, 113.918830872, 85.222038269, 5.03340816498, 11.5264806747, 17.1422157288, -30.9945220947, 26.9623947144, -42.4201087952], [526.07220459, -114.787094116, 137.522064209, 101.918632507, 113.918830872, 268.906585693, 73.7817687988, -19.0649852753, 3.21915817261, 38.6808738708, -26.2238769531, 32.3549499512, -20.6224517822], [41.2900009155, 219.311599731, 95.7493591309, 117.388435364, 85.222038269, 73.7817687988, 173.864379883, 4.40296697617, 38.6683959961, -3.88395380974, 10.5366630554, 3.01395559311, -4.67866230011], [101.769485474, -16.0420227051, -6.81749773026, -51.0536460876, 5.03340816498, -19.0649852753, 4.40296697617, 118.056877136, 18.6417274475, 1.24271702766, -6.71139955521, -3.91605710983, -1.19349324703], [-145.870895386, 135.430221558, -48.6739234924, 49.7805099487, 11.5264806747, 3.21915817261, 38.6683959961, 18.6417274475, 127.066177368, 17.5943164825, 30.3046550751, 15.2543230057, 22.013376236], [10.4358768463, -202.417434692, 107.526741028, -4.68545055389, 17.1422157288, 38.6808738708, -3.88395380974, 1.24271702766, 17.5943164825, 119.56628418, -6.84999084473, 60.5451202393, -19.4104728699], [-365.705963135, 176.378463745, -145.758407593, -1.25453078747, -30.9945220947, -26.2238769531, 10.5366630554, -6.71139955521, 30.3046550751, -6.84999084473, 117.019569397, -16.9553070068, 45.8367424011], [29.1475162506, -149.88168335, 100.483718872, 7.90038394928, 26.9623947144, 32.3549499512, 3.01395559311, -3.91605710983, 15.2543230057, 60.5451202393, -16.9553070068, 114.991851807, -3.9705927372], [-265.756988525, 98.1593322754, -119.925537109, 2.23915624619, -42.4201087952, -20.6224517822, -4.67866230011, -1.19349324703, 22.013376236, -19.4104728699, 45.8367424011, -3.9705927372, 82.4238357544]],
        "icov": [[0.000467306672363, 0.000169011997059, 6.54650721117e-05, -5.74253899686e-05, -0.000262969668256, -0.000777595792897, 0.000120367294585, -0.000484140648041, 7.62893687352e-05, 0.000574343372136, 0.000728147046175, 0.000131455875817, 0.000788468460087], [0.000169011997059, 0.00224310322665, -0.000618131249212, 0.00112057826482, -0.00259362231009, 0.00124508293811, -0.00196797237732, 0.00122345355339, -0.00214845174924, 0.00325654842891, -0.00214232527651, 0.00189602631144, -0.0015501009766], [6.54650721117e-05, -0.000618131249212, 0.00277976458892, -0.00259855901822, 0.000747045734897, -0.000283847330138, 0.000125424034195, -0.00142735952977, 0.00242740800604, -0.00256582791917, 0.00256493641064, -0.00172306282911, 0.00260029872879], [-5.74253899686e-05, 0.00112057826482, -0.00259855901822, 0.00652939733118, -0.0016389634693, -5.46576957277e-05, -0.00265423418023, 0.00354768661782, -0.00403179135174, 0.00348301557824, -0.00222832127474, 0.00214940309525, -0.00319462129846], [-0.000262969668256, -0.00259362231009, 0.000747045734897, -0.0016389634693, 0.00792956911027, -0.00267337658443, 0.000724328507204, -0.00183928851038, 0.00234660319984, -0.00335938995704, 0.00259740045294, -0.00307148811407, 0.00378872524016], [-0.000777595792897, 0.00124508293811, -0.000283847330138, -5.46576957277e-05, -0.00267337658443, 0.00766866700724, -0.00302395550534, 0.00227768276818, -0.000732800748665, -0.000642152735963, -0.00185546511784, 0.000759825808927, -0.00288438028656], [0.000120367294585, -0.00196797237732, 0.000125424034195, -0.00265423418023, 0.000724328507204, -0.00302395550534, 0.0109202386811, -0.0024377820082, 0.000134472284117, -0.00115166511387, 0.000572686025407, -0.00145205773879, 0.00249157659709], [-0.000484140648041, 0.00122345355339, -0.00142735952977, 0.00354768661782, -0.00183928851038, 0.00227768276818, -0.0024377820082, 0.0116681084037, -0.00430281274021, 0.00174768001307, -0.00143207667861, 0.00230604363605, -0.00306911417283], [7.62893687352e-05, -0.00214845174924, 0.00242740800604, -0.00403179135174, 0.00234660319984, -0.000732800748665, 0.000134472284117, -0.00430281274021, 0.0137811526656, -0.00598021037877, 0.00176351785194, -0.00353673589416, 0.00117563770618], [0.000574343372136, 0.00325654842891, -0.00256582791917, 0.00348301557824, -0.00335938995704, -0.000642152735963, -0.00115166511387, 0.00174768001307, -0.00598021037877, 0.0191031582654, -0.00528318947181, -0.0028454719577, 0.00111289334018], [0.000728147046175, -0.00214232527651, 0.00256493641064, -0.00222832127474, 0.00259740045294, -0.00185546511784, 0.000572686025407, -0.00143207667861, 0.00176351785194, -0.00528318947181, 0.0172485467046, -0.000184944845387, -0.00174031453207], [0.000131455875817, 0.00189602631144, -0.00172306282911, 0.00214940309525, -0.00307148811407, 0.000759825808927, -0.00145205773879, 0.00230604363605, -0.00353673589416, -0.0028454719577, -0.000184944845387, 0.0148914866149, -0.00474456697702], [0.000788468460087, -0.0015501009766, 0.00260029872879, -0.00319462129846, 0.00378872524016, -0.00288438028656, 0.00249157659709, -0.00306911417283, 0.00117563770618, 0.00111289334018, -0.00174031453207, -0.00474456697702, 0.022403428331]]
    },
    "melbands": {
        "dmean": [0.00153114506975, 0.00227606692351, 0.000937593693379, 0.000634947209619, 0.000110582783236, 8.08675176813e-05, 0.00014592075604, 0.0001115618943, 8.94093027455e-05, 7.59159302106e-05, 4.70048871648e-05, 4.48902537755e-05, 4.35444126197e-05, 2.48387314059e-05, 1.85177668754e-05, 2.47916541412e-05, 2.98570939776e-05, 3.5422595829e-05, 1.79630842467e-05, 1.00161087175e-05, 1.00309216577e-05, 1.0059282431e-05, 7.5896296039e-06, 5.59880209039e-06, 8.81965388544e-06, 9.08692618395e-06, 8.38361847855e-06, 6.25525672149e-06, 4.03194917453e-06, 5.30207080374e-06, 5.73670968151e-06, 6.17332352704e-06, 6.13328302279e-06, 5.26343137608e-06, 4.41244628746e-06, 3.18626825901e-06, 2.23030679081e-06, 1.45150079334e-06, 1.3519551203e-06, 2.08404139812e-06],
        "dmean2": [0.00233584293164, 0.00412369566038, 0.00162739388179, 0.00107524113264, 0.000178422778845, 0.000123243386042, 0.000214490748476, 0.000165623481735, 0.000129940905026, 0.000118474999908, 7.03668702045e-05, 6.73072281643e-05, 6.96580682416e-05, 3.96551258746e-05, 2.96865982818e-05, 3.9588096115e-05, 4.50360130344e-05, 5.35909930477e-05, 2.95220743283e-05, 1.61980933626e-05, 1.51058484334e-05, 1.56718397193e-05, 1.16430983326e-05, 8.73775752552e-06, 1.4100174667e-05, 1.47738173837e-05, 1.38127779792e-05, 1.01001287476e-05, 6.35496644463e-06, 8.59105512063e-06, 8.60994987306e-06, 9.60178476817e-06, 9.37663207878e-06, 7.87849148765e-06, 6.65650441078e-06, 4.78760694023e-06, 3.43489682564e-06, 2.23392726184e-06, 2.12200302485e-06, 3.2182688301e-06],
        "dvar": [1.50119103637e-05, 4.54147120763e-05, 7.13037525202e-06, 4.67453492092e-06, 4.10038936138e-08, 1.52660035724e-08, 8.67502336632e-08, 1.90770094832e-07, 7.73047830194e-08, 4.34643361302e-08, 7.57761497994e-09, 9.90087656305e-09, 4.08376337191e-08, 4.89014295724e-09, 2.53511234227e-09, 7.58771356857e-09, 1.15216503005e-08, 2.57597676523e-08, 2.23643636943e-09, 4.88850737668e-10, 6.80340950243e-10, 3.94527910341e-10, 2.90945351145e-10, 1.05692295194e-10, 6.81012135573e-10, 7.1763234244e-10, 3.58916590892e-10, 1.58301788344e-10, 5.19241594166e-11, 1.39080288952e-10, 1.78429396258e-10, 1.5618921434e-10, 1.60396015914e-10, 9.8381899849e-11, 6.80327877367e-11, 3.2304978137e-11, 2.07891950182e-11, 7.54683641968e-12, 1.05285910199e-11, 2.62940086371e-11],
        "dvar2": [3.53409268428e-05, 0.000127455481561, 1.94728945644e-05, 1.28082019728e-05, 1.04234601395e-07, 3.94554469096e-08, 2.00761334668e-07, 4.18323168105e-07, 1.45831762666e-07, 1.06789677545e-07, 1.54999479918e-08, 2.08743067276e-08, 1.04585517136e-07, 1.32041400036e-08, 6.13664941085e-09, 1.89956228525e-08, 2.36359323225e-08, 5.79897836417e-08, 5.59996760074e-09, 1.19724785641e-09, 1.61371238594e-09, 9.13692566051e-10, 7.08491765256e-10, 2.35713504271e-10, 1.61185831349e-09, 1.76601822055e-09, 7.97569177369e-10, 3.58084867313e-10, 1.23666188401e-10, 3.41044831265e-10, 4.22001183997e-10, 3.87497228749e-10, 3.60173058045e-10, 2.17309226169e-10, 1.63216051785e-10, 6.92794363544e-11, 5.01096976413e-11, 1.7593473553e-11, 2.60422308718e-11, 5.93701199314e-11],
        "max": [0.02570248954, 0.0434923432767, 0.0253053233027, 0.0208522509784, 0.00236810697243, 0.00124287884682, 0.00457864021882, 0.0118712903932, 0.00545336771756, 0.00382902636193, 0.00165349605959, 0.0019831401296, 0.00468600634485, 0.0014861440286, 0.000774048909079, 0.00203539524227, 0.0020664029289, 0.00447796564549, 0.000617718324065, 0.000421622535214, 0.000523723370861, 0.000221698719542, 0.000238779204665, 0.000165407080203, 0.000656096439343, 0.000581796164624, 0.000239361397689, 0.000156659909408, 6.29626083537e-05, 0.000224630202865, 0.000232083970332, 0.000154416702571, 0.000244465889409, 0.000140660646139, 9.66978623183e-05, 9.20331076486e-05, 7.43350974517e-05, 3.59248624591e-05, 6.50762376608e-05, 5.429851808e-05],
        "mean": [0.00140362931415, 0.00164278398734, 0.000877033453435, 0.00065986381378, 0.000184733027709, 0.000186611214303, 0.000285994523438, 0.000186307559488, 0.000138147108373, 0.00010902617214, 8.2598256995e-05, 7.45714569348e-05, 6.37321936665e-05, 3.55965275958e-05, 2.63548736257e-05, 3.48940957338e-05, 4.57166242995e-05, 5.99183003942e-05, 2.49196018558e-05, 1.62132218975e-05, 1.61294919963e-05, 1.68252536241e-05, 1.13424048322e-05, 9.26090433495e-06, 1.42183198477e-05, 1.34352694658e-05, 1.14833301268e-05, 9.16148383112e-06, 6.46221269562e-06, 8.27729672892e-06, 9.19749436434e-06, 1.02245003291e-05, 1.02910762507e-05, 9.18375735637e-06, 7.43001010051e-06, 5.73757233724e-06, 3.8873909034e-06, 2.3989375677e-06, 1.96484961634e-06, 3.1293691336e-06],
        "median": [0.000197181710973, 0.00016787298955, 0.000161600997671, 0.000223382448894, 0.000113179026812, 0.000126178201754, 0.000157285350724, 7.51374027459e-05, 5.43099340575e-05, 3.21297156916e-05, 3.13516466122e-05, 2.00914364541e-05, 1.15288776215e-05, 1.23912641357e-05, 7.65947970649e-06, 9.25936546992e-06, 8.42654753797e-06, 8.03309103503e-06, 3.36939410772e-06, 5.99784380029e-06, 4.5324304665e-06, 5.09578649144e-06, 3.92869333155e-06, 3.8711864363e-06, 5.1182464631e-06, 5.10954441779e-06, 4.10218353863e-06, 2.78683228316e-06, 2.70128384727e-06, 2.45797650678e-06, 2.75265551863e-06, 2.7102103104e-06, 2.96414737022e-06, 2.5456088224e-06, 2.38729171542e-06, 1.83247379937e-06, 1.13683643121e-06, 6.95226162861e-07, 5.29372982783e-07, 5.45077114111e-07],
        "min": [2.19272294544e-07, 1.53930386659e-07, 3.07144972567e-07, 3.08595502929e-07, 2.96234418329e-07, 1.71752958522e-06, 7.61597220844e-07, 3.52508664037e-07, 1.79282722002e-07, 7.77212889602e-08, 2.05628793992e-07, 3.63427943739e-07, 5.96617582005e-08, 8.66020002377e-08, 1.04439202175e-07, 8.70470628911e-08, 1.05553240815e-07, 9.61371000585e-08, 3.3113703779e-08, 3.72377151336e-08, 3.87907448385e-08, 2.55373766578e-08, 4.38098979316e-08, 2.32046737381e-08, 3.68888990465e-08, 3.41391910297e-08, 2.29031300591e-08, 1.93493221445e-09, 2.93545081576e-08, 2.85185546289e-08, 2.95429707364e-08, 2.23756160267e-08, 1.39137235067e-08, 3.62536245468e-09, 8.5495122093e-09, 5.00787766811e-09, 1.26753163521e-09, 1.32275801423e-09, 1.04793396183e-09, 3.12388143131e-10],
