{
"highlevel": {
    "danceability": {
        "all": {
            "danceable": 0.999874651432,
            "not_danceable": 0.000125334699987
        },
        "probability": 0.999874651432,
        "value": "danceable"
    },
    "gender": {
        "all": {
            "female": 0.82598721981,
            "male": 0.174012765288
        },
        "probability": 0.82598721981,
        "value": "female"
    },
    "genre_dortmund": {
        "all": {
            "alternative": 0.0192447863519,
            "blues": 0.0854998826981,
            "electronic": 0.0593694485724,
            "folkcountry": 0.0174470990896,
            "funksoulrnb": 0.117565728724,
            "jazz": 0.0291175413877,
            "pop": 0.0793517529964,
            "raphiphop": 0.560132205486,
            "rock": 0.0322715416551
        },
        "probability": 0.560132205486,
        "value": "raphiphop"
    },
    "genre_electronic": {
        "all": {
            "ambient": 0.103911682963,
            "dnb": 0.469922870398,
            "house": 0.292604744434,
            "techno": 0.0174662806094,
            "trance": 0.116094410419
        },
        "probability": 0.469922870398,
        "value": "dnb"
    },
    "genre_rosamerica": {
        "all": {
            "cla": 0.00230446201749,
            "dan": 0.09601983428,
            "hip": 0.246119424701,
            "jaz": 0.00384458038025,
            "pop": 0.581145524979,
            "rhy": 0.0613632053137,
            "roc": 0.00727640092373,
            "spe": 0.0019265813753
        },
        "probability": 0.581145524979,
        "value": "pop"
    },
    "genre_tzanetakis": {
        "all": {
            "blu": 0.0626613423228,
            "cla": 0.0348169617355,
            "cou": 0.104475811124,
            "dis": 0.0784321576357,
            "hip": 0.15692435205,
            "jaz": 0.313974827528,
            "met": 0.0448166541755,
            "pop": 0.0627359300852,
            "reg": 0.0627360641956,
            "roc": 0.0784258767962
        },
        "probability": 0.313974827528,
        "value": "jaz"
    },
    "ismir04_rhythm": {
        "all": {
            "ChaChaCha": 0.00172280659899,
            "Jive": 0.013505378738,
            "Quickstep": 0.0918232575059,
            "Rumba-American": 0.00576329091564,
            "Rumba-International": 0.00363027094863,
            "Rumba-Misc": 0.00107193586882,
            "Samba": 0.87774091959,
            "Tango": 0.00202032364905,
            "VienneseWaltz": 0.00174054130912,
            "Waltz": 0.000981269520707
        },
        "probability": 0.87774091959,
        "value": "Samba"
    },
    "mood_acoustic": {
        "all": {
            "acoustic": 0.00454919412732,
            "not_acoustic": 0.995450794697
        },
        "probability": 0.995450794697,
        "value": "not_acoustic"
    },
    "mood_aggressive": {
        "all": {
            "aggressive": 0.631563782692,
            "not_aggressive": 0.368436217308
        },
        "probability": 0.631563782692,
        "value": "aggressive"
    },
    "mood_electronic": {
        "all": {
            "electronic": 0.454423546791,
            "not_electronic": 0.545576453209
        },
        "probability": 0.545576453209,
        "value": "not_electronic"
    },
    "mood_happy": {
        "all": {
            "happy": 0.860536813736,
            "not_happy": 0.139463201165
        },
        "probability": 0.860536813736,
        "value": "happy"
    },
    "mood_party": {
        "all": {
            "not_party": 0.0709393918514,
            "party": 0.929060578346
        },
        "probability": 0.929060578346,
        "value": "party"
    },
    "mood_relaxed": {
        "all": {
            "not_relaxed": 0.853592157364,
            "relaxed": 0.146407827735
        },
        "probability": 0.853592157364,
        "value": "not_relaxed"
    },
    "mood_sad": {
        "all": {
            "not_sad": 0.955777227879,
            "sad": 0.0442227460444
        },
        "probability": 0.955777227879,
        "value": "not_sad"
    },
    "moods_mirex": {
        "all": {
            "Cluster1": 0.214856222272,
            "Cluster2": 0.206819877028,
            "Cluster3": 0.209884464741,
            "Cluster4": 0.242123126984,
            "Cluster5": 0.126316308975
        },
        "probability": 0.242123126984,
        "value": "Cluster4"
    },
    "timbre": {
        "all": {
            "bright": 0.992392241955,
            "dark": 0.00760773289949
        },
        "probability": 0.992392241955,
        "value": "bright"
    },
    "tonal_atonal": {
        "all": {
            "atonal": 0.961674571037,
            "tonal": 0.0383254140615
        },
        "probability": 0.961674571037,
        "value": "atonal"
    },
    "voice_instrumental": {
        "all": {
            "instrumental": 0.0462940745056,
            "voice": 0.953705906868
        },
        "probability": 0.953705906868,
        "value": "voice"
    }
},
"lowlevel": {
    "average_loudness": 0.985562980175,
    "barkbands_crest": {
        "dmean": 3.85761260986,
        "dmean2": 6.42134094238,
        "dvar": 12.2325258255,
        "dvar2": 29.5263957977,
        "max": 26.4636249542,
        "mean": 13.1441335678,
        "median": 12.202214241,
        "min": 2.58017539978,
        "var": 29.2992134094
    },
    "barkbands_flatness_db": {
        "dmean": 0.0375135056674,
        "dmean2": 0.056706238538,
        "dvar": 0.00130318035372,
        "dvar2": 0.00294717377983,
        "max": 0.435934692621,
        "mean": 0.16031190753,
        "median": 0.157439514995,
        "min": 0.0317358747125,
        "var": 0.00360129843466
    },
    "barkbands_kurtosis": {
        "dmean": 8.77478313446,
        "dmean2": 14.9270429611,
        "dvar": 581.440490723,
        "dvar2": 1457.69775391,
        "max": 383.989593506,
        "mean": 8.36877250671,
        "median": 0.944740772247,
        "min": -1.88373196125,
        "var": 820.300842285
    },
    "barkbands_skewness": {
        "dmean": 1.11359155178,
        "dmean2": 1.74877929688,
        "dvar": 1.84243047237,
        "dvar2": 4.24247741699,
        "max": 17.8267784119,
        "mean": 1.79224765301,
        "median": 1.16409528255,
        "min": -2.66998934746,
        "var": 4.51916122437
    },
    "barkbands_spread": {
        "dmean": 11.1660041809,
        "dmean2": 17.3861865997,
        "dvar": 142.484649658,
        "dvar2": 331.571228027,
        "max": 110.851333618,
        "mean": 28.8533477783,
        "median": 26.9651985168,
        "min": 0.429704725742,
        "var": 313.836029053
    },
    "dissonance": {
        "dmean": 0.0246791988611,
        "dmean2": 0.0407672598958,
        "dvar": 0.000600975705311,
        "dvar2": 0.00154763902538,
        "max": 0.499864369631,
        "mean": 0.461602926254,
        "median": 0.470467954874,
        "min": 0.28887835145,
        "var": 0.00101119000465
    },
    "dynamic_complexity": 1.78870582581,
    "erbbands_crest": {
        "dmean": 3.87172985077,
        "dmean2": 6.08461046219,
        "dvar": 11.7468214035,
        "dvar2": 27.4171905518,
        "max": 32.3218231201,
        "mean": 10.530673027,
        "median": 9.36058139801,
        "min": 2.59742951393,
        "var": 28.9113368988
    },
    "erbbands_flatness_db": {
        "dmean": 0.0272126179188,
        "dmean2": 0.0378661789,
        "dvar": 0.000636419164948,
        "dvar2": 0.00121308211237,
        "max": 0.321578979492,
        "mean": 0.150019153953,
        "median": 0.14219519496,
        "min": 0.060326423496,
        "var": 0.00218832399696
    },
    "erbbands_kurtosis": {
        "dmean": 1.7125890255,
        "dmean2": 2.78380918503,
        "dvar": 8.94064903259,
        "dvar2": 23.2092590332,
        "max": 49.2355308533,
        "mean": 0.962655723095,
        "median": 0.0104658603668,
        "min": -1.76993465424,
        "var": 10.2752094269
    },
    "erbbands_skewness": {
        "dmean": 0.559900403023,
        "dmean2": 0.870395958424,
        "dvar": 0.308801621199,
        "dvar2": 0.731246948242,
        "max": 3.69879317284,
        "mean": 0.214161098003,
        "median": 0.174246460199,
        "min": -3.2621254921,
        "var": 0.783730626106
    },
    "erbbands_spread": {
        "dmean": 13.9975996017,
        "dmean2": 21.285905838,
        "dvar": 200.123458862,
        "dvar2": 433.781280518,
        "max": 169.798873901,
        "mean": 41.680103302,
        "median": 38.0189552307,
        "min": 2.65468621254,
        "var": 528.96496582
    },
    "hfc": {
        "dmean": 14.8556137085,
        "dmean2": 22.6696205139,
        "dvar": 307.108276367,
        "dvar2": 757.631835938,
        "max": 143.394470215,
        "mean": 32.0139045715,
        "median": 30.6950969696,
        "min": 0.104753516614,
        "var": 536.063354492
    },
    "melbands_crest": {
        "dmean": 4.38538599014,
        "dmean2": 7.12067985535,
        "dvar": 16.1079826355,
        "dvar2": 39.2438316345,
        "max": 35.7683334351,
        "mean": 18.8819065094,
        "median": 18.204914093,
        "min": 3.29395198822,
        "var": 50.0821456909
    },
    "melbands_flatness_db": {
        "dmean": 0.0444285050035,
        "dmean2": 0.0678411945701,
        "dvar": 0.00193537236191,
        "dvar2": 0.00423757405952,
        "max": 0.55246758461,
        "mean": 0.207658305764,
        "median": 0.197832763195,
        "min": 0.0302477721125,
        "var": 0.00649703107774
    },
    "melbands_kurtosis": {
        "dmean": 23.0993995667,
        "dmean2": 37.9713897705,
        "dvar": 3005.46459961,
        "dvar2": 8391.6875,
        "max": 1136.84130859,
        "mean": 26.6208209991,
        "median": 6.95842933655,
        "min": -1.85188436508,
        "var": 4452.85498047
    },
    "melbands_skewness": {
        "dmean": 1.57810199261,
        "dmean2": 2.43583846092,
        "dvar": 3.24428272247,
        "dvar2": 7.69580936432,
        "max": 25.5428600311,
        "mean": 3.32506346703,
        "median": 2.41468405724,
        "min": -1.55199074745,
        "var": 8.85013771057
    },
    "melbands_spread": {
        "dmean": 13.8699903488,
        "dmean2": 22.4552249908,
        "dvar": 372.916778564,
        "dvar2": 958.115234375,
        "max": 231.959960938,
        "mean": 28.7521018982,
        "median": 26.0097732544,
        "min": 0.299689501524,
        "var": 534.122924805
    },
    "pitch_salience": {
        "dmean": 0.102912858129,
        "dmean2": 0.168419450521,
        "dvar": 0.00932250637561,
        "dvar2": 0.0215643495321,
        "max": 0.850282609463,
        "mean": 0.440514475107,
        "median": 0.439602375031,
        "min": 0.0393700301647,
        "var": 0.0265342667699
    },
    "silence_rate_20dB": {
        "dmean": 0,
        "dmean2": 0,
        "dvar": 0,
        "dvar2": 0,
        "max": 1,
        "mean": 1,
        "median": 1,
        "min": 1,
        "var": 0
    },
    "silence_rate_30dB": {
        "dmean": 0.0030959751457,
        "dmean2": 0.00619674660265,
        "dvar": 0.00308638368733,
        "dvar2": 0.00925670750439,
        "max": 1,
        "mean": 0.998453199863,
        "median": 1,
        "min": 0,
        "var": 0.00154439662583
    },
    "silence_rate_60dB": {
        "dmean": 0.0185758508742,
        "dmean2": 0.0371804796159,
        "dvar": 0.0182309169322,
        "dvar2": 0.0466417111456,
        "max": 1,
        "mean": 0.0146945090964,
        "median": 0,
        "min": 0,
        "var": 0.0144783295691
    },
    "spectral_centroid": {
        "dmean": 455.258911133,
        "dmean2": 718.621765137,
        "dvar": 224679.078125,
        "dvar2": 526278.5625,
        "max": 5154.97363281,
        "mean": 1846.63146973,
        "median": 1809.72009277,
        "min": 198.442489624,
        "var": 490167.03125
    },
    "spectral_complexity": {
        "dmean": 6.81114530563,
        "dmean2": 9.94887638092,
        "dvar": 54.967376709,
        "dvar2": 111.8411026,
        "max": 54,
        "mean": 19.0177879333,
        "median": 17,
        "min": 0,
        "var": 117.335289001
    },
    "spectral_decrease": {
        "dmean": 3.74522945989e-09,
        "dmean2": 5.81943782052e-09,
        "dvar": 1.82162260436e-17,
        "dvar2": 5.16551892488e-17,
        "max": -3.88489310166e-11,
        "mean": -9.41707245516e-09,
        "median": -8.28637780614e-09,
        "min": -3.47193456207e-08,
        "var": 3.62606433652e-17
    },
    "spectral_energy": {
        "dmean": 0.0147919179872,
        "dmean2": 0.0227203611284,
        "dvar": 0.000260843691649,
        "dvar2": 0.000735702633392,
        "max": 0.132158026099,
        "mean": 0.0384459719062,
        "median": 0.0347192771733,
        "min": 0.000168926228071,
        "var": 0.000540107837878
    },
    "spectral_energyband_high": {
        "dmean": 0.00121360900812,
        "dmean2": 0.0018627748359,
        "dvar": 3.18063462146e-06,
        "dvar2": 7.73462488723e-06,
        "max": 0.0138848870993,
        "mean": 0.00174943287857,
        "median": 0.000920842576306,
        "min": 4.98447661812e-07,
        "var": 4.38642473455e-06
    },
    "spectral_energyband_low": {
        "dmean": 0.0108513599262,
        "dmean2": 0.0179939381778,
        "dvar": 0.000317252444802,
        "dvar2": 0.000914260279387,
        "max": 0.126632064581,
        "mean": 0.0202946253121,
        "median": 0.0133619559929,
        "min": 1.4105144146e-06,
        "var": 0.000528867938556
    },
    "spectral_energyband_middle_high": {
        "dmean": 0.00482514314353,
        "dmean2": 0.00701101077721,
        "dvar": 3.1156152545e-05,
        "dvar2": 6.85977938701e-05,
        "max": 0.0545447953045,
        "mean": 0.00904304627329,
        "median": 0.00665308116004,
        "min": 1.69079830812e-05,
        "var": 7.60753173381e-05
    },
    "spectral_energyband_middle_low": {
        "dmean": 0.0045087360777,
        "dmean2": 0.00718522816896,
        "dvar": 3.36432931363e-05,
        "dvar2": 7.79205365689e-05,
        "max": 0.0443238131702,
        "mean": 0.00773005699739,
        "median": 0.00474551599473,
        "min": 8.49260541145e-05,
        "var": 6.39015634079e-05
    },
    "spectral_entropy": {
        "dmean": 0.245582222939,
        "dmean2": 0.330737560987,
        "dvar": 0.0482820495963,
        "dvar2": 0.0912735015154,
        "max": 8.79398536682,
        "mean": 7.68497943878,
        "median": 7.67326927185,
        "min": 6.41417551041,
        "var": 0.162644550204
    },
    "spectral_flux": {
        "dmean": 0.0354761742055,
        "dmean2": 0.0566001497209,
        "dvar": 0.000950301007833,
        "dvar2": 0.00231246673502,
        "max": 0.266605138779,
        "mean": 0.115005835891,
        "median": 0.114621408284,
        "min": 0.0107078757137,
        "var": 0.00240539130755
    },
    "spectral_kurtosis": {
        "dmean": 1.36242580414,
        "dmean2": 2.03619170189,
        "dvar": 1.86027848721,
        "dvar2": 3.98874115944,
        "max": 18.7119445801,
        "mean": 3.30790495872,
        "median": 2.89501667023,
        "min": -1.1824811697,
        "var": 4.86708307266
    },
    "spectral_rms": {
        "dmean": 0.00118335965089,
        "dmean2": 0.00175177981146,
        "dvar": 1.32031459543e-06,
        "dvar2": 3.31507953888e-06,
        "max": 0.0113549400121,
        "mean": 0.00582384318113,
        "median": 0.00582000566646,
        "min": 0.000405963161029,
        "var": 3.5911143641e-06
    },
    "spectral_rolloff": {
        "dmean": 1032.34375,
        "dmean2": 1796.04650879,
        "dvar": 2676487.25,
        "dvar2": 6163206.5,
        "max": 12575.390625,
        "mean": 1799.89575195,
        "median": 1205.859375,
        "min": 64.599609375,
        "var": 3761202
    },
    "spectral_skewness": {
        "dmean": 0.269396573305,
        "dmean2": 0.403272986412,
        "dvar": 0.0662022978067,
        "dvar2": 0.136999472976,
        "max": 3.20485758781,
        "mean": 1.34047245979,
        "median": 1.30672085285,
        "min": -0.0308266952634,
        "var": 0.189673736691
    },
    "spectral_spread": {
        "dmean": 905544,
        "dmean2": 1282053.375,
        "dvar": 1.04781984563e+12,
        "dvar2": 1.97073436672e+12,
        "max": 14840397,
        "mean": 5304359,
        "median": 4938178,
        "min": 2130848,
        "var": 2.70771945472e+12
    },
    "spectral_strongpeak": {
        "dmean": 0.641289412975,
        "dmean2": 1.06364095211,
        "dvar": 1.36721003056,
        "dvar2": 2.9796397686,
        "max": 10.0227050781,
        "mean": 0.998963415623,
        "median": 0.407303214073,
        "min": 0,
        "var": 2.17426848412
    },
    "zerocrossingrate": {
        "dmean": 0.0173944532871,
        "dmean2": 0.0200588665903,
        "dvar": 0.000369030865841,
        "dvar2": 0.000467054574983,
        "max": 0.33251953125,
        "mean": 0.06809540838,
        "median": 0.0634765625,
        "min": 0.0029296875,
        "var": 0.00178111856803
    },
    "barkbands": {
        "dmean": [0.000660327728838, 0.00969967618585, 0.00150431785733, 0.00060489855241, 0.00169316772372, 0.00105074280873, 0.000330679293256, 0.000484620744828, 0.00206424319185, 0.000489583646413, 0.00203478499316, 0.00111609941814, 0.00106377154589, 0.000489438709337, 0.000475855951663, 0.000333091506036, 0.00035132249468, 0.000408384279581, 0.000562251603696, 0.00038617401151, 0.000288929964881, 0.00024053035304, 0.000210279074963, 0.000229820725508, 0.000205165386433, 9.04593034647e-05, 1.87654563888e-07],
        "dmean2": [0.00105437636375, 0.0163953807205, 0.00234742462635, 0.00104932312388, 0.00275383447297, 0.0016987726558, 0.00054521166021, 0.000779944937676, 0.00333877792582, 0.000793721294031, 0.00306247523986, 0.00181848939974, 0.00169738940895, 0.000792900042143, 0.000741218624171, 0.000544495880604, 0.000586220994592, 0.000667304673698, 0.000876583042555, 0.000595239107497, 0.000464734679554, 0.000373419810785, 0.000319954211591, 0.000361951475497, 0.000341932493029, 0.000150884778122, 3.12728701601e-07],
        "dvar": [1.74579918166e-06, 0.000270383316092, 1.95934244402e-05, 2.99947760141e-06, 1.44857176565e-05, 3.10497944156e-06, 3.80298814662e-07, 9.65980234469e-07, 1.35331711135e-05, 1.71079886968e-06, 1.73041462403e-05, 7.6755795817e-06, 5.25813902641e-06, 1.18936907256e-06, 1.12282873488e-06, 5.96901770678e-07, 4.62806326595e-07, 6.43224893793e-07, 7.33507135919e-07, 3.14396118029e-07, 2.07904633953e-07, 1.82334403576e-07, 1.43147119047e-07, 1.91134517991e-07, 2.24749911126e-07, 2.99937497061e-08, 3.51584267342e-13],
        "dvar2": [5.18529031979e-06, 0.000804781157058, 4.59150178358e-05, 8.23740447231e-06, 3.38669415214e-05, 7.1726576607e-06, 9.37534309742e-07, 2.01241323339e-06, 3.04258974211e-05, 3.53236873707e-06, 3.7731770135e-05, 1.8293148969e-05, 1.25653768919e-05, 2.85723626803e-06, 2.16241255657e-06, 1.58327691224e-06, 1.09271127258e-06, 1.59115825227e-06, 1.59653302489e-06, 6.97174868947e-07, 5.19273100963e-07, 4.44679841394e-07, 3.15919379545e-07, 4.81408335418e-07, 5.89089097502e-07, 8.09719225003e-08, 8.38597800142e-13],
        "max": [0.00967797916383, 0.11928281188, 0.0627766624093, 0.0168448891491, 0.0355876870453, 0.0194691196084, 0.00832086242735, 0.01444789581, 0.0326219275594, 0.0210708472878, 0.0533881485462, 0.0412876568735, 0.023909650743, 0.0119210118428, 0.0173950716853, 0.0103617003188, 0.0103636272252, 0.00820652209222, 0.00917610619217, 0.0061884727329, 0.0033840702381, 0.00389572093263, 0.00429664738476, 0.00499881943688, 0.0047452528961, 0.00156251923181, 7.58874421081e-06],
        "mean": [0.0008848135476, 0.0170720759779, 0.00207010260783, 0.000580120075028, 0.00201429799199, 0.00142474495806, 0.000369227782357, 0.000613266252913, 0.00253120064735, 0.00057216436835, 0.00264441571198, 0.00128245167434, 0.00125267496333, 0.000509479548782, 0.000554757018108, 0.000393118534703, 0.000385880761314, 0.000423147517722, 0.00076861231355, 0.000564892310649, 0.000389185501263, 0.000305194611428, 0.000248059717705, 0.000279014289845, 0.000215917665628, 9.69976535998e-05, 1.49706892216e-07],
        "median": [0.000142581266118, 0.0108861085027, 0.000176732399268, 8.4403771325e-05, 0.000462283293018, 0.000622249499429, 0.000138585761306, 0.000169947627001, 0.000688456988428, 0.000125738908537, 0.000571585958824, 0.00026128810714, 0.000232215345022, 0.000139187119203, 0.000128349740407, 0.000140786491102, 0.000142583230627, 9.297150973e-05, 0.000296595331747, 0.000263770925812, 0.000187555211596, 0.000117281015264, 6.65231636958e-05, 0.000111483452201, 7.81024136813e-05, 4.26748119935e-05, 2.0416563995e-09],
        "min": [3.20726711855e-09, 9.57160963821e-08, 8.35177758063e-08, 2.47722795166e-07, 4.67752397526e-06, 1.04140026451e-05, 9.97777078737e-07, 7.76877413955e-07, 1.38390259963e-06, 1.00655074675e-06, 2.02347791856e-06, 6.85144414092e-07, 9.70488599705e-07, 6.23495566288e-07, 2.22951356932e-07, 1.06853747184e-06, 4.87770876134e-07, 1.45436473531e-07, 7.69637097164e-07, 3.98812460389e-07, 1.13523654477e-07, 2.12745717931e-07, 2.25751488614e-08, 5.22894225696e-08, 7.78717756944e-10, 2.54222864982e-10, 6.26073325127e-12],
        "var": [2.40373924498e-06, 0.000394385861, 2.23903061851e-05, 2.40690155806e-06, 1.93591822608e-05, 5.13074019182e-06, 4.21679175133e-07, 1.82870064691e-06, 2.01487710001e-05, 2.74128433375e-06, 2.70766249741e-05, 1.29694672069e-05, 7.08848119757e-06, 1.36398705308e-06, 2.04976117857e-06, 6.30098895726e-07, 5.10873576332e-07, 6.76128649957e-07, 1.26744589579e-06, 5.92468666127e-07, 2.6365097483e-07, 2.29106518645e-07, 1.9161667808e-07, 2.29949478125e-07, 2.05988811786e-07, 2.74085856233e-08, 3.02557295623e-13]
    },
    "erbbands": {
        "dmean": [0.375553429127, 1.88211429119, 1.99098396301, 1.54447257519, 4.4708571434, 5.41120862961, 7.11631441116, 8.86790752411, 4.17464923859, 7.1437921524, 15.1531496048, 55.6995201111, 18.3444442749, 27.0033321381, 89.6519927979, 38.2922286987, 50.0453987122, 20.5923900604, 26.454328537, 23.9361286163, 15.5809459686, 18.5100746155, 21.0618839264, 21.3462238312, 30.5734863281, 17.9042224884, 11.2869625092, 12.632648468, 8.42953300476, 6.66081762314, 6.08747816086, 5.26575946808, 3.60691475868, 2.35546112061, 1.46803379059, 0.564819276333, 0.158113777637, 0.0106567395851, 0.000225162526476, 2.77404833469e-05],
        "dmean2": [0.624443113804, 3.19711780548, 2.99950122833, 2.41722869873, 7.36043262482, 8.81984233856, 11.8332901001, 14.3100881577, 6.75034093857, 11.7430877686, 24.0659484863, 89.3206329346, 27.9559307098, 42.3193092346, 134.380645752, 60.995552063, 79.535736084, 32.7843017578, 42.2125854492, 35.9716072083, 24.941493988, 30.473903656, 33.8627510071, 34.8233680725, 45.9842376709, 27.6040821075, 17.9221363068, 20.653459549, 12.9880895615, 9.77653980255, 9.46176052094, 8.3258523941, 5.837454319, 3.96080780029, 2.45088410378, 0.946368098259, 0.266133546829, 0.0181693118066, 0.000371235510102, 4.3938831368e-05],
        "dvar": [0.439857274294, 11.6620674133, 28.0019226074, 15.5346002579, 106.180427551, 152.543502808, 156.975860596, 243.917449951, 44.489528656, 225.115829468, 783.977783203, 10955.0234375, 1322.49743652, 3301.23461914, 33468.1328125, 7289.18212891, 11803.4306641, 1517.53222656, 3020.19921875, 3376.00537109, 964.022827148, 1304.64599609, 1773.95532227, 1369.70825195, 2229.20947266, 683.008056641, 305.868408203, 511.576904297, 224.320053101, 130.806762695, 126.456199646, 88.9533996582, 57.8496017456, 26.1115131378, 12.5487976074, 1.27767384052, 0.0957025438547, 0.000417077128077, 1.82344166433e-07, 1.234063296e-09],
        "dvar2": [1.27782452106, 34.3748016357, 60.9585838318, 37.0169181824, 238.159713745, 386.610351562, 391.693847656, 547.804443359, 105.901725769, 564.457641602, 1685.71960449, 24902.171875, 2598.19042969, 6805.30517578, 78933.046875, 16378.7714844, 27944.8808594, 3630.27856445, 6728.89990234, 6095.92138672, 2506.59594727, 3022.51660156, 4361.22265625, 3425.01733398, 4675.69921875, 1438.59130859, 738.799072266, 1372.69433594, 535.070068359, 287.053222656, 289.904327393, 223.101303101, 150.189956665, 68.1820983887, 33.0963935852, 3.41638278961, 0.258167922497, 0.00111056107562, 4.69159147087e-07, 3.01056735097e-09],
        "max": [5.25215864182, 23.9940376282, 73.2676467896, 45.7350311279, 84.9145965576, 113.186759949, 189.17539978, 187.700454712, 81.6919937134, 187.485748291, 395.49911499, 1011.14141846, 594.190673828, 899.681518555, 1817.76916504, 2093.74633789, 1261.54443359, 565.689697266, 940.78527832, 1244.56860352, 429.958740234, 643.207580566, 405.180847168, 514.279052734, 533.39050293, 331.544830322, 228.171234131, 181.394180298, 139.984130859, 95.9345855713, 145.671707153, 103.807434082, 90.4904556274, 45.9993972778, 38.6213951111, 10.3310060501, 3.14708590508, 0.237162575126, 0.00443570921198, 0.000375777191948],
        "mean": [0.607893109322, 3.27918767929, 3.43514990807, 2.0046415329, 4.91131210327, 6.17209815979, 9.03091144562, 11.8611688614, 5.40045595169, 8.15485477448, 20.6591777802, 66.8419036865, 23.9261550903, 36.9777107239, 117.528747559, 52.9417037964, 59.8778533936, 24.7723789215, 31.9093799591, 29.8774051666, 19.3073692322, 20.71185112, 23.0503826141, 25.7852325439, 44.9571037292, 27.3704071045, 15.9358606339, 15.8312263489, 11.2009410858, 8.22535133362, 6.99592971802, 6.27620267868, 4.23806428909, 2.50528430939, 1.46676588058, 0.576319158077, 0.166420787573, 0.0107401683927, 0.000264533387963, 6.33924355498e-05],
        "median": [0.343915492296, 2.60343003273, 1.1039056778, 0.523284673691, 0.706145644188, 1.67763698101, 3.70727348328, 5.10181188583, 2.74137067795, 3.15693545341, 7.05304336548, 18.61469841, 8.54048442841, 9.99900341034, 29.9907646179, 16.0231800079, 12.4547920227, 9.48673915863, 8.41079425812, 8.83584880829, 7.48764038086, 7.34142351151, 6.3302693367, 9.74513149261, 19.6315479279, 13.9551210403, 7.68056535721, 7.88791513443, 4.42244625092, 2.28126144409, 1.98509931564, 2.47764015198, 1.57769048214, 0.884869873524, 0.484450161457, 0.20718203485, 0.0694033429027, 0.00387042132206, 0.000119416108646, 5.57459825359e-05],
        "min": [7.53642416385e-06, 5.00714158989e-05, 0.000179262206075, 0.00152006791905, 0.00568421464413, 0.0327531993389, 0.0425541475415, 0.104235418141, 0.0361107289791, 0.0258753541857, 0.0643915981054, 0.0423628203571, 0.0256058648229, 0.025083584711, 0.125587835908, 0.0350180827081, 0.0527310967445, 0.044987667352, 0.027147423476, 0.0376156568527, 0.0472264811397, 0.0276476554573, 0.00938509311527, 0.0101340394467, 0.0453330948949, 0.0218621660024, 0.00381036056206, 0.00927277654409, 0.00736971059814, 0.000794106803369, 0.000731242645998, 0.000676200375892, 0.000839350919705, 0.000273297860986, 0.000188409088878, 5.87700051256e-05, 9.13765870791e-06, 5.90441914028e-07, 1.5771389883e-07, 1.99989841576e-07],
        "var": [0.722823679447, 14.8262319565, 39.5815620422, 19.6074943542, 136.397689819, 170.335403442, 207.563537598, 394.488006592, 58.6503410339, 240.203964233, 1520.53125, 15261.2607422, 2498.20727539, 6222.07324219, 49709.2578125, 18176.515625, 16057.5625, 1945.2043457, 5206.91748047, 6093.90380859, 1087.49267578, 1491.18725586, 1892.04736328, 1625.17175293, 4322.671875, 1350.2409668, 418.896850586, 532.15246582, 295.812530518, 182.045257568, 158.440612793, 107.905052185, 63.9196205139, 25.4193153381, 10.8635005951, 1.16035938263, 0.0852870866656, 0.000382636062568, 1.81863896387e-07, 1.91841054153e-09]
    },
    "gfcc": {
        "mean": [22.1511802673, 63.519733429, -114.249961853, 35.1494140625, -58.5953407288, 29.3256664276, -26.3051681519, 20.7389297485, -29.282497406, 13.2572975159, -10.0243864059, 7.55666923523, -4.73653793335],
        "cov": [[3419.66845703, -705.80657959, -225.105453491, 122.99634552, -106.962493896, 54.1314697266, -112.691612244, 80.6405029297, -108.532119751, -4.88859987259, -176.830581665, 21.5973396301, -129.892242432], [-705.80657959, 979.990600586, 160.566436768, 190.119308472, 364.254669189, 124.913253784, 355.013122559, 79.8019485474, 178.071075439, 59.6550483704, 114.588432312, -40.2246742249, 81.2057342529], [-225.105453491, 160.566436768, 839.06451416, 346.304748535, 174.360549927, 213.447738647, 3.32510304451, 42.6730003357, 162.801376343, 76.1418914795, -9.98082447052, 43.1283607483, -0.687849283218], [122.99634552, 190.119308472, 346.304748535, 597.821533203, 168.27571106, 75.2446212769, 15.3833656311, 15.167216301, 200.788909912, 91.0027236938, -8.6527929306, -34.8226203918, 77.862449646], [-106.962493896, 364.254669189, 174.360549927, 168.27571106, 513.139099121, 219.744049072, 204.911209106, 165.960861206, 127.083396912, 126.016517639, 77.9984512329, 0.890574753284, 43.5697669983], [54.1314697266, 124.913253784, 213.447738647, 75.2446212769, 219.744049072, 329.512878418, 171.358016968, 104.140319824, 66.2291107178, 61.5635528564, 61.3636932373, 13.8323316574, 13.0470266342], [-112.691612244, 355.013122559, 3.32510304451, 15.3833656311, 204.911209106, 171.358016968, 437.339874268, 163.126602173, 30.8304042816, 81.5744552612, 90.6227722168, 4.61887741089, 23.4115409851], [80.6405029297, 79.8019485474, 42.6730003357, 15.167216301, 165.960861206, 104.140319824, 163.126602173, 244.312057495, 71.3096466064, 66.2798690796, 41.532245636, -1.69820642471, 36.5726394653], [-108.532119751, 178.071075439, 162.801376343, 200.788909912, 127.083396912, 66.2291107178, 30.8304042816, 71.3096466064, 244.079238892, 95.7668228149, -5.30964946747, -14.5615797043, 57.5002365112], [-4.88859987259, 59.6550483704, 76.1418914795, 91.0027236938, 126.016517639, 61.5635528564, 81.5744552612, 66.2798690796, 95.7668228149, 178.544937134, 29.5551948547, -6.67663145065, 38.7925605774], [-176.830581665, 114.588432312, -9.98082447052, -8.6527929306, 77.9984512329, 61.3636932373, 90.6227722168, 41.532245636, -5.30964946747, 29.5551948547, 164.416305542, 72.2955780029, 36.7543487549], [21.5973396301, -40.2246742249, 43.1283607483, -34.8226203918, 0.890574753284, 13.8323316574, 4.61887741089, -1.69820642471, -14.5615797043, -6.67663145065, 72.2955780029, 144.476135254, 13.200097084], [-129.892242432, 81.2057342529, -0.687849283218, 77.862449646, 43.5697669983, 13.0470266342, 23.4115409851, 36.5726394653, 57.5002365112, 38.7925605774, 36.7543487549, 13.200097084, 117.093482971]],
        "icov": [[0.00049293768825, 0.000137340030051, 0.000475548702525, -0.000612015894148, 0.000145156271174, -0.00050322356401, 0.000197065237444, -0.000566107628401, 0.000419970339863, -0.000273658457445, 0.000809063320048, -0.000730968313292, 0.000713682093192], [0.000137340030051, 0.0033911652863, -0.000802843365818, 0.000487197248731, -0.00209601665847, 0.00176800193731, -0.00313136586919, 0.00233332184143, -0.00252705346793, 0.00243536336347, -0.00198422349058, 0.00221601640806, -0.00124080106616], [0.000475548702525, -0.000802843365818, 0.00291486550122, -0.00193375407252, 0.000788308796473, -0.00240108370781, 0.00157858233433, -0.00144321611151, 0.000758609734476, -0.00121954653878, 0.00211225519888, -0.00270841433667, 0.00217047939077], [-0.000612015894148, 0.000487197248731, -0.00193375407252, 0.00410450389609, -0.00122129311785, 0.00156242074445, -0.00108429649845, 0.00223568291403, -0.0026064584963, 0.000903177424334, -0.0016244254075, 0.00255628349259, -0.0027561953757], [0.000145156271174, -0.00209601665847, 0.000788308796473, -0.00122129311785, 0.0050833565183, -0.00277127907611, 0.00171622727066, -0.00292900553904, 0.00142497580964, -0.0026303275954, 0.000882981403265, -0.0015460915165, 0.00148917268962], [-0.00050322356401, 0.00176800193731, -0.00240108370781, 0.00156242074445, -0.00277127907611, 0.00725502008572, -0.00333869503811, 0.00178158376366, -0.00220050732605, 0.00205088732764, -0.00314382254146, 0.00268672197126, -0.00141846679617], [0.000197065237444, -0.00313136586919, 0.00157858233433, -0.00108429649845, 0.00171622727066, -0.00333869503811, 0.00704000517726, -0.00431592995301, 0.00326507096179, -0.00325218332, 0.00128387764562, -0.00225794361904, 0.00212002475746], [-0.000566107628401, 0.00233332184143, -0.00144321611151, 0.00223568291403, -0.00292900553904, 0.00178158376366, -0.00431592995301, 0.00926627870649, -0.00383987720124, 0.0019560540095, -0.002556104213, 0.00307201012038, -0.00318760611117], [0.000419970339863, -0.00252705346793, 0.000758609734476, -0.0026064584963, 0.00142497580964, -0.00220050732605, 0.00326507096179, -0.00383987720124, 0.0100635802373, -0.00455003045499, 0.00376288197003, -0.00263838283718, -0.000100593060779], [-0.000273658457445, 0.00243536336347, -0.00121954653878, 0.000903177424334, -0.0026303275954, 0.00205088732764, -0.00325218332, 0.0019560540095, -0.00455003045499, 0.0103195663542, -0.00302416225895, 0.00299690989777, -0.00238383607939], [0.000809063320048, -0.00198422349058, 0.00211225519888, -0.0016244254075, 0.000882981403265, -0.00314382254146, 0.00128387764562, -0.002556104213, 0.00376288197003, -0.00302416225895, 0.0132192261517, -0.0078296456486, -0.000183062278666], [-0.000730968313292, 0.00221601640806, -0.00270841433667, 0.00255628349259, -0.0015460915165, 0.00268672197126, -0.00225794361904, 0.00307201012038, -0.00263838283718, 0.00299690989777, -0.0078296456486, 0.0129976877943, -0.00300042028539], [0.000713682093192, -0.00124080106616, 0.00217047939077, -0.0027561953757, 0.00148917268962, -0.00141846679617, 0.00212002475746, -0.00318760611117, -0.000100593060779, -0.00238383607939, -0.000183062278666, -0.00300042028539, 0.013448420912]]
    },
    "melbands": {
        "dmean": [0.00298836827278, 0.00141211831942, 0.000330330483848, 0.000389971915865, 0.000237881380599, 0.000193211017177, 6.47709603072e-05, 8.1630263594e-05, 0.000164669181686, 0.000339442718541, 8.58661951497e-05, 9.7766140243e-05, 0.000307423237246, 0.000150397638208, 0.000112879075459, 8.79582803464e-05, 3.84754894185e-05, 4.87349898322e-05, 3.41347840731e-05, 2.98194099742e-05, 1.84367545444e-05, 2.01891853067e-05, 1.87451496458e-05, 2.222673902e-05, 1.74461038114e-05, 2.39743294514e-05, 1.94927597477e-05, 1.10515302367e-05, 7.4480699368e-06, 6.88404725224e-06, 8.37168227008e-06, 5.3614198805e-06, 3.92646370528e-06, 3.71003420696e-06, 3.61565344065e-06, 3.29788895215e-06, 3.47480954588e-06, 2.70856844509e-06, 2.24711016017e-06, 1.97796180146e-06],
        "dmean2": [0.0050580012612, 0.00227337912656, 0.000524185481481, 0.000636788783595, 0.000392444228055, 0.000310912029818, 0.000105300328869, 0.000132760091219, 0.000262834917521, 0.00054565584287, 0.000131837601657, 0.000157795278938, 0.000456990848761, 0.000238000953686, 0.000184512595297, 0.000139979078085, 6.23035666649e-05, 7.82963907113e-05, 5.31738405698e-05, 4.64580771222e-05, 2.99313142023e-05, 3.33584393957e-05, 3.07342415908e-05, 3.67085558537e-05, 2.91309443128e-05, 3.7317044189e-05, 2.92683052976e-05, 1.74304841494e-05, 1.18186699183e-05, 1.13629084808e-05, 1.38372615766e-05, 8.42269309942e-06, 6.01940564593e-06, 5.58352803637e-06, 5.62675950277e-06, 5.39644815944e-06, 5.53065547138e-06, 4.36069740317e-06, 3.7685335883e-06, 3.3765174976e-06],
        "dvar": [2.60420274572e-05, 8.7314092525e-06, 4.95687402235e-07, 8.82420636117e-07, 1.60477412692e-07, 1.10028373967e-07, 1.1485412621e-08, 2.84464718447e-08, 8.87868480959e-08, 4.10785617078e-07, 3.52612730126e-08, 5.03475376945e-08, 3.95106297901e-07, 1.31930278258e-07, 7.22844433199e-08, 3.82391078801e-08, 6.41631059395e-09, 1.1828543478e-08, 6.11547479323e-09, 5.64379432078e-09, 1.72236769291e-09, 1.82256520986e-09, 1.34129141127e-09, 2.30725238914e-09, 1.04817510227e-09, 1.50965029366e-09, 8.80488015831e-10, 3.08274211713e-10, 1.37436284575e-10, 1.41029757317e-10, 2.4999641246e-10, 1.07681003003e-10, 4.2803628697e-11, 4.54893865631e-11, 4.62943988699e-11, 3.43336782616e-11, 4.56926788073e-11, 3.41833193696e-11, 2.56957389394e-11, 1.71936267307e-11],
        "dvar2": [7.7628690633e-05, 2.07221928576e-05, 1.17024478641e-06, 1.99809005608e-06, 4.09562886716e-07, 2.49016721909e-07, 2.74348685991e-08, 7.05227947151e-08, 2.01880595796e-07, 9.3186832828e-07, 7.15469852253e-08, 1.05733114708e-07, 8.87591454557e-07, 3.23366748489e-07, 1.88383751265e-07, 9.0374790318e-08, 1.52861883151e-08, 2.76387144282e-08, 1.29619861511e-08, 1.24982229011e-08, 4.44579661973e-09, 4.26961044298e-09, 3.15992387812e-09, 5.85095394356e-09, 2.63163779657e-09, 3.46166606491e-09, 1.82848358676e-09, 6.92775115052e-10, 3.31205063375e-10, 3.71028791024e-10, 6.84686529695e-10, 2.68543492998e-10, 9.72883718031e-11, 9.8304461793e-11, 1.05082026414e-10, 8.60179566464e-11, 1.13723183648e-10, 8.97261778765e-11, 6.80526746066e-11, 4.49723626395e-11],
        "max": [0.0382918342948, 0.0324627906084, 0.00766887981445, 0.00913160387427, 0.00513848755509, 0.00390186253935, 0.00136759213638, 0.00188733800314, 0.00303535140119, 0.00587138254195, 0.00289504486136, 0.00376885989681, 0.0082711931318, 0.0052109239623, 0.00407361146063, 0.00179577618837, 0.000912265677471, 0.00162383762654, 0.00114004744682, 0.00110570061952, 0.000680889585055, 0.000793722516391, 0.000415916321799, 0.000469317339594, 0.000508346478455, 0.000504346913658, 0.00029801132041, 0.00024702216615, 0.000157971211593, 9.55652431003e-05, 0.000125106860651, 0.000104068116343, 5.76770034968e-05, 6.18246122031e-05, 0.000100700024632, 6.34356983937e-05, 8.01543865236e-05, 8.11328427517e-05, 5.90910894971e-05, 3.91706780647e-05],
        "mean": [0.00504043558612, 0.0027341269888, 0.000414657843066, 0.000446127174655, 0.000308057467919, 0.000262708577793, 7.91085039964e-05, 9.351944027e-05, 0.000209284175071, 0.000409106054576, 0.000103513673821, 0.000122771496535, 0.00040810945211, 0.000185094773769, 0.000127442210214, 0.000104103753984, 4.11683067796e-05, 5.56009217689e-05, 3.76342795789e-05, 3.6188896047e-05, 2.07123248401e-05, 2.13801340578e-05, 2.07763187063e-05, 2.17882934521e-05, 1.93325631699e-05, 3.20798171742e-05, 2.96851467283e-05, 1.5400153643e-05, 9.95437403617e-06, 8.49420302984e-06, 9.74978229351e-06, 6.72902160659e-06, 4.90786123919e-06, 4.37792959929e-06, 4.00689623348e-06, 3.74787350665e-06, 4.00191038352e-06, 3.13794271278e-06, 2.34441199609e-06, 2.02708542929e-06],
        "median": [0.00291166245006, 0.00193048838992, 0.000112096327939, 8.12227226561e-05, 0.000141755474033, 0.000115557275421, 3.60299454769e-05, 3.2283969631e-05, 6.5067790274e-05, 0.000109526830784, 2.68506719294e-05, 2.61803834292e-05, 8.7181921117e-05, 4.13365705754e-05, 2.9222404919e-05, 2.1158837626e-05, 1.35088703246e-05, 1.38576033351e-05, 9.01450312085e-06, 1.20446720757e-05, 7.64183641877e-06, 7.06402761352e-06, 5.87329941482e-06, 4.28135854236e-06, 5.72402859689e-06, 1.22679657579e-05, 1.29374438984e-05, 6.89710441293e-06, 4.50552397524e-06, 3.70018597096e-06, 4.08880987379e-06, 2.54494580076e-06, 1.50206221861e-06, 1.05652259208e-06, 1.02261208212e-06, 1.25043163735e-06, 1.48884441842e-06, 1.09502275336e-06, 7.50077333578e-07, 6.74082968999e-07],
        "min": [8.47533243586e-08, 1.16422810947e-07, 3.62867126569e-07, 8.03399075266e-07, 1.25067754198e-06, 2.28936983149e-06, 4.47772720236e-07, 2.06731741059e-07, 2.21459345084e-07, 1.981674842e-07, 1.19827745948e-07, 6.29808027952e-08, 3.41705401752e-07, 1.42254634738e-07, 1.12375246886e-07, 1.09276030003e-07, 3.6941031567e-08, 4.96514118709e-08, 2.47832385725e-08, 6.25522389441e-08, 5.69169884557e-08, 3.32729079844e-08, 8.37851388269e-09, 8.43754577318e-09, 6.2663656486e-09, 2.94360233966e-08, 2.6436524081e-08, 8.17404721687e-09, 1.96298888255e-09, 1.52115076091e-09, 7.00896674033e-09, 3.80150133594e-09, 4.43740960643e-10, 3.39580585873e-10, 4.34065339228e-10, 1.76419032161e-10, 8.74308750398e-11, 7.61610330358e-10, 4.9114858014e-11, 2.7807977275e-12],
