{
"highlevel": {
    "danceability": {
        "all": {
            "danceable": 0.999981284142,
            "not_danceable": 1.87057285075e-05
        },
        "probability": 0.999981284142,
        "value": "danceable"
    },
    "gender": {
        "all": {
            "female": 0.962261021137,
            "male": 0.0377389825881
        },
        "probability": 0.962261021137,
        "value": "female"
    },
    "genre_dortmund": {
        "all": {
            "alternative": 0.00359476124868,
            "blues": 0.000774754094891,
            "electronic": 0.878147602081,
            "folkcountry": 0.0029713739641,
            "funksoulrnb": 0.00101638888009,
            "jazz": 0.0367331802845,
            "pop": 0.0151843288913,
            "raphiphop": 0.0589155629277,
            "rock": 0.00266203284264
        },
        "probability": 0.878147602081,
        "value": "electronic"
    },
    "genre_electronic": {
        "all": {
            "ambient": 0.583148062229,
            "dnb": 0.113143973053,
            "house": 0.164397612214,
            "techno": 0.0665262565017,
            "trance": 0.0727841258049
        },
        "probability": 0.583148062229,
        "value": "ambient"
    },
    "genre_rosamerica": {
        "all": {
            "cla": 0.0198789201677,
            "dan": 0.0760433375835,
            "hip": 0.0965884625912,
            "jaz": 0.0354437194765,
            "pop": 0.133178547025,
            "rhy": 0.584219157696,
            "roc": 0.0349388048053,
            "spe": 0.0197090599686
        },
        "probability": 0.584219157696,
        "value": "rhy"
    },
    "genre_tzanetakis": {
        "all": {
            "blu": 0.0626613423228,
            "cla": 0.0348169617355,
            "cou": 0.104475811124,
            "dis": 0.0784321576357,
            "hip": 0.15692435205,
            "jaz": 0.313974827528,
            "met": 0.0448166541755,
            "pop": 0.0627359300852,
            "reg": 0.0627360641956,
            "roc": 0.0784258767962
        },
        "probability": 0.313974827528,
        "value": "jaz"
    },
    "ismir04_rhythm": {
        "all": {
            "ChaChaCha": 0.0170207805932,
            "Jive": 0.00734028499573,
            "Quickstep": 0.0141532756388,
            "Rumba-American": 0.0123343365267,
            "Rumba-International": 0.847381651402,
            "Rumba-Misc": 0.0337180234492,
            "Samba": 0.0205387827009,
            "Tango": 0.00303084799089,
            "VienneseWaltz": 0.0171998292208,
            "Waltz": 0.0272822063416
        },
        "probability": 0.847381651402,
        "value": "Rumba-International"
    },
    "mood_acoustic": {
        "all": {
            "acoustic": 4.46523529263e-07,
            "not_acoustic": 0.999999582767
        },
        "probability": 0.999999582767,
        "value": "not_acoustic"
    },
    "mood_aggressive": {
        "all": {
            "aggressive": 0.0289579741657,
            "not_aggressive": 0.97104203701
        },
        "probability": 0.97104203701,
        "value": "not_aggressive"
    },
    "mood_electronic": {
        "all": {
            "electronic": 0.997337460518,
            "not_electronic": 0.00266256416216
        },
        "probability": 0.997337460518,
        "value": "electronic"
    },
    "mood_happy": {
        "all": {
            "happy": 0.304193079472,
            "not_happy": 0.695806920528
        },
        "probability": 0.695806920528,
        "value": "not_happy"
    },
    "mood_party": {
        "all": {
            "not_party": 0.788647413254,
            "party": 0.211352571845
        },
        "probability": 0.788647413254,
        "value": "not_party"
    },
    "mood_relaxed": {
        "all": {
            "not_relaxed": 0.297274500132,
            "relaxed": 0.702725529671
        },
        "probability": 0.702725529671,
        "value": "relaxed"
    },
    "mood_sad": {
        "all": {
            "not_sad": 0.600813925266,
            "sad": 0.399186044931
        },
        "probability": 0.600813925266,
        "value": "not_sad"
    },
    "moods_mirex": {
        "all": {
            "Cluster1": 0.126312345266,
            "Cluster2": 0.0813842266798,
            "Cluster3": 0.0824832990766,
            "Cluster4": 0.0377233587205,
            "Cluster5": 0.672096788883
        },
        "probability": 0.672096788883,
        "value": "Cluster5"
    },
    "timbre": {
        "all": {
            "bright": 0.0156767684966,
            "dark": 0.984323203564
        },
        "probability": 0.984323203564,
        "value": "dark"
    },
    "tonal_atonal": {
        "all": {
            "atonal": 0.967477321625,
            "tonal": 0.0325226671994
        },
        "probability": 0.967477321625,
        "value": "atonal"
    },
    "voice_instrumental": {
        "all": {
            "instrumental": 0.594176828861,
            "voice": 0.405823171139
        },
        "probability": 0.594176828861,
        "value": "instrumental"
    }
},
"lowlevel": {
    "average_loudness": 0.937339782715,
    "barkbands_crest": {
        "dmean": 2.56841373444,
        "dmean2": 3.97944140434,
        "dvar": 6.92052745819,
        "dvar2": 16.4475250244,
        "max": 26.4752101898,
        "mean": 15.8222808838,
        "median": 16.398355484,
        "min": 3.99796438217,
        "var": 19.9015598297
    },
    "barkbands_flatness_db": {
        "dmean": 0.0320703312755,
        "dmean2": 0.0463462509215,
        "dvar": 0.00108592805918,
        "dvar2": 0.0021425364539,
        "max": 0.557346582413,
        "mean": 0.298141092062,
        "median": 0.287156134844,
        "min": 0.0970971435308,
        "var": 0.00893036741763
    },
    "barkbands_kurtosis": {
        "dmean": 11.9953117371,
        "dmean2": 18.9509449005,
        "dvar": 614.184448242,
        "dvar2": 1623.83410645,
        "max": 346.311340332,
        "mean": 19.7312831879,
        "median": 12.178278923,
        "min": -1.18518197536,
        "var": 725.805908203
    },
    "barkbands_skewness": {
        "dmean": 1.00681054592,
        "dmean2": 1.54070770741,
        "dvar": 1.65551567078,
        "dvar2": 4.24715900421,
        "max": 15.5741147995,
        "mean": 3.29341435432,
        "median": 2.99749112129,
        "min": -0.457814306021,
        "var": 3.28865551949
    },
    "barkbands_spread": {
        "dmean": 2.32201457024,
        "dmean2": 3.55033874512,
        "dvar": 14.7825956345,
        "dvar2": 35.1320571899,
        "max": 67.0964813232,
        "mean": 6.36197471619,
        "median": 4.78790187836,
        "min": 0.211504802108,
        "var": 33.2749404907
    },
    "dissonance": {
        "dmean": 0.0299352966249,
        "dmean2": 0.0500114671886,
        "dvar": 0.000836756371427,
        "dvar2": 0.00226930319332,
        "max": 0.499898135662,
        "mean": 0.441399931908,
        "median": 0.452021896839,
        "min": 0.187131255865,
        "var": 0.00188623240683
    },
    "dynamic_complexity": 2.7327735424,
    "erbbands_crest": {
        "dmean": 2.8155567646,
        "dmean2": 4.42703390121,
        "dvar": 6.57672739029,
        "dvar2": 17.4989089966,
        "max": 29.6500053406,
        "mean": 10.8863096237,
        "median": 9.87855148315,
        "min": 2.63362550735,
        "var": 25.1162910461
    },
    "erbbands_flatness_db": {
        "dmean": 0.0214882679284,
        "dmean2": 0.0301555600017,
        "dvar": 0.000513443548698,
        "dvar2": 0.0010452629067,
        "max": 0.414789587259,
        "mean": 0.200138762593,
        "median": 0.194805756211,
        "min": 0.0660417452455,
        "var": 0.00554040307179
    },
    "erbbands_kurtosis": {
        "dmean": 2.16440081596,
        "dmean2": 3.41554141045,
        "dvar": 17.2109222412,
        "dvar2": 47.7933425903,
        "max": 51.1987228394,
        "mean": 2.60593366623,
        "median": 1.51833343506,
        "min": -1.76977181435,
        "var": 21.4377498627
    },
    "erbbands_skewness": {
        "dmean": 0.511057257652,
        "dmean2": 0.731774747372,
        "dvar": 0.343353778124,
        "dvar2": 0.740329742432,
        "max": 6.52229642868,
        "mean": 0.562730789185,
        "median": 0.497943550348,
        "min": -2.47294712067,
        "var": 1.19482755661
    },
    "erbbands_spread": {
        "dmean": 7.94516563416,
        "dmean2": 11.7473630905,
        "dvar": 116.523361206,
        "dvar2": 215.848297119,
        "max": 148.744995117,
        "mean": 29.7214260101,
        "median": 20.3610172272,
        "min": 2.71941637993,
        "var": 622.821533203
    },
    "hfc": {
        "dmean": 4.26357078552,
        "dmean2": 5.96064853668,
        "dvar": 30.5229721069,
        "dvar2": 56.7824554443,
        "max": 66.2084884644,
        "mean": 14.8251962662,
        "median": 12.112203598,
        "min": 0.561093151569,
        "var": 136.17527771
    },
    "melbands_crest": {
        "dmean": 3.54001832008,
        "dmean2": 5.4976940155,
        "dvar": 14.9740905762,
        "dvar2": 32.4270935059,
        "max": 37.7051239014,
        "mean": 24.097038269,
        "median": 25.3990478516,
        "min": 7.0260643959,
        "var": 59.2577323914
    },
    "melbands_flatness_db": {
        "dmean": 0.0360898673534,
        "dmean2": 0.0508271045983,
        "dvar": 0.00153822789434,
        "dvar2": 0.00292598851956,
        "max": 0.702297151089,
        "mean": 0.401847302914,
        "median": 0.392463207245,
        "min": 0.144110023975,
        "var": 0.0131202042103
    },
    "melbands_kurtosis": {
        "dmean": 22.1123714447,
        "dmean2": 34.4986724854,
        "dvar": 1907.38720703,
        "dvar2": 4682.86621094,
        "max": 614.571044922,
        "mean": 38.6988182068,
        "median": 22.1451873779,
        "min": -1.02987706661,
        "var": 2917.49389648
    },
    "melbands_skewness": {
        "dmean": 1.27292990685,
        "dmean2": 1.92576670647,
        "dvar": 2.13237452507,
        "dvar2": 5.09541606903,
        "max": 19.4582824707,
        "mean": 4.35770940781,
        "median": 3.87966823578,
        "min": -0.113425806165,
        "var": 6.12251472473
    },
    "melbands_spread": {
        "dmean": 1.86407148838,
        "dmean2": 2.85537791252,
        "dvar": 6.2965259552,
        "dvar2": 15.3854513168,
        "max": 33.9307060242,
        "mean": 5.10066509247,
        "median": 4.27584552765,
        "min": 0.167037859559,
        "var": 14.1543254852
    },
    "pitch_salience": {
        "dmean": 0.0859073325992,
        "dmean2": 0.132499471307,
        "dvar": 0.00808762293309,
        "dvar2": 0.0173221640289,
        "max": 0.79624569416,
        "mean": 0.370339810848,
        "median": 0.35341078043,
        "min": 0.0614887773991,
        "var": 0.0229906588793
    },
    "silence_rate_20dB": {
        "dmean": 0.0232198145241,
        "dmean2": 0.0464756004512,
        "dvar": 0.0226809568703,
        "dvar2": 0.0582576058805,
        "max": 1,
        "mean": 0.982211887836,
        "median": 1,
        "min": 0,
        "var": 0.0174718536437
    },
    "silence_rate_30dB": {
        "dmean": 0.113003097475,
        "dmean2": 0.226181253791,
        "dvar": 0.100234903395,
        "dvar2": 0.212202295661,
        "max": 1,
        "mean": 0.491105943918,
        "median": 0,
        "min": 0,
        "var": 0.249919757247
    },
    "silence_rate_60dB": {
        "dmean": 0.00464396271855,
        "dmean2": 0.00929511990398,
        "dvar": 0.00462237605825,
        "dvar2": 0.0092087155208,
        "max": 1,
        "mean": 0.0116009283811,
        "median": 0,
        "min": 0,
        "var": 0.0114663243294
    },
    "spectral_centroid": {
        "dmean": 131.240539551,
        "dmean2": 184.464035034,
        "dvar": 39223.0703125,
        "dvar2": 70080.6484375,
        "max": 3014.17504883,
        "mean": 617.46862793,
        "median": 475.774475098,
        "min": 138.439758301,
        "var": 219907.640625
    },
    "spectral_complexity": {
        "dmean": 2.59752321243,
        "dmean2": 3.99690151215,
        "dvar": 12.7776355743,
        "dvar2": 22.9557628632,
        "max": 50,
        "mean": 12.4740915298,
        "median": 11,
        "min": 2,
        "var": 65.5564041138
    },
    "spectral_decrease": {
        "dmean": 9.73712666053e-09,
        "dmean2": 1.42318166141e-08,
        "dvar": 1.74349397275e-16,
        "dvar2": 3.45775869137e-16,
        "max": -4.09557332492e-10,
        "mean": -2.88689463446e-08,
        "median": -2.57094221467e-08,
        "min": -1.32187594204e-07,
        "var": 6.06574798968e-16
    },
    "spectral_energy": {
        "dmean": 0.0370192080736,
        "dmean2": 0.0540678650141,
        "dvar": 0.00250752014108,
        "dvar2": 0.00496854772791,
        "max": 0.501068115234,
        "mean": 0.110302679241,
        "median": 0.0980686321855,
        "min": 0.00159665662795,
        "var": 0.00877481233329
    },
    "spectral_energyband_high": {
        "dmean": 0.000136358139571,
        "dmean2": 0.000181982439244,
        "dvar": 1.20692135397e-07,
        "dvar2": 2.06234972211e-07,
        "max": 0.00386650487781,
        "mean": 0.000338362529874,
        "median": 2.7994170523e-05,
        "min": 6.64144153006e-08,
        "var": 5.6055944242e-07
    },
    "spectral_energyband_low": {
        "dmean": 0.035851020366,
        "dmean2": 0.0541650913656,
        "dvar": 0.0026188576594,
        "dvar2": 0.00552387116477,
        "max": 0.494323343039,
        "mean": 0.0932269319892,
        "median": 0.07963462919,
        "min": 8.90839364729e-05,
        "var": 0.00762521708384
    },
    "spectral_energyband_middle_high": {
        "dmean": 0.000646651897114,
        "dmean2": 0.000956661824603,
        "dvar": 1.45616411373e-06,
        "dvar2": 3.50949358108e-06,
        "max": 0.0167248491198,
        "mean": 0.00164837937336,
        "median": 0.000960178964306,
        "min": 1.01419318526e-05,
        "var": 3.94609423893e-06
    },
    "spectral_energyband_middle_low": {
        "dmean": 0.00975915882736,
        "dmean2": 0.0156382415444,
        "dvar": 0.000519002845977,
        "dvar2": 0.00125090254005,
        "max": 0.190622165799,
        "mean": 0.0162558387965,
        "median": 0.0104720443487,
        "min": 0.000485267490149,
        "var": 0.000505132891703
    },
    "spectral_entropy": {
        "dmean": 0.225275143981,
        "dmean2": 0.322799235582,
        "dvar": 0.0676968991756,
        "dvar2": 0.133488625288,
        "max": 8.34366035461,
        "mean": 6.75913190842,
        "median": 6.76462459564,
        "min": 4.76920938492,
        "var": 0.599231004715
    },
    "spectral_flux": {
        "dmean": 0.0522282235324,
        "dmean2": 0.0832315459847,
        "dvar": 0.00397304445505,
        "dvar2": 0.00935296528041,
        "max": 0.522467792034,
        "mean": 0.122365683317,
        "median": 0.0934556871653,
        "min": 0.00830633379519,
        "var": 0.00914569292217
    },
    "spectral_kurtosis": {
        "dmean": 8.90797710419,
        "dmean2": 14.3562812805,
        "dvar": 210.829528809,
        "dvar2": 545.056518555,
        "max": 144.391281128,
        "mean": 21.1185874939,
        "median": 11.6209287643,
        "min": -0.353595733643,
        "var": 608.73248291
    },
    "spectral_rms": {
        "dmean": 0.00165707338601,
        "dmean2": 0.00242591928691,
        "dvar": 4.17438332079e-06,
        "dvar2": 8.23394293548e-06,
        "max": 0.0221098847687,
        "mean": 0.00927038025111,
        "median": 0.00978144723922,
        "min": 0.00124808400869,
        "var": 2.16726239159e-05
    },
    "spectral_rolloff": {
        "dmean": 97.9657974243,
        "dmean2": 167.461257935,
        "dvar": 69885.4765625,
        "dvar2": 194674.84375,
        "max": 6115.4296875,
        "mean": 241.061889648,
        "median": 172.265625,
        "min": 43.06640625,
        "var": 63696.15625
    },
    "spectral_skewness": {
        "dmean": 0.636588394642,
        "dmean2": 0.970069885254,
        "dvar": 0.644492506981,
        "dvar2": 1.61856329441,
        "max": 10.011475563,
        "mean": 3.13604903221,
        "median": 2.78315162659,
        "min": 0.493790388107,
        "var": 3.13468170166
    },
    "spectral_spread": {
        "dmean": 572385.6875,
        "dmean2": 803584.375,
        "dvar": 609885159424,
        "dvar2": 927647858688,
        "max": 13521831,
        "mean": 3452553.75,
        "median": 2964139,
        "min": 506051.5,
        "var": 4.59695089254e+12
    },
    "spectral_strongpeak": {
        "dmean": 0.185716301203,
        "dmean2": 0.311797559261,
        "dvar": 0.0683085769415,
        "dvar2": 0.175465047359,
        "max": 3.66893100739,
        "mean": 0.499087452888,
        "median": 0.435598522425,
        "min": 0,
        "var": 0.091007374227
    },
    "zerocrossingrate": {
        "dmean": 0.00473995599896,
        "dmean2": 0.00604734988883,
        "dvar": 4.77779794892e-05,
        "dvar2": 7.38438975532e-05,
        "max": 0.15478515625,
        "mean": 0.017141956836,
        "median": 0.0126953125,
        "min": 0.00146484375,
        "var": 0.000219852401642
    },
    "barkbands": {
        "dmean": [0.00788184627891, 0.0292783975601, 0.00420076726004, 0.00428140256554, 0.00486939167604, 0.00177560374141, 0.0010849890532, 0.000595159945078, 0.000807408592664, 0.00039783626562, 0.000137247378007, 0.000158017224749, 9.57286829362e-05, 7.41177427699e-05, 3.73693692381e-05, 3.29009271809e-05, 3.69085610146e-05, 3.78104487027e-05, 4.0359205741e-05, 4.22172051913e-05, 3.87134059565e-05, 3.15449178743e-05, 2.67828672804e-05, 2.07929751923e-05, 1.88700523722e-05, 1.08292188088e-05, 4.26694368727e-09],
        "dmean2": [0.0122905764729, 0.0428609400988, 0.00676075695083, 0.00753293512389, 0.00849293079227, 0.00295488699339, 0.00170503638219, 0.000894428056199, 0.00111761258449, 0.000613060256001, 0.000216382381041, 0.000259837310296, 0.000151862157509, 0.000122505080071, 6.10388233326e-05, 5.32285230292e-05, 5.74093937757e-05, 5.77439059271e-05, 6.16588586126e-05, 6.65396437398e-05, 5.71717318962e-05, 4.40942712885e-05, 3.77540236514e-05, 2.93700813927e-05, 2.67816376436e-05, 1.58546226885e-05, 6.96952850987e-09],
        "dvar": [0.00017653296527, 0.00174002663698, 0.000120199583762, 0.000152895285282, 0.000253746518865, 7.81169001129e-06, 4.61537729279e-06, 9.57658471634e-07, 1.75195566499e-06, 5.14354042025e-07, 8.66322622528e-08, 4.42919571242e-07, 5.3896904717e-08, 4.15294785228e-08, 1.0621684865e-08, 7.31316607272e-09, 5.76384184825e-09, 1.13579945449e-08, 1.23038974564e-08, 1.46455265693e-08, 1.13850475714e-08, 6.25369489526e-09, 4.41564029785e-09, 2.79012257742e-09, 2.61747734598e-09, 6.61627752585e-10, 9.23685299695e-16],
        "dvar2": [0.000398607109673, 0.00387194612995, 0.00031283046701, 0.000430338841397, 0.00069702998735, 1.99784044526e-05, 1.23129620988e-05, 2.05365245165e-06, 3.22687651533e-06, 1.34701235766e-06, 2.27654581408e-07, 1.17488593787e-06, 1.32092239369e-07, 1.09871010068e-07, 2.46252476188e-08, 1.83772392859e-08, 1.32230431049e-08, 2.69093991534e-08, 2.82863954482e-08, 3.40337820148e-08, 2.44746161115e-08, 1.24072130347e-08, 8.61247784201e-09, 5.28076737893e-09, 5.78274850227e-09, 1.36035316345e-09, 9.71981424282e-16],
        "max": [0.11907030642, 0.382733255625, 0.109800904989, 0.111880689859, 0.139185845852, 0.0254767965525, 0.0320658050478, 0.0130073074251, 0.0322280824184, 0.0100276703015, 0.00396009208634, 0.0135258147493, 0.00374132348225, 0.00282700569369, 0.0014359554043, 0.00106894900091, 0.00079080357682, 0.00142211921047, 0.00131306052208, 0.00122915254906, 0.00116877560504, 0.00101575057488, 0.000858251645695, 0.000837221101392, 0.000620511826128, 0.000317171885399, 1.07140510863e-06],
        "mean": [0.0169852692634, 0.070320956409, 0.00497084017843, 0.00450368365273, 0.0041840407066, 0.00238247029483, 0.00171100802254, 0.0011096065864, 0.00193345535081, 0.000797580229118, 0.000246092997259, 0.000223074574023, 0.000143796540215, 0.000105190003524, 5.08812372573e-05, 5.02259026689e-05, 6.68429856887e-05, 6.14371965639e-05, 7.89858167991e-05, 7.99184272182e-05, 7.85256270319e-05, 6.37948978692e-05, 5.56487393624e-05, 4.45731857326e-05, 3.57594290108e-05, 1.91909421119e-05, 3.61333096777e-09],
        "median": [0.0114867389202, 0.0590956583619, 0.00183328450657, 0.0023969435133, 0.00115169794299, 0.00137749058194, 0.000874227145687, 0.000579201558139, 0.000640984799247, 0.000398514908738, 8.13715159893e-05, 8.12490688986e-05, 4.77403373225e-05, 2.91585947707e-05, 1.06976276584e-05, 9.41183952818e-06, 1.28583687911e-05, 6.26280643701e-06, 8.48534091347e-06, 5.53480822418e-06, 3.78338609153e-06, 3.33550997311e-06, 3.49259153154e-06, 1.92691618395e-06, 2.09341601476e-06, 2.02385331249e-06, 7.04381830641e-10],
        "min": [1.16664750749e-07, 8.313772355e-07, 1.54278961872e-06, 3.86532155972e-06, 4.62545676783e-06, 5.2707924624e-05, 1.46084639709e-05, 2.01569548608e-07, 4.18120748691e-07, 1.39668100019e-06, 9.30013044353e-08, 2.42274012408e-07, 2.9811488389e-07, 6.10165926673e-08, 2.43476563355e-07, 1.36718654176e-07, 9.73610241317e-08, 2.00179588461e-08, 7.80014488555e-08, 4.28497521909e-08, 2.21407514545e-08, 7.03112990053e-09, 2.31561880781e-09, 7.09775516139e-10, 1.02349222847e-11, 1.5596262129e-11, 1.79263201505e-11],
        "var": [0.000447591417469, 0.00473737251014, 0.000110706692794, 9.75012590061e-05, 0.00016769800277, 8.96583242138e-06, 6.47423121336e-06, 2.11657561522e-06, 1.38529167089e-05, 1.1199427945e-06, 1.85447788681e-07, 4.50766151516e-07, 1.03792871187e-07, 5.37771356335e-08, 1.4148130667e-08, 1.09575442053e-08, 1.31345467835e-08, 2.40034605525e-08, 3.56283038627e-08, 4.08527789375e-08, 3.92121712878e-08, 2.37268160674e-08, 1.58138000472e-08, 1.01778967476e-08, 7.05248437427e-09, 1.62494651068e-09, 9.20417658343e-16]
    },
    "erbbands": {
        "dmean": [1.5431073904, 4.41919708252, 4.9882440567, 9.75901794434, 15.779335022, 17.0237026215, 14.8090248108, 16.7812747955, 18.3035144806, 9.93547725677, 14.357843399, 20.6907405853, 15.108710289, 7.14250183105, 6.36219739914, 5.64999866486, 4.32395410538, 3.67867588997, 2.57605981827, 1.74065542221, 1.70396888256, 2.01024889946, 2.04212784767, 1.90189099312, 2.14897060394, 1.95563387871, 1.76896357536, 1.45911240578, 1.14511144161, 0.96355599165, 0.799416720867, 0.488132357597, 0.349455446005, 0.238738402724, 0.138329461217, 0.0558901578188, 0.0224562268704, 0.00214496976696, 4.81400893477e-05, 4.03915910283e-05],
        "dmean2": [2.25499939919, 6.74054527283, 7.77175378799, 16.8449649811, 27.8358707428, 30.1188392639, 25.4334144592, 27.9224891663, 29.2464599609, 15.2198238373, 20.6837654114, 28.5467033386, 22.5013256073, 11.3789930344, 10.0111999512, 9.33021259308, 6.91374349594, 5.86235618591, 4.06451034546, 2.81200790405, 2.61692929268, 3.13379955292, 3.05497384071, 2.94079208374, 3.24932336807, 3.14805960655, 2.7210354805, 2.18146920204, 1.60499107838, 1.3101785183, 1.16111195087, 0.697757065296, 0.498159050941, 0.356137692928, 0.191152974963, 0.0802943408489, 0.0342347174883, 0.003386098193, 7.27610604372e-05, 5.85860143474e-05],
        "dvar": [5.06991577148, 47.8291931152, 132.99710083, 730.311218262, 2480.56787109, 3604.97875977, 1946.12988281, 581.148620605, 1103.03283691, 330.380889893, 597.697753906, 1245.12243652, 755.90032959, 162.393249512, 268.73828125, 315.431854248, 106.103210449, 107.754570007, 38.2490577698, 32.3562202454, 16.5648880005, 16.9314155579, 32.031414032, 29.1433334351, 32.0057792664, 33.3738975525, 24.5911159515, 16.4729804993, 9.09811973572, 5.27398824692, 4.00640010834, 1.55350244045, 0.787581443787, 0.396767258644, 0.147837817669, 0.0164138209075, 0.00315024098381, 3.24335996993e-05, 8.78702355323e-09, 2.89561463696e-09],
        "dvar2": [9.98101902008, 123.276176453, 329.483428955, 2025.7199707, 6998.96337891, 10108.6220703, 5447.86962891, 1521.46533203, 3009.93798828, 842.593322754, 1286.05078125, 2366.29125977, 1964.72021484, 451.545318604, 684.136108398, 853.422058105, 260.36315918, 284.155334473, 93.9161453247, 72.0793228149, 39.7648124695, 38.5249328613, 76.304725647, 67.9378204346, 70.7068252563, 76.9230957031, 56.7986373901, 37.3634490967, 18.5017986298, 9.92115688324, 8.92233467102, 3.11396098137, 1.49738121033, 0.947831630707, 0.30465900898, 0.0343026332557, 0.00718316202983, 7.85653101048e-05, 2.0033793291e-08, 5.72943781307e-09],
        "max": [25.061214447, 66.7129592896, 133.825485229, 241.361602783, 446.376403809, 547.365600586, 439.079071045, 210.282928467, 352.865997314, 290.76272583, 365.01675415, 825.120361328, 394.804321289, 193.593841553, 294.324890137, 308.721618652, 187.96472168, 142.076202393, 77.7989730835, 98.3702011108, 55.0852928162, 44.4538879395, 75.7911071777, 66.6383285522, 67.9523010254, 64.2810516357, 52.6007995605, 46.6883888245, 41.6507492065, 26.7029438019, 26.9872989655, 18.6087093353, 13.3461046219, 5.78498888016, 6.11068439484, 1.67789769173, 0.707672417164, 0.0910707116127, 0.00155030435417, 0.000539353641216],
        "mean": [3.62492823601, 9.19415569305, 7.93643140793, 10.8248138428, 15.0276069641, 13.1520805359, 15.4804296494, 22.133480072, 28.6334991455, 18.2860431671, 26.9836502075, 50.1227684021, 34.6858482361, 14.2147665024, 10.9282665253, 8.5808391571, 6.84024763107, 5.75877380371, 3.68925571442, 2.59793996811, 2.88058209419, 3.76421141624, 3.48702287674, 3.53485679626, 4.25761127472, 3.71401548386, 3.35197782516, 2.90577507019, 2.29976320267, 1.96697986126, 1.52860975266, 1.00968778133, 0.714781701565, 0.414391279221, 0.24442049861, 0.0989141240716, 0.0350697822869, 0.00280508724973, 0.000103418300569, 0.000123151330627],
        "median": [3.12004446983, 6.12012958527, 3.7030813694, 5.45114660263, 5.6949095726, 2.31451058388, 5.92131137848, 11.6882610321, 14.8057870865, 12.9757204056, 15.2227077484, 16.9449520111, 14.2350549698, 8.21206188202, 4.04864597321, 3.51986503601, 2.5355246067, 1.88497292995, 0.832699179649, 0.485599845648, 0.575880289078, 0.766866147518, 0.463300555944, 0.315672874451, 0.486603975296, 0.261947721243, 0.190026029944, 0.130872249603, 0.109404407442, 0.112115889788, 0.101171128452, 0.0492513738573, 0.0300461854786, 0.0162183251232, 0.0152546977624, 0.00840102229267, 0.00358850718476, 0.000262771587586, 6.46774497e-05, 0.000109133739898],
        "min": [8.57999693835e-05, 0.000700582808349, 0.0117549290881, 0.0262692365795, 0.0235862676054, 0.0424374714494, 0.0711635798216, 0.490414470434, 0.516277313232, 0.0964985489845, 0.017148213461, 0.0119548449293, 0.0652746856213, 0.0525889247656, 0.0288035906851, 0.012875046581, 0.0146764740348, 0.0062738256529, 0.0189640074968, 0.0138733340427, 0.0126000568271, 0.00590484170243, 0.00314265605994, 0.00454646768048, 0.00429669441655, 0.00233275163919, 0.000822442932986, 0.00086366472533, 0.000374032912077, 0.000170208251802, 4.39710274804e-05, 1.98182133317e-05, 8.35076025396e-06, 4.10160737374e-06, 3.82730604542e-06, 3.17601688948e-06, 1.98787597583e-06, 1.64644731626e-07, 7.69374253196e-07, 1.77648666977e-06],
        "var": [14.3694400787, 103.270568848, 169.992599487, 498.347198486, 1561.49743652, 2240.5534668, 1312.65625, 739.301330566, 1577.50354004, 455.375061035, 1271.55737305, 9970.31542969, 2227.26977539, 363.277587891, 432.153747559, 378.351806641, 210.31427002, 153.785507202, 55.6822013855, 44.5712165833, 30.0139427185, 40.5180778503, 67.1395111084, 79.9092025757, 98.1956634521, 90.6161880493, 73.2400360107, 53.5812492371, 32.6837654114, 20.537322998, 11.9364175797, 5.21636962891, 2.65855026245, 0.914321660995, 0.392112344503, 0.0466107688844, 0.00572065357119, 4.73568179586e-05, 1.78890413594e-08, 1.04291251191e-08]
    },
    "gfcc": {
        "mean": [-54.906879425, 151.952423096, -65.6251907349, 22.4795417786, -47.1263542175, 12.9357147217, -15.5847520828, 14.1289682388, -10.4914503098, 5.83978557587, -5.89402151108, 0.515080332756, -6.36736106873],
        "cov": [[6128.37597656, -2780.0078125, -344.475585938, 759.285461426, -501.015472412, 705.009277344, -401.108154297, 739.823425293, -230.107070923, 327.487670898, -339.099639893, 435.038269043, -256.31060791], [-2780.0078125, 2777.67871094, 190.785919189, -1015.44958496, 524.073181152, -342.148193359, 831.221252441, -334.549438477, 346.824798584, -288.874237061, 319.411254883, -302.677062988, 254.395004272], [-344.475585938, 190.785919189, 587.184326172, -15.7206716537, -15.7534952164, 31.951166153, 88.6017074585, -45.8549385071, 58.1911773682, 7.81699943542, 57.0507926941, 1.69375884533, 34.3726959229], [759.285461426, -1015.44958496, -15.7206716537, 843.788818359, -159.456192017, -10.7443571091, -326.490966797, 8.48569965363, -106.469467163, 68.6667251587, -78.9825057983, 44.5065917969, 17.9789428711], [-501.015472412, 524.073181152, -15.7534952164, -159.456192017, 324.352142334, -75.3280105591, 142.798126221, -43.0551948547, 74.1003952026, -42.4465293884, 62.8840103149, -19.9531116486, 28.6718196869], [705.009277344, -342.148193359, 31.951166153, -10.7443571091, -75.3280105591, 305.259094238, 36.1044120789, 119.111526489, 14.8626852036, 48.5808258057, -30.5968875885, 54.9889411926, -26.6993846893], [-401.108154297, 831.221252441, 88.6017074585, -326.490966797, 142.798126221, 36.1044120789, 595.211608887, 46.0287895203, 184.746459961, -38.5288391113, 128.969680786, -86.5711135864, 109.930885315], [739.823425293, -334.549438477, -45.8549385071, 8.48569965363, -43.0551948547, 119.111526489, 46.0287895203, 238.685638428, 38.7346458435, 66.0417175293, -20.4467010498, 63.0038223267, -36.7804107666], [-230.107070923, 346.824798584, 58.1911773682, -106.469467163, 74.1003952026, 14.8626852036, 184.746459961, 38.7346458435, 197.209075928, 1.77384662628, 85.7493591309, -39.7415657043, 67.2030029297], [327.487670898, -288.874237061, 7.81699943542, 68.6667251587, -42.4465293884, 48.5808258057, -38.5288391113, 66.0417175293, 1.77384662628, 122.519836426, 4.34074258804, 40.173614502, -18.1185321808], [-339.099639893, 319.411254883, 57.0507926941, -78.9825057983, 62.8840103149, -30.5968875885, 128.969680786, -20.4467010498, 85.7493591309, 4.34074258804, 122.490036011, -16.4944210052, 62.6402015686], [435.038269043, -302.677062988, 1.69375884533, 44.5065917969, -19.9531116486, 54.9889411926, -86.5711135864, 63.0038223267, -39.7415657043, 40.173614502, -16.4944210052, 133.49508667, -38.4665107727], [-256.31060791, 254.395004272, 34.3726959229, 17.9789428711, 28.6718196869, -26.6993846893, 109.930885315, -36.7804107666, 67.2030029297, -18.1185321808, 62.6402015686, -38.4665107727, 121.914108276]],
        "icov": [[0.000493390252814, -6.42352169962e-05, 0.000202111827093, -0.000369047309505, 0.000224037765292, -0.000588161230553, -9.93308131001e-05, -0.000914197124075, 0.000223890834604, -0.000270938908216, 0.000594151613768, -0.000740252493415, 9.85138831311e-05], [-6.42352169962e-05, 0.00840130262077, -0.00101559760515, 0.00635134242475, -0.00385608221404, 0.00461703399196, -0.00410044193268, 0.0056031094864, -0.00296947499737, 0.00703774020076, -0.00429051881656, 0.00448262272403, -0.00470865610987], [0.000202111827093, -0.00101559760515, 0.00216047395952, -0.00103234103881, 0.000957225449383, -0.00108742062002, 6.9598427217e-05, -2.06938530027e-05, -0.00019929096743, -0.00109240494203, 0.000195618311409, -0.00143123138696, 0.000950395129621], [-0.000369047309505, 0.00635134242475, -0.00103234103881, 0.00689569162205, -0.00277824047953, 0.00404299795628, -0.00196139607579, 0.00433000829071, -0.00193141039927, 0.0046300557442, -0.00279481825419, 0.00396463321522, -0.00570149859414], [0.000224037765292, -0.00385608221404, 0.000957225449383, -0.00277824047953, 0.0061723398976, -0.00140053872019, 0.00101979181636, -0.00195182941388, 6.93365072948e-05, -0.00254261540249, 0.00151182431728, -0.00362439337187, 0.00305403908715], [-0.000588161230553, 0.00461703399196, -0.00108742062002, 0.00404299795628, -0.00140053872019, 0.00787709094584, -0.00281310849823, 0.0028049107641, -0.00253972155042, 0.00336176087148, -0.00118111714255, 0.00176906096749, -0.00265850033611], [-9.93308131001e-05, -0.00410044193268, 6.9598427217e-05, -0.00196139607579, 0.00101979181636, -0.00281310849823, 0.00597848836333, -0.00434403354302, 0.00102057459299, -0.00266138394363, 0.000272394594504, 5.00158712384e-05, -2.25113271881e-05], [-0.000914197124075, 0.0056031094864, -2.06938530027e-05, 0.00433000829071, -0.00195182941388, 0.0028049107641, -0.00434403354302, 0.0135969771072, -0.00565977441147, 0.0025410822127, -0.00148431409616, 0.000734743196517, -0.000662155682221], [0.000223890834604, -0.00296947499737, -0.00019929096743, -0.00193141039927, 6.93365072948e-05, -0.00253972155042, 0.00102057459299, -0.00565977441147, 0.0118339546025, -0.00275697465986, -0.00284757139161, 0.00120500754565, -0.00128191220574], [-0.000270938908216, 0.00703774020076, -0.00109240494203, 0.0046300557442, -0.00254261540249, 0.00336176087148, -0.00266138394363, 0.0025410822127, -0.00275697465986, 0.0175263490528, -0.00735725136474, 0.00295544276014, -0.00229212571867], [0.000594151613768, -0.00429051881656, 0.000195618311409, -0.00279481825419, 0.00151182431728, -0.00118111714255, 0.000272394594504, -0.00148431409616, -0.00284757139161, -0.00735725136474, 0.0202621929348, -0.00601951032877, -0.00258244853467], [-0.000740252493415, 0.00448262272403, -0.00143123138696, 0.00396463321522, -0.00362439337187, 0.00176906096749, 5.00158712384e-05, 0.000734743196517, 0.00120500754565, 0.00295544276014, -0.00601951032877, 0.0153369875625, -0.00196784012951], [9.85138831311e-05, -0.00470865610987, 0.000950395129621, -0.00570149859414, 0.00305403908715, -0.00265850033611, -2.25113271881e-05, -0.000662155682221, -0.00128191220574, -0.00229212571867, -0.00258244853467, -0.00196784012951, 0.0183999277651]]
    },
    "melbands": {
        "dmean": [0.0104752490297, 0.00339292222634, 0.00185196055099, 0.00112362601794, 0.000595530844294, 0.000357770157279, 0.000264207657892, 0.000107261417725, 0.000123689911561, 0.000129438398289, 7.43135387893e-05, 3.12198826578e-05, 2.00457034225e-05, 1.9466948288e-05, 1.15152006401e-05, 9.01425846678e-06, 7.19806394045e-06, 4.70892337034e-06, 2.591682005e-06, 2.4511623451e-06, 1.9963433715e-06, 2.16304601963e-06, 2.39046198658e-06, 1.77036190507e-06, 1.63973140843e-06, 1.67973939824e-06, 1.66919130606e-06, 1.36138601192e-06, 1.21607547499e-06, 1.03340494206e-06, 8.33100727959e-07, 7.31259603981e-07, 6.13938595961e-07, 5.40482119504e-07, 5.22447749063e-07, 3.94439837237e-07, 3.05559638036e-07, 2.83235806364e-07, 2.27441233847e-07, 2.22037499498e-07],
        "dmean2": [0.0154176177457, 0.00531381228939, 0.0031612503808, 0.00195857021026, 0.00104251992889, 0.000596769095864, 0.000416768889409, 0.000165627046954, 0.000176785062649, 0.000177710331627, 0.000111729757919, 5.01337381138e-05, 3.15552206303e-05, 3.20499202644e-05, 1.86517499969e-05, 1.43017332448e-05, 1.17757463158e-05, 7.64379092288e-06, 4.13720499637e-06, 4.04741149396e-06, 3.03977026306e-06, 3.37802089234e-06, 3.89914930565e-06, 2.66751044364e-06, 2.56830116996e-06, 2.5127446861e-06, 2.54009319178e-06, 2.24079485633e-06, 1.90755099538e-06, 1.5407877072e-06, 1.25055191802e-06, 1.05830883967e-06, 8.85496262981e-07, 7.75792045715e-07, 8.01721398602e-07, 6.11222276348e-07, 4.48563127975e-07, 4.10913230553e-07, 3.39241552183e-07, 3.4292841633e-07],
        "dvar": [0.000223309281864, 3.72710783267e-05, 2.59021362581e-05, 1.29188429128e-05, 3.79651601179e-06, 2.74004321454e-07, 2.36964780242e-07, 3.43452839502e-08, 4.4672507471e-08, 5.17172651371e-08, 1.88097715181e-08, 3.35017924513e-09, 2.09106865157e-09, 7.95069610149e-09, 6.98271107602e-10, 5.29643828795e-10, 4.18816148429e-10, 1.36582509191e-10, 6.43562356184e-11, 5.13050886497e-11, 2.13862330622e-11, 1.88425976211e-11, 3.44501857596e-11, 2.97762578483e-11, 2.15229917222e-11, 2.01340177169e-11, 2.0110323129e-11, 1.67157711284e-11, 1.20141639692e-11, 7.66049897127e-12, 5.53470030223e-12, 3.93100135776e-12, 2.31406734053e-12, 1.74694275972e-12, 1.75023103649e-12, 1.03259133015e-12, 6.30027009296e-13, 5.49293900295e-13, 3.07890730055e-13, 3.72890737385e-13],
        "dvar2": [0.000465160788735, 9.38178636716e-05, 7.04972117092e-05, 3.55093397957e-05, 1.07412552097e-05, 7.12451139862e-07, 6.31722230082e-07, 8.45158041329e-08, 9.83199086591e-08, 9.11223381195e-08, 4.9294527571e-08, 9.37364763587e-09, 5.37554623037e-09, 2.07009129838e-08, 1.81317050263e-09, 1.32791488916e-09, 1.10989029078e-09, 3.46567080589e-10, 1.4582901553e-10, 1.28241625652e-10, 5.13340377151e-11, 4.40940478574e-11, 8.80940320691e-11, 7.23485091281e-11, 5.20824355865e-11, 4.63353001801e-11, 4.65293775731e-11, 4.07178839257e-11, 2.99494977429e-11, 1.71438748614e-11, 1.29727643558e-11, 8.78525203973e-12, 4.69287499485e-12, 3.47706845955e-12, 4.20083065555e-12, 2.35760694821e-12, 1.39627740793e-12, 1.15223141358e-12, 7.02765482526e-13, 9.75617481767e-13],
        "max": [0.154984593391, 0.0629796385765, 0.0457540750504, 0.0304063223302, 0.019105989486, 0.00467187725008, 0.00617221836001, 0.00257690646686, 0.00317163998261, 0.00583374779671, 0.00196289690211, 0.000842882494908, 0.00053363625193, 0.00187477935106, 0.00035852950532, 0.000337315665092, 0.000278361781966, 0.000156602138304, 0.000123322111904, 9.83174613793e-05, 6.1452126829e-05, 4.65163793706e-05, 5.64348883927e-05, 8.00903872005e-05, 5.09138262714e-05, 5.06642645632e-05, 5.07061376993e-05, 4.91253922519e-05, 3.6571178498e-05, 2.73737095995e-05, 2.84412708424e-05, 2.80167805613e-05, 1.49960060298e-05, 1.56532260007e-05, 1.83942338481e-05, 1.08701942736e-05, 1.26263548736e-05, 1.2043685274e-05, 6.38146184428e-06, 5.813572443e-06],
        "mean": [0.0254140198231, 0.00680623855442, 0.00206981413066, 0.000990645028651, 0.000559808278922, 0.000477702735225, 0.000415959017118, 0.000194106658455, 0.000221330090426, 0.000321673054714, 0.000165087563801, 5.7173496316e-05, 3.55368974851e-05, 2.82881828753e-05, 1.68917449628e-05, 1.35181035148e-05, 1.05141270978e-05, 6.41810265734e-06, 3.53320115209e-06, 3.52039137397e-06, 3.27871430272e-06, 3.81404947802e-06, 3.80099072572e-06, 2.75063598565e-06, 2.81674510916e-06, 3.09617030325e-06, 2.95110362458e-06, 2.35472134591e-06, 2.10532402889e-06, 1.91761068891e-06, 1.59191552029e-06, 1.3201464526e-06, 1.17874003536e-06, 1.04948480839e-06, 9.06022648905e-07, 7.21890614841e-07, 5.82978771035e-07, 5.32438150458e-07, 4.00426444003e-07, 3.3245126474e-07],
        "median": [0.0219602957368, 0.00408705184236, 0.00109801255167, 0.000308036862407, 0.000187332858332, 0.000257132662227, 0.000216689804802, 0.000135493552079, 0.000121981305711, 9.54679708229e-05, 6.71007364872e-05, 2.99099829135e-05, 1.17767358461e-05, 9.89932050288e-06, 6.7803807724e-06, 4.25571124651e-06, 3.15320403388e-06, 1.3403621324e-06, 6.89349519689e-07, 6.21276228685e-07, 6.27971814993e-07, 7.35321634693e-07, 6.60225452975e-07, 2.25703587375e-07, 2.17082913423e-07, 3.45755296394e-07, 2.96032965252e-07, 1.21158805655e-07, 1.16740416445e-07, 9.53432746087e-08, 6.60015899712e-08, 5.038458184e-08, 5.60376740566e-08, 5.92025202195e-08, 5.92886948425e-08, 3.77139279806e-08, 2.44445175213e-08, 2.24198757337e-08, 1.39969218438e-08, 1.27967707542e-08],
