{
"highlevel": {
    "danceability": {
        "all": {
            "danceable": 7.54878968223e-08,
            "not_danceable": 0.999999940395
        },
        "probability": 0.999999940395,
        "value": "not_danceable"
    },
    "gender": {
        "all": {
            "female": 0.349519491196,
            "male": 0.650480508804
        },
        "probability": 0.650480508804,
        "value": "male"
    },
    "genre_dortmund": {
        "all": {
            "alternative": 0.294481247663,
            "blues": 0.00921028573066,
            "electronic": 0.019145578146,
            "folkcountry": 0.0400673337281,
            "funksoulrnb": 0.000685501203407,
            "jazz": 0.00416567316279,
            "pop": 0.0347090400755,
            "raphiphop": 0.000163711723872,
            "rock": 0.597371637821
        },
        "probability": 0.597371637821,
        "value": "rock"
    },
    "genre_electronic": {
        "all": {
            "ambient": 0.627357423306,
            "dnb": 0.112213909626,
            "house": 0.0224610436708,
            "techno": 0.0107028000057,
            "trance": 0.227264806628
        },
        "probability": 0.627357423306,
        "value": "ambient"
    },
    "genre_rosamerica": {
        "all": {
            "cla": 0.00190315733198,
            "dan": 0.000935046991799,
            "hip": 0.000240814668359,
            "jaz": 0.000386459141737,
            "pop": 0.00774766039103,
            "rhy": 0.000428107799962,
            "roc": 0.987871289253,
            "spe": 0.0004874826991
        },
        "probability": 0.987871289253,
        "value": "roc"
    },
    "genre_tzanetakis": {
        "all": {
            "blu": 0.0626541376114,
            "cla": 0.0348133966327,
            "cou": 0.0783501937985,
            "dis": 0.104547761381,
            "hip": 0.15693578124,
            "jaz": 0.313987255096,
            "met": 0.044816005975,
            "pop": 0.0627349764109,
            "reg": 0.0627352520823,
            "roc": 0.0784252434969
        },
        "probability": 0.313987255096,
        "value": "jaz"
    },
    "ismir04_rhythm": {
        "all": {
            "ChaChaCha": 0.128607422113,
            "Jive": 0.415821403265,
            "Quickstep": 0.0217547323555,
            "Rumba-American": 0.0130952624604,
            "Rumba-International": 0.0371762141585,
            "Rumba-Misc": 0.0299514699727,
            "Samba": 0.0702059194446,
            "Tango": 0.074205301702,
            "VienneseWaltz": 0.193012684584,
            "Waltz": 0.0161695908755
        },
        "probability": 0.415821403265,
        "value": "Jive"
    },
    "mood_acoustic": {
        "all": {
            "acoustic": 0.0253252536058,
            "not_acoustic": 0.974674761295
        },
        "probability": 0.974674761295,
        "value": "not_acoustic"
    },
    "mood_aggressive": {
        "all": {
            "aggressive": 0.974717140198,
            "not_aggressive": 0.0252828355879
        },
        "probability": 0.974717140198,
        "value": "aggressive"
    },
    "mood_electronic": {
        "all": {
            "electronic": 0.132791370153,
            "not_electronic": 0.867208600044
        },
        "probability": 0.867208600044,
        "value": "not_electronic"
    },
    "mood_happy": {
        "all": {
            "happy": 0.0406917706132,
            "not_happy": 0.959308207035
        },
        "probability": 0.959308207035,
        "value": "not_happy"
    },
    "mood_party": {
        "all": {
            "not_party": 0.851835370064,
            "party": 0.148164629936
        },
        "probability": 0.851835370064,
        "value": "not_party"
    },
    "mood_relaxed": {
        "all": {
            "not_relaxed": 0.90078318119,
            "relaxed": 0.0992168039083
        },
        "probability": 0.90078318119,
        "value": "not_relaxed"
    },
    "mood_sad": {
        "all": {
            "not_sad": 0.626490533352,
            "sad": 0.373509436846
        },
        "probability": 0.626490533352,
        "value": "not_sad"
    },
    "moods_mirex": {
        "all": {
            "Cluster1": 0.489494860172,
            "Cluster2": 0.0279296841472,
            "Cluster3": 0.136155739427,
            "Cluster4": 0.00977899041027,
            "Cluster5": 0.336640745401
        },
        "probability": 0.489494860172,
        "value": "Cluster1"
    },
    "timbre": {
        "all": {
            "bright": 0.23228263855,
            "dark": 0.76771736145
        },
        "probability": 0.76771736145,
        "value": "dark"
    },
    "tonal_atonal": {
        "all": {
            "atonal": 0.113420501351,
            "tonal": 0.88657951355
        },
        "probability": 0.88657951355,
        "value": "tonal"
    },
    "voice_instrumental": {
        "all": {
            "instrumental": 0.0591564774513,
            "voice": 0.940843522549
        },
        "probability": 0.940843522549,
        "value": "voice"
    }
},
"lowlevel": {
    "average_loudness": 0.985972106457,
    "barkbands_crest": {
        "dmean": 2.33225488663,
        "dmean2": 3.81109142303,
        "dvar": 5.16871166229,
        "dvar2": 11.9100580215,
        "max": 20.891122818,
        "mean": 8.05521583557,
        "median": 7.30539512634,
        "min": 3.24558115005,
        "var": 8.91997337341
    },
    "barkbands_flatness_db": {
        "dmean": 0.0151340980083,
        "dmean2": 0.0240994598716,
        "dvar": 0.000172221276443,
        "dvar2": 0.000430878979387,
        "max": 0.192554667592,
        "mean": 0.113681763411,
        "median": 0.111945651472,
        "min": 0.0629970133305,
        "var": 0.000390581873944
    },
    "barkbands_kurtosis": {
        "dmean": 1.59151101112,
        "dmean2": 2.57932829857,
        "dvar": 3.07330203056,
        "dvar2": 7.2765917778,
        "max": 17.2580738068,
        "mean": 1.824259758,
        "median": 1.25704813004,
        "min": -1.55543196201,
        "var": 5.64641571045
    },
    "barkbands_skewness": {
        "dmean": 0.424008995295,
        "dmean2": 0.672975242138,
        "dvar": 0.145314469934,
        "dvar2": 0.342875957489,
        "max": 4.07832384109,
        "mean": 1.44900274277,
        "median": 1.38998246193,
        "min": 0.0469590052962,
        "var": 0.359586060047
    },
    "barkbands_spread": {
        "dmean": 4.72628355026,
        "dmean2": 7.48725175858,
        "dvar": 15.7186336517,
        "dvar2": 36.5337524414,
        "max": 61.2481689453,
        "mean": 25.852306366,
        "median": 25.2635326385,
        "min": 10.3874158859,
        "var": 50.6257171631
    },
    "dissonance": {
        "dmean": 0.0121736796573,
        "dmean2": 0.0205007009208,
        "dvar": 0.00011226440256,
        "dvar2": 0.000305505876895,
        "max": 0.500000119209,
        "mean": 0.477456748486,
        "median": 0.479385793209,
        "min": 0.406137824059,
        "var": 0.000186613862752
    },
    "dynamic_complexity": 0.754863142967,
    "erbbands_crest": {
        "dmean": 2.37873482704,
        "dmean2": 4.00297451019,
        "dvar": 5.13031101227,
        "dvar2": 14.2743997574,
        "max": 19.4020309448,
        "mean": 7.15980148315,
        "median": 6.64709758759,
        "min": 2.54867315292,
        "var": 7.84210348129
    },
    "erbbands_flatness_db": {
        "dmean": 0.01010490302,
        "dmean2": 0.0159394796938,
        "dvar": 7.34315181035e-05,
        "dvar2": 0.000182612566277,
        "max": 0.180782407522,
        "mean": 0.124635607004,
        "median": 0.124704055488,
        "min": 0.0726067572832,
        "var": 0.000287372298772
    },
    "erbbands_kurtosis": {
        "dmean": 0.454399883747,
        "dmean2": 0.738898277283,
        "dvar": 0.251695275307,
        "dvar2": 0.636935710907,
        "max": 3.76051187515,
        "mean": -0.480863898993,
        "median": -0.723851203918,
        "min": -1.57468390465,
        "var": 0.63462126255
    },
    "erbbands_skewness": {
        "dmean": 0.282484441996,
        "dmean2": 0.446477144957,
        "dvar": 0.0528154820204,
        "dvar2": 0.125506043434,
        "max": 1.65693330765,
        "mean": 0.0355389676988,
        "median": 0.0252774618566,
        "min": -1.49244368076,
        "var": 0.213122650981
    },
    "erbbands_spread": {
        "dmean": 6.99022769928,
        "dmean2": 11.0238199234,
        "dvar": 35.5008392334,
        "dvar2": 82.6124572754,
        "max": 93.0842590332,
        "mean": 45.7613067627,
        "median": 45.2742767334,
        "min": 17.8894042969,
        "var": 145.448699951
    },
    "hfc": {
        "dmean": 4.7023692131,
        "dmean2": 7.37023687363,
        "dvar": 14.8355932236,
        "dvar2": 35.256313324,
        "max": 64.4005889893,
        "mean": 31.2384529114,
        "median": 30.9184036255,
        "min": 10.6702232361,
        "var": 62.1345100403
    },
    "melbands_crest": {
        "dmean": 3.62975049019,
        "dmean2": 5.92545700073,
        "dvar": 12.2565221786,
        "dvar2": 30.7751464844,
        "max": 30.4288692474,
        "mean": 13.2314910889,
        "median": 12.2057676315,
        "min": 4.32463741302,
        "var": 22.3033676147
    },
    "melbands_flatness_db": {
        "dmean": 0.0207843314856,
        "dmean2": 0.0325730890036,
        "dvar": 0.000415913702454,
        "dvar2": 0.000892231648322,
        "max": 0.27785345912,
        "mean": 0.16260381043,
        "median": 0.15702496469,
        "min": 0.0960262045264,
        "var": 0.000941528414842
    },
    "melbands_kurtosis": {
        "dmean": 4.54025936127,
        "dmean2": 7.23196411133,
        "dvar": 26.7946949005,
        "dvar2": 62.2039108276,
        "max": 58.5679588318,
        "mean": 9.35038566589,
        "median": 7.34126567841,
        "min": -0.0670721530914,
        "var": 52.9330291748
    },
    "melbands_skewness": {
        "dmean": 0.61733019352,
        "dmean2": 0.969799458981,
        "dvar": 0.347943991423,
        "dvar2": 0.788086473942,
        "max": 6.86386632919,
        "mean": 2.62228226662,
        "median": 2.48757505417,
        "min": 0.667098224163,
        "var": 0.916148483753
    },
    "melbands_spread": {
        "dmean": 6.1016163826,
        "dmean2": 9.72900772095,
        "dvar": 28.1830501556,
        "dvar2": 67.9940185547,
        "max": 62.9593086243,
        "mean": 24.2271690369,
        "median": 23.1648082733,
        "min": 5.95276880264,
        "var": 77.465133667
    },
    "pitch_salience": {
        "dmean": 0.0647844597697,
        "dmean2": 0.108124002814,
        "dvar": 0.00359100778587,
        "dvar2": 0.00963858421892,
        "max": 0.809170603752,
        "mean": 0.563645005226,
        "median": 0.567381858826,
        "min": 0.233286842704,
        "var": 0.00681035593152
    },
    "silence_rate_20dB": {
        "dmean": 0,
        "dmean2": 0,
        "dvar": 0,
        "dvar2": 0,
        "max": 1,
        "mean": 1,
        "median": 1,
        "min": 1,
        "var": 0
    },
    "silence_rate_30dB": {
        "dmean": 0.00154798757285,
        "dmean2": 0.00309837330133,
        "dvar": 0.00154558080249,
        "dvar2": 0.00463790539652,
        "max": 1,
        "mean": 0.999226629734,
        "median": 1,
        "min": 0,
        "var": 0.000772795290686
    },
    "silence_rate_60dB": {
        "dmean": 0,
        "dmean2": 0,
        "dvar": 0,
        "dvar2": 0,
        "max": 0,
        "mean": 0,
        "median": 0,
        "min": 0,
        "var": 0
    },
    "spectral_centroid": {
        "dmean": 221.561828613,
        "dmean2": 361.031433105,
        "dvar": 32222.4824219,
        "dvar2": 82557.5,
        "max": 2670.07836914,
        "mean": 1463.08630371,
        "median": 1446.27990723,
        "min": 622.481506348,
        "var": 114933.367188
    },
    "spectral_complexity": {
        "dmean": 3.95665645599,
        "dmean2": 6.46940374374,
        "dvar": 9.77210998535,
        "dvar2": 24.94764328,
        "max": 52,
        "mean": 32.9520492554,
        "median": 33,
        "min": 16,
        "var": 33.8599853516
    },
    "spectral_decrease": {
        "dmean": 2.70882849485e-09,
        "dmean2": 4.18888124187e-09,
        "dvar": 1.0343389807e-17,
        "dvar2": 2.12305334071e-17,
        "max": -3.35428440579e-09,
        "mean": -1.03856834244e-08,
        "median": -9.18157461172e-09,
        "min": -2.7033001615e-08,
        "var": 1.84472443538e-17
    },
    "spectral_energy": {
        "dmean": 0.0103777097538,
        "dmean2": 0.0160020533949,
        "dvar": 0.000148768085637,
        "dvar2": 0.000305766036035,
        "max": 0.105008520186,
        "mean": 0.0420313775539,
        "median": 0.0376322045922,
        "min": 0.0136276911944,
        "var": 0.00026993083884
    },
    "spectral_energyband_high": {
        "dmean": 0.000231733632972,
        "dmean2": 0.000376022799173,
        "dvar": 5.5747914729e-08,
        "dvar2": 1.28701103108e-07,
        "max": 0.00455103814602,
        "mean": 0.00114401010796,
        "median": 0.00102628068998,
        "min": 0.000390028813854,
        "var": 2.05396105457e-07
    },
    "spectral_energyband_low": {
        "dmean": 0.00847197510302,
        "dmean2": 0.0133404750377,
        "dvar": 0.000168615166331,
        "dvar2": 0.000340375408996,
        "max": 0.0880038738251,
        "mean": 0.012976099737,
        "median": 0.00709233665839,
        "min": 0.000426795973908,
        "var": 0.000239511195105
    },
    "spectral_energyband_middle_high": {
        "dmean": 0.00208976864815,
        "dmean2": 0.00330688408576,
        "dvar": 4.03270269089e-06,
        "dvar2": 9.79369269771e-06,
        "max": 0.0288131348789,
        "mean": 0.00815412402153,
        "median": 0.00742334173992,
        "min": 0.00191286252812,
        "var": 1.5026105757e-05
    },
    "spectral_energyband_middle_low": {
        "dmean": 0.00672916602343,
        "dmean2": 0.0109103331342,
        "dvar": 4.61632298538e-05,
        "dvar2": 0.000121879958897,
        "max": 0.0790814161301,
        "mean": 0.0230876915157,
        "median": 0.021723087877,
        "min": 0.00476142670959,
        "var": 8.39839995024e-05
    },
    "spectral_entropy": {
        "dmean": 0.078098423779,
        "dmean2": 0.126316353679,
        "dvar": 0.00395671045408,
        "dvar2": 0.0107349567115,
        "max": 8.30307102203,
        "mean": 7.75449466705,
        "median": 7.74550199509,
        "min": 7.40902423859,
        "var": 0.0137857720256
    },
    "spectral_flux": {
        "dmean": 0.026814693585,
        "dmean2": 0.0424573197961,
        "dvar": 0.000894597615115,
        "dvar2": 0.00186172663234,
        "max": 0.305877178907,
        "mean": 0.107856921852,
        "median": 0.0963915139437,
        "min": 0.0425544157624,
        "var": 0.00171761447564
    },
    "spectral_kurtosis": {
        "dmean": 0.877135574818,
        "dmean2": 1.52010631561,
        "dvar": 0.4952878654,
        "dvar2": 1.4031471014,
        "max": 11.7435131073,
        "mean": 3.91442322731,
        "median": 3.85214471817,
        "min": 0.693946361542,
        "var": 0.945499360561
    },
    "spectral_rms": {
        "dmean": 0.000748517457396,
        "dmean2": 0.00115241250023,
        "dvar": 6.36069444226e-07,
        "dvar2": 1.26479051232e-06,
        "max": 0.0101216277108,
        "mean": 0.00629733502865,
        "median": 0.00605923635885,
        "min": 0.00364627316594,
        "var": 1.34984668421e-06
    },
    "spectral_rolloff": {
        "dmean": 445.513641357,
        "dmean2": 756.648010254,
        "dvar": 231509.96875,
        "dvar2": 512553.9375,
        "max": 5684.765625,
        "mean": 1477.38098145,
        "median": 1442.72460938,
        "min": 107.666015625,
        "var": 498088.53125
    },
    "spectral_skewness": {
        "dmean": 0.145512998104,
        "dmean2": 0.245020151138,
        "dvar": 0.0141130760312,
        "dvar2": 0.0362176559865,
        "max": 2.90721011162,
        "mean": 1.40234422684,
        "median": 1.40494203568,
        "min": 0.627106964588,
        "var": 0.0381655097008
    },
    "spectral_spread": {
        "dmean": 306386.5625,
        "dmean2": 470758.375,
        "dvar": 80423976960,
        "dvar2": 162420539392,
        "max": 9066697,
        "mean": 4392532.5,
        "median": 4346804,
        "min": 2861166,
        "var": 384511442944
    },
    "spectral_strongpeak": {
        "dmean": 0.523357093334,
        "dmean2": 0.924278318882,
        "dvar": 0.560705065727,
        "dvar2": 1.54147660732,
        "max": 6.55153465271,
        "mean": 0.881754636765,
        "median": 0.723988234997,
        "min": 0.0957626700401,
        "var": 0.484797477722
    },
    "zerocrossingrate": {
        "dmean": 0.00809481088072,
        "dmean2": 0.010288702324,
        "dvar": 4.97473665746e-05,
        "dvar2": 7.4758529081e-05,
        "max": 0.13427734375,
        "mean": 0.0651774257421,
        "median": 0.06396484375,
        "min": 0.017578125,
        "var": 0.000246715877438
    },
    "barkbands": {
        "dmean": [0.000388819607906, 0.00395470764488, 0.00316013465635, 0.00465913396329, 0.00237943627872, 0.00159177917521, 0.00181362079456, 0.000483303650981, 0.00155992270447, 0.000722192926332, 0.000338383921189, 0.000528054544702, 0.000447207567049, 0.000307993817842, 0.00039736184408, 0.000733699009288, 0.000306308153085, 0.000252975674812, 0.000364988198271, 0.000160654788488, 0.000120582459203, 4.83821386297e-05, 5.89206974837e-05, 4.00793760491e-05, 3.61524762411e-05, 4.35981928604e-05, 1.6436958461e-08],
        "dmean2": [0.000681232020725, 0.00575798703358, 0.00540005462244, 0.00798933114856, 0.00402372796088, 0.00257087196223, 0.00285801663995, 0.000799481233116, 0.00242327689193, 0.00114203104749, 0.000561446358915, 0.000886362278834, 0.000752266845666, 0.000509171513841, 0.000664538587444, 0.00123667751905, 0.000517097709235, 0.000426954502473, 0.000606691988651, 0.000267691735644, 0.000203576113563, 7.98684268375e-05, 9.46776926867e-05, 6.50215297355e-05, 5.87681352044e-05, 7.15849528206e-05, 2.98388371789e-08],
        "dvar": [1.22321569052e-06, 9.18229998206e-05, 2.96487487503e-05, 4.46515186923e-05, 5.91147363593e-06, 3.39019879902e-06, 6.90663182468e-06, 1.23666188756e-06, 4.51529422207e-06, 1.35035929816e-06, 4.42952512003e-07, 8.84659584699e-07, 8.84530891199e-07, 3.17503037195e-07, 2.9118865541e-07, 1.01981800071e-06, 1.09586679287e-07, 6.59159198335e-08, 1.44526225654e-07, 2.2477104622e-08, 2.34277113265e-08, 2.40925568384e-09, 3.6152949523e-09, 2.80028489286e-09, 2.24897633849e-09, 2.42390019167e-09, 2.47768614368e-15],
        "dvar2": [3.29053682435e-06, 0.000182129078894, 7.84613584983e-05, 0.00012513587717, 1.52461079779e-05, 8.62836350279e-06, 1.82229578058e-05, 3.19181299346e-06, 1.09112934297e-05, 3.19064611176e-06, 1.14784870675e-06, 2.31490525948e-06, 2.45196179094e-06, 8.03639068181e-07, 7.37012896934e-07, 2.83878421214e-06, 2.85432179226e-07, 1.81646484521e-07, 4.12674467043e-07, 6.0721369266e-08, 6.3800747796e-08, 6.01970739922e-09, 8.12080269696e-09, 6.07853856138e-09, 4.95442575854e-09, 6.41505204513e-09, 5.87170184707e-15],
        "max": [0.00748093565926, 0.0810480862856, 0.0409042239189, 0.0720641613007, 0.0324848219752, 0.0228832215071, 0.028119854629, 0.0197532586753, 0.0248264744878, 0.017279824242, 0.00825356971473, 0.0145752523094, 0.0138107724488, 0.0123595716432, 0.00931179895997, 0.0105263674632, 0.00516006769612, 0.00291037443094, 0.00515224086121, 0.00148817209993, 0.00181888334919, 0.00100308912806, 0.00124093052, 0.00122467090841, 0.000822749221697, 0.000472830375656, 9.02501881228e-07],
        "mean": [0.000302449363517, 0.00552018359303, 0.00393520062789, 0.00745752686635, 0.00559930689633, 0.00312950555235, 0.00331502361223, 0.000707766914275, 0.00269068661146, 0.00131976359989, 0.0005497665843, 0.000823366106488, 0.000761141302064, 0.000527581491042, 0.000740391667932, 0.00124858878553, 0.000623057538178, 0.000546594441403, 0.000850040116347, 0.000435736699728, 0.000319314189255, 0.000146803547977, 0.000175544482772, 0.000122848010506, 8.49376883707e-05, 9.82806013781e-05, 1.11907967337e-08],
        "median": [2.47205534833e-05, 0.00240748957731, 0.00164941255935, 0.00517211994156, 0.00501056713983, 0.00197219615802, 0.00188993779011, 0.000366659805877, 0.00146776088513, 0.000578906270675, 0.000230581470532, 0.000452382897492, 0.00034550219425, 0.000339236547006, 0.000532861973625, 0.000750479404815, 0.000507715216372, 0.000454042106867, 0.000710444699507, 0.000388336455217, 0.000263387599261, 0.00013147998834, 0.000151336600538, 0.000104085120256, 6.85694394633e-05, 8.13203732832e-05, 1.37012268198e-09],
        "min": [2.62584265442e-08, 9.79711876425e-06, 1.51960321091e-05, 4.98533263453e-05, 0.000222014874453, 7.92398059275e-05, 2.2005975552e-05, 8.60269665282e-06, 6.82767495164e-05, 3.40605110978e-05, 1.26294016809e-05, 3.30982729793e-05, 4.87302349939e-05, 4.09066124121e-05, 4.65318989882e-05, 7.3632603744e-05, 9.79983451543e-05, 9.30569367483e-05, 0.000130485772388, 9.81254779617e-05, 6.54625982861e-05, 3.32119307132e-05, 2.64828340732e-05, 1.21366228996e-05, 1.29439259311e-08, 4.48935857378e-08, 8.89200605508e-12],
        "var": [9.70567498371e-07, 0.000122111625387, 2.86885533569e-05, 4.93156985613e-05, 1.30983253257e-05, 1.03350703284e-05, 1.35123900691e-05, 1.41181794788e-06, 9.12346604309e-06, 3.59264299732e-06, 9.95290747596e-07, 1.39591793413e-06, 1.72210457094e-06, 5.34616901859e-07, 4.82232508148e-07, 1.65918515904e-06, 2.07010842246e-07, 1.27836472075e-07, 2.76802211374e-07, 4.47706369755e-08, 4.03486275502e-08, 6.17974071915e-09, 1.15042491089e-08, 7.73365194107e-09, 5.66489655185e-09, 4.27375335121e-09, 1.7796719146e-15]
    },
    "erbbands": {
        "dmean": [0.175530418754, 0.749131023884, 2.69604802132, 11.6129007339, 11.1396818161, 6.81409692764, 7.76946163177, 15.9716205597, 24.5302715302, 21.4064025879, 11.433719635, 32.8252677917, 27.1965045929, 17.6255741119, 15.9148769379, 17.8973579407, 20.5076751709, 15.4514513016, 18.2492694855, 18.5058689117, 43.0020904541, 17.7204036713, 11.4278268814, 16.422700882, 13.3887205124, 7.01038408279, 6.11626052856, 3.51875472069, 1.60596573353, 2.28938126564, 1.35968625546, 0.997709870338, 0.685994923115, 0.462639242411, 0.268817037344, 0.23007273674, 0.0783923566341, 0.00523285847157, 9.56074654823e-05, 1.31283022711e-05],
        "dmean2": [0.289350092411, 1.09730112553, 4.61119365692, 20.1487827301, 18.6483974457, 11.6156902313, 13.2645750046, 25.2245769501, 38.4317436218, 34.7697677612, 18.4471702576, 52.2358627319, 41.8175239563, 28.5905647278, 26.2024593353, 29.4837703705, 34.6876678467, 25.2136993408, 30.0978794098, 30.9572315216, 72.2699432373, 29.3691806793, 19.0903835297, 27.4319591522, 21.8224411011, 11.6869525909, 10.2969665527, 5.96400308609, 2.63266897202, 3.76508069038, 2.13803672791, 1.62762331963, 1.10954713821, 0.752978742123, 0.430148929358, 0.378711998463, 0.128851920366, 0.00874852016568, 0.000157729431521, 2.03464096558e-05],
        "dvar": [0.250603795052, 3.03142356873, 27.1765136719, 356.560241699, 105.925369263, 89.8386077881, 76.4211807251, 425.650878906, 865.153442383, 2320.63671875, 674.952087402, 2564.90673828, 1228.19384766, 694.011047363, 604.170837402, 1306.73522949, 2250.0144043, 1000.32391357, 771.507568359, 418.034545898, 4418.03222656, 424.976196289, 117.459899902, 265.677642822, 178.673110962, 41.1384658813, 71.5361022949, 12.1227045059, 2.55132555962, 5.12083435059, 2.15984892845, 1.67561554909, 0.693156480789, 0.320735037327, 0.131070286036, 0.0593942292035, 0.00947875250131, 5.99798040639e-05, 1.78847763266e-08, 2.22363932822e-10],
        "dvar2": [0.604731023312, 6.12569189072, 73.946105957, 961.336853027, 288.843292236, 232.231170654, 201.579498291, 1036.85131836, 2144.31689453, 6003.9296875, 1802.96228027, 6548.38671875, 2720.03857422, 1815.53295898, 1521.60693359, 3389.88891602, 6202.12011719, 2552.36865234, 1937.70837402, 1118.29553223, 12290.3232422, 1083.26196289, 323.626220703, 752.913818359, 492.945526123, 109.39704895, 195.701278687, 33.7714424133, 6.47992563248, 12.5031414032, 4.39271306992, 4.10144996643, 1.48277997971, 0.793417572975, 0.282438486814, 0.163948237896, 0.0250246766955, 0.000157985443366, 4.69382719359e-08, 4.74319528099e-10],
        "max": [3.31996536255, 14.6171379089, 41.767665863, 166.323623657, 93.0226593018, 134.619979858, 103.883117676, 259.477752686, 291.836120605, 599.285827637, 531.366821289, 579.828857422, 493.644287109, 305.521209717, 324.903594971, 707.226135254, 697.333679199, 677.69128418, 584.750183105, 233.273880005, 698.08380127, 364.625915527, 137.197570801, 194.887680054, 179.217163086, 62.0849571228, 97.0921478271, 39.6258583069, 31.3598041534, 43.1094360352, 33.2973403931, 27.9935150146, 21.4075298309, 9.41480350494, 8.30769824982, 2.69709563255, 0.897846281528, 0.0739891529083, 0.00133381632622, 0.000145034005982],
        "mean": [0.182375013828, 1.16007351875, 3.55451536179, 16.0700855255, 29.0394153595, 11.9613437653, 13.5089530945, 32.0598983765, 48.7804527283, 33.6635665894, 19.7943763733, 55.5536842346, 51.5142402649, 34.8603210449, 28.4658126831, 30.4641666412, 36.4382247925, 29.1717414856, 36.8955116272, 38.8295936584, 72.0325622559, 39.0516700745, 29.2362575531, 41.2268638611, 35.0946083069, 20.4626026154, 15.5821657181, 10.0220127106, 5.06731987, 6.02342176437, 4.021879673, 2.91061735153, 1.89528405666, 0.942602574825, 0.585159003735, 0.542801499367, 0.158340081573, 0.00764762703329, 0.000194180160179, 6.09838789387e-05],
        "median": [0.0467325747013, 0.601243436337, 2.03776407242, 8.96209335327, 26.8850440979, 8.56740093231, 9.42375183105, 19.6111621857, 30.3861789703, 15.552731514, 10.8530025482, 27.4302215576, 30.7873344421, 18.769613266, 15.1932678223, 17.4064121246, 15.9684267044, 18.2931804657, 26.6262340546, 30.5267162323, 40.3150405884, 31.9217224121, 25.8269882202, 34.6919975281, 30.8557415009, 18.639421463, 12.1132936478, 9.03360462189, 4.55576944351, 5.18583154678, 3.40634584427, 2.41606235504, 1.60367548466, 0.770899713039, 0.463708043098, 0.460415482521, 0.125406056643, 0.0050472333096, 0.000149138926645, 5.60298030905e-05],
        "min": [0.00116663158406, 0.0140876993537, 0.129091531038, 0.43952730298, 0.985546529293, 0.908597588539, 0.858600795269, 1.15369033813, 0.525137424469, 0.975020825863, 1.19970262051, 1.61494648457, 1.42405331135, 1.28719878197, 1.92365682125, 1.58141207695, 2.82219099998, 2.65961694717, 1.798361063, 4.83626890182, 5.05355834961, 6.53431653976, 5.64508628845, 5.35246658325, 5.03659200668, 5.35036993027, 2.82977342606, 2.63739418983, 1.12652671337, 1.02455401421, 0.551615059376, 0.204446464777, 0.194844380021, 0.0194407310337, 0.00548946904019, 0.0020916457288, 0.00021282187663, 2.44699695031e-05, 1.52390666699e-05, 2.5472822017e-05],
        "var": [0.235171481967, 4.02310657501, 21.5350227356, 361.845550537, 238.710021973, 138.918655396, 161.039749146, 1193.87536621, 2396.18823242, 3203.2265625, 838.812866211, 4681.94140625, 3220.55810547, 1667.75817871, 1392.4263916, 2087.2019043, 4214.87304688, 1652.01281738, 1290.74975586, 790.80279541, 6902.45556641, 867.676818848, 234.962631226, 610.760864258, 387.357543945, 86.6876144409, 121.200042725, 22.3002891541, 6.82843017578, 12.9566516876, 7.75975513458, 4.41690301895, 1.79310715199, 0.679890632629, 0.319001853466, 0.125348836184, 0.0134501401335, 6.28950510873e-05, 2.09444426247e-08, 3.96605942532e-10]
    },
    "gfcc": {
        "mean": [69.4602279663, 80.3954315186, -115.868919373, 38.7897224426, -56.7646598816, 9.88381195068, -45.3268547058, 14.9096155167, -32.7842826843, 3.9380505085, -25.7951221466, 1.79464375973, -16.9342327118],
        "cov": [[168.990844727, -20.1636352539, -2.4238307476, -64.939239502, -3.48942041397, 1.73356723785, 32.5510787964, 20.2335414886, -8.43246746063, 2.83312749863, -15.387925148, -1.95434308052, -20.1923942566], [-20.1636352539, 152.145278931, -2.71670460701, -5.12382698059, 21.7811374664, 7.45987796783, 62.1603088379, 4.60395526886, 20.2553653717, -1.46258699894, 23.9469890594, -13.9687700272, -1.01557445526], [-2.4238307476, -2.71670460701, 134.949081421, 21.6570777893, 11.6152954102, 17.726474762, 9.53289318085, 1.21764874458, -0.595621049404, 16.2227458954, 4.88356018066, 8.47520160675, -26.4375991821], [-64.939239502, -5.12382698059, 21.6570777893, 146.74407959, 58.4770088196, -26.6195526123, -35.9469680786, -13.3536815643, 28.6296596527, 13.1556797028, 11.9934883118, 13.4974422455, 45.1980705261], [-3.48942041397, 21.7811374664, 11.6152954102, 58.4770088196, 110.588195801, -0.513123810291, 31.8088302612, 10.5083246231, 18.2635822296, 20.0320739746, 0.649290978909, 14.0122947693, 22.4516735077], [1.73356723785, 7.45987796783, 17.726474762, -26.6195526123, -0.513123810291, 98.6035003662, 50.6491508484, 19.5533828735, -10.631937027, -4.97966527939, 12.0150785446, -9.5116071701, -9.28916358948], [32.5510787964, 62.1603088379, 9.53289318085, -35.9469680786, 31.8088302612, 50.6491508484, 119.192253113, 37.9447975159, 0.846827447414, -2.18612861633, 8.94714069366, 2.85782909393, -13.2186031342], [20.2335414886, 4.60395526886, 1.21764874458, -13.3536815643, 10.5083246231, 19.5533828735, 37.9447975159, 59.6390342712, 21.198972702, 14.3018016815, 4.84868526459, 3.98004007339, 12.345334053], [-8.43246746063, 20.2553653717, -0.595621049404, 28.6296596527, 18.2635822296, -10.631937027, 0.846827447414, 21.198972702, 59.3087615967, 31.356678009, 10.7632331848, 1.43667328358, 12.1814680099], [2.83312749863, -1.46258699894, 16.2227458954, 13.1556797028, 20.0320739746, -4.97966527939, -2.18612861633, 14.3018016815, 31.356678009, 55.9752197266, 25.4911270142, 10.300532341, 7.54969596863], [-15.387925148, 23.9469890594, 4.88356018066, 11.9934883118, 0.649290978909, 12.0150785446, 8.94714069366, 4.84868526459, 10.7632331848, 25.4911270142, 51.0199317932, 18.8437423706, 8.14727687836], [-1.95434308052, -13.9687700272, 8.47520160675, 13.4974422455, 14.0122947693, -9.5116071701, 2.85782909393, 3.98004007339, 1.43667328358, 10.300532341, 18.8437423706, 50.3989753723, 24.6152248383], [-20.1923942566, -1.01557445526, -26.4375991821, 45.1980705261, 22.4516735077, -9.28916358948, -13.2186031342, 12.345334053, 12.1814680099, 7.54969596863, 8.14727687836, 24.6152248383, 73.8654632568]],
        "icov": [[0.00844989996403, 0.00280677946284, -0.000688707979862, 0.00442191353068, -0.00152065954171, 0.00262298621237, -0.00308644352481, -0.00041111477185, -0.000463100615889, -0.000397243828047, 6.58680073684e-05, 0.00158003601246, -0.000712122186087], [0.00280677946284, 0.0175310205668, -0.00408456474543, 0.00718846078962, -0.00438646832481, 0.00786370411515, -0.0120446076617, 0.00848261546344, -0.0108851715922, 0.011611350812, -0.0167914871126, 0.0148592432961, -0.00859450828284], [-0.000688707979862, -0.00408456474543, 0.0122616263106, -0.0075126728043, 0.00289837736636, -0.00505583127961, 0.00215090578422, -0.00373206543736, 0.00598068675026, -0.00924888253212, 0.00859061442316, -0.00934789422899, 0.0103596756235], [0.00442191353068, 0.00718846078962, -0.0075126728043, 0.0221813805401, -0.0119482688606, 0.00586179643869, 0.000364550651284, 0.00744863692671, -0.0124756284058, 0.0131459906697, -0.0143440570682, 0.0107050696388, -0.0130362669006], [-0.00152065954171, -0.00438646832481, 0.00289837736636, -0.0119482688606, 0.0197372268885, -0.00238743331283, -0.00620739301667, -0.000252991914749, 0.00518505647779, -0.0135500961915, 0.0137262409553, -0.0076496899128, 0.00206955079921], [0.00262298621237, 0.00786370411515, -0.00505583127961, 0.00586179643869, -0.00238743331283, 0.0198747236282, -0.0106172906235, 0.000922803534195, -0.0015916149132, 0.00792653672397, -0.0142227644101, 0.0136288153008, -0.00692104641348], [-0.00308644352481, -0.0120446076617, 0.00215090578422, 0.000364550651284, -0.00620739301667, -0.0106172906235, 0.0271736662835, -0.0144021790475, 0.00527626974508, 0.000821635534521, 0.00476458854973, -0.0114304581657, 0.00968842767179], [-0.00041111477185, 0.00848261546344, -0.00373206543736, 0.00744863692671, -0.000252991914749, 0.000922803534195, -0.0144021790475, 0.0348829701543, -0.0161016378552, 0.00185704266187, -0.0047327526845, 0.00782634597272, -0.0137242851779], [-0.000463100615889, -0.0108851715922, 0.00598068675026, -0.0124756284058, 0.00518505647779, -0.0015916149132, 0.00527626974508, -0.0161016378552, 0.0396666415036, -0.0249857082963, 0.0134578989819, -0.00644902605563, 0.0080341482535], [-0.000397243828047, 0.011611350812, -0.00924888253212, 0.0131459906697, -0.0135500961915, 0.00792653672397, 0.000821635534521, 0.00185704266187, -0.0249857082963, 0.0508008114994, -0.0334442257881, 0.0130970086902, -0.00809860229492], [6.58680073684e-05, -0.0167914871126, 0.00859061442316, -0.0143440570682, 0.0137262409553, -0.0142227644101, 0.00476458854973, -0.0047327526845, 0.0134578989819, -0.0334442257881, 0.0554254092276, -0.0287833511829, 0.0119992364198], [0.00158003601246, 0.0148592432961, -0.00934789422899, 0.0107050696388, -0.0076496899128, 0.0136288153008, -0.0114304581657, 0.00782634597272, -0.00644902605563, 0.0130970086902, -0.0287833511829, 0.0459795221686, -0.0209971480072], [-0.000712122186087, -0.00859450828284, 0.0103596756235, -0.0130362669006, 0.00206955079921, -0.00692104641348, 0.00968842767179, -0.0137242851779, 0.0080341482535, -0.00809860229492, 0.0119992364198, -0.0209971480072, 0.0326146557927]]
    },
    "melbands": {
        "dmean": [0.00129294593353, 0.00120856158901, 0.00184699869715, 0.000587061571423, 0.000263000983978, 0.000342024752172, 0.000371642789105, 0.000204503099667, 0.000114115595352, 0.000217008404434, 0.000142924924148, 8.21498470032e-05, 5.36642182851e-05, 6.35953547317e-05, 4.73869586131e-05, 4.0578066546e-05, 2.9065671697e-05, 2.90859425149e-05, 2.94578767353e-05, 3.51607668563e-05, 5.0996975915e-05, 1.93943960767e-05, 1.33318726512e-05, 1.48619292304e-05, 1.48835160871e-05, 1.57905560627e-05, 7.86492364568e-06, 4.77492994833e-06, 4.14378700953e-06, 3.65192408935e-06, 1.84702298611e-06, 1.05788899418e-06, 1.11346582798e-06, 1.48967239966e-06, 8.54049403642e-07, 9.12448967938e-07, 7.13481824732e-07, 6.35496121504e-07, 4.87051238451e-07, 4.25507096224e-07],
        "dmean2": [0.00197670795023, 0.00196025869809, 0.00316097820178, 0.00098963920027, 0.000444516655989, 0.000541549350601, 0.000585557892919, 0.000332584051648, 0.000183979194844, 0.000342255429132, 0.000219989102334, 0.000132224333356, 8.88880022103e-05, 0.000106298604805, 8.03818838904e-05, 6.73235481372e-05, 4.75576562167e-05, 4.79465597891e-05, 4.91158025397e-05, 5.96928512095e-05, 8.59008505358e-05, 3.2485666452e-05, 2.28051449085e-05, 2.49170643656e-05, 2.49942804658e-05, 2.66094630206e-05, 1.29630352603e-05, 8.04593310022e-06, 7.01319868313e-06, 6.1779992393e-06, 3.12134488922e-06, 1.74454498847e-06, 1.81809207334e-06, 2.45299247581e-06, 1.3394051166e-06, 1.52295444877e-06, 1.18674483929e-06, 1.03435490928e-06, 8.13823817225e-07, 7.05162449322e-07],
        "dvar": [1.14126860353e-05, 5.36837569598e-06, 6.70696226734e-06, 3.23042684158e-07, 9.99159510684e-08, 1.74168846456e-07, 2.04325061759e-07, 2.0086744712e-07, 5.77452219375e-08, 9.04811443547e-08, 3.40651098441e-08, 1.55150754466e-08, 8.62521343237e-09, 1.32747270953e-08, 8.08982925093e-09, 6.33320240695e-09, 3.64021102151e-09, 2.11485229329e-09, 1.61524782438e-09, 1.99044802862e-09, 6.71988820145e-09, 6.56037113522e-10, 1.92234256291e-10, 2.3983451336e-10, 2.18447496203e-10, 3.10248160496e-10, 6.10305417315e-11, 1.91685781831e-11, 2.73234004866e-11, 1.89420094193e-11, 2.78954658851e-12, 1.10381755819e-12, 1.48853564023e-12, 2.16973791364e-12, 8.93941767399e-13, 9.21572930815e-13, 8.32864051163e-13, 5.49356458761e-13, 3.19757268623e-13, 2.90894912325e-13],
        "dvar2": [2.51563142228e-05, 1.35524678626e-05, 1.85396675079e-05, 8.8060590997e-07, 2.47034620315e-07, 4.29986357631e-07, 5.18046647358e-07, 5.17730882166e-07, 1.53844396777e-07, 2.23895526119e-07, 7.51619921857e-08, 3.93934236342e-08, 2.16331486058e-08, 3.46984627697e-08, 2.29238548144e-08, 1.68650675647e-08, 9.16761599967e-09, 5.45474820868e-09, 4.29381863398e-09, 5.43542499898e-09, 1.85857640389e-08, 1.6562529126e-09, 5.37229039033e-10, 6.75847489084e-10, 6.28266438873e-10, 8.47376002699e-10, 1.6429854699e-10, 5.20798612569e-11, 7.5543203637e-11, 5.22253768009e-11, 7.77413636938e-12, 2.83180423555e-12, 3.91074846118e-12, 5.29455299048e-12, 1.86411281376e-12, 2.36131188387e-12, 2.04111402259e-12, 1.28783518138e-12, 7.74756289939e-13, 7.53495627438e-13],
        "max": [0.0258788336068, 0.0186712425202, 0.025700841099, 0.0059369970113, 0.00436103716493, 0.00527892122045, 0.00518534891307, 0.00572895724326, 0.00398346828297, 0.0031979996711, 0.00267172092572, 0.00139700761065, 0.00117914879229, 0.00158064626157, 0.0010412215488, 0.00116090057418, 0.00119104608893, 0.000926750304643, 0.000500356545672, 0.000543032772839, 0.000826672534458, 0.000425811042078, 0.000175063469214, 0.000183652140549, 0.000162481330335, 0.000256427301792, 7.27862425265e-05, 4.2801071686e-05, 6.11640862189e-05, 5.76852544327e-05, 2.09516329051e-05, 1.89854890777e-05, 1.96938672161e-05, 2.68968960881e-05, 2.09294685192e-05, 1.40765532706e-05, 1.87454752449e-05, 1.77077108674e-05, 8.47185310704e-06, 8.93757623999e-06],
        "mean": [0.00158138410188, 0.00178247515578, 0.00339660001919, 0.00140645436477, 0.000471543957246, 0.000695235910825, 0.000732315820642, 0.000311498151859, 0.00018604764773, 0.000368170294678, 0.000263006659225, 0.000153154833242, 9.06803106773e-05, 9.62419071584e-05, 7.53604981583e-05, 7.27768710931e-05, 4.9880512961e-05, 5.55160622753e-05, 5.3965159168e-05, 6.37523335172e-05, 8.19243578007e-05, 3.77705036954e-05, 2.85792775685e-05, 2.87469811155e-05, 3.36532139045e-05, 3.41949780704e-05, 1.78293812496e-05, 1.23593117678e-05, 9.59064345807e-06, 8.63714103616e-06, 4.82732411911e-06, 2.82534983853e-06, 2.80648418993e-06, 3.54910139322e-06, 2.23772281061e-06, 2.05380820262e-06, 1.76727780854e-06, 1.57903275522e-06, 8.63380307692e-07, 7.47470608076e-07],
        "median": [0.000553145888261, 0.00108912133146, 0.00261795148253, 0.00127537862863, 0.000323940737871, 0.000423111894634, 0.000488062767545, 0.000136390037369, 8.15928142401e-05, 0.000196003922611, 0.000150690422743, 7.7737524407e-05, 4.224352233e-05, 5.01581489516e-05, 3.5790635593e-05, 3.51438357029e-05, 3.11012081511e-05, 3.84524792025e-05, 3.76489551854e-05, 4.40632466052e-05, 4.25873040513e-05, 2.86759659502e-05, 2.46025483648e-05, 2.32395104831e-05, 2.79022824543e-05, 2.74991998594e-05, 1.54940025823e-05, 1.11959452624e-05, 7.50958088247e-06, 7.22981576473e-06, 4.41065139967e-06, 2.52934637501e-06, 2.40479243985e-06, 3.03563319903e-06, 1.87696934972e-06, 1.63947925103e-06, 1.47621256019e-06, 1.32622483306e-06, 6.86108933223e-07, 5.95196979702e-07],
        "min": [3.1009169561e-06, 1.90035516425e-05, 9.23135885387e-05, 3.53813775291e-05, 2.24555897148e-05, 2.60512351815e-05, 6.49595813229e-06, 9.73484202405e-06, 2.13494354284e-06, 9.35485695663e-06, 6.67758831696e-06, 3.68127575712e-06, 4.95617086926e-06, 3.54438134309e-06, 3.46786214322e-06, 4.98362851431e-06, 4.31567832493e-06, 2.0921597752e-06, 3.36536686518e-06, 7.7885315477e-06, 4.57203577753e-06, 5.6537051023e-06, 2.89443414658e-06, 4.48688342658e-06, 3.56129930879e-06, 4.40717440142e-06, 1.92067750504e-06, 2.13627731682e-06, 8.91698050509e-07, 1.55756356435e-06, 1.11137217118e-06, 5.35114395461e-07, 2.76282491996e-07, 3.51218062633e-07, 1.63568714129e-07, 1.53723348717e-07, 5.35713908789e-08, 8.28083273063e-08, 1.83238868523e-09, 1.0585611554e-10],
