{
"highlevel": {
    "danceability": {
        "all": {
            "danceable": 0.273859888315,
            "not_danceable": 0.726140081882
        },
        "probability": 0.726140081882,
        "value": "not_danceable"
    },
    "gender": {
        "all": {
            "female": 0.192028090358,
            "male": 0.807971894741
        },
        "probability": 0.807971894741,
        "value": "male"
    },
    "genre_dortmund": {
        "all": {
            "alternative": 0.0935190990567,
            "blues": 0.0674998387694,
            "electronic": 0.0337263606489,
            "folkcountry": 0.220200896263,
            "funksoulrnb": 0.0145607655868,
            "jazz": 0.00608500605449,
            "pop": 0.0755068957806,
            "raphiphop": 0.0108579667285,
            "rock": 0.478043168783
        },
        "probability": 0.478043168783,
        "value": "rock"
    },
    "genre_electronic": {
        "all": {
            "ambient": 0.205524742603,
            "dnb": 0.20783008635,
            "house": 0.156025156379,
            "techno": 0.0350062027574,
            "trance": 0.395613819361
        },
        "probability": 0.395613819361,
        "value": "trance"
    },
    "genre_rosamerica": {
        "all": {
            "cla": 0.00160385807976,
            "dan": 0.0153183164075,
            "hip": 0.00889501720667,
            "jaz": 0.00145771808457,
            "pop": 0.46272033453,
            "rhy": 0.049354724586,
            "roc": 0.459822297096,
            "spe": 0.00082772114547
        },
        "probability": 0.46272033453,
        "value": "pop"
    },
    "genre_tzanetakis": {
        "all": {
            "blu": 0.0626613423228,
            "cla": 0.0348169617355,
            "cou": 0.104475811124,
            "dis": 0.0784321576357,
            "hip": 0.15692435205,
            "jaz": 0.313974827528,
            "met": 0.0448166541755,
            "pop": 0.0627359300852,
            "reg": 0.0627360641956,
            "roc": 0.0784258767962
        },
        "probability": 0.313974827528,
        "value": "jaz"
    },
    "ismir04_rhythm": {
        "all": {
            "ChaChaCha": 0.238918870687,
            "Jive": 0.0933714285493,
            "Quickstep": 0.102439843118,
            "Rumba-American": 0.0140935098752,
            "Rumba-International": 0.0285360533744,
            "Rumba-Misc": 0.0101007493213,
            "Samba": 0.390702754259,
            "Tango": 0.0339309796691,
            "VienneseWaltz": 0.0771277844906,
            "Waltz": 0.0107780434191
        },
        "probability": 0.390702754259,
        "value": "Samba"
    },
    "mood_acoustic": {
        "all": {
            "acoustic": 0.0547684915364,
            "not_acoustic": 0.945231497288
        },
        "probability": 0.945231497288,
        "value": "not_acoustic"
    },
    "mood_aggressive": {
        "all": {
            "aggressive": 0.417847573757,
            "not_aggressive": 0.582152426243
        },
        "probability": 0.582152426243,
        "value": "not_aggressive"
    },
    "mood_electronic": {
        "all": {
            "electronic": 0.275754660368,
            "not_electronic": 0.724245369434
        },
        "probability": 0.724245369434,
        "value": "not_electronic"
    },
    "mood_happy": {
        "all": {
            "happy": 0.814576029778,
            "not_happy": 0.185423955321
        },
        "probability": 0.814576029778,
        "value": "happy"
    },
    "mood_party": {
        "all": {
            "not_party": 0.435310691595,
            "party": 0.564689338207
        },
        "probability": 0.564689338207,
        "value": "party"
    },
    "mood_relaxed": {
        "all": {
            "not_relaxed": 0.380468696356,
            "relaxed": 0.619531273842
        },
        "probability": 0.619531273842,
        "value": "relaxed"
    },
    "mood_sad": {
        "all": {
            "not_sad": 0.840188682079,
            "sad": 0.159811317921
        },
        "probability": 0.840188682079,
        "value": "not_sad"
    },
    "moods_mirex": {
        "all": {
            "Cluster1": 0.221217811108,
            "Cluster2": 0.260438650846,
            "Cluster3": 0.155357345939,
            "Cluster4": 0.242983713746,
            "Cluster5": 0.12000246346
        },
        "probability": 0.260438650846,
        "value": "Cluster2"
    },
    "timbre": {
        "all": {
            "bright": 0.881236255169,
            "dark": 0.118763767183
        },
        "probability": 0.881236255169,
        "value": "bright"
    },
    "tonal_atonal": {
        "all": {
            "atonal": 0.0472980923951,
            "tonal": 0.952701926231
        },
        "probability": 0.952701926231,
        "value": "tonal"
    },
    "voice_instrumental": {
        "all": {
            "instrumental": 0.000253219855949,
            "voice": 0.999746799469
        },
        "probability": 0.999746799469,
        "value": "voice"
    }
},
"lowlevel": {
    "average_loudness": 0.98048722744,
    "barkbands_crest": {
        "dmean": 2.58601403236,
        "dmean2": 4.15401649475,
        "dvar": 6.98164129257,
        "dvar2": 14.6978435516,
        "max": 24.705499649,
        "mean": 8.89735794067,
        "median": 7.70751810074,
        "min": 2.51548409462,
        "var": 17.3417949677
    },
    "barkbands_flatness_db": {
        "dmean": 0.0206393562257,
        "dmean2": 0.0303991306573,
        "dvar": 0.000363654864486,
        "dvar2": 0.000772586499806,
        "max": 0.309525430202,
        "mean": 0.129991352558,
        "median": 0.122935310006,
        "min": 0.0511145740747,
        "var": 0.00137684855144
    },
    "barkbands_kurtosis": {
        "dmean": 2.28298974037,
        "dmean2": 3.43572950363,
        "dvar": 17.9204425812,
        "dvar2": 39.6895103455,
        "max": 56.9596824646,
        "mean": 2.82961034775,
        "median": 1.37493562698,
        "min": -1.90676748753,
        "var": 29.9855136871
    },
    "barkbands_skewness": {
        "dmean": 0.492109775543,
        "dmean2": 0.732416987419,
        "dvar": 0.288508117199,
        "dvar2": 0.590718626976,
        "max": 7.09179830551,
        "mean": 1.43231415749,
        "median": 1.41113770008,
        "min": -1.32283341885,
        "var": 1.06147062778
    },
    "barkbands_spread": {
        "dmean": 6.36844825745,
        "dmean2": 9.51395130157,
        "dvar": 55.2148742676,
        "dvar2": 112.164466858,
        "max": 105.21509552,
        "mean": 28.2397670746,
        "median": 24.2538719177,
        "min": 2.55170655251,
        "var": 298.606811523
    },
    "dissonance": {
        "dmean": 0.0138500714675,
        "dmean2": 0.0231425054371,
        "dvar": 0.000174753280589,
        "dvar2": 0.000478036905406,
        "max": 0.499279350042,
        "mean": 0.471294879913,
        "median": 0.475209772587,
        "min": 0.359490394592,
        "var": 0.000342633516993
    },
    "dynamic_complexity": 1.55264472961,
    "erbbands_crest": {
        "dmean": 2.19981408119,
        "dmean2": 3.66965103149,
        "dvar": 4.10950183868,
        "dvar2": 10.2766027451,
        "max": 21.7327346802,
        "mean": 7.76658201218,
        "median": 7.02412366867,
        "min": 2.5381155014,
        "var": 10.9937553406
    },
    "erbbands_flatness_db": {
        "dmean": 0.0146910296753,
        "dmean2": 0.0218368563801,
        "dvar": 0.000176659741555,
        "dvar2": 0.000391735113226,
        "max": 0.250670135021,
        "mean": 0.143644616008,
        "median": 0.141809135675,
        "min": 0.0703714042902,
        "var": 0.000739347247873
    },
    "erbbands_kurtosis": {
        "dmean": 0.656846940517,
        "dmean2": 1.01305806637,
        "dvar": 0.630395233631,
        "dvar2": 1.4734429121,
        "max": 8.61545276642,
        "mean": 0.137169539928,
        "median": -0.38330578804,
        "min": -1.71898293495,
        "var": 2.21761870384
    },
    "erbbands_skewness": {
        "dmean": 0.305155277252,
        "dmean2": 0.463080585003,
        "dvar": 0.0799087136984,
        "dvar2": 0.167824849486,
        "max": 2.10269594193,
        "mean": 0.148973062634,
        "median": 0.232659995556,
        "min": -2.49293780327,
        "var": 0.552708804607
    },
    "erbbands_spread": {
        "dmean": 7.54979324341,
        "dmean2": 11.3579063416,
        "dvar": 53.0571289062,
        "dvar2": 119.336418152,
        "max": 93.2361297607,
        "mean": 42.8111839294,
        "median": 42.3851547241,
        "min": 10.5978755951,
        "var": 227.515197754
    },
    "hfc": {
        "dmean": 9.0374288559,
        "dmean2": 12.8923902512,
        "dvar": 171.100585938,
        "dvar2": 314.243225098,
        "max": 252.313735962,
        "mean": 33.7575302124,
        "median": 26.6022605896,
        "min": 1.51826953888,
        "var": 914.274047852
    },
    "melbands_crest": {
        "dmean": 3.21481966972,
        "dmean2": 5.07336568832,
        "dvar": 8.81089019775,
        "dvar2": 18.9436435699,
        "max": 32.776927948,
        "mean": 12.9726076126,
        "median": 11.6770372391,
        "min": 4.59755706787,
        "var": 25.5480556488
    },
    "melbands_flatness_db": {
        "dmean": 0.0259160734713,
        "dmean2": 0.0380087159574,
        "dvar": 0.000617004116066,
        "dvar2": 0.00123527320102,
        "max": 0.410566478968,
        "mean": 0.179808244109,
        "median": 0.172330379486,
        "min": 0.0580342411995,
        "var": 0.00274863140658
    },
    "melbands_kurtosis": {
        "dmean": 6.48699235916,
        "dmean2": 9.77524280548,
        "dvar": 111.354003906,
        "dvar2": 242.245330811,
        "max": 155.819381714,
        "mean": 11.8268690109,
        "median": 8.23509883881,
        "min": -1.28075194359,
        "var": 207.594329834
    },
    "melbands_skewness": {
        "dmean": 0.705884695053,
        "dmean2": 1.0461769104,
        "dvar": 0.573639690876,
        "dvar2": 1.19511389732,
        "max": 10.6516046524,
        "mean": 2.67196083069,
        "median": 2.52235555649,
        "min": -0.183949992061,
        "var": 1.98412966728
    },
    "melbands_spread": {
        "dmean": 8.28216171265,
        "dmean2": 12.9452447891,
        "dvar": 148.471054077,
        "dvar2": 345.764923096,
        "max": 188.607330322,
        "mean": 27.9944629669,
        "median": 22.5478401184,
        "min": 1.75186145306,
        "var": 496.910430908
    },
    "pitch_salience": {
        "dmean": 0.0732707753778,
        "dmean2": 0.117559656501,
        "dvar": 0.00473195174709,
        "dvar2": 0.0108260763809,
        "max": 0.812995314598,
        "mean": 0.561068415642,
        "median": 0.577203392982,
        "min": 0.15157417953,
        "var": 0.0117483353242
    },
    "silence_rate_20dB": {
        "dmean": 0,
        "dmean2": 0,
        "dvar": 0,
        "dvar2": 0,
        "max": 1,
        "mean": 1,
        "median": 1,
        "min": 1,
        "var": 0
    },
    "silence_rate_30dB": {
        "dmean": 0.00773993786424,
        "dmean2": 0.0154918665066,
        "dvar": 0.00768011063337,
        "dvar2": 0.0183504484594,
        "max": 1,
        "mean": 0.993812859058,
        "median": 1,
        "min": 0,
        "var": 0.00614885240793
    },
    "silence_rate_60dB": {
        "dmean": 0.00154798757285,
        "dmean2": 0.00309837330133,
        "dvar": 0.00154559093062,
        "dvar2": 0.00463795848191,
        "max": 1,
        "mean": 0.00077339517884,
        "median": 0,
        "min": 0,
        "var": 0.000772797036916
    },
    "spectral_centroid": {
        "dmean": 268.171478271,
        "dmean2": 413.229003906,
        "dvar": 95101.265625,
        "dvar2": 193583.28125,
        "max": 4406.14746094,
        "mean": 1543.67700195,
        "median": 1396.0357666,
        "min": 375.859344482,
        "var": 467701.25
    },
    "spectral_complexity": {
        "dmean": 4.11764717102,
        "dmean2": 6.39504241943,
        "dvar": 15.8591661453,
        "dvar2": 33.2211494446,
        "max": 50,
        "mean": 25.5266819,
        "median": 26,
        "min": 7,
        "var": 56.4054450989
    },
    "spectral_decrease": {
        "dmean": 2.64520783055e-09,
        "dmean2": 4.0030112558e-09,
        "dvar": 9.43461692599e-18,
        "dvar2": 1.94343768814e-17,
        "max": -5.74074787707e-10,
        "mean": -9.59969703729e-09,
        "median": -8.98030716456e-09,
        "min": -3.55584539591e-08,
        "var": 2.25433137069e-17
    },
    "spectral_energy": {
        "dmean": 0.0102793090045,
        "dmean2": 0.0155189186335,
        "dvar": 0.000135246795253,
        "dvar2": 0.000279378233245,
        "max": 0.135726556182,
        "mean": 0.0392933748662,
        "median": 0.0372882783413,
        "min": 0.00231712171808,
        "var": 0.000334977579769
    },
    "spectral_energyband_high": {
        "dmean": 0.000755932065658,
        "dmean2": 0.00106063915882,
        "dvar": 2.99333601106e-06,
        "dvar2": 5.25609311808e-06,
        "max": 0.0347624719143,
        "mean": 0.00198140344582,
        "median": 0.000787544704508,
        "min": 3.54460917151e-06,
        "var": 1.59080555022e-05
    },
    "spectral_energyband_low": {
        "dmean": 0.00787076633424,
        "dmean2": 0.011965139769,
        "dvar": 0.000152943350258,
        "dvar2": 0.000302113679936,
        "max": 0.125580862164,
        "mean": 0.0164230335504,
        "median": 0.0117558222264,
        "min": 2.27832460951e-05,
        "var": 0.000289552524919
    },
    "spectral_energyband_middle_high": {
        "dmean": 0.00232542934828,
        "dmean2": 0.00341886561364,
        "dvar": 7.69331836636e-06,
        "dvar2": 1.52176035044e-05,
        "max": 0.0351137034595,
        "mean": 0.00748991779983,
        "median": 0.00515621295199,
        "min": 0.000300858082483,
        "var": 4.04795500799e-05
    },
    "spectral_energyband_middle_low": {
        "dmean": 0.00503419805318,
        "dmean2": 0.00812734197825,
        "dvar": 3.40907427017e-05,
        "dvar2": 9.10164162633e-05,
        "max": 0.0641180127859,
        "mean": 0.0147628914565,
        "median": 0.0128354718909,
        "min": 0.00135544897057,
        "var": 7.95533851488e-05
    },
    "spectral_entropy": {
        "dmean": 0.123048201203,
        "dmean2": 0.179304048419,
        "dvar": 0.0136818690225,
        "dvar2": 0.0281154010445,
        "max": 8.65111923218,
        "mean": 7.72420740128,
        "median": 7.71132516861,
        "min": 6.75161886215,
        "var": 0.0857954323292
    },
    "spectral_flux": {
        "dmean": 0.0235349982977,
        "dmean2": 0.0377249345183,
        "dvar": 0.000607400375884,
        "dvar2": 0.00144085194916,
        "max": 0.266735494137,
        "mean": 0.10188357532,
        "median": 0.0974055305123,
        "min": 0.0161986779422,
        "var": 0.00139014271554
    },
    "spectral_kurtosis": {
        "dmean": 1.12618815899,
        "dmean2": 1.88999891281,
        "dvar": 1.3114824295,
        "dvar2": 3.53216981888,
        "max": 11.3481750488,
        "mean": 3.02053666115,
        "median": 2.81241416931,
        "min": -0.917322874069,
        "var": 3.07499551773
    },
    "spectral_rms": {
        "dmean": 0.000780200003646,
        "dmean2": 0.0011732110288,
        "dvar": 5.88101215726e-07,
        "dvar2": 1.18502612168e-06,
        "max": 0.0115072214976,
        "mean": 0.00603254232556,
        "median": 0.00603148480877,
        "min": 0.00150353135541,
        "var": 1.94340668713e-06
    },
    "spectral_rolloff": {
        "dmean": 513.980224609,
        "dmean2": 809.505493164,
        "dvar": 707957.1875,
        "dvar2": 1429843,
        "max": 9173.14453125,
        "mean": 1622.08508301,
        "median": 1141.25976562,
        "min": 64.599609375,
        "var": 2828800.25
    },
    "spectral_skewness": {
        "dmean": 0.182260736823,
        "dmean2": 0.289575010538,
        "dvar": 0.0283325091004,
        "dvar2": 0.0614645965397,
        "max": 2.85166478157,
        "mean": 1.29672372341,
        "median": 1.31664049625,
        "min": 0.156568259001,
        "var": 0.134709268808
    },
    "spectral_spread": {
        "dmean": 508751.90625,
        "dmean2": 771983.0625,
        "dvar": 305992302592,
        "dvar2": 610767536128,
        "max": 10950303,
        "mean": 4635237.5,
        "median": 4399948,
        "min": 2049175.75,
        "var": 1.54202590413e+12
    },
    "spectral_strongpeak": {
        "dmean": 0.609204947948,
        "dmean2": 1.10210680962,
        "dvar": 1.59240567684,
        "dvar2": 4.60024499893,
        "max": 12.7043581009,
        "mean": 0.798215985298,
        "median": 0.395757049322,
        "min": 0,
        "var": 1.45362532139
    },
    "zerocrossingrate": {
        "dmean": 0.0108049232513,
        "dmean2": 0.0122811626643,
        "dvar": 0.000155439644004,
        "dvar2": 0.000156618043547,
        "max": 0.263671875,
        "mean": 0.065010510385,
        "median": 0.0556640625,
        "min": 0.00732421875,
        "var": 0.00166131393053
    },
    "barkbands": {
        "dmean": [0.000319343060255, 0.00669520208612, 0.00202434556559, 0.00182844372466, 0.00193241157103, 0.00144383776933, 0.00123791000806, 0.000969734101091, 0.000643631909043, 0.000952425820287, 0.000494506966788, 0.000339360645739, 0.000411919958424, 0.000358409131877, 0.000309430644847, 0.00036194245331, 0.000532789330464, 0.00013781808957, 0.000339989259373, 0.000249166594585, 0.00018710862787, 0.000139166033478, 0.000249124481343, 0.000187959492905, 0.000135403694003, 1.67794114532e-05, 6.05889525218e-08],
        "dmean2": [0.000460810028017, 0.0102285034955, 0.00340845086612, 0.00311993481591, 0.00317157129757, 0.00223350478336, 0.00197910214774, 0.00146653328557, 0.00104555417784, 0.00150142062921, 0.000721050600987, 0.000482961302623, 0.000628882437013, 0.000574655190576, 0.000487267912831, 0.000560003099963, 0.000846221053507, 0.000228073520702, 0.000537559622899, 0.000385923922295, 0.000292338489089, 0.000206145923585, 0.000358427147148, 0.000280602049315, 0.000199952162802, 2.54903225141e-05, 1.02330091067e-07],
        "dvar": [4.65033991759e-07, 0.000150074920384, 1.06406041596e-05, 1.10008313641e-05, 6.18704916633e-06, 3.84216491511e-06, 4.98520512338e-06, 1.8274751028e-06, 2.43856675297e-06, 3.29123486154e-06, 1.03766058146e-06, 6.19258173629e-07, 5.72014016598e-07, 3.46357097669e-07, 3.78004614277e-07, 5.5568608559e-07, 1.49297477492e-06, 3.16060209116e-08, 4.05071943987e-07, 2.5801978154e-07, 2.2955300949e-07, 1.21729044622e-07, 3.00891741745e-07, 2.51405367635e-07, 1.01078569514e-07, 2.28722574214e-09, 8.60053063381e-14],
        "dvar2": [8.56235772062e-07, 0.000300797139062, 2.87245584332e-05, 2.92659460683e-05, 1.60287454491e-05, 8.948044524e-06, 1.28044484882e-05, 3.9943874981e-06, 6.24499489277e-06, 8.03602233646e-06, 2.23263305088e-06, 1.08771291707e-06, 1.25371559534e-06, 8.1374491856e-07, 8.66542734457e-07, 1.23960899145e-06, 3.78645745513e-06, 7.84552725008e-08, 8.932917126e-07, 5.77288574277e-07, 5.2352942248e-07, 2.58630194594e-07, 6.50765173305e-07, 5.32933768227e-07, 1.99127285327e-07, 4.78609774035e-09, 2.14239569011e-13],
        "max": [0.00861287303269, 0.122238919139, 0.0365098156035, 0.0455205030739, 0.0253254212439, 0.0244914107025, 0.0236253477633, 0.0185570362955, 0.0232945997268, 0.0201532635838, 0.0224027149379, 0.0129053900018, 0.011886075139, 0.00939580053091, 0.00881412252784, 0.0126349888742, 0.0208171270788, 0.00268639926799, 0.0102335298434, 0.00631546834484, 0.00868386123329, 0.00601849937811, 0.0106750549749, 0.0103611880913, 0.0055632754229, 0.00120967661496, 6.48056766295e-06],
        "mean": [0.000426834390964, 0.0114243570715, 0.00368782621808, 0.00226444355212, 0.00353135238402, 0.00299363397062, 0.00218164478429, 0.00181451195385, 0.00102846045047, 0.00159523123875, 0.00105071626604, 0.000609613605775, 0.000783587282058, 0.000599190534558, 0.000522499904037, 0.000583930464927, 0.00100111577194, 0.000281104439637, 0.000635872420389, 0.000450317573268, 0.000392157409806, 0.00028526931419, 0.000509259058163, 0.000361901678843, 0.000252950325375, 2.55549821304e-05, 4.64327065686e-08],
        "median": [0.00017893750919, 0.00700013805181, 0.00265970686451, 0.00128749781288, 0.00237440061755, 0.00182047137059, 0.00111163035035, 0.00100545689929, 0.000448718579719, 0.000801138230599, 0.000330896495143, 0.000184269796591, 0.000288370385533, 0.000321508763591, 0.000244436319917, 0.000281075132079, 0.000430106039857, 0.000214442523429, 0.000353958341293, 0.000202683775569, 0.000141698605148, 8.95947960089e-05, 0.000152423002874, 8.94789263839e-05, 5.85208217672e-05, 4.71546672998e-06, 1.17248488696e-09],
        "min": [2.49617326809e-09, 3.44216414305e-06, 3.07329992211e-06, 5.60621720069e-06, 7.95300147729e-05, 2.49612457992e-05, 1.19956866911e-05, 8.88373415364e-06, 4.35779338659e-06, 1.14130252769e-05, 1.13781397886e-05, 7.51737434257e-06, 5.81830727242e-06, 1.12505567813e-05, 1.36619028126e-05, 9.77278887149e-06, 6.18757758275e-06, 1.9244316718e-06, 6.30690738035e-06, 2.82014548247e-06, 1.19340177207e-06, 2.1087821267e-07, 8.87964617391e-08, 8.54319281984e-09, 1.97072219654e-10, 5.8278724728e-12, 6.94085197303e-12],
        "var": [7.1877531127e-07, 0.000246434909059, 1.30184716909e-05, 1.10430692075e-05, 1.24389980556e-05, 1.10568480522e-05, 8.93936066859e-06, 5.53945119464e-06, 3.27855627802e-06, 5.93126833337e-06, 5.91090656599e-06, 1.74185777269e-06, 1.84561554306e-06, 6.8117498131e-07, 8.74660372574e-07, 9.75735588327e-07, 3.83453425457e-06, 5.52945422783e-08, 7.36446565952e-07, 5.79626373565e-07, 6.88978445851e-07, 4.15607416926e-07, 1.20399909065e-06, 8.5764816049e-07, 3.92066596078e-07, 6.64988331067e-09, 8.63206668688e-14]
    },
    "erbbands": {
        "dmean": [0.216258749366, 1.52201473713, 2.45793581009, 3.6247344017, 8.13579845428, 5.66672468185, 7.19912195206, 13.7034740448, 19.1460723877, 21.6697235107, 17.4208831787, 16.4828929901, 30.1011962891, 17.5040168762, 17.8610591888, 15.8233346939, 19.2957611084, 19.3108406067, 14.0114107132, 16.2324256897, 24.7385387421, 21.2550163269, 8.0934009552, 12.5017786026, 18.9659175873, 10.5296907425, 7.57799434662, 7.4918050766, 5.1339507103, 5.36963367462, 7.83922147751, 4.81753635406, 2.76231575012, 2.12059688568, 0.618123352528, 0.123927488923, 0.0252732317895, 0.00152195163537, 4.24925237894e-05, 1.42961298479e-05],
        "dmean2": [0.315905749798, 2.41545462608, 4.09713029861, 6.21781206131, 13.7417573929, 9.12117481232, 11.2111930847, 21.1097278595, 30.5660915375, 34.2714538574, 26.24518013, 26.6057434082, 48.0059967041, 26.6012897491, 26.3183670044, 22.1901321411, 28.8815174103, 30.3108062744, 22.1590156555, 25.1953353882, 38.4853286743, 33.1016960144, 13.0232076645, 19.9401950836, 29.3315868378, 15.9906206131, 11.7497348785, 11.5385408401, 7.67081165314, 8.10356330872, 11.6185541153, 7.25261974335, 4.29646635056, 3.22298073769, 0.894690573215, 0.185422897339, 0.0384834744036, 0.00246917153709, 6.37658304186e-05, 2.09850459214e-05],
        "dvar": [0.197199136019, 7.41622400284, 14.9377632141, 32.1641578674, 147.391693115, 67.0069503784, 119.924980164, 395.13659668, 1462.78613281, 1041.84875488, 808.776367188, 1665.38037109, 3846.55078125, 1528.40893555, 1230.80358887, 1294.91259766, 1284.55480957, 940.597900391, 657.007080078, 901.765869141, 3138.94897461, 1767.68615723, 122.062103271, 441.961791992, 1590.08435059, 433.721710205, 361.861450195, 331.464141846, 167.401504517, 163.807800293, 305.451263428, 155.997238159, 66.9961624146, 26.712348938, 1.95917594433, 0.115646801889, 0.00465809879825, 1.94010590349e-05, 1.06742099604e-08, 2.68298799844e-10],
        "dvar2": [0.364161521196, 16.0340843201, 39.1216812134, 87.4944534302, 391.985015869, 153.717636108, 290.230560303, 872.083007812, 3772.8190918, 2523.42382812, 1696.88769531, 4290.13671875, 9587.87207031, 3707.00854492, 2539.87768555, 2272.36181641, 2752.07910156, 2074.30297852, 1534.01220703, 2133.71044922, 7540.21923828, 4335.56298828, 299.533081055, 1004.09375, 3385.25244141, 973.71862793, 879.59161377, 753.498474121, 375.381652832, 349.110168457, 697.600891113, 324.948486328, 153.804977417, 56.1730957031, 3.28144693375, 0.235976576805, 0.00974553823471, 4.29031497333e-05, 2.09041957078e-08, 4.88354467976e-10],
        "max": [5.22054052353, 24.7210483551, 42.9693527222, 68.9100952148, 134.554656982, 132.289459229, 218.495513916, 278.356018066, 381.617919922, 460.479553223, 455.216827393, 617.87109375, 797.46472168, 535.786560059, 644.28894043, 684.141967773, 572.170898438, 427.221343994, 380.745483398, 492.912780762, 939.700195312, 1016.87963867, 196.687576294, 396.332672119, 671.409362793, 350.429290771, 272.280426025, 328.837219238, 244.306900024, 189.30607605, 321.963165283, 251.777008057, 174.230194092, 95.8857727051, 26.3860015869, 9.65581893921, 1.51264226437, 0.0789926201105, 0.00191777420696, 0.00031020413735],
        "mean": [0.341555058956, 2.46871876717, 4.82597255707, 5.50868606567, 11.5802927017, 10.1488218307, 14.0308923721, 26.0582275391, 32.3938980103, 40.3445129395, 34.4659729004, 28.3057727814, 50.6104469299, 33.0367469788, 40.3212928772, 31.3082675934, 39.0270042419, 34.1605834961, 25.2198066711, 28.6359424591, 44.7423973083, 44.7588233948, 18.5605659485, 24.8892745972, 34.1916007996, 19.6189308167, 14.8593540192, 15.5307865143, 10.5560398102, 10.6022539139, 15.5153999329, 9.69826221466, 5.0348110199, 3.79058885574, 1.20327985287, 0.204460054636, 0.0375536046922, 0.00215662317351, 9.30081369006e-05, 5.61704982829e-05],
        "median": [0.183713510633, 1.56185770035, 3.81199288368, 3.75211286545, 7.2305688858, 6.31078910828, 8.788022995, 15.3796281815, 18.197259903, 22.0359191895, 16.9934692383, 13.5000925064, 25.239862442, 14.2070169449, 13.9968938828, 9.94485282898, 14.4437551498, 17.6942272186, 13.0976791382, 14.5186042786, 21.1711845398, 20.2134399414, 13.7097215652, 15.6967058182, 17.3266658783, 9.58736038208, 6.01231575012, 5.7047162056, 3.42493605614, 3.398832798, 4.29932022095, 2.32335090637, 1.31748974323, 0.83202713728, 0.290124446154, 0.0418799743056, 0.0074093719013, 0.000388630345697, 4.10126995121e-05, 4.99749403389e-05],
        "min": [9.73919450189e-05, 0.00145504879765, 0.00399011652917, 0.0352271087468, 0.0951786711812, 0.245024248958, 0.466194540262, 0.370273500681, 0.441671252251, 0.989853739738, 0.563823342323, 0.309090197086, 0.230050176382, 0.373347401619, 0.493681848049, 0.601393997669, 0.308362364769, 1.05278241634, 0.952333688736, 1.27730131149, 0.818544983864, 0.454272627831, 0.478635460138, 0.391454577446, 0.326946347952, 0.126804232597, 0.0732792913914, 0.0311689022928, 0.00856749061495, 0.0183827076107, 0.0050300648436, 0.00256828195415, 0.000310075527523, 5.51326884306e-05, 2.2021939003e-05, 1.56588266691e-05, 3.48554453922e-06, 6.77026946505e-07, 1.29643285618e-06, 2.72512761512e-06],
        "var": [0.337329089642, 10.4928913116, 19.0179328918, 36.6428222656, 191.319747925, 144.508407593, 259.458709717, 962.361877441, 2085.16723633, 2522.97705078, 2508.76660156, 2266.54223633, 6684.00146484, 3067.89624023, 6840.12744141, 4387.69677734, 4547.51074219, 2192.80102539, 1417.29064941, 1939.35766602, 6316.65869141, 8190.27294922, 337.66809082, 982.933654785, 2902.45800781, 1004.30401611, 925.861938477, 994.511413574, 544.653564453, 547.357116699, 1128.64587402, 639.840881348, 166.077148438, 89.5227279663, 9.09776306152, 0.373607337475, 0.0137687576935, 4.88199439133e-05, 3.94449131136e-08, 1.18842347074e-09]
    },
    "gfcc": {
        "mean": [42.440372467, 101.564346313, -121.719459534, 50.4070091248, -65.2373504639, 22.6462039948, -39.2840385437, 16.5632591248, -17.6782608032, 1.77227425575, -7.16429233551, -4.24470996857, -5.1290102005],
        "cov": [[1544.26623535, -913.998840332, 248.7315979, -8.29633522034, -193.07321167, 276.474761963, -182.503463745, 196.085647583, -98.2337112427, 77.3043518066, -130.544586182, 82.1068496704, -138.295410156], [-913.998840332, 1063.52636719, -298.20602417, -81.6216812134, 234.039840698, -245.555343628, 168.059814453, -128.516555786, 95.846572876, -108.104438782, 136.119094849, -66.6121444702, 75.3113174438], [248.7315979, -298.20602417, 375.819549561, 89.3287582397, -47.8737602234, 71.3105621338, -52.3580513, 58.8323326111, -42.5648765564, 81.4704284668, -42.632144928, 37.753490448, -12.158613205], [-8.29633522034, -81.6216812134, 89.3287582397, 259.962799072, 1.02349281311, -40.2107467651, -18.2999706268, -39.1106796265, 31.2382411957, -9.24562454224, 10.5343503952, -23.5891475677, 54.668384552], [-193.07321167, 234.039840698, -47.8737602234, 1.02349281311, 240.697052002, -39.669960022, 58.5350418091, -1.76073014736, 16.7663841248, 4.79507112503, 6.6646437645, 15.0922927856, 8.05950641632], [276.474761963, -245.555343628, 71.3105621338, -40.2107467651, -39.669960022, 221.531509399, -5.33905553818, 53.7800521851, -11.7101306915, 18.99243927, -12.1954441071, 2.99181008339, -16.9857826233], [-182.503463745, 168.059814453, -52.3580513, -18.2999706268, 58.5350418091, -5.33905553818, 234.173233032, -13.1439428329, -11.3596944809, -2.43768978119, 29.9757785797, 34.7733688354, -10.4069576263], [196.085647583, -128.516555786, 58.8323326111, -39.1106796265, -1.76073014736, 53.7800521851, -13.1439428329, 117.463981628, -8.03839015961, 24.2276000977, -16.3224143982, 16.8615646362, -17.9110527039], [-98.2337112427, 95.846572876, -42.5648765564, 31.2382411957, 16.7663841248, -11.7101306915, -11.3596944809, -8.03839015961, 128.656509399, 3.25212287903, 20.6982021332, -28.0519275665, 17.4222793579], [77.3043518066, -108.104438782, 81.4704284668, -9.24562454224, 4.79507112503, 18.99243927, -2.43768978119, 24.2276000977, 3.25212287903, 105.438247681, -7.60649204254, 17.1168785095, -23.2937450409], [-130.544586182, 136.119094849, -42.632144928, 10.5343503952, 6.6646437645, -12.1954441071, 29.9757785797, -16.3224143982, 20.6982021332, -7.60649204254, 94.1260299683, -3.04606723785, 23.5859012604], [82.1068496704, -66.6121444702, 37.753490448, -23.5891475677, 15.0922927856, 2.99181008339, 34.7733688354, 16.8615646362, -28.0519275665, 17.1168785095, -3.04606723785, 87.3505706787, -14.5785980225], [-138.295410156, 75.3113174438, -12.158613205, 54.668384552, 8.05950641632, -16.9857826233, -10.4069576263, -17.9110527039, 17.4222793579, -23.2937450409, 23.5859012604, -14.5785980225, 82.6113739014]],
        "icov": [[0.00192759220954, 0.000313267024467, 0.000572189688683, -0.00128163502086, 0.000737985188607, -0.00154299556743, 0.00127337675076, -0.00193014880642, 0.000652171147522, -5.30869219801e-05, 0.00078929628944, -0.00170277443249, 0.00254797260277], [0.000313267024467, 0.00596800399944, -0.00150427722838, 0.00513162231073, -0.00429111160338, 0.00503475638106, -0.00291515234858, 0.00281394948252, -0.00281010824256, 0.00437866756693, -0.00529117556289, 0.00510015944019, -0.00259881233796], [0.000572189688683, -0.00150427722838, 0.0058217337355, -0.00452763773501, 0.00208635255694, -0.00304911914282, 0.00205399049446, -0.00305248564109, 0.0026229522191, -0.00455166259781, 0.00291551509872, -0.00380397145636, 0.00160842714831], [-0.00128163502086, 0.00513162231073, -0.00452763773501, 0.0118451500311, -0.00467308936641, 0.00685746222734, -0.00398933608085, 0.00597926229239, -0.00455194385722, 0.00516349682584, -0.00554505269974, 0.00738360034302, -0.00736688263714], [0.000737985188607, -0.00429111160338, 0.00208635255694, -0.00467308936641, 0.00835918728262, -0.00378828938119, 0.00171339709777, -0.00367398210801, 0.00186557893176, -0.00405016355217, 0.00489700119942, -0.00544001767412, 0.00247811968438], [-0.00154299556743, 0.00503475638106, -0.00304911914282, 0.00685746222734, -0.00378828938119, 0.0115708662197, -0.00428203912452, 0.00246745627373, -0.00331341777928, 0.00418606121093, -0.0055351308547, 0.00708327209577, -0.00470598088577], [0.00127337675076, -0.00291515234858, 0.00205399049446, -0.00398933608085, 0.00171339709777, -0.00428203912452, 0.00782224629074, -0.00234918203205, 0.00258779129945, -0.00244868313894, 0.00172861653846, -0.00609703315422, 0.00435430975631], [-0.00193014880642, 0.00281394948252, -0.00305248564109, 0.00597926229239, -0.00367398210801, 0.00246745627373, -0.00234918203205, 0.0147906793281, -0.00289785373025, 0.00192045292351, -0.00305095035583, 0.00347894127481, -0.0037882598117], [0.000652171147522, -0.00281010824256, 0.0026229522191, -0.00455194385722, 0.00186557893176, -0.00331341777928, 0.00258779129945, -0.00289785373025, 0.0112530281767, -0.00424395687878, 0.00149906869046, -0.00101552694105, 0.00170923187397], [-5.30869219801e-05, 0.00437866756693, -0.00455166259781, 0.00516349682584, -0.00405016355217, 0.00418606121093, -0.00244868313894, 0.00192045292351, -0.00424395687878, 0.0163048747927, -0.0049144513905, 0.00329418014735, 0.000673155649565], [0.00078929628944, -0.00529117556289, 0.00291551509872, -0.00554505269974, 0.00489700119942, -0.0055351308547, 0.00172861653846, -0.00305095035583, 0.00149906869046, -0.0049144513905, 0.0181918106973, -0.00617831107229, 0.000197946268599], [-0.00170277443249, 0.00510015944019, -0.00380397145636, 0.00738360034302, -0.00544001767412, 0.00708327209577, -0.00609703315422, 0.00347894127481, -0.00101552694105, 0.00329418014735, -0.00617831107229, 0.0211176909506, -0.00433903280646], [0.00254797260277, -0.00259881233796, 0.00160842714831, -0.00736688263714, 0.00247811968438, -0.00470598088577, 0.00435430975631, -0.0037882598117, 0.00170923187397, 0.000673155649565, 0.000197946268599, -0.00433903280646, 0.0213761944324]]
    },
    "melbands": {
        "dmean": [0.00188809155952, 0.00146931002382, 0.000779504072852, 0.000456633948488, 0.000254394311924, 0.000314545584843, 0.000273922138149, 0.000231349171372, 0.000143381403177, 9.8004064057e-05, 0.000151602871483, 7.30295942049e-05, 6.83794351062e-05, 4.17747723986e-05, 3.95357565139e-05, 3.69903318642e-05, 4.09434796893e-05, 2.23962124437e-05, 2.17041360884e-05, 2.4963686883e-05, 3.57177414116e-05, 2.76771588688e-05, 1.23490881379e-05, 6.58212820781e-06, 1.09666934804e-05, 1.50209843923e-05, 1.32734385261e-05, 6.23889809503e-06, 4.84969541503e-06, 5.60329090149e-06, 4.50958305009e-06, 3.43186206919e-06, 2.43839986069e-06, 3.63470053344e-06, 5.06864080307e-06, 3.9607321014e-06, 2.92942877422e-06, 2.24790164793e-06, 1.68815302004e-06, 1.99142232304e-06],
        "dmean2": [0.00279740290716, 0.0023509808816, 0.00132587563712, 0.000761548988521, 0.00039482905413, 0.000485356373247, 0.000438656337792, 0.000363730767276, 0.000216183922021, 0.000158523384016, 0.000242801106651, 0.000111582550744, 0.00010053380538, 6.00228340772e-05, 5.94111079408e-05, 5.56387785764e-05, 6.46972403047e-05, 3.5601293348e-05, 3.3293843444e-05, 3.99044874939e-05, 5.57735511393e-05, 4.40472540504e-05, 2.00970443984e-05, 1.08386311695e-05, 1.77284618985e-05, 2.34138933592e-05, 2.04277002922e-05, 9.84305006568e-06, 7.70823771745e-06, 9.13555322768e-06, 6.8979338721e-06, 5.30004763277e-06, 3.61238789992e-06, 5.58603551326e-06, 7.64159449318e-06, 5.99434497417e-06, 4.50877769254e-06, 3.56856048711e-06, 2.44875354838e-06, 3.09436859425e-06],
        "dvar": [1.328667895e-05, 4.69865335617e-06, 1.52196423642e-06, 3.68217143887e-07, 1.29813969352e-07, 1.98490894832e-07, 2.77270459037e-07, 1.11422458815e-07, 6.02284657703e-08, 5.54197541192e-08, 9.69024966935e-08, 2.89915380591e-08, 1.98823837394e-08, 9.67653157602e-09, 5.75103609179e-09, 5.06867570138e-09, 4.4106460706e-09, 1.67183900057e-09, 2.18165974175e-09, 2.02540828553e-09, 8.26030177592e-09, 3.02457858758e-09, 5.17149656432e-10, 5.856419516e-11, 3.73500591566e-10, 9.37943278601e-10, 8.68669136622e-10, 1.64005059533e-10, 1.27822363805e-10, 2.81968864924e-10, 1.07554853912e-10, 7.91078799689e-11, 3.93914484365e-11, 6.95344962165e-11, 1.10613400384e-10, 1.22462498475e-10, 5.63323068747e-11, 4.44065791083e-11, 2.18659205325e-11, 2.20218322744e-11],
        "dvar2": [2.58425752691e-05, 1.11977569759e-05, 4.07267953051e-06, 9.79068204288e-07, 3.08593939735e-07, 4.55331075955e-07, 7.19357785783e-07, 2.68843621143e-07, 1.28092054297e-07, 1.42552011084e-07, 2.41964443148e-07, 7.00341189486e-08, 4.26581543422e-08, 1.74563918875e-08, 1.1664059052e-08, 1.08529096821e-08, 9.89881421276e-09, 4.00507893517e-09, 4.78438133555e-09, 4.68895278161e-09, 1.98683114405e-08, 7.4232286984e-09, 1.34005262442e-09, 1.47284517915e-10, 8.47102388235e-10, 2.12142148293e-09, 1.80018322471e-09, 4.06508521289e-10, 3.27778720832e-10, 7.37999827916e-10, 2.36429764655e-10, 1.94161117739e-10, 8.38008412662e-11, 1.59611018846e-10, 2.57812632354e-10, 2.86996926224e-10, 1.2082400358e-10, 1.08443407032e-10, 4.43898598435e-11, 4.95374609388e-11],
        "max": [0.0382007434964, 0.0227037947625, 0.0162362139672, 0.00599332666025, 0.00707688322291, 0.00569651462138, 0.00540955923498, 0.00457869982347, 0.0032764733769, 0.00340826972388, 0.00392674747854, 0.00216586748138, 0.0029494035989, 0.00149196630809, 0.00119090126827, 0.00093770690728, 0.000950667716097, 0.000525147654116, 0.000800952722784, 0.00062742002774, 0.00160929153208, 0.000974333612248, 0.00058624742087, 9.38050507102e-05, 0.000387335981941, 0.0005728136166, 0.00044206972234, 0.000195843807887, 0.000162987489603, 0.000303679029457, 0.000173635955434, 0.000171831299667, 0.000104107355583, 0.000112772890134, 0.000157669375767, 0.000248421740253, 0.000147694867337, 0.00013617251534, 9.71496410784e-05, 7.16194917914e-05],
        "mean": [0.00310958409682, 0.00284386170097, 0.00121314357966, 0.000773599254899, 0.000504849362187, 0.000612642616034, 0.000479430076666, 0.000427342543844, 0.000266959075816, 0.000163731267094, 0.000249367614742, 0.000128388157464, 0.000146780817886, 8.13667065813e-05, 7.86621239968e-05, 7.27485385141e-05, 6.55629555695e-05, 3.7675472413e-05, 3.75781492039e-05, 3.99431410187e-05, 6.01944957452e-05, 5.32939266122e-05, 2.42245769186e-05, 1.33385301524e-05, 2.01996754186e-05, 2.59849148279e-05, 2.22281487368e-05, 1.05468598122e-05, 8.480957149e-06, 1.00699116956e-05, 8.8028382379e-06, 6.40509506411e-06, 4.5188430704e-06, 6.49684443488e-06, 9.52225036599e-06, 7.57159477871e-06, 5.36370953341e-06, 3.66607378055e-06, 2.95162612929e-06, 3.33518573825e-06],
        "median": [0.00175977346953, 0.00214120093733, 0.000865322595928, 0.000516643398441, 0.000325350672938, 0.00036325500696, 0.000277914601611, 0.000241821820964, 0.000124354846776, 7.70141559769e-05, 0.000122345692944, 5.2653849707e-05, 4.76376044389e-05, 2.64660902758e-05, 2.77724393527e-05, 2.70114542218e-05, 3.35478762281e-05, 2.02341907425e-05, 1.6083360606e-05, 2.12467093661e-05, 2.58437721641e-05, 2.26506908803e-05, 1.37966881084e-05, 1.00755960375e-05, 1.19541464301e-05, 1.35199061333e-05, 8.71604424901e-06, 5.18786418979e-06, 3.50244749825e-06, 3.16549449053e-06, 3.27759016727e-06, 2.01660463972e-06, 1.08794858988e-06, 2.02490627998e-06, 2.61273817159e-06, 1.65542871855e-06, 1.28244300868e-06, 9.17586646665e-07, 6.08182745054e-07, 6.911403716e-07],
        "min": [7.87405099345e-07, 1.70824694123e-06, 7.55107839723e-06, 1.67239595612e-05, 1.93063933693e-05, 5.33833645022e-06, 5.23820335729e-06, 3.0362389225e-06, 3.68700921172e-06, 1.00552631466e-06, 8.07434958006e-07, 5.64579579532e-07, 1.46848742588e-06, 1.10742632842e-06, 4.01431179853e-07, 6.05784180152e-07, 1.10545670395e-06, 1.58246939463e-06, 8.7410614924e-07, 8.58041119045e-07, 6.65721699988e-07, 1.95908441469e-07, 4.07469968877e-07, 1.15365295983e-07, 3.05236568465e-07, 1.98398439011e-07, 1.56445167931e-07, 7.8215272481e-08, 4.91678475711e-09, 3.74022519622e-08, 9.18941456263e-09, 4.68665906084e-09, 4.59569715616e-09, 7.8123632008e-09, 9.57018492231e-11, 1.10969858302e-10, 1.05503723813e-10, 3.64506992298e-12, 2.96292309264e-12, 1.85915519091e-12],
