{
"highlevel": {
    "danceability": {
        "all": {
            "danceable": 0.999999880791,
            "not_danceable": 1.00000008274e-07
        },
        "probability": 0.999999880791,
        "value": "danceable"
    },
    "gender": {
        "all": {
            "female": 0.62221211195,
            "male": 0.37778788805
        },
        "probability": 0.62221211195,
        "value": "female"
    },
    "genre_dortmund": {
        "all": {
            "alternative": 0.0398283824325,
            "blues": 0.0048511554487,
            "electronic": 0.107563965023,
            "folkcountry": 0.00916579272598,
            "funksoulrnb": 0.0114545505494,
            "jazz": 0.036546215415,
            "pop": 0.0228354521096,
            "raphiphop": 0.622085273266,
            "rock": 0.145669221878
        },
        "probability": 0.622085273266,
        "value": "raphiphop"
    },
    "genre_electronic": {
        "all": {
            "ambient": 0.140921145678,
            "dnb": 0.0748462602496,
            "house": 0.0882142484188,
            "techno": 0.0241973977536,
            "trance": 0.671820938587
        },
        "probability": 0.671820938587,
        "value": "trance"
    },
    "genre_rosamerica": {
        "all": {
            "cla": 0.000194390551769,
            "dan": 0.847775578499,
            "hip": 0.0806579068303,
            "jaz": 0.00016953132581,
            "pop": 0.0597567558289,
            "rhy": 0.00411981809884,
            "roc": 0.00713290460408,
            "spe": 0.000193105326616
        },
        "probability": 0.847775578499,
        "value": "dan"
    },
    "genre_tzanetakis": {
        "all": {
            "blu": 0.0786454379559,
            "cla": 0.0349579192698,
            "cou": 0.10487986356,
            "dis": 0.0524483509362,
            "hip": 0.157351598144,
            "jaz": 0.31472787261,
            "met": 0.0629373788834,
            "pop": 0.0786696597934,
            "reg": 0.0629352554679,
            "roc": 0.0524466708302
        },
        "probability": 0.31472787261,
        "value": "jaz"
    },
    "ismir04_rhythm": {
        "all": {
            "ChaChaCha": 0.946272850037,
            "Jive": 0.00310758454725,
            "Quickstep": 0.0187741406262,
            "Rumba-American": 0.0081501416862,
            "Rumba-International": 0.0078439982608,
            "Rumba-Misc": 0.00452674971893,
            "Samba": 0.00871272012591,
            "Tango": 0.00078994652722,
            "VienneseWaltz": 0.00149654934648,
            "Waltz": 0.000325344590237
        },
        "probability": 0.946272850037,
        "value": "ChaChaCha"
    },
    "mood_acoustic": {
        "all": {
            "acoustic": 1.09625297728e-09,
            "not_acoustic": 1
        },
        "probability": 1,
        "value": "not_acoustic"
    },
    "mood_aggressive": {
        "all": {
            "aggressive": 3.00000096379e-14,
            "not_aggressive": 1
        },
        "probability": 1,
        "value": "not_aggressive"
    },
    "mood_electronic": {
        "all": {
            "electronic": 0.484760075808,
            "not_electronic": 0.51523989439
        },
        "probability": 0.51523989439,
        "value": "not_electronic"
    },
    "mood_happy": {
        "all": {
            "happy": 0.576752007008,
            "not_happy": 0.423247992992
        },
        "probability": 0.576752007008,
        "value": "happy"
    },
    "mood_party": {
        "all": {
            "not_party": 0.753852725029,
            "party": 0.246147289872
        },
        "probability": 0.753852725029,
        "value": "not_party"
    },
    "mood_relaxed": {
        "all": {
            "not_relaxed": 0.191182926297,
            "relaxed": 0.808817088604
        },
        "probability": 0.808817088604,
        "value": "relaxed"
    },
    "mood_sad": {
        "all": {
            "not_sad": 0.967503011227,
            "sad": 0.0324970036745
        },
        "probability": 0.967503011227,
        "value": "not_sad"
    },
    "moods_mirex": {
        "all": {
            "Cluster1": 0.0772864446044,
            "Cluster2": 0.044342122972,
            "Cluster3": 0.229469925165,
            "Cluster4": 0.0307594705373,
            "Cluster5": 0.618142068386
        },
        "probability": 0.618142068386,
        "value": "Cluster5"
    },
    "timbre": {
        "all": {
            "bright": 0.515506029129,
            "dark": 0.484493970871
        },
        "probability": 0.515506029129,
        "value": "bright"
    },
    "tonal_atonal": {
        "all": {
            "atonal": 0.240054607391,
            "tonal": 0.759945392609
        },
        "probability": 0.759945392609,
        "value": "tonal"
    },
    "voice_instrumental": {
        "all": {
            "instrumental": 0.000663633923978,
            "voice": 0.999336361885
        },
        "probability": 0.999336361885,
        "value": "voice"
    }
},
"lowlevel": {
    "average_loudness": 0.979599893093,
    "barkbands_crest": {
        "dmean": 3.37844491005,
        "dmean2": 5.1325173378,
        "dvar": 8.27161026001,
        "dvar2": 18.6580696106,
        "max": 25.6223068237,
        "mean": 11.1067237854,
        "median": 10.2940378189,
        "min": 2.63220858574,
        "var": 24.2144775391
    },
    "barkbands_flatness_db": {
        "dmean": 0.032485216856,
        "dmean2": 0.0512996166945,
        "dvar": 0.001076508197,
        "dvar2": 0.00222484860569,
        "max": 0.403498679399,
        "mean": 0.140180647373,
        "median": 0.128975942731,
        "min": 0.0485973022878,
        "var": 0.00300191435963
    },
    "barkbands_kurtosis": {
        "dmean": 5.57349920273,
        "dmean2": 8.74233913422,
        "dvar": 256.749359131,
        "dvar2": 578.118530273,
        "max": 330.664733887,
        "mean": 4.32578992844,
        "median": 0.117502689362,
        "min": -1.9294718504,
        "var": 289.605804443
    },
    "barkbands_skewness": {
        "dmean": 0.991337239742,
        "dmean2": 1.46784543991,
        "dvar": 1.39911234379,
        "dvar2": 2.5039730072,
        "max": 16.1684379578,
        "mean": 1.1864515543,
        "median": 0.884720444679,
        "min": -4.6793923378,
        "var": 3.47672867775
    },
    "barkbands_spread": {
        "dmean": 15.7349386215,
        "dmean2": 25.2106266022,
        "dvar": 249.795349121,
        "dvar2": 550.792724609,
        "max": 117.788169861,
        "mean": 40.8978500366,
        "median": 36.6521568298,
        "min": 0.92301440239,
        "var": 573.366699219
    },
    "dissonance": {
        "dmean": 0.0164005775005,
        "dmean2": 0.0272458381951,
        "dvar": 0.000278051680652,
        "dvar2": 0.000745966273826,
        "max": 0.499999940395,
        "mean": 0.473304927349,
        "median": 0.480151742697,
        "min": 0.346448808908,
        "var": 0.000512210535817
    },
    "dynamic_complexity": 2.09547328949,
    "erbbands_crest": {
        "dmean": 2.70920228958,
        "dmean2": 4.43900728226,
        "dvar": 7.34607887268,
        "dvar2": 17.4576644897,
        "max": 25.2146320343,
        "mean": 8.3690662384,
        "median": 7.56628894806,
        "min": 2.72678422928,
        "var": 14.4358701706
    },
    "erbbands_flatness_db": {
        "dmean": 0.0247925501317,
        "dmean2": 0.0361559651792,
        "dvar": 0.00067782192491,
        "dvar2": 0.00140506925527,
        "max": 0.299756854773,
        "mean": 0.131323173642,
        "median": 0.119725592434,
        "min": 0.0524710640311,
        "var": 0.00202771136537
    },
    "erbbands_kurtosis": {
        "dmean": 1.28702235222,
        "dmean2": 2.02619338036,
        "dvar": 3.21771931648,
        "dvar2": 8.67733097076,
        "max": 25.016254425,
        "mean": 0.580116808414,
        "median": 0.0988714694977,
        "min": -1.76186728477,
        "var": 4.50703001022
    },
    "erbbands_skewness": {
        "dmean": 0.547926843166,
        "dmean2": 0.829619646072,
        "dvar": 0.242852628231,
        "dvar2": 0.612200737,
        "max": 4.08639955521,
        "mean": -0.176097884774,
        "median": -0.212135598063,
        "min": -2.43668317795,
        "var": 0.609093010426
    },
    "erbbands_spread": {
        "dmean": 19.1783866882,
        "dmean2": 27.7622661591,
        "dvar": 367.008422852,
        "dvar2": 774.64654541,
        "max": 158.382995605,
        "mean": 51.8299446106,
        "median": 47.2450180054,
        "min": 4.02772188187,
        "var": 846.08770752
    },
    "hfc": {
        "dmean": 56.6905975342,
        "dmean2": 80.2835617065,
        "dvar": 6612.63769531,
        "dvar2": 11050.4580078,
        "max": 597.659912109,
        "mean": 83.0593566895,
        "median": 37.4258346558,
        "min": 1.04094135761,
        "var": 11694.3330078
    },
    "melbands_crest": {
        "dmean": 4.50184392929,
        "dmean2": 7.34543895721,
        "dvar": 15.0704421997,
        "dvar2": 37.3989562988,
        "max": 30.5195121765,
        "mean": 16.5522956848,
        "median": 17.0408821106,
        "min": 2.96887993813,
        "var": 41.1007194519
    },
    "melbands_flatness_db": {
        "dmean": 0.0464815497398,
        "dmean2": 0.0712001249194,
        "dvar": 0.00208266940899,
        "dvar2": 0.00384985981509,
        "max": 0.511656880379,
        "mean": 0.178377583623,
        "median": 0.17248685658,
        "min": 0.0250360500067,
        "var": 0.00727738393471
    },
    "melbands_kurtosis": {
        "dmean": 21.4087982178,
        "dmean2": 33.4270935059,
        "dvar": 2526.49121094,
        "dvar2": 5297.99365234,
        "max": 631.683166504,
        "mean": 24.6913013458,
        "median": 5.72389221191,
        "min": -1.68186724186,
        "var": 3117.27490234
    },
    "melbands_skewness": {
        "dmean": 1.5361995697,
        "dmean2": 2.24625706673,
        "dvar": 4.01777601242,
        "dvar2": 7.21669530869,
        "max": 20.1218624115,
        "mean": 3.33977651596,
        "median": 2.39165639877,
        "min": -1.51314270496,
        "var": 9.13655757904
    },
    "melbands_spread": {
        "dmean": 19.4454669952,
        "dmean2": 30.0523910522,
        "dvar": 520.209533691,
        "dvar2": 965.234008789,
        "max": 241.107055664,
        "mean": 40.8044433594,
        "median": 30.9837856293,
        "min": 0.554974973202,
        "var": 1250.74182129
    },
    "pitch_salience": {
        "dmean": 0.0993011146784,
        "dmean2": 0.158005878329,
        "dvar": 0.0081809097901,
        "dvar2": 0.0174342300743,
        "max": 0.822544932365,
        "mean": 0.486116558313,
        "median": 0.504532635212,
        "min": 0.0697037577629,
        "var": 0.0218893252313
    },
    "silence_rate_20dB": {
        "dmean": 0,
        "dmean2": 0,
        "dvar": 0,
        "dvar2": 0,
        "max": 1,
        "mean": 1,
        "median": 1,
        "min": 1,
        "var": 0
    },
    "silence_rate_30dB": {
        "dmean": 0.0913312658668,
        "dmean2": 0.18280403316,
        "dvar": 0.0829893276095,
        "dvar2": 0.177272170782,
        "max": 1,
        "mean": 0.914926528931,
        "median": 1,
        "min": 0,
        "var": 0.0778364911675
    },
    "silence_rate_60dB": {
        "dmean": 0.00773993786424,
        "dmean2": 0.0154918665066,
        "dvar": 0.00768008921295,
        "dvar2": 0.0183503422886,
        "max": 1,
        "mean": 0.0146945090964,
        "median": 0,
        "min": 0,
        "var": 0.0144784329459
    },
    "spectral_centroid": {
        "dmean": 537.935546875,
        "dmean2": 830.860168457,
        "dvar": 295777.875,
        "dvar2": 614063.375,
        "max": 6176.78125,
        "mean": 1929.8314209,
        "median": 1843.70800781,
        "min": 160.27444458,
        "var": 721978.875
    },
    "spectral_complexity": {
        "dmean": 6.43808031082,
        "dmean2": 9.76219940186,
        "dvar": 43.1997451782,
        "dvar2": 102.780426025,
        "max": 52,
        "mean": 21.5444698334,
        "median": 20,
        "min": 1,
        "var": 107.179138184
    },
    "spectral_decrease": {
        "dmean": 4.94875385115e-09,
        "dmean2": 7.02971991728e-09,
        "dvar": 5.11237091617e-17,
        "dvar2": 7.84643345861e-17,
        "max": -1.08858373704e-10,
        "mean": -1.0345603485e-08,
        "median": -6.78512668273e-09,
        "min": -5.89420281472e-08,
        "var": 1.09726050886e-16
    },
    "spectral_energy": {
        "dmean": 0.0216674301773,
        "dmean2": 0.029703637585,
        "dvar": 0.000710605119821,
        "dvar2": 0.0010641758563,
        "max": 0.225527703762,
        "mean": 0.046580452472,
        "median": 0.0362061969936,
        "min": 0.000543497269973,
        "var": 0.00160609208979
    },
    "spectral_energyband_high": {
        "dmean": 0.00540424184874,
        "dmean2": 0.00768429972231,
        "dvar": 6.22345760348e-05,
        "dvar2": 0.000105290739157,
        "max": 0.056150868535,
        "mean": 0.00683324085549,
        "median": 0.00177034456283,
        "min": 4.90792581331e-06,
        "var": 0.000109341519419
    },
    "spectral_energyband_low": {
        "dmean": 0.0169134121388,
        "dmean2": 0.0252295397222,
        "dvar": 0.000893703720067,
        "dvar2": 0.00152606971096,
        "max": 0.220309510827,
        "mean": 0.0258732158691,
        "median": 0.0111211137846,
        "min": 4.56071262533e-07,
        "var": 0.00153276207857
    },
    "spectral_energyband_middle_high": {
        "dmean": 0.00340010761283,
        "dmean2": 0.00538547895849,
        "dvar": 3.06262154481e-05,
        "dvar2": 7.61004775995e-05,
        "max": 0.0787238702178,
        "mean": 0.0075579774566,
        "median": 0.00544238835573,
        "min": 0.000124612328364,
        "var": 5.43981586816e-05
    },
    "spectral_energyband_middle_low": {
        "dmean": 0.00613707629964,
        "dmean2": 0.0107822660357,
        "dvar": 0.000137497918331,
        "dvar2": 0.000375433068257,
        "max": 0.0841272249818,
        "mean": 0.007735717576,
        "median": 0.00438179820776,
        "min": 2.71715416602e-05,
        "var": 0.000103384889371
    },
    "spectral_entropy": {
        "dmean": 0.274213016033,
        "dmean2": 0.386622071266,
        "dvar": 0.0767033547163,
        "dvar2": 0.158379897475,
        "max": 8.89865970612,
        "mean": 7.93390417099,
        "median": 8.03349304199,
        "min": 6.22001314163,
        "var": 0.253888458014
    },
    "spectral_flux": {
        "dmean": 0.0513334237039,
        "dmean2": 0.07627569139,
        "dvar": 0.00267994473688,
        "dvar2": 0.00532325776294,
        "max": 0.48251503706,
        "mean": 0.140941351652,
        "median": 0.127282544971,
        "min": 0.0171817131341,
        "var": 0.00634824112058
    },
    "spectral_kurtosis": {
        "dmean": 1.81466150284,
        "dmean2": 2.67939400673,
        "dvar": 4.79135513306,
        "dvar2": 10.3056335449,
        "max": 21.3449954987,
        "mean": 2.94385719299,
        "median": 1.99131250381,
        "min": -1.2162156105,
        "var": 10.6881227493
    },
    "spectral_rms": {
        "dmean": 0.00152482348494,
        "dmean2": 0.00204314664006,
        "dvar": 2.26606357501e-06,
        "dvar2": 3.32447757501e-06,
        "max": 0.014833307825,
        "mean": 0.00619925837964,
        "median": 0.0059433253482,
        "min": 0.000728176673874,
        "var": 7.01348471921e-06
    },
    "spectral_rolloff": {
        "dmean": 2021.25488281,
        "dmean2": 3452.80249023,
        "dvar": 8059337.5,
        "dvar2": 14047784,
        "max": 13264.453125,
        "mean": 3969.70410156,
        "median": 1937.98828125,
        "min": 64.599609375,
        "var": 17029534
    },
    "spectral_skewness": {
        "dmean": 0.324711084366,
        "dmean2": 0.459001779556,
        "dvar": 0.107603229582,
        "dvar2": 0.226947486401,
        "max": 3.36296105385,
        "mean": 1.32404649258,
        "median": 1.27920055389,
        "min": 0.0901685804129,
        "var": 0.302021235228
    },
    "spectral_spread": {
        "dmean": 1624526.375,
        "dmean2": 2228193.75,
        "dvar": 3.06872791859e+12,
        "dvar2": 5.27391313101e+12,
        "max": 15982489,
        "mean": 7111382,
        "median": 6686112.5,
        "min": 1709189.875,
        "var": 1.00825227592e+13
    },
    "spectral_strongpeak": {
        "dmean": 1.05399942398,
        "dmean2": 1.87650716305,
        "dvar": 9.59837055206,
        "dvar2": 26.4637546539,
        "max": 32.1335525513,
        "mean": 1.14972281456,
        "median": 0.552011370659,
        "min": 0,
        "var": 6.87703180313
    },
    "zerocrossingrate": {
        "dmean": 0.0399521403015,
        "dmean2": 0.0402402766049,
        "dvar": 0.00179776572622,
        "dvar2": 0.00178449286614,
        "max": 0.45703125,
        "mean": 0.126000732183,
        "median": 0.095703125,
        "min": 0.00439453125,
        "var": 0.00917479023337
    },
    "barkbands": {
        "dmean": [0.000423165445682, 0.01246591378, 0.00894244108349, 0.00323211657815, 0.00195767008699, 0.000348262052285, 0.000533880491275, 0.000513489067089, 0.000901692255866, 0.000680027413182, 0.000711697386578, 0.000991998706013, 0.00048877147492, 0.000533579324838, 0.000581346335821, 0.000452473061159, 0.000322589970892, 0.000346686923876, 0.000292705080938, 0.000294527388178, 0.000369472661987, 0.000485224300064, 0.000468702957733, 0.000694910646416, 0.00252920784988, 0.00100831117015, 1.49867972254e-07],
        "dmean2": [0.000693238340318, 0.0195137728006, 0.0153520070016, 0.00595453102142, 0.00347157940269, 0.000551749370061, 0.000823197304271, 0.000863110995851, 0.00143780664075, 0.00104321818799, 0.00117641221732, 0.00159529433586, 0.000775178777985, 0.000856053375173, 0.000949544017203, 0.000710085441824, 0.000532255100552, 0.000586141075473, 0.000489888247102, 0.000502859766129, 0.000616631703451, 0.000773889711127, 0.000747671467252, 0.0010011283448, 0.00348316808231, 0.00149749033153, 2.71011430186e-07],
        "dvar": [1.48077140238e-06, 0.000649563444313, 0.000351000053342, 8.40941429487e-05, 1.2224269085e-05, 4.4876156835e-07, 9.98661221274e-07, 3.38527615895e-06, 8.96503843251e-06, 2.76607670457e-06, 3.90845934817e-06, 7.64134256315e-06, 1.40043607644e-06, 8.63210061652e-07, 7.5507244901e-07, 4.84236807097e-07, 2.90247356816e-07, 6.22054528776e-07, 2.21740108941e-07, 2.27748060411e-07, 3.6451814367e-07, 5.21212086824e-07, 4.53458994798e-07, 1.01689101939e-06, 2.36226478592e-05, 2.66466463472e-06, 3.16441154963e-13],
        "dvar2": [4.05971604778e-06, 0.00143102521542, 0.000947785389144, 0.000238246968365, 3.32002164214e-05, 1.05936828732e-06, 2.22205926548e-06, 7.39632241675e-06, 2.00624217541e-05, 6.41237102172e-06, 1.01341620393e-05, 1.99122296181e-05, 3.24782149619e-06, 2.07460516322e-06, 1.99245891963e-06, 1.01201203506e-06, 6.88666943915e-07, 1.74832462108e-06, 5.99904808496e-07, 6.33413833384e-07, 9.89502382254e-07, 1.36126243433e-06, 1.09546488147e-06, 2.01057218874e-06, 3.69836525351e-05, 5.74681780563e-06, 8.50654453561e-13],
        "max": [0.0140094365925, 0.188559561968, 0.126607969403, 0.0677574723959, 0.0248017404228, 0.0128211732954, 0.014256038703, 0.0213062707335, 0.068250015378, 0.0305279009044, 0.0237963162363, 0.0438898578286, 0.0202267374843, 0.0152818439528, 0.00828278716654, 0.0103302141652, 0.00703612156212, 0.0132006118074, 0.00499138841406, 0.00410074181855, 0.00440476974472, 0.00601385207847, 0.00538830226287, 0.00801640935242, 0.0373168773949, 0.0113245407119, 6.29363148619e-06],
        "mean": [0.000397102034185, 0.0147995781153, 0.00943740829825, 0.0022807919886, 0.00184280518442, 0.000533573213033, 0.000851806544233, 0.00061932427343, 0.00120395421982, 0.00101916515268, 0.000939318328165, 0.0012230129214, 0.000757712929044, 0.000880854495335, 0.000854713842273, 0.000662536825985, 0.00044196244562, 0.000441472802777, 0.000366112100892, 0.000380993617, 0.000444518955192, 0.000597770384047, 0.000589926552493, 0.000879608560354, 0.00302729709074, 0.00110700109508, 9.59207895335e-08],
        "median": [4.91350074299e-05, 0.00292770098895, 0.00377518148161, 0.000490551698022, 0.00070015428355, 0.000213092600461, 0.000275687227258, 0.000125155755086, 0.00030212229467, 0.00030415377114, 0.000210619706195, 0.000350626418367, 0.000284286157694, 0.000471021281555, 0.000402672070777, 0.000328838155838, 0.000222615955863, 0.000221980764763, 0.000217373584746, 0.000208135083085, 0.000194002219359, 0.000223571187234, 0.000220747693675, 0.000253649632214, 0.00024015607778, 0.000186321267392, 1.58426505248e-09],
        "min": [6.14594242165e-09, 3.72426676165e-08, 7.03366964672e-08, 8.9423359384e-08, 9.43151917454e-07, 1.42190287988e-06, 9.21678122268e-07, 8.29160001103e-07, 1.99124087885e-06, 9.64721380114e-07, 7.00991165559e-07, 5.29174599251e-07, 4.22263894961e-07, 4.34072580902e-06, 2.03377589969e-06, 4.78346066757e-07, 7.11943755505e-07, 4.7291476335e-07, 7.12807832315e-07, 6.98602150351e-07, 1.30763089601e-06, 2.71950938213e-07, 1.29645388824e-06, 4.62141471758e-08, 1.88063765449e-07, 5.39226130414e-09, 9.79911464472e-12],
        "var": [1.18255798043e-06, 0.000805775227491, 0.0002793961321, 5.02087823406e-05, 9.53621747612e-06, 9.08295646695e-07, 2.49793379226e-06, 4.28010343967e-06, 1.12787347462e-05, 4.44684110334e-06, 4.44747820438e-06, 7.59704653319e-06, 2.25881626648e-06, 1.58640409609e-06, 1.40048280173e-06, 9.56797293838e-07, 4.60360922716e-07, 7.4211214951e-07, 2.25070877491e-07, 2.49978484135e-07, 3.36360130859e-07, 6.43203577511e-07, 5.91965317653e-07, 1.72040233792e-06, 4.09803906223e-05, 3.42579050994e-06, 2.11915188631e-13]
    },
    "erbbands": {
        "dmean": [0.228178068995, 3.3222463131, 10.0079011917, 10.2748680115, 8.80935382843, 5.75158977509, 3.25271463394, 2.80599975586, 5.39838123322, 9.8096818924, 12.5360813141, 16.6031360626, 24.6786766052, 22.7318630219, 30.7078323364, 39.3767433167, 24.1961212158, 26.5572280884, 21.6333999634, 30.8234119415, 23.467792511, 16.0667896271, 17.2776374817, 17.615737915, 12.482963562, 14.3233251572, 17.2501354218, 13.8776712418, 18.1500701904, 13.9740800858, 13.4742507935, 12.6227903366, 13.3424730301, 21.3028354645, 22.3403377533, 7.05984258652, 1.42520070076, 0.166139543056, 0.00300878984854, 0.000182310919627],
        "dmean2": [0.32284539938, 5.32090616226, 16.248052597, 18.4290142059, 16.0122184753, 10.099407196, 5.28412103653, 4.4889421463, 8.40113162994, 15.0007076263, 21.5248165131, 26.4336338043, 38.3757247925, 35.7156257629, 50.8218421936, 63.6801300049, 38.1918487549, 41.4151344299, 34.9136009216, 50.475528717, 36.8822631836, 26.4596366882, 29.0415916443, 29.8245010376, 20.7198581696, 24.4901485443, 28.8607215881, 22.9828147888, 28.9461116791, 21.9234600067, 21.3615875244, 18.1449222565, 19.4727191925, 29.2308712006, 31.0251026154, 9.93016815186, 2.26935887337, 0.265665054321, 0.0047099199146, 0.000267107214313],
        "dvar": [0.205411806703, 47.6870155334, 403.934020996, 697.349853516, 371.610168457, 114.566505432, 58.6354179382, 32.2305641174, 96.0228424072, 370.218688965, 2481.60131836, 2168.83959961, 5304.33447266, 3375.99536133, 9855.69140625, 13037.4267578, 3738.68847656, 1767.70373535, 1569.45617676, 2196.36279297, 1589.26867676, 657.359008789, 1924.67626953, 750.203186035, 472.052978516, 498.63671875, 866.998474121, 432.52645874, 745.383605957, 376.140106201, 394.020477295, 303.469421387, 376.493591309, 1417.7064209, 2093.87768555, 122.076126099, 6.48305845261, 0.0943527668715, 2.92714630632e-05, 8.11153810787e-08],
        "dvar2": [0.407831341028, 105.422477722, 1017.02587891, 1943.82006836, 1035.96569824, 312.721160889, 152.79901123, 82.5681686401, 224.121292114, 730.866943359, 5361.37939453, 5105.31738281, 11632.078125, 8185.00390625, 26767.9472656, 34303.9414062, 8430.70996094, 4145.72509766, 3867.62231445, 5641.61572266, 3327.1809082, 1599.8223877, 5209.0234375, 1997.39074707, 1268.72070312, 1395.90234375, 2358.06079102, 1156.81787109, 1947.17138672, 897.085998535, 996.383728027, 634.309631348, 699.507080078, 2243.3815918, 3474.125, 226.739181519, 15.4116287231, 0.227516204119, 6.75586488796e-05, 1.63022008337e-07],
        "max": [3.49405121803, 47.6167907715, 149.801040649, 184.112915039, 142.074951172, 124.02545166, 156.542068481, 107.637695312, 143.443756104, 274.817626953, 585.514282227, 836.163269043, 1431.42712402, 1127.67663574, 1475.87414551, 1883.85266113, 1092.94836426, 672.314941406, 529.404907227, 464.440765381, 537.916381836, 310.05065918, 916.840820312, 266.333068848, 304.276702881, 212.545654297, 243.475448608, 149.251968384, 248.556182861, 149.829284668, 151.156677246, 128.154159546, 145.514160156, 330.397705078, 365.127319336, 82.5531158447, 18.2308635712, 2.15297818184, 0.0388132631779, 0.00214617582969],
        "mean": [0.293153256178, 3.78922080994, 11.1225976944, 9.33903217316, 7.12906932831, 5.65211200714, 4.50838565826, 4.08930397034, 8.81677913666, 14.8080787659, 15.6876735687, 23.0869617462, 35.1295623779, 38.5090675354, 39.889629364, 49.2504806519, 39.1968688965, 47.2460136414, 37.2440948486, 47.6749458313, 35.9480743408, 24.1419143677, 23.2793807983, 23.9583263397, 16.922296524, 18.5459060669, 18.976020813, 17.3109703064, 22.1531391144, 17.5497837067, 16.6635551453, 16.5993423462, 16.6200275421, 26.1333770752, 25.6953239441, 7.88212966919, 1.46736252308, 0.150254324079, 0.00294808880426, 0.000234519713558],
        "median": [0.0720596536994, 0.765934705734, 4.36227273941, 3.13289856911, 2.21512889862, 2.00937628746, 1.58281993866, 1.86985766888, 3.25004386902, 4.73794984818, 3.9074318409, 6.86430168152, 10.7529859543, 10.2039585114, 9.60745239258, 16.4112472534, 16.1013755798, 28.2183609009, 17.9642238617, 23.068813324, 17.8799266815, 13.8076915741, 11.5148792267, 14.6769857407, 9.82264614105, 10.3508310318, 8.34157943726, 7.48398208618, 7.70103263855, 6.6891746521, 6.35493135452, 5.73914432526, 4.52037334442, 3.28957295418, 1.61530399323, 1.03877222538, 0.300585031509, 0.0204915367067, 0.000468676502351, 8.87534115463e-05],
        "min": [3.28028204422e-06, 3.68118671759e-05, 0.000417789327912, 0.000728025101125, 0.00284649734385, 0.00234440434724, 0.00903816986829, 0.0062383278273, 0.0159476455301, 0.0244919620454, 0.0328900031745, 0.0426045842469, 0.0569130294025, 0.0192323997617, 0.0807763189077, 0.100279420614, 0.203522205353, 0.31069880724, 0.162457659841, 0.0711393207312, 0.0233957283199, 0.0516044571996, 0.0254438016564, 0.039885468781, 0.0217686388642, 0.0407746769488, 0.0374217778444, 0.0382630489767, 0.0127501869574, 0.0324611254036, 0.0279374774545, 0.00646877288818, 0.00211176741868, 0.00375668914057, 0.00411915592849, 0.000322358740959, 3.0544364563e-05, 4.89679359816e-06, 1.01549710507e-06, 8.91418096671e-07],
        "var": [0.319552689791, 54.3746261597, 371.731842041, 458.747955322, 235.284057617, 100.273948669, 104.703063965, 45.3219947815, 223.851455688, 822.973144531, 3092.24853516, 2855.06005859, 6969.29638672, 6454.56152344, 8782.97363281, 11873.6630859, 6188.02148438, 3647.13305664, 2993.42651367, 4387.82177734, 2925.48168945, 1012.17901611, 2263.14331055, 871.83972168, 484.773193359, 587.546264648, 722.389526367, 470.494873047, 912.832580566, 526.913757324, 481.04296875, 513.042175293, 640.04888916, 2606.34765625, 3337.85498047, 190.994125366, 6.60921812057, 0.0915223360062, 3.11497278744e-05, 1.1051017168e-07]
    },
    "gfcc": {
        "mean": [46.1632652283, 39.9145469666, -100.442352295, 33.9572868347, -47.5172729492, 36.9896316528, -39.4138526917, 18.4702796936, -29.4032402039, 10.5525999069, -23.9251403809, 1.70363044739, -15.8475608826],
        "cov": [[3057.62182617, -1344.31408691, 525.120544434, 105.512191772, -155.198196411, 65.2666015625, -54.9791069031, 188.378768921, -218.651153564, -54.4631500244, -226.936096191, 28.7723121643, -97.2258453369], [-1344.31408691, 2279.73828125, -698.877075195, 46.2417221069, 422.971313477, -34.8132705688, 346.103851318, -51.7239875793, 271.263092041, -62.2898178101, 266.441314697, -174.630966187, 70.0561294556], [525.120544434, -698.877075195, 1104.98205566, 379.325164795, 44.0629463196, 236.72618103, -61.8235282898, 33.7053031921, -10.0262355804, 45.3581161499, -115.037796021, 29.4776153564, -95.8647842407], [105.512191772, 46.2417221069, 379.325164795, 663.10760498, 206.298126221, 134.347503662, 114.843505859, 29.1387138367, 127.152381897, -26.6197547913, -7.08379459381, -34.528755188, -34.4438056946], [-155.198196411, 422.971313477, 44.0629463196, 206.298126221, 420.932128906, 177.009216309, 131.425735474, 15.5728235245, 106.506759644, 40.4032249451, 27.8079891205, -39.9181098938, -1.58694159985], [65.2666015625, -34.8132705688, 236.72618103, 134.347503662, 177.009216309, 331.515228271, 135.159896851, 38.7631645203, 21.979598999, 26.9140148163, 28.2964248657, -21.1796989441, -13.98483181], [-54.9791069031, 346.103851318, -61.8235282898, 114.843505859, 131.425735474, 135.159896851, 295.337677002, 105.003189087, 51.3395309448, -21.9439163208, 55.5281524658, -22.0766353607, -13.1559677124], [188.378768921, -51.7239875793, 33.7053031921, 29.1387138367, 15.5728235245, 38.7631645203, 105.003189087, 199.551635742, 68.1730422974, 12.5420875549, -8.23895359039, 6.9873008728, -1.78089535236], [-218.651153564, 271.263092041, -10.0262355804, 127.152381897, 106.506759644, 21.979598999, 51.3395309448, 68.1730422974, 197.617431641, 57.0548629761, 31.7247390747, -25.7062931061, 3.56225395203], [-54.4631500244, -62.2898178101, 45.3581161499, -26.6197547913, 40.4032249451, 26.9140148163, -21.9439163208, 12.5420875549, 57.0548629761, 128.107681274, 29.5763511658, 21.8525257111, -8.85485935211], [-226.936096191, 266.441314697, -115.037796021, -7.08379459381, 27.8079891205, 28.2964248657, 55.5281524658, -8.23895359039, 31.7247390747, 29.5763511658, 137.058959961, 4.41108989716, 24.1817474365], [28.7723121643, -174.630966187, 29.4776153564, -34.528755188, -39.9181098938, -21.1796989441, -22.0766353607, 6.9873008728, -25.7062931061, 21.8525257111, 4.41108989716, 108.265846252, 10.4747066498], [-97.2258453369, 70.0561294556, -95.8647842407, -34.4438056946, -1.58694159985, -13.98483181, -13.1559677124, -1.78089535236, 3.56225395203, -8.85485935211, 24.1817474365, 10.4747066498, 89.5526351929]],
        "icov": [[0.000539525935892, 0.000292088196147, -3.36869634339e-05, -9.51926558628e-05, -0.000200408365345, 0.000162962416653, -4.18189738411e-05, -0.000618430785835, 0.000567568233237, 0.000126622908283, 7.02958132024e-05, 0.000381536316127, 0.000214372135815], [0.000292088196147, 0.00216258363798, -0.000118190677313, 0.00104802160058, -0.00199681031518, 0.0019097593613, -0.00219837203622, 0.00159828201868, -0.00247777905315, 0.00252859434113, -0.00275601772591, 0.00190131762065, -0.000256008992437], [-3.36869634339e-05, -0.000118190677313, 0.00216153031215, -0.00143382966053, 0.000688406988047, -0.00194196333177, 0.0015161979245, -0.000754228269216, 0.000839588581584, -0.00107355567161, 0.00134445831645, -0.000762327748816, 0.00132154580206], [-9.51926558628e-05, 0.00104802160058, -0.00143382966053, 0.00376408500597, -0.00195647217333, 0.00151247228496, -0.00221483665518, 0.00208017323166, -0.00389760476537, 0.00352303870022, -0.00195261242334, 0.000752792169806, -0.000150237741764], [-0.000200408365345, -0.00199681031518, 0.000688406988047, -0.00195647217333, 0.0061691920273, -0.0037039257586, 0.000997617840767, -0.000386689527659, 0.00111249880865, -0.00383267994039, 0.0037749807816, -0.00128825672437, -0.000293184653856], [0.000162962416653, 0.0019097593613, -0.00194196333177, 0.00151247228496, -0.0037039257586, 0.00807391665876, -0.0046851602383, 0.00166532071307, -0.00112161855213, 0.00127020932268, -0.00376876909286, 0.00296873948537, -0.00143348798156], [-4.18189738411e-05, -0.00219837203622, 0.0015161979245, -0.00221483665518, 0.000997617840767, -0.0046851602383, 0.0103196492419, -0.00614912528545, 0.0035431983415, -0.000104957965959, 0.00029347720556, -0.00215552421287, 0.00314689404331], [-0.000618430785835, 0.00159828201868, -0.000754228269216, 0.00208017323166, -0.000386689527659, 0.00166532071307, -0.00614912528545, 0.0109828449786, -0.00688228290528, 0.00185166741721, -0.000253276986768, 1.18352018035e-05, -0.00183692155406], [0.000567568233237, -0.00247777905315, 0.000839588581584, -0.00389760476537, 0.00111249880865, -0.00112161855213, 0.0035431983415, -0.00688228290528, 0.0146397650242, -0.00820086244494, 0.00278198719025, 0.000761228147894, -5.10655081598e-05], [0.000126622908283, 0.00252859434113, -0.00107355567161, 0.00352303870022, -0.00383267994039, 0.00127020932268, -0.000104957965959, 0.00185166741721, -0.00820086244494, 0.0165253523737, -0.00682008545846, -0.00108618859667, 0.00244592153467], [7.02958132024e-05, -0.00275601772591, 0.00134445831645, -0.00195261242334, 0.0037749807816, -0.00376876909286, 0.00029347720556, -0.000253276986768, 0.00278198719025, -0.00682008545846, 0.0149606280029, -0.00309857795946, -0.00202542543411], [0.000381536316127, 0.00190131762065, -0.000762327748816, 0.000752792169806, -0.00128825672437, 0.00296873948537, -0.00215552421287, 1.18352018035e-05, 0.000761228147894, -0.00108618859667, -0.00309857795946, 0.0130642196164, -0.00230438425206], [0.000214372135815, -0.000256008992437, 0.00132154580206, -0.000150237741764, -0.000293184653856, -0.00143348798156, 0.00314689404331, -0.00183692155406, -5.10655081598e-05, 0.00244592153467, -0.00202542543411, -0.00230438425206, 0.0142136011273]]
    },
    "melbands": {
        "dmean": [0.00280499085784, 0.00464846286923, 0.00172374479007, 0.000532437115908, 0.000127862309455, 6.37950215605e-05, 9.1223148047e-05, 0.000103616446722, 0.000107209954876, 0.000117974814202, 0.000123380203149, 8.89221482794e-05, 0.000100239085441, 0.000118237003335, 7.30151587049e-05, 4.89498343086e-05, 5.40844957868e-05, 3.69369117834e-05, 4.4418964535e-05, 3.29330650857e-05, 3.01406325889e-05, 1.79070175363e-05, 1.67655834957e-05, 1.81022169272e-05, 1.49613761096e-05, 9.99339863483e-06, 9.05576689547e-06, 9.76702358457e-06, 1.09660595626e-05, 1.00985034805e-05, 8.07371361589e-06, 1.15436587294e-05, 8.32309251564e-06, 8.14055874798e-06, 7.46420892028e-06, 8.59357442096e-06, 8.08378445072e-06, 8.13909809949e-06, 1.38116174639e-05, 1.89482107089e-05],
        "dmean2": [0.00422881543636, 0.00704832701012, 0.0030580018647, 0.000954829389229, 0.000212915896554, 0.000101284764241, 0.000140321149956, 0.000158947426826, 0.000183573545655, 0.000186920908163, 0.000191399318282, 0.000139579933602, 0.000164601602592, 0.000192481427803, 0.000119694181194, 7.65070435591e-05, 8.44625828904e-05, 6.11147552263e-05, 7.35317444196e-05, 5.3321098676e-05, 4.73656145914e-05, 2.96222788165e-05, 2.74623125733e-05, 3.03735159832e-05, 2.53236321441e-05, 1.67725556821e-05, 1.50166151798e-05, 1.67367943504e-05, 1.84380733117e-05, 1.73158914549e-05, 1.31469678308e-05, 1.90949012904e-05, 1.304300622e-05, 1.2920944755e-05, 1.22309775179e-05, 1.34050715133e-05, 1.16554901979e-05, 1.22836918308e-05, 1.97440876946e-05, 2.62712546828e-05],
        "dvar": [3.17352350976e-05, 7.71883205744e-05, 1.81675786735e-05, 9.77062313723e-07, 8.73313084071e-08, 1.5537423792e-08, 2.66164335017e-08, 3.99487838365e-08, 1.56733662493e-07, 1.36481446589e-07, 1.36061586886e-07, 5.71101779201e-08, 8.86302586878e-08, 1.48521735355e-07, 2.7375838485e-08, 1.33393474044e-08, 7.86597897928e-09, 5.63763791206e-09, 4.8154240595e-09, 2.61377119948e-09, 3.11651349172e-09, 8.69786409563e-10, 1.5211975013e-09, 2.45446885039e-09, 5.45211598091e-10, 2.78406797616e-10, 2.7129615221e-10, 2.43312481274e-10, 3.75578596001e-10, 2.9481758701e-10, 1.34558614251e-10, 3.39918898584e-10, 1.39902714413e-10, 1.29029120721e-10, 1.31968699857e-10, 1.26501586983e-10, 1.3958492695e-10, 1.43099671002e-10, 4.72441308297e-10, 1.19932752618e-09],
        "dvar2": [6.97618088452e-05, 0.000166943995282, 5.01030262967e-05, 2.67553900812e-06, 2.33503882896e-07, 3.8609766051e-08, 6.20462756729e-08, 8.25153918527e-08, 3.43230453836e-07, 3.04248487737e-07, 2.98275608657e-07, 1.37868795491e-07, 2.30228934583e-07, 4.00438949555e-07, 6.40813624386e-08, 3.09538137344e-08, 1.83633286355e-08, 1.46937555456e-08, 1.33245317002e-08, 5.61124791076e-09, 6.68563560069e-09, 2.21913087906e-09, 3.65967633975e-09, 6.4855467663e-09, 1.45719869504e-09, 7.32428562245e-10, 7.13677117403e-10, 6.82097101024e-10, 1.03335573431e-09, 8.10977063281e-10, 3.52174400753e-10, 8.94343266111e-10, 3.53976903344e-10, 3.0055152811e-10, 3.37928407479e-10, 2.89956086919e-10, 3.0164609699e-10, 2.91083851467e-10, 8.76508254866e-10, 1.94924765218e-09],
        "max": [0.0450722426176, 0.0648962929845, 0.030780037865, 0.00657380372286, 0.00587998377159, 0.00236691208556, 0.00262854481116, 0.00252232817002, 0.00447970628738, 0.00798408966511, 0.00728830508888, 0.00497901253402, 0.00405962206423, 0.00664117000997, 0.00277167907916, 0.00191739352886, 0.00150090805255, 0.00106643082108, 0.000689296342898, 0.000735563808121, 0.000803115661256, 0.000318887177855, 0.000678400567267, 0.000905875349417, 0.000259988184553, 0.000161021525855, 0.000297683058307, 0.000138830131618, 0.000166561658261, 0.000137692448334, 8.54047830217e-05, 0.000183334981557, 0.000102097335912, 8.41413275339e-05, 8.75700934557e-05, 9.7695417935e-05, 9.26507127588e-05, 9.46427317103e-05, 0.000189576559933, 0.000306015921524],
        "mean": [0.00342612038366, 0.00577251287177, 0.0016212266637, 0.000462993892143, 0.000170633560629, 9.42448386922e-05, 0.000150264037075, 0.000152989669004, 0.000131166045321, 0.000161425617989, 0.000171769177541, 0.000147475031554, 0.00013401209435, 0.000137291208375, 0.000103979298729, 7.55474320613e-05, 9.09526643227e-05, 5.64478978049e-05, 6.37894554529e-05, 5.01369795529e-05, 4.2160609155e-05, 2.46396575676e-05, 2.17655251618e-05, 2.21734990191e-05, 1.95373577299e-05, 1.18675325211e-05, 1.28408019009e-05, 1.16910414363e-05, 1.13716168926e-05, 1.15555512821e-05, 9.54412644205e-06, 1.33750600071e-05, 1.05008311948e-05, 9.68561380432e-06, 8.76113699633e-06, 1.10646569738e-05, 9.74118938757e-06, 1.00022725746e-05, 1.58844613907e-05, 2.34080453083e-05],
        "median": [0.000752120453399, 0.00221081078053, 0.00060790788848, 0.000162467316841, 6.11296854913e-05, 4.08852538385e-05, 5.22010377608e-05, 4.81773640786e-05, 2.86668673652e-05, 4.53839238617e-05, 4.92940780532e-05, 3.55579504685e-05, 3.09373899654e-05, 3.26205408783e-05, 4.22136108682e-05, 3.19919017784e-05, 5.08211160195e-05, 2.3643620807e-05, 2.93277644232e-05, 2.50413650065e-05, 1.75778804987e-05, 1.32208997456e-05, 8.65525271365e-06, 1.01434352473e-05, 1.16190876724e-05, 6.27543295195e-06, 6.87472947902e-06, 5.58238298254e-06, 4.56580801256e-06, 4.25137614002e-06, 4.10935444961e-06, 4.12606004829e-06, 4.10486427427e-06, 3.16285422741e-06, 3.30992588715e-06, 4.38364440924e-06, 2.65813400802e-06, 2.80283438769e-06, 2.98871668747e-06, 2.52883614849e-06],
        "min": [1.32074458037e-08, 5.65017366227e-08, 1.50972454094e-07, 1.95173186057e-07, 2.78268032616e-07, 1.55332742224e-07, 2.07907532968e-07, 9.8971796092e-08, 2.52754716712e-07, 2.41234801024e-07, 2.71210552683e-07, 4.07607636532e-08, 1.05577974807e-07, 6.61429524484e-08, 8.29556014992e-08, 3.56430319925e-07, 4.7270145842e-07, 2.17179348283e-07, 1.03254464534e-07, 6.49974296607e-08, 1.34331177293e-08, 4.97399810229e-08, 3.0972902465e-08, 2.11994279908e-08, 3.38890693286e-08, 1.0561973518e-08, 1.32342332648e-08, 2.53501895031e-08, 1.83125408171e-08, 2.94770163833e-08, 1.92120133136e-08, 6.47716147384e-09, 2.55565124618e-10, 2.21745057871e-08, 2.06173140782e-08, 1.71261804738e-09, 4.74051804755e-11, 5.3616666662e-10, 1.28422861234e-09, 8.85624906743e-10],
