{
"highlevel": {
    "danceability": {
        "all": {
            "danceable": 0.986720383167,
            "not_danceable": 0.0132796000689
        },
        "probability": 0.986720383167,
        "value": "danceable"
    },
    "gender": {
        "all": {
            "female": 0.250190019608,
            "male": 0.749809980392
        },
        "probability": 0.749809980392,
        "value": "male"
    },
    "genre_dortmund": {
        "all": {
            "alternative": 0.142506703734,
            "blues": 0.0758378580213,
            "electronic": 0.0224888119847,
            "folkcountry": 0.20013281703,
            "funksoulrnb": 0.0206307340413,
            "jazz": 0.0835209190845,
            "pop": 0.204726651311,
            "raphiphop": 0.0146536966786,
            "rock": 0.235501810908
        },
        "probability": 0.235501810908,
        "value": "rock"
    },
    "genre_electronic": {
        "all": {
            "ambient": 0.182259306312,
            "dnb": 0.153533935547,
            "house": 0.228575855494,
            "techno": 0.0267731528729,
            "trance": 0.408857733011
        },
        "probability": 0.408857733011,
        "value": "trance"
    },
    "genre_rosamerica": {
        "all": {
            "cla": 0.00464441208169,
            "dan": 0.316008627415,
            "hip": 0.0398133695126,
            "jaz": 0.00836276914924,
            "pop": 0.279488891363,
            "rhy": 0.216253235936,
            "roc": 0.130666285753,
            "spe": 0.00476240785792
        },
        "probability": 0.316008627415,
        "value": "dan"
    },
    "genre_tzanetakis": {
        "all": {
            "blu": 0.0626541376114,
            "cla": 0.0348133966327,
            "cou": 0.0783501937985,
            "dis": 0.104547761381,
            "hip": 0.15693578124,
            "jaz": 0.313987255096,
            "met": 0.044816005975,
            "pop": 0.0627349764109,
            "reg": 0.0627352520823,
            "roc": 0.0784252434969
        },
        "probability": 0.313987255096,
        "value": "jaz"
    },
    "ismir04_rhythm": {
        "all": {
            "ChaChaCha": 0.465643554926,
            "Jive": 0.354346513748,
            "Quickstep": 0.0176620278507,
            "Rumba-American": 0.0194586832076,
            "Rumba-International": 0.0368750691414,
            "Rumba-Misc": 0.0104758171365,
            "Samba": 0.0832105576992,
            "Tango": 0.00177740701474,
            "VienneseWaltz": 0.0080571686849,
            "Waltz": 0.00249318452552
        },
        "probability": 0.465643554926,
        "value": "ChaChaCha"
    },
    "mood_acoustic": {
        "all": {
            "acoustic": 0.22726508975,
            "not_acoustic": 0.772734880447
        },
        "probability": 0.772734880447,
        "value": "not_acoustic"
    },
    "mood_aggressive": {
        "all": {
            "aggressive": 0.0196960940957,
            "not_aggressive": 0.980303883553
        },
        "probability": 0.980303883553,
        "value": "not_aggressive"
    },
    "mood_electronic": {
        "all": {
            "electronic": 0.309411942959,
            "not_electronic": 0.690588057041
        },
        "probability": 0.690588057041,
        "value": "not_electronic"
    },
    "mood_happy": {
        "all": {
            "happy": 0.888869345188,
            "not_happy": 0.111130677164
        },
        "probability": 0.888869345188,
        "value": "happy"
    },
    "mood_party": {
        "all": {
            "not_party": 0.688650608063,
            "party": 0.31134942174
        },
        "probability": 0.688650608063,
        "value": "not_party"
    },
    "mood_relaxed": {
        "all": {
            "not_relaxed": 0.869697511196,
            "relaxed": 0.130302518606
        },
        "probability": 0.869697511196,
        "value": "not_relaxed"
    },
    "mood_sad": {
        "all": {
            "not_sad": 0.809137284756,
            "sad": 0.190862715244
        },
        "probability": 0.809137284756,
        "value": "not_sad"
    },
    "moods_mirex": {
        "all": {
            "Cluster1": 0.331973344088,
            "Cluster2": 0.21271520853,
            "Cluster3": 0.0896435827017,
            "Cluster4": 0.0682783201337,
            "Cluster5": 0.297389537096
        },
        "probability": 0.331973344088,
        "value": "Cluster1"
    },
    "timbre": {
        "all": {
            "bright": 0.97201859951,
            "dark": 0.0279814265668
        },
        "probability": 0.97201859951,
        "value": "bright"
    },
    "tonal_atonal": {
        "all": {
            "atonal": 0.000451261585113,
            "tonal": 0.999548733234
        },
        "probability": 0.999548733234,
        "value": "tonal"
    },
    "voice_instrumental": {
        "all": {
            "instrumental": 0.0119512798265,
            "voice": 0.988048732281
        },
        "probability": 0.988048732281,
        "value": "voice"
    }
},
"lowlevel": {
    "average_loudness": 0.984684824944,
    "barkbands_crest": {
        "dmean": 2.66852498055,
        "dmean2": 4.30659580231,
        "dvar": 5.81420183182,
        "dvar2": 15.2849969864,
        "max": 24.4623985291,
        "mean": 11.7485494614,
        "median": 11.0404205322,
        "min": 3.08504319191,
        "var": 19.8632411957
    },
    "barkbands_flatness_db": {
        "dmean": 0.024249676615,
        "dmean2": 0.0363355018198,
        "dvar": 0.000700448697899,
        "dvar2": 0.0014576051617,
        "max": 0.495629936457,
        "mean": 0.167615324259,
        "median": 0.146608740091,
        "min": 0.0540625676513,
        "var": 0.00528614735231
    },
    "barkbands_kurtosis": {
        "dmean": 10.0006465912,
        "dmean2": 15.3432731628,
        "dvar": 1050.85656738,
        "dvar2": 2135.50292969,
        "max": 554.290466309,
        "mean": 18.8749923706,
        "median": 4.60384178162,
        "min": -1.93897640705,
        "var": 2525.50683594
    },
    "barkbands_skewness": {
        "dmean": 0.774549245834,
        "dmean2": 1.15750205517,
        "dvar": 1.11514484882,
        "dvar2": 2.19268035889,
        "max": 19.3433456421,
        "mean": 2.78578591347,
        "median": 2.15261530876,
        "min": -2.0957570076,
        "var": 5.74898004532
    },
    "barkbands_spread": {
        "dmean": 5.54605865479,
        "dmean2": 8.10875415802,
        "dvar": 45.5780944824,
        "dvar2": 85.213760376,
        "max": 98.5241241455,
        "mean": 21.9993782043,
        "median": 20.5083389282,
        "min": 0.24030148983,
        "var": 228.690078735
    },
    "dissonance": {
        "dmean": 0.0203512459993,
        "dmean2": 0.0334733575583,
        "dvar": 0.000363448343705,
        "dvar2": 0.00094426528085,
        "max": 0.5,
        "mean": 0.454621106386,
        "median": 0.463894128799,
        "min": 0.287438333035,
        "var": 0.00114796275739
    },
    "dynamic_complexity": 1.77100670338,
    "erbbands_crest": {
        "dmean": 2.66999602318,
        "dmean2": 4.27171039581,
        "dvar": 6.25232982635,
        "dvar2": 14.9061164856,
        "max": 26.4103488922,
        "mean": 8.89817047119,
        "median": 7.86795186996,
        "min": 2.3352162838,
        "var": 19.0441131592
    },
    "erbbands_flatness_db": {
        "dmean": 0.0170969422907,
        "dmean2": 0.0250352937728,
        "dvar": 0.000340617261827,
        "dvar2": 0.00073012948269,
        "max": 0.254554778337,
        "mean": 0.124176084995,
        "median": 0.11592643708,
        "min": 0.0609648786485,
        "var": 0.00128867221065
    },
    "erbbands_kurtosis": {
        "dmean": 1.37209403515,
        "dmean2": 2.12606954575,
        "dvar": 7.828956604,
        "dvar2": 17.4399356842,
        "max": 42.6590881348,
        "mean": 0.966071903706,
        "median": -0.224300861359,
        "min": -1.77003443241,
        "var": 12.7208042145
    },
    "erbbands_skewness": {
        "dmean": 0.410733014345,
        "dmean2": 0.603478014469,
        "dvar": 0.209679871798,
        "dvar2": 0.420556724072,
        "max": 6.26917600632,
        "mean": 0.627970635891,
        "median": 0.463494420052,
        "min": -4.06232261658,
        "var": 0.935890436172
    },
    "erbbands_spread": {
        "dmean": 12.8311481476,
        "dmean2": 19.3754444122,
        "dvar": 239.044265747,
        "dvar2": 524.061523438,
        "max": 154.096939087,
        "mean": 53.8041381836,
        "median": 50.7075424194,
        "min": 9.04334068298,
        "var": 557.856994629
    },
    "hfc": {
        "dmean": 7.52296066284,
        "dmean2": 11.0943365097,
        "dvar": 87.1172943115,
        "dvar2": 188.170471191,
        "max": 110.842666626,
        "mean": 27.130355835,
        "median": 24.297492981,
        "min": 0.477371662855,
        "var": 338.988067627
    },
    "melbands_crest": {
        "dmean": 3.14435338974,
        "dmean2": 5.02762699127,
        "dvar": 8.11728382111,
        "dvar2": 19.3675498962,
        "max": 29.2530193329,
        "mean": 17.2756023407,
        "median": 17.2306919098,
        "min": 6.02274799347,
        "var": 20.8850727081
    },
    "melbands_flatness_db": {
        "dmean": 0.0295242015272,
        "dmean2": 0.0427396893501,
        "dvar": 0.00103207421489,
        "dvar2": 0.00212861062028,
        "max": 0.612347304821,
        "mean": 0.23102337122,
        "median": 0.207590952516,
        "min": 0.065540663898,
        "var": 0.00854373909533
    },
    "melbands_kurtosis": {
        "dmean": 22.0486469269,
        "dmean2": 33.8774147034,
        "dvar": 2305.1796875,
        "dvar2": 4832.94091797,
        "max": 712.197509766,
        "mean": 43.3817024231,
        "median": 17.8368682861,
        "min": -1.85229325294,
        "var": 5652.72119141
    },
    "melbands_skewness": {
        "dmean": 1.19774723053,
        "dmean2": 1.82382309437,
        "dvar": 2.24546742439,
        "dvar2": 4.7730345726,
        "max": 20.1013526917,
        "mean": 4.22688674927,
        "median": 3.59326243401,
        "min": -0.0575560294092,
        "var": 6.38348245621
    },
    "melbands_spread": {
        "dmean": 5.74237394333,
        "dmean2": 8.5409412384,
        "dvar": 142.000076294,
        "dvar2": 287.73638916,
        "max": 221.335250854,
        "mean": 17.12865448,
        "median": 14.1950569153,
        "min": 0.34766933322,
        "var": 333.957977295
    },
    "pitch_salience": {
        "dmean": 0.0785195827484,
        "dmean2": 0.124193564057,
        "dvar": 0.00524800037965,
        "dvar2": 0.013604783453,
        "max": 0.814518511295,
        "mean": 0.47828617692,
        "median": 0.480056405067,
        "min": 0.043982449919,
        "var": 0.0147372018546
    },
    "silence_rate_20dB": {
        "dmean": 0,
        "dmean2": 0,
        "dvar": 0,
        "dvar2": 0,
        "max": 1,
        "mean": 1,
        "median": 1,
        "min": 1,
        "var": 0
    },
    "silence_rate_30dB": {
        "dmean": 0.0247678011656,
        "dmean2": 0.0495739728212,
        "dvar": 0.0241546873003,
        "dvar2": 0.0672551542521,
        "max": 1,
        "mean": 0.98530548811,
        "median": 1,
        "min": 0,
        "var": 0.0144783677533
    },
    "silence_rate_60dB": {
        "dmean": 0,
        "dmean2": 0,
        "dvar": 0,
        "dvar2": 0,
        "max": 0,
        "mean": 0,
        "median": 0,
        "min": 0,
        "var": 0
    },
    "spectral_centroid": {
        "dmean": 250.590744019,
        "dmean2": 371.163085938,
        "dvar": 83285.8671875,
        "dvar2": 160107.78125,
        "max": 4722.05419922,
        "mean": 1174.90686035,
        "median": 1125.64196777,
        "min": 108.153686523,
        "var": 414761.875
    },
    "spectral_complexity": {
        "dmean": 3.91021680832,
        "dmean2": 5.87683963776,
        "dvar": 16.6854515076,
        "dvar2": 35.3288459778,
        "max": 55,
        "mean": 18.498840332,
        "median": 18,
        "min": 1,
        "var": 90.3629226685
    },
    "spectral_decrease": {
        "dmean": 3.39823680306e-09,
        "dmean2": 5.46799538981e-09,
        "dvar": 1.91548278846e-17,
        "dvar2": 4.83135946411e-17,
        "max": -5.52666468145e-10,
        "mean": -1.11441078587e-08,
        "median": -1.05153530328e-08,
        "min": -4.06553368748e-08,
        "var": 2.77114753085e-17
    },
    "spectral_energy": {
        "dmean": 0.0131950322539,
        "dmean2": 0.0212421230972,
        "dvar": 0.000285489717498,
        "dvar2": 0.000717345566954,
        "max": 0.156209051609,
        "mean": 0.0445212610066,
        "median": 0.0421976186335,
        "min": 0.00212919316255,
        "var": 0.000418297975557
    },
    "spectral_energyband_high": {
        "dmean": 0.000610662857071,
        "dmean2": 0.000888117705472,
        "dvar": 8.04591593351e-07,
        "dvar2": 1.58332363753e-06,
        "max": 0.0163111481816,
        "mean": 0.00161912967451,
        "median": 0.00114560173824,
        "min": 3.30015654981e-06,
        "var": 3.36764833264e-06
    },
    "spectral_energyband_low": {
        "dmean": 0.00975306238979,
        "dmean2": 0.0160431861877,
        "dvar": 0.000209789592191,
        "dvar2": 0.000540866516531,
        "max": 0.128808513284,
        "mean": 0.0240752305835,
        "median": 0.0219864677638,
        "min": 0.000240304711042,
        "var": 0.000295450852718
    },
    "spectral_energyband_middle_high": {
        "dmean": 0.00171149335802,
        "dmean2": 0.00238899118267,
        "dvar": 7.1867079896e-06,
        "dvar2": 1.32612412926e-05,
        "max": 0.04817456007,
        "mean": 0.00499448552728,
        "median": 0.00323961512186,
        "min": 2.75064212474e-06,
        "var": 3.25528526446e-05
    },
    "spectral_energyband_middle_low": {
        "dmean": 0.00696754222736,
        "dmean2": 0.0110981026664,
        "dvar": 7.75990411057e-05,
        "dvar2": 0.000187269950402,
        "max": 0.0871118456125,
        "mean": 0.015854395926,
        "median": 0.0118216956034,
        "min": 0.000128655345179,
        "var": 0.000152023902046
    },
    "spectral_entropy": {
        "dmean": 0.199949204922,
        "dmean2": 0.284752339125,
        "dvar": 0.0618853010237,
        "dvar2": 0.124832399189,
        "max": 8.61961078644,
        "mean": 7.58571910858,
        "median": 7.76030254364,
        "min": 5.48807287216,
        "var": 0.281390815973
    },
    "spectral_flux": {
        "dmean": 0.0314685367048,
        "dmean2": 0.0491912253201,
        "dvar": 0.00131426239386,
        "dvar2": 0.0026832560543,
        "max": 0.348412722349,
        "mean": 0.103274516761,
        "median": 0.0914969444275,
        "min": 0.0119080487639,
        "var": 0.00259307119995
    },
    "spectral_kurtosis": {
        "dmean": 0.955266594887,
        "dmean2": 1.4673910141,
        "dvar": 1.53740477562,
        "dvar2": 3.47168660164,
        "max": 16.0623855591,
        "mean": 2.83598923683,
        "median": 2.4261469841,
        "min": -0.954131603241,
        "var": 3.14930057526
    },
    "spectral_rms": {
        "dmean": 0.00095705804415,
        "dmean2": 0.00151390291285,
        "dvar": 1.20573372442e-06,
        "dvar2": 2.85827923108e-06,
        "max": 0.0123450020328,
        "mean": 0.00642114505172,
        "median": 0.00641626119614,
        "min": 0.00144127081148,
        "var": 2.2042368073e-06
    },
    "spectral_rolloff": {
        "dmean": 404.080047607,
        "dmean2": 655.987731934,
        "dvar": 785104.1875,
        "dvar2": 1612239.625,
        "max": 12166.2597656,
        "mean": 1016.5894165,
        "median": 624.462890625,
        "min": 86.1328125,
        "var": 1762606.75
    },
    "spectral_skewness": {
        "dmean": 0.188023075461,
        "dmean2": 0.273380428553,
        "dvar": 0.0467817187309,
        "dvar2": 0.0998435392976,
        "max": 3.39748835564,
        "mean": 1.43817186356,
        "median": 1.40012538433,
        "min": 0.105832159519,
        "var": 0.164711534977
    },
    "spectral_spread": {
        "dmean": 737690.4375,
        "dmean2": 1094337.25,
        "dvar": 713497378816,
        "dvar2": 1.51044148429e+12,
        "max": 11806524,
        "mean": 6171588,
        "median": 6019778.5,
        "min": 3103764.75,
        "var": 1.52585895936e+12
    },
    "spectral_strongpeak": {
        "dmean": 0.40837007761,
        "dmean2": 0.69056302309,
        "dvar": 0.62185972929,
        "dvar2": 1.52850496769,
        "max": 10.3962850571,
        "mean": 0.78524440527,
        "median": 0.540104091167,
        "min": 0.0474102497101,
        "var": 0.95094281435
    },
    "zerocrossingrate": {
        "dmean": 0.0113052986562,
        "dmean2": 0.0129369944334,
        "dvar": 0.00018310334417,
        "dvar2": 0.00020923827833,
        "max": 0.34033203125,
        "mean": 0.0573551096022,
        "median": 0.052734375,
        "min": 0.00341796875,
        "var": 0.00136867898982
    },
    "barkbands": {
        "dmean": [0.000363167084288, 0.00638964958489, 0.0048566213809, 0.00263341190293, 0.00279345246963, 0.00120915833395, 0.000906042347196, 0.00145805068314, 0.00127868447453, 0.000698728777934, 0.000630806491245, 0.000175661669346, 0.000188558929949, 0.000440084608272, 0.000178379894351, 0.00012028853962, 0.000156211768626, 0.000240961031523, 0.000108793225081, 0.000217113731196, 0.000136524249683, 0.000126040918985, 0.000141312149935, 9.92707136902e-05, 0.000129248248413, 4.82282084704e-05, 1.01211474757e-08],
        "dmean2": [0.000507638847921, 0.0103169074282, 0.00850706361234, 0.00448999926448, 0.0044581159018, 0.00200956617482, 0.00144458154682, 0.00223687919788, 0.00200041453354, 0.00107061711606, 0.000866099551786, 0.000268194911769, 0.000289814634016, 0.000674823357258, 0.000275807164144, 0.000197159999516, 0.000255585211562, 0.000378686323529, 0.000172882413608, 0.000349711597664, 0.000220807021833, 0.000191003389773, 0.000206736789551, 0.000146484628203, 0.000194331849343, 7.30046012904e-05, 1.82135853066e-08],
        "dvar": [5.92821095324e-07, 0.000119150456158, 4.73721847811e-05, 1.43954011946e-05, 1.47670552906e-05, 8.54901009006e-06, 2.98026020573e-06, 1.05316858026e-05, 1.37036722663e-05, 2.97313158626e-06, 2.80192989521e-06, 7.48818038687e-08, 1.30551498501e-07, 7.99352392278e-07, 9.00012580018e-08, 4.09248706035e-08, 6.11258670347e-08, 1.28008437628e-07, 2.30618280028e-08, 1.40219484024e-07, 5.06893833574e-08, 8.59470716819e-08, 9.96015288024e-08, 3.90368128933e-08, 3.31609761872e-08, 6.09894534875e-09, 3.67307367247e-15],
        "dvar2": [1.06475874873e-06, 0.000299268576782, 0.000141828277265, 4.0210019506e-05, 3.28727146552e-05, 2.24700379476e-05, 7.26264624973e-06, 2.35185871134e-05, 3.31424816977e-05, 6.57609325572e-06, 4.62220305053e-06, 1.60188136533e-07, 2.63307327941e-07, 1.48499032093e-06, 1.95839831463e-07, 1.00120288948e-07, 1.48301339209e-07, 3.05476987705e-07, 5.58143256058e-08, 3.09414105004e-07, 1.16534927486e-07, 1.9033792853e-07, 1.74458890001e-07, 7.81553097795e-08, 7.1688837977e-08, 1.44821949988e-08, 6.66407448769e-15],
        "max": [0.0052656470798, 0.0930773168802, 0.057372353971, 0.0292813647538, 0.038448382169, 0.0502567701042, 0.0244628898799, 0.0452618077397, 0.0533016547561, 0.0268200431019, 0.0421616472304, 0.00329593056813, 0.00675753550604, 0.0118725122884, 0.00521658826619, 0.00253474502824, 0.00330841890536, 0.0035269013606, 0.00222752150148, 0.00510124955326, 0.0029420692008, 0.0069567328319, 0.00777682289481, 0.00494193984196, 0.00264335144311, 0.00124503974803, 1.65622805071e-06],
        "mean": [0.000553125864826, 0.0127326129004, 0.00900941807777, 0.00346188270487, 0.00513652618974, 0.00173858879134, 0.00141278235242, 0.00191739597358, 0.00175912526902, 0.00100828392897, 0.0012283771066, 0.000281406828435, 0.00029462238308, 0.000737322145142, 0.000304991874145, 0.000204716372536, 0.000281536136754, 0.000443392695161, 0.000207227276405, 0.000427266786573, 0.000262547895545, 0.000254476093687, 0.000298225815641, 0.000219679655856, 0.00026171663194, 8.40413194965e-05, 6.4823240109e-09],
        "median": [6.3233092078e-05, 0.0088294474408, 0.00617939559743, 0.00179145368747, 0.00259430217557, 0.000800921174232, 0.000632005278021, 0.000547299219761, 0.000446793448646, 0.000297308724839, 0.00017262865731, 0.000152575434186, 0.000142015895108, 0.000219415145693, 0.000155354529852, 0.000135053312988, 0.000183601747267, 0.000213345163502, 0.000145021636854, 0.000247427320573, 0.000152605935, 0.000132437460707, 0.000172652085894, 0.000126162849483, 0.000166856480064, 4.84269039589e-05, 6.04925054493e-10],
        "min": [1.60313700093e-08, 8.30386306916e-06, 5.91412790527e-05, 6.86918656356e-06, 5.55706174055e-06, 1.35941500048e-05, 3.08808375848e-06, 1.12013321996e-06, 1.22057613794e-07, 2.03735002202e-08, 1.69610657963e-07, 1.19627244999e-07, 1.07143158345e-07, 1.32350919557e-07, 9.19107918662e-08, 6.90465427056e-08, 1.05357628399e-07, 1.73796337322e-07, 1.31351029609e-07, 2.80638573713e-07, 6.00025884978e-07, 7.10807739779e-07, 5.39403743005e-07, 1.76286874876e-07, 1.78427399078e-07, 5.64091529043e-08, 1.24925278455e-11],
        "var": [1.21370999295e-06, 0.00017475723871, 6.83576145093e-05, 1.7487705918e-05, 3.92943220504e-05, 1.08168405859e-05, 5.27934571437e-06, 1.71279443748e-05, 2.22066591959e-05, 4.65999619337e-06, 1.07411015051e-05, 1.58913252335e-07, 2.49306935984e-07, 2.16852890844e-06, 2.04642589097e-07, 6.65342057005e-08, 1.32310702838e-07, 3.20741207815e-07, 4.67601779519e-08, 3.36732398409e-07, 1.1841562042e-07, 2.35107208368e-07, 3.08179721742e-07, 1.38351992973e-07, 8.78891626144e-08, 1.15056906225e-08, 2.96367913223e-15]
    },
    "erbbands": {
        "dmean": [0.141518205404, 1.62524580956, 5.20668554306, 6.96003723145, 9.19698619843, 10.8620014191, 9.06313705444, 10.2159147263, 11.3541908264, 20.2006454468, 33.4695739746, 29.8068580627, 19.4322128296, 20.0339813232, 20.3455944061, 6.64708662033, 8.34838867188, 19.5720062256, 14.6149196625, 6.39106416702, 6.22963142395, 8.04483032227, 13.415353775, 6.6042675972, 6.11989212036, 10.7085762024, 6.51002025604, 5.25543212891, 4.37969923019, 4.44187307358, 3.91441392899, 2.35518932343, 1.68750607967, 1.58669149876, 0.882721960545, 0.32057517767, 0.0656306669116, 0.00435626972467, 8.98986909306e-05, 1.79169273906e-05],
        "dmean2": [0.224338904023, 2.65782237053, 9.06866455078, 11.8324670792, 15.4528694153, 17.2075328827, 15.2306928635, 16.8315944672, 17.9386463165, 32.7306900024, 52.7311553955, 46.2523918152, 29.7409706116, 30.0671653748, 28.7331409454, 10.2313079834, 12.757024765, 30.0245666504, 22.2476978302, 10.3381233215, 10.0040493011, 12.907705307, 21.0795555115, 10.2630596161, 9.39882183075, 16.8885746002, 10.3592891693, 8.27933216095, 6.6483745575, 6.88224363327, 5.76456737518, 3.44967412949, 2.52918672562, 2.34383010864, 1.36736786366, 0.482960045338, 0.101179234684, 0.00702433288097, 0.000139251205837, 2.85103706119e-05],
        "dvar": [0.0741861090064, 7.50337409973, 54.7409858704, 92.8774642944, 147.827407837, 269.565582275, 346.73828125, 739.634094238, 527.689453125, 1446.05639648, 8889.69921875, 8033.95410156, 1656.28198242, 3904.78955078, 2171.99511719, 111.188179016, 284.553436279, 1546.07250977, 850.584472656, 101.146903992, 94.9226303101, 162.696578979, 414.989440918, 98.0831222534, 106.177642822, 328.367828369, 105.773399353, 94.8609619141, 131.978637695, 52.0476722717, 100.831192017, 44.0970306396, 6.55100107193, 4.90345525742, 1.668171525, 0.251371592283, 0.0120997559279, 6.23786399956e-05, 2.34020873791e-08, 5.00367858258e-10],
        "dvar2": [0.156807363033, 19.4307250977, 162.463348389, 268.699462891, 398.744506836, 585.13269043, 924.059265137, 1887.54956055, 1300.89501953, 3359.66064453, 21321.5722656, 19250.3867188, 3791.50341797, 7039.97265625, 3874.23510742, 230.010040283, 562.245056152, 3004.61865234, 1642.7286377, 248.056640625, 224.807174683, 383.970306396, 971.603820801, 227.045700073, 221.619506836, 749.550231934, 247.094192505, 229.257888794, 277.51361084, 114.671157837, 165.671325684, 74.5694274902, 14.3355512619, 10.0040006638, 3.73787617683, 0.585989356041, 0.0283440127969, 0.000151105996338, 5.49529026728e-08, 1.20842869045e-09],
        "max": [2.15063595772, 22.6979446411, 70.279335022, 67.191986084, 120.644012451, 191.877975464, 224.473495483, 478.415313721, 376.144439697, 436.009063721, 1319.00939941, 1616.12072754, 673.86907959, 1704.89526367, 1094.92602539, 153.263427734, 379.376617432, 617.76184082, 504.688873291, 121.282913208, 159.197158813, 196.244491577, 225.194152832, 159.237945557, 232.353820801, 241.133789062, 142.258346558, 222.342926025, 274.766845703, 121.978172302, 247.793746948, 200.993377686, 50.2858695984, 35.414390564, 16.9398956299, 8.10139942169, 1.43868255615, 0.110689923167, 0.00227851164527, 0.000206021795748],
        "mean": [0.221674501896, 3.32743501663, 10.7561426163, 11.0922260284, 13.3755979538, 20.0949668884, 13.3446455002, 14.4976854324, 18.4638824463, 29.2408676147, 48.2360076904, 41.7560501099, 30.4953632355, 35.2290306091, 39.9707183838, 12.7387676239, 14.6510162354, 32.8747596741, 25.2029895782, 12.6024656296, 11.6099796295, 16.4606819153, 25.1360607147, 13.6950464249, 12.0938568115, 20.7576694489, 13.1277170181, 9.59866523743, 8.63146209717, 9.58182048798, 8.21029663086, 4.86676311493, 3.68822097778, 3.19568228722, 1.6806910038, 0.571572124958, 0.112951599061, 0.00622813263908, 0.00017404773098, 6.43762396066e-05],
        "median": [0.105441838503, 2.43368768692, 9.18470287323, 7.29540300369, 8.36366081238, 7.91425418854, 6.8722782135, 6.39264392853, 8.44777202606, 14.1182489395, 13.1147603989, 12.4077167511, 10.4742965698, 10.97884655, 8.89645290375, 8.53434276581, 7.92196273804, 11.0938587189, 10.9028940201, 9.07461071014, 7.8176484108, 11.2121458054, 12.4801063538, 9.32321739197, 8.2582950592, 11.9429349899, 8.6880903244, 5.1467165947, 4.15490198135, 6.04806518555, 4.5365858078, 2.42329859734, 2.32418560982, 2.0333032608, 0.996908068657, 0.345310926437, 0.0608266629279, 0.00310536636971, 0.000109333930595, 5.95641395194e-05],
        "min": [0.000369692657841, 0.00790591817349, 0.0554899424314, 0.0814221873879, 0.0873845145106, 0.0196838919073, 0.0299066826701, 0.101538263261, 0.0926682576537, 0.0543032996356, 0.0221664328128, 0.0104055386037, 0.00861344113946, 0.00488118641078, 0.00728152273223, 0.00537956831977, 0.0065030772239, 0.00691968202591, 0.00668012630194, 0.00717657012865, 0.00453444896266, 0.00583207560703, 0.00759276980534, 0.0068301288411, 0.00766849843785, 0.0179716683924, 0.0202635787427, 0.0167982000858, 0.0219186618924, 0.021849386394, 0.0160061381757, 0.00427838414907, 0.00418036291376, 0.00061153905699, 0.00217043887824, 0.000648990273476, 6.75989795127e-05, 3.6950248159e-06, 2.9198449738e-06, 2.47460843639e-06],
        "var": [0.114884234965, 10.5283555984, 69.0193939209, 128.274200439, 197.573059082, 829.582092285, 483.201721191, 916.942687988, 958.163208008, 2122.8046875, 14339.6767578, 12148.0800781, 3347.33520508, 9160.1171875, 7261.14160156, 254.836395264, 594.014709473, 3756.15771484, 2037.31628418, 196.986328125, 196.153533936, 412.924163818, 1008.90185547, 231.061538696, 272.066436768, 741.086181641, 253.432296753, 215.627288818, 357.654907227, 163.47668457, 304.83984375, 145.858825684, 25.072479248, 14.4558620453, 3.90942621231, 0.500800251961, 0.0224245209247, 9.51925758272e-05, 4.31298516901e-08, 9.06120511956e-10]
    },
    "gfcc": {
        "mean": [33.3495941162, 80.0873260498, -85.0957641602, 47.3152503967, -62.628238678, 25.1491146088, -39.9164276123, 19.1763744354, -28.3122272491, 7.29617261887, -21.3939418793, -3.54963731766, -16.3501777649],
        "cov": [[4028.27905273, -752.874572754, -1489.84765625, -435.531433105, -210.927322388, 120.170204163, -222.645172119, 179.243270874, -401.781555176, -159.438293457, -177.440917969, 69.2544937134, 94.4948806763], [-752.874572754, 591.90423584, 172.956558228, -49.3029327393, 88.3715133667, -82.5417480469, 102.409454346, 18.1590232849, 78.256980896, 7.36420965195, 92.5838012695, -72.1368637085, -6.58642864227], [-1489.84765625, 172.956558228, 975.741577148, 310.634338379, 76.5718612671, -35.8911743164, 58.5256881714, -62.1881599426, 225.935424805, 150.464279175, 44.557964325, 38.2599906921, -53.3159751892], [-435.531433105, -49.3029327393, 310.634338379, 328.622589111, 52.7610778809, -30.5448913574, -19.2047958374, -51.6666374207, 85.7964553833, 12.5886611938, -1.16563546658, 36.4934158325, 26.4235858917], [-210.927322388, 88.3715133667, 76.5718612671, 52.7610778809, 164.890411377, 47.8795852661, 40.022480011, 34.3259811401, 21.4563713074, 8.71158409119, 16.4779415131, -0.519028306007, 14.0840902328], [120.170204163, -82.5417480469, -35.8911743164, -30.5448913574, 47.8795852661, 197.318649292, 53.5566902161, 5.9566988945, -19.7683544159, 8.42539215088, -0.301748365164, -1.91993117332, 13.4401760101], [-222.645172119, 102.409454346, 58.5256881714, -19.2047958374, 40.022480011, 53.5566902161, 140.257095337, 45.6352767944, 18.4395675659, 23.6012554169, 35.3562393188, -19.2869167328, -4.88434648514], [179.243270874, 18.1590232849, -62.1881599426, -51.6666374207, 34.3259811401, 5.9566988945, 45.6352767944, 134.534881592, 27.8534221649, 14.0736885071, 8.7531747818, -2.51721453667, 11.5463829041], [-401.781555176, 78.256980896, 225.935424805, 85.7964553833, 21.4563713074, -19.7683544159, 18.4395675659, 27.8534221649, 140.331970215, 64.20362854, 16.4220905304, -0.824348270893, -4.50179386139], [-159.438293457, 7.36420965195, 150.464279175, 12.5886611938, 8.71158409119, 8.42539215088, 23.6012554169, 14.0736885071, 64.20362854, 107.106254578, 28.7720832825, 10.357673645, -14.773308754], [-177.440917969, 92.5838012695, 44.557964325, -1.16563546658, 16.4779415131, -0.301748365164, 35.3562393188, 8.7531747818, 16.4220905304, 28.7720832825, 82.8113327026, 8.76790332794, -0.903999626637], [69.2544937134, -72.1368637085, 38.2599906921, 36.4934158325, -0.519028306007, -1.91993117332, -19.2869167328, -2.51721453667, -0.824348270893, 10.357673645, 8.76790332794, 75.8262863159, 19.3283958435], [94.4948806763, -6.58642864227, -53.3159751892, 26.4235858917, 14.0840902328, 13.4401760101, -4.88434648514, 11.5463829041, -4.50179386139, -14.773308754, -0.903999626637, 19.3283958435, 60.8460426331]],
        "icov": [[0.00125442084391, -0.000287700415356, 0.00164573977236, -0.000980645185336, 0.00134109193459, -0.00117630173918, 0.00167552242056, -0.00258499314077, 0.00234192912467, -0.00200221966952, 0.00179810833652, -0.0015365636209, 0.000665058672894], [-0.000287700415356, 0.00593722704798, -0.00183710595593, 0.00447665341198, -0.00409954041243, 0.00452497554943, -0.00340013275854, 0.00374574586749, -0.00447543850169, 0.00452718418092, -0.00559334876016, 0.00514294393361, -0.00444741593674], [0.00164573977236, -0.00183710595593, 0.00554043520242, -0.00397964892909, 0.00187252368778, -0.00217724894173, 0.00134010822512, -0.00216241972521, 0.000972108566202, -0.00526372063905, 0.00402204878628, -0.00486119184643, 0.00479157688096], [-0.000980645185336, 0.00447665341198, -0.00397964892909, 0.0103167304769, -0.00549058616161, 0.00479876575992, -0.00315073924139, 0.00687602162361, -0.00746622914448, 0.0068320450373, -0.00438564270735, 0.00304439268075, -0.00723249930888], [0.00134109193459, -0.00409954041243, 0.00187252368778, -0.00549058616161, 0.0122261652723, -0.0061046583578, 0.00354920839891, -0.00792166870087, 0.00635595200583, -0.00414981646463, 0.00379162817262, -0.00326259387657, 0.00236069876701], [-0.00117630173918, 0.00452497554943, -0.00217724894173, 0.00479876575992, -0.0061046583578, 0.0109955407679, -0.00685560423881, 0.00654923729599, -0.00441700592637, 0.00316916708834, -0.00357942748815, 0.004194826819, -0.00542703922838], [0.00167552242056, -0.00340013275854, 0.00134010822512, -0.00315073924139, 0.00354920839891, -0.00685560423881, 0.0157749205828, -0.00955679174513, 0.00690536620095, -0.00457385880873, 0.000471568695502, -0.000473514955956, 0.0029027981218], [-0.00258499314077, 0.00374574586749, -0.00216241972521, 0.00687602162361, -0.00792166870087, 0.00654923729599, -0.00955679174513, 0.0198802109808, -0.0130286663771, 0.00581604242325, -0.0046958248131, 0.00297429808415, -0.00517997797579], [0.00234192912467, -0.00447543850169, 0.000972108566202, -0.00746622914448, 0.00635595200583, -0.00441700592637, 0.00690536620095, -0.0130286663771, 0.0245445147157, -0.0127110518515, 0.0062352353707, -0.00119054212701, 0.00170436187182], [-0.00200221966952, 0.00452718418092, -0.00526372063905, 0.0068320450373, -0.00414981646463, 0.00316916708834, -0.00457385880873, 0.00581604242325, -0.0127110518515, 0.0227483492345, -0.00995842181146, 0.00291982968338, -0.00168268242851], [0.00179810833652, -0.00559334876016, 0.00402204878628, -0.00438564270735, 0.00379162817262, -0.00357942748815, 0.000471568695502, -0.0046958248131, 0.0062352353707, -0.00995842181146, 0.0227323770523, -0.00925212167203, 0.00419305637479], [-0.0015365636209, 0.00514294393361, -0.00486119184643, 0.00304439268075, -0.00326259387657, 0.004194826819, -0.000473514955956, 0.00297429808415, -0.00119054212701, 0.00291982968338, -0.00925212167203, 0.0238715913147, -0.0105121573433], [0.000665058672894, -0.00444741593674, 0.00479157688096, -0.00723249930888, 0.00236069876701, -0.00542703922838, 0.0029027981218, -0.00517997797579, 0.00170436187182, -0.00168268242851, 0.00419305637479, -0.0105121573433, 0.0272475704551]]
    },
    "melbands": {
        "dmean": [0.00151572166942, 0.0023907138966, 0.00123876822181, 0.000723420525901, 0.000349718291545, 0.000230280071264, 0.000173659253051, 0.000233200698858, 0.000295194331557, 0.000168331549503, 9.8042008176e-05, 8.46980183269e-05, 8.26795439934e-05, 2.39259588852e-05, 1.99653659365e-05, 1.87374625966e-05, 4.30315012636e-05, 2.86296399281e-05, 1.1404763427e-05, 8.95230095921e-06, 7.7214808698e-06, 8.41899691295e-06, 1.34103011078e-05, 1.19252536024e-05, 5.47584613741e-06, 4.03214971811e-06, 6.47202205073e-06, 7.99490953796e-06, 4.82366476717e-06, 3.52938718606e-06, 3.21514971802e-06, 2.85178361992e-06, 2.51503956861e-06, 2.81890629594e-06, 2.61717536887e-06, 2.07255288842e-06, 1.40664997161e-06, 1.25246219795e-06, 1.46470733853e-06, 1.47406080941e-06],
        "dmean2": [0.0023908263538, 0.00406088493764, 0.00211983150803, 0.00114059343468, 0.000584804918617, 0.000379132601665, 0.000274512800388, 0.000374252296751, 0.000466105935629, 0.000263189780526, 0.000149723011418, 0.000129081585328, 0.000113564994535, 3.65113482985e-05, 3.10096693283e-05, 2.8894364732e-05, 6.55155090499e-05, 4.41490483354e-05, 1.78484860953e-05, 1.46762067743e-05, 1.24629295897e-05, 1.36263743116e-05, 2.12833892874e-05, 1.873722249e-05, 8.62239994603e-06, 6.44515603199e-06, 1.00704182842e-05, 1.27581515699e-05, 7.76113392931e-06, 5.70395513932e-06, 5.13870645591e-06, 4.49871185992e-06, 3.86199872082e-06, 4.41142810814e-06, 4.06530307373e-06, 3.04488844449e-06, 2.13868952414e-06, 1.90453783944e-06, 2.24237555813e-06, 2.2000365334e-06],
        "dvar": [7.35147386877e-06, 1.19741016533e-05, 2.89106765194e-06, 1.04423656921e-06, 3.80720365456e-07, 3.36110304033e-07, 1.16739485634e-07, 1.90576159298e-07, 7.6036263863e-07, 2.57665618619e-07, 4.62249261091e-08, 6.79150744531e-08, 4.53552821966e-08, 1.48341861017e-09, 9.86336123887e-10, 1.4682636218e-09, 7.90102117065e-09, 4.21459667166e-09, 3.59287155582e-10, 2.85271001266e-10, 1.71312450337e-10, 1.93512775248e-10, 4.9717968631e-10, 3.59313745424e-10, 7.46894282533e-11, 2.9048905642e-11, 2.00724784016e-10, 1.83922641006e-10, 5.99879798613e-11, 3.93826637968e-11, 5.30931444642e-11, 7.91740006889e-11, 1.99736616135e-11, 2.15763448774e-11, 3.58717881788e-11, 5.75602517039e-11, 1.18393333332e-11, 3.78513843532e-12, 5.22929529539e-12, 4.56674845509e-12],
        "dvar2": [1.72699001268e-05, 3.35576442012e-05, 8.33248668641e-06, 2.32394904742e-06, 1.03306740584e-06, 8.6252418896e-07, 2.87599590365e-07, 4.18422786197e-07, 1.86666136415e-06, 6.18803994712e-07, 1.05458632049e-07, 1.28656338916e-07, 7.55007718567e-08, 3.13412340525e-09, 2.07874761848e-09, 3.26437188392e-09, 1.509294556e-08, 7.98760613208e-09, 8.29725843587e-10, 7.16284420665e-10, 4.07515743372e-10, 4.61643417937e-10, 1.20529786152e-09, 8.25236878832e-10, 1.82423604e-10, 7.11915804086e-11, 3.93740484661e-10, 4.3743572653e-10, 1.44482217856e-10, 8.7939100446e-11, 1.42174008677e-10, 1.81160628165e-10, 4.31713553795e-11, 5.19138274035e-11, 6.47300615886e-11, 1.14513343252e-10, 2.26168094669e-11, 8.93468198732e-12, 1.18567716409e-11, 9.66038707362e-12],
        "max": [0.0229939110577, 0.0338213033974, 0.0124656921253, 0.0106492517516, 0.00651935301721, 0.0101049570367, 0.00541212176904, 0.00458267470822, 0.0135293155909, 0.00939790997654, 0.00371597870253, 0.00643032649532, 0.00569609645754, 0.000627196801361, 0.000384787970688, 0.000664723920636, 0.00137941015419, 0.00114796217531, 0.000319728860632, 0.000235757252085, 0.000251143675996, 0.000223237104365, 0.000253201578744, 0.000243206726736, 0.000148540479131, 6.49604262435e-05, 0.000295539095532, 0.00017886547721, 0.000112385008833, 7.81187554821e-05, 0.000187449564692, 0.000196321605472, 8.61698499648e-05, 5.90198760619e-05, 0.000132642904646, 0.000222322181799, 8.49250573083e-05, 3.40199985658e-05, 3.88292573916e-05, 3.23101157846e-05],
        "mean": [0.00277867051773, 0.00547029124573, 0.00201724143699, 0.00127946748398, 0.000545904913452, 0.000329839385813, 0.000282905501081, 0.000327501998981, 0.000431473861681, 0.000229642202612, 0.000145660713315, 0.000136322283652, 0.000162148586242, 4.08556043112e-05, 3.25597611663e-05, 2.88524261123e-05, 6.86266939738e-05, 4.57235546492e-05, 2.0098832465e-05, 1.48887265823e-05, 1.32495524667e-05, 1.53389282787e-05, 2.32898837567e-05, 2.0702738766e-05, 9.9542485259e-06, 7.4435802162e-06, 1.13174992293e-05, 1.45428348333e-05, 8.87561327545e-06, 6.1933201323e-06, 5.32561807631e-06, 4.91207674713e-06, 4.89424473926e-06, 5.55299811822e-06, 5.11249982083e-06, 3.67060488315e-06, 2.67448194791e-06, 2.48066817221e-06, 2.71754606729e-06, 2.73076466328e-06],
        "median": [0.00176046416163, 0.00531292287633, 0.00142114935443, 0.000617684214376, 0.000296990794595, 0.000147676604684, 0.00012777383381, 0.000144761390402, 0.000103557416878, 6.83711405145e-05, 3.94729613618e-05, 4.03850499424e-05, 2.67696887022e-05, 1.93350097106e-05, 1.7198641217e-05, 1.29954260046e-05, 1.96333076019e-05, 1.60231975315e-05, 1.17518948173e-05, 1.04827140603e-05, 8.20593686512e-06, 1.00609531728e-05, 1.17042718557e-05, 9.96092148853e-06, 6.23932874078e-06, 5.2135264923e-06, 6.35771630186e-06, 7.79548281571e-06, 5.52505389351e-06, 3.37555434271e-06, 2.67611221716e-06, 2.12437589653e-06, 2.59099033428e-06, 3.63088020094e-06, 2.95186941912e-06, 1.53405983383e-06, 1.35704124204e-06, 1.50005803334e-06, 1.6770112552e-06, 1.6836153236e-06],
        "min": [2.9728496429e-06, 3.62117680197e-05, 1.45508374771e-05, 1.88647879895e-06, 8.8278397925e-07, 2.07398693419e-06, 1.14490705982e-06, 4.5965586537e-07, 1.41417217492e-07, 4.7195566566e-08, 1.68399409972e-08, 1.38088891433e-08, 2.19705960092e-08, 1.32561464028e-08, 1.29169457352e-08, 1.03274810925e-08, 1.04299431314e-08, 1.03229957915e-08, 5.27874455258e-09, 7.33896232674e-09, 4.00663457967e-09, 6.08554584502e-09, 2.92941226832e-09, 9.169857762e-09, 2.83928791589e-09, 3.76516684497e-09, 3.91635035513e-09, 9.17149378665e-09, 8.47122372249e-09, 4.2804870759e-09, 9.91773152492e-09, 1.34348754344e-08, 9.11569930651e-09, 9.93606263933e-09, 8.5551299378e-09, 2.60539168018e-09, 2.495933904e-09, 3.36166716686e-09, 6.83519185696e-10, 2.43351535754e-13],
