{
"highlevel": {
    "danceability": {
        "all": {
            "danceable": 0.0401262752712,
            "not_danceable": 0.959873735905
        },
        "probability": 0.959873735905,
        "value": "not_danceable"
    },
    "gender": {
        "all": {
            "female": 0.188459739089,
            "male": 0.81154024601
        },
        "probability": 0.81154024601,
        "value": "male"
    },
    "genre_dortmund": {
        "all": {
            "alternative": 0.04164795205,
            "blues": 0.0331768132746,
            "electronic": 0.000305494497297,
            "folkcountry": 0.806157469749,
            "funksoulrnb": 0.00183551991358,
            "jazz": 0.0133527936414,
            "pop": 0.0589867457747,
            "raphiphop": 0.000282017805148,
            "rock": 0.0442552156746
        },
        "probability": 0.806157469749,
        "value": "folkcountry"
    },
    "genre_electronic": {
        "all": {
            "ambient": 0.934538602829,
            "dnb": 0.0271091759205,
            "house": 0.0295580327511,
            "techno": 0.00558341946453,
            "trance": 0.00321078579873
        },
        "probability": 0.934538602829,
        "value": "ambient"
    },
    "genre_rosamerica": {
        "all": {
            "cla": 0.266221404076,
            "dan": 0.00722051598132,
            "hip": 0.00902567058802,
            "jaz": 0.196194112301,
            "pop": 0.103574879467,
            "rhy": 0.244732782245,
            "roc": 0.0311410501599,
            "spe": 0.141889572144
        },
        "probability": 0.266221404076,
        "value": "cla"
    },
    "genre_tzanetakis": {
        "all": {
            "blu": 0.0626541376114,
            "cla": 0.0348133966327,
            "cou": 0.0783501937985,
            "dis": 0.104547761381,
            "hip": 0.15693578124,
            "jaz": 0.313987255096,
            "met": 0.044816005975,
            "pop": 0.0627349764109,
            "reg": 0.0627352520823,
            "roc": 0.0784252434969
        },
        "probability": 0.313987255096,
        "value": "jaz"
    },
    "ismir04_rhythm": {
        "all": {
            "ChaChaCha": 0.0247015189379,
            "Jive": 0.0141106629744,
            "Quickstep": 0.114626631141,
            "Rumba-American": 0.0288735590875,
            "Rumba-International": 0.185278475285,
            "Rumba-Misc": 0.041907209903,
            "Samba": 0.0181144531816,
            "Tango": 0.103402785957,
            "VienneseWaltz": 0.0875435322523,
            "Waltz": 0.381441175938
        },
        "probability": 0.381441175938,
        "value": "Waltz"
    },
    "mood_acoustic": {
        "all": {
            "acoustic": 0.996778428555,
            "not_acoustic": 0.00322154327296
        },
        "probability": 0.996778428555,
        "value": "acoustic"
    },
    "mood_aggressive": {
        "all": {
            "aggressive": 4.94326013722e-06,
            "not_aggressive": 0.999995052814
        },
        "probability": 0.999995052814,
        "value": "not_aggressive"
    },
    "mood_electronic": {
        "all": {
            "electronic": 0.00366738042794,
            "not_electronic": 0.996332645416
        },
        "probability": 0.996332645416,
        "value": "not_electronic"
    },
    "mood_happy": {
        "all": {
            "happy": 0.148584350944,
            "not_happy": 0.851415634155
        },
        "probability": 0.851415634155,
        "value": "not_happy"
    },
    "mood_party": {
        "all": {
            "not_party": 0.985678553581,
            "party": 0.0143214706331
        },
        "probability": 0.985678553581,
        "value": "not_party"
    },
    "mood_relaxed": {
        "all": {
            "not_relaxed": 0.0356710590422,
            "relaxed": 0.964328944683
        },
        "probability": 0.964328944683,
        "value": "relaxed"
    },
    "mood_sad": {
        "all": {
            "not_sad": 0.0319262705743,
            "sad": 0.9680737257
        },
        "probability": 0.9680737257,
        "value": "sad"
    },
    "moods_mirex": {
        "all": {
            "Cluster1": 0.0544149838388,
            "Cluster2": 0.136023908854,
            "Cluster3": 0.706660449505,
            "Cluster4": 0.0958205759525,
            "Cluster5": 0.00708009209484
        },
        "probability": 0.706660449505,
        "value": "Cluster3"
    },
    "timbre": {
        "all": {
            "bright": 0.995120704174,
            "dark": 0.00487931678072
        },
        "probability": 0.995120704174,
        "value": "bright"
    },
    "tonal_atonal": {
        "all": {
            "atonal": 0.00441081821918,
            "tonal": 0.995589196682
        },
        "probability": 0.995589196682,
        "value": "tonal"
    },
    "voice_instrumental": {
        "all": {
            "instrumental": 3.64770858141e-05,
            "voice": 0.999963521957
        },
        "probability": 0.999963521957,
        "value": "voice"
    }
},
"lowlevel": {
    "average_loudness": 0.963751137257,
    "barkbands_crest": {
        "dmean": 2.53033876419,
        "dmean2": 4.0260219574,
        "dvar": 5.69122505188,
        "dvar2": 14.1911563873,
        "max": 25.1087970734,
        "mean": 12.8765592575,
        "median": 12.3892993927,
        "min": 3.60972166061,
        "var": 17.5591888428
    },
    "barkbands_flatness_db": {
        "dmean": 0.0241546500474,
        "dmean2": 0.0368094332516,
        "dvar": 0.000516176805831,
        "dvar2": 0.00114933948498,
        "max": 0.438375890255,
        "mean": 0.244273781776,
        "median": 0.235471919179,
        "min": 0.0923921689391,
        "var": 0.00409373920411
    },
    "barkbands_kurtosis": {
        "dmean": 9.19028759003,
        "dmean2": 14.1185493469,
        "dvar": 206.678817749,
        "dvar2": 471.563140869,
        "max": 190.470947266,
        "mean": 17.6244087219,
        "median": 8.71413612366,
        "min": -1.80994343758,
        "var": 505.045959473
    },
    "barkbands_skewness": {
        "dmean": 0.810352623463,
        "dmean2": 1.19933605194,
        "dvar": 0.874065458775,
        "dvar2": 1.84108376503,
        "max": 11.1393156052,
        "mean": 2.7835290432,
        "median": 2.31392073631,
        "min": -0.244897559285,
        "var": 3.15428519249
    },
    "barkbands_spread": {
        "dmean": 2.67841815948,
        "dmean2": 3.94317340851,
        "dvar": 32.275806427,
        "dvar2": 57.3632583618,
        "max": 89.3016204834,
        "mean": 9.52368927002,
        "median": 7.20558595657,
        "min": 0.479604125023,
        "var": 103.548118591
    },
    "dissonance": {
        "dmean": 0.0344312489033,
        "dmean2": 0.0584174394608,
        "dvar": 0.000939109071624,
        "dvar2": 0.00263909529895,
        "max": 0.499384254217,
        "mean": 0.405739396811,
        "median": 0.411968499422,
        "min": 0.19639980793,
        "var": 0.00195987988263
    },
    "dynamic_complexity": 2.80817222595,
    "erbbands_crest": {
        "dmean": 2.82908582687,
        "dmean2": 4.47482824326,
        "dvar": 7.27229833603,
        "dvar2": 18.3262462616,
        "max": 29.5925540924,
        "mean": 12.4031133652,
        "median": 11.6218442917,
        "min": 3.35789299011,
        "var": 21.8906421661
    },
    "erbbands_flatness_db": {
        "dmean": 0.0185961052775,
        "dmean2": 0.0274873226881,
        "dvar": 0.000370706227841,
        "dvar2": 0.000810593715869,
        "max": 0.378919005394,
        "mean": 0.222656905651,
        "median": 0.2151504457,
        "min": 0.101788654923,
        "var": 0.00196891208179
    },
    "erbbands_kurtosis": {
        "dmean": 2.14828586578,
        "dmean2": 3.33526158333,
        "dvar": 9.5775384903,
        "dvar2": 22.0970363617,
        "max": 34.3698501587,
        "mean": 3.52152752876,
        "median": 1.70647192001,
        "min": -1.84458363056,
        "var": 24.7763900757
    },
    "erbbands_skewness": {
        "dmean": 0.45360019803,
        "dmean2": 0.664748728275,
        "dvar": 0.227217659354,
        "dvar2": 0.45588183403,
        "max": 5.22803688049,
        "mean": 1.38747835159,
        "median": 1.25442671776,
        "min": -1.47597694397,
        "var": 1.1169822216
    },
    "erbbands_spread": {
        "dmean": 6.20637464523,
        "dmean2": 9.06447601318,
        "dvar": 102.2552948,
        "dvar2": 177.744094849,
        "max": 154.114151001,
        "mean": 26.8727226257,
        "median": 22.6319446564,
        "min": 4.63140249252,
        "var": 395.409942627
    },
    "hfc": {
        "dmean": 3.94140744209,
        "dmean2": 5.18145275116,
        "dvar": 26.855556488,
        "dvar2": 45.7200164795,
        "max": 62.4156532288,
        "mean": 14.7610015869,
        "median": 11.7454633713,
        "min": 0.168372005224,
        "var": 151.518341064
    },
    "melbands_crest": {
        "dmean": 3.21814465523,
        "dmean2": 5.17219114304,
        "dvar": 8.55223655701,
        "dvar2": 21.5763015747,
        "max": 31.9598407745,
        "mean": 16.1452255249,
        "median": 15.5878095627,
        "min": 5.30602169037,
        "var": 28.4603729248
    },
    "melbands_flatness_db": {
        "dmean": 0.0269855279475,
        "dmean2": 0.0387717559934,
        "dvar": 0.000734522822313,
        "dvar2": 0.00151125050616,
        "max": 0.53723025322,
        "mean": 0.29919141531,
        "median": 0.290063381195,
        "min": 0.0774325206876,
        "var": 0.00713109178469
    },
    "melbands_kurtosis": {
        "dmean": 12.5076980591,
        "dmean2": 19.5474720001,
        "dvar": 438.338897705,
        "dvar2": 983.570373535,
        "max": 338.866363525,
        "mean": 24.4483661652,
        "median": 14.0552501678,
        "min": -0.135066270828,
        "var": 892.493835449
    },
    "melbands_skewness": {
        "dmean": 0.863796055317,
        "dmean2": 1.31430363655,
        "dvar": 1.10971963406,
        "dvar2": 2.49786162376,
        "max": 14.7343273163,
        "mean": 3.09514570236,
        "median": 2.61712622643,
        "min": 0.419235825539,
        "var": 3.45013570786
    },
    "melbands_spread": {
        "dmean": 2.85340428352,
        "dmean2": 4.16586303711,
        "dvar": 26.6391925812,
        "dvar2": 63.6237411499,
        "max": 94.7598724365,
        "mean": 10.281829834,
        "median": 7.58413648605,
        "min": 0.686095118523,
        "var": 80.1459197998
    },
    "pitch_salience": {
        "dmean": 0.0760140419006,
        "dmean2": 0.124265402555,
        "dvar": 0.00504855485633,
        "dvar2": 0.013100290671,
        "max": 0.797477602959,
        "mean": 0.530667424202,
        "median": 0.538962900639,
        "min": 0.179294288158,
        "var": 0.013191215694
    },
    "silence_rate_20dB": {
        "dmean": 0,
        "dmean2": 0,
        "dvar": 0,
        "dvar2": 0,
        "max": 1,
        "mean": 1,
        "median": 1,
        "min": 1,
        "var": 0
    },
    "silence_rate_30dB": {
        "dmean": 0,
        "dmean2": 0,
        "dvar": 0,
        "dvar2": 0,
        "max": 1,
        "mean": 1,
        "median": 1,
        "min": 1,
        "var": 0
    },
    "silence_rate_60dB": {
        "dmean": 0.0185758508742,
        "dmean2": 0.0371804796159,
        "dvar": 0.0182309150696,
        "dvar2": 0.043543253094,
        "max": 1,
        "mean": 0.0193348806351,
        "median": 0,
        "min": 0,
        "var": 0.0189610477537
    },
    "spectral_centroid": {
        "dmean": 119.141807556,
        "dmean2": 169.69468689,
        "dvar": 29735.0429688,
        "dvar2": 62578.0625,
        "max": 2498.43603516,
        "mean": 652.196228027,
        "median": 568.677856445,
        "min": 195.993927002,
        "var": 146680.828125
    },
    "spectral_complexity": {
        "dmean": 1.69969046116,
        "dmean2": 2.51742839813,
        "dvar": 3.19463253021,
        "dvar2": 6.21097946167,
        "max": 21,
        "mean": 10.7478733063,
        "median": 10,
        "min": 2,
        "var": 23.3888683319
    },
    "spectral_decrease": {
        "dmean": 1.81649995046e-09,
        "dmean2": 2.78447553903e-09,
        "dvar": 4.4619234799e-18,
        "dvar2": 1.06838374948e-17,
        "max": -1.8704823801e-10,
        "mean": -6.40991659751e-09,
        "median": -6.09298522747e-09,
        "min": -2.77434288876e-08,
        "var": 1.66751769818e-17
    },
    "spectral_energy": {
        "dmean": 0.00713704153895,
        "dmean2": 0.0108793182299,
        "dvar": 6.8242654379e-05,
        "dvar2": 0.000161306292284,
        "max": 0.107075557113,
        "mean": 0.0255313552916,
        "median": 0.0241821631789,
        "min": 0.000721235293895,
        "var": 0.000264624628471
    },
    "spectral_energyband_high": {
        "dmean": 0.00010909595585,
        "dmean2": 0.000150199557538,
        "dvar": 7.41809031979e-08,
        "dvar2": 1.441387667e-07,
        "max": 0.00460152793676,
        "mean": 0.000229231125559,
        "median": 6.93889451213e-05,
        "min": 1.90548217205e-08,
        "var": 2.12355459439e-07
    },
    "spectral_energyband_low": {
        "dmean": 0.000556651270017,
        "dmean2": 0.000933506060392,
        "dvar": 7.88200736679e-07,
        "dvar2": 2.08590608963e-06,
        "max": 0.0127714853734,
        "mean": 0.00136836094316,
        "median": 0.000847314717248,
        "min": 2.44847087743e-05,
        "var": 2.11453721022e-06
    },
    "spectral_energyband_middle_high": {
        "dmean": 0.00105110206641,
        "dmean2": 0.00127377500758,
        "dvar": 2.75007300843e-06,
        "dvar2": 4.32435081166e-06,
        "max": 0.0203525312245,
        "mean": 0.00325223081745,
        "median": 0.00141381134745,
        "min": 3.66901417692e-06,
        "var": 1.52133625306e-05
    },
    "spectral_energyband_middle_low": {
        "dmean": 0.00672240369022,
        "dmean2": 0.0104470895603,
        "dvar": 6.26989931334e-05,
        "dvar2": 0.000153696673806,
        "max": 0.105434596539,
        "mean": 0.0214579775929,
        "median": 0.0193652622402,
        "min": 0.000597033067606,
        "var": 0.000211865102756
    },
    "spectral_entropy": {
        "dmean": 0.231186851859,
        "dmean2": 0.342478096485,
        "dvar": 0.0565738454461,
        "dvar2": 0.121046759188,
        "max": 8.53465461731,
        "mean": 6.48247241974,
        "median": 6.59766244888,
        "min": 4.76190471649,
        "var": 0.344656407833
    },
    "spectral_flux": {
        "dmean": 0.0250399354845,
        "dmean2": 0.0400688163936,
        "dvar": 0.000605218694545,
        "dvar2": 0.00141240330413,
        "max": 0.234494745731,
        "mean": 0.0693657919765,
        "median": 0.06173171103,
        "min": 0.00774302100763,
        "var": 0.00150734989438
    },
    "spectral_kurtosis": {
        "dmean": 5.18352985382,
        "dmean2": 8.2517747879,
        "dvar": 64.9146575928,
        "dvar2": 150.301147461,
        "max": 161.540344238,
        "mean": 13.9187059402,
        "median": 8.75042152405,
        "min": -1.03682589531,
        "var": 264.908447266
    },
    "spectral_rms": {
        "dmean": 0.00069600174902,
        "dmean2": 0.00104311178438,
        "dvar": 5.14384339567e-07,
        "dvar2": 1.14584941002e-06,
        "max": 0.0102207614109,
        "mean": 0.00471278652549,
        "median": 0.00485719600692,
        "min": 0.000838835025206,
        "var": 2.69828046839e-06
    },
    "spectral_rolloff": {
        "dmean": 233.197952271,
        "dmean2": 393.16784668,
        "dvar": 525302.3125,
        "dvar2": 1083289.625,
        "max": 10422.0703125,
        "mean": 823.292175293,
        "median": 516.796875,
        "min": 172.265625,
        "var": 1000674
    },
    "spectral_skewness": {
        "dmean": 0.445729643106,
        "dmean2": 0.688807427883,
        "dvar": 0.248057454824,
        "dvar2": 0.553057432175,
        "max": 10.471370697,
        "mean": 2.70228886604,
        "median": 2.39498567581,
        "min": 0.223005726933,
        "var": 1.49799501896
    },
    "spectral_spread": {
        "dmean": 611116.75,
        "dmean2": 890284.4375,
        "dvar": 982106570752,
        "dvar2": 1.52069354291e+12,
        "max": 23307116,
        "mean": 3777242.25,
        "median": 3508125,
        "min": 611744.25,
        "var": 3.64505910477e+12
    },
    "spectral_strongpeak": {
        "dmean": 0.482704043388,
        "dmean2": 0.785695552826,
        "dvar": 0.341528981924,
        "dvar2": 0.708413183689,
        "max": 6.36218833923,
        "mean": 1.2937618494,
        "median": 0.878625452518,
        "min": 0.0359729789197,
        "var": 1.19944810867
    },
    "zerocrossingrate": {
        "dmean": 0.00596972974017,
        "dmean2": 0.00704206712544,
        "dvar": 9.52247719397e-05,
        "dvar2": 9.89659747574e-05,
        "max": 0.23828125,
        "mean": 0.0324444584548,
        "median": 0.02880859375,
        "min": 0.0048828125,
        "var": 0.00057019299129
    },
    "barkbands": {
        "dmean": [4.62203786356e-07, 8.2815051428e-05, 0.000275299942587, 0.001340269926, 0.00421834085137, 0.00135154335294, 0.000841354427394, 0.0017175039975, 0.000580837659072, 0.00027734512696, 0.000126257742522, 0.000213943378185, 0.000155812638695, 0.000288845738396, 0.000153354601935, 0.000122922821902, 0.000182887699339, 8.32008154248e-05, 6.08294067206e-05, 3.95509705413e-05, 6.60305249767e-06, 3.56941745849e-05, 2.67840769084e-05, 3.27184970956e-05, 1.90317387023e-05, 7.1453214332e-06, 1.12517151152e-09],
        "dmean2": [7.80997368111e-07, 0.000118692143587, 0.000471008330351, 0.00225061853416, 0.00680484762415, 0.00210771081038, 0.00115956447553, 0.00247803144157, 0.000795827247202, 0.000356059463229, 0.000168313810718, 0.000297775812214, 0.000223313691095, 0.000396151997847, 0.000225687326747, 0.000172448155354, 0.000258475483861, 0.000119900054415, 8.10319834272e-05, 5.72777680645e-05, 1.09936854642e-05, 5.21147230756e-05, 3.98619486077e-05, 4.66477322334e-05, 2.6507428629e-05, 1.01366422314e-05, 2.08020090042e-09],
        "dvar": [6.2990862526e-12, 1.69385074855e-08, 1.69319079646e-07, 6.82152767695e-06, 3.39417056239e-05, 6.45744603389e-06, 5.00021087646e-06, 2.06839686143e-05, 2.21501477427e-06, 4.75535728128e-07, 2.45824679723e-07, 6.56755617001e-07, 1.31947345494e-07, 5.01204567627e-07, 3.80413098355e-07, 1.33871495223e-07, 1.43724051327e-07, 4.10317078092e-08, 1.72203549198e-08, 8.81384210061e-09, 9.20740095278e-10, 8.48142533982e-09, 4.48241088691e-09, 5.61881030592e-09, 6.31971897036e-09, 3.47087802943e-10, 2.54478186344e-18],
        "dvar2": [7.38360934893e-12, 3.2712474507e-08, 5.45333705304e-07, 1.93730338651e-05, 9.2916568974e-05, 1.57423419296e-05, 8.49163370731e-06, 3.87884210795e-05, 3.58823945135e-06, 7.64112542129e-07, 4.04292194389e-07, 1.21693540223e-06, 2.60373383298e-07, 9.40849702147e-07, 8.47412195526e-07, 2.54960383472e-07, 2.78634558981e-07, 8.46103418439e-08, 3.3864967719e-08, 1.78736954126e-08, 2.47002684972e-09, 1.75760987986e-08, 1.00734300901e-08, 1.20304326501e-08, 1.0891279878e-08, 6.65373978137e-10, 6.95907545649e-18],
        "max": [8.65378679009e-05, 0.0028178091161, 0.00620334874839, 0.036101385951, 0.0843230709434, 0.0337723977864, 0.0478942841291, 0.0643004998565, 0.023393496871, 0.012355459854, 0.0110225835815, 0.0150668621063, 0.00568260718137, 0.0105439089239, 0.0160642135888, 0.00779109075665, 0.00634372094646, 0.00276222638786, 0.0032874753233, 0.0026349069085, 0.000629565503914, 0.00152417458594, 0.000963280675933, 0.0011170086218, 0.00171884149313, 0.000394484581193, 2.58366306127e-08],
        "mean": [4.25357200129e-07, 0.000146961203427, 0.000498360313941, 0.0025340190623, 0.00897042639554, 0.00277158711106, 0.00172680232208, 0.00367492064834, 0.00163555273321, 0.000665795523673, 0.000213209481444, 0.000416142982431, 0.000326002773363, 0.000516003812663, 0.000260868633632, 0.000228581004194, 0.00038926792331, 0.000141722004628, 0.000120547891129, 7.45040088077e-05, 8.79794424691e-06, 6.25903412583e-05, 4.72989850095e-05, 5.66307280678e-05, 3.15804536513e-05, 1.27966013679e-05, 9.11621667044e-10],
        "median": [1.62261713399e-07, 5.84867811995e-05, 0.000337924691848, 0.00137362978421, 0.00606655376032, 0.00154541432858, 0.000269864307484, 0.000280928856228, 8.35635437397e-05, 5.22713417013e-05, 1.49991492435e-05, 6.94595146342e-05, 3.2992578781e-05, 4.11329165217e-05, 3.01070758724e-05, 3.38624740834e-05, 0.000106889834569, 3.52990136889e-05, 3.76391872123e-05, 1.49162142407e-05, 2.32574257097e-06, 1.0067018593e-05, 1.03009506347e-05, 1.17399722512e-05, 5.0719841056e-06, 2.86554700324e-06, 3.52928380964e-10],
        "min": [1.20160992267e-09, 3.63862511676e-07, 3.33577622769e-06, 1.08541880763e-05, 5.38588719792e-05, 2.09360314329e-05, 3.2704865589e-06, 2.4460325676e-06, 2.77504568658e-07, 3.34396133894e-07, 7.05187446215e-08, 2.7237985023e-07, 2.42143897822e-07, 1.36873836709e-07, 1.63574412682e-07, 1.0491661584e-07, 9.16476992074e-08, 4.58878091081e-08, 8.99812775401e-08, 7.02531188779e-09, 9.01807684084e-10, 2.85447487869e-09, 2.68232636103e-09, 1.25104615556e-09, 2.76719758219e-11, 9.72222042456e-12, 1.27112235668e-11],
        "var": [6.17112003859e-12, 7.36067349294e-08, 2.62134221884e-07, 1.17583513202e-05, 8.34978418425e-05, 1.43788502101e-05, 1.94788462977e-05, 6.80353477946e-05, 1.2216369214e-05, 2.21376217269e-06, 5.88693069403e-07, 2.04338948606e-06, 4.02444129577e-07, 1.28929184484e-06, 8.36821584471e-07, 3.69878222273e-07, 4.13449726011e-07, 9.29382295567e-08, 4.8743444836e-08, 2.53353231727e-08, 9.93025550677e-10, 2.28336620722e-08, 1.07346291855e-08, 1.35066953177e-08, 1.46890783981e-08, 8.61861693124e-10, 2.30219750033e-18]
    },
    "erbbands": {
        "dmean": [0.000414950889535, 0.0286875925958, 0.27025565505, 1.93140876293, 12.0710029602, 15.1570091248, 11.3694486618, 10.6351175308, 11.6206235886, 20.7844734192, 37.5295791626, 14.9630384445, 9.0985994339, 6.96587085724, 5.35474967957, 7.98593950272, 6.90177631378, 13.5670700073, 9.71515083313, 5.48709964752, 6.9272851944, 10.0105075836, 4.96724224091, 1.8105493784, 3.95154333115, 1.38292694092, 0.191788077354, 0.412954330444, 1.17701673508, 1.15980684757, 0.769967973232, 0.902664244175, 0.384262472391, 0.199228107929, 0.161791697145, 0.0486573167145, 0.01245644968, 0.00069038226502, 1.62376345543e-05, 8.43485304358e-06],
        "dmean2": [0.000606800371315, 0.0429006330669, 0.452504485846, 3.28224253654, 19.5662651062, 24.6408557892, 17.141374588, 16.8530292511, 16.5859870911, 29.4011249542, 52.1240196228, 19.3174934387, 11.3601131439, 8.38178253174, 7.09667301178, 10.8738803864, 9.24934387207, 18.6103210449, 13.4657964706, 8.16815948486, 8.9682598114, 13.437171936, 6.82003927231, 2.46290969849, 5.16207885742, 1.89433169365, 0.296518683434, 0.656836032867, 1.72178447247, 1.70036554337, 1.18216276169, 1.29772853851, 0.562251091003, 0.287610113621, 0.220742031932, 0.0688650906086, 0.01786615327, 0.00108407461084, 2.3600023269e-05, 1.25575206766e-05],
        "dvar": [4.33563826618e-07, 0.00187270611059, 0.148601010442, 12.5198984146, 461.499664307, 551.490661621, 544.594238281, 409.200500488, 796.246459961, 3615.2487793, 10593.9609375, 1181.4786377, 579.483703613, 255.246109009, 273.127319336, 1044.59484863, 225.925216675, 1104.64086914, 1076.23937988, 332.229400635, 424.867828369, 435.858886719, 128.099853516, 16.0664978027, 73.5758895874, 9.55285453796, 0.466094255447, 2.88622450829, 12.3618736267, 6.93133020401, 4.01542806625, 3.78259730339, 1.24158859253, 0.994504868984, 0.340044617653, 0.0201430991292, 0.0010726840701, 3.93576556235e-06, 1.5297592082e-09, 8.97576735159e-11],
        "dvar2": [8.28367944905e-07, 0.00409759953618, 0.460465908051, 34.6675682068, 1243.27319336, 1522.92102051, 1188.3371582, 1006.7255249, 1353.42150879, 6735.24853516, 19343.1015625, 1741.37121582, 844.204711914, 353.797943115, 448.976318359, 1757.8338623, 455.295471191, 1987.52575684, 2039.95507812, 773.140136719, 761.941955566, 735.601806641, 239.301651001, 30.2572078705, 132.027770996, 16.474905014, 1.27945959568, 7.23793125153, 24.9413108826, 15.2078666687, 9.14007091522, 8.10272026062, 2.64484381676, 1.91284930706, 0.598104000092, 0.0382866188884, 0.00187612173613, 7.73138071963e-06, 2.68986632967e-09, 2.06440364803e-10],
        "max": [0.0147958975285, 0.874464213848, 6.49592494965, 49.8907699585, 302.220153809, 403.057250977, 410.796630859, 270.777770996, 522.70703125, 1286.09350586, 1531.12927246, 605.33984375, 511.857147217, 297.635192871, 326.05456543, 763.198181152, 249.905914307, 572.332580566, 666.107666016, 332.403167725, 491.263214111, 478.465667725, 182.485778809, 78.6886520386, 231.182098389, 78.4695510864, 13.3041000366, 31.8389873505, 70.5440444946, 35.9211006165, 30.3583106995, 25.9273853302, 24.5727462769, 21.5336704254, 15.0084810257, 3.65911507607, 0.659895777702, 0.0417951755226, 0.000806592113804, 0.000118964613648],
        "mean": [0.000900479033589, 0.0525235310197, 0.535795509815, 4.29212093353, 21.9602947235, 30.3598251343, 25.1123657227, 21.647895813, 23.5392551422, 39.6115608215, 85.3397750854, 41.6726074219, 23.9550762177, 19.1351737976, 11.8916406631, 16.2762145996, 15.3742399216, 27.449382782, 18.966386795, 10.3061275482, 14.6441068649, 22.5680828094, 10.4398975372, 4.0974521637, 8.1251001358, 3.05103588104, 0.3268045187, 0.644953966141, 2.06428360939, 2.03321862221, 1.35432779789, 1.52520728111, 0.644013702869, 0.30185520649, 0.256426841021, 0.0850934833288, 0.0209733191878, 0.00117160496302, 3.95532806579e-05, 3.13575328619e-05],
        "median": [0.000482078146888, 0.0246448237449, 0.352080792189, 2.69120621681, 11.3586530685, 18.8474826813, 10.0439929962, 13.3872785568, 8.12330436707, 7.95787668228, 11.0582265854, 5.04854917526, 3.1450521946, 1.98467826843, 2.22565436363, 3.20742368698, 2.03813886642, 2.81324338913, 1.88190019131, 1.85442197323, 2.97092056274, 6.29511928558, 3.0445830822, 1.56323444843, 2.32464885712, 0.788109958172, 0.13362428546, 0.154425501823, 0.32077178359, 0.373531907797, 0.27968621254, 0.317164152861, 0.126472711563, 0.0435649864376, 0.0382172614336, 0.0159685332328, 0.0042747030966, 0.000230141813518, 2.21128229896e-05, 2.96358593914e-05],
        "min": [2.84260513581e-05, 0.000923611456528, 0.0150343384594, 0.0594789609313, 0.344478398561, 0.175187826157, 0.349409252405, 0.279963463545, 0.167187333107, 0.0515966787934, 0.0667787343264, 0.0158854834735, 0.0109671233222, 0.00821856036782, 0.00854397844523, 0.0124413240701, 0.0119749456644, 0.0196786317974, 0.00899771973491, 0.00548335583881, 0.00882205367088, 0.00508044287562, 0.00518638361245, 0.00513253733516, 0.0024143664632, 0.000573668046854, 0.000168402140844, 0.000100398407085, 0.000119809650641, 6.1251106672e-05, 7.12509354344e-05, 6.40884318273e-05, 2.52864720096e-05, 5.01865770275e-06, 2.10550319935e-06, 1.39909536756e-06, 5.41067777249e-07, 6.19815452296e-08, 3.69971019154e-07, 7.93072388205e-07],
        "var": [1.8315312218e-06, 0.00711837783456, 0.293048590422, 25.1504592896, 814.971679688, 1343.00402832, 1854.0982666, 829.789916992, 2567.92675781, 10243.4404297, 37406.3710938, 6979.11279297, 3127.48364258, 1721.00256348, 897.576293945, 3484.69799805, 721.152038574, 3344.69091797, 2992.87695312, 612.188232422, 1273.57531738, 1489.89074707, 366.573364258, 50.2293434143, 225.095352173, 35.8572540283, 0.506684720516, 4.25845909119, 31.8843898773, 18.1112041473, 9.22620487213, 9.74315834045, 2.4909992218, 1.70489418507, 0.843958377838, 0.0519185177982, 0.00252633634955, 8.33027024782e-06, 4.06904110406e-09, 3.97073429692e-10]
    },
    "gfcc": {
        "mean": [-60.1822853088, 120.985717773, -107.236152649, 12.5875730515, -70.1903915405, -7.72312164307, -65.8203277588, -6.18013572693, -30.5588264465, -18.1571025848, -17.8844356537, -8.9006652832, -22.2199325562],
        "cov": [[6810.70654297, -3017.02539062, -1552.12719727, -499.731719971, -662.510131836, 225.73638916, -591.726074219, 931.534362793, -168.489044189, 204.721481323, -590.915893555, 173.21434021, -612.875427246], [-3017.02539062, 1900.73681641, 420.088317871, 9.08939266205, 445.253326416, -181.917297363, 462.700042725, -400.471038818, 79.8141784668, -177.474517822, 367.080566406, -153.635452271, 236.878677368], [-1552.12719727, 420.088317871, 897.818969727, 296.889221191, 24.3041286469, 63.7150192261, 23.2235202789, -218.5809021, -5.62174320221, 35.777305603, 98.122215271, 43.0666427612, 153.518447876], [-499.731719971, 9.08939266205, 296.889221191, 513.618591309, -7.63042831421, -32.4369659424, -131.145141602, -149.975845337, 132.462402344, 23.4650878906, 19.7376880646, 4.4007396698, 148.789810181], [-662.510131836, 445.253326416, 24.3041286469, -7.63042831421, 287.107818604, -63.5229492188, 56.4688453674, -77.6059646606, 12.4378376007, -28.1796875, 42.3980941772, -65.2556915283, 59.6069755554], [225.73638916, -181.917297363, 63.7150192261, -32.4369659424, -63.5229492188, 205.995452881, 28.227022171, 35.6893310547, -20.5424633026, 34.5700263977, -40.3229942322, 15.1142911911, -19.5391216278], [-591.726074219, 462.700042725, 23.2235202789, -131.145141602, 56.4688453674, 28.227022171, 332.338104248, -48.2670555115, -58.1035385132, -26.6009368896, 90.4736022949, -20.03166008, 6.23173856735], [931.534362793, -400.471038818, -218.5809021, -149.975845337, -77.6059646606, 35.6893310547, -48.2670555115, 268.072601318, -48.1744842529, 30.4305305481, -60.3407821655, 17.8204345703, -97.8193359375], [-168.489044189, 79.8141784668, -5.62174320221, 132.462402344, 12.4378376007, -20.5424633026, -58.1035385132, -48.1744842529, 169.995925903, -17.4523792267, -6.53092670441, -5.27426099777, 32.3152084351], [204.721481323, -177.474517822, 35.777305603, 23.4650878906, -28.1796875, 34.5700263977, -26.6009368896, 30.4305305481, -17.4523792267, 122.145271301, -35.3148384094, 5.71878242493, -21.369436264], [-590.915893555, 367.080566406, 98.122215271, 19.7376880646, 42.3980941772, -40.3229942322, 90.4736022949, -60.3407821655, -6.53092670441, -35.3148384094, 168.305633545, -20.5400981903, 47.2110328674], [173.21434021, -153.635452271, 43.0666427612, 4.4007396698, -65.2556915283, 15.1142911911, -20.03166008, 17.8204345703, -5.27426099777, 5.71878242493, -20.5400981903, 109.008346558, -19.5502738953], [-612.875427246, 236.878677368, 153.518447876, 148.789810181, 59.6069755554, -19.5391216278, 6.23173856735, -97.8193359375, 32.3152084351, -21.369436264, 47.2110328674, -19.5502738953, 164.623016357]],
        "icov": [[0.00129078631289, 0.000762387353461, 0.00147169083357, -0.000424633850344, 0.000569679599721, -0.000601279258262, 0.000673229747918, -0.00122870237101, 0.000817447784357, -0.000125003949506, 0.000562020984944, -0.000406627834309, 0.00130045798142], [0.000762387353461, 0.00824958086014, -0.002272792859, 0.00333320070058, -0.00511994911358, 0.00368198147044, -0.00647249165922, 0.00276039238088, -0.00581942824647, 0.00324998050928, -0.00626070564613, 0.00398730393499, -0.00191599293612], [0.00147169083357, -0.002272792859, 0.0050185280852, -0.00282684504054, 0.00260846898891, -0.00335156894289, 0.0036782999523, -0.00163662387058, 0.00448275823146, -0.00213924050331, 0.00227301917039, -0.00333078345284, 0.00196520634927], [-0.000424633850344, 0.00333320070058, -0.00282684504054, 0.00646648788825, -0.00176175392698, 0.00269198301248, -0.00201064464636, 0.00298846745864, -0.00570663204417, 0.000139222669532, -0.0033078729175, 0.00224242545664, -0.00442295800894], [0.000569679599721, -0.00511994911358, 0.00260846898891, -0.00176175392698, 0.00902939401567, -0.00171212200075, 0.0046364129521, -0.0022023038473, 0.00426878314465, -0.00237879203632, 0.00519050378352, -0.000743071257602, 0.000967586121988], [-0.000601279258262, 0.00368198147044, -0.00335156894289, 0.00269198301248, -0.00171212200075, 0.00883194152266, -0.00512633426115, 0.00151833542623, -0.00410111295059, 0.000828445830848, -0.00162150466349, 0.00295131560415, -0.00235161022283], [0.000673229747918, -0.00647249165922, 0.0036782999523, -0.00201064464636, 0.0046364129521, -0.00512633426115, 0.0110995778814, -0.00244539720006, 0.00671634171158, -0.00297088432126, 0.00369789102115, -0.00395642127842, 0.00281198741868], [-0.00122870237101, 0.00276039238088, -0.00163662387058, 0.00298846745864, -0.0022023038473, 0.00151833542623, -0.00244539720006, 0.00925080198795, -0.00254119350575, 0.000481401133584, -0.00357834901661, 0.00181347189937, -0.00135119154584], [0.000817447784357, -0.00581942824647, 0.00448275823146, -0.00570663204417, 0.00426878314465, -0.00410111295059, 0.00671634171158, -0.00254119350575, 0.0140902996063, -0.00129810301587, 0.00586068723351, -0.00377982715145, 0.00353367696516], [-0.000125003949506, 0.00324998050928, -0.00213924050331, 0.000139222669532, -0.00237879203632, 0.000828445830848, -0.00297088432126, 0.000481401133584, -0.00129810301587, 0.011610253714, -0.00115815899335, 0.00265373382717, 0.00049465126358], [0.000562020984944, -0.00626070564613, 0.00227301917039, -0.0033078729175, 0.00519050378352, -0.00162150466349, 0.00369789102115, -0.00357834901661, 0.00586068723351, -0.00115815899335, 0.0148538807407, -0.00242150202394, 0.00178473396227], [-0.000406627834309, 0.00398730393499, -0.00333078345284, 0.00224242545664, -0.000743071257602, 0.00295131560415, -0.00395642127842, 0.00181347189937, -0.00377982715145, 0.00265373382717, -0.00242150202394, 0.0138475084677, -0.00089979916811], [0.00130045798142, -0.00191599293612, 0.00196520634927, -0.00442295800894, 0.000967586121988, -0.00235161022283, 0.00281198741868, -0.00135119154584, 0.00353367696516, 0.00049465126358, 0.00178473396227, -0.00089979916811, 0.0130509156734]]
    },
    "melbands": {
        "dmean": [1.19137721413e-05, 0.000103005797428, 0.000648320128676, 0.00100092869252, 0.000443149561761, 0.00023996894015, 0.000178540576599, 0.00026978776441, 0.000282305642031, 8.32467412692e-05, 4.63103460788e-05, 3.1181902159e-05, 1.8397342501e-05, 2.81858228846e-05, 1.24309981402e-05, 1.95777465706e-05, 2.67102332145e-05, 1.7793088773e-05, 9.27631481318e-06, 6.92117055223e-06, 9.4766564871e-06, 1.12261741378e-05, 8.92412299436e-06, 2.66766278401e-06, 1.34048354994e-06, 2.72732540907e-06, 2.7454220799e-06, 6.05211653237e-07, 1.06986163928e-07, 1.42073247389e-07, 2.85264064814e-07, 5.97240443767e-07, 9.30490443807e-07, 5.8946864101e-07, 4.60327811425e-07, 4.79390394048e-07, 6.11680547991e-07, 3.14260489631e-07, 1.59234105013e-07, 1.85424084975e-07],
        "dmean2": [1.68992391991e-05, 0.000169873950654, 0.00106432975736, 0.00162989587989, 0.000678046839312, 0.000380374578526, 0.000254058715655, 0.000388658751035, 0.000389553053537, 0.000105971681478, 5.7922959968e-05, 3.75685558538e-05, 2.41221696342e-05, 3.93962764065e-05, 1.64895955095e-05, 2.65988146566e-05, 3.73310504074e-05, 2.47536427196e-05, 1.42374783536e-05, 9.91251363303e-06, 1.26515087686e-05, 1.5301098756e-05, 1.29884047055e-05, 3.80484948437e-06, 1.93534538084e-06, 3.65315213458e-06, 3.72778549718e-06, 8.63025832132e-07, 1.72223806771e-07, 2.37531665448e-07, 4.57538277487e-07, 8.77306206348e-07, 1.38336554301e-06, 8.78814660155e-07, 7.17196087408e-07, 7.22111678897e-07, 8.87534099547e-07, 4.7182274443e-07, 2.44857432108e-07, 2.70394167501e-07],
        "dvar": [3.59675123018e-10, 2.21987228599e-08, 1.39800692978e-06, 2.25241456064e-06, 5.41858526049e-07, 2.00050578769e-07, 1.83599112802e-07, 5.28729628968e-07, 5.77446769512e-07, 3.98811508262e-08, 1.51083554556e-08, 5.52487211536e-09, 4.6683497068e-09, 1.2334460564e-08, 1.19167375967e-09, 1.89077620227e-09, 4.36676605986e-09, 3.4178155861e-09, 2.08966111082e-09, 5.39810696143e-10, 9.30855947878e-10, 5.66387547973e-10, 4.312595836e-10, 4.84452720995e-11, 9.30045970793e-12, 3.66169837507e-11, 3.94533329617e-11, 1.84533074585e-12, 1.14698289928e-13, 7.15839171793e-13, 1.39254276513e-12, 4.09818923588e-12, 5.24702069987e-12, 1.79065193662e-12, 1.42538043001e-12, 1.39360994533e-12, 1.7604750123e-12, 8.48559883384e-13, 4.82470563067e-13, 8.96472078429e-13],
        "dvar2": [6.73925693029e-10, 6.70677167136e-08, 3.82579491998e-06, 6.07255924479e-06, 1.25011342789e-06, 4.84867882733e-07, 3.13531444363e-07, 1.00313332041e-06, 1.03552861219e-06, 5.67347484548e-08, 2.20369251736e-08, 7.81541587003e-09, 6.94192081596e-09, 2.33886279233e-08, 2.20195017775e-09, 3.53201357051e-09, 8.13503309161e-09, 6.34187014015e-09, 5.37829913938e-09, 1.21425636213e-09, 1.67040381527e-09, 1.03806196972e-09, 8.49926684587e-10, 8.61920534945e-11, 1.95936687014e-11, 7.23073198539e-11, 7.17161469099e-11, 3.51608347472e-12, 3.22331733787e-13, 1.96300527916e-12, 3.48577481983e-12, 7.574145304e-12, 1.17996515336e-11, 3.96538357705e-12, 3.36340959424e-12, 3.10345542667e-12, 3.84406525708e-12, 1.87352455598e-12, 9.94914112033e-13, 1.72947843113e-12],
        "max": [0.000426511862315, 0.00264453771524, 0.013333266601, 0.023659395054, 0.0127594387159, 0.00617317156866, 0.00791614595801, 0.0117858257145, 0.0108626121655, 0.00353507255204, 0.00258071697317, 0.00132845982444, 0.00158604281023, 0.00210073823109, 0.00082922889851, 0.000706747116055, 0.00101821834687, 0.000988670508377, 0.00120711466298, 0.000418265146436, 0.000775898108259, 0.000498286855873, 0.000347103545209, 0.000120217737276, 5.91145617364e-05, 0.000146367470734, 0.000174005297595, 2.49086697295e-05, 6.65583047521e-06, 1.97046902031e-05, 2.66027673206e-05, 4.5555349061e-05, 3.32781055477e-05, 1.87125733646e-05, 1.81452942343e-05, 1.55747184181e-05, 1.66870031535e-05, 1.94469303096e-05, 1.32388850034e-05, 1.98944999283e-05],
        "mean": [2.17854285438e-05, 0.000189174970728, 0.0012484859908, 0.00203135609627, 0.00096587522421, 0.000487717654323, 0.000367524509784, 0.000515360035934, 0.000643727427814, 0.000230112767895, 0.000115553615615, 8.1580656115e-05, 3.61077218258e-05, 5.25940413354e-05, 2.71247899946e-05, 4.10934080719e-05, 5.0225033192e-05, 3.14869903377e-05, 1.48654753502e-05, 1.2061794223e-05, 1.84657146747e-05, 2.39331675402e-05, 1.6954012608e-05, 4.91044056616e-06, 2.75866341326e-06, 5.36882998858e-06, 5.54597909286e-06, 1.17167019198e-06, 1.36851824095e-07, 1.69295930164e-07, 4.25262385306e-07, 1.0011528957e-06, 1.5585486608e-06, 9.64442619988e-07, 7.69363737163e-07, 7.7211302596e-07, 1.00985005247e-06, 5.05903528847e-07, 2.30212066299e-07, 2.59000870528e-07],
        "median": [8.74097804626e-06, 0.000116862509458, 0.000744041055441, 0.00124543276615, 0.00048831285676, 0.000291276868666, 0.000114370799565, 8.24270464364e-05, 6.91427630954e-05, 1.27607281684e-05, 1.02172270999e-05, 6.69751125315e-06, 4.84922520627e-06, 8.44837541081e-06, 4.62810612589e-06, 3.92757101508e-06, 4.34487810708e-06, 2.62171624854e-06, 2.1261312213e-06, 2.12045642911e-06, 3.52418146576e-06, 5.93103868596e-06, 4.33867398897e-06, 1.38632879043e-06, 9.41067696658e-07, 1.59380886089e-06, 1.36137691698e-06, 2.14918458141e-07, 3.78429945158e-08, 4.21230517134e-08, 8.38965306116e-08, 1.60806806093e-07, 2.06358137689e-07, 1.84959205285e-07, 1.3182108205e-07, 1.59087690577e-07, 1.93357720946e-07, 9.27679977281e-08, 3.5626513295e-08, 2.71165170318e-08],
        "min": [9.60602761779e-08, 1.7038439637e-06, 8.64593857841e-06, 2.39442415477e-05, 1.46459997268e-05, 3.8200828385e-06, 1.16878493372e-06, 4.46911684548e-07, 3.10112994839e-07, 3.46067956514e-08, 5.07190875965e-08, 3.45115687139e-08, 1.40545557414e-08, 3.62640584228e-08, 2.10130597367e-08, 3.05998284489e-08, 1.83911765816e-08, 6.82897960402e-09, 1.32115749452e-08, 5.34754018844e-09, 7.16033277115e-09, 3.66234242932e-09, 3.44276429587e-09, 1.63202462655e-09, 2.14720485836e-09, 2.28569252414e-09, 6.68442079466e-10, 8.21925374983e-11, 3.50686181483e-11, 7.7704243864e-13, 6.17167504168e-13, 5.25845686439e-11, 3.07311155689e-11, 2.25898102307e-11, 1.48477150713e-11, 8.16960648437e-12, 2.99452719565e-11, 8.70299665667e-12, 7.25288969508e-13, 8.60539599106e-14],
