{
"highlevel": {
    "danceability": {
        "all": {
            "danceable": 0.507672190666,
            "not_danceable": 0.492327809334
        },
        "probability": 0.507672190666,
        "value": "danceable"
    },
    "gender": {
        "all": {
            "female": 0.990073204041,
            "male": 0.00992677360773
        },
        "probability": 0.990073204041,
        "value": "female"
    },
    "genre_dortmund": {
        "all": {
            "alternative": 0.127411007881,
            "blues": 0.0867631360888,
            "electronic": 0.0222590714693,
            "folkcountry": 0.36656922102,
            "funksoulrnb": 0.00400831084698,
            "jazz": 0.0196602586657,
            "pop": 0.131539136171,
            "raphiphop": 0.00230266223662,
            "rock": 0.239487200975
        },
        "probability": 0.36656922102,
        "value": "folkcountry"
    },
    "genre_electronic": {
        "all": {
            "ambient": 0.375351577997,
            "dnb": 0.279418081045,
            "house": 0.116377867758,
            "techno": 0.0214261077344,
            "trance": 0.207426384091
        },
        "probability": 0.375351577997,
        "value": "ambient"
    },
    "genre_rosamerica": {
        "all": {
            "cla": 0.00735774915665,
            "dan": 0.0483289323747,
            "hip": 0.00554193276912,
            "jaz": 0.00529145030305,
            "pop": 0.274993270636,
            "rhy": 0.05591083318,
            "roc": 0.598587751389,
            "spe": 0.00398809695616
        },
        "probability": 0.598587751389,
        "value": "roc"
    },
    "genre_tzanetakis": {
        "all": {
            "blu": 0.0626613423228,
            "cla": 0.0348169617355,
            "cou": 0.104475811124,
            "dis": 0.0784321576357,
            "hip": 0.15692435205,
            "jaz": 0.313974827528,
            "met": 0.0448166541755,
            "pop": 0.0627359300852,
            "reg": 0.0627360641956,
            "roc": 0.0784258767962
        },
        "probability": 0.313974827528,
        "value": "jaz"
    },
    "ismir04_rhythm": {
        "all": {
            "ChaChaCha": 0.662751972675,
            "Jive": 0.148569658399,
            "Quickstep": 0.0224743299186,
            "Rumba-American": 0.0169644150883,
            "Rumba-International": 0.0695530101657,
            "Rumba-Misc": 0.00520255835727,
            "Samba": 0.0294800326228,
            "Tango": 0.0154590019956,
            "VienneseWaltz": 0.0164113454521,
            "Waltz": 0.013133677654
        },
        "probability": 0.662751972675,
        "value": "ChaChaCha"
    },
    "mood_acoustic": {
        "all": {
            "acoustic": 0.09554938972,
            "not_acoustic": 0.904450595379
        },
        "probability": 0.904450595379,
        "value": "not_acoustic"
    },
    "mood_aggressive": {
        "all": {
            "aggressive": 0.100089162588,
            "not_aggressive": 0.89991080761
        },
        "probability": 0.89991080761,
        "value": "not_aggressive"
    },
    "mood_electronic": {
        "all": {
            "electronic": 0.192160531878,
            "not_electronic": 0.80783945322
        },
        "probability": 0.80783945322,
        "value": "not_electronic"
    },
    "mood_happy": {
        "all": {
            "happy": 0.918692708015,
            "not_happy": 0.0813072770834
        },
        "probability": 0.918692708015,
        "value": "happy"
    },
    "mood_party": {
        "all": {
            "not_party": 0.415997624397,
            "party": 0.584002375603
        },
        "probability": 0.584002375603,
        "value": "party"
    },
    "mood_relaxed": {
        "all": {
            "not_relaxed": 0.399860084057,
            "relaxed": 0.600139915943
        },
        "probability": 0.600139915943,
        "value": "relaxed"
    },
    "mood_sad": {
        "all": {
            "not_sad": 0.58371078968,
            "sad": 0.41628921032
        },
        "probability": 0.58371078968,
        "value": "not_sad"
    },
    "moods_mirex": {
        "all": {
            "Cluster1": 0.332787066698,
            "Cluster2": 0.215911537409,
            "Cluster3": 0.141393184662,
            "Cluster4": 0.146627053618,
            "Cluster5": 0.163281142712
        },
        "probability": 0.332787066698,
        "value": "Cluster1"
    },
    "timbre": {
        "all": {
            "bright": 0.99648720026,
            "dark": 0.0035128260497
        },
        "probability": 0.99648720026,
        "value": "bright"
    },
    "tonal_atonal": {
        "all": {
            "atonal": 0.0544455237687,
            "tonal": 0.945554494858
        },
        "probability": 0.945554494858,
        "value": "tonal"
    },
    "voice_instrumental": {
        "all": {
            "instrumental": 0.00176512554754,
            "voice": 0.99823486805
        },
        "probability": 0.99823486805,
        "value": "voice"
    }
},
"lowlevel": {
    "average_loudness": 0.96817535162,
    "barkbands_crest": {
        "dmean": 2.11952757835,
        "dmean2": 3.49718904495,
        "dvar": 4.41718530655,
        "dvar2": 12.2024383545,
        "max": 21.8407611847,
        "mean": 11.4084014893,
        "median": 11.1547727585,
        "min": 3.3440413475,
        "var": 12.2552938461
    },
    "barkbands_flatness_db": {
        "dmean": 0.0169014465064,
        "dmean2": 0.025941202417,
        "dvar": 0.000246907467954,
        "dvar2": 0.000582203792874,
        "max": 0.281012237072,
        "mean": 0.151279941201,
        "median": 0.147229239345,
        "min": 0.0651485472918,
        "var": 0.00108971295413
    },
    "barkbands_kurtosis": {
        "dmean": 2.28634142876,
        "dmean2": 3.57795786858,
        "dvar": 10.3212509155,
        "dvar2": 26.7923221588,
        "max": 41.6106185913,
        "mean": 4.57569313049,
        "median": 3.36773777008,
        "min": -1.71347033978,
        "var": 29.2801380157
    },
    "barkbands_skewness": {
        "dmean": 0.428633213043,
        "dmean2": 0.654368519783,
        "dvar": 0.195642068982,
        "dvar2": 0.475911259651,
        "max": 5.87187004089,
        "mean": 1.92475163937,
        "median": 1.89379382133,
        "min": -0.485275745392,
        "var": 0.849051773548
    },
    "barkbands_spread": {
        "dmean": 4.59460163116,
        "dmean2": 6.87936067581,
        "dvar": 25.3282299042,
        "dvar2": 52.7267303467,
        "max": 75.297454834,
        "mean": 22.6917972565,
        "median": 20.55169487,
        "min": 3.83990359306,
        "var": 126.925697327
    },
    "dissonance": {
        "dmean": 0.013430159539,
        "dmean2": 0.0230550840497,
        "dvar": 0.000145683181472,
        "dvar2": 0.000397290132241,
        "max": 0.500000059605,
        "mean": 0.473089069128,
        "median": 0.475646585226,
        "min": 0.392393887043,
        "var": 0.000260762521066
    },
    "dynamic_complexity": 2.21160554886,
    "erbbands_crest": {
        "dmean": 2.13645076752,
        "dmean2": 3.44133663177,
        "dvar": 4.84243631363,
        "dvar2": 12.0477113724,
        "max": 24.1859874725,
        "mean": 7.44934272766,
        "median": 6.49533176422,
        "min": 2.30303621292,
        "var": 12.1851587296
    },
    "erbbands_flatness_db": {
        "dmean": 0.0159855298698,
        "dmean2": 0.022312277928,
        "dvar": 0.000245474744588,
        "dvar2": 0.000471628969535,
        "max": 0.242076218128,
        "mean": 0.139750063419,
        "median": 0.140819966793,
        "min": 0.0626699626446,
        "var": 0.00100424780976
    },
    "erbbands_kurtosis": {
        "dmean": 0.493650972843,
        "dmean2": 0.784144639969,
        "dvar": 0.415709495544,
        "dvar2": 1.02247512341,
        "max": 10.7654848099,
        "mean": -0.207498595119,
        "median": -0.423079252243,
        "min": -1.61020243168,
        "var": 1.02830779552
    },
    "erbbands_skewness": {
        "dmean": 0.265564769506,
        "dmean2": 0.406352072954,
        "dvar": 0.0596425682306,
        "dvar2": 0.138000920415,
        "max": 1.69881558418,
        "mean": 0.0717707499862,
        "median": 0.117352843285,
        "min": -1.94322407246,
        "var": 0.294595658779
    },
    "erbbands_spread": {
        "dmean": 7.7967004776,
        "dmean2": 11.7002277374,
        "dvar": 75.6223526001,
        "dvar2": 148.971511841,
        "max": 112.14956665,
        "mean": 43.9159889221,
        "median": 40.3848495483,
        "min": 7.42107343674,
        "var": 277.823425293
    },
    "hfc": {
        "dmean": 5.32707118988,
        "dmean2": 7.20573091507,
        "dvar": 46.0681190491,
        "dvar2": 85.2267837524,
        "max": 86.7908172607,
        "mean": 22.0819129944,
        "median": 17.5362663269,
        "min": 1.18691456318,
        "var": 262.662811279
    },
    "melbands_crest": {
        "dmean": 2.63903045654,
        "dmean2": 4.40378570557,
        "dvar": 7.50512838364,
        "dvar2": 20.0449466705,
        "max": 31.3820934296,
        "mean": 15.7607946396,
        "median": 15.5324907303,
        "min": 5.09940338135,
        "var": 18.5049629211
    },
    "melbands_flatness_db": {
        "dmean": 0.020104361698,
        "dmean2": 0.0298341922462,
        "dvar": 0.000391518085962,
        "dvar2": 0.000882244028617,
        "max": 0.3619312644,
        "mean": 0.215589910746,
        "median": 0.210080370307,
        "min": 0.0897678956389,
        "var": 0.0020343279466
    },
    "melbands_kurtosis": {
        "dmean": 6.74134111404,
        "dmean2": 10.6759653091,
        "dvar": 100.83707428,
        "dvar2": 265.228820801,
        "max": 122.390647888,
        "mean": 16.4974594116,
        "median": 13.0646133423,
        "min": -1.39158570766,
        "var": 206.395355225
    },
    "melbands_skewness": {
        "dmean": 0.664647758007,
        "dmean2": 1.03459239006,
        "dvar": 0.548659920692,
        "dvar2": 1.35474967957,
        "max": 9.08673381805,
        "mean": 3.29556846619,
        "median": 3.17203879356,
        "min": 0.47849163413,
        "var": 1.66385746002
    },
    "melbands_spread": {
        "dmean": 4.64736366272,
        "dmean2": 7.00745487213,
        "dvar": 28.6152191162,
        "dvar2": 62.3858146667,
        "max": 68.7785949707,
        "mean": 18.9245605469,
        "median": 15.5713348389,
        "min": 3.14356017113,
        "var": 135.055984497
    },
    "pitch_salience": {
        "dmean": 0.0588145665824,
        "dmean2": 0.0983187332749,
        "dvar": 0.00310177332722,
        "dvar2": 0.0078052598983,
        "max": 0.840681135654,
        "mean": 0.504737257957,
        "median": 0.495099723339,
        "min": 0.217489987612,
        "var": 0.00902794580907
    },
    "silence_rate_20dB": {
        "dmean": 0,
        "dmean2": 0,
        "dvar": 0,
        "dvar2": 0,
        "max": 1,
        "mean": 1,
        "median": 1,
        "min": 1,
        "var": 0
    },
    "silence_rate_30dB": {
        "dmean": 0.0030959751457,
        "dmean2": 0.00619674660265,
        "dvar": 0.00308634527028,
        "dvar2": 0.0092565305531,
        "max": 1,
        "mean": 0.998453199863,
        "median": 1,
        "min": 0,
        "var": 0.00154438999016
    },
    "silence_rate_60dB": {
        "dmean": 0.000773993786424,
        "dmean2": 0.000774593325332,
        "dvar": 0.000773394829594,
        "dvar2": 0.000773993320763,
        "max": 1,
        "mean": 0.00077339517884,
        "median": 0,
        "min": 0,
        "var": 0.000772797095124
    },
    "spectral_centroid": {
        "dmean": 215.024581909,
        "dmean2": 310.566558838,
        "dvar": 42498.1445312,
        "dvar2": 80947.484375,
        "max": 2752.1875,
        "mean": 1372.64697266,
        "median": 1301.55932617,
        "min": 308.866607666,
        "var": 308497.90625
    },
    "spectral_complexity": {
        "dmean": 3.15479874611,
        "dmean2": 4.7141752243,
        "dvar": 10.3089542389,
        "dvar2": 18.8857536316,
        "max": 48,
        "mean": 22.2103633881,
        "median": 22,
        "min": 6,
        "var": 63.9062271118
    },
    "spectral_decrease": {
        "dmean": 2.13520845449e-09,
        "dmean2": 3.33333716185e-09,
        "dvar": 8.39346536848e-18,
        "dvar2": 2.00151486612e-17,
        "max": -7.90377541193e-10,
        "mean": -9.70545865897e-09,
        "median": -9.2855501066e-09,
        "min": -2.97581301822e-08,
        "var": 1.98984880707e-17
    },
    "spectral_energy": {
        "dmean": 0.00834596529603,
        "dmean2": 0.0129421548918,
        "dvar": 0.000126122089569,
        "dvar2": 0.000295947829727,
        "max": 0.11585149914,
        "mean": 0.0386335328221,
        "median": 0.0368260666728,
        "min": 0.0030907294713,
        "var": 0.0003204223176
    },
    "spectral_energyband_high": {
        "dmean": 0.000333934585797,
        "dmean2": 0.000456045905594,
        "dvar": 2.82227546222e-07,
        "dvar2": 5.41438794244e-07,
        "max": 0.00709034735337,
        "mean": 0.000790360383689,
        "median": 0.000441144569777,
        "min": 1.06697425508e-05,
        "var": 9.21297157674e-07
    },
    "spectral_energyband_low": {
        "dmean": 0.00670333998278,
        "dmean2": 0.0109045961872,
        "dvar": 0.000108933360025,
        "dvar2": 0.0002932807256,
        "max": 0.0971691310406,
        "mean": 0.0222410541028,
        "median": 0.0213659070432,
        "min": 0.000208566998481,
        "var": 0.000155919158715
    },
    "spectral_energyband_middle_high": {
        "dmean": 0.00164861395024,
        "dmean2": 0.00228965235874,
        "dvar": 6.19630372967e-06,
        "dvar2": 1.10950577437e-05,
        "max": 0.0407390259206,
        "mean": 0.00586400274187,
        "median": 0.00334074534476,
        "min": 0.000331779068802,
        "var": 3.52976931026e-05
    },
    "spectral_energyband_middle_low": {
        "dmean": 0.00352698541246,
        "dmean2": 0.00574087211862,
        "dvar": 2.24849318329e-05,
        "dvar2": 5.95097735641e-05,
        "max": 0.0571837797761,
        "mean": 0.0109056634828,
        "median": 0.00938840582967,
        "min": 0.00101985153742,
        "var": 4.79305490444e-05
    },
    "spectral_entropy": {
        "dmean": 0.136306151748,
        "dmean2": 0.189426332712,
        "dvar": 0.0183299761266,
        "dvar2": 0.0333076007664,
        "max": 8.49798774719,
        "mean": 7.60524606705,
        "median": 7.56628370285,
        "min": 6.6796002388,
        "var": 0.0842710658908
    },
    "spectral_flux": {
        "dmean": 0.0219385698438,
        "dmean2": 0.034737996757,
        "dvar": 0.000617560988758,
        "dvar2": 0.00133849086706,
        "max": 0.277555823326,
        "mean": 0.0834205523133,
        "median": 0.0770459398627,
        "min": 0.0153160756454,
        "var": 0.00175085640512
    },
    "spectral_kurtosis": {
        "dmean": 1.37205731869,
        "dmean2": 2.2683570385,
        "dvar": 1.84296786785,
        "dvar2": 4.82732629776,
        "max": 15.3079795837,
        "mean": 3.86395072937,
        "median": 3.66194820404,
        "min": -1.02753889561,
        "var": 4.47001791
    },
    "spectral_rms": {
        "dmean": 0.000655361218378,
        "dmean2": 0.00100263394415,
        "dvar": 6.60976581912e-07,
        "dvar2": 1.46816671531e-06,
        "max": 0.0106313619763,
        "mean": 0.00596421211958,
        "median": 0.00599398603663,
        "min": 0.00173647515476,
        "var": 2.11943597606e-06
    },
    "spectral_rolloff": {
        "dmean": 314.296966553,
        "dmean2": 517.448486328,
        "dvar": 299881.03125,
        "dvar2": 695402.5,
        "max": 7041.35742188,
        "mean": 976.321838379,
        "median": 645.99609375,
        "min": 86.1328125,
        "var": 634462.5625
    },
    "spectral_skewness": {
        "dmean": 0.194848865271,
        "dmean2": 0.31039789319,
        "dvar": 0.0320492088795,
        "dvar2": 0.0768154710531,
        "max": 2.84207510948,
        "mean": 1.44575250149,
        "median": 1.41476070881,
        "min": 0.489642053843,
        "var": 0.129054427147
    },
    "spectral_spread": {
        "dmean": 608156.25,
        "dmean2": 828029.25,
        "dvar": 539992653824,
        "dvar2": 971030921216,
        "max": 13320376,
        "mean": 4422280,
        "median": 4057445.5,
        "min": 2497200.75,
        "var": 1.99912338227e+12
    },
    "spectral_strongpeak": {
        "dmean": 0.313809126616,
        "dmean2": 0.562714874744,
        "dvar": 0.93099296093,
        "dvar2": 2.2397749424,
        "max": 10.3607254028,
        "mean": 0.494724065065,
        "median": 0.297279447317,
        "min": 0,
        "var": 0.959044516087
    },
    "zerocrossingrate": {
        "dmean": 0.00779209192842,
        "dmean2": 0.00946191512048,
        "dvar": 6.77205389366e-05,
        "dvar2": 9.19245285331e-05,
        "max": 0.18408203125,
        "mean": 0.047034740448,
        "median": 0.0458984375,
        "min": 0.009765625,
        "var": 0.000437027832959
    },
    "barkbands": {
        "dmean": [0.000793145271018, 0.0045549669303, 0.00260664965026, 0.00116286729462, 0.00158759125043, 0.000637271907181, 0.000492332444992, 0.00136620411649, 0.000548438169062, 0.00051076215459, 0.000140995209222, 0.000174729459104, 0.000202934461413, 0.000418139650719, 0.000572975433897, 0.000396704213927, 0.000142396427691, 0.000189281621715, 0.000279184780084, 0.000190965743968, 5.25825234945e-05, 6.23069499852e-05, 8.3376733528e-05, 7.79466718086e-05, 4.43123062723e-05, 1.69612485479e-05, 4.94790164396e-09],
        "dmean2": [0.0013069746783, 0.00741753401235, 0.00436879182234, 0.00203794613481, 0.0025811244268, 0.00100584561005, 0.000769485370256, 0.00214785267599, 0.000850504788104, 0.000768778321799, 0.000214847037569, 0.000278243474895, 0.000335249060299, 0.000655752897728, 0.000863690685946, 0.000616210862063, 0.000222976887017, 0.000287956208922, 0.000417951931013, 0.000278913183138, 8.16679239506e-05, 8.87928836164e-05, 0.000120541677461, 0.000114140057121, 6.71881643939e-05, 2.70239052043e-05, 8.81283046539e-09],
        "dvar": [4.77789444631e-06, 5.26679796167e-05, 2.91235155601e-05, 6.06009643889e-06, 4.77423373013e-06, 1.13401017643e-06, 9.06814705104e-07, 8.36981962493e-06, 1.35107950427e-06, 8.95371783827e-07, 7.57368923132e-08, 4.02755873097e-08, 1.78898488912e-07, 1.82110329661e-06, 1.74471790615e-06, 8.026434557e-07, 1.02157365234e-07, 1.06754463047e-07, 1.67192894196e-07, 7.8288977079e-08, 7.28343474421e-09, 1.68393849975e-08, 2.47268889808e-08, 2.18249596173e-08, 1.04431769898e-08, 1.76452297218e-09, 6.10282738634e-16],
        "dvar2": [1.15142529467e-05, 0.000144493635162, 8.31981888041e-05, 1.74501274159e-05, 1.19067080959e-05, 2.96484904538e-06, 2.12316672332e-06, 2.17628548853e-05, 3.31134310727e-06, 1.78723450972e-06, 1.73691844907e-07, 1.04289753722e-07, 4.92390029194e-07, 3.88167836718e-06, 3.44239879269e-06, 1.94956169253e-06, 2.33587002185e-07, 2.28012467574e-07, 3.58613391427e-07, 1.73527510583e-07, 1.56727768541e-08, 3.39788499559e-08, 4.75876049677e-08, 4.58735875952e-08, 2.34900916496e-08, 4.46676962085e-09, 1.6320066492e-15],
        "max": [0.0238282978535, 0.0695212110877, 0.063394472003, 0.0318908914924, 0.0332612097263, 0.0113344080746, 0.0196374617517, 0.0383531376719, 0.0208704546094, 0.0183570571244, 0.00437355507165, 0.00277037802152, 0.00705916807055, 0.0324407927692, 0.028087919578, 0.0128942867741, 0.00665507465601, 0.00409648288041, 0.00566308991984, 0.00364121748134, 0.00117415026762, 0.00167680904269, 0.00222823419608, 0.00228543090634, 0.00156099849846, 0.000459772563772, 5.87375893701e-07],
        "mean": [0.00101067207288, 0.0148810083047, 0.00526838330552, 0.00197277963161, 0.00333179556765, 0.00136795290746, 0.00103784643579, 0.00199968880042, 0.00101989984978, 0.000962428050116, 0.000243574686465, 0.000354938965756, 0.000364075531252, 0.000631482747849, 0.00108744646423, 0.000752200721763, 0.000284105888568, 0.000356041331543, 0.000667228829116, 0.000450959661976, 0.000104053680843, 0.000112593268568, 0.000161644202308, 0.000127910869196, 6.52760791127e-05, 1.75410241354e-05, 3.6330929376e-09],
        "median": [0.00047699426068, 0.0151239875704, 0.00347322947346, 0.00123852933757, 0.00231034331955, 0.000930769601837, 0.000583279295824, 0.000771002669353, 0.000657708209474, 0.000489559490234, 0.000137750481372, 0.000275057158433, 0.000225964118727, 0.00021500546427, 0.000250069075264, 0.000220445421292, 0.000177115769475, 0.00015722050739, 0.000271031400189, 0.000187347483006, 5.14483472216e-05, 3.49734800693e-05, 7.58724199841e-05, 5.62460190849e-05, 2.16682237806e-05, 4.14905071011e-06, 7.27479798623e-10],
        "min": [7.92547538708e-08, 6.98176809237e-05, 1.98618890863e-05, 1.0057138752e-05, 0.000112061483378, 1.11244517029e-05, 2.31577578234e-05, 1.0642936104e-05, 8.14240229374e-06, 1.79998241947e-05, 3.34853007189e-06, 9.44931707636e-06, 5.92157175561e-06, 6.90197794029e-06, 4.01418628826e-06, 4.54517521575e-06, 3.66421522813e-06, 7.15278986263e-07, 5.04484250996e-06, 1.81702330337e-06, 1.87217108305e-06, 2.1544685751e-06, 8.68342226568e-07, 4.87736656396e-07, 1.8377185329e-09, 3.58610169338e-10, 7.34304197308e-12],
        "var": [4.58700378658e-06, 7.06603532308e-05, 3.53497634933e-05, 6.08406753599e-06, 1.12257175715e-05, 1.98739098778e-06, 2.06701201932e-06, 1.07829646367e-05, 1.8368699557e-06, 2.28629528465e-06, 1.36722860589e-07, 8.646146199e-08, 2.93217112812e-07, 3.77540823138e-06, 6.12061012362e-06, 2.26655879487e-06, 1.72362106809e-07, 2.61838749793e-07, 7.37804668915e-07, 3.15765447567e-07, 1.83433161993e-08, 4.26908393081e-08, 6.68008581783e-08, 4.72656154216e-08, 2.01002610112e-08, 1.70538860811e-09, 3.97548719865e-16]
    },
    "erbbands": {
        "dmean": [0.165701404214, 1.00084066391, 2.71910476685, 3.5496711731, 4.46114110947, 5.85177230835, 6.95671081543, 4.61152601242, 4.73276948929, 13.178147316, 31.7927150726, 13.8939971924, 10.7157211304, 14.9575166702, 5.3488817215, 6.71844005585, 7.80748796463, 14.996099472, 27.4189720154, 31.3510398865, 12.245174408, 6.76355314255, 7.69821023941, 14.3474235535, 12.153717041, 9.08920383453, 3.04599475861, 1.78973293304, 2.15985965729, 2.73144841194, 2.32300925255, 1.41905725002, 1.53336763382, 0.583971619606, 0.286420851946, 0.108792245388, 0.0262527018785, 0.0019740536809, 4.21369586547e-05, 1.0925406059e-05],
        "dmean2": [0.273983448744, 1.6342227459, 4.51222515106, 6.10843324661, 7.14366006851, 9.71449947357, 11.3487272263, 7.49955129623, 7.48714971542, 21.2116413116, 50.6602325439, 21.4887123108, 16.4935874939, 22.8509082794, 8.0372467041, 10.5629892349, 12.4681625366, 23.6303539276, 41.1747970581, 47.0356292725, 18.6274776459, 10.3382339478, 11.4106884003, 20.999414444, 18.5581550598, 13.179649353, 4.47185945511, 2.73891448975, 3.10366606712, 3.90275645256, 3.34629797935, 2.13631844521, 2.22736954689, 0.885440349579, 0.441440939903, 0.168697059155, 0.0432788729668, 0.0033038945403, 6.71303714626e-05, 1.66344598256e-05],
        "dvar": [0.108975157142, 2.07856369019, 25.9279308319, 63.4089393616, 51.1327934265, 64.096862793, 159.992492676, 76.3217315674, 54.3935699463, 836.349914551, 5034.99023438, 1052.10229492, 314.48626709, 937.268371582, 60.1736907959, 72.2478713989, 178.489776611, 1373.10180664, 5463.44140625, 4508.85546875, 440.356872559, 229.008560181, 174.809783936, 439.489074707, 327.864044189, 180.254699707, 19.2330818176, 12.715180397, 22.2287597656, 28.1293106079, 21.143579483, 8.99032402039, 8.56606674194, 1.85019552708, 0.399090707302, 0.0694530978799, 0.0050900708884, 3.15040379064e-05, 1.18411849215e-08, 2.43381648168e-10],
        "dvar2": [0.286031812429, 6.07022571564, 76.1952896118, 181.739501953, 130.249465942, 170.621627808, 437.976043701, 200.871170044, 127.418083191, 1948.88183594, 12929.7324219, 2648.40966797, 706.021179199, 2131.02807617, 118.996757507, 180.520248413, 479.336425781, 2991.36010742, 11140.3710938, 10276.6767578, 1032.6583252, 515.858276367, 376.411529541, 917.00970459, 724.128845215, 381.412658691, 40.1358413696, 29.0226268768, 46.7029685974, 57.4636192322, 41.1382102966, 19.0103378296, 19.0009479523, 3.97848010063, 0.960713863373, 0.175049185753, 0.0133695835248, 8.21405701572e-05, 3.04942489038e-08, 5.40671118987e-10],
        "max": [3.03956460953, 14.6955909729, 55.5957717896, 99.5059585571, 111.138206482, 125.33429718, 149.774169922, 129.630325317, 140.147857666, 550.031799316, 938.754516602, 630.758789062, 267.32913208, 517.781677246, 176.947494507, 135.542572021, 282.297332764, 815.984313965, 1450.37426758, 1120.60974121, 283.82409668, 362.382141113, 168.087005615, 253.866607666, 243.100952148, 167.945144653, 53.0163040161, 50.3411636353, 68.4968109131, 84.5999984741, 71.2746505737, 46.2444610596, 52.7458534241, 24.0726203918, 6.96466588974, 3.25773239136, 0.826646506786, 0.0625329986215, 0.00127950881142, 0.000181487150257],
        "mean": [0.516526579857, 2.99736118317, 6.14847612381, 6.78411149979, 8.54433250427, 11.4162607193, 12.0956001282, 10.2586660385, 10.9913520813, 24.5553607941, 47.5618095398, 26.5667629242, 22.7736415863, 26.8253555298, 12.2499656677, 14.4024782181, 16.2812137604, 26.9148635864, 52.8478469849, 61.180305481, 27.7303638458, 15.0533037186, 16.6480426788, 34.1372337341, 29.4448680878, 21.5071983337, 7.33809614182, 3.46563220024, 3.81377911568, 4.9574842453, 4.44456529617, 2.59903979301, 2.22415804863, 0.891429483891, 0.391152143478, 0.125099793077, 0.0234439019114, 0.00161247060169, 5.83465989621e-05, 4.81828210468e-05],
        "median": [0.504784345627, 2.90519523621, 4.24880838394, 4.63744163513, 6.12489557266, 7.28568506241, 7.41324424744, 6.94649934769, 7.1784954071, 13.0472517014, 20.2934169769, 17.4254665375, 13.1199941635, 13.1627559662, 9.13723373413, 10.9306268692, 10.8528194427, 12.6549472809, 12.2363443375, 15.0992717743, 11.9867286682, 9.85315513611, 8.8609046936, 12.7824544907, 12.6048059464, 8.59170436859, 3.80429029465, 1.53148424625, 1.08798718452, 2.01937437057, 2.04665207863, 1.22871661186, 0.885787427425, 0.291920304298, 0.137639760971, 0.0351251773536, 0.00330678210594, 0.000148439634359, 3.00487990899e-05, 4.51841406175e-05],
        "min": [0.000872997392435, 0.0110000316054, 0.0894638374448, 0.118078738451, 0.308635145426, 0.376718938351, 0.340705752373, 0.10999058187, 0.314043968916, 0.491404265165, 0.779487609863, 0.371762961149, 0.376908153296, 0.447839200497, 0.471868276596, 1.09684479237, 0.434784471989, 0.488039314747, 0.482720166445, 0.31295800209, 0.338604569435, 0.216269612312, 0.0837312862277, 0.197597116232, 0.289703428745, 0.093429505825, 0.0730802714825, 0.0847273468971, 0.0695106312633, 0.0691705346107, 0.0247764699161, 0.0110932812095, 0.0140835512429, 0.00384628097527, 0.000623180530965, 0.000103359983768, 1.06911984403e-05, 1.39753433359e-06, 2.48260539593e-06, 4.76809282191e-06],
        "var": [0.14327506721, 2.9164891243, 35.1704330444, 61.942779541, 82.6017684937, 164.039352417, 257.874664307, 116.300827026, 139.078353882, 1616.4342041, 6367.19384766, 1308.01403809, 731.556335449, 1870.52575684, 159.186981201, 156.85848999, 359.907226562, 3033.83837891, 17632.9433594, 13438.3173828, 1522.76831055, 441.130737305, 490.822540283, 1828.02062988, 1286.45983887, 736.069580078, 74.1869888306, 28.6326274872, 52.2965660095, 66.6736526489, 54.8186988831, 19.9398784637, 15.8407211304, 3.97463130951, 0.608856678009, 0.0728215798736, 0.00431640958413, 2.53947619058e-05, 1.09383657687e-08, 5.98772642579e-10]
    },
    "gfcc": {
        "mean": [23.0734233856, 112.902603149, -115.532051086, 50.3018417358, -55.4642829895, 26.449716568, -35.635017395, 20.1528720856, -16.5641002655, 1.50656819344, -7.50737571716, -9.97992420197, -6.88840770721],
        "cov": [[1826.10351562, -754.971008301, -122.838783264, 181.63142395, 11.7846860886, -31.4953231812, -78.3258972168, 248.642868042, -56.4624977112, 88.2501907349, -166.018356323, -60.3244743347, -108.183197021], [-754.971008301, 689.930725098, -195.854278564, -43.9455108643, 101.103569031, -92.7305450439, 92.0957183838, -127.284439087, 77.3150482178, -96.8965301514, 156.038970947, -75.0824508667, 111.873901367], [-122.838783264, -195.854278564, 482.402435303, -27.1583690643, -91.7210693359, 129.27545166, -40.8583602905, -26.7391147614, -38.4726638794, 67.4001235962, -59.2150688171, 136.935195923, -58.6853637695], [181.63142395, -43.9455108643, -27.1583690643, 151.358108521, 4.7323846817, -6.03534984589, 10.3581409454, 5.23734903336, 15.8125286102, -23.3879241943, 12.3654642105, -26.7316017151, 14.0935173035], [11.7846860886, 101.103569031, -91.7210693359, 4.7323846817, 160.743026733, -30.6189117432, 20.8861751556, 20.290851593, 15.3159208298, -4.65567302704, 3.31678199768, -23.4381084442, 24.1780872345], [-31.4953231812, -92.7305450439, 129.27545166, -6.03534984589, -30.6189117432, 158.860702515, 6.56124448776, -25.248626709, 11.0028038025, 14.8841686249, -15.4160413742, 30.5639610291, -5.5370388031], [-78.3258972168, 92.0957183838, -40.8583602905, 10.3581409454, 20.8861751556, 6.56124448776, 110.023628235, 5.38665771484, 9.25796413422, -0.378970861435, 24.2723007202, -32.5346832275, 12.5643529892], [248.642868042, -127.284439087, -26.7391147614, 5.23734903336, 20.290851593, -25.248626709, 5.38665771484, 137.051315308, 2.1367995739, 24.8171958923, -21.9941329956, -20.2762317657, -14.1781320572], [-56.4624977112, 77.3150482178, -38.4726638794, 15.8125286102, 15.3159208298, 11.0028038025, 9.25796413422, 2.1367995739, 79.9613571167, -1.11257469654, 23.2549343109, -18.8242645264, 20.9764347076], [88.2501907349, -96.8965301514, 67.4001235962, -23.3879241943, -4.65567302704, 14.8841686249, -0.378970861435, 24.8171958923, -1.11257469654, 83.4663238525, -17.2378349304, 13.5466241837, -23.1204204559], [-166.018356323, 156.038970947, -59.2150688171, 12.3654642105, 3.31678199768, -15.4160413742, 24.2723007202, -21.9941329956, 23.2549343109, -17.2378349304, 98.3536224365, -12.3413228989, 24.3448619843], [-60.3244743347, -75.0824508667, 136.935195923, -26.7316017151, -23.4381084442, 30.5639610291, -32.5346832275, -20.2762317657, -18.8242645264, 13.5466241837, -12.3413228989, 113.537796021, -13.0397729874], [-108.183197021, 111.873901367, -58.6853637695, 14.0935173035, 24.1780872345, -5.5370388031, 12.5643529892, -14.1781320572, 20.9764347076, -23.1204204559, 24.3448619843, -13.0397729874, 79.3461303711]],
        "icov": [[0.00178040587343, 0.00179014948662, 0.000949733832385, -0.00152003730182, -0.000600369647145, 0.000300031999359, 0.000393319671275, -0.000849925796501, 0.000177336638444, -0.000666802516207, 0.000483352661831, 0.000610371585935, 0.00057642837055], [0.00179014948662, 0.0139427008107, -0.00321236159652, 0.00701250787824, -0.006285127718, 0.00877022184432, -0.00591406691819, 0.00879872124642, -0.00790526717901, 0.00889531616122, -0.0109022576362, 0.00760850310326, -0.00652603479102], [0.000949733832385, -0.00321236159652, 0.00689292140305, -0.00447888486087, 0.00292697176337, -0.00530469091609, 0.00237371702679, -0.00332187791355, 0.00373588316143, -0.00612565549091, 0.00539599778131, -0.00647288281471, 0.00399434007704], [-0.00152003730182, 0.00701250787824, -0.00447888486087, 0.0146961174905, -0.00344355381094, 0.00594348320737, -0.00493117747828, 0.00689375214279, -0.00692309997976, 0.00954931043088, -0.00883500743657, 0.0062560737133, -0.00605433201417], [-0.000600369647145, -0.006285127718, 0.00292697176337, -0.00344355381094, 0.0103596150875, -0.00340503104962, 0.00164111715276, -0.00488747376949, 0.00287268217653, -0.00490314653143, 0.00633917795494, -0.00424543395638, 0.00146122323349], [0.000300031999359, 0.00877022184432, -0.00530469091609, 0.00594348320737, -0.00340503104962, 0.0149799892679, -0.00597285944968, 0.00790326204151, -0.00827692914754, 0.00675838254392, -0.00649070926011, 0.00520601775497, -0.00549017963931], [0.000393319671275, -0.00591406691819, 0.00237371702679, -0.00493117747828, 0.00164111715276, -0.00597285944968, 0.0143518559635, -0.00567736942321, 0.00518364319578, -0.00600920431316, 0.00318743335083, -0.00039729749551, 0.00313770957291], [-0.000849925796501, 0.00879872124642, -0.00332187791355, 0.00689375214279, -0.00488747376949, 0.00790326204151, -0.00567736942321, 0.0169683620334, -0.00719487154856, 0.0051098363474, -0.0071338834241, 0.00614753365517, -0.00468397140503], [0.000177336638444, -0.00790526717901, 0.00373588316143, -0.00692309997976, 0.00287268217653, -0.00827692914754, 0.00518364319578, -0.00719487154856, 0.0209811981767, -0.00828161928803, 0.00438247947022, -0.00307350838557, 0.00201158947311], [-0.000666802516207, 0.00889531616122, -0.00612565549091, 0.00954931043088, -0.00490314653143, 0.00675838254392, -0.00600920431316, 0.0051098363474, -0.00828161928803, 0.0238952506334, -0.00861770939082, 0.00601090304554, -0.00306348409504], [0.000483352661831, -0.0109022576362, 0.00539599778131, -0.00883500743657, 0.00633917795494, -0.00649070926011, 0.00318743335083, -0.0071338834241, 0.00438247947022, -0.00861770939082, 0.0242478940636, -0.00787833053619, 0.00502270692959], [0.000610371585935, 0.00760850310326, -0.00647288281471, 0.0062560737133, -0.00424543395638, 0.00520601775497, -0.00039729749551, 0.00614753365517, -0.00307350838557, 0.00601090304554, -0.00787833053619, 0.019516421482, -0.00478709349409], [0.00057642837055, -0.00652603479102, 0.00399434007704, -0.00605433201417, 0.00146122323349, -0.00549017963931, 0.00313770957291, -0.00468397140503, 0.00201158947311, -0.00306348409504, 0.00502270692959, -0.00478709349409, 0.0207055099308]]
    },
    "melbands": {
        "dmean": [0.00132859079167, 0.00132113578729, 0.000580875843298, 0.000375975301722, 0.000232521662838, 0.00010275778186, 7.93579747551e-05, 0.000171857900568, 0.00023741798941, 7.95198284322e-05, 5.65508016734e-05, 6.77084753988e-05, 2.00733229576e-05, 2.07058128581e-05, 1.44842679219e-05, 2.22919970838e-05, 2.9847242331e-05, 4.76427085232e-05, 4.16498733102e-05, 3.99709642807e-05, 1.28558776851e-05, 8.33505418996e-06, 6.14577947999e-06, 9.71350254986e-06, 1.31355855046e-05, 1.07028154162e-05, 8.81331288838e-06, 6.15207409282e-06, 2.49217350756e-06, 1.12755435566e-06, 1.12249369977e-06, 1.27645637349e-06, 1.29782813474e-06, 1.75286027115e-06, 1.54746851422e-06, 1.0318447039e-06, 8.50871572311e-07, 1.26738063955e-06, 6.80990240198e-07, 4.69869775088e-07],
        "dmean2": [0.00214150128886, 0.00219170260243, 0.000977635616437, 0.000610844232142, 0.000379988428904, 0.000164834098541, 0.000123990219436, 0.000278450694168, 0.00037985201925, 0.000123248872114, 8.6613385065e-05, 0.000103227444924, 3.01840627799e-05, 3.28587884724e-05, 2.30212317547e-05, 3.71866335627e-05, 4.65772100142e-05, 7.19310410204e-05, 6.20169448666e-05, 6.16112229181e-05, 2.0038061848e-05, 1.32997638502e-05, 9.42026326811e-06, 1.47795408338e-05, 1.9466097001e-05, 1.67093658092e-05, 1.33024404931e-05, 9.1093716037e-06, 3.77142646357e-06, 1.77433673798e-06, 1.72976501744e-06, 1.86018735349e-06, 1.88395847545e-06, 2.58368254435e-06, 2.27826262744e-06, 1.51317965447e-06, 1.31459967179e-06, 1.8974374143e-06, 1.03848924482e-06, 7.23620189547e-07],
        "dvar": [5.64517949897e-06, 4.43403314421e-06, 1.43948363984e-06, 2.91418558618e-07, 1.52040229295e-07, 3.46270674356e-08, 1.56037671672e-08, 1.2325182297e-07, 2.74006794143e-07, 3.52144589044e-08, 9.24400733737e-09, 1.87933100193e-08, 1.12504072725e-09, 5.72250247188e-10, 3.22858517698e-10, 2.53417309359e-09, 6.38205399639e-09, 1.93786391378e-08, 1.02955528547e-08, 7.88863641077e-09, 5.45416323217e-10, 4.41681274888e-10, 1.09370248969e-10, 2.83421119907e-10, 3.86799925423e-10, 2.84331974632e-10, 2.01823002755e-10, 8.93467175245e-11, 1.37118962018e-11, 4.07460263446e-12, 5.08783163169e-12, 7.9279404222e-12, 6.96549588841e-12, 1.13553845146e-11, 9.40238165104e-12, 5.29088968818e-12, 3.18604300928e-12, 5.95860817285e-12, 2.37677412473e-12, 1.16526601736e-12],
        "dvar2": [1.47473956531e-05, 1.31187625811e-05, 4.02095338359e-06, 7.2030576348e-07, 4.20431177872e-07, 9.08815849243e-08, 3.64411043563e-08, 2.9869397622e-07, 6.92550486292e-07, 8.83901449811e-08, 1.97720844142e-08, 4.10306704168e-08, 2.34190400406e-09, 1.4822773009e-09, 8.02971911185e-10, 7.28561611041e-09, 1.29300836704e-08, 4.11274498902e-08, 2.08879225028e-08, 1.92054798731e-08, 1.30436039747e-09, 1.06103836828e-09, 2.33915692371e-10, 6.2575694626e-10, 8.25397528104e-10, 7.25191295903e-10, 4.46900128015e-10, 2.02678970829e-10, 2.95825343388e-11, 9.20855319081e-12, 1.20929004657e-11, 1.73671042825e-11, 1.40266999404e-11, 2.47163036565e-11, 1.90976349318e-11, 1.12008458064e-11, 6.886161346e-12, 1.3854973592e-11, 5.23147324072e-12, 2.58982700736e-12],
        "max": [0.0216502919793, 0.0216025710106, 0.0148433055729, 0.0087338173762, 0.00448339991271, 0.00256605097093, 0.0020204805769, 0.00513103045523, 0.00640527252108, 0.00378662464209, 0.00159846991301, 0.00243868259713, 0.000719210132957, 0.000305702618789, 0.000193837549887, 0.000950961955823, 0.00210160273127, 0.00283021293581, 0.00164784677327, 0.00134179333691, 0.000333269854309, 0.000519483874086, 0.00018857352552, 0.000213027378777, 0.000243187649176, 0.000286718161078, 0.000183805721463, 0.000119808944874, 4.951435767e-05, 3.18917882396e-05, 2.43168451561e-05, 4.40341173089e-05, 3.46596643794e-05, 4.96527500218e-05, 4.32630804426e-05, 4.38466595369e-05, 2.76557129837e-05, 4.10862194258e-05, 2.75900129054e-05, 1.80980259756e-05],
        "mean": [0.00437320908532, 0.00350501062348, 0.00121544348076, 0.000760964350775, 0.000430534157204, 0.000230777979596, 0.000180362636456, 0.000301287509501, 0.000363954546629, 0.000147476777784, 0.000115407267003, 0.000117959090858, 3.94019298255e-05, 4.13897760154e-05, 3.06507536152e-05, 4.14000569435e-05, 4.87582401547e-05, 8.37570551084e-05, 7.57120069466e-05, 7.60365655879e-05, 2.44160564762e-05, 1.60194394994e-05, 1.19845881272e-05, 1.8261727746e-05, 2.92488020932e-05, 2.33697046497e-05, 1.8736711354e-05, 1.341987263e-05, 5.43110218132e-06, 2.03817080546e-06, 1.92200263882e-06, 2.10802022593e-06, 2.24577388508e-06, 3.02601210933e-06, 2.83903023046e-06, 1.81195252935e-06, 1.45819819863e-06, 1.75024786131e-06, 1.00074578313e-06, 6.73137833473e-07],
        "median": [0.00439704256132, 0.00304503575899, 0.00089848524658, 0.000486437260406, 0.000283866800601, 0.000163167293067, 0.000110679713544, 0.000150205989485, 0.000169761537109, 9.58545861067e-05, 6.23819214525e-05, 5.46178416698e-05, 2.56022049143e-05, 3.13141463266e-05, 2.39381624851e-05, 2.43859849434e-05, 2.13051553146e-05, 1.70553576027e-05, 1.61703610502e-05, 1.81152881851e-05, 1.23563804664e-05, 1.02538888314e-05, 6.73753129377e-06, 7.88575835031e-06, 1.02220337794e-05, 1.04555983853e-05, 6.97147697792e-06, 5.13344275532e-06, 2.54557926382e-06, 1.03595903056e-06, 6.76645527165e-07, 5.55595249807e-07, 7.11870768555e-07, 1.27024100038e-06, 1.29558827666e-06, 8.50730486945e-07, 6.5247712655e-07, 6.90420961291e-07, 3.30973193741e-07, 2.03662395393e-07],
        "min": [1.38613859235e-05, 4.78518632008e-05, 1.74648430402e-05, 2.4520457373e-05, 1.35249192681e-05, 1.61367529472e-06, 5.43816713616e-06, 4.85876307721e-06, 4.47697721029e-06, 1.82372377822e-06, 1.77401807377e-06, 1.21270431919e-06, 5.389131843e-07, 1.13294493076e-06, 2.01353532248e-06, 8.89701709639e-07, 6.7378039148e-07, 5.63632397643e-07, 2.588909922e-07, 5.12926135343e-07, 2.50201935614e-07, 2.41069216145e-07, 1.2717349307e-07, 3.51160203138e-08, 1.61510598673e-07, 1.60822139605e-07, 9.54797840791e-08, 3.50485258593e-08, 1.91783176007e-08, 4.76963002427e-08, 2.8147010056e-08, 4.0734269291e-09, 1.05621555946e-09, 3.11978851641e-08, 1.35536755153e-08, 6.50669385038e-09, 2.33506769476e-09, 6.22132168004e-09, 2.3090198642e-09, 1.28646767718e-12],
