{
"highlevel": {
    "danceability": {
        "all": {
            "danceable": 0.0142196193337,
            "not_danceable": 0.985780358315
        },
        "probability": 0.985780358315,
        "value": "not_danceable"
    },
    "gender": {
        "all": {
            "female": 0.153402939439,
            "male": 0.846597075462
        },
        "probability": 0.846597075462,
        "value": "male"
    },
    "genre_dortmund": {
        "all": {
            "alternative": 0.0949428603053,
            "blues": 0.0771975964308,
            "electronic": 0.00761958491057,
            "folkcountry": 0.306129813194,
            "funksoulrnb": 0.0166502594948,
            "jazz": 0.0221161581576,
            "pop": 0.110671669245,
            "raphiphop": 0.0015540511813,
            "rock": 0.36311802268
        },
        "probability": 0.36311802268,
        "value": "rock"
    },
    "genre_electronic": {
        "all": {
            "ambient": 0.252819269896,
            "dnb": 0.531720340252,
            "house": 0.072857350111,
            "techno": 0.00858746189624,
            "trance": 0.134015575051
        },
        "probability": 0.531720340252,
        "value": "dnb"
    },
    "genre_rosamerica": {
        "all": {
            "cla": 0.0395570881665,
            "dan": 0.0204643625766,
            "hip": 0.00519722653553,
            "jaz": 0.0260774753988,
            "pop": 0.0788644477725,
            "rhy": 0.167078688741,
            "roc": 0.659626722336,
            "spe": 0.00313397916034
        },
        "probability": 0.659626722336,
        "value": "roc"
    },
    "genre_tzanetakis": {
        "all": {
            "blu": 0.0626613423228,
            "cla": 0.0348169617355,
            "cou": 0.104475811124,
            "dis": 0.0784321576357,
            "hip": 0.15692435205,
            "jaz": 0.313974827528,
            "met": 0.0448166541755,
            "pop": 0.0627359300852,
            "reg": 0.0627360641956,
            "roc": 0.0784258767962
        },
        "probability": 0.313974827528,
        "value": "jaz"
    },
    "ismir04_rhythm": {
        "all": {
            "ChaChaCha": 0.051133044064,
            "Jive": 0.112879417837,
            "Quickstep": 0.439033687115,
            "Rumba-American": 0.00910857040435,
            "Rumba-International": 0.0836815461516,
            "Rumba-Misc": 0.00801209919155,
            "Samba": 0.0678731277585,
            "Tango": 0.0283240731806,
            "VienneseWaltz": 0.174971669912,
            "Waltz": 0.0249827485532
        },
        "probability": 0.439033687115,
        "value": "Quickstep"
    },
    "mood_acoustic": {
        "all": {
            "acoustic": 0.185323417187,
            "not_acoustic": 0.814676582813
        },
        "probability": 0.814676582813,
        "value": "not_acoustic"
    },
    "mood_aggressive": {
        "all": {
            "aggressive": 0.170774236321,
            "not_aggressive": 0.82922577858
        },
        "probability": 0.82922577858,
        "value": "not_aggressive"
    },
    "mood_electronic": {
        "all": {
            "electronic": 0.0581185296178,
            "not_electronic": 0.941881477833
        },
        "probability": 0.941881477833,
        "value": "not_electronic"
    },
    "mood_happy": {
        "all": {
            "happy": 0.939397871494,
            "not_happy": 0.0606021247804
        },
        "probability": 0.939397871494,
        "value": "happy"
    },
    "mood_party": {
        "all": {
            "not_party": 0.778671324253,
            "party": 0.221328705549
        },
        "probability": 0.778671324253,
        "value": "not_party"
    },
    "mood_relaxed": {
        "all": {
            "not_relaxed": 0.892862737179,
            "relaxed": 0.107137255371
        },
        "probability": 0.892862737179,
        "value": "not_relaxed"
    },
    "mood_sad": {
        "all": {
            "not_sad": 0.860366165638,
            "sad": 0.139633834362
        },
        "probability": 0.860366165638,
        "value": "not_sad"
    },
    "moods_mirex": {
        "all": {
            "Cluster1": 0.279208600521,
            "Cluster2": 0.23688775301,
            "Cluster3": 0.262472569942,
            "Cluster4": 0.186577796936,
            "Cluster5": 0.03485327214
        },
        "probability": 0.279208600521,
        "value": "Cluster1"
    },
    "timbre": {
        "all": {
            "bright": 0.990117371082,
            "dark": 0.00988260190934
        },
        "probability": 0.990117371082,
        "value": "bright"
    },
    "tonal_atonal": {
        "all": {
            "atonal": 0.00262973085046,
            "tonal": 0.997370243073
        },
        "probability": 0.997370243073,
        "value": "tonal"
    },
    "voice_instrumental": {
        "all": {
            "instrumental": 0.00106197793502,
            "voice": 0.998938024044
        },
        "probability": 0.998938024044,
        "value": "voice"
    }
},
"lowlevel": {
    "average_loudness": 0.969715952873,
    "barkbands_crest": {
        "dmean": 2.1581351757,
        "dmean2": 3.50827431679,
        "dvar": 3.69654726982,
        "dvar2": 9.93852615356,
        "max": 19.156419754,
        "mean": 7.95123291016,
        "median": 7.37503480911,
        "min": 2.63411569595,
        "var": 8.51351928711
    },
    "barkbands_flatness_db": {
        "dmean": 0.0162503067404,
        "dmean2": 0.0249899756163,
        "dvar": 0.000199406669708,
        "dvar2": 0.000443891709438,
        "max": 0.2841540277,
        "mean": 0.133646503091,
        "median": 0.132297337055,
        "min": 0.0652285441756,
        "var": 0.000911786104552
    },
    "barkbands_kurtosis": {
        "dmean": 1.3736872673,
        "dmean2": 2.15428590775,
        "dvar": 6.77960157394,
        "dvar2": 14.3887472153,
        "max": 68.6311416626,
        "mean": 1.51880836487,
        "median": 0.221140861511,
        "min": -1.63311052322,
        "var": 21.1330509186
    },
    "barkbands_skewness": {
        "dmean": 0.390962451696,
        "dmean2": 0.598992824554,
        "dvar": 0.149473145604,
        "dvar2": 0.320740699768,
        "max": 7.62654209137,
        "mean": 1.09661138058,
        "median": 1.02798640728,
        "min": -1.02522802353,
        "var": 0.842573106289
    },
    "barkbands_spread": {
        "dmean": 5.11402368546,
        "dmean2": 7.4181303978,
        "dvar": 23.395740509,
        "dvar2": 48.6331253052,
        "max": 62.0117263794,
        "mean": 25.191078186,
        "median": 24.3079414368,
        "min": 2.08636546135,
        "var": 78.5889892578
    },
    "dissonance": {
        "dmean": 0.017974043265,
        "dmean2": 0.0302316937596,
        "dvar": 0.000250974699156,
        "dvar2": 0.000687485444359,
        "max": 0.498392373323,
        "mean": 0.462401777506,
        "median": 0.465746879578,
        "min": 0.320494562387,
        "var": 0.000489210477099
    },
    "dynamic_complexity": 1.70421040058,
    "erbbands_crest": {
        "dmean": 2.73863887787,
        "dmean2": 4.53717803955,
        "dvar": 6.70983314514,
        "dvar2": 17.015001297,
        "max": 26.7345848083,
        "mean": 8.69307041168,
        "median": 7.78994750977,
        "min": 2.3948700428,
        "var": 16.0767307281
    },
    "erbbands_flatness_db": {
        "dmean": 0.0172275528312,
        "dmean2": 0.0245395004749,
        "dvar": 0.00027157049044,
        "dvar2": 0.000531833386049,
        "max": 0.284978836775,
        "mean": 0.164333075285,
        "median": 0.162385135889,
        "min": 0.0879529640079,
        "var": 0.00119752611499
    },
    "erbbands_kurtosis": {
        "dmean": 0.757721543312,
        "dmean2": 1.2019109726,
        "dvar": 1.67535948753,
        "dvar2": 4.00023698807,
        "max": 28.4991893768,
        "mean": 0.253982335329,
        "median": -0.347697973251,
        "min": -1.57632577419,
        "var": 4.14518165588
    },
    "erbbands_skewness": {
        "dmean": 0.317018717527,
        "dmean2": 0.487509459257,
        "dvar": 0.0890250056982,
        "dvar2": 0.202942207456,
        "max": 5.03825139999,
        "mean": 0.0558075346053,
        "median": 0.028393374756,
        "min": -1.89364874363,
        "var": 0.362342149019
    },
    "erbbands_spread": {
        "dmean": 7.95157337189,
        "dmean2": 11.8664484024,
        "dvar": 59.4653930664,
        "dvar2": 129.146789551,
        "max": 103.879951477,
        "mean": 38.4064483643,
        "median": 36.4735527039,
        "min": 6.74364471436,
        "var": 273.973175049
    },
    "hfc": {
        "dmean": 7.8019528389,
        "dmean2": 10.5233860016,
        "dvar": 114.323707581,
        "dvar2": 206.591430664,
        "max": 135.826217651,
        "mean": 27.6459178925,
        "median": 21.7440910339,
        "min": 0.310384571552,
        "var": 381.419250488
    },
    "melbands_crest": {
        "dmean": 2.86725902557,
        "dmean2": 4.63583469391,
        "dvar": 6.35557556152,
        "dvar2": 17.531791687,
        "max": 27.2643623352,
        "mean": 11.6830615997,
        "median": 11.1746044159,
        "min": 3.91269874573,
        "var": 15.9797992706
    },
    "melbands_flatness_db": {
        "dmean": 0.0198262128979,
        "dmean2": 0.0295411478728,
        "dvar": 0.000306269270368,
        "dvar2": 0.000645778956823,
        "max": 0.331480950117,
        "mean": 0.163688242435,
        "median": 0.162554234266,
        "min": 0.0481833592057,
        "var": 0.00168588140514
    },
    "melbands_kurtosis": {
        "dmean": 4.17225837708,
        "dmean2": 6.6105761528,
        "dvar": 64.5627746582,
        "dvar2": 158.842498779,
        "max": 201.470703125,
        "mean": 8.05214118958,
        "median": 4.79850721359,
        "min": -1.57993173599,
        "var": 148.108306885
    },
    "melbands_skewness": {
        "dmean": 0.583601176739,
        "dmean2": 0.901808261871,
        "dvar": 0.382422089577,
        "dvar2": 0.887018024921,
        "max": 11.1926240921,
        "mean": 2.1779654026,
        "median": 2.04746460915,
        "min": -0.902071893215,
        "var": 1.6888885498
    },
    "melbands_spread": {
        "dmean": 6.4972949028,
        "dmean2": 9.98236560822,
        "dvar": 42.9015197754,
        "dvar2": 96.557258606,
        "max": 75.4601211548,
        "mean": 28.6580047607,
        "median": 27.6682434082,
        "min": 1.70163309574,
        "var": 162.618286133
    },
    "pitch_salience": {
        "dmean": 0.062341991812,
        "dmean2": 0.0996293500066,
        "dvar": 0.0027346170973,
        "dvar2": 0.00693338131532,
        "max": 0.785060882568,
        "mean": 0.559090673923,
        "median": 0.558725595474,
        "min": 0.161247804761,
        "var": 0.00732402643189
    },
    "silence_rate_20dB": {
        "dmean": 0,
        "dmean2": 0,
        "dvar": 0,
        "dvar2": 0,
        "max": 1,
        "mean": 1,
        "median": 1,
        "min": 1,
        "var": 0
    },
    "silence_rate_30dB": {
        "dmean": 0,
        "dmean2": 0,
        "dvar": 0,
        "dvar2": 0,
        "max": 1,
        "mean": 1,
        "median": 1,
        "min": 1,
        "var": 0
    },
    "silence_rate_60dB": {
        "dmean": 0.00154798757285,
        "dmean2": 0.00309837330133,
        "dvar": 0.00154558790382,
        "dvar2": 0.0030887555331,
        "max": 1,
        "mean": 0.00309358071536,
        "median": 0,
        "min": 0,
        "var": 0.00308400089853
    },
    "spectral_centroid": {
        "dmean": 223.582138062,
        "dmean2": 334.060058594,
        "dvar": 40826.5546875,
        "dvar2": 93755.046875,
        "max": 2989.58398438,
        "mean": 1439.41674805,
        "median": 1431.14990234,
        "min": 421.778533936,
        "var": 162304.953125
    },
    "spectral_complexity": {
        "dmean": 3.76934981346,
        "dmean2": 5.40588712692,
        "dvar": 15.5613069534,
        "dvar2": 26.707403183,
        "max": 56,
        "mean": 23.5576171875,
        "median": 23,
        "min": 1,
        "var": 64.2344894409
    },
    "spectral_decrease": {
        "dmean": 1.94404337073e-09,
        "dmean2": 2.89666091113e-09,
        "dvar": 4.41468981257e-18,
        "dvar2": 9.73793082172e-18,
        "max": -8.41218553149e-11,
        "mean": -7.44022354837e-09,
        "median": -6.89392676279e-09,
        "min": -2.83984107341e-08,
        "var": 1.37285635981e-17
    },
    "spectral_energy": {
        "dmean": 0.00781604554504,
        "dmean2": 0.011545330286,
        "dvar": 7.11446991772e-05,
        "dvar2": 0.000153584740474,
        "max": 0.111807949841,
        "mean": 0.0305887237191,
        "median": 0.0283285938203,
        "min": 0.000345648120856,
        "var": 0.000229994751862
    },
    "spectral_energyband_high": {
        "dmean": 0.000610273564234,
        "dmean2": 0.000824632879812,
        "dvar": 1.4428491113e-06,
        "dvar2": 2.72797819889e-06,
        "max": 0.0127786463127,
        "mean": 0.00109040248208,
        "median": 0.000560575688723,
        "min": 2.35536554101e-05,
        "var": 2.52098629971e-06
    },
    "spectral_energyband_low": {
        "dmean": 0.00379582308233,
        "dmean2": 0.00590676162392,
        "dvar": 3.47009190591e-05,
        "dvar2": 8.13045407995e-05,
        "max": 0.0562514960766,
        "mean": 0.00737484963611,
        "median": 0.00475513190031,
        "min": 3.50652117049e-05,
        "var": 6.09854323557e-05
    },
    "spectral_energyband_middle_high": {
        "dmean": 0.0025991818402,
        "dmean2": 0.00375760649331,
        "dvar": 1.02721414805e-05,
        "dvar2": 2.07217362913e-05,
        "max": 0.0437257252634,
        "mean": 0.00912949070334,
        "median": 0.00664549134672,
        "min": 2.63142301264e-05,
        "var": 6.04701272096e-05
    },
    "spectral_energyband_middle_low": {
        "dmean": 0.00496310181916,
        "dmean2": 0.00764240324497,
        "dvar": 3.47402892658e-05,
        "dvar2": 8.65567271831e-05,
        "max": 0.0830877870321,
        "mean": 0.0140487598255,
        "median": 0.0120205450803,
        "min": 0.000269890384516,
        "var": 7.97010070528e-05
    },
    "spectral_entropy": {
        "dmean": 0.149114608765,
        "dmean2": 0.199218466878,
        "dvar": 0.0181261133403,
        "dvar2": 0.0304260347039,
        "max": 8.35133171082,
        "mean": 7.58350801468,
        "median": 7.55360603333,
        "min": 6.41910505295,
        "var": 0.0907199084759
    },
    "spectral_flux": {
        "dmean": 0.0219153892249,
        "dmean2": 0.033225607127,
        "dvar": 0.000439865805674,
        "dvar2": 0.000958031567279,
        "max": 0.227283164859,
        "mean": 0.0923715606332,
        "median": 0.0845246389508,
        "min": 0.012827379629,
        "var": 0.00144709891174
    },
    "spectral_kurtosis": {
        "dmean": 1.37930774689,
        "dmean2": 2.27921462059,
        "dvar": 1.66605854034,
        "dvar2": 4.89035892487,
        "max": 13.0130767822,
        "mean": 3.17306256294,
        "median": 2.87458848953,
        "min": -0.286833524704,
        "var": 3.36587333679
    },
    "spectral_rms": {
        "dmean": 0.000683490245137,
        "dmean2": 0.000987614272162,
        "dvar": 4.33307519643e-07,
        "dvar2": 8.6717392378e-07,
        "max": 0.0104441810399,
        "mean": 0.00528909265995,
        "median": 0.00525715248659,
        "min": 0.000580704479944,
        "var": 1.86817885606e-06
    },
    "spectral_rolloff": {
        "dmean": 424.613586426,
        "dmean2": 667.996276855,
        "dvar": 334648.78125,
        "dvar2": 718133.3125,
        "max": 6416.89453125,
        "mean": 1614.17382812,
        "median": 1593.45703125,
        "min": 172.265625,
        "var": 730783.1875
    },
    "spectral_skewness": {
        "dmean": 0.198202386498,
        "dmean2": 0.309343218803,
        "dvar": 0.0254956968129,
        "dvar2": 0.0645845383406,
        "max": 2.70405173302,
        "mean": 1.3166488409,
        "median": 1.31864893436,
        "min": 0.263172954321,
        "var": 0.0806952565908
    },
    "spectral_spread": {
        "dmean": 528966.3125,
        "dmean2": 735286.25,
        "dvar": 316957491200,
        "dvar2": 592566157312,
        "max": 8739893,
        "mean": 4306562,
        "median": 4143433.25,
        "min": 1966487.375,
        "var": 1.21157333811e+12
    },
    "spectral_strongpeak": {
        "dmean": 0.685553729534,
        "dmean2": 1.16662144661,
        "dvar": 1.13781177998,
        "dvar2": 2.65081167221,
        "max": 11.1080522537,
        "mean": 1.1722766161,
        "median": 0.630447804928,
        "min": 0.0389565601945,
        "var": 2.13536787033
    },
    "zerocrossingrate": {
        "dmean": 0.0088986614719,
        "dmean2": 0.0104619264603,
        "dvar": 7.41069670767e-05,
        "dvar2": 9.6694478998e-05,
        "max": 0.1396484375,
        "mean": 0.0643874183297,
        "median": 0.0615234375,
        "min": 0.0166015625,
        "var": 0.000428983534221
    },
    "barkbands": {
        "dmean": [1.9647197405e-05, 0.00244433106855, 0.00174677465111, 0.00156727165449, 0.00254809390754, 0.000919778074604, 0.000658643781208, 0.00102993915789, 0.000833078229334, 0.000735031557269, 0.000651828711852, 0.000366063759429, 0.000812323356513, 0.000840461580083, 0.000725193938706, 0.00044812617125, 0.000245493196417, 0.000279890751699, 0.000165874531376, 0.000144354242366, 0.000135318565299, 0.000145406564116, 0.000141647906275, 0.000132607965497, 5.61640044907e-05, 8.5147230493e-06, 3.02421709897e-09],
        "dmean2": [3.27397319779e-05, 0.00378201901913, 0.00282500614412, 0.00260830833577, 0.00402011629194, 0.00139841251075, 0.00104713253677, 0.00158168456983, 0.00130014505703, 0.00117614574265, 0.00102415517904, 0.000560386688448, 0.00127731158864, 0.00128460337874, 0.0011681499891, 0.000703571131453, 0.000392617133912, 0.000453816930531, 0.000262390443822, 0.000220383284613, 0.000200270893401, 0.000216146174353, 0.000203153249458, 0.000187775833183, 8.08642071206e-05, 1.3639338249e-05, 4.11212086604e-09],
        "dvar": [1.33616573361e-09, 2.12414506677e-05, 6.23079722573e-06, 5.76282673137e-06, 1.38212408274e-05, 1.37980600812e-06, 1.49800928284e-06, 5.17628450325e-06, 3.28081591761e-06, 1.78997549938e-06, 1.52157781486e-06, 7.32265107217e-07, 3.18381125908e-06, 2.89776767204e-06, 1.62022217864e-06, 8.87858561782e-07, 1.67254469829e-07, 1.74405599296e-07, 4.36596572229e-08, 5.28870387484e-08, 7.88499718851e-08, 9.35426740512e-08, 1.00515983092e-07, 6.73819045005e-08, 1.18413225891e-08, 3.77848280442e-10, 2.76949407621e-15],
        "dvar2": [3.53804852082e-09, 4.64516851935e-05, 1.73535863723e-05, 1.6427542505e-05, 3.48206849594e-05, 3.06606330014e-06, 3.62313903679e-06, 1.22982655739e-05, 7.62220224715e-06, 4.2180595301e-06, 3.46096089743e-06, 1.55082796027e-06, 7.18311503078e-06, 6.68785833113e-06, 3.57252588401e-06, 2.16145076593e-06, 4.13060632809e-07, 4.35545075561e-07, 1.06913361719e-07, 1.25949185303e-07, 1.75574612626e-07, 1.98460185175e-07, 2.19581210104e-07, 1.35322977712e-07, 2.378340902e-08, 9.76403957687e-10, 2.7781357181e-15],
        "max": [0.000332637486281, 0.0377891175449, 0.0357438735664, 0.0376834645867, 0.0445699132979, 0.0138672422618, 0.0173657611012, 0.0352912545204, 0.0296037774533, 0.0200437586755, 0.0168030727655, 0.0244695860893, 0.0276345610619, 0.0260360911489, 0.019193161279, 0.0179910939187, 0.00659268442541, 0.007548103109, 0.00303182844073, 0.00327029381879, 0.0031412737444, 0.00319012883119, 0.00477757444605, 0.00272356020287, 0.00109270738903, 0.00024835934164, 1.83633039796e-06],
        "mean": [2.07155117096e-05, 0.00346046546474, 0.00302041065879, 0.00275810924359, 0.00499270251021, 0.0020431431476, 0.0011123153381, 0.00163551326841, 0.00115090655163, 0.00110375531949, 0.00107012211811, 0.000626390683465, 0.00139617337845, 0.00147227477282, 0.00131823017728, 0.000831735378597, 0.000445938727353, 0.000564538815524, 0.000347004010109, 0.000295962323435, 0.000230620644288, 0.000217605818762, 0.000196387598407, 0.000190052043763, 7.80686095823e-05, 9.5871191661e-06, 2.74652167676e-09],
        "median": [7.72495695855e-06, 0.00149006419815, 0.00186877534725, 0.00168024515733, 0.0032922255341, 0.00144352368079, 0.000561770924833, 0.000867540598847, 0.000470617262181, 0.000582944485359, 0.000402621604735, 0.000230227058637, 0.000450937339338, 0.000508107128553, 0.000599580584094, 0.000424938159995, 0.000305286899675, 0.00037683948176, 0.000269962532911, 0.000213092454942, 0.000140441916301, 0.000102205573057, 6.78987198626e-05, 6.35385440546e-05, 1.78352202056e-05, 1.64495963872e-06, 4.08569067467e-10],
        "min": [4.92515495054e-09, 6.79250479152e-06, 9.02403280634e-06, 2.41982138505e-06, 3.1071790545e-06, 2.03056188184e-05, 2.33683022088e-06, 3.31830096911e-06, 2.23179358727e-06, 2.12866621041e-06, 4.43717397047e-07, 5.11609016485e-07, 1.81330619853e-06, 3.1142114949e-06, 7.60928060117e-07, 1.89141459828e-07, 8.20792763534e-07, 1.4054952544e-06, 3.89503202314e-06, 3.34866922458e-06, 1.89711386156e-06, 1.90806349565e-06, 3.2319710499e-06, 5.43998680769e-07, 8.98197072274e-11, 2.42281247148e-11, 1.87906148974e-11],
        "var": [1.3126255638e-09, 3.09441311401e-05, 1.25971555462e-05, 1.18025209304e-05, 2.66931510851e-05, 3.8180496631e-06, 2.57529063674e-06, 7.95043069957e-06, 4.66101391794e-06, 2.77108506452e-06, 3.27892280438e-06, 1.98763927983e-06, 7.11088478056e-06, 7.60076909501e-06, 4.38808319814e-06, 1.90370758446e-06, 2.66346603439e-07, 3.65343566955e-07, 8.24026145096e-08, 8.38959408611e-08, 1.09003352122e-07, 1.33050633622e-07, 1.38270209504e-07, 1.11306057704e-07, 2.02948875483e-08, 4.19120071982e-10, 2.76950212302e-15]
    },
    "erbbands": {
        "dmean": [0.0453334152699, 0.649678826332, 1.99374306202, 2.92418122292, 8.94747257233, 8.49627304077, 5.77803516388, 9.27667427063, 9.37029075623, 14.2316112518, 20.9951705933, 19.9948444366, 20.1359901428, 24.8639850616, 24.5555744171, 13.5001220703, 36.7062530518, 36.8140525818, 42.9512825012, 27.9945678711, 18.3221092224, 10.9988670349, 14.2973251343, 10.9421834946, 8.27733135223, 7.00088882446, 4.8879365921, 6.43658828735, 5.12352752686, 3.98592305183, 4.17779159546, 3.4168047905, 1.87496054173, 0.875284552574, 0.282880365849, 0.0701064169407, 0.00873675104231, 0.000376685551601, 1.64132252394e-05, 1.05845674625e-05],
        "dmean2": [0.0656738877296, 1.02246582508, 3.31479740143, 4.91286087036, 14.0898666382, 13.7889328003, 9.13749885559, 13.999756813, 14.5610160828, 21.7715148926, 32.3715782166, 31.3442192078, 32.1075439453, 39.5166549683, 38.1186065674, 20.0147705078, 57.4248275757, 53.7995376587, 66.3342819214, 42.293182373, 28.1911239624, 17.0703163147, 22.7669086456, 17.3848190308, 13.2334041595, 10.7385578156, 7.30092334747, 9.86132621765, 7.61527442932, 5.63107728958, 6.16339635849, 4.92962932587, 2.7301030159, 1.24903249741, 0.417249143124, 0.108395025134, 0.0144929550588, 0.000627606466878, 2.32350521401e-05, 1.50035457409e-05],
        "dvar": [0.00925531145185, 1.44733071327, 9.29827022552, 16.5802059174, 211.089294434, 227.249908447, 68.9970550537, 175.541763306, 245.574615479, 754.007507324, 2885.05175781, 1885.35241699, 2713.97631836, 1665.74926758, 2233.75146484, 898.035522461, 6683.34277344, 4581.66210938, 6888.5, 3610.62304688, 1129.5480957, 297.084960938, 390.749542236, 276.941467285, 161.837203979, 135.988327026, 85.2167510986, 194.302902222, 117.555259705, 73.1772994995, 95.3157730103, 45.7797203064, 14.7020339966, 2.86571621895, 0.322929143906, 0.0209854617715, 0.000531086989213, 1.18212972211e-06, 1.10469078329e-09, 1.52476906101e-10],
        "dvar2": [0.0170414913446, 3.39287614822, 26.2508087158, 46.4687995911, 501.626159668, 604.047302246, 164.880432129, 382.879760742, 620.370910645, 1639.62854004, 7402.8125, 4546.38330078, 6410.53466797, 4043.8059082, 5247.06445312, 1934.00500488, 14552.8876953, 10153.2548828, 16011.5908203, 7808.96337891, 2701.64892578, 731.781066895, 962.908691406, 693.432495117, 421.096496582, 324.831268311, 175.586730957, 445.206573486, 247.125915527, 153.979721069, 218.422637939, 99.3469238281, 28.3520412445, 5.65109968185, 0.708533287048, 0.0499189943075, 0.00141707900912, 3.12799647872e-06, 2.46242071178e-09, 3.03472719176e-10],
        "max": [0.849399864674, 10.2663450241, 41.0124740601, 50.9411277771, 254.425842285, 225.858474731, 155.947067261, 179.741088867, 251.212661743, 455.874450684, 870.783691406, 827.30670166, 956.227661133, 416.8359375, 673.267944336, 845.775634766, 1414.66955566, 1218.97790527, 1336.08789062, 1322.09790039, 675.115966797, 310.31137085, 256.753997803, 226.788085938, 242.817642212, 165.167510986, 121.146659851, 151.771148682, 127.288452148, 107.403198242, 162.482131958, 63.7059555054, 43.5786972046, 17.0762653351, 6.22338485718, 1.60091352463, 0.29660525918, 0.0159001369029, 0.000443246710347, 0.000141912358231],
        "mean": [0.0611080117524, 0.933714330196, 3.34890127182, 5.9805932045, 16.621969223, 14.8237838745, 11.8922214508, 20.0779685974, 18.0491085052, 24.9597625732, 30.5220832825, 29.4164466858, 29.1038742065, 41.9388694763, 42.3783340454, 28.2298545837, 64.7745666504, 74.0873718262, 84.2644348145, 53.5019111633, 37.88539505, 23.3583755493, 30.3454475403, 22.1234169006, 17.4775238037, 14.4672269821, 9.59535694122, 9.90808105469, 8.00501251221, 6.03697395325, 5.64044046402, 4.57086658478, 2.73794698715, 1.21189081669, 0.383435428143, 0.0872199237347, 0.00901049561799, 0.000380618817871, 3.49737638317e-05, 3.98775700887e-05],
        "median": [0.0195353087038, 0.435368508101, 2.10066342354, 4.54470968246, 9.51287174225, 9.18397903442, 8.43580055237, 11.8894872665, 10.3723258972, 13.7148981094, 14.2301006317, 13.4676809311, 14.246931076, 20.7467765808, 16.8466529846, 11.8622579575, 21.7504272461, 32.2788619995, 36.9975662231, 26.5783729553, 21.1139411926, 16.0433959961, 20.6541538239, 15.1195678711, 13.9169054031, 10.0802268982, 6.29312372208, 5.09791374207, 3.90685844421, 2.49659180641, 1.93211460114, 1.53337085247, 0.855669438839, 0.305074959993, 0.0836076512933, 0.017882661894, 0.00139421748463, 5.28147356817e-05, 2.14971278183e-05, 3.59468249371e-05],
        "min": [0.000266121962341, 0.000817003776319, 0.0123181156814, 0.0186522211879, 0.00768533768132, 0.0238066725433, 0.134362503886, 0.276303380728, 0.154860109091, 0.249129772186, 0.0471180975437, 0.0526271723211, 0.0702919140458, 0.0545819252729, 0.0266048423946, 0.0240126140416, 0.110005706549, 0.220399409533, 0.051458992064, 0.0267884600908, 0.0197791550308, 0.0743200182915, 0.0586865134537, 0.152521237731, 0.247612982988, 0.15927515924, 0.13794337213, 0.0964905172586, 0.0581952184439, 0.110733233392, 0.0756742209196, 0.0563828870654, 0.0147373406217, 0.00240826047957, 0.000296009879094, 4.60192750324e-05, 1.11830113383e-05, 1.32924424179e-06, 4.24595867798e-07, 4.79501238715e-07],
        "var": [0.014134041965, 1.99940991402, 15.3766717911, 28.519235611, 461.24319458, 320.036254883, 145.377960205, 522.350463867, 539.627258301, 1485.71826172, 3223.39379883, 2599.70483398, 3514.36425781, 3129.95727539, 5140.99023438, 3141.9465332, 15415.9179688, 14887.3398438, 17890.671875, 9024.95996094, 2916.20019531, 604.939880371, 1001.87713623, 503.010681152, 231.017471313, 218.662368774, 135.018722534, 243.830703735, 169.135406494, 109.939315796, 119.581130981, 65.3690872192, 25.4313850403, 4.97809553146, 0.50309497118, 0.0286679212004, 0.000490254024044, 1.06365177999e-06, 1.66567537541e-09, 4.69369321188e-10]
    },
    "gfcc": {
        "mean": [26.8003406525, 106.002914429, -142.163848877, 50.4190788269, -67.8341827393, 22.0511417389, -45.8408660889, 2.31481528282, -21.3631706238, -6.39223384857, -10.5780096054, -14.2282238007, -5.56805515289],
        "cov": [[1709.11706543, -575.38885498, 157.219985962, -138.963760376, 37.5302505493, 267.027770996, -118.46736145, 178.99520874, -168.425735474, 148.903533936, -172.55430603, 94.3899078369, -74.3823776245], [-575.38885498, 608.752075195, -217.871276855, 20.4576530457, 96.4752426147, -160.511703491, 122.159057617, -134.906051636, 121.20463562, -126.41494751, 108.878921509, -96.565788269, 70.2624740601], [157.219985962, -217.871276855, 534.135864258, 120.249565125, -61.6720695496, 85.886756897, -86.2911376953, 111.356437683, -68.8037948608, 96.4396209717, -38.6363830566, 49.073890686, -67.4251556396], [-138.963760376, 20.4576530457, 120.249565125, 215.772293091, -4.68457126617, -26.4691257477, -0.832450866699, -7.64178371429, 39.5111465454, -46.6434211731, 13.4089365005, -16.7425823212, 28.0073108673], [37.5302505493, 96.4752426147, -61.6720695496, -4.68457126617, 195.911743164, 42.094417572, 29.4148578644, 7.08259153366, 0.149861648679, -12.4809474945, -18.183013916, -1.29031336308, 13.968993187], [267.027770996, -160.511703491, 85.886756897, -26.4691257477, 42.094417572, 208.06489563, 36.633644104, 41.6652488708, -53.9384727478, 53.664806366, -13.1046552658, 20.7213916779, -33.1437950134], [-118.46736145, 122.159057617, -86.2911376953, -0.832450866699, 29.4148578644, 36.633644104, 131.773254395, -12.8382320404, 26.9712810516, -33.1127815247, 25.4793128967, -25.4266700745, 6.49064779282], [178.99520874, -134.906051636, 111.356437683, -7.64178371429, 7.08259153366, 41.6652488708, -12.8382320404, 142.861846924, 4.33460569382, 46.478767395, -54.5210189819, 29.7085342407, -10.5415506363], [-168.425735474, 121.20463562, -68.8037948608, 39.5111465454, 0.149861648679, -53.9384727478, 26.9712810516, 4.33460569382, 135.563293457, -17.3238792419, 23.1327056885, -32.4266548157, 26.1834373474], [148.903533936, -126.41494751, 96.4396209717, -46.6434211731, -12.4809474945, 53.664806366, -33.1127815247, 46.478767395, -17.3238792419, 130.234527588, 14.3605613708, 32.4191513062, -43.6273803711], [-172.55430603, 108.878921509, -38.6363830566, 13.4089365005, -18.183013916, -13.1046552658, 25.4793128967, -54.5210189819, 23.1327056885, 14.3605613708, 118.712791443, 7.6783118248, 8.21908855438], [94.3899078369, -96.565788269, 49.073890686, -16.7425823212, -1.29031336308, 20.7213916779, -25.4266700745, 29.7085342407, -32.4266548157, 32.4191513062, 7.6783118248, 80.6200027466, 8.2241230011], [-74.3823776245, 70.2624740601, -67.4251556396, 28.0073108673, 13.968993187, -33.1437950134, 6.49064779282, -10.5415506363, 26.1834373474, -43.6273803711, 8.21908855438, 8.2241230011, 75.2291564941]],
        "icov": [[0.00113132968545, -5.13108498126e-05, 0.000618075137027, -0.000179745664354, 0.000198465757421, -0.00139377743471, 0.00114620116074, -0.000733250810299, 0.000607518653851, -0.000526926654857, 0.0011602640152, -0.000495942425914, 0.000345273205312], [-5.13108498126e-05, 0.014056224376, -0.00705212540925, 0.00900476239622, -0.00994700472802, 0.0112731978297, -0.0103759309277, 0.00623989803717, -0.00520651694387, 0.00637226179242, -0.0113721629605, 0.0117552215233, -0.008803749457], [0.000618075137027, -0.00705212540925, 0.00899060070515, -0.00892089493573, 0.00630639214069, -0.00744287203997, 0.00764549337327, -0.00630890252069, 0.0049524824135, -0.00516889663413, 0.00647642137483, -0.00710109388456, 0.00793042685837], [-0.000179745664354, 0.00900476239622, -0.00892089493573, 0.0149832945317, -0.00726541457698, 0.00765208574012, -0.00688243331388, 0.00545043498278, -0.00634267413989, 0.00816925801337, -0.00912000611424, 0.00924196932465, -0.0091525260359], [0.000198465757421, -0.00994700472802, 0.00630639214069, -0.00726541457698, 0.01311319042, -0.00973942223936, 0.00695869326591, -0.00478593166918, 0.00391638325527, -0.00489610526711, 0.00953689403832, -0.00875422544777, 0.00555932475254], [-0.00139377743471, 0.0112731978297, -0.00744287203997, 0.00765208574012, -0.00973942223936, 0.0187292955816, -0.0138335265219, 0.0052987486124, -0.00206815055571, 0.00272684823722, -0.00973413605243, 0.00969469640404, -0.00712568266317], [0.00114620116074, -0.0103759309277, 0.00764549337327, -0.00688243331388, 0.00695869326591, -0.0138335265219, 0.0213262476027, -0.00793676264584, 0.00289702042937, -0.000493958650623, 0.00507648801431, -0.00654950784519, 0.00876654870808], [-0.000733250810299, 0.00623989803717, -0.00630890252069, 0.00545043498278, -0.00478593166918, 0.0052987486124, -0.00793676264584, 0.017745712772, -0.00729213003069, -0.000907511508558, 0.00215974077582, 0.000676345895045, -0.00614014267921], [0.000607518653851, -0.00520651694387, 0.0049524824135, -0.00634267413989, 0.00391638325527, -0.00206815055571, 0.00289702042937, -0.00729213003069, 0.0150108914822, -0.00529647199437, 0.00199820683338, 0.000816354062408, 0.000749725732021], [-0.000526926654857, 0.00637226179242, -0.00516889663413, 0.00816925801337, -0.00489610526711, 0.00272684823722, -0.000493958650623, -0.000907511508558, -0.00529647199437, 0.0205639060587, -0.0118023687974, 0.00294955330901, 0.00261534471065], [0.0011602640152, -0.0113721629605, 0.00647642137483, -0.00912000611424, 0.00953689403832, -0.00973413605243, 0.00507648801431, 0.00215974077582, 0.00199820683338, -0.0118023687974, 0.0255461391062, -0.0148585708812, 0.00606701942161], [-0.000495942425914, 0.0117552215233, -0.00710109388456, 0.00924196932465, -0.00875422544777, 0.00969469640404, -0.00654950784519, 0.000676345895045, 0.000816354062408, 0.00294955330901, -0.0148585708812, 0.0304470639676, -0.0149968257174], [0.000345273205312, -0.008803749457, 0.00793042685837, -0.0091525260359, 0.00555932475254, -0.00712568266317, 0.00876654870808, -0.00614014267921, 0.000749725732021, 0.00261534471065, 0.00606701942161, -0.0149968257174, 0.0288157742471]]
    },
    "melbands": {
        "dmean": [0.00055734673515, 0.000943029066548, 0.000695851922501, 0.000606757588685, 0.00024124821357, 0.000197770859813, 0.000142076707562, 0.000175431734533, 0.000168159516761, 0.000128109095385, 0.000101685996924, 0.000103271609987, 8.05329982541e-05, 4.89816375193e-05, 5.05180796608e-05, 8.92380194273e-05, 7.77973837103e-05, 7.90361082181e-05, 4.44141405751e-05, 4.22801531386e-05, 2.01770089916e-05, 1.26213844851e-05, 1.52229349624e-05, 1.26914555949e-05, 9.28761437535e-06, 7.34962713977e-06, 5.21846595802e-06, 5.04857916894e-06, 3.32974173034e-06, 3.20433832712e-06, 4.35975471191e-06, 3.28845089825e-06, 2.43247609433e-06, 2.30581554206e-06, 2.46280637839e-06, 2.44126886173e-06, 2.05540936804e-06, 1.43034162647e-06, 1.04600144368e-06, 6.84847123011e-07],
        "dmean2": [0.000833238882478, 0.00155409285799, 0.00112922838889, 0.000967540370766, 0.000384361628676, 0.000299217441352, 0.000222179078264, 0.000266396265943, 0.000261464650976, 0.000202231400181, 0.000161502655828, 0.000164237120771, 0.000126807295601, 7.43650743971e-05, 7.91875499999e-05, 0.000142844583024, 0.000113549605885, 0.000120778517157, 6.93138863426e-05, 6.54522882542e-05, 3.1438012229e-05, 1.99693040486e-05, 2.44699076575e-05, 2.06447530218e-05, 1.48412173075e-05, 1.18425896289e-05, 8.40059237817e-06, 7.85455995356e-06, 5.05862317368e-06, 4.87192164655e-06, 6.8330286922e-06, 5.00907526657e-06, 3.57044473276e-06, 3.3718049508e-06, 3.67504731003e-06, 3.58589591087e-06, 3.00805891129e-06, 2.11337987821e-06, 1.50403741372e-06, 9.98198288471e-07],
        "dvar": [1.19708943203e-06, 2.25847884394e-06, 1.0444767895e-06, 8.39102085592e-07, 1.19763555517e-07, 7.40895416129e-08, 5.69502276448e-08, 1.08260785225e-07, 1.7798866736e-07, 8.0094274324e-08, 6.65936852329e-08, 2.88245427527e-08, 2.65647290831e-08, 1.42200367037e-08, 1.07662732063e-08, 4.36942642068e-08, 2.13111821523e-08, 2.57979362317e-08, 6.50108500366e-09, 9.53652623537e-09, 1.45852308009e-09, 3.88410081875e-10, 5.90846094273e-10, 3.32506133738e-10, 2.10052378269e-10, 9.03178504208e-11, 1.05652868398e-10, 6.35869551457e-11, 3.11790732122e-11, 5.21962265077e-11, 8.7804180593e-11, 4.58364700362e-11, 2.78197725273e-11, 2.59681755266e-11, 3.39331167332e-11, 2.65327360777e-11, 1.70074562073e-11, 9.07371833919e-12, 4.38833127822e-12, 1.80662537881e-12],
        "dvar2": [2.32468960348e-06, 6.09368998994e-06, 2.80044719148e-06, 2.08988012673e-06, 3.08599737764e-07, 1.63740395465e-07, 1.41186632163e-07, 2.29515464412e-07, 4.5513962732e-07, 1.93013178773e-07, 1.56906097004e-07, 7.08330958332e-08, 6.15335906673e-08, 2.86098860158e-08, 2.32852226389e-08, 1.00402289149e-07, 4.67381831015e-08, 6.09090378134e-08, 1.48824454982e-08, 2.28647412115e-08, 3.48245343673e-09, 9.07381503268e-10, 1.54201129643e-09, 8.38725144892e-10, 5.30213095651e-10, 2.30232929943e-10, 2.85250656429e-10, 1.48439455172e-10, 6.45924841391e-11, 1.22090434984e-10, 2.06067940489e-10, 1.00637373435e-10, 5.84037887497e-11, 5.79378350851e-11, 7.98452692852e-11, 6.05267988507e-11, 3.82697970536e-11, 1.85178053447e-11, 8.93738208441e-12, 3.8053869951e-12],
        "max": [0.0091229788959, 0.0159200523049, 0.0175787750632, 0.0113384267315, 0.00494001526386, 0.00344201619737, 0.00384713499807, 0.00664143636823, 0.00632146652788, 0.00549902627245, 0.0046603619121, 0.00172379228752, 0.00221494678408, 0.00368497264571, 0.00146918033715, 0.0034326245077, 0.00277983047999, 0.00269611505792, 0.00129845784977, 0.00183304725215, 0.000943025166634, 0.000258098705672, 0.000409778440371, 0.000225037394557, 0.000188215228263, 0.000128704457893, 0.000202706854907, 0.000104839149571, 6.94110349286e-05, 7.82373026595e-05, 0.000108254906081, 7.00910677551e-05, 6.32073933957e-05, 6.66197083774e-05, 8.76762787811e-05, 7.16202630429e-05, 4.34262838098e-05, 3.80366691388e-05, 2.20400252147e-05, 1.30383241412e-05],
        "mean": [0.000774824991822, 0.00161397038028, 0.00145275867544, 0.00116747373249, 0.00047177929082, 0.000431279477198, 0.000267516239546, 0.000302210246446, 0.000232875114307, 0.000181239884114, 0.000141556418384, 0.000165304983966, 0.000138645918923, 8.58101047925e-05, 8.80048173713e-05, 0.000148703387822, 0.000138944320497, 0.000142455362948, 7.81120688771e-05, 7.25847494323e-05, 3.78699369321e-05, 2.30468394875e-05, 2.85351125058e-05, 2.49513050221e-05, 1.67306807271e-05, 1.41086047734e-05, 9.55830000748e-06, 9.80196273304e-06, 6.2727031036e-06, 4.86635462948e-06, 6.36343020233e-06, 4.83012854602e-06, 3.58219222107e-06, 3.26091389979e-06, 3.2118909985e-06, 3.0863691336e-06, 2.70104942501e-06, 2.02521960091e-06, 1.42413864523e-06, 8.91664740266e-07],
        "median": [0.000308951479383, 0.000996579648927, 0.0010742257582, 0.000756682595238, 0.000337614619639, 0.000279745261651, 0.000152483175043, 0.000161948846653, 0.000104002312582, 7.82224160503e-05, 6.4327607106e-05, 8.10225319583e-05, 5.2910829254e-05, 3.62656828656e-05, 2.95061927318e-05, 5.05401658302e-05, 5.10379759362e-05, 5.60599946766e-05, 3.62732425856e-05, 3.61430429621e-05, 1.99728656298e-05, 1.48108292706e-05, 1.92250663531e-05, 1.72129985003e-05, 1.0086585462e-05, 1.06742627395e-05, 6.86118801241e-06, 6.59155602989e-06, 4.30392719863e-06, 2.39325731854e-06, 3.19397076964e-06, 2.2976753371e-06, 1.62729486419e-06, 1.26011514112e-06, 1.10342989501e-06, 1.00688862403e-06, 9.16385204164e-07, 6.58291071431e-07, 3.72121149894e-07, 2.07527563134e-07],
        "min": [2.73569094134e-06, 4.06512663176e-06, 2.70166424343e-06, 6.41320468731e-07, 4.35634956375e-06, 3.3716382859e-06, 6.2958270064e-07, 1.33166656724e-06, 3.33228570071e-07, 2.88028985551e-07, 3.45962149595e-07, 2.13008149785e-07, 7.35129646046e-08, 5.74147485111e-08, 7.86373490769e-08, 3.52466940967e-07, 3.64147609844e-07, 7.92835948005e-08, 4.94668910278e-08, 1.65645683836e-08, 2.25035723389e-08, 5.11558866378e-08, 7.05251466115e-08, 4.18053467399e-08, 1.23422466913e-07, 1.50387549525e-07, 1.73442359142e-07, 8.68771792284e-08, 3.53867406488e-08, 1.45779051053e-08, 3.28450369125e-08, 2.84284560337e-08, 4.11898497532e-08, 6.66730528565e-08, 3.77601523383e-08, 9.71532809757e-09, 5.3485211815e-09, 7.53952900112e-09, 2.66606936528e-09, 9.46005101511e-13],
