{
"highlevel": {
    "danceability": {
        "all": {
            "danceable": 0.638692677021,
            "not_danceable": 0.361307293177
        },
        "probability": 0.638692677021,
        "value": "danceable"
    },
    "gender": {
        "all": {
            "female": 0.757544636726,
            "male": 0.242455378175
        },
        "probability": 0.757544636726,
        "value": "female"
    },
    "genre_dortmund": {
        "all": {
            "alternative": 0.157396554947,
            "blues": 0.0585626028478,
            "electronic": 0.0182555224746,
            "folkcountry": 0.129804417491,
            "funksoulrnb": 0.00200764229521,
            "jazz": 0.0176434107125,
            "pop": 0.0638323947787,
            "raphiphop": 0.007097997237,
            "rock": 0.545399487019
        },
        "probability": 0.545399487019,
        "value": "rock"
    },
    "genre_electronic": {
        "all": {
            "ambient": 0.527349889278,
            "dnb": 0.186495095491,
            "house": 0.164492025971,
            "techno": 0.0163658987731,
            "trance": 0.105297118425
        },
        "probability": 0.527349889278,
        "value": "ambient"
    },
    "genre_rosamerica": {
        "all": {
            "cla": 0.00806775502861,
            "dan": 0.0500202700496,
            "hip": 0.0776287615299,
            "jaz": 0.0180879104882,
            "pop": 0.509394407272,
            "rhy": 0.195110663772,
            "roc": 0.131164506078,
            "spe": 0.0105256987736
        },
        "probability": 0.509394407272,
        "value": "pop"
    },
    "genre_tzanetakis": {
        "all": {
            "blu": 0.0820107460022,
            "cla": 0.0364518873394,
            "cou": 0.109376601875,
            "dis": 0.0656830966473,
            "hip": 0.109505757689,
            "jaz": 0.328655719757,
            "met": 0.0657363757491,
            "pop": 0.0821422189474,
            "reg": 0.0547466091812,
            "roc": 0.0656909942627
        },
        "probability": 0.328655719757,
        "value": "jaz"
    },
    "ismir04_rhythm": {
        "all": {
            "ChaChaCha": 0.0330288819969,
            "Jive": 0.175099998713,
            "Quickstep": 0.0248454064131,
            "Rumba-American": 0.0229172054678,
            "Rumba-International": 0.199677482247,
            "Rumba-Misc": 0.0366750471294,
            "Samba": 0.0513467267156,
            "Tango": 0.0299796480685,
            "VienneseWaltz": 0.405235111713,
            "Waltz": 0.0211944971234
        },
        "probability": 0.405235111713,
        "value": "VienneseWaltz"
    },
    "mood_acoustic": {
        "all": {
            "acoustic": 0.208515152335,
            "not_acoustic": 0.791484832764
        },
        "probability": 0.791484832764,
        "value": "not_acoustic"
    },
    "mood_aggressive": {
        "all": {
            "aggressive": 0.245395123959,
            "not_aggressive": 0.754604876041
        },
        "probability": 0.754604876041,
        "value": "not_aggressive"
    },
    "mood_electronic": {
        "all": {
            "electronic": 0.313756763935,
            "not_electronic": 0.686243236065
        },
        "probability": 0.686243236065,
        "value": "not_electronic"
    },
    "mood_happy": {
        "all": {
            "happy": 0.419032663107,
            "not_happy": 0.580967366695
        },
        "probability": 0.580967366695,
        "value": "not_happy"
    },
    "mood_party": {
        "all": {
            "not_party": 0.833098590374,
            "party": 0.166901379824
        },
        "probability": 0.833098590374,
        "value": "not_party"
    },
    "mood_relaxed": {
        "all": {
            "not_relaxed": 0.348865360022,
            "relaxed": 0.651134610176
        },
        "probability": 0.651134610176,
        "value": "relaxed"
    },
    "mood_sad": {
        "all": {
            "not_sad": 0.258914709091,
            "sad": 0.741085290909
        },
        "probability": 0.741085290909,
        "value": "sad"
    },
    "moods_mirex": {
        "all": {
            "Cluster1": 0.207168772817,
            "Cluster2": 0.132423147559,
            "Cluster3": 0.281316757202,
            "Cluster4": 0.0235606431961,
            "Cluster5": 0.355530679226
        },
        "probability": 0.355530679226,
        "value": "Cluster5"
    },
    "timbre": {
        "all": {
            "bright": 0.935729801655,
            "dark": 0.064270183444
        },
        "probability": 0.935729801655,
        "value": "bright"
    },
    "tonal_atonal": {
        "all": {
            "atonal": 0.00463373959064,
            "tonal": 0.995366275311
        },
        "probability": 0.995366275311,
        "value": "tonal"
    },
    "voice_instrumental": {
        "all": {
            "instrumental": 0.813976705074,
            "voice": 0.186023294926
        },
        "probability": 0.813976705074,
        "value": "instrumental"
    }
},
"lowlevel": {
    "average_loudness": 0.983109235764,
    "barkbands_crest": {
        "dmean": 2.34806919098,
        "dmean2": 3.73867917061,
        "dvar": 5.0569896698,
        "dvar2": 13.5398101807,
        "max": 22.9260196686,
        "mean": 10.9449186325,
        "median": 10.4089803696,
        "min": 3.57720184326,
        "var": 11.5039482117
    },
    "barkbands_flatness_db": {
        "dmean": 0.025906810537,
        "dmean2": 0.0406097918749,
        "dvar": 0.000626624736469,
        "dvar2": 0.00155231216922,
        "max": 0.330422431231,
        "mean": 0.183719038963,
        "median": 0.186715707183,
        "min": 0.0657727643847,
        "var": 0.00185300176963
    },
    "barkbands_kurtosis": {
        "dmean": 4.42535829544,
        "dmean2": 6.99051332474,
        "dvar": 37.2121505737,
        "dvar2": 98.4870605469,
        "max": 81.4565048218,
        "mean": 8.0129365921,
        "median": 5.38817024231,
        "min": -1.92957830429,
        "var": 69.1616363525
    },
    "barkbands_skewness": {
        "dmean": 0.607443034649,
        "dmean2": 0.942680954933,
        "dvar": 0.414108037949,
        "dvar2": 1.05129110813,
        "max": 7.6571803093,
        "mean": 2.37943983078,
        "median": 2.24017453194,
        "min": -0.100065931678,
        "var": 1.12442159653
    },
    "barkbands_spread": {
        "dmean": 7.82200336456,
        "dmean2": 11.9887523651,
        "dvar": 141.298431396,
        "dvar2": 326.551635742,
        "max": 104.173660278,
        "mean": 19.5268287659,
        "median": 14.5235509872,
        "min": 2.02603697777,
        "var": 247.469650269
    },
    "dissonance": {
        "dmean": 0.0228354074061,
        "dmean2": 0.0378483459353,
        "dvar": 0.00041151518235,
        "dvar2": 0.00114059832413,
        "max": 0.498663395643,
        "mean": 0.450558453798,
        "median": 0.456642448902,
        "min": 0.285176575184,
        "var": 0.000896594545338
    },
    "dynamic_complexity": 1.49323260784,
    "erbbands_crest": {
        "dmean": 2.53445720673,
        "dmean2": 4.08442401886,
        "dvar": 5.85622787476,
        "dvar2": 14.484131813,
        "max": 26.7379493713,
        "mean": 9.39698219299,
        "median": 8.53002262115,
        "min": 2.4933719635,
        "var": 16.2253170013
    },
    "erbbands_flatness_db": {
        "dmean": 0.0207457132638,
        "dmean2": 0.0280906334519,
        "dvar": 0.000416643015342,
        "dvar2": 0.000755433167797,
        "max": 0.262462377548,
        "mean": 0.137544959784,
        "median": 0.140327349305,
        "min": 0.0573069378734,
        "var": 0.00140794389881
    },
    "erbbands_kurtosis": {
        "dmean": 0.709185838699,
        "dmean2": 1.13006293774,
        "dvar": 0.902334094048,
        "dvar2": 2.13747811317,
        "max": 13.6329555511,
        "mean": -0.104473978281,
        "median": -0.474004507065,
        "min": -1.66843032837,
        "var": 2.12853050232
    },
    "erbbands_skewness": {
        "dmean": 0.33908495307,
        "dmean2": 0.51938700676,
        "dvar": 0.0956934988499,
        "dvar2": 0.228614032269,
        "max": 2.77477812767,
        "mean": 0.345189571381,
        "median": 0.313581854105,
        "min": -1.77057671547,
        "var": 0.385314315557
    },
    "erbbands_spread": {
        "dmean": 12.4154891968,
        "dmean2": 18.399389267,
        "dvar": 218.647705078,
        "dvar2": 466.680297852,
        "max": 148.104705811,
        "mean": 50.3555831909,
        "median": 46.0406341553,
        "min": 8.22368621826,
        "var": 457.062652588
    },
    "hfc": {
        "dmean": 14.9006233215,
        "dmean2": 23.6366615295,
        "dvar": 739.138977051,
        "dvar2": 1872.19592285,
        "max": 204.618484497,
        "mean": 26.1442146301,
        "median": 16.3818664551,
        "min": 2.47324991226,
        "var": 791.824462891
    },
    "melbands_crest": {
        "dmean": 2.68813753128,
        "dmean2": 4.39840745926,
        "dvar": 6.41300582886,
        "dvar2": 18.2687644958,
        "max": 26.5746021271,
        "mean": 14.8748025894,
        "median": 14.5808391571,
        "min": 5.99847650528,
        "var": 12.9767951965
    },
    "melbands_flatness_db": {
        "dmean": 0.0304411482066,
        "dmean2": 0.0467459186912,
        "dvar": 0.000973345304374,
        "dvar2": 0.00237994641066,
        "max": 0.410304516554,
        "mean": 0.256434828043,
        "median": 0.262962162495,
        "min": 0.0902839377522,
        "var": 0.00305998371914
    },
    "melbands_kurtosis": {
        "dmean": 12.0858411789,
        "dmean2": 19.5338134766,
        "dvar": 410.381835938,
        "dvar2": 1086.21374512,
        "max": 223.393997192,
        "mean": 24.4307613373,
        "median": 17.8280944824,
        "min": -0.524738550186,
        "var": 539.504089355
    },
    "melbands_skewness": {
        "dmean": 0.898613810539,
        "dmean2": 1.38996088505,
        "dvar": 1.15476644039,
        "dvar2": 2.92491221428,
        "max": 12.2285137177,
        "mean": 3.81054496765,
        "median": 3.62675690651,
        "min": -0.111794091761,
        "var": 2.46383428574
    },
    "melbands_spread": {
        "dmean": 4.61388254166,
        "dmean2": 7.24158382416,
        "dvar": 37.7729988098,
        "dvar2": 88.8869628906,
        "max": 80.3243255615,
        "mean": 13.5110960007,
        "median": 11.0177211761,
        "min": 1.48731279373,
        "var": 95.5384368896
    },
    "pitch_salience": {
        "dmean": 0.0712061598897,
        "dmean2": 0.114428907633,
        "dvar": 0.00473916856572,
        "dvar2": 0.0127550065517,
        "max": 0.823562383652,
        "mean": 0.515076756477,
        "median": 0.51704287529,
        "min": 0.162302613258,
        "var": 0.0102818123996
    },
    "silence_rate_20dB": {
        "dmean": 0,
        "dmean2": 0,
        "dvar": 0,
        "dvar2": 0,
        "max": 1,
        "mean": 1,
        "median": 1,
        "min": 1,
        "var": 0
    },
    "silence_rate_30dB": {
        "dmean": 0.0417956672609,
        "dmean2": 0.0836560800672,
        "dvar": 0.0400489605963,
        "dvar2": 0.0906000360847,
        "max": 1,
        "mean": 0.963650405407,
        "median": 1,
        "min": 0,
        "var": 0.0350280478597
    },
    "silence_rate_60dB": {
        "dmean": 0,
        "dmean2": 0,
        "dvar": 0,
        "dvar2": 0,
        "max": 0,
        "mean": 0,
        "median": 0,
        "min": 0,
        "var": 0
    },
    "spectral_centroid": {
        "dmean": 219.252243042,
        "dmean2": 343.276550293,
        "dvar": 65239.2382812,
        "dvar2": 150909.328125,
        "max": 2967.74926758,
        "mean": 959.910400391,
        "median": 833.647888184,
        "min": 226.57232666,
        "var": 237036.03125
    },
    "spectral_complexity": {
        "dmean": 3.15557265282,
        "dmean2": 4.88381099701,
        "dvar": 18.9533176422,
        "dvar2": 33.8981971741,
        "max": 52,
        "mean": 14.986079216,
        "median": 13,
        "min": 6,
        "var": 55.4863739014
    },
    "spectral_decrease": {
        "dmean": 4.16624335031e-09,
        "dmean2": 6.86393963889e-09,
        "dvar": 4.48153187904e-17,
        "dvar2": 1.2411822592e-16,
        "max": -1.27627519664e-09,
        "mean": -1.20077103816e-08,
        "median": -1.07044568765e-08,
        "min": -5.80991255106e-08,
        "var": 4.89577598887e-17
    },
    "spectral_energy": {
        "dmean": 0.016563333571,
        "dmean2": 0.0272788256407,
        "dvar": 0.000688919739332,
        "dvar2": 0.00189094187226,
        "max": 0.22335998714,
        "mean": 0.0476913005114,
        "median": 0.0424897223711,
        "min": 0.00519261369482,
        "var": 0.00075672386447
    },
    "spectral_energyband_high": {
        "dmean": 0.00132013589609,
        "dmean2": 0.00211153016426,
        "dvar": 7.82498864282e-06,
        "dvar2": 1.94336917048e-05,
        "max": 0.0261558666825,
        "mean": 0.0013994515175,
        "median": 0.000357626500772,
        "min": 1.24098487504e-05,
        "var": 7.67797700973e-06
    },
    "spectral_energyband_low": {
        "dmean": 0.012385495007,
        "dmean2": 0.0206540934741,
        "dvar": 0.000475531123811,
        "dvar2": 0.00129555875901,
        "max": 0.178249508142,
        "mean": 0.0261183995754,
        "median": 0.0208768676966,
        "min": 0.000307807640638,
        "var": 0.000455453555332
    },
    "spectral_energyband_middle_high": {
        "dmean": 0.00146235397551,
        "dmean2": 0.00217479211278,
        "dvar": 4.12749841416e-06,
        "dvar2": 9.18315981835e-06,
        "max": 0.0348410904408,
        "mean": 0.00431442353874,
        "median": 0.00304353656247,
        "min": 0.000420151889557,
        "var": 1.54292702064e-05
    },
    "spectral_energyband_middle_low": {
        "dmean": 0.00748060131446,
        "dmean2": 0.0119598684832,
        "dvar": 0.000193833911908,
        "dvar2": 0.000546066381503,
        "max": 0.152469947934,
        "mean": 0.0202695894986,
        "median": 0.0160813219845,
        "min": 0.00214273645543,
        "var": 0.00023418222554
    },
    "spectral_entropy": {
        "dmean": 0.274155765772,
        "dmean2": 0.388271778822,
        "dvar": 0.0978574231267,
        "dvar2": 0.208130449057,
        "max": 8.56373596191,
        "mean": 7.18485355377,
        "median": 7.08426570892,
        "min": 6.23297262192,
        "var": 0.263454556465
    },
    "spectral_flux": {
        "dmean": 0.0332395993173,
        "dmean2": 0.0519725456834,
        "dvar": 0.0019122135127,
        "dvar2": 0.00362250232138,
        "max": 0.377670705318,
        "mean": 0.0938777700067,
        "median": 0.0732803940773,
        "min": 0.0243079420179,
        "var": 0.00366795598529
    },
    "spectral_kurtosis": {
        "dmean": 2.03633785248,
        "dmean2": 3.28668093681,
        "dvar": 4.50222730637,
        "dvar2": 11.5501356125,
        "max": 18.3620071411,
        "mean": 4.91634559631,
        "median": 4.47486352921,
        "min": -1.12497389317,
        "var": 9.54513454437
    },
    "spectral_rms": {
        "dmean": 0.00108237180393,
        "dmean2": 0.0017298408784,
        "dvar": 2.00978251996e-06,
        "dvar2": 5.29875933353e-06,
        "max": 0.0147618483752,
        "mean": 0.00659475754946,
        "median": 0.0064384303987,
        "min": 0.00225076987408,
        "var": 3.0372996207e-06
    },
    "spectral_rolloff": {
        "dmean": 582.647644043,
        "dmean2": 1040.83447266,
        "dvar": 1964613.375,
        "dvar2": 4986948,
        "max": 10012.9394531,
        "mean": 925.778015137,
        "median": 452.197265625,
        "min": 86.1328125,
        "var": 1971973
    },
    "spectral_skewness": {
        "dmean": 0.284460008144,
        "dmean2": 0.443856358528,
        "dvar": 0.0754593387246,
        "dvar2": 0.184875667095,
        "max": 3.14641451836,
        "mean": 1.71763706207,
        "median": 1.71960270405,
        "min": 0.27309563756,
        "var": 0.228971481323
    },
    "spectral_spread": {
        "dmean": 1138639,
        "dmean2": 1531810.5,
        "dvar": 2.0643324887e+12,
        "dvar2": 3.68068342579e+12,
        "max": 14701917,
        "mean": 5126341,
        "median": 4449467,
        "min": 2207524.5,
        "var": 4.76387842458e+12
    },
    "spectral_strongpeak": {
        "dmean": 0.34718260169,
        "dmean2": 0.604107558727,
        "dvar": 0.642983257771,
        "dvar2": 1.70201456547,
        "max": 10.8465623856,
        "mean": 0.76717799902,
        "median": 0.49714744091,
        "min": 0.0564361810684,
        "var": 0.860164046288
    },
    "zerocrossingrate": {
        "dmean": 0.0141760287806,
        "dmean2": 0.0168428663164,
        "dvar": 0.000302518426906,
        "dvar2": 0.000414853508119,
        "max": 0.25830078125,
        "mean": 0.0485634021461,
        "median": 0.0380859375,
        "min": 0.0068359375,
        "var": 0.00105079438072
    },
    "barkbands": {
        "dmean": [0.0001212263669, 0.00728956190869, 0.00546441413462, 0.00418273918331, 0.00265208049677, 0.00145370466635, 0.000653830880765, 0.00047338946024, 0.000506334006786, 0.000506414624397, 0.000132036206196, 0.00052423751913, 0.000129964813823, 0.000169215563801, 0.000130503933178, 0.000278290244751, 0.000184874690603, 0.000107330582978, 0.000140970689245, 0.000116984330816, 8.95588527783e-05, 0.000136039860081, 0.000393682072172, 0.000178858899744, 0.000311594747473, 0.000262040528469, 3.52192452979e-09],
        "dmean2": [0.000190734252101, 0.0121593186632, 0.0094997426495, 0.00667558051646, 0.00448972405866, 0.00225457292981, 0.00104499864392, 0.000669149158057, 0.000772484345362, 0.00076068774797, 0.000197971865418, 0.000811103614978, 0.000197933157324, 0.000276164675597, 0.000204621523153, 0.000436383794295, 0.000292503711535, 0.00018153412384, 0.000222994392971, 0.000176028057467, 0.000132410597871, 0.000222831149586, 0.000672389811371, 0.000300026091281, 0.000508504628669, 0.000412263616454, 5.2659974159e-09],
        "dvar": [3.90762906477e-08, 0.000149314291775, 0.000191073617316, 6.5276188252e-05, 3.10684154101e-05, 8.95252742339e-06, 2.22875951295e-06, 8.44211115236e-07, 2.64710388365e-06, 2.24769405577e-06, 2.10100964182e-07, 1.7964870267e-06, 8.79675354781e-08, 9.62928083936e-08, 7.00137832155e-08, 4.12148040141e-07, 2.45255534992e-07, 3.08629672929e-08, 3.05426823388e-07, 9.38636972592e-08, 3.02036085031e-08, 9.78555476649e-08, 9.10981782454e-07, 1.93166826534e-07, 4.67147486916e-07, 2.90442557116e-07, 2.79270786116e-15],
        "dvar2": [9.19393059462e-08, 0.000405954313464, 0.00054473610362, 0.000189038197277, 8.84162800503e-05, 2.01536859095e-05, 4.43679209639e-06, 1.3428046941e-06, 5.23185008205e-06, 5.21469110026e-06, 3.68004066331e-07, 4.57047053715e-06, 1.74173081291e-07, 2.31742887991e-07, 1.51540703541e-07, 7.72955615957e-07, 5.98894359882e-07, 8.0922752943e-08, 6.48310049201e-07, 2.34453295889e-07, 5.54009389475e-08, 2.04895115985e-07, 2.41108637056e-06, 4.68502918238e-07, 1.19591038583e-06, 6.8522950869e-07, 2.80889444903e-15],
        "max": [0.00273103825748, 0.156295254827, 0.119063109159, 0.0811184048653, 0.0607231333852, 0.0520162843168, 0.0367989763618, 0.0244509018958, 0.0469240061939, 0.0365407690406, 0.0167974829674, 0.0301805026829, 0.00617140810937, 0.00608071498573, 0.00478530721739, 0.014019661583, 0.0110398074612, 0.00274072028697, 0.014641366899, 0.00719207944348, 0.00292913406156, 0.00657184328884, 0.00865625590086, 0.00594791723415, 0.00498824752867, 0.00349644105881, 1.90020853097e-06],
        "mean": [0.000218836372369, 0.0145465675741, 0.00699882348999, 0.00863380450755, 0.00497537758201, 0.00310492725112, 0.00123990513384, 0.000985456863418, 0.00119015562814, 0.00108477659523, 0.000216915519559, 0.00103604083415, 0.000203080722713, 0.00028337558615, 0.000231219295529, 0.000515552470461, 0.000316161604133, 0.000178550137207, 0.000214370156755, 0.000196440174477, 0.000174471570062, 0.000172839674633, 0.000314625591272, 0.000153160857735, 0.000267117517069, 0.000238737236941, 3.1046258897e-09],
        "median": [0.000141740209074, 0.0118255708367, 0.00338436826132, 0.00578578794375, 0.00313898082823, 0.00186934950761, 0.000193739309907, 0.000300725921988, 0.000239889370278, 0.000235543600866, 3.08818925987e-05, 0.000144060511957, 8.43957823236e-05, 0.000155327870743, 8.18007320049e-05, 0.000246730720391, 6.69680230203e-05, 7.58586320444e-05, 9.17729921639e-05, 7.45739453123e-05, 7.37989394111e-05, 4.83835101477e-05, 4.20141986979e-05, 1.97266272153e-05, 2.4158942324e-05, 2.08869914786e-05, 7.23204107711e-10],
        "min": [9.83527712606e-08, 3.21732841257e-06, 2.36473752011e-05, 5.28528289578e-05, 4.70828017569e-05, 6.29015194136e-05, 5.04678291691e-06, 4.06291746913e-06, 5.0773487601e-06, 7.85705651651e-06, 1.82944995686e-06, 4.6107761591e-06, 5.7988181652e-06, 6.38208666714e-06, 3.61912248081e-06, 3.07463301397e-06, 6.49589253499e-07, 5.18891226875e-07, 6.08563550486e-06, 3.43034935213e-06, 3.12533893521e-06, 1.08415133582e-06, 7.79935078299e-07, 2.77054709841e-07, 2.22538619477e-11, 3.02847295852e-11, 3.0941214868e-11],
        "var": [7.59101439485e-08, 0.00015256878396, 0.000138188755955, 8.82342428667e-05, 3.33047937602e-05, 2.52678892139e-05, 8.38835330796e-06, 3.02247303807e-06, 1.91432209249e-05, 5.44710019312e-06, 8.9711079454e-07, 3.7045854242e-06, 1.83268653586e-07, 1.9328197709e-07, 2.25925674613e-07, 9.05741387669e-07, 6.17045202489e-07, 7.35670866447e-08, 3.42226371686e-07, 1.72262801357e-07, 8.79604016291e-08, 1.36241780524e-07, 6.882533512e-07, 1.80067388555e-07, 4.07939353408e-07, 2.96097169894e-07, 2.79119040164e-15]
    },
    "erbbands": {
        "dmean": [0.175986081362, 1.8120392561, 5.51207399368, 10.9424791336, 11.6017866135, 8.02145385742, 9.97928905487, 13.7131175995, 10.9319648743, 9.2793264389, 9.27381229401, 9.13394355774, 16.7753314972, 11.5027456284, 11.2462825775, 16.3750991821, 5.53896760941, 6.83365106583, 8.72778320312, 5.28886270523, 18.6841487885, 12.8547563553, 5.85219287872, 4.64417886734, 7.92411088943, 4.47735977173, 4.80682325363, 2.48697304726, 4.20155191422, 13.2199745178, 8.29100418091, 4.70530700684, 1.96608674526, 2.66514468193, 2.72457790375, 1.71581995487, 0.319280326366, 0.0282526370138, 0.000547943403944, 4.73768886877e-05],
        "dmean2": [0.293290793896, 3.01823282242, 9.41821956635, 18.1354637146, 18.5473670959, 13.8356695175, 16.7565670013, 20.3402576447, 17.9271717072, 13.0528125763, 13.2984743118, 13.9405593872, 24.0065937042, 17.0535850525, 16.3882598877, 26.1308937073, 8.4907245636, 11.1550998688, 14.0456256866, 7.97088336945, 29.3881225586, 20.3022155762, 9.72895431519, 7.40565776825, 11.814573288, 6.4297246933, 7.36911725998, 3.5452747345, 6.86607456207, 22.6007232666, 14.0072479248, 7.92855978012, 3.19524526596, 4.41162347794, 4.35731840134, 2.73576569557, 0.508450329304, 0.0447364374995, 0.000864298490342, 7.47994854464e-05],
        "dvar": [0.0916773676872, 9.08360099792, 161.698959351, 542.078308105, 566.231018066, 291.900665283, 261.435455322, 929.618530273, 506.010772705, 1324.35595703, 261.41418457, 1474.65588379, 2948.10107422, 555.294128418, 448.91317749, 3279.58081055, 142.109512329, 277.55178833, 205.6978302, 137.049697876, 1809.55981445, 1188.38269043, 81.1143341064, 70.3794326782, 779.89630127, 73.1263427734, 90.1987686157, 33.2085914612, 86.3282012939, 1065.75964355, 379.662384033, 125.40763855, 29.2183475494, 38.4293556213, 33.5709495544, 13.2859449387, 0.452831268311, 0.00363896531053, 1.28369549657e-06, 6.36943431331e-09],
        "dvar2": [0.256119281054, 24.5589294434, 456.909332275, 1572.75292969, 1654.75366211, 835.321472168, 713.115661621, 2147.74194336, 1281.91479492, 1440.69787598, 572.635986328, 3223.60351562, 6423.80078125, 1321.16577148, 869.026062012, 8613.41796875, 287.659942627, 603.253234863, 473.998352051, 203.121704102, 3440.06420898, 2901.15551758, 209.720153809, 153.883361816, 1263.68688965, 135.854141235, 175.917098999, 54.6525115967, 181.647903442, 2767.29589844, 982.424743652, 310.001983643, 63.8762359619, 93.9371185303, 85.4467010498, 31.1446666718, 1.11515593529, 0.00895791966468, 3.14460521622e-06, 1.58236073133e-08],
        "max": [3.68808841705, 36.7350387573, 108.336326599, 228.143554688, 309.601013184, 160.584213257, 193.5184021, 486.863037109, 299.71206665, 1292.65661621, 190.315567017, 1116.4621582, 1420.94091797, 460.932189941, 507.559661865, 1488.65905762, 317.379150391, 394.229980469, 239.904342651, 319.170776367, 930.059814453, 777.797119141, 144.204483032, 119.169624329, 959.975463867, 170.37663269, 184.7915802, 150.327713013, 182.761260986, 376.031036377, 189.240859985, 102.82699585, 108.504890442, 69.7936706543, 39.5520477295, 26.8013343811, 4.40616369247, 0.606175124645, 0.00979220680892, 0.000582533248235],
        "mean": [0.269027560949, 3.70921969414, 8.84755706787, 19.6074981689, 24.2808036804, 12.4190244675, 17.4396762848, 29.8223266602, 22.9670143127, 17.65417099, 19.776556015, 18.7869815826, 40.7759284973, 25.295999527, 23.5755939484, 30.743976593, 9.77512264252, 12.0870008469, 15.281578064, 11.1937227249, 35.1059112549, 23.2795257568, 10.6325979233, 8.34463596344, 13.4879999161, 8.91094875336, 9.11458683014, 4.54587745667, 5.56835460663, 11.2513628006, 6.94972610474, 3.84746670723, 1.97281253338, 2.38803195953, 2.31129622459, 1.57971453667, 0.272130846977, 0.0242164600641, 0.000495479034726, 8.21872454253e-05],
        "median": [0.164151832461, 3.16057705879, 6.05681705475, 12.4403648376, 13.9358491898, 9.02464008331, 12.3173322678, 17.0086669922, 8.62337017059, 4.9792470932, 6.64072561264, 4.80443429947, 11.3336076736, 8.12397670746, 5.47134256363, 5.73056125641, 4.70117521286, 6.3389840126, 9.65736579895, 5.43826818466, 16.5528945923, 7.1867351532, 5.31239795685, 3.46232914925, 5.82452774048, 3.76544380188, 3.79858422279, 1.58478736877, 1.38609743118, 1.94752681255, 1.03895044327, 0.475597530603, 0.342292636633, 0.28327268362, 0.144467547536, 0.132465660572, 0.0226158984005, 0.00188411818817, 6.35594842606e-05, 5.51904122403e-05],
        "min": [0.000110485998448, 0.00289812195115, 0.0627716854215, 0.242842674255, 0.402807801962, 0.261614173651, 0.737936913967, 0.544856667519, 0.564091145992, 0.219255656004, 0.186743363738, 0.486523628235, 0.502154409885, 0.347866922617, 0.382382035255, 0.3326793015, 0.333324640989, 0.660911560059, 0.577175319195, 0.669334352016, 0.342926323414, 0.232112720609, 0.222876220942, 0.284745275974, 0.31364312768, 0.270196467638, 0.188817635179, 0.0819648504257, 0.0300221126527, 0.0311709549278, 0.0198295339942, 0.0122858313844, 0.00515301758423, 0.000212160462979, 2.71707540378e-05, 1.42406033774e-05, 8.03658895165e-06, 1.25333292544e-06, 3.66314930034e-06, 6.6364768827e-06],
        "var": [0.0950349271297, 9.30851554871, 121.512870789, 506.482940674, 833.432800293, 211.474060059, 378.657806396, 2521.94604492, 1465.1418457, 5114.49951172, 840.120910645, 4408.39404297, 10529.8125, 1975.82507324, 1781.13818359, 4198.88964844, 340.056793213, 620.073425293, 417.799102783, 674.997070312, 3944.87402344, 2946.69702148, 212.386459351, 153.624511719, 1741.65075684, 256.783508301, 256.86428833, 78.968711853, 132.25088501, 838.640197754, 308.765167236, 107.994247437, 34.6154174805, 36.6082496643, 29.9305820465, 13.728471756, 0.415345042944, 0.00339933601208, 1.21822904475e-06, 6.52400533596e-09]
    },
    "gfcc": {
        "mean": [24.8977508545, 102.118934631, -88.1997375488, 43.7919692993, -47.0096244812, 17.9302711487, -38.59116745, 11.0264444351, -27.6270904541, 3.6516828537, -21.9243392944, 4.85328388214, -9.25699901581],
        "cov": [[1954.01855469, -1328.90844727, 427.686859131, -70.8228988647, -226.067077637, 222.358581543, -178.054931641, 209.532577515, -159.423400879, 96.8686065674, -188.88949585, 198.839645386, -239.376205444], [-1328.90844727, 1349.49682617, -473.936401367, 52.3529052734, 217.801834106, -217.22416687, 188.195205688, -191.134216309, 185.778076172, -114.440124512, 201.898635864, -177.135040283, 181.891723633], [427.686859131, -473.936401367, 503.246612549, -52.7713890076, -55.2893180847, 135.310317993, -110.091537476, 84.6964569092, -78.2629547119, 62.9215888977, -78.0859451294, 57.8163223267, -83.2319946289], [-70.8228988647, 52.3529052734, -52.7713890076, 193.944625854, 25.3678131104, -27.1953392029, 68.3761749268, -46.0364379883, 20.68699646, -45.5717010498, -8.47053337097, -35.9743347168, 51.3821220398], [-226.067077637, 217.801834106, -55.2893180847, 25.3678131104, 164.984161377, -4.68517589569, 33.762336731, -12.8169517517, 31.7072277069, -24.7544555664, 27.9839267731, -3.04541683197, 18.0849571228], [222.358581543, -217.22416687, 135.310317993, -27.1953392029, -4.68517589569, 133.114532471, -11.4098377228, 32.6539916992, -30.8527450562, 16.0722293854, -24.995475769, 44.2931289673, -37.3782577515], [-178.054931641, 188.195205688, -110.091537476, 68.3761749268, 33.762336731, -11.4098377228, 140.970077515, -33.6618118286, 17.4768238068, -35.7328681946, 9.10192489624, -36.6797447205, 61.1751098633], [209.532577515, -191.134216309, 84.6964569092, -46.0364379883, -12.8169517517, 32.6539916992, -33.6618118286, 116.518493652, -9.25774860382, 25.267906189, -28.9802303314, 40.7874641418, -34.5586891174], [-159.423400879, 185.778076172, -78.2629547119, 20.68699646, 31.7072277069, -30.8527450562, 17.4768238068, -9.25774860382, 102.809562683, -13.5735940933, 42.6129226685, -13.9433984756, 14.8992509842], [96.8686065674, -114.440124512, 62.9215888977, -45.5717010498, -24.7544555664, 16.0722293854, -35.7328681946, 25.267906189, -13.5735940933, 114.835891724, 19.526720047, 14.7454891205, -26.3734340668], [-188.88949585, 201.898635864, -78.0859451294, -8.47053337097, 27.9839267731, -24.995475769, 9.10192489624, -28.9802303314, 42.6129226685, 19.526720047, 110.922225952, -6.04884719849, 10.8487195969], [198.839645386, -177.135040283, 57.8163223267, -35.9743347168, -3.04541683197, 44.2931289673, -36.6797447205, 40.7874641418, -13.9433984756, 14.7454891205, -6.04884719849, 108.099723816, -27.3062591553], [-239.376205444, 181.891723633, -83.2319946289, 51.3821220398, 18.0849571228, -37.3782577515, 61.1751098633, -34.5586891174, 14.8992509842, -26.3734340668, 10.8487195969, -27.3062591553, 115.436775208]],
        "icov": [[0.00175823178142, 0.00148125423584, 0.000193765110453, -0.000122748315334, 0.00049909442896, -0.000134840491228, -0.000461415183963, -0.000386091211112, -0.000208022058359, 0.000281558575807, 6.12445073784e-05, -0.000585896370467, 0.00146024150308], [0.00148125423584, 0.00601384555921, 0.000190361199202, 0.0034375207033, -0.00340106105432, 0.00336410198361, -0.00303525547497, 0.0027098658029, -0.00349985458888, 0.00281910086051, -0.00428503938019, 0.00319017376751, -0.00150209793355], [0.000193765110453, 0.000190361199202, 0.00401786714792, -0.000771795224864, 0.000207997640246, -0.00329103507102, 0.00249267369509, -0.00108826404903, 0.000955938827246, -0.00108751736116, 0.00130188791081, 0.000564802903682, 0.000236755862716], [-0.000122748315334, 0.0034375207033, -0.000771795224864, 0.00998799782246, -0.00324688269757, 0.00359322899021, -0.00454462505877, 0.00425418233499, -0.00374555867165, 0.00307988352142, -0.00175233115442, 0.00306391599588, -0.00324254692532], [0.00049909442896, -0.00340106105432, 0.000207997640246, -0.00324688269757, 0.0102424332872, -0.00346949906088, 0.00101000617724, -0.0027799399104, 0.00136727036443, -0.000720887328498, 0.00192404049449, -0.00355977914296, 0.0025295461528], [-0.000134840491228, 0.00336410198361, -0.00329103507102, 0.00359322899021, -0.00346949906088, 0.0155282579362, -0.00599152455106, 0.00243431376293, -0.0013475791784, 0.00197046156973, -0.00283837574534, -0.00116056844126, 0.000539208645932], [-0.000461415183963, -0.00303525547497, 0.00249267369509, -0.00454462505877, 0.00101000617724, -0.00599152455106, 0.0144985532388, -0.00212175562046, 0.00231214496307, -0.000776050263084, 0.00241568288766, 0.000951719062869, -0.00324862799607], [-0.000386091211112, 0.0027098658029, -0.00108826404903, 0.00425418233499, -0.0027799399104, 0.00243431376293, -0.00212175562046, 0.0145877832547, -0.004339620471, -0.000255026447121, 0.000950853049289, -0.000829611439258, -0.000817154650576], [-0.000208022058359, -0.00349985458888, 0.000955938827246, -0.00374555867165, 0.00136727036443, -0.0013475791784, 0.00231214496307, -0.004339620471, 0.015832381323, -0.000320676539559, -0.0018733079778, -0.00162649946287, 0.00193929020315], [0.000281558575807, 0.00281910086051, -0.00108751736116, 0.00307988352142, -0.000720887328498, 0.00197046156973, -0.000776050263084, -0.000255026447121, -0.000320676539559, 0.0130886994302, -0.00654155528173, 0.00233666668646, -0.000728050188627], [6.12445073784e-05, -0.00428503938019, 0.00130188791081, -0.00175233115442, 0.00192404049449, -0.00283837574534, 0.00241568288766, 0.000950853049289, -0.0018733079778, -0.00654155528173, 0.0180217698216, -0.00447622081265, 0.00237625651062], [-0.000585896370467, 0.00319017376751, 0.000564802903682, 0.00306391599588, -0.00355977914296, -0.00116056844126, 0.000951719062869, -0.000829611439258, -0.00162649946287, 0.00233666668646, -0.00447622081265, 0.0157802570611, -0.00287178391591], [0.00146024150308, -0.00150209793355, 0.000236755862716, -0.00324254692532, 0.0025295461528, 0.000539208645932, -0.00324862799607, -0.000817154650576, 0.00193929020315, -0.000728050188627, 0.00237625651062, -0.00287178391591, 0.0156076084822]]
    },
    "melbands": {
        "dmean": [0.00181792781223, 0.00263953255489, 0.00189797813073, 0.00066130165942, 0.00034261966357, 0.000293309625704, 0.000160078692716, 0.000102939564385, 6.74388211337e-05, 6.82937243255e-05, 8.77008351381e-05, 5.19658169651e-05, 2.8392776585e-05, 6.81756646372e-05, 1.65585370269e-05, 1.44176938193e-05, 1.23903482745e-05, 1.5895902834e-05, 8.37291827338e-06, 8.78550326888e-06, 2.40306053456e-05, 1.43465495057e-05, 6.01838564762e-06, 5.47410127183e-06, 3.74395108338e-06, 5.22019990967e-06, 5.74982050239e-06, 2.76546916211e-06, 3.77138258045e-06, 1.65578921951e-06, 1.49629806856e-06, 2.19582511818e-06, 2.94609321827e-06, 1.04817236206e-05, 5.21740093973e-06, 4.06771050621e-06, 2.2247927518e-06, 1.21502262118e-06, 1.62635626566e-06, 2.55890995504e-06],
        "dmean2": [0.0030385828577, 0.00445380760357, 0.00311547634192, 0.00110107974615, 0.000579510524403, 0.000437762791989, 0.000260515167611, 0.00014308556274, 9.93704525172e-05, 0.000104735110654, 0.000124780184706, 7.64362193877e-05, 4.08272098866e-05, 0.0001056033434, 2.60627912212e-05, 2.27471064136e-05, 2.01880175155e-05, 2.56918210653e-05, 1.29631098389e-05, 1.36362696139e-05, 3.74389710487e-05, 2.26350766752e-05, 9.69803841144e-06, 9.25090171222e-06, 5.9346884882e-06, 7.98562359705e-06, 8.39205222292e-06, 4.14381611336e-06, 5.88148941461e-06, 2.38121060647e-06, 2.22212929657e-06, 3.59193268196e-06, 4.85447480969e-06, 1.82292642421e-05, 8.84730252437e-06, 6.87502188157e-06, 3.77098717763e-06, 2.01107286557e-06, 2.60886895376e-06, 4.29651800005e-06],
        "dvar": [9.74129216047e-06, 2.66720580839e-05, 1.49087145473e-05, 2.06528807212e-06, 3.28870925159e-07, 4.10815118812e-07, 1.01082875403e-07, 1.28586066239e-07, 1.67522085093e-08, 7.19576789265e-08, 7.45137214153e-08, 1.15303082637e-08, 4.92777774141e-09, 2.51079477209e-08, 5.41884848104e-09, 1.02323238771e-09, 8.233789206e-10, 6.40032638e-10, 2.68203598219e-10, 1.57469870476e-10, 3.9916931982e-09, 1.6706966921e-09, 1.20910101375e-10, 1.04617911556e-10, 5.42317163399e-11, 1.98908292615e-10, 3.38766487085e-10, 3.08955985795e-11, 5.41230567308e-11, 1.19188539247e-11, 1.36610367116e-11, 2.32396168282e-11, 4.91925007673e-11, 7.1401640156e-10, 1.54006876696e-10, 8.55042148196e-11, 3.1517864707e-11, 1.17836131477e-11, 2.36368580958e-11, 3.56348665853e-11],
        "dvar2": [2.65111011686e-05, 7.35145367798e-05, 4.35483634647e-05, 5.94888888372e-06, 9.12655025331e-07, 9.3888252195e-07, 2.53785941595e-07, 1.40646008617e-07, 3.92598629162e-08, 1.53151560767e-07, 1.60655403647e-07, 2.65769575236e-08, 8.4480440421e-09, 6.42567030695e-08, 1.33865007967e-08, 2.09402606366e-09, 1.81227788332e-09, 1.40881883937e-09, 5.47746847879e-10, 2.99190172637e-10, 7.28775129133e-09, 4.13230383245e-09, 2.85935330968e-10, 2.5968335815e-10, 1.15566216319e-10, 3.60111662712e-10, 4.9563331217e-10, 6.57511961544e-11, 1.05076544687e-10, 2.20996398265e-11, 2.38074854969e-11, 4.97827369605e-11, 1.02425984361e-10, 1.90541826761e-09, 4.01972427566e-10, 2.16467177516e-10, 7.60184554194e-11, 2.72951279634e-11, 4.77169241619e-11, 9.14897393955e-11],
        "max": [0.0396061725914, 0.0459009930491, 0.0364384278655, 0.0169073771685, 0.00675263721496, 0.0104574598372, 0.00390063552186, 0.0126405647025, 0.00167333881836, 0.00754382926971, 0.00707746762782, 0.00210598949343, 0.00247040321119, 0.00306143239141, 0.00196687295102, 0.000684449390974, 0.000667167594656, 0.000475168286357, 0.000323079962982, 0.00025533043663, 0.00141104392242, 0.000841097789817, 0.000246555893682, 0.000223057053518, 0.000112220615847, 0.000397953990614, 0.000698854622897, 9.35159332585e-05, 0.000150855645188, 6.38016208541e-05, 9.46903164731e-05, 8.29860800877e-05, 0.000162280601216, 0.000240511304582, 0.000111692876089, 8.23004593258e-05, 6.69278451824e-05, 6.52496746625e-05, 0.000117438663437, 5.55719598196e-05],
        "mean": [0.00328874657862, 0.00496117351577, 0.00370560027659, 0.00122778420337, 0.000596781785134, 0.000639143923763, 0.000337695149938, 0.000203025978408, 0.000135729555041, 0.000149043102283, 0.00021587125957, 0.000115877512144, 5.44699141756e-05, 0.000137438255479, 2.48528340308e-05, 2.26985248446e-05, 2.13558178075e-05, 2.65102462436e-05, 1.50002670125e-05, 1.71538613358e-05, 4.29819774581e-05, 2.43066642724e-05, 1.00931283669e-05, 9.02331612451e-06, 6.18801777819e-06, 8.57156373968e-06, 1.0119804756e-05, 4.77567436974e-06, 7.15057149137e-06, 2.74394415101e-06, 2.49166600952e-06, 2.82550399788e-06, 3.69549889001e-06, 8.03047805675e-06, 4.27953909821e-06, 3.38688278134e-06, 1.78902587322e-06, 1.1414592791e-06, 1.73995977093e-06, 2.13991665987e-06],
        "median": [0.00243526231498, 0.00387712940574, 0.0027171461843, 0.000765024218708, 0.000421137054218, 0.000360914244084, 0.000127126171719, 5.53684221813e-05, 4.22741213697e-05, 2.92869954137e-05, 5.83920336794e-05, 2.7806545404e-05, 1.0441141967e-05, 1.71178762685e-05, 7.14370617061e-06, 9.11044571694e-06, 1.1392567103e-05, 1.59613500728e-05, 5.65980690226e-06, 1.00969609775e-05, 1.76017165359e-05, 3.94582275476e-06, 4.58344493381e-06, 3.81579047826e-06, 2.1616565391e-06, 4.02531259169e-06, 2.86783142656e-06, 1.66712300143e-06, 2.8357960673e-06, 8.20652758193e-07, 8.06960656519e-07, 6.46153353046e-07, 1.12097620786e-06, 9.5911320841e-07, 5.7085668459e-07, 4.3159744223e-07, 1.79491564722e-07, 1.76964235266e-07, 3.008474323e-07, 2.17728867824e-07],
        "min": [6.64295384922e-07, 2.24056366278e-05, 3.43349784089e-05, 1.39123167173e-05, 1.36133112392e-05, 1.05037815956e-05, 5.94887387706e-06, 1.76949527031e-06, 1.64649134149e-06, 8.50371520755e-07, 1.9026949758e-06, 7.35048956813e-07, 8.56619351453e-07, 6.01599481342e-07, 4.85101850245e-07, 5.01376632656e-07, 5.08813684519e-07, 3.44486863924e-07, 2.97657010151e-07, 1.80299309704e-07, 1.60581905106e-07, 6.69088109362e-08, 5.02007857506e-08, 3.50257778337e-08, 1.23348655734e-07, 2.15331823483e-07, 7.30130693682e-08, 2.63238284504e-08, 9.82224790391e-08, 2.3765129864e-09, 5.07247222004e-09, 7.63329577325e-09, 1.32225972393e-08, 8.78816575067e-09, 5.17596632221e-09, 6.82764111914e-09, 4.43131954742e-11, 5.12585751622e-10, 3.40586066294e-13, 1.91757457894e-13],
