{
"highlevel": {
    "danceability": {
        "all": {
            "danceable": 0.355303913355,
            "not_danceable": 0.644696116447
        },
        "probability": 0.644696116447,
        "value": "not_danceable"
    },
    "gender": {
        "all": {
            "female": 0.230429381132,
            "male": 0.769570589066
        },
        "probability": 0.769570589066,
        "value": "male"
    },
    "genre_dortmund": {
        "all": {
            "alternative": 0.14891782403,
            "blues": 0.0445506758988,
            "electronic": 0.00269777677022,
            "folkcountry": 0.198859885335,
            "funksoulrnb": 0.0064401961863,
            "jazz": 0.00424878345802,
            "pop": 0.0559306927025,
            "raphiphop": 0.00117313570809,
            "rock": 0.537181019783
        },
        "probability": 0.537181019783,
        "value": "rock"
    },
    "genre_electronic": {
        "all": {
            "ambient": 0.622217476368,
            "dnb": 0.0625308603048,
            "house": 0.0367475152016,
            "techno": 0.00852196570486,
            "trance": 0.26998218894
        },
        "probability": 0.622217476368,
        "value": "ambient"
    },
    "genre_rosamerica": {
        "all": {
            "cla": 0.00569288432598,
            "dan": 0.0111376671121,
            "hip": 0.00263485824689,
            "jaz": 0.00402226997539,
            "pop": 0.152074486017,
            "rhy": 0.0115680787712,
            "roc": 0.808133065701,
            "spe": 0.00473668286577
        },
        "probability": 0.808133065701,
        "value": "roc"
    },
    "genre_tzanetakis": {
        "all": {
            "blu": 0.0626541376114,
            "cla": 0.0348133966327,
            "cou": 0.0783501937985,
            "dis": 0.104547761381,
            "hip": 0.15693578124,
            "jaz": 0.313987255096,
            "met": 0.044816005975,
            "pop": 0.0627349764109,
            "reg": 0.0627352520823,
            "roc": 0.0784252434969
        },
        "probability": 0.313987255096,
        "value": "jaz"
    },
    "ismir04_rhythm": {
        "all": {
            "ChaChaCha": 0.104921281338,
            "Jive": 0.61126345396,
            "Quickstep": 0.0171333327889,
            "Rumba-American": 0.0100655267015,
            "Rumba-International": 0.0546333566308,
            "Rumba-Misc": 0.012059668079,
            "Samba": 0.0372857153416,
            "Tango": 0.0543627999723,
            "VienneseWaltz": 0.0918335020542,
            "Waltz": 0.00644135056064
        },
        "probability": 0.61126345396,
        "value": "Jive"
    },
    "mood_acoustic": {
        "all": {
            "acoustic": 0.0894096419215,
            "not_acoustic": 0.910590350628
        },
        "probability": 0.910590350628,
        "value": "not_acoustic"
    },
    "mood_aggressive": {
        "all": {
            "aggressive": 0.404998093843,
            "not_aggressive": 0.595001935959
        },
        "probability": 0.595001935959,
        "value": "not_aggressive"
    },
    "mood_electronic": {
        "all": {
            "electronic": 0.132975950837,
            "not_electronic": 0.867024064064
        },
        "probability": 0.867024064064,
        "value": "not_electronic"
    },
    "mood_happy": {
        "all": {
            "happy": 0.758729636669,
            "not_happy": 0.24127034843
        },
        "probability": 0.758729636669,
        "value": "happy"
    },
    "mood_party": {
        "all": {
            "not_party": 0.948229432106,
            "party": 0.0517705418169
        },
        "probability": 0.948229432106,
        "value": "not_party"
    },
    "mood_relaxed": {
        "all": {
            "not_relaxed": 0.812459349632,
            "relaxed": 0.187540650368
        },
        "probability": 0.812459349632,
        "value": "not_relaxed"
    },
    "mood_sad": {
        "all": {
            "not_sad": 0.758976519108,
            "sad": 0.241023480892
        },
        "probability": 0.758976519108,
        "value": "not_sad"
    },
    "moods_mirex": {
        "all": {
            "Cluster1": 0.337727576494,
            "Cluster2": 0.162297233939,
            "Cluster3": 0.210884183645,
            "Cluster4": 0.126154989004,
            "Cluster5": 0.162936031818
        },
        "probability": 0.337727576494,
        "value": "Cluster1"
    },
    "timbre": {
        "all": {
            "bright": 0.99141907692,
            "dark": 0.00858093891293
        },
        "probability": 0.99141907692,
        "value": "bright"
    },
    "tonal_atonal": {
        "all": {
            "atonal": 0.000266732677119,
            "tonal": 0.999733269215
        },
        "probability": 0.999733269215,
        "value": "tonal"
    },
    "voice_instrumental": {
        "all": {
            "instrumental": 0.195886880159,
            "voice": 0.804113090038
        },
        "probability": 0.804113090038,
        "value": "voice"
    }
},
"lowlevel": {
    "average_loudness": 0.982686579227,
    "barkbands_crest": {
        "dmean": 1.87725305557,
        "dmean2": 3.09364414215,
        "dvar": 3.55376386642,
        "dvar2": 9.14275836945,
        "max": 18.2598991394,
        "mean": 7.3454990387,
        "median": 6.77052545547,
        "min": 2.87942957878,
        "var": 6.27869510651
    },
    "barkbands_flatness_db": {
        "dmean": 0.015732306987,
        "dmean2": 0.0241897758096,
        "dvar": 0.000200944283279,
        "dvar2": 0.00049985939404,
        "max": 0.24402064085,
        "mean": 0.123909875751,
        "median": 0.12198048085,
        "min": 0.0623986236751,
        "var": 0.000580331834499
    },
    "barkbands_kurtosis": {
        "dmean": 1.92489552498,
        "dmean2": 3.20247673988,
        "dvar": 11.004778862,
        "dvar2": 29.0508899689,
        "max": 27.1090888977,
        "mean": 1.540574193,
        "median": 0.529994249344,
        "min": -1.61142063141,
        "var": 10.7415990829
    },
    "barkbands_skewness": {
        "dmean": 0.4600687325,
        "dmean2": 0.720319926739,
        "dvar": 0.31597495079,
        "dvar2": 0.770979225636,
        "max": 4.83456707001,
        "mean": 1.27471625805,
        "median": 1.13615012169,
        "min": -0.0876322239637,
        "var": 0.53417289257
    },
    "barkbands_spread": {
        "dmean": 5.22389507294,
        "dmean2": 7.97863912582,
        "dvar": 32.783657074,
        "dvar2": 71.5969543457,
        "max": 71.8860931396,
        "mean": 26.5136642456,
        "median": 25.0604133606,
        "min": 4.60026168823,
        "var": 97.6232070923
    },
    "dissonance": {
        "dmean": 0.0155623201281,
        "dmean2": 0.0258932579309,
        "dvar": 0.000179942333489,
        "dvar2": 0.000491082086228,
        "max": 0.499711990356,
        "mean": 0.467079728842,
        "median": 0.470174133778,
        "min": 0.382070571184,
        "var": 0.000392439367715
    },
    "dynamic_complexity": 1.10007214546,
    "erbbands_crest": {
        "dmean": 2.26804947853,
        "dmean2": 3.58147263527,
        "dvar": 4.35920190811,
        "dvar2": 10.1451807022,
        "max": 25.2776947021,
        "mean": 9.18384838104,
        "median": 8.25638771057,
        "min": 3.40679860115,
        "var": 14.4984006882
    },
    "erbbands_flatness_db": {
        "dmean": 0.0149342035875,
        "dmean2": 0.0209762118757,
        "dvar": 0.000232575432165,
        "dvar2": 0.000457565649413,
        "max": 0.248869657516,
        "mean": 0.145647332072,
        "median": 0.14322951436,
        "min": 0.0740669965744,
        "var": 0.000820695306174
    },
    "erbbands_kurtosis": {
        "dmean": 0.423092156649,
        "dmean2": 0.662393212318,
        "dvar": 0.271429896355,
        "dvar2": 0.669244706631,
        "max": 6.91928577423,
        "mean": -0.420879900455,
        "median": -0.544261455536,
        "min": -1.63864970207,
        "var": 0.669466018677
    },
    "erbbands_skewness": {
        "dmean": 0.289967805147,
        "dmean2": 0.449446260929,
        "dvar": 0.0736906826496,
        "dvar2": 0.175377771258,
        "max": 2.66322994232,
        "mean": 0.00997126661241,
        "median": -0.00651853810996,
        "min": -2.50338077545,
        "var": 0.240904942155
    },
    "erbbands_spread": {
        "dmean": 7.47756195068,
        "dmean2": 10.9503393173,
        "dvar": 69.2483291626,
        "dvar2": 152.476852417,
        "max": 111.72694397,
        "mean": 42.0929832458,
        "median": 37.971988678,
        "min": 10.6076717377,
        "var": 281.932098389
    },
    "hfc": {
        "dmean": 5.25041627884,
        "dmean2": 7.54415845871,
        "dvar": 32.1278495789,
        "dvar2": 64.6304855347,
        "max": 64.4074249268,
        "mean": 27.2307262421,
        "median": 26.5171775818,
        "min": 5.60653591156,
        "var": 97.60131073
    },
    "melbands_crest": {
        "dmean": 2.74668693542,
        "dmean2": 4.46157455444,
        "dvar": 7.1804933548,
        "dvar2": 18.1525039673,
        "max": 29.9512615204,
        "mean": 11.7077474594,
        "median": 11.2256412506,
        "min": 4.47867679596,
        "var": 13.2921743393
    },
    "melbands_flatness_db": {
        "dmean": 0.0204720757902,
        "dmean2": 0.0309109203517,
        "dvar": 0.000422146520577,
        "dvar2": 0.00100270821713,
        "max": 0.338350355625,
        "mean": 0.183005750179,
        "median": 0.181647881866,
        "min": 0.083870023489,
        "var": 0.00120880058967
    },
    "melbands_kurtosis": {
        "dmean": 5.77253913879,
        "dmean2": 9.43944358826,
        "dvar": 103.403030396,
        "dvar2": 270.498077393,
        "max": 92.6108093262,
        "mean": 8.77509593964,
        "median": 5.11928653717,
        "min": -0.553745031357,
        "var": 113.163208008
    },
    "melbands_skewness": {
        "dmean": 0.682200968266,
        "dmean2": 1.04742050171,
        "dvar": 0.740912735462,
        "dvar2": 1.80255436897,
        "max": 7.99184417725,
        "mean": 2.40373539925,
        "median": 2.14678859711,
        "min": 0.42511126399,
        "var": 1.48474359512
    },
    "melbands_spread": {
        "dmean": 6.19730997086,
        "dmean2": 9.48656082153,
        "dvar": 38.6495018005,
        "dvar2": 87.2397994995,
        "max": 69.5001373291,
        "mean": 25.5406188965,
        "median": 25.1433868408,
        "min": 3.66381692886,
        "var": 90.7648010254
    },
    "pitch_salience": {
        "dmean": 0.0572099350393,
        "dmean2": 0.0946695581079,
        "dvar": 0.00279649533331,
        "dvar2": 0.00770082045346,
        "max": 0.853983998299,
        "mean": 0.564793527126,
        "median": 0.563699901104,
        "min": 0.306233406067,
        "var": 0.00723777292296
    },
    "silence_rate_20dB": {
        "dmean": 0,
        "dmean2": 0,
        "dvar": 0,
        "dvar2": 0,
        "max": 1,
        "mean": 1,
        "median": 1,
        "min": 1,
        "var": 0
    },
    "silence_rate_30dB": {
        "dmean": 0.0108359130099,
        "dmean2": 0.0216886140406,
        "dvar": 0.0107184154913,
        "dvar2": 0.0320624820888,
        "max": 1,
        "mean": 0.994586229324,
        "median": 1,
        "min": 0,
        "var": 0.00538442842662
    },
    "silence_rate_60dB": {
        "dmean": 0,
        "dmean2": 0,
        "dvar": 0,
        "dvar2": 0,
        "max": 0,
        "mean": 0,
        "median": 0,
        "min": 0,
        "var": 0
    },
    "spectral_centroid": {
        "dmean": 208.24206543,
        "dmean2": 330.015167236,
        "dvar": 47526.4570312,
        "dvar2": 113821.71875,
        "max": 2485.06713867,
        "mean": 1437.02270508,
        "median": 1419.0333252,
        "min": 450.875946045,
        "var": 123498.78125
    },
    "spectral_complexity": {
        "dmean": 3.72523212433,
        "dmean2": 5.88768386841,
        "dvar": 12.5738716125,
        "dvar2": 26.5022926331,
        "max": 48,
        "mean": 23.9412212372,
        "median": 24,
        "min": 9,
        "var": 33.7846679688
    },
    "spectral_decrease": {
        "dmean": 3.63769725453e-09,
        "dmean2": 6.00748251145e-09,
        "dvar": 3.56405953955e-17,
        "dvar2": 8.96025796145e-17,
        "max": -1.49477485945e-09,
        "mean": -9.61203738825e-09,
        "median": -8.19687251408e-09,
        "min": -4.55470186012e-08,
        "var": 3.52516517627e-17
    },
    "spectral_energy": {
        "dmean": 0.014048111625,
        "dmean2": 0.0230991076678,
        "dvar": 0.000521372014191,
        "dvar2": 0.00130797794554,
        "max": 0.176365181804,
        "mean": 0.038747921586,
        "median": 0.0335830375552,
        "min": 0.00629512220621,
        "var": 0.000524178205524
    },
    "spectral_energyband_high": {
        "dmean": 0.000317435973557,
        "dmean2": 0.00045067089377,
        "dvar": 2.23381647402e-07,
        "dvar2": 3.84908020123e-07,
        "max": 0.00571891060099,
        "mean": 0.000874799268786,
        "median": 0.000606679474004,
        "min": 1.42942453749e-05,
        "var": 7.5941210298e-07
    },
    "spectral_energyband_low": {
        "dmean": 0.00908915139735,
        "dmean2": 0.0151404105127,
        "dvar": 0.000280986569123,
        "dvar2": 0.000723676639609,
        "max": 0.113446854055,
        "mean": 0.0147277293727,
        "median": 0.0104783019051,
        "min": 8.68764254847e-05,
        "var": 0.000259965105215
    },
    "spectral_energyband_middle_high": {
        "dmean": 0.00175062159542,
        "dmean2": 0.00252661691047,
        "dvar": 3.66282029063e-06,
        "dvar2": 6.04220440437e-06,
        "max": 0.0349375009537,
        "mean": 0.00740809040144,
        "median": 0.00647838460281,
        "min": 0.000681117468048,
        "var": 2.22068301809e-05
    },
    "spectral_energyband_middle_low": {
        "dmean": 0.00746494112536,
        "dmean2": 0.0125947445631,
        "dvar": 0.000219674446271,
        "dvar2": 0.000591569405515,
        "max": 0.146570682526,
        "mean": 0.018682802096,
        "median": 0.0157962311059,
        "min": 0.0028098130133,
        "var": 0.000186849560123
    },
    "spectral_entropy": {
        "dmean": 0.11698756367,
        "dmean2": 0.162402108312,
        "dvar": 0.0137676689774,
        "dvar2": 0.0265763513744,
        "max": 8.33410167694,
        "mean": 7.60814857483,
        "median": 7.61467552185,
        "min": 6.55406904221,
        "var": 0.0564819537103
    },
    "spectral_flux": {
        "dmean": 0.0340123958886,
        "dmean2": 0.0510949641466,
        "dvar": 0.00181524991058,
        "dvar2": 0.00344123365358,
        "max": 0.345084130764,
        "mean": 0.101871937513,
        "median": 0.0832260772586,
        "min": 0.0207471754402,
        "var": 0.00318124168552
    },
    "spectral_kurtosis": {
        "dmean": 1.21968305111,
        "dmean2": 1.97736680508,
        "dvar": 1.59547674656,
        "dvar2": 4.45294761658,
        "max": 14.2431564331,
        "mean": 4.16914463043,
        "median": 3.89621829987,
        "min": -0.206855535507,
        "var": 4.09678268433
    },
    "spectral_rms": {
        "dmean": 0.000976299343165,
        "dmean2": 0.00155506294686,
        "dvar": 1.8519212972e-06,
        "dvar2": 4.42221517005e-06,
        "max": 0.0131173012778,
        "mean": 0.00594811700284,
        "median": 0.0057239793241,
        "min": 0.00247822166421,
        "var": 2.42272744799e-06
    },
    "spectral_rolloff": {
        "dmean": 500.513580322,
        "dmean2": 857.626464844,
        "dvar": 453813.9375,
        "dvar2": 963645,
        "max": 7299.75585938,
        "mean": 1533.63659668,
        "median": 1464.2578125,
        "min": 129.19921875,
        "var": 930154.625
    },
    "spectral_skewness": {
        "dmean": 0.175644025207,
        "dmean2": 0.278193831444,
        "dvar": 0.0243366789073,
        "dvar2": 0.0631378591061,
        "max": 2.86210417747,
        "mean": 1.46282804012,
        "median": 1.44525325298,
        "min": 0.620163083076,
        "var": 0.100886747241
    },
    "spectral_spread": {
        "dmean": 434454.28125,
        "dmean2": 621873.6875,
        "dvar": 244157546496,
        "dvar2": 422402031616,
        "max": 9466086,
        "mean": 4386855.5,
        "median": 4173085.75,
        "min": 2129337,
        "var": 1.10506698342e+12
    },
    "spectral_strongpeak": {
        "dmean": 0.637916326523,
        "dmean2": 1.11444997787,
        "dvar": 0.761792957783,
        "dvar2": 1.86344897747,
        "max": 6.83435821533,
        "mean": 1.09714102745,
        "median": 0.564004063606,
        "min": 0,
        "var": 1.50185620785
    },
    "zerocrossingrate": {
        "dmean": 0.00853434018791,
        "dmean2": 0.0103306844831,
        "dvar": 6.86813436914e-05,
        "dvar2": 8.66434565978e-05,
        "max": 0.17724609375,
        "mean": 0.0642948970199,
        "median": 0.06005859375,
        "min": 0.01611328125,
        "var": 0.000459829374449
    },
    "barkbands": {
        "dmean": [0.00153271621093, 0.00514303147793, 0.00267565296963, 0.00280127418227, 0.00385205820203, 0.00152120506391, 0.000909122521989, 0.000569463358261, 0.00100878998637, 0.000983736128546, 0.000249204604188, 0.000355453783413, 0.000216391970753, 0.000378820608603, 0.000248689058935, 0.000357175798854, 0.000541438581422, 0.000360956822988, 0.000161729229148, 8.49800853757e-05, 8.30940261949e-05, 8.70563380886e-05, 7.9545105109e-05, 5.46376286366e-05, 4.86946300953e-05, 2.36923497141e-05, 9.10349626793e-08],
        "dmean2": [0.00270818173885, 0.00870279036462, 0.00457289582118, 0.00481752725318, 0.00677054096013, 0.00253673014231, 0.00143120530993, 0.000879609258845, 0.00158487039153, 0.00135117711034, 0.000380110024707, 0.000521010369994, 0.000315721059451, 0.000544085807633, 0.000379481294658, 0.000579267216381, 0.000882761436515, 0.000591096584685, 0.000263879395789, 0.000141492375406, 0.000134945163154, 0.000135071517434, 0.000115613685921, 7.75294174673e-05, 7.32851331122e-05, 3.53211180482e-05, 1.5075508486e-07],
        "dvar": [1.17719264381e-05, 0.000106797306216, 2.12471295526e-05, 2.48936812568e-05, 9.82433411991e-05, 3.51338303517e-06, 1.24786356537e-06, 5.68844882309e-07, 3.73379589291e-06, 4.29705778515e-06, 6.73375780025e-07, 4.65492433932e-07, 2.49966461752e-07, 5.36354775704e-07, 2.21690925173e-07, 1.92251661701e-07, 2.80635475747e-07, 1.31008974336e-07, 2.92587607476e-08, 1.14670282159e-08, 1.21572778511e-08, 1.59064388328e-08, 2.69434821121e-08, 1.64947415726e-08, 7.35565874876e-09, 1.27046484444e-09, 1.01473517089e-13],
        "dvar2": [3.24284264934e-05, 0.000283669680357, 5.76926831855e-05, 6.77871794323e-05, 0.000268750125542, 9.50491994445e-06, 2.90593766294e-06, 1.33834998906e-06, 8.44138776301e-06, 7.20687194189e-06, 1.44109026223e-06, 8.79089043337e-07, 5.12592635005e-07, 1.06567290459e-06, 4.11574319514e-07, 4.56511997982e-07, 7.25686504666e-07, 3.45725453599e-07, 7.05163074599e-08, 2.84693566499e-08, 2.91701560684e-08, 3.41416388494e-08, 4.81282000919e-08, 2.73335665213e-08, 1.72429501788e-08, 2.71565880894e-09, 2.22410387633e-13],
        "max": [0.0256852526218, 0.0737453252077, 0.0390633195639, 0.0530997887254, 0.0819499865174, 0.0214886032045, 0.0142647828907, 0.0113790491596, 0.0278237704188, 0.0311993062496, 0.0132044861093, 0.0107011105865, 0.00977800134569, 0.00887728389353, 0.00911244284362, 0.00745410379022, 0.00573563855141, 0.00394789688289, 0.002047004411, 0.00111215852667, 0.00121406267863, 0.00159565184731, 0.00257453508675, 0.00220136903226, 0.00122350174934, 0.000421251286753, 4.95956555824e-06],
        "mean": [0.00122951506637, 0.00678481673822, 0.00433550402522, 0.00444004265592, 0.00433467328548, 0.00306702777743, 0.00213099317625, 0.00134113396052, 0.00198852596804, 0.00213261763565, 0.000371833360987, 0.000960853532888, 0.000316901423503, 0.000691041932441, 0.000546375580598, 0.000669228378683, 0.00121245998889, 0.000804148439784, 0.000424102996476, 0.00017653676332, 0.000174518441781, 0.000181736468221, 0.000178164293175, 0.000124409692944, 9.08737201826e-05, 3.98596785089e-05, 7.3393145783e-08],
        "median": [0.00021338147053, 0.0042392835021, 0.00306899799034, 0.00305722327903, 0.00221516098827, 0.00235189218074, 0.00156409293413, 0.000711197906639, 0.000641671998892, 0.000293296703603, 6.70921144774e-05, 0.000157169022714, 8.21590074338e-05, 0.000160721843713, 0.000208152283449, 0.000500597758219, 0.00106344639789, 0.000687864026986, 0.000366676336853, 0.0001353953121, 0.000140725343954, 0.000132300046971, 9.80096083367e-05, 5.24582246726e-05, 4.82887662656e-05, 1.86000870599e-05, 8.04833089063e-09],
        "min": [1.92522506381e-07, 1.55277848535e-05, 8.97264271771e-06, 5.48542902834e-06, 5.58465872018e-05, 3.50268819602e-05, 3.87796389987e-05, 7.54534676162e-06, 1.61265033967e-05, 7.76599881647e-06, 2.4395710625e-06, 3.03804335999e-06, 1.66078132224e-06, 1.96612518266e-06, 1.10682431114e-05, 3.63348954124e-05, 8.78920109244e-05, 5.32896156074e-05, 2.11963924812e-05, 3.81707832275e-06, 4.30466570833e-06, 1.97623285203e-06, 1.14758597647e-06, 6.45834745683e-07, 3.82509739438e-08, 6.99117430614e-10, 5.93973091198e-12],
        "var": [8.94145068742e-06, 8.77856145962e-05, 2.1754320187e-05, 2.44414513872e-05, 6.79710574332e-05, 7.00284499544e-06, 3.05177331938e-06, 2.53887242252e-06, 1.00832994576e-05, 2.03572890314e-05, 1.43603983815e-06, 2.86523754767e-06, 6.15385147285e-07, 1.35891627906e-06, 8.4550754309e-07, 3.6822052607e-07, 5.58003819151e-07, 2.75198487998e-07, 7.33716092327e-08, 2.15358380018e-08, 2.00309653309e-08, 2.98034592561e-08, 8.95441303328e-08, 6.65828991941e-08, 1.57971751236e-08, 2.61463495299e-09, 8.4915046186e-14]
    },
    "erbbands": {
        "dmean": [0.238165721297, 0.892078876495, 2.46458554268, 7.08233118057, 15.5348043442, 9.50605297089, 6.47616815567, 14.3212785721, 14.7193241119, 13.0271911621, 13.1911115646, 18.1624259949, 39.4772224426, 14.7307348251, 11.3537902832, 14.3905858994, 8.66974830627, 19.9522094727, 9.43966674805, 11.7839775085, 26.0862998962, 24.5930023193, 21.7267112732, 9.89752388, 6.52608299255, 4.03225326538, 3.46393942833, 3.38411259651, 3.14619016647, 2.73412942886, 2.36312174797, 1.53732168674, 0.788176894188, 0.428096860647, 0.48326548934, 0.147006124258, 0.0411251075566, 0.00400277040899, 8.148400957e-05, 1.8122158508e-05],
        "dmean2": [0.416689693928, 1.53362345695, 4.2327299118, 11.9562606812, 27.4274425507, 16.7136669159, 10.730711937, 23.784318924, 23.9301700592, 19.9986515045, 20.5402431488, 28.6063671112, 54.9821891785, 20.5371074677, 15.6720228195, 20.2408809662, 12.7653779984, 28.8932247162, 13.1348047256, 18.7390727997, 42.4936065674, 39.6648902893, 35.6527099609, 16.2667541504, 10.637257576, 6.61430835724, 5.61006593704, 5.50375556946, 4.89155578613, 4.08143472672, 3.40176582336, 2.18674325943, 1.16338539124, 0.657129764557, 0.748915553093, 0.224522933364, 0.0620347484946, 0.00633025541902, 0.000125422244309, 2.86570921162e-05],
        "dvar": [0.299139142036, 2.85699796677, 17.4662685394, 125.489578247, 1756.59094238, 426.560089111, 105.65083313, 359.509338379, 304.331665039, 350.509979248, 390.655944824, 1244.86437988, 6206.09619141, 1472.29748535, 811.416015625, 659.815429688, 458.955871582, 1564.42785645, 371.009277344, 309.211212158, 893.112792969, 595.971191406, 459.71786499, 119.448883057, 48.3436279297, 29.0696773529, 18.7312221527, 22.3653659821, 22.2360591888, 22.7736244202, 24.4350509644, 15.8940143585, 2.9342944622, 0.732773184776, 0.874313294888, 0.04981386289, 0.00357410055585, 4.66804376629e-05, 1.60470658983e-08, 7.74719288721e-10],
        "dvar2": [0.794324874878, 7.98337030411, 48.3914604187, 335.064208984, 4840.08789062, 1175.29040527, 282.658752441, 960.115722656, 750.074829102, 765.908996582, 930.844421387, 3007.37451172, 11409.2255859, 2260.09643555, 1495.49645996, 1243.65283203, 910.695556641, 3123.40771484, 627.773864746, 673.156860352, 2185.81738281, 1547.8260498, 1221.47717285, 295.889038086, 116.403778076, 74.9401702881, 46.3357200623, 52.2491569519, 49.0611915588, 48.898235321, 44.5368461609, 30.5455856323, 5.56463384628, 1.57346272469, 2.25828433037, 0.114282563329, 0.00771190179512, 0.000110973589472, 3.5581322777e-08, 1.87515802885e-09],
        "max": [4.03957128525, 13.9472732544, 38.0331573486, 92.7457504272, 351.678955078, 187.740188599, 101.597549438, 225.43737793, 239.879714966, 217.584457397, 309.601654053, 552.030273438, 1211.85559082, 990.684509277, 477.145507812, 397.459075928, 502.21685791, 513.263122559, 468.224273682, 417.352813721, 506.666564941, 310.422851562, 231.370727539, 143.171691895, 96.1066360474, 56.0766487122, 52.5505638123, 45.5464057922, 51.6372566223, 73.7474822998, 80.4239807129, 63.1327705383, 34.0325813293, 13.6162099838, 10.861782074, 2.44922661781, 0.622676074505, 0.0826290026307, 0.00144634093158, 0.000262115645455],
        "mean": [0.225916862488, 1.40178740025, 4.49138259888, 11.853219986, 16.7759895325, 11.7543745041, 11.2295045853, 28.3852481842, 34.1420478821, 30.0506839752, 30.6110935211, 35.4994812012, 94.1895828247, 32.4723320007, 21.5417919159, 39.7246246338, 16.7192783356, 38.9885787964, 22.5553150177, 27.5715942383, 53.1189079285, 61.5912132263, 51.4363212585, 25.5718402863, 16.7116851807, 8.60862922668, 7.30150413513, 6.960896492, 6.43092775345, 5.70917749405, 5.07228279114, 3.25337529182, 1.65228259563, 0.865663468838, 0.767991602421, 0.245974421501, 0.0653905570507, 0.00529181119055, 0.000135710637551, 5.31859477633e-05],
        "median": [0.0893849804997, 1.02044808865, 3.19531393051, 8.9010925293, 8.53695583344, 6.79732465744, 7.8212928772, 20.9735908508, 27.3012599945, 19.6420040131, 15.5860738754, 16.5577926636, 17.5464286804, 8.97809123993, 6.01452302933, 7.49371004105, 6.96133756638, 12.0310297012, 9.89498519897, 17.4521045685, 43.2803878784, 55.0372276306, 44.8217735291, 22.6286640167, 14.2030200958, 6.85489034653, 6.0419793129, 5.45068264008, 4.71479320526, 3.49603772163, 2.69511055946, 1.33223867416, 0.749103963375, 0.448702424765, 0.369630992413, 0.113225318491, 0.031479947269, 0.00211714906618, 7.42642005207e-05, 4.65024968435e-05],
        "min": [0.00034472430707, 0.00392842618749, 0.0191837288439, 0.0458387769759, 0.187681660056, 0.244089648128, 0.444406270981, 0.579323470592, 0.734212636948, 1.52236664295, 0.5141954422, 0.514202833176, 0.801805794239, 0.383291423321, 0.249296292663, 0.201331675053, 0.116052366793, 0.186391189694, 0.361396670341, 1.5415418148, 2.90484142303, 5.48062229156, 3.69029569626, 1.96572077274, 0.574860990047, 0.223735406995, 0.187204360962, 0.151953369379, 0.125880181789, 0.0655175596476, 0.0278174635023, 0.0182331893593, 0.00597819546238, 0.00155025883578, 0.00014491584443, 0.000932846858632, 0.000170150757185, 9.20189813769e-06, 7.00278815202e-06, 1.16021610665e-05],
        "var": [0.220949560404, 2.38140296936, 19.1269016266, 129.906097412, 1177.75769043, 316.941680908, 129.576446533, 753.62286377, 756.718505859, 940.850463867, 1682.14208984, 2379.72851562, 28745.5878906, 6920.10351562, 2131.1184082, 4497.32617188, 1292.56982422, 4111.57275391, 1746.88818359, 1236.5748291, 1573.80883789, 1207.99841309, 919.382080078, 244.230041504, 130.671356201, 50.4886665344, 33.0197486877, 35.2293319702, 36.7251167297, 55.8615150452, 82.3440856934, 53.9204864502, 9.87563323975, 2.02643823624, 1.217487216, 0.0990628525615, 0.00677433935925, 6.18494013906e-05, 2.39891413401e-08, 8.6610907335e-10]
    },
    "gfcc": {
        "mean": [46.4908981323, 90.9649658203, -112.906761169, 45.9020462036, -56.3100967407, 6.98242807388, -46.7728042603, 23.2118415833, -17.9385356903, -0.201417595148, -22.4179821014, 6.89091444016, -14.8624897003],
        "cov": [[657.600524902, -152.194824219, 68.5200271606, -11.5930318832, -5.16831445694, 157.798248291, 67.6126098633, -58.9712791443, -117.812232971, 18.8765678406, -11.6469335556, 14.2642507553, -33.6679077148], [-152.194824219, 538.554382324, -232.223083496, -134.199386597, 130.143920898, 19.8501663208, 139.381011963, -66.1168441772, -2.00879478455, -57.7406578064, 49.5574913025, -76.0224914551, 26.0577087402], [68.5200271606, -232.223083496, 424.631195068, 203.665802002, -22.6522216797, -50.009929657, -92.3450241089, 76.6884307861, 17.5450077057, 20.124912262, -41.5734329224, 58.516418457, -18.2638874054], [-11.5930318832, -134.199386597, 203.665802002, 370.587310791, -37.1544799805, -55.9562339783, -56.268321991, 47.6155090332, 76.1069717407, -21.0020275116, 13.3519039154, -3.16429257393, 12.3221721649], [-5.16831445694, 130.143920898, -22.6522216797, -37.1544799805, 156.223678589, 31.8214950562, 44.4898986816, -4.4891705513, 0.801071703434, 17.5384941101, -12.9938220978, -12.7365703583, -5.19399595261], [157.798248291, 19.8501663208, -50.009929657, -55.9562339783, 31.8214950562, 135.71836853, 59.803237915, -32.2792053223, -46.9853591919, 1.07912504673, 15.8364677429, -11.4376487732, -7.50686168671], [67.6126098633, 139.381011963, -92.3450241089, -56.268321991, 44.4898986816, 59.803237915, 147.094070435, -2.00428032875, -18.3308010101, -9.86585140228, 10.8272981644, -19.8169136047, -7.42852401733], [-58.9712791443, -66.1168441772, 76.6884307861, 47.6155090332, -4.4891705513, -32.2792053223, -2.00428032875, 112.91822052, 59.9177398682, 5.44044971466, -26.2875576019, 6.14233922958, -0.668314218521], [-117.812232971, -2.00879478455, 17.5450077057, 76.1069717407, 0.801071703434, -46.9853591919, -18.3308010101, 59.9177398682, 111.412124634, 6.0850481987, -20.6500301361, -30.4811458588, 10.5857095718], [18.8765678406, -57.7406578064, 20.124912262, -21.0020275116, 17.5384941101, 1.07912504673, -9.86585140228, 5.44044971466, 6.0850481987, 68.7786407471, 5.41765737534, 13.2528190613, -13.6422472], [-11.6469335556, 49.5574913025, -41.5734329224, 13.3519039154, -12.9938220978, 15.8364677429, 10.8272981644, -26.2875576019, -20.6500301361, 5.41765737534, 103.669769287, 26.9705734253, -14.5906600952], [14.2642507553, -76.0224914551, 58.516418457, -3.16429257393, -12.7365703583, -11.4376487732, -19.8169136047, 6.14233922958, -30.4811458588, 13.2528190613, 26.9705734253, 78.1297912598, -4.27612781525], [-33.6679077148, 26.0577087402, -18.2638874054, 12.3221721649, -5.19399595261, -7.50686168671, -7.42852401733, -0.668314218521, 10.5857095718, -13.6422472, -14.5906600952, -4.27612781525, 55.3320617676]],
        "icov": [[0.00315064424649, 0.00113918201532, -0.000676483206917, -0.000403311569244, 0.000229023746215, -0.00246609724127, -0.00188004993834, 0.00133043853566, 0.00200531422161, -0.000519692781381, 0.000831566110719, 0.000727120495867, 0.000461406103568], [0.00113918201532, 0.0100870197639, -0.00204355921596, 0.00469453958794, -0.00762549275532, 0.00540061248466, -0.00737196579576, 0.00484171882272, -0.00214652577415, 0.00855292100459, -0.0101036103442, 0.00949024036527, -0.00610290793702], [-0.000676483206917, -0.00204355921596, 0.00652231881395, -0.00444858660921, 0.00104225822724, -0.00121252657846, 0.00390534405597, -0.004008193966, 0.00280946376733, -0.00297592929564, 0.00575530668721, -0.0058043715544, 0.00390139501542], [-0.000403311569244, 0.00469453958794, -0.00444858660921, 0.00824155658484, -0.00347870378755, 0.00392469530925, -0.00332783418708, 0.003145752009, -0.00554988067597, 0.00687213847414, -0.00894415657967, 0.00670365616679, -0.00504715275019], [0.000229023746215, -0.00762549275532, 0.00104225822724, -0.00347870378755, 0.013889326714, -0.00625235121697, 0.00285188830458, -0.00221870047972, 0.00106185476761, -0.00912219937891, 0.00967346504331, -0.00722947856411, 0.00520065333694], [-0.00246609724127, 0.00540061248466, -0.00121252657846, 0.00392469530925, -0.00625235121697, 0.0172344427556, -0.00622507510707, 0.0021090048831, 0.00114324700553, 0.00489507103339, -0.0091802123934, 0.0090362643823, -0.00511134648696], [-0.00188004993834, -0.00737196579576, 0.00390534405597, -0.00332783418708, 0.00285188830458, -0.00622507510707, 0.0166127867997, -0.00764042465016, 0.00306527339853, -0.00408999715, 0.00593854626641, -0.00538242375478, 0.0054742731154], [0.00133043853566, 0.00484171882272, -0.004008193966, 0.003145752009, -0.00221870047972, 0.0021090048831, -0.00764042465016, 0.0198381934315, -0.0117032490671, 0.00477650994435, -0.00147416430991, -0.000888081034645, -0.00124316022266], [0.00200531422161, -0.00214652577415, 0.00280946376733, -0.00554988067597, 0.00106185476761, 0.00114324700553, 0.00306527339853, -0.0117032490671, 0.0246442370117, -0.00763996737078, 0.00319787464105, 0.00704496027902, -0.000291435833788], [-0.000519692781381, 0.00855292100459, -0.00297592929564, 0.00687213847414, -0.00912219937891, 0.00489507103339, -0.00408999715, 0.00477650994435, -0.00763996737078, 0.0262801665813, -0.0109632592648, 0.00497178733349, -0.00210599182174], [0.000831566110719, -0.0101036103442, 0.00575530668721, -0.00894415657967, 0.00967346504331, -0.0091802123934, 0.00593854626641, -0.00147416430991, 0.00319787464105, -0.0109632592648, 0.0273664221168, -0.0184795279056, 0.0120710590854], [0.000727120495867, 0.00949024036527, -0.0058043715544, 0.00670365616679, -0.00722947856411, 0.0090362643823, -0.00538242375478, -0.000888081034645, 0.00704496027902, 0.00497178733349, -0.0184795279056, 0.0331022366881, -0.0100583424792], [0.000461406103568, -0.00610290793702, 0.00390139501542, -0.00504715275019, 0.00520065333694, -0.00511134648696, 0.0054742731154, -0.00124316022266, -0.000291435833788, -0.00210599182174, 0.0120710590854, -0.0100583424792, 0.0260961614549]]
    },
    "melbands": {
        "dmean": [0.00175019272137, 0.00121520797256, 0.00140659103636, 0.000975522911176, 0.000229456680245, 0.000317990808981, 0.000216253218241, 0.000130746411742, 0.000106022023829, 0.00013722620497, 0.000197491710423, 6.31773800706e-05, 3.79538614652e-05, 4.38474708062e-05, 2.51380624832e-05, 2.46561739914e-05, 4.01611396228e-05, 1.5644764062e-05, 1.95183001779e-05, 1.57080903591e-05, 3.83488404623e-05, 2.92121148959e-05, 3.1286959711e-05, 1.43251600093e-05, 8.78430182638e-06, 6.22038578513e-06, 3.48714024767e-06, 2.83949498225e-06, 2.43542558565e-06, 2.18296327148e-06, 2.08772303267e-06, 1.97479880626e-06, 1.79730773198e-06, 1.6250663748e-06, 1.52205484483e-06, 1.28258147924e-06, 8.98630673873e-07, 6.13585029896e-07, 5.03701016896e-07, 3.61192832088e-07],
        "dmean2": [0.00300859869458, 0.00206983997487, 0.00239793513902, 0.00172306841705, 0.00038324133493, 0.00052836019313, 0.000350853661075, 0.000201184564503, 0.000165580888279, 0.000214265106479, 0.000274921680102, 8.94277982297e-05, 5.47298513993e-05, 6.36051991023e-05, 3.6179106246e-05, 3.68837900169e-05, 5.85965026403e-05, 2.1523790565e-05, 3.02875196212e-05, 2.52389691013e-05, 6.30534050288e-05, 4.73061991215e-05, 5.27639567736e-05, 2.35551869991e-05, 1.4513959286e-05, 1.0249404113e-05, 5.71661121285e-06, 4.7506109695e-06, 3.99517739424e-06, 3.59009709427e-06, 3.33992193191e-06, 3.11602821057e-06, 2.80495237348e-06, 2.47730076808e-06, 2.28704175242e-06, 1.88376657206e-06, 1.31428396344e-06, 9.4995721156e-07, 7.68903987591e-07, 5.71669090732e-07],
        "dvar": [1.40662359627e-05, 4.54410246675e-06, 6.72886562825e-06, 6.66765754431e-06, 1.32001062525e-07, 1.6714490414e-07, 6.41122852585e-08, 3.36300267634e-08, 2.88278290128e-08, 6.94834838555e-08, 1.51758086986e-07, 2.92363235843e-08, 1.1412743639e-08, 7.55012585785e-09, 2.52133047773e-09, 2.5969206785e-09, 6.4740723893e-09, 9.60043378129e-10, 1.32493538363e-09, 3.86288029341e-10, 1.7145914688e-09, 8.82386719248e-10, 1.07594266829e-09, 1.93023749762e-10, 1.03894295944e-10, 4.39868627633e-11, 1.68100134507e-11, 1.48318943932e-11, 9.11571772927e-12, 7.71865731053e-12, 7.52152940625e-12, 8.58702779022e-12, 6.77511215533e-12, 8.884939659e-12, 9.44697532007e-12, 1.0232062593e-11, 5.22656787641e-12, 1.72949198365e-12, 1.20345215997e-12, 4.5156741302e-13],
        "dvar2": [3.69665503968e-05, 1.26241384351e-05, 1.81055984285e-05, 1.84225045814e-05, 3.5896542272e-07, 4.48724335911e-07, 1.58487907242e-07, 7.49222692775e-08, 7.08639120717e-08, 1.62030445949e-07, 2.77556551964e-07, 4.48706494183e-08, 2.3456895093e-08, 1.39946143562e-08, 4.61382665407e-09, 5.47202194667e-09, 1.27696901941e-08, 1.71915193192e-09, 2.69103939132e-09, 8.11493372499e-10, 4.33206448491e-09, 2.2654367271e-09, 2.80852185952e-09, 5.03003916297e-10, 2.6397217745e-10, 1.09452093222e-10, 3.99655863959e-11, 3.89580173676e-11, 2.39403965402e-11, 1.87731202111e-11, 1.78325115091e-11, 1.97069634916e-11, 1.50297291973e-11, 1.97826217213e-11, 1.87094523901e-11, 2.08581884403e-11, 1.03210495705e-11, 3.80223283414e-12, 2.24864723196e-12, 1.04420660486e-12],
        "max": [0.026193395257, 0.0188343841583, 0.0239408109337, 0.0226656347513, 0.00331817800179, 0.00492366636172, 0.003574217204, 0.00206698477268, 0.00229552551173, 0.00377776147798, 0.00603906624019, 0.00443399325013, 0.00209104921669, 0.00148671981879, 0.000860203523189, 0.000661311030854, 0.00111232872587, 0.000704292964656, 0.000730592408217, 0.000369317072909, 0.000579918152653, 0.00029699478182, 0.000378890254069, 0.000131802618853, 0.000133972673211, 8.60713771544e-05, 5.86650057812e-05, 3.84394552384e-05, 3.41504346579e-05, 2.66819843091e-05, 2.55116901826e-05, 3.45967673638e-05, 3.39433536283e-05, 5.01405047544e-05, 4.70437589684e-05, 4.62129537482e-05, 3.95526330976e-05, 2.50577086263e-05, 1.93863106688e-05, 1.04325827124e-05],
        "mean": [0.00196921126917, 0.00223211990669, 0.00217905314639, 0.00106300530024, 0.000387627020245, 0.000636999146082, 0.000519742316101, 0.000302943983115, 0.000229092576774, 0.000269673793809, 0.000469313497888, 0.000126588143758, 5.92335345573e-05, 0.000120129414427, 5.01433642057e-05, 4.10153588746e-05, 7.56010704208e-05, 3.07907503156e-05, 4.26675032941e-05, 3.17183112202e-05, 7.21478063497e-05, 6.43420062261e-05, 6.57205528114e-05, 3.10546929541e-05, 1.95033699129e-05, 1.47591445057e-05, 7.57873203838e-06, 5.19031618751e-06, 4.71418115922e-06, 4.13294401369e-06, 3.96073437514e-06, 3.6284586713e-06, 3.45774674315e-06, 3.09085226036e-06, 3.04502964354e-06, 2.4692583338e-06, 1.78725338174e-06, 1.15255534183e-06, 9.55237055678e-07, 6.38338860881e-07],
        "median": [0.00100942654535, 0.00166483223438, 0.00161470915191, 0.000558156694751, 0.000271697499556, 0.000480347225675, 0.000422457640525, 0.000199443369638, 0.000105153725599, 9.66591251199e-05, 8.61700827954e-05, 2.38140964939e-05, 1.25316610138e-05, 1.75978530024e-05, 1.1226827155e-05, 1.10487171696e-05, 1.69111717696e-05, 9.92593231786e-06, 1.65106957866e-05, 2.2701709895e-05, 5.80339183216e-05, 5.37157466169e-05, 5.65123882552e-05, 2.69338106591e-05, 1.65872443176e-05, 1.25389487948e-05, 6.08170739724e-06, 3.96354471377e-06, 3.77822289011e-06, 3.26157783093e-06, 3.09094525619e-06, 2.61208720076e-06, 2.35626475842e-06, 1.78255436367e-06, 1.61175864832e-06, 1.03338538793e-06, 6.918270401e-07, 5.2271855111e-07, 4.47914516144e-07, 3.2631379554e-07],
        "min": [4.42988221039e-06, 9.40480458667e-06, 1.94229432964e-05, 1.08482745418e-05, 9.94694892142e-06, 8.16874489828e-06, 9.15450527827e-06, 1.11344588731e-05, 2.31804665418e-06, 2.69029533229e-06, 2.04206526178e-06, 7.53992878799e-07, 4.07989659834e-07, 6.60483181036e-07, 1.71304805008e-07, 2.33412777106e-07, 1.85214815929e-07, 1.61009495514e-07, 1.0554444998e-06, 2.41438556259e-06, 3.11606390824e-06, 4.77971479995e-06, 4.2098040467e-06, 1.90514526821e-06, 1.24618134123e-06, 4.00274814183e-07, 2.43983521386e-07, 1.01677656517e-07, 7.25716162719e-08, 9.83239232255e-08, 7.65156968896e-08, 5.90705866443e-08, 4.66505234442e-08, 2.94774906706e-08, 1.51932901815e-08, 1.34459119394e-08, 7.16108772281e-09, 2.813372868e-09, 7.69391994559e-10, 2.59816248377e-11],
