{
"highlevel": {
    "danceability": {
        "all": {
            "danceable": 0.299491554499,
            "not_danceable": 0.700508475304
        },
        "probability": 0.700508475304,
        "value": "not_danceable"
    },
    "gender": {
        "all": {
            "female": 0.960067391396,
            "male": 0.0399325974286
        },
        "probability": 0.960067391396,
        "value": "female"
    },
    "genre_dortmund": {
        "all": {
            "alternative": 0.207716152072,
            "blues": 0.0340832956135,
            "electronic": 0.0438744463027,
            "folkcountry": 0.128780961037,
            "funksoulrnb": 0.00499699963257,
            "jazz": 0.0145301846787,
            "pop": 0.0558422654867,
            "raphiphop": 0.00265567027964,
            "rock": 0.507520020008
        },
        "probability": 0.507520020008,
        "value": "rock"
    },
    "genre_electronic": {
        "all": {
            "ambient": 0.353764623404,
            "dnb": 0.119332104921,
            "house": 0.0451756231487,
            "techno": 0.0234160423279,
            "trance": 0.458311617374
        },
        "probability": 0.458311617374,
        "value": "trance"
    },
    "genre_rosamerica": {
        "all": {
            "cla": 0.00531761022285,
            "dan": 0.0344666801393,
            "hip": 0.00193196814507,
            "jaz": 0.0016759474529,
            "pop": 0.0426807589829,
            "rhy": 0.00772453704849,
            "roc": 0.905316472054,
            "spe": 0.000886014080606
        },
        "probability": 0.905316472054,
        "value": "roc"
    },
    "genre_tzanetakis": {
        "all": {
            "blu": 0.0626541376114,
            "cla": 0.0348133966327,
            "cou": 0.0783501937985,
            "dis": 0.104547761381,
            "hip": 0.15693578124,
            "jaz": 0.313987255096,
            "met": 0.044816005975,
            "pop": 0.0627349764109,
            "reg": 0.0627352520823,
            "roc": 0.0784252434969
        },
        "probability": 0.313987255096,
        "value": "jaz"
    },
    "ismir04_rhythm": {
        "all": {
            "ChaChaCha": 0.303952932358,
            "Jive": 0.38623932004,
            "Quickstep": 0.0230799932033,
            "Rumba-American": 0.0128563325852,
            "Rumba-International": 0.0244490019977,
            "Rumba-Misc": 0.0103576900437,
            "Samba": 0.0887365043163,
            "Tango": 0.0300581473857,
            "VienneseWaltz": 0.111610554159,
            "Waltz": 0.00865953415632
        },
        "probability": 0.38623932004,
        "value": "Jive"
    },
    "mood_acoustic": {
        "all": {
            "acoustic": 0.0381338186562,
            "not_acoustic": 0.96186619997
        },
        "probability": 0.96186619997,
        "value": "not_acoustic"
    },
    "mood_aggressive": {
        "all": {
            "aggressive": 0.644138395786,
            "not_aggressive": 0.355861574411
        },
        "probability": 0.644138395786,
        "value": "aggressive"
    },
    "mood_electronic": {
        "all": {
            "electronic": 0.141498699784,
            "not_electronic": 0.858501315117
        },
        "probability": 0.858501315117,
        "value": "not_electronic"
    },
    "mood_happy": {
        "all": {
            "happy": 0.789407551289,
            "not_happy": 0.210592478514
        },
        "probability": 0.789407551289,
        "value": "happy"
    },
    "mood_party": {
        "all": {
            "not_party": 0.3857396245,
            "party": 0.6142603755
        },
        "probability": 0.6142603755,
        "value": "party"
    },
    "mood_relaxed": {
        "all": {
            "not_relaxed": 0.661248624325,
            "relaxed": 0.338751345873
        },
        "probability": 0.661248624325,
        "value": "not_relaxed"
    },
    "mood_sad": {
        "all": {
            "not_sad": 0.924200713634,
            "sad": 0.0757992565632
        },
        "probability": 0.924200713634,
        "value": "not_sad"
    },
    "moods_mirex": {
        "all": {
            "Cluster1": 0.398455262184,
            "Cluster2": 0.12494635582,
            "Cluster3": 0.0746550858021,
            "Cluster4": 0.119192197919,
            "Cluster5": 0.282751113176
        },
        "probability": 0.398455262184,
        "value": "Cluster1"
    },
    "timbre": {
        "all": {
            "bright": 0.973369061947,
            "dark": 0.0266309324652
        },
        "probability": 0.973369061947,
        "value": "bright"
    },
    "tonal_atonal": {
        "all": {
            "atonal": 0.00797212682664,
            "tonal": 0.992027878761
        },
        "probability": 0.992027878761,
        "value": "tonal"
    },
    "voice_instrumental": {
        "all": {
            "instrumental": 0.00537716690451,
            "voice": 0.994622826576
        },
        "probability": 0.994622826576,
        "value": "voice"
    }
},
"lowlevel": {
    "average_loudness": 0.97688138485,
    "barkbands_crest": {
        "dmean": 2.51793169975,
        "dmean2": 4.05036306381,
        "dvar": 5.41574525833,
        "dvar2": 14.5454587936,
        "max": 23.5662784576,
        "mean": 9.33601665497,
        "median": 8.51629829407,
        "min": 2.87355232239,
        "var": 14.5309066772
    },
    "barkbands_flatness_db": {
        "dmean": 0.0197290051728,
        "dmean2": 0.0322583727539,
        "dvar": 0.000373270799173,
        "dvar2": 0.00095061090542,
        "max": 0.319593787193,
        "mean": 0.135482862592,
        "median": 0.125623136759,
        "min": 0.0640815123916,
        "var": 0.001730207121
    },
    "barkbands_kurtosis": {
        "dmean": 2.85101413727,
        "dmean2": 4.7986240387,
        "dvar": 27.7646274567,
        "dvar2": 70.057258606,
        "max": 78.5468521118,
        "mean": 3.60714912415,
        "median": 1.2936296463,
        "min": -1.46151685715,
        "var": 46.2563018799
    },
    "barkbands_skewness": {
        "dmean": 0.554727256298,
        "dmean2": 0.888425350189,
        "dvar": 0.405924469233,
        "dvar2": 1.03038883209,
        "max": 7.27722787857,
        "mean": 1.57087481022,
        "median": 1.32967305183,
        "min": -0.105827398598,
        "var": 1.04640698433
    },
    "barkbands_spread": {
        "dmean": 4.81359910965,
        "dmean2": 7.62335157394,
        "dvar": 23.889547348,
        "dvar2": 55.6906776428,
        "max": 87.0994415283,
        "mean": 21.3196144104,
        "median": 21.1648616791,
        "min": 2.08695888519,
        "var": 84.8360214233
    },
    "dissonance": {
        "dmean": 0.0159464348108,
        "dmean2": 0.0273018982261,
        "dvar": 0.000207529737963,
        "dvar2": 0.000590826151893,
        "max": 0.499999821186,
        "mean": 0.47171458602,
        "median": 0.47637411952,
        "min": 0.350932985544,
        "var": 0.00043642646051
    },
    "dynamic_complexity": 1.89999759197,
    "erbbands_crest": {
        "dmean": 2.24538373947,
        "dmean2": 3.72898507118,
        "dvar": 4.14867162704,
        "dvar2": 11.3252544403,
        "max": 19.6481819153,
        "mean": 7.21722221375,
        "median": 6.61618328094,
        "min": 2.3194565773,
        "var": 7.70346260071
    },
    "erbbands_flatness_db": {
        "dmean": 0.01463291049,
        "dmean2": 0.0217920616269,
        "dvar": 0.000172862855834,
        "dvar2": 0.000368250824977,
        "max": 0.23810197413,
        "mean": 0.143644869328,
        "median": 0.144634649158,
        "min": 0.0491670817137,
        "var": 0.000607452297118
    },
    "erbbands_kurtosis": {
        "dmean": 0.527758836746,
        "dmean2": 0.822275161743,
        "dvar": 0.279785126448,
        "dvar2": 0.696539223194,
        "max": 5.32060909271,
        "mean": -0.0570041574538,
        "median": -0.264278888702,
        "min": -1.57862019539,
        "var": 0.834168493748
    },
    "erbbands_skewness": {
        "dmean": 0.30027359724,
        "dmean2": 0.488880544901,
        "dvar": 0.0673569887877,
        "dvar2": 0.175868168473,
        "max": 2.04859042168,
        "mean": 0.272878676653,
        "median": 0.266420781612,
        "min": -1.36628758907,
        "var": 0.221023336053
    },
    "erbbands_spread": {
        "dmean": 7.38851594925,
        "dmean2": 11.2289628983,
        "dvar": 52.1263771057,
        "dvar2": 113.698226929,
        "max": 104.48513031,
        "mean": 37.5980758667,
        "median": 35.4325180054,
        "min": 13.1977863312,
        "var": 174.532211304
    },
    "hfc": {
        "dmean": 4.59536314011,
        "dmean2": 6.83669090271,
        "dvar": 23.2481136322,
        "dvar2": 43.9152297974,
        "max": 62.7634811401,
        "mean": 21.8691635132,
        "median": 21.8536949158,
        "min": 1.12164497375,
        "var": 127.054550171
    },
    "melbands_crest": {
        "dmean": 3.75127363205,
        "dmean2": 6.17607927322,
        "dvar": 12.1594648361,
        "dvar2": 30.2755794525,
        "max": 32.2207984924,
        "mean": 14.2476634979,
        "median": 13.2697153091,
        "min": 4.56679105759,
        "var": 27.6610927582
    },
    "melbands_flatness_db": {
        "dmean": 0.0256480965763,
        "dmean2": 0.0403032191098,
        "dvar": 0.000634318916127,
        "dvar2": 0.00160392397083,
        "max": 0.41947683692,
        "mean": 0.193956255913,
        "median": 0.182578518987,
        "min": 0.0880475342274,
        "var": 0.00308332848363
    },
    "melbands_kurtosis": {
        "dmean": 7.48674535751,
        "dmean2": 12.5104398727,
        "dvar": 168.161239624,
        "dvar2": 424.612213135,
        "max": 167.840621948,
        "mean": 12.0184726715,
        "median": 6.53513622284,
        "min": -0.723716020584,
        "var": 272.526306152
    },
    "melbands_skewness": {
        "dmean": 0.821134030819,
        "dmean2": 1.30884897709,
        "dvar": 0.883012592793,
        "dvar2": 2.21850419044,
        "max": 9.68512153625,
        "mean": 2.61708688736,
        "median": 2.32034182549,
        "min": 0.111331880093,
        "var": 2.08309102058
    },
    "melbands_spread": {
        "dmean": 5.80018472672,
        "dmean2": 9.13045597076,
        "dvar": 32.509311676,
        "dvar2": 85.104057312,
        "max": 59.3025398254,
        "mean": 21.2143955231,
        "median": 20.976026535,
        "min": 1.21094381809,
        "var": 103.7840271
    },
    "pitch_salience": {
        "dmean": 0.0741551071405,
        "dmean2": 0.121218301356,
        "dvar": 0.00496126431972,
        "dvar2": 0.0134272482246,
        "max": 0.784840166569,
        "mean": 0.555077850819,
        "median": 0.56668061018,
        "min": 0.151747643948,
        "var": 0.0100598381832
    },
    "silence_rate_20dB": {
        "dmean": 0,
        "dmean2": 0,
        "dvar": 0,
        "dvar2": 0,
        "max": 1,
        "mean": 1,
        "median": 1,
        "min": 1,
        "var": 0
    },
    "silence_rate_30dB": {
        "dmean": 0.0030959751457,
        "dmean2": 0.00619674660265,
        "dvar": 0.00308635877445,
        "dvar2": 0.00925663392991,
        "max": 1,
        "mean": 0.998453199863,
        "median": 1,
        "min": 0,
        "var": 0.00154439243488
    },
    "silence_rate_60dB": {
        "dmean": 0,
        "dmean2": 0,
        "dvar": 0,
        "dvar2": 0,
        "max": 0,
        "mean": 0,
        "median": 0,
        "min": 0,
        "var": 0
    },
    "spectral_centroid": {
        "dmean": 221.943740845,
        "dmean2": 353.289855957,
        "dvar": 43677.109375,
        "dvar2": 106162.328125,
        "max": 3069.26977539,
        "mean": 1278.76123047,
        "median": 1293.01269531,
        "min": 225.851821899,
        "var": 185554.171875
    },
    "spectral_complexity": {
        "dmean": 3.717492342,
        "dmean2": 5.99845075607,
        "dvar": 10.5293169022,
        "dvar2": 24.542219162,
        "max": 51,
        "mean": 26.2900238037,
        "median": 28,
        "min": 2,
        "var": 94.7332611084
    },
    "spectral_decrease": {
        "dmean": 3.66320529466e-09,
        "dmean2": 5.92058846394e-09,
        "dvar": 2.60759225161e-17,
        "dvar2": 6.55798914323e-17,
        "max": -1.36436772991e-09,
        "mean": -9.4335748102e-09,
        "median": -8.12154876684e-09,
        "min": -4.0376573196e-08,
        "var": 3.195764651e-17
    },
    "spectral_energy": {
        "dmean": 0.014111536555,
        "dmean2": 0.0227462612092,
        "dvar": 0.000381423189538,
        "dvar2": 0.000954725896008,
        "max": 0.156381323934,
        "mean": 0.0375880785286,
        "median": 0.0328433811665,
        "min": 0.00542579963803,
        "var": 0.000482347240904
    },
    "spectral_energyband_high": {
        "dmean": 0.000240986977587,
        "dmean2": 0.000341200589901,
        "dvar": 1.28129485688e-07,
        "dvar2": 2.40542135543e-07,
        "max": 0.00478539289907,
        "mean": 0.000658720091451,
        "median": 0.000543686503079,
        "min": 8.75735565842e-07,
        "var": 3.61896439927e-07
    },
    "spectral_energyband_low": {
        "dmean": 0.00879949331284,
        "dmean2": 0.0144567582756,
        "dvar": 0.000208984172787,
        "dvar2": 0.000542747846339,
        "max": 0.110051259398,
        "mean": 0.0156320724636,
        "median": 0.0104737682268,
        "min": 0.000552387384232,
        "var": 0.00022865581559
    },
    "spectral_energyband_middle_high": {
        "dmean": 0.00175321078859,
        "dmean2": 0.00274342135526,
        "dvar": 3.25980454363e-06,
        "dvar2": 7.59614886192e-06,
        "max": 0.0225837286562,
        "mean": 0.00667030410841,
        "median": 0.0062812929973,
        "min": 3.41641280102e-05,
        "var": 1.903179691e-05
    },
    "spectral_energyband_middle_low": {
        "dmean": 0.00780569948256,
        "dmean2": 0.0127431834117,
        "dvar": 0.000248851894867,
        "dvar2": 0.000629919406492,
        "max": 0.146580636501,
        "mean": 0.0163815859705,
        "median": 0.0126589527354,
        "min": 0.00101692741737,
        "var": 0.000271953613264
    },
    "spectral_entropy": {
        "dmean": 0.114582464099,
        "dmean2": 0.176251575351,
        "dvar": 0.0161883085966,
        "dvar2": 0.0357914529741,
        "max": 8.45364284515,
        "mean": 7.6868853569,
        "median": 7.73388433456,
        "min": 6.22754001617,
        "var": 0.0700698420405
    },
    "spectral_flux": {
        "dmean": 0.0334896333516,
        "dmean2": 0.0524563528597,
        "dvar": 0.00149019958917,
        "dvar2": 0.00316662527621,
        "max": 0.306252926588,
        "mean": 0.106705419719,
        "median": 0.0960352495313,
        "min": 0.0157484468073,
        "var": 0.00273584900424
    },
    "spectral_kurtosis": {
        "dmean": 1.22776699066,
        "dmean2": 2.05622315407,
        "dvar": 1.54894554615,
        "dvar2": 3.82061553001,
        "max": 19.0239181519,
        "mean": 4.12287950516,
        "median": 3.90745782852,
        "min": -0.582058906555,
        "var": 3.18468594551
    },
    "spectral_rms": {
        "dmean": 0.00102523621172,
        "dmean2": 0.00160099123605,
        "dvar": 1.46945558299e-06,
        "dvar2": 3.49323545379e-06,
        "max": 0.0123518072069,
        "mean": 0.00583727844059,
        "median": 0.00566059397534,
        "min": 0.00230075279251,
        "var": 2.59749799625e-06
    },
    "spectral_rolloff": {
        "dmean": 363.180358887,
        "dmean2": 591.672729492,
        "dvar": 237926.390625,
        "dvar2": 510978.6875,
        "max": 6869.09179688,
        "mean": 1100.77490234,
        "median": 1012.06054688,
        "min": 64.599609375,
        "var": 576509.3125
    },
    "spectral_skewness": {
        "dmean": 0.180517345667,
        "dmean2": 0.290098667145,
        "dvar": 0.0269211418927,
        "dvar2": 0.0608089827001,
        "max": 3.27479100227,
        "mean": 1.5025178194,
        "median": 1.49057757854,
        "min": 0.385879695415,
        "var": 0.0899144858122
    },
    "spectral_spread": {
        "dmean": 441419.4375,
        "dmean2": 651031.875,
        "dvar": 260062658560,
        "dvar2": 529417994240,
        "max": 9413264,
        "mean": 4163032.75,
        "median": 3996884.75,
        "min": 1644405.25,
        "var": 816675291136
    },
    "spectral_strongpeak": {
        "dmean": 0.441817611456,
        "dmean2": 0.766019701958,
        "dvar": 0.441831707954,
        "dvar2": 1.16871643066,
        "max": 4.51627588272,
        "mean": 0.647936224937,
        "median": 0.351240903139,
        "min": 0.0551702827215,
        "var": 0.520052075386
    },
    "zerocrossingrate": {
        "dmean": 0.00716737937182,
        "dmean2": 0.00910147186369,
        "dvar": 5.06841133756e-05,
        "dvar2": 6.2712279032e-05,
        "max": 0.15966796875,
        "mean": 0.0485116690397,
        "median": 0.0478515625,
        "min": 0.00341796875,
        "var": 0.000355780328391
    },
    "barkbands": {
        "dmean": [0.000393463647924, 0.00558937946334, 0.00364619959146, 0.00353403273039, 0.00366158317775, 0.00125631084666, 0.00072496937355, 0.000897502177395, 0.00149953516666, 0.000727249949705, 0.000558651227038, 0.000536633655429, 0.000480430084281, 0.000354403018719, 0.000366018473869, 0.000304974499159, 0.000215323307202, 0.000138727031299, 0.000136346017825, 0.000132549306727, 6.63243845338e-05, 6.46991757094e-05, 4.69021833851e-05, 3.81104255212e-05, 3.10651084874e-05, 9.16744556889e-06, 1.07352953194e-08],
        "dmean2": [0.000524476985447, 0.00876595824957, 0.00655334163457, 0.00585757801309, 0.00619722763076, 0.00204137642868, 0.00117599091027, 0.00144123507198, 0.00241479673423, 0.00117103767116, 0.000937725941185, 0.000891441595741, 0.000802259135526, 0.000580689695198, 0.000603065593168, 0.000507735763676, 0.00035895218025, 0.000231779995374, 0.000234667371842, 0.000221950380364, 0.000104175458546, 9.46381260292e-05, 6.79696458974e-05, 5.41036242794e-05, 4.59633338323e-05, 1.44277664731e-05, 1.78732815215e-08],
        "dvar": [4.02950092848e-07, 7.59487884352e-05, 5.60088810744e-05, 5.89723822486e-05, 7.95958039816e-05, 4.29031706517e-06, 1.07918469894e-06, 1.87213674963e-06, 4.69232645628e-06, 1.38925872761e-06, 6.94765276421e-07, 7.14606642305e-07, 6.48732907393e-07, 2.63109853904e-07, 2.08322134654e-07, 1.86737182162e-07, 1.00979804074e-07, 3.36272982793e-08, 2.91633757143e-08, 2.47799327724e-08, 7.0327854651e-09, 1.79012982215e-08, 8.87411299999e-09, 3.67898200793e-09, 2.61887223019e-09, 2.93619323299e-10, 1.12320295751e-15],
        "dvar2": [6.83205655605e-07, 0.000182080533705, 0.000156675247126, 0.000150589039549, 0.000207040284295, 1.08364838525e-05, 2.67778159468e-06, 4.3999261834e-06, 1.22662522699e-05, 3.18369666275e-06, 1.76975947852e-06, 1.93485197997e-06, 1.80666404503e-06, 6.90777142154e-07, 5.20282355865e-07, 4.83176677335e-07, 2.8572088695e-07, 8.8216481231e-08, 8.12892722024e-08, 6.90964014893e-08, 1.63025841715e-08, 3.98867214813e-08, 1.78954895347e-08, 6.47906484019e-09, 5.88403059609e-09, 7.01279090354e-10, 2.3085230762e-15],
        "max": [0.0046613374725, 0.0661098137498, 0.0508894100785, 0.0759787634015, 0.0835943743587, 0.0300610549748, 0.0113896112889, 0.0173259116709, 0.0244863536209, 0.0155802583322, 0.0094055980444, 0.00983688794076, 0.0136797288433, 0.00577676668763, 0.00448270281777, 0.00508723128587, 0.00445961253718, 0.00287094269879, 0.00173311645631, 0.00216943142004, 0.00131935172249, 0.00214360863902, 0.0017858480569, 0.00108057400212, 0.000890623952728, 0.000319153099554, 6.91403784003e-07],
        "mean": [0.000484059681185, 0.00950770452619, 0.00410818867385, 0.00418923143297, 0.00451950682327, 0.00207653059624, 0.00123664550483, 0.00134644296486, 0.00251068430953, 0.0012603601208, 0.000908198708203, 0.000880863808561, 0.00079830532195, 0.000618520658463, 0.000691570923664, 0.000555960112251, 0.000415062328102, 0.000307648733724, 0.000336702622008, 0.000326932873577, 0.000160093171871, 0.000117666160804, 8.54208701639e-05, 7.68152021919e-05, 5.52776327822e-05, 1.37321676448e-05, 8.65897842317e-09],
        "median": [0.000103795202449, 0.0060420949012, 0.00208163703792, 0.00191001943313, 0.00211926689371, 0.00129232218023, 0.000842884124722, 0.000734636909328, 0.00147254217882, 0.000611115421634, 0.000555268547032, 0.000499434187077, 0.000499802117702, 0.000361492770026, 0.000530510325916, 0.00036931631621, 0.000281077605905, 0.000243490954745, 0.000275497121038, 0.000290558498818, 0.000138259405503, 6.9656096457e-05, 4.74361222587e-05, 4.95804888487e-05, 3.3124924812e-05, 7.09926598574e-06, 1.1649697873e-09],
        "min": [1.30040263002e-07, 1.61043462867e-05, 2.17904434976e-05, 1.46864531416e-05, 4.90971542604e-05, 3.08337112074e-05, 7.47778085497e-06, 3.21803258885e-06, 2.28393537327e-06, 1.41128589348e-06, 2.63528318101e-06, 2.64829986918e-06, 9.6200039934e-07, 2.16062039726e-06, 2.24524069381e-06, 1.77136951152e-06, 1.47863840994e-06, 1.45048954892e-06, 6.39451741336e-07, 6.02250906923e-07, 1.44144820524e-07, 4.37466880499e-08, 7.88407703567e-08, 5.35650883648e-08, 1.46305092485e-08, 6.19759035758e-11, 6.48253239283e-12],
        "var": [6.69581311286e-07, 0.000103149788629, 4.00509488827e-05, 5.46089686395e-05, 6.96354909451e-05, 5.79939660383e-06, 1.85981048162e-06, 3.17576359521e-06, 9.01547082321e-06, 3.18632464769e-06, 1.34831236664e-06, 1.31244837576e-06, 1.02643957689e-06, 5.82137090532e-07, 4.10411047369e-07, 3.70945315353e-07, 1.93781247049e-07, 7.19033650398e-08, 8.23534165306e-08, 6.09695263165e-08, 1.75243339839e-08, 3.10226226929e-08, 1.97411296199e-08, 9.80379688542e-09, 5.22315080076e-09, 5.13663889201e-10, 1.00218005468e-15]
    },
    "erbbands": {
        "dmean": [0.194092392921, 1.30905032158, 4.24724626541, 6.85427999496, 18.1799736023, 8.15986347198, 6.2286324501, 11.6346178055, 11.0762367249, 11.9728860855, 24.5511035919, 31.7449264526, 28.3679847717, 17.8199634552, 19.3293418884, 19.1665687561, 22.5332164764, 15.0281572342, 16.9924068451, 18.4995174408, 14.9728136063, 11.0534248352, 6.84154462814, 7.65257787704, 6.49704217911, 5.95820188522, 3.54248571396, 2.33078479767, 2.24569749832, 1.99469673634, 1.29504454136, 0.818281233311, 0.680597007275, 0.431992530823, 0.179829180241, 0.0585354827344, 0.0158008281142, 0.00122565543279, 2.74253452517e-05, 1.61737061717e-05],
        "dmean2": [0.285159349442, 2.16477775574, 7.49621772766, 11.7181034088, 30.687122345, 13.4771356583, 10.4255590439, 18.7196826935, 18.2164115906, 19.081911087, 39.565120697, 51.0501670837, 44.6433906555, 29.2044677734, 32.0448913574, 31.3311958313, 37.5172996521, 24.3281593323, 27.6072540283, 30.9053897858, 24.8497219086, 18.4590473175, 11.3313274384, 13.1224899292, 11.0322856903, 9.84993743896, 5.77780199051, 3.64149188995, 3.29591321945, 2.9555683136, 1.87242603302, 1.19223320484, 0.992215096951, 0.639119565487, 0.276080608368, 0.0900551453233, 0.0248376298696, 0.00194373715203, 4.11807923228e-05, 2.555316496e-05],
        "dvar": [0.0928711891174, 5.28776264191, 77.7764511108, 135.801300049, 2478.57104492, 275.599639893, 110.715995789, 421.297637939, 378.517333984, 241.696792603, 1243.99230957, 2737.49291992, 2095.17236328, 823.813293457, 871.973510742, 915.005615234, 1260.59863281, 475.720153809, 485.136749268, 588.679931641, 549.747009277, 268.783996582, 57.2754707336, 126.214202881, 65.5047988892, 45.417842865, 16.1810703278, 13.9425811768, 19.7037754059, 18.8264522552, 6.60779094696, 1.57928276062, 1.23122835159, 0.56941652298, 0.0863841250539, 0.00876500178128, 0.00147928204387, 9.61488240137e-06, 2.85640444631e-09, 4.73143579871e-10],
        "dvar2": [0.201305568218, 13.3439102173, 213.303100586, 358.779144287, 6475.64697266, 726.918884277, 299.558685303, 1063.70861816, 960.259094238, 568.634460449, 2978.03125, 7254.70800781, 5031.88476562, 2118.65039062, 2084.87084961, 2359.32568359, 3430.14526367, 1204.67895508, 1234.14233398, 1554.8873291, 1376.37219238, 749.480712891, 147.166244507, 339.382965088, 183.828445435, 125.133705139, 41.5348548889, 30.9226398468, 43.1631698608, 43.3261146545, 13.7873926163, 2.79363846779, 2.30859875679, 1.15540158749, 0.217719018459, 0.0228551514447, 0.00358775118366, 2.00868653337e-05, 5.88444670768e-09, 1.16253795479e-09],
        "max": [2.65803265572, 16.7951812744, 54.3455123901, 100.933563232, 434.344848633, 198.824645996, 127.230010986, 322.674957275, 236.542770386, 219.987319946, 358.544891357, 681.835266113, 686.967529297, 444.072418213, 435.994415283, 430.601898193, 567.008789062, 249.148620605, 227.065567017, 272.406280518, 272.855834961, 239.708389282, 75.715133667, 192.930252075, 110.315086365, 71.8056945801, 44.8494110107, 67.7033691406, 53.0847358704, 79.8825073242, 43.3123016357, 20.6663265228, 21.7092552185, 15.2141981125, 4.48494386673, 1.22909832001, 0.856214106083, 0.0549301020801, 0.0010034708539, 0.000178337068064],
        "mean": [0.312763988972, 1.96381640434, 4.78902435303, 9.01846981049, 19.4033126831, 11.834690094, 10.4389867783, 18.9834861755, 18.0976028442, 21.0755653381, 40.1255455017, 53.0438842773, 50.2349891663, 33.1266059875, 34.7840461731, 35.5353507996, 39.1841812134, 29.6638412476, 35.1601104736, 35.7517127991, 29.3312034607, 23.3576221466, 16.7588577271, 18.177614212, 17.4236316681, 14.8470659256, 8.94092750549, 5.1911239624, 4.10829639435, 3.53281903267, 2.28454971313, 1.54484462738, 1.31923115253, 0.773605883121, 0.303375840187, 0.0890906378627, 0.0222045630217, 0.00162233924493, 5.54211110284e-05, 4.6259498049e-05],
        "median": [0.180705413222, 1.23221278191, 2.4049680233, 5.2579627037, 7.7297539711, 6.46782398224, 6.06578779221, 11.4147100449, 10.9787597656, 15.1482620239, 22.6169490814, 31.305929184, 25.0345897675, 21.1486320496, 22.5002117157, 21.8356018066, 25.6498718262, 18.5957603455, 25.9089317322, 26.9178314209, 18.5287036896, 16.5002994537, 13.9991941452, 13.604019165, 15.3071928024, 13.1984958649, 7.99526023865, 4.23140573502, 2.48266124725, 1.86330783367, 1.29217875004, 0.94993698597, 0.860397040844, 0.449810862541, 0.18409088254, 0.0500726290047, 0.00955519266427, 0.000544400187209, 3.50050177076e-05, 4.10046523029e-05],
        "min": [0.00103209156077, 0.0260291267186, 0.0792213603854, 0.0891033262014, 0.289812475443, 0.128623753786, 0.249631419778, 0.279186069965, 0.27935808897, 0.217239931226, 0.0603828839958, 0.062640376389, 0.0562411397696, 0.109540455043, 0.111288808286, 0.175743415952, 0.142319321632, 0.0981838852167, 0.16797593236, 0.0938748568296, 0.0957502424717, 0.0979893282056, 0.0767789632082, 0.04604761675, 0.0367029346526, 0.0297629553825, 0.00954388268292, 0.00378019595519, 0.00160417414736, 0.00209867279045, 0.00244731362909, 0.0010026631644, 0.000987343373708, 0.00036585869384, 4.03107078455e-05, 8.78311311681e-06, 3.50505456481e-06, 4.06477312254e-07, 3.43706665262e-06, 6.84610085955e-06],
        "var": [0.13758212328, 5.36007452011, 55.9838867188, 128.067703247, 1968.79138184, 308.513305664, 171.293197632, 545.477478027, 561.752441406, 431.311279297, 2449.68408203, 4465.68701172, 4591.18310547, 1521.77868652, 1842.6192627, 1896.39367676, 2223.97729492, 1211.1661377, 1093.02844238, 1133.55737305, 1089.07531738, 560.266113281, 169.481201172, 291.309143066, 201.185195923, 118.877601624, 44.2269935608, 25.5712432861, 35.0809745789, 35.2516784668, 13.4681501389, 4.1623415947, 3.05031251907, 1.28663504124, 0.131388455629, 0.01358456444, 0.00239828135818, 1.91786766663e-05, 6.24959328732e-09, 6.72959299397e-10]
    },
    "gfcc": {
        "mean": [32.1843566895, 109.686470032, -122.472290039, 40.4768600464, -56.4926223755, 21.5119514465, -36.0369644165, 17.541229248, -23.2461166382, 3.83561682701, -14.7856559753, -8.06072807312, -5.96236228943],
        "cov": [[2115.3515625, -707.371582031, -321.969726562, -141.953979492, -149.897232056, 138.730377197, 44.0552062988, -2.45478725433, -265.502471924, 54.8880310059, -236.170150757, 138.06968689, -208.528518677], [-707.371582031, 511.477508545, 11.172454834, 18.9236927032, 100.002685547, -113.88432312, 41.9679641724, -30.2276477814, 88.1411361694, -39.9338531494, 111.246566772, -92.2767944336, 105.908889771], [-321.969726562, 11.172454834, 363.485321045, 88.1356277466, 28.8671207428, 15.5425224304, -64.0596389771, 39.4149589539, 68.9527435303, 10.931807518, 13.053486824, 18.2274703979, 11.3657255173], [-141.953979492, 18.9236927032, 88.1356277466, 150.49546814, 40.0508880615, -8.52103042603, -24.2975502014, -2.35733389854, 29.8956317902, -13.4356737137, 36.2052688599, 10.0325222015, 27.969669342], [-149.897232056, 100.002685547, 28.8671207428, 40.0508880615, 167.506500244, -8.74142074585, 32.3493461609, 29.7964115143, 19.2088298798, 21.8731575012, 18.7079677582, 6.02981805801, 31.6178073883], [138.730377197, -113.88432312, 15.5425224304, -8.52103042603, -8.74142074585, 128.28604126, 42.9678115845, 26.06772995, -2.84247493744, 11.3673715591, -15.7974567413, 12.3114500046, -19.0980548859], [44.0552062988, 41.9679641724, -64.0596389771, -24.2975502014, 32.3493461609, 42.9678115845, 135.756561279, 10.8923501968, -14.2573242188, 11.8326158524, 14.9900169373, 2.84853959084, -19.2133617401], [-2.45478725433, -30.2276477814, 39.4149589539, -2.35733389854, 29.7964115143, 26.06772995, 10.8923501968, 113.685905457, 56.2951889038, 33.8436279297, 9.34510803223, 22.0198745728, 21.8434505463], [-265.502471924, 88.1411361694, 68.9527435303, 29.8956317902, 19.2088298798, -2.84247493744, -14.2573242188, 56.2951889038, 131.240066528, 25.759645462, 35.6721343994, -14.0655660629, 44.5756530762], [54.8880310059, -39.9338531494, 10.931807518, -13.4356737137, 21.8731575012, 11.3673715591, 11.8326158524, 33.8436279297, 25.759645462, 79.9425430298, 11.0437278748, 17.9553432465, -5.29059886932], [-236.170150757, 111.246566772, 13.053486824, 36.2052688599, 18.7079677582, -15.7974567413, 14.9900169373, 9.34510803223, 35.6721343994, 11.0437278748, 98.5022277832, 7.12713909149, 30.9082603455], [138.06968689, -92.2767944336, 18.2274703979, 10.0325222015, 6.02981805801, 12.3114500046, 2.84853959084, 22.0198745728, -14.0655660629, 17.9553432465, 7.12713909149, 79.8519287109, -4.37961292267], [-208.528518677, 105.908889771, 11.3657255173, 27.969669342, 31.6178073883, -19.0980548859, -19.2133617401, 21.8434505463, 44.5756530762, -5.29059886932, 30.9082603455, -4.37961292267, 90.3220672607]],
        "icov": [[0.00171374273486, -0.000270311807981, 0.00162100291345, -0.00114003301132, 0.00112582428847, -0.00107987236697, 0.000598811951932, -0.00135509774555, 0.00207305839285, -0.00183922972064, 0.00331760011613, -0.00248343753628, 0.00186869571917], [-0.000270311807981, 0.015489266254, -0.00366534525529, 0.0072685466148, -0.00684983562678, 0.0108851613477, -0.00938358064741, 0.00710172997788, -0.0067161526531, 0.00864269956946, -0.0125982630998, 0.012909533456, -0.0108321411535], [0.00162100291345, -0.00366534525529, 0.00632916903123, -0.0043829116039, 0.00178973237053, -0.00442282203585, 0.00478265900165, -0.00334966834635, 0.0015459881397, -0.00331497029401, 0.00580187374726, -0.00582340313122, 0.00564196379855], [-0.00114003301132, 0.0072685466148, -0.0043829116039, 0.0141103314236, -0.00635359622538, 0.00482885818928, -0.00309429015033, 0.00618211226538, -0.0058690905571, 0.00798722170293, -0.0107942959294, 0.00551334861666, -0.00655549950898], [0.00112582428847, -0.00684983562678, 0.00178973237053, -0.00635359622538, 0.0120323877782, -0.00348951946944, 0.000930609996431, -0.00550897885114, 0.00564518151805, -0.00752836419269, 0.00854070018977, -0.00629525212571, 0.00249894266017], [-0.00107987236697, 0.0108851613477, -0.00442282203585, 0.00482885818928, -0.00348951946944, 0.0184934511781, -0.0110732577741, 0.00330760143697, -0.00525415688753, 0.00625613192096, -0.00804986990988, 0.0096896160394, -0.00803509168327], [0.000598811951932, -0.00938358064741, 0.00478265900165, -0.00309429015033, 0.000930609996431, -0.0110732577741, 0.0175965186208, -0.00538094062358, 0.00490031065419, -0.00500361481681, 0.00448572216555, -0.00792573951185, 0.0104882754385], [-0.00135509774555, 0.00710172997788, -0.00334966834635, 0.00618211226538, -0.00550897885114, 0.00330760143697, -0.00538094062358, 0.0191690009087, -0.0107480678707, 0.00285789789632, -0.00657823169604, 0.00294928112999, -0.0082354741171], [0.00207305839285, -0.0067161526531, 0.0015459881397, -0.0058690905571, 0.00564518151805, -0.00525415688753, 0.00490031065419, -0.0107480678707, 0.0203281417489, -0.00965691637248, 0.00613224646077, -0.00247254641727, 0.00202247663401], [-0.00183922972064, 0.00864269956946, -0.00331497029401, 0.00798722170293, -0.00752836419269, 0.00625613192096, -0.00500361481681, 0.00285789789632, -0.00965691637248, 0.0238542053849, -0.0122012645006, 0.00574095873162, -0.00361723685637], [0.00331760011613, -0.0125982630998, 0.00580187374726, -0.0107942959294, 0.00854070018977, -0.00804986990988, 0.00448572216555, -0.00657823169604, 0.00613224646077, -0.0122012645006, 0.0304045993835, -0.0164667144418, 0.0079535683617], [-0.00248343753628, 0.012909533456, -0.00582340313122, 0.00551334861666, -0.00629525212571, 0.0096896160394, -0.00792573951185, 0.00294928112999, -0.00247254641727, 0.00574095873162, -0.0164667144418, 0.0299437940121, -0.0113487290218], [0.00186869571917, -0.0108321411535, 0.00564196379855, -0.00655549950898, 0.00249894266017, -0.00803509168327, 0.0104882754385, -0.0082354741171, 0.00202247663401, -0.00361723685637, 0.0079535683617, -0.0113487290218, 0.0265742633492]]
    },
    "melbands": {
        "dmean": [0.00153610482812, 0.00202030921355, 0.00163719360717, 0.000950668414589, 0.000220427245949, 0.000256066501606, 0.000159985836945, 0.000139714989928, 0.000231782585615, 0.000193711894099, 0.000143562778248, 7.54227803554e-05, 7.52321866457e-05, 4.87934485136e-05, 7.19846502761e-05, 3.82849539164e-05, 2.99312523566e-05, 3.04552195303e-05, 2.92348177027e-05, 2.18363420572e-05, 1.8993338017e-05, 1.27149432956e-05, 9.47540593188e-06, 7.38692142477e-06, 6.87716828907e-06, 5.38067206435e-06, 5.56895292902e-06, 4.11090650232e-06, 2.90496473099e-06, 1.65089863913e-06, 1.36606456635e-06, 1.31096135192e-06, 1.37215340601e-06, 1.06052391402e-06, 8.20142531666e-07, 6.2902256559e-07, 4.92680555908e-07, 5.01470992731e-07, 4.77022410905e-07, 3.59450382348e-07],
        "dmean2": [0.00235611270182, 0.00344437756576, 0.00278936862014, 0.0016072782455, 0.000369858695194, 0.0004130488378, 0.000262377288891, 0.000220744026592, 0.000374944705982, 0.000311759242322, 0.000225723095355, 0.000123717618408, 0.000125373277115, 8.13857914181e-05, 0.000116329807497, 6.36979821138e-05, 4.88425830554e-05, 4.93853840453e-05, 4.91608698212e-05, 3.67555476259e-05, 3.17587473546e-05, 2.12336417462e-05, 1.57849099196e-05, 1.23799372886e-05, 1.1932608686e-05, 9.22122853808e-06, 9.46350155573e-06, 6.8259814725e-06, 4.79069421999e-06, 2.65626522378e-06, 2.16097919292e-06, 1.95940970116e-06, 2.06158779292e-06, 1.61525929343e-06, 1.21704715639e-06, 9.33496323796e-07, 7.33072397452e-07, 7.50019751194e-07, 7.11025165856e-07, 5.5028016277e-07],
        "dvar": [5.33245656698e-06, 1.64318807947e-05, 1.21657685668e-05, 5.60765283808e-06, 1.37485812957e-07, 1.96692965915e-07, 7.068781116e-08, 3.82034421875e-08, 1.10367359696e-07, 9.42726003927e-08, 5.27592760591e-08, 1.53995340924e-08, 1.26698198599e-08, 6.83970080573e-09, 1.64503557443e-08, 3.20656723396e-09, 2.05242445261e-09, 1.66604141594e-09, 1.50818491029e-09, 1.05303643583e-09, 9.92864346294e-10, 3.83862636122e-10, 1.81602982652e-10, 9.67699045895e-11, 1.04522245026e-10, 4.43599566802e-11, 5.8307039752e-11, 2.24143342775e-11, 1.10986723284e-11, 4.03714648517e-12, 6.38322077487e-12, 6.18782542566e-12, 8.77025969209e-12, 5.38909151679e-12, 2.82201063732e-12, 1.3140179049e-12, 4.86709793562e-13, 5.93425916046e-13, 7.78267803935e-13, 3.67551665102e-13],
        "dvar2": [1.21500661407e-05, 4.39325231127e-05, 3.14683020406e-05, 1.4392513549e-05, 3.83664684023e-07, 4.98187034736e-07, 1.79405247991e-07, 8.94618352731e-08, 2.70785648127e-07, 2.4649850161e-07, 1.26329950945e-07, 3.90854921761e-08, 3.08779029012e-08, 1.8686380443e-08, 4.29050963646e-08, 8.59666116071e-09, 5.33364330479e-09, 4.3153263185e-09, 3.86952558884e-09, 2.75943623507e-09, 2.49834064547e-09, 1.07657460724e-09, 5.07113961934e-10, 2.69888777993e-10, 2.82637718785e-10, 1.19553242306e-10, 1.65810504216e-10, 6.13924119874e-11, 3.0292296449e-11, 9.63099131696e-12, 1.48358200724e-11, 1.34313697317e-11, 2.09374826504e-11, 1.22731469085e-11, 6.23039293768e-12, 2.67535754835e-12, 8.95607101935e-13, 1.20683226867e-12, 1.30939399948e-12, 8.32386297476e-13],
        "max": [0.0193817950785, 0.0265709441155, 0.0310752149671, 0.0220561958849, 0.00447523128241, 0.00693688215688, 0.00305555178784, 0.00309212692082, 0.0037851696834, 0.00385068007745, 0.00336259999312, 0.00172423932236, 0.00150001817383, 0.00119393062778, 0.00193998788018, 0.00056861928897, 0.000538067659363, 0.000422805052949, 0.000410008447943, 0.000457060872577, 0.000363093393389, 0.000266023213044, 0.000147738464875, 0.000113090507512, 0.00016851160035, 7.09868691047e-05, 0.000125447535538, 4.27961640526e-05, 3.44149702869e-05, 2.3453241738e-05, 4.48277060059e-05, 3.29829235852e-05, 3.42356470355e-05, 4.92502949783e-05, 3.04704572045e-05, 1.62736087077e-05, 1.1971238564e-05, 1.39328576552e-05, 2.228595622e-05, 9.65499202721e-06],
        "mean": [0.00267604691908, 0.00256734713912, 0.00201301462948, 0.00117567018606, 0.000375260948204, 0.000424941856181, 0.000268831819994, 0.000233326136367, 0.000375333387638, 0.000323815096635, 0.000245724106207, 0.000132278073579, 0.000126611892483, 8.26165851322e-05, 0.000117637282528, 6.6433531174e-05, 5.35077087989e-05, 5.64900255995e-05, 5.27684824192e-05, 3.91082430724e-05, 3.34520227625e-05, 2.44366256084e-05, 1.77385390998e-05, 1.51557360368e-05, 1.45558369695e-05, 1.28085666802e-05, 1.25952328744e-05, 9.1406654974e-06, 6.35585683995e-06, 3.59411001227e-06, 2.73855357591e-06, 2.29627153203e-06, 2.2496233214e-06, 1.84567784345e-06, 1.37210827234e-06, 1.04078958429e-06, 8.98884991329e-07, 9.31190868414e-07, 8.58868133946e-07, 5.82723203024e-07],
        "median": [0.00162774918135, 0.0014831997687, 0.0010541130323, 0.000539182976354, 0.000243798538577, 0.000260809058091, 0.000169839753653, 0.000161410978762, 0.000206021475606, 0.000190828475752, 0.000113280751975, 7.94836087152e-05, 7.96781096142e-05, 4.81574716105e-05, 6.26893161098e-05, 4.20582073275e-05, 3.08188573399e-05, 3.82560938306e-05, 3.8633850636e-05, 2.76300215774e-05, 1.88401081687e-05, 1.6299482013e-05, 1.26189879666e-05, 1.09024986159e-05, 1.05139506559e-05, 1.03659640445e-05, 1.04542568806e-05, 8.04201499705e-06, 5.36485913472e-06, 3.05732601191e-06, 2.06492336474e-06, 1.40409076721e-06, 1.15711134185e-06, 9.89001478047e-07, 7.58070541451e-07, 5.62625416478e-07, 5.64446736462e-07, 5.97992197982e-07, 5.09016956585e-07, 3.20248688013e-07],
        "min": [4.62115121991e-06, 4.69791812066e-05, 2.17096712731e-05, 1.95095999516e-05, 1.33575431391e-05, 6.20470291324e-06, 2.66348502009e-06, 1.67646157934e-06, 3.35710581112e-07, 3.82224214945e-07, 2.6950729648e-07, 2.32122687294e-07, 4.21271749929e-07, 3.24851612277e-07, 2.77239564639e-07, 2.92766316079e-07, 1.54693779564e-07, 2.04246376256e-07, 2.08927929179e-07, 8.40918090717e-08, 8.4703501102e-08, 8.34285316387e-08, 9.29740338051e-08, 5.73399745463e-08, 2.41998048267e-08, 2.03618597538e-08, 2.60153516507e-08, 1.87013426967e-08, 6.00432326081e-09, 3.81400688809e-09, 1.11803177827e-09, 6.93331503321e-10, 7.75375097462e-10, 1.31930932845e-09, 1.5906066464e-09, 6.43996633798e-10, 4.48274195541e-10, 7.97860166823e-10, 3.17676968065e-10, 1.91993421161e-10],
