{
"highlevel": {
    "danceability": {
        "all": {
            "danceable": 0.999997198582,
            "not_danceable": 2.78375159724e-06
        },
        "probability": 0.999997198582,
        "value": "danceable"
    },
    "gender": {
        "all": {
            "female": 0.914055943489,
            "male": 0.0859440416098
        },
        "probability": 0.914055943489,
        "value": "female"
    },
    "genre_dortmund": {
        "all": {
            "alternative": 0.056717980653,
            "blues": 0.00362583156675,
            "electronic": 0.585106134415,
            "folkcountry": 0.0249467696995,
            "funksoulrnb": 0.0122779179364,
            "jazz": 0.110544085503,
            "pop": 0.0442256331444,
            "raphiphop": 0.129014119506,
            "rock": 0.0335415527225
        },
        "probability": 0.585106134415,
        "value": "electronic"
    },
    "genre_electronic": {
        "all": {
            "ambient": 0.51377505064,
            "dnb": 0.0942117646337,
            "house": 0.021110098809,
            "techno": 0.0150174601004,
            "trance": 0.355885624886
        },
        "probability": 0.51377505064,
        "value": "ambient"
    },
    "genre_rosamerica": {
        "all": {
            "cla": 0.0024725056719,
            "dan": 0.484886407852,
            "hip": 0.191492766142,
            "jaz": 0.00845409091562,
            "pop": 0.275281131268,
            "rhy": 0.01525208354,
            "roc": 0.01997676678,
            "spe": 0.00218422687612
        },
        "probability": 0.484886407852,
        "value": "dan"
    },
    "genre_tzanetakis": {
        "all": {
            "blu": 0.0620671063662,
            "cla": 0.034474901855,
            "cou": 0.103433981538,
            "dis": 0.0620971247554,
            "hip": 0.15527240932,
            "jaz": 0.310666948557,
            "met": 0.044346679002,
            "pop": 0.0620793737471,
            "reg": 0.0620816536248,
            "roc": 0.103479810059
        },
        "probability": 0.310666948557,
        "value": "jaz"
    },
    "ismir04_rhythm": {
        "all": {
            "ChaChaCha": 0.274943888187,
            "Jive": 0.0267374124378,
            "Quickstep": 0.032047457993,
            "Rumba-American": 0.0283017251641,
            "Rumba-International": 0.116444528103,
            "Rumba-Misc": 0.0101065086201,
            "Samba": 0.475537240505,
            "Tango": 0.0142965754494,
            "VienneseWaltz": 0.0140167931095,
            "Waltz": 0.00756788486615
        },
        "probability": 0.475537240505,
        "value": "Samba"
    },
    "mood_acoustic": {
        "all": {
            "acoustic": 0.196427360177,
            "not_acoustic": 0.803572654724
        },
        "probability": 0.803572654724,
        "value": "not_acoustic"
    },
    "mood_aggressive": {
        "all": {
            "aggressive": 0.0471931099892,
            "not_aggressive": 0.952806890011
        },
        "probability": 0.952806890011,
        "value": "not_aggressive"
    },
    "mood_electronic": {
        "all": {
            "electronic": 0.94675129652,
            "not_electronic": 0.0532487183809
        },
        "probability": 0.94675129652,
        "value": "electronic"
    },
    "mood_happy": {
        "all": {
            "happy": 0.231430202723,
            "not_happy": 0.768569767475
        },
        "probability": 0.768569767475,
        "value": "not_happy"
    },
    "mood_party": {
        "all": {
            "not_party": 0.866631984711,
            "party": 0.133368000388
        },
        "probability": 0.866631984711,
        "value": "not_party"
    },
    "mood_relaxed": {
        "all": {
            "not_relaxed": 0.482077628374,
            "relaxed": 0.517922341824
        },
        "probability": 0.517922341824,
        "value": "relaxed"
    },
    "mood_sad": {
        "all": {
            "not_sad": 0.512045741081,
            "sad": 0.487954229116
        },
        "probability": 0.512045741081,
        "value": "not_sad"
    },
    "moods_mirex": {
        "all": {
            "Cluster1": 0.0775508955121,
            "Cluster2": 0.105313450098,
            "Cluster3": 0.0618785396218,
            "Cluster4": 0.0728715583682,
            "Cluster5": 0.68238556385
        },
        "probability": 0.68238556385,
        "value": "Cluster5"
    },
    "timbre": {
        "all": {
            "bright": 0.978613913059,
            "dark": 0.021386064589
        },
        "probability": 0.978613913059,
        "value": "bright"
    },
    "tonal_atonal": {
        "all": {
            "atonal": 0.00793621409684,
            "tonal": 0.992063760757
        },
        "probability": 0.992063760757,
        "value": "tonal"
    },
    "voice_instrumental": {
        "all": {
            "instrumental": 0.0335888192058,
            "voice": 0.966411173344
        },
        "probability": 0.966411173344,
        "value": "voice"
    }
},
"lowlevel": {
    "average_loudness": 0.976689219475,
    "barkbands_crest": {
        "dmean": 2.81432080269,
        "dmean2": 4.53178739548,
        "dvar": 6.1895160675,
        "dvar2": 15.8723888397,
        "max": 24.0975875854,
        "mean": 11.1407423019,
        "median": 10.5581541061,
        "min": 2.77511310577,
        "var": 15.6694250107
    },
    "barkbands_flatness_db": {
        "dmean": 0.0234139785171,
        "dmean2": 0.0343046300113,
        "dvar": 0.000371257920051,
        "dvar2": 0.000799099565484,
        "max": 0.281822860241,
        "mean": 0.153714284301,
        "median": 0.151208534837,
        "min": 0.0527402199805,
        "var": 0.00134198227897
    },
    "barkbands_kurtosis": {
        "dmean": 2.91182470322,
        "dmean2": 4.61715984344,
        "dvar": 22.8417835236,
        "dvar2": 58.3532028198,
        "max": 71.1671829224,
        "mean": 4.290807724,
        "median": 2.79465198517,
        "min": -1.74917268753,
        "var": 31.0523605347
    },
    "barkbands_skewness": {
        "dmean": 0.57740521431,
        "dmean2": 0.861232817173,
        "dvar": 0.350908041,
        "dvar2": 0.8308994174,
        "max": 7.47403287888,
        "mean": 1.53893339634,
        "median": 1.43136143684,
        "min": -0.487189412117,
        "var": 1.01580941677
    },
    "barkbands_spread": {
        "dmean": 6.29307079315,
        "dmean2": 9.01951026917,
        "dvar": 44.4162597656,
        "dvar2": 82.9472045898,
        "max": 90.2328720093,
        "mean": 21.3185062408,
        "median": 18.6802978516,
        "min": 2.52024388313,
        "var": 147.77293396
    },
    "dissonance": {
        "dmean": 0.031108867377,
        "dmean2": 0.0520939975977,
        "dvar": 0.000661603407934,
        "dvar2": 0.00177482701838,
        "max": 0.499773621559,
        "mean": 0.446608603001,
        "median": 0.454465508461,
        "min": 0.291129946709,
        "var": 0.0012879492715
    },
    "dynamic_complexity": 1.83284306526,
    "erbbands_crest": {
        "dmean": 3.47047257423,
        "dmean2": 5.47892808914,
        "dvar": 9.86106491089,
        "dvar2": 22.2451534271,
        "max": 28.9691810608,
        "mean": 11.7177238464,
        "median": 10.5191812515,
        "min": 2.78928804398,
        "var": 29.8859882355
    },
    "erbbands_flatness_db": {
        "dmean": 0.0285492613912,
        "dmean2": 0.0414826869965,
        "dvar": 0.000660454970784,
        "dvar2": 0.00129953806754,
        "max": 0.290270715952,
        "mean": 0.1517329216,
        "median": 0.148867890239,
        "min": 0.0593671090901,
        "var": 0.00226811808534
    },
    "erbbands_kurtosis": {
        "dmean": 2.29979419708,
        "dmean2": 3.50721955299,
        "dvar": 6.64836025238,
        "dvar2": 15.9555635452,
        "max": 22.3248062134,
        "mean": 3.21072483063,
        "median": 2.26067781448,
        "min": -1.62431967258,
        "var": 15.5521907806
    },
    "erbbands_skewness": {
        "dmean": 0.490240901709,
        "dmean2": 0.754185914993,
        "dvar": 0.20344927907,
        "dvar2": 0.452381134033,
        "max": 4.09905385971,
        "mean": 1.23714637756,
        "median": 1.18526661396,
        "min": -1.94683218002,
        "var": 0.639456450939
    },
    "erbbands_spread": {
        "dmean": 11.2933502197,
        "dmean2": 16.7873153687,
        "dvar": 124.946228027,
        "dvar2": 248.740264893,
        "max": 135.463989258,
        "mean": 34.7972373962,
        "median": 28.8505954742,
        "min": 5.08863639832,
        "var": 518.811157227
    },
    "hfc": {
        "dmean": 10.4234619141,
        "dmean2": 15.5924339294,
        "dvar": 107.978897095,
        "dvar2": 223.607254028,
        "max": 109.883003235,
        "mean": 31.4897518158,
        "median": 29.0008831024,
        "min": 1.82836914062,
        "var": 280.199432373
    },
    "melbands_crest": {
        "dmean": 3.75772547722,
        "dmean2": 5.94691467285,
        "dvar": 10.1430711746,
        "dvar2": 25.0318393707,
        "max": 33.9083404541,
        "mean": 16.642036438,
        "median": 15.7623996735,
        "min": 5.05359077454,
        "var": 34.9735450745
    },
    "melbands_flatness_db": {
        "dmean": 0.0267491005361,
        "dmean2": 0.0376582182944,
        "dvar": 0.000531786703505,
        "dvar2": 0.00105218251701,
        "max": 0.377318650484,
        "mean": 0.209575086832,
        "median": 0.207817316055,
        "min": 0.0464885570109,
        "var": 0.00255723507144
    },
    "melbands_kurtosis": {
        "dmean": 7.11984062195,
        "dmean2": 11.2244710922,
        "dvar": 137.223083496,
        "dvar2": 335.145080566,
        "max": 147.654586792,
        "mean": 12.0240697861,
        "median": 7.22260856628,
        "min": -1.18057465553,
        "var": 263.319396973
    },
    "melbands_skewness": {
        "dmean": 0.862801849842,
        "dmean2": 1.28638100624,
        "dvar": 0.829547345638,
        "dvar2": 1.90414524078,
        "max": 9.82201766968,
        "mean": 2.24930858612,
        "median": 1.96066880226,
        "min": -0.751099169254,
        "var": 2.72147655487
    },
    "melbands_spread": {
        "dmean": 5.00263309479,
        "dmean2": 7.30680322647,
        "dvar": 30.241191864,
        "dvar2": 70.7800674438,
        "max": 104.102668762,
        "mean": 19.2861366272,
        "median": 18.6640548706,
        "min": 1.67546355724,
        "var": 87.6144104004
    },
    "pitch_salience": {
        "dmean": 0.0722050666809,
        "dmean2": 0.116273187101,
        "dvar": 0.00426862994209,
        "dvar2": 0.0107793128118,
        "max": 0.793954730034,
        "mean": 0.49733248353,
        "median": 0.494536191225,
        "min": 0.151042699814,
        "var": 0.0107240667567
    },
    "silence_rate_20dB": {
        "dmean": 0,
        "dmean2": 0,
        "dvar": 0,
        "dvar2": 0,
        "max": 1,
        "mean": 1,
        "median": 1,
        "min": 1,
        "var": 0
    },
    "silence_rate_30dB": {
        "dmean": 0.0758513957262,
        "dmean2": 0.151045694947,
        "dvar": 0.0700973048806,
        "dvar2": 0.163860678673,
        "max": 1,
        "mean": 0.937354981899,
        "median": 1,
        "min": 0,
        "var": 0.05872053653
    },
    "silence_rate_60dB": {
        "dmean": 0,
        "dmean2": 0,
        "dvar": 0,
        "dvar2": 0,
        "max": 0,
        "mean": 0,
        "median": 0,
        "min": 0,
        "var": 0
    },
    "spectral_centroid": {
        "dmean": 206.666778564,
        "dmean2": 306.156433105,
        "dvar": 51743.6171875,
        "dvar2": 110927.664062,
        "max": 3451.45800781,
        "mean": 1046.46643066,
        "median": 960.700622559,
        "min": 352.196960449,
        "var": 157631.125
    },
    "spectral_complexity": {
        "dmean": 3.69427251816,
        "dmean2": 5.88148736954,
        "dvar": 14.3964977264,
        "dvar2": 34.0703964233,
        "max": 52,
        "mean": 17.2791957855,
        "median": 16,
        "min": 4,
        "var": 31.3737983704
    },
    "spectral_decrease": {
        "dmean": 4.85314810561e-09,
        "dmean2": 7.63687513228e-09,
        "dvar": 5.45625901356e-17,
        "dvar2": 1.386227387e-16,
        "max": -7.53022977307e-10,
        "mean": -1.31485329291e-08,
        "median": -1.15653424615e-08,
        "min": -6.98194853044e-08,
        "var": 7.45809399858e-17
    },
    "spectral_energy": {
        "dmean": 0.0189549326897,
        "dmean2": 0.0297871250659,
        "dvar": 0.000801547954325,
        "dvar2": 0.00203758664429,
        "max": 0.268641263247,
        "mean": 0.0524819158018,
        "median": 0.0461056083441,
        "min": 0.00316365505569,
        "var": 0.00110534077976
    },
    "spectral_energyband_high": {
        "dmean": 0.000765961536672,
        "dmean2": 0.00108041451313,
        "dvar": 9.25249310058e-07,
        "dvar2": 1.78936738848e-06,
        "max": 0.0119743654504,
        "mean": 0.00136876245961,
        "median": 0.000894589233212,
        "min": 3.67775373888e-06,
        "var": 1.99336159312e-06
    },
    "spectral_energyband_low": {
        "dmean": 0.0139598995447,
        "dmean2": 0.0214827507734,
        "dvar": 0.000720194133464,
        "dvar2": 0.00185469456483,
        "max": 0.231879979372,
        "mean": 0.0248490553349,
        "median": 0.0170198976994,
        "min": 2.81100619759e-05,
        "var": 0.000821865804028
    },
    "spectral_energyband_middle_high": {
        "dmean": 0.00307810143568,
        "dmean2": 0.00484414491802,
        "dvar": 2.28933022299e-05,
        "dvar2": 6.02033978794e-05,
        "max": 0.0680033788085,
        "mean": 0.00849435385317,
        "median": 0.00512454705313,
        "min": 0.000137022987474,
        "var": 8.11390782474e-05
    },
    "spectral_energyband_middle_low": {
        "dmean": 0.00810725428164,
        "dmean2": 0.0128975789994,
        "dvar": 8.49147836561e-05,
        "dvar2": 0.000209939258639,
        "max": 0.0952146276832,
        "mean": 0.0196221377701,
        "median": 0.0170278977603,
        "min": 0.00151608535089,
        "var": 0.000173810054548
    },
    "spectral_entropy": {
        "dmean": 0.218025803566,
        "dmean2": 0.304530858994,
        "dvar": 0.035925809294,
        "dvar2": 0.0652933120728,
        "max": 8.47821426392,
        "mean": 7.65118837357,
        "median": 7.67379140854,
        "min": 6.38311290741,
        "var": 0.150136128068
    },
    "spectral_flux": {
        "dmean": 0.0394138284028,
        "dmean2": 0.0614338926971,
        "dvar": 0.00240775221027,
        "dvar2": 0.00501085957512,
        "max": 0.475271344185,
        "mean": 0.122038818896,
        "median": 0.10662214458,
        "min": 0.0339014567435,
        "var": 0.00395023403689
    },
    "spectral_kurtosis": {
        "dmean": 1.37675750256,
        "dmean2": 2.07571339607,
        "dvar": 2.5068063736,
        "dvar2": 5.43156290054,
        "max": 24.3296852112,
        "mean": 3.26939201355,
        "median": 2.64830255508,
        "min": -0.770706415176,
        "var": 6.28384685516
    },
    "spectral_rms": {
        "dmean": 0.00120335398242,
        "dmean2": 0.00186116760597,
        "dvar": 2.21827576752e-06,
        "dvar2": 5.32480135007e-06,
        "max": 0.0161891635507,
        "mean": 0.00684303976595,
        "median": 0.00670679332688,
        "min": 0.00175684166607,
        "var": 4.37460175817e-06
    },
    "spectral_rolloff": {
        "dmean": 382.596954346,
        "dmean2": 622.627929688,
        "dvar": 785476.4375,
        "dvar2": 1907130.375,
        "max": 9840.67382812,
        "mean": 1069.48400879,
        "median": 818.26171875,
        "min": 64.599609375,
        "var": 1399787.125
    },
    "spectral_skewness": {
        "dmean": 0.24714589119,
        "dmean2": 0.348797827959,
        "dvar": 0.0491454638541,
        "dvar2": 0.0991187095642,
        "max": 3.54367446899,
        "mean": 1.58359885216,
        "median": 1.55194497108,
        "min": 0.116534918547,
        "var": 0.200920134783
    },
    "spectral_spread": {
        "dmean": 1002326.375,
        "dmean2": 1442733.125,
        "dvar": 1.10684248474e+12,
        "dvar2": 1.95342709555e+12,
        "max": 22167700,
        "mean": 6056738,
        "median": 5877476,
        "min": 1982127,
        "var": 3.30224264806e+12
    },
    "spectral_strongpeak": {
        "dmean": 0.853695631027,
        "dmean2": 1.47475349903,
        "dvar": 1.51411616802,
        "dvar2": 3.57747101784,
        "max": 8.59603691101,
        "mean": 1.24064648151,
        "median": 0.473570287228,
        "min": 0,
        "var": 2.30586075783
    },
    "zerocrossingrate": {
        "dmean": 0.0130335567519,
        "dmean2": 0.0147448834032,
        "dvar": 0.000162001189892,
        "dvar2": 0.000221649213927,
        "max": 0.23779296875,
        "mean": 0.0593429766595,
        "median": 0.0517578125,
        "min": 0.01025390625,
        "var": 0.00103317468893
    },
    "barkbands": {
        "dmean": [0.00124169536866, 0.0107228364795, 0.00308172171935, 0.00233587622643, 0.00190362578724, 0.00139773229603, 0.0019670240581, 0.00201822351664, 0.00313192023896, 0.002041435102, 0.0012639190536, 0.000636422715615, 0.00056309311185, 0.000306514149997, 0.000160129202413, 0.000141679265653, 9.47269363678e-05, 9.1645946668e-05, 6.74774273648e-05, 7.78781832196e-05, 0.000121327146189, 0.000132986504468, 0.000143044948345, 0.00013987494458, 0.000158586524776, 0.000138259187224, 6.47339559734e-09],
        "dmean2": [0.00205229176208, 0.0167447477579, 0.0054417331703, 0.00393512146547, 0.00325320358388, 0.00230783130974, 0.00308963190764, 0.003163728863, 0.0048067169264, 0.00344135263003, 0.00175664550625, 0.000979234580882, 0.000884425186086, 0.000505983771291, 0.000256051163888, 0.00024741658126, 0.000159570743563, 0.000143029013998, 0.000109050539322, 0.000129039617605, 0.000181406256161, 0.000199740548851, 0.000217235035961, 0.000202728318982, 0.000232863851124, 0.000212714337977, 1.21350716142e-08],
        "dvar": [5.12687483933e-06, 0.000442660908448, 6.44431493129e-05, 2.11934147956e-05, 1.28397668959e-05, 5.68883024243e-06, 1.02543390312e-05, 1.44839405039e-05, 2.62547564489e-05, 2.26993652177e-05, 4.34177809439e-06, 1.41611531035e-06, 1.00174395357e-06, 2.09000063478e-07, 1.67216157365e-07, 9.94101370111e-08, 2.67593076586e-08, 2.41081785646e-08, 1.34828015419e-08, 1.33192878948e-08, 5.51073355837e-08, 4.04987723357e-08, 9.02088217458e-08, 2.82470473678e-08, 4.66542218192e-08, 7.46712274236e-08, 1.19885634047e-15],
        "dvar2": [1.16163982966e-05, 0.00115952489432, 0.000181413604878, 5.09884375788e-05, 3.29603899445e-05, 1.42027602124e-05, 2.35296174651e-05, 3.55965858034e-05, 5.92357646383e-05, 6.43858293188e-05, 6.53444112686e-06, 2.93454945677e-06, 1.93496521206e-06, 5.60438024877e-07, 3.79057837563e-07, 2.88220235234e-07, 7.54615641085e-08, 5.35173114713e-08, 3.06595424604e-08, 3.52222997435e-08, 1.08481081895e-07, 8.09129403478e-08, 2.26790049851e-07, 5.58459269939e-08, 8.73805561241e-08, 1.54050425749e-07, 3.47215343398e-15],
        "max": [0.0386923514307, 0.173625558615, 0.0767759084702, 0.0519394725561, 0.0418925844133, 0.0239663273096, 0.0333530642092, 0.0442605093122, 0.0589222572744, 0.0634828731418, 0.0413735620677, 0.0201360378414, 0.0179530605674, 0.00558971567079, 0.00526315812021, 0.00349073670805, 0.00348731176928, 0.00360547029413, 0.00323313474655, 0.00181733851787, 0.00631207833067, 0.00486468151212, 0.00701965857297, 0.0015470830258, 0.0022100941278, 0.00284475903027, 5.32261196895e-07],
        "mean": [0.0022473775316, 0.0178994070739, 0.00328359240666, 0.00269963196479, 0.002173878951, 0.00199102167971, 0.00332272704691, 0.00328534794971, 0.00529500422999, 0.00296319602057, 0.002816851018, 0.000952903355937, 0.000872490694746, 0.000438870105427, 0.000185545170098, 0.000181435942068, 0.000157267495524, 0.000152749620611, 0.000127049279399, 0.000126800092403, 0.000206558819627, 0.000225508207222, 0.000242817113758, 0.000246094685281, 0.000226644813665, 0.000161057061632, 4.07952249759e-09],
        "median": [0.0017217148561, 0.01232770551, 0.000536052801181, 0.000724429264665, 0.00106419844087, 0.000906468369067, 0.00121626746841, 0.00138288037851, 0.00182602158748, 0.0010001170449, 0.000879232480656, 0.000336685305228, 0.000366745254723, 0.000253765087109, 8.17608524812e-05, 9.39141391427e-05, 0.000109086664452, 0.000100248311355, 8.49080097396e-05, 7.86394739407e-05, 0.000118146192108, 0.000141702214023, 0.000162051830557, 0.000165319317603, 0.000123196441564, 3.89954366256e-05, 7.56544604741e-10],
        "min": [3.25004165802e-08, 5.35623530595e-06, 2.48798028224e-06, 3.46437832377e-06, 2.49611384788e-05, 1.48077842823e-05, 3.70145498891e-05, 1.61068510351e-05, 2.01777183975e-05, 1.11696590466e-05, 1.26398035718e-05, 5.02362672705e-06, 3.49345600625e-06, 1.73313981122e-06, 1.42940200476e-06, 1.9348042315e-06, 2.82990481537e-06, 5.05110665472e-06, 1.319680905e-06, 3.23152789861e-07, 4.60520880097e-07, 4.34086103951e-07, 5.78603248869e-07, 1.41449248758e-07, 9.31750179234e-08, 1.98440389121e-10, 1.26287764968e-11],
        "var": [7.1743661465e-06, 0.000484828691697, 5.08766788698e-05, 2.76200826193e-05, 1.16263527161e-05, 7.95661617303e-06, 2.31938138313e-05, 2.35947645706e-05, 6.03045555181e-05, 3.82021644327e-05, 2.47651169047e-05, 3.52709184881e-06, 2.36566552303e-06, 2.88624249833e-07, 1.6457462948e-07, 9.0929546559e-08, 3.47009354584e-08, 4.60931914859e-08, 2.78040506174e-08, 2.2923698495e-08, 1.17932792421e-07, 8.76951062878e-08, 1.08057989223e-07, 6.06185466268e-08, 8.5233700986e-08, 1.09448556884e-07, 6.38809167171e-16]
    },
    "erbbands": {
        "dmean": [0.417166918516, 2.15401053429, 3.5167953968, 5.98898887634, 7.8402466774, 5.42118453979, 7.41128015518, 13.9682044983, 24.5962524414, 39.3123626709, 34.6976356506, 78.4222869873, 60.4970207214, 46.2240028381, 50.1971435547, 22.811372757, 24.857875824, 15.8755807877, 10.1856031418, 7.72259521484, 6.15161371231, 4.96691274643, 4.75654125214, 3.90540790558, 3.34629297256, 3.39941000938, 4.18724393845, 5.30592679977, 4.63870429993, 4.91161584854, 3.83110713959, 3.02747344971, 2.46202588081, 1.78319990635, 1.1994920969, 0.620732009411, 0.272492080927, 0.026492966339, 0.000459962961031, 3.8920181396e-05],
        "dmean2": [0.644568622112, 3.5437040329, 6.19573020935, 10.1015605927, 13.5597448349, 9.21168327332, 12.0243940353, 22.473531723, 37.8088798523, 58.4714927673, 55.7081222534, 119.670372009, 100.287246704, 71.6841888428, 64.9827957153, 35.5625267029, 37.8540763855, 25.825050354, 16.6198043823, 12.806268692, 10.512717247, 8.35526561737, 7.61435079575, 5.89541482925, 5.37000131607, 5.62338542938, 6.5114774704, 7.83498811722, 7.01744651794, 7.35767316818, 5.8783788681, 4.50660181046, 3.58637499809, 2.63110589981, 1.80034208298, 0.935824692249, 0.433107584715, 0.0427308082581, 0.00073141901521, 5.9592184698e-05],
        "dvar": [0.551880002022, 22.916311264, 91.4192810059, 151.760910034, 220.508071899, 112.93094635, 185.505264282, 587.417419434, 1928.03173828, 3741.69628906, 3994.47607422, 18620.5292969, 16104.9101562, 6611.3203125, 8336.5625, 2118.46386719, 1904.89379883, 455.609863281, 313.337524414, 416.30645752, 144.832382202, 66.1817779541, 43.2607803345, 59.8213272095, 17.7609958649, 23.9809970856, 69.5489044189, 81.8768615723, 49.3461875916, 60.1862792969, 92.7990951538, 18.5273685455, 9.64393138885, 5.93472957611, 2.82421565056, 1.20361840725, 0.324831366539, 0.00348194641992, 9.79166884463e-07, 2.73169464826e-09],
        "dvar2": [1.35959279537, 62.5380210876, 258.132476807, 374.78994751, 578.09197998, 298.090393066, 444.216491699, 1494.23718262, 4490.93359375, 8323.16308594, 10708.3574219, 40294.0898438, 45046.6757812, 15207.0673828, 11730.4980469, 4456.89794922, 3326.46289062, 1162.65478516, 785.349243164, 1043.43713379, 387.635498047, 178.162063599, 105.346511841, 97.8095169067, 45.160358429, 62.8288993835, 158.557113647, 147.996398926, 97.2158508301, 135.56968689, 244.63671875, 43.5108299255, 19.6266536713, 11.5986175537, 5.37151384354, 2.4248483181, 0.727983117104, 0.00801641307771, 2.20177821575e-06, 6.15991524455e-09],
        "max": [8.48135280609, 42.4171218872, 77.4588546753, 110.416419983, 166.069595337, 136.631134033, 127.958190918, 243.653991699, 463.96585083, 593.52911377, 668.566711426, 1777.89160156, 1465.12695312, 1988.43261719, 1163.50073242, 798.418518066, 976.608459473, 282.147827148, 178.127929688, 219.485092163, 133.185897827, 150.297348022, 97.3785552979, 258.130554199, 59.6685066223, 59.897857666, 211.486328125, 234.681396484, 164.960876465, 131.027877808, 234.733886719, 76.407913208, 28.010679245, 22.2446842194, 15.3882703781, 10.2569913864, 5.99246120453, 0.570022940636, 0.00936869066209, 0.000472164712846],
        "mean": [0.80342155695, 2.81630182266, 3.93089866638, 7.31646060944, 7.82688713074, 6.55313253403, 9.74095916748, 19.9840621948, 39.0316429138, 74.1228637695, 60.4697227478, 133.873123169, 102.498657227, 82.8439941406, 105.04108429, 41.6281661987, 42.4010543823, 25.3520183563, 15.05235672, 10.184961319, 9.23222446442, 8.82445144653, 8.25219154358, 7.59713077545, 6.23646259308, 5.68031930923, 6.7711482048, 8.99968147278, 7.71789646149, 8.20552253723, 6.51790904999, 5.48503541946, 3.91917824745, 2.61800050735, 1.58733582497, 0.761526942253, 0.289704918861, 0.0263130981475, 0.000504020543303, 8.52227531141e-05],
        "median": [0.605213582516, 1.43452167511, 0.84076333046, 2.08110928535, 2.56858253479, 3.40049695969, 4.43084812164, 8.73920249939, 17.4149723053, 29.2698421478, 32.0835380554, 43.6986656189, 50.4257087708, 32.8588752747, 30.0913734436, 17.2184104919, 19.9648857117, 16.373758316, 8.96716403961, 5.35101032257, 5.34292554855, 6.19891691208, 5.78798866272, 4.42291402817, 4.28763151169, 3.67989373207, 3.76304125786, 5.20333862305, 4.78167009354, 5.06890678406, 4.49361658096, 3.94920277596, 2.36330151558, 1.43486618996, 0.757090210915, 0.264695733786, 0.0605577193201, 0.00365700060502, 0.000112607864139, 6.85670238454e-05],
        "min": [0.000234290331719, 0.00155902525876, 0.00788933504373, 0.0212730951607, 0.0293566733599, 0.110264338553, 0.244316220284, 0.280758529902, 0.688107967377, 0.669295370579, 1.02997910976, 0.622708320618, 0.45451682806, 0.632421195507, 0.27932921052, 0.220080032945, 0.183548659086, 0.0992581471801, 0.0775400325656, 0.131779506803, 0.111152529716, 0.183293923736, 0.273308306932, 0.13656462729, 0.0363506190479, 0.014132800512, 0.0120947426185, 0.0243794284761, 0.0168338343501, 0.0253367573023, 0.0129366926849, 0.00528943911195, 0.00132250378374, 0.00204114150256, 0.00033129498479, 5.22754271515e-05, 2.31840422202e-05, 3.08220819534e-06, 2.52091263064e-06, 4.57797386844e-06],
        "var": [0.775652289391, 20.4722805023, 68.2518463135, 185.917236328, 197.640548706, 99.6136932373, 215.288406372, 843.831604004, 3343.71459961, 9436.5234375, 6175.92675781, 43443.234375, 26810.1191406, 28112.1738281, 38038.7304688, 5955.89404297, 5262.07958984, 706.815002441, 371.079345703, 386.779449463, 168.722351074, 95.9066390991, 80.4197998047, 225.925369263, 39.8886795044, 39.7738990784, 118.689979553, 203.053817749, 109.854446411, 114.606018066, 89.4650497437, 29.5683555603, 18.9923934937, 10.7247333527, 4.89144086838, 1.91937434673, 0.410500735044, 0.00422194832936, 1.23416839415e-06, 4.00972899328e-09]
    },
    "gfcc": {
        "mean": [43.9385986328, 84.5438995361, -99.9481887817, 19.8790798187, -75.7078399658, 34.3554878235, -28.6333198547, 23.0267887115, -17.6823692322, 9.76213932037, -12.8042612076, 5.18759536743, -9.94166088104],
        "cov": [[1372.60827637, -565.058898926, 312.412597656, 17.4227790833, 89.9287872314, 92.4642715454, -16.272769928, 32.7861251831, -137.159835815, 141.146118164, -155.85484314, 85.5463867188, -104.61592865], [-565.058898926, 1119.12854004, -251.556427002, 59.8508300781, 146.7134552, -57.3784179688, 119.134689331, -65.0822906494, 204.204605103, -140.7240448, 194.180252075, -97.7470550537, 121.486175537], [312.412597656, -251.556427002, 593.18560791, 113.852684021, 132.004623413, 5.57742404938, -29.6032676697, 30.6011505127, -76.2622146606, 93.8859176636, -124.629478455, 46.5560722351, -92.868850708], [17.4227790833, 59.8508300781, 113.852684021, 369.796112061, 84.8512954712, 15.2205152512, -17.8439445496, -34.1167831421, 31.2127761841, -14.624669075, 11.1620454788, -47.4473304749, 18.9140777588], [89.9287872314, 146.7134552, 132.004623413, 84.8512954712, 240.038314819, 14.1319904327, 10.7669210434, -6.82632398605, 11.7280960083, 14.2801084518, -18.9977378845, -9.6051940918, -26.377784729], [92.4642715454, -57.3784179688, 5.57742404938, 15.2205152512, 14.1319904327, 155.301239014, 100.168663025, 45.6982536316, 18.6031417847, 26.6771965027, 27.8137512207, 16.1110801697, 26.6575660706], [-16.272769928, 119.134689331, -29.6032676697, -17.8439445496, 10.7669210434, 100.168663025, 183.836959839, 63.8352851868, 63.7898178101, 13.9469327927, 68.1227645874, 14.5754642487, 44.2736206055], [32.7861251831, -65.0822906494, 30.6011505127, -34.1167831421, -6.82632398605, 45.6982536316, 63.8352851868, 113.098503113, 44.1380081177, 48.0960083008, 23.3790035248, 29.7561016083, 6.21451473236], [-137.159835815, 204.204605103, -76.2622146606, 31.2127761841, 11.7280960083, 18.6031417847, 63.7898178101, 44.1380081177, 151.578857422, 19.5026702881, 86.0226364136, 2.34389996529, 46.5795669556], [141.146118164, -140.7240448, 93.8859176636, -14.624669075, 14.2801084518, 26.6771965027, 13.9469327927, 48.0960083008, 19.5026702881, 105.149467468, 5.19090175629, 46.4148445129, -8.35650539398], [-155.85484314, 194.180252075, -124.629478455, 11.1620454788, -18.9977378845, 27.8137512207, 68.1227645874, 23.3790035248, 86.0226364136, 5.19090175629, 137.007965088, 22.6030158997, 68.8848114014], [85.5463867188, -97.7470550537, 46.5560722351, -47.4473304749, -9.6051940918, 16.1110801697, 14.5754642487, 29.7561016083, 2.34389996529, 46.4148445129, 22.6030158997, 106.20035553, 27.464723587], [-104.61592865, 121.486175537, -92.868850708, 18.9140777588, -26.377784729, 26.6575660706, 44.2736206055, 6.21451473236, 46.5795669556, -8.35650539398, 68.8848114014, 27.464723587, 107.247306824]],
        "icov": [[0.00120701512787, 0.000122810422909, 0.0002105859312, -0.000330637849402, -0.000307033827994, -0.000520221132319, -0.000361728336429, 0.000241487316089, 0.000632301089354, -0.00130333413836, 0.00111561990343, -0.000904913118575, 0.00060707697412], [0.000122810422909, 0.00405207229778, -0.000846314593218, 0.00149620696902, -0.0031398634892, 0.00262619392015, -0.0019339498831, 0.00250308681279, -0.0035605316516, 0.00430329702795, -0.00411333935335, 0.00328621896915, -0.00255653518252], [0.0002105859312, -0.000846314593218, 0.00407238816842, -0.00216528447345, -0.000480081798742, 0.000185930053703, -0.00086677831132, -0.00131657975726, 0.00206981203519, -0.00357513898052, 0.00403338484466, -0.0032488303259, 0.00240601459518], [-0.000330637849402, 0.00149620696902, -0.00216528447345, 0.00499578611925, -0.00182103808038, -0.000271468044957, 0.00114731665235, 0.00204858602956, -0.00284115993418, 0.00281709432602, -0.00341661088169, 0.00435968954116, -0.00321467965841], [-0.000307033827994, -0.0031398634892, -0.000480081798742, -0.00182103808038, 0.00781572051346, -0.00234465138055, 0.00082391849719, -0.000604020548053, 0.00123989640269, -0.00303145870566, 0.00321874348447, -0.00232001650147, 0.00311464932747], [-0.000520221132319, 0.00262619392015, 0.000185930053703, -0.000271468044957, -0.00234465138055, 0.0134013453498, -0.00752689363435, -9.5056151622e-05, -2.45035680564e-05, 0.000765367411077, -0.00221595796756, 0.00241121067666, -0.00319232838228], [-0.000361728336429, -0.0019339498831, -0.00086677831132, 0.00114731665235, 0.00082391849719, -0.00752689363435, 0.0133635113016, -0.00472236471251, -0.00045412266627, 0.00101620121859, -0.00222168839537, 0.000319597951602, -0.000663008482661], [0.000241487316089, 0.00250308681279, -0.00131657975726, 0.00204858602956, -0.000604020548053, -9.5056151622e-05, -0.00472236471251, 0.0171044375747, -0.00615897914395, -0.00162830739282, -0.0014801393263, 0.00055693887407, 8.83642496774e-05], [0.000632301089354, -0.0035605316516, 0.00206981203519, -0.00284115993418, 0.00123989640269, -2.45035680564e-05, -0.00045412266627, -0.00615897914395, 0.0169468391687, -0.00768439890817, -0.00132543069776, -0.00104038883001, 0.000957484415267], [-0.00130333413836, 0.00430329702795, -0.00357513898052, 0.00281709432602, -0.00303145870566, 0.000765367411077, 0.00101620121859, -0.00162830739282, -0.00768439890817, 0.0233312956989, -0.00734253134578, -0.000438959279563, -0.00101570226252], [0.00111561990343, -0.00411333935335, 0.00403338484466, -0.00341661088169, 0.00321874348447, -0.00221595796756, -0.00222168839537, -0.0014801393263, -0.00132543069776, -0.00734253134578, 0.0234475173056, -0.00818459223956, -0.000772522238549], [-0.000904913118575, 0.00328621896915, -0.0032488303259, 0.00435968954116, -0.00232001650147, 0.00241121067666, 0.000319597951602, 0.00055693887407, -0.00104038883001, -0.000438959279563, -0.00818459223956, 0.0200453866273, -0.00898029189557], [0.00060707697412, -0.00255653518252, 0.00240601459518, -0.00321467965841, 0.00311464932747, -0.00319232838228, -0.000663008482661, 8.83642496774e-05, 0.000957484415267, -0.00101570226252, -0.000772522238549, -0.00898029189557, 0.0195918325335]]
    },
    "melbands": {
        "dmean": [0.00325622968376, 0.00212038052268, 0.00109574384987, 0.000456421083072, 0.000251758174272, 0.000300778949168, 0.000376026611775, 0.000455302215414, 0.000296643818729, 0.000516645202879, 0.000309270370053, 0.000208026191103, 0.000159399089171, 8.97687496035e-05, 6.48554268992e-05, 5.74606528971e-05, 3.06927286147e-05, 1.8424803784e-05, 1.34593401526e-05, 1.15000921141e-05, 6.80642324369e-06, 6.21062554274e-06, 4.03121657655e-06, 4.45096338808e-06, 3.38539962286e-06, 2.58100885731e-06, 2.83768736153e-06, 2.22809285333e-06, 2.56659700426e-06, 3.09785559693e-06, 3.15337638312e-06, 2.63750462182e-06, 2.85947817247e-06, 2.88731757792e-06, 2.25716007662e-06, 2.27627970162e-06, 1.88580247595e-06, 1.9134320155e-06, 1.64024231708e-06, 1.63259096553e-06],
        "dmean2": [0.00508234277368, 0.00360651849769, 0.00185760261957, 0.000793407380115, 0.000407425133744, 0.000483409035951, 0.000573609024286, 0.000682152807713, 0.000476548273582, 0.000781724404078, 0.000518373737577, 0.000325805565808, 0.000202823968721, 0.00012520274322, 0.000103270809632, 8.85055269464e-05, 5.06354554091e-05, 3.0537659768e-05, 2.16607804759e-05, 2.03385206987e-05, 1.14158856377e-05, 1.06051638795e-05, 6.55028907204e-06, 7.1061572271e-06, 5.16354793945e-06, 4.18593663198e-06, 4.70144277642e-06, 3.690437552e-06, 4.08477490055e-06, 4.75679371448e-06, 4.74185844723e-06, 4.03168814955e-06, 4.39902078142e-06, 4.40537405666e-06, 3.48766457137e-06, 3.56291366188e-06, 2.86006161332e-06, 2.80339031633e-06, 2.56644716501e-06, 2.41393831857e-06],
        "dvar": [3.66650165233e-05, 2.86512367893e-05, 4.38089182353e-06, 8.25700453788e-07, 2.01574621883e-07, 2.51106712312e-07, 4.02160338808e-07, 5.83487576478e-07, 3.57772080406e-07, 8.12806206341e-07, 4.56970411733e-07, 1.57741808948e-07, 7.03547229364e-08, 2.41252706701e-08, 2.36989059488e-08, 1.11655786839e-08, 2.02920324988e-09, 9.97721127938e-10, 1.42505018896e-09, 8.92917184636e-10, 1.46527082134e-10, 1.21184201562e-10, 2.91703397548e-11, 5.99889096731e-11, 5.46311051952e-11, 1.05078784216e-11, 2.2456092541e-11, 9.71995747778e-12, 2.59822840326e-11, 3.24394643092e-11, 2.88662167086e-11, 1.64138719977e-11, 2.00613917839e-11, 1.97349567244e-11, 2.10532494216e-11, 4.57273836851e-11, 5.30453675776e-12, 6.30082357816e-12, 4.84879887977e-12, 5.43781209297e-12],
        "dvar2": [9.27690998651e-05, 7.98062683316e-05, 1.09797483674e-05, 2.18632999349e-06, 4.80736105146e-07, 6.20961486675e-07, 9.30037572289e-07, 1.34364154292e-06, 9.55882114795e-07, 1.74168064859e-06, 1.29001932692e-06, 4.00943264367e-07, 9.55174641604e-08, 4.11688070301e-08, 4.64057094973e-08, 2.32300667591e-08, 5.15047959837e-09, 2.73601696854e-09, 3.37730421407e-09, 2.65682587042e-09, 3.7344172199e-10, 3.38525152355e-10, 6.99928934256e-11, 1.38782804693e-10, 9.29828575247e-11, 2.56543102733e-11, 6.04657435233e-11, 2.52356330277e-11, 6.16262249564e-11, 6.88670301341e-11, 5.48347686702e-11, 3.25278901037e-11, 4.51799500589e-11, 4.37338290582e-11, 5.20057573394e-11, 1.28219102002e-10, 1.16265235287e-11, 1.30947891419e-11, 1.11457770097e-11, 1.07730170271e-11],
        "max": [0.0591709390283, 0.0482664592564, 0.0180234555155, 0.0105619160458, 0.00416601449251, 0.00495090521872, 0.00657857721671, 0.00787512492388, 0.007672640495, 0.011658359319, 0.00778689468279, 0.00816295202821, 0.00345745240338, 0.00170563405845, 0.00243464391679, 0.00200593913905, 0.000475489505334, 0.000427772291005, 0.000490000587888, 0.000327540270519, 0.000194779597223, 0.000215676744119, 9.01043677004e-05, 0.000154958615894, 0.000263040419668, 4.27723025496e-05, 0.000100243414636, 3.0428314858e-05, 0.000122364188428, 0.000140482879942, 0.000153623797814, 9.90973858279e-05, 8.57911727508e-05, 7.66498924349e-05, 9.85737278825e-05, 0.000170460174559, 2.02343508136e-05, 2.83662084257e-05, 2.02518876904e-05, 2.25596304517e-05],
        "mean": [0.00588240334764, 0.00263468269259, 0.00129990268033, 0.000494748353958, 0.000339991529472, 0.000443411205197, 0.000622427265625, 0.000833480677102, 0.000487125449581, 0.000873609445989, 0.000502280250657, 0.000336995522957, 0.000351955299266, 0.000140271964483, 0.000107665153337, 8.72074379004e-05, 4.29427018389e-05, 2.6542960768e-05, 1.47457276398e-05, 1.41752989293e-05, 9.88685860648e-06, 9.88845931715e-06, 7.30607644073e-06, 6.98335907146e-06, 6.0938596107e-06, 4.58504655398e-06, 4.54268047179e-06, 3.47705008608e-06, 3.84410122933e-06, 5.00044097862e-06, 5.11912458023e-06, 4.11535302192e-06, 4.63015248897e-06, 4.59306056655e-06, 3.66027552445e-06, 3.78533150069e-06, 3.1844519981e-06, 2.90793173008e-06, 2.25235385187e-06, 2.24567770601e-06],
        "median": [0.00431235926226, 0.00102517975029, 0.000412783614593, 0.000222961723921, 0.000163998949574, 0.000194940235815, 0.000259477557847, 0.000331925723003, 0.000213473424083, 0.000262949062744, 0.000232061865972, 0.000110317370854, 0.000101724013803, 5.3905070672e-05, 3.06645051751e-05, 3.35629520123e-05, 2.35198021983e-05, 1.52531265485e-05, 5.84301415074e-06, 7.1009903877e-06, 5.75572494199e-06, 6.85772511133e-06, 4.98846247865e-06, 4.387763056e-06, 3.39173607244e-06, 3.18201318805e-06, 2.70717828244e-06, 2.21492382479e-06, 2.16595458369e-06, 2.84395605377e-06, 2.96417465506e-06, 2.36233563555e-06, 2.78765264738e-06, 2.81598113361e-06, 2.54701967606e-06, 2.6164098017e-06, 2.17709816752e-06, 1.68853910054e-06, 1.32967284117e-06, 1.15391549116e-06],
        "min": [1.94161975742e-06, 3.11146345666e-06, 3.16354066854e-06, 5.4498332247e-06, 6.17933028479e-06, 5.16431782671e-06, 6.52550988889e-06, 5.03887713421e-06, 3.04651166516e-06, 3.19959463013e-06, 1.93721848518e-06, 1.95180064111e-06, 1.17413219414e-06, 7.49325181459e-07, 3.69318826188e-07, 3.29113419184e-07, 1.65557096921e-07, 1.20599281672e-07, 1.4363497769e-07, 1.38309260933e-07, 1.32530445285e-07, 1.40025917972e-07, 2.99404888437e-07, 1.81155783707e-07, 9.54257259878e-08, 2.87463173265e-08, 1.16861347266e-08, 6.55125198534e-09, 8.17317058477e-09, 5.07626296553e-09, 1.60520112757e-08, 8.52612558333e-09, 9.18544351691e-09, 1.39544296118e-08, 7.1729369111e-09, 5.49520517978e-09, 2.27222307636e-09, 7.93505428032e-10, 7.50599471466e-10, 1.08152797829e-09],
