{
"highlevel": {
    "danceability": {
        "all": {
            "danceable": 0.996549248695,
            "not_danceable": 0.00345073314384
        },
        "probability": 0.996549248695,
        "value": "danceable"
    },
    "gender": {
        "all": {
            "female": 0.26596903801,
            "male": 0.73403096199
        },
        "probability": 0.73403096199,
        "value": "male"
    },
    "genre_dortmund": {
        "all": {
            "alternative": 0.122800514102,
            "blues": 0.0943088531494,
            "electronic": 0.0770397260785,
            "folkcountry": 0.178840696812,
            "funksoulrnb": 0.00564417382702,
            "jazz": 0.0384338200092,
            "pop": 0.192010328174,
            "raphiphop": 0.015297380276,
            "rock": 0.275624483824
        },
        "probability": 0.275624483824,
        "value": "rock"
    },
    "genre_electronic": {
        "all": {
            "ambient": 0.293246537447,
            "dnb": 0.140792161226,
            "house": 0.388918459415,
            "techno": 0.0296052638441,
            "trance": 0.147437572479
        },
        "probability": 0.388918459415,
        "value": "house"
    },
    "genre_rosamerica": {
        "all": {
            "cla": 0.00816258136183,
            "dan": 0.0770777761936,
            "hip": 0.135709017515,
            "jaz": 0.00992389861494,
            "pop": 0.570327997208,
            "rhy": 0.0874370038509,
            "roc": 0.10808417201,
            "spe": 0.00327757978812
        },
        "probability": 0.570327997208,
        "value": "pop"
    },
    "genre_tzanetakis": {
        "all": {
            "blu": 0.0626613423228,
            "cla": 0.0348169617355,
            "cou": 0.104475811124,
            "dis": 0.0784321576357,
            "hip": 0.15692435205,
            "jaz": 0.313974827528,
            "met": 0.0448166541755,
            "pop": 0.0627359300852,
            "reg": 0.0627360641956,
            "roc": 0.0784258767962
        },
        "probability": 0.313974827528,
        "value": "jaz"
    },
    "ismir04_rhythm": {
        "all": {
            "ChaChaCha": 0.558300018311,
            "Jive": 0.0573313757777,
            "Quickstep": 0.042797382921,
            "Rumba-American": 0.0163745246828,
            "Rumba-International": 0.0640024617314,
            "Rumba-Misc": 0.0119603835046,
            "Samba": 0.132173746824,
            "Tango": 0.0377807170153,
            "VienneseWaltz": 0.0425011999905,
            "Waltz": 0.0367782227695
        },
        "probability": 0.558300018311,
        "value": "ChaChaCha"
    },
    "mood_acoustic": {
        "all": {
            "acoustic": 0.0685025602579,
            "not_acoustic": 0.931497454643
        },
        "probability": 0.931497454643,
        "value": "not_acoustic"
    },
    "mood_aggressive": {
        "all": {
            "aggressive": 0.517801642418,
            "not_aggressive": 0.482198387384
        },
        "probability": 0.517801642418,
        "value": "aggressive"
    },
    "mood_electronic": {
        "all": {
            "electronic": 0.144493162632,
            "not_electronic": 0.855506837368
        },
        "probability": 0.855506837368,
        "value": "not_electronic"
    },
    "mood_happy": {
        "all": {
            "happy": 0.883837103844,
            "not_happy": 0.116162866354
        },
        "probability": 0.883837103844,
        "value": "happy"
    },
    "mood_party": {
        "all": {
            "not_party": 0.224352762103,
            "party": 0.775647222996
        },
        "probability": 0.775647222996,
        "value": "party"
    },
    "mood_relaxed": {
        "all": {
            "not_relaxed": 0.585411965847,
            "relaxed": 0.414588034153
        },
        "probability": 0.585411965847,
        "value": "not_relaxed"
    },
    "mood_sad": {
        "all": {
            "not_sad": 0.492179572582,
            "sad": 0.507820427418
        },
        "probability": 0.507820427418,
        "value": "sad"
    },
    "moods_mirex": {
        "all": {
            "Cluster1": 0.327694296837,
            "Cluster2": 0.332100152969,
            "Cluster3": 0.150615617633,
            "Cluster4": 0.176935002208,
            "Cluster5": 0.012654915452
        },
        "probability": 0.332100152969,
        "value": "Cluster2"
    },
    "timbre": {
        "all": {
            "bright": 1,
            "dark": 2.46642573032e-09
        },
        "probability": 1,
        "value": "bright"
    },
    "tonal_atonal": {
        "all": {
            "atonal": 0.00479510473087,
            "tonal": 0.995204865932
        },
        "probability": 0.995204865932,
        "value": "tonal"
    },
    "voice_instrumental": {
        "all": {
            "instrumental": 0.223172411323,
            "voice": 0.776827573776
        },
        "probability": 0.776827573776,
        "value": "voice"
    }
},
"lowlevel": {
    "average_loudness": 0.983006775379,
    "barkbands_crest": {
        "dmean": 2.71992897987,
        "dmean2": 4.26099777222,
        "dvar": 8.3332824707,
        "dvar2": 17.8008213043,
        "max": 25.7888278961,
        "mean": 13.7632675171,
        "median": 13.9310779572,
        "min": 3.0546374321,
        "var": 27.2984905243
    },
    "barkbands_flatness_db": {
        "dmean": 0.0217109955847,
        "dmean2": 0.0331348180771,
        "dvar": 0.000553982099518,
        "dvar2": 0.00121383194346,
        "max": 0.328900456429,
        "mean": 0.159310266376,
        "median": 0.154638454318,
        "min": 0.0634216591716,
        "var": 0.00186327053234
    },
    "barkbands_kurtosis": {
        "dmean": 3.53244495392,
        "dmean2": 5.69240951538,
        "dvar": 62.4594993591,
        "dvar2": 148.167373657,
        "max": 93.6627502441,
        "mean": 3.4419696331,
        "median": 0.588309049606,
        "min": -1.79959523678,
        "var": 78.0396194458
    },
    "barkbands_skewness": {
        "dmean": 0.694806814194,
        "dmean2": 1.05306613445,
        "dvar": 0.748722553253,
        "dvar2": 1.63948404789,
        "max": 9.2238368988,
        "mean": 1.43593931198,
        "median": 1.1837054491,
        "min": -1.48794877529,
        "var": 2.09654378891
    },
    "barkbands_spread": {
        "dmean": 6.90636491776,
        "dmean2": 11.0041532516,
        "dvar": 56.7981452942,
        "dvar2": 141.393249512,
        "max": 74.2024536133,
        "mean": 26.7745399475,
        "median": 25.1882343292,
        "min": 2.62872385979,
        "var": 144.70690918
    },
    "dissonance": {
        "dmean": 0.0198547765613,
        "dmean2": 0.0333115532994,
        "dvar": 0.00036805900163,
        "dvar2": 0.000981137040071,
        "max": 0.499462395906,
        "mean": 0.466500163078,
        "median": 0.472718983889,
        "min": 0.320624530315,
        "var": 0.000628552341368
    },
    "dynamic_complexity": 2.09663438797,
    "erbbands_crest": {
        "dmean": 3.64364433289,
        "dmean2": 5.59093666077,
        "dvar": 11.099272728,
        "dvar2": 25.3973331451,
        "max": 31.141242981,
        "mean": 13.0165205002,
        "median": 12.1782159805,
        "min": 3.01607441902,
        "var": 38.5103111267
    },
    "erbbands_flatness_db": {
        "dmean": 0.0215567927808,
        "dmean2": 0.0296889580786,
        "dvar": 0.000354842079105,
        "dvar2": 0.000737615453545,
        "max": 0.294818818569,
        "mean": 0.154626205564,
        "median": 0.151279628277,
        "min": 0.0626726225019,
        "var": 0.00154274376109
    },
    "erbbands_kurtosis": {
        "dmean": 1.57942402363,
        "dmean2": 2.43277215958,
        "dvar": 4.20675086975,
        "dvar2": 10.4298648834,
        "max": 29.0014686584,
        "mean": 2.30481314659,
        "median": 1.49598312378,
        "min": -1.59856939316,
        "var": 9.87674999237
    },
    "erbbands_skewness": {
        "dmean": 0.398447245359,
        "dmean2": 0.620117843151,
        "dvar": 0.131556853652,
        "dvar2": 0.294292598963,
        "max": 2.01393485069,
        "mean": -0.158620864153,
        "median": -0.160255566239,
        "min": -3.65515375137,
        "var": 0.572885870934
    },
    "erbbands_spread": {
        "dmean": 9.6856470108,
        "dmean2": 14.6947002411,
        "dvar": 139.685470581,
        "dvar2": 313.524169922,
        "max": 112.58568573,
        "mean": 30.4583034515,
        "median": 26.5858459473,
        "min": 4.65126085281,
        "var": 335.557556152
    },
    "hfc": {
        "dmean": 10.5800065994,
        "dmean2": 15.2783164978,
        "dvar": 209.061416626,
        "dvar2": 398.414489746,
        "max": 129.910079956,
        "mean": 26.2398605347,
        "median": 19.2401924133,
        "min": 3.60878038406,
        "var": 448.812316895
    },
    "melbands_crest": {
        "dmean": 2.92438817024,
        "dmean2": 4.52820062637,
        "dvar": 9.85212993622,
        "dvar2": 20.1107387543,
        "max": 32.3509216309,
        "mean": 18.0364933014,
        "median": 17.997756958,
        "min": 4.61970710754,
        "var": 40.4154129028
    },
    "melbands_flatness_db": {
        "dmean": 0.0257935002446,
        "dmean2": 0.039204839617,
        "dvar": 0.000954050396103,
        "dvar2": 0.00203615776263,
        "max": 0.407416373491,
        "mean": 0.211601734161,
        "median": 0.203453928232,
        "min": 0.0838525146246,
        "var": 0.00358672533184
    },
    "melbands_kurtosis": {
        "dmean": 11.7284250259,
        "dmean2": 18.9073581696,
        "dvar": 704.682373047,
        "dvar2": 1635.40063477,
        "max": 321.541320801,
        "mean": 15.8428134918,
        "median": 6.34993648529,
        "min": -1.76711821556,
        "var": 908.135070801
    },
    "melbands_skewness": {
        "dmean": 1.06936776638,
        "dmean2": 1.61120784283,
        "dvar": 1.9293820858,
        "dvar2": 4.08129501343,
        "max": 15.9730434418,
        "mean": 2.93957781792,
        "median": 2.56853461266,
        "min": -0.831649839878,
        "var": 5.33600568771
    },
    "melbands_spread": {
        "dmean": 7.95218420029,
        "dmean2": 12.6301794052,
        "dvar": 83.7727432251,
        "dvar2": 201.646728516,
        "max": 94.3155212402,
        "mean": 27.0146121979,
        "median": 25.0415630341,
        "min": 1.39778447151,
        "var": 240.660812378
    },
    "pitch_salience": {
        "dmean": 0.066751293838,
        "dmean2": 0.107279747725,
        "dvar": 0.00554559659213,
        "dvar2": 0.0124479271472,
        "max": 0.775846719742,
        "mean": 0.409085482359,
        "median": 0.401801466942,
        "min": 0.0896599516273,
        "var": 0.0133977597579
    },
    "silence_rate_20dB": {
        "dmean": 0,
        "dmean2": 0,
        "dvar": 0,
        "dvar2": 0,
        "max": 1,
        "mean": 1,
        "median": 1,
        "min": 1,
        "var": 0
    },
    "silence_rate_30dB": {
        "dmean": 0.071207433939,
        "dmean2": 0.142525181174,
        "dvar": 0.0661373212934,
        "dvar2": 0.143900081515,
        "max": 1,
        "mean": 0.932714641094,
        "median": 1,
        "min": 0,
        "var": 0.0627578869462
    },
    "silence_rate_60dB": {
        "dmean": 0.000773993786424,
        "dmean2": 0.000774593325332,
        "dvar": 0.000773391744588,
        "dvar2": 0.000773989362642,
        "max": 1,
        "mean": 0.00077339517884,
        "median": 0,
        "min": 0,
        "var": 0.000772794999648
    },
    "spectral_centroid": {
        "dmean": 256.20916748,
        "dmean2": 419.707092285,
        "dvar": 83736.0078125,
        "dvar2": 245236.875,
        "max": 3235.86132812,
        "mean": 1689.47680664,
        "median": 1609.88342285,
        "min": 843.635253906,
        "var": 185310
    },
    "spectral_complexity": {
        "dmean": 4.23916387558,
        "dmean2": 6.46785449982,
        "dvar": 28.3676795959,
        "dvar2": 55.6943244934,
        "max": 58,
        "mean": 19.7324047089,
        "median": 18,
        "min": 5,
        "var": 75.0543441772
    },
    "spectral_decrease": {
        "dmean": 4.95874363793e-09,
        "dmean2": 7.44963246646e-09,
        "dvar": 8.29153206703e-17,
        "dvar2": 1.71447462398e-16,
        "max": -6.77435496588e-10,
        "mean": -1.15263452116e-08,
        "median": -9.61173984848e-09,
        "min": -7.23224928834e-08,
        "var": 1.13420504199e-16
    },
    "spectral_energy": {
        "dmean": 0.0194294378161,
        "dmean2": 0.0289216134697,
        "dvar": 0.00121022202075,
        "dvar2": 0.00247465330176,
        "max": 0.275773018599,
        "mean": 0.0458830744028,
        "median": 0.0377941913903,
        "min": 0.00290958839469,
        "var": 0.00169595784973
    },
    "spectral_energyband_high": {
        "dmean": 0.000742183416151,
        "dmean2": 0.00103060586844,
        "dvar": 1.87709724742e-06,
        "dvar2": 3.29708291247e-06,
        "max": 0.0135130258277,
        "mean": 0.00115654186811,
        "median": 0.00043314442155,
        "min": 0.000108265870949,
        "var": 3.77470792046e-06
    },
    "spectral_energyband_low": {
        "dmean": 0.0152181852609,
        "dmean2": 0.0229916013777,
        "dvar": 0.00108982948586,
        "dvar2": 0.00227226619609,
        "max": 0.267722785473,
        "mean": 0.0302957389504,
        "median": 0.0238876789808,
        "min": 0.000397413299652,
        "var": 0.00144179526251
    },
    "spectral_energyband_middle_high": {
        "dmean": 0.00363613315858,
        "dmean2": 0.00569921405986,
        "dvar": 2.4930204745e-05,
        "dvar2": 6.11018695054e-05,
        "max": 0.0582670420408,
        "mean": 0.00952111929655,
        "median": 0.00712228938937,
        "min": 0.000484194402816,
        "var": 6.54319665045e-05
    },
    "spectral_energyband_middle_low": {
        "dmean": 0.00484638288617,
        "dmean2": 0.00806055869907,
        "dvar": 0.000180990798981,
        "dvar2": 0.000456728652352,
        "max": 0.107488706708,
        "mean": 0.00696153054014,
        "median": 0.0038002457004,
        "min": 0.000222995688091,
        "var": 0.000157054601004
    },
    "spectral_entropy": {
        "dmean": 0.156044512987,
        "dmean2": 0.214738503098,
        "dvar": 0.0213512051851,
        "dvar2": 0.0430330596864,
        "max": 8.56336784363,
        "mean": 7.65459012985,
        "median": 7.63290739059,
        "min": 6.51488113403,
        "var": 0.0803101062775
    },
    "spectral_flux": {
        "dmean": 0.0409792624414,
        "dmean2": 0.0637530311942,
        "dvar": 0.00320618855767,
        "dvar2": 0.00756068062037,
        "max": 0.462268233299,
        "mean": 0.091523475945,
        "median": 0.0651817694306,
        "min": 0.0183793995529,
        "var": 0.00514251412824
    },
    "spectral_kurtosis": {
        "dmean": 1.09385859966,
        "dmean2": 1.80397629738,
        "dvar": 0.953083872795,
        "dvar2": 2.42731642723,
        "max": 15.1501216888,
        "mean": 3.64694213867,
        "median": 3.38997125626,
        "min": 0.581228017807,
        "var": 3.09512090683
    },
    "spectral_rms": {
        "dmean": 0.00122263340745,
        "dmean2": 0.00175193499308,
        "dvar": 3.27703787661e-06,
        "dvar2": 6.04578553975e-06,
        "max": 0.0164026468992,
        "mean": 0.00617497926578,
        "median": 0.00607226323336,
        "min": 0.00168482132722,
        "var": 6.6336110649e-06
    },
    "spectral_rolloff": {
        "dmean": 490.09753418,
        "dmean2": 872.204772949,
        "dvar": 578431,
        "dvar2": 1501555.75,
        "max": 6115.4296875,
        "mean": 1317.70495605,
        "median": 1184.32617188,
        "min": 64.599609375,
        "var": 938482.5625
    },
    "spectral_skewness": {
        "dmean": 0.163768336177,
        "dmean2": 0.261688292027,
        "dvar": 0.0181556679308,
        "dvar2": 0.0465614721179,
        "max": 2.80632615089,
        "mean": 1.40384244919,
        "median": 1.40353417397,
        "min": 0.548443138599,
        "var": 0.110065460205
    },
    "spectral_spread": {
        "dmean": 640621.25,
        "dmean2": 915089.5625,
        "dvar": 757719171072,
        "dvar2": 1.41735231488e+12,
        "max": 21889770,
        "mean": 4671110,
        "median": 4452433.5,
        "min": 2136371.5,
        "var": 1.28423913062e+12
    },
    "spectral_strongpeak": {
        "dmean": 0.675096988678,
        "dmean2": 1.14169538021,
        "dvar": 2.08657693863,
        "dvar2": 5.41371393204,
        "max": 14.0334205627,
        "mean": 1.21880853176,
        "median": 0.457573950291,
        "min": 0.037767816335,
        "var": 3.14014577866
    },
    "zerocrossingrate": {
        "dmean": 0.00914695858955,
        "dmean2": 0.0108817508444,
        "dvar": 7.94448933448e-05,
        "dvar2": 9.52998016146e-05,
        "max": 0.14599609375,
        "mean": 0.0545035935938,
        "median": 0.05322265625,
        "min": 0.01025390625,
        "var": 0.000587944115978
    },
    "barkbands": {
        "dmean": [0.000357293640263, 0.0123935202137, 0.00238212314434, 0.00354243465699, 0.000944990606513, 0.000287086673779, 0.000324625812937, 0.000438276241766, 0.000216087340959, 0.000346118933521, 0.000702977180481, 0.00126685935538, 0.000531843979843, 0.000534913211595, 0.00120509543922, 0.000293044053251, 0.00028516704333, 0.000167982710991, 0.00024038029369, 0.000155964313308, 0.000215297113755, 0.000148795123096, 9.33453920879e-05, 8.02804206614e-05, 0.000136871705763, 4.89209669468e-05, 6.61505339394e-08],
        "dmean2": [0.000568403163925, 0.0191384851933, 0.00403246004134, 0.00598078360781, 0.00161083915737, 0.000419911899371, 0.000498169683851, 0.00066308939131, 0.000319955026498, 0.000509075995069, 0.000965360435657, 0.00199648016132, 0.000820290471893, 0.000826488889288, 0.00201160041615, 0.000493435247336, 0.000484904740006, 0.000286455528112, 0.000398252625018, 0.00024260704231, 0.000341723818565, 0.000207484525163, 0.00012348247401, 0.000111395587737, 0.000216763539356, 7.64336145949e-05, 1.2435815222e-07],
        "dvar": [6.00113594373e-07, 0.00100869743619, 3.12020783895e-05, 0.000136927294079, 5.38370386494e-06, 4.36869299847e-07, 1.04448361071e-06, 1.13898943255e-06, 2.53761072599e-07, 6.42339557544e-07, 2.7565572509e-06, 3.87663021684e-06, 2.78899142359e-06, 2.84247630589e-06, 1.39882113217e-05, 5.53670702175e-07, 2.77610297417e-07, 1.32951413434e-07, 2.39013473902e-07, 1.06593418536e-07, 1.9529494466e-07, 9.89350112945e-08, 3.12288861437e-08, 1.81495600771e-08, 5.80142227591e-08, 8.74425687414e-09, 9.95127374601e-14],
        "dvar2": [1.42973556194e-06, 0.00218976545148, 8.75754194567e-05, 0.000352657603798, 1.51018402903e-05, 7.7121171671e-07, 2.56157704825e-06, 2.45225942308e-06, 5.65124082641e-07, 1.4345218915e-06, 4.97369364894e-06, 8.54366408021e-06, 6.87975352776e-06, 5.91462548982e-06, 3.73559378204e-05, 1.37050267313e-06, 7.44275553188e-07, 3.56329394435e-07, 6.22997788469e-07, 2.36670544496e-07, 4.34360856616e-07, 1.63453833579e-07, 5.08207449457e-08, 3.09642302909e-08, 1.32097952132e-07, 1.95370315481e-08, 2.86100217952e-13],
        "max": [0.0083154225722, 0.254468649626, 0.0540785118937, 0.0902206450701, 0.0265123862773, 0.0210462063551, 0.0187867116183, 0.0193169079721, 0.00882692821324, 0.0163178686053, 0.0199983399361, 0.0315636917949, 0.0357844308019, 0.0402148514986, 0.0407183878124, 0.0127966124564, 0.009521022439, 0.00487339030951, 0.00520815839991, 0.00281783402897, 0.00485632475466, 0.00304913171567, 0.00204050727189, 0.00152639241423, 0.00156203657389, 0.000650507805403, 4.0102058847e-06],
        "mean": [0.000606629357208, 0.0241540987045, 0.00357238459401, 0.0033589664381, 0.00134681444615, 0.000562657543924, 0.000466888333904, 0.000652831455227, 0.000413018802647, 0.000714243215043, 0.00155040656682, 0.00219192262739, 0.000881621672306, 0.00112592754886, 0.00154214084614, 0.000405017024605, 0.000476771325339, 0.000239616289036, 0.000347749853972, 0.000242150141275, 0.000337992853019, 0.000250129291089, 0.000142427437822, 0.000115709612146, 0.000137178096338, 4.78231231682e-05, 3.80386175891e-08],
        "median": [0.000106022940599, 0.0174067076296, 0.00168980588205, 0.000943872670177, 0.000811274745502, 0.000235685278312, 8.28744086903e-05, 0.000148140592501, 6.9172361691e-05, 0.000204789044801, 0.000131082953885, 0.00089608685812, 0.000226129865041, 0.000154976980411, 0.000507542979904, 0.000195589876967, 0.000305090215988, 0.000146545178723, 0.000171175823198, 0.000104983322672, 0.000150542720803, 8.99100705283e-05, 5.16778418387e-05, 3.45014414052e-05, 2.38976972469e-05, 9.9543176475e-06, 7.55952800358e-10],
        "min": [1.71749903188e-07, 0.000100364384707, 6.98925214238e-06, 1.96927394427e-05, 4.50315710623e-05, 1.52194561451e-05, 3.48018005525e-07, 5.82855136599e-07, 5.57801854484e-07, 2.80791800833e-06, 2.05417137522e-07, 1.57822378242e-05, 3.56266082235e-06, 2.35487232203e-06, 1.34795009217e-05, 1.11235067379e-05, 1.66655681824e-05, 1.87792065844e-05, 2.03728595807e-05, 2.07813791349e-05, 2.09587378777e-05, 1.42081007652e-05, 8.4812663772e-06, 6.1945820562e-06, 4.73818863611e-06, 1.91370887137e-07, 1.08954806982e-11],
        "var": [9.62011313277e-07, 0.00121715280693, 2.71215940302e-05, 0.000109896027425, 3.98344127461e-06, 1.60050933573e-06, 1.63987067481e-06, 2.17365482058e-06, 7.77330967594e-07, 2.02554474527e-06, 1.05131375676e-05, 1.00855177152e-05, 5.17546322953e-06, 9.39769415709e-06, 1.41015379995e-05, 6.96976087511e-07, 3.70986242615e-07, 1.12061115942e-07, 2.663715577e-07, 1.71954809502e-07, 3.22313468359e-07, 2.19399680645e-07, 6.27114076224e-08, 3.62098653284e-08, 6.29511234251e-08, 8.77909922536e-09, 5.59660756866e-14]
    },
    "erbbands": {
        "dmean": [0.416729420424, 2.64281368256, 2.99278831482, 7.79469203949, 7.05090427399, 2.44153642654, 2.38111686707, 2.44438004494, 4.6351146698, 4.37751293182, 10.7688026428, 4.51661348343, 7.42021369934, 16.9048500061, 29.156162262, 54.6715049744, 27.3378944397, 29.7579174042, 69.8344497681, 19.2649345398, 16.6998214722, 13.3663196564, 9.3472032547, 7.98189735413, 13.8975925446, 6.63434028625, 11.2617425919, 7.18426799774, 5.80784511566, 3.47096347809, 2.46977996826, 1.65360152721, 1.75616383553, 1.8009468317, 0.621848106384, 0.236701652408, 0.100581131876, 0.00947704352438, 0.000181698676897, 2.94519923045e-05],
        "dmean2": [0.63850569725, 4.14907073975, 4.98933315277, 12.5628242493, 12.2635345459, 4.0197930336, 3.68156766891, 3.47284126282, 6.91956806183, 6.86893177032, 16.2446861267, 6.58042287827, 10.7389211655, 23.9915122986, 41.2566795349, 85.4817810059, 42.6539001465, 45.8681678772, 115.958816528, 31.9088573456, 28.903503418, 22.7798976898, 16.0373287201, 13.1497869492, 22.9044494629, 9.94152164459, 18.2458171844, 11.2892465591, 8.42254543304, 4.52787828445, 3.40793204308, 2.34203505516, 2.58479857445, 2.88413357735, 0.930795669556, 0.374196708202, 0.157266199589, 0.0151682877913, 0.000282418041024, 4.18533963966e-05],
        "dvar": [1.10261082649, 48.5911407471, 51.9553184509, 511.771911621, 533.81048584, 18.1029720306, 15.7382974625, 49.3085517883, 230.2787323, 150.935897827, 706.319152832, 130.546295166, 368.117370605, 920.819396973, 2743.58886719, 7467.34667969, 7141.95605469, 8725.96191406, 47321.6484375, 3095.11889648, 1147.46289062, 874.131774902, 428.694274902, 187.078811646, 870.792785645, 146.703567505, 618.422302246, 284.989990234, 167.503952026, 46.2331123352, 20.9935970306, 7.84100341797, 8.49108982086, 10.2151193619, 1.28408455849, 0.242175146937, 0.0342524237931, 0.000292256474495, 1.0473581824e-07, 2.33152097628e-09],
        "dvar2": [2.42863750458, 109.302742004, 141.110748291, 1247.45019531, 1438.85253906, 47.8386230469, 37.142326355, 78.7410888672, 529.313964844, 374.898468018, 1591.58032227, 260.07144165, 767.372192383, 1835.26098633, 4945.57568359, 16565.0234375, 17508.3710938, 18389.4199219, 126273.179688, 7866.71728516, 3109.05322266, 2347.32910156, 1112.0357666, 485.269958496, 2251.70727539, 274.796569824, 1564.56738281, 633.649658203, 318.744445801, 66.2437438965, 34.4239425659, 13.9430541992, 17.0586776733, 24.0372810364, 2.82808899879, 0.565704584122, 0.0758423581719, 0.000656995165627, 2.28273364655e-07, 4.52216308844e-09],
        "max": [10.2818965912, 57.0619049072, 74.0576934814, 194.72492981, 233.087493896, 35.0254249573, 66.7902908325, 227.508544922, 306.505828857, 173.237960815, 413.214691162, 248.998703003, 390.924591064, 562.644775391, 615.112609863, 1613.97875977, 1954.03625488, 2285.94848633, 2392.50488281, 1274.4263916, 595.182617188, 576.988769531, 286.415161133, 126.734954834, 359.395568848, 117.562538147, 262.645507812, 155.128601074, 124.623443604, 73.6727523804, 43.7574806213, 35.3681678772, 23.7613563538, 23.7139797211, 9.4993686676, 4.07611465454, 1.18152558804, 0.119951032102, 0.00236892187968, 0.000340634403983],
        "mean": [0.83576965332, 4.84089374542, 4.83650016785, 8.66514587402, 7.45244836807, 3.63843202591, 4.50796413422, 4.5038766861, 7.06814718246, 6.53996372223, 16.442035675, 9.59924411774, 14.9621152878, 38.3230400085, 68.7537384033, 95.4856948853, 50.8064956665, 65.8998413086, 90.7730484009, 28.2360782623, 25.3325061798, 22.9028491974, 15.4492034912, 13.3958845139, 20.886844635, 11.7304496765, 16.264799118, 10.5764274597, 9.19043445587, 5.89109039307, 3.7936770916, 2.45577096939, 2.15566158295, 1.77447068691, 0.669850945473, 0.236269786954, 0.095750361681, 0.00859011989087, 0.000187369500054, 6.25079846941e-05],
        "median": [0.443733781576, 3.33588767052, 2.58539199829, 3.04352259636, 3.0496711731, 2.09709811211, 2.63656568527, 1.57078576088, 1.39220201969, 1.83058595657, 3.69346213341, 1.8486045599, 3.85238862038, 14.8605937958, 20.7369308472, 41.6377029419, 17.0781917572, 10.7598600388, 30.0660400391, 12.8833990097, 13.9061594009, 14.1555328369, 10.489865303, 7.82499885559, 10.8902950287, 5.93129444122, 6.97418308258, 3.67057514191, 2.97703552246, 2.17908287048, 1.47696125507, 0.864234566689, 0.523125469685, 0.305824965239, 0.140082746744, 0.0563551969826, 0.0187087897211, 0.00166261708364, 4.9594342272e-05, 4.74272892461e-05],
        "min": [0.000899834791198, 0.0248752236366, 0.0600138232112, 0.0966351479292, 0.17772385478, 0.120604939759, 0.0866608843207, 0.113883689046, 0.0296278763562, 0.0190901514143, 0.0388776324689, 0.0254242271185, 0.0795577019453, 0.121450737119, 0.33418777585, 0.769889175892, 0.55494004488, 0.505898058414, 1.20166730881, 0.399130254984, 0.860614001751, 1.24384105206, 1.45237886906, 0.924173057079, 1.6127550602, 1.24887645245, 0.717427134514, 0.767714381218, 0.567685484886, 0.410815536976, 0.257442831993, 0.165909796953, 0.102854326367, 0.0580179765821, 0.00776433525607, 0.0060544735752, 0.000652946007904, 2.76002792816e-05, 3.62728246728e-06, 3.9841038415e-06],
        "var": [1.44165790081, 54.2774620056, 44.6174926758, 480.536437988, 376.465118408, 19.0774898529, 38.2978172302, 174.457290649, 387.007171631, 212.700424194, 1282.58508301, 469.605773926, 1030.36987305, 3277.00854492, 11595.9570312, 17351.0058594, 13515.3486328, 30208.8789062, 48116.8671875, 3632.05908203, 1453.14477539, 1110.39855957, 378.191680908, 229.60269165, 943.169372559, 281.668243408, 822.812133789, 441.112731934, 330.431121826, 111.633262634, 40.995464325, 14.9736852646, 13.5743608475, 10.9460716248, 1.48336911201, 0.225707009435, 0.0352082401514, 0.000290040770778, 1.10718367807e-07, 3.37553340835e-09]
    },
    "gfcc": {
        "mean": [25.4011268616, 76.396270752, -117.353271484, 51.1539039612, -34.0779647827, 41.930305481, -27.4753723145, 10.2319774628, -30.9968738556, 6.75133705139, -13.7546482086, 5.84975767136, -9.59498310089],
        "cov": [[1525.19848633, -220.216064453, 268.88659668, -120.195724487, -190.517532349, -46.0428581238, 5.38727283478, 133.533920288, 37.4211845398, 96.4574813843, -74.0197219849, -37.6981468201, -70.7973861694], [-220.216064453, 540.975830078, -160.058670044, -224.114761353, 13.3837242126, -41.3413505554, 105.203994751, 58.8342132568, 150.640457153, 6.0941991806, 76.3635787964, 7.36419200897, 49.2144966125], [268.88659668, -160.058670044, 358.958770752, 136.695343018, 50.3142356873, 24.0855293274, -12.9517536163, 41.5283164978, -5.6518778801, 56.3796272278, -1.90583527088, 27.7182426453, -5.42636108398], [-120.195724487, -224.114761353, 136.695343018, 370.942260742, 112.233795166, 45.9022483826, -54.1902618408, -68.9878921509, -36.9797515869, 1.00439250469, 7.7433757782, -21.3210887909, 8.83486747742], [-190.517532349, 13.3837242126, 50.3142356873, 112.233795166, 295.627960205, 111.129798889, 4.74162149429, -36.6134490967, 37.2715911865, 55.4614143372, 64.767791748, 13.9597473145, 25.6065216064], [-46.0428581238, -41.3413505554, 24.0855293274, 45.9022483826, 111.129798889, 133.246353149, 56.6514854431, -11.966799736, -17.2759609222, 8.98020839691, 29.4135398865, 2.27264094353, 18.6485691071], [5.38727283478, 105.203994751, -12.9517536163, -54.1902618408, 4.74162149429, 56.6514854431, 146.022338867, 63.5590362549, 23.1736049652, -20.6143703461, 11.0150213242, 10.7181196213, 24.6327877045], [133.533920288, 58.8342132568, 41.5283164978, -68.9878921509, -36.6134490967, -11.966799736, 63.5590362549, 126.406044006, 68.5029296875, -4.71092891693, -19.902507782, 9.40712451935, 24.6454353333], [37.4211845398, 150.640457153, -5.6518778801, -36.9797515869, 37.2715911865, -17.2759609222, 23.1736049652, 68.5029296875, 151.849914551, 69.4899520874, 27.8029937744, -23.2474155426, 15.3219470978], [96.4574813843, 6.0941991806, 56.3796272278, 1.00439250469, 55.4614143372, 8.98020839691, -20.6143703461, -4.71092891693, 69.4899520874, 123.036071777, 60.6882629395, -15.7395620346, -34.2476615906], [-74.0197219849, 76.3635787964, -1.90583527088, 7.7433757782, 64.767791748, 29.4135398865, 11.0150213242, -19.902507782, 27.8029937744, 60.6882629395, 105.805427551, 29.5969276428, -9.54292392731], [-37.6981468201, 7.36419200897, 27.7182426453, -21.3210887909, 13.9597473145, 2.27264094353, 10.7181196213, 9.40712451935, -23.2474155426, -15.7395620346, 29.5969276428, 91.2789306641, 28.4172725677], [-70.7973861694, 49.2144966125, -5.42636108398, 8.83486747742, 25.6065216064, 18.6485691071, 24.6327877045, 24.6454353333, 15.3219470978, -34.2476615906, -9.54292392731, 28.4172725677, 88.0094909668]],
        "icov": [[0.00116614811122, 0.00085773319006, -0.000933672999963, 0.000934023235459, 0.000604103377555, 0.000108930573333, -0.000390648900066, -0.00014977256069, -0.000656331481878, -0.00040570521378, -5.66351809539e-05, 0.000662888691295, -4.24523477704e-06], [0.00085773319006, 0.0116620259359, -0.00317428237759, 0.00813691131771, -0.00221825111657, 0.0083465995267, -0.00751823978499, 0.00924626458436, -0.0137211820111, 0.0136874755844, -0.0135067421943, 0.006970458664, -0.00445222714916], [-0.000933672999963, -0.00317428237759, 0.00746934115887, -0.00542493211105, -0.000317440659273, -0.00191957806237, 0.00209343829192, -0.00775337032974, 0.00792346615344, -0.0102173388004, 0.00657444959506, -0.00525431986898, 0.00116752076428], [0.000934023235459, 0.00813691131771, -0.00542493211105, 0.0108759086579, -0.00242936727591, 0.00529196159914, -0.00388036691584, 0.00926337391138, -0.010496375151, 0.013135205023, -0.0113956788555, 0.00822051987052, -0.00409871526062], [0.000604103377555, -0.00221825111657, -0.000317440659273, -0.00242936727591, 0.00861057080328, -0.00883809383959, 0.00323592894711, 0.00091919634724, -0.00233613583259, -0.00320633780211, 0.00286403112113, -0.00397315109149, 0.000907500623725], [0.000108930573333, 0.0083465995267, -0.00191957806237, 0.00529196159914, -0.00883809383959, 0.0258159674704, -0.0140216909349, 0.00568073010072, -0.000258426764049, 0.00562183186412, -0.0124449916184, 0.0104819722474, -0.00829566270113], [-0.000390648900066, -0.00751823978499, 0.00209343829192, -0.00388036691584, 0.00323592894711, -0.0140216909349, 0.0196615383029, -0.0127612659708, 0.00687093520537, -0.00339929782785, 0.0044379751198, -0.00364727689885, 0.00364854512736], [-0.00014977256069, 0.00924626458436, -0.00775337032974, 0.00926337391138, 0.00091919634724, 0.00568073010072, -0.0127612659708, 0.0334452725947, -0.0271543320268, 0.0194126646966, -0.00660872273147, 0.000890830880962, -0.00268670613877], [-0.000656331481878, -0.0137211820111, 0.00792346615344, -0.010496375151, -0.00233613583259, -0.000258426764049, 0.00687093520537, -0.0271543320268, 0.0430226996541, -0.0329673253, 0.0131114507094, 0.000595988414716, -0.00398702779785], [-0.00040570521378, 0.0136874755844, -0.0102173388004, 0.013135205023, -0.00320633780211, 0.00562183186412, -0.00339929782785, 0.0194126646966, -0.0329673253, 0.0492418333888, -0.0296933278441, 0.0124385980889, 0.00299328938127], [-5.66351809539e-05, -0.0135067421943, 0.00657444959506, -0.0113956788555, 0.00286403112113, -0.0124449916184, 0.0044379751198, -0.00660872273147, 0.0131114507094, -0.0296933278441, 0.0404328070581, -0.021210892126, 0.00886442977935], [0.000662888691295, 0.006970458664, -0.00525431986898, 0.00822051987052, -0.00397315109149, 0.0104819722474, -0.00364727689885, 0.000890830880962, 0.000595988414716, 0.0124385980889, -0.021210892126, 0.0275470763445, -0.0112654771656], [-4.24523477704e-06, -0.00445222714916, 0.00116752076428, -0.00409871526062, 0.000907500623725, -0.00829566270113, 0.00364854512736, -0.00268670613877, -0.00398702779785, 0.00299328938127, 0.00886442977935, -0.0112654771656, 0.0220146141946]]
    },
    "melbands": {
        "dmean": [0.00361330178566, 0.00210100016557, 0.00134268647525, 0.000301645428408, 8.13458609628e-05, 5.37594860361e-05, 7.01395692886e-05, 5.51827652089e-05, 8.00885536592e-05, 2.80654985545e-05, 3.79528937628e-05, 6.68981738272e-05, 0.00010916874453, 0.000153620596393, 7.78828325565e-05, 5.75757876504e-05, 5.3637981182e-05, 0.000102476878965, 5.69510666537e-05, 1.77602869371e-05, 2.10091329791e-05, 1.37379465741e-05, 1.51731055666e-05, 7.29089197193e-06, 6.30420890957e-06, 1.21082402984e-05, 5.97123016632e-06, 4.34245066572e-06, 8.29640339362e-06, 4.67085192213e-06, 4.35955416833e-06, 3.71058126802e-06, 2.42697569774e-06, 1.93702726392e-06, 1.57731858508e-06, 1.13156420412e-06, 1.01908869965e-06, 1.02440446881e-06, 2.2256565444e-06, 1.25244423543e-06],
        "dmean2": [0.00560238817707, 0.00325907557271, 0.00222363835201, 0.00051546911709, 0.00012735981727, 7.77952373028e-05, 0.000105481500214, 8.61408479977e-05, 0.000120514589071, 4.07819788961e-05, 5.49152355234e-05, 9.57503580139e-05, 0.00014944076247, 0.000242395122768, 0.000122670840938, 9.00937011465e-05, 8.26956529636e-05, 0.000170355473529, 9.43643317441e-05, 2.91537235171e-05, 3.66077038052e-05, 2.34749822994e-05, 2.58354448306e-05, 1.26163331515e-05, 1.04154614746e-05, 1.99303540285e-05, 9.80246386462e-06, 6.52687367619e-06, 1.36043345265e-05, 7.41057465348e-06, 7.02554689269e-06, 5.5963032537e-06, 3.33170328304e-06, 2.62882440438e-06, 2.26343649956e-06, 1.569457595e-06, 1.50339315041e-06, 1.44262696722e-06, 3.77907940674e-06, 1.95020493265e-06],
        "dvar": [8.60919753904e-05, 2.58729160123e-05, 1.60946765391e-05, 6.8440982659e-07, 1.73603087461e-08, 2.13523119186e-08, 4.92036456023e-08, 1.84485546839e-08, 3.69527377586e-08, 4.80895456789e-09, 9.83264580867e-09, 1.51742742815e-08, 5.67807347807e-08, 6.03082952466e-08, 2.20635651971e-08, 2.70174975725e-08, 3.70316186604e-08, 9.74749099214e-08, 2.86303531993e-08, 3.7024776578e-09, 1.82139670013e-09, 1.00947583626e-09, 9.19890885687e-10, 1.8798239354e-10, 1.23240334604e-10, 6.88262280502e-10, 1.37549721613e-10, 6.85625653474e-11, 3.28448518383e-10, 9.92619389462e-11, 1.08448056091e-10, 7.19542203598e-11, 2.4556136638e-11, 1.58952746798e-11, 9.16487979258e-12, 3.95815715273e-12, 3.01068913723e-12, 3.16225192733e-12, 1.68369849313e-11, 4.8151777704e-12],
        "dvar2": [0.000187303463463, 6.1037557316e-05, 4.02541954827e-05, 1.86045826922e-06, 4.2385178034e-08, 3.58750646967e-08, 1.14868910828e-07, 4.16985415086e-08, 8.4309952797e-08, 9.6045367215e-09, 2.08464694396e-08, 3.07002814282e-08, 1.00011817494e-07, 1.34128796958e-07, 5.01848198553e-08, 6.5327519394e-08, 7.71562653767e-08, 2.59604973962e-07, 7.61617968692e-08, 8.47401260273e-09, 5.01027441757e-09, 2.71912203864e-09, 2.21382312482e-09, 5.29995825005e-10, 3.26029536701e-10, 1.80756642987e-09, 3.31985855473e-10, 1.33222918808e-10, 8.36173630336e-10, 2.23807139488e-10, 2.51412474173e-10, 1.48910606068e-10, 3.82520265463e-11, 2.78355810623e-11, 1.67028040704e-11, 6.88845508412e-12, 5.77348845815e-12, 5.98360900758e-12, 4.3382793885e-11, 1.05417445606e-11],
        "max": [0.0813771486282, 0.0436894856393, 0.0336962230504, 0.00884210411459, 0.00213991897181, 0.00479204580188, 0.00436993222684, 0.0020800458733, 0.00274130236357, 0.001455747406, 0.00215122289956, 0.00244341930375, 0.00296193966642, 0.0034037292935, 0.00298816268332, 0.00290471338667, 0.00519553432241, 0.00341243576258, 0.00183693750296, 0.00131708430126, 0.00074978248449, 0.000631422095466, 0.00053635193035, 0.000148642706336, 0.000109469576273, 0.000283868488623, 0.000103166392364, 8.1381185737e-05, 0.000191993938643, 0.000101345576695, 0.000103987804323, 8.45225076773e-05, 4.69211408927e-05, 5.31017903995e-05, 2.88544888463e-05, 2.57999181486e-05, 1.8799026293e-05, 2.046085865e-05, 2.57596366282e-05, 1.84986292879e-05],
        "mean": [0.0071699093096, 0.00387176126242, 0.00149257120211, 0.000360207108315, 0.000154328256031, 0.000100241399196, 0.000107474581455, 8.27220064821e-05, 0.000126433296828, 5.70175834582e-05, 7.35063367756e-05, 0.000144663979881, 0.00024929860956, 0.00026607941254, 0.000139357944136, 0.000113334950584, 0.000112726796942, 0.000130886779516, 7.5498050137e-05, 2.39296659856e-05, 3.03453416564e-05, 2.18384811888e-05, 2.39440978476e-05, 1.03764341475e-05, 9.68239783106e-06, 1.74219003384e-05, 9.58664440986e-06, 6.90143815518e-06, 1.18150501294e-05, 6.45856516712e-06, 6.11362429481e-06, 5.39529037269e-06, 4.28491102866e-06, 2.92736058327e-06, 2.30126806855e-06, 1.67337327639e-06, 1.41963118949e-06, 1.34377307859e-06, 2.00676640816e-06, 1.28015051359e-06],
        "median": [0.00493215443566, 0.00263231736608, 0.000570047996007, 0.000183592434041, 9.86844752333e-05, 3.67019129044e-05, 2.14517549466e-05, 2.23321985686e-05, 2.62373287114e-05, 9.99121402856e-06, 1.77806086867e-05, 5.62734967389e-05, 4.30396103184e-05, 0.000103934886283, 6.11408177065e-05, 2.15322506847e-05, 1.21106750157e-05, 4.0627328417e-05, 2.90204934572e-05, 8.69776977197e-06, 1.67717917066e-05, 1.14712493087e-05, 1.64221801242e-05, 6.76235731589e-06, 5.20494586453e-06, 8.84195014805e-06, 5.09762003276e-06, 3.0893377243e-06, 5.24189545104e-06, 2.12348891182e-06, 2.10989128391e-06, 1.67210998825e-06, 1.59675687428e-06, 1.02154183423e-06, 9.29809743866e-07, 5.96667405262e-07, 4.6204192472e-07, 3.84866979175e-07, 2.9212472441e-07, 2.45753454919e-07],
        "min": [1.58429538715e-05, 4.31689550169e-05, 1.38347295433e-05, 4.27064242103e-06, 2.66574852503e-06, 2.38351799453e-06, 1.4196984921e-07, 2.33267996919e-07, 1.50376706642e-07, 8.58400568404e-08, 2.66328726184e-07, 3.60385058684e-07, 2.78272040077e-07, 1.77474817065e-06, 6.94229697729e-07, 5.45195405266e-07, 1.68341983908e-07, 1.25290785036e-06, 8.05247680091e-07, 2.73917578397e-07, 1.12839757094e-06, 6.4381492848e-07, 5.40231894774e-07, 9.5727000371e-07, 4.25078212629e-07, 9.0762716809e-07, 6.66276264383e-07, 3.75084482584e-07, 3.09534840426e-07, 3.27531552102e-07, 3.89780467458e-07, 2.85711450942e-07, 2.45031429813e-07, 1.51776404778e-07, 1.13065091512e-07, 1.31806800141e-07, 7.49901118979e-08, 5.51352137279e-08, 5.08038695557e-08, 2.14782360786e-08],
