{
"highlevel": {
    "danceability": {
        "all": {
            "danceable": 0.990334331989,
            "not_danceable": 0.00966565031558
        },
        "probability": 0.990334331989,
        "value": "danceable"
    },
    "gender": {
        "all": {
            "female": 0.0781952664256,
            "male": 0.921804726124
        },
        "probability": 0.921804726124,
        "value": "male"
    },
    "genre_dortmund": {
        "all": {
            "alternative": 0.130220577121,
            "blues": 0.0291171167046,
            "electronic": 0.0641615539789,
            "folkcountry": 0.133926212788,
            "funksoulrnb": 0.0330736339092,
            "jazz": 0.0289687942713,
            "pop": 0.139497503638,
            "raphiphop": 0.0370233170688,
            "rock": 0.404011279345
        },
        "probability": 0.404011279345,
        "value": "rock"
    },
    "genre_electronic": {
        "all": {
            "ambient": 0.0810553133488,
            "dnb": 0.0334349572659,
            "house": 0.0668974593282,
            "techno": 0.014391428791,
            "trance": 0.804220855236
        },
        "probability": 0.804220855236,
        "value": "trance"
    },
    "genre_rosamerica": {
        "all": {
            "cla": 0.000627246859949,
            "dan": 0.746848642826,
            "hip": 0.00574059970677,
            "jaz": 0.000303524779156,
            "pop": 0.0267795082182,
            "rhy": 0.00394771713763,
            "roc": 0.215568006039,
            "spe": 0.000184722899576
        },
        "probability": 0.746848642826,
        "value": "dan"
    },
    "genre_tzanetakis": {
        "all": {
            "blu": 0.0620671063662,
            "cla": 0.034474901855,
            "cou": 0.103433981538,
            "dis": 0.0620971247554,
            "hip": 0.15527240932,
            "jaz": 0.310666948557,
            "met": 0.044346679002,
            "pop": 0.0620793737471,
            "reg": 0.0620816536248,
            "roc": 0.103479810059
        },
        "probability": 0.310666948557,
        "value": "jaz"
    },
    "ismir04_rhythm": {
        "all": {
            "ChaChaCha": 0.355269521475,
            "Jive": 0.35869884491,
            "Quickstep": 0.0145180290565,
            "Rumba-American": 0.0119454711676,
            "Rumba-International": 0.0239015240222,
            "Rumba-Misc": 0.0113695040345,
            "Samba": 0.139674082398,
            "Tango": 0.0255360119045,
            "VienneseWaltz": 0.0499345511198,
            "Waltz": 0.00915245618671
        },
        "probability": 0.35869884491,
        "value": "Jive"
    },
    "mood_acoustic": {
        "all": {
            "acoustic": 1.19747874123e-05,
            "not_acoustic": 0.999988019466
        },
        "probability": 0.999988019466,
        "value": "not_acoustic"
    },
    "mood_aggressive": {
        "all": {
            "aggressive": 0.428120285273,
            "not_aggressive": 0.57187974453
        },
        "probability": 0.57187974453,
        "value": "not_aggressive"
    },
    "mood_electronic": {
        "all": {
            "electronic": 0.301472455263,
            "not_electronic": 0.698527574539
        },
        "probability": 0.698527574539,
        "value": "not_electronic"
    },
    "mood_happy": {
        "all": {
            "happy": 0.9137378335,
            "not_happy": 0.0862621515989
        },
        "probability": 0.9137378335,
        "value": "happy"
    },
    "mood_party": {
        "all": {
            "not_party": 0.452299386263,
            "party": 0.547700583935
        },
        "probability": 0.547700583935,
        "value": "party"
    },
    "mood_relaxed": {
        "all": {
            "not_relaxed": 0.956174612045,
            "relaxed": 0.0438253842294
        },
        "probability": 0.956174612045,
        "value": "not_relaxed"
    },
    "mood_sad": {
        "all": {
            "not_sad": 0.938233435154,
            "sad": 0.061766564846
        },
        "probability": 0.938233435154,
        "value": "not_sad"
    },
    "moods_mirex": {
        "all": {
            "Cluster1": 0.255836755037,
            "Cluster2": 0.434150099754,
            "Cluster3": 0.0869794413447,
            "Cluster4": 0.107781298459,
            "Cluster5": 0.115252390504
        },
        "probability": 0.434150099754,
        "value": "Cluster2"
    },
    "timbre": {
        "all": {
            "bright": 0.999999940395,
            "dark": 4.71164547378e-08
        },
        "probability": 0.999999940395,
        "value": "bright"
    },
    "tonal_atonal": {
        "all": {
            "atonal": 0.00055862381123,
            "tonal": 0.999441385269
        },
        "probability": 0.999441385269,
        "value": "tonal"
    },
    "voice_instrumental": {
        "all": {
            "instrumental": 0.317391484976,
            "voice": 0.682608485222
        },
        "probability": 0.682608485222,
        "value": "voice"
    }
},
"lowlevel": {
    "average_loudness": 0.987186133862,
    "barkbands_crest": {
        "dmean": 3.45464324951,
        "dmean2": 5.1831445694,
        "dvar": 16.0134277344,
        "dvar2": 24.4104633331,
        "max": 25.8398532867,
        "mean": 10.1564474106,
        "median": 8.13968467712,
        "min": 2.51833677292,
        "var": 35.4851646423
    },
    "barkbands_flatness_db": {
        "dmean": 0.0272745545954,
        "dmean2": 0.0401973500848,
        "dvar": 0.0010682316497,
        "dvar2": 0.00167964375578,
        "max": 0.340316772461,
        "mean": 0.122122593224,
        "median": 0.10578302294,
        "min": 0.0553959608078,
        "var": 0.00248899287544
    },
    "barkbands_kurtosis": {
        "dmean": 4.20038700104,
        "dmean2": 6.29694271088,
        "dvar": 93.9957275391,
        "dvar2": 177.333648682,
        "max": 107.584770203,
        "mean": 3.44436311722,
        "median": 0.0674784183502,
        "min": -1.69124054909,
        "var": 120.479530334
    },
    "barkbands_skewness": {
        "dmean": 0.712274909019,
        "dmean2": 1.00268876553,
        "dvar": 1.11926651001,
        "dvar2": 1.7527667284,
        "max": 9.91212558746,
        "mean": 1.33437514305,
        "median": 0.877645492554,
        "min": -0.894241511822,
        "var": 2.22799539566
    },
    "barkbands_spread": {
        "dmean": 8.35312175751,
        "dmean2": 12.6156387329,
        "dvar": 70.2772216797,
        "dvar2": 138.369552612,
        "max": 87.6534118652,
        "mean": 30.778175354,
        "median": 29.9347438812,
        "min": 1.9997215271,
        "var": 211.439331055
    },
    "dissonance": {
        "dmean": 0.014153313823,
        "dmean2": 0.023631632328,
        "dvar": 0.000179847862455,
        "dvar2": 0.000503149931319,
        "max": 0.499999880791,
        "mean": 0.474428713322,
        "median": 0.478302627802,
        "min": 0.372504502535,
        "var": 0.000330781156663
    },
    "dynamic_complexity": 1.53132939339,
    "erbbands_crest": {
        "dmean": 2.57995057106,
        "dmean2": 4.13341903687,
        "dvar": 7.76266908646,
        "dvar2": 18.3819274902,
        "max": 27.6215953827,
        "mean": 7.54116439819,
        "median": 6.06004095078,
        "min": 2.3384552002,
        "var": 19.0222148895
    },
    "erbbands_flatness_db": {
        "dmean": 0.0161068290472,
        "dmean2": 0.0232687275857,
        "dvar": 0.000183454627404,
        "dvar2": 0.000337512028636,
        "max": 0.227012857795,
        "mean": 0.133259057999,
        "median": 0.131635278463,
        "min": 0.0740651711822,
        "var": 0.000912508869078
    },
    "erbbands_kurtosis": {
        "dmean": 0.542633056641,
        "dmean2": 0.875370085239,
        "dvar": 0.53665292263,
        "dvar2": 1.36982345581,
        "max": 8.17071628571,
        "mean": -0.323804676533,
        "median": -0.587560653687,
        "min": -1.61410570145,
        "var": 0.889411091805
    },
    "erbbands_skewness": {
        "dmean": 0.320499032736,
        "dmean2": 0.486840516329,
        "dvar": 0.0965629592538,
        "dvar2": 0.228608503938,
        "max": 2.80857944489,
        "mean": -0.0263901408762,
        "median": -0.104127705097,
        "min": -1.72070288658,
        "var": 0.370784193277
    },
    "erbbands_spread": {
        "dmean": 8.08137130737,
        "dmean2": 11.8180818558,
        "dvar": 55.2498664856,
        "dvar2": 107.03313446,
        "max": 116.325752258,
        "mean": 43.5886955261,
        "median": 41.8739738464,
        "min": 12.8880395889,
        "var": 225.521484375
    },
    "hfc": {
        "dmean": 10.0375127792,
        "dmean2": 14.4882240295,
        "dvar": 157.895080566,
        "dvar2": 354.267425537,
        "max": 171.881881714,
        "mean": 31.5898342133,
        "median": 28.1476078033,
        "min": 3.09097552299,
        "var": 377.350189209
    },
    "melbands_crest": {
        "dmean": 3.74689006805,
        "dmean2": 5.62758970261,
        "dvar": 18.2279109955,
        "dvar2": 31.7762870789,
        "max": 31.0453948975,
        "mean": 13.4427804947,
        "median": 11.4690036774,
        "min": 4.25502490997,
        "var": 42.6155281067
    },
    "melbands_flatness_db": {
        "dmean": 0.0333342626691,
        "dmean2": 0.0473593324423,
        "dvar": 0.00181865354534,
        "dvar2": 0.00259750476107,
        "max": 0.42428329587,
        "mean": 0.1543815732,
        "median": 0.132495224476,
        "min": 0.0447154305875,
        "var": 0.00484459009022
    },
    "melbands_kurtosis": {
        "dmean": 13.2617702484,
        "dmean2": 19.4111785889,
        "dvar": 879.555603027,
        "dvar2": 1657.30358887,
        "max": 327.24041748,
        "mean": 16.0657100677,
        "median": 4.47023582458,
        "min": -0.911153316498,
        "var": 1175.01464844
    },
    "melbands_skewness": {
        "dmean": 1.07222390175,
        "dmean2": 1.48079800606,
        "dvar": 2.78782439232,
        "dvar2": 4.25725364685,
        "max": 16.0495986938,
        "mean": 2.73369646072,
        "median": 1.93928015232,
        "min": 0.066705621779,
        "var": 5.7507686615
    },
    "melbands_spread": {
        "dmean": 9.8173084259,
        "dmean2": 15.078625679,
        "dvar": 110.015296936,
        "dvar2": 203.593673706,
        "max": 143.477554321,
        "mean": 32.4821548462,
        "median": 32.1905403137,
        "min": 1.20538496971,
        "var": 328.740722656
    },
    "pitch_salience": {
        "dmean": 0.0916280820966,
        "dmean2": 0.140288099647,
        "dvar": 0.0127004031092,
        "dvar2": 0.0206056162715,
        "max": 0.815987229347,
        "mean": 0.528580963612,
        "median": 0.572936236858,
        "min": 0.080302298069,
        "var": 0.0262956824154
    },
    "silence_rate_20dB": {
        "dmean": 0,
        "dmean2": 0,
        "dvar": 0,
        "dvar2": 0,
        "max": 1,
        "mean": 1,
        "median": 1,
        "min": 1,
        "var": 0
    },
    "silence_rate_30dB": {
        "dmean": 0.108359135687,
        "dmean2": 0.216886132956,
        "dvar": 0.0966172814369,
        "dvar2": 0.169847935438,
        "max": 1,
        "mean": 0.869296193123,
        "median": 1,
        "min": 0,
        "var": 0.113620333374
    },
    "silence_rate_60dB": {
        "dmean": 0,
        "dmean2": 0,
        "dvar": 0,
        "dvar2": 0,
        "max": 0,
        "mean": 0,
        "median": 0,
        "min": 0,
        "var": 0
    },
    "spectral_centroid": {
        "dmean": 274.074584961,
        "dmean2": 433.455078125,
        "dvar": 69482.640625,
        "dvar2": 184333.34375,
        "max": 3443.45849609,
        "mean": 1928.23815918,
        "median": 1921.1315918,
        "min": 730.088134766,
        "var": 178360.125
    },
    "spectral_complexity": {
        "dmean": 5.42182683945,
        "dmean2": 8.04260253906,
        "dvar": 25.0642814636,
        "dvar2": 49.6782608032,
        "max": 59,
        "mean": 30.5027065277,
        "median": 30,
        "min": 10,
        "var": 63.7194252014
    },
    "spectral_decrease": {
        "dmean": 5.66940716595e-09,
        "dmean2": 7.95821541999e-09,
        "dvar": 9.17931523999e-17,
        "dvar2": 1.35067212025e-16,
        "max": -1.04847919236e-09,
        "mean": -1.10780069562e-08,
        "median": -5.6987459196e-09,
        "min": -6.31456060773e-08,
        "var": 1.65028951126e-16
    },
    "spectral_energy": {
        "dmean": 0.0218534097075,
        "dmean2": 0.03064612858,
        "dvar": 0.00130705931224,
        "dvar2": 0.00191128451843,
        "max": 0.24111585319,
        "mean": 0.0446762777865,
        "median": 0.0244979336858,
        "min": 0.00470373034477,
        "var": 0.00238723214716
    },
    "spectral_energyband_high": {
        "dmean": 0.000782657822128,
        "dmean2": 0.00117243512068,
        "dvar": 1.49076583966e-06,
        "dvar2": 3.41979875884e-06,
        "max": 0.0160966161638,
        "mean": 0.00161002168898,
        "median": 0.00106071948539,
        "min": 5.86535570619e-05,
        "var": 3.33002890329e-06
    },
    "spectral_energyband_low": {
        "dmean": 0.0189120918512,
        "dmean2": 0.0269581638277,
        "dvar": 0.00148798932787,
        "dvar2": 0.00218558125198,
        "max": 0.2337166816,
        "mean": 0.0253577437252,
        "median": 0.00567363668233,
        "min": 0.000103675898572,
        "var": 0.00242197653279
    },
    "spectral_energyband_middle_high": {
        "dmean": 0.00213590660132,
        "dmean2": 0.00315738446079,
        "dvar": 5.79996549277e-06,
        "dvar2": 1.26032819026e-05,
        "max": 0.0362370312214,
        "mean": 0.00698862038553,
        "median": 0.00606834003702,
        "min": 0.00055282417452,
        "var": 1.67828220583e-05
    },
    "spectral_energyband_middle_low": {
        "dmean": 0.00510485516861,
        "dmean2": 0.00822979677469,
        "dvar": 8.47246701596e-05,
        "dvar2": 0.000227244192502,
        "max": 0.131245791912,
        "mean": 0.0109585514292,
        "median": 0.00796614494175,
        "min": 0.00128488766495,
        "var": 9.58535601967e-05
    },
    "spectral_entropy": {
        "dmean": 0.11631770432,
        "dmean2": 0.17780457437,
        "dvar": 0.0124641470611,
        "dvar2": 0.0257992111146,
        "max": 8.56873130798,
        "mean": 7.86482429504,
        "median": 7.87547588348,
        "min": 7.22958564758,
        "var": 0.0502735562623
    },
    "spectral_flux": {
        "dmean": 0.0516598187387,
        "dmean2": 0.0859684944153,
        "dvar": 0.00447482476011,
        "dvar2": 0.0115416739136,
        "max": 0.374722212553,
        "mean": 0.117989063263,
        "median": 0.0843734815717,
        "min": 0.0326061844826,
        "var": 0.00665921065956
    },
    "spectral_kurtosis": {
        "dmean": 1.06641829014,
        "dmean2": 1.81064140797,
        "dvar": 1.05838906765,
        "dvar2": 2.94928526878,
        "max": 12.8276195526,
        "mean": 3.15670609474,
        "median": 2.9475107193,
        "min": -0.77928519249,
        "var": 2.20644903183
    },
    "spectral_rms": {
        "dmean": 0.00136019254569,
        "dmean2": 0.00188253051601,
        "dvar": 3.68817904928e-06,
        "dvar2": 4.95726362715e-06,
        "max": 0.0153373721987,
        "mean": 0.00594903342426,
        "median": 0.00488880602643,
        "min": 0.00214219628833,
        "var": 8.19566957944e-06
    },
    "spectral_rolloff": {
        "dmean": 733.579772949,
        "dmean2": 1187.84558105,
        "dvar": 1056051,
        "dvar2": 1859810,
        "max": 11907.8613281,
        "mean": 2116.8137207,
        "median": 2002.58789062,
        "min": 64.599609375,
        "var": 2832017.5
    },
    "spectral_skewness": {
        "dmean": 0.172791391611,
        "dmean2": 0.28537684679,
        "dvar": 0.0276767536998,
        "dvar2": 0.0745477154851,
        "max": 3.06095814705,
        "mean": 1.20346009731,
        "median": 1.19974005222,
        "min": 0.297110825777,
        "var": 0.0570724196732
    },
    "spectral_spread": {
        "dmean": 520574.46875,
        "dmean2": 775847.8125,
        "dvar": 414103207936,
        "dvar2": 807234306048,
        "max": 12923016,
        "mean": 4487417,
        "median": 4328505.5,
        "min": 2469432,
        "var": 1.46886832947e+12
    },
    "spectral_strongpeak": {
        "dmean": 0.620372593403,
        "dmean2": 1.02604651451,
        "dvar": 0.751514017582,
        "dvar2": 1.79150867462,
        "max": 7.54155635834,
        "mean": 1.02355933189,
        "median": 0.620025277138,
        "min": 0,
        "var": 1.28375852108
    },
    "zerocrossingrate": {
        "dmean": 0.0154356583953,
        "dmean2": 0.0169400684536,
        "dvar": 0.000235489074839,
        "dvar2": 0.000235952538787,
        "max": 0.33935546875,
        "mean": 0.0780592933297,
        "median": 0.07568359375,
        "min": 0.005859375,
        "var": 0.00154090882279
    },
    "barkbands": {
        "dmean": [0.00038109003799, 0.0183704383671, 0.00325100193731, 0.000490925624035, 0.00189028854948, 0.000932701688726, 0.000564753543586, 0.00049360311823, 0.0028169543948, 0.000341140956152, 0.000754807319026, 0.000193260362721, 0.000493190309498, 0.000415879010689, 0.000243046248215, 0.000316454388667, 0.000364645704394, 0.000373344257241, 0.000346305867424, 0.000318855658406, 0.000194236825337, 0.000136475835461, 0.000122953220853, 0.000137058217661, 0.000129964624648, 7.13953195373e-05, 3.56845375471e-09],
        "dmean2": [0.000581849250011, 0.0266676973552, 0.00588485086337, 0.000904246116988, 0.00330958236009, 0.00148954556789, 0.000874924066011, 0.000790735415649, 0.00436209933832, 0.000552646059077, 0.00117114733439, 0.000306551461108, 0.000763968680985, 0.000672983704135, 0.000398619944463, 0.000520226778463, 0.000594377343077, 0.000610951974522, 0.000563615933061, 0.000502444861922, 0.000315244571539, 0.000217691558646, 0.000188432706636, 0.000213091960177, 0.000211983016925, 0.00011370901484, 6.34816821332e-09],
        "dvar": [7.46034629628e-07, 0.00147286220454, 6.60699151922e-05, 1.48737183281e-06, 3.73105322069e-05, 2.01969919544e-06, 9.81705738923e-07, 1.3355605688e-06, 3.22018786392e-05, 2.33101729918e-07, 2.07201742342e-06, 7.68868133605e-08, 1.17860304272e-06, 5.83683913646e-07, 1.206205269e-07, 2.32914644016e-07, 2.98282913036e-07, 2.56178878999e-07, 1.88785989508e-07, 1.47062493738e-07, 1.06598747607e-07, 4.03261424253e-08, 4.75579504666e-08, 1.47211380863e-07, 1.76296481413e-07, 4.72075747382e-08, 1.85219265208e-16],
        "dvar2": [1.50790594944e-06, 0.00231239199638, 0.000181872514077, 4.31784064858e-06, 0.000106211584352, 5.08960556544e-06, 2.51605024459e-06, 3.23969175042e-06, 7.73407518864e-05, 5.83284247568e-07, 4.64917138743e-06, 1.77309672722e-07, 2.66596089205e-06, 1.45019384945e-06, 3.17148987961e-07, 5.82047675834e-07, 7.41298322282e-07, 6.60660020912e-07, 4.95275060075e-07, 3.55693373422e-07, 2.7713849704e-07, 9.52423846456e-08, 9.44358475863e-08, 3.46781149574e-07, 4.11074722706e-07, 1.13498330734e-07, 4.57501711872e-16],
        "max": [0.00712855998427, 0.228371173143, 0.0451142452657, 0.0122787486762, 0.107777141035, 0.0177498012781, 0.0184522997588, 0.0143502997234, 0.0559233464301, 0.00552517361939, 0.0334399789572, 0.0049428450875, 0.0182636622339, 0.0102956043556, 0.00456383218989, 0.00707749882713, 0.00901963189244, 0.0065375524573, 0.00386617821641, 0.00502272089943, 0.00285630184226, 0.00213663652539, 0.00536480545998, 0.00763624114916, 0.00670235510916, 0.003650134895, 2.29756707881e-07],
        "mean": [0.000376559444703, 0.0221017450094, 0.00270505482331, 0.000451004278148, 0.00277275638655, 0.00166199402884, 0.00101847713813, 0.000778793008067, 0.00418015848845, 0.000555767561309, 0.00123112543952, 0.000341664039297, 0.000745928031392, 0.00063028378645, 0.000401011027861, 0.000600576051511, 0.000685386883561, 0.000771139515564, 0.000684806960635, 0.000652042333968, 0.000336371565936, 0.000234107195865, 0.00024219568877, 0.000246899988269, 0.000181171693839, 8.92811731319e-05, 2.73336664414e-09],
        "median": [4.22774064646e-05, 0.00431040953845, 0.000765119155403, 0.000204949086765, 0.0019417242147, 0.000969578453805, 0.000761886592954, 0.000434015528299, 0.001593175577, 0.000362420250895, 0.000586251204368, 0.000247470772592, 0.000318809528835, 0.000316731107887, 0.000279132917058, 0.000414771988289, 0.000470251135994, 0.000501138099935, 0.000546710100025, 0.000449990446214, 0.000236912877881, 0.000163964083185, 0.000151167943841, 0.000127665378386, 6.27561385045e-05, 2.78406696452e-05, 5.82675185878e-10],
        "min": [9.10482071959e-08, 1.23964837258e-05, 1.63411880294e-06, 1.45746889757e-06, 4.37536691607e-05, 2.9524137517e-06, 1.09949933176e-05, 5.78887784286e-06, 2.89166582661e-05, 1.14273552754e-05, 1.75500990736e-05, 2.62217436102e-05, 6.91946024745e-06, 2.45097362495e-05, 2.41879788518e-05, 2.65347462118e-05, 2.99733692373e-05, 4.09599560953e-05, 6.75857372698e-05, 3.60751291737e-05, 1.87168116099e-05, 3.0176281598e-06, 1.60134095495e-06, 5.00526823544e-07, 1.88272175627e-10, 1.13110840139e-10, 1.32456354912e-11],
        "var": [8.3746533619e-07, 0.00214752997272, 4.26383667218e-05, 9.01779401374e-07, 2.55786781054e-05, 3.78895265385e-06, 1.17171487091e-06, 1.74828858235e-06, 4.82527539134e-05, 3.4287586459e-07, 4.563071343e-06, 1.29861078335e-07, 2.28122326007e-06, 9.45364604377e-07, 1.71582385633e-07, 3.87867657992e-07, 5.76323088808e-07, 6.33354886759e-07, 2.30864117157e-07, 3.48360515545e-07, 1.14770045911e-07, 6.30660679235e-08, 1.34068983471e-07, 2.88554389272e-07, 2.73394732631e-07, 6.61317614004e-08, 1.27219875285e-16]
    },
    "erbbands": {
        "dmean": [0.641453623772, 3.88172101974, 4.93729305267, 1.87147057056, 4.68061208725, 7.08464050293, 6.19248247147, 7.58573102951, 6.0411195755, 10.3311023712, 20.5307407379, 73.310295105, 13.4959049225, 16.9863681793, 22.4398956299, 8.80467605591, 23.7735671997, 15.269153595, 16.0201931, 15.1748819351, 17.4441108704, 20.0860443115, 19.7274951935, 17.5953025818, 16.8221912384, 15.6152677536, 9.46580410004, 6.35355138779, 5.16552829742, 4.15380001068, 3.63279700279, 2.74855685234, 2.48741483688, 1.77171599865, 0.771747887135, 0.341732472181, 0.151089042425, 0.0103940656409, 0.000197028959519, 3.25111031998e-05],
        "dmean2": [0.959091722965, 5.85381650925, 8.45425987244, 3.38602924347, 8.3332195282, 12.2052192688, 9.97407436371, 12.1562480927, 9.58690643311, 15.8258886337, 31.9586257935, 113.040725708, 21.7750453949, 26.1850376129, 34.4104347229, 13.7364292145, 36.7152328491, 24.5732555389, 26.0804615021, 24.8940811157, 28.4278926849, 32.6249046326, 32.4487838745, 28.5278282166, 26.4308891296, 24.9279994965, 15.2510223389, 10.4629030228, 8.2960357666, 6.56959295273, 5.66774463654, 4.28227949142, 3.88473033905, 2.90185594559, 1.22694754601, 0.54383867979, 0.2440995574, 0.0167723894119, 0.000315789220622, 4.72636747872e-05],
        "dvar": [1.94875204563, 68.9135284424, 136.719711304, 18.1668510437, 154.335403442, 715.273925781, 146.987609863, 171.48890686, 172.91506958, 220.703674316, 1603.98925781, 23122.6230469, 480.323638916, 1292.71276855, 1742.32019043, 158.94078064, 2763.53662109, 910.85345459, 625.929016113, 434.422698975, 800.702636719, 944.748535156, 841.860778809, 514.504760742, 353.728820801, 353.37121582, 246.385116577, 96.923789978, 57.5301933289, 50.3694534302, 45.3918037415, 36.6817436218, 52.2887191772, 36.8496818542, 4.57420492172, 0.716068983078, 0.307022601366, 0.00164523173589, 5.27776762738e-07, 2.53319165644e-09],
        "dvar2": [3.79542636871, 107.390106201, 364.347320557, 50.8711738586, 440.015106201, 2046.27770996, 397.034606934, 442.26171875, 444.740570068, 550.121276855, 3793.49414062, 54574.03125, 1236.03417969, 3057.26049805, 3725.75170898, 380.591552734, 6262.16845703, 2446.32104492, 1515.94726562, 1069.61315918, 2054.43017578, 2383.40698242, 2090.78930664, 1357.21679688, 886.13684082, 855.857666016, 626.979736328, 248.458175659, 138.867446899, 118.103157043, 93.0285644531, 84.4867935181, 117.513870239, 82.483795166, 11.1810445786, 1.68776643276, 0.740477323532, 0.003783789929, 1.23440327116e-06, 4.73701966541e-09],
        "max": [7.83741521835, 46.1058883667, 68.8816757202, 36.4708175659, 163.68661499, 488.503631592, 228.475418091, 163.543914795, 270.928833008, 201.593948364, 543.68572998, 1564.24450684, 298.695251465, 603.256652832, 780.626159668, 224.428451538, 848.474243164, 587.369506836, 338.648925781, 210.423278809, 463.832733154, 474.660522461, 386.259429932, 240.215927124, 233.587127686, 211.28918457, 124.165359497, 81.2942504883, 68.2325973511, 168.391708374, 152.794555664, 136.264297485, 125.071762085, 101.790748596, 36.1018066406, 13.2896375656, 10.1250371933, 0.819705665112, 0.0142673812807, 0.000699853757396],
        "mean": [0.648892700672, 4.82661962509, 4.6615691185, 1.90212130547, 5.10652780533, 11.0147571564, 11.6494207382, 12.9566612244, 10.4198188782, 19.7660617828, 36.0482254028, 106.177726746, 22.7143058777, 31.1574249268, 37.2980194092, 17.8428554535, 37.6859474182, 24.7575759888, 27.0261058807, 28.020942688, 34.8316612244, 39.8172302246, 42.0872344971, 36.3928184509, 36.6594924927, 31.0315361023, 16.8852405548, 10.8220186234, 8.53031349182, 7.67469501495, 6.93204164505, 5.26225233078, 4.01697444916, 2.41012525558, 1.05490875244, 0.43692368269, 0.177498996258, 0.0113867670298, 0.000252774538239, 6.7045490141e-05],
        "median": [0.109651222825, 0.904525279999, 1.33396887779, 0.945243537426, 2.6593079567, 7.05681085587, 6.86735773087, 8.15000629425, 6.03456306458, 13.8235034943, 17.423620224, 36.4402084351, 16.3665103912, 17.8726711273, 19.9543609619, 12.575797081, 17.3081893921, 13.6443901062, 16.2477607727, 20.1684856415, 23.2395133972, 26.4069519043, 25.9588565826, 28.9773788452, 28.3599243164, 21.9659004211, 12.4218397141, 7.56971597672, 5.81459665298, 5.11744642258, 4.29378604889, 3.13733720779, 1.69780302048, 0.783554971218, 0.398406684399, 0.149325162172, 0.045070912689, 0.00262033683248, 8.91248928383e-05, 4.1709823563e-05],
        "min": [0.00033911713399, 0.00229003001004, 0.00961268506944, 0.012808362022, 0.0756912082434, 0.239114627242, 0.241814523935, 0.162986800075, 0.3408639431, 0.350016862154, 0.71188056469, 0.534116268158, 0.842605531216, 1.20635771751, 0.87151247263, 1.06181919575, 0.717585206032, 1.2686958313, 1.39669263363, 1.84956610203, 1.63803339005, 1.90746939182, 2.00768065453, 2.94059109688, 2.9785490036, 1.72176921368, 0.895179986954, 0.614158153534, 0.20683029294, 0.108548201621, 0.0445897318423, 0.0141415633261, 0.00758031196892, 0.000611192313954, 0.000170014056494, 7.98223918537e-05, 1.83700631169e-05, 2.97575297736e-06, 4.58917111246e-06, 7.50759591028e-06],
        "var": [2.25383067131, 99.9270019531, 106.411903381, 11.803109169, 100.591331482, 503.624481201, 227.259613037, 231.888092041, 207.645935059, 357.654510498, 2814.85498047, 35326.2226562, 535.370422363, 2400.82568359, 3875.75878906, 328.98916626, 5320.34375, 1307.47473145, 1185.47277832, 682.288024902, 1355.93383789, 1944.25952148, 2236.2722168, 668.725036621, 717.760620117, 704.762817383, 262.938140869, 119.016639709, 85.0292663574, 91.7436294556, 118.568611145, 94.4809951782, 97.651763916, 57.1634902954, 6.85005664825, 1.03378713131, 0.417308419943, 0.00225258269347, 7.29216992568e-07, 4.63653870852e-09]
    },
    "gfcc": {
        "mean": [50.6414756775, 75.1724777222, -126.403968811, 43.1792411804, -61.2786712646, 17.3253612518, -34.5774345398, 24.2571754456, -23.0375614166, 6.18009471893, -13.2912664413, 2.84665298462, -8.44461154938],
        "cov": [[978.54119873, -500.882598877, 270.471191406, -21.7058849335, -84.637512207, 106.476234436, -54.5299987793, 107.613967896, -42.4226379395, 59.3031196594, -116.454467773, 66.6533203125, -85.8529205322], [-500.882598877, 692.190185547, -165.906585693, 140.529693604, 178.210647583, -52.0998458862, 188.676971436, -63.3940238953, 90.6841888428, -86.4298477173, 102.604660034, -113.704627991, 63.7158241272], [270.471191406, -165.906585693, 420.323059082, 149.888549805, 112.421440125, 90.3461608887, 31.363653183, 76.6428985596, 27.2367115021, 47.9921340942, -30.3898048401, 67.1250457764, -9.74858760834], [-21.7058849335, 140.529693604, 149.888549805, 327.326629639, 120.259338379, 41.7438850403, 56.4220504761, 1.6152933836, 55.8397216797, -31.4696941376, 19.6824378967, -5.13788557053, 54.1581382751], [-84.637512207, 178.210647583, 112.421440125, 120.259338379, 252.011825562, 34.7831611633, 131.934127808, 20.9540672302, 59.6935539246, 5.4237909317, 34.6168441772, -1.18333494663, 14.0189962387], [106.476234436, -52.0998458862, 90.3461608887, 41.7438850403, 34.7831611633, 162.382919312, 68.4804382324, 12.1855382919, 5.29747438431, 15.6368684769, -7.27437400818, -20.2491722107, -9.16473484039], [-54.5299987793, 188.676971436, 31.363653183, 56.4220504761, 131.934127808, 68.4804382324, 195.563858032, 27.0642814636, 59.9339065552, -7.91848278046, 34.9367904663, -38.2089653015, -0.30155479908], [107.613967896, -63.3940238953, 76.6428985596, 1.6152933836, 20.9540672302, 12.1855382919, 27.0642814636, 97.1811218262, 29.9260902405, 17.0459003448, -10.2387733459, 18.9839859009, -3.49451518059], [-42.4226379395, 90.6841888428, 27.2367115021, 55.8397216797, 59.6935539246, 5.29747438431, 59.9339065552, 29.9260902405, 101.523643494, 12.7080364227, 28.2032604218, -19.8567695618, 16.0815963745], [59.3031196594, -86.4298477173, 47.9921340942, -31.4696941376, 5.4237909317, 15.6368684769, -7.91848278046, 17.0459003448, 12.7080364227, 75.9041824341, 8.74937534332, 22.1001911163, -9.30436992645], [-116.454467773, 102.604660034, -30.3898048401, 19.6824378967, 34.6168441772, -7.27437400818, 34.9367904663, -10.2387733459, 28.2032604218, 8.74937534332, 82.2232437134, 8.5705280304, 29.1315822601], [66.6533203125, -113.704627991, 67.1250457764, -5.13788557053, -1.18333494663, -20.2491722107, -38.2089653015, 18.9839859009, -19.8567695618, 22.1001911163, 8.5705280304, 91.5874404907, 15.3720626831], [-85.8529205322, 63.7158241272, -9.74858760834, 54.1581382751, 14.0189962387, -9.16473484039, -0.30155479908, -3.49451518059, 16.0815963745, -9.30436992645, 29.1315822601, 15.3720626831, 69.4838180542]],
        "icov": [[0.00212707929313, 0.00109403498936, -0.000495807384141, -0.000470611586934, 0.000641582533717, -0.000343800900737, -0.000685504579451, -0.000966265564784, 9.41163380048e-05, -5.24492270415e-06, 0.000975225295406, -0.00029913338949, 0.00133067276329], [0.00109403498936, 0.00675320066512, 0.000512117927428, -0.00108151207678, -0.0019012906123, 0.00371924741194, -0.00445038545877, 0.00200248230249, -0.000164765850059, 0.00296370009892, -0.00313094258308, 0.00563440471888, -0.00246930634603], [-0.000495807384141, 0.000512117927428, 0.00616305368021, -0.00271408678964, -0.00203528720886, -0.00195923331194, 0.000527457566932, -0.00189037271775, -0.000607784895692, -0.00183990690857, 0.00194280967116, -0.00370127661154, 0.00185594998766], [-0.000470611586934, -0.00108151207678, -0.00271408678964, 0.00645531667396, -0.00136529596057, -0.00102504435927, 0.0015055462718, 0.00162941974122, -0.00215888558887, 0.00327801518142, -0.000104234270111, 0.000814416212961, -0.00397115619853], [0.000641582533717, -0.0019012906123, -0.00203528720886, -0.00136529596057, 0.00921211671084, 0.00024451239733, -0.00426863878965, 0.000131166889332, -0.0005398823414, -0.00208069663495, 0.000992578454316, -0.00301932590082, 0.00157464900985], [-0.000343800900737, 0.00371924741194, -0.00195923331194, -0.00102504435927, 0.00024451239733, 0.0123798660934, -0.00715460302308, 0.00238190800883, 0.00293533108197, -0.00133570551407, -0.00169572653249, 0.00719199841842, -0.0033773239702], [-0.000685504579451, -0.00445038545877, 0.000527457566932, 0.0015055462718, -0.00426863878965, -0.00715460302308, 0.0158762130886, -0.00454892078415, -0.00279887369834, 0.00166671536863, -0.00223756046034, -0.000851538381539, 0.0038896354381], [-0.000966265564784, 0.00200248230249, -0.00189037271775, 0.00162941974122, 0.000131166889332, 0.00238190800883, -0.00454892078415, 0.0171126201749, -0.00575331924483, 0.000915472570341, 0.00220822449774, -0.00149251753464, -0.00257826340385], [9.41163380048e-05, -0.000164765850059, -0.000607784895692, -0.00215888558887, -0.0005398823414, 0.00293533108197, -0.00279887369834, -0.00575331924483, 0.018419675529, -0.0053037321195, -0.00388379837386, 0.00682408409193, -0.00279531464912], [-5.24492270415e-06, 0.00296370009892, -0.00183990690857, 0.00327801518142, -0.00208069663495, -0.00133570551407, 0.00166671536863, 0.000915472570341, -0.0053037321195, 0.021394751966, -0.0059214355424, -0.000605899782386, 0.00146867195144], [0.000975225295406, -0.00313094258308, 0.00194280967116, -0.000104234270111, 0.000992578454316, -0.00169572653249, -0.00223756046034, 0.00220822449774, -0.00388379837386, -0.0059214355424, 0.0229571796954, -0.00875812768936, -0.00347417034209], [-0.00029913338949, 0.00563440471888, -0.00370127661154, 0.000814416212961, -0.00301932590082, 0.00719199841842, -0.000851538381539, -0.00149251753464, 0.00682408409193, -0.000605899782386, -0.00875812768936, 0.0263558272272, -0.00903071369976], [0.00133067276329, -0.00246930634603, 0.00185594998766, -0.00397115619853, 0.00157464900985, -0.0033773239702, 0.0038896354381, -0.00257826340385, -0.00279531464912, 0.00146867195144, -0.00347417034209, -0.00903071369976, 0.0250781010836]]
    },
    "melbands": {
        "dmean": [0.00556880934164, 0.003256597789, 0.00040105622611, 0.000461859366624, 0.00022126136173, 0.000169268256286, 9.56625881372e-05, 0.000108042993816, 0.00026511203032, 0.00041641711141, 5.85376910749e-05, 6.67504209559e-05, 0.000103870122985, 1.99284950213e-05, 5.06678225065e-05, 3.80807323381e-05, 3.14003154926e-05, 3.211830699e-05, 1.76962548721e-05, 2.13237199205e-05, 2.24781688303e-05, 2.45807914325e-05, 1.93005162146e-05, 1.94712556549e-05, 1.50219921125e-05, 1.49927000166e-05, 1.28299388962e-05, 1.06105489976e-05, 6.34440220892e-06, 5.24321831108e-06, 3.42686234944e-06, 2.94538335766e-06, 2.91684432341e-06, 2.36522760133e-06, 2.29685770137e-06, 1.92221841644e-06, 1.83186125469e-06, 1.83500060302e-06, 1.89701574982e-06, 1.4934552155e-06],
        "dmean2": [0.00789458863437, 0.0048081795685, 0.000720714160707, 0.00081108789891, 0.000358891906217, 0.000270387332421, 0.000150733641931, 0.000167078280356, 0.000409646105254, 0.000645236927085, 9.62404810707e-05, 0.000103051614133, 0.000158834678587, 3.19342616422e-05, 7.90968042566e-05, 6.0170161305e-05, 5.08096418343e-05, 5.23066119058e-05, 2.88733190246e-05, 3.52264032699e-05, 3.73892617063e-05, 3.99420532631e-05, 3.25601031363e-05, 3.18187449011e-05, 2.46332765528e-05, 2.43612776103e-05, 2.07570810744e-05, 1.71908086486e-05, 1.02337262433e-05, 8.85306417331e-06, 5.67315692024e-06, 4.82504628962e-06, 4.65128232463e-06, 3.78174740945e-06, 3.67103848475e-06, 2.93909147331e-06, 2.9856389574e-06, 2.87865009341e-06, 3.01850832329e-06, 2.48284413829e-06],
        "dvar": [0.000134739995701, 4.6089739044e-05, 8.09529012713e-07, 2.36931236941e-06, 2.63354138497e-07, 7.77887692038e-08, 3.93855330572e-08, 2.32884005413e-08, 2.58211400705e-07, 7.66284756537e-07, 9.38222388669e-09, 1.89202715717e-08, 3.56711602478e-08, 8.80070072373e-10, 1.02356381149e-08, 5.89816728791e-09, 4.23554302742e-09, 2.93648594329e-09, 6.06770078626e-10, 1.03374864224e-09, 1.38870914768e-09, 1.58202517753e-09, 6.56416532241e-10, 6.21962370495e-10, 4.04118655206e-10, 2.99143654292e-10, 2.78813999666e-10, 1.74129280439e-10, 9.9070841808e-11, 7.64088861627e-11, 2.52665614126e-11, 1.7644356462e-11, 2.0437445139e-11, 1.69044968995e-11, 1.87303037663e-11, 1.442943421e-11, 2.23406796535e-11, 3.29582541814e-11, 3.10711664731e-11, 2.96412408507e-11],
        "dvar2": [0.000234814157011, 9.71601766651e-05, 2.27632244787e-06, 6.79031381878e-06, 7.19027809737e-07, 1.98430569753e-07, 1.02468071361e-07, 5.96795786123e-08, 6.20469734258e-07, 1.82805092663e-06, 2.50083420639e-08, 4.4339323324e-08, 7.64447563029e-08, 2.18287121712e-09, 2.30476491225e-08, 1.37326798821e-08, 1.12647340345e-08, 6.92256696411e-09, 1.51236168033e-09, 2.56023779954e-09, 3.50774875812e-09, 3.9492276116e-09, 1.61694169165e-09, 1.60302970897e-09, 1.08702602475e-09, 7.79979303367e-10, 6.96715407589e-10, 4.34469404897e-10, 2.47027509559e-10, 2.05912065177e-10, 6.22585316634e-11, 4.39946377939e-11, 4.7628269384e-11, 4.05929456715e-11, 3.9531145718e-11, 3.03792546674e-11, 5.65774406491e-11, 7.93357185502e-11, 6.76680309009e-11, 7.04582295286e-11],
        "max": [0.0687277391553, 0.0416649766266, 0.00802350975573, 0.0258575007319, 0.0083618927747, 0.00355854490772, 0.00403860909864, 0.00178282184061, 0.00618089688942, 0.00923106912524, 0.0014392369194, 0.00222834898159, 0.00408191420138, 0.000498042267282, 0.00186634412967, 0.000993234687485, 0.00117431778926, 0.000675204093568, 0.00044772203546, 0.000490989419632, 0.000541317916941, 0.000700736767612, 0.00029748788802, 0.000297570979455, 0.000217034306843, 0.000172332089278, 0.000298375962302, 0.000152421809616, 8.45176982693e-05, 9.20666061575e-05, 4.20961368945e-05, 4.08390151279e-05, 5.86462592764e-05, 0.000106856539787, 9.29259695113e-05, 8.6883919721e-05, 0.000103788370325, 0.000117711293569, 9.50535613811e-05, 8.26925024739e-05],
        "mean": [0.00614699861035, 0.00390977412462, 0.000402694975492, 0.00062788760988, 0.000430837506428, 0.000296783662634, 0.000166334604728, 0.000200734473765, 0.000430441083154, 0.000598618353251, 9.03175314306e-05, 0.000118790834676, 0.000167419115314, 3.25924847857e-05, 8.44015739858e-05, 5.98806109338e-05, 4.68812468171e-05, 4.95091480843e-05, 3.00870669889e-05, 3.85718049074e-05, 4.05839964515e-05, 4.27234444942e-05, 3.63133076462e-05, 3.77824544557e-05, 2.7972035241e-05, 2.8315344025e-05, 2.52376139542e-05, 1.90637329069e-05, 1.06283659989e-05, 8.16606552689e-06, 5.56935901841e-06, 4.7029830057e-06, 4.70381519335e-06, 4.10321581512e-06, 4.08825872e-06, 3.50457048626e-06, 3.14861540573e-06, 2.94199867312e-06, 2.4607368232e-06, 1.88086733033e-06],
        "median": [0.00113741727546, 0.000926290231291, 0.000200422058697, 0.000412136432715, 0.000272228848189, 0.000184515098226, 0.000110074150143, 0.000147246668348, 0.000179001624929, 0.000215020860196, 6.55560434097e-05, 7.05509155523e-05, 8.41563087306e-05, 2.30832592933e-05, 4.42588570877e-05, 2.93714474537e-05, 2.40596527874e-05, 2.61914719886e-05, 2.1285002731e-05, 2.73777859547e-05, 2.57852152572e-05, 2.57414394582e-05, 2.38785378315e-05, 2.35843526752e-05, 2.2035846996e-05, 2.26035535889e-05, 1.7305750589e-05, 1.31676433739e-05, 7.40939367461e-06, 5.88016109759e-06, 3.74429305339e-06, 3.2209507026e-06, 3.14350018016e-06, 2.58170825873e-06, 2.54312681136e-06, 2.15048476093e-06, 1.76918649686e-06, 1.32562240651e-06, 7.38269875455e-07, 6.09028177223e-07],
        "min": [3.14846829497e-06, 3.9029941945e-06, 2.58054524238e-06, 1.09947286546e-05, 9.9226799648e-06, 9.96732524072e-07, 3.60969625035e-06, 1.04182038285e-06, 5.74962632527e-06, 3.49786660081e-06, 2.63214724328e-06, 4.16604325437e-06, 2.31825356423e-06, 2.29709075938e-06, 1.71223496181e-06, 1.28440592562e-06, 1.47370553805e-06, 1.40873237342e-06, 1.68096653397e-06, 2.17262095248e-06, 1.56114981564e-06, 1.84852058283e-06, 2.14638703255e-06, 1.63931861152e-06, 2.38656457441e-06, 3.21862353303e-06, 1.46199522533e-06, 9.59874341788e-07, 5.11878909037e-07, 4.26592379199e-07, 1.59180771675e-07, 3.50658311277e-08, 7.25556290604e-08, 2.15686863925e-08, 2.3435614338e-08, 1.25814940688e-08, 6.27582563695e-09, 4.82892925646e-09, 7.57011231478e-10, 2.18346738259e-12],
