{
"highlevel": {
    "danceability": {
        "all": {
            "danceable": 0.958354234695,
            "not_danceable": 0.0416457876563
        },
        "probability": 0.958354234695,
        "value": "danceable"
    },
    "gender": {
        "all": {
            "female": 0.967868328094,
            "male": 0.0321316570044
        },
        "probability": 0.967868328094,
        "value": "female"
    },
    "genre_dortmund": {
        "all": {
            "alternative": 0.208533629775,
            "blues": 0.0645388141274,
            "electronic": 0.170409813523,
            "folkcountry": 0.105648323894,
            "funksoulrnb": 0.0320734009147,
            "jazz": 0.0771932974458,
            "pop": 0.101818412542,
            "raphiphop": 0.0522031411529,
            "rock": 0.187581166625
        },
        "probability": 0.208533629775,
        "value": "alternative"
    },
    "genre_electronic": {
        "all": {
            "ambient": 0.570673048496,
            "dnb": 0.119597539306,
            "house": 0.107741095126,
            "techno": 0.0145097794011,
            "trance": 0.187478557229
        },
        "probability": 0.570673048496,
        "value": "ambient"
    },
    "genre_rosamerica": {
        "all": {
            "cla": 0.00277139246464,
            "dan": 0.0175021216273,
            "hip": 0.0122465100139,
            "jaz": 0.00416407035664,
            "pop": 0.860702514648,
            "rhy": 0.0278500951827,
            "roc": 0.0736582279205,
            "spe": 0.00110506115016
        },
        "probability": 0.860702514648,
        "value": "pop"
    },
    "genre_tzanetakis": {
        "all": {
            "blu": 0.0626613423228,
            "cla": 0.0348169617355,
            "cou": 0.104475811124,
            "dis": 0.0784321576357,
            "hip": 0.15692435205,
            "jaz": 0.313974827528,
            "met": 0.0448166541755,
            "pop": 0.0627359300852,
            "reg": 0.0627360641956,
            "roc": 0.0784258767962
        },
        "probability": 0.313974827528,
        "value": "jaz"
    },
    "ismir04_rhythm": {
        "all": {
            "ChaChaCha": 0.873812258244,
            "Jive": 0.00891346205026,
            "Quickstep": 0.00965112540871,
            "Rumba-American": 0.0240112263709,
            "Rumba-International": 0.00669570919126,
            "Rumba-Misc": 0.00223583076149,
            "Samba": 0.0441143661737,
            "Tango": 0.0221975017339,
            "VienneseWaltz": 0.00684632826596,
            "Waltz": 0.00152217468712
        },
        "probability": 0.873812258244,
        "value": "ChaChaCha"
    },
    "mood_acoustic": {
        "all": {
            "acoustic": 0.333812743425,
            "not_acoustic": 0.666187226772
        },
        "probability": 0.666187226772,
        "value": "not_acoustic"
    },
    "mood_aggressive": {
        "all": {
            "aggressive": 0.348960012197,
            "not_aggressive": 0.651039958
        },
        "probability": 0.651039958,
        "value": "not_aggressive"
    },
    "mood_electronic": {
        "all": {
            "electronic": 0.752013146877,
            "not_electronic": 0.247986868024
        },
        "probability": 0.752013146877,
        "value": "electronic"
    },
    "mood_happy": {
        "all": {
            "happy": 0.483058899641,
            "not_happy": 0.516941070557
        },
        "probability": 0.516941070557,
        "value": "not_happy"
    },
    "mood_party": {
        "all": {
            "not_party": 0.640860617161,
            "party": 0.359139412642
        },
        "probability": 0.640860617161,
        "value": "not_party"
    },
    "mood_relaxed": {
        "all": {
            "not_relaxed": 0.473472207785,
            "relaxed": 0.526527822018
        },
        "probability": 0.526527822018,
        "value": "relaxed"
    },
    "mood_sad": {
        "all": {
            "not_sad": 0.601810574532,
            "sad": 0.398189425468
        },
        "probability": 0.601810574532,
        "value": "not_sad"
    },
    "moods_mirex": {
        "all": {
            "Cluster1": 0.32237893343,
            "Cluster2": 0.137122362852,
            "Cluster3": 0.131433784962,
            "Cluster4": 0.198063701391,
            "Cluster5": 0.211001217365
        },
        "probability": 0.32237893343,
        "value": "Cluster1"
    },
    "timbre": {
        "all": {
            "bright": 0.862789392471,
            "dark": 0.13721062243
        },
        "probability": 0.862789392471,
        "value": "bright"
    },
    "tonal_atonal": {
        "all": {
            "atonal": 0.0630424693227,
            "tonal": 0.936957538128
        },
        "probability": 0.936957538128,
        "value": "tonal"
    },
    "voice_instrumental": {
        "all": {
            "instrumental": 0.0763086602092,
            "voice": 0.92369133234
        },
        "probability": 0.92369133234,
        "value": "voice"
    }
},
"lowlevel": {
    "average_loudness": 0.984281539917,
    "barkbands_crest": {
        "dmean": 2.55248451233,
        "dmean2": 3.99794101715,
        "dvar": 6.22654342651,
        "dvar2": 14.4178733826,
        "max": 22.5371074677,
        "mean": 9.96341705322,
        "median": 9.33772945404,
        "min": 2.36133766174,
        "var": 16.8149604797
    },
    "barkbands_flatness_db": {
        "dmean": 0.0263199284673,
        "dmean2": 0.0378220975399,
        "dvar": 0.000674804963637,
        "dvar2": 0.0011816752376,
        "max": 0.362114161253,
        "mean": 0.155793771148,
        "median": 0.152256071568,
        "min": 0.0404961146414,
        "var": 0.00253546773456
    },
    "barkbands_kurtosis": {
        "dmean": 2.4590818882,
        "dmean2": 3.83914136887,
        "dvar": 15.3566160202,
        "dvar2": 32.3875694275,
        "max": 59.9426994324,
        "mean": 2.85700035095,
        "median": 1.14154815674,
        "min": -1.81575286388,
        "var": 28.0834217072
    },
    "barkbands_skewness": {
        "dmean": 0.577769219875,
        "dmean2": 0.841547727585,
        "dvar": 0.302095413208,
        "dvar2": 0.619283020496,
        "max": 6.95931434631,
        "mean": 1.27386045456,
        "median": 1.09789073467,
        "min": -0.951928555965,
        "var": 1.09901320934
    },
    "barkbands_spread": {
        "dmean": 6.4220700264,
        "dmean2": 9.72504234314,
        "dvar": 57.9246940613,
        "dvar2": 122.797225952,
        "max": 104.95854187,
        "mean": 21.4670658112,
        "median": 19.174659729,
        "min": 1.65726327896,
        "var": 140.920150757
    },
    "dissonance": {
        "dmean": 0.0301307439804,
        "dmean2": 0.0501987971365,
        "dvar": 0.000689632259309,
        "dvar2": 0.00185209605843,
        "max": 0.499975830317,
        "mean": 0.443764477968,
        "median": 0.450962245464,
        "min": 0.269968926907,
        "var": 0.00141330179758
    },
    "dynamic_complexity": 1.41106772423,
    "erbbands_crest": {
        "dmean": 3.53514409065,
        "dmean2": 5.58456707001,
        "dvar": 9.65919685364,
        "dvar2": 21.7334327698,
        "max": 32.4992790222,
        "mean": 10.8052091599,
        "median": 9.66241264343,
        "min": 3.04849481583,
        "var": 26.1355686188
    },
    "erbbands_flatness_db": {
        "dmean": 0.0229568872601,
        "dmean2": 0.0335241109133,
        "dvar": 0.000511787482537,
        "dvar2": 0.00104409293272,
        "max": 0.354859441519,
        "mean": 0.17168456316,
        "median": 0.166121646762,
        "min": 0.0850222110748,
        "var": 0.00173412938602
    },
    "erbbands_kurtosis": {
        "dmean": 1.48552036285,
        "dmean2": 2.37015891075,
        "dvar": 3.83933210373,
        "dvar2": 9.36131191254,
        "max": 26.9456520081,
        "mean": 1.66766154766,
        "median": 0.936866760254,
        "min": -1.73353087902,
        "var": 8.02620887756
    },
    "erbbands_skewness": {
        "dmean": 0.428939908743,
        "dmean2": 0.658856809139,
        "dvar": 0.164669945836,
        "dvar2": 0.381826937199,
        "max": 3.67902064323,
        "mean": 0.574391841888,
        "median": 0.541213393211,
        "min": -2.39131402969,
        "var": 0.430225759745
    },
    "erbbands_spread": {
        "dmean": 10.2385501862,
        "dmean2": 15.5225915909,
        "dvar": 139.908798218,
        "dvar2": 317.321563721,
        "max": 137.949554443,
        "mean": 31.1228408813,
        "median": 27.1496067047,
        "min": 2.45737504959,
        "var": 360.43560791
    },
    "hfc": {
        "dmean": 10.5064001083,
        "dmean2": 13.6469974518,
        "dvar": 193.169311523,
        "dvar2": 287.302734375,
        "max": 162.052993774,
        "mean": 26.9001293182,
        "median": 21.4072380066,
        "min": 1.3083884716,
        "var": 539.151794434
    },
    "melbands_crest": {
        "dmean": 3.3149034977,
        "dmean2": 5.14208698273,
        "dvar": 11.0557403564,
        "dvar2": 27.4453697205,
        "max": 32.8309211731,
        "mean": 15.1731300354,
        "median": 14.4575395584,
        "min": 2.93160843849,
        "var": 29.5999889374
    },
    "melbands_flatness_db": {
        "dmean": 0.0344954952598,
        "dmean2": 0.0477214828134,
        "dvar": 0.00113899959251,
        "dvar2": 0.00188048230484,
        "max": 0.49442628026,
        "mean": 0.21299213171,
        "median": 0.209321424365,
        "min": 0.0386100523174,
        "var": 0.0051895249635
    },
    "melbands_kurtosis": {
        "dmean": 6.32328701019,
        "dmean2": 9.79229259491,
        "dvar": 101.084640503,
        "dvar2": 224.096221924,
        "max": 114.284042358,
        "mean": 9.25439453125,
        "median": 4.53460693359,
        "min": -1.72487092018,
        "var": 191.815490723
    },
    "melbands_skewness": {
        "dmean": 0.80623716116,
        "dmean2": 1.19396281242,
        "dvar": 0.643944203854,
        "dvar2": 1.36431419849,
        "max": 9.37861919403,
        "mean": 2.13267850876,
        "median": 1.79808223248,
        "min": -0.649313986301,
        "var": 2.32103729248
    },
    "melbands_spread": {
        "dmean": 7.31137084961,
        "dmean2": 10.6536808014,
        "dvar": 86.4970626831,
        "dvar2": 158.355239868,
        "max": 157.117523193,
        "mean": 23.3975524902,
        "median": 20.4522800446,
        "min": 1.40342438221,
        "var": 228.904541016
    },
    "pitch_salience": {
        "dmean": 0.0669636875391,
        "dmean2": 0.104392707348,
        "dvar": 0.00402712449431,
        "dvar2": 0.00907457340509,
        "max": 0.808430373669,
        "mean": 0.498847365379,
        "median": 0.49342623353,
        "min": 0.177038356662,
        "var": 0.0126548986882
    },
    "silence_rate_20dB": {
        "dmean": 0,
        "dmean2": 0,
        "dvar": 0,
        "dvar2": 0,
        "max": 1,
        "mean": 1,
        "median": 1,
        "min": 1,
        "var": 0
    },
    "silence_rate_30dB": {
        "dmean": 0.0030959751457,
        "dmean2": 0.00619674660265,
        "dvar": 0.00308635202236,
        "dvar2": 0.00925672333688,
        "max": 1,
        "mean": 0.998453199863,
        "median": 1,
        "min": 0,
        "var": 0.00154439115431
    },
    "silence_rate_60dB": {
        "dmean": 0.00154798757285,
        "dmean2": 0.00309837330133,
        "dvar": 0.00154558429495,
        "dvar2": 0.00463792309165,
        "max": 1,
        "mean": 0.00077339517884,
        "median": 0,
        "min": 0,
        "var": 0.000772795872763
    },
    "spectral_centroid": {
        "dmean": 251.815597534,
        "dmean2": 368.399963379,
        "dvar": 85275.2109375,
        "dvar2": 161838.359375,
        "max": 3867.66723633,
        "mean": 1208.38720703,
        "median": 1098.91516113,
        "min": 226.095123291,
        "var": 289080.125
    },
    "spectral_complexity": {
        "dmean": 3.97058820724,
        "dmean2": 5.58791637421,
        "dvar": 27.3333530426,
        "dvar2": 33.8750839233,
        "max": 61,
        "mean": 19.2575397491,
        "median": 17,
        "min": 4,
        "var": 101.442306519
    },
    "spectral_decrease": {
        "dmean": 2.58975862977e-09,
        "dmean2": 3.87092935483e-09,
        "dvar": 8.98256189405e-18,
        "dvar2": 1.96311515686e-17,
        "max": -4.28415913856e-10,
        "mean": -9.75441594164e-09,
        "median": -8.71630501109e-09,
        "min": -2.94021198499e-08,
        "var": 2.54091835095e-17
    },
    "spectral_energy": {
        "dmean": 0.0103783514351,
        "dmean2": 0.0153266480193,
        "dvar": 0.00013610838505,
        "dvar2": 0.000291002594167,
        "max": 0.114052765071,
        "mean": 0.0392553694546,
        "median": 0.0351236835122,
        "min": 0.00209844461642,
        "var": 0.000392541667679
    },
    "spectral_energyband_high": {
        "dmean": 0.000717313494533,
        "dmean2": 0.00102012150455,
        "dvar": 1.28830959056e-06,
        "dvar2": 2.12117151932e-06,
        "max": 0.0124412439764,
        "mean": 0.00104913872201,
        "median": 0.000453942513559,
        "min": 4.60424985249e-07,
        "var": 2.75589104604e-06
    },
    "spectral_energyband_low": {
        "dmean": 0.0070672351867,
        "dmean2": 0.0109414486215,
        "dvar": 0.000130300759338,
        "dvar2": 0.00031761356513,
        "max": 0.0952880904078,
        "mean": 0.0186741016805,
        "median": 0.0134233022109,
        "min": 6.75329101796e-06,
        "var": 0.000293006800348
    },
    "spectral_energyband_middle_high": {
        "dmean": 0.00438869744539,
        "dmean2": 0.00574694434181,
        "dvar": 2.93841385428e-05,
        "dvar2": 5.0137143262e-05,
        "max": 0.0559787787497,
        "mean": 0.0096688112244,
        "median": 0.00617443304509,
        "min": 9.29053348955e-05,
        "var": 9.82633646345e-05
    },
    "spectral_energyband_middle_low": {
        "dmean": 0.00409931410104,
        "dmean2": 0.00627251341939,
        "dvar": 2.18215009227e-05,
        "dvar2": 5.50506847503e-05,
        "max": 0.0690381005406,
        "mean": 0.0109995026141,
        "median": 0.00944485329092,
        "min": 0.000369573099306,
        "var": 4.88042933284e-05
    },
    "spectral_entropy": {
        "dmean": 0.231398880482,
        "dmean2": 0.336251527071,
        "dvar": 0.0602943859994,
        "dvar2": 0.1138336882,
        "max": 8.76055908203,
        "mean": 7.49827957153,
        "median": 7.50409221649,
        "min": 5.99706935883,
        "var": 0.178423717618
    },
    "spectral_flux": {
        "dmean": 0.0294836089015,
        "dmean2": 0.046586163342,
        "dvar": 0.000795310421381,
        "dvar2": 0.00164163601585,
        "max": 0.300697058439,
        "mean": 0.0975597575307,
        "median": 0.0875091999769,
        "min": 0.0179636366665,
        "var": 0.00201068189926
    },
    "spectral_kurtosis": {
        "dmean": 2.64702486992,
        "dmean2": 4.09227275848,
        "dvar": 15.6797113419,
        "dvar2": 37.2586555481,
        "max": 60.7599983215,
        "mean": 5.00634717941,
        "median": 3.76062583923,
        "min": -1.64466583729,
        "var": 24.2697296143
    },
    "spectral_rms": {
        "dmean": 0.00080276816152,
        "dmean2": 0.00115825538523,
        "dvar": 6.64208130274e-07,
        "dvar2": 1.34347806124e-06,
        "max": 0.0105485059321,
        "mean": 0.00599173363298,
        "median": 0.00585380289704,
        "min": 0.00143082602881,
        "var": 2.39700011662e-06
    },
    "spectral_rolloff": {
        "dmean": 461.797210693,
        "dmean2": 736.650024414,
        "dvar": 873973.1875,
        "dvar2": 1981811.75,
        "max": 11283.3984375,
        "mean": 1239.08447266,
        "median": 882.861328125,
        "min": 64.599609375,
        "var": 1435309.5
    },
    "spectral_skewness": {
        "dmean": 0.366008073092,
        "dmean2": 0.539949595928,
        "dvar": 0.159438684583,
        "dvar2": 0.34545263648,
        "max": 5.49595451355,
        "mean": 1.72970974445,
        "median": 1.64622795582,
        "min": 0.0642797574401,
        "var": 0.388925045729
    },
    "spectral_spread": {
        "dmean": 843644.9375,
        "dmean2": 1208515.625,
        "dvar": 1.085816832e+12,
        "dvar2": 2.00190800691e+12,
        "max": 18047140,
        "mean": 4693984.5,
        "median": 4575044.5,
        "min": 940990.9375,
        "var": 3.1596567593e+12
    },
    "spectral_strongpeak": {
        "dmean": 0.649645447731,
        "dmean2": 1.09454512596,
        "dvar": 1.13410818577,
        "dvar2": 2.51404452324,
        "max": 7.62464570999,
        "mean": 1.0280854702,
        "median": 0.441398382187,
        "min": 0,
        "var": 1.84660279751
    },
    "zerocrossingrate": {
        "dmean": 0.0119575997815,
        "dmean2": 0.0137380631641,
        "dvar": 0.000202914350666,
        "dvar2": 0.000203068295377,
        "max": 0.35986328125,
        "mean": 0.0522925443947,
        "median": 0.04541015625,
        "min": 0.0048828125,
        "var": 0.0010521733202
    },
    "barkbands": {
        "dmean": [0.000751141516957, 0.00558729795739, 0.00250422907993, 0.000658377539366, 0.00113430735655, 0.000711265660357, 0.000576647580601, 0.00166847428773, 0.00112258910667, 0.00268290517852, 0.000576912076212, 0.000822841015179, 0.000851346412674, 0.000634272466414, 0.000487306737341, 0.000276732782368, 0.000245365634328, 0.000271489348961, 0.000186046017916, 0.000148654202349, 0.000142632881762, 0.000194018997718, 0.000154153676704, 0.000111572793685, 0.000104772858322, 2.0219862563e-05, 1.38158791074e-08],
        "dmean2": [0.00115934456699, 0.00864011514932, 0.00413258839399, 0.00116132979747, 0.00168861832935, 0.0010760758305, 0.000849426491186, 0.00264074909501, 0.00176579202525, 0.00398040097207, 0.000878412509337, 0.00122929352801, 0.00126814399846, 0.000976664363407, 0.000741685682442, 0.000426856800914, 0.000343547144439, 0.000394446047721, 0.000280343258055, 0.000220286179683, 0.000195868982701, 0.000290875963401, 0.000243376707658, 0.000166449608514, 0.000150698528159, 3.01369491353e-05, 2.26224550204e-08],
        "dvar": [1.93883602151e-06, 9.7051692137e-05, 3.54238800355e-05, 3.13261512019e-06, 2.51664437201e-06, 1.11920132895e-06, 5.58283602459e-07, 6.10525466982e-06, 4.70232544103e-06, 1.9616292775e-05, 2.38421716858e-06, 2.19027128878e-06, 1.5181734625e-06, 9.97422716864e-07, 7.20235561857e-07, 2.7033479455e-07, 3.06845464593e-07, 4.13041334468e-07, 1.57628477382e-07, 7.30411713334e-08, 1.03070270541e-07, 7.76567716798e-08, 4.31898747877e-08, 6.18447586476e-08, 1.31356216571e-07, 4.46013892486e-09, 5.24569283004e-15],
        "dvar2": [4.38910501543e-06, 0.000247583840974, 0.000104354963696, 9.24657342694e-06, 5.63751336813e-06, 2.43836188929e-06, 1.24706082261e-06, 1.57175836648e-05, 1.09074007923e-05, 4.39511204604e-05, 3.81480549549e-06, 4.63875858259e-06, 3.27188126903e-06, 2.40226313508e-06, 1.54490294335e-06, 6.09833421095e-07, 5.28181431037e-07, 8.1450957623e-07, 3.33715433953e-07, 1.44193919027e-07, 1.65864832979e-07, 1.49749084244e-07, 9.11074096166e-08, 1.41862145142e-07, 2.49798148388e-07, 8.46759462547e-09, 1.01698104487e-14],
        "max": [0.0120229469612, 0.0827783942223, 0.0516643635929, 0.0178302787244, 0.016172233969, 0.0122061222792, 0.00925441179425, 0.0299579594284, 0.048224426806, 0.0542792081833, 0.0471051819623, 0.019817635417, 0.011504130438, 0.00970683153719, 0.00884311459959, 0.00503768632188, 0.00664168363437, 0.00661502825096, 0.00461917696521, 0.00356660899706, 0.00370067125186, 0.00296768150292, 0.00157200335525, 0.00424145488068, 0.00668882625178, 0.00138816703111, 1.61502532592e-06],
        "mean": [0.00132657063659, 0.012009463273, 0.00482103228569, 0.000879986851942, 0.00198233034462, 0.00134149601217, 0.00117934995797, 0.00252684694715, 0.00182970438618, 0.00402643159032, 0.000813484191895, 0.00118070701137, 0.00128656497691, 0.000834690057673, 0.000674229930155, 0.00039070440107, 0.000347387045622, 0.000355495983968, 0.000289234798402, 0.000229985264014, 0.000200551876333, 0.000210050755413, 0.000197202753043, 0.000151283253217, 0.000144825229654, 2.57767205767e-05, 1.10569597922e-08],
        "median": [0.000309780880343, 0.00715692620724, 0.00332726957276, 0.000441247451818, 0.00133373914286, 0.000790832040366, 0.000745031866245, 0.00158136268146, 0.000903861946426, 0.00177399499808, 0.00028522926732, 0.000321705651004, 0.00050849566469, 0.000381219724659, 0.000196999506443, 0.000145258774864, 0.000105092847662, 0.000115816525067, 0.0001077469351, 9.88309402601e-05, 7.53826316213e-05, 3.19997525366e-05, 8.11323552625e-05, 6.66698542773e-05, 3.84101476811e-05, 3.71433748114e-06, 6.49432063682e-10],
        "min": [3.61254670622e-08, 1.10112364382e-06, 2.40227109316e-06, 2.24752440658e-07, 3.90602144762e-06, 1.54500003191e-06, 7.78080993769e-06, 3.49705101144e-06, 1.17973058877e-06, 1.22281480799e-05, 2.81968073068e-06, 1.57954082169e-06, 2.16330954572e-06, 1.06254776711e-06, 1.64062339536e-06, 1.45161720866e-06, 7.98360986209e-07, 1.49753600454e-06, 5.78893661896e-07, 1.92068455362e-07, 4.94829350828e-08, 6.82634127003e-09, 1.52253765151e-08, 8.54353199298e-10, 2.4915503688e-11, 1.54207376035e-11, 8.13050408249e-12],
        "var": [4.15269369114e-06, 0.000196142107598, 3.21501720464e-05, 2.30304044635e-06, 4.56721409137e-06, 2.63256674771e-06, 1.6617844949e-06, 8.78073569766e-06, 9.99236908683e-06, 3.74428200303e-05, 4.59827788291e-06, 4.30202362622e-06, 3.06070410261e-06, 1.3657696627e-06, 1.18865955301e-06, 4.27119573487e-07, 5.32702529199e-07, 6.00752912305e-07, 2.88344324417e-07, 1.46320729755e-07, 1.94425155087e-07, 1.41553044841e-07, 7.28393843019e-08, 7.96109631551e-08, 2.1741355738e-07, 7.74442199258e-09, 4.62808468578e-15]
    },
    "erbbands": {
        "dmean": [0.235506042838, 1.08702266216, 2.73573327065, 2.67703819275, 1.36155903339, 3.75820708275, 10.2343244553, 3.63808751106, 6.99427509308, 15.6387653351, 39.7514533997, 26.5675849915, 54.4501991272, 68.1818084717, 21.9832496643, 38.9696083069, 29.1255054474, 43.7804107666, 28.2475471497, 15.5479774475, 12.3931179047, 11.9161052704, 14.8915958405, 10.1080636978, 8.26974487305, 7.04580545425, 6.17767238617, 5.22756433487, 7.03815078735, 4.99277734756, 4.79409980774, 2.91180562973, 1.77446866035, 1.50020647049, 0.571852564812, 0.154443085194, 0.0225249417126, 0.00117319950368, 3.66831081919e-05, 1.47221053339e-05],
        "dmean2": [0.384607166052, 1.61735260487, 4.4039478302, 4.60699462891, 2.04115438461, 5.78366994858, 14.6735057831, 5.97482728958, 10.084239006, 24.6478996277, 62.8224258423, 41.2366638184, 86.4537124634, 96.8175201416, 33.4261131287, 58.1968002319, 43.4244880676, 65.859664917, 42.5289764404, 23.2352294922, 17.9567546844, 15.9970760345, 21.1761798859, 14.5812063217, 11.6859331131, 10.3438110352, 8.49650859833, 7.65811777115, 10.5794963837, 7.84611225128, 7.60865163803, 4.36218309402, 2.63801026344, 2.24076509476, 0.834284186363, 0.23106071353, 0.0324952714145, 0.0019118420314, 5.54467478651e-05, 2.11509031942e-05],
        "dvar": [0.208280175924, 4.16699981689, 36.3142700195, 50.3109512329, 8.30723571777, 29.2459068298, 240.538360596, 28.9911994934, 90.2395706177, 560.655273438, 4508.57714844, 2900.26391602, 16166.6767578, 15867.1396484, 1366.47485352, 5360.22851562, 1837.18823242, 4205.25830078, 2394.14331055, 610.836303711, 714.416870117, 786.794616699, 1204.46679688, 424.183959961, 347.470001221, 162.990463257, 181.067672729, 112.63848114, 117.826370239, 51.7637748718, 38.8510169983, 21.1261482239, 23.3986167908, 28.3522853851, 3.40089201927, 0.268388718367, 0.00446502584964, 1.26634204207e-05, 8.36260483084e-09, 2.80703071898e-10],
        "dvar2": [0.53826546669, 10.7690544128, 104.797904968, 148.322753906, 17.0504550934, 65.4535675049, 497.61138916, 76.609588623, 185.19052124, 1435.08581543, 11770.7451172, 6506.90771484, 43474.75, 29977.6269531, 3022.97265625, 11155.9003906, 3722.93066406, 9359.9921875, 5110.80224609, 1309.55175781, 1350.33642578, 1312.25720215, 2310.36279297, 792.178955078, 674.99230957, 301.605407715, 290.015899658, 184.242996216, 228.180740356, 108.934524536, 83.8887252808, 43.1896476746, 55.1257629395, 57.0998268127, 7.08766889572, 0.513288199902, 0.00813902914524, 2.8441178074e-05, 1.61046962432e-08, 5.24597032481e-10],
        "max": [3.62961554527, 20.1784057617, 57.6497993469, 56.1717910767, 25.4487991333, 57.8676834106, 180.498825073, 46.5655632019, 118.787452698, 262.891937256, 812.501464844, 1249.3215332, 2255.8581543, 1744.34912109, 595.466552734, 1020.73706055, 384.572692871, 741.0546875, 545.876281738, 259.609588623, 285.124084473, 352.105773926, 386.656585693, 234.82460022, 285.93737793, 159.748779297, 153.149368286, 147.559387207, 121.854804993, 55.6593666077, 48.9887504578, 55.2335853577, 85.8588180542, 97.9522781372, 36.3107719421, 10.7971754074, 1.3031014204, 0.054686807096, 0.00145808130037, 0.000212225291762],
        "mean": [0.38353022933, 2.49465656281, 5.80950832367, 4.43535041809, 2.09183740616, 6.28982162476, 19.9160919189, 6.43370246887, 15.5163698196, 27.6277770996, 58.2947540283, 47.1010284424, 84.4616394043, 107.590873718, 37.2338066101, 58.5371398926, 47.3844718933, 62.8028068542, 42.8104667664, 24.7658748627, 18.5115623474, 17.0903587341, 20.3523578644, 16.5655841827, 13.1776781082, 10.9326143265, 9.16951370239, 6.95983839035, 7.53290081024, 5.62058925629, 6.13211488724, 3.85074949265, 2.37809276581, 2.01967406273, 0.767911195755, 0.204570323229, 0.0288971755654, 0.001434257254, 6.56954944134e-05, 5.10866884724e-05],
        "median": [0.168466642499, 1.32329583168, 4.10561847687, 2.92034816742, 0.927765727043, 3.80997061729, 11.9338502884, 4.40117549896, 9.56929397583, 18.68400383, 31.5220985413, 24.0839710236, 34.4920539856, 41.2079238892, 17.972366333, 17.8776130676, 22.3670749664, 28.9135494232, 14.6792497635, 10.5518465042, 6.72412347794, 5.21597957611, 6.85992479324, 7.28036260605, 4.63268947601, 4.65615749359, 3.7982070446, 2.33775520325, 1.2195045948, 1.23773002625, 2.60811090469, 1.77469968796, 0.968062996864, 0.596294164658, 0.185591518879, 0.0373523905873, 0.00399931613356, 0.000149371597217, 3.09423376166e-05, 4.45184705313e-05],
        "min": [1.45343137774e-05, 0.000491935003083, 0.00539678661153, 0.00391778210178, 0.00648772576824, 0.0164481382817, 0.0103919198737, 0.0182443615049, 0.143425807357, 0.175622612238, 0.111776299775, 0.0948408171535, 0.289859235287, 0.59651106596, 0.165571674705, 0.111281044781, 0.120075844228, 0.0771747902036, 0.0590439960361, 0.0825832560658, 0.0854072198272, 0.0917102470994, 0.0698038339615, 0.045232784003, 0.019126502797, 0.0100350314751, 0.00635040458292, 0.00202967808582, 0.000493663654197, 0.00150699715596, 0.000482070550788, 5.18854321854e-05, 2.90082243737e-05, 2.45248538704e-05, 8.27176609164e-06, 5.59402951694e-06, 3.27556085722e-06, 4.89224078137e-07, 2.74591138805e-06, 3.65239020539e-06],
        "var": [0.315868586302, 8.60090923309, 39.635383606, 37.1085853577, 11.7414083481, 54.5699996948, 595.754760742, 40.8469657898, 321.234558105, 945.207092285, 5861.48144531, 6600.85693359, 28321.1777344, 36174.171875, 2558.10083008, 10616.2939453, 3954.74243164, 7078.64941406, 4178.96777344, 1230.39611816, 1191.18737793, 1372.28967285, 1833.31201172, 817.00579834, 695.059814453, 342.728393555, 341.883544922, 223.87197876, 209.696640015, 86.0218811035, 63.5170021057, 35.5908966064, 27.8351974487, 42.2765731812, 5.56280851364, 0.472118556499, 0.00825088936836, 2.35693605646e-05, 1.63754982907e-08, 7.87912013411e-10]
    },
    "gfcc": {
        "mean": [19.0828094482, 108.874916077, -121.173118591, 30.5842819214, -64.1139221191, 35.703868866, -31.6333389282, 20.7122688293, -16.7677307129, 3.76800894737, -5.5328502655, -8.1155090332, -4.68107366562],
        "cov": [[2412.95483398, -1251.55664062, -332.408721924, 170.206558228, -260.376922607, 244.613769531, -196.570571899, 80.3833389282, -242.653198242, 138.269897461, -160.997756958, 159.736328125, -45.7308540344], [-1251.55664062, 1318.2265625, 134.989059448, -208.719650269, 309.34185791, -131.583221436, 214.8203125, -69.8473510742, 171.979019165, -133.387466431, 182.962371826, -155.7943573, 69.9242782593], [-332.408721924, 134.989059448, 596.234130859, 68.3608779907, 33.2354850769, 13.8017034531, -65.2829589844, 77.6471176147, 53.4294929504, 16.3163719177, -56.3007278442, 9.96987056732, -9.14160823822], [170.206558228, -208.719650269, 68.3608779907, 372.499359131, -43.9509391785, 16.1263122559, -29.6882228851, -61.0757064819, 65.8404998779, -19.1773357391, -37.9911460876, 44.1150512695, 9.15283870697], [-260.376922607, 309.34185791, 33.2354850769, -43.9509391785, 316.648376465, -46.7046928406, 24.363161087, 35.4526367188, 3.95315337181, 2.10133481026, 48.3660049438, -17.9194869995, 34.5814208984], [244.613769531, -131.583221436, 13.8017034531, 16.1263122559, -46.7046928406, 181.335342407, 41.5568733215, -20.782617569, -1.71460449696, 22.6672077179, -6.66301393509, -8.86725521088, -9.5225353241], [-196.570571899, 214.8203125, -65.2829589844, -29.6882228851, 24.363161087, 41.5568733215, 242.729217529, -31.9026966095, 24.2903594971, -20.1094169617, 34.4146690369, -28.4458961487, -10.7751312256], [80.3833389282, -69.8473510742, 77.6471176147, -61.0757064819, 35.4526367188, -20.782617569, -31.9026966095, 225.64881897, -15.142824173, 18.6845588684, -26.8359642029, -28.7098255157, 24.6670475006], [-242.653198242, 171.979019165, 53.4294929504, 65.8404998779, 3.95315337181, -1.71460449696, 24.2903594971, -15.142824173, 183.887237549, -19.7764282227, -6.54894685745, -29.7826976776, 4.8643245697], [138.269897461, -133.387466431, 16.3163719177, -19.1773357391, 2.10133481026, 22.6672077179, -20.1094169617, 18.6845588684, -19.7764282227, 116.381217957, 2.87285685539, 14.9191884995, -24.7535247803], [-160.997756958, 182.962371826, -56.3007278442, -37.9911460876, 48.3660049438, -6.66301393509, 34.4146690369, -26.8359642029, -6.54894685745, 2.87285685539, 132.812393188, -0.997291564941, 14.7446908951], [159.736328125, -155.7943573, 9.96987056732, 44.1150512695, -17.9194869995, -8.86725521088, -28.4458961487, -28.7098255157, -29.7826976776, 14.9191884995, -0.997291564941, 120.703102112, -7.21617460251], [-45.7308540344, 69.9242782593, -9.14160823822, 9.15283870697, 34.5814208984, -9.5225353241, -10.7751312256, 24.6670475006, 4.8643245697, -24.7535247803, 14.7446908951, -7.21617460251, 114.531852722]],
        "icov": [[0.00129572546575, -0.00026787360548, 0.00126178585924, -0.000917484459933, 0.000455340341432, -0.00210129469633, 0.0010944143869, -0.00122588383965, 0.0013515810715, -0.000925876840483, 0.00144378212281, -0.00146760290954, 0.000373882183339], [-0.00026787360548, 0.00575760379434, -0.0030450951308, 0.00353346322663, -0.00321753276512, 0.00423924718052, -0.00355017581023, 0.00381524139084, -0.0041063092649, 0.0043451199308, -0.00551587110385, 0.00494454056025, -0.00184413173702], [0.00126178585924, -0.0030450951308, 0.00460171373561, -0.00280810543336, 0.00156536407303, -0.00430854409933, 0.00317121739499, -0.00367165100761, 0.0025303484872, -0.00296523515135, 0.00449964590371, -0.00403853831813, 0.00163080380298], [-0.000917484459933, 0.00353346322663, -0.00280810543336, 0.00606334209442, -0.00194948120043, 0.0033809710294, -0.00236571952701, 0.00385734229349, -0.00446184817702, 0.00348544004373, -0.00322962692007, 0.00243748072535, -0.00190373766236], [0.000455340341432, -0.00321753276512, 0.00156536407303, -0.00194948120043, 0.00565726542845, -0.00176954269409, 0.00165452808142, -0.00271511520259, 0.00258358125575, -0.00305379275233, 0.00212631584145, -0.00267986441031, 9.97543975245e-05], [-0.00210129469633, 0.00423924718052, -0.00430854409933, 0.0033809710294, -0.00176954269409, 0.0124578131363, -0.00542693305761, 0.00502741197124, -0.00424252916127, 0.00249678501859, -0.00552256871015, 0.00640765205026, -0.00223001977429], [0.0010944143869, -0.00355017581023, 0.00317121739499, -0.00236571952701, 0.00165452808142, -0.00542693305761, 0.00791655946523, -0.00278539443389, 0.00262548937462, -0.00209527416155, 0.00329692638479, -0.0033096652478, 0.00224320520647], [-0.00122588383965, 0.00381524139084, -0.00367165100761, 0.00385734229349, -0.00271511520259, 0.00502741197124, -0.00278539443389, 0.00911772996187, -0.00314997299574, 0.0022835736163, -0.00321799446829, 0.00565267726779, -0.00301030091941], [0.0013515810715, -0.0041063092649, 0.0025303484872, -0.00446184817702, 0.00258358125575, -0.00424252916127, 0.00262548937462, -0.00314997299574, 0.0105874398723, -0.00335845304653, 0.00503979250789, -0.00257212831639, 0.00141140900087], [-0.000925876840483, 0.0043451199308, -0.00296523515135, 0.00348544004373, -0.00305379275233, 0.00249678501859, -0.00209527416155, 0.0022835736163, -0.00335845304653, 0.0138875693083, -0.00567729678005, 0.00304999900982, 0.000970187305938], [0.00144378212281, -0.00551587110385, 0.00449964590371, -0.00322962692007, 0.00212631584145, -0.00552256871015, 0.00329692638479, -0.00321799446829, 0.00503979250789, -0.00567729678005, 0.0155609557405, -0.00618845503777, 0.000629078771453], [-0.00146760290954, 0.00494454056025, -0.00403853831813, 0.00243748072535, -0.00267986441031, 0.00640765205026, -0.0033096652478, 0.00565267726779, -0.00257212831639, 0.00304999900982, -0.00618845503777, 0.0155208148062, -0.00176575710066], [0.000373882183339, -0.00184413173702, 0.00163080380298, -0.00190373766236, 9.97543975245e-05, -0.00223001977429, 0.00224320520647, -0.00301030091941, 0.00141140900087, 0.000970187305938, 0.000629078771453, -0.00176575710066, 0.0108900163323]]
    },
    "melbands": {
        "dmean": [0.0017393718008, 0.00131911237258, 0.000410935492255, 0.000148635503137, 0.000326554116327, 8.92687312444e-05, 0.000110660534119, 0.00019779127615, 0.000332191644702, 0.000155539790285, 0.000284339650534, 0.000299854960758, 7.5339608884e-05, 9.67676241999e-05, 6.90121087246e-05, 8.77753845998e-05, 7.86602759035e-05, 4.60226910945e-05, 2.77839553746e-05, 2.34682738665e-05, 1.46226666402e-05, 1.31123988467e-05, 1.26831500893e-05, 1.52558495756e-05, 8.27651911095e-06, 7.19831814422e-06, 5.44684462511e-06, 4.83454823552e-06, 4.18940862801e-06, 3.55867973667e-06, 2.84705788545e-06, 4.08243249694e-06, 4.18089439336e-06, 2.29747479352e-06, 2.93305674859e-06, 2.35224842982e-06, 1.65068422575e-06, 1.24346445318e-06, 1.33372066102e-06, 1.31967340167e-06],
        "dmean2": [0.00275847921148, 0.00201778509654, 0.000691164808813, 0.000222975257202, 0.000470182712888, 0.000142311080708, 0.000158982817084, 0.000311009585857, 0.000526663439814, 0.00024316906638, 0.000449916464277, 0.00042700296035, 0.000115315539006, 0.000142330580275, 0.000106205945485, 0.000129332838696, 0.000119485011965, 7.0240610512e-05, 4.26752703788e-05, 3.70273664885e-05, 2.09869376704e-05, 1.81364357559e-05, 1.77099282155e-05, 2.25797102757e-05, 1.25396500152e-05, 1.06445504571e-05, 7.88104625826e-06, 7.17978809917e-06, 6.03533635513e-06, 5.05751722812e-06, 4.30544469054e-06, 6.15254930381e-06, 6.50053425488e-06, 3.68755809177e-06, 4.72965439258e-06, 3.52582128471e-06, 2.55863005805e-06, 1.93607434085e-06, 2.06110939871e-06, 1.91809635908e-06],
        "dvar": [1.01749046735e-05, 6.36536788079e-06, 1.10309622414e-06, 5.11387909796e-08, 2.23115151243e-07, 1.54832946464e-08, 2.18618172454e-08, 8.41776781613e-08, 3.07197808525e-07, 9.25063545765e-08, 4.11486354324e-07, 3.09700766365e-07, 2.76107297026e-08, 2.82631535953e-08, 1.24199157625e-08, 1.61433995061e-08, 1.39887363915e-08, 5.89949200602e-09, 2.26197993669e-09, 1.88768067844e-09, 1.19256493569e-09, 1.02600905549e-09, 8.95735929873e-10, 1.17282983325e-09, 2.78787104513e-10, 2.73220696068e-10, 1.29701999141e-10, 7.00529009801e-11, 7.85346440657e-11, 6.87803633492e-11, 3.07648247155e-11, 4.19917538241e-11, 3.52276749438e-11, 1.22850531831e-11, 1.54126503227e-11, 8.85060687933e-12, 9.82258632071e-12, 1.11679554493e-11, 2.54458936561e-11, 2.11850172821e-11],
        "dvar2": [2.61948989646e-05, 1.72746294993e-05, 3.19876880894e-06, 1.12359622051e-07, 4.7236741807e-07, 3.87904677268e-08, 4.50348167647e-08, 2.13773560631e-07, 7.98573466909e-07, 2.10761982089e-07, 1.10009227683e-06, 5.85289683386e-07, 5.37830260328e-08, 6.11235790871e-08, 2.65648996134e-08, 3.46443442822e-08, 3.20626156736e-08, 1.3109290542e-08, 4.7780455148e-09, 4.58114834956e-09, 2.22311413722e-09, 1.7823255094e-09, 1.64406732672e-09, 2.43416242718e-09, 5.81606929284e-10, 5.67240643345e-10, 2.54477189321e-10, 1.35885885877e-10, 1.38979147635e-10, 1.071236988e-10, 5.4124905946e-11, 8.2354359443e-11, 7.53679965659e-11, 2.70663942648e-11, 3.44721647061e-11, 1.85112480899e-11, 2.17721708717e-11, 2.71778606564e-11, 6.10495265452e-11, 4.00192622096e-11],
        "max": [0.0258003883064, 0.025880670175, 0.0086336331442, 0.00219082669355, 0.00536338752136, 0.00113824929576, 0.00177047250327, 0.00324366125278, 0.00626292778179, 0.00681329006329, 0.011131176725, 0.00783105473965, 0.00402097729966, 0.002220176626, 0.00151217228267, 0.00139706837945, 0.00124072330073, 0.000843310903292, 0.000496400345583, 0.000464960496174, 0.000349847541656, 0.000380717829103, 0.000353635114152, 0.00038075709017, 0.000178187619895, 0.000242132999119, 0.000155156085384, 9.45039064391e-05, 0.000110005916213, 9.26319189603e-05, 8.59429637785e-05, 7.7180309745e-05, 4.40060321125e-05, 3.11129297188e-05, 3.38241152349e-05, 3.03494871332e-05, 4.65750817966e-05, 6.95773196639e-05, 0.000108478881884, 8.72063901625e-05],
        "mean": [0.00338907632977, 0.00325245130807, 0.000718088645954, 0.000225961004617, 0.000636153970845, 0.000158566283062, 0.000239803266595, 0.000340657396009, 0.000481082359329, 0.000270155549515, 0.0004273893137, 0.000459710194264, 0.000111619447125, 0.000143698736792, 0.000105686398456, 0.000131520733703, 0.000109167071059, 6.7285138357e-05, 3.88154730899e-05, 3.29358299496e-05, 1.98340239876e-05, 1.801847975e-05, 1.71141437022e-05, 1.95997581613e-05, 1.25340457089e-05, 1.04345199361e-05, 8.20831155579e-06, 7.07379376763e-06, 6.00875546297e-06, 4.84599104311e-06, 3.61410457117e-06, 4.19520893047e-06, 4.40348594566e-06, 2.59076023212e-06, 3.62796208719e-06, 3.04227000925e-06, 2.08650658351e-06, 1.59099340635e-06, 1.75212335307e-06, 1.69711915987e-06],
        "median": [0.00201896065846, 0.00228522648104, 0.00048640568275, 0.000108551234007, 0.000420116586611, 0.000104783299321, 0.000146662976476, 0.00022976854234, 0.000251736084465, 0.000137003065902, 0.000167340505868, 0.000156734779011, 4.2775140173e-05, 4.46899211966e-05, 4.13104062318e-05, 5.38042258995e-05, 4.91043974762e-05, 2.24695759243e-05, 1.34563315441e-05, 1.23893887576e-05, 6.17349587628e-06, 5.06290825797e-06, 4.94041569254e-06, 6.27488816463e-06, 4.88793421027e-06, 2.97062047139e-06, 2.88885303235e-06, 3.06980086862e-06, 2.49972981692e-06, 1.6856295133e-06, 1.07862479126e-06, 6.84048302446e-07, 6.13878853528e-07, 5.81516815146e-07, 1.46621880504e-06, 1.46618242525e-06, 8.73533963386e-07, 6.59687202642e-07, 5.71171938191e-07, 4.403883338e-07],
        "min": [2.0912513321e-07, 1.99505734599e-06, 5.70111069464e-07, 6.75832495745e-07, 4.25287680628e-07, 3.25140263158e-07, 1.21369089356e-06, 1.04981631921e-06, 7.47023818803e-07, 1.6835332417e-07, 1.55485145115e-06, 1.56995361067e-06, 5.16561897257e-07, 1.35420194169e-07, 1.56262316864e-07, 3.14546213076e-07, 1.07963536777e-07, 5.8536407721e-08, 1.1496005925e-07, 1.10718040958e-07, 3.61184611108e-08, 6.3692226604e-08, 9.40966629059e-08, 4.95308434267e-08, 2.80345915371e-08, 1.0196934852e-08, 8.83854678335e-09, 5.88179682737e-09, 4.23949408912e-09, 1.12810860653e-09, 1.51234011425e-10, 2.87367907248e-11, 3.95284759785e-12, 9.77629505128e-11, 3.46472128765e-10, 3.37486566471e-11, 1.11024835159e-11, 9.46715275618e-12, 2.47614185015e-13, 2.21452495014e-13],
