{
"highlevel": {
    "danceability": {
        "all": {
            "danceable": 7.66563967858e-09,
            "not_danceable": 1
        },
        "probability": 1,
        "value": "not_danceable"
    },
    "gender": {
        "all": {
            "female": 0.115240305662,
            "male": 0.88475972414
        },
        "probability": 0.88475972414,
        "value": "male"
    },
    "genre_dortmund": {
        "all": {
            "alternative": 0.203339591622,
            "blues": 0.0105466898531,
            "electronic": 0.00752004887909,
            "folkcountry": 0.0722533911467,
            "funksoulrnb": 0.00136446766555,
            "jazz": 0.0206671915948,
            "pop": 0.0765667557716,
            "raphiphop": 0.000328165100655,
            "rock": 0.607413709164
        },
        "probability": 0.607413709164,
        "value": "rock"
    },
    "genre_electronic": {
        "all": {
            "ambient": 0.292320787907,
            "dnb": 0.138413786888,
            "house": 0.053772892803,
            "techno": 0.0313917398453,
            "trance": 0.484100788832
        },
        "probability": 0.484100788832,
        "value": "trance"
    },
    "genre_rosamerica": {
        "all": {
            "cla": 0.00140837579966,
            "dan": 0.00314638460986,
            "hip": 0.000631295668427,
            "jaz": 0.000752241001464,
            "pop": 0.0386073552072,
            "rhy": 0.000659350014757,
            "roc": 0.954357087612,
            "spe": 0.000437882437836
        },
        "probability": 0.954357087612,
        "value": "roc"
    },
    "genre_tzanetakis": {
        "all": {
            "blu": 0.0626541376114,
            "cla": 0.0348133966327,
            "cou": 0.0783501937985,
            "dis": 0.104547761381,
            "hip": 0.15693578124,
            "jaz": 0.313987255096,
            "met": 0.044816005975,
            "pop": 0.0627349764109,
            "reg": 0.0627352520823,
            "roc": 0.0784252434969
        },
        "probability": 0.313987255096,
        "value": "jaz"
    },
    "ismir04_rhythm": {
        "all": {
            "ChaChaCha": 0.0792174190283,
            "Jive": 0.176618561149,
            "Quickstep": 0.120405755937,
            "Rumba-American": 0.0112377507612,
            "Rumba-International": 0.03108615987,
            "Rumba-Misc": 0.0130880242214,
            "Samba": 0.0974444672465,
            "Tango": 0.0185018144548,
            "VienneseWaltz": 0.428474277258,
            "Waltz": 0.0239257793874
        },
        "probability": 0.428474277258,
        "value": "VienneseWaltz"
    },
    "mood_acoustic": {
        "all": {
            "acoustic": 0.172558501363,
            "not_acoustic": 0.827441513538
        },
        "probability": 0.827441513538,
        "value": "not_acoustic"
    },
    "mood_aggressive": {
        "all": {
            "aggressive": 0.883956730366,
            "not_aggressive": 0.116043284535
        },
        "probability": 0.883956730366,
        "value": "aggressive"
    },
    "mood_electronic": {
        "all": {
            "electronic": 0.0505617372692,
            "not_electronic": 0.949438273907
        },
        "probability": 0.949438273907,
        "value": "not_electronic"
    },
    "mood_happy": {
        "all": {
            "happy": 0.864818751812,
            "not_happy": 0.135181248188
        },
        "probability": 0.864818751812,
        "value": "happy"
    },
    "mood_party": {
        "all": {
            "not_party": 0.871326267719,
            "party": 0.12867371738
        },
        "probability": 0.871326267719,
        "value": "not_party"
    },
    "mood_relaxed": {
        "all": {
            "not_relaxed": 0.71626740694,
            "relaxed": 0.283732622862
        },
        "probability": 0.71626740694,
        "value": "not_relaxed"
    },
    "mood_sad": {
        "all": {
            "not_sad": 0.536962032318,
            "sad": 0.463037997484
        },
        "probability": 0.536962032318,
        "value": "not_sad"
    },
    "moods_mirex": {
        "all": {
            "Cluster1": 0.509751081467,
            "Cluster2": 0.128004103899,
            "Cluster3": 0.216989174485,
            "Cluster4": 0.0225941482931,
            "Cluster5": 0.122661486268
        },
        "probability": 0.509751081467,
        "value": "Cluster1"
    },
    "timbre": {
        "all": {
            "bright": 0.999991476536,
            "dark": 8.536833775e-06
        },
        "probability": 0.999991476536,
        "value": "bright"
    },
    "tonal_atonal": {
        "all": {
            "atonal": 0.00358068477362,
            "tonal": 0.99641931057
        },
        "probability": 0.99641931057,
        "value": "tonal"
    },
    "voice_instrumental": {
        "all": {
            "instrumental": 0.0443575419486,
            "voice": 0.955642461777
        },
        "probability": 0.955642461777,
        "value": "voice"
    }
},
"lowlevel": {
    "average_loudness": 0.983213186264,
    "barkbands_crest": {
        "dmean": 2.00134968758,
        "dmean2": 3.29350852966,
        "dvar": 3.35102272034,
        "dvar2": 8.84707260132,
        "max": 19.8163528442,
        "mean": 9.0980424881,
        "median": 8.65139484406,
        "min": 3.14127469063,
        "var": 9.61068820953
    },
    "barkbands_flatness_db": {
        "dmean": 0.0150064742193,
        "dmean2": 0.0245323721319,
        "dvar": 0.000179082431714,
        "dvar2": 0.000485269294586,
        "max": 0.221808120608,
        "mean": 0.122698940337,
        "median": 0.119944579899,
        "min": 0.0638410896063,
        "var": 0.000613794254605
    },
    "barkbands_kurtosis": {
        "dmean": 1.29655575752,
        "dmean2": 2.14344000816,
        "dvar": 2.85377836227,
        "dvar2": 7.88207435608,
        "max": 25.2510700226,
        "mean": 1.92931818962,
        "median": 1.25317192078,
        "min": -1.18425047398,
        "var": 6.97040843964
    },
    "barkbands_skewness": {
        "dmean": 0.326216638088,
        "dmean2": 0.533424258232,
        "dvar": 0.113684311509,
        "dvar2": 0.310347378254,
        "max": 4.74027109146,
        "mean": 1.46757912636,
        "median": 1.40603411198,
        "min": 0.264554440975,
        "var": 0.344380021095
    },
    "barkbands_spread": {
        "dmean": 4.64029359818,
        "dmean2": 7.3664727211,
        "dvar": 17.3218040466,
        "dvar2": 45.3383178711,
        "max": 58.6260757446,
        "mean": 26.8132362366,
        "median": 26.3821620941,
        "min": 6.04255723953,
        "var": 71.4362335205
    },
    "dissonance": {
        "dmean": 0.0123065812513,
        "dmean2": 0.0208151079714,
        "dvar": 0.000108091684524,
        "dvar2": 0.000295218982501,
        "max": 0.499304622412,
        "mean": 0.471691012383,
        "median": 0.474749416113,
        "min": 0.396055996418,
        "var": 0.000307319744024
    },
    "dynamic_complexity": 0.868727207184,
    "erbbands_crest": {
        "dmean": 1.82775175571,
        "dmean2": 2.8899834156,
        "dvar": 3.03796601295,
        "dvar2": 7.12635231018,
        "max": 21.8697299957,
        "mean": 7.33741426468,
        "median": 6.21903800964,
        "min": 2.55015325546,
        "var": 14.3997755051
    },
    "erbbands_flatness_db": {
        "dmean": 0.00900909677148,
        "dmean2": 0.0138395298272,
        "dvar": 6.67909553158e-05,
        "dvar2": 0.000146740436321,
        "max": 0.203351005912,
        "mean": 0.129789248109,
        "median": 0.127550855279,
        "min": 0.0722268000245,
        "var": 0.000374152616132
    },
    "erbbands_kurtosis": {
        "dmean": 0.332250863314,
        "dmean2": 0.525686323643,
        "dvar": 0.114664107561,
        "dvar2": 0.254308193922,
        "max": 2.47563409805,
        "mean": -0.532640874386,
        "median": -0.637991905212,
        "min": -1.67054963112,
        "var": 0.347069561481
    },
    "erbbands_skewness": {
        "dmean": 0.234401553869,
        "dmean2": 0.371903687716,
        "dvar": 0.0368193313479,
        "dvar2": 0.0874420404434,
        "max": 1.73006010056,
        "mean": 0.126278430223,
        "median": 0.0689014866948,
        "min": -1.01712107658,
        "var": 0.199595883489
    },
    "erbbands_spread": {
        "dmean": 5.8057141304,
        "dmean2": 9.01149368286,
        "dvar": 29.3916683197,
        "dvar2": 64.6840896606,
        "max": 100.321128845,
        "mean": 47.2197647095,
        "median": 45.4536895752,
        "min": 21.474363327,
        "var": 149.623550415
    },
    "hfc": {
        "dmean": 4.33561754227,
        "dmean2": 6.51605606079,
        "dvar": 17.8547897339,
        "dvar2": 37.6108093262,
        "max": 73.3289031982,
        "mean": 32.1726036072,
        "median": 32.1575431824,
        "min": 6.30329799652,
        "var": 95.1295166016
    },
    "melbands_crest": {
        "dmean": 2.91786003113,
        "dmean2": 4.84206485748,
        "dvar": 7.05599308014,
        "dvar2": 20.0451602936,
        "max": 27.2902679443,
        "mean": 14.0449447632,
        "median": 13.3452949524,
        "min": 5.62057685852,
        "var": 16.338344574
    },
    "melbands_flatness_db": {
        "dmean": 0.0183776430786,
        "dmean2": 0.029853625223,
        "dvar": 0.000338469690178,
        "dvar2": 0.000921388098504,
        "max": 0.285263448954,
        "mean": 0.163298085332,
        "median": 0.161779418588,
        "min": 0.0780239999294,
        "var": 0.00105746241752
    },
    "melbands_kurtosis": {
        "dmean": 3.97173213959,
        "dmean2": 6.56853866577,
        "dvar": 32.5191116333,
        "dvar2": 89.5393447876,
        "max": 88.1182556152,
        "mean": 10.6343822479,
        "median": 8.43602848053,
        "min": 0.497704982758,
        "var": 76.7273025513
    },
    "melbands_skewness": {
        "dmean": 0.507860481739,
        "dmean2": 0.829868853092,
        "dvar": 0.29950645566,
        "dvar2": 0.805909991264,
        "max": 8.21754646301,
        "mean": 2.7426879406,
        "median": 2.54064226151,
        "min": 0.959797084332,
        "var": 0.909145116806
    },
    "melbands_spread": {
        "dmean": 5.12267494202,
        "dmean2": 8.39897632599,
        "dvar": 25.7272434235,
        "dvar2": 66.4151306152,
        "max": 55.3267593384,
        "mean": 23.9398345947,
        "median": 22.980140686,
        "min": 3.78320503235,
        "var": 82.7464752197
    },
    "pitch_salience": {
        "dmean": 0.0588019862771,
        "dmean2": 0.0977744683623,
        "dvar": 0.00327158230357,
        "dvar2": 0.00852678250521,
        "max": 0.808230698109,
        "mean": 0.550078511238,
        "median": 0.550730586052,
        "min": 0.245209604502,
        "var": 0.00822492968291
    },
    "silence_rate_20dB": {
        "dmean": 0,
        "dmean2": 0,
        "dvar": 0,
        "dvar2": 0,
        "max": 1,
        "mean": 1,
        "median": 1,
        "min": 1,
        "var": 0
    },
    "silence_rate_30dB": {
        "dmean": 0,
        "dmean2": 0,
        "dvar": 0,
        "dvar2": 0,
        "max": 1,
        "mean": 1,
        "median": 1,
        "min": 1,
        "var": 0
    },
    "silence_rate_60dB": {
        "dmean": 0,
        "dmean2": 0,
        "dvar": 0,
        "dvar2": 0,
        "max": 0,
        "mean": 0,
        "median": 0,
        "min": 0,
        "var": 0
    },
    "spectral_centroid": {
        "dmean": 222.224136353,
        "dmean2": 355.07598877,
        "dvar": 37052.7578125,
        "dvar2": 100676.65625,
        "max": 2519.20849609,
        "mean": 1512.32617188,
        "median": 1503.7532959,
        "min": 501.018463135,
        "var": 144820.1875
    },
    "spectral_complexity": {
        "dmean": 3.98065018654,
        "dmean2": 6.32455444336,
        "dvar": 11.9462060928,
        "dvar2": 26.9241313934,
        "max": 51,
        "mean": 30.9211139679,
        "median": 31,
        "min": 10,
        "var": 59.3811759949
    },
    "spectral_decrease": {
        "dmean": 2.23311813485e-09,
        "dmean2": 3.65204821939e-09,
        "dvar": 5.67179630772e-18,
        "dvar2": 1.48435013206e-17,
        "max": -3.32850902396e-09,
        "mean": -1.08831370582e-08,
        "median": -1.06537800804e-08,
        "min": -2.25147012145e-08,
        "var": 9.8003771677e-18
    },
    "spectral_energy": {
        "dmean": 0.00860293023288,
        "dmean2": 0.0140217216685,
        "dvar": 8.26532414067e-05,
        "dvar2": 0.000214404120925,
        "max": 0.0878905430436,
        "mean": 0.0439936518669,
        "median": 0.0431095659733,
        "min": 0.0134199857712,
        "var": 0.000147023747559
    },
    "spectral_energyband_high": {
        "dmean": 0.000324002787238,
        "dmean2": 0.000493429135531,
        "dvar": 1.39815426792e-07,
        "dvar2": 3.08919339886e-07,
        "max": 0.00676277047023,
        "mean": 0.0014961756533,
        "median": 0.00143827183638,
        "min": 0.00010439450125,
        "var": 5.81453832638e-07
    },
    "spectral_energyband_low": {
        "dmean": 0.0051353466697,
        "dmean2": 0.00853216461837,
        "dvar": 6.03185690125e-05,
        "dvar2": 0.000168390542967,
        "max": 0.0705022439361,
        "mean": 0.0158448945731,
        "median": 0.0141870444641,
        "min": 0.000437835697085,
        "var": 9.55950745265e-05
    },
    "spectral_energyband_middle_high": {
        "dmean": 0.00174373958725,
        "dmean2": 0.00283035682514,
        "dvar": 4.02698924518e-06,
        "dvar2": 1.05383633127e-05,
        "max": 0.0321168638766,
        "mean": 0.00840915832669,
        "median": 0.007685769815,
        "min": 0.000978275551461,
        "var": 1.70279290614e-05
    },
    "spectral_energyband_middle_low": {
        "dmean": 0.007005834952,
        "dmean2": 0.0110983578488,
        "dvar": 6.83097168803e-05,
        "dvar2": 0.000176740650204,
        "max": 0.0657253861427,
        "mean": 0.0204530656338,
        "median": 0.0175702124834,
        "min": 0.00212126993574,
        "var": 0.000122191326227
    },
    "spectral_entropy": {
        "dmean": 0.0865583792329,
        "dmean2": 0.13711361587,
        "dvar": 0.00593786081299,
        "dvar2": 0.014935253188,
        "max": 8.34836483002,
        "mean": 7.81624174118,
        "median": 7.83956956863,
        "min": 7.2301902771,
        "var": 0.0314100235701
    },
    "spectral_flux": {
        "dmean": 0.0240717474371,
        "dmean2": 0.0373192131519,
        "dvar": 0.000600221566856,
        "dvar2": 0.00130108825397,
        "max": 0.21999488771,
        "mean": 0.0937429592013,
        "median": 0.0883602946997,
        "min": 0.0318932123482,
        "var": 0.00120870256796
    },
    "spectral_kurtosis": {
        "dmean": 0.690458059311,
        "dmean2": 1.21520471573,
        "dvar": 0.453433096409,
        "dvar2": 1.29077732563,
        "max": 10.5736074448,
        "mean": 2.51914191246,
        "median": 2.4054274559,
        "min": 0.419847488403,
        "var": 0.806516468525
    },
    "spectral_rms": {
        "dmean": 0.000630564929452,
        "dmean2": 0.00101734814234,
        "dvar": 4.10797269979e-07,
        "dvar2": 1.05067647382e-06,
        "max": 0.00925996061414,
        "mean": 0.00648867106065,
        "median": 0.00648522283882,
        "min": 0.00361837935634,
        "var": 8.17744705728e-07
    },
    "spectral_rolloff": {
        "dmean": 407.096954346,
        "dmean2": 686.978759766,
        "dvar": 206689.078125,
        "dvar2": 514204.8125,
        "max": 5835.49804688,
        "mean": 1384.28735352,
        "median": 1291.9921875,
        "min": 172.265625,
        "var": 545828.25
    },
    "spectral_skewness": {
        "dmean": 0.111710548401,
        "dmean2": 0.189428851008,
        "dvar": 0.0102113457397,
        "dvar2": 0.0262920893729,
        "max": 2.50612211227,
        "mean": 1.17323899269,
        "median": 1.16669440269,
        "min": 0.692145645618,
        "var": 0.0290943533182
    },
    "spectral_spread": {
        "dmean": 268828.90625,
        "dmean2": 412740.375,
        "dvar": 105601548288,
        "dvar2": 218986774528,
        "max": 9087643,
        "mean": 4663085.5,
        "median": 4589173,
        "min": 3025405.25,
        "var": 347551006720
    },
    "spectral_strongpeak": {
        "dmean": 0.401253283024,
        "dmean2": 0.70380449295,
        "dvar": 0.350819557905,
        "dvar2": 0.863002002239,
        "max": 4.96058607101,
        "mean": 0.90670722723,
        "median": 0.598502755165,
        "min": 0.0617313534021,
        "var": 0.615979850292
    },
    "zerocrossingrate": {
        "dmean": 0.00719836913049,
        "dmean2": 0.00925427209586,
        "dvar": 3.73335315089e-05,
        "dvar2": 5.77830905968e-05,
        "max": 0.14599609375,
        "mean": 0.061631064862,
        "median": 0.06103515625,
        "min": 0.01708984375,
        "var": 0.000281007494777
    },
    "barkbands": {
        "dmean": [0.00014968078176, 0.00320816738531, 0.00251898355782, 0.00262687820941, 0.00330330524594, 0.00104180467315, 0.00229831971228, 0.000461612187792, 0.000806554744486, 0.000950048561208, 0.000463605392724, 0.000400895660277, 0.000278094521491, 0.000398164469516, 0.000354929186869, 0.000255591527093, 0.000264134898316, 0.000329107017023, 0.000237300468143, 0.000185528508155, 0.000124662590679, 0.00010871408449, 7.59790636948e-05, 5.6677570683e-05, 2.82595829049e-05, 1.12804500532e-05, 2.87944290633e-09],
        "dmean2": [0.000205725897104, 0.00538757815957, 0.00414466951042, 0.00434758141637, 0.00531521067023, 0.00167660263833, 0.00356925278902, 0.000750175036956, 0.00128016655799, 0.00158467027359, 0.000775024935137, 0.00064462836599, 0.000461441464722, 0.00066160352435, 0.000571539218072, 0.000417102855863, 0.000435763737187, 0.000549175660126, 0.000391667330405, 0.000308972463245, 0.000203042276553, 0.000171704537934, 0.00012165663793, 8.99286023923e-05, 4.22159464506e-05, 1.68667702383e-05, 5.24136423152e-09],
        "dvar": [6.93505199933e-08, 2.70707478194e-05, 1.55598863785e-05, 1.42776925713e-05, 2.51530127571e-05, 2.22695621233e-06, 1.06797433546e-05, 6.36936761111e-07, 1.88590263406e-06, 2.45190699388e-06, 1.14448960176e-06, 2.08059390161e-07, 1.04390181832e-07, 3.089980396e-07, 2.57521037383e-07, 9.26138383761e-08, 7.54983560114e-08, 1.46691377267e-07, 4.81082089721e-08, 3.20892716843e-08, 1.35760362951e-08, 1.12861702206e-08, 9.75983471818e-09, 1.11081250864e-08, 3.50316375908e-09, 4.10955658392e-10, 1.17668228846e-16],
        "dvar2": [1.1771846431e-07, 7.54764623707e-05, 4.11825603805e-05, 3.92000401916e-05, 6.45946420263e-05, 5.86649548495e-06, 2.49897184403e-05, 1.55566885951e-06, 4.70018767373e-06, 6.67394851916e-06, 3.27452698912e-06, 5.57903604204e-07, 2.72348557928e-07, 8.11670986423e-07, 6.8801858788e-07, 2.28399898106e-07, 1.97341009311e-07, 3.91954529277e-07, 1.3092059703e-07, 8.77914985153e-08, 3.42398074338e-08, 2.88895201095e-08, 2.47386005015e-08, 2.63448427518e-08, 5.32830224387e-09, 8.03906385904e-10, 2.97800134763e-16],
        "max": [0.002008035779, 0.0562923848629, 0.0495496168733, 0.0339330136776, 0.0410052202642, 0.0244328770787, 0.0400649793446, 0.00971742533147, 0.0240650586784, 0.0176020096987, 0.0165974032134, 0.00617689173669, 0.0036863735877, 0.00837667100132, 0.0079072508961, 0.00486455671489, 0.0036472696811, 0.00463706161827, 0.00224803737365, 0.00251056463458, 0.00131607975345, 0.00130960461684, 0.00175490579568, 0.00205600773916, 0.00128107261844, 0.000347263441654, 2.10093745068e-07],
        "mean": [0.000180395960342, 0.00748218502849, 0.00606750696898, 0.00465875398368, 0.00561516452581, 0.00220391829498, 0.00541093852371, 0.000792185019236, 0.00161403755192, 0.0017066646833, 0.000790680001955, 0.00088946800679, 0.000601406674832, 0.000816047133412, 0.000764827476814, 0.000544156820979, 0.000656725955196, 0.00081960298121, 0.000625296554063, 0.000523576687556, 0.000379910721676, 0.000332686002366, 0.000241877278313, 0.000168720827787, 8.20538334665e-05, 2.48736796493e-05, 2.17928164403e-09],
        "median": [2.53626712947e-05, 0.00497666932642, 0.00333778210916, 0.00349529390223, 0.00366587750614, 0.00148069963325, 0.00196576165035, 0.000457289163023, 0.000792972685304, 0.000953967333771, 0.000322747393511, 0.000678995449562, 0.000441127398517, 0.000527814612724, 0.000504601048306, 0.000391750974813, 0.000497339991853, 0.000597732665483, 0.000544252339751, 0.000473157240776, 0.000357383396477, 0.000302772969007, 0.000210885948036, 0.000137848663144, 6.12252624705e-05, 1.63497570611e-05, 6.94391544265e-10],
        "min": [3.75398450103e-08, 1.15529855975e-05, 3.97042458644e-05, 9.42079532251e-06, 0.000175761437276, 4.03470403398e-05, 2.95923746307e-05, 9.30462101678e-06, 3.29042559315e-05, 1.62036012625e-05, 9.70377004705e-06, 2.1289804863e-05, 2.38231277763e-05, 2.11175738514e-05, 1.6098123524e-05, 3.22283740388e-05, 2.23754923354e-05, 3.14409626299e-05, 5.51299781364e-05, 4.29759711551e-05, 2.26340325753e-05, 2.12595732592e-05, 1.4338525034e-05, 5.10751397087e-06, 1.44068962982e-06, 4.31656310695e-09, 9.22607563264e-12],
        "var": [1.21123349572e-07, 5.54630969418e-05, 4.5845798013e-05, 2.00276535907e-05, 3.38600839314e-05, 6.5690833253e-06, 5.74256118853e-05, 1.1442758705e-06, 5.4081028793e-06, 4.81699953525e-06, 2.2373160391e-06, 5.92657556808e-07, 2.6840862688e-07, 8.21693618036e-07, 6.18626529558e-07, 2.67118679176e-07, 3.14323045814e-07, 5.24732229223e-07, 1.20200965625e-07, 7.88963063769e-08, 3.71059414306e-08, 3.48110340553e-08, 2.93530426632e-08, 2.81898202559e-08, 1.1086189744e-08, 9.66783320067e-10, 8.27408980577e-17]
    },
    "erbbands": {
        "dmean": [0.0677885562181, 0.853947401047, 2.87956905365, 4.65935564041, 14.8405637741, 8.51307296753, 6.57839870453, 10.0271396637, 33.6054763794, 17.3108215332, 9.92524623871, 17.8426513672, 20.9952774048, 27.6278972626, 16.7379112244, 13.2198505402, 12.4344892502, 12.866150856, 22.9724063873, 14.1224241257, 15.0088853836, 13.3356733322, 17.825920105, 13.2818021774, 10.741235733, 8.67746353149, 6.04474925995, 4.59981060028, 4.17901468277, 2.93963909149, 2.23555326462, 1.5239354372, 0.801860034466, 0.396478503942, 0.184113830328, 0.0745629295707, 0.0176022686064, 0.00118247012142, 2.37662461586e-05, 9.73108762992e-06],
        "dmean2": [0.108751520514, 1.43996191025, 4.76947927475, 7.82158994675, 24.4693508148, 13.476477623, 10.6865682602, 16.0411262512, 52.2565956116, 26.6224575043, 16.0073928833, 27.9409427643, 33.9217720032, 45.9691238403, 27.9020328522, 21.1652793884, 20.4790821075, 21.094165802, 37.6718177795, 23.2668552399, 24.2096595764, 22.053527832, 30.2170848846, 22.0745239258, 18.1830635071, 14.5144872665, 9.8775138855, 7.48624849319, 6.64556217194, 4.79634380341, 3.66922140121, 2.49139142036, 1.26492643356, 0.610496401787, 0.272512167692, 0.110464602709, 0.0267787706107, 0.00187176500913, 3.60395242751e-05, 1.55484303832e-05],
        "dvar": [0.0125617142767, 2.0204372406, 22.0472946167, 31.3637504578, 687.05871582, 130.503356934, 70.4393844604, 235.958740234, 2521.05737305, 815.766662598, 228.243804932, 900.399841309, 1460.56616211, 1705.07104492, 919.007263184, 207.593170166, 211.350540161, 213.284927368, 837.924926758, 499.077941895, 325.469482422, 191.892745972, 469.347290039, 165.55090332, 108.355262756, 67.394203186, 32.424156189, 19.8087501526, 16.3840141296, 10.0044126511, 11.1409854889, 7.7873210907, 1.87801682949, 0.535389661789, 0.155742198229, 0.0202116500586, 0.000908803369384, 3.33744878844e-06, 1.41439260304e-09, 9.90748247331e-11],
        "dvar2": [0.0323248021305, 5.66852998734, 59.216468811, 85.7213134766, 1745.78771973, 346.157470703, 183.523178101, 632.618103027, 5945.95019531, 1619.95251465, 582.183654785, 2208.14941406, 3535.34472656, 4691.52783203, 2531.33618164, 537.607116699, 574.192687988, 526.22479248, 2222.83789062, 1287.5657959, 854.444641113, 498.922546387, 1243.26245117, 418.037231445, 294.632019043, 182.208358765, 86.5598144531, 49.6292228699, 41.6409988403, 26.6003513336, 28.8100337982, 18.3833637238, 3.92963600159, 0.917674183846, 0.240342989564, 0.0390269383788, 0.00175408495124, 7.36965921533e-06, 2.82133116869e-09, 2.43540271283e-10],
        "max": [1.33619225025, 14.4878168106, 54.9826698303, 46.2904701233, 177.82069397, 152.896530151, 87.9334793091, 255.627319336, 687.923278809, 654.173095703, 186.691513062, 532.94152832, 707.841674805, 555.42755127, 450.424987793, 168.640411377, 169.402618408, 223.274353027, 377.56060791, 349.777496338, 226.456588745, 191.807800293, 281.48828125, 148.080307007, 109.370742798, 105.692382812, 56.7683525085, 45.1578292847, 49.6209716797, 47.2696418762, 65.945098877, 55.1515235901, 29.875869751, 14.793964386, 9.0119304657, 3.07926607132, 0.422095775604, 0.0217145942152, 0.000516195897944, 0.000118585485325],
        "mean": [0.131859898567, 2.00934386253, 7.0703253746, 11.2536716461, 20.5411224365, 16.9754047394, 14.4197616577, 21.9856128693, 80.987991333, 35.7759094238, 21.1114387512, 38.1952400208, 38.1133308411, 53.3868980408, 34.7790222168, 32.1043739319, 29.6274471283, 29.1067638397, 53.0631752014, 33.1549453735, 34.3222808838, 35.486366272, 46.4647483826, 35.9053268433, 30.449678421, 24.8697376251, 18.0201339722, 13.4843988419, 12.366724968, 8.84369754791, 6.73305463791, 4.42843675613, 2.35234928131, 1.11480212212, 0.47445422411, 0.168352916837, 0.0372538901865, 0.00211301958188, 7.54183711251e-05, 5.68420764466e-05],
        "median": [0.0652173310518, 1.41161668301, 4.29815101624, 9.26109218597, 12.1620178223, 11.5605630875, 9.77599334717, 14.1920900345, 25.7359104156, 20.8512878418, 14.500295639, 17.7336997986, 22.5488739014, 34.3595237732, 23.0301990509, 26.5068283081, 22.6557998657, 22.9561824799, 37.7327919006, 21.5967311859, 24.7320785522, 28.1069488525, 34.3529548645, 30.973487854, 27.5420322418, 22.8064346313, 16.9085884094, 12.3557367325, 11.2620315552, 7.87975072861, 5.77578496933, 3.50617527962, 1.94562721252, 0.859716176987, 0.341271877289, 0.114759154618, 0.0242791585624, 0.00123668345623, 5.96602076257e-05, 5.58348001505e-05],
        "min": [0.000651341571938, 0.00816208217293, 0.154787644744, 0.299696654081, 0.471509844065, 0.336749732494, 0.558411598206, 0.650825560093, 1.12366402149, 1.284704566, 0.498565346003, 0.485285282135, 0.547617018223, 1.10333502293, 0.642982125282, 1.19474124908, 1.44300842285, 2.01581430435, 2.49358940125, 2.00474452972, 2.46404480934, 2.9011733532, 2.09446501732, 1.89858901501, 3.23107933998, 2.58471536636, 1.43203616142, 0.961888730526, 0.821924328804, 0.479046434164, 0.363299757242, 0.174221232533, 0.0687573552132, 0.0226840507239, 0.00530261173844, 0.00156772613991, 0.000238379958319, 1.51742906382e-05, 1.16592082122e-05, 1.68501064763e-05],
        "var": [0.0241566449404, 3.65203285217, 49.3350067139, 62.2746887207, 696.694885254, 285.340087891, 172.731903076, 622.827392578, 15193.5976562, 2176.99414062, 487.259918213, 3689.76904297, 2682.97900391, 3450.65698242, 1838.32409668, 582.003173828, 572.656799316, 522.926025391, 2433.31933594, 1289.29162598, 843.533813477, 756.995422363, 1690.87145996, 472.514465332, 252.589660645, 165.837478638, 86.3750305176, 51.0088157654, 48.7994613647, 27.5446815491, 27.3026485443, 19.284412384, 5.36367177963, 1.66327059269, 0.452063649893, 0.0486902929842, 0.0020564571023, 6.43184466753e-06, 3.28296079211e-09, 2.02698594021e-10]
    },
    "gfcc": {
        "mean": [66.0452804565, 90.3407211304, -124.104721069, 51.0101127625, -65.271194458, 19.68009758, -39.8335533142, 10.8891334534, -26.8241634369, 0.654483735561, -16.3618717194, -1.80894386768, -13.0860481262],
        "cov": [[349.630401611, -169.906494141, -32.6390380859, -23.3542766571, -7.73441123962, 23.7517967224, -37.4666976929, 38.5018157959, -35.1087722778, -19.9191818237, -66.1579284668, 10.6199159622, -13.3468866348], [-169.906494141, 269.276763916, -23.4081306458, 5.82728528976, 5.42019081116, -22.2851924896, 58.3568000793, -17.1602115631, 79.0204086304, 21.7935619354, 102.790077209, -9.54531002045, 26.3384075165], [-32.6390380859, -23.4081306458, 166.108108521, 36.9901771545, 5.68232917786, -11.9975767136, -16.1036510468, 1.31588506699, -22.0431461334, 30.3974819183, 3.45215296745, 25.4596824646, -2.33061313629], [-23.3542766571, 5.82728528976, 36.9901771545, 106.384010315, 17.7679386139, 12.7586488724, 14.6192407608, 6.6800365448, 22.4684658051, 1.92946863174, 26.8427047729, 3.73096680641, 13.5222082138], [-7.73441123962, 5.42019081116, 5.68232917786, 17.7679386139, 92.3213043213, 41.0631942749, 17.8653259277, 13.0347976685, 9.88240909576, 14.0800189972, 6.83335781097, 26.1566123962, 10.8007125854], [23.7517967224, -22.2851924896, -11.9975767136, 12.7586488724, 41.0631942749, 84.6371154785, 37.4178466797, 19.1145420074, -0.361487269402, -6.22987794876, 0.0314205698669, 7.40722751617, 17.1507644653], [-37.4666976929, 58.3568000793, -16.1036510468, 14.6192407608, 17.8653259277, 37.4178466797, 71.6672286987, 29.8233966827, 30.8837337494, 1.88536143303, 26.1900939941, 0.46489661932, 12.7553186417], [38.5018157959, -17.1602115631, 1.31588506699, 6.6800365448, 13.0347976685, 19.1145420074, 29.8233966827, 78.882019043, 41.2435379028, 7.6886882782, 6.35059118271, 8.41860866547, 6.71389341354], [-35.1087722778, 79.0204086304, -22.0431461334, 22.4684658051, 9.88240909576, -0.361487269402, 30.8837337494, 41.2435379028, 100.471763611, 40.0708312988, 55.8327522278, 3.26094770432, 6.26263093948], [-19.9191818237, 21.7935619354, 30.3974819183, 1.92946863174, 14.0800189972, -6.22987794876, 1.88536143303, 7.6886882782, 40.0708312988, 70.3526077271, 48.682800293, 21.5695381165, -4.30197095871], [-66.1579284668, 102.790077209, 3.45215296745, 26.8427047729, 6.83335781097, 0.0314205698669, 26.1900939941, 6.35059118271, 55.8327522278, 48.682800293, 119.64667511, 36.8750762939, 5.6385140419], [10.6199159622, -9.54531002045, 25.4596824646, 3.73096680641, 26.1566123962, 7.40722751617, 0.46489661932, 8.41860866547, 3.26094770432, 21.5695381165, 36.8750762939, 66.1730117798, 14.9867105484], [-13.3468866348, 26.3384075165, -2.33061313629, 13.5222082138, 10.8007125854, 17.1507644653, 12.7553186417, 6.71389341354, 6.26263093948, -4.30197095871, 5.6385140419, 14.9867105484, 55.2212219238]],
        "icov": [[0.00505627924576, 0.000224843854085, 0.00256079412065, -0.00131551688537, 0.00218864576891, -0.00281499186531, 0.00389486481436, -0.00444868113846, 0.0021108048968, -0.00211624777876, 0.00282946066, -0.00309546547942, 0.00177942798473], [0.000224843854085, 0.0264960676432, -0.0091459704563, 0.0152001641691, -0.0131080895662, 0.0170428417623, -0.0203198082745, 0.02018965967, -0.0202421527356, 0.0201902985573, -0.0257467795163, 0.0196893289685, -0.0160279478878], [0.00256079412065, -0.0091459704563, 0.014821305871, -0.0116331167519, 0.00686147995293, -0.00527752516791, 0.00877068936825, -0.0124036120251, 0.0152258314192, -0.0168109256774, 0.0126944882795, -0.011305116117, 0.00697014620528], [-0.00131551688537, 0.0152001641691, -0.0116331167519, 0.0232845135033, -0.0111545864493, 0.00902457721531, -0.0119337523356, 0.014723053202, -0.0178135745227, 0.0195883922279, -0.0201075207442, 0.015603386797, -0.012050547637], [0.00218864576891, -0.0131080895662, 0.00686147995293, -0.0111545864493, 0.0248187370598, -0.0172407682985, 0.0107106948271, -0.0107990223914, 0.00937863811851, -0.0155705166981, 0.0189523939043, -0.0190716162324, 0.0101055344567], [-0.00281499186531, 0.0170428417623, -0.00527752516791, 0.00902457721531, -0.0172407682985, 0.0340894423425, -0.0248117502779, 0.0123064322397, -0.00796790327877, 0.0130964107811, -0.0180221758783, 0.0155292395502, -0.014672764577], [0.00389486481436, -0.0203198082745, 0.00877068936825, -0.0119337523356, 0.0107106948271, -0.0248117502779, 0.0445410385728, -0.0248146783561, 0.0136029375717, -0.0125069189817, 0.0150343040004, -0.0124680772424, 0.0115970373154], [-0.00444868113846, 0.02018965967, -0.0124036120251, 0.014723053202, -0.0107990223914, 0.0123064322397, -0.0248146783561, 0.0415406227112, -0.0308588240296, 0.0212565157562, -0.0162003152072, 0.0117403957993, -0.0122388694435], [0.0021108048968, -0.0202421527356, 0.0152258314192, -0.0178135745227, 0.00937863811851, -0.00796790327877, 0.0136029375717, -0.0308588240296, 0.045846465975, -0.0310790333897, 0.0138585213572, -0.0091857034713, 0.00987695064396], [-0.00211624777876, 0.0201902985573, -0.0168109256774, 0.0195883922279, -0.0155705166981, 0.0130964107811, -0.0125069189817, 0.0212565157562, -0.0310790333897, 0.0494166649878, -0.0296561736614, 0.0149040929973, -0.0100075602531], [0.00282946066, -0.0257467795163, 0.0126944882795, -0.0201075207442, 0.0189523939043, -0.0180221758783, 0.0150343040004, -0.0162003152072, 0.0138585213572, -0.0296561736614, 0.0476509518921, -0.0333351306617, 0.0191104933619], [-0.00309546547942, 0.0196893289685, -0.011305116117, 0.015603386797, -0.0190716162324, 0.0155292395502, -0.0124680772424, 0.0117403957993, -0.0091857034713, 0.0149040929973, -0.0333351306617, 0.0451789274812, -0.0207322556525], [0.00177942798473, -0.0160279478878, 0.00697014620528, -0.012050547637, 0.0101055344567, -0.014672764577, 0.0115970373154, -0.0122388694435, 0.00987695064396, -0.0100075602531, 0.0191104933619, -0.0207322556525, 0.0325941629708]]
    },
    "melbands": {
        "dmean": [0.000727129285224, 0.00134476984385, 0.00114279787522, 0.000852628203575, 0.000230938283494, 0.00022481540509, 0.000500884605572, 0.000161194067914, 8.77999336808e-05, 0.000113534624688, 0.000113720045192, 0.000125002101413, 6.55196417938e-05, 4.59813491034e-05, 3.37885103363e-05, 2.56874282059e-05, 2.67753966909e-05, 4.29862193414e-05, 2.33750160987e-05, 1.65208039107e-05, 1.96222154045e-05, 1.50041123561e-05, 1.63303375302e-05, 1.89478778339e-05, 1.1733496649e-05, 9.38424454944e-06, 8.01938676886e-06, 6.41303904558e-06, 4.40488292952e-06, 3.31737919623e-06, 2.96184612125e-06, 2.76302034763e-06, 2.32891670748e-06, 1.72877219029e-06, 1.42782528201e-06, 1.28836995827e-06, 9.70527707977e-07, 6.55648022985e-07, 4.60174902628e-07, 3.35372106974e-07],
        "dmean2": [0.00120561895892, 0.00224674493074, 0.00190564908553, 0.0013722727308, 0.000374217139324, 0.000354499352397, 0.000780784932431, 0.000248766678851, 0.000140456511872, 0.000180351184099, 0.000184938544407, 0.00020836351905, 0.000109218875878, 7.3837407399e-05, 5.54728394491e-05, 4.2660998588e-05, 4.41342672275e-05, 7.09395535523e-05, 3.8167447201e-05, 2.6963189157e-05, 3.16548903356e-05, 2.47208336077e-05, 2.75263337244e-05, 3.18193669955e-05, 1.96425789909e-05, 1.57668982865e-05, 1.33944367917e-05, 1.0817938346e-05, 7.31758382244e-06, 5.50127288079e-06, 4.85169084641e-06, 4.50296647614e-06, 3.84099257644e-06, 2.85015789814e-06, 2.34917933994e-06, 2.16319153878e-06, 1.58209627443e-06, 1.04887089947e-06, 7.45461591123e-07, 5.17668752309e-07],
        "dvar": [1.35924722144e-06, 4.83116218675e-06, 2.7060048069e-06, 1.71782596681e-06, 7.85926062008e-08, 1.05807210105e-07, 5.26134044776e-07, 6.94430966064e-08, 1.43288154675e-08, 3.80244955522e-08, 4.1264648587e-08, 3.64919721108e-08, 2.20105498272e-08, 3.86783671757e-09, 2.39516140255e-09, 9.43799149944e-10, 9.84973436147e-10, 3.56063689644e-09, 1.84067838749e-09, 4.35929931042e-10, 5.84788384383e-10, 2.70152483717e-10, 2.9461652562e-10, 7.03102576161e-10, 1.3586867742e-10, 8.07072741971e-11, 6.92108315103e-11, 3.80800564692e-11, 1.82102007085e-11, 1.01091227403e-11, 8.33835864938e-12, 7.54944891324e-12, 5.65456449025e-12, 3.58151659371e-12, 3.46753506984e-12, 5.4461921084e-12, 2.82236256935e-12, 1.1574012148e-12, 6.34654167327e-13, 3.64488333179e-13],
        "dvar2": [3.72035810869e-06, 1.33096027639e-05, 7.15607120583e-06, 4.45762634627e-06, 2.08971428606e-07, 2.78751969063e-07, 1.26137763345e-06, 1.3941853183e-07, 3.61339118626e-08, 9.53753698241e-08, 1.02014553249e-07, 1.00432608008e-07, 6.1747734037e-08, 1.05004440698e-08, 6.18262818719e-09, 2.41938602485e-09, 2.45784503861e-09, 9.50921830167e-09, 5.01535080133e-09, 1.03801789386e-09, 1.5240887441e-09, 7.0941297281e-10, 7.75320918578e-10, 1.9058961076e-09, 3.54480000908e-10, 2.22089791002e-10, 1.95023788785e-10, 1.03280113628e-10, 4.98005352234e-11, 2.63185532395e-11, 2.16991494217e-11, 1.97272875119e-11, 1.44924645201e-11, 1.00272897624e-11, 9.07502371861e-12, 1.39870285493e-11, 6.75738198036e-12, 2.39232873962e-12, 1.36321628898e-12, 6.27367407156e-13],
        "max": [0.0131931332871, 0.0218998529017, 0.0137632638216, 0.0108412215486, 0.00278050731868, 0.00527517776936, 0.00925677176565, 0.00576272374019, 0.0013765579788, 0.00297719519585, 0.00350208580494, 0.00230858917348, 0.00214947690256, 0.000897600024473, 0.000750667590182, 0.000460118288174, 0.000403707963414, 0.000842325331178, 0.000797721091658, 0.00045558650163, 0.000295082078082, 0.000199740155949, 0.000172269079485, 0.000334828015184, 0.000130563566927, 8.76721314853e-05, 0.00011427145364, 7.46647783672e-05, 4.32345950685e-05, 3.64603874914e-05, 2.70311338681e-05, 2.88393694063e-05, 2.92132608593e-05, 2.94786514132e-05, 3.61320526281e-05, 4.05587234127e-05, 3.10248833557e-05, 2.27649743465e-05, 1.58537623065e-05, 1.24662919916e-05],
        "mean": [0.00167620950378, 0.00341286882758, 0.00230395467952, 0.00143986498006, 0.000525032752194, 0.000500144262332, 0.00118664896581, 0.000314994744258, 0.000187772151548, 0.000228425604291, 0.000197650690097, 0.000234521459788, 0.00012046178017, 0.000101640805951, 7.60836919653e-05, 5.52426718059e-05, 5.35947692697e-05, 9.29550078581e-05, 5.08265875396e-05, 3.58944707841e-05, 4.13759189541e-05, 3.5635119275e-05, 3.6923756852e-05, 4.386089131e-05, 2.71344524663e-05, 2.33990413108e-05, 1.98235411517e-05, 1.57655849762e-05, 1.16536484711e-05, 8.73656881595e-06, 7.53814947529e-06, 7.19807894711e-06, 5.95868959863e-06, 4.49292338089e-06, 3.89748356611e-06, 3.36971584147e-06, 2.47045750257e-06, 1.74802767106e-06, 1.21249956919e-06, 8.35379353248e-07],
        "median": [0.00111977395136, 0.00263208569959, 0.00183377368376, 0.000923939107452, 0.000391110166674, 0.000318228441756, 0.000402088131523, 0.000187687997823, 0.000123217847431, 0.000106558887637, 0.000107962798211, 0.000144907724462, 6.55887051835e-05, 6.32045848761e-05, 4.4252799853e-05, 4.20192482125e-05, 3.88739463233e-05, 6.27197732683e-05, 3.22309824696e-05, 2.45889641519e-05, 2.69728152489e-05, 2.56548355537e-05, 3.00203082588e-05, 2.7285208489e-05, 2.276831583e-05, 2.02989740501e-05, 1.7702808691e-05, 1.41241343954e-05, 1.06719962787e-05, 7.82576080383e-06, 6.69688233756e-06, 6.39294239591e-06, 5.18271053807e-06, 3.82191410608e-06, 3.3017890928e-06, 2.63065908257e-06, 1.92590550796e-06, 1.37957829338e-06, 9.73783471636e-07, 6.18768012828e-07],
        "min": [2.66697111329e-06, 2.15918225877e-05, 6.05564382568e-05, 2.38380271185e-05, 1.73623338924e-05, 1.36627886604e-05, 9.8047330539e-06, 1.13442074507e-05, 1.50168443724e-06, 4.0351651478e-06, 3.02548232867e-06, 4.14593887399e-06, 1.77341507879e-06, 2.67182144853e-06, 1.96816199605e-06, 2.72107558885e-06, 1.74120805241e-06, 1.74176454948e-06, 1.64466905517e-06, 1.9121916921e-06, 1.80294091479e-06, 1.2340063904e-06, 1.9859751319e-06, 1.57010026669e-06, 1.35021559799e-06, 1.89683919416e-06, 1.99069359041e-06, 1.58688033025e-06, 7.43801535918e-07, 5.66402206914e-07, 5.41307201729e-07, 4.74540854611e-07, 2.31934137673e-07, 2.74951332813e-07, 2.03610611038e-07, 1.63999501979e-07, 7.73485595573e-08, 5.13066780172e-08, 3.28789191428e-08, 1.34557467391e-08],
