{
"highlevel": {
    "danceability": {
        "all": {
            "danceable": 0.988062679768,
            "not_danceable": 0.0119373071939
        },
        "probability": 0.988062679768,
        "value": "danceable"
    },
    "gender": {
        "all": {
            "female": 0.447429269552,
            "male": 0.552570700645
        },
        "probability": 0.552570700645,
        "value": "male"
    },
    "genre_dortmund": {
        "all": {
            "alternative": 0.00957490876317,
            "blues": 0.028943169862,
            "electronic": 0.0964392274618,
            "folkcountry": 0.0145485037938,
            "funksoulrnb": 0.0339281857014,
            "jazz": 0.669623315334,
            "pop": 0.0193936415017,
            "raphiphop": 0.11607696116,
            "rock": 0.0114720640704
        },
        "probability": 0.669623315334,
        "value": "jazz"
    },
    "genre_electronic": {
        "all": {
            "ambient": 0.619027137756,
            "dnb": 0.102771118283,
            "house": 0.196707606316,
            "techno": 0.0260956156999,
            "trance": 0.0553985238075
        },
        "probability": 0.619027137756,
        "value": "ambient"
    },
    "genre_rosamerica": {
        "all": {
            "cla": 0.00528058269992,
            "dan": 0.0820755288005,
            "hip": 0.681188225746,
            "jaz": 0.0580824241042,
            "pop": 0.0308768432587,
            "rhy": 0.129357516766,
            "roc": 0.00395528227091,
            "spe": 0.00918360985816
        },
        "probability": 0.681188225746,
        "value": "hip"
    },
    "genre_tzanetakis": {
        "all": {
            "blu": 0.0620671063662,
            "cla": 0.034474901855,
            "cou": 0.103433981538,
            "dis": 0.0620971247554,
            "hip": 0.15527240932,
            "jaz": 0.310666948557,
            "met": 0.044346679002,
            "pop": 0.0620793737471,
            "reg": 0.0620816536248,
            "roc": 0.103479810059
        },
        "probability": 0.310666948557,
        "value": "jaz"
    },
    "ismir04_rhythm": {
        "all": {
            "ChaChaCha": 0.00771456304938,
            "Jive": 0.00571198342368,
            "Quickstep": 0.21522153914,
            "Rumba-American": 0.0109684262425,
            "Rumba-International": 0.0375768318772,
            "Rumba-Misc": 0.00833368208259,
            "Samba": 0.703356862068,
            "Tango": 0.00554851070046,
            "VienneseWaltz": 0.00126685097348,
            "Waltz": 0.00430075451732
        },
        "probability": 0.703356862068,
        "value": "Samba"
    },
    "mood_acoustic": {
        "all": {
            "acoustic": 0.34739908576,
            "not_acoustic": 0.652600944042
        },
        "probability": 0.652600944042,
        "value": "not_acoustic"
    },
    "mood_aggressive": {
        "all": {
            "aggressive": 0.179713949561,
            "not_aggressive": 0.820286035538
        },
        "probability": 0.820286035538,
        "value": "not_aggressive"
    },
    "mood_electronic": {
        "all": {
            "electronic": 0.750561952591,
            "not_electronic": 0.249438032508
        },
        "probability": 0.750561952591,
        "value": "electronic"
    },
    "mood_happy": {
        "all": {
            "happy": 0.0565987974405,
            "not_happy": 0.943401217461
        },
        "probability": 0.943401217461,
        "value": "not_happy"
    },
    "mood_party": {
        "all": {
            "not_party": 0.385906398296,
            "party": 0.614093601704
        },
        "probability": 0.614093601704,
        "value": "party"
    },
    "mood_relaxed": {
        "all": {
            "not_relaxed": 0.514750540257,
            "relaxed": 0.485249429941
        },
        "probability": 0.514750540257,
        "value": "not_relaxed"
    },
    "mood_sad": {
        "all": {
            "not_sad": 0.281550854445,
            "sad": 0.718449115753
        },
        "probability": 0.718449115753,
        "value": "sad"
    },
    "moods_mirex": {
        "all": {
            "Cluster1": 0.267531186342,
            "Cluster2": 0.300178289413,
            "Cluster3": 0.0928700044751,
            "Cluster4": 0.144357576966,
            "Cluster5": 0.195062950253
        },
        "probability": 0.300178289413,
        "value": "Cluster2"
    },
    "timbre": {
        "all": {
            "bright": 0.461225658655,
            "dark": 0.538774311543
        },
        "probability": 0.538774311543,
        "value": "dark"
    },
    "tonal_atonal": {
        "all": {
            "atonal": 0.464005619287,
            "tonal": 0.53599435091
        },
        "probability": 0.53599435091,
        "value": "tonal"
    },
    "voice_instrumental": {
        "all": {
            "instrumental": 0.375292181969,
            "voice": 0.624707818031
        },
        "probability": 0.624707818031,
        "value": "voice"
    }
},
"lowlevel": {
    "average_loudness": 0.977886259556,
    "barkbands_crest": {
        "dmean": 3.98672842979,
        "dmean2": 6.53079843521,
        "dvar": 14.4881467819,
        "dvar2": 35.1151542664,
        "max": 25.3834533691,
        "mean": 13.791390419,
        "median": 13.2465400696,
        "min": 3.30395555496,
        "var": 28.3997612
    },
    "barkbands_flatness_db": {
        "dmean": 0.0424237400293,
        "dmean2": 0.0632177814841,
        "dvar": 0.0018055747496,
        "dvar2": 0.00407253112644,
        "max": 0.486747205257,
        "mean": 0.183063179255,
        "median": 0.180425852537,
        "min": 0.0330074876547,
        "var": 0.00419873697683
    },
    "barkbands_kurtosis": {
        "dmean": 16.1696929932,
        "dmean2": 25.991809845,
        "dvar": 2048.49267578,
        "dvar2": 5582.93847656,
        "max": 777.799377441,
        "mean": 18.5996398926,
        "median": 4.40532255173,
        "min": -1.81029295921,
        "var": 2675.75805664
    },
    "barkbands_skewness": {
        "dmean": 1.30388271809,
        "dmean2": 1.95310211182,
        "dvar": 2.83739829063,
        "dvar2": 6.18856716156,
        "max": 24.6119537354,
        "mean": 2.74637794495,
        "median": 1.97314119339,
        "min": -1.86142027378,
        "var": 7.67225694656
    },
    "barkbands_spread": {
        "dmean": 8.81052398682,
        "dmean2": 14.0525455475,
        "dvar": 120.037445068,
        "dvar2": 292.305999756,
        "max": 85.4085540771,
        "mean": 18.9948787689,
        "median": 16.4564819336,
        "min": 0.267739236355,
        "var": 173.905044556
    },
    "dissonance": {
        "dmean": 0.0304320063442,
        "dmean2": 0.0485617630184,
        "dvar": 0.000921667611692,
        "dvar2": 0.00240575382486,
        "max": 0.499999970198,
        "mean": 0.440880715847,
        "median": 0.454263865948,
        "min": 0.216846615076,
        "var": 0.00229418021627
    },
    "dynamic_complexity": 2.9460978508,
    "erbbands_crest": {
        "dmean": 3.85950231552,
        "dmean2": 6.09552526474,
        "dvar": 11.0700130463,
        "dvar2": 27.5566539764,
        "max": 31.6271457672,
        "mean": 11.0493602753,
        "median": 10.1697597504,
        "min": 2.56500315666,
        "var": 29.0785198212
    },
    "erbbands_flatness_db": {
        "dmean": 0.0229499042034,
        "dmean2": 0.0336217880249,
        "dvar": 0.000440650997916,
        "dvar2": 0.000842578941956,
        "max": 0.30020943284,
        "mean": 0.147701025009,
        "median": 0.141898706555,
        "min": 0.0641459152102,
        "var": 0.00197158427909
    },
    "erbbands_kurtosis": {
        "dmean": 1.6794989109,
        "dmean2": 2.52570319176,
        "dvar": 4.77224588394,
        "dvar2": 9.62057495117,
        "max": 29.3044319153,
        "mean": 1.489153862,
        "median": 0.165321111679,
        "min": -1.78728342056,
        "var": 13.7879829407
    },
    "erbbands_skewness": {
        "dmean": 0.572583198547,
        "dmean2": 0.862158596516,
        "dvar": 0.268282562494,
        "dvar2": 0.636619150639,
        "max": 3.96268677711,
        "mean": 0.701906323433,
        "median": 0.69504237175,
        "min": -2.33127522469,
        "var": 0.736343324184
    },
    "erbbands_spread": {
        "dmean": 15.6162567139,
        "dmean2": 23.0852603912,
        "dvar": 265.739471436,
        "dvar2": 635.485839844,
        "max": 175.422851562,
        "mean": 49.1089782715,
        "median": 45.8711662292,
        "min": 3.18873977661,
        "var": 812.200195312
    },
    "hfc": {
        "dmean": 11.1325349808,
        "dmean2": 17.2247524261,
        "dvar": 397.054046631,
        "dvar2": 1024.56433105,
        "max": 124.51209259,
        "mean": 16.3509120941,
        "median": 11.3411130905,
        "min": 0.0768920779228,
        "var": 378.504119873
    },
    "melbands_crest": {
        "dmean": 4.35527658463,
        "dmean2": 7.26150083542,
        "dvar": 17.3303565979,
        "dvar2": 42.9342460632,
        "max": 37.3183403015,
        "mean": 19.0081386566,
        "median": 18.10795784,
        "min": 3.27089381218,
        "var": 51.1454811096
    },
    "melbands_flatness_db": {
        "dmean": 0.0504810474813,
        "dmean2": 0.0755823403597,
        "dvar": 0.00265767634846,
        "dvar2": 0.00583999510854,
        "max": 0.580384910107,
        "mean": 0.241384133697,
        "median": 0.233961820602,
        "min": 0.0291785988957,
        "var": 0.00709931040183
    },
    "melbands_kurtosis": {
        "dmean": 40.8642845154,
        "dmean2": 60.986782074,
        "dvar": 9221.59082031,
        "dvar2": 19897.8339844,
        "max": 1431.24255371,
        "mean": 56.4823379517,
        "median": 14.3147544861,
        "min": -1.74888789654,
        "var": 19780.234375
    },
    "melbands_skewness": {
        "dmean": 1.79909288883,
        "dmean2": 2.75551557541,
        "dvar": 5.46525144577,
        "dvar2": 11.4718723297,
        "max": 29.6201972961,
        "mean": 4.32315254211,
        "median": 3.1035220623,
        "min": -1.06413686275,
        "var": 17.401971817
    },
    "melbands_spread": {
        "dmean": 8.93619441986,
        "dmean2": 14.6471500397,
        "dvar": 192.44203186,
        "dvar2": 489.868743896,
        "max": 186.768539429,
        "mean": 17.4503574371,
        "median": 14.8458185196,
        "min": 0.164060547948,
        "var": 236.284011841
    },
    "pitch_salience": {
        "dmean": 0.105931200087,
        "dmean2": 0.176382541656,
        "dvar": 0.0135835390538,
        "dvar2": 0.0325197018683,
        "max": 0.871938109398,
        "mean": 0.439335912466,
        "median": 0.441032767296,
        "min": 0.028046714142,
        "var": 0.0274317655712
    },
    "silence_rate_20dB": {
        "dmean": 0,
        "dmean2": 0,
        "dvar": 0,
        "dvar2": 0,
        "max": 1,
        "mean": 1,
        "median": 1,
        "min": 1,
        "var": 0
    },
    "silence_rate_30dB": {
        "dmean": 0.0541795678437,
        "dmean2": 0.108443066478,
        "dvar": 0.0512451417744,
        "dvar2": 0.147807180882,
        "max": 1,
        "mean": 0.97138440609,
        "median": 1,
        "min": 0,
        "var": 0.0277967881411
    },
    "silence_rate_60dB": {
        "dmean": 0.0247678011656,
        "dmean2": 0.0495739728212,
        "dvar": 0.0241544563323,
        "dvar2": 0.0533126071095,
        "max": 1,
        "mean": 0.0378963649273,
        "median": 0,
        "min": 0,
        "var": 0.0364602282643
    },
    "spectral_centroid": {
        "dmean": 411.463470459,
        "dmean2": 649.731384277,
        "dvar": 228480.390625,
        "dvar2": 527297.6875,
        "max": 4191.97265625,
        "mean": 1126.26049805,
        "median": 987.96307373,
        "min": 159.531341553,
        "var": 383636.25
    },
    "spectral_complexity": {
        "dmean": 5.31501531601,
        "dmean2": 8.31216144562,
        "dvar": 56.4775848389,
        "dvar2": 123.914222717,
        "max": 53,
        "mean": 11.8561487198,
        "median": 10,
        "min": 0,
        "var": 81.5709686279
    },
    "spectral_decrease": {
        "dmean": 3.64815089249e-09,
        "dmean2": 5.30238297713e-09,
        "dvar": 2.98055872539e-17,
        "dvar2": 4.64849464609e-17,
        "max": -1.09857860656e-11,
        "mean": -7.19359505297e-09,
        "median": -4.99128027798e-09,
        "min": -3.64935388575e-08,
        "var": 5.28055890314e-17
    },
    "spectral_energy": {
        "dmean": 0.0142708765343,
        "dmean2": 0.0206686276942,
        "dvar": 0.000450467399787,
        "dvar2": 0.00069951399928,
        "max": 0.139984607697,
        "mean": 0.0286333505064,
        "median": 0.0199252013117,
        "min": 4.98698900628e-05,
        "var": 0.000810810772236
    },
    "spectral_energyband_high": {
        "dmean": 0.000829329714179,
        "dmean2": 0.00136978772935,
        "dvar": 2.89098738904e-06,
        "dvar2": 7.69792586652e-06,
        "max": 0.0110563142225,
        "mean": 0.000876057369169,
        "median": 0.000364122417523,
        "min": 2.05809192266e-06,
        "var": 2.269497827e-06
    },
    "spectral_energyband_low": {
        "dmean": 0.0091155981645,
        "dmean2": 0.0141288554296,
        "dvar": 0.000407526007621,
        "dvar2": 0.000678145617712,
        "max": 0.135310456157,
        "mean": 0.014327891171,
        "median": 0.00681374873966,
        "min": 3.99040516186e-07,
        "var": 0.0006305189454
    },
    "spectral_energyband_middle_high": {
        "dmean": 0.00209265062585,
        "dmean2": 0.003335819114,
        "dvar": 1.08555877887e-05,
        "dvar2": 2.73088044196e-05,
        "max": 0.0222510304302,
        "mean": 0.00322480150498,
        "median": 0.00148168124724,
        "min": 4.44506986241e-06,
        "var": 1.73198404809e-05
    },
    "spectral_energyband_middle_low": {
        "dmean": 0.00743440724909,
        "dmean2": 0.0110459467396,
        "dvar": 0.000151978572831,
        "dvar2": 0.000330343056703,
        "max": 0.0872038677335,
        "mean": 0.011212577112,
        "median": 0.00643931003287,
        "min": 2.822935312e-05,
        "var": 0.000206663244171
    },
    "spectral_entropy": {
        "dmean": 0.287920415401,
        "dmean2": 0.420398145914,
        "dvar": 0.0742948576808,
        "dvar2": 0.162152186036,
        "max": 8.54025936127,
        "mean": 7.50056934357,
        "median": 7.50783348083,
        "min": 6.01736831665,
        "var": 0.217145994306
    },
    "spectral_flux": {
        "dmean": 0.0424251072109,
        "dmean2": 0.060172971338,
        "dvar": 0.00241891527548,
        "dvar2": 0.00378809031099,
        "max": 0.400709360838,
        "mean": 0.0957000553608,
        "median": 0.0671129375696,
        "min": 0.00562477903441,
        "var": 0.0060946806334
    },
    "spectral_kurtosis": {
        "dmean": 1.0547426939,
        "dmean2": 1.68023252487,
        "dvar": 0.948334217072,
        "dvar2": 2.19820809364,
        "max": 9.97733306885,
        "mean": 2.84856104851,
        "median": 2.53043365479,
        "min": -0.450704336166,
        "var": 2.55921077728
    },
    "spectral_rms": {
        "dmean": 0.00120636401698,
        "dmean2": 0.00169510697015,
        "dvar": 2.12484155782e-06,
        "dvar2": 3.11394592245e-06,
        "max": 0.0116863315925,
        "mean": 0.00476760417223,
        "median": 0.0044089932926,
        "min": 0.000220575500862,
        "var": 5.20494586453e-06
    },
    "spectral_rolloff": {
        "dmean": 663.714172363,
        "dmean2": 1182.69262695,
        "dvar": 1371189.875,
        "dvar2": 3223425.25,
        "max": 13350.5859375,
        "mean": 1060.17443848,
        "median": 624.462890625,
        "min": 43.06640625,
        "var": 1804412.5
    },
    "spectral_skewness": {
        "dmean": 0.231126174331,
        "dmean2": 0.342901498079,
        "dvar": 0.0413044653833,
        "dvar2": 0.0884163752198,
        "max": 2.76470255852,
        "mean": 1.43527388573,
        "median": 1.379732728,
        "min": 0.0844338834286,
        "var": 0.166647657752
    },
    "spectral_spread": {
        "dmean": 761097.6875,
        "dmean2": 1115556.125,
        "dvar": 565129904128,
        "dvar2": 1.22419884851e+12,
        "max": 11760803,
        "mean": 5924768,
        "median": 5676412,
        "min": 2606872.25,
        "var": 1.70334303027e+12
    },
    "spectral_strongpeak": {
        "dmean": 0.514657497406,
        "dmean2": 0.852163314819,
        "dvar": 0.629030227661,
        "dvar2": 1.50729441643,
        "max": 7.19065189362,
        "mean": 0.909587085247,
        "median": 0.407516539097,
        "min": 0.00952339731157,
        "var": 1.22697162628
    },
    "zerocrossingrate": {
        "dmean": 0.0134016573429,
        "dmean2": 0.0176567938179,
        "dvar": 0.000229416822549,
        "dvar2": 0.000338524696417,
        "max": 0.322265625,
        "mean": 0.0526233501732,
        "median": 0.04833984375,
        "min": 0.0029296875,
        "var": 0.000980260432698
    },
    "barkbands": {
        "dmean": [0.000269580224995, 0.00704389624298, 0.0050781974569, 0.00172871479299, 0.00426403526217, 0.00118410447612, 0.000627001747489, 0.0011808143463, 0.000662688165903, 0.000142354503623, 0.000204816606129, 0.000672991154715, 0.000419301155489, 0.000269848358585, 0.00023040889937, 0.000120898192108, 0.000171653475263, 0.000185579134268, 0.00015510006051, 0.000155407920829, 0.000159585790243, 0.000135549271363, 0.000149903949932, 0.000135397305712, 0.000113310044981, 9.31301474338e-05, 3.65946675629e-07],
        "dmean2": [0.000396826857468, 0.0119882384315, 0.00863771233708, 0.00313610653393, 0.00622811168432, 0.00197650911286, 0.00109492533375, 0.00186995696276, 0.000967806379776, 0.000224273724598, 0.000309518683935, 0.00102061778307, 0.00068404286867, 0.000430995336501, 0.000374514260329, 0.000202618000912, 0.000297029531794, 0.000333221367327, 0.000274905614788, 0.000257504900219, 0.000272118719295, 0.000218579021748, 0.000242331982008, 0.000226706149988, 0.000190053513506, 0.000162521115271, 6.65750917506e-07],
        "dvar": [2.01585720561e-07, 0.00028986853431, 0.000264951610006, 3.27096422552e-05, 0.00012537339353, 3.40315386893e-06, 1.90162245417e-06, 5.74190698899e-06, 1.67438440712e-06, 8.44966194791e-08, 1.94321998492e-07, 2.1783214379e-06, 6.63197681661e-07, 2.9538415447e-07, 2.07746808201e-07, 5.77505439026e-08, 1.18612526023e-07, 1.80755009183e-07, 1.38911829595e-07, 6.13990849274e-08, 9.71996954036e-08, 5.63679130039e-08, 7.49308810555e-08, 9.95046463004e-08, 7.84816762689e-08, 7.30509555069e-08, 2.65651563247e-12],
        "dvar2": [3.91180719816e-07, 0.000769416452385, 0.000668711145408, 9.19192607398e-05, 0.000273227400612, 8.85274585016e-06, 4.9855443649e-06, 1.29017753352e-05, 3.38075506079e-06, 2.10335755924e-07, 4.17115785467e-07, 4.60880619357e-06, 1.66338816143e-06, 7.34840227778e-07, 4.9991325568e-07, 1.40659267345e-07, 3.15688964747e-07, 5.07034485508e-07, 3.91467438021e-07, 1.58437742925e-07, 2.66760650902e-07, 1.40490513445e-07, 1.93141474369e-07, 2.67467754611e-07, 2.09909856608e-07, 2.02245132641e-07, 7.58961123115e-12],
        "max": [0.00485998764634, 0.114169254899, 0.111808851361, 0.0450365543365, 0.0806997492909, 0.0155846755952, 0.0144774559885, 0.0291057843715, 0.0181778036058, 0.0036409124732, 0.00711389956996, 0.0215614698827, 0.0105108851567, 0.00668736454099, 0.00387190561742, 0.00167976261582, 0.00224206456915, 0.00319287390448, 0.00261299847625, 0.00158850755543, 0.00211365451105, 0.00156631320715, 0.00249691633508, 0.00223736045882, 0.00198902375996, 0.00207946030423, 2.23187307711e-05],
        "mean": [0.000523870112374, 0.0088973082602, 0.00393209652975, 0.00140262104105, 0.00450349040329, 0.00181106454693, 0.000627811707091, 0.00155271054246, 0.00125470256899, 0.000185559387319, 0.00034009310184, 0.00105996301863, 0.000528503209352, 0.000291969627142, 0.000262916408246, 0.000115297050797, 0.000144382749568, 0.000145650847116, 0.000117929288535, 0.000169553124579, 0.000162866374012, 0.000151897867909, 0.000157490358106, 0.000123154139146, 9.81541888905e-05, 7.20235184417e-05, 2.25229271678e-07],
        "median": [8.57474224176e-05, 0.00502205360681, 0.000105604536657, 0.000239357439568, 0.000980037613772, 0.000993647030555, 0.000179069320438, 0.000318026228342, 0.000163281583809, 5.41090194019e-05, 6.18365666014e-05, 0.000128881598357, 0.000139851414133, 6.07054971624e-05, 3.67767861462e-05, 2.9205401006e-05, 3.02086209558e-05, 3.11197400151e-05, 2.21436657739e-05, 6.35892429273e-05, 5.63473004149e-05, 5.53315185243e-05, 6.48062705295e-05, 3.80142191716e-05, 2.48057167482e-05, 1.42186445373e-05, 4.8346043835e-10],
        "min": [4.45184555886e-09, 3.39085275414e-08, 4.91566254368e-08, 2.29183470424e-07, 1.6365323745e-06, 2.29322168366e-07, 3.485576201e-07, 5.94767186612e-07, 4.71967098292e-07, 4.14398670046e-07, 7.50203028588e-08, 2.58896534433e-07, 5.05320144839e-07, 1.23698342236e-07, 9.91278170659e-08, 2.91506996319e-08, 8.23103505354e-08, 1.74605744974e-07, 1.14125825235e-07, 1.68018587487e-07, 1.29770171498e-07, 3.05092243025e-07, 3.01317385265e-07, 1.45671435803e-07, 2.13986321995e-08, 4.70300909328e-10, 4.4808575253e-12],
        "var": [6.85676241119e-07, 0.00024638036848, 0.000204796990147, 2.15404033952e-05, 0.000136712362291, 5.04873878526e-06, 1.7272743662e-06, 1.01301384348e-05, 5.743406291e-06, 1.08100010721e-07, 5.81717984005e-07, 6.19808633928e-06, 1.03959632725e-06, 3.22666778629e-07, 2.66973302132e-07, 5.25289927111e-08, 8.84959021619e-08, 1.15433039127e-07, 8.64802842671e-08, 6.46972821983e-08, 7.61439835628e-08, 5.73022411743e-08, 6.72076225783e-08, 7.30128491e-08, 5.71887781575e-08, 4.79327724179e-08, 1.52337799493e-12]
    },
    "erbbands": {
        "dmean": [0.170870527625, 1.68811321259, 4.73217821121, 7.10492897034, 4.09007835388, 22.3075046539, 13.325717926, 8.53653240204, 8.40892601013, 13.5287570953, 27.5148601532, 15.5937318802, 4.72346639633, 5.99372053146, 10.0503768921, 26.6001358032, 19.6996803284, 15.0356864929, 12.6069097519, 9.42805862427, 6.71168708801, 10.2554607391, 10.5178604126, 9.64251804352, 6.2467508316, 7.31707954407, 6.76891088486, 6.36763095856, 5.65194320679, 3.77552127838, 4.32286214828, 3.17626190186, 2.24497365952, 1.15524661541, 0.872350752354, 0.505965232849, 0.16089732945, 0.0114265149459, 0.000267668277957, 3.1004063203e-05],
        "dmean2": [0.27965554595, 2.84355282784, 7.48210048676, 12.6381397247, 6.9393825531, 32.9348144531, 20.5975971222, 14.4163618088, 14.4068918228, 23.0644645691, 41.6250724792, 22.7263183594, 7.31496906281, 9.09146976471, 15.9618377686, 40.2194900513, 31.1676902771, 23.9094524384, 20.3690433502, 15.7645511627, 11.0405244827, 17.7811565399, 18.7261447906, 17.5416870117, 10.6644268036, 12.1791734695, 11.2655029297, 10.7176065445, 9.30319881439, 5.89562892914, 7.0905251503, 5.29561090469, 3.86069011688, 1.92948436737, 1.47162973881, 0.892314314842, 0.279776185751, 0.0197726115584, 0.00046149638365, 4.67802019557e-05],
        "dvar": [0.0913886129856, 20.1276321411, 195.557052612, 558.446289062, 62.458366394, 4066.40795898, 595.686584473, 216.691131592, 333.744049072, 893.492675781, 2734.00048828, 936.470703125, 76.7256240845, 147.958679199, 580.574279785, 4030.08544922, 1364.59777832, 831.445983887, 634.962585449, 424.852203369, 171.470275879, 439.094421387, 539.625305176, 631.243164062, 145.278533936, 144.626815796, 135.11050415, 160.126251221, 115.807868958, 31.7804012299, 73.7089004517, 57.9848175049, 27.880027771, 7.08699655533, 4.84038352966, 2.20748448372, 0.227570876479, 0.000918075384106, 5.58079932489e-07, 4.31027302739e-09],
        "dvar2": [0.227145686746, 52.6430625916, 446.862518311, 1522.9777832, 164.83972168, 8934.59765625, 1223.5489502, 585.633117676, 873.298583984, 2222.85717773, 5496.15625, 1862.31408691, 174.113327026, 350.040100098, 1311.30700684, 8895.94140625, 3252.90356445, 2024.20507812, 1492.06164551, 1103.56481934, 408.721740723, 1174.67346191, 1499.26062012, 1801.3236084, 391.904327393, 375.387939453, 363.990234375, 433.408660889, 299.356719971, 74.8210144043, 195.405166626, 156.118331909, 75.7220687866, 18.7970924377, 12.9131135941, 6.12571287155, 0.629706561565, 0.00251958915032, 1.52795371378e-06, 1.07231361568e-08],
        "max": [2.06365871429, 30.4894275665, 106.065498352, 146.110107422, 62.0151596069, 462.055175781, 181.212493896, 117.945579529, 194.972518921, 376.892272949, 713.673583984, 454.333831787, 102.760414124, 183.767578125, 407.528808594, 1109.52844238, 407.810028076, 384.680175781, 238.467788696, 146.01663208, 83.7230148315, 131.477767944, 162.207763672, 182.047073364, 72.8104019165, 87.7288665771, 95.3789596558, 87.810043335, 72.0167007446, 54.6853485107, 81.0368728638, 50.812210083, 41.746421814, 18.021402359, 16.8088150024, 10.6665325165, 4.24526596069, 0.227641373873, 0.00540031585842, 0.000688561296556],
        "mean": [0.283953756094, 1.87172365189, 4.33262062073, 5.45811367035, 4.956346035, 21.4956989288, 19.8246078491, 11.9601697922, 9.3638458252, 14.3297319412, 42.9289131165, 29.2969932556, 7.9313211441, 9.17510509491, 14.9181194305, 42.2151260376, 30.8171863556, 19.1674098969, 15.0513143539, 9.50097370148, 6.65711259842, 8.54702568054, 8.40740776062, 6.97811841965, 5.60659408569, 7.71106672287, 7.53878688812, 6.24885082245, 5.71783781052, 4.98093700409, 4.24484777451, 2.87366771698, 1.9741641283, 1.05378603935, 0.720653116703, 0.383038520813, 0.125612020493, 0.0091906003654, 0.00022166200506, 4.64755976282e-05],
        "median": [0.165525302291, 0.732184946537, 0.280636608601, 0.647715806961, 1.8125064373, 3.13366484642, 7.12360954285, 6.179874897, 3.01101565361, 4.31559514999, 9.09010219574, 5.26652431488, 2.18102884293, 2.46587061882, 3.13397908211, 5.69181919098, 7.71428632736, 6.49692249298, 2.60341048241, 1.79449224472, 1.79188656807, 1.78497707844, 1.83977103233, 1.24728000164, 1.48647642136, 2.85296344757, 2.8636200428, 2.08283877373, 1.6416618824, 2.50037646294, 1.53327465057, 0.798544466496, 0.592437744141, 0.3032348454, 0.148545205593, 0.0755699276924, 0.0234014652669, 0.0016536929179, 4.67983954877e-05, 2.59480148088e-05],
        "min": [2.09950530916e-06, 1.62702162925e-05, 0.000169518913026, 0.000826140923891, 0.00439137360081, 0.00530022382736, 0.00769532239065, 0.00282963248901, 0.00664797239006, 0.017363043502, 0.0117797944695, 0.0225631352514, 0.0123341446742, 0.00673604523763, 0.00664541916922, 0.0132358064875, 0.024239718914, 0.0150134982541, 0.0071937283501, 0.00274860626087, 0.00181422650348, 0.00552681973204, 0.0111979926005, 0.0076984600164, 0.00619060406461, 0.0107022644952, 0.0112571930513, 0.00530911330134, 0.0117854764685, 0.010343587026, 0.0127350967377, 0.00765970535576, 0.00268727797084, 0.000622564053629, 0.000211152175325, 2.01974817173e-05, 5.44961631022e-06, 5.70716736092e-07, 9.51728736709e-07, 1.62828825978e-07],
        "var": [0.137507528067, 16.389333725, 183.248168945, 372.875640869, 63.3369636536, 4204.81005859, 950.202514648, 252.114486694, 362.413269043, 1032.46813965, 6369.99902344, 3475.55224609, 215.757736206, 293.39730835, 1372.56384277, 9594.23828125, 3151.29907227, 1071.17871094, 883.946228027, 398.519470215, 164.381378174, 320.892822266, 356.36227417, 368.635314941, 109.922805786, 149.887466431, 128.695022583, 125.971603394, 102.083976746, 39.8408546448, 60.2089385986, 42.1944503784, 19.6930160522, 5.33519554138, 3.52373957634, 1.42016673088, 0.150203406811, 0.000639271456748, 3.8309019601e-07, 4.38235492339e-09]
    },
    "gfcc": {
        "mean": [-21.3618583679, 74.7423095703, -93.7207260132, 33.7524871826, -69.2314682007, 22.6609897614, -40.9501113892, 3.32610654831, -25.1900558472, 14.2462882996, -13.084854126, 4.29977273941, -14.3545532227],
        "cov": [[4746.33886719, -402.613372803, -573.881835938, -207.511276245, -213.354995728, -39.3317680359, -176.308074951, 89.4756622314, -189.981658936, 7.08021259308, -231.843261719, -31.1357383728, -80.1407165527], [-402.613372803, 763.904968262, 122.188713074, -20.1966438293, 71.0684814453, 181.598007202, 292.267944336, 14.2716598511, 125.576446533, 57.4519081116, 174.40322876, 28.0922412872, 110.28263855], [-573.881835938, 122.188713074, 994.51159668, 430.789245605, 401.625579834, 210.13873291, 165.988677979, 161.865829468, 101.657058716, 84.9914321899, 98.0803985596, 105.618927002, 20.1812477112], [-207.511276245, -20.1966438293, 430.789245605, 845.122802734, 361.06161499, 41.7480773926, 64.3560943604, 147.379943848, 183.07673645, 20.1796875, 88.7033004761, 76.4467697144, 167.933868408], [-213.354995728, 71.0684814453, 401.625579834, 361.06161499, 406.821990967, 147.74887085, 105.124984741, 162.25062561, 146.214248657, 87.3484954834, 81.987159729, 70.7884368896, 73.0079193115], [-39.3317680359, 181.598007202, 210.13873291, 41.7480773926, 147.74887085, 367.054077148, 294.658233643, 112.997360229, 90.9388275146, 98.0256576538, 115.509689331, 52.9672203064, 63.5043525696], [-176.308074951, 292.267944336, 165.988677979, 64.3560943604, 105.124984741, 294.658233643, 451.766723633, 132.381561279, 96.1674346924, 93.1667022705, 124.181442261, 81.6618041992, 73.3407821655], [89.4756622314, 14.2716598511, 161.865829468, 147.379943848, 162.25062561, 112.997360229, 132.381561279, 250.49206543, 139.231262207, 70.8361663818, 60.9924240112, 37.9589614868, 40.2784881592], [-189.981658936, 125.576446533, 101.657058716, 183.07673645, 146.214248657, 90.9388275146, 96.1674346924, 139.231262207, 246.542770386, 88.9483032227, 40.8648986816, 7.81974315643, 75.8143310547], [7.08021259308, 57.4519081116, 84.9914321899, 20.1796875, 87.3484954834, 98.0256576538, 93.1667022705, 70.8361663818, 88.9483032227, 149.169448853, 45.513710022, 21.3868236542, 42.5633544922], [-231.843261719, 174.40322876, 98.0803985596, 88.7033004761, 81.987159729, 115.509689331, 124.181442261, 60.9924240112, 40.8648986816, 45.513710022, 190.434326172, 78.9887008667, 53.827835083], [-31.1357383728, 28.0922412872, 105.618927002, 76.4467697144, 70.7884368896, 52.9672203064, 81.6618041992, 37.9589614868, 7.81974315643, 21.3868236542, 78.9887008667, 146.313980103, 58.1481895447], [-80.1407165527, 110.28263855, 20.1812477112, 167.933868408, 73.0079193115, 63.5043525696, 73.3407821655, 40.2784881592, 75.8143310547, 42.5633544922, 53.827835083, 58.1481895447, 194.010467529]],
        "icov": [[0.000337788427714, -0.000300366256852, 0.000390521425288, -0.000397023773985, 0.000274620775599, -0.00061588617973, 0.000544304086361, -0.000791191996541, 0.000797553686425, -0.000576610502321, 0.000910644477699, -0.000562621396966, 0.000400867429562], [-0.000300366256852, 0.00366880907677, -0.00115277571604, 0.00201269844547, -0.00118040386587, 0.00214302795939, -0.00312186940573, 0.00298586348072, -0.00311822118238, 0.00222318363376, -0.00411000894383, 0.00283192237839, -0.00250651617534], [0.000390521425288, -0.00115277571604, 0.00266754860058, -0.00159465370234, -0.000764413853176, -0.00184025906492, 0.00124940869864, -0.00146510731429, 0.00202636397444, -0.00150271772873, 0.00212589371949, -0.00197204272263, 0.00218036631122], [-0.000397023773985, 0.00201269844547, -0.00159465370234, 0.00421156268567, -0.00267859501764, 0.00290155038238, -0.00228218990378, 0.00207503163256, -0.00317220552824, 0.00326720881276, -0.00332361273468, 0.0023619455751, -0.00356049858965], [0.000274620775599, -0.00118040386587, -0.000764413853176, -0.00267859501764, 0.00755932275206, -0.0027577765286, 0.0025023133494, -0.0028316762764, 0.00052828877233, -0.00253067724407, 0.00178188306745, -0.00226777326316, 0.00141656631604], [-0.00061588617973, 0.00214302795939, -0.00184025906492, 0.00290155038238, -0.0027577765286, 0.00941920746118, -0.00617156084627, 0.00263076974079, -0.00273593072779, 0.0013447193196, -0.00489218579605, 0.00375756621361, -0.00304600363597], [0.000544304086361, -0.00312186940573, 0.00124940869864, -0.00228218990378, 0.0025023133494, -0.00617156084627, 0.00829981639981, -0.00416516093537, 0.00289113610052, -0.00275048753247, 0.00362828094512, -0.00417519500479, 0.00236890790984], [-0.000791191996541, 0.00298586348072, -0.00146510731429, 0.00207503163256, -0.0028316762764, 0.00263076974079, -0.00416516093537, 0.0106111411005, -0.0063754809089, 0.00225746282376, -0.00469639385119, 0.00236395653337, -0.00150118977763], [0.000797553686425, -0.00311822118238, 0.00202636397444, -0.00317220552824, 0.00052828877233, -0.00273593072779, 0.00289113610052, -0.0063754809089, 0.0118294367567, -0.00553336972371, 0.00476924795657, -0.00112461147364, 0.00116959144361], [-0.000576610502321, 0.00222318363376, -0.00150271772873, 0.00326720881276, -0.00253067724407, 0.0013447193196, -0.00275048753247, 0.00225746282376, -0.00553336972371, 0.0126668158919, -0.00407006312162, 0.00247605051845, -0.00331995403394], [0.000910644477699, -0.00411000894383, 0.00212589371949, -0.00332361273468, 0.00178188306745, -0.00489218579605, 0.00362828094512, -0.00469639385119, 0.00476924795657, -0.00407006312162, 0.0139302853495, -0.00717134820297, 0.00321608688682], [-0.000562621396966, 0.00283192237839, -0.00197204272263, 0.0023619455751, -0.00226777326316, 0.00375756621361, -0.00417519500479, 0.00236395653337, -0.00112461147364, 0.00247605051845, -0.00717134820297, 0.0134129105136, -0.00510467169806], [0.000400867429562, -0.00250651617534, 0.00218036631122, -0.00356049858965, 0.00141656631604, -0.00304600363597, 0.00236890790984, -0.00150118977763, 0.00116959144361, -0.00331995403394, 0.00321608688682, -0.00510467169806, 0.0103889647871]]
    },
    "melbands": {
        "dmean": [0.00175225792918, 0.00211986224167, 0.00108489149716, 0.000856060942169, 0.000658966368064, 0.000201432601898, 0.000127104809508, 0.000167197707924, 0.000224498769967, 8.92336320248e-05, 2.2454178179e-05, 2.36765026784e-05, 2.70534292213e-05, 5.31145997229e-05, 7.66549637774e-05, 3.94676098949e-05, 2.78941952274e-05, 2.11068600038e-05, 1.54731369548e-05, 1.02631465779e-05, 7.18099681762e-06, 1.00964534795e-05, 1.25314081743e-05, 7.13159397492e-06, 8.3116501628e-06, 4.66428900836e-06, 4.35205265603e-06, 5.31558180228e-06, 4.46057811132e-06, 3.80944243261e-06, 3.64998572877e-06, 3.53075347448e-06, 2.29814327213e-06, 2.13268504012e-06, 2.65901826424e-06, 2.36710707213e-06, 1.76917285444e-06, 1.69349618773e-06, 1.20879462884e-06, 9.20108675473e-07],
        "dmean2": [0.00293263210915, 0.0032408668194, 0.00190263194963, 0.00128427310847, 0.000986940576695, 0.000338720768923, 0.000218376997509, 0.000284321664367, 0.000333652918926, 0.000129987063701, 3.56375858246e-05, 3.62465143553e-05, 4.25187463406e-05, 8.49092539283e-05, 0.000110202803626, 6.55244657537e-05, 4.46898739028e-05, 3.4324832086e-05, 2.50766061072e-05, 1.73155240191e-05, 1.17893905554e-05, 1.7198626665e-05, 2.28756580327e-05, 1.25124943224e-05, 1.52423817781e-05, 8.01828809927e-06, 7.37576328902e-06, 8.88996419235e-06, 7.43780810808e-06, 6.40859389023e-06, 6.13754582446e-06, 5.82339089306e-06, 3.73279431187e-06, 3.35115259986e-06, 4.41145493824e-06, 3.95088409277e-06, 3.00715555568e-06, 2.94631445286e-06, 2.06363642974e-06, 1.53058135766e-06],
        "dvar": [1.38903415063e-05, 3.18328784488e-05, 1.18504358397e-05, 5.3391381698e-06, 2.18444188249e-06, 1.12986981549e-07, 7.59209370926e-08, 1.40800480608e-07, 1.66086678632e-07, 3.6809158388e-08, 1.84508708312e-09, 2.40479236524e-09, 3.76462283569e-09, 1.4039569507e-08, 3.3934092869e-08, 6.72582167738e-09, 3.24474314084e-09, 1.90722038163e-09, 1.01589425761e-09, 4.83777462534e-10, 1.85954224241e-10, 4.21014473284e-10, 1.02252017964e-09, 2.23734447635e-10, 5.27187182797e-10, 7.83773462798e-11, 6.93409010766e-11, 7.65767935174e-11, 5.41705950929e-11, 5.23135285091e-11, 5.20224731348e-11, 4.58615923016e-11, 1.47447158649e-11, 1.05583389254e-11, 2.61001741053e-11, 3.39838678032e-11, 1.74330844899e-11, 1.61461052861e-11, 8.38116381852e-12, 4.38881830184e-12],
        "dvar2": [3.62551872968e-05, 6.28590569249e-05, 3.19056380249e-05, 1.2002566109e-05, 4.53048733107e-06, 3.04510422211e-07, 1.98126798523e-07, 3.49837449676e-07, 3.30007367211e-07, 7.16361796549e-08, 4.28007718156e-09, 5.78592507239e-09, 8.37157987377e-09, 3.49182869286e-08, 6.22651796789e-08, 1.66327858153e-08, 8.09809375113e-09, 4.47971482131e-09, 2.55634891033e-09, 1.23150623033e-09, 4.42189673766e-10, 1.09535913673e-09, 2.90509349909e-09, 6.16116102581e-10, 1.51375245672e-09, 2.11400938421e-10, 1.85595913638e-10, 1.9683756014e-10, 1.43836373367e-10, 1.42545156234e-10, 1.39588993142e-10, 1.18709680974e-10, 3.70791626569e-11, 2.48731070462e-11, 7.00753691185e-11, 9.02607294462e-11, 4.72512411143e-11, 4.38184315221e-11, 2.29935012003e-11, 1.14167971951e-11],
        "max": [0.0252296701074, 0.0399321131408, 0.0216345749795, 0.0166256595403, 0.0104998247698, 0.00268499949016, 0.00281312526204, 0.0046719731763, 0.00527987582609, 0.00297718076035, 0.000468442187412, 0.000678165757563, 0.00102484668605, 0.00198849593289, 0.00292193843052, 0.00133182830177, 0.000864539877512, 0.000454436027212, 0.000307906972012, 0.000147255181218, 8.46086695674e-05, 0.000146759353811, 0.000258154963376, 0.000112666508358, 0.000168711485458, 5.35853978363e-05, 7.52662017476e-05, 7.00009550201e-05, 6.64306280669e-05, 4.65544908366e-05, 5.40188411833e-05, 5.05609314132e-05, 2.72592133115e-05, 3.64074003301e-05, 4.82897776237e-05, 4.72971660201e-05, 2.73686655419e-05, 2.90235984721e-05, 2.43179347308e-05, 1.55856887432e-05],
        "mean": [0.00250127352774, 0.00241330591962, 0.000893408374395, 0.000878796214238, 0.000826402567327, 0.000286343711196, 0.000138281859108, 0.000177281981451, 0.000362633611076, 0.000167490303284, 3.33529605996e-05, 3.42165767506e-05, 4.18339077441e-05, 6.74076291034e-05, 0.000138247996802, 5.02573566337e-05, 3.24909378833e-05, 2.37709718931e-05, 1.7132369976e-05, 9.4794186225e-06, 6.98341091265e-06, 8.66994105309e-06, 9.31700742512e-06, 5.91110347159e-06, 5.75148487769e-06, 3.86413012166e-06, 4.25077223554e-06, 5.46689079783e-06, 5.0036196626e-06, 3.86204828828e-06, 3.45547255165e-06, 3.40404130839e-06, 2.67602308668e-06, 2.81979828287e-06, 2.56374278251e-06, 2.10628331843e-06, 1.56983014676e-06, 1.45237140714e-06, 1.0900793086e-06, 8.25133611215e-07],
        "median": [0.00155317177996, 0.000446635298431, 0.000146371996379, 0.000167288046214, 0.000246317067649, 0.000153137429152, 4.2063093133e-05, 4.33260865975e-05, 6.50754882372e-05, 2.46065283136e-05, 7.19121680959e-06, 7.84436633694e-06, 8.6845293481e-06, 1.15017028293e-05, 1.54964018293e-05, 1.02463636722e-05, 8.44324040372e-06, 3.39132498084e-06, 2.59541798187e-06, 2.1530443064e-06, 1.77567994797e-06, 1.73439570972e-06, 1.64776338352e-06, 1.42149451676e-06, 9.03355726223e-07, 8.95240702903e-07, 1.18313687381e-06, 1.85913461337e-06, 1.84447515039e-06, 1.25842677789e-06, 9.97533675218e-07, 8.89811360594e-07, 1.13941985092e-06, 1.44771775012e-06, 9.20426771245e-07, 4.96848485909e-07, 4.41280661789e-07, 4.18772742705e-07, 3.38051478366e-07, 2.03368273333e-07],
        "min": [1.61102935436e-08, 2.32135928258e-08, 2.70174808747e-07, 3.37314020271e-07, 3.37868527822e-07, 5.05907387094e-08, 7.70156844965e-08, 1.65687652043e-07, 6.93609578661e-08, 1.08963050138e-07, 4.13919245545e-08, 2.33662582616e-08, 1.34639730476e-08, 2.59621000254e-08, 4.56109177094e-08, 3.96990955664e-08, 1.4919212532e-08, 1.00715995544e-08, 6.51007514563e-09, 2.29761876192e-09, 1.81311476943e-09, 3.80163189817e-09, 8.92675799946e-09, 4.8799746466e-09, 5.43720402035e-09, 2.45621567529e-09, 3.60725160853e-09, 4.01100708203e-09, 5.05158004316e-09, 6.41590336414e-10, 1.5366771744e-10, 2.47726117397e-10, 2.74321765303e-09, 3.24670934582e-09, 6.32428376335e-09, 8.1347184544e-10, 3.65137815816e-11, 1.03233505078e-10, 1.55244331279e-10, 5.247324927e-13],
