{
"highlevel": {
    "danceability": {
        "all": {
            "danceable": 0.998690724373,
            "not_danceable": 0.00130929576699
        },
        "probability": 0.998690724373,
        "value": "danceable"
    },
    "gender": {
        "all": {
            "female": 0.444184839725,
            "male": 0.555815160275
        },
        "probability": 0.555815160275,
        "value": "male"
    },
    "genre_dortmund": {
        "all": {
            "alternative": 0.0924988165498,
            "blues": 0.00375216873363,
            "electronic": 0.506493091583,
            "folkcountry": 0.0147769702598,
            "funksoulrnb": 0.00148720655125,
            "jazz": 0.02201570943,
            "pop": 0.0433002524078,
            "raphiphop": 0.052692566067,
            "rock": 0.262983173132
        },
        "probability": 0.506493091583,
        "value": "electronic"
    },
    "genre_electronic": {
        "all": {
            "ambient": 0.134998336434,
            "dnb": 0.0634721368551,
            "house": 0.0251145530492,
            "techno": 0.0202365033329,
            "trance": 0.756178498268
        },
        "probability": 0.756178498268,
        "value": "trance"
    },
    "genre_rosamerica": {
        "all": {
            "cla": 4.5792414312e-05,
            "dan": 0.973785042763,
            "hip": 0.00151389837265,
            "jaz": 9.66653096839e-05,
            "pop": 0.00177786173299,
            "rhy": 0.000509793113451,
            "roc": 0.0222463645041,
            "spe": 2.45627270488e-05
        },
        "probability": 0.973785042763,
        "value": "dan"
    },
    "genre_tzanetakis": {
        "all": {
            "blu": 0.0626541376114,
            "cla": 0.0348133966327,
            "cou": 0.0783501937985,
            "dis": 0.104547761381,
            "hip": 0.15693578124,
            "jaz": 0.313987255096,
            "met": 0.044816005975,
            "pop": 0.0627349764109,
            "reg": 0.0627352520823,
            "roc": 0.0784252434969
        },
        "probability": 0.313987255096,
        "value": "jaz"
    },
    "ismir04_rhythm": {
        "all": {
            "ChaChaCha": 0.33337032795,
            "Jive": 0.163077995181,
            "Quickstep": 0.0471221357584,
            "Rumba-American": 0.0182637739927,
            "Rumba-International": 0.0990789532661,
            "Rumba-Misc": 0.00622300850227,
            "Samba": 0.301123023033,
            "Tango": 0.0123690832406,
            "VienneseWaltz": 0.012656185776,
            "Waltz": 0.00671551376581
        },
        "probability": 0.33337032795,
        "value": "ChaChaCha"
    },
    "mood_acoustic": {
        "all": {
            "acoustic": 0.00273090042174,
            "not_acoustic": 0.99726909399
        },
        "probability": 0.99726909399,
        "value": "not_acoustic"
    },
    "mood_aggressive": {
        "all": {
            "aggressive": 0.612832963467,
            "not_aggressive": 0.387167036533
        },
        "probability": 0.612832963467,
        "value": "aggressive"
    },
    "mood_electronic": {
        "all": {
            "electronic": 0.643532395363,
            "not_electronic": 0.356467604637
        },
        "probability": 0.643532395363,
        "value": "electronic"
    },
    "mood_happy": {
        "all": {
            "happy": 0.278460741043,
            "not_happy": 0.721539258957
        },
        "probability": 0.721539258957,
        "value": "not_happy"
    },
    "mood_party": {
        "all": {
            "not_party": 0.12526422739,
            "party": 0.87473577261
        },
        "probability": 0.87473577261,
        "value": "party"
    },
    "mood_relaxed": {
        "all": {
            "not_relaxed": 0.93706202507,
            "relaxed": 0.0629379749298
        },
        "probability": 0.93706202507,
        "value": "not_relaxed"
    },
    "mood_sad": {
        "all": {
            "not_sad": 0.879686236382,
            "sad": 0.120313741267
        },
        "probability": 0.879686236382,
        "value": "not_sad"
    },
    "moods_mirex": {
        "all": {
            "Cluster1": 0.386946558952,
            "Cluster2": 0.0333802588284,
            "Cluster3": 0.0791110917926,
            "Cluster4": 0.0550155416131,
            "Cluster5": 0.445546537638
        },
        "probability": 0.445546537638,
        "value": "Cluster5"
    },
    "timbre": {
        "all": {
            "bright": 0.517071187496,
            "dark": 0.482928812504
        },
        "probability": 0.517071187496,
        "value": "bright"
    },
    "tonal_atonal": {
        "all": {
            "atonal": 0.0143757062033,
            "tonal": 0.985624313354
        },
        "probability": 0.985624313354,
        "value": "tonal"
    },
    "voice_instrumental": {
        "all": {
            "instrumental": 0.0149034438655,
            "voice": 0.98509657383
        },
        "probability": 0.98509657383,
        "value": "voice"
    }
},
"lowlevel": {
    "average_loudness": 0.95291686058,
    "barkbands_crest": {
        "dmean": 2.61954379082,
        "dmean2": 3.86152625084,
        "dvar": 7.86851644516,
        "dvar2": 16.7606449127,
        "max": 23.3747348785,
        "mean": 12.2393159866,
        "median": 12.3970155716,
        "min": 2.35794734955,
        "var": 26.2111301422
    },
    "barkbands_flatness_db": {
        "dmean": 0.0237442031503,
        "dmean2": 0.035684786737,
        "dvar": 0.000684907194227,
        "dvar2": 0.00140184350312,
        "max": 0.310861080885,
        "mean": 0.133153572679,
        "median": 0.127033427358,
        "min": 0.0405045412481,
        "var": 0.00244356831536
    },
    "barkbands_kurtosis": {
        "dmean": 3.41042280197,
        "dmean2": 4.99227619171,
        "dvar": 48.6334838867,
        "dvar2": 102.753181458,
        "max": 102.853622437,
        "mean": 6.41170740128,
        "median": 2.09196090698,
        "min": -1.59347140789,
        "var": 132.184417725
    },
    "barkbands_skewness": {
        "dmean": 0.599912643433,
        "dmean2": 0.874845385551,
        "dvar": 0.635564446449,
        "dvar2": 1.35434889793,
        "max": 9.36746025085,
        "mean": 2.1134417057,
        "median": 1.7500808239,
        "min": -1.12986469269,
        "var": 2.43553304672
    },
    "barkbands_spread": {
        "dmean": 7.68271541595,
        "dmean2": 11.4806432724,
        "dvar": 60.196811676,
        "dvar2": 140.971557617,
        "max": 70.8639984131,
        "mean": 30.8351249695,
        "median": 29.7572422028,
        "min": 2.45042800903,
        "var": 226.157485962
    },
    "dissonance": {
        "dmean": 0.0113223642111,
        "dmean2": 0.0196164492518,
        "dvar": 9.31077811401e-05,
        "dvar2": 0.000251363380812,
        "max": 0.499810248613,
        "mean": 0.47901263833,
        "median": 0.481491982937,
        "min": 0.420196264982,
        "var": 0.000149322193465
    },
    "dynamic_complexity": 1.73836362362,
    "erbbands_crest": {
        "dmean": 2.12352275848,
        "dmean2": 3.55676317215,
        "dvar": 4.06771373749,
        "dvar2": 10.8057498932,
        "max": 23.8279418945,
        "mean": 6.07649946213,
        "median": 5.40981483459,
        "min": 2.22182154655,
        "var": 7.26804256439
    },
    "erbbands_flatness_db": {
        "dmean": 0.012311546132,
        "dmean2": 0.0194392446429,
        "dvar": 0.000145744386828,
        "dvar2": 0.000308336748276,
        "max": 0.307942926884,
        "mean": 0.106517851353,
        "median": 0.0996060669422,
        "min": 0.0641431510448,
        "var": 0.000812217709608
    },
    "erbbands_kurtosis": {
        "dmean": 0.35465657711,
        "dmean2": 0.550525784492,
        "dvar": 0.159264281392,
        "dvar2": 0.428031593561,
        "max": 3.71269035339,
        "mean": -0.669282197952,
        "median": -0.790751218796,
        "min": -1.7864010334,
        "var": 0.461307764053
    },
    "erbbands_skewness": {
        "dmean": 0.253615915775,
        "dmean2": 0.41618964076,
        "dvar": 0.0594017505646,
        "dvar2": 0.151462748647,
        "max": 2.24477696419,
        "mean": 0.0232730526477,
        "median": 0.0194757692516,
        "min": -1.57602095604,
        "var": 0.0991916432977
    },
    "erbbands_spread": {
        "dmean": 11.2789468765,
        "dmean2": 15.4353742599,
        "dvar": 113.21761322,
        "dvar2": 195.545471191,
        "max": 144.134658813,
        "mean": 65.745010376,
        "median": 62.2715034485,
        "min": 8.02229213715,
        "var": 650.907836914
    },
    "hfc": {
        "dmean": 10.6806573868,
        "dmean2": 15.074845314,
        "dvar": 354.095794678,
        "dvar2": 832.04296875,
        "max": 168.130828857,
        "mean": 35.1024627686,
        "median": 27.6426715851,
        "min": 3.86306071281,
        "var": 640.88092041
    },
    "melbands_crest": {
        "dmean": 3.32278347015,
        "dmean2": 5.17126941681,
        "dvar": 12.6528558731,
        "dvar2": 28.2099475861,
        "max": 34.6526374817,
        "mean": 19.0481758118,
        "median": 19.4751777649,
        "min": 2.95302152634,
        "var": 43.6446838379
    },
    "melbands_flatness_db": {
        "dmean": 0.0275548696518,
        "dmean2": 0.0402339361608,
        "dvar": 0.00107490096707,
        "dvar2": 0.00232340279035,
        "max": 0.377230674028,
        "mean": 0.179729670286,
        "median": 0.172147929668,
        "min": 0.0379943214357,
        "var": 0.00434274738654
    },
    "melbands_kurtosis": {
        "dmean": 14.7932033539,
        "dmean2": 21.5854244232,
        "dvar": 715.50177002,
        "dvar2": 1553.94714355,
        "max": 320.195800781,
        "mean": 34.3039703369,
        "median": 17.6279735565,
        "min": -1.32944262028,
        "var": 2021.6328125
    },
    "melbands_skewness": {
        "dmean": 1.0961830616,
        "dmean2": 1.59000146389,
        "dvar": 1.84249770641,
        "dvar2": 3.80547690392,
        "max": 15.3696784973,
        "mean": 4.48530721664,
        "median": 3.89987111092,
        "min": -0.404892265797,
        "var": 7.41092348099
    },
    "melbands_spread": {
        "dmean": 8.23291778564,
        "dmean2": 12.4750394821,
        "dvar": 110.841392517,
        "dvar2": 259.355133057,
        "max": 117.426330566,
        "mean": 23.9509468079,
        "median": 19.7498626709,
        "min": 1.20447027683,
        "var": 325.902984619
    },
    "pitch_salience": {
        "dmean": 0.0847856998444,
        "dmean2": 0.130238443613,
        "dvar": 0.00784259662032,
        "dvar2": 0.0176696386188,
        "max": 0.823529958725,
        "mean": 0.456328183413,
        "median": 0.483802169561,
        "min": 0.0559258684516,
        "var": 0.0274105705321
    },
    "silence_rate_20dB": {
        "dmean": 0,
        "dmean2": 0,
        "dvar": 0,
        "dvar2": 0,
        "max": 1,
        "mean": 1,
        "median": 1,
        "min": 1,
        "var": 0
    },
    "silence_rate_30dB": {
        "dmean": 0.0340557284653,
        "dmean2": 0.0681642144918,
        "dvar": 0.0328958369792,
        "dvar2": 0.0712637007236,
        "max": 1,
        "mean": 0.948182523251,
        "median": 1,
        "min": 0,
        "var": 0.0491328090429
    },
    "silence_rate_60dB": {
        "dmean": 0.00154798757285,
        "dmean2": 0.00309837330133,
        "dvar": 0.00154558022041,
        "dvar2": 0.00308871571906,
        "max": 1,
        "mean": 0.00386697612703,
        "median": 0,
        "min": 0,
        "var": 0.00385186588392
    },
    "spectral_centroid": {
        "dmean": 325.12399292,
        "dmean2": 503.658050537,
        "dvar": 101358.15625,
        "dvar2": 242365.46875,
        "max": 3608.64013672,
        "mean": 1557.94958496,
        "median": 1520.6685791,
        "min": 299.410308838,
        "var": 264535.46875
    },
    "spectral_complexity": {
        "dmean": 5.29953575134,
        "dmean2": 8.14484882355,
        "dvar": 30.4760932922,
        "dvar2": 61.0379486084,
        "max": 61,
        "mean": 27.1438522339,
        "median": 25,
        "min": 5,
        "var": 98.2793655396
    },
    "spectral_decrease": {
        "dmean": 2.94002111545e-09,
        "dmean2": 4.33665192645e-09,
        "dvar": 1.62172249793e-17,
        "dvar2": 3.35928336885e-17,
        "max": -4.97698826596e-10,
        "mean": -1.20820118354e-08,
        "median": -1.07882476286e-08,
        "min": -5.21787448804e-08,
        "var": 6.63090478335e-17
    },
    "spectral_energy": {
        "dmean": 0.0114175966009,
        "dmean2": 0.016956133768,
        "dvar": 0.000237884218222,
        "dvar2": 0.000492419290822,
        "max": 0.201570391655,
        "mean": 0.0487842410803,
        "median": 0.0449522696435,
        "min": 0.00249572843313,
        "var": 0.000972346751951
    },
    "spectral_energyband_high": {
        "dmean": 0.000977163668722,
        "dmean2": 0.00135894864798,
        "dvar": 2.52814925261e-06,
        "dvar2": 5.60142370887e-06,
        "max": 0.013236396946,
        "mean": 0.00266069779173,
        "median": 0.00188502320088,
        "min": 1.63905788213e-05,
        "var": 5.2095774663e-06
    },
    "spectral_energyband_low": {
        "dmean": 0.0072433440946,
        "dmean2": 0.00999839603901,
        "dvar": 0.000181602314115,
        "dvar2": 0.000360044999979,
        "max": 0.133992046118,
        "mean": 0.0288223661482,
        "median": 0.0133915515617,
        "min": 7.10049607733e-06,
        "var": 0.000982036115602
    },
    "spectral_energyband_middle_high": {
        "dmean": 0.00205639656633,
        "dmean2": 0.00336122582667,
        "dvar": 1.75902769115e-05,
        "dvar2": 4.44718752988e-05,
        "max": 0.0359248816967,
        "mean": 0.00524810701609,
        "median": 0.00357915391214,
        "min": 0.000593046250287,
        "var": 2.71616390819e-05
    },
    "spectral_energyband_middle_low": {
        "dmean": 0.00780890602618,
        "dmean2": 0.0118384342641,
        "dvar": 0.000185251774383,
        "dvar2": 0.000408513617003,
        "max": 0.190824210644,
        "mean": 0.0137189077213,
        "median": 0.0085576409474,
        "min": 0.000228268647334,
        "var": 0.000268947129371
    },
    "spectral_entropy": {
        "dmean": 0.112982265651,
        "dmean2": 0.177817136049,
        "dvar": 0.0149802304804,
        "dvar2": 0.0344335362315,
        "max": 8.59334087372,
        "mean": 8.04233932495,
        "median": 8.04757976532,
        "min": 7.06389331818,
        "var": 0.0409373044968
    },
    "spectral_flux": {
        "dmean": 0.0266235452145,
        "dmean2": 0.0407744199038,
        "dvar": 0.00123617239296,
        "dvar2": 0.00269983429462,
        "max": 0.391335457563,
        "mean": 0.09567617625,
        "median": 0.0830802619457,
        "min": 0.0298969615251,
        "var": 0.00215235981159
    },
    "spectral_kurtosis": {
        "dmean": 0.613968193531,
        "dmean2": 0.977243840694,
        "dvar": 0.626559197903,
        "dvar2": 1.72349023819,
        "max": 19.156036377,
        "mean": 1.8029358387,
        "median": 1.71795988083,
        "min": -0.643497943878,
        "var": 1.79886233807
    },
    "spectral_rms": {
        "dmean": 0.000842878420372,
        "dmean2": 0.00124690902885,
        "dvar": 1.00795625713e-06,
        "dvar2": 2.01970374292e-06,
        "max": 0.0140233393759,
        "mean": 0.00650868332013,
        "median": 0.00662237685174,
        "min": 0.00156040280126,
        "var": 5.23142580278e-06
    },
    "spectral_rolloff": {
        "dmean": 855.862121582,
        "dmean2": 1403.12902832,
        "dvar": 1456563.75,
        "dvar2": 3704987.5,
        "max": 8161.08398438,
        "mean": 1748.65124512,
        "median": 1141.25976562,
        "min": 64.599609375,
        "var": 3271217
    },
    "spectral_skewness": {
        "dmean": 0.136203706264,
        "dmean2": 0.208324715495,
        "dvar": 0.0151721108705,
        "dvar2": 0.033152770251,
        "max": 2.508685112,
        "mean": 1.10905957222,
        "median": 1.12236118317,
        "min": 0.165602251887,
        "var": 0.0754946619272
    },
    "spectral_spread": {
        "dmean": 548715.9375,
        "dmean2": 779657.9375,
        "dvar": 243801833472,
        "dvar2": 440397332480,
        "max": 13591104,
        "mean": 6000535,
        "median": 5962972,
        "min": 1723764.5,
        "var": 1.83070451302e+12
    },
    "spectral_strongpeak": {
        "dmean": 0.309647351503,
        "dmean2": 0.490571469069,
        "dvar": 0.151252239943,
        "dvar2": 0.357291162014,
        "max": 5.3145980835,
        "mean": 0.745119810104,
        "median": 0.633552849293,
        "min": 0,
        "var": 0.267653048038
    },
    "zerocrossingrate": {
        "dmean": 0.0143959820271,
        "dmean2": 0.0168421100825,
        "dvar": 0.000186732155271,
        "dvar2": 0.000237986692809,
        "max": 0.22314453125,
        "mean": 0.0763093307614,
        "median": 0.072265625,
        "min": 0.00634765625,
        "var": 0.00166575191543
    },
    "barkbands": {
        "dmean": [0.000248059863225, 0.00389644945972, 0.00291965389624, 0.00328112044372, 0.00466336077079, 0.000729839608539, 0.000557742372621, 0.000552825687919, 0.0004267191689, 0.000424639962148, 0.000428732979344, 0.000432850909419, 0.000590505602304, 0.000306901900331, 0.00027361777029, 0.000273913959973, 0.000179856971954, 0.000209380988963, 0.000161950913025, 0.000179447975825, 0.000217675013118, 0.00023416793556, 0.00019474887813, 0.000199628251721, 0.000181157578481, 0.000141268275911, 4.05459452679e-08],
        "dmean2": [0.000430790416431, 0.00506050745025, 0.00429347390309, 0.00536394398659, 0.00679333833978, 0.00118970219046, 0.000918826612178, 0.000862691958901, 0.000717663497198, 0.000713667250238, 0.000713575049303, 0.000725697609596, 0.0010512212757, 0.000528844713699, 0.00045869598398, 0.000449451210443, 0.000298719329294, 0.000345369800925, 0.00026935414644, 0.00030663178768, 0.000354406365659, 0.000356225908035, 0.000270257005468, 0.000296974700177, 0.000274719088338, 0.000227511874982, 7.2356222347e-08],
        "dvar": [6.35020739992e-07, 5.86141395615e-05, 4.36443770013e-05, 9.72413545242e-05, 8.54589015944e-05, 1.1198244465e-06, 7.00808186593e-07, 1.70053306192e-06, 3.54929085233e-07, 3.11845724354e-07, 3.80636237196e-07, 5.08715061187e-07, 2.78136758425e-06, 3.28370276748e-07, 1.81249447451e-07, 3.13035343424e-07, 7.40676355804e-08, 1.72412867983e-07, 6.11919830362e-08, 6.77208973343e-08, 1.12335477809e-07, 1.27193644062e-07, 5.59431647673e-08, 8.10530451645e-08, 6.15472330878e-08, 6.32132355349e-08, 3.02749328157e-14],
        "dvar2": [1.77351091679e-06, 9.0148387244e-05, 8.77995698829e-05, 0.000249365461059, 0.000181741954293, 3.03137130686e-06, 1.62641242696e-06, 3.27793190991e-06, 9.57698034654e-07, 7.8247245483e-07, 1.05482070012e-06, 1.28661235976e-06, 7.85979227658e-06, 8.93629987786e-07, 4.54357490298e-07, 7.95163543899e-07, 1.88844964555e-07, 4.24082429618e-07, 1.45750306046e-07, 1.79525343924e-07, 2.81480936337e-07, 2.83208436258e-07, 9.58213419722e-08, 1.76138030383e-07, 1.3941138377e-07, 1.48572624425e-07, 7.78590787762e-14],
        "max": [0.0178844612092, 0.0897434726357, 0.0928478464484, 0.152001798153, 0.0866923481226, 0.0112536977977, 0.0108366440982, 0.037506096065, 0.00548500102013, 0.00508408015594, 0.00833921786398, 0.00715461559594, 0.0140115618706, 0.0047240415588, 0.00753372488543, 0.0121475728229, 0.00283380621113, 0.00431836815551, 0.00227890885435, 0.00225382600911, 0.00293078320101, 0.00330205773935, 0.00222127349116, 0.0023694075644, 0.00215742457658, 0.00217600772157, 2.4414755444e-06],
        "mean": [0.000911277486011, 0.0176837202162, 0.00866747274995, 0.00381764466874, 0.00651973159984, 0.000958584190812, 0.000803572882432, 0.000841767585371, 0.000592153461184, 0.000612886506133, 0.000629913120065, 0.000717815943062, 0.000713786343113, 0.000450550491223, 0.000507246062625, 0.000476938294014, 0.000332787225489, 0.000383403123124, 0.000334694574121, 0.000371954316506, 0.000451689906185, 0.000515305669978, 0.000471367733553, 0.000442997959908, 0.00036034695222, 0.000214586383663, 2.79704046591e-08],
        "median": [2.31498743233e-05, 0.00510657858104, 0.00219084112905, 0.00151299196295, 0.0016476776218, 0.000552224053536, 0.000363697326975, 0.000340555998264, 0.000363940082025, 0.000367009633919, 0.000325732282363, 0.000377004151233, 0.000308010377921, 0.000243196845986, 0.000354067800799, 0.000292319309665, 0.000249057193287, 0.000250275741564, 0.000249285367317, 0.000292754877592, 0.000325685134158, 0.000365214567864, 0.000310175557388, 0.00029172594077, 0.00022734470258, 0.000108835731226, 6.97639668257e-10],
        "min": [2.03027834544e-08, 3.24312850353e-07, 1.14979366117e-06, 2.7625965231e-06, 7.90276590124e-06, 1.13351998152e-05, 9.76781120698e-06, 3.48208550349e-06, 1.58245857165e-05, 7.64990272728e-06, 5.24258712176e-06, 1.84217024071e-05, 1.36441722134e-05, 1.79966741598e-06, 1.36869130074e-05, 3.93505388274e-06, 1.20113036246e-05, 1.10537812361e-05, 1.94660115085e-05, 9.48481374508e-06, 5.61603565075e-06, 2.62827620645e-06, 1.43031218158e-06, 7.5329374738e-08, 6.22033743958e-11, 3.30323927933e-11, 9.192639705e-12],
        "var": [6.68836310069e-06, 0.000505119096488, 0.000199347894522, 8.60427244334e-05, 0.000150520310854, 1.43554700571e-06, 1.36805124384e-06, 3.89292790715e-06, 4.91173921091e-07, 4.48181737056e-07, 5.81076903927e-07, 8.22610275009e-07, 2.2300848741e-06, 4.22745131345e-07, 3.11318530066e-07, 5.42393024716e-07, 9.66867759189e-08, 2.20043077093e-07, 9.19497153973e-08, 8.43743848122e-08, 1.59846948122e-07, 2.23649323061e-07, 1.85339445125e-07, 1.89994963762e-07, 1.48180376414e-07, 1.00483042331e-07, 2.11741922959e-14]
    },
    "erbbands": {
        "dmean": [0.0475194714963, 1.07378458977, 3.49521350861, 6.75669622421, 17.2223758698, 13.9017648697, 4.89078187943, 7.37102794647, 8.64193820953, 11.7293157578, 7.14260816574, 10.1106519699, 11.6834783554, 11.8516454697, 20.6711711884, 17.1214675903, 24.9444484711, 16.4106616974, 14.0827417374, 15.2114439011, 11.3653430939, 10.5117673874, 11.3670396805, 8.66157913208, 7.71461105347, 8.11213874817, 9.34927272797, 8.03708553314, 8.4550037384, 7.19247198105, 5.49052047729, 4.65097427368, 3.26115179062, 2.20663380623, 1.39191055298, 0.733975410461, 0.253714501858, 0.0288691744208, 0.000490100937895, 2.87091206701e-05],
        "dmean2": [0.0698244050145, 1.37256979942, 4.88033771515, 10.9366073608, 26.3126716614, 20.2518939972, 7.94777870178, 12.0221815109, 13.9407615662, 18.1436672211, 11.6287221909, 16.8877029419, 19.5129375458, 19.3126296997, 34.4105072021, 28.1088161469, 43.6246147156, 28.4874820709, 23.8139839172, 24.8957366943, 18.5683784485, 17.5339431763, 18.875421524, 14.4228811264, 13.1443395615, 13.7137670517, 15.6545829773, 13.3056077957, 12.9040155411, 10.7826690674, 7.65266227722, 6.70839500427, 5.07887601852, 3.39625477791, 2.18244576454, 1.19063568115, 0.412365853786, 0.0502576343715, 0.000837423373014, 4.49367616966e-05],
        "dvar": [0.0102310106158, 4.66866636276, 46.5905075073, 494.797363281, 1057.22424316, 1167.20397949, 165.070159912, 119.230133057, 196.020446777, 879.274597168, 134.985565186, 220.144927979, 264.089782715, 222.983139038, 1008.73962402, 985.918273926, 5187.92333984, 1327.10229492, 669.662109375, 604.231689453, 399.932556152, 317.126800537, 538.657775879, 166.192276001, 154.503875732, 140.384384155, 265.039428711, 119.887649536, 160.050735474, 94.1187973022, 46.747718811, 39.2397117615, 19.4802436829, 7.93502902985, 3.83550167084, 1.49079656601, 0.165446579456, 0.00453373929486, 1.21333414427e-06, 2.17131623792e-09],
        "dvar2": [0.0203092414886, 7.15734767914, 86.7125091553, 1183.60314941, 2584.81689453, 2523.08520508, 412.426361084, 311.518707275, 466.341796875, 1691.75964355, 322.836242676, 585.619567871, 674.719299316, 548.776367188, 2887.28637695, 2373.53222656, 14538.3798828, 3603.5012207, 1776.47961426, 1334.64331055, 995.772766113, 810.554931641, 1353.92114258, 367.51739502, 388.503448486, 358.292297363, 687.789367676, 288.636535645, 342.882324219, 200.631820679, 79.7010650635, 80.1575012207, 43.5074729919, 18.3919811249, 8.60884284973, 3.50680446625, 0.368621766567, 0.012782536447, 3.3469666505e-06, 5.54817658482e-09],
        "max": [3.29658079147, 25.3463191986, 93.631401062, 346.042602539, 437.517089844, 418.553100586, 173.698928833, 119.380455017, 191.608154297, 832.201660156, 249.182571411, 143.310058594, 138.942932129, 188.466415405, 522.569824219, 320.56729126, 635.171081543, 281.70513916, 386.347900391, 395.791900635, 431.911468506, 193.597976685, 246.84022522, 110.085830688, 132.136688232, 92.5825424194, 147.064315796, 93.8217163086, 121.694511414, 82.70262146, 61.5650482178, 60.6711654663, 37.3908004761, 22.6941547394, 19.7321453094, 13.0746955872, 3.23994827271, 0.734789431095, 0.0119471075013, 0.000502089678776],
        "mean": [0.293022543192, 4.51077461243, 12.32056427, 10.1871604919, 23.6909561157, 17.6733875275, 6.55885887146, 9.95030784607, 12.6702251434, 18.282951355, 11.2108650208, 14.1186800003, 17.2539157867, 19.3767242432, 31.4361896515, 27.5953502655, 32.2029876709, 25.0863895416, 24.8848438263, 29.1370506287, 23.0464382172, 19.9531612396, 21.1222801208, 18.38347435, 16.5271224976, 16.9647274017, 18.5673465729, 17.3901138306, 18.2263221741, 16.4876689911, 13.224319458, 9.88712787628, 7.02284765244, 4.03143787384, 2.61135029793, 1.1499774456, 0.365517258644, 0.0301940571517, 0.000607524008956, 9.09420996322e-05],
        "median": [0.0405710712075, 1.32266378403, 3.19400238991, 4.44313526154, 9.04376506805, 3.29499769211, 2.49902033806, 5.95042657852, 6.14647102356, 6.67591619492, 6.34056091309, 8.64165306091, 10.5212287903, 12.6321220398, 16.1915912628, 14.7590341568, 14.3513612747, 13.4183511734, 15.4205389023, 18.9683914185, 15.9728813171, 14.7901887894, 13.8095645905, 13.1794662476, 12.3914413452, 13.4931163788, 13.7308778763, 13.1406450272, 12.9022378922, 10.9531831741, 8.84211349487, 6.34264373779, 4.537940979, 2.33149123192, 1.61412489414, 0.641155421734, 0.167346149683, 0.009098097682, 0.000230724850553, 8.4015657194e-05],
        "min": [3.61422826245e-05, 0.000753958127461, 0.00206553516909, 0.00632029864937, 0.01929083094, 0.0258726365864, 0.0599794276059, 0.117618769407, 0.101420082152, 0.237331792712, 0.15999469161, 0.336100786924, 0.440696448088, 0.281903505325, 0.575183689594, 0.833084225655, 0.672160685062, 0.301624804735, 0.591212570667, 0.508108913898, 0.271454036236, 0.733836054802, 0.496618121862, 0.636681258678, 1.06233739853, 0.5517770648, 0.226066857576, 0.18455556035, 0.0911386609077, 0.06731223315, 0.0239181667566, 0.00894526578486, 0.00250037293881, 0.00427242694423, 0.000562228029594, 0.000136438073241, 3.08491944452e-05, 6.75918636261e-06, 2.91114861284e-06, 4.77796947962e-06],
        "var": [0.36221331358, 37.2393493652, 283.911315918, 598.81451416, 1625.39868164, 1697.0135498, 240.418945312, 161.52520752, 350.093688965, 2067.43994141, 251.19859314, 286.083282471, 349.908599854, 365.976348877, 1695.23815918, 1397.70703125, 4275.19091797, 1460.63793945, 948.532775879, 1216.12780762, 706.115722656, 380.285491943, 668.767272949, 285.365844727, 204.058074951, 179.971740723, 302.453338623, 200.055130005, 281.281402588, 222.783981323, 152.092666626, 95.8592758179, 48.0708351135, 19.7295093536, 8.06227397919, 2.40642309189, 0.298060715199, 0.00401786435395, 1.19638434626e-06, 4.06125622021e-09]
    },
    "gfcc": {
        "mean": [56.5283851624, 56.1324691772, -104.968528748, 47.5492591858, -59.2806472778, 32.6256828308, -38.2432403564, 12.3608541489, -28.0782222748, 4.12073421478, -22.4353179932, 0.975747764111, -15.9680747986],
        "cov": [[1352.40380859, -428.925689697, 414.765136719, -43.768196106, 78.9544830322, 102.274284363, -94.320274353, 26.7570171356, -208.207214355, 75.7324523926, -88.5464859009, 93.7486190796, -86.8639984131], [-428.925689697, 712.740661621, -160.715789795, 205.974533081, 78.5880661011, 68.2340087891, 199.181060791, 14.2747106552, 252.829498291, -75.1291503906, 156.814254761, -111.437744141, 72.5835571289], [414.765136719, -160.715789795, 565.385620117, 101.435829163, 56.2489013672, 68.3951797485, -22.9003143311, 87.598739624, -69.2358779907, 71.0247039795, -40.7210159302, 63.7901573181, -31.0441837311], [-43.768196106, 205.974533081, 101.435829163, 254.749450684, -11.8221273422, 62.2208595276, 78.8932189941, -8.98999595642, 89.8951416016, -42.6724586487, 69.1761322021, -56.5513725281, 45.837638855], [78.9544830322, 78.5880661011, 56.2489013672, -11.8221273422, 239.606231689, 101.199279785, 119.392333984, 98.5749664307, 44.4025268555, 72.7263259888, 48.8842353821, 51.319858551, -28.3700180054], [102.274284363, 68.2340087891, 68.3951797485, 62.2208595276, 101.199279785, 160.022171021, 89.3609619141, 48.5289154053, 16.4160060883, 8.95923042297, 55.5922088623, 7.73138856888, 9.00269889832], [-94.320274353, 199.181060791, -22.9003143311, 78.8932189941, 119.392333984, 89.3609619141, 175.10067749, 60.4031066895, 106.65864563, 21.2554111481, 83.0866546631, -3.7069606781, 7.30683469772], [26.7570171356, 14.2747106552, 87.598739624, -8.98999595642, 98.5749664307, 48.5289154053, 60.4031066895, 156.584457397, 61.4652290344, 103.256797791, 42.3122444153, 47.6605110168, 1.81371259689], [-208.207214355, 252.829498291, -69.2358779907, 89.8951416016, 44.4025268555, 16.4160060883, 106.65864563, 61.4652290344, 191.25151062, 36.5354995728, 99.2490005493, -23.8218841553, 34.9018249512], [75.7324523926, -75.1291503906, 71.0247039795, -42.6724586487, 72.7263259888, 8.95923042297, 21.2554111481, 103.256797791, 36.5354995728, 143.504455566, 43.1431846619, 70.9274597168, -13.0430364609], [-88.5464859009, 156.814254761, -40.7210159302, 69.1761322021, 48.8842353821, 55.5922088623, 83.0866546631, 42.3122444153, 99.2490005493, 43.1431846619, 141.837890625, 24.5484485626, 45.6818695068], [93.7486190796, -111.437744141, 63.7901573181, -56.5513725281, 51.319858551, 7.73138856888, -3.7069606781, 47.6605110168, -23.8218841553, 70.9274597168, 24.5484485626, 105.954528809, 14.0037174225], [-86.8639984131, 72.5835571289, -31.0441837311, 45.837638855, -28.3700180054, 9.00269889832, 7.30683469772, 1.81371259689, 34.9018249512, -13.0430364609, 45.6818695068, 14.0037174225, 82.2066345215]],
        "icov": [[0.00129016058054, 0.000372004229575, -0.000542577123269, -0.000184483753401, -0.000360088481102, -0.00102100183722, 0.00066164979944, 0.000518127984833, 0.000380381941795, -0.00044308078941, 2.54174688052e-06, -0.00018729538715, 0.000648766115773], [0.000372004229575, 0.00556717999279, -0.000627627770882, 0.000320285966154, -0.00280629936606, 0.00138559530023, -0.00134610221721, 5.92340757066e-06, -0.00394644308835, 0.0041739763692, -0.00360376480967, 0.00475519290194, -0.0024083876051], [-0.000542577123269, -0.000627627770882, 0.004778877832, -0.00510443886742, 0.000293290795526, -0.00111127644777, 0.00210344023071, -0.00288319122046, 0.0016077455366, -0.00118757237215, 0.00328560196795, -0.00444580428302, 0.00279179797508], [-0.000184483753401, 0.000320285966154, -0.00510443886742, 0.0129432659596, 0.001358766458, -0.000607519003097, -0.00432034861296, 0.00367271341383, -0.00348818022758, 0.0018687271513, -0.00468203239143, 0.00787345599383, -0.00574595900252], [-0.000360088481102, -0.00280629936606, 0.000293290795526, 0.001358766458, 0.0126197207719, -0.00478684715927, -0.00489201815799, -0.00196540378965, 0.000551297329366, -0.00185391958803, 0.00278320373036, -0.0072020846419, 0.00596001604572], [-0.00102100183722, 0.00138559530023, -0.00111127644777, -0.000607519003097, -0.00478684715927, 0.0160898864269, -0.005801491905, -0.00381614081562, 0.00561535498127, 0.00401351973414, -0.00724852876738, 0.0061425450258, -0.00396299362183], [0.00066164979944, -0.00134610221721, 0.00210344023071, -0.00432034861296, -0.00489201815799, -0.005801491905, 0.0196383651346, -0.00222752289847, -0.00514327315614, 0.00240876153111, -0.000544033478945, -0.00452482979745, 0.00598059920594], [0.000518127984833, 5.92340757066e-06, -0.00288319122046, 0.00367271341383, -0.00196540378965, -0.00381614081562, -0.00222752289847, 0.0192865468562, -0.00485351867974, -0.0114459590986, 0.00360595341772, 0.00214444799349, -0.00520682474598], [0.000380381941795, -0.00394644308835, 0.0016077455366, -0.00348818022758, 0.000551297329366, 0.00561535498127, -0.00514327315614, -0.00485351867974, 0.0214901492, -0.00744443805888, -0.00406729057431, 0.00507509801537, -0.00233134371229], [-0.00044308078941, 0.0041739763692, -0.00118757237215, 0.0018687271513, -0.00185391958803, 0.00401351973414, 0.00240876153111, -0.0114459590986, -0.00744443805888, 0.0278720073402, -0.00954062771052, -0.00676039792597, 0.00735123688355], [2.54174688052e-06, -0.00360376480967, 0.00328560196795, -0.00468203239143, 0.00278320373036, -0.00724852876738, -0.000544033478945, 0.00360595341772, -0.00406729057431, -0.00954062771052, 0.0237255170941, -0.0104327369481, -0.00243476592004], [-0.00018729538715, 0.00475519290194, -0.00444580428302, 0.00787345599383, -0.0072020846419, 0.0061425450258, -0.00452482979745, 0.00214444799349, 0.00507509801537, -0.00676039792597, -0.0104327369481, 0.0336566455662, -0.016432037577], [0.000648766115773, -0.0024083876051, 0.00279179797508, -0.00574595900252, 0.00596001604572, -0.00396299362183, 0.00598059920594, -0.00520682474598, -0.00233134371229, 0.00735123688355, -0.00243476592004, -0.016432037577, 0.0276170745492]]
    },
    "melbands": {
        "dmean": [0.000731141131837, 0.00174469791818, 0.00144410331268, 0.00120061263442, 0.000231214231462, 0.000160310184583, 0.00012169162801, 0.000134855639772, 5.51917655685e-05, 6.59458964947e-05, 6.01746069151e-05, 5.05719290231e-05, 6.36139375274e-05, 4.4726919441e-05, 6.22297229711e-05, 5.5392170907e-05, 3.03929227812e-05, 2.55910636042e-05, 2.25354051508e-05, 2.41585257754e-05, 1.23903328131e-05, 1.17539848361e-05, 1.14316926556e-05, 9.62640115176e-06, 7.54898883315e-06, 6.18217563897e-06, 6.09270637142e-06, 5.83397877563e-06, 6.67350786898e-06, 5.42832731298e-06, 4.88475689053e-06, 4.95784343002e-06, 5.36651441507e-06, 4.00551107305e-06, 3.37601977662e-06, 3.27308066517e-06, 3.04308559862e-06, 2.59612397713e-06, 2.15154796024e-06, 1.90642720099e-06],
        "dmean2": [0.000993141671643, 0.00232581235468, 0.0022579007782, 0.00174933124799, 0.000370874098735, 0.000261097535258, 0.000197655856027, 0.000207712626434, 9.10727540031e-05, 0.000110674700409, 0.000100547527836, 8.35520186229e-05, 0.000105638544483, 7.4437179137e-05, 0.000102775971754, 9.89563850453e-05, 5.2616600442e-05, 4.38823881268e-05, 3.74654337065e-05, 4.08085033996e-05, 2.06068816624e-05, 1.99280184461e-05, 1.91360104509e-05, 1.5814370272e-05, 1.26593577079e-05, 1.05434455691e-05, 1.04824839582e-05, 9.94306810753e-06, 1.14014737846e-05, 8.94327695278e-06, 8.07106607681e-06, 7.73514238972e-06, 8.5736364781e-06, 5.97428243054e-06, 4.93402239954e-06, 4.75155866297e-06, 4.6717573241e-06, 4.14502301282e-06, 3.38937184097e-06, 3.0018736652e-06],
        "dvar": [1.83372571883e-06, 1.05605586214e-05, 1.27228222482e-05, 6.17991781837e-06, 3.43108268908e-07, 5.25228252002e-08, 3.45702844129e-08, 1.19460352721e-07, 8.15888512307e-09, 9.33435462258e-09, 6.99922564351e-09, 4.33469971028e-09, 8.54017567775e-09, 4.14123046966e-09, 2.45451410308e-08, 2.28184795503e-08, 3.80889719764e-09, 2.2436628111e-09, 1.17926846066e-09, 2.74948019907e-09, 3.39285377571e-10, 3.33065741653e-10, 5.65442692668e-10, 3.36578792615e-10, 1.04720732086e-10, 9.22310561258e-11, 7.20563261836e-11, 6.89000106968e-11, 1.4456280617e-10, 6.61578014594e-11, 3.77286188402e-11, 4.43803327421e-11, 8.74121747207e-11, 2.49637810423e-11, 1.80603362127e-11, 1.76539477481e-11, 1.8645415073e-11, 1.21711408313e-11, 7.28639197589e-12, 6.0007871068e-12],
        "dvar2": [2.92741810881e-06, 1.78095560841e-05, 3.04337372654e-05, 1.30896441988e-05, 8.08722290913e-07, 1.38257718163e-07, 8.2128600809e-08, 2.2821409118e-07, 2.17595790275e-08, 2.48595917185e-08, 1.76582695133e-08, 1.0939158912e-08, 2.392024534e-08, 1.07958788576e-08, 6.38100559058e-08, 6.46421227657e-08, 1.04506234777e-08, 6.20163520537e-09, 2.9006317348e-09, 6.98926960752e-09, 8.56984039288e-10, 8.72207972513e-10, 1.46418532854e-09, 7.79687425734e-10, 2.41168141013e-10, 2.32146385448e-10, 1.92603308302e-10, 1.7646226147e-10, 3.915349156e-10, 1.61884936012e-10, 9.37887267849e-11, 9.40580668907e-11, 2.17212373088e-10, 5.10903715167e-11, 3.3180940634e-11, 3.49620506157e-11, 4.24508969643e-11, 2.86877344796e-11, 1.66821365749e-11, 1.41346804053e-11],
        "max": [0.0226635709405, 0.0367840789258, 0.0539884902537, 0.023752681911, 0.00726383831352, 0.00265954225324, 0.00250495178625, 0.00984525121748, 0.00159116508439, 0.000917873810977, 0.000699174823239, 0.000703326717485, 0.00129178515635, 0.000971211877186, 0.0015103291953, 0.00137694866862, 0.000477009976748, 0.000537583953701, 0.000442358548753, 0.0010236838134, 0.000331974239089, 0.00018647511024, 0.000288597773761, 0.000190957536688, 8.87429778231e-05, 9.66702864389e-05, 9.29190136958e-05, 7.08332227077e-05, 0.000120806034829, 6.83826146997e-05, 5.27723495907e-05, 6.57276978018e-05, 8.7850021373e-05, 4.39105351688e-05, 4.0981300117e-05, 4.55456101918e-05, 3.93205446017e-05, 3.0314333344e-05, 2.47537755058e-05, 1.93931282411e-05],
        "mean": [0.00368711329065, 0.00670890184119, 0.00223360559903, 0.00167251192033, 0.000295920384815, 0.000219438399654, 0.000178590984433, 0.000206764569157, 8.31350625958e-05, 9.03475811356e-05, 8.63735913299e-05, 7.68169775256e-05, 9.5346760645e-05, 7.83244686318e-05, 7.63806528994e-05, 6.90010929247e-05, 4.39723662566e-05, 3.95339666284e-05, 3.9872713387e-05, 3.86686624552e-05, 2.40329245571e-05, 2.0814142772e-05, 1.90589325939e-05, 1.79485487024e-05, 1.46135607793e-05, 1.19547466966e-05, 1.18222669698e-05, 1.11253630166e-05, 1.18987645692e-05, 1.05927501863e-05, 9.8112050182e-06, 1.00780698631e-05, 1.02435196823e-05, 8.78116952663e-06, 7.73754072725e-06, 6.77038678987e-06, 5.74995829083e-06, 5.18691558682e-06, 3.90339346268e-06, 3.18096431329e-06],
        "median": [0.000916195334867, 0.0018953330582, 0.00110407965258, 0.000475340610137, 9.30277674343e-05, 0.000133000052301, 8.91660165507e-05, 7.47401500121e-05, 4.83944313601e-05, 5.42397756362e-05, 5.08316188643e-05, 4.99624547956e-05, 4.72732026537e-05, 4.23328310717e-05, 3.1797470001e-05, 3.0924420571e-05, 2.32028833125e-05, 2.36589239648e-05, 2.64151203737e-05, 2.17527340283e-05, 1.75763289008e-05, 1.52540833369e-05, 1.26998065753e-05, 1.14710801427e-05, 1.04690043372e-05, 8.48537638376e-06, 9.0198509497e-06, 8.65716901899e-06, 8.60361251398e-06, 7.63626576372e-06, 7.33464776204e-06, 7.07251047061e-06, 6.65809284328e-06, 5.72861381443e-06, 5.10261179443e-06, 4.23919891546e-06, 3.54980329575e-06, 3.36267999046e-06, 2.12983081838e-06, 1.79053552074e-06],
        "min": [6.13370900737e-08, 1.08231722606e-06, 1.66876657204e-06, 1.75295417648e-06, 1.96079963644e-06, 2.45518117481e-06, 1.42735166264e-06, 1.71968224549e-06, 1.09781126412e-06, 2.19454250328e-06, 1.16645935577e-06, 8.40690347559e-07, 7.11726556801e-07, 1.95699158212e-06, 1.84543603154e-06, 1.12197812996e-06, 1.13933111834e-07, 7.16467980055e-07, 1.28609963213e-06, 3.63645881407e-07, 2.65811848976e-07, 7.64325818636e-07, 5.14959026532e-07, 5.52571066237e-07, 4.67135265581e-07, 6.5521066972e-07, 5.58692420327e-07, 2.37784519186e-07, 1.24521307043e-07, 1.25838340637e-07, 9.95769724454e-08, 5.53249996926e-08, 3.72607260601e-08, 3.63393084513e-08, 1.65211524461e-08, 1.3869926041e-10, 1.05377628845e-09, 1.32331411454e-11, 1.32276472761e-11, 3.85839255511e-13],
