{
"highlevel": {
    "danceability": {
        "all": {
            "danceable": 0.270609349012,
            "not_danceable": 0.72939068079
        },
        "probability": 0.72939068079,
        "value": "not_danceable"
    },
    "gender": {
        "all": {
            "female": 0.188262537122,
            "male": 0.811737477779
        },
        "probability": 0.811737477779,
        "value": "male"
    },
    "genre_dortmund": {
        "all": {
            "alternative": 0.231682136655,
            "blues": 0.0913914516568,
            "electronic": 0.0252143256366,
            "folkcountry": 0.0486571975052,
            "funksoulrnb": 0.0159100480378,
            "jazz": 0.0180736128241,
            "pop": 0.0490194410086,
            "raphiphop": 0.0196970030665,
            "rock": 0.500354766846
        },
        "probability": 0.500354766846,
        "value": "rock"
    },
    "genre_electronic": {
        "all": {
            "ambient": 0.486303180456,
            "dnb": 0.0992588102818,
            "house": 0.0781211853027,
            "techno": 0.0110029419884,
            "trance": 0.325313895941
        },
        "probability": 0.486303180456,
        "value": "ambient"
    },
    "genre_rosamerica": {
        "all": {
            "cla": 0.0112498346716,
            "dan": 0.0213614348322,
            "hip": 0.0216124728322,
            "jaz": 0.0160052645952,
            "pop": 0.239166155457,
            "rhy": 0.0500128977001,
            "roc": 0.638286709785,
            "spe": 0.002305225702
        },
        "probability": 0.638286709785,
        "value": "roc"
    },
    "genre_tzanetakis": {
        "all": {
            "blu": 0.0626541376114,
            "cla": 0.0348133966327,
            "cou": 0.0783501937985,
            "dis": 0.104547761381,
            "hip": 0.15693578124,
            "jaz": 0.313987255096,
            "met": 0.044816005975,
            "pop": 0.0627349764109,
            "reg": 0.0627352520823,
            "roc": 0.0784252434969
        },
        "probability": 0.313987255096,
        "value": "jaz"
    },
    "ismir04_rhythm": {
        "all": {
            "ChaChaCha": 0.27589443326,
            "Jive": 0.0907206013799,
            "Quickstep": 0.0998435765505,
            "Rumba-American": 0.0136870546266,
            "Rumba-International": 0.0293127875775,
            "Rumba-Misc": 0.00979605689645,
            "Samba": 0.301019489765,
            "Tango": 0.0319951698184,
            "VienneseWaltz": 0.137703493237,
            "Waltz": 0.010027362965
        },
        "probability": 0.301019489765,
        "value": "Samba"
    },
    "mood_acoustic": {
        "all": {
            "acoustic": 0.0657799988985,
            "not_acoustic": 0.934220016003
        },
        "probability": 0.934220016003,
        "value": "not_acoustic"
    },
    "mood_aggressive": {
        "all": {
            "aggressive": 0.574827492237,
            "not_aggressive": 0.425172537565
        },
        "probability": 0.574827492237,
        "value": "aggressive"
    },
    "mood_electronic": {
        "all": {
            "electronic": 0.380592405796,
            "not_electronic": 0.619407594204
        },
        "probability": 0.619407594204,
        "value": "not_electronic"
    },
    "mood_happy": {
        "all": {
            "happy": 0.629521310329,
            "not_happy": 0.370478659868
        },
        "probability": 0.629521310329,
        "value": "happy"
    },
    "mood_party": {
        "all": {
            "not_party": 0.60507273674,
            "party": 0.39492726326
        },
        "probability": 0.60507273674,
        "value": "not_party"
    },
    "mood_relaxed": {
        "all": {
            "not_relaxed": 0.910567522049,
            "relaxed": 0.0894325003028
        },
        "probability": 0.910567522049,
        "value": "not_relaxed"
    },
    "mood_sad": {
        "all": {
            "not_sad": 0.797502219677,
            "sad": 0.202497765422
        },
        "probability": 0.797502219677,
        "value": "not_sad"
    },
    "moods_mirex": {
        "all": {
            "Cluster1": 0.503118395805,
            "Cluster2": 0.143091961741,
            "Cluster3": 0.0838688835502,
            "Cluster4": 0.134669780731,
            "Cluster5": 0.135250985622
        },
        "probability": 0.503118395805,
        "value": "Cluster1"
    },
    "timbre": {
        "all": {
            "bright": 0.484544366598,
            "dark": 0.5154556036
        },
        "probability": 0.5154556036,
        "value": "dark"
    },
    "tonal_atonal": {
        "all": {
            "atonal": 0.0888021588326,
            "tonal": 0.911197841167
        },
        "probability": 0.911197841167,
        "value": "tonal"
    },
    "voice_instrumental": {
        "all": {
            "instrumental": 0.000578448059969,
            "voice": 0.999421536922
        },
        "probability": 0.999421536922,
        "value": "voice"
    }
},
"lowlevel": {
    "average_loudness": 0.981657207012,
    "barkbands_crest": {
        "dmean": 2.50229763985,
        "dmean2": 4.02269697189,
        "dvar": 5.67710161209,
        "dvar2": 12.7263765335,
        "max": 24.0504932404,
        "mean": 9.98213386536,
        "median": 9.18789386749,
        "min": 3.01316595078,
        "var": 16.5423870087
    },
    "barkbands_flatness_db": {
        "dmean": 0.0190702974796,
        "dmean2": 0.0287009067833,
        "dvar": 0.000313222262776,
        "dvar2": 0.000696453382261,
        "max": 0.30964460969,
        "mean": 0.138709932566,
        "median": 0.132772147655,
        "min": 0.0519247278571,
        "var": 0.00154557672795
    },
    "barkbands_kurtosis": {
        "dmean": 1.99302625656,
        "dmean2": 3.12266969681,
        "dvar": 19.1540184021,
        "dvar2": 45.5886192322,
        "max": 83.9428253174,
        "mean": 2.30598807335,
        "median": 0.114230632782,
        "min": -1.79114639759,
        "var": 48.1265869141
    },
    "barkbands_skewness": {
        "dmean": 0.469806730747,
        "dmean2": 0.694722056389,
        "dvar": 0.271590679884,
        "dvar2": 0.585946679115,
        "max": 8.33208465576,
        "mean": 1.12348115444,
        "median": 0.906480491161,
        "min": -2.61618208885,
        "var": 1.4261225462
    },
    "barkbands_spread": {
        "dmean": 5.10335063934,
        "dmean2": 7.83861970901,
        "dvar": 29.1226062775,
        "dvar2": 66.7865447998,
        "max": 98.0746917725,
        "mean": 24.9744129181,
        "median": 24.8322639465,
        "min": 2.26838517189,
        "var": 139.878082275
    },
    "dissonance": {
        "dmean": 0.0137583371252,
        "dmean2": 0.0230428967625,
        "dvar": 0.000182917923667,
        "dvar2": 0.000495517975651,
        "max": 0.499806672335,
        "mean": 0.474092900753,
        "median": 0.478955805302,
        "min": 0.330644965172,
        "var": 0.000370295660105
    },
    "dynamic_complexity": 1.63541531563,
    "erbbands_crest": {
        "dmean": 2.70560264587,
        "dmean2": 4.40667724609,
        "dvar": 7.33977365494,
        "dvar2": 18.6775608063,
        "max": 30.8012905121,
        "mean": 8.80776405334,
        "median": 7.85892057419,
        "min": 2.81377768517,
        "var": 16.0792369843
    },
    "erbbands_flatness_db": {
        "dmean": 0.0183775257319,
        "dmean2": 0.0249230545014,
        "dvar": 0.000234891616856,
        "dvar2": 0.000445962505182,
        "max": 0.355872064829,
        "mean": 0.162952423096,
        "median": 0.16023902595,
        "min": 0.0715360417962,
        "var": 0.00192187598441
    },
    "erbbands_kurtosis": {
        "dmean": 0.865223050117,
        "dmean2": 1.4178788662,
        "dvar": 2.25288271904,
        "dvar2": 6.23020648956,
        "max": 25.9432811737,
        "mean": 0.452999949455,
        "median": 0.0922071933746,
        "min": -1.56884145737,
        "var": 2.86894226074
    },
    "erbbands_skewness": {
        "dmean": 0.342640846968,
        "dmean2": 0.548907339573,
        "dvar": 0.113426931202,
        "dvar2": 0.28420856595,
        "max": 4.62210941315,
        "mean": -0.0726352855563,
        "median": -0.140486776829,
        "min": -1.69413483143,
        "var": 0.390790730715
    },
    "erbbands_spread": {
        "dmean": 6.90394973755,
        "dmean2": 10.268614769,
        "dvar": 50.4010734558,
        "dvar2": 111.811882019,
        "max": 99.1920776367,
        "mean": 32.6708869934,
        "median": 30.0072040558,
        "min": 3.25314235687,
        "var": 221.481674194
    },
    "hfc": {
        "dmean": 5.96580600739,
        "dmean2": 9.04330730438,
        "dvar": 44.7812728882,
        "dvar2": 93.9985122681,
        "max": 116.30632782,
        "mean": 25.5365161896,
        "median": 22.2208080292,
        "min": 0.317762672901,
        "var": 255.306533813
    },
    "melbands_crest": {
        "dmean": 2.93272614479,
        "dmean2": 4.69372415543,
        "dvar": 7.4541182518,
        "dvar2": 17.0657081604,
        "max": 26.6548404694,
        "mean": 13.7112426758,
        "median": 13.168592453,
        "min": 4.06876134872,
        "var": 20.8783626556
    },
    "melbands_flatness_db": {
        "dmean": 0.0231440830976,
        "dmean2": 0.0350181013346,
        "dvar": 0.000535307859536,
        "dvar2": 0.00108922284562,
        "max": 0.407206118107,
        "mean": 0.1865041852,
        "median": 0.17776401341,
        "min": 0.0778542757034,
        "var": 0.00284511595964
    },
    "melbands_kurtosis": {
        "dmean": 5.45570039749,
        "dmean2": 8.41691875458,
        "dvar": 140.224243164,
        "dvar2": 330.925842285,
        "max": 201.204208374,
        "mean": 9.45182991028,
        "median": 3.88916349411,
        "min": -1.6036272049,
        "var": 331.356170654
    },
    "melbands_skewness": {
        "dmean": 0.663545191288,
        "dmean2": 0.985855817795,
        "dvar": 0.62324488163,
        "dvar2": 1.32161438465,
        "max": 11.306760788,
        "mean": 2.21316814423,
        "median": 1.92229855061,
        "min": -1.65505695343,
        "var": 2.78131818771
    },
    "melbands_spread": {
        "dmean": 6.74418973923,
        "dmean2": 10.3218917847,
        "dvar": 50.8766555786,
        "dvar2": 106.466331482,
        "max": 122.862365723,
        "mean": 28.2019672394,
        "median": 27.5168609619,
        "min": 1.28107666969,
        "var": 217.569747925
    },
    "pitch_salience": {
        "dmean": 0.0690717697144,
        "dmean2": 0.111075676978,
        "dvar": 0.0044283545576,
        "dvar2": 0.0107554122806,
        "max": 0.830865204334,
        "mean": 0.51735496521,
        "median": 0.525519728661,
        "min": 0.162991225719,
        "var": 0.0102776410058
    },
    "silence_rate_20dB": {
        "dmean": 0,
        "dmean2": 0,
        "dvar": 0,
        "dvar2": 0,
        "max": 1,
        "mean": 1,
        "median": 1,
        "min": 1,
        "var": 0
    },
    "silence_rate_30dB": {
        "dmean": 0,
        "dmean2": 0,
        "dvar": 0,
        "dvar2": 0,
        "max": 1,
        "mean": 1,
        "median": 1,
        "min": 1,
        "var": 0
    },
    "silence_rate_60dB": {
        "dmean": 0.00154798757285,
        "dmean2": 0.00309837330133,
        "dvar": 0.00154558033682,
        "dvar2": 0.00463790306821,
        "max": 1,
        "mean": 0.00077339517884,
        "median": 0,
        "min": 0,
        "var": 0.000772795174271
    },
    "spectral_centroid": {
        "dmean": 209.124908447,
        "dmean2": 318.940490723,
        "dvar": 42346.5976562,
        "dvar2": 100434.59375,
        "max": 3644.14941406,
        "mean": 1469.44543457,
        "median": 1520.65087891,
        "min": 302.374359131,
        "var": 238723.8125
    },
    "spectral_complexity": {
        "dmean": 3.68962860107,
        "dmean2": 5.93725776672,
        "dvar": 12.0917444229,
        "dvar2": 26.9357852936,
        "max": 49,
        "mean": 24.8569221497,
        "median": 26,
        "min": 1,
        "var": 64.3113250732
    },
    "spectral_decrease": {
        "dmean": 2.16510787077e-09,
        "dmean2": 3.22390936169e-09,
        "dvar": 7.12651418327e-18,
        "dvar2": 1.47410053709e-17,
        "max": -3.9766206994e-10,
        "mean": -7.73246178198e-09,
        "median": -7.16308568016e-09,
        "min": -2.4313608904e-08,
        "var": 1.37401507441e-17
    },
    "spectral_energy": {
        "dmean": 0.00850555859506,
        "dmean2": 0.0126692075282,
        "dvar": 0.000106929823232,
        "dvar2": 0.000220675166929,
        "max": 0.0927061215043,
        "mean": 0.0315003022552,
        "median": 0.0292078182101,
        "min": 0.00152969057672,
        "var": 0.000216603089939
    },
    "spectral_energyband_high": {
        "dmean": 0.000307477574097,
        "dmean2": 0.000449832295999,
        "dvar": 2.01644311915e-07,
        "dvar2": 4.22566557745e-07,
        "max": 0.00733499974012,
        "mean": 0.000736139831133,
        "median": 0.000432581931818,
        "min": 7.10516769686e-06,
        "var": 7.75190812874e-07
    },
    "spectral_energyband_low": {
        "dmean": 0.00588071439415,
        "dmean2": 0.00888756569475,
        "dvar": 9.47578373598e-05,
        "dvar2": 0.000196271605091,
        "max": 0.0888131335378,
        "mean": 0.0120698064566,
        "median": 0.0087118698284,
        "min": 4.46313788416e-06,
        "var": 0.000152642693138
    },
    "spectral_energyband_middle_high": {
        "dmean": 0.00302378064953,
        "dmean2": 0.00467926450074,
        "dvar": 2.09002009797e-05,
        "dvar2": 4.53496541013e-05,
        "max": 0.0780805945396,
        "mean": 0.0100903306156,
        "median": 0.00758036551997,
        "min": 2.66969254881e-05,
        "var": 8.90422452358e-05
    },
    "spectral_energyband_middle_low": {
        "dmean": 0.00417958199978,
        "dmean2": 0.0066317669116,
        "dvar": 3.52374663635e-05,
        "dvar2": 9.03000400285e-05,
        "max": 0.0588933899999,
        "mean": 0.0100702047348,
        "median": 0.00815077032894,
        "min": 0.000314473523758,
        "var": 5.69630901737e-05
    },
    "spectral_entropy": {
        "dmean": 0.13974390924,
        "dmean2": 0.193102344871,
        "dvar": 0.0160311926156,
        "dvar2": 0.0326870717108,
        "max": 8.57741260529,
        "mean": 7.65169715881,
        "median": 7.63974618912,
        "min": 6.70670461655,
        "var": 0.082313157618
    },
    "spectral_flux": {
        "dmean": 0.0241142585874,
        "dmean2": 0.0367402993143,
        "dvar": 0.000721292570233,
        "dvar2": 0.00149383640382,
        "max": 0.276240378618,
        "mean": 0.0917268320918,
        "median": 0.0827363431454,
        "min": 0.0192013327032,
        "var": 0.001798174344
    },
    "spectral_kurtosis": {
        "dmean": 1.59907591343,
        "dmean2": 2.5390162468,
        "dvar": 2.64960122108,
        "dvar2": 7.34362602234,
        "max": 23.6027565002,
        "mean": 4.84902954102,
        "median": 4.31938886642,
        "min": -0.851695537567,
        "var": 7.45209121704
    },
    "spectral_rms": {
        "dmean": 0.000728310318664,
        "dmean2": 0.00108673155773,
        "dvar": 6.80846881096e-07,
        "dvar2": 1.39045880587e-06,
        "max": 0.00951025728136,
        "mean": 0.0054003726691,
        "median": 0.00533811142668,
        "min": 0.00122163048945,
        "var": 1.56802991569e-06
    },
    "spectral_rolloff": {
        "dmean": 347.313903809,
        "dmean2": 567.452880859,
        "dvar": 291774.375,
        "dvar2": 574018.125,
        "max": 11670.9960938,
        "mean": 1550.07214355,
        "median": 1614.99023438,
        "min": 86.1328125,
        "var": 970078.5625
    },
    "spectral_skewness": {
        "dmean": 0.198578089476,
        "dmean2": 0.310781955719,
        "dvar": 0.0301500614733,
        "dvar2": 0.0777331665158,
        "max": 3.18953227997,
        "mean": 1.57571387291,
        "median": 1.53259813786,
        "min": 0.430275678635,
        "var": 0.159862786531
    },
    "spectral_spread": {
        "dmean": 565889.5625,
        "dmean2": 750733.125,
        "dvar": 322723184640,
        "dvar2": 561445470208,
        "max": 11764762,
        "mean": 4030087,
        "median": 3712381.25,
        "min": 1419210.75,
        "var": 1.37264889856e+12
    },
    "spectral_strongpeak": {
        "dmean": 0.694850623608,
        "dmean2": 1.19536817074,
        "dvar": 1.71620595455,
        "dvar2": 4.72334671021,
        "max": 13.2013673782,
        "mean": 1.12478780746,
        "median": 0.483535856009,
        "min": 0.034458398819,
        "var": 2.50027894974
    },
    "zerocrossingrate": {
        "dmean": 0.00844325963408,
        "dmean2": 0.00997402425855,
        "dvar": 8.37664483697e-05,
        "dvar2": 0.000102678444819,
        "max": 0.26611328125,
        "mean": 0.0592583864927,
        "median": 0.05712890625,
        "min": 0.00537109375,
        "var": 0.000665532948915
    },
    "barkbands": {
        "dmean": [0.000112835667096, 0.00381024368107, 0.00273552187718, 0.00161764549557, 0.0014339115005, 0.000721823249478, 0.000894575554412, 0.00068915594602, 0.000667663931381, 0.00137860851828, 0.000637094606645, 0.000515658350196, 0.000432907341747, 0.000855641847011, 0.000487451354275, 0.000810356345028, 0.000368953478755, 0.000204650685191, 0.000150309526362, 0.000102198762761, 7.8161356214e-05, 9.39463352552e-05, 5.67582064832e-05, 5.61126907996e-05, 5.31206896994e-05, 1.24153411889e-05, 2.15789928149e-08],
        "dmean2": [0.000205424061278, 0.00609622010961, 0.00455646542832, 0.00277995225042, 0.00217037647963, 0.0011192522943, 0.00134554412216, 0.00118257640861, 0.00099721737206, 0.00223618396558, 0.00098692451138, 0.000818143074866, 0.00069978099782, 0.00144655955955, 0.000778329849709, 0.00137080589775, 0.00059068686096, 0.000336510682246, 0.000250281533226, 0.000167522914126, 0.000124051788589, 0.000140589705552, 8.77240599948e-05, 8.54166719364e-05, 8.05142626632e-05, 1.9049653929e-05, 3.15086232661e-08],
        "dvar": [2.37469777176e-08, 5.03935370944e-05, 3.48989051417e-05, 1.64397024491e-05, 4.36878053733e-06, 2.06606978281e-06, 3.21902143696e-06, 2.70859754892e-06, 3.73891816707e-06, 1.46403590406e-05, 1.38949610573e-06, 3.06489687318e-06, 5.91699915731e-07, 2.17414935832e-06, 1.8210264443e-06, 3.98709335059e-06, 2.97808071537e-07, 1.13130262491e-07, 5.85455310897e-08, 3.01898452904e-08, 1.58481796575e-08, 3.03155154313e-08, 4.81824784515e-08, 3.22539754904e-08, 1.73038667839e-08, 2.39679809333e-09, 4.97161922633e-14],
        "dvar2": [7.16642531984e-08, 0.000121892953757, 8.6874999397e-05, 4.21966688009e-05, 1.16052915473e-05, 4.63788364868e-06, 7.43178316043e-06, 6.98155554346e-06, 7.64326068747e-06, 3.30556904373e-05, 3.89022898162e-06, 6.82633117322e-06, 1.48996377902e-06, 5.17292664881e-06, 4.05566743211e-06, 1.13381456686e-05, 7.02177828771e-07, 2.92732693197e-07, 1.38526075943e-07, 6.79306069173e-08, 3.58240157539e-08, 6.78429188383e-08, 1.20940129023e-07, 8.42720879746e-08, 4.22776551545e-08, 4.49112436129e-09, 5.28721184401e-14],
        "max": [0.00161948706955, 0.0726828500628, 0.0524090491235, 0.0348475128412, 0.0204600095749, 0.0235447157174, 0.0189523119479, 0.0187886543572, 0.0573016256094, 0.0630033314228, 0.0129653867334, 0.0369738079607, 0.0141154043376, 0.0345028042793, 0.044562254101, 0.0236118994653, 0.00729655334726, 0.00557934865355, 0.00481750164181, 0.00256257550791, 0.00238942308351, 0.00335528701544, 0.00583988940343, 0.00404607690871, 0.0027763415128, 0.00137925927993, 6.81383426127e-06],
        "mean": [0.000129609397845, 0.00725480029359, 0.00364787736908, 0.00158204708714, 0.0033508730121, 0.00124697957654, 0.0013920282945, 0.000879416067619, 0.000998148927465, 0.00218111253344, 0.00111621769611, 0.000760004681069, 0.000761191535275, 0.00166557228658, 0.00085690873675, 0.00121423858218, 0.000827642332297, 0.000429819221608, 0.000354027259164, 0.000217180961045, 0.000158607334015, 0.000213739374885, 9.03044783627e-05, 8.24245653348e-05, 7.19894014765e-05, 1.75557179318e-05, 1.94874676396e-08],
        "median": [8.35435130284e-05, 0.0050357375294, 0.00182206416503, 0.000353305018507, 0.00212174002081, 0.000462380878162, 0.000502582406625, 0.000298697210383, 0.000303920038277, 0.000704257166944, 0.00056781625608, 0.000352173869032, 0.000315586890792, 0.00104338105302, 0.000514639483299, 0.000498578883708, 0.000514815794304, 0.000300184125081, 0.00024982978357, 0.000139211624628, 9.54274801188e-05, 8.40797729325e-05, 3.45757835021e-05, 2.4336613933e-05, 2.34808703681e-05, 6.90674232828e-06, 9.39322841731e-10],
        "min": [2.71579363442e-08, 6.91701472988e-07, 8.58717498886e-07, 5.10598908932e-07, 1.88283556781e-05, 4.1525204324e-06, 1.72034128809e-06, 7.41796782222e-07, 1.37262952649e-06, 2.44847819886e-06, 1.36491291869e-06, 6.17533316927e-07, 1.05072092538e-06, 2.78187803815e-06, 2.09966083276e-06, 1.7869963358e-06, 2.64459504251e-06, 1.98909810933e-06, 1.69011559592e-06, 1.78106279236e-06, 1.20256322589e-06, 5.82563245644e-07, 1.82624461331e-07, 3.47230866282e-08, 1.59987383341e-08, 7.38710481674e-11, 5.31956206515e-12],
        "var": [2.46509390678e-08, 6.78997676005e-05, 3.26502449752e-05, 1.36097778523e-05, 1.0897852917e-05, 5.50066442884e-06, 6.88355930833e-06, 3.31566434397e-06, 7.75326498115e-06, 3.15602082992e-05, 2.48834612648e-06, 3.75164790967e-06, 1.47571563502e-06, 5.04464651385e-06, 3.16745445161e-06, 5.65108257433e-06, 8.72746568348e-07, 2.23084555273e-07, 1.49854841425e-07, 7.06175384835e-08, 3.43061437036e-08, 1.18520205206e-07, 5.45563842991e-08, 4.73146535285e-08, 2.22546159279e-08, 3.06586334098e-09, 4.94172573955e-14]
    },
    "erbbands": {
        "dmean": [0.078806579113, 0.974598109722, 2.78031206131, 5.02764129639, 3.77495145798, 6.15734767914, 5.94695854187, 5.73024272919, 12.3327074051, 10.9603738785, 15.171541214, 15.0139608383, 36.9048423767, 32.2781906128, 20.2234516144, 20.4132575989, 18.9275627136, 29.4520874023, 35.7604866028, 39.6883163452, 25.972278595, 18.4960823059, 11.870557785, 8.69141292572, 6.78096342087, 4.43166160583, 3.42385053635, 3.22824621201, 3.59764122963, 2.68273925781, 1.48819804192, 1.27496361732, 0.857484698296, 0.655425608158, 0.34481588006, 0.0948660448194, 0.021515045315, 0.00181490124669, 3.93297304981e-05, 1.12096367957e-05],
        "dmean2": [0.132736593485, 1.55106580257, 4.47337388992, 8.61130523682, 6.49352884293, 8.84104347229, 9.11029243469, 8.96401500702, 18.9175167084, 17.768321991, 25.2497901917, 22.1319408417, 56.6419181824, 53.6768875122, 31.9376335144, 31.564956665, 30.5360374451, 49.7866897583, 57.1927833557, 65.9935531616, 44.1519851685, 29.3177833557, 19.2811183929, 14.0209627151, 11.0807523727, 7.14824819565, 5.52874183655, 5.14993810654, 5.55035543442, 4.16568946838, 2.27538514137, 2.01755833626, 1.27259278297, 1.01617527008, 0.529866278172, 0.146683439612, 0.0342974364758, 0.00291904970072, 5.95633646299e-05, 1.62815304066e-05],
        "dvar": [0.0137610789388, 3.70054197311, 29.3917446136, 140.888534546, 90.0276794434, 69.3585281372, 147.479949951, 140.000976562, 735.993591309, 429.003540039, 1370.15234375, 2288.68505859, 9445.90917969, 7694.01025391, 2602.56176758, 6935.95654297, 1149.55187988, 3888.76904297, 6994.37792969, 9556.48828125, 2310.26928711, 751.123840332, 468.799499512, 166.0493927, 127.615631104, 45.5273094177, 31.3743648529, 38.601600647, 44.871673584, 73.268081665, 21.4481048584, 31.6052265167, 4.0743470192, 5.1272315979, 0.468641579151, 0.138156682253, 0.0252571757883, 0.000166656711372, 4.48503989503e-08, 2.03965733192e-10],
        "dvar2": [0.0352461226285, 8.9204454422, 67.6471633911, 362.190002441, 253.377151489, 159.15057373, 316.440124512, 338.225402832, 1742.21801758, 1053.76818848, 3527.18579102, 4207.74462891, 18596.6914062, 22156.2226562, 7025.74658203, 15244.5361328, 2903.26025391, 9149.41113281, 15919.7880859, 26659.4082031, 6594.03857422, 1706.4440918, 1236.63586426, 428.528503418, 306.216583252, 103.571296692, 74.7989730835, 100.510604858, 107.126594543, 201.328338623, 47.8618469238, 88.6201400757, 9.3151473999, 14.167725563, 1.09475743771, 0.378704547882, 0.068739540875, 0.000426059297752, 1.11309866213e-07, 4.26172763746e-10],
        "max": [0.989454090595, 20.0422973633, 44.7082176208, 118.737937927, 86.4843215942, 106.213943481, 203.823913574, 219.058288574, 425.746551514, 213.421844482, 509.113616943, 1674.01623535, 1781.88269043, 1453.72460938, 791.559143066, 1825.70117188, 622.106323242, 1781.14880371, 3028.96850586, 1471.50268555, 958.955322266, 440.555389404, 399.728363037, 188.588760376, 262.326721191, 118.856674194, 111.22492981, 141.577041626, 128.17237854, 191.942886353, 118.565940857, 136.785903931, 40.3244514465, 51.1178894043, 11.9562196732, 9.63155078888, 4.49918174744, 0.374722123146, 0.00625578779727, 0.000267157214694],
        "mean": [0.153931930661, 1.80597162247, 4.33354759216, 5.35315561295, 5.1514840126, 16.5995330811, 10.566324234, 10.154967308, 20.086233139, 16.1235847473, 19.7759208679, 23.1057300568, 63.4889564514, 55.4759597778, 36.8525047302, 31.1642494202, 35.8521957397, 65.4839935303, 70.5193023682, 66.0654373169, 52.8122444153, 44.1681938171, 24.0843505859, 20.9521350861, 15.6437969208, 10.0641918182, 7.06388521194, 6.16068458557, 7.88086605072, 5.06298446655, 2.42312979698, 1.87200665474, 1.25223112106, 0.889802336693, 0.446248710155, 0.122240036726, 0.0269929133356, 0.00199348037131, 6.32659139228e-05, 4.11723231082e-05],
        "median": [0.0933702141047, 1.2043607235, 2.61578822136, 1.99440789223, 3.27864956856, 9.99324321747, 4.69323778152, 4.61987686157, 6.05283641815, 7.31457138062, 7.52326726913, 8.73307514191, 19.3626766205, 32.1063613892, 15.9478178024, 15.4836292267, 17.1552963257, 38.8098297119, 46.9691047668, 34.0226974487, 31.8526992798, 28.6409606934, 15.884601593, 14.681344986, 11.2388696671, 6.75508117676, 4.43212270737, 3.62809753418, 3.12064552307, 2.02125358582, 0.915405750275, 0.584615468979, 0.358195215464, 0.231550440192, 0.165199816227, 0.0470053777099, 0.0114384237677, 0.000660234887619, 3.54793046426e-05, 3.73463335563e-05],
        "min": [3.20835752063e-05, 0.000217714492464, 0.00280599435791, 0.0034202511888, 0.0158559773117, 0.0612024106085, 0.0791138187051, 0.0350716635585, 0.0510679073632, 0.251180976629, 0.0276031848043, 0.0310293864459, 0.0964003950357, 0.0304041560739, 0.0550054945052, 0.0267209690064, 0.0539388209581, 0.15395180881, 0.0921538025141, 0.150848820806, 0.130918934941, 0.209732294083, 0.144288793206, 0.120796553791, 0.0777540057898, 0.100646160543, 0.0727683082223, 0.0277405474335, 0.0220004152507, 0.0131870256737, 0.00368128949776, 0.00113846675958, 0.000482060626382, 0.000269854353974, 9.11862589419e-05, 3.67994289263e-05, 1.19880469356e-05, 3.54223766408e-06, 1.62781122981e-06, 1.79165942882e-06],
        "var": [0.0274842977524, 4.76211452484, 33.0234870911, 117.339149475, 62.1402130127, 292.117279053, 341.617614746, 347.487976074, 1761.32885742, 633.641540527, 1670.75598145, 5090.10498047, 27214.4160156, 7591.58154297, 4805.06542969, 7993.19042969, 2837.34423828, 10249.2734375, 14238.140625, 13651.6230469, 4491.65234375, 2396.48266602, 855.436889648, 432.183502197, 325.787719727, 116.324691772, 66.2853622437, 59.8009605408, 157.696289062, 99.3018798828, 31.218662262, 30.7832527161, 8.96643257141, 5.19929170609, 0.624403595924, 0.105041466653, 0.0172103848308, 0.000125285587274, 3.73045523361e-08, 4.13095224694e-10]
    },
    "gfcc": {
        "mean": [24.7321090698, 98.8170013428, -134.252105713, 38.2913017273, -46.0062179565, 24.4250221252, -39.9428138733, 12.6187286377, -22.7309932709, 2.71665024757, -19.3108844757, 0.240259364247, -4.10134506226],
        "cov": [[1519.00109863, -491.079528809, 63.0929107666, 149.443374634, -142.534500122, 159.022888184, -34.4226074219, 65.1501693726, -34.1263694763, 77.853805542, -97.8849105835, 99.0479660034, -61.2520561218], [-491.079528809, 680.569458008, -49.5738639832, -101.420471191, 142.777038574, -212.512527466, 33.4743690491, -28.8654766083, 54.9218521118, -74.2053070068, 57.8529701233, -54.2868423462, 35.0942802429], [63.0929107666, -49.5738639832, 830.303100586, 182.080963135, 76.3015289307, 163.851074219, -122.724212646, 130.341339111, -53.5785903931, 63.7293739319, -10.3869466782, 41.694644928, -75.3501205444], [149.443374634, -101.420471191, 182.080963135, 309.475341797, -6.37147188187, 48.6639022827, -37.2379112244, 10.3572998047, 38.784992218, 0.191214233637, 7.8908033371, 24.8449001312, 34.2935333252], [-142.534500122, 142.777038574, 76.3015289307, -6.37147188187, 238.772567749, 50.2714805603, 33.1941261292, 48.8844223022, -20.7171421051, -5.75165128708, 21.032661438, -11.7742376328, 3.83816790581], [159.022888184, -212.512527466, 163.851074219, 48.6639022827, 50.2714805603, 256.965179443, 49.8254432678, 75.3633651733, -27.4041728973, 36.4855232239, -16.6467990875, 4.41221046448, -18.348657608], [-34.4226074219, 33.4743690491, -122.724212646, -37.2379112244, 33.1941261292, 49.8254432678, 134.884063721, 20.4760684967, 10.4182806015, -10.2343511581, -1.9299839735, -21.8972873688, 9.71481323242], [65.1501693726, -28.8654766083, 130.341339111, 10.3572998047, 48.8844223022, 75.3633651733, 20.4760684967, 131.073257446, 21.7159576416, 21.9121837616, -9.63164329529, -0.193482041359, -7.09708690643], [-34.1263694763, 54.9218521118, -53.5785903931, 38.784992218, -20.7171421051, -27.4041728973, 10.4182806015, 21.7159576416, 115.941741943, 17.5541744232, 8.31985187531, -0.190161913633, 19.2753200531], [77.853805542, -74.2053070068, 63.7293739319, 0.191214233637, -5.75165128708, 36.4855232239, -10.2343511581, 21.9121837616, 17.5541744232, 92.1120681763, 16.2866439819, 16.7663230896, -23.3487262726], [-97.8849105835, 57.8529701233, -10.3869466782, 7.8908033371, 21.032661438, -16.6467990875, -1.9299839735, -9.63164329529, 8.31985187531, 16.2866439819, 67.6228790283, 15.2102355957, 7.070520401], [99.0479660034, -54.2868423462, 41.694644928, 24.8449001312, -11.7742376328, 4.41221046448, -21.8972873688, -0.193482041359, -0.190161913633, 16.7663230896, 15.2102355957, 89.1569976807, 15.3268413544], [-61.2520561218, 35.0942802429, -75.3501205444, 34.2935333252, 3.83816790581, -18.348657608, 9.71481323242, -7.09708690643, 19.2753200531, -23.3487262726, 7.070520401, 15.3268413544, 74.5710678101]],
        "icov": [[0.00131072849035, -0.000381575868232, 0.00109865504783, -0.00142528722063, 0.00072539265966, -0.000784821284469, 0.000722736353055, -0.00139670516364, 0.00136466778349, -0.00119254388846, 0.00232158927247, -0.00201418460347, 0.00203198031522], [-0.000381575868232, 0.0058630509302, -0.00327789550647, 0.00337476446293, -0.00348054501228, 0.00542440358549, -0.00374510861002, 0.0028337938711, -0.00477024680004, 0.00404494162649, -0.00457468442619, 0.00354927615263, -0.00346155231819], [0.00109865504783, -0.00327789550647, 0.00543330144137, -0.00438573863357, 0.00164203403983, -0.00412357784808, 0.00507441163063, -0.00500426115468, 0.00487660476938, -0.0032827144023, 0.00411663204432, -0.00395915890113, 0.0058505916968], [-0.00142528722063, 0.00337476446293, -0.00438573863357, 0.00822263862938, -0.00206439965405, 0.00216303486377, -0.00205055298284, 0.00460532214493, -0.006469914224, 0.00435651326552, -0.00519159855321, 0.00375857343897, -0.00687182880938], [0.00072539265966, -0.00348054501228, 0.00164203403983, -0.00206439965405, 0.00765918707475, -0.00366526236758, 0.00115937367082, -0.00379436323419, 0.00437256321311, -0.00185709877405, 0.000856289290823, -0.00170969543979, 0.00159266183618], [-0.000784821284469, 0.00542440358549, -0.00412357784808, 0.00216303486377, -0.00366526236758, 0.0120641533285, -0.00732725812122, 0.000804313283879, -0.00207094289362, 0.00123213732149, -0.0031019821763, 0.00354796787724, -0.00368463410996], [0.000722736353055, -0.00374510861002, 0.00507441163063, -0.00205055298284, 0.00115937367082, -0.00732725812122, 0.0149501571432, -0.00441580964252, 0.00244268844835, -0.0013578456128, 0.00293299951591, -0.00149139354471, 0.00316797895357], [-0.00139670516364, 0.0028337938711, -0.00500426115468, 0.00460532214493, -0.00379436323419, 0.000804313283879, -0.00441580964252, 0.0157587788999, -0.00798143446445, 0.00209210533649, -0.0020510868635, 0.00354224513285, -0.00500248000026], [0.00136466778349, -0.00477024680004, 0.00487660476938, -0.006469914224, 0.00437256321311, -0.00207094289362, 0.00244268844835, -0.00798143446445, 0.0177080743015, -0.00806414149702, 0.00487207341939, -0.0033564993646, 0.00258209253661], [-0.00119254388846, 0.00404494162649, -0.0032827144023, 0.00435651326552, -0.00185709877405, 0.00123213732149, -0.0013578456128, 0.00209210533649, -0.00806414149702, 0.0194293931127, -0.00914358347654, 0.00112639740109, 0.00137450138573], [0.00232158927247, -0.00457468442619, 0.00411663204432, -0.00519159855321, 0.000856289290823, -0.0031019821763, 0.00293299951591, -0.0020510868635, 0.00487207341939, -0.00914358347654, 0.0250395722687, -0.00815936364233, 0.00440295320004], [-0.00201418460347, 0.00354927615263, -0.00395915890113, 0.00375857343897, -0.00170969543979, 0.00354796787724, -0.00149139354471, 0.00354224513285, -0.0033564993646, 0.00112639740109, -0.00815936364233, 0.0184407569468, -0.00935764238238], [0.00203198031522, -0.00346155231819, 0.0058505916968, -0.00687182880938, 0.00159266183618, -0.00368463410996, 0.00316797895357, -0.00500248000026, 0.00258209253661, 0.00137450138573, 0.00440295320004, -0.00935764238238, 0.025171417743]]
    },
    "melbands": {
        "dmean": [0.000882205320522, 0.00131554168183, 0.000800059584435, 0.000345233856933, 0.000208192039281, 0.000137442388223, 0.000183270181878, 0.000130229745992, 0.000119726093544, 9.76604933385e-05, 0.000194334628759, 0.000144338424434, 7.02994657331e-05, 5.85225097893e-05, 4.14371461375e-05, 5.08732046001e-05, 6.62006932544e-05, 7.30133615434e-05, 3.98690099246e-05, 7.07204890205e-05, 2.59522203123e-05, 2.49560143857e-05, 1.1411457308e-05, 9.29582074605e-06, 7.74635645939e-06, 5.78350136493e-06, 4.56950283478e-06, 3.06425249619e-06, 2.40438680521e-06, 2.01629632102e-06, 2.03248691832e-06, 2.13445900954e-06, 2.19055345951e-06, 1.36524568006e-06, 1.01750401882e-06, 7.4826425589e-07, 8.33720832816e-07, 6.01027807079e-07, 6.5951741135e-07, 5.40581027053e-07],
        "dmean2": [0.00141222949605, 0.00207802467048, 0.00135588995181, 0.000529580400325, 0.000315334851621, 0.000215484178625, 0.000280022533843, 0.000214111700188, 0.000195327214897, 0.000144919758895, 0.000300016952679, 0.000242486508796, 0.0001111033489, 9.34146810323e-05, 6.41053848085e-05, 8.30715071061e-05, 0.000112783272925, 0.000118421412481, 6.5609216108e-05, 0.000118841686344, 4.42329583166e-05, 4.00856915803e-05, 1.88922695088e-05, 1.51113490574e-05, 1.26074555737e-05, 9.48794058786e-06, 7.61764795243e-06, 5.00522492075e-06, 4.00326734962e-06, 3.19344280797e-06, 3.30370130541e-06, 3.37261667482e-06, 3.38416225532e-06, 2.21674690692e-06, 1.64195739671e-06, 1.1777308373e-06, 1.33108949285e-06, 9.05323929601e-07, 1.02241233435e-06, 8.53277242641e-07],
        "dvar": [2.23240022024e-06, 6.0455286075e-06, 3.4714148569e-06, 2.9814165714e-07, 1.3140176236e-07, 7.57229443593e-08, 1.48644431874e-07, 6.17159017224e-08, 9.4116565208e-08, 7.54317923679e-08, 2.70283635473e-07, 1.56624849978e-07, 2.39065727214e-08, 2.47964884181e-08, 2.2252560683e-08, 8.79059935954e-09, 2.26950689353e-08, 2.42764350844e-08, 6.6046137448e-09, 3.60284744261e-08, 2.10861128558e-09, 1.51957535444e-09, 3.17205234301e-10, 2.5141161375e-10, 1.45113518424e-10, 8.89350121325e-11, 7.58256304967e-11, 2.2934019267e-11, 1.84008589615e-11, 1.07061208857e-11, 2.13927261322e-11, 1.79448383236e-11, 2.53571885711e-11, 4.04240564633e-11, 1.3818585165e-11, 1.0725378051e-11, 1.32256037719e-11, 2.13911028647e-12, 4.13734194474e-12, 3.77919570638e-12],
        "dvar2": [5.36280413144e-06, 1.30954194901e-05, 8.91717263585e-06, 8.13847407244e-07, 2.89990765623e-07, 1.86737082686e-07, 3.54901345645e-07, 1.54273536168e-07, 2.32697246361e-07, 1.40916910141e-07, 5.37430878467e-07, 4.37195950553e-07, 6.67928290454e-08, 5.94098459317e-08, 4.70597001367e-08, 2.2095951735e-08, 5.37018145508e-08, 5.55815482528e-08, 1.60934359172e-08, 1.01506280714e-07, 5.74028202749e-09, 3.51174533897e-09, 7.64361518524e-10, 6.34647723263e-10, 3.83012149774e-10, 1.90850085735e-10, 1.91058086019e-10, 5.33553652649e-11, 4.51389446654e-11, 2.65785032871e-11, 5.98961297227e-11, 4.54916174175e-11, 5.72195069104e-11, 1.17252971221e-10, 3.61733455689e-11, 3.01946558035e-11, 3.69655694943e-11, 5.19297061949e-12, 1.11235153033e-11, 1.06465686961e-11],
        "max": [0.0142503231764, 0.022024191916, 0.0166141316295, 0.00506912404671, 0.00545803783461, 0.0053023006767, 0.00555700762197, 0.00308662629686, 0.00409606844187, 0.00916623137891, 0.00941557437181, 0.00638566911221, 0.0018979946617, 0.00282040913589, 0.00329784140922, 0.00192574190442, 0.00397840002552, 0.00532844895497, 0.00190849218052, 0.002402322134, 0.000861386884935, 0.000635686155874, 0.000285849731881, 0.000263737078058, 0.00018106609059, 0.000235162384342, 0.00012623006478, 8.0353624071e-05, 8.38888518047e-05, 6.41239894321e-05, 9.98465620796e-05, 6.34372336208e-05, 0.000123264966533, 0.000154603447299, 9.41019607126e-05, 8.18403059384e-05, 8.52638913784e-05, 2.64018854068e-05, 3.90086315747e-05, 4.40869553131e-05],
        "mean": [0.00174117658753, 0.0024201348424, 0.000874673016369, 0.000797040120233, 0.000442056480097, 0.000246547657298, 0.000298035796732, 0.000184577409527, 0.000152464548592, 0.000147079743329, 0.000328149122652, 0.000237309111981, 0.000126683720737, 9.23441984924e-05, 6.24813401373e-05, 8.87213609531e-05, 0.00013268647308, 0.000129586187541, 6.987634697e-05, 0.000101590136182, 5.44632202946e-05, 5.46448791283e-05, 2.16352436837e-05, 1.92257211893e-05, 1.6906302335e-05, 1.29836116685e-05, 9.02818283066e-06, 6.14248801867e-06, 4.55486315332e-06, 3.69784697796e-06, 3.45343414665e-06, 4.34547791883e-06, 4.36187656305e-06, 2.21210007112e-06, 1.46074432905e-06, 1.07787320758e-06, 1.17225749818e-06, 8.42568624648e-07, 8.77588036019e-07, 7.02581644418e-07],
        "median": [0.00121114298236, 0.00155495735817, 0.00034872040851, 0.00049244199181, 0.000275132682873, 0.000101162433566, 9.96253293124e-05, 7.47009326005e-05, 5.06644319103e-05, 4.97462897329e-05, 9.58718883339e-05, 0.000125273465528, 5.80249870836e-05, 4.23876699642e-05, 2.7262558433e-05, 3.68402179447e-05, 7.28240556782e-05, 8.22041765787e-05, 4.30972249887e-05, 3.878559437e-05, 3.63077524526e-05, 3.13312993967e-05, 1.50032547026e-05, 1.23520994748e-05, 1.15159346024e-05, 9.4206952781e-06, 5.30709303348e-06, 3.99685995944e-06, 2.6545496894e-06, 2.1480518626e-06, 1.85794488061e-06, 1.70975886249e-06, 1.48702656588e-06, 8.80805089309e-07, 5.2325657407e-07, 3.51381885366e-07, 3.41457365494e-07, 2.55378267866e-07, 2.06263351288e-07, 1.86406339253e-07],
        "min": [1.87620742054e-07, 7.24092046767e-07, 8.78068021848e-07, 2.83952613245e-06, 2.84110501525e-06, 7.43601958675e-07, 3.66642410654e-07, 2.31545459428e-06, 1.61909213148e-07, 2.29276309938e-07, 4.74997790434e-07, 1.00889259613e-07, 1.83025548495e-07, 8.4444295112e-08, 9.16646456517e-08, 1.04886957786e-07, 3.32714279239e-07, 1.20797508885e-07, 1.806216261e-07, 1.40761713396e-07, 1.28598472315e-07, 1.66946378499e-07, 2.17855856022e-07, 7.88945229147e-08, 8.31583761851e-08, 6.44282636131e-08, 4.91334155583e-08, 5.3846044068e-08, 2.60808636909e-08, 2.24409486549e-08, 1.2910279068e-08, 1.1797365751e-08, 9.92027437974e-09, 6.00002225681e-09, 1.53144741333e-09, 6.41841635396e-10, 5.5635734908e-10, 3.78824721592e-10, 1.6869865227e-10, 1.81604925542e-10],
