{
"highlevel": {
    "danceability": {
        "all": {
            "danceable": 0.983195662498,
            "not_danceable": 0.0168043300509
        },
        "probability": 0.983195662498,
        "value": "danceable"
    },
    "gender": {
        "all": {
            "female": 0.93826764822,
            "male": 0.0617323331535
        },
        "probability": 0.93826764822,
        "value": "female"
    },
    "genre_dortmund": {
        "all": {
            "alternative": 0.02820725739,
            "blues": 0.403415292501,
            "electronic": 0.0486937463284,
            "folkcountry": 0.0552690178156,
            "funksoulrnb": 0.0477357953787,
            "jazz": 0.0804877504706,
            "pop": 0.118741132319,
            "raphiphop": 0.137915894389,
            "rock": 0.0795341134071
        },
        "probability": 0.403415292501,
        "value": "blues"
    },
    "genre_electronic": {
        "all": {
            "ambient": 0.272922366858,
            "dnb": 0.204475358129,
            "house": 0.387321412563,
            "techno": 0.031004127115,
            "trance": 0.104276761413
        },
        "probability": 0.387321412563,
        "value": "house"
    },
    "genre_rosamerica": {
        "all": {
            "cla": 0.00118122855201,
            "dan": 0.107804775238,
            "hip": 0.0340703837574,
            "jaz": 0.00161262985785,
            "pop": 0.798376083374,
            "rhy": 0.052631482482,
            "roc": 0.00285252579488,
            "spe": 0.00147087906953
        },
        "probability": 0.798376083374,
        "value": "pop"
    },
    "genre_tzanetakis": {
        "all": {
            "blu": 0.0620671063662,
            "cla": 0.034474901855,
            "cou": 0.103433981538,
            "dis": 0.0620971247554,
            "hip": 0.15527240932,
            "jaz": 0.310666948557,
            "met": 0.044346679002,
            "pop": 0.0620793737471,
            "reg": 0.0620816536248,
            "roc": 0.103479810059
        },
        "probability": 0.310666948557,
        "value": "jaz"
    },
    "ismir04_rhythm": {
        "all": {
            "ChaChaCha": 0.427286952734,
            "Jive": 0.0395810194314,
            "Quickstep": 0.00779497250915,
            "Rumba-American": 0.0158980377018,
            "Rumba-International": 0.111596621573,
            "Rumba-Misc": 0.00583528773859,
            "Samba": 0.380885511637,
            "Tango": 0.00405289418995,
            "VienneseWaltz": 0.00424660649151,
            "Waltz": 0.00282208621502
        },
        "probability": 0.427286952734,
        "value": "ChaChaCha"
    },
    "mood_acoustic": {
        "all": {
            "acoustic": 0.243303090334,
            "not_acoustic": 0.756696879864
        },
        "probability": 0.756696879864,
        "value": "not_acoustic"
    },
    "mood_aggressive": {
        "all": {
            "aggressive": 0.0204485785216,
            "not_aggressive": 0.979551434517
        },
        "probability": 0.979551434517,
        "value": "not_aggressive"
    },
    "mood_electronic": {
        "all": {
            "electronic": 0.522496521473,
            "not_electronic": 0.477503478527
        },
        "probability": 0.522496521473,
        "value": "electronic"
    },
    "mood_happy": {
        "all": {
            "happy": 0.569612801075,
            "not_happy": 0.430387198925
        },
        "probability": 0.569612801075,
        "value": "happy"
    },
    "mood_party": {
        "all": {
            "not_party": 0.523454904556,
            "party": 0.476545125246
        },
        "probability": 0.523454904556,
        "value": "not_party"
    },
    "mood_relaxed": {
        "all": {
            "not_relaxed": 0.775466561317,
            "relaxed": 0.224533453584
        },
        "probability": 0.775466561317,
        "value": "not_relaxed"
    },
    "mood_sad": {
        "all": {
            "not_sad": 0.559770047665,
            "sad": 0.440229982138
        },
        "probability": 0.559770047665,
        "value": "not_sad"
    },
    "moods_mirex": {
        "all": {
            "Cluster1": 0.2047881037,
            "Cluster2": 0.318498730659,
            "Cluster3": 0.209287792444,
            "Cluster4": 0.199791029096,
            "Cluster5": 0.0676343291998
        },
        "probability": 0.318498730659,
        "value": "Cluster2"
    },
    "timbre": {
        "all": {
            "bright": 0.976240575314,
            "dark": 0.0237593967468
        },
        "probability": 0.976240575314,
        "value": "bright"
    },
    "tonal_atonal": {
        "all": {
            "atonal": 0.887119948864,
            "tonal": 0.112880073488
        },
        "probability": 0.887119948864,
        "value": "atonal"
    },
    "voice_instrumental": {
        "all": {
            "instrumental": 0.0224148854613,
            "voice": 0.97758513689
        },
        "probability": 0.97758513689,
        "value": "voice"
    }
},
"lowlevel": {
    "average_loudness": 0.950872421265,
    "barkbands_crest": {
        "dmean": 3.06114077568,
        "dmean2": 4.60995388031,
        "dvar": 7.19185590744,
        "dvar2": 15.5592927933,
        "max": 26.4245758057,
        "mean": 12.3924407959,
        "median": 11.558257103,
        "min": 2.73747014999,
        "var": 28.1123561859
    },
    "barkbands_flatness_db": {
        "dmean": 0.0298568941653,
        "dmean2": 0.0439196117222,
        "dvar": 0.00109390472062,
        "dvar2": 0.00213937461376,
        "max": 0.565033137798,
        "mean": 0.178052544594,
        "median": 0.163294821978,
        "min": 0.0410423874855,
        "var": 0.00595873873681
    },
    "barkbands_kurtosis": {
        "dmean": 11.2831792831,
        "dmean2": 16.380033493,
        "dvar": 2338.47143555,
        "dvar2": 3659.23779297,
        "max": 1542.21191406,
        "mean": 14.3361101151,
        "median": 1.87438631058,
        "min": -1.93867623806,
        "var": 4802.88769531
    },
    "barkbands_skewness": {
        "dmean": 0.952171504498,
        "dmean2": 1.37634956837,
        "dvar": 2.09592056274,
        "dvar2": 4.00036907196,
        "max": 33.7087440491,
        "mean": 1.96445798874,
        "median": 1.38093805313,
        "min": -3.63900923729,
        "var": 6.78607225418
    },
    "barkbands_spread": {
        "dmean": 8.44805049896,
        "dmean2": 12.9232320786,
        "dvar": 135.905700684,
        "dvar2": 280.471862793,
        "max": 113.812065125,
        "mean": 24.2552757263,
        "median": 21.5797309875,
        "min": 0.0681500062346,
        "var": 315.03338623
    },
    "dissonance": {
        "dmean": 0.0264276023954,
        "dmean2": 0.0423939973116,
        "dvar": 0.000583334593102,
        "dvar2": 0.00150660506915,
        "max": 0.498809725046,
        "mean": 0.450693696737,
        "median": 0.458297073841,
        "min": 0.290525764227,
        "var": 0.00120606797282
    },
    "dynamic_complexity": 2.41515278816,
    "erbbands_crest": {
        "dmean": 3.53051519394,
        "dmean2": 5.51147508621,
        "dvar": 10.2958612442,
        "dvar2": 21.7733516693,
        "max": 31.6967411041,
        "mean": 11.5066490173,
        "median": 10.1789913177,
        "min": 2.93595695496,
        "var": 32.0309829712
    },
    "erbbands_flatness_db": {
        "dmean": 0.0248516686261,
        "dmean2": 0.0343499928713,
        "dvar": 0.000581688713282,
        "dvar2": 0.0011584747117,
        "max": 0.406090676785,
        "mean": 0.16375027597,
        "median": 0.157461121678,
        "min": 0.0586625412107,
        "var": 0.00286223646253
    },
    "erbbands_kurtosis": {
        "dmean": 1.91111826897,
        "dmean2": 3.0365588665,
        "dvar": 10.2592115402,
        "dvar2": 25.2937583923,
        "max": 33.8609313965,
        "mean": 1.64284682274,
        "median": 0.476224899292,
        "min": -1.8411642313,
        "var": 15.4175786972
    },
    "erbbands_skewness": {
        "dmean": 0.577816784382,
        "dmean2": 0.846935927868,
        "dvar": 0.409006774426,
        "dvar2": 0.872898638248,
        "max": 4.99974250793,
        "mean": 0.530692517757,
        "median": 0.4824000597,
        "min": -3.81964802742,
        "var": 1.06966006756
    },
    "erbbands_spread": {
        "dmean": 14.2034168243,
        "dmean2": 21.4148368835,
        "dvar": 391.460021973,
        "dvar2": 919.362487793,
        "max": 189.60244751,
        "mean": 40.3773574829,
        "median": 32.4802017212,
        "min": 2.18067216873,
        "var": 776.604003906
    },
    "hfc": {
        "dmean": 11.716878891,
        "dmean2": 17.2079944611,
        "dvar": 344.783813477,
        "dvar2": 799.797119141,
        "max": 173.801635742,
        "mean": 27.6626548767,
        "median": 20.9592685699,
        "min": 0.0433580763638,
        "var": 605.967285156
    },
    "melbands_crest": {
        "dmean": 3.99525547028,
        "dmean2": 6.35712528229,
        "dvar": 14.6941318512,
        "dvar2": 31.3328971863,
        "max": 36.0725135803,
        "mean": 17.1523971558,
        "median": 15.8080158234,
        "min": 3.40086174011,
        "var": 50.2446060181
    },
    "melbands_flatness_db": {
        "dmean": 0.0360225141048,
        "dmean2": 0.0502995289862,
        "dvar": 0.00169603840914,
        "dvar2": 0.00318856048398,
        "max": 0.697826564312,
        "mean": 0.23151062429,
        "median": 0.211272582412,
        "min": 0.0397827364504,
        "var": 0.00964660570025
    },
    "melbands_kurtosis": {
        "dmean": 19.9431819916,
        "dmean2": 30.2338066101,
        "dvar": 2885.46411133,
        "dvar2": 6248.55859375,
        "max": 1234.51745605,
        "mean": 27.9436817169,
        "median": 7.79323577881,
        "min": -1.79215025902,
        "var": 4807.44726562
    },
    "melbands_skewness": {
        "dmean": 1.22025418282,
        "dmean2": 1.81575000286,
        "dvar": 2.77180814743,
        "dvar2": 5.99992847443,
        "max": 22.5784435272,
        "mean": 3.0660367012,
        "median": 2.38771653175,
        "min": -1.3884165287,
        "var": 8.04306030273
    },
    "melbands_spread": {
        "dmean": 9.27719116211,
        "dmean2": 13.7260694504,
        "dvar": 259.674346924,
        "dvar2": 554.8203125,
        "max": 264.710144043,
        "mean": 24.2739429474,
        "median": 20.7286949158,
        "min": 0.200501412153,
        "var": 463.920440674
    },
    "pitch_salience": {
        "dmean": 0.0825099647045,
        "dmean2": 0.130900904536,
        "dvar": 0.00718693109229,
        "dvar2": 0.017242314294,
        "max": 0.858333647251,
        "mean": 0.483908474445,
        "median": 0.489004522562,
        "min": 0.0369946621358,
        "var": 0.0213201716542
    },
    "silence_rate_20dB": {
        "dmean": 0,
        "dmean2": 0,
        "dvar": 0,
        "dvar2": 0,
        "max": 1,
        "mean": 1,
        "median": 1,
        "min": 1,
        "var": 0
    },
    "silence_rate_30dB": {
        "dmean": 0.0386996902525,
        "dmean2": 0.0774593353271,
        "dvar": 0.0372026786208,
        "dvar2": 0.0931463912129,
        "max": 1,
        "mean": 0.969837605953,
        "median": 1,
        "min": 0,
        "var": 0.0292525421828
    },
    "silence_rate_60dB": {
        "dmean": 0.0232198145241,
        "dmean2": 0.0464756004512,
        "dvar": 0.0226807557046,
        "dvar2": 0.0551592037082,
        "max": 1,
        "mean": 0.0309358090162,
        "median": 0,
        "min": 0,
        "var": 0.0299791917205
    },
    "spectral_centroid": {
        "dmean": 344.434326172,
        "dmean2": 511.624938965,
        "dvar": 211777.40625,
        "dvar2": 438442.4375,
        "max": 5030.97607422,
        "mean": 1328.10534668,
        "median": 1331.39916992,
        "min": 85.197769165,
        "var": 527081.0625
    },
    "spectral_complexity": {
        "dmean": 4.43962860107,
        "dmean2": 6.28814888,
        "dvar": 33.5497398376,
        "dvar2": 57.36378479,
        "max": 60,
        "mean": 15.4694509506,
        "median": 15,
        "min": 0,
        "var": 91.5374679565
    },
    "spectral_decrease": {
        "dmean": 3.15012216312e-09,
        "dmean2": 4.61355531556e-09,
        "dvar": 2.28889693239e-17,
        "dvar2": 4.76683805284e-17,
        "max": -2.56434803947e-11,
        "mean": -9.34509092332e-09,
        "median": -7.55761586646e-09,
        "min": -4.63235458881e-08,
        "var": 5.79753355109e-17
    },
    "spectral_energy": {
        "dmean": 0.0125597165897,
        "dmean2": 0.0183961186558,
        "dvar": 0.000346035376424,
        "dvar2": 0.000723237986676,
        "max": 0.176167190075,
        "mean": 0.0377796180546,
        "median": 0.0319410674274,
        "min": 0.000100717130408,
        "var": 0.000864886445925
    },
    "spectral_energyband_high": {
        "dmean": 0.000947360182181,
        "dmean2": 0.00145958468784,
        "dvar": 5.77271202928e-06,
        "dvar2": 1.46045667861e-05,
        "max": 0.0240448508412,
        "mean": 0.00133036030456,
        "median": 0.000475351058412,
        "min": 3.68336543488e-08,
        "var": 5.76900038141e-06
    },
    "spectral_energyband_low": {
        "dmean": 0.00818113796413,
        "dmean2": 0.0121213775128,
        "dvar": 0.000304663844872,
        "dvar2": 0.000649389985483,
        "max": 0.167374357581,
        "mean": 0.0178614798933,
        "median": 0.00572196673602,
        "min": 6.58481951632e-07,
        "var": 0.000727214501239
    },
    "spectral_energyband_middle_high": {
        "dmean": 0.00361548853107,
        "dmean2": 0.00512951146811,
        "dvar": 2.86014401354e-05,
        "dvar2": 5.93809127167e-05,
        "max": 0.067870259285,
        "mean": 0.00860905926675,
        "median": 0.00420607114211,
        "min": 3.33591833623e-06,
        "var": 0.000111761371954
    },
    "spectral_energyband_middle_low": {
        "dmean": 0.00503669166937,
        "dmean2": 0.00794779602438,
        "dvar": 5.36696097697e-05,
        "dvar2": 0.000139094961924,
        "max": 0.0832839980721,
        "mean": 0.0106546701863,
        "median": 0.00836354866624,
        "min": 3.30891525664e-05,
        "var": 9.27662331378e-05
    },
    "spectral_entropy": {
        "dmean": 0.269250452518,
        "dmean2": 0.373487442732,
        "dvar": 0.0918966382742,
        "dvar2": 0.186988025904,
        "max": 8.84980773926,
        "mean": 7.44548606873,
        "median": 7.52013683319,
        "min": 4.88162851334,
        "var": 0.332655489445
    },
    "spectral_flux": {
        "dmean": 0.0385370030999,
        "dmean2": 0.060537610203,
        "dvar": 0.00215542083606,
        "dvar2": 0.00378803163767,
        "max": 0.398104161024,
        "mean": 0.105281203985,
        "median": 0.0910295918584,
        "min": 0.00470915390179,
        "var": 0.0044416198507
    },
    "spectral_kurtosis": {
        "dmean": 2.11963653564,
        "dmean2": 3.24286675453,
        "dvar": 13.7185411453,
        "dvar2": 35.2588996887,
        "max": 48.7101554871,
        "mean": 4.83555698395,
        "median": 3.87462520599,
        "min": -1.2894359827,
        "var": 24.5561027527
    },
    "spectral_rms": {
        "dmean": 0.00100373267196,
        "dmean2": 0.00143466331065,
        "dvar": 1.56923169925e-06,
        "dvar2": 3.00677038467e-06,
        "max": 0.0131099363789,
        "mean": 0.00561064435169,
        "median": 0.00558229489252,
        "min": 0.000313465483487,
        "var": 5.37890446139e-06
    },
    "spectral_rolloff": {
        "dmean": 793.38104248,
        "dmean2": 1362.7142334,
        "dvar": 2887490.25,
        "dvar2": 5975137,
        "max": 13824.3164062,
        "mean": 1583.93249512,
        "median": 1033.59375,
        "min": 64.599609375,
        "var": 3847098.25
    },
    "spectral_skewness": {
        "dmean": 0.317617118359,
        "dmean2": 0.454556554556,
        "dvar": 0.165497198701,
        "dvar2": 0.348588764668,
        "max": 5.56822967529,
        "mean": 1.69096589088,
        "median": 1.62962937355,
        "min": -0.397233426571,
        "var": 0.449230253696
    },
    "spectral_spread": {
        "dmean": 1043177.9375,
        "dmean2": 1449671,
        "dvar": 1.98613191885e+12,
        "dvar2": 4.04401605837e+12,
        "max": 18139476,
        "mean": 5654806.5,
        "median": 5144418.5,
        "min": 1054136.375,
        "var": 5.89294940979e+12
    },
    "spectral_strongpeak": {
        "dmean": 0.743150174618,
        "dmean2": 1.2049343586,
        "dvar": 1.56191623211,
        "dvar2": 3.81352448463,
        "max": 12.9417676926,
        "mean": 1.3108266592,
        "median": 0.608202338219,
        "min": 0,
        "var": 3.28028893471
    },
    "zerocrossingrate": {
        "dmean": 0.0177565068007,
        "dmean2": 0.0202562958002,
        "dvar": 0.000545259390492,
        "dvar2": 0.000631835486274,
        "max": 0.3935546875,
        "mean": 0.0668639391661,
        "median": 0.05810546875,
        "min": 0.001953125,
        "var": 0.00227108970284
    },
    "barkbands": {
        "dmean": [0.000693002657499, 0.00638006720692, 0.00365352258086, 0.000934693089221, 0.00202776165679, 0.00132764724549, 0.00116832600906, 0.000811403268017, 0.000515758118127, 0.00131004443392, 0.00122231303249, 0.000758021371439, 0.000559190171771, 0.000317541678669, 0.000518520479091, 0.000448290316854, 0.000271773897111, 0.000303775130305, 0.000232346821576, 0.000355030148057, 0.000136330767418, 0.000153023283929, 0.000163413278642, 0.000133608526085, 0.000138710354804, 8.50009528222e-05, 4.74860435418e-08],
        "dmean2": [0.000976849696599, 0.00934534240514, 0.00673709064722, 0.00169220811222, 0.00321973185055, 0.00217176438309, 0.0018197321333, 0.0012350078905, 0.000761974835768, 0.00195164501201, 0.00186084792949, 0.00115733977873, 0.000884602544829, 0.000478262780234, 0.000756209716201, 0.000672567286529, 0.000425685720984, 0.000470079132356, 0.000377156247851, 0.0006071999087, 0.000215655905777, 0.000234341161558, 0.000250930694165, 0.000202780312975, 0.000205936841667, 0.000129673207994, 8.27671300385e-08],
        "dvar": [1.8125135739e-06, 0.000199823858566, 0.000176161978743, 8.02034901426e-06, 8.85223198566e-06, 1.37768129207e-05, 5.23145899933e-06, 3.50879167854e-06, 1.82345945632e-06, 1.28473366203e-05, 1.2111048818e-05, 5.72053568249e-06, 2.23212873607e-06, 4.50878332003e-07, 2.24480663746e-06, 9.50975675096e-07, 3.88946460816e-07, 3.58206307283e-07, 2.49062850344e-07, 2.86821932605e-06, 7.99494941361e-08, 2.740313505e-07, 2.97328142551e-07, 7.87331231322e-08, 7.75499131578e-08, 4.42366605569e-08, 4.90092687299e-14],
        "dvar2": [3.25942164636e-06, 0.000409799482441, 0.000497846922372, 2.35068328038e-05, 2.20092970267e-05, 3.30816183123e-05, 1.15373513836e-05, 7.43941063774e-06, 3.27817042489e-06, 3.04065979435e-05, 2.52909067058e-05, 1.23923600768e-05, 4.71663543067e-06, 1.0169098914e-06, 4.41848715127e-06, 1.85534895536e-06, 9.24961909732e-07, 8.19047272671e-07, 6.19690695203e-07, 7.9783885667e-06, 1.97998772933e-07, 5.76365721372e-07, 7.5237596775e-07, 1.75208469955e-07, 1.61920297614e-07, 1.0206676393e-07, 1.20209357334e-13],
        "max": [0.0131455883384, 0.160695791245, 0.109809979796, 0.0423276647925, 0.0277971606702, 0.0623719096184, 0.0277194716036, 0.03630489856, 0.0270877797157, 0.0496009625494, 0.0539411753416, 0.051949556917, 0.0271286405623, 0.00918922573328, 0.0359304137528, 0.0163463633507, 0.00843702442944, 0.00607684534043, 0.00546573288739, 0.0217266045511, 0.00465683126822, 0.00972648523748, 0.0103766918182, 0.00361835514195, 0.00319052510895, 0.00223512994125, 3.04556397168e-06],
        "mean": [0.00111548916902, 0.0135109657422, 0.00278149778023, 0.00107422051951, 0.00418618228287, 0.00171328766737, 0.00156702590175, 0.000978990807198, 0.000686643412337, 0.00181717786472, 0.00204105884768, 0.00111807778012, 0.000727361766621, 0.000439400842879, 0.000826533592772, 0.000622794905212, 0.000372536131181, 0.000420456315624, 0.000312506308546, 0.000363364146324, 0.000190171776921, 0.000170825805981, 0.000189461061382, 0.000210567974136, 0.000236675725318, 0.000106327504909, 3.24758318015e-08],
        "median": [0.00032558417297, 0.00397908734158, 0.000474529049825, 0.000423285353463, 0.00232425495051, 0.000490678939968, 0.000314746866934, 0.000161352800205, 0.000121866185509, 0.000205777483643, 0.000166385027114, 8.91195522854e-05, 0.00014539824042, 9.24468695302e-05, 0.000178644098924, 0.00015088103828, 9.90490298136e-05, 0.000136592279887, 0.000111644607387, 7.37498921808e-05, 6.46895932732e-05, 3.02100525005e-05, 4.41421216237e-05, 4.99175221194e-05, 7.8103665146e-05, 1.63947734109e-05, 7.6934864035e-10],
        "min": [1.88922721911e-09, 3.40058647907e-08, 2.61367780752e-08, 6.91577994871e-08, 1.53349628818e-06, 3.15815384511e-07, 4.05452425412e-07, 1.65088081872e-07, 2.46791586278e-07, 3.07043734438e-07, 9.1614538178e-08, 7.26213258417e-08, 4.21230026859e-07, 7.41055572462e-08, 9.44329130448e-08, 3.21737410047e-08, 2.92153927717e-08, 6.88862940024e-08, 2.96467672634e-09, 4.96851404463e-09, 7.57910445515e-09, 4.99442709412e-09, 4.76688644113e-09, 2.60422616805e-09, 4.7580039908e-10, 5.65786740375e-12, 5.43082506049e-12],
        "var": [3.81691916118e-06, 0.000477027031593, 0.000105881001218, 5.29504404767e-06, 2.25658532145e-05, 1.85350963875e-05, 8.40803022584e-06, 5.87992690271e-06, 3.38393761012e-06, 1.95495031221e-05, 3.42333587469e-05, 1.40489828482e-05, 3.08711219077e-06, 8.36912022351e-07, 5.75451167606e-06, 1.75090985977e-06, 6.17060663899e-07, 5.40623148026e-07, 2.86062856958e-07, 1.84946691206e-06, 1.01231165672e-07, 3.24489974446e-07, 2.55602373045e-07, 1.37169223535e-07, 1.60447427788e-07, 6.41964419401e-08, 3.52874738978e-14]
    },
    "erbbands": {
        "dmean": [0.273203462362, 1.42788898945, 3.96631550789, 3.65985250473, 4.78092956543, 7.53389406204, 7.86704826355, 11.9306850433, 15.5597505569, 17.1998195648, 17.1817626953, 12.4736051559, 22.0723361969, 46.6876602173, 45.2495536804, 31.8292884827, 25.1772041321, 17.0397586823, 26.441400528, 22.4426403046, 21.7821235657, 13.567858696, 13.3189306259, 14.358631134, 11.8208198547, 17.5342235565, 9.58958148956, 4.42245292664, 5.51382780075, 5.2787694931, 4.59701967239, 3.16816329956, 2.08499240875, 1.72276055813, 0.979404807091, 0.461826056242, 0.163194879889, 0.0108408639207, 0.000216073181946, 2.50043049164e-05],
        "dmean2": [0.374975085258, 2.07682299614, 6.98279953003, 6.65808200836, 8.01053905487, 11.6270389557, 11.9954843521, 19.5618400574, 24.1968173981, 26.6119384766, 25.8176403046, 17.8151073456, 33.407119751, 69.7424316406, 65.2806091309, 45.9271736145, 38.5557785034, 25.400428772, 37.2595329285, 32.3816642761, 32.2224006653, 20.3331184387, 20.4768238068, 22.2113265991, 18.8509407043, 29.7513637543, 15.7114772797, 7.00537061691, 8.56697273254, 7.89387226105, 7.07585334778, 4.83389186859, 3.19753146172, 2.59816217422, 1.51030349731, 0.682396113873, 0.254853963852, 0.0175006669015, 0.000340576079907, 3.66828426195e-05],
        "dvar": [0.26884868741, 12.8244895935, 180.643249512, 153.186584473, 66.5406799316, 137.454086304, 218.708374023, 1353.86071777, 987.865539551, 1514.92260742, 1983.60375977, 1257.00463867, 3338.59277344, 18788.0039062, 14212.1640625, 11961.3310547, 3582.53125, 1209.71899414, 7891.60595703, 2307.90527344, 2155.96386719, 926.237609863, 859.819274902, 724.779541016, 792.198913574, 6815.26074219, 907.444152832, 131.685546875, 374.565551758, 333.633148193, 251.621185303, 54.6145629883, 18.2233467102, 13.5318756104, 3.53498506546, 1.0265519619, 0.197857365012, 0.000986946513876, 3.33467255587e-07, 1.23163534926e-09],
        "dvar2": [0.504976034164, 28.5136642456, 490.917755127, 440.141265869, 191.568481445, 316.108337402, 450.266357422, 3464.70678711, 2294.04663086, 3456.24243164, 4137.76464844, 2102.00805664, 7205.52832031, 44874.8125, 28540.3847656, 24726.4179688, 6821.01855469, 2732.91918945, 15413.5107422, 4495.79394531, 4085.11962891, 2093.10766602, 1965.90124512, 1727.4095459, 1909.59741211, 19029.6972656, 2483.60522461, 320.317687988, 759.133544922, 797.47857666, 648.132141113, 126.79573822, 39.9262123108, 28.189496994, 8.15108585358, 2.305382967, 0.47063845396, 0.00234032073058, 7.83035773111e-07, 2.77321743347e-09],
        "max": [5.85874652863, 37.0268363953, 106.406959534, 127.943763733, 103.545288086, 94.1183013916, 194.728713989, 693.901672363, 310.414215088, 512.602111816, 1013.80450439, 752.474487305, 989.383850098, 2216.72436523, 2167.35717773, 2583.41064453, 1151.27062988, 516.651123047, 2316.19580078, 804.222595215, 731.976806641, 573.209472656, 339.973907471, 242.451126099, 329.107666016, 1054.36364746, 361.418243408, 136.727890015, 424.910583496, 371.502685547, 314.047973633, 96.9915237427, 59.0168037415, 58.645526886, 19.7223682404, 10.0780239105, 5.15614461899, 0.410886883736, 0.0073154848069, 0.00036617758451],
        "mean": [0.535142600536, 2.44343447685, 3.39961576462, 3.61496162415, 9.46396827698, 13.9471111298, 12.3840665817, 15.2466001511, 21.8444576263, 20.6003322601, 21.1022529602, 17.8356342316, 33.2086372375, 70.6230926514, 81.7722549438, 52.5165328979, 36.0517234802, 24.7316589355, 42.8824729919, 34.5658950806, 32.0122032166, 19.8766059875, 19.6647396088, 20.199432373, 16.5218219757, 18.4649486542, 11.8422031403, 5.64587545395, 6.13276433945, 5.92005252838, 5.39846801758, 4.47443008423, 3.39157700539, 2.85818004608, 1.52766168118, 0.608485400677, 0.191486820579, 0.0127302380279, 0.000283512636088, 6.11954528722e-05],
        "median": [0.153443962336, 0.708079338074, 0.759710013866, 1.38121914864, 4.39736890793, 7.57152175903, 4.30833530426, 4.72006797791, 5.75752687454, 5.10219287872, 4.10282611847, 3.73415017128, 6.48014640808, 10.7004671097, 9.68314552307, 7.67048549652, 9.29185676575, 6.8763885498, 10.4406480789, 10.2773942947, 9.81035232544, 6.2155585289, 6.94642019272, 8.20396709442, 5.24462461472, 3.88341236115, 3.41856527328, 2.04281282425, 1.08227944374, 1.13065540791, 1.33058476448, 0.922168850899, 0.913717508316, 0.820740699768, 0.523660898209, 0.130344420671, 0.0210099238902, 0.00103304919321, 5.73159777559e-05, 5.07684380864e-05],
        "min": [2.02225214707e-06, 2.40461795329e-05, 0.000372789741959, 0.00207443768159, 0.0124611426145, 0.00502761267126, 0.00303203752264, 0.00708856154233, 0.0594480484724, 0.0218842290342, 0.015153686516, 0.0182790216058, 0.0143422558904, 0.00921082589775, 0.00218891329132, 0.00954960659146, 0.0184424221516, 0.0108382962644, 0.0147030213848, 0.00420562457293, 0.00180402013939, 0.00183429918252, 0.00349101680331, 0.00127858144697, 0.000243863803917, 0.000231001220527, 0.000224401985179, 0.000510342477355, 0.000194408843527, 0.000132139379275, 0.00013352802489, 6.70892768539e-05, 3.52529496013e-05, 2.85014921246e-05, 2.66139832092e-05, 7.74436955453e-07, 1.09807380966e-07, 1.66690128367e-08, 5.76448222489e-08, 1.15368401055e-07],
        "var": [0.747269332409, 21.0057868958, 124.347106934, 91.3187637329, 157.423599243, 303.299072266, 442.929290771, 1485.01818848, 1596.05322266, 1834.69702148, 3137.19311523, 2473.14916992, 6930.86328125, 29536.640625, 47404.6835938, 31000.2285156, 6404.23925781, 2166.43896484, 20026.8144531, 5006.42431641, 4022.26904297, 1562.9909668, 1216.67321777, 1001.62365723, 975.79888916, 4409.14501953, 712.446838379, 131.386947632, 478.136322021, 316.113433838, 208.658370972, 73.0859298706, 35.4130249023, 26.7024536133, 6.39516353607, 1.5359903574, 0.273979008198, 0.00136758887675, 4.76336566635e-07, 2.45032016899e-09]
    },
    "gfcc": {
        "mean": [0.565563976765, 80.4249649048, -103.115463257, 33.835319519, -53.6658821106, 24.5095672607, -43.8892250061, 15.8597946167, -30.8567409515, 6.52319335938, -12.3327913284, 3.03906464577, -3.75771951675],
        "cov": [[5114.70800781, -1241.08178711, -883.575073242, -52.8486709595, -173.428100586, 182.646438599, -4.61972284317, 406.629394531, -416.120361328, 118.579162598, -119.971710205, 183.93649292, 8.38637256622], [-1241.08178711, 1728.57800293, -12.4563245773, -83.4361495972, 244.739501953, -181.138961792, 236.239044189, -145.642807007, 264.769592285, -46.6447067261, 199.879104614, -152.151733398, 91.714553833], [-883.575073242, -12.4563245773, 1518.72460938, 339.489593506, -93.5319976807, 123.526229858, -38.8547706604, -151.514434814, 112.594230652, -2.36214804649, -56.9156227112, 63.213634491, -159.523117065], [-52.8486709595, -83.4361495972, 339.489593506, 555.618164062, 65.0625152588, 120.002845764, 76.5099487305, -48.8669815063, 97.5978775024, -7.92575311661, 51.306968689, 20.0478553772, 14.5338258743], [-173.428100586, 244.739501953, -93.5319976807, 65.0625152588, 459.214355469, 129.846679688, 194.380950928, 78.3433990479, 56.3509521484, 64.3963012695, 59.8608551025, 13.8069067001, 100.780067444], [182.646438599, -181.138961792, 123.526229858, 120.002845764, 129.846679688, 370.263122559, 180.454269409, 86.7484130859, -32.3193054199, 25.6954555511, 35.7136573792, 38.6641311646, 64.7734069824], [-4.61972284317, 236.239044189, -38.8547706604, 76.5099487305, 194.380950928, 180.454269409, 389.464782715, 119.41053009, 29.4355773926, 34.1250228882, 88.8387298584, 3.77578020096, 99.6952590942], [406.629394531, -145.642807007, -151.514434814, -48.8669815063, 78.3433990479, 86.7484130859, 119.41053009, 316.905273438, -2.30566501617, 47.105846405, 12.3166742325, 23.3560295105, 92.2232666016], [-416.120361328, 264.769592285, 112.594230652, 97.5978775024, 56.3509521484, -32.3193054199, 29.4355773926, -2.30566501617, 311.64755249, 59.7386245728, 35.6877059937, -13.7582960129, -61.4967956543], [118.579162598, -46.6447067261, -2.36214804649, -7.92575311661, 64.3963012695, 25.6954555511, 34.1250228882, 47.105846405, 59.7386245728, 163.460678101, 43.4420204163, -1.03556597233, -21.2933940887], [-119.971710205, 199.879104614, -56.9156227112, 51.306968689, 59.8608551025, 35.7136573792, 88.8387298584, 12.3166742325, 35.6877059937, 43.4420204163, 170.06237793, 18.855966568, 49.0931472778], [183.93649292, -152.151733398, 63.213634491, 20.0478553772, 13.8069067001, 38.6641311646, 3.77578020096, 23.3560295105, -13.7582960129, -1.03556597233, 18.855966568, 153.159942627, 31.4787750244], [8.38637256622, 91.714553833, -159.523117065, 14.5338258743, 100.780067444, 64.7734069824, 99.6952590942, 92.2232666016, -61.4967956543, -21.2933940887, 49.0931472778, 31.4787750244, 217.870666504]],
        "icov": [[0.000388998043491, -0.000137559880386, 0.000365144369425, -0.000413998321164, 0.000312000600388, -0.000238373468164, 5.67205352127e-05, -0.000523816619534, 0.000676797819324, -0.000609356618952, 0.000560790358577, -0.000719165895134, 0.000569251307752], [-0.000137559880386, 0.00202236953191, -0.000625596672762, 0.00132182927337, -0.00101694976911, 0.0014337298926, -0.00125535344705, 0.0014132236829, -0.00192400976084, 0.00191039673518, -0.00236665830016, 0.00224843854085, -0.00151983322576], [0.000365144369425, -0.000625596672762, 0.0014191508526, -0.00117397611029, 0.000736648100428, -0.000948873755988, 0.00031966259121, -0.000475408916827, 0.000846538576297, -0.00109061272815, 0.00151173188351, -0.00165832671337, 0.00139433203731], [-0.000413998321164, 0.00132182927337, -0.00117397611029, 0.00365078309551, -0.000996097107418, 0.000392761168769, -0.000835470040329, 0.00174655625597, -0.00249811843969, 0.00217757606879, -0.00247605028562, 0.00204475154169, -0.00188642716967], [0.000312000600388, -0.00101694976911, 0.000736648100428, -0.000996097107418, 0.00389090250246, -0.00133051536977, -0.000449215149274, -0.000661709578708, 0.000669210159685, -0.00234881741926, 0.00182711880188, -0.00161852443125, -0.000115213246318], [-0.000238373468164, 0.0014337298926, -0.000948873755988, 0.000392761168769, -0.00133051536977, 0.00534984981641, -0.0023793282453, 0.000502943410538, -0.00050150800962, 0.00110054062679, -0.00169065140653, 0.00122858549003, -0.00124507897999], [5.67205352127e-05, -0.00125535344705, 0.00031966259121, -0.000835470040329, -0.000449215149274, -0.0023793282453, 0.0053754998371, -0.0018271622248, 0.000791227328591, -0.000687247491442, -0.000166271071066, -0.000528343778569, 0.000314853299642], [-0.000523816619534, 0.0014132236829, -0.000475408916827, 0.00174655625597, -0.000661709578708, 0.000502943410538, -0.0018271622248, 0.00602560164407, -0.00243537779897, 0.000399019801989, -0.00089593604207, 0.00162761390675, -0.00327899586409], [0.000676797819324, -0.00192400976084, 0.000846538576297, -0.00249811843969, 0.000669210159685, -0.00050150800962, 0.000791227328591, -0.00243537779897, 0.00697730015963, -0.00344204739667, 0.00207590544596, -0.00272821309045, 0.00363816088066], [-0.000609356618952, 0.00191039673518, -0.00109061272815, 0.00217757606879, -0.00234881741926, 0.00110054062679, -0.000687247491442, 0.000399019801989, -0.00344204739667, 0.0105961775407, -0.00508162565529, 0.00308434199542, -5.62137502129e-05], [0.000560790358577, -0.00236665830016, 0.00151173188351, -0.00247605028562, 0.00182711880188, -0.00169065140653, -0.000166271071066, -0.00089593604207, 0.00207590544596, -0.00508162565529, 0.0113642904907, -0.00427242740989, 0.000505390635226], [-0.000719165895134, 0.00224843854085, -0.00165832671337, 0.00204475154169, -0.00161852443125, 0.00122858549003, -0.000528343778569, 0.00162761390675, -0.00272821309045, 0.00308434199542, -0.00427242740989, 0.0106395222247, -0.00337636331096], [0.000569251307752, -0.00151983322576, 0.00139433203731, -0.00188642716967, -0.000115213246318, -0.00124507897999, 0.000314853299642, -0.00327899586409, 0.00363816088066, -5.62137502129e-05, 0.000505390635226, -0.00337636331096, 0.00941724982113]]
    },
    "melbands": {
        "dmean": [0.00196596514434, 0.00187802722212, 0.000644574407488, 0.000453611195553, 0.000298430590192, 0.000265481590759, 0.000241268557147, 0.000183149313671, 0.000130694956169, 7.69869875512e-05, 0.000115881201054, 0.000196148044779, 0.000169662220287, 9.90714688669e-05, 6.77528078086e-05, 4.67125755677e-05, 3.29670801875e-05, 4.29697793152e-05, 3.28188980347e-05, 3.37134988513e-05, 2.50359116762e-05, 1.54871504492e-05, 1.24113466882e-05, 1.56569039973e-05, 1.17614945339e-05, 9.7370639196e-06, 7.03675777913e-06, 1.44725927385e-05, 8.52660741657e-06, 2.79236405731e-06, 2.603613666e-06, 3.35673030349e-06, 2.86085560219e-06, 3.08185599351e-06, 2.91820401799e-06, 2.11089559343e-06, 1.99698229153e-06, 1.56816986419e-06, 1.42081114518e-06, 1.60743468314e-06],
        "dmean2": [0.00275006447919, 0.00298662064597, 0.00114328623749, 0.000748312741052, 0.000442987395218, 0.000435730093159, 0.000375107279979, 0.000283285538899, 0.00019991066074, 0.000112012916361, 0.000177319700015, 0.000292332610115, 0.000249002856435, 0.000146725767991, 0.000102319128928, 7.30764222681e-05, 4.88138721266e-05, 6.13316296949e-05, 4.87907018396e-05, 4.91340470035e-05, 3.71083151549e-05, 2.35157622228e-05, 1.91252511286e-05, 2.41044144786e-05, 1.8553029804e-05, 1.5833429643e-05, 1.13149453682e-05, 2.52810641541e-05, 1.43856614159e-05, 4.43028739028e-06, 4.15787326347e-06, 5.279666766e-06, 4.28888051829e-06, 4.71283283332e-06, 4.5547621994e-06, 3.30648549607e-06, 3.03437559523e-06, 2.47552429755e-06, 2.12889904105e-06, 2.46440913543e-06],
        "dvar": [1.52900629473e-05, 2.92153035844e-05, 3.75235663341e-06, 4.83841972709e-07, 2.65215476247e-07, 6.17894897914e-07, 2.29824507869e-07, 1.60701233654e-07, 1.24728046558e-07, 4.90442459977e-08, 8.79102515228e-08, 3.47570278336e-07, 2.38432534161e-07, 7.91171430592e-08, 4.40890168818e-08, 1.07714175357e-08, 5.63922863961e-09, 2.07172838884e-08, 5.2708539755e-09, 6.18620221715e-09, 3.07643732711e-09, 1.51806722748e-09, 7.07906400166e-10, 1.06499964403e-09, 4.88985907321e-10, 4.83738715751e-10, 3.12997960883e-10, 5.94635363171e-09, 9.26553112013e-10, 3.93589917602e-11, 5.75999976882e-11, 1.63652230656e-10, 7.45895289977e-11, 1.20014498339e-10, 1.24828022918e-10, 2.86543098277e-11, 2.0515811272e-11, 1.01836369198e-11, 8.63416282915e-12, 1.18486878295e-11],
        "dvar2": [2.90377211059e-05, 7.21111209714e-05, 1.07318301161e-05, 1.31646572754e-06, 5.29230192114e-07, 1.55484212883e-06, 5.30124680154e-07, 3.54444182449e-07, 2.57856470398e-07, 8.85332838152e-08, 1.9285101871e-07, 8.27344138088e-07, 4.80170569972e-07, 1.74964824851e-07, 9.09624304768e-08, 2.34449650804e-08, 1.29636941182e-08, 4.05634175138e-08, 1.10417701649e-08, 1.20454028973e-08, 6.12330497418e-09, 3.45627193532e-09, 1.54781187867e-09, 2.40314035338e-09, 1.1731466909e-09, 1.16985399146e-09, 7.74255604075e-10, 1.69034812814e-08, 2.58928256613e-09, 9.67083774173e-11, 1.42612019416e-10, 3.42023465105e-10, 1.58799390304e-10, 2.93187307765e-10, 3.29606758553e-10, 6.85415196822e-11, 4.77469314086e-11, 2.34212441108e-11, 1.82493048451e-11, 2.57613930188e-11],
        "max": [0.0436614528298, 0.0443472638726, 0.0213546287268, 0.00712293246761, 0.00574520044029, 0.0144948428497, 0.0051929182373, 0.00523348664865, 0.00823419541121, 0.00408832589164, 0.0048187719658, 0.00939651206136, 0.00875992607325, 0.00607249885798, 0.00504865963012, 0.00142308895011, 0.00118042703252, 0.00396096659824, 0.00142222794238, 0.00159401260316, 0.000846922688652, 0.000769231643062, 0.000381839083275, 0.000411139597418, 0.000208243174711, 0.000224870585953, 0.000255774473771, 0.000977149000391, 0.000379468867322, 0.000108080581413, 9.58833188633e-05, 0.000286767695798, 0.000166648911545, 0.000219941706746, 0.000234183389693, 8.57590712258e-05, 5.60557637073e-05, 4.29109495599e-05, 3.73926850443e-05, 5.19008826814e-05],
        "mean": [0.00423070089892, 0.00228140223771, 0.000766886980273, 0.000925025669858, 0.000494449981488, 0.000339213205734, 0.000332610477926, 0.000221246213187, 0.000162902855664, 0.000105436971353, 0.000166636673384, 0.000281470798654, 0.000295868696412, 0.000150153355207, 0.000104054590338, 5.88103757764e-05, 4.39711766376e-05, 6.60314835841e-05, 4.73760192108e-05, 4.81541283079e-05, 3.35843214998e-05, 2.04643110919e-05, 1.6705635062e-05, 2.18126715481e-05, 1.52529191837e-05, 1.30431026264e-05, 9.26496977627e-06, 1.33367711896e-05, 9.21642913454e-06, 3.98648944611e-06, 2.9349093893e-06, 3.57411386176e-06, 3.09072288474e-06, 3.39830717166e-06, 3.31590672431e-06, 2.51553933595e-06, 2.86890644929e-06, 2.40751523961e-06, 2.23356209972e-06, 2.51164760812e-06],
        "median": [0.00132078002207, 0.000605619396083, 0.000355746829882, 0.000461844116217, 0.000181874333066, 9.7981574072e-05, 8.39997446747e-05, 5.3085568652e-05, 3.01427771774e-05, 1.76694247784e-05, 2.84101424768e-05, 3.59712612408e-05, 2.59537682723e-05, 1.34077045004e-05, 1.59333048941e-05, 1.39412477438e-05, 7.97380289441e-06, 1.25396136355e-05, 1.21306484289e-05, 9.99961048365e-06, 8.30712633615e-06, 5.06719607074e-06, 4.85421242047e-06, 6.13188603893e-06, 5.85576253798e-06, 3.57200246981e-06, 2.86311660602e-06, 2.26374572776e-06, 2.17752835852e-06, 1.36628489145e-06, 8.84446990312e-07, 5.36917070804e-07, 5.43873397874e-07, 6.48264119718e-07, 8.97772451935e-07, 4.64275302647e-07, 5.385849704e-07, 5.96472204961e-07, 6.29922396911e-07, 6.88237093982e-07],
        "min": [1.51959422823e-08, 6.83846366201e-08, 1.82548916428e-07, 3.8076149167e-07, 2.2575304115e-07, 9.25378813577e-08, 6.79464662312e-08, 1.19762745499e-07, 3.7524884533e-08, 3.84519900365e-08, 4.70566909883e-08, 3.32888241417e-08, 9.84106662827e-09, 7.4341928169e-09, 3.76248898704e-08, 2.30823005154e-08, 7.07852487736e-09, 2.19197371365e-08, 6.81661171953e-09, 2.72921174549e-09, 1.90951543466e-09, 1.69481484402e-09, 2.00316696564e-09, 3.32807803538e-09, 5.41514277863e-10, 1.05903320835e-10, 1.36365044257e-10, 1.52325763114e-10, 1.61218247086e-10, 1.08333876592e-10, 1.92264176802e-10, 1.02908022381e-10, 8.91392654134e-11, 7.55689885668e-11, 9.50003062328e-11, 4.71297341431e-11, 4.18102982791e-11, 3.80094185293e-11, 1.51341038226e-12, 6.0802942542e-12],
