{
"highlevel": {
    "danceability": {
        "all": {
            "danceable": 0.928150057793,
            "not_danceable": 0.071849912405
        },
        "probability": 0.928150057793,
        "value": "danceable"
    },
    "gender": {
        "all": {
            "female": 0.998577833176,
            "male": 0.00142216635868
        },
        "probability": 0.998577833176,
        "value": "female"
    },
    "genre_dortmund": {
        "all": {
            "alternative": 0.0449076406658,
            "blues": 0.272267103195,
            "electronic": 0.0673875361681,
            "folkcountry": 0.2385738343,
            "funksoulrnb": 0.0347484722733,
            "jazz": 0.077677257359,
            "pop": 0.0877676382661,
            "raphiphop": 0.0766300112009,
            "rock": 0.100040495396
        },
        "probability": 0.272267103195,
        "value": "blues"
    },
    "genre_electronic": {
        "all": {
            "ambient": 0.723456859589,
            "dnb": 0.0739128366113,
            "house": 0.14932513237,
            "techno": 0.0147616229951,
            "trance": 0.0385435260832
        },
        "probability": 0.723456859589,
        "value": "ambient"
    },
    "genre_rosamerica": {
        "all": {
            "cla": 0.00380057841539,
            "dan": 0.00960046146065,
            "hip": 0.0278421062976,
            "jaz": 0.0201987382025,
            "pop": 0.379007190466,
            "rhy": 0.547188878059,
            "roc": 0.00938470382243,
            "spe": 0.00297733279876
        },
        "probability": 0.547188878059,
        "value": "rhy"
    },
    "genre_tzanetakis": {
        "all": {
            "blu": 0.0626613423228,
            "cla": 0.0348169617355,
            "cou": 0.104475811124,
            "dis": 0.0784321576357,
            "hip": 0.15692435205,
            "jaz": 0.313974827528,
            "met": 0.0448166541755,
            "pop": 0.0627359300852,
            "reg": 0.0627360641956,
            "roc": 0.0784258767962
        },
        "probability": 0.313974827528,
        "value": "jaz"
    },
    "ismir04_rhythm": {
        "all": {
            "ChaChaCha": 0.0423000864685,
            "Jive": 0.0420720800757,
            "Quickstep": 0.0275924038142,
            "Rumba-American": 0.0835849121213,
            "Rumba-International": 0.429817140102,
            "Rumba-Misc": 0.0130619816482,
            "Samba": 0.0490940473974,
            "Tango": 0.0834834650159,
            "VienneseWaltz": 0.209465309978,
            "Waltz": 0.0195285566151
        },
        "probability": 0.429817140102,
        "value": "Rumba-International"
    },
    "mood_acoustic": {
        "all": {
            "acoustic": 0.660087823868,
            "not_acoustic": 0.339912176132
        },
        "probability": 0.660087823868,
        "value": "acoustic"
    },
    "mood_aggressive": {
        "all": {
            "aggressive": 0.0229498371482,
            "not_aggressive": 0.977050185204
        },
        "probability": 0.977050185204,
        "value": "not_aggressive"
    },
    "mood_electronic": {
        "all": {
            "electronic": 0.5,
            "not_electronic": 0.5
        },
        "probability": 0.5,
        "value": "electronic"
    },
    "mood_happy": {
        "all": {
            "happy": 0.679568588734,
            "not_happy": 0.320431411266
        },
        "probability": 0.679568588734,
        "value": "happy"
    },
    "mood_party": {
        "all": {
            "not_party": 0.90052074194,
            "party": 0.0994792729616
        },
        "probability": 0.90052074194,
        "value": "not_party"
    },
    "mood_relaxed": {
        "all": {
            "not_relaxed": 0.117396607995,
            "relaxed": 0.882603406906
        },
        "probability": 0.882603406906,
        "value": "relaxed"
    },
    "mood_sad": {
        "all": {
            "not_sad": 0.375925272703,
            "sad": 0.624074697495
        },
        "probability": 0.624074697495,
        "value": "sad"
    },
    "moods_mirex": {
        "all": {
            "Cluster1": 0.132474556565,
            "Cluster2": 0.438887894154,
            "Cluster3": 0.205677971244,
            "Cluster4": 0.168708026409,
            "Cluster5": 0.0542515404522
        },
        "probability": 0.438887894154,
        "value": "Cluster2"
    },
    "timbre": {
        "all": {
            "bright": 0.941660106182,
            "dark": 0.0583399161696
        },
        "probability": 0.941660106182,
        "value": "bright"
    },
    "tonal_atonal": {
        "all": {
            "atonal": 0.00731212925166,
            "tonal": 0.992687880993
        },
        "probability": 0.992687880993,
        "value": "tonal"
    },
    "voice_instrumental": {
        "all": {
            "instrumental": 0.0854602977633,
            "voice": 0.914539694786
        },
        "probability": 0.914539694786,
        "value": "voice"
    }
},
"lowlevel": {
    "average_loudness": 0.976976394653,
    "barkbands_crest": {
        "dmean": 2.90111804008,
        "dmean2": 4.6229429245,
        "dvar": 7.31376218796,
        "dvar2": 17.3774242401,
        "max": 24.8248767853,
        "mean": 11.653222084,
        "median": 10.5265226364,
        "min": 3.2249724865,
        "var": 23.145647049
    },
    "barkbands_flatness_db": {
        "dmean": 0.0268416535109,
        "dmean2": 0.0399167649448,
        "dvar": 0.000695726310369,
        "dvar2": 0.00137418264057,
        "max": 0.402192115784,
        "mean": 0.194365248084,
        "median": 0.192740261555,
        "min": 0.059751264751,
        "var": 0.00331820663996
    },
    "barkbands_kurtosis": {
        "dmean": 4.79395532608,
        "dmean2": 7.83914041519,
        "dvar": 70.5694885254,
        "dvar2": 186.023025513,
        "max": 108.862518311,
        "mean": 7.08294820786,
        "median": 3.39051961899,
        "min": -1.88901937008,
        "var": 143.845199585
    },
    "barkbands_skewness": {
        "dmean": 0.733964681625,
        "dmean2": 1.10544037819,
        "dvar": 0.593681156635,
        "dvar2": 1.36305856705,
        "max": 9.34006881714,
        "mean": 1.65688049793,
        "median": 1.53239285946,
        "min": -2.35291790962,
        "var": 2.36846137047
    },
    "barkbands_spread": {
        "dmean": 6.31456899643,
        "dmean2": 9.51720428467,
        "dvar": 90.6550598145,
        "dvar2": 178.683685303,
        "max": 100.006629944,
        "mean": 17.4683246613,
        "median": 12.9687166214,
        "min": 0.755610406399,
        "var": 249.52494812
    },
    "dissonance": {
        "dmean": 0.0331390500069,
        "dmean2": 0.0544197969139,
        "dvar": 0.00095018412685,
        "dvar2": 0.00241203489713,
        "max": 0.498971521854,
        "mean": 0.431469559669,
        "median": 0.443334877491,
        "min": 0.215767234564,
        "var": 0.00216377340257
    },
    "dynamic_complexity": 2.70795607567,
    "erbbands_crest": {
        "dmean": 3.36940145493,
        "dmean2": 5.1789150238,
        "dvar": 9.36451816559,
        "dvar2": 21.0872745514,
        "max": 31.3013591766,
        "mean": 11.9543876648,
        "median": 10.930018425,
        "min": 2.92998147011,
        "var": 34.7257881165
    },
    "erbbands_flatness_db": {
        "dmean": 0.0270544029772,
        "dmean2": 0.034949593246,
        "dvar": 0.000655093579553,
        "dvar2": 0.00110606371891,
        "max": 0.364861935377,
        "mean": 0.186846420169,
        "median": 0.187909990549,
        "min": 0.0668729990721,
        "var": 0.0037370105274
    },
    "erbbands_kurtosis": {
        "dmean": 1.79276406765,
        "dmean2": 2.5958878994,
        "dvar": 6.10069942474,
        "dvar2": 12.2805900574,
        "max": 38.5047683716,
        "mean": 2.30699753761,
        "median": 0.830266714096,
        "min": -1.81464970112,
        "var": 22.3144207001
    },
    "erbbands_skewness": {
        "dmean": 0.50972700119,
        "dmean2": 0.767969608307,
        "dvar": 0.244924947619,
        "dvar2": 0.514883577824,
        "max": 5.63241529465,
        "mean": 0.538396000862,
        "median": 0.521220326424,
        "min": -3.3886089325,
        "var": 0.984578549862
    },
    "erbbands_spread": {
        "dmean": 11.2367391586,
        "dmean2": 16.4497928619,
        "dvar": 217.066802979,
        "dvar2": 423.664978027,
        "max": 155.565414429,
        "mean": 34.6856117249,
        "median": 27.3511962891,
        "min": 1.52676165104,
        "var": 664.496704102
    },
    "hfc": {
        "dmean": 8.45259094238,
        "dmean2": 11.4066467285,
        "dvar": 107.097236633,
        "dvar2": 201.05821228,
        "max": 106.877120972,
        "mean": 22.2977352142,
        "median": 15.8158454895,
        "min": 0.178440257907,
        "var": 389.180541992
    },
    "melbands_crest": {
        "dmean": 3.27402973175,
        "dmean2": 5.2964963913,
        "dvar": 8.63648605347,
        "dvar2": 20.0182685852,
        "max": 30.849199295,
        "mean": 15.1638793945,
        "median": 14.6018886566,
        "min": 4.55771684647,
        "var": 24.3401641846
    },
    "melbands_flatness_db": {
        "dmean": 0.0319427475333,
        "dmean2": 0.0457955375314,
        "dvar": 0.00105118064675,
        "dvar2": 0.00197439687327,
        "max": 0.507936656475,
        "mean": 0.25275555253,
        "median": 0.25104790926,
        "min": 0.0468867272139,
        "var": 0.00583166908473
    },
    "melbands_kurtosis": {
        "dmean": 10.6261606216,
        "dmean2": 17.1921520233,
        "dvar": 435.628723145,
        "dvar2": 1132.46044922,
        "max": 240.557418823,
        "mean": 16.9725723267,
        "median": 8.71897602081,
        "min": -1.79114365578,
        "var": 709.464111328
    },
    "melbands_skewness": {
        "dmean": 0.956868171692,
        "dmean2": 1.42827236652,
        "dvar": 1.22447252274,
        "dvar2": 2.73217225075,
        "max": 13.5969200134,
        "mean": 2.56799602509,
        "median": 2.42869591713,
        "min": -2.53851509094,
        "var": 4.19971227646
    },
    "melbands_spread": {
        "dmean": 7.02366256714,
        "dmean2": 10.3022050858,
        "dvar": 140.297805786,
        "dvar2": 273.274719238,
        "max": 233.300292969,
        "mean": 18.5719528198,
        "median": 14.1592798233,
        "min": 0.737297713757,
        "var": 349.871459961
    },
    "pitch_salience": {
        "dmean": 0.0787375718355,
        "dmean2": 0.121941931546,
        "dvar": 0.00514429062605,
        "dvar2": 0.012468769215,
        "max": 0.817752718925,
        "mean": 0.506173431873,
        "median": 0.5059928298,
        "min": 0.17439968884,
        "var": 0.0150520242751
    },
    "silence_rate_20dB": {
        "dmean": 0,
        "dmean2": 0,
        "dvar": 0,
        "dvar2": 0,
        "max": 1,
        "mean": 1,
        "median": 1,
        "min": 1,
        "var": 0
    },
    "silence_rate_30dB": {
        "dmean": 0.00773993786424,
        "dmean2": 0.0154918665066,
        "dvar": 0.00768005941063,
        "dvar2": 0.0229979604483,
        "max": 1,
        "mean": 0.996133029461,
        "median": 1,
        "min": 0,
        "var": 0.00385201512836
    },
    "silence_rate_60dB": {
        "dmean": 0.0216718260199,
        "dmean2": 0.0433772280812,
        "dvar": 0.0212018396705,
        "dvar2": 0.0492408983409,
        "max": 1,
        "mean": 0.0378963649273,
        "median": 0,
        "min": 0,
        "var": 0.0364598110318
    },
    "spectral_centroid": {
        "dmean": 248.792663574,
        "dmean2": 373.423736572,
        "dvar": 108954.820312,
        "dvar2": 214140.484375,
        "max": 5038.66455078,
        "mean": 1041.40087891,
        "median": 943.991943359,
        "min": 186.55770874,
        "var": 366444.59375
    },
    "spectral_complexity": {
        "dmean": 3.4682662487,
        "dmean2": 4.84740495682,
        "dvar": 16.1330032349,
        "dvar2": 30.7365722656,
        "max": 43,
        "mean": 13.7161636353,
        "median": 12,
        "min": 1,
        "var": 47.1623153687
    },
    "spectral_decrease": {
        "dmean": 3.14796189116e-09,
        "dmean2": 4.67372140989e-09,
        "dvar": 1.84381602563e-17,
        "dvar2": 4.4638103616e-17,
        "max": -1.29056321185e-10,
        "mean": -8.64751648066e-09,
        "median": -7.96462096275e-09,
        "min": -5.14422850983e-08,
        "var": 3.94043068872e-17
    },
    "spectral_energy": {
        "dmean": 0.0124733438715,
        "dmean2": 0.0183951072395,
        "dvar": 0.000275266967947,
        "dvar2": 0.000658904435113,
        "max": 0.196694374084,
        "mean": 0.034660205245,
        "median": 0.031579490751,
        "min": 0.00050496152835,
        "var": 0.000612210482359
    },
    "spectral_energyband_high": {
        "dmean": 0.000449641665909,
        "dmean2": 0.000639152829535,
        "dvar": 5.47906381598e-07,
        "dvar2": 1.03064246559e-06,
        "max": 0.00707450462505,
        "mean": 0.000707114813849,
        "median": 0.000248512631515,
        "min": 2.2866895506e-06,
        "var": 1.19161995826e-06
    },
    "spectral_energyband_low": {
        "dmean": 0.0070154638961,
        "dmean2": 0.0115736229345,
        "dvar": 0.00022813808755,
        "dvar2": 0.000584405031987,
        "max": 0.177275568247,
        "mean": 0.0138243651018,
        "median": 0.00646721757948,
        "min": 2.14742503886e-05,
        "var": 0.000338804617058
    },
    "spectral_energyband_middle_high": {
        "dmean": 0.00357425352558,
        "dmean2": 0.00449540046975,
        "dvar": 3.4737666283e-05,
        "dvar2": 5.2828250773e-05,
        "max": 0.0796609893441,
        "mean": 0.00847247522324,
        "median": 0.00244059623219,
        "min": 1.34578967845e-05,
        "var": 0.000157704605954
    },
    "spectral_energyband_middle_low": {
        "dmean": 0.00579661130905,
        "dmean2": 0.00883432105184,
        "dvar": 5.76476268179e-05,
        "dvar2": 0.000135996247991,
        "max": 0.0802165791392,
        "mean": 0.0127202849835,
        "median": 0.00924861524254,
        "min": 0.000111076427856,
        "var": 0.000124247511849
    },
    "spectral_entropy": {
        "dmean": 0.270281106234,
        "dmean2": 0.363505393267,
        "dvar": 0.0699654370546,
        "dvar2": 0.116265080869,
        "max": 8.60590553284,
        "mean": 7.1621055603,
        "median": 7.10302066803,
        "min": 5.63739061356,
        "var": 0.344730764627
    },
    "spectral_flux": {
        "dmean": 0.0364795662463,
        "dmean2": 0.0574053563178,
        "dvar": 0.0014791112626,
        "dvar2": 0.00348285818473,
        "max": 0.33449113369,
        "mean": 0.0980813503265,
        "median": 0.0875530466437,
        "min": 0.00954282283783,
        "var": 0.00330325076357
    },
    "spectral_kurtosis": {
        "dmean": 2.55384135246,
        "dmean2": 4.14884138107,
        "dvar": 6.87123298645,
        "dvar2": 17.1014461517,
        "max": 32.5161781311,
        "mean": 5.83471822739,
        "median": 4.83291530609,
        "min": -0.944939613342,
        "var": 19.4163017273
    },
    "spectral_rms": {
        "dmean": 0.00102613470517,
        "dmean2": 0.00146294862498,
        "dvar": 1.36439678045e-06,
        "dvar2": 2.9067093692e-06,
        "max": 0.0138526875526,
        "mean": 0.00540821161121,
        "median": 0.00555060897022,
        "min": 0.0007018870092,
        "var": 4.56605766885e-06
    },
    "spectral_rolloff": {
        "dmean": 475.296783447,
        "dmean2": 774.545898438,
        "dvar": 1230968.625,
        "dvar2": 2432431.75,
        "max": 10422.0703125,
        "mean": 1221.19848633,
        "median": 775.1953125,
        "min": 86.1328125,
        "var": 2695704.25
    },
    "spectral_skewness": {
        "dmean": 0.351046442986,
        "dmean2": 0.532137751579,
        "dvar": 0.100749887526,
        "dvar2": 0.211947530508,
        "max": 4.25825214386,
        "mean": 1.7981852293,
        "median": 1.74624359608,
        "min": 0.139544770122,
        "var": 0.458071619272
    },
    "spectral_spread": {
        "dmean": 791962.875,
        "dmean2": 1109903.125,
        "dvar": 985857392640,
        "dvar2": 1.75998382899e+12,
        "max": 12625675,
        "mean": 4487268.5,
        "median": 3884898,
        "min": 1663181.375,
        "var": 3.46717762355e+12
    },
    "spectral_strongpeak": {
        "dmean": 0.767568588257,
        "dmean2": 1.19680762291,
        "dvar": 1.58669805527,
        "dvar2": 3.19406628609,
        "max": 12.1138162613,
        "mean": 1.44131839275,
        "median": 0.499934673309,
        "min": 0,
        "var": 4.13558340073
    },
    "zerocrossingrate": {
        "dmean": 0.0120169343427,
        "dmean2": 0.0129468282685,
        "dvar": 0.000290176161798,
        "dvar2": 0.000278242252534,
        "max": 0.32763671875,
        "mean": 0.0484516248107,
        "median": 0.0400390625,
        "min": 0.0029296875,
        "var": 0.00160964787938
    },
    "barkbands": {
        "dmean": [0.000388454442145, 0.00505690323189, 0.00239399913698, 0.00116526975762, 0.00179279106669, 0.00148019439075, 0.00103229249362, 0.00104427780025, 0.0014751231065, 0.00125333725009, 0.000712551991455, 0.00164131796919, 0.000501192873344, 0.000832024437841, 0.000340010592481, 0.000202538663871, 0.000147538376041, 0.000118310315884, 0.000129546693643, 0.000109338448965, 0.00013878835307, 7.52766864025e-05, 7.12649562047e-05, 8.00836933195e-05, 6.51889276924e-05, 2.27503842325e-05, 1.95457694474e-09],
        "dmean2": [0.000651466485579, 0.00822417251766, 0.00409347750247, 0.00207910034806, 0.00300037208945, 0.00226403702982, 0.00158508110326, 0.00158125790767, 0.00225119316019, 0.00182842300273, 0.0010026342934, 0.00210425793193, 0.000770021579228, 0.00121964281425, 0.000523345835973, 0.000291798205581, 0.000230479388847, 0.000182560848771, 0.000201996081159, 0.000162435724633, 0.000208825571463, 0.000114029237011, 0.000102013524156, 0.000115084934805, 9.00712839211e-05, 3.31945157086e-05, 3.15813508678e-09],
        "dvar": [1.47528521666e-06, 0.000126672472106, 2.25030016736e-05, 7.76798788138e-06, 8.44634541863e-06, 7.65485310694e-06, 4.53195616501e-06, 7.18616638551e-06, 1.99676960619e-05, 1.04934561023e-05, 5.81023823543e-06, 1.65133333212e-05, 3.05977664539e-06, 5.6173144003e-06, 1.22334188291e-06, 5.01027443534e-07, 2.39242581301e-07, 7.26361548686e-08, 5.98949299047e-08, 2.80506160522e-08, 6.22003923922e-08, 2.38964386057e-08, 2.40171136312e-08, 2.96618996032e-08, 1.79823409496e-08, 2.8245679129e-09, 3.73698389653e-16],
        "dvar2": [3.70715861209e-06, 0.000338875659509, 6.09764247201e-05, 2.17215565499e-05, 2.24080777116e-05, 1.699126733e-05, 9.91791512206e-06, 1.47106648001e-05, 4.3017182179e-05, 2.202743417e-05, 1.02598733065e-05, 2.83979406959e-05, 6.70133931635e-06, 1.1515393453e-05, 2.89288254862e-06, 1.04887385532e-06, 5.90179979554e-07, 1.48944096168e-07, 1.35846732974e-07, 5.9640136385e-08, 1.37046896498e-07, 4.94450063115e-08, 4.49435439975e-08, 5.53030439221e-08, 3.27053939486e-08, 5.79302783521e-09, 3.87751248583e-16],
        "max": [0.0110856946558, 0.119324266911, 0.0515700243413, 0.0294146537781, 0.0318285785615, 0.0413537733257, 0.0338085778058, 0.0422014445066, 0.0780385583639, 0.0404703356326, 0.0468282625079, 0.0689810290933, 0.0313686616719, 0.0311903003603, 0.0173945613205, 0.0119811827317, 0.00876112468541, 0.00353903695941, 0.00328285945579, 0.00151343864854, 0.00302598811686, 0.00197712355293, 0.00204788055271, 0.0020361978095, 0.00210687704384, 0.000558485859074, 6.90761169153e-07],
        "mean": [0.000338302867021, 0.00970089994371, 0.00324712460861, 0.00116686464753, 0.00281809247099, 0.00299093406647, 0.00153048906941, 0.00148858909961, 0.00174884172156, 0.00173443136737, 0.00101541960612, 0.00305194174871, 0.000651769340038, 0.00121115881484, 0.00041050312575, 0.000238164066104, 0.000197503584786, 0.000156580659677, 0.000193009502254, 0.000172470332473, 0.00019799558504, 9.4348739367e-05, 9.10868766368e-05, 0.000104178143374, 8.46286129672e-05, 2.48700071097e-05, 1.64284430504e-09],
        "median": [3.85856837966e-05, 0.00347152771428, 0.00139095552731, 0.000523928727489, 0.00180528336205, 0.00128842238337, 0.000577022321522, 0.000326389126712, 0.000151363565237, 0.000212329468923, 9.25944405026e-05, 0.000211381906411, 9.98628675006e-05, 0.000117428120575, 6.76917479723e-05, 2.74225312751e-05, 4.77075809613e-05, 3.19600949297e-05, 5.69382536924e-05, 7.35794674256e-05, 6.55593394185e-05, 1.16281489682e-05, 6.28347834208e-06, 1.00146244222e-05, 1.05356557469e-05, 2.11479641621e-06, 3.79803632988e-10],
        "min": [1.62663525316e-07, 5.49116475668e-06, 2.00035333364e-06, 9.18118473692e-07, 3.08292073896e-05, 6.46688431516e-06, 1.91960225493e-06, 1.7353114572e-06, 6.39967424831e-07, 8.73735814366e-07, 4.3931078153e-07, 1.08421681944e-06, 6.00146677243e-07, 3.31312747903e-07, 2.88297172801e-07, 1.72077932348e-07, 2.35475368981e-07, 1.84701207218e-07, 4.00461118488e-07, 5.42871873677e-07, 4.54387304671e-07, 3.39035295838e-07, 1.86085316045e-07, 6.88904719937e-08, 5.92929900733e-08, 8.50762602728e-12, 1.12712521608e-11],
        "var": [1.24851658256e-06, 0.000182445932296, 2.71705048362e-05, 5.51429911866e-06, 1.06930156107e-05, 2.4235163437e-05, 8.31838224258e-06, 1.30007420012e-05, 2.81671073026e-05, 1.65120491147e-05, 1.06472452899e-05, 6.16709221504e-05, 5.10842164658e-06, 1.07257328636e-05, 1.54627082338e-06, 8.42322947392e-07, 3.17947495887e-07, 1.1166860503e-07, 1.18332401655e-07, 5.64312472306e-08, 1.03868138979e-07, 4.42082246366e-08, 4.91735399066e-08, 6.45751683237e-08, 4.25977084717e-08, 3.96507271461e-09, 3.72594043978e-16]
    },
    "erbbands": {
        "dmean": [0.114691458642, 1.25980532169, 3.03315258026, 2.79705524445, 4.83691930771, 7.13691139221, 7.7284784317, 13.6186647415, 16.6505317688, 17.1741867065, 21.5978012085, 31.6497974396, 47.1565132141, 20.8437900543, 31.3157291412, 75.0372009277, 28.3973636627, 40.8017730713, 20.2326622009, 18.3202190399, 8.07190322876, 8.21313381195, 5.9033613205, 7.75796604156, 4.40919685364, 5.10066413879, 6.80922651291, 3.80825853348, 2.85806632042, 2.3484992981, 1.9654841423, 1.69710028172, 1.34632956982, 0.863292396069, 0.402132719755, 0.12450581044, 0.0417932197452, 0.00366416177712, 7.11716493242e-05, 1.67279686138e-05],
        "dmean2": [0.190411582589, 2.05938863754, 5.15254163742, 4.84304332733, 8.36283397675, 12.1082000732, 11.8473958969, 21.0456523895, 24.93516922, 26.2067127228, 31.9873161316, 47.9958724976, 68.2454528809, 29.8219585419, 39.6306686401, 92.6706314087, 39.8490371704, 58.0607566833, 30.6031417847, 27.4788017273, 11.9628810883, 12.6787147522, 8.75821685791, 11.5935573578, 6.54645681381, 7.45827484131, 10.1534061432, 5.7890124321, 4.3734292984, 3.42877221107, 2.80446743965, 2.44078660011, 1.92871582508, 1.20540440083, 0.564378738403, 0.184460446239, 0.0619051977992, 0.00556576903909, 0.000103884107375, 2.43522408709e-05],
        "dvar": [0.0743303000927, 7.43946361542, 40.6155281067, 31.3436660767, 130.383407593, 136.384262085, 168.887619019, 880.35949707, 1213.34960938, 1756.32568359, 4259.54833984, 10839.9707031, 12892.1289062, 2699.17675781, 12498.4873047, 35278.7773438, 5929.83691406, 11644.3447266, 2935.93432617, 4313.47949219, 773.174743652, 782.207519531, 255.377853394, 220.493103027, 55.7998847961, 67.5255355835, 163.911499023, 47.0966148376, 38.0915222168, 25.3181419373, 18.599023819, 13.9809551239, 8.18443393707, 3.31746864319, 0.763608574867, 0.0817165672779, 0.010672098957, 8.87918358785e-05, 2.79048890661e-08, 4.22251705823e-10],
        "dvar2": [0.198357969522, 19.9058170319, 106.870872498, 85.6560745239, 358.757904053, 366.733673096, 312.412780762, 1950.56347656, 2673.44921875, 4186.87451172, 8299.45117188, 22337.9746094, 27883.1601562, 5779.22167969, 18562.0117188, 58361.9960938, 12597.8378906, 21515.2382812, 6928.09130859, 9995.55566406, 1669.26806641, 1948.3894043, 537.637084961, 465.443603516, 115.502586365, 141.871368408, 355.493164062, 106.117584229, 83.8718795776, 51.0023117065, 34.16771698, 26.0978164673, 16.0127620697, 6.00872612, 1.50678741932, 0.171493798494, 0.0217296797782, 0.000203806426725, 6.17775484102e-08, 9.95393656389e-10],
        "max": [3.12204384804, 30.6345939636, 82.8415908813, 46.0608482361, 123.954109192, 167.500030518, 311.364227295, 524.350036621, 527.617431641, 634.627441406, 1076.09069824, 2076.92016602, 1366.18664551, 617.351928711, 2479.17431641, 3473.64208984, 1428.05029297, 1320.60229492, 804.134643555, 1242.97387695, 641.420898438, 471.873809814, 243.68196106, 182.867340088, 105.636116028, 93.8015213013, 182.170913696, 68.0011978149, 93.9647140503, 60.6942939758, 48.8808670044, 44.1705436707, 35.2633132935, 30.4334754944, 13.5588283539, 2.78091335297, 1.54043734074, 0.0871827378869, 0.00163335236721, 0.000221654321649],
        "mean": [0.211670175195, 2.37719678879, 4.46789550781, 3.7044377327, 5.92269039154, 10.408780098, 14.9282150269, 26.7219200134, 27.4903354645, 26.4117183685, 30.8604450226, 39.9115257263, 65.8721160889, 33.9735488892, 51.0225067139, 138.850311279, 44.5087394714, 61.045715332, 29.5555820465, 23.2967967987, 11.1095170975, 11.0771074295, 8.3994140625, 11.6389408112, 7.15125322342, 8.15873432159, 10.6754894257, 5.1749548912, 3.61151194572, 2.91072273254, 2.54865264893, 2.15802454948, 1.71580934525, 1.13385224342, 0.488842636347, 0.140080347657, 0.044841889292, 0.0036841747351, 9.10034505068e-05, 4.49923463748e-05],
        "median": [0.0572533048689, 0.891533613205, 2.13349103928, 1.82927715778, 2.71086168289, 5.89585208893, 8.6679983139, 9.66528320312, 9.74814319611, 9.14556312561, 6.64735078812, 4.87756872177, 9.38291072845, 6.46880626678, 5.97347259521, 10.2135639191, 8.40084075928, 7.683781147, 5.18788003922, 2.9030854702, 2.30999159813, 2.85436797142, 1.82782196999, 2.93230032921, 2.79565739632, 3.59120869637, 3.71657443047, 1.71884357929, 0.553231418133, 0.256150126457, 0.170851171017, 0.181867703795, 0.182899460196, 0.126267924905, 0.0572132058442, 0.0156435780227, 0.00283028394915, 0.000190665057744, 2.77875369648e-05, 4.06998442486e-05],
        "min": [0.000122858284158, 0.00327109661885, 0.00440147425979, 0.0086241113022, 0.0514000691473, 0.11292450875, 0.06775521487, 0.0409374497831, 0.0287014320493, 0.0468382313848, 0.0503519847989, 0.0184079408646, 0.0646163597703, 0.0550408065319, 0.0231835413724, 0.0565859526396, 0.0324297957122, 0.0300961565226, 0.0184276793152, 0.015114475973, 0.00897745322436, 0.018530420959, 0.00816287379712, 0.0145592289045, 0.0127750393003, 0.0282242819667, 0.0254991948605, 0.0138788390905, 0.0103380503133, 0.0106201916933, 0.00513170845807, 0.00262755365111, 0.0012720831437, 0.00176813697908, 0.000278112303931, 1.51790000018e-05, 1.75709669747e-06, 1.96474132963e-07, 3.07708859282e-07, 5.83479163652e-07],
        "var": [0.106064893305, 10.8139352798, 51.5044212341, 30.4269924164, 107.700744629, 176.902664185, 469.718475342, 2863.08618164, 2817.71606445, 3106.26489258, 7551.39306641, 15645.2001953, 21865.0839844, 5806.26464844, 28716.640625, 136414.0625, 12140.4492188, 25376.6621094, 4420.30078125, 6325.02441406, 1167.95373535, 980.455444336, 377.323364258, 488.429656982, 117.668441772, 130.951797485, 303.289215088, 70.3893814087, 64.3904190063, 46.3747787476, 38.9626350403, 29.0376644135, 17.6989746094, 8.40715122223, 1.43746483326, 0.110858350992, 0.0153582012281, 0.000108282074507, 3.75252717788e-08, 9.48920053645e-10]
    },
    "gfcc": {
        "mean": [-18.9774932861, 114.468338013, -107.226226807, 31.1736221313, -61.6885757446, 17.8297023773, -33.5175209045, 5.49651956558, -28.2015476227, 11.0007371902, -6.07465314865, -4.33879137039, -3.13534355164],
        "cov": [[4102.90087891, -1259.796875, -501.128448486, -87.4060440063, 22.8684959412, 87.5170669556, 27.4264526367, 324.123840332, -303.919250488, 261.640594482, -292.578033447, 99.2407836914, -147.657028198], [-1259.796875, 1651.82775879, -169.980209351, -232.293609619, 328.321289062, -35.8942642212, 359.290985107, -126.620498657, 128.883377075, -146.039825439, 207.293807983, -194.61781311, 187.551925659], [-501.128448486, -169.980209351, 1278.13378906, 433.313903809, -109.23210144, 215.501953125, -140.217010498, 32.0583343506, 191.022262573, -36.6198616028, -9.8125, 90.981842041, -176.156814575], [-87.4060440063, -232.293609619, 433.313903809, 513.958679199, 38.9621315002, -16.0334262848, -142.526321411, 70.1535263062, 151.664962769, -3.12821173668, -18.3231372833, 42.1218795776, -35.4477996826], [22.8684959412, 328.321289062, -109.23210144, 38.9621315002, 375.862945557, 43.3395576477, 91.5328826904, -10.3667840958, 36.9115562439, 23.5875301361, 9.51428222656, -23.7694988251, 21.370513916], [87.5170669556, -35.8942642212, 215.501953125, -16.0334262848, 43.3395576477, 329.002319336, 44.3423233032, -88.5569152832, 13.9418382645, 2.48808145523, 2.15154194832, -33.1656150818, -104.490974426], [27.4264526367, 359.290985107, -140.217010498, -142.526321411, 91.5328826904, 44.3423233032, 302.347869873, 35.0534210205, -48.0300750732, -10.052611351, 47.385684967, -58.5884666443, 68.3923568726], [324.123840332, -126.620498657, 32.0583343506, 70.1535263062, -10.3667840958, -88.5569152832, 35.0534210205, 219.993972778, 36.4635810852, 18.0309009552, -58.5280799866, 41.1728134155, 47.8536720276], [-303.919250488, 128.883377075, 191.022262573, 151.664962769, 36.9115562439, 13.9418382645, -48.0300750732, 36.4635810852, 214.284072876, -4.88287973404, 6.30543708801, -2.31396174431, -2.55379748344], [261.640594482, -146.039825439, -36.6198616028, -3.12821173668, 23.5875301361, 2.48808145523, -10.052611351, 18.0309009552, -4.88287973404, 125.021995544, -0.687403917313, 10.0292043686, -17.5683116913], [-292.578033447, 207.293807983, -9.8125, -18.3231372833, 9.51428222656, 2.15154194832, 47.385684967, -58.5280799866, 6.30543708801, -0.687403917313, 144.555450439, -15.7608270645, 18.8161029816], [99.2407836914, -194.61781311, 90.981842041, 42.1218795776, -23.7694988251, -33.1656150818, -58.5884666443, 41.1728134155, -2.31396174431, 10.0292043686, -15.7608270645, 120.611381531, -5.48999357224], [-147.657028198, 187.551925659, -176.156814575, -35.4477996826, 21.370513916, -104.490974426, 68.3923568726, 47.8536720276, -2.55379748344, -17.5683116913, 18.8161029816, -5.48999357224, 165.092285156]],
        "icov": [[0.000565823109355, 0.000102954647446, 0.000388743501389, -0.000219603462028, -3.16613222822e-05, -0.000506539305206, -6.20083592366e-05, -0.000993600813672, 0.000719048839528, -0.000666185980663, 0.000486117787659, -0.000190956678125, 0.000632417795714], [0.000102954647446, 0.00362422526814, -0.00129635527264, 0.00257132155821, -0.00299648591317, 0.00243636709638, -0.00230386806652, 0.00190768647008, -0.00302847824059, 0.00308900373057, -0.00229614134878, 0.00345229823142, -0.00186658394523], [0.000388743501389, -0.00129635527264, 0.00259279389866, -0.00242982315831, 0.00188867293764, -0.00239776750095, 0.000453878863482, -0.0016749544302, 0.000902486382984, -0.00108120334335, 0.000962470541708, -0.00267607043497, 0.00230085430667], [-0.000219603462028, 0.00257132155821, -0.00242982315831, 0.00595505861565, -0.00334417889826, 0.00266197184101, 0.000201516057132, 0.000657624739688, -0.00342642632313, 0.00270819431171, -0.00237840926275, 0.00333784730174, -0.00197069393471], [-3.16613222822e-05, -0.00299648591317, 0.00188867293764, -0.00334417889826, 0.0061032329686, -0.0026257368736, 0.000148546561832, -0.000649936962873, 0.00153172004502, -0.00337271927856, 0.00258234492503, -0.00357095431536, 0.00159966549836], [-0.000506539305206, 0.00243636709638, -0.00239776750095, 0.00266197184101, -0.0026257368736, 0.00784353073686, -0.00343133695424, 0.00464583514258, -0.0034278605599, 0.00234328350052, -0.000839781016111, 0.00326944305561, 0.000572111224756], [-6.20083592366e-05, -0.00230386806652, 0.000453878863482, 0.000201516057132, 0.000148546561832, -0.00343133695424, 0.00856831576675, -0.0049360585399, 0.0037233044859, -0.00105891015846, -0.00147386128083, 0.000771305640228, -0.00108187296428], [-0.000993600813672, 0.00190768647008, -0.0016749544302, 0.000657624739688, -0.000649936962873, 0.00464583514258, -0.0049360585399, 0.0118812695146, -0.00493083288893, 0.00114337145351, 0.00222900137305, -0.000423180521466, -0.00329907401465], [0.000719048839528, -0.00302847824059, 0.000902486382984, -0.00342642632313, 0.00153172004502, -0.0034278605599, 0.0037233044859, -0.00493083288893, 0.0106481695548, -0.00333693576977, 0.00133913545869, -0.00138905574568, 0.00144061166793], [-0.000666185980663, 0.00308900373057, -0.00108120334335, 0.00270819431171, -0.00337271927856, 0.00234328350052, -0.00105891015846, 0.00114337145351, -0.00333693576977, 0.0125980544835, -0.00389080238529, 0.00281980074942, -0.000824064889457], [0.000486117787659, -0.00229614134878, 0.000962470541708, -0.00237840926275, 0.00258234492503, -0.000839781016111, -0.00147386128083, 0.00222900137305, 0.00133913545869, -0.00389080238529, 0.0116427857429, -0.00329093588516, 0.000828543503303], [-0.000190956678125, 0.00345229823142, -0.00267607043497, 0.00333784730174, -0.00357095431536, 0.00326944305561, 0.000771305640228, -0.000423180521466, -0.00138905574568, 0.00281980074942, -0.00329093588516, 0.0147697711363, -0.00275197508745], [0.000632417795714, -0.00186658394523, 0.00230085430667, -0.00197069393471, 0.00159966549836, 0.000572111224756, -0.00108187296428, -0.00329907401465, 0.00144061166793, -0.000824064889457, 0.000828543503303, -0.00275197508745, 0.01208342053]]
    },
    "melbands": {
        "dmean": [0.0012102399487, 0.00157885800581, 0.000542247842532, 0.000395386450691, 0.000287932518404, 0.000303671113215, 0.000233876722632, 0.000193359344848, 0.00017837593623, 0.000215528503759, 0.000237686297623, 8.99933074834e-05, 8.9635468612e-05, 0.000163406410138, 0.000157311325893, 4.84105148644e-05, 8.86399211595e-05, 4.10425564041e-05, 2.45259034273e-05, 2.0764699002e-05, 9.06381046661e-06, 9.90588614513e-06, 5.70362863073e-06, 5.08913672093e-06, 7.10705535312e-06, 3.79073981094e-06, 2.92122808787e-06, 3.6424883092e-06, 4.84234942633e-06, 3.40452470482e-06, 1.97368763111e-06, 1.72515979102e-06, 1.39406415656e-06, 1.35778179811e-06, 1.20897766465e-06, 1.02368983335e-06, 1.09858910946e-06, 9.9505371054e-07, 8.49684056448e-07, 7.41196743093e-07],
        "dmean2": [0.00195531500503, 0.00265990826301, 0.000935738731641, 0.000671614950988, 0.000445172277978, 0.000467737118015, 0.000351621769369, 0.000296817917842, 0.000267545197858, 0.000325951579725, 0.000344646978192, 0.000130855172756, 0.000117245661386, 0.00020952327759, 0.000200525231776, 6.86132261762e-05, 0.000127696897835, 6.29268615739e-05, 3.76812095055e-05, 2.96497710224e-05, 1.40728670885e-05, 1.55073394126e-05, 8.76263857208e-06, 7.66758694226e-06, 1.08914564407e-05, 5.85483394389e-06, 4.42430336989e-06, 5.39709344594e-06, 7.27337555873e-06, 5.19864397575e-06, 3.06497940983e-06, 2.6585823889e-06, 2.0845727704e-06, 1.99456076189e-06, 1.73389696556e-06, 1.47719185861e-06, 1.65361484505e-06, 1.46790705458e-06, 1.22992003071e-06, 1.06784534637e-06],
        "dvar": [7.54242637413e-06, 1.14612003017e-05, 1.31759452415e-06, 4.80471840092e-07, 1.86930606105e-07, 3.80766948638e-07, 2.28374744893e-07, 2.26584404572e-07, 3.0751147051e-07, 5.24541860614e-07, 3.38350616857e-07, 5.85763082483e-08, 9.91372175463e-08, 1.43104117001e-07, 1.83367703244e-07, 2.83558172498e-08, 5.95388627289e-08, 1.49248062797e-08, 7.15300396692e-09, 5.07697528462e-09, 1.47815515383e-09, 1.12740239366e-09, 2.8553664988e-10, 1.82311554742e-10, 2.04522385139e-10, 4.82322688733e-11, 2.62687042257e-11, 3.49273943101e-11, 8.92854540302e-11, 4.01623491408e-11, 1.58907782766e-11, 1.46250164756e-11, 8.61066686703e-12, 9.500756952e-12, 6.93535289961e-12, 5.31299353471e-12, 6.27797033109e-12, 5.1379980999e-12, 3.26219541831e-12, 2.6576403838e-12],
        "dvar2": [2.00395897991e-05, 2.96226953651e-05, 3.58771580977e-06, 1.29651834868e-06, 4.02832995405e-07, 8.49028765515e-07, 4.979852406e-07, 5.31034345386e-07, 6.14778002728e-07, 1.08595247639e-06, 7.36721517569e-07, 1.31937810011e-07, 1.55584316985e-07, 2.21240156861e-07, 3.07735888327e-07, 5.34322133205e-08, 1.13021805248e-07, 3.58597063155e-08, 1.64400830727e-08, 1.0342905199e-08, 3.48778184112e-09, 2.76884670747e-09, 6.61825483306e-10, 4.31383567756e-10, 4.42430897474e-10, 1.03247320415e-10, 5.98546698316e-11, 7.37941652229e-11, 1.99780442189e-10, 8.93254567536e-11, 3.64697473609e-11, 3.36798922085e-11, 1.7661915333e-11, 1.9996211284e-11, 1.31836364742e-11, 9.93137603406e-12, 1.27234785208e-11, 1.04375995694e-11, 6.81535557157e-12, 5.01704710762e-12],
        "max": [0.030117386952, 0.0447450578213, 0.0114995809272, 0.00625399127603, 0.00822277367115, 0.0101266466081, 0.00792730227113, 0.00674939667806, 0.00788987800479, 0.0146048748866, 0.0070599312894, 0.00331505574286, 0.00658733397722, 0.00565091706812, 0.00761140417308, 0.00303339911625, 0.00298833940178, 0.00204436853528, 0.00130676396657, 0.00119858386461, 0.000971305184066, 0.000673335569445, 0.000273985846434, 0.000266547343927, 0.0001761810272, 9.09661175683e-05, 7.46706500649e-05, 6.12809380982e-05, 0.000131457360112, 7.63797434047e-05, 4.37386152043e-05, 5.83525252296e-05, 3.64568295481e-05, 4.30550317105e-05, 3.11360054184e-05, 2.66632414423e-05, 2.80543772533e-05, 3.18360689562e-05, 2.82585824607e-05, 2.76587179542e-05],
        "mean": [0.00238405517302, 0.00274585466832, 0.00072372838622, 0.000562013417948, 0.000530153571162, 0.000614124466665, 0.00038692067028, 0.0002924175933, 0.000249695702223, 0.000261706416495, 0.000326572189806, 0.000131564986077, 0.000134032059577, 0.000304261280689, 0.00024740077788, 6.57944983686e-05, 0.000126463564811, 5.33751299372e-05, 3.02434018522e-05, 2.53662128671e-05, 1.09522952698e-05, 1.29815307446e-05, 7.30742613086e-06, 7.02231318428e-06, 1.01296973298e-05, 5.7221905081e-06, 4.34362527812e-06, 5.54926555196e-06, 7.22751337889e-06, 4.85116652271e-06, 2.41117822952e-06, 2.06818458537e-06, 1.70742725913e-06, 1.61554953593e-06, 1.50829100676e-06, 1.28378428599e-06, 1.34660763251e-06, 1.23927975437e-06, 1.04496712083e-06, 9.41188147863e-07],
        "median": [0.00075655139517, 0.00129933503922, 0.000396468152758, 0.000319104205118, 0.000320443767123, 0.000232251288253, 0.000142857752508, 8.78913560882e-05, 4.05010068789e-05, 2.57559622696e-05, 4.32488632214e-05, 2.0425675757e-05, 1.33584471769e-05, 2.02547416848e-05, 2.37880249188e-05, 9.2795899036e-06, 1.25094529722e-05, 7.61109959058e-06, 4.61472791358e-06, 2.4174516966e-06, 2.18116520045e-06, 2.91441051559e-06, 1.61023058354e-06, 1.52516611251e-06, 2.21433401748e-06, 1.66106110555e-06, 1.8293269477e-06, 2.25638177653e-06, 2.32460615734e-06, 1.57912847953e-06, 5.31442140073e-07, 2.64475374934e-07, 1.67787248984e-07, 1.20215020161e-07, 9.58675983043e-08, 8.70861285307e-08, 1.17337677352e-07, 1.17834076718e-07, 1.12969182453e-07, 9.31324422027e-08],
        "min": [1.71239980773e-06, 2.98386680697e-06, 3.38410245604e-06, 5.24460392626e-06, 2.96424559565e-06, 9.65028903011e-07, 4.11880762385e-07, 4.17066928549e-07, 2.8835583521e-07, 1.16130884464e-07, 1.15492419184e-07, 1.11871884201e-07, 5.67382159034e-08, 7.39749737022e-08, 1.30363915218e-07, 6.81627909671e-08, 3.61659715509e-08, 2.06676684655e-08, 2.42820465957e-08, 7.43020978078e-09, 7.34135241487e-09, 1.53632289113e-08, 6.68824551298e-09, 8.69017124927e-09, 1.08520179509e-08, 8.64108784526e-09, 5.4985300757e-09, 1.29001671567e-08, 1.55636659116e-08, 8.98479868283e-09, 4.63608040846e-09, 4.71463268426e-09, 5.0251125483e-10, 4.24150847778e-09, 3.09608094717e-09, 2.12561057644e-09, 3.39338113164e-10, 1.33896949084e-10, 6.87209872341e-11, 2.55835474333e-11],
