{
"highlevel": {
    "danceability": {
        "all": {
            "danceable": 0.266639888287,
            "not_danceable": 0.733360111713
        },
        "probability": 0.733360111713,
        "value": "not_danceable"
    },
    "gender": {
        "all": {
            "female": 0.212067767978,
            "male": 0.787932217121
        },
        "probability": 0.787932217121,
        "value": "male"
    },
    "genre_dortmund": {
        "all": {
            "alternative": 0.145854592323,
            "blues": 0.0798452794552,
            "electronic": 0.0343414880335,
            "folkcountry": 0.0689384117723,
            "funksoulrnb": 0.0156984589994,
            "jazz": 0.0325852967799,
            "pop": 0.0330608338118,
            "raphiphop": 0.0242646988481,
            "rock": 0.565410912037
        },
        "probability": 0.565410912037,
        "value": "rock"
    },
    "genre_electronic": {
        "all": {
            "ambient": 0.165534645319,
            "dnb": 0.682625710964,
            "house": 0.0361094176769,
            "techno": 0.0114484233782,
            "trance": 0.104281783104
        },
        "probability": 0.682625710964,
        "value": "dnb"
    },
    "genre_rosamerica": {
        "all": {
            "cla": 0.0258612893522,
            "dan": 0.0918319374323,
            "hip": 0.079751573503,
            "jaz": 0.0257844161242,
            "pop": 0.0475397631526,
            "rhy": 0.0290741156787,
            "roc": 0.697135031223,
            "spe": 0.00302186049521
        },
        "probability": 0.697135031223,
        "value": "roc"
    },
    "genre_tzanetakis": {
        "all": {
            "blu": 0.0626613423228,
            "cla": 0.0348169617355,
            "cou": 0.104475811124,
            "dis": 0.0784321576357,
            "hip": 0.15692435205,
            "jaz": 0.313974827528,
            "met": 0.0448166541755,
            "pop": 0.0627359300852,
            "reg": 0.0627360641956,
            "roc": 0.0784258767962
        },
        "probability": 0.313974827528,
        "value": "jaz"
    },
    "ismir04_rhythm": {
        "all": {
            "ChaChaCha": 0.0977792516351,
            "Jive": 0.336566925049,
            "Quickstep": 0.0227254722267,
            "Rumba-American": 0.00977126229554,
            "Rumba-International": 0.00800268072635,
            "Rumba-Misc": 0.00419064890593,
            "Samba": 0.0548049584031,
            "Tango": 0.0295677538961,
            "VienneseWaltz": 0.430206120014,
            "Waltz": 0.00638495245948
        },
        "probability": 0.430206120014,
        "value": "VienneseWaltz"
    },
    "mood_acoustic": {
        "all": {
            "acoustic": 0.0181717965752,
            "not_acoustic": 0.981828212738
        },
        "probability": 0.981828212738,
        "value": "not_acoustic"
    },
    "mood_aggressive": {
        "all": {
            "aggressive": 0.854107141495,
            "not_aggressive": 0.145892858505
        },
        "probability": 0.854107141495,
        "value": "aggressive"
    },
    "mood_electronic": {
        "all": {
            "electronic": 0.533999919891,
            "not_electronic": 0.466000050306
        },
        "probability": 0.533999919891,
        "value": "electronic"
    },
    "mood_happy": {
        "all": {
            "happy": 0.432863593102,
            "not_happy": 0.567136406898
        },
        "probability": 0.567136406898,
        "value": "not_happy"
    },
    "mood_party": {
        "all": {
            "not_party": 0.264721721411,
            "party": 0.735278248787
        },
        "probability": 0.735278248787,
        "value": "party"
    },
    "mood_relaxed": {
        "all": {
            "not_relaxed": 0.995260596275,
            "relaxed": 0.00473938928917
        },
        "probability": 0.995260596275,
        "value": "not_relaxed"
    },
    "mood_sad": {
        "all": {
            "not_sad": 0.955618262291,
            "sad": 0.0443817451596
        },
        "probability": 0.955618262291,
        "value": "not_sad"
    },
    "moods_mirex": {
        "all": {
            "Cluster1": 0.170677691698,
            "Cluster2": 0.0630321502686,
            "Cluster3": 0.070153221488,
            "Cluster4": 0.0733668729663,
            "Cluster5": 0.62277007103
        },
        "probability": 0.62277007103,
        "value": "Cluster5"
    },
    "timbre": {
        "all": {
            "bright": 0.679985642433,
            "dark": 0.320014387369
        },
        "probability": 0.679985642433,
        "value": "bright"
    },
    "tonal_atonal": {
        "all": {
            "atonal": 0.00900587718934,
            "tonal": 0.990994095802
        },
        "probability": 0.990994095802,
        "value": "tonal"
    },
    "voice_instrumental": {
        "all": {
            "instrumental": 0.0642183423042,
            "voice": 0.935781657696
        },
        "probability": 0.935781657696,
        "value": "voice"
    }
},
"lowlevel": {
    "average_loudness": 0.949993908405,
    "barkbands_crest": {
        "dmean": 2.56413578987,
        "dmean2": 4.16839027405,
        "dvar": 5.59286117554,
        "dvar2": 14.0350990295,
        "max": 21.5861721039,
        "mean": 8.23180198669,
        "median": 7.33997440338,
        "min": 2.32572627068,
        "var": 15.1340332031
    },
    "barkbands_flatness_db": {
        "dmean": 0.0215580109507,
        "dmean2": 0.0330379493535,
        "dvar": 0.00041394107393,
        "dvar2": 0.000935284304433,
        "max": 0.28012779355,
        "mean": 0.113924376667,
        "median": 0.103213742375,
        "min": 0.0525768212974,
        "var": 0.00152766867541
    },
    "barkbands_kurtosis": {
        "dmean": 1.75017046928,
        "dmean2": 2.73063707352,
        "dvar": 8.56153678894,
        "dvar2": 19.2027664185,
        "max": 33.8891067505,
        "mean": 1.31065809727,
        "median": -0.341280698776,
        "min": -1.81198632717,
        "var": 20.8560600281
    },
    "barkbands_skewness": {
        "dmean": 0.51793307066,
        "dmean2": 0.761900603771,
        "dvar": 0.281957894564,
        "dvar2": 0.642233014107,
        "max": 5.19549608231,
        "mean": 0.918771147728,
        "median": 0.69271916151,
        "min": -1.93204343319,
        "var": 1.09753704071
    },
    "barkbands_spread": {
        "dmean": 7.75475215912,
        "dmean2": 11.8601522446,
        "dvar": 66.9652862549,
        "dvar2": 156.386199951,
        "max": 72.6377563477,
        "mean": 30.9901371002,
        "median": 31.1786880493,
        "min": 3.6994433403,
        "var": 168.77557373
    },
    "dissonance": {
        "dmean": 0.0135630834848,
        "dmean2": 0.0231557954103,
        "dvar": 0.000159712901223,
        "dvar2": 0.000444506091299,
        "max": 0.499154955149,
        "mean": 0.47533467412,
        "median": 0.479227542877,
        "min": 0.344923585653,
        "var": 0.000294979574392
    },
    "dynamic_complexity": 3.81013560295,
    "erbbands_crest": {
        "dmean": 2.01660561562,
        "dmean2": 3.39854574203,
        "dvar": 5.31649637222,
        "dvar2": 13.5797424316,
        "max": 24.5457000732,
        "mean": 6.32641506195,
        "median": 5.06886720657,
        "min": 2.59172320366,
        "var": 12.4009590149
    },
    "erbbands_flatness_db": {
        "dmean": 0.0160760432482,
        "dmean2": 0.0255770925432,
        "dvar": 0.000235819912632,
        "dvar2": 0.000536457519047,
        "max": 0.30054345727,
        "mean": 0.15163770318,
        "median": 0.147771522403,
        "min": 0.0672717317939,
        "var": 0.00102576962672
    },
    "erbbands_kurtosis": {
        "dmean": 0.575157105923,
        "dmean2": 0.93144762516,
        "dvar": 0.638263702393,
        "dvar2": 1.66684317589,
        "max": 7.87535667419,
        "mean": -0.17530862987,
        "median": -0.413146972656,
        "min": -1.7615737915,
        "var": 1.07186019421
    },
    "erbbands_skewness": {
        "dmean": 0.31419685483,
        "dmean2": 0.495124042034,
        "dvar": 0.117758899927,
        "dvar2": 0.299654453993,
        "max": 2.83277750015,
        "mean": -0.0187814887613,
        "median": -0.110083281994,
        "min": -2.43606162071,
        "var": 0.325833797455
    },
    "erbbands_spread": {
        "dmean": 7.97988653183,
        "dmean2": 12.4706392288,
        "dvar": 67.8843688965,
        "dvar2": 161.826095581,
        "max": 100.351852417,
        "mean": 39.6526031494,
        "median": 38.1924629211,
        "min": 7.74638938904,
        "var": 190.611465454
    },
    "hfc": {
        "dmean": 9.70611095428,
        "dmean2": 14.5991268158,
        "dvar": 158.074813843,
        "dvar2": 393.131225586,
        "max": 151.721878052,
        "mean": 26.8434486389,
        "median": 27.4204273224,
        "min": 0.0167378690094,
        "var": 465.084259033
    },
    "melbands_crest": {
        "dmean": 3.21418738365,
        "dmean2": 5.16679620743,
        "dvar": 8.39118671417,
        "dvar2": 20.8550510406,
        "max": 29.737575531,
        "mean": 13.1716909409,
        "median": 12.1716814041,
        "min": 3.97893667221,
        "var": 33.8822174072
    },
    "melbands_flatness_db": {
        "dmean": 0.0295776389539,
        "dmean2": 0.0437193289399,
        "dvar": 0.000832907389849,
        "dvar2": 0.00184097222518,
        "max": 0.340171486139,
        "mean": 0.132395640016,
        "median": 0.11973079294,
        "min": 0.0233980715275,
        "var": 0.00340284639969
    },
    "melbands_kurtosis": {
        "dmean": 4.72732925415,
        "dmean2": 7.17277908325,
        "dvar": 51.0610961914,
        "dvar2": 109.517250061,
        "max": 96.8996276855,
        "mean": 7.85958480835,
        "median": 3.47328662872,
        "min": -1.56632316113,
        "var": 166.642105103
    },
    "melbands_skewness": {
        "dmean": 0.659549713135,
        "dmean2": 0.991247415543,
        "dvar": 0.481950372458,
        "dvar2": 1.08621513844,
        "max": 8.27935791016,
        "mean": 2.091588974,
        "median": 1.80307328701,
        "min": -0.624005198479,
        "var": 2.11788773537
    },
    "melbands_spread": {
        "dmean": 12.1195058823,
        "dmean2": 18.3552455902,
        "dvar": 159.959899902,
        "dvar2": 387.807434082,
        "max": 135.664672852,
        "mean": 38.4683494568,
        "median": 37.582824707,
        "min": 2.56565713882,
        "var": 426.376251221
    },
    "pitch_salience": {
        "dmean": 0.0707094445825,
        "dmean2": 0.112461403012,
        "dvar": 0.00383286108263,
        "dvar2": 0.00930296629667,
        "max": 0.924752175808,
        "mean": 0.601861596107,
        "median": 0.609004259109,
        "min": 0.255634784698,
        "var": 0.0143960053101
    },
    "silence_rate_20dB": {
        "dmean": 0,
        "dmean2": 0,
        "dvar": 0,
        "dvar2": 0,
        "max": 1,
        "mean": 1,
        "median": 1,
        "min": 1,
        "var": 0
    },
    "silence_rate_30dB": {
        "dmean": 0,
        "dmean2": 0,
        "dvar": 0,
        "dvar2": 0,
        "max": 1,
        "mean": 1,
        "median": 1,
        "min": 1,
        "var": 0
    },
    "silence_rate_60dB": {
        "dmean": 0.0317337475717,
        "dmean2": 0.062742061913,
        "dvar": 0.0307267550379,
        "dvar2": 0.0681008175015,
        "max": 1,
        "mean": 0.111368909478,
        "median": 0,
        "min": 0,
        "var": 0.0989663600922
    },
    "spectral_centroid": {
        "dmean": 375.774841309,
        "dmean2": 565.276550293,
        "dvar": 148178.015625,
        "dvar2": 338165.875,
        "max": 4288.72900391,
        "mean": 1980.68652344,
        "median": 2053.5715332,
        "min": 353.14453125,
        "var": 436785.0625
    },
    "spectral_complexity": {
        "dmean": 5.74535608292,
        "dmean2": 8.40278816223,
        "dvar": 36.9234580994,
        "dvar2": 70.285446167,
        "max": 59,
        "mean": 25.0247478485,
        "median": 27,
        "min": 0,
        "var": 200.251449585
    },
    "spectral_decrease": {
        "dmean": 1.23327115187e-09,
        "dmean2": 1.86640569666e-09,
        "dvar": 1.87032029866e-18,
        "dvar2": 4.15605359608e-18,
        "max": -5.01016589327e-12,
        "mean": -4.54434045949e-09,
        "median": -4.68484095961e-09,
        "min": -1.35824054226e-08,
        "var": 8.27568312106e-18
    },
    "spectral_energy": {
        "dmean": 0.00530192162842,
        "dmean2": 0.00800135824829,
        "dvar": 3.4421471355e-05,
        "dvar2": 7.81564594945e-05,
        "max": 0.0585544779897,
        "mean": 0.0195861980319,
        "median": 0.0203346386552,
        "min": 2.04276802833e-05,
        "var": 0.000151103013195
    },
    "spectral_energyband_high": {
        "dmean": 0.000915211392567,
        "dmean2": 0.00147210329305,
        "dvar": 1.99553278435e-06,
        "dvar2": 5.23682365383e-06,
        "max": 0.0143179660663,
        "mean": 0.00164864119142,
        "median": 0.00135601428337,
        "min": 8.54283541685e-07,
        "var": 2.90216121357e-06
    },
    "spectral_energyband_low": {
        "dmean": 0.00191779923625,
        "dmean2": 0.00302042486146,
        "dvar": 1.17439703899e-05,
        "dvar2": 2.95271274808e-05,
        "max": 0.0274682994932,
        "mean": 0.00473686959594,
        "median": 0.0022066028323,
        "min": 5.08440325575e-06,
        "var": 3.21019688272e-05
    },
    "spectral_energyband_middle_high": {
        "dmean": 0.00287922727875,
        "dmean2": 0.00416905106977,
        "dvar": 1.29186837512e-05,
        "dvar2": 2.85094756691e-05,
        "max": 0.048758149147,
        "mean": 0.00780569016933,
        "median": 0.00679177371785,
        "min": 2.69794281849e-06,
        "var": 5.76453276153e-05
    },
    "spectral_energyband_middle_low": {
        "dmean": 0.00232848967426,
        "dmean2": 0.00347833940759,
        "dvar": 9.71977624431e-06,
        "dvar2": 2.12488575926e-05,
        "max": 0.0353617928922,
        "mean": 0.00597654562443,
        "median": 0.00449891202152,
        "min": 1.73618752797e-06,
        "var": 2.76660448435e-05
    },
    "spectral_entropy": {
        "dmean": 0.155308708549,
        "dmean2": 0.236155048013,
        "dvar": 0.0243776403368,
        "dvar2": 0.0595345944166,
        "max": 8.42405128479,
        "mean": 7.87021541595,
        "median": 7.93231916428,
        "min": 6.86228561401,
        "var": 0.0683051124215
    },
    "spectral_flux": {
        "dmean": 0.0204595550895,
        "dmean2": 0.030996542424,
        "dvar": 0.000416060152929,
        "dvar2": 0.000867750379257,
        "max": 0.207303881645,
        "mean": 0.0745915994048,
        "median": 0.0749612227082,
        "min": 0.00239412090741,
        "var": 0.00145755533595
    },
    "spectral_kurtosis": {
        "dmean": 1.09522604942,
        "dmean2": 1.84861791134,
        "dvar": 1.16979527473,
        "dvar2": 3.11669063568,
        "max": 11.0662889481,
        "mean": 2.6273765564,
        "median": 2.44154930115,
        "min": -0.639902114868,
        "var": 2.09855055809
    },
    "spectral_rms": {
        "dmean": 0.000611659488641,
        "dmean2": 0.00089815328829,
        "dvar": 4.34276273609e-07,
        "dvar2": 9.2769874982e-07,
        "max": 0.00755819538608,
        "mean": 0.00403946032748,
        "median": 0.00445406232029,
        "min": 0.000141171680298,
        "var": 2.79126311398e-06
    },
    "spectral_rolloff": {
        "dmean": 867.195983887,
        "dmean2": 1386.59753418,
        "dvar": 1078464.625,
        "dvar2": 2468451,
        "max": 10465.1367188,
        "mean": 2454.10205078,
        "median": 2519.38476562,
        "min": 107.666015625,
        "var": 2213706
    },
    "spectral_skewness": {
        "dmean": 0.189134821296,
        "dmean2": 0.307018846273,
        "dvar": 0.0318960398436,
        "dvar2": 0.0809470936656,
        "max": 2.34624099731,
        "mean": 1.13063383102,
        "median": 1.10562860966,
        "min": 0.205571711063,
        "var": 0.0680163651705
    },
    "spectral_spread": {
        "dmean": 492693.59375,
        "dmean2": 763655.25,
        "dvar": 368519708672,
        "dvar2": 708013981696,
        "max": 16986576,
        "mean": 4340639.5,
        "median": 4192649.25,
        "min": 2414384,
        "var": 735079759872
    },
    "spectral_strongpeak": {
        "dmean": 0.511162042618,
        "dmean2": 0.817343771458,
        "dvar": 0.865875065327,
        "dvar2": 2.07575249672,
        "max": 10.1107025146,
        "mean": 0.946037948132,
        "median": 0.401612907648,
        "min": 0,
        "var": 1.91691458225
    },
    "zerocrossingrate": {
        "dmean": 0.0132232764736,
        "dmean2": 0.0167365875095,
        "dvar": 0.000178685470019,
        "dvar2": 0.000241606947384,
        "max": 0.33837890625,
        "mean": 0.0712127834558,
        "median": 0.06884765625,
        "min": 0.00927734375,
        "var": 0.000933106348384
    },
    "barkbands": {
        "dmean": [4.20030482928e-05, 0.000810673285741, 0.00115053530317, 0.000342405342963, 0.000942870916333, 0.000513292790856, 0.00046542956261, 0.000602227402851, 0.000540863315109, 0.00104305124842, 0.00046968832612, 0.000550976779778, 0.000487733079353, 0.000442700315034, 0.000449220649898, 0.000374493887648, 0.000396583607653, 0.000299772189464, 0.000264356931439, 0.000298842700431, 0.000275341706583, 0.00022419069137, 0.00014626129996, 0.000153464468895, 5.53831232537e-05, 2.16847565753e-05, 2.66448640929e-09],
        "dmean2": [6.98694202583e-05, 0.00127605244052, 0.0018863088917, 0.000554791360628, 0.001439191401, 0.000803115079179, 0.000709331303369, 0.00089765858138, 0.0008150562644, 0.00174515228719, 0.000675717892591, 0.000853699166328, 0.000737634894904, 0.000696808332577, 0.000707619998138, 0.000560695538297, 0.000586580601521, 0.000450291816378, 0.000393259892007, 0.000448967388365, 0.00043929630192, 0.000372714333935, 0.000241143614403, 0.000254502665484, 9.06384011614e-05, 3.43467581843e-05, 4.62937865819e-09],
        "dvar": [5.88925352929e-09, 3.07568802782e-06, 5.42171028428e-06, 4.72877900393e-07, 2.39521432377e-06, 7.51948959987e-07, 1.37948632073e-06, 2.86567478724e-06, 2.41360862674e-06, 4.6588056648e-06, 1.45947842611e-06, 1.9293056539e-06, 8.94902086657e-07, 1.0840080904e-06, 7.89562136561e-07, 8.04689079814e-07, 3.19707140761e-07, 2.05063429348e-07, 1.09477177546e-07, 1.5702474343e-07, 2.6313921353e-07, 1.56414941443e-07, 5.49298491137e-08, 1.1505100872e-07, 2.48628904131e-08, 3.33914185191e-09, 3.21687893244e-16],
        "dvar2": [1.42348710597e-08, 7.56662075219e-06, 1.5021561012e-05, 1.21259517982e-06, 5.31538807991e-06, 1.75459967977e-06, 2.7746334581e-06, 6.52923790767e-06, 4.72258761874e-06, 1.18352390928e-05, 2.83544522972e-06, 3.8324515117e-06, 1.76896662651e-06, 2.77773142443e-06, 1.79907533493e-06, 1.68750489138e-06, 6.94858329098e-07, 4.36061327491e-07, 2.59083719811e-07, 3.59969590136e-07, 7.30271210614e-07, 4.15472300119e-07, 1.45226835002e-07, 2.94162049386e-07, 4.29755786513e-08, 4.81739492741e-09, 6.07187309668e-16],
        "max": [0.00129387713969, 0.021109059453, 0.0214748755097, 0.0064759105444, 0.0156873315573, 0.00892807729542, 0.0284214057028, 0.0295652933419, 0.0344791896641, 0.0276452805847, 0.0304195154458, 0.0242199581116, 0.016418389976, 0.0192577280104, 0.0133893620223, 0.0148935187608, 0.0120097054169, 0.0090544084087, 0.00404841639102, 0.0051876003854, 0.00596919329837, 0.00448007788509, 0.00275872298516, 0.0047661983408, 0.00504688825458, 0.00204119947739, 4.49548053894e-07],
        "mean": [5.35204089829e-05, 0.00213908380829, 0.00222495011985, 0.000474594446132, 0.00164723966736, 0.000816289626528, 0.00088020489784, 0.000883853179403, 0.000818995933514, 0.00125891063362, 0.000835873070173, 0.000822241592687, 0.000792914943304, 0.000685134436935, 0.000725198944565, 0.000647007487714, 0.000797024986241, 0.000607364345342, 0.000544707931112, 0.000635989243165, 0.000468342652312, 0.000313530763378, 0.000204961339477, 0.000201865303097, 8.37064653751e-05, 2.26935317187e-05, 1.86924609125e-09],
        "median": [2.61917048192e-05, 0.00075821444625, 0.000530482502654, 0.000145170022734, 0.000910813454539, 0.000401654455345, 0.000401585246436, 0.000306621019263, 0.000258894491708, 0.000482858216856, 0.000349684938556, 0.000310190138407, 0.000405850965763, 0.00036396458745, 0.000424180674599, 0.000338384328643, 0.000516015803441, 0.000426707003498, 0.000419021875132, 0.000481215654872, 0.00037139756023, 0.000229358163779, 0.000146776641486, 0.000127954655909, 4.65213270218e-05, 4.28841758549e-06, 2.02802247218e-10],
        "min": [1.23970149701e-08, 4.52400968243e-07, 1.39804456012e-06, 7.72803332438e-08, 4.61904903659e-07, 6.114324691e-08, 1.58171445719e-07, 9.37819564228e-08, 1.15105436294e-07, 1.60354773016e-07, 1.89710476661e-07, 1.06580195336e-07, 1.46207696616e-07, 1.32569809352e-07, 2.62112735072e-07, 1.47104074699e-07, 2.54021017554e-07, 1.35805848345e-07, 1.43663186236e-07, 1.10153592914e-07, 1.20985859553e-07, 7.2483580027e-08, 8.21266965545e-08, 9.03201993196e-08, 6.46336406618e-09, 8.33443643961e-12, 9.18902107183e-12],
        "var": [7.98119526024e-09, 8.7399412223e-06, 1.125120707e-05, 6.73121064665e-07, 4.25446023655e-06, 1.21436789868e-06, 3.76293473892e-06, 4.02159639634e-06, 5.08577159053e-06, 6.48264131087e-06, 4.64984168502e-06, 4.22425182478e-06, 2.17926503865e-06, 1.88463366158e-06, 1.33036121497e-06, 1.57142335411e-06, 9.68438826021e-07, 5.4571836472e-07, 3.18318086556e-07, 4.9077686981e-07, 2.76544284361e-07, 1.48480680195e-07, 5.85228008276e-08, 1.35377746346e-07, 7.62278773436e-08, 7.36903427168e-09, 2.62556205559e-16]
    },
    "erbbands": {
        "dmean": [0.0191211178899, 0.20720282197, 1.09244120121, 1.33668243885, 1.43923044205, 3.53982400894, 4.97888231277, 4.28127622604, 5.88268756866, 10.7419204712, 11.2133655548, 11.7287607193, 26.9126205444, 24.1706104279, 18.4415626526, 23.6189899445, 20.085319519, 23.1746845245, 19.0390949249, 18.8373336792, 19.147277832, 20.0408668518, 17.2621078491, 13.4139986038, 12.8822517395, 14.508313179, 14.0830831528, 8.61451053619, 9.20676326752, 6.19836330414, 3.76336956024, 3.26175022125, 2.24059772491, 0.87869566679, 0.307415604591, 0.129061102867, 0.0357267335057, 0.00192882143892, 4.50539482699e-05, 9.57794964052e-06],
        "dmean2": [0.0318726450205, 0.322138756514, 1.78518557549, 2.14073371887, 2.14302921295, 5.66559123993, 7.87067842484, 6.61123657227, 9.14774036407, 15.9922733307, 17.2872314453, 18.3361434937, 43.5809402466, 38.8877067566, 27.6607761383, 35.0911979675, 29.1764163971, 36.1024703979, 29.5583343506, 29.2320537567, 28.0759067535, 28.9679050446, 25.3300075531, 20.1563777924, 19.1910705566, 22.2125358582, 22.6231536865, 13.8839187622, 15.3761138916, 10.3249778748, 6.09704065323, 5.44738578796, 3.66937232018, 1.40799164772, 0.53571254015, 0.204457625747, 0.0571935102344, 0.00317466910928, 7.16188078513e-05, 1.43140241562e-05],
        "dvar": [0.00205243378878, 0.188076078892, 4.69172954559, 7.25337266922, 13.6395835876, 35.4097595215, 93.1828536987, 46.4315414429, 118.954307556, 1170.36975098, 821.113769531, 1554.10314941, 3395.16870117, 2468.55541992, 2531.40258789, 3645.74267578, 1349.84228516, 2841.56396484, 1112.15405273, 1765.82580566, 1654.27075195, 791.967590332, 696.457458496, 252.7162323, 305.943603516, 390.473022461, 796.550598145, 154.131637573, 314.437896729, 124.824134827, 28.4773674011, 36.9047546387, 26.2690048218, 5.60980892181, 0.949993312359, 0.140061452985, 0.00769991567358, 1.81051927939e-05, 8.59969251366e-09, 1.52612464333e-10],
        "dvar2": [0.00490601733327, 0.462428152561, 12.5117263794, 18.701499939, 26.7070503235, 88.1917953491, 218.179611206, 107.835983276, 234.32850647, 2589.47290039, 1911.51513672, 2995.44604492, 7524.27197266, 5501.09277344, 5894.16699219, 6646.97216797, 2368.59033203, 6986.93798828, 2567.50927734, 3979.67578125, 3249.53100586, 1669.17480469, 1422.69030762, 577.95513916, 703.618591309, 941.736328125, 2217.95239258, 405.553192139, 835.263061523, 337.607696533, 73.1432113647, 97.6905059814, 63.1433792114, 9.14489650726, 2.00927233696, 0.181249350309, 0.0139321787283, 3.66512067558e-05, 1.56034491994e-08, 3.40656419739e-10],
        "max": [0.554516494274, 5.37146186829, 19.3971748352, 25.5680789948, 59.0547142029, 56.9914474487, 105.926498413, 71.2438049316, 180.79699707, 599.92010498, 548.769714355, 1003.80377197, 999.523925781, 867.715026855, 765.526367188, 1229.26013184, 755.888793945, 1117.83166504, 549.67767334, 785.728759766, 724.120849609, 449.28314209, 582.741149902, 192.970474243, 276.308288574, 237.173614502, 339.61517334, 128.252563477, 216.239059448, 101.394470215, 45.0390892029, 64.6549530029, 106.749084473, 81.3469161987, 25.6953926086, 14.2655487061, 2.6446056366, 0.0965776219964, 0.00265073520131, 0.000282595545286],
        "mean": [0.0455193296075, 0.558468580246, 2.32374691963, 2.31016397476, 2.48973989487, 5.67293024063, 7.39153337479, 7.25956010818, 11.1836519241, 17.3844070435, 18.346364975, 18.0935878754, 35.5746612549, 36.9966583252, 31.0281391144, 37.9405860901, 36.7260894775, 39.9609375, 34.3867912292, 34.8647842407, 36.9657897949, 42.282245636, 37.624584198, 27.8453063965, 27.6343955994, 30.0862903595, 23.915851593, 15.1946144104, 12.3957080841, 8.00479602814, 5.57002353668, 4.41996097565, 3.00391435623, 1.32862532139, 0.401559323072, 0.137968540192, 0.0376744680107, 0.00191552331671, 6.10732531641e-05, 3.00380997942e-05],
        "median": [0.00942768342793, 0.201180368662, 0.660604596138, 0.819519042969, 1.09303963184, 3.00939750671, 3.45575714111, 3.64408397675, 6.09942388535, 5.64489364624, 7.54996585846, 7.13330507278, 12.9157419205, 16.2438716888, 14.3907299042, 15.2624235153, 20.885471344, 22.4797077179, 21.7975082397, 22.1310405731, 20.9924659729, 30.5717411041, 27.4625339508, 22.668592453, 20.4003486633, 23.0812301636, 17.8453521729, 11.9040212631, 8.64658927917, 5.67744731903, 4.13186311722, 3.03162002563, 1.77493679523, 0.725373446941, 0.198041886091, 0.035498265177, 0.00464655552059, 0.000215169595322, 3.02795815514e-05, 3.14551434712e-05],
        "min": [6.25988541287e-05, 0.000300562940538, 0.00162178219762, 0.000331982824719, 0.000591882795561, 0.00125722493976, 0.00121088174637, 0.0016390652163, 0.00294799846597, 0.00153302284889, 0.00241030566394, 0.0031090346165, 0.00755649106577, 0.00468555418774, 0.0088968668133, 0.00527573283762, 0.0082295909524, 0.0089381672442, 0.00805726181716, 0.0108795939013, 0.010225453414, 0.013280801475, 0.0081511605531, 0.010096475482, 0.0058401809074, 0.00554020144045, 0.00520425103605, 0.00389702711254, 0.00244055967778, 0.0025448561646, 0.00238559884019, 0.00188269640785, 0.00149908382446, 0.000792133854702, 3.23507592839e-05, 7.46286013964e-06, 1.17857678106e-06, 1.84023903671e-07, 2.03116826469e-07, 4.63854625821e-08],
        "var": [0.00669312244281, 0.552823245525, 12.776055336, 13.7433490753, 24.6558799744, 52.931640625, 122.572303772, 91.0304031372, 270.134735107, 2147.43432617, 1347.05419922, 2575.1015625, 7302.79296875, 5774.99169922, 4534.89306641, 8639.75292969, 4473.29296875, 6106.45703125, 2347.92358398, 3236.36791992, 3977.00390625, 2400.95727539, 2056.23608398, 715.239929199, 922.81439209, 1102.26220703, 820.042358398, 227.699707031, 275.604949951, 107.7684021, 38.1766319275, 39.0499420166, 41.5775985718, 17.6171875, 1.88651931286, 0.361020475626, 0.0137832090259, 2.57959691226e-05, 1.70454654835e-08, 4.89631779566e-10]
    },
    "gfcc": {
        "mean": [-2.88738059998, 77.9596710205, -146.746459961, 48.3002433777, -69.0792999268, 21.8814945221, -38.0491218567, 8.06413650513, -23.5286979675, -0.621549189091, -10.9349269867, -3.02725219727, -4.79781579971],
        "cov": [[8572.36425781, -1428.87976074, -839.616882324, -132.830184937, -414.217773438, 142.184753418, -149.739944458, 331.094024658, -127.118118286, 147.187011719, -139.896713257, -65.5946502686, -162.556243896], [-1428.87976074, 1305.34362793, 185.085250854, 323.391479492, 108.725379944, -56.0960006714, 109.24861908, -308.539276123, 193.759597778, -239.866653442, 247.597915649, -162.594238281, 157.200637817], [-839.616882324, 185.085250854, 449.261169434, 135.963775635, 128.648651123, 49.223613739, 33.1867446899, -15.7987823486, -6.03421926498, 27.3130378723, -23.2545013428, 68.9298934937, -30.4696483612], [-132.830184937, 323.391479492, 135.963775635, 326.21194458, 49.8603630066, 43.9318885803, 12.8505373001, -94.0713119507, 106.494186401, -61.3286094666, 69.9684371948, -56.4559059143, 65.1451263428], [-414.217773438, 108.725379944, 128.648651123, 49.8603630066, 275.433837891, 51.043674469, 76.8927383423, 55.1586494446, 8.99124908447, 63.3049354553, -14.8520965576, 26.0092430115, -26.420003891], [142.184753418, -56.0960006714, 49.223613739, 43.9318885803, 51.043674469, 176.493774414, 70.7283325195, 45.3371315002, -3.39870047569, 6.75918674469, -2.08104872704, 2.43146562576, -1.25923204422], [-149.739944458, 109.24861908, 33.1867446899, 12.8505373001, 76.8927383423, 70.7283325195, 144.909927368, 36.8992767334, 20.9682731628, -7.88373756409, 25.4418354034, -0.320747196674, -6.08578538895], [331.094024658, -308.539276123, -15.7987823486, -94.0713119507, 55.1586494446, 45.3371315002, 36.8992767334, 219.587677002, -21.8913497925, 99.5537033081, -48.0347747803, 42.1845626831, -56.2079391479], [-127.118118286, 193.759597778, -6.03421926498, 106.494186401, 8.99124908447, -3.39870047569, 20.9682731628, -21.8913497925, 131.157791138, -19.7368125916, 65.4700317383, -41.675075531, 39.2588272095], [147.187011719, -239.866653442, 27.3130378723, -61.3286094666, 63.3049354553, 6.75918674469, -7.88373756409, 99.5537033081, -19.7368125916, 144.310317993, -37.5020217896, 67.8776702881, -44.5602340698], [-139.896713257, 247.597915649, -23.2545013428, 69.9684371948, -14.8520965576, -2.08104872704, 25.4418354034, -48.0347747803, 65.4700317383, -37.5020217896, 129.746124268, -25.8567180634, 59.8675804138], [-65.5946502686, -162.594238281, 68.9298934937, -56.4559059143, 26.0092430115, 2.43146562576, -0.320747196674, 42.1845626831, -41.675075531, 67.8776702881, -25.8567180634, 108.929206848, -18.1876487732], [-162.556243896, 157.200637817, -30.4696483612, 65.1451263428, -26.420003891, -1.25923204422, -6.08578538895, -56.2079391479, 39.2588272095, -44.5602340698, 59.8675804138, -18.1876487732, 95.0305099487]],
        "icov": [[0.000212066777749, 3.24684697262e-05, 0.000519140157849, -0.00050052133156, 0.00030882054125, -0.0002344569657, 0.000101933292171, -0.000227810975048, 0.000299105013255, -0.000195657077711, -2.17424621951e-05, -6.72622045386e-05, 0.000558661762625], [3.24684697262e-05, 0.0055767102167, -0.00314669054933, 0.00110098265577, -0.00326754408889, 0.00311902863905, -0.00290831574239, 0.00390112143941, -0.00195790850557, 0.0037426839117, -0.00583922909573, 0.00522247934714, -0.00243719364516], [0.000519140157849, -0.00314669054933, 0.00718651292846, -0.00438154535368, 0.00158316781744, -0.00264005013742, 0.00176104612183, -0.00219861092046, 0.00235032965429, -0.00182822870556, 0.00375117268413, -0.00688318163157, 0.00510992668569], [-0.00050052133156, 0.00110098265577, -0.00438154535368, 0.00890177488327, -0.00252885348164, -0.00089841632871, 0.000912683899514, 0.00289889820851, -0.00546010397375, 0.0018415566301, -0.00161207607016, 0.00390427350067, -0.00424452591687], [0.00030882054125, -0.00326754408889, 0.00158316781744, -0.00252885348164, 0.00829849671572, -0.00184690498281, -0.00145065621473, -0.00277625047602, 0.00212445599027, -0.00584051106125, 0.00429631583393, -0.00206655589864, 0.00200391118415], [-0.0002344569657, 0.00311902863905, -0.00264005013742, -0.00089841632871, -0.00184690498281, 0.0103935804218, -0.00590458931401, 0.000614786578808, 0.000952259695623, 0.00175853166729, -0.0024711873848, 0.00377536378801, -0.00347088719718], [0.000101933292171, -0.00290831574239, 0.00176104612183, 0.000912683899514, -0.00145065621473, -0.00590458931401, 0.0139221716672, -0.00396087998524, -0.001248685061, 0.00257154786959, -0.000363393686712, -0.00434819236398, 0.0041100080125], [-0.000227810975048, 0.00390112143941, -0.00219861092046, 0.00289889820851, -0.00277625047602, 0.000614786578808, -0.00396087998524, 0.0117378132418, -0.00310161523521, -0.00199303985573, -0.00267830258235, 0.00395421078429, -0.000819055596367], [0.000299105013255, -0.00195790850557, 0.00235032965429, -0.00546010397375, 0.00212445599027, 0.000952259695623, -0.001248685061, -0.00310161523521, 0.0159730408341, -0.00459527643397, -0.00217309431173, 0.00205906806514, -5.4619864386e-05], [-0.000195657077711, 0.0037426839117, -0.00182822870556, 0.0018415566301, -0.00584051106125, 0.00175853166729, 0.00257154786959, -0.00199303985573, -0.00459527643397, 0.0196583233774, -0.00447165779769, -0.00502350460738, 0.00198281626217], [-2.17424621951e-05, -0.00583922909573, 0.00375117268413, -0.00161207607016, 0.00429631583393, -0.0024711873848, -0.000363393686712, -0.00267830258235, -0.00217309431173, -0.00447165779769, 0.0201952625066, -0.00571356108412, -0.00353094306774], [-6.72622045386e-05, 0.00522247934714, -0.00688318163157, 0.00390427350067, -0.00206655589864, 0.00377536378801, -0.00434819236398, 0.00395421078429, 0.00205906806514, -0.00502350460738, -0.00571356108412, 0.0235384535044, -0.00720348535106], [0.000558661762625, -0.00243719364516, 0.00510992668569, -0.00424452591687, 0.00200391118415, -0.00347088719718, 0.0041100080125, -0.000819055596367, -5.4619864386e-05, 0.00198281626217, -0.00353094306774, -0.00720348535106, 0.0221462734044]]
    },
    "melbands": {
        "dmean": [0.000197345812921, 0.000456796260551, 0.000220483256271, 0.000156673617312, 0.000190181206563, 9.88660540315e-05, 8.81850137375e-05, 0.000125025020679, 8.97322461242e-05, 7.84106887295e-05, 0.000140818548971, 0.00010736596596, 6.24798631179e-05, 5.95192504989e-05, 6.51052469038e-05, 4.34370267612e-05, 4.5157099521e-05, 2.92541972158e-05, 3.59185978596e-05, 2.79317937384e-05, 2.3377884645e-05, 2.32991296798e-05, 2.04796015169e-05, 1.37713013828e-05, 1.16343617265e-05, 1.01743771665e-05, 9.84633516055e-06, 1.03156262412e-05, 1.01244950201e-05, 6.57118380332e-06, 4.75914248455e-06, 5.5113741837e-06, 3.87123918699e-06, 3.48062781086e-06, 2.36834762291e-06, 1.68733072314e-06, 2.28952058023e-06, 1.7838963231e-06, 1.23953702769e-06, 6.2018710878e-07],
        "dmean2": [0.000317379832268, 0.000736672431231, 0.000344412459526, 0.000241770758294, 0.000298942002701, 0.000152025240823, 0.000137599476147, 0.000186453049537, 0.000140930147609, 0.000120914650324, 0.00022858819284, 0.00017491345352, 9.25911444938e-05, 9.29900998017e-05, 9.48222150328e-05, 6.6209686338e-05, 7.06121863914e-05, 4.58073227492e-05, 5.69528674532e-05, 4.24832032877e-05, 3.44134678016e-05, 3.4612352465e-05, 3.10194373014e-05, 2.08518231375e-05, 1.76242883754e-05, 1.54485387611e-05, 1.48032722791e-05, 1.60286763276e-05, 1.65678393387e-05, 1.0496428331e-05, 7.82825736678e-06, 9.24775758904e-06, 6.43420344204e-06, 5.86664509683e-06, 3.87162390325e-06, 2.73300747722e-06, 3.91851790482e-06, 2.96166672342e-06, 2.05967103284e-06, 1.02442879779e-06],
        "dvar": [1.95770070377e-07, 7.64989692925e-07, 1.67705977105e-07, 7.93216372585e-08, 1.29197687215e-07, 2.47350016025e-08, 2.94939273005e-08, 1.51230693746e-07, 5.97853784257e-08, 6.31011332075e-08, 9.19086033946e-08, 4.9532552282e-08, 2.52012029023e-08, 2.56858641023e-08, 2.1973328046e-08, 5.39216182815e-09, 1.10173701273e-08, 2.72560995995e-09, 5.89200022105e-09, 5.10380271379e-09, 2.40538988727e-09, 1.1744185624e-09, 9.55255541335e-10, 3.80871750805e-10, 1.9134119289e-10, 1.76277367703e-10, 2.01179461978e-10, 2.23706039804e-10, 4.00779243126e-10, 1.35550876079e-10, 4.33249096321e-11, 1.07879545574e-10, 4.76606497324e-11, 4.60602389563e-11, 1.23206202185e-11, 5.37025979241e-12, 2.44860451359e-11, 1.90792034949e-11, 9.28773204179e-12, 5.3807331854e-12],
        "dvar2": [4.6880288096e-07, 1.97195458895e-06, 4.2018058366e-07, 1.79779306109e-07, 2.98571649182e-07, 5.56713999345e-08, 5.76743985903e-08, 3.4120441228e-07, 1.41416975907e-07, 1.19621972772e-07, 2.09631124903e-07, 1.17515249087e-07, 5.60816104667e-08, 5.59632056252e-08, 4.20889954e-08, 1.15702061265e-08, 2.76437273072e-08, 6.40040376254e-09, 1.37274449585e-08, 1.13994031992e-08, 5.09268671678e-09, 2.45916953467e-09, 2.13745598998e-09, 8.19254386553e-10, 4.61086557824e-10, 4.27573115802e-10, 4.38580088913e-10, 5.56201806834e-10, 1.10936004827e-09, 3.68959307551e-10, 1.14056021572e-10, 2.89572893442e-10, 1.25535998263e-10, 1.26018431801e-10, 3.17415989326e-11, 1.35155948933e-11, 6.48819192817e-11, 4.74931621808e-11, 2.05992688185e-11, 1.05822113225e-11],
        "max": [0.00509451655671, 0.00748855387792, 0.00427029188722, 0.00394674018025, 0.00357047026046, 0.00172972655855, 0.00271742558107, 0.00585269136354, 0.00547650968656, 0.00645447196439, 0.00510329939425, 0.00382469128817, 0.00262631941587, 0.00270101916976, 0.00233959499747, 0.00150856445543, 0.00222980324179, 0.000900890154298, 0.00121789530385, 0.00135244091507, 0.00118016975466, 0.000614694610704, 0.000493648345582, 0.000347917608451, 0.000178987320396, 0.000161181829753, 0.000247135350946, 0.000201831018785, 0.000268496019999, 0.000156263427925, 6.64667386445e-05, 0.000116702751257, 7.930049469e-05, 8.2935213868e-05, 3.12942756864e-05, 2.9467362765e-05, 5.8351943153e-05, 8.98448561202e-05, 7.18469527783e-05, 7.10254607839e-05],
        "mean": [0.000506810902152, 0.00107780995313, 0.00040393951349, 0.000273835088592, 0.000291574484436, 0.000168808517628, 0.000170887506101, 0.000191414525034, 0.000145767698996, 0.000116781055112, 0.000179814276635, 0.000151432614075, 0.000108269137854, 8.70780568221e-05, 9.95261216303e-05, 7.60488110245e-05, 7.31065811124e-05, 4.99071466038e-05, 5.54978541913e-05, 4.73338986922e-05, 4.19217940362e-05, 4.38528659288e-05, 4.16739676439e-05, 2.76825085166e-05, 2.16862081288e-05, 2.02932078537e-05, 1.97161007236e-05, 2.01496604859e-05, 1.65049659699e-05, 1.07342439151e-05, 7.94664174464e-06, 7.25260997569e-06, 5.23438120581e-06, 4.18218769482e-06, 3.30825764649e-06, 2.66655865744e-06, 2.78061975223e-06, 2.27060286306e-06, 1.62141463989e-06, 9.70132759903e-07],
        "median": [0.000154122477397, 0.000422255019657, 0.00016558279458, 0.000151727173943, 0.000139156560181, 8.49083371577e-05, 9.17834549909e-05, 5.93129370827e-05, 5.23086055182e-05, 4.16647162638e-05, 6.0606871557e-05, 6.26658147667e-05, 4.63321957795e-05, 3.51236121787e-05, 4.04230013373e-05, 3.88051703339e-05, 3.9456957893e-05, 2.91203996312e-05, 3.25092987623e-05, 2.57860247075e-05, 2.19697212742e-05, 2.84116849798e-05, 3.00368847093e-05, 1.93329469766e-05, 1.68360420503e-05, 1.4886801182e-05, 1.37281367643e-05, 1.51746426127e-05, 1.18653561003e-05, 7.93514573161e-06, 5.99985651206e-06, 4.87252054882e-06, 3.7505558339e-06, 2.764995088e-06, 2.42004512074e-06, 1.94491303773e-06, 1.72116961039e-06, 1.26179384097e-06, 9.11791403269e-07, 4.95730660077e-07],
        "min": [7.13599206392e-07, 8.437463066e-07, 8.57360618056e-08, 7.9365022998e-08, 6.4167892333e-08, 3.78983067151e-08, 3.83684621852e-08, 1.75705672234e-08, 1.86785928946e-08, 1.62625024558e-08, 3.73257762476e-08, 1.71997260878e-08, 2.65091717466e-08, 1.65283129405e-08, 1.40241711577e-08, 1.35653248634e-08, 1.55567203564e-08, 1.15493783426e-08, 2.09415524921e-08, 1.17263860844e-08, 8.67176730424e-09, 1.51323931163e-08, 6.39429309501e-09, 6.25786977793e-09, 7.14196168872e-09, 5.66841773519e-09, 2.651387776e-09, 3.04431568843e-09, 2.96229729635e-09, 2.7799682556e-09, 1.94087346195e-09, 1.04402431145e-09, 1.41975953216e-09, 1.27190047383e-09, 1.09825593064e-09, 1.02119646073e-09, 7.80543241152e-10, 1.05583441989e-09, 1.16867696076e-10, 5.23033135899e-12],
