{
"highlevel": {
    "danceability": {
        "all": {
            "danceable": 0.99995303154,
            "not_danceable": 4.69806036563e-05
        },
        "probability": 0.99995303154,
        "value": "danceable"
    },
    "gender": {
        "all": {
            "female": 0.625166714191,
            "male": 0.374833285809
        },
        "probability": 0.625166714191,
        "value": "female"
    },
    "genre_dortmund": {
        "all": {
            "alternative": 0.240858688951,
            "blues": 0.028130332008,
            "electronic": 0.369731873274,
            "folkcountry": 0.0452310964465,
            "funksoulrnb": 0.00856478046626,
            "jazz": 0.0194942094386,
            "pop": 0.0538867786527,
            "raphiphop": 0.0454666055739,
            "rock": 0.188635617495
        },
        "probability": 0.369731873274,
        "value": "electronic"
    },
    "genre_electronic": {
        "all": {
            "ambient": 0.112727433443,
            "dnb": 0.627416074276,
            "house": 0.0293304771185,
            "techno": 0.0333902351558,
            "trance": 0.197135776281
        },
        "probability": 0.627416074276,
        "value": "dnb"
    },
    "genre_rosamerica": {
        "all": {
            "cla": 0.0123507585377,
            "dan": 0.115472197533,
            "hip": 0.0490496605635,
            "jaz": 0.00904106721282,
            "pop": 0.250741392374,
            "rhy": 0.0306551977992,
            "roc": 0.523425221443,
            "spe": 0.00926449056715
        },
        "probability": 0.523425221443,
        "value": "roc"
    },
    "genre_tzanetakis": {
        "all": {
            "blu": 0.0626558810472,
            "cla": 0.0348139069974,
            "cou": 0.104466632009,
            "dis": 0.0784497633576,
            "hip": 0.156910419464,
            "jaz": 0.313946902752,
            "met": 0.0448126755655,
            "pop": 0.0627303645015,
            "reg": 0.0627945140004,
            "roc": 0.0784189477563
        },
        "probability": 0.313946902752,
        "value": "jaz"
    },
    "ismir04_rhythm": {
        "all": {
            "ChaChaCha": 0.0838095024228,
            "Jive": 0.123399123549,
            "Quickstep": 0.0394373647869,
            "Rumba-American": 0.0124300960451,
            "Rumba-International": 0.0989913493395,
            "Rumba-Misc": 0.015608118847,
            "Samba": 0.215944364667,
            "Tango": 0.130115061998,
            "VienneseWaltz": 0.252468824387,
            "Waltz": 0.02779619582
        },
        "probability": 0.252468824387,
        "value": "VienneseWaltz"
    },
    "mood_acoustic": {
        "all": {
            "acoustic": 0.00690463557839,
            "not_acoustic": 0.993095338345
        },
        "probability": 0.993095338345,
        "value": "not_acoustic"
    },
    "mood_aggressive": {
        "all": {
            "aggressive": 0.518538057804,
            "not_aggressive": 0.481461942196
        },
        "probability": 0.518538057804,
        "value": "aggressive"
    },
    "mood_electronic": {
        "all": {
            "electronic": 0.856322288513,
            "not_electronic": 0.143677696586
        },
        "probability": 0.856322288513,
        "value": "electronic"
    },
    "mood_happy": {
        "all": {
            "happy": 0.515979588032,
            "not_happy": 0.484020411968
        },
        "probability": 0.515979588032,
        "value": "happy"
    },
    "mood_party": {
        "all": {
            "not_party": 0.467804551125,
            "party": 0.532195448875
        },
        "probability": 0.532195448875,
        "value": "party"
    },
    "mood_relaxed": {
        "all": {
            "not_relaxed": 0.754512488842,
            "relaxed": 0.245487496257
        },
        "probability": 0.754512488842,
        "value": "not_relaxed"
    },
    "mood_sad": {
        "all": {
            "not_sad": 0.953195929527,
            "sad": 0.0468040592968
        },
        "probability": 0.953195929527,
        "value": "not_sad"
    },
    "moods_mirex": {
        "all": {
            "Cluster1": 0.423528939486,
            "Cluster2": 0.180724024773,
            "Cluster3": 0.152308046818,
            "Cluster4": 0.0745415836573,
            "Cluster5": 0.168897420168
        },
        "probability": 0.423528939486,
        "value": "Cluster1"
    },
    "timbre": {
        "all": {
            "bright": 0.766086041927,
            "dark": 0.233913943172
        },
        "probability": 0.766086041927,
        "value": "bright"
    },
    "tonal_atonal": {
        "all": {
            "atonal": 0.309675723314,
            "tonal": 0.690324246883
        },
        "probability": 0.690324246883,
        "value": "tonal"
    },
    "voice_instrumental": {
        "all": {
            "instrumental": 0.138818413019,
            "voice": 0.861181616783
        },
        "probability": 0.861181616783,
        "value": "voice"
    }
},
"lowlevel": {
    "average_loudness": 0.983117103577,
    "barkbands_crest": {
        "dmean": 3.11070227623,
        "dmean2": 4.90125083923,
        "dvar": 9.17528533936,
        "dvar2": 23.533782959,
        "max": 24.991060257,
        "mean": 15.0032100677,
        "median": 15.2082452774,
        "min": 3.11647391319,
        "var": 24.4881896973
    },
    "barkbands_flatness_db": {
        "dmean": 0.0265299342573,
        "dmean2": 0.0398349910975,
        "dvar": 0.00059253006475,
        "dvar2": 0.001413879334,
        "max": 0.420344203711,
        "mean": 0.19417527318,
        "median": 0.185976177454,
        "min": 0.0806797742844,
        "var": 0.00246621062979
    },
    "barkbands_kurtosis": {
        "dmean": 4.47604751587,
        "dmean2": 6.75536394119,
        "dvar": 78.7969360352,
        "dvar2": 170.87828064,
        "max": 140.761825562,
        "mean": 5.90206766129,
        "median": 2.49891471863,
        "min": -1.29180896282,
        "var": 131.246368408
    },
    "barkbands_skewness": {
        "dmean": 0.680280029774,
        "dmean2": 1.0210943222,
        "dvar": 0.572993159294,
        "dvar2": 1.27242040634,
        "max": 10.623295784,
        "mean": 2.05404043198,
        "median": 1.74925529957,
        "min": -0.0749557986856,
        "var": 1.74893069267
    },
    "barkbands_spread": {
        "dmean": 4.53859138489,
        "dmean2": 6.9699754715,
        "dvar": 16.770822525,
        "dvar2": 42.3321075439,
        "max": 56.5750236511,
        "mean": 17.8689804077,
        "median": 17.8582782745,
        "min": 0.872520446777,
        "var": 64.0035476685
    },
    "dissonance": {
        "dmean": 0.0157242156565,
        "dmean2": 0.026784542948,
        "dvar": 0.000204356227187,
        "dvar2": 0.000572268560063,
        "max": 0.500000059605,
        "mean": 0.476901233196,
        "median": 0.481671571732,
        "min": 0.387366175652,
        "var": 0.00033413208439
    },
    "dynamic_complexity": 1.37589228153,
    "erbbands_crest": {
        "dmean": 2.20744585991,
        "dmean2": 3.57768583298,
        "dvar": 3.84632778168,
        "dvar2": 10.0150489807,
        "max": 24.1651477814,
        "mean": 8.42225837708,
        "median": 7.41420269012,
        "min": 3.13018393517,
        "var": 13.4880332947
    },
    "erbbands_flatness_db": {
        "dmean": 0.0139579577371,
        "dmean2": 0.0208766255528,
        "dvar": 0.000147899845615,
        "dvar2": 0.000297244434478,
        "max": 0.299015343189,
        "mean": 0.183431431651,
        "median": 0.184746295214,
        "min": 0.113540358841,
        "var": 0.000838659936562
    },
    "erbbands_kurtosis": {
        "dmean": 0.504713058472,
        "dmean2": 0.799581825733,
        "dvar": 0.257086724043,
        "dvar2": 0.676344871521,
        "max": 4.10607528687,
        "mean": -0.208019047976,
        "median": -0.369910955429,
        "min": -1.58924341202,
        "var": 0.662097156048
    },
    "erbbands_skewness": {
        "dmean": 0.29619371891,
        "dmean2": 0.464296102524,
        "dvar": 0.0594888404012,
        "dvar2": 0.154896736145,
        "max": 1.73581421375,
        "mean": 0.0894246399403,
        "median": 0.0663927718997,
        "min": -1.25842666626,
        "var": 0.22022677958
    },
    "erbbands_spread": {
        "dmean": 5.71345996857,
        "dmean2": 9.08598518372,
        "dvar": 24.7394866943,
        "dvar2": 64.019744873,
        "max": 80.948677063,
        "mean": 33.6041412354,
        "median": 32.7177200317,
        "min": 14.0742540359,
        "var": 98.9070281982
    },
    "hfc": {
        "dmean": 5.67147016525,
        "dmean2": 8.38740444183,
        "dvar": 41.1506881714,
        "dvar2": 90.0835342407,
        "max": 84.263092041,
        "mean": 23.6301269531,
        "median": 21.6479167938,
        "min": 4.7715716362,
        "var": 152.899154663
    },
    "melbands_crest": {
        "dmean": 3.66764521599,
        "dmean2": 5.49511957169,
        "dvar": 12.9462270737,
        "dvar2": 27.8296127319,
        "max": 35.2555122375,
        "mean": 21.323759079,
        "median": 21.0243167877,
        "min": 4.66553592682,
        "var": 45.3213233948
    },
    "melbands_flatness_db": {
        "dmean": 0.0308876931667,
        "dmean2": 0.0449672266841,
        "dvar": 0.000797826156486,
        "dvar2": 0.00186812854372,
        "max": 0.52089381218,
        "mean": 0.259115457535,
        "median": 0.252936542034,
        "min": 0.10783007741,
        "var": 0.00412787497044
    },
    "melbands_kurtosis": {
        "dmean": 10.6789865494,
        "dmean2": 16.5067520142,
        "dvar": 364.640106201,
        "dvar2": 818.456359863,
        "max": 289.080291748,
        "mean": 17.4306564331,
        "median": 9.75106048584,
        "min": -0.442526340485,
        "var": 614.531311035
    },
    "melbands_skewness": {
        "dmean": 0.96963095665,
        "dmean2": 1.47913920879,
        "dvar": 1.10392832756,
        "dvar2": 2.47641420364,
        "max": 14.2736358643,
        "mean": 3.30180311203,
        "median": 2.87087655067,
        "min": 0.379136234522,
        "var": 3.33097457886
    },
    "melbands_spread": {
        "dmean": 4.91134405136,
        "dmean2": 7.62875509262,
        "dvar": 19.6197662354,
        "dvar2": 50.9502677917,
        "max": 55.1481895447,
        "mean": 16.1558170319,
        "median": 15.1614236832,
        "min": 0.689006686211,
        "var": 74.672203064
    },
    "pitch_salience": {
        "dmean": 0.0855192914605,
        "dmean2": 0.131078213453,
        "dvar": 0.00646403618157,
        "dvar2": 0.0151756294072,
        "max": 0.764372050762,
        "mean": 0.404403418303,
        "median": 0.406842947006,
        "min": 0.0793696790934,
        "var": 0.0172810908407
    },
    "silence_rate_20dB": {
        "dmean": 0,
        "dmean2": 0,
        "dvar": 0,
        "dvar2": 0,
        "max": 1,
        "mean": 1,
        "median": 1,
        "min": 1,
        "var": 0
    },
    "silence_rate_30dB": {
        "dmean": 0.0851393193007,
        "dmean2": 0.170410528779,
        "dvar": 0.0778899714351,
        "dvar2": 0.147566258907,
        "max": 1,
        "mean": 0.834493398666,
        "median": 1,
        "min": 0,
        "var": 0.138112857938
    },
    "silence_rate_60dB": {
        "dmean": 0,
        "dmean2": 0,
        "dvar": 0,
        "dvar2": 0,
        "max": 0,
        "mean": 0,
        "median": 0,
        "min": 0,
        "var": 0
    },
    "spectral_centroid": {
        "dmean": 200.98236084,
        "dmean2": 317.969604492,
        "dvar": 32678.9628906,
        "dvar2": 78927.2265625,
        "max": 3314.64550781,
        "mean": 1318.49572754,
        "median": 1299.19348145,
        "min": 570.491882324,
        "var": 123642.84375
    },
    "spectral_complexity": {
        "dmean": 4.17337465286,
        "dmean2": 6.38342380524,
        "dvar": 14.920425415,
        "dvar2": 31.3472690582,
        "max": 53,
        "mean": 25.7146167755,
        "median": 26,
        "min": 7,
        "var": 76.4129714966
    },
    "spectral_decrease": {
        "dmean": 6.08824324289e-09,
        "dmean2": 8.95338736484e-09,
        "dvar": 6.90855953648e-17,
        "dvar2": 1.57080724821e-16,
        "max": -3.33475580483e-09,
        "mean": -1.78906187642e-08,
        "median": -1.39631213258e-08,
        "min": -7.90754270952e-08,
        "var": 1.55607602177e-16
    },
    "spectral_energy": {
        "dmean": 0.0232280325145,
        "dmean2": 0.0341419875622,
        "dvar": 0.00098645221442,
        "dvar2": 0.00224085501395,
        "max": 0.300072669983,
        "mean": 0.0696666538715,
        "median": 0.054904486984,
        "min": 0.0134594235569,
        "var": 0.00225377595052
    },
    "spectral_energyband_high": {
        "dmean": 0.00020275033603,
        "dmean2": 0.000299344479572,
        "dvar": 1.39640803809e-07,
        "dvar2": 2.85059428506e-07,
        "max": 0.00579877151176,
        "mean": 0.000458073307527,
        "median": 0.0002366843255,
        "min": 1.02355952549e-05,
        "var": 5.27381644133e-07
    },
    "spectral_energyband_low": {
        "dmean": 0.0227395202965,
        "dmean2": 0.0339193232358,
        "dvar": 0.00112941663247,
        "dvar2": 0.002600713633,
        "max": 0.296172767878,
        "mean": 0.0498273558915,
        "median": 0.0345599316061,
        "min": 0.000431980704889,
        "var": 0.00223483960144
    },
    "spectral_energyband_middle_high": {
        "dmean": 0.00224199169315,
        "dmean2": 0.00349241006188,
        "dvar": 6.3773745751e-06,
        "dvar2": 1.51196391016e-05,
        "max": 0.0398464128375,
        "mean": 0.0071839177981,
        "median": 0.00611868686974,
        "min": 0.000672890339047,
        "var": 2.48523010669e-05
    },
    "spectral_energyband_middle_low": {
        "dmean": 0.00527579104528,
        "dmean2": 0.00841334555298,
        "dvar": 6.00223283982e-05,
        "dvar2": 0.000150424835738,
        "max": 0.0835264623165,
        "mean": 0.0132390158251,
        "median": 0.0108895674348,
        "min": 0.00174083956517,
        "var": 9.20904858503e-05
    },
    "spectral_entropy": {
        "dmean": 0.114302404225,
        "dmean2": 0.169437065721,
        "dvar": 0.0142054175958,
        "dvar2": 0.0290883667767,
        "max": 8.26598739624,
        "mean": 7.5172162056,
        "median": 7.55084180832,
        "min": 6.53880500793,
        "var": 0.0912706628442
    },
    "spectral_flux": {
        "dmean": 0.0353343449533,
        "dmean2": 0.0555401705205,
        "dvar": 0.0016031388659,
        "dvar2": 0.00374045735225,
        "max": 0.411088883877,
        "mean": 0.112762346864,
        "median": 0.0925754383206,
        "min": 0.0294807311147,
        "var": 0.003915656358
    },
    "spectral_kurtosis": {
        "dmean": 2.35814380646,
        "dmean2": 4.1819691658,
        "dvar": 4.624522686,
        "dvar2": 13.8161125183,
        "max": 16.8691730499,
        "mean": 4.70954227448,
        "median": 4.2188334465,
        "min": -0.705669164658,
        "var": 7.8071641922
    },
    "spectral_rms": {
        "dmean": 0.00124258303549,
        "dmean2": 0.00180341699161,
        "dvar": 1.88263959444e-06,
        "dvar2": 4.16311286244e-06,
        "max": 0.0171100497246,
        "mean": 0.00788217410445,
        "median": 0.00731883523986,
        "min": 0.0036236923188,
        "var": 5.83876544624e-06
    },
    "spectral_rolloff": {
        "dmean": 275.180999756,
        "dmean2": 461.655059814,
        "dvar": 113413.648438,
        "dvar2": 281697.8125,
        "max": 3488.37890625,
        "mean": 721.48840332,
        "median": 581.396484375,
        "min": 64.599609375,
        "var": 256308.9375
    },
    "spectral_skewness": {
        "dmean": 0.269219636917,
        "dmean2": 0.463544517756,
        "dvar": 0.0523011870682,
        "dvar2": 0.149838685989,
        "max": 2.78080320358,
        "mean": 1.39608752728,
        "median": 1.36960327625,
        "min": -0.0589481517673,
        "var": 0.12628929317
    },
    "spectral_spread": {
        "dmean": 276315.09375,
        "dmean2": 418295.125,
        "dvar": 257378074624,
        "dvar2": 321594785792,
        "max": 19312034,
        "mean": 3114600,
        "median": 2947658,
        "min": 1871228.625,
        "var": 624802201600
    },
    "spectral_strongpeak": {
        "dmean": 0.216995239258,
        "dmean2": 0.34759286046,
        "dvar": 0.157487362623,
        "dvar2": 0.406503170729,
        "max": 4.20132398605,
        "mean": 0.581027567387,
        "median": 0.487915545702,
        "min": 0,
        "var": 0.182946801186
    },
    "zerocrossingrate": {
        "dmean": 0.0060736592859,
        "dmean2": 0.00740931788459,
        "dvar": 2.58853815467e-05,
        "dvar2": 4.00553763029e-05,
        "max": 0.08740234375,
        "mean": 0.0325199849904,
        "median": 0.03125,
        "min": 0.00244140625,
        "var": 0.000206310942303
    },
    "barkbands": {
        "dmean": [0.00136139406823, 0.0217040330172, 0.00259831151925, 0.00165534089319, 0.00173123297282, 0.000756816996727, 0.000870247196872, 0.00215953285806, 0.000814721395727, 0.00051056954544, 0.000576889957301, 0.000559059437364, 0.000536254490726, 0.000385602616007, 0.000372196052922, 0.000525395735167, 0.000253187929047, 0.000323345710058, 0.000195961867576, 8.7386877567e-05, 8.41889777803e-05, 5.30505276402e-05, 3.56666168955e-05, 1.70717230503e-05, 5.73980605623e-06, 6.97311349995e-07, 9.30112609154e-09],
        "dmean2": [0.00172166177072, 0.0330499075353, 0.00447375047952, 0.00286644534208, 0.00291057070717, 0.00125999690499, 0.00136979552917, 0.00346939265728, 0.00135348504409, 0.000814385595731, 0.000945703068282, 0.00093738787109, 0.000908540969249, 0.000648069311865, 0.000609540205915, 0.000871213094797, 0.000430938205682, 0.000514860614203, 0.000327278219629, 0.000142351011164, 0.000138240284286, 8.13108927105e-05, 5.16583204444e-05, 2.41710913542e-05, 8.25350070954e-06, 1.05754952529e-06, 1.18980505448e-08],
        "dvar": [6.05723698754e-06, 0.00111525901593, 3.00651518046e-05, 2.4724038667e-05, 7.86808504927e-06, 1.54965152888e-06, 1.38197697197e-06, 8.91659510671e-06, 1.20271351989e-06, 8.29418468129e-07, 1.15218051633e-06, 6.98997325799e-07, 8.77207298799e-07, 2.73525785133e-07, 2.34671261978e-07, 3.46316909372e-07, 1.36614431767e-07, 1.74673672859e-07, 7.31461398118e-08, 2.01350687234e-08, 2.22059881594e-08, 1.4117938818e-08, 1.09108215796e-08, 1.70149527801e-09, 1.72545755461e-10, 3.76370852886e-12, 4.93898101399e-14],
        "dvar2": [9.14100564842e-06, 0.00260804337449, 8.09652046883e-05, 6.76350755384e-05, 2.1711588488e-05, 4.12739336753e-06, 3.62894684258e-06, 2.07952689379e-05, 3.4313964079e-06, 1.89754234725e-06, 2.73691694019e-06, 1.97245935851e-06, 2.54801489064e-06, 7.61430612783e-07, 5.89374110405e-07, 8.92778473371e-07, 3.60399212695e-07, 3.78153600877e-07, 1.85648019624e-07, 4.92448997136e-08, 5.57380737121e-08, 3.14576418248e-08, 2.2031819924e-08, 3.37781358439e-09, 3.51139201049e-10, 6.93743630251e-12, 4.9342173007e-14],
        "max": [0.0242859981954, 0.27132371068, 0.0628639012575, 0.0531239323318, 0.028804153204, 0.0130638023838, 0.0151003468782, 0.0400490239263, 0.0160648170859, 0.0132428305224, 0.0246820952743, 0.00923845730722, 0.0109151918441, 0.00543383834884, 0.00579797895625, 0.00514124846086, 0.00526827340946, 0.00395400123671, 0.00361276348121, 0.0020249558147, 0.00166662211996, 0.00204725586809, 0.00284064142033, 0.000996491755359, 0.000152121472638, 2.94025649055e-05, 8.00100679044e-06],
        "mean": [0.00270826020278, 0.0424967333674, 0.00365365273319, 0.0016846092185, 0.00250417646021, 0.00114539766219, 0.00148641632404, 0.00473149120808, 0.00156391307246, 0.000833345577121, 0.000946860469412, 0.000876634323504, 0.000904582790099, 0.000675199960824, 0.000619801343419, 0.000882203341462, 0.000427813327406, 0.000648576940876, 0.000339369755238, 0.000159487317433, 0.000135893598781, 0.000116760471428, 7.89152400102e-05, 3.64752595488e-05, 9.26487064135e-06, 8.55313658121e-07, 8.7112299596e-09],
        "median": [0.00143972656224, 0.0286036394536, 0.00145999272354, 0.000602501793765, 0.0013110350119, 0.000567765033338, 0.000973328016698, 0.00317401066422, 0.00102757953573, 0.00029836903559, 0.000564889924135, 0.000547883508261, 0.000412208930356, 0.000478344940348, 0.000419035903178, 0.000634893774986, 0.000289360148599, 0.000469052698463, 0.000246296229307, 0.000103260739706, 7.29007588234e-05, 5.54436301172e-05, 1.59171413543e-05, 1.05670269477e-05, 1.8558720285e-06, 1.57221577979e-07, 1.11440567885e-09],
        "min": [1.51916808022e-07, 0.000163045333466, 1.90085083887e-05, 6.85888699081e-06, 3.39128346241e-05, 1.07629193735e-05, 1.00683191704e-05, 0.000114797760034, 4.88152436446e-05, 3.78404047296e-06, 1.19572341646e-05, 2.01642760658e-05, 9.04392254597e-06, 5.91485650148e-06, 7.17081002222e-06, 3.4055155993e-05, 8.98837242858e-06, 1.79356720764e-05, 1.05648859972e-05, 2.3975781005e-06, 2.17090200749e-06, 2.07684161069e-06, 1.68701319581e-07, 5.94664868458e-08, 7.09837211232e-09, 1.40595790218e-11, 1.46164035736e-11],
        "var": [1.50309733726e-05, 0.00191467872355, 3.27414090862e-05, 1.75069944817e-05, 1.17642621262e-05, 2.3510885967e-06, 2.79967707684e-06, 2.23185434152e-05, 2.54453220805e-06, 1.95291295313e-06, 1.90296987057e-06, 9.70569885794e-07, 1.78648087967e-06, 4.78386766645e-07, 4.39791705276e-07, 5.77271009661e-07, 2.54857042137e-07, 3.5614408489e-07, 9.97447457962e-08, 3.4631728596e-08, 3.4486056677e-08, 4.6646579932e-08, 4.94670473472e-08, 7.05054370442e-09, 3.63981844664e-10, 5.54349968707e-12, 4.94539373103e-14]
    },
    "erbbands": {
        "dmean": [0.914539337158, 4.02366876602, 3.30895137787, 4.57335662842, 5.37965393066, 6.39774513245, 5.81470584869, 6.19376468658, 7.46348571777, 25.3236637115, 43.8502120972, 17.4243183136, 14.1967773438, 19.974357605, 19.3872680664, 16.0351524353, 20.9141597748, 20.7889785767, 14.7496814728, 22.5840930939, 29.3496818542, 15.4629449844, 17.6325283051, 13.7614860535, 5.89332866669, 4.07693910599, 3.55931305885, 3.14991569519, 1.96695423126, 1.47592306137, 1.02672183514, 0.531055927277, 0.210934057832, 0.081849142909, 0.031623326242, 0.0063094147481, 0.00090848247055, 6.49181674817e-05, 1.20358572531e-05, 2.53434664046e-05],
        "dmean2": [1.22768545151, 6.71381282806, 5.47777891159, 7.90297079086, 9.14863681793, 10.6377153397, 9.82747173309, 10.2830343246, 12.1367673874, 39.6950721741, 71.6427154541, 29.5933742523, 23.0849456787, 32.337146759, 31.8004608154, 26.6386795044, 35.1378860474, 35.0408554077, 24.4275722504, 36.7613601685, 47.9143486023, 25.7931747437, 27.9384536743, 22.5405197144, 9.70287132263, 6.64560222626, 5.88517856598, 5.08413791656, 2.99726176262, 2.286850214, 1.47929298878, 0.776650071144, 0.300137221813, 0.118017718196, 0.0470504462719, 0.00927357841283, 0.00143717427272, 0.000106491417682, 1.72619347723e-05, 3.72415815946e-05],
        "dvar": [2.25069451332, 39.1260452271, 43.3770904541, 162.20300293, 148.671981812, 108.31452179, 99.6658172607, 104.453926086, 144.026657104, 943.014404297, 3669.80639648, 615.368347168, 578.719665527, 1295.17211914, 690.450073242, 572.456176758, 1509.3894043, 882.347045898, 368.288513184, 927.821716309, 1130.33166504, 437.974639893, 622.11907959, 316.590209961, 56.7405967712, 42.5623893738, 41.8037796021, 34.1970443726, 17.2600193024, 15.4621086121, 9.07547569275, 2.03359293938, 0.217496246099, 0.0338831730187, 0.00510887103155, 0.000224158487981, 9.13167878025e-06, 1.00768566824e-07, 1.28128307963e-09, 1.13585474359e-09],
        "dvar2": [4.12043094635, 110.514755249, 121.118148804, 447.556121826, 397.981170654, 292.691192627, 264.135406494, 274.01574707, 371.986663818, 2257.5546875, 9008.88769531, 1802.01977539, 1381.18469238, 3202.03515625, 1809.87487793, 1561.04052734, 4295.55566406, 2570.14550781, 890.101074219, 2336.39868164, 2934.95361328, 1150.67810059, 1312.2286377, 780.582397461, 142.724563599, 105.413902283, 106.204460144, 82.9065704346, 39.7735900879, 34.1209411621, 19.6437721252, 4.37950515747, 0.390129864216, 0.0658085495234, 0.0110320709646, 0.000413295638282, 1.87061723409e-05, 1.57397238354e-07, 1.55347068542e-09, 2.57112842128e-09],
        "max": [14.6347465515, 49.3674125671, 98.8383178711, 126.555412292, 125.750267029, 140.938858032, 98.4091949463, 90.7477722168, 241.919692993, 461.52532959, 835.092712402, 276.87210083, 322.761291504, 698.972045898, 447.17288208, 269.21875, 601.827880859, 303.176544189, 256.31829834, 337.969177246, 291.513092041, 276.983062744, 255.026290894, 206.302108765, 112.668968201, 89.4967422485, 85.1697692871, 70.3915252686, 69.5165481567, 82.5026168823, 69.6805801392, 34.0630073547, 10.0210256577, 1.99599862099, 0.82405257225, 0.199586227536, 0.050941221416, 0.00916630402207, 0.00122155342251, 0.000323462561937],
        "mean": [1.7920320034, 7.10264253616, 6.00863218307, 5.05443286896, 6.3312625885, 9.05411052704, 8.65218734741, 9.7690410614, 13.620800972, 53.2076759338, 100.396629333, 34.2925834656, 26.1377830505, 36.3062934875, 37.3207244873, 28.0584640503, 36.5120353699, 40.5731544495, 27.7577552795, 40.1629600525, 49.1822662354, 28.2486801147, 33.6589584351, 26.0964927673, 12.1741819382, 7.48423242569, 5.83489608765, 5.34736967087, 4.30910348892, 3.06696677208, 2.15854501724, 1.1389824152, 0.42526742816, 0.140415892005, 0.0471092946827, 0.00855728890747, 0.00102647556923, 6.99620431988e-05, 3.7195328332e-05, 7.85664960858e-05],
        "median": [1.12483668327, 5.02445888519, 3.38595747948, 2.27299880981, 2.77089118958, 4.44761180878, 4.31811714172, 5.01648187637, 9.9221944809, 42.198890686, 69.0107040405, 22.5745544434, 12.158911705, 19.0070056915, 26.1339607239, 18.1590213776, 18.13347435, 25.0334568024, 21.6584815979, 26.9860496521, 35.5012435913, 20.7606315613, 23.9372215271, 18.1681022644, 9.41067790985, 4.94678449631, 3.39812278748, 2.86146020889, 2.05134177208, 0.971901297569, 0.395074695349, 0.284056812525, 0.11373988539, 0.0314486324787, 0.00870088674128, 0.00173660472501, 0.000188021556824, 1.45594185597e-05, 2.88768351311e-05, 6.30019931123e-05],
        "min": [0.00257523800246, 0.0494575873017, 0.096428155899, 0.0946155488491, 0.125981792808, 0.125659555197, 0.0866056233644, 0.0963674113154, 0.281218826771, 1.50232589245, 4.09121417999, 2.15341377258, 0.404631525278, 0.6754514575, 2.35606789589, 1.42286229134, 0.565948605537, 0.620812237263, 0.486978262663, 0.698798716068, 2.30582070351, 1.42363238335, 1.36883223057, 1.16671454906, 0.37797126174, 0.145910099149, 0.0947146639228, 0.0798459649086, 0.0821481719613, 0.0536678135395, 0.00483533646911, 0.0017291395925, 0.00107636942994, 0.000363835599273, 0.000116426970635, 3.05436187773e-05, 9.05817523744e-06, 1.16266767236e-06, 7.3279334174e-06, 1.57814411068e-05],
        "var": [4.90432691574, 47.8533058167, 56.6092224121, 116.890007019, 130.921554565, 198.882598877, 150.627639771, 168.307434082, 222.223464966, 1984.60791016, 8936.25292969, 1195.60119629, 1352.64343262, 3011.31738281, 1374.07995605, 919.81842041, 2953.27783203, 1829.11621094, 671.955749512, 1757.36462402, 1888.43774414, 828.66809082, 1046.98913574, 665.06072998, 110.118041992, 71.5271377563, 58.1596832275, 61.8602752686, 57.0463294983, 53.9212303162, 39.2975769043, 8.33532905579, 0.861607015133, 0.0781034231186, 0.0104819908738, 0.000398763193516, 1.04931195892e-05, 9.99555496151e-08, 1.63492341887e-09, 2.66980904051e-09]
    },
    "gfcc": {
        "mean": [10.2363805771, 144.977890015, -144.339584351, 51.3329772949, -45.8682250977, 17.6045913696, -17.6451377869, 16.7851161957, 6.10934686661, -2.70522332191, 2.4382147789, -9.03023529053, -1.55221557617],
        "cov": [[1588.27124023, -592.44909668, -74.4360275269, 83.8677368164, -247.470123291, 225.006622314, -220.305938721, -107.808677673, -222.013809204, 107.201652527, -178.752243042, 84.4347305298, 24.4243335724], [-592.44909668, 508.159118652, -39.8551254272, -133.172912598, 197.587615967, -183.774108887, 104.131881714, -18.0273895264, 57.5461235046, -86.1642532349, 55.2362747192, -54.6660346985, 7.36587238312], [-74.4360275269, -39.8551254272, 264.068908691, 59.3232803345, 45.3407478333, 7.79872369766, -31.6858100891, 79.5238952637, 14.7903985977, 1.0109244585, 7.00725030899, 9.03286933899, -27.3654003143], [83.8677368164, -133.172912598, 59.3232803345, 162.618896484, -26.6095294952, 20.3812236786, -44.3336868286, -13.5659694672, 28.3073425293, 7.12365436554, -2.76006436348, -2.58581423759, 13.974606514], [-247.470123291, 197.587615967, 45.3407478333, -26.6095294952, 210.642196655, -65.9462356567, 72.996055603, 27.2624950409, 28.9180374146, -16.4799900055, 21.9462776184, -16.4002532959, -2.611972332], [225.006622314, -183.774108887, 7.79872369766, 20.3812236786, -65.9462356567, 186.759277344, 19.4525966644, -25.3458385468, -34.5404701233, 21.0233745575, -19.2716846466, 11.164601326, 3.16645145416], [-220.305938721, 104.131881714, -31.6858100891, -44.3336868286, 72.996055603, 19.4525966644, 169.930297852, 12.6615543365, 43.9989204407, -6.22202396393, 28.4025821686, -6.21699523926, -14.9722604752], [-107.808677673, -18.0273895264, 79.5238952637, -13.5659694672, 27.2624950409, -25.3458385468, 12.6615543365, 134.811416626, 31.3947124481, 4.03932189941, 23.6906375885, -3.02106356621, -29.1723766327], [-222.013809204, 57.5461235046, 14.7903985977, 28.3073425293, 28.9180374146, -34.5404701233, 43.9989204407, 31.3947124481, 107.713111877, -0.106079667807, 49.8061065674, -4.82145595551, 5.23140478134], [107.201652527, -86.1642532349, 1.0109244585, 7.12365436554, -16.4799900055, 21.0233745575, -6.22202396393, 4.03932189941, -0.106079667807, 74.4211349487, 2.28800964355, 18.7194213867, 5.48636293411], [-178.752243042, 55.2362747192, 7.00725030899, -2.76006436348, 21.9462776184, -19.2716846466, 28.4025821686, 23.6906375885, 49.8061065674, 2.28800964355, 83.2756958008, 15.7446126938, 20.4670200348], [84.4347305298, -54.6660346985, 9.03286933899, -2.58581423759, -16.4002532959, 11.164601326, -6.21699523926, -3.02106356621, -4.82145595551, 18.7194213867, 15.7446126938, 63.7561569214, 21.9703445435], [24.4243335724, 7.36587238312, -27.3654003143, 13.974606514, -2.611972332, 3.16645145416, -14.9722604752, -29.1723766327, 5.23140478134, 5.48636293411, 20.4670200348, 21.9703445435, 73.0668334961]],
        "icov": [[0.00200505321845, 0.00140529312193, 0.000773902749643, 3.00885822071e-05, -0.000410537206335, -0.000602326123044, 0.00123438262381, 0.000365897576557, 0.00147562578786, -0.000770839164034, 0.00226184353232, -0.00152468145825, -0.000340250204317], [0.00140529312193, 0.0251847580075, -0.00530645670369, 0.0189193449914, -0.00962197314948, 0.0165621042252, -0.00578131247312, 0.0156880579889, -0.00451453169808, 0.0139844045043, -0.00750172929838, 0.0162565577775, -0.00811095628887], [0.000773902749643, -0.00530645670369, 0.00838283542544, -0.00713657075539, -0.000667801941745, -0.00611590920016, 0.004595764447, -0.00716776354238, 0.00175820721779, -0.00291601382196, 0.00274783326313, -0.00732877291739, 0.0046289251186], [3.00885822071e-05, 0.0189193449914, -0.00713657075539, 0.0241594556719, -0.00662044901401, 0.0118555482477, -0.00257511739619, 0.0144658535719, -0.00945064611733, 0.0107933105901, -0.00537994364277, 0.0149759268388, -0.00784325134009], [-0.000410537206335, -0.00962197314948, -0.000667801941745, -0.00662044901401, 0.0118176992983, -0.00284073292278, -0.00241649942473, -0.00564296776429, 0.00313948746771, -0.00553069030866, 0.0028851616662, -0.00385663448833, 0.000462706520921], [-0.000602326123044, 0.0165621042252, -0.00611590920016, 0.0118555482477, -0.00284073292278, 0.0205047167838, -0.00955570396036, 0.0116652641445, -0.000527142838109, 0.0085508748889, -0.00661631627008, 0.0131483990699, -0.00702168187127], [0.00123438262381, -0.00578131247312, 0.004595764447, -0.00257511739619, -0.00241649942473, -0.00955570396036, 0.0141695719212, -0.00386946648359, -0.00319208228029, -0.0034903511405, 0.00257284892723, -0.00699761789292, 0.00594430277124], [0.000365897576557, 0.0156880579889, -0.00716776354238, 0.0144658535719, -0.00564296776429, 0.0116652641445, -0.00386946648359, 0.0215918049216, -0.0057198991999, 0.0077726659365, -0.00776618113741, 0.0114302355796, -0.0014701570617], [0.00147562578786, -0.00451453169808, 0.00175820721779, -0.00945064611733, 0.00313948746771, -0.000527142838109, -0.00319208228029, -0.0057198991999, 0.0209650956094, -0.00491136591882, -0.00464246468619, -0.00211374927312, 0.00042885291623], [-0.000770839164034, 0.0139844045043, -0.00291601382196, 0.0107933105901, -0.00553069030866, 0.0085508748889, -0.0034903511405, 0.0077726659365, -0.00491136591882, 0.0242736246437, -0.00580077245831, 0.00636881683022, -0.00424987124279], [0.00226184353232, -0.00750172929838, 0.00274783326313, -0.00537994364277, 0.0028851616662, -0.00661631627008, 0.00257284892723, -0.00776618113741, -0.00464246468619, -0.00580077245831, 0.0264994241297, -0.0123908463866, -0.00305447448045], [-0.00152468145825, 0.0162565577775, -0.00732877291739, 0.0149759268388, -0.00385663448833, 0.0131483990699, -0.00699761789292, 0.0114302355796, -0.00211374927312, 0.00636881683022, -0.0123908463866, 0.0349038951099, -0.0116674378514], [-0.000340250204317, -0.00811095628887, 0.0046289251186, -0.00784325134009, 0.000462706520921, -0.00702168187127, 0.00594430277124, -0.0014701570617, 0.00042885291623, -0.00424987124279, -0.00305447448045, -0.0116674378514, 0.0234554298222]]
    },
    "melbands": {
        "dmean": [0.0068853572011, 0.00266551808454, 0.000767589313909, 0.000415520364186, 0.000211977181607, 0.000141450480442, 0.000126048471429, 0.000346116779838, 0.00031218706863, 0.000108577100036, 7.49385508243e-05, 8.25463430374e-05, 7.28567829356e-05, 7.18989103916e-05, 3.27209963871e-05, 6.01737992838e-05, 3.71454043488e-05, 2.60134311247e-05, 3.04388086079e-05, 3.239914804e-05, 3.49596048181e-05, 1.69622817339e-05, 1.82048461284e-05, 1.34162000904e-05, 1.22710071082e-05, 6.99291649653e-06, 3.13829218612e-06, 2.82955079456e-06, 2.45462206294e-06, 2.12551140066e-06, 1.80512529369e-06, 1.27645853354e-06, 9.8172415619e-07, 8.24124867904e-07, 6.6813737476e-07, 4.50129306273e-07, 3.17752949286e-07, 1.77638113996e-07, 9.43097830941e-08, 6.97457878118e-08],
        "dmean2": [0.0100188646466, 0.00437384238467, 0.00131688115653, 0.000703834579326, 0.0003523628111, 0.000234015038586, 0.000204099414987, 0.000545163056813, 0.000511438061949, 0.000185160257388, 0.000121365133964, 0.000133411260322, 0.000119589312817, 0.00012184100342, 5.44634458493e-05, 0.000102939309727, 6.24325330136e-05, 4.33099266957e-05, 4.99598718307e-05, 5.36299303349e-05, 5.70314987272e-05, 2.87026032311e-05, 2.96528924082e-05, 2.14931587834e-05, 2.00317426788e-05, 1.16626797535e-05, 5.21692936672e-06, 4.6311697588e-06, 4.10820757679e-06, 3.5139778447e-06, 2.93328821499e-06, 2.00610975298e-06, 1.53951827997e-06, 1.3135993413e-06, 1.00665124592e-06, 6.84331212142e-07, 4.82199538965e-07, 2.7112005796e-07, 1.36755886615e-07, 1.06235859221e-07],
        "dvar": [0.000118900934467, 1.82768890227e-05, 4.41130077888e-06, 5.1495084108e-07, 1.14679473029e-07, 5.20391907344e-08, 2.98587181646e-08, 1.76887567704e-07, 1.69471803702e-07, 2.87933357157e-08, 1.6820953519e-08, 2.01287058132e-08, 1.29414434724e-08, 1.25649313176e-08, 5.26177590388e-09, 1.09997797537e-08, 2.69038391565e-09, 1.17154930201e-09, 1.5350712923e-09, 1.70691705215e-09, 1.69324820831e-09, 5.90415438761e-10, 7.02955527121e-10, 2.69161831712e-10, 2.64716554232e-10, 9.21508980234e-11, 2.9094017126e-11, 2.14167017454e-11, 2.1720847343e-11, 1.48382053172e-11, 1.18135796284e-11, 7.15733288609e-12, 6.22877877748e-12, 5.03514330924e-12, 4.06446621151e-12, 1.77392605813e-12, 7.50337346509e-13, 1.59314930497e-13, 5.04688725165e-14, 2.55336523409e-14],
        "dvar2": [0.000252010329859, 5.3278166888e-05, 1.19108281069e-05, 1.40501538226e-06, 2.99205225929e-07, 1.37695209901e-07, 7.95606069914e-08, 4.06688457133e-07, 4.13816309219e-07, 8.51264587709e-08, 3.95719830237e-08, 4.93586718164e-08, 3.11203152137e-08, 3.52379068147e-08, 1.35882158858e-08, 3.20219974981e-08, 7.70978214604e-09, 2.94662161338e-09, 3.84735754366e-09, 4.41223635406e-09, 4.4360151108e-09, 1.51705725759e-09, 1.54867763058e-09, 6.28409324577e-10, 6.55468901378e-10, 2.2788403109e-10, 7.40157310442e-11, 5.44157739701e-11, 5.68647837151e-11, 3.79466770506e-11, 2.79493494321e-11, 1.79196588124e-11, 1.47388767857e-11, 1.09405887128e-11, 9.12940729958e-12, 4.2718788576e-12, 1.75333142102e-12, 3.1923433081e-13, 1.00672257802e-13, 5.47844443964e-14],
        "max": [0.0970802456141, 0.0548209138215, 0.0213844701648, 0.00783544126898, 0.00416502123699, 0.00210465071723, 0.00311525608413, 0.00534835923463, 0.00569921173155, 0.00220868014731, 0.00180065224413, 0.00257824501023, 0.00242275441997, 0.00127567141317, 0.00152713735588, 0.00121818797197, 0.000607269117609, 0.00037088393583, 0.000525057257619, 0.000462706520921, 0.000373708317056, 0.000374565104721, 0.000240671011852, 0.000230195350014, 0.000179654889507, 0.000134230154799, 0.00012061457528, 4.81927636429e-05, 6.25710381428e-05, 4.16804796259e-05, 4.35674119217e-05, 4.35565125372e-05, 4.95070344186e-05, 5.35807666893e-05, 3.98573829443e-05, 2.58763211605e-05, 2.01378879865e-05, 8.08978893474e-06, 3.56939972335e-06, 1.81615644124e-06],
        "mean": [0.0134669933468, 0.00527024967596, 0.000899675709661, 0.000562985078432, 0.000328029302182, 0.000222638889682, 0.000226633390412, 0.000754498760216, 0.000735527195502, 0.00019360287115, 0.0001293788373, 0.000146470061736, 0.000133699024445, 0.000108703832666, 5.3754192777e-05, 0.00010077033221, 6.94984919392e-05, 4.33619024989e-05, 5.00429159729e-05, 5.57120947633e-05, 5.48244424863e-05, 2.75030688499e-05, 2.94767814921e-05, 2.77262988675e-05, 2.0988543838e-05, 1.19830447147e-05, 5.90606532569e-06, 4.66243182018e-06, 3.78351637664e-06, 3.13378495775e-06, 3.07458185489e-06, 2.51952019426e-06, 2.06425761462e-06, 1.55136262947e-06, 1.3025755834e-06, 9.38132131978e-07, 6.00640248649e-07, 3.27317764004e-07, 1.61263542964e-07, 1.02926577483e-07],
        "median": [0.00883993320167, 0.00385461933911, 0.000404181861086, 0.000280694424873, 0.000165269564604, 0.000116437753604, 0.000165748453583, 0.000588051218074, 0.000514427723829, 0.000116607858217, 5.4336633184e-05, 7.20442913007e-05, 8.75560654094e-05, 6.54813920846e-05, 2.47451207542e-05, 4.67259669676e-05, 4.2733259761e-05, 3.08265261992e-05, 3.47120221704e-05, 3.83850820072e-05, 3.86349420296e-05, 1.69897866726e-05, 2.0010596927e-05, 2.03283707378e-05, 1.33707717396e-05, 8.6520694822e-06, 3.96652012569e-06, 2.92984191219e-06, 2.16486455429e-06, 1.61198647675e-06, 1.60370291269e-06, 1.21816981391e-06, 7.86352586601e-07, 3.98566783133e-07, 2.22046281806e-07, 1.74044146206e-07, 1.69705757003e-07, 8.63468301304e-08, 3.33471845693e-08, 2.23058478355e-08],
        "min": [3.49023612216e-05, 6.99774027453e-05, 1.34469946715e-05, 8.13541009848e-06, 1.73096213985e-06, 1.90265677702e-06, 1.54932843088e-06, 1.36474363899e-05, 3.59536643373e-05, 5.71200462218e-06, 4.64250803134e-07, 2.06542745218e-06, 6.20291484665e-06, 3.4619190501e-06, 6.88857312525e-07, 9.21661467146e-07, 6.47382648822e-07, 3.07704738134e-07, 5.03615353864e-07, 9.95266645987e-07, 2.41650695898e-06, 4.1315092858e-07, 7.57382224492e-07, 7.6644408864e-07, 7.82969209467e-07, 3.53457352276e-07, 1.07627357693e-07, 5.64348212606e-08, 4.75205332862e-08, 2.50797391743e-08, 2.88757213696e-08, 4.47205543708e-08, 1.63901194838e-08, 1.72737237847e-08, 7.91573473435e-10, 5.1032272852e-10, 6.33815389062e-10, 4.62381050115e-10, 2.45517106645e-10, 3.16275716554e-12],
