{
"highlevel": {
    "danceability": {
        "all": {
            "danceable": 3.75929946894e-11,
            "not_danceable": 1
        },
        "probability": 1,
        "value": "not_danceable"
    },
    "gender": {
        "all": {
            "female": 0.487361192703,
            "male": 0.512638807297
        },
        "probability": 0.512638807297,
        "value": "male"
    },
    "genre_dortmund": {
        "all": {
            "alternative": 0.157565265894,
            "blues": 0.010625985451,
            "electronic": 0.0142740374431,
            "folkcountry": 0.0529771782458,
            "funksoulrnb": 0.00333921425045,
            "jazz": 0.00155177700799,
            "pop": 0.0179773364216,
            "raphiphop": 0.0011172357481,
            "rock": 0.740571975708
        },
        "probability": 0.740571975708,
        "value": "rock"
    },
    "genre_electronic": {
        "all": {
            "ambient": 0.396980702877,
            "dnb": 0.185093134642,
            "house": 0.0369856655598,
            "techno": 0.029436558485,
            "trance": 0.351503938437
        },
        "probability": 0.396980702877,
        "value": "ambient"
    },
    "genre_rosamerica": {
        "all": {
            "cla": 0.000820141460281,
            "dan": 0.000119299460493,
            "hip": 6.7823624704e-05,
            "jaz": 4.33199147665e-06,
            "pop": 0.000128782805405,
            "rhy": 9.81015546131e-05,
            "roc": 0.998751997948,
            "spe": 9.51922356762e-06
        },
        "probability": 0.998751997948,
        "value": "roc"
    },
    "genre_tzanetakis": {
        "all": {
            "blu": 0.0626541376114,
            "cla": 0.0348133966327,
            "cou": 0.0783501937985,
            "dis": 0.104547761381,
            "hip": 0.15693578124,
            "jaz": 0.313987255096,
            "met": 0.044816005975,
            "pop": 0.0627349764109,
            "reg": 0.0627352520823,
            "roc": 0.0784252434969
        },
        "probability": 0.313987255096,
        "value": "jaz"
    },
    "ismir04_rhythm": {
        "all": {
            "ChaChaCha": 0.00984260812402,
            "Jive": 0.757872581482,
            "Quickstep": 0.004459858872,
            "Rumba-American": 0.00378704699688,
            "Rumba-International": 0.00268241693266,
            "Rumba-Misc": 0.000438568007667,
            "Samba": 0.0249493643641,
            "Tango": 0.00867081154138,
            "VienneseWaltz": 0.184543937445,
            "Waltz": 0.00275282911025
        },
        "probability": 0.757872581482,
        "value": "Jive"
    },
    "mood_acoustic": {
        "all": {
            "acoustic": 2.81505936073e-06,
            "not_acoustic": 0.999997198582
        },
        "probability": 0.999997198582,
        "value": "not_acoustic"
    },
    "mood_aggressive": {
        "all": {
            "aggressive": 0.999915957451,
            "not_aggressive": 8.40515422169e-05
        },
        "probability": 0.999915957451,
        "value": "aggressive"
    },
    "mood_electronic": {
        "all": {
            "electronic": 0.219786480069,
            "not_electronic": 0.780213534832
        },
        "probability": 0.780213534832,
        "value": "not_electronic"
    },
    "mood_happy": {
        "all": {
            "happy": 0.65059864521,
            "not_happy": 0.349401324987
        },
        "probability": 0.65059864521,
        "value": "happy"
    },
    "mood_party": {
        "all": {
            "not_party": 0.559962570667,
            "party": 0.440037459135
        },
        "probability": 0.559962570667,
        "value": "not_party"
    },
    "mood_relaxed": {
        "all": {
            "not_relaxed": 0.976964235306,
            "relaxed": 0.0230357423425
        },
        "probability": 0.976964235306,
        "value": "not_relaxed"
    },
    "mood_sad": {
        "all": {
            "not_sad": 0.955924928188,
            "sad": 0.0440750867128
        },
        "probability": 0.955924928188,
        "value": "not_sad"
    },
    "moods_mirex": {
        "all": {
            "Cluster1": 0.349247515202,
            "Cluster2": 0.0109005700797,
            "Cluster3": 0.0202235095203,
            "Cluster4": 0.00471410201862,
            "Cluster5": 0.614914298058
        },
        "probability": 0.614914298058,
        "value": "Cluster5"
    },
    "timbre": {
        "all": {
            "bright": 0.797616779804,
            "dark": 0.202383249998
        },
        "probability": 0.797616779804,
        "value": "bright"
    },
    "tonal_atonal": {
        "all": {
            "atonal": 0.00458818068728,
            "tonal": 0.995411813259
        },
        "probability": 0.995411813259,
        "value": "tonal"
    },
    "voice_instrumental": {
        "all": {
            "instrumental": 0.00536354770884,
            "voice": 0.99463647604
        },
        "probability": 0.99463647604,
        "value": "voice"
    }
},
"lowlevel": {
    "average_loudness": 0.981467545033,
    "barkbands_crest": {
        "dmean": 2.2131626606,
        "dmean2": 3.84418034554,
        "dvar": 5.28447818756,
        "dvar2": 14.2115030289,
        "max": 18.4526996613,
        "mean": 5.886095047,
        "median": 5.11788082123,
        "min": 2.08117580414,
        "var": 6.89226865768
    },
    "barkbands_flatness_db": {
        "dmean": 0.0158315710723,
        "dmean2": 0.0273853428662,
        "dvar": 0.000224070172408,
        "dvar2": 0.000658208155073,
        "max": 0.161338791251,
        "mean": 0.0900609642267,
        "median": 0.0880768373609,
        "min": 0.0460945405066,
        "var": 0.000340922415489
    },
    "barkbands_kurtosis": {
        "dmean": 1.03560161591,
        "dmean2": 1.86245846748,
        "dvar": 2.67596483231,
        "dvar2": 7.41879177094,
        "max": 11.5628995895,
        "mean": -0.426194041967,
        "median": -0.941787719727,
        "min": -1.66460645199,
        "var": 2.142390728
    },
    "barkbands_skewness": {
        "dmean": 0.498014271259,
        "dmean2": 0.836211621761,
        "dvar": 0.284448087215,
        "dvar2": 0.777752161026,
        "max": 3.39095377922,
        "mean": 0.628575801849,
        "median": 0.519417226315,
        "min": -0.957370579243,
        "var": 0.395214706659
    },
    "barkbands_spread": {
        "dmean": 5.4655380249,
        "dmean2": 9.15839385986,
        "dvar": 28.82878685,
        "dvar2": 77.5593109131,
        "max": 74.7712249756,
        "mean": 34.8392906189,
        "median": 35.2776489258,
        "min": 12.5654506683,
        "var": 55.5269355774
    },
    "dissonance": {
        "dmean": 0.00887971837074,
        "dmean2": 0.0148625290021,
        "dvar": 5.06387659698e-05,
        "dvar2": 0.00013942316582,
        "max": 0.499974131584,
        "mean": 0.483037620783,
        "median": 0.484500527382,
        "min": 0.434995502234,
        "var": 9.86657032627e-05
    },
    "dynamic_complexity": 0.986305832863,
    "erbbands_crest": {
        "dmean": 1.5975972414,
        "dmean2": 2.65884923935,
        "dvar": 2.08978867531,
        "dvar2": 5.64310932159,
        "max": 15.0094985962,
        "mean": 5.96964931488,
        "median": 5.68511295319,
        "min": 2.84849739075,
        "var": 2.98881602287
    },
    "erbbands_flatness_db": {
        "dmean": 0.0129415020347,
        "dmean2": 0.0194955226034,
        "dvar": 0.000125183287309,
        "dvar2": 0.000269970885711,
        "max": 0.200529292226,
        "mean": 0.141005501151,
        "median": 0.141271844506,
        "min": 0.0877869054675,
        "var": 0.000320921535604
    },
    "erbbands_kurtosis": {
        "dmean": 0.487268030643,
        "dmean2": 0.777476251125,
        "dvar": 0.191605597734,
        "dvar2": 0.510009884834,
        "max": 3.33980846405,
        "mean": -0.166959434748,
        "median": -0.256627559662,
        "min": -1.50672101974,
        "var": 0.49071764946
    },
    "erbbands_skewness": {
        "dmean": 0.239782705903,
        "dmean2": 0.381404876709,
        "dvar": 0.0369476005435,
        "dvar2": 0.095757946372,
        "max": 0.9259801507,
        "mean": -0.431635707617,
        "median": -0.442624777555,
        "min": -1.41684746742,
        "var": 0.0987706631422
    },
    "erbbands_spread": {
        "dmean": 7.19723558426,
        "dmean2": 11.7941541672,
        "dvar": 57.3549308777,
        "dvar2": 148.96925354,
        "max": 81.8338699341,
        "mean": 37.1244125366,
        "median": 35.5473747253,
        "min": 16.6788196564,
        "var": 96.2523803711
    },
    "hfc": {
        "dmean": 6.20762634277,
        "dmean2": 9.52304553986,
        "dvar": 43.433139801,
        "dvar2": 83.5929107666,
        "max": 150.409332275,
        "mean": 36.5407409668,
        "median": 33.7575149536,
        "min": 16.3485908508,
        "var": 189.4347229
    },
    "melbands_crest": {
        "dmean": 4.08112049103,
        "dmean2": 6.93420648575,
        "dvar": 16.1554393768,
        "dvar2": 44.3867874146,
        "max": 27.1044178009,
        "mean": 10.9701509476,
        "median": 9.8090133667,
        "min": 3.44107985497,
        "var": 20.2238750458
    },
    "melbands_flatness_db": {
        "dmean": 0.0251835864037,
        "dmean2": 0.0429477207363,
        "dvar": 0.000730475294404,
        "dvar2": 0.00200496218167,
        "max": 0.252038091421,
        "mean": 0.121902145445,
        "median": 0.116247169673,
        "min": 0.0201471112669,
        "var": 0.00109216710553
    },
    "melbands_kurtosis": {
        "dmean": 3.97029995918,
        "dmean2": 7.08708143234,
        "dvar": 37.0345993042,
        "dvar2": 102.110176086,
        "max": 47.5855789185,
        "mean": 3.77188277245,
        "median": 2.01488161087,
        "min": -1.33524739742,
        "var": 30.0494194031
    },
    "melbands_skewness": {
        "dmean": 0.701367914677,
        "dmean2": 1.20085418224,
        "dvar": 0.69125688076,
        "dvar2": 1.8790358305,
        "max": 6.29542303085,
        "mean": 1.81113052368,
        "median": 1.60605502129,
        "min": 0.234313070774,
        "var": 0.768086135387
    },
    "melbands_spread": {
        "dmean": 11.9316062927,
        "dmean2": 19.4041538239,
        "dvar": 128.273849487,
        "dvar2": 333.091766357,
        "max": 147.574172974,
        "mean": 43.6743659973,
        "median": 43.4231834412,
        "min": 7.09554100037,
        "var": 306.485534668
    },
    "pitch_salience": {
        "dmean": 0.0717094689608,
        "dmean2": 0.126302599907,
        "dvar": 0.00475160544738,
        "dvar2": 0.0144729809836,
        "max": 0.802447021008,
        "mean": 0.607888460159,
        "median": 0.615023672581,
        "min": 0.282166689634,
        "var": 0.00600169459358
    },
    "silence_rate_20dB": {
        "dmean": 0,
        "dmean2": 0,
        "dvar": 0,
        "dvar2": 0,
        "max": 1,
        "mean": 1,
        "median": 1,
        "min": 1,
        "var": 0
    },
    "silence_rate_30dB": {
        "dmean": 0,
        "dmean2": 0,
        "dvar": 0,
        "dvar2": 0,
        "max": 1,
        "mean": 1,
        "median": 1,
        "min": 1,
        "var": 0
    },
    "silence_rate_60dB": {
        "dmean": 0,
        "dmean2": 0,
        "dvar": 0,
        "dvar2": 0,
        "max": 0,
        "mean": 0,
        "median": 0,
        "min": 0,
        "var": 0
    },
    "spectral_centroid": {
        "dmean": 278.478149414,
        "dmean2": 453.418182373,
        "dvar": 68055.8046875,
        "dvar2": 182078.109375,
        "max": 3399.02587891,
        "mean": 2033.75036621,
        "median": 2066.20947266,
        "min": 853.972717285,
        "var": 156622.03125
    },
    "spectral_complexity": {
        "dmean": 3.89860677719,
        "dmean2": 6.32997655869,
        "dvar": 9.86667537689,
        "dvar2": 24.4054050446,
        "max": 57,
        "mean": 37.5204963684,
        "median": 38,
        "min": 19,
        "var": 31.38347435
    },
    "spectral_decrease": {
        "dmean": 2.5715576335e-09,
        "dmean2": 4.4266559307e-09,
        "dvar": 1.18186705654e-17,
        "dvar2": 3.21003980313e-17,
        "max": -2.81830736526e-09,
        "mean": -7.54030260453e-09,
        "median": -6.41945252511e-09,
        "min": -2.54202152661e-08,
        "var": 1.15580780667e-17
    },
    "spectral_energy": {
        "dmean": 0.00990127958357,
        "dmean2": 0.0169469732791,
        "dvar": 0.000168537517311,
        "dvar2": 0.00045661535114,
        "max": 0.10025575012,
        "mean": 0.0317731685936,
        "median": 0.027529515326,
        "min": 0.0121198119596,
        "var": 0.000169332342921
    },
    "spectral_energyband_high": {
        "dmean": 0.000435385503806,
        "dmean2": 0.000642847968265,
        "dvar": 5.32179967649e-07,
        "dvar2": 8.57065572291e-07,
        "max": 0.0151652516797,
        "mean": 0.00147796899546,
        "median": 0.0010903107468,
        "min": 0.000382020254619,
        "var": 2.40579743149e-06
    },
    "spectral_energyband_low": {
        "dmean": 0.00632221018896,
        "dmean2": 0.0114035466686,
        "dvar": 0.000105901206553,
        "dvar2": 0.000291879754514,
        "max": 0.0681212469935,
        "mean": 0.00789951626211,
        "median": 0.0053228251636,
        "min": 0.000472349987831,
        "var": 7.601697871e-05
    },
    "spectral_energyband_middle_high": {
        "dmean": 0.00199177511968,
        "dmean2": 0.00330760516226,
        "dvar": 2.5354988793e-06,
        "dvar2": 6.72099213261e-06,
        "max": 0.019112765789,
        "mean": 0.0103217661381,
        "median": 0.0101548954844,
        "min": 0.00418731989339,
        "var": 5.38825042895e-06
    },
    "spectral_energyband_middle_low": {
        "dmean": 0.00641521066427,
        "dmean2": 0.0108159547672,
        "dvar": 0.000119354837807,
        "dvar2": 0.00032690379885,
        "max": 0.0808649137616,
        "mean": 0.014141459018,
        "median": 0.0108556859195,
        "min": 0.00130216847174,
        "var": 0.000123384306789
    },
    "spectral_entropy": {
        "dmean": 0.0769816562533,
        "dmean2": 0.119969584048,
        "dvar": 0.00468141632155,
        "dvar2": 0.0102956658229,
        "max": 8.48857402802,
        "mean": 7.84677124023,
        "median": 7.83230733871,
        "min": 7.41966438293,
        "var": 0.0201514847577
    },
    "spectral_flux": {
        "dmean": 0.0251730214804,
        "dmean2": 0.0393907725811,
        "dvar": 0.000869202427566,
        "dvar2": 0.00157504191156,
        "max": 0.239154711366,
        "mean": 0.104746416211,
        "median": 0.0910745486617,
        "min": 0.0450451038778,
        "var": 0.00138673267793
    },
    "spectral_kurtosis": {
        "dmean": 0.994699835777,
        "dmean2": 1.69812834263,
        "dvar": 0.789133310318,
        "dvar2": 2.29714941978,
        "max": 13.5671787262,
        "mean": 3.67489767075,
        "median": 3.48110818863,
        "min": 0.440313100815,
        "var": 1.72584986687
    },
    "spectral_rms": {
        "dmean": 0.000793337938376,
        "dmean2": 0.00133161991835,
        "dvar": 8.66044558734e-07,
        "dvar2": 2.31660328609e-06,
        "max": 0.00988991837949,
        "mean": 0.00547496322542,
        "median": 0.00518247671425,
        "min": 0.0034386345651,
        "var": 1.02305227756e-06
    },
    "spectral_rolloff": {
        "dmean": 596.897155762,
        "dmean2": 1018.24932861,
        "dvar": 571866.375,
        "dvar2": 1384586.25,
        "max": 9517.67578125,
        "mean": 2566.49047852,
        "median": 2605.51757812,
        "min": 172.265625,
        "var": 1236192.5
    },
    "spectral_skewness": {
        "dmean": 0.146539017558,
        "dmean2": 0.246889665723,
        "dvar": 0.0157817285508,
        "dvar2": 0.0446631275117,
        "max": 2.82235813141,
        "mean": 1.26637685299,
        "median": 1.2386380434,
        "min": 0.759455382824,
        "var": 0.0373485870659
    },
    "spectral_spread": {
        "dmean": 368112.875,
        "dmean2": 570385.3125,
        "dvar": 147661832192,
        "dvar2": 292965122048,
        "max": 7747556,
        "mean": 3925239.5,
        "median": 3793943,
        "min": 2594122.25,
        "var": 541417865216
    },
    "spectral_strongpeak": {
        "dmean": 0.526418805122,
        "dmean2": 0.948243796825,
        "dvar": 0.774468123913,
        "dvar2": 2.1515610218,
        "max": 7.49869203568,
        "mean": 0.643954455853,
        "median": 0.38593763113,
        "min": 0.0465759299695,
        "var": 0.621529221535
    },
    "zerocrossingrate": {
        "dmean": 0.00968588236719,
        "dmean2": 0.0126268547028,
        "dvar": 9.46732761804e-05,
        "dvar2": 0.000116467905173,
        "max": 0.2421875,
        "mean": 0.085280418396,
        "median": 0.08203125,
        "min": 0.03564453125,
        "var": 0.000620362348855
    },
    "barkbands": {
        "dmean": [7.95394662418e-05, 0.00266410503536, 0.00288935098797, 0.00354524515569, 0.00263565825298, 0.00133938062936, 0.000792409991845, 0.000507391348947, 0.000695544178598, 0.000602750049438, 0.000423536170274, 0.000310786766931, 0.000430579559179, 0.000382355792681, 0.000614979653619, 0.000527686730493, 0.000936271680985, 0.000330074864905, 0.000325495697325, 0.000326055131154, 0.000137538227136, 0.00011227333016, 8.91259987839e-05, 9.19407830224e-05, 5.59688123758e-05, 4.71990351798e-05, 3.23010773684e-08],
        "dmean2": [0.000139671348734, 0.00487011065707, 0.00519050844014, 0.00635510962456, 0.00455137062818, 0.00208439258859, 0.00131463049911, 0.000836627441458, 0.0011282338528, 0.000984087004326, 0.000663583807182, 0.000512613449246, 0.000704459380358, 0.000657025084365, 0.00103377201594, 0.000895011238754, 0.00157590967137, 0.000558994943276, 0.000541690445971, 0.000559767649975, 0.000218237648369, 0.000181055555004, 0.000138004761538, 0.000138410789077, 8.06480093161e-05, 7.91361089796e-05, 5.64560878047e-08],
        "dvar": [1.3037716684e-08, 2.99341500067e-05, 2.42825026362e-05, 4.47480015282e-05, 2.59554963122e-05, 3.31513251695e-06, 2.09734707823e-06, 1.78463426437e-06, 6.45133866328e-07, 3.1030970149e-07, 3.11253046448e-07, 1.52713880652e-07, 3.22443185041e-07, 1.49664359128e-07, 3.17954459206e-07, 2.53792961757e-07, 7.62297815982e-07, 9.24836811578e-08, 1.09844073393e-07, 1.30505668494e-07, 2.29823218234e-08, 1.83535622256e-08, 3.33769563099e-08, 7.31233598117e-08, 2.61071946284e-08, 8.1719591094e-09, 9.72179270002e-15],
        "dvar2": [3.74267656866e-08, 8.33799276734e-05, 6.74507027725e-05, 0.000125154823763, 7.02624238329e-05, 8.17983709567e-06, 5.15484407515e-06, 3.75985200662e-06, 1.62454455221e-06, 8.22819970381e-07, 6.75759054047e-07, 3.55307804512e-07, 7.63994421504e-07, 4.24907170782e-07, 8.63658215167e-07, 6.65950608436e-07, 2.16994340008e-06, 2.57092949596e-07, 2.97455756026e-07, 3.45847098515e-07, 5.52337553472e-08, 4.19475725266e-08, 7.71353825257e-08, 1.11730507513e-07, 4.83264024354e-08, 2.22467360089e-08, 2.00229525478e-14],
        "max": [0.00112435908522, 0.0396961458027, 0.0402593351901, 0.0541733428836, 0.0411231406033, 0.0342521183193, 0.0237575639039, 0.0211791321635, 0.0125254541636, 0.00583087559789, 0.00618157302961, 0.00515752797946, 0.00703130476177, 0.00351809663698, 0.00609652465209, 0.00513225002214, 0.00837803911418, 0.00342841283418, 0.00529739214107, 0.00475983181968, 0.00257047405466, 0.00207008072175, 0.00380416796543, 0.00618087500334, 0.00458698812872, 0.000783377850894, 1.74403851361e-06],
        "mean": [8.62400920596e-05, 0.00270895892754, 0.00332360668108, 0.0039644301869, 0.00327055738308, 0.00286473962478, 0.00137570826337, 0.000741823518183, 0.00131643563509, 0.0012504896149, 0.0006830743514, 0.000586452195421, 0.000705616199411, 0.000697527779266, 0.00124938716181, 0.00113501062151, 0.00214955210686, 0.000787475379184, 0.000804299430456, 0.000783398922067, 0.000376064213924, 0.000306321511744, 0.000215123654925, 0.000229304088862, 0.000110302644316, 5.13014128956e-05, 2.35733779164e-08],
        "median": [4.22325392719e-05, 0.00139924383257, 0.00219333055429, 0.00226110662334, 0.00160700967535, 0.00220255204476, 0.000831967568956, 0.000389241497032, 0.00106572499499, 0.00109047163278, 0.000379514327506, 0.000424276950071, 0.000485437951284, 0.000601679435931, 0.00110015843529, 0.000966129009612, 0.00196978240274, 0.000717349932529, 0.000729100487661, 0.000660573306959, 0.000321476836689, 0.000237609769101, 0.000148694700329, 0.000119229021948, 4.03369231208e-05, 1.99474761757e-05, 2.94036439641e-09],
        "min": [2.17414310555e-07, 2.68826534011e-05, 4.56322095488e-06, 2.24448303925e-05, 7.89747282397e-05, 9.37573786359e-05, 2.15389318328e-05, 2.31300728046e-05, 5.19116583746e-05, 6.70585941407e-05, 9.5795312518e-06, 2.26888187171e-05, 5.22607697349e-05, 8.5916784883e-05, 0.000220343237743, 0.000139270006912, 0.000362159946235, 9.23550396692e-05, 0.000118100804684, 0.000106426690763, 3.53202558472e-05, 5.57609309908e-05, 3.62484502148e-06, 2.00085287361e-05, 1.56197961587e-06, 5.4981529729e-07, 6.20637872692e-12],
        "var": [1.30893775818e-08, 2.03425388463e-05, 1.77119236469e-05, 3.50571644958e-05, 2.58024792856e-05, 6.69579276291e-06, 3.51200196747e-06, 2.40121880779e-06, 1.29844215735e-06, 6.07999425029e-07, 6.57499413137e-07, 3.20240530982e-07, 5.16397165029e-07, 1.91388707549e-07, 5.16168768172e-07, 4.69700296435e-07, 1.11125336844e-06, 1.96291509269e-07, 1.97880368091e-07, 2.47282287091e-07, 6.0358097187e-08, 5.23114849216e-08, 9.42072375665e-08, 2.92425880843e-07, 1.00465321395e-07, 7.40848493663e-09, 8.16035437736e-15]
    },
    "erbbands": {
        "dmean": [0.0451688542962, 0.731507301331, 3.05342078209, 7.43719482422, 12.4905433655, 7.271900177, 6.19060182571, 12.3852787018, 11.4288187027, 13.7686786652, 9.70153617859, 17.518989563, 18.9447002411, 14.2048921585, 13.6442651749, 13.2877855301, 20.3927936554, 13.0536184311, 30.0144195557, 27.6007671356, 33.7617683411, 45.4134674072, 20.1685390472, 16.2950458527, 17.7912769318, 16.9136657715, 6.89863538742, 4.23660039902, 4.32451152802, 3.04370975494, 2.42833423615, 2.69668650627, 1.32651138306, 0.8018014431, 0.32559081912, 0.22956545651, 0.0840753540397, 0.00217843544669, 6.51313239359e-05, 1.35811123982e-05],
        "dmean2": [0.0801958963275, 1.34373426437, 5.54264593124, 13.2876710892, 22.3104019165, 12.5490226746, 10.1635332108, 19.3810157776, 19.1747512817, 21.5771923065, 15.4740915298, 28.1073513031, 31.2908115387, 23.3104476929, 21.9944438934, 21.7219562531, 33.5885314941, 22.1914157867, 50.5616722107, 47.3711891174, 56.9034004211, 76.3059539795, 34.2817840576, 27.776802063, 29.8994693756, 28.902967453, 11.1626310349, 6.71130943298, 7.07887554169, 4.87681484222, 3.69401073456, 4.12935781479, 1.97553265095, 1.15295910835, 0.502429068089, 0.383144855499, 0.14171269536, 0.00372105138376, 0.000106604165921, 2.20492183871e-05],
        "dvar": [0.00638957088813, 2.35302710533, 32.1805839539, 153.254257202, 673.877563477, 186.837387085, 79.1509017944, 313.484466553, 361.931488037, 836.940307617, 400.340362549, 415.249694824, 475.239257812, 176.106994629, 244.275588989, 338.398345947, 744.931884766, 194.279052734, 910.256103516, 832.184143066, 934.396118164, 1819.47363281, 293.905883789, 232.758712769, 330.021789551, 347.396850586, 56.3111343384, 25.3029022217, 25.4567108154, 25.6548557281, 28.9632530212, 38.2172851562, 21.4472465515, 5.69582223892, 0.67527371645, 0.19979184866, 0.0257207620889, 1.93098294403e-05, 1.36521007832e-08, 2.70929306767e-10],
        "dvar2": [0.0177208185196, 6.58694791794, 89.7763214111, 428.210449219, 1889.24377441, 496.702209473, 210.008392334, 762.611999512, 878.82244873, 1841.42907715, 925.712219238, 1117.40893555, 1229.08239746, 448.99206543, 564.12322998, 749.234741211, 1782.0032959, 558.452453613, 2458.27368164, 2326.04248047, 2496.75244141, 5072.90087891, 812.84777832, 638.60748291, 844.163330078, 936.205078125, 134.252944946, 58.3544425964, 62.0512390137, 58.1364555359, 66.1406478882, 74.6146850586, 37.3015518188, 9.27724170685, 1.40652322769, 0.520845115185, 0.0701818242669, 5.24523529748e-05, 3.60051544135e-08, 6.58446186463e-10],
        "max": [0.7096799016, 10.7309865952, 43.8852386475, 99.2537918091, 185.017028809, 120.161010742, 116.591743469, 358.512878418, 279.608001709, 393.037414551, 298.836456299, 368.870300293, 237.41178894, 124.188995361, 178.609344482, 255.235351562, 334.417755127, 179.351226807, 410.492004395, 302.298950195, 287.16116333, 436.139129639, 184.335098267, 186.832885742, 268.961151123, 204.586776733, 138.028625488, 70.811126709, 89.2238540649, 113.51171875, 108.342964172, 156.361450195, 85.3596954346, 63.1423492432, 17.6305389404, 4.39989280701, 1.34448623657, 0.0566458404064, 0.00130637804978, 0.000167709673406],
        "mean": [0.0509852841496, 0.732847869396, 3.49307751656, 8.83623600006, 13.884853363, 9.59672927856, 12.1892738342, 25.3389472961, 20.6624984741, 21.7227115631, 17.3494606018, 31.5402679443, 40.7761230469, 30.2516231537, 26.2981262207, 27.2512207031, 34.0541915894, 28.7742652893, 62.785774231, 57.4741401672, 76.3833465576, 107.734458923, 56.8430023193, 42.3253250122, 46.0722160339, 39.7811775208, 18.3781776428, 11.1389865875, 12.0479154587, 7.75034379959, 5.76232433319, 5.85500192642, 3.03407669067, 1.64117705822, 0.577365159988, 0.283749431372, 0.0862844362855, 0.00228983582929, 9.53602648224e-05, 4.7369285312e-05],
        "median": [0.0280097313225, 0.37156099081, 2.17500591278, 5.40015554428, 7.13010597229, 4.78743457794, 8.32296562195, 18.254858017, 11.218667984, 11.7924928665, 11.0387802124, 24.5721168518, 28.372215271, 24.9666805267, 20.0027637482, 19.2623291016, 23.9980163574, 24.7046833038, 54.8147659302, 48.4864692688, 65.8473739624, 98.9804077148, 52.7629623413, 38.8308143616, 40.9188919067, 33.111125946, 16.0835933685, 9.10085678101, 9.54193019867, 5.54962730408, 3.71618652344, 3.44106888771, 1.31659066677, 0.632050335407, 0.204997435212, 0.111804179847, 0.0305314380676, 0.000889786053449, 5.126459655e-05, 3.98271113227e-05],
        "min": [0.000524750910699, 0.0110230781138, 0.107676826417, 0.394185632467, 0.332531273365, 0.212539032102, 0.349109083414, 0.751463890076, 0.632153630257, 0.803896307945, 1.28649163246, 1.68386662006, 2.7989025116, 3.87827897072, 2.76860260963, 2.93712925911, 3.25665855408, 5.59280824661, 6.51887083054, 9.93781757355, 14.667848587, 24.1967964172, 15.049241066, 11.4193725586, 8.8397436142, 7.40378665924, 2.78002667427, 1.34504151344, 1.97949564457, 1.27320671082, 0.277368485928, 0.639982461929, 0.0916397199035, 0.0364016033709, 0.0149985253811, 0.00601405091584, 0.000747170008253, 3.84621671401e-05, 1.63499662449e-05, 2.11902679439e-05],
        "var": [0.00511666852981, 1.55051147938, 22.0869598389, 123.975738525, 504.418884277, 235.231903076, 130.91394043, 626.463439941, 703.780700684, 1306.8684082, 597.639648438, 729.713623047, 1153.18054199, 382.613586426, 446.241149902, 745.250610352, 1138.7677002, 284.742980957, 1416.11621094, 1343.33422852, 1658.05834961, 2576.72094727, 485.499603271, 400.284454346, 606.519958496, 650.827636719, 138.926528931, 63.2913703918, 71.324256897, 70.974609375, 86.1684036255, 128.466461182, 73.7637252808, 23.4867324829, 2.1571931839, 0.248013079166, 0.0217208750546, 1.72433301486e-05, 1.55312651628e-08, 4.41705227949e-10]
    },
    "gfcc": {
        "mean": [63.3949890137, 80.2896881104, -141.207168579, 48.0234451294, -58.8313713074, 13.8751010895, -45.9294929504, 14.3972158432, -26.5844326019, -1.47866284847, -21.8496227264, -0.856346070766, -11.6151857376],
        "cov": [[244.619720459, -170.568008423, 148.01675415, -24.3766899109, -26.6884288788, 12.9483747482, -49.8080291748, -8.9928894043, -49.8827476501, 22.3718948364, -44.3627662659, 9.97830200195, -44.1062469482], [-170.568008423, 353.553283691, -83.6753158569, 23.2255344391, 33.0917739868, -48.2209587097, 52.4563064575, -17.697769165, 58.8157119751, -23.1230278015, 55.9556083679, -18.1691932678, 42.9862670898], [148.01675415, -83.6753158569, 193.28729248, -0.469822049141, 16.8002243042, 6.84117460251, -27.0199146271, -4.36611843109, -38.5083274841, 26.8359489441, -37.3183097839, 25.9420146942, -44.1000595093], [-24.3766899109, 23.2255344391, -0.469822049141, 83.3903198242, 22.2051773071, 30.9509086609, 17.3508892059, -1.92063617706, 10.7517185211, -13.7074728012, 27.0011520386, -10.2504749298, 22.8538722992], [-26.6884288788, 33.0917739868, 16.8002243042, 22.2051773071, 91.9849853516, 22.4404850006, 43.7272033691, 18.8077735901, 9.75601673126, 15.0593538284, -4.05839967728, 21.9805622101, -7.36731290817], [12.9483747482, -48.2209587097, 6.84117460251, 30.9509086609, 22.4404850006, 81.2962188721, 38.4799919128, 17.0065612793, -1.54424345493, -5.56865119934, 11.5181007385, -1.52173554897, 8.99421882629], [-49.8080291748, 52.4563064575, -27.0199146271, 17.3508892059, 43.7272033691, 38.4799919128, 95.5321044922, 38.1004524231, 27.4735774994, 1.84371244907, 11.5117912292, 9.55640506744, 5.15253639221], [-8.9928894043, -17.697769165, -4.36611843109, -1.92063617706, 18.8077735901, 17.0065612793, 38.1004524231, 63.7759399414, 32.7482452393, 16.8933334351, -1.55789387226, 4.55305242538, 0.427445918322], [-49.8827476501, 58.8157119751, -38.5083274841, 10.7517185211, 9.75601673126, -1.54424345493, 27.4735774994, 32.7482452393, 59.0072364807, 16.0729427338, 21.2734775543, -1.18601584435, 13.0880641937], [22.3718948364, -23.1230278015, 26.8359489441, -13.7074728012, 15.0593538284, -5.56865119934, 1.84371244907, 16.8933334351, 16.0729427338, 50.5594863892, 4.98136043549, 19.4218826294, -13.9904899597], [-44.3627662659, 55.9556083679, -37.3183097839, 27.0011520386, -4.05839967728, 11.5181007385, 11.5117912292, -1.55789387226, 21.2734775543, 4.98136043549, 64.7226715088, 8.07863330841, 30.4707183838], [9.97830200195, -18.1691932678, 25.9420146942, -10.2504749298, 21.9805622101, -1.52173554897, 9.55640506744, 4.55305242538, -1.18601584435, 19.4218826294, 8.07863330841, 53.3432540894, 2.25932478905], [-44.1062469482, 42.9862670898, -44.1000595093, 22.8538722992, -7.36731290817, 8.99421882629, 5.15253639221, 0.427445918322, 13.0880641937, -13.9904899597, 30.4707183838, 2.25932478905, 54.2378997803]],
        "icov": [[0.0120600517839, 0.00377961201593, -0.00831884052604, 0.00281222956255, 0.00234322692268, -0.000896010082215, -0.000392193935113, 0.00233127828687, -0.000333659787429, -0.00125118985306, -0.000313818687573, 0.00302902818657, -0.000843543792143], [0.00377961201593, 0.0139579446986, -0.00798360817134, 0.00869728252292, -0.00966752227396, 0.0137343192473, -0.0117061743513, 0.0135959442705, -0.013694296591, 0.00962536036968, -0.0121746193618, 0.0133146718144, -0.00865824893117], [-0.00831884052604, -0.00798360817134, 0.0185239426792, -0.0111677348614, 0.00405055936426, -0.00702826492488, 0.00840922258794, -0.00937030464411, 0.0117221940309, -0.00874343793839, 0.0100338496268, -0.0133998272941, 0.0101576158777], [0.00281222956255, 0.00869728252292, -0.0111677348614, 0.0296535287052, -0.0141781568527, 0.00360618927516, -0.00691818539053, 0.0127816973254, -0.0149615099654, 0.0136457188055, -0.0169497989118, 0.0174429323524, -0.0122227966785], [0.00234322692268, -0.00966752227396, 0.00405055936426, -0.0141781568527, 0.028420234099, -0.0125195616856, 0.00231246440671, -0.00941491685808, 0.0112796127796, -0.013969341293, 0.0165866352618, -0.0176908895373, 0.00971954315901], [-0.000896010082215, 0.0137343192473, -0.00702826492488, 0.00360618927516, -0.0125195616856, 0.0357953161001, -0.0201231818646, 0.00791593082249, -0.00557801499963, 0.0108350468799, -0.0171027202159, 0.0170783046633, -0.0115973139182], [-0.000392193935113, -0.0117061743513, 0.00840922258794, -0.00691818539053, 0.00231246440671, -0.0201231818646, 0.0330928303301, -0.0197253432125, 0.00708763906732, -0.00253477343358, 0.00881260633469, -0.0158976763487, 0.0127212684602], [0.00233127828687, 0.0135959442705, -0.00937030464411, 0.0127816973254, -0.00941491685808, 0.00791593082249, -0.0197253432125, 0.0458001680672, -0.0310406442732, 0.00416576303542, -0.00418985169381, 0.0139001375064, -0.0126231499016], [-0.000333659787429, -0.013694296591, 0.0117221940309, -0.0149615099654, 0.0112796127796, -0.00557801499963, 0.00708763906732, -0.0310406442732, 0.0554453656077, -0.0238773934543, 0.00618656491861, -0.00785958580673, 0.00575919402763], [-0.00125118985306, 0.00962536036968, -0.00874343793839, 0.0136457188055, -0.013969341293, 0.0108350468799, -0.00253477343358, 0.00416576303542, -0.0238773934543, 0.0472091771662, -0.020136654377, 0.00170342763886, 0.0041897171177], [-0.000313818687573, -0.0121746193618, 0.0100338496268, -0.0169497989118, 0.0165866352618, -0.0171027202159, 0.00881260633469, -0.00418985169381, 0.00618656491861, -0.020136654377, 0.0437022037804, -0.0198572725058, -0.00143248797394], [0.00302902818657, 0.0133146718144, -0.0133998272941, 0.0174429323524, -0.0176908895373, 0.0170783046633, -0.0158976763487, 0.0139001375064, -0.00785958580673, 0.00170342763886, -0.0198572725058, 0.0450201295316, -0.0185523480177], [-0.000843543792143, -0.00865824893117, 0.0101576158777, -0.0122227966785, 0.00971954315901, -0.0115973139182, 0.0127212684602, -0.0126231499016, 0.00575919402763, 0.0041897171177, -0.00143248797394, -0.0185523480177, 0.0414256229997]]
    },
    "melbands": {
        "dmean": [0.000566444825381, 0.00138034927659, 0.00146026059519, 0.000702293938957, 0.000215568448766, 0.000274468882708, 0.000169346574694, 0.000141679556691, 8.34523816593e-05, 0.000105553226604, 9.56895382842e-05, 5.96283643972e-05, 6.02063264523e-05, 3.64553197869e-05, 4.66861383757e-05, 3.13432501571e-05, 2.87548555207e-05, 5.08910306962e-05, 3.65599589713e-05, 3.44911204593e-05, 4.4601099944e-05, 4.80726994283e-05, 4.53654211015e-05, 1.8074953914e-05, 1.41259906741e-05, 1.52725679072e-05, 1.47892542373e-05, 1.01828736661e-05, 5.285203315e-06, 3.43226679433e-06, 2.62609955826e-06, 2.55711051977e-06, 2.56626640294e-06, 1.76478670255e-06, 1.40308679875e-06, 2.37549079429e-06, 1.51100164203e-06, 1.06693721591e-06, 8.59820488586e-07, 6.91797708896e-07],
        "dmean2": [0.0010223624995, 0.00251867878251, 0.00260523916222, 0.0012152219424, 0.000360032223398, 0.000426842423622, 0.000280128268059, 0.000226909731282, 0.000131561086164, 0.000170744766365, 0.000158030437888, 9.82609490165e-05, 9.54447532422e-05, 6.03997577855e-05, 7.51908301027e-05, 5.19412678841e-05, 4.89871745231e-05, 8.63279637997e-05, 6.23206724413e-05, 5.90604540776e-05, 7.45761790313e-05, 8.07448013802e-05, 7.77367604314e-05, 3.05733265122e-05, 2.42129353865e-05, 2.53354228335e-05, 2.54405676969e-05, 1.74327597051e-05, 8.7488679128e-06, 5.60032412977e-06, 4.17685942011e-06, 4.21038112108e-06, 4.12197869082e-06, 2.91183846457e-06, 2.18118316297e-06, 3.68268752027e-06, 2.37705444306e-06, 1.62557796557e-06, 1.24836356008e-06, 1.02718286143e-06],
        "dvar": [1.24494238207e-06, 7.15309079169e-06, 6.87830288371e-06, 1.92440711544e-06, 9.40325506349e-08, 1.49893267576e-07, 8.29700326221e-08, 1.01328502922e-07, 2.11108321935e-08, 1.55018113901e-08, 1.15999139183e-08, 3.32487570809e-09, 5.97441207617e-09, 1.92590143833e-09, 3.22552895504e-09, 1.49697632068e-09, 8.87605211553e-10, 2.71808620056e-09, 1.17922749343e-09, 1.39846911829e-09, 1.65992530832e-09, 2.35822850136e-09, 1.87402671159e-09, 3.19997195408e-10, 1.85353302151e-10, 3.20045906443e-10, 2.57841581419e-10, 1.2047138287e-10, 3.50842931096e-11, 2.11588351007e-11, 9.55464093261e-12, 8.79368192847e-12, 9.92159999991e-12, 1.17549477097e-11, 1.14365608997e-11, 2.22046114134e-11, 1.56239014781e-11, 1.45847552785e-11, 8.23475575923e-12, 3.92186066608e-12],
        "dvar2": [3.44950444742e-06, 1.99935457204e-05, 1.93276191567e-05, 5.2202904044e-06, 2.5488353117e-07, 3.72521810732e-07, 2.01653932663e-07, 2.11798138139e-07, 4.93775793586e-08, 4.09863680773e-08, 3.02260545482e-08, 8.63717986022e-09, 1.32169422074e-08, 4.70656313922e-09, 7.6005202132e-09, 3.76004338776e-09, 2.58179966295e-09, 7.33556104748e-09, 3.13103409866e-09, 3.77414854924e-09, 4.46616565952e-09, 6.66233557212e-09, 5.14199927082e-09, 8.77778294495e-10, 5.20653298253e-10, 8.51865356033e-10, 6.92347457143e-10, 3.20907383999e-10, 8.80195222264e-11, 5.39484117101e-11, 2.33549533879e-11, 2.14713559432e-11, 2.38458905399e-11, 2.87769339608e-11, 2.80418518267e-11, 5.63520757835e-11, 3.04750356894e-11, 2.8276152253e-11, 1.482739799e-11, 6.63971828907e-12],
        "max": [0.00887594744563, 0.0176610630006, 0.0198810733855, 0.0113203143701, 0.00316833145916, 0.00792850553989, 0.00431161280721, 0.00454727467149, 0.0020723673515, 0.00244051706977, 0.00115388759878, 0.000562218890991, 0.000880206469446, 0.000578744744416, 0.000684598519001, 0.000536243314855, 0.000377460732125, 0.000699761207215, 0.000410621694755, 0.000529520621058, 0.000377811811632, 0.000538696884178, 0.000413682661019, 0.000240183231654, 0.00014925202413, 0.000242739770329, 0.000227156662731, 0.00011056841322, 8.72188611538e-05, 8.98554862943e-05, 3.74851406377e-05, 4.87496181449e-05, 5.76673737669e-05, 8.27418189147e-05, 7.3129987868e-05, 0.000109129250632, 9.6121984825e-05, 7.55040746299e-05, 6.35295291431e-05, 5.09341880388e-05],
        "mean": [0.00060859246878, 0.00154718698468, 0.00176548201125, 0.000864544475917, 0.000415130954934, 0.000577060796786, 0.00030882912688, 0.000221620721277, 0.000152941778651, 0.000194477077457, 0.000200564420084, 0.000122243305668, 0.000101473196992, 6.89247608534e-05, 7.83469949965e-05, 5.51846533199e-05, 5.42682064406e-05, 0.000102020887425, 7.62238923926e-05, 7.37756345188e-05, 9.17162178666e-05, 0.000107218496851, 9.47910666582e-05, 3.87135696656e-05, 3.18638558383e-05, 3.38233221555e-05, 3.49085858034e-05, 2.19453977479e-05, 1.21832508739e-05, 7.70612223278e-06, 5.94539824306e-06, 6.29503983873e-06, 6.58347244098e-06, 3.66138192476e-06, 2.99321345665e-06, 4.17224327975e-06, 3.28582927978e-06, 2.13225621337e-06, 1.75666252744e-06, 1.28660838072e-06],
        "median": [0.000336517870892, 0.000936903990805, 0.00111303431913, 0.000427677528933, 0.000292682350846, 0.000427635939559, 0.000173534121132, 0.000122002282296, 0.000106273735582, 0.000156552356202, 0.000141814569361, 9.55333380261e-05, 6.08332666161e-05, 5.0137135986e-05, 5.78975850658e-05, 4.2732404836e-05, 4.47795355285e-05, 8.93918404472e-05, 6.47598062642e-05, 6.19815618847e-05, 7.70827464294e-05, 9.67501327978e-05, 8.14334489405e-05, 3.32955969498e-05, 2.84061934508e-05, 2.80858694168e-05, 3.04903333017e-05, 1.78322679858e-05, 1.0043587281e-05, 5.88181001149e-06, 4.69055066787e-06, 5.08760285811e-06, 4.70240365757e-06, 2.40205781665e-06, 1.79246899279e-06, 2.4166363346e-06, 1.89623085589e-06, 8.46678517519e-07, 7.28699319552e-07, 4.80236565181e-07],
        "min": [5.9637677623e-06, 4.83356634504e-05, 6.57368727843e-05, 2.5020337489e-05, 8.53965866554e-06, 1.7079508325e-05, 6.30298109172e-06, 6.54733867123e-06, 1.19871183415e-05, 9.02633746591e-06, 1.05053322841e-05, 1.33670346258e-05, 4.91386708745e-06, 2.33378546e-06, 6.66316918796e-06, 5.46166666027e-06, 5.29318367626e-06, 6.6012607931e-06, 1.34438887471e-05, 1.2525531929e-05, 1.31577153297e-05, 2.1338391889e-05, 1.02997491922e-05, 3.52308870788e-06, 4.62193520434e-06, 3.54864846486e-06, 6.77059506415e-06, 2.75092452284e-06, 1.02780518318e-06, 8.09628033949e-07, 3.75515725182e-07, 5.24509971456e-07, 7.26114649297e-07, 1.05363128e-07, 6.89250825303e-08, 2.83551003122e-07, 2.4599870585e-07, 2.81931420432e-08, 1.69909046832e-08, 4.9105830513e-09],
