{
"highlevel": {
    "danceability": {
        "all": {
            "danceable": 0.035982966423,
            "not_danceable": 0.964017033577
        },
        "probability": 0.964017033577,
        "value": "not_danceable"
    },
    "gender": {
        "all": {
            "female": 0.201831877232,
            "male": 0.798168122768
        },
        "probability": 0.798168122768,
        "value": "male"
    },
    "genre_dortmund": {
        "all": {
            "alternative": 0.0816399753094,
            "blues": 0.0197818148881,
            "electronic": 0.231517061591,
            "folkcountry": 0.161857232451,
            "funksoulrnb": 0.00736921885982,
            "jazz": 0.436141818762,
            "pop": 0.0361657328904,
            "raphiphop": 0.00144773500506,
            "rock": 0.0240793898702
        },
        "probability": 0.436141818762,
        "value": "jazz"
    },
    "genre_electronic": {
        "all": {
            "ambient": 0.984892487526,
            "dnb": 0.0013961213408,
            "house": 0.0082367695868,
            "techno": 0.00210712873377,
            "trance": 0.00336751411669
        },
        "probability": 0.984892487526,
        "value": "ambient"
    },
    "genre_rosamerica": {
        "all": {
            "cla": 0.426901787519,
            "dan": 0.0066615329124,
            "hip": 0.0197560377419,
            "jaz": 0.413069278002,
            "pop": 0.0269972831011,
            "rhy": 0.0808877050877,
            "roc": 0.00880926009268,
            "spe": 0.0169171132147
        },
        "probability": 0.426901787519,
        "value": "cla"
    },
    "genre_tzanetakis": {
        "all": {
            "blu": 0.00941432733089,
            "cla": 0.00261680060066,
            "cou": 0.00461117364466,
            "dis": 0.00962882116437,
            "hip": 0.0141037963331,
            "jaz": 0.926108777523,
            "met": 0.00146028609015,
            "pop": 0.0223969332874,
            "reg": 0.0045404038392,
            "roc": 0.00511866668239
        },
        "probability": 0.926108777523,
        "value": "jaz"
    },
    "ismir04_rhythm": {
        "all": {
            "ChaChaCha": 0.00611023278907,
            "Jive": 0.00219776434824,
            "Quickstep": 0.0363533981144,
            "Rumba-American": 0.010217747651,
            "Rumba-International": 0.035551276058,
            "Rumba-Misc": 0.0151795502752,
            "Samba": 0.00501580908895,
            "Tango": 0.138495773077,
            "VienneseWaltz": 0.0787582993507,
            "Waltz": 0.672120153904
        },
        "probability": 0.672120153904,
        "value": "Waltz"
    },
    "mood_acoustic": {
        "all": {
            "acoustic": 0.831344723701,
            "not_acoustic": 0.168655261397
        },
        "probability": 0.831344723701,
        "value": "acoustic"
    },
    "mood_aggressive": {
        "all": {
            "aggressive": 0.00764182768762,
            "not_aggressive": 0.992358148098
        },
        "probability": 0.992358148098,
        "value": "not_aggressive"
    },
    "mood_electronic": {
        "all": {
            "electronic": 0.848411202431,
            "not_electronic": 0.15158881247
        },
        "probability": 0.848411202431,
        "value": "electronic"
    },
    "mood_happy": {
        "all": {
            "happy": 0.157674863935,
            "not_happy": 0.842325150967
        },
        "probability": 0.842325150967,
        "value": "not_happy"
    },
    "mood_party": {
        "all": {
            "not_party": 0.986382126808,
            "party": 0.0136178946123
        },
        "probability": 0.986382126808,
        "value": "not_party"
    },
    "mood_relaxed": {
        "all": {
            "not_relaxed": 0.00462738983333,
            "relaxed": 0.995372593403
        },
        "probability": 0.995372593403,
        "value": "relaxed"
    },
    "mood_sad": {
        "all": {
            "not_sad": 0.400564968586,
            "sad": 0.599435031414
        },
        "probability": 0.599435031414,
        "value": "sad"
    },
    "moods_mirex": {
        "all": {
            "Cluster1": 0.233090624213,
            "Cluster2": 0.0921329855919,
            "Cluster3": 0.400791436434,
            "Cluster4": 0.119912587106,
            "Cluster5": 0.154072374105
        },
        "probability": 0.400791436434,
        "value": "Cluster3"
    },
    "timbre": {
        "all": {
            "bright": 0.0962731614709,
            "dark": 0.903726816177
        },
        "probability": 0.903726816177,
        "value": "dark"
    },
    "tonal_atonal": {
        "all": {
            "atonal": 0.0293311867863,
            "tonal": 0.970668792725
        },
        "probability": 0.970668792725,
        "value": "tonal"
    },
    "voice_instrumental": {
        "all": {
            "instrumental": 0.766501665115,
            "voice": 0.233498364687
        },
        "probability": 0.766501665115,
        "value": "instrumental"
    }
},
"lowlevel": {
    "average_loudness": 0.586603581905,
    "barkbands_crest": {
        "dmean": 2.13739728928,
        "dmean2": 3.59713816643,
        "dvar": 3.50487112999,
        "dvar2": 9.36849117279,
        "max": 25.1206569672,
        "mean": 11.0298585892,
        "median": 9.23289108276,
        "min": 4.5878276825,
        "var": 26.1587600708
    },
    "barkbands_flatness_db": {
        "dmean": 0.0196232814342,
        "dmean2": 0.0306162573397,
        "dvar": 0.00025972671574,
        "dvar2": 0.000601495208684,
        "max": 0.483773827553,
        "mean": 0.285571634769,
        "median": 0.274190425873,
        "min": 0.134599506855,
        "var": 0.00445154309273
    },
    "barkbands_kurtosis": {
        "dmean": 2.79780244827,
        "dmean2": 4.64856672287,
        "dvar": 22.5973529816,
        "dvar2": 60.6596450806,
        "max": 90.466468811,
        "mean": 6.22372245789,
        "median": 2.09518480301,
        "min": -1.40143656731,
        "var": 127.839401245
    },
    "barkbands_skewness": {
        "dmean": 0.437811553478,
        "dmean2": 0.707497656345,
        "dvar": 0.171995401382,
        "dvar2": 0.441098421812,
        "max": 6.77323627472,
        "mean": 1.35416948795,
        "median": 1.11207973957,
        "min": -1.18202483654,
        "var": 1.25251317024
    },
    "barkbands_spread": {
        "dmean": 1.49668347836,
        "dmean2": 2.46739816666,
        "dvar": 2.19522094727,
        "dvar2": 5.50030899048,
        "max": 22.9496822357,
        "mean": 7.04868936539,
        "median": 7.29629707336,
        "min": 0.513891875744,
        "var": 11.1614513397
    },
    "dissonance": {
        "dmean": 0.0395612083375,
        "dmean2": 0.0666804984212,
        "dvar": 0.00103986775503,
        "dvar2": 0.00290037388913,
        "max": 0.499600857496,
        "mean": 0.407327532768,
        "median": 0.41099485755,
        "min": 0.258706718683,
        "var": 0.00209102476947
    },
    "dynamic_complexity": 2.39707040787,
    "erbbands_crest": {
        "dmean": 2.60876941681,
        "dmean2": 4.25321435928,
        "dvar": 5.05540657043,
        "dvar2": 13.9822483063,
        "max": 28.3628768921,
        "mean": 11.9768686295,
        "median": 10.1506547928,
        "min": 4.34353876114,
        "var": 31.7379131317
    },
    "erbbands_flatness_db": {
        "dmean": 0.0159933678806,
        "dmean2": 0.0231957994401,
        "dvar": 0.00019236895605,
        "dvar2": 0.000389709341107,
        "max": 0.426801413298,
        "mean": 0.282991945744,
        "median": 0.274750798941,
        "min": 0.120675109327,
        "var": 0.00421951618046
    },
    "erbbands_kurtosis": {
        "dmean": 1.62908780575,
        "dmean2": 2.63777160645,
        "dvar": 4.26347970963,
        "dvar2": 11.4056539536,
        "max": 29.0714836121,
        "mean": 2.52112722397,
        "median": 1.13235855103,
        "min": -1.53284060955,
        "var": 14.8885316849
    },
    "erbbands_skewness": {
        "dmean": 0.376670330763,
        "dmean2": 0.60319006443,
        "dvar": 0.0986293107271,
        "dvar2": 0.251006066799,
        "max": 4.59416818619,
        "mean": 1.03569054604,
        "median": 0.86991918087,
        "min": -0.834920763969,
        "var": 0.739008545876
    },
    "erbbands_spread": {
        "dmean": 3.34059095383,
        "dmean2": 5.27447843552,
        "dvar": 11.9148731232,
        "dvar2": 26.4064807892,
        "max": 73.4667663574,
        "mean": 15.356795311,
        "median": 14.7404499054,
        "min": 2.53126692772,
        "var": 43.8023643494
    },
    "hfc": {
        "dmean": 1.45901727676,
        "dmean2": 2.26961493492,
        "dvar": 2.22401165962,
        "dvar2": 5.81024551392,
        "max": 26.8980445862,
        "mean": 6.82448911667,
        "median": 5.40933275223,
        "min": 1.39874231815,
        "var": 19.5865364075
    },
    "melbands_crest": {
        "dmean": 2.67508125305,
        "dmean2": 4.5261054039,
        "dvar": 5.32323312759,
        "dvar2": 14.2088422775,
        "max": 30.2111206055,
        "mean": 13.603187561,
        "median": 11.7551841736,
        "min": 5.60768842697,
        "var": 33.6235694885
    },
    "melbands_flatness_db": {
        "dmean": 0.0207512229681,
        "dmean2": 0.0314486436546,
        "dvar": 0.000330349546857,
        "dvar2": 0.000719324569218,
        "max": 0.603964030743,
        "mean": 0.389434337616,
        "median": 0.374766498804,
        "min": 0.199097529054,
        "var": 0.00629996974021
    },
    "melbands_kurtosis": {
        "dmean": 3.42774152756,
        "dmean2": 5.62409210205,
        "dvar": 23.0402755737,
        "dvar2": 59.694984436,
        "max": 78.7998886108,
        "mean": 8.472905159,
        "median": 4.06173658371,
        "min": -1.05156362057,
        "var": 138.15687561
    },
    "melbands_skewness": {
        "dmean": 0.481636792421,
        "dmean2": 0.783902525902,
        "dvar": 0.174101650715,
        "dvar2": 0.435991883278,
        "max": 6.14767503738,
        "mean": 1.79233658314,
        "median": 1.59372150898,
        "min": -0.878824532032,
        "var": 1.22989332676
    },
    "melbands_spread": {
        "dmean": 1.65509068966,
        "dmean2": 2.74434137344,
        "dvar": 2.5618827343,
        "dvar2": 6.47711038589,
        "max": 25.0932331085,
        "mean": 8.37031269073,
        "median": 8.71044635773,
        "min": 0.789631545544,
        "var": 15.1680803299
    },
    "pitch_salience": {
        "dmean": 0.0651804357767,
        "dmean2": 0.109069950879,
        "dvar": 0.00299430196173,
        "dvar2": 0.00764947710559,
        "max": 0.80581009388,
        "mean": 0.577288985252,
        "median": 0.592592358589,
        "min": 0.226953983307,
        "var": 0.0117784114555
    },
    "silence_rate_20dB": {
        "dmean": 0,
        "dmean2": 0,
        "dvar": 0,
        "dvar2": 0,
        "max": 1,
        "mean": 1,
        "median": 1,
        "min": 1,
        "var": 0
    },
    "silence_rate_30dB": {
        "dmean": 0,
        "dmean2": 0,
        "dvar": 0,
        "dvar2": 0,
        "max": 1,
        "mean": 1,
        "median": 1,
        "min": 1,
        "var": 0
    },
    "silence_rate_60dB": {
        "dmean": 0,
        "dmean2": 0,
        "dvar": 0,
        "dvar2": 0,
        "max": 0,
        "mean": 0,
        "median": 0,
        "min": 0,
        "var": 0
    },
    "spectral_centroid": {
        "dmean": 53.527759552,
        "dmean2": 88.0124740601,
        "dvar": 4521.2578125,
        "dvar2": 11353.7890625,
        "max": 1407.70227051,
        "mean": 447.817443848,
        "median": 455.843414307,
        "min": 231.430847168,
        "var": 15835.5927734
    },
    "spectral_complexity": {
        "dmean": 1.49148607254,
        "dmean2": 2.56622767448,
        "dvar": 1.56106960773,
        "dvar2": 3.98535847664,
        "max": 18,
        "mean": 11.1098222733,
        "median": 11,
        "min": 6,
        "var": 4.71493053436
    },
    "spectral_decrease": {
        "dmean": 1.4012693228e-09,
        "dmean2": 2.26388752189e-09,
        "dvar": 3.2086077467e-18,
        "dvar2": 8.11197828757e-18,
        "max": -1.08579256697e-09,
        "mean": -5.76231862226e-09,
        "median": -3.95327903746e-09,
        "min": -2.47758471517e-08,
        "var": 2.09683601663e-17
    },
    "spectral_energy": {
        "dmean": 0.00540881836787,
        "dmean2": 0.00872755981982,
        "dvar": 4.72170431749e-05,
        "dvar2": 0.000119598131278,
        "max": 0.0958700180054,
        "mean": 0.0223672948778,
        "median": 0.0153213711455,
        "min": 0.0042427177541,
        "var": 0.000311748561217
    },
    "spectral_energyband_high": {
        "dmean": 4.43246563009e-06,
        "dmean2": 6.18772446614e-06,
        "dvar": 2.52443205229e-10,
        "dvar2": 4.87352991296e-10,
        "max": 0.000324143737089,
        "mean": 8.79299022927e-06,
        "median": 2.93553239317e-06,
        "min": 3.49243549636e-08,
        "var": 3.89412141422e-10
    },
    "spectral_energyband_low": {
        "dmean": 0.00264162011445,
        "dmean2": 0.00441795727238,
        "dvar": 2.56529692706e-05,
        "dvar2": 5.68668438063e-05,
        "max": 0.0591865740716,
        "mean": 0.00553877884522,
        "median": 0.00397065235302,
        "min": 0.000636328419205,
        "var": 3.98817574023e-05
    },
    "spectral_energyband_middle_high": {
        "dmean": 0.000293101911666,
        "dmean2": 0.000459197792225,
        "dvar": 1.38503594371e-07,
        "dvar2": 3.50043364961e-07,
        "max": 0.00659352401271,
        "mean": 0.000998227624223,
        "median": 0.00077730853809,
        "min": 0.000145252124639,
        "var": 5.93910897351e-07
    },
    "spectral_energyband_middle_low": {
        "dmean": 0.00437691761181,
        "dmean2": 0.00719045987353,
        "dvar": 2.66636016022e-05,
        "dvar2": 7.55420987844e-05,
        "max": 0.0918709933758,
        "mean": 0.0166348721832,
        "median": 0.010443537496,
        "min": 0.00143018900417,
        "var": 0.000268087576842
    },
    "spectral_entropy": {
        "dmean": 0.15668541193,
        "dmean2": 0.240740865469,
        "dvar": 0.0205036643893,
        "dvar2": 0.0425141230226,
        "max": 7.84576129913,
        "mean": 6.19466924667,
        "median": 6.25717163086,
        "min": 4.7069735527,
        "var": 0.238796964288
    },
    "spectral_flux": {
        "dmean": 0.0142575539649,
        "dmean2": 0.0231596380472,
        "dvar": 0.000245319155511,
        "dvar2": 0.000500733149238,
        "max": 0.206163942814,
        "mean": 0.0602587796748,
        "median": 0.0530087463558,
        "min": 0.018004104495,
        "var": 0.000762695039157
    },
    "spectral_kurtosis": {
        "dmean": 16.3711032867,
        "dmean2": 27.446472168,
        "dvar": 406.163787842,
        "dvar2": 1213.96740723,
        "max": 188.919265747,
        "mean": 41.7195701599,
        "median": 27.0355110168,
        "min": 1.66763687134,
        "var": 1322.72033691
    },
    "spectral_rms": {
        "dmean": 0.000544844020624,
        "dmean2": 0.000869924377184,
        "dvar": 2.96094555097e-07,
        "dvar2": 7.22804770703e-07,
        "max": 0.00967117957771,
        "mean": 0.00439401995391,
        "median": 0.0038662229199,
        "min": 0.00203451141715,
        "var": 2.51432902587e-06
    },
    "spectral_rolloff": {
        "dmean": 70.8826293945,
        "dmean2": 124.595191956,
        "dvar": 7903.71044922,
        "dvar2": 19373.6054688,
        "max": 1270.45898438,
        "mean": 505.973571777,
        "median": 516.796875,
        "min": 172.265625,
        "var": 27251.7929688
    },
    "spectral_skewness": {
        "dmean": 0.95831489563,
        "dmean2": 1.58453226089,
        "dvar": 1.05473160744,
        "dvar2": 3.11396145821,
        "max": 10.9119682312,
        "mean": 4.34404754639,
        "median": 3.83660840988,
        "min": 0.924532353878,
        "var": 3.13478159904
    },
    "spectral_spread": {
        "dmean": 362212.03125,
        "dmean2": 519707.875,
        "dvar": 447934201856,
        "dvar2": 546773401600,
        "max": 20176644,
        "mean": 1820065.125,
        "median": 1611315.25,
        "min": 447075.8125,
        "var": 1.3562436649e+12
    },
    "spectral_strongpeak": {
        "dmean": 0.321330487728,
        "dmean2": 0.546627283096,
        "dvar": 0.139486610889,
        "dvar2": 0.343713343143,
        "max": 3.31339907646,
        "mean": 0.74204403162,
        "median": 0.497152239084,
        "min": 0,
        "var": 0.462994903326
    },
    "zerocrossingrate": {
        "dmean": 0.00246257008985,
        "dmean2": 0.00324550061487,
        "dvar": 6.04341039434e-06,
        "dvar2": 9.1963865998e-06,
        "max": 0.05029296875,
        "mean": 0.0199009533972,
        "median": 0.02001953125,
        "min": 0.0048828125,
        "var": 3.48691864929e-05
    },
    "barkbands": {
        "dmean": [0.000160044888617, 0.00139705010224, 0.00138368678745, 0.00138131168205, 0.00289378198795, 0.000846557843033, 0.000924316234887, 0.000850663636811, 0.000281430169707, 0.000145296697156, 0.00015543839254, 9.17931101867e-05, 8.86433699634e-05, 2.80071399175e-05, 2.0026391212e-05, 1.91566850845e-05, 1.47109958561e-05, 4.47443835583e-06, 3.42117959917e-06, 1.91605045075e-06, 1.19383571473e-06, 1.08696224288e-06, 5.2302613085e-07, 4.8892451332e-07, 8.22766821784e-07, 2.30601244766e-07, 7.45197847873e-10],
        "dmean2": [0.000276597798802, 0.00231266650371, 0.00230057048611, 0.00245974003337, 0.00487543037161, 0.00131374050397, 0.001547455322, 0.00119595066644, 0.000435646186816, 0.000236030304222, 0.000237108455622, 0.00014531207853, 0.000141541400808, 4.35238216596e-05, 3.44192812918e-05, 3.17469675792e-05, 2.55984523392e-05, 7.42588281355e-06, 5.52711799173e-06, 2.98481700156e-06, 1.76341245606e-06, 1.61394257248e-06, 7.51210905037e-07, 6.71538828101e-07, 1.22255210044e-06, 3.53631321559e-07, 1.26624832841e-09],
        "dvar": [4.01295743302e-08, 8.78606260812e-06, 1.31377737489e-05, 8.23487971502e-06, 1.87744590221e-05, 1.31736987896e-06, 1.46527213474e-06, 1.70122666532e-06, 2.72416343705e-07, 5.65050406465e-08, 5.3992522453e-08, 2.54847787318e-08, 3.71028541224e-08, 1.6979414541e-09, 2.14722284397e-09, 1.64327740304e-09, 1.69467428979e-09, 5.46981730742e-11, 8.14416242778e-11, 1.23156193577e-10, 1.23052323539e-11, 1.04744928009e-11, 4.02626803425e-12, 3.24112590065e-12, 1.28284431689e-11, 1.09677761664e-12, 1.02545001512e-17],
        "dvar2": [1.20926884506e-07, 2.11694532481e-05, 3.28748319589e-05, 2.49774075201e-05, 5.40389992238e-05, 3.15816328111e-06, 3.91324783777e-06, 3.13425607601e-06, 6.47969045531e-07, 1.49128638327e-07, 1.14383645666e-07, 6.8296117206e-08, 9.47120497585e-08, 4.11983247517e-09, 6.24766993695e-09, 4.14296241757e-09, 5.13556130954e-09, 1.46687995084e-10, 1.85524456908e-10, 2.73470246448e-10, 2.30016630742e-11, 2.13251361014e-11, 8.20953461461e-12, 6.32675856149e-12, 2.86924390497e-11, 2.48511823099e-12, 1.14922179464e-17],
        "max": [0.00159022922162, 0.0413323491812, 0.0424119904637, 0.0294336862862, 0.0792397111654, 0.0174357704818, 0.0168251171708, 0.0236418806016, 0.00789451505989, 0.00385246518999, 0.00362839363515, 0.004167154897, 0.00342333712615, 0.000708587584086, 0.000819944485556, 0.000678430078551, 0.000707597646397, 7.49793107389e-05, 0.000167299454915, 0.000281311979052, 6.751017645e-05, 4.80957714899e-05, 3.55968695658e-05, 2.93729081022e-05, 8.09363118606e-05, 1.87083624041e-05, 1.11763256427e-07],
        "mean": [0.000199051050004, 0.00294093624689, 0.00166697311215, 0.00164638762362, 0.00926746521145, 0.00165916618425, 0.00157992215827, 0.00171644380316, 0.000598755606916, 0.000286536378553, 0.000277614919469, 0.000199708447326, 0.000158483613632, 5.61330125493e-05, 3.40244951076e-05, 2.96583275485e-05, 2.69011597993e-05, 7.98189648776e-06, 4.912786153e-06, 2.97576070807e-06, 2.34388494391e-06, 1.95871552933e-06, 8.29478267406e-07, 6.60258365315e-07, 1.21439234135e-06, 2.89174721502e-07, 6.52393084e-10],
        "median": [0.000118523457786, 0.00261409231462, 0.000762991432566, 0.000796315434854, 0.00274986377917, 0.000991524779238, 0.000900019484106, 0.000970061635599, 0.000329477683408, 0.00017982366262, 0.000167261227034, 0.000139128576848, 4.42458549514e-05, 3.03253891616e-05, 1.2368634998e-05, 1.22076353364e-05, 9.78114894679e-06, 3.31380920215e-06, 2.01358329832e-06, 9.85759129435e-07, 7.33784247586e-07, 4.68480180871e-07, 2.13679342664e-07, 9.86237012057e-08, 1.80522761184e-07, 1.93917930602e-08, 2.40127195905e-10],
        "min": [1.41449299917e-06, 1.26669665406e-05, 2.29244596994e-05, 4.44044462711e-06, 0.000159202667419, 3.56723248842e-05, 4.0293965867e-05, 3.30174152623e-05, 6.72097939969e-06, 3.76578600481e-06, 5.69176063436e-06, 3.41448503605e-06, 4.57214127891e-07, 4.1940646156e-07, 3.53487308757e-07, 3.43562845728e-07, 2.63281179969e-07, 9.02122252455e-08, 4.24447286207e-08, 1.61949458288e-08, 7.04770863891e-09, 1.57569812753e-09, 7.28286486673e-10, 3.78210851526e-10, 1.26181244273e-11, 8.50058565205e-12, 1.17721249415e-11],
        "var": [5.26510817167e-08, 1.1062217709e-05, 1.20730992421e-05, 7.45087390897e-06, 0.000241332687438, 3.58507509191e-06, 3.40965539181e-06, 5.35195886187e-06, 7.47109652366e-07, 1.09297261019e-07, 1.2271911487e-07, 6.75507010328e-08, 1.07902707214e-07, 5.06731234751e-09, 3.73469521975e-09, 3.10002956638e-09, 4.33814228984e-09, 1.36393715766e-10, 1.09018259697e-10, 1.49171744401e-10, 2.42870671491e-11, 1.62989656494e-11, 5.47330453529e-12, 5.00566602057e-12, 1.51695010719e-11, 1.23505600278e-12, 1.02620481743e-17]
    },
    "erbbands": {
        "dmean": [0.0304500348866, 0.362183570862, 1.30734014511, 3.3419687748, 4.71978378296, 14.4909420013, 8.36715888977, 7.90142631531, 13.2122621536, 18.9074134827, 7.7113494873, 7.47824573517, 5.44966936111, 2.89602255821, 6.5501499176, 3.82599639893, 4.1927022934, 1.54411947727, 1.17461371422, 1.04692673683, 0.742461979389, 0.927119493484, 0.324603050947, 0.209368601441, 0.0973610505462, 0.0844730064273, 0.0555396899581, 0.0501511394978, 0.0433060079813, 0.0231397859752, 0.0142709109932, 0.0104359416291, 0.00863646995276, 0.00993357319385, 0.00569165684283, 0.00171273667365, 0.000296368118143, 2.0259511075e-05, 2.68257872449e-06, 5.93469258092e-06],
        "dmean2": [0.0508524216712, 0.588973164558, 2.10812330246, 6.00469732285, 8.25924777985, 24.5779304504, 13.489648819, 12.0037078857, 21.9564819336, 27.8754634857, 11.4494457245, 11.5317697525, 8.63479709625, 4.67184066772, 9.92208194733, 5.98521518707, 6.76984977722, 2.3993332386, 1.86967849731, 1.78272807598, 1.24756658077, 1.6162122488, 0.543263673782, 0.345745921135, 0.152348980308, 0.127745524049, 0.0816502794623, 0.0735277161002, 0.0645218268037, 0.033874720335, 0.0202564354986, 0.0156804230064, 0.0116165122017, 0.0153350019827, 0.00844095461071, 0.0026125528384, 0.000442220654804, 3.22412342939e-05, 4.3084396566e-06, 9.57396787271e-06],
        "dvar": [0.00277371145785, 0.647641956806, 9.46131038666, 60.8183364868, 50.4644813538, 571.509460449, 122.099807739, 127.701446533, 347.045959473, 773.93927002, 102.541374207, 215.468078613, 67.5140609741, 18.7158164978, 123.803596497, 44.3183326721, 72.7392578125, 6.39878082275, 3.1804921627, 3.49731898308, 1.70287275314, 7.82544326782, 0.239079222083, 0.159495264292, 0.255347937346, 0.218840152025, 0.051225155592, 0.0159304365516, 0.0142283989117, 0.00947249308228, 0.00246738549322, 0.00164265697822, 0.0010035551386, 0.00167989789043, 0.000645730411634, 6.41254446236e-05, 1.54226370341e-06, 5.13287501391e-09, 1.13563464188e-11, 5.60986188058e-11],
        "dvar2": [0.0069677294232, 1.53085505962, 21.121799469, 178.429092407, 144.687530518, 1689.62414551, 304.408813477, 281.05581665, 917.606201172, 1672.83520508, 204.184906006, 519.02746582, 180.137145996, 43.8020515442, 262.971374512, 116.630447388, 189.018127441, 15.8241176605, 7.63395166397, 9.89378738403, 4.48799848557, 23.7693214417, 0.648890733719, 0.400883316994, 0.536797225475, 0.450136780739, 0.10096591711, 0.0320412665606, 0.0288698654622, 0.0210651103407, 0.00471999542788, 0.00357145373709, 0.00184142135549, 0.00381674710661, 0.00144275010098, 0.000142113800393, 3.4440276977e-06, 1.17444809433e-08, 2.7476762185e-11, 1.42233891332e-10],
        "max": [0.851354241371, 11.6298456192, 31.7642059326, 82.5473480225, 86.3453903198, 453.63760376, 258.371704102, 210.41053772, 302.608703613, 495.42868042, 189.679626465, 226.689071655, 135.378250122, 90.3863754272, 194.770019531, 152.200561523, 148.671661377, 43.7040634155, 36.885181427, 27.8766384125, 21.2216396332, 49.4855880737, 4.8023519516, 4.65213775635, 11.7133607864, 12.0398044586, 5.16781759262, 2.34046339989, 1.67838025093, 2.02560830116, 0.740510284901, 0.727087557316, 0.538805902004, 0.895064175129, 0.525228738785, 0.151213631034, 0.0198950693011, 0.000976668670774, 4.80298513139e-05, 0.00010574569751],
        "mean": [0.0617649182677, 0.7276866436, 1.94567298889, 3.98703360558, 10.9555082321, 47.4001998901, 19.2076969147, 16.1571540833, 23.02384758, 38.5723686218, 18.2949771881, 15.1062574387, 11.9087572098, 5.85859966278, 11.2866010666, 8.7041721344, 8.26036453247, 3.45365262032, 2.56132149696, 1.82990098, 1.3084717989, 1.74336397648, 0.608532726765, 0.328311800957, 0.155878067017, 0.136482581496, 0.0961905568838, 0.0991606712341, 0.0796699300408, 0.0349807590246, 0.0228679738939, 0.0144495861605, 0.0115070538595, 0.0144679322839, 0.00785527564585, 0.00221546716057, 0.000365066545783, 2.62158009718e-05, 1.09862767204e-05, 2.4780181775e-05],
        "median": [0.0379674509168, 0.625684499741, 1.09913647175, 1.93975138664, 4.3780670166, 10.4135961533, 10.6396303177, 9.86536693573, 12.1207790375, 22.3721675873, 13.1675395966, 7.58232688904, 7.55236148834, 3.8187816143, 6.69283771515, 5.96090126038, 3.45672464371, 1.74024987221, 1.59628820419, 0.885787606239, 0.736890256405, 0.614929318428, 0.297304391861, 0.164928242564, 0.0622371919453, 0.0440890751779, 0.0283056106418, 0.0296437647194, 0.0181795619428, 0.00948734395206, 0.00582434376702, 0.00272879027762, 0.00159584428184, 0.00215620314702, 0.00107316300273, 0.000213735824218, 2.65931848844e-05, 2.35430820794e-06, 7.90302328824e-06, 1.7143358491e-05],
        "min": [0.000600068189669, 0.01535145659, 0.0544454604387, 0.0686529576778, 0.0962149277329, 0.449970841408, 0.462665766478, 0.407347142696, 0.771757006645, 1.11453354359, 0.828492283821, 0.294362366199, 0.350261807442, 0.258614003658, 0.346677720547, 0.247817084193, 0.120217852294, 0.10377022624, 0.0329780206084, 0.0389577336609, 0.0292697176337, 0.0300914011896, 0.0101386392489, 0.00360163929872, 0.00188015215099, 0.00083597144112, 0.000476630521007, 0.000238349035499, 0.000117224066344, 4.47929414804e-05, 2.88780174742e-05, 1.75589702849e-05, 1.26985332827e-05, 6.09658309259e-06, 5.15308329341e-06, 3.66514200323e-06, 2.23107304009e-06, 3.8605983832e-07, 2.11277597373e-06, 4.80076732856e-06],
        "var": [0.00553574692458, 0.795852720737, 10.7931194305, 49.0183753967, 231.850402832, 7842.33496094, 653.112976074, 368.067321777, 826.53112793, 2504.48120117, 329.327758789, 544.162719727, 167.041381836, 45.2439575195, 252.695617676, 115.711196899, 210.812088013, 23.0779628754, 8.39027786255, 6.48549938202, 3.30384016037, 20.2431430817, 0.593845069408, 0.217183172703, 0.343780934811, 0.297953724861, 0.077224612236, 0.0319100543857, 0.0243619214743, 0.0107361515984, 0.00371977244504, 0.00212152651511, 0.00171356450301, 0.00199776072986, 0.000737398455385, 7.34718923923e-05, 1.81070106464e-06, 6.8153616084e-09, 6.73980107835e-11, 3.74154290883e-10]
    },
    "gfcc": {
        "mean": [-122.847045898, 213.122024536, -104.015731812, -5.73033428192, -39.599609375, -7.06931304932, -27.9433269501, -4.66896820068, -13.3313837051, -5.3656129837, -5.53967142105, -5.55724000931, -1.01492059231],
        "cov": [[1806.18261719, -1472.83337402, 348.811340332, 617.135192871, -803.501953125, 614.655212402, -258.869049072, 187.994491577, -103.015434265, 279.971740723, -165.927780151, 131.894592285, 9.34917354584], [-1472.83337402, 1831.58935547, -523.276184082, -735.202636719, 996.540344238, -789.485778809, 300.392944336, -316.669281006, 128.488372803, -347.136993408, 199.713500977, -179.412841797, -44.3228225708], [348.811340332, -523.276184082, 432.968597412, 158.347961426, -270.993865967, 224.172744751, -163.492507935, 60.2905273438, -116.391166687, 65.2158203125, -73.6158065796, 31.3089981079, -13.287528038], [617.135192871, -735.202636719, 158.347961426, 451.803894043, -413.451538086, 301.069366455, -68.3566131592, 119.405426025, -18.5871505737, 137.123535156, -77.92137146, 64.2106018066, 39.5892524719], [-803.501953125, 996.540344238, -270.993865967, -413.451538086, 683.598999023, -482.491912842, 104.018615723, -182.291397095, 18.1401062012, -221.362792969, 68.7424468994, -86.9511489868, -40.6240310669], [614.655212402, -789.485778809, 224.172744751, 301.069366455, -482.491912842, 534.549255371, -83.4653549194, 145.236480713, 0.503677427769, 186.928939819, -80.7997207642, 66.0912246704, 36.744354248], [-258.869049072, 300.392944336, -163.492507935, -68.3566131592, 104.018615723, -83.4653549194, 175.72277832, 1.21180081367, 70.2903900146, -17.8337249756, 58.1896705627, -20.8839912415, -0.949472904205], [187.994491577, -316.669281006, 60.2905273438, 119.405426025, -182.291397095, 145.236480713, 1.21180081367, 199.399398804, 51.622543335, 91.0763702393, -21.2114467621, 65.45728302, 17.5627822876], [-103.015434265, 128.488372803, -116.391166687, -18.5871505737, 18.1401062012, 0.503677427769, 70.2903900146, 51.622543335, 175.930130005, 44.9086685181, 15.0314359665, 11.7305774689, 26.2231254578], [279.971740723, -347.136993408, 65.2158203125, 137.123535156, -221.362792969, 186.928939819, -17.8337249756, 91.0763702393, 44.9086685181, 154.437927246, -14.6740093231, 39.4722290039, 19.5164318085], [-165.927780151, 199.713500977, -73.6158065796, -77.92137146, 68.7424468994, -80.7997207642, 58.1896705627, -21.2114467621, 15.0314359665, -14.6740093231, 108.88167572, -11.2468996048, -7.12634372711], [131.894592285, -179.412841797, 31.3089981079, 64.2106018066, -86.9511489868, 66.0912246704, -20.8839912415, 65.45728302, 11.7305774689, 39.4722290039, -11.2468996048, 104.294128418, 33.6353034973], [9.34917354584, -44.3228225708, -13.287528038, 39.5892524719, -40.6240310669, 36.744354248, -0.949472904205, 17.5627822876, 26.2231254578, 19.5164318085, -7.12634372711, 33.6353034973, 64.9962234497]],
        "icov": [[0.00189199158922, 0.000933174102101, 0.000784640316851, -0.000596930913161, 0.000608871225268, -7.48265592847e-05, 0.00098704721313, 0.000758630048949, 0.000105304359749, -0.000529994664248, 0.000406545121223, -0.000671763264108, 0.00162936304696], [0.000933174102101, 0.0274726897478, -0.00342279928736, 0.0135339889675, -0.0144233061001, 0.0074683916755, -0.0192513726652, 0.0120736975223, -0.0162836313248, 0.013051240705, -0.00998309068382, 0.00983769446611, -0.0106584886089], [0.000784640316851, -0.00342279928736, 0.00604236777872, -0.00180600036401, 0.0033226958476, -0.00185116112698, 0.0061472482048, -0.00235341698863, 0.00459344312549, -0.00214470387436, 0.0022019224707, -0.00155062333215, 0.00357193942182], [-0.000596930913161, 0.0135339889675, -0.00180600036401, 0.0127901341766, -0.00470752222463, 0.00400786567479, -0.010854373686, 0.00544639723375, -0.00743382191285, 0.00634724879637, -0.00307275145315, 0.00520895048976, -0.00762210786343], [0.000608871225268, -0.0144233061001, 0.0033226958476, -0.00470752222463, 0.0152713805437, -0.00105098448694, 0.0105045000091, -0.00499841105193, 0.00813210569322, -0.0045188893564, 0.00739290146157, -0.00574847683311, 0.00712788570672], [-7.48265592847e-05, 0.0074683916755, -0.00185116112698, 0.00400786567479, -0.00105098448694, 0.00810031220317, -0.00599902914837, 0.00311038456857, -0.00457645300776, 0.00127773114946, -0.000851702527143, 0.00314091029577, -0.00413635931909], [0.00098704721313, -0.0192513726652, 0.0061472482048, -0.010854373686, 0.0105045000091, -0.00599902914837, 0.0256368909031, -0.00997109059244, 0.0101144667715, -0.00914115086198, 0.00387050490826, -0.00600487645715, 0.00981980655342], [0.000758630048949, 0.0120736975223, -0.00235341698863, 0.00544639723375, -0.00499841105193, 0.00311038456857, -0.00997109059244, 0.0147563498467, -0.00956850405782, 0.003961362876, -0.00333750830032, -0.000295735953841, -0.00223165703937], [0.000105304359749, -0.0162836313248, 0.00459344312549, -0.00743382191285, 0.00813210569322, -0.00457645300776, 0.0101144667715, -0.00956850405782, 0.0201623737812, -0.0124430349097, 0.00726366136223, -0.00526033574715, 0.00387105788104], [-0.000529994664248, 0.013051240705, -0.00214470387436, 0.00634724879637, -0.0045188893564, 0.00127773114946, -0.00914115086198, 0.003961362876, -0.0124430349097, 0.0230503901839, -0.00724047189578, 0.00450537586585, -0.00510550336912], [0.000406545121223, -0.00998309068382, 0.0022019224707, -0.00307275145315, 0.00739290146157, -0.000851702527143, 0.00387050490826, -0.00333750830032, 0.00726366136223, -0.00724047189578, 0.017251893878, -0.00474746851251, 0.00510798534378], [-0.000671763264108, 0.00983769446611, -0.00155062333215, 0.00520895048976, -0.00574847683311, 0.00314091029577, -0.00600487645715, -0.000295735953841, -0.00526033574715, 0.00450537586585, -0.00474746851251, 0.018939781934, -0.011613227427], [0.00162936304696, -0.0106584886089, 0.00357193942182, -0.00762210786343, 0.00712788570672, -0.00413635931909, 0.00981980655342, -0.00223165703937, 0.00387105788104, -0.00510550336912, 0.00510798534378, -0.011613227427, 0.027336711064]]
    },
    "melbands": {
        "dmean": [0.000321903615259, 0.000595403718762, 0.000577094266191, 0.00062282779254, 0.000408558087656, 0.00017765078519, 0.000191586106666, 0.000217563705519, 5.11683974764e-05, 4.95154563396e-05, 2.68669809884e-05, 1.19890364658e-05, 1.91508788703e-05, 1.05805174826e-05, 1.09174370664e-05, 1.10111095637e-05, 2.20796982831e-06, 2.18014611164e-06, 2.03126637643e-06, 1.72370971541e-06, 5.98373901539e-07, 1.21915093132e-06, 2.98747067973e-07, 2.15228638467e-07, 1.99604741624e-07, 6.72674786983e-08, 7.60659446541e-08, 5.63163382594e-08, 3.8615187492e-08, 3.21278683657e-08, 3.16565369474e-08, 2.88140711291e-08, 1.66332387863e-08, 1.23036878463e-08, 8.97093599406e-09, 7.00649005481e-09, 6.74092293096e-09, 5.69628388902e-09, 7.36089278419e-09, 9.54479695281e-09],
        "dmean2": [0.000541787710972, 0.000942460435908, 0.00101920810994, 0.00106286478695, 0.000670214300044, 0.000274134014035, 0.000320890569128, 0.000315945770126, 7.72739731474e-05, 7.57906818762e-05, 4.27857412433e-05, 1.94809745153e-05, 2.90478510578e-05, 1.61960506375e-05, 1.76019948412e-05, 1.75104578375e-05, 3.52019583261e-06, 3.4089619021e-06, 3.52304368789e-06, 2.85922101284e-06, 1.0131000181e-06, 2.14251031139e-06, 5.03038506849e-07, 3.5199562376e-07, 3.31570845447e-07, 1.04588629313e-07, 1.20352595445e-07, 8.67620428835e-08, 5.81915422515e-08, 4.9595982432e-08, 4.75843329184e-08, 4.38767280286e-08, 2.45866242921e-08, 1.84680573057e-08, 1.27595454202e-08, 1.04223412123e-08, 1.01491890447e-08, 8.01257638017e-09, 1.05780939563e-08, 1.50068810711e-08],
        "dvar": [3.63507012935e-07, 1.58253669724e-06, 1.57323518124e-06, 9.17274462608e-07, 3.28796886606e-07, 5.88350168584e-08, 6.76715359305e-08, 1.0669107553e-07, 4.03429645246e-09, 1.00490415988e-08, 1.68676650425e-09, 3.45585698946e-10, 9.52441570057e-10, 2.62527777295e-10, 4.51608944685e-10, 6.97539248584e-10, 1.04583269128e-11, 1.32219998839e-11, 2.5795844627e-11, 1.43127957403e-11, 1.01104638984e-12, 1.35344409291e-11, 2.50297693813e-13, 1.30209712912e-13, 1.4921558726e-13, 1.25687681833e-13, 1.90944157187e-13, 8.96388269601e-14, 2.88216851644e-14, 9.02976932322e-15, 6.20221664419e-15, 5.46114031885e-15, 3.49367400007e-15, 2.96445268506e-15, 8.97244213335e-16, 7.39856015554e-16, 6.54111611457e-16, 4.27303160888e-16, 8.28860331827e-16, 1.5243294916e-15],
        "dvar2": [8.530664104e-07, 3.26123222294e-06, 4.58826752947e-06, 2.72909392152e-06, 8.82720769368e-07, 1.38375682468e-07, 1.81518387876e-07, 2.15018943095e-07, 8.59228688199e-09, 2.41662458933e-08, 4.50060966273e-09, 8.17119427676e-10, 2.0613539764e-09, 5.9180310652e-10, 1.13472720109e-09, 1.77507297749e-09, 2.5682830862e-11, 3.01702829386e-11, 7.57057055933e-11, 3.54819888748e-11, 2.81839785884e-12, 4.11308487269e-11, 7.06843708998e-13, 3.54193101714e-13, 3.87757859675e-13, 2.65308228945e-13, 4.58540323767e-13, 1.75933174821e-13, 6.00733858817e-14, 1.80253642551e-14, 1.39738803075e-14, 1.16445956068e-14, 7.20017815715e-15, 6.88438182804e-15, 1.79041186885e-15, 1.66279979084e-15, 1.39775206434e-15, 7.83837460186e-16, 1.73218015367e-15, 3.5603517984e-15],
        "max": [0.00836383644491, 0.014526752755, 0.0136331347749, 0.019977370277, 0.0128773627803, 0.00414477009326, 0.00394466053694, 0.00556033663452, 0.00111225061119, 0.00153028301429, 0.000683500315063, 0.000332877854817, 0.000509092176799, 0.000292613374768, 0.000627609028015, 0.000473442923976, 4.83206604258e-05, 8.1372592831e-05, 8.83397369762e-05, 6.44963511149e-05, 1.31616670842e-05, 6.20981591055e-05, 7.39954612072e-06, 4.11815562984e-06, 3.91693765778e-06, 7.25458039597e-06, 1.01184323285e-05, 7.9085575635e-06, 3.8722246245e-06, 1.570111408e-06, 1.46378476984e-06, 1.02461308416e-06, 9.67851860878e-07, 1.1685544905e-06, 4.80457742924e-07, 5.61172385005e-07, 4.13324357851e-07, 3.78545564672e-07, 6.36988602309e-07, 8.49773698519e-07],
        "mean": [0.000701753422618, 0.00105131359305, 0.000772944476921, 0.00216595851816, 0.00102946581319, 0.000358418794349, 0.000326182722347, 0.00044098845683, 0.000122611192637, 9.59186218097e-05, 5.7121131249e-05, 2.19519752136e-05, 3.3465326851e-05, 2.25795320148e-05, 2.26980519074e-05, 1.8510798327e-05, 4.66837809654e-06, 4.41763086201e-06, 3.16660657518e-06, 2.58918635154e-06, 1.02241790501e-06, 2.18258719542e-06, 5.6428808648e-07, 3.82649233188e-07, 2.74490417951e-07, 1.00555105575e-07, 1.08497019369e-07, 8.76469528066e-08, 6.05867214176e-08, 5.6317336572e-08, 5.72148231015e-08, 5.19418179579e-08, 2.5089390121e-08, 1.70542673317e-08, 1.38748612599e-08, 9.88186066309e-09, 8.43977421283e-09, 7.10663883297e-09, 1.00219113008e-08, 1.31345103682e-08],
        "median": [0.000586117152125, 0.000712780049071, 0.000397020310629, 0.000527164840605, 0.00045281383791, 0.000229733355809, 0.000179519644007, 0.000252126628766, 9.23654442886e-05, 4.46943959105e-05, 3.46531815012e-05, 1.3335076801e-05, 2.08148176171e-05, 1.43242814374e-05, 1.43068737088e-05, 3.17809758599e-06, 2.76297055279e-06, 2.33978812503e-06, 9.02958845472e-07, 1.07077801204e-06, 4.98186750519e-07, 6.82489201154e-07, 2.89646607143e-07, 1.64977294048e-07, 1.17024633539e-07, 3.25191713557e-08, 3.59055860599e-08, 2.37026345218e-08, 1.63595537117e-08, 1.61408522104e-08, 1.57509738585e-08, 1.06294235636e-08, 5.90565951697e-09, 4.19331325219e-09, 3.45711881344e-09, 2.24845919661e-09, 1.14065623613e-09, 6.64841737219e-10, 1.39649547481e-09, 1.86722637352e-09],
