{
"highlevel": {
    "danceability": {
        "all": {
            "danceable": 0.416614443064,
            "not_danceable": 0.583385527134
        },
        "probability": 0.583385527134,
        "value": "not_danceable"
    },
    "gender": {
        "all": {
            "female": 0.0727354586124,
            "male": 0.927264511585
        },
        "probability": 0.927264511585,
        "value": "male"
    },
    "genre_dortmund": {
        "all": {
            "alternative": 0.121719457209,
            "blues": 0.0225056633353,
            "electronic": 0.0118664605543,
            "folkcountry": 0.208976015449,
            "funksoulrnb": 0.00689455261454,
            "jazz": 0.0168681778014,
            "pop": 0.108366332948,
            "raphiphop": 0.00191580061801,
            "rock": 0.500887572765
        },
        "probability": 0.500887572765,
        "value": "rock"
    },
    "genre_electronic": {
        "all": {
            "ambient": 0.48410269618,
            "dnb": 0.164744794369,
            "house": 0.157279640436,
            "techno": 0.0150085901842,
            "trance": 0.178864300251
        },
        "probability": 0.48410269618,
        "value": "ambient"
    },
    "genre_rosamerica": {
        "all": {
            "cla": 0.00874021090567,
            "dan": 0.0484275743365,
            "hip": 0.00636362750083,
            "jaz": 0.0215525645763,
            "pop": 0.4381313622,
            "rhy": 0.0418459065259,
            "roc": 0.432319372892,
            "spe": 0.00261938711628
        },
        "probability": 0.4381313622,
        "value": "pop"
    },
    "genre_tzanetakis": {
        "all": {
            "blu": 0.0626613423228,
            "cla": 0.0348169617355,
            "cou": 0.104475811124,
            "dis": 0.0784321576357,
            "hip": 0.15692435205,
            "jaz": 0.313974827528,
            "met": 0.0448166541755,
            "pop": 0.0627359300852,
            "reg": 0.0627360641956,
            "roc": 0.0784258767962
        },
        "probability": 0.313974827528,
        "value": "jaz"
    },
    "ismir04_rhythm": {
        "all": {
            "ChaChaCha": 0.338564962149,
            "Jive": 0.0563584193587,
            "Quickstep": 0.169776290655,
            "Rumba-American": 0.0204870346934,
            "Rumba-International": 0.0839869379997,
            "Rumba-Misc": 0.00941636972129,
            "Samba": 0.179941177368,
            "Tango": 0.0333599634469,
            "VienneseWaltz": 0.0935019925237,
            "Waltz": 0.014606859535
        },
        "probability": 0.338564962149,
        "value": "ChaChaCha"
    },
    "mood_acoustic": {
        "all": {
            "acoustic": 0.353327304125,
            "not_acoustic": 0.646672725677
        },
        "probability": 0.646672725677,
        "value": "not_acoustic"
    },
    "mood_aggressive": {
        "all": {
            "aggressive": 0.112451203167,
            "not_aggressive": 0.887548804283
        },
        "probability": 0.887548804283,
        "value": "not_aggressive"
    },
    "mood_electronic": {
        "all": {
            "electronic": 0.213843479753,
            "not_electronic": 0.786156535149
        },
        "probability": 0.786156535149,
        "value": "not_electronic"
    },
    "mood_happy": {
        "all": {
            "happy": 0.735951602459,
            "not_happy": 0.264048367739
        },
        "probability": 0.735951602459,
        "value": "happy"
    },
    "mood_party": {
        "all": {
            "not_party": 0.729723155499,
            "party": 0.270276844501
        },
        "probability": 0.729723155499,
        "value": "not_party"
    },
    "mood_relaxed": {
        "all": {
            "not_relaxed": 0.727557182312,
            "relaxed": 0.272442817688
        },
        "probability": 0.727557182312,
        "value": "not_relaxed"
    },
    "mood_sad": {
        "all": {
            "not_sad": 0.568133354187,
            "sad": 0.431866645813
        },
        "probability": 0.568133354187,
        "value": "not_sad"
    },
    "moods_mirex": {
        "all": {
            "Cluster1": 0.49323362112,
            "Cluster2": 0.180932700634,
            "Cluster3": 0.152439206839,
            "Cluster4": 0.121846176684,
            "Cluster5": 0.051548294723
        },
        "probability": 0.49323362112,
        "value": "Cluster1"
    },
    "timbre": {
        "all": {
            "bright": 0.725468397141,
            "dark": 0.274531602859
        },
        "probability": 0.725468397141,
        "value": "bright"
    },
    "tonal_atonal": {
        "all": {
            "atonal": 0.00180021603592,
            "tonal": 0.998199760914
        },
        "probability": 0.998199760914,
        "value": "tonal"
    },
    "voice_instrumental": {
        "all": {
            "instrumental": 0.000260236993199,
            "voice": 0.999739766121
        },
        "probability": 0.999739766121,
        "value": "voice"
    }
},
"lowlevel": {
    "average_loudness": 0.960294306278,
    "barkbands_crest": {
        "dmean": 2.67268252373,
        "dmean2": 4.30596542358,
        "dvar": 6.4011592865,
        "dvar2": 15.5448284149,
        "max": 23.7165241241,
        "mean": 8.97354030609,
        "median": 8.19351482391,
        "min": 2.78929257393,
        "var": 13.9291782379
    },
    "barkbands_flatness_db": {
        "dmean": 0.0209394898266,
        "dmean2": 0.031985014677,
        "dvar": 0.00043309998,
        "dvar2": 0.000933862233069,
        "max": 0.275569111109,
        "mean": 0.137098237872,
        "median": 0.133789718151,
        "min": 0.0492424406111,
        "var": 0.00180296495091
    },
    "barkbands_kurtosis": {
        "dmean": 2.93368768692,
        "dmean2": 4.57464408875,
        "dvar": 20.4302043915,
        "dvar2": 47.2698707581,
        "max": 72.7336120605,
        "mean": 4.38254117966,
        "median": 2.4695725441,
        "min": -1.84152340889,
        "var": 38.0240478516
    },
    "barkbands_skewness": {
        "dmean": 0.53261166811,
        "dmean2": 0.82468265295,
        "dvar": 0.30914029479,
        "dvar2": 0.667670845985,
        "max": 7.4839425087,
        "mean": 1.74616360664,
        "median": 1.60476219654,
        "min": -0.621392726898,
        "var": 1.01258206367
    },
    "barkbands_spread": {
        "dmean": 5.72965192795,
        "dmean2": 8.87500286102,
        "dvar": 39.3700294495,
        "dvar2": 76.0873947144,
        "max": 91.4904937744,
        "mean": 22.4195404053,
        "median": 19.6628932953,
        "min": 2.93880152702,
        "var": 177.237319946
    },
    "dissonance": {
        "dmean": 0.0195652246475,
        "dmean2": 0.0328625924885,
        "dvar": 0.000340198428603,
        "dvar2": 0.000943435530644,
        "max": 0.500000059605,
        "mean": 0.462681412697,
        "median": 0.468070924282,
        "min": 0.297471702099,
        "var": 0.000639438047074
    },
    "dynamic_complexity": 2.42798805237,
    "erbbands_crest": {
        "dmean": 2.57324504852,
        "dmean2": 4.23718833923,
        "dvar": 6.40036439896,
        "dvar2": 17.4779701233,
        "max": 28.0691280365,
        "mean": 7.92626857758,
        "median": 6.89959192276,
        "min": 2.58503890038,
        "var": 14.4852237701
    },
    "erbbands_flatness_db": {
        "dmean": 0.0164624024183,
        "dmean2": 0.0229698177427,
        "dvar": 0.000228380507906,
        "dvar2": 0.0003849020286,
        "max": 0.283120006323,
        "mean": 0.141575574875,
        "median": 0.140839502215,
        "min": 0.0629430860281,
        "var": 0.00114698510151
    },
    "erbbands_kurtosis": {
        "dmean": 0.714574694633,
        "dmean2": 1.13693928719,
        "dvar": 0.820270359516,
        "dvar2": 1.94597101212,
        "max": 10.8205833435,
        "mean": 0.231778413057,
        "median": -0.170104503632,
        "min": -1.61287736893,
        "var": 2.14704442024
    },
    "erbbands_skewness": {
        "dmean": 0.328210502863,
        "dmean2": 0.51049888134,
        "dvar": 0.0811318382621,
        "dvar2": 0.188354358077,
        "max": 3.04250073433,
        "mean": 0.417152017355,
        "median": 0.376073777676,
        "min": -1.39040088654,
        "var": 0.425161361694
    },
    "erbbands_spread": {
        "dmean": 8.39733505249,
        "dmean2": 12.4843244553,
        "dvar": 61.2091178894,
        "dvar2": 123.180297852,
        "max": 116.49041748,
        "mean": 44.4179039001,
        "median": 41.0391044617,
        "min": 11.6818218231,
        "var": 336.679595947
    },
    "hfc": {
        "dmean": 6.30153274536,
        "dmean2": 9.22696208954,
        "dvar": 79.7451782227,
        "dvar2": 151.186218262,
        "max": 165.741226196,
        "mean": 24.7047481537,
        "median": 20.1196575165,
        "min": 1.69455468655,
        "var": 382.369384766
    },
    "melbands_crest": {
        "dmean": 3.23427557945,
        "dmean2": 5.27254629135,
        "dvar": 8.97356510162,
        "dvar2": 21.6579227448,
        "max": 28.9713115692,
        "mean": 12.9826192856,
        "median": 12.018910408,
        "min": 3.59815573692,
        "var": 24.2107467651
    },
    "melbands_flatness_db": {
        "dmean": 0.0253067072481,
        "dmean2": 0.0384323522449,
        "dvar": 0.000700603763107,
        "dvar2": 0.0015224989038,
        "max": 0.361947000027,
        "mean": 0.18497274816,
        "median": 0.180377230048,
        "min": 0.0507631152868,
        "var": 0.00338965049013
    },
    "melbands_kurtosis": {
        "dmean": 7.7894744873,
        "dmean2": 12.0914096832,
        "dvar": 152.558410645,
        "dvar2": 336.725128174,
        "max": 131.278808594,
        "mean": 15.0303421021,
        "median": 9.56301116943,
        "min": -1.06494319439,
        "var": 294.25378418
    },
    "melbands_skewness": {
        "dmean": 0.755453646183,
        "dmean2": 1.16250598431,
        "dvar": 0.666369855404,
        "dvar2": 1.4075756073,
        "max": 9.23706150055,
        "mean": 2.8989136219,
        "median": 2.62684440613,
        "min": 0.136522069573,
        "var": 2.23489832878
    },
    "melbands_spread": {
        "dmean": 6.27865505219,
        "dmean2": 10.0151119232,
        "dvar": 55.9705505371,
        "dvar2": 117.792854309,
        "max": 136.902694702,
        "mean": 21.1598567963,
        "median": 18.5636367798,
        "min": 1.86604130268,
        "var": 203.828399658
    },
    "pitch_salience": {
        "dmean": 0.0716544911265,
        "dmean2": 0.114574596286,
        "dvar": 0.00419561564922,
        "dvar2": 0.0105800898746,
        "max": 0.816469073296,
        "mean": 0.590407907963,
        "median": 0.603582620621,
        "min": 0.190195456147,
        "var": 0.0101710557938
    },
    "silence_rate_20dB": {
        "dmean": 0,
        "dmean2": 0,
        "dvar": 0,
        "dvar2": 0,
        "max": 1,
        "mean": 1,
        "median": 1,
        "min": 1,
        "var": 0
    },
    "silence_rate_30dB": {
        "dmean": 0,
        "dmean2": 0,
        "dvar": 0,
        "dvar2": 0,
        "max": 1,
        "mean": 1,
        "median": 1,
        "min": 1,
        "var": 0
    },
    "silence_rate_60dB": {
        "dmean": 0,
        "dmean2": 0,
        "dvar": 0,
        "dvar2": 0,
        "max": 0,
        "mean": 0,
        "median": 0,
        "min": 0,
        "var": 0
    },
    "spectral_centroid": {
        "dmean": 221.517944336,
        "dmean2": 354.106689453,
        "dvar": 52776.0625,
        "dvar2": 109848.796875,
        "max": 3370.50805664,
        "mean": 1114.70800781,
        "median": 1061.53369141,
        "min": 321.510772705,
        "var": 233383.53125
    },
    "spectral_complexity": {
        "dmean": 4.06346750259,
        "dmean2": 6.03020906448,
        "dvar": 17.0980415344,
        "dvar2": 32.4754753113,
        "max": 53,
        "mean": 21.9481830597,
        "median": 20,
        "min": 5,
        "var": 68.978729248
    },
    "spectral_decrease": {
        "dmean": 2.2349249118e-09,
        "dmean2": 3.49856432713e-09,
        "dvar": 5.89680266923e-18,
        "dvar2": 1.38700338168e-17,
        "max": -8.35902069785e-10,
        "mean": -8.33112778764e-09,
        "median": -8.03125033144e-09,
        "min": -2.55058214549e-08,
        "var": 2.13553466897e-17
    },
    "spectral_energy": {
        "dmean": 0.00873428210616,
        "dmean2": 0.0136306416243,
        "dvar": 8.7617598183e-05,
        "dvar2": 0.000204723182833,
        "max": 0.100186437368,
        "mean": 0.0336843580008,
        "median": 0.0333024859428,
        "min": 0.0034584547393,
        "var": 0.000332002062351
    },
    "spectral_energyband_high": {
        "dmean": 0.000479547772557,
        "dmean2": 0.000655107258353,
        "dvar": 9.77391437118e-07,
        "dvar2": 1.68692361058e-06,
        "max": 0.018342839554,
        "mean": 0.00125588686205,
        "median": 0.000655393057968,
        "min": 1.59339015227e-06,
        "var": 3.77644892069e-06
    },
    "spectral_energyband_low": {
        "dmean": 0.00525424256921,
        "dmean2": 0.00814506132156,
        "dvar": 6.41679362161e-05,
        "dvar2": 0.000148331862874,
        "max": 0.0694576874375,
        "mean": 0.0104367658496,
        "median": 0.00703540444374,
        "min": 0.000121478115034,
        "var": 0.000110272798338
    },
    "spectral_energyband_middle_high": {
        "dmean": 0.00180073641241,
        "dmean2": 0.00281816162169,
        "dvar": 5.59667068956e-06,
        "dvar2": 1.35153386509e-05,
        "max": 0.043525416404,
        "mean": 0.00529340002686,
        "median": 0.00395492790267,
        "min": 0.000201211936655,
        "var": 2.19841276703e-05
    },
    "spectral_energyband_middle_low": {
        "dmean": 0.00607195543125,
        "dmean2": 0.00971340574324,
        "dvar": 5.1690494729e-05,
        "dvar2": 0.000134326051921,
        "max": 0.086683653295,
        "mean": 0.0185607261956,
        "median": 0.0148176923394,
        "min": 0.000951839901973,
        "var": 0.00019417006115
    },
    "spectral_entropy": {
        "dmean": 0.154458165169,
        "dmean2": 0.220417127013,
        "dvar": 0.0262303631753,
        "dvar2": 0.046789098531,
        "max": 8.58354759216,
        "mean": 7.65064287186,
        "median": 7.7051153183,
        "min": 6.20071458817,
        "var": 0.152137219906
    },
    "spectral_flux": {
        "dmean": 0.0251401811838,
        "dmean2": 0.0386991165578,
        "dvar": 0.000699588505086,
        "dvar2": 0.00156814639922,
        "max": 0.233196377754,
        "mean": 0.0946814566851,
        "median": 0.0901023447514,
        "min": 0.0134182507172,
        "var": 0.00188465649262
    },
    "spectral_kurtosis": {
        "dmean": 1.14280974865,
        "dmean2": 1.80060362816,
        "dvar": 2.27185511589,
        "dvar2": 4.84263896942,
        "max": 26.9643325806,
        "mean": 3.5853471756,
        "median": 2.85386419296,
        "min": -0.75761961937,
        "var": 9.98350524902
    },
    "spectral_rms": {
        "dmean": 0.000738943752367,
        "dmean2": 0.00113049312495,
        "dvar": 5.6070791743e-07,
        "dvar2": 1.21394180042e-06,
        "max": 0.00988649949431,
        "mean": 0.00549475150183,
        "median": 0.00570002011955,
        "min": 0.00183687289245,
        "var": 2.67049608738e-06
    },
    "spectral_rolloff": {
        "dmean": 490.847076416,
        "dmean2": 802.651062012,
        "dvar": 698500.375,
        "dvar2": 1331718.5,
        "max": 9517.67578125,
        "mean": 1352.14526367,
        "median": 1012.06054688,
        "min": 86.1328125,
        "var": 2057136
    },
    "spectral_skewness": {
        "dmean": 0.181482374668,
        "dmean2": 0.281691104174,
        "dvar": 0.0360841155052,
        "dvar2": 0.0754545480013,
        "max": 3.87995362282,
        "mean": 1.53982245922,
        "median": 1.49755144119,
        "min": 0.429216951132,
        "var": 0.228537216783
    },
    "spectral_spread": {
        "dmean": 569493.875,
        "dmean2": 780076.1875,
        "dvar": 425903521792,
        "dvar2": 755422855168,
        "max": 10941302,
        "mean": 5150661.5,
        "median": 4947407,
        "min": 1713080.625,
        "var": 2.03896219238e+12
    },
    "spectral_strongpeak": {
        "dmean": 0.459580332041,
        "dmean2": 0.783383369446,
        "dvar": 0.433644264936,
        "dvar2": 1.12172031403,
        "max": 6.04811382294,
        "mean": 0.852036118507,
        "median": 0.507795751095,
        "min": 0.0465185940266,
        "var": 0.740423679352
    },
    "zerocrossingrate": {
        "dmean": 0.010385802947,
        "dmean2": 0.0118583133444,
        "dvar": 0.000122464567539,
        "dvar2": 0.000132212837343,
        "max": 0.2607421875,
        "mean": 0.0624286271632,
        "median": 0.0537109375,
        "min": 0.01025390625,
        "var": 0.00119555578567
    },
    "barkbands": {
        "dmean": [9.04828702915e-05, 0.00367209152319, 0.00211052293889, 0.00164749857504, 0.00268190843053, 0.00202109082602, 0.00167087744921, 0.00144699041266, 0.000983009114861, 0.000474003114505, 0.000586410867982, 0.000487068522489, 0.000390456145396, 0.000424492871389, 0.000296170066576, 0.000198237845325, 0.000183528958587, 0.000149501560372, 0.000100135512184, 0.000113012283691, 8.95826524356e-05, 8.72516611707e-05, 0.000111509798444, 0.000167988822795, 8.80931111169e-05, 2.65359467448e-05, 2.39605313368e-08],
        "dmean2": [0.000125045742607, 0.00579028064385, 0.00359922973439, 0.00262007745914, 0.004421798978, 0.00331823667511, 0.00271620159037, 0.00233963876963, 0.00158665236086, 0.000750182778575, 0.000928419933189, 0.000762479030527, 0.00062502064975, 0.000698140880559, 0.000483582698507, 0.000319239101373, 0.000291242671665, 0.000237946180278, 0.000157373069669, 0.000173990134499, 0.000143718469189, 0.000134355970658, 0.000162546450156, 0.000249954813626, 0.000130684769829, 3.9772978198e-05, 4.21860377742e-08],
        "dvar": [3.35217542613e-08, 5.33872844244e-05, 1.05559311123e-05, 5.34643231731e-06, 1.5239386812e-05, 1.70624953171e-05, 1.28481342472e-05, 1.04220234789e-05, 6.04012257099e-06, 9.35937578106e-07, 1.93221444533e-06, 6.11340851719e-07, 5.30324257397e-07, 5.05791660999e-07, 3.29690578837e-07, 1.14880897684e-07, 6.51159623999e-08, 5.45645733041e-08, 1.79488086616e-08, 3.04545686447e-08, 2.25817053945e-08, 2.05048156232e-08, 4.34286171469e-08, 2.51415968933e-07, 6.05908994089e-08, 3.44774120364e-09, 6.48785309466e-15],
        "dvar2": [5.65566118382e-08, 0.000123201942188, 3.02065782307e-05, 1.36358585223e-05, 4.02686200687e-05, 4.12126646552e-05, 3.06090405502e-05, 2.55653048953e-05, 1.67210109794e-05, 2.35504580814e-06, 4.82496216136e-06, 1.48330809679e-06, 1.28267652144e-06, 1.40155634654e-06, 7.96822916982e-07, 2.83650109623e-07, 1.45909353932e-07, 1.32620996851e-07, 4.0807321966e-08, 6.86014303142e-08, 5.45754090808e-08, 4.25098320989e-08, 7.49541513301e-08, 5.31009391125e-07, 1.2910531666e-07, 7.68812924434e-09, 1.92152812216e-14],
        "max": [0.00168564112391, 0.0634377598763, 0.0256878100336, 0.0270039364696, 0.051542147994, 0.0791791379452, 0.052890535444, 0.0444853901863, 0.038113925606, 0.0132396202534, 0.0272545851767, 0.00982283707708, 0.0110621554777, 0.0112689994276, 0.00836824811995, 0.00597883900627, 0.00311134615913, 0.00252663972788, 0.00181531452108, 0.00188736559357, 0.00176707841456, 0.00136534508783, 0.00365983974189, 0.0100887045264, 0.00492804637179, 0.00119012303185, 9.93560092866e-07],
        "mean": [0.000108620944957, 0.00531582348049, 0.00332406861708, 0.00350521365181, 0.00526791717857, 0.00330622773618, 0.00257698120549, 0.0020941561088, 0.00143700663466, 0.000798679771833, 0.000884926063009, 0.000780218280852, 0.000664080609567, 0.000677072908729, 0.000478803820442, 0.000333145697368, 0.0003083141346, 0.000258664571447, 0.000198320994969, 0.000218839704758, 0.000175696492079, 0.000198925845325, 0.000243619142566, 0.000340199592756, 0.000156315494678, 3.25367473124e-05, 1.81937878097e-08],
        "median": [1.41628424899e-05, 0.00237412797287, 0.00214705755934, 0.00180608476512, 0.00325907976367, 0.00145240686834, 0.000925253436435, 0.000726224621758, 0.000523823488038, 0.000411918066675, 0.000292190990876, 0.000410217762692, 0.000336057477398, 0.000371472851839, 0.000245016679401, 0.000183823198313, 0.000208974350244, 0.000150806590682, 0.00012517462892, 0.000122386962175, 9.64953214861e-05, 9.71376575762e-05, 0.000113812136988, 0.000124437254271, 5.89008523093e-05, 7.12034670869e-06, 7.84065479209e-10],
        "min": [2.32607284545e-08, 1.29592240228e-06, 1.03424108602e-05, 2.26157844736e-05, 5.45341790712e-05, 4.92018880323e-05, 1.59662158694e-05, 1.97437884708e-06, 8.71616884979e-06, 1.12334564619e-05, 1.92624906958e-06, 5.09705796503e-06, 6.58276121612e-06, 8.05394392955e-06, 4.84809379486e-06, 2.21330378736e-06, 6.61900628529e-07, 1.66675624769e-06, 2.47365136374e-07, 3.96735693187e-08, 2.83095488385e-07, 2.19324860495e-07, 2.33697718954e-07, 2.91839029387e-07, 4.9611468711e-08, 8.85599666517e-12, 7.38204549572e-12],
        "var": [5.33005639625e-08, 7.00683594914e-05, 1.28905967358e-05, 1.99725727725e-05, 3.27588604705e-05, 4.25724538218e-05, 2.69141710305e-05, 1.68712322193e-05, 8.55348116602e-06, 1.67160533238e-06, 3.85893463317e-06, 1.13916883038e-06, 1.0699853874e-06, 8.67103381097e-07, 5.98642543537e-07, 2.21781448317e-07, 1.17805882383e-07, 1.00503370959e-07, 4.92335026081e-08, 7.2488617775e-08, 5.01372170447e-08, 6.11587296362e-08, 1.47564080066e-07, 7.36556501124e-07, 1.25619720848e-07, 4.88504303675e-09, 5.09700170186e-15]
    },
    "erbbands": {
        "dmean": [0.0981689691544, 0.912310063839, 2.27966928482, 3.8445315361, 8.02018642426, 9.21154117584, 13.865694046, 16.4484424591, 20.1814689636, 27.9631175995, 30.0286922455, 22.2005996704, 16.8268756866, 14.0712423325, 23.4814682007, 19.2695713043, 17.9253540039, 21.207616806, 15.2420330048, 13.9147748947, 10.9594507217, 8.23362541199, 8.52314281464, 5.65721130371, 5.19616413116, 5.53842020035, 4.15990543365, 3.1144926548, 3.01538133621, 3.45198392868, 3.26353740692, 3.56977462769, 2.78305244446, 1.24603831768, 0.532158970833, 0.190145656466, 0.0361442342401, 0.00213330728002, 5.06740325363e-05, 1.25311726151e-05],
        "dmean2": [0.1429464221, 1.49312388897, 3.9078836441, 6.28650760651, 12.9695892334, 15.023888588, 22.2686901093, 26.6197891235, 32.5029182434, 45.0410919189, 48.609500885, 35.6414299011, 27.1271152496, 21.1060428619, 36.4951248169, 30.5194988251, 29.0387992859, 34.8016662598, 24.9547901154, 22.6411857605, 17.5240058899, 12.8528242111, 13.2539243698, 8.91399669647, 8.25915527344, 8.41916847229, 6.7114109993, 4.91224431992, 4.73198032379, 4.99337720871, 4.80430412292, 5.3686003685, 4.17985486984, 1.82465016842, 0.775261104107, 0.28007504344, 0.0561738014221, 0.00350766582415, 7.80890259193e-05, 1.87222540262e-05],
        "dvar": [0.0443499907851, 3.2149116993, 14.4270906448, 22.3830814362, 136.702102661, 253.176269531, 661.353027344, 1658.5859375, 2747.61450195, 3458.00341797, 4672.79394531, 3205.02294922, 1191.00720215, 1334.78100586, 2495.85986328, 889.057373047, 1053.421875, 991.071777344, 994.971435547, 840.109313965, 310.951751709, 147.146255493, 184.565872192, 60.6994361877, 54.1960067749, 78.1643371582, 48.0374259949, 30.0858535767, 23.9675941467, 34.9712257385, 38.8052139282, 113.066551208, 73.2510986328, 14.8285608292, 1.34357702732, 0.218401074409, 0.00530447624624, 2.50351677096e-05, 1.01508721428e-08, 1.89826598884e-10],
        "dvar2": [0.0830534622073, 8.10470962524, 40.6849327087, 59.2669143677, 361.453399658, 630.58203125, 1704.50390625, 3804.078125, 6327.25488281, 8707.59375, 11056.3046875, 8945.24121094, 3165.2746582, 2475.55151367, 6337.76025391, 2223.40698242, 2597.15698242, 2656.59960938, 2537.58886719, 2284.00244141, 716.557922363, 304.855407715, 442.040283203, 141.970932007, 122.779335022, 178.337173462, 118.77482605, 69.5478897095, 50.817363739, 66.7921066284, 65.8085250854, 225.952362061, 157.499801636, 30.3507785797, 2.78235697746, 0.496723532677, 0.011617754586, 6.1607468524e-05, 2.22667715377e-08, 4.00895538988e-10],
        "max": [1.86210441589, 15.517036438, 31.0853042603, 63.7576675415, 130.568496704, 252.863250732, 432.731750488, 811.473388672, 927.887756348, 989.495178223, 1218.7668457, 887.992126465, 502.224151611, 978.061584473, 773.175964355, 362.185394287, 475.655181885, 462.074645996, 533.444641113, 568.726013184, 257.042877197, 154.263565063, 161.598022461, 87.2956924438, 93.7067489624, 102.13835144, 80.0232315063, 82.9701080322, 45.1108589172, 62.2817115784, 106.130577087, 256.985015869, 153.971817017, 74.3291702271, 18.4803543091, 10.8737449646, 0.93692111969, 0.0758313089609, 0.00127090862952, 0.000208967976505],
        "mean": [0.13509696722, 1.25623416901, 3.58633065224, 8.47103977203, 15.6363210678, 16.6879405975, 23.0159111023, 26.937713623, 33.8927993774, 43.2304000854, 45.7286758423, 33.4797935486, 27.4500427246, 25.9535655975, 37.0417366028, 33.1922111511, 31.641002655, 37.0481910706, 25.3278064728, 23.4533061981, 19.5020294189, 15.2698564529, 15.3409614563, 10.8047990799, 10.5986337662, 10.5733852386, 8.05119037628, 6.31500768661, 6.6705198288, 7.26880550385, 7.21883821487, 7.39826011658, 5.17299604416, 2.13407063484, 0.91412293911, 0.256182700396, 0.0427220761776, 0.00227358634584, 8.38912892505e-05, 4.68598118459e-05],
        "median": [0.0432208403945, 0.593554139137, 2.21363568306, 5.49317264557, 9.08786010742, 8.52121734619, 10.8256454468, 10.7973890305, 11.5284137726, 15.763007164, 16.6363048553, 12.4711437225, 15.3642482758, 10.8660402298, 16.3647136688, 19.588180542, 17.1282844543, 22.4875850677, 14.2310113907, 12.032585144, 12.3521099091, 10.5010519028, 9.04306411743, 7.09979867935, 6.37980031967, 5.83571004868, 4.72534656525, 3.39969444275, 3.41394162178, 3.54910612106, 3.43759584427, 2.68767809868, 1.90777134895, 0.796965181828, 0.319979399443, 0.0725591182709, 0.00792359933257, 0.000344369735103, 3.87768777728e-05, 4.57652640762e-05],
        "min": [0.000104280072264, 0.0025028437376, 0.0535046607256, 0.093157671392, 0.176694497466, 0.292493641376, 0.391295552254, 0.323103666306, 0.2826423347, 0.28999119997, 0.319368898869, 0.392413645983, 0.545189976692, 0.415130287409, 0.418066203594, 0.486213058233, 0.369372218847, 0.53350353241, 0.389740914106, 0.343811124563, 0.0780514106154, 0.0737375840545, 0.106427505612, 0.0357114896178, 0.0122251575813, 0.00262943794951, 0.00159103027545, 0.0126013495028, 0.00778843043372, 0.00663373013958, 0.00664603710175, 0.00634474819526, 0.00215822155587, 0.000779230962507, 0.000278463761788, 9.19337762753e-05, 9.25289168663e-06, 1.13348130526e-06, 3.18231195706e-06, 4.56600491816e-06],
        "var": [0.0689747408032, 3.59833073616, 16.1281013489, 71.6688079834, 347.17276001, 588.444458008, 1338.5057373, 4085.55834961, 6496.60498047, 6083.83007812, 7779.2109375, 4595.42138672, 1692.23205566, 3697.70410156, 4532.44384766, 1649.6595459, 2057.0949707, 2053.13818359, 1495.4017334, 1365.73498535, 610.615966797, 288.064056396, 343.058013916, 135.36177063, 148.710296631, 182.486114502, 99.5375595093, 70.6375045776, 67.8865585327, 95.7332305908, 138.611068726, 372.711608887, 170.176940918, 29.5451946259, 3.2309076786, 0.323198676109, 0.0073711196892, 2.74908506981e-05, 1.58351163293e-08, 7.36069316609e-10]
    },
    "gfcc": {
        "mean": [28.8936309814, 99.0241699219, -115.467323303, 37.4358520508, -69.7626037598, 27.9331111908, -50.0702171326, 8.06017494202, -25.0204944611, -1.40052008629, -12.5107727051, -7.84830713272, -10.36677742],
        "cov": [[2311.93652344, -969.57623291, 33.6063270569, 45.6094207764, -453.418426514, -50.2746658325, -43.1606407166, 145.300430298, -145.548294067, 213.307952881, -58.5431785583, 105.182060242, -162.324859619], [-969.57623291, 953.65447998, -106.248634338, -42.5767478943, 268.222442627, -32.4579124451, 104.512046814, -54.4662666321, 139.434677124, -130.098495483, 153.426544189, -91.1371307373, 134.417129517], [33.6063270569, -106.248634338, 478.067474365, 38.7508125305, 94.7013320923, 108.990097046, -13.072678566, 78.3378982544, -15.3490571976, 65.2558441162, -45.8155097961, 60.813873291, -28.5134239197], [45.6094207764, -42.5767478943, 38.7508125305, 245.26385498, -11.9480085373, 7.32170343399, -4.76949119568, -9.86429691315, 11.7314548492, -34.7131118774, 30.8389186859, -46.1758766174, 47.5516471863], [-453.418426514, 268.222442627, 94.7013320923, -11.9480085373, 405.276123047, 70.869140625, 14.0708065033, 75.1680679321, 67.8849945068, -0.343511015177, -9.7208147049, 7.89342927933, 13.5960435867], [-50.2746658325, -32.4579124451, 108.990097046, 7.32170343399, 70.869140625, 146.85736084, 18.1144866943, 24.3808803558, 7.05643939972, 10.0322084427, -2.5403842926, -6.00198841095, 1.9783731699], [-43.1606407166, 104.512046814, -13.072678566, -4.76949119568, 14.0708065033, 18.1144866943, 112.69669342, 32.8746109009, 18.8031215668, 5.91983175278, 23.8538093567, 0.882374405861, 9.28873634338], [145.300430298, -54.4662666321, 78.3378982544, -9.86429691315, 75.1680679321, 24.3808803558, 32.8746109009, 148.238372803, 29.6653594971, 48.4156112671, -11.6117315292, 18.8391361237, -27.0000991821], [-145.548294067, 139.434677124, -15.3490571976, 11.7314548492, 67.8849945068, 7.05643939972, 18.8031215668, 29.6653594971, 95.2249450684, 12.9844417572, 23.5586528778, -9.26652336121, 22.1660442352], [213.307952881, -130.098495483, 65.2558441162, -34.7131118774, -0.343511015177, 10.0322084427, 5.91983175278, 48.4156112671, 12.9844417572, 125.189628601, -1.25215017796, 44.9839439392, -33.7690925598], [-58.5431785583, 153.426544189, -45.8155097961, 30.8389186859, -9.7208147049, -2.5403842926, 23.8538093567, -11.6117315292, 23.5586528778, -1.25215017796, 114.592903137, -14.2401123047, 45.2587013245], [105.182060242, -91.1371307373, 60.813873291, -46.1758766174, 7.89342927933, -6.00198841095, 0.882374405861, 18.8391361237, -9.26652336121, 44.9839439392, -14.2401123047, 114.478775024, -6.53743267059], [-162.324859619, 134.417129517, -28.5134239197, 47.5516471863, 13.5960435867, 1.9783731699, 9.28873634338, -27.0000991821, 22.1660442352, -33.7690925598, 45.2587013245, -6.53743267059, 92.7641601562]],
        "icov": [[0.00109052087646, 0.000330161419697, 0.000374125665985, -0.000611233583186, 0.000972504261881, -8.82039239514e-05, 0.000323335727444, -0.00140889047179, 0.000993966590613, -0.00105502968654, -0.000278483086731, -0.000523369351868, 0.000752482272219], [0.000330161419697, 0.00845666974783, -0.0029963424895, 0.00575135275722, -0.00507039064541, 0.00641742860898, -0.00669420696795, 0.00489635067061, -0.00748578552157, 0.00681093800813, -0.00835644174367, 0.00571691291407, -0.00409555993974], [0.000374125665985, -0.0029963424895, 0.00473777251318, -0.00359774730168, 0.00191658502445, -0.00468894699588, 0.00340746110305, -0.0035172116477, 0.00429972913116, -0.00403958372772, 0.00379683519714, -0.00399389211088, 0.00211924873292], [-0.000611233583186, 0.00575135275722, -0.00359774730168, 0.00995632261038, -0.00386132253334, 0.00509854778647, -0.00458837859333, 0.00414739921689, -0.00639861449599, 0.00636919168755, -0.00634342385456, 0.00679759960622, -0.00606766948476], [0.000972504261881, -0.00507039064541, 0.00191658502445, -0.00386132253334, 0.0077508110553, -0.0053868656978, 0.00505427923054, -0.00600511999801, 0.00356443901546, -0.0043641445227, 0.00547604355961, -0.00452247820795, 0.00291139446199], [-8.82039239514e-05, 0.00641742860898, -0.00468894699588, 0.00509854778647, -0.0053868656978, 0.0142668345943, -0.00692914053798, 0.0045389267616, -0.00565618416294, 0.00508228689432, -0.00641355849802, 0.00667034974322, -0.00420709047467], [0.000323335727444, -0.00669420696795, 0.00340746110305, -0.00458837859333, 0.00505427923054, -0.00692914053798, 0.0162270460278, -0.0076245367527, 0.00583020644262, -0.00555346626788, 0.00466797919944, -0.00545461894944, 0.00315153039992], [-0.00140889047179, 0.00489635067061, -0.0035172116477, 0.00414739921689, -0.00600511999801, 0.0045389267616, -0.0076245367527, 0.015572598204, -0.00857501104474, 0.00350564275868, -0.00434225285426, 0.00421604001895, -0.000947146792896], [0.000993966590613, -0.00748578552157, 0.00429972913116, -0.00639861449599, 0.00356443901546, -0.00565618416294, 0.00583020644262, -0.00857501104474, 0.0231334697455, -0.0106179639697, 0.00631955219433, -0.00402891729027, 0.000946316693444], [-0.00105502968654, 0.00681093800813, -0.00403958372772, 0.00636919168755, -0.0043641445227, 0.00508228689432, -0.00555346626788, 0.00350564275868, -0.0106179639697, 0.0198112502694, -0.0092643359676, 0.00135751697235, 0.000250509590842], [-0.000278483086731, -0.00835644174367, 0.00379683519714, -0.00634342385456, 0.00547604355961, -0.00641355849802, 0.00466797919944, -0.00434225285426, 0.00631955219433, -0.0092643359676, 0.0205932911485, -0.00438520731404, -0.00159588619135], [-0.000523369351868, 0.00571691291407, -0.00399389211088, 0.00679759960622, -0.00452247820795, 0.00667034974322, -0.00545461894944, 0.00421604001895, -0.00402891729027, 0.00135751697235, -0.00438520731404, 0.0168453492224, -0.00683443574235], [0.000752482272219, -0.00409555993974, 0.00211924873292, -0.00606766948476, 0.00291139446199, -0.00420709047467, 0.00315153039992, -0.000947146792896, 0.000946316693444, 0.000250509590842, -0.00159588619135, -0.00683443574235, 0.0210268609226]]
    },
    "melbands": {
        "dmean": [0.000950251473114, 0.0011191755766, 0.000723977282178, 0.000636103446595, 0.000442984106485, 0.000366194173694, 0.000313442433253, 0.000297217746265, 0.000251238641795, 0.000128863684949, 8.25843017083e-05, 5.5003190937e-05, 8.53091623867e-05, 6.04102751822e-05, 4.45063160441e-05, 3.45360822394e-05, 4.44129909738e-05, 2.59421194642e-05, 1.9754663299e-05, 1.7443931938e-05, 1.36320004458e-05, 9.31382510316e-06, 9.77968102234e-06, 7.16371505405e-06, 4.74809712614e-06, 4.02505884267e-06, 4.18030867877e-06, 3.81990412279e-06, 2.78381730823e-06, 2.43426302404e-06, 1.83384895536e-06, 1.7634820324e-06, 2.04945399673e-06, 2.04475759347e-06, 1.98930797524e-06, 2.20788638217e-06, 2.39700398197e-06, 2.26279689741e-06, 1.59060357419e-06, 9.35261482482e-07],
        "dmean2": [0.00145862530917, 0.00186744774692, 0.00117603735998, 0.00105780386366, 0.000705633603502, 0.000596730562393, 0.000507399614435, 0.000481192779262, 0.000409476517234, 0.000208731144085, 0.000133460896905, 8.35199098219e-05, 0.000133603200084, 9.60513061727e-05, 7.15585556463e-05, 5.5491906096e-05, 7.3025112215e-05, 4.34322028013e-05, 3.18555212289e-05, 2.81182510662e-05, 2.18823115574e-05, 1.4744157852e-05, 1.54054268933e-05, 1.16590390462e-05, 7.60026614444e-06, 6.41987980998e-06, 6.58641056361e-06, 5.85554516874e-06, 4.52001131634e-06, 4.02872501581e-06, 2.92548838843e-06, 2.80844278677e-06, 3.14878002428e-06, 3.03854449157e-06, 2.98586655845e-06, 3.36932225764e-06, 3.67025063497e-06, 3.43024134963e-06, 2.44939678851e-06, 1.46412719459e-06],
        "dvar": [3.88809212382e-06, 3.65944492842e-06, 7.80649884291e-07, 1.03229263004e-06, 5.55241683742e-07, 7.04690307884e-07, 5.50130039301e-07, 4.10924627658e-07, 3.28371442038e-07, 1.00360054489e-07, 2.93238979765e-08, 2.10709067971e-08, 3.81759264201e-08, 1.02203578933e-08, 6.2909197851e-09, 3.63901331291e-09, 4.60176385886e-09, 3.32640581746e-09, 1.56816737373e-09, 9.2129809337e-10, 4.60241594835e-10, 2.02486569179e-10, 2.54969129143e-10, 1.27500704439e-10, 4.42702645376e-11, 2.94447730087e-11, 4.36788938352e-11, 4.08752302838e-11, 2.12854855269e-11, 1.77006066054e-11, 9.7893377432e-12, 7.50425416252e-12, 1.2495065746e-11, 1.28188397397e-11, 1.26071835263e-11, 3.6543126164e-11, 5.33348677723e-11, 4.3437829722e-11, 3.63362083478e-11, 6.66569533944e-12],
        "dvar2": [8.36687831907e-06, 9.73591886577e-06, 2.02144633477e-06, 2.73098680736e-06, 1.36503308568e-06, 1.65459118762e-06, 1.27614168832e-06, 1.04389562239e-06, 7.96792164692e-07, 2.77896930356e-07, 7.75014683541e-08, 3.85342708853e-08, 9.67544337982e-08, 2.47197196046e-08, 1.66115068367e-08, 8.31814617186e-09, 1.25528201167e-08, 8.78766392987e-09, 3.87126863899e-09, 2.50307197192e-09, 1.0790539573e-09, 4.41983033506e-10, 5.87261572704e-10, 3.23081728038e-10, 1.05007551265e-10, 6.97668034455e-11, 1.02362271437e-10, 9.74704483792e-11, 5.37399534595e-11, 4.46181529223e-11, 2.22943972311e-11, 1.68603898204e-11, 2.68666616732e-11, 2.53096398006e-11, 2.43097365155e-11, 6.83134382395e-11, 1.10779246887e-10, 9.64615748389e-11, 8.7246432301e-11, 1.27023521909e-11],
        "max": [0.0167425610125, 0.0163795948029, 0.0103514706716, 0.0145180365071, 0.0127049330622, 0.0159269236028, 0.0125072626397, 0.00922942813486, 0.00925726722926, 0.00483244517818, 0.00246679899283, 0.00386836449616, 0.00383821967989, 0.00119356147479, 0.00149061623961, 0.0012111258693, 0.00102149927989, 0.00102219474502, 0.000575218349695, 0.000492115912493, 0.00032887654379, 0.000177896145033, 0.000214021551074, 0.000140776697663, 7.78352332418e-05, 8.2319136709e-05, 8.90955489012e-05, 7.43909477023e-05, 5.86377391301e-05, 4.65831362817e-05, 5.18834931427e-05, 2.64890877588e-05, 3.75606468879e-05, 3.81367790396e-05, 4.79137779621e-05, 0.000152290507685, 0.000154770692461, 0.000117291187053, 0.000118764655781, 4.93488914799e-05],
        "mean": [0.0013502985239, 0.00185281864833, 0.00171153317206, 0.00117441290058, 0.000798443157692, 0.000612610834651, 0.000521702168044, 0.000463565753307, 0.00037531502312, 0.000190672886674, 0.000131159176817, 9.82804995147e-05, 0.000128284227685, 9.85742444755e-05, 7.16192589607e-05, 6.30514041404e-05, 7.14197740308e-05, 4.0492588596e-05, 3.21953993989e-05, 2.81799420918e-05, 2.20346664719e-05, 1.55695688591e-05, 1.6159052393e-05, 1.19826636364e-05, 8.24743347039e-06, 7.54402481107e-06, 7.67512847233e-06, 6.79900267642e-06, 5.05832304043e-06, 4.3261893552e-06, 3.41593090525e-06, 3.57405406248e-06, 4.18898389398e-06, 3.88012540498e-06, 4.02733576266e-06, 4.50259221907e-06, 4.52492167824e-06, 4.04111506214e-06, 2.51505912274e-06, 1.53481062171e-06],
        "median": [0.000559222826269, 0.0011392532615, 0.00116978806909, 0.000696853734553, 0.000412199035054, 0.000257201929344, 0.000187070036191, 0.000168070124346, 0.000128964704345, 7.57517191232e-05, 7.21706455806e-05, 3.94097223761e-05, 4.72672218166e-05, 5.08795856149e-05, 3.94927883463e-05, 3.55632037099e-05, 4.04324200645e-05, 2.25139756367e-05, 1.61985317391e-05, 1.42766839417e-05, 1.41866639751e-05, 1.02928033812e-05, 9.38015818974e-06, 6.54009636492e-06, 5.20144521943e-06, 4.52189442512e-06, 4.14412306782e-06, 3.59654927706e-06, 2.90485036203e-06, 2.29791703532e-06, 1.73244882262e-06, 1.80144229489e-06, 1.92925290321e-06, 1.81045584213e-06, 1.98716156774e-06, 1.72661225406e-06, 1.52571874423e-06, 1.45101068938e-06, 9.02991416751e-07, 5.71113446313e-07],
        "min": [5.16026148034e-07, 1.80524475581e-05, 2.77850267594e-05, 1.52634202095e-05, 1.18080142784e-05, 6.7255346039e-06, 2.42317923949e-06, 2.57588226305e-06, 2.00240128834e-06, 2.05604510484e-06, 2.02607975552e-06, 7.22787149243e-07, 1.03933825812e-06, 1.4502512613e-06, 8.54438781062e-07, 6.14349289663e-07, 1.07144319372e-06, 3.85517580526e-07, 3.45800742707e-07, 3.63813768445e-07, 3.9190652501e-08, 2.3674813221e-08, 1.0149913976e-07, 7.83519666925e-08, 2.03177208391e-08, 8.8118463637e-09, 2.00878269574e-09, 7.23775317457e-10, 3.70461800125e-10, 2.38237207739e-09, 4.44495373841e-09, 3.82487375106e-09, 3.78463127504e-09, 2.68068145459e-09, 4.24848423108e-09, 2.30370078569e-09, 1.2539739247e-09, 8.23078660783e-10, 3.88754750613e-10, 2.83523933498e-11],
