{
"highlevel": {
    "danceability": {
        "all": {
            "danceable": 3.00000096379e-14,
            "not_danceable": 1
        },
        "probability": 1,
        "value": "not_danceable"
    },
    "gender": {
        "all": {
            "female": 0.621352016926,
            "male": 0.378647983074
        },
        "probability": 0.621352016926,
        "value": "female"
    },
    "genre_dortmund": {
        "all": {
            "alternative": 0.145546585321,
            "blues": 0.000861874315888,
            "electronic": 0.00176740589086,
            "folkcountry": 0.00939429644495,
            "funksoulrnb": 0.00197792844847,
            "jazz": 0.000346134183928,
            "pop": 0.0122102489695,
            "raphiphop": 3.26096378558e-05,
            "rock": 0.827862918377
        },
        "probability": 0.827862918377,
        "value": "rock"
    },
    "genre_electronic": {
        "all": {
            "ambient": 0.249004974961,
            "dnb": 0.114183671772,
            "house": 0.0327297449112,
            "techno": 0.021956929937,
            "trance": 0.582124710083
        },
        "probability": 0.582124710083,
        "value": "trance"
    },
    "genre_rosamerica": {
        "all": {
            "cla": 0.000132852990646,
            "dan": 2.35075985984e-05,
            "hip": 1.13140049507e-05,
            "jaz": 1.17571635201e-05,
            "pop": 0.000310716568492,
            "rhy": 4.08466476074e-05,
            "roc": 0.999468266964,
            "spe": 7.51606876292e-07
        },
        "probability": 0.999468266964,
        "value": "roc"
    },
    "genre_tzanetakis": {
        "all": {
            "blu": 0.0626541376114,
            "cla": 0.0348133966327,
            "cou": 0.0783501937985,
            "dis": 0.104547761381,
            "hip": 0.15693578124,
            "jaz": 0.313987255096,
            "met": 0.044816005975,
            "pop": 0.0627349764109,
            "reg": 0.0627352520823,
            "roc": 0.0784252434969
        },
        "probability": 0.313987255096,
        "value": "jaz"
    },
    "ismir04_rhythm": {
        "all": {
            "ChaChaCha": 0.00631396844983,
            "Jive": 0.84194034338,
            "Quickstep": 0.0127666126937,
            "Rumba-American": 0.00130353996065,
            "Rumba-International": 0.00432205293328,
            "Rumba-Misc": 0.00299471151084,
            "Samba": 0.0851478949189,
            "Tango": 0.00171411084011,
            "VienneseWaltz": 0.0410486385226,
            "Waltz": 0.0024481092114
        },
        "probability": 0.84194034338,
        "value": "Jive"
    },
    "mood_acoustic": {
        "all": {
            "acoustic": 2.82160385723e-07,
            "not_acoustic": 0.999999701977
        },
        "probability": 0.999999701977,
        "value": "not_acoustic"
    },
    "mood_aggressive": {
        "all": {
            "aggressive": 0.999758541584,
            "not_aggressive": 0.000241474073846
        },
        "probability": 0.999758541584,
        "value": "aggressive"
    },
    "mood_electronic": {
        "all": {
            "electronic": 0.306107610464,
            "not_electronic": 0.693892419338
        },
        "probability": 0.693892419338,
        "value": "not_electronic"
    },
    "mood_happy": {
        "all": {
            "happy": 0.934581518173,
            "not_happy": 0.0654184669256
        },
        "probability": 0.934581518173,
        "value": "happy"
    },
    "mood_party": {
        "all": {
            "not_party": 0.204890742898,
            "party": 0.795109272003
        },
        "probability": 0.795109272003,
        "value": "party"
    },
    "mood_relaxed": {
        "all": {
            "not_relaxed": 0.875040709972,
            "relaxed": 0.124959290028
        },
        "probability": 0.875040709972,
        "value": "not_relaxed"
    },
    "mood_sad": {
        "all": {
            "not_sad": 0.92870503664,
            "sad": 0.071294978261
        },
        "probability": 0.92870503664,
        "value": "not_sad"
    },
    "moods_mirex": {
        "all": {
            "Cluster1": 0.666973590851,
            "Cluster2": 0.0288391746581,
            "Cluster3": 0.0433721095324,
            "Cluster4": 0.00900169927627,
            "Cluster5": 0.251813441515
        },
        "probability": 0.666973590851,
        "value": "Cluster1"
    },
    "timbre": {
        "all": {
            "bright": 0.960246086121,
            "dark": 0.0397539399564
        },
        "probability": 0.960246086121,
        "value": "bright"
    },
    "tonal_atonal": {
        "all": {
            "atonal": 0.000365690299077,
            "tonal": 0.999634325504
        },
        "probability": 0.999634325504,
        "value": "tonal"
    },
    "voice_instrumental": {
        "all": {
            "instrumental": 0.0600227564573,
            "voice": 0.939977228642
        },
        "probability": 0.939977228642,
        "value": "voice"
    }
},
"lowlevel": {
    "average_loudness": 0.988525271416,
    "barkbands_crest": {
        "dmean": 1.82513940334,
        "dmean2": 3.07134056091,
        "dvar": 3.3733215332,
        "dvar2": 9.75473880768,
        "max": 18.7012805939,
        "mean": 5.94571304321,
        "median": 5.41399717331,
        "min": 2.37102484703,
        "var": 4.91708755493
    },
    "barkbands_flatness_db": {
        "dmean": 0.0130158979446,
        "dmean2": 0.0214361418039,
        "dvar": 0.000137292008731,
        "dvar2": 0.000398383039283,
        "max": 0.182085722685,
        "mean": 0.0833410173655,
        "median": 0.0817575454712,
        "min": 0.043450050056,
        "var": 0.000248862401349
    },
    "barkbands_kurtosis": {
        "dmean": 0.546987831593,
        "dmean2": 0.946054399014,
        "dvar": 0.939852297306,
        "dvar2": 2.72395706177,
        "max": 13.6512184143,
        "mean": -0.484875977039,
        "median": -0.638701438904,
        "min": -1.58419179916,
        "var": 0.713829755783
    },
    "barkbands_skewness": {
        "dmean": 0.285868942738,
        "dmean2": 0.48152256012,
        "dvar": 0.117600254714,
        "dvar2": 0.331915318966,
        "max": 3.750248909,
        "mean": 0.58581084013,
        "median": 0.505118012428,
        "min": -0.137377619743,
        "var": 0.164218083024
    },
    "barkbands_spread": {
        "dmean": 5.07761716843,
        "dmean2": 8.1268453598,
        "dvar": 19.5662879944,
        "dvar2": 54.177822113,
        "max": 73.8191833496,
        "mean": 37.1514663696,
        "median": 36.6402015686,
        "min": 12.8576469421,
        "var": 43.0343284607
    },
    "dissonance": {
        "dmean": 0.00980795640498,
        "dmean2": 0.0169452168047,
        "dvar": 7.46860532672e-05,
        "dvar2": 0.000202128008823,
        "max": 0.5,
        "mean": 0.484179466963,
        "median": 0.486109137535,
        "min": 0.436412960291,
        "var": 0.000105682098365
    },
    "dynamic_complexity": 0.500161468983,
    "erbbands_crest": {
        "dmean": 1.98688709736,
        "dmean2": 3.30964255333,
        "dvar": 3.2302377224,
        "dvar2": 8.50750255585,
        "max": 20.6508464813,
        "mean": 6.44941043854,
        "median": 5.81899690628,
        "min": 2.76581740379,
        "var": 5.52378988266
    },
    "erbbands_flatness_db": {
        "dmean": 0.0122427176684,
        "dmean2": 0.0183371622115,
        "dvar": 9.85943843261e-05,
        "dvar2": 0.000230938676395,
        "max": 0.179629936814,
        "mean": 0.126571685076,
        "median": 0.126887917519,
        "min": 0.0738799273968,
        "var": 0.000274660269497
    },
    "erbbands_kurtosis": {
        "dmean": 0.407866001129,
        "dmean2": 0.664980649948,
        "dvar": 0.115974485874,
        "dvar2": 0.299656748772,
        "max": 2.20144271851,
        "mean": -0.0538412630558,
        "median": -0.127069473267,
        "min": -1.31589353085,
        "var": 0.226423978806
    },
    "erbbands_skewness": {
        "dmean": 0.234471514821,
        "dmean2": 0.374290943146,
        "dvar": 0.0323803834617,
        "dvar2": 0.0859386697412,
        "max": 0.887466311455,
        "mean": -0.0106090707704,
        "median": 0.0192823112011,
        "min": -1.36962735653,
        "var": 0.118251405656
    },
    "erbbands_spread": {
        "dmean": 5.81509113312,
        "dmean2": 9.43864631653,
        "dvar": 31.3167934418,
        "dvar2": 84.7035522461,
        "max": 88.6722640991,
        "mean": 36.5125465393,
        "median": 35.5187225342,
        "min": 18.1633281708,
        "var": 61.4782524109
    },
    "hfc": {
        "dmean": 7.95007896423,
        "dmean2": 12.3749046326,
        "dvar": 62.6204147339,
        "dvar2": 146.152862549,
        "max": 109.915084839,
        "mean": 50.7764816284,
        "median": 50.2026596069,
        "min": 12.5642986298,
        "var": 135.642333984
    },
    "melbands_crest": {
        "dmean": 2.73248839378,
        "dmean2": 4.61374187469,
        "dvar": 6.41454458237,
        "dvar2": 17.9387989044,
        "max": 26.161939621,
        "mean": 10.7378473282,
        "median": 10.0856676102,
        "min": 4.07085371017,
        "var": 13.9604463577
    },
    "melbands_flatness_db": {
        "dmean": 0.0175661332905,
        "dmean2": 0.0293194502592,
        "dvar": 0.000387154635973,
        "dvar2": 0.00110546557698,
        "max": 0.263787120581,
        "mean": 0.108937606215,
        "median": 0.104717679322,
        "min": 0.0569788664579,
        "var": 0.00064524897607
    },
    "melbands_kurtosis": {
        "dmean": 2.30949068069,
        "dmean2": 4.03655433655,
        "dvar": 21.6795196533,
        "dvar2": 62.0879592896,
        "max": 66.6536941528,
        "mean": 3.04703307152,
        "median": 1.83691978455,
        "min": -0.493129014969,
        "var": 18.5998058319
    },
    "melbands_skewness": {
        "dmean": 0.488984107971,
        "dmean2": 0.81489855051,
        "dvar": 0.367322146893,
        "dvar2": 1.03405058384,
        "max": 7.60938692093,
        "mean": 1.60564815998,
        "median": 1.42907392979,
        "min": 0.237926900387,
        "var": 0.571556866169
    },
    "melbands_spread": {
        "dmean": 7.70968103409,
        "dmean2": 12.8756322861,
        "dvar": 59.1459693909,
        "dvar2": 170.621063232,
        "max": 85.8846511841,
        "mean": 44.6790390015,
        "median": 45.6050758362,
        "min": 6.42918777466,
        "var": 96.8942871094
    },
    "pitch_salience": {
        "dmean": 0.0560643337667,
        "dmean2": 0.0934198871255,
        "dvar": 0.00249369395897,
        "dvar2": 0.0070147481747,
        "max": 0.790521681309,
        "mean": 0.598685324192,
        "median": 0.60097771883,
        "min": 0.346596300602,
        "var": 0.00417447602376
    },
    "silence_rate_20dB": {
        "dmean": 0,
        "dmean2": 0,
        "dvar": 0,
        "dvar2": 0,
        "max": 1,
        "mean": 1,
        "median": 1,
        "min": 1,
        "var": 0
    },
    "silence_rate_30dB": {
        "dmean": 0,
        "dmean2": 0,
        "dvar": 0,
        "dvar2": 0,
        "max": 1,
        "mean": 1,
        "median": 1,
        "min": 1,
        "var": 0
    },
    "silence_rate_60dB": {
        "dmean": 0,
        "dmean2": 0,
        "dvar": 0,
        "dvar2": 0,
        "max": 0,
        "mean": 0,
        "median": 0,
        "min": 0,
        "var": 0
    },
    "spectral_centroid": {
        "dmean": 199.298294067,
        "dmean2": 330.249298096,
        "dvar": 28510.8261719,
        "dvar2": 76923.9921875,
        "max": 2999.24121094,
        "mean": 2108.74414062,
        "median": 2106.46777344,
        "min": 1090.90148926,
        "var": 58059.9492188
    },
    "spectral_complexity": {
        "dmean": 4.07198143005,
        "dmean2": 6.65840435028,
        "dvar": 10.4290409088,
        "dvar2": 26.6494235992,
        "max": 59,
        "mean": 43.3704566956,
        "median": 43,
        "min": 14,
        "var": 24.2626514435
    },
    "spectral_decrease": {
        "dmean": 2.13227902002e-09,
        "dmean2": 3.67870978124e-09,
        "dvar": 7.17258483466e-18,
        "dvar2": 1.99677346685e-17,
        "max": -2.72803535317e-09,
        "mean": -8.96734508871e-09,
        "median": -8.51472936603e-09,
        "min": -2.81909837696e-08,
        "var": 6.45146532025e-18
    },
    "spectral_energy": {
        "dmean": 0.00844639725983,
        "dmean2": 0.0144717972726,
        "dvar": 0.000106721679913,
        "dvar2": 0.000294904981274,
        "max": 0.109413847327,
        "mean": 0.0384504199028,
        "median": 0.0367435887456,
        "min": 0.0114358076826,
        "var": 9.92121276795e-05
    },
    "spectral_energyband_high": {
        "dmean": 0.000676685536746,
        "dmean2": 0.00100864539854,
        "dvar": 5.52231540496e-07,
        "dvar2": 1.17820513879e-06,
        "max": 0.00883703678846,
        "mean": 0.0028429524973,
        "median": 0.00261310487986,
        "min": 0.000651524809655,
        "var": 1.24117218547e-06
    },
    "spectral_energyband_low": {
        "dmean": 0.00570665672421,
        "dmean2": 0.0100411074236,
        "dvar": 0.000100229975942,
        "dvar2": 0.000283020577626,
        "max": 0.0931872576475,
        "mean": 0.00999348051846,
        "median": 0.00758916558698,
        "min": 0.000946744985413,
        "var": 8.06302050478e-05
    },
    "spectral_energyband_middle_high": {
        "dmean": 0.00340509600937,
        "dmean2": 0.00549689214677,
        "dvar": 8.00458838057e-06,
        "dvar2": 2.19995727093e-05,
        "max": 0.031446557492,
        "mean": 0.0151039352641,
        "median": 0.0149207692593,
        "min": 0.00209407950751,
        "var": 2.30597652262e-05
    },
    "spectral_energyband_middle_low": {
        "dmean": 0.00409748544917,
        "dmean2": 0.00686983112246,
        "dvar": 2.17098149733e-05,
        "dvar2": 6.03256485192e-05,
        "max": 0.0489482879639,
        "mean": 0.0124577786773,
        "median": 0.0112489331514,
        "min": 0.00328013719991,
        "var": 3.06186739181e-05
    },
    "spectral_entropy": {
        "dmean": 0.0656616687775,
        "dmean2": 0.102662287652,
        "dvar": 0.00294011784717,
        "dvar2": 0.0066745672375,
        "max": 8.38177394867,
        "mean": 8.03691864014,
        "median": 8.03241157532,
        "min": 7.76390743256,
        "var": 0.0083342641592
    },
    "spectral_flux": {
        "dmean": 0.0191613137722,
        "dmean2": 0.0300811342895,
        "dvar": 0.000476851128042,
        "dvar2": 0.000870488001965,
        "max": 0.254316836596,
        "mean": 0.105612322688,
        "median": 0.0983820334077,
        "min": 0.0543656088412,
        "var": 0.000808750744909
    },
    "spectral_kurtosis": {
        "dmean": 0.603016972542,
        "dmean2": 1.04227173328,
        "dvar": 0.235481917858,
        "dvar2": 0.709957838058,
        "max": 6.15364742279,
        "mean": 2.83308982849,
        "median": 2.77633428574,
        "min": 0.812002182007,
        "var": 0.429089009762
    },
    "spectral_rms": {
        "dmean": 0.000642064027488,
        "dmean2": 0.00108711852226,
        "dvar": 4.96358097735e-07,
        "dvar2": 1.36639346238e-06,
        "max": 0.0103317573667,
        "mean": 0.00608136085793,
        "median": 0.00598727026954,
        "min": 0.00334019237198,
        "var": 5.29670160176e-07
    },
    "spectral_rolloff": {
        "dmean": 542.896789551,
        "dmean2": 911.617858887,
        "dvar": 311653.75,
        "dvar2": 898065.125,
        "max": 6524.56054688,
        "mean": 2681.09008789,
        "median": 2627.05078125,
        "min": 150.732421875,
        "var": 477525.84375
    },
    "spectral_skewness": {
        "dmean": 0.1061187163,
        "dmean2": 0.177193701267,
        "dvar": 0.00742087792605,
        "dvar2": 0.0207320190966,
        "max": 1.62450397015,
        "mean": 1.21943747997,
        "median": 1.22186207771,
        "min": 0.837757408619,
        "var": 0.0157980602235
    },
    "spectral_spread": {
        "dmean": 344137.1875,
        "dmean2": 537787.625,
        "dvar": 105084665856,
        "dvar2": 245031747584,
        "max": 7222947.5,
        "mean": 4682172,
        "median": 4614847,
        "min": 3085127.25,
        "var": 271961751552
    },
    "spectral_strongpeak": {
        "dmean": 0.958786249161,
        "dmean2": 1.70108437538,
        "dvar": 1.58734035492,
        "dvar2": 3.76213145256,
        "max": 6.87549829483,
        "mean": 1.18036687374,
        "median": 0.496408760548,
        "min": 0.0478026755154,
        "var": 1.96815669537
    },
    "zerocrossingrate": {
        "dmean": 0.00890622008592,
        "dmean2": 0.0115511985496,
        "dvar": 5.29230237589e-05,
        "dvar2": 7.83474461059e-05,
        "max": 0.17041015625,
        "mean": 0.0969583839178,
        "median": 0.0966796875,
        "min": 0.0400390625,
        "var": 0.000266229995759
    },
    "barkbands": {
        "dmean": [5.04772615386e-05, 0.00276196398772, 0.00292555126362, 0.00232851668261, 0.00176533439662, 0.000409168249462, 0.000334804004524, 0.000316744321026, 0.00146600196604, 0.000912239134777, 0.0010202008998, 0.00142845895607, 0.00137565447949, 0.000754409469664, 0.000248733500484, 0.000322588457493, 0.000686896441039, 0.000396632414777, 0.000438566552475, 0.000300477346173, 0.000228840712225, 0.000213653605897, 0.000179210968781, 9.62465710472e-05, 8.87313653948e-05, 8.83385218913e-05, 2.42567761433e-08],
        "dmean2": [8.49522621138e-05, 0.00502815283835, 0.0050241635181, 0.0040411981754, 0.00303621264175, 0.000673367700074, 0.000517851789482, 0.000520017754752, 0.00219060410745, 0.00142330792733, 0.00160527112894, 0.00235986337066, 0.00216284417547, 0.00124935980421, 0.0004236100649, 0.00055343459826, 0.00117461383343, 0.000684260332491, 0.000743874115869, 0.000508542230818, 0.00037739193067, 0.000352355127688, 0.000285546615487, 0.000150041349116, 0.000137358205393, 0.000128941930598, 4.50381278938e-08],
        "dvar": [5.57971491233e-09, 3.34120995831e-05, 2.26427982852e-05, 9.39338769967e-06, 6.57169039187e-06, 2.12028993474e-07, 1.00296958294e-07, 2.01525821808e-07, 2.54497854257e-06, 1.76631488102e-06, 1.31779847834e-06, 2.47359366767e-06, 2.57124565906e-06, 8.02741112693e-07, 5.59064936567e-08, 8.74280985386e-08, 3.51948358457e-07, 1.09201401699e-07, 1.49593262222e-07, 8.45665795168e-08, 5.38101936343e-08, 3.99687003494e-08, 4.01222912672e-08, 1.02660280277e-08, 1.66261973078e-08, 1.53422945459e-08, 8.76315469164e-15],
        "dvar2": [1.43327092417e-08, 9.35155549087e-05, 6.65438856231e-05, 2.66397837549e-05, 1.85013850569e-05, 5.87623446791e-07, 2.36331416659e-07, 5.17886007856e-07, 5.86422765991e-06, 4.40727444584e-06, 3.13610075864e-06, 6.30007343716e-06, 6.63773380438e-06, 1.99399687517e-06, 1.59792676868e-07, 2.39548285208e-07, 1.02124477053e-06, 3.25794417222e-07, 4.16934454961e-07, 2.40826409481e-07, 1.35991868433e-07, 1.0225307534e-07, 9.41896018958e-08, 2.38915873751e-08, 3.93076220462e-08, 3.700916551e-08, 2.42217914291e-14],
        "max": [0.00064346921863, 0.0383254922926, 0.0563862025738, 0.0353642329574, 0.0238787662238, 0.00488907424733, 0.00362732703798, 0.00607989588752, 0.0157460346818, 0.0187705866992, 0.0108772506937, 0.0163362212479, 0.0173940751702, 0.00926426798105, 0.00219179829583, 0.00406172405928, 0.00580133032054, 0.00384316779673, 0.0044182385318, 0.00310548348352, 0.00216032145545, 0.00261100986972, 0.00337684969418, 0.00148419151083, 0.00164059503004, 0.00152739894111, 1.50404719079e-06],
        "mean": [5.71988275624e-05, 0.00310932705179, 0.00498355878517, 0.00389869883657, 0.0034047991503, 0.000729854626115, 0.000691872555763, 0.000546087394468, 0.00290646404028, 0.00171922845766, 0.00191158836242, 0.00245833164081, 0.00239019934088, 0.00130372052081, 0.000489534810185, 0.000711426429916, 0.00161642616149, 0.000991230015643, 0.00120383803733, 0.000817262451164, 0.000665994652081, 0.000701417389791, 0.000502218434121, 0.000282850320218, 0.000220661240746, 0.000136629809276, 1.52023620359e-08],
        "median": [2.89302952297e-05, 0.0016727844486, 0.00393678620458, 0.00275361444801, 0.0028671710752, 0.000587419024669, 0.000562390778214, 0.000389237393392, 0.00214747712016, 0.000858060491737, 0.00124129478354, 0.00182425160892, 0.00167214055546, 0.000879865838215, 0.000430398795288, 0.000641343591269, 0.00146622350439, 0.000935071904678, 0.00111707276665, 0.000742546515539, 0.000600476691034, 0.000649528461508, 0.000452730135294, 0.000246939074714, 0.00018120801542, 9.54107308644e-05, 1.18143228534e-09],
        "min": [2.80468235303e-08, 5.72005010326e-05, 3.70189263776e-05, 6.62123056827e-05, 0.000201172282686, 1.85454719031e-05, 2.35373790929e-05, 1.18115267469e-05, 6.35893666185e-05, 9.69668053585e-06, 3.05576868413e-05, 9.30235764827e-05, 0.000119674325106, 5.78903272981e-05, 4.36701484432e-05, 0.000138472372782, 0.000212572107557, 0.000168869984918, 0.000195408822037, 0.000183312644367, 0.000132797940751, 9.94254878606e-05, 5.239721213e-05, 1.83111824299e-05, 6.59445595375e-06, 1.44428770454e-06, 9.65733569502e-12],
        "var": [6.45581366143e-09, 2.36852829403e-05, 2.33957052842e-05, 1.26367995108e-05, 6.49392859486e-06, 3.392172232e-07, 2.51609236557e-07, 2.92506769028e-07, 6.31242937743e-06, 4.27829172622e-06, 3.38201971317e-06, 4.4482985686e-06, 5.07301092512e-06, 1.45885951497e-06, 7.15761814263e-08, 1.24948016378e-07, 5.30196416548e-07, 1.50247458919e-07, 2.22152806373e-07, 1.40278473282e-07, 8.57243023233e-08, 8.93571225902e-08, 6.53454392818e-08, 2.49300668997e-08, 2.77306941854e-08, 2.02610301869e-08, 5.16312617592e-15]
    },
    "erbbands": {
        "dmean": [0.0488840006292, 0.741756916046, 2.88129234314, 5.7995557785, 6.10028171539, 7.54084157944, 3.80178022385, 3.50513672829, 3.13353800774, 7.26620864868, 7.92271757126, 21.8919219971, 40.4412231445, 31.8472290039, 31.2331809998, 53.3931465149, 68.206199646, 47.3828010559, 12.9860439301, 17.6721496582, 16.9973945618, 41.3430290222, 21.5707321167, 21.308347702, 19.5883674622, 13.9934015274, 9.87959194183, 9.02556228638, 8.25734424591, 6.24248981476, 5.27599525452, 2.55953168869, 1.45536267757, 0.909719824791, 0.761620521545, 0.518984794617, 0.134706124663, 0.0112914666533, 0.000207892255276, 1.71225001395e-05],
        "dmean2": [0.0857296139002, 1.3602823019, 5.01976299286, 10.130235672, 10.2712898254, 12.9755878448, 6.39079904556, 5.74681949615, 5.05581855774, 11.2710609436, 12.7098608017, 32.989238739, 61.07081604, 50.1741371155, 50.0455780029, 87.9847259521, 107.313713074, 78.050491333, 22.2737789154, 29.885515213, 29.07903862, 70.9846038818, 37.072227478, 36.8135910034, 33.0353012085, 23.6181621552, 16.4440097809, 14.9503536224, 13.7697706223, 10.1627845764, 8.40299320221, 3.95834064484, 2.33522605896, 1.45306098461, 1.1986348629, 0.747452497482, 0.204626008868, 0.0180999673903, 0.000323597429087, 2.65974449576e-05],
        "dvar": [0.00993101298809, 2.37236404419, 22.5645980835, 69.1887893677, 49.9787597656, 140.524978638, 29.0177116394, 15.3379936218, 12.6944580078, 54.2541847229, 139.002792358, 476.461730957, 1995.04077148, 1499.31738281, 1074.3104248, 3457.19311523, 5964.59912109, 2853.38256836, 172.638961792, 295.234069824, 266.77633667, 1406.40002441, 309.124420166, 354.613739014, 339.330047607, 178.502227783, 106.976333618, 81.0600204468, 59.3661842346, 46.041229248, 36.0337715149, 7.73517942429, 2.44079065323, 1.13942611217, 1.66542339325, 0.515887200832, 0.0463141314685, 0.000377774093067, 1.14592737077e-07, 4.80184003671e-10],
        "dvar2": [0.0270198080689, 6.7167429924, 65.6044540405, 197.591781616, 142.725738525, 395.187896729, 81.6036911011, 41.1414031982, 31.0320034027, 123.556106567, 365.349212646, 1104.43151855, 4752.58154297, 3865.30908203, 2507.75854492, 8852.65917969, 14976.5947266, 7099.49414062, 468.77041626, 785.109191895, 765.001953125, 4039.98071289, 909.570983887, 991.127990723, 929.038024902, 499.955322266, 273.204406738, 209.375747681, 148.134170532, 119.264320374, 83.5174713135, 17.4332828522, 5.8583483696, 2.57073712349, 4.03257846832, 1.28677153587, 0.11030074209, 0.000862747081555, 2.62372509496e-07, 1.12956577425e-09],
        "max": [0.711164236069, 10.4808187485, 51.0684814453, 79.9679031372, 78.1918640137, 115.232223511, 69.6552200317, 38.7426452637, 35.8554420471, 78.5969924927, 120.996910095, 215.77734375, 468.047943115, 535.068786621, 361.453063965, 619.426025391, 918.576660156, 526.182250977, 124.575279236, 188.623428345, 171.186309814, 376.827209473, 187.116317749, 178.442657471, 182.855743408, 140.642852783, 98.329246521, 90.2975616455, 114.213142395, 123.559501648, 78.4774475098, 34.1797103882, 19.5941200256, 15.8594093323, 15.7457799911, 8.58887386322, 2.76637244225, 0.15368847549, 0.00290523236617, 0.00023871922167],
        "mean": [0.0589201040566, 0.85771048069, 4.72921705246, 10.2327547073, 13.1215438843, 11.6029129028, 6.8795466423, 6.13338327408, 6.47710800171, 14.4440584183, 14.9430742264, 46.6399765015, 78.1093826294, 69.7536010742, 63.4687805176, 100.875190735, 125.469078064, 84.181098938, 29.0955085754, 35.8979644775, 41.1756439209, 95.8856582642, 61.4161720276, 59.4067497253, 56.108001709, 38.6052589417, 27.1908740997, 25.8485832214, 25.6175613403, 19.9160499573, 13.9940767288, 7.04293632507, 4.0359454155, 2.58142280579, 1.52511787415, 0.858114361763, 0.19273853302, 0.013344604522, 0.000306038768031, 6.82977915858e-05],
        "median": [0.0340582430363, 0.493310272694, 3.44934797287, 8.39978885651, 11.3304424286, 8.54148387909, 5.37101840973, 4.72129774094, 4.94225645065, 11.2384338379, 10.2883958817, 37.6230583191, 59.2606391907, 51.4078102112, 47.486492157, 78.6781768799, 96.2750244141, 62.5642700195, 25.6492652893, 31.2531147003, 37.1892127991, 86.1010360718, 58.1502761841, 55.6559867859, 51.4437904358, 35.3358726501, 24.1292572021, 23.5713272095, 23.326883316, 18.6056690216, 12.3408765793, 6.02287578583, 3.52683448792, 2.25342321396, 1.13508605957, 0.61913818121, 0.118447728455, 0.00584081560373, 0.000175712353666, 6.16598990746e-05],
        "min": [0.00121137022506, 0.0350205972791, 0.221177905798, 0.496635973454, 0.398963719606, 0.55339884758, 0.320502251387, 0.288049757481, 0.307008504868, 0.50156056881, 0.656193137169, 1.53523230553, 2.75802969933, 2.05848407745, 3.26531887054, 3.79562401772, 6.85766077042, 3.37312960625, 3.58408260345, 4.16664934158, 8.97399234772, 11.6925020218, 12.2970533371, 12.0860805511, 8.29394721985, 9.3400592804, 5.84580802917, 4.62338113785, 4.61100387573, 2.33592438698, 1.12975239754, 0.459151029587, 0.164751201868, 0.0978000387549, 0.0128241125494, 0.00881948228925, 0.00265058106743, 6.47344131721e-05, 2.07584380405e-05, 1.87513760466e-05],
        "var": [0.00762568833306, 1.63996636868, 20.9878673553, 67.754119873, 74.5987625122, 132.131256104, 34.0956039429, 25.8110141754, 24.501499176, 133.385467529, 209.286056519, 1198.55407715, 4468.8203125, 3607.01000977, 2443.50244141, 6190.67236328, 11335.7734375, 4959.98339844, 228.012741089, 412.379547119, 343.023925781, 1998.04602051, 474.1824646, 490.486358643, 525.272521973, 289.743591309, 173.548034668, 132.805023193, 133.570922852, 75.2812423706, 57.765914917, 16.8451709747, 5.48868465424, 2.77513813972, 2.11293435097, 0.678093254566, 0.0556947514415, 0.000427458377089, 1.37216744633e-07, 6.18802620256e-10]
    },
    "gfcc": {
        "mean": [89.2444381714, 59.5056381226, -132.29838562, 42.4129295349, -59.257686615, 31.104593277, -34.0400009155, 13.458650589, -39.3321113586, -3.93981719017, -26.1018047333, 2.22198295593, -22.0319042206],
        "cov": [[200.311676025, -98.2527542114, 61.404624939, -63.8330001831, -18.0791664124, -5.29516506195, 6.2237739563, 14.9421062469, -9.86999511719, 28.9817848206, -14.8963680267, 16.4071426392, -17.6120738983], [-98.2527542114, 155.541534424, -55.7843284607, 42.8229675293, -2.12569212914, -4.294465065, 4.51348590851, -16.6093502045, 10.8216609955, -27.6032733917, 20.9778518677, -18.4407444, 21.0038509369], [61.404624939, -55.7843284607, 154.789154053, 24.4289550781, 48.1048316956, -8.94487762451, -3.68833661079, 16.4813194275, 5.4309015274, 28.7727241516, -20.9165325165, 22.4887752533, -15.6052408218], [-63.8330001831, 42.8229675293, 24.4289550781, 86.2939605713, 31.3319797516, -1.60454428196, -8.51441478729, -9.66232299805, 14.7751808167, -3.5627784729, 7.79046154022, -3.47683429718, 14.7437200546], [-18.0791664124, -2.12569212914, 48.1048316956, 31.3319797516, 82.9204330444, 16.5758705139, 8.86575984955, -1.30144262314, 1.02048647404, 9.348944664, -2.23687386513, 15.1677827835, -10.302192688], [-5.29516506195, -4.294465065, -8.94487762451, -1.60454428196, 16.5758705139, 52.5960235596, 26.6767311096, 12.5869894028, -4.46814012527, -0.538860499859, 9.73993206024, -1.5567599535, -0.463887453079], [6.2237739563, 4.51348590851, -3.68833661079, -8.51441478729, 8.86575984955, 26.6767311096, 51.0302886963, 24.6554012299, 3.23305797577, -3.60216975212, -1.86153900623, 1.51729798317, -3.18575692177], [14.9421062469, -16.6093502045, 16.4813194275, -9.66232299805, -1.30144262314, 12.5869894028, 24.6554012299, 49.5266227722, 15.3848018646, 7.46462678909, -7.26559638977, 1.77542865276, 2.37300205231], [-9.86999511719, 10.8216609955, 5.4309015274, 14.7751808167, 1.02048647404, -4.46814012527, 3.23305797577, 15.3848018646, 36.5296096802, 12.6631059647, 3.33205723763, -0.778925180435, 1.27479934692], [28.9817848206, -27.6032733917, 28.7727241516, -3.5627784729, 9.348944664, -0.538860499859, -3.60216975212, 7.46462678909, 12.6631059647, 42.2607536316, 12.5361909866, 10.591588974, -7.2887005806], [-14.8963680267, 20.9778518677, -20.9165325165, 7.79046154022, -2.23687386513, 9.73993206024, -1.86153900623, -7.26559638977, 3.33205723763, 12.5361909866, 38.6230659485, 8.12733364105, 5.43966770172], [16.4071426392, -18.4407444, 22.4887752533, -3.47683429718, 15.1677827835, -1.5567599535, 1.51729798317, 1.77542865276, -0.778925180435, 10.591588974, 8.12733364105, 33.4325447083, 6.16565561295], [-17.6120738983, 21.0038509369, -15.6052408218, 14.7437200546, -10.302192688, -0.463887453079, -3.18575692177, 2.37300205231, 1.27479934692, -7.2887005806, 5.43966770172, 6.16565561295, 37.3354988098]],
        "icov": [[0.0109360963106, 0.00356326648034, -0.00550308497623, 0.00721886614338, 0.00295544671826, 0.00110430410132, -0.00392373232171, 0.0032539058011, 2.55306781582e-06, -0.00284751923755, -0.000858291517943, 0.0013122309465, -0.0023566451855], [0.00356326648034, 0.014814639464, -0.000525397830643, 0.000358456221875, -0.00318483938463, 0.00730262091383, -0.0073410840705, 0.00435245363042, -0.00505660008639, 0.00840804353356, -0.0120505830273, 0.0101032461971, -0.00680431583896], [-0.00550308497623, -0.000525397830643, 0.0177257973701, -0.0120641626418, -0.00361046218313, 0.000839594809804, 0.00434487732127, -0.00795124750584, 0.0053271423094, -0.00813982542604, 0.0117512643337, -0.0104967141524, 0.00801330711693], [0.00721886614338, 0.000358456221875, -0.0120641626418, 0.0315605588257, -0.00942884292454, 0.00260829692706, -0.00130476942286, 0.00922651961446, -0.0128233199939, 0.0072307405062, -0.0119947129861, 0.01539260149, -0.0165140777826], [0.00295544671826, -0.00318483938463, -0.00361046218313, -0.00942884292454, 0.0266064014286, -0.0120800752193, -0.00101427035406, 0.00366364815272, 0.00309028849006, -0.00738344714046, 0.0121426871046, -0.0172590278089, 0.0118064777926], [0.00110430410132, 0.00730262091383, 0.000839594809804, 0.00260829692706, -0.0120800752193, 0.0387915335596, -0.0178277883679, -0.00495104165748, 0.00646586762741, 0.00493005709723, -0.0204770434648, 0.0164677612484, -0.00731865735725], [-0.00392373232171, -0.0073410840705, 0.00434487732127, -0.00130476942286, -0.00101427035406, -0.0178277883679, 0.0406797006726, -0.0183495953679, 0.000372636131942, 0.00373309012502, 0.00774530367926, -0.0113635165617, 0.0102104414254], [0.0032539058011, 0.00435245363042, -0.00795124750584, 0.00922651961446, 0.00366364815272, -0.00495104165748, -0.0183495953679, 0.0429760366678, -0.019212262705, -0.00226729293354, 0.00443329429254, 0.00527383200824, -0.0125318644568], [2.55306781582e-06, -0.00505660008639, 0.0053271423094, -0.0128233199939, 0.00309028849006, 0.00646586762741, 0.000372636131942, -0.019212262705, 0.0478860102594, -0.0190558135509, 0.00492437975481, -0.00309622869827, 0.00676107173786], [-0.00284751923755, 0.00840804353356, -0.00813982542604, 0.0072307405062, -0.00738344714046, 0.00493005709723, 0.00373309012502, -0.00226729293354, -0.0190558135509, 0.053031142801, -0.0303268674761, 0.0058065187186, 0.000618657737505], [-0.000858291517943, -0.0120505830273, 0.0117512643337, -0.0119947129861, 0.0121426871046, -0.0204770434648, 0.00774530367926, 0.00443329429254, 0.00492437975481, -0.0303268674761, 0.062302261591, -0.0295489709824, 0.00921204220504], [0.0013122309465, 0.0101032461971, -0.0104967141524, 0.01539260149, -0.0172590278089, 0.0164677612484, -0.0113635165617, 0.00527383200824, -0.00309622869827, 0.0058065187186, -0.0295489709824, 0.0624295845628, -0.0261584948748], [-0.0023566451855, -0.00680431583896, 0.00801330711693, -0.0165140777826, 0.0118064777926, -0.00731865735725, 0.0102104414254, -0.0125318644568, 0.00676107173786, 0.000618657737505, 0.00921204220504, -0.0261584948748, 0.0470733679831]]
    },
    "melbands": {
        "dmean": [0.000607207824942, 0.00130801217165, 0.000962191319559, 0.000446146441391, 0.000171128485817, 7.6691590948e-05, 5.08800621901e-05, 7.55462097004e-05, 7.0764166594e-05, 0.00017961980484, 0.000210156780668, 0.000133314926643, 0.000135951588163, 8.98547368706e-05, 0.000214719315409, 0.000152049731696, 7.73359497543e-05, 2.52422087215e-05, 2.00664926524e-05, 2.39045039052e-05, 2.26036900131e-05, 4.6991637646e-05, 3.1795418181e-05, 1.95600659936e-05, 1.98315883608e-05, 1.72495729203e-05, 1.45962912939e-05, 9.43186387303e-06, 6.57926693748e-06, 6.75950377627e-06, 5.95962455918e-06, 5.37373034604e-06, 4.55822009826e-06, 3.7701340716e-06, 3.56581062988e-06, 2.39962150772e-06, 1.49570109897e-06, 1.18235459468e-06, 1.02975548089e-06, 8.77619697803e-07],
        "dmean2": [0.00109813630115, 0.00231093983166, 0.0016693394864, 0.000771146791521, 0.000288142182399, 0.000125440245029, 8.05515010143e-05, 0.000117182302347, 0.000112656365673, 0.000268969102763, 0.000317076221108, 0.000209282487049, 0.000215801846934, 0.000150280015077, 0.000350602844264, 0.000239027503994, 0.000128154002596, 4.32816596003e-05, 3.45249354723e-05, 4.02180630772e-05, 3.8731857785e-05, 8.11431673355e-05, 5.47560193809e-05, 3.38228237524e-05, 3.44586369465e-05, 2.91917895083e-05, 2.48518153967e-05, 1.60995223268e-05, 1.10365199362e-05, 1.12015814011e-05, 1.01673012978e-05, 8.97097379493e-06, 7.57314637667e-06, 6.21382696409e-06, 5.75814055992e-06, 3.79836660613e-06, 2.36220421357e-06, 1.9161268483e-06, 1.70532302946e-06, 1.40843064855e-06],
        "dvar": [1.62223511779e-06, 5.13327040608e-06, 1.685917141e-06, 3.94689578798e-07, 6.72947919611e-08, 7.20980786184e-09, 2.88041523966e-09, 5.75059511121e-09, 9.80258185734e-09, 3.42010082477e-08, 5.1479613461e-08, 2.93680688657e-08, 2.39072122099e-08, 9.07139785511e-09, 6.18408790842e-08, 3.09661665199e-08, 8.4168183534e-09, 6.74818090296e-10, 3.9702030552e-10, 5.08895536822e-10, 4.99471741744e-10, 1.92187732395e-09, 6.99341695665e-10, 2.71075967229e-10, 3.23951615533e-10, 2.66503846769e-10, 1.75256975599e-10, 9.6364055624e-11, 5.39037287028e-11, 4.72451973377e-11, 3.41671517468e-11, 2.69338024106e-11, 1.73842641671e-11, 1.86113988804e-11, 1.49890169721e-11, 7.85788534935e-12, 2.54317400472e-12, 1.57178089988e-12, 1.29057420133e-12, 1.06168773859e-12],
        "dvar2": [4.49315803053e-06, 1.47986365846e-05, 4.79413574794e-06, 1.11424901661e-06, 1.89987986232e-07, 1.95263787361e-08, 6.94765400766e-09, 1.34949171837e-08, 2.60084203063e-08, 7.9483037041e-08, 1.22937393598e-07, 7.56322435791e-08, 5.53559367233e-08, 2.35649544322e-08, 1.62385447311e-07, 8.43432417241e-08, 2.09016555175e-08, 1.87035165133e-09, 1.14039244714e-09, 1.39880429462e-09, 1.41064004922e-09, 5.5371147667e-09, 1.91628357626e-09, 8.04770472485e-10, 9.00020835637e-10, 7.45283446069e-10, 4.88958429301e-10, 2.65525296195e-10, 1.39559891421e-10, 1.22403726044e-10, 9.38683089591e-11, 7.21401272052e-11, 4.52411892671e-11, 4.84060742878e-11, 3.62519216035e-11, 1.82098017221e-11, 6.11945780507e-12, 3.79835399245e-12, 3.41648692843e-12, 2.4478513834e-12],
        "max": [0.00870900508016, 0.0217456966639, 0.0136519856751, 0.00608649756759, 0.00315756560303, 0.000834694248624, 0.000585218484048, 0.00104846863542, 0.000826922128908, 0.00183942052536, 0.00229785358533, 0.00251808599569, 0.00166928069666, 0.00101761566475, 0.00233272463083, 0.00174791901372, 0.000899064936675, 0.000227964672376, 0.000169432663824, 0.000264478905592, 0.000230282050325, 0.000449998071417, 0.000231811471167, 0.000141554293805, 0.000155126093887, 0.000208901969017, 0.000144886929775, 0.000126089216792, 8.19118577056e-05, 7.53302083467e-05, 5.69723488297e-05, 7.93883591541e-05, 3.94957205572e-05, 8.38835912873e-05, 4.75066408399e-05, 4.1772476834e-05, 2.48077576543e-05, 1.89875627257e-05, 1.7820395442e-05, 1.30044063553e-05],
        "mean": [0.000698986055795, 0.00206830678508, 0.00195663748309, 0.000871178344823, 0.000304632209009, 0.000135499867611, 0.000110284228867, 0.000151672662469, 0.000127459294163, 0.000362551363651, 0.000397657655412, 0.000280601787381, 0.000253423815593, 0.000170930710738, 0.000360946549335, 0.000252684287261, 0.00013419847528, 4.56194211438e-05, 3.87648069591e-05, 4.88920013595e-05, 4.55771951238e-05, 9.84632861218e-05, 7.83600553405e-05, 4.4607455493e-05, 4.86741482746e-05, 4.41875781689e-05, 3.63453727914e-05, 2.26073425438e-05, 1.56370842888e-05, 1.66770441865e-05, 1.49248307935e-05, 1.46927914102e-05, 1.29448535517e-05, 1.03354577732e-05, 8.73989483807e-06, 5.66275048186e-06, 3.69370559383e-06, 2.83555914393e-06, 2.49601635005e-06, 2.10887401408e-06],
        "median": [0.000383205537219, 0.00149793620221, 0.00166550721042, 0.000747689220589, 0.000238167995121, 0.000105453611468, 8.96387427929e-05, 0.000120278011309, 7.8853663581e-05, 0.00028014779673, 0.000304415909341, 0.000188656631508, 0.000164372700965, 0.000131446635351, 0.000245038361754, 0.000174113447429, 9.46779691731e-05, 3.81580393878e-05, 3.39504549629e-05, 4.24125028076e-05, 4.02480982302e-05, 8.6552441644e-05, 7.28702070774e-05, 4.17684386775e-05, 4.48341634183e-05, 4.02838231821e-05, 3.37400415447e-05, 1.98320503841e-05, 1.32613304231e-05, 1.46446291183e-05, 1.36685148391e-05, 1.31967117341e-05, 1.18738462334e-05, 9.42895712797e-06, 7.69184862293e-06, 4.81290544485e-06, 3.04699597109e-06, 2.32761681218e-06, 2.21696632252e-06, 1.78486698132e-06],
        "min": [1.23619565784e-05, 8.9055589342e-05, 9.05564083951e-05, 2.88707196887e-05, 9.71589633991e-06, 4.11059954786e-06, 4.72240435556e-06, 2.29914712691e-06, 6.35938840787e-06, 1.06001634776e-05, 1.13109435915e-05, 3.57687008545e-06, 6.84839415044e-06, 9.25859694689e-06, 1.13201122076e-05, 1.26781687868e-05, 4.95999574923e-06, 3.80675055567e-06, 4.2120686885e-06, 6.70701592753e-06, 9.41898360907e-06, 1.05768031062e-05, 1.34069532578e-05, 7.8609045886e-06, 8.20457444206e-06, 5.77435275773e-06, 6.07946412856e-06, 4.48042646894e-06, 2.20725246436e-06, 3.65475534636e-06, 2.10697635339e-06, 2.90318666885e-06, 9.94970378088e-07, 1.30263299525e-06, 6.78868445902e-07, 4.07982128081e-07, 1.84046385243e-07, 8.18380740952e-08, 1.07320772713e-07, 3.76620796771e-08],
