{
"highlevel": {
    "danceability": {
        "all": {
            "danceable": 0.841544508934,
            "not_danceable": 0.158455505967
        },
        "probability": 0.841544508934,
        "value": "danceable"
    },
    "gender": {
        "all": {
            "female": 0.989188730717,
            "male": 0.0108112506568
        },
        "probability": 0.989188730717,
        "value": "female"
    },
    "genre_dortmund": {
        "all": {
            "alternative": 0.122627787292,
            "blues": 0.0305276419967,
            "electronic": 0.01324626524,
            "folkcountry": 0.21367482841,
            "funksoulrnb": 0.0315375179052,
            "jazz": 0.0292893256992,
            "pop": 0.243163794279,
            "raphiphop": 0.0133589021862,
            "rock": 0.302573949099
        },
        "probability": 0.302573949099,
        "value": "rock"
    },
    "genre_electronic": {
        "all": {
            "ambient": 0.381112098694,
            "dnb": 0.377010911703,
            "house": 0.155430361629,
            "techno": 0.0112949870527,
            "trance": 0.0751516446471
        },
        "probability": 0.381112098694,
        "value": "ambient"
    },
    "genre_rosamerica": {
        "all": {
            "cla": 0.00290773087181,
            "dan": 0.0467088110745,
            "hip": 0.0196154154837,
            "jaz": 0.00855010095984,
            "pop": 0.726368308067,
            "rhy": 0.130921915174,
            "roc": 0.0611611120403,
            "spe": 0.00376658746973
        },
        "probability": 0.726368308067,
        "value": "pop"
    },
    "genre_tzanetakis": {
        "all": {
            "blu": 0.0607384443283,
            "cla": 0.0337369628251,
            "cou": 0.0759031102061,
            "dis": 0.0505959652364,
            "hip": 0.1517791152,
            "jaz": 0.151757359505,
            "met": 0.0505812093616,
            "pop": 0.0606983527541,
            "reg": 0.060700122267,
            "roc": 0.303509354591
        },
        "probability": 0.303509354591,
        "value": "roc"
    },
    "ismir04_rhythm": {
        "all": {
            "ChaChaCha": 0.00769713427871,
            "Jive": 0.0259564500302,
            "Quickstep": 0.122075632215,
            "Rumba-American": 0.0108029898256,
            "Rumba-International": 0.677553296089,
            "Rumba-Misc": 0.0113878538832,
            "Samba": 0.0490631461143,
            "Tango": 0.007961939089,
            "VienneseWaltz": 0.0387117303908,
            "Waltz": 0.0487898588181
        },
        "probability": 0.677553296089,
        "value": "Rumba-International"
    },
    "mood_acoustic": {
        "all": {
            "acoustic": 0.388210624456,
            "not_acoustic": 0.611789345741
        },
        "probability": 0.611789345741,
        "value": "not_acoustic"
    },
    "mood_aggressive": {
        "all": {
            "aggressive": 0.00447637075558,
            "not_aggressive": 0.995523631573
        },
        "probability": 0.995523631573,
        "value": "not_aggressive"
    },
    "mood_electronic": {
        "all": {
            "electronic": 0.228465884924,
            "not_electronic": 0.771534085274
        },
        "probability": 0.771534085274,
        "value": "not_electronic"
    },
    "mood_happy": {
        "all": {
            "happy": 0.832402408123,
            "not_happy": 0.167597591877
        },
        "probability": 0.832402408123,
        "value": "happy"
    },
    "mood_party": {
        "all": {
            "not_party": 0.782065570354,
            "party": 0.217934444547
        },
        "probability": 0.782065570354,
        "value": "not_party"
    },
    "mood_relaxed": {
        "all": {
            "not_relaxed": 0.777993083,
            "relaxed": 0.222006902099
        },
        "probability": 0.777993083,
        "value": "not_relaxed"
    },
    "mood_sad": {
        "all": {
            "not_sad": 0.438218563795,
            "sad": 0.561781406403
        },
        "probability": 0.561781406403,
        "value": "sad"
    },
    "moods_mirex": {
        "all": {
            "Cluster1": 0.326177120209,
            "Cluster2": 0.227751493454,
            "Cluster3": 0.341939896345,
            "Cluster4": 0.045684158802,
            "Cluster5": 0.0584473162889
        },
        "probability": 0.341939896345,
        "value": "Cluster3"
    },
    "timbre": {
        "all": {
            "bright": 0.980921566486,
            "dark": 0.0190784148872
        },
        "probability": 0.980921566486,
        "value": "bright"
    },
    "tonal_atonal": {
        "all": {
            "atonal": 0.0671316683292,
            "tonal": 0.932868361473
        },
        "probability": 0.932868361473,
        "value": "tonal"
    },
    "voice_instrumental": {
        "all": {
            "instrumental": 0.0400421209633,
            "voice": 0.959957897663
        },
        "probability": 0.959957897663,
        "value": "voice"
    }
},
"lowlevel": {
    "average_loudness": 0.971197009087,
    "barkbands_crest": {
        "dmean": 1.96328437328,
        "dmean2": 3.01124620438,
        "dvar": 4.95146369934,
        "dvar2": 10.6674051285,
        "max": 24.5267658234,
        "mean": 11.8781232834,
        "median": 11.5723571777,
        "min": 3.13544440269,
        "var": 16.5430335999
    },
    "barkbands_flatness_db": {
        "dmean": 0.0216418001801,
        "dmean2": 0.0302616618574,
        "dvar": 0.000610036368016,
        "dvar2": 0.0011427688878,
        "max": 0.410889744759,
        "mean": 0.185689434409,
        "median": 0.178873881698,
        "min": 0.0391777083278,
        "var": 0.00374787836336
    },
    "barkbands_kurtosis": {
        "dmean": 5.00223016739,
        "dmean2": 7.19440841675,
        "dvar": 148.953598022,
        "dvar2": 302.44140625,
        "max": 221.161102295,
        "mean": 10.462141037,
        "median": 5.96503353119,
        "min": -1.90991163254,
        "var": 356.740356445
    },
    "barkbands_skewness": {
        "dmean": 0.520191967487,
        "dmean2": 0.745036900043,
        "dvar": 0.54382288456,
        "dvar2": 1.08002495766,
        "max": 11.6080160141,
        "mean": 2.38836050034,
        "median": 2.23870158195,
        "min": -0.0243158899248,
        "var": 2.24445223808
    },
    "barkbands_spread": {
        "dmean": 5.0850276947,
        "dmean2": 7.32527017593,
        "dvar": 75.1627502441,
        "dvar2": 127.112182617,
        "max": 111.874771118,
        "mean": 20.5231933594,
        "median": 14.932103157,
        "min": 0.498209148645,
        "var": 353.395751953
    },
    "dissonance": {
        "dmean": 0.0205067489296,
        "dmean2": 0.033781837672,
        "dvar": 0.000360052043106,
        "dvar2": 0.000938343582675,
        "max": 0.499236553907,
        "mean": 0.448234200478,
        "median": 0.4537088871,
        "min": 0.316093146801,
        "var": 0.000976583338343
    },
    "dynamic_complexity": 2.29060864449,
    "erbbands_crest": {
        "dmean": 1.92986929417,
        "dmean2": 3.05927371979,
        "dvar": 4.04923677444,
        "dvar2": 9.77068424225,
        "max": 24.1928291321,
        "mean": 8.3834438324,
        "median": 7.70135259628,
        "min": 2.71062898636,
        "var": 12.2261819839
    },
    "erbbands_flatness_db": {
        "dmean": 0.0151946563274,
        "dmean2": 0.0203524697572,
        "dvar": 0.000257814128418,
        "dvar2": 0.000473119522212,
        "max": 0.258930653334,
        "mean": 0.139229014516,
        "median": 0.139533311129,
        "min": 0.0488392040133,
        "var": 0.00125460734125
    },
    "erbbands_kurtosis": {
        "dmean": 0.705570697784,
        "dmean2": 1.09667420387,
        "dvar": 0.975746154785,
        "dvar2": 2.44050335884,
        "max": 15.1295070648,
        "mean": 0.3497595191,
        "median": -0.140318632126,
        "min": -1.83590984344,
        "var": 2.64848065376
    },
    "erbbands_skewness": {
        "dmean": 0.291303813457,
        "dmean2": 0.425446093082,
        "dvar": 0.0919071659446,
        "dvar2": 0.191051393747,
        "max": 3.53325581551,
        "mean": 0.476111978292,
        "median": 0.524593353271,
        "min": -2.86840224266,
        "var": 0.513987243176
    },
    "erbbands_spread": {
        "dmean": 9.06587505341,
        "dmean2": 13.1732349396,
        "dvar": 145.721191406,
        "dvar2": 311.822296143,
        "max": 148.703552246,
        "mean": 46.6361465454,
        "median": 42.6871337891,
        "min": 10.6391134262,
        "var": 476.610076904
    },
    "hfc": {
        "dmean": 7.25465917587,
        "dmean2": 9.6867351532,
        "dvar": 237.825942993,
        "dvar2": 410.68081665,
        "max": 189.594818115,
        "mean": 25.5465087891,
        "median": 16.2377986908,
        "min": 0.502586066723,
        "var": 769.444702148
    },
    "melbands_crest": {
        "dmean": 2.14891123772,
        "dmean2": 3.43935894966,
        "dvar": 6.14878225327,
        "dvar2": 15.4068155289,
        "max": 30.433801651,
        "mean": 15.4292526245,
        "median": 14.8322429657,
        "min": 6.28147745132,
        "var": 23.8373432159
    },
    "melbands_flatness_db": {
        "dmean": 0.0253552291542,
        "dmean2": 0.0342024080455,
        "dvar": 0.000959879776929,
        "dvar2": 0.0017701741308,
        "max": 0.528054058552,
        "mean": 0.255628317595,
        "median": 0.245922878385,
        "min": 0.0759285315871,
        "var": 0.0066858404316
    },
    "melbands_kurtosis": {
        "dmean": 10.2875499725,
        "dmean2": 15.554813385,
        "dvar": 430.495544434,
        "dvar2": 987.080383301,
        "max": 306.44631958,
        "mean": 25.6789150238,
        "median": 17.7060527802,
        "min": -0.210960626602,
        "var": 869.253845215
    },
    "melbands_skewness": {
        "dmean": 0.676335215569,
        "dmean2": 1.00601172447,
        "dvar": 0.793934047222,
        "dvar2": 1.72712850571,
        "max": 12.1481113434,
        "mean": 3.70577144623,
        "median": 3.44558787346,
        "min": 0.704562306404,
        "var": 2.93111801147
    },
    "melbands_spread": {
        "dmean": 3.83015441895,
        "dmean2": 5.42025566101,
        "dvar": 37.3819999695,
        "dvar2": 70.4247894287,
        "max": 94.486000061,
        "mean": 15.3594493866,
        "median": 10.4830150604,
        "min": 0.538048863411,
        "var": 170.114044189
    },
    "pitch_salience": {
        "dmean": 0.0597048997879,
        "dmean2": 0.0946346819401,
        "dvar": 0.00445275101811,
        "dvar2": 0.0100541692227,
        "max": 0.794869303703,
        "mean": 0.477012842894,
        "median": 0.474221438169,
        "min": 0.121333293617,
        "var": 0.0111221568659
    },
    "silence_rate_20dB": {
        "dmean": 0,
        "dmean2": 0,
        "dvar": 0,
        "dvar2": 0,
        "max": 1,
        "mean": 1,
        "median": 1,
        "min": 1,
        "var": 0
    },
    "silence_rate_30dB": {
        "dmean": 0.0325077399611,
        "dmean2": 0.0650658383965,
        "dvar": 0.031450919807,
        "dvar2": 0.0670295506716,
        "max": 1,
        "mean": 0.967517375946,
        "median": 1,
        "min": 0,
        "var": 0.031427487731
    },
    "silence_rate_60dB": {
        "dmean": 0.00773993786424,
        "dmean2": 0.0154918665066,
        "dvar": 0.00768005754799,
        "dvar2": 0.0183502901345,
        "max": 1,
        "mean": 0.00773395225406,
        "median": 0,
        "min": 0,
        "var": 0.00767411990091
    },
    "spectral_centroid": {
        "dmean": 197.816772461,
        "dmean2": 284.422363281,
        "dvar": 72255.9765625,
        "dvar2": 133858.875,
        "max": 3841.49121094,
        "mean": 1035.8782959,
        "median": 850.401184082,
        "min": 171.55166626,
        "var": 439896.40625
    },
    "spectral_complexity": {
        "dmean": 2.99225997925,
        "dmean2": 4.53989171982,
        "dvar": 20.1298828125,
        "dvar2": 34.1228866577,
        "max": 62,
        "mean": 16.3619480133,
        "median": 14,
        "min": 3,
        "var": 79.8688583374
    },
    "spectral_decrease": {
        "dmean": 2.36759678529e-09,
        "dmean2": 3.61611718347e-09,
        "dvar": 1.8967952895e-17,
        "dvar2": 3.8264703466e-17,
        "max": -4.85556428398e-10,
        "mean": -1.06716475656e-08,
        "median": -9.53659995417e-09,
        "min": -4.63312801458e-08,
        "var": 3.78199185245e-17
    },
    "spectral_energy": {
        "dmean": 0.00934922415763,
        "dmean2": 0.0141687784344,
        "dvar": 0.000280530221062,
        "dvar2": 0.000564918096643,
        "max": 0.177004635334,
        "mean": 0.0425944030285,
        "median": 0.0383369065821,
        "min": 0.00188392901327,
        "var": 0.00057492259657
    },
    "spectral_energyband_high": {
        "dmean": 0.000621182320174,
        "dmean2": 0.000808424665593,
        "dvar": 2.2187673494e-06,
        "dvar2": 3.59220757673e-06,
        "max": 0.0194620769471,
        "mean": 0.00137822749093,
        "median": 0.000379882578272,
        "min": 2.50983794103e-06,
        "var": 7.1679123721e-06
    },
    "spectral_energyband_low": {
        "dmean": 0.00670709088445,
        "dmean2": 0.01047562249,
        "dvar": 0.000261044275248,
        "dvar2": 0.000539613363799,
        "max": 0.170192673802,
        "mean": 0.0234302002937,
        "median": 0.0190138444304,
        "min": 9.37191798585e-05,
        "var": 0.000427129649324
    },
    "spectral_energyband_middle_high": {
        "dmean": 0.00122066785116,
        "dmean2": 0.00169222208206,
        "dvar": 3.72812110072e-06,
        "dvar2": 6.28177849649e-06,
        "max": 0.0337860137224,
        "mean": 0.00454223481938,
        "median": 0.00216480507515,
        "min": 5.06115502503e-05,
        "var": 2.61824206973e-05
    },
    "spectral_energyband_middle_low": {
        "dmean": 0.0045283450745,
        "dmean2": 0.00704203546047,
        "dvar": 5.08017146785e-05,
        "dvar2": 0.000124350437545,
        "max": 0.0818628370762,
        "mean": 0.0148644074798,
        "median": 0.0128562003374,
        "min": 0.000948361877818,
        "var": 0.000117757408589
    },
    "spectral_entropy": {
        "dmean": 0.201780945063,
        "dmean2": 0.274098038673,
        "dvar": 0.0545399710536,
        "dvar2": 0.100759834051,
        "max": 8.62745571136,
        "mean": 7.29545974731,
        "median": 7.28464126587,
        "min": 5.82462692261,
        "var": 0.302341043949
    },
    "spectral_flux": {
        "dmean": 0.0247026234865,
        "dmean2": 0.0378929190338,
        "dvar": 0.00114528543781,
        "dvar2": 0.00225515989587,
        "max": 0.360774576664,
        "mean": 0.0771012380719,
        "median": 0.0628210157156,
        "min": 0.0100276293233,
        "var": 0.00283455476165
    },
    "spectral_kurtosis": {
        "dmean": 1.75092124939,
        "dmean2": 2.61291527748,
        "dvar": 5.46727657318,
        "dvar2": 10.0749378204,
        "max": 39.0866699219,
        "mean": 5.03463840485,
        "median": 3.86633682251,
        "min": -1.23269450665,
        "var": 22.3249721527
    },
    "spectral_rms": {
        "dmean": 0.000654945441056,
        "dmean2": 0.000972900365014,
        "dvar": 9.87429757515e-07,
        "dvar2": 1.82223880074e-06,
        "max": 0.0131410593167,
        "mean": 0.00622441992164,
        "median": 0.00611570617184,
        "min": 0.00135572103318,
        "var": 2.81210441244e-06
    },
    "spectral_rolloff": {
        "dmean": 382.097015381,
        "dmean2": 626.817749023,
        "dvar": 1077663.25,
        "dvar2": 2150178.25,
        "max": 9302.34375,
        "mean": 1088.98352051,
        "median": 473.73046875,
        "min": 86.1328125,
        "var": 2704179.75
    },
    "spectral_skewness": {
        "dmean": 0.249960973859,
        "dmean2": 0.358644038439,
        "dvar": 0.0825637206435,
        "dvar2": 0.139841973782,
        "max": 4.70498085022,
        "mean": 1.75414419174,
        "median": 1.62980818748,
        "min": -0.101978011429,
        "var": 0.515217900276
    },
    "spectral_spread": {
        "dmean": 769655.5,
        "dmean2": 1036131.625,
        "dvar": 1.0239812567e+12,
        "dvar2": 1.85839963341e+12,
        "max": 14734700,
        "mean": 5227856,
        "median": 4814603.5,
        "min": 1514379.125,
        "var": 4.04568355635e+12
    },
    "spectral_strongpeak": {
        "dmean": 0.267796546221,
        "dmean2": 0.481459826231,
        "dvar": 0.386124879122,
        "dvar2": 0.971851408482,
        "max": 5.91446065903,
        "mean": 0.660829246044,
        "median": 0.416399687529,
        "min": 0,
        "var": 0.615020275116
    },
    "zerocrossingrate": {
        "dmean": 0.0103578362614,
        "dmean2": 0.0114539964125,
        "dvar": 0.000200761249289,
        "dvar2": 0.000199799964321,
        "max": 0.236328125,
        "mean": 0.047285489738,
        "median": 0.0380859375,
        "min": 0.00244140625,
        "var": 0.00144535396248
    },
    "barkbands": {
        "dmean": [0.000166503741639, 0.00564291933551, 0.00259582698345, 0.00133191875648, 0.00254666851833, 0.000937131349929, 0.000620918406639, 0.000559797859751, 0.00054026953876, 0.000490521255415, 0.000242496607825, 0.000149931220221, 0.000190848280909, 0.000286486523692, 0.000182719086297, 0.000160732932272, 0.000170669867657, 0.000181606432307, 0.000128880114062, 0.000184398842975, 8.57361592352e-05, 8.91836316441e-05, 0.000116575189168, 0.000211966776988, 0.000170103128767, 6.27566478215e-05, 3.13141121921e-08],
        "dmean2": [0.000277613959042, 0.00791359134018, 0.00472565274686, 0.00223587965593, 0.00406531477347, 0.00133994128555, 0.000959321449045, 0.000861958891619, 0.000761247880291, 0.000691156834364, 0.000358176534064, 0.000223122624448, 0.000277422717772, 0.000439628493041, 0.000275737344055, 0.000259201420704, 0.000271459983196, 0.000278462423012, 0.000194535634364, 0.000279062747722, 0.000122699464555, 0.000124190046336, 0.000161757037858, 0.000300872925436, 0.000267422845354, 9.76994342636e-05, 5.59739810058e-08],
        "dvar": [1.23196642221e-07, 0.000165698089404, 9.01809544303e-05, 1.27787507154e-05, 1.53711625899e-05, 4.28408338848e-06, 1.77958963832e-06, 1.5632369923e-06, 1.70203668404e-06, 2.42678129325e-06, 2.14287425138e-07, 2.50234251098e-07, 3.1853994642e-07, 2.59435921635e-07, 2.74623545238e-07, 1.48834629954e-07, 1.26824645008e-07, 1.76031207388e-07, 7.63026832828e-08, 1.4803849524e-07, 3.82450053849e-08, 3.06915701742e-08, 5.9927373286e-08, 3.67768024034e-07, 3.59283916396e-07, 4.03591684517e-08, 4.34778996388e-14],
        "dvar2": [3.48433843556e-07, 0.000361679849448, 0.000262832618318, 3.39080033882e-05, 3.92392539652e-05, 8.70708299772e-06, 3.42923658536e-06, 3.54781855094e-06, 2.94237520393e-06, 4.19228945248e-06, 3.91290598145e-07, 3.92299085661e-07, 6.1308696786e-07, 5.6592347164e-07, 6.30855311101e-07, 3.63401653658e-07, 2.95462911026e-07, 3.80335166028e-07, 1.75432319338e-07, 3.52707644424e-07, 6.82081520154e-08, 5.59603918759e-08, 1.15638030707e-07, 6.67042684199e-07, 9.13367045996e-07, 8.20965837534e-08, 1.13872602211e-13],
        "max": [0.00347334914841, 0.155507385731, 0.1111240834, 0.0518393591046, 0.0560400187969, 0.0323537401855, 0.0278467889875, 0.0186320468783, 0.0314192026854, 0.0339585021138, 0.0101750614122, 0.0158728472888, 0.0108974315226, 0.00658829184249, 0.00912544224411, 0.00613091420382, 0.00518037145957, 0.00675508612767, 0.00474450131878, 0.00576419150457, 0.0026318707969, 0.00233701849356, 0.00294697051868, 0.0121664768085, 0.00867701973766, 0.00231991917826, 2.6125946988e-06],
        "mean": [0.000320558581734, 0.0163747761399, 0.00542019912973, 0.0023863457609, 0.0055396896787, 0.00232738978229, 0.00131306226831, 0.00136920099612, 0.00128932623193, 0.00135464058258, 0.000461946096038, 0.000264365284238, 0.000408365303883, 0.000534467981197, 0.00029634241946, 0.000284864800051, 0.00035219072015, 0.000360351608833, 0.000266203598585, 0.000406643259339, 0.000151625732542, 0.000185498793144, 0.000225626281463, 0.000391994253732, 0.000224875257118, 8.38387932163e-05, 2.21855138705e-08],
        "median": [0.000114692571515, 0.0131712118164, 0.00343475374393, 0.00128655543085, 0.00345538812689, 0.000974378897808, 0.000563720765058, 0.000367643602658, 0.000297625054372, 0.000311590411002, 0.000234371327679, 9.94244619505e-05, 6.70986846671e-05, 0.000219492649194, 6.70862500556e-05, 7.59078538977e-05, 9.47633889155e-05, 6.35789692751e-05, 6.10583592788e-05, 8.1302903709e-05, 3.19233404298e-05, 3.59358200512e-05, 5.74698024138e-05, 5.81222666369e-05, 2.86841313937e-05, 9.61334990279e-06, 5.79057635175e-10],
        "min": [4.16210923504e-08, 1.26259874378e-05, 1.31390597744e-05, 3.54068311026e-06, 0.000138838484418, 6.58568978906e-06, 6.39424433757e-06, 5.78181970923e-06, 2.04194657272e-06, 2.09632275983e-06, 1.56023418185e-06, 2.98416034639e-06, 1.11756867227e-06, 2.65149969891e-06, 3.37780846849e-07, 4.21415791152e-07, 2.36315187863e-07, 2.77241497315e-07, 3.40321776093e-07, 1.53552221605e-07, 2.45733616566e-07, 1.70708517544e-07, 3.87211684938e-07, 2.93328014322e-07, 2.94902352538e-10, 7.42846235913e-12, 7.52301866636e-12],
        "var": [2.14854622982e-07, 0.000268960488029, 6.6756590968e-05, 1.38858003993e-05, 3.79244811484e-05, 1.63288441399e-05, 4.88581235913e-06, 7.8317907537e-06, 7.38644757803e-06, 1.13070555017e-05, 6.69639121043e-07, 6.37940047454e-07, 1.1940916238e-06, 7.80370271514e-07, 4.97213989092e-07, 3.11991072977e-07, 3.90411031503e-07, 4.63687001684e-07, 2.20060954348e-07, 5.35271510671e-07, 9.31610415478e-08, 1.17425557278e-07, 1.73268432491e-07, 1.190549483e-06, 4.2563237912e-07, 6.69344544235e-08, 3.10327155954e-14]
    },
    "erbbands": {
        "dmean": [0.149566963315, 1.32459795475, 2.93925881386, 3.71906781197, 6.72729253769, 9.6711769104, 8.87092399597, 6.71511220932, 8.64156532288, 10.8037548065, 10.6693410873, 11.7616252899, 16.9576969147, 7.90372753143, 9.08615493774, 5.9695930481, 8.41168212891, 11.1741104126, 11.767080307, 8.15601158142, 7.49479293823, 9.74822235107, 11.2519550323, 4.82018566132, 7.82297325134, 7.68858671188, 3.44325017929, 3.5298705101, 3.17448544502, 3.29525566101, 3.788002491, 4.15821313858, 3.80734014511, 2.58941173553, 0.86047077179, 0.288608551025, 0.127817824483, 0.0128207635134, 0.00022601908131, 2.03876970772e-05],
        "dmean2": [0.228590294719, 1.90370762348, 5.10574388504, 6.36617708206, 10.8030691147, 15.4860486984, 13.0446386337, 10.092663765, 13.4835443497, 16.4634552002, 15.9414081573, 16.4413928986, 23.5602989197, 11.231678009, 13.4147176743, 8.88928127289, 11.8772344589, 16.9809951782, 17.2080078125, 12.0029525757, 11.4002599716, 15.6539773941, 17.1284313202, 7.28265237808, 11.4133996964, 11.4861211777, 4.91242361069, 5.14019966125, 4.4993596077, 4.50563955307, 5.27716684341, 5.81610631943, 5.80923271179, 4.09634113312, 1.33317995071, 0.451297342777, 0.196118220687, 0.019402962178, 0.000340122001944, 3.00087631331e-05],
        "dvar": [0.138157531619, 9.33947563171, 99.9667892456, 101.256713867, 180.586303711, 259.268951416, 260.747467041, 286.90524292, 432.9375, 505.238739014, 620.674865723, 962.129638672, 3252.76635742, 302.411407471, 273.092926025, 531.887207031, 607.926696777, 487.619445801, 669.958862305, 405.946105957, 276.757873535, 417.331329346, 649.52947998, 124.198059082, 222.226318359, 323.918914795, 60.7660293579, 68.5962142944, 40.8833732605, 44.4043273926, 69.5093994141, 123.829772949, 146.45690918, 96.4465103149, 7.74314451218, 0.669193148613, 0.197504535317, 0.00226238369942, 6.51125333206e-07, 2.05820271937e-09],
        "dvar2": [0.317762970924, 19.5769920349, 278.580505371, 281.156860352, 448.235473633, 665.227355957, 547.387329102, 606.662231445, 808.017028809, 991.510192871, 1383.77758789, 1620.93591309, 5983.13427734, 467.492156982, 511.119445801, 840.387756348, 1103.34509277, 1028.68444824, 1597.4317627, 765.018554688, 632.125915527, 1056.85327148, 1383.71838379, 266.363677979, 450.741821289, 754.187011719, 111.224487305, 132.801651001, 74.0283126831, 92.9049453735, 139.372589111, 216.940979004, 307.748779297, 247.05279541, 19.0087604523, 1.55524730682, 0.39308142662, 0.00457092793658, 1.28031638269e-06, 3.82860410042e-09],
        "max": [4.14478778839, 35.1931190491, 114.868469238, 128.919494629, 174.211853027, 238.503845215, 251.701553345, 365.995361328, 506.080322266, 324.25201416, 397.386962891, 751.300231934, 1399.97631836, 419.725738525, 339.716430664, 720.526306152, 560.301940918, 286.014770508, 586.292053223, 430.36328125, 210.664978027, 287.94732666, 417.023193359, 141.228759766, 318.584228516, 319.732666016, 107.888069153, 93.9514846802, 91.1926879883, 107.240592957, 100.59740448, 193.495422363, 230.646697998, 159.682556152, 29.3181304932, 9.58909034729, 5.7261929512, 0.591218709946, 0.0100434189662, 0.000546901021153],
        "mean": [0.372762203217, 3.93823456764, 7.5484623909, 7.04513788223, 11.1056957245, 20.9757041931, 23.7279930115, 16.5069694519, 18.3272380829, 26.5567684174, 24.5932540894, 30.662530899, 47.6188201904, 19.6163520813, 17.6142578125, 12.0959796906, 19.140422821, 20.7072067261, 23.9042053223, 15.4682092667, 15.7522163391, 21.1667156219, 23.7576293945, 10.2956962585, 20.4980201721, 17.6954250336, 6.64741802216, 6.12462902069, 6.26310062408, 6.70469379425, 7.10432624817, 7.91861200333, 6.28082036972, 3.44786453247, 1.20190572739, 0.387435764074, 0.159421727061, 0.015080910176, 0.000302257103613, 6.58169738017e-05],
        "median": [0.271929591894, 3.1312224865, 5.25566864014, 5.16543245316, 6.31329154968, 10.7979631424, 13.578037262, 7.32795333862, 8.42394733429, 8.32186985016, 8.85557174683, 7.56373929977, 10.9628305435, 8.29029655457, 8.82549285889, 4.50075531006, 3.55070400238, 8.41666316986, 9.86336708069, 4.42882728577, 4.5596446991, 5.89490604401, 4.3494310379, 2.9765059948, 3.94446539879, 3.75327587128, 2.08168339729, 1.03870880604, 1.20848405361, 1.55836308002, 1.72884857655, 1.28193700314, 0.831178367138, 0.410255551338, 0.167153030634, 0.053225800395, 0.015144222416, 0.0011028588051, 5.0446476962e-05, 5.14414023201e-05],
        "min": [0.000488150923047, 0.00379450479522, 0.0243785213679, 0.1048938483, 0.174280151725, 0.601065218449, 0.636696875095, 0.0686692968011, 0.193466290832, 0.173397779465, 0.282458513975, 0.0864531472325, 0.0667859762907, 0.10626668483, 0.104454040527, 0.159600257874, 0.0586831755936, 0.142364069819, 0.0675558149815, 0.0270903781056, 0.0314133428037, 0.0172323286533, 0.0180986970663, 0.0150448074564, 0.0150427566841, 0.00732018426061, 0.0117046535015, 0.00802022311836, 0.00713679380715, 0.0077082212083, 0.0134723903611, 0.00577410403639, 0.00225731846876, 0.000299578416161, 3.10729847115e-05, 1.79499074875e-05, 6.61434569338e-06, 4.11110619325e-07, 9.5497523489e-07, 2.09402469409e-06],
        "var": [0.210887134075, 15.1126804352, 84.3153839111, 84.852645874, 227.864608765, 755.82611084, 1060.5345459, 909.272033691, 1209.01904297, 2004.92614746, 2116.39208984, 4831.62744141, 13108.0048828, 1412.32287598, 883.264587402, 1306.17114258, 2472.52172852, 1169.90283203, 1540.73815918, 970.875976562, 762.656188965, 1113.68994141, 1964.42028809, 301.123413086, 1278.59899902, 962.319885254, 151.899719238, 159.753097534, 141.304122925, 137.526077271, 190.243286133, 406.223999023, 369.857086182, 111.78868103, 10.5916633606, 1.10324895382, 0.29777854681, 0.00321339862421, 9.80544314189e-07, 3.92265864235e-09]
    },
    "gfcc": {
        "mean": [11.9999542236, 106.789451599, -87.6492385864, 41.3527183533, -55.6665763855, 25.4608440399, -38.5780563354, 15.4826164246, -21.6968822479, 2.2664411068, -12.0377807617, -2.67493152618, -6.57013130188],
        "cov": [[4309.06640625, -1964.41833496, -735.680358887, 389.998962402, -241.683654785, -159.287521362, -314.364440918, 312.399902344, -122.511299133, 90.8467941284, -185.267547607, 203.457458496, -303.275878906], [-1964.41833496, 1509.1640625, -26.0819625854, -291.001953125, 271.00769043, -80.0737609863, 225.062057495, -150.994018555, 108.706970215, -128.702545166, 162.371261597, -169.308700562, 141.875183105], [-735.680358887, -26.0819625854, 689.177429199, -32.2884635925, -43.2278823853, 191.286529541, 5.30954027176, -65.3620681763, -21.335515976, 72.2893218994, -49.779006958, 9.95453739166, 22.6136283875], [389.998962402, -291.001953125, -32.2884635925, 311.961334229, -47.4942932129, 10.4574460983, -35.408454895, 11.857049942, 30.7224960327, -19.0798740387, 2.09262609482, 17.8674755096, 36.8843078613], [-241.683654785, 271.00769043, -43.2278823853, -47.4942932129, 236.731033325, -44.3998985291, 35.048789978, 4.62776851654, 4.3974070549, -18.2072582245, 1.05153942108, -27.740146637, 4.68000364304], [-159.287521362, -80.0737609863, 191.286529541, 10.4574460983, -44.3998985291, 183.169708252, 38.6460990906, -18.4759731293, 4.20773363113, 16.8311309814, 2.64082717896, -2.92075943947, 7.68734788895], [-314.364440918, 225.062057495, 5.30954027176, -35.408454895, 35.048789978, 38.6460990906, 178.254226685, -12.7757711411, 6.77138471603, -10.7316236496, 52.2002296448, -13.647939682, 11.3340892792], [312.399902344, -150.994018555, -65.3620681763, 11.857049942, 4.62776851654, -18.4759731293, -12.7757711411, 112.785072327, -2.96491122246, 12.5199108124, -10.7478780746, 5.53108310699, -25.3624038696], [-122.511299133, 108.706970215, -21.335515976, 30.7224960327, 4.3974070549, 4.20773363113, 6.77138471603, -2.96491122246, 100.279663086, -10.4892921448, 18.6230258942, -15.6687717438, 30.3042850494], [90.8467941284, -128.702545166, 72.2893218994, -19.0798740387, -18.2072582245, 16.8311309814, -10.7316236496, 12.5199108124, -10.4892921448, 89.3547515869, -7.46413993835, 27.8883609772, -19.7978191376], [-185.267547607, 162.371261597, -49.779006958, 2.09262609482, 1.05153942108, 2.64082717896, 52.2002296448, -10.7478780746, 18.6230258942, -7.46413993835, 102.632125854, -17.8432483673, 23.107126236], [203.457458496, -169.308700562, 9.95453739166, 17.8674755096, -27.740146637, -2.92075943947, -13.647939682, 5.53108310699, -15.6687717438, 27.8883609772, -17.8432483673, 105.422515869, 8.15333652496], [-303.275878906, 141.875183105, 22.6136283875, 36.8843078613, 4.68000364304, 7.68734788895, 11.3340892792, -25.3624038696, 30.3042850494, -19.7978191376, 23.107126236, 8.15333652496, 110.367431641]],
        "icov": [[0.00131517706905, 0.00154671957716, 0.0012397231767, -0.000203740273719, -0.000234352992265, 0.000333476869855, 0.000105541017547, -0.000439039838966, -0.000248279800871, 0.000207737219171, 0.000108223088318, -0.000335957825882, 0.00142231793143], [0.00154671957716, 0.00651653902605, 0.000467836362077, 0.00385056668893, -0.00314811407588, 0.00358600285836, -0.00285071483813, 0.00311793666333, -0.00362561061047, 0.00377750722691, -0.00354351708665, 0.00357483164407, -0.00246549933217], [0.0012397231767, 0.000467836362077, 0.00398632371798, -0.000835796410684, 0.000309835653752, -0.0028220443055, 0.000865910726134, 4.46006233688e-05, 0.000996868009679, -0.00251621007919, 0.00233384757303, -0.000647384789772, 0.00120662536938], [-0.000203740273719, 0.00385056668893, -0.000835796410684, 0.00735445460305, -0.00186002568807, 0.00216369284317, -0.00177195400465, 0.00260418304242, -0.00372189376503, 0.00396004924551, -0.00332690775394, 0.00282676052302, -0.00486766640097], [-0.000234352992265, -0.00314811407588, 0.000309835653752, -0.00186002568807, 0.00679082749411, -0.00051750941202, 0.000487435638206, -0.00251690694131, 0.00192256120499, -0.00182927399874, 0.00311716110446, -0.0011809640564, 0.00165923335589], [0.000333476869855, 0.00358600285836, -0.0028220443055, 0.00216369284317, -0.00051750941202, 0.0111154029146, -0.00415293220431, 0.00214932835661, -0.00296301860362, 0.00256841839291, -0.00269653345458, 0.00311989802867, -0.00206175260246], [0.000105541017547, -0.00285071483813, 0.000865910726134, -0.00177195400465, 0.000487435638206, -0.00415293220431, 0.00952494703233, -0.00219530402683, 0.00219914596528, -0.00124971801415, -0.00147357140668, -0.00301493774168, 0.0028584995307], [-0.000439039838966, 0.00311793666333, 4.46006233688e-05, 0.00260418304242, -0.00251690694131, 0.00214932835661, -0.00219530402683, 0.0133417770267, -0.00270376331173, 0.000555617385544, -0.00178089109249, 0.00311586982571, -0.00186078541446], [-0.000248279800871, -0.00362561061047, 0.000996868009679, -0.00372189376503, 0.00192256120499, -0.00296301860362, 0.00219914596528, -0.00270376331173, 0.0141490055248, -0.00304504786618, 0.00168415403459, -0.000729436229449, -0.000434230809333], [0.000207737219171, 0.00377750722691, -0.00251621007919, 0.00396004924551, -0.00182927399874, 0.00256841839291, -0.00124971801415, 0.000555617385544, -0.00304504786618, 0.0179426427931, -0.00468240492046, -0.00137590081431, 0.000198385489057], [0.000108223088318, -0.00354351708665, 0.00233384757303, -0.00332690775394, 0.00311716110446, -0.00269653345458, -0.00147357140668, -0.00178089109249, 0.00168415403459, -0.00468240492046, 0.0164483617991, -0.000680610595737, 0.000588069204241], [-0.000335957825882, 0.00357483164407, -0.000647384789772, 0.00282676052302, -0.0011809640564, 0.00311989802867, -0.00301493774168, 0.00311586982571, -0.000729436229449, -0.00137590081431, -0.000680610595737, 0.0153228407726, -0.00650817528367], [0.00142231793143, -0.00246549933217, 0.00120662536938, -0.00486766640097, 0.00165923335589, -0.00206175260246, 0.0028584995307, -0.00186078541446, -0.000434230809333, 0.000198385489057, 0.000588069204241, -0.00650817528367, 0.0173824410886]]
    },
    "melbands": {
        "dmean": [0.00148353807162, 0.00147577596363, 0.000690094660968, 0.000604891683906, 0.000326533045154, 0.000158780632773, 0.000124191850773, 0.000120956567116, 9.07625289983e-05, 7.70359692979e-05, 8.66094851517e-05, 3.55464217137e-05, 2.87896109512e-05, 1.77024739969e-05, 2.15497257159e-05, 1.94762378669e-05, 2.43596423388e-05, 2.21818245336e-05, 1.40534184538e-05, 1.24701336972e-05, 8.45839713293e-06, 1.1232750694e-05, 1.06172437881e-05, 8.38421510707e-06, 3.90953073293e-06, 5.15822648595e-06, 8.16938700154e-06, 4.90583533974e-06, 2.3950119612e-06, 1.9802546376e-06, 2.23233791985e-06, 1.91977323993e-06, 1.88763203823e-06, 1.92294487533e-06, 2.35339689425e-06, 2.36565529121e-06, 2.70973328043e-06, 3.12628776555e-06, 1.81094696927e-06, 2.63728247774e-06],
        "dmean2": [0.00215679151006, 0.00236420077272, 0.00115169340279, 0.00097188091604, 0.000491989136208, 0.000235665240325, 0.000192494684597, 0.000187304336578, 0.000134317713673, 0.000106241248432, 0.000120610100566, 4.98937843076e-05, 4.25847065344e-05, 2.58155396295e-05, 3.21254374285e-05, 2.76298633253e-05, 3.74140508939e-05, 3.29412287101e-05, 2.08255351026e-05, 1.97989666049e-05, 1.30007629195e-05, 1.80060706043e-05, 1.66229892784e-05, 1.241506925e-05, 6.10590814176e-06, 7.72377643443e-06, 1.20557324408e-05, 7.31094269213e-06, 3.44558179677e-06, 2.86865292765e-06, 3.27926068167e-06, 2.84097700387e-06, 2.63648030341e-06, 2.71960539067e-06, 3.36111656907e-06, 3.3238773085e-06, 3.77733294954e-06, 4.80931157654e-06, 2.66353617917e-06, 4.24166819357e-06],
        "dvar": [1.25725864564e-05, 1.75581535586e-05, 3.18109869113e-06, 1.03899049009e-06, 2.67109157903e-07, 1.38517108894e-07, 7.77856925538e-08, 6.32236023534e-08, 4.4330477067e-08, 4.00821811297e-08, 8.10152229747e-08, 7.0027614818e-09, 2.9591424866e-09, 1.76040881872e-09, 6.33594998689e-09, 3.69153685398e-09, 2.34473351846e-09, 2.17812745618e-09, 1.66239866317e-09, 9.77334990715e-10, 4.0333433815e-10, 6.10532235878e-10, 6.13223805068e-10, 3.47269601964e-10, 8.91613033405e-11, 1.07897760171e-10, 2.78261580444e-10, 1.4620886446e-10, 2.93328417111e-11, 2.36515702856e-11, 2.8349681977e-11, 1.69674014422e-11, 1.40200932461e-11, 1.64604649355e-11, 2.7230929317e-11, 3.83603947218e-11, 5.94553989375e-11, 1.04805386592e-10, 2.65807272026e-11, 1.185147952e-10],
        "dvar2": [2.86968261207e-05, 4.24290192313e-05, 8.61565786181e-06, 2.6900568173e-06, 5.89551291341e-07, 2.85620927798e-07, 1.49064376842e-07, 1.27797576965e-07, 9.49648750748e-08, 6.31821990282e-08, 1.46903360587e-07, 1.03621786707e-08, 5.60962520879e-09, 2.60582200262e-09, 1.42598768349e-08, 5.93399285265e-09, 5.0402397811e-09, 5.15851716898e-09, 3.68989927502e-09, 2.19243023736e-09, 8.8738522086e-10, 1.58606205947e-09, 1.46657286315e-09, 6.96436963654e-10, 2.07535807983e-10, 2.31627703129e-10, 6.23147256018e-10, 3.18532256127e-10, 5.60190505094e-11, 4.6569803569e-11, 5.78578920885e-11, 3.46417200481e-11, 2.76481476602e-11, 3.6822326438e-11, 6.08831804416e-11, 7.36347441355e-11, 1.05062236688e-10, 2.36404229526e-10, 5.50360798601e-11, 3.1280350532e-10],
        "max": [0.0417974628508, 0.0497688278556, 0.0208367276937, 0.0140847489238, 0.00812233798206, 0.0072011211887, 0.00645123841241, 0.00359869841486, 0.00388757581823, 0.00542202265933, 0.00689296796918, 0.00241696438752, 0.00129777530674, 0.00139125389978, 0.00177999085281, 0.0014607263729, 0.000666986627039, 0.000957100768574, 0.000787258031778, 0.000618420890532, 0.000292755343253, 0.000352651055437, 0.000343695050105, 0.000332383759087, 0.000128097090055, 0.000153216125909, 0.000344814034179, 0.000228505887208, 6.78132928442e-05, 6.99615848134e-05, 5.86884998484e-05, 5.87248905504e-05, 6.93662223057e-05, 7.13899062248e-05, 6.10583447269e-05, 8.54966274346e-05, 0.000156117283041, 0.000213769308175, 8.75777041074e-05, 0.000179065580596],
        "mean": [0.00402215542272, 0.00458627333865, 0.00131899875123, 0.00117474247236, 0.000881557760295, 0.000396871037083, 0.000263508525677, 0.000308031245368, 0.000193920204765, 0.000197866451344, 0.00023988247267, 8.56577316881e-05, 5.41007502761e-05, 3.30946677423e-05, 4.19550997321e-05, 3.91352004954e-05, 4.11912151321e-05, 4.37002927356e-05, 2.31470894505e-05, 2.13956336665e-05, 1.64707780641e-05, 2.23323640967e-05, 2.16584776354e-05, 1.65172077686e-05, 6.93472657076e-06, 1.10885566755e-05, 1.98398320208e-05, 9.54567076406e-06, 4.18679428549e-06, 3.39519874615e-06, 3.5161708638e-06, 3.37544361173e-06, 3.8623375076e-06, 3.58021611646e-06, 4.12011422668e-06, 4.13154339185e-06, 5.05664320372e-06, 4.87786928716e-06, 2.84166071651e-06, 3.0624903502e-06],
        "median": [0.00308115454391, 0.00358186359517, 0.000980661716312, 0.000640618323814, 0.000539831293281, 0.000172519008629, 0.000116843446449, 8.11077406979e-05, 6.32841401966e-05, 3.7321155105e-05, 5.37864107173e-05, 3.17987105518e-05, 2.81823886326e-05, 1.39283129101e-05, 9.9537001006e-06, 5.93402728555e-06, 1.57491831487e-05, 1.68359638337e-05, 5.51166885998e-06, 5.96226345806e-06, 4.31183434557e-06, 5.88281045566e-06, 4.11703194914e-06, 3.08334028887e-06, 1.93335904441e-06, 2.49632876148e-06, 3.06124911731e-06, 2.0123086415e-06, 1.08690130673e-06, 6.17056798546e-07, 5.40107350844e-07, 6.30042165994e-07, 6.88014608841e-07, 8.71329064012e-07, 1.00337229014e-06, 7.85688030192e-07, 7.04363742443e-07, 5.95940491621e-07, 3.82891130357e-07, 2.79843476392e-07],
        "min": [3.86773535865e-06, 4.67693553219e-06, 1.99063106265e-05, 4.3032807298e-05, 2.41081834247e-05, 1.33427727178e-06, 1.67738221535e-06, 4.9378058975e-07, 2.31551098295e-06, 2.0202165274e-07, 2.40569278276e-07, 3.51742386329e-07, 1.94834086642e-07, 4.68509028906e-07, 1.48707073322e-07, 6.36947135035e-08, 2.75306575759e-07, 1.0666430228e-07, 2.0791738109e-08, 2.71506159777e-08, 3.00702964751e-08, 1.57402393341e-08, 1.5297587197e-08, 1.44664911161e-08, 7.2868018286e-09, 1.1372162767e-08, 7.32657445823e-09, 3.6901326439e-09, 7.48997575073e-09, 3.97948651809e-09, 3.30833338502e-09, 4.07144273851e-09, 3.01594393903e-09, 3.48146156348e-09, 8.21390067074e-09, 3.39020478357e-09, 3.11627235128e-09, 1.36111039106e-10, 2.0650461896e-10, 2.73033440475e-12],
