{
"highlevel": {
    "danceability": {
        "all": {
            "danceable": 0.992969274521,
            "not_danceable": 0.00703074363992
        },
        "probability": 0.992969274521,
        "value": "danceable"
    },
    "gender": {
        "all": {
            "female": 0.180603414774,
            "male": 0.819396615028
        },
        "probability": 0.819396615028,
        "value": "male"
    },
    "genre_dortmund": {
        "all": {
            "alternative": 0.214192509651,
            "blues": 0.00908759608865,
            "electronic": 0.0848635360599,
            "folkcountry": 0.0355887673795,
            "funksoulrnb": 0.00466054771096,
            "jazz": 0.0145771903917,
            "pop": 0.0108224153519,
            "raphiphop": 0.0104265892878,
            "rock": 0.615780830383
        },
        "probability": 0.615780830383,
        "value": "rock"
    },
    "genre_electronic": {
        "all": {
            "ambient": 0.539832770824,
            "dnb": 0.137310177088,
            "house": 0.0241799987853,
            "techno": 0.0246704015881,
            "trance": 0.274006664753
        },
        "probability": 0.539832770824,
        "value": "ambient"
    },
    "genre_rosamerica": {
        "all": {
            "cla": 0.00691858865321,
            "dan": 0.0551194995642,
            "hip": 0.00550129637122,
            "jaz": 0.00627275370061,
            "pop": 0.230246603489,
            "rhy": 0.010438031517,
            "roc": 0.683872759342,
            "spe": 0.00163044931833
        },
        "probability": 0.683872759342,
        "value": "roc"
    },
    "genre_tzanetakis": {
        "all": {
            "blu": 0.0626613423228,
            "cla": 0.0348169617355,
            "cou": 0.104475811124,
            "dis": 0.0784321576357,
            "hip": 0.15692435205,
            "jaz": 0.313974827528,
            "met": 0.0448166541755,
            "pop": 0.0627359300852,
            "reg": 0.0627360641956,
            "roc": 0.0784258767962
        },
        "probability": 0.313974827528,
        "value": "jaz"
    },
    "ismir04_rhythm": {
        "all": {
            "ChaChaCha": 0.0981089398265,
            "Jive": 0.0962784588337,
            "Quickstep": 0.0494907125831,
            "Rumba-American": 0.0194622259587,
            "Rumba-International": 0.00591363012791,
            "Rumba-Misc": 0.00526550458744,
            "Samba": 0.0896656513214,
            "Tango": 0.313468933105,
            "VienneseWaltz": 0.317303717136,
            "Waltz": 0.00504223071039
        },
        "probability": 0.317303717136,
        "value": "VienneseWaltz"
    },
    "mood_acoustic": {
        "all": {
            "acoustic": 0.0271629989147,
            "not_acoustic": 0.972836971283
        },
        "probability": 0.972836971283,
        "value": "not_acoustic"
    },
    "mood_aggressive": {
        "all": {
            "aggressive": 0.975161969662,
            "not_aggressive": 0.0248380340636
        },
        "probability": 0.975161969662,
        "value": "aggressive"
    },
    "mood_electronic": {
        "all": {
            "electronic": 0.265878528357,
            "not_electronic": 0.734121441841
        },
        "probability": 0.734121441841,
        "value": "not_electronic"
    },
    "mood_happy": {
        "all": {
            "happy": 0.67752790451,
            "not_happy": 0.32247209549
        },
        "probability": 0.67752790451,
        "value": "happy"
    },
    "mood_party": {
        "all": {
            "not_party": 0.722082257271,
            "party": 0.277917772532
        },
        "probability": 0.722082257271,
        "value": "not_party"
    },
    "mood_relaxed": {
        "all": {
            "not_relaxed": 0.979844033718,
            "relaxed": 0.0201559774578
        },
        "probability": 0.979844033718,
        "value": "not_relaxed"
    },
    "mood_sad": {
        "all": {
            "not_sad": 0.6659501791,
            "sad": 0.3340498209
        },
        "probability": 0.6659501791,
        "value": "not_sad"
    },
    "moods_mirex": {
        "all": {
            "Cluster1": 0.28022223711,
            "Cluster2": 0.0887885540724,
            "Cluster3": 0.122739881277,
            "Cluster4": 0.0997476875782,
            "Cluster5": 0.408501654863
        },
        "probability": 0.408501654863,
        "value": "Cluster5"
    },
    "timbre": {
        "all": {
            "bright": 0.775766730309,
            "dark": 0.22423325479
        },
        "probability": 0.775766730309,
        "value": "bright"
    },
    "tonal_atonal": {
        "all": {
            "atonal": 0.00180756929331,
            "tonal": 0.998192429543
        },
        "probability": 0.998192429543,
        "value": "tonal"
    },
    "voice_instrumental": {
        "all": {
            "instrumental": 0.00224565621465,
            "voice": 0.997754335403
        },
        "probability": 0.997754335403,
        "value": "voice"
    }
},
"lowlevel": {
    "average_loudness": 0.977402925491,
    "barkbands_crest": {
        "dmean": 2.77572035789,
        "dmean2": 4.55297851562,
        "dvar": 6.1494550705,
        "dvar2": 14.8544206619,
        "max": 23.1127662659,
        "mean": 9.70509147644,
        "median": 8.70537281036,
        "min": 2.74508476257,
        "var": 16.7244529724
    },
    "barkbands_flatness_db": {
        "dmean": 0.0182055458426,
        "dmean2": 0.0291801001877,
        "dvar": 0.000238910317421,
        "dvar2": 0.000544181035366,
        "max": 0.232774540782,
        "mean": 0.11859870702,
        "median": 0.114921040833,
        "min": 0.0504006333649,
        "var": 0.000777913082857
    },
    "barkbands_kurtosis": {
        "dmean": 1.20632171631,
        "dmean2": 1.98749196529,
        "dvar": 2.91907095909,
        "dvar2": 7.23588991165,
        "max": 18.777009964,
        "mean": 0.80512803793,
        "median": 0.273087739944,
        "min": -1.64401841164,
        "var": 4.14962005615
    },
    "barkbands_skewness": {
        "dmean": 0.395458906889,
        "dmean2": 0.610961675644,
        "dvar": 0.175705000758,
        "dvar2": 0.423403054476,
        "max": 4.13287687302,
        "mean": 0.823809564114,
        "median": 0.762874245644,
        "min": -0.858140349388,
        "var": 0.417607307434
    },
    "barkbands_spread": {
        "dmean": 5.84841680527,
        "dmean2": 9.22082519531,
        "dvar": 38.2714614868,
        "dvar2": 82.6307373047,
        "max": 95.4658050537,
        "mean": 26.8733291626,
        "median": 25.4262390137,
        "min": 4.32359695435,
        "var": 127.688613892
    },
    "dissonance": {
        "dmean": 0.0177765544504,
        "dmean2": 0.0304950475693,
        "dvar": 0.00024769839365,
        "dvar2": 0.000686223327648,
        "max": 0.499792516232,
        "mean": 0.46804523468,
        "median": 0.472681492567,
        "min": 0.36927396059,
        "var": 0.000462203141069
    },
    "dynamic_complexity": 1.66553211212,
    "erbbands_crest": {
        "dmean": 3.03539967537,
        "dmean2": 4.83959579468,
        "dvar": 7.68680477142,
        "dvar2": 16.7604808807,
        "max": 30.3497161865,
        "mean": 10.2950973511,
        "median": 8.55166625977,
        "min": 2.67654800415,
        "var": 31.3832168579
    },
    "erbbands_flatness_db": {
        "dmean": 0.0184927601367,
        "dmean2": 0.0272880923003,
        "dvar": 0.000240743946051,
        "dvar2": 0.000512973987497,
        "max": 0.259555220604,
        "mean": 0.157145217061,
        "median": 0.154678016901,
        "min": 0.0619672164321,
        "var": 0.00116722402163
    },
    "erbbands_kurtosis": {
        "dmean": 0.855387866497,
        "dmean2": 1.37070429325,
        "dvar": 1.02211773396,
        "dvar2": 2.59109044075,
        "max": 17.1382198334,
        "mean": 0.892170369625,
        "median": 0.426673650742,
        "min": -1.40066361427,
        "var": 3.15488195419
    },
    "erbbands_skewness": {
        "dmean": 0.346212238073,
        "dmean2": 0.548590600491,
        "dvar": 0.0845456644893,
        "dvar2": 0.203329905868,
        "max": 3.63555884361,
        "mean": 0.411993294954,
        "median": 0.314393252134,
        "min": -1.45380687714,
        "var": 0.45962163806
    },
    "erbbands_spread": {
        "dmean": 6.33900547028,
        "dmean2": 9.58575344086,
        "dvar": 35.9898300171,
        "dvar2": 77.2799987793,
        "max": 90.0966110229,
        "mean": 30.102771759,
        "median": 28.0509605408,
        "min": 6.1740064621,
        "var": 171.244216919
    },
    "hfc": {
        "dmean": 6.79188632965,
        "dmean2": 10.263209343,
        "dvar": 39.0220756531,
        "dvar2": 76.9450912476,
        "max": 84.9275817871,
        "mean": 34.7353363037,
        "median": 34.6326751709,
        "min": 4.9874997139,
        "var": 180.93522644
    },
    "melbands_crest": {
        "dmean": 3.36519694328,
        "dmean2": 5.22242355347,
        "dvar": 7.82721042633,
        "dvar2": 19.1509494781,
        "max": 29.6914310455,
        "mean": 14.2481861115,
        "median": 13.6143522263,
        "min": 3.72034502029,
        "var": 23.0329380035
    },
    "melbands_flatness_db": {
        "dmean": 0.0224980507046,
        "dmean2": 0.0359358713031,
        "dvar": 0.000468204903882,
        "dvar2": 0.00104449805804,
        "max": 0.323760479689,
        "mean": 0.159040942788,
        "median": 0.153563335538,
        "min": 0.0601154752076,
        "var": 0.00135255430359
    },
    "melbands_kurtosis": {
        "dmean": 3.19126176834,
        "dmean2": 5.27534770966,
        "dvar": 33.2113304138,
        "dvar2": 88.6733703613,
        "max": 74.949256897,
        "mean": 4.59540081024,
        "median": 2.7966632843,
        "min": -1.14057004452,
        "var": 41.9506759644
    },
    "melbands_skewness": {
        "dmean": 0.579359233379,
        "dmean2": 0.899658501148,
        "dvar": 0.436195254326,
        "dvar2": 1.09528577328,
        "max": 7.63140869141,
        "mean": 1.60794317722,
        "median": 1.48018169403,
        "min": -0.602915108204,
        "var": 1.24484956264
    },
    "melbands_spread": {
        "dmean": 6.86850214005,
        "dmean2": 11.0619955063,
        "dvar": 43.5232048035,
        "dvar2": 100.656524658,
        "max": 71.9261169434,
        "mean": 30.3296356201,
        "median": 29.975358963,
        "min": 4.75098466873,
        "var": 111.225082397
    },
    "pitch_salience": {
        "dmean": 0.066135391593,
        "dmean2": 0.108814835548,
        "dvar": 0.00346163916402,
        "dvar2": 0.00879108533263,
        "max": 0.767905592918,
        "mean": 0.509949743748,
        "median": 0.512590408325,
        "min": 0.147820174694,
        "var": 0.00753260590136
    },
    "silence_rate_20dB": {
        "dmean": 0,
        "dmean2": 0,
        "dvar": 0,
        "dvar2": 0,
        "max": 1,
        "mean": 1,
        "median": 1,
        "min": 1,
        "var": 0
    },
    "silence_rate_30dB": {
        "dmean": 0,
        "dmean2": 0,
        "dvar": 0,
        "dvar2": 0,
        "max": 1,
        "mean": 1,
        "median": 1,
        "min": 1,
        "var": 0
    },
    "silence_rate_60dB": {
        "dmean": 0,
        "dmean2": 0,
        "dvar": 0,
        "dvar2": 0,
        "max": 0,
        "mean": 0,
        "median": 0,
        "min": 0,
        "var": 0
    },
    "spectral_centroid": {
        "dmean": 209.913726807,
        "dmean2": 334.192047119,
        "dvar": 35666.4726562,
        "dvar2": 83272.3828125,
        "max": 2896.59228516,
        "mean": 1571.76184082,
        "median": 1530.1081543,
        "min": 541.877624512,
        "var": 144128.09375
    },
    "spectral_complexity": {
        "dmean": 3.89860677719,
        "dmean2": 6.19054985046,
        "dvar": 11.0044441223,
        "dvar2": 25.759147644,
        "max": 47,
        "mean": 28.6310901642,
        "median": 29,
        "min": 11,
        "var": 32.3889503479
    },
    "spectral_decrease": {
        "dmean": 2.6595676772e-09,
        "dmean2": 4.20690504654e-09,
        "dvar": 1.05665647906e-17,
        "dvar2": 2.59898097056e-17,
        "max": -1.48165080205e-09,
        "mean": -9.60667190242e-09,
        "median": -8.93220786224e-09,
        "min": -3.19961159789e-08,
        "var": 2.12613723547e-17
    },
    "spectral_energy": {
        "dmean": 0.0103740366176,
        "dmean2": 0.0163470171392,
        "dvar": 0.000152307693497,
        "dvar2": 0.000373058341211,
        "max": 0.123624041677,
        "mean": 0.0394083969295,
        "median": 0.0369801148772,
        "min": 0.00633494462818,
        "var": 0.000325064291246
    },
    "spectral_energyband_high": {
        "dmean": 0.000417672446929,
        "dmean2": 0.000623956730124,
        "dvar": 3.09546493327e-07,
        "dvar2": 6.05915204233e-07,
        "max": 0.00692544784397,
        "mean": 0.00110513321124,
        "median": 0.000904286513105,
        "min": 1.75143322849e-05,
        "var": 7.78340165652e-07
    },
    "spectral_energyband_low": {
        "dmean": 0.00724056037143,
        "dmean2": 0.0119302105159,
        "dvar": 0.000171408639289,
        "dvar2": 0.000447285128757,
        "max": 0.103337876499,
        "mean": 0.0129747074097,
        "median": 0.00935509242117,
        "min": 3.86554493161e-05,
        "var": 0.00018803893181
    },
    "spectral_energyband_middle_high": {
        "dmean": 0.00311833899468,
        "dmean2": 0.00477023050189,
        "dvar": 1.2072343452e-05,
        "dvar2": 2.66576753347e-05,
        "max": 0.0622002258897,
        "mean": 0.011900216341,
        "median": 0.00913196709007,
        "min": 0.00151675078087,
        "var": 8.00610723672e-05
    },
    "spectral_energyband_middle_low": {
        "dmean": 0.00592276826501,
        "dmean2": 0.00907908100635,
        "dvar": 3.71809728676e-05,
        "dvar2": 8.55373073136e-05,
        "max": 0.0671187192202,
        "mean": 0.0152887236327,
        "median": 0.0123814335093,
        "min": 0.0010419182945,
        "var": 0.000130089378217
    },
    "spectral_entropy": {
        "dmean": 0.123115822673,
        "dmean2": 0.185549363494,
        "dvar": 0.0124846566468,
        "dvar2": 0.0261182934046,
        "max": 8.52598381042,
        "mean": 7.77500247955,
        "median": 7.78125143051,
        "min": 6.73198795319,
        "var": 0.0470334738493
    },
    "spectral_flux": {
        "dmean": 0.0291285291314,
        "dmean2": 0.0471056029201,
        "dvar": 0.000803408038337,
        "dvar2": 0.00186467578169,
        "max": 0.298639655113,
        "mean": 0.10929390043,
        "median": 0.101906739175,
        "min": 0.0345219261944,
        "var": 0.0015298158396
    },
    "spectral_kurtosis": {
        "dmean": 1.08208405972,
        "dmean2": 1.74261069298,
        "dvar": 0.918910801411,
        "dvar2": 2.25557971001,
        "max": 13.933467865,
        "mean": 3.83301019669,
        "median": 3.62022018433,
        "min": -0.19436788559,
        "var": 2.89579296112
    },
    "spectral_rms": {
        "dmean": 0.000790844496805,
        "dmean2": 0.00122185982764,
        "dvar": 6.72178828154e-07,
        "dvar2": 1.54511144501e-06,
        "max": 0.01098220516,
        "mean": 0.00604401435703,
        "median": 0.00600650999695,
        "min": 0.00248604780063,
        "var": 1.91715798792e-06
    },
    "spectral_rolloff": {
        "dmean": 471.530609131,
        "dmean2": 785.454772949,
        "dvar": 712762.4375,
        "dvar2": 1575196.5,
        "max": 11649.4628906,
        "mean": 1683.23742676,
        "median": 1507.32421875,
        "min": 86.1328125,
        "var": 1152081.375
    },
    "spectral_skewness": {
        "dmean": 0.168007716537,
        "dmean2": 0.261602461338,
        "dvar": 0.0189586859196,
        "dvar2": 0.0427993834019,
        "max": 2.76606059074,
        "mean": 1.48257780075,
        "median": 1.47906172276,
        "min": 0.509540915489,
        "var": 0.094397239387
    },
    "spectral_spread": {
        "dmean": 542732.375,
        "dmean2": 822234.25,
        "dvar": 386139062272,
        "dvar2": 788334116864,
        "max": 10571831,
        "mean": 4429758.5,
        "median": 4261581,
        "min": 2292813.5,
        "var": 1.16443093402e+12
    },
    "spectral_strongpeak": {
        "dmean": 0.916720449924,
        "dmean2": 1.55217349529,
        "dvar": 1.53767824173,
        "dvar2": 3.61850142479,
        "max": 9.8738193512,
        "mean": 1.70463931561,
        "median": 0.591529726982,
        "min": 0.0631792023778,
        "var": 3.37608003616
    },
    "zerocrossingrate": {
        "dmean": 0.00945912674069,
        "dmean2": 0.0112921185791,
        "dvar": 0.000118950760225,
        "dvar2": 0.000154198030941,
        "max": 0.244140625,
        "mean": 0.067236289382,
        "median": 0.06396484375,
        "min": 0.0166015625,
        "var": 0.000523671740666
    },
    "barkbands": {
        "dmean": [0.000131328401039, 0.00482235336676, 0.00229157134891, 0.00173777563032, 0.000644256186206, 0.00178989244159, 0.000655595795251, 0.00103895238135, 0.00290251499973, 0.00157771853264, 0.000761764415074, 0.000902952975594, 0.000997026218101, 0.000763345626183, 0.000549540214706, 0.000399752054363, 0.000272325909464, 0.000246088893618, 0.00020268803928, 0.000131325679831, 9.1425019491e-05, 9.68474341789e-05, 8.29852724564e-05, 7.16196082067e-05, 0.000117819443403, 3.94041962863e-05, 6.19633269139e-08],
        "dmean2": [0.000202860042918, 0.00790989398956, 0.00398642709479, 0.00278398301452, 0.00105864973739, 0.0027257502079, 0.00103296188172, 0.00165803183336, 0.00457799201831, 0.0024757666979, 0.00122871808708, 0.0014359310735, 0.00150635605678, 0.00122361304238, 0.000900471990462, 0.000641264254227, 0.000443489523605, 0.000407619954785, 0.000334992393618, 0.000216904343688, 0.000148585779243, 0.000151230080519, 0.000130284621264, 0.000109382672235, 0.000190583319636, 6.25361135462e-05, 1.10908167983e-07],
        "dvar": [1.15222597685e-07, 0.000110099630547, 1.49390698425e-05, 9.18306795938e-06, 1.27770795189e-06, 1.1021525097e-05, 8.38467201447e-07, 6.64503613734e-06, 2.39839901042e-05, 1.13578962555e-05, 2.01981993087e-06, 2.85867508865e-06, 2.54939686783e-06, 1.21694085919e-06, 5.30540376076e-07, 2.21616588192e-07, 7.46504866811e-08, 6.26402894e-08, 5.58972672593e-08, 1.93690699035e-08, 8.61650040207e-09, 1.24695693771e-08, 1.24436461135e-08, 1.86008666248e-08, 6.60395258478e-08, 1.04460404771e-08, 2.36132202794e-14],
        "dvar2": [2.77065311138e-07, 0.000275640224572, 4.43326061941e-05, 2.21355039685e-05, 2.68203143605e-06, 2.3011727535e-05, 2.05757783078e-06, 1.36411144922e-05, 5.46433657291e-05, 2.5363138775e-05, 4.55375493402e-06, 6.1555965658e-06, 5.59623822483e-06, 2.81136658487e-06, 1.24430675896e-06, 5.23657149643e-07, 1.94022121036e-07, 1.69836496866e-07, 1.46417960423e-07, 5.23914494011e-08, 2.18904379068e-08, 3.16830153224e-08, 2.80642815653e-08, 3.15031840614e-08, 1.44556338455e-07, 1.90915709908e-08, 6.55787612256e-14],
        "max": [0.00296966196038, 0.0848345085979, 0.0352517589927, 0.0194868147373, 0.0177566390485, 0.0418798550963, 0.010540000163, 0.0493551194668, 0.0600164867938, 0.0504332184792, 0.0267836581916, 0.0277896486223, 0.0207696985453, 0.0129596283659, 0.0092815477401, 0.00601268000901, 0.0039061459247, 0.0025395071134, 0.00372936646454, 0.00148334831465, 0.00107981369365, 0.00127397582401, 0.00162998470478, 0.00221027922817, 0.00336401071399, 0.00227434723638, 2.33864034271e-06],
        "mean": [0.000139339623274, 0.00769038544968, 0.00375338597223, 0.00198129261844, 0.000902031722944, 0.00296147004701, 0.00109620974399, 0.00159983627964, 0.0055626379326, 0.00303233671002, 0.00128253840376, 0.00154387624934, 0.00184743106365, 0.00129675748758, 0.00102533202153, 0.000813407183159, 0.000579573737923, 0.000551538891159, 0.000462835043436, 0.000300855434034, 0.000222510614549, 0.00022872343834, 0.000180676390301, 0.000139352618135, 0.000161629155627, 5.24376628164e-05, 4.9967557203e-08],
        "median": [1.1753830222e-05, 0.00461868476123, 0.00310068577528, 0.000609918788541, 0.000515275285579, 0.000927973655052, 0.000608261208981, 0.000617506913841, 0.00160281953868, 0.000657871481963, 0.000592570751905, 0.000832288467791, 0.00086719787214, 0.00077689945465, 0.000695287832059, 0.000575052632485, 0.000479384150822, 0.000457363348687, 0.000371850765077, 0.000261580804363, 0.000196807319298, 0.000197011511773, 0.000137297291076, 8.41798755573e-05, 7.88918332546e-05, 2.02508690563e-05, 4.89418638949e-09],
        "min": [3.34335723551e-08, 1.41629084283e-06, 5.22455820828e-06, 1.68784288235e-06, 1.11479166662e-05, 9.75553575699e-06, 5.1481929404e-06, 7.31990530767e-06, 1.94520926016e-05, 1.93771902559e-05, 1.36158023452e-05, 3.20750114042e-05, 2.6123760108e-05, 5.649988816e-05, 5.77930477448e-05, 5.44764952792e-05, 3.79071425414e-05, 4.18529525632e-05, 1.64990506164e-05, 6.58915496388e-06, 3.8528442019e-06, 7.95822018063e-07, 2.13446173802e-06, 7.99768145043e-07, 8.49380121792e-09, 5.12227586735e-12, 6.99271413343e-12],
        "var": [1.31082131816e-07, 0.000131793931359, 1.27412404254e-05, 1.05106209958e-05, 2.00898261937e-06, 2.68566527666e-05, 1.83899533113e-06, 1.60187137226e-05, 8.57371269376e-05, 4.58685499325e-05, 6.83569396642e-06, 8.03523835202e-06, 8.2246351667e-06, 2.44515013037e-06, 1.10660027985e-06, 5.68314078464e-07, 1.65419706377e-07, 1.28919793951e-07, 1.18058459009e-07, 3.87075616004e-08, 1.81434760549e-08, 2.33325980759e-08, 2.77394018866e-08, 5.2343530399e-08, 1.10425439459e-07, 1.70469931504e-08, 1.73269398504e-14]
    },
    "erbbands": {
        "dmean": [0.118474304676, 1.2311193943, 2.68011426926, 4.69854545593, 2.93217992783, 2.12494826317, 5.40466213226, 17.551361084, 10.2588348389, 13.7786874771, 29.0758991241, 64.1907196045, 62.4501914978, 39.6049385071, 26.8384437561, 37.1666030884, 39.5540618896, 45.918800354, 22.0805416107, 29.0849647522, 19.9456214905, 12.8282079697, 13.1283874512, 11.5933799744, 7.61823892593, 6.48750495911, 4.02211046219, 3.64094805717, 3.56438398361, 2.87550878525, 2.40176033974, 1.76111292839, 1.12107384205, 1.47570729256, 0.811985850334, 0.239699870348, 0.0686276704073, 0.00796567648649, 0.00014244230988, 1.61958760145e-05],
        "dmean2": [0.172012090683, 2.10734009743, 4.73911428452, 7.53241205215, 4.7741317749, 3.49346327782, 8.29880428314, 26.8333053589, 16.0813026428, 22.0646648407, 45.4338340759, 98.4034576416, 97.7181091309, 61.6195640564, 43.6747550964, 58.7093887329, 59.2630767822, 73.4792709351, 35.8809051514, 47.9546051025, 31.7962188721, 20.7859306335, 21.3267326355, 19.1229553223, 12.6550045013, 10.6625299454, 6.60707092285, 5.8596496582, 5.63200855255, 4.46976613998, 3.78461003304, 2.72372913361, 1.74631118774, 2.43811035156, 1.28012526035, 0.372823983431, 0.111356727779, 0.0132617196068, 0.00023149541812, 2.48479427682e-05],
        "dvar": [0.076112344861, 7.12296533585, 27.3627433777, 55.6584014893, 24.6160144806, 17.8132724762, 183.869598389, 1170.91369629, 344.831848145, 377.310821533, 4729.67529297, 14980.9814453, 11979.9003906, 9168.05761719, 1985.08361816, 5182.27441406, 4425.54980469, 4622.20898438, 1237.91259766, 1263.6907959, 586.987060547, 165.373413086, 170.487319946, 245.355651855, 61.2158164978, 54.9290885925, 16.4117088318, 14.0459651947, 17.721572876, 12.4793596268, 10.61531353, 8.4429731369, 6.37683057785, 11.8247737885, 2.97882175446, 0.408936977386, 0.0346652343869, 0.000454596243799, 1.27518021031e-07, 4.01171595943e-10],
        "dvar2": [0.145119413733, 19.6652431488, 80.537612915, 132.030258179, 59.777381897, 35.110294342, 377.490203857, 2480.3046875, 799.510070801, 964.900878906, 9753.16699219, 30991.3769531, 27652.7128906, 19706.6210938, 4594.71630859, 11404.8183594, 9177.90527344, 10860.3125, 2869.37280273, 2866.75415039, 1449.62329102, 411.439880371, 451.180145264, 699.771118164, 157.503890991, 151.090988159, 43.2191238403, 34.1194953918, 45.9457092285, 28.7500610352, 23.4283027649, 17.3623027802, 11.0186786652, 29.3115081787, 5.87172365189, 0.784537315369, 0.0665679648519, 0.00107562972698, 2.87321995529e-07, 8.69998961761e-10],
        "max": [2.18408060074, 19.822385788, 41.1323471069, 54.6523399353, 51.861743927, 84.3405685425, 274.894012451, 503.309936523, 266.78805542, 364.020629883, 1243.77209473, 1666.78417969, 1524.29943848, 1957.62072754, 874.154907227, 1362.59399414, 964.724365234, 1025.35510254, 528.910400391, 471.650115967, 306.940002441, 185.079650879, 149.178634644, 284.911102295, 150.771026611, 90.4027938843, 37.2384033203, 40.2473182678, 48.4651374817, 49.3909111023, 50.8330001831, 55.5147857666, 44.0693702698, 45.3391227722, 24.4879055023, 12.9591588974, 4.5565071106, 0.484089225531, 0.00845730211586, 0.000412047462305],
        "mean": [0.173371180892, 1.85084819794, 4.614777565, 6.26099157333, 3.64719057083, 2.85393047333, 7.92466783524, 29.0276641846, 18.6505947113, 22.6022129059, 48.9075202942, 124.442802429, 117.123275757, 86.2127990723, 52.3208122253, 68.1174697876, 78.8434753418, 83.4413528442, 45.5510292053, 56.5359077454, 44.261100769, 31.7229423523, 31.2822475433, 27.6521682739, 19.6318912506, 14.8739595413, 9.6591091156, 8.58222198486, 8.22896003723, 6.38814544678, 5.16024637222, 3.3464550972, 2.07743597031, 1.84938311577, 1.13181209564, 0.335783600807, 0.0801602303982, 0.0071731870994, 0.000170742248883, 5.70110241824e-05],
        "median": [0.0373603701591, 1.23108315468, 3.60841631889, 3.22887992859, 1.34898591042, 1.61571037769, 3.22964787483, 8.36787128448, 7.80375671387, 13.7066707611, 20.3751811981, 36.476398468, 46.5466537476, 26.610162735, 30.0024642944, 36.6940803528, 38.7583618164, 52.3638648987, 29.1092453003, 41.9586982727, 31.0214519501, 26.4242401123, 26.9495677948, 20.8085975647, 16.8912391663, 12.4016952515, 8.42974281311, 7.41752004623, 6.96525239944, 5.27685070038, 3.76654911041, 2.246519804, 1.12917506695, 0.90733319521, 0.540462732315, 0.13622200489, 0.0256457589567, 0.00177217333112, 7.18733572285e-05, 5.33844213351e-05],
        "min": [4.41108604718e-05, 0.000576573016588, 0.0132680637762, 0.0357099622488, 0.0359691530466, 0.0828132778406, 0.147956117988, 0.1212624982, 0.170932680368, 0.164893850684, 0.487106561661, 0.652647435665, 0.766511261463, 1.23799204826, 2.07606649399, 2.35446310043, 2.11998915672, 4.06898117065, 3.02524447441, 3.86466789246, 2.61826753616, 2.01602602005, 2.90280246735, 1.08377838135, 0.738566458225, 0.345748990774, 0.164241209626, 0.16842982173, 0.049974437803, 0.0532193742692, 0.0502813123167, 0.0231351349503, 0.0049910931848, 0.000724452314898, 0.000170208586496, 6.16156758042e-05, 1.60362942552e-05, 2.63612764684e-06, 4.46552803623e-06, 9.95447771857e-06],
        "var": [0.126128360629, 6.83133554459, 22.0636386871, 67.7323989868, 27.9168834686, 27.2729930878, 307.856231689, 2992.10083008, 808.720092773, 686.312927246, 11860.1894531, 54734.8789062, 33580.03125, 52414.8867188, 5957.14794922, 15238.6386719, 14473.0595703, 9175.32714844, 2681.10742188, 2519.36254883, 1643.48083496, 423.28213501, 357.35168457, 573.273803711, 163.821304321, 103.781433105, 32.4748687744, 29.2779350281, 30.7878093719, 26.4825630188, 24.4061908722, 20.7016029358, 16.7084636688, 14.8926820755, 5.80880260468, 0.692311525345, 0.0500636138022, 0.0004620818072, 1.46093739772e-07, 8.3608264756e-10]
    },
    "gfcc": {
        "mean": [54.1002388, 80.1977462769, -136.75340271, 31.0687026978, -58.1439437866, 30.2878761292, -33.7128753662, 20.4922714233, -20.7985725403, 6.42139482498, -18.4273090363, -1.98940420151, -14.4033031464],
        "cov": [[643.29675293, -210.513885498, 194.760391235, -118.66544342, -51.0659637451, -14.0547008514, -69.7636871338, 20.5823326111, -45.0048370361, 55.0626220703, -55.8849029541, 66.3780975342, -39.4728126526], [-210.513885498, 383.688659668, -93.2629318237, 62.9712486267, 28.0572032928, -22.688369751, 61.917804718, -23.3025398254, 84.2238082886, -17.4698352814, 77.8469696045, -21.1728515625, 64.2775650024], [194.760391235, -93.2629318237, 328.920074463, 36.4314193726, 46.7169265747, 7.29503202438, -45.3351554871, 45.5234298706, -2.18402266502, 62.2954521179, -18.9612636566, 71.0723495483, -0.724616706371], [-118.66544342, 62.9712486267, 36.4314193726, 317.109313965, 38.6879959106, 37.181137085, -12.9718160629, -54.5464820862, 24.4619216919, -35.335067749, 49.5630760193, -36.4505500793, 39.5960426331], [-51.0659637451, 28.0572032928, 46.7169265747, 38.6879959106, 150.388549805, 66.3733825684, 85.7132110596, 27.3833026886, 2.71102571487, 29.5734386444, 14.9936141968, 36.4102210999, 4.15179586411], [-14.0547008514, -22.688369751, 7.29503202438, 37.181137085, 66.3733825684, 140.849349976, 89.2438964844, 42.3218078613, -8.50260066986, -3.43678236008, 21.9164962769, 0.207230865955, 17.7846240997], [-69.7636871338, 61.917804718, -45.3351554871, -12.9718160629, 85.7132110596, 89.2438964844, 191.932693481, 57.6881484985, 11.9512681961, -12.2491521835, 4.18528652191, 3.63787102699, 0.285216093063], [20.5823326111, -23.3025398254, 45.5234298706, -54.5464820862, 27.3833026886, 42.3218078613, 57.6881484985, 113.78704071, 34.0941543579, 37.6423568726, -0.0211425162852, 22.7243289948, 20.6360435486], [-45.0048370361, 84.2238082886, -2.18402266502, 24.4619216919, 2.71102571487, -8.50260066986, 11.9512681961, 34.0941543579, 112.776924133, 42.9836082458, 39.1838798523, 7.16903162003, 30.0306510925], [55.0626220703, -17.4698352814, 62.2954521179, -35.335067749, 29.5734386444, -3.43678236008, -12.2491521835, 37.6423568726, 42.9836082458, 113.655464172, 46.917930603, 62.7209281921, 9.08334827423], [-55.8849029541, 77.8469696045, -18.9612636566, 49.5630760193, 14.9936141968, 21.9164962769, 4.18528652191, -0.0211425162852, 39.1838798523, 46.917930603, 116.883583069, 39.5032806396, 48.8887138367], [66.3780975342, -21.1728515625, 71.0723495483, -36.4505500793, 36.4102210999, 0.207230865955, 3.63787102699, 22.7243289948, 7.16903162003, 62.7209281921, 39.5032806396, 117.076843262, 30.8669643402], [-39.4728126526, 64.2775650024, -0.724616706371, 39.5960426331, 4.15179586411, 17.7846240997, 0.285216093063, 20.6360435486, 30.0306510925, 9.08334827423, 48.8887138367, 30.8669643402, 95.3968505859]],
        "icov": [[0.00263871182688, 0.000618417165242, -0.00149846693967, 0.000777977576945, 0.00166633888148, -0.000845511909574, -0.000290238502203, 0.0010960175423, 9.22178805922e-05, -0.00092725380091, 0.000791156722698, -0.00075148162432, 8.67013950483e-05], [0.000618417165242, 0.0061361650005, -0.000849531439599, 0.00135875947308, -0.0020537127275, 0.00370250712149, -0.00323279900476, 0.00326486676931, -0.00367499189451, 0.00239565223455, -0.00402123387903, 0.00308520230465, -0.00375518854707], [-0.00149846693967, -0.000849531439599, 0.00654968665913, -0.0028592038434, -0.00167163135484, -0.000466773664812, 0.00319676357321, -0.00434194738045, 0.00102025363594, -0.00143787660636, 0.00307701458223, -0.00368746439926, 0.00171030999627], [0.000777977576945, 0.00135875947308, -0.0028592038434, 0.00679983291775, -0.00249236798845, -0.000907619425561, 6.55914773233e-05, 0.00506041385233, -0.00321261608042, 0.00330342981033, -0.0037473149132, 0.00390624883585, -0.00290161720477], [0.00166633888148, -0.0020537127275, -0.00167163135484, -0.00249236798845, 0.0152941243723, -0.0048619536683, -0.00483599165455, 0.00121163018048, 0.00281910249032, -0.0065605151467, 0.00447315536439, -0.00461123790592, 0.00202507106587], [-0.000845511909574, 0.00370250712149, -0.000466773664812, -0.000907619425561, -0.0048619536683, 0.0168055184186, -0.0063590942882, -0.00296960119158, 0.00217983080074, 0.00234167021699, -0.00668078148738, 0.0053096418269, -0.00393484765664], [-0.000290238502203, -0.00323279900476, 0.00319676357321, 6.55914773233e-05, -0.00483599165455, -0.0063590942882, 0.0145206991583, -0.0070757237263, -0.000769371457864, 0.00443901307881, 0.00142458453774, -0.00412865076214, 0.00536371115595], [0.0010960175423, 0.00326486676931, -0.00434194738045, 0.00506041385233, 0.00121163018048, -0.00296960119158, -0.0070757237263, 0.0219017025083, -0.00645696697757, -0.00448629260063, 0.00213388749398, 0.00396910775453, -0.00801343936473], [9.22178805922e-05, -0.00367499189451, 0.00102025363594, -0.00321261608042, 0.00281910249032, 0.00217983080074, -0.000769371457864, -0.00645696697757, 0.0176434721798, -0.00847896374762, 0.000586774025578, 0.00154047901742, -0.000820408924483], [-0.00092725380091, 0.00239565223455, -0.00143787660636, 0.00330342981033, -0.0065605151467, 0.00234167021699, 0.00443901307881, -0.00448629260063, -0.00847896374762, 0.0253407154232, -0.0111771309748, -0.0049798283726, 0.00502187246457], [0.000791156722698, -0.00402123387903, 0.00307701458223, -0.0037473149132, 0.00447315536439, -0.00668078148738, 0.00142458453774, 0.00213388749398, 0.000586774025578, -0.0111771309748, 0.0222070254385, -0.00676913186908, -0.00311027816497], [-0.00075148162432, 0.00308520230465, -0.00368746439926, 0.00390624883585, -0.00461123790592, 0.0053096418269, -0.00412865076214, 0.00396910775453, 0.00154047901742, -0.0049798283726, -0.00676913186908, 0.020995484665, -0.00900964066386], [8.67013950483e-05, -0.00375518854707, 0.00171030999627, -0.00290161720477, 0.00202507106587, -0.00393484765664, 0.00536371115595, -0.00801343936473, -0.000820408924483, 0.00502187246457, -0.00311027816497, -0.00900964066386, 0.0209180526435]]
    },
    "melbands": {
        "dmean": [0.0011979599949, 0.00147623021621, 0.000732290616725, 0.000156963971676, 0.000158317110618, 0.00037392124068, 0.000159420800628, 0.000158985043527, 0.000261540699285, 0.000443461787654, 0.000317212019581, 0.000167418285855, 0.00010397702863, 0.000108412074042, 8.80724619492e-05, 0.000101744299172, 8.53534438647e-05, 3.79786288249e-05, 4.11657783843e-05, 3.23851854773e-05, 2.4713912353e-05, 1.43881152326e-05, 1.70506918948e-05, 1.28737856357e-05, 1.02334861367e-05, 7.30204692445e-06, 5.25390532857e-06, 4.32832439401e-06, 2.88018668471e-06, 2.47978505286e-06, 2.28490648624e-06, 2.30221507991e-06, 1.99185342353e-06, 1.65630831361e-06, 1.57917963861e-06, 1.26966949665e-06, 1.09081383926e-06, 8.63317836775e-07, 7.99700387688e-07, 1.5895963088e-06],
        "dmean2": [0.00186471012421, 0.00257449829951, 0.0011780729983, 0.00025470321998, 0.000246952928137, 0.000571921642404, 0.000248703814577, 0.000253299804172, 0.000402350648073, 0.000681856879964, 0.000493949977681, 0.000260743981926, 0.000166400510352, 0.000171996318386, 0.000134726447868, 0.000155007932335, 0.0001373316627, 6.13652882748e-05, 6.68270149617e-05, 5.20895409863e-05, 3.93478621845e-05, 2.36847226915e-05, 2.81074862869e-05, 2.13863186218e-05, 1.68703154486e-05, 1.21132661661e-05, 8.74094894243e-06, 7.15305168342e-06, 4.79224081573e-06, 4.06639082939e-06, 3.6779867969e-06, 3.71828696188e-06, 3.11636540573e-06, 2.65386165665e-06, 2.51756455327e-06, 2.03259583031e-06, 1.69286784057e-06, 1.33369121613e-06, 1.27200416955e-06, 2.69222573479e-06],
        "dvar": [7.00923010299e-06, 9.11176266527e-06, 1.29856323383e-06, 7.99941801688e-08, 1.41462962233e-07, 5.16893067015e-07, 7.2159565434e-08, 5.98122440465e-08, 3.04847787902e-07, 6.59232796352e-07, 3.06032063691e-07, 1.76622648951e-07, 3.32556382432e-08, 4.60600233509e-08, 2.60780570471e-08, 2.3342938249e-08, 1.62304303331e-08, 4.05113986801e-09, 3.09233305629e-09, 1.60475377431e-09, 8.90956419752e-10, 2.37453584573e-10, 4.36582353602e-10, 1.71202385602e-10, 2.19024839931e-10, 6.34470184724e-11, 3.38193917315e-11, 2.32377329185e-11, 8.90586302621e-12, 6.66996145815e-12, 5.46427399856e-12, 7.82670282751e-12, 5.56017818593e-12, 4.62839185381e-12, 4.4699174917e-12, 4.21736864181e-12, 3.34004612162e-12, 3.40331170363e-12, 3.16466709609e-12, 1.54952578546e-11],
        "dvar2": [1.59347910085e-05, 2.64448663074e-05, 3.1079287055e-06, 1.88060596429e-07, 2.78065925841e-07, 1.09141876692e-06, 1.6433187966e-07, 1.36565319053e-07, 6.3264678829e-07, 1.41630994221e-06, 7.02164982158e-07, 3.82551689881e-07, 7.69564749703e-08, 9.43391640362e-08, 5.55264776381e-08, 4.95984622262e-08, 3.76223425747e-08, 9.16057540934e-09, 6.89323087499e-09, 3.66086738701e-09, 2.21845897208e-09, 6.10469508278e-10, 1.1358204377e-09, 4.6406026244e-10, 6.22122853233e-10, 1.71337805055e-10, 8.63755317271e-11, 6.4504006303e-11, 2.42038871584e-11, 1.76707953825e-11, 1.35374654195e-11, 2.11363791053e-11, 1.36103784493e-11, 1.07901083901e-11, 1.05928755351e-11, 9.07143023893e-12, 7.32628974848e-12, 6.24353910586e-12, 6.11185711416e-12, 4.08304431931e-11],
        "max": [0.022506358102, 0.0229715928435, 0.00783675070852, 0.00422073015943, 0.00720238359645, 0.0100478939712, 0.00363670662045, 0.0039510820061, 0.00840646307915, 0.0105869155377, 0.0074058319442, 0.00858334731311, 0.00398728251457, 0.00371243664995, 0.00250796065666, 0.00229610363021, 0.00167536106892, 0.000852696073707, 0.000750319159124, 0.000548980373424, 0.000426045182394, 0.000234678853303, 0.000248815427767, 0.000145671074279, 0.000273391517112, 0.000145971556776, 8.14017403172e-05, 5.64689507883e-05, 3.04634504573e-05, 3.82166981581e-05, 2.2270509362e-05, 3.01100317301e-05, 3.64843508578e-05, 2.85932237603e-05, 3.54228832293e-05, 2.86213853542e-05, 3.55052434315e-05, 3.35374643328e-05, 2.61531658907e-05, 4.8107940529e-05],
        "mean": [0.00183444784489, 0.00254273228347, 0.000999871292152, 0.00020458054496, 0.000236781343119, 0.000624834035989, 0.000294109428069, 0.000256770435954, 0.000430433778092, 0.000837301719002, 0.00057022535475, 0.000348602043232, 0.000182195872185, 0.00018178197206, 0.000157365429914, 0.000189389465959, 0.000146217629663, 6.77551579429e-05, 7.76801534812e-05, 6.23868909315e-05, 4.98010595038e-05, 3.08521302941e-05, 3.29361209879e-05, 2.67155610345e-05, 2.18609966396e-05, 1.61002863024e-05, 1.19574342534e-05, 8.91270792636e-06, 6.08596837992e-06, 5.26456324224e-06, 4.87400666316e-06, 4.82869882035e-06, 4.13345560446e-06, 3.30068201038e-06, 3.13070268021e-06, 2.42708165388e-06, 1.85074156889e-06, 1.43771546846e-06, 1.28008332467e-06, 1.72803356691e-06],
        "median": [0.000840443884954, 0.0019712341018, 0.000524559058249, 9.61404293776e-05, 0.000103147693153, 0.000182833056897, 0.000136062997626, 0.000154715147801, 0.000155510293553, 0.000227004216867, 0.000202421375434, 8.84755354491e-05, 9.02628526092e-05, 9.68950771494e-05, 7.06177161192e-05, 0.000102440244518, 8.77035054145e-05, 3.81410645787e-05, 5.22936861671e-05, 4.67948266305e-05, 3.33069074259e-05, 2.44296770688e-05, 2.55426584772e-05, 2.20019555854e-05, 1.51798321895e-05, 1.34201327455e-05, 9.98696850729e-06, 7.39468987376e-06, 5.26392068423e-06, 4.63075230073e-06, 4.1628541112e-06, 4.00368753617e-06, 3.39038342645e-06, 2.6040040666e-06, 2.32156526181e-06, 1.57879981089e-06, 1.16944841011e-06, 7.76239858169e-07, 6.33940430816e-07, 7.59359011226e-07],
        "min": [4.65847080022e-07, 1.47348805513e-06, 6.40569987809e-06, 2.04230536838e-06, 3.5532034417e-06, 1.8670892814e-06, 1.55276450187e-06, 1.171270128e-06, 3.9201099753e-06, 3.13493865178e-06, 3.69598114958e-06, 4.10600114265e-06, 2.64082541435e-06, 3.90478635381e-06, 2.53844223153e-06, 3.08186849907e-06, 6.56419297229e-06, 2.21523941946e-06, 4.88736668558e-06, 2.69765291705e-06, 1.31394779146e-06, 1.90941250366e-06, 1.93549226424e-06, 1.58042018938e-06, 7.00342525306e-07, 6.30170006843e-07, 7.17599419886e-08, 2.74919074172e-07, 1.185586882e-07, 6.57058549791e-08, 9.59483443808e-08, 2.48956197879e-08, 4.65967842089e-09, 4.08331857216e-08, 2.99718614372e-08, 1.36333531131e-08, 3.28462834709e-09, 7.57934992546e-10, 1.70923122877e-10, 7.28523318061e-12],
