{
"highlevel": {
    "danceability": {
        "all": {
            "danceable": 0.377458184958,
            "not_danceable": 0.622541844845
        },
        "probability": 0.622541844845,
        "value": "not_danceable"
    },
    "gender": {
        "all": {
            "female": 0.0350469201803,
            "male": 0.964953064919
        },
        "probability": 0.964953064919,
        "value": "male"
    },
    "genre_dortmund": {
        "all": {
            "alternative": 0.123019553721,
            "blues": 0.0424550175667,
            "electronic": 0.0165760144591,
            "folkcountry": 0.397167354822,
            "funksoulrnb": 0.0265801474452,
            "jazz": 0.106356367469,
            "pop": 0.0911580622196,
            "raphiphop": 0.00189360789955,
            "rock": 0.194793879986
        },
        "probability": 0.397167354822,
        "value": "folkcountry"
    },
    "genre_electronic": {
        "all": {
            "ambient": 0.666629433632,
            "dnb": 0.186349093914,
            "house": 0.108233898878,
            "techno": 0.00862828921527,
            "trance": 0.0301592890173
        },
        "probability": 0.666629433632,
        "value": "ambient"
    },
    "genre_rosamerica": {
        "all": {
            "cla": 0.00777054578066,
            "dan": 0.0069539071992,
            "hip": 0.00509383762255,
            "jaz": 0.0475996360183,
            "pop": 0.57656031847,
            "rhy": 0.131887823343,
            "roc": 0.217279389501,
            "spe": 0.00685451226309
        },
        "probability": 0.57656031847,
        "value": "pop"
    },
    "genre_tzanetakis": {
        "all": {
            "blu": 0.0626613423228,
            "cla": 0.0348169617355,
            "cou": 0.104475811124,
            "dis": 0.0784321576357,
            "hip": 0.15692435205,
            "jaz": 0.313974827528,
            "met": 0.0448166541755,
            "pop": 0.0627359300852,
            "reg": 0.0627360641956,
            "roc": 0.0784258767962
        },
        "probability": 0.313974827528,
        "value": "jaz"
    },
    "ismir04_rhythm": {
        "all": {
            "ChaChaCha": 0.0510883405805,
            "Jive": 0.124850802124,
            "Quickstep": 0.0929717719555,
            "Rumba-American": 0.0391006395221,
            "Rumba-International": 0.411117970943,
            "Rumba-Misc": 0.0156787112355,
            "Samba": 0.126740679145,
            "Tango": 0.0195636376739,
            "VienneseWaltz": 0.0924161151052,
            "Waltz": 0.0264713354409
        },
        "probability": 0.411117970943,
        "value": "Rumba-International"
    },
    "mood_acoustic": {
        "all": {
            "acoustic": 0.914625346661,
            "not_acoustic": 0.0853746458888
        },
        "probability": 0.914625346661,
        "value": "acoustic"
    },
    "mood_aggressive": {
        "all": {
            "aggressive": 0.0179489813745,
            "not_aggressive": 0.9820510149
        },
        "probability": 0.9820510149,
        "value": "not_aggressive"
    },
    "mood_electronic": {
        "all": {
            "electronic": 0.143654748797,
            "not_electronic": 0.856345236301
        },
        "probability": 0.856345236301,
        "value": "not_electronic"
    },
    "mood_happy": {
        "all": {
            "happy": 0.187039658427,
            "not_happy": 0.812960326672
        },
        "probability": 0.812960326672,
        "value": "not_happy"
    },
    "mood_party": {
        "all": {
            "not_party": 0.952611088753,
            "party": 0.0473888926208
        },
        "probability": 0.952611088753,
        "value": "not_party"
    },
    "mood_relaxed": {
        "all": {
            "not_relaxed": 0.114612579346,
            "relaxed": 0.885387420654
        },
        "probability": 0.885387420654,
        "value": "relaxed"
    },
    "mood_sad": {
        "all": {
            "not_sad": 0.466154485941,
            "sad": 0.533845543861
        },
        "probability": 0.533845543861,
        "value": "sad"
    },
    "moods_mirex": {
        "all": {
            "Cluster1": 0.267420858145,
            "Cluster2": 0.18828946352,
            "Cluster3": 0.412573814392,
            "Cluster4": 0.0839021280408,
            "Cluster5": 0.0478137247264
        },
        "probability": 0.412573814392,
        "value": "Cluster3"
    },
    "timbre": {
        "all": {
            "bright": 0.997254252434,
            "dark": 0.0027457526885
        },
        "probability": 0.997254252434,
        "value": "bright"
    },
    "tonal_atonal": {
        "all": {
            "atonal": 0.00499293068424,
            "tonal": 0.995007097721
        },
        "probability": 0.995007097721,
        "value": "tonal"
    },
    "voice_instrumental": {
        "all": {
            "instrumental": 0.0455090142787,
            "voice": 0.954490959644
        },
        "probability": 0.954490959644,
        "value": "voice"
    }
},
"lowlevel": {
    "average_loudness": 0.970758795738,
    "barkbands_crest": {
        "dmean": 2.23830962181,
        "dmean2": 3.61462688446,
        "dvar": 4.13558292389,
        "dvar2": 10.232011795,
        "max": 22.8210906982,
        "mean": 9.48844242096,
        "median": 8.8839673996,
        "min": 2.88096308708,
        "var": 9.99325656891
    },
    "barkbands_flatness_db": {
        "dmean": 0.0305269993842,
        "dmean2": 0.0434448383749,
        "dvar": 0.00100832839962,
        "dvar2": 0.00203525135294,
        "max": 0.484920352697,
        "mean": 0.185690015554,
        "median": 0.175166815519,
        "min": 0.0474644526839,
        "var": 0.00381972151808
    },
    "barkbands_kurtosis": {
        "dmean": 4.65691280365,
        "dmean2": 7.44033956528,
        "dvar": 48.7308273315,
        "dvar2": 125.18938446,
        "max": 77.7995071411,
        "mean": 7.83252906799,
        "median": 5.02484703064,
        "min": -1.89136552811,
        "var": 77.0288085938
    },
    "barkbands_skewness": {
        "dmean": 0.644427716732,
        "dmean2": 1.00371134281,
        "dvar": 0.432819128036,
        "dvar2": 1.04838490486,
        "max": 6.47481632233,
        "mean": 1.96622383595,
        "median": 1.77470231056,
        "min": -0.730789959431,
        "var": 1.11441528797
    },
    "barkbands_spread": {
        "dmean": 4.61992931366,
        "dmean2": 7.21451377869,
        "dvar": 42.329750061,
        "dvar2": 89.1442871094,
        "max": 95.3009872437,
        "mean": 13.2469244003,
        "median": 11.1144390106,
        "min": 1.01630175114,
        "var": 105.456291199
    },
    "dissonance": {
        "dmean": 0.0296772439033,
        "dmean2": 0.048265080899,
        "dvar": 0.000701439974364,
        "dvar2": 0.00177792226896,
        "max": 0.499385684729,
        "mean": 0.428351253271,
        "median": 0.434330314398,
        "min": 0.265747696161,
        "var": 0.00154245144222
    },
    "dynamic_complexity": 2.15590953827,
    "erbbands_crest": {
        "dmean": 2.94727063179,
        "dmean2": 4.82625579834,
        "dvar": 8.49987888336,
        "dvar2": 21.2352790833,
        "max": 29.8959674835,
        "mean": 10.4524765015,
        "median": 9.54534244537,
        "min": 2.91429758072,
        "var": 18.548374176
    },
    "erbbands_flatness_db": {
        "dmean": 0.0265007577837,
        "dmean2": 0.037346534431,
        "dvar": 0.00074722134741,
        "dvar2": 0.00144251075108,
        "max": 0.371083140373,
        "mean": 0.167147740722,
        "median": 0.165037542582,
        "min": 0.0663674548268,
        "var": 0.00219401181675
    },
    "erbbands_kurtosis": {
        "dmean": 1.64068639278,
        "dmean2": 2.58944010735,
        "dvar": 6.37872266769,
        "dvar2": 13.8410377502,
        "max": 46.4207191467,
        "mean": 2.16910457611,
        "median": 1.42690134048,
        "min": -1.70962417126,
        "var": 12.7335424423
    },
    "erbbands_skewness": {
        "dmean": 0.429890006781,
        "dmean2": 0.654816269875,
        "dvar": 0.180436521769,
        "dvar2": 0.395567655563,
        "max": 5.92061090469,
        "mean": 1.01262021065,
        "median": 0.9454190135,
        "min": -2.0772125721,
        "var": 0.524518787861
    },
    "erbbands_spread": {
        "dmean": 10.0400314331,
        "dmean2": 15.275343895,
        "dvar": 164.961929321,
        "dvar2": 363.984466553,
        "max": 146.646362305,
        "mean": 33.4349708557,
        "median": 27.2696723938,
        "min": 4.45379734039,
        "var": 458.832885742
    },
    "hfc": {
        "dmean": 7.61993360519,
        "dmean2": 11.3243713379,
        "dvar": 141.552246094,
        "dvar2": 315.73260498,
        "max": 148.055709839,
        "mean": 20.6812705994,
        "median": 18.0450286865,
        "min": 0.0282698329538,
        "var": 273.014953613
    },
    "melbands_crest": {
        "dmean": 3.13342690468,
        "dmean2": 5.24890565872,
        "dvar": 6.89883899689,
        "dvar2": 18.0090637207,
        "max": 27.2192726135,
        "mean": 13.4583845139,
        "median": 13.2153587341,
        "min": 5.25640535355,
        "var": 16.4322223663
    },
    "melbands_flatness_db": {
        "dmean": 0.0367652028799,
        "dmean2": 0.0525422059,
        "dvar": 0.00147727783769,
        "dvar2": 0.00295958505012,
        "max": 0.623556911945,
        "mean": 0.256317913532,
        "median": 0.243948251009,
        "min": 0.0776175484061,
        "var": 0.00619218451902
    },
    "melbands_kurtosis": {
        "dmean": 9.51476669312,
        "dmean2": 15.3933448792,
        "dvar": 195.292236328,
        "dvar2": 489.051116943,
        "max": 119.560958862,
        "mean": 16.9136676788,
        "median": 10.8035507202,
        "min": -1.28293251991,
        "var": 352.573394775
    },
    "melbands_skewness": {
        "dmean": 0.84857916832,
        "dmean2": 1.35073173046,
        "dvar": 0.869939446449,
        "dvar2": 2.08986711502,
        "max": 9.27259159088,
        "mean": 2.71725845337,
        "median": 2.47516226768,
        "min": -0.317514300346,
        "var": 2.36229324341
    },
    "melbands_spread": {
        "dmean": 3.98929667473,
        "dmean2": 6.32450771332,
        "dvar": 31.0865211487,
        "dvar2": 77.2162780762,
        "max": 103.071113586,
        "mean": 12.3989868164,
        "median": 10.87682724,
        "min": 0.858931601048,
        "var": 76.2026290894
    },
    "pitch_salience": {
        "dmean": 0.0656657442451,
        "dmean2": 0.10755545646,
        "dvar": 0.00309742381796,
        "dvar2": 0.00803443882614,
        "max": 0.815910637379,
        "mean": 0.568018257618,
        "median": 0.568260014057,
        "min": 0.297645807266,
        "var": 0.00734914839268
    },
    "silence_rate_20dB": {
        "dmean": 0,
        "dmean2": 0,
        "dvar": 0,
        "dvar2": 0,
        "max": 1,
        "mean": 1,
        "median": 1,
        "min": 1,
        "var": 0
    },
    "silence_rate_30dB": {
        "dmean": 0.0108359130099,
        "dmean2": 0.0216886140406,
        "dvar": 0.0107184033841,
        "dvar2": 0.027414817363,
        "max": 1,
        "mean": 0.989945888519,
        "median": 1,
        "min": 0,
        "var": 0.00995305553079
    },
    "silence_rate_60dB": {
        "dmean": 0.00928792543709,
        "dmean2": 0.018590239808,
        "dvar": 0.00920164585114,
        "dvar2": 0.0228919945657,
        "max": 1,
        "mean": 0.0131477182731,
        "median": 0,
        "min": 0,
        "var": 0.0129749579355
    },
    "spectral_centroid": {
        "dmean": 153.893951416,
        "dmean2": 233.861587524,
        "dvar": 39826.796875,
        "dvar2": 88159.2890625,
        "max": 3277.39624023,
        "mean": 679.240783691,
        "median": 639.504089355,
        "min": 178.160263062,
        "var": 114706.125
    },
    "spectral_complexity": {
        "dmean": 3.29876160622,
        "dmean2": 4.95894670486,
        "dvar": 17.0330505371,
        "dvar2": 34.1136856079,
        "max": 45,
        "mean": 14.6535186768,
        "median": 14,
        "min": 0,
        "var": 44.4399032593
    },
    "spectral_decrease": {
        "dmean": 3.54902174315e-09,
        "dmean2": 5.63869306802e-09,
        "dvar": 1.89835270516e-17,
        "dvar2": 4.82997476376e-17,
        "max": -3.39752566358e-11,
        "mean": -1.01093169391e-08,
        "median": -8.92211904358e-09,
        "min": -4.36980478469e-08,
        "var": 3.8847256993e-17
    },
    "spectral_energy": {
        "dmean": 0.0138975605369,
        "dmean2": 0.022015241906,
        "dvar": 0.00028541055508,
        "dvar2": 0.00071794987889,
        "max": 0.172891050577,
        "mean": 0.0400307737291,
        "median": 0.035750284791,
        "min": 0.000130794549477,
        "var": 0.000596644822508
    },
    "spectral_energyband_high": {
        "dmean": 0.000454097986221,
        "dmean2": 0.000701557844877,
        "dvar": 1.05495371372e-06,
        "dvar2": 2.50006564784e-06,
        "max": 0.0143339131027,
        "mean": 0.000629282032605,
        "median": 0.000281681481283,
        "min": 3.05020613212e-08,
        "var": 1.34386380068e-06
    },
    "spectral_energyband_low": {
        "dmean": 0.00761029683053,
        "dmean2": 0.0128140365705,
        "dvar": 0.000185047858395,
        "dvar2": 0.000491341692396,
        "max": 0.125408619642,
        "mean": 0.0131491953507,
        "median": 0.00834901351482,
        "min": 3.65277592209e-05,
        "var": 0.000235295810853
    },
    "spectral_energyband_middle_high": {
        "dmean": 0.00177647173405,
        "dmean2": 0.0025428859517,
        "dvar": 7.17749753676e-06,
        "dvar2": 1.43315046444e-05,
        "max": 0.0320962555707,
        "mean": 0.00458589335904,
        "median": 0.00280704814941,
        "min": 7.37386244509e-07,
        "var": 2.43167905865e-05
    },
    "spectral_energyband_middle_low": {
        "dmean": 0.00860597006977,
        "dmean2": 0.01372161787,
        "dvar": 8.19302731543e-05,
        "dvar2": 0.000194379041204,
        "max": 0.0952447876334,
        "mean": 0.0239586271346,
        "median": 0.021999405697,
        "min": 7.42716147215e-05,
        "var": 0.000202277486096
    },
    "spectral_entropy": {
        "dmean": 0.316551506519,
        "dmean2": 0.442780047655,
        "dvar": 0.113661326468,
        "dvar2": 0.222021952271,
        "max": 8.44878005981,
        "mean": 7.0416727066,
        "median": 7.09840154648,
        "min": 4.67107009888,
        "var": 0.376145750284
    },
    "spectral_flux": {
        "dmean": 0.0315519943833,
        "dmean2": 0.0479393862188,
        "dvar": 0.00103472557385,
        "dvar2": 0.00212730374187,
        "max": 0.367583811283,
        "mean": 0.0964599922299,
        "median": 0.0870243832469,
        "min": 0.00314267561771,
        "var": 0.00243653566577
    },
    "spectral_kurtosis": {
        "dmean": 4.25387620926,
        "dmean2": 6.31949520111,
        "dvar": 82.8807830811,
        "dvar2": 205.841156006,
        "max": 155.331893921,
        "mean": 8.48290157318,
        "median": 5.38155841827,
        "min": -0.877054214478,
        "var": 140.609573364
    },
    "spectral_rms": {
        "dmean": 0.0010616236832,
        "dmean2": 0.00164786924142,
        "dvar": 1.17953970857e-06,
        "dvar2": 2.77682056549e-06,
        "max": 0.0129874628037,
        "mean": 0.00595987122506,
        "median": 0.00590578746051,
        "min": 0.000357217621058,
        "var": 3.53437417289e-06
    },
    "spectral_rolloff": {
        "dmean": 295.480865479,
        "dmean2": 505.521209717,
        "dvar": 557487.0625,
        "dvar2": 1413794.125,
        "max": 9754.54101562,
        "mean": 765.835327148,
        "median": 602.9296875,
        "min": 107.666015625,
        "var": 740237.875
    },
    "spectral_skewness": {
        "dmean": 0.435990661383,
        "dmean2": 0.623422861099,
        "dvar": 0.33546936512,
        "dvar2": 0.764650344849,
        "max": 10.5806331635,
        "mean": 2.25305628777,
        "median": 2.03980016708,
        "min": 0.22629095614,
        "var": 0.958672344685
    },
    "spectral_spread": {
        "dmean": 1018104.6875,
        "dmean2": 1464141.375,
        "dvar": 1.23431210189e+12,
        "dvar2": 2.53203080806e+12,
        "max": 13571483,
        "mean": 4770368.5,
        "median": 4547537,
        "min": 539100.4375,
        "var": 3.50720412877e+12
    },
    "spectral_strongpeak": {
        "dmean": 0.553219914436,
        "dmean2": 0.956208407879,
        "dvar": 0.600697040558,
        "dvar2": 1.34768116474,
        "max": 7.99904060364,
        "mean": 0.974974811077,
        "median": 0.617120504379,
        "min": 0.0310250371695,
        "var": 0.916592001915
    },
    "zerocrossingrate": {
        "dmean": 0.00972783192992,
        "dmean2": 0.0116540743038,
        "dvar": 0.000141078591696,
        "dvar2": 0.00016306139878,
        "max": 0.26513671875,
        "mean": 0.0412758141756,
        "median": 0.0361328125,
        "min": 0.0068359375,
        "var": 0.000697469804436
    },
    "barkbands": {
        "dmean": [9.16918797884e-05, 0.0033407388255, 0.00415608566254, 0.00294122565538, 0.00397913251072, 0.00187877216376, 0.000890523020644, 0.00179729319643, 0.00144856306724, 0.000771041610278, 0.000579923915211, 0.000352875242243, 0.00031848080107, 0.000264091941062, 0.000249176344369, 0.000135333510116, 9.47796215769e-05, 7.95172527432e-05, 7.18462906661e-05, 4.68905818707e-05, 4.89873418701e-05, 9.40092140809e-05, 7.63898715377e-05, 9.84261350823e-05, 0.000110178931209, 5.70398296986e-05, 4.6518987773e-08],
        "dmean2": [0.000133044348331, 0.00558568583801, 0.00699491379783, 0.00526494346559, 0.00638089887798, 0.00310116424225, 0.00145259068813, 0.00274196732789, 0.00217533181421, 0.00112617248669, 0.000852661032695, 0.000537375512067, 0.00050976377679, 0.000392041547457, 0.000393799535232, 0.000208231067518, 0.000147308775922, 0.000122455981909, 0.000108048145194, 7.33473279979e-05, 7.42168413126e-05, 0.000140415577334, 0.000117918258184, 0.000157568443683, 0.000182773292181, 9.35753851081e-05, 8.5095635427e-08],
        "dvar": [4.77466066684e-08, 3.88795961044e-05, 5.26725270902e-05, 2.01153725357e-05, 2.78492734651e-05, 1.0766700143e-05, 2.71469980362e-06, 1.80028382601e-05, 9.17325905903e-06, 2.40197664425e-06, 1.74165859335e-06, 1.02186061213e-06, 4.17491065718e-07, 5.10022346134e-07, 2.47563605171e-07, 9.2286960296e-08, 3.33215943726e-08, 2.48695393168e-08, 1.83292439004e-08, 7.34408667213e-09, 1.16229372793e-08, 3.23159383697e-08, 2.6537712472e-08, 6.79447538232e-08, 8.43025347308e-08, 2.2071848349e-08, 4.4293026549e-14],
        "dvar2": [1.06444552728e-07, 0.000105488514237, 0.000139414551086, 6.04354681855e-05, 6.8958295742e-05, 2.52933295997e-05, 7.0906739893e-06, 4.17540504714e-05, 1.91721337615e-05, 5.32176863999e-06, 3.72514705305e-06, 2.22515905079e-06, 9.78321509137e-07, 1.01485011328e-06, 5.64183949336e-07, 2.00949074269e-07, 7.7211552707e-08, 5.68799265466e-08, 3.88443979205e-08, 1.73616339083e-08, 2.78621890004e-08, 7.38679659662e-08, 6.2330656192e-08, 1.63542168252e-07, 2.11431455455e-07, 5.64765514355e-08, 1.25809153134e-13],
        "max": [0.00271199992858, 0.0624570399523, 0.0777405276895, 0.0435835234821, 0.0665287226439, 0.0697614997625, 0.0199634600431, 0.05248766765, 0.0378747917712, 0.0186893083155, 0.0187371782959, 0.0228438209742, 0.00974292121828, 0.0182564351708, 0.00554029690102, 0.00443406356499, 0.00245942058973, 0.0022514925804, 0.00306525081396, 0.00134833750781, 0.00192290963605, 0.00277819251642, 0.00236836331896, 0.00310871959664, 0.00325629999861, 0.00159224146046, 2.86246790893e-06],
        "mean": [0.000108411411929, 0.00486732227728, 0.00634687906131, 0.00409400835633, 0.00821238197386, 0.00334513140842, 0.00142880855128, 0.00345343840308, 0.00243316357955, 0.00162627873942, 0.000894931610674, 0.000513063394465, 0.000522408518009, 0.000436370435636, 0.000442980322987, 0.000235201354371, 0.000161048519658, 0.000121428456623, 0.000122075973195, 6.6004540713e-05, 7.34031564207e-05, 0.000148260223796, 9.93696521618e-05, 0.000110831082566, 0.000113141453767, 5.44245776837e-05, 3.06565794972e-08],
        "median": [1.65134042618e-05, 0.00279728439637, 0.00376309873536, 0.00243020476773, 0.00590025307611, 0.00180416635703, 0.000754772976507, 0.00138555921149, 0.000528011412825, 0.000360164151061, 0.000162108277436, 0.000163921256899, 0.000161321207997, 0.000112113491923, 0.000111944173113, 6.9593101216e-05, 6.51573427604e-05, 4.37423041149e-05, 5.04008385178e-05, 2.62593457592e-05, 3.12621377816e-05, 6.37245320831e-05, 3.67170141544e-05, 2.84686848318e-05, 2.94925575872e-05, 9.93991397991e-06, 8.064521273e-10],
        "min": [4.65130902683e-08, 1.4211139387e-05, 1.71609117388e-05, 2.02151113626e-06, 1.11897306851e-05, 1.12526577141e-05, 3.43721899299e-06, 7.98227830501e-08, 1.6945847392e-08, 4.81861626156e-08, 5.79209711304e-08, 3.55411316377e-07, 4.33030358238e-08, 2.46280436045e-08, 1.31641400003e-07, 1.4881533339e-08, 5.78443692945e-09, 9.59904511433e-09, 5.98277738462e-09, 6.22998541644e-09, 5.89984416877e-09, 4.97260943533e-09, 6.1435740939e-09, 3.03012703817e-09, 9.57736494278e-12, 1.39302284985e-11, 9.10497545414e-12],
        "var": [6.51730402979e-08, 4.37388298451e-05, 6.96887291269e-05, 2.31273788813e-05, 5.85095986025e-05, 2.5922747227e-05, 3.79173684451e-06, 2.78946426988e-05, 1.9770444851e-05, 7.55080964154e-06, 3.59936188943e-06, 1.59337332661e-06, 8.33209242046e-07, 1.02676472125e-06, 7.33178637802e-07, 2.24634476353e-07, 6.24798559556e-08, 4.12635401403e-08, 4.81237982797e-08, 1.42441347606e-08, 1.67975393595e-08, 5.59760344743e-08, 3.8116095169e-08, 7.60653620091e-08, 8.28100752415e-08, 2.07688781728e-08, 2.6785260411e-14]
    },
    "erbbands": {
        "dmean": [0.059646807611, 0.906219780445, 4.34087753296, 6.78772687912, 15.2009553909, 11.2072534561, 12.8567552567, 16.5457553864, 13.0343170166, 23.3316459656, 35.9824295044, 36.9041786194, 28.003370285, 14.7195978165, 23.2613563538, 14.4677867889, 14.9742088318, 12.3752822876, 13.7281847, 9.05736923218, 6.07147932053, 4.6504149437, 4.49824810028, 3.35986375809, 3.71233654022, 2.08042478561, 1.64491045475, 2.39227437973, 3.40427279472, 2.72156476974, 2.231164217, 2.0728533268, 1.69668984413, 1.32522213459, 0.765152215958, 0.302841514349, 0.100294791162, 0.00852464698255, 0.000164386408869, 2.23158167501e-05],
        "dmean2": [0.0966404154897, 1.53718757629, 7.26205253601, 12.015794754, 26.2927722931, 17.2954654694, 20.5585002899, 27.4527339935, 21.1240386963, 37.3717308044, 52.6493034363, 55.5355224609, 40.9223709106, 21.0865116119, 33.2425994873, 21.4234657288, 23.8321723938, 18.1861095428, 21.5566158295, 14.0299911499, 9.06847572327, 7.20028448105, 6.7954621315, 5.24704122543, 5.55869817734, 3.28160405159, 2.59683656693, 3.59534049034, 5.13941335678, 4.16780519485, 3.43024420738, 3.33280086517, 2.75202393532, 2.25073385239, 1.23308038712, 0.504856526852, 0.164940282702, 0.0145054813474, 0.000272245786618, 3.54540825356e-05],
        "dvar": [0.0192370619625, 2.68956518173, 53.0047340393, 140.097366333, 474.773712158, 294.116516113, 325.768981934, 1014.33203125, 561.190612793, 2766.59912109, 7102.24609375, 6525.71533203, 3660.71606445, 995.89050293, 3889.28369141, 1665.41772461, 940.211120605, 1102.55383301, 772.204101562, 282.839630127, 161.87310791, 80.6308364868, 70.4456634521, 48.2128257751, 54.0707702637, 14.3607025146, 13.2121772766, 24.2017841339, 37.3796310425, 38.08411026, 26.1496887207, 33.317565918, 19.1348495483, 12.9499607086, 3.90560674667, 0.651598989964, 0.0637726783752, 0.000524377508555, 1.81422606715e-07, 1.04845387927e-09],
        "dvar2": [0.0455895811319, 7.47135591507, 139.803024292, 396.155700684, 1424.6114502, 615.712036133, 812.093444824, 2333.77685547, 1405.68151855, 6657.203125, 15142.2509766, 13907.5185547, 8118.75927734, 2066.03295898, 8400.58789062, 3294.46020508, 2335.90234375, 2165.96582031, 1816.23059082, 645.916931152, 342.115447998, 185.270233154, 163.347579956, 119.943443298, 102.002037048, 34.3344268799, 32.3509216309, 55.1236572266, 83.2100219727, 92.8674697876, 61.6925697327, 80.5540237427, 46.7335739136, 34.2045516968, 9.39456939697, 1.64203464985, 0.16364531219, 0.00138559157494, 4.7114787094e-07, 2.54769161323e-09],
        "max": [1.26539373398, 15.4892578125, 72.6028442383, 120.590110779, 234.986465454, 254.516387939, 225.325531006, 743.467346191, 315.41217041, 617.11340332, 1110.28942871, 1129.17321777, 765.840942383, 583.757080078, 1158.953125, 1159.10461426, 527.991760254, 886.445251465, 305.33114624, 187.382781982, 186.609527588, 97.9576873779, 122.78049469, 115.038642883, 206.459671021, 62.0062026978, 59.106754303, 72.2377548218, 77.6080474854, 143.00378418, 67.3464431763, 71.1421279907, 55.6627235413, 37.6214904785, 28.7565479279, 9.10985851288, 2.29078269005, 0.217638298869, 0.00375946774147, 0.000301002990454],
        "mean": [0.0769093036652, 1.35803449154, 7.00213909149, 10.6078548431, 24.9602222443, 24.0739250183, 23.7130794525, 27.7899589539, 23.0947399139, 47.6521835327, 66.7509307861, 63.1612052917, 58.6126022339, 28.9034862518, 37.2425193787, 24.428609848, 24.7986507416, 21.5878791809, 24.6807308197, 16.5356044769, 11.6141805649, 8.24679374695, 7.27760410309, 5.67998075485, 6.36633110046, 3.04045891762, 2.32431650162, 3.74037408829, 5.30032253265, 4.10210084915, 2.79549241066, 2.43586611748, 1.76523983479, 1.28712928295, 0.789932727814, 0.301896989346, 0.0932655110955, 0.00722593860701, 0.000165244884556, 5.44431168237e-05],
        "median": [0.0264829751104, 0.831025004387, 4.30423307419, 6.56664562225, 17.8240146637, 15.442445755, 15.5805950165, 14.5536270142, 11.6834726334, 18.1502628326, 29.2019882202, 17.4732780457, 14.4716644287, 7.38749361038, 8.39694881439, 9.19890022278, 8.84851169586, 6.60353088379, 7.07807588577, 5.30020713806, 3.75487208366, 3.20218229294, 3.19673418999, 2.63203191757, 2.27850174904, 1.37464976311, 1.11679530144, 1.52385473251, 2.26599812508, 1.69979798794, 0.908988893032, 0.613124966621, 0.442648857832, 0.328590989113, 0.200769856572, 0.0599434897304, 0.0155297173187, 0.00111746427137, 4.61120071122e-05, 4.59859147668e-05],
        "min": [0.000103083446447, 0.00387273496017, 0.0246066469699, 0.0109742963687, 0.0644862055779, 0.040026050061, 0.011486553587, 0.144491925836, 0.095145188272, 0.011745641008, 0.00244900397956, 0.000629754154943, 0.00151886988897, 0.00132000888698, 0.00277136219665, 0.0127718737349, 0.00622659688815, 0.00167124392465, 0.00407743547112, 0.0037590006832, 0.00094523205189, 0.000373713002773, 0.000564333458897, 0.000513240753207, 0.000399093900342, 0.000256290193647, 0.00025289694895, 0.000159066199558, 0.000179232563823, 0.000157803864568, 0.000147487095091, 8.28598494991e-05, 2.67743471341e-05, 6.64306571707e-06, 3.23468361785e-06, 2.69065503744e-06, 2.97102337754e-06, 1.56863478651e-07, 6.51774172411e-08, 1.43763813298e-07],
        "var": [0.0234768446535, 2.99367260933, 75.2565155029, 155.673950195, 648.143981934, 698.32635498, 635.632080078, 2144.13696289, 951.846313477, 5324.1796875, 12336.8642578, 12401.2900391, 9662.56835938, 3480.82666016, 7409.46630859, 3088.19042969, 1665.69604492, 2148.51708984, 1648.39575195, 683.802734375, 442.506774902, 156.854614258, 123.711303711, 77.1498413086, 161.889038086, 23.762550354, 16.9967002869, 39.1514434814, 70.324256897, 52.7332649231, 36.2558059692, 38.5614547729, 19.4519443512, 11.0479793549, 4.33704423904, 0.654402792454, 0.0580262877047, 0.000423594960012, 1.57376945253e-07, 1.57151802682e-09]
    },
    "gfcc": {
        "mean": [2.57929420471, 115.891220093, -89.4455566406, 23.3872966766, -64.4526672363, 18.4796981812, -45.1403923035, 4.96941661835, -25.6349067688, 0.40842679143, -22.3139972687, -3.57349443436, -16.7329521179],
        "cov": [[5353.99072266, -1792.46325684, -785.985290527, 27.1211242676, -527.552001953, 288.957275391, -53.1112785339, 418.966766357, -89.3961257935, 241.51335144, -307.039855957, 147.515655518, -104.181549072], [-1792.46325684, 1399.57873535, 50.9764595032, -148.093521118, 275.42578125, -181.339645386, 215.365997314, -179.293792725, 138.11907959, -178.420654297, 158.960479736, -158.484130859, 78.359664917], [-785.985290527, 50.9764595032, 619.644470215, 80.6118240356, 108.056541443, 11.5738019943, -69.4705505371, -48.5104827881, -56.5690803528, -1.36016964912, 32.1571655273, 55.8526802063, -25.3479232788], [27.1211242676, -148.093521118, 80.6118240356, 314.576660156, 65.8258209229, -30.9172973633, -109.140686035, -26.6770095825, 22.3480052948, 5.1047296524, 21.3233470917, 17.358537674, 31.7573375702], [-527.552001953, 275.42578125, 108.056541443, 65.8258209229, 234.290206909, -51.3007888794, -8.82478523254, -42.0038604736, 37.4858779907, -21.3758773804, 27.7407398224, -25.546672821, 16.7618637085], [288.957275391, -181.339645386, 11.5738019943, -30.9172973633, -51.3007888794, 186.263473511, 62.3650894165, 17.0611801147, -40.6527023315, 29.6698093414, -32.0289382935, -1.14320874214, -18.976102829], [-53.1112785339, 215.365997314, -69.4705505371, -109.140686035, -8.82478523254, 62.3650894165, 248.514831543, 6.36888837814, -6.84051513672, -30.3670578003, 2.00128483772, -18.2138614655, -30.4169597626], [418.966766357, -179.293792725, -48.5104827881, -26.6770095825, -42.0038604736, 17.0611801147, 6.36888837814, 125.514053345, 3.06104755402, 25.0551147461, -38.7772102356, 17.8501491547, -19.1126422882], [-89.3961257935, 138.11907959, -56.5690803528, 22.3480052948, 37.4858779907, -40.6527023315, -6.84051513672, 3.06104755402, 105.520332336, -3.60248613358, 1.56701540947, -27.5454750061, 19.8940982819], [241.51335144, -178.420654297, -1.36016964912, 5.1047296524, -21.3758773804, 29.6698093414, -30.3670578003, 25.0551147461, -3.60248613358, 101.265907288, -13.7524356842, 11.6957912445, -14.0977926254], [-307.039855957, 158.960479736, 32.1571655273, 21.3233470917, 27.7407398224, -32.0289382935, 2.00128483772, -38.7772102356, 1.56701540947, -13.7524356842, 100.320999146, 1.38702142239, 12.3893928528], [147.515655518, -158.484130859, 55.8526802063, 17.358537674, -25.546672821, -1.14320874214, -18.2138614655, 17.8501491547, -27.5454750061, 11.6957912445, 1.38702142239, 102.474967957, -12.0247182846], [-104.181549072, 78.359664917, -25.3479232788, 31.7573375702, 16.7618637085, -18.976102829, -30.4169597626, -19.1126422882, 19.8940982819, -14.0977926254, 12.3893928528, -12.0247182846, 70.0368881226]],
        "icov": [[0.000536129227839, 0.000283860950731, 0.00060396984918, -0.000272684614174, 0.000311138690449, -0.000302472879412, -7.06270020601e-06, -0.000773719861172, 0.000115835988254, -0.000271250435617, 0.000512630445883, -0.000327414483763, 0.00021711748559], [0.000283860950731, 0.00576583947986, -0.00107804394793, 0.00330835347995, -0.003094679676, 0.00354547821917, -0.0046537858434, 0.00310963322408, -0.00443715788424, 0.00364412320778, -0.00435758149251, 0.00443186610937, -0.00386465666816], [0.00060396984918, -0.00107804394793, 0.00330030196346, -0.00131818535738, -0.000136601549457, -0.00190214149188, 0.00195268902462, -0.00117196503561, 0.00224894238636, -0.000925976084545, 0.00129108608235, -0.00263769598678, 0.00243582064286], [-0.000272684614174, 0.00330835347995, -0.00131818535738, 0.00648295693099, -0.00311045255512, 0.00190617074259, -0.00114358321298, 0.00291822035797, -0.00364038278349, 0.00252065295354, -0.00361474812962, 0.00204370263964, -0.00343145406805], [0.000311138690449, -0.003094679676, -0.000136601549457, -0.00311045255512, 0.00813104212284, -0.000970557041001, 0.00179136206862, -0.00164015498012, 0.000973540358245, -0.002260125475, 0.00278361910023, -0.00130034412723, 0.00196049944498], [-0.000302472879412, 0.00354547821917, -0.00190214149188, 0.00190617074259, -0.000970557041001, 0.0104449158534, -0.00565855856985, 0.00276849814691, -0.000558104307856, 2.01390448638e-05, -0.00117480766494, 0.00447550043464, -0.00347041198984], [-7.06270020601e-06, -0.0046537858434, 0.00195268902462, -0.00114358321298, 0.00179136206862, -0.00565855856985, 0.0101039856672, -0.00300605525263, 0.00313812191598, -0.000576050719246, 0.00249623530544, -0.00378361111507, 0.00592897739261], [-0.000773719861172, 0.00310963322408, -0.00117196503561, 0.00291822035797, -0.00164015498012, 0.00276849814691, -0.00300605525263, 0.013761004433, -0.00432875752449, 0.00118244742043, -0.000488981895614, 0.00134896556847, -0.00099935545586], [0.000115835988254, -0.00443715788424, 0.00224894238636, -0.00364038278349, 0.000973540358245, -0.000558104307856, 0.00313812191598, -0.00432875752449, 0.0164454001933, -0.00406003650278, 0.00434089032933, -0.00115395593457, 0.000944148981944], [-0.000271250435617, 0.00364412320778, -0.000925976084545, 0.00252065295354, -0.002260125475, 2.01390448638e-05, -0.000576050719246, 0.00118244742043, -0.00406003650278, 0.0149121219292, -0.00365597964264, 0.00247536646202, -0.000113205838716], [0.000512630445883, -0.00435758149251, 0.00129108608235, -0.00361474812962, 0.00278361910023, -0.00117480766494, 0.00249623530544, -0.000488981895614, 0.00434089032933, -0.00365597964264, 0.01666556485, -0.00476865749806, 0.00197466369718], [-0.000327414483763, 0.00443186610937, -0.00263769598678, 0.00204370263964, -0.00130034412723, 0.00447550043464, -0.00378361111507, 0.00134896556847, -0.00115395593457, 0.00247536646202, -0.00476865749806, 0.0161563884467, -0.00263463682495], [0.00021711748559, -0.00386465666816, 0.00243582064286, -0.00343145406805, 0.00196049944498, -0.00347041198984, 0.00592897739261, -0.00099935545586, 0.000944148981944, -0.000113205838716, 0.00197466369718, -0.00263463682495, 0.0211627017707]]
    },
    "melbands": {
        "dmean": [0.000707427505404, 0.00186847755685, 0.00140840094537, 0.000962970720138, 0.000446412130259, 0.000364545616321, 0.000190614722669, 0.000286315771518, 0.000302837754134, 0.000213806517422, 0.000137998402352, 5.99549603066e-05, 8.01690766821e-05, 4.48272112408e-05, 3.93595910282e-05, 2.68014591711e-05, 2.53071393672e-05, 2.32591937674e-05, 1.80677707249e-05, 1.08694621304e-05, 7.06852915755e-06, 5.36781226401e-06, 4.59691000287e-06, 4.26462975156e-06, 2.72529587164e-06, 2.85567443825e-06, 2.25325266001e-06, 1.30735054427e-06, 1.09390134639e-06, 1.12876398362e-06, 1.54179622314e-06, 2.05687388188e-06, 1.88434398751e-06, 1.39971507451e-06, 1.29736565668e-06, 1.34920696837e-06, 1.27044063447e-06, 1.17845036129e-06, 1.28635940655e-06, 1.09307825369e-06],
        "dmean2": [0.00117627566215, 0.00314361485653, 0.00249724206515, 0.00158182729501, 0.000694023619872, 0.000604039116297, 0.000308499817038, 0.000459361559479, 0.000440608011559, 0.000322226987919, 0.000202588897082, 8.6903492047e-05, 0.000115019836812, 6.65497645969e-05, 6.3783263613e-05, 4.27989980381e-05, 3.74498740712e-05, 3.65675950889e-05, 2.82949858956e-05, 1.65920409927e-05, 1.065408469e-05, 8.40085158416e-06, 7.05484353603e-06, 6.53516053717e-06, 4.32694105257e-06, 4.31480611951e-06, 3.49130800714e-06, 2.09290647035e-06, 1.76242269845e-06, 1.72208933691e-06, 2.34648086916e-06, 3.11187432089e-06, 2.86468093691e-06, 2.1738835585e-06, 2.00359090741e-06, 2.15427462535e-06, 2.07092534765e-06, 1.89698539543e-06, 2.17295178118e-06, 1.85742965186e-06],
        "dvar": [2.04866432796e-06, 9.88907322608e-06, 4.27478244092e-06, 1.91966091734e-06, 3.39669895766e-07, 4.52944220797e-07, 1.10591088287e-07, 4.81022539134e-07, 4.52952775731e-07, 2.22119439286e-07, 8.95714791227e-08, 1.90169497927e-08, 3.53434579381e-08, 1.57588608829e-08, 8.30200352908e-09, 3.26645333004e-09, 5.4810671557e-09, 2.50462428575e-09, 1.31095756473e-09, 6.06677375004e-10, 2.22072457645e-10, 1.24764074072e-10, 8.16718082053e-11, 7.86929896246e-11, 3.84647105833e-11, 3.50167186913e-11, 1.91642621911e-11, 6.30395475404e-12, 6.80763128161e-12, 5.25092512874e-12, 9.76589295543e-12, 1.39950811356e-11, 1.45272960328e-11, 1.03537664553e-11, 8.74877427448e-12, 1.1053955494e-11, 1.44206122737e-11, 9.89317655575e-12, 1.07300175689e-11, 9.19298144553e-12],
        "dvar2": [5.35883054908e-06, 2.62012054009e-05, 1.26560516946e-05, 4.73333557238e-06, 8.05243075774e-07, 1.0460556723e-06, 2.81292130921e-07, 1.15403713608e-06, 9.6576877695e-07, 4.72701628951e-07, 1.9794069317e-07, 3.92294232654e-08, 7.65741106079e-08, 3.36446746019e-08, 2.04932071313e-08, 7.49379758247e-09, 1.07245039516e-08, 5.76920955453e-09, 2.74554179391e-09, 1.35340316731e-09, 4.81693684939e-10, 3.05773212306e-10, 1.99547725566e-10, 1.7390920648e-10, 9.85307113677e-11, 6.41255520906e-11, 4.65316708775e-11, 1.5035979406e-11, 1.72134945187e-11, 1.2458005981e-11, 2.16979680751e-11, 3.18594421678e-11, 3.41699446516e-11, 2.51236306065e-11, 2.07227256188e-11, 2.64455922439e-11, 3.58891770469e-11, 2.43693641655e-11, 2.77325159365e-11, 2.48113127266e-11],
        "max": [0.0147709418088, 0.0295266639441, 0.0184013955295, 0.0183159876615, 0.00614507636055, 0.0155405653641, 0.00405872287229, 0.00922662205994, 0.0104861846194, 0.00622583925724, 0.00372443371452, 0.00259950198233, 0.00292902928777, 0.00239174999297, 0.00142407824751, 0.000954166171141, 0.00203935755417, 0.000698828196619, 0.000535967177711, 0.00040725103463, 0.000232814898482, 0.000141336247907, 0.000156632449944, 0.000165399935213, 0.000112527566671, 0.000174382745172, 5.73843135498e-05, 3.87452637369e-05, 4.31077714893e-05, 3.8044883695e-05, 5.0103142712e-05, 5.44757385796e-05, 6.46954576951e-05, 7.51815532567e-05, 3.72621616407e-05, 4.44909092039e-05, 4.90885140607e-05, 4.5514163503e-05, 3.07160844386e-05, 3.29139184032e-05],
        "mean": [0.000984955229796, 0.00307584856637, 0.00230180146173, 0.00189464457799, 0.00088098651031, 0.000636249606032, 0.000322730164044, 0.0005848792498, 0.000557560124435, 0.000357035984052, 0.000282492343104, 0.000112026216812, 0.000123486723169, 7.0429952757e-05, 6.48251880193e-05, 4.13242087234e-05, 4.2142237362e-05, 3.8646037865e-05, 3.38144527632e-05, 1.80809001904e-05, 1.2291299754e-05, 8.69355426403e-06, 7.02685247234e-06, 6.52115386401e-06, 4.22074617745e-06, 4.75143724543e-06, 3.52593929165e-06, 1.71576641605e-06, 1.413954692e-06, 1.58753994128e-06, 2.35339780374e-06, 3.0873650303e-06, 2.82260975837e-06, 2.00416684493e-06, 1.57414444857e-06, 1.56160615461e-06, 1.44520709e-06, 1.1970171272e-06, 1.22406879655e-06, 1.03169554677e-06],
        "median": [0.000499719579238, 0.00193428457715, 0.00170246860944, 0.00127013609745, 0.000587793823797, 0.000338141195243, 0.000164711658726, 0.000212801067391, 0.000239195302129, 8.41630826471e-05, 6.07720612606e-05, 2.25073181355e-05, 2.38253542193e-05, 2.17288161366e-05, 2.34775852732e-05, 1.37009383252e-05, 1.09508273454e-05, 1.09923694254e-05, 7.8233097156e-06, 5.68019368075e-06, 3.69122562915e-06, 3.07361688101e-06, 2.98024633594e-06, 2.14335773308e-06, 1.67437906384e-06, 1.66730080764e-06, 1.17236891128e-06, 7.30689066586e-07, 6.20997411716e-07, 6.73384363381e-07, 8.76800015703e-07, 1.24368534671e-06, 1.13111502742e-06, 7.93405945387e-07, 4.47745463816e-07, 4.08802975471e-07, 3.24624437553e-07, 2.80758627014e-07, 3.11809316145e-07, 2.4438944024e-07],
        "min": [2.35983088714e-06, 9.85730548564e-06, 3.4631498238e-06, 3.9202031985e-06, 2.81929771973e-07, 3.16699470204e-06, 1.06266986677e-06, 1.21938281694e-08, 1.39286067125e-08, 3.25940696655e-09, 7.90128229511e-09, 5.42330935716e-09, 8.08492295334e-09, 1.54311887712e-08, 4.5937628812e-08, 2.87651746866e-09, 2.87957346856e-09, 4.29468505203e-09, 8.00885313623e-09, 9.52595780035e-10, 1.02849739836e-09, 2.92958102222e-10, 4.2840239689e-10, 4.37193947711e-10, 3.65150298887e-10, 2.40226949444e-10, 2.4068555482e-10, 9.06468927697e-11, 1.47938467032e-10, 1.23826074394e-10, 7.47945871904e-11, 8.20483819775e-11, 9.77116929035e-11, 6.37255317959e-11, 6.19077358821e-11, 7.36769464882e-11, 1.60287200179e-11, 2.1502404024e-11, 1.65397629945e-13, 7.72888494199e-14],
