{
"highlevel": {
    "danceability": {
        "all": {
            "danceable": 0.0286029540002,
            "not_danceable": 0.971397042274
        },
        "probability": 0.971397042274,
        "value": "not_danceable"
    },
    "gender": {
        "all": {
            "female": 0.149993792176,
            "male": 0.850006222725
        },
        "probability": 0.850006222725,
        "value": "male"
    },
    "genre_dortmund": {
        "all": {
            "alternative": 0.316733598709,
            "blues": 0.0191974379122,
            "electronic": 0.0383972674608,
            "folkcountry": 0.0277944784611,
            "funksoulrnb": 0.00217953952961,
            "jazz": 0.0071598389186,
            "pop": 0.0159648004919,
            "raphiphop": 0.00092705123825,
            "rock": 0.571645975113
        },
        "probability": 0.571645975113,
        "value": "rock"
    },
    "genre_electronic": {
        "all": {
            "ambient": 0.375861287117,
            "dnb": 0.122620776296,
            "house": 0.0227834451944,
            "techno": 0.0150451455265,
            "trance": 0.46368932724
        },
        "probability": 0.46368932724,
        "value": "trance"
    },
    "genre_rosamerica": {
        "all": {
            "cla": 0.00528351822868,
            "dan": 0.00368912448175,
            "hip": 0.000633421062957,
            "jaz": 0.000788909965195,
            "pop": 0.00478134816512,
            "rhy": 0.000378806202207,
            "roc": 0.984176516533,
            "spe": 0.000268368807156
        },
        "probability": 0.984176516533,
        "value": "roc"
    },
    "genre_tzanetakis": {
        "all": {
            "blu": 0.0626541376114,
            "cla": 0.0348133966327,
            "cou": 0.0783501937985,
            "dis": 0.104547761381,
            "hip": 0.15693578124,
            "jaz": 0.313987255096,
            "met": 0.044816005975,
            "pop": 0.0627349764109,
            "reg": 0.0627352520823,
            "roc": 0.0784252434969
        },
        "probability": 0.313987255096,
        "value": "jaz"
    },
    "ismir04_rhythm": {
        "all": {
            "ChaChaCha": 0.0264896843582,
            "Jive": 0.742419064045,
            "Quickstep": 0.0022510914132,
            "Rumba-American": 0.0108403917402,
            "Rumba-International": 0.00280359224416,
            "Rumba-Misc": 0.00110607023817,
            "Samba": 0.0208690371364,
            "Tango": 0.0473913066089,
            "VienneseWaltz": 0.141749635339,
            "Waltz": 0.00408010371029
        },
        "probability": 0.742419064045,
        "value": "Jive"
    },
    "mood_acoustic": {
        "all": {
            "acoustic": 0.012981117703,
            "not_acoustic": 0.987018883228
        },
        "probability": 0.987018883228,
        "value": "not_acoustic"
    },
    "mood_aggressive": {
        "all": {
            "aggressive": 0.979468882084,
            "not_aggressive": 0.0205311104655
        },
        "probability": 0.979468882084,
        "value": "aggressive"
    },
    "mood_electronic": {
        "all": {
            "electronic": 0.111697919667,
            "not_electronic": 0.888302087784
        },
        "probability": 0.888302087784,
        "value": "not_electronic"
    },
    "mood_happy": {
        "all": {
            "happy": 0.322817981243,
            "not_happy": 0.677182018757
        },
        "probability": 0.677182018757,
        "value": "not_happy"
    },
    "mood_party": {
        "all": {
            "not_party": 0.471175730228,
            "party": 0.528824269772
        },
        "probability": 0.528824269772,
        "value": "party"
    },
    "mood_relaxed": {
        "all": {
            "not_relaxed": 0.996739923954,
            "relaxed": 0.00326008605771
        },
        "probability": 0.996739923954,
        "value": "not_relaxed"
    },
    "mood_sad": {
        "all": {
            "not_sad": 0.873822569847,
            "sad": 0.126177445054
        },
        "probability": 0.873822569847,
        "value": "not_sad"
    },
    "moods_mirex": {
        "all": {
            "Cluster1": 0.199656262994,
            "Cluster2": 0.0289707407355,
            "Cluster3": 0.176853999496,
            "Cluster4": 0.0841042548418,
            "Cluster5": 0.510414719582
        },
        "probability": 0.510414719582,
        "value": "Cluster5"
    },
    "timbre": {
        "all": {
            "bright": 0.820372104645,
            "dark": 0.179627895355
        },
        "probability": 0.820372104645,
        "value": "bright"
    },
    "tonal_atonal": {
        "all": {
            "atonal": 0.00040313671343,
            "tonal": 0.999596834183
        },
        "probability": 0.999596834183,
        "value": "tonal"
    },
    "voice_instrumental": {
        "all": {
            "instrumental": 0.00808350462466,
            "voice": 0.99191647768
        },
        "probability": 0.99191647768,
        "value": "voice"
    }
},
"lowlevel": {
    "average_loudness": 0.984046578407,
    "barkbands_crest": {
        "dmean": 3.43411707878,
        "dmean2": 5.84940385818,
        "dvar": 13.3423366547,
        "dvar2": 37.6354370117,
        "max": 23.2826442719,
        "mean": 8.39346122742,
        "median": 7.25189447403,
        "min": 2.11895465851,
        "var": 18.2319927216
    },
    "barkbands_flatness_db": {
        "dmean": 0.0198554061353,
        "dmean2": 0.0341792106628,
        "dvar": 0.000391869951272,
        "dvar2": 0.00112627004273,
        "max": 0.241440728307,
        "mean": 0.113265320659,
        "median": 0.108875505626,
        "min": 0.0531866699457,
        "var": 0.00072063843254
    },
    "barkbands_kurtosis": {
        "dmean": 1.18022930622,
        "dmean2": 2.05139160156,
        "dvar": 3.66725254059,
        "dvar2": 10.2230825424,
        "max": 23.1035175323,
        "mean": 0.297577649355,
        "median": -0.27219414711,
        "min": -1.65240955353,
        "var": 3.62270975113
    },
    "barkbands_skewness": {
        "dmean": 0.480536490679,
        "dmean2": 0.789101719856,
        "dvar": 0.295691132545,
        "dvar2": 0.794493913651,
        "max": 4.74446201324,
        "mean": 0.669541835785,
        "median": 0.506145656109,
        "min": -0.676644861698,
        "var": 0.456393748522
    },
    "barkbands_spread": {
        "dmean": 5.32188558578,
        "dmean2": 8.81795024872,
        "dvar": 23.7904262543,
        "dvar2": 64.9622879028,
        "max": 47.691986084,
        "mean": 26.8005523682,
        "median": 26.7854595184,
        "min": 5.40693950653,
        "var": 63.7592582703
    },
    "dissonance": {
        "dmean": 0.0128018371761,
        "dmean2": 0.021453615278,
        "dvar": 0.000150877269334,
        "dvar2": 0.000428610481322,
        "max": 0.500000119209,
        "mean": 0.478800445795,
        "median": 0.483347564936,
        "min": 0.380074650049,
        "var": 0.000283632078208
    },
    "dynamic_complexity": 1.41438913345,
    "erbbands_crest": {
        "dmean": 2.32125997543,
        "dmean2": 3.85147690773,
        "dvar": 4.53657627106,
        "dvar2": 12.5474843979,
        "max": 28.503911972,
        "mean": 8.11357593536,
        "median": 7.01079797745,
        "min": 2.61054062843,
        "var": 16.2453479767
    },
    "erbbands_flatness_db": {
        "dmean": 0.0153505923226,
        "dmean2": 0.0249159298837,
        "dvar": 0.000191689323401,
        "dvar2": 0.000456972891698,
        "max": 0.254074156284,
        "mean": 0.158025071025,
        "median": 0.155898496509,
        "min": 0.0774221941829,
        "var": 0.000709923508111
    },
    "erbbands_kurtosis": {
        "dmean": 0.639008820057,
        "dmean2": 1.06113362312,
        "dvar": 0.511047005653,
        "dvar2": 1.24584436417,
        "max": 13.9182720184,
        "mean": 0.338880240917,
        "median": 0.141652822495,
        "min": -1.55596828461,
        "var": 1.49515712261
    },
    "erbbands_skewness": {
        "dmean": 0.285243660212,
        "dmean2": 0.452595353127,
        "dvar": 0.0596360489726,
        "dvar2": 0.152745470405,
        "max": 3.08397388458,
        "mean": 0.0633807405829,
        "median": 0.0485572256148,
        "min": -1.53916847706,
        "var": 0.329532265663
    },
    "erbbands_spread": {
        "dmean": 6.24459123611,
        "dmean2": 10.1281690598,
        "dvar": 44.8868217468,
        "dvar2": 109.763626099,
        "max": 76.0419769287,
        "mean": 28.8722019196,
        "median": 26.6289081573,
        "min": 6.52223491669,
        "var": 98.1461868286
    },
    "hfc": {
        "dmean": 6.1484003067,
        "dmean2": 9.39364719391,
        "dvar": 36.0653190613,
        "dvar2": 78.0555725098,
        "max": 68.7416381836,
        "mean": 31.361492157,
        "median": 32.1898574829,
        "min": 3.0433344841,
        "var": 165.952713013
    },
    "melbands_crest": {
        "dmean": 4.06993770599,
        "dmean2": 6.87729978561,
        "dvar": 15.2124853134,
        "dvar2": 43.1360549927,
        "max": 27.6636276245,
        "mean": 11.9773674011,
        "median": 10.983133316,
        "min": 2.90901660919,
        "var": 22.986913681
    },
    "melbands_flatness_db": {
        "dmean": 0.026873042807,
        "dmean2": 0.0445637591183,
        "dvar": 0.000746649806388,
        "dvar2": 0.00206562527455,
        "max": 0.322039335966,
        "mean": 0.144116938114,
        "median": 0.136737674475,
        "min": 0.0375787168741,
        "var": 0.00155996612739
    },
    "melbands_kurtosis": {
        "dmean": 3.66616368294,
        "dmean2": 6.34616851807,
        "dvar": 43.8069152832,
        "dvar2": 121.906105042,
        "max": 92.9020385742,
        "mean": 3.66972732544,
        "median": 1.50999116898,
        "min": -1.24934995174,
        "var": 39.0898361206
    },
    "melbands_skewness": {
        "dmean": 0.706932842731,
        "dmean2": 1.1660848856,
        "dvar": 0.712222337723,
        "dvar2": 1.9085624218,
        "max": 8.75043964386,
        "mean": 1.52100288868,
        "median": 1.19023263454,
        "min": -0.611571788788,
        "var": 1.12615168095
    },
    "melbands_spread": {
        "dmean": 8.8996181488,
        "dmean2": 14.4667453766,
        "dvar": 71.9066162109,
        "dvar2": 192.038360596,
        "max": 85.796661377,
        "mean": 35.0147438049,
        "median": 34.5598449707,
        "min": 4.58911752701,
        "var": 165.536895752
    },
    "pitch_salience": {
        "dmean": 0.0832242444158,
        "dmean2": 0.143218100071,
        "dvar": 0.00721591105685,
        "dvar2": 0.0214310437441,
        "max": 0.800634920597,
        "mean": 0.581777870655,
        "median": 0.597018361092,
        "min": 0.217513501644,
        "var": 0.0104736760259
    },
    "silence_rate_20dB": {
        "dmean": 0,
        "dmean2": 0,
        "dvar": 0,
        "dvar2": 0,
        "max": 1,
        "mean": 1,
        "median": 1,
        "min": 1,
        "var": 0
    },
    "silence_rate_30dB": {
        "dmean": 0,
        "dmean2": 0,
        "dvar": 0,
        "dvar2": 0,
        "max": 1,
        "mean": 1,
        "median": 1,
        "min": 1,
        "var": 0
    },
    "silence_rate_60dB": {
        "dmean": 0,
        "dmean2": 0,
        "dvar": 0,
        "dvar2": 0,
        "max": 0,
        "mean": 0,
        "median": 0,
        "min": 0,
        "var": 0
    },
    "spectral_centroid": {
        "dmean": 231.647064209,
        "dmean2": 364.951019287,
        "dvar": 54585.2148438,
        "dvar2": 133750.453125,
        "max": 2988.29248047,
        "mean": 1747.75927734,
        "median": 1768.32446289,
        "min": 564.914978027,
        "var": 152977.09375
    },
    "spectral_complexity": {
        "dmean": 4.05572748184,
        "dmean2": 6.40511226654,
        "dvar": 11.5015249252,
        "dvar2": 27.0682792664,
        "max": 56,
        "mean": 35.2196426392,
        "median": 36,
        "min": 7,
        "var": 52.7700309753
    },
    "spectral_decrease": {
        "dmean": 2.83281043068e-09,
        "dmean2": 4.69015448701e-09,
        "dvar": 1.38884865619e-17,
        "dvar2": 3.61975956589e-17,
        "max": -1.70756631057e-09,
        "mean": -7.85994291874e-09,
        "median": -7.05086433683e-09,
        "min": -2.6292260813e-08,
        "var": 1.58366673036e-17
    },
    "spectral_energy": {
        "dmean": 0.0110327545553,
        "dmean2": 0.0181216523051,
        "dvar": 0.000202897645067,
        "dvar2": 0.000526781310327,
        "max": 0.104378834367,
        "mean": 0.0325097963214,
        "median": 0.0299443155527,
        "min": 0.00694247847423,
        "var": 0.000245660950895
    },
    "spectral_energyband_high": {
        "dmean": 0.000337487261277,
        "dmean2": 0.000526292424183,
        "dvar": 1.50143748101e-07,
        "dvar2": 3.45577745975e-07,
        "max": 0.00488916970789,
        "mean": 0.000969905522652,
        "median": 0.000829831347801,
        "min": 5.90368108533e-06,
        "var": 4.69548467663e-07
    },
    "spectral_energyband_low": {
        "dmean": 0.00591807253659,
        "dmean2": 0.010358790867,
        "dvar": 0.000113068963401,
        "dvar2": 0.000317832746077,
        "max": 0.0660220608115,
        "mean": 0.00789788737893,
        "median": 0.00481731677428,
        "min": 0.000374749128241,
        "var": 9.80481054285e-05
    },
    "spectral_energyband_middle_high": {
        "dmean": 0.00302476529032,
        "dmean2": 0.00468915328383,
        "dvar": 1.09877819341e-05,
        "dvar2": 2.66374208877e-05,
        "max": 0.0548417046666,
        "mean": 0.0121051101014,
        "median": 0.0114515163004,
        "min": 0.000918914854992,
        "var": 4.43237149739e-05
    },
    "spectral_energyband_middle_low": {
        "dmean": 0.00695452652872,
        "dmean2": 0.0115585150197,
        "dvar": 0.000153896791744,
        "dvar2": 0.00040332422941,
        "max": 0.0880389735103,
        "mean": 0.0123468153179,
        "median": 0.00829610042274,
        "min": 0.00151173525956,
        "var": 0.000146245292854
    },
    "spectral_entropy": {
        "dmean": 0.0969880074263,
        "dmean2": 0.154337644577,
        "dvar": 0.00827183481306,
        "dvar2": 0.0209728050977,
        "max": 8.28626918793,
        "mean": 7.77796316147,
        "median": 7.78421258926,
        "min": 7.01066923141,
        "var": 0.0280640404671
    },
    "spectral_flux": {
        "dmean": 0.0286407712847,
        "dmean2": 0.0452320240438,
        "dvar": 0.0010727023473,
        "dvar2": 0.00221828650683,
        "max": 0.267375618219,
        "mean": 0.104781657457,
        "median": 0.0933730304241,
        "min": 0.0312890037894,
        "var": 0.00192436098587
    },
    "spectral_kurtosis": {
        "dmean": 1.42775845528,
        "dmean2": 2.45539069176,
        "dvar": 1.68347549438,
        "dvar2": 4.79788160324,
        "max": 17.021238327,
        "mean": 4.3971991539,
        "median": 4.14740610123,
        "min": 0.260214090347,
        "var": 3.44868707657
    },
    "spectral_rms": {
        "dmean": 0.000883127970155,
        "dmean2": 0.00141136453021,
        "dvar": 1.04271816781e-06,
        "dvar2": 2.6517295737e-06,
        "max": 0.0100912339985,
        "mean": 0.00548542989418,
        "median": 0.00540499482304,
        "min": 0.00260252761655,
        "var": 1.62694959727e-06
    },
    "spectral_rolloff": {
        "dmean": 435.631103516,
        "dmean2": 718.886108398,
        "dvar": 204005.875,
        "dvar2": 535748.6875,
        "max": 5900.09765625,
        "mean": 1853.10473633,
        "median": 1894.921875,
        "min": 86.1328125,
        "var": 400448.625
    },
    "spectral_skewness": {
        "dmean": 0.194110095501,
        "dmean2": 0.325417935848,
        "dvar": 0.0261278096586,
        "dvar2": 0.0689856559038,
        "max": 2.60574698448,
        "mean": 1.39944016933,
        "median": 1.39260697365,
        "min": 0.737924814224,
        "var": 0.0709556788206
    },
    "spectral_spread": {
        "dmean": 382987.40625,
        "dmean2": 625668.75,
        "dvar": 186604371968,
        "dvar2": 430791163904,
        "max": 9328469,
        "mean": 3599071.75,
        "median": 3559185,
        "min": 1625492.75,
        "var": 375342694400
    },
    "spectral_strongpeak": {
        "dmean": 0.759554326534,
        "dmean2": 1.29176926613,
        "dvar": 0.864323556423,
        "dvar2": 2.19382596016,
        "max": 7.38080263138,
        "mean": 1.3952665329,
        "median": 0.631983578205,
        "min": 0.0421578027308,
        "var": 2.12323927879
    },
    "zerocrossingrate": {
        "dmean": 0.00752376392484,
        "dmean2": 0.00993733666837,
        "dvar": 3.95468305214e-05,
        "dvar2": 6.16742836428e-05,
        "max": 0.171875,
        "mean": 0.0664560943842,
        "median": 0.06591796875,
        "min": 0.0185546875,
        "var": 0.000246920681093
    },
    "barkbands": {
        "dmean": [0.000117132389278, 0.005186509341, 0.00115949648898, 0.00128020788543, 0.00439526885748, 0.000732589396648, 0.000602624029852, 0.000716154347174, 0.00150567374658, 0.00112244999036, 0.00095798476832, 0.000342529616319, 0.00109689158853, 0.000748909311369, 0.000664475548547, 0.000471296312753, 0.000378808879759, 0.000271307013463, 0.000245237286435, 0.000168820115505, 0.00015971668472, 7.94612351456e-05, 5.31355508429e-05, 4.03000485676e-05, 2.69619267783e-05, 1.7931803086e-05, 3.68651109639e-09],
        "dmean2": [0.000188650141354, 0.00919554661959, 0.00193734141067, 0.00223902403377, 0.00757603440434, 0.00125832366757, 0.00104639609344, 0.00117216410581, 0.002323880326, 0.00178183184471, 0.00148127623834, 0.000557798251975, 0.00179000641219, 0.00121993001085, 0.00112153880764, 0.000797671207692, 0.000632345152553, 0.000468106300104, 0.000404974271078, 0.000273588870186, 0.000250046286965, 0.000128988947836, 8.82199165062e-05, 6.5762164013e-05, 4.52498534287e-05, 2.94654309982e-05, 6.6619287864e-09],
        "dvar": [7.57887903546e-08, 0.000110117180157, 1.84113207524e-06, 4.95633048558e-06, 0.000109190914372, 2.02345745492e-06, 1.07845391994e-06, 1.96004361896e-06, 5.58790088689e-06, 6.2758022068e-06, 2.25937742471e-06, 2.68721237262e-07, 2.44470061261e-06, 7.78976811944e-07, 5.65204572922e-07, 2.21369475639e-07, 1.3584052283e-07, 8.39488194515e-08, 6.26392733238e-08, 4.50658745876e-08, 3.93015362476e-08, 1.21626921867e-08, 4.18488266263e-09, 2.89317902968e-09, 1.72445735469e-09, 8.82832751348e-10, 2.24476727684e-16],
        "dvar2": [1.87628259596e-07, 0.000314374017762, 5.05507023263e-06, 1.37383767651e-05, 0.000292904413072, 5.67354891245e-06, 3.01463660435e-06, 4.2217511691e-06, 1.23833842736e-05, 1.53516939463e-05, 5.41671988685e-06, 5.86527391988e-07, 6.39140262138e-06, 1.91287858797e-06, 1.58113880389e-06, 6.15753663169e-07, 3.749031805e-07, 2.26078981314e-07, 1.65687325193e-07, 1.1219832885e-07, 9.1770644417e-08, 2.89770429873e-08, 1.10631948047e-08, 6.84474876778e-09, 4.53358772745e-09, 2.19316498296e-09, 5.32991035137e-16],
        "max": [0.00216355547309, 0.061882302165, 0.0142946569249, 0.022950835526, 0.0645282268524, 0.015696791932, 0.00969117041677, 0.0208303853869, 0.028972543776, 0.0508657693863, 0.0249521136284, 0.0069354143925, 0.0135918380693, 0.0118208155036, 0.00845299102366, 0.00564279640093, 0.00403934717178, 0.00378150306642, 0.00260885735042, 0.00311996974051, 0.00307931890711, 0.00219981162809, 0.000638954224996, 0.000992169021629, 0.000463956152089, 0.000282323802821, 2.57451745256e-07],
        "mean": [0.000112784655357, 0.00506841996685, 0.00213703792542, 0.00153095484711, 0.00395575119182, 0.00100182264578, 0.000847628572956, 0.00130019732751, 0.00324476300739, 0.00212127505802, 0.00174574216362, 0.000641473336145, 0.00184154172894, 0.00139956234489, 0.00129866646603, 0.00100351474248, 0.000837982574012, 0.000626612862106, 0.000615796947386, 0.000376101554139, 0.000366743362974, 0.000169677165104, 0.000112856519991, 8.53805395309e-05, 4.35087786173e-05, 2.40340868913e-05, 2.57364485279e-09],
        "median": [2.1310763259e-05, 0.00196038349532, 0.00169468962122, 0.000859797874, 0.00130304764025, 0.000630631111562, 0.000495915301144, 0.000438092567492, 0.00102871190757, 0.000795498723164, 0.00075255689444, 0.000456701818621, 0.00100159342401, 0.000997304683551, 0.00107380747795, 0.000865915208124, 0.000747602141928, 0.000549180957023, 0.00054350978462, 0.00030724008684, 0.000275213038549, 0.000130949658342, 8.82876192918e-05, 6.50221118121e-05, 3.09120769089e-05, 1.32837512865e-05, 5.84834791706e-10],
        "min": [1.06423847512e-07, 5.99722043262e-05, 3.36455414072e-05, 5.5828281802e-06, 4.462923971e-05, 1.62977958098e-05, 7.43261125535e-06, 1.84546406672e-05, 3.99233431381e-05, 3.22763407894e-05, 1.44630303112e-05, 2.23747902055e-05, 2.24891555263e-05, 3.04076766042e-05, 3.76672142011e-05, 3.02356547763e-05, 4.64339645987e-05, 1.95418779185e-05, 1.77940055437e-05, 4.73943237012e-06, 1.7462082269e-06, 4.81200004288e-07, 1.33431285576e-07, 1.26157235769e-08, 3.49703113689e-11, 3.17560977514e-11, 1.21222554564e-11],
        "var": [7.18609172168e-08, 8.69588111527e-05, 2.96331654681e-06, 4.13050611314e-06, 7.98130786279e-05, 1.65019628184e-06, 1.09922689262e-06, 5.62343120691e-06, 2.51581877819e-05, 1.91866492969e-05, 7.7329659689e-06, 5.60161936392e-07, 4.59899501948e-06, 1.65053825185e-06, 9.46108741573e-07, 4.44784717502e-07, 2.53726284427e-07, 1.49928553128e-07, 1.40226873668e-07, 8.94718965583e-08, 1.08040168811e-07, 2.66875819221e-08, 8.50103187844e-09, 6.90475365772e-09, 2.11575068576e-09, 1.08099507123e-09, 1.55975227711e-16]
    },
    "erbbands": {
        "dmean": [0.151826262474, 1.1420249939, 1.39131569862, 2.46226429939, 15.1028985977, 11.13626194, 4.5262298584, 6.63295078278, 7.66074419022, 15.3788061142, 14.8157920837, 37.8930892944, 23.8624534607, 40.095375061, 29.9427337646, 16.1838874817, 48.2159843445, 36.4681396484, 34.284160614, 30.9806194305, 22.5113220215, 17.7492237091, 14.6183013916, 13.0476579666, 10.9803438187, 8.19859027863, 7.57586288452, 4.80298233032, 3.09278416634, 2.21256947517, 1.4850410223, 0.930666446686, 0.673853695393, 0.345394253731, 0.204053044319, 0.0986924543977, 0.0307965651155, 0.0025580227375, 4.79000736959e-05, 1.34425517899e-05],
        "dmean2": [0.268919497728, 2.0309252739, 2.35431003571, 4.22372436523, 26.2141780853, 19.5678310394, 7.43653917313, 11.5760068893, 13.4435949326, 25.0102596283, 23.5595474243, 58.2501525879, 36.8659820557, 64.2826843262, 46.749332428, 26.4452457428, 78.8339920044, 58.546836853, 57.3348121643, 52.078994751, 38.0271530151, 29.5671024323, 24.6358585358, 21.6570720673, 18.266368866, 13.3191184998, 11.9297294617, 7.68042135239, 5.09357643127, 3.63739776611, 2.49343252182, 1.52530241013, 1.10332751274, 0.576492607594, 0.339289665222, 0.164637953043, 0.0505876094103, 0.004379902035, 7.99674307927e-05, 2.16590960918e-05],
        "dvar": [0.114939033985, 4.82553195953, 2.39470171928, 15.8958053589, 1217.57373047, 720.476989746, 107.759773254, 172.127105713, 212.932983398, 855.583496094, 420.024383545, 3780.57861328, 1664.97973633, 9883.49023438, 1907.62792969, 585.891479492, 5108.02929688, 2094.09301758, 1755.60327148, 1262.70227051, 474.802337646, 281.109832764, 242.012771606, 164.08821106, 146.844268799, 98.2772369385, 88.8997192383, 33.1196250916, 17.6193943024, 7.65288734436, 3.41652536392, 1.63243472576, 0.832749605179, 0.234344393015, 0.107730142772, 0.0235983226448, 0.00285158562474, 2.07845387195e-05, 6.61337251628e-09, 2.55973353624e-10],
        "dvar2": [0.327819287777, 13.7783575058, 6.85052537918, 43.7042579651, 3226.90380859, 1968.3371582, 250.472763062, 484.560668945, 606.296691895, 1950.86303711, 917.116760254, 8503.05761719, 3824.81982422, 24042.4609375, 4284.03955078, 1258.22021484, 13418.5732422, 5185.984375, 4841.07275391, 3474.56274414, 1357.63745117, 749.39263916, 640.365356445, 431.897766113, 407.53225708, 248.116287231, 213.076690674, 80.1329650879, 42.9689178467, 19.5527114868, 8.97546386719, 4.0480837822, 1.92575633526, 0.607567131519, 0.287944465876, 0.0603561103344, 0.00699476990849, 5.16824038641e-05, 1.632269786e-08, 6.43165520842e-10],
        "max": [1.9074858427, 13.3024187088, 13.6231527328, 42.9564208984, 212.918212891, 177.388122559, 264.532165527, 102.349861145, 131.467407227, 399.554901123, 347.912384033, 799.677856445, 795.146850586, 1745.76452637, 717.599731445, 354.371398926, 658.48223877, 694.62890625, 557.913330078, 449.29486084, 205.819747925, 179.139694214, 237.780197144, 147.562927246, 138.490631104, 136.85295105, 140.143508911, 64.5993652344, 75.9664001465, 32.9915885925, 20.8785972595, 26.315530777, 18.3652706146, 7.74255657196, 4.20699977875, 1.313975811, 0.612750053406, 0.0445140376687, 0.000849894771818, 0.000125354388729],
        "mean": [0.138056457043, 1.16788375378, 2.56261730194, 3.7724905014, 13.2089500427, 10.4688959122, 6.82463121414, 8.49501228333, 10.3314590454, 25.2586574554, 32.4182662964, 84.946937561, 46.0334587097, 81.2153091431, 58.7135429382, 35.9448204041, 85.404510498, 73.3564758301, 68.9290466309, 66.2154693604, 52.3738632202, 43.9567642212, 36.7466239929, 33.6137886047, 27.1380901337, 18.9267520905, 16.805688858, 10.9550189972, 6.60752153397, 4.63531970978, 3.06948375702, 2.02075433731, 1.25151264668, 0.568977832794, 0.283583700657, 0.129747822881, 0.0395809225738, 0.00296374666505, 7.80589980423e-05, 4.33735003753e-05],
        "median": [0.0384284183383, 0.507229924202, 2.01390433311, 2.60088896751, 4.13526201248, 3.8259665966, 4.09394407272, 5.25880241394, 6.09594488144, 9.56179237366, 16.995464325, 25.6669368744, 26.4581165314, 29.9552192688, 31.6137046814, 28.2340812683, 46.311466217, 51.8622817993, 54.5135002136, 54.4377059937, 46.9654541016, 40.3989639282, 32.8705215454, 30.9126911163, 23.5222568512, 15.9130601883, 13.0057725906, 8.51605892181, 5.18171262741, 3.50397205353, 2.41568183899, 1.53062880039, 0.889900922775, 0.409763365984, 0.174637049437, 0.0710479393601, 0.0199714042246, 0.00143024185672, 5.11446487508e-05, 4.11343280575e-05],
        "min": [0.00126652303152, 0.0194501392543, 0.0891517996788, 0.0846080183983, 0.231996059418, 0.108543328941, 0.0905629917979, 0.20292519033, 0.19079080224, 0.230103135109, 0.956973910332, 1.70744299889, 1.7569026947, 1.73081219196, 1.56092143059, 1.13010716438, 1.35549676418, 1.43589425087, 3.18527889252, 2.73572397232, 2.18104767799, 2.81659650803, 1.30457556248, 1.3611843586, 0.874268114567, 0.182668149471, 0.120800308883, 0.0284509547055, 0.0181107781827, 0.012566450052, 0.00247180182487, 0.00145558908116, 0.000211792750633, 3.67870743503e-05, 1.01956720755e-05, 6.80203675074e-06, 3.51420885636e-06, 7.56087672471e-07, 4.52815766039e-06, 7.96626409283e-06],
        "var": [0.0874213576317, 3.88401079178, 3.80883932114, 15.8751058578, 884.434448242, 516.352111816, 140.980957031, 132.251693726, 189.594802856, 1954.34997559, 1513.51977539, 18157.6777344, 5276.56103516, 31283.0722656, 5232.46337891, 1258.88354492, 9716.43066406, 4839.48828125, 2892.79199219, 2228.27001953, 923.995666504, 586.546875, 477.850158691, 354.671600342, 301.699737549, 205.611175537, 218.91847229, 89.8609237671, 37.1321258545, 16.7790699005, 6.70487260818, 3.85621237755, 1.82418417931, 0.348068922758, 0.121117919683, 0.0284970477223, 0.00330176576972, 2.1788995582e-05, 7.40964223311e-09, 3.61692314987e-10]
    },
    "gfcc": {
        "mean": [48.4435577393, 89.5993270874, -145.499526978, 36.9018630981, -51.2094688416, 23.2484130859, -34.0482978821, 13.4947719574, -23.7744750977, 2.43045306206, -20.5882205963, -4.19416856766, -12.7700357437],
        "cov": [[752.122314453, -387.224884033, -7.7566819191, -51.5664596558, -110.621810913, 57.9340057373, -26.2010269165, 35.1212158203, -74.1803817749, 82.8105545044, -78.0190963745, 4.7097158432, -41.0547676086], [-387.224884033, 461.898254395, -42.634147644, 64.306427002, 48.4004821777, -95.059135437, 34.6056518555, -88.9036712646, 74.5667800903, -80.3028106689, 97.8318405151, -40.6993408203, 48.2972297668], [-7.7566819191, -42.634147644, 242.477584839, 21.8572750092, 49.7840232849, 3.18679332733, -51.5556678772, 18.5148582458, -37.5934524536, 15.7891530991, -39.6804962158, 57.587436676, -27.9145469666], [-51.5664596558, 64.306427002, 21.8572750092, 172.359603882, 29.2421150208, 28.5338191986, -1.39886534214, -43.3632316589, 34.7863006592, -19.6071853638, 46.1405677795, -12.8504238129, 19.7544956207], [-110.621810913, 48.4004821777, 49.7840232849, 29.2421150208, 198.815032959, 19.9986343384, 28.6457462311, 48.7570610046, 13.5796537399, 31.711605072, 20.8638916016, 35.3885650635, -31.0771121979], [57.9340057373, -95.059135437, 3.18679332733, 28.5338191986, 19.9986343384, 128.539901733, 50.4901123047, 51.6848564148, 17.2990913391, 17.6938381195, 6.16676044464, 4.72371912003, 14.2878475189], [-26.2010269165, 34.6056518555, -51.5556678772, -1.39886534214, 28.6457462311, 50.4901123047, 113.847160339, 37.0967597961, 47.295589447, 8.8850069046, 11.1168642044, -12.0469388962, 13.0957956314], [35.1212158203, -88.9036712646, 18.5148582458, -43.3632316589, 48.7570610046, 51.6848564148, 37.0967597961, 119.486106873, 23.6592922211, 51.3316497803, -13.3046350479, 11.8822841644, -13.3749399185], [-74.1803817749, 74.5667800903, -37.5934524536, 34.7863006592, 13.5796537399, 17.2990913391, 47.295589447, 23.6592922211, 97.6482925415, 16.0836391449, 34.6930198669, -21.7368450165, 7.88515424728], [82.8105545044, -80.3028106689, 15.7891530991, -19.6071853638, 31.711605072, 17.6938381195, 8.8850069046, 51.3316497803, 16.0836391449, 78.5582275391, 2.74379324913, 17.0718669891, -20.9092922211], [-78.0190963745, 97.8318405151, -39.6804962158, 46.1405677795, 20.8638916016, 6.16676044464, 11.1168642044, -13.3046350479, 34.6930198669, 2.74379324913, 87.3838577271, 4.14678525925, 25.9407539368], [4.7097158432, -40.6993408203, 57.587436676, -12.8504238129, 35.3885650635, 4.72371912003, -12.0469388962, 11.8822841644, -21.7368450165, 17.0718669891, 4.14678525925, 71.8871383667, -3.33947825432], [-41.0547676086, 48.2972297668, -27.9145469666, 19.7544956207, -31.0771121979, 14.2878475189, 13.0957956314, -13.3749399185, 7.88515424728, -20.9092922211, 25.9407539368, -3.33947825432, 63.9299736023]],
        "icov": [[0.0028662532568, 0.00190589646809, 0.000245163100772, -0.000564784742892, 0.00136030372232, 0.000101154648291, -0.000932635448407, 0.000794883409981, 0.00162982195616, -0.00255831400864, -7.12036635377e-05, 0.000767360150348, 0.000709594751243], [0.00190589646809, 0.0127393752337, -0.00449699582532, 0.00334705156274, -0.00483774067834, 0.00913587212563, -0.00578948110342, 0.00581936212257, -0.00605048565194, 0.0080523211509, -0.0109229506925, 0.00778564158827, -0.00516937300563], [0.000245163100772, -0.00449699582532, 0.00937338732183, -0.00448396569118, 0.00160116085317, -0.00366126280278, 0.00497688166797, -0.00382145820186, 0.00315478164703, -0.00406797323376, 0.00891164131463, -0.00840744469315, 0.00303593697026], [-0.000564784742892, 0.00334705156274, -0.00448396569118, 0.0131198754534, -0.00511391973123, -0.00218669441529, 0.000930525420699, 0.00858169980347, -0.00735321035609, 0.00443798210472, -0.00705376220867, 0.00622322037816, -0.00374996685423], [0.00136030372232, -0.00483774067834, 0.00160116085317, -0.00511391973123, 0.0120809478685, -0.00274029304273, -0.00127406988759, -0.00648671016097, 0.00622919900343, -0.00554897682741, 0.00204107863829, -0.00645726826042, 0.00844799447805], [0.000101154648291, 0.00913587212563, -0.00366126280278, -0.00218669441529, -0.00274029304273, 0.0207208059728, -0.00963892880827, -0.00298850890249, -0.00208159303293, 0.00701396120712, -0.00846177432686, 0.00448093842715, -0.00615530088544], [-0.000932635448407, -0.00578948110342, 0.00497688166797, 0.000930525420699, -0.00127406988759, -0.00963892880827, 0.0190975964069, -0.00274267420173, -0.00452689779922, -0.00219462485984, 0.00782438367605, -0.00345928687602, -0.000805560906883], [0.000794883409981, 0.00581936212257, -0.00382145820186, 0.00858169980347, -0.00648671016097, -0.00298850890249, -0.00274267420173, 0.0231061335653, -0.00830569025129, -0.00407040538266, -0.0019224534044, 0.00530369160697, -0.00454546045512], [0.00162982195616, -0.00605048565194, 0.00315478164703, -0.00735321035609, 0.00622919900343, -0.00208159303293, -0.00452689779922, -0.00830569025129, 0.0248895213008, -0.010252029635, 0.000321675062878, 0.00050452305004, 0.00542310671881], [-0.00255831400864, 0.0080523211509, -0.00406797323376, 0.00443798210472, -0.00554897682741, 0.00701396120712, -0.00219462485984, -0.00407040538266, -0.010252029635, 0.0316651389003, -0.0123420357704, 0.00150066753849, 0.00116665952373], [-7.12036635377e-05, -0.0109229506925, 0.00891164131463, -0.00705376220867, 0.00204107863829, -0.00846177432686, 0.00782438367605, -0.0019224534044, 0.000321675062878, -0.0123420357704, 0.0317762009799, -0.0123179880902, -0.00245814048685], [0.000767360150348, 0.00778564158827, -0.00840744469315, 0.00622322037816, -0.00645726826042, 0.00448093842715, -0.00345928687602, 0.00530369160697, 0.00050452305004, 0.00150066753849, -0.0123179880902, 0.0277518685907, -0.00642876746133], [0.000709594751243, -0.00516937300563, 0.00303593697026, -0.00374996685423, 0.00844799447805, -0.00615530088544, -0.000805560906883, -0.00454546045512, 0.00542310671881, 0.00116665952373, -0.00245814048685, -0.00642876746133, 0.0275581683964]]
    },
    "melbands": {
        "dmean": [0.00143376062624, 0.000953733164351, 0.000725364719983, 0.00114079785999, 0.000169955572346, 0.000145322483149, 0.000117355630209, 0.000171324820258, 0.000156523208716, 0.000221199647058, 0.000123072328279, 0.000168759666849, 0.000117164876428, 4.69093574793e-05, 8.57562481542e-05, 9.84739672276e-05, 7.32380794943e-05, 6.02901054663e-05, 4.21969525632e-05, 4.07329498557e-05, 2.69878128165e-05, 2.08630190173e-05, 1.86580109585e-05, 1.43174711411e-05, 1.15025522973e-05, 1.00977113107e-05, 7.0201640483e-06, 5.61683918932e-06, 5.03717365063e-06, 4.71301746074e-06, 2.61402146862e-06, 1.97816302716e-06, 1.60402487381e-06, 1.2527113995e-06, 9.91093088487e-07, 7.22416189092e-07, 5.88622697251e-07, 5.54312237e-07, 3.64170603007e-07, 3.05792582367e-07],
        "dmean2": [0.00253488076851, 0.00165144959465, 0.00123166141566, 0.00198346865363, 0.000282956636511, 0.000252760044532, 0.000205682357773, 0.000278150633676, 0.000243190661422, 0.000342783081578, 0.000191112572793, 0.00027046201285, 0.000182087445864, 7.42485062801e-05, 0.000139746800414, 0.000162287964486, 0.000117280469567, 0.000100303419458, 7.11873217369e-05, 6.79483055137e-05, 4.59102739114e-05, 3.50634036295e-05, 3.13297605317e-05, 2.46084273385e-05, 1.89963611774e-05, 1.68827482412e-05, 1.16653145597e-05, 9.17823945201e-06, 8.10932397144e-06, 7.56725921747e-06, 4.27272880188e-06, 3.31993169311e-06, 2.60849378719e-06, 2.10493203667e-06, 1.67663131379e-06, 1.17973002034e-06, 9.75993316388e-07, 9.06943171231e-07, 5.9954874132e-07, 5.17047567428e-07],
        "dvar": [9.26138909563e-06, 1.93440791918e-06, 1.74660499397e-06, 7.60002603784e-06, 1.41465761772e-07, 8.16455667518e-08, 4.86210964823e-08, 1.15282716706e-07, 5.22554053362e-08, 1.17015780177e-07, 4.9517538514e-08, 1.78406281748e-07, 2.83265109147e-08, 4.70993199997e-09, 1.6154555027e-08, 2.38695143651e-08, 9.08164121682e-09, 5.12732123426e-09, 1.93878868515e-09, 1.94700722211e-09, 7.75001396391e-10, 4.24417168077e-10, 3.59112795056e-10, 2.55192839083e-10, 1.33032543315e-10, 1.2907849789e-10, 8.30339200175e-11, 4.36533968695e-11, 4.02377506314e-11, 4.63209852419e-11, 9.78950774611e-12, 7.8214301355e-12, 3.99814166149e-12, 2.31730303349e-12, 1.47216928318e-12, 9.53266545561e-13, 6.21415137229e-13, 4.92697029009e-13, 2.71652871638e-13, 1.92427277996e-13],
        "dvar2": [2.64428254013e-05, 5.54761481908e-06, 4.68782172902e-06, 2.05399574043e-05, 3.10342670673e-07, 2.29848097888e-07, 1.38049585985e-07, 2.57344680676e-07, 1.15932863309e-07, 2.67756632866e-07, 1.16657012939e-07, 4.34483069967e-07, 6.678259723e-08, 1.00876187403e-08, 4.18542818181e-08, 6.04827974371e-08, 2.17357349896e-08, 1.39463143256e-08, 5.39378630648e-09, 5.32295274525e-09, 2.24830309925e-09, 1.16916742954e-09, 9.72494085261e-10, 7.09991676562e-10, 3.49741013927e-10, 3.61215640732e-10, 2.14860573777e-10, 1.12495006366e-10, 1.05499130265e-10, 1.02252276091e-10, 2.49668532376e-11, 1.92604526078e-11, 9.53526667347e-12, 6.34925575657e-12, 4.03288383591e-12, 2.43026822624e-12, 1.53525402027e-12, 1.1962275788e-12, 6.55113279163e-13, 5.08084947812e-13],
        "max": [0.0176365058869, 0.0102128125727, 0.00876229628921, 0.0171570125967, 0.00863475911319, 0.00222219387069, 0.00206239381805, 0.00496207270771, 0.00265253917314, 0.00428825709969, 0.00412931200117, 0.00777487782761, 0.00230981037021, 0.000869397714268, 0.00128191837575, 0.0018248592969, 0.00143992342055, 0.000924906518776, 0.000559335283469, 0.000509958714247, 0.000305751513224, 0.000203915042221, 0.000205463264138, 0.000184860778973, 0.000141798824188, 0.000123967518448, 0.000152536435053, 7.46644946048e-05, 8.03123475634e-05, 0.000123101257486, 4.0227027057e-05, 5.12470141985e-05, 3.89214765164e-05, 1.58761522471e-05, 1.30032594825e-05, 1.89827533177e-05, 1.45341464304e-05, 1.12784509838e-05, 9.95596838038e-06, 6.6805341703e-06],
        "mean": [0.00134983973112, 0.00143491663039, 0.000928420922719, 0.000988719402812, 0.00025168331922, 0.000190215811017, 0.000158379349159, 0.000288737093797, 0.000353363866452, 0.000479564594571, 0.000218730958295, 0.000331842369633, 0.000217481516302, 8.97718637134e-05, 0.000149170897203, 0.000168566519278, 0.000135395224788, 0.00011209693912, 8.58001585584e-05, 8.43852176331e-05, 5.67993993172e-05, 4.57428941445e-05, 3.96919895138e-05, 3.02439057123e-05, 2.67097948381e-05, 2.25859075726e-05, 1.53848013724e-05, 1.15354459922e-05, 1.02435533336e-05, 9.63931324804e-06, 5.17370881425e-06, 3.74161004402e-06, 3.06799438476e-06, 2.38598227043e-06, 1.79743028639e-06, 1.45065257584e-06, 1.15232251119e-06, 9.57517386269e-07, 5.98188591994e-07, 4.43475983047e-07],
        "median": [0.000458298018202, 0.00101819646079, 0.000542611465789, 0.000306758127408, 0.00015091719979, 0.000118217540148, 9.46116851992e-05, 0.000103252510598, 0.000148494087625, 0.000153632528963, 0.00010313513485, 0.000108754429675, 0.000108992469904, 5.68489886064e-05, 8.45133763505e-05, 0.000101363555586, 8.94539844012e-05, 8.53075325722e-05, 7.46377991163e-05, 6.81766541675e-05, 4.9626785767e-05, 4.03603517043e-05, 3.3904263546e-05, 2.56483544945e-05, 2.36652049352e-05, 1.91879244085e-05, 1.28225892695e-05, 9.65153958532e-06, 7.87441695138e-06, 6.93270840202e-06, 4.02487330575e-06, 2.86255203719e-06, 2.23262736654e-06, 1.78591642452e-06, 1.36110679705e-06, 1.07945436412e-06, 8.54411894124e-07, 6.70400709168e-07, 4.25018725991e-07, 3.02089176785e-07],
        "min": [1.28046513055e-05, 4.22063640144e-05, 2.22067756113e-05, 1.48199806063e-05, 4.81198412672e-06, 3.92748552258e-06, 1.93623100131e-06, 2.934789336e-06, 6.45348018224e-06, 8.11898644315e-06, 4.2506499085e-06, 6.58230783301e-06, 3.08001540361e-06, 3.66116842088e-06, 2.26635279432e-06, 1.99235000764e-06, 2.17863339458e-06, 4.88328078063e-06, 3.0247167615e-06, 3.27213501805e-06, 2.56690555034e-06, 2.59895887211e-06, 1.90953892343e-06, 1.03040054e-06, 9.45000351749e-07, 6.18231979388e-07, 2.0489785868e-07, 8.60700524186e-08, 6.45302478119e-08, 4.38357865562e-08, 1.76055037215e-09, 1.00327461894e-08, 1.00107806489e-08, 3.76969966354e-09, 3.61422364259e-10, 7.17601589262e-10, 4.5632036344e-11, 2.55150969797e-11, 6.64544938175e-12, 3.47762590209e-13],
