{
"highlevel": {
    "danceability": {
        "all": {
            "danceable": 0.958916962147,
            "not_danceable": 0.0410830304027
        },
        "probability": 0.958916962147,
        "value": "danceable"
    },
    "gender": {
        "all": {
            "female": 0.989319264889,
            "male": 0.010680728592
        },
        "probability": 0.989319264889,
        "value": "female"
    },
    "genre_dortmund": {
        "all": {
            "alternative": 0.0320066846907,
            "blues": 0.235561266541,
            "electronic": 0.0242099203169,
            "folkcountry": 0.12077677995,
            "funksoulrnb": 0.0930357277393,
            "jazz": 0.275042235851,
            "pop": 0.106213748455,
            "raphiphop": 0.0508959330618,
            "rock": 0.0622576959431
        },
        "probability": 0.275042235851,
        "value": "jazz"
    },
    "genre_electronic": {
        "all": {
            "ambient": 0.610346376896,
            "dnb": 0.183258220553,
            "house": 0.124122984707,
            "techno": 0.00902926176786,
            "trance": 0.0732431709766
        },
        "probability": 0.610346376896,
        "value": "ambient"
    },
    "genre_rosamerica": {
        "all": {
            "cla": 0.0128403250128,
            "dan": 0.0152360713109,
            "hip": 0.0206957329065,
            "jaz": 0.0986912250519,
            "pop": 0.58260756731,
            "rhy": 0.208602562547,
            "roc": 0.057788785547,
            "spe": 0.0035377079621
        },
        "probability": 0.58260756731,
        "value": "pop"
    },
    "genre_tzanetakis": {
        "all": {
            "blu": 0.0626613423228,
            "cla": 0.0348169617355,
            "cou": 0.104475811124,
            "dis": 0.0784321576357,
            "hip": 0.15692435205,
            "jaz": 0.313974827528,
            "met": 0.0448166541755,
            "pop": 0.0627359300852,
            "reg": 0.0627360641956,
            "roc": 0.0784258767962
        },
        "probability": 0.313974827528,
        "value": "jaz"
    },
    "ismir04_rhythm": {
        "all": {
            "ChaChaCha": 0.0466126129031,
            "Jive": 0.17421258986,
            "Quickstep": 0.340083092451,
            "Rumba-American": 0.0143607389182,
            "Rumba-International": 0.0190525725484,
            "Rumba-Misc": 0.00534579250962,
            "Samba": 0.366468757391,
            "Tango": 0.0111573878676,
            "VienneseWaltz": 0.0175566338003,
            "Waltz": 0.0051498292014
        },
        "probability": 0.366468757391,
        "value": "Samba"
    },
    "mood_acoustic": {
        "all": {
            "acoustic": 0.123053461313,
            "not_acoustic": 0.876946568489
        },
        "probability": 0.876946568489,
        "value": "not_acoustic"
    },
    "mood_aggressive": {
        "all": {
            "aggressive": 0.245240420103,
            "not_aggressive": 0.754759609699
        },
        "probability": 0.754759609699,
        "value": "not_aggressive"
    },
    "mood_electronic": {
        "all": {
            "electronic": 0.421981960535,
            "not_electronic": 0.578018009663
        },
        "probability": 0.578018009663,
        "value": "not_electronic"
    },
    "mood_happy": {
        "all": {
            "happy": 0.859639048576,
            "not_happy": 0.140360951424
        },
        "probability": 0.859639048576,
        "value": "happy"
    },
    "mood_party": {
        "all": {
            "not_party": 0.366214483976,
            "party": 0.633785486221
        },
        "probability": 0.633785486221,
        "value": "party"
    },
    "mood_relaxed": {
        "all": {
            "not_relaxed": 0.840290427208,
            "relaxed": 0.159709572792
        },
        "probability": 0.840290427208,
        "value": "not_relaxed"
    },
    "mood_sad": {
        "all": {
            "not_sad": 0.707626104355,
            "sad": 0.292373895645
        },
        "probability": 0.707626104355,
        "value": "not_sad"
    },
    "moods_mirex": {
        "all": {
            "Cluster1": 0.221384629607,
            "Cluster2": 0.283531606197,
            "Cluster3": 0.103988930583,
            "Cluster4": 0.221364051104,
            "Cluster5": 0.169730812311
        },
        "probability": 0.283531606197,
        "value": "Cluster2"
    },
    "timbre": {
        "all": {
            "bright": 0.803568184376,
            "dark": 0.196431785822
        },
        "probability": 0.803568184376,
        "value": "bright"
    },
    "tonal_atonal": {
        "all": {
            "atonal": 0.128809869289,
            "tonal": 0.871190130711
        },
        "probability": 0.871190130711,
        "value": "tonal"
    },
    "voice_instrumental": {
        "all": {
            "instrumental": 0.216661095619,
            "voice": 0.783338904381
        },
        "probability": 0.783338904381,
        "value": "voice"
    }
},
"lowlevel": {
    "average_loudness": 0.974209070206,
    "barkbands_crest": {
        "dmean": 2.71773862839,
        "dmean2": 4.30995798111,
        "dvar": 6.72863149643,
        "dvar2": 15.9280395508,
        "max": 24.4562835693,
        "mean": 9.58834838867,
        "median": 8.92837047577,
        "min": 2.37924695015,
        "var": 17.0337753296
    },
    "barkbands_flatness_db": {
        "dmean": 0.0258961580694,
        "dmean2": 0.0375427417457,
        "dvar": 0.000693258538377,
        "dvar2": 0.00135875167325,
        "max": 0.379115432501,
        "mean": 0.143370866776,
        "median": 0.135426416993,
        "min": 0.040899630636,
        "var": 0.00265722931363
    },
    "barkbands_kurtosis": {
        "dmean": 2.2100789547,
        "dmean2": 3.30934309959,
        "dvar": 18.1426181793,
        "dvar2": 37.8434944153,
        "max": 70.3801040649,
        "mean": 2.39904117584,
        "median": 0.503286600113,
        "min": -1.77633154392,
        "var": 34.5082397461
    },
    "barkbands_skewness": {
        "dmean": 0.54879784584,
        "dmean2": 0.796931087971,
        "dvar": 0.346301019192,
        "dvar2": 0.674484074116,
        "max": 6.89133501053,
        "mean": 1.08180260658,
        "median": 0.890167534351,
        "min": -4.87892007828,
        "var": 1.4322963953
    },
    "barkbands_spread": {
        "dmean": 6.97654151917,
        "dmean2": 10.8384523392,
        "dvar": 67.2803115845,
        "dvar2": 145.20954895,
        "max": 78.7132034302,
        "mean": 24.6706752777,
        "median": 22.8530330658,
        "min": 2.41078901291,
        "var": 159.176681519
    },
    "dissonance": {
        "dmean": 0.0200533755124,
        "dmean2": 0.0327929593623,
        "dvar": 0.000346308603184,
        "dvar2": 0.00083831534721,
        "max": 0.499847829342,
        "mean": 0.460313975811,
        "median": 0.465722352266,
        "min": 0.191474229097,
        "var": 0.000941434002016
    },
    "dynamic_complexity": 2.06571817398,
    "erbbands_crest": {
        "dmean": 3.20809102058,
        "dmean2": 5.37003564835,
        "dvar": 8.3056306839,
        "dvar2": 20.4825534821,
        "max": 28.3139266968,
        "mean": 9.66722774506,
        "median": 8.76907062531,
        "min": 2.61263036728,
        "var": 18.3163528442
    },
    "erbbands_flatness_db": {
        "dmean": 0.0208365954459,
        "dmean2": 0.0315410085022,
        "dvar": 0.00040940893814,
        "dvar2": 0.000834236096125,
        "max": 0.409795582294,
        "mean": 0.171592146158,
        "median": 0.16634234786,
        "min": 0.0507592521608,
        "var": 0.00238706544042
    },
    "erbbands_kurtosis": {
        "dmean": 0.90020185709,
        "dmean2": 1.44235289097,
        "dvar": 1.19499838352,
        "dvar2": 2.93093085289,
        "max": 11.194524765,
        "mean": 0.270404845476,
        "median": -0.133280754089,
        "min": -1.67209768295,
        "var": 2.70168423653
    },
    "erbbands_skewness": {
        "dmean": 0.392708599567,
        "dmean2": 0.604362308979,
        "dvar": 0.133695721626,
        "dvar2": 0.302495628595,
        "max": 2.82127213478,
        "mean": 0.247155234218,
        "median": 0.295438706875,
        "min": -3.03044319153,
        "var": 0.428594201803
    },
    "erbbands_spread": {
        "dmean": 9.25970172882,
        "dmean2": 14.0641040802,
        "dvar": 101.33921814,
        "dvar2": 199.051818848,
        "max": 136.430938721,
        "mean": 36.4222755432,
        "median": 33.2797584534,
        "min": 5.16025018692,
        "var": 340.771850586
    },
    "hfc": {
        "dmean": 11.1812582016,
        "dmean2": 16.1855258942,
        "dvar": 173.504196167,
        "dvar2": 354.372924805,
        "max": 102.758163452,
        "mean": 26.2308578491,
        "median": 21.6758975983,
        "min": 0.0566115602851,
        "var": 378.377410889
    },
    "melbands_crest": {
        "dmean": 3.67767763138,
        "dmean2": 5.5672211647,
        "dvar": 11.9132347107,
        "dvar2": 25.7200241089,
        "max": 32.8332366943,
        "mean": 15.1104879379,
        "median": 14.3042182922,
        "min": 3.99823021889,
        "var": 40.5742683411
    },
    "melbands_flatness_db": {
        "dmean": 0.0302466899157,
        "dmean2": 0.042284630239,
        "dvar": 0.000942927552387,
        "dvar2": 0.00180699070916,
        "max": 0.416057914495,
        "mean": 0.170351952314,
        "median": 0.163512736559,
        "min": 0.0293863434345,
        "var": 0.00396044133231
    },
    "melbands_kurtosis": {
        "dmean": 6.00083780289,
        "dmean2": 8.71723842621,
        "dvar": 163.246704102,
        "dvar2": 289.265808105,
        "max": 264.379608154,
        "mean": 9.77714443207,
        "median": 3.77911901474,
        "min": -1.88453650475,
        "var": 375.390960693
    },
    "melbands_skewness": {
        "dmean": 0.745733082294,
        "dmean2": 1.07688474655,
        "dvar": 0.657285928726,
        "dvar2": 1.19120240211,
        "max": 13.1665735245,
        "mean": 2.10715985298,
        "median": 1.74814319611,
        "min": -1.88820958138,
        "var": 2.89066958427
    },
    "melbands_spread": {
        "dmean": 9.41406345367,
        "dmean2": 13.9616956711,
        "dvar": 150.718185425,
        "dvar2": 306.03012085,
        "max": 232.907424927,
        "mean": 30.8940658569,
        "median": 27.4144458771,
        "min": 1.48551726341,
        "var": 508.201812744
    },
    "pitch_salience": {
        "dmean": 0.0790183618665,
        "dmean2": 0.118599325418,
        "dvar": 0.00560609064996,
        "dvar2": 0.0131109161302,
        "max": 0.894473135471,
        "mean": 0.516640424728,
        "median": 0.516788423061,
        "min": 0.135171771049,
        "var": 0.0163027718663
    },
    "silence_rate_20dB": {
        "dmean": 0,
        "dmean2": 0,
        "dvar": 0,
        "dvar2": 0,
        "max": 1,
        "mean": 1,
        "median": 1,
        "min": 1,
        "var": 0
    },
    "silence_rate_30dB": {
        "dmean": 0,
        "dmean2": 0,
        "dvar": 0,
        "dvar2": 0,
        "max": 1,
        "mean": 1,
        "median": 1,
        "min": 1,
        "var": 0
    },
    "silence_rate_60dB": {
        "dmean": 0.0232198145241,
        "dmean2": 0.0464756004512,
        "dvar": 0.0226804632694,
        "dvar2": 0.0489624887705,
        "max": 1,
        "mean": 0.039443153888,
        "median": 0,
        "min": 0,
        "var": 0.0378874316812
    },
    "spectral_centroid": {
        "dmean": 314.795532227,
        "dmean2": 466.902496338,
        "dvar": 118860.359375,
        "dvar2": 232500.890625,
        "max": 6837.33105469,
        "mean": 1700.83911133,
        "median": 1679.52392578,
        "min": 280.551605225,
        "var": 418174.5625
    },
    "spectral_complexity": {
        "dmean": 5.65789461136,
        "dmean2": 7.95274972916,
        "dvar": 42.1196250916,
        "dvar2": 74.9113311768,
        "max": 54,
        "mean": 20.4369678497,
        "median": 19,
        "min": 0,
        "var": 130.889266968
    },
    "spectral_decrease": {
        "dmean": 1.6811659842e-09,
        "dmean2": 2.38750530457e-09,
        "dvar": 3.25146480142e-18,
        "dvar2": 6.48200317411e-18,
        "max": -2.05645812879e-11,
        "mean": -5.97331784036e-09,
        "median": -5.51552714612e-09,
        "min": -1.6891592125e-08,
        "var": 1.21400401595e-17
    },
    "spectral_energy": {
        "dmean": 0.00711287278682,
        "dmean2": 0.0101105654612,
        "dvar": 5.98209189775e-05,
        "dvar2": 0.000118409887364,
        "max": 0.0696249902248,
        "mean": 0.0249239038676,
        "median": 0.02327112481,
        "min": 8.27502735774e-05,
        "var": 0.000204836454941
    },
    "spectral_energyband_high": {
        "dmean": 0.000649854948279,
        "dmean2": 0.00100125418976,
        "dvar": 8.30866440538e-07,
        "dvar2": 1.85507428796e-06,
        "max": 0.00699905119836,
        "mean": 0.00104665209074,
        "median": 0.000659634359181,
        "min": 2.83993614403e-07,
        "var": 1.25101689719e-06
    },
    "spectral_energyband_low": {
        "dmean": 0.00216881884262,
        "dmean2": 0.00302818696946,
        "dvar": 1.29857708089e-05,
        "dvar2": 2.5964976885e-05,
        "max": 0.0396863669157,
        "mean": 0.00685227336362,
        "median": 0.00200924184173,
        "min": 2.77713834151e-08,
        "var": 8.67233975441e-05
    },
    "spectral_energyband_middle_high": {
        "dmean": 0.00389499077573,
        "dmean2": 0.00566305126995,
        "dvar": 2.4436851163e-05,
        "dvar2": 4.89635058329e-05,
        "max": 0.0449825190008,
        "mean": 0.00844880193472,
        "median": 0.00601586373523,
        "min": 1.81344148587e-05,
        "var": 6.44300016575e-05
    },
    "spectral_energyband_middle_low": {
        "dmean": 0.00411268463358,
        "dmean2": 0.00608049659058,
        "dvar": 2.24192554015e-05,
        "dvar2": 5.16840191267e-05,
        "max": 0.044647898525,
        "mean": 0.00919238757342,
        "median": 0.00780128128827,
        "min": 1.54857498273e-05,
        "var": 4.53414832009e-05
    },
    "spectral_entropy": {
        "dmean": 0.21079851687,
        "dmean2": 0.295021116734,
        "dvar": 0.0454327389598,
        "dvar2": 0.0861148685217,
        "max": 8.82408809662,
        "mean": 7.61852741241,
        "median": 7.62585449219,
        "min": 5.95937156677,
        "var": 0.158950343728
    },
    "spectral_flux": {
        "dmean": 0.0259048305452,
        "dmean2": 0.0389909595251,
        "dvar": 0.000679443764966,
        "dvar2": 0.00140866963193,
        "max": 0.230233117938,
        "mean": 0.0890763700008,
        "median": 0.0857794508338,
        "min": 0.00690334942192,
        "var": 0.00162644125521
    },
    "spectral_kurtosis": {
        "dmean": 1.37623608112,
        "dmean2": 2.23250746727,
        "dvar": 1.89499855042,
        "dvar2": 4.87332296371,
        "max": 24.6233901978,
        "mean": 4.0120973587,
        "median": 3.64846420288,
        "min": -1.07438611984,
        "var": 5.05821418762
    },
    "spectral_rms": {
        "dmean": 0.000733383698389,
        "dmean2": 0.00102139660157,
        "dvar": 5.70806776068e-07,
        "dvar2": 1.03218758341e-06,
        "max": 0.00824177265167,
        "mean": 0.00467923050746,
        "median": 0.00476482277736,
        "min": 0.00028413371183,
        "var": 2.42077771873e-06
    },
    "spectral_rolloff": {
        "dmean": 691.529968262,
        "dmean2": 1131.40380859,
        "dvar": 1438178.25,
        "dvar2": 3087020,
        "max": 12252.3925781,
        "mean": 2003.85595703,
        "median": 1701.12304688,
        "min": 64.599609375,
        "var": 2955339.75
    },
    "spectral_skewness": {
        "dmean": 0.20806157589,
        "dmean2": 0.320613503456,
        "dvar": 0.0358979515731,
        "dvar2": 0.0799692422152,
        "max": 4.21712636948,
        "mean": 1.4550088644,
        "median": 1.42631900311,
        "min": -0.186259672046,
        "var": 0.142116740346
    },
    "spectral_spread": {
        "dmean": 753841.25,
        "dmean2": 1123603,
        "dvar": 933156552704,
        "dvar2": 1.91021436109e+12,
        "max": 15193976,
        "mean": 4630661,
        "median": 4275055.5,
        "min": 1975164.875,
        "var": 2.41633486438e+12
    },
    "spectral_strongpeak": {
        "dmean": 0.750652253628,
        "dmean2": 1.26754033566,
        "dvar": 1.27406907082,
        "dvar2": 3.20940804482,
        "max": 9.93410205841,
        "mean": 1.25887906551,
        "median": 0.662839055061,
        "min": 0.0205593947321,
        "var": 1.85107350349
    },
    "zerocrossingrate": {
        "dmean": 0.0147126847878,
        "dmean2": 0.0169593580067,
        "dvar": 0.000367571308743,
        "dvar2": 0.00040961211198,
        "max": 0.4375,
        "mean": 0.0750151798129,
        "median": 0.06982421875,
        "min": 0.00732421875,
        "var": 0.00195387471467
    },
    "barkbands": {
        "dmean": [5.66345443076e-05, 0.00153852580115, 0.000776988628786, 0.000299569219351, 0.000677494332194, 0.00146598671563, 0.000959751137998, 0.00129855680279, 0.00119267008267, 0.00111007830128, 0.000521836685948, 0.000736941932701, 0.00085915211821, 0.000685857201461, 0.000902857398614, 0.000502607726958, 0.000435689551523, 0.000323839543853, 0.000330247392412, 0.000275662518106, 0.000150819076225, 9.73675341811e-05, 0.000123604550026, 0.000116133007396, 0.000114006688818, 5.04472009197e-05, 4.89759628408e-08],
        "dmean2": [8.61415828695e-05, 0.00211636465974, 0.00116426998284, 0.000435929076048, 0.00100034964271, 0.00225681089796, 0.00160300778225, 0.0019896349404, 0.00187366991304, 0.00167135545053, 0.00079571508104, 0.00111936638132, 0.0013727719197, 0.00105735461693, 0.0014564312296, 0.000815745559521, 0.000699234718923, 0.000514629238751, 0.000537355430424, 0.00041963221156, 0.000236330059124, 0.000151118729264, 0.000200139867957, 0.00018288566207, 0.000182324642083, 8.46402617753e-05, 8.59932853814e-08],
        "dvar": [2.34989165904e-08, 8.09279390523e-06, 2.2089320737e-06, 6.25782035968e-07, 1.08636493223e-06, 5.16455793331e-06, 6.79606046106e-06, 4.02933164878e-06, 3.47657555722e-06, 5.55880023967e-06, 6.80831135469e-07, 1.48283265844e-06, 2.23881852435e-06, 2.20455990529e-06, 4.12566942032e-06, 1.03584443423e-06, 8.12319171928e-07, 3.09369852403e-07, 2.09849503108e-07, 1.56224487569e-07, 4.55115625186e-08, 2.5759925748e-08, 3.97320043533e-08, 3.73004063192e-08, 4.59617410797e-08, 1.03709751897e-08, 2.36451517274e-14],
        "dvar2": [5.09961850526e-08, 1.60386989592e-05, 5.13237910127e-06, 1.24379585031e-06, 2.44422494688e-06, 1.29369591377e-05, 1.79382186616e-05, 9.00991381059e-06, 7.9312840171e-06, 1.26926743178e-05, 1.49318020704e-06, 3.1590020626e-06, 5.48834896108e-06, 4.9186569413e-06, 1.03775164462e-05, 2.58426098299e-06, 2.06640288525e-06, 7.09092716988e-07, 4.68239505835e-07, 3.65246847878e-07, 1.0397714334e-07, 6.264669139e-08, 9.51161069906e-08, 8.63125464434e-08, 1.10275166776e-07, 2.61245070021e-08, 6.40357450225e-14],
        "max": [0.00196856656112, 0.0310363676399, 0.0192805640399, 0.010278579779, 0.0128870960325, 0.0241876728833, 0.0235964544117, 0.0192153565586, 0.0160951018333, 0.0278275366873, 0.011138856411, 0.0136327901855, 0.0174240879714, 0.0165249314159, 0.0284593962133, 0.0112401619554, 0.0143658574671, 0.00612137047574, 0.00521513866261, 0.00435534818098, 0.0019732483197, 0.0013813318219, 0.00166098412592, 0.00158580369316, 0.00324649969116, 0.000879904837348, 1.66560118942e-06],
        "mean": [7.41740150261e-05, 0.00409220298752, 0.00245369761251, 0.000442597782239, 0.00112662906758, 0.00239042937756, 0.0010599012021, 0.00193792046048, 0.00162108475342, 0.00142502575181, 0.000734624452889, 0.000977047369815, 0.00118252611719, 0.00079011003254, 0.00111743318848, 0.000660003977828, 0.00052265683189, 0.000443903205451, 0.000561072141863, 0.000457269372419, 0.000267197407084, 0.000128106912598, 0.00015162373893, 0.000135406706249, 0.000122653480503, 4.85735836264e-05, 3.40980683688e-08],
        "median": [4.05416176363e-06, 0.000929640606046, 0.000549733114894, 6.5240143158e-05, 0.000649991095997, 0.00125431921333, 0.000228663251619, 0.000571371929254, 0.000645774882287, 0.000320427585393, 0.00024585716892, 0.000259659544099, 0.000388329295674, 0.000175006571226, 0.000283987610601, 0.000215695632505, 0.00014992657816, 0.000153347704327, 0.000343604770023, 0.000237178479438, 0.000159816045198, 4.42999044026e-05, 6.01031897531e-05, 5.69959629502e-05, 4.14425121562e-05, 1.18249972729e-05, 1.02081409992e-09],
        "min": [7.974742533e-10, 1.09461133491e-08, 3.19723608699e-10, 7.72198971433e-10, 1.74004114228e-07, 6.38078688553e-07, 8.13478607142e-07, 6.37703635675e-07, 5.95280425841e-07, 9.30063890792e-07, 3.94521435965e-07, 1.106157697e-06, 5.77360367515e-07, 7.11295854217e-07, 4.91161529226e-07, 1.38059931487e-06, 3.81117615689e-07, 9.12003429221e-07, 5.83066878335e-07, 2.96689790957e-07, 6.79700775663e-08, 2.1625831792e-08, 1.70551537337e-08, 4.79119055541e-09, 3.02338420965e-09, 1.88091747039e-11, 4.43391764277e-12],
        "var": [4.66760141649e-08, 4.0801220166e-05, 1.3005997971e-05, 1.42720489293e-06, 2.06699587579e-06, 9.48747674556e-06, 6.56947668176e-06, 8.50943069963e-06, 6.18232525085e-06, 7.84102758189e-06, 1.35791412958e-06, 2.72011152447e-06, 3.95059441871e-06, 2.935260909e-06, 5.53537256565e-06, 1.39102439789e-06, 1.01889440884e-06, 5.01849569901e-07, 4.33039474501e-07, 3.21234182366e-07, 8.75605934425e-08, 3.40095667184e-08, 4.9187022455e-08, 4.14391472248e-08, 5.74166136857e-08, 9.68666746815e-09, 1.60180452479e-14]
    },
    "erbbands": {
        "dmean": [0.0395469367504, 0.369888484478, 1.00529873371, 0.804329037666, 1.39785766602, 2.05500936508, 8.75616836548, 13.1393384933, 13.133055687, 15.4639263153, 30.3572311401, 30.8919467926, 36.0091018677, 22.7315502167, 22.5903434753, 32.5307044983, 37.3047103882, 32.7278251648, 57.4465332031, 26.1168041229, 25.7841472626, 21.7522144318, 17.6310310364, 18.0274047852, 15.5975370407, 12.0144538879, 8.10258483887, 4.45612239838, 3.38797259331, 3.27307534218, 3.47849678993, 3.00517439842, 1.75607407093, 1.42698168755, 0.701514899731, 0.325467526913, 0.0748713314533, 0.00469504762441, 0.000107278763608, 1.50586311065e-05],
        "dmean2": [0.0447396673262, 0.544261097908, 1.43542277813, 1.23999965191, 2.16557908058, 3.12196564674, 13.0467100143, 20.2757835388, 22.10222435, 24.3907642365, 46.5428695679, 48.023651123, 52.3960838318, 35.0661773682, 33.8895072937, 48.6276130676, 58.1989364624, 49.6906089783, 89.8098526001, 42.5950698853, 40.8323135376, 34.6236152649, 27.8619613647, 28.5932559967, 24.867805481, 18.2068634033, 12.3061876297, 7.04128646851, 5.27001714706, 5.161693573, 5.56440925598, 4.80018043518, 2.76478052139, 2.31676030159, 1.12657868862, 0.540265321732, 0.125003129244, 0.00806416757405, 0.000178968024557, 2.25424482778e-05],
        "dvar": [0.00989339966327, 0.459565907717, 3.51903009415, 4.214823246, 10.3504772186, 9.52665519714, 349.962493896, 395.585540771, 1179.28723145, 1023.41516113, 2259.80517578, 2406.62353516, 6439.28369141, 1750.94445801, 1308.33605957, 2746.76269531, 4496.24560547, 4143.86230469, 16233.3046875, 2363.93652344, 2664.35571289, 1883.3125, 1024.76599121, 639.610656738, 471.66027832, 296.834075928, 132.491195679, 44.8621864319, 32.8518180847, 29.0357513428, 30.2601680756, 26.9678153992, 7.73783779144, 7.32270097733, 1.86375248432, 0.375527530909, 0.0267478004098, 0.000123500722111, 5.02109820388e-08, 3.57455370859e-10],
        "dvar2": [0.0137442778796, 0.990740418434, 7.19826793671, 10.6036310196, 22.1944885254, 21.8020172119, 822.670410156, 961.237792969, 3208.04467773, 2376.88208008, 5013.43164062, 5379.31738281, 14429.3984375, 3894.5390625, 2840.79077148, 5990.296875, 11027.6943359, 9186.89160156, 40420.2890625, 6118.32128906, 6348.45751953, 4545.27050781, 2330.11230469, 1501.04626465, 1096.82873535, 721.537597656, 296.030334473, 104.549308777, 79.2892837524, 68.7128601074, 71.5896453857, 64.3790435791, 17.8673496246, 17.6321640015, 4.43199062347, 0.931094169617, 0.0684766843915, 0.00032487892895, 1.29530704385e-07, 8.38934033354e-10],
        "max": [1.50460362434, 7.9774389267, 26.7408638, 27.2188835144, 38.1091537476, 32.3297843933, 257.028564453, 267.781555176, 344.070831299, 342.230407715, 476.891723633, 465.888031006, 971.575012207, 569.55480957, 534.694274902, 606.911621094, 879.885925293, 683.842529297, 1675.66430664, 663.693725586, 546.967651367, 450.69152832, 330.486541748, 326.502227783, 243.071716309, 179.619491577, 125.003562927, 58.7248420715, 48.5395469666, 52.469833374, 42.0991363525, 40.5233001709, 25.5955028534, 34.9682846069, 23.2029476166, 6.28672170639, 1.38093137741, 0.122983895242, 0.00226546265185, 0.000144452962559],
        "mean": [0.0736303851008, 1.04963254929, 3.38683271408, 1.60527837276, 1.89807212353, 3.49915862083, 13.6264829636, 20.8298931122, 15.6656017303, 22.1885929108, 44.498462677, 45.2363433838, 43.8449745178, 33.1352386475, 36.0176010132, 46.9976425171, 53.5630073547, 44.0880889893, 73.3970565796, 34.2862854004, 35.2163505554, 26.5741996765, 23.7349033356, 30.11967659, 26.4290599823, 20.476480484, 14.7047605515, 7.33205604553, 4.69587469101, 4.23673725128, 4.26834917068, 3.27675580978, 2.09011244774, 1.52414429188, 0.7643045187, 0.32095220685, 0.0708814933896, 0.00409983610734, 0.000112363573862, 3.81924473913e-05],
        "median": [0.00989047065377, 0.247044697404, 0.661325871944, 0.614796876907, 0.388474136591, 2.02249741554, 4.92025995255, 10.2945623398, 5.37719154358, 6.47200489044, 15.7276363373, 19.6626281738, 11.1965446472, 12.1235523224, 14.9585151672, 16.2712554932, 19.3695068359, 17.3017654419, 17.709482193, 14.1100282669, 13.0168218613, 7.80763053894, 7.65405988693, 15.7017850876, 16.7620773315, 10.7195749283, 8.8594045639, 4.00305986404, 1.74173557758, 1.50870871544, 1.73652362823, 1.24416053295, 0.92797845602, 0.520958006382, 0.251702576876, 0.090705409646, 0.0151582509279, 0.000679066928569, 3.68945075024e-05, 3.36639022862e-05],
        "min": [6.89676198817e-07, 2.73351383839e-06, 3.62395894626e-06, 2.99664498016e-05, 0.000204629017389, 0.00146289751865, 0.0098090339452, 0.00241327797994, 0.0100174285471, 0.017542520538, 0.0249869041145, 0.0311357565224, 0.0317084230483, 0.0431836917996, 0.0944171249866, 0.0535248443484, 0.0402090847492, 0.0504741445184, 0.0313806757331, 0.0302050393075, 0.0988043993711, 0.0421786792576, 0.0552913993597, 0.0425290167332, 0.027292650193, 0.0151733197272, 0.00526260118932, 0.00178108457476, 0.000888110080268, 0.000416058901465, 0.000607917201705, 0.000209112316952, 2.68961830443e-05, 3.70662019122e-05, 2.02305163839e-05, 3.14870089824e-06, 5.25776158611e-07, 3.36469057061e-08, 4.58797870806e-08, 9.66115578649e-08],
        "var": [0.0306889880449, 2.6275370121, 25.6345920563, 8.7195110321, 15.0915222168, 18.1824131012, 575.661682129, 749.359008789, 1088.67260742, 2068.17797852, 4185.99365234, 4544.46289062, 8497.67871094, 3296.83251953, 3073.05249023, 5451.73144531, 8367.86230469, 5915.32666016, 23838.7011719, 2905.37597656, 3721.85913086, 2508.06567383, 1562.59863281, 1378.09899902, 866.694030762, 602.420715332, 281.638671875, 70.6106262207, 44.794631958, 36.5344619751, 38.8016052246, 28.1998596191, 9.34426021576, 8.59900856018, 2.36375498772, 0.396141946316, 0.0228825993836, 9.59205717663e-05, 4.22744008688e-08, 6.07033812106e-10]
    },
    "gfcc": {
        "mean": [8.72235012054, 70.2246627808, -138.815307617, 26.6149406433, -67.6033248901, 17.244682312, -41.5335540771, 17.0663490295, -27.0323467255, 11.7274446487, -10.4612121582, -3.32143187523, -8.19963264465],
        "cov": [[3662.97363281, -111.675186157, 248.511535645, 267.961669922, 122.689216614, 306.859558105, 245.879928589, 211.780258179, -76.0618438721, 81.7166213989, -150.59677124, -60.9888916016, -266.335998535], [-111.675186157, 1243.3223877, 166.084915161, 301.564666748, 288.1668396, 84.154586792, 314.479156494, -81.8363189697, 13.4399185181, -44.482460022, 149.515090942, -173.830154419, 69.7490158081], [248.511535645, 166.084915161, 972.859008789, 421.160705566, 118.003967285, 137.239196777, 85.2286148071, 53.0207710266, -60.7061920166, 56.427230835, -38.2700042725, 36.3606796265, -51.3842811584], [267.961669922, 301.564666748, 421.160705566, 670.935546875, 233.866348267, 56.6603927612, 119.154800415, 67.2749481201, 58.2516975403, -29.0059318542, -20.7805194855, -23.1403503418, -6.04593467712], [122.689216614, 288.1668396, 118.003967285, 233.866348267, 383.649688721, 112.224014282, 136.725143433, 57.956451416, 14.7875900269, 18.5502471924, -14.6073932648, -21.75872612, -28.1181488037], [306.859558105, 84.154586792, 137.239196777, 56.6603927612, 112.224014282, 271.766265869, 190.545303345, 45.2901878357, -29.5802230835, 24.0374069214, 1.55335617065, -58.6606521606, -51.8333969116], [245.879928589, 314.479156494, 85.2286148071, 119.154800415, 136.725143433, 190.545303345, 333.635101318, 75.9335708618, -18.9378395081, 29.4830570221, 41.9388809204, -70.6545028687, -20.7708568573], [211.780258179, -81.8363189697, 53.0207710266, 67.2749481201, 57.956451416, 45.2901878357, 75.9335708618, 193.691986084, 53.5766029358, 28.0684432983, -8.23037624359, -4.5320391655, -22.9384155273], [-76.0618438721, 13.4399185181, -60.7061920166, 58.2516975403, 14.7875900269, -29.5802230835, -18.9378395081, 53.5766029358, 159.687606812, 5.31923675537, 0.652041614056, 24.6249027252, 15.651468277], [81.7166213989, -44.482460022, 56.427230835, -29.0059318542, 18.5502471924, 24.0374069214, 29.4830570221, 28.0684432983, 5.31923675537, 114.451179504, 32.7875442505, 14.3263998032, 8.08999443054], [-150.59677124, 149.515090942, -38.2700042725, -20.7805194855, -14.6073932648, 1.55335617065, 41.9388809204, -8.23037624359, 0.652041614056, 32.7875442505, 133.084625244, -14.4547653198, 46.5909729004], [-60.9888916016, -173.830154419, 36.3606796265, -23.1403503418, -21.75872612, -58.6606521606, -70.6545028687, -4.5320391655, 24.6249027252, 14.3263998032, -14.4547653198, 151.234283447, 30.1553936005], [-266.335998535, 69.7490158081, -51.3842811584, -6.04593467712, -28.1181488037, -51.8333969116, -20.7708568573, -22.9384155273, 15.651468277, 8.08999443054, 46.5909729004, 30.1553936005, 141.513946533]],
        "icov": [[0.000424937024945, -0.000317166006425, 0.000328442954924, -0.000420188473072, 0.000485702039441, -0.000597267178819, 0.000297426217003, -0.000618025427684, 0.000620557111688, -0.000786585267633, 0.000674336275551, -0.000486762932269, 0.000736646354198], [-0.000317166006425, 0.00368782901205, -0.00169863807969, 0.00103552592918, -0.0029597482644, 0.00305006303824, -0.003873557318, 0.00369806028903, -0.00285812420771, 0.00345739140175, -0.00344315893017, 0.00394691340625, -0.00201613898389], [0.000328442954924, -0.00169863807969, 0.00291166896932, -0.0022869319655, 0.00202785083093, -0.00263263424858, 0.00225664209574, -0.00207772268914, 0.00291573698632, -0.003236687975, 0.00206330767833, -0.00290742027573, 0.00165077554993], [-0.000420188473072, 0.00103552592918, -0.0022869319655, 0.00398589670658, -0.00262645678595, 0.00227783387527, -0.00196012225933, 0.00127845536917, -0.00288609857671, 0.00332678318955, -0.0012890152866, 0.00216685282066, -0.0016376535641], [0.000485702039441, -0.0029597482644, 0.00202785083093, -0.00262645678595, 0.00654538534582, -0.00370011641644, 0.00246239337139, -0.00331853330135, 0.00279410555959, -0.00413332600147, 0.00362828490324, -0.00371114979498, 0.00228932173923], [-0.000597267178819, 0.00305006303824, -0.00263263424858, 0.00227783387527, -0.00370011641644, 0.0103397006169, -0.00694691343233, 0.00350039498881, -0.0028419601731, 0.00319388136268, -0.00257322168909, 0.00467854971066, -0.000904276326764], [0.000297426217003, -0.003873557318, 0.00225664209574, -0.00196012225933, 0.00246239337139, -0.00694691343233, 0.0105580016971, -0.00548969535157, 0.00407442171127, -0.00405219336972, 0.00175405503251, -0.00319675495848, 0.00169393036049], [-0.000618025427684, 0.00369806028903, -0.00207772268914, 0.00127845536917, -0.00331853330135, 0.00350039498881, -0.00548969535157, 0.0108802299947, -0.00575562706217, 0.00245779193938, -0.00284957559779, 0.00407710159197, -0.00153961521573], [0.000620557111688, -0.00285812420771, 0.00291573698632, -0.00288609857671, 0.00279410555959, -0.0028419601731, 0.00407442171127, -0.00575562706217, 0.0112627949566, -0.00409182626754, 0.00283748470247, -0.00466889282688, 0.00174030568451], [-0.000786585267633, 0.00345739140175, -0.003236687975, 0.00332678318955, -0.00413332600147, 0.00319388136268, -0.00405219336972, 0.00245779193938, -0.00409182626754, 0.0154746035114, -0.0067055192776, 0.00290824100375, -0.00290951714851], [0.000674336275551, -0.00344315893017, 0.00206330767833, -0.0012890152866, 0.00362828490324, -0.00257322168909, 0.00175405503251, -0.00284957559779, 0.00283748470247, -0.0067055192776, 0.0138621358201, -0.00247683632188, -0.000732281710953], [-0.000486762932269, 0.00394691340625, -0.00290742027573, 0.00216685282066, -0.00371114979498, 0.00467854971066, -0.00319675495848, 0.00407710159197, -0.00466889282688, 0.00290824100375, -0.00247683632188, 0.0129898553714, -0.00425910064951], [0.000736646354198, -0.00201613898389, 0.00165077554993, -0.0016376535641, 0.00228932173923, -0.000904276326764, 0.00169393036049, -0.00153961521573, 0.00174030568451, -0.00290951714851, -0.000732281710953, -0.00425910064951, 0.0112212402746]]
    },
    "melbands": {
        "dmean": [0.000371042173356, 0.000513443432283, 0.000149347775732, 0.000112201174488, 0.000258649903117, 0.000282668130239, 0.000204289113753, 0.000185860233614, 0.000243396425503, 0.000195219443412, 0.000181908544619, 9.59934914135e-05, 6.86538332957e-05, 9.38287994359e-05, 7.16646100045e-05, 8.64538233145e-05, 6.32637893432e-05, 9.88807150861e-05, 4.56555644632e-05, 3.84060986107e-05, 3.11336334562e-05, 2.47269035754e-05, 1.89021684491e-05, 1.56271471496e-05, 1.59923110914e-05, 1.31546339617e-05, 1.15912180263e-05, 7.67353958508e-06, 5.91348089074e-06, 3.77364403903e-06, 2.44499847213e-06, 1.98414909391e-06, 1.88870649254e-06, 1.89535103345e-06, 1.9542139853e-06, 2.42319742938e-06, 1.62006051596e-06, 1.18000207294e-06, 1.27710848119e-06, 1.23427457766e-06],
        "dmean2": [0.000482727220515, 0.000736768415663, 0.00022960928618, 0.000173227919731, 0.000383334816433, 0.000438259710791, 0.000343319174135, 0.000291099218884, 0.000370573572582, 0.000304952875013, 0.000265035923803, 0.000150250532897, 0.000103955891973, 0.000139474694151, 0.000113379530376, 0.000137258364703, 9.58016898949e-05, 0.000156446025358, 7.34931818442e-05, 6.31490402156e-05, 4.97461296618e-05, 3.95605420636e-05, 3.04062177747e-05, 2.48279266089e-05, 2.56784078374e-05, 2.16451280721e-05, 1.81933137355e-05, 1.17362596939e-05, 8.9701543402e-06, 6.02123282079e-06, 3.90944160245e-06, 3.14507519761e-06, 2.95645372717e-06, 3.09178494717e-06, 3.0990408959e-06, 4.02868590754e-06, 2.55839177044e-06, 1.87420459952e-06, 2.02748060474e-06, 2.05274977816e-06],
        "dvar": [5.97779319378e-07, 8.39981794343e-07, 1.12894198878e-07, 4.00975039838e-08, 2.70625662324e-07, 1.79842956527e-07, 2.95471920708e-07, 1.20552229532e-07, 1.4702926876e-07, 9.61815800338e-08, 1.68153377444e-07, 3.30558123096e-08, 1.18644765124e-08, 2.44021123308e-08, 1.85268973496e-08, 1.999246102e-08, 1.97519618439e-08, 4.51434694071e-08, 7.96523735858e-09, 6.4538023814e-09, 4.33817026746e-09, 2.67756372629e-09, 1.38669786764e-09, 9.13049025275e-10, 5.27211052592e-10, 4.12171796693e-10, 2.90007962089e-10, 1.34064120916e-10, 7.88755380454e-11, 3.12694002635e-11, 1.51160316902e-11, 1.10634132064e-11, 9.87074050968e-12, 1.00012784512e-11, 9.4802256323e-12, 1.93168519375e-11, 7.5619562695e-12, 3.67693158906e-12, 4.40783997843e-12, 6.51044062411e-12],
        "dvar2": [1.04994398953e-06, 1.6772876279e-06, 2.66149442041e-07, 9.27529626438e-08, 6.17144110038e-07, 4.42356139274e-07, 7.97431255251e-07, 2.73547215102e-07, 3.2189166177e-07, 2.18117989448e-07, 3.78439665383e-07, 7.33480192139e-08, 2.64899746583e-08, 5.26279215762e-08, 4.39034266719e-08, 4.982555879e-08, 4.35694502698e-08, 1.11859520757e-07, 2.05047214763e-08, 1.69510041559e-08, 1.04658290923e-08, 6.66372024227e-09, 3.33421601439e-09, 2.18184603717e-09, 1.30304622648e-09, 9.62872004351e-10, 6.81130651881e-10, 3.36912664434e-10, 1.85900919658e-10, 7.47752276764e-11, 3.5691033462e-11, 2.68288551097e-11, 2.39373017935e-11, 2.42654178001e-11, 2.28921291645e-11, 4.84968801229e-11, 1.7711280359e-11, 8.55926267362e-12, 1.02764168702e-11, 1.62173156848e-11],
        "max": [0.010273787193, 0.0119827417657, 0.00389579380862, 0.0023138106335, 0.00740412157029, 0.00516104884446, 0.00527849979699, 0.00415390264243, 0.00417398428544, 0.00295522855595, 0.00497413845733, 0.00247166398913, 0.00149463734124, 0.00202867342159, 0.00184050318785, 0.00150669226423, 0.00144404557068, 0.00244827475399, 0.00120222254191, 0.000841031724121, 0.000749607512262, 0.000697618641425, 0.000374650058802, 0.000443864031695, 0.000309802097036, 0.000210326019442, 0.000191002967767, 0.000129117790493, 0.000111273293442, 5.40847431694e-05, 3.53596478817e-05, 2.9349086617e-05, 3.38574172929e-05, 2.70818090939e-05, 2.96268153761e-05, 3.23189342453e-05, 2.38762659137e-05, 1.89739857888e-05, 2.09769914363e-05, 3.71275382349e-05],
        "mean": [0.000865655427333, 0.00169822049793, 0.000306266185362, 0.000168647500686, 0.000418654904934, 0.000453295069747, 0.000237223692238, 0.000270750373602, 0.000346913031535, 0.000273993355222, 0.000213559222175, 0.000134598027216, 0.000101947363873, 0.000130935004563, 0.000103395432234, 0.000115240167361, 7.46230361983e-05, 0.000121480072266, 5.46173723706e-05, 4.8215060815e-05, 4.00399403588e-05, 3.00553256238e-05, 2.08516667044e-05, 2.15905747609e-05, 2.46953295573e-05, 2.048078386e-05, 1.79421094799e-05, 1.2274043911e-05, 9.97000461211e-06, 6.31314196653e-06, 3.55419319931e-06, 2.64626760327e-06, 2.38383245232e-06, 2.34268327404e-06, 2.42882833845e-06, 2.52413724411e-06, 1.7692776737e-06, 1.41222403727e-06, 1.4367312815e-06, 1.24652456179e-06],
        "median": [0.000177544046892, 0.000451183266705, 0.000123708057799, 6.65375191602e-05, 0.000171135907294, 0.000238621491008, 6.57719065202e-05, 8.18925764179e-05, 0.00012373815116, 0.000105906023236, 4.44737488579e-05, 4.03253216064e-05, 3.76230527763e-05, 4.28917446698e-05, 3.38677127729e-05, 4.28781277151e-05, 2.17592114495e-05, 2.65813632723e-05, 1.73210519279e-05, 1.71987867361e-05, 1.40241745612e-05, 8.16955252958e-06, 5.04092031406e-06, 7.95330470282e-06, 1.23556892504e-05, 1.15782559078e-05, 9.41388498177e-06, 6.22008701612e-06, 5.25681616637e-06, 3.85097700928e-06, 1.57556519298e-06, 9.01686405541e-07, 7.43510895518e-07, 8.57262136833e-07, 9.59024987424e-07, 9.61210389505e-07, 6.49902631267e-07, 6.50434344607e-07, 5.79555319291e-07, 3.78633103537e-07],
        "min": [3.26158100528e-09, 1.29784893943e-09, 1.95015203985e-09, 1.18279501748e-08, 1.42172311257e-07, 6.72903865961e-08, 1.82158288453e-07, 1.13131179091e-07, 1.76897358983e-07, 1.30242810314e-07, 1.51275770577e-07, 1.14625436254e-07, 9.82566064067e-08, 1.08428643841e-07, 1.08031009916e-07, 9.07278803197e-08, 5.99901071041e-08, 4.39487877202e-08, 3.80971307834e-08, 5.58115758054e-08, 9.59644239629e-08, 3.39257901771e-08, 2.45991458314e-08, 3.34246905709e-08, 3.2259379168e-08, 2.39759216925e-08, 1.2427046947e-08, 8.39068814429e-09, 3.61902730006e-09, 1.72080472094e-09, 7.45788764078e-10, 5.04955521841e-10, 3.73923503272e-10, 1.71904018798e-10, 3.85654425061e-10, 1.50339046767e-10, 2.56033493018e-11, 6.39438979197e-12, 1.20675847787e-11, 1.51626419753e-11],
