{
"highlevel": {
    "danceability": {
        "all": {
            "danceable": 0.987981796265,
            "not_danceable": 0.0120182186365
        },
        "probability": 0.987981796265,
        "value": "danceable"
    },
    "gender": {
        "all": {
            "female": 0.321034371853,
            "male": 0.678965628147
        },
        "probability": 0.678965628147,
        "value": "male"
    },
    "genre_dortmund": {
        "all": {
            "alternative": 0.0410276837647,
            "blues": 0.153860330582,
            "electronic": 0.0530161857605,
            "folkcountry": 0.0891002118587,
            "funksoulrnb": 0.0386117994785,
            "jazz": 0.250555604696,
            "pop": 0.0539408698678,
            "raphiphop": 0.264473170042,
            "rock": 0.0554141439497
        },
        "probability": 0.264473170042,
        "value": "raphiphop"
    },
    "genre_electronic": {
        "all": {
            "ambient": 0.285835444927,
            "dnb": 0.138015300035,
            "house": 0.517241954803,
            "techno": 0.0246078502387,
            "trance": 0.0342994146049
        },
        "probability": 0.517241954803,
        "value": "house"
    },
    "genre_rosamerica": {
        "all": {
            "cla": 0.00770624307916,
            "dan": 0.087239921093,
            "hip": 0.341387808323,
            "jaz": 0.0923935398459,
            "pop": 0.161781594157,
            "rhy": 0.282894581556,
            "roc": 0.0174749307334,
            "spe": 0.00912136863917
        },
        "probability": 0.341387808323,
        "value": "hip"
    },
    "genre_tzanetakis": {
        "all": {
            "blu": 0.0620671063662,
            "cla": 0.034474901855,
            "cou": 0.103433981538,
            "dis": 0.0620971247554,
            "hip": 0.15527240932,
            "jaz": 0.310666948557,
            "met": 0.044346679002,
            "pop": 0.0620793737471,
            "reg": 0.0620816536248,
            "roc": 0.103479810059
        },
        "probability": 0.310666948557,
        "value": "jaz"
    },
    "ismir04_rhythm": {
        "all": {
            "ChaChaCha": 0.0707705691457,
            "Jive": 0.0144560411572,
            "Quickstep": 0.149283230305,
            "Rumba-American": 0.0448804423213,
            "Rumba-International": 0.397182881832,
            "Rumba-Misc": 0.00979628320783,
            "Samba": 0.228524342179,
            "Tango": 0.0381098538637,
            "VienneseWaltz": 0.018963823095,
            "Waltz": 0.0280325375497
        },
        "probability": 0.397182881832,
        "value": "Rumba-International"
    },
    "mood_acoustic": {
        "all": {
            "acoustic": 0.474424391985,
            "not_acoustic": 0.525575637817
        },
        "probability": 0.525575637817,
        "value": "not_acoustic"
    },
    "mood_aggressive": {
        "all": {
            "aggressive": 0.140683710575,
            "not_aggressive": 0.859316289425
        },
        "probability": 0.859316289425,
        "value": "not_aggressive"
    },
    "mood_electronic": {
        "all": {
            "electronic": 0.875054597855,
            "not_electronic": 0.124945424497
        },
        "probability": 0.875054597855,
        "value": "electronic"
    },
    "mood_happy": {
        "all": {
            "happy": 0.306713789701,
            "not_happy": 0.693286240101
        },
        "probability": 0.693286240101,
        "value": "not_happy"
    },
    "mood_party": {
        "all": {
            "not_party": 0.486284732819,
            "party": 0.513715267181
        },
        "probability": 0.513715267181,
        "value": "party"
    },
    "mood_relaxed": {
        "all": {
            "not_relaxed": 0.331238478422,
            "relaxed": 0.668761491776
        },
        "probability": 0.668761491776,
        "value": "relaxed"
    },
    "mood_sad": {
        "all": {
            "not_sad": 0.476224809885,
            "sad": 0.523775160313
        },
        "probability": 0.523775160313,
        "value": "sad"
    },
    "moods_mirex": {
        "all": {
            "Cluster1": 0.18616952002,
            "Cluster2": 0.27112314105,
            "Cluster3": 0.402988612652,
            "Cluster4": 0.118279360235,
            "Cluster5": 0.0214393883944
        },
        "probability": 0.402988612652,
        "value": "Cluster3"
    },
    "timbre": {
        "all": {
            "bright": 0.992862164974,
            "dark": 0.00713786389679
        },
        "probability": 0.992862164974,
        "value": "bright"
    },
    "tonal_atonal": {
        "all": {
            "atonal": 0.0161634329706,
            "tonal": 0.983836591244
        },
        "probability": 0.983836591244,
        "value": "tonal"
    },
    "voice_instrumental": {
        "all": {
            "instrumental": 0.0691200867295,
            "voice": 0.930879890919
        },
        "probability": 0.930879890919,
        "value": "voice"
    }
},
"lowlevel": {
    "average_loudness": 0.968062758446,
    "barkbands_crest": {
        "dmean": 3.28874397278,
        "dmean2": 5.35221624374,
        "dvar": 10.7618198395,
        "dvar2": 24.0688304901,
        "max": 26.5882854462,
        "mean": 13.4255952835,
        "median": 12.1239442825,
        "min": 3.23900055885,
        "var": 31.5253868103
    },
    "barkbands_flatness_db": {
        "dmean": 0.0439405478537,
        "dmean2": 0.0626799911261,
        "dvar": 0.00243123737164,
        "dvar2": 0.0041627776809,
        "max": 0.52447450161,
        "mean": 0.210617661476,
        "median": 0.195684745908,
        "min": 0.0494967289269,
        "var": 0.00729606160894
    },
    "barkbands_kurtosis": {
        "dmean": 18.138759613,
        "dmean2": 27.3195858002,
        "dvar": 2594.18383789,
        "dvar2": 5696.96435547,
        "max": 706.894714355,
        "mean": 20.602891922,
        "median": 3.23598051071,
        "min": -1.93654382229,
        "var": 4037.4621582
    },
    "barkbands_skewness": {
        "dmean": 1.30208933353,
        "dmean2": 1.94534957409,
        "dvar": 3.50163197517,
        "dvar2": 6.88517570496,
        "max": 22.8133125305,
        "mean": 2.60508704185,
        "median": 1.8053920269,
        "min": -2.70030426979,
        "var": 8.53391838074
    },
    "barkbands_spread": {
        "dmean": 8.96737480164,
        "dmean2": 13.2817020416,
        "dvar": 131.627578735,
        "dvar2": 263.79675293,
        "max": 110.244293213,
        "mean": 20.2919769287,
        "median": 16.6711158752,
        "min": 0.162216797471,
        "var": 311.209197998
    },
    "dissonance": {
        "dmean": 0.0286715216935,
        "dmean2": 0.0468280985951,
        "dvar": 0.000836180814076,
        "dvar2": 0.00206214841455,
        "max": 0.499430149794,
        "mean": 0.442419201136,
        "median": 0.450576752424,
        "min": 0.237910658121,
        "var": 0.00167557632085
    },
    "dynamic_complexity": 2.68652582169,
    "erbbands_crest": {
        "dmean": 3.56424403191,
        "dmean2": 5.58910560608,
        "dvar": 10.5062294006,
        "dvar2": 23.7420139313,
        "max": 28.3373241425,
        "mean": 11.5337018967,
        "median": 10.7009019852,
        "min": 2.66296696663,
        "var": 25.1683063507
    },
    "erbbands_flatness_db": {
        "dmean": 0.0295134093612,
        "dmean2": 0.0417157448828,
        "dvar": 0.000810290744994,
        "dvar2": 0.001554747927,
        "max": 0.332823842764,
        "mean": 0.183844283223,
        "median": 0.186334982514,
        "min": 0.0635300949216,
        "var": 0.00230751698837
    },
    "erbbands_kurtosis": {
        "dmean": 2.23950409889,
        "dmean2": 3.49207663536,
        "dvar": 15.5711936951,
        "dvar2": 34.0290031433,
        "max": 38.3202400208,
        "mean": 1.56459200382,
        "median": 0.0795185565948,
        "min": -1.70397567749,
        "var": 22.4987773895
    },
    "erbbands_skewness": {
        "dmean": 0.715261220932,
        "dmean2": 1.02052509785,
        "dvar": 0.618204891682,
        "dvar2": 1.17608547211,
        "max": 4.95320510864,
        "mean": 0.336112260818,
        "median": 0.421837687492,
        "min": -5.55689144135,
        "var": 1.76174426079
    },
    "erbbands_spread": {
        "dmean": 14.5143699646,
        "dmean2": 22.3520412445,
        "dvar": 264.343444824,
        "dvar2": 627.584899902,
        "max": 130.753890991,
        "mean": 41.6347961426,
        "median": 36.9051055908,
        "min": 3.65852379799,
        "var": 458.255615234
    },
    "hfc": {
        "dmean": 12.0282411575,
        "dmean2": 16.6718273163,
        "dvar": 324.225128174,
        "dvar2": 644.005859375,
        "max": 191.366668701,
        "mean": 23.7797527313,
        "median": 15.8777589798,
        "min": 0.103595435619,
        "var": 737.544250488
    },
    "melbands_crest": {
        "dmean": 3.75973701477,
        "dmean2": 6.09789800644,
        "dvar": 13.277545929,
        "dvar2": 31.1915416718,
        "max": 35.2583236694,
        "mean": 18.6278171539,
        "median": 18.810136795,
        "min": 3.36449170113,
        "var": 36.3508377075
    },
    "melbands_flatness_db": {
        "dmean": 0.0532806366682,
        "dmean2": 0.0735130980611,
        "dvar": 0.00350192049518,
        "dvar2": 0.00625175097957,
        "max": 0.642889797688,
        "mean": 0.264543771744,
        "median": 0.244803473353,
        "min": 0.046526286751,
        "var": 0.0123206228018
    },
    "melbands_kurtosis": {
        "dmean": 25.8986854553,
        "dmean2": 41.8042144775,
        "dvar": 2863.58544922,
        "dvar2": 7049.98144531,
        "max": 756.6015625,
        "mean": 34.7175750732,
        "median": 12.6358041763,
        "min": -1.90045595169,
        "var": 4070.46484375
    },
    "melbands_skewness": {
        "dmean": 1.48483121395,
        "dmean2": 2.295825243,
        "dvar": 3.1688272953,
        "dvar2": 7.39657497406,
        "max": 20.0201187134,
        "mean": 3.77402925491,
        "median": 3.02432346344,
        "min": -0.576593458652,
        "var": 6.95777463913
    },
    "melbands_spread": {
        "dmean": 10.9385166168,
        "dmean2": 16.4541606903,
        "dvar": 356.711456299,
        "dvar2": 691.014404297,
        "max": 220.90852356,
        "mean": 21.4692840576,
        "median": 14.7511425018,
        "min": 0.309349864721,
        "var": 830.486083984
    },
    "pitch_salience": {
        "dmean": 0.0929937958717,
        "dmean2": 0.143553406,
        "dvar": 0.00842965021729,
        "dvar2": 0.0179577674717,
        "max": 0.86588716507,
        "mean": 0.442217588425,
        "median": 0.444472491741,
        "min": 0.0407365933061,
        "var": 0.0270870123059
    },
    "silence_rate_20dB": {
        "dmean": 0,
        "dmean2": 0,
        "dvar": 0,
        "dvar2": 0,
        "max": 1,
        "mean": 1,
        "median": 1,
        "min": 1,
        "var": 0
    },
    "silence_rate_30dB": {
        "dmean": 0.0263157896698,
        "dmean2": 0.0526723451912,
        "dvar": 0.0256234984845,
        "dvar2": 0.0653905794024,
        "max": 1,
        "mean": 0.98143851757,
        "median": 1,
        "min": 0,
        "var": 0.0182171333581
    },
    "silence_rate_60dB": {
        "dmean": 0.0495356023312,
        "dmean2": 0.0991479456425,
        "dvar": 0.0470812283456,
        "dvar2": 0.101709723473,
        "max": 1,
        "mean": 0.0610982216895,
        "median": 0,
        "min": 0,
        "var": 0.0573656111956
    },
    "spectral_centroid": {
        "dmean": 443.702728271,
        "dmean2": 641.863647461,
        "dvar": 299227.15625,
        "dvar2": 557148.9375,
        "max": 5339.81787109,
        "mean": 1318.93029785,
        "median": 1150.52331543,
        "min": 118.461090088,
        "var": 847032.125
    },
    "spectral_complexity": {
        "dmean": 5.57120752335,
        "dmean2": 7.65917873383,
        "dvar": 55.152015686,
        "dvar2": 96.7264709473,
        "max": 56,
        "mean": 13.717710495,
        "median": 11,
        "min": 1,
        "var": 117.858009338
    },
    "spectral_decrease": {
        "dmean": 3.33845129319e-09,
        "dmean2": 5.13519049505e-09,
        "dvar": 2.36631640551e-17,
        "dvar2": 5.85523370016e-17,
        "max": -6.63011104352e-11,
        "mean": -9.17330655881e-09,
        "median": -8.5770626157e-09,
        "min": -4.55258586385e-08,
        "var": 5.53065696134e-17
    },
    "spectral_energy": {
        "dmean": 0.0132326092571,
        "dmean2": 0.02026312612,
        "dvar": 0.000354614981916,
        "dvar2": 0.000869690964464,
        "max": 0.173194304109,
        "mean": 0.0367790386081,
        "median": 0.0347660407424,
        "min": 0.000259631371591,
        "var": 0.000841605768073
    },
    "spectral_energyband_high": {
        "dmean": 0.00105211604387,
        "dmean2": 0.00141244416591,
        "dvar": 4.02690511692e-06,
        "dvar2": 6.7649743869e-06,
        "max": 0.0240229517221,
        "mean": 0.00162566045765,
        "median": 0.000316102959914,
        "min": 1.52485867488e-07,
        "var": 1.10492710519e-05
    },
    "spectral_energyband_low": {
        "dmean": 0.00942413322628,
        "dmean2": 0.0150179648772,
        "dvar": 0.000337304081768,
        "dvar2": 0.000854368729051,
        "max": 0.170610114932,
        "mean": 0.0215059798211,
        "median": 0.0137479892001,
        "min": 1.64117898294e-06,
        "var": 0.000686811923515
    },
    "spectral_energyband_middle_high": {
        "dmean": 0.00221345177852,
        "dmean2": 0.00328284827992,
        "dvar": 1.07560335891e-05,
        "dvar2": 2.54189853877e-05,
        "max": 0.0250042248517,
        "mean": 0.00356032326818,
        "median": 0.00215409765951,
        "min": 4.25624239142e-06,
        "var": 1.78723184945e-05
    },
    "spectral_energyband_middle_low": {
        "dmean": 0.0056186048314,
        "dmean2": 0.00840528681874,
        "dvar": 5.79382249271e-05,
        "dvar2": 0.000126235740026,
        "max": 0.0684601441026,
        "mean": 0.0107253845781,
        "median": 0.00749287893996,
        "min": 9.54774586717e-05,
        "var": 0.000107752945041
    },
    "spectral_entropy": {
        "dmean": 0.349378436804,
        "dmean2": 0.502925932407,
        "dvar": 0.149977907538,
        "dvar2": 0.275085657835,
        "max": 8.55302715302,
        "mean": 7.20771455765,
        "median": 7.16975688934,
        "min": 5.18647146225,
        "var": 0.447081565857
    },
    "spectral_flux": {
        "dmean": 0.0373337939382,
        "dmean2": 0.0576939955354,
        "dvar": 0.0016402779147,
        "dvar2": 0.00333529245108,
        "max": 0.312691599131,
        "mean": 0.09170448035,
        "median": 0.0766074061394,
        "min": 0.00852044858038,
        "var": 0.003825355554
    },
    "spectral_kurtosis": {
        "dmean": 2.72125315666,
        "dmean2": 4.34775781631,
        "dvar": 13.6085586548,
        "dvar2": 34.0677223206,
        "max": 45.4893989563,
        "mean": 4.6751832962,
        "median": 3.49016094208,
        "min": -1.11498045921,
        "var": 21.2454395294
    },
    "spectral_rms": {
        "dmean": 0.00105003267527,
        "dmean2": 0.00155151623767,
        "dvar": 1.62947208082e-06,
        "dvar2": 3.60077592632e-06,
        "max": 0.0129988482222,
        "mean": 0.00545668648556,
        "median": 0.00582392374054,
        "min": 0.000503288116306,
        "var": 6.10655024502e-06
    },
    "spectral_rolloff": {
        "dmean": 724.730651855,
        "dmean2": 1205.5592041,
        "dvar": 1646321.625,
        "dvar2": 3264296.25,
        "max": 11132.6660156,
        "mean": 1390.83349609,
        "median": 624.462890625,
        "min": 64.599609375,
        "var": 3166156.25
    },
    "spectral_skewness": {
        "dmean": 0.395557522774,
        "dmean2": 0.585832715034,
        "dvar": 0.178842380643,
        "dvar2": 0.377405494452,
        "max": 4.97733068466,
        "mean": 1.44670367241,
        "median": 1.40403044224,
        "min": -0.769983053207,
        "var": 0.521570980549
    },
    "spectral_spread": {
        "dmean": 819903.375,
        "dmean2": 1145701.125,
        "dvar": 826735788032,
        "dvar2": 1.63635003392e+12,
        "max": 10572883,
        "mean": 4542990,
        "median": 4296719,
        "min": 1548011.875,
        "var": 2.48141499597e+12
    },
    "spectral_strongpeak": {
        "dmean": 0.420193850994,
        "dmean2": 0.697255015373,
        "dvar": 0.518994152546,
        "dvar2": 1.27571070194,
        "max": 7.32543754578,
        "mean": 0.879512429237,
        "median": 0.63639819622,
        "min": 0.0510186180472,
        "var": 0.723716497421
    },
    "zerocrossingrate": {
        "dmean": 0.0153759466484,
        "dmean2": 0.0160576831549,
        "dvar": 0.000350170070305,
        "dvar2": 0.000336627068464,
        "max": 0.31982421875,
        "mean": 0.0510342642665,
        "median": 0.04150390625,
        "min": 0.001953125,
        "var": 0.00207430217415
    },
    "barkbands": {
        "dmean": [0.000281561689917, 0.00756055209786, 0.00288205919787, 0.000954333576374, 0.00254732812755, 0.000852685014252, 0.000516301312018, 0.00185845571104, 0.000934441050049, 0.000374120660126, 0.000273353711236, 0.000199796661036, 0.000205021526199, 0.00024363634293, 0.000404362566769, 0.000252242520219, 0.000348584901076, 0.000399628654122, 0.000288636889309, 0.000208742290852, 0.000171730760485, 0.000270523276413, 0.000335668562911, 0.000183523938176, 7.22259283066e-05, 3.68181281374e-05, 1.24312805383e-07],
        "dmean2": [0.00044638098916, 0.0124265458435, 0.00460149720311, 0.00164701917674, 0.00385571201332, 0.00140393781476, 0.00084091082681, 0.00270951306447, 0.00139756861608, 0.000524525123183, 0.000399967102567, 0.0003185258538, 0.000309414142976, 0.000387919310015, 0.000619353493676, 0.000379220669856, 0.000607468886301, 0.000663718034048, 0.000464860495413, 0.000327477115206, 0.000241549802013, 0.000378747383365, 0.000456791516626, 0.000259837252088, 0.000103814032627, 5.44305657968e-05, 2.22871108235e-07],
        "dvar": [6.98116195963e-07, 0.000288377952529, 4.95584026794e-05, 8.30099088489e-06, 2.36723644775e-05, 2.35779680224e-06, 1.67062057699e-06, 1.00219049273e-05, 4.55736062577e-06, 1.13734176921e-06, 4.56194754861e-07, 2.56217646211e-07, 3.95914725004e-07, 2.95112357662e-07, 4.99679003951e-07, 2.5063465614e-07, 9.40666780025e-07, 6.08740094776e-07, 3.66040524113e-07, 1.56161618747e-07, 8.13350666817e-08, 4.93195898343e-07, 7.03347382114e-07, 1.95137445758e-07, 2.18667199903e-08, 7.95822252542e-09, 2.86113174168e-13],
        "dvar2": [1.60059187237e-06, 0.000767241814174, 0.000124584737932, 2.33143455262e-05, 5.32397134521e-05, 6.18185868007e-06, 4.08360256188e-06, 1.81905652425e-05, 8.95406174095e-06, 2.1186651793e-06, 9.83570885182e-07, 6.48676916626e-07, 7.28312613774e-07, 6.78673302446e-07, 1.03706497612e-06, 5.28207237949e-07, 2.69316251433e-06, 1.60536387739e-06, 9.54698521127e-07, 3.721448536e-07, 1.59999956395e-07, 8.85309418663e-07, 1.23332347357e-06, 3.59088573987e-07, 4.23005701577e-08, 1.69236500369e-08, 6.85996506995e-13],
        "max": [0.0111264865845, 0.158291846514, 0.0581071525812, 0.0281503014266, 0.0609340704978, 0.0140307648107, 0.0228938292712, 0.0386683903635, 0.0244620013982, 0.0186123326421, 0.00846104789525, 0.00611766660586, 0.0169944614172, 0.0069667310454, 0.00708401901647, 0.00528711546212, 0.00727647682652, 0.00585012184456, 0.00794611498713, 0.00604071794078, 0.0042192558758, 0.0116336494684, 0.0110834827647, 0.0062815612182, 0.00156023737509, 0.00131888559554, 9.89067120827e-06],
        "mean": [0.000366312131518, 0.0158166605979, 0.00477944593877, 0.00084858253831, 0.0035102206748, 0.00126466958318, 0.000596530735493, 0.00290429336019, 0.00140255293809, 0.000536751002073, 0.000343763589626, 0.000232265199884, 0.000228807199164, 0.000280819163891, 0.000540703942534, 0.000323387153912, 0.000320034683682, 0.000438974733697, 0.000325976405293, 0.000239812216023, 0.000252577156061, 0.000368792156223, 0.000479024543893, 0.000247696618317, 8.95996927284e-05, 4.06846993428e-05, 9.06811195023e-08],
        "median": [1.31233391585e-05, 0.0041520842351, 0.000896928133443, 0.000141657641507, 0.00144128012471, 0.00049904541811, 0.000130196538521, 0.000780972361099, 0.000144827747135, 9.02505053091e-05, 5.43694659427e-05, 5.57079547434e-05, 4.35073707195e-05, 6.76637282595e-05, 0.000107968982775, 6.18916965323e-05, 5.82710563322e-05, 0.000123571153381, 7.82819042797e-05, 6.27027548035e-05, 8.12810831121e-05, 2.48746200668e-05, 3.25793007505e-05, 1.54363351612e-05, 8.91884792509e-06, 2.73350883617e-06, 8.17960921218e-10],
        "min": [2.95187270183e-08, 7.29635161179e-08, 9.93314319686e-09, 2.33453988585e-07, 4.33966533819e-06, 1.24924019929e-06, 3.21951233673e-07, 6.67522840558e-07, 3.77288330355e-07, 1.91444541997e-07, 4.44343690731e-08, 8.65874696387e-08, 1.63349824334e-07, 1.34460080403e-07, 9.83190986403e-08, 1.5236901163e-07, 6.37788986069e-08, 1.0179052623e-07, 5.79510555099e-08, 2.8091465154e-08, 9.08879940198e-08, 1.90198701233e-09, 6.24421137019e-09, 3.63528429581e-10, 4.6897251707e-12, 5.80454174309e-12, 6.99519608904e-12],
        "var": [9.78648358796e-07, 0.000512239872478, 6.90183296683e-05, 5.70255633647e-06, 3.29420618073e-05, 3.53094787897e-06, 1.90887044482e-06, 2.29865618167e-05, 1.0628518794e-05, 2.4275720989e-06, 7.42506188089e-07, 2.95676585438e-07, 6.11619952906e-07, 3.97431051624e-07, 9.89359250525e-07, 4.32303693287e-07, 6.18984927314e-07, 5.60944101835e-07, 3.68937406847e-07, 1.81486754514e-07, 1.64560603366e-07, 1.1260536894e-06, 1.70494786289e-06, 4.33892864748e-07, 3.94582819752e-08, 1.20046141916e-08, 2.44266331337e-13]
    },
    "erbbands": {
        "dmean": [0.193606883287, 1.83424592018, 3.1267118454, 3.64735555649, 4.47034740448, 11.819978714, 9.17115306854, 4.71267461777, 4.93873977661, 19.2418270111, 42.8485565186, 20.2564525604, 9.59461402893, 13.765707016, 9.06817340851, 8.26812744141, 8.75907993317, 13.2949533463, 16.1538925171, 17.0452690125, 12.3244075775, 18.1063346863, 19.9787597656, 22.4761581421, 10.4717760086, 9.17991161346, 7.63962936401, 6.97999334335, 9.31476593018, 10.6962718964, 9.38430023193, 5.16987800598, 2.47862672806, 1.0498714447, 0.432105630636, 0.205202788115, 0.059459708631, 0.00568727450445, 0.000123445148347, 2.16358166654e-05],
        "dmean2": [0.323705047369, 3.00558853149, 4.9497718811, 6.22803211212, 6.93667411804, 17.7836914062, 15.1946725845, 7.8802075386, 7.98605585098, 29.2365932465, 62.7495651245, 30.1318740845, 13.6149501801, 19.6593990326, 13.2515583038, 12.7653360367, 12.6865358353, 20.2040729523, 24.4718704224, 25.6258010864, 19.1036148071, 31.4875068665, 33.3417243958, 36.2573509216, 17.0769634247, 14.2444057465, 10.9310588837, 10.0367698669, 12.8490104675, 14.8542585373, 13.1582288742, 7.60044384003, 3.48661136627, 1.48615729809, 0.64648103714, 0.305732697248, 0.0859870836139, 0.00866128411144, 0.000185082186363, 3.27041125274e-05],
        "dvar": [0.2280100137, 16.1837368011, 46.5763092041, 113.518356323, 71.5424346924, 550.938781738, 257.977203369, 85.4859390259, 140.568664551, 1908.5880127, 5785.42138672, 1876.78503418, 474.270080566, 1629.7722168, 807.300476074, 341.377655029, 647.717834473, 958.290710449, 839.857421875, 943.639343262, 540.730651855, 2544.82446289, 1646.02783203, 2102.60180664, 441.131958008, 373.643585205, 138.510391235, 215.027740479, 681.051696777, 694.194824219, 571.820800781, 191.409179688, 28.8557739258, 4.76501941681, 0.862052321434, 0.241687864065, 0.0200211703777, 0.000222586284508, 9.22262941572e-08, 1.10549613908e-09],
        "dvar2": [0.641418814659, 42.3099822998, 110.682792664, 310.332000732, 170.469665527, 1223.91455078, 709.265563965, 213.812988281, 342.452941895, 3500.83544922, 10943.9628906, 3794.51171875, 878.827941895, 3157.81420898, 1754.38305664, 809.099914551, 1291.2142334, 2126.19824219, 1806.62475586, 2092.40698242, 1366.74499512, 7286.94824219, 4472.78808594, 5391.61328125, 1173.02929688, 861.295898438, 263.69128418, 452.839477539, 1330.1361084, 1162.48388672, 1081.29284668, 385.480987549, 48.0921287537, 8.94911003113, 1.76733875275, 0.513362288475, 0.0421868599951, 0.000528360076714, 2.12005573985e-07, 2.47853804147e-09],
        "max": [5.4493803978, 38.2545585632, 64.4881820679, 103.230621338, 89.2461776733, 291.383148193, 157.746688843, 104.662818909, 145.48425293, 680.067993164, 744.610229492, 546.853942871, 381.538635254, 735.050598145, 508.311859131, 236.777267456, 679.257263184, 541.67364502, 326.090179443, 334.30859375, 223.553695679, 358.455810547, 296.773101807, 568.652404785, 178.330444336, 351.963928223, 113.095878601, 250.911315918, 513.145935059, 346.041656494, 326.444580078, 202.088012695, 93.5494842529, 27.7589187622, 9.56661319733, 6.39552783966, 2.51987671852, 0.116873621941, 0.00327681424096, 0.000378882832592],
        "mean": [0.358744263649, 3.83164787292, 6.79034471512, 3.84787631035, 5.47890329361, 15.2976531982, 13.3437547684, 6.96991014481, 7.12805223465, 28.6127338409, 69.1921005249, 31.0970249176, 14.4589204788, 19.2717189789, 11.5098733902, 10.6471567154, 10.302236557, 17.029838562, 22.9606895447, 22.3238105774, 15.8829851151, 16.5793323517, 21.9373664856, 25.5623035431, 11.4834442139, 11.1156301498, 11.3413305283, 9.76075649261, 12.4260578156, 15.3575773239, 12.9437866211, 7.01705932617, 3.21255302429, 1.34612178802, 0.48570638895, 0.222025409341, 0.0672426223755, 0.00578359700739, 0.000145293553942, 5.22322879988e-05],
        "median": [0.043615847826, 1.08222854137, 1.35656344891, 1.26221835613, 1.66795134544, 5.5453081131, 6.94588518143, 2.48412108421, 2.18109130859, 5.78691005707, 15.149269104, 5.70660448074, 3.45302319527, 3.68236351013, 2.23505997658, 2.93360519409, 2.5295214653, 4.79176855087, 5.71192932129, 5.2669005394, 3.43045091629, 3.18196487427, 5.73126029968, 7.29767751694, 3.40108513832, 3.12480926514, 3.9382455349, 2.16349625587, 0.861377835274, 1.17298436165, 0.828061044216, 0.314579904079, 0.260588765144, 0.141620591283, 0.0367334634066, 0.0151752671227, 0.00456764688715, 0.00028261213447, 2.71097906079e-05, 4.48525643151e-05],
        "min": [9.81229095487e-06, 3.38798054145e-05, 0.000111561188533, 0.00212702271529, 0.0111664533615, 0.0219513829798, 0.024277344346, 0.00815094169229, 0.0110348407179, 0.0199254862964, 0.0383108705282, 0.015539904125, 0.0064230193384, 0.00547723472118, 0.00703658955172, 0.00887382496148, 0.00955767557025, 0.0103912893683, 0.0100727304816, 0.00936146080494, 0.00815606676042, 0.00383619172499, 0.00500797014683, 0.00705744605511, 0.00440495554358, 0.00433313380927, 0.00481884181499, 0.00166696321685, 0.000455782108475, 0.000221516544116, 0.000160642477567, 7.20358002582e-05, 1.70817529579e-05, 9.15079090191e-06, 2.20035303755e-06, 1.13856117423e-06, 5.71061889332e-07, 9.94630084961e-08, 1.57077820973e-07, 2.92825404813e-07],
        "var": [0.34899815917, 30.1513595581, 97.8687515259, 83.2225418091, 89.7792816162, 758.680236816, 328.906768799, 121.017959595, 179.601730347, 4535.65576172, 12690.1435547, 4190.00585938, 1146.07995605, 3305.81713867, 1016.55847168, 502.5184021, 953.206665039, 1373.3013916, 1636.30041504, 1519.08239746, 783.652038574, 1627.67407227, 1456.24890137, 2127.47900391, 413.391448975, 435.898345947, 272.081176758, 411.440582275, 1366.7878418, 1778.24169922, 1274.15136719, 395.068359375, 64.0788955688, 9.34192180634, 1.29710185528, 0.352820754051, 0.0331822708249, 0.000260391243501, 1.15956545699e-07, 2.22684448659e-09]
    },
    "gfcc": {
        "mean": [-32.9938926697, 93.6989898682, -111.90146637, 44.9711380005, -62.2060928345, 7.8378443718, -37.3457984924, 7.23961257935, -17.4512062073, -0.778797149658, -17.2496414185, -9.36930656433, -12.3392562866],
        "cov": [[7387.85839844, -2252.84960938, -346.885681152, 253.574539185, -500.945129395, 571.237304688, -353.805328369, 638.276672363, -196.028823853, 269.755737305, -295.579223633, 371.593933105, -199.884597778], [-2252.84960938, 2337.25415039, -178.597854614, -265.486206055, 821.31427002, -181.888717651, 559.389343262, -82.4557266235, 292.242004395, -93.6845474243, 333.83001709, -232.999160767, 218.340774536], [-346.885681152, -178.597854614, 1438.81152344, 607.906311035, 261.289886475, 511.776763916, 254.084152222, 105.321281433, 221.40020752, 115.845977783, 109.754608154, 117.521148682, -49.8715820312], [253.574539185, -265.486206055, 607.906311035, 724.928771973, 173.273239136, 205.802490234, 139.919158936, 93.6487731934, 208.159484863, 57.1718864441, 89.0121383667, 54.2219047546, 55.1444816589], [-500.945129395, 821.31427002, 261.289886475, 173.273239136, 813.471862793, 195.73387146, 426.996917725, 186.868988037, 231.862686157, 48.2325210571, 125.415405273, -64.0711135864, 103.798728943], [571.237304688, -181.888717651, 511.776763916, 205.802490234, 195.73387146, 570.633056641, 261.07901001, 147.262237549, 156.438751221, 102.459632874, 71.1994094849, 51.957950592, -24.433921814], [-353.805328369, 559.389343262, 254.084152222, 139.919158936, 426.996917725, 261.07901001, 514.765197754, 140.040145874, 224.560272217, 60.0301208496, 158.018051147, -36.485206604, 52.4933853149], [638.276672363, -82.4557266235, 105.321281433, 93.6487731934, 186.868988037, 147.262237549, 140.040145874, 367.714385986, 125.155448914, 64.0374832153, 13.3294811249, 9.27854728699, -7.29791736603], [-196.028823853, 292.242004395, 221.40020752, 208.159484863, 231.862686157, 156.438751221, 224.560272217, 125.155448914, 342.903411865, 57.8342819214, 108.006011963, -35.8458137512, 61.4396514893], [269.755737305, -93.6845474243, 115.845977783, 57.1718864441, 48.2325210571, 102.459632874, 60.0301208496, 64.0374832153, 57.8342819214, 179.427261353, 39.9063606262, 8.31012916565, 15.5520830154], [-295.579223633, 333.83001709, 109.754608154, 89.0121383667, 125.415405273, 71.1994094849, 158.018051147, 13.3294811249, 108.006011963, 39.9063606262, 244.691635132, 19.1721553802, 58.784866333], [371.593933105, -232.999160767, 117.521148682, 54.2219047546, -64.0711135864, 51.957950592, -36.485206604, 9.27854728699, -35.8458137512, 8.31012916565, 19.1721553802, 157.947921753, -9.71880817413], [-199.884597778, 218.340774536, -49.8715820312, 55.1444816589, 103.798728943, -24.433921814, 52.4933853149, -7.29791736603, 61.4396514893, 15.5520830154, 58.784866333, -9.71880817413, 154.791595459]],
        "icov": [[0.000379535136744, -0.000109475120553, 0.000546576164197, -0.000515746185556, 0.000199872607482, -0.000734783301596, 0.000351662951289, -0.000649040041026, 0.000295389181701, -0.000514652521815, 0.000403261568863, -0.000775975175202, 0.000337076344294], [-0.000109475120553, 0.00276941526681, -0.000749442202505, 0.0022293003276, -0.00210593105294, 0.00206394563429, -0.00159515312407, 0.00148486113176, -0.00139298837166, 0.00179719238076, -0.00247678835876, 0.00195634993725, -0.00129869987722], [0.000546576164197, -0.000749442202505, 0.00252603087574, -0.00223404308781, 0.000403829850256, -0.0023515347857, 0.00089381687576, -0.000764041498769, 0.000533561978955, -0.00138185813557, 0.00103047350422, -0.00213625328615, 0.00179311714601], [-0.000515746185556, 0.0022293003276, -0.00223404308781, 0.00481541687623, -0.00178478762973, 0.00258218380623, -0.00138002971653, 0.00161043310072, -0.00230682571419, 0.00212040147744, -0.00236462429166, 0.00203044619411, -0.00236936286092], [0.000199872607482, -0.00210593105294, 0.000403829850256, -0.00178478762973, 0.00418809475377, -0.00155951478519, -0.000473739608424, -0.00203129067086, 0.0011278410675, -0.0012188294204, 0.00213137734681, -0.000993245281279, -0.000192140912986], [-0.000734783301596, 0.00206394563429, -0.0023515347857, 0.00258218380623, -0.00155951478519, 0.00614476529881, -0.00308585958555, 0.00165305705741, -0.00176745431963, 0.0012429272756, -0.00202027335763, 0.0018938598223, -0.000934718700591], [0.000351662951289, -0.00159515312407, 0.00089381687576, -0.00138002971653, -0.000473739608424, -0.00308585958555, 0.00622284691781, -0.0014843774261, -7.08183215465e-05, -0.00118402391672, -0.000104965045466, -0.000887337024324, 0.00126525200903], [-0.000649040041026, 0.00148486113176, -0.000764041498769, 0.00161043310072, -0.00203129067086, 0.00165305705741, -0.0014843774261, 0.00554481660947, -0.00219227839261, 0.000743372191209, -0.00107086612843, 0.00128493912052, -8.17679829197e-05], [0.000295389181701, -0.00139298837166, 0.000533561978955, -0.00230682571419, 0.0011278410675, -0.00176745431963, -7.08183215465e-05, -0.00219227839261, 0.00640913378447, -0.00141125381924, 0.000416258553741, 0.00025507088867, -0.000318786100252], [-0.000514652521815, 0.00179719238076, -0.00138185813557, 0.00212040147744, -0.0012188294204, 0.0012429272756, -0.00118402391672, 0.000743372191209, -0.00141125381924, 0.00836831890047, -0.00266934675165, 0.00237796781585, -0.00206770910881], [0.000403261568863, -0.00247678835876, 0.00103047350422, -0.00236462429166, 0.00213137734681, -0.00202027335763, -0.000104965045466, -0.00107086612843, 0.000416258553741, -0.00266934675165, 0.00850588455796, -0.00378335011192, 6.0898521042e-05], [-0.000775975175202, 0.00195634993725, -0.00213625328615, 0.00203044619411, -0.000993245281279, 0.0018938598223, -0.000887337024324, 0.00128493912052, 0.00025507088867, 0.00237796781585, -0.00378335011192, 0.0108936959878, -0.00206607021391], [0.000337076344294, -0.00129869987722, 0.00179311714601, -0.00236936286092, -0.000192140912986, -0.000934718700591, 0.00126525200903, -8.17679829197e-05, -0.000318786100252, -0.00206770910881, 6.0898521042e-05, -0.00206607021391, 0.0098790442571]]
    },
    "melbands": {
        "dmean": [0.00192338286433, 0.00184376910329, 0.000596184574533, 0.000636797456536, 0.000327311892761, 0.000120718344988, 8.19225751911e-05, 0.000238833003095, 0.000357516488293, 0.000112236339191, 4.62857897219e-05, 5.58627798455e-05, 3.05519606627e-05, 2.32195525314e-05, 2.09565623663e-05, 2.11205151572e-05, 2.66357274086e-05, 2.30205005209e-05, 3.27388188452e-05, 2.24849991355e-05, 1.3358076103e-05, 1.9354336473e-05, 1.75126897375e-05, 2.0838338969e-05, 1.9084829546e-05, 8.44535043143e-06, 7.10401673132e-06, 6.2698200054e-06, 5.62178183827e-06, 3.71821033696e-06, 4.40286157755e-06, 5.55349515707e-06, 5.97857842877e-06, 6.30778640698e-06, 6.05923651165e-06, 4.42159625891e-06, 2.77281515082e-06, 1.90999094229e-06, 1.27271243855e-06, 8.06280354482e-07],
        "dmean2": [0.00315054180101, 0.00296154967509, 0.000999674666673, 0.000959512603004, 0.000530417251866, 0.00019966729451, 0.000132972098072, 0.000357119599357, 0.000527174619492, 0.000166576603078, 6.67130225338e-05, 8.08110708022e-05, 4.51405940112e-05, 3.64524094039e-05, 3.26100562233e-05, 3.0779527151e-05, 4.1679784772e-05, 3.5535380448e-05, 5.02668262925e-05, 3.38860409101e-05, 2.16148964682e-05, 3.40032929671e-05, 3.04387522192e-05, 3.4357093682e-05, 3.08642956952e-05, 1.37366268973e-05, 1.19933711176e-05, 9.6274588941e-06, 8.16231113276e-06, 5.26846497451e-06, 6.51001391816e-06, 8.21022422315e-06, 8.58369821799e-06, 8.64154480951e-06, 8.6970085249e-06, 6.45520958642e-06, 4.18989748141e-06, 2.76182277048e-06, 1.87419993836e-06, 1.1567144611e-06],
        "dvar": [2.04055377253e-05, 1.35663685796e-05, 2.61375339505e-06, 1.58236377956e-06, 3.18184731896e-07, 5.13580182826e-08, 4.18516172829e-08, 2.74550387758e-07, 4.27997463248e-07, 6.58055370195e-08, 1.2222574064e-08, 2.96338118488e-08, 6.65383659282e-09, 4.11050748994e-09, 3.65377417211e-09, 5.93210547351e-09, 4.18309697992e-09, 2.02044048159e-09, 3.98047683703e-09, 2.22014207019e-09, 7.66295027432e-10, 3.01167579764e-09, 1.71793590464e-09, 1.72080916183e-09, 1.58251933779e-09, 3.23977955574e-10, 2.23964985446e-10, 1.88890569852e-10, 7.77675771002e-11, 3.78491717135e-11, 1.15965202718e-10, 3.40047184855e-10, 2.72238148691e-10, 2.44440440111e-10, 2.56078325211e-10, 1.3613968286e-10, 5.78294183373e-11, 1.96433286304e-11, 7.19573402599e-12, 3.10464284489e-12],
        "dvar2": [5.504352157e-05, 3.32946001436e-05, 7.06665559846e-06, 3.46292290487e-06, 8.4089521124e-07, 1.30542773036e-07, 1.0014517926e-07, 4.72407862162e-07, 7.90764204339e-07, 1.2911580427e-07, 2.31855512567e-08, 5.74581093815e-08, 1.42273490766e-08, 1.01311385947e-08, 8.70086758198e-09, 1.04231769882e-08, 9.64248858537e-09, 4.73231986931e-09, 8.27983903662e-09, 4.56439863683e-09, 2.0572097359e-09, 8.60105586753e-09, 4.82841455707e-09, 4.59060522928e-09, 4.02725008897e-09, 8.82553752302e-10, 5.95368587764e-10, 4.30957880493e-10, 1.56424581621e-10, 7.59793131189e-11, 2.61663357648e-10, 8.05848221486e-10, 5.71017455542e-10, 4.1784847804e-10, 5.2660292793e-10, 2.71444339228e-10, 1.20624815692e-10, 3.40741636295e-11, 1.39520010128e-11, 6.3194974427e-12],
        "max": [0.0418110452592, 0.0364225693047, 0.0151790892705, 0.0167540684342, 0.00580744212493, 0.00243930378929, 0.0032548008021, 0.00862233527005, 0.00585919432342, 0.00385753344744, 0.0019050934352, 0.00320271612145, 0.00128377403598, 0.000888097623829, 0.00129359378479, 0.00233731837943, 0.000850357173476, 0.000485785334604, 0.000774656771682, 0.000529874523636, 0.00025954292505, 0.000408441905165, 0.000315521232551, 0.000331449729856, 0.00055127410451, 0.000203873205464, 0.000134927642648, 0.000237397020101, 8.77897255123e-05, 8.56910337461e-05, 0.000183438460226, 0.0003794952936, 0.000266053073574, 0.000200428301468, 0.000219843102968, 0.000157825998031, 0.000116043032904, 8.56686674524e-05, 3.43285719282e-05, 2.65285889327e-05],
        "mean": [0.0039397617802, 0.00426154769957, 0.000671497837175, 0.00080630381126, 0.000497386034112, 0.000179342139745, 0.000109091619379, 0.000359404017217, 0.000575315498281, 0.000165776989888, 6.64909239276e-05, 7.67553065089e-05, 3.85988169e-05, 2.78228180832e-05, 2.43149552261e-05, 2.46748477366e-05, 3.2060808735e-05, 2.97257483908e-05, 4.26281294494e-05, 2.74971953331e-05, 1.58082057169e-05, 1.7247724827e-05, 1.68298265635e-05, 2.30306322919e-05, 2.11790484173e-05, 9.24404412217e-06, 6.61925741952e-06, 7.61723777032e-06, 7.95743289927e-06, 5.30054330738e-06, 5.69410667595e-06, 6.74965622238e-06, 7.85856718721e-06, 8.90653427632e-06, 7.93104663899e-06, 5.81402719035e-06, 3.63809886039e-06, 2.36193500314e-06, 1.59394926413e-06, 9.70050109572e-07],
        "median": [0.000857204780914, 0.000903897278477, 0.000248870084761, 0.000247489544563, 0.00027631278499, 6.73302638461e-05, 2.70053151326e-05, 6.73198883305e-05, 9.70906185103e-05, 2.26638494496e-05, 9.74062731984e-06, 1.14230742838e-05, 7.05694719727e-06, 7.05564843884e-06, 6.52505104881e-06, 4.5376136768e-06, 8.11291010905e-06, 7.65318782214e-06, 8.01209534984e-06, 5.30437591806e-06, 3.22363416672e-06, 2.88060755338e-06, 3.69591043636e-06, 6.12077656115e-06, 5.58016563446e-06, 2.02377714231e-06, 1.53325913743e-06, 1.75296258931e-06, 2.55187478615e-06, 1.76632318016e-06, 8.54813606566e-07, 3.82973496471e-07, 5.28487362317e-07, 6.97824077633e-07, 4.92960509746e-07, 2.56326416093e-07, 1.5262422437e-07, 1.66892917264e-07, 1.68013258417e-07, 9.29951724515e-08],
        "min": [3.13904280347e-08, 8.17067657977e-08, 3.15021054575e-07, 4.52478332136e-07, 1.22607991671e-06, 1.33550827286e-07, 5.73804719295e-08, 6.88739874022e-08, 3.07373227315e-07, 6.63142358803e-08, 1.03798818429e-08, 2.0857333638e-08, 1.93542391003e-08, 2.62051589317e-08, 1.55527093426e-08, 1.7211803538e-08, 1.58844848386e-08, 1.34552955444e-08, 8.69235350365e-09, 1.13229026155e-08, 5.58466339839e-09, 2.43552178425e-09, 4.95648988519e-09, 4.86229900787e-09, 3.16733550498e-09, 1.77526049416e-09, 9.0489687965e-10, 1.01648478523e-09, 2.86973889096e-09, 1.87084903125e-09, 5.22004550696e-10, 5.66846743155e-11, 6.36257366238e-11, 9.15826026127e-11, 9.590355593e-11, 8.06538690001e-12, 1.42042074717e-12, 2.47189486761e-12, 5.97642595135e-13, 5.06087176561e-14],
