{
"highlevel": {
    "danceability": {
        "all": {
            "danceable": 0.212986111641,
            "not_danceable": 0.787013888359
        },
        "probability": 0.787013888359,
        "value": "not_danceable"
    },
    "gender": {
        "all": {
            "female": 0.148089274764,
            "male": 0.851910710335
        },
        "probability": 0.851910710335,
        "value": "male"
    },
    "genre_dortmund": {
        "all": {
            "alternative": 0.0495586134493,
            "blues": 0.184361279011,
            "electronic": 0.0604160055518,
            "folkcountry": 0.342076510191,
            "funksoulrnb": 0.0453747808933,
            "jazz": 0.0369294323027,
            "pop": 0.0390069670975,
            "raphiphop": 0.00296880630776,
            "rock": 0.239307612181
        },
        "probability": 0.342076510191,
        "value": "folkcountry"
    },
    "genre_electronic": {
        "all": {
            "ambient": 0.621826469898,
            "dnb": 0.220748469234,
            "house": 0.110084563494,
            "techno": 0.011727954261,
            "trance": 0.0356125310063
        },
        "probability": 0.621826469898,
        "value": "ambient"
    },
    "genre_rosamerica": {
        "all": {
            "cla": 0.112553238869,
            "dan": 0.0103304628283,
            "hip": 0.0139144584537,
            "jaz": 0.0643599405885,
            "pop": 0.239036396146,
            "rhy": 0.427532762289,
            "roc": 0.123244270682,
            "spe": 0.00902845803648
        },
        "probability": 0.427532762289,
        "value": "rhy"
    },
    "genre_tzanetakis": {
        "all": {
            "blu": 0.051919516176,
            "cla": 0.034292563796,
            "cou": 0.102883465588,
            "dis": 0.103133872151,
            "hip": 0.154353126884,
            "jaz": 0.308695971966,
            "met": 0.0440924502909,
            "pop": 0.0617302507162,
            "reg": 0.0617318749428,
            "roc": 0.0771669149399
        },
        "probability": 0.308695971966,
        "value": "jaz"
    },
    "ismir04_rhythm": {
        "all": {
            "ChaChaCha": 0.0600543767214,
            "Jive": 0.112541891634,
            "Quickstep": 0.324997395277,
            "Rumba-American": 0.0117387445644,
            "Rumba-International": 0.0298247504979,
            "Rumba-Misc": 0.00844493228942,
            "Samba": 0.128108069301,
            "Tango": 0.0666659623384,
            "VienneseWaltz": 0.239803865552,
            "Waltz": 0.0178199969232
        },
        "probability": 0.324997395277,
        "value": "Quickstep"
    },
    "mood_acoustic": {
        "all": {
            "acoustic": 0.352596461773,
            "not_acoustic": 0.647403538227
        },
        "probability": 0.647403538227,
        "value": "not_acoustic"
    },
    "mood_aggressive": {
        "all": {
            "aggressive": 0.224955260754,
            "not_aggressive": 0.775044739246
        },
        "probability": 0.775044739246,
        "value": "not_aggressive"
    },
    "mood_electronic": {
        "all": {
            "electronic": 0.141806408763,
            "not_electronic": 0.858193576336
        },
        "probability": 0.858193576336,
        "value": "not_electronic"
    },
    "mood_happy": {
        "all": {
            "happy": 0.963371574879,
            "not_happy": 0.0366284064949
        },
        "probability": 0.963371574879,
        "value": "happy"
    },
    "mood_party": {
        "all": {
            "not_party": 0.838110029697,
            "party": 0.161889955401
        },
        "probability": 0.838110029697,
        "value": "not_party"
    },
    "mood_relaxed": {
        "all": {
            "not_relaxed": 0.823661386967,
            "relaxed": 0.176338583231
        },
        "probability": 0.823661386967,
        "value": "not_relaxed"
    },
    "mood_sad": {
        "all": {
            "not_sad": 0.844903409481,
            "sad": 0.155096575618
        },
        "probability": 0.844903409481,
        "value": "not_sad"
    },
    "moods_mirex": {
        "all": {
            "Cluster1": 0.227862551808,
            "Cluster2": 0.37178209424,
            "Cluster3": 0.0803627073765,
            "Cluster4": 0.212724342942,
            "Cluster5": 0.107268303633
        },
        "probability": 0.37178209424,
        "value": "Cluster2"
    },
    "timbre": {
        "all": {
            "bright": 0.991035342216,
            "dark": 0.00896467734128
        },
        "probability": 0.991035342216,
        "value": "bright"
    },
    "tonal_atonal": {
        "all": {
            "atonal": 0.0039883046411,
            "tonal": 0.996011674404
        },
        "probability": 0.996011674404,
        "value": "tonal"
    },
    "voice_instrumental": {
        "all": {
            "instrumental": 0.0934101864696,
            "voice": 0.90658980608
        },
        "probability": 0.90658980608,
        "value": "voice"
    }
},
"lowlevel": {
    "average_loudness": 0.946628570557,
    "barkbands_crest": {
        "dmean": 2.12076473236,
        "dmean2": 3.4093132019,
        "dvar": 3.41892075539,
        "dvar2": 8.27673721313,
        "max": 20.3739261627,
        "mean": 7.98034477234,
        "median": 7.45235729218,
        "min": 2.85430645943,
        "var": 8.36923694611
    },
    "barkbands_flatness_db": {
        "dmean": 0.0188928712159,
        "dmean2": 0.0283651109785,
        "dvar": 0.000298623519484,
        "dvar2": 0.000630537746474,
        "max": 0.28363648057,
        "mean": 0.142758309841,
        "median": 0.138223111629,
        "min": 0.0666680335999,
        "var": 0.00119624030776
    },
    "barkbands_kurtosis": {
        "dmean": 1.4356033802,
        "dmean2": 2.27035021782,
        "dvar": 2.39474964142,
        "dvar2": 5.70483016968,
        "max": 18.5166378021,
        "mean": 1.86254227161,
        "median": 1.18348550797,
        "min": -1.61539781094,
        "var": 5.78712129593
    },
    "barkbands_skewness": {
        "dmean": 0.407362043858,
        "dmean2": 0.61516481638,
        "dvar": 0.127474963665,
        "dvar2": 0.292214483023,
        "max": 3.79014468193,
        "mean": 0.94166302681,
        "median": 0.988871097565,
        "min": -1.76921546459,
        "var": 0.681993067265
    },
    "barkbands_spread": {
        "dmean": 4.18000364304,
        "dmean2": 6.47361373901,
        "dvar": 19.9994850159,
        "dvar2": 52.1892204285,
        "max": 72.1323928833,
        "mean": 17.917798996,
        "median": 17.0739002228,
        "min": 3.90412926674,
        "var": 45.8111495972
    },
    "dissonance": {
        "dmean": 0.0222942121327,
        "dmean2": 0.038033336401,
        "dvar": 0.000419277348556,
        "dvar2": 0.00110265577678,
        "max": 0.499573737383,
        "mean": 0.461155712605,
        "median": 0.467215567827,
        "min": 0.314562380314,
        "var": 0.000727054255549
    },
    "dynamic_complexity": 2.95216798782,
    "erbbands_crest": {
        "dmean": 2.82405042648,
        "dmean2": 4.45936393738,
        "dvar": 6.77708244324,
        "dvar2": 15.6219091415,
        "max": 27.3427200317,
        "mean": 9.64676189423,
        "median": 8.3915605545,
        "min": 2.48532223701,
        "var": 22.4703712463
    },
    "erbbands_flatness_db": {
        "dmean": 0.0186898633838,
        "dmean2": 0.026236968115,
        "dvar": 0.000288347306196,
        "dvar2": 0.000584725930821,
        "max": 0.333659380674,
        "mean": 0.188022449613,
        "median": 0.185017839074,
        "min": 0.103581860662,
        "var": 0.00156971439719
    },
    "erbbands_kurtosis": {
        "dmean": 0.926640450954,
        "dmean2": 1.41172003746,
        "dvar": 1.30732226372,
        "dvar2": 2.76730966568,
        "max": 20.5170211792,
        "mean": 0.876006484032,
        "median": 0.346556901932,
        "min": -1.58158636093,
        "var": 3.89746332169
    },
    "erbbands_skewness": {
        "dmean": 0.332833737135,
        "dmean2": 0.503487825394,
        "dvar": 0.0812508612871,
        "dvar2": 0.188727617264,
        "max": 3.80757856369,
        "mean": 0.481076598167,
        "median": 0.508255422115,
        "min": -1.66077458858,
        "var": 0.349475681782
    },
    "erbbands_spread": {
        "dmean": 6.05677509308,
        "dmean2": 9.08618450165,
        "dvar": 32.8041687012,
        "dvar2": 72.7657546997,
        "max": 106.907829285,
        "mean": 28.4592857361,
        "median": 27.4565086365,
        "min": 5.09819459915,
        "var": 156.591400146
    },
    "hfc": {
        "dmean": 6.23093414307,
        "dmean2": 8.00064182281,
        "dvar": 53.3520812988,
        "dvar2": 89.3923339844,
        "max": 136.938552856,
        "mean": 19.8633613586,
        "median": 15.124871254,
        "min": 0.23787394166,
        "var": 316.486480713
    },
    "melbands_crest": {
        "dmean": 2.82541370392,
        "dmean2": 4.53961181641,
        "dvar": 6.12033128738,
        "dvar2": 16.0954780579,
        "max": 25.0598316193,
        "mean": 10.527130127,
        "median": 9.87942123413,
        "min": 4.13898420334,
        "var": 12.4170122147
    },
    "melbands_flatness_db": {
        "dmean": 0.0227414146066,
        "dmean2": 0.0333442799747,
        "dvar": 0.000485267490149,
        "dvar2": 0.000923290557694,
        "max": 0.393409311771,
        "mean": 0.185056239367,
        "median": 0.176859334111,
        "min": 0.0635097101331,
        "var": 0.00226630852558
    },
    "melbands_kurtosis": {
        "dmean": 2.8836209774,
        "dmean2": 4.50138139725,
        "dvar": 11.8808937073,
        "dvar2": 29.5599136353,
        "max": 45.1918258667,
        "mean": 5.41729068756,
        "median": 3.90948009491,
        "min": -1.45890271664,
        "var": 32.2046318054
    },
    "melbands_skewness": {
        "dmean": 0.507383823395,
        "dmean2": 0.760048925877,
        "dvar": 0.206656441092,
        "dvar2": 0.471302032471,
        "max": 5.44980621338,
        "mean": 1.6096971035,
        "median": 1.63543820381,
        "min": -1.1101359129,
        "var": 1.1332950592
    },
    "melbands_spread": {
        "dmean": 5.44126272202,
        "dmean2": 8.42349910736,
        "dvar": 30.1567134857,
        "dvar2": 74.8050842285,
        "max": 84.6619873047,
        "mean": 22.4213848114,
        "median": 21.4279766083,
        "min": 3.14061641693,
        "var": 96.1498641968
    },
    "pitch_salience": {
        "dmean": 0.0628430843353,
        "dmean2": 0.0995159074664,
        "dvar": 0.00276047829539,
        "dvar2": 0.00684052798897,
        "max": 0.82876932621,
        "mean": 0.622059166431,
        "median": 0.630341172218,
        "min": 0.291315406561,
        "var": 0.00862935744226
    },
    "silence_rate_20dB": {
        "dmean": 0,
        "dmean2": 0,
        "dvar": 0,
        "dvar2": 0,
        "max": 1,
        "mean": 1,
        "median": 1,
        "min": 1,
        "var": 0
    },
    "silence_rate_30dB": {
        "dmean": 0,
        "dmean2": 0,
        "dvar": 0,
        "dvar2": 0,
        "max": 1,
        "mean": 1,
        "median": 1,
        "min": 1,
        "var": 0
    },
    "silence_rate_60dB": {
        "dmean": 0.0286377705634,
        "dmean2": 0.0573199056089,
        "dvar": 0.0278176851571,
        "dvar2": 0.0617805272341,
        "max": 1,
        "mean": 0.0355761796236,
        "median": 0,
        "min": 0,
        "var": 0.0343107581139
    },
    "spectral_centroid": {
        "dmean": 207.291625977,
        "dmean2": 313.585296631,
        "dvar": 37096.3945312,
        "dvar2": 84812.875,
        "max": 2701.18603516,
        "mean": 1185.97375488,
        "median": 1192.13549805,
        "min": 285.527618408,
        "var": 141922.78125
    },
    "spectral_complexity": {
        "dmean": 4.12693500519,
        "dmean2": 5.61270332336,
        "dvar": 17.37383461,
        "dvar2": 27.276802063,
        "max": 48,
        "mean": 18.8283061981,
        "median": 19,
        "min": 2,
        "var": 73.1089324951
    },
    "spectral_decrease": {
        "dmean": 1.93278038019e-09,
        "dmean2": 2.7471207531e-09,
        "dvar": 5.30837409201e-18,
        "dvar2": 1.12459472529e-17,
        "max": -2.60576310529e-10,
        "mean": -5.78702152865e-09,
        "median": -4.85872764244e-09,
        "min": -2.80629279814e-08,
        "var": 1.81920905677e-17
    },
    "spectral_energy": {
        "dmean": 0.00778155494481,
        "dmean2": 0.0109709575772,
        "dvar": 8.52502780617e-05,
        "dvar2": 0.000177619294845,
        "max": 0.109762825072,
        "mean": 0.0236432459205,
        "median": 0.019862363115,
        "min": 0.00101700110827,
        "var": 0.000308187765768
    },
    "spectral_energyband_high": {
        "dmean": 0.000174119588337,
        "dmean2": 0.000228236865951,
        "dvar": 5.72014933198e-08,
        "dvar2": 1.14304754106e-07,
        "max": 0.00339054688811,
        "mean": 0.000431846681749,
        "median": 0.000269320356892,
        "min": 1.02889737263e-06,
        "var": 2.37312121953e-07
    },
    "spectral_energyband_low": {
        "dmean": 0.00220568361692,
        "dmean2": 0.00351747195236,
        "dvar": 1.89194470295e-05,
        "dvar2": 4.83370167785e-05,
        "max": 0.0569413751364,
        "mean": 0.0036602653563,
        "median": 0.00225212052464,
        "min": 0.00015473352687,
        "var": 2.19962585106e-05
    },
    "spectral_energyband_middle_high": {
        "dmean": 0.00314098130912,
        "dmean2": 0.00416277814656,
        "dvar": 1.80357692443e-05,
        "dvar2": 2.75053007499e-05,
        "max": 0.0806688740849,
        "mean": 0.00895999092609,
        "median": 0.00518660293892,
        "min": 7.01708995621e-05,
        "var": 0.000109048371087
    },
    "spectral_energyband_middle_low": {
        "dmean": 0.0050049200654,
        "dmean2": 0.00770053546876,
        "dvar": 4.44850847998e-05,
        "dvar2": 0.000110436427349,
        "max": 0.0621542483568,
        "mean": 0.0111544262618,
        "median": 0.00836641713977,
        "min": 0.00019003613852,
        "var": 9.71666013356e-05
    },
    "spectral_entropy": {
        "dmean": 0.15429250896,
        "dmean2": 0.221514493227,
        "dvar": 0.0205039940774,
        "dvar2": 0.0388044267893,
        "max": 8.48690700531,
        "mean": 7.46250152588,
        "median": 7.49189853668,
        "min": 6.43416547775,
        "var": 0.089802801609
    },
    "spectral_flux": {
        "dmean": 0.0228941254318,
        "dmean2": 0.0342983417213,
        "dvar": 0.000576827616896,
        "dvar2": 0.0011718791211,
        "max": 0.228083595634,
        "mean": 0.0805164203048,
        "median": 0.0747031122446,
        "min": 0.0118278348818,
        "var": 0.00162884313613
    },
    "spectral_kurtosis": {
        "dmean": 1.96773445606,
        "dmean2": 3.3450653553,
        "dvar": 4.31771707535,
        "dvar2": 11.6424703598,
        "max": 21.9515514374,
        "mean": 4.27181482315,
        "median": 3.54843616486,
        "min": 0.139043331146,
        "var": 7.87250900269
    },
    "spectral_rms": {
        "dmean": 0.000796767417341,
        "dmean2": 0.00107694405597,
        "dvar": 6.84927783823e-07,
        "dvar2": 1.28238775687e-06,
        "max": 0.0103482212871,
        "mean": 0.00446287123486,
        "median": 0.00440203538164,
        "min": 0.000996090471745,
        "var": 3.14936914947e-06
    },
    "spectral_rolloff": {
        "dmean": 302.647918701,
        "dmean2": 514.945861816,
        "dvar": 307108.84375,
        "dvar2": 831401.75,
        "max": 8764.01367188,
        "mean": 1185.39208984,
        "median": 1162.79296875,
        "min": 172.265625,
        "var": 356979.78125
    },
    "spectral_skewness": {
        "dmean": 0.232318609953,
        "dmean2": 0.37458845973,
        "dvar": 0.0407504737377,
        "dvar2": 0.105472616851,
        "max": 2.95213294029,
        "mean": 1.47260570526,
        "median": 1.42337334156,
        "min": 0.468001574278,
        "var": 0.120894439518
    },
    "spectral_spread": {
        "dmean": 420116.75,
        "dmean2": 628344.875,
        "dvar": 210928566272,
        "dvar2": 481090699264,
        "max": 8668638,
        "mean": 3582442.5,
        "median": 3542627.75,
        "min": 1807646.75,
        "var": 655697969152
    },
    "spectral_strongpeak": {
        "dmean": 0.786496639252,
        "dmean2": 1.23353075981,
        "dvar": 1.04396152496,
        "dvar2": 2.28107190132,
        "max": 14.3462142944,
        "mean": 1.58672678471,
        "median": 0.594572722912,
        "min": 0,
        "var": 3.9892771244
    },
    "zerocrossingrate": {
        "dmean": 0.00660918140784,
        "dmean2": 0.00797021761537,
        "dvar": 4.75621382066e-05,
        "dvar2": 7.05963175278e-05,
        "max": 0.14404296875,
        "mean": 0.0501033961773,
        "median": 0.05126953125,
        "min": 0.009765625,
        "var": 0.000248969998211
    },
    "barkbands": {
        "dmean": [6.46225671517e-05, 0.000930096721277, 0.00119769515004, 0.000982209690847, 0.00154871260747, 0.00113224401139, 0.0014379916247, 0.000889785354957, 0.00100525212474, 0.000897761667147, 0.00117673329078, 0.000909351452719, 0.000656953139696, 0.000508758530486, 0.000319965416566, 0.000278372172033, 0.000223096765694, 0.000146076403325, 0.000104547587398, 9.52899572439e-05, 6.06984031037e-05, 4.17397823185e-05, 3.72795402654e-05, 2.14658884943e-05, 1.32920176839e-05, 9.89283535091e-07, 1.9949082386e-09],
        "dmean2": [0.00011256748985, 0.00145810225513, 0.00195246981457, 0.00164479995146, 0.00247997581027, 0.00183543749154, 0.00238812575117, 0.00142334715929, 0.00160289055202, 0.0013714293018, 0.00166512571741, 0.00129990023561, 0.000948181084823, 0.000702747202013, 0.000477862253319, 0.000421603326686, 0.000343704334227, 0.000215549021959, 0.000151102605741, 0.000137381197419, 8.65509646246e-05, 5.64553010918e-05, 5.51470220671e-05, 3.06399306282e-05, 2.05446795007e-05, 1.49381548908e-06, 3.38119798826e-09],
        "dvar": [3.15896930836e-09, 3.07272716782e-06, 8.12946473161e-06, 2.02960609386e-06, 4.00940052714e-06, 3.35820868713e-06, 7.67968867876e-06, 2.26847737395e-06, 4.50345896752e-06, 2.70965597338e-06, 6.4085820668e-06, 5.24118195244e-06, 1.2795993598e-06, 3.16769410347e-06, 1.05213609913e-06, 1.9314315125e-07, 1.39553776535e-07, 5.3825260693e-08, 2.18720010992e-08, 1.91737061783e-08, 8.45647463166e-09, 3.61525120951e-09, 7.73489450268e-09, 1.32421029697e-09, 1.01834785049e-09, 4.22417396201e-12, 2.57989427424e-16],
        "dvar2": [9.37020860903e-09, 7.50825984142e-06, 2.14126230276e-05, 5.23327616975e-06, 1.03774364106e-05, 8.63911100168e-06, 2.1067853595e-05, 5.46667797607e-06, 1.20772619994e-05, 5.85152520216e-06, 1.02132071333e-05, 9.5102159321e-06, 2.55958525486e-06, 4.48675382358e-06, 2.55376949099e-06, 4.33170953329e-07, 3.34860857265e-07, 1.1139435685e-07, 4.35874554228e-08, 3.87227494514e-08, 1.70321037274e-08, 7.22475101966e-09, 2.0281266444e-08, 3.1623690333e-09, 2.50586440487e-09, 9.42616991406e-12, 3.84195986606e-16],
        "max": [0.000773598381784, 0.0219496358186, 0.0429084151983, 0.0140590416268, 0.0213668923825, 0.0198614150286, 0.0274693146348, 0.0233983621001, 0.0310178212821, 0.0223242864013, 0.0484455600381, 0.0393029563129, 0.0193838570267, 0.0562229678035, 0.0230544954538, 0.0055784760043, 0.00407241191715, 0.00441338913515, 0.00178362056613, 0.0022520266939, 0.00166231882758, 0.00114716391545, 0.00120930967387, 0.000392877904233, 0.000417218281655, 2.98887443932e-05, 4.97591486237e-07],
        "mean": [0.000334537995514, 0.00162211887073, 0.00146866228897, 0.00127413577866, 0.00271265464835, 0.00162467802875, 0.00197262270376, 0.00123205827549, 0.00167104892898, 0.00136071699671, 0.00226011383347, 0.0016652776394, 0.00137647218071, 0.000818123866338, 0.000509671110194, 0.000417576084146, 0.000331932795234, 0.000254870014032, 0.000210524754948, 0.000188893711311, 0.000134227826493, 8.85734334588e-05, 5.81627136853e-05, 3.5477361962e-05, 1.88437006727e-05, 1.27754583445e-06, 1.49991308263e-09],
        "median": [0.000330898474203, 0.000937504111789, 0.000593768025283, 0.000576994847506, 0.00188526639249, 0.000926591805182, 0.000994371483102, 0.000524382281583, 0.000484297546791, 0.000528914562892, 0.000532543344889, 0.000351490307366, 0.000383461010642, 0.000167461010278, 0.000148560007801, 0.00017928230227, 0.000169762177393, 0.000135523994686, 0.000120732045616, 0.000107470674266, 7.98664041213e-05, 4.85944365209e-05, 2.35361185332e-05, 1.6711119315e-05, 5.452656751e-06, 2.2763582308e-07, 2.417644418e-10],
        "min": [3.76506141038e-05, 7.60547573009e-06, 5.46982255401e-06, 3.95876350012e-06, 1.91081398953e-05, 5.57915700483e-06, 5.40815290151e-06, 4.78580477647e-06, 2.19588127948e-06, 4.4242660806e-06, 2.90809430226e-06, 3.21989841723e-06, 1.67416817476e-06, 1.06109769149e-06, 2.06013169191e-06, 1.69944735262e-06, 1.12326813451e-06, 3.9029126242e-07, 1.18152479445e-06, 1.21091363781e-06, 2.30480793562e-07, 5.13731208684e-08, 2.24507612501e-08, 1.83611561511e-08, 1.84129711478e-10, 1.09350905067e-11, 1.04520099173e-11],
        "var": [3.65669383662e-09, 4.52609447166e-06, 7.75572061684e-06, 3.20906133311e-06, 7.84630447015e-06, 4.16032526118e-06, 8.02843533165e-06, 3.99395867134e-06, 1.10039818537e-05, 5.38301628694e-06, 2.501345989e-05, 1.75163149834e-05, 5.85216639593e-06, 8.95559242053e-06, 1.93322625819e-06, 3.63562378425e-07, 2.04603196607e-07, 1.27031810848e-07, 6.31405967511e-08, 5.6475279564e-08, 2.93043420641e-08, 1.29359927215e-08, 9.52902912132e-09, 2.4241850749e-09, 1.45310352639e-09, 7.73656139152e-12, 2.3123041254e-16]
    },
    "erbbands": {
        "dmean": [0.0147621752694, 0.261704355478, 1.22169399261, 2.19070339203, 4.59884023666, 6.20230007172, 5.89760446548, 11.2860889435, 17.3544788361, 22.606420517, 16.2660961151, 23.2427253723, 31.3177223206, 28.5231342316, 43.0238990784, 35.7853965759, 28.7330360413, 17.5741348267, 25.6012382507, 11.263551712, 13.7321043015, 11.9387664795, 8.85207557678, 5.48015499115, 5.03463554382, 4.69334506989, 2.79315066338, 2.24204850197, 1.75910401344, 1.16058409214, 1.09064292908, 0.411020606756, 0.394552707672, 0.228478327394, 0.041844073683, 0.00662506604567, 0.00180309417192, 0.000102772639366, 6.03596618021e-06, 9.2269929155e-06],
        "dmean2": [0.0217674225569, 0.416415959597, 2.00156378746, 3.58134102821, 7.77555036545, 10.0757570267, 8.94504642487, 18.7311401367, 29.404335022, 37.4550933838, 25.609462738, 36.3253326416, 46.5677833557, 42.040927887, 61.3687362671, 51.7722625732, 41.4557991028, 24.64412117, 36.5296516418, 16.5199451447, 20.5086975098, 18.3183174133, 12.9423036575, 7.904337883, 7.30562543869, 6.71971988678, 4.01783180237, 3.19571518898, 2.40376782417, 1.65597689152, 1.61115586758, 0.547281146049, 0.580539405346, 0.358724951744, 0.0625676810741, 0.00986699946225, 0.00256083207205, 0.000152680455358, 7.87245244283e-06, 1.27195262394e-05],
        "dvar": [0.000545330403838, 0.259294867516, 7.76244115829, 13.8176956177, 45.4478607178, 81.7876815796, 65.9409179688, 381.022979736, 1325.97229004, 1605.82287598, 973.973571777, 2197.82788086, 4292.58056641, 5465.91064453, 6445.90771484, 9064.91015625, 2324.8425293, 1762.66894531, 6813.14550781, 347.073059082, 518.435791016, 482.790527344, 198.963119507, 47.6775894165, 58.0046691895, 49.7161331177, 17.9079818726, 13.1677751541, 8.35201644897, 3.92022156715, 7.45504426956, 0.326495319605, 0.662288427353, 0.343398094177, 0.00612618401647, 0.000160236886586, 2.13347575482e-05, 8.53493560271e-08, 6.64223190339e-11, 1.17468118566e-10],
        "dvar2": [0.00112947751768, 0.643938422203, 20.2896785736, 35.5010299683, 118.804244995, 231.273452759, 134.438613892, 991.579956055, 3625.93334961, 4367.26123047, 2145.16625977, 5274.36035156, 9028.14160156, 9960.10546875, 10498.7958984, 17860.0253906, 4961.51220703, 2726.28466797, 12842.6347656, 772.679260254, 1207.57092285, 1159.01171875, 402.614196777, 102.086502075, 117.305549622, 99.0954284668, 37.2065544128, 28.7818336487, 18.2377071381, 9.2845287323, 19.8479309082, 0.675053119659, 1.60703897476, 0.870290100574, 0.0144999213517, 0.000354723306373, 4.6774835937e-05, 1.96182725176e-07, 1.22954896264e-10, 2.35611780086e-10],
        "max": [0.419991463423, 6.50123548508, 36.2162895203, 52.5648231506, 74.4789199829, 106.797897339, 98.6775283813, 234.601074219, 497.646789551, 362.407440186, 652.238952637, 697.232910156, 1329.68164062, 1468.44262695, 1945.36730957, 1784.87609863, 935.176391602, 1312.67407227, 1988.96032715, 323.561126709, 386.151245117, 252.612747192, 252.917434692, 93.3662567139, 102.413978577, 106.866912842, 71.9611434937, 62.1900863647, 62.1088066101, 29.7981300354, 44.0399589539, 7.39574956894, 8.08235454559, 6.49478054047, 1.64224004745, 0.238226592541, 0.0667522028089, 0.00452026166022, 0.000112161222205, 0.000131632943521],
        "mean": [0.0291086118668, 0.434629559517, 1.54669356346, 3.02660012245, 6.55966186523, 9.96162891388, 9.84052085876, 15.500749588, 23.5749568939, 31.9828853607, 25.6289615631, 38.2348403931, 51.0390205383, 54.9784049988, 85.4777069092, 76.3466644287, 64.6923446655, 32.1989250183, 47.3486747742, 21.3321723938, 21.2918052673, 18.3117771149, 15.3987922668, 11.1901283264, 10.3141860962, 9.27598953247, 6.06377410889, 4.82108831406, 3.64888715744, 2.13339090347, 1.65784096718, 0.777740001678, 0.585791826248, 0.316950023174, 0.0626985952258, 0.00959383882582, 0.00230749789625, 0.000118480471428, 1.71127758222e-05, 2.87564198516e-05],
        "median": [0.016849020496, 0.248482093215, 0.678570330143, 1.59279382229, 3.45725631714, 5.75825595856, 5.48040914536, 9.07490921021, 11.8244171143, 17.2785644531, 9.98480701447, 13.3159999847, 18.1778259277, 16.625328064, 27.2987976074, 22.3105049133, 20.6030006409, 12.7188987732, 9.48840332031, 9.18291473389, 10.3896617889, 9.45216083527, 8.16149997711, 7.38401126862, 6.1399064064, 4.99742078781, 3.74081754684, 2.85575699806, 1.95370662212, 0.983709812164, 0.62725520134, 0.412643194199, 0.232348561287, 0.0892300009727, 0.0227066017687, 0.00264022755437, 0.000389481690945, 2.37387976085e-05, 1.36820744956e-05, 2.40488661802e-05],
        "min": [0.000754561100621, 0.00332501460798, 0.0216812733561, 0.0295914411545, 0.0740854740143, 0.0798947960138, 0.0689841136336, 0.0485291928053, 0.134304180741, 0.211006313562, 0.118501864374, 0.0770055428147, 0.239343866706, 0.265300571918, 0.148319348693, 0.220702007413, 0.166389197111, 0.0762444809079, 0.0847679525614, 0.101360403001, 0.115604318678, 0.0776107981801, 0.0648461058736, 0.0570684708655, 0.0661268010736, 0.0627652779222, 0.0175147373229, 0.00660566613078, 0.00199943501502, 0.000973209389485, 0.000600494968239, 0.000425623409683, 0.000225350013352, 0.000111556706543, 6.27192930551e-05, 9.94175024971e-06, 2.69884662885e-06, 2.48708232675e-07, 5.19698005519e-07, 1.13996145501e-06],
        "var": [0.00127687258646, 0.350021004677, 7.31354141235, 17.3566932678, 70.3947296143, 139.326705933, 141.79498291, 419.743804932, 1359.09973145, 1824.91467285, 2159.69848633, 4749.60498047, 9872.26171875, 16152.5537109, 30027.6660156, 30796.0644531, 10238.0615234, 4933.76220703, 23192.5625, 1283.81237793, 906.977844238, 685.538635254, 465.643615723, 145.619018555, 147.812057495, 141.01373291, 52.7661437988, 40.8776512146, 26.2252063751, 9.29806613922, 8.57226085663, 0.933791160583, 0.984395205975, 0.439888387918, 0.0115409605205, 0.000334976939484, 3.32625022565e-05, 1.03264106599e-07, 2.21695689584e-10, 4.63465155143e-10]
    },
    "gfcc": {
        "mean": [-16.0662078857, 127.796066284, -147.433990479, 36.0360069275, -69.8197402954, 15.0962209702, -32.7948799133, 1.14991521835, -21.5122375488, -6.66169452667, -4.49761390686, -8.27518367767, -2.02027654648],
        "cov": [[3991.14160156, -1042.69934082, -521.294189453, -71.4570922852, -458.167480469, 264.883270264, -245.052124023, 29.2833938599, -83.8858032227, 62.479309082, -94.8815612793, 88.6844558716, -102.928367615], [-1042.69934082, 645.255493164, 79.7736816406, 0.708107292652, 236.991348267, -148.55128479, 156.313903809, -55.9749069214, 80.4813156128, -79.5666656494, 66.2194595337, -85.435218811, 58.392742157], [-521.294189453, 79.7736816406, 477.225708008, 109.306671143, -16.6474781036, -5.96090555191, -49.4347229004, 82.4353637695, -22.7252922058, 16.061498642, -41.2266464233, 26.3589038849, -20.2571659088], [-71.4570922852, 0.708107292652, 109.306671143, 165.574264526, -2.04595780373, 6.28951501846, -28.6733150482, 17.8647041321, 15.1565980911, -12.2238321304, -4.52155303955, -12.5735464096, 13.1565208435], [-458.167480469, 236.991348267, -16.6474781036, -2.04595780373, 273.462005615, -21.9987182617, 53.8810653687, -3.81698441505, 26.4179420471, -17.0907402039, 9.62413215637, -39.9789733887, 4.34920930862], [264.883270264, -148.55128479, -5.96090555191, 6.28951501846, -21.9987182617, 133.584640503, 11.2380075455, 4.15661764145, -30.5154800415, 12.3630609512, 1.75487148762, 23.7452449799, -14.975312233], [-245.052124023, 156.313903809, -49.4347229004, -28.6733150482, 53.8810653687, 11.2380075455, 199.699417114, -30.3234653473, -14.548169136, -12.0626945496, 39.2058029175, 0.992178022861, 15.6158332825], [29.2833938599, -55.9749069214, 82.4353637695, 17.8647041321, -3.81698441505, 4.15661764145, -30.3234653473, 117.442520142, 32.2028617859, 19.0446777344, -29.0043392181, 1.81789052486, -12.8215751648], [-83.8858032227, 80.4813156128, -22.7252922058, 15.1565980911, 26.4179420471, -30.5154800415, -14.548169136, 32.2028617859, 111.789886475, -3.13753700256, 9.48118877411, -31.7450447083, 13.4763565063], [62.479309082, -79.5666656494, 16.061498642, -12.2238321304, -17.0907402039, 12.3630609512, -12.0626945496, 19.0446777344, -3.13753700256, 73.1454849243, 3.85820579529, 20.7715034485, -11.5623559952], [-94.8815612793, 66.2194595337, -41.2266464233, -4.52155303955, 9.62413215637, 1.75487148762, 39.2058029175, -29.0043392181, 9.48118877411, 3.85820579529, 71.9002380371, 11.0190553665, 21.0597419739], [88.6844558716, -85.435218811, 26.3589038849, -12.5735464096, -39.9789733887, 23.7452449799, 0.992178022861, 1.81789052486, -31.7450447083, 20.7715034485, 11.0190553665, 79.5449066162, 9.01879119873], [-102.928367615, 58.392742157, -20.2571659088, 13.1565208435, 4.34920930862, -14.975312233, 15.6158332825, -12.8215751648, 13.4763565063, -11.5623559952, 21.0597419739, 9.01879119873, 57.6144676208]],
        "icov": [[0.000612180680037, -0.000200478680199, 0.00112524232827, -0.000397120660637, 0.000874363409821, -0.000979804666713, 0.000668034830596, -0.000498430104926, 0.000278779101791, -0.000143758297781, 0.000762124371249, -0.000657401513308, 0.00090077490313], [-0.000200478680199, 0.0164646878839, -0.00905742961913, 0.00540883233771, -0.00891400780529, 0.0119311893359, -0.00914488732815, 0.00730039039627, -0.00742811243981, 0.00945455115288, -0.0102964723483, 0.0105512263253, -0.0078407432884], [0.00112524232827, -0.00905742961913, 0.00986765790731, -0.0057605872862, 0.00602300371975, -0.00701161986217, 0.00599834928289, -0.00663877930492, 0.00561631191522, -0.00540820974857, 0.00734365591779, -0.00809824932367, 0.00677892379463], [-0.000397120660637, 0.00540883233771, -0.0057605872862, 0.0102789960802, -0.00318185193464, 0.00275301071815, -0.00221833982505, 0.00274945539422, -0.00334744341671, 0.00428640609607, -0.00443417672068, 0.00618010666221, -0.00609852699563], [0.000874363409821, -0.00891400780529, 0.00602300371975, -0.00318185193464, 0.0100469905883, -0.00720693543553, 0.00448350561783, -0.00456369761378, 0.00373716372997, -0.00487530743703, 0.00609330320731, -0.00446727033705, 0.00519771827385], [-0.000979804666713, 0.0119311893359, -0.00701161986217, 0.00275301071815, -0.00720693543553, 0.0188243761659, -0.00813129264861, 0.00464526657015, -0.00357727799565, 0.00642065797001, -0.00899789854884, 0.00599084887654, -0.00378565303981], [0.000668034830596, -0.00914488732815, 0.00599834928289, -0.00221833982505, 0.00448350561783, -0.00813129264861, 0.0119926184416, -0.00444273790345, 0.00566950673237, -0.00430381763726, 0.00307264295407, -0.0057624578476, 0.00397536950186], [-0.000498430104926, 0.00730039039627, -0.00663877930492, 0.00274945539422, -0.00456369761378, 0.00464526657015, -0.00444273790345, 0.0168248619884, -0.00911939516664, 0.00153107324149, 0.000152516702656, 0.00328806834295, -0.00288130366243], [0.000278779101791, -0.00742811243981, 0.00561631191522, -0.00334744341671, 0.00373716372997, -0.00357727799565, 0.00566950673237, -0.00911939516664, 0.0174465961754, -0.00462521007285, 0.000732176995371, 0.00040016300045, 0.000648212851956], [-0.000143758297781, 0.00945455115288, -0.00540820974857, 0.00428640609607, -0.00487530743703, 0.00642065797001, -0.00430381763726, 0.00153107324149, -0.00462521007285, 0.0222174245864, -0.00897339172661, 0.00210957787931, -0.000684921105858], [0.000762124371249, -0.0102964723483, 0.00734365591779, -0.00443417672068, 0.00609330320731, -0.00899789854884, 0.00307264295407, 0.000152516702656, 0.000732176995371, -0.00897339172661, 0.0277465935796, -0.010698129423, 0.00135447166394], [-0.000657401513308, 0.0105512263253, -0.00809824932367, 0.00618010666221, -0.00446727033705, 0.00599084887654, -0.0057624578476, 0.00328806834295, 0.00040016300045, 0.00210957787931, -0.010698129423, 0.0266980566084, -0.0118778198957], [0.00090077490313, -0.0078407432884, 0.00677892379463, -0.00609852699563, 0.00519771827385, -0.00378565303981, 0.00397536950186, -0.00288130366243, 0.000648212851956, -0.000684921105858, 0.00135447166394, -0.0118778198957, 0.0286688413471]]
    },
    "melbands": {
        "dmean": [0.000193185027456, 0.000536465842742, 0.000456139852758, 0.000350434827851, 0.000231212339713, 0.000244147726335, 0.000280227541225, 0.000235875602812, 0.000133975583594, 0.000152198816068, 0.000157382528414, 0.000112174282549, 0.000139420459163, 0.000108616768557, 9.49279783526e-05, 5.2718049119e-05, 3.57860335498e-05, 5.06583892275e-05, 1.63455188158e-05, 1.98560865101e-05, 1.5847321265e-05, 1.35931795739e-05, 9.09656955628e-06, 7.61949877415e-06, 4.50990273748e-06, 3.96101722799e-06, 3.81861991627e-06, 3.24530742546e-06, 1.94477979676e-06, 1.4692801642e-06, 1.44204727803e-06, 1.09706559215e-06, 7.52513017233e-07, 6.95851099408e-07, 7.89014848124e-07, 3.40040827496e-07, 2.35218351463e-07, 2.12994294202e-07, 4.36670717363e-07, 1.24523566569e-07],
        "dmean2": [0.000298459111946, 0.000872561300639, 0.000742156291381, 0.000572636490688, 0.000351292692358, 0.000401307828724, 0.000469778518891, 0.000384824495995, 0.000211033169762, 0.000239889486693, 0.000235047336901, 0.000166883663042, 0.000195894288481, 0.000160423805937, 0.000135914975544, 7.59475442464e-05, 5.11759899382e-05, 7.09645901225e-05, 2.37849344558e-05, 3.03038523271e-05, 2.38671891566e-05, 2.10522030102e-05, 1.36560602186e-05, 1.11269591798e-05, 6.62466754875e-06, 5.81850918024e-06, 5.56647955818e-06, 4.81471170133e-06, 2.88886303679e-06, 2.17713409256e-06, 2.1073735752e-06, 1.53571306782e-06, 1.05744527445e-06, 1.04281548374e-06, 1.20318452446e-06, 4.76813795558e-07, 3.25065514062e-07, 3.0182673072e-07, 6.97005873462e-07, 1.97543315039e-07],
        "dvar": [1.11151614135e-07, 1.35645336741e-06, 4.41715002353e-07, 2.05457382663e-07, 9.56030064003e-08, 1.75884125042e-07, 3.15745978696e-07, 1.63334149761e-07, 6.50705018757e-08, 1.04437965831e-07, 1.07288514073e-07, 7.88027207932e-08, 6.62826806774e-08, 8.11982587834e-08, 4.09862934703e-08, 1.12448139689e-08, 1.0260344574e-08, 3.08712024832e-08, 1.06130548794e-09, 1.00591368568e-09, 8.08906996941e-10, 6.61756316411e-10, 1.9924727146e-10, 1.62291680095e-10, 3.66226493576e-11, 4.39724957835e-11, 3.19891647893e-11, 2.50685028291e-11, 8.48728899661e-12, 4.95421932645e-12, 6.33572664818e-12, 2.86265737677e-12, 1.32807252608e-12, 1.98384299439e-12, 4.5458064396e-12, 3.26959244184e-13, 1.11149262537e-13, 1.09671894775e-13, 1.58773970534e-12, 7.44971575747e-14],
        "dvar2": [2.63462226258e-07, 3.49482002093e-06, 1.1051142792e-06, 5.44259933122e-07, 2.1850907217e-07, 4.55192036952e-07, 8.6343862904e-07, 4.43680022499e-07, 1.42947129689e-07, 2.61156458237e-07, 2.26904191436e-07, 1.47584003685e-07, 1.0491521607e-07, 1.55236250521e-07, 7.965410731e-08, 2.0860355221e-08, 1.60595963195e-08, 5.42105915713e-08, 2.40434161469e-09, 2.25385266006e-09, 1.85671356068e-09, 1.59438506842e-09, 3.9778408345e-10, 3.89713761262e-10, 7.97243798756e-11, 9.17061357408e-11, 6.73858885358e-11, 5.21814709498e-11, 1.78706736909e-11, 1.12488603501e-11, 1.43781375694e-11, 6.34512321157e-12, 2.95606074341e-12, 5.18774259661e-12, 1.2246168489e-11, 7.85233748683e-13, 2.2941568892e-13, 2.4547773753e-13, 4.01450487436e-12, 1.94848829996e-13],
        "max": [0.00475205853581, 0.0140976123512, 0.00841049943119, 0.00527623994276, 0.00390189979225, 0.00503897154704, 0.00658513186499, 0.00358168641105, 0.00522884260863, 0.00497445045039, 0.00643245968968, 0.00537963910028, 0.00576661154628, 0.00521271023899, 0.00370730715804, 0.00215402408503, 0.00333340908401, 0.00462059676647, 0.000658374920022, 0.000504634750541, 0.000526846153662, 0.00034246200812, 0.000312406307785, 0.000186461591511, 8.92637835932e-05, 9.10166927497e-05, 6.56461706967e-05, 8.24754242785e-05, 3.68235996575e-05, 4.60200826637e-05, 4.40807525592e-05, 3.18659294862e-05, 1.82547883014e-05, 1.87015302799e-05, 3.17865087709e-05, 9.32519742491e-06, 4.56361749457e-06, 4.86100952912e-06, 1.26506956803e-05, 3.49121182808e-06],
        "mean": [0.000374515715521, 0.000758227601182, 0.00066189840436, 0.000578119768761, 0.00039574879338, 0.000340790342307, 0.000383997219615, 0.000337534147548, 0.000204958196264, 0.000250985787716, 0.000250482931733, 0.000203157425858, 0.000275769358268, 0.0002018964733, 0.000217522218009, 9.71494373516e-05, 5.58544052183e-05, 8.99293954717e-05, 2.91074047709e-05, 3.00201609207e-05, 2.36959403992e-05, 1.96560013137e-05, 1.46773036249e-05, 1.27731182147e-05, 8.55328198668e-06, 7.6964715845e-06, 7.00439295542e-06, 6.03652324571e-06, 3.84839950129e-06, 3.04977174892e-06, 2.78802099274e-06, 2.14558849621e-06, 1.44791556522e-06, 1.09774987322e-06, 1.07542678052e-06, 6.07631250205e-07, 4.18371399746e-07, 3.3790391285e-07, 5.44207352959e-07, 1.69551071849e-07],
        "median": [0.000225716416026, 0.000395871931687, 0.000360279256711, 0.000406858889619, 0.000243479938945, 0.000193036074052, 0.000199180183699, 0.000184168209671, 7.75235457695e-05, 7.7697011875e-05, 7.60760085541e-05, 5.03229821334e-05, 7.40113318898e-05, 6.00085077167e-05, 4.16979310103e-05, 3.6159868614e-05, 1.78723803401e-05, 1.37052629725e-05, 1.02767253338e-05, 1.21955827126e-05, 1.0956639926e-05, 9.36321430345e-06, 7.59222712077e-06, 6.38452547719e-06, 5.05380739924e-06, 4.18767103838e-06, 3.87389764001e-06, 2.97292444884e-06, 2.22776566261e-06, 1.78101333859e-06, 1.5075236206e-06, 1.15008435841e-06, 7.05423872205e-07, 4.33529663724e-07, 3.65330151908e-07, 2.87792346398e-07, 2.17291102445e-07, 1.62325392239e-07, 1.19620466421e-07, 5.35278417146e-08],
        "min": [1.48134286064e-05, 5.69374151382e-06, 6.1400796767e-06, 4.83268831886e-06, 3.04299283016e-06, 1.10892790417e-06, 1.80526217264e-06, 2.15916338675e-06, 9.39477047268e-07, 4.25559022688e-07, 1.0551326568e-06, 7.67645929045e-07, 3.90713637444e-07, 6.10259519362e-07, 1.7753210102e-07, 1.53531601654e-07, 1.21476901427e-07, 1.08741318172e-07, 1.20822249983e-07, 1.06481962803e-07, 8.37956335431e-08, 5.58924888594e-08, 6.45056559279e-08, 2.1129437755e-08, 3.12218375598e-08, 4.05791382718e-08, 5.16389064842e-08, 3.98183601646e-08, 1.03692512354e-08, 4.4403778432e-09, 2.90507795597e-09, 9.10629571749e-10, 8.13482559092e-10, 4.23813734107e-10, 3.07749603579e-10, 3.38772149222e-10, 2.22827284402e-10, 1.65590707812e-10, 1.24662169476e-10, 1.33225743805e-12],
