{
"highlevel": {
    "danceability": {
        "all": {
            "danceable": 0.999547302723,
            "not_danceable": 0.000452670239611
        },
        "probability": 0.999547302723,
        "value": "danceable"
    },
    "gender": {
        "all": {
            "female": 0.0256533399224,
            "male": 0.974346637726
        },
        "probability": 0.974346637726,
        "value": "male"
    },
    "genre_dortmund": {
        "all": {
            "alternative": 0.000349915761035,
            "blues": 0.00172139180358,
            "electronic": 0.0211492814124,
            "folkcountry": 0.000941095699091,
            "funksoulrnb": 0.00115810032003,
            "jazz": 0.00115029711742,
            "pop": 0.00719264009967,
            "raphiphop": 0.964494645596,
            "rock": 0.00184262124822
        },
        "probability": 0.964494645596,
        "value": "raphiphop"
    },
    "genre_electronic": {
        "all": {
            "ambient": 0.104596063495,
            "dnb": 0.748359799385,
            "house": 0.119419068098,
            "techno": 0.0157302934676,
            "trance": 0.0118947988376
        },
        "probability": 0.748359799385,
        "value": "dnb"
    },
    "genre_rosamerica": {
        "all": {
            "cla": 5.70344695916e-07,
            "dan": 0.000310539238853,
            "hip": 0.994826734066,
            "jaz": 1.02081446585e-06,
            "pop": 0.000287996634142,
            "rhy": 0.00456326873973,
            "roc": 6.56173779134e-06,
            "spe": 3.29577369484e-06
        },
        "probability": 0.994826734066,
        "value": "hip"
    },
    "genre_tzanetakis": {
        "all": {
            "blu": 0.0660622343421,
            "cla": 0.0366779305041,
            "cou": 0.0825211331248,
            "dis": 0.0660345107317,
            "hip": 0.110081255436,
            "jaz": 0.330360710621,
            "met": 0.066074848175,
            "pop": 0.0660562589765,
            "reg": 0.0660489574075,
            "roc": 0.110082156956
        },
        "probability": 0.330360710621,
        "value": "jaz"
    },
    "ismir04_rhythm": {
        "all": {
            "ChaChaCha": 0.0315391011536,
            "Jive": 0.0219644587487,
            "Quickstep": 0.119262337685,
            "Rumba-American": 0.01032113377,
            "Rumba-International": 0.231018647552,
            "Rumba-Misc": 0.0198088139296,
            "Samba": 0.55523443222,
            "Tango": 0.00339521467686,
            "VienneseWaltz": 0.00407814187929,
            "Waltz": 0.00337773794308
        },
        "probability": 0.55523443222,
        "value": "Samba"
    },
    "mood_acoustic": {
        "all": {
            "acoustic": 0.0250872708857,
            "not_acoustic": 0.974912703037
        },
        "probability": 0.974912703037,
        "value": "not_acoustic"
    },
    "mood_aggressive": {
        "all": {
            "aggressive": 0.042919959873,
            "not_aggressive": 0.957080066204
        },
        "probability": 0.957080066204,
        "value": "not_aggressive"
    },
    "mood_electronic": {
        "all": {
            "electronic": 0.971928358078,
            "not_electronic": 0.0280716270208
        },
        "probability": 0.971928358078,
        "value": "electronic"
    },
    "mood_happy": {
        "all": {
            "happy": 0.182605907321,
            "not_happy": 0.817394077778
        },
        "probability": 0.817394077778,
        "value": "not_happy"
    },
    "mood_party": {
        "all": {
            "not_party": 0.267892569304,
            "party": 0.732107400894
        },
        "probability": 0.732107400894,
        "value": "party"
    },
    "mood_relaxed": {
        "all": {
            "not_relaxed": 0.800378262997,
            "relaxed": 0.199621751904
        },
        "probability": 0.800378262997,
        "value": "not_relaxed"
    },
    "mood_sad": {
        "all": {
            "not_sad": 0.594183027744,
            "sad": 0.405817002058
        },
        "probability": 0.594183027744,
        "value": "not_sad"
    },
    "moods_mirex": {
        "all": {
            "Cluster1": 0.110703669488,
            "Cluster2": 0.0933234468102,
            "Cluster3": 0.490572988987,
            "Cluster4": 0.172947406769,
            "Cluster5": 0.132452502847
        },
        "probability": 0.490572988987,
        "value": "Cluster3"
    },
    "timbre": {
        "all": {
            "bright": 0.355169743299,
            "dark": 0.644830226898
        },
        "probability": 0.644830226898,
        "value": "dark"
    },
    "tonal_atonal": {
        "all": {
            "atonal": 0.792253553867,
            "tonal": 0.207746461034
        },
        "probability": 0.792253553867,
        "value": "atonal"
    },
    "voice_instrumental": {
        "all": {
            "instrumental": 0.000434511486674,
            "voice": 0.99956548214
        },
        "probability": 0.99956548214,
        "value": "voice"
    }
},
"lowlevel": {
    "average_loudness": 0.968325138092,
    "barkbands_crest": {
        "dmean": 2.60330510139,
        "dmean2": 3.96913266182,
        "dvar": 7.35935020447,
        "dvar2": 14.916302681,
        "max": 25.8857917786,
        "mean": 13.6927976608,
        "median": 13.3169441223,
        "min": 2.18867397308,
        "var": 28.3773078918
    },
    "barkbands_flatness_db": {
        "dmean": 0.0306383632123,
        "dmean2": 0.04307545349,
        "dvar": 0.000955975730903,
        "dvar2": 0.00179201888386,
        "max": 0.394092231989,
        "mean": 0.197111621499,
        "median": 0.196189314127,
        "min": 0.0289084669203,
        "var": 0.00454575754702
    },
    "barkbands_kurtosis": {
        "dmean": 12.2060527802,
        "dmean2": 19.2562332153,
        "dvar": 477.786895752,
        "dvar2": 1098.86755371,
        "max": 258.460601807,
        "mean": 18.3437328339,
        "median": 8.47062778473,
        "min": -1.94775319099,
        "var": 851.232666016
    },
    "barkbands_skewness": {
        "dmean": 1.10676491261,
        "dmean2": 1.67267096043,
        "dvar": 1.64593279362,
        "dvar2": 3.48909926414,
        "max": 13.7732458115,
        "mean": 3.17191362381,
        "median": 2.65616512299,
        "min": -1.06739115715,
        "var": 5.30521965027
    },
    "barkbands_spread": {
        "dmean": 10.2620735168,
        "dmean2": 14.9030971527,
        "dvar": 169.331008911,
        "dvar2": 316.23236084,
        "max": 125.425804138,
        "mean": 24.0289173126,
        "median": 16.7426109314,
        "min": 0.536944687366,
        "var": 487.596466064
    },
    "dissonance": {
        "dmean": 0.0217295438051,
        "dmean2": 0.0360370241106,
        "dvar": 0.000472199113574,
        "dvar2": 0.00120893702842,
        "max": 0.499912172556,
        "mean": 0.455238282681,
        "median": 0.462525993586,
        "min": 0.278161108494,
        "var": 0.00114640488755
    },
    "dynamic_complexity": 3.38072729111,
    "erbbands_crest": {
        "dmean": 2.83357310295,
        "dmean2": 4.68838071823,
        "dvar": 7.03122806549,
        "dvar2": 16.8725986481,
        "max": 26.8758049011,
        "mean": 8.4304189682,
        "median": 7.53970479965,
        "min": 2.47109508514,
        "var": 14.576089859
    },
    "erbbands_flatness_db": {
        "dmean": 0.0193223599344,
        "dmean2": 0.0297852568328,
        "dvar": 0.000286069756839,
        "dvar2": 0.000683202524669,
        "max": 0.253061413765,
        "mean": 0.132201775908,
        "median": 0.130365401506,
        "min": 0.0643573850393,
        "var": 0.000828182150144
    },
    "erbbands_kurtosis": {
        "dmean": 1.47869753838,
        "dmean2": 2.34752368927,
        "dvar": 4.98843860626,
        "dvar2": 11.9855766296,
        "max": 24.662405014,
        "mean": 0.582328915596,
        "median": -0.368499994278,
        "min": -1.81942927837,
        "var": 8.4474363327
    },
    "erbbands_skewness": {
        "dmean": 0.606214284897,
        "dmean2": 0.914600253105,
        "dvar": 0.329988151789,
        "dvar2": 0.71925085783,
        "max": 3.93365502357,
        "mean": 0.171546816826,
        "median": 0.266446918249,
        "min": -3.9325094223,
        "var": 1.1633541584
    },
    "erbbands_spread": {
        "dmean": 18.3163452148,
        "dmean2": 28.3504943848,
        "dvar": 393.744476318,
        "dvar2": 912.254577637,
        "max": 178.103469849,
        "mean": 58.8541183472,
        "median": 52.9167327881,
        "min": 6.88575983047,
        "var": 834.787719727
    },
    "hfc": {
        "dmean": 20.5830230713,
        "dmean2": 27.5246200562,
        "dvar": 2862.8371582,
        "dvar2": 4979.95751953,
        "max": 511.474365234,
        "mean": 28.464006424,
        "median": 11.1182670593,
        "min": 0.561163663864,
        "var": 4247.79003906
    },
    "melbands_crest": {
        "dmean": 3.42158126831,
        "dmean2": 5.07148790359,
        "dvar": 11.2182703018,
        "dvar2": 23.8205280304,
        "max": 37.9692497253,
        "mean": 24.1321773529,
        "median": 25.9606819153,
        "min": 5.06253767014,
        "var": 56.8157310486
    },
    "melbands_flatness_db": {
        "dmean": 0.0382574647665,
        "dmean2": 0.0517658032477,
        "dvar": 0.00149111275095,
        "dvar2": 0.00258957128972,
        "max": 0.488840609789,
        "mean": 0.260577648878,
        "median": 0.262206017971,
        "min": 0.0291306003928,
        "var": 0.00758617511019
    },
    "melbands_kurtosis": {
        "dmean": 35.7275733948,
        "dmean2": 55.9733543396,
        "dvar": 4222.34960938,
        "dvar2": 10315.1826172,
        "max": 863.772338867,
        "mean": 59.0329399109,
        "median": 28.5875492096,
        "min": -1.1380661726,
        "var": 6849.15722656
    },
    "melbands_skewness": {
        "dmean": 1.74730861187,
        "dmean2": 2.60541081429,
        "dvar": 4.05501508713,
        "dvar2": 9.20768070221,
        "max": 24.723323822,
        "mean": 5.42218065262,
        "median": 4.47113180161,
        "min": 0.103572562337,
        "var": 12.8564071655
    },
    "melbands_spread": {
        "dmean": 9.61549949646,
        "dmean2": 14.1652460098,
        "dvar": 295.291442871,
        "dvar2": 599.683166504,
        "max": 159.308105469,
        "mean": 19.2627258301,
        "median": 10.5089378357,
        "min": 0.516717195511,
        "var": 617.318725586
    },
    "pitch_salience": {
        "dmean": 0.081521384418,
        "dmean2": 0.126381680369,
        "dvar": 0.00799785275012,
        "dvar2": 0.0187276992947,
        "max": 0.800208628178,
        "mean": 0.380468428135,
        "median": 0.357859879732,
        "min": 0.0601741448045,
        "var": 0.0231263395399
    },
    "silence_rate_20dB": {
        "dmean": 0,
        "dmean2": 0,
        "dvar": 0,
        "dvar2": 0,
        "max": 1,
        "mean": 1,
        "median": 1,
        "min": 1,
        "var": 0
    },
    "silence_rate_30dB": {
        "dmean": 0.0603715181351,
        "dmean2": 0.120836563408,
        "dvar": 0.0567264780402,
        "dvar2": 0.12482624501,
        "max": 1,
        "mean": 0.90023201704,
        "median": 1,
        "min": 0,
        "var": 0.0898151621222
    },
    "silence_rate_60dB": {
        "dmean": 0,
        "dmean2": 0,
        "dvar": 0,
        "dvar2": 0,
        "max": 0,
        "mean": 0,
        "median": 0,
        "min": 0,
        "var": 0
    },
    "spectral_centroid": {
        "dmean": 436.337738037,
        "dmean2": 648.069335938,
        "dvar": 256200.640625,
        "dvar2": 516224.34375,
        "max": 5315.11767578,
        "mean": 1503.53808594,
        "median": 1227.09643555,
        "min": 218.188537598,
        "var": 904405.0625
    },
    "spectral_complexity": {
        "dmean": 4.01006174088,
        "dmean2": 5.69790840149,
        "dvar": 38.8673973083,
        "dvar2": 57.5833282471,
        "max": 61,
        "mean": 12.8839902878,
        "median": 9,
        "min": 0,
        "var": 123.197685242
    },
    "spectral_decrease": {
        "dmean": 4.40067671192e-09,
        "dmean2": 6.87364343221e-09,
        "dvar": 8.57715356208e-17,
        "dvar2": 1.95752636068e-16,
        "max": -7.26843807364e-10,
        "mean": -1.08261462017e-08,
        "median": -6.66701405194e-09,
        "min": -7.49512452103e-08,
        "var": 1.60472880017e-16
    },
    "spectral_energy": {
        "dmean": 0.017990000546,
        "dmean2": 0.0276025086641,
        "dvar": 0.0013293295633,
        "dvar2": 0.00299156433903,
        "max": 0.285969614983,
        "mean": 0.0434421934187,
        "median": 0.0267650447786,
        "min": 0.00283428654075,
        "var": 0.00247217225842
    },
    "spectral_energyband_high": {
        "dmean": 0.0023533210624,
        "dmean2": 0.00319625413977,
        "dvar": 4.15815629822e-05,
        "dvar2": 7.6643882494e-05,
        "max": 0.0629648938775,
        "mean": 0.00264600175433,
        "median": 0.000466522702482,
        "min": 1.35602522278e-06,
        "var": 5.72460085095e-05
    },
    "spectral_energyband_low": {
        "dmean": 0.0135486163199,
        "dmean2": 0.0220181178302,
        "dvar": 0.00115384103265,
        "dvar2": 0.00263821217231,
        "max": 0.279703527689,
        "mean": 0.0316359549761,
        "median": 0.0174870342016,
        "min": 0.00182075437624,
        "var": 0.00210233801045
    },
    "spectral_energyband_middle_high": {
        "dmean": 0.00137532583904,
        "dmean2": 0.00202777306549,
        "dvar": 1.02332305687e-05,
        "dvar2": 2.08159071917e-05,
        "max": 0.033965960145,
        "mean": 0.00238089356571,
        "median": 0.000742849428207,
        "min": 5.5904234614e-05,
        "var": 2.01026905415e-05
    },
    "spectral_energyband_middle_low": {
        "dmean": 0.00509880296886,
        "dmean2": 0.00887211319059,
        "dvar": 0.000134494897793,
        "dvar2": 0.000388694170397,
        "max": 0.0844939574599,
        "mean": 0.00690164230764,
        "median": 0.00459915818647,
        "min": 4.6402503358e-05,
        "var": 9.67603627942e-05
    },
    "spectral_entropy": {
        "dmean": 0.245137706399,
        "dmean2": 0.344940304756,
        "dvar": 0.067301556468,
        "dvar2": 0.137152269483,
        "max": 8.7463312149,
        "mean": 7.68714523315,
        "median": 7.68065834045,
        "min": 6.10838365555,
        "var": 0.214003682137
    },
    "spectral_flux": {
        "dmean": 0.0371462665498,
        "dmean2": 0.0569694973528,
        "dvar": 0.00347704673186,
        "dvar2": 0.00675369566306,
        "max": 0.457395970821,
        "mean": 0.094026863575,
        "median": 0.0671119391918,
        "min": 0.00943111162633,
        "var": 0.00634798966348
    },
    "spectral_kurtosis": {
        "dmean": 1.50996613503,
        "dmean2": 2.23334312439,
        "dvar": 2.87079882622,
        "dvar2": 6.35217905045,
        "max": 14.0515651703,
        "mean": 2.56992006302,
        "median": 2.22097349167,
        "min": -1.44099700451,
        "var": 5.82776927948
    },
    "spectral_rms": {
        "dmean": 0.00109643663745,
        "dmean2": 0.00158594804816,
        "dvar": 2.9853513297e-06,
        "dvar2": 5.87435306443e-06,
        "max": 0.0167031362653,
        "mean": 0.00585198868066,
        "median": 0.00511001376435,
        "min": 0.00166287634056,
        "var": 8.13679071143e-06
    },
    "spectral_rolloff": {
        "dmean": 680.397766113,
        "dmean2": 1066.6204834,
        "dvar": 2079543.25,
        "dvar2": 3930075.5,
        "max": 10400.5371094,
        "mean": 1156.41455078,
        "median": 366.064453125,
        "min": 43.06640625,
        "var": 4055139.5
    },
    "spectral_skewness": {
        "dmean": 0.326266050339,
        "dmean2": 0.452856421471,
        "dvar": 0.102397397161,
        "dvar2": 0.213957205415,
        "max": 3.20445466042,
        "mean": 1.28598892689,
        "median": 1.2986395359,
        "min": -0.278901994228,
        "var": 0.318745315075
    },
    "spectral_spread": {
        "dmean": 1061604.75,
        "dmean2": 1468858.125,
        "dvar": 1.33985612595e+12,
        "dvar2": 2.48770356838e+12,
        "max": 19120310,
        "mean": 5963606,
        "median": 5610048,
        "min": 2342205.25,
        "var": 3.573972992e+12
    },
    "spectral_strongpeak": {
        "dmean": 0.186241298914,
        "dmean2": 0.320586770773,
        "dvar": 0.134256482124,
        "dvar2": 0.362130075693,
        "max": 3.35102748871,
        "mean": 0.344226509333,
        "median": 0.194336399436,
        "min": 0,
        "var": 0.153933182359
    },
    "zerocrossingrate": {
        "dmean": 0.0181306544691,
        "dmean2": 0.0201863255352,
        "dvar": 0.000412027176935,
        "dvar2": 0.00044783600606,
        "max": 0.26904296875,
        "mean": 0.0533491633832,
        "median": 0.041015625,
        "min": 0.00244140625,
        "var": 0.00189245294314
    },
    "barkbands": {
        "dmean": [0.0013024477521, 0.0118859326467, 0.00283711031079, 0.00124995282385, 0.00107357802335, 0.00128618418239, 0.00177875999361, 0.000583682849538, 0.000424690602813, 0.000177156936843, 0.00016674969811, 0.000193528860109, 0.000197789617232, 0.000208323370316, 0.000190366903553, 0.000154180510435, 0.000224954506848, 0.00017320967163, 0.000187923942576, 0.000224914896535, 0.000360462727258, 0.00039383454714, 0.000518758781254, 0.000701481767464, 0.000275836791843, 9.81648918241e-05, 1.12253712814e-06],
        "dmean2": [0.00222794897854, 0.0187497455627, 0.00531406793743, 0.00234671798535, 0.00180714065209, 0.00213434686884, 0.00316591840237, 0.000930844573304, 0.000662403996103, 0.000281428045128, 0.000273186655249, 0.000328333495418, 0.000343342573615, 0.000359938159818, 0.000296871701721, 0.000231546291616, 0.000370134628611, 0.000241708083195, 0.000262824032689, 0.00030786707066, 0.000479598500533, 0.000549239921384, 0.00074925244553, 0.00105853239074, 0.000397050229367, 0.000133937079227, 1.98229508896e-06],
        "dvar": [2.96511325359e-06, 0.00095501577016, 0.000163603879628, 2.55013528658e-05, 6.57664031678e-06, 4.80555945614e-06, 3.40035403497e-05, 1.92050356418e-06, 1.46551838043e-06, 2.13591732745e-07, 1.95465972297e-07, 3.09745502136e-07, 3.31187976599e-07, 4.9561481319e-07, 2.3033479124e-07, 9.77865255436e-08, 2.90489879262e-07, 1.78218982683e-07, 3.230902621e-07, 4.10787379224e-07, 1.2305627024e-06, 1.29044622099e-06, 2.17017759496e-06, 3.44014370057e-06, 7.40397581467e-07, 1.15448770543e-07, 2.80526730317e-11],
        "dvar2": [8.32714158605e-06, 0.00204818486236, 0.000476621411508, 7.62577110436e-05, 1.83294614544e-05, 1.23807485579e-05, 9.7583841125e-05, 4.27735267294e-06, 3.45925764123e-06, 4.57596030401e-07, 5.15286387781e-07, 7.26409041363e-07, 9.45637054883e-07, 1.4261781871e-06, 5.47473632651e-07, 2.35335306797e-07, 8.12555924767e-07, 3.47366921005e-07, 5.73730744691e-07, 7.84708504398e-07, 2.17114848056e-06, 2.5046774681e-06, 4.44065426564e-06, 7.63854768593e-06, 1.45811293351e-06, 2.21506098796e-07, 7.56784426792e-11],
        "max": [0.018374087289, 0.267962932587, 0.117264792323, 0.0438538566232, 0.0262640658766, 0.0196777526289, 0.0616831816733, 0.0260416567326, 0.0211892407387, 0.00909002497792, 0.00536003196612, 0.00982481148094, 0.00697601446882, 0.007785405498, 0.0049945935607, 0.0029619242996, 0.00440637813881, 0.00571032939479, 0.00901919603348, 0.00752213364467, 0.0119235636666, 0.0119669120759, 0.0164363048971, 0.0157245043665, 0.00807737838477, 0.00373392226174, 5.54971666133e-05],
        "mean": [0.00478991679847, 0.0244538858533, 0.00231121131219, 0.00097934959922, 0.00122325064149, 0.00181780336425, 0.00159622437786, 0.000648187357001, 0.000567885057535, 0.000223810973694, 0.000192942286958, 0.000214087616769, 0.000204533978831, 0.000219135297812, 0.000254731450696, 0.000207349570701, 0.00028017355362, 0.000223613416892, 0.000255204475252, 0.00029313203413, 0.00042157236021, 0.000437019858509, 0.000529794429895, 0.000712084933184, 0.000286711234367, 9.76944938884e-05, 7.21291144146e-07],
        "median": [0.00402281666175, 0.0106788268313, 0.000737405905966, 0.000178208501893, 0.000507496471982, 0.0008338696789, 0.000414654961787, 0.000114847258374, 0.000131320586661, 3.57857970812e-05, 1.94252734218e-05, 2.65298367594e-05, 2.69188494713e-05, 2.76978662441e-05, 3.9958038542e-05, 5.72403259866e-05, 6.88757208991e-05, 6.06736939517e-05, 4.26704573329e-05, 3.26029439748e-05, 2.59799035121e-05, 7.58050591685e-05, 7.79615656938e-05, 0.000132875225972, 3.25186301779e-05, 6.96094230079e-06, 5.54372825423e-10],
        "min": [1.70321106907e-06, 0.000856852275319, 2.99176633689e-07, 2.6803735409e-07, 1.95611082745e-05, 1.05137787614e-05, 2.47750017479e-06, 4.64556222823e-07, 2.08326400752e-06, 3.0338313195e-07, 3.13971440846e-07, 3.86231477023e-07, 7.51196125748e-07, 1.50949389877e-07, 6.24051665454e-07, 5.60113903703e-07, 4.24418118428e-07, 1.58114494297e-06, 2.74733963579e-07, 7.04978674548e-07, 1.77346862529e-07, 1.5280761545e-07, 2.40932052975e-07, 2.0294923786e-07, 1.18130829563e-08, 6.39360925314e-11, 9.52864263187e-12],
        "var": [1.40885340443e-05, 0.00173928088043, 8.98457874428e-05, 1.46069269249e-05, 5.05743901158e-06, 6.72726355333e-06, 2.08677174669e-05, 2.78872312265e-06, 1.96830387722e-06, 3.56039294047e-07, 2.65203738081e-07, 4.37976240164e-07, 3.18003202437e-07, 4.76275118899e-07, 3.4796570958e-07, 1.46854873151e-07, 3.41018392191e-07, 2.65836234803e-07, 5.32012165877e-07, 7.09003700194e-07, 1.95352254195e-06, 1.7198342448e-06, 2.58050249613e-06, 3.63578283213e-06, 9.06870923245e-07, 1.48085121054e-07, 1.84580857543e-11]
    },
    "erbbands": {
        "dmean": [0.529610931873, 2.11930608749, 3.19651770592, 4.03638362885, 3.22982335091, 3.93389797211, 5.64292907715, 12.6997051239, 27.0506458282, 17.2875137329, 11.2322845459, 9.58757591248, 6.23700666428, 6.72968959808, 6.6885175705, 7.43428134918, 8.84267425537, 10.232711792, 10.4318666458, 8.59889698029, 9.53833866119, 12.4831523895, 9.90076446533, 7.39324045181, 11.1517505646, 10.2450618744, 12.1611852646, 16.3491573334, 14.2774085999, 17.5528144836, 13.9015073776, 16.8497581482, 9.00694656372, 4.51136064529, 1.327023983, 0.520670890808, 0.181581676006, 0.012060941197, 0.000390440400224, 5.18789238413e-05],
        "dmean2": [0.791962146759, 3.36419582367, 5.85322475433, 7.53820323944, 5.83165502548, 6.57540941238, 9.00037670135, 21.2150821686, 48.8265686035, 28.8811855316, 17.5374298096, 14.8137798309, 9.44821834564, 10.9813528061, 11.1221837997, 12.221906662, 15.0734891891, 17.6877441406, 17.1151428223, 12.313284874, 14.9415969849, 20.3901176453, 14.2289924622, 9.7941493988, 15.8608255386, 14.4704217911, 16.3655357361, 22.1920166016, 19.3695831299, 25.933134079, 19.8654308319, 25.3321151733, 13.373919487, 6.68535375595, 1.85439705849, 0.727707386017, 0.261953294277, 0.0181280579418, 0.000591086281929, 7.80598566053e-05],
        "dvar": [1.64016520977, 36.9043769836, 180.247879028, 301.788330078, 132.787704468, 72.1291503906, 95.2513198853, 606.810241699, 9010.75292969, 1572.82397461, 805.806396484, 607.881103516, 285.386047363, 330.244842529, 327.308624268, 392.658172607, 676.139587402, 1125.08325195, 970.571105957, 356.321868896, 424.888458252, 888.969238281, 574.600769043, 387.045806885, 1174.44458008, 904.653320312, 1230.98461914, 2926.42602539, 1668.29760742, 3028.18994141, 1355.41040039, 2268.53393555, 449.981170654, 208.469650269, 17.4235610962, 3.19261717796, 0.436153680086, 0.00199493509717, 2.19795902012e-06, 2.08028225757e-08],
        "dvar2": [3.74363994598, 79.7208862305, 521.739013672, 892.87713623, 389.429382324, 192.909347534, 220.349517822, 1603.81481934, 25996.3925781, 4173.44384766, 1942.52416992, 1356.10107422, 537.376403809, 813.309570312, 873.428527832, 874.345092773, 1907.66540527, 3336.79858398, 2643.76538086, 654.732849121, 1116.92700195, 2481.14624023, 1207.35461426, 606.239929199, 2220.24804688, 1781.44189453, 2157.27392578, 5637.15136719, 3061.58813477, 6847.70019531, 2683.06567383, 5136.23291016, 932.385253906, 443.795257568, 32.2730064392, 6.11864757538, 0.863348543644, 0.00429827719927, 5.01379463458e-06, 4.63741542944e-08],
        "max": [11.7151489258, 54.8883247375, 119.001960754, 143.777679443, 115.973342896, 84.8199234009, 98.6335525513, 212.116653442, 975.565917969, 395.629486084, 428.259490967, 366.086242676, 335.159942627, 347.646514893, 223.609039307, 387.533111572, 327.46081543, 458.66494751, 336.183319092, 268.238037109, 190.774719238, 265.827880859, 318.356658936, 212.158554077, 538.90814209, 387.976135254, 365.877044678, 629.474182129, 424.502502441, 621.285461426, 370.153839111, 441.059631348, 214.410079956, 128.494247437, 53.3610496521, 24.8588104248, 6.4483294487, 0.507925152779, 0.0160269979388, 0.00158505945001],
        "mean": [1.12896764278, 3.80985665321, 3.3194167614, 3.13531947136, 2.95480179787, 4.4880065918, 8.4090051651, 16.6849040985, 24.6095027924, 18.3607368469, 12.6674203873, 13.0219964981, 8.84313297272, 8.07207107544, 8.03991699219, 8.9096622467, 9.53089237213, 10.8503751755, 12.0678062439, 12.8898668289, 12.8953771591, 15.8146209717, 13.0498962402, 10.5967321396, 14.4701137543, 13.7742919922, 15.1596899033, 17.4404220581, 15.8585443497, 17.7772369385, 14.6556396484, 16.7125473022, 9.45690917969, 4.48057031631, 1.41489624977, 0.547729194164, 0.173702180386, 0.0110087133944, 0.000355509168003, 7.8684744949e-05],
        "median": [0.621539533138, 1.15479934216, 1.28208637238, 0.694431006908, 0.898407995701, 1.7014272213, 4.25949907303, 6.82644033432, 8.43842887878, 4.44343090057, 2.87052035332, 3.09034609795, 1.58866620064, 1.32040810585, 0.920272827148, 1.20212507248, 1.08578467369, 1.69035542011, 1.44690811634, 2.54759097099, 3.98353242874, 3.80510401726, 3.66294169426, 2.75598073006, 1.99713790417, 1.60247182846, 1.03502571583, 1.09301841259, 2.33670473099, 2.88135313988, 2.29987239838, 2.25564265251, 2.11281943321, 0.590057194233, 0.110366113484, 0.0388622842729, 0.0115820048377, 0.00065013836138, 3.69132758351e-05, 3.51318267349e-05],
        "min": [0.00837653782219, 0.0530946627259, 0.00451936060563, 0.00125786289573, 0.00682244310156, 0.0460400655866, 0.0736260637641, 0.0954112112522, 0.0700055509806, 0.0227200388908, 0.0277140438557, 0.0723097473383, 0.0177841428667, 0.0206170920283, 0.0304496716708, 0.0515673458576, 0.0558740980923, 0.0258439872414, 0.0289787016809, 0.0971107557416, 0.0490937419236, 0.053888913244, 0.119754247367, 0.0352285392582, 0.0770349800587, 0.0429469421506, 0.0179768055677, 0.00490416400135, 0.00362151837908, 0.00608170777559, 0.00827972311527, 0.00777372857556, 0.00141823536251, 0.000410190288676, 5.19786226505e-05, 1.93501546164e-05, 3.90557352148e-06, 5.01014767451e-07, 2.52013887803e-06, 3.48217645296e-06],
        "var": [2.62001419067, 66.7355651855, 109.888160706, 168.042953491, 83.568107605, 62.26927948, 162.264389038, 727.634033203, 5334.31298828, 1518.16003418, 926.534423828, 974.546325684, 529.002197266, 433.716033936, 418.777587891, 664.527832031, 708.814697266, 1053.67773438, 1028.99938965, 746.274047852, 570.477539062, 1060.72973633, 813.8828125, 724.002319336, 1759.9128418, 1542.64538574, 2163.63745117, 3964.44384766, 2404.78295898, 3120.84204102, 1704.98205566, 2296.76904297, 542.991455078, 227.830749512, 23.2564296722, 4.22108411789, 0.518777012825, 0.00218643853441, 2.13260796045e-06, 2.26472192111e-08]
    },
    "gfcc": {
        "mean": [-15.6176834106, 79.134185791, -84.1904220581, 58.4926223755, -60.5660591125, 25.887966156, -42.7676467896, 23.8252010345, -3.48807024956, 8.09091281891, 1.00371456146, 8.0148639679, -4.58407688141],
        "cov": [[3857.86621094, -1428.27050781, -268.401184082, -181.752182007, -421.916168213, 254.290969849, -139.908081055, 19.1354312897, -152.649520874, 210.58531189, -384.693908691, 111.795822144, -155.77583313], [-1428.27050781, 1500.7800293, -30.4295959473, -372.849090576, 245.942581177, -228.553939819, 14.8122253418, -31.0378894806, 167.80255127, -219.203414917, 187.907821655, -97.451751709, 24.8109226227], [-268.401184082, -30.4295959473, 557.897399902, 268.768157959, -13.7264404297, 48.6649093628, -40.0394096375, -20.4483299255, 32.9180641174, -24.2135848999, 35.7730178833, -21.7465629578, 17.3423099518], [-181.752182007, -372.849090576, 268.768157959, 675.867858887, -34.568862915, -12.5309858322, 20.1418762207, -66.9211273193, 33.9353752136, -20.5252304077, 43.6946640015, -51.3013267517, 77.4223556519], [-421.916168213, 245.942581177, -13.7264404297, -34.568862915, 266.778778076, -72.9044113159, 29.1149921417, 37.1391105652, 20.6260547638, 2.42658138275, 11.5994949341, -15.5167274475, 12.556178093], [254.290969849, -228.553939819, 48.6649093628, -12.5309858322, -72.9044113159, 256.326690674, 55.2633323669, -6.79853343964, -7.59605312347, -10.1470308304, -27.3988304138, -19.9539699554, -8.39965629578], [-139.908081055, 14.8122253418, -40.0394096375, 20.1418762207, 29.1149921417, 55.2633323669, 263.792663574, -6.92275571823, -56.6188316345, -5.07263469696, 35.5616607666, -9.55183982849, -9.34958648682], [19.1354312897, -31.0378894806, -20.4483299255, -66.9211273193, 37.1391105652, -6.79853343964, -6.92275571823, 124.119041443, 18.2097911835, 34.3491020203, -39.8650245667, 4.61836481094, 1.6633245945], [-152.649520874, 167.80255127, 32.9180641174, 33.9353752136, 20.6260547638, -7.59605312347, -56.6188316345, 18.2097911835, 183.805770874, -36.0593147278, 19.1354846954, -43.4393424988, 15.8118515015], [210.58531189, -219.203414917, -24.2135848999, -20.5252304077, 2.42658138275, -10.1470308304, -5.07263469696, 34.3491020203, -36.0593147278, 143.767852783, -27.7774009705, 21.1182918549, -17.0350856781], [-384.693908691, 187.907821655, 35.7730178833, 43.6946640015, 11.5994949341, -27.3988304138, 35.5616607666, -39.8650245667, 19.1354846954, -27.7774009705, 156.72227478, 5.25559234619, 14.2275753021], [111.795822144, -97.451751709, -21.7465629578, -51.3013267517, -15.5167274475, -19.9539699554, -9.55183982849, 4.61836481094, -43.4393424988, 21.1182918549, 5.25559234619, 110.137870789, -9.17310619354], [-155.77583313, 24.8109226227, 17.3423099518, 77.4223556519, 12.556178093, -8.39965629578, -9.34958648682, 1.6633245945, 15.8118515015, -17.0350856781, 14.2275753021, -9.17310619354, 81.8880233765]],
        "icov": [[0.000636797980405, 0.000691442284733, 7.45038996683e-05, 0.00053091312293, 0.000409033324104, 0.000214830128243, 5.09626879648e-05, 0.000477748573758, -0.000321715720929, 0.000193211555597, 0.000715503410902, 0.000146423204569, 0.000433980574599], [0.000691442284733, 0.00491495989263, -0.00128424668219, 0.00453899707645, -0.00138178572524, 0.00419893395156, -0.00114696857054, 0.00205843150616, -0.00248883804306, 0.00486828992143, -0.0023900126107, 0.00397277763113, -0.00136990786996], [7.45038996683e-05, -0.00128424668219, 0.00292106089182, -0.00235822191462, 0.000356107542757, -0.00210245349444, 0.00120197760407, -0.000899316510186, 0.000776666624006, -0.00117361207958, 0.00043023636681, -0.00129387737252, 0.00141326896846], [0.00053091312293, 0.00453899707645, -0.00235822191462, 0.00660564796999, -0.000903865497094, 0.00458398694173, -0.00178392557427, 0.00310558406636, -0.00268323742785, 0.00405552564189, -0.0021627289243, 0.00448000896722, -0.00352986296639], [0.000409033324104, -0.00138178572524, 0.000356107542757, -0.000903865497094, 0.00569398887455, 2.97084397971e-06, -0.000480651622638, -0.0014711660333, 0.000297715334455, -0.00198774901219, 0.00176145974547, -0.000733032007702, 0.000219000459765], [0.000214830128243, 0.00419893395156, -0.00210245349444, 0.00458398694173, 2.97084397971e-06, 0.00894749443978, -0.00276819337159, 0.0019434603164, -0.00249127857387, 0.00464693782851, -0.00146385398693, 0.00454859947786, -0.0019788807258], [5.09626879648e-05, -0.00114696857054, 0.00120197760407, -0.00178392557427, -0.000480651622638, -0.00276819337159, 0.00553765287623, -0.00123043044005, 0.00268429913558, -0.00082669290714, -0.000918966252357, -0.000289877556497, 0.00176045834087], [0.000477748573758, 0.00205843150616, -0.000899316510186, 0.00310558406636, -0.0014711660333, 0.0019434603164, -0.00123043044005, 0.0119044650346, -0.00322239776142, -0.00074352719821, 0.00224264594726, 0.000720756070223, -0.00225934758782], [-0.000321715720929, -0.00248883804306, 0.000776666624006, -0.00268323742785, 0.000297715334455, -0.00249127857387, 0.00268429913558, -0.00322239776142, 0.00879494659603, -0.000767999561504, -0.000434410321759, 0.000696580624208, 0.000880766252521], [0.000193211555597, 0.00486828992143, -0.00117361207958, 0.00405552564189, -0.00198774901219, 0.00464693782851, -0.00082669290714, -0.00074352719821, -0.000767999561504, 0.0137194739655, -0.00284962332807, 0.00348389218561, -0.000103413389297], [0.000715503410902, -0.0023900126107, 0.00043023636681, -0.0021627289243, 0.00176145974547, -0.00146385398693, -0.000918966252357, 0.00224264594726, -0.000434410321759, -0.00284962332807, 0.0115400850773, -0.00408849213272, 0.000496253429446], [0.000146423204569, 0.00397277763113, -0.00129387737252, 0.00448000896722, -0.000733032007702, 0.00454859947786, -0.000289877556497, 0.000720756070223, 0.000696580624208, 0.00348389218561, -0.00408849213272, 0.0146266408265, -0.00141652207822], [0.000433980574599, -0.00136990786996, 0.00141326896846, -0.00352986296639, 0.000219000459765, -0.0019788807258, 0.00176045834087, -0.00225934758782, 0.000880766252521, -0.000103413389297, 0.000496253429446, -0.00141652207822, 0.0160643346608]]
    },
    "melbands": {
        "dmean": [0.00387060828507, 0.00191468815319, 0.000674053793773, 0.000246242416324, 0.000186454475624, 0.000288922426989, 0.000397685129428, 0.000171572086401, 8.8354528998e-05, 6.02945328865e-05, 3.08342059725e-05, 2.71851731668e-05, 2.30740206462e-05, 2.17946435441e-05, 2.01235761779e-05, 1.94308886421e-05, 1.93419746211e-05, 1.74065589817e-05, 1.36379803735e-05, 1.05675089799e-05, 1.16542341857e-05, 1.42634416989e-05, 1.05067783807e-05, 7.91884485807e-06, 5.80787855142e-06, 8.72989221534e-06, 7.48731144995e-06, 7.00554892319e-06, 7.2472107604e-06, 8.58360090206e-06, 9.85242422757e-06, 7.80839945946e-06, 8.13161841506e-06, 1.08716467366e-05, 7.09848745828e-06, 1.05758781501e-05, 9.86149552773e-06, 6.69597784508e-06, 5.03033425048e-06, 3.38683139489e-06],
        "dmean2": [0.0058858837001, 0.00327372015454, 0.00126001529861, 0.000427345308708, 0.000298412021948, 0.000487870711368, 0.00071383768227, 0.00028078496689, 0.000139197771205, 9.27095316001e-05, 4.73717518616e-05, 4.45563055109e-05, 3.86848623748e-05, 3.67176253349e-05, 3.29281574523e-05, 3.3994390833e-05, 3.36876801157e-05, 2.89042363875e-05, 2.0991814381e-05, 1.54384651978e-05, 1.86796842172e-05, 2.38527227339e-05, 1.56949536176e-05, 1.12168872874e-05, 8.02383965492e-06, 1.2196548596e-05, 1.10570772449e-05, 1.00935458249e-05, 1.01420164356e-05, 1.18224006656e-05, 1.3593516087e-05, 1.08923704829e-05, 1.14495142043e-05, 1.6521780708e-05, 1.00635697891e-05, 1.5843384972e-05, 1.48288891069e-05, 1.00160086731e-05, 7.54417897042e-06, 5.14819521413e-06],
        "dvar": [9.36447468121e-05, 3.9977083361e-05, 8.2925771494e-06, 4.54223567203e-07, 9.54034717893e-08, 3.33652621975e-07, 1.82733333531e-06, 1.41480754223e-07, 6.2561980485e-08, 2.43305517955e-08, 7.21456672181e-09, 5.66478286501e-09, 3.92465038246e-09, 3.63389918157e-09, 3.53237084028e-09, 3.10585823726e-09, 4.33173408254e-09, 2.94881563612e-09, 1.22306043071e-09, 4.49172782302e-10, 6.82974399258e-10, 1.2701455443e-09, 4.28664964636e-10, 5.26961085878e-10, 2.39450403949e-10, 7.34185878759e-10, 4.90149254517e-10, 4.44234538044e-10, 4.62444915694e-10, 7.08663905336e-10, 1.13344500452e-09, 5.32264898823e-10, 4.98816987715e-10, 1.28267285682e-09, 3.80273146305e-10, 9.88356729792e-10, 7.45257855428e-10, 2.37931452318e-10, 2.18523948936e-10, 1.28218477502e-10],
        "dvar2": [0.000201241535251, 0.00010989891598, 2.45158789767e-05, 1.2912018974e-06, 2.31351577895e-07, 8.99451208625e-07, 5.26236226506e-06, 3.5819462596e-07, 1.56124229989e-07, 5.21966718736e-08, 1.37107800668e-08, 1.42175569096e-08, 1.05248805227e-08, 9.41200095639e-09, 8.29851742878e-09, 9.12875641745e-09, 1.27840635855e-08, 8.1050997025e-09, 2.68003019777e-09, 9.23460141689e-10, 1.82564119378e-09, 3.74713993168e-09, 8.75731320793e-10, 1.11387910007e-09, 4.19016654707e-10, 1.39263378607e-09, 9.42420252947e-10, 9.30095889196e-10, 8.54550152862e-10, 1.33759914256e-09, 2.25558904887e-09, 9.87211534742e-10, 9.91429716102e-10, 3.02093239313e-09, 7.25907611798e-10, 2.3801822735e-09, 1.63490176952e-09, 5.15508524757e-10, 4.54470100442e-10, 2.80092088412e-10],
        "max": [0.0887899547815, 0.0563921332359, 0.0237799137831, 0.00695125153288, 0.0037124264054, 0.0055513875559, 0.0141199780628, 0.00538576859981, 0.00468126824126, 0.00250293267891, 0.00162554089911, 0.00149408227298, 0.000825391092803, 0.000971804838628, 0.00114308518823, 0.000605812703725, 0.000973444082774, 0.000636679644231, 0.000422054406954, 0.000241390531301, 0.000228152755881, 0.000296787184197, 0.000205795018701, 0.000306719244691, 0.000183441719855, 0.000361918384442, 0.000340500933817, 0.000284712994471, 0.000242958252784, 0.000273101089988, 0.000427121762186, 0.000227192504099, 0.000249702105066, 0.000419933756348, 0.0002171205997, 0.000317197584081, 0.000222235816182, 0.00016289659834, 0.000145061407238, 9.69814209384e-05],
        "mean": [0.00848702061921, 0.00280888052657, 0.00054215756245, 0.000252042285865, 0.00027892520302, 0.000378202064894, 0.000366087799193, 0.000185999087989, 9.73506685114e-05, 8.21791181806e-05, 4.25205362262e-05, 3.19070786645e-05, 2.7179472454e-05, 2.4303652026e-05, 2.16689986701e-05, 2.03538511414e-05, 2.00400590984e-05, 1.89667243831e-05, 1.90919909073e-05, 1.45661715578e-05, 1.52073525896e-05, 1.64385946846e-05, 1.47035207192e-05, 9.68153108261e-06, 7.99766985438e-06, 1.0784639926e-05, 9.90371336229e-06, 8.90745013749e-06, 8.97536847333e-06, 9.97331153485e-06, 1.00069464679e-05, 8.47113005875e-06, 9.0994317361e-06, 1.03362281152e-05, 7.6478572737e-06, 1.03756792669e-05, 9.74912745733e-06, 6.96130655342e-06, 5.12144879394e-06, 3.25397650158e-06],
        "median": [0.00459789205343, 0.000999578856863, 0.000134494403028, 8.5932748334e-05, 0.000149307685206, 0.000165281438967, 0.000121550176118, 4.09369386034e-05, 2.14070678339e-05, 1.76167886821e-05, 7.49203491068e-06, 5.20108687851e-06, 3.03395904666e-06, 3.25907717524e-06, 2.14035685531e-06, 3.14428871206e-06, 2.92306299343e-06, 1.92929337572e-06, 2.84304655906e-06, 3.30460420628e-06, 4.71210933028e-06, 3.44761338056e-06, 4.36357186118e-06, 2.58883324022e-06, 2.04945331461e-06, 1.37045265092e-06, 1.25564372411e-06, 8.93599803931e-07, 5.23081212123e-07, 6.69704320444e-07, 4.7260002134e-07, 1.04657362954e-06, 1.82568862783e-06, 1.35751008656e-06, 1.28513840991e-06, 1.15302327686e-06, 1.3633416529e-06, 1.55834413818e-06, 8.589125855e-07, 3.05514589627e-07],
        "min": [0.000251880672295, 1.13530331873e-05, 1.36565702746e-07, 2.94536994261e-06, 2.66094048129e-06, 2.31695480579e-06, 1.01729233393e-06, 7.40785992548e-08, 1.75926459178e-07, 3.32672271952e-07, 4.39300471555e-08, 5.11592190833e-08, 4.87208389188e-08, 6.32886738572e-08, 6.72869617802e-08, 7.88695615483e-08, 1.76693433218e-08, 1.26358044028e-08, 9.02257681901e-08, 1.18420004469e-07, 1.1691722257e-08, 2.18048796796e-08, 3.26916982374e-08, 6.07056591662e-08, 1.80245809389e-08, 2.96657649557e-08, 3.28090976609e-08, 4.01421296203e-09, 4.67737448773e-09, 2.89521917551e-09, 3.53705842393e-10, 1.9502331694e-10, 4.22054569071e-09, 2.66688826578e-09, 1.63856939128e-09, 3.50928130999e-09, 1.09881465038e-10, 9.10761466244e-10, 6.5369937241e-10, 3.63434733697e-11],
