{
"highlevel": {
    "danceability": {
        "all": {
            "danceable": 0.996569752693,
            "not_danceable": 0.00343023007736
        },
        "probability": 0.996569752693,
        "value": "danceable"
    },
    "gender": {
        "all": {
            "female": 0.0188808832318,
            "male": 0.981119096279
        },
        "probability": 0.981119096279,
        "value": "male"
    },
    "genre_dortmund": {
        "all": {
            "alternative": 0.0659785792232,
            "blues": 0.0594808906317,
            "electronic": 0.0367954596877,
            "folkcountry": 0.075346685946,
            "funksoulrnb": 0.0636194944382,
            "jazz": 0.342945724726,
            "pop": 0.0925102382898,
            "raphiphop": 0.178436249495,
            "rock": 0.0848866924644
        },
        "probability": 0.342945724726,
        "value": "jazz"
    },
    "genre_electronic": {
        "all": {
            "ambient": 0.334381371737,
            "dnb": 0.0597003176808,
            "house": 0.512083232403,
            "techno": 0.018475946039,
            "trance": 0.0753591433167
        },
        "probability": 0.512083232403,
        "value": "house"
    },
    "genre_rosamerica": {
        "all": {
            "cla": 0.00404247594997,
            "dan": 0.0552477799356,
            "hip": 0.339408099651,
            "jaz": 0.0140442056581,
            "pop": 0.131664723158,
            "rhy": 0.439488887787,
            "roc": 0.0117300730199,
            "spe": 0.00437375484034
        },
        "probability": 0.439488887787,
        "value": "rhy"
    },
    "genre_tzanetakis": {
        "all": {
            "blu": 2.00933528442e-14,
            "cla": 1.10376880297e-14,
            "cou": 2.21312073892e-14,
            "dis": 1.76883671149e-14,
            "hip": 4.29576757196e-14,
            "jaz": 0.999999940395,
            "met": 2.0000017642e-08,
            "pop": 2.0000017642e-08,
            "reg": 1.66666822565e-08,
            "roc": 2.50000233848e-08
        },
        "probability": 0.999999940395,
        "value": "jaz"
    },
    "ismir04_rhythm": {
        "all": {
            "ChaChaCha": 0.0134867280722,
            "Jive": 0.0440540090203,
            "Quickstep": 0.420736342669,
            "Rumba-American": 0.012998405844,
            "Rumba-International": 0.0207747723907,
            "Rumba-Misc": 0.00630351342261,
            "Samba": 0.460437387228,
            "Tango": 0.0114289456978,
            "VienneseWaltz": 0.00769209535792,
            "Waltz": 0.00208780542016
        },
        "probability": 0.460437387228,
        "value": "Samba"
    },
    "mood_acoustic": {
        "all": {
            "acoustic": 0.185362175107,
            "not_acoustic": 0.814637839794
        },
        "probability": 0.814637839794,
        "value": "not_acoustic"
    },
    "mood_aggressive": {
        "all": {
            "aggressive": 0.210111677647,
            "not_aggressive": 0.789888322353
        },
        "probability": 0.789888322353,
        "value": "not_aggressive"
    },
    "mood_electronic": {
        "all": {
            "electronic": 0.383400857449,
            "not_electronic": 0.616599142551
        },
        "probability": 0.616599142551,
        "value": "not_electronic"
    },
    "mood_happy": {
        "all": {
            "happy": 0.785002350807,
            "not_happy": 0.214997664094
        },
        "probability": 0.785002350807,
        "value": "happy"
    },
    "mood_party": {
        "all": {
            "not_party": 0.5,
            "party": 0.5
        },
        "probability": 0.5,
        "value": "not_party"
    },
    "mood_relaxed": {
        "all": {
            "not_relaxed": 0.147895351052,
            "relaxed": 0.852104663849
        },
        "probability": 0.852104663849,
        "value": "relaxed"
    },
    "mood_sad": {
        "all": {
            "not_sad": 0.623098731041,
            "sad": 0.376901239157
        },
        "probability": 0.623098731041,
        "value": "not_sad"
    },
    "moods_mirex": {
        "all": {
            "Cluster1": 0.23088991642,
            "Cluster2": 0.330158948898,
            "Cluster3": 0.156621336937,
            "Cluster4": 0.241414383054,
            "Cluster5": 0.0409154072404
        },
        "probability": 0.330158948898,
        "value": "Cluster2"
    },
    "timbre": {
        "all": {
            "bright": 0.999999642372,
            "dark": 3.75752847503e-07
        },
        "probability": 0.999999642372,
        "value": "bright"
    },
    "tonal_atonal": {
        "all": {
            "atonal": 0.0306931659579,
            "tonal": 0.969306826591
        },
        "probability": 0.969306826591,
        "value": "tonal"
    },
    "voice_instrumental": {
        "all": {
            "instrumental": 0.0279045067728,
            "voice": 0.972095489502
        },
        "probability": 0.972095489502,
        "value": "voice"
    }
},
"lowlevel": {
    "average_loudness": 0.976435124874,
    "barkbands_crest": {
        "dmean": 3.98194670677,
        "dmean2": 6.27829694748,
        "dvar": 11.8972797394,
        "dvar2": 27.7225322723,
        "max": 26.0891132355,
        "mean": 12.7228574753,
        "median": 12.2729282379,
        "min": 3.21053981781,
        "var": 24.8153648376
    },
    "barkbands_flatness_db": {
        "dmean": 0.0360726453364,
        "dmean2": 0.054497089237,
        "dvar": 0.00124554976355,
        "dvar2": 0.00275256880559,
        "max": 0.387249410152,
        "mean": 0.16927780211,
        "median": 0.164215505123,
        "min": 0.0504109896719,
        "var": 0.00327607407235
    },
    "barkbands_kurtosis": {
        "dmean": 5.15309715271,
        "dmean2": 8.00347328186,
        "dvar": 74.0638809204,
        "dvar2": 172.588439941,
        "max": 119.66796875,
        "mean": 5.95576715469,
        "median": 2.60876321793,
        "min": -1.8231010437,
        "var": 110.709396362
    },
    "barkbands_skewness": {
        "dmean": 0.868615686893,
        "dmean2": 1.25499808788,
        "dvar": 0.796357512474,
        "dvar2": 1.78460049629,
        "max": 9.29825115204,
        "mean": 1.76285672188,
        "median": 1.52643823624,
        "min": -1.9938762188,
        "var": 1.9012542963
    },
    "barkbands_spread": {
        "dmean": 8.81644248962,
        "dmean2": 13.8057088852,
        "dvar": 114.815994263,
        "dvar2": 264.536895752,
        "max": 86.8548736572,
        "mean": 21.3088321686,
        "median": 18.2898273468,
        "min": 1.0079485178,
        "var": 204.988464355
    },
    "dissonance": {
        "dmean": 0.0342560186982,
        "dmean2": 0.0562144182622,
        "dvar": 0.00103981688153,
        "dvar2": 0.00274618132971,
        "max": 0.499995350838,
        "mean": 0.439232736826,
        "median": 0.451955795288,
        "min": 0.237283870578,
        "var": 0.00215781154111
    },
    "dynamic_complexity": 2.64948344231,
    "erbbands_crest": {
        "dmean": 4.20115947723,
        "dmean2": 6.68274259567,
        "dvar": 15.8479042053,
        "dvar2": 35.4498977661,
        "max": 32.5929870605,
        "mean": 12.3946809769,
        "median": 11.0603189468,
        "min": 2.84786486626,
        "var": 41.8016090393
    },
    "erbbands_flatness_db": {
        "dmean": 0.0288000553846,
        "dmean2": 0.0425119511783,
        "dvar": 0.000761853996664,
        "dvar2": 0.00151531025767,
        "max": 0.360609173775,
        "mean": 0.172752305865,
        "median": 0.166839137673,
        "min": 0.0677791535854,
        "var": 0.00261667277664
    },
    "erbbands_kurtosis": {
        "dmean": 2.69484806061,
        "dmean2": 4.13975954056,
        "dvar": 21.4695549011,
        "dvar2": 46.9810371399,
        "max": 62.0876235962,
        "mean": 2.88889527321,
        "median": 0.891973495483,
        "min": -1.75020575523,
        "var": 39.3564491272
    },
    "erbbands_skewness": {
        "dmean": 0.625926077366,
        "dmean2": 0.939086258411,
        "dvar": 0.411628603935,
        "dvar2": 0.898495435715,
        "max": 6.56525373459,
        "mean": 0.921388149261,
        "median": 0.757158517838,
        "min": -2.42432236671,
        "var": 1.28895747662
    },
    "erbbands_spread": {
        "dmean": 14.5677957535,
        "dmean2": 21.006570816,
        "dvar": 262.253662109,
        "dvar2": 535.985046387,
        "max": 159.469558716,
        "mean": 38.527961731,
        "median": 31.8824424744,
        "min": 2.78616690636,
        "var": 713.213684082
    },
    "hfc": {
        "dmean": 14.207408905,
        "dmean2": 21.7288036346,
        "dvar": 537.573120117,
        "dvar2": 1346.1895752,
        "max": 174.006195068,
        "mean": 21.1930446625,
        "median": 14.4096851349,
        "min": 0.421760082245,
        "var": 580.73034668
    },
    "melbands_crest": {
        "dmean": 4.64392709732,
        "dmean2": 7.25074338913,
        "dvar": 15.6740293503,
        "dvar2": 34.9861793518,
        "max": 36.4967002869,
        "mean": 17.5739574432,
        "median": 16.7415676117,
        "min": 3.94243407249,
        "var": 43.8724708557
    },
    "melbands_flatness_db": {
        "dmean": 0.0426933951676,
        "dmean2": 0.0628680288792,
        "dvar": 0.0019287384348,
        "dvar2": 0.00423227110878,
        "max": 0.506110429764,
        "mean": 0.214543551207,
        "median": 0.205108731985,
        "min": 0.0194477774203,
        "var": 0.00598221924156
    },
    "melbands_kurtosis": {
        "dmean": 13.826833725,
        "dmean2": 20.6689510345,
        "dvar": 625.015197754,
        "dvar2": 1355.21679688,
        "max": 313.154663086,
        "mean": 18.2303409576,
        "median": 7.89993953705,
        "min": -1.78906750679,
        "var": 921.286254883
    },
    "melbands_skewness": {
        "dmean": 1.23290681839,
        "dmean2": 1.77533519268,
        "dvar": 1.90024983883,
        "dvar2": 3.84292054176,
        "max": 15.8295793533,
        "mean": 2.79646229744,
        "median": 2.29328465462,
        "min": -0.779076159,
        "var": 4.75117540359
    },
    "melbands_spread": {
        "dmean": 10.4344387054,
        "dmean2": 16.4831390381,
        "dvar": 249.437835693,
        "dvar2": 608.494384766,
        "max": 213.223846436,
        "mean": 21.6928119659,
        "median": 18.2707443237,
        "min": 0.916205346584,
        "var": 329.937316895
    },
    "pitch_salience": {
        "dmean": 0.0980628281832,
        "dmean2": 0.153317466378,
        "dvar": 0.00820952933282,
        "dvar2": 0.0182310156524,
        "max": 0.86515879631,
        "mean": 0.482161253691,
        "median": 0.481790959835,
        "min": 0.0815489590168,
        "var": 0.020188273862
    },
    "silence_rate_20dB": {
        "dmean": 0,
        "dmean2": 0,
        "dvar": 0,
        "dvar2": 0,
        "max": 1,
        "mean": 1,
        "median": 1,
        "min": 1,
        "var": 0
    },
    "silence_rate_30dB": {
        "dmean": 0.0278637763113,
        "dmean2": 0.0557707212865,
        "dvar": 0.0270873773843,
        "dvar2": 0.0635048300028,
        "max": 1,
        "mean": 0.977571547031,
        "median": 1,
        "min": 0,
        "var": 0.0219254735857
    },
    "silence_rate_60dB": {
        "dmean": 0.0557275526226,
        "dmean2": 0.111541442573,
        "dvar": 0.0526217520237,
        "dvar2": 0.128533318639,
        "max": 1,
        "mean": 0.0533642694354,
        "median": 0,
        "min": 0,
        "var": 0.0505169890821
    },
    "spectral_centroid": {
        "dmean": 344.338195801,
        "dmean2": 535.614807129,
        "dvar": 176017.390625,
        "dvar2": 431347.84375,
        "max": 4770.53271484,
        "mean": 1249.09509277,
        "median": 1120.15734863,
        "min": 238.337478638,
        "var": 337121.84375
    },
    "spectral_complexity": {
        "dmean": 5.89860677719,
        "dmean2": 9.41750621796,
        "dvar": 67.7504501343,
        "dvar2": 149.524169922,
        "max": 53,
        "mean": 14.1276102066,
        "median": 11,
        "min": 1,
        "var": 93.0390701294
    },
    "spectral_decrease": {
        "dmean": 3.9749381564e-09,
        "dmean2": 5.82386183723e-09,
        "dvar": 3.21518056521e-17,
        "dvar2": 5.99341124364e-17,
        "max": -9.02404193037e-11,
        "mean": -7.11134040543e-09,
        "median": -4.76173722674e-09,
        "min": -4.42259207034e-08,
        "var": 5.54370954054e-17
    },
    "spectral_energy": {
        "dmean": 0.0158778764307,
        "dmean2": 0.0232923943549,
        "dvar": 0.000497083819937,
        "dvar2": 0.000919136044104,
        "max": 0.174162089825,
        "mean": 0.028762049973,
        "median": 0.0195131748915,
        "min": 0.000385667750379,
        "var": 0.000870887306519
    },
    "spectral_energyband_high": {
        "dmean": 0.00117177900393,
        "dmean2": 0.00180933531374,
        "dvar": 4.70068653158e-06,
        "dvar2": 1.21212979138e-05,
        "max": 0.0154434042051,
        "mean": 0.00124268129002,
        "median": 0.000454947148683,
        "min": 1.14588362976e-06,
        "var": 4.4880812311e-06
    },
    "spectral_energyband_low": {
        "dmean": 0.00780070992187,
        "dmean2": 0.0114069906995,
        "dvar": 0.000332999043167,
        "dvar2": 0.000607377616689,
        "max": 0.158048003912,
        "mean": 0.0121007645503,
        "median": 0.00443636951968,
        "min": 2.62434514298e-06,
        "var": 0.000560287502594
    },
    "spectral_energyband_middle_high": {
        "dmean": 0.0025103634689,
        "dmean2": 0.00390758551657,
        "dvar": 1.35835734909e-05,
        "dvar2": 3.1128351111e-05,
        "max": 0.0467437393963,
        "mean": 0.00390390865505,
        "median": 0.00232256460004,
        "min": 3.53500545316e-05,
        "var": 2.35025836446e-05
    },
    "spectral_energyband_middle_low": {
        "dmean": 0.00835629366338,
        "dmean2": 0.0130651267245,
        "dvar": 0.000199418704142,
        "dvar2": 0.000480148795759,
        "max": 0.103443577886,
        "mean": 0.012514331378,
        "median": 0.00702734151855,
        "min": 7.48730526539e-05,
        "var": 0.000239975750446
    },
    "spectral_entropy": {
        "dmean": 0.272344321012,
        "dmean2": 0.395319610834,
        "dvar": 0.0795105621219,
        "dvar2": 0.17265355587,
        "max": 8.7660741806,
        "mean": 7.46750926971,
        "median": 7.47444725037,
        "min": 5.87838983536,
        "var": 0.230130910873
    },
    "spectral_flux": {
        "dmean": 0.0467773228884,
        "dmean2": 0.0745568275452,
        "dvar": 0.00248450017534,
        "dvar2": 0.00546748191118,
        "max": 0.341754347086,
        "mean": 0.0981205031276,
        "median": 0.0816802456975,
        "min": 0.00876762997359,
        "var": 0.00429167132825
    },
    "spectral_kurtosis": {
        "dmean": 1.8855432272,
        "dmean2": 2.87890219688,
        "dvar": 5.73817443848,
        "dvar2": 13.1487216949,
        "max": 31.8637771606,
        "mean": 3.68546724319,
        "median": 2.82242393494,
        "min": -1.39129912853,
        "var": 12.0162353516
    },
    "spectral_rms": {
        "dmean": 0.00136273878161,
        "dmean2": 0.00194671319332,
        "dvar": 2.61410718849e-06,
        "dvar2": 4.47820002591e-06,
        "max": 0.0130351148546,
        "mean": 0.00471895234659,
        "median": 0.0043631689623,
        "min": 0.000613401352894,
        "var": 5.79206152906e-06
    },
    "spectral_rolloff": {
        "dmean": 821.763549805,
        "dmean2": 1388.55126953,
        "dvar": 2258294.5,
        "dvar2": 5451385.5,
        "max": 11735.5957031,
        "mean": 1425.73681641,
        "median": 882.861328125,
        "min": 64.599609375,
        "var": 2649299.5
    },
    "spectral_skewness": {
        "dmean": 0.323850482702,
        "dmean2": 0.466738760471,
        "dvar": 0.102531269193,
        "dvar2": 0.214503541589,
        "max": 4.26346588135,
        "mean": 1.51049149036,
        "median": 1.47313296795,
        "min": -0.0212940406054,
        "var": 0.316116720438
    },
    "spectral_spread": {
        "dmean": 952087.875,
        "dmean2": 1305001.875,
        "dvar": 1.0960116777e+12,
        "dvar2": 2.00616614298e+12,
        "max": 14369282,
        "mean": 5418208.5,
        "median": 4960198,
        "min": 1746234.25,
        "var": 4.04181300019e+12
    },
    "spectral_strongpeak": {
        "dmean": 0.63676571846,
        "dmean2": 1.02941417694,
        "dvar": 0.745838701725,
        "dvar2": 1.5662971735,
        "max": 7.39875364304,
        "mean": 1.12283420563,
        "median": 0.56887203455,
        "min": 0,
        "var": 1.48650181293
    },
    "zerocrossingrate": {
        "dmean": 0.0147701296955,
        "dmean2": 0.0174915120006,
        "dvar": 0.000318584294291,
        "dvar2": 0.000366985972505,
        "max": 0.3330078125,
        "mean": 0.0604105480015,
        "median": 0.0546875,
        "min": 0.00341796875,
        "var": 0.00135157385375
    },
    "barkbands": {
        "dmean": [0.000396105664549, 0.00488969963044, 0.00330916023813, 0.00157604448032, 0.00379600049928, 0.000863896973897, 0.000456974696135, 0.00183372024912, 0.00186330080032, 0.00115802465007, 0.000368733919458, 0.00040355254896, 0.000297328166198, 0.000164991070051, 0.000243257556576, 0.000210276324651, 0.00032067092252, 0.000187635669135, 0.000195695334696, 0.000194717373233, 0.000271439785138, 0.000231586309383, 0.000189366386621, 0.000177204419742, 0.000199199581402, 8.11054705991e-05, 2.96093389807e-07],
        "dmean2": [0.000657155003864, 0.00721030589193, 0.00535300048068, 0.00264365598559, 0.00612726900727, 0.00143313209992, 0.00076849287143, 0.00293335225433, 0.00279655051418, 0.00172732491046, 0.000586050853599, 0.000609884213191, 0.000473992113257, 0.000286559283268, 0.000410213746363, 0.000364797626389, 0.000569100142457, 0.000321879284456, 0.000348734087311, 0.000323084474076, 0.000468380487291, 0.000365970481653, 0.000290865951683, 0.000282164721284, 0.000322693260387, 0.0001303574536, 5.56507643523e-07],
        "dvar": [1.1466424894e-06, 0.000140045565786, 0.000176228553755, 1.82305939234e-05, 9.88298270386e-05, 3.04605191559e-06, 1.09812219762e-06, 1.48336894199e-05, 1.20420500025e-05, 1.03247393781e-05, 1.43616307469e-06, 7.82319716564e-07, 6.28196858088e-07, 1.2037379804e-07, 2.16694175492e-07, 1.60904789936e-07, 4.04439447266e-07, 1.66645733657e-07, 1.95563387706e-07, 1.7817970388e-07, 3.83870343512e-07, 1.48994658389e-07, 1.40575963314e-07, 1.12361455251e-07, 4.55297566759e-07, 9.20926126469e-08, 1.82945173767e-12],
        "dvar2": [2.41678094426e-06, 0.000278688850813, 0.000365845829947, 4.89349913551e-05, 0.000248465046752, 7.49466516936e-06, 2.91657283924e-06, 3.24234133586e-05, 2.53849157161e-05, 2.20459496632e-05, 3.19924197356e-06, 1.76694675247e-06, 1.55212376285e-06, 3.24687817965e-07, 5.5337102367e-07, 4.42460503791e-07, 1.14018450859e-06, 4.5462437015e-07, 5.43345890947e-07, 4.6475418003e-07, 1.0707697129e-06, 3.6828370753e-07, 3.46295905729e-07, 2.82614621483e-07, 1.14715317068e-06, 2.34572752333e-07, 5.24929492235e-12],
        "max": [0.0117378849536, 0.107315480709, 0.135143637657, 0.039435595274, 0.0749749913812, 0.022712059319, 0.0166627876461, 0.0469148159027, 0.0504697859287, 0.0413975082338, 0.0203985720873, 0.015257878229, 0.013467265293, 0.00375076243654, 0.00407363194972, 0.00268231704831, 0.00520547665656, 0.00500546488911, 0.00499233743176, 0.005619793199, 0.00373840960674, 0.00244812946767, 0.00266457675025, 0.00288082868792, 0.00725817074999, 0.00311484606937, 1.80271654244e-05],
        "mean": [0.000608079601079, 0.00737088080496, 0.00333318207413, 0.00152013846673, 0.00355222658254, 0.00102384667844, 0.000413816567743, 0.0025108861737, 0.00295838876627, 0.00148586777505, 0.000431680702604, 0.000582714332268, 0.000340030586813, 0.000157031070557, 0.000266272196313, 0.000216471191379, 0.000329340749886, 0.000164793047588, 0.000164955723449, 0.000187386132893, 0.000229305893299, 0.000260539614828, 0.000188066114788, 0.000207504519494, 0.000185334589332, 7.31269610696e-05, 1.70521587961e-07],
        "median": [3.11535295623e-05, 0.00269090733491, 0.000255525344983, 0.000151860178448, 0.000600962433964, 0.000397987663746, 8.00339475973e-05, 0.000460322888102, 0.000649402732961, 0.00025807597558, 8.58995917952e-05, 0.000169131162693, 0.000110999390017, 4.3590189307e-05, 7.38378075766e-05, 7.19367890269e-05, 0.000113264635729, 4.43688732048e-05, 4.66232813778e-05, 4.33324457845e-05, 5.21517213201e-05, 0.000103936807136, 3.46852430084e-05, 8.13045189716e-05, 2.70391519734e-05, 7.66664561525e-06, 5.57381862887e-10],
        "min": [7.72079822298e-09, 1.91994715237e-07, 1.98965210529e-07, 8.20906933541e-08, 2.91932383334e-06, 7.75896387495e-06, 2.08605086982e-07, 3.04780246552e-06, 3.39087955581e-06, 9.99363919618e-07, 5.45257194062e-07, 2.88090291178e-06, 1.3997920405e-06, 2.26744901966e-07, 1.01240868844e-06, 6.38607104975e-07, 5.91685648033e-07, 4.4962979473e-07, 2.42216145807e-07, 2.01437245551e-07, 5.59524018229e-08, 2.41854849037e-07, 8.39398106578e-10, 6.71186051182e-10, 1.96765839733e-10, 5.78372289298e-12, 6.69537298867e-12],
        "var": [2.21105869969e-06, 0.000215670530451, 0.000185859171324, 1.55609559442e-05, 8.68997740326e-05, 3.23868584928e-06, 9.76979208644e-07, 2.48481446761e-05, 3.10213290504e-05, 1.5987236111e-05, 2.07775929084e-06, 1.63721608715e-06, 6.78920002883e-07, 9.75702505457e-08, 2.47445512969e-07, 1.38146759809e-07, 3.13472838798e-07, 1.23649840589e-07, 1.4201989984e-07, 1.50725142589e-07, 2.73897370562e-07, 1.5370693518e-07, 1.36781508786e-07, 1.1931486199e-07, 4.13691083168e-07, 8.56093933521e-08, 1.0306014939e-12]
    },
    "erbbands": {
        "dmean": [0.205983161926, 0.867192983627, 3.08929491043, 4.43320608139, 11.4451141357, 12.0110225677, 8.81231784821, 6.57752561569, 7.0517873764, 8.98005580902, 51.3878173828, 41.2700119019, 34.9459648132, 31.345708847, 13.9483556747, 17.1864547729, 13.7212591171, 8.64379501343, 11.4876995087, 12.5148696899, 12.1155843735, 16.2627639771, 10.5106658936, 10.6119346619, 8.69460296631, 9.71982192993, 9.58716773987, 11.5455179214, 8.52543067932, 6.5699095726, 5.72036790848, 4.46524381638, 2.69318175316, 1.95651626587, 1.35664820671, 0.565475583076, 0.127237260342, 0.0112833250314, 0.00025585651747, 3.25346336467e-05],
        "dmean2": [0.320606768131, 1.29055094719, 4.8014330864, 7.02644109726, 18.9241542816, 19.1226119995, 15.0636816025, 11.0950307846, 11.7016849518, 15.109287262, 81.1367797852, 59.4882316589, 52.3749885559, 45.4153442383, 22.3386917114, 25.7699661255, 21.9302406311, 14.6272964478, 19.2398738861, 21.7515392303, 20.7303371429, 29.1831130981, 17.8592319489, 19.0263366699, 15.0759553909, 16.2754383087, 15.7569742203, 20.0766983032, 13.5648899078, 9.86474609375, 9.1876077652, 7.17107486725, 4.32399606705, 3.12539434433, 2.25596141815, 0.916291236877, 0.215877875686, 0.019825655967, 0.00044029232231, 5.06933538418e-05],
        "dvar": [0.326672911644, 4.09119176865, 126.783828735, 185.6953125, 1001.1362915, 952.748474121, 423.259002686, 211.482559204, 231.324066162, 811.663574219, 10844.7607422, 5836.81103516, 8545.57519531, 10913.203125, 1150.57995605, 1282.96386719, 1669.09790039, 240.772003174, 446.438323975, 750.161743164, 513.150390625, 1104.98059082, 459.214355469, 581.592163086, 432.100524902, 422.969848633, 378.183563232, 721.388549805, 201.284591675, 151.455337524, 150.14654541, 83.2051086426, 24.9913387299, 31.7509727478, 21.956243515, 4.92701768875, 0.216386005282, 0.00254896702245, 9.16075748592e-07, 4.53629489527e-09],
        "dvar2": [0.658063411713, 8.1397190094, 251.447067261, 365.3125, 2650.05737305, 2251.52709961, 1117.4387207, 524.035644531, 567.046203613, 2187.80249023, 23582.2636719, 10820.8710938, 17581.765625, 23289.2714844, 2701.41015625, 2898.76171875, 4240.65625, 650.217956543, 1132.51245117, 2093.08154297, 1417.8059082, 3119.50952148, 1250.26586914, 1610.16491699, 1188.05200195, 1121.78295898, 993.682434082, 2015.23352051, 496.178405762, 354.928771973, 392.92074585, 205.997817993, 64.0589447021, 70.5453033447, 58.6139678955, 12.8913164139, 0.568506240845, 0.00656805792823, 2.35146285377e-06, 1.05232755843e-08],
        "max": [4.77069854736, 17.5240650177, 117.84690094, 137.394317627, 233.970016479, 246.448501587, 172.338226318, 204.330200195, 216.543579102, 686.153564453, 1264.33056641, 1508.57507324, 1214.9654541, 1778.79003906, 511.803253174, 495.787017822, 699.867248535, 166.562774658, 216.847091675, 189.068511963, 167.519439697, 267.312347412, 246.413833618, 190.219100952, 346.082641602, 233.975982666, 130.705200195, 168.65296936, 83.9396209717, 132.011413574, 97.0261993408, 74.9170837402, 43.5962219238, 69.1389846802, 43.0480041504, 20.9449977875, 4.66713619232, 0.599375963211, 0.0108163319528, 0.000667238316964],
        "mean": [0.275631040335, 1.41538536549, 3.48347806931, 5.07690954208, 9.6618270874, 11.2433948517, 10.1404886246, 7.25149393082, 6.70172262192, 10.1430568695, 73.8975524902, 67.525894165, 55.0639610291, 40.6658287048, 19.8555622101, 25.2237453461, 16.3626022339, 9.28247833252, 12.7814006805, 12.8100948334, 13.4945230484, 15.9935588837, 10.5549793243, 8.76508617401, 8.02518749237, 9.15525054932, 8.6574678421, 9.80754566193, 9.65591144562, 7.32855081558, 5.351354599, 4.53290224075, 3.33031725883, 2.09782719612, 1.16181659698, 0.501368105412, 0.104925915599, 0.00909513514489, 0.000218825356569, 4.83449839521e-05],
        "median": [0.0312253199518, 0.272410869598, 0.386884570122, 0.554904878139, 1.14773595333, 1.75592303276, 3.53313732147, 2.61855149269, 1.52757430077, 3.28633141518, 19.3216457367, 18.9799690247, 13.0419607162, 9.28108119965, 6.8053483963, 8.16873073578, 6.00664758682, 3.626714468, 3.75276494026, 4.41152477264, 4.90587425232, 5.70827484131, 4.21929454803, 2.32163119316, 2.31813979149, 2.22915530205, 1.89984357357, 2.25604915619, 3.74730348587, 2.19345450401, 0.929408609867, 1.15889239311, 1.33438384533, 0.39347922802, 0.128331631422, 0.049714487046, 0.0104605853558, 0.000640321522951, 3.16732221108e-05, 2.6064533813e-05],
        "min": [1.08472704596e-05, 6.43914172542e-05, 0.000380697543733, 0.000607660331298, 0.00286903884262, 0.0147416936234, 0.0519544072449, 0.045779876411, 0.0119131170213, 0.0303123462945, 0.105980448425, 0.160316690803, 0.125711143017, 0.148451879621, 0.0759275779128, 0.173438340425, 0.0809112116694, 0.0513900741935, 0.0796238034964, 0.0542025640607, 0.0372150838375, 0.0378825590014, 0.0409625582397, 0.0262508057058, 0.0151124587283, 0.0136453341693, 0.00977438315749, 0.00915618147701, 0.00718083838001, 0.00328929908574, 0.000719956646208, 0.000178231231985, 1.9106462787e-05, 8.63332115841e-06, 6.40667894913e-06, 3.43348847309e-06, 1.14938291063e-06, 2.33017971141e-07, 4.51500454801e-07, 6.71686507303e-07],
        "var": [0.457552909851, 6.59722328186, 146.797424316, 226.22958374, 767.154296875, 956.116088867, 395.598449707, 212.441772461, 225.61100769, 693.580322266, 18145.8632812, 16102.2519531, 16083.2685547, 16559.09375, 1905.26794434, 2671.34887695, 1649.92883301, 217.057830811, 538.854370117, 570.194702148, 488.048095703, 768.408325195, 351.256347656, 414.386749268, 318.839263916, 349.452911377, 323.898193359, 506.469787598, 210.945983887, 160.477478027, 126.13356781, 80.640838623, 28.7418785095, 37.3403930664, 17.6208686829, 4.34233665466, 0.175815582275, 0.00204385770485, 7.52638186441e-07, 5.37953370738e-09]
    },
    "gfcc": {
        "mean": [-17.9317626953, 80.4698104858, -117.220825195, 26.4563751221, -75.1748504639, 24.6515045166, -34.3200759888, 17.1978397369, -20.5930538177, -1.97611820698, -21.5186405182, -0.49639415741, -5.88715076447],
        "cov": [[5071.67675781, -1336.00195312, 564.880004883, 511.346984863, -172.477859497, 152.853744507, -337.939758301, -18.5520305634, -289.090576172, 77.2148284912, -385.921020508, 58.1154022217, -359.52331543], [-1336.00195312, 1382.47241211, 109.751693726, 21.9666252136, 321.402893066, 91.8528366089, 477.388061523, 26.3145523071, 233.994918823, -46.2429428101, 217.459579468, -90.5205383301, 140.925064087], [564.880004883, 109.751693726, 1172.61047363, 318.19152832, 252.528900146, 372.796813965, 74.9356613159, 211.460906982, 108.246810913, 108.729537964, 4.67133140564, 94.0334777832, -50.1945610046], [511.346984863, 21.9666252136, 318.19152832, 500.766540527, 188.516021729, 105.339538574, 23.9162826538, -1.77447926998, 124.481788635, 32.1450042725, 29.6198596954, 21.9670848846, 14.6295528412], [-172.477859497, 321.402893066, 252.528900146, 188.516021729, 442.626800537, 188.317306519, 156.49005127, 104.316772461, 141.586669922, 64.685333252, 63.0274772644, 39.1409225464, 49.8955001831], [152.853744507, 91.8528366089, 372.796813965, 105.339538574, 188.317306519, 456.581848145, 172.478042603, 165.577484131, 87.8879089355, 59.7906532288, 105.666000366, 26.5918369293, 56.2732276917], [-337.939758301, 477.388061523, 74.9356613159, 23.9162826538, 156.49005127, 172.478042603, 428.718658447, 93.1149139404, 90.779838562, 19.3017749786, 89.9756851196, -32.2386817932, 36.7984428406], [-18.5520305634, 26.3145523071, 211.460906982, -1.77447926998, 104.316772461, 165.577484131, 93.1149139404, 257.077606201, 106.229888916, 57.7178611755, 32.3066825867, 18.1565418243, 57.7400093079], [-289.090576172, 233.994918823, 108.246810913, 124.481788635, 141.586669922, 87.8879089355, 90.779838562, 106.229888916, 279.669006348, 47.6562423706, 87.7007141113, 15.537103653, 92.4168319702], [77.2148284912, -46.2429428101, 108.729537964, 32.1450042725, 64.685333252, 59.7906532288, 19.3017749786, 57.7178611755, 47.6562423706, 135.422424316, 38.6514930725, 41.848651886, 4.07311439514], [-385.921020508, 217.459579468, 4.67133140564, 29.6198596954, 63.0274772644, 105.666000366, 89.9756851196, 32.3066825867, 87.7007141113, 38.6514930725, 186.569076538, 28.5121078491, 76.695930481], [58.1154022217, -90.5205383301, 94.0334777832, 21.9670848846, 39.1409225464, 26.5918369293, -32.2386817932, 18.1565418243, 15.537103653, 41.848651886, 28.5121078491, 169.686126709, 26.8358898163], [-359.52331543, 140.925064087, -50.1945610046, 14.6295528412, 49.8955001831, 56.2732276917, 36.7984428406, 57.7400093079, 92.4168319702, 4.07311439514, 76.695930481, 26.8358898163, 170.159317017]],
        "icov": [[0.000417541916249, 0.00012462423183, 7.68505196902e-05, -0.000605242035817, 0.000288805342279, -0.000393927213736, 5.7307559473e-05, -0.000175479668542, 0.000256173691014, -0.000257507257629, 0.000680965487845, -0.000174816523213, 0.000534112856258], [0.00012462423183, 0.00298422551714, -0.00130065775011, 0.00124532089103, -0.00173336919397, 0.00177057390101, -0.00262969359756, 0.00184246595018, -0.0011335258605, 0.00189894053619, -0.00238475343212, 0.00180341908708, -0.00147208198905], [7.68505196902e-05, -0.00130065775011, 0.00236418354325, -0.0016156922793, 0.00077993562445, -0.00201533013023, 0.00138271716423, -0.00186068029143, 0.000513802166097, -0.00115066068247, 0.00181386561599, -0.00161272205878, 0.00203129672445], [-0.000605242035817, 0.00124532089103, -0.0016156922793, 0.0047818464227, -0.00221704319119, 0.00135371892247, -0.00106860557571, 0.00279649253935, -0.00223989784718, 0.00135021400638, -0.00211637932807, 0.00145812251139, -0.0018051470397], [0.000288805342279, -0.00173336919397, 0.00077993562445, -0.00221704319119, 0.00501219183207, -0.00206171092577, 0.000777935783844, -0.00149140192661, 0.000153889966896, -0.00205055414699, 0.00245949951932, -0.00179909332655, 0.00115707528312], [-0.000393927213736, 0.00177057390101, -0.00201533013023, 0.00135371892247, -0.00206171092577, 0.00611563259736, -0.00253444514237, -0.000172204352566, -4.91836090077e-06, 0.00158292194828, -0.00423753587529, 0.00174859387334, -0.00222199386917], [5.7307559473e-05, -0.00262969359756, 0.00138271716423, -0.00106860557571, 0.000777935783844, -0.00253444514237, 0.00572880357504, -0.00221199076623, 0.000767388672102, -0.00137524225283, 0.00130358873866, -0.000785506854299, 0.00207292917185], [-0.000175479668542, 0.00184246595018, -0.00186068029143, 0.00279649253935, -0.00149140192661, -0.000172204352566, -0.00221199076623, 0.00867467001081, -0.00290957372636, -0.000354707473889, -0.000225102208788, 0.00163633702323, -0.0032247947529], [0.000256173691014, -0.0011335258605, 0.000513802166097, -0.00223989784718, 0.000153889966896, -4.91836090077e-06, 0.000767388672102, -0.00290957372636, 0.00708717433736, -0.00165908341296, -0.000229179902817, -0.00029887247365, -0.00105700362474], [-0.000257507257629, 0.00189894053619, -0.00115066068247, 0.00135021400638, -0.00205055414699, 0.00158292194828, -0.00137524225283, -0.000354707473889, -0.00165908341296, 0.0112888244912, -0.00409380160272, -0.000453103915788, 0.000470798171591], [0.000680965487845, -0.00238475343212, 0.00181386561599, -0.00211637932807, 0.00245949951932, -0.00423753587529, 0.00130358873866, -0.000225102208788, -0.000229179902817, -0.00409380160272, 0.0123250288889, -0.00286485860124, -0.000275461236015], [-0.000174816523213, 0.00180341908708, -0.00161272205878, 0.00145812251139, -0.00179909332655, 0.00174859387334, -0.000785506854299, 0.00163633702323, -0.00029887247365, -0.000453103915788, -0.00286485860124, 0.00849619600922, -0.00277564441785], [0.000534112856258, -0.00147208198905, 0.00203129672445, -0.0018051470397, 0.00115707528312, -0.00222199386917, 0.00207292917185, -0.0032247947529, -0.00105700362474, 0.000470798171591, -0.000275461236015, -0.00277564441785, 0.0111451661214]]
    },
    "melbands": {
        "dmean": [0.00152992375661, 0.00134475098457, 0.000934666604735, 0.000910354370717, 0.000332495750627, 0.000148790146341, 0.000103054386273, 0.000139965952258, 0.000426727143349, 0.000253936101217, 0.000175595283508, 0.000132695291541, 5.29886892764e-05, 5.04238232679e-05, 3.45215848938e-05, 2.58496747847e-05, 1.59477676789e-05, 1.80544066097e-05, 1.81648520083e-05, 1.60476010933e-05, 1.55514808284e-05, 1.85959743249e-05, 1.18877915156e-05, 9.4212273325e-06, 8.82089170773e-06, 7.11018356014e-06, 6.22827246843e-06, 6.42666282147e-06, 5.96727295488e-06, 5.58983356314e-06, 7.37199616196e-06, 5.27643805981e-06, 3.94786638935e-06, 3.46379056282e-06, 3.57839371645e-06, 2.5092379019e-06, 2.93262542073e-06, 1.83900056072e-06, 2.13875750887e-06, 1.60914032676e-06],
        "dmean2": [0.00229284516536, 0.00207011331804, 0.00152835098561, 0.001467960421, 0.000564522808418, 0.000249038537731, 0.000171714957105, 0.000233870116062, 0.000669840490445, 0.000371567293769, 0.000263581838226, 0.000193448591745, 8.39293716126e-05, 7.65647564549e-05, 5.2997336752e-05, 4.18878953496e-05, 2.73670248134e-05, 3.02102871501e-05, 3.07428163069e-05, 2.82410710497e-05, 2.67150662694e-05, 3.38438039762e-05, 2.01989259949e-05, 1.62779870152e-05, 1.59660794452e-05, 1.26406603158e-05, 1.07927253339e-05, 1.07631185529e-05, 9.67652704276e-06, 9.44712519413e-06, 1.30456819534e-05, 8.55052985571e-06, 6.17129398961e-06, 5.25882978764e-06, 5.83272321819e-06, 4.12050985688e-06, 4.79369828099e-06, 2.98897134599e-06, 3.55459565071e-06, 2.55269810623e-06],
        "dvar": [1.57611320901e-05, 1.82478015631e-05, 5.59325417271e-06, 5.78102662985e-06, 6.3154146801e-07, 1.02663918256e-07, 4.79712092272e-08, 1.22110179746e-07, 6.6077387828e-07, 2.20912482973e-07, 2.07985664247e-07, 2.08599928442e-07, 2.5091505762e-08, 1.40772700163e-08, 5.93900484347e-09, 4.04287092692e-09, 9.90842519144e-10, 1.09691278283e-09, 1.42031830741e-09, 1.048109044e-09, 8.65351623691e-10, 1.57333379658e-09, 4.11486289487e-10, 4.38894670607e-10, 4.09742934027e-10, 2.85820617174e-10, 2.24623875056e-10, 1.81104686803e-10, 1.5437584544e-10, 1.37673025757e-10, 3.29024779644e-10, 8.709907795e-11, 4.42989742111e-11, 4.60099076893e-11, 6.94518817457e-11, 2.57408521581e-11, 3.80968659397e-11, 8.78673522831e-12, 3.1660833677e-11, 2.32509879405e-11],
        "dvar2": [3.12774172926e-05, 3.52197093889e-05, 1.17344734463e-05, 1.44295481732e-05, 1.66217432707e-06, 2.50725719297e-07, 1.18619134071e-07, 3.21138685422e-07, 1.43333409142e-06, 4.25043339192e-07, 4.25105213253e-07, 4.40779757582e-07, 5.66638149735e-08, 3.33852661072e-08, 1.36705367026e-08, 1.05086135349e-08, 2.7011526349e-09, 2.82554757369e-09, 3.73509712048e-09, 2.90940693759e-09, 2.38291097965e-09, 4.47359393974e-09, 1.10298070677e-09, 1.20108423207e-09, 1.14026299514e-09, 7.98402233215e-10, 6.19432394267e-10, 4.69979166695e-10, 3.94595300879e-10, 3.76163239446e-10, 9.29434085251e-10, 2.19900458953e-10, 1.08340419969e-10, 1.03160126275e-10, 1.83558016009e-10, 6.68918809232e-11, 9.44227959709e-11, 2.20030157289e-11, 8.37124952691e-11, 4.87022783213e-11],
        "max": [0.0357538871467, 0.0447260700166, 0.0206283591688, 0.0183682646602, 0.00574667099863, 0.00488848239183, 0.00295072095469, 0.00705883093178, 0.00938904937357, 0.00829751137644, 0.00594969466329, 0.00758380396292, 0.00249673076905, 0.00215250672773, 0.00110468664207, 0.00098189082928, 0.000382797588827, 0.00032136682421, 0.000431231223047, 0.000255215767538, 0.000210450933082, 0.000322215666529, 0.000207823759411, 0.000225695752306, 0.000169351391378, 0.000217639273615, 0.000264142960077, 0.000136839182233, 0.000101528101368, 6.69809596729e-05, 0.000120919452456, 6.00525891059e-05, 4.97594555782e-05, 8.09486882645e-05, 6.84836122673e-05, 4.4461194193e-05, 5.10277495778e-05, 2.2236683435e-05, 6.0795682657e-05, 5.88034563407e-05],
        "mean": [0.0022278255783, 0.00186304573435, 0.000995127600618, 0.00082296540495, 0.000363978906535, 0.000167970429175, 9.6276475233e-05, 0.000162419179105, 0.00062408373924, 0.00040806963807, 0.000267873838311, 0.000167747115484, 6.65844054311e-05, 7.16281720088e-05, 4.44756296929e-05, 2.92228542094e-05, 1.55229354277e-05, 1.91931776499e-05, 1.9129978682e-05, 1.53361816047e-05, 1.68228471011e-05, 1.70175444509e-05, 1.32291152113e-05, 8.18039643491e-06, 6.93504080118e-06, 6.01784040555e-06, 5.93446702624e-06, 5.98757287662e-06, 5.42522502656e-06, 4.95421454616e-06, 5.96005156694e-06, 5.80353389523e-06, 4.52158656117e-06, 3.76860862161e-06, 3.26569625031e-06, 2.31754029301e-06, 2.93268749374e-06, 2.32429511016e-06, 2.11919382309e-06, 1.67206167134e-06],
        "median": [0.000765149830841, 0.000315995828714, 0.000118429394206, 8.94217664609e-05, 0.000119174939755, 6.20879145572e-05, 2.09671197808e-05, 4.47190977866e-05, 0.000166272744536, 9.45305509958e-05, 5.2716670325e-05, 2.95845748042e-05, 1.63034837897e-05, 2.04466959985e-05, 1.45937183333e-05, 1.07473788376e-05, 4.69258748126e-06, 4.8712267926e-06, 5.55466203878e-06, 4.50536936114e-06, 5.68925042899e-06, 5.27215843249e-06, 5.53036807105e-06, 2.14123724618e-06, 1.58555155849e-06, 1.62967307915e-06, 1.47728735556e-06, 1.33458252094e-06, 1.07440553165e-06, 1.05136462025e-06, 1.1894318277e-06, 2.05218589144e-06, 1.86765112176e-06, 7.86508167039e-07, 5.22111292867e-07, 3.59968481689e-07, 7.69651592236e-07, 1.09495454126e-06, 4.87131387672e-07, 2.3471419297e-07],
        "min": [8.10100644344e-08, 1.23154975995e-07, 1.25340534396e-07, 2.37818767346e-07, 1.36519133775e-06, 1.23908478145e-06, 3.909233115e-08, 1.96374060124e-07, 5.55488327336e-07, 5.30370698471e-07, 2.54772174912e-07, 3.40788375297e-07, 2.03419915579e-07, 3.85148752002e-07, 2.11307806808e-07, 1.82640889079e-07, 5.95659450653e-08, 8.85343141022e-08, 7.32138261128e-08, 5.7133593856e-08, 3.43533841374e-08, 4.15805878617e-08, 3.38641612529e-08, 1.12163487387e-08, 1.52296095735e-08, 7.81113129733e-09, 6.12696160474e-09, 5.87696824539e-09, 3.23219340181e-09, 9.79055281292e-10, 1.23599930291e-09, 3.16476822526e-09, 4.95539720369e-10, 6.89686458985e-12, 3.34326164843e-12, 2.68234696607e-12, 2.16255033087e-13, 8.46653996911e-12, 4.90052280439e-13, 5.74121696365e-13],
