{
"highlevel": {
    "danceability": {
        "all": {
            "danceable": 0.518024504185,
            "not_danceable": 0.481975495815
        },
        "probability": 0.518024504185,
        "value": "danceable"
    },
    "gender": {
        "all": {
            "female": 0.42996814847,
            "male": 0.570031821728
        },
        "probability": 0.570031821728,
        "value": "male"
    },
    "genre_dortmund": {
        "all": {
            "alternative": 0.159122928977,
            "blues": 0.0711161568761,
            "electronic": 0.0603738613427,
            "folkcountry": 0.0992774218321,
            "funksoulrnb": 0.0250473357737,
            "jazz": 0.0350073166192,
            "pop": 0.061067622155,
            "raphiphop": 0.00416451320052,
            "rock": 0.484822839499
        },
        "probability": 0.484822839499,
        "value": "rock"
    },
    "genre_electronic": {
        "all": {
            "ambient": 0.401964604855,
            "dnb": 0.335133492947,
            "house": 0.090498842299,
            "techno": 0.0185255482793,
            "trance": 0.153877526522
        },
        "probability": 0.401964604855,
        "value": "ambient"
    },
    "genre_rosamerica": {
        "all": {
            "cla": 0.00534224836156,
            "dan": 0.00693905167282,
            "hip": 0.0029485814739,
            "jaz": 0.00833930354565,
            "pop": 0.281024366617,
            "rhy": 0.0101429456845,
            "roc": 0.684891939163,
            "spe": 0.000371540692868
        },
        "probability": 0.684891939163,
        "value": "roc"
    },
    "genre_tzanetakis": {
        "all": {
            "blu": 0.0626613423228,
            "cla": 0.0348169617355,
            "cou": 0.104475811124,
            "dis": 0.0784321576357,
            "hip": 0.15692435205,
            "jaz": 0.313974827528,
            "met": 0.0448166541755,
            "pop": 0.0627359300852,
            "reg": 0.0627360641956,
            "roc": 0.0784258767962
        },
        "probability": 0.313974827528,
        "value": "jaz"
    },
    "ismir04_rhythm": {
        "all": {
            "ChaChaCha": 0.54099547863,
            "Jive": 0.195103093982,
            "Quickstep": 0.038755569607,
            "Rumba-American": 0.0198353473097,
            "Rumba-International": 0.00515000429004,
            "Rumba-Misc": 0.00190693151671,
            "Samba": 0.143657326698,
            "Tango": 0.0339362770319,
            "VienneseWaltz": 0.017375882715,
            "Waltz": 0.00328407483175
        },
        "probability": 0.54099547863,
        "value": "ChaChaCha"
    },
    "mood_acoustic": {
        "all": {
            "acoustic": 0.00722085312009,
            "not_acoustic": 0.992779135704
        },
        "probability": 0.992779135704,
        "value": "not_acoustic"
    },
    "mood_aggressive": {
        "all": {
            "aggressive": 0.90557974577,
            "not_aggressive": 0.0944202318788
        },
        "probability": 0.90557974577,
        "value": "aggressive"
    },
    "mood_electronic": {
        "all": {
            "electronic": 0.104684248567,
            "not_electronic": 0.895315766335
        },
        "probability": 0.895315766335,
        "value": "not_electronic"
    },
    "mood_happy": {
        "all": {
            "happy": 0.724450290203,
            "not_happy": 0.275549709797
        },
        "probability": 0.724450290203,
        "value": "happy"
    },
    "mood_party": {
        "all": {
            "not_party": 0.312292307615,
            "party": 0.687707722187
        },
        "probability": 0.687707722187,
        "value": "party"
    },
    "mood_relaxed": {
        "all": {
            "not_relaxed": 0.953124761581,
            "relaxed": 0.0468752644956
        },
        "probability": 0.953124761581,
        "value": "not_relaxed"
    },
    "mood_sad": {
        "all": {
            "not_sad": 0.750267863274,
            "sad": 0.249732136726
        },
        "probability": 0.750267863274,
        "value": "not_sad"
    },
    "moods_mirex": {
        "all": {
            "Cluster1": 0.310641914606,
            "Cluster2": 0.113401159644,
            "Cluster3": 0.0292621254921,
            "Cluster4": 0.121784180403,
            "Cluster5": 0.424910604954
        },
        "probability": 0.424910604954,
        "value": "Cluster5"
    },
    "timbre": {
        "all": {
            "bright": 0.999998450279,
            "dark": 1.56579005761e-06
        },
        "probability": 0.999998450279,
        "value": "bright"
    },
    "tonal_atonal": {
        "all": {
            "atonal": 0.174641504884,
            "tonal": 0.825358510017
        },
        "probability": 0.825358510017,
        "value": "tonal"
    },
    "voice_instrumental": {
        "all": {
            "instrumental": 0.0826769322157,
            "voice": 0.917323052883
        },
        "probability": 0.917323052883,
        "value": "voice"
    }
},
"lowlevel": {
    "average_loudness": 0.965826511383,
    "barkbands_crest": {
        "dmean": 2.41754031181,
        "dmean2": 3.91471481323,
        "dvar": 5.08586072922,
        "dvar2": 12.9786195755,
        "max": 23.3125762939,
        "mean": 7.76400852203,
        "median": 7.06918764114,
        "min": 2.21007466316,
        "var": 11.6059131622
    },
    "barkbands_flatness_db": {
        "dmean": 0.0178375784308,
        "dmean2": 0.0282005704939,
        "dvar": 0.000278052291833,
        "dvar2": 0.000719685223885,
        "max": 0.216997861862,
        "mean": 0.109401926398,
        "median": 0.107120744884,
        "min": 0.0388106629252,
        "var": 0.000770930142608
    },
    "barkbands_kurtosis": {
        "dmean": 1.048833251,
        "dmean2": 1.74895513058,
        "dvar": 3.34072399139,
        "dvar2": 8.81498908997,
        "max": 29.2769050598,
        "mean": 0.191448032856,
        "median": -0.310906887054,
        "min": -1.78868019581,
        "var": 3.77596282959
    },
    "barkbands_skewness": {
        "dmean": 0.451107293367,
        "dmean2": 0.662835240364,
        "dvar": 0.229594111443,
        "dvar2": 0.497019261122,
        "max": 4.94089269638,
        "mean": 0.341531574726,
        "median": 0.281676143408,
        "min": -1.81803774834,
        "var": 0.634360790253
    },
    "barkbands_spread": {
        "dmean": 6.65410327911,
        "dmean2": 9.93375301361,
        "dvar": 43.8241424561,
        "dvar2": 89.2008895874,
        "max": 96.096244812,
        "mean": 31.5895328522,
        "median": 29.4551811218,
        "min": 5.96192264557,
        "var": 189.602554321
    },
    "dissonance": {
        "dmean": 0.0136743960902,
        "dmean2": 0.0232118684798,
        "dvar": 0.000193954823771,
        "dvar2": 0.00055256934138,
        "max": 0.499891668558,
        "mean": 0.477981686592,
        "median": 0.482290238142,
        "min": 0.374275922775,
        "var": 0.00029127651942
    },
    "dynamic_complexity": 2.00658798218,
    "erbbands_crest": {
        "dmean": 2.81837654114,
        "dmean2": 4.64026165009,
        "dvar": 6.7640786171,
        "dvar2": 16.5682239532,
        "max": 31.9707355499,
        "mean": 10.2440872192,
        "median": 8.92214679718,
        "min": 2.6085562706,
        "var": 26.7699813843
    },
    "erbbands_flatness_db": {
        "dmean": 0.0214563347399,
        "dmean2": 0.0290909465402,
        "dvar": 0.000363365514204,
        "dvar2": 0.000636169686913,
        "max": 0.288309514523,
        "mean": 0.149848967791,
        "median": 0.14805932343,
        "min": 0.055114928633,
        "var": 0.00178432371467
    },
    "erbbands_kurtosis": {
        "dmean": 0.973125755787,
        "dmean2": 1.57544887066,
        "dvar": 1.61482059956,
        "dvar2": 4.37331676483,
        "max": 24.912727356,
        "mean": 1.08667528629,
        "median": 0.487144708633,
        "min": -1.58144688606,
        "var": 4.14116382599
    },
    "erbbands_skewness": {
        "dmean": 0.331470489502,
        "dmean2": 0.514251828194,
        "dvar": 0.091475084424,
        "dvar2": 0.224237814546,
        "max": 2.78988432884,
        "mean": -0.0655211135745,
        "median": -0.0720279365778,
        "min": -2.49786758423,
        "var": 0.437819808722
    },
    "erbbands_spread": {
        "dmean": 7.04344129562,
        "dmean2": 10.4904718399,
        "dvar": 55.5540657043,
        "dvar2": 117.790718079,
        "max": 94.7194519043,
        "mean": 28.8366203308,
        "median": 26.5273723602,
        "min": 3.13480567932,
        "var": 215.594192505
    },
    "hfc": {
        "dmean": 9.95844459534,
        "dmean2": 14.4850177765,
        "dvar": 133.093597412,
        "dvar2": 297.020446777,
        "max": 179.108337402,
        "mean": 33.4722061157,
        "median": 30.2599449158,
        "min": 1.99149823189,
        "var": 421.996765137
    },
    "melbands_crest": {
        "dmean": 3.13106656075,
        "dmean2": 4.9784822464,
        "dvar": 10.6111888885,
        "dvar2": 23.9040756226,
        "max": 25.3900356293,
        "mean": 10.2881402969,
        "median": 9.00827693939,
        "min": 3.92520260811,
        "var": 19.3226184845
    },
    "melbands_flatness_db": {
        "dmean": 0.0224104840308,
        "dmean2": 0.0343964323401,
        "dvar": 0.000628846406471,
        "dvar2": 0.00149765610695,
        "max": 0.301594942808,
        "mean": 0.133552387357,
        "median": 0.131891295314,
        "min": 0.0341792292893,
        "var": 0.00152560102288
    },
    "melbands_kurtosis": {
        "dmean": 3.02240943909,
        "dmean2": 4.85384130478,
        "dvar": 38.6832046509,
        "dvar2": 95.1172637939,
        "max": 79.6756439209,
        "mean": 2.79717206955,
        "median": 0.742803812027,
        "min": -1.65873861313,
        "var": 45.4214248657
    },
    "melbands_skewness": {
        "dmean": 0.631674408913,
        "dmean2": 0.926956951618,
        "dvar": 0.589530289173,
        "dvar2": 1.26486766338,
        "max": 7.8540391922,
        "mean": 1.19929397106,
        "median": 1.02212131023,
        "min": -1.61095058918,
        "var": 1.42451405525
    },
    "melbands_spread": {
        "dmean": 10.1694869995,
        "dmean2": 15.3614263535,
        "dvar": 119.013221741,
        "dvar2": 265.490234375,
        "max": 185.054870605,
        "mean": 44.0180549622,
        "median": 42.0146408081,
        "min": 3.29724264145,
        "var": 367.829650879
    },
    "pitch_salience": {
        "dmean": 0.0704999864101,
        "dmean2": 0.112159617245,
        "dvar": 0.00468662334606,
        "dvar2": 0.0111120529473,
        "max": 0.777724146843,
        "mean": 0.578023254871,
        "median": 0.592236995697,
        "min": 0.266058951616,
        "var": 0.00946714077145
    },
    "silence_rate_20dB": {
        "dmean": 0,
        "dmean2": 0,
        "dvar": 0,
        "dvar2": 0,
        "max": 1,
        "mean": 1,
        "median": 1,
        "min": 1,
        "var": 0
    },
    "silence_rate_30dB": {
        "dmean": 0,
        "dmean2": 0,
        "dvar": 0,
        "dvar2": 0,
        "max": 1,
        "mean": 1,
        "median": 1,
        "min": 1,
        "var": 0
    },
    "silence_rate_60dB": {
        "dmean": 0,
        "dmean2": 0,
        "dvar": 0,
        "dvar2": 0,
        "max": 0,
        "mean": 0,
        "median": 0,
        "min": 0,
        "var": 0
    },
    "spectral_centroid": {
        "dmean": 229.85206604,
        "dmean2": 357.983093262,
        "dvar": 50033.5429688,
        "dvar2": 111665.117188,
        "max": 3728.07226562,
        "mean": 1965.63244629,
        "median": 1959.34997559,
        "min": 524.847045898,
        "var": 196981.609375
    },
    "spectral_complexity": {
        "dmean": 4.56811141968,
        "dmean2": 6.60108423233,
        "dvar": 17.2577037811,
        "dvar2": 35.3845596313,
        "max": 55,
        "mean": 25.8855381012,
        "median": 25,
        "min": 6,
        "var": 59.8523178101
    },
    "spectral_decrease": {
        "dmean": 2.72427613801e-09,
        "dmean2": 4.15199430392e-09,
        "dvar": 1.7613939296e-17,
        "dvar2": 3.97577181496e-17,
        "max": -8.32760638225e-10,
        "mean": -5.98646288097e-09,
        "median": -4.59120252927e-09,
        "min": -3.35631824555e-08,
        "var": 2.49441988174e-17
    },
    "spectral_energy": {
        "dmean": 0.010999632068,
        "dmean2": 0.0166554171592,
        "dvar": 0.000263968337094,
        "dvar2": 0.000586987705901,
        "max": 0.133645191789,
        "mean": 0.0256303492934,
        "median": 0.019982310012,
        "min": 0.0035912047606,
        "var": 0.000400449411245
    },
    "spectral_energyband_high": {
        "dmean": 0.000571406912059,
        "dmean2": 0.000819523411337,
        "dvar": 9.19562467061e-07,
        "dvar2": 2.19865523832e-06,
        "max": 0.0176834706217,
        "mean": 0.00127822428476,
        "median": 0.00076917221304,
        "min": 2.68726835202e-05,
        "var": 2.1132443635e-06
    },
    "spectral_energyband_low": {
        "dmean": 0.0069977780804,
        "dmean2": 0.0114594409242,
        "dvar": 0.000231370533584,
        "dvar2": 0.000559827603865,
        "max": 0.0938296914101,
        "mean": 0.00736673502252,
        "median": 0.00220908224583,
        "min": 5.65369628021e-05,
        "var": 0.000211437698454
    },
    "spectral_energyband_middle_high": {
        "dmean": 0.00358835980296,
        "dmean2": 0.00553125096485,
        "dvar": 2.07951106859e-05,
        "dvar2": 4.95142921864e-05,
        "max": 0.0713831484318,
        "mean": 0.0118197733536,
        "median": 0.00945107638836,
        "min": 0.00034264754504,
        "var": 8.40053107822e-05
    },
    "spectral_energyband_middle_low": {
        "dmean": 0.00321975280531,
        "dmean2": 0.00507193151861,
        "dvar": 2.6879231882e-05,
        "dvar2": 6.69118089718e-05,
        "max": 0.0457984246314,
        "mean": 0.00616133166477,
        "median": 0.00449357321486,
        "min": 0.000956099946052,
        "var": 2.85018650175e-05
    },
    "spectral_entropy": {
        "dmean": 0.130363717675,
        "dmean2": 0.186255201697,
        "dvar": 0.0149592980742,
        "dvar2": 0.0284801814705,
        "max": 8.60096168518,
        "mean": 7.75869750977,
        "median": 7.75854253769,
        "min": 6.86679172516,
        "var": 0.0835285484791
    },
    "spectral_flux": {
        "dmean": 0.0293488930911,
        "dmean2": 0.0423331297934,
        "dvar": 0.0012269312283,
        "dvar2": 0.00246052956209,
        "max": 0.310534954071,
        "mean": 0.09383264184,
        "median": 0.0759911835194,
        "min": 0.0227253306657,
        "var": 0.00261434097774
    },
    "spectral_kurtosis": {
        "dmean": 1.30463600159,
        "dmean2": 2.07794260979,
        "dvar": 1.4830904007,
        "dvar2": 3.78641581535,
        "max": 13.3533878326,
        "mean": 4.92505645752,
        "median": 4.74121761322,
        "min": -1.32691180706,
        "var": 5.04836463928
    },
    "spectral_rms": {
        "dmean": 0.000939393357839,
        "dmean2": 0.00136073492467,
        "dvar": 1.27621103729e-06,
        "dvar2": 2.57053966379e-06,
        "max": 0.0114186489955,
        "mean": 0.00470355106518,
        "median": 0.00441530719399,
        "min": 0.0018717944622,
        "var": 2.88179217023e-06
    },
    "spectral_rolloff": {
        "dmean": 634.680419922,
        "dmean2": 1031.59265137,
        "dvar": 1111950.875,
        "dvar2": 2251509.25,
        "max": 11929.3945312,
        "mean": 2580.81860352,
        "median": 2217.91992188,
        "min": 150.732421875,
        "var": 2839669
    },
    "spectral_skewness": {
        "dmean": 0.205758929253,
        "dmean2": 0.320946514606,
        "dvar": 0.0318632014096,
        "dvar2": 0.0777961239219,
        "max": 3.121352911,
        "mean": 1.58546376228,
        "median": 1.58639729023,
        "min": 0.350759744644,
        "var": 0.119832284749
    },
    "spectral_spread": {
        "dmean": 624047.8125,
        "dmean2": 813678.875,
        "dvar": 557877624832,
        "dvar2": 880390963200,
        "max": 17155304,
        "mean": 4576745,
        "median": 4165757.75,
        "min": 2216331,
        "var": 2.80662114304e+12
    },
    "spectral_strongpeak": {
        "dmean": 1.19911956787,
        "dmean2": 1.98884403706,
        "dvar": 2.37492775917,
        "dvar2": 5.53831148148,
        "max": 12.8708362579,
        "mean": 2.10797953606,
        "median": 1.04063117504,
        "min": 0.0268703103065,
        "var": 5.25166130066
    },
    "zerocrossingrate": {
        "dmean": 0.013171877712,
        "dmean2": 0.0148836895823,
        "dvar": 0.000237036307226,
        "dvar2": 0.000237375657889,
        "max": 0.396484375,
        "mean": 0.0965093746781,
        "median": 0.0859375,
        "min": 0.0224609375,
        "var": 0.00171240908094
    },
    "barkbands": {
        "dmean": [1.98657926376e-05, 0.00360140902922, 0.00368308508769, 0.00137292908039, 0.000750842154957, 0.00063028500881, 0.000365274143405, 0.000451829953818, 0.000590418814681, 0.000755258428399, 0.000664051389322, 0.000978952390142, 0.000784416159149, 0.000517229200341, 0.000858970568515, 0.000624532811344, 0.000490936858114, 0.00038034375757, 0.000265283510089, 0.000179130947799, 0.000115541122796, 0.000109547043394, 7.61757764849e-05, 8.7948210421e-05, 0.000111447974632, 0.000139035924803, 2.02959338225e-09],
        "dmean2": [3.19337304973e-05, 0.00591267179698, 0.00660518370569, 0.00235478789546, 0.00121968064923, 0.00104384392034, 0.000595196499489, 0.000727808335796, 0.000921163766179, 0.00125082000159, 0.00105664564762, 0.00155535677914, 0.0012429356575, 0.000823726411909, 0.00141446175985, 0.00099742168095, 0.000798064749688, 0.000611863448285, 0.000417173287133, 0.000288365292363, 0.000191508021089, 0.000175975612365, 0.000117409137601, 0.000133295776322, 0.000167704230989, 0.000195532673388, 3.06238390202e-09],
        "dvar": [1.38283096085e-09, 6.0719994508e-05, 8.29355049063e-05, 8.03524380899e-06, 2.0063177999e-06, 1.60098386459e-06, 4.58243363255e-07, 4.61167047661e-07, 2.5085901143e-06, 4.8494011935e-06, 3.24437314703e-06, 7.46634668758e-06, 2.18460786527e-06, 1.49442439579e-06, 2.88970295514e-06, 1.85148508081e-06, 1.03402021523e-06, 2.98023138612e-07, 1.27869768107e-07, 6.13430017893e-08, 3.98016908321e-08, 4.38631779787e-08, 1.8389211931e-08, 1.19323587455e-07, 1.47160037045e-07, 4.53318982352e-08, 4.7499331281e-16],
        "dvar2": [3.2879861056e-09, 0.000154335255502, 0.000225998097449, 2.0858942662e-05, 5.16502950632e-06, 4.34530966231e-06, 1.19688729683e-06, 1.20179686292e-06, 6.41236511001e-06, 1.33948415169e-05, 7.96473705122e-06, 1.85330754903e-05, 5.51248740521e-06, 3.42370435646e-06, 7.47512103771e-06, 4.07010793424e-06, 2.8877573186e-06, 7.78092612563e-07, 2.91298022148e-07, 1.51056482878e-07, 1.03717731292e-07, 1.04419683566e-07, 4.52770088089e-08, 3.37597924727e-07, 3.37821177254e-07, 9.67115241224e-08, 4.80839004816e-16],
        "max": [0.000386202271329, 0.0559767410159, 0.0560057871044, 0.0187398511916, 0.0167233906686, 0.016488134861, 0.00855908542871, 0.00874443724751, 0.0404664315283, 0.0380031466484, 0.0282043144107, 0.0489924289286, 0.0243671294302, 0.0202359333634, 0.0240957736969, 0.0254789367318, 0.0193751044571, 0.00689263176173, 0.00694041792303, 0.00335300737061, 0.00172383664176, 0.00435050437227, 0.00246370839886, 0.00931889470667, 0.00754032609984, 0.00245431391522, 6.43394344024e-07],
        "mean": [2.33173232118e-05, 0.00352977914736, 0.00292776362039, 0.0014272115659, 0.00132344802842, 0.000952141999733, 0.000497708446346, 0.000721794203855, 0.00103190587834, 0.00119418615941, 0.00110945629422, 0.001807451481, 0.00158682686742, 0.000922720762901, 0.00157071603462, 0.00120190484449, 0.000916554767173, 0.000794741150457, 0.000601153064054, 0.000395188922994, 0.000199566333322, 0.000215523250517, 0.000147134574945, 0.000149605621118, 0.000187248340808, 0.000195288928808, 1.84311688134e-09],
        "median": [6.56965767121e-06, 0.000983929261565, 0.000694384041708, 0.000584993860684, 0.000842434354126, 0.000578999286518, 0.000276094739093, 0.000413149682572, 0.000459735863842, 0.000533650163561, 0.000271209602943, 0.000396612274926, 0.000419987249188, 0.000217158405576, 0.000542563269846, 0.00057359575294, 0.000502810813487, 0.000489446392749, 0.000422371114837, 0.000255863793427, 0.000113733163744, 0.000104976497823, 7.09215455572e-05, 5.82133361604e-05, 6.98650474078e-05, 7.71797058405e-05, 4.52043513732e-10],
        "min": [1.36112436877e-08, 1.54858862516e-05, 2.3199406769e-06, 1.21852860957e-06, 2.73574005405e-05, 1.74349315785e-05, 2.51180381383e-06, 7.60482498663e-06, 1.06986644823e-05, 2.40237186517e-05, 1.01451423689e-05, 3.42470480064e-06, 1.38996792884e-05, 5.50881532035e-06, 1.4279644347e-05, 2.44290022238e-05, 9.84733105724e-06, 1.68765946e-05, 1.53632227011e-05, 1.13937476272e-05, 3.92048104914e-06, 2.59515263679e-06, 4.27597342423e-07, 4.30224417869e-07, 9.61697121937e-09, 2.92880275587e-10, 5.01567606892e-11],
        "var": [1.80818393591e-09, 5.33680649824e-05, 5.57517305424e-05, 6.34875414107e-06, 2.37111294155e-06, 1.49553204665e-06, 4.63924067162e-07, 8.25271740723e-07, 3.5788407331e-06, 5.57005887458e-06, 7.18381488696e-06, 2.10692032852e-05, 8.07681317383e-06, 3.74508431378e-06, 6.66321329845e-06, 5.18879141964e-06, 2.3513891847e-06, 7.74678312609e-07, 3.70935310912e-07, 1.74377632334e-07, 5.48244081244e-08, 1.20130906112e-07, 4.68204568449e-08, 1.28532661847e-07, 2.49106506089e-07, 8.43046947807e-08, 4.74455446888e-16]
    },
    "erbbands": {
        "dmean": [0.042328029871, 1.01806664467, 3.82313752174, 4.83561611176, 3.26192140579, 2.16453385353, 4.97374820709, 4.73806333542, 5.07242631912, 5.02307844162, 11.1894006729, 14.9060535431, 13.5804338455, 26.936460495, 31.4359436035, 40.6084632874, 36.7669372559, 26.6225242615, 40.7898712158, 34.8502616882, 33.1158638, 21.2273693085, 16.5077209473, 19.7995128632, 11.1612844467, 8.63662910461, 5.59590148926, 4.18196582794, 4.10259628296, 3.53915286064, 1.93781256676, 1.53566348553, 1.61581468582, 1.3430160284, 0.800429046154, 0.516211092472, 0.298800140619, 0.0339358448982, 0.000563053996302, 3.26592780766e-05],
        "dmean2": [0.0708013102412, 1.64428031445, 6.5280585289, 8.58700561523, 5.44134807587, 3.46427369118, 8.42745876312, 7.81924152374, 8.26256942749, 7.946829319, 18.018995285, 22.8924884796, 22.2113895416, 43.2078132629, 48.0559844971, 63.7238273621, 57.9254341125, 42.413028717, 66.745300293, 54.7172012329, 53.4546699524, 34.2746391296, 26.3141002655, 31.1130847931, 17.4083690643, 13.8625183105, 9.28425979614, 6.77552747726, 6.45849895477, 5.82024049759, 2.96777486801, 2.33787584305, 2.44298624992, 2.11518478394, 1.20017552376, 0.735827445984, 0.425275325775, 0.0519298799336, 0.000843108049594, 4.60428527731e-05],
        "dvar": [0.00605589989573, 4.85083818436, 83.6809387207, 119.023742676, 44.4671020508, 14.3564872742, 140.157211304, 68.5480651855, 93.222694397, 66.4363327026, 276.363037109, 1426.24182129, 1258.51611328, 4483.20996094, 9104.03125, 14235.0878906, 5133.33007812, 4003.67578125, 6451.2109375, 7420.23535156, 5398.32373047, 1827.76818848, 502.775543213, 848.486328125, 210.157821655, 144.509185791, 79.5325546265, 53.5051879883, 55.5568580627, 53.129776001, 10.5794944763, 12.8242321014, 43.9192733765, 33.7538986206, 6.48723077774, 0.593072354794, 0.220560416579, 0.00390815036371, 9.97206143438e-07, 2.31123387096e-09],
        "dvar2": [0.0161905195564, 12.1134347916, 217.731765747, 320.81161499, 115.533996582, 37.0421218872, 376.533752441, 189.108901978, 248.578308105, 166.834274292, 702.187744141, 3501.44433594, 3466.64282227, 11981.15625, 21972.859375, 37009.6367188, 12902.6240234, 10169.2890625, 17116.1015625, 18259.6972656, 13349.8388672, 5121.07373047, 1233.39697266, 2086.75585938, 516.749694824, 365.321105957, 206.599700928, 137.064697266, 129.491256714, 137.434921265, 24.8462963104, 34.60521698, 119.720687866, 89.6028366089, 14.0248308182, 1.24942088127, 0.471302658319, 0.0090894876048, 2.27540044762e-06, 4.9173944916e-09],
        "max": [0.554784059525, 16.126127243, 54.2109642029, 65.0437011719, 66.5602035522, 40.7295608521, 152.70526123, 74.9485778809, 115.928787231, 104.144927979, 244.308761597, 922.687194824, 661.223510742, 1152.00317383, 2534.90429688, 2498.33862305, 1287.52722168, 1046.61303711, 961.932434082, 1952.81018066, 1619.20776367, 761.516479492, 345.353729248, 465.935302734, 241.681655884, 180.805740356, 79.4425125122, 71.355682373, 135.775650024, 143.471557617, 51.522644043, 73.6887435913, 182.78944397, 133.891937256, 68.0098190308, 8.31991958618, 4.88160133362, 0.92318791151, 0.0141717363149, 0.000541661574971],
        "mean": [0.0492373816669, 0.976210832596, 3.33622002602, 4.52173471451, 4.56860971451, 3.83080053329, 6.46782875061, 7.77943754196, 7.05568361282, 7.9666595459, 19.3707141876, 27.0952510834, 22.2591171265, 46.2549171448, 62.2016677856, 79.8587493896, 80.0364608765, 53.382194519, 77.7598648071, 67.8418197632, 67.9965591431, 43.3490562439, 38.7594718933, 43.3438339233, 26.0243740082, 19.2032546997, 10.3622589111, 7.45571470261, 8.02337265015, 6.47597503662, 3.78973388672, 2.63068246841, 2.76991391182, 2.22599768639, 1.25592672825, 0.746210038662, 0.404798656702, 0.0403802208602, 0.00071415270213, 6.37964258203e-05],
        "median": [0.0199174061418, 0.242900028825, 0.772688567638, 1.60180258751, 2.40121364594, 2.43225216866, 3.42837667465, 4.42889785767, 4.27633094788, 5.18446731567, 10.8320875168, 12.6582546234, 12.3926267624, 18.8626899719, 16.1503162384, 26.066444397, 27.1056098938, 22.7638339996, 27.7436847687, 32.9518165588, 36.7609825134, 25.3335590363, 25.7744789124, 26.2082691193, 19.0241184235, 12.6361322403, 6.96792507172, 3.77937960625, 4.05384016037, 2.97180056572, 1.76752460003, 1.06992542744, 0.98674595356, 0.882221162319, 0.390368521214, 0.290588527918, 0.161560490727, 0.0139982942492, 0.000270614691544, 4.24633471994e-05],
        "min": [0.000299649138469, 0.00555463880301, 0.00559080671519, 0.0458362661302, 0.0561236403883, 0.101356208324, 0.146877899766, 0.181867644191, 0.173294991255, 0.168103665113, 0.427281886339, 0.446489691734, 0.593072533607, 0.657029032707, 0.740101933479, 0.462467342615, 0.700460493565, 0.436838448048, 0.570572078228, 1.04254448414, 1.47491633892, 1.52914261818, 1.08379209042, 0.665450155735, 0.696756601334, 0.466059714556, 0.22730140388, 0.127540022135, 0.113133221865, 0.0475848428905, 0.0103930048645, 0.00455151917413, 0.00730740325525, 0.00556881492957, 0.00168017076794, 0.000330037961248, 1.47845667016e-05, 2.25795042752e-06, 2.97767542179e-06, 4.34360981671e-06],
        "var": [0.00610806141049, 4.33164358139, 63.5958824158, 83.3738250732, 41.8626899719, 19.1021080017, 110.446731567, 89.1451034546, 86.9577484131, 90.3788070679, 565.952514648, 2361.03393555, 1227.02160645, 7412.8359375, 26529.4511719, 40676.7421875, 20472.4921875, 8667.52539062, 15873.2734375, 16139.4589844, 13776.3583984, 4334.6796875, 1746.55505371, 2213.43530273, 606.68572998, 395.350219727, 120.785949707, 88.8602600098, 156.91859436, 123.352355957, 28.7426052094, 18.5695819855, 56.5827941895, 45.4387741089, 10.3752155304, 1.24514722824, 0.384651243687, 0.00507664820179, 1.39110693453e-06, 3.85619003396e-09]
    },
    "gfcc": {
        "mean": [42.1535835266, 62.2912902832, -128.34552002, 25.7109069824, -44.0881614685, 17.9989547729, -39.2582397461, 16.4638957977, -32.1465530396, 6.0296497345, -23.7997913361, 4.59845733643, -18.0242366791],
        "cov": [[1441.93164062, -569.299255371, 304.190368652, -14.3286628723, 47.1402664185, 129.772247314, 32.3689002991, 7.29446601868, -39.1895103455, 84.6431121826, -83.534866333, 74.6409683228, -110.786247253], [-569.299255371, 721.496276855, -273.260009766, 29.5337905884, 71.8666152954, -98.5766525269, 93.5616073608, -45.8720626831, 27.7907009125, -57.5282211304, 83.5484313965, -60.3690567017, 44.4153518677], [304.190368652, -273.260009766, 594.137817383, 0.441278100014, 0.0101436935365, 49.605140686, -41.6351051331, 106.94694519, -0.653446018696, 67.6806945801, -85.6709289551, 45.2683410645, -30.2049789429], [-14.3286628723, 29.5337905884, 0.441278100014, 257.130950928, -7.52516031265, -13.98832798, 0.0349745154381, -3.05330872536, 81.3626708984, -27.2013511658, -15.1813402176, -19.1735305786, 17.3575077057], [47.1402664185, 71.8666152954, 0.0101436935365, -7.52516031265, 184.327590942, 17.1150188446, 19.7471256256, 15.7135009766, -1.73923492432, 14.7711687088, -0.415637135506, 11.5467596054, -16.145067215], [129.772247314, -98.5766525269, 49.605140686, -13.98832798, 17.1150188446, 166.734893799, 26.7132587433, -21.9893608093, -16.0978488922, 8.36436462402, 29.9582462311, -11.217297554, -28.1798381805], [32.3689002991, 93.5616073608, -41.6351051331, 0.0349745154381, 19.7471256256, 26.7132587433, 128.63609314, 3.10168218613, 4.58932924271, 0.184589743614, 9.87637329102, 6.31847715378, -17.7011489868], [7.29446601868, -45.8720626831, 106.94694519, -3.05330872536, 15.7135009766, -21.9893608093, 3.10168218613, 152.957061768, 45.270690918, 7.65401554108, -34.0435638428, 6.98281860352, 34.5160865784], [-39.1895103455, 27.7907009125, -0.653446018696, 81.3626708984, -1.73923492432, -16.0978488922, 4.58932924271, 45.270690918, 107.214157104, 10.3134431839, -18.9642734528, -2.00241065025, 19.2852478027], [84.6431121826, -57.5282211304, 67.6806945801, -27.2013511658, 14.7711687088, 8.36436462402, 0.184589743614, 7.65401554108, 10.3134431839, 70.4302520752, 0.289546102285, 16.9730129242, -13.3346252441], [-83.534866333, 83.5484313965, -85.6709289551, -15.1813402176, -0.415637135506, 29.9582462311, 9.87637329102, -34.0435638428, -18.9642734528, 0.289546102285, 93.7065429688, 1.91451179981, -5.58895969391], [74.6409683228, -60.3690567017, 45.2683410645, -19.1735305786, 11.5467596054, -11.217297554, 6.31847715378, 6.98281860352, -2.00241065025, 16.9730129242, 1.91451179981, 76.7406539917, 4.75378751755], [-110.786247253, 44.4153518677, -30.2049789429, 17.3575077057, -16.145067215, -28.1798381805, -17.7011489868, 34.5160865784, 19.2852478027, -13.3346252441, -5.58895969391, 4.75378751755, 74.0260391235]],
        "icov": [[0.00127967575099, 0.000973137677647, -0.000135658789077, -0.000241010697209, -0.000509541656356, -9.08102374524e-05, -0.00090860913042, 0.000258487649262, 0.000285604823148, -0.000444822566351, 0.000436231406638, -0.000295919569908, 0.000746336008888], [0.000973137677647, 0.00504699116573, -0.00118295231368, 0.00125155004207, -0.00324750319123, 0.00448965467513, -0.00506688049063, 0.0036222091876, -0.00303403660655, 0.00294203031808, -0.0050499192439, 0.00488727074116, -0.00362237123773], [-0.000135658789077, -0.00118295231368, 0.00389635562897, -0.00169766042382, 0.0016097468324, -0.00300249573775, 0.00282151182182, -0.00416938215494, 0.00324313668534, -0.00376558629796, 0.00431397883222, -0.00345263001509, 0.00334570556879], [-0.000241010697209, 0.00125155004207, -0.00169766042382, 0.00704534165561, -0.00142807350494, 0.00222724420018, -0.00183351454325, 0.0041015134193, -0.00748150656, 0.00505577912554, -0.00253960862756, 0.00322283455171, -0.00280965142883], [-0.000509541656356, -0.00324750319123, 0.0016097468324, -0.00142807350494, 0.00812769588083, -0.00382853741758, 0.00305330287665, -0.00415518088266, 0.00313349883072, -0.00351205468178, 0.00410504685715, -0.00453233160079, 0.00431236904114], [-9.08102374524e-05, 0.00448965467513, -0.00300249573775, 0.00222724420018, -0.00382853741758, 0.0128487581387, -0.00649917684495, 0.00537628494203, -0.00421708868816, 0.00424819020554, -0.00921580847353, 0.00787093490362, -0.00391909433529], [-0.00090860913042, -0.00506688049063, 0.00282151182182, -0.00183351454325, 0.00305330287665, -0.00649917684495, 0.0144007969648, -0.00583049515262, 0.0032113941852, -0.00318369874731, 0.0056726988405, -0.00708190351725, 0.00708839483559], [0.000258487649262, 0.0036222091876, -0.00416938215494, 0.0041015134193, -0.00415518088266, 0.00537628494203, -0.00583049515262, 0.0151778291911, -0.00884727481753, 0.0049600773491, -0.0042361007072, 0.00594518519938, -0.0092834411189], [0.000285604823148, -0.00303403660655, 0.00324313668534, -0.00748150656, 0.00313349883072, -0.00421708868816, 0.0032113941852, -0.00884727481753, 0.0204046741128, -0.00930334161967, 0.00696497131139, -0.00477218208835, 0.00313724088483], [-0.000444822566351, 0.00294203031808, -0.00376558629796, 0.00505577912554, -0.00351205468178, 0.00424819020554, -0.00318369874731, 0.0049600773491, -0.00930334161967, 0.0230094194412, -0.00696437712759, 0.00212463643402, -0.00146945321467], [0.000436231406638, -0.0050499192439, 0.00431397883222, -0.00253960862756, 0.00410504685715, -0.00921580847353, 0.0056726988405, -0.0042361007072, 0.00696497131139, -0.00696437712759, 0.021886670962, -0.00881236139685, 0.00590653950348], [-0.000295919569908, 0.00488727074116, -0.00345263001509, 0.00322283455171, -0.00453233160079, 0.00787093490362, -0.00708190351725, 0.00594518519938, -0.00477218208835, 0.00212463643402, -0.00881236139685, 0.0220287777483, -0.00845140777528], [0.000746336008888, -0.00362237123773, 0.00334570556879, -0.00280965142883, 0.00431236904114, -0.00391909433529, 0.00708839483559, -0.0092834411189, 0.00313724088483, -0.00146945321467, 0.00590653950348, -0.00845140777528, 0.0242019370198]]
    },
    "melbands": {
        "dmean": [0.000693563139066, 0.00175071228296, 0.000787468219642, 0.000176960689714, 0.000150487641804, 0.000107188076072, 7.72945713834e-05, 5.96864738327e-05, 9.06734640012e-05, 9.62690610322e-05, 7.07362778485e-05, 0.000114029702672, 8.94410841283e-05, 0.000119638803881, 8.83730608621e-05, 7.1241382102e-05, 5.1150098443e-05, 6.57133277855e-05, 5.36898769496e-05, 4.99259767821e-05, 4.25513244409e-05, 2.7513007808e-05, 1.66633162735e-05, 1.99602272914e-05, 1.77428482857e-05, 8.90620685823e-06, 7.539015769e-06, 5.85713041801e-06, 4.03235480917e-06, 2.7343187412e-06, 2.61709033111e-06, 2.32689490076e-06, 2.35524021264e-06, 1.95867391994e-06, 1.24955772662e-06, 9.53079108967e-07, 1.04057551198e-06, 1.1400720723e-06, 1.2887946923e-06, 1.21037589906e-06],
        "dmean2": [0.00115869485307, 0.00290040532127, 0.00137524190359, 0.000286587455776, 0.00025363342138, 0.000177031630301, 0.000124884652905, 9.43576960708e-05, 0.000144920530147, 0.000148727776832, 0.000116071227239, 0.00018485954206, 0.000140185220516, 0.00018976109277, 0.000137132170494, 0.000110747758299, 8.16778192529e-05, 0.000105874736619, 8.61187654664e-05, 7.88228353485e-05, 6.87195642968e-05, 4.56428497273e-05, 2.7051926736e-05, 3.22197265632e-05, 2.77925500995e-05, 1.37290708153e-05, 1.21623488667e-05, 9.48603519646e-06, 6.67008953315e-06, 4.55412191513e-06, 4.2820042836e-06, 3.67921552424e-06, 3.90602781408e-06, 3.16798309541e-06, 1.92522202269e-06, 1.50638629748e-06, 1.61944876709e-06, 1.73878663645e-06, 2.01147690859e-06, 1.94499375539e-06],
        "dvar": [2.10847588278e-06, 1.58759339683e-05, 2.94244205179e-06, 1.09482101607e-07, 1.17971843849e-07, 3.78066147277e-08, 2.07699262234e-08, 8.81493011917e-09, 1.78564878439e-08, 6.99406896842e-08, 3.9103039029e-08, 9.28077028561e-08, 6.52370815146e-08, 1.06821495649e-07, 3.3263731325e-08, 1.66423994585e-08, 1.79442629644e-08, 1.59233390917e-08, 1.25898251824e-08, 1.2593840637e-08, 1.253008719e-08, 3.73157060807e-09, 6.12903672259e-10, 1.05075848023e-09, 7.3011430235e-10, 1.3988328551e-10, 1.0970303832e-10, 6.64765326119e-11, 3.72920479219e-11, 2.08648116146e-11, 2.2196860669e-11, 1.6676866485e-11, 2.45999626919e-11, 1.58739462547e-11, 4.41348216654e-12, 2.5527169354e-12, 8.43430880693e-12, 1.321915407e-11, 4.29643438882e-11, 2.40456352746e-11],
        "dvar2": [5.44902559341e-06, 3.89613815059e-05, 7.84376970842e-06, 2.84086752345e-07, 3.17939992556e-07, 1.03803962759e-07, 5.50700427482e-08, 2.26839933504e-08, 4.36806040227e-08, 1.77855497441e-07, 1.08925817699e-07, 2.50508804811e-07, 1.55550438308e-07, 2.66384830638e-07, 8.05343915999e-08, 4.10767988512e-08, 4.47207781917e-08, 4.05170368367e-08, 3.04402014706e-08, 2.76411711297e-08, 3.28581570841e-08, 1.03426582854e-08, 1.44750322839e-09, 2.76815903533e-09, 1.77851833261e-09, 3.0899735548e-10, 2.66332012e-10, 1.7037883604e-10, 9.30050897407e-11, 5.45872236302e-11, 5.88748286234e-11, 3.79400781625e-11, 6.09454708922e-11, 4.27486518406e-11, 1.05751865598e-11, 6.27074824358e-12, 2.36457537578e-11, 3.54246285084e-11, 1.160557761e-10, 6.29896343418e-11],
        "max": [0.0100721716881, 0.0258265845478, 0.0114074787125, 0.00364728900604, 0.0042090639472, 0.00198614038527, 0.00182163529098, 0.00125712354202, 0.0020495406352, 0.00686581805348, 0.00380793074146, 0.00541076110676, 0.00597276072949, 0.00527876475826, 0.00387759297155, 0.00179285474587, 0.00240083853714, 0.00134527834598, 0.00198686379008, 0.00207556923851, 0.00265271146782, 0.00106175488327, 0.000453270680737, 0.000466855795821, 0.000465081335278, 0.000265127338935, 0.000170189916389, 0.000135865033371, 7.69213729654e-05, 3.92820511479e-05, 4.9488604418e-05, 6.86845742166e-05, 0.000123873905977, 7.67934761825e-05, 3.35157201334e-05, 2.04815187317e-05, 6.27617700957e-05, 9.31308459258e-05, 0.000180702714715, 9.7595868283e-05],
        "mean": [0.000722565921023, 0.00166741269641, 0.000789604906458, 0.000305448746076, 0.000208018085686, 0.000172735075466, 0.000107992658741, 9.42449260037e-05, 0.000161861433298, 0.000165815639775, 0.00010892454884, 0.00018713666941, 0.000168741506059, 0.000228341959883, 0.000176014364115, 0.000147405196913, 9.35659918468e-05, 0.000116839648399, 9.88315514405e-05, 9.25029307837e-05, 7.86526070442e-05, 4.92831895826e-05, 3.29458962369e-05, 3.93667542085e-05, 3.52258903149e-05, 1.89382117242e-05, 1.58363272931e-05, 1.20298482216e-05, 7.13577537681e-06, 4.41827023678e-06, 4.23167057306e-06, 4.45800651505e-06, 4.15653494201e-06, 3.39349094247e-06, 2.33119180848e-06, 1.5410114429e-06, 1.62097717293e-06, 1.90323385141e-06, 1.93495543499e-06, 1.91180333786e-06],
        "median": [0.000241067013121, 0.00039140006993, 0.000319171900628, 0.000193211846636, 0.000118074189231, 0.000102278907434, 6.38976925984e-05, 6.29097266938e-05, 8.75378245837e-05, 7.45827637729e-05, 5.54136167921e-05, 6.63695973344e-05, 4.20977121394e-05, 4.7382673074e-05, 5.93594304519e-05, 4.39271461801e-05, 2.32769816648e-05, 3.33045682055e-05, 3.71196074411e-05, 4.00923599955e-05, 3.91661342292e-05, 2.51039218711e-05, 2.17895449168e-05, 2.46930121648e-05, 1.91077760974e-05, 1.28748179122e-05, 1.10940754894e-05, 7.40162886359e-06, 4.52281892649e-06, 2.45717023972e-06, 2.02164301299e-06, 2.22712037612e-06, 1.96659607354e-06, 1.51471226673e-06, 1.08363246909e-06, 6.7189279207e-07, 6.12183725934e-07, 6.74408966006e-07, 6.67871574933e-07, 7.37868333545e-07],
        "min": [3.08248081637e-06, 4.20817286795e-06, 1.19632604765e-05, 1.06166598925e-05, 2.99900466416e-06, 2.86611589218e-06, 1.88370211163e-06, 1.55793736667e-06, 3.15670217788e-06, 1.62156857186e-06, 2.93727930512e-06, 1.85282283383e-06, 1.88437252291e-06, 5.01770784922e-07, 9.70394921751e-07, 1.09832365069e-06, 6.04678689342e-07, 7.02452439327e-07, 9.67440769273e-07, 1.52340669501e-06, 1.44847410866e-06, 5.15224371611e-07, 1.45635772242e-06, 7.87413398484e-07, 2.97169634678e-07, 5.830170835e-07, 2.87025045509e-07, 1.76858549139e-07, 1.13661357659e-07, 7.41553805028e-08, 4.02527504662e-08, 6.44888373813e-08, 1.41720164493e-08, 1.1710703518e-08, 5.59343860118e-09, 5.76183489809e-10, 5.29642909392e-12, 7.20153103817e-10, 1.5590947422e-09, 6.5732797894e-13],
