{
"highlevel": {
    "danceability": {
        "all": {
            "danceable": 0.76870316267,
            "not_danceable": 0.231296852231
        },
        "probability": 0.76870316267,
        "value": "danceable"
    },
    "gender": {
        "all": {
            "female": 6.49162484478e-06,
            "male": 0.999993503094
        },
        "probability": 0.999993503094,
        "value": "male"
    },
    "genre_dortmund": {
        "all": {
            "alternative": 0.108427554369,
            "blues": 0.0619763247669,
            "electronic": 0.00752366380766,
            "folkcountry": 0.221693262458,
            "funksoulrnb": 0.0183073394001,
            "jazz": 0.0318472906947,
            "pop": 0.119227670133,
            "raphiphop": 0.00487061962485,
            "rock": 0.426126271486
        },
        "probability": 0.426126271486,
        "value": "rock"
    },
    "genre_electronic": {
        "all": {
            "ambient": 0.659318864346,
            "dnb": 0.0964208170772,
            "house": 0.14702026546,
            "techno": 0.0184427201748,
            "trance": 0.0787973701954
        },
        "probability": 0.659318864346,
        "value": "ambient"
    },
    "genre_rosamerica": {
        "all": {
            "cla": 0.0101969297975,
            "dan": 0.0787809640169,
            "hip": 0.0363991856575,
            "jaz": 0.0375994518399,
            "pop": 0.46378788352,
            "rhy": 0.226834475994,
            "roc": 0.130499973893,
            "spe": 0.0159011352807
        },
        "probability": 0.46378788352,
        "value": "pop"
    },
    "genre_tzanetakis": {
        "all": {
            "blu": 0.0626613423228,
            "cla": 0.0348169617355,
            "cou": 0.104475811124,
            "dis": 0.0784321576357,
            "hip": 0.15692435205,
            "jaz": 0.313974827528,
            "met": 0.0448166541755,
            "pop": 0.0627359300852,
            "reg": 0.0627360641956,
            "roc": 0.0784258767962
        },
        "probability": 0.313974827528,
        "value": "jaz"
    },
    "ismir04_rhythm": {
        "all": {
            "ChaChaCha": 0.137154504657,
            "Jive": 0.0363576300442,
            "Quickstep": 0.178351968527,
            "Rumba-American": 0.0297506637871,
            "Rumba-International": 0.0974952802062,
            "Rumba-Misc": 0.0169639345258,
            "Samba": 0.4217184484,
            "Tango": 0.0361625440419,
            "VienneseWaltz": 0.0366382226348,
            "Waltz": 0.009406815283
        },
        "probability": 0.4217184484,
        "value": "Samba"
    },
    "mood_acoustic": {
        "all": {
            "acoustic": 0.742179870605,
            "not_acoustic": 0.257820129395
        },
        "probability": 0.742179870605,
        "value": "acoustic"
    },
    "mood_aggressive": {
        "all": {
            "aggressive": 0.0215414445847,
            "not_aggressive": 0.978458583355
        },
        "probability": 0.978458583355,
        "value": "not_aggressive"
    },
    "mood_electronic": {
        "all": {
            "electronic": 0.128736257553,
            "not_electronic": 0.871263742447
        },
        "probability": 0.871263742447,
        "value": "not_electronic"
    },
    "mood_happy": {
        "all": {
            "happy": 0.852513492107,
            "not_happy": 0.147486492991
        },
        "probability": 0.852513492107,
        "value": "happy"
    },
    "mood_party": {
        "all": {
            "not_party": 0.814707815647,
            "party": 0.185292184353
        },
        "probability": 0.814707815647,
        "value": "not_party"
    },
    "mood_relaxed": {
        "all": {
            "not_relaxed": 0.390229582787,
            "relaxed": 0.609770417213
        },
        "probability": 0.609770417213,
        "value": "relaxed"
    },
    "mood_sad": {
        "all": {
            "not_sad": 0.325042158365,
            "sad": 0.674957811832
        },
        "probability": 0.674957811832,
        "value": "sad"
    },
    "moods_mirex": {
        "all": {
            "Cluster1": 0.350576519966,
            "Cluster2": 0.226531520486,
            "Cluster3": 0.248297214508,
            "Cluster4": 0.123851254582,
            "Cluster5": 0.0507434755564
        },
        "probability": 0.350576519966,
        "value": "Cluster1"
    },
    "timbre": {
        "all": {
            "bright": 0.968853652477,
            "dark": 0.0311463195831
        },
        "probability": 0.968853652477,
        "value": "bright"
    },
    "tonal_atonal": {
        "all": {
            "atonal": 0.0206972025335,
            "tonal": 0.979302823544
        },
        "probability": 0.979302823544,
        "value": "tonal"
    },
    "voice_instrumental": {
        "all": {
            "instrumental": 0.000715747708455,
            "voice": 0.999284267426
        },
        "probability": 0.999284267426,
        "value": "voice"
    }
},
"lowlevel": {
    "average_loudness": 0.974591195583,
    "barkbands_crest": {
        "dmean": 2.79866218567,
        "dmean2": 4.66380167007,
        "dvar": 6.67903089523,
        "dvar2": 17.6322879791,
        "max": 22.8926067352,
        "mean": 9.85561847687,
        "median": 9.07318115234,
        "min": 2.9234650135,
        "var": 14.4987201691
    },
    "barkbands_flatness_db": {
        "dmean": 0.0315482392907,
        "dmean2": 0.0489831902087,
        "dvar": 0.00081670563668,
        "dvar2": 0.00192203396,
        "max": 0.406279206276,
        "mean": 0.164039164782,
        "median": 0.154249727726,
        "min": 0.0511555895209,
        "var": 0.00314296525903
    },
    "barkbands_kurtosis": {
        "dmean": 5.8062915802,
        "dmean2": 9.16906738281,
        "dvar": 89.4961013794,
        "dvar2": 197.998001099,
        "max": 249.714126587,
        "mean": 10.0449342728,
        "median": 5.26950931549,
        "min": -1.9140598774,
        "var": 358.040710449
    },
    "barkbands_skewness": {
        "dmean": 0.72666913271,
        "dmean2": 1.11353206635,
        "dvar": 0.539836347103,
        "dvar2": 1.2616943121,
        "max": 10.5021648407,
        "mean": 2.2272734642,
        "median": 2.00628590584,
        "min": -0.587622404099,
        "var": 2.03537988663
    },
    "barkbands_spread": {
        "dmean": 8.09353923798,
        "dmean2": 12.6577568054,
        "dvar": 116.339653015,
        "dvar2": 252.267166138,
        "max": 111.832099915,
        "mean": 18.7448062897,
        "median": 14.7455501556,
        "min": 0.484228730202,
        "var": 268.057647705
    },
    "dissonance": {
        "dmean": 0.0264708250761,
        "dmean2": 0.0443654209375,
        "dvar": 0.000574318051804,
        "dvar2": 0.00154563062824,
        "max": 0.499935954809,
        "mean": 0.450976908207,
        "median": 0.458080887794,
        "min": 0.270308554173,
        "var": 0.0010295168031
    },
    "dynamic_complexity": 2.44169282913,
    "erbbands_crest": {
        "dmean": 3.20197272301,
        "dmean2": 5.20500278473,
        "dvar": 8.85390853882,
        "dvar2": 23.2332630157,
        "max": 28.2986431122,
        "mean": 9.49843025208,
        "median": 8.54514408112,
        "min": 2.52394890785,
        "var": 18.9410476685
    },
    "erbbands_flatness_db": {
        "dmean": 0.0242378823459,
        "dmean2": 0.0348760560155,
        "dvar": 0.000456942507299,
        "dvar2": 0.000935907708481,
        "max": 0.302241384983,
        "mean": 0.143545806408,
        "median": 0.142810001969,
        "min": 0.0592882484198,
        "var": 0.00153934815899
    },
    "erbbands_kurtosis": {
        "dmean": 1.51966249943,
        "dmean2": 2.37341403961,
        "dvar": 3.82036805153,
        "dvar2": 8.66934394836,
        "max": 26.432308197,
        "mean": 1.36479270458,
        "median": 0.586968421936,
        "min": -1.81911885738,
        "var": 7.80267858505
    },
    "erbbands_skewness": {
        "dmean": 0.496185213327,
        "dmean2": 0.781144618988,
        "dvar": 0.223050609231,
        "dvar2": 0.471065878868,
        "max": 4.88460683823,
        "mean": 0.860316455364,
        "median": 0.824335813522,
        "min": -2.55564212799,
        "var": 0.648023068905
    },
    "erbbands_spread": {
        "dmean": 14.3377170563,
        "dmean2": 21.5657958984,
        "dvar": 247.292877197,
        "dvar2": 523.544494629,
        "max": 151.787765503,
        "mean": 43.9024810791,
        "median": 35.8483047485,
        "min": 6.87541723251,
        "var": 661.755981445
    },
    "hfc": {
        "dmean": 10.8869256973,
        "dmean2": 15.97012043,
        "dvar": 215.923858643,
        "dvar2": 493.891326904,
        "max": 113.889305115,
        "mean": 23.1991577148,
        "median": 17.5589294434,
        "min": 0.0166079439223,
        "var": 418.353790283
    },
    "melbands_crest": {
        "dmean": 3.60783910751,
        "dmean2": 6.05955219269,
        "dvar": 9.56085395813,
        "dvar2": 25.3195457458,
        "max": 34.5289726257,
        "mean": 13.9381732941,
        "median": 13.069355011,
        "min": 4.55285406113,
        "var": 25.6243629456
    },
    "melbands_flatness_db": {
        "dmean": 0.0383696556091,
        "dmean2": 0.0572848878801,
        "dvar": 0.00125256553292,
        "dvar2": 0.00281975721009,
        "max": 0.522787749767,
        "mean": 0.22706322372,
        "median": 0.217502310872,
        "min": 0.0672789812088,
        "var": 0.00533859804273
    },
    "melbands_kurtosis": {
        "dmean": 13.3465471268,
        "dmean2": 21.1879768372,
        "dvar": 477.257629395,
        "dvar2": 1135.14697266,
        "max": 408.149078369,
        "mean": 24.9145412445,
        "median": 13.4568691254,
        "min": -1.27921068668,
        "var": 1441.66467285
    },
    "melbands_skewness": {
        "dmean": 1.01442682743,
        "dmean2": 1.56695878506,
        "dvar": 1.18078434467,
        "dvar2": 2.661226511,
        "max": 13.2586889267,
        "mean": 3.25675201416,
        "median": 2.82542490959,
        "min": -0.0643210560083,
        "var": 3.99115729332
    },
    "melbands_spread": {
        "dmean": 6.47076272964,
        "dmean2": 10.2201766968,
        "dvar": 82.3542861938,
        "dvar2": 194.578643799,
        "max": 136.795761108,
        "mean": 15.8653039932,
        "median": 12.2250089645,
        "min": 0.329424679279,
        "var": 181.35256958
    },
    "pitch_salience": {
        "dmean": 0.0817864388227,
        "dmean2": 0.138767078519,
        "dvar": 0.00592229282483,
        "dvar2": 0.0162727609277,
        "max": 0.79716616869,
        "mean": 0.558808267117,
        "median": 0.576876699924,
        "min": 0.11380892992,
        "var": 0.0134699614719
    },
    "silence_rate_20dB": {
        "dmean": 0,
        "dmean2": 0,
        "dvar": 0,
        "dvar2": 0,
        "max": 1,
        "mean": 1,
        "median": 1,
        "min": 1,
        "var": 0
    },
    "silence_rate_30dB": {
        "dmean": 0.0030959751457,
        "dmean2": 0.00619674660265,
        "dvar": 0.00308635039255,
        "dvar2": 0.00925659574568,
        "max": 1,
        "mean": 0.998453199863,
        "median": 1,
        "min": 0,
        "var": 0.00154439092148
    },
    "silence_rate_60dB": {
        "dmean": 0.0061919502914,
        "dmean2": 0.0123934932053,
        "dvar": 0.00615355931222,
        "dvar2": 0.0122398799285,
        "max": 1,
        "mean": 0.0170146953315,
        "median": 0,
        "min": 0,
        "var": 0.0167252961546
    },
    "spectral_centroid": {
        "dmean": 276.774017334,
        "dmean2": 428.462097168,
        "dvar": 124282.703125,
        "dvar2": 267605.21875,
        "max": 4410.69042969,
        "mean": 894.569885254,
        "median": 772.614624023,
        "min": 124.33165741,
        "var": 287312.5625
    },
    "spectral_complexity": {
        "dmean": 4.79411745071,
        "dmean2": 7.52517414093,
        "dvar": 31.0814571381,
        "dvar2": 69.2873382568,
        "max": 52,
        "mean": 15.6983757019,
        "median": 14,
        "min": 0,
        "var": 67.5949783325
    },
    "spectral_decrease": {
        "dmean": 3.64130148256e-09,
        "dmean2": 5.74443470569e-09,
        "dvar": 2.09441750595e-17,
        "dvar2": 5.0586524837e-17,
        "max": -3.09577675994e-11,
        "mean": -8.87191209387e-09,
        "median": -7.64411201004e-09,
        "min": -3.81619535972e-08,
        "var": 3.37964193808e-17
    },
    "spectral_energy": {
        "dmean": 0.0143562266603,
        "dmean2": 0.022509848699,
        "dvar": 0.000315794430207,
        "dvar2": 0.000752712658141,
        "max": 0.147095113993,
        "mean": 0.0355888903141,
        "median": 0.0308076981455,
        "min": 0.000118348049,
        "var": 0.000526844465639
    },
    "spectral_energyband_high": {
        "dmean": 0.00086168089183,
        "dmean2": 0.00135463115294,
        "dvar": 2.4707430839e-06,
        "dvar2": 5.9967605921e-06,
        "max": 0.0149068804458,
        "mean": 0.00116152397823,
        "median": 0.000517013075296,
        "min": 2.65438899305e-07,
        "var": 3.50275490746e-06
    },
    "spectral_energyband_low": {
        "dmean": 0.00832345243543,
        "dmean2": 0.0140160340816,
        "dvar": 0.00023360416526,
        "dvar2": 0.000626749300864,
        "max": 0.132244467735,
        "mean": 0.0127434805036,
        "median": 0.00804208964109,
        "min": 0.000109994711238,
        "var": 0.000241693676799
    },
    "spectral_energyband_middle_high": {
        "dmean": 0.00228486978449,
        "dmean2": 0.00317394640297,
        "dvar": 1.22734618344e-05,
        "dvar2": 2.53465950664e-05,
        "max": 0.0569868944585,
        "mean": 0.00465897750109,
        "median": 0.00238224561326,
        "min": 5.76278921471e-07,
        "var": 3.37688325089e-05
    },
    "spectral_energyband_middle_low": {
        "dmean": 0.00801742821932,
        "dmean2": 0.0125800902024,
        "dvar": 0.000112496316433,
        "dvar2": 0.000249283912126,
        "max": 0.0989903062582,
        "mean": 0.0182547233999,
        "median": 0.0146234007552,
        "min": 4.29432975579e-06,
        "var": 0.000220131434617
    },
    "spectral_entropy": {
        "dmean": 0.294308245182,
        "dmean2": 0.420226812363,
        "dvar": 0.0838346257806,
        "dvar2": 0.16757324338,
        "max": 8.7391576767,
        "mean": 7.467441082,
        "median": 7.53474473953,
        "min": 5.70184898376,
        "var": 0.291336089373
    },
    "spectral_flux": {
        "dmean": 0.0341194421053,
        "dmean2": 0.0514804720879,
        "dvar": 0.00121363706421,
        "dvar2": 0.00241910293698,
        "max": 0.319510251284,
        "mean": 0.107462503016,
        "median": 0.0971790850163,
        "min": 0.00303124194033,
        "var": 0.00300440192223
    },
    "spectral_kurtosis": {
        "dmean": 1.89249551296,
        "dmean2": 2.8385887146,
        "dvar": 4.84272766113,
        "dvar2": 11.2281961441,
        "max": 25.3734397888,
        "mean": 4.28384637833,
        "median": 3.51585292816,
        "min": -0.986783742905,
        "var": 12.4461698532
    },
    "spectral_rms": {
        "dmean": 0.00111935625318,
        "dmean2": 0.00170726026408,
        "dvar": 1.35285381475e-06,
        "dvar2": 2.98658574138e-06,
        "max": 0.0119794579223,
        "mean": 0.00559322908521,
        "median": 0.00548236165196,
        "min": 0.000339796271874,
        "var": 3.43670717484e-06
    },
    "spectral_rolloff": {
        "dmean": 566.865112305,
        "dmean2": 996.399475098,
        "dvar": 1638423.625,
        "dvar2": 3847855.75,
        "max": 10465.1367188,
        "mean": 1041.37158203,
        "median": 516.796875,
        "min": 64.599609375,
        "var": 2333569.25
    },
    "spectral_skewness": {
        "dmean": 0.306944727898,
        "dmean2": 0.437409698963,
        "dvar": 0.086656793952,
        "dvar2": 0.180433616042,
        "max": 3.97461795807,
        "mean": 1.72570014,
        "median": 1.68295538425,
        "min": 0.212075755,
        "var": 0.313178688288
    },
    "spectral_spread": {
        "dmean": 1021778.125,
        "dmean2": 1415874.625,
        "dvar": 947755810816,
        "dvar2": 2.05627365786e+12,
        "max": 13195080,
        "mean": 5679128,
        "median": 5381232,
        "min": 1732196.25,
        "var": 3.31360423117e+12
    },
    "spectral_strongpeak": {
        "dmean": 0.573477208614,
        "dmean2": 0.97293317318,
        "dvar": 0.658263862133,
        "dvar2": 1.69080150127,
        "max": 8.34585952759,
        "mean": 0.843742251396,
        "median": 0.498120486736,
        "min": 0,
        "var": 0.898637354374
    },
    "zerocrossingrate": {
        "dmean": 0.0140418652445,
        "dmean2": 0.0168746374547,
        "dvar": 0.000253033620538,
        "dvar2": 0.000312085496262,
        "max": 0.2705078125,
        "mean": 0.0533163100481,
        "median": 0.0458984375,
        "min": 0.00439453125,
        "var": 0.00135617854539
    },
    "barkbands": {
        "dmean": [0.000109515240183, 0.00515306601301, 0.0036658635363, 0.0017701885663, 0.0037131216377, 0.00152233114932, 0.00248477933928, 0.00168942310847, 0.00115163030569, 0.000750703096855, 0.000472237035865, 0.000528516597115, 0.000674016773701, 0.000465000455733, 0.000176460889634, 0.000115732153063, 0.000132760818815, 9.87195962807e-05, 0.000128404382849, 0.000133625115268, 0.000117894996947, 0.000152279812028, 0.000169098653714, 0.000202188180992, 0.000211679711356, 4.17787778133e-05, 6.46778497426e-09],
        "dmean2": [0.000179578390089, 0.00891738384962, 0.00624792370945, 0.00295075564645, 0.00605915347114, 0.00241567357443, 0.00419011386111, 0.00273648602888, 0.00181844271719, 0.00115590309724, 0.000736126909032, 0.000839313201141, 0.00102612026967, 0.000726092548575, 0.000286907394184, 0.000195437693037, 0.000217598251766, 0.000156886031618, 0.000207023651456, 0.000216296757571, 0.000189215395949, 0.000246197276283, 0.000271449884167, 0.000324817578075, 0.000337343139108, 6.76856507198e-05, 1.05529265326e-08],
        "dvar": [3.99526598471e-08, 0.000114958260383, 4.13004854636e-05, 1.3743544514e-05, 2.93090033665e-05, 9.02087867871e-06, 2.8875820135e-05, 2.36662654061e-05, 8.94199183676e-06, 3.05572120851e-06, 2.57014630733e-06, 2.74611284112e-06, 2.77165327134e-06, 7.949454357e-07, 1.57439188797e-07, 3.22757642834e-08, 4.14133936033e-08, 2.80857026524e-08, 9.58307282417e-08, 6.33077377188e-08, 6.40537507479e-08, 8.74558665487e-08, 9.62896535839e-08, 1.43679500297e-07, 1.5530075359e-07, 7.93220067408e-09, 3.19805950148e-15],
        "dvar2": [1.10296554112e-07, 0.000329482892994, 0.000106641295133, 3.53694194928e-05, 7.31511754566e-05, 1.87192727026e-05, 7.6651260315e-05, 6.04046217632e-05, 2.20734091272e-05, 7.07144363332e-06, 6.93833226251e-06, 6.79057893649e-06, 5.81539597988e-06, 1.78850939392e-06, 3.9490959125e-07, 7.84287763622e-08, 1.04971618953e-07, 6.98169984048e-08, 2.40983865751e-07, 1.66825785186e-07, 1.63685797361e-07, 2.21972570102e-07, 2.39432210947e-07, 3.48650672777e-07, 3.69793781374e-07, 2.03419947553e-08, 5.03548551055e-15],
        "max": [0.00317720067687, 0.0951892286539, 0.0664155483246, 0.0488752946258, 0.0589872486889, 0.0476846396923, 0.0621009096503, 0.0904061421752, 0.0431438162923, 0.0247113723308, 0.0342332646251, 0.0326290018857, 0.0281386915594, 0.00920022651553, 0.0061868513003, 0.00228318315931, 0.00226410641335, 0.0027996210847, 0.00552214449272, 0.00289978203364, 0.00420756125823, 0.0034092341084, 0.0028250082396, 0.0031449443195, 0.00412244303152, 0.00147110933904, 1.55459474627e-06],
        "mean": [0.000179167982424, 0.00646180799231, 0.00504430569708, 0.00227059260942, 0.00663379672915, 0.00269042211585, 0.00316599011421, 0.00169268308673, 0.00141051469836, 0.00106442405377, 0.000637445773464, 0.00070090603549, 0.000894835626241, 0.000658760662191, 0.000228027667617, 0.000141682656249, 0.000165409699548, 0.000128454659716, 0.00016928758123, 0.00016375038831, 0.000151181287947, 0.000179818671313, 0.00020502366533, 0.00024426355958, 0.000257734180195, 4.85986347485e-05, 4.89256679614e-09],
        "median": [0.00014282608754, 0.0037521533668, 0.00276814913377, 0.00107143237256, 0.00433167628944, 0.00135370157659, 0.00131053919904, 0.000255701917922, 0.000222011483856, 0.000255303282756, 0.000158796217875, 0.000246074429015, 0.000168611455592, 0.00015643882216, 8.20196291897e-05, 7.20831812941e-05, 7.97606990091e-05, 6.3705847424e-05, 7.48106322135e-05, 6.8103960075e-05, 6.30174763501e-05, 7.13606714271e-05, 7.73369247327e-05, 7.42848424125e-05, 8.20842033136e-05, 1.44055184137e-05, 5.04114305855e-10],
        "min": [1.07739580812e-07, 4.59256516478e-05, 1.28343708639e-05, 9.94476252458e-08, 1.08473682303e-06, 6.61371814203e-07, 2.96617912454e-07, 1.13765672438e-07, 4.93567853255e-08, 1.59545656686e-08, 3.76576174688e-08, 2.91982296119e-08, 4.19847161481e-08, 6.33154826346e-08, 1.82175767804e-08, 4.27154134286e-08, 5.49355547719e-08, 2.71918292327e-08, 4.96296799213e-08, 3.36495453723e-08, 5.09223667677e-08, 5.87678528063e-08, 2.1137676498e-08, 3.43364341404e-08, 1.28308474956e-08, 1.02576454275e-10, 1.09250204369e-11],
        "var": [3.73630832939e-08, 9.65034778346e-05, 4.7349029046e-05, 1.65794008353e-05, 5.5915730627e-05, 1.79447742994e-05, 2.9375696613e-05, 2.11215210584e-05, 9.93278990791e-06, 5.66989137951e-06, 2.65687435785e-06, 2.86431532004e-06, 4.28671683039e-06, 1.59253534093e-06, 2.04220270916e-07, 4.11214173823e-08, 5.20673530957e-08, 3.59532386085e-08, 1.01418365261e-07, 6.64436470288e-08, 6.97745079492e-08, 9.55146433057e-08, 1.23678177033e-07, 2.0606320561e-07, 2.39597397922e-07, 9.52353840233e-09, 2.77124722265e-15]
    },
    "erbbands": {
        "dmean": [0.092621512711, 1.39185643196, 4.44004678726, 4.32172870636, 9.73062992096, 14.6962547302, 8.85157108307, 14.260386467, 35.7495079041, 32.2244186401, 33.2536582947, 24.9301204681, 26.4512386322, 18.7952136993, 20.3790111542, 22.4443836212, 29.6538677216, 26.2219009399, 10.7030582428, 7.00143766403, 6.52575111389, 7.35846138, 5.50600242615, 4.39137887955, 8.07796955109, 6.36264419556, 4.47098255157, 5.40017747879, 5.56591129303, 4.75299501419, 4.99564838409, 4.45692539215, 3.3268404007, 2.62376999855, 1.43366074562, 0.314899891615, 0.0650989636779, 0.00348123023286, 8.73068493092e-05, 2.09604768315e-05],
        "dmean2": [0.15738658607, 2.4235022068, 7.50986862183, 7.17216110229, 15.882645607, 24.1807308197, 14.6204156876, 22.5394535065, 59.6412849426, 52.8045959473, 55.1363639832, 39.1237831116, 42.6868095398, 26.786157608, 31.8058433533, 34.0215530396, 45.0902175903, 40.7255554199, 16.9159889221, 11.3601837158, 11.0657424927, 12.0304374695, 8.71747016907, 7.11253833771, 12.9891061783, 10.3651742935, 7.2099146843, 8.6248960495, 9.03983211517, 7.66218805313, 8.01459217072, 7.09698581696, 5.33310222626, 4.19429683685, 2.32860612869, 0.503362298012, 0.107858233154, 0.00586843769997, 0.000140589661896, 3.23640742863e-05],
        "dvar": [0.0315403677523, 8.42016792297, 64.5256500244, 51.7897949219, 263.974761963, 495.675201416, 197.176589966, 886.713623047, 6597.72607422, 6046.08984375, 12317.9833984, 4696.40771484, 5230.85449219, 2257.12744141, 5815.77539062, 3525.00268555, 5787.44873047, 2358.93237305, 511.695587158, 233.165542603, 102.084197998, 127.081993103, 66.8903503418, 82.8200073242, 383.016845703, 162.776321411, 75.7098464966, 161.6118927, 126.818717957, 87.0586013794, 82.1704559326, 70.2701950073, 39.3891448975, 24.8844413757, 7.51617050171, 0.347973227501, 0.040973611176, 9.67790620052e-05, 4.08259879237e-08, 6.68075261778e-10],
        "dvar2": [0.0852471962571, 24.2341022491, 170.038330078, 127.489990234, 637.662536621, 1284.39880371, 486.745483398, 1926.39855957, 17337.8007812, 14679.0458984, 33007.2382812, 11772.7744141, 13861.4921875, 4417.55126953, 15366.7216797, 8024.54785156, 11941.6513672, 5363.30078125, 1187.66430664, 540.737915039, 251.567077637, 314.945098877, 160.913467407, 207.25932312, 954.160644531, 434.116088867, 195.209411621, 426.043823242, 325.379425049, 219.889572144, 202.279968262, 169.496444702, 96.1383209229, 58.8913879395, 18.553899765, 0.842211127281, 0.113001972437, 0.000261808134383, 1.08599863324e-07, 1.57599089334e-09],
        "max": [1.71955907345, 25.6590747833, 83.572303772, 88.6872329712, 211.055343628, 236.472045898, 238.708236694, 440.800537109, 1133.82006836, 1081.89733887, 2141.43041992, 1112.49572754, 1223.35595703, 963.907348633, 1754.65441895, 1127.86462402, 1479.81030273, 534.766906738, 318.319763184, 369.7293396, 99.5435333252, 137.7081604, 88.7046966553, 181.902008057, 392.88092041, 175.292785645, 72.8815307617, 244.937484741, 151.661590576, 105.960281372, 73.4026031494, 80.2362289429, 56.5524291992, 66.8727264404, 25.233417511, 5.99210357666, 4.98263597488, 0.180316984653, 0.00386014417745, 0.000263491499936],
        "mean": [0.138424187899, 1.62970459461, 6.12613344193, 6.27561283112, 14.541642189, 24.7657432556, 16.5818099976, 24.7792186737, 49.5629463196, 38.6463241577, 34.7920455933, 31.4522857666, 34.1863594055, 30.716463089, 28.3327617645, 32.3939208984, 41.7400588989, 39.9145355225, 16.3930892944, 9.25246238708, 8.11420917511, 9.57476520538, 7.7565279007, 5.89760446548, 10.4057435989, 7.87737321854, 5.61550521851, 6.6824092865, 6.51729631424, 5.59073591232, 6.06401634216, 5.53724622726, 3.85140228271, 3.15797543526, 1.66390025616, 0.374221801758, 0.0703858733177, 0.00343008874916, 0.000113005684398, 5.08828961756e-05],
        "median": [0.0982590168715, 0.844671428204, 3.32894825935, 3.73201417923, 7.4129114151, 16.2232437134, 11.2591400146, 11.912068367, 19.8381538391, 12.3380117416, 5.97878170013, 5.38308000565, 6.77574825287, 8.36485385895, 9.28087234497, 11.2678499222, 9.85031032562, 9.85709190369, 5.43418169022, 4.02169799805, 4.33506965637, 4.5577044487, 3.96132969856, 2.95278859138, 4.50298452377, 3.37656664848, 2.35949254036, 2.78478169441, 2.54656457901, 2.18694329262, 2.14180612564, 1.58870565891, 1.18063461781, 0.976395726204, 0.495425224304, 0.113776013255, 0.0188601519912, 0.000809388468042, 4.72907668154e-05, 4.32016604464e-05],
        "min": [0.000372837734176, 0.0136867864057, 0.0239024516195, 0.0071279797703, 0.000903547275811, 0.00374034349807, 0.00251339795068, 0.00722442986444, 0.0063270595856, 0.00190054159611, 0.00166198262013, 0.000954574905336, 0.000869554409292, 0.00099908199627, 0.00166614807677, 0.00109740451444, 0.0020189511124, 0.00437855999917, 0.00161602557637, 0.00168386672158, 0.00292160571553, 0.0029523591511, 0.00179127627052, 0.0019934263546, 0.00228671077639, 0.00149724585935, 0.00145640759729, 0.00262211658992, 0.00243642902933, 0.00110601820052, 0.000806185125839, 0.000626180786639, 0.000553223770112, 0.000168964921613, 9.06051136553e-05, 7.65711229178e-06, 1.2514840364e-06, 8.45658263415e-08, 1.02779026179e-07, 1.31536879167e-07],
        "var": [0.0290949139744, 7.09100294113, 72.3922805786, 71.1608810425, 418.701904297, 811.494750977, 361.255432129, 1641.4744873, 7810.54736328, 6310.69580078, 10047.7666016, 5031.73193359, 6126.28857422, 5372.47851562, 5621.85693359, 4781.85205078, 9023.90429688, 5020.31787109, 852.553466797, 315.03024292, 118.768997192, 172.133117676, 106.144622803, 90.6234207153, 397.502929688, 163.897079468, 85.5195617676, 153.305908203, 131.831832886, 101.524459839, 107.961029053, 101.798652649, 54.8830718994, 40.3431968689, 9.83075714111, 0.497897297144, 0.0346973538399, 7.97699976829e-05, 4.06186693169e-08, 1.21833299005e-09]
    },
    "gfcc": {
        "mean": [11.4746398926, 100.288528442, -91.9219207764, 38.118812561, -66.7997055054, 26.9767551422, -46.7637443542, 7.88838195801, -29.8558216095, 7.34189367294, -9.2964553833, -0.538815677166, -9.59375190735],
        "cov": [[5173.10644531, -1503.55761719, -569.092346191, -329.602935791, -588.220092773, 223.314804077, -122.567024231, 322.488647461, -232.030548096, 88.262878418, -394.54284668, 38.6249771118, -288.848693848], [-1503.55761719, 1181.3770752, -99.0846176147, -133.933624268, 233.244140625, -160.324249268, 124.245246887, -181.603866577, 129.22807312, -94.8729171753, 213.311508179, -50.2601966858, 117.172348022], [-569.092346191, -99.0846176147, 529.556274414, 219.088256836, 62.1320571899, -11.296913147, -67.3996887207, -17.1048526764, -36.9406356812, 14.0682916641, 13.8193016052, 46.641872406, 18.1579780579], [-329.602935791, -133.933624268, 219.088256836, 349.274688721, 70.5175170898, 9.59798622131, -48.5912780762, -25.1984043121, 14.9904413223, -4.0645108223, 33.5738105774, -5.44728851318, 52.260471344], [-588.220092773, 233.244140625, 62.1320571899, 70.5175170898, 220.507141113, -5.13778448105, 9.83059120178, -52.908782959, 36.0528678894, 0.895931482315, 50.0852165222, 2.16423368454, 35.811920166], [223.314804077, -160.324249268, -11.296913147, 9.59798622131, -5.13778448105, 170.787811279, 58.5542869568, 44.6031303406, -7.69888925552, 3.27984476089, -11.6253519058, 3.50055146217, -7.426217556], [-122.567024231, 124.245246887, -67.3996887207, -48.5912780762, 9.83059120178, 58.5542869568, 164.352523804, 23.9456138611, 3.75579857826, -17.4615650177, 31.4979629517, -8.08697891235, 7.64602994919], [322.488647461, -181.603866577, -17.1048526764, -25.1984043121, -52.908782959, 44.6031303406, 23.9456138611, 120.298820496, 7.78933620453, 16.2127952576, -44.3742485046, -0.609807550907, -28.0079269409], [-232.030548096, 129.22807312, -36.9406356812, 14.9904413223, 36.0528678894, -7.69888925552, 3.75579857826, 7.78933620453, 117.057441711, 17.9524002075, 30.4456119537, -17.7880630493, 14.4043741226], [88.262878418, -94.8729171753, 14.0682916641, -4.0645108223, 0.895931482315, 3.27984476089, -17.4615650177, 16.2127952576, 17.9524002075, 83.8699569702, 10.0874586105, 6.17405414581, -22.5964641571], [-394.54284668, 213.311508179, 13.8193016052, 33.5738105774, 50.0852165222, -11.6253519058, 31.4979629517, -44.3742485046, 30.4456119537, 10.0874586105, 133.344238281, 13.4048233032, 36.3731994629], [38.6249771118, -50.2601966858, 46.641872406, -5.44728851318, 2.16423368454, 3.50055146217, -8.08697891235, -0.609807550907, -17.7880630493, 6.17405414581, 13.4048233032, 79.5352630615, 2.55982041359], [-288.848693848, 117.172348022, 18.1579780579, 52.260471344, 35.811920166, -7.426217556, 7.64602994919, -28.0079269409, 14.4043741226, -22.5964641571, 36.3731994629, 2.55982041359, 80.6544265747]],
        "icov": [[0.000581878528465, 6.22001316515e-05, 0.000764679803979, -0.000229094963288, 0.000770177517552, -0.00054503424326, 0.00062074320158, -0.000578082806896, 0.000825056747999, -0.000421304634074, 0.000606925401371, -0.000556382816285, 0.000796634354629], [6.22001316515e-05, 0.00704793818295, -0.0013893332798, 0.00570570724085, -0.00446789944544, 0.00499661779031, -0.00375714991242, 0.00458076503128, -0.00562273245305, 0.00747521547601, -0.00678237341344, 0.00458563119173, -0.00299814692698], [0.000764679803979, -0.0013893332798, 0.00432094372809, -0.00336840678938, 0.00137258053292, -0.00144270854071, 0.00210234732367, -0.00211696396582, 0.00347673497163, -0.00259548006579, 0.00221394863911, -0.00325021496974, 0.00204664329067], [-0.000229094963288, 0.00570570724085, -0.00336840678938, 0.009601729922, -0.00457027321681, 0.00323711661622, -0.00182184530422, 0.00374519987963, -0.00541508756578, 0.00670567573979, -0.00665159197524, 0.00572898052633, -0.00510842865333], [0.000770177517552, -0.00446789944544, 0.00137258053292, -0.00457027321681, 0.0100414091721, -0.00430388608947, 0.00230937171727, -0.00108222442213, 0.00283142807893, -0.00589256593958, 0.00499048270285, -0.00399293750525, 0.00217140652239], [-0.00054503424326, 0.00499661779031, -0.00144270854071, 0.00323711661622, -0.00430388608947, 0.0117553044111, -0.00621239095926, 0.00173458491918, -0.00407144799829, 0.00506729679182, -0.00461627077311, 0.00303119677119, -0.00266650505364], [0.00062074320158, -0.00375714991242, 0.00210234732367, -0.00182184530422, 0.00230937171727, -0.00621239095926, 0.0120649337769, -0.0059067173861, 0.00483563775197, -0.00191038649064, 0.000510648998898, -0.00156249117572, 0.00201666727662], [-0.000578082806896, 0.00458076503128, -0.00211696396582, 0.00374519987963, -0.00108222442213, 0.00173458491918, -0.0059067173861, 0.0169352162629, -0.00764409918338, 0.00296792224981, -0.000555330247153, 0.00234866933897, -0.0012215373572], [0.000825056747999, -0.00562273245305, 0.00347673497163, -0.00541508756578, 0.00283142807893, -0.00407144799829, 0.00483563775197, -0.00764409918338, 0.0172554627061, -0.00895417109132, 0.00375639717095, -0.00196774839424, 0.00188241235446], [-0.000421304634074, 0.00747521547601, -0.00259548006579, 0.00670567573979, -0.00589256593958, 0.00506729679182, -0.00191038649064, 0.00296792224981, -0.00895417109132, 0.0237255245447, -0.0110946176574, 0.00466028880328, 0.0012671550503], [0.000606925401371, -0.00678237341344, 0.00221394863911, -0.00665159197524, 0.00499048270285, -0.00461627077311, 0.000510648998898, -0.000555330247153, 0.00375639717095, -0.0110946176574, 0.0196205247194, -0.00784359220415, 0.000577546597924], [-0.000556382816285, 0.00458563119173, -0.00325021496974, 0.00572898052633, -0.00399293750525, 0.00303119677119, -0.00156249117572, 0.00234866933897, -0.00196774839424, 0.00466028880328, -0.00784359220415, 0.018523029983, -0.00401263870299], [0.000796634354629, -0.00299814692698, 0.00204664329067, -0.00510842865333, 0.00217140652239, -0.00266650505364, 0.00201666727662, -0.0012215373572, 0.00188241235446, 0.0012671550503, 0.000577546597924, -0.00401263870299, 0.0205171480775]]
    },
    "melbands": {
        "dmean": [0.00110354588833, 0.00216129072942, 0.000850494252518, 0.000884226872586, 0.000379317352781, 0.000338760379236, 0.000529123761225, 0.000350356684066, 0.000258881016634, 0.000161977251992, 0.000132662447868, 7.90484482422e-05, 6.85635677655e-05, 5.73032448301e-05, 6.72763053444e-05, 6.88613436068e-05, 4.98581794091e-05, 1.87436053238e-05, 1.22067267512e-05, 7.96010772319e-06, 8.00960606284e-06, 7.93029357737e-06, 6.75464116284e-06, 4.18291074311e-06, 3.33868683811e-06, 6.21070057605e-06, 5.32455078428e-06, 4.06435037803e-06, 2.89641570816e-06, 2.84446355181e-06, 3.25434984916e-06, 3.32365698341e-06, 2.87145030597e-06, 2.63810034085e-06, 2.91540595754e-06, 2.95946210827e-06, 2.72654278888e-06, 2.4351106731e-06, 2.21738036998e-06, 2.30249179367e-06],
        "dmean2": [0.00188677525148, 0.0036798287183, 0.0014122214634, 0.00145030533895, 0.000616747885942, 0.000539097702131, 0.0008814901812, 0.000561910739634, 0.000423214252805, 0.000258666201262, 0.000214081432205, 0.000112697220175, 0.000106770639832, 9.05511187739e-05, 0.000100219345768, 0.00010635691433, 7.73903375375e-05, 2.98352551908e-05, 2.01023285626e-05, 1.33441990329e-05, 1.37036495289e-05, 1.31856631924e-05, 1.09027632789e-05, 6.72786472933e-06, 5.48817706658e-06, 1.01102323242e-05, 8.50200103741e-06, 6.7859500632e-06, 4.85843884235e-06, 4.55019198853e-06, 5.23765083926e-06, 5.42091129319e-06, 4.70461691293e-06, 4.27218310506e-06, 4.67061681775e-06, 4.7527814786e-06, 4.36305026597e-06, 3.91316416426e-06, 3.55330121238e-06, 3.72367117052e-06],
        "dvar": [5.17900843988e-06, 1.63416698342e-05, 1.93256323655e-06, 1.70585872183e-06, 3.5122266695e-07, 5.14586929512e-07, 1.34419929054e-06, 7.23901507627e-07, 6.88001819071e-07, 2.18356760229e-07, 1.27707494357e-07, 3.99650481597e-08, 6.12131856315e-08, 3.5084848804e-08, 3.21297797257e-08, 3.09613064076e-08, 8.8955758315e-09, 1.81423442935e-09, 8.3466744627e-10, 1.93892485401e-10, 1.66415006775e-10, 1.53279097748e-10, 1.10769678152e-10, 5.45610258362e-11, 5.23967015609e-11, 3.39873879041e-10, 9.35476279773e-11, 7.60317642179e-11, 3.40629989493e-11, 3.61653554326e-11, 5.50578020675e-11, 4.4481616307e-11, 3.4105752944e-11, 2.71639082755e-11, 2.75452369247e-11, 3.00161874522e-11, 2.70435045885e-11, 2.1881670087e-11, 1.80399653549e-11, 2.06008387432e-11],
        "dvar2": [1.45557742144e-05, 4.43783974333e-05, 4.78978563478e-06, 4.23483834311e-06, 8.72148405051e-07, 1.11624035526e-06, 3.50910431735e-06, 1.72696138634e-06, 1.8321634343e-06, 5.66210303532e-07, 3.37398432748e-07, 7.62405392152e-08, 1.65493347026e-07, 8.83586892542e-08, 7.05048819327e-08, 6.79150744531e-08, 2.07632044891e-08, 4.03924005354e-09, 2.0705608339e-09, 4.72537287077e-10, 4.16729928343e-10, 3.75382974704e-10, 2.70851702178e-10, 1.38542205486e-10, 1.30898000772e-10, 8.69866345621e-10, 2.37083630505e-10, 2.04652489399e-10, 9.01488467209e-11, 9.04266869717e-11, 1.45330386614e-10, 1.13846161665e-10, 8.72144786945e-11, 6.89158036193e-11, 6.80580314327e-11, 7.37501795744e-11, 6.59163973404e-11, 5.42086583954e-11, 4.23031783214e-11, 5.07090411328e-11],
        "max": [0.0198517553508, 0.038497056812, 0.018065340817, 0.01452389732, 0.0115005932748, 0.0110952453688, 0.0146676069126, 0.0115820094943, 0.0152646545321, 0.00779791781679, 0.0059333415702, 0.00421659927815, 0.00474946247414, 0.00430928124115, 0.00226128008217, 0.00323552568443, 0.00110226520337, 0.000669913715683, 0.000538563530426, 0.000200531081646, 0.00015438394621, 0.00015516221174, 0.00012198688637, 0.00010035357991, 0.000159846778843, 0.000394247617805, 0.000135125752422, 0.000121570592455, 5.93452859903e-05, 9.846600733e-05, 0.000129589214339, 8.10753481346e-05, 6.51536538498e-05, 6.37148259557e-05, 4.58453105239e-05, 4.3803731387e-05, 5.27148149558e-05, 3.75561139663e-05, 7.44941935409e-05, 7.30120736989e-05],
        "mean": [0.00148740410805, 0.00288972258568, 0.0013106088154, 0.00151961995289, 0.000705727317836, 0.000577385013457, 0.000732014479581, 0.000406178907724, 0.000272056495305, 0.000197225133888, 0.000167701204191, 0.00012359363609, 9.11144670681e-05, 7.92005084804e-05, 9.08845322556e-05, 9.13677940844e-05, 7.08766310709e-05, 2.66278420895e-05, 1.51047870531e-05, 1.01634941529e-05, 9.29068301048e-06, 9.69994016486e-06, 9.33119645197e-06, 5.25785571881e-06, 4.25786993219e-06, 7.64980177337e-06, 6.80026096234e-06, 4.77528510601e-06, 3.36642074217e-06, 3.6277340314e-06, 3.92330139221e-06, 3.7939480535e-06, 3.25056885231e-06, 3.03372735289e-06, 3.44996851709e-06, 3.55971519639e-06, 3.2878078855e-06, 2.69789484264e-06, 2.52843392445e-06, 2.72653255706e-06],
        "median": [0.000981203280389, 0.00157315679826, 0.000780135160312, 0.000944707891904, 0.000495682877954, 0.000270867836662, 0.00029978522798, 0.000102464924566, 4.10357861256e-05, 3.1230134482e-05, 3.15249817504e-05, 2.95451536658e-05, 2.45962164627e-05, 3.01611853502e-05, 2.1951391318e-05, 1.93012201635e-05, 1.67568705365e-05, 7.59311024012e-06, 5.4998467931e-06, 5.08104631081e-06, 4.681860446e-06, 4.58047998109e-06, 4.43510407422e-06, 2.65606081484e-06, 1.92614766092e-06, 3.03179740513e-06, 2.69621659754e-06, 1.86348893294e-06, 1.29658087644e-06, 1.42710052842e-06, 1.62198625731e-06, 1.4774553847e-06, 1.10268706521e-06, 1.14771205517e-06, 1.21730681713e-06, 1.03838328869e-06, 9.1167487426e-07, 7.56608471875e-07, 7.04141257302e-07, 8.01055762167e-07],
        "min": [7.43493410482e-06, 2.83781046164e-05, 1.40128827297e-06, 1.05879060186e-07, 1.08534550236e-07, 1.66000091895e-07, 8.87671589567e-08, 2.43432616287e-08, 6.53152021357e-09, 7.04930736006e-09, 4.25211332811e-09, 2.57588506081e-09, 5.48522205435e-09, 3.00275293519e-09, 2.22983920217e-09, 6.5440799446e-09, 8.6661016141e-09, 1.88014848135e-09, 1.56973956056e-09, 2.61709254268e-09, 3.14564219117e-09, 3.12155390425e-09, 2.25201590709e-09, 1.05806030604e-09, 1.42776435119e-09, 1.79801751266e-09, 1.2018240847e-09, 8.53431769698e-10, 6.81920020451e-10, 1.23548959952e-09, 1.33476751873e-09, 1.21146459531e-09, 7.49341422246e-10, 4.82706485894e-10, 4.55801257848e-10, 3.27567611924e-10, 4.17079953907e-10, 2.97474517241e-10, 6.25999044268e-11, 1.32323743976e-11],
