{
"highlevel": {
    "danceability": {
        "all": {
            "danceable": 0.999674916267,
            "not_danceable": 0.000325083034113
        },
        "probability": 0.999674916267,
        "value": "danceable"
    },
    "gender": {
        "all": {
            "female": 0.660613298416,
            "male": 0.339386731386
        },
        "probability": 0.660613298416,
        "value": "female"
    },
    "genre_dortmund": {
        "all": {
            "alternative": 0.0043385270983,
            "blues": 0.0502620488405,
            "electronic": 0.0404563806951,
            "folkcountry": 0.00400061672553,
            "funksoulrnb": 0.0129566127434,
            "jazz": 0.0132491253316,
            "pop": 0.0142409261316,
            "raphiphop": 0.841620147228,
            "rock": 0.0188756361604
        },
        "probability": 0.841620147228,
        "value": "raphiphop"
    },
    "genre_electronic": {
        "all": {
            "ambient": 0.206013560295,
            "dnb": 0.38912948966,
            "house": 0.343698859215,
            "techno": 0.0228129904717,
            "trance": 0.0383450984955
        },
        "probability": 0.38912948966,
        "value": "dnb"
    },
    "genre_rosamerica": {
        "all": {
            "cla": 0.00295690516941,
            "dan": 0.0282637234777,
            "hip": 0.879041135311,
            "jaz": 0.00172038725577,
            "pop": 0.0194968394935,
            "rhy": 0.060944609344,
            "roc": 0.00414486182854,
            "spe": 0.0034315623343
        },
        "probability": 0.879041135311,
        "value": "hip"
    },
    "genre_tzanetakis": {
        "all": {
            "blu": 0.0626613423228,
            "cla": 0.0348169617355,
            "cou": 0.104475811124,
            "dis": 0.0784321576357,
            "hip": 0.15692435205,
            "jaz": 0.313974827528,
            "met": 0.0448166541755,
            "pop": 0.0627359300852,
            "reg": 0.0627360641956,
            "roc": 0.0784258767962
        },
        "probability": 0.313974827528,
        "value": "jaz"
    },
    "ismir04_rhythm": {
        "all": {
            "ChaChaCha": 0.0479985326529,
            "Jive": 0.0216163247824,
            "Quickstep": 0.099514529109,
            "Rumba-American": 0.02682136558,
            "Rumba-International": 0.24407120049,
            "Rumba-Misc": 0.0460325405002,
            "Samba": 0.32686072588,
            "Tango": 0.0270065832883,
            "VienneseWaltz": 0.0383950583637,
            "Waltz": 0.121683135629
        },
        "probability": 0.32686072588,
        "value": "Samba"
    },
    "mood_acoustic": {
        "all": {
            "acoustic": 0.0399410091341,
            "not_acoustic": 0.960058987141
        },
        "probability": 0.960058987141,
        "value": "not_acoustic"
    },
    "mood_aggressive": {
        "all": {
            "aggressive": 0.0335666462779,
            "not_aggressive": 0.966433346272
        },
        "probability": 0.966433346272,
        "value": "not_aggressive"
    },
    "mood_electronic": {
        "all": {
            "electronic": 0.788740634918,
            "not_electronic": 0.211259365082
        },
        "probability": 0.788740634918,
        "value": "electronic"
    },
    "mood_happy": {
        "all": {
            "happy": 0.834161996841,
            "not_happy": 0.165838003159
        },
        "probability": 0.834161996841,
        "value": "happy"
    },
    "mood_party": {
        "all": {
            "not_party": 0.573749125004,
            "party": 0.426250904799
        },
        "probability": 0.573749125004,
        "value": "not_party"
    },
    "mood_relaxed": {
        "all": {
            "not_relaxed": 0.367864817381,
            "relaxed": 0.632135152817
        },
        "probability": 0.632135152817,
        "value": "relaxed"
    },
    "mood_sad": {
        "all": {
            "not_sad": 0.730925142765,
            "sad": 0.269074857235
        },
        "probability": 0.730925142765,
        "value": "not_sad"
    },
    "moods_mirex": {
        "all": {
            "Cluster1": 0.205643892288,
            "Cluster2": 0.315086990595,
            "Cluster3": 0.127246469259,
            "Cluster4": 0.111115589738,
            "Cluster5": 0.240907043219
        },
        "probability": 0.315086990595,
        "value": "Cluster2"
    },
    "timbre": {
        "all": {
            "bright": 0.347284644842,
            "dark": 0.65271538496
        },
        "probability": 0.65271538496,
        "value": "dark"
    },
    "tonal_atonal": {
        "all": {
            "atonal": 0.980534613132,
            "tonal": 0.0194653924555
        },
        "probability": 0.980534613132,
        "value": "atonal"
    },
    "voice_instrumental": {
        "all": {
            "instrumental": 0.0207955054939,
            "voice": 0.97920447588
        },
        "probability": 0.97920447588,
        "value": "voice"
    }
},
"lowlevel": {
    "average_loudness": 0.962383687496,
    "barkbands_crest": {
        "dmean": 2.49938511848,
        "dmean2": 3.88473129272,
        "dvar": 9.76762676239,
        "dvar2": 21.3301887512,
        "max": 26.1568508148,
        "mean": 15.1800937653,
        "median": 14.6805009842,
        "min": 2.86812996864,
        "var": 28.1774616241
    },
    "barkbands_flatness_db": {
        "dmean": 0.0298733953387,
        "dmean2": 0.0429230704904,
        "dvar": 0.00110049417708,
        "dvar2": 0.00214856606908,
        "max": 0.527855813503,
        "mean": 0.239392206073,
        "median": 0.23193231225,
        "min": 0.0718415677547,
        "var": 0.00597169343382
    },
    "barkbands_kurtosis": {
        "dmean": 12.9519367218,
        "dmean2": 20.3764705658,
        "dvar": 802.255126953,
        "dvar2": 1968.31311035,
        "max": 379.919067383,
        "mean": 23.0283889771,
        "median": 5.37845802307,
        "min": -1.64864003658,
        "var": 1864.90588379
    },
    "barkbands_skewness": {
        "dmean": 1.04778397083,
        "dmean2": 1.55255615711,
        "dvar": 2.01154112816,
        "dvar2": 4.40411615372,
        "max": 15.5881137848,
        "mean": 3.18802452087,
        "median": 2.29582881927,
        "min": -1.65929722786,
        "var": 7.98075485229
    },
    "barkbands_spread": {
        "dmean": 5.33657169342,
        "dmean2": 7.7719039917,
        "dvar": 69.6066818237,
        "dvar2": 134.235107422,
        "max": 86.152381897,
        "mean": 15.7745628357,
        "median": 13.4207439423,
        "min": 0.258512079716,
        "var": 179.15284729
    },
    "dissonance": {
        "dmean": 0.0242408756167,
        "dmean2": 0.040517333895,
        "dvar": 0.000769497419242,
        "dvar2": 0.00204960186966,
        "max": 0.499999850988,
        "mean": 0.449922412634,
        "median": 0.459821492434,
        "min": 0.247452929616,
        "var": 0.0014784791274
    },
    "dynamic_complexity": 2.96216320992,
    "erbbands_crest": {
        "dmean": 2.68119931221,
        "dmean2": 4.31776762009,
        "dvar": 8.08856105804,
        "dvar2": 18.4974842072,
        "max": 28.6044635773,
        "mean": 10.3387117386,
        "median": 9.07764911652,
        "min": 2.03548502922,
        "var": 24.9718837738
    },
    "erbbands_flatness_db": {
        "dmean": 0.0192043706775,
        "dmean2": 0.0279671438038,
        "dvar": 0.000457994901808,
        "dvar2": 0.000984903541394,
        "max": 0.395429193974,
        "mean": 0.179250746965,
        "median": 0.179402142763,
        "min": 0.0606981553137,
        "var": 0.00195120181888
    },
    "erbbands_kurtosis": {
        "dmean": 1.13413059711,
        "dmean2": 1.77828347683,
        "dvar": 2.5784611702,
        "dvar2": 5.95269918442,
        "max": 17.1675567627,
        "mean": 0.9682264328,
        "median": 0.116016149521,
        "min": -1.62665724754,
        "var": 6.20872592926
    },
    "erbbands_skewness": {
        "dmean": 0.42672342062,
        "dmean2": 0.616997718811,
        "dvar": 0.199975803494,
        "dvar2": 0.444050252438,
        "max": 3.10175943375,
        "mean": 0.190280154347,
        "median": 0.157192349434,
        "min": -3.37360143661,
        "var": 0.709338128567
    },
    "erbbands_spread": {
        "dmean": 9.14890193939,
        "dmean2": 13.9134435654,
        "dvar": 118.428405762,
        "dvar2": 282.321716309,
        "max": 141.74571228,
        "mean": 37.5504875183,
        "median": 35.3445243835,
        "min": 3.26786565781,
        "var": 420.080535889
    },
    "hfc": {
        "dmean": 7.7052192688,
        "dmean2": 11.2185583115,
        "dvar": 210.066314697,
        "dvar2": 432.007659912,
        "max": 136.145904541,
        "mean": 20.7404060364,
        "median": 18.5146503448,
        "min": 0.0553897172213,
        "var": 359.714874268
    },
    "melbands_crest": {
        "dmean": 3.41961717606,
        "dmean2": 5.32310581207,
        "dvar": 19.6970863342,
        "dvar2": 47.3256263733,
        "max": 38.2405548096,
        "mean": 25.448091507,
        "median": 27.5765895844,
        "min": 3.43736290932,
        "var": 71.9907913208
    },
    "melbands_flatness_db": {
        "dmean": 0.0337560102344,
        "dmean2": 0.0465634800494,
        "dvar": 0.00158184859902,
        "dvar2": 0.00281759747304,
        "max": 0.64417809248,
        "mean": 0.301422953606,
        "median": 0.292155086994,
        "min": 0.0192511714995,
        "var": 0.0104341423139
    },
    "melbands_kurtosis": {
        "dmean": 27.6494445801,
        "dmean2": 42.5615386963,
        "dvar": 3558.37695312,
        "dvar2": 8824.1328125,
        "max": 1016.39599609,
        "mean": 54.4094390869,
        "median": 15.7392539978,
        "min": -1.7890535593,
        "var": 8251.9921875
    },
    "melbands_skewness": {
        "dmean": 1.39006960392,
        "dmean2": 2.04165863991,
        "dvar": 3.51133823395,
        "dvar2": 8.00383090973,
        "max": 24.9183425903,
        "mean": 4.84965276718,
        "median": 3.51030015945,
        "min": -0.646641016006,
        "var": 15.2476463318
    },
    "melbands_spread": {
        "dmean": 5.48395729065,
        "dmean2": 7.92043304443,
        "dvar": 71.100151062,
        "dvar2": 142.347488403,
        "max": 114.740257263,
        "mean": 15.2290506363,
        "median": 11.8684606552,
        "min": 0.226013153791,
        "var": 212.574249268
    },
    "pitch_salience": {
        "dmean": 0.0880997702479,
        "dmean2": 0.139607131481,
        "dvar": 0.0140083273873,
        "dvar2": 0.0348858013749,
        "max": 0.912315130234,
        "mean": 0.358212888241,
        "median": 0.343627899885,
        "min": 0.0543526150286,
        "var": 0.0312862098217
    },
    "silence_rate_20dB": {
        "dmean": 0,
        "dmean2": 0,
        "dvar": 0,
        "dvar2": 0,
        "max": 1,
        "mean": 1,
        "median": 1,
        "min": 1,
        "var": 0
    },
    "silence_rate_30dB": {
        "dmean": 0.106811143458,
        "dmean2": 0.213787764311,
        "dvar": 0.0954012870789,
        "dvar2": 0.202164202929,
        "max": 1,
        "mean": 0.862335681915,
        "median": 1,
        "min": 0,
        "var": 0.118712738156
    },
    "silence_rate_60dB": {
        "dmean": 0.00464396271855,
        "dmean2": 0.00929511990398,
        "dvar": 0.00462236488238,
        "dvar2": 0.00920865684748,
        "max": 1,
        "mean": 0.0363495759666,
        "median": 0,
        "min": 0,
        "var": 0.0350282713771
    },
    "spectral_centroid": {
        "dmean": 286.760955811,
        "dmean2": 401.609741211,
        "dvar": 157921.3125,
        "dvar2": 276627.78125,
        "max": 4072.75976562,
        "mean": 1245.24584961,
        "median": 1113.39135742,
        "min": 150.921096802,
        "var": 529420.9375
    },
    "spectral_complexity": {
        "dmean": 3.38390088081,
        "dmean2": 4.96436882019,
        "dvar": 32.2474250793,
        "dvar2": 51.8376083374,
        "max": 58,
        "mean": 13.1995363235,
        "median": 12,
        "min": 0,
        "var": 76.8420791626
    },
    "spectral_decrease": {
        "dmean": 4.85442974707e-09,
        "dmean2": 7.36944949509e-09,
        "dvar": 6.34502256097e-17,
        "dvar2": 1.5063447322e-16,
        "max": -1.02357636256e-11,
        "mean": -1.59874868899e-08,
        "median": -1.44307668037e-08,
        "min": -6.69618245297e-08,
        "var": 1.24059674768e-16
    },
    "spectral_energy": {
        "dmean": 0.0187988821417,
        "dmean2": 0.028506135568,
        "dvar": 0.000914068426937,
        "dvar2": 0.00216699088924,
        "max": 0.254483371973,
        "mean": 0.0622216947377,
        "median": 0.0567906275392,
        "min": 4.36561385868e-05,
        "var": 0.00179998169187
    },
    "spectral_energyband_high": {
        "dmean": 0.000490542093758,
        "dmean2": 0.00069654971594,
        "dvar": 2.3744939881e-06,
        "dvar2": 5.05812522533e-06,
        "max": 0.0143159916624,
        "mean": 0.000707394210622,
        "median": 0.000209118938074,
        "min": 3.07682569201e-07,
        "var": 3.05701405523e-06
    },
    "spectral_energyband_low": {
        "dmean": 0.017182726413,
        "dmean2": 0.026312885806,
        "dvar": 0.000975456670858,
        "dvar2": 0.00246206158772,
        "max": 0.249232813716,
        "mean": 0.0448496900499,
        "median": 0.0383017100394,
        "min": 6.33984420517e-09,
        "var": 0.00160241546109
    },
    "spectral_energyband_middle_high": {
        "dmean": 0.00206493749283,
        "dmean2": 0.00290032848716,
        "dvar": 9.7163456303e-06,
        "dvar2": 1.73456046468e-05,
        "max": 0.0382982566953,
        "mean": 0.00600007362664,
        "median": 0.0042061349377,
        "min": 3.44974178006e-05,
        "var": 4.13584857597e-05
    },
    "spectral_energyband_middle_low": {
        "dmean": 0.00690515432507,
        "dmean2": 0.0121757891029,
        "dvar": 0.000385441759136,
        "dvar2": 0.00108515028842,
        "max": 0.133682623506,
        "mean": 0.0106463655829,
        "median": 0.00628807255998,
        "min": 8.84809378476e-06,
        "var": 0.000284145586193
    },
    "spectral_entropy": {
        "dmean": 0.211034715176,
        "dmean2": 0.300112307072,
        "dvar": 0.059465367347,
        "dvar2": 0.105417758226,
        "max": 8.52718257904,
        "mean": 7.24908018112,
        "median": 7.1504034996,
        "min": 5.39495801926,
        "var": 0.266211181879
    },
    "spectral_flux": {
        "dmean": 0.0404889807105,
        "dmean2": 0.058494515717,
        "dvar": 0.00292360363528,
        "dvar2": 0.00491998204961,
        "max": 0.469908118248,
        "mean": 0.101647302508,
        "median": 0.0684086605906,
        "min": 0.00516649428755,
        "var": 0.00821665860713
    },
    "spectral_kurtosis": {
        "dmean": 2.60895228386,
        "dmean2": 4.22030162811,
        "dvar": 13.9975814819,
        "dvar2": 36.1820030212,
        "max": 56.5456390381,
        "mean": 5.71689224243,
        "median": 4.87251663208,
        "min": -0.7061419487,
        "var": 23.0873832703
    },
    "spectral_rms": {
        "dmean": 0.00107609666884,
        "dmean2": 0.00160008762032,
        "dvar": 2.36903224504e-06,
        "dvar2": 5.36366087545e-06,
        "max": 0.0157567914575,
        "mean": 0.00729223806411,
        "median": 0.00744348624721,
        "min": 0.000206376731512,
        "var": 7.52736468712e-06
    },
    "spectral_rolloff": {
        "dmean": 342.614105225,
        "dmean2": 552.441711426,
        "dvar": 526339.8125,
        "dvar2": 1100374.25,
        "max": 9646.875,
        "mean": 845.193725586,
        "median": 430.6640625,
        "min": 43.06640625,
        "var": 1447734
    },
    "spectral_skewness": {
        "dmean": 0.331585466862,
        "dmean2": 0.506124138832,
        "dvar": 0.135459527373,
        "dvar2": 0.306840598583,
        "max": 5.50912809372,
        "mean": 1.72825944424,
        "median": 1.7317070961,
        "min": -0.0477686934173,
        "var": 0.405536264181
    },
    "spectral_spread": {
        "dmean": 544480.3125,
        "dmean2": 784521.375,
        "dvar": 527180169216,
        "dvar2": 841625239552,
        "max": 22805712,
        "mean": 4180648,
        "median": 3921327.25,
        "min": 809722.25,
        "var": 2.08301994803e+12
    },
    "spectral_strongpeak": {
        "dmean": 0.298249065876,
        "dmean2": 0.496695578098,
        "dvar": 0.626301646233,
        "dvar2": 1.4380698204,
        "max": 9.64637184143,
        "mean": 0.781464338303,
        "median": 0.412415474653,
        "min": 0,
        "var": 1.2680555582
    },
    "zerocrossingrate": {
        "dmean": 0.00840093195438,
        "dmean2": 0.00962908752263,
        "dvar": 0.000117119161587,
        "dvar2": 0.000150735708303,
        "max": 0.24658203125,
        "mean": 0.034741230309,
        "median": 0.02587890625,
        "min": 0.00146484375,
        "var": 0.00102864787914
    },
    "barkbands": {
        "dmean": [0.00296503445134, 0.0138173960149, 0.00414579221979, 0.0018200376071, 0.0022942845244, 0.00154489639681, 0.000923310348298, 0.000820696470328, 0.000872718868777, 0.000539154920261, 0.000338993122568, 0.00038533215411, 0.00068618694786, 0.000513532431796, 0.000211131671676, 0.00016261926794, 0.000329868897097, 0.000135561349452, 9.75512957666e-05, 9.63469719863e-05, 0.00010714167729, 9.92801651591e-05, 0.000124406782561, 9.88970787148e-05, 4.67725658382e-05, 1.84466407518e-05, 1.50598982174e-08],
        "dmean2": [0.00410071434453, 0.022094193846, 0.00753418169916, 0.00348159135319, 0.0040859435685, 0.00274555780925, 0.00151056947652, 0.00134895567317, 0.00143238413148, 0.00086466781795, 0.000499036570545, 0.00057717692107, 0.000988541753031, 0.000758563634008, 0.000305404653773, 0.000247808318818, 0.000513302686159, 0.000208449331694, 0.000145108875586, 0.000142539443914, 0.00016115658218, 0.000146856211359, 0.000182491421583, 0.000141654149047, 6.74022448948e-05, 2.67718642135e-05, 2.30712604576e-08],
        "dvar": [2.45226401603e-05, 0.000780523812864, 0.000229911107454, 4.97300752613e-05, 4.14237183577e-05, 2.27891760005e-05, 7.55008022679e-06, 4.51653841083e-06, 6.43427347313e-06, 1.48491017171e-06, 7.4383132187e-07, 1.1308387684e-06, 3.13430746246e-06, 2.24886798605e-06, 4.30217909297e-07, 1.31655639279e-07, 1.23591860302e-06, 1.11861510277e-07, 5.21239904572e-08, 7.30950944217e-08, 1.12927928342e-07, 1.06748387907e-07, 1.22636990341e-07, 9.33620896149e-08, 2.54408529798e-08, 3.52471318799e-09, 4.32971394198e-14],
        "dvar2": [4.31690059486e-05, 0.00206243433058, 0.000644093728624, 0.000145025391248, 0.000117712741485, 6.36162658338e-05, 1.7381276848e-05, 1.11722229121e-05, 1.63464719662e-05, 3.3854873891e-06, 1.3357230273e-06, 2.21240111387e-06, 5.7865022427e-06, 4.76858713228e-06, 6.70739552788e-07, 2.79837820472e-07, 3.10630048261e-06, 2.22653369519e-07, 1.02345694586e-07, 1.68709377135e-07, 2.60089194626e-07, 2.37446045048e-07, 2.84617755142e-07, 1.87098308402e-07, 5.06900406094e-08, 7.15798798012e-09, 5.11860214316e-14],
        "max": [0.0664086788893, 0.235374823213, 0.137953430414, 0.0639394372702, 0.052815400064, 0.0378682352602, 0.041591938585, 0.0336959697306, 0.0466650053859, 0.0147946532816, 0.0169552452862, 0.0178458504379, 0.0313752628863, 0.021292084828, 0.0180832184851, 0.00517295720056, 0.0186640601605, 0.00506494473666, 0.00208335602656, 0.00280399387702, 0.00374330254272, 0.00362786580808, 0.00500831892714, 0.00354009936564, 0.00177351373713, 0.000558230967727, 7.08913876224e-06],
        "mean": [0.008609498851, 0.0333513654768, 0.00296562188305, 0.00115484080743, 0.00286016892642, 0.00169448798988, 0.00184286641888, 0.00128972041421, 0.00169776915573, 0.000878561520949, 0.00065635953797, 0.000748925085645, 0.00124936865177, 0.000938924902584, 0.000362296035746, 0.000290077266982, 0.000480168848298, 0.000222356320592, 0.000154577690409, 0.000130408458062, 0.000122738318169, 0.000129656720674, 0.000173843465745, 0.000133936599013, 5.76968232053e-05, 2.54833157669e-05, 1.17887655193e-08],
        "median": [0.0035389047116, 0.0272322446108, 0.000365824438632, 0.000159122369951, 0.000845154281706, 0.000337477889843, 7.64528522268e-05, 9.39215606195e-05, 0.000129965512315, 0.000104765327706, 3.55021256837e-05, 5.85591187701e-05, 0.000211218604818, 0.00011801643268, 7.2089555033e-05, 7.92457576608e-05, 0.000115475901111, 6.60397490719e-05, 4.99604175275e-05, 3.02291664411e-05, 2.33719601965e-05, 2.66436836682e-05, 4.66871388198e-05, 2.02387800528e-05, 9.67385767581e-06, 1.62908554557e-06, 1.26873900275e-09],
        "min": [6.17903367361e-11, 1.86104798239e-09, 3.78551162639e-10, 5.08694919521e-10, 2.35018077888e-07, 1.10802113795e-06, 1.93752796918e-07, 9.76098249339e-07, 1.47786897742e-06, 7.17796353911e-07, 1.67961445641e-07, 1.50104472141e-06, 2.46404215432e-06, 7.06595812971e-07, 4.48314239065e-07, 7.81198309596e-07, 1.75208310793e-06, 2.69772272077e-07, 4.6876465376e-07, 1.82598711262e-07, 4.6867420167e-08, 1.07372294167e-07, 3.12971124572e-08, 8.70342353743e-10, 3.10245440449e-11, 1.37436728664e-11, 8.78649670383e-12],
        "var": [0.000122953744722, 0.00103505735751, 0.000140117539559, 2.69771644525e-05, 3.18989841617e-05, 2.02495393751e-05, 3.12129086524e-05, 9.88377541944e-06, 1.20434042401e-05, 3.62766195394e-06, 3.37334836331e-06, 4.10803340856e-06, 7.90725334809e-06, 5.78687922825e-06, 1.25161705e-06, 2.65388337084e-07, 1.22579558592e-06, 2.01351852525e-07, 8.79534383103e-08, 9.2683784203e-08, 1.25012277863e-07, 1.23116038253e-07, 1.61594968517e-07, 1.37884214269e-07, 3.15909503001e-08, 4.73205830076e-09, 4.16823287041e-14]
    },
    "erbbands": {
        "dmean": [0.647280693054, 2.36602520943, 4.60418128967, 5.60099172592, 6.02913093567, 8.03240776062, 12.071562767, 12.2971601486, 13.6931610107, 12.74655056, 19.3911495209, 20.5636177063, 15.9027242661, 14.2778377533, 14.9323606491, 13.5895700455, 30.7618484497, 20.7622795105, 20.3353672028, 7.06860494614, 9.93086242676, 17.7280025482, 8.96936798096, 4.55344629288, 5.4205288887, 4.42704153061, 4.19150352478, 4.38122415543, 3.62748003006, 3.62529778481, 3.40473914146, 2.40546655655, 1.37190401554, 0.63807964325, 0.295402169228, 0.138153329492, 0.0208938140422, 0.00109422183596, 3.49911497324e-05, 2.30243203987e-05],
        "dmean2": [1.00495123863, 3.87234592438, 7.95053958893, 10.4386577606, 11.2230167389, 14.2424917221, 21.1680049896, 21.32330513, 22.2319335938, 21.4923744202, 31.5102424622, 33.1288986206, 26.0058403015, 21.7869548798, 22.2703227997, 19.017539978, 43.4954681396, 31.2307510376, 28.3681869507, 10.6973047256, 14.7594022751, 27.0805282593, 13.3381099701, 7.00465726852, 7.94981479645, 6.66934013367, 6.36392784119, 6.55440473557, 5.34963226318, 5.44542551041, 4.85288190842, 3.40973496437, 1.99546515942, 0.936534583569, 0.428343653679, 0.201638638973, 0.0301589518785, 0.00157850584947, 5.05435782543e-05, 3.46184024238e-05],
        "dvar": [1.46532022953, 36.7186546326, 251.054016113, 459.031402588, 397.5206604, 476.705047607, 1151.99938965, 1440.20959473, 1729.20202637, 1212.32958984, 2184.56445312, 3810.83056641, 1514.71496582, 962.20501709, 1030.38476562, 1238.31091309, 7058.64306641, 3629.54101562, 3230.85107422, 243.988250732, 439.354400635, 3864.69238281, 661.682922363, 128.606216431, 171.951721191, 167.286972046, 174.859008789, 201.833389282, 158.323928833, 108.455253601, 90.7065887451, 52.4595909119, 18.1595172882, 4.63315963745, 1.08441781998, 0.227440401912, 0.00321791088209, 7.84144776844e-06, 6.24448803777e-09, 1.13457454542e-09],
        "dvar2": [4.10436296463, 92.4331283569, 677.941467285, 1314.66687012, 1156.27893066, 1334.69995117, 3249.61157227, 3937.4128418, 3821.08325195, 3245.8359375, 5485.8046875, 9330.73046875, 4097.89599609, 2025.79003906, 2051.71679688, 2096.15209961, 12797.2939453, 8837.66210938, 5641.98828125, 472.023956299, 880.94732666, 9851.2109375, 1335.11071777, 269.82043457, 354.317169189, 391.628845215, 420.509429932, 455.347106934, 357.226531982, 258.061187744, 201.591903687, 108.17098999, 35.5945701599, 9.67245101929, 2.08785820007, 0.469257086515, 0.00623153988272, 1.70146849996e-05, 1.14680318575e-08, 2.63392907485e-09],
        "max": [10.1204738617, 54.0254402161, 143.023574829, 200.771194458, 155.166381836, 191.636688232, 302.538085938, 422.405456543, 731.571105957, 314.174285889, 598.073547363, 1229.42822266, 322.656280518, 543.962280273, 581.062133789, 828.157226562, 1521.74230957, 1143.85473633, 1138.65771484, 198.69972229, 319.308868408, 1028.32531738, 385.321533203, 120.584434509, 147.495040894, 151.562606812, 131.397689819, 155.084396362, 158.935714722, 120.38331604, 154.904327393, 81.7478790283, 49.7306137085, 24.6838512421, 10.4935951233, 4.65128612518, 0.586775541306, 0.0506896860898, 0.00105990190059, 0.000274766120128],
        "mean": [1.74247169495, 4.41634750366, 3.95514941216, 3.80598092079, 4.95246982574, 10.5788564682, 14.5729541779, 14.3043718338, 28.5178222656, 20.0518093109, 31.6554889679, 39.7050743103, 26.4099693298, 28.6303539276, 32.6272239685, 27.6670894623, 59.089466095, 41.1722869873, 38.1693267822, 13.1323232651, 20.0862407684, 26.3030147552, 15.4239034653, 7.75666379929, 8.45490550995, 6.13558721542, 4.89983606339, 5.01001596451, 4.5343298912, 5.23954725266, 4.7442035675, 3.20147275925, 1.9099098444, 0.78602540493, 0.355256259441, 0.174935102463, 0.0325452722609, 0.00180926045869, 7.52936175559e-05, 7.3632443673e-05],
        "median": [1.50022149086, 1.98399281502, 0.790810763836, 0.537056922913, 1.42294287682, 2.86791777611, 3.13962244987, 2.91458439827, 2.01861763, 2.307076931, 4.40376901627, 5.64977169037, 6.78131103516, 5.39765834808, 3.86123752594, 4.72797775269, 11.4310455322, 8.57345867157, 6.40779876709, 5.07113695145, 5.88800954819, 6.90268182755, 5.31628656387, 2.89329171181, 2.33894228935, 1.73454141617, 0.947194457054, 0.958675146103, 0.80137693882, 1.64611697197, 1.07660079002, 0.450248777866, 0.279037237167, 0.117565222085, 0.0518763996661, 0.0147509621456, 0.00202139117755, 0.000113300899102, 4.06849503634e-05, 6.68797729304e-05],
        "min": [2.14790858877e-07, 7.92310174802e-07, 6.98157180068e-07, 3.25135852108e-06, 6.67022904963e-05, 0.000595867284574, 0.00527497148141, 0.0104374699295, 0.00498937629163, 0.00629739230499, 0.040040474385, 0.0606807880104, 0.0113784214482, 0.063755184412, 0.0438048094511, 0.110475629568, 0.141894578934, 0.040783200413, 0.048642873764, 0.0325721018016, 0.10228125751, 0.0959594920278, 0.0262391325086, 0.00685844523832, 0.0308593660593, 0.0103122657165, 0.00258519663475, 0.00155623478349, 0.00385551969521, 0.00186795042828, 0.000865097448695, 0.000337025965564, 4.0737719246e-05, 1.523973242e-05, 7.82116694609e-06, 6.18472449787e-06, 1.87027285392e-06, 8.67154454909e-08, 3.32322969143e-08, 5.54489894e-08],
        "var": [2.44122338295, 39.9479598999, 171.718261719, 261.529754639, 230.325088501, 451.789672852, 946.985778809, 1440.60339355, 8580.20996094, 1788.67810059, 4251.85400391, 7228.07714844, 2437.01904297, 3715.54223633, 4542.58496094, 4043.27734375, 18194.1464844, 9326.52832031, 9690.77929688, 495.605773926, 1084.10827637, 3723.04248047, 1013.55096436, 190.914474487, 287.314178467, 205.970565796, 183.418457031, 225.584320068, 174.73425293, 127.173339844, 130.782897949, 80.0789413452, 26.573474884, 5.67499685287, 1.34321773052, 0.273649573326, 0.00630822731182, 2.09279787668e-05, 1.2179235398e-08, 2.24304042007e-09]
    },
    "gfcc": {
        "mean": [-25.1906509399, 107.204284668, -117.503456116, 38.3425674438, -47.0539245605, 25.2063407898, -28.2800178528, 11.0116729736, -8.77447891235, 2.28821611404, -1.49785029888, 4.85298109055, -1.60891187191],
        "cov": [[4688.77587891, -1429.93286133, -5.22354269028, -259.358612061, -447.465362549, 703.351623535, -537.597839355, 525.579040527, -99.4162063599, 311.566070557, -148.589523315, 313.74621582, -188.870437622], [-1429.93286133, 2606.30688477, 561.816162109, 417.984283447, 1014.18157959, -200.201873779, 653.106689453, -129.767868042, 451.44833374, -336.775024414, 240.257492065, -183.057250977, 217.576065063], [-5.22354269028, 561.816162109, 861.221069336, 519.816711426, 390.95413208, 96.8820037842, 154.163131714, 52.6215667725, 126.754386902, -9.29007720947, 77.4226379395, -42.1434173584, 65.8816986084], [-259.358612061, 417.984283447, 519.816711426, 940.289978027, 454.857696533, 105.657119751, 222.46824646, 19.7722949982, 195.885650635, -81.9991378784, 149.473770142, -112.250930786, 139.78024292], [-447.465362549, 1014.18157959, 390.95413208, 454.857696533, 835.959350586, 69.6731033325, 323.949035645, 3.48851180077, 260.770294189, -41.5006866455, 147.067062378, -70.7107696533, 128.275146484], [703.351623535, -200.201873779, 96.8820037842, 105.657119751, 69.6731033325, 450.985473633, 91.7116622925, 154.88734436, 43.9244766235, 29.9171619415, 22.1019859314, 71.9720306396, 33.0137481689], [-537.597839355, 653.106689453, 154.163131714, 222.46824646, 323.949035645, 91.7116622925, 535.087768555, 6.07477235794, 94.8652648926, -95.6794509888, 105.368843079, 13.510269165, 95.6977920532], [525.579040527, -129.767868042, 52.6215667725, 19.7722949982, 3.48851180077, 154.88734436, 6.07477235794, 215.510238647, 26.4978199005, 6.14796495438, 10.2264003754, 54.8982009888, -7.84958124161], [-99.4162063599, 451.44833374, 126.754386902, 195.885650635, 260.770294189, 43.9244766235, 94.8652648926, 26.4978199005, 266.091766357, -39.71459198, 81.7030792236, -29.6216068268, 86.8887863159], [311.566070557, -336.775024414, -9.29007720947, -81.9991378784, -41.5006866455, 29.9171619415, -95.6794509888, 6.14796495438, -39.71459198, 199.016433716, -14.9788303375, 20.1248931885, -47.7233085632], [-148.589523315, 240.257492065, 77.4226379395, 149.473770142, 147.067062378, 22.1019859314, 105.368843079, 10.2264003754, 81.7030792236, -14.9788303375, 153.307052612, -3.45677280426, 57.9088859558], [313.74621582, -183.057250977, -42.1434173584, -112.250930786, -70.7107696533, 71.9720306396, 13.510269165, 54.8982009888, -29.6216068268, 20.1248931885, -3.45677280426, 160.764099121, 10.1306991577], [-188.870437622, 217.576065063, 65.8816986084, 139.78024292, 128.275146484, 33.0137481689, 95.6977920532, -7.84958124161, 86.8887863159, -47.7233085632, 57.9088859558, 10.1306991577, 140.428359985]],
        "icov": [[0.000540057721082, -0.000272559642326, 0.000107819803816, -0.000265009963186, 0.000274198595434, -0.000718742841855, 0.000669023138471, -0.000775364227593, 7.1575428592e-05, -0.000677341828123, 0.000298242928693, -0.00079356727656, 0.000440885283751], [-0.000272559642326, 0.00261914799921, -0.00127245229669, 0.00178177410271, -0.00199064845219, 0.00145721225999, -0.0017502802657, 0.00112886610441, -0.00188985164277, 0.00331286364235, -0.00117805658374, 0.00188434415031, -0.000224514165893], [0.000107819803816, -0.00127245229669, 0.00254721497186, -0.00182771123946, 0.000424473342719, -0.000653566210531, 0.00082897185348, -0.000853632052895, 0.00102133851033, -0.00187615759205, 0.000885884743184, -0.00114607065916, 0.000341872830177], [-0.000265009963186, 0.00178177410271, -0.00182771123946, 0.00352198234759, -0.00165043119341, 0.00068373529939, -0.00129029888194, 0.000826755189337, -0.00130291434471, 0.00273394724354, -0.00175302114803, 0.00277800159529, -0.00123518961482], [0.000274198595434, -0.00199064845219, 0.000424473342719, -0.00165043119341, 0.00414520734921, -0.00111312267836, 0.000346767046722, -0.000785004056524, -0.000156573936692, -0.00314377108589, 0.000549766118638, -0.000903319276404, -4.12962253904e-05], [-0.000718742841855, 0.00145721225999, -0.000653566210531, 0.00068373529939, -0.00111312267836, 0.00481539405882, -0.00206700130366, -0.000823545036837, -0.00103450147435, 0.00130984641146, -0.000314871489536, 0.000891891715582, -0.00120038795285], [0.000669023138471, -0.0017502802657, 0.00082897185348, -0.00129029888194, 0.000346767046722, -0.00206700130366, 0.00465778494254, -0.000942234881222, 0.00171420199331, -0.00121311296243, -0.000107923377072, -0.00252145132981, 0.000202943963814], [-0.000775364227593, 0.00112886610441, -0.000853632052895, 0.000826755189337, -0.000785004056524, -0.000823545036837, -0.000942234881222, 0.00829026848078, -0.00165891787037, 0.00258098891936, -0.00127325183712, -0.000311385927489, 0.00125294248573], [7.1575428592e-05, -0.00188985164277, 0.00102133851033, -0.00130291434471, -0.000156573936692, -0.00103450147435, 0.00171420199331, -0.00165891787037, 0.00796658918262, -0.0017797187902, -0.000529610842932, -0.000290962081635, -0.00232727336697], [-0.000677341828123, 0.00331286364235, -0.00187615759205, 0.00273394724354, -0.00314377108589, 0.00130984641146, -0.00121311296243, 0.00258098891936, -0.0017797187902, 0.0107887554914, -0.00253003742546, 0.00194659712724, 0.00132027163636], [0.000298242928693, -0.00117805658374, 0.000885884743184, -0.00175302114803, 0.000549766118638, -0.000314871489536, -0.000107923377072, -0.00127325183712, -0.000529610842932, -0.00253003742546, 0.0101550649852, -0.00155802327208, -0.00147749041207], [-0.00079356727656, 0.00188434415031, -0.00114607065916, 0.00277800159529, -0.000903319276404, 0.000891891715582, -0.00252145132981, -0.000311385927489, -0.000290962081635, 0.00194659712724, -0.00155802327208, 0.0109466342255, -0.00320367398672], [0.000440885283751, -0.000224514165893, 0.000341872830177, -0.00123518961482, -4.12962253904e-05, -0.00120038795285, 0.000202943963814, 0.00125294248573, -0.00232727336697, 0.00132027163636, -0.00147749041207, -0.00320367398672, 0.0121117159724]]
    },
    "melbands": {
        "dmean": [0.00457416335121, 0.00246138544753, 0.000975947536062, 0.000485996948555, 0.000419690186391, 0.00028235145146, 0.000201015209313, 0.000149091545609, 0.000163092045113, 0.000120266384329, 8.06628377177e-05, 6.20464343228e-05, 5.37932028237e-05, 4.66472083644e-05, 4.90629317937e-05, 6.45382460789e-05, 4.11592081946e-05, 4.05496684834e-05, 1.13488486022e-05, 9.16101180337e-06, 1.32567411129e-05, 1.97270874196e-05, 1.44428267959e-05, 5.97505913902e-06, 3.63879735232e-06, 4.09785934607e-06, 3.68737892131e-06, 2.94482970276e-06, 2.51982328336e-06, 2.93130437967e-06, 2.52855170402e-06, 2.2192484721e-06, 1.7795966869e-06, 2.31003718909e-06, 2.16413604903e-06, 1.67779046478e-06, 1.45966464515e-06, 1.08668155008e-06, 7.85589975294e-07, 4.88983971536e-07],
        "dmean2": [0.00718881376088, 0.00399283273146, 0.00181177421473, 0.000875775062013, 0.000735812296625, 0.000491440412588, 0.000324307824485, 0.000247698772, 0.000266494345851, 0.000195755026652, 0.000130912812892, 9.4628892839e-05, 7.68707977841e-05, 6.85713530402e-05, 6.99594602338e-05, 9.23889383557e-05, 6.24247768428e-05, 5.72063072468e-05, 1.67555299413e-05, 1.34573929245e-05, 2.02109604288e-05, 3.00612518913e-05, 2.20342117245e-05, 9.04706212168e-06, 5.73290344619e-06, 6.11374389337e-06, 5.53512472834e-06, 4.60345108877e-06, 3.93457639802e-06, 4.46730064141e-06, 3.87856971429e-06, 3.33223283633e-06, 2.65065773419e-06, 3.58570628123e-06, 3.15038005283e-06, 2.37575864048e-06, 2.11468955058e-06, 1.61487128025e-06, 1.12169027489e-06, 7.44082626625e-07],
        "dvar": [7.43037599023e-05, 5.10194659e-05, 1.30984708449e-05, 1.98719703803e-06, 1.3331300579e-06, 7.48893967284e-07, 3.58186014182e-07, 1.53914257339e-07, 1.55817744485e-07, 1.23916024108e-07, 3.82271316823e-08, 1.82792270209e-08, 1.49683714312e-08, 1.73117129521e-08, 1.94980707136e-08, 3.27409210854e-08, 1.66667319945e-08, 1.40468587873e-08, 7.49757589347e-10, 5.62269730775e-10, 8.02362287722e-10, 4.16814049942e-09, 2.58348009652e-09, 2.23872045901e-10, 7.96981092233e-11, 9.48109091237e-11, 9.46569628235e-11, 8.42061420592e-11, 6.25102747343e-11, 9.17293047076e-11, 7.08499231505e-11, 6.11112618842e-11, 2.87474835603e-11, 4.32878524692e-11, 3.62314414581e-11, 2.28779807598e-11, 1.98075861269e-11, 1.12668685145e-11, 6.36863305148e-12, 2.87441554933e-12],
        "dvar2": [0.000199599657208, 0.000127912397147, 3.7327848986e-05, 5.70956126467e-06, 3.73222405869e-06, 2.05050764635e-06, 7.94766776835e-07, 4.09437973303e-07, 4.03586227549e-07, 3.06795186589e-07, 1.01578230272e-07, 3.70221897583e-08, 2.56603183146e-08, 3.47069502027e-08, 3.67443249161e-08, 6.05056200698e-08, 4.07118747603e-08, 2.61793999812e-08, 1.35585820349e-09, 1.12264886276e-09, 1.67729152789e-09, 1.04914974486e-08, 6.16300965817e-09, 4.7818482507e-10, 1.75868458685e-10, 1.78621256675e-10, 2.27058677416e-10, 2.03490627126e-10, 1.54092211213e-10, 2.15899298439e-10, 1.62736588094e-10, 1.39806610733e-10, 6.4588570603e-11, 1.07195551047e-10, 8.37327637782e-11, 4.61508678495e-11, 4.27165629258e-11, 2.30666492851e-11, 1.40682916705e-11, 6.39601696259e-12],
        "max": [0.0655924081802, 0.0606499314308, 0.0336334370077, 0.0110300807282, 0.0108705656603, 0.00893861055374, 0.00959746632725, 0.0045739072375, 0.00412455713376, 0.00665954872966, 0.00170189654455, 0.00242296233773, 0.00265916483477, 0.00249806675129, 0.00236407970078, 0.00409156503156, 0.00214335438795, 0.00184996891767, 0.00057673669653, 0.000463314645458, 0.000442611984909, 0.00101398304105, 0.000868683157023, 0.000187557889149, 9.79345932137e-05, 0.000120050906844, 0.000105055951281, 0.000115263705084, 7.79132460593e-05, 0.000120275668451, 8.62460874487e-05, 8.6684798589e-05, 7.31803229428e-05, 7.68083409639e-05, 9.89118489088e-05, 5.54293146706e-05, 5.18033775734e-05, 3.52456008841e-05, 2.86403956125e-05, 1.85158442036e-05],
        "mean": [0.0123670650646, 0.00320896692574, 0.000683914520778, 0.000551210017875, 0.000530835532118, 0.000332952069584, 0.000412400433561, 0.000237771411776, 0.000273364130408, 0.000233214785112, 0.000131488704938, 0.000121028475405, 0.000112010216981, 9.53588896664e-05, 8.72045129654e-05, 0.000125848804601, 7.21169999451e-05, 7.35283247195e-05, 1.92738862097e-05, 1.50387450049e-05, 2.49883341894e-05, 2.79797077383e-05, 2.14309784496e-05, 9.66602237895e-06, 5.63356570638e-06, 6.4139794631e-06, 5.17655826116e-06, 3.86459487345e-06, 2.92967206406e-06, 3.15593320011e-06, 2.84199131784e-06, 2.59419152826e-06, 2.40982899413e-06, 3.20843651025e-06, 2.94904816656e-06, 2.20424954023e-06, 1.83618101346e-06, 1.42569092532e-06, 1.00108240986e-06, 5.3975696801e-07],
        "median": [0.0108328517526, 0.000953002192546, 0.000113346461148, 0.000171390827745, 0.000123988997075, 6.20805294602e-05, 2.68528619927e-05, 2.5167621061e-05, 2.90539464913e-05, 1.98636389541e-05, 1.7385396859e-05, 1.72045129148e-05, 1.08473104774e-05, 6.84747828927e-06, 1.41432174132e-05, 2.25183375733e-05, 9.5399818747e-06, 8.58383828017e-06, 4.95692938784e-06, 4.75913566333e-06, 6.28681209491e-06, 6.38463370706e-06, 5.31792329639e-06, 2.80456060864e-06, 1.87819853181e-06, 2.01102579922e-06, 1.09375753254e-06, 9.10855590064e-07, 5.46061187379e-07, 4.36055842101e-07, 5.37159792202e-07, 3.66550409581e-07, 5.75054286855e-07, 9.46460090745e-07, 6.6661124265e-07, 2.86379759018e-07, 2.03290895229e-07, 1.99753614538e-07, 1.16262505401e-07, 6.23689118129e-08],
        "min": [7.47770956266e-10, 3.80766751462e-10, 5.67852431743e-10, 1.37855398208e-08, 1.55384768163e-07, 2.22046750764e-07, 2.25324967573e-08, 8.57123723108e-08, 2.85819993451e-07, 1.84728150998e-07, 1.98657996719e-08, 2.45260594056e-07, 4.57013591415e-08, 1.99417925728e-07, 3.60685618261e-07, 2.95127165373e-07, 5.44341176578e-08, 4.02259487942e-08, 2.77248108915e-08, 2.5260678882e-08, 1.62692913364e-07, 1.21768451322e-07, 4.35720579617e-08, 5.39946487521e-09, 2.66735700194e-09, 2.61929340439e-08, 1.31732837971e-08, 4.96554664053e-09, 1.4841913254e-09, 1.23870946833e-09, 6.8491917693e-10, 2.87177975844e-10, 6.7858707542e-10, 4.89046525498e-10, 3.59409307871e-10, 3.73894859518e-10, 1.2674993867e-11, 8.29233296612e-12, 3.38138913571e-13, 2.74894473504e-13],
