{
"highlevel": {
    "danceability": {
        "all": {
            "danceable": 0.469088166952,
            "not_danceable": 0.53091186285
        },
        "probability": 0.53091186285,
        "value": "not_danceable"
    },
    "gender": {
        "all": {
            "female": 0.0205815341324,
            "male": 0.979418456554
        },
        "probability": 0.979418456554,
        "value": "male"
    },
    "genre_dortmund": {
        "all": {
            "alternative": 0.236682683229,
            "blues": 0.0145202195272,
            "electronic": 0.00160488113761,
            "folkcountry": 0.279599964619,
            "funksoulrnb": 0.00733922375366,
            "jazz": 0.00432993564755,
            "pop": 0.0818556249142,
            "raphiphop": 0.000455392699223,
            "rock": 0.373612076044
        },
        "probability": 0.373612076044,
        "value": "rock"
    },
    "genre_electronic": {
        "all": {
            "ambient": 0.54359793663,
            "dnb": 0.154371425509,
            "house": 0.0622524246573,
            "techno": 0.0178956985474,
            "trance": 0.221882537007
        },
        "probability": 0.54359793663,
        "value": "ambient"
    },
    "genre_rosamerica": {
        "all": {
            "cla": 0.0265131276101,
            "dan": 0.00553206168115,
            "hip": 0.0122252861038,
            "jaz": 0.00413068709895,
            "pop": 0.130371585488,
            "rhy": 0.0297490824014,
            "roc": 0.790440201759,
            "spe": 0.00103798264172
        },
        "probability": 0.790440201759,
        "value": "roc"
    },
    "genre_tzanetakis": {
        "all": {
            "blu": 0.0626613423228,
            "cla": 0.0348169617355,
            "cou": 0.104475811124,
            "dis": 0.0784321576357,
            "hip": 0.15692435205,
            "jaz": 0.313974827528,
            "met": 0.0448166541755,
            "pop": 0.0627359300852,
            "reg": 0.0627360641956,
            "roc": 0.0784258767962
        },
        "probability": 0.313974827528,
        "value": "jaz"
    },
    "ismir04_rhythm": {
        "all": {
            "ChaChaCha": 0.199082329869,
            "Jive": 0.295692443848,
            "Quickstep": 0.0255659520626,
            "Rumba-American": 0.0113955670968,
            "Rumba-International": 0.0274039823562,
            "Rumba-Misc": 0.014655912295,
            "Samba": 0.0491545014083,
            "Tango": 0.0340162590146,
            "VienneseWaltz": 0.32503169775,
            "Waltz": 0.0180013850331
        },
        "probability": 0.32503169775,
        "value": "VienneseWaltz"
    },
    "mood_acoustic": {
        "all": {
            "acoustic": 0.410102456808,
            "not_acoustic": 0.58989751339
        },
        "probability": 0.58989751339,
        "value": "not_acoustic"
    },
    "mood_aggressive": {
        "all": {
            "aggressive": 0.0864701345563,
            "not_aggressive": 0.913529872894
        },
        "probability": 0.913529872894,
        "value": "not_aggressive"
    },
    "mood_electronic": {
        "all": {
            "electronic": 0.138534113765,
            "not_electronic": 0.861465871334
        },
        "probability": 0.861465871334,
        "value": "not_electronic"
    },
    "mood_happy": {
        "all": {
            "happy": 0.755029678345,
            "not_happy": 0.244970321655
        },
        "probability": 0.755029678345,
        "value": "happy"
    },
    "mood_party": {
        "all": {
            "not_party": 0.730772733688,
            "party": 0.269227296114
        },
        "probability": 0.730772733688,
        "value": "not_party"
    },
    "mood_relaxed": {
        "all": {
            "not_relaxed": 0.800520420074,
            "relaxed": 0.199479594827
        },
        "probability": 0.800520420074,
        "value": "not_relaxed"
    },
    "mood_sad": {
        "all": {
            "not_sad": 0.448477506638,
            "sad": 0.551522493362
        },
        "probability": 0.551522493362,
        "value": "sad"
    },
    "moods_mirex": {
        "all": {
            "Cluster1": 0.249332904816,
            "Cluster2": 0.346426784992,
            "Cluster3": 0.27401688695,
            "Cluster4": 0.0831123888493,
            "Cluster5": 0.0471110343933
        },
        "probability": 0.346426784992,
        "value": "Cluster2"
    },
    "timbre": {
        "all": {
            "bright": 0.99655932188,
            "dark": 0.00344070163555
        },
        "probability": 0.99655932188,
        "value": "bright"
    },
    "tonal_atonal": {
        "all": {
            "atonal": 0.000105787585198,
            "tonal": 0.999894201756
        },
        "probability": 0.999894201756,
        "value": "tonal"
    },
    "voice_instrumental": {
        "all": {
            "instrumental": 0.000225013427553,
            "voice": 0.999774992466
        },
        "probability": 0.999774992466,
        "value": "voice"
    }
},
"lowlevel": {
    "average_loudness": 0.981061995029,
    "barkbands_crest": {
        "dmean": 1.84153306484,
        "dmean2": 2.98765325546,
        "dvar": 3.03012180328,
        "dvar2": 7.52237176895,
        "max": 21.6284828186,
        "mean": 7.04439926147,
        "median": 6.44178342819,
        "min": 2.72080659866,
        "var": 7.1732916832
    },
    "barkbands_flatness_db": {
        "dmean": 0.015008459799,
        "dmean2": 0.0236140768975,
        "dvar": 0.000173690583324,
        "dvar2": 0.000457309768535,
        "max": 0.242307677865,
        "mean": 0.112964354455,
        "median": 0.1119049564,
        "min": 0.0542522072792,
        "var": 0.000566009490285
    },
    "barkbands_kurtosis": {
        "dmean": 0.904316425323,
        "dmean2": 1.51207196712,
        "dvar": 1.53886663914,
        "dvar2": 4.20051765442,
        "max": 10.3543615341,
        "mean": 0.298000097275,
        "median": -0.0414667129517,
        "min": -1.78772556782,
        "var": 2.19467496872
    },
    "barkbands_skewness": {
        "dmean": 0.349104344845,
        "dmean2": 0.543378412724,
        "dvar": 0.129060730338,
        "dvar2": 0.326301902533,
        "max": 3.19679117203,
        "mean": 0.758672773838,
        "median": 0.741906940937,
        "min": -1.98541045189,
        "var": 0.299272447824
    },
    "barkbands_spread": {
        "dmean": 5.90921115875,
        "dmean2": 8.8401594162,
        "dvar": 40.6273193359,
        "dvar2": 93.9276351929,
        "max": 93.8974609375,
        "mean": 29.8664264679,
        "median": 27.3502235413,
        "min": 5.09127855301,
        "var": 166.064605713
    },
    "dissonance": {
        "dmean": 0.0173763874918,
        "dmean2": 0.0295327715576,
        "dvar": 0.000293884717394,
        "dvar2": 0.000835991289932,
        "max": 0.500000059605,
        "mean": 0.466964453459,
        "median": 0.472157508135,
        "min": 0.295289158821,
        "var": 0.000523157417774
    },
    "dynamic_complexity": 1.66457259655,
    "erbbands_crest": {
        "dmean": 2.28746557236,
        "dmean2": 3.71220803261,
        "dvar": 4.05905342102,
        "dvar2": 9.64132404327,
        "max": 25.1124649048,
        "mean": 8.23377799988,
        "median": 7.66098499298,
        "min": 2.67954969406,
        "var": 11.1537837982
    },
    "erbbands_flatness_db": {
        "dmean": 0.0175604503602,
        "dmean2": 0.0232968702912,
        "dvar": 0.000230681092944,
        "dvar2": 0.000422523298766,
        "max": 0.296943068504,
        "mean": 0.14990016818,
        "median": 0.149033695459,
        "min": 0.0712683573365,
        "var": 0.00124104088172
    },
    "erbbands_kurtosis": {
        "dmean": 0.659004449844,
        "dmean2": 1.05344009399,
        "dvar": 0.796147584915,
        "dvar2": 1.90843474865,
        "max": 19.3760795593,
        "mean": 0.146936640143,
        "median": -0.218281507492,
        "min": -1.38913750648,
        "var": 1.81195425987
    },
    "erbbands_skewness": {
        "dmean": 0.312232762575,
        "dmean2": 0.473067134619,
        "dvar": 0.0715939626098,
        "dvar2": 0.164884909987,
        "max": 3.11954140663,
        "mean": 0.180823147297,
        "median": 0.172474622726,
        "min": -2.19526743889,
        "var": 0.361498236656
    },
    "erbbands_spread": {
        "dmean": 6.90974140167,
        "dmean2": 10.5466756821,
        "dvar": 46.3695907593,
        "dvar2": 107.127189636,
        "max": 87.3438491821,
        "mean": 35.9290542603,
        "median": 34.3727340698,
        "min": 4.78986406326,
        "var": 179.147506714
    },
    "hfc": {
        "dmean": 8.86133861542,
        "dmean2": 12.6741189957,
        "dvar": 171.743286133,
        "dvar2": 371.050506592,
        "max": 257.431335449,
        "mean": 32.8915328979,
        "median": 30.9013214111,
        "min": 4.62169551849,
        "var": 364.924713135
    },
    "melbands_crest": {
        "dmean": 2.69598889351,
        "dmean2": 4.35943984985,
        "dvar": 7.36451625824,
        "dvar2": 18.8828430176,
        "max": 29.8953971863,
        "mean": 11.0796947479,
        "median": 10.2353076935,
        "min": 4.6632194519,
        "var": 15.2914609909
    },
    "melbands_flatness_db": {
        "dmean": 0.0191294997931,
        "dmean2": 0.0290107056499,
        "dvar": 0.000353896029992,
        "dvar2": 0.000893185730092,
        "max": 0.26609069109,
        "mean": 0.143713921309,
        "median": 0.143603771925,
        "min": 0.0328370369971,
        "var": 0.0012623568764
    },
    "melbands_kurtosis": {
        "dmean": 2.5177192688,
        "dmean2": 4.16485786438,
        "dvar": 15.6782436371,
        "dvar2": 42.6428718567,
        "max": 43.2531471252,
        "mean": 4.02083158493,
        "median": 2.99312210083,
        "min": -1.70294082165,
        "var": 19.4342212677
    },
    "melbands_skewness": {
        "dmean": 0.480673909187,
        "dmean2": 0.767418682575,
        "dvar": 0.282397836447,
        "dvar2": 0.704706728458,
        "max": 5.91085195541,
        "mean": 1.6439678669,
        "median": 1.56962382793,
        "min": -0.995433330536,
        "var": 0.741642475128
    },
    "melbands_spread": {
        "dmean": 8.36251354218,
        "dmean2": 12.7793426514,
        "dvar": 119.922828674,
        "dvar2": 261.973449707,
        "max": 169.231796265,
        "mean": 35.5024452209,
        "median": 32.4944725037,
        "min": 7.9669380188,
        "var": 275.008056641
    },
    "pitch_salience": {
        "dmean": 0.0555399246514,
        "dmean2": 0.0901018753648,
        "dvar": 0.00248199421912,
        "dvar2": 0.00647955806926,
        "max": 0.802093684673,
        "mean": 0.552686393261,
        "median": 0.553941428661,
        "min": 0.285675227642,
        "var": 0.00649987766519
    },
    "silence_rate_20dB": {
        "dmean": 0,
        "dmean2": 0,
        "dvar": 0,
        "dvar2": 0,
        "max": 1,
        "mean": 1,
        "median": 1,
        "min": 1,
        "var": 0
    },
    "silence_rate_30dB": {
        "dmean": 0,
        "dmean2": 0,
        "dvar": 0,
        "dvar2": 0,
        "max": 1,
        "mean": 1,
        "median": 1,
        "min": 1,
        "var": 0
    },
    "silence_rate_60dB": {
        "dmean": 0,
        "dmean2": 0,
        "dvar": 0,
        "dvar2": 0,
        "max": 0,
        "mean": 0,
        "median": 0,
        "min": 0,
        "var": 0
    },
    "spectral_centroid": {
        "dmean": 253.629104614,
        "dmean2": 381.604614258,
        "dvar": 64761.4570312,
        "dvar2": 153105.09375,
        "max": 4360.91552734,
        "mean": 1731.33764648,
        "median": 1683.38037109,
        "min": 763.884460449,
        "var": 219001
    },
    "spectral_complexity": {
        "dmean": 3.49071216583,
        "dmean2": 5.34701776505,
        "dvar": 11.0070419312,
        "dvar2": 22.3907928467,
        "max": 47,
        "mean": 24.4361953735,
        "median": 24,
        "min": 9,
        "var": 37.7260932922
    },
    "spectral_decrease": {
        "dmean": 2.07739581093e-09,
        "dmean2": 3.24824767084e-09,
        "dvar": 7.71413253708e-18,
        "dvar2": 1.93436020809e-17,
        "max": -8.59399551523e-10,
        "mean": -7.00911284568e-09,
        "median": -6.56106680097e-09,
        "min": -2.61379291544e-08,
        "var": 1.34003077254e-17
    },
    "spectral_energy": {
        "dmean": 0.00841791182756,
        "dmean2": 0.0130503363907,
        "dvar": 0.000117788498756,
        "dvar2": 0.000290927971946,
        "max": 0.101508758962,
        "mean": 0.0294374115765,
        "median": 0.0280870590359,
        "min": 0.00412296876311,
        "var": 0.000216775893932
    },
    "spectral_energyband_high": {
        "dmean": 0.000738022092264,
        "dmean2": 0.00101484218612,
        "dvar": 3.03791875922e-06,
        "dvar2": 6.93476567903e-06,
        "max": 0.0296258069575,
        "mean": 0.00149604678154,
        "median": 0.000808389449958,
        "min": 0.000109807340777,
        "var": 4.78211541122e-06
    },
    "spectral_energyband_low": {
        "dmean": 0.00355616025627,
        "dmean2": 0.0061295744963,
        "dvar": 7.69604012021e-05,
        "dvar2": 0.000211987149669,
        "max": 0.0865125656128,
        "mean": 0.00641507143155,
        "median": 0.00473566027358,
        "min": 1.87347977771e-05,
        "var": 6.13331721979e-05
    },
    "spectral_energyband_middle_high": {
        "dmean": 0.00272399815731,
        "dmean2": 0.00394683796912,
        "dvar": 1.18925772767e-05,
        "dvar2": 2.42550540861e-05,
        "max": 0.0809753090143,
        "mean": 0.00985912233591,
        "median": 0.00841710530221,
        "min": 0.0010992528405,
        "var": 5.12827609782e-05
    },
    "spectral_energyband_middle_low": {
        "dmean": 0.00475615262985,
        "dmean2": 0.00726587558165,
        "dvar": 4.0165738028e-05,
        "dvar2": 9.77444942691e-05,
        "max": 0.0580423101783,
        "mean": 0.0127170216292,
        "median": 0.010439099744,
        "min": 0.00100295897573,
        "var": 7.86017189967e-05
    },
    "spectral_entropy": {
        "dmean": 0.136452764273,
        "dmean2": 0.18132199347,
        "dvar": 0.0138858258724,
        "dvar2": 0.0242689810693,
        "max": 8.55890464783,
        "mean": 7.67941331863,
        "median": 7.63706731796,
        "min": 6.72215557098,
        "var": 0.0916057303548
    },
    "spectral_flux": {
        "dmean": 0.0229442175478,
        "dmean2": 0.0364079959691,
        "dvar": 0.000666986976285,
        "dvar2": 0.00135739496909,
        "max": 0.240065604448,
        "mean": 0.0856919437647,
        "median": 0.0761760547757,
        "min": 0.0259394329041,
        "var": 0.00128789257724
    },
    "spectral_kurtosis": {
        "dmean": 1.06170713902,
        "dmean2": 1.74662458897,
        "dvar": 0.897314786911,
        "dvar2": 2.44747567177,
        "max": 11.3517074585,
        "mean": 3.30921220779,
        "median": 3.09270715714,
        "min": -0.454586267471,
        "var": 2.79881811142
    },
    "spectral_rms": {
        "dmean": 0.000727745646145,
        "dmean2": 0.00110094016418,
        "dvar": 6.7883365773e-07,
        "dvar2": 1.56959788455e-06,
        "max": 0.00995152909309,
        "mean": 0.00519532850012,
        "median": 0.00523469271138,
        "min": 0.00200559431687,
        "var": 1.7279869553e-06
    },
    "spectral_rolloff": {
        "dmean": 669.480102539,
        "dmean2": 1098.96118164,
        "dvar": 896892.9375,
        "dvar2": 1957550.75,
        "max": 10788.1347656,
        "mean": 2242.27709961,
        "median": 1851.85546875,
        "min": 150.732421875,
        "var": 2175700.5
    },
    "spectral_skewness": {
        "dmean": 0.166755020618,
        "dmean2": 0.257172673941,
        "dvar": 0.0180773008615,
        "dvar2": 0.0448091961443,
        "max": 2.31423258781,
        "mean": 1.34909331799,
        "median": 1.34934687614,
        "min": 0.456552028656,
        "var": 0.0869840830564
    },
    "spectral_spread": {
        "dmean": 575271.5625,
        "dmean2": 805872.8125,
        "dvar": 487865483264,
        "dvar2": 829543022592,
        "max": 15582420,
        "mean": 4682783,
        "median": 4467024.5,
        "min": 2537283.5,
        "var": 1.58513443635e+12
    },
    "spectral_strongpeak": {
        "dmean": 0.804235219955,
        "dmean2": 1.36349225044,
        "dvar": 1.02601397038,
        "dvar2": 2.50074338913,
        "max": 9.06286525726,
        "mean": 1.48764419556,
        "median": 1.03164637089,
        "min": 0.0442569069564,
        "var": 2.10140895844
    },
    "zerocrossingrate": {
        "dmean": 0.0119447503239,
        "dmean2": 0.0135175613686,
        "dvar": 0.000196311928448,
        "dvar2": 0.000217015636736,
        "max": 0.2958984375,
        "mean": 0.0822117626667,
        "median": 0.07275390625,
        "min": 0.03466796875,
        "var": 0.00122905138414
    },
    "barkbands": {
        "dmean": [3.15952820529e-05, 0.00180081964936, 0.00171838735696, 0.00105403573252, 0.00186530943029, 0.000347112829331, 0.0012322353432, 0.00107882125303, 0.00150921521708, 0.000904710381292, 0.000657409487758, 0.000679745979141, 0.000737961439881, 0.000527954660356, 0.000324045191519, 0.000166947298567, 0.000565574795473, 0.000333867152222, 0.000249408563832, 0.000240630542976, 0.000154571418534, 0.000163963777595, 0.000184848700883, 0.000142746750498, 9.41217440413e-05, 6.62594975438e-05, 3.52487550259e-09],
        "dmean2": [5.49384058104e-05, 0.00319329765625, 0.00294437864795, 0.00176491425373, 0.00318094156682, 0.000551358156372, 0.001793082105, 0.00163577008061, 0.00221050507389, 0.00133919029031, 0.000950585294049, 0.00107265124097, 0.00116296217311, 0.000845616857987, 0.000510306970682, 0.000284521142021, 0.000926452397835, 0.000532793870661, 0.000393539230572, 0.000396852468839, 0.000236649779254, 0.000248781667324, 0.000267229072051, 0.000212886108784, 0.000137817609357, 0.000102441779745, 5.77663472612e-09],
        "dvar": [3.79689488739e-08, 2.1685487809e-05, 1.82928197319e-05, 2.6094101031e-06, 1.4532233763e-05, 5.14529745033e-07, 4.62113666799e-06, 3.64496304428e-06, 4.62817752123e-06, 7.74709769757e-06, 2.23579013436e-06, 1.26526879285e-06, 1.34551305564e-06, 6.96223821706e-07, 3.02089375737e-07, 7.00358455674e-08, 4.65477484113e-07, 2.10259628375e-07, 1.44883912867e-07, 2.26923646096e-07, 3.60081799045e-07, 1.19838603041e-07, 1.17527413579e-07, 1.13309759797e-07, 1.01853089518e-07, 1.45467300428e-08, 1.20691967061e-15],
        "dvar2": [8.5798234295e-08, 6.17397163296e-05, 5.00242604176e-05, 7.02666375219e-06, 3.8856836909e-05, 1.17353658879e-06, 8.96768870007e-06, 7.89849400462e-06, 9.57438078331e-06, 1.54056706378e-05, 4.74285161545e-06, 2.94733376904e-06, 3.05102321363e-06, 1.64564119132e-06, 7.16465763162e-07, 1.91218703094e-07, 1.22081439713e-06, 4.75562671909e-07, 3.38409535061e-07, 5.75463502628e-07, 9.78441789812e-07, 2.87946022581e-07, 2.55317502251e-07, 2.59592695784e-07, 2.35826220774e-07, 3.36157839342e-08, 1.91903911585e-15],
        "max": [0.00522072613239, 0.0380708314478, 0.0436461493373, 0.0172212552279, 0.035062994808, 0.0145049234852, 0.034830763936, 0.0306804757565, 0.0336058102548, 0.0747636705637, 0.0547428913414, 0.0274013374001, 0.014495735988, 0.00932173058391, 0.00813918747008, 0.00325153116137, 0.00691014155746, 0.00863729976118, 0.00606406619772, 0.00689232116565, 0.0142700709403, 0.00475677289069, 0.00447396701202, 0.00563470041379, 0.0079921418801, 0.00175842503086, 1.02382375644e-06],
        "mean": [4.29205865657e-05, 0.00257073203102, 0.00292878737673, 0.00193363113794, 0.00255674682558, 0.000641844642814, 0.0024236838799, 0.00186450837646, 0.00303601054475, 0.00164294359274, 0.00135843874887, 0.00129170296714, 0.00138310040347, 0.00090055342298, 0.000562987930607, 0.000277605169686, 0.00105040473863, 0.000696533767041, 0.000492914812639, 0.000433239387348, 0.000262975256192, 0.000313698546961, 0.000336555851391, 0.000235589643125, 0.000126108643599, 7.31771797291e-05, 2.70083289067e-09],
        "median": [1.79785620276e-05, 0.00169883179478, 0.0018464718014, 0.0014429371804, 0.00147351482883, 0.000348834029865, 0.000852894561831, 0.000770304352045, 0.00176164379809, 0.000516417494509, 0.000504571537022, 0.000576938444283, 0.000696336326655, 0.000424988014856, 0.000258647400187, 0.0001662481518, 0.000777531648055, 0.000482457748149, 0.000330892973579, 0.000288090726826, 0.000143154160469, 0.00017259841843, 0.000172418338479, 0.000114531023428, 3.18038983096e-05, 1.79461603693e-05, 4.74383587967e-10],
        "min": [9.93228788104e-09, 3.74709384232e-06, 2.81335928776e-06, 1.43801171362e-05, 6.39333884465e-05, 1.12254847409e-05, 8.56813949213e-06, 6.29462283541e-06, 2.38249867834e-05, 7.98632663646e-06, 4.78401034343e-06, 1.42932112794e-05, 2.47388998105e-05, 2.31599296967e-05, 7.75944408815e-06, 7.50361141399e-06, 2.04295192816e-05, 1.86845445569e-05, 9.55271025305e-06, 1.68833266798e-05, 1.59277878993e-05, 1.4594028471e-05, 1.41661621456e-05, 4.83553367303e-06, 3.63718157814e-08, 6.66696777785e-08, 9.49305998393e-12],
        "var": [4.42398153666e-08, 1.54463159561e-05, 1.56280329975e-05, 3.5980785924e-06, 1.29471327455e-05, 8.15600628812e-07, 1.57849772222e-05, 8.70061012392e-06, 1.28494630189e-05, 1.79828257387e-05, 8.57520444697e-06, 4.30902400694e-06, 3.48869116351e-06, 1.38180462272e-06, 6.55900464608e-07, 1.05294724051e-07, 1.00385943824e-06, 5.32602825842e-07, 3.21001834891e-07, 3.07914262976e-07, 2.99435811257e-07, 1.9127084272e-07, 2.31523316074e-07, 1.69131681105e-07, 1.25646920424e-07, 2.04108125956e-08, 1.03521095149e-15]
    },
    "erbbands": {
        "dmean": [0.0284700095654, 0.49684342742, 1.95237541199, 2.50135040283, 6.67945623398, 5.33113098145, 2.9388487339, 2.67813801765, 10.0538253784, 25.7450141907, 27.3303623199, 29.1227149963, 30.6294136047, 24.1194839478, 19.1771602631, 26.7857971191, 30.5901889801, 24.7644920349, 19.4993171692, 14.6244659424, 10.3220748901, 27.7628498077, 22.4135189056, 12.9128818512, 11.0903778076, 12.0952262878, 7.08232545853, 5.53729629517, 5.70716953278, 6.22096586227, 5.10525226593, 3.86286282539, 1.93354797363, 1.08964502811, 0.679340064526, 0.300122439861, 0.141917407513, 0.0109981382266, 0.000201502334676, 1.8327122234e-05],
        "dmean2": [0.0501533821225, 0.879692733288, 3.37116980553, 4.17587327957, 11.4538154602, 8.93238544464, 4.7582616806, 4.21932315826, 15.432882309, 36.5033836365, 41.4504470825, 42.5045661926, 43.589466095, 34.8301353455, 28.6472549438, 41.90051651, 48.5279312134, 38.4423942566, 30.546421051, 23.4147548676, 17.2912979126, 45.3631896973, 36.2363929749, 20.4840621948, 17.9796772003, 20.1078701019, 10.9871406555, 8.27580356598, 8.81530284882, 9.07944107056, 7.45312356949, 5.85288524628, 2.8081805706, 1.59233415127, 1.0246515274, 0.453133165836, 0.225120440125, 0.0176969114691, 0.000317135680234, 2.71600238193e-05],
        "dvar": [0.00654950225726, 1.7280369997, 26.0694408417, 16.7963752747, 173.165496826, 107.80431366, 35.3189888, 25.1512355804, 587.229797363, 2380.85620117, 2369.29492188, 2202.82641602, 5692.13134766, 3215.31396484, 786.747802734, 2229.13134766, 2027.56286621, 1845.29589844, 1175.359375, 636.609191895, 302.714569092, 1042.3560791, 875.16619873, 375.173950195, 311.413085938, 544.79876709, 1148.38085938, 171.051269531, 154.529953003, 148.974105835, 95.8877334595, 57.936290741, 37.1263809204, 13.2167482376, 5.94631052017, 0.501436829567, 0.0629323646426, 0.000359106517863, 1.14267493245e-07, 6.20552498276e-10],
        "dvar2": [0.0190831869841, 4.86756372452, 71.0467987061, 45.2384986877, 461.321594238, 297.572296143, 89.2626571655, 54.4905548096, 1218.66821289, 4639.00488281, 5504.52734375, 4293.16162109, 11249.1181641, 6763.1640625, 1646.60632324, 5218.53369141, 4927.48535156, 4160.60400391, 2829.12036133, 1613.99694824, 833.208007812, 2516.5090332, 2156.8425293, 864.223937988, 770.694396973, 1410.79541016, 3154.10913086, 437.46194458, 372.190887451, 338.646850586, 210.845077515, 137.738800049, 86.0828475952, 29.9259243011, 14.2640771866, 1.0942504406, 0.153042420745, 0.000902245228644, 2.8033724675e-07, 1.47179979315e-09],
        "max": [1.73723649979, 10.9711723328, 50.8637199402, 47.3510742188, 120.265052795, 101.547866821, 114.993804932, 86.8726806641, 565.14654541, 656.7578125, 667.29888916, 881.444580078, 1937.2623291, 1650.48352051, 633.571166992, 1088.73339844, 609.712158203, 516.389160156, 475.937988281, 331.117523193, 214.135665894, 312.885803223, 620.892089844, 265.823974609, 275.910919189, 352.570404053, 781.495422363, 266.448577881, 152.998916626, 186.257003784, 108.333099365, 110.393768311, 109.982421875, 92.459236145, 53.8752326965, 13.4126119614, 2.24185299873, 0.161218374968, 0.0028372167144, 0.000362022634363],
        "mean": [0.0505437962711, 0.688447058201, 3.21938967705, 4.89780473709, 9.22831058502, 7.74213409424, 5.14002323151, 5.4927072525, 19.9100227356, 49.3941917419, 53.2086791992, 57.229183197, 59.7405815125, 52.4516448975, 43.9493408203, 56.1657981873, 62.6523590088, 47.3639717102, 38.1428718567, 25.3868675232, 18.9211521149, 56.1850585938, 50.5164794922, 28.4407348633, 22.648273468, 21.3102073669, 11.3096160889, 10.1351413727, 10.6342954636, 11.6215133667, 9.2035741806, 6.77920484543, 2.75233316422, 1.50192475319, 0.857866466045, 0.343440443277, 0.148293882608, 0.0105314012617, 0.000222559887334, 4.88449586555e-05],
        "median": [0.0375140607357, 0.454430282116, 1.79830241203, 4.00185346603, 5.48645114899, 4.56742095947, 3.16844058037, 3.293623209, 8.88638305664, 13.9002819061, 23.0821399689, 33.5461997986, 26.7208766937, 22.1319465637, 22.4821395874, 24.7366771698, 34.1575775146, 22.1105823517, 18.181230545, 13.2805194855, 11.5890321732, 44.9078559875, 37.0078582764, 18.5816898346, 14.87931633, 14.1072683334, 5.91786718369, 5.42224264145, 5.75405454636, 6.429459095, 4.38381624222, 3.72272992134, 0.961739599705, 0.372714400291, 0.214779987931, 0.0899920016527, 0.0328980647027, 0.0019057081081, 6.06479552516e-05, 4.16907460021e-05],
        "min": [7.88832185208e-05, 0.000859362422489, 0.00478482572362, 0.0480970554054, 0.193344965577, 0.169468820095, 0.141448408365, 0.10470277071, 0.334610939026, 0.220457017422, 0.321474671364, 0.959597051144, 0.875791370869, 1.44916188717, 1.08015394211, 0.740142524242, 2.29631900787, 1.67369961739, 0.593559503555, 0.756740808487, 1.54010152817, 2.48149442673, 2.17495512962, 1.4761954546, 1.10928010941, 1.18767333031, 1.00809037685, 0.502898991108, 0.6945540905, 0.472194373608, 0.375420093536, 0.181075438857, 0.0321426540613, 0.00228398060426, 0.000375259842258, 0.000179568480235, 6.5973312303e-05, 6.4715472945e-06, 4.53753546026e-06, 8.20098557597e-06],
        "var": [0.00527017377317, 1.20150268078, 21.2117176056, 19.6987113953, 154.184234619, 103.178474426, 48.3570518494, 48.0922279358, 1817.53479004, 7171.12451172, 5633.47412109, 5712.93945312, 13812.15625, 11985.2431641, 3063.57299805, 7820.70996094, 5357.10107422, 4301.92041016, 2891.10351562, 1176.98242188, 458.375732422, 2230.57788086, 2111.71606445, 981.65045166, 625.266967773, 705.354492188, 867.290588379, 212.349594116, 236.958618164, 263.443756104, 186.693389893, 91.5471038818, 47.9025344849, 17.615737915, 6.56354284286, 0.692417562008, 0.0774212703109, 0.000383870908991, 1.38015820994e-07, 9.99048843653e-10]
    },
    "gfcc": {
        "mean": [46.6127624512, 78.8563613892, -131.882888794, 35.3835449219, -64.3384170532, 22.7254505157, -33.6222610474, 15.3091840744, -24.3594150543, -3.69514679909, -19.4811725616, -1.21420001984, -25.1383075714],
        "cov": [[1013.99505615, -446.342987061, 292.140533447, -83.8023757935, -62.2330856323, 25.8252468109, -78.9085083008, 40.5628852844, -63.5495529175, 120.794845581, -54.3781547546, 40.8945236206, -104.644775391], [-446.342987061, 835.336853027, -298.305328369, 4.44460105896, 108.305160522, -25.5067672729, 172.017379761, -2.93374037743, 133.621353149, -129.817520142, 72.3632507324, -86.5395431519, 34.788394928], [292.140533447, -298.305328369, 463.096618652, 73.0715789795, 42.956401825, 35.8700752258, -60.1015548706, 50.8011932373, -65.9970016479, 98.458190918, -84.1262588501, 50.9248085022, -16.7394962311], [-83.8023757935, 4.44460105896, 73.0715789795, 235.775009155, 44.6178588867, 20.3147220612, -13.2543888092, -12.7040109634, 25.5949230194, -2.99277067184, 7.20152568817, -8.90222930908, 30.5252914429], [-62.2330856323, 108.305160522, 42.956401825, 44.6178588867, 165.461578369, 49.2955856323, 37.2057991028, 26.005115509, 8.88559436798, -6.79691982269, -18.2221794128, 0.0448383949697, -2.63365292549], [25.8252468109, -25.5067672729, 35.8700752258, 20.3147220612, 49.2955856323, 124.235824585, 53.9672012329, 12.7629537582, -18.762845993, -20.5376815796, -6.06579113007, 0.619564533234, 11.7789125443], [-78.9085083008, 172.017379761, -60.1015548706, -13.2543888092, 37.2057991028, 53.9672012329, 181.959320068, 34.8142814636, -2.34348225594, -60.5500259399, 13.8439750671, 5.27090215683, -11.5089330673], [40.5628852844, -2.93374037743, 50.8011932373, -12.7040109634, 26.005115509, 12.7629537582, 34.8142814636, 90.626701355, 16.5979099274, 12.6374225616, -11.3022441864, -2.41796517372, -12.9360532761], [-63.5495529175, 133.621353149, -65.9970016479, 25.5949230194, 8.88559436798, -18.762845993, -2.34348225594, 16.5979099274, 99.74168396, 4.89881706238, 15.4726696014, -30.8721466064, -4.20758914948], [120.794845581, -129.817520142, 98.458190918, -2.99277067184, -6.79691982269, -20.5376815796, -60.5500259399, 12.6374225616, 4.89881706238, 103.415901184, -3.88801765442, 7.25124359131, -17.4368343353], [-54.3781547546, 72.3632507324, -84.1262588501, 7.20152568817, -18.2221794128, -6.06579113007, 13.8439750671, -11.3022441864, 15.4726696014, -3.88801765442, 80.1110534668, 12.3028669357, -11.9083452225], [40.8945236206, -86.5395431519, 50.9248085022, -8.90222930908, 0.0448383949697, 0.619564533234, 5.27090215683, -2.41796517372, -30.8721466064, 7.25124359131, 12.3028669357, 72.1191253662, -7.01389551163], [-104.644775391, 34.788394928, -16.7394962311, 30.5252914429, -2.63365292549, 11.7789125443, -11.5089330673, -12.9360532761, -4.20758914948, -17.4368343353, -11.9083452225, -7.01389551163, 82.7405014038]],
        "icov": [[0.00172921572812, 0.000291058997391, -0.000651660782751, 0.000489215832204, 0.000764202908613, -0.00086609099526, 0.00029381326749, -0.000130051776068, 1.17421382129e-06, -0.000625613785814, 0.000461818446638, 3.57285243808e-05, 0.00185816700105], [0.000291058997391, 0.00568298483267, -0.00186479953118, 0.0026801712811, -0.00499402778223, 0.00502016907558, -0.00523370085284, 0.00339000835083, -0.00601485511288, 0.00470929546282, -0.00673194229603, 0.00645021209493, -0.00419451901689], [-0.000651660782751, -0.00186479953118, 0.00721399858594, -0.00402590073645, 0.00159944710322, -0.00311157340184, 0.00280914991163, -0.00432956917211, 0.005183537025, -0.0059377392754, 0.00827606953681, -0.00610755430534, 0.00279800663702], [0.000489215832204, 0.0026801712811, -0.00402590073645, 0.0078414902091, -0.00377618335187, 0.00231466512196, -0.00236242264509, 0.00401780568063, -0.00571054965258, 0.00412486912683, -0.00682978658006, 0.00492173945531, -0.00435262033716], [0.000764202908613, -0.00499402778223, 0.00159944710322, -0.00377618335187, 0.0129290400073, -0.00775299454108, 0.00416489830241, -0.00447709113359, 0.00438080076128, -0.00485525559634, 0.00894553493708, -0.0069894073531, 0.00607215380296], [-0.00086609099526, 0.00502016907558, -0.00311157340184, 0.00231466512196, -0.00775299454108, 0.0167056843638, -0.00813120417297, 0.00354648055509, -0.00363229517825, 0.00599622866139, -0.00854405015707, 0.00815733149648, -0.00735037634149], [0.00029381326749, -0.00523370085284, 0.00280914991163, -0.00236242264509, 0.00416489830241, -0.00813120417297, 0.0146584864706, -0.00760848261416, 0.00641830451787, 8.39168133098e-05, 0.00573435565457, -0.00757076498121, 0.00667914561927], [-0.000130051776068, 0.00339000835083, -0.00432956917211, 0.00401780568063, -0.00447709113359, 0.00354648055509, -0.00760848261416, 0.0183787979186, -0.00850858259946, 0.00169333186932, -0.00446943892166, 0.0054941973649, -0.00303364172578], [1.17421382129e-06, -0.00601485511288, 0.005183537025, -0.00571054965258, 0.00438080076128, -0.00363229517825, 0.00641830451787, -0.00850858259946, 0.0223772898316, -0.00791147537529, 0.00637460732833, -0.0024300981313, 0.00608708336949], [-0.000625613785814, 0.00470929546282, -0.0059377392754, 0.00412486912683, -0.00485525559634, 0.00599622866139, 8.39168133098e-05, 0.00169333186932, -0.00791147537529, 0.0218041371554, -0.0105901136994, 0.00664615305141, -0.00299414852634], [0.000461818446638, -0.00673194229603, 0.00827606953681, -0.00682978658006, 0.00894553493708, -0.00854405015707, 0.00573435565457, -0.00446943892166, 0.00637460732833, -0.0105901136994, 0.0301724243909, -0.0158800613135, 0.0102972965688], [3.57285243808e-05, 0.00645021209493, -0.00610755430534, 0.00492173945531, -0.0069894073531, 0.00815733149648, -0.00757076498121, 0.0054941973649, -0.0024300981313, 0.00664615305141, -0.0158800613135, 0.0275979973376, -0.00596505636349], [0.00185816700105, -0.00419451901689, 0.00279800663702, -0.00435262033716, 0.00607215380296, -0.00735037634149, 0.00667914561927, -0.00303364172578, 0.00608708336949, -0.00299414852634, 0.0102972965688, -0.00596505636349, 0.0207208935171]]
    },
    "melbands": {
        "dmean": [0.000370303139789, 0.000894291209988, 0.000537689833436, 0.000473124702694, 0.000113341484393, 6.45178297418e-05, 0.000174403801793, 0.000266835384537, 0.000247688934905, 0.000180930423085, 0.000161568372278, 0.0001081300652, 8.09498596936e-05, 4.74708213005e-05, 0.000113646026875, 5.74329969822e-05, 4.44731122116e-05, 3.93323025492e-05, 2.13720522879e-05, 1.3915980162e-05, 1.16377459563e-05, 2.64856989816e-05, 3.86065003113e-05, 1.45355807035e-05, 1.11491144708e-05, 9.49942932493e-06, 8.91190211405e-06, 7.89986552263e-06, 4.69051474283e-06, 4.17122237195e-06, 3.16168507197e-06, 3.07891673401e-06, 4.00209046347e-06, 3.50000209437e-06, 2.9478903798e-06, 3.11246708407e-06, 2.26286465477e-06, 1.48828883084e-06, 1.03935769857e-06, 9.56612325353e-07],
        "dmean2": [0.00065756321419, 0.00156602554489, 0.000892840907909, 0.000802865950391, 0.000186008270248, 0.00010148720321, 0.000262514688075, 0.000378048222046, 0.00038100843085, 0.00026211340446, 0.000231885220273, 0.000157186106662, 0.000119812873891, 7.31108302716e-05, 0.000180844363058, 8.98158541531e-05, 6.92144822096e-05, 6.21032741037e-05, 3.41417908203e-05, 2.27161199291e-05, 1.95550965145e-05, 4.3238796934e-05, 6.36880504317e-05, 2.31630001508e-05, 1.77936199179e-05, 1.53182445501e-05, 1.47085238495e-05, 1.31952074298e-05, 7.38129119782e-06, 6.52779999655e-06, 4.78312040286e-06, 4.75394745081e-06, 6.20699529463e-06, 5.1305451052e-06, 4.36260643255e-06, 4.84117936139e-06, 3.5423618101e-06, 2.22037692765e-06, 1.57236218001e-06, 1.42895896715e-06],
        "dvar": [9.06673790269e-07, 5.71227701585e-06, 6.8983518986e-07, 9.2699195875e-07, 4.14380103564e-08, 1.34640494309e-08, 1.37459750249e-07, 2.3379708125e-07, 1.93838971541e-07, 7.25642408383e-08, 1.65353526427e-07, 6.41549178226e-08, 2.11473079048e-08, 6.14502138063e-09, 3.82535141341e-08, 7.97922083962e-09, 5.73124436798e-09, 4.82995288209e-09, 1.29776600577e-09, 4.50728399048e-10, 4.24208834726e-10, 1.1477363504e-09, 2.65268584876e-09, 5.83274095689e-10, 3.12119941004e-10, 2.58495891359e-10, 1.98119534667e-10, 3.05813346868e-10, 4.23272583649e-10, 3.29045513059e-10, 2.83015191144e-11, 4.08195248436e-11, 7.24384996431e-11, 4.29546537228e-11, 3.34543399927e-11, 3.64043586942e-11, 2.05097935163e-11, 2.30435757281e-11, 1.09094937945e-11, 1.038929099e-11],
        "dvar2": [2.61645345745e-06, 1.56473670359e-05, 1.82878284249e-06, 2.48523679147e-06, 1.10519437158e-07, 2.99033544593e-08, 2.7743976716e-07, 4.62685449065e-07, 4.54531402738e-07, 1.42555037996e-07, 3.27804144717e-07, 1.3088434514e-07, 4.3862776522e-08, 1.63361342231e-08, 9.34550925535e-08, 1.63044315826e-08, 1.30995525538e-08, 1.19905179119e-08, 3.28811888828e-09, 1.17164800084e-09, 1.17711884684e-09, 2.6730855307e-09, 7.26615523305e-09, 1.36302602538e-09, 7.34372951339e-10, 6.33993302301e-10, 5.10193387537e-10, 7.94226351353e-10, 1.15618359331e-09, 8.92543039477e-10, 6.79084150024e-11, 9.66749250098e-11, 1.81426110246e-10, 9.45032524458e-11, 7.3294814662e-11, 8.90508430884e-11, 4.87098451851e-11, 5.27702916087e-11, 2.57084110944e-11, 2.37261287006e-11],
        "max": [0.0120323654264, 0.0228833667934, 0.00830780807883, 0.00910409353673, 0.00299084885046, 0.00170715886634, 0.0082320002839, 0.00666017411277, 0.00623134337366, 0.00489370059222, 0.0106058297679, 0.00607850076631, 0.00443556485698, 0.00128908234183, 0.0033025785815, 0.00161320029292, 0.000856886908878, 0.000779169378802, 0.000450381194241, 0.000218427725486, 0.000264382688329, 0.000431618711445, 0.000529882207047, 0.000500796013512, 0.000238496184465, 0.000267704948783, 0.000262414076133, 0.00028280299739, 0.00043768089381, 0.000442854157882, 7.62660929468e-05, 9.08589427127e-05, 0.000110911860247, 0.000104152270069, 6.47952911095e-05, 7.89449259173e-05, 7.0469250204e-05, 9.41625039559e-05, 5.95972851443e-05, 8.28367192298e-05],
        "mean": [0.00057925505098, 0.00142931670416, 0.00101356813684, 0.000654830713756, 0.000201740971534, 0.000128742030938, 0.000345682026818, 0.000504521944094, 0.000479723821627, 0.000354834919563, 0.000304981222143, 0.000221389855142, 0.000171685009263, 9.88345709629e-05, 0.000214188534301, 0.000112078960228, 8.00208217697e-05, 6.80062003084e-05, 3.59691402991e-05, 2.3306989533e-05, 1.86741108337e-05, 4.83394069306e-05, 7.76901142672e-05, 2.93296689051e-05, 2.21162426897e-05, 1.76500070665e-05, 1.65767323779e-05, 1.26612430904e-05, 6.98369194652e-06, 6.15317549091e-06, 5.74175510337e-06, 5.45512466488e-06, 6.98841995472e-06, 6.22321249466e-06, 5.05709022036e-06, 5.29195585841e-06, 3.70253656001e-06, 1.99693772629e-06, 1.36300843678e-06, 1.24597511331e-06],
        "median": [0.000412518333178, 0.000878966995515, 0.000813139486127, 0.000393839000026, 0.000129184743855, 7.93587823864e-05, 0.000149487459566, 0.000145520694787, 0.000188752019312, 0.00020621366275, 0.000121484627016, 8.64041649038e-05, 7.24963683751e-05, 5.01900285599e-05, 8.83942047949e-05, 6.12177536823e-05, 3.65467676602e-05, 2.75089350907e-05, 1.77207784873e-05, 1.36986973303e-05, 9.55661744229e-06, 3.53160685336e-05, 4.76329041703e-05, 1.73729386006e-05, 1.33204712256e-05, 1.14915610538e-05, 1.11965682663e-05, 7.74797535996e-06, 3.72100112145e-06, 2.65919356934e-06, 3.2699899748e-06, 2.83059375761e-06, 3.71959117729e-06, 3.40849646818e-06, 2.28495309784e-06, 2.72727424999e-06, 1.97929512069e-06, 6.55598796584e-07, 3.55931149443e-07, 2.96542253864e-07],
        "min": [1.26392035327e-06, 1.88801800505e-06, 1.48578919834e-05, 2.03748513741e-05, 5.94680022914e-06, 1.94593440028e-06, 3.40204724125e-06, 2.28821227211e-06, 3.92225274481e-06, 3.020875738e-06, 3.12494012178e-06, 4.18418949266e-06, 2.39968312599e-06, 1.73674027337e-06, 2.5916776849e-06, 3.38850622938e-06, 1.4439011693e-06, 7.22092750038e-07, 5.23009020981e-07, 8.06093737538e-07, 2.0921591215e-07, 1.22298797578e-06, 1.06898710328e-06, 7.70337805989e-07, 6.75850060361e-07, 3.75335673652e-07, 3.5021892586e-07, 1.70739170358e-07, 4.07600566632e-08, 7.27701490177e-08, 2.19145633196e-07, 2.04483498578e-07, 9.6936773275e-08, 2.43967377855e-07, 1.61106569863e-07, 1.21237320627e-07, 1.07023808482e-07, 5.60294366458e-10, 1.50242075725e-11, 3.74244558954e-11],
