{
"highlevel": {
    "danceability": {
        "all": {
            "danceable": 0.167179763317,
            "not_danceable": 0.832820236683
        },
        "probability": 0.832820236683,
        "value": "not_danceable"
    },
    "gender": {
        "all": {
            "female": 0.424187898636,
            "male": 0.575812101364
        },
        "probability": 0.575812101364,
        "value": "male"
    },
    "genre_dortmund": {
        "all": {
            "alternative": 0.212677404284,
            "blues": 0.0071168593131,
            "electronic": 0.0158755667508,
            "folkcountry": 0.343868434429,
            "funksoulrnb": 0.0113909207284,
            "jazz": 0.0594184435904,
            "pop": 0.122593715787,
            "raphiphop": 0.00299200089648,
            "rock": 0.224066659808
        },
        "probability": 0.343868434429,
        "value": "folkcountry"
    },
    "genre_electronic": {
        "all": {
            "ambient": 0.553711771965,
            "dnb": 0.147890478373,
            "house": 0.209892645478,
            "techno": 0.0155177516863,
            "trance": 0.0729873403907
        },
        "probability": 0.553711771965,
        "value": "ambient"
    },
    "genre_rosamerica": {
        "all": {
            "cla": 0.00444130087271,
            "dan": 0.0137726990506,
            "hip": 0.00679654348642,
            "jaz": 0.00919499713928,
            "pop": 0.471911370754,
            "rhy": 0.473927348852,
            "roc": 0.0178831890225,
            "spe": 0.0020725436043
        },
        "probability": 0.473927348852,
        "value": "rhy"
    },
    "genre_tzanetakis": {
        "all": {
            "blu": 0.0642214938998,
            "cla": 0.0356696359813,
            "cou": 0.0802658647299,
            "dis": 0.0642494857311,
            "hip": 0.160689160228,
            "jaz": 0.321663022041,
            "met": 0.0643127858639,
            "pop": 0.0642928555608,
            "reg": 0.064283400774,
            "roc": 0.0803522914648
        },
        "probability": 0.321663022041,
        "value": "jaz"
    },
    "ismir04_rhythm": {
        "all": {
            "ChaChaCha": 0.0984112098813,
            "Jive": 0.184258207679,
            "Quickstep": 0.145201891661,
            "Rumba-American": 0.0143687669188,
            "Rumba-International": 0.159866034985,
            "Rumba-Misc": 0.0321295410395,
            "Samba": 0.0560717247427,
            "Tango": 0.0191580820829,
            "VienneseWaltz": 0.265041947365,
            "Waltz": 0.0254925712943
        },
        "probability": 0.265041947365,
        "value": "VienneseWaltz"
    },
    "mood_acoustic": {
        "all": {
            "acoustic": 0.234573990107,
            "not_acoustic": 0.765425980091
        },
        "probability": 0.765425980091,
        "value": "not_acoustic"
    },
    "mood_aggressive": {
        "all": {
            "aggressive": 0.259634554386,
            "not_aggressive": 0.740365445614
        },
        "probability": 0.740365445614,
        "value": "not_aggressive"
    },
    "mood_electronic": {
        "all": {
            "electronic": 0.365879178047,
            "not_electronic": 0.634120821953
        },
        "probability": 0.634120821953,
        "value": "not_electronic"
    },
    "mood_happy": {
        "all": {
            "happy": 0.78710347414,
            "not_happy": 0.212896510959
        },
        "probability": 0.78710347414,
        "value": "happy"
    },
    "mood_party": {
        "all": {
            "not_party": 0.869695305824,
            "party": 0.130304679275
        },
        "probability": 0.869695305824,
        "value": "not_party"
    },
    "mood_relaxed": {
        "all": {
            "not_relaxed": 0.0292732268572,
            "relaxed": 0.970726788044
        },
        "probability": 0.970726788044,
        "value": "relaxed"
    },
    "mood_sad": {
        "all": {
            "not_sad": 0.158140107989,
            "sad": 0.84185987711
        },
        "probability": 0.84185987711,
        "value": "sad"
    },
    "moods_mirex": {
        "all": {
            "Cluster1": 0.177951946855,
            "Cluster2": 0.474475860596,
            "Cluster3": 0.253129601479,
            "Cluster4": 0.0643787756562,
            "Cluster5": 0.0300638284534
        },
        "probability": 0.474475860596,
        "value": "Cluster2"
    },
    "timbre": {
        "all": {
            "bright": 0.865630984306,
            "dark": 0.134369000793
        },
        "probability": 0.865630984306,
        "value": "bright"
    },
    "tonal_atonal": {
        "all": {
            "atonal": 0.00397929735482,
            "tonal": 0.996020674706
        },
        "probability": 0.996020674706,
        "value": "tonal"
    },
    "voice_instrumental": {
        "all": {
            "instrumental": 0.00012102456094,
            "voice": 0.999879002571
        },
        "probability": 0.999879002571,
        "value": "voice"
    }
},
"lowlevel": {
    "average_loudness": 0.942033708096,
    "barkbands_crest": {
        "dmean": 2.25635576248,
        "dmean2": 3.7138543129,
        "dvar": 4.15995073318,
        "dvar2": 11.0383644104,
        "max": 22.9491291046,
        "mean": 8.8861618042,
        "median": 8.27272891998,
        "min": 3.43477773666,
        "var": 9.87730979919
    },
    "barkbands_flatness_db": {
        "dmean": 0.0173251479864,
        "dmean2": 0.02596206218,
        "dvar": 0.000241434609052,
        "dvar2": 0.000486640725285,
        "max": 0.258540809155,
        "mean": 0.13343308866,
        "median": 0.131637349725,
        "min": 0.0446190573275,
        "var": 0.00113578757737
    },
    "barkbands_kurtosis": {
        "dmean": 2.48925948143,
        "dmean2": 3.82351899147,
        "dvar": 8.97902202606,
        "dvar2": 18.9664859772,
        "max": 45.7882766724,
        "mean": 5.46979427338,
        "median": 4.0765247345,
        "min": -1.90169322491,
        "var": 30.9499778748
    },
    "barkbands_skewness": {
        "dmean": 0.416998505592,
        "dmean2": 0.646134853363,
        "dvar": 0.177629470825,
        "dvar2": 0.357410907745,
        "max": 6.00573682785,
        "mean": 1.94334745407,
        "median": 1.96186077595,
        "min": -1.79910516739,
        "var": 0.798788785934
    },
    "barkbands_spread": {
        "dmean": 6.49944162369,
        "dmean2": 9.54835700989,
        "dvar": 64.1984939575,
        "dvar2": 127.105392456,
        "max": 94.9615783691,
        "mean": 24.3939819336,
        "median": 20.1982250214,
        "min": 3.16395759583,
        "var": 246.067428589
    },
    "dissonance": {
        "dmean": 0.0218726433814,
        "dmean2": 0.0365494713187,
        "dvar": 0.000340055208653,
        "dvar2": 0.000927087676246,
        "max": 0.499105900526,
        "mean": 0.452581435442,
        "median": 0.45774692297,
        "min": 0.340394496918,
        "var": 0.000803457689472
    },
    "dynamic_complexity": 2.09216594696,
    "erbbands_crest": {
        "dmean": 2.54377913475,
        "dmean2": 4.07479095459,
        "dvar": 5.86231660843,
        "dvar2": 14.6197166443,
        "max": 27.8288440704,
        "mean": 9.2655134201,
        "median": 8.16980266571,
        "min": 2.07776856422,
        "var": 19.2008266449
    },
    "erbbands_flatness_db": {
        "dmean": 0.0156136434525,
        "dmean2": 0.022847160697,
        "dvar": 0.000212097758777,
        "dvar2": 0.000428627768997,
        "max": 0.248634427786,
        "mean": 0.142028540373,
        "median": 0.140690624714,
        "min": 0.0610369890928,
        "var": 0.000932614551857
    },
    "erbbands_kurtosis": {
        "dmean": 1.15337884426,
        "dmean2": 1.77690219879,
        "dvar": 2.26606535912,
        "dvar2": 5.20568990707,
        "max": 16.2019081116,
        "mean": 0.696121752262,
        "median": 0.0402796268463,
        "min": -1.80018496513,
        "var": 5.49059772491
    },
    "erbbands_skewness": {
        "dmean": 0.393328487873,
        "dmean2": 0.586508393288,
        "dvar": 0.148270025849,
        "dvar2": 0.288837403059,
        "max": 3.67263484001,
        "mean": 0.910776913166,
        "median": 0.95394641161,
        "min": -3.63428092003,
        "var": 0.715292751789
    },
    "erbbands_spread": {
        "dmean": 10.8552093506,
        "dmean2": 16.2407550812,
        "dvar": 134.238800049,
        "dvar2": 281.343414307,
        "max": 126.189041138,
        "mean": 53.5434265137,
        "median": 50.9294891357,
        "min": 12.5635643005,
        "var": 426.199279785
    },
    "hfc": {
        "dmean": 10.5100831985,
        "dmean2": 14.0166006088,
        "dvar": 390.96282959,
        "dvar2": 687.952209473,
        "max": 338.239135742,
        "mean": 29.4147777557,
        "median": 18.9745159149,
        "min": 1.61699044704,
        "var": 1261.80334473
    },
    "melbands_crest": {
        "dmean": 2.79979705811,
        "dmean2": 4.65288972855,
        "dvar": 6.20174646378,
        "dvar2": 16.2024917603,
        "max": 28.0579242706,
        "mean": 12.0092058182,
        "median": 11.0863370895,
        "min": 4.35453033447,
        "var": 16.8836116791
    },
    "melbands_flatness_db": {
        "dmean": 0.0203587338328,
        "dmean2": 0.0299381837249,
        "dvar": 0.000386809551856,
        "dvar2": 0.000708369363565,
        "max": 0.313974380493,
        "mean": 0.177625149488,
        "median": 0.17355915904,
        "min": 0.0616173110902,
        "var": 0.00218373653479
    },
    "melbands_kurtosis": {
        "dmean": 5.68809270859,
        "dmean2": 9.14177894592,
        "dvar": 42.9332542419,
        "dvar2": 101.846038818,
        "max": 91.5135650635,
        "mean": 17.2773704529,
        "median": 15.2640762329,
        "min": -1.58775472641,
        "var": 120.910652161
    },
    "melbands_skewness": {
        "dmean": 0.567988991737,
        "dmean2": 0.893419742584,
        "dvar": 0.31171002984,
        "dvar2": 0.720265328884,
        "max": 7.36341762543,
        "mean": 3.06814217567,
        "median": 3.0081987381,
        "min": 0.550431668758,
        "var": 1.05394256115
    },
    "melbands_spread": {
        "dmean": 6.69811534882,
        "dmean2": 9.80087947845,
        "dvar": 149.051620483,
        "dvar2": 244.461700439,
        "max": 237.880096436,
        "mean": 22.235868454,
        "median": 16.5594177246,
        "min": 2.70348978043,
        "var": 510.124481201
    },
    "pitch_salience": {
        "dmean": 0.0593628846109,
        "dmean2": 0.0993798226118,
        "dvar": 0.00260111945681,
        "dvar2": 0.00669534318149,
        "max": 0.832335054874,
        "mean": 0.608941197395,
        "median": 0.615469634533,
        "min": 0.311543703079,
        "var": 0.00659890566021
    },
    "silence_rate_20dB": {
        "dmean": 0,
        "dmean2": 0,
        "dvar": 0,
        "dvar2": 0,
        "max": 1,
        "mean": 1,
        "median": 1,
        "min": 1,
        "var": 0
    },
    "silence_rate_30dB": {
        "dmean": 0,
        "dmean2": 0,
        "dvar": 0,
        "dvar2": 0,
        "max": 1,
        "mean": 1,
        "median": 1,
        "min": 1,
        "var": 0
    },
    "silence_rate_60dB": {
        "dmean": 0,
        "dmean2": 0,
        "dvar": 0,
        "dvar2": 0,
        "max": 0,
        "mean": 0,
        "median": 0,
        "min": 0,
        "var": 0
    },
    "spectral_centroid": {
        "dmean": 249.188735962,
        "dmean2": 369.047729492,
        "dvar": 87075.140625,
        "dvar2": 162576.015625,
        "max": 4452.02197266,
        "mean": 1171.54174805,
        "median": 1038.32263184,
        "min": 345.374450684,
        "var": 389901.90625
    },
    "spectral_complexity": {
        "dmean": 3.25,
        "dmean2": 4.8698682785,
        "dvar": 14.1333208084,
        "dvar2": 28.184419632,
        "max": 50,
        "mean": 17.2467136383,
        "median": 16,
        "min": 4,
        "var": 46.734954834
    },
    "spectral_decrease": {
        "dmean": 1.59309254677e-09,
        "dmean2": 2.46383979885e-09,
        "dvar": 2.90707828634e-18,
        "dvar2": 6.11974066561e-18,
        "max": -8.04366018237e-10,
        "mean": -6.75702516162e-09,
        "median": -6.08098016386e-09,
        "min": -2.05133492415e-08,
        "var": 1.15194793378e-17
    },
    "spectral_energy": {
        "dmean": 0.00664178049192,
        "dmean2": 0.0102385161445,
        "dvar": 5.11499674758e-05,
        "dvar2": 0.000103276775917,
        "max": 0.0828199610114,
        "mean": 0.0281705576926,
        "median": 0.025142820552,
        "min": 0.0035607686732,
        "var": 0.000205199801712
    },
    "spectral_energyband_high": {
        "dmean": 0.00111627508886,
        "dmean2": 0.00151842599735,
        "dvar": 6.12323492533e-06,
        "dvar2": 1.05428207462e-05,
        "max": 0.0406534634531,
        "mean": 0.00232401792891,
        "median": 0.000958557473496,
        "min": 1.88686699403e-05,
        "var": 1.79443995876e-05
    },
    "spectral_energyband_low": {
        "dmean": 0.00206204899587,
        "dmean2": 0.00340981828049,
        "dvar": 1.17990084618e-05,
        "dvar2": 2.69894862868e-05,
        "max": 0.044231235981,
        "mean": 0.00556507706642,
        "median": 0.00433412427083,
        "min": 5.44012873434e-05,
        "var": 2.46494128078e-05
    },
    "spectral_energyband_middle_high": {
        "dmean": 0.00109325663652,
        "dmean2": 0.00152147992048,
        "dvar": 3.32727199748e-06,
        "dvar2": 6.21887147645e-06,
        "max": 0.0257223378867,
        "mean": 0.00309985573404,
        "median": 0.00183997186832,
        "min": 0.000129774271045,
        "var": 1.18059970191e-05
    },
    "spectral_energyband_middle_low": {
        "dmean": 0.0052579427138,
        "dmean2": 0.00806941557676,
        "dvar": 3.26478075294e-05,
        "dvar2": 7.70917031332e-05,
        "max": 0.0761325135827,
        "mean": 0.0182532519102,
        "median": 0.0153644932434,
        "min": 0.00183266040403,
        "var": 0.000125748207211
    },
    "spectral_entropy": {
        "dmean": 0.174057021737,
        "dmean2": 0.245287507772,
        "dvar": 0.0311600379646,
        "dvar2": 0.0588829442859,
        "max": 8.61357593536,
        "mean": 7.56951999664,
        "median": 7.54042434692,
        "min": 6.39148664474,
        "var": 0.131096914411
    },
    "spectral_flux": {
        "dmean": 0.0185233037919,
        "dmean2": 0.0274815782905,
        "dvar": 0.000362593651516,
        "dvar2": 0.000812606711406,
        "max": 0.213220790029,
        "mean": 0.0808843299747,
        "median": 0.0734220668674,
        "min": 0.0178078021854,
        "var": 0.00133490667213
    },
    "spectral_kurtosis": {
        "dmean": 0.899434447289,
        "dmean2": 1.41909408569,
        "dvar": 0.799889087677,
        "dvar2": 1.87610137463,
        "max": 11.9516115189,
        "mean": 2.07006931305,
        "median": 1.79523992538,
        "min": -1.17664575577,
        "var": 2.47110199928
    },
    "spectral_rms": {
        "dmean": 0.000613806128968,
        "dmean2": 0.000936642230954,
        "dvar": 3.72440780438e-07,
        "dvar2": 7.31650516173e-07,
        "max": 0.00898887962103,
        "mean": 0.00507071753964,
        "median": 0.00495273480192,
        "min": 0.00186384574044,
        "var": 1.7713273337e-06
    },
    "spectral_rolloff": {
        "dmean": 647.74822998,
        "dmean2": 1047.15563965,
        "dvar": 1421086.75,
        "dvar2": 2877327.25,
        "max": 10809.6679688,
        "mean": 1600.45129395,
        "median": 753.662109375,
        "min": 215.33203125,
        "var": 3723435.75
    },
    "spectral_skewness": {
        "dmean": 0.180605381727,
        "dmean2": 0.268370389938,
        "dvar": 0.0317697748542,
        "dvar2": 0.0609041377902,
        "max": 2.73332738876,
        "mean": 1.26473593712,
        "median": 1.25606358051,
        "min": -0.0418247133493,
        "var": 0.15091009438
    },
    "spectral_spread": {
        "dmean": 671116.3125,
        "dmean2": 966156.875,
        "dvar": 774107299840,
        "dvar2": 1.5659260969e+12,
        "max": 16381943,
        "mean": 5812498,
        "median": 5601865,
        "min": 3354757.75,
        "var": 1.72706797978e+12
    },
    "spectral_strongpeak": {
        "dmean": 0.555000901222,
        "dmean2": 0.905112624168,
        "dvar": 0.937701702118,
        "dvar2": 2.30291867256,
        "max": 15.5955953598,
        "mean": 1.15293931961,
        "median": 0.80218154192,
        "min": 0,
        "var": 1.49526810646
    },
    "zerocrossingrate": {
        "dmean": 0.0132304569706,
        "dmean2": 0.0146336872131,
        "dvar": 0.000224359813728,
        "dvar2": 0.0002270371333,
        "max": 0.30908203125,
        "mean": 0.0734695270658,
        "median": 0.06494140625,
        "min": 0.017578125,
        "var": 0.00174979504663
    },
    "barkbands": {
        "dmean": [0.000226662945352, 0.000958927441388, 0.000966955150943, 0.00101599481422, 0.00200614775531, 0.00236253719777, 0.00099856138695, 0.00157375214621, 0.00125150335953, 0.000329541129759, 0.000228395263548, 0.000246825220529, 0.000235984567553, 0.000147002763697, 0.000107997009763, 6.79531149217e-05, 9.08666988835e-05, 0.000137206661748, 0.000202869836357, 0.000162594398716, 0.000188411693671, 0.000309843948344, 0.000388709973777, 0.000266427377937, 0.000138396935654, 3.37199453497e-05, 9.7627200546e-08],
        "dmean2": [0.000401302386308, 0.00153555138968, 0.00163849175442, 0.00182930170558, 0.00325146806426, 0.00374346459284, 0.00163181731477, 0.00238345749676, 0.00189583271276, 0.000481678696815, 0.000331590679707, 0.000361622223863, 0.000330751790898, 0.000216635045945, 0.00016556805349, 0.000104610408016, 0.00013909660629, 0.000218898290768, 0.000321375933709, 0.000246149371378, 0.000292859534966, 0.000454241497209, 0.000564975955058, 0.000388002139516, 0.000190760678379, 5.17603766639e-05, 1.65714993727e-07],
        "dvar": [4.45988575848e-07, 5.57181147087e-06, 2.10662597055e-06, 2.10024791159e-06, 9.41669713939e-06, 7.69724829297e-06, 2.72777538157e-06, 1.43294182635e-05, 8.84853670868e-06, 7.58239309562e-07, 3.16345222018e-07, 4.98069823607e-07, 5.64372612644e-07, 1.59119210252e-07, 6.08900450061e-08, 5.1160860437e-08, 3.77501230275e-08, 7.8032165618e-08, 2.04849129659e-07, 1.44709488836e-07, 1.39123613963e-07, 3.80063710281e-07, 1.23475160763e-06, 5.98752535552e-07, 2.39981915229e-07, 1.0545182505e-08, 3.97020524096e-13],
        "dvar2": [1.38257735216e-06, 1.29419986479e-05, 5.98525639361e-06, 6.43902876618e-06, 2.25845487876e-05, 1.86341476365e-05, 7.39312918085e-06, 3.10025643557e-05, 1.90730970644e-05, 1.34246363359e-06, 6.31863258604e-07, 1.07078494693e-06, 1.11513566026e-06, 3.18852130476e-07, 1.12204091351e-07, 1.15380210275e-07, 7.68581429611e-08, 1.83873481774e-07, 5.20680885074e-07, 3.01512784517e-07, 3.10056776698e-07, 7.61326418797e-07, 2.35581478591e-06, 1.22887183807e-06, 3.87400604041e-07, 2.01742995642e-08, 1.03067760489e-12],
        "max": [0.00706727663055, 0.0335725434124, 0.0163150317967, 0.0202334932983, 0.0466665104032, 0.0533572249115, 0.027051653713, 0.055469404906, 0.0347410216928, 0.0239736959338, 0.0105170551687, 0.0156739559025, 0.011776952073, 0.00784114189446, 0.00671836780384, 0.00696999486536, 0.00439148582518, 0.00421582022682, 0.0094324266538, 0.00803191494197, 0.0056175510399, 0.0109703857452, 0.0223978105932, 0.0137765035033, 0.0170230735093, 0.00279455631971, 1.21658085845e-05],
        "mean": [0.000245642324444, 0.00260388711467, 0.00180690269917, 0.00165606150404, 0.004065037705, 0.00531328003854, 0.00202667969279, 0.00275390176103, 0.00211087428033, 0.000644779065624, 0.00039513988304, 0.000452143460279, 0.000362171907909, 0.000249087112024, 0.000189816870261, 0.00011547691247, 0.000147864353494, 0.000214732717723, 0.000337809615303, 0.000263047986664, 0.000320372259011, 0.000561897002626, 0.000652018468827, 0.000436115049524, 0.000204342839424, 4.13976013078e-05, 8.10466715961e-08],
        "median": [6.78196156514e-05, 0.00151740084402, 0.00134725042153, 0.00103481847327, 0.00285482127219, 0.00400248356164, 0.00139057578053, 0.000826652394608, 0.000554833561182, 0.000224716088269, 0.00011298944446, 0.000221419933951, 9.9896788015e-05, 9.54171628109e-05, 0.000105086466647, 6.25970351393e-05, 6.11415089224e-05, 0.000103695769212, 0.000162197480677, 0.000104763981653, 0.000127020917716, 0.000211697712075, 0.000221003501792, 0.000127675870317, 4.59842049167e-05, 7.56258032197e-06, 8.29102786426e-10],
        "min": [7.65557501836e-08, 1.09790098577e-05, 2.67639416052e-06, 8.2204978753e-06, 0.000101764213468, 4.48329810752e-05, 3.82204234484e-05, 1.33006324177e-05, 1.53886303451e-05, 6.31199554846e-06, 1.68091639807e-06, 1.56369583237e-06, 6.04869728704e-06, 2.93266498375e-06, 5.33819911652e-06, 4.54685186924e-06, 3.44851582668e-06, 4.94326650369e-06, 4.46548938271e-06, 2.58943509834e-06, 3.30239208779e-06, 3.23065751218e-06, 2.51879259849e-06, 1.76430535248e-06, 4.17904146843e-07, 2.58371241069e-10, 6.67260474305e-12],
        "var": [3.87411859037e-07, 1.03449738162e-05, 3.03667843582e-06, 3.86325473301e-06, 1.74930664798e-05, 2.56279108726e-05, 5.14874682267e-06, 3.49381189153e-05, 1.72236832441e-05, 3.23316726281e-06, 8.18545402126e-07, 8.29331327168e-07, 1.10203018266e-06, 3.96568253791e-07, 1.35695501058e-07, 6.46541167271e-08, 7.25676301272e-08, 1.20129271863e-07, 2.98049343428e-07, 2.95339702916e-07, 3.06494825963e-07, 8.50220715165e-07, 2.41133170675e-06, 1.28935914745e-06, 6.10097401932e-07, 1.79745978102e-08, 3.5426097277e-13]
    },
    "erbbands": {
        "dmean": [0.0297766942531, 0.220311239362, 0.852283775806, 2.63522267342, 2.74771165848, 7.6777806282, 17.5289077759, 21.0168380737, 19.5642681122, 10.4544725418, 43.6155319214, 29.8157501221, 14.5589094162, 7.43674468994, 9.57446098328, 9.61015319824, 10.6247758865, 7.99580430984, 5.30765867233, 4.27683496475, 3.92945766449, 4.46895074844, 6.91769647598, 6.61234474182, 12.331038475, 7.03640270233, 5.07099485397, 10.0085391998, 9.47314739227, 12.7439727783, 10.9016895294, 6.7259478569, 3.99796175957, 1.94299614429, 0.812884926796, 0.223117247224, 0.0508239269257, 0.00402498617768, 9.45494612097e-05, 1.51191616169e-05],
        "dmean2": [0.0486931204796, 0.354652732611, 1.4058958292, 4.69445419312, 4.70890235901, 12.5820922852, 28.1389465332, 33.1647567749, 33.550365448, 15.4206991196, 66.2925491333, 44.8020553589, 20.6080493927, 11.2288379669, 13.8418922424, 13.8855237961, 15.0104084015, 11.1712322235, 7.9348449707, 6.72218513489, 5.93858003616, 6.8083987236, 10.79799366, 10.6056127548, 19.4323005676, 10.6051979065, 7.7975692749, 15.1599578857, 13.86282444, 18.6761989594, 15.8987760544, 9.60235977173, 5.97551393509, 2.66617631912, 1.16569828987, 0.331791579723, 0.0809815824032, 0.00664139073342, 0.00014731977717, 2.19726262003e-05],
        "dvar": [0.00670527620241, 0.286740362644, 1.74998104572, 12.6200876236, 18.8705253601, 137.607589722, 630.623474121, 806.751708984, 751.19543457, 659.06060791, 10238.3115234, 5162.53759766, 1069.30554199, 271.356445312, 644.262756348, 593.483215332, 1448.15405273, 408.078063965, 152.361724854, 57.8463935852, 180.007720947, 96.5140609741, 170.982833862, 159.102340698, 827.04864502, 269.911712646, 137.278579712, 447.354431152, 374.172393799, 662.282653809, 1151.08569336, 412.107696533, 141.12928772, 42.2773017883, 9.94418239594, 0.798051953316, 0.0176237225533, 0.000137348484714, 5.9937931951e-08, 7.95280175048e-10],
        "dvar2": [0.0157079659402, 0.690692901611, 4.59916496277, 38.4276161194, 54.4970970154, 329.343963623, 1507.04956055, 1944.74133301, 2160.55566406, 1249.08190918, 23225.7285156, 11042.9833984, 1959.91186523, 601.382385254, 1318.11242676, 1314.2935791, 2893.94433594, 697.266723633, 295.174377441, 121.653663635, 390.550720215, 209.391845703, 370.284820557, 361.450134277, 2060.75024414, 540.067626953, 294.754364014, 995.069213867, 764.88684082, 1374.8157959, 2266.12011719, 765.729980469, 315.336090088, 70.7815170288, 18.1356678009, 1.31260848045, 0.0427490770817, 0.000372716283891, 1.42837478734e-07, 1.54586554668e-09],
        "max": [0.994665503502, 8.01515960693, 14.6917333603, 52.5560646057, 55.3471832275, 194.765380859, 325.956115723, 640.719177246, 442.783538818, 603.812683105, 1579.69165039, 865.631713867, 924.367980957, 262.612579346, 474.932830811, 448.116577148, 660.489257812, 458.744384766, 296.006866455, 171.623428345, 421.126617432, 171.040664673, 252.457351685, 232.108932495, 602.709350586, 347.657165527, 289.986236572, 361.548034668, 316.203765869, 320.401275635, 699.003051758, 489.572998047, 194.805557251, 225.704742432, 86.9671936035, 27.6534347534, 1.42313408852, 0.14029943943, 0.00405483134091, 0.000713217654265],
        "mean": [0.0654161274433, 0.614955246449, 1.86151111126, 4.57977342606, 5.1036772728, 14.4517879486, 37.5357894897, 42.5527648926, 39.1086997986, 22.8224468231, 77.9166946411, 51.1286201477, 31.2222824097, 15.0763921738, 18.1147689819, 18.5185699463, 17.6239795685, 15.5062217712, 9.55691146851, 8.12402534485, 6.87027359009, 7.87434387207, 11.722869873, 11.9857273102, 19.8506622314, 12.0326147079, 9.15330696106, 16.9076042175, 17.3899555206, 22.6296329498, 17.7402915955, 11.1109304428, 6.24468040466, 2.83120036125, 1.2232336998, 0.316398352385, 0.0543968826532, 0.0036503537558, 0.000120214477647, 4.59995862911e-05],
        "median": [0.0425408780575, 0.345345169306, 1.41025674343, 3.15226411819, 3.4514734745, 9.94552230835, 24.6457386017, 28.464630127, 27.6792373657, 14.3696022034, 24.1794929504, 14.0401115417, 11.804775238, 6.60851812363, 6.88499069214, 9.99027061462, 5.52388906479, 6.12925672531, 5.04179048538, 4.73709106445, 3.65342116356, 3.70927596092, 5.75308704376, 6.70449733734, 8.1580696106, 4.98166942596, 3.72992634773, 6.05430555344, 6.30872678757, 9.155377388, 6.22544384003, 3.79647421837, 1.67147195339, 0.671836018562, 0.250920891762, 0.0630900859833, 0.009530890733, 0.000502600218169, 3.64774095942e-05, 3.58123579645e-05],
        "min": [0.000285198620986, 0.00383154745214, 0.0121446847916, 0.0405639223754, 0.227790504694, 0.349701404572, 0.544998168945, 0.611132204533, 0.906643033028, 0.459369122982, 0.560019314289, 0.429601311684, 0.214472696185, 0.299783855677, 0.0863567739725, 0.134909510612, 0.479365080595, 0.215803489089, 0.369668036699, 0.300276398659, 0.299739331007, 0.272470712662, 0.353909313679, 0.286715775728, 0.204406052828, 0.116177991033, 0.115237437189, 0.149851247668, 0.103603728116, 0.0876243263483, 0.0614421367645, 0.050443045795, 0.0125845754519, 0.00564875639975, 0.00239112577401, 0.000159802249982, 7.5798279795e-06, 8.75804630596e-07, 2.52402787737e-06, 4.4631565288e-06],
        "var": [0.0084103634581, 0.614389419556, 2.86707282066, 25.9420337677, 26.3822231293, 252.627243042, 1603.76074219, 2811.74438477, 1382.21313477, 1317.80029297, 25573.6933594, 10853.5058594, 4850.69042969, 682.118408203, 1469.21020508, 958.963195801, 2693.9440918, 1397.01416016, 291.809326172, 139.777389526, 258.585296631, 178.61882019, 337.186157227, 246.830459595, 1234.06140137, 602.410827637, 290.797393799, 950.622802734, 842.83770752, 1423.68603516, 2127.45678711, 890.971740723, 285.535980225, 105.832946777, 22.1897735596, 1.63426089287, 0.0184664782137, 0.000105028950202, 7.51661843879e-08, 1.98225702519e-09]
    },
    "gfcc": {
        "mean": [25.8065490723, 88.5169906616, -104.320648193, 44.4564437866, -91.7852401733, 17.525188446, -46.1506881714, 6.86093902588, -20.9816474915, 2.1781938076, -8.36450386047, 0.638746619225, -11.0638189316],
        "cov": [[1816.68127441, -912.96697998, -61.7242469788, -27.5365409851, -198.890869141, 70.1158599854, 31.1513671875, 92.7110748291, -136.370605469, 48.0144348145, -131.083389282, 104.018600464, -119.963127136], [-912.96697998, 891.390197754, -74.765663147, -4.637342453, 136.57723999, -32.9854545593, 82.6569137573, -76.3165206909, 133.498779297, -85.8409957886, 98.117729187, -112.858009338, 77.4072647095], [-61.7242469788, -74.765663147, 375.475738525, 66.3888931274, 86.8368988037, 41.7280311584, -50.7351608276, 32.3728904724, -37.979724884, 60.8284568787, -10.8289451599, 27.8866214752, -15.8999052048], [-27.5365409851, -4.637342453, 66.3888931274, 200.912384033, 25.2716598511, 0.520050764084, 9.07126140594, -2.81310892105, 16.1755695343, -2.75742864609, 36.9858856201, -4.86194658279, 19.3469753265], [-198.890869141, 136.57723999, 86.8368988037, 25.2716598511, 170.130325317, 35.8469238281, -13.8818206787, 2.65085029602, 5.71846580505, 14.5410032272, -2.79289793968, -0.0316728763282, 5.95136833191], [70.1158599854, -32.9854545593, 41.7280311584, 0.520050764084, 35.8469238281, 147.416717529, 31.4176635742, -5.47057104111, -2.32073545456, 3.1996846199, -4.86417388916, -8.83678150177, -13.7731428146], [31.1513671875, 82.6569137573, -50.7351608276, 9.07126140594, -13.8818206787, 31.4176635742, 118.980018616, 8.24988079071, 20.7763137817, -14.1911315918, 11.3553686142, -13.7294464111, -13.6681499481], [92.7110748291, -76.3165206909, 32.3728904724, -2.81310892105, 2.65085029602, -5.47057104111, 8.24988079071, 80.1289901733, -4.89632463455, 10.4516077042, -10.398481369, 4.03990316391, -8.46754646301], [-136.370605469, 133.498779297, -37.979724884, 16.1755695343, 5.71846580505, -2.32073545456, 20.7763137817, -4.89632463455, 85.1969604492, -7.97847652435, 16.3893070221, -13.535112381, 11.8548192978], [48.0144348145, -85.8409957886, 60.8284568787, -2.75742864609, 14.5410032272, 3.1996846199, -14.1911315918, 10.4516077042, -7.97847652435, 74.6795272827, -3.42883300781, 20.329914093, -11.87931633], [-131.083389282, 98.117729187, -10.8289451599, 36.9858856201, -2.79289793968, -4.86417388916, 11.3553686142, -10.398481369, 16.3893070221, -3.42883300781, 82.0699768066, -1.61115765572, 14.0120372772], [104.018600464, -112.858009338, 27.8866214752, -4.86194658279, -0.0316728763282, -8.83678150177, -13.7294464111, 4.03990316391, -13.535112381, 20.329914093, -1.61115765572, 85.558052063, -4.63332223892], [-119.963127136, 77.4072647095, -15.8999052048, 19.3469753265, 5.95136833191, -13.7731428146, -13.6681499481, -8.46754646301, 11.8548192978, -11.87931633, 14.0120372772, -4.63332223892, 62.4765930176]],
        "icov": [[0.00144770008046, 0.00118199328426, 0.000488481018692, -0.000259212480159, 0.000511503953021, -0.000432605331298, -0.000876424310263, -0.00047997420188, 0.000535870087333, 0.000187299971003, 0.000884531997144, -0.000435879774159, 0.000822234957013], [0.00118199328426, 0.0070669548586, -0.00146977580152, 0.00376198091544, -0.00565439322963, 0.00385769293644, -0.00592878600582, 0.00485678017139, -0.0055433739908, 0.00492619769648, -0.0049130837433, 0.00544858025387, -0.00378051912412], [0.000488481018692, -0.00146977580152, 0.00511701777577, -0.0029482357204, 0.000580210064072, -0.00261026690714, 0.00305076362565, -0.00327363843098, 0.00336638721637, -0.00372457131743, 0.00226159067824, -0.00239579402842, 0.00253537041135], [-0.000259212480159, 0.00376198091544, -0.0029482357204, 0.00891467928886, -0.00437308289111, 0.0033494043164, -0.00429637543857, 0.00390231981874, -0.00480456789955, 0.00390859879553, -0.00619431352243, 0.00416254717857, -0.00457294424996], [0.000511503953021, -0.00565439322963, 0.000580210064072, -0.00437308289111, 0.013389211148, -0.00589518854395, 0.00555510586128, -0.00532188126817, 0.00494000175968, -0.00506954779848, 0.0063527864404, -0.0056752692908, 0.00366173731163], [-0.000432605331298, 0.00385769293644, -0.00261026690714, 0.0033494043164, -0.00589518854395, 0.01136562787, -0.00624944502488, 0.00530326226726, -0.00385516183451, 0.00339121697471, -0.00374401337467, 0.00496289646253, -0.00230899802409], [-0.000876424310263, -0.00592878600582, 0.00305076362565, -0.00429637543857, 0.00555510586128, -0.00624944502488, 0.0162567291409, -0.00645303633064, 0.00277529354207, -0.00313255772926, 0.00290892692283, -0.00413534464315, 0.00646339124069], [-0.00047997420188, 0.00485678017139, -0.00327363843098, 0.00390231981874, -0.00532188126817, 0.00530326226726, -0.00645303633064, 0.0185273271054, -0.00517793931067, 0.00302953692153, -0.00353589537553, 0.00512049207464, -0.00347394985147], [0.000535870087333, -0.0055433739908, 0.00336638721637, -0.00480456789955, 0.00494000175968, -0.00385516183451, 0.00277529354207, -0.00517793931067, 0.0198892652988, -0.00521384365857, 0.00424066185951, -0.00442457105964, 0.00278201885521], [0.000187299971003, 0.00492619769648, -0.00372457131743, 0.00390859879553, -0.00506954779848, 0.00339121697471, -0.00313255772926, 0.00302953692153, -0.00521384365857, 0.0205966997892, -0.00492508802563, 0.00155296840239, -0.000820939894766], [0.000884531997144, -0.0049130837433, 0.00226159067824, -0.00619431352243, 0.0063527864404, -0.00374401337467, 0.00290892692283, -0.00353589537553, 0.00424066185951, -0.00492508802563, 0.0201411191374, -0.00605095084757, 0.00229896558449], [-0.000435879774159, 0.00544858025387, -0.00239579402842, 0.00416254717857, -0.0056752692908, 0.00496289646253, -0.00413534464315, 0.00512049207464, -0.00442457105964, 0.00155296840239, -0.00605095084757, 0.0186177454889, -0.00418973201886], [0.000822234957013, -0.00378051912412, 0.00253537041135, -0.00457294424996, 0.00366173731163, -0.00230899802409, 0.00646339124069, -0.00347394985147, 0.00278201885521, -0.000820939894766, 0.00229896558449, -0.00418973201886, 0.0229051616043]]
    },
    "melbands": {
        "dmean": [0.000259609136265, 0.000376872107154, 0.000424968282459, 0.000313597935019, 0.000560296117328, 0.000457792426459, 0.000283248664346, 0.000137037364766, 0.000371609843569, 0.00016832552501, 7.02599645592e-05, 3.08126109303e-05, 3.33733732987e-05, 3.29378563038e-05, 1.95084321604e-05, 2.4306744308e-05, 1.43706893141e-05, 8.6056516011e-06, 8.12905182102e-06, 4.59784314444e-06, 5.14395242135e-06, 4.45585737907e-06, 7.1876520451e-06, 7.17535613148e-06, 5.43284659216e-06, 8.77788806974e-06, 8.82163749338e-06, 4.20421338276e-06, 3.20510412166e-06, 3.99349801228e-06, 7.06673017703e-06, 5.85105317441e-06, 6.10971346759e-06, 7.94452080299e-06, 6.56425117995e-06, 6.00317252974e-06, 3.66654967365e-06, 3.05448179461e-06, 2.39899782173e-06, 1.48390608956e-06],
        "dmean2": [0.000420291326009, 0.000614405493252, 0.000759052461945, 0.0005162358284, 0.000907180830836, 0.000725203077309, 0.000482187693706, 0.000195492364583, 0.000564776244573, 0.00025267933961, 9.86051163636e-05, 4.70046397822e-05, 4.79617920064e-05, 4.80255293951e-05, 2.92978493235e-05, 3.42557978001e-05, 2.04351999855e-05, 1.30042571982e-05, 1.23552799778e-05, 7.17416196494e-06, 7.93194067228e-06, 6.84315864419e-06, 1.12661682579e-05, 1.14180993478e-05, 8.73020508152e-06, 1.38856603371e-05, 1.38672585308e-05, 6.41979477223e-06, 4.92179242428e-06, 6.37913763057e-06, 1.08505373646e-05, 8.65567017172e-06, 9.04573516891e-06, 1.17199724627e-05, 9.89773525362e-06, 8.74211218616e-06, 5.33845923201e-06, 4.76679042549e-06, 3.4584252262e-06, 2.18347781811e-06],
        "dvar": [4.47397411563e-07, 3.93834483248e-07, 3.31319824909e-07, 1.96703595634e-07, 6.85329723638e-07, 3.50521730752e-07, 1.55712641003e-07, 1.19852316516e-07, 7.16561771696e-07, 1.67132824913e-07, 2.73021250052e-08, 5.50477086136e-09, 6.90495927103e-09, 1.08319078151e-08, 2.63311683568e-09, 6.39877040243e-09, 1.44027922921e-09, 4.78091233269e-10, 3.92269605687e-10, 1.43745362835e-10, 2.47603409997e-10, 1.10460425529e-10, 1.681100259e-10, 2.48086023946e-10, 1.14169174115e-10, 3.48267858996e-10, 4.27805652015e-10, 1.10020478838e-10, 7.35637523119e-11, 6.71624492132e-11, 2.86035334307e-10, 1.70375172304e-10, 1.66810468216e-10, 3.11229542138e-10, 4.02070571281e-10, 4.19353579639e-10, 1.12723566592e-10, 8.63298738052e-11, 6.16103279505e-11, 2.82499492549e-11],
        "dvar2": [1.02525814327e-06, 9.53498386025e-07, 9.9648707419e-07, 5.06171375037e-07, 1.6758624497e-06, 8.68282654665e-07, 4.45517883918e-07, 2.17001002056e-07, 1.70113878539e-06, 3.48486480561e-07, 4.90196576663e-08, 1.16376295267e-08, 1.30568951207e-08, 2.38806734387e-08, 5.73997915865e-09, 1.28819968026e-08, 2.65726995963e-09, 9.722403993e-10, 6.58004650766e-10, 3.16833587144e-10, 5.40439692998e-10, 2.31192509581e-10, 4.06416011955e-10, 5.64906343925e-10, 2.60867993873e-10, 9.00635510614e-10, 1.01738928393e-09, 2.16404880127e-10, 1.56314530764e-10, 1.67472563595e-10, 6.30372143373e-10, 3.75477010595e-10, 3.43326256314e-10, 6.95914714743e-10, 8.12813316653e-10, 8.5115159365e-10, 2.20355872438e-10, 1.98221342118e-10, 1.12576677147e-10, 5.53993274865e-11],
        "max": [0.00844868831336, 0.00809258688241, 0.00808499660343, 0.00618390319869, 0.00960698723793, 0.012757810764, 0.00632273452356, 0.0083626229316, 0.0129644265398, 0.00479254312813, 0.00454545300454, 0.00146355095785, 0.00163625879213, 0.00226759864017, 0.00085126113845, 0.00139677058905, 0.000868265633471, 0.00036525138421, 0.000526792427991, 0.000340741651598, 0.0004221618874, 0.000204725962249, 0.000195404543774, 0.000323097745422, 0.000205884221941, 0.000351218332071, 0.000358054792741, 0.00019680634432, 0.00025008135708, 0.000104732585896, 0.000302429078147, 0.000244793511229, 0.000278280203929, 0.000274429941783, 0.000332252151566, 0.000538305437658, 0.000202868977794, 0.000134189249366, 0.000223950090003, 0.000177484558662],
        "mean": [0.000662927690428, 0.000957986339927, 0.000784246542025, 0.000599541875999, 0.00119650259148, 0.000954389746767, 0.000574577425141, 0.000266555289272, 0.000646116561256, 0.000290955562377, 0.000147140890476, 5.75851518079e-05, 6.10457573202e-05, 5.76024540351e-05, 3.48187677446e-05, 3.92919755541e-05, 2.62195753749e-05, 1.39067178679e-05, 1.4201529666e-05, 8.03214970801e-06, 8.19000342744e-06, 7.04184594724e-06, 1.12417828859e-05, 1.06269353637e-05, 9.11881033971e-06, 1.40966585604e-05, 1.29087175083e-05, 6.86341900291e-06, 5.28973077962e-06, 6.45472073302e-06, 1.13029873319e-05, 9.65249637375e-06, 1.07164323708e-05, 1.31528431666e-05, 1.01486866697e-05, 9.32432703848e-06, 5.80911864745e-06, 4.52099220638e-06, 3.42269618159e-06, 2.04080288313e-06],
        "median": [0.000399940094212, 0.000732493819669, 0.000572308781557, 0.000378341239411, 0.000829404860269, 0.000671519432217, 0.000408836058341, 0.000138393501402, 0.000181816038094, 7.4915078585e-05, 5.17185108038e-05, 2.31711092056e-05, 2.09112804441e-05, 2.50245066127e-05, 1.53370347107e-05, 1.15941611512e-05, 9.92818604573e-06, 6.6468451223e-06, 7.46984505895e-06, 4.64836375613e-06, 3.72700947082e-06, 3.12943984682e-06, 4.69555425298e-06, 4.72835608889e-06, 4.99630368722e-06, 6.61346984998e-06, 4.74789885629e-06, 2.54354927165e-06, 1.93055393538e-06, 2.53795246863e-06, 3.44482305081e-06, 3.05241724163e-06, 4.40221037934e-06, 5.01273052578e-06, 3.23695940097e-06, 2.99208909382e-06, 1.56981923283e-06, 1.12556028853e-06, 8.50233902838e-07, 4.1761961711e-07],
        "min": [2.92815661851e-06, 8.11172685644e-06, 6.13680185779e-06, 1.37550314321e-05, 1.9206374418e-05, 8.2372343968e-06, 1.27380344566e-05, 3.9399014895e-06, 2.96272310152e-06, 2.07022503673e-06, 5.54326049951e-07, 1.12012401132e-06, 2.48175297202e-07, 2.62995598632e-07, 5.8881039422e-07, 6.94087191278e-07, 3.03987349071e-07, 2.3254659709e-07, 3.22233262295e-07, 3.51508788299e-07, 2.12354891005e-07, 1.66500825571e-07, 9.82892629509e-08, 1.38877695122e-07, 2.06934458902e-07, 1.37105203635e-07, 9.9428440592e-08, 4.95224057318e-08, 4.53994424277e-08, 5.79599728212e-08, 6.09370971461e-08, 5.74450709223e-08, 4.67965044493e-08, 4.66872727145e-08, 3.48612232415e-08, 2.20884164293e-08, 1.6584850826e-08, 4.77983341796e-09, 2.7899258459e-09, 2.29563412724e-09],
