{
"highlevel": {
    "danceability": {
        "all": {
            "danceable": 8.21868226808e-08,
            "not_danceable": 0.999999940395
        },
        "probability": 0.999999940395,
        "value": "not_danceable"
    },
    "gender": {
        "all": {
            "female": 0.547557294369,
            "male": 0.452442705631
        },
        "probability": 0.547557294369,
        "value": "female"
    },
    "genre_dortmund": {
        "all": {
            "alternative": 0.241186022758,
            "blues": 0.00754172261804,
            "electronic": 0.147149831057,
            "folkcountry": 0.0453712306917,
            "funksoulrnb": 0.00329754897393,
            "jazz": 0.00273470440879,
            "pop": 0.0346231982112,
            "raphiphop": 0.00157291220967,
            "rock": 0.516522824764
        },
        "probability": 0.516522824764,
        "value": "rock"
    },
    "genre_electronic": {
        "all": {
            "ambient": 0.237941771746,
            "dnb": 0.0758915320039,
            "house": 0.019070988521,
            "techno": 0.0112173715606,
            "trance": 0.655878305435
        },
        "probability": 0.655878305435,
        "value": "trance"
    },
    "genre_rosamerica": {
        "all": {
            "cla": 0.000274672260275,
            "dan": 3.91878238588e-05,
            "hip": 2.60236083705e-05,
            "jaz": 5.66560411244e-05,
            "pop": 7.6494528912e-05,
            "rhy": 7.21564720152e-05,
            "roc": 0.999447584152,
            "spe": 7.19583022146e-06
        },
        "probability": 0.999447584152,
        "value": "roc"
    },
    "genre_tzanetakis": {
        "all": {
            "blu": 0.0626613423228,
            "cla": 0.0348169617355,
            "cou": 0.104475811124,
            "dis": 0.0784321576357,
            "hip": 0.15692435205,
            "jaz": 0.313974827528,
            "met": 0.0448166541755,
            "pop": 0.0627359300852,
            "reg": 0.0627360641956,
            "roc": 0.0784258767962
        },
        "probability": 0.313974827528,
        "value": "jaz"
    },
    "ismir04_rhythm": {
        "all": {
            "ChaChaCha": 0.0464192740619,
            "Jive": 0.355142802,
            "Quickstep": 0.0229930207133,
            "Rumba-American": 0.014274828136,
            "Rumba-International": 0.0185864530504,
            "Rumba-Misc": 0.00491691660136,
            "Samba": 0.0725022405386,
            "Tango": 0.0422791466117,
            "VienneseWaltz": 0.40379551053,
            "Waltz": 0.019089801237
        },
        "probability": 0.40379551053,
        "value": "VienneseWaltz"
    },
    "mood_acoustic": {
        "all": {
            "acoustic": 0.00311551732011,
            "not_acoustic": 0.996884465218
        },
        "probability": 0.996884465218,
        "value": "not_acoustic"
    },
    "mood_aggressive": {
        "all": {
            "aggressive": 0.987790942192,
            "not_aggressive": 0.0122090475634
        },
        "probability": 0.987790942192,
        "value": "aggressive"
    },
    "mood_electronic": {
        "all": {
            "electronic": 0.287542313337,
            "not_electronic": 0.712457716465
        },
        "probability": 0.712457716465,
        "value": "not_electronic"
    },
    "mood_happy": {
        "all": {
            "happy": 0.979500293732,
            "not_happy": 0.0204996857792
        },
        "probability": 0.979500293732,
        "value": "happy"
    },
    "mood_party": {
        "all": {
            "not_party": 0.535924732685,
            "party": 0.464075267315
        },
        "probability": 0.535924732685,
        "value": "not_party"
    },
    "mood_relaxed": {
        "all": {
            "not_relaxed": 0.991391718388,
            "relaxed": 0.00860830023885
        },
        "probability": 0.991391718388,
        "value": "not_relaxed"
    },
    "mood_sad": {
        "all": {
            "not_sad": 0.867263913155,
            "sad": 0.132736101747
        },
        "probability": 0.867263913155,
        "value": "not_sad"
    },
    "moods_mirex": {
        "all": {
            "Cluster1": 0.46684718132,
            "Cluster2": 0.0629607588053,
            "Cluster3": 0.23506103456,
            "Cluster4": 0.0420067720115,
            "Cluster5": 0.193124249578
        },
        "probability": 0.46684718132,
        "value": "Cluster1"
    },
    "timbre": {
        "all": {
            "bright": 0.678009688854,
            "dark": 0.321990311146
        },
        "probability": 0.678009688854,
        "value": "bright"
    },
    "tonal_atonal": {
        "all": {
            "atonal": 0.000189124315511,
            "tonal": 0.999810874462
        },
        "probability": 0.999810874462,
        "value": "tonal"
    },
    "voice_instrumental": {
        "all": {
            "instrumental": 0.00218787766062,
            "voice": 0.997812151909
        },
        "probability": 0.997812151909,
        "value": "voice"
    }
},
"lowlevel": {
    "average_loudness": 0.987907648087,
    "barkbands_crest": {
        "dmean": 2.53803348541,
        "dmean2": 4.21250200272,
        "dvar": 3.99327135086,
        "dvar2": 10.9857873917,
        "max": 20.231546402,
        "mean": 8.36806106567,
        "median": 8.05539131165,
        "min": 2.84069538116,
        "var": 7.66926383972
    },
    "barkbands_flatness_db": {
        "dmean": 0.0191719103605,
        "dmean2": 0.0318880751729,
        "dvar": 0.000234653125517,
        "dvar2": 0.000640689220745,
        "max": 0.221311241388,
        "mean": 0.136853858829,
        "median": 0.136794149876,
        "min": 0.0574752949178,
        "var": 0.000532324134838
    },
    "barkbands_kurtosis": {
        "dmean": 1.11398351192,
        "dmean2": 1.93938982487,
        "dvar": 1.44474995136,
        "dvar2": 3.94733285904,
        "max": 9.69697856903,
        "mean": 0.397584289312,
        "median": -0.0407247543335,
        "min": -1.61841869354,
        "var": 2.34246087074
    },
    "barkbands_skewness": {
        "dmean": 0.443571448326,
        "dmean2": 0.753146290779,
        "dvar": 0.127025306225,
        "dvar2": 0.36345243454,
        "max": 3.10350871086,
        "mean": 1.06635212898,
        "median": 1.01509726048,
        "min": -0.271911978722,
        "var": 0.287170916796
    },
    "barkbands_spread": {
        "dmean": 4.08745479584,
        "dmean2": 6.86501407623,
        "dvar": 12.7043762207,
        "dvar2": 32.8817520142,
        "max": 54.7506980896,
        "mean": 25.8581943512,
        "median": 25.3377475739,
        "min": 10.2652273178,
        "var": 34.1486282349
    },
    "dissonance": {
        "dmean": 0.0128149855882,
        "dmean2": 0.0217018518597,
        "dvar": 0.00013585978013,
        "dvar2": 0.00038016596227,
        "max": 0.499580085278,
        "mean": 0.477692902088,
        "median": 0.480377197266,
        "min": 0.403383523226,
        "var": 0.000190844628378
    },
    "dynamic_complexity": 0.604252278805,
    "erbbands_crest": {
        "dmean": 2.2056992054,
        "dmean2": 3.64848279953,
        "dvar": 3.89738750458,
        "dvar2": 10.023680687,
        "max": 21.8547668457,
        "mean": 7.53205823898,
        "median": 6.94378995895,
        "min": 2.86759495735,
        "var": 9.1270608902
    },
    "erbbands_flatness_db": {
        "dmean": 0.0135419778526,
        "dmean2": 0.0202093776315,
        "dvar": 0.000130409898702,
        "dvar2": 0.000261966430116,
        "max": 0.244662106037,
        "mean": 0.166034117341,
        "median": 0.168698176742,
        "min": 0.0911871120334,
        "var": 0.000597281847149
    },
    "erbbands_kurtosis": {
        "dmean": 0.582995414734,
        "dmean2": 0.953829646111,
        "dvar": 0.310726970434,
        "dvar2": 0.784445285797,
        "max": 5.64631462097,
        "mean": 0.225359618664,
        "median": 0.0244238376617,
        "min": -1.26047420502,
        "var": 0.778539657593
    },
    "erbbands_skewness": {
        "dmean": 0.291399121284,
        "dmean2": 0.476080656052,
        "dvar": 0.0527466461062,
        "dvar2": 0.139342263341,
        "max": 1.12674832344,
        "mean": -0.262286037207,
        "median": -0.25403034687,
        "min": -1.7485332489,
        "var": 0.173304483294
    },
    "erbbands_spread": {
        "dmean": 5.9462723732,
        "dmean2": 9.48732089996,
        "dvar": 22.6349582672,
        "dvar2": 56.263507843,
        "max": 65.7194442749,
        "mean": 31.4743270874,
        "median": 30.843870163,
        "min": 11.6537418365,
        "var": 83.1382827759
    },
    "hfc": {
        "dmean": 6.32124662399,
        "dmean2": 9.82217884064,
        "dvar": 30.8201732635,
        "dvar2": 74.487449646,
        "max": 67.0274124146,
        "mean": 35.1151123047,
        "median": 34.6260147095,
        "min": 9.53867912292,
        "var": 86.4428939819
    },
    "melbands_crest": {
        "dmean": 3.84209537506,
        "dmean2": 6.58416986465,
        "dvar": 9.89434051514,
        "dvar2": 28.9238033295,
        "max": 27.5165042877,
        "mean": 14.8710136414,
        "median": 14.2102355957,
        "min": 5.59242200851,
        "var": 18.6755599976
    },
    "melbands_flatness_db": {
        "dmean": 0.0258096214384,
        "dmean2": 0.042929366231,
        "dvar": 0.000413679721532,
        "dvar2": 0.00109028513543,
        "max": 0.297782957554,
        "mean": 0.18898807466,
        "median": 0.189763441682,
        "min": 0.065831631422,
        "var": 0.00099059031345
    },
    "melbands_kurtosis": {
        "dmean": 3.69262576103,
        "dmean2": 6.35527801514,
        "dvar": 13.7287654877,
        "dvar2": 37.8747520447,
        "max": 34.7653274536,
        "mean": 5.61915636063,
        "median": 4.35301876068,
        "min": -0.776260137558,
        "var": 23.4763870239
    },
    "melbands_skewness": {
        "dmean": 0.659187555313,
        "dmean2": 1.1162250042,
        "dvar": 0.284115403891,
        "dvar2": 0.812742352486,
        "max": 5.24098491669,
        "mean": 2.20129537582,
        "median": 2.1166331768,
        "min": 0.31303742528,
        "var": 0.623923003674
    },
    "melbands_spread": {
        "dmean": 6.93129920959,
        "dmean2": 11.9092636108,
        "dvar": 33.5128707886,
        "dvar2": 95.3224945068,
        "max": 65.7855072021,
        "mean": 26.1822319031,
        "median": 25.6481151581,
        "min": 6.70202684402,
        "var": 68.1694488525
    },
    "pitch_salience": {
        "dmean": 0.0846692696214,
        "dmean2": 0.14396981895,
        "dvar": 0.00474189408123,
        "dvar2": 0.0131034757942,
        "max": 0.811539411545,
        "mean": 0.529578268528,
        "median": 0.528996229172,
        "min": 0.225104048848,
        "var": 0.00839530304074
    },
    "silence_rate_20dB": {
        "dmean": 0,
        "dmean2": 0,
        "dvar": 0,
        "dvar2": 0,
        "max": 1,
        "mean": 1,
        "median": 1,
        "min": 1,
        "var": 0
    },
    "silence_rate_30dB": {
        "dmean": 0,
        "dmean2": 0,
        "dvar": 0,
        "dvar2": 0,
        "max": 1,
        "mean": 1,
        "median": 1,
        "min": 1,
        "var": 0
    },
    "silence_rate_60dB": {
        "dmean": 0,
        "dmean2": 0,
        "dvar": 0,
        "dvar2": 0,
        "max": 0,
        "mean": 0,
        "median": 0,
        "min": 0,
        "var": 0
    },
    "spectral_centroid": {
        "dmean": 182.443603516,
        "dmean2": 305.465240479,
        "dvar": 22248.8105469,
        "dvar2": 58098.4804688,
        "max": 2564.71166992,
        "mean": 1439.05944824,
        "median": 1424.47119141,
        "min": 753.772521973,
        "var": 66404.65625
    },
    "spectral_complexity": {
        "dmean": 4.08436536789,
        "dmean2": 6.66072797775,
        "dvar": 12.2227802277,
        "dvar2": 29.5007019043,
        "max": 53,
        "mean": 34.4284591675,
        "median": 34,
        "min": 14,
        "var": 29.0290908813
    },
    "spectral_decrease": {
        "dmean": 3.27857385685e-09,
        "dmean2": 5.45720935108e-09,
        "dvar": 6.91909037286e-18,
        "dvar2": 2.01630320112e-17,
        "max": -3.52835405337e-09,
        "mean": -1.34880755454e-08,
        "median": -1.32490516336e-08,
        "min": -2.80956999887e-08,
        "var": 1.14822032707e-17
    },
    "spectral_energy": {
        "dmean": 0.0125413602218,
        "dmean2": 0.0208000224084,
        "dvar": 0.00010070920689,
        "dvar2": 0.000291350355837,
        "max": 0.109279856086,
        "mean": 0.0540922060609,
        "median": 0.0532623976469,
        "min": 0.0147491795942,
        "var": 0.000171665742528
    },
    "spectral_energyband_high": {
        "dmean": 0.000315687357215,
        "dmean2": 0.000497606990393,
        "dvar": 1.8507883226e-07,
        "dvar2": 3.91529653143e-07,
        "max": 0.00442813104019,
        "mean": 0.000860688393004,
        "median": 0.000656554067973,
        "min": 0.000164509983733,
        "var": 3.9098841853e-07
    },
    "spectral_energyband_low": {
        "dmean": 0.012640433386,
        "dmean2": 0.0219574254006,
        "dvar": 0.000111056971946,
        "dvar2": 0.000320790481055,
        "max": 0.0845350399613,
        "mean": 0.0272564776242,
        "median": 0.0261626187712,
        "min": 0.00225009396672,
        "var": 0.000150532418047
    },
    "spectral_energyband_middle_high": {
        "dmean": 0.00328554166481,
        "dmean2": 0.00522029912099,
        "dvar": 7.8313441918e-06,
        "dvar2": 2.01866696443e-05,
        "max": 0.0367379337549,
        "mean": 0.0136734647676,
        "median": 0.0130327101797,
        "min": 0.00296349357814,
        "var": 3.07434638671e-05
    },
    "spectral_energyband_middle_low": {
        "dmean": 0.00578050361946,
        "dmean2": 0.00952596124262,
        "dvar": 4.01319812227e-05,
        "dvar2": 9.94481597445e-05,
        "max": 0.0698071494699,
        "mean": 0.0164712499827,
        "median": 0.0153812561184,
        "min": 0.00255910097621,
        "var": 6.96635761415e-05
    },
    "spectral_entropy": {
        "dmean": 0.0877221375704,
        "dmean2": 0.132145300508,
        "dvar": 0.00629557389766,
        "dvar2": 0.0139250960201,
        "max": 8.3042640686,
        "mean": 7.72461938858,
        "median": 7.70700359344,
        "min": 7.23467111588,
        "var": 0.0229562018067
    },
    "spectral_flux": {
        "dmean": 0.0239270348102,
        "dmean2": 0.0370679050684,
        "dvar": 0.000447632686701,
        "dvar2": 0.000930252892431,
        "max": 0.256973803043,
        "mean": 0.126863524318,
        "median": 0.121605791152,
        "min": 0.0636014193296,
        "var": 0.00100492523052
    },
    "spectral_kurtosis": {
        "dmean": 1.50890648365,
        "dmean2": 2.61200165749,
        "dvar": 1.47002828121,
        "dvar2": 4.26248931885,
        "max": 12.9234838486,
        "mean": 3.75970244408,
        "median": 3.51639270782,
        "min": 0.423642158508,
        "var": 2.58621072769
    },
    "spectral_rms": {
        "dmean": 0.000844532682095,
        "dmean2": 0.00139581912663,
        "dvar": 4.31612420471e-07,
        "dvar2": 1.25958399622e-06,
        "max": 0.0103254290298,
        "mean": 0.0072105708532,
        "median": 0.00720855826512,
        "min": 0.00379334203899,
        "var": 7.80596622008e-07
    },
    "spectral_rolloff": {
        "dmean": 350.580749512,
        "dmean2": 616.807495117,
        "dvar": 124635.257812,
        "dvar2": 318196.78125,
        "max": 4737.3046875,
        "mean": 1419.24328613,
        "median": 1442.72460938,
        "min": 150.732421875,
        "var": 244864.5625
    },
    "spectral_skewness": {
        "dmean": 0.181094735861,
        "dmean2": 0.312491744757,
        "dvar": 0.0224500447512,
        "dvar2": 0.0599513761699,
        "max": 3.22202062607,
        "mean": 1.26833295822,
        "median": 1.25683879852,
        "min": 0.695494174957,
        "var": 0.0394168756902
    },
    "spectral_spread": {
        "dmean": 290971.96875,
        "dmean2": 413383.96875,
        "dvar": 141023674368,
        "dvar2": 205163888640,
        "max": 10027222,
        "mean": 3358067.5,
        "median": 3135926.75,
        "min": 2528487,
        "var": 419655876608
    },
    "spectral_strongpeak": {
        "dmean": 0.384751588106,
        "dmean2": 0.695367991924,
        "dvar": 0.534502267838,
        "dvar2": 1.66908109188,
        "max": 7.31914710999,
        "mean": 0.612735748291,
        "median": 0.495760649443,
        "min": 0,
        "var": 0.404969960451
    },
    "zerocrossingrate": {
        "dmean": 0.00621802732348,
        "dmean2": 0.0085379248485,
        "dvar": 3.15845354635e-05,
        "dvar2": 5.34025857633e-05,
        "max": 0.1259765625,
        "mean": 0.0485279038548,
        "median": 0.04736328125,
        "min": 0.01123046875,
        "var": 0.00013617874356
    },
    "barkbands": {
        "dmean": [0.000162603537319, 0.00844454206526, 0.00647083576769, 0.003115858417, 0.00190811569337, 0.00140145164914, 0.0011251346441, 0.00113894196693, 0.00147892453242, 0.00130896049086, 0.000939724734053, 0.000815800274722, 0.000711678934749, 0.00123965390958, 0.000722573662642, 0.000766852404922, 0.000607679015957, 0.000258253741777, 0.000194212974748, 0.00015133227862, 0.000117658411909, 9.63891143329e-05, 5.84723129577e-05, 3.07205264107e-05, 1.00151282822e-05, 3.82126972909e-06, 4.98981744812e-09],
        "dmean2": [0.000273680081591, 0.0141406040639, 0.0114544844255, 0.00534137384966, 0.00322746206075, 0.00231765001081, 0.00182052515447, 0.00188260630239, 0.00238878582604, 0.00212120171636, 0.00150546256918, 0.00135212298483, 0.00116114527918, 0.0020870603621, 0.00117339740973, 0.00126746692695, 0.00103249307722, 0.000439145689597, 0.000327583024045, 0.000258191808825, 0.000195532644284, 0.000154809124069, 8.7221233116e-05, 4.60167539131e-05, 1.49418392539e-05, 5.93802769799e-06, 6.82928291695e-09],
        "dvar": [4.4914330033e-08, 5.39268694411e-05, 4.45301411673e-05, 1.40049141919e-05, 9.82015080808e-06, 2.89169656753e-06, 2.40339886659e-06, 2.39588280238e-06, 3.44668183061e-06, 2.69243696494e-06, 1.63145170973e-06, 1.12603913749e-06, 6.43464545647e-07, 2.06518507184e-06, 7.8828770711e-07, 9.62660692494e-07, 5.37546441137e-07, 9.06337405127e-08, 4.03074800204e-08, 2.45587443715e-08, 1.83924910857e-08, 2.17729620999e-08, 1.06409414613e-08, 5.59655877197e-09, 5.92871252092e-10, 8.43301678488e-11, 6.66219322751e-15],
        "dvar2": [1.19282404398e-07, 0.000145718091517, 0.000131527718622, 3.95959214075e-05, 2.62483372353e-05, 7.56813005864e-06, 5.93380946157e-06, 6.14937152932e-06, 7.72313705966e-06, 7.03020805304e-06, 3.90994546251e-06, 2.90693037641e-06, 1.64886967013e-06, 5.63629464523e-06, 1.85507894912e-06, 2.3931108899e-06, 1.56619216796e-06, 2.55466432009e-07, 1.01851618695e-07, 6.75772255931e-08, 4.7083830168e-08, 5.13481630549e-08, 2.17215134768e-08, 1.06878141892e-08, 1.28293653479e-09, 1.98637592486e-10, 6.69295704064e-15],
        "max": [0.00180774822365, 0.0588307455182, 0.056206587702, 0.0354841500521, 0.0352326631546, 0.0146295577288, 0.0172497779131, 0.0172533448786, 0.029389616102, 0.0213573295623, 0.0179345197976, 0.0142077617347, 0.0105551416054, 0.0128251416609, 0.0128525551409, 0.0130943562835, 0.00869377329946, 0.00403909105808, 0.00230744248256, 0.00150345417205, 0.00129106221721, 0.00168639305048, 0.00136076577473, 0.00102544878609, 0.00030239179614, 0.000155829184223, 2.80928793472e-06],
        "mean": [0.000216658649151, 0.0123722990975, 0.0108127845451, 0.00527110882103, 0.00257176230662, 0.00213342462666, 0.00178967055399, 0.00179188302718, 0.00240034819581, 0.00209003989585, 0.00167922058608, 0.00141496164724, 0.00132675748318, 0.00227752001956, 0.0013156424975, 0.00141335616354, 0.0012064925395, 0.00053805479547, 0.000441102863988, 0.000376028532628, 0.000282466440694, 0.000192465260625, 0.000104544567876, 5.16977233929e-05, 1.65133478731e-05, 5.40689916306e-06, 4.50157955356e-09],
        "median": [9.56271542236e-05, 0.00999214500189, 0.00974606350064, 0.0040006833151, 0.00165972404648, 0.00149460567627, 0.00111038645264, 0.00109100085683, 0.00158674805425, 0.00126374990214, 0.000906226923689, 0.000956059084274, 0.000915280426852, 0.00162998249289, 0.000893914373592, 0.000897845544387, 0.000867249793373, 0.000431110500358, 0.000380049925297, 0.000340476195561, 0.000236951906118, 0.000121999604744, 4.6218137868e-05, 2.12599297811e-05, 7.08301058694e-06, 1.95626262212e-06, 7.51166961965e-10],
        "min": [3.87211400721e-07, 0.000141316631925, 0.000221691880142, 4.82848736283e-06, 5.34077917109e-05, 5.74188670726e-05, 3.52108691004e-05, 5.13416271133e-05, 0.000105414670543, 9.10452654352e-05, 4.6859291615e-05, 5.43434216524e-05, 9.97787574306e-05, 0.000172326457687, 9.19430240174e-05, 8.67545022629e-05, 0.000126822109451, 3.71815585822e-05, 6.41033184365e-05, 7.4599236541e-05, 6.0710382968e-05, 2.14910360228e-05, 3.21732227349e-06, 8.61033583988e-07, 6.486887969e-07, 8.00259580824e-10, 9.851400945e-12],
        "var": [7.15229191428e-08, 9.03462569113e-05, 5.82051907259e-05, 2.3716227588e-05, 9.14035354072e-06, 4.21628101321e-06, 4.61726494905e-06, 3.85446764994e-06, 7.34990044293e-06, 5.17135413247e-06, 5.07270806338e-06, 2.34010985878e-06, 1.67851567312e-06, 3.98575548388e-06, 1.57356964792e-06, 2.1135881525e-06, 1.08710730728e-06, 1.4844734153e-07, 6.77401033045e-08, 3.33385798967e-08, 2.7384251311e-08, 3.9479552072e-08, 2.46039935092e-08, 9.35726696127e-09, 8.42019676206e-10, 1.3565180923e-10, 6.66072913106e-15]
    },
    "erbbands": {
        "dmean": [0.13009467721, 2.30207705498, 6.89960622787, 9.20191955566, 6.46894407272, 6.76229524612, 11.7164831161, 10.3590574265, 18.8417854309, 13.3800039291, 31.7420425415, 30.2139339447, 36.019493103, 37.2036514282, 21.4461517334, 31.6599769592, 30.9448642731, 43.1151351929, 54.4844055176, 34.4103050232, 30.4797496796, 36.4142570496, 15.1334886551, 10.4622001648, 8.19756793976, 6.94437837601, 5.70747995377, 4.19816923141, 3.30992412567, 3.07044911385, 1.40571320057, 0.74679017067, 0.465642392635, 0.160566717386, 0.0544701702893, 0.0246638543904, 0.00575309759006, 0.000364931795048, 1.16077735584e-05, 1.37462666316e-05],
        "dmean2": [0.213416442275, 3.87928247452, 12.1770677567, 15.8619699478, 11.1776847839, 11.6133499146, 19.5576763153, 17.3097362518, 30.5445957184, 22.130865097, 52.138053894, 48.6196670532, 58.2959861755, 58.0243530273, 34.9467506409, 52.0061073303, 50.369140625, 71.706741333, 90.6697692871, 56.9321517944, 49.2767677307, 61.3008384705, 25.4738941193, 17.6583824158, 13.8250989914, 11.7112140656, 9.45178031921, 6.81782817841, 5.36749315262, 4.81532049179, 2.07561850548, 1.099157691, 0.700339436531, 0.238262340426, 0.0835869312286, 0.0389659442008, 0.009073253721, 0.000595011690166, 1.79754078999e-05, 2.27252130571e-05],
        "dvar": [0.0156444255263, 3.99282121658, 43.5810585022, 131.793121338, 93.7928390503, 149.761016846, 199.946594238, 188.823791504, 752.354675293, 328.551361084, 1815.10522461, 1854.40246582, 2416.25634766, 2868.20507812, 820.794799805, 2002.95373535, 1216.45581055, 3107.93383789, 3774.96484375, 1684.6607666, 1418.68005371, 2076.77075195, 354.493225098, 111.779747009, 75.0767440796, 49.90234375, 39.9766807556, 25.6934165955, 26.9673042297, 31.4894866943, 5.82274484634, 2.62391495705, 1.41047084332, 0.178621783853, 0.0165135413408, 0.00371368112974, 0.000191906321561, 6.98702706359e-07, 4.45598807852e-10, 1.21881296722e-10],
        "dvar2": [0.0427755787969, 11.0400180817, 132.156021118, 362.244873047, 243.047180176, 404.606323242, 512.301147461, 497.115112305, 1821.55322266, 791.744018555, 4842.75, 3770.83032227, 6310.96484375, 6930.40917969, 1921.76513672, 5173.51513672, 3177.38476562, 8188.03027344, 9641.59375, 4383.01171875, 3378.71386719, 6058.12109375, 1003.89483643, 285.965179443, 190.908325195, 138.349334717, 109.593811035, 63.9095649719, 65.3515090942, 72.3292694092, 11.4401741028, 4.96284866333, 2.79425382614, 0.385204970837, 0.0372502915561, 0.00901117548347, 0.000434117857367, 1.52774089202e-06, 8.01285426899e-10, 3.42716716117e-10],
        "max": [1.11271286011, 15.4861316681, 44.1896438599, 89.5589141846, 104.580192566, 132.283752441, 140.750091553, 139.390335083, 309.450042725, 226.856918335, 612.72845459, 861.408752441, 761.479492188, 846.420227051, 473.610198975, 729.108276367, 411.030944824, 576.155334473, 802.050537109, 538.173522949, 485.628723145, 601.586425781, 275.717315674, 129.505279541, 114.578422546, 71.32371521, 73.4656448364, 47.2553329468, 49.9730033875, 63.4683570862, 27.8844051361, 20.8672199249, 17.2117958069, 6.0807185173, 1.91781330109, 0.801360189915, 0.261459827423, 0.0156393386424, 0.000450967199868, 0.000122011937492],
        "mean": [0.192250445485, 3.38322377205, 11.7824573517, 18.0155067444, 9.35146331787, 8.28440666199, 17.2824516296, 15.7510166168, 28.7644309998, 22.3589687347, 50.550327301, 52.4010353088, 59.4685974121, 77.5200271606, 43.3839874268, 58.8985404968, 63.3750953674, 87.7374420166, 107.158027649, 73.3400802612, 66.6753463745, 73.0124893188, 34.0902290344, 24.9097900391, 19.9675121307, 17.3538570404, 14.2244987488, 9.60376262665, 6.6357383728, 5.27298212051, 2.6053173542, 1.28940629959, 0.757132649422, 0.263479083776, 0.0825740322471, 0.0342414267361, 0.00830808840692, 0.000481233611936, 4.06932776968e-05, 6.4284336986e-05],
        "median": [0.148461788893, 2.75570607185, 9.73022079468, 13.2224473953, 6.50836706161, 5.06437158585, 11.8379364014, 10.8977575302, 16.4974327087, 15.3382940292, 33.7806053162, 32.8183288574, 37.5686416626, 41.8006744385, 31.20470047, 38.2884140015, 45.8402481079, 65.5607910156, 79.8694915771, 54.110004425, 45.0896987915, 52.3557319641, 27.4006061554, 21.7503929138, 17.1929264069, 15.654258728, 12.3930978775, 7.58455228806, 4.33156919479, 2.61133861542, 1.18208229542, 0.521040380001, 0.321771413088, 0.116144135594, 0.0326344296336, 0.0115270968527, 0.00318614183925, 0.000203931384021, 3.43938590959e-05, 6.33367162663e-05],
        "min": [0.00578323705122, 0.0342736504972, 0.836311936378, 0.455491602421, 0.288801878691, 0.153772592545, 0.537621498108, 0.452006846666, 0.792752802372, 0.842081069946, 1.98699355125, 3.19056892395, 2.6964404583, 3.61371946335, 4.57118749619, 2.56077623367, 5.30597877502, 9.92242431641, 12.1671447754, 8.65001964569, 5.88357830048, 8.05709648132, 3.04208374023, 3.75323295593, 2.96846199036, 3.64321064949, 2.4339838028, 2.01770114899, 0.859469711781, 0.156346306205, 0.0821382403374, 0.0153113976121, 0.0184087883681, 0.00718478672206, 0.00138009653892, 0.00021643047512, 2.86303202301e-05, 4.8804531616e-06, 1.30391244966e-05, 2.19773028221e-05],
        "var": [0.0240693632513, 6.35673904419, 59.8977851868, 231.881576538, 97.1104354858, 120.34147644, 299.334594727, 243.627975464, 1421.50305176, 564.37487793, 2842.79663086, 4815.93603516, 4249.63134766, 10766.7285156, 1814.60559082, 4391.41162109, 2922.27246094, 5571.68017578, 7623.23583984, 3469.44555664, 3915.1550293, 4218.90380859, 609.286071777, 186.570800781, 139.152389526, 68.4556503296, 54.5644378662, 42.5319366455, 41.8068313599, 58.7743492126, 14.692656517, 5.04485034943, 2.15100121498, 0.243076786399, 0.0223791580647, 0.00521263387054, 0.000345419713994, 1.14966132969e-06, 7.34334149044e-10, 2.17023246596e-10]
    },
    "gfcc": {
        "mean": [52.8471336365, 123.67061615, -146.683959961, 46.95860672, -46.9435768127, 20.7898464203, -26.2180500031, 6.27654695511, -13.7215871811, 0.637557625771, -16.8335456848, -8.4156255722, -8.01944446564],
        "cov": [[404.187072754, -238.893768311, 106.710044861, 14.0849018097, -124.06477356, 38.7078170776, -131.704223633, -2.07589149475, -34.0999641418, 7.0810418129, -28.5577716827, 73.4039916992, -46.7783508301], [-238.893768311, 282.116699219, -99.3415145874, -25.3842906952, 92.6411361694, -71.4833831787, 101.873680115, -26.4177246094, 33.4976997375, -17.6797428131, 26.7008457184, -57.3583335876, 45.7811508179], [106.710044861, -99.3415145874, 145.373031616, 34.037197113, -43.1226959229, 26.756975174, -51.8219871521, 5.28507900238, -12.2626676559, 17.5267791748, -18.8359012604, 23.9310379028, -33.0946540833], [14.0849018097, -25.3842906952, 34.037197113, 88.3643722534, 0.454541504383, -0.82733219862, -35.010093689, -9.06379032135, 26.330242157, -8.78222846985, 9.72451400757, 10.3992233276, 4.2001490593], [-124.06477356, 92.6411361694, -43.1226959229, 0.454541504383, 117.187484741, -4.24486970901, 52.3937149048, 9.57393169403, 9.47805500031, -4.59433031082, 4.50327301025, -9.65930938721, 25.2616939545], [38.7078170776, -71.4833831787, 26.756975174, -0.82733219862, -4.24486970901, 107.918945312, 32.3073043823, 14.4797582626, -18.923248291, -4.89216756821, 5.69388818741, -0.685403943062, -3.84258532524], [-131.704223633, 101.873680115, -51.8219871521, -35.010093689, 52.3937149048, 32.3073043823, 129.053024292, 18.170759201, -0.143964648247, -8.75364780426, 11.5190134048, -33.4931373596, 17.4022827148], [-2.07589149475, -26.4177246094, 5.28507900238, -9.06379032135, 9.57393169403, 14.4797582626, 18.170759201, 67.566368103, 24.9759464264, 8.07368278503, -1.62705135345, -1.43398976326, 1.26483571529], [-34.0999641418, 33.4976997375, -12.2626676559, 26.330242157, 9.47805500031, -18.923248291, -0.143964648247, 24.9759464264, 81.0555648804, 17.2661457062, 10.7733516693, -7.73584604263, 3.86877298355], [7.0810418129, -17.6797428131, 17.5267791748, -8.78222846985, -4.59433031082, -4.89216756821, -8.75364780426, 8.07368278503, 17.2661457062, 52.3093681335, 15.4075517654, 11.317606926, -9.17458438873], [-28.5577716827, 26.7008457184, -18.8359012604, 9.72451400757, 4.50327301025, 5.69388818741, 11.5190134048, -1.62705135345, 10.7733516693, 15.4075517654, 52.7300872803, 13.5474634171, 15.7729434967], [73.4039916992, -57.3583335876, 23.9310379028, 10.3992233276, -9.65930938721, -0.685403943062, -33.4931373596, -1.43398976326, -7.73584604263, 11.317606926, 13.5474634171, 70.9176330566, 9.95752906799], [-46.7783508301, 45.7811508179, -33.0946540833, 4.2001490593, 25.2616939545, -3.84258532524, 17.4022827148, 1.26483571529, 3.86877298355, -9.17458438873, 15.7729434967, 9.95752906799, 52.2912101746]],
        "icov": [[0.00745973037556, 0.000360932957847, 0.00023526448058, 0.000718952796888, 0.00428115623072, -0.00358123588376, 0.00480189919472, -0.00107922684401, 0.000505155301653, 0.000878655875567, 0.00304341502488, -0.00588843598962, 0.00286519387737], [0.000360932957847, 0.035472009331, -0.01234483812, 0.0186049323529, -0.0156998615712, 0.0269869528711, -0.0205731522292, 0.0245845895261, -0.0202306043357, 0.0197142660618, -0.0239771101624, 0.0201116576791, -0.0158623810858], [0.00023526448058, -0.01234483812, 0.0191526189446, -0.015199849382, 0.00856207311153, -0.0127659766003, 0.00840240810066, -0.0118861868978, 0.0123266680166, -0.0150434244424, 0.015914214775, -0.0104486029595, 0.0104156183079], [0.000718952796888, 0.0186049323529, -0.015199849382, 0.0334539748728, -0.0123124085367, 0.0122323883697, -0.0040832515806, 0.0187007039785, -0.0225903037935, 0.0230123400688, -0.0212783571333, 0.0107673695311, -0.0101221026853], [0.00428115623072, -0.0156998615712, 0.00856207311153, -0.0123124085367, 0.0221722312272, -0.0128634339198, 0.00652536610141, -0.0130727821961, 0.0107927396894, -0.0115092769265, 0.0162672754377, -0.0133356964216, 0.00528574408963], [-0.00358123588376, 0.0269869528711, -0.0127659766003, 0.0122323883697, -0.0128634339198, 0.0354806259274, -0.0230916216969, 0.016012923792, -0.0118218269199, 0.0162497758865, -0.0228742808104, 0.0183180887252, -0.0126366578043], [0.00480189919472, -0.0205731522292, 0.00840240810066, -0.0040832515806, 0.00652536610141, -0.0230916216969, 0.0313537158072, -0.0167426355183, 0.0110520059243, -0.00806281715631, 0.0111327487975, -0.00965502858162, 0.00932285003364], [-0.00107922684401, 0.0245845895261, -0.0118861868978, 0.0187007039785, -0.0130727821961, 0.016012923792, -0.0167426355183, 0.0380803383887, -0.0241672955453, 0.0146212074906, -0.0153974425048, 0.0132904984057, -0.0129042733461], [0.000505155301653, -0.0202306043357, 0.0123266680166, -0.0225903037935, 0.0107927396894, -0.0118218269199, 0.0110520059243, -0.0241672955453, 0.0349809490144, -0.0218849796802, 0.0149333812296, -0.00849429611117, 0.00928890984505], [0.000878655875567, 0.0197142660618, -0.0150434244424, 0.0230123400688, -0.0115092769265, 0.0162497758865, -0.00806281715631, 0.0146212074906, -0.0218849796802, 0.044653236866, -0.0275441836566, 0.0079145943746, -0.00250449357554], [0.00304341502488, -0.0239771101624, 0.015914214775, -0.0212783571333, 0.0162672754377, -0.0228742808104, 0.0111327487975, -0.0153974425048, 0.0149333812296, -0.0275441836566, 0.0494228862226, -0.0221092663705, 0.00598852010444], [-0.00588843598962, 0.0201116576791, -0.0104486029595, 0.0107673695311, -0.0133356964216, 0.0183180887252, -0.00965502858162, 0.0132904984057, -0.00849429611117, 0.0079145943746, -0.0221092663705, 0.0370456390083, -0.0180413201451], [0.00286519387737, -0.0158623810858, 0.0104156183079, -0.0101221026853, 0.00528574408963, -0.0126366578043, 0.00932285003364, -0.0129042733461, 0.00928890984505, -0.00250449357554, 0.00598852010444, -0.0180413201451, 0.0372092612088]]
    },
    "melbands": {
        "dmean": [0.0017455018824, 0.00330653064884, 0.0014167833142, 0.000425575504778, 0.000376764277462, 0.000248931901297, 0.000257449428318, 0.000160310271895, 0.000299837760394, 0.000184275239008, 0.000189334517927, 0.000157402915647, 9.19036392588e-05, 5.81293097639e-05, 0.000123357007396, 6.9326000812e-05, 9.19444064493e-05, 0.000108685460873, 5.45454931853e-05, 6.57416094327e-05, 3.13711243507e-05, 4.63020514871e-05, 1.90076225408e-05, 1.1596252989e-05, 9.37246022659e-06, 8.00748694019e-06, 5.49133346794e-06, 5.19111836184e-06, 4.11549126511e-06, 3.25710539073e-06, 2.43357317231e-06, 2.06878212339e-06, 1.92215884454e-06, 1.70272289779e-06, 9.04532555523e-07, 5.78243032123e-07, 4.58320187136e-07, 3.78951369839e-07, 2.17921581225e-07, 1.16357611546e-07],
        "dmean2": [0.00287856906652, 0.00576622178778, 0.002426979132, 0.000729466730263, 0.000629838032182, 0.000414640671806, 0.000419312040322, 0.000262728339294, 0.000491937680636, 0.000294312398182, 0.000307828508085, 0.00024530859082, 0.000148331891978, 9.51682304731e-05, 0.000201950446353, 0.000113137095468, 0.000153296947246, 0.000181692055776, 8.85413464857e-05, 0.000111249981273, 5.03782248416e-05, 7.85401716712e-05, 3.19548307743e-05, 1.96057317225e-05, 1.58271304826e-05, 1.3450780898e-05, 9.32518651098e-06, 8.79967410583e-06, 6.88986528985e-06, 5.45936518392e-06, 3.97767780669e-06, 3.43777014677e-06, 3.11566941491e-06, 2.64988602794e-06, 1.3557606735e-06, 8.69561290529e-07, 6.84062399614e-07, 5.76232764615e-07, 3.27379154896e-07, 1.81598878157e-07],
        "dvar": [2.34816434386e-06, 8.52103767102e-06, 2.8805218335e-06, 5.59573948067e-07, 2.11247808579e-07, 9.96723770186e-08, 1.37225555363e-07, 5.09775333057e-08, 1.60340007938e-07, 7.48560111674e-08, 6.65398403044e-08, 4.57374760288e-08, 1.44697427373e-08, 5.3920490295e-09, 3.33323200152e-08, 7.7649380259e-09, 1.38496343283e-08, 1.62119917491e-08, 5.1776831711e-09, 8.37641422891e-09, 1.71878222766e-09, 3.64433794253e-09, 5.20268217397e-10, 1.85664525421e-10, 9.39213082307e-11, 7.55389223395e-11, 3.30230218171e-11, 2.73937712791e-11, 2.12255421572e-11, 1.25806309814e-11, 8.7623389447e-12, 9.60317415866e-12, 1.06259697222e-11, 1.02742233124e-11, 2.21939393946e-12, 1.14223116642e-12, 1.13041975953e-12, 8.97972451605e-13, 2.94008388598e-13, 1.05315516236e-13],
        "dvar2": [6.23304049441e-06, 2.57573101408e-05, 7.98929249868e-06, 1.48928950239e-06, 5.46402816326e-07, 2.60642963212e-07, 3.36707103088e-07, 1.25535493112e-07, 4.38683684933e-07, 1.4681130267e-07, 1.74712056378e-07, 1.11322883356e-07, 3.59570258013e-08, 1.31813102655e-08, 8.63824638486e-08, 2.00595522415e-08, 3.65983261474e-08, 4.3256552118e-08, 1.26428867375e-08, 2.18200213453e-08, 4.02041866465e-09, 1.06745048356e-08, 1.38380451542e-09, 4.93501961518e-10, 2.41012737545e-10, 1.93363741685e-10, 8.99379112851e-11, 7.66703922572e-11, 5.8718217788e-11, 3.22999925417e-11, 2.16079498044e-11, 2.34713724151e-11, 2.64743678369e-11, 2.34178405834e-11, 4.51218229447e-12, 2.41613369936e-12, 2.19099152883e-12, 1.79886986383e-12, 6.31998522526e-13, 2.39321773119e-13],
        "max": [0.0135922143236, 0.0218677967787, 0.0148689011112, 0.00897607021034, 0.00408278452232, 0.00346891046502, 0.00402613403276, 0.00270247692242, 0.00574747938663, 0.00580654991791, 0.00372786307707, 0.00330916582607, 0.00163830793463, 0.00150546245277, 0.00242170272395, 0.00102928618435, 0.00117986695841, 0.00131874845829, 0.00101350748446, 0.00122476764955, 0.000610355345998, 0.000752970052417, 0.000338577083312, 0.000177777270437, 0.000123926860397, 0.000121492295875, 5.22863774677e-05, 5.26395306224e-05, 5.49768665223e-05, 3.40717488143e-05, 2.67454252025e-05, 3.19930913975e-05, 3.99907657993e-05, 4.00031058234e-05, 1.86379420484e-05, 1.33296316562e-05, 1.50112000483e-05, 1.32890936584e-05, 6.6672732828e-06, 5.31609475729e-06],
        "mean": [0.00265629007481, 0.00583999278024, 0.00282869511284, 0.000554919301067, 0.000555227801669, 0.000393115216866, 0.000397684576456, 0.000256068189628, 0.000451287836768, 0.000316141464282, 0.000297083577607, 0.000317947240546, 0.000170844621607, 0.000108182706754, 0.000210437050555, 0.000120476208394, 0.000171806692379, 0.000193774307263, 9.87668099697e-05, 0.000112015477498, 6.42092854832e-05, 8.52140001371e-05, 3.84181803383e-05, 2.33386781474e-05, 1.97341760213e-05, 1.68265451066e-05, 1.19342203106e-05, 1.15286620712e-05, 9.38789162319e-06, 7.09535652277e-06, 5.07651884618e-06, 3.91564162783e-06, 3.27915176968e-06, 2.7263888569e-06, 1.59625597007e-06, 9.50610683503e-07, 7.31093052764e-07, 5.83295218348e-07, 3.45720025052e-07, 1.78121439376e-07],
        "median": [0.00210177665576, 0.00514859333634, 0.00227310694754, 0.000359490280971, 0.000381587684387, 0.000277261307929, 0.000235081955907, 0.000160825205967, 0.000294582103379, 0.000193712810869, 0.000186265257071, 0.000175371256773, 0.000113871974463, 7.5378047768e-05, 0.000111299865239, 8.24865783216e-05, 0.000121713754197, 0.000132951259729, 6.6350097768e-05, 6.80614102748e-05, 4.28430321335e-05, 5.84565750614e-05, 2.89818835881e-05, 1.92813586182e-05, 1.69045142684e-05, 1.3635481082e-05, 1.02860785773e-05, 1.01893701867e-05, 8.18232274469e-06, 5.88316515859e-06, 3.90638615499e-06, 2.63169954451e-06, 1.71894089362e-06, 1.27523401261e-06, 7.12374230716e-07, 3.90555413787e-07, 2.87748264327e-07, 2.45344864425e-07, 1.51479937927e-07, 7.78475026664e-08],
        "min": [4.25186481152e-05, 0.000309923401801, 9.00899540284e-05, 1.8978062144e-05, 1.76540961547e-05, 1.04818354885e-05, 9.48290198721e-06, 8.11338850326e-06, 1.5964575141e-05, 1.79657035915e-05, 1.07110290628e-05, 1.02144995253e-05, 9.39697201829e-06, 5.89277033214e-06, 5.17349280926e-06, 7.40472114558e-06, 1.40684524013e-05, 1.28151432364e-05, 6.07880429015e-06, 5.89745650359e-06, 5.79606603424e-06, 7.12313931217e-06, 4.27009990744e-06, 1.64973164374e-06, 2.51920505434e-06, 1.98227121473e-06, 1.8073648107e-06, 2.18947025132e-06, 1.12693078336e-06, 1.16757973956e-06, 8.93800176982e-07, 4.73301639659e-07, 1.70370014985e-07, 6.15266344539e-08, 4.63131257789e-08, 2.1893251656e-08, 2.42698416919e-09, 1.19321423853e-08, 5.14550002606e-09, 9.69722857569e-10],
