{
"highlevel": {
    "danceability": {
        "all": {
            "danceable": 0.691591918468,
            "not_danceable": 0.308408081532
        },
        "probability": 0.691591918468,
        "value": "danceable"
    },
    "gender": {
        "all": {
            "female": 0.147150278091,
            "male": 0.852849721909
        },
        "probability": 0.852849721909,
        "value": "male"
    },
    "genre_dortmund": {
        "all": {
            "alternative": 0.166795283556,
            "blues": 0.0563790351152,
            "electronic": 0.0215273592621,
            "folkcountry": 0.265877217054,
            "funksoulrnb": 0.0251598320901,
            "jazz": 0.21177905798,
            "pop": 0.0836309418082,
            "raphiphop": 0.0427222847939,
            "rock": 0.126128986478
        },
        "probability": 0.265877217054,
        "value": "folkcountry"
    },
    "genre_electronic": {
        "all": {
            "ambient": 0.531875550747,
            "dnb": 0.100426591933,
            "house": 0.255021929741,
            "techno": 0.0241093691438,
            "trance": 0.0885665938258
        },
        "probability": 0.531875550747,
        "value": "ambient"
    },
    "genre_rosamerica": {
        "all": {
            "cla": 0.0129977455363,
            "dan": 0.0853219255805,
            "hip": 0.0220573619008,
            "jaz": 0.0305016189814,
            "pop": 0.29717823863,
            "rhy": 0.320587575436,
            "roc": 0.0546004138887,
            "spe": 0.176755145192
        },
        "probability": 0.320587575436,
        "value": "rhy"
    },
    "genre_tzanetakis": {
        "all": {
            "blu": 0.063259229064,
            "cla": 0.0351214334369,
            "cou": 0.0790196210146,
            "dis": 0.0526951625943,
            "hip": 0.158124744892,
            "jaz": 0.316520601511,
            "met": 0.0632875487208,
            "pop": 0.063269995153,
            "reg": 0.0632629841566,
            "roc": 0.105438686907
        },
        "probability": 0.316520601511,
        "value": "jaz"
    },
    "ismir04_rhythm": {
        "all": {
            "ChaChaCha": 0.149858370423,
            "Jive": 0.104445002973,
            "Quickstep": 0.093912512064,
            "Rumba-American": 0.0446794070303,
            "Rumba-International": 0.325540393591,
            "Rumba-Misc": 0.0248826891184,
            "Samba": 0.0838209465146,
            "Tango": 0.0215692762285,
            "VienneseWaltz": 0.131330251694,
            "Waltz": 0.0199611503631
        },
        "probability": 0.325540393591,
        "value": "Rumba-International"
    },
    "mood_acoustic": {
        "all": {
            "acoustic": 0.760206520557,
            "not_acoustic": 0.239793479443
        },
        "probability": 0.760206520557,
        "value": "acoustic"
    },
    "mood_aggressive": {
        "all": {
            "aggressive": 0.0162012316287,
            "not_aggressive": 0.983798742294
        },
        "probability": 0.983798742294,
        "value": "not_aggressive"
    },
    "mood_electronic": {
        "all": {
            "electronic": 0.435948073864,
            "not_electronic": 0.564051926136
        },
        "probability": 0.564051926136,
        "value": "not_electronic"
    },
    "mood_happy": {
        "all": {
            "happy": 0.469554334879,
            "not_happy": 0.530445694923
        },
        "probability": 0.530445694923,
        "value": "not_happy"
    },
    "mood_party": {
        "all": {
            "not_party": 0.882605671883,
            "party": 0.117394305766
        },
        "probability": 0.882605671883,
        "value": "not_party"
    },
    "mood_relaxed": {
        "all": {
            "not_relaxed": 0.100069820881,
            "relaxed": 0.899930179119
        },
        "probability": 0.899930179119,
        "value": "relaxed"
    },
    "mood_sad": {
        "all": {
            "not_sad": 0.246674507856,
            "sad": 0.753325462341
        },
        "probability": 0.753325462341,
        "value": "sad"
    },
    "moods_mirex": {
        "all": {
            "Cluster1": 0.0873491764069,
            "Cluster2": 0.290286183357,
            "Cluster3": 0.475177258253,
            "Cluster4": 0.0823057666421,
            "Cluster5": 0.0648816227913
        },
        "probability": 0.475177258253,
        "value": "Cluster3"
    },
    "timbre": {
        "all": {
            "bright": 0.787039160728,
            "dark": 0.212960839272
        },
        "probability": 0.787039160728,
        "value": "bright"
    },
    "tonal_atonal": {
        "all": {
            "atonal": 0.0229657404125,
            "tonal": 0.977034270763
        },
        "probability": 0.977034270763,
        "value": "tonal"
    },
    "voice_instrumental": {
        "all": {
            "instrumental": 0.0531991235912,
            "voice": 0.946800887585
        },
        "probability": 0.946800887585,
        "value": "voice"
    }
},
"lowlevel": {
    "average_loudness": 0.981165230274,
    "barkbands_crest": {
        "dmean": 3.04182863235,
        "dmean2": 4.85489177704,
        "dvar": 7.18622398376,
        "dvar2": 17.595867157,
        "max": 23.6424007416,
        "mean": 10.6809387207,
        "median": 9.9993686676,
        "min": 3.13792276382,
        "var": 17.5934925079
    },
    "barkbands_flatness_db": {
        "dmean": 0.0373195558786,
        "dmean2": 0.0556888058782,
        "dvar": 0.00116489559878,
        "dvar2": 0.00234209839255,
        "max": 0.401268869638,
        "mean": 0.179961651564,
        "median": 0.172322422266,
        "min": 0.0563997663558,
        "var": 0.00344304647297
    },
    "barkbands_kurtosis": {
        "dmean": 6.61606216431,
        "dmean2": 10.5251951218,
        "dvar": 78.761680603,
        "dvar2": 179.544845581,
        "max": 106.878395081,
        "mean": 9.24105262756,
        "median": 6.11271762848,
        "min": -1.93137598038,
        "var": 141.612045288
    },
    "barkbands_skewness": {
        "dmean": 0.937479615211,
        "dmean2": 1.40660786629,
        "dvar": 0.768825113773,
        "dvar2": 1.60659360886,
        "max": 9.34349632263,
        "mean": 2.06713199615,
        "median": 2.11478471756,
        "min": -4.32770347595,
        "var": 2.44205379486
    },
    "barkbands_spread": {
        "dmean": 11.0494289398,
        "dmean2": 17.4761867523,
        "dvar": 184.858612061,
        "dvar2": 427.891693115,
        "max": 94.1910171509,
        "mean": 20.6186351776,
        "median": 14.1094989777,
        "min": 0.792891323566,
        "var": 339.91293335
    },
    "dissonance": {
        "dmean": 0.0284400377423,
        "dmean2": 0.0442866459489,
        "dvar": 0.000728593266103,
        "dvar2": 0.00185937574133,
        "max": 0.499961107969,
        "mean": 0.439297914505,
        "median": 0.449040621519,
        "min": 0.237882569432,
        "var": 0.00195758021437
    },
    "dynamic_complexity": 1.79405105114,
    "erbbands_crest": {
        "dmean": 3.21314454079,
        "dmean2": 5.39142513275,
        "dvar": 7.7191734314,
        "dvar2": 19.1527290344,
        "max": 27.2577934265,
        "mean": 9.97002792358,
        "median": 9.06496906281,
        "min": 3.07245254517,
        "var": 16.8455181122
    },
    "erbbands_flatness_db": {
        "dmean": 0.0311915427446,
        "dmean2": 0.047816824168,
        "dvar": 0.000837950326968,
        "dvar2": 0.00180005014408,
        "max": 0.361426651478,
        "mean": 0.169269576669,
        "median": 0.162411615252,
        "min": 0.0567468889058,
        "var": 0.00212651863694
    },
    "erbbands_kurtosis": {
        "dmean": 2.35159945488,
        "dmean2": 3.77624988556,
        "dvar": 12.7791290283,
        "dvar2": 31.1366348267,
        "max": 39.6604957581,
        "mean": 1.9464776516,
        "median": 0.462960004807,
        "min": -1.82794213295,
        "var": 17.7426280975
    },
    "erbbands_skewness": {
        "dmean": 0.680723786354,
        "dmean2": 1.01799929142,
        "dvar": 0.422297984362,
        "dvar2": 0.849746763706,
        "max": 5.04022741318,
        "mean": 0.727074563503,
        "median": 0.763011991978,
        "min": -4.4368185997,
        "var": 1.32905304432
    },
    "erbbands_spread": {
        "dmean": 14.6586780548,
        "dmean2": 23.3729228973,
        "dvar": 250.658493042,
        "dvar2": 575.626525879,
        "max": 141.840103149,
        "mean": 40.4883918762,
        "median": 36.6687164307,
        "min": 3.63239598274,
        "var": 491.246429443
    },
    "hfc": {
        "dmean": 16.1795425415,
        "dmean2": 23.7853622437,
        "dvar": 555.416503906,
        "dvar2": 1195.78259277,
        "max": 310.30065918,
        "mean": 27.1650447845,
        "median": 17.3732662201,
        "min": 0.0160808973014,
        "var": 920.722351074
    },
    "melbands_crest": {
        "dmean": 3.83901643753,
        "dmean2": 6.17205142975,
        "dvar": 11.7104787827,
        "dvar2": 27.5058574677,
        "max": 34.1382522583,
        "mean": 14.9397563934,
        "median": 14.0115909576,
        "min": 4.08441066742,
        "var": 30.2873344421
    },
    "melbands_flatness_db": {
        "dmean": 0.0476392097771,
        "dmean2": 0.0686696320772,
        "dvar": 0.00197084993124,
        "dvar2": 0.00374540407211,
        "max": 0.515211045742,
        "mean": 0.228158801794,
        "median": 0.226196914911,
        "min": 0.0311303455383,
        "var": 0.00685256160796
    },
    "melbands_kurtosis": {
        "dmean": 12.2455558777,
        "dmean2": 19.5725917816,
        "dvar": 341.089599609,
        "dvar2": 873.482849121,
        "max": 357.688995361,
        "mean": 19.7997779846,
        "median": 14.3126926422,
        "min": -1.91270387173,
        "var": 522.711547852
    },
    "melbands_skewness": {
        "dmean": 1.08928465843,
        "dmean2": 1.67297065258,
        "dvar": 1.15478491783,
        "dvar2": 2.63757753372,
        "max": 16.0307941437,
        "mean": 3.074655056,
        "median": 2.92306351662,
        "min": -2.5237660408,
        "var": 2.97196769714
    },
    "melbands_spread": {
        "dmean": 14.2382316589,
        "dmean2": 21.1916351318,
        "dvar": 599.731933594,
        "dvar2": 1195.56665039,
        "max": 227.40322876,
        "mean": 24.0212078094,
        "median": 12.049741745,
        "min": 0.97377204895,
        "var": 1145.29406738
    },
    "pitch_salience": {
        "dmean": 0.0813795700669,
        "dmean2": 0.12696146965,
        "dvar": 0.00533278705552,
        "dvar2": 0.0123910009861,
        "max": 0.896293282509,
        "mean": 0.595568418503,
        "median": 0.611290574074,
        "min": 0.106039389968,
        "var": 0.0137182800099
    },
    "silence_rate_20dB": {
        "dmean": 0,
        "dmean2": 0,
        "dvar": 0,
        "dvar2": 0,
        "max": 1,
        "mean": 1,
        "median": 1,
        "min": 1,
        "var": 0
    },
    "silence_rate_30dB": {
        "dmean": 0,
        "dmean2": 0,
        "dvar": 0,
        "dvar2": 0,
        "max": 1,
        "mean": 1,
        "median": 1,
        "min": 1,
        "var": 0
    },
    "silence_rate_60dB": {
        "dmean": 0.0247678011656,
        "dmean2": 0.0495739728212,
        "dvar": 0.0241545513272,
        "dvar2": 0.0595092698932,
        "max": 1,
        "mean": 0.0270688328892,
        "median": 0,
        "min": 0,
        "var": 0.0263359770179
    },
    "spectral_centroid": {
        "dmean": 429.356903076,
        "dmean2": 637.157958984,
        "dvar": 374586.96875,
        "dvar2": 653380.5625,
        "max": 6582.57275391,
        "mean": 1109.61132812,
        "median": 742.315185547,
        "min": 178.248184204,
        "var": 1009416.5
    },
    "spectral_complexity": {
        "dmean": 4.69272422791,
        "dmean2": 6.74593353271,
        "dvar": 22.0998344421,
        "dvar2": 40.5101394653,
        "max": 51,
        "mean": 15.5320959091,
        "median": 14,
        "min": 0,
        "var": 62.1731567383
    },
    "spectral_decrease": {
        "dmean": 2.69240585382e-09,
        "dmean2": 4.03862943088e-09,
        "dvar": 8.16265302626e-18,
        "dvar2": 1.68993081863e-17,
        "max": -1.29233724416e-11,
        "mean": -7.37344496571e-09,
        "median": -6.53619647295e-09,
        "min": -2.71385722783e-08,
        "var": 2.03682340144e-17
    },
    "spectral_energy": {
        "dmean": 0.0110181216151,
        "dmean2": 0.0165644679219,
        "dvar": 0.000127076855279,
        "dvar2": 0.00026282510953,
        "max": 0.110057353973,
        "mean": 0.0302930604666,
        "median": 0.0276122000068,
        "min": 5.02343173139e-05,
        "var": 0.000313870725222
    },
    "spectral_energyband_high": {
        "dmean": 0.00167485768907,
        "dmean2": 0.00248302822001,
        "dvar": 1.08585245471e-05,
        "dvar2": 2.09637200896e-05,
        "max": 0.0383038595319,
        "mean": 0.00202668458223,
        "median": 0.000474699161714,
        "min": 3.49397851096e-07,
        "var": 1.8190488845e-05
    },
    "spectral_energyband_low": {
        "dmean": 0.00250028981827,
        "dmean2": 0.00381604977883,
        "dvar": 9.42599672271e-06,
        "dvar2": 2.03851268452e-05,
        "max": 0.039824962616,
        "mean": 0.00553844403476,
        "median": 0.00372194405645,
        "min": 1.04263963294e-05,
        "var": 3.1651568861e-05
    },
    "spectral_energyband_middle_high": {
        "dmean": 0.00214551785029,
        "dmean2": 0.0031631810125,
        "dvar": 8.69519135449e-06,
        "dvar2": 1.96870423679e-05,
        "max": 0.0263723675162,
        "mean": 0.00336544844322,
        "median": 0.00212962063961,
        "min": 1.01698981325e-06,
        "var": 1.324074492e-05
    },
    "spectral_energyband_middle_low": {
        "dmean": 0.00860855448991,
        "dmean2": 0.0131451953202,
        "dvar": 9.82302517514e-05,
        "dvar2": 0.000202802519198,
        "max": 0.0854709222913,
        "mean": 0.0211310274899,
        "median": 0.0180477965623,
        "min": 7.49009177525e-06,
        "var": 0.000254532933468
    },
    "spectral_entropy": {
        "dmean": 0.408492386341,
        "dmean2": 0.607565760612,
        "dvar": 0.159846350551,
        "dvar2": 0.312602043152,
        "max": 8.79514122009,
        "mean": 7.25510549545,
        "median": 7.33653450012,
        "min": 4.96623182297,
        "var": 0.460749208927
    },
    "spectral_flux": {
        "dmean": 0.0328147001565,
        "dmean2": 0.0519010983407,
        "dvar": 0.000883708707988,
        "dvar2": 0.0020146316383,
        "max": 0.274951636791,
        "mean": 0.0983877554536,
        "median": 0.0953238978982,
        "min": 0.00505523383617,
        "var": 0.001953009516
    },
    "spectral_kurtosis": {
        "dmean": 3.39351463318,
        "dmean2": 5.29203701019,
        "dvar": 33.6000442505,
        "dvar2": 83.7515335083,
        "max": 88.1356887817,
        "mean": 5.8505525589,
        "median": 4.16900777817,
        "min": -1.10218250751,
        "var": 47.0713577271
    },
    "spectral_rms": {
        "dmean": 0.00100764294621,
        "dmean2": 0.00148687092587,
        "dvar": 8.78386515524e-07,
        "dvar2": 1.71513750047e-06,
        "max": 0.0103620961308,
        "mean": 0.00517710950226,
        "median": 0.00519025325775,
        "min": 0.000221379959839,
        "var": 2.75175261777e-06
    },
    "spectral_rolloff": {
        "dmean": 1050.36120605,
        "dmean2": 1771.01147461,
        "dvar": 3404910.25,
        "dvar2": 7487082.5,
        "max": 12898.3886719,
        "mean": 1685.63647461,
        "median": 602.9296875,
        "min": 64.599609375,
        "var": 5040736.5
    },
    "spectral_skewness": {
        "dmean": 0.485429465771,
        "dmean2": 0.703421354294,
        "dvar": 0.27329236269,
        "dvar2": 0.613981306553,
        "max": 7.86109113693,
        "mean": 1.8825917244,
        "median": 1.8685104847,
        "min": -0.138926833868,
        "var": 0.775132894516
    },
    "spectral_spread": {
        "dmean": 1343114.5,
        "dmean2": 2069327.5,
        "dvar": 1.74076185805e+12,
        "dvar2": 4.03479986176e+12,
        "max": 16563657,
        "mean": 5494555.5,
        "median": 5394041,
        "min": 1286235.25,
        "var": 3.7381495849e+12
    },
    "spectral_strongpeak": {
        "dmean": 0.483829319477,
        "dmean2": 0.808313131332,
        "dvar": 0.411579430103,
        "dvar2": 1.03815567493,
        "max": 6.98552846909,
        "mean": 0.972200334072,
        "median": 0.787707328796,
        "min": 0,
        "var": 0.624306499958
    },
    "zerocrossingrate": {
        "dmean": 0.0220497529954,
        "dmean2": 0.0243240464479,
        "dvar": 0.000643191160634,
        "dvar2": 0.000744327378925,
        "max": 0.35986328125,
        "mean": 0.065329991281,
        "median": 0.046875,
        "min": 0.00732421875,
        "var": 0.00295566138811
    },
    "barkbands": {
        "dmean": [0.000156571404659, 0.000720744254068, 0.0014162537409, 0.00164564128499, 0.0043948860839, 0.00271686911583, 0.00272264890373, 0.00108912435826, 0.000556003535166, 0.00020829521236, 0.00032796850428, 0.00038025007234, 0.000295937614283, 0.000419950345531, 0.000521917070728, 0.000407977058785, 0.000203357834835, 0.000133042369271, 0.00012390736083, 0.000208655474125, 0.000343419233104, 0.000535396626219, 0.000214892002987, 0.00029122637352, 0.000202922325116, 0.000139175113873, 2.40607822555e-09],
        "dmean2": [0.000259853462921, 0.00107886234764, 0.00216897320934, 0.00268906215206, 0.00702389702201, 0.00432713748887, 0.00452026538551, 0.00172018271405, 0.000886499648914, 0.000329854083247, 0.000547047995497, 0.000659894314595, 0.000479069130961, 0.000683229067363, 0.000848895811941, 0.000635957694612, 0.000316965364618, 0.000215465319343, 0.000198768175323, 0.000314755481668, 0.000501973496284, 0.000796350999735, 0.000336981756845, 0.000459754402982, 0.000325064378558, 0.000236970823607, 3.50457485254e-09],
        "dvar": [4.53304807024e-07, 1.10201324333e-06, 3.51834432877e-06, 1.23614072436e-05, 3.34449759976e-05, 1.71640476765e-05, 3.10519935738e-05, 1.14444428618e-05, 4.89067724629e-06, 2.23808655164e-07, 8.03709781394e-07, 1.57383544774e-06, 8.35862977056e-07, 1.0346622048e-06, 1.20054494346e-06, 8.21533888029e-07, 1.3701284729e-07, 7.05544564994e-08, 5.61430688606e-08, 2.85477653961e-07, 8.32072771573e-07, 1.68097187725e-06, 4.74223043057e-07, 4.79383231777e-07, 1.2496384727e-07, 2.67295945378e-07, 1.33969833196e-15],
        "dvar2": [1.08183974135e-06, 2.18202285396e-06, 8.45439080877e-06, 2.8169100915e-05, 7.78416288085e-05, 3.83136757591e-05, 7.73994324845e-05, 2.54037622653e-05, 1.23599529616e-05, 5.53100448997e-07, 2.1327534796e-06, 4.39449468104e-06, 2.13262705984e-06, 2.57948954641e-06, 3.00407282339e-06, 1.94280073629e-06, 3.33857315127e-07, 1.71300897023e-07, 1.33333173835e-07, 6.0744628172e-07, 1.69125110006e-06, 3.25896144204e-06, 1.20231470646e-06, 1.16049511689e-06, 2.80545009446e-07, 7.28639008685e-07, 1.34604853796e-15],
        "max": [0.0149865224957, 0.0166768059134, 0.0228312276304, 0.0403500646353, 0.0585255399346, 0.0534404031932, 0.0643341764808, 0.0498680509627, 0.0361205227673, 0.00629030633718, 0.0133055793121, 0.0200417358428, 0.0139821581542, 0.0120128300041, 0.0107484152541, 0.0120748309419, 0.00384410982952, 0.0028652457986, 0.00254214811139, 0.00653707608581, 0.0135990092531, 0.0177698768675, 0.0139801371843, 0.0123813813552, 0.00563727598637, 0.00787652190775, 1.31374304146e-06],
        "mean": [0.000160099429195, 0.00128760037478, 0.00236829393543, 0.00331765110604, 0.00745028024539, 0.00475121010095, 0.00346475443803, 0.00129603850655, 0.000782251532655, 0.00031056284206, 0.000394747126848, 0.000354917516233, 0.000312467309413, 0.000421352800913, 0.000566843838897, 0.000426696555223, 0.000237662039581, 0.000141681215609, 0.000154004126671, 0.000227055177675, 0.000378379860194, 0.000604204426054, 0.000221785754547, 0.000319216633216, 0.000227738099056, 0.000115564740554, 2.16546780507e-09],
        "median": [1.24012285596e-05, 0.000625449814834, 0.00167210120708, 0.000603611231782, 0.00499448785558, 0.00264642620459, 0.0012985522626, 0.000298424158245, 0.000247586838668, 0.000114931492135, 0.000130587839521, 0.000108442458441, 9.36020805966e-05, 6.68746288284e-05, 0.000186177581782, 0.000100011850009, 8.0170982983e-05, 4.45104815299e-05, 6.47182168905e-05, 3.20542967529e-05, 3.52882561856e-05, 5.19807290402e-05, 3.11414332828e-05, 8.56516198837e-05, 7.64302167227e-05, 2.22827948164e-05, 4.64007554601e-10],
        "min": [3.43884565268e-08, 1.23330823953e-06, 8.11207939933e-07, 1.75093930466e-07, 4.90698084832e-07, 1.47415414631e-06, 5.78797255457e-07, 1.91723955822e-07, 1.59346058126e-07, 6.38448369727e-08, 2.29504564686e-07, 1.40418336514e-07, 6.65596147087e-08, 7.6798635007e-08, 8.26012183097e-08, 4.0251958211e-08, 5.107952461e-08, 5.54831522948e-08, 4.03453377373e-08, 6.78560994061e-08, 7.52337641075e-08, 6.54008971424e-08, 4.31524043165e-08, 5.79532795086e-08, 6.12445427706e-10, 2.79403080533e-11, 2.53129878169e-11],
        "var": [5.38389315352e-07, 3.12407701131e-06, 7.4188783401e-06, 3.63577200915e-05, 6.5128559072e-05, 3.5401135392e-05, 3.73008442693e-05, 1.33953617478e-05, 4.36187883679e-06, 2.94543781365e-07, 7.58398300604e-07, 1.05505705505e-06, 7.35762057502e-07, 1.17853085158e-06, 1.17676995615e-06, 8.75753300988e-07, 1.73066339926e-07, 7.78987256922e-08, 6.79764724509e-08, 3.7077899151e-07, 1.18855689379e-06, 2.68371809398e-06, 4.58375211565e-07, 5.19317325143e-07, 1.68565989611e-07, 1.81575686042e-07, 1.34036473513e-15]
    },
    "erbbands": {
        "dmean": [0.00845254864544, 0.21777485311, 1.44979774952, 3.40112996101, 8.86169242859, 19.4833869934, 17.611032486, 23.9577598572, 41.5982131958, 25.5196590424, 20.0950775146, 15.185792923, 5.7491774559, 8.50393199921, 14.3921756744, 14.657034874, 13.7269964218, 19.9568729401, 23.8708629608, 26.4008598328, 17.4527359009, 11.5724830627, 8.04595851898, 6.96714925766, 4.83473300934, 9.67985343933, 13.1172161102, 15.8616170883, 21.1418533325, 9.35944271088, 6.86134195328, 6.06769037247, 4.74469518661, 2.59061789513, 1.38631999493, 0.804814934731, 0.207480818033, 0.0164425373077, 0.000313187483698, 2.88788160105e-05],
        "dmean2": [0.0135697200894, 0.324357539415, 2.16560220718, 5.49207878113, 14.0720748901, 31.6233234406, 28.2824211121, 38.1256484985, 69.2155914307, 40.245136261, 31.561882019, 24.3359832764, 8.746925354, 12.9538288116, 24.3559646606, 25.0260505676, 22.3990898132, 32.3754577637, 38.013130188, 41.1298599243, 26.9846057892, 17.7930774689, 12.6920118332, 11.1636161804, 7.65497303009, 14.4597835541, 19.3270530701, 23.3506736755, 31.4183139801, 14.0313062668, 10.76313591, 9.52358627319, 7.58426856995, 4.0637512207, 2.24468374252, 1.37382531166, 0.351343214512, 0.0284006837755, 0.000531298981514, 4.53798966191e-05],
        "dvar": [0.000814584491309, 0.0933353826404, 3.67345547676, 40.4749641418, 178.587020874, 846.461975098, 957.979858398, 1793.98413086, 7791.54199219, 2744.80029297, 3873.19628906, 4104.66210938, 222.308319092, 275.129302979, 2209.21411133, 1793.19189453, 1732.8380127, 2582.47900391, 2340.34936523, 3277.09570312, 1438.44616699, 440.85357666, 220.43397522, 224.768218994, 87.3885345459, 601.258300781, 1294.81164551, 1581.75146484, 2616.55664062, 506.877655029, 492.481719971, 251.708984375, 106.041877747, 22.4387283325, 6.37040805817, 7.21358060837, 0.603109836578, 0.0049751829356, 1.53831911121e-06, 3.80594267213e-09],
        "dvar2": [0.00212646764703, 0.177381694317, 8.00805950165, 90.2779006958, 404.793945312, 1957.45715332, 2282.97705078, 3817.93408203, 19289.6425781, 6405.59863281, 8969.140625, 10722.8251953, 482.952362061, 605.161621094, 6076.59179688, 4842.74462891, 4450.90771484, 6446.23291016, 5706.30859375, 7498.67333984, 3459.34692383, 1051.65600586, 508.308685303, 540.548950195, 204.859344482, 1241.32373047, 2680.6652832, 3041.63330078, 5160.99462891, 1043.6776123, 1238.62536621, 621.062255859, 253.464035034, 48.3523483276, 15.878537178, 19.870672226, 1.60610675812, 0.0131357330829, 4.07276411352e-06, 9.96411575471e-09],
        "max": [0.509730875492, 5.31113576889, 29.4407711029, 85.4170761108, 175.919540405, 357.556915283, 357.850036621, 673.783203125, 944.395568848, 795.526428223, 919.972351074, 1086.58874512, 236.067581177, 230.98588562, 780.007629395, 572.353088379, 654.376525879, 618.951721191, 572.073547363, 657.840332031, 475.256958008, 207.746765137, 196.383865356, 179.576766968, 113.033081055, 299.178009033, 450.585357666, 557.443359375, 705.449890137, 297.66305542, 461.036254883, 294.246795654, 175.829055786, 83.9861068726, 36.4253807068, 43.2137870789, 8.58680343628, 0.859682559967, 0.014756235294, 0.000783727737144],
        "mean": [0.0114876907319, 0.402964949608, 2.63523888588, 7.58243083954, 15.5355978012, 30.3081245422, 29.6398010254, 40.1037635803, 55.1950340271, 33.6992683411, 26.2841320038, 21.6516437531, 8.92429447174, 14.465970993, 15.1670341492, 14.9608545303, 14.9646282196, 20.8533210754, 26.7830696106, 29.0855922699, 19.3182697296, 13.7718486786, 9.23778247833, 8.20769882202, 6.57588768005, 10.6709489822, 14.2772350311, 17.534942627, 23.3432693481, 10.2618198395, 7.12659454346, 6.44224309921, 5.15399265289, 2.90543174744, 1.45815372467, 0.693917870522, 0.169142946601, 0.0125528192148, 0.000272850389592, 5.35243816557e-05],
        "median": [0.00476265419275, 0.221977904439, 1.9109609127, 2.22685098648, 9.75116252899, 17.6009845734, 17.720375061, 15.8810443878, 21.5729389191, 12.9251470566, 7.88602113724, 7.03141593933, 3.98127794266, 7.22740268707, 4.47144412994, 4.70247888565, 5.18628406525, 4.6524553299, 8.25706958771, 6.98521375656, 5.54758167267, 4.57769870758, 2.9159488678, 3.29807782173, 3.05632591248, 1.70210373402, 1.45963692665, 1.57943844795, 1.78318011761, 1.0880086422, 1.03755438328, 1.30196511745, 1.52676045895, 0.94444000721, 0.475187838078, 0.15943646431, 0.0283858831972, 0.00137620663736, 6.35155593045e-05, 4.39812574768e-05],
        "min": [0.000108967455162, 0.000384425075026, 0.00334403873421, 0.00457650283352, 0.00132699485403, 0.00231620809063, 0.00609203847125, 0.011448324658, 0.00985920056701, 0.00335696502589, 0.00665973266587, 0.00306180608459, 0.00122291385196, 0.00733166886494, 0.00540181761608, 0.00670095812529, 0.00343883736059, 0.00354771292768, 0.00500874314457, 0.00227979174815, 0.0024455206003, 0.00313559477217, 0.00333587802015, 0.0022134159226, 0.00188307964709, 0.00343272532336, 0.00336170196533, 0.00222601159476, 0.00235954951495, 0.00130412285216, 0.00150725501589, 0.000944439379964, 0.000380718585802, 2.48602227657e-05, 5.66041990169e-06, 1.69087718405e-06, 5.09617052558e-07, 6.61709194105e-08, 1.40992995057e-07, 8.52830766007e-08],
        "var": [0.00072205561446, 0.282928466797, 9.20913314819, 148.017456055, 347.06036377, 1478.46875, 1539.87084961, 3961.04638672, 9772.09863281, 3785.78735352, 4394.43017578, 3350.76416016, 301.98147583, 451.183380127, 1634.77148438, 1362.99963379, 1503.16748047, 2720.62475586, 2675.08789062, 3723.92382812, 1497.56604004, 578.667541504, 292.075042725, 245.105300903, 116.853744507, 815.19732666, 1692.55029297, 2506.64916992, 4156.04980469, 742.62512207, 476.222869873, 259.400360107, 121.370880127, 32.7519416809, 6.86558389664, 4.911028862, 0.42797550559, 0.00351733271964, 1.09610891741e-06, 3.37941563622e-09]
    },
    "gfcc": {
        "mean": [-2.29902839661, 84.8616256714, -96.2573394775, 28.3508110046, -70.3490066528, 11.3540391922, -61.3325920105, 2.40946936607, -30.0234699249, 4.67778110504, -20.8953971863, -2.70164394379, -9.51502227783],
        "cov": [[4218.41210938, -1562.82861328, -221.499099731, 74.861656189, -373.585510254, 68.8275375366, -486.622772217, 147.246002197, -115.40776062, 125.93522644, -294.610412598, 99.6935501099, -224.517074585], [-1562.82861328, 2408.47290039, 130.167053223, -566.086669922, 326.208435059, -320.36819458, 70.596321106, -168.037414551, 25.0562953949, -298.035644531, 165.226547241, -190.118560791, 82.9841308594], [-221.499099731, 130.167053223, 651.46295166, -4.80916261673, 62.6782302856, 43.1932868958, -80.8135986328, 11.9512243271, -74.8110809326, -36.1400184631, -49.0107803345, 65.3580932617, 5.15245485306], [74.861656189, -566.086669922, -4.80916261673, 629.907958984, 45.0049629211, 60.8944168091, 27.7665290833, -12.3143129349, 39.691532135, 43.4876594543, -9.25216293335, -17.3677272797, 32.216178894], [-373.585510254, 326.208435059, 62.6782302856, 45.0049629211, 470.287689209, 33.6276435852, -71.6938400269, 32.7423248291, 5.62181949615, 13.9290027618, 18.3869819641, -47.9870033264, -3.40664577484], [68.8275375366, -320.36819458, 43.1932868958, 60.8944168091, 33.6276435852, 313.061279297, 89.8463287354, 47.529624939, -6.67575931549, 56.111366272, -1.77267277241, 32.2948760986, -20.8830356598], [-486.622772217, 70.596321106, -80.8135986328, 27.7665290833, -71.6938400269, 89.8463287354, 426.744537354, -14.0500907898, -0.668868243694, 3.86399555206, 47.4276924133, 21.8251113892, 3.55090665817], [147.246002197, -168.037414551, 11.9512243271, -12.3143129349, 32.7423248291, 47.529624939, -14.0500907898, 201.345672607, 29.2912368774, 41.5863647461, 15.7142000198, 17.0830631256, -11.1224622726], [-115.40776062, 25.0562953949, -74.8110809326, 39.691532135, 5.62181949615, -6.67575931549, -0.668868243694, 29.2912368774, 149.352050781, 33.8027763367, 22.389875412, -8.02932453156, 18.4497890472], [125.93522644, -298.035644531, -36.1400184631, 43.4876594543, 13.9290027618, 56.111366272, 3.86399555206, 41.5863647461, 33.8027763367, 171.858795166, 12.3634023666, 18.1831417084, -28.3228492737], [-294.610412598, 165.226547241, -49.0107803345, -9.25216293335, 18.3869819641, -1.77267277241, 47.4276924133, 15.7142000198, 22.389875412, 12.3634023666, 148.390075684, 2.34020113945, 0.768228709698], [99.6935501099, -190.118560791, 65.3580932617, -17.3677272797, -47.9870033264, 32.2948760986, 21.8251113892, 17.0830631256, -8.02932453156, 18.1831417084, 2.34020113945, 138.921264648, 5.78072452545], [-224.517074585, 82.9841308594, 5.15245485306, 32.216178894, -3.40664577484, -20.8830356598, 3.55090665817, -11.1224622726, 18.4497890472, -28.3228492737, 0.768228709698, 5.78072452545, 115.944358826]],
        "icov": [[0.000547862320673, -1.84732289199e-05, 0.000417711940827, -0.000206391181564, 0.000490919861477, -0.000201787799597, 0.000747737823986, -0.000458187161712, 0.000507789605763, -0.00013389500964, 0.000917167402804, -0.000492645660415, 0.000929099158384], [-1.84732289199e-05, 0.00224686437286, -0.00100509519689, 0.00208979612216, -0.00174724531826, 0.00149687449448, -0.00116702483501, 0.0015456948895, -0.00158893712796, 0.00251783034764, -0.00230099493638, 0.00252387556247, -0.00102031417191], [0.000417711940827, -0.00100509519689, 0.00262923864648, -0.00112836109474, 0.000837067898829, -0.00107752531767, 0.00143604387995, -0.00116223015357, 0.00186043593567, -0.000765463220887, 0.00211065076292, -0.00246688979678, 0.00102594506461], [-0.000206391181564, 0.00208979612216, -0.00112836109474, 0.00374470208772, -0.00192164059263, 0.0011322296923, -0.00143745017704, 0.00187068094965, -0.00203697779216, 0.00191549176816, -0.00225008325651, 0.00282226270065, -0.00184853933752], [0.000490919861477, -0.00174724531826, 0.000837067898829, -0.00192164059263, 0.00419512949884, -0.00169272627681, 0.00198200135492, -0.00188305205666, 0.00167567958124, -0.0021882429719, 0.00204524630681, -0.00132943573408, 0.00152650068048], [-0.000201787799597, 0.00149687449448, -0.00107752531767, 0.0011322296923, -0.00169272627681, 0.00507483258843, -0.00200214097276, 0.000425352685852, -0.00086712121265, 0.000712445529643, -0.00143288669642, 0.00124130141921, -0.000502760289237], [0.000747737823986, -0.00116702483501, 0.00143604387995, -0.00143745017704, 0.00198200135492, -0.00200214097276, 0.00442482111976, -0.00106757844333, 0.00166519824415, -0.00118199933786, 0.00147216231562, -0.00224438356236, 0.00162692239974], [-0.000458187161712, 0.0015456948895, -0.00116223015357, 0.00187068094965, -0.00188305205666, 0.000425352685852, -0.00106757844333, 0.00710028922185, -0.00257606129162, 0.000968819484115, -0.00278143375181, 0.00158869952429, -0.00114076316822], [0.000507789605763, -0.00158893712796, 0.00186043593567, -0.00203697779216, 0.00167567958124, -0.00086712121265, 0.00166519824415, -0.00257606129162, 0.00965168792754, -0.00331719731912, 0.00163727253675, -0.00186612794641, -6.51801892673e-05], [-0.00013389500964, 0.00251783034764, -0.000765463220887, 0.00191549176816, -0.0021882429719, 0.000712445529643, -0.00118199933786, 0.000968819484115, -0.00331719731912, 0.010148842819, -0.00302417878993, 0.00179357291199, 0.000571219134144], [0.000917167402804, -0.00230099493638, 0.00211065076292, -0.00225008325651, 0.00204524630681, -0.00143288669642, 0.00147216231562, -0.00278143375181, 0.00163727253675, -0.00302417878993, 0.0112829115242, -0.00373713602312, 0.00255670188926], [-0.000492645660415, 0.00252387556247, -0.00246688979678, 0.00282226270065, -0.00132943573408, 0.00124130141921, -0.00224438356236, 0.00158869952429, -0.00186612794641, 0.00179357291199, -0.00373713602312, 0.0117679405957, -0.00285615772009], [0.000929099158384, -0.00102031417191, 0.00102594506461, -0.00184853933752, 0.00152650068048, -0.000502760289237, 0.00162692239974, -0.00114076316822, -6.51801892673e-05, 0.000571219134144, 0.00255670188926, -0.00285615772009, 0.01169266738]]
    },
    "melbands": {
        "dmean": [0.000133575129439, 0.000584482040722, 0.000685181992594, 0.0010725549655, 0.000608990027104, 0.000539214408491, 0.00061419326812, 0.000273607525742, 0.00014900547103, 8.99736114661e-05, 2.69474185188e-05, 3.3913536754e-05, 4.72775827802e-05, 4.62918760604e-05, 2.9570359402e-05, 3.15948091156e-05, 3.94071539631e-05, 3.82446087315e-05, 3.95981041947e-05, 3.36538469128e-05, 1.80474853551e-05, 1.17826784845e-05, 1.10450109787e-05, 5.39051279702e-06, 6.01563215241e-06, 4.54231712865e-06, 3.38605286743e-06, 7.4683080129e-06, 9.13091298571e-06, 7.32805256121e-06, 1.02018284451e-05, 1.29446079882e-05, 9.70806195255e-06, 3.70526322513e-06, 4.39325822299e-06, 3.48858270627e-06, 3.91343064621e-06, 3.61110528502e-06, 2.80985432255e-06, 2.13638168134e-06],
        "dmean2": [0.000201311311685, 0.000870217219926, 0.00110340991523, 0.0017140355194, 0.000971529458184, 0.000859058985952, 0.00101905653719, 0.000420477997977, 0.000232777485508, 0.000143479846884, 4.14470669057e-05, 5.24526949448e-05, 7.83561263233e-05, 8.01133137429e-05, 5.01212853123e-05, 5.05115021951e-05, 6.49927969789e-05, 6.12959702266e-05, 6.30658032605e-05, 5.2422612498e-05, 2.86500398943e-05, 1.8488657588e-05, 1.71000101545e-05, 8.71032170835e-06, 9.72306679614e-06, 7.2942625593e-06, 5.37079176866e-06, 1.10836508611e-05, 1.37159531732e-05, 1.07346213554e-05, 1.55176330736e-05, 1.93602081708e-05, 1.50081077663e-05, 5.72350563743e-06, 7.01012277204e-06, 5.58359761271e-06, 6.25543907518e-06, 5.85625048188e-06, 4.42795408162e-06, 3.43708779837e-06],
        "dvar": [5.8339193032e-08, 5.88020611758e-07, 1.53094777033e-06, 2.19030266635e-06, 9.50066350924e-07, 8.06715490853e-07, 1.64053540175e-06, 3.73255602426e-07, 1.93868856968e-07, 1.40914764302e-07, 4.92885288139e-09, 4.53954696056e-09, 1.95049594254e-08, 2.48648692747e-08, 6.52439613447e-09, 8.5846849629e-09, 1.03230961557e-08, 6.55030607533e-09, 7.24011695041e-09, 6.14622708284e-09, 1.64294711169e-09, 5.33832589245e-10, 4.14584450104e-10, 1.25848734212e-10, 1.81008069644e-10, 9.26731538731e-11, 7.99941016205e-11, 3.69330038774e-10, 6.78044953517e-10, 4.01780497761e-10, 6.75670019934e-10, 9.99391902567e-10, 6.22457585475e-10, 8.94001053742e-11, 2.19081447428e-10, 1.30193952841e-10, 9.0229872185e-11, 6.50791157075e-11, 3.67056836315e-11, 1.44248614789e-11],
        "dvar2": [1.32890434656e-07, 1.23572021948e-06, 3.4453621538e-06, 5.07758340973e-06, 2.21912137022e-06, 1.76638923222e-06, 4.09009726354e-06, 8.42157191983e-07, 4.57732369341e-07, 3.6707928075e-07, 1.08294413437e-08, 1.02178168149e-08, 5.24623828824e-08, 6.96810786849e-08, 1.71614527034e-08, 2.12449098314e-08, 2.58635832751e-08, 1.577695663e-08, 1.78502990167e-08, 1.40659031089e-08, 4.03158573192e-09, 1.34033673049e-09, 9.17783293808e-10, 3.11022652077e-10, 4.39765529547e-10, 2.31866303935e-10, 1.87751494907e-10, 7.94914245539e-10, 1.42910161482e-09, 7.95609300663e-10, 1.34335076396e-09, 2.02227634638e-09, 1.30426303091e-09, 2.03348726746e-10, 5.55273771408e-10, 3.3988592496e-10, 2.20905016501e-10, 1.58810603557e-10, 8.37525118702e-11, 3.19929673032e-11],
        "max": [0.00406114012003, 0.012652582489, 0.0148650156334, 0.0163116827607, 0.0103936111555, 0.0129883280024, 0.0141316726804, 0.00951833184808, 0.00648327823728, 0.00628685206175, 0.00118563801516, 0.0008642047178, 0.00226576742716, 0.00237770751119, 0.00098269758746, 0.00117386074271, 0.00125277787447, 0.00114163209219, 0.000788041215856, 0.00114586995915, 0.000515961670317, 0.000268616480753, 0.000275640020845, 0.000133286070195, 0.000157392089022, 0.00012150593102, 0.000133898254717, 0.000229137338465, 0.000379817240173, 0.000356965494575, 0.000378442200599, 0.000445906800451, 0.000314201664878, 0.000112807749247, 0.000301926513202, 0.000206006632652, 0.000164357217727, 0.000145918340422, 0.000127404040541, 5.27836600668e-05],
        "mean": [0.000226207295782, 0.00107787398156, 0.00144754291978, 0.00176826841198, 0.00106993876398, 0.000912729359698, 0.000818464031909, 0.000345443870174, 0.00019334697572, 0.00012828335457, 3.98745833081e-05, 5.7016244682e-05, 5.26698240719e-05, 4.21462209488e-05, 3.06460824504e-05, 3.43245010299e-05, 3.93434638681e-05, 4.1104376578e-05, 4.22147386416e-05, 3.51240305463e-05, 1.94377607841e-05, 1.34419724418e-05, 1.22531328088e-05, 5.82818302064e-06, 6.75905812386e-06, 5.55952055947e-06, 4.11076734963e-06, 7.79957099439e-06, 9.4522629297e-06, 8.0257668742e-06, 1.10496357593e-05, 1.39543108162e-05, 1.04514165287e-05, 3.86969668398e-06, 4.46566582468e-06, 3.47617628904e-06, 4.07115976486e-06, 3.73393754671e-06, 3.04594982481e-06, 2.27003260989e-06],
        "median": [0.000106902298285, 0.000772426545154, 0.000583318760619, 0.00107900763396, 0.000695480557624, 0.000406687438954, 0.000322741921991, 0.000117540483188, 5.56920458621e-05, 3.75325507775e-05, 1.72772979568e-05, 2.70932450803e-05, 1.60333784152e-05, 1.14260028568e-05, 9.77406398306e-06, 9.84019970929e-06, 5.83410474064e-06, 1.1010277376e-05, 1.2275672816e-05, 7.05628826836e-06, 5.81183076065e-06, 4.43123417426e-06, 3.11537746711e-06, 1.83724444014e-06, 2.32090906138e-06, 2.24433188123e-06, 1.21979076084e-06, 9.94231754703e-07, 8.5432486685e-07, 8.25730353426e-07, 8.91217439403e-07, 1.0186978443e-06, 8.04068292837e-07, 4.4858433057e-07, 5.36480683877e-07, 5.17666023825e-07, 8.08849051737e-07, 1.01961541077e-06, 8.38035475681e-07, 6.48632010325e-07],
        "min": [2.90477885301e-07, 8.53034407555e-07, 7.28313011678e-07, 1.11487729271e-07, 2.18387938844e-07, 2.17036259187e-07, 1.55656763923e-07, 3.42454065105e-08, 3.10799563863e-08, 1.6869041275e-08, 4.6524384345e-09, 2.36890524974e-08, 1.99025151915e-08, 1.84307200612e-08, 1.05837143494e-08, 6.72273481328e-09, 4.66150051892e-09, 7.44915729101e-09, 5.63811619614e-09, 2.57685539573e-09, 2.49984344336e-09, 2.83125767275e-09, 2.56278953614e-09, 1.72728065184e-09, 1.56344825974e-09, 1.24332799611e-09, 1.20789045432e-09, 2.17172280159e-09, 4.10880190982e-10, 1.60107338498e-09, 1.1143173051e-09, 1.37071665129e-09, 1.11009101911e-09, 3.30352883937e-10, 7.3887762575e-10, 4.14060175036e-10, 3.63238272794e-10, 2.36817343513e-10, 3.39579371567e-11, 3.11599595952e-12],
