{
"highlevel": {
    "danceability": {
        "all": {
            "danceable": 0.689943015575,
            "not_danceable": 0.310056984425
        },
        "probability": 0.689943015575,
        "value": "danceable"
    },
    "gender": {
        "all": {
            "female": 0.134364232421,
            "male": 0.865635752678
        },
        "probability": 0.865635752678,
        "value": "male"
    },
    "genre_dortmund": {
        "all": {
            "alternative": 0.165480241179,
            "blues": 0.0110098617151,
            "electronic": 0.024508420378,
            "folkcountry": 0.175553068519,
            "funksoulrnb": 0.00319937895983,
            "jazz": 0.00534784328192,
            "pop": 0.0638080686331,
            "raphiphop": 0.000939850346185,
            "rock": 0.550153255463
        },
        "probability": 0.550153255463,
        "value": "rock"
    },
    "genre_electronic": {
        "all": {
            "ambient": 0.52049356699,
            "dnb": 0.236212298274,
            "house": 0.0248055532575,
            "techno": 0.0158018432558,
            "trance": 0.202686756849
        },
        "probability": 0.52049356699,
        "value": "ambient"
    },
    "genre_rosamerica": {
        "all": {
            "cla": 0.00252452562563,
            "dan": 0.00102782715112,
            "hip": 0.00030954866088,
            "jaz": 0.00057996675605,
            "pop": 0.0083777513355,
            "rhy": 0.00571961887181,
            "roc": 0.981418967247,
            "spe": 4.17660157837e-05
        },
        "probability": 0.981418967247,
        "value": "roc"
    },
    "genre_tzanetakis": {
        "all": {
            "blu": 0.0626541376114,
            "cla": 0.0348133966327,
            "cou": 0.0783501937985,
            "dis": 0.104547761381,
            "hip": 0.15693578124,
            "jaz": 0.313987255096,
            "met": 0.044816005975,
            "pop": 0.0627349764109,
            "reg": 0.0627352520823,
            "roc": 0.0784252434969
        },
        "probability": 0.313987255096,
        "value": "jaz"
    },
    "ismir04_rhythm": {
        "all": {
            "ChaChaCha": 0.197868615389,
            "Jive": 0.489640563726,
            "Quickstep": 0.114663682878,
            "Rumba-American": 0.0097888065502,
            "Rumba-International": 0.015065478161,
            "Rumba-Misc": 0.00279021100141,
            "Samba": 0.104961074889,
            "Tango": 0.0145768094808,
            "VienneseWaltz": 0.0440694391727,
            "Waltz": 0.00657531805336
        },
        "probability": 0.489640563726,
        "value": "Jive"
    },
    "mood_acoustic": {
        "all": {
            "acoustic": 0.038229867816,
            "not_acoustic": 0.961770117283
        },
        "probability": 0.961770117283,
        "value": "not_acoustic"
    },
    "mood_aggressive": {
        "all": {
            "aggressive": 0.736519157887,
            "not_aggressive": 0.263480842113
        },
        "probability": 0.736519157887,
        "value": "aggressive"
    },
    "mood_electronic": {
        "all": {
            "electronic": 0.0386603288352,
            "not_electronic": 0.961339652538
        },
        "probability": 0.961339652538,
        "value": "not_electronic"
    },
    "mood_happy": {
        "all": {
            "happy": 0.942681133747,
            "not_happy": 0.0573188774288
        },
        "probability": 0.942681133747,
        "value": "happy"
    },
    "mood_party": {
        "all": {
            "not_party": 0.689285516739,
            "party": 0.310714483261
        },
        "probability": 0.689285516739,
        "value": "not_party"
    },
    "mood_relaxed": {
        "all": {
            "not_relaxed": 0.953571557999,
            "relaxed": 0.0464284233749
        },
        "probability": 0.953571557999,
        "value": "not_relaxed"
    },
    "mood_sad": {
        "all": {
            "not_sad": 0.886079967022,
            "sad": 0.113920047879
        },
        "probability": 0.886079967022,
        "value": "not_sad"
    },
    "moods_mirex": {
        "all": {
            "Cluster1": 0.3442722857,
            "Cluster2": 0.232851862907,
            "Cluster3": 0.131464108825,
            "Cluster4": 0.130714595318,
            "Cluster5": 0.160697132349
        },
        "probability": 0.3442722857,
        "value": "Cluster1"
    },
    "timbre": {
        "all": {
            "bright": 0.999986708164,
            "dark": 1.32818004204e-05
        },
        "probability": 0.999986708164,
        "value": "bright"
    },
    "tonal_atonal": {
        "all": {
            "atonal": 0.000210001890082,
            "tonal": 0.999790012836
        },
        "probability": 0.999790012836,
        "value": "tonal"
    },
    "voice_instrumental": {
        "all": {
            "instrumental": 0.000815764360595,
            "voice": 0.999184250832
        },
        "probability": 0.999184250832,
        "value": "voice"
    }
},
"lowlevel": {
    "average_loudness": 0.929955482483,
    "barkbands_crest": {
        "dmean": 2.58751535416,
        "dmean2": 4.23573255539,
        "dvar": 6.54148101807,
        "dvar2": 15.9612855911,
        "max": 22.3765068054,
        "mean": 8.42744731903,
        "median": 7.51097774506,
        "min": 2.73473405838,
        "var": 12.7963867188
    },
    "barkbands_flatness_db": {
        "dmean": 0.0153944706544,
        "dmean2": 0.024950588122,
        "dvar": 0.000185456563486,
        "dvar2": 0.000488440331537,
        "max": 0.231050789356,
        "mean": 0.108376041055,
        "median": 0.106006853282,
        "min": 0.0493348576128,
        "var": 0.000490429869387
    },
    "barkbands_kurtosis": {
        "dmean": 1.13507902622,
        "dmean2": 1.88478147984,
        "dvar": 2.36672782898,
        "dvar2": 5.99979972839,
        "max": 21.1602020264,
        "mean": 0.740901589394,
        "median": 0.376665353775,
        "min": -1.6606477499,
        "var": 3.00224757195
    },
    "barkbands_skewness": {
        "dmean": 0.370817214251,
        "dmean2": 0.594238877296,
        "dvar": 0.139319002628,
        "dvar2": 0.326649844646,
        "max": 4.43502235413,
        "mean": 0.92008805275,
        "median": 0.884780228138,
        "min": -0.96267592907,
        "var": 0.33013650775
    },
    "barkbands_spread": {
        "dmean": 4.96744251251,
        "dmean2": 7.79358053207,
        "dvar": 18.8358707428,
        "dvar2": 46.3794326782,
        "max": 70.3273239136,
        "mean": 27.9194641113,
        "median": 27.4010009766,
        "min": 6.08540058136,
        "var": 77.5976028442
    },
    "dissonance": {
        "dmean": 0.0162691678852,
        "dmean2": 0.0280530173331,
        "dvar": 0.00023204619356,
        "dvar2": 0.00065783894388,
        "max": 0.499999880791,
        "mean": 0.473824650049,
        "median": 0.47780624032,
        "min": 0.359274059534,
        "var": 0.000352386909071
    },
    "dynamic_complexity": 1.5436245203,
    "erbbands_crest": {
        "dmean": 2.83540225029,
        "dmean2": 4.68925333023,
        "dvar": 7.13513898849,
        "dvar2": 18.4185085297,
        "max": 29.9054603577,
        "mean": 9.34970188141,
        "median": 8.01365184784,
        "min": 3.10288715363,
        "var": 21.9124908447
    },
    "erbbands_flatness_db": {
        "dmean": 0.0139307640493,
        "dmean2": 0.0211050137877,
        "dvar": 0.000154676527018,
        "dvar2": 0.000336626399076,
        "max": 0.262558490038,
        "mean": 0.133653581142,
        "median": 0.129278108478,
        "min": 0.0707371756434,
        "var": 0.000817886088043
    },
    "erbbands_kurtosis": {
        "dmean": 0.845957398415,
        "dmean2": 1.34845149517,
        "dvar": 1.63240873814,
        "dvar2": 4.44285106659,
        "max": 21.8439311981,
        "mean": 0.748988807201,
        "median": 0.263917207718,
        "min": -1.36109578609,
        "var": 3.22088956833
    },
    "erbbands_skewness": {
        "dmean": 0.323788195848,
        "dmean2": 0.507363796234,
        "dvar": 0.0828981697559,
        "dvar2": 0.213145419955,
        "max": 3.84343719482,
        "mean": 0.216611534357,
        "median": 0.106346197426,
        "min": -1.45357680321,
        "var": 0.390213876963
    },
    "erbbands_spread": {
        "dmean": 5.63054037094,
        "dmean2": 8.73504638672,
        "dvar": 22.4695014954,
        "dvar2": 48.6390037537,
        "max": 79.4399185181,
        "mean": 31.3986339569,
        "median": 31.0327529907,
        "min": 4.56236791611,
        "var": 119.954803467
    },
    "hfc": {
        "dmean": 6.48962974548,
        "dmean2": 9.70321846008,
        "dvar": 48.2708053589,
        "dvar2": 111.036552429,
        "max": 94.4506072998,
        "mean": 30.4013500214,
        "median": 26.9148578644,
        "min": 9.26170635223,
        "var": 215.477661133
    },
    "melbands_crest": {
        "dmean": 2.95139718056,
        "dmean2": 4.87332391739,
        "dvar": 6.71107053757,
        "dvar2": 16.5577011108,
        "max": 25.5301818848,
        "mean": 12.2145385742,
        "median": 11.7934265137,
        "min": 4.06816577911,
        "var": 15.2552957535
    },
    "melbands_flatness_db": {
        "dmean": 0.0207857899368,
        "dmean2": 0.0331296660006,
        "dvar": 0.000397185736801,
        "dvar2": 0.000969731074292,
        "max": 0.273507773876,
        "mean": 0.155690342188,
        "median": 0.153043031693,
        "min": 0.0539803653955,
        "var": 0.000954190269113
    },
    "melbands_kurtosis": {
        "dmean": 2.86415410042,
        "dmean2": 4.69078302383,
        "dvar": 20.4583435059,
        "dvar2": 50.0403404236,
        "max": 74.8100814819,
        "mean": 4.4794459343,
        "median": 3.11436223984,
        "min": -1.20246291161,
        "var": 27.5548229218
    },
    "melbands_skewness": {
        "dmean": 0.533947587013,
        "dmean2": 0.848170816898,
        "dvar": 0.301918178797,
        "dvar2": 0.690267026424,
        "max": 7.45123720169,
        "mean": 1.74381017685,
        "median": 1.69347310066,
        "min": -0.714154005051,
        "var": 0.886080801487
    },
    "melbands_spread": {
        "dmean": 6.85187387466,
        "dmean2": 10.9293270111,
        "dvar": 39.5053863525,
        "dvar2": 88.6463775635,
        "max": 107.688796997,
        "mean": 30.1008319855,
        "median": 28.840763092,
        "min": 4.99546670914,
        "var": 111.131706238
    },
    "pitch_salience": {
        "dmean": 0.0658772215247,
        "dmean2": 0.111961089075,
        "dvar": 0.00337691209279,
        "dvar2": 0.00847991090268,
        "max": 0.810319602489,
        "mean": 0.548690795898,
        "median": 0.551310539246,
        "min": 0.255211502314,
        "var": 0.00751918926835
    },
    "silence_rate_20dB": {
        "dmean": 0,
        "dmean2": 0,
        "dvar": 0,
        "dvar2": 0,
        "max": 1,
        "mean": 1,
        "median": 1,
        "min": 1,
        "var": 0
    },
    "silence_rate_30dB": {
        "dmean": 0,
        "dmean2": 0,
        "dvar": 0,
        "dvar2": 0,
        "max": 1,
        "mean": 1,
        "median": 1,
        "min": 1,
        "var": 0
    },
    "silence_rate_60dB": {
        "dmean": 0,
        "dmean2": 0,
        "dvar": 0,
        "dvar2": 0,
        "max": 0,
        "mean": 0,
        "median": 0,
        "min": 0,
        "var": 0
    },
    "spectral_centroid": {
        "dmean": 207.387939453,
        "dmean2": 329.531677246,
        "dvar": 33433.9570312,
        "dvar2": 78009.015625,
        "max": 3361.8371582,
        "mean": 1501.27026367,
        "median": 1460.359375,
        "min": 782.138427734,
        "var": 115744.460938
    },
    "spectral_complexity": {
        "dmean": 3.97058820724,
        "dmean2": 5.95817184448,
        "dvar": 12.7963275909,
        "dvar2": 26.3484039307,
        "max": 55,
        "mean": 27.8530540466,
        "median": 27,
        "min": 14,
        "var": 39.3210754395
    },
    "spectral_decrease": {
        "dmean": 2.79012768445e-09,
        "dmean2": 4.50484627379e-09,
        "dvar": 1.24279635328e-17,
        "dvar2": 3.08062971241e-17,
        "max": -2.33805907968e-09,
        "mean": -8.50801651353e-09,
        "median": -7.13624936921e-09,
        "min": -2.73324314293e-08,
        "var": 2.01296453473e-17
    },
    "spectral_energy": {
        "dmean": 0.0109533723444,
        "dmean2": 0.0176186040044,
        "dvar": 0.000186222270713,
        "dvar2": 0.000460816401755,
        "max": 0.110226854682,
        "mean": 0.0348687395453,
        "median": 0.029739651829,
        "min": 0.010316262953,
        "var": 0.00031729505281
    },
    "spectral_energyband_high": {
        "dmean": 0.000246693351073,
        "dmean2": 0.000322942622006,
        "dvar": 1.23968462162e-07,
        "dvar2": 1.74998746161e-07,
        "max": 0.011025599204,
        "mean": 0.000953712034971,
        "median": 0.000724336772691,
        "min": 0.000139759707963,
        "var": 9.09423704343e-07
    },
    "spectral_energyband_low": {
        "dmean": 0.00719237187877,
        "dmean2": 0.0118424203247,
        "dvar": 0.000133532274049,
        "dvar2": 0.000334416341502,
        "max": 0.0874399468303,
        "mean": 0.0118834050372,
        "median": 0.00825761351734,
        "min": 0.000864073110279,
        "var": 0.000139009789564
    },
    "spectral_energyband_middle_high": {
        "dmean": 0.00348671455868,
        "dmean2": 0.0055464413017,
        "dvar": 3.23384265357e-05,
        "dvar2": 8.95428966032e-05,
        "max": 0.0864492431283,
        "mean": 0.0111188087612,
        "median": 0.0076093855314,
        "min": 0.00230884435587,
        "var": 9.9143202533e-05
    },
    "spectral_energyband_middle_low": {
        "dmean": 0.00480331573635,
        "dmean2": 0.00773240299895,
        "dvar": 3.352076601e-05,
        "dvar2": 8.1927915744e-05,
        "max": 0.0755125358701,
        "mean": 0.0126668084413,
        "median": 0.0104263164103,
        "min": 0.00175745529123,
        "var": 6.62564998493e-05
    },
    "spectral_entropy": {
        "dmean": 0.095044657588,
        "dmean2": 0.142263039947,
        "dvar": 0.00653167488053,
        "dvar2": 0.0145268989727,
        "max": 8.35581970215,
        "mean": 7.78367042542,
        "median": 7.78826475143,
        "min": 6.95118570328,
        "var": 0.0333218425512
    },
    "spectral_flux": {
        "dmean": 0.0273109264672,
        "dmean2": 0.0427032709122,
        "dvar": 0.000857772305608,
        "dvar2": 0.00193268212024,
        "max": 0.256713867188,
        "mean": 0.103526555002,
        "median": 0.0950462520123,
        "min": 0.034897852689,
        "var": 0.00174781633541
    },
    "spectral_kurtosis": {
        "dmean": 0.769624114037,
        "dmean2": 1.25723457336,
        "dvar": 0.474763274193,
        "dvar2": 1.14395272732,
        "max": 15.1909427643,
        "mean": 4.62920331955,
        "median": 4.61310052872,
        "min": 0.552414894104,
        "var": 1.6208511591
    },
    "spectral_rms": {
        "dmean": 0.000854081066791,
        "dmean2": 0.00134873948991,
        "dvar": 8.75404566614e-07,
        "dvar2": 2.06111531043e-06,
        "max": 0.0103700719774,
        "mean": 0.00566943362355,
        "median": 0.00538649177179,
        "min": 0.00317248282954,
        "var": 1.87578507393e-06
    },
    "spectral_rolloff": {
        "dmean": 410.747375488,
        "dmean2": 678.938781738,
        "dvar": 249456.796875,
        "dvar2": 529274.625,
        "max": 7213.62304688,
        "mean": 1651.81030273,
        "median": 1614.99023438,
        "min": 150.732421875,
        "var": 642238.5
    },
    "spectral_skewness": {
        "dmean": 0.128075420856,
        "dmean2": 0.199689686298,
        "dvar": 0.0135882878676,
        "dvar2": 0.0289866942912,
        "max": 3.37647747993,
        "mean": 1.70857346058,
        "median": 1.7278342247,
        "min": 0.503843188286,
        "var": 0.0551105923951
    },
    "spectral_spread": {
        "dmean": 376818.3125,
        "dmean2": 569685.75,
        "dvar": 119694901248,
        "dvar2": 253916528640,
        "max": 9558541,
        "mean": 4753779,
        "median": 4680583,
        "min": 2862952.25,
        "var": 600694980608
    },
    "spectral_strongpeak": {
        "dmean": 0.754365980625,
        "dmean2": 1.31177711487,
        "dvar": 1.35504817963,
        "dvar2": 3.34653663635,
        "max": 9.02354621887,
        "mean": 1.13054943085,
        "median": 0.405766487122,
        "min": 0.0491787455976,
        "var": 2.35567116737
    },
    "zerocrossingrate": {
        "dmean": 0.00851242057979,
        "dmean2": 0.010762989521,
        "dvar": 5.88537914155e-05,
        "dvar2": 8.63262612256e-05,
        "max": 0.205078125,
        "mean": 0.0706689879298,
        "median": 0.06787109375,
        "min": 0.02783203125,
        "var": 0.000408120162319
    },
    "barkbands": {
        "dmean": [7.7297896496e-05, 0.00561713054776, 0.00188152783085, 0.00155533745419, 0.000888362585101, 0.00177711539436, 0.000923278916162, 0.000725694641005, 0.00176784221549, 0.00190389319323, 0.000817609659862, 0.000515702413395, 0.000756559893489, 0.000481860741274, 0.000834615027998, 0.000431518710684, 0.000348826230038, 0.000245167699177, 0.000224200513912, 0.00010787750216, 7.31400286895e-05, 7.60053444537e-05, 3.91831672459e-05, 4.40066251031e-05, 5.67514471186e-05, 3.9596863644e-05, 2.23344720496e-08],
        "dmean2": [0.000127966326545, 0.00921217445284, 0.00324433832429, 0.00264087575488, 0.00151542131789, 0.00297703058459, 0.00157448172104, 0.00112134031951, 0.00285678124055, 0.00311839929782, 0.00131700257771, 0.000781199079938, 0.0012066810159, 0.000789640878793, 0.00141029164661, 0.00069311412517, 0.000572831137106, 0.000397818424972, 0.00035353685962, 0.000163259304827, 0.000111459346954, 0.000118161820865, 5.85199704801e-05, 6.82098761899e-05, 8.05001327535e-05, 6.05351706326e-05, 3.73927484532e-08],
        "dvar": [2.6113490037e-08, 0.000101454730611, 6.053510333e-06, 3.26246731674e-06, 9.97781171463e-07, 7.1452782322e-06, 3.08490916723e-06, 1.99170835913e-06, 1.36451217259e-05, 2.81135453406e-05, 5.59630780117e-06, 2.4957032565e-06, 1.73577188889e-06, 1.37484198603e-06, 1.7200052298e-06, 3.78105625032e-07, 1.41627140238e-07, 8.38505940237e-08, 1.01949041209e-07, 2.71370073079e-08, 1.26563719505e-08, 1.6643696199e-08, 9.41762134943e-09, 5.49836576269e-09, 7.18618586859e-09, 2.10176431814e-09, 1.53944189346e-14],
        "dvar2": [6.1592309919e-08, 0.000249958393397, 1.72395375557e-05, 9.0928060672e-06, 2.63806919065e-06, 1.72587770066e-05, 8.01228088676e-06, 4.81839788335e-06, 3.30607545038e-05, 7.55520377425e-05, 1.6075980966e-05, 4.6607551667e-06, 4.1738658183e-06, 3.51758262696e-06, 4.63768037662e-06, 8.70418602972e-07, 3.67607327689e-07, 2.06736231689e-07, 2.44259780402e-07, 5.01076833359e-08, 2.6178055279e-08, 3.18358033269e-08, 2.02512353553e-08, 1.28144348466e-08, 1.46076857277e-08, 4.81787587603e-09, 2.05192037406e-14],
        "max": [0.00380460266024, 0.0737027823925, 0.0226288661361, 0.015914645046, 0.0103477481753, 0.0291222315282, 0.0194321423769, 0.0318048894405, 0.0730143785477, 0.0804520249367, 0.0526843369007, 0.042918574065, 0.0195189099759, 0.0176778491586, 0.0182034112513, 0.010351289995, 0.00398598704487, 0.00317601137795, 0.00411338591948, 0.00370089430362, 0.00261838361621, 0.00396919436753, 0.00300619844347, 0.00147097872104, 0.00251959171146, 0.000624486710876, 3.97359644921e-06],
        "mean": [9.04092376004e-05, 0.00708106579259, 0.00335690774955, 0.0023565357551, 0.00166908325627, 0.00248341262341, 0.00110910704825, 0.0013014288852, 0.00298649072647, 0.00327996583655, 0.00132537086029, 0.000883488100953, 0.00132445525378, 0.000711309025064, 0.00136074586771, 0.000844985130243, 0.000686761515681, 0.000498370092828, 0.000425174628617, 0.000240657260292, 0.000183972922969, 0.000191501661902, 0.00010053965525, 0.000125034450321, 0.000156775437063, 9.51782640186e-05, 1.67343170432e-08],
        "median": [2.93167886412e-05, 0.00359413470142, 0.00217548431829, 0.0017871838063, 0.00133820110932, 0.00153593532741, 0.000564815942198, 0.000762726936955, 0.00131475669332, 0.000708084960934, 0.000565397494938, 0.000414572947193, 0.000682248326484, 0.000283003406366, 0.000932008959353, 0.000603375723585, 0.000573182944208, 0.000371318456018, 0.000277629034827, 0.00016736931866, 0.00013291813957, 0.000126123995869, 5.79224979447e-05, 8.71477823239e-05, 0.000118152616778, 7.54256761866e-05, 7.75215502902e-10],
        "min": [1.16075050016e-07, 1.13605356091e-05, 2.16282005567e-05, 3.34049291268e-05, 0.000105341438029, 2.89185809379e-05, 2.39957917074e-05, 2.42214373429e-05, 3.9793238102e-05, 2.80984349956e-05, 2.12704690057e-05, 1.92513653019e-05, 5.54796279175e-05, 1.73352145794e-05, 9.25750937313e-05, 5.61354354431e-05, 6.42965824227e-05, 4.80942690047e-05, 2.81607026409e-05, 2.45178380283e-05, 2.13912971958e-05, 2.06019176403e-05, 8.68758615979e-06, 9.50348476181e-06, 7.62398030929e-06, 3.16806023193e-07, 9.29894702906e-12],
        "var": [3.35924568162e-08, 0.000103376718471, 1.00795778053e-05, 4.34860658061e-06, 1.60972194863e-06, 9.15152031666e-06, 3.12803081215e-06, 3.40817314282e-06, 3.22188097925e-05, 5.79601110076e-05, 7.80363006925e-06, 4.65947096018e-06, 3.81920926884e-06, 1.90858963833e-06, 2.13191879084e-06, 8.62278682234e-07, 2.21545249701e-07, 1.62053453323e-07, 2.18516873929e-07, 7.885487463e-08, 4.50951915809e-08, 6.33763832525e-08, 3.80181504056e-08, 2.1034118447e-08, 2.99280387139e-08, 5.61869795135e-09, 1.47573586787e-14]
    },
    "erbbands": {
        "dmean": [0.135175764561, 1.3751938343, 2.36125850677, 3.70687413216, 3.68559908867, 3.00818681717, 6.58818292618, 18.6060771942, 16.2952289581, 11.1169366837, 17.6833839417, 45.2076950073, 42.9920043945, 55.1849250793, 30.5607700348, 22.6201667786, 36.4418144226, 22.0768814087, 42.4847450256, 26.845615387, 21.6522483826, 15.6634759903, 14.393283844, 9.98783111572, 11.3628616333, 4.69812107086, 3.32955884933, 2.68484139442, 3.05757761002, 1.63958537579, 1.0805734396, 0.908417522907, 0.876526832581, 0.650015056133, 0.466028511524, 0.230958938599, 0.07234082371, 0.00665639294311, 0.000114617636427, 1.4849719264e-05],
        "dmean2": [0.204036861658, 2.33388924599, 4.14931297302, 6.21456861496, 6.25232553482, 5.15919733047, 10.8424863815, 31.4035930634, 27.9103622437, 18.6858577728, 26.2885513306, 73.3653030396, 67.303855896, 91.3245620728, 49.0925064087, 34.4089508057, 57.9344062805, 35.1972694397, 70.7988128662, 43.4739952087, 33.9434776306, 25.4259567261, 23.2941932678, 15.7780046463, 17.817150116, 7.03111314774, 5.15013408661, 4.043217659, 4.79098367691, 2.46808671951, 1.59311330318, 1.40545785427, 1.3586012125, 0.961356639862, 0.698795735836, 0.360520422459, 0.110670022666, 0.0108577441424, 0.000180532355444, 2.25993189815e-05],
        "dvar": [0.05211526528, 6.36844301224, 13.2039489746, 17.8196086884, 19.2539272308, 13.8255319595, 98.5129776001, 784.895080566, 1031.22717285, 1075.015625, 1063.73022461, 10804.1259766, 12142.6845703, 30053.4453125, 4880.85205078, 4711.52539062, 4420.10351562, 2712.48461914, 4331.15625, 2189.71679688, 765.776733398, 316.642089844, 273.892303467, 161.057342529, 328.262756348, 56.2984275818, 25.4502735138, 19.4526252747, 20.6300163269, 18.8876476288, 6.13468980789, 4.11241102219, 1.3843318224, 1.20841431618, 0.371530503035, 0.0710263028741, 0.00800596084446, 8.07411270216e-05, 2.22145857265e-08, 2.70786393308e-10],
        "dvar2": [0.108357340097, 16.42237854, 37.7405967712, 50.2399406433, 54.5455970764, 35.5781326294, 247.621994019, 1937.78039551, 2784.58520508, 3012.17236328, 2278.64477539, 26307.0175781, 31009.3300781, 81525.1875, 13799.1806641, 8708.36914062, 10862.8828125, 6002.44775391, 10493.5820312, 5324.07080078, 1909.66345215, 799.825195312, 672.118347168, 397.745544434, 754.865905762, 115.913230896, 46.046787262, 41.2571487427, 42.1210365295, 38.821685791, 11.7299585342, 9.78665733337, 3.24471521378, 2.64156794548, 0.761752963066, 0.164796590805, 0.0188070964068, 0.000210398677154, 5.44272076297e-08, 6.02851268905e-10],
        "max": [1.71741986275, 18.9945697784, 31.6270885468, 37.5727806091, 48.9316940308, 35.848449707, 138.84085083, 305.445251465, 285.910125732, 741.964782715, 564.597595215, 2216.93530273, 1536.50085449, 2687.47387695, 1330.52233887, 1836.22937012, 1093.72302246, 1064.84729004, 839.806945801, 821.265075684, 505.540924072, 198.096786499, 171.103591919, 221.622711182, 217.879486084, 173.379943848, 121.483345032, 95.9297332764, 101.612976074, 170.297912598, 64.0852661133, 35.0227508545, 23.7473201752, 27.081205368, 16.2046833038, 4.56746482849, 1.58247184753, 0.162665039301, 0.00281853205524, 0.000168358659721],
        "mean": [0.162468925118, 1.7150182724, 3.85218596458, 6.66656923294, 6.2375202179, 5.17605066299, 10.0235805511, 24.7694339752, 19.218536377, 17.0498180389, 34.1773452759, 77.5099868774, 76.2256088257, 96.787902832, 54.4078979492, 42.8543319702, 64.7073440552, 38.8899650574, 72.7291030884, 49.9046325684, 46.7164039612, 33.8296699524, 31.1468601227, 21.1081447601, 21.636756897, 11.2609291077, 8.05380630493, 6.98844051361, 7.42321777344, 4.24599266052, 2.7038424015, 2.3672978878, 2.31308555603, 1.77762937546, 1.08551359177, 0.543380498886, 0.156179517508, 0.0112689007074, 0.000243580419919, 5.50779986952e-05],
        "median": [0.0492015294731, 0.93513071537, 2.88453841209, 4.7343249321, 4.8651971817, 3.83874344826, 6.44374847412, 15.3013820648, 10.5519094467, 11.1613311768, 15.5702838898, 37.1436004639, 22.3483562469, 25.543214798, 26.9438610077, 22.0764312744, 33.6544151306, 20.4210700989, 46.678730011, 33.5439300537, 37.0220222473, 28.2056827545, 24.7643928528, 15.8331232071, 13.3483858109, 7.932970047, 5.76566505432, 5.00439882278, 5.03633880615, 2.57637572289, 1.47666990757, 1.47247684002, 1.7080489397, 1.27595460415, 0.825864374638, 0.435027360916, 0.119857877493, 0.00831178575754, 0.000187265031855, 4.89749472763e-05],
        "min": [0.00123128760606, 0.0237776450813, 0.198903173208, 0.0670516863465, 0.203494444489, 0.232696637511, 0.399470180273, 0.368849694729, 0.566907703876, 0.409222781658, 0.991432547569, 1.47729861736, 1.35235393047, 1.66390061378, 2.2602186203, 2.77046108246, 2.78681349754, 3.09040594101, 5.02306890488, 5.39401817322, 3.93105053902, 4.12495756149, 2.84932756424, 2.16029024124, 1.75380241871, 1.25372540951, 0.930958449841, 0.78153938055, 0.768876075745, 0.292659193277, 0.21212489903, 0.080691896379, 0.192755818367, 0.0902420729399, 0.021865606308, 0.00342482235283, 0.000157349175424, 9.21255832509e-06, 1.1414720575e-05, 1.9386097847e-05],
        "var": [0.0683891922235, 5.8431096077, 12.0573596954, 33.6339530945, 27.2729969025, 19.9302616119, 130.400222778, 978.552124023, 901.659057617, 847.511230469, 2589.4140625, 23686.2109375, 24226.0488281, 61394.8945312, 8445.87207031, 8691.79882812, 9683.5, 4094.44897461, 6436.39941406, 3376.3684082, 1738.34594727, 488.75579834, 532.431030273, 332.217102051, 718.929016113, 159.325775146, 90.2228240967, 66.0518875122, 68.357963562, 79.1407546997, 26.3221855164, 13.6516580582, 5.2535276413, 4.91236877441, 1.18600773811, 0.193599447608, 0.0181978158653, 0.000132299493998, 4.47571260054e-08, 6.48062825626e-10]
    },
    "gfcc": {
        "mean": [61.9789543152, 77.1279983521, -117.760124207, 24.2295722961, -49.9960250854, 23.8108081818, -42.4447669983, 21.8066673279, -29.3929233551, 9.63839054108, -25.5880222321, 4.00918865204, -13.2325220108],
        "cov": [[434.335998535, -82.1657943726, 31.6244564056, 6.37591600418, -47.013053894, -11.1218099594, 49.7749061584, 14.8028640747, -4.21711063385, 25.6983566284, 29.4480609894, 50.3695220947, 10.3707427979], [-82.1657943726, 204.539672852, -20.1668109894, -28.445148468, 39.0257339478, -11.1352062225, 26.5074729919, 5.97591638565, 18.0626964569, -6.36063051224, 9.73421382904, -9.21482944489, 10.5628223419], [31.6244564056, -20.1668109894, 171.658096313, 47.2763633728, 9.56261062622, 5.06133365631, -23.2263069153, 23.7597637177, 16.3824291229, 27.6785411835, 5.7638168335, 25.7367935181, 8.6141204834], [6.37591600418, -28.445148468, 47.2763633728, 150.544631958, 37.7967071533, -8.99378967285, -18.3706245422, 5.74578475952, 26.2846488953, 24.9238834381, 21.0123901367, 10.1150007248, 12.7456417084], [-47.013053894, 39.0257339478, 9.56261062622, 37.7967071533, 110.920410156, 31.9054584503, 10.2819166183, 11.9617757797, 8.68545055389, 15.899140358, 7.30698537827, 1.78142344952, 2.04836702347], [-11.1218099594, -11.1352062225, 5.06133365631, -8.99378967285, 31.9054584503, 95.8443756104, 51.8089637756, 10.4870576859, -5.8527340889, -6.63723945618, 5.96290445328, 1.05550456047, 8.24350070953], [49.7749061584, 26.5074729919, -23.2263069153, -18.3706245422, 10.2819166183, 51.8089637756, 122.480690002, 44.103351593, 1.1209769249, -11.7973117828, 4.55729866028, 15.7342853546, 14.3994016647], [14.8028640747, 5.97591638565, 23.7597637177, 5.74578475952, 11.9617757797, 10.4870576859, 44.103351593, 71.3459777832, 30.6395759583, 4.65637207031, -0.401927620173, 9.05642795563, 9.17913818359], [-4.21711063385, 18.0626964569, 16.3824291229, 26.2846488953, 8.68545055389, -5.8527340889, 1.1209769249, 30.6395759583, 63.2708435059, 28.1051902771, 3.75592398643, 1.84784650803, 6.94636392593], [25.6983566284, -6.36063051224, 27.6785411835, 24.9238834381, 15.899140358, -6.63723945618, -11.7973117828, 4.65637207031, 28.1051902771, 59.5941238403, 26.2487697601, 9.14282608032, 3.01753973961], [29.4480609894, 9.73421382904, 5.7638168335, 21.0123901367, 7.30698537827, 5.96290445328, 4.55729866028, -0.401927620173, 3.75592398643, 26.2487697601, 50.812461853, 23.7445163727, 4.22076940536], [50.3695220947, -9.21482944489, 25.7367935181, 10.1150007248, 1.78142344952, 1.05550456047, 15.7342853546, 9.05642795563, 1.84784650803, 9.14282608032, 23.7445163727, 56.0250205994, 27.032541275], [10.3707427979, 10.5628223419, 8.6141204834, 12.7456417084, 2.04836702347, 8.24350070953, 14.3994016647, 9.17913818359, 6.94636392593, 3.01753973961, 4.22076940536, 27.032541275, 54.1730918884]],
        "icov": [[0.00337465386838, 0.0017014935147, -0.000847729679663, 0.000441659707576, 0.000566892966162, 0.00203954312019, -0.00303352437913, 0.0011172221275, -0.000134570727823, -0.000796464213636, -0.00147835200187, -0.00109930464532, 6.36756667518e-05], [0.0017014935147, 0.0114669222385, -0.00404107803479, 0.00641703698784, -0.0078795356676, 0.00994177907705, -0.00809065345675, 0.00726956408471, -0.00916505791247, 0.0095738125965, -0.0128849893808, 0.00977111235261, -0.00695491628721], [-0.000847729679663, -0.00404107803479, 0.0109626492485, -0.00520681170747, 0.00446928711608, -0.00762705178931, 0.00793027225882, -0.00861372798681, 0.00624412577599, -0.00886295642704, 0.0101263215765, -0.0101791368797, 0.00475880270824], [0.000441659707576, 0.00641703698784, -0.00520681170747, 0.0133531326428, -0.00837771221995, 0.00816312339157, -0.0045003965497, 0.00623051961884, -0.00937180034816, 0.008141878061, -0.0127628855407, 0.00882107485086, -0.00709355389699], [0.000566892966162, -0.0078795356676, 0.00446928711608, -0.00837771221995, 0.0186044238508, -0.0121352728456, 0.00628084735945, -0.0081854518503, 0.0091738505289, -0.0126028405502, 0.0121650295332, -0.00998092163354, 0.0071072797291], [0.00203954312019, 0.00994177907705, -0.00762705178931, 0.00816312339157, -0.0121352728456, 0.0267096813768, -0.0163115039468, 0.011135334149, -0.00897608045489, 0.0125217083842, -0.0173550155014, 0.0148245384917, -0.00978523492813], [-0.00303352437913, -0.00809065345675, 0.00793027225882, -0.0045003965497, 0.00628084735945, -0.0163115039468, 0.0245324410498, -0.0176208540797, 0.00961679127067, -0.00619797082618, 0.0103119621053, -0.0112600540742, 0.00459310505539], [0.0011172221275, 0.00726956408471, -0.00861372798681, 0.00623051961884, -0.0081854518503, 0.011135334149, -0.0176208540797, 0.0339172296226, -0.0207949392498, 0.0122373504564, -0.0100465184078, 0.00812146719545, -0.00546085974202], [-0.000134570727823, -0.00916505791247, 0.00624412577599, -0.00937180034816, 0.0091738505289, -0.00897608045489, 0.00961679127067, -0.0207949392498, 0.0379646159708, -0.0241359751672, 0.0170908961445, -0.00876797642559, 0.00453125545755], [-0.000796464213636, 0.0095738125965, -0.00886295642704, 0.008141878061, -0.0126028405502, 0.0125217083842, -0.00619797082618, 0.0122373504564, -0.0241359751672, 0.0442346222699, -0.0303156618029, 0.0154995154589, -0.00881693325937], [-0.00147835200187, -0.0128849893808, 0.0101263215765, -0.0127628855407, 0.0121650295332, -0.0173550155014, 0.0103119621053, -0.0100465184078, 0.0170908961445, -0.0303156618029, 0.0537632107735, -0.0305311474949, 0.0158736873418], [-0.00109930464532, 0.00977111235261, -0.0101791368797, 0.00882107485086, -0.00998092163354, 0.0148245384917, -0.0112600540742, 0.00812146719545, -0.00876797642559, 0.0154995154589, -0.0305311474949, 0.0474243946373, -0.0234383754432], [6.36756667518e-05, -0.00695491628721, 0.00475880270824, -0.00709355389699, 0.0071072797291, -0.00978523492813, 0.00459310505539, -0.00546085974202, 0.00453125545755, -0.00881693325937, 0.0158736873418, -0.0234383754432, 0.0320093557239]]
    },
    "melbands": {
        "dmean": [0.00142253865488, 0.00143655785359, 0.000621163635515, 0.000205990494578, 0.000211028585909, 0.000391804729588, 0.000228877892368, 0.00012513580441, 0.000161233037943, 0.000290262309136, 0.000221195092308, 0.000240532564931, 0.000108362663013, 6.78675496601e-05, 6.60584919387e-05, 7.05709098838e-05, 4.45898731414e-05, 6.76756390021e-05, 5.24552015122e-05, 3.46096749126e-05, 2.60637661995e-05, 1.80847109732e-05, 1.94372642e-05, 1.07873311208e-05, 8.72600412549e-06, 9.82393612503e-06, 6.26514702162e-06, 3.01771456179e-06, 2.39776363742e-06, 2.04406592275e-06, 1.79023595592e-06, 1.92500260709e-06, 1.59053843163e-06, 8.47734213494e-07, 6.96325741956e-07, 7.25027121007e-07, 5.73331135456e-07, 6.72028306781e-07, 6.27307599643e-07, 6.2590294192e-07],
        "dmean2": [0.00223389896564, 0.00249937642366, 0.00104333739728, 0.000350818387233, 0.00034736568341, 0.000654861214571, 0.000392166606616, 0.000208839119296, 0.000237724161707, 0.000476234796224, 0.000344448868418, 0.000398723874241, 0.000176467903657, 0.000103215163108, 0.000108276755782, 0.000111298330012, 7.15280984878e-05, 0.000111547356937, 8.70587755344e-05, 5.5798314861e-05, 4.18276213168e-05, 2.96868183796e-05, 3.18274069286e-05, 1.73681801243e-05, 1.3944478269e-05, 1.56044679898e-05, 9.88873216556e-06, 4.57773558082e-06, 3.78385107069e-06, 3.18404727295e-06, 2.81740221908e-06, 3.01393720292e-06, 2.48771448241e-06, 1.30438638735e-06, 1.04695959635e-06, 1.13036094262e-06, 8.96824872143e-07, 1.06698587388e-06, 9.96638163997e-07, 9.56652911555e-07],
        "dvar": [6.13454176346e-06, 5.87856129641e-06, 4.7054550123e-07, 5.21433705103e-08, 8.61607105662e-08, 3.46956710473e-07, 1.95429024075e-07, 1.30253411612e-07, 1.09180014363e-07, 4.23702744001e-07, 3.35524589445e-07, 5.75925412249e-07, 1.02190611528e-07, 4.4596085047e-08, 1.59995288129e-08, 1.70056662085e-08, 1.16973764008e-08, 1.30291608613e-08, 9.58514601024e-09, 2.85292212077e-09, 1.00056862795e-09, 4.48636627848e-10, 4.89092932821e-10, 1.81526751963e-10, 1.39076833383e-10, 2.94669344481e-10, 1.10433870382e-10, 2.84630739117e-11, 1.41323385286e-11, 1.12388813533e-11, 9.30130798771e-12, 8.23018563023e-12, 1.06825650756e-11, 7.46656989709e-12, 2.52771436594e-12, 2.81992484918e-12, 1.42571382217e-12, 7.82548938844e-13, 9.80982439377e-13, 1.09329678557e-12],
        "dvar2": [1.42020853673e-05, 1.62281849043e-05, 1.33869389174e-06, 1.3772611851e-07, 2.18396905893e-07, 8.50216110848e-07, 5.24094275534e-07, 3.64389364904e-07, 2.3204880506e-07, 1.06682546175e-06, 8.52787934491e-07, 1.56040084676e-06, 2.9526245271e-07, 7.9128113839e-08, 4.19331094292e-08, 3.89252150512e-08, 2.62994497291e-08, 3.14819885716e-08, 2.62422403807e-08, 6.26258556125e-09, 2.55153231876e-09, 1.15435994097e-09, 1.28773780528e-09, 4.40665254287e-10, 3.53668205832e-10, 6.82530143514e-10, 2.38889769077e-10, 6.1520892547e-11, 2.65520192638e-11, 2.95301734454e-11, 2.19494630804e-11, 1.80630649327e-11, 2.49565524496e-11, 1.93234716422e-11, 5.17450362073e-12, 6.66024093515e-12, 3.34143455093e-12, 1.97005606273e-12, 2.25265097374e-12, 2.40329197515e-12],
        "max": [0.0182107500732, 0.0190340876579, 0.00616600178182, 0.00258619943634, 0.00364160677418, 0.00658380240202, 0.00410107010975, 0.00869490485638, 0.00733725400642, 0.013458436355, 0.0084515651688, 0.012285660021, 0.00690006185323, 0.0062938798219, 0.00175342615694, 0.00194436660968, 0.00220781355165, 0.0018436149694, 0.00156323122792, 0.00105139124207, 0.000512659200467, 0.000218833883991, 0.000307044218061, 0.000218271103222, 0.000224000221351, 0.000256447034189, 0.000175098190084, 0.000148275197716, 7.83896903158e-05, 7.0476467954e-05, 6.3613151724e-05, 5.92877040617e-05, 0.000103237121948, 9.945545753e-05, 3.72523463739e-05, 3.65022460755e-05, 2.24078812607e-05, 1.71471783688e-05, 1.9970439098e-05, 2.70975069725e-05],
        "mean": [0.00174703891389, 0.00220520119183, 0.00116758991499, 0.000381680671126, 0.000343298073858, 0.000532137928531, 0.000273846409982, 0.000197189336177, 0.000297358987154, 0.000486741802888, 0.000378240598366, 0.0004118278448, 0.00018133741105, 0.000118605050375, 0.000117995747132, 0.000124125959701, 6.53716779198e-05, 0.000111051173008, 8.41125583975e-05, 6.35265969322e-05, 5.14386192663e-05, 3.403266237e-05, 3.76926218451e-05, 2.07879838854e-05, 1.62688247656e-05, 1.67387006513e-05, 1.1960507436e-05, 6.38165283817e-06, 5.14930206919e-06, 4.17192632085e-06, 4.13775023844e-06, 4.35096353613e-06, 3.35690424436e-06, 1.9594326659e-06, 1.50017046963e-06, 1.50600078541e-06, 1.41610371429e-06, 1.6314951381e-06, 1.51786150582e-06, 1.49667675942e-06],
        "median": [0.000750517414417, 0.00162852637004, 0.000914629199542, 0.000306098663714, 0.000239086599322, 0.000335404009093, 0.000148943290696, 0.000135580514325, 0.000118761388876, 0.000229542594752, 9.60224715527e-05, 9.58600794547e-05, 7.81370108598e-05, 6.3220053562e-05, 6.02299551247e-05, 6.17727491772e-05, 2.85620444629e-05, 6.75687333569e-05, 5.57387647859e-05, 4.27814047725e-05, 4.05321625294e-05, 2.69763677352e-05, 3.03266315314e-05, 1.52123639054e-05, 1.14240820039e-05, 9.46770433075e-06, 7.91318507254e-06, 4.28555540566e-06, 3.5920670598e-06, 2.89248623631e-06, 2.86118870463e-06, 2.92170921057e-06, 2.04634966394e-06, 1.14971419407e-06, 8.04078638339e-07, 8.33400747524e-07, 8.92624257176e-07, 1.21226730698e-06, 1.05659705696e-06, 1.05581648313e-06],
        "min": [4.34046796727e-06, 9.11377646844e-05, 2.28526514547e-05, 2.08193669096e-05, 1.28722676891e-05, 6.30239856036e-06, 7.66086395743e-06, 3.54344047082e-06, 5.65896016269e-06, 5.86459009355e-06, 6.21917934041e-06, 4.43561020802e-06, 4.77556250189e-06, 4.29956662629e-06, 3.26658482663e-06, 5.12285805598e-06, 2.51605752055e-06, 6.65259403831e-06, 4.60373075839e-06, 3.28027476826e-06, 4.13626730733e-06, 3.69049939763e-06, 2.4530634164e-06, 2.14061378756e-06, 9.94791435005e-07, 9.2867156809e-07, 9.35842308536e-07, 5.83967675993e-07, 3.79761047498e-07, 3.53120583441e-07, 4.60147560943e-07, 4.68685385613e-07, 2.01078449891e-07, 1.00416464477e-07, 7.50303925656e-08, 5.1865978179e-08, 4.89397677939e-08, 1.11608947861e-07, 1.08792889364e-07, 4.76038053421e-08],
