{
"highlevel": {
    "danceability": {
        "all": {
            "danceable": 0.0130045162514,
            "not_danceable": 0.986995458603
        },
        "probability": 0.986995458603,
        "value": "not_danceable"
    },
    "gender": {
        "all": {
            "female": 0.71757286787,
            "male": 0.282427161932
        },
        "probability": 0.71757286787,
        "value": "female"
    },
    "genre_dortmund": {
        "all": {
            "alternative": 0.0687742680311,
            "blues": 0.0206980668008,
            "electronic": 0.0135091850534,
            "folkcountry": 0.336055040359,
            "funksoulrnb": 0.0164530053735,
            "jazz": 0.447583913803,
            "pop": 0.0690671950579,
            "raphiphop": 0.000526994408574,
            "rock": 0.0273323189467
        },
        "probability": 0.447583913803,
        "value": "jazz"
    },
    "genre_electronic": {
        "all": {
            "ambient": 0.931956589222,
            "dnb": 0.00447525689378,
            "house": 0.0584060549736,
            "techno": 0.00264168088324,
            "trance": 0.00252040126361
        },
        "probability": 0.931956589222,
        "value": "ambient"
    },
    "genre_rosamerica": {
        "all": {
            "cla": 0.464475095272,
            "dan": 0.00177055690438,
            "hip": 0.00219232332893,
            "jaz": 0.35448050499,
            "pop": 0.0261700376868,
            "rhy": 0.123154640198,
            "roc": 0.00670843105763,
            "spe": 0.021048411727
        },
        "probability": 0.464475095272,
        "value": "cla"
    },
    "genre_tzanetakis": {
        "all": {
            "blu": 1.19862033898e-05,
            "cla": 6.65594734528e-06,
            "cou": 1.77184720087e-05,
            "dis": 1.57021931955e-05,
            "hip": 0.000734366185497,
            "jaz": 0.997558414936,
            "met": 7.54558777771e-06,
            "pop": 0.00161020027008,
            "reg": 2.309687261e-05,
            "roc": 1.43173056131e-05
        },
        "probability": 0.997558414936,
        "value": "jaz"
    },
    "ismir04_rhythm": {
        "all": {
            "ChaChaCha": 0.0139337815344,
            "Jive": 0.00232966546901,
            "Quickstep": 0.0250410865992,
            "Rumba-American": 0.0353283323348,
            "Rumba-International": 0.0846794396639,
            "Rumba-Misc": 0.0246405545622,
            "Samba": 0.00422746362165,
            "Tango": 0.144642189145,
            "VienneseWaltz": 0.0328710079193,
            "Waltz": 0.632306456566
        },
        "probability": 0.632306456566,
        "value": "Waltz"
    },
    "mood_acoustic": {
        "all": {
            "acoustic": 0.967242777348,
            "not_acoustic": 0.032757230103
        },
        "probability": 0.967242777348,
        "value": "acoustic"
    },
    "mood_aggressive": {
        "all": {
            "aggressive": 1.43117986227e-05,
            "not_aggressive": 0.999985694885
        },
        "probability": 0.999985694885,
        "value": "not_aggressive"
    },
    "mood_electronic": {
        "all": {
            "electronic": 0.209086865187,
            "not_electronic": 0.790913164616
        },
        "probability": 0.790913164616,
        "value": "not_electronic"
    },
    "mood_happy": {
        "all": {
            "happy": 0.238303005695,
            "not_happy": 0.761696994305
        },
        "probability": 0.761696994305,
        "value": "not_happy"
    },
    "mood_party": {
        "all": {
            "not_party": 0.998077452183,
            "party": 0.00192253221758
        },
        "probability": 0.998077452183,
        "value": "not_party"
    },
    "mood_relaxed": {
        "all": {
            "not_relaxed": 0.0150973498821,
            "relaxed": 0.98490267992
        },
        "probability": 0.98490267992,
        "value": "relaxed"
    },
    "mood_sad": {
        "all": {
            "not_sad": 0.0387194044888,
            "sad": 0.961280584335
        },
        "probability": 0.961280584335,
        "value": "sad"
    },
    "moods_mirex": {
        "all": {
            "Cluster1": 0.181867420673,
            "Cluster2": 0.229367151856,
            "Cluster3": 0.443056672812,
            "Cluster4": 0.130812034011,
            "Cluster5": 0.014896735549
        },
        "probability": 0.443056672812,
        "value": "Cluster3"
    },
    "timbre": {
        "all": {
            "bright": 0.310119122267,
            "dark": 0.689880907536
        },
        "probability": 0.689880907536,
        "value": "dark"
    },
    "tonal_atonal": {
        "all": {
            "atonal": 0.0266292262822,
            "tonal": 0.973370790482
        },
        "probability": 0.973370790482,
        "value": "tonal"
    },
    "voice_instrumental": {
        "all": {
            "instrumental": 0.5,
            "voice": 0.5
        },
        "probability": 0.5,
        "value": "voice"
    }
},
"lowlevel": {
    "average_loudness": 0.805010616779,
    "barkbands_crest": {
        "dmean": 1.74839627743,
        "dmean2": 2.74225568771,
        "dvar": 2.65155887604,
        "dvar2": 6.45963859558,
        "max": 23.4754199982,
        "mean": 11.3210849762,
        "median": 10.4991092682,
        "min": 4.27089691162,
        "var": 15.4634647369
    },
    "barkbands_flatness_db": {
        "dmean": 0.0190317872912,
        "dmean2": 0.0274591073394,
        "dvar": 0.000391386711271,
        "dvar2": 0.000693606154528,
        "max": 0.517007172108,
        "mean": 0.309209525585,
        "median": 0.297387421131,
        "min": 0.125073119998,
        "var": 0.0055229649879
    },
    "barkbands_kurtosis": {
        "dmean": 2.42673969269,
        "dmean2": 3.60975503922,
        "dvar": 12.398651123,
        "dvar2": 28.4403686523,
        "max": 62.3968887329,
        "mean": 6.01292848587,
        "median": 3.22348213196,
        "min": -1.33912217617,
        "var": 60.9814338684
    },
    "barkbands_skewness": {
        "dmean": 0.402509599924,
        "dmean2": 0.609472572803,
        "dvar": 0.157638594508,
        "dvar2": 0.364819318056,
        "max": 6.13913965225,
        "mean": 1.33346939087,
        "median": 1.02442526817,
        "min": -1.12168455124,
        "var": 1.55794513226
    },
    "barkbands_spread": {
        "dmean": 1.14775311947,
        "dmean2": 1.69303262234,
        "dvar": 5.2309088707,
        "dvar2": 8.23950386047,
        "max": 66.6295547485,
        "mean": 5.23759555817,
        "median": 3.89421463013,
        "min": 1.02331745625,
        "var": 20.6274394989
    },
    "dissonance": {
        "dmean": 0.0426008142531,
        "dmean2": 0.0709440559149,
        "dvar": 0.00142539758235,
        "dvar2": 0.00376516277902,
        "max": 0.497474521399,
        "mean": 0.364007234573,
        "median": 0.380090594292,
        "min": 0.111856125295,
        "var": 0.00557544175535
    },
    "dynamic_complexity": 3.6381790638,
    "erbbands_crest": {
        "dmean": 2.21500015259,
        "dmean2": 3.44683480263,
        "dvar": 4.39606285095,
        "dvar2": 10.8181943893,
        "max": 27.2208366394,
        "mean": 12.9637441635,
        "median": 12.2274265289,
        "min": 5.18868494034,
        "var": 17.1632499695
    },
    "erbbands_flatness_db": {
        "dmean": 0.0164926219732,
        "dmean2": 0.0227898303419,
        "dvar": 0.000341167848092,
        "dvar2": 0.000561127031688,
        "max": 0.460763156414,
        "mean": 0.309095770121,
        "median": 0.299457043409,
        "min": 0.124132715166,
        "var": 0.00334843317978
    },
    "erbbands_kurtosis": {
        "dmean": 1.42450380325,
        "dmean2": 2.14717054367,
        "dvar": 2.89258408546,
        "dvar2": 6.96196699142,
        "max": 20.471326828,
        "mean": 3.01574349403,
        "median": 2.29015827179,
        "min": -1.8189330101,
        "var": 11.5310249329
    },
    "erbbands_skewness": {
        "dmean": 0.329111427069,
        "dmean2": 0.482032179832,
        "dvar": 0.10210403055,
        "dvar2": 0.212773680687,
        "max": 3.90204930305,
        "mean": 0.918861210346,
        "median": 0.857008635998,
        "min": -1.60230624676,
        "var": 0.639619410038
    },
    "erbbands_spread": {
        "dmean": 2.60503363609,
        "dmean2": 3.74301719666,
        "dvar": 19.3381271362,
        "dvar2": 31.4528465271,
        "max": 111.526062012,
        "mean": 12.7440376282,
        "median": 10.2755622864,
        "min": 2.54857587814,
        "var": 97.8734970093
    },
    "hfc": {
        "dmean": 2.42465019226,
        "dmean2": 3.2576713562,
        "dvar": 15.4580125809,
        "dvar2": 23.8621883392,
        "max": 82.2933425903,
        "mean": 10.8575086594,
        "median": 7.66266822815,
        "min": 0.0265156868845,
        "var": 145.885604858
    },
    "melbands_crest": {
        "dmean": 2.41195058823,
        "dmean2": 3.90366077423,
        "dvar": 5.3687081337,
        "dvar2": 13.2556810379,
        "max": 32.3604812622,
        "mean": 15.2567577362,
        "median": 13.9615707397,
        "min": 5.75352621078,
        "var": 32.1090583801
    },
    "melbands_flatness_db": {
        "dmean": 0.0216082558036,
        "dmean2": 0.0296523720026,
        "dvar": 0.000567967654206,
        "dvar2": 0.000929235306103,
        "max": 0.664123833179,
        "mean": 0.391359955072,
        "median": 0.375510334969,
        "min": 0.154461637139,
        "var": 0.00986702274531
    },
    "melbands_kurtosis": {
        "dmean": 3.16205143929,
        "dmean2": 4.70841693878,
        "dvar": 27.9899101257,
        "dvar2": 66.4059448242,
        "max": 106.64553833,
        "mean": 7.79289531708,
        "median": 3.15890073776,
        "min": -1.37308681011,
        "var": 162.253631592
    },
    "melbands_skewness": {
        "dmean": 0.4246070683,
        "dmean2": 0.647256076336,
        "dvar": 0.205610722303,
        "dvar2": 0.48299998045,
        "max": 8.43849945068,
        "mean": 1.53943288326,
        "median": 1.10957407951,
        "min": -0.764812588692,
        "var": 1.90846467018
    },
    "melbands_spread": {
        "dmean": 1.49436938763,
        "dmean2": 2.17036676407,
        "dvar": 4.71533298492,
        "dvar2": 8.98472118378,
        "max": 48.4222831726,
        "mean": 7.24148368835,
        "median": 5.59578943253,
        "min": 1.15448212624,
        "var": 26.1805610657
    },
    "pitch_salience": {
        "dmean": 0.0498406663537,
        "dmean2": 0.0792396143079,
        "dvar": 0.00213737110607,
        "dvar2": 0.00542121240869,
        "max": 0.831023156643,
        "mean": 0.55407512188,
        "median": 0.565041482449,
        "min": 0.17073994875,
        "var": 0.0150230005383
    },
    "silence_rate_20dB": {
        "dmean": 0,
        "dmean2": 0,
        "dvar": 0,
        "dvar2": 0,
        "max": 1,
        "mean": 1,
        "median": 1,
        "min": 1,
        "var": 0
    },
    "silence_rate_30dB": {
        "dmean": 0.00154798757285,
        "dmean2": 0.00309837330133,
        "dvar": 0.00154558639042,
        "dvar2": 0.00308874784969,
        "max": 1,
        "mean": 0.996906399727,
        "median": 1,
        "min": 0,
        "var": 0.00308399670757
    },
    "silence_rate_60dB": {
        "dmean": 0.011609907262,
        "dmean2": 0.0224632062018,
        "dvar": 0.011475074105,
        "dvar2": 0.0250571686774,
        "max": 1,
        "mean": 0.0827532857656,
        "median": 0,
        "min": 0,
        "var": 0.0759053081274
    },
    "spectral_centroid": {
        "dmean": 53.7924003601,
        "dmean2": 74.6691741943,
        "dvar": 7470.27490234,
        "dvar2": 12838.0361328,
        "max": 1847.16394043,
        "mean": 495.50378418,
        "median": 439.306335449,
        "min": 181.459228516,
        "var": 45731.2578125
    },
    "spectral_complexity": {
        "dmean": 1.15247678757,
        "dmean2": 1.84585595131,
        "dvar": 1.44346487522,
        "dvar2": 2.8957016468,
        "max": 22,
        "mean": 9.37432289124,
        "median": 9,
        "min": 0,
        "var": 12.4228992462
    },
    "spectral_decrease": {
        "dmean": 1.20029808315e-09,
        "dmean2": 1.68508462739e-09,
        "dvar": 2.34756649577e-18,
        "dvar2": 4.48210544608e-18,
        "max": -2.43266379263e-11,
        "mean": -5.72318192837e-09,
        "median": -4.86451368076e-09,
        "min": -2.86971104657e-08,
        "var": 1.94852269823e-17
    },
    "spectral_energy": {
        "dmean": 0.00472635217011,
        "dmean2": 0.00662288162857,
        "dvar": 3.67182074115e-05,
        "dvar2": 6.93850670359e-05,
        "max": 0.112705528736,
        "mean": 0.0225853733718,
        "median": 0.0190140642226,
        "min": 9.42193219089e-05,
        "var": 0.000310432136757
    },
    "spectral_energyband_high": {
        "dmean": 2.83980243694e-05,
        "dmean2": 3.60913327313e-05,
        "dvar": 1.49612890965e-08,
        "dvar2": 2.23464500237e-08,
        "max": 0.003693258157,
        "mean": 5.3885676607e-05,
        "median": 7.61927731219e-06,
        "min": 1.27448434029e-08,
        "var": 4.07406091085e-08
    },
    "spectral_energyband_low": {
        "dmean": 0.000567606883124,
        "dmean2": 0.000901099061593,
        "dvar": 1.03402078366e-06,
        "dvar2": 2.33356263379e-06,
        "max": 0.0191026702523,
        "mean": 0.00203796336427,
        "median": 0.00120284978766,
        "min": 3.1066378142e-05,
        "var": 5.56010081709e-06
    },
    "spectral_energyband_middle_high": {
        "dmean": 0.000828850548714,
        "dmean2": 0.0010805221973,
        "dvar": 4.66284700451e-06,
        "dvar2": 6.79524418956e-06,
        "max": 0.039094042033,
        "mean": 0.00259052449837,
        "median": 0.00058960984461,
        "min": 4.38056915186e-08,
        "var": 3.47862951458e-05
    },
    "spectral_energyband_middle_low": {
        "dmean": 0.00436430238187,
        "dmean2": 0.00623779091984,
        "dvar": 3.27534653479e-05,
        "dvar2": 6.65515908622e-05,
        "max": 0.106523551047,
        "mean": 0.0185951925814,
        "median": 0.0157747007906,
        "min": 4.65969023935e-05,
        "var": 0.000214240761125
    },
    "spectral_entropy": {
        "dmean": 0.161602899432,
        "dmean2": 0.225703701377,
        "dvar": 0.0316556319594,
        "dvar2": 0.054391130805,
        "max": 8.26350402832,
        "mean": 5.93840122223,
        "median": 5.96398973465,
        "min": 4.77826118469,
        "var": 0.312692403793
    },
    "spectral_flux": {
        "dmean": 0.016902834177,
        "dmean2": 0.0265447497368,
        "dvar": 0.000351844617398,
        "dvar2": 0.000830858945847,
        "max": 0.221819415689,
        "mean": 0.0479897707701,
        "median": 0.0402475632727,
        "min": 0.0045489189215,
        "var": 0.00105712818913
    },
    "spectral_kurtosis": {
        "dmean": 16.1313762665,
        "dmean2": 26.416677475,
        "dvar": 555.000976562,
        "dvar2": 1321.80029297,
        "max": 320.580291748,
        "mean": 50.6818084717,
        "median": 25.0958690643,
        "min": -0.711683750153,
        "var": 3354.77270508
    },
    "spectral_rms": {
        "dmean": 0.000471999897854,
        "dmean2": 0.000663629907649,
        "dvar": 2.71788309192e-07,
        "dvar2": 5.04777688093e-07,
        "max": 0.0104860197753,
        "mean": 0.00432041520253,
        "median": 0.00430700648576,
        "min": 0.000303185224766,
        "var": 3.36852326654e-06
    },
    "spectral_rolloff": {
        "dmean": 85.6490631104,
        "dmean2": 147.829681396,
        "dvar": 87255.296875,
        "dvar2": 164224.8125,
        "max": 7515.08789062,
        "mean": 622.695861816,
        "median": 581.396484375,
        "min": 129.19921875,
        "var": 197567.078125
    },
    "spectral_skewness": {
        "dmean": 0.874653041363,
        "dmean2": 1.41289043427,
        "dvar": 0.935435116291,
        "dvar2": 2.08282184601,
        "max": 14.9640951157,
        "mean": 4.87938451767,
        "median": 3.84255123138,
        "min": 0.363940060139,
        "var": 8.47097015381
    },
    "spectral_spread": {
        "dmean": 361799.65625,
        "dmean2": 545978.5625,
        "dvar": 378620411904,
        "dvar2": 490156556288,
        "max": 17245182,
        "mean": 1951232,
        "median": 1857918.875,
        "min": 262410.78125,
        "var": 1.29362100224e+12
    },
    "spectral_strongpeak": {
        "dmean": 0.385459452868,
        "dmean2": 0.62904548645,
        "dvar": 0.373095601797,
        "dvar2": 0.80766505003,
        "max": 9.74104499817,
        "mean": 1.21220457554,
        "median": 0.957218050957,
        "min": 0.00676918169484,
        "var": 1.419226408
    },
    "zerocrossingrate": {
        "dmean": 0.00271086790599,
        "dmean2": 0.00329429097474,
        "dvar": 1.82075964403e-05,
        "dvar2": 1.89752863662e-05,
        "max": 0.1630859375,
        "mean": 0.022500211373,
        "median": 0.0205078125,
        "min": 0.0048828125,
        "var": 0.000125107195345
    },
    "barkbands": {
        "dmean": [1.16765932034e-06, 0.00024545902852, 0.000318787555443, 0.000228173390497, 0.00196477537975, 0.00161558983382, 0.00083729706239, 0.00103599729482, 0.000594037002884, 0.000639213598333, 0.000142808974488, 0.000178331771167, 6.70096487738e-05, 0.000169862250914, 0.000175821114681, 5.51246012037e-05, 3.60821832146e-05, 3.0261291613e-05, 7.4008980846e-06, 1.48312428792e-05, 1.27213615997e-05, 1.48236176756e-06, 2.42252781391e-06, 2.86784506898e-06, 2.53253642768e-06, 1.62380231927e-07, 1.20801413317e-09],
        "dmean2": [1.99115675059e-06, 0.000431171036325, 0.000478810747154, 0.000366210355423, 0.00290876859799, 0.00217972695827, 0.00126978149638, 0.00152780162171, 0.000864146451931, 0.00092812103685, 0.000189338054042, 0.000253383739619, 9.80741460808e-05, 0.000240745124756, 0.000233683502302, 8.21832945803e-05, 4.84877091367e-05, 4.57573150925e-05, 1.01798386822e-05, 2.16906864807e-05, 1.75881177711e-05, 1.79726180249e-06, 3.19132141158e-06, 3.73481816496e-06, 3.39727762366e-06, 2.51891634662e-07, 2.03273242683e-09],
        "dvar": [3.5791617066e-12, 2.4614368499e-07, 4.12264995475e-07, 1.60305930308e-07, 8.61458011059e-06, 7.36704123483e-06, 4.90364891448e-06, 3.33993853019e-06, 3.18803358823e-06, 4.27870190833e-06, 7.53226856887e-07, 6.24670633442e-07, 1.22425106497e-07, 5.87050578815e-07, 6.6592224357e-07, 8.12608718093e-08, 2.60793271423e-08, 6.94754698216e-09, 3.62902957685e-10, 4.52674076001e-09, 2.00715044585e-09, 2.19646273392e-10, 9.67033564336e-10, 9.5701724323e-10, 5.56920842776e-10, 1.32929138617e-12, 4.45965725318e-17],
        "dvar2": [9.29784721437e-12, 6.89867647452e-07, 8.2312504901e-07, 3.51323706127e-07, 2.15375766857e-05, 1.26382665258e-05, 1.04565988295e-05, 6.83368580212e-06, 6.34745447314e-06, 8.30699354992e-06, 9.62203216659e-07, 1.27285693452e-06, 2.55683971773e-07, 1.23375730254e-06, 1.09524910386e-06, 1.73884089349e-07, 4.53696884506e-08, 1.57481601093e-08, 7.48039297171e-10, 1.03054160761e-08, 3.17839488062e-09, 2.45773373875e-10, 1.99375649323e-09, 1.40766553969e-09, 8.55529092014e-10, 3.28412579249e-12, 4.8861945904e-17],
        "max": [2.64132504526e-05, 0.00930577237159, 0.00972901284695, 0.00529262237251, 0.0372266545892, 0.0548067763448, 0.0413726195693, 0.027804300189, 0.0479545965791, 0.0398832634091, 0.029811559245, 0.0182843934745, 0.00763657921925, 0.0162614416331, 0.026385076344, 0.00782768800855, 0.00510257249698, 0.00121263589244, 0.000324910070049, 0.00160896591842, 0.00117652153131, 0.00059187784791, 0.00108340464067, 0.0010184973944, 0.000713664630894, 2.58198797383e-05, 1.95666672198e-07],
        "mean": [1.35630989462e-06, 0.000581907690503, 0.00105259113479, 0.000833140104078, 0.00553426984698, 0.00501769827679, 0.0023811168503, 0.00270792935044, 0.00123299541883, 0.00165931379888, 0.000245598144829, 0.000342898711096, 9.26347274799e-05, 0.000289483985398, 0.000329747243086, 8.13611623016e-05, 7.23333796486e-05, 5.4727497627e-05, 1.36417029353e-05, 2.26606134675e-05, 2.37817930611e-05, 2.30864338846e-06, 3.13196437673e-06, 4.4461799007e-06, 4.09400718127e-06, 2.43812451117e-07, 1.00519881308e-09],
        "median": [7.76499064159e-07, 0.00025954580633, 0.000285836984403, 0.000418540090322, 0.00327993649989, 0.00268584466539, 0.0013585886918, 0.00139845884405, 0.000395766051952, 0.000269674957963, 1.92528532352e-05, 2.1031641154e-05, 9.46275395108e-06, 1.43687229865e-05, 1.59720439115e-05, 4.90794946018e-06, 4.95612812301e-06, 5.50123422727e-06, 2.52577456195e-06, 3.10531277137e-06, 2.74856597571e-06, 1.06408755585e-07, 1.88981744031e-07, 3.13951204589e-07, 2.80504053762e-07, 4.29468514085e-08, 2.44345654821e-10],
        "min": [4.10987821553e-09, 6.38518304186e-06, 5.56114537176e-06, 1.15472218454e-07, 6.42868599243e-06, 4.6517861847e-06, 4.35802030552e-06, 2.3068853352e-06, 2.55632812696e-06, 2.19662137368e-08, 5.35023714221e-09, 2.58928123387e-09, 9.5541008438e-10, 8.65520766169e-10, 5.90290372138e-10, 3.96993993235e-10, 8.4784279597e-10, 5.15474218865e-10, 4.37269137565e-10, 5.88004367419e-10, 5.49430889674e-10, 7.6725253928e-10, 1.12769971139e-09, 1.13971143634e-09, 1.41519296282e-09, 2.4266321591e-11, 1.14854454072e-11],
        "var": [3.72765924031e-12, 7.86593375324e-07, 2.2726781026e-06, 9.60190391197e-07, 3.82969883503e-05, 4.70062004752e-05, 1.34444962896e-05, 1.26928789541e-05, 8.39400490804e-06, 2.65192902589e-05, 2.34529215959e-06, 1.70111309217e-06, 1.92501175889e-07, 1.49317293108e-06, 2.27733539759e-06, 1.74761993321e-07, 8.26464869874e-08, 1.76961272302e-08, 1.0259657568e-09, 5.90564042113e-09, 5.78549030905e-09, 6.29571839106e-10, 1.34492195158e-09, 1.99196814599e-09, 1.26324795069e-09, 1.95801209447e-12, 4.43424527214e-17]
    },
    "erbbands": {
        "dmean": [0.00355356326327, 0.0682624205947, 0.322901666164, 0.557199239731, 1.4129319191, 6.64768075943, 21.4031963348, 7.73765707016, 10.7727851868, 15.9907903671, 22.6469192505, 11.3574419022, 17.3087730408, 14.679643631, 5.19621181488, 8.09999370575, 3.11047720909, 8.46611118317, 9.61616134644, 4.31784057617, 2.30155730247, 1.78626716137, 1.57231092453, 0.819004118443, 0.277916491032, 0.59838616848, 0.759252011776, 0.265953123569, 0.0585782267153, 0.0454858578742, 0.0708776861429, 0.0496024675667, 0.0586025826633, 0.0444444380701, 0.00987431686372, 0.00147503206972, 0.000198634064873, 1.08556432679e-05, 2.54002725342e-06, 5.3444941841e-06],
        "dmean2": [0.00630324147642, 0.119331508875, 0.498708486557, 0.858141362667, 2.20732426643, 9.50901794434, 30.4850959778, 11.1061229706, 15.8641433716, 25.0212287903, 32.5479431152, 16.6600570679, 25.5951442719, 20.4769496918, 7.04517316818, 11.0044956207, 4.36203622818, 11.7889604568, 12.723608017, 6.06529712677, 3.05849671364, 2.35151481628, 2.2672522068, 1.13761401176, 0.376282542944, 0.857960939407, 1.08818614483, 0.36664006114, 0.0726586580276, 0.0567946918309, 0.0955534800887, 0.0641282126307, 0.0779331997037, 0.0598844774067, 0.0121491728351, 0.00233395304531, 0.000276307371678, 1.47438504428e-05, 3.46319507116e-06, 7.45789975554e-06],
        "dvar": [4.56109337392e-05, 0.0190925132483, 0.441706925631, 0.896151959896, 6.15439891815, 93.7187576294, 1339.45568848, 186.790740967, 1178.51525879, 1358.57385254, 1895.34387207, 873.818664551, 7112.03027344, 2086.81005859, 651.968688965, 1215.31176758, 225.96055603, 1679.13549805, 2088.44262695, 404.571624756, 185.261688232, 56.2752761841, 26.7436447144, 6.08947944641, 0.602859199047, 5.20067596436, 9.66250514984, 0.913796544075, 0.271930873394, 0.229525700212, 0.81616127491, 0.343485504389, 0.373867690563, 0.187786877155, 0.00630848156288, 0.000140588890645, 1.63545610121e-06, 3.77322040279e-09, 1.60581235809e-11, 4.68918272267e-11],
        "dvar2": [0.000120614095067, 0.0526422783732, 0.917473971844, 1.93131840229, 14.0483531952, 200.122116089, 2781.2487793, 361.732513428, 2648.00976562, 3260.49267578, 3919.45507812, 1759.74560547, 15148.3144531, 3144.63916016, 841.162780762, 2426.93969727, 495.988525391, 3415.98144531, 3227.83837891, 703.018371582, 353.05657959, 91.5370025635, 55.3415031433, 12.9003419876, 1.16146039963, 10.7809000015, 19.6523113251, 1.4647744894, 0.308564335108, 0.336993575096, 1.74487686157, 0.583044528961, 0.565454721451, 0.299383461475, 0.00844595115632, 0.000355729192961, 2.3172146939e-06, 6.31131147344e-09, 2.7292734045e-11, 8.8125298725e-11],
        "max": [0.0977237224579, 2.73717498779, 11.0440425873, 12.7165527344, 54.3945922852, 171.849349976, 774.242675781, 214.750717163, 691.495910645, 648.531982422, 775.957641602, 545.191894531, 1912.21374512, 1242.78295898, 828.162597656, 779.725585938, 400.76776123, 950.133605957, 1683.97473145, 589.958618164, 490.300323486, 187.828536987, 142.398895264, 45.6120033264, 16.5202789307, 59.605682373, 92.8374710083, 24.1172866821, 20.8037967682, 17.5316505432, 31.2039813995, 20.8615570068, 19.0216503143, 13.2809181213, 2.47217059135, 0.27437710762, 0.0353905148804, 0.00175423466135, 9.82055280474e-05, 0.00012648505799],
        "mean": [0.00559496507049, 0.183209508657, 1.17862451077, 1.99591457844, 4.20945215225, 19.8485202789, 58.6259613037, 25.6496524811, 34.604637146, 38.3849983215, 62.4425811768, 30.019821167, 50.6493148804, 33.5264053345, 9.98572444916, 16.6814289093, 5.60346221924, 16.178565979, 18.4623756409, 8.75035953522, 4.23085021973, 3.61297798157, 3.1894698143, 1.75891363621, 0.580412209034, 1.02004265785, 1.43184328079, 0.505464076996, 0.0987785533071, 0.0660939142108, 0.0922248512506, 0.074943870306, 0.0885930359364, 0.0682276561856, 0.016286989674, 0.00220920913853, 0.000332489755237, 1.80929600901e-05, 1.16613473438e-05, 2.55901686614e-05],
        "median": [0.00336797488853, 0.0845923125744, 0.33797365427, 1.3048530817, 2.86513543129, 10.9647865295, 28.1967906952, 12.8289384842, 16.3208408356, 18.6307945251, 34.3831291199, 13.8458614349, 6.62151670456, 6.26162004471, 1.58227753639, 0.995902121067, 0.598067343235, 0.862250328064, 1.15011394024, 0.527292132378, 0.315602988005, 0.265435039997, 0.350808829069, 0.256539702415, 0.124096035957, 0.16131451726, 0.154143154621, 0.0706637054682, 0.00831419136375, 0.00475130975246, 0.0058055575937, 0.00412400206551, 0.00588098587468, 0.00419555883855, 0.00111109751742, 0.000353119365172, 6.6626300395e-05, 4.44325223725e-06, 9.57308020588e-06, 2.1281402951e-05],
        "min": [0.000109804394015, 0.00252961879596, 0.00831862352788, 0.0061950404197, 0.0063474313356, 0.030347308144, 0.0424029678106, 0.0539308972657, 0.0631621330976, 0.0669881924987, 0.0383013188839, 0.0602195486426, 0.0111694214866, 0.00129360076971, 0.000319977494655, 0.000129739681142, 8.26452160254e-05, 4.80824855913e-05, 4.40118383267e-05, 3.832314178e-05, 3.24312968587e-05, 5.29469616595e-05, 4.31197622675e-05, 3.35378535965e-05, 2.95463632938e-05, 2.76374285022e-05, 2.76828923234e-05, 3.42323182849e-05, 3.19091886922e-05, 3.26537665387e-05, 2.85056084977e-05, 2.78313764284e-05, 2.3587834221e-05, 1.70746243384e-05, 1.07686755655e-05, 3.6651647406e-06, 1.67050995969e-06, 2.06120034818e-07, 5.17254399313e-08, 1.04373611975e-07],
        "var": [5.47820382053e-05, 0.0744722038507, 2.90157651901, 3.77730178833, 24.8805160522, 578.010131836, 8592.11328125, 930.428833008, 3393.2722168, 3142.12109375, 6869.61962891, 2655.41674805, 42935.7109375, 11397.4726562, 1775.42810059, 3845.73291016, 392.22744751, 4727.67041016, 8173.03027344, 1708.06115723, 463.547332764, 188.74659729, 72.5053100586, 23.2190876007, 1.8759958744, 9.07637405396, 23.390750885, 2.76671934128, 0.797527253628, 0.478375852108, 1.105271101, 0.698438107967, 0.723685145378, 0.391788601875, 0.0159929785877, 0.000201267248485, 3.73568036593e-06, 7.19290937923e-09, 1.00597516428e-10, 4.08992700818e-10]
    },
    "gfcc": {
        "mean": [-137.194213867, 190.433227539, -95.0706787109, -7.38473844528, -66.7163848877, -21.6875915527, -37.4771003723, 2.1003806591, -19.1395683289, -5.06497335434, -9.40224075317, -20.3522891998, 5.70674371719],
        "cov": [[9998.54003906, -2526.96850586, -3852.93969727, 974.157226562, -182.871643066, 194.39024353, -529.251464844, 15.550122261, -756.631652832, 105.704368591, 135.300079346, -221.264389038, 444.298370361], [-2526.96850586, 1391.42272949, 858.139099121, -653.93560791, 250.1222229, -169.346740723, 333.6277771, -190.609954834, 204.457046509, -35.1081581116, 39.9851264954, -1.74710285664, -117.008872986], [-3852.93969727, 858.139099121, 2016.63024902, -156.346801758, -68.7627563477, -10.1559877396, 158.689163208, 70.2701644897, 312.574951172, -61.7713737488, -60.3300857544, 115.931594849, -235.078125], [974.157226562, -653.93560791, -156.346801758, 679.228881836, -127.79901886, -22.128194809, -137.494308472, 142.310836792, -17.9834575653, -47.2536582947, -13.5263547897, 39.6848106384, 27.8155269623], [-182.871643066, 250.1222229, -68.7627563477, -127.79901886, 241.8097229, 7.14346647263, 0.9619602561, -8.32800674438, 41.9069328308, -1.17230653763, 2.65390276909, -6.45816135406, 22.2489948273], [194.39024353, -169.346740723, -10.1559877396, -22.128194809, 7.14346647263, 262.577728271, 4.70525789261, 32.1629562378, -37.1391296387, 65.2725448608, -9.15191364288, -6.88117313385, -16.3705806732], [-529.251464844, 333.6277771, 158.689163208, -137.494308472, 0.9619602561, 4.70525789261, 321.873016357, -76.4641647339, -29.8024406433, 52.2097816467, 27.3333396912, 3.11934375763, -76.8600997925], [15.550122261, -190.609954834, 70.2701644897, 142.310836792, -8.32800674438, 32.1629562378, -76.4641647339, 151.950698853, 27.1835517883, -32.3802108765, -21.0933856964, 28.1465358734, -6.5534992218], [-756.631652832, 204.457046509, 312.574951172, -17.9834575653, 41.9069328308, -37.1391296387, -29.8024406433, 27.1835517883, 184.593490601, -19.5433998108, -21.8723659515, 20.9996509552, -27.6138916016], [105.704368591, -35.1081581116, -61.7713737488, -47.2536582947, -1.17230653763, 65.2725448608, 52.2097816467, -32.3802108765, -19.5433998108, 128.790206909, -0.960214555264, -36.8334274292, 1.78865110874], [135.300079346, 39.9851264954, -60.3300857544, -13.5263547897, 2.65390276909, -9.15191364288, 27.3333396912, -21.0933856964, -21.8723659515, -0.960214555264, 76.1751251221, 2.40149188042, -11.161614418], [-221.264389038, -1.74710285664, 115.931594849, 39.6848106384, -6.45816135406, -6.88117313385, 3.11934375763, 28.1465358734, 20.9996509552, -36.8334274292, 2.40149188042, 92.399559021, -16.3406352997], [444.298370361, -117.008872986, -235.078125, 27.8155269623, 22.2489948273, -16.3705806732, -76.8600997925, -6.5534992218, -27.6138916016, 1.78865110874, -11.161614418, -16.3406352997, 122.549720764]],
        "icov": [[0.000723679026123, -0.000585084781051, 0.00136305764318, -0.000940094643738, 0.000876550620887, -0.000741820374969, 0.000873562763445, -0.000206467593671, 0.000981957069598, -0.000277735758573, -0.000260896282271, 0.000153666303959, 0.000146379737998], [-0.000585084781051, 0.0140936216339, -0.0055870055221, 0.00780226755887, -0.0108245387673, 0.0066498098895, -0.00947774108499, 0.00739628123119, -0.00717950845137, 0.00696030631661, -0.00506449490786, 0.00466183014214, -0.00116460991558], [0.00136305764318, -0.0055870055221, 0.00505395280197, -0.00378487142734, 0.00556701049209, -0.00352235767059, 0.00410551205277, -0.00308556505479, 0.00243220478296, -0.0023891821038, 0.00187554745935, -0.00188065273687, 0.00170920789242], [-0.000940094643738, 0.00780226755887, -0.00378487142734, 0.00718330033123, -0.00512646697462, 0.00447719357908, -0.00535030243918, 0.00195850734599, -0.00467341346666, 0.00380921899341, -0.00244142091833, 0.00160905264784, -0.000871394819114], [0.000876550620887, -0.0108245387673, 0.00556701049209, -0.00512646697462, 0.0140396533534, -0.00589231727645, 0.00703377882019, -0.00645881937817, 0.00360757112503, -0.00464302906767, 0.00316596543416, -0.00340922921896, -0.000226250151172], [-0.000741820374969, 0.0066498098895, -0.00352235767059, 0.00447719357908, -0.00589231727645, 0.00863109808415, -0.0041654612869, 0.0015470709186, -0.00208680215292, 8.60354921315e-05, -0.00156659039203, 0.0013891038252, 0.00052975473227], [0.000873562763445, -0.00947774108499, 0.00410551205277, -0.00535030243918, 0.00703377882019, -0.0041654612869, 0.0118181435391, -0.00313520780765, 0.00711744045839, -0.00677633332089, 0.00249344622716, -0.00393420364708, 0.00368953123689], [-0.000206467593671, 0.00739628123119, -0.00308556505479, 0.00195850734599, -0.00645881937817, 0.0015470709186, -0.00313520780765, 0.0147429853678, -0.00411486253142, 0.00524018052965, -0.00104176194873, 0.00112934433855, 0.000700439675711], [0.000981957069598, -0.00717950845137, 0.00243220478296, -0.00467341346666, 0.00360757112503, -0.00208680215292, 0.00711744045839, -0.00411486253142, 0.0137703083456, -0.00477336812764, 0.00328185106628, -0.00252597383223, 0.00175603327807], [-0.000277735758573, 0.00696030631661, -0.0023891821038, 0.00380921899341, -0.00464302906767, 8.60354921315e-05, -0.00677633332089, 0.00524018052965, -0.00477336812764, 0.0151276513934, -0.00192257820163, 0.0060286745429, -0.00157795322593], [-0.000260896282271, -0.00506449490786, 0.00187554745935, -0.00244142091833, 0.00316596543416, -0.00156659039203, 0.00249344622716, -0.00104176194873, 0.00328185106628, -0.00192257820163, 0.0172626767308, -0.00313399615698, 0.00290820468217], [0.000153666303959, 0.00466183014214, -0.00188065273687, 0.00160905264784, -0.00340922921896, 0.0013891038252, -0.00393420364708, 0.00112934433855, -0.00252597383223, 0.0060286745429, -0.00313399615698, 0.0155628900975, -0.000548782001715], [0.000146379737998, -0.00116460991558, 0.00170920789242, -0.000871394819114, -0.000226250151172, 0.00052975473227, 0.00368953123689, 0.000700439675711, 0.00175603327807, -0.00157795322593, 0.00290820468217, -0.000548782001715, 0.0130674317479]]
    },
    "melbands": {
        "dmean": [5.17865337315e-05, 0.000138752919156, 0.000103743892396, 0.000229642551858, 0.000660333607811, 0.000201169110369, 0.000161967807799, 0.000172527987161, 0.000185181692359, 6.94094997016e-05, 8.66096888785e-05, 6.22436127742e-05, 1.96995733859e-05, 2.17681881622e-05, 1.27779212562e-05, 6.7322475843e-06, 1.77143447218e-05, 1.51416661538e-05, 9.0760358944e-06, 4.58049498775e-06, 2.38494544647e-06, 1.75500349542e-06, 2.43120757659e-06, 1.32849800139e-06, 6.66735616051e-07, 2.33286613138e-07, 2.29317976164e-07, 4.63138746909e-07, 6.12220446783e-07, 3.21813729443e-07, 1.09375854151e-07, 3.4498626178e-08, 2.13334256927e-08, 2.99154301331e-08, 4.72911949601e-08, 3.55703448918e-08, 2.73947122764e-08, 4.54650077586e-08, 3.32437934958e-08, 4.10132159345e-08],
        "dmean2": [9.10170783754e-05, 0.000219247376663, 0.000160531955771, 0.000333952106303, 0.000955051567871, 0.000282003573375, 0.000239917397266, 0.000269571988611, 0.000267398339929, 0.00010090253636, 0.00012746595894, 8.6326028395e-05, 2.57380852418e-05, 3.06239307974e-05, 1.78367863555e-05, 9.16514727578e-06, 2.5214138077e-05, 1.95376214833e-05, 1.29120180645e-05, 6.91839704814e-06, 3.17458170684e-06, 2.42465080191e-06, 3.2000596093e-06, 1.98746465685e-06, 9.64554828897e-07, 3.41776569712e-07, 3.43994912555e-07, 6.84025280862e-07, 8.56497990753e-07, 4.8127020591e-07, 1.55448987016e-07, 4.83714686084e-08, 2.64034838438e-08, 3.85564398186e-08, 6.59359855604e-08, 4.80777764267e-08, 3.59609799716e-08, 6.22643199222e-08, 4.71143515313e-08, 5.52695169631e-08],
        "dvar": [9.95157378725e-09, 7.40316039582e-08, 2.73527120953e-08, 1.41924530794e-07, 1.17775982744e-06, 1.16759970581e-07, 2.46384473712e-07, 1.50946561916e-07, 1.30425164002e-07, 4.10305460719e-08, 1.67895350955e-07, 3.86673946196e-08, 1.50867247584e-08, 1.04130517542e-08, 2.31382113469e-09, 9.26948962032e-10, 7.29272464639e-09, 5.56217694125e-09, 1.56453117128e-09, 5.79125691846e-10, 2.04668462733e-10, 5.46702405568e-11, 1.32220442928e-10, 1.55288889386e-11, 4.39150061801e-12, 4.74061165757e-13, 5.88269775774e-13, 3.42108589721e-12, 8.69685833765e-12, 9.99605237993e-13, 2.71979108072e-13, 1.3433596954e-13, 4.28387929513e-14, 1.10824361027e-13, 3.82112391858e-13, 1.96900289584e-13, 9.47842065252e-14, 2.48106656747e-13, 9.48928774642e-14, 1.57223653584e-13],
        "dvar2": [2.7634870392e-08, 1.65668183172e-07, 6.03167009672e-08, 2.77006108718e-07, 2.62197090706e-06, 2.17136914671e-07, 5.41375413832e-07, 3.59059470156e-07, 2.77641930779e-07, 8.20189285378e-08, 3.56962061687e-07, 5.77502099475e-08, 1.83704340628e-08, 2.19456062212e-08, 4.20855927885e-09, 1.86098503274e-09, 1.47702472475e-08, 7.95343613191e-09, 3.20227244721e-09, 1.1231752195e-09, 3.94629828815e-10, 9.30304652758e-11, 2.28693022852e-10, 3.56445532812e-11, 9.50409109052e-12, 1.03379934821e-12, 1.25498233767e-12, 7.1118427987e-12, 1.75126111529e-11, 2.11351162266e-12, 3.94194605343e-13, 1.8255370631e-13, 5.32410080649e-14, 2.06712170167e-13, 8.65268631484e-13, 3.70526173762e-13, 1.35429373879e-13, 3.8135469717e-13, 1.51888199826e-13, 2.33642125829e-13],
        "max": [0.00164001388475, 0.00501389848068, 0.00255434634164, 0.0078042903915, 0.0209903847426, 0.00478085689247, 0.00981503352523, 0.00684511195868, 0.00629700347781, 0.00514078792185, 0.00922809541225, 0.0052905716002, 0.00418273406103, 0.0025273647625, 0.0012350268662, 0.000681250006892, 0.00197553867474, 0.00280976668, 0.000743926386349, 0.000525325071067, 0.000503942952491, 0.000181683513802, 0.000391312525608, 6.20734572294e-05, 3.60805934179e-05, 1.63262211572e-05, 1.86777033377e-05, 4.5569937356e-05, 9.68907406786e-05, 1.96554956347e-05, 1.70804178197e-05, 1.36990202009e-05, 7.9160754467e-06, 1.20531949506e-05, 2.07811190194e-05, 1.57461308845e-05, 1.07813666546e-05, 1.54395493155e-05, 8.83712891664e-06, 1.21613738884e-05],
        "mean": [0.000101641569927, 0.000485494179884, 0.000386742089177, 0.000720743031707, 0.00185916887131, 0.000661070109345, 0.000512186437845, 0.000418699026341, 0.000494584732223, 0.000169786610059, 0.000246168259764, 0.000136493443279, 3.41451850545e-05, 3.85572675441e-05, 2.57587198575e-05, 1.06303623397e-05, 3.19121754728e-05, 2.83771641989e-05, 1.64548673638e-05, 8.10188703326e-06, 4.13142970501e-06, 3.15088982461e-06, 4.5948877414e-06, 2.2997492124e-06, 1.32340255732e-06, 4.35057529558e-07, 3.91952028167e-07, 7.34353193366e-07, 1.06382458398e-06, 5.86928820212e-07, 1.82295437412e-07, 5.5328097659e-08, 2.82714864852e-08, 4.01371380576e-08, 5.75092649058e-08, 4.88541154198e-08, 4.30213162872e-08, 6.58770744622e-08, 5.43460458857e-08, 6.0750714681e-08],
        "median": [4.81303068227e-05, 0.000177789639565, 0.000263846246526, 0.000377819756977, 0.000993094523437, 0.00035450613359, 0.000259663327597, 0.000214034254896, 0.000271396449534, 6.05637906119e-05, 2.82780310954e-05, 2.22420021601e-05, 3.67042798644e-06, 2.84643283521e-06, 1.57230681452e-06, 1.09897393941e-06, 1.38322832299e-06, 1.79450489668e-06, 1.00822558124e-06, 3.7507294337e-07, 2.73568673492e-07, 2.37566467831e-07, 2.99755981814e-07, 2.56350915606e-07, 1.59259300858e-07, 7.07250222831e-08, 7.1608482699e-08, 9.27971726128e-08, 8.199577195e-08, 6.99558100337e-08, 1.87412165786e-08, 1.64551905435e-09, 1.17822951395e-09, 2.11825867957e-09, 3.15682679997e-09, 2.25298335543e-09, 2.06961914273e-09, 3.53007534315e-09, 3.95786559082e-09, 2.90623591859e-09],
