{
"highlevel": {
    "danceability": {
        "all": {
            "danceable": 0.986630678177,
            "not_danceable": 0.0133693469688
        },
        "probability": 0.986630678177,
        "value": "danceable"
    },
    "gender": {
        "all": {
            "female": 0.426862478256,
            "male": 0.573137521744
        },
        "probability": 0.573137521744,
        "value": "male"
    },
    "genre_dortmund": {
        "all": {
            "alternative": 0.00630785012618,
            "blues": 0.00648746592924,
            "electronic": 0.107372403145,
            "folkcountry": 0.00580876180902,
            "funksoulrnb": 0.0150547781959,
            "jazz": 0.0915242359042,
            "pop": 0.0198980960995,
            "raphiphop": 0.742053508759,
            "rock": 0.00549292145297
        },
        "probability": 0.742053508759,
        "value": "raphiphop"
    },
    "genre_electronic": {
        "all": {
            "ambient": 0.199511572719,
            "dnb": 0.0404203720391,
            "house": 0.679570615292,
            "techno": 0.0229158382863,
            "trance": 0.0575816184282
        },
        "probability": 0.679570615292,
        "value": "house"
    },
    "genre_rosamerica": {
        "all": {
            "cla": 0.0125420577824,
            "dan": 0.260938376188,
            "hip": 0.30967977643,
            "jaz": 0.0225712656975,
            "pop": 0.094525270164,
            "rhy": 0.277852356434,
            "roc": 0.00775538105518,
            "spe": 0.0141355376691
        },
        "probability": 0.30967977643,
        "value": "hip"
    },
    "genre_tzanetakis": {
        "all": {
            "blu": 0.0626613423228,
            "cla": 0.0348169617355,
            "cou": 0.104475811124,
            "dis": 0.0784321576357,
            "hip": 0.15692435205,
            "jaz": 0.313974827528,
            "met": 0.0448166541755,
            "pop": 0.0627359300852,
            "reg": 0.0627360641956,
            "roc": 0.0784258767962
        },
        "probability": 0.313974827528,
        "value": "jaz"
    },
    "ismir04_rhythm": {
        "all": {
            "ChaChaCha": 0.364231586456,
            "Jive": 0.0202614832669,
            "Quickstep": 0.0190898142755,
            "Rumba-American": 0.0310387704521,
            "Rumba-International": 0.014023761265,
            "Rumba-Misc": 0.00643077911809,
            "Samba": 0.532790243626,
            "Tango": 0.00456836167723,
            "VienneseWaltz": 0.00559427915141,
            "Waltz": 0.00197092816234
        },
        "probability": 0.532790243626,
        "value": "Samba"
    },
    "mood_acoustic": {
        "all": {
            "acoustic": 0.136254012585,
            "not_acoustic": 0.863745987415
        },
        "probability": 0.863745987415,
        "value": "not_acoustic"
    },
    "mood_aggressive": {
        "all": {
            "aggressive": 0.224575087428,
            "not_aggressive": 0.775424897671
        },
        "probability": 0.775424897671,
        "value": "not_aggressive"
    },
    "mood_electronic": {
        "all": {
            "electronic": 0.866162240505,
            "not_electronic": 0.133837774396
        },
        "probability": 0.866162240505,
        "value": "electronic"
    },
    "mood_happy": {
        "all": {
            "happy": 0.347451895475,
            "not_happy": 0.652548134327
        },
        "probability": 0.652548134327,
        "value": "not_happy"
    },
    "mood_party": {
        "all": {
            "not_party": 0.271396368742,
            "party": 0.728603601456
        },
        "probability": 0.728603601456,
        "value": "party"
    },
    "mood_relaxed": {
        "all": {
            "not_relaxed": 0.167420461774,
            "relaxed": 0.832579553127
        },
        "probability": 0.832579553127,
        "value": "relaxed"
    },
    "mood_sad": {
        "all": {
            "not_sad": 0.610815167427,
            "sad": 0.389184832573
        },
        "probability": 0.610815167427,
        "value": "not_sad"
    },
    "moods_mirex": {
        "all": {
            "Cluster1": 0.155947610736,
            "Cluster2": 0.23569893837,
            "Cluster3": 0.232757017016,
            "Cluster4": 0.274460673332,
            "Cluster5": 0.101135753095
        },
        "probability": 0.274460673332,
        "value": "Cluster4"
    },
    "timbre": {
        "all": {
            "bright": 0.930494964123,
            "dark": 0.0695050135255
        },
        "probability": 0.930494964123,
        "value": "bright"
    },
    "tonal_atonal": {
        "all": {
            "atonal": 0.662690103054,
            "tonal": 0.337309926748
        },
        "probability": 0.662690103054,
        "value": "atonal"
    },
    "voice_instrumental": {
        "all": {
            "instrumental": 0.0124197620898,
            "voice": 0.987580239773
        },
        "probability": 0.987580239773,
        "value": "voice"
    }
},
"lowlevel": {
    "average_loudness": 0.971471965313,
    "barkbands_crest": {
        "dmean": 2.823959589,
        "dmean2": 4.23919153214,
        "dvar": 8.08764839172,
        "dvar2": 16.7727451324,
        "max": 26.065864563,
        "mean": 12.076625824,
        "median": 10.4707040787,
        "min": 3.42570734024,
        "var": 33.8081054688
    },
    "barkbands_flatness_db": {
        "dmean": 0.0292457789183,
        "dmean2": 0.0404951758683,
        "dvar": 0.000862341257744,
        "dvar2": 0.00162949273363,
        "max": 0.445719748735,
        "mean": 0.179618775845,
        "median": 0.168045923114,
        "min": 0.0667330026627,
        "var": 0.00378149561584
    },
    "barkbands_kurtosis": {
        "dmean": 7.56064271927,
        "dmean2": 11.178103447,
        "dvar": 453.325164795,
        "dvar2": 851.755310059,
        "max": 472.602355957,
        "mean": 10.4162788391,
        "median": 2.08652639389,
        "min": -1.92301309109,
        "var": 775.681762695
    },
    "barkbands_skewness": {
        "dmean": 0.933064818382,
        "dmean2": 1.3319362402,
        "dvar": 1.24344110489,
        "dvar2": 2.35449361801,
        "max": 17.8042163849,
        "mean": 2.07460141182,
        "median": 1.52388417721,
        "min": -2.58606076241,
        "var": 4.78045225143
    },
    "barkbands_spread": {
        "dmean": 10.8303747177,
        "dmean2": 16.5244369507,
        "dvar": 202.188400269,
        "dvar2": 438.151275635,
        "max": 108.015365601,
        "mean": 25.6357345581,
        "median": 20.1960220337,
        "min": 0.363414019346,
        "var": 423.021850586
    },
    "dissonance": {
        "dmean": 0.022330082953,
        "dmean2": 0.0373001024127,
        "dvar": 0.000500136229675,
        "dvar2": 0.00137661432382,
        "max": 0.4999769032,
        "mean": 0.455608844757,
        "median": 0.462877601385,
        "min": 0.285936802626,
        "var": 0.00104382704012
    },
    "dynamic_complexity": 3.06158256531,
    "erbbands_crest": {
        "dmean": 2.92091703415,
        "dmean2": 4.75032806396,
        "dvar": 7.10293149948,
        "dvar2": 17.4052524567,
        "max": 25.6771507263,
        "mean": 9.53421878815,
        "median": 8.61952018738,
        "min": 3.132635355,
        "var": 16.7793693542
    },
    "erbbands_flatness_db": {
        "dmean": 0.0199149735272,
        "dmean2": 0.0293707642704,
        "dvar": 0.0004135685449,
        "dvar2": 0.000813001883216,
        "max": 0.366823196411,
        "mean": 0.170575603843,
        "median": 0.165688917041,
        "min": 0.0740724727511,
        "var": 0.00206678616814
    },
    "erbbands_kurtosis": {
        "dmean": 1.44294095039,
        "dmean2": 2.3592634201,
        "dvar": 4.36958265305,
        "dvar2": 9.74062347412,
        "max": 28.3805904388,
        "mean": 0.811080396175,
        "median": 0.136305332184,
        "min": -1.83323979378,
        "var": 6.77077817917
    },
    "erbbands_skewness": {
        "dmean": 0.579951167107,
        "dmean2": 0.878018498421,
        "dvar": 0.375222742558,
        "dvar2": 0.858255445957,
        "max": 3.10354137421,
        "mean": 0.241630136967,
        "median": 0.286539971828,
        "min": -4.61956501007,
        "var": 0.985909700394
    },
    "erbbands_spread": {
        "dmean": 15.0027484894,
        "dmean2": 23.0074253082,
        "dvar": 260.068878174,
        "dvar2": 611.434692383,
        "max": 142.130874634,
        "mean": 45.4962730408,
        "median": 41.4004478455,
        "min": 4.68291473389,
        "var": 573.466247559
    },
    "hfc": {
        "dmean": 18.6357822418,
        "dmean2": 30.0786190033,
        "dvar": 866.362915039,
        "dvar2": 2075.52734375,
        "max": 199.352844238,
        "mean": 24.5316162109,
        "median": 13.9649581909,
        "min": 0.016008162871,
        "var": 1005.94750977
    },
    "melbands_crest": {
        "dmean": 3.56027412415,
        "dmean2": 5.33260297775,
        "dvar": 12.9362449646,
        "dvar2": 31.5809440613,
        "max": 35.0591239929,
        "mean": 17.7433509827,
        "median": 16.290397644,
        "min": 3.91120004654,
        "var": 60.0800628662
    },
    "melbands_flatness_db": {
        "dmean": 0.037231400609,
        "dmean2": 0.0498642995954,
        "dvar": 0.00139701226726,
        "dvar2": 0.0025430729147,
        "max": 0.553144991398,
        "mean": 0.216875493526,
        "median": 0.198666036129,
        "min": 0.0342019237578,
        "var": 0.00840097945184
    },
    "melbands_kurtosis": {
        "dmean": 17.0105552673,
        "dmean2": 25.9351482391,
        "dvar": 1296.36938477,
        "dvar2": 2930.56640625,
        "max": 440.98324585,
        "mean": 28.2974338531,
        "median": 10.2629642487,
        "min": -1.92732191086,
        "var": 2591.50878906
    },
    "melbands_skewness": {
        "dmean": 1.10991978645,
        "dmean2": 1.63782167435,
        "dvar": 1.78421652317,
        "dvar2": 3.50544977188,
        "max": 16.2190322876,
        "mean": 3.54078936577,
        "median": 2.82753992081,
        "min": -1.45054686069,
        "var": 7.42615413666
    },
    "melbands_spread": {
        "dmean": 15.1322259903,
        "dmean2": 23.887512207,
        "dvar": 634.368347168,
        "dvar2": 1503.40441895,
        "max": 209.751937866,
        "mean": 29.0945568085,
        "median": 20.8722572327,
        "min": 0.372217565775,
        "var": 1014.87084961
    },
    "pitch_salience": {
        "dmean": 0.0870070308447,
        "dmean2": 0.133505195379,
        "dvar": 0.0106436144561,
        "dvar2": 0.0248424466699,
        "max": 0.914772152901,
        "mean": 0.509261488914,
        "median": 0.526195287704,
        "min": 0.0764552205801,
        "var": 0.0323627777398
    },
    "silence_rate_20dB": {
        "dmean": 0,
        "dmean2": 0,
        "dvar": 0,
        "dvar2": 0,
        "max": 1,
        "mean": 1,
        "median": 1,
        "min": 1,
        "var": 0
    },
    "silence_rate_30dB": {
        "dmean": 0.0402476787567,
        "dmean2": 0.0805577039719,
        "dvar": 0.0386281721294,
        "dvar2": 0.0740689188242,
        "max": 1,
        "mean": 0.924980640411,
        "median": 1,
        "min": 0,
        "var": 0.069391772151
    },
    "silence_rate_60dB": {
        "dmean": 0.0495356023312,
        "dmean2": 0.0991479456425,
        "dvar": 0.0470813028514,
        "dvar2": 0.0986111983657,
        "max": 1,
        "mean": 0.100541375577,
        "median": 0,
        "min": 0,
        "var": 0.0904332101345
    },
    "spectral_centroid": {
        "dmean": 450.951782227,
        "dmean2": 678.769897461,
        "dvar": 324769.3125,
        "dvar2": 722002,
        "max": 4922.59863281,
        "mean": 1571.3770752,
        "median": 1364.56921387,
        "min": 149.713729858,
        "var": 867661.625
    },
    "spectral_complexity": {
        "dmean": 4.29721355438,
        "dmean2": 6.58017063141,
        "dvar": 39.9595870972,
        "dvar2": 77.0536499023,
        "max": 55,
        "mean": 13.8329467773,
        "median": 12,
        "min": 0,
        "var": 81.2760314941
    },
    "spectral_decrease": {
        "dmean": 2.83210876972e-09,
        "dmean2": 3.85979515016e-09,
        "dvar": 2.98301412832e-17,
        "dvar2": 4.59682232759e-17,
        "max": -4.43319903357e-12,
        "mean": -8.34904589908e-09,
        "median": -4.4130743504e-09,
        "min": -5.51724852471e-08,
        "var": 1.13901685088e-16
    },
    "spectral_energy": {
        "dmean": 0.0118596320972,
        "dmean2": 0.0165463704616,
        "dvar": 0.000456162408227,
        "dvar2": 0.000725416291971,
        "max": 0.211175337434,
        "mean": 0.0337362959981,
        "median": 0.0182920992374,
        "min": 1.83737811312e-05,
        "var": 0.00167285581119
    },
    "spectral_energyband_high": {
        "dmean": 0.00206754775718,
        "dmean2": 0.00342435645871,
        "dvar": 1.27292450998e-05,
        "dvar2": 3.07944210363e-05,
        "max": 0.0214244052768,
        "mean": 0.00208919448778,
        "median": 0.000451216066722,
        "min": 8.89128131121e-08,
        "var": 1.41542186611e-05
    },
    "spectral_energyband_low": {
        "dmean": 0.00744319939986,
        "dmean2": 0.00996738858521,
        "dvar": 0.000425925420132,
        "dvar2": 0.000664524792228,
        "max": 0.196694850922,
        "mean": 0.0206644535065,
        "median": 0.000628177600447,
        "min": 6.60549943632e-08,
        "var": 0.00144476024434
    },
    "spectral_energyband_middle_high": {
        "dmean": 0.00149807217531,
        "dmean2": 0.00224194582552,
        "dvar": 6.12551639279e-06,
        "dvar2": 1.39755738928e-05,
        "max": 0.0273065678775,
        "mean": 0.00307324528694,
        "median": 0.00188344565686,
        "min": 5.16571117259e-06,
        "var": 1.2792119378e-05
    },
    "spectral_energyband_middle_low": {
        "dmean": 0.00652487156913,
        "dmean2": 0.0111809810624,
        "dvar": 0.000321950938087,
        "dvar2": 0.000902426312678,
        "max": 0.137784063816,
        "mean": 0.00873575545847,
        "median": 0.00503784278408,
        "min": 1.09429629447e-05,
        "var": 0.000218999542994
    },
    "spectral_entropy": {
        "dmean": 0.252325594425,
        "dmean2": 0.36943051219,
        "dvar": 0.0720423609018,
        "dvar2": 0.154520258307,
        "max": 8.64452648163,
        "mean": 7.63580417633,
        "median": 7.62024354935,
        "min": 5.90000343323,
        "var": 0.189303904772
    },
    "spectral_flux": {
        "dmean": 0.0357554480433,
        "dmean2": 0.0525337457657,
        "dvar": 0.00254779378884,
        "dvar2": 0.00372492382303,
        "max": 0.478820085526,
        "mean": 0.088485211134,
        "median": 0.0639369189739,
        "min": 0.00238932180218,
        "var": 0.00649198051542
    },
    "spectral_kurtosis": {
        "dmean": 1.79234647751,
        "dmean2": 2.83878087997,
        "dvar": 6.00640153885,
        "dvar2": 14.820069313,
        "max": 32.7277526855,
        "mean": 3.14665555954,
        "median": 2.53395318985,
        "min": -1.12919080257,
        "var": 10.8477325439
    },
    "spectral_rms": {
        "dmean": 0.000955239054747,
        "dmean2": 0.00130441540387,
        "dvar": 1.79349376594e-06,
        "dvar2": 2.85791952592e-06,
        "max": 0.0143535612151,
        "mean": 0.00491560343653,
        "median": 0.00422444660217,
        "min": 0.000133886671392,
        "var": 8.75028945302e-06
    },
    "spectral_rolloff": {
        "dmean": 1142.5949707,
        "dmean2": 1957.30310059,
        "dvar": 3586287,
        "dvar2": 7919977,
        "max": 11670.9960938,
        "mean": 2114.16992188,
        "median": 1291.9921875,
        "min": 64.599609375,
        "var": 6004130
    },
    "spectral_skewness": {
        "dmean": 0.336579084396,
        "dmean2": 0.501338839531,
        "dvar": 0.131573587656,
        "dvar2": 0.28194385767,
        "max": 4.3650560379,
        "mean": 1.31648683548,
        "median": 1.33868074417,
        "min": -0.276962846518,
        "var": 0.391573309898
    },
    "spectral_spread": {
        "dmean": 1085455.625,
        "dmean2": 1650125.375,
        "dvar": 1.71340084019e+12,
        "dvar2": 3.59708596634e+12,
        "max": 12214421,
        "mean": 5475530.5,
        "median": 5182060,
        "min": 1384555.75,
        "var": 3.37021396582e+12
    },
    "spectral_strongpeak": {
        "dmean": 0.402135550976,
        "dmean2": 0.669467389584,
        "dvar": 0.616739213467,
        "dvar2": 1.59088742733,
        "max": 10.3943691254,
        "mean": 0.766862809658,
        "median": 0.506056368351,
        "min": 0.0170663092285,
        "var": 0.849460184574
    },
    "zerocrossingrate": {
        "dmean": 0.0208910293877,
        "dmean2": 0.0245884209871,
        "dvar": 0.000541180954315,
        "dvar2": 0.000734922476113,
        "max": 0.35986328125,
        "mean": 0.0735054016113,
        "median": 0.0625,
        "min": 0.001953125,
        "var": 0.00305759254843
    },
    "barkbands": {
        "dmean": [0.000521146634128, 0.00713909650221, 0.00316137471236, 0.00158044171985, 0.00184520240873, 0.0023448462598, 0.000815798237454, 0.000824626768008, 0.00045185838826, 0.000367752247257, 0.000205959033337, 0.000174288172275, 0.000277697195997, 0.000337689387379, 0.000107836982352, 0.000137179624289, 0.000158789844136, 0.000171539271832, 0.00022514842567, 0.000242167996475, 0.000284373847535, 0.000272341101663, 0.000791056256276, 0.000495132757351, 0.000175389548531, 5.52200581296e-05, 1.57436105042e-07],
        "dmean2": [0.000745345023461, 0.00916678924114, 0.00567178055644, 0.00295680458657, 0.00328142568469, 0.00409687310457, 0.0014283771161, 0.00126865040511, 0.000746658246499, 0.000572479097173, 0.000315560231684, 0.000277698825812, 0.000408088963013, 0.0005263905623, 0.000167172693182, 0.000211615319131, 0.000247579882853, 0.00028199038934, 0.000369589601178, 0.000387599808164, 0.000447963015176, 0.000432053697295, 0.00137645332143, 0.000848899129778, 0.000286120601231, 9.39810051932e-05, 2.9310734817e-07],
        "dvar": [1.08152516987e-06, 0.000371104921214, 0.000213748877286, 4.18064846599e-05, 3.72679169232e-05, 5.09749479534e-05, 3.61225147572e-06, 2.10768916986e-06, 1.11579572604e-06, 5.75002218284e-07, 1.89942539919e-07, 1.42694901228e-07, 4.23279971073e-07, 6.77459695453e-07, 6.49551310516e-08, 3.205690291e-07, 1.90076107742e-07, 1.81971728352e-07, 4.19860327838e-07, 3.38580093739e-07, 4.72334306778e-07, 3.41756958733e-07, 2.33728633248e-06, 7.83071470778e-07, 9.72801146304e-08, 1.99312353288e-08, 6.84252730431e-13],
        "dvar2": [2.20402080231e-06, 0.000526476884261, 0.000591594493017, 0.000123577279737, 0.000108273394289, 0.000136497896165, 9.97865117824e-06, 4.68560256195e-06, 2.94937717626e-06, 1.33369076138e-06, 4.33185704196e-07, 3.2737256106e-07, 8.50344235914e-07, 1.48421281665e-06, 1.51353489741e-07, 5.90083516272e-07, 4.20732561679e-07, 4.74480543744e-07, 1.10476548798e-06, 7.87267765645e-07, 1.02552110093e-06, 7.31828436074e-07, 6.25905886409e-06, 2.00472618417e-06, 2.2695829216e-07, 5.38723412546e-08, 1.91955891286e-12],
        "max": [0.0120089966804, 0.191908106208, 0.135594844818, 0.0537183135748, 0.0494739860296, 0.0658695921302, 0.0152361402288, 0.0146701121703, 0.0101173892617, 0.0116541162133, 0.00670044776052, 0.00748730683699, 0.0120977386832, 0.01620192267, 0.00440660025924, 0.0166996922344, 0.0105521483347, 0.0049067013897, 0.00962696131319, 0.00598973920569, 0.0109462141991, 0.00520318187773, 0.00935286749154, 0.00675797974691, 0.00319769792259, 0.00142175378278, 1.26240001919e-05],
        "mean": [0.00121540366672, 0.0164435319602, 0.00237956666388, 0.00143357075285, 0.00182772031985, 0.00227510672994, 0.000948828121182, 0.00121151609346, 0.000619547965471, 0.000618241319899, 0.000280817475868, 0.000243955728365, 0.000485993368784, 0.000560748507269, 0.000159446848556, 0.00016598001821, 0.000211746577406, 0.000192025778233, 0.000249979930231, 0.000271412747679, 0.000366077088984, 0.000313083146466, 0.0006182664074, 0.000422294542659, 0.000171451843926, 4.98669323861e-05, 9.4612964574e-08],
        "median": [5.35761028004e-05, 0.000208829558687, 2.36942469201e-05, 0.000288723094855, 0.000508759170771, 0.000717458373401, 0.000379817589419, 0.000528349075466, 0.000195969478227, 0.000181990719284, 7.99376502982e-05, 9.18567093322e-05, 0.000208426368772, 0.000126523984363, 4.48214486823e-05, 3.0981060263e-05, 5.33409620402e-05, 5.31346559001e-05, 6.00538951403e-05, 7.34027271392e-05, 5.78721628699e-05, 4.23675810453e-05, 7.79174952186e-05, 7.06982682459e-05, 3.28419700963e-05, 1.01991809061e-05, 4.36863406561e-10],
        "min": [1.90668592026e-10, 2.23535989718e-09, 2.19481016694e-10, 1.86732922458e-08, 2.02004557082e-07, 9.97467992647e-08, 1.14760624115e-07, 1.405983312e-06, 1.21062714697e-06, 3.56208659014e-07, 3.69067322481e-07, 6.83639655108e-07, 3.32882933662e-07, 3.74787902047e-07, 3.02523943674e-08, 2.7043684625e-08, 5.25843297794e-08, 1.25921729932e-07, 1.34995843837e-07, 3.33427934152e-08, 2.01619112516e-08, 1.28605099903e-08, 5.79737102768e-09, 1.88737225848e-09, 1.81050088116e-11, 5.98751040068e-12, 5.5643293792e-12],
        "var": [3.63080653187e-06, 0.00106012751348, 0.000132429369842, 2.36330051848e-05, 2.33856444538e-05, 3.66841813957e-05, 2.96122675536e-06, 3.39334155797e-06, 1.56947874075e-06, 1.34659183004e-06, 3.30980697072e-07, 2.10582058457e-07, 7.42578890822e-07, 1.34648735184e-06, 1.06902454888e-07, 5.61373781238e-07, 3.08183444986e-07, 1.73314035123e-07, 4.73179426308e-07, 3.67735708551e-07, 7.18788214726e-07, 4.62517618871e-07, 1.77609285856e-06, 7.13317263035e-07, 1.28023330603e-07, 1.69733826993e-08, 4.08873591451e-13]
    },
    "erbbands": {
        "dmean": [0.290388643742, 1.5132791996, 3.56192564964, 4.55169820786, 6.3149971962, 5.32323646545, 8.17170143127, 22.9190731049, 17.0375232697, 8.5178937912, 20.7418804169, 11.2435703278, 13.2457094193, 8.15664291382, 7.07323026657, 7.73203277588, 12.8934173584, 17.794588089, 7.5187292099, 5.92296218872, 6.79429531097, 8.33131027222, 9.8351316452, 8.2568063736, 13.1904401779, 12.1505794525, 10.6276292801, 11.1945466995, 9.93655204773, 13.8445196152, 22.7410621643, 15.3623409271, 5.70721149445, 2.54553198814, 1.03076922894, 0.339223355055, 0.0930605530739, 0.00614727754146, 0.000158313865541, 2.71028948191e-05],
        "dmean2": [0.384239703417, 1.99389612675, 6.01136732101, 8.25911808014, 10.9854927063, 9.72740077972, 15.0137834549, 39.788394928, 28.9978523254, 14.295296669, 32.0525741577, 17.9200153351, 20.5971069336, 13.1109514236, 10.9040765762, 12.0732679367, 19.1691150665, 27.4247550964, 11.4196071625, 9.11978912354, 10.9155340195, 12.7221755981, 15.9563455582, 13.6927452087, 21.3182621002, 19.5240783691, 16.9110107422, 17.7501277924, 15.7063989639, 23.0967483521, 39.6699638367, 26.6460132599, 9.54640865326, 4.16279792786, 1.6930013895, 0.566399514675, 0.163004532456, 0.0112350219861, 0.00028054221184, 4.24368372478e-05],
        "dvar": [0.523372232914, 21.6208362579, 228.69052124, 392.024383545, 347.703948975, 409.430328369, 785.327758789, 5809.50292969, 1697.76721191, 450.586975098, 1480.93017578, 572.342529297, 914.136291504, 288.905334473, 207.349212646, 322.395629883, 866.37701416, 1604.75646973, 418.669067383, 330.878601074, 588.764038086, 351.406188965, 557.660888672, 518.487976074, 1538.29846191, 903.527282715, 640.569824219, 718.767700195, 471.174041748, 626.430541992, 1955.66662598, 840.952331543, 94.5364456177, 19.2698192596, 3.87314367294, 0.572735965252, 0.0608755350113, 0.00047984853154, 2.39562922388e-07, 2.30456409511e-09],
        "dvar2": [0.732716202736, 35.5057563782, 605.859680176, 1121.95153809, 1009.57763672, 1194.83117676, 2258.95751953, 15424.9462891, 4433.27050781, 1203.85400391, 3299.46972656, 1464.15820312, 2225.62133789, 685.228271484, 497.248901367, 734.47845459, 1636.48779297, 3722.77807617, 808.440185547, 697.045471191, 1176.30224609, 789.034606934, 1451.38671875, 1316.3013916, 4059.49853516, 2171.00512695, 1333.50512695, 1591.03076172, 1043.02868652, 1545.5435791, 5238.74023438, 2191.54101562, 238.41078186, 45.9526290894, 9.11440181732, 1.50910508633, 0.163988932967, 0.00136586173903, 6.65945663059e-07, 5.43769074213e-09],
        "max": [7.91166162491, 45.4272499084, 139.840179443, 178.128829956, 166.751251221, 170.208511353, 227.667541504, 754.699645996, 361.005249023, 226.716583252, 397.943878174, 292.360168457, 459.875335693, 224.522521973, 201.120559692, 379.421264648, 519.682739258, 609.502624512, 575.733459473, 419.135437012, 568.893981934, 318.502380371, 257.223327637, 208.108444214, 618.045837402, 312.485839844, 321.925323486, 448.350036621, 229.545425415, 201.357833862, 269.295715332, 167.59286499, 117.859840393, 40.54139328, 24.174407959, 9.15353012085, 2.8658490181, 0.242434993386, 0.00611951807514, 0.000510107318405],
        "mean": [0.655245423317, 2.94843101501, 3.19621801376, 3.89203763008, 7.0774512291, 4.48331737518, 6.55182933807, 22.1434593201, 20.3558635712, 10.5492582321, 31.168636322, 17.6796417236, 21.9635105133, 11.6422595978, 10.2976102829, 11.8125066757, 24.3716716766, 31.8668251038, 12.5194091797, 8.97066497803, 8.99484729767, 11.655210495, 11.7431554794, 8.97061061859, 14.9765501022, 13.2319192886, 12.9491977692, 14.2392902374, 11.9059343338, 12.9707012177, 17.5683135986, 12.0298051834, 5.37714910507, 2.47612738609, 0.958135426044, 0.326294362545, 0.0773232728243, 0.0043764822185, 0.000137576920679, 5.14480343554e-05],
        "median": [0.0122908037156, 0.0174557678401, 0.0610492266715, 0.903552055359, 2.33281040192, 1.12495696545, 1.32418322563, 7.0171289444, 8.07835006714, 4.48812294006, 13.1125354767, 6.74469614029, 6.06184339523, 4.58952760696, 3.99490904808, 5.15060281754, 10.8501653671, 8.73963737488, 4.33114814758, 2.04289340973, 2.01461362839, 3.34069013596, 3.57646250725, 2.27405548096, 4.02613544464, 3.43012666702, 2.91083621979, 1.54979479313, 1.4858802557, 2.32706165314, 1.972407341, 1.24206113815, 1.21252572536, 0.48408845067, 0.15242870152, 0.0715463161469, 0.011894127354, 0.000419011368649, 3.49950169038e-05, 2.87136663246e-05],
        "min": [2.6823337862e-07, 3.23360791299e-06, 5.79890047447e-06, 0.000193023079191, 0.000641586142592, 0.000366619147826, 0.000203142481041, 0.000942759681493, 0.00254889507778, 0.0180611480027, 0.0501324087381, 0.0360949523747, 0.0278897415847, 0.0197426117957, 0.0218474622816, 0.029998248443, 0.0205028820783, 0.0230178777128, 0.00816540420055, 0.00172985787503, 0.00166994007304, 0.00407634535804, 0.0102218491957, 0.00522003835067, 0.00570622598752, 0.00142335833516, 0.00094325793907, 0.000312125426717, 0.00041751426761, 0.000430067128036, 0.000148641862324, 7.54397988203e-05, 7.58457827033e-05, 2.73821278824e-05, 1.07960659079e-05, 5.79225968522e-07, 6.552838272e-08, 1.51915315882e-08, 1.32937172381e-08, 2.25309921831e-08],
        "var": [1.50997257233, 45.309223175, 166.168762207, 232.382858276, 246.43270874, 232.085067749, 462.894439697, 4206.93408203, 1518.60803223, 405.589233398, 2326.05493164, 1011.16784668, 2028.76599121, 355.59753418, 331.956970215, 502.401397705, 1681.14929199, 3549.87939453, 731.552368164, 721.163635254, 1041.80957031, 672.944580078, 582.00201416, 490.237823486, 1744.87316895, 922.219909668, 900.907775879, 1113.61950684, 646.98223877, 643.840332031, 1478.84851074, 669.246276855, 107.983505249, 24.9489421844, 4.72590494156, 0.55476886034, 0.0489531941712, 0.000302778906189, 1.62405072501e-07, 3.46810513641e-09]
    },
    "gfcc": {
        "mean": [-27.8156509399, 67.6040878296, -120.981559753, 26.28698349, -85.104637146, 18.08842659, -44.2106704712, 8.74706459045, -23.1652565002, 7.79768562317, -7.66455507278, -5.52080059052, -13.8455066681],
        "cov": [[6014.53173828, -1005.67108154, 1046.68505859, 776.51385498, 293.298492432, 538.313476562, -29.4014129639, 307.90246582, -228.890380859, -54.0918617249, -241.222351074, 206.468307495, -167.480651855], [-1005.67108154, 2600.8840332, 435.348815918, 282.768859863, 1152.46716309, 274.50289917, 709.512939453, 117.787696838, 493.767700195, -37.0058670044, 246.856079102, -102.52796936, 252.379867554], [1046.68505859, 435.348815918, 1450.18310547, 851.190673828, 451.893341064, 564.977478027, 492.954711914, 224.665008545, 225.423355103, 55.721408844, 63.5523414612, 95.1137008667, 43.806312561], [776.51385498, 282.768859863, 851.190673828, 1075.12487793, 403.621032715, 374.729431152, 453.810119629, 148.115875244, 285.180755615, 115.444816589, 73.8358612061, 67.9848632812, 149.547790527], [293.298492432, 1152.46716309, 451.893341064, 403.621032715, 1115.01049805, 374.939819336, 462.157897949, 256.751312256, 238.527252197, 38.5792007446, 122.815345764, -23.1169681549, 88.287147522], [538.313476562, 274.50289917, 564.977478027, 374.729431152, 374.939819336, 585.536987305, 370.075622559, 211.334152222, 206.531692505, 46.2826805115, 119.033851624, 30.3843727112, 10.1024961472], [-29.4014129639, 709.512939453, 492.954711914, 453.810119629, 462.157897949, 370.075622559, 651.994628906, 205.787750244, 265.043823242, 81.4338912964, 111.596687317, 22.8854064941, 90.1407775879], [307.90246582, 117.787696838, 224.665008545, 148.115875244, 256.751312256, 211.334152222, 205.787750244, 285.223083496, 89.2331085205, 28.8796234131, 64.6047439575, 14.9131345749, -15.4287137985], [-228.890380859, 493.767700195, 225.423355103, 285.180755615, 238.527252197, 206.531692505, 265.043823242, 89.2331085205, 414.18145752, 125.23500061, 146.293701172, 34.81980896, 132.409973145], [-54.0918617249, -37.0058670044, 55.721408844, 115.444816589, 38.5792007446, 46.2826805115, 81.4338912964, 28.8796234131, 125.23500061, 197.612258911, 61.0196838379, 43.0572547913, 52.6146850586], [-241.222351074, 246.856079102, 63.5523414612, 73.8358612061, 122.815345764, 119.033851624, 111.596687317, 64.6047439575, 146.293701172, 61.0196838379, 208.701721191, 19.9969902039, 50.0009498596], [206.468307495, -102.52796936, 95.1137008667, 67.9848632812, -23.1169681549, 30.3843727112, 22.8854064941, 14.9131345749, 34.81980896, 43.0572547913, 19.9969902039, 120.81464386, 30.2655563354], [-167.480651855, 252.379867554, 43.806312561, 149.547790527, 88.287147522, 10.1024961472, 90.1407775879, -15.4287137985, 132.409973145, 52.6146850586, 50.0009498596, 30.2655563354, 146.230880737]],
        "icov": [[0.00029655644903, 6.54502146062e-05, -5.40104192623e-05, -0.000213602441363, -0.000133716312121, -0.00025712364004, 0.000294190773275, -0.000202805764275, 0.000163251490449, 7.09198357072e-05, 0.000359249475878, -0.000450558465673, 0.000154142311658], [6.54502146062e-05, 0.00201210076921, -0.000722762371879, 0.00111517321784, -0.00173546001315, 0.00110148615204, -0.00152648158837, 0.00123925507069, -0.00136946421117, 0.0017695898423, -0.000951756141149, 0.00139629200567, -0.00163850013632], [-5.40104192623e-05, -0.000722762371879, 0.00204556062818, -0.00147118372843, 0.000561971624848, -0.00129050738178, 0.000312062329613, -0.000386253406759, 0.000510653073434, -0.000311877171043, 0.000594318436924, -0.00134793983307, 0.00131966476329], [-0.000213602441363, 0.00111517321784, -0.00147118372843, 0.00313182780519, -0.00094209832605, 0.000762526644394, -0.00155356177129, 0.000871343188919, -0.00108978815842, 0.000484183197841, -0.000410154665587, 0.00140892248601, -0.00270454259589], [-0.000133716312121, -0.00173546001315, 0.000561971624848, -0.00094209832605, 0.00302942935377, -0.00116671039723, 0.000730835541617, -0.00179051200394, 0.0011242958717, -0.00130790495314, 0.000595179328229, -0.000297592632705, 0.000559998152312], [-0.00025712364004, 0.00110148615204, -0.00129050738178, 0.000762526644394, -0.00116671039723, 0.00508675351739, -0.00205927318893, 8.88704089448e-05, -0.00185620121192, 0.00128898862749, -0.00196596328169, 0.00106006965507, 0.000712780689355], [0.000294190773275, -0.00152648158837, 0.000312062329613, -0.00155356177129, 0.000730835541617, -0.00205927318893, 0.00505201192573, -0.00213825120591, 0.000624902953859, -0.00150552112609, 0.00127529969905, -0.00121470866725, 0.000619228521828], [-0.000202805764275, 0.00123925507069, -0.000386253406759, 0.000871343188919, -0.00179051200394, 8.88704089448e-05, -0.00213825120591, 0.00685629993677, -0.00121963932179, 0.00082912913058, -0.00158977601677, 0.000415960414102, 0.00123340426944], [0.000163251490449, -0.00136946421117, 0.000510653073434, -0.00108978815842, 0.0011242958717, -0.00185620121192, 0.000624902953859, -0.00121963932179, 0.00660200091079, -0.00280806724913, -0.000750008679461, -0.000766336685047, -0.00210498296656], [7.09198357072e-05, 0.0017695898423, -0.000311877171043, 0.000484183197841, -0.00130790495314, 0.00128898862749, -0.00150552112609, 0.00082912913058, -0.00280806724913, 0.00847185682505, -0.00159740378149, -0.000609890732449, -0.0014916457003], [0.000359249475878, -0.000951756141149, 0.000594318436924, -0.000410154665587, 0.000595179328229, -0.00196596328169, 0.00127529969905, -0.00158977601677, -0.000750008679461, -0.00159740378149, 0.00803608912975, -0.00163082324434, -3.82600846933e-05], [-0.000450558465673, 0.00139629200567, -0.00134793983307, 0.00140892248601, -0.000297592632705, 0.00106006965507, -0.00121470866725, 0.000415960414102, -0.000766336685047, -0.000609890732449, -0.00163082324434, 0.012089677155, -0.00409510126337], [0.000154142311658, -0.00163850013632, 0.00131966476329, -0.00270454259589, 0.000559998152312, 0.000712780689355, 0.000619228521828, 0.00123340426944, -0.00210498296656, -0.0014916457003, -3.82600846933e-05, -0.00409510126337, 0.0148779544979]]
    },
    "melbands": {
        "dmean": [0.00222787656821, 0.00173726317007, 0.000834834994748, 0.000426457670983, 0.000272574863629, 0.000501474190969, 0.000240400084294, 9.78274401859e-05, 0.00016157932987, 6.68061911711e-05, 6.54900577501e-05, 3.2342672057e-05, 2.76209138974e-05, 2.0508750822e-05, 2.04664356716e-05, 2.96671532851e-05, 3.76424322894e-05, 1.40183237818e-05, 6.86755629431e-06, 1.0421839761e-05, 7.82816277933e-06, 8.69230279932e-06, 1.00855495475e-05, 8.01975966169e-06, 6.56888823869e-06, 8.78480750544e-06, 9.6784415291e-06, 8.1675925685e-06, 6.62952015773e-06, 6.68733309794e-06, 6.73043678034e-06, 5.6249014051e-06, 5.83574683333e-06, 9.67232153926e-06, 1.32910763568e-05, 1.41522841659e-05, 7.70171482145e-06, 4.43241560788e-06, 2.64464983957e-06, 1.95642360268e-06],
        "dmean2": [0.00277297035791, 0.0025070477277, 0.00148820772301, 0.000753515865654, 0.000504786963575, 0.000868528848514, 0.00041054704343, 0.000161689938977, 0.000249480392085, 0.000108294414531, 0.000102031583083, 5.23592680111e-05, 4.24091485911e-05, 3.28431888192e-05, 3.08503804263e-05, 4.41338270321e-05, 5.7859782828e-05, 2.14510509977e-05, 1.06667466753e-05, 1.6321630028e-05, 1.27004841488e-05, 1.34013398565e-05, 1.60424369824e-05, 1.32633467729e-05, 1.11158542495e-05, 1.40450192703e-05, 1.57612466865e-05, 1.32157483677e-05, 1.06539973785e-05, 1.06013267214e-05, 1.08696476673e-05, 8.98828420759e-06, 9.33346291276e-06, 1.66056834132e-05, 2.32604070334e-05, 2.47971947829e-05, 1.32246059366e-05, 7.47631793274e-06, 4.32559772889e-06, 3.22497862726e-06],
        "dvar": [3.15735851473e-05, 3.79617740691e-05, 1.08371168608e-05, 1.85844703537e-06, 9.71633539848e-07, 2.55164218288e-06, 3.39835850127e-07, 4.73461767569e-08, 8.90350619898e-08, 2.40127153717e-08, 2.2389217591e-08, 4.85437245956e-09, 3.6435428008e-09, 1.96519112095e-09, 2.9451905359e-09, 4.16591827701e-09, 7.33540161946e-09, 2.14536499676e-09, 3.38734151839e-10, 2.41733300044e-09, 6.80216216686e-10, 5.1749482477e-10, 4.25581431207e-10, 5.00245289636e-10, 3.37679578744e-10, 5.68912583709e-10, 7.77049979916e-10, 4.13529321897e-10, 2.40845260402e-10, 3.36897981734e-10, 2.45616804673e-10, 1.74107811501e-10, 1.57711232962e-10, 3.09748421357e-10, 6.6270039456e-10, 7.96819943361e-10, 1.95565980077e-10, 6.04670757909e-11, 1.92582703257e-11, 1.2332627107e-11],
        "dvar2": [4.22746998083e-05, 8.77281127032e-05, 3.08937123918e-05, 5.38500489711e-06, 2.80628637483e-06, 6.77277057548e-06, 8.90442663604e-07, 1.22369527844e-07, 1.98307276378e-07, 6.27315941415e-08, 5.45720659773e-08, 1.13817568703e-08, 8.34010283057e-09, 4.43441772191e-09, 6.43956132862e-09, 8.78675088245e-09, 1.67002340845e-08, 4.32190816468e-09, 7.9914308504e-10, 3.99492927627e-09, 1.40132083715e-09, 1.11846565343e-09, 1.12925835349e-09, 1.29652200087e-09, 8.6537760291e-10, 1.43915035444e-09, 2.02409600192e-09, 9.90016069125e-10, 5.07197284172e-10, 7.16483372631e-10, 5.64931601499e-10, 4.06771671901e-10, 3.4993860587e-10, 8.06638478235e-10, 1.7892245463e-09, 2.11862039023e-09, 5.01033547984e-10, 1.54330256907e-10, 4.6638214124e-11, 2.92577871652e-11],
        "max": [0.0608723051846, 0.0563902147114, 0.0291137993336, 0.0110814804211, 0.00816053245217, 0.0154596120119, 0.00499621592462, 0.00227269157767, 0.00297467620112, 0.00163515505847, 0.00228005228564, 0.00100862584077, 0.000974391645286, 0.000880576844793, 0.00109619984869, 0.000920725637116, 0.00128844601568, 0.00132585584652, 0.000327984860633, 0.0015245085815, 0.000564246322028, 0.000476715649711, 0.000237291940721, 0.000284916692181, 0.000159476956469, 0.000391283014324, 0.000442960415967, 0.000198363151867, 0.000211006758036, 0.000351535709342, 0.000224171293667, 0.000147171012941, 0.000109246386273, 0.000128878062242, 0.000158334369189, 0.000152193271788, 7.72981002228e-05, 9.84217695077e-05, 4.58390713902e-05, 2.90143034363e-05],
        "mean": [0.00517062097788, 0.00242596142925, 0.000793412677012, 0.000437241018517, 0.000210546379094, 0.00049549061805, 0.000289096700726, 0.000126488797832, 0.000248706084676, 9.72438938334e-05, 0.000106070001493, 4.44307006546e-05, 3.90060522477e-05, 2.85501209873e-05, 3.50282425643e-05, 5.21128749824e-05, 6.32494120509e-05, 2.07090670301e-05, 9.94209403871e-06, 1.37955685204e-05, 9.74027534539e-06, 1.15010780064e-05, 1.31128635985e-05, 8.36679009808e-06, 6.70604049446e-06, 1.02470885395e-05, 1.04466771518e-05, 8.44550231704e-06, 7.76409342507e-06, 7.95503456175e-06, 8.56698989082e-06, 6.56323345538e-06, 6.27510326012e-06, 8.31607212604e-06, 1.02382300611e-05, 1.03602569652e-05, 6.21088656771e-06, 4.07948937209e-06, 2.62313528765e-06, 1.85758642601e-06],
        "median": [9.07913054107e-05, 2.07033644983e-05, 0.000242568406975, 0.000136619259138, 4.15428658016e-05, 0.000159473376698, 0.000116906041512, 5.69188014197e-05, 0.000101217978226, 3.43973842973e-05, 2.60282104136e-05, 1.65552228282e-05, 1.26904878925e-05, 1.09776365207e-05, 1.59339306265e-05, 2.22509988816e-05, 1.41845939652e-05, 6.68429265716e-06, 2.81002326119e-06, 2.34855019698e-06, 2.08434880733e-06, 2.72813758784e-06, 4.08643018091e-06, 2.03500485441e-06, 1.47087735058e-06, 2.39865221374e-06, 2.84350539914e-06, 1.91205367628e-06, 1.76454977918e-06, 1.28498447793e-06, 6.41400731638e-07, 7.75617763793e-07, 8.32221246583e-07, 1.44656178236e-06, 1.23192785395e-06, 7.15592477718e-07, 7.36346123631e-07, 8.32479713608e-07, 5.90483466567e-07, 3.15918242677e-07],
        "min": [6.1929272821e-10, 1.26698895819e-09, 1.74216747695e-08, 6.20601596779e-08, 8.96238816495e-09, 2.26749339305e-08, 2.80386753815e-08, 2.24133046345e-07, 3.77209062208e-07, 1.87605010638e-07, 1.22455787732e-07, 3.37549614926e-08, 4.84453934746e-08, 9.95048949903e-08, 5.47419709562e-08, 2.90217165855e-08, 4.24687236489e-08, 1.54817936249e-08, 2.44784925663e-09, 1.34056810097e-09, 2.1042436682e-09, 2.52761878095e-09, 1.01886437065e-08, 4.8071884251e-09, 3.7787803997e-09, 4.582624058e-09, 7.46815331798e-10, 5.3376147946e-10, 4.98397600968e-10, 8.72987238054e-11, 6.96174784487e-11, 2.23817249456e-11, 2.88788021274e-10, 1.34744465585e-10, 5.55266700675e-11, 5.32245731863e-12, 4.89980148469e-12, 1.9430746942e-11, 9.56037766314e-12, 9.9614747332e-14],
