{
"highlevel": {
    "danceability": {
        "all": {
            "danceable": 0.999010741711,
            "not_danceable": 0.000989262363873
        },
        "probability": 0.999010741711,
        "value": "danceable"
    },
    "gender": {
        "all": {
            "female": 0.911518573761,
            "male": 0.088481426239
        },
        "probability": 0.911518573761,
        "value": "female"
    },
    "genre_dortmund": {
        "all": {
            "alternative": 0.0443347096443,
            "blues": 0.186426818371,
            "electronic": 0.0353060476482,
            "folkcountry": 0.0242229346186,
            "funksoulrnb": 0.0222971886396,
            "jazz": 0.276924937963,
            "pop": 0.0787244662642,
            "raphiphop": 0.240684732795,
            "rock": 0.0910781696439
        },
        "probability": 0.276924937963,
        "value": "jazz"
    },
    "genre_electronic": {
        "all": {
            "ambient": 0.264012992382,
            "dnb": 0.0813111886382,
            "house": 0.582673072815,
            "techno": 0.0391105525196,
            "trance": 0.0328921787441
        },
        "probability": 0.582673072815,
        "value": "house"
    },
    "genre_rosamerica": {
        "all": {
            "cla": 0.0056023709476,
            "dan": 0.0786610543728,
            "hip": 0.3445995152,
            "jaz": 0.0297767017037,
            "pop": 0.0445661917329,
            "rhy": 0.434659272432,
            "roc": 0.0279188789427,
            "spe": 0.034216016531
        },
        "probability": 0.434659272432,
        "value": "rhy"
    },
    "genre_tzanetakis": {
        "all": {
            "blu": 0.0454478003085,
            "cla": 0.121176205575,
            "cou": 0.0726853385568,
            "dis": 0.0726827085018,
            "hip": 0.051917526871,
            "jaz": 0.181718662381,
            "met": 0.0605817064643,
            "pop": 0.121165342629,
            "reg": 0.0908760130405,
            "roc": 0.181748703122
        },
        "probability": 0.181748703122,
        "value": "roc"
    },
    "ismir04_rhythm": {
        "all": {
            "ChaChaCha": 0.0906287431717,
            "Jive": 0.0203326512128,
            "Quickstep": 0.0759174078703,
            "Rumba-American": 0.0163677856326,
            "Rumba-International": 0.45868730545,
            "Rumba-Misc": 0.0479352287948,
            "Samba": 0.228463500738,
            "Tango": 0.0240413509309,
            "VienneseWaltz": 0.0273841004819,
            "Waltz": 0.0102419266477
        },
        "probability": 0.45868730545,
        "value": "Rumba-International"
    },
    "mood_acoustic": {
        "all": {
            "acoustic": 0.0346619077027,
            "not_acoustic": 0.965338110924
        },
        "probability": 0.965338110924,
        "value": "not_acoustic"
    },
    "mood_aggressive": {
        "all": {
            "aggressive": 0.0865831300616,
            "not_aggressive": 0.913416862488
        },
        "probability": 0.913416862488,
        "value": "not_aggressive"
    },
    "mood_electronic": {
        "all": {
            "electronic": 0.905137181282,
            "not_electronic": 0.0948627963662
        },
        "probability": 0.905137181282,
        "value": "electronic"
    },
    "mood_happy": {
        "all": {
            "happy": 0.124715000391,
            "not_happy": 0.875284969807
        },
        "probability": 0.875284969807,
        "value": "not_happy"
    },
    "mood_party": {
        "all": {
            "not_party": 0.676451444626,
            "party": 0.323548555374
        },
        "probability": 0.676451444626,
        "value": "not_party"
    },
    "mood_relaxed": {
        "all": {
            "not_relaxed": 0.0747698917985,
            "relaxed": 0.92523008585
        },
        "probability": 0.92523008585,
        "value": "relaxed"
    },
    "mood_sad": {
        "all": {
            "not_sad": 0.461421519518,
            "sad": 0.538578510284
        },
        "probability": 0.538578510284,
        "value": "sad"
    },
    "moods_mirex": {
        "all": {
            "Cluster1": 0.350449413061,
            "Cluster2": 0.234543055296,
            "Cluster3": 0.23817448318,
            "Cluster4": 0.0566980279982,
            "Cluster5": 0.120135031641
        },
        "probability": 0.350449413061,
        "value": "Cluster1"
    },
    "timbre": {
        "all": {
            "bright": 0.398689210415,
            "dark": 0.601310789585
        },
        "probability": 0.601310789585,
        "value": "dark"
    },
    "tonal_atonal": {
        "all": {
            "atonal": 0.99210357666,
            "tonal": 0.00789641775191
        },
        "probability": 0.99210357666,
        "value": "atonal"
    },
    "voice_instrumental": {
        "all": {
            "instrumental": 0.902682423592,
            "voice": 0.0973175615072
        },
        "probability": 0.902682423592,
        "value": "instrumental"
    }
},
"lowlevel": {
    "average_loudness": 0.973903417587,
    "barkbands_crest": {
        "dmean": 2.10305190086,
        "dmean2": 3.1404607296,
        "dvar": 7.22555398941,
        "dvar2": 14.7252874374,
        "max": 26.2602081299,
        "mean": 15.869852066,
        "median": 15.2635269165,
        "min": 3.19666838646,
        "var": 34.7278900146
    },
    "barkbands_flatness_db": {
        "dmean": 0.0348375104368,
        "dmean2": 0.0460611656308,
        "dvar": 0.00142817292362,
        "dvar2": 0.00232469057664,
        "max": 0.634561240673,
        "mean": 0.264480024576,
        "median": 0.259265452623,
        "min": 0.0667914226651,
        "var": 0.00833597406745
    },
    "barkbands_kurtosis": {
        "dmean": 23.4783992767,
        "dmean2": 33.5811958313,
        "dvar": 3664.78564453,
        "dvar2": 6852.45214844,
        "max": 760.111083984,
        "mean": 38.3916854858,
        "median": 13.9885482788,
        "min": -1.65456271172,
        "var": 6101.20800781
    },
    "barkbands_skewness": {
        "dmean": 1.26459789276,
        "dmean2": 1.77567672729,
        "dvar": 3.9067234993,
        "dvar2": 6.74652814865,
        "max": 24.3735790253,
        "mean": 4.05190849304,
        "median": 3.29594230652,
        "min": -0.750784695148,
        "var": 11.3566150665
    },
    "barkbands_spread": {
        "dmean": 5.49286651611,
        "dmean2": 8.27176189423,
        "dvar": 91.0055541992,
        "dvar2": 188.893478394,
        "max": 107.649353027,
        "mean": 11.3817987442,
        "median": 6.55393314362,
        "min": 0.0504422038794,
        "var": 159.196289062
    },
    "dissonance": {
        "dmean": 0.0231601055712,
        "dmean2": 0.0371662043035,
        "dvar": 0.000692934612744,
        "dvar2": 0.00165568571538,
        "max": 0.499582320452,
        "mean": 0.448589384556,
        "median": 0.466265648603,
        "min": 0.180958494544,
        "var": 0.0025192713365
    },
    "dynamic_complexity": 2.65657663345,
    "erbbands_crest": {
        "dmean": 2.6709830761,
        "dmean2": 4.04818105698,
        "dvar": 7.2352104187,
        "dvar2": 15.5516424179,
        "max": 33.5348701477,
        "mean": 10.8017759323,
        "median": 8.72455120087,
        "min": 3.00644612312,
        "var": 40.3991737366
    },
    "erbbands_flatness_db": {
        "dmean": 0.0250764992088,
        "dmean2": 0.0349185019732,
        "dvar": 0.00064147968078,
        "dvar2": 0.001173294615,
        "max": 0.411294460297,
        "mean": 0.177807688713,
        "median": 0.174643099308,
        "min": 0.0553839690983,
        "var": 0.00355390948243
    },
    "erbbands_kurtosis": {
        "dmean": 2.78465986252,
        "dmean2": 4.23057365417,
        "dvar": 40.666217804,
        "dvar2": 79.9228210449,
        "max": 143.904953003,
        "mean": 3.40634942055,
        "median": -0.323865890503,
        "min": -1.80894005299,
        "var": 137.987075806
    },
    "erbbands_skewness": {
        "dmean": 0.603376328945,
        "dmean2": 0.898834228516,
        "dvar": 0.477462917566,
        "dvar2": 1.11923849583,
        "max": 8.26408576965,
        "mean": 0.757862865925,
        "median": 0.535530149937,
        "min": -2.72679257393,
        "var": 1.80364501476
    },
    "erbbands_spread": {
        "dmean": 13.3206682205,
        "dmean2": 19.7720603943,
        "dvar": 306.567749023,
        "dvar2": 560.542114258,
        "max": 154.724441528,
        "mean": 47.7702217102,
        "median": 46.8260116577,
        "min": 0.746491849422,
        "var": 865.974121094
    },
    "hfc": {
        "dmean": 8.89986038208,
        "dmean2": 13.2256212234,
        "dvar": 215.634750366,
        "dvar2": 473.843536377,
        "max": 102.994010925,
        "mean": 17.0774364471,
        "median": 11.1882143021,
        "min": 0.266473978758,
        "var": 333.93951416
    },
    "melbands_crest": {
        "dmean": 2.33851504326,
        "dmean2": 3.30359148979,
        "dvar": 7.43686676025,
        "dvar2": 14.0372905731,
        "max": 33.9895591736,
        "mean": 20.8345317841,
        "median": 20.0481319427,
        "min": 5.01105976105,
        "var": 53.139919281
    },
    "melbands_flatness_db": {
        "dmean": 0.039917204529,
        "dmean2": 0.0508101545274,
        "dvar": 0.00198401184753,
        "dvar2": 0.00305000483058,
        "max": 0.780273258686,
        "mean": 0.342825889587,
        "median": 0.34053093195,
        "min": 0.0410273075104,
        "var": 0.0135472053662
    },
    "melbands_kurtosis": {
        "dmean": 33.070098877,
        "dmean2": 45.254699707,
        "dvar": 4230.140625,
        "dvar2": 7926.50634766,
        "max": 1037.47485352,
        "mean": 70.1769485474,
        "median": 37.5613441467,
        "min": -1.6932477951,
        "var": 10115.015625
    },
    "melbands_skewness": {
        "dmean": 1.3716224432,
        "dmean2": 1.88681912422,
        "dvar": 2.91687774658,
        "dvar2": 4.96929883957,
        "max": 23.3339252472,
        "mean": 5.4639134407,
        "median": 4.92305183411,
        "min": -0.561268091202,
        "var": 13.6608772278
    },
    "melbands_spread": {
        "dmean": 3.42064929008,
        "dmean2": 4.90730524063,
        "dvar": 39.8937606812,
        "dvar2": 75.8286743164,
        "max": 125.584236145,
        "mean": 8.83406162262,
        "median": 5.16374826431,
        "min": 0.173989742994,
        "var": 137.0887146
    },
    "pitch_salience": {
        "dmean": 0.0664324611425,
        "dmean2": 0.100008629262,
        "dvar": 0.00695783505216,
        "dvar2": 0.0146270329133,
        "max": 0.826669216156,
        "mean": 0.409666180611,
        "median": 0.430062830448,
        "min": 0.0484921857715,
        "var": 0.0278845522553
    },
    "silence_rate_20dB": {
        "dmean": 0.0216718260199,
        "dmean2": 0.0433772280812,
        "dvar": 0.0212018862367,
        "dvar2": 0.0585366040468,
        "max": 1,
        "mean": 0.986852288246,
        "median": 1,
        "min": 0,
        "var": 0.0129748862237
    },
    "silence_rate_30dB": {
        "dmean": 0.0773993805051,
        "dmean2": 0.154918670654,
        "dvar": 0.0714078843594,
        "dvar2": 0.146411493421,
        "max": 1,
        "mean": 0.849961340427,
        "median": 1,
        "min": 0,
        "var": 0.127526685596
    },
    "silence_rate_60dB": {
        "dmean": 0.0147058824077,
        "dmean2": 0.0286599528044,
        "dvar": 0.0144895268604,
        "dvar2": 0.0324858315289,
        "max": 1,
        "mean": 0.0324825979769,
        "median": 0,
        "min": 0,
        "var": 0.0314277373254
    },
    "spectral_centroid": {
        "dmean": 256.46963501,
        "dmean2": 370.198455811,
        "dvar": 140267.78125,
        "dvar2": 288602.53125,
        "max": 4081.79052734,
        "mean": 926.49432373,
        "median": 724.374633789,
        "min": 74.6483840942,
        "var": 449914.5
    },
    "spectral_complexity": {
        "dmean": 3.12538695335,
        "dmean2": 4.44694042206,
        "dvar": 18.8758640289,
        "dvar2": 24.0365600586,
        "max": 57,
        "mean": 12.6272239685,
        "median": 11,
        "min": 1,
        "var": 89.7325973511
    },
    "spectral_decrease": {
        "dmean": 5.29058574728e-09,
        "dmean2": 7.01944991022e-09,
        "dvar": 1.41278200224e-16,
        "dvar2": 2.72875687364e-16,
        "max": -7.56093382348e-11,
        "mean": -1.82827815109e-08,
        "median": -1.45921053019e-08,
        "min": -1.20719988672e-07,
        "var": 3.33224720214e-16
    },
    "spectral_energy": {
        "dmean": 0.0204483326524,
        "dmean2": 0.0271474327892,
        "dvar": 0.00204481114633,
        "dvar2": 0.0039648138918,
        "max": 0.459116220474,
        "mean": 0.0705523863435,
        "median": 0.057095836848,
        "min": 0.00030953733949,
        "var": 0.00481485528871
    },
    "spectral_energyband_high": {
        "dmean": 0.000688525673468,
        "dmean2": 0.00103436969221,
        "dvar": 2.21161735681e-06,
        "dvar2": 4.90726824864e-06,
        "max": 0.00984661281109,
        "mean": 0.000689878885169,
        "median": 5.44952890777e-05,
        "min": 5.27404097284e-07,
        "var": 2.57728038378e-06
    },
    "spectral_energyband_low": {
        "dmean": 0.0179428942502,
        "dmean2": 0.0231641400605,
        "dvar": 0.00192960945424,
        "dvar2": 0.00362976943143,
        "max": 0.451055377722,
        "mean": 0.0566616654396,
        "median": 0.0427312888205,
        "min": 1.63763502314e-06,
        "var": 0.00465595955029
    },
    "spectral_energyband_middle_high": {
        "dmean": 0.00112636678386,
        "dmean2": 0.00167020782828,
        "dvar": 9.19250305742e-06,
        "dvar2": 2.10999241972e-05,
        "max": 0.0409301072359,
        "mean": 0.00195363140665,
        "median": 0.000829328666441,
        "min": 4.12207282352e-06,
        "var": 1.47346008816e-05
    },
    "spectral_energyband_middle_low": {
        "dmean": 0.00563569040969,
        "dmean2": 0.00937410537153,
        "dvar": 0.000180767616257,
        "dvar2": 0.000512890517712,
        "max": 0.13626652956,
        "mean": 0.0134833073243,
        "median": 0.00902506615967,
        "min": 0.000279823987512,
        "var": 0.000210134472582
    },
    "spectral_entropy": {
        "dmean": 0.313917458057,
        "dmean2": 0.430263996124,
        "dvar": 0.127010479569,
        "dvar2": 0.243302509189,
        "max": 8.65187454224,
        "mean": 7.0043592453,
        "median": 7.02386808395,
        "min": 4.71905422211,
        "var": 0.527988255024
    },
    "spectral_flux": {
        "dmean": 0.0405879318714,
        "dmean2": 0.0631545782089,
        "dvar": 0.00554158911109,
        "dvar2": 0.0100371344015,
        "max": 0.617023766041,
        "mean": 0.0859660580754,
        "median": 0.0596329495311,
        "min": 0.00793057586998,
        "var": 0.00877892784774
    },
    "spectral_kurtosis": {
        "dmean": 3.50293207169,
        "dmean2": 5.61535358429,
        "dvar": 14.5144500732,
        "dvar2": 34.371761322,
        "max": 55.9089126587,
        "mean": 7.31346273422,
        "median": 5.39771747589,
        "min": -0.343089103699,
        "var": 44.207824707
    },
    "spectral_rms": {
        "dmean": 0.00104698829819,
        "dmean2": 0.00136742787436,
        "dvar": 3.42193925462e-06,
        "dvar2": 6.08617301623e-06,
        "max": 0.0211640801281,
        "mean": 0.00751994689927,
        "median": 0.00746346125379,
        "min": 0.000549534044694,
        "var": 1.22819392345e-05
    },
    "spectral_rolloff": {
        "dmean": 257.064361572,
        "dmean2": 440.137390137,
        "dvar": 664673.875,
        "dvar2": 1611739.125,
        "max": 10012.9394531,
        "mean": 544.641235352,
        "median": 236.865234375,
        "min": 64.599609375,
        "var": 951941.625
    },
    "spectral_skewness": {
        "dmean": 0.428885579109,
        "dmean2": 0.648219585419,
        "dvar": 0.188646957278,
        "dvar2": 0.377909839153,
        "max": 6.29312372208,
        "mean": 1.911054492,
        "median": 1.66398262978,
        "min": 0.397735387087,
        "var": 0.88084512949
    },
    "spectral_spread": {
        "dmean": 1071528.5,
        "dmean2": 1590356.375,
        "dvar": 2.06087205683e+12,
        "dvar2": 3.77245217587e+12,
        "max": 12679819,
        "mean": 4355206.5,
        "median": 3514565,
        "min": 1366554.25,
        "var": 4.87610646528e+12
    },
    "spectral_strongpeak": {
        "dmean": 0.229775071144,
        "dmean2": 0.364825963974,
        "dvar": 0.223087012768,
        "dvar2": 0.514234423637,
        "max": 9.38214683533,
        "mean": 0.712509214878,
        "median": 0.548509180546,
        "min": 0,
        "var": 0.385406166315
    },
    "zerocrossingrate": {
        "dmean": 0.0109296394512,
        "dmean2": 0.0123772295192,
        "dvar": 0.000229726792895,
        "dvar2": 0.000292037701001,
        "max": 0.25341796875,
        "mean": 0.0299339443445,
        "median": 0.01953125,
        "min": 0.001953125,
        "var": 0.000819961773232
    },
    "barkbands": {
        "dmean": [0.000480964954477, 0.0146570708603, 0.0068305474706, 0.00264908699319, 0.00173116172664, 0.00135930685792, 0.000663345388602, 0.000451040861662, 0.000178125395905, 0.000341622711858, 7.31631735107e-05, 0.000295395730063, 0.000134266869281, 0.000103782236692, 8.15152670839e-05, 0.000102193051134, 0.000148791747051, 9.58293312578e-05, 0.000110954089905, 9.91700435407e-05, 8.71776064741e-05, 0.00012094588601, 0.000116930932563, 0.000111388173536, 0.000123161153169, 0.000109295520815, 5.70922153997e-09],
        "dmean2": [0.00071759626735, 0.0187442824244, 0.0120655531064, 0.00476803164929, 0.00276737008244, 0.00214676326141, 0.00102125271223, 0.000682941696141, 0.000288087496301, 0.000582701642998, 0.000124912417959, 0.000519459950738, 0.000216416432522, 0.000171851439518, 0.000119568394439, 0.00015860296844, 0.000226810079766, 0.000148591483594, 0.000174273896846, 0.000154368957737, 0.000137210197863, 0.00018386321608, 0.000173400214408, 0.000167159509147, 0.00019009859534, 0.000181853203685, 8.67762661727e-09],
        "dvar": [9.15419434477e-07, 0.00143930432387, 0.00057086214656, 8.33177182358e-05, 1.50984460561e-05, 6.5240233198e-06, 2.56954990618e-06, 1.69459929111e-06, 1.704492405e-07, 1.73633884515e-06, 3.99144326479e-08, 1.43499323713e-06, 1.50153226741e-07, 1.18075725197e-07, 3.44516131179e-08, 7.53364943762e-08, 1.04533199874e-07, 3.66775978478e-08, 4.73968988501e-08, 1.08682272071e-07, 3.83101479429e-08, 7.11924812435e-08, 7.20408550592e-08, 6.11611454815e-08, 7.50177946429e-08, 1.30980012614e-07, 6.67105361566e-15],
        "dvar2": [2.11335873246e-06, 0.00241573341191, 0.0016277122777, 0.000242242560489, 3.82586076739e-05, 1.46426618812e-05, 5.40710288988e-06, 3.85418752558e-06, 3.62081038929e-07, 4.54646851722e-06, 1.10046215696e-07, 3.97294797949e-06, 3.56473805141e-07, 2.86794943349e-07, 7.08558403062e-08, 1.72903938278e-07, 2.29630387594e-07, 8.59654321061e-08, 1.17717497972e-07, 2.52321200378e-07, 9.1876721342e-08, 1.52606020265e-07, 1.64348989529e-07, 1.35126654754e-07, 1.79063690098e-07, 3.31627774131e-07, 6.69125704551e-15],
        "max": [0.010830162093, 0.370968699455, 0.225079610944, 0.102134630084, 0.06984487921, 0.0417097508907, 0.0408225506544, 0.0285576786846, 0.00699814874679, 0.012559200637, 0.00236127898097, 0.0127555578947, 0.00379347079434, 0.00407242542133, 0.00379769061692, 0.00342839164659, 0.00975397508591, 0.00221599172801, 0.00281770667061, 0.00379827222787, 0.00140953133814, 0.00195537297986, 0.00172348204069, 0.00163480348419, 0.00223157112487, 0.00302698952146, 2.94008964374e-06],
        "mean": [0.0015900033759, 0.0430386327207, 0.00988627225161, 0.00355497840792, 0.00392984086648, 0.00324438628741, 0.00131576613057, 0.000990031519905, 0.000324696389725, 0.000329496018821, 7.54431239329e-05, 0.000230892488617, 0.000157638816745, 0.000133414825541, 0.000128456653329, 0.000152328706463, 0.000342157611158, 0.000185207172763, 0.000192663443158, 0.000119023745356, 9.18159857974e-05, 0.000125305043184, 0.000108453234134, 0.000111002555059, 0.0001123488546, 8.2218204625e-05, 5.02897679056e-09],
        "median": [0.00092041271273, 0.0262797065079, 0.00218737823889, 0.00161662185565, 0.00146954087541, 0.000929668254685, 0.000237288302742, 0.000174782937393, 0.00010045581439, 5.51151606487e-05, 1.79187154572e-05, 2.4603887141e-05, 3.67949833162e-05, 3.81320496672e-05, 3.7057823647e-05, 5.80255837122e-05, 0.000130957050715, 7.75841399445e-05, 8.44096939545e-05, 2.53471116594e-05, 1.3114669855e-05, 7.19405124983e-06, 3.01625277643e-06, 4.58051408714e-06, 4.0306936171e-06, 1.40022407891e-07, 1.14461107259e-09],
        "min": [3.58116591936e-10, 1.59253898957e-09, 1.05175594456e-07, 9.38436357956e-07, 6.83430243953e-06, 4.60310047856e-06, 2.06180925488e-06, 1.13080977826e-06, 3.90278273699e-07, 4.09170013427e-07, 2.16972750877e-07, 1.4361536671e-07, 1.24932768131e-07, 2.54299465041e-07, 1.68321136584e-07, 9.86311476936e-08, 2.29385022976e-07, 6.80296352584e-08, 1.44145801073e-07, 1.35548475555e-07, 1.43647227446e-07, 2.99981621765e-08, 5.4761926549e-08, 8.56254800397e-09, 8.05264577242e-10, 1.87527840478e-11, 1.93162135592e-11],
        "var": [3.15622992275e-06, 0.00356961926445, 0.000455286470242, 5.58461251785e-05, 3.50539448846e-05, 3.15085053444e-05, 1.38817886182e-05, 5.25235782334e-06, 4.43058127075e-07, 1.41816065025e-06, 3.50124587101e-08, 9.61520640885e-07, 1.71618339095e-07, 1.54455150891e-07, 8.43589234023e-08, 1.13117899048e-07, 4.06149951004e-07, 9.03239509853e-08, 9.66214415143e-08, 1.32277079956e-07, 4.6552191435e-08, 9.31371673119e-08, 7.97516079842e-08, 6.85455532334e-08, 7.43434966921e-08, 1.02379601685e-07, 6.68410300524e-15]
    },
    "erbbands": {
        "dmean": [0.524304151535, 3.53294754028, 7.92428827286, 8.45140075684, 6.85828495026, 6.24073648453, 7.60328865051, 11.9718132019, 8.59602069855, 10.9999284744, 8.69443225861, 4.19226026535, 11.30311203, 5.28814315796, 4.19820594788, 13.4698762894, 6.89118719101, 5.88632440567, 4.85314130783, 3.79125976562, 5.79693078995, 8.08915805817, 5.33366250992, 5.58682441711, 4.47745609283, 5.22272825241, 4.047727108, 3.03409767151, 4.54797744751, 3.2473385334, 3.38144016266, 2.72666406631, 1.87085962296, 1.2809766531, 0.984979748726, 0.461815178394, 0.221547171474, 0.0216954946518, 0.000388521206332, 3.84778613807e-05],
        "dmean2": [0.603639364243, 4.65292882919, 13.61236763, 15.2839336395, 11.6106061935, 9.66066741943, 11.9354915619, 18.9993667603, 14.2541208267, 15.7681760788, 13.2136001587, 6.72556638718, 19.3360137939, 8.47244358063, 7.25753164291, 23.7987728119, 11.1272993088, 9.45391178131, 7.22943115234, 5.9112200737, 8.79977798462, 12.1534700394, 8.27945423126, 8.80111598969, 6.74946594238, 8.07906246185, 6.61491203308, 4.73088502884, 7.26882648468, 4.57024908066, 5.09235906601, 4.04837369919, 2.80696296692, 2.00768756866, 1.59692585468, 0.768476784229, 0.374026328325, 0.0341743789613, 0.000612907460891, 5.5828528275e-05],
        "dvar": [1.51627314091, 91.7478790283, 716.177612305, 928.384399414, 385.891479492, 244.335098267, 228.266983032, 708.846862793, 354.640655518, 1113.6463623, 605.942626953, 89.2080612183, 2091.06860352, 277.637573242, 130.415740967, 3355.22436523, 508.691223145, 346.931152344, 158.665298462, 80.1870193481, 206.927383423, 379.069702148, 113.575828552, 111.637519836, 98.457649231, 317.340667725, 89.556968689, 47.2698440552, 111.692619324, 48.153881073, 64.4544525146, 37.3869743347, 17.5869350433, 7.37636184692, 6.7329788208, 2.01845979691, 0.579070687294, 0.00502575002611, 1.51376355007e-06, 5.01103114559e-09],
        "dvar2": [2.11616563797, 194.408721924, 1993.58483887, 2705.73730469, 1094.40795898, 546.078552246, 503.626800537, 1560.50158691, 911.657714844, 2136.95849609, 1339.3626709, 188.525253296, 5582.93359375, 625.92010498, 361.756958008, 9319.47460938, 1213.44384766, 862.854492188, 372.695770264, 157.42074585, 458.107177734, 798.772094727, 278.173919678, 282.238525391, 205.823730469, 744.262145996, 215.739013672, 104.402656555, 256.071685791, 94.0410003662, 148.793167114, 81.7887573242, 40.7788581848, 18.2619667053, 16.6570072174, 5.02878236771, 1.51050531864, 0.0118509968743, 3.60670401278e-06, 1.11929727709e-08],
        "max": [13.9127054214, 96.261390686, 236.898513794, 272.473022461, 211.733688354, 337.620056152, 356.161407471, 496.023925781, 289.857177734, 1043.91308594, 522.852722168, 162.095718384, 403.666107178, 476.333587646, 115.64743042, 631.25567627, 215.231933594, 273.522003174, 171.137405396, 224.354003906, 179.588500977, 615.317199707, 133.11505127, 118.388366699, 169.734039307, 197.629837036, 65.8604125977, 60.2277526855, 76.4886322021, 52.0428924561, 53.0951461792, 44.9253807068, 30.4913635254, 18.3898601532, 30.2097759247, 11.7803421021, 6.84119844437, 0.587513267994, 0.00989883113652, 0.000516412372235],
        "mean": [1.7038205862, 7.8357462883, 11.2083101273, 12.9544010162, 10.8472805023, 14.979429245, 19.7253799438, 26.6993675232, 14.9563484192, 28.5819854736, 18.7370033264, 7.94566392899, 10.6715860367, 7.44086408615, 4.31119060516, 10.2806119919, 7.42302656174, 7.57174444199, 7.16882896423, 6.82751226425, 10.4887504578, 18.3269672394, 11.6625652313, 10.5765972137, 7.80567550659, 6.0727186203, 4.24357128143, 3.37007236481, 4.45413637161, 3.376963377, 3.18993186951, 2.68232226372, 1.81527614594, 1.17347121239, 0.853340983391, 0.359525293112, 0.161815911531, 0.017448246479, 0.000339031597832, 9.20308666537e-05],
        "median": [0.895018875599, 4.81840276718, 3.32385778427, 5.55490922928, 4.91851806641, 4.44579029083, 4.86663961411, 7.9384264946, 4.65548610687, 3.37257456779, 4.1384510994, 2.75965476036, 2.22261309624, 1.83906137943, 1.21999776363, 1.29465317726, 1.59165203571, 1.86218714714, 2.33218622208, 2.31965041161, 4.34517049789, 6.9236907959, 5.28714895248, 5.1007642746, 3.18127369881, 1.28232109547, 0.532617151737, 0.536970436573, 0.303625881672, 0.122359707952, 0.088445328176, 0.0818561911583, 0.0846675112844, 0.0613099634647, 0.0208689328283, 0.00227483338676, 0.000124631304061, 1.0307849152e-05, 3.35741024173e-05, 6.88060317771e-05],
        "min": [2.65518963261e-07, 4.35284800915e-06, 0.000220365007408, 0.00400229310617, 0.0146208293736, 0.0330741815269, 0.058294378221, 0.0343559607863, 0.0363084822893, 0.0396039113402, 0.0449604354799, 0.0177253112197, 0.0270336475223, 0.0184351932257, 0.0192981772125, 0.0118614370003, 0.00641400599852, 0.0100929904729, 0.0183708742261, 0.00959540624171, 0.0206514894962, 0.0138370525092, 0.00537876132876, 0.00476630777121, 0.00704554794356, 0.00657223211601, 0.00625865254551, 0.00452907057479, 0.00108103046659, 0.00153721147217, 0.00138531439006, 0.000445125420811, 0.000257040315773, 0.000321618572343, 0.000110450091597, 2.77436483884e-05, 2.57442070506e-06, 5.45902935301e-07, 4.23518542902e-07, 4.42805685452e-07],
        "var": [4.91416454315, 155.448974609, 553.015686035, 617.876525879, 331.74697876, 742.137756348, 1388.33789062, 2888.02905273, 653.932861328, 9753.57324219, 1761.99475098, 221.523101807, 1519.26269531, 492.4140625, 106.770027161, 2178.90136719, 513.762878418, 494.082794189, 262.142822266, 237.069671631, 373.998840332, 1431.46276855, 297.253234863, 250.197845459, 209.254425049, 369.846588135, 110.890289307, 64.6064300537, 129.401641846, 67.9694137573, 68.1723632812, 43.333026886, 18.5839881897, 7.38061475754, 5.77954101562, 1.60746943951, 0.430000334978, 0.00447354279459, 1.33106107114e-06, 8.25991808284e-09]
    },
    "gfcc": {
        "mean": [-43.1341819763, 125.539710999, -88.1020278931, 56.9857902527, -43.1882514954, 11.1420278549, -37.9493293762, 18.1440906525, -11.9679346085, -2.71078085899, -1.74023020267, -7.32510089874, 1.67442822456],
        "cov": [[4581.4140625, -1679.98718262, 75.0472488403, 379.375671387, -204.969116211, 390.255554199, -213.260498047, 37.0983085632, -400.9581604, 349.74307251, -274.214263916, 477.004943848, -314.289611816], [-1679.98718262, 2242.87207031, -174.958877563, -73.0798721313, 479.35748291, -273.117370605, 242.993423462, -103.088226318, 302.497253418, -303.654449463, 408.959960938, -370.524749756, 312.034301758], [75.0472488403, -174.958877563, 1894.66870117, 84.989730835, 145.989761353, 397.502166748, 137.091384888, 155.147354126, 144.562484741, 263.46484375, 23.2103443146, 134.565155029, -80.4465942383], [379.375671387, -73.0798721313, 84.989730835, 486.265289307, 343.730133057, 78.0024337769, 43.1835517883, -23.0701560974, 0.950601220131, -18.8903198242, 46.8005828857, 60.3824386597, 52.7421798706], [-204.969116211, 479.35748291, 145.989761353, 343.730133057, 692.92578125, 45.539806366, 245.721313477, 34.8468284607, 131.429199219, -36.2084236145, 145.162353516, 25.3827915192, 89.4295349121], [390.255554199, -273.117370605, 397.502166748, 78.0024337769, 45.539806366, 310.87802124, 44.0436782837, 63.9294891357, -9.5405960083, 106.148582458, -0.670125484467, 56.2116508484, -34.8522377014], [-213.260498047, 242.993423462, 137.091384888, 43.1835517883, 245.721313477, 44.0436782837, 310.669891357, 73.6368026733, 130.053741455, -1.01519680023, 52.2119941711, -0.335017204285, 27.492816925], [37.0983085632, -103.088226318, 155.147354126, -23.0701560974, 34.8468284607, 63.9294891357, 73.6368026733, 186.818771362, 60.8906974792, 48.196723938, -18.7148780823, 14.1365013123, -12.7565155029], [-400.9581604, 302.497253418, 144.562484741, 0.950601220131, 131.429199219, -9.5405960083, 130.053741455, 60.8906974792, 203.594482422, 14.059425354, 94.7433853149, -42.2006111145, 44.8501777649], [349.74307251, -303.654449463, 263.46484375, -18.8903198242, -36.2084236145, 106.148582458, -1.01519680023, 48.196723938, 14.059425354, 176.564590454, 3.61154460907, 96.090385437, -65.9310913086], [-274.214263916, 408.959960938, 23.2103443146, 46.8005828857, 145.162353516, -0.670125484467, 52.2119941711, -18.7148780823, 94.7433853149, 3.61154460907, 209.255584717, -19.3861045837, 80.99269104], [477.004943848, -370.524749756, 134.565155029, 60.3824386597, 25.3827915192, 56.2116508484, -0.335017204285, 14.1365013123, -42.2006111145, 96.090385437, -19.3861045837, 178.39680481, -48.4738426208], [-314.289611816, 312.034301758, -80.4465942383, 52.7421798706, 89.4295349121, -34.8522377014, 27.492816925, -12.7565155029, 44.8501777649, -65.9310913086, 80.99269104, -48.4738426208, 145.000289917]],
        "icov": [[0.000532099744305, -0.000398573261919, 0.000264289003098, -0.000822366098873, 0.000503328454215, -0.00056421814952, 3.50626614818e-05, -0.000318255508319, 0.00053981988458, -0.000844188209157, 0.000644997344352, -0.00120797881391, 0.000661179888994], [-0.000398573261919, 0.00307933799922, -0.00075836898759, 0.00236921850592, -0.0021320132073, 0.00177052314393, -0.000519752327818, 0.00129719579127, -0.000445148965809, 0.00267273467034, -0.00401471974328, 0.00441714376211, -0.00174774415791], [0.000264289003098, -0.00075836898759, 0.00111771130469, -0.000720991636626, 0.000478572153952, -0.00146139680874, 0.000227694981731, -0.000333829870215, -0.0005341055803, -0.00143266248051, 0.00132119050249, -0.0014978692634, 0.000643286388367], [-0.000822366098873, 0.00236921850592, -0.000720991636626, 0.00644037080929, -0.00424091797322, 0.000528542441316, 0.000908878224436, 0.00191118509974, -0.000958114978857, 0.00339696323499, -0.00249058520421, 0.00269605708309, -0.00275170383975], [0.000503328454215, -0.0021320132073, 0.000478572153952, -0.00424091797322, 0.00546214450151, -0.00104225834366, -0.00191707909107, -0.00139372295234, 0.000276447884971, -0.00109291705303, 0.00121526303701, -0.00382945360616, 0.00156716944184], [-0.00056421814952, 0.00177052314393, -0.00146139680874, 0.000528542441316, -0.00104225834366, 0.00712487753481, -0.00152590952348, -0.000443376193289, 0.00210930546746, -0.000965924933553, -0.00308403279632, 0.00436490215361, -0.00134020438418], [3.50626614818e-05, -0.000519752327818, 0.000227694981731, 0.000908878224436, -0.00191707909107, -0.00152590952348, 0.00643864460289, -0.00087789434474, -0.00330861262046, 0.00100580300204, 0.00159694137983, -0.00183725205716, 0.000482306262711], [-0.000318255508319, 0.00129719579127, -0.000333829870215, 0.00191118509974, -0.00139372295234, -0.000443376193289, -0.00087789434474, 0.00819621048868, -0.00291952490807, -8.29400887596e-05, 0.000701048527844, 0.00182207010221, -0.00163831037935], [0.00053981988458, -0.000445148965809, -0.0005341055803, -0.000958114978857, 0.000276447884971, 0.00210930546746, -0.00330861262046, -0.00291952490807, 0.0120874317363, -0.00389554072171, -0.00287178088911, 0.00247380579822, -0.000191816463484], [-0.000844188209157, 0.00267273467034, -0.00143266248051, 0.00339696323499, -0.00109291705303, -0.000965924933553, 0.00100580300204, -8.29400887596e-05, -0.00389554072171, 0.0172456279397, -0.00608495250344, -0.00201065698639, 0.00240520038642], [0.000644997344352, -0.00401471974328, 0.00132119050249, -0.00249058520421, 0.00121526303701, -0.00308403279632, 0.00159694137983, 0.000701048527844, -0.00287178088911, -0.00608495250344, 0.0142757715657, -0.00582492444664, -0.0018552665133], [-0.00120797881391, 0.00441714376211, -0.0014978692634, 0.00269605708309, -0.00382945360616, 0.00436490215361, -0.00183725205716, 0.00182207010221, 0.00247380579822, -0.00201065698639, -0.00582492444664, 0.0175877399743, -0.00256203906611], [0.000661179888994, -0.00174774415791, 0.000643286388367, -0.00275170383975, 0.00156716944184, -0.00134020438418, 0.000482306262711, -0.00163831037935, -0.000191816463484, 0.00240520038642, -0.0018552665133, -0.00256203906611, 0.0132570173591]]
    },
    "melbands": {
        "dmean": [0.00424297945574, 0.00406983215362, 0.00143421650864, 0.000441146810772, 0.000256503757555, 0.000260605418589, 0.000132635716, 0.000116380222607, 6.05697314313e-05, 2.56808216363e-05, 5.76360762352e-05, 2.25824242079e-05, 1.14275926535e-05, 2.92380063911e-05, 2.74836693279e-05, 1.21049124573e-05, 1.11001199912e-05, 8.05795571068e-06, 5.1434881243e-06, 6.31757120573e-06, 7.29412204237e-06, 9.76613500825e-06, 5.99913209953e-06, 5.278680419e-06, 4.89518834002e-06, 4.03693729822e-06, 3.15484271596e-06, 3.63974527318e-06, 2.50010771197e-06, 2.073976475e-06, 1.63545075793e-06, 2.47564935307e-06, 2.72676038549e-06, 1.48666902078e-06, 1.75841580585e-06, 2.32908541875e-06, 1.40469273902e-06, 1.21272285014e-06, 1.49208642597e-06, 9.40698669183e-07],
        "dmean2": [0.00508483825251, 0.0063347145915, 0.002571455203, 0.000707167258952, 0.000396896124585, 0.000415751273977, 0.000215419975575, 0.000167388454429, 9.20350285014e-05, 4.12512381445e-05, 9.86544109765e-05, 3.60804406228e-05, 1.99351852643e-05, 5.1204355259e-05, 4.85655145894e-05, 1.91337785509e-05, 1.84719374374e-05, 1.22634810396e-05, 7.52195046516e-06, 1.0070188182e-05, 1.12423431347e-05, 1.47200189531e-05, 9.69293887465e-06, 8.135835742e-06, 7.94624793343e-06, 6.33455010757e-06, 4.8300294111e-06, 5.71436294194e-06, 4.12013150708e-06, 3.31032720169e-06, 2.56232260654e-06, 4.16449665863e-06, 3.86965302823e-06, 2.1225605451e-06, 2.74953117696e-06, 3.51894459527e-06, 2.08444112104e-06, 1.79099322395e-06, 2.45734736382e-06, 1.46218599184e-06],
        "dvar": [0.000107973421109, 0.00014969187032, 2.56916227954e-05, 1.1561737665e-06, 2.52514638532e-07, 3.04642185256e-07, 8.18567684746e-08, 1.11618483345e-07, 2.74367160102e-08, 3.73087960526e-09, 5.45183560519e-08, 5.34405897312e-09, 9.3125096523e-10, 1.16267138139e-08, 1.37411770851e-08, 1.19825083189e-09, 1.41191169867e-09, 4.98920460501e-10, 1.38780903436e-10, 2.48556342175e-10, 3.21289383987e-10, 7.13484937798e-10, 1.00923304436e-10, 1.21486390392e-10, 8.71280686487e-11, 7.41625788558e-11, 6.97940802374e-11, 1.76774275773e-10, 3.64885899273e-11, 2.26912690027e-11, 1.48279322848e-11, 3.5908071655e-11, 3.54706437833e-11, 1.08380847699e-11, 1.897710461e-11, 3.18874163185e-11, 9.39223785551e-12, 6.60348165038e-12, 1.72213805716e-11, 3.78700890091e-12],
        "dvar2": [0.000151831118274, 0.000387723121094, 7.4590483564e-05, 2.94126198241e-06, 5.78953120112e-07, 6.73624583669e-07, 2.03948872013e-07, 2.28332012853e-07, 5.76788892204e-08, 8.0957613946e-09, 1.4561568662e-07, 1.21022125654e-08, 2.58869725656e-09, 3.1672808376e-08, 3.7897649463e-08, 2.70149502768e-09, 3.58973961667e-09, 1.21278886933e-09, 2.93577245847e-10, 5.49003620343e-10, 7.39088235058e-10, 1.53358714616e-09, 2.42086517499e-10, 2.71265204743e-10, 2.2958002166e-10, 1.7704442079e-10, 1.43347889114e-10, 4.33217267615e-10, 8.72905359106e-11, 5.8034833883e-11, 3.20780138563e-11, 8.49834785877e-11, 7.38250502397e-11, 2.22767047864e-11, 4.58592087915e-11, 7.41087954892e-11, 2.00017814811e-11, 1.37599254907e-11, 4.71180421069e-11, 9.09013836425e-12],
        "max": [0.112911529839, 0.1074802652, 0.0466505251825, 0.0189380291849, 0.00986350048333, 0.00991389900446, 0.00435440707952, 0.00960549898446, 0.00345911108889, 0.00116982369218, 0.00204515364021, 0.00210475968197, 0.000350274436641, 0.00115194136743, 0.0012531747343, 0.000453834538348, 0.000478181551443, 0.000319252256304, 0.000231103214901, 0.000253960606642, 0.000223775758059, 0.000890361843631, 0.000120988210256, 0.000160689131008, 9.93581343209e-05, 0.00016930878337, 8.27055846457e-05, 0.000150261461386, 4.56399538962e-05, 2.94385063171e-05, 4.06840845244e-05, 4.79710834043e-05, 4.19260068156e-05, 2.82292166958e-05, 2.93440953101e-05, 5.19296008861e-05, 2.09828212974e-05, 1.5735748093e-05, 4.46217381977e-05, 1.2660453649e-05],
        "mean": [0.0133277103305, 0.00736016919836, 0.00222460599616, 0.000892701733392, 0.00069691229146, 0.000592716503888, 0.000241293542786, 0.00030009119655, 0.000124965823488, 4.62709067506e-05, 5.33654419996e-05, 3.1411247619e-05, 1.19890100905e-05, 2.46918298217e-05, 2.1370487957e-05, 1.54027638928e-05, 1.35316786327e-05, 1.13732321552e-05, 8.6103382273e-06, 9.74821796262e-06, 1.28174233396e-05, 2.1029753043e-05, 1.24756115838e-05, 9.76117462415e-06, 8.41694782139e-06, 6.91641116646e-06, 4.36074924437e-06, 3.88322041545e-06, 2.64941172645e-06, 2.01225930141e-06, 1.87613295566e-06, 2.34679737332e-06, 2.75632623925e-06, 1.49654408688e-06, 1.62444734997e-06, 2.151631179e-06, 1.42042506468e-06, 1.22658229884e-06, 1.26005295442e-06, 8.85846873189e-07],
        "median": [0.0075747850351, 0.0037533652503, 0.00106476410292, 0.000354350195266, 0.000178238973604, 0.000174466753379, 6.61050944473e-05, 3.89226697735e-05, 3.15207216772e-05, 1.39814183058e-05, 1.03789561763e-05, 7.06393120709e-06, 3.32325294039e-06, 3.00515171148e-06, 2.86521935777e-06, 3.61109982805e-06, 3.23219751408e-06, 3.40085739481e-06, 2.7517039598e-06, 3.25777523358e-06, 4.92434082844e-06, 6.89955368216e-06, 5.82939628657e-06, 3.73858529201e-06, 3.98945076086e-06, 2.84066254608e-06, 1.34033575705e-06, 6.52311996419e-07, 2.75249789183e-07, 2.55251393355e-07, 3.00259159758e-07, 1.56155977038e-07, 1.08389578202e-07, 5.13607503194e-08, 5.13160500759e-08, 4.53593926864e-08, 5.14689553199e-08, 5.82024739515e-08, 6.52621068298e-08, 4.68758365457e-08],
        "min": [4.31404634238e-10, 2.38083064374e-08, 1.1519086911e-06, 1.216212695e-06, 2.2118281322e-06, 7.5032011182e-07, 7.08913944436e-07, 2.72060191264e-07, 2.12987870896e-07, 5.46798197831e-08, 6.50702673965e-08, 5.71989531295e-08, 3.31531424536e-08, 1.47862158073e-08, 9.27029830677e-09, 1.34234623417e-08, 1.47099079584e-08, 1.41075711113e-08, 9.63762492034e-09, 5.39095523777e-09, 2.7525139501e-08, 1.40103262325e-08, 4.95849761251e-09, 3.66627683768e-09, 3.63669983017e-09, 5.56738743995e-09, 4.07553502058e-09, 3.96838517602e-09, 4.24803836552e-09, 2.84572054809e-09, 1.94568738898e-09, 3.90113219506e-10, 6.40792141571e-10, 3.8893857579e-10, 3.87558679593e-10, 1.04571115656e-10, 6.83343243102e-11, 2.5043083926e-11, 1.33378946776e-10, 2.25536169601e-13],
