{
"highlevel": {
    "danceability": {
        "all": {
            "danceable": 0.982427000999,
            "not_danceable": 0.0175730250776
        },
        "probability": 0.982427000999,
        "value": "danceable"
    },
    "gender": {
        "all": {
            "female": 0.823479890823,
            "male": 0.176520094275
        },
        "probability": 0.823479890823,
        "value": "female"
    },
    "genre_dortmund": {
        "all": {
            "alternative": 0.0474217534065,
            "blues": 0.0381794758141,
            "electronic": 0.0635933876038,
            "folkcountry": 0.016624616459,
            "funksoulrnb": 0.0270391460508,
            "jazz": 0.235450878739,
            "pop": 0.0141772022471,
            "raphiphop": 0.525960087776,
            "rock": 0.0315534248948
        },
        "probability": 0.525960087776,
        "value": "raphiphop"
    },
    "genre_electronic": {
        "all": {
            "ambient": 0.238186627626,
            "dnb": 0.0877163335681,
            "house": 0.559841692448,
            "techno": 0.0353502035141,
            "trance": 0.078905172646
        },
        "probability": 0.559841692448,
        "value": "house"
    },
    "genre_rosamerica": {
        "all": {
            "cla": 0.0127898389474,
            "dan": 0.216203570366,
            "hip": 0.419481992722,
            "jaz": 0.0215162113309,
            "pop": 0.0801873058081,
            "rhy": 0.229627326131,
            "roc": 0.0103969816118,
            "spe": 0.00979677587748
        },
        "probability": 0.419481992722,
        "value": "hip"
    },
    "genre_tzanetakis": {
        "all": {
            "blu": 0.0622663982213,
            "cla": 0.0345780998468,
            "cou": 0.103735685349,
            "dis": 0.0518908686936,
            "hip": 0.155698984861,
            "jaz": 0.311586618423,
            "met": 0.0519040971994,
            "pop": 0.0622744634748,
            "reg": 0.0622723288834,
            "roc": 0.103792458773
        },
        "probability": 0.311586618423,
        "value": "jaz"
    },
    "ismir04_rhythm": {
        "all": {
            "ChaChaCha": 0.83667498827,
            "Jive": 0.00965334940702,
            "Quickstep": 0.00668844394386,
            "Rumba-American": 0.0104712890461,
            "Rumba-International": 0.0182787645608,
            "Rumba-Misc": 0.00268055731431,
            "Samba": 0.0997163951397,
            "Tango": 0.00929522700608,
            "VienneseWaltz": 0.00605893135071,
            "Waltz": 0.000482074596221
        },
        "probability": 0.83667498827,
        "value": "ChaChaCha"
    },
    "mood_acoustic": {
        "all": {
            "acoustic": 0.0373854823411,
            "not_acoustic": 0.962614536285
        },
        "probability": 0.962614536285,
        "value": "not_acoustic"
    },
    "mood_aggressive": {
        "all": {
            "aggressive": 0.373056232929,
            "not_aggressive": 0.626943767071
        },
        "probability": 0.626943767071,
        "value": "not_aggressive"
    },
    "mood_electronic": {
        "all": {
            "electronic": 0.864708781242,
            "not_electronic": 0.135291188955
        },
        "probability": 0.864708781242,
        "value": "electronic"
    },
    "mood_happy": {
        "all": {
            "happy": 0.120591625571,
            "not_happy": 0.879408359528
        },
        "probability": 0.879408359528,
        "value": "not_happy"
    },
    "mood_party": {
        "all": {
            "not_party": 0.325988173485,
            "party": 0.674011826515
        },
        "probability": 0.674011826515,
        "value": "party"
    },
    "mood_relaxed": {
        "all": {
            "not_relaxed": 0.585587561131,
            "relaxed": 0.414412409067
        },
        "probability": 0.585587561131,
        "value": "not_relaxed"
    },
    "mood_sad": {
        "all": {
            "not_sad": 0.859078466892,
            "sad": 0.140921548009
        },
        "probability": 0.859078466892,
        "value": "not_sad"
    },
    "moods_mirex": {
        "all": {
            "Cluster1": 0.14655405283,
            "Cluster2": 0.311608791351,
            "Cluster3": 0.097311720252,
            "Cluster4": 0.267022758722,
            "Cluster5": 0.177502661943
        },
        "probability": 0.311608791351,
        "value": "Cluster2"
    },
    "timbre": {
        "all": {
            "bright": 0.71513915062,
            "dark": 0.28486084938
        },
        "probability": 0.71513915062,
        "value": "bright"
    },
    "tonal_atonal": {
        "all": {
            "atonal": 0.726861536503,
            "tonal": 0.273138493299
        },
        "probability": 0.726861536503,
        "value": "atonal"
    },
    "voice_instrumental": {
        "all": {
            "instrumental": 0.299576342106,
            "voice": 0.700423657894
        },
        "probability": 0.700423657894,
        "value": "voice"
    }
},
"lowlevel": {
    "average_loudness": 0.871462404728,
    "barkbands_crest": {
        "dmean": 3.57606673241,
        "dmean2": 5.33951425552,
        "dvar": 11.5440664291,
        "dvar2": 22.1369609833,
        "max": 26.2576255798,
        "mean": 12.2517309189,
        "median": 11.0367527008,
        "min": 2.34015345573,
        "var": 31.2248020172
    },
    "barkbands_flatness_db": {
        "dmean": 0.0435954295099,
        "dmean2": 0.0599534362555,
        "dvar": 0.00225744349882,
        "dvar2": 0.00392157770693,
        "max": 0.54135620594,
        "mean": 0.190320447087,
        "median": 0.173605695367,
        "min": 0.0462577082217,
        "var": 0.00766904372722
    },
    "barkbands_kurtosis": {
        "dmean": 15.9144992828,
        "dmean2": 23.0167579651,
        "dvar": 3271.22949219,
        "dvar2": 6635.0234375,
        "max": 927.909057617,
        "mean": 18.910741806,
        "median": 2.96558904648,
        "min": -1.90236592293,
        "var": 4435.234375
    },
    "barkbands_skewness": {
        "dmean": 1.16875243187,
        "dmean2": 1.66137468815,
        "dvar": 3.26466464996,
        "dvar2": 5.98893690109,
        "max": 23.9328327179,
        "mean": 2.20170903206,
        "median": 1.43709540367,
        "min": -1.74288988113,
        "var": 7.81301116943
    },
    "barkbands_spread": {
        "dmean": 10.1217727661,
        "dmean2": 15.2104005814,
        "dvar": 173.62677002,
        "dvar2": 365.548339844,
        "max": 107.829666138,
        "mean": 20.5548744202,
        "median": 15.3025255203,
        "min": 0.192259475589,
        "var": 329.288513184
    },
    "dissonance": {
        "dmean": 0.0329264774919,
        "dmean2": 0.0529015175998,
        "dvar": 0.00131484749727,
        "dvar2": 0.00318931555375,
        "max": 0.499756127596,
        "mean": 0.439469963312,
        "median": 0.455515176058,
        "min": 0.133122503757,
        "var": 0.00308538158424
    },
    "dynamic_complexity": 3.66308927536,
    "erbbands_crest": {
        "dmean": 3.72488641739,
        "dmean2": 5.83300065994,
        "dvar": 12.9274864197,
        "dvar2": 26.912612915,
        "max": 30.3618087769,
        "mean": 10.734079361,
        "median": 9.36154556274,
        "min": 2.74132037163,
        "var": 35.6902656555
    },
    "erbbands_flatness_db": {
        "dmean": 0.0318471714854,
        "dmean2": 0.0470508262515,
        "dvar": 0.00117874122225,
        "dvar2": 0.00235679117031,
        "max": 0.460061907768,
        "mean": 0.165734574199,
        "median": 0.153719946742,
        "min": 0.0581772439182,
        "var": 0.00367180327885
    },
    "erbbands_kurtosis": {
        "dmean": 3.22948622704,
        "dmean2": 5.1945810318,
        "dvar": 109.2891922,
        "dvar2": 301.232208252,
        "max": 264.679138184,
        "mean": 3.24482274055,
        "median": 0.714995384216,
        "min": -1.78527903557,
        "var": 100.1770401
    },
    "erbbands_skewness": {
        "dmean": 0.69894194603,
        "dmean2": 1.06995296478,
        "dvar": 0.665027856827,
        "dvar2": 1.47729098797,
        "max": 13.9724836349,
        "mean": 0.721352934837,
        "median": 0.558254778385,
        "min": -3.32038640976,
        "var": 1.58901143074
    },
    "erbbands_spread": {
        "dmean": 13.8322095871,
        "dmean2": 21.1361656189,
        "dvar": 291.368743896,
        "dvar2": 644.547790527,
        "max": 141.805770874,
        "mean": 36.9011573792,
        "median": 31.622089386,
        "min": 0.551275134087,
        "var": 643.363525391
    },
    "hfc": {
        "dmean": 13.6070604324,
        "dmean2": 20.7612457275,
        "dvar": 492.945922852,
        "dvar2": 1130.48059082,
        "max": 162.345321655,
        "mean": 19.5277881622,
        "median": 9.31119155884,
        "min": 0.0489832535386,
        "var": 700.018066406
    },
    "melbands_crest": {
        "dmean": 4.06872987747,
        "dmean2": 6.23137950897,
        "dvar": 12.3261575699,
        "dvar2": 27.6388034821,
        "max": 30.8870849609,
        "mean": 16.618396759,
        "median": 16.2272605896,
        "min": 3.93088459969,
        "var": 39.0826148987
    },
    "melbands_flatness_db": {
        "dmean": 0.053755864501,
        "dmean2": 0.071607708931,
        "dvar": 0.00361659214832,
        "dvar2": 0.00640930235386,
        "max": 0.702305555344,
        "mean": 0.246555238962,
        "median": 0.223882198334,
        "min": 0.0432111285627,
        "var": 0.0135449571535
    },
    "melbands_kurtosis": {
        "dmean": 22.6287956238,
        "dmean2": 35.3416519165,
        "dvar": 3015.29248047,
        "dvar2": 7320.54443359,
        "max": 674.039489746,
        "mean": 29.8513412476,
        "median": 8.77369117737,
        "min": -1.81240797043,
        "var": 3972.19799805
    },
    "melbands_skewness": {
        "dmean": 1.36066877842,
        "dmean2": 1.97907006741,
        "dvar": 3.16487836838,
        "dvar2": 7.41058301926,
        "max": 15.8082504272,
        "mean": 3.03533816338,
        "median": 2.38551044464,
        "min": -1.89215731621,
        "var": 7.8343129158
    },
    "melbands_spread": {
        "dmean": 10.0345335007,
        "dmean2": 15.0799188614,
        "dvar": 190.505386353,
        "dvar2": 402.951202393,
        "max": 139.196670532,
        "mean": 20.2261734009,
        "median": 15.8815994263,
        "min": 0.320006102324,
        "var": 342.027252197
    },
    "pitch_salience": {
        "dmean": 0.103029124439,
        "dmean2": 0.152039691806,
        "dvar": 0.0105303041637,
        "dvar2": 0.0188038330525,
        "max": 0.855472505093,
        "mean": 0.468659698963,
        "median": 0.476525127888,
        "min": 0.0420303605497,
        "var": 0.0263610836118
    },
    "silence_rate_20dB": {
        "dmean": 0,
        "dmean2": 0,
        "dvar": 0,
        "dvar2": 0,
        "max": 1,
        "mean": 1,
        "median": 1,
        "min": 1,
        "var": 0
    },
    "silence_rate_30dB": {
        "dmean": 0.0325077399611,
        "dmean2": 0.0650658383965,
        "dvar": 0.031450945884,
        "dvar2": 0.0670294240117,
        "max": 1,
        "mean": 0.964423835278,
        "median": 1,
        "min": 0,
        "var": 0.0343109406531
    },
    "silence_rate_60dB": {
        "dmean": 0.0572755411267,
        "dmean2": 0.114639811218,
        "dvar": 0.0539951846004,
        "dvar2": 0.116988897324,
        "max": 1,
        "mean": 0.0881670564413,
        "median": 0,
        "min": 0,
        "var": 0.0803942233324
    },
    "spectral_centroid": {
        "dmean": 356.495391846,
        "dmean2": 525.058532715,
        "dvar": 189497.03125,
        "dvar2": 356864.75,
        "max": 4203.00537109,
        "mean": 1153.88269043,
        "median": 987.588989258,
        "min": 114.161407471,
        "var": 509580.90625
    },
    "spectral_complexity": {
        "dmean": 6.33823537827,
        "dmean2": 8.85902404785,
        "dvar": 80.9188842773,
        "dvar2": 128.24206543,
        "max": 66,
        "mean": 14.6844549179,
        "median": 10,
        "min": 1,
        "var": 186.891784668
    },
    "spectral_decrease": {
        "dmean": 3.69510488873e-09,
        "dmean2": 5.17888443241e-09,
        "dvar": 3.17541203746e-17,
        "dvar2": 6.89714907624e-17,
        "max": -7.51723960857e-11,
        "mean": -7.61764784585e-09,
        "median": -3.92597065968e-09,
        "min": -5.42525633307e-08,
        "var": 7.55720810307e-17
    },
    "spectral_energy": {
        "dmean": 0.0146915977821,
        "dmean2": 0.0207245852798,
        "dvar": 0.000474480184494,
        "dvar2": 0.00104844477028,
        "max": 0.207958325744,
        "mean": 0.0305219981819,
        "median": 0.0159884095192,
        "min": 0.000299856008496,
        "var": 0.00114855042193
    },
    "spectral_energyband_high": {
        "dmean": 0.00103882991243,
        "dmean2": 0.00154365214985,
        "dvar": 3.29425529344e-06,
        "dvar2": 7.30843157726e-06,
        "max": 0.0138360625133,
        "mean": 0.00106571789365,
        "median": 0.00014823503443,
        "min": 4.12865297506e-08,
        "var": 4.23852679887e-06
    },
    "spectral_energyband_low": {
        "dmean": 0.0116879427806,
        "dmean2": 0.0161803420633,
        "dvar": 0.000486335280584,
        "dvar2": 0.000980805838481,
        "max": 0.178513079882,
        "mean": 0.0177533812821,
        "median": 0.00360956927761,
        "min": 2.48711894528e-05,
        "var": 0.000882515101694
    },
    "spectral_energyband_middle_high": {
        "dmean": 0.00332533800974,
        "dmean2": 0.00545258121565,
        "dvar": 3.56994532922e-05,
        "dvar2": 8.17063191789e-05,
        "max": 0.0486425235868,
        "mean": 0.00503083691001,
        "median": 0.00151122710668,
        "min": 6.22080165158e-07,
        "var": 5.73482611799e-05
    },
    "spectral_energyband_middle_low": {
        "dmean": 0.00513305561617,
        "dmean2": 0.00830242224038,
        "dvar": 7.5234718679e-05,
        "dvar2": 0.000194731517695,
        "max": 0.067992888391,
        "mean": 0.00766431773081,
        "median": 0.00462360167876,
        "min": 2.02430055651e-05,
        "var": 8.75445039128e-05
    },
    "spectral_entropy": {
        "dmean": 0.365756392479,
        "dmean2": 0.527422904968,
        "dvar": 0.2087649405,
        "dvar2": 0.437830030918,
        "max": 8.63323688507,
        "mean": 7.33570051193,
        "median": 7.38336658478,
        "min": 3.77435326576,
        "var": 0.549955070019
    },
    "spectral_flux": {
        "dmean": 0.0366822741926,
        "dmean2": 0.0522832907736,
        "dvar": 0.00181516772136,
        "dvar2": 0.00331565667875,
        "max": 0.344171375036,
        "mean": 0.0995888411999,
        "median": 0.0705783739686,
        "min": 0.00444608880207,
        "var": 0.00594316469505
    },
    "spectral_kurtosis": {
        "dmean": 3.34157776833,
        "dmean2": 5.15204048157,
        "dvar": 53.4808387756,
        "dvar2": 107.835823059,
        "max": 168.711669922,
        "mean": 6.57644844055,
        "median": 3.53978776932,
        "min": -1.53036212921,
        "var": 123.93081665
    },
    "spectral_rms": {
        "dmean": 0.00119059090503,
        "dmean2": 0.00161201565061,
        "dvar": 1.96698761101e-06,
        "dvar2": 3.87299542126e-06,
        "max": 0.0142438123003,
        "mean": 0.00470785563812,
        "median": 0.00394948711619,
        "min": 0.000540871929843,
        "var": 7.61367573432e-06
    },
    "spectral_rolloff": {
        "dmean": 936.879943848,
        "dmean2": 1571.39074707,
        "dvar": 2942713.25,
        "dvar2": 6996984,
        "max": 10465.1367188,
        "mean": 1464.37451172,
        "median": 818.26171875,
        "min": 64.599609375,
        "var": 3710613.25
    },
    "spectral_skewness": {
        "dmean": 0.433314412832,
        "dmean2": 0.646168112755,
        "dvar": 0.361092865467,
        "dvar2": 0.74491494894,
        "max": 11.8917160034,
        "mean": 1.86485612392,
        "median": 1.59819769859,
        "min": 0.00415714178234,
        "var": 1.07087492943
    },
    "spectral_spread": {
        "dmean": 1148832.375,
        "dmean2": 1815912.25,
        "dvar": 2.56878863974e+12,
        "dvar2": 6.17573567693e+12,
        "max": 16661485,
        "mean": 5190740,
        "median": 4778790.5,
        "min": 702756.6875,
        "var": 4.43181485261e+12
    },
    "spectral_strongpeak": {
        "dmean": 0.431838035583,
        "dmean2": 0.69300198555,
        "dvar": 0.378526300192,
        "dvar2": 0.928742825985,
        "max": 6.54781007767,
        "mean": 0.755492091179,
        "median": 0.454455912113,
        "min": 0.019337343052,
        "var": 0.693900167942
    },
    "zerocrossingrate": {
        "dmean": 0.0172769166529,
        "dmean2": 0.0201447214931,
        "dvar": 0.000334795564413,
        "dvar2": 0.000442459073383,
        "max": 0.25830078125,
        "mean": 0.0529530234635,
        "median": 0.044921875,
        "min": 0.00244140625,
        "var": 0.00144111865666
    },
    "barkbands": {
        "dmean": [0.00010073062731, 0.0101348189637, 0.00592352356762, 0.00209979829378, 0.00203926675022, 0.000530773890205, 0.000407355546486, 0.000428684026701, 0.00113542412873, 0.000988946994767, 0.000650428584777, 0.000613527954556, 0.000382155238185, 0.000379629869713, 0.000290298514301, 0.000339308026014, 0.000373208691599, 0.000223491748329, 0.000233692437178, 0.000172782543814, 0.00021871222998, 0.000291690055747, 0.000140380754601, 0.000130461368826, 0.000144512247061, 9.07160065253e-05, 1.8581881589e-09],
        "dmean2": [0.000130198444822, 0.0146386772394, 0.00965866167098, 0.00374831235968, 0.00349079887383, 0.000798980181571, 0.000622963765636, 0.000668181106448, 0.00177999900188, 0.00164604384918, 0.00105993903708, 0.000933699076995, 0.000638076628093, 0.00065133580938, 0.000444757955847, 0.000558230676688, 0.00068659405224, 0.000354438700015, 0.000400412129238, 0.000250666373177, 0.000326997338561, 0.000464895856567, 0.000205502161407, 0.000206213720958, 0.000247594172833, 0.000159840914421, 2.76070544203e-09],
        "dvar": [2.60010821762e-08, 0.000461493124021, 0.00020247347129, 3.63549333997e-05, 2.26307074627e-05, 6.93743345437e-07, 5.69232383896e-07, 7.03272462488e-07, 6.44335250399e-06, 3.99899954573e-06, 2.11594328903e-06, 1.37289475788e-06, 5.17851958648e-07, 6.96957158652e-07, 2.92520439871e-07, 4.03587279152e-07, 6.56500844798e-07, 1.96312697653e-07, 3.37760866387e-07, 1.07942234706e-07, 2.54882081663e-07, 5.31940770543e-07, 5.86264832236e-08, 4.60159590432e-08, 7.81093234536e-08, 3.41828254591e-08, 3.7849799597e-16],
        "dvar2": [5.33546149484e-08, 0.00110934046097, 0.000502132985275, 9.95206428342e-05, 6.28321577096e-05, 1.69497934621e-06, 1.28489966755e-06, 1.59673379585e-06, 1.7127904357e-05, 1.05393228296e-05, 5.50432287127e-06, 2.87532611765e-06, 1.28170881908e-06, 1.8550739469e-06, 6.07175138612e-07, 9.50364210439e-07, 1.88669400814e-06, 3.74115217028e-07, 8.9590139396e-07, 2.06402518188e-07, 5.58810654638e-07, 1.38457380672e-06, 1.08368290341e-07, 1.03596526912e-07, 2.10981440318e-07, 9.38145490181e-08, 3.87334614252e-16],
        "max": [0.00196353648789, 0.17121437192, 0.0904065966606, 0.0508277714252, 0.045311216265, 0.00952966045588, 0.00809026043862, 0.0136993583292, 0.0410906150937, 0.0286260638386, 0.0206284094602, 0.0127694960684, 0.00714680738747, 0.00560339726508, 0.00580004323274, 0.00480478350073, 0.00565050728619, 0.00354881770909, 0.00422856258228, 0.00486850598827, 0.00377242453396, 0.00605212338269, 0.00192276423331, 0.00182486115955, 0.00325411208905, 0.000998721458018, 5.00043711327e-07],
        "mean": [0.000181090232218, 0.011267288588, 0.00545768393204, 0.00146946427412, 0.0022078640759, 0.000900997838471, 0.000580310937949, 0.000611798488535, 0.00163702166174, 0.00118382135406, 0.000859910564031, 0.000738378614187, 0.000447985803476, 0.000376385025447, 0.000335298129357, 0.000318895821692, 0.000308699847665, 0.000257722451352, 0.000224777162657, 0.000188338322914, 0.0002191504027, 0.00026661992888, 0.00014849708532, 0.000139871655847, 0.000129937092424, 6.42048762529e-05, 1.73912828583e-09],
        "median": [4.41462652816e-05, 0.00175954541191, 0.000973722082563, 8.31782017485e-05, 0.000602844171226, 0.000395562674385, 0.000172689993633, 0.000198163048481, 0.000434039917309, 0.000184591946891, 9.72021953203e-05, 0.000128392261104, 6.44592291792e-05, 4.99002562719e-05, 4.49494618806e-05, 3.64864463336e-05, 3.00000574498e-05, 3.9563550672e-05, 3.52382994606e-05, 3.76604402845e-05, 2.92168169835e-05, 2.55320246652e-05, 1.65885448951e-05, 2.23760416702e-05, 2.31502108363e-05, 4.76959849038e-06, 3.16247222854e-10],
        "min": [1.44789225054e-09, 1.76951507456e-05, 4.56213274447e-06, 2.78611111071e-07, 7.47246360788e-07, 1.67020417052e-07, 2.75199738553e-07, 1.51216667632e-07, 3.54486019205e-07, 1.05077859303e-07, 7.62035412549e-08, 4.87856972597e-08, 7.5085715423e-08, 3.6013101834e-08, 6.34640517916e-09, 8.88938966881e-09, 6.77801414994e-09, 4.09306766258e-09, 4.52457804556e-09, 4.26471657988e-09, 7.48262252159e-09, 3.21488458077e-09, 1.40907330248e-09, 2.94674351586e-09, 2.14465711856e-09, 3.51125760412e-11, 4.25311626195e-11],
        "var": [7.47657011857e-08, 0.000537809333764, 0.000172291678609, 2.37310050579e-05, 2.14974970731e-05, 1.70008183886e-06, 1.08744006866e-06, 1.16833507491e-06, 1.01377563624e-05, 5.94081348027e-06, 3.61949651051e-06, 2.21701930059e-06, 7.23868879504e-07, 6.4031456759e-07, 4.47778035095e-07, 4.31214402852e-07, 5.44732472463e-07, 2.86638282887e-07, 3.05340364548e-07, 1.6917633161e-07, 2.9461119766e-07, 4.80009703097e-07, 8.72595080637e-08, 6.47185132152e-08, 7.30143838723e-08, 2.31224248637e-08, 3.77847845243e-16]
    },
    "erbbands": {
        "dmean": [0.197878599167, 2.57250356674, 5.9725279808, 6.914686203, 7.11539173126, 6.54698848724, 4.2900853157, 5.00001382828, 4.94229412079, 7.31176900864, 10.2603139877, 23.6943740845, 27.8777751923, 37.5231323242, 19.4798660278, 20.882730484, 16.9435310364, 18.3774623871, 16.4031600952, 16.6728458405, 19.271446228, 20.0638961792, 13.8095159531, 12.3869686127, 9.60566139221, 8.39452648163, 7.01637172699, 10.7204971313, 8.73551368713, 8.05925273895, 4.12548923492, 3.00626659393, 2.02407622337, 1.68543767929, 0.977974236012, 0.516760587692, 0.140310406685, 0.0141960075125, 0.000262759334873, 2.62820030912e-05],
        "dmean2": [0.260003983974, 3.71616649628, 8.55837345123, 11.672501564, 12.355173111, 10.863451004, 6.9690527916, 7.47726011276, 7.49053525925, 11.3585186005, 16.0411663055, 37.1148109436, 44.1843338013, 63.7569541931, 29.9194488525, 31.1815605164, 28.2112674713, 32.0793762207, 26.2385921478, 26.3727664948, 32.5291099548, 36.2528190613, 21.4302616119, 21.6261520386, 15.0496587753, 12.1704063416, 10.4529762268, 16.5404777527, 13.8567743301, 12.2793283463, 6.08246898651, 4.74156761169, 3.27663421631, 2.84945011139, 1.70015251637, 0.911884725094, 0.247097849846, 0.0251563861966, 0.000459187896922, 4.23097153543e-05],
        "dvar": [0.219589278102, 28.0982437134, 160.43460083, 311.512237549, 295.670288086, 212.140182495, 59.6846580505, 77.0034408569, 99.6792984009, 282.480560303, 275.314788818, 2417.75976562, 3455.63500977, 8948.30078125, 1462.22192383, 1435.01635742, 1016.03112793, 1539.71386719, 1141.08789062, 949.030944824, 1253.50671387, 1909.5402832, 754.778137207, 798.740356445, 462.95098877, 282.564697266, 187.09286499, 704.36895752, 443.736053467, 331.749450684, 54.1188430786, 25.3075904846, 11.6941242218, 13.1449985504, 3.66963529587, 1.24277448654, 0.0749792531133, 0.000765637669247, 2.45614614869e-07, 1.32249455831e-09],
        "dvar2": [0.510538935661, 66.1857910156, 341.432617188, 825.019104004, 790.33404541, 575.336242676, 154.62121582, 176.530227661, 207.04838562, 733.092468262, 659.367675781, 6073.74072266, 8574.16308594, 25046.9316406, 3235.42333984, 2676.88110352, 2460.92919922, 4221.56396484, 2872.00732422, 1975.85534668, 2959.91699219, 5341.18798828, 1509.78015137, 2128.16723633, 1076.83435059, 536.277709961, 339.804138184, 1735.23449707, 1117.30078125, 821.310791016, 100.62802887, 55.1771469116, 27.2918243408, 34.4792938232, 10.0780057907, 3.44425201416, 0.204043224454, 0.00205256394111, 6.59922363866e-07, 3.34259775414e-09],
        "max": [4.59247779846, 38.6879463196, 87.4240036011, 129.319076538, 129.477508545, 161.609130859, 129.708145142, 104.179084778, 129.959640503, 362.939483643, 187.237716675, 572.852539062, 907.789123535, 1630.41503906, 835.176696777, 345.341766357, 400.698974609, 284.330963135, 341.652374268, 235.535827637, 252.723907471, 309.578582764, 208.547531128, 210.521560669, 211.201858521, 217.265853882, 107.903213501, 189.504226685, 191.98916626, 139.068664551, 55.5093460083, 37.2325744629, 39.5748176575, 63.7760429382, 10.6319065094, 5.99096918106, 1.57681763172, 0.22267588973, 0.00377519777976, 0.000238688997342],
        "mean": [0.276109516621, 2.70667219162, 6.58157968521, 5.54422998428, 5.79464673996, 8.19528484344, 6.53378868103, 8.28356838226, 7.85390853882, 10.7162322998, 15.3659353256, 34.1193695068, 38.7371406555, 48.0514030457, 28.3409137726, 26.3393325806, 20.8292980194, 18.8266067505, 17.7841587067, 17.9813270569, 18.5031414032, 17.6157245636, 15.2290658951, 12.0526456833, 10.3953495026, 9.02119636536, 7.59400606155, 9.68183135986, 8.46568489075, 7.36889600754, 4.46218919754, 3.08838272095, 2.21505022049, 1.65030884743, 0.798510432243, 0.373022854328, 0.101426005363, 0.00959544163197, 0.000197797533474, 4.593489939e-05],
        "median": [0.052786115557, 0.308213740587, 1.07036793232, 0.842037022114, 0.755245089531, 2.22297048569, 3.18185091019, 3.01805186272, 2.53625845909, 3.819429636, 7.00998973846, 10.2319917679, 11.6510229111, 7.54345750809, 5.2387676239, 4.75973987579, 3.73006176949, 2.91951990128, 3.11017584801, 2.71230244637, 2.52467274666, 2.21049666405, 2.34482312202, 2.02942013741, 1.8664996624, 1.61090004444, 1.27203989029, 1.06235969067, 0.877447068691, 0.712341606617, 0.477033823729, 0.416538417339, 0.384691298008, 0.288973599672, 0.12569347024, 0.0275718253106, 0.00773302651942, 0.000496994587593, 3.08304479404e-05, 2.54198785115e-05],
        "min": [0.000109844186227, 0.00501076830551, 0.00970892049372, 0.00856287591159, 0.00871352013201, 0.00292848818935, 0.00261053233407, 0.00232960423455, 0.006467028521, 0.00674397312105, 0.00658696843311, 0.0127107109874, 0.00995897594839, 0.00211101747118, 0.00342570384964, 0.00182356813457, 0.00374345947057, 0.00274230376817, 0.000560736458283, 0.000454901659396, 0.000460377341369, 0.000386955507565, 0.000430221640272, 0.00032637748518, 0.000239649147261, 0.000208683370147, 0.000327910209307, 0.000223870243644, 0.000152962951688, 5.0997670769e-05, 6.5037413151e-05, 8.24155504233e-05, 4.86276003357e-05, 2.88449646177e-05, 2.49615022767e-05, 3.78475169782e-06, 5.99800443979e-07, 9.01675605292e-08, 2.31605909562e-07, 3.58435698899e-07],
        "var": [0.280482232571, 33.2383575439, 192.188369751, 227.921691895, 232.614868164, 290.931854248, 106.974525452, 185.73399353, 222.712539673, 398.152099609, 473.884429932, 4160.00537109, 5454.93066406, 11810.5302734, 3419.5769043, 2465.5390625, 1523.29052734, 1468.83154297, 1216.75341797, 1221.83557129, 1407.9732666, 1657.45288086, 1037.06835938, 780.352966309, 547.012878418, 423.145263672, 265.615142822, 679.040527344, 439.967224121, 323.536987305, 80.500213623, 31.6169281006, 17.7900238037, 16.4812335968, 2.69621634483, 0.828567504883, 0.0522021651268, 0.000534312275704, 1.76987683176e-07, 2.3119195447e-09]
    },
    "gfcc": {
        "mean": [-36.212562561, 93.6017837524, -98.5421218872, 31.5326480865, -60.8182754517, 27.8967132568, -30.221780777, 18.3650455475, -25.0197238922, 3.47331786156, -15.5432825089, -1.79259622097, -4.89225625992],
        "cov": [[8897.59179688, -2639.36474609, -1646.17932129, 204.243377686, -183.194213867, 337.264465332, -468.487670898, 122.396034241, -85.2790756226, 85.1436233521, -574.134887695, 496.815124512, -387.602722168], [-2639.36474609, 2154.46411133, 212.886123657, -416.889282227, 209.744659424, -119.4842453, 346.644134521, -86.9110641479, 169.385238647, -92.4237823486, 365.026062012, -236.534255981, 348.126800537], [-1646.17932129, 212.886123657, 1516.10314941, 202.183547974, 102.086509705, -60.7068023682, 74.922416687, -30.5643749237, -47.3656692505, 22.502784729, 13.1785488129, -54.316280365, -64.675819397], [204.243377686, -416.889282227, 202.183547974, 748.345031738, 159.339752197, 77.6282196045, -51.8951072693, 2.99603867531, 80.25440979, -23.5903053284, -4.67168283463, 2.55961513519, -23.5762329102], [-183.194213867, 209.744659424, 102.086509705, 159.339752197, 403.522583008, 100.037414551, 116.275375366, -51.8272476196, 63.9861106873, 9.95643424988, 39.5067520142, 13.0546541214, 11.8889846802], [337.264465332, -119.4842453, -60.7068023682, 77.6282196045, 100.037414551, 254.554855347, 154.822494507, 10.762629509, 9.42368125916, -0.615382611752, 12.0775690079, 9.44155788422, -11.2658891678], [-468.487670898, 346.644134521, 74.922416687, -51.8951072693, 116.275375366, 154.822494507, 357.086303711, 21.7728385925, 59.1570358276, -26.2665252686, 81.7706832886, -26.7523860931, 37.3908233643], [122.396034241, -86.9110641479, -30.5643749237, 2.99603867531, -51.8272476196, 10.762629509, 21.7728385925, 163.802902222, 43.8675880432, 27.4091396332, -6.28835201263, 5.97897100449, 31.3624954224], [-85.2790756226, 169.385238647, -47.3656692505, 80.25440979, 63.9861106873, 9.42368125916, 59.1570358276, 43.8675880432, 157.695465088, 37.6731491089, 61.8800811768, -5.50413131714, 42.5566711426], [85.1436233521, -92.4237823486, 22.502784729, -23.5903053284, 9.95643424988, -0.615382611752, -26.2665252686, 27.4091396332, 37.6731491089, 118.04650116, 29.0486564636, 27.4406681061, -21.9079456329], [-574.134887695, 365.026062012, 13.1785488129, -4.67168283463, 39.5067520142, 12.0775690079, 81.7706832886, -6.28835201263, 61.8800811768, 29.0486564636, 169.953781128, -27.6837368011, 90.9862289429], [496.815124512, -236.534255981, -54.316280365, 2.55961513519, 13.0546541214, 9.44155788422, -26.7523860931, 5.97897100449, -5.50413131714, 27.4406681061, -27.6837368011, 136.310653687, -30.110370636], [-387.602722168, 348.126800537, -64.675819397, -23.5762329102, 11.8889846802, -11.2658891678, 37.3908233643, 31.3624954224, 42.5566711426, -21.9079456329, 90.9862289429, -30.110370636, 165.996429443]],
        "icov": [[0.000290793657769, 8.25918614282e-05, 0.000242135371082, -1.35656646307e-05, 6.03056396358e-05, -0.000464723445475, 0.000268843694357, -2.33437076531e-05, -0.000218861940084, -5.73783690925e-05, 0.000606357178185, -0.000588189577684, 0.000115689341328], [8.25918614282e-05, 0.00321153202094, -0.000537491461728, 0.00231223134324, -0.00170451635495, 0.0017588933697, -0.000892833340913, 0.00149793375749, -0.0028478698805, 0.00319116562605, -0.00332138501108, 0.00276639848016, -0.00279021612369], [0.000242135371082, -0.000537491461728, 0.0011846863199, -0.000898532336578, 0.000187821657164, 8.66280097398e-05, -0.000331925431965, -0.000352299277438, 0.00127893243916, -0.00137462769635, 0.00112656236161, -0.000640124839265, 0.000917420373298], [-1.35656646307e-05, 0.00231223134324, -0.000898532336578, 0.00384677830152, -0.00193723384291, -2.01493767236e-05, 0.00107522506732, 0.000574061530642, -0.00387355522253, 0.00437438953668, -0.00325834448449, 0.00204699742608, -0.00117021508049], [6.03056396358e-05, -0.00170451635495, 0.000187821657164, -0.00193723384291, 0.00469045201316, -0.00187919172458, -0.000510034267791, 0.00128969922662, 0.000273778598057, -0.00279414700344, 0.00287658092566, -0.0022754422389, 0.000492874707561], [-0.000464723445475, 0.0017588933697, 8.66280097398e-05, -2.01493767236e-05, -0.00187919172458, 0.00906176213175, -0.00501949060708, 0.000559936277568, 0.00128709280398, -7.79066394898e-05, -0.00232250639237, 0.00257281167433, -0.00156908598728], [0.000268843694357, -0.000892833340913, -0.000331925431965, 0.00107522506732, -0.000510034267791, -0.00501949060708, 0.00732689490542, -0.00208678003401, -0.00211248919368, 0.00339215341955, -0.00167901359964, -0.00128148694057, 0.00264045083895], [-2.33437076531e-05, 0.00149793375749, -0.000352299277438, 0.000574061530642, 0.00128969922662, 0.000559936277568, -0.00208678003401, 0.00983522832394, -0.00350613519549, -0.00218478543684, 0.00238971458748, 0.00116897386033, -0.00518151838332], [-0.000218861940084, -0.0028478698805, 0.00127893243916, -0.00387355522253, 0.000273778598057, 0.00128709280398, -0.00211248919368, -0.00350613519549, 0.014072176069, -0.00693786749616, 0.00105813308619, -0.00148351339158, 0.00124322308693], [-5.73783690925e-05, 0.00319116562605, -0.00137462769635, 0.00437438953668, -0.00279414700344, -7.79066394898e-05, 0.00339215341955, -0.00218478543684, -0.00693786749616, 0.0187102314085, -0.0100270397961, 0.000726124679204, 0.00297852582298], [0.000606357178185, -0.00332138501108, 0.00112656236161, -0.00325834448449, 0.00287658092566, -0.00232250639237, -0.00167901359964, 0.00238971458748, 0.00105813308619, -0.0100270397961, 0.0184203516692, -0.00316995359026, -0.00434558140114], [-0.000588189577684, 0.00276639848016, -0.000640124839265, 0.00204699742608, -0.0022754422389, 0.00257281167433, -0.00128148694057, 0.00116897386033, -0.00148351339158, 0.000726124679204, -0.00316995359026, 0.0123724080622, -0.00227046222426], [0.000115689341328, -0.00279021612369, 0.000917420373298, -0.00117021508049, 0.000492874707561, -0.00156908598728, 0.00264045083895, -0.00518151838332, 0.00124322308693, 0.00297852582298, -0.00434558140114, -0.00227046222426, 0.0146240824834]]
    },
    "melbands": {
        "dmean": [0.0023935334757, 0.00276548508555, 0.00111502059735, 0.000504430499859, 0.00016854830028, 0.000108294247184, 7.83195355325e-05, 8.43695306685e-05, 9.09985610633e-05, 0.000166755271493, 0.000142566554132, 0.000157255708473, 6.97904833942e-05, 7.58350215619e-05, 4.37296475866e-05, 3.84741251764e-05, 3.37758101523e-05, 2.73408822977e-05, 2.41622219619e-05, 2.52162571996e-05, 2.28894205065e-05, 2.43223275902e-05, 1.26686754811e-05, 1.06751012936e-05, 1.04559430838e-05, 7.62747367844e-06, 5.81931772103e-06, 5.77137279834e-06, 4.37653397967e-06, 5.02424700244e-06, 6.15541011939e-06, 4.19049138145e-06, 7.17351667845e-06, 3.21624725075e-06, 2.53402754424e-06, 2.11926067095e-06, 1.77260744749e-06, 1.43505951655e-06, 1.39947144362e-06, 1.50803225551e-06],
        "dmean2": [0.00333167961799, 0.00370966340415, 0.00177215714939, 0.000866037386004, 0.000278588937363, 0.000161487812875, 0.000119617172459, 0.000130541215185, 0.000143484823639, 0.000260104599874, 0.000226173768169, 0.000267457653536, 0.000110190645501, 0.000114072463475, 7.1287555329e-05, 6.42541563138e-05, 5.93103904976e-05, 4.43423268734e-05, 3.64611260011e-05, 4.11278815591e-05, 3.95906608901e-05, 4.44344914285e-05, 2.01886377909e-05, 1.72358941199e-05, 1.84815326065e-05, 1.26891391119e-05, 8.78249375091e-06, 8.5230658442e-06, 6.65229845254e-06, 7.36185120331e-06, 9.71267763816e-06, 6.64156868879e-06, 1.19081314551e-05, 4.77168259749e-06, 3.72279055227e-06, 3.21410448123e-06, 2.84814859697e-06, 2.2581518806e-06, 2.34703543356e-06, 2.58274712905e-06],
        "dvar": [2.73934874713e-05, 2.67611831077e-05, 7.07353638063e-06, 1.36907215165e-06, 1.07853246334e-07, 3.24805640162e-08, 2.14931947795e-08, 3.54834384098e-08, 2.30960850445e-08, 1.3211486305e-07, 9.02189043472e-08, 1.47271151718e-07, 2.12564064128e-08, 2.20489209113e-08, 8.13445044656e-09, 5.09850917041e-09, 5.43742340042e-09, 3.68996033728e-09, 2.03477834582e-09, 2.59219556931e-09, 1.88131288326e-09, 2.94631230524e-09, 5.92446536274e-10, 4.80190887053e-10, 6.07039085665e-10, 3.19824777772e-10, 1.62847457741e-10, 1.33082919684e-10, 6.51039222532e-11, 1.28406230093e-10, 2.3967272611e-10, 9.15903811127e-11, 3.74398179126e-10, 4.03240774105e-11, 2.42495554886e-11, 1.28620647119e-11, 9.15327622725e-12, 5.81849542505e-12, 6.98481637113e-12, 1.21911491319e-11],
        "dvar2": [6.49900030112e-05, 4.7326193453e-05, 1.7618345737e-05, 3.75001536668e-06, 2.7985308293e-07, 7.50995070575e-08, 4.68204603976e-08, 8.85038389242e-08, 5.62883926136e-08, 3.43522771118e-07, 2.25159880074e-07, 4.1212408064e-07, 5.06730550853e-08, 4.95124368172e-08, 1.89878726076e-08, 1.24605081808e-08, 1.50082204442e-08, 9.47069267454e-09, 4.24848023428e-09, 6.2046385807e-09, 4.61958515885e-09, 8.4800433342e-09, 1.28178434533e-09, 9.63437218893e-10, 1.67268443541e-09, 8.23353107915e-10, 2.97124103099e-10, 2.76562717172e-10, 1.26046520443e-10, 2.71424965836e-10, 5.93733673337e-10, 2.2022192403e-10, 1.00898944755e-09, 8.74529199058e-11, 4.63073572543e-11, 2.84312087762e-11, 2.05904824441e-11, 1.40330871923e-11, 1.68877863083e-11, 3.30508502511e-11],
        "max": [0.046340983361, 0.0322819203138, 0.020568754524, 0.00880758836865, 0.00533290300518, 0.00205654813908, 0.00169172231108, 0.00407279375941, 0.00174834555946, 0.0050952648744, 0.00455561792478, 0.00659536477178, 0.0033234891016, 0.00169604457915, 0.00115283986088, 0.000806615687907, 0.000561386113986, 0.000627530156635, 0.000628227891866, 0.000424073426984, 0.000310113653541, 0.000377478951123, 0.000185803102795, 0.000154175591888, 0.000187781493878, 0.000133223933517, 0.000226051837672, 0.000109582593723, 6.28064517514e-05, 9.65818326222e-05, 0.000114917500468, 8.79581930349e-05, 0.000156257679919, 4.36539303337e-05, 3.89937376895e-05, 2.25946514547e-05, 2.68511557806e-05, 2.5036635634e-05, 4.59059192508e-05, 6.26617693342e-05],
        "mean": [0.00285991560668, 0.00358436233364, 0.000993554014713, 0.000513082777616, 0.000258012412814, 0.000182122414117, 0.000120455384604, 0.000123817444546, 0.000131631924887, 0.000234787439695, 0.000191126018763, 0.000194254113012, 0.00010024131916, 8.78855935298e-05, 5.13423765369e-05, 4.56413799839e-05, 3.30764269165e-05, 2.81832180917e-05, 2.77735398413e-05, 2.26650099648e-05, 2.10841408261e-05, 2.00756148843e-05, 1.31207025333e-05, 1.21886714624e-05, 9.66123752733e-06, 7.65479580878e-06, 6.98295389157e-06, 5.78476920055e-06, 4.59409648101e-06, 5.17220269103e-06, 5.49087417312e-06, 4.35766605733e-06, 5.92969308855e-06, 3.14903036269e-06, 2.71340672953e-06, 2.10132361644e-06, 1.78618790869e-06, 1.5235623323e-06, 1.47367461523e-06, 1.38839050123e-06],
        "median": [0.000512804836035, 0.000575716549065, 0.000150240404764, 0.000105516330223, 0.000121263146866, 6.99583470123e-05, 3.92480615119e-05, 4.34620342276e-05, 5.38916028745e-05, 5.96670652158e-05, 4.88072546432e-05, 2.65208236669e-05, 1.46697520904e-05, 1.43498227771e-05, 7.27446604287e-06, 6.13432621321e-06, 4.1999064706e-06, 4.26533370046e-06, 3.42172256751e-06, 2.09340350921e-06, 2.56185876424e-06, 1.97234703592e-06, 1.9458495899e-06, 1.75589775608e-06, 1.48812955558e-06, 1.31174738272e-06, 1.2166989336e-06, 9.23388256524e-07, 8.65446736498e-07, 5.90630975239e-07, 5.81648862408e-07, 5.15841918514e-07, 4.34670482719e-07, 3.52510937773e-07, 2.73404111795e-07, 2.52428833392e-07, 2.57262968262e-07, 2.6881065196e-07, 2.44639949187e-07, 2.35759898715e-07],
