{
"highlevel": {
    "danceability": {
        "all": {
            "danceable": 0.00708313239738,
            "not_danceable": 0.992916882038
        },
        "probability": 0.992916882038,
        "value": "not_danceable"
    },
    "gender": {
        "all": {
            "female": 0.15501306951,
            "male": 0.844986915588
        },
        "probability": 0.844986915588,
        "value": "male"
    },
    "genre_dortmund": {
        "all": {
            "alternative": 0.2295152843,
            "blues": 0.0214700717479,
            "electronic": 0.0137988617644,
            "folkcountry": 0.145177453756,
            "funksoulrnb": 0.00940203014761,
            "jazz": 0.00266039185226,
            "pop": 0.0516550913453,
            "raphiphop": 0.00313160964288,
            "rock": 0.52318918705
        },
        "probability": 0.52318918705,
        "value": "rock"
    },
    "genre_electronic": {
        "all": {
            "ambient": 0.352255046368,
            "dnb": 0.12867000699,
            "house": 0.0465098433197,
            "techno": 0.0204313956201,
            "trance": 0.45213368535
        },
        "probability": 0.45213368535,
        "value": "trance"
    },
    "genre_rosamerica": {
        "all": {
            "cla": 0.00392139004543,
            "dan": 0.00859856978059,
            "hip": 0.00101455266122,
            "jaz": 0.00113620213233,
            "pop": 0.0183741170913,
            "rhy": 0.00237194471993,
            "roc": 0.964419782162,
            "spe": 0.000163471908309
        },
        "probability": 0.964419782162,
        "value": "roc"
    },
    "genre_tzanetakis": {
        "all": {
            "blu": 0.0622663982213,
            "cla": 0.0345780998468,
            "cou": 0.103735685349,
            "dis": 0.0518908686936,
            "hip": 0.155698984861,
            "jaz": 0.311586618423,
            "met": 0.0519040971994,
            "pop": 0.0622744634748,
            "reg": 0.0622723288834,
            "roc": 0.103792458773
        },
        "probability": 0.311586618423,
        "value": "jaz"
    },
    "ismir04_rhythm": {
        "all": {
            "ChaChaCha": 0.0517750605941,
            "Jive": 0.371795684099,
            "Quickstep": 0.0194617472589,
            "Rumba-American": 0.00767932645977,
            "Rumba-International": 0.032952286303,
            "Rumba-Misc": 0.00661174068227,
            "Samba": 0.114465683699,
            "Tango": 0.0167467519641,
            "VienneseWaltz": 0.370248407125,
            "Waltz": 0.00826329551637
        },
        "probability": 0.371795684099,
        "value": "Jive"
    },
    "mood_acoustic": {
        "all": {
            "acoustic": 0.0653000622988,
            "not_acoustic": 0.934699952602
        },
        "probability": 0.934699952602,
        "value": "not_acoustic"
    },
    "mood_aggressive": {
        "all": {
            "aggressive": 0.895287811756,
            "not_aggressive": 0.104712165892
        },
        "probability": 0.895287811756,
        "value": "aggressive"
    },
    "mood_electronic": {
        "all": {
            "electronic": 0.167118132114,
            "not_electronic": 0.832881867886
        },
        "probability": 0.832881867886,
        "value": "not_electronic"
    },
    "mood_happy": {
        "all": {
            "happy": 0.653594493866,
            "not_happy": 0.346405535936
        },
        "probability": 0.653594493866,
        "value": "happy"
    },
    "mood_party": {
        "all": {
            "not_party": 0.371158003807,
            "party": 0.628841996193
        },
        "probability": 0.628841996193,
        "value": "party"
    },
    "mood_relaxed": {
        "all": {
            "not_relaxed": 0.544052124023,
            "relaxed": 0.455947875977
        },
        "probability": 0.544052124023,
        "value": "not_relaxed"
    },
    "mood_sad": {
        "all": {
            "not_sad": 0.914973080158,
            "sad": 0.0850269123912
        },
        "probability": 0.914973080158,
        "value": "not_sad"
    },
    "moods_mirex": {
        "all": {
            "Cluster1": 0.306600093842,
            "Cluster2": 0.146667659283,
            "Cluster3": 0.0773450359702,
            "Cluster4": 0.199594855309,
            "Cluster5": 0.269792348146
        },
        "probability": 0.306600093842,
        "value": "Cluster1"
    },
    "timbre": {
        "all": {
            "bright": 0.976969003677,
            "dark": 0.0230310112238
        },
        "probability": 0.976969003677,
        "value": "bright"
    },
    "tonal_atonal": {
        "all": {
            "atonal": 0.0666555911303,
            "tonal": 0.933344423771
        },
        "probability": 0.933344423771,
        "value": "tonal"
    },
    "voice_instrumental": {
        "all": {
            "instrumental": 4.35457550338e-05,
            "voice": 0.999956429005
        },
        "probability": 0.999956429005,
        "value": "voice"
    }
},
"lowlevel": {
    "average_loudness": 0.984255075455,
    "barkbands_crest": {
        "dmean": 2.41855502129,
        "dmean2": 3.86807513237,
        "dvar": 4.81908750534,
        "dvar2": 12.2933397293,
        "max": 21.8396148682,
        "mean": 7.93271684647,
        "median": 7.21546363831,
        "min": 2.2415599823,
        "var": 10.7335128784
    },
    "barkbands_flatness_db": {
        "dmean": 0.0163802392781,
        "dmean2": 0.026512010023,
        "dvar": 0.00019851885736,
        "dvar2": 0.000501682981849,
        "max": 0.212953701615,
        "mean": 0.118851035833,
        "median": 0.117280468345,
        "min": 0.0585735663772,
        "var": 0.000601488049142
    },
    "barkbands_kurtosis": {
        "dmean": 1.08375823498,
        "dmean2": 1.84148204327,
        "dvar": 2.30290699005,
        "dvar2": 6.30225610733,
        "max": 15.5827388763,
        "mean": 0.337504982948,
        "median": -0.246316194534,
        "min": -1.69787895679,
        "var": 3.30514335632
    },
    "barkbands_skewness": {
        "dmean": 0.387792646885,
        "dmean2": 0.62477350235,
        "dvar": 0.158559635282,
        "dvar2": 0.382220804691,
        "max": 3.88532400131,
        "mean": 0.752122282982,
        "median": 0.629423260689,
        "min": -0.825344026089,
        "var": 0.458776473999
    },
    "barkbands_spread": {
        "dmean": 5.21739435196,
        "dmean2": 8.21216392517,
        "dvar": 25.7092380524,
        "dvar2": 56.0405693054,
        "max": 87.7671432495,
        "mean": 27.1826686859,
        "median": 25.7910671234,
        "min": 6.05905914307,
        "var": 113.37676239
    },
    "dissonance": {
        "dmean": 0.0162405576557,
        "dmean2": 0.027934094891,
        "dvar": 0.0002122476144,
        "dvar2": 0.000560239655897,
        "max": 0.499999910593,
        "mean": 0.474779218435,
        "median": 0.4786054492,
        "min": 0.391215205193,
        "var": 0.000312731397571
    },
    "dynamic_complexity": 1.4196138382,
    "erbbands_crest": {
        "dmean": 2.74271416664,
        "dmean2": 4.49596834183,
        "dvar": 6.80520200729,
        "dvar2": 17.1867580414,
        "max": 26.5863285065,
        "mean": 8.10437583923,
        "median": 7.13360691071,
        "min": 2.6485118866,
        "var": 14.1375904083
    },
    "erbbands_flatness_db": {
        "dmean": 0.0149509543553,
        "dmean2": 0.0221893973649,
        "dvar": 0.000181252908078,
        "dvar2": 0.000379996432457,
        "max": 0.275196939707,
        "mean": 0.160055711865,
        "median": 0.161499127746,
        "min": 0.0669842660427,
        "var": 0.00094955903478
    },
    "erbbands_kurtosis": {
        "dmean": 0.620490968227,
        "dmean2": 1.01329624653,
        "dvar": 0.599731206894,
        "dvar2": 1.56805324554,
        "max": 12.8208589554,
        "mean": 0.158307299018,
        "median": -0.150803089142,
        "min": -1.37277674675,
        "var": 1.5084168911
    },
    "erbbands_skewness": {
        "dmean": 0.316875398159,
        "dmean2": 0.5083989501,
        "dvar": 0.0713680312037,
        "dvar2": 0.190833210945,
        "max": 2.69855904579,
        "mean": 0.0298895109445,
        "median": -0.0313090085983,
        "min": -1.42081236839,
        "var": 0.291029036045
    },
    "erbbands_spread": {
        "dmean": 6.1222281456,
        "dmean2": 9.42113113403,
        "dvar": 36.0570373535,
        "dvar2": 80.875289917,
        "max": 85.7557144165,
        "mean": 32.033405304,
        "median": 30.1917648315,
        "min": 6.22497701645,
        "var": 155.449890137
    },
    "hfc": {
        "dmean": 7.43135499954,
        "dmean2": 11.2568769455,
        "dvar": 89.1661224365,
        "dvar2": 222.667282104,
        "max": 173.654251099,
        "mean": 32.1053962708,
        "median": 29.6703834534,
        "min": 6.29305696487,
        "var": 245.214859009
    },
    "melbands_crest": {
        "dmean": 3.06101822853,
        "dmean2": 4.92617321014,
        "dvar": 7.10082387924,
        "dvar2": 17.659910202,
        "max": 27.8937644958,
        "mean": 12.1444826126,
        "median": 11.5517482758,
        "min": 3.57776021957,
        "var": 18.994556427
    },
    "melbands_flatness_db": {
        "dmean": 0.0214991346002,
        "dmean2": 0.0333223417401,
        "dvar": 0.000422212673584,
        "dvar2": 0.000993376364931,
        "max": 0.299951255322,
        "mean": 0.153914019465,
        "median": 0.150240004063,
        "min": 0.0475771054626,
        "var": 0.00151170149911
    },
    "melbands_kurtosis": {
        "dmean": 3.12946510315,
        "dmean2": 5.29929208755,
        "dvar": 26.4325809479,
        "dvar2": 71.6119766235,
        "max": 49.9515800476,
        "mean": 4.34386253357,
        "median": 2.11293840408,
        "min": -1.1128282547,
        "var": 38.9245834351
    },
    "melbands_skewness": {
        "dmean": 0.557366967201,
        "dmean2": 0.893072545528,
        "dvar": 0.39261174202,
        "dvar2": 0.950500071049,
        "max": 6.45020532608,
        "mean": 1.6805267334,
        "median": 1.47738683224,
        "min": -0.608928859234,
        "var": 1.18083560467
    },
    "melbands_spread": {
        "dmean": 7.85540151596,
        "dmean2": 12.7319574356,
        "dvar": 77.0110168457,
        "dvar2": 185.135971069,
        "max": 144.784851074,
        "mean": 33.0745239258,
        "median": 32.2517814636,
        "min": 5.47935771942,
        "var": 202.874450684
    },
    "pitch_salience": {
        "dmean": 0.0609689354897,
        "dmean2": 0.0995662212372,
        "dvar": 0.00242114532739,
        "dvar2": 0.00610176566988,
        "max": 0.776850402355,
        "mean": 0.566103935242,
        "median": 0.56822270155,
        "min": 0.277633398771,
        "var": 0.00637537846342
    },
    "silence_rate_20dB": {
        "dmean": 0,
        "dmean2": 0,
        "dvar": 0,
        "dvar2": 0,
        "max": 1,
        "mean": 1,
        "median": 1,
        "min": 1,
        "var": 0
    },
    "silence_rate_30dB": {
        "dmean": 0.00464396271855,
        "dmean2": 0.00929511990398,
        "dvar": 0.00462235230953,
        "dvar2": 0.0138561250642,
        "max": 1,
        "mean": 0.997679829597,
        "median": 1,
        "min": 0,
        "var": 0.0023148234468
    },
    "silence_rate_60dB": {
        "dmean": 0,
        "dmean2": 0,
        "dvar": 0,
        "dvar2": 0,
        "max": 0,
        "mean": 0,
        "median": 0,
        "min": 0,
        "var": 0
    },
    "spectral_centroid": {
        "dmean": 220.219863892,
        "dmean2": 355.559143066,
        "dvar": 40244.5,
        "dvar2": 100075.382812,
        "max": 3410.64575195,
        "mean": 1696.7487793,
        "median": 1676.86157227,
        "min": 725.831298828,
        "var": 132030
    },
    "spectral_complexity": {
        "dmean": 4.39705896378,
        "dmean2": 6.53369474411,
        "dvar": 14.9003744125,
        "dvar2": 26.8948459625,
        "max": 55,
        "mean": 31.6024742126,
        "median": 31,
        "min": 13,
        "var": 55.8249816895
    },
    "spectral_decrease": {
        "dmean": 3.20340465265e-09,
        "dmean2": 5.23732124336e-09,
        "dvar": 2.21936379922e-17,
        "dvar2": 5.5169588504e-17,
        "max": -1.92495241969e-09,
        "mean": -8.87735662758e-09,
        "median": -7.13211401049e-09,
        "min": -3.5311384039e-08,
        "var": 3.30334081315e-17
    },
    "spectral_energy": {
        "dmean": 0.0125626632944,
        "dmean2": 0.0204933416098,
        "dvar": 0.000327386456775,
        "dvar2": 0.000812651007436,
        "max": 0.13670372963,
        "mean": 0.0364172384143,
        "median": 0.0296895578504,
        "min": 0.00828271266073,
        "var": 0.000497456931043
    },
    "spectral_energyband_high": {
        "dmean": 0.000413790578023,
        "dmean2": 0.000584158464335,
        "dvar": 1.07089351786e-06,
        "dvar2": 2.6036007057e-06,
        "max": 0.0201711468399,
        "mean": 0.000988411018625,
        "median": 0.000576450605877,
        "min": 6.02274812991e-05,
        "var": 2.17247975343e-06
    },
    "spectral_energyband_low": {
        "dmean": 0.00818509608507,
        "dmean2": 0.0138559527695,
        "dvar": 0.000231339945458,
        "dvar2": 0.000600464059971,
        "max": 0.0991476774216,
        "mean": 0.0126814004034,
        "median": 0.00622882321477,
        "min": 0.000325293571223,
        "var": 0.000291720527457
    },
    "spectral_energyband_middle_high": {
        "dmean": 0.00357669172809,
        "dmean2": 0.00563680147752,
        "dvar": 1.79678245331e-05,
        "dvar2": 4.69753031211e-05,
        "max": 0.0666797310114,
        "mean": 0.0128417592496,
        "median": 0.0104179782793,
        "min": 0.0021347028669,
        "var": 6.6177402914e-05
    },
    "spectral_energyband_middle_low": {
        "dmean": 0.00485973292962,
        "dmean2": 0.00774336326867,
        "dvar": 3.70886227756e-05,
        "dvar2": 9.21503378777e-05,
        "max": 0.0506753735244,
        "mean": 0.0115049695596,
        "median": 0.00920648127794,
        "min": 0.000987320672721,
        "var": 6.04695560469e-05
    },
    "spectral_entropy": {
        "dmean": 0.0995442271233,
        "dmean2": 0.144318923354,
        "dvar": 0.0085113234818,
        "dvar2": 0.0163168683648,
        "max": 8.64902019501,
        "mean": 7.7543463707,
        "median": 7.74043607712,
        "min": 7.13425779343,
        "var": 0.0465551093221
    },
    "spectral_flux": {
        "dmean": 0.0271488763392,
        "dmean2": 0.0419120006263,
        "dvar": 0.00111628032755,
        "dvar2": 0.00258595542982,
        "max": 0.294812917709,
        "mean": 0.105817221105,
        "median": 0.0956757441163,
        "min": 0.0326705761254,
        "var": 0.00209241034463
    },
    "spectral_kurtosis": {
        "dmean": 1.26257538795,
        "dmean2": 2.12465333939,
        "dvar": 1.15925741196,
        "dvar2": 3.46294426918,
        "max": 10.3137731552,
        "mean": 4.14602375031,
        "median": 4.06212091446,
        "min": -0.448789358139,
        "var": 2.61528563499
    },
    "spectral_rms": {
        "dmean": 0.000923746149056,
        "dmean2": 0.00146734481677,
        "dvar": 1.27435157538e-06,
        "dvar2": 2.96378198072e-06,
        "max": 0.0115485712886,
        "mean": 0.00573922367766,
        "median": 0.00538195343688,
        "min": 0.00284265633672,
        "var": 2.59037051364e-06
    },
    "spectral_rolloff": {
        "dmean": 514.447265625,
        "dmean2": 835.59197998,
        "dvar": 558546,
        "dvar2": 1117978.375,
        "max": 10917.3339844,
        "mean": 1945.99707031,
        "median": 1744.18945312,
        "min": 129.19921875,
        "var": 1767315.5
    },
    "spectral_skewness": {
        "dmean": 0.174477756023,
        "dmean2": 0.276403814554,
        "dvar": 0.0200462192297,
        "dvar2": 0.0501144193113,
        "max": 2.80242586136,
        "mean": 1.3983027935,
        "median": 1.39776349068,
        "min": 0.407185971737,
        "var": 0.064369559288
    },
    "spectral_spread": {
        "dmean": 383937.96875,
        "dmean2": 534413.6875,
        "dvar": 318618566656,
        "dvar2": 474814808064,
        "max": 13102779,
        "mean": 3907213.75,
        "median": 3569218.25,
        "min": 2539368.25,
        "var": 1.51459646669e+12
    },
    "spectral_strongpeak": {
        "dmean": 0.737554430962,
        "dmean2": 1.26810073853,
        "dvar": 1.08288645744,
        "dvar2": 2.78360390663,
        "max": 9.49744987488,
        "mean": 1.11107349396,
        "median": 0.504875183105,
        "min": 0.0645664855838,
        "var": 1.64439117908
    },
    "zerocrossingrate": {
        "dmean": 0.00919117685407,
        "dmean2": 0.0101090483367,
        "dvar": 0.000126675033243,
        "dvar2": 0.000133709880174,
        "max": 0.2783203125,
        "mean": 0.0688661634922,
        "median": 0.06298828125,
        "min": 0.0244140625,
        "var": 0.000938291312195
    },
    "barkbands": {
        "dmean": [0.000244863360422, 0.00514146545902, 0.00318286847323, 0.00166932214051, 0.00196289247833, 0.000540196779184, 0.00072229228681, 0.00132986798417, 0.000994694535621, 0.0014892820036, 0.00159428932238, 0.00104326999281, 0.000682829355355, 0.000479878828628, 0.000424033758463, 0.000305753143039, 0.000692605390213, 0.0002635444107, 0.000242580252234, 0.000224249553867, 0.000108433348942, 8.90949449968e-05, 9.19377343962e-05, 8.21789508336e-05, 5.11746693519e-05, 2.58135460172e-05, 2.82446368516e-08],
        "dmean2": [0.000408761814469, 0.00854957103729, 0.00562154687941, 0.00286244112067, 0.00318353413604, 0.000891477277037, 0.00118260632735, 0.00214633857831, 0.00153348222375, 0.00242921430618, 0.00253683608025, 0.00171549594961, 0.00113060255535, 0.000771242717747, 0.000702192541212, 0.000512447440997, 0.00117089843843, 0.000427138991654, 0.000375838077161, 0.000359004538041, 0.000166727128089, 0.000135108042741, 0.000136909191497, 0.000121144141303, 7.37465525162e-05, 3.48841604136e-05, 5.24528473989e-08],
        "dvar": [3.84823920285e-07, 0.000104852690129, 3.20368781104e-05, 7.68870904722e-06, 1.06777124529e-05, 6.07168772149e-07, 1.05605897716e-06, 7.16437853043e-06, 4.59076727566e-06, 9.49883815338e-06, 9.27795645111e-06, 2.3875657007e-06, 1.24798930301e-06, 6.24978326869e-07, 2.57688299143e-07, 1.12257787066e-07, 4.54023393104e-07, 7.72949704242e-08, 9.78079057745e-08, 7.60089733376e-08, 2.60672283758e-08, 2.38070718694e-08, 1.50053182324e-07, 9.4336250811e-08, 2.37030430839e-08, 1.03724282496e-08, 5.92937022181e-14],
        "dvar2": [1.0491919511e-06, 0.000262847839622, 9.24796622712e-05, 2.16512689803e-05, 2.71998760581e-05, 1.47217474478e-06, 2.66211804956e-06, 1.97805075004e-05, 1.05186036308e-05, 2.38707743847e-05, 2.25646181207e-05, 6.50284391668e-06, 3.08685207528e-06, 1.47795594785e-06, 6.88894999712e-07, 3.0863293432e-07, 1.20201400478e-06, 1.96181431988e-07, 2.44859421628e-07, 1.86509012678e-07, 6.15603639176e-08, 5.37077333718e-08, 3.82575649382e-07, 2.37939303815e-07, 4.89114491131e-08, 2.05809786991e-08, 1.71224633864e-13],
        "max": [0.00542025081813, 0.0690293610096, 0.0434709191322, 0.0239803474396, 0.0369560942054, 0.00939124170691, 0.00942977145314, 0.0339566841722, 0.0392954200506, 0.0389965884387, 0.0578602328897, 0.0210761148483, 0.0184840857983, 0.015984358266, 0.00502424873412, 0.00390965910628, 0.00793568138033, 0.00342209334485, 0.00565483840182, 0.00427798368037, 0.00251513719559, 0.00289919646457, 0.0073325606063, 0.00544898025692, 0.00306296208873, 0.00287067843601, 4.74405896966e-06],
        "mean": [0.000213277351577, 0.00656349211931, 0.00461440579966, 0.00250026676804, 0.00310638686642, 0.000891449744813, 0.00115610053763, 0.00183206843212, 0.00156050606165, 0.00237707397901, 0.00257689412683, 0.00182983384002, 0.00115275906865, 0.000845855567604, 0.000807626056485, 0.000565689173527, 0.00129752280191, 0.00063457590295, 0.000536420324352, 0.000523709750269, 0.00020428931748, 0.000189465703443, 0.000157620714162, 0.000145228244946, 9.20454403968e-05, 4.26983860962e-05, 1.77542265334e-08],
        "median": [9.99113581202e-06, 0.00157687324099, 0.00252029392868, 0.00142526999116, 0.00192941457499, 0.000650807516649, 0.000739977753256, 0.000753757893108, 0.00062153651379, 0.000872179341968, 0.00138397188857, 0.00113994954154, 0.000655835319776, 0.000414205976995, 0.000557107850909, 0.000475867738714, 0.00110333075281, 0.000508375291247, 0.000432745349826, 0.000387215259252, 0.000145063037053, 0.000107823070721, 4.9489975936e-05, 5.18082888448e-05, 2.8066959203e-05, 5.22229811395e-06, 8.51900827659e-10],
        "min": [3.95959069976e-08, 1.08110898509e-05, 2.94935689453e-05, 4.35603806181e-06, 9.65074359556e-05, 3.88483858842e-05, 1.21924431369e-05, 2.15306827158e-05, 1.75416971615e-05, 1.93786218006e-05, 2.4884888262e-05, 3.27607413055e-05, 3.57417302439e-05, 1.09573893496e-05, 2.87360417133e-05, 2.0621546355e-05, 0.000141379845445, 6.40442449367e-05, 2.21957507165e-05, 2.40002718783e-05, 1.46622860484e-05, 8.80394327396e-06, 2.82417795461e-06, 2.00323097488e-06, 6.59974944028e-07, 2.16495488203e-10, 7.69041254289e-12],
        "var": [3.10967806172e-07, 0.000135588328703, 3.33122807206e-05, 8.92459775059e-06, 1.25233473227e-05, 8.08890774806e-07, 1.53590701757e-06, 1.0334968465e-05, 1.13925971164e-05, 1.90338087123e-05, 1.54556146299e-05, 4.22597076977e-06, 2.24060090659e-06, 1.3996460666e-06, 5.48213279217e-07, 1.67600603618e-07, 7.01247017787e-07, 2.08968089055e-07, 1.70078436668e-07, 2.09223188108e-07, 3.8433235261e-08, 6.50467768537e-08, 2.35272395344e-07, 1.55188743634e-07, 7.4765722502e-08, 3.25191216177e-08, 3.19412431346e-14]
    },
    "erbbands": {
        "dmean": [0.151624858379, 1.24530637264, 3.79459381104, 3.96187400818, 7.37862110138, 5.87648773193, 5.92660713196, 4.19520664215, 7.28089237213, 15.671497345, 31.0080032349, 23.321516037, 29.0483283997, 74.8881759644, 34.2060165405, 35.4164772034, 30.4028568268, 23.0034217834, 20.8763389587, 16.6897850037, 18.9110641479, 39.5183639526, 14.0271806717, 13.6827640533, 14.1842031479, 8.15980625153, 5.4517159462, 3.36585569382, 3.32811284065, 2.87798571587, 2.6785337925, 2.02662014961, 1.20575380325, 0.652000248432, 0.357940107584, 0.150510594249, 0.0410833321512, 0.00282759219408, 6.14431701251e-05, 1.67555990629e-05],
        "dmean2": [0.215980887413, 2.15712094307, 6.70606899261, 6.80412864685, 12.1411495209, 9.54426765442, 9.67377471924, 6.99372148514, 11.8727407455, 25.2119884491, 50.3409690857, 36.5452308655, 45.911655426, 121.058334351, 54.0235824585, 58.2121353149, 49.7013587952, 36.6636772156, 34.6047210693, 27.5521812439, 31.0991306305, 66.7116546631, 23.0207805634, 21.7233181, 22.2477321625, 13.0088672638, 8.39486408234, 5.19207954407, 5.02120637894, 4.3396692276, 4.04852867126, 3.03194141388, 1.84859418869, 1.000628829, 0.503605663776, 0.201633110642, 0.0568863786757, 0.00406957603991, 8.66647678777e-05, 2.67298473773e-05],
        "dvar": [0.0875812098384, 7.00082921982, 52.4211006165, 38.3268089294, 213.162368774, 63.0066642761, 73.4629058838, 49.2266426086, 129.781036377, 551.205566406, 3297.02050781, 3276.53027344, 4971.125, 17979.7050781, 2711.62939453, 2177.26342773, 2542.70605469, 1605.9362793, 696.577758789, 394.063232422, 345.180786133, 1807.17883301, 228.017608643, 219.490829468, 391.512878418, 87.9925994873, 49.3989067078, 40.4169540405, 23.263923645, 77.9107131958, 139.299224854, 66.0588912964, 19.612241745, 4.02244377136, 1.30391526222, 0.324962288141, 0.0268185213208, 0.000118312957056, 4.90325327007e-08, 6.02022875995e-10],
        "dvar2": [0.197665140033, 18.5962505341, 148.499038696, 108.888870239, 545.820983887, 160.26701355, 173.570556641, 133.27696228, 342.056304932, 1448.66821289, 8773.39453125, 7498.16943359, 12160.8271484, 46071.625, 6643.19433594, 5737.20507812, 6327.05908203, 3736.98291016, 1829.62658691, 1062.19189453, 894.313110352, 4851.43945312, 577.587890625, 536.598693848, 1030.82312012, 217.563995361, 109.478103638, 105.598701477, 49.4232406616, 193.984146118, 357.290924072, 162.677871704, 50.7371101379, 8.81130599976, 2.7165184021, 0.627140283585, 0.0553468056023, 0.000255496823229, 1.08631219575e-07, 1.53357004873e-09],
        "max": [2.27167105675, 18.4132423401, 52.5740890503, 52.5848312378, 144.500442505, 67.5415420532, 102.293731689, 90.3000793457, 121.608528137, 303.310424805, 614.188720703, 1180.96655273, 1294.5177002, 1748.50244141, 690.070983887, 570.97064209, 950.092590332, 854.83795166, 301.648468018, 232.714096069, 226.507247925, 413.50402832, 186.67527771, 156.699310303, 369.98651123, 87.9374465942, 74.046546936, 115.079147339, 62.426071167, 150.781723022, 226.205551147, 162.922958374, 76.899848938, 31.7707862854, 25.9385356903, 16.0319347382, 4.13800764084, 0.218703404069, 0.00473410822451, 0.000341130187735],
        "mean": [0.181389480829, 1.51431536674, 5.1925611496, 7.02234554291, 9.89316654205, 9.85767459869, 9.40725040436, 6.80304336548, 11.5552062988, 24.7439136505, 46.1253128052, 38.1066093445, 49.5828552246, 127.456604004, 66.4678497314, 66.123008728, 57.0963058472, 45.4010772705, 41.7576408386, 36.9424591064, 42.5563735962, 72.419090271, 34.5080413818, 33.4443130493, 32.3614425659, 20.06291008, 11.0056009293, 6.54208803177, 7.17602920532, 5.18986463547, 4.50621557236, 3.4795024395, 2.14943981171, 1.16868495941, 0.601590692997, 0.249558076262, 0.068582251668, 0.00423786044121, 0.000113690453873, 5.04844720126e-05],
        "median": [0.0194319933653, 0.464234232903, 2.63835382462, 4.79791402817, 5.35639858246, 6.65669298172, 5.72791814804, 4.87537384033, 7.95544862747, 15.9935779572, 20.0812950134, 16.6870517731, 18.2564907074, 69.2554931641, 37.5142593384, 44.9828338623, 37.1203155518, 25.1616096497, 31.9421348572, 28.5995178223, 37.010471344, 59.4513702393, 29.4207839966, 26.9576778412, 24.2216968536, 16.6432437897, 8.4800786972, 4.51009082794, 4.19339942932, 2.16237616539, 1.34173154831, 1.09603965282, 0.797271728516, 0.37680247426, 0.157540395856, 0.0411920286715, 0.00687372405082, 0.000389596680179, 3.2258380088e-05, 4.06908875448e-05],
        "min": [0.0002945359156, 0.0123285641894, 0.0739462003112, 0.102902956307, 0.176738277078, 0.266772121191, 0.400025099516, 0.46354675293, 0.417598575354, 0.632698535919, 0.951182246208, 0.810066521168, 0.908698916435, 1.48726654053, 2.63350772858, 2.29293942451, 2.1357448101, 1.54276585579, 2.08146095276, 2.4276406765, 7.24328994751, 7.53446722031, 3.3834092617, 1.69613206387, 1.43809723854, 1.10916268826, 0.694917500019, 0.422737300396, 0.376794308424, 0.135305061936, 0.0685859024525, 0.0587375462055, 0.0260539762676, 0.00974995363504, 0.00364394136705, 0.000459582603071, 8.48127019708e-05, 7.33710930945e-06, 6.82956851961e-06, 1.04181635834e-05],
        "var": [0.134217530489, 7.15427732468, 49.4923782349, 47.8144226074, 211.448272705, 93.4095535278, 125.385826111, 53.2810554504, 151.080627441, 834.496826172, 5006.38378906, 7058.65185547, 9679.66015625, 32737.2070312, 6539.96386719, 4143.14941406, 4721.09326172, 3691.65356445, 1446.92089844, 818.284240723, 611.584960938, 2604.56469727, 457.359954834, 587.981994629, 777.029174805, 193.006759644, 86.4872665405, 48.524055481, 70.1017379761, 139.47857666, 212.77230835, 109.889007568, 31.6573562622, 10.9370679855, 3.8518884182, 0.960480093956, 0.0913753733039, 0.000335342658218, 1.43608005487e-07, 1.22442822548e-09]
    },
    "gfcc": {
        "mean": [45.5942840576, 96.8254699707, -144.162124634, 38.3704223633, -55.6218833923, 21.4898166656, -35.9407081604, 15.1349725723, -30.0398902893, -5.70820426941, -16.5303897858, -3.99527311325, -11.1644477844],
        "cov": [[778.260070801, -306.343475342, 198.293365479, -7.49208259583, -40.9815444946, 91.995300293, 35.0884094238, 48.5904312134, 7.31251955032, 92.456741333, -80.5524902344, 47.2472229004, -66.3686294556], [-306.343475342, 630.425170898, -175.275527954, 118.459075928, 132.822814941, -76.1343383789, 147.765777588, -14.7607765198, 93.8616867065, -19.7514152527, 106.126968384, -71.9028930664, 95.829284668], [198.293365479, -175.275527954, 356.781066895, 82.5342559814, 13.5186948776, 59.0697631836, -42.6678161621, 38.7115287781, 25.0762939453, 17.8039340973, -34.9575080872, 53.7475814819, -39.77501297], [-7.49208259583, 118.459075928, 82.5342559814, 199.195922852, 86.4458847046, -1.81495440006, 30.4465847015, 6.10058641434, 55.1105003357, 10.9879407883, 40.3583259583, -5.2266292572, 33.8743629456], [-40.9815444946, 132.822814941, 13.5186948776, 86.4458847046, 135.920883179, 22.9520626068, 60.3381195068, 12.0503845215, 21.810760498, 12.4103040695, 27.6704425812, -0.444065660238, 28.5775756836], [91.995300293, -76.1343383789, 59.0697631836, -1.81495440006, 22.9520626068, 107.441795349, 29.9480552673, 11.884185791, -4.36732053757, -5.20803403854, -6.93318653107, 15.9733686447, -9.71328830719], [35.0884094238, 147.765777588, -42.6678161621, 30.4465847015, 60.3381195068, 29.9480552673, 153.198852539, 18.9706459045, 33.3744544983, 12.918800354, 19.9402351379, -2.66411185265, 15.7090568542], [48.5904312134, -14.7607765198, 38.7115287781, 6.10058641434, 12.0503845215, 11.884185791, 18.9706459045, 71.8492202759, 33.2546043396, 18.8701858521, 0.554221510887, -1.35355603695, -2.3367805481], [7.31251955032, 93.8616867065, 25.0762939453, 55.1105003357, 21.810760498, -4.36732053757, 33.3744544983, 33.2546043396, 96.2146530151, 29.663438797, 25.0206928253, -5.37218236923, 3.2562558651], [92.456741333, -19.7514152527, 17.8039340973, 10.9879407883, 12.4103040695, -5.20803403854, 12.918800354, 18.8701858521, 29.663438797, 69.8595733643, 10.9573173523, 8.91979122162, -9.25149917603], [-80.5524902344, 106.126968384, -34.9575080872, 40.3583259583, 27.6704425812, -6.93318653107, 19.9402351379, 0.554221510887, 25.0206928253, 10.9573173523, 62.9309806824, -0.131843596697, 24.1138248444], [47.2472229004, -71.9028930664, 53.7475814819, -5.2266292572, -0.444065660238, 15.9733686447, -2.66411185265, -1.35355603695, -5.37218236923, 8.91979122162, -0.131843596697, 64.8984603882, 2.51022791862], [-66.3686294556, 95.829284668, -39.77501297, 33.8743629456, 28.5775756836, -9.71328830719, 15.7090568542, -2.3367805481, 3.2562558651, -9.25149917603, 24.1138248444, 2.51022791862, 67.9130935669]],
        "icov": [[0.00277428282425, 0.000233069979004, -0.000496353313792, -0.00116788048763, 0.00189456576481, -0.00180279044434, -0.00140178250149, -0.000439514202299, 0.000883791188244, -0.00422760518268, 0.00338449794799, -0.000398184231017, 0.000122899509734], [0.000233069979004, 0.00875835493207, -0.00110668095294, 0.00298446486704, -0.00567289860919, 0.00692340545356, -0.00638845609501, 0.00528331194073, -0.0071449871175, 0.00579365016893, -0.00776281626895, 0.00760993268341, -0.00562380161136], [-0.000496353313792, -0.00110668095294, 0.00696687214077, -0.00493985181674, 0.000717687071301, -0.00343213137239, 0.00377709628083, -0.00382210523821, 0.00014710148389, -0.000128073137603, 0.00469104247168, -0.00623688520864, 0.00436310563236], [-0.00116788048763, 0.00298446486704, -0.00493985181674, 0.0137534337118, -0.00813846569508, 0.00554983690381, -0.00227234722115, 0.00599860213697, -0.0072178998962, 0.00487306062132, -0.00879329629242, 0.00692346412688, -0.0062791374512], [0.00189456576481, -0.00567289860919, 0.000717687071301, -0.00813846569508, 0.0184047874063, -0.00828498974442, -0.00019132210582, -0.00520809972659, 0.00792997982353, -0.00900701712817, 0.00652914214879, -0.00501721771434, 0.00153135182336], [-0.00180279044434, 0.00692340545356, -0.00343213137239, 0.00554983690381, -0.00828498974442, 0.0197131056339, -0.00744545925409, 0.00384848634712, -0.00504976464435, 0.0101887891069, -0.00982603896409, 0.00542507460341, -0.00323053542525], [-0.00140178250149, -0.00638845609501, 0.00377709628083, -0.00227234722115, -0.00019132210582, -0.00744545925409, 0.0152944838628, -0.00514776399359, 0.00181926542427, -0.00266855768859, 0.00508474325761, -0.00665471423417, 0.00428064353764], [-0.000439514202299, 0.00528331194073, -0.00382210523821, 0.00599860213697, -0.00520809972659, 0.00384848634712, -0.00514776399359, 0.0231007542461, -0.0109667787328, 0.00156317884102, -0.00480154203251, 0.00821886770427, -0.00624769274145], [0.000883791188244, -0.0071449871175, 0.00014710148389, -0.0072178998962, 0.00792997982353, -0.00504976464435, 0.00181926542427, -0.0109667787328, 0.0245457682759, -0.010713278316, 0.0030792762991, -0.00484975613654, 0.00622430955991], [-0.00422760518268, 0.00579365016893, -0.000128073137603, 0.00487306062132, -0.00900701712817, 0.0101887891069, -0.00266855768859, 0.00156317884102, -0.010713278316, 0.029661513865, -0.0135050462559, 0.00234363693744, 0.000369074230548], [0.00338449794799, -0.00776281626895, 0.00469104247168, -0.00879329629242, 0.00652914214879, -0.00982603896409, 0.00508474325761, -0.00480154203251, 0.0030792762991, -0.0135050462559, 0.0366395525634, -0.0109512023628, 0.00130840495694], [-0.000398184231017, 0.00760993268341, -0.00623688520864, 0.00692346412688, -0.00501721771434, 0.00542507460341, -0.00665471423417, 0.00821886770427, -0.00484975613654, 0.00234363693744, -0.0109512023628, 0.0280269328505, -0.0101197818294], [0.000122899509734, -0.00562380161136, 0.00436310563236, -0.0062791374512, 0.00153135182336, -0.00323053542525, 0.00428064353764, -0.00624769274145, 0.00622430955991, 0.000369074230548, 0.00130840495694, -0.0101197818294, 0.0258173923939]]
    },
    "melbands": {
        "dmean": [0.00134913215879, 0.001848295331, 0.00078965886496, 0.000476899585919, 0.0002023208217, 9.34655690799e-05, 0.000126848506625, 0.000201503484277, 0.000250371493166, 0.000142149263411, 0.000151125394041, 0.000299396022456, 0.00014905934222, 0.000114830851089, 7.67767996877e-05, 7.48103921069e-05, 4.51920714113e-05, 3.72601243726e-05, 3.65468586097e-05, 2.26742613449e-05, 2.55889844993e-05, 5.1270260883e-05, 1.64951998158e-05, 1.17986473924e-05, 1.22442179418e-05, 1.02958465504e-05, 1.19681708384e-05, 4.89778585688e-06, 3.85515522794e-06, 2.8917841064e-06, 1.79882977136e-06, 2.18293325815e-06, 1.80914992143e-06, 1.66563836501e-06, 1.60642048286e-06, 1.51751692101e-06, 1.23971199173e-06, 9.22863648611e-07, 6.55189921872e-07, 5.73723809794e-07],
        "dmean2": [0.0021074519027, 0.0032501805108, 0.0013360917801, 0.000775272375904, 0.000328390131472, 0.000154940629727, 0.000205204851227, 0.000324031105265, 0.000403938058298, 0.000223067429033, 0.000237901986111, 0.000484066637, 0.00023220104049, 0.000187240875675, 0.000126773375086, 0.000122574754641, 7.1427457442e-05, 6.23807645752e-05, 6.07410511293e-05, 3.79323064408e-05, 4.26315600635e-05, 8.69808209245e-05, 2.74593421636e-05, 1.91971976164e-05, 1.96908949874e-05, 1.63350778166e-05, 1.93241867237e-05, 7.88730994827e-06, 6.10988581684e-06, 4.56426732853e-06, 2.80619497062e-06, 3.30456509801e-06, 2.85181522486e-06, 2.55804161498e-06, 2.4611219942e-06, 2.27006717068e-06, 1.89967204278e-06, 1.4375751789e-06, 1.00362444755e-06, 8.95455571026e-07],
        "dvar": [6.54311270409e-06, 1.3542009583e-05, 1.63793436059e-06, 6.92527976298e-07, 7.93443888369e-08, 2.28146213033e-08, 3.50086821754e-08, 1.23147302133e-07, 1.95639074718e-07, 1.18707212948e-07, 1.37671577249e-07, 2.86516524284e-07, 6.57519976244e-08, 3.88786105532e-08, 1.28038690761e-08, 1.44894061194e-08, 7.26388282857e-09, 2.93092083936e-09, 2.14387818609e-09, 7.7076289795e-10, 6.52983167537e-10, 3.07096281738e-09, 3.05413389023e-10, 1.76632777849e-10, 1.76116426998e-10, 2.14757850392e-10, 2.58316756874e-10, 2.77373332636e-11, 2.40612425817e-11, 1.96345058268e-11, 1.24283586894e-11, 8.55774652531e-12, 1.63598527086e-11, 3.17010549755e-11, 4.93540243396e-11, 3.91292900859e-11, 2.37668738856e-11, 1.17826243554e-11, 4.16793075747e-12, 3.33478990949e-12],
        "dvar2": [1.56312453328e-05, 3.73528782802e-05, 4.54772498415e-06, 1.76311425548e-06, 1.86954650871e-07, 6.05437122658e-08, 9.18607199196e-08, 3.37324820521e-07, 5.02361785948e-07, 2.70270902547e-07, 3.36391963174e-07, 7.36202764529e-07, 1.59633771091e-07, 1.07889938761e-07, 3.35841185972e-08, 3.72632413814e-08, 1.6296956673e-08, 7.788599099e-09, 5.93179061426e-09, 2.15185980146e-09, 1.69808000994e-09, 8.3345250701e-09, 7.87574783168e-10, 4.32861885225e-10, 4.45333186994e-10, 5.53125878433e-10, 6.36008967714e-10, 6.7681624194e-11, 5.51776228874e-11, 4.75051248339e-11, 3.32526818581e-11, 1.8918373812e-11, 4.07810903102e-11, 8.09965705617e-11, 1.30109006902e-10, 9.55294038318e-11, 6.12118758458e-11, 3.08923164827e-11, 9.72873864802e-12, 7.67384333161e-12],
        "max": [0.018735120073, 0.0259057357907, 0.0120602874085, 0.00911767501384, 0.00307404669002, 0.00180977687705, 0.0020004962571, 0.00460044387728, 0.00525143835694, 0.00713616749272, 0.00674471957609, 0.00645860517398, 0.00475593796, 0.00312110385858, 0.00150425208267, 0.00193021493033, 0.00195278553292, 0.000642893719487, 0.000482316419948, 0.000297130143736, 0.000312018761178, 0.000529932614882, 0.000189210753888, 0.000168928891071, 0.000136993519845, 0.000272552686511, 0.000250452809269, 5.2551018598e-05, 4.48602913821e-05, 6.95458220434e-05, 5.77214705118e-05, 3.79090779461e-05, 7.79789916123e-05, 9.69981920207e-05, 0.000126885031932, 0.00011429245933, 0.000100769961136, 6.18619233137e-05, 3.586427556e-05, 3.31405608449e-05],
        "mean": [0.00169711373746, 0.00250076618977, 0.00133966689464, 0.000722318305634, 0.000346262211679, 0.000151733896928, 0.000203720948775, 0.000308337563183, 0.000377136137104, 0.000220174581045, 0.000243133181357, 0.000509769481141, 0.000262696528807, 0.000198497829842, 0.000140156509588, 0.000120697746752, 8.01892383606e-05, 6.48704517516e-05, 6.61089870846e-05, 4.05318569392e-05, 5.04532326886e-05, 8.80953812157e-05, 3.48950452462e-05, 2.76135288004e-05, 2.70476703008e-05, 2.164360194e-05, 2.48115593422e-05, 1.0382866094e-05, 7.21938795323e-06, 5.07618506163e-06, 3.24759889736e-06, 4.25468851972e-06, 3.38703034686e-06, 2.68575377049e-06, 2.54939641309e-06, 2.46560352934e-06, 2.02220030587e-06, 1.59056764915e-06, 1.12162035748e-06, 9.55538666858e-07],
        "median": [0.00032467028359, 0.00123791978694, 0.000920480990317, 0.000454622320831, 0.0002216353314, 0.000109815860924, 0.000138604285894, 0.000179482362, 0.000162259093486, 9.22890103539e-05, 7.48764505261e-05, 0.000267770054052, 0.000146362770465, 0.000110080480226, 8.74691686477e-05, 6.89541993779e-05, 3.95674942411e-05, 4.34302273788e-05, 4.31246007793e-05, 3.26445224346e-05, 4.25242615165e-05, 7.10791136953e-05, 2.96184807667e-05, 2.19277862925e-05, 2.13853982132e-05, 1.6389254597e-05, 1.68629067048e-05, 8.52313769428e-06, 5.52586425329e-06, 3.40806946042e-06, 2.18323407353e-06, 2.52955828728e-06, 1.58176499099e-06, 1.00599265807e-06, 7.67996255036e-07, 6.88688658101e-07, 6.35907269952e-07, 6.02821444318e-07, 3.9432018184e-07, 2.85329235794e-07],
        "min": [2.31392914429e-06, 1.84538057511e-05, 2.10296147998e-05, 2.2781363441e-05, 1.93654032046e-05, 8.73376666277e-06, 1.86767522337e-06, 7.877743883e-06, 5.31547266291e-06, 4.23189931098e-06, 3.03813430946e-06, 5.78412846153e-06, 6.16508896201e-06, 3.06477204504e-06, 4.79329082737e-06, 3.04286368191e-06, 1.18623245271e-06, 2.60477850134e-06, 2.09783775063e-06, 1.65178153111e-06, 7.37013306207e-06, 8.23799473437e-06, 3.32744866682e-06, 2.5957001526e-06, 1.16236731174e-06, 1.02031970073e-06, 8.96140534223e-07, 5.43491523786e-07, 3.02852697587e-07, 3.17998456012e-07, 1.76615955638e-07, 2.08236556887e-07, 5.94469824478e-08, 5.86255524126e-08, 3.28604983224e-08, 2.87572756719e-08, 3.21333502029e-08, 1.47801815231e-08, 1.0984966714e-08, 6.99093494205e-09],
