{
"highlevel": {
    "danceability": {
        "all": {
            "danceable": 0.052021112293,
            "not_danceable": 0.947978913784
        },
        "probability": 0.947978913784,
        "value": "not_danceable"
    },
    "gender": {
        "all": {
            "female": 0.0353798344731,
            "male": 0.964620172977
        },
        "probability": 0.964620172977,
        "value": "male"
    },
    "genre_dortmund": {
        "all": {
            "alternative": 0.0371182896197,
            "blues": 0.0934071913362,
            "electronic": 0.00385728455149,
            "folkcountry": 0.202638998628,
            "funksoulrnb": 0.0353718698025,
            "jazz": 0.0407657809556,
            "pop": 0.179685086012,
            "raphiphop": 0.00172306038439,
            "rock": 0.40543243289
        },
        "probability": 0.40543243289,
        "value": "rock"
    },
    "genre_electronic": {
        "all": {
            "ambient": 0.268852680922,
            "dnb": 0.415797263384,
            "house": 0.236817047,
            "techno": 0.0126949520782,
            "trance": 0.0658380389214
        },
        "probability": 0.415797263384,
        "value": "dnb"
    },
    "genre_rosamerica": {
        "all": {
            "cla": 0.00601333333179,
            "dan": 0.0105621190742,
            "hip": 0.00705380970612,
            "jaz": 0.00429594935849,
            "pop": 0.50784945488,
            "rhy": 0.0850591063499,
            "roc": 0.377406477928,
            "spe": 0.00175975589082
        },
        "probability": 0.50784945488,
        "value": "pop"
    },
    "genre_tzanetakis": {
        "all": {
            "blu": 0.0626613423228,
            "cla": 0.0348169617355,
            "cou": 0.104475811124,
            "dis": 0.0784321576357,
            "hip": 0.15692435205,
            "jaz": 0.313974827528,
            "met": 0.0448166541755,
            "pop": 0.0627359300852,
            "reg": 0.0627360641956,
            "roc": 0.0784258767962
        },
        "probability": 0.313974827528,
        "value": "jaz"
    },
    "ismir04_rhythm": {
        "all": {
            "ChaChaCha": 0.00716688623652,
            "Jive": 0.866819798946,
            "Quickstep": 0.03768196702,
            "Rumba-American": 0.00238181138411,
            "Rumba-International": 0.030389809981,
            "Rumba-Misc": 0.00215751724318,
            "Samba": 0.0377097353339,
            "Tango": 0.000728502112906,
            "VienneseWaltz": 0.012040364556,
            "Waltz": 0.00292358826846
        },
        "probability": 0.866819798946,
        "value": "Jive"
    },
    "mood_acoustic": {
        "all": {
            "acoustic": 0.12878215313,
            "not_acoustic": 0.87121784687
        },
        "probability": 0.87121784687,
        "value": "not_acoustic"
    },
    "mood_aggressive": {
        "all": {
            "aggressive": 0.194409146905,
            "not_aggressive": 0.805590867996
        },
        "probability": 0.805590867996,
        "value": "not_aggressive"
    },
    "mood_electronic": {
        "all": {
            "electronic": 0.0669701248407,
            "not_electronic": 0.93302989006
        },
        "probability": 0.93302989006,
        "value": "not_electronic"
    },
    "mood_happy": {
        "all": {
            "happy": 0.841788887978,
            "not_happy": 0.158211141825
        },
        "probability": 0.841788887978,
        "value": "happy"
    },
    "mood_party": {
        "all": {
            "not_party": 0.555871486664,
            "party": 0.444128543139
        },
        "probability": 0.555871486664,
        "value": "not_party"
    },
    "mood_relaxed": {
        "all": {
            "not_relaxed": 0.936660349369,
            "relaxed": 0.063339650631
        },
        "probability": 0.936660349369,
        "value": "not_relaxed"
    },
    "mood_sad": {
        "all": {
            "not_sad": 0.633870601654,
            "sad": 0.366129398346
        },
        "probability": 0.633870601654,
        "value": "not_sad"
    },
    "moods_mirex": {
        "all": {
            "Cluster1": 0.401997953653,
            "Cluster2": 0.377668887377,
            "Cluster3": 0.0698677226901,
            "Cluster4": 0.0973749384284,
            "Cluster5": 0.0530904978514
        },
        "probability": 0.401997953653,
        "value": "Cluster1"
    },
    "timbre": {
        "all": {
            "bright": 0.992886066437,
            "dark": 0.00711394287646
        },
        "probability": 0.992886066437,
        "value": "bright"
    },
    "tonal_atonal": {
        "all": {
            "atonal": 0.0282847471535,
            "tonal": 0.971715271473
        },
        "probability": 0.971715271473,
        "value": "tonal"
    },
    "voice_instrumental": {
        "all": {
            "instrumental": 2.84558664134e-05,
            "voice": 0.999971568584
        },
        "probability": 0.999971568584,
        "value": "voice"
    }
},
"lowlevel": {
    "average_loudness": 0.96555095911,
    "barkbands_crest": {
        "dmean": 2.41865634918,
        "dmean2": 4.03772640228,
        "dvar": 5.25165081024,
        "dvar2": 14.1393404007,
        "max": 22.9406147003,
        "mean": 8.16594219208,
        "median": 7.34781742096,
        "min": 2.1346180439,
        "var": 12.1451835632
    },
    "barkbands_flatness_db": {
        "dmean": 0.0215952135623,
        "dmean2": 0.0342503674328,
        "dvar": 0.000399383134209,
        "dvar2": 0.000933570321649,
        "max": 0.27821713686,
        "mean": 0.123491279781,
        "median": 0.117304846644,
        "min": 0.0428498908877,
        "var": 0.0012441999279
    },
    "barkbands_kurtosis": {
        "dmean": 2.00474762917,
        "dmean2": 3.30582070351,
        "dvar": 13.2532558441,
        "dvar2": 35.3395805359,
        "max": 46.5622787476,
        "mean": 2.16221880913,
        "median": 0.441475391388,
        "min": -1.86910116673,
        "var": 22.0022697449
    },
    "barkbands_skewness": {
        "dmean": 0.518234729767,
        "dmean2": 0.817894637585,
        "dvar": 0.34428820014,
        "dvar2": 0.845153093338,
        "max": 6.48437738419,
        "mean": 1.29302763939,
        "median": 1.0292853117,
        "min": -1.23979783058,
        "var": 0.977960288525
    },
    "barkbands_spread": {
        "dmean": 7.15572309494,
        "dmean2": 11.2837610245,
        "dvar": 69.8559799194,
        "dvar2": 166.688201904,
        "max": 105.576972961,
        "mean": 29.2246570587,
        "median": 27.348608017,
        "min": 3.75822949409,
        "var": 189.628799438
    },
    "dissonance": {
        "dmean": 0.0145984403789,
        "dmean2": 0.0243830196559,
        "dvar": 0.000213483901462,
        "dvar2": 0.000579157669563,
        "max": 0.500000119209,
        "mean": 0.47063100338,
        "median": 0.47607511282,
        "min": 0.341957360506,
        "var": 0.000436405854998
    },
    "dynamic_complexity": 2.37016987801,
    "erbbands_crest": {
        "dmean": 2.30579853058,
        "dmean2": 3.6828558445,
        "dvar": 5.41825580597,
        "dvar2": 13.7152147293,
        "max": 28.4935016632,
        "mean": 8.18997955322,
        "median": 7.17955064774,
        "min": 2.48954987526,
        "var": 15.7766561508
    },
    "erbbands_flatness_db": {
        "dmean": 0.0181524120271,
        "dmean2": 0.0257347933948,
        "dvar": 0.000258935469901,
        "dvar2": 0.000509839504957,
        "max": 0.283337503672,
        "mean": 0.140393212438,
        "median": 0.138565972447,
        "min": 0.0588647685945,
        "var": 0.00120248948224
    },
    "erbbands_kurtosis": {
        "dmean": 0.623105466366,
        "dmean2": 0.988947868347,
        "dvar": 0.688143730164,
        "dvar2": 1.69442844391,
        "max": 7.5140619278,
        "mean": -0.279267966747,
        "median": -0.532461166382,
        "min": -1.75411999226,
        "var": 1.252815485
    },
    "erbbands_skewness": {
        "dmean": 0.312981635332,
        "dmean2": 0.474131792784,
        "dvar": 0.109211236238,
        "dvar2": 0.253913342953,
        "max": 2.09782290459,
        "mean": 0.0792517140508,
        "median": 0.0981411859393,
        "min": -2.73863577843,
        "var": 0.377666264772
    },
    "erbbands_spread": {
        "dmean": 9.22909832001,
        "dmean2": 14.274720192,
        "dvar": 86.3135223389,
        "dvar2": 199.251083374,
        "max": 104.550018311,
        "mean": 47.3356437683,
        "median": 45.5707855225,
        "min": 9.36583328247,
        "var": 313.339263916
    },
    "hfc": {
        "dmean": 9.8358373642,
        "dmean2": 13.6120300293,
        "dvar": 174.489425659,
        "dvar2": 349.602355957,
        "max": 171.420852661,
        "mean": 28.4058876038,
        "median": 26.5679969788,
        "min": 0.0221408717334,
        "var": 487.305450439
    },
    "melbands_crest": {
        "dmean": 2.953966856,
        "dmean2": 4.95211029053,
        "dvar": 7.96098947525,
        "dvar2": 21.7959423065,
        "max": 31.2519340515,
        "mean": 11.0925788879,
        "median": 10.2113990784,
        "min": 4.17736625671,
        "var": 17.9460639954
    },
    "melbands_flatness_db": {
        "dmean": 0.027353387326,
        "dmean2": 0.0420686155558,
        "dvar": 0.000755598419346,
        "dvar2": 0.00170849903952,
        "max": 0.344188302755,
        "mean": 0.162895202637,
        "median": 0.154775202274,
        "min": 0.0488190539181,
        "var": 0.00257902103476
    },
    "melbands_kurtosis": {
        "dmean": 6.08215236664,
        "dmean2": 10.0886573792,
        "dvar": 106.239608765,
        "dvar2": 288.70803833,
        "max": 141.822463989,
        "mean": 10.9083347321,
        "median": 5.33768939972,
        "min": -1.16636967659,
        "var": 190.045700073
    },
    "melbands_skewness": {
        "dmean": 0.731634616852,
        "dmean2": 1.16808784008,
        "dvar": 0.665609180927,
        "dvar2": 1.63303887844,
        "max": 9.89775466919,
        "mean": 2.55397462845,
        "median": 2.21090269089,
        "min": -0.419177979231,
        "var": 2.09444856644
    },
    "melbands_spread": {
        "dmean": 10.0938987732,
        "dmean2": 15.7462205887,
        "dvar": 171.218093872,
        "dvar2": 411.149536133,
        "max": 198.280899048,
        "mean": 30.8731517792,
        "median": 28.8279037476,
        "min": 2.90445017815,
        "var": 373.639343262
    },
    "pitch_salience": {
        "dmean": 0.0640922263265,
        "dmean2": 0.106682300568,
        "dvar": 0.00355483382009,
        "dvar2": 0.0101836537942,
        "max": 0.80526894331,
        "mean": 0.622780025005,
        "median": 0.633060514927,
        "min": 0.261889338493,
        "var": 0.00717628700659
    },
    "silence_rate_20dB": {
        "dmean": 0,
        "dmean2": 0,
        "dvar": 0,
        "dvar2": 0,
        "max": 1,
        "mean": 1,
        "median": 1,
        "min": 1,
        "var": 0
    },
    "silence_rate_30dB": {
        "dmean": 0,
        "dmean2": 0,
        "dvar": 0,
        "dvar2": 0,
        "max": 1,
        "mean": 1,
        "median": 1,
        "min": 1,
        "var": 0
    },
    "silence_rate_60dB": {
        "dmean": 0.00928792543709,
        "dmean2": 0.018590239808,
        "dvar": 0.00920163467526,
        "dvar2": 0.0197935178876,
        "max": 1,
        "mean": 0.0317092016339,
        "median": 0,
        "min": 0,
        "var": 0.0307037718594
    },
    "spectral_centroid": {
        "dmean": 324.670318604,
        "dmean2": 498.056976318,
        "dvar": 111299.007812,
        "dvar2": 261823.921875,
        "max": 4011.82617188,
        "mean": 1650.60168457,
        "median": 1658.17407227,
        "min": 366.130615234,
        "var": 333046.0625
    },
    "spectral_complexity": {
        "dmean": 5.3568110466,
        "dmean2": 7.595662117,
        "dvar": 30.2945327759,
        "dvar2": 57.148853302,
        "max": 54,
        "mean": 22.7726211548,
        "median": 23,
        "min": 0,
        "var": 111.904960632
    },
    "spectral_decrease": {
        "dmean": 2.10212358631e-09,
        "dmean2": 3.18959481049e-09,
        "dvar": 7.16139059943e-18,
        "dvar2": 1.75227939186e-17,
        "max": -1.13021658005e-11,
        "mean": -6.11883255175e-09,
        "median": -5.70430724878e-09,
        "min": -2.0389528288e-08,
        "var": 1.3220532427e-17
    },
    "spectral_energy": {
        "dmean": 0.00852915458381,
        "dmean2": 0.0126393465325,
        "dvar": 0.000110160239274,
        "dvar2": 0.000260599976173,
        "max": 0.0797697380185,
        "mean": 0.0256703570485,
        "median": 0.0244086198509,
        "min": 4.6955421567e-05,
        "var": 0.000227372409427
    },
    "spectral_energyband_high": {
        "dmean": 0.000772891042288,
        "dmean2": 0.00111197785009,
        "dvar": 2.07750622394e-06,
        "dvar2": 4.64792219645e-06,
        "max": 0.0223464891315,
        "mean": 0.00155636994168,
        "median": 0.000853638688568,
        "min": 7.66527534779e-07,
        "var": 4.40260510004e-06
    },
    "spectral_energyband_low": {
        "dmean": 0.00327577348799,
        "dmean2": 0.00581947155297,
        "dvar": 5.64181391383e-05,
        "dvar2": 0.000158391834702,
        "max": 0.0592853203416,
        "mean": 0.00535182701424,
        "median": 0.0044196145609,
        "min": 4.76452669318e-06,
        "var": 4.02787482017e-05
    },
    "spectral_energyband_middle_high": {
        "dmean": 0.00257217464969,
        "dmean2": 0.00364136788994,
        "dvar": 1.32073982968e-05,
        "dvar2": 2.52776826528e-05,
        "max": 0.0463127754629,
        "mean": 0.00736010447145,
        "median": 0.00640294328332,
        "min": 3.77079072678e-06,
        "var": 4.27501909144e-05
    },
    "spectral_energyband_middle_low": {
        "dmean": 0.00515871727839,
        "dmean2": 0.00794461369514,
        "dvar": 4.78464571643e-05,
        "dvar2": 0.000113318448712,
        "max": 0.0633243024349,
        "mean": 0.0123871508986,
        "median": 0.0106869200245,
        "min": 2.91518954327e-05,
        "var": 7.75762891863e-05
    },
    "spectral_entropy": {
        "dmean": 0.163168936968,
        "dmean2": 0.242745995522,
        "dvar": 0.0232200939208,
        "dvar2": 0.0498861037195,
        "max": 8.72210407257,
        "mean": 7.70465898514,
        "median": 7.72659921646,
        "min": 6.58242034912,
        "var": 0.0937699452043
    },
    "spectral_flux": {
        "dmean": 0.0280687734485,
        "dmean2": 0.0408998690546,
        "dvar": 0.000749638711568,
        "dvar2": 0.00142196298111,
        "max": 0.257377356291,
        "mean": 0.0893517658114,
        "median": 0.0819019377232,
        "min": 0.00381760904565,
        "var": 0.00208176695742
    },
    "spectral_kurtosis": {
        "dmean": 1.10011303425,
        "dmean2": 1.8191536665,
        "dvar": 1.45171773434,
        "dvar2": 3.6841044426,
        "max": 17.8568592072,
        "mean": 3.19580578804,
        "median": 2.90702199936,
        "min": -1.33263468742,
        "var": 3.67014241219
    },
    "spectral_rms": {
        "dmean": 0.000802058551926,
        "dmean2": 0.0011419269722,
        "dvar": 7.61105980018e-07,
        "dvar2": 1.65997107615e-06,
        "max": 0.00882179941982,
        "mean": 0.0047587803565,
        "median": 0.00487988581881,
        "min": 0.000214033105294,
        "var": 2.39826590587e-06
    },
    "spectral_rolloff": {
        "dmean": 732.713439941,
        "dmean2": 1227.97668457,
        "dvar": 1159936,
        "dvar2": 2885479,
        "max": 10594.3359375,
        "mean": 1909.3092041,
        "median": 1528.85742188,
        "min": 172.265625,
        "var": 2268237
    },
    "spectral_skewness": {
        "dmean": 0.187998890877,
        "dmean2": 0.301343291998,
        "dvar": 0.0312155280262,
        "dvar2": 0.0743097290397,
        "max": 2.89799356461,
        "mean": 1.26893699169,
        "median": 1.27242302895,
        "min": 0.132609158754,
        "var": 0.103394567966
    },
    "spectral_spread": {
        "dmean": 590431.875,
        "dmean2": 866022.125,
        "dvar": 528124018688,
        "dvar2": 1.11871865651e+12,
        "max": 14380585,
        "mean": 4758402,
        "median": 4629782.5,
        "min": 1786930,
        "var": 1.4930551767e+12
    },
    "spectral_strongpeak": {
        "dmean": 0.675229251385,
        "dmean2": 1.13946318626,
        "dvar": 1.0333315134,
        "dvar2": 2.45264196396,
        "max": 8.08311462402,
        "mean": 1.10281741619,
        "median": 0.568152248859,
        "min": 0.0128750307485,
        "var": 1.92346978188
    },
    "zerocrossingrate": {
        "dmean": 0.0131650753319,
        "dmean2": 0.0163296218961,
        "dvar": 0.000187171142898,
        "dvar2": 0.000250480661634,
        "max": 0.33935546875,
        "mean": 0.0751756727695,
        "median": 0.06982421875,
        "min": 0.01611328125,
        "var": 0.00109808973502
    },
    "barkbands": {
        "dmean": [9.90059343167e-05, 0.00103437749203, 0.00198012008332, 0.0013189050369, 0.0031454807613, 0.0011133357184, 0.000698000600096, 0.000605869863648, 0.000727663864382, 0.000552408630028, 0.000424082332756, 0.000590363051742, 0.000616598583292, 0.000460276613012, 0.000403140293201, 0.000290431577014, 0.000271435943432, 0.000272648438113, 0.000361326819984, 0.000332385476213, 0.000172480285983, 0.000146944687003, 0.000156872963998, 0.000156989190145, 0.000103366575786, 6.38998608338e-05, 4.87207163502e-09],
        "dmean2": [0.000168372047483, 0.0017699416494, 0.00361271179281, 0.00227590510622, 0.00518029229715, 0.00179135717917, 0.001127797761, 0.00100124336313, 0.00111061928328, 0.00079244223889, 0.000635047908872, 0.000874721561559, 0.000998477567919, 0.000683705264237, 0.000651356822345, 0.000461629853817, 0.000426767073805, 0.000419577816501, 0.000562560220715, 0.000512958038598, 0.000259902619291, 0.000209497535252, 0.000230293022469, 0.000232680467889, 0.000167528472957, 0.00010217657109, 8.02650479415e-09],
        "dvar": [2.6000966713e-08, 3.1225984003e-06, 2.5109944545e-05, 3.91956018575e-06, 2.50965604209e-05, 3.39330949828e-06, 2.46849435825e-06, 2.14588317249e-06, 2.76245282294e-06, 1.32449781631e-06, 2.60701881416e-06, 3.51126550413e-06, 2.83052509076e-06, 9.91541128315e-07, 6.79588652019e-07, 3.62298436585e-07, 2.64598611466e-07, 1.96109496642e-07, 4.52866686373e-07, 3.90460002109e-07, 1.84397450198e-07, 4.97917724829e-08, 9.75266303271e-08, 2.52442305282e-07, 8.17922227725e-08, 1.66263358636e-08, 2.02654263169e-15],
        "dvar2": [6.87492658358e-08, 8.93636206456e-06, 7.11187240086e-05, 1.04943364931e-05, 6.4374464273e-05, 8.24920334708e-06, 5.64494393984e-06, 5.41398640053e-06, 5.89458659306e-06, 2.64415211859e-06, 5.66693188375e-06, 7.54283291826e-06, 7.3880578384e-06, 2.0845650397e-06, 1.55550026193e-06, 7.21680919469e-07, 6.06238813816e-07, 3.90518295035e-07, 1.04602247575e-06, 9.45659849094e-07, 4.36365468204e-07, 1.08725679127e-07, 2.33908679093e-07, 5.07944491801e-07, 2.01766468422e-07, 4.48122712271e-08, 2.78334793534e-15],
        "max": [0.00230216328055, 0.0185889713466, 0.0405989736319, 0.0150826312602, 0.0438720285892, 0.0222758091986, 0.0336645320058, 0.0171198062599, 0.0299992337823, 0.0176985505968, 0.0430660545826, 0.0367415882647, 0.0296833030879, 0.0150908958167, 0.0147139374167, 0.00764669338241, 0.00916633475572, 0.00732675287873, 0.0122664496303, 0.00856180023402, 0.00941607262939, 0.0026515040081, 0.00413301587105, 0.0114688808098, 0.00567524973303, 0.00138920231257, 1.44610555708e-06],
        "mean": [0.00012128760136, 0.00212995498441, 0.0022764687892, 0.00170558341779, 0.00518763065338, 0.00185474334285, 0.001147397561, 0.000755606393795, 0.00137576821726, 0.00124945724383, 0.000729256018531, 0.000898284895811, 0.000924102554563, 0.000741807045415, 0.000556093233172, 0.000449162762379, 0.000411409186199, 0.000581146101467, 0.000717393297236, 0.000555093924049, 0.000299089384498, 0.000278924562735, 0.000287200935418, 0.000225659794523, 0.00013833931007, 7.35268040444e-05, 3.59891982882e-09],
        "median": [6.44499086775e-05, 0.00198600906879, 0.00142176426016, 0.00113508617505, 0.0033966852352, 0.00114301778376, 0.000617660407443, 0.00025299238041, 0.000411965738749, 0.000237545769778, 0.000106175721157, 0.000225443902309, 0.000143080047565, 0.000159536255524, 0.00020437889907, 0.000146746591781, 0.000187542726053, 0.000383773556678, 0.000471514737001, 0.000285789021291, 0.000140304997331, 0.000152272870764, 0.000123471632833, 8.27911644592e-05, 5.21129732078e-05, 1.65352957993e-05, 3.77209430358e-10],
        "min": [1.56239980953e-08, 1.15291612701e-07, 1.88847280924e-07, 6.97596988175e-07, 6.81165192873e-06, 2.85855116999e-06, 2.185964604e-06, 8.89846603513e-07, 3.97652456741e-07, 7.42463726056e-07, 3.28609672806e-07, 5.43576106793e-07, 1.05480125967e-07, 1.72065426796e-07, 1.18300746976e-07, 1.43515762829e-07, 1.49234367086e-07, 1.3488283912e-07, 1.46488901009e-07, 1.92255541265e-07, 1.21610526094e-07, 1.31548802074e-07, 1.12678783637e-07, 5.60344339817e-08, 1.18179173045e-11, 6.2788906019e-12, 7.7078812083e-12],
        "var": [2.7599904584e-08, 3.17667672789e-06, 1.60081017384e-05, 3.72273211724e-06, 3.09896531689e-05, 5.2050463637e-06, 3.37912024406e-06, 2.4145763291e-06, 5.44669001101e-06, 5.51514585823e-06, 4.90109277962e-06, 7.07857680027e-06, 4.12868712374e-06, 2.30980936067e-06, 1.12925738449e-06, 8.55394830523e-07, 4.12936770999e-07, 4.19826790221e-07, 7.76682952619e-07, 6.84003282458e-07, 2.71894492698e-07, 1.19542718835e-07, 1.92683344835e-07, 3.9065471924e-07, 1.18365043988e-07, 2.01611829453e-08, 1.86082677655e-15]
    },
    "erbbands": {
        "dmean": [0.0308720786124, 0.271445572376, 1.76322078705, 3.69434952736, 9.46619415283, 10.7583961487, 8.07574462891, 9.79436016083, 8.92019844055, 11.3174743652, 14.600112915, 16.7287731171, 14.6930265427, 17.6541614532, 18.0189361572, 24.2580051422, 27.2823905945, 24.1423778534, 17.9306545258, 20.4206905365, 13.5929021835, 14.9999837875, 15.3762264252, 14.6246299744, 19.847776413, 13.4020519257, 10.1244487762, 4.66344976425, 5.33092784882, 5.15085458755, 4.24666070938, 3.88183832169, 2.23106718063, 1.3592697382, 0.611163973808, 0.314272910357, 0.120065562427, 0.0114007797092, 0.000203504168894, 1.73047592398e-05],
        "dmean2": [0.0516389086843, 0.475886821747, 3.19725227356, 6.49968290329, 15.8503723145, 18.1494731903, 13.0912504196, 15.8352355957, 14.2389268875, 18.3617553711, 23.8314571381, 25.6382045746, 19.9876403809, 25.6885166168, 25.914068222, 36.0986633301, 42.8883857727, 35.6921806335, 26.5747451782, 33.8145103455, 21.0092201233, 23.0920372009, 23.1036567688, 22.2146148682, 30.175693512, 20.283323288, 15.6440076828, 6.77629375458, 7.53310012817, 7.4497294426, 6.30999517441, 5.57112503052, 3.47421193123, 2.17698049545, 0.99568271637, 0.515945851803, 0.195734515786, 0.0182476714253, 0.000319499289617, 2.47742391366e-05],
        "dvar": [0.00176859193016, 0.303063333035, 19.3966903687, 49.8530464172, 329.009765625, 270.614990234, 133.864044189, 336.419952393, 318.078704834, 583.593383789, 1538.63049316, 1658.14685059, 947.348754883, 2431.84936523, 5100.61865234, 7295.83056641, 5526.34033203, 2687.26342773, 1201.6270752, 2158.17651367, 661.985900879, 897.303222656, 604.329040527, 876.114074707, 977.38873291, 660.881164551, 962.157043457, 58.0247077942, 70.1279678345, 80.699432373, 68.8014602661, 125.697425842, 65.4937438965, 15.1842441559, 2.41387438774, 0.52739828825, 0.0521198064089, 0.000532889447641, 1.56096390924e-07, 5.44182199302e-10],
        "dvar2": [0.00475157937035, 0.886805832386, 55.3981246948, 135.641357422, 816.841491699, 726.611633301, 347.044799805, 832.864624023, 657.290588379, 1519.1940918, 3906.5324707, 3678.06811523, 1561.38928223, 5669.57177734, 10623.2978516, 15777.1230469, 13989.8203125, 5817.0234375, 2399.64770508, 5393.81005859, 1418.68054199, 2046.76000977, 1190.65637207, 2152.79663086, 2207.01025391, 1531.69689941, 2226.20019531, 128.656951904, 149.432052612, 187.317459106, 160.352310181, 250.135025024, 142.485244751, 35.6279563904, 6.30523347855, 1.44666278362, 0.139202207327, 0.00131460675038, 3.88488615499e-07, 1.17671650202e-09],
        "max": [0.366720288992, 5.07646274567, 36.7283821106, 57.8868522644, 155.410842896, 217.243347168, 140.830062866, 246.201950073, 427.74609375, 252.614196777, 491.983886719, 770.051208496, 553.62701416, 751.865600586, 1981.5892334, 1848.17297363, 1227.57226562, 779.456726074, 550.015197754, 663.984313965, 411.11730957, 583.639892578, 403.189208984, 680.472961426, 455.604888916, 392.254516602, 694.976867676, 107.258666992, 90.7809295654, 112.390411377, 112.373390198, 287.764923096, 174.92616272, 81.7294235229, 30.5025043488, 10.2926244736, 2.2117395401, 0.244111716747, 0.00427199946716, 0.000237840009504],
        "mean": [0.066647991538, 0.481033325195, 2.21845269203, 4.68124437332, 12.3110513687, 18.4775428772, 14.1766529083, 15.6315164566, 16.7757263184, 15.5338525772, 19.7027931213, 29.8128890991, 35.074508667, 41.3098297119, 32.6040916443, 38.0235061646, 45.0049591064, 42.6086387634, 31.1806697845, 28.2779579163, 21.8292789459, 24.1978359222, 31.8348865509, 31.4331703186, 38.5182037354, 24.1241912842, 17.2572975159, 8.94375705719, 10.1100025177, 9.54899120331, 7.83527421951, 6.06162452698, 2.92492008209, 1.88464021683, 0.752888679504, 0.361361473799, 0.133320271969, 0.0117049738765, 0.000235787767451, 4.4363867346e-05],
        "median": [0.0688726454973, 0.411152988672, 1.54343795776, 3.02321338654, 7.18788480759, 11.5192193985, 9.61940097809, 8.70680618286, 8.98543453217, 8.37439918518, 8.17980003357, 9.96445465088, 9.36639308929, 7.14682674408, 7.37753915787, 9.30721187592, 7.99043655396, 8.78415870667, 10.3470573425, 10.4974727631, 8.57699584961, 11.4178743362, 20.4603385925, 22.4213867188, 25.7972755432, 13.7082614899, 6.77790927887, 5.13247823715, 5.71654415131, 4.01888132095, 3.42487502098, 2.38205885887, 1.00228011608, 0.747813880444, 0.23274564743, 0.094625018537, 0.0289209987968, 0.00165933498647, 5.77445534873e-05, 3.7773144868e-05],
        "min": [9.91898104985e-06, 6.96381539456e-05, 0.00112271402031, 0.00305756577291, 0.0139158768579, 0.0281299185008, 0.0300072468817, 0.0212386604398, 0.0355271920562, 0.00976081006229, 0.0187699776143, 0.0140664642677, 0.0331722535193, 0.0135488780215, 0.0144315771759, 0.0184772480279, 0.00840689893812, 0.00816951412708, 0.00482226489112, 0.00697262398899, 0.0087682902813, 0.00750848930329, 0.00837159808725, 0.00574030773714, 0.00811783596873, 0.00924358889461, 0.00950561836362, 0.00664338842034, 0.00484750047326, 0.00388236995786, 0.00286117638461, 0.00137182371691, 0.000511510181241, 0.00024544284679, 1.46664278873e-05, 6.31837281162e-07, 1.39374577657e-07, 2.6846947776e-08, 3.91761467711e-08, 5.66221274312e-08],
        "var": [0.00255785044283, 0.238037869334, 12.3463401794, 38.6303825378, 310.207550049, 429.201385498, 236.154296875, 479.807220459, 584.065979004, 588.526428223, 1683.00732422, 2486.8371582, 4235.17578125, 6544.82666016, 7975.99072266, 13291.0351562, 8556.01855469, 6562.93945312, 3716.62524414, 2983.92480469, 1583.88623047, 1423.97473145, 1368.40637207, 1297.03320312, 1963.1817627, 1314.5020752, 1456.41723633, 118.767242432, 159.690597534, 185.648773193, 143.045028687, 208.38583374, 89.318939209, 23.6229152679, 3.18002915382, 0.574970245361, 0.0642688721418, 0.000643461942673, 2.01198517402e-07, 1.18270104821e-09]
    },
    "gfcc": {
        "mean": [24.9750041962, 81.3670425415, -117.517173767, 44.9529876709, -64.1883926392, 11.4231758118, -43.6276435852, 9.02048397064, -33.0935974121, -0.3088504076, -15.529250145, -0.333027392626, -14.8861618042],
        "cov": [[4382.20654297, -1097.57324219, -78.0448455811, -166.764663696, -96.3924179077, 304.408935547, 62.6147499084, 145.777053833, -50.6286811829, 279.751098633, -133.208724976, 112.21182251, -192.254180908], [-1097.57324219, 1003.69207764, -120.820930481, 111.052871704, 146.934555054, -65.0638275146, 241.287246704, -14.369559288, 69.1717224121, -123.886184692, 156.437728882, -63.8261413574, 130.999359131], [-78.0448455811, -120.820930481, 501.871948242, 108.154724121, 113.339950562, 19.6320972443, -53.8332519531, 62.823348999, -10.2292337418, 97.927406311, -63.4811286926, 81.4709243774, 1.32421112061], [-166.764663696, 111.052871704, 108.154724121, 388.017700195, 67.8185195923, -7.70765018463, -81.5991592407, -20.5080566406, 166.378295898, 1.11400568485, 36.7820396423, -35.2817382812, 94.4558105469], [-96.3924179077, 146.934555054, 113.339950562, 67.8185195923, 240.401779175, -23.779668808, -8.06973552704, 65.6807250977, 33.1114273071, 35.9461517334, 4.60272979736, 21.8857765198, 7.25479745865], [304.408935547, -65.0638275146, 19.6320972443, -7.70765018463, -23.779668808, 188.358932495, 74.5448455811, 12.3015613556, 7.3198723793, 28.2697696686, 14.4342164993, 0.482136011124, -12.1456232071], [62.6147499084, 241.287246704, -53.8332519531, -81.5991592407, -8.06973552704, 74.5448455811, 292.183990479, 42.8158874512, -70.9532012939, -17.947889328, 19.3300495148, 14.7310857773, 17.5292510986], [145.777053833, -14.369559288, 62.823348999, -20.5080566406, 65.6807250977, 12.3015613556, 42.8158874512, 142.713378906, -0.00757099315524, 19.4612083435, -16.7033557892, 28.7600975037, 1.28142559528], [-50.6286811829, 69.1717224121, -10.2292337418, 166.378295898, 33.1114273071, 7.3198723793, -70.9532012939, -0.00757099315524, 192.595672607, 7.5767159462, 33.5694046021, -23.8211250305, 30.5786151886], [279.751098633, -123.886184692, 97.927406311, 1.11400568485, 35.9461517334, 28.2697696686, -17.947889328, 19.4612083435, 7.5767159462, 119.64957428, -20.8996753693, 20.0863170624, -16.6426277161], [-133.208724976, 156.437728882, -63.4811286926, 36.7820396423, 4.60272979736, 14.4342164993, 19.3300495148, -16.7033557892, 33.5694046021, -20.8996753693, 113.477043152, -0.469633460045, 7.36338186264], [112.21182251, -63.8261413574, 81.4709243774, -35.2817382812, 21.8857765198, 0.482136011124, 14.7310857773, 28.7600975037, -23.8211250305, 20.0863170624, -0.469633460045, 94.0428771973, -9.59716129303], [-192.254180908, 130.999359131, 1.32421112061, 94.4558105469, 7.25479745865, -12.1456232071, 17.5292510986, 1.28142559528, 30.5786151886, -16.6426277161, 7.36338186264, -9.59716129303, 115.418190002]],
        "icov": [[0.000474638334708, 0.00055414356757, 0.000524661387317, -0.00032121577533, -0.000145292535308, -0.000327694433508, -0.000486411299789, -0.000276825361652, -1.1016886674e-06, -0.000739332812373, 0.000122076191474, -0.000377563963411, 0.000324616674334], [0.00055414356757, 0.00536016002297, -0.000786610064097, 0.00129808625206, -0.00365380407311, 0.0026115339715, -0.00555344298482, 0.00198893318884, -0.00270849606022, 0.00243284623139, -0.00507342908531, 0.00368720665574, -0.0031895369757], [0.000524661387317, -0.000786610064097, 0.00500320922583, -0.00311882258393, 1.24253638205e-05, -0.00202358025126, 0.00167504523415, -0.0017547236057, 0.00268486724235, -0.00356688443571, 0.0036252476275, -0.00472220778465, 0.0019634871278], [-0.00032121577533, 0.00129808625206, -0.00311882258393, 0.007578458637, -0.00194578513037, 0.00134616566356, -0.00105661060661, 0.00247274059802, -0.00550169544294, 0.00258355913684, -0.00344630680047, 0.00415268819779, -0.00538235623389], [-0.000145292535308, -0.00365380407311, 1.24253638205e-05, -0.00194578513037, 0.00841123517603, -0.000732622283977, 0.00348487333395, -0.00403196783736, 0.0016262687277, -0.00332138268277, 0.00276438752189, -0.00286400993355, 0.00308269821107], [-0.000327694433508, 0.0026115339715, -0.00202358025126, 0.00134616566356, -0.000732622283977, 0.00909819453955, -0.00511613488197, 0.00137468520552, -0.00296010077, 0.000765561067965, -0.00448860460892, 0.0038557886146, -0.00132155965548], [-0.000486411299789, -0.00555344298482, 0.00167504523415, -0.00105661060661, 0.00348487333395, -0.00511613488197, 0.010986036621, -0.00370803987607, 0.00499470485374, -0.00211035972461, 0.00446361582726, -0.0044995485805, 0.00166714075021], [-0.000276825361652, 0.00198893318884, -0.0017547236057, 0.00247274059802, -0.00403196783736, 0.00137468520552, -0.00370803987607, 0.0109043121338, -0.00312126125209, 0.00218473491259, -0.00112674210686, 0.00077682727715, -0.0026034177281], [-1.1016886674e-06, -0.00270849606022, 0.00268486724235, -0.00550169544294, 0.0016262687277, -0.00296010077, 0.00499470485374, -0.00312126125209, 0.0118482448161, -0.00316044385545, 0.00175904028583, -0.00247862981632, 0.00249324296601], [-0.000739332812373, 0.00243284623139, -0.00356688443571, 0.00258355913684, -0.00332138268277, 0.000765561067965, -0.00211035972461, 0.00218473491259, -0.00316044385545, 0.0146203543991, -0.00255822017789, 0.00287037855014, -0.00213323929347], [0.000122076191474, -0.00507342908531, 0.0036252476275, -0.00344630680047, 0.00276438752189, -0.00448860460892, 0.00446361582726, -0.00112674210686, 0.00175904028583, -0.00255822017789, 0.0172890294343, -0.00742174545303, 0.00487391790375], [-0.000377563963411, 0.00368720665574, -0.00472220778465, 0.00415268819779, -0.00286400993355, 0.0038557886146, -0.0044995485805, 0.00077682727715, -0.00247862981632, 0.00287037855014, -0.00742174545303, 0.0186835359782, -0.00380003754981], [0.000324616674334, -0.0031895369757, 0.0019634871278, -0.00538235623389, 0.00308269821107, -0.00132155965548, 0.00166714075021, -0.0026034177281, 0.00249324296601, -0.00213323929347, 0.00487391790375, -0.00380003754981, 0.0150550538674]]
    },
    "melbands": {
        "dmean": [0.000262705900241, 0.000729577615857, 0.000757515721489, 0.000773190171458, 0.00029830209678, 0.000212228493183, 0.000137715673191, 0.000120949589473, 0.000125750055304, 0.000104794526123, 7.51809202484e-05, 7.37129157642e-05, 6.09483395237e-05, 6.43980965833e-05, 6.77454445395e-05, 5.71239070268e-05, 4.66942401545e-05, 2.92076911137e-05, 3.05836838379e-05, 2.43982558459e-05, 1.5218027329e-05, 1.5595502191e-05, 1.81863979378e-05, 1.25913138618e-05, 1.25473416119e-05, 1.57308004418e-05, 1.4099474356e-05, 8.93357992027e-06, 7.97254233476e-06, 3.9014325921e-06, 2.57221290667e-06, 3.10865493702e-06, 3.27250495502e-06, 3.04796458295e-06, 2.62533967543e-06, 2.42839541897e-06, 2.4515172754e-06, 1.66428196735e-06, 1.40169947827e-06, 1.11807639769e-06],
        "dmean2": [0.000441281532403, 0.00131714448798, 0.00130977772642, 0.00129022251349, 0.000479377718875, 0.000342143524904, 0.000221171823796, 0.00019654686912, 0.00020476966165, 0.000158861483214, 0.000102752230305, 0.000107874111563, 8.7905980763e-05, 9.72812704276e-05, 0.000105955463368, 8.94691547728e-05, 6.90724191372e-05, 4.45441255579e-05, 4.98353219882e-05, 3.88059779652e-05, 2.41874622589e-05, 2.45305946009e-05, 2.7294665415e-05, 1.93825526367e-05, 1.94103868125e-05, 2.43118138314e-05, 2.1687381377e-05, 1.39729754665e-05, 1.2236789189e-05, 6.0583515733e-06, 3.87122190659e-06, 4.48548234999e-06, 4.80169046568e-06, 4.5658430281e-06, 3.9008841668e-06, 3.64986749446e-06, 3.62635728379e-06, 2.65477228822e-06, 2.23210986405e-06, 1.79392077371e-06],
        "dvar": [1.50523945308e-07, 3.22150685861e-06, 1.53070413944e-06, 1.66743939189e-06, 1.50919774455e-07, 1.42616926269e-07, 8.77841159763e-08, 6.18468121161e-08, 1.1392472743e-07, 5.69656180005e-08, 2.43155149349e-08, 4.06487608018e-08, 5.363454747e-08, 4.68293350764e-08, 4.10803089324e-08, 2.67071538218e-08, 1.01478248027e-08, 3.92963794837e-09, 5.07316322285e-09, 3.1089169017e-09, 8.45159719987e-10, 1.14606002466e-09, 1.11813536208e-09, 3.83187287456e-10, 7.23362258981e-10, 8.5319268317e-10, 5.03847796818e-10, 4.34999980481e-10, 7.33620275639e-10, 5.43359836291e-11, 1.75429219762e-11, 2.51101257842e-11, 2.74106605469e-11, 3.68544986196e-11, 2.58790298219e-11, 3.06372809067e-11, 6.58933740905e-11, 4.27233248779e-11, 1.86958244025e-11, 9.8016698924e-12],
        "dvar2": [4.16989678342e-07, 9.2215350378e-06, 3.9992796701e-06, 4.3096151785e-06, 3.77073490654e-07, 3.4944147842e-07, 1.85090286209e-07, 1.60799899618e-07, 2.8360651072e-07, 1.2588627385e-07, 4.11604581529e-08, 9.30248233999e-08, 1.08466586823e-07, 1.03829371767e-07, 9.23343108639e-08, 6.1879099178e-08, 2.19170335214e-08, 8.10847033961e-09, 1.23706183075e-08, 6.78456713032e-09, 1.85809490016e-09, 2.71526401363e-09, 2.42527731231e-09, 7.16384118693e-10, 1.85286630483e-09, 1.89396698325e-09, 1.16204879053e-09, 1.06299469227e-09, 1.72806180476e-09, 1.25925284089e-10, 4.07025767257e-11, 5.46364099796e-11, 6.24918172765e-11, 8.85304329845e-11, 6.1524681183e-11, 6.55887497092e-11, 1.41047340474e-10, 9.51278361638e-11, 4.28000135333e-11, 2.35846273067e-11],
        "max": [0.00405410956591, 0.014725743793, 0.00870552286506, 0.0114725511521, 0.00488358270377, 0.00512574100867, 0.00711493799463, 0.00335517455824, 0.00423822272569, 0.00415341695771, 0.00274577923119, 0.00293633854017, 0.00658953934908, 0.00413103867322, 0.00377634051256, 0.00398338632658, 0.00144050270319, 0.00131234398577, 0.00155263103079, 0.000731259700842, 0.00059086777037, 0.000669880304486, 0.000580842664931, 0.000426875165431, 0.000610275834333, 0.000448469188996, 0.000264952570433, 0.000351807335392, 0.000586061971262, 0.000111597597424, 6.13051524851e-05, 5.7150318753e-05, 7.36760048312e-05, 7.86725431681e-05, 5.7052122429e-05, 9.58662931225e-05, 0.000217742897803, 0.000140444361023, 9.50203102548e-05, 7.12741602911e-05],
        "mean": [0.000585654925089, 0.000985424150713, 0.00100219098385, 0.00118332810234, 0.000563191191759, 0.000345684384229, 0.000256986066233, 0.000161608273629, 0.000167704100022, 0.000193004525499, 0.000173733584234, 0.000168348327861, 0.000113458780106, 9.56736403168e-05, 0.000101795514638, 9.06436471269e-05, 7.70897459006e-05, 4.83535004605e-05, 3.88977750845e-05, 3.47955938196e-05, 2.30543319049e-05, 2.27681139222e-05, 3.06324327539e-05, 2.67440154857e-05, 2.45017290581e-05, 2.99999101117e-05, 2.39843775489e-05, 1.4342560462e-05, 1.25741398733e-05, 6.40329562884e-06, 4.69939413961e-06, 5.59814361623e-06, 5.6614312598e-06, 5.33715092388e-06, 4.72008332508e-06, 4.03610465582e-06, 3.51209769178e-06, 2.03940408028e-06, 1.78719267296e-06, 1.51196513798e-06],
        "median": [0.000592455267906, 0.000739854353014, 0.000650455360301, 0.000739831652027, 0.000395623093937, 0.000197632165509, 0.000136756294523, 8.60752697918e-05, 6.56289048493e-05, 5.98451479163e-05, 4.22568409704e-05, 2.7368989322e-05, 2.21251684707e-05, 2.47269072133e-05, 2.08738329093e-05, 1.34708052428e-05, 1.46798693095e-05, 1.46570782817e-05, 1.45563262777e-05, 1.11306808321e-05, 9.26187840378e-06, 9.8691907624e-06, 1.55908983288e-05, 1.86021752597e-05, 1.5724415789e-05, 1.80042661668e-05, 1.27029506984e-05, 6.47863544145e-06, 4.04770298701e-06, 3.02608532365e-06, 2.71943645203e-06, 3.16072600981e-06, 2.46167519435e-06, 2.07571542887e-06, 2.00994304578e-06, 1.57636179665e-06, 1.22365395328e-06, 6.0684391201e-07, 6.50591118756e-07, 5.50695347101e-07],
        "min": [5.44561196136e-08, 8.32432647258e-08, 9.59365706876e-07, 1.36278072205e-06, 1.54574001954e-06, 4.39768655269e-07, 4.81647816741e-07, 1.06277681766e-07, 1.23071473013e-07, 7.87129579294e-08, 1.38983267561e-07, 4.95983982773e-08, 3.98075066244e-08, 4.58811015847e-08, 2.85762382646e-08, 1.2852339637e-08, 1.4915030988e-08, 5.36126076867e-09, 6.10835382275e-09, 9.23510423689e-09, 8.65930704919e-09, 7.79593278821e-09, 7.77658026863e-09, 6.87347201378e-09, 4.12512335402e-09, 5.39454880766e-09, 2.9951714442e-09, 5.24953458481e-09, 4.17836076849e-09, 1.08576170277e-09, 3.7647732154e-10, 2.81926970658e-09, 2.29732011192e-09, 2.09659800632e-09, 1.76577963362e-09, 1.03420239039e-09, 7.29819427114e-10, 3.36721317495e-10, 3.59086566905e-12, 1.073929899e-13],
