{
"highlevel": {
    "danceability": {
        "all": {
            "danceable": 0.13754542172,
            "not_danceable": 0.862454593182
        },
        "probability": 0.862454593182,
        "value": "not_danceable"
    },
    "gender": {
        "all": {
            "female": 0.5,
            "male": 0.5
        },
        "probability": 0.5,
        "value": "female"
    },
    "genre_dortmund": {
        "all": {
            "alternative": 0.080043412745,
            "blues": 0.0536402501166,
            "electronic": 0.00549167534336,
            "folkcountry": 0.0865497365594,
            "funksoulrnb": 0.0029099972453,
            "jazz": 0.00920292362571,
            "pop": 0.0771769732237,
            "raphiphop": 0.00156601436902,
            "rock": 0.683419048786
        },
        "probability": 0.683419048786,
        "value": "rock"
    },
    "genre_electronic": {
        "all": {
            "ambient": 0.36282145977,
            "dnb": 0.284846097231,
            "house": 0.0914453268051,
            "techno": 0.0171047672629,
            "trance": 0.243782356381
        },
        "probability": 0.36282145977,
        "value": "ambient"
    },
    "genre_rosamerica": {
        "all": {
            "cla": 0.0445477850735,
            "dan": 0.0202745962888,
            "hip": 0.0271148961037,
            "jaz": 0.0208444371819,
            "pop": 0.0721789300442,
            "rhy": 0.039426073432,
            "roc": 0.749985516071,
            "spe": 0.0256277825683
        },
        "probability": 0.749985516071,
        "value": "roc"
    },
    "genre_tzanetakis": {
        "all": {
            "blu": 0.0626541376114,
            "cla": 0.0348133966327,
            "cou": 0.0783501937985,
            "dis": 0.104547761381,
            "hip": 0.15693578124,
            "jaz": 0.313987255096,
            "met": 0.044816005975,
            "pop": 0.0627349764109,
            "reg": 0.0627352520823,
            "roc": 0.0784252434969
        },
        "probability": 0.313987255096,
        "value": "jaz"
    },
    "ismir04_rhythm": {
        "all": {
            "ChaChaCha": 0.0343859083951,
            "Jive": 0.812748253345,
            "Quickstep": 0.0392949469388,
            "Rumba-American": 0.00549992034212,
            "Rumba-International": 0.0226228795946,
            "Rumba-Misc": 0.00386946601793,
            "Samba": 0.0331316441298,
            "Tango": 0.011887316592,
            "VienneseWaltz": 0.033018771559,
            "Waltz": 0.00354087608866
        },
        "probability": 0.812748253345,
        "value": "Jive"
    },
    "mood_acoustic": {
        "all": {
            "acoustic": 0.0860413908958,
            "not_acoustic": 0.913958609104
        },
        "probability": 0.913958609104,
        "value": "not_acoustic"
    },
    "mood_aggressive": {
        "all": {
            "aggressive": 0.454809218645,
            "not_aggressive": 0.545190811157
        },
        "probability": 0.545190811157,
        "value": "not_aggressive"
    },
    "mood_electronic": {
        "all": {
            "electronic": 0.0548970215023,
            "not_electronic": 0.945102989674
        },
        "probability": 0.945102989674,
        "value": "not_electronic"
    },
    "mood_happy": {
        "all": {
            "happy": 0.354605346918,
            "not_happy": 0.645394682884
        },
        "probability": 0.645394682884,
        "value": "not_happy"
    },
    "mood_party": {
        "all": {
            "not_party": 0.549798071384,
            "party": 0.450201928616
        },
        "probability": 0.549798071384,
        "value": "not_party"
    },
    "mood_relaxed": {
        "all": {
            "not_relaxed": 0.876403927803,
            "relaxed": 0.123596057296
        },
        "probability": 0.876403927803,
        "value": "not_relaxed"
    },
    "mood_sad": {
        "all": {
            "not_sad": 0.766277015209,
            "sad": 0.233722984791
        },
        "probability": 0.766277015209,
        "value": "not_sad"
    },
    "moods_mirex": {
        "all": {
            "Cluster1": 0.587558090687,
            "Cluster2": 0.114317014813,
            "Cluster3": 0.18217587471,
            "Cluster4": 0.0562886595726,
            "Cluster5": 0.0596603304148
        },
        "probability": 0.587558090687,
        "value": "Cluster1"
    },
    "timbre": {
        "all": {
            "bright": 0.999994337559,
            "dark": 5.64976198802e-06
        },
        "probability": 0.999994337559,
        "value": "bright"
    },
    "tonal_atonal": {
        "all": {
            "atonal": 0.0013487044489,
            "tonal": 0.998651266098
        },
        "probability": 0.998651266098,
        "value": "tonal"
    },
    "voice_instrumental": {
        "all": {
            "instrumental": 0.0162811391056,
            "voice": 0.98371887207
        },
        "probability": 0.98371887207,
        "value": "voice"
    }
},
"lowlevel": {
    "average_loudness": 0.968206763268,
    "barkbands_crest": {
        "dmean": 2.85526371002,
        "dmean2": 4.65302228928,
        "dvar": 6.34894180298,
        "dvar2": 16.742023468,
        "max": 23.5506649017,
        "mean": 9.13494110107,
        "median": 8.43685626984,
        "min": 3.05712246895,
        "var": 12.194729805
    },
    "barkbands_flatness_db": {
        "dmean": 0.0215697046369,
        "dmean2": 0.035448808223,
        "dvar": 0.000388676067814,
        "dvar2": 0.00103112601209,
        "max": 0.232760503888,
        "mean": 0.133947983384,
        "median": 0.130742192268,
        "min": 0.064728744328,
        "var": 0.00085918023251
    },
    "barkbands_kurtosis": {
        "dmean": 2.26104521751,
        "dmean2": 3.80727291107,
        "dvar": 10.9768695831,
        "dvar2": 28.2898197174,
        "max": 38.3566246033,
        "mean": 1.53308308125,
        "median": 0.263798236847,
        "min": -1.78879082203,
        "var": 16.5869235992
    },
    "barkbands_skewness": {
        "dmean": 0.615450203419,
        "dmean2": 0.986188590527,
        "dvar": 0.35777810216,
        "dvar2": 0.889095306396,
        "max": 5.57164001465,
        "mean": 1.33776843548,
        "median": 1.23346364498,
        "min": -0.505906879902,
        "var": 0.798482656479
    },
    "barkbands_spread": {
        "dmean": 7.52278995514,
        "dmean2": 11.9405126572,
        "dvar": 57.6231689453,
        "dvar2": 138.051483154,
        "max": 82.8796386719,
        "mean": 30.2216682434,
        "median": 28.9620113373,
        "min": 5.02579784393,
        "var": 147.536483765
    },
    "dissonance": {
        "dmean": 0.00830883998424,
        "dmean2": 0.0138219157234,
        "dvar": 7.35905850888e-05,
        "dvar2": 0.000193075888092,
        "max": 0.499884605408,
        "mean": 0.482079535723,
        "median": 0.486678093672,
        "min": 0.408647984266,
        "var": 0.000191153390915
    },
    "dynamic_complexity": 1.59705877304,
    "erbbands_crest": {
        "dmean": 2.27164936066,
        "dmean2": 3.72058582306,
        "dvar": 4.55060434341,
        "dvar2": 11.6947364807,
        "max": 24.6981449127,
        "mean": 7.53798007965,
        "median": 6.8029794693,
        "min": 2.67494320869,
        "var": 8.84380626678
    },
    "erbbands_flatness_db": {
        "dmean": 0.0136381210759,
        "dmean2": 0.0201587826014,
        "dvar": 0.000151343076141,
        "dvar2": 0.000300023093587,
        "max": 0.233051210642,
        "mean": 0.147730365396,
        "median": 0.145576819777,
        "min": 0.0807511433959,
        "var": 0.000595975667238
    },
    "erbbands_kurtosis": {
        "dmean": 0.799504816532,
        "dmean2": 1.27969777584,
        "dvar": 0.74617177248,
        "dvar2": 1.79689538479,
        "max": 7.75507640839,
        "mean": -0.0914212986827,
        "median": -0.303452253342,
        "min": -1.75442755222,
        "var": 1.38899612427
    },
    "erbbands_skewness": {
        "dmean": 0.352809816599,
        "dmean2": 0.561920583248,
        "dvar": 0.110829345882,
        "dvar2": 0.272551983595,
        "max": 1.39218127728,
        "mean": -0.48330539465,
        "median": -0.523414850235,
        "min": -2.49104857445,
        "var": 0.346053391695
    },
    "erbbands_spread": {
        "dmean": 10.8446121216,
        "dmean2": 16.6884346008,
        "dvar": 104.661705017,
        "dvar2": 236.399230957,
        "max": 127.265808105,
        "mean": 47.6886062622,
        "median": 45.6238937378,
        "min": 13.6607398987,
        "var": 313.455505371
    },
    "hfc": {
        "dmean": 5.73019933701,
        "dmean2": 7.95124006271,
        "dvar": 48.8635444641,
        "dvar2": 90.7333984375,
        "max": 92.705291748,
        "mean": 21.3039569855,
        "median": 18.7458457947,
        "min": 1.70098924637,
        "var": 140.818969727
    },
    "melbands_crest": {
        "dmean": 3.36948728561,
        "dmean2": 5.58976793289,
        "dvar": 7.73369550705,
        "dvar2": 20.0569019318,
        "max": 26.5930576324,
        "mean": 13.6507835388,
        "median": 13.1210069656,
        "min": 5.25527238846,
        "var": 17.0934047699
    },
    "melbands_flatness_db": {
        "dmean": 0.0278200618923,
        "dmean2": 0.0440825037658,
        "dvar": 0.00061722798273,
        "dvar2": 0.00154491071589,
        "max": 0.300626426935,
        "mean": 0.171811744571,
        "median": 0.169226974249,
        "min": 0.0628936588764,
        "var": 0.00171001045965
    },
    "melbands_kurtosis": {
        "dmean": 8.23612880707,
        "dmean2": 13.700302124,
        "dvar": 144.569351196,
        "dvar2": 379.230926514,
        "max": 137.000930786,
        "mean": 12.1965932846,
        "median": 7.85746669769,
        "min": -1.24285662174,
        "var": 207.503982544
    },
    "melbands_skewness": {
        "dmean": 0.935085833073,
        "dmean2": 1.49243581295,
        "dvar": 0.928274035454,
        "dvar2": 2.30382418633,
        "max": 10.5029411316,
        "mean": 2.9942510128,
        "median": 2.81003642082,
        "min": -0.151967570186,
        "var": 2.09317588806
    },
    "melbands_spread": {
        "dmean": 10.3523769379,
        "dmean2": 16.3234539032,
        "dvar": 107.731773376,
        "dvar2": 257.490753174,
        "max": 104.450057983,
        "mean": 28.7318344116,
        "median": 26.3032283783,
        "min": 2.98063111305,
        "var": 234.654678345
    },
    "pitch_salience": {
        "dmean": 0.0785541236401,
        "dmean2": 0.131647095084,
        "dvar": 0.00481001939625,
        "dvar2": 0.0133538888767,
        "max": 0.777117669582,
        "mean": 0.587128400803,
        "median": 0.594342291355,
        "min": 0.251625299454,
        "var": 0.00761138368398
    },
    "silence_rate_20dB": {
        "dmean": 0,
        "dmean2": 0,
        "dvar": 0,
        "dvar2": 0,
        "max": 1,
        "mean": 1,
        "median": 1,
        "min": 1,
        "var": 0
    },
    "silence_rate_30dB": {
        "dmean": 0,
        "dmean2": 0,
        "dvar": 0,
        "dvar2": 0,
        "max": 1,
        "mean": 1,
        "median": 1,
        "min": 1,
        "var": 0
    },
    "silence_rate_60dB": {
        "dmean": 0.00154798757285,
        "dmean2": 0.00309837330133,
        "dvar": 0.00154558289796,
        "dvar2": 0.00463791657239,
        "max": 1,
        "mean": 0.00077339517884,
        "median": 0,
        "min": 0,
        "var": 0.000772795639932
    },
    "spectral_centroid": {
        "dmean": 338.188476562,
        "dmean2": 537.748168945,
        "dvar": 102759.445312,
        "dvar2": 253780.640625,
        "max": 3239.8371582,
        "mean": 1603.16687012,
        "median": 1579.44335938,
        "min": 400.957092285,
        "var": 271365.96875
    },
    "spectral_complexity": {
        "dmean": 4.49922609329,
        "dmean2": 6.60805559158,
        "dvar": 18.917131424,
        "dvar2": 34.5854606628,
        "max": 54,
        "mean": 24.2034034729,
        "median": 23,
        "min": 6,
        "var": 71.5774078369
    },
    "spectral_decrease": {
        "dmean": 3.25020566017e-09,
        "dmean2": 5.175024409e-09,
        "dvar": 2.27447206056e-17,
        "dvar2": 5.91133705977e-17,
        "max": -6.8335881398e-10,
        "mean": -6.74197098149e-09,
        "median": -5.52887025052e-09,
        "min": -4.32087787772e-08,
        "var": 2.43365519395e-17
    },
    "spectral_energy": {
        "dmean": 0.0126308361068,
        "dmean2": 0.0199521090835,
        "dvar": 0.000338403566275,
        "dvar2": 0.000874333258253,
        "max": 0.167489618063,
        "mean": 0.0273781232536,
        "median": 0.0225734766573,
        "min": 0.00273343385197,
        "var": 0.000373155489797
    },
    "spectral_energyband_high": {
        "dmean": 0.000446982739959,
        "dmean2": 0.000609904178418,
        "dvar": 5.21731294612e-07,
        "dvar2": 9.77108925326e-07,
        "max": 0.0112378355116,
        "mean": 0.00105909327976,
        "median": 0.000616812612861,
        "min": 4.07055376854e-05,
        "var": 1.36388564442e-06
    },
    "spectral_energyband_low": {
        "dmean": 0.00462699262425,
        "dmean2": 0.00754662510008,
        "dvar": 4.06733161071e-05,
        "dvar2": 0.000102152953332,
        "max": 0.0730754956603,
        "mean": 0.00790855661035,
        "median": 0.00547761516646,
        "min": 0.000159785093274,
        "var": 5.658057853e-05
    },
    "spectral_energyband_middle_high": {
        "dmean": 0.00135881092865,
        "dmean2": 0.00204178481363,
        "dvar": 2.39383052758e-06,
        "dvar2": 5.09451001562e-06,
        "max": 0.0178588274866,
        "mean": 0.00513025932014,
        "median": 0.00412741769105,
        "min": 0.000350130983861,
        "var": 1.04531318357e-05
    },
    "spectral_energyband_middle_low": {
        "dmean": 0.00999788381159,
        "dmean2": 0.0165699906647,
        "dvar": 0.000301306135952,
        "dvar2": 0.000813583901618,
        "max": 0.151108726859,
        "mean": 0.0151808047667,
        "median": 0.0102836126462,
        "min": 0.000346646498656,
        "var": 0.000269336742349
    },
    "spectral_entropy": {
        "dmean": 0.120276078582,
        "dmean2": 0.183816492558,
        "dvar": 0.0117076179013,
        "dvar2": 0.0266841500998,
        "max": 8.48325634003,
        "mean": 7.73489141464,
        "median": 7.73304986954,
        "min": 7.0979180336,
        "var": 0.0502076111734
    },
    "spectral_flux": {
        "dmean": 0.0308444052935,
        "dmean2": 0.0468415617943,
        "dvar": 0.00117582501844,
        "dvar2": 0.00242335535586,
        "max": 0.322068303823,
        "mean": 0.0936490744352,
        "median": 0.083043679595,
        "min": 0.0218075010926,
        "var": 0.00215098401532
    },
    "spectral_kurtosis": {
        "dmean": 1.09153389931,
        "dmean2": 1.83178639412,
        "dvar": 1.0566880703,
        "dvar2": 2.95002031326,
        "max": 12.4775323868,
        "mean": 2.99993944168,
        "median": 2.81200122833,
        "min": -0.0945687294006,
        "var": 2.60000991821
    },
    "spectral_rms": {
        "dmean": 0.00107405206654,
        "dmean2": 0.00162798666861,
        "dvar": 1.53621408572e-06,
        "dvar2": 3.75044282919e-06,
        "max": 0.0127829769626,
        "mean": 0.00492997979745,
        "median": 0.00469285668805,
        "min": 0.00163302314468,
        "var": 2.4055996164e-06
    },
    "spectral_rolloff": {
        "dmean": 716.713012695,
        "dmean2": 1186.12841797,
        "dvar": 714326.3125,
        "dvar2": 1643564,
        "max": 8074.95117188,
        "mean": 1844.31018066,
        "median": 1830.32226562,
        "min": 150.732421875,
        "var": 1342249.125
    },
    "spectral_skewness": {
        "dmean": 0.167790904641,
        "dmean2": 0.266968131065,
        "dvar": 0.0208550468087,
        "dvar2": 0.0492832511663,
        "max": 2.10910725594,
        "mean": 1.13879144192,
        "median": 1.13011395931,
        "min": 0.334994584322,
        "var": 0.0844006612897
    },
    "spectral_spread": {
        "dmean": 378259.96875,
        "dmean2": 552852.5,
        "dvar": 164053794816,
        "dvar2": 278384017408,
        "max": 12072398,
        "mean": 4177912,
        "median": 4068863.75,
        "min": 2482335,
        "var": 747522162688
    },
    "spectral_strongpeak": {
        "dmean": 0.400955140591,
        "dmean2": 0.664523720741,
        "dvar": 0.328701734543,
        "dvar2": 0.864183783531,
        "max": 5.79031991959,
        "mean": 0.672091901302,
        "median": 0.467176049948,
        "min": 0.0468513034284,
        "var": 0.42184984684
    },
    "zerocrossingrate": {
        "dmean": 0.0103075718507,
        "dmean2": 0.0126650547609,
        "dvar": 9.85367805697e-05,
        "dvar2": 0.000133340014145,
        "max": 0.20361328125,
        "mean": 0.0673476904631,
        "median": 0.06396484375,
        "min": 0.0185546875,
        "var": 0.00056922720978
    },
    "barkbands": {
        "dmean": [2.94147339446e-05, 0.00269186194055, 0.00176566233858, 0.00335013610311, 0.0067452667281, 0.000920578488149, 0.000261026027147, 0.000520291854627, 0.00030212578713, 0.000209363759495, 0.000197931920411, 0.000238098946284, 0.000196102817426, 0.000436549162259, 0.000372476759367, 0.000353512004949, 0.000363450380974, 0.000190307197045, 0.000191208193428, 0.000136117552756, 0.000137224269565, 0.000129916734295, 0.000102151672763, 6.47203269182e-05, 2.28758035519e-05, 7.41005078453e-06, 1.7890000592e-09],
        "dmean2": [4.76975219499e-05, 0.00445448188111, 0.00297160865739, 0.00560722639784, 0.0114010535181, 0.00148106750567, 0.000426250277087, 0.000801530492026, 0.000463117321488, 0.000337196135661, 0.000318878534017, 0.000382679951144, 0.000309968017973, 0.000693423557095, 0.000604850414675, 0.000550017342903, 0.000594619836193, 0.000307122594677, 0.000307638983941, 0.00021421063866, 0.000202651455766, 0.00018514545809, 0.000148604201968, 9.45424762904e-05, 3.33419266099e-05, 1.15164775707e-05, 2.85820589419e-09],
        "dvar": [2.40748398994e-09, 2.27194796025e-05, 6.46981925456e-06, 2.85755286313e-05, 0.000164986966411, 3.01492832477e-06, 2.30395428957e-07, 1.28143710754e-06, 5.14432315413e-07, 2.43103727371e-07, 3.07950841716e-07, 3.32159345362e-07, 1.57312499027e-07, 4.66772377195e-07, 4.32308922882e-07, 1.80288523666e-07, 2.41407832391e-07, 6.95959059271e-08, 5.77895455933e-08, 3.51437527968e-08, 4.4834433055e-08, 4.37511644691e-08, 4.35074625216e-08, 1.82714074981e-08, 1.79436721037e-09, 1.67447847255e-10, 2.73753795833e-16],
        "dvar2": [5.57010748636e-09, 5.85152156418e-05, 1.81796640391e-05, 7.8336786828e-05, 0.000446938705863, 6.98779194863e-06, 5.22156653915e-07, 3.06859215016e-06, 1.14906333692e-06, 6.00285659402e-07, 7.15091630354e-07, 7.26215830582e-07, 3.55685159548e-07, 1.17648050946e-06, 9.87102566796e-07, 4.10479970014e-07, 6.3524799998e-07, 1.85373508543e-07, 1.43726452961e-07, 8.32854567534e-08, 9.84456818287e-08, 8.71289600468e-08, 9.50096676888e-08, 3.72520929659e-08, 3.79270481687e-09, 3.81621401147e-10, 2.78834961195e-16],
        "max": [0.000509557605255, 0.0378579162061, 0.0309913791716, 0.0478646829724, 0.100215628743, 0.0276798736304, 0.00950259435922, 0.0123059442267, 0.0113576585427, 0.00855369493365, 0.00830268766731, 0.00998979527503, 0.00510792434216, 0.00903712026775, 0.0114042665809, 0.0068716420792, 0.00714950449765, 0.00373555789702, 0.00414154399186, 0.00255851843394, 0.00200826348737, 0.00294947251678, 0.00385262817144, 0.00304277800024, 0.00087478995556, 0.00018856281531, 5.85191060054e-07],
        "mean": [3.01098352793e-05, 0.00330223073252, 0.00274871569127, 0.00413193600252, 0.00771588459611, 0.00139786384534, 0.000438854534877, 0.000844744849019, 0.000515730527695, 0.000335827557137, 0.00028352800291, 0.000367021857528, 0.000300165935187, 0.000732325774152, 0.000688365718815, 0.000722038384993, 0.000805400253739, 0.000386427680496, 0.000446898979135, 0.000309017894324, 0.000266776158242, 0.000251769757597, 0.000180727511179, 0.000121261902677, 4.35160654888e-05, 1.09631455416e-05, 1.544761985e-09],
        "median": [1.08595959318e-05, 0.00160520139616, 0.00178358273115, 0.00216552405618, 0.0039425031282, 0.000791160506196, 0.000243881775532, 0.000225077295909, 0.000138403163874, 0.00011197643471, 8.56465194374e-05, 0.000133414083393, 0.000128799656522, 0.000421384640504, 0.000442392454715, 0.000484884134494, 0.000616195669863, 0.000271629920462, 0.000348944537109, 0.000218228931772, 0.000162247612025, 0.000131192602566, 7.96935710241e-05, 5.24408060301e-05, 2.24638806685e-05, 5.07587310494e-06, 4.43333286748e-10],
        "min": [4.36116209812e-08, 5.97332382313e-06, 1.10858036351e-05, 8.94279855856e-06, 9.17399593163e-05, 3.15720717481e-05, 1.01120103864e-05, 8.64826233737e-06, 4.08725736634e-06, 4.4680323299e-06, 1.93785513147e-06, 7.40237692298e-06, 7.1782633313e-06, 1.42914377648e-05, 1.01139266917e-05, 1.65580950124e-05, 3.13631280733e-05, 1.35412519739e-05, 1.72238105733e-05, 1.70582570718e-05, 1.05766894194e-05, 5.0457110774e-06, 2.34681101574e-06, 6.11572488651e-07, 2.24413923888e-07, 2.43955151219e-11, 1.26989313162e-11],
        "var": [2.72998157413e-09, 2.10156104004e-05, 1.02785143099e-05, 3.03161050397e-05, 0.00013553466124, 4.42468899564e-06, 5.13222005338e-07, 2.84183624899e-06, 1.28707461045e-06, 6.37791799818e-07, 5.44796534996e-07, 6.77702075791e-07, 2.67518203145e-07, 8.85753593138e-07, 7.05000161361e-07, 5.63430774037e-07, 4.93571519655e-07, 1.33543210268e-07, 1.34276447739e-07, 7.70059145339e-08, 8.16456093844e-08, 9.69320197441e-08, 8.23673786954e-08, 4.50722055234e-08, 3.68319641453e-09, 2.97218610834e-10, 2.73713191191e-16]
    },
    "erbbands": {
        "dmean": [0.0486380979419, 0.708158671856, 1.8922804594, 6.43110561371, 24.123922348, 18.6937446594, 11.0249433517, 6.26860666275, 3.9376938343, 7.112885952, 10.2587146759, 6.42179107666, 5.8106880188, 8.30849456787, 6.86772108078, 9.2449836731, 9.22860050201, 19.600610733, 18.8910140991, 12.493273735, 21.8465194702, 17.7742843628, 9.92370605469, 8.7355928421, 9.54387664795, 6.58407592773, 5.87372541428, 5.5074467659, 4.88013648987, 3.79969024658, 2.72333526611, 1.68004310131, 0.957627415657, 0.339068055153, 0.137430667877, 0.0463925562799, 0.013078478165, 0.000909212743863, 2.12738741538e-05, 1.46705478983e-05],
        "dmean2": [0.0802485272288, 1.17232692242, 3.13112688065, 10.778512001, 40.5441131592, 32.9017524719, 18.0882072449, 10.142621994, 6.45888137817, 10.9216308594, 15.6719856262, 9.65029239655, 9.45406532288, 13.3443517685, 10.5930461884, 14.7794466019, 14.060503006, 30.9860363007, 30.1255836487, 20.1153507233, 33.5057945251, 28.5474681854, 15.8488845825, 13.9191608429, 15.2742881775, 10.3046951294, 8.75411510468, 8.32238006592, 6.95252418518, 5.41026306152, 3.94058513641, 2.46455144882, 1.40993487835, 0.506041586399, 0.204621374607, 0.0709680393338, 0.0209001749754, 0.00147591123823, 3.21364459523e-05, 2.24272516789e-05],
        "dvar": [0.00720870215446, 1.58110332489, 7.98274183273, 77.300491333, 2720.56005859, 1024.46569824, 290.819580078, 205.539642334, 45.3235969543, 301.725952148, 469.918670654, 263.377410889, 245.089050293, 657.816589355, 290.040283203, 487.286376953, 305.295532227, 1103.34179688, 1060.87231445, 335.639404297, 672.673156738, 550.08807373, 210.948669434, 135.128585815, 149.21812439, 72.9411392212, 71.7255554199, 75.7978515625, 63.6832733154, 40.0627708435, 35.670124054, 14.1243228912, 3.3191204071, 0.365425854921, 0.0777656286955, 0.00792261399329, 0.000442199700046, 2.42199575951e-06, 1.05264608141e-09, 4.29025398541e-10],
        "dvar2": [0.0174319241196, 4.14596700668, 21.8276805878, 216.506286621, 7307.69091797, 2772.26586914, 674.935668945, 497.21673584, 111.66368103, 730.153442383, 1008.27050781, 553.858154297, 578.821044922, 1700.04162598, 614.073181152, 1061.07189941, 636.062011719, 2782.89428711, 2233.93041992, 831.408569336, 1521.92700195, 1393.53173828, 561.459228516, 338.912872314, 374.005462646, 168.403488159, 156.212173462, 170.960113525, 126.607910156, 82.7467880249, 79.9730377197, 27.5868759155, 7.30797481537, 0.750983655453, 0.17387495935, 0.017127469182, 0.00105345330667, 6.2315393734e-06, 2.39347208719e-09, 1.06332409544e-09],
        "max": [0.575397729874, 10.5695123672, 38.6640014648, 76.4176559448, 421.342773438, 237.222045898, 193.361999512, 220.755020142, 143.688339233, 332.933868408, 366.161834717, 363.02923584, 306.860687256, 404.571777344, 310.9246521, 402.382080078, 215.830886841, 494.907684326, 601.838928223, 240.637924194, 476.092529297, 378.631011963, 203.44859314, 155.438415527, 213.014221191, 103.374481201, 70.8232116699, 88.7404708862, 109.003631592, 83.4804763794, 125.307807922, 90.8014755249, 37.9671630859, 12.9668474197, 4.14527797699, 1.40160644054, 0.216839760542, 0.0189521778375, 0.000377969787223, 0.000190000224393],
        "mean": [0.0543857701123, 0.891189455986, 3.00777339935, 9.15497589111, 25.6000480652, 21.0986652374, 16.8124084473, 9.388256073, 6.91323471069, 11.9233255386, 16.7084579468, 11.9929819107, 10.7904376984, 12.673740387, 10.7676372528, 14.9849653244, 16.5315818787, 34.7570571899, 37.6043624878, 27.1319160461, 49.1413421631, 44.5786972046, 22.0968990326, 20.0570106506, 21.5050563812, 15.1938047409, 11.9863462448, 10.4900159836, 9.26316928864, 7.1548333168, 4.77321338654, 3.01122021675, 1.73235297203, 0.638469874859, 0.234833806753, 0.0723757371306, 0.0176009330899, 0.00105075957254, 4.11660694226e-05, 3.53188079316e-05],
        "median": [0.0218501295894, 0.452855080366, 1.93231678009, 5.80561351776, 10.8118686676, 10.9453392029, 9.52154922485, 4.9061331749, 4.20442724228, 4.1882891655, 4.60080528259, 3.23353624344, 3.74695730209, 3.55782723427, 4.12480258942, 6.16564273834, 7.7282409668, 20.2118167877, 24.5108299255, 18.8173294067, 34.1321220398, 33.9469680786, 16.8899993896, 15.7870206833, 16.7030334473, 11.0051002502, 7.73574733734, 6.20385694504, 4.82785463333, 3.50342583656, 2.05469298363, 1.24794995785, 0.769378125668, 0.319869428873, 0.117060229182, 0.0346024148166, 0.0077506955713, 0.000410575477872, 2.71759454336e-05, 2.97268998111e-05],
        "min": [0.000235571220401, 0.00203549326397, 0.0567292310297, 0.117689743638, 0.377328813076, 0.368093073368, 0.369218468666, 0.312163829803, 0.10064612329, 0.126272857189, 0.238778293133, 0.118989281356, 0.216114655137, 0.176746413112, 0.200113609433, 0.428072482347, 0.579014182091, 0.950148999691, 0.598839044571, 0.744030237198, 1.86879909039, 1.7789388895, 1.17675805092, 1.05254769325, 0.742792189121, 0.731046319008, 0.61947286129, 0.346439808607, 0.257762044668, 0.151435643435, 0.0601164810359, 0.0219375640154, 0.00960138998926, 0.00328229297884, 0.000820085173473, 4.14185633417e-05, 9.31063277676e-06, 1.1294430351e-06, 1.71983003838e-06, 3.21683182847e-06],
        "var": [0.00701738568023, 1.4482460022, 11.8448066711, 98.3295669556, 2225.60180664, 871.084472656, 484.097106934, 248.336914062, 107.023155212, 654.383972168, 982.192687988, 899.647216797, 752.332824707, 1026.11694336, 594.341674805, 901.247802734, 644.961303711, 2199.20117188, 1985.20996094, 692.465209961, 2429.11572266, 1357.89611816, 363.876464844, 283.108703613, 340.518463135, 171.819992065, 146.386413574, 134.814971924, 132.975479126, 90.1327133179, 65.1913223267, 33.3973693848, 7.62309598923, 0.793902933598, 0.140472248197, 0.0154747748747, 0.000670358596835, 2.81498728327e-06, 1.71362357637e-09, 5.42547062832e-10]
    },
    "gfcc": {
        "mean": [20.7579841614, 89.1278915405, -128.99319458, 64.783241272, -52.2210578918, 14.9778585434, -52.2533836365, 0.0661082342267, -25.6419849396, -3.19458031654, -20.8926181793, -7.16080904007, -10.1094493866],
        "cov": [[1125.34228516, -350.195831299, 158.560348511, -107.360099792, -187.90071106, 96.3683624268, 3.2077870369, 30.7326850891, -53.6041679382, 37.0414848328, -96.5593795776, 61.0355567932, -106.440513611], [-350.195831299, 608.186584473, -147.859970093, -125.61491394, 128.042236328, -63.7841644287, 103.513366699, -2.15781497955, 88.7928695679, -42.2542304993, 74.2373886108, -59.9466323853, 63.9502601624], [158.560348511, -147.859970093, 283.540130615, 116.383872986, -27.6809482574, 44.0889511108, -38.6159286499, -11.7429552078, -26.6054592133, 12.5578308105, -27.287399292, 36.7356567383, -11.5336847305], [-107.360099792, -125.61491394, 116.383872986, 328.762084961, 43.6583213806, 15.1955785751, -43.7180099487, -50.4310302734, -0.345692068338, -23.7683525085, 32.045337677, -16.6460819244, 44.5937995911], [-187.90071106, 128.042236328, -27.6809482574, 43.6583213806, 178.563873291, -9.6208782196, 17.5981025696, 13.5567264557, 16.8041000366, 10.3876085281, 16.8573303223, -3.47471737862, 24.3308391571], [96.3683624268, -63.7841644287, 44.0889511108, 15.1955785751, -9.6208782196, 129.406097412, 50.8916168213, 20.4375762939, -0.868798434734, 10.72935009, 4.99702596664, 2.88768601418, -9.98237228394], [3.2077870369, 103.513366699, -38.6159286499, -43.7180099487, 17.5981025696, 50.8916168213, 111.575874329, 38.2408676147, 17.1787872314, -7.90494251251, 13.7029485703, -10.8186149597, -7.04614019394], [30.7326850891, -2.15781497955, -11.7429552078, -50.4310302734, 13.5567264557, 20.4375762939, 38.2408676147, 95.0827407837, 32.913734436, 29.2606639862, -12.2161579132, 3.61190629005, -11.769569397], [-53.6041679382, 88.7928695679, -26.6054592133, -0.345692068338, 16.8041000366, -0.868798434734, 17.1787872314, 32.913734436, 90.4527282715, 23.1674690247, 6.62879228592, -22.0915203094, 8.72819423676], [37.0414848328, -42.2542304993, 12.5578308105, -23.7683525085, 10.3876085281, 10.72935009, -7.90494251251, 29.2606639862, 23.1674690247, 71.729598999, 4.62002706528, 17.7383136749, -15.1346721649], [-96.5593795776, 74.2373886108, -27.287399292, 32.045337677, 16.8573303223, 4.99702596664, 13.7029485703, -12.2161579132, 6.62879228592, 4.62002706528, 71.1793899536, 9.19147872925, 21.9853229523], [61.0355567932, -59.9466323853, 36.7356567383, -16.6460819244, -3.47471737862, 2.88768601418, -10.8186149597, 3.61190629005, -22.0915203094, 17.7383136749, 9.19147872925, 68.0527954102, 4.60062742233], [-106.440513611, 63.9502601624, -11.5336847305, 44.5937995911, 24.3308391571, -9.98237228394, -7.04614019394, -11.769569397, 8.72819423676, -15.1346721649, 21.9853229523, 4.60062742233, 62.174156189]],
        "icov": [[0.00156062922906, 0.0001257150725, -0.000296359241474, 0.000102056590549, 0.00114058970939, -0.000695177412126, -0.000388203421608, 0.000142107950523, 5.57236344321e-05, -0.000327496993123, 0.00147545861546, -0.00127087812871, 0.00132397643756], [0.0001257150725, 0.012982795015, -0.00568697089329, 0.0114363813773, -0.00853252597153, 0.00778129417449, -0.00964101031423, 0.00669481465593, -0.0103925494477, 0.00788562186062, -0.0141497887671, 0.0117030115798, -0.0101169347763], [-0.000296359241474, -0.00568697089329, 0.00876601785421, -0.0079288315028, 0.00442659389228, -0.00523421168327, 0.00514909531921, -0.00280066789128, 0.00473903724924, -0.00420332094654, 0.00953078642488, -0.0090415654704, 0.00574621651322], [0.000102056590549, 0.0114363813773, -0.0079288315028, 0.0158409997821, -0.00913475640118, 0.00562988361344, -0.00596125237644, 0.00687585398555, -0.00975584704429, 0.00879044923931, -0.0158120207489, 0.0135553479195, -0.0112187601626], [0.00114058970939, -0.00853252597153, 0.00442659389228, -0.00913475640118, 0.0134390117601, -0.00428964104503, 0.00381899881177, -0.00509409466758, 0.00752411596477, -0.00808421708643, 0.0110690211877, -0.0087230252102, 0.00532975140959], [-0.000695177412126, 0.00778129417449, -0.00523421168327, 0.00562988361344, -0.00428964104503, 0.0167985372245, -0.0126899238676, 0.00355584081262, -0.00445762369782, 0.00147626094986, -0.00934065133333, 0.00844069756567, -0.00692841690034], [-0.000388203421608, -0.00964101031423, 0.00514909531921, -0.00596125237644, 0.00381899881177, -0.0126899238676, 0.024975977838, -0.0108744185418, 0.00548695027828, 0.00207463908009, 0.00457659829408, -0.00717976409942, 0.0103703979403], [0.000142107950523, 0.00669481465593, -0.00280066789128, 0.00687585398555, -0.00509409466758, 0.00355584081262, -0.0108744185418, 0.0211695265025, -0.0100200241432, -0.00159605569206, -0.00206405017525, 0.00349832652137, -0.00526542682201], [5.57236344321e-05, -0.0103925494477, 0.00473903724924, -0.00975584704429, 0.00752411596477, -0.00445762369782, 0.00548695027828, -0.0100200241432, 0.0258434023708, -0.0138773228973, 0.0106530496851, -0.00181269296445, 0.00308721372858], [-0.000327496993123, 0.00788562186062, -0.00420332094654, 0.00879044923931, -0.00808421708643, 0.00147626094986, 0.00207463908009, -0.00159605569206, -0.0138773228973, 0.0297319237143, -0.0144393621013, 0.00117342383601, 0.00178212753963], [0.00147545861546, -0.0141497887671, 0.00953078642488, -0.0158120207489, 0.0110690211877, -0.00934065133333, 0.00457659829408, -0.00206405017525, 0.0106530496851, -0.0144393621013, 0.0385954715312, -0.0194838959724, 0.00726918922737], [-0.00127087812871, 0.0117030115798, -0.0090415654704, 0.0135553479195, -0.0087230252102, 0.00844069756567, -0.00717976409942, 0.00349832652137, -0.00181269296445, 0.00117342383601, -0.0194838959724, 0.0350387655199, -0.0161583106965], [0.00132397643756, -0.0101169347763, 0.00574621651322, -0.0112187601626, 0.00532975140959, -0.00692841690034, 0.0103703979403, -0.00526542682201, 0.00308721372858, 0.00178212753963, 0.00726918922737, -0.0161583106965, 0.0334749482572]]
    },
    "melbands": {
        "dmean": [0.000605892972089, 0.000953456910793, 0.00161647063214, 0.00166400300805, 0.000433759094449, 0.0001440380438, 5.76781894779e-05, 8.74433244462e-05, 8.37104817037e-05, 3.80723577109e-05, 2.90595417027e-05, 3.33206444338e-05, 2.47619955189e-05, 2.2312902729e-05, 2.53244852502e-05, 2.33232567552e-05, 4.00739518227e-05, 3.12749762088e-05, 2.77510171145e-05, 1.54817826115e-05, 3.10785544571e-05, 2.32144993788e-05, 1.45961676026e-05, 7.65737058828e-06, 7.95816777099e-06, 7.26115149519e-06, 5.86882833886e-06, 4.71283510706e-06, 4.06019944421e-06, 3.54210555997e-06, 3.29986119141e-06, 2.9921402529e-06, 2.55733448284e-06, 2.17039564632e-06, 1.73623038791e-06, 1.37058736982e-06, 9.87699536381e-07, 7.93286062617e-07, 4.60407420633e-07, 2.63141316736e-07],
        "dmean2": [0.00100113591179, 0.00156321551185, 0.00268635898829, 0.00284170871601, 0.000724336889107, 0.00023260670423, 9.45843057707e-05, 0.000135538983159, 0.000128707717522, 5.80832020205e-05, 4.7271954827e-05, 5.34772552783e-05, 3.78235708922e-05, 3.60747835657e-05, 3.96379327867e-05, 3.62941391359e-05, 6.40364305582e-05, 4.93909501529e-05, 4.56924244645e-05, 2.51820565609e-05, 4.77980502183e-05, 3.75844319933e-05, 2.38183492911e-05, 1.20118802442e-05, 1.28429428514e-05, 1.185657311e-05, 9.38645825954e-06, 7.55668361307e-06, 6.23785354037e-06, 5.32644617124e-06, 5.10580139235e-06, 4.38892629973e-06, 3.7622387481e-06, 3.18981415148e-06, 2.58110026152e-06, 2.02774140234e-06, 1.49693619278e-06, 1.19726223602e-06, 6.87541273692e-07, 4.1275905005e-07],
        "dvar": [1.12742930014e-06, 2.22258609028e-06, 7.48122420191e-06, 1.10468163257e-05, 4.21555739649e-07, 9.16455817901e-08, 9.39545330425e-09, 4.66995899728e-08, 3.34462377793e-08, 9.17962328373e-09, 6.08178041261e-09, 1.01655555085e-08, 3.68386254834e-09, 3.5251652708e-09, 3.32030603012e-09, 2.15698037209e-09, 4.17207379755e-09, 2.89246937513e-09, 2.4986255287e-09, 4.97151819712e-10, 1.43160117094e-09, 1.0212087842e-09, 3.89025450742e-10, 1.32188163193e-10, 1.13659692769e-10, 8.45238948277e-11, 6.87139511957e-11, 3.58211307838e-11, 3.39925691761e-11, 3.00367820893e-11, 2.83089853642e-11, 2.35368547569e-11, 1.79349833596e-11, 1.45584551359e-11, 1.6894688773e-11, 8.52634629567e-12, 5.21647959204e-12, 2.54900787977e-12, 6.22697477349e-13, 2.15079717274e-13],
        "dvar2": [2.80643803308e-06, 5.91847401665e-06, 2.01898401428e-05, 3.01967738778e-05, 1.00487704913e-06, 2.17851592765e-07, 2.30490311282e-08, 1.16174653897e-07, 7.01616826859e-08, 1.94764915307e-08, 1.43888145843e-08, 2.63841926085e-08, 7.83196174581e-09, 8.26447799085e-09, 6.46457998243e-09, 5.05181096955e-09, 1.05607771417e-08, 6.43588959903e-09, 6.1351284053e-09, 1.21999277347e-09, 3.23123461321e-09, 2.69492428373e-09, 1.03662500806e-09, 3.4895419887e-10, 2.88523954728e-10, 2.19677137592e-10, 1.72676470345e-10, 8.4121327959e-11, 7.77217526449e-11, 7.01844832252e-11, 6.56016907463e-11, 4.93561649884e-11, 3.81421803863e-11, 3.20756199379e-11, 4.119042607e-11, 1.67133962919e-11, 1.13129254228e-11, 5.93096231849e-12, 1.29236552016e-12, 4.72295271468e-13],
        "max": [0.00745712360367, 0.0185008440167, 0.0242565460503, 0.026478452608, 0.00710312044248, 0.00424566445872, 0.00186091871001, 0.00365210301243, 0.00321149243973, 0.00215332279913, 0.00152871327009, 0.00165007601026, 0.00102843751665, 0.00116090965457, 0.00100611825474, 0.000598222890403, 0.00086564978119, 0.000821032386739, 0.000779342837632, 0.00030485264142, 0.000725222867914, 0.000496609136462, 0.000242808877374, 0.000159439558047, 0.00012953960686, 0.00016533836606, 0.000121038414363, 7.45122088119e-05, 5.43511996511e-05, 5.58328829356e-05, 5.84425069974e-05, 5.57266612304e-05, 6.76163181197e-05, 4.81441456941e-05, 8.22150250315e-05, 6.18104022578e-05, 5.79170227866e-05, 3.40890037478e-05, 1.62098076544e-05, 8.61619537318e-06],
        "mean": [0.00072275835555, 0.00148113258183, 0.00209804926999, 0.0017957163509, 0.000641829101369, 0.000219657275011, 0.000101006429759, 0.000144315534271, 0.000136057089549, 7.04719204805e-05, 5.07656623085e-05, 4.89765770908e-05, 3.66931999451e-05, 3.50972695742e-05, 4.06418948842e-05, 3.77748947358e-05, 6.73756949254e-05, 5.70929478272e-05, 5.21766742168e-05, 2.95379759336e-05, 6.72015594319e-05, 5.01112554048e-05, 2.90088955808e-05, 1.42668113767e-05, 1.65645087691e-05, 1.5727157006e-05, 1.21861276057e-05, 9.97264851321e-06, 7.91464935901e-06, 6.18192962065e-06, 5.98213046032e-06, 5.3447784012e-06, 4.50432798971e-06, 3.80369056074e-06, 2.8720037335e-06, 2.20361175707e-06, 1.67936957496e-06, 1.30817784338e-06, 8.36032711504e-07, 4.35987715264e-07],
        "median": [0.000323518412188, 0.000962675141636, 0.00119323690888, 0.000878081482369, 0.000358349847374, 0.000116355629871, 5.94730699959e-05, 4.50033512607e-05, 3.61703314411e-05, 1.94135518541e-05, 1.64554294315e-05, 1.38219629662e-05, 1.29760355776e-05, 1.41050286402e-05, 1.58839156938e-05, 1.79602502612e-05, 3.85485691368e-05, 3.48778230546e-05, 3.33155112457e-05, 1.95100019482e-05, 4.60066403321e-05, 3.68425935449e-05, 2.11606693483e-05, 1.01639916466e-05, 1.25242140712e-05, 1.21704961202e-05, 8.87885562406e-06, 6.76890067552e-06, 5.17596072314e-06, 3.60605554306e-06, 3.50298091689e-06, 2.68804819825e-06, 2.17472756958e-06, 1.79043593107e-06, 1.1955772834e-06, 8.4895452801e-07, 7.02830391219e-07, 5.43276428289e-07, 3.92297010876e-07, 2.17975113515e-07],
        "min": [2.01844704861e-06, 1.67528760358e-05, 3.0444967706e-05, 2.50076482189e-05, 9.69008851825e-06, 4.09291396863e-06, 1.48209574036e-06, 1.27154089569e-06, 1.259342298e-06, 6.73984970945e-07, 9.71853296505e-07, 4.35369997831e-07, 4.31582577676e-07, 9.09133916593e-07, 9.15480086405e-07, 1.01777231976e-06, 1.52658003572e-06, 7.99636495685e-07, 1.08226458906e-06, 8.16103238321e-07, 2.61961713477e-06, 1.41343502946e-06, 9.80566142061e-07, 3.58125561206e-07, 7.91436548297e-07, 4.92876210956e-07, 4.72851723998e-07, 4.92863421186e-07, 3.45444107097e-07, 2.3615153566e-07, 1.50344163785e-07, 8.38326030816e-08, 7.13989152246e-08, 4.33616449413e-08, 2.95765776315e-08, 1.57469255413e-08, 5.39456213033e-09, 5.51046630548e-09, 2.91887891635e-09, 1.20436172146e-09],
