{
"highlevel": {
    "danceability": {
        "all": {
            "danceable": 0.00361980567686,
            "not_danceable": 0.996380209923
        },
        "probability": 0.996380209923,
        "value": "not_danceable"
    },
    "gender": {
        "all": {
            "female": 0.727596998215,
            "male": 0.272402971983
        },
        "probability": 0.727596998215,
        "value": "female"
    },
    "genre_dortmund": {
        "all": {
            "alternative": 0.0914865285158,
            "blues": 0.0112585946918,
            "electronic": 0.0725439786911,
            "folkcountry": 0.592837512493,
            "funksoulrnb": 0.00717631680891,
            "jazz": 0.0840851739049,
            "pop": 0.113105475903,
            "raphiphop": 0.00398948974907,
            "rock": 0.0235169231892
        },
        "probability": 0.592837512493,
        "value": "folkcountry"
    },
    "genre_electronic": {
        "all": {
            "ambient": 0.972444355488,
            "dnb": 0.00405300082639,
            "house": 0.0167373660952,
            "techno": 0.00215101218782,
            "trance": 0.00461426051334
        },
        "probability": 0.972444355488,
        "value": "ambient"
    },
    "genre_rosamerica": {
        "all": {
            "cla": 0.252620279789,
            "dan": 0.0164013579488,
            "hip": 0.020209947601,
            "jaz": 0.272727161646,
            "pop": 0.161226779222,
            "rhy": 0.22381144762,
            "roc": 0.0213828850538,
            "spe": 0.0316201485693
        },
        "probability": 0.272727161646,
        "value": "jaz"
    },
    "genre_tzanetakis": {
        "all": {
            "blu": 0.0483452491462,
            "cla": 0.128936007619,
            "cou": 0.0967291221023,
            "dis": 0.0773913636804,
            "hip": 0.0967430248857,
            "jaz": 0.193488225341,
            "met": 0.0967380404472,
            "pop": 0.128974929452,
            "reg": 0.0773811861873,
            "roc": 0.0552728697658
        },
        "probability": 0.193488225341,
        "value": "jaz"
    },
    "ismir04_rhythm": {
        "all": {
            "ChaChaCha": 0.000218213506741,
            "Jive": 1.2376702216e-05,
            "Quickstep": 4.13964080508e-05,
            "Rumba-American": 0.000574817182496,
            "Rumba-International": 0.000929035595618,
            "Rumba-Misc": 0.00193830300122,
            "Samba": 7.65128206694e-05,
            "Tango": 0.0147550990805,
            "VienneseWaltz": 0.0166763532907,
            "Waltz": 0.964777886868
        },
        "probability": 0.964777886868,
        "value": "Waltz"
    },
    "mood_acoustic": {
        "all": {
            "acoustic": 0.999402046204,
            "not_acoustic": 0.000597937963903
        },
        "probability": 0.999402046204,
        "value": "acoustic"
    },
    "mood_aggressive": {
        "all": {
            "aggressive": 2.13271391658e-06,
            "not_aggressive": 0.999997854233
        },
        "probability": 0.999997854233,
        "value": "not_aggressive"
    },
    "mood_electronic": {
        "all": {
            "electronic": 0.0284262578934,
            "not_electronic": 0.971573770046
        },
        "probability": 0.971573770046,
        "value": "not_electronic"
    },
    "mood_happy": {
        "all": {
            "happy": 0.315183252096,
            "not_happy": 0.684816718102
        },
        "probability": 0.684816718102,
        "value": "not_happy"
    },
    "mood_party": {
        "all": {
            "not_party": 0.999798357487,
            "party": 0.000201651855605
        },
        "probability": 0.999798357487,
        "value": "not_party"
    },
    "mood_relaxed": {
        "all": {
            "not_relaxed": 0.0204911213368,
            "relaxed": 0.979508876801
        },
        "probability": 0.979508876801,
        "value": "relaxed"
    },
    "mood_sad": {
        "all": {
            "not_sad": 0.0415587686002,
            "sad": 0.958441257477
        },
        "probability": 0.958441257477,
        "value": "sad"
    },
    "moods_mirex": {
        "all": {
            "Cluster1": 0.0558070354164,
            "Cluster2": 0.101114958525,
            "Cluster3": 0.371081978083,
            "Cluster4": 0.437471747398,
            "Cluster5": 0.0345242656767
        },
        "probability": 0.437471747398,
        "value": "Cluster4"
    },
    "timbre": {
        "all": {
            "bright": 0.790186524391,
            "dark": 0.209813475609
        },
        "probability": 0.790186524391,
        "value": "bright"
    },
    "tonal_atonal": {
        "all": {
            "atonal": 0.116746217012,
            "tonal": 0.88325381279
        },
        "probability": 0.88325381279,
        "value": "tonal"
    },
    "voice_instrumental": {
        "all": {
            "instrumental": 0.204597875476,
            "voice": 0.795402109623
        },
        "probability": 0.795402109623,
        "value": "voice"
    }
},
"lowlevel": {
    "average_loudness": 0.964706122875,
    "barkbands_crest": {
        "dmean": 1.64936625957,
        "dmean2": 2.08909916878,
        "dvar": 2.56938362122,
        "dvar2": 5.33843660355,
        "max": 26.2235641479,
        "mean": 12.9145832062,
        "median": 12.2766084671,
        "min": 4.8833489418,
        "var": 16.1964378357
    },
    "barkbands_flatness_db": {
        "dmean": 0.0294058248401,
        "dmean2": 0.0385394208133,
        "dvar": 0.00164392765146,
        "dvar2": 0.00293074082583,
        "max": 0.601168572903,
        "mean": 0.385899692774,
        "median": 0.396403044462,
        "min": 0.138835087419,
        "var": 0.00679241446778
    },
    "barkbands_kurtosis": {
        "dmean": 1.35355949402,
        "dmean2": 1.67497885227,
        "dvar": 18.1724910736,
        "dvar2": 31.5645523071,
        "max": 144.15007019,
        "mean": 2.15452814102,
        "median": 0.200043916702,
        "min": -1.80333101749,
        "var": 99.3225402832
    },
    "barkbands_skewness": {
        "dmean": 0.327942192554,
        "dmean2": 0.378112822771,
        "dvar": 0.170597463846,
        "dvar2": 0.32064422965,
        "max": 9.5826253891,
        "mean": 0.633688807487,
        "median": 0.564658999443,
        "min": -2.08361625671,
        "var": 1.30153477192
    },
    "barkbands_spread": {
        "dmean": 1.71032679081,
        "dmean2": 2.31696271896,
        "dvar": 12.8022480011,
        "dvar2": 28.7442455292,
        "max": 52.4705848694,
        "mean": 8.92717266083,
        "median": 8.28154754639,
        "min": 0.197651281953,
        "var": 33.0221214294
    },
    "dissonance": {
        "dmean": 0.0510296076536,
        "dmean2": 0.0854560136795,
        "dvar": 0.00217004376464,
        "dvar2": 0.00574308075011,
        "max": 0.492143392563,
        "mean": 0.340825766325,
        "median": 0.347990602255,
        "min": 0.103620171547,
        "var": 0.00603656936437
    },
    "dynamic_complexity": 2.43955993652,
    "erbbands_crest": {
        "dmean": 2.04404640198,
        "dmean2": 2.45447182655,
        "dvar": 3.82712459564,
        "dvar2": 7.43642044067,
        "max": 31.1599750519,
        "mean": 16.9255485535,
        "median": 16.2315616608,
        "min": 5.26215648651,
        "var": 25.3016281128
    },
    "erbbands_flatness_db": {
        "dmean": 0.0267354156822,
        "dmean2": 0.0326194129884,
        "dvar": 0.00130803789943,
        "dvar2": 0.00241424608976,
        "max": 0.586966395378,
        "mean": 0.412304788828,
        "median": 0.425710201263,
        "min": 0.175574153662,
        "var": 0.00572617584839
    },
    "erbbands_kurtosis": {
        "dmean": 1.04495930672,
        "dmean2": 1.31378662586,
        "dvar": 3.63856387138,
        "dvar2": 7.31911897659,
        "max": 44.360496521,
        "mean": 1.30086755753,
        "median": 0.208167791367,
        "min": -1.82879054546,
        "var": 17.1725139618
    },
    "erbbands_skewness": {
        "dmean": 0.326979517937,
        "dmean2": 0.386469334364,
        "dvar": 0.16984321177,
        "dvar2": 0.35828346014,
        "max": 5.61648654938,
        "mean": 0.0847540125251,
        "median": 0.0332625582814,
        "min": -2.75472569466,
        "var": 1.16433978081
    },
    "erbbands_spread": {
        "dmean": 2.38799095154,
        "dmean2": 3.15309405327,
        "dvar": 20.8091506958,
        "dvar2": 47.2991981506,
        "max": 64.1105041504,
        "mean": 12.2927160263,
        "median": 11.0922746658,
        "min": 0.889510750771,
        "var": 48.6987953186
    },
    "hfc": {
        "dmean": 6.4431180954,
        "dmean2": 7.38347005844,
        "dvar": 275.592315674,
        "dvar2": 553.511108398,
        "max": 324.995635986,
        "mean": 23.3565330505,
        "median": 16.8137321472,
        "min": 1.41224062443,
        "var": 613.870178223
    },
    "melbands_crest": {
        "dmean": 2.04748272896,
        "dmean2": 2.62659955025,
        "dvar": 4.29590606689,
        "dvar2": 8.76502323151,
        "max": 33.5959625244,
        "mean": 15.7916488647,
        "median": 14.7043905258,
        "min": 6.51655721664,
        "var": 28.1479358673
    },
    "melbands_flatness_db": {
        "dmean": 0.0325505435467,
        "dmean2": 0.0427225865424,
        "dvar": 0.00235435646027,
        "dvar2": 0.00429202476516,
        "max": 0.6906016469,
        "mean": 0.432741463184,
        "median": 0.446532666683,
        "min": 0.146174743772,
        "var": 0.00880624447018
    },
    "melbands_kurtosis": {
        "dmean": 1.49896025658,
        "dmean2": 1.8593057394,
        "dvar": 13.3228435516,
        "dvar2": 26.6375331879,
        "max": 89.8259963989,
        "mean": 2.41230845451,
        "median": 0.546734809875,
        "min": -1.78576958179,
        "var": 64.4208068848
    },
    "melbands_skewness": {
        "dmean": 0.323147267103,
        "dmean2": 0.370487868786,
        "dvar": 0.161793321371,
        "dvar2": 0.314585268497,
        "max": 6.74715995789,
        "mean": 0.827372550964,
        "median": 0.719772577286,
        "min": -1.85125946999,
        "var": 0.944706499577
    },
    "melbands_spread": {
        "dmean": 2.14038443565,
        "dmean2": 2.75897789001,
        "dvar": 14.2490692139,
        "dvar2": 29.7952194214,
        "max": 78.5160675049,
        "mean": 15.3851013184,
        "median": 14.8978652954,
        "min": 0.400201380253,
        "var": 70.4135971069
    },
    "pitch_salience": {
        "dmean": 0.035233464092,
        "dmean2": 0.0488312840462,
        "dvar": 0.00149595749099,
        "dvar2": 0.0033860031981,
        "max": 0.708811640739,
        "mean": 0.411365240812,
        "median": 0.400934368372,
        "min": 0.202657416463,
        "var": 0.00692433770746
    },
    "silence_rate_20dB": {
        "dmean": 0,
        "dmean2": 0,
        "dvar": 0,
        "dvar2": 0,
        "max": 1,
        "mean": 1,
        "median": 1,
        "min": 1,
        "var": 0
    },
    "silence_rate_30dB": {
        "dmean": 0.00464396271855,
        "dmean2": 0.00929511990398,
        "dvar": 0.00462233833969,
        "dvar2": 0.012307276018,
        "max": 1,
        "mean": 0.996133029461,
        "median": 1,
        "min": 0,
        "var": 0.00385204958729
    },
    "silence_rate_60dB": {
        "dmean": 0.00464396271855,
        "dmean2": 0.00929511990398,
        "dvar": 0.00462232623249,
        "dvar2": 0.0107579007745,
        "max": 1,
        "mean": 0.00386697612703,
        "median": 0,
        "min": 0,
        "var": 0.00385203771293
    },
    "spectral_centroid": {
        "dmean": 61.4764976501,
        "dmean2": 81.4260559082,
        "dvar": 10338.8691406,
        "dvar2": 20395.109375,
        "max": 1890.44909668,
        "mean": 917.930664062,
        "median": 908.734313965,
        "min": 442.242401123,
        "var": 68555.59375
    },
    "spectral_complexity": {
        "dmean": 0.709752321243,
        "dmean2": 1.19984507561,
        "dvar": 1.59764266014,
        "dvar2": 3.64711952209,
        "max": 23,
        "mean": 8.82134532928,
        "median": 9,
        "min": 3,
        "var": 4.23026657104
    },
    "spectral_decrease": {
        "dmean": 1.01551378417e-09,
        "dmean2": 9.3603813589e-10,
        "dvar": 1.96918637304e-18,
        "dvar2": 1.82223628965e-18,
        "max": -6.87359613671e-10,
        "mean": -5.80784176307e-09,
        "median": -4.74616701496e-09,
        "min": -3.21440332129e-08,
        "var": 1.80774747676e-17
    },
    "spectral_energy": {
        "dmean": 0.00433936109766,
        "dmean2": 0.0039813099429,
        "dvar": 3.66977401427e-05,
        "dvar2": 3.53962605004e-05,
        "max": 0.128925606608,
        "mean": 0.0240385811776,
        "median": 0.01946875453,
        "min": 0.00281570013613,
        "var": 0.0003148810938
    },
    "spectral_energyband_high": {
        "dmean": 0.000353827199433,
        "dmean2": 0.000547530129552,
        "dvar": 2.77532831205e-06,
        "dvar2": 6.46059106657e-06,
        "max": 0.024361114949,
        "mean": 0.000300861342112,
        "median": 4.29145444514e-07,
        "min": 4.17959000742e-09,
        "var": 2.63958213509e-06
    },
    "spectral_energyband_low": {
        "dmean": 6.21732760919e-05,
        "dmean2": 8.88226932148e-05,
        "dvar": 1.60044848485e-08,
        "dvar2": 4.8439904532e-08,
        "max": 0.0024719114881,
        "mean": 0.000252481317148,
        "median": 5.6191933254e-05,
        "min": 5.91280802098e-09,
        "var": 2.2933919297e-07
    },
    "spectral_energyband_middle_high": {
        "dmean": 0.00249298801646,
        "dmean2": 0.00241285120137,
        "dvar": 1.49400038936e-05,
        "dvar2": 1.8365062715e-05,
        "max": 0.0690638795495,
        "mean": 0.0116573385894,
        "median": 0.0084586981684,
        "min": 4.90056809213e-05,
        "var": 0.000125762278913
    },
    "spectral_energyband_middle_low": {
        "dmean": 0.00256296130829,
        "dmean2": 0.00251027429476,
        "dvar": 1.38754503496e-05,
        "dvar2": 1.59708597494e-05,
        "max": 0.0779888778925,
        "mean": 0.012204467319,
        "median": 0.00873552821577,
        "min": 0.00109826913103,
        "var": 0.000108305132017
    },
    "spectral_entropy": {
        "dmean": 0.253417670727,
        "dmean2": 0.368682444096,
        "dvar": 0.192079246044,
        "dvar2": 0.371820211411,
        "max": 7.89627361298,
        "mean": 5.41598272324,
        "median": 5.30567550659,
        "min": 3.79289054871,
        "var": 0.455973118544
    },
    "spectral_flux": {
        "dmean": 0.0123304333538,
        "dmean2": 0.0181892942637,
        "dvar": 0.000315492099617,
        "dvar2": 0.000650847447105,
        "max": 0.203766837716,
        "mean": 0.0318541526794,
        "median": 0.0239774622023,
        "min": 0.00278508523479,
        "var": 0.000681906996761
    },
    "spectral_kurtosis": {
        "dmean": 30.5908527374,
        "dmean2": 50.1428451538,
        "dvar": 1250.57067871,
        "dvar2": 2901.86230469,
        "max": 369.43145752,
        "mean": 84.2677688599,
        "median": 79.4618835449,
        "min": 0.786271810532,
        "var": 3618.52978516
    },
    "spectral_rms": {
        "dmean": 0.000416001712438,
        "dmean2": 0.000378784752684,
        "dvar": 2.42334863287e-07,
        "dvar2": 2.46759498168e-07,
        "max": 0.0112152164802,
        "mean": 0.00455911504105,
        "median": 0.0043581998907,
        "min": 0.00165741506498,
        "var": 2.66678466687e-06
    },
    "spectral_rolloff": {
        "dmean": 163.79888916,
        "dmean2": 313.70715332,
        "dvar": 723493.5,
        "dvar2": 1959071.25,
        "max": 12381.5917969,
        "mean": 1383.45556641,
        "median": 1399.65820312,
        "min": 452.197265625,
        "var": 685593.5625
    },
    "spectral_skewness": {
        "dmean": 1.67014670372,
        "dmean2": 2.72867512703,
        "dvar": 2.55292701721,
        "dvar2": 6.0884642601,
        "max": 15.9353132248,
        "mean": 6.25847101212,
        "median": 6.12984371185,
        "min": 0.88085770607,
        "var": 7.64411067963
    },
    "spectral_spread": {
        "dmean": 693224,
        "dmean2": 1028918.25,
        "dvar": 1.135198208e+12,
        "dvar2": 2.28805050368e+12,
        "max": 10072765,
        "mean": 1572617.25,
        "median": 1010017.5625,
        "min": 280791.375,
        "var": 2.29168827597e+12
    },
    "spectral_strongpeak": {
        "dmean": 0.90310382843,
        "dmean2": 1.3935521841,
        "dvar": 6.03997087479,
        "dvar2": 16.356798172,
        "max": 40.6291503906,
        "mean": 3.653901577,
        "median": 2.77391791344,
        "min": 0.238670051098,
        "var": 8.6029214859
    },
    "zerocrossingrate": {
        "dmean": 0.0056012510322,
        "dmean2": 0.00615930277854,
        "dvar": 0.000119949007058,
        "dvar2": 0.000152678941959,
        "max": 0.21923828125,
        "mean": 0.0493469946086,
        "median": 0.0458984375,
        "min": 0.01953125,
        "var": 0.000473701307783
    },
    "barkbands": {
        "dmean": [2.33528368199e-07, 6.53374911508e-07, 2.32670881815e-05, 7.7675213106e-05, 0.000199712376343, 0.000322154315654, 0.00122661166824, 0.000589876261074, 0.000762250332627, 0.00145314319525, 0.000509520876221, 6.67956264806e-05, 0.000460671610199, 0.000218532732106, 0.000309935159748, 6.68452048558e-05, 5.04667441419e-05, 1.28155825223e-05, 1.17345025501e-05, 1.59951396199e-05, 7.29979728931e-06, 5.33165848537e-06, 6.65643892717e-05, 0.000147802187712, 8.62176893861e-05, 5.80204505241e-05, 1.1116615406e-09],
        "dmean2": [4.12527981553e-07, 1.04481944163e-06, 2.49247059401e-05, 0.000121636585391, 0.00026564867585, 0.000405738654081, 0.00125036528334, 0.00061145669315, 0.000803053320851, 0.00118464021944, 0.000508207594976, 7.98561231932e-05, 0.000636121665593, 0.000216673201066, 0.000395630602725, 9.60117395152e-05, 7.62468989706e-05, 2.33683549595e-05, 2.02805567824e-05, 2.65468606813e-05, 1.2464941392e-05, 8.86417365109e-06, 9.280465747e-05, 0.000234332197579, 0.000136995047797, 0.000106165971374, 1.90822069257e-09],
        "dvar": [1.4747853546e-12, 4.47889078256e-12, 2.88551316174e-09, 2.65449227044e-08, 6.35985315967e-07, 1.35323216455e-06, 4.8419678933e-06, 1.08019150957e-06, 6.35953028905e-06, 6.97432869856e-06, 1.32668958486e-06, 5.80879913059e-08, 7.42910697227e-06, 5.51482628453e-07, 1.17439901715e-06, 4.32031441733e-08, 3.34783237577e-07, 4.44699477242e-09, 1.91090121504e-09, 3.71947006528e-09, 7.14624137643e-10, 5.86352466581e-10, 1.95934021008e-07, 1.40577765251e-06, 4.87756210532e-07, 1.22883008657e-07, 2.94644215733e-17],
        "dvar2": [3.88453245265e-12, 9.76769273103e-12, 3.19341175725e-09, 8.68725962277e-08, 7.14657403478e-07, 1.44640341659e-06, 5.0158337217e-06, 1.37794370403e-06, 8.50860305945e-06, 3.8827570279e-06, 1.48186768456e-06, 9.95880924393e-08, 1.34005231303e-05, 5.05920297655e-07, 1.80796257609e-06, 8.17652932028e-08, 8.19803346985e-07, 1.34500695026e-08, 5.43926281793e-09, 9.14181619294e-09, 1.81893089479e-09, 1.48478429551e-09, 3.50476625499e-07, 3.35764161719e-06, 1.15930288302e-06, 3.48952539753e-07, 3.38613232804e-17],
        "max": [2.21394147957e-05, 4.27630438935e-05, 0.00191534950864, 0.00184667448048, 0.0264687240124, 0.0557123757899, 0.0379698239267, 0.025611076504, 0.0443419441581, 0.0666179358959, 0.0208110604435, 0.00550908921286, 0.0481650345027, 0.021457856521, 0.0171414818615, 0.00478236936033, 0.0216364897788, 0.000857197795995, 0.000578128441703, 0.000652530812658, 0.000381647114409, 0.000534516235348, 0.00918810348958, 0.0189546979964, 0.0192247517407, 0.00617592874914, 1.85384351425e-07],
        "mean": [1.75078326947e-07, 8.09708012639e-07, 0.000142079385114, 0.000201309128897, 0.00146608089563, 0.00169280497357, 0.00356005551293, 0.00247687706724, 0.0022236010991, 0.00477395998314, 0.00119806244038, 0.000210928788874, 0.00186842796393, 0.0017164881574, 0.00169955973979, 0.000376010924811, 0.000101944628113, 9.73941860138e-06, 9.76630963123e-06, 1.39079565997e-05, 5.7941574596e-06, 4.46093190476e-06, 7.07245781086e-05, 0.000115860377264, 6.43456369289e-05, 3.48633075191e-05, 1.00065533637e-09],
        "median": [2.08760617681e-08, 9.88390524981e-08, 5.72639737584e-06, 9.07297362573e-05, 0.000244443217525, 0.000590721087065, 0.00118180504069, 0.00123729626648, 0.000458705530036, 0.00168007565662, 0.000192816587514, 8.04730370874e-06, 3.35612166964e-05, 3.63249114343e-06, 4.25364487455e-05, 7.69297730585e-06, 1.59548540068e-06, 3.53322263891e-07, 2.45932284315e-07, 1.3423756684e-07, 8.00642041554e-08, 5.09269533211e-08, 3.05145100299e-08, 2.64790518401e-08, 3.45453763373e-08, 5.58216983748e-09, 3.91709303882e-10],
        "min": [1.23682713377e-11, 5.06590491778e-10, 2.66393213044e-10, 9.3986713523e-08, 1.84225393696e-06, 8.00181442173e-06, 1.62083979376e-05, 9.17130182643e-06, 3.72282079297e-06, 5.57730345463e-07, 1.42208591569e-07, 3.23267030922e-08, 9.0375262829e-09, 1.10550404386e-08, 1.41866731695e-08, 2.20283569163e-10, 1.0742631229e-09, 3.60766749807e-10, 4.80761597199e-10, 1.66513502986e-09, 6.33485652823e-10, 3.14060277784e-10, 4.60201654562e-10, 2.97831342921e-11, 9.84106823809e-11, 5.20170850837e-11, 6.63543109347e-11],
        "var": [1.0278772191e-12, 5.87091833482e-12, 1.29482216948e-07, 6.96812065826e-08, 1.24913467516e-05, 1.79952858161e-05, 3.648053098e-05, 1.14310441859e-05, 2.44341390498e-05, 7.04232952558e-05, 6.04048636887e-06, 3.82001246635e-07, 3.43353203789e-05, 1.80349434231e-05, 1.05193003037e-05, 6.68694383421e-07, 8.05834758921e-07, 2.93839441667e-09, 1.5037500134e-09, 3.3604143912e-09, 5.95520688318e-10, 4.93599106033e-10, 3.02336246705e-07, 1.23464849366e-06, 4.14614333977e-07, 7.24179685108e-08, 2.91307534578e-17]
    },
    "erbbands": {
        "dmean": [1.85001372301e-05, 0.000403440208174, 0.0166670419276, 0.162289664149, 0.199954390526, 0.705500245094, 1.9642124176, 3.40486717224, 18.5609798431, 8.51337528229, 12.6907920837, 22.1900920868, 17.6308784485, 54.004360199, 19.8973026276, 4.0099978447, 19.3848247528, 17.2886257172, 15.5218801498, 7.12191104889, 3.43558573723, 1.67914140224, 0.74407595396, 0.657680988312, 0.718692779541, 0.602691411972, 0.387683868408, 0.238364800811, 0.162698447704, 0.540811896324, 2.23275017738, 3.62122797966, 1.98215150833, 0.687039315701, 0.610821068287, 0.465209901333, 0.0512453205884, 0.00268147024326, 7.24535639165e-05, 1.11182234832e-05],
        "dmean2": [2.85211608571e-05, 0.000528454140294, 0.0195249337703, 0.247222855687, 0.275695621967, 0.909494936466, 2.67394280434, 3.85261917114, 18.4424362183, 9.58022403717, 12.8949518204, 22.9844722748, 15.8619298935, 44.9421730042, 19.2661266327, 4.62766504288, 26.235710144, 19.3658924103, 18.7397689819, 9.6457901001, 5.05584049225, 2.56015563011, 1.34477376938, 1.16302704811, 1.2213395834, 1.03988349438, 0.665579617023, 0.391244709492, 0.270877033472, 0.858981370926, 3.05802440643, 5.55040168762, 3.1584880352, 1.06760275364, 1.03355967999, 0.840278625488, 0.0931513607502, 0.00497517501935, 0.000128082378069, 1.45737149069e-05],
        "dvar": [3.51626994188e-09, 8.83474172042e-07, 0.00134842796251, 0.109449192882, 0.152459546924, 12.2394895554, 28.2081718445, 187.737838745, 1220.3001709, 152.917877197, 701.719116211, 5041.875, 728.621520996, 9707.046875, 2874.34277344, 156.375213623, 12693.4052734, 2606.67553711, 2993.01196289, 568.651184082, 392.137420654, 217.596359253, 14.9473838806, 9.63294124603, 6.54077625275, 5.06205558777, 2.02286028862, 0.814245343208, 0.518782734871, 14.2874898911, 272.718811035, 791.628540039, 313.28036499, 50.822593689, 21.0062847137, 7.28501796722, 0.100793682039, 0.000230815130635, 1.3998831605e-07, 1.18751197764e-09],
        "dvar2": [8.14492562284e-09, 1.5768977164e-06, 0.00185879529454, 0.376784712076, 0.303678452969, 13.5859212875, 37.4878463745, 176.456542969, 1268.68701172, 199.581329346, 825.461730957, 6675.73730469, 762.445678711, 5710.10742188, 3133.48510742, 261.958740234, 21705.765625, 3626.01391602, 4526.13037109, 904.891296387, 931.586486816, 496.014862061, 43.7598304749, 28.9475002289, 16.0135345459, 12.8593263626, 5.42721509933, 1.95193302631, 1.41710579395, 33.3117332458, 483.264709473, 1827.65991211, 804.840087891, 114.882888794, 53.1119270325, 20.694229126, 0.264407217503, 0.000640081882011, 3.79537340223e-07, 2.90347723642e-09],
        "max": [0.00121649482753, 0.0267206337303, 1.24533748627, 3.44385743141, 7.28470802307, 119.53238678, 118.46987915, 698.603515625, 588.268737793, 207.650604248, 690.102111816, 1244.85742188, 450.356781006, 2436.98071289, 1068.95507812, 284.419281006, 2003.50720215, 1144.07568359, 885.871276855, 488.439544678, 714.278747559, 556.070373535, 57.2768516541, 47.4915008545, 24.8906173706, 28.8241424561, 18.9601745605, 12.1455850601, 13.8279819489, 107.956985474, 349.39151001, 507.522094727, 466.241577148, 205.400299072, 119.091369629, 49.9409866333, 7.28188323975, 0.19006447494, 0.00601551821455, 0.000725937483367],
        "mean": [4.95688618685e-05, 0.00191295577679, 0.0947461649776, 0.518990159035, 0.675675034523, 5.53101921082, 12.6656503677, 17.6628246307, 55.2497634888, 34.1860961914, 54.5460777283, 68.7891845703, 60.7853965759, 172.729660034, 49.2519950867, 13.5362863541, 83.0271911621, 115.923904419, 82.4927902222, 47.7342224121, 14.9562292099, 3.26885724068, 0.676559746265, 0.530672490597, 0.641596794128, 0.503021478653, 0.30229973793, 0.20396232605, 0.139440208673, 0.450881421566, 2.44716978073, 3.0692346096, 1.51111257076, 0.542673230171, 0.428127199411, 0.286073863506, 0.0319610163569, 0.00164076988585, 5.76805578021e-05, 3.28069472744e-05],
        "median": [1.35607924676e-05, 0.000229303419474, 0.0104279769585, 0.206326156855, 0.283017009497, 0.491026341915, 4.56964111328, 6.20672130585, 17.2357292175, 19.0065860748, 13.4564943314, 22.4935894012, 27.7922096252, 54.0495300293, 11.8127813339, 2.4108684063, 3.90954875946, 5.65201282501, 14.8741207123, 10.4573488235, 2.05133986473, 0.210397899151, 0.0733784660697, 0.0165444388986, 0.0168227925897, 0.00614089053124, 0.0046936175786, 0.00307860807516, 0.0018664841773, 0.00130125309806, 0.000821801484562, 0.000566808797885, 0.00057159998687, 0.000476257089758, 0.000209828038351, 7.03185869497e-05, 1.2890223843e-05, 3.31865476255e-06, 1.07701298475e-05, 2.32594647969e-05],
        "min": [3.48836010744e-07, 1.8198984435e-06, 1.64336852322e-05, 0.00039823903353, 0.00618657656014, 0.00899515021592, 0.022621454671, 0.135099992156, 0.260401815176, 0.394622981548, 0.497462809086, 0.489367634058, 0.10088865459, 0.122178912163, 0.0347920879722, 0.100915402174, 0.0435755066574, 0.0373631492257, 0.0502057820559, 0.0131668429822, 0.000626007269602, 0.000236031017266, 0.000143629978993, 3.9422273403e-05, 6.35386386421e-05, 8.5306543042e-05, 6.16287798039e-05, 1.8325074052e-05, 1.34748634082e-05, 1.66172412719e-05, 1.52385746333e-05, 4.86512635689e-06, 3.2441505482e-06, 4.42115879196e-06, 2.68782264357e-06, 1.78206130386e-06, 1.0622670743e-06, 2.66540837401e-07, 1.3691848153e-06, 3.1803008369e-06],
        "var": [1.07062501087e-08, 2.28481094382e-05, 0.0540371313691, 0.528039574623, 0.939053893089, 238.88861084, 401.831573486, 2806.6574707, 8785.21875, 1439.95776367, 8204.20214844, 19622.421875, 5823.27832031, 95721.5546875, 12722.8603516, 986.919372559, 61441.7148438, 54184.625, 22067.0976562, 6891.20117188, 1363.27722168, 549.473083496, 11.5023317337, 6.81738138199, 6.28587865829, 4.17592000961, 1.49548065662, 0.756774902344, 0.378034979105, 13.8426399231, 425.10357666, 738.922119141, 238.380844116, 46.3274803162, 16.0846843719, 4.28855419159, 0.0726701319218, 0.000144908277434, 9.41812956512e-08, 1.51402312909e-09]
    },
    "gfcc": {
        "mean": [-157.553222656, 165.545318604, -155.949859619, -81.2286682129, -70.8698196411, -13.1401700974, -55.2883148193, -19.4139575958, -10.6756343842, -11.3104782104, -20.5402336121, -23.2813014984, 2.9576792717],
        "cov": [[6257.45410156, -3404.38549805, 371.995544434, 1466.07800293, -808.171813965, 1135.82128906, -553.921569824, 859.639892578, -498.658996582, 189.979492188, -285.664489746, 158.580230713, -154.439529419], [-3404.38549805, 2851.97143555, 61.5070877075, -729.468933105, 844.344421387, -521.376281738, 405.93939209, -626.68927002, 332.459960938, -295.089202881, 83.4899520874, -210.510131836, 189.710693359], [371.995544434, 61.5070877075, 714.398498535, 174.699264526, -46.5835914612, 262.95489502, 35.8073501587, -51.0834579468, -124.781806946, 140.029876709, 81.3748092651, -106.152320862, -256.939971924], [1466.07800293, -729.468933105, 174.699264526, 814.419494629, -177.277404785, 231.078292847, -72.2759857178, 226.474365234, -111.254051208, 52.6858863831, -111.229309082, -53.4191894531, -77.2849121094], [-808.171813965, 844.344421387, -46.5835914612, -177.277404785, 560.550109863, -112.045051575, 11.3214883804, -99.4948883057, 123.967041016, -120.387252808, -157.643066406, -70.4172744751, 169.267822266], [1135.82128906, -521.376281738, 262.95489502, 231.078292847, -112.045051575, 547.090759277, -89.4872665405, 17.8716850281, -80.676071167, 89.0461120605, 11.7520017624, -161.185272217, -200.696334839], [-553.921569824, 405.93939209, 35.8073501587, -72.2759857178, 11.3214883804, -89.4872665405, 248.018188477, -121.391532898, -11.7080564499, 28.7268924713, 91.1979827881, -71.4640274048, -86.5688095093], [859.639892578, -626.68927002, -51.0834579468, 226.474365234, -99.4948883057, 17.8716850281, -121.391532898, 381.433227539, -76.7987747192, -92.0279998779, -112.361030579, 176.264877319, 72.6346893311], [-498.658996582, 332.459960938, -124.781806946, -111.254051208, 123.967041016, -80.676071167, -11.7080564499, -76.7987747192, 202.687515259, -54.3625297546, -62.7200012207, -40.0707397461, 69.3352508545], [189.979492188, -295.089202881, 140.029876709, 52.6858863831, -120.387252808, 89.0461120605, 28.7268924713, -92.0279998779, -54.3625297546, 340.950897217, 59.8048858643, -170.66645813, -188.906707764], [-285.664489746, 83.4899520874, 81.3748092651, -111.229309082, -157.643066406, 11.7520017624, 91.1979827881, -112.361030579, -62.7200012207, 59.8048858643, 310.957611084, -35.5231513977, -191.140426636], [158.580230713, -210.510131836, -106.152320862, -53.4191894531, -70.4172744751, -161.185272217, -71.4640274048, 176.264877319, -40.0707397461, -170.66645813, -35.5231513977, 410.395263672, 141.281478882], [-154.439529419, 189.710693359, -256.939971924, -77.2849121094, 169.267822266, -200.696334839, -86.5688095093, 72.6346893311, 69.3352508545, -188.906707764, -191.140426636, 141.281478882, 452.483703613]],
        "icov": [[0.00108989782166, 0.000890594965313, -0.00023750460241, -0.000756166409701, -0.000196326611331, -0.00130907655694, -0.000103723883512, -0.000203796545975, 0.000412692024838, 0.00017214694526, 9.4076654932e-05, -0.000266243645456, -0.000628234003671], [0.000890594965313, 0.00655034324154, -0.00349552230909, 0.000316021993058, -0.0053662089631, 0.00258877198212, -0.00470530614257, 0.00468179350719, -0.00298204971477, 0.00559997837991, -0.00205744220875, 0.00179608887993, -0.00150443508755], [-0.00023750460241, -0.00349552230909, 0.00414075609297, -0.000711643951945, 0.00242828414775, -0.00248004379682, 0.00250040227547, -0.00222952407785, 0.00275275786407, -0.00344641576521, 0.0011594692478, -0.00147908902727, 0.00153307395522], [-0.000756166409701, 0.000316021993058, -0.000711643951945, 0.00275475811213, 8.71338943398e-06, 0.00128225423396, -0.000733244989533, -0.000113400099508, -0.000281393702608, 0.00102985952981, 0.000710550055373, 0.0013557204511, 0.000469145510579], [-0.000196326611331, -0.0053662089631, 0.00242828414775, 8.71338943398e-06, 0.00807793531567, -0.00231134356, 0.00432793935761, -0.00351643422619, 0.00283815548755, -0.00333749665879, 0.00398311810568, -0.000374202325474, 0.000879839994013], [-0.00130907655694, 0.00258877198212, -0.00248004379682, 0.00128225423396, -0.00231134356, 0.00768955098465, -0.000545558577869, 0.0038121920079, -0.00120762968436, 0.00456526735798, -0.000407330779126, 0.00341369397938, 0.0016905637458], [-0.000103723883512, -0.00470530614257, 0.00250040227547, -0.000733244989533, 0.00432793935761, -0.000545558577869, 0.0103031620383, -0.00202822545543, 0.00440699420869, -0.00293977558613, 0.0017046649009, -0.000144328703755, 0.00253027840517], [-0.000203796545975, 0.00468179350719, -0.00222952407785, -0.000113400099508, -0.00351643422619, 0.0038121920079, -0.00202822545543, 0.00991202984005, -0.00059684732696, 0.00596697255969, 0.000294702185784, 0.00053512462182, 0.00024930248037], [0.000412692024838, -0.00298204971477, 0.00275275786407, -0.000281393702608, 0.00283815548755, -0.00120762968436, 0.00440699420869, -0.00059684732696, 0.0106025887653, -0.000940832309425, 0.00373361282982, 0.000411912740674, 0.00167891033925], [0.00017214694526, 0.00559997837991, -0.00344641576521, 0.00102985952981, -0.00333749665879, 0.00456526735798, -0.00293977558613, 0.00596697255969, -0.000940832309425, 0.0110376738012, -9.87298117252e-05, 0.00432482780889, 0.00104307965375], [9.4076654932e-05, -0.00205744220875, 0.0011594692478, 0.000710550055373, 0.00398311810568, -0.000407330779126, 0.0017046649009, 0.000294702185784, 0.00373361282982, -9.87298117252e-05, 0.00813071429729, -5.2497973229e-05, 0.0031202933751], [-0.000266243645456, 0.00179608887993, -0.00147908902727, 0.0013557204511, -0.000374202325474, 0.00341369397938, -0.000144328703755, 0.00053512462182, 0.000411912740674, 0.00432482780889, -5.2497973229e-05, 0.00614880258217, -0.000111253437353], [-0.000628234003671, -0.00150443508755, 0.00153307395522, 0.000469145510579, 0.000879839994013, 0.0016905637458, 0.00253027840517, 0.00024930248037, 0.00167891033925, 0.00104307965375, 0.0031202933751, -0.000111253437353, 0.00597284501418]]
    },
    "melbands": {
        "dmean": [1.60364734825e-07, 5.7747606661e-06, 2.98743580061e-05, 2.44738021138e-05, 6.65067855152e-05, 6.74961338518e-05, 0.000282337918179, 8.89131042641e-05, 8.96871497389e-05, 0.000148795181303, 8.92939715413e-05, 0.000234444945818, 5.78959370614e-05, 2.44676521106e-05, 5.27079828316e-06, 6.3116531237e-05, 2.88173669105e-05, 2.11522874451e-05, 2.09999616345e-05, 6.13800057181e-06, 3.85751172871e-06, 2.36691766986e-06, 8.27084477351e-07, 6.0119691625e-07, 5.30220631845e-07, 4.26753985039e-07, 7.23696871319e-07, 3.39498598123e-07, 2.69337647296e-07, 1.92927316789e-07, 1.14259137263e-07, 8.98467362731e-08, 1.37119030796e-07, 3.03407375668e-07, 9.4251106475e-07, 1.40492943501e-06, 3.1042466162e-06, 1.82352505362e-06, 6.28143709491e-07, 5.94634343543e-07],
        "dmean2": [2.57145643445e-07, 6.29410578767e-06, 4.39289215137e-05, 3.16454897984e-05, 8.83808388608e-05, 8.00362977316e-05, 0.000282993947621, 0.000100883247796, 9.19311205507e-05, 0.000154701658175, 7.96723397798e-05, 0.000193502011825, 5.76650345465e-05, 2.50934117503e-05, 6.51249001749e-06, 8.74950710568e-05, 2.98448740068e-05, 2.54906444752e-05, 2.80676322291e-05, 8.51327331475e-06, 5.80800906391e-06, 3.60323224413e-06, 1.53532926106e-06, 1.07917480818e-06, 9.49334150846e-07, 7.3163749903e-07, 1.21344623949e-06, 5.86660746649e-07, 4.58308988982e-07, 3.26415744212e-07, 1.9070321855e-07, 1.57818305979e-07, 2.17968434413e-07, 5.00103055856e-07, 1.3027681689e-06, 1.92590391634e-06, 4.83212397739e-06, 2.95048266707e-06, 9.58001805884e-07, 9.54208985604e-07],
        "dvar": [3.0615649447e-13, 1.87831306064e-10, 3.10408454496e-09, 1.02723074491e-08, 3.70345638601e-08, 7.15984427302e-08, 2.71757414794e-07, 1.70095582064e-08, 3.76166191529e-08, 2.37715781282e-07, 1.7713718492e-08, 1.91817136397e-07, 2.04588950226e-08, 5.08003550337e-09, 3.32211536058e-10, 1.42797532021e-07, 8.33059665695e-09, 6.39498232147e-09, 6.44870112865e-09, 3.75489889182e-10, 1.21730647784e-09, 6.20983930943e-10, 2.32383626231e-11, 9.55852237638e-12, 6.89939945453e-12, 2.04375904221e-12, 1.08517491867e-11, 1.44504254482e-12, 9.70784325323e-13, 5.33070983189e-13, 2.56097226758e-13, 1.76831788687e-13, 8.40846977549e-13, 5.0989529439e-12, 5.4657053189e-11, 9.56878881686e-11, 8.26709201096e-10, 3.92935711746e-10, 2.07051389922e-11, 8.82465142626e-11],
        "dvar2": [6.83625682105e-13, 2.10638881337e-10, 9.82140591077e-09, 1.1712719683e-08, 4.37754117399e-08, 6.88096974955e-08, 2.79738429754e-07, 2.47104967599e-08, 4.34891127554e-08, 3.15097963721e-07, 1.70904499441e-08, 1.10819037502e-07, 2.29138681362e-08, 5.87180171152e-09, 4.99073782301e-10, 2.55924788917e-07, 8.02764876795e-09, 9.63485558003e-09, 1.02407486935e-08, 6.54367060537e-10, 2.98320634862e-09, 1.49492718204e-09, 7.23425139237e-11, 2.85033333741e-11, 2.09196080597e-11, 5.29782251055e-12, 2.76615935019e-11, 3.82238771884e-12, 2.58191146414e-12, 1.36728703446e-12, 6.49989448116e-13, 5.00711722518e-13, 1.93187328114e-12, 1.22137838038e-11, 9.70755073548e-11, 1.71391775772e-10, 1.91607085753e-09, 1.01824404464e-09, 4.86894864704e-11, 1.96972743671e-10],
        "max": [9.01936618902e-06, 0.000485991477035, 0.0007153073675, 0.00352241448127, 0.00518719851971, 0.0134956398979, 0.00890874024481, 0.00244393968023, 0.0051185162738, 0.00853564683348, 0.00227907020599, 0.010880545713, 0.0028118188493, 0.00151211849879, 0.000337229459547, 0.00666406890377, 0.00262627773918, 0.00133546581492, 0.00158486957662, 0.000468875543447, 0.00129978731275, 0.000932871829718, 8.11724603409e-05, 3.85593193641e-05, 4.0761224227e-05, 1.48797480506e-05, 3.5805056541e-05, 1.41701675602e-05, 1.12514026114e-05, 1.0665768059e-05, 8.71525026014e-06, 8.2559799921e-06, 2.65530688921e-05, 6.18056074018e-05, 0.00015660279314, 0.000199974281713, 0.000522471556906, 0.000538286811206, 8.0342644651e-05, 0.000279046565993],
        "mean": [1.84172037621e-07, 3.53006398655e-05, 9.35288699111e-05, 0.000162728887517, 0.000454992084997, 0.000348576926626, 0.000833773345221, 0.000374672410544, 0.000384105253033, 0.000441391108325, 0.000304718414554, 0.000744655961171, 0.000137815441121, 6.16130928393e-05, 2.06466665986e-05, 0.000258013984421, 0.000216870233999, 0.000105760729639, 0.000130810745759, 3.6794685002e-05, 1.15069669846e-05, 4.50371817351e-06, 6.47411923183e-07, 4.57132188103e-07, 4.17209918169e-07, 3.58375871201e-07, 6.23590437954e-07, 2.61200483465e-07, 2.10932185496e-07, 1.51551859062e-07, 9.68918385524e-08, 6.98904543128e-08, 1.16846862852e-07, 2.33207984479e-07, 1.03182344446e-06, 1.52567577061e-06, 2.52111522059e-06, 1.35202810725e-06, 5.04110516886e-07, 4.5957622774e-07],
        "median": [2.6568118372e-08, 1.369515644e-06, 4.16377915826e-05, 1.82854455488e-05, 0.00013343108003, 0.000119221986097, 0.000263599562459, 0.000252351077506, 7.52061459934e-05, 0.000102526988485, 0.000134832487674, 0.000221350681386, 2.98944378301e-05, 2.25095459427e-06, 2.99101839119e-06, 2.89705621981e-06, 2.11016617868e-06, 1.15448565339e-05, 2.44151101469e-06, 1.81243137831e-06, 3.13016300879e-07, 5.09374693536e-08, 7.4690106544e-08, 1.48317873538e-08, 6.09752115466e-09, 9.67211732927e-09, 5.550412574e-09, 2.77663914083e-09, 2.92220514453e-09, 1.81882087169e-09, 1.01476294034e-09, 9.84407222404e-10, 4.83465101286e-10, 4.35671387855e-10, 3.89561966019e-10, 2.26868954178e-10, 2.31364608028e-10, 2.54638088393e-10, 2.72146694069e-10, 3.36280392421e-10],
