{
"highlevel": {
    "danceability": {
        "all": {
            "danceable": 0.177591219544,
            "not_danceable": 0.822408795357
        },
        "probability": 0.822408795357,
        "value": "not_danceable"
    },
    "gender": {
        "all": {
            "female": 0.10934881866,
            "male": 0.890651166439
        },
        "probability": 0.890651166439,
        "value": "male"
    },
    "genre_dortmund": {
        "all": {
            "alternative": 0.109690561891,
            "blues": 0.108664028347,
            "electronic": 0.00506683718413,
            "folkcountry": 0.111073113978,
            "funksoulrnb": 0.00823552627116,
            "jazz": 0.0394666232169,
            "pop": 0.0739480406046,
            "raphiphop": 0.000772761530243,
            "rock": 0.543082535267
        },
        "probability": 0.543082535267,
        "value": "rock"
    },
    "genre_electronic": {
        "all": {
            "ambient": 0.397353023291,
            "dnb": 0.212242722511,
            "house": 0.167196914554,
            "techno": 0.0217424910516,
            "trance": 0.201464861631
        },
        "probability": 0.397353023291,
        "value": "ambient"
    },
    "genre_rosamerica": {
        "all": {
            "cla": 0.0111322579905,
            "dan": 0.010799407959,
            "hip": 0.0145857185125,
            "jaz": 0.00780788389966,
            "pop": 0.0937465950847,
            "rhy": 0.0377370715141,
            "roc": 0.823026418686,
            "spe": 0.00116462144069
        },
        "probability": 0.823026418686,
        "value": "roc"
    },
    "genre_tzanetakis": {
        "all": {
            "blu": 0.0626541376114,
            "cla": 0.0348133966327,
            "cou": 0.0783501937985,
            "dis": 0.104547761381,
            "hip": 0.15693578124,
            "jaz": 0.313987255096,
            "met": 0.044816005975,
            "pop": 0.0627349764109,
            "reg": 0.0627352520823,
            "roc": 0.0784252434969
        },
        "probability": 0.313987255096,
        "value": "jaz"
    },
    "ismir04_rhythm": {
        "all": {
            "ChaChaCha": 0.46020719409,
            "Jive": 0.171401485801,
            "Quickstep": 0.0707218199968,
            "Rumba-American": 0.00587501563132,
            "Rumba-International": 0.0139054777101,
            "Rumba-Misc": 0.00843975972384,
            "Samba": 0.0421488545835,
            "Tango": 0.0373053923249,
            "VienneseWaltz": 0.184298157692,
            "Waltz": 0.00569685315713
        },
        "probability": 0.46020719409,
        "value": "ChaChaCha"
    },
    "mood_acoustic": {
        "all": {
            "acoustic": 0.0545181259513,
            "not_acoustic": 0.9454818964
        },
        "probability": 0.9454818964,
        "value": "not_acoustic"
    },
    "mood_aggressive": {
        "all": {
            "aggressive": 0.747593104839,
            "not_aggressive": 0.252406895161
        },
        "probability": 0.747593104839,
        "value": "aggressive"
    },
    "mood_electronic": {
        "all": {
            "electronic": 0.0758256390691,
            "not_electronic": 0.924174368382
        },
        "probability": 0.924174368382,
        "value": "not_electronic"
    },
    "mood_happy": {
        "all": {
            "happy": 0.668821454048,
            "not_happy": 0.331178545952
        },
        "probability": 0.668821454048,
        "value": "happy"
    },
    "mood_party": {
        "all": {
            "not_party": 0.5,
            "party": 0.5
        },
        "probability": 0.5,
        "value": "not_party"
    },
    "mood_relaxed": {
        "all": {
            "not_relaxed": 0.958575308323,
            "relaxed": 0.0414246842265
        },
        "probability": 0.958575308323,
        "value": "not_relaxed"
    },
    "mood_sad": {
        "all": {
            "not_sad": 0.786211669445,
            "sad": 0.213788330555
        },
        "probability": 0.786211669445,
        "value": "not_sad"
    },
    "moods_mirex": {
        "all": {
            "Cluster1": 0.447852581739,
            "Cluster2": 0.240749686956,
            "Cluster3": 0.179584607482,
            "Cluster4": 0.0560391545296,
            "Cluster5": 0.0757739767432
        },
        "probability": 0.447852581739,
        "value": "Cluster1"
    },
    "timbre": {
        "all": {
            "bright": 0.990150332451,
            "dark": 0.0098496414721
        },
        "probability": 0.990150332451,
        "value": "bright"
    },
    "tonal_atonal": {
        "all": {
            "atonal": 0.00382342957892,
            "tonal": 0.996176540852
        },
        "probability": 0.996176540852,
        "value": "tonal"
    },
    "voice_instrumental": {
        "all": {
            "instrumental": 0.00691628456116,
            "voice": 0.993083715439
        },
        "probability": 0.993083715439,
        "value": "voice"
    }
},
"lowlevel": {
    "average_loudness": 0.95380282402,
    "barkbands_crest": {
        "dmean": 2.2111530304,
        "dmean2": 3.68733549118,
        "dvar": 3.9962015152,
        "dvar2": 10.4536905289,
        "max": 19.7270431519,
        "mean": 8.0964679718,
        "median": 7.62403011322,
        "min": 2.92520046234,
        "var": 7.66240930557
    },
    "barkbands_flatness_db": {
        "dmean": 0.0181910376996,
        "dmean2": 0.0294756367803,
        "dvar": 0.00028969233972,
        "dvar2": 0.000708116218448,
        "max": 0.273356765509,
        "mean": 0.123415291309,
        "median": 0.120436944067,
        "min": 0.0548867508769,
        "var": 0.000929713714868
    },
    "barkbands_kurtosis": {
        "dmean": 1.66946709156,
        "dmean2": 2.73070526123,
        "dvar": 10.3792667389,
        "dvar2": 24.4606723785,
        "max": 61.5492706299,
        "mean": 1.08573305607,
        "median": -0.192433834076,
        "min": -1.68974745274,
        "var": 19.8921203613
    },
    "barkbands_skewness": {
        "dmean": 0.479004561901,
        "dmean2": 0.740453362465,
        "dvar": 0.275149673223,
        "dvar2": 0.615733146667,
        "max": 6.81885147095,
        "mean": 1.0199303627,
        "median": 0.855037748814,
        "min": -1.0905405283,
        "var": 0.862884998322
    },
    "barkbands_spread": {
        "dmean": 6.69695949554,
        "dmean2": 10.4692602158,
        "dvar": 41.6481018066,
        "dvar2": 96.0483856201,
        "max": 72.7796707153,
        "mean": 32.3082733154,
        "median": 32.1619911194,
        "min": 4.19752264023,
        "var": 119.775230408
    },
    "dissonance": {
        "dmean": 0.0141369141638,
        "dmean2": 0.0235923696309,
        "dvar": 0.000167475052876,
        "dvar2": 0.000439054652816,
        "max": 0.499608010054,
        "mean": 0.47383788228,
        "median": 0.478652775288,
        "min": 0.359342783689,
        "var": 0.000375185481971
    },
    "dynamic_complexity": 1.97161412239,
    "erbbands_crest": {
        "dmean": 2.3456132412,
        "dmean2": 3.77686977386,
        "dvar": 4.98432254791,
        "dvar2": 12.1307983398,
        "max": 27.0628414154,
        "mean": 8.31377220154,
        "median": 7.41947507858,
        "min": 2.46861338615,
        "var": 13.8931427002
    },
    "erbbands_flatness_db": {
        "dmean": 0.015612995252,
        "dmean2": 0.0222770068794,
        "dvar": 0.000191486717085,
        "dvar2": 0.000371683767298,
        "max": 0.288503974676,
        "mean": 0.149860739708,
        "median": 0.147943586111,
        "min": 0.0751887336373,
        "var": 0.00097610859666
    },
    "erbbands_kurtosis": {
        "dmean": 0.662850618362,
        "dmean2": 1.05801832676,
        "dvar": 0.507115244865,
        "dvar2": 1.25656306744,
        "max": 8.48619270325,
        "mean": 0.164290428162,
        "median": -0.0153615474701,
        "min": -1.66640019417,
        "var": 1.16935098171
    },
    "erbbands_skewness": {
        "dmean": 0.308861076832,
        "dmean2": 0.477671831846,
        "dvar": 0.0791766196489,
        "dvar2": 0.185334444046,
        "max": 1.5296074152,
        "mean": -0.152735337615,
        "median": -0.151708334684,
        "min": -1.96768712997,
        "var": 0.297725588083
    },
    "erbbands_spread": {
        "dmean": 8.06266784668,
        "dmean2": 12.2397460938,
        "dvar": 74.6920013428,
        "dvar2": 164.477493286,
        "max": 131.851409912,
        "mean": 39.4172897339,
        "median": 36.1694221497,
        "min": 8.62020969391,
        "var": 287.641540527
    },
    "hfc": {
        "dmean": 6.16717624664,
        "dmean2": 8.6814365387,
        "dvar": 44.5957946777,
        "dvar2": 84.9953613281,
        "max": 81.0908203125,
        "mean": 25.7933158875,
        "median": 23.6835212708,
        "min": 0.848322808743,
        "var": 209.366134644
    },
    "melbands_crest": {
        "dmean": 2.8871524334,
        "dmean2": 4.78356170654,
        "dvar": 6.78979730606,
        "dvar2": 17.5635986328,
        "max": 26.582201004,
        "mean": 13.6059856415,
        "median": 13.029630661,
        "min": 3.62360596657,
        "var": 19.3442993164
    },
    "melbands_flatness_db": {
        "dmean": 0.0248675718904,
        "dmean2": 0.0391849502921,
        "dvar": 0.000598869577516,
        "dvar2": 0.00143720267806,
        "max": 0.358402222395,
        "mean": 0.162270873785,
        "median": 0.15804259479,
        "min": 0.0503746718168,
        "var": 0.00186981784645
    },
    "melbands_kurtosis": {
        "dmean": 5.68530893326,
        "dmean2": 9.06599521637,
        "dvar": 112.810943604,
        "dvar2": 251.017456055,
        "max": 219.495010376,
        "mean": 9.05698394775,
        "median": 4.49782848358,
        "min": -1.34981882572,
        "var": 255.165847778
    },
    "melbands_skewness": {
        "dmean": 0.726965010166,
        "dmean2": 1.12444293499,
        "dvar": 0.663005888462,
        "dvar2": 1.43669247627,
        "max": 11.4796438217,
        "mean": 2.35739135742,
        "median": 2.09050297737,
        "min": -0.432234942913,
        "var": 2.25613856316
    },
    "melbands_spread": {
        "dmean": 9.09764671326,
        "dmean2": 14.1075277328,
        "dvar": 78.5679168701,
        "dvar2": 175.278762817,
        "max": 118.225479126,
        "mean": 34.056678772,
        "median": 33.3387794495,
        "min": 2.03282618523,
        "var": 258.544281006
    },
    "pitch_salience": {
        "dmean": 0.060667924583,
        "dmean2": 0.0980855226517,
        "dvar": 0.00275565311313,
        "dvar2": 0.00704556657001,
        "max": 0.876055002213,
        "mean": 0.534862160683,
        "median": 0.534538328648,
        "min": 0.245961651206,
        "var": 0.00808368716389
    },
    "silence_rate_20dB": {
        "dmean": 0,
        "dmean2": 0,
        "dvar": 0,
        "dvar2": 0,
        "max": 1,
        "mean": 1,
        "median": 1,
        "min": 1,
        "var": 0
    },
    "silence_rate_30dB": {
        "dmean": 0,
        "dmean2": 0,
        "dvar": 0,
        "dvar2": 0,
        "max": 1,
        "mean": 1,
        "median": 1,
        "min": 1,
        "var": 0
    },
    "silence_rate_60dB": {
        "dmean": 0.0061919502914,
        "dmean2": 0.0123934932053,
        "dvar": 0.00615354720503,
        "dvar2": 0.0153384031728,
        "max": 1,
        "mean": 0.00696055684239,
        "median": 0,
        "min": 0,
        "var": 0.00691212620586
    },
    "spectral_centroid": {
        "dmean": 289.603912354,
        "dmean2": 453.317199707,
        "dvar": 68568.15625,
        "dvar2": 160726.515625,
        "max": 3290.96899414,
        "mean": 1842.94726562,
        "median": 1876.48168945,
        "min": 373.93927002,
        "var": 228618.3125
    },
    "spectral_complexity": {
        "dmean": 4.10758495331,
        "dmean2": 5.90937280655,
        "dvar": 15.7446632385,
        "dvar2": 26.6943206787,
        "max": 50,
        "mean": 24.0587787628,
        "median": 24,
        "min": 3,
        "var": 102.932411194
    },
    "spectral_decrease": {
        "dmean": 2.89475576842e-09,
        "dmean2": 4.67153693506e-09,
        "dvar": 2.08699504888e-17,
        "dvar2": 5.09922602362e-17,
        "max": -3.84189263736e-10,
        "mean": -7.12579684148e-09,
        "median": -5.732404329e-09,
        "min": -3.84890199712e-08,
        "var": 2.73526261608e-17
    },
    "spectral_energy": {
        "dmean": 0.0112739605829,
        "dmean2": 0.018095690757,
        "dvar": 0.000308202259475,
        "dvar2": 0.000748946040403,
        "max": 0.149675220251,
        "mean": 0.0292339250445,
        "median": 0.0236147157848,
        "min": 0.00167657469865,
        "var": 0.000423976278398
    },
    "spectral_energyband_high": {
        "dmean": 0.000411655462813,
        "dmean2": 0.000552173529286,
        "dvar": 2.17184975781e-07,
        "dvar2": 3.53670685627e-07,
        "max": 0.00531293870881,
        "mean": 0.00116397882812,
        "median": 0.000887344125658,
        "min": 1.47926075442e-05,
        "var": 8.14969098428e-07
    },
    "spectral_energyband_low": {
        "dmean": 0.00822450686246,
        "dmean2": 0.0136346295476,
        "dvar": 0.000207331133424,
        "dvar2": 0.000524640432559,
        "max": 0.109167665243,
        "mean": 0.0122765870765,
        "median": 0.00768831372261,
        "min": 7.01107346686e-05,
        "var": 0.000205252217711
    },
    "spectral_energyband_middle_high": {
        "dmean": 0.00224135932513,
        "dmean2": 0.00333995814435,
        "dvar": 7.80441223469e-06,
        "dvar2": 1.76733992703e-05,
        "max": 0.0419394671917,
        "mean": 0.0082261133939,
        "median": 0.00649962574244,
        "min": 6.77439165884e-05,
        "var": 4.17866394855e-05
    },
    "spectral_energyband_middle_low": {
        "dmean": 0.00502159260213,
        "dmean2": 0.00828710757196,
        "dvar": 6.67238564347e-05,
        "dvar2": 0.000169207211002,
        "max": 0.074947886169,
        "mean": 0.00975235644728,
        "median": 0.00713425641879,
        "min": 6.81363744661e-05,
        "var": 8.52453376865e-05
    },
    "spectral_entropy": {
        "dmean": 0.123430296779,
        "dmean2": 0.178656250238,
        "dvar": 0.0171730294824,
        "dvar2": 0.0351944416761,
        "max": 8.36178398132,
        "mean": 7.73223161697,
        "median": 7.74787330627,
        "min": 6.11330986023,
        "var": 0.070729278028
    },
    "spectral_flux": {
        "dmean": 0.0271594692022,
        "dmean2": 0.0401159785688,
        "dvar": 0.00118062377442,
        "dvar2": 0.00224633840844,
        "max": 0.29504108429,
        "mean": 0.0912579074502,
        "median": 0.0766756683588,
        "min": 0.0183676239103,
        "var": 0.00264234072529
    },
    "spectral_kurtosis": {
        "dmean": 1.0139747858,
        "dmean2": 1.71562743187,
        "dvar": 0.947473466396,
        "dvar2": 2.51290416718,
        "max": 12.1553516388,
        "mean": 2.85542392731,
        "median": 2.53917121887,
        "min": -0.293516874313,
        "var": 2.59093141556
    },
    "spectral_rms": {
        "dmean": 0.000914378324524,
        "dmean2": 0.00142789073288,
        "dvar": 1.47028515585e-06,
        "dvar2": 3.38867812388e-06,
        "max": 0.0120840640739,
        "mean": 0.00506583787501,
        "median": 0.00479986937717,
        "min": 0.00127893814351,
        "var": 2.85819237433e-06
    },
    "spectral_rolloff": {
        "dmean": 615.063964844,
        "dmean2": 1011.17785645,
        "dvar": 539621.9375,
        "dvar2": 1250135.375,
        "max": 6955.22460938,
        "mean": 1909.6763916,
        "median": 1765.72265625,
        "min": 107.666015625,
        "var": 1120043.5
    },
    "spectral_skewness": {
        "dmean": 0.159655749798,
        "dmean2": 0.26004204154,
        "dvar": 0.0187587738037,
        "dvar2": 0.0473860278726,
        "max": 2.68741893768,
        "mean": 1.14435088634,
        "median": 1.13550770283,
        "min": 0.519142329693,
        "var": 0.0566437579691
    },
    "spectral_spread": {
        "dmean": 438843.03125,
        "dmean2": 614677.125,
        "dvar": 225901838336,
        "dvar2": 400920969216,
        "max": 10752315,
        "mean": 4421111,
        "median": 4300076,
        "min": 2331120.25,
        "var": 1.21215870566e+12
    },
    "spectral_strongpeak": {
        "dmean": 0.578249156475,
        "dmean2": 0.985793709755,
        "dvar": 0.972171843052,
        "dvar2": 2.25981640816,
        "max": 8.60175418854,
        "mean": 0.958873510361,
        "median": 0.401087611914,
        "min": 0,
        "var": 1.67742681503
    },
    "zerocrossingrate": {
        "dmean": 0.0097637353465,
        "dmean2": 0.0119294179603,
        "dvar": 8.29757918837e-05,
        "dvar2": 0.00010856857989,
        "max": 0.17578125,
        "mean": 0.0728505775332,
        "median": 0.0703125,
        "min": 0.01171875,
        "var": 0.000515550433192
    },
    "barkbands": {
        "dmean": [0.000345679873135, 0.00530982622877, 0.00249936175533, 0.00293348939158, 0.00150952464901, 0.00065285601886, 0.000483376788907, 0.000427789374953, 0.000747766753193, 0.000652891176287, 0.000614921969827, 0.000401434663218, 0.000417441275204, 0.00051711575361, 0.000488829915412, 0.000290294585284, 0.000423283723649, 0.000414113746956, 0.00020068284357, 0.000228372984566, 0.000126161452499, 8.83081374923e-05, 7.90199701441e-05, 7.29828243493e-05, 4.2577903514e-05, 1.37085244205e-05, 2.69422368859e-08],
        "dmean2": [0.000617737474386, 0.00925457663834, 0.00423073396087, 0.00502166245133, 0.00256004650146, 0.00110648479313, 0.000813723600004, 0.000675660208799, 0.00113792752381, 0.000968737003859, 0.000938786834013, 0.000626230263151, 0.000664605293423, 0.000818232365418, 0.000803547794931, 0.000470792991109, 0.000673702219501, 0.000670774024911, 0.000317930622259, 0.000349865556927, 0.000193339990801, 0.000132212822791, 0.000115660099254, 9.79341857601e-05, 6.06315661571e-05, 2.11233145819e-05, 4.74791796989e-08],
        "dvar": [4.25256700964e-07, 9.65602157521e-05, 2.04601037694e-05, 2.6124789656e-05, 1.03649817902e-05, 1.89306399534e-06, 1.22392702906e-06, 1.24428822801e-06, 2.61687227976e-06, 2.44455895881e-06, 1.87292414466e-06, 6.02151374096e-07, 9.01035150491e-07, 1.00975762507e-06, 1.38821087603e-06, 2.74629002206e-07, 5.99529016654e-07, 4.40174716232e-07, 5.20118561553e-08, 9.3274039159e-08, 2.43851836501e-08, 1.34482958103e-08, 9.34800237218e-09, 1.09319211461e-08, 4.50508741423e-09, 5.15801235057e-10, 9.3533367561e-15],
        "dvar2": [1.22321557683e-06, 0.000258337386185, 5.5048676586e-05, 6.67007043376e-05, 2.87132861558e-05, 4.90886941407e-06, 3.31031765199e-06, 2.82288056042e-06, 5.91435173192e-06, 5.34589571544e-06, 4.78551146443e-06, 1.38877692279e-06, 2.08108053812e-06, 2.37848757934e-06, 3.98612019126e-06, 7.04542344465e-07, 1.47009302509e-06, 1.10245150609e-06, 1.39198789384e-07, 2.13104314639e-07, 6.00578360377e-08, 3.10998480302e-08, 1.77940453483e-08, 1.96604386105e-08, 9.19241927022e-09, 1.13563003445e-09, 2.29996008133e-14],
        "max": [0.00885172188282, 0.0662478208542, 0.0386558324099, 0.0422932580113, 0.0545334070921, 0.0160046555102, 0.015695521608, 0.0145824728534, 0.0283261686563, 0.027573870495, 0.0189453400671, 0.0116469068453, 0.0187587216496, 0.0131067661569, 0.017724532634, 0.00947291962802, 0.0140326144174, 0.00855818577111, 0.00280669867061, 0.00403765868396, 0.0024534703698, 0.00156817329116, 0.00126240449026, 0.00152438774239, 0.000750046456233, 0.000246609532041, 1.07780965664e-06],
        "mean": [0.000321964995237, 0.00624660681933, 0.00365699222311, 0.00389240169898, 0.00221944600344, 0.000865512643941, 0.000715958711226, 0.000587311165873, 0.00120413501281, 0.00108135305345, 0.00125588988885, 0.00071295251837, 0.000758497626521, 0.000872256758157, 0.000917546625715, 0.000505911244545, 0.000784249219578, 0.00076385732973, 0.000458990165498, 0.000510871992446, 0.000283656147076, 0.00019605626585, 0.000180072078365, 0.000146985796164, 7.6004776929e-05, 1.8450728021e-05, 1.89987172661e-08],
        "median": [9.81387929642e-05, 0.00355332018808, 0.00206244853325, 0.00216245348565, 0.00135677715298, 0.00031430600211, 0.000264125323156, 0.0001351742103, 0.000418437091867, 0.000249315460678, 0.00034800398862, 0.000314131379128, 0.000321431783959, 0.000407649844419, 0.000330492417561, 0.000312180753099, 0.000489409314469, 0.000454509397969, 0.000356671662303, 0.000318923935993, 0.000217712688027, 0.000123858480947, 0.000128784959088, 8.24742674013e-05, 3.92019683204e-05, 7.0741766649e-06, 6.39051589424e-10],
        "min": [1.88799774037e-07, 1.02008743852e-05, 4.64788826093e-07, 2.69784459306e-06, 1.20714673812e-06, 1.55917496159e-06, 1.8949714331e-06, 6.29055023182e-07, 2.3328581733e-07, 1.33860737606e-06, 1.60387656933e-07, 6.57767884604e-07, 1.28458736981e-06, 4.38966139882e-07, 4.02227624363e-06, 1.97460349227e-06, 4.30965974374e-06, 1.20697450257e-06, 3.55911083716e-06, 3.35435333909e-06, 5.24787128597e-06, 3.53021709998e-06, 1.37469646688e-06, 1.08968059465e-07, 3.12359893506e-09, 2.3337011143e-11, 6.14190209108e-12],
        "var": [3.82665660936e-07, 7.91139682406e-05, 2.26329011639e-05, 2.81912271021e-05, 9.52754726313e-06, 2.34316166825e-06, 1.83554857358e-06, 2.09736003853e-06, 4.79341679238e-06, 6.60304522171e-06, 5.82479106015e-06, 1.47099831338e-06, 1.83796475994e-06, 1.95498228095e-06, 2.77925596492e-06, 4.33797936239e-07, 1.21721836877e-06, 8.92911373285e-07, 1.46414933511e-07, 2.83324311567e-07, 5.40873301702e-08, 3.7786001883e-08, 2.82919963013e-08, 2.85246066767e-08, 9.7976737834e-09, 8.10216171931e-10, 7.11989129221e-15]
    },
    "erbbands": {
        "dmean": [0.129773929715, 1.30038464069, 2.81686043739, 7.01477479935, 5.90010166168, 5.98926067352, 4.95338249207, 6.32114458084, 6.83159732819, 7.73133850098, 8.95165920258, 14.9425296783, 21.7368354797, 20.0465621948, 22.187456131, 12.8968820572, 18.6798725128, 24.1366405487, 27.5737743378, 15.3870668411, 17.0021495819, 23.8093204498, 21.3867702484, 13.0445861816, 10.0644025803, 11.2522602081, 6.75029182434, 4.02718019485, 2.99521327019, 2.74274635315, 2.37839126587, 1.75831568241, 1.11167776585, 0.651172816753, 0.253559887409, 0.096135020256, 0.0178752746433, 0.00132890290115, 3.16051591653e-05, 1.39103131005e-05],
        "dmean2": [0.223917841911, 2.26940608025, 4.74878358841, 11.8842153549, 10.0954246521, 10.3458127975, 8.30030155182, 10.7977876663, 11.6148490906, 12.0097970963, 14.2271900177, 22.1552009583, 33.6460990906, 30.4079532623, 33.2816085815, 20.1819629669, 29.7581596375, 37.684337616, 44.1562309265, 25.1561107635, 27.6051025391, 37.8035812378, 34.7428779602, 20.86577034, 15.7379484177, 17.2800769806, 10.3742628098, 6.21362352371, 4.4456782341, 4.22961235046, 3.50410056114, 2.37348341942, 1.58048796654, 0.945843160152, 0.372859954834, 0.148716688156, 0.0273987092078, 0.0021118351724, 4.78751571791e-05, 2.1565669158e-05],
        "dvar": [0.0624321550131, 5.56585073471, 24.1937866211, 165.873214722, 89.8624191284, 210.386489868, 140.150604248, 206.801956177, 239.214492798, 297.899230957, 553.221862793, 1201.22167969, 2431.83056641, 2172.54882812, 1425.4354248, 519.119812012, 1961.70446777, 2542.49853516, 3313.75732422, 1119.48059082, 931.976379395, 2194.41357422, 1144.71972656, 380.913574219, 137.17755127, 250.272186279, 71.2406539917, 26.935087204, 14.4954061508, 12.7756652832, 8.92879486084, 6.10175228119, 2.64385652542, 1.14248931408, 0.14949695766, 0.0259554814547, 0.00089363544248, 7.07721756044e-06, 2.79913581203e-09, 4.30860569445e-10],
        "dvar2": [0.164996176958, 15.1059684753, 65.6762771606, 423.086120605, 243.749679565, 590.147277832, 374.316955566, 555.243103027, 639.734924316, 692.271362305, 1355.77514648, 2484.94555664, 5771.91552734, 5565.02148438, 3531.66699219, 1311.42272949, 4377.17919922, 5941.94140625, 9250.28222656, 3035.97241211, 2372.79052734, 5230.91162109, 2858.59790039, 897.740600586, 353.881256104, 586.945373535, 153.064529419, 63.636592865, 32.5114555359, 28.1086902618, 18.0099086761, 11.1943264008, 5.06054544449, 2.36595606804, 0.307644069195, 0.058536414057, 0.0020146491006, 1.65638102771e-05, 6.07738437353e-09, 1.00242736334e-09],
        "max": [1.5531244278, 18.1827888489, 49.6537246704, 120.16506958, 126.928596497, 258.667114258, 187.15625, 181.263290405, 164.441192627, 354.422210693, 409.395904541, 515.393859863, 668.883605957, 692.30682373, 550.602233887, 344.482421875, 943.938842773, 744.395080566, 901.807006836, 450.116668701, 459.938049316, 975.621582031, 539.510070801, 284.15725708, 174.212936401, 213.835540771, 124.767105103, 95.2289505005, 46.383102417, 62.8731231689, 43.7032165527, 40.7860946655, 17.0162582397, 12.2348871231, 4.48220348358, 2.11739492416, 0.250269860029, 0.0339774861932, 0.000636676850263, 0.000188384088688],
        "mean": [0.128987565637, 1.57201182842, 4.4074215889, 9.34231376648, 9.58484458923, 7.49145126343, 6.21502828598, 7.86526012421, 9.72372150421, 11.9482469559, 13.3166437149, 24.2700462341, 35.2900428772, 39.9461479187, 47.0298538208, 26.4205913544, 36.6823768616, 42.6124572754, 56.5228157043, 28.2583351135, 31.3160247803, 46.5993537903, 42.1476364136, 29.3562278748, 24.8472042084, 25.1680927277, 15.0415306091, 9.14022064209, 6.70035028458, 5.99074411392, 5.16032648087, 3.70469331741, 2.08388185501, 1.12128400803, 0.425431460142, 0.134556487203, 0.0235539115965, 0.00160211953335, 5.80495434406e-05, 3.93210211769e-05],
        "median": [0.049546238035, 0.957400500774, 2.66617321968, 5.15636587143, 6.44845962524, 3.66575074196, 2.33106732368, 2.74068927765, 3.0508582592, 4.69725465775, 4.11578035355, 8.1307592392, 12.9971675873, 14.9907178879, 20.7768440247, 16.1773052216, 17.8832836151, 19.4939212799, 26.1618175507, 16.0996437073, 20.2383975983, 28.8584499359, 27.4501571655, 20.384847641, 18.8168506622, 15.0969266891, 10.8121833801, 6.77236890793, 4.42192745209, 3.98891186714, 3.57704091072, 2.25927114487, 1.14737355709, 0.527131795883, 0.220329269767, 0.0613865926862, 0.00669009657577, 0.00034428795334, 3.1538784242e-05, 3.25099281326e-05],
        "min": [0.000307501410134, 0.000647859822493, 0.00122500082944, 0.0234697721899, 0.01736407727, 0.00875144731253, 0.01409846358, 0.0180937405676, 0.0222577042878, 0.0411444567144, 0.0574459172785, 0.0788383409381, 0.117440745234, 0.105685524642, 0.321689456701, 0.18318516016, 0.0930396467447, 0.07895296067, 0.218230232596, 0.268175631762, 0.356691747904, 0.334493547678, 0.139731064439, 0.161566242576, 0.192388147116, 0.192409962416, 0.17108464241, 0.222732320428, 0.132445037365, 0.0716014876962, 0.0401582457125, 0.0115125654265, 0.000785788462963, 0.000161775344168, 4.11551409343e-05, 1.81225314009e-05, 5.53216978005e-06, 6.35682738448e-07, 1.62575622653e-06, 2.60049750977e-06],
        "var": [0.0517822094262, 4.5153465271, 26.2645797729, 168.64680481, 110.7865448, 177.180435181, 135.047607422, 224.76222229, 345.736938477, 552.595153809, 816.801147461, 2311.03466797, 4916.1171875, 5263.22460938, 4837.23144531, 1112.2923584, 4241.69824219, 5210.66064453, 8630.37402344, 1518.00219727, 1481.3248291, 4738.31835938, 2389.44726562, 1016.18908691, 439.137145996, 719.389831543, 187.299957275, 64.7139663696, 41.8910903931, 33.8985366821, 25.2123413086, 16.4151649475, 6.1969332695, 2.40407776833, 0.311193704605, 0.0389062128961, 0.00150742463302, 9.4683300631e-06, 4.68518468466e-09, 6.79079570354e-10]
    },
    "gfcc": {
        "mean": [27.9187488556, 83.3675918579, -133.681945801, 57.8590240479, -53.468788147, 31.3270492554, -34.1539344788, 13.5669574738, -27.2696495056, -4.18007707596, -15.8305540085, -6.06476211548, -10.2801904678],
        "cov": [[1721.78234863, -191.891052246, 132.716918945, -118.202171326, 68.4713592529, -47.2983970642, -124.748939514, 89.1500396729, -117.969573975, 71.5510940552, -70.8501205444, 69.6665344238, -83.931388855], [-191.891052246, 603.982177734, -103.091255188, -27.2024269104, 53.215259552, -146.04927063, 84.3168792725, -101.40322876, 46.5669670105, -71.6504211426, 91.0777435303, -41.5571784973, 59.0969543457], [132.716918945, -103.091255188, 473.583984375, 128.037078857, -25.6200656891, 25.5290584564, -78.3288955688, 6.08370733261, -35.3249816895, 45.1892433167, -81.8363189697, 27.3741207123, -65.0426635742], [-118.202171326, -27.2024269104, 128.037078857, 232.442260742, 10.5143718719, 20.5515785217, -41.5559577942, -22.0347099304, 23.9597015381, -33.5750846863, -3.32999801636, -35.1551933289, 21.1191959381], [68.4713592529, 53.215259552, -25.6200656891, 10.5143718719, 223.454315186, -1.12650465965, 46.2416992188, -7.0793390274, -8.96494483948, 0.478540241718, -12.4631538391, 44.7966880798, -19.0004787445], [-47.2983970642, -146.04927063, 25.5290584564, 20.5515785217, -1.12650465965, 209.927078247, 37.9230041504, 8.17306995392, -19.5434246063, -18.0292930603, -7.18159151077, -9.81970882416, 17.3975811005], [-124.748939514, 84.3168792725, -78.3288955688, -41.5559577942, 46.2416992188, 37.9230041504, 144.555648804, 16.9970264435, 18.0192070007, -40.1167411804, -3.3923573494, -3.86186432838, 6.3605837822], [89.1500396729, -101.40322876, 6.08370733261, -22.0347099304, -7.0793390274, 8.17306995392, 16.9970264435, 106.635505676, 29.5070743561, 23.437664032, -31.1309013367, -4.68513774872, -15.8922224045], [-117.969573975, 46.5669670105, -35.3249816895, 23.9597015381, -8.96494483948, -19.5434246063, 18.0192070007, 29.5070743561, 106.795547485, 18.9568500519, 11.6624975204, -31.3246536255, 4.9205198288], [71.5510940552, -71.6504211426, 45.1892433167, -33.5750846863, 0.478540241718, -18.0292930603, -40.1167411804, 23.437664032, 18.9568500519, 108.145133972, 11.674161911, 17.6929187775, -39.9429283142], [-70.8501205444, 91.0777435303, -81.8363189697, -3.32999801636, -12.4631538391, -7.18159151077, -3.3923573494, -31.1309013367, 11.6624975204, 11.674161911, 102.246421814, 5.39920473099, 26.1906833649], [69.6665344238, -41.5571784973, 27.3741207123, -35.1551933289, 44.7966880798, -9.81970882416, -3.86186432838, -4.68513774872, -31.3246536255, 17.6929187775, 5.39920473099, 97.6236190796, -2.73232030869], [-83.931388855, 59.0969543457, -65.0426635742, 21.1191959381, -19.0004787445, 17.3975811005, 6.3605837822, -15.8922224045, 4.9205198288, -39.9429283142, 26.1906833649, -2.73232030869, 96.8643569946]],
        "icov": [[0.000832760881167, -7.05505954102e-05, -0.00017172274238, 0.000546832918189, -0.000499265908729, 3.70617890439e-05, 0.00104387279134, -0.00108615902718, 0.000840650405735, 0.000198038935196, -1.43431789184e-05, 8.36655381136e-05, 0.000223942071898], [-7.05505954102e-05, 0.00757998740301, -0.00416724197567, 0.00502888904884, -0.0037541333586, 0.00634011859074, -0.0042846580036, 0.00573005760089, -0.0037816320546, 0.00530649907887, -0.00774904573336, 0.0068480684422, -0.00456533627585], [-0.00017172274238, -0.00416724197567, 0.00699741719291, -0.00653753848746, 0.00390013866127, -0.00400522211567, 0.00207504210994, -0.00226148054935, 0.00333229149692, -0.00571502745152, 0.00797889009118, -0.0063933795318, 0.00463112490252], [0.000546832918189, 0.00502888904884, -0.00653753848746, 0.0127675384283, -0.0056482385844, 0.0034449135419, 0.00159122294281, 0.00346162216738, -0.00578717701137, 0.00888039730489, -0.00783237069845, 0.00818328000605, -0.0047265663743], [-0.000499265908729, -0.0037541333586, 0.00390013866127, -0.0056482385844, 0.00876662880182, -0.00296669849195, -0.00148254109081, -0.00100095686503, 0.00216809660196, -0.00476602371782, 0.00612060911953, -0.00746567593887, 0.00395277142525], [3.70617890439e-05, 0.00634011859074, -0.00400522211567, 0.0034449135419, -0.00296669849195, 0.0109934601933, -0.00589945120737, 0.0038530761376, -0.000792785198428, 0.00351426634006, -0.00662833964452, 0.00678059272468, -0.00534053053707], [0.00104387279134, -0.0042846580036, 0.00207504210994, 0.00159122294281, -0.00148254109081, -0.00589945120737, 0.0157562959939, -0.00616910215467, -0.00106102554128, 0.00424561696127, 0.00304451957345, -0.00332503113896, 0.00417462224141], [-0.00108615902718, 0.00573005760089, -0.00226148054935, 0.00346162216738, -0.00100095686503, 0.0038530761376, -0.00616910215467, 0.0187310595065, -0.00736506842077, 0.000236772713833, -0.000436999951489, 0.00411924859509, -0.00341435219161], [0.000840650405735, -0.0037816320546, 0.00333229149692, -0.00578717701137, 0.00216809660196, -0.000792785198428, -0.00106102554128, -0.00736506842077, 0.0178380981088, -0.00843393336982, 0.00307271652855, 0.000405452039558, 0.000760578317568], [0.000198038935196, 0.00530649907887, -0.00571502745152, 0.00888039730489, -0.00476602371782, 0.00351426634006, 0.00424561696127, 0.000236772713833, -0.00843393336982, 0.0229594893754, -0.0114658186212, 0.00347318430431, 0.00244851806201], [-1.43431789184e-05, -0.00774904573336, 0.00797889009118, -0.00783237069845, 0.00612060911953, -0.00662833964452, 0.00304451957345, -0.000436999951489, 0.00307271652855, -0.0114658186212, 0.0239563882351, -0.00991985760629, 0.00225870870054], [8.36655381136e-05, 0.0068480684422, -0.0063933795318, 0.00818328000605, -0.00746567593887, 0.00678059272468, -0.00332503113896, 0.00411924859509, 0.000405452039558, 0.00347318430431, -0.00991985760629, 0.021858504042, -0.00726048601791], [0.000223942071898, -0.00456533627585, 0.00463112490252, -0.0047265663743, 0.00395277142525, -0.00534053053707, 0.00417462224141, -0.00341435219161, 0.000760578317568, 0.00244851806201, 0.00225870870054, -0.00726048601791, 0.0184990726411]]
    },
    "melbands": {
        "dmean": [0.00133184890728, 0.00154316204134, 0.00115484558046, 0.00036291332799, 0.000202033857931, 0.000133729976369, 0.000104694627225, 8.73085737112e-05, 7.69846956246e-05, 0.000103559090348, 0.000112142763101, 8.37058832985e-05, 8.82765452843e-05, 4.72921892651e-05, 4.05052087444e-05, 4.23434939876e-05, 4.59545590275e-05, 4.5728211262e-05, 3.22313644574e-05, 1.72056243173e-05, 2.15271484194e-05, 2.53983162111e-05, 2.33530136029e-05, 2.24917639571e-05, 1.05278568299e-05, 8.5265000962e-06, 7.79623132985e-06, 8.23267055239e-06, 5.28010059497e-06, 3.19779633173e-06, 2.26932320402e-06, 1.85586372936e-06, 1.97431586457e-06, 1.50748235228e-06, 1.45516469274e-06, 1.51223844114e-06, 1.06489596874e-06, 8.8748492999e-07, 6.60711805267e-07, 5.89794751704e-07],
        "dmean2": [0.00230911956169, 0.00263297301717, 0.0019719444681, 0.000610743300058, 0.000343625608366, 0.00022682933195, 0.000177279667696, 0.000135242866236, 0.000121555560327, 0.000155213478138, 0.000173197724507, 0.000126001192257, 0.000132710381877, 7.26796570234e-05, 6.3576582761e-05, 6.82185418555e-05, 7.13080735295e-05, 7.30866013328e-05, 5.32313679287e-05, 2.79680916719e-05, 3.53395334969e-05, 4.04053207603e-05, 3.86282408726e-05, 3.65011910617e-05, 1.70055282069e-05, 1.35039781526e-05, 1.23022909975e-05, 1.28754081743e-05, 8.20960394776e-06, 4.95998438055e-06, 3.58321244676e-06, 2.83889335151e-06, 3.07091318064e-06, 2.33406171901e-06, 2.21646587306e-06, 2.19092089537e-06, 1.51752885813e-06, 1.30428190914e-06, 9.69913912741e-07, 9.07644619019e-07],
        "dvar": [6.24022959528e-06, 7.32610897103e-06, 4.07001425629e-06, 4.20497201503e-07, 2.76363664398e-07, 8.76653203363e-08, 5.64072877296e-08, 4.02351503226e-08, 3.77374789196e-08, 5.77562637716e-08, 6.51454286071e-08, 3.87660179513e-08, 3.01830560545e-08, 1.02228874255e-08, 8.34322744225e-09, 6.5954273154e-09, 8.950162389e-09, 7.9671256259e-09, 7.80375053466e-09, 1.16924869786e-09, 1.58073965029e-09, 2.98295144141e-09, 1.40041123142e-09, 1.62849378427e-09, 2.46904580115e-10, 9.55501996969e-11, 1.08573469659e-10, 1.48392312327e-10, 5.05968253406e-11, 1.77771582177e-11, 9.35128103424e-12, 5.75036676262e-12, 7.99994358952e-12, 3.53885518979e-12, 3.13275815879e-12, 4.6811382895e-12, 2.25350575873e-12, 1.56668742649e-12, 1.11112464715e-12, 9.99739028541e-13],
        "dvar2": [1.64847624546e-05, 1.98054040084e-05, 1.04159116745e-05, 1.14939246032e-06, 7.55095300065e-07, 2.32734763017e-07, 1.52198836645e-07, 8.87846525188e-08, 9.2375280758e-08, 1.25269025375e-07, 1.52439213252e-07, 9.49077403334e-08, 7.57833404919e-08, 2.25575984558e-08, 2.01248671061e-08, 1.55722901241e-08, 2.07882777659e-08, 2.14800195408e-08, 2.22622809076e-08, 2.83711965032e-09, 4.12177181275e-09, 7.25843962712e-09, 3.40281025579e-09, 3.91444787695e-09, 5.91452609111e-10, 2.4720522851e-10, 2.81985990114e-10, 3.47831097258e-10, 1.11213038778e-10, 4.63031349374e-11, 2.23538618171e-11, 1.35603906576e-11, 1.93695511019e-11, 8.07872432146e-12, 6.93987619108e-12, 8.71173619355e-12, 4.57117850516e-12, 3.24079174954e-12, 2.21640956456e-12, 2.26685879269e-12],
        "max": [0.0162300094962, 0.0268943924457, 0.017850484699, 0.00884336885065, 0.00936353299767, 0.00362311303616, 0.0027948024217, 0.003852219088, 0.00366060109809, 0.00399536592886, 0.00353088555858, 0.00330168497749, 0.00244623981416, 0.00163032009732, 0.00168789539021, 0.00123336631805, 0.00134157610592, 0.0011883797124, 0.00110607245006, 0.000653551134747, 0.000685444276314, 0.00121981627308, 0.000438287795987, 0.000612251344137, 0.000246447481913, 0.000135591864819, 0.000155665533384, 0.000184666612768, 9.58926029853e-05, 5.73598772462e-05, 5.91895259276e-05, 3.41569684679e-05, 3.99891105189e-05, 3.28455171257e-05, 1.95575485122e-05, 3.94952621718e-05, 1.78957343451e-05, 1.30558837554e-05, 1.20274353321e-05, 1.17565050459e-05],
        "mean": [0.00147827423643, 0.00229522981681, 0.00166673725471, 0.000581728701945, 0.000246087205596, 0.000169796534465, 0.000149903047713, 0.000132766086608, 0.000113216039608, 0.000164289042004, 0.000179111855687, 0.000160135532496, 0.000185880329809, 8.47264454933e-05, 7.60235561756e-05, 7.6759060903e-05, 7.53818167141e-05, 9.15421624086e-05, 5.32548729097e-05, 3.01082545775e-05, 3.54531948688e-05, 4.65840275865e-05, 4.18013551098e-05, 3.95619208575e-05, 2.13420062209e-05, 1.85965145647e-05, 1.70748771779e-05, 1.66006448126e-05, 1.04094324342e-05, 6.5700801315e-06, 4.69118504043e-06, 3.71202918359e-06, 3.8222206058e-06, 3.04222862724e-06, 2.86283534479e-06, 3.00186525237e-06, 2.00804538508e-06, 1.53270616465e-06, 1.12634540983e-06, 9.02639044398e-07],
        "median": [0.000742110540159, 0.00153059978038, 0.00105143990368, 0.000373506365577, 9.98729592538e-05, 5.84584959142e-05, 4.93516636197e-05, 5.23407943547e-05, 3.09799797833e-05, 5.36455518159e-05, 5.88829316257e-05, 5.04848321725e-05, 6.18198973825e-05, 3.27189227392e-05, 3.29553986376e-05, 3.77440446755e-05, 3.00942447211e-05, 4.21532859036e-05, 2.14482788579e-05, 1.7694725102e-05, 2.13014482142e-05, 2.63392321358e-05, 2.55345494224e-05, 2.21795926336e-05, 1.42223507282e-05, 1.39135536301e-05, 1.11977378765e-05, 9.11995266506e-06, 6.87588317305e-06, 4.89098692924e-06, 3.22025312016e-06, 2.38420284404e-06, 2.22728544941e-06, 2.11092537938e-06, 1.94542690224e-06, 1.85907867944e-06, 1.21602067793e-06, 8.37684694943e-07, 5.44972067473e-07, 3.90801602634e-07],
        "min": [3.80879623663e-06, 4.05968620498e-07, 3.75736499336e-06, 3.31508147156e-07, 3.31336707404e-07, 3.70114094039e-07, 3.5882808902e-07, 1.74165592171e-07, 1.52889597871e-07, 3.36221575026e-08, 2.04236116019e-07, 1.38958302642e-08, 1.6839921102e-07, 6.12812058876e-08, 1.24978626559e-07, 8.82174546746e-08, 3.18583772696e-08, 1.71279097572e-07, 2.33954409623e-07, 5.69598590516e-08, 1.67947533214e-07, 1.90982149206e-07, 1.63489772831e-07, 9.15878928254e-08, 1.25560802644e-07, 1.18609769117e-07, 9.2543423591e-08, 1.19224196737e-07, 9.84919665825e-08, 9.9348667959e-08, 1.02379587474e-07, 8.76733921018e-08, 2.85802688182e-08, 3.36943593027e-08, 1.16874581124e-08, 1.39715989889e-08, 1.75988568163e-09, 1.19633317142e-10, 6.08500012531e-12, 4.5495184009e-11],
