{
"highlevel": {
    "danceability": {
        "all": {
            "danceable": 0.999808430672,
            "not_danceable": 0.000191550861928
        },
        "probability": 0.999808430672,
        "value": "danceable"
    },
    "gender": {
        "all": {
            "female": 0.0171895809472,
            "male": 0.982810437679
        },
        "probability": 0.982810437679,
        "value": "male"
    },
    "genre_dortmund": {
        "all": {
            "alternative": 0.0506056435406,
            "blues": 0.12840603292,
            "electronic": 0.0345330312848,
            "folkcountry": 0.0828951373696,
            "funksoulrnb": 0.029128652066,
            "jazz": 0.0507492050529,
            "pop": 0.161999791861,
            "raphiphop": 0.14710444212,
            "rock": 0.314578056335
        },
        "probability": 0.314578056335,
        "value": "rock"
    },
    "genre_electronic": {
        "all": {
            "ambient": 0.14587597549,
            "dnb": 0.309462487698,
            "house": 0.0728697404265,
            "techno": 0.0228117108345,
            "trance": 0.448980093002
        },
        "probability": 0.448980093002,
        "value": "trance"
    },
    "genre_rosamerica": {
        "all": {
            "cla": 0.00599063560367,
            "dan": 0.342502772808,
            "hip": 0.0871332287788,
            "jaz": 0.00807168520987,
            "pop": 0.19649592042,
            "rhy": 0.0426711440086,
            "roc": 0.311977058649,
            "spe": 0.0051575563848
        },
        "probability": 0.342502772808,
        "value": "dan"
    },
    "genre_tzanetakis": {
        "all": {
            "blu": 0.0622663982213,
            "cla": 0.0345780998468,
            "cou": 0.103735685349,
            "dis": 0.0518908686936,
            "hip": 0.155698984861,
            "jaz": 0.311586618423,
            "met": 0.0519040971994,
            "pop": 0.0622744634748,
            "reg": 0.0622723288834,
            "roc": 0.103792458773
        },
        "probability": 0.311586618423,
        "value": "jaz"
    },
    "ismir04_rhythm": {
        "all": {
            "ChaChaCha": 0.0212805885822,
            "Jive": 0.0632801353931,
            "Quickstep": 0.0419244877994,
            "Rumba-American": 0.0061217052862,
            "Rumba-International": 0.00935360789299,
            "Rumba-Misc": 0.00407881615683,
            "Samba": 0.846120297909,
            "Tango": 0.00329383113421,
            "VienneseWaltz": 0.00300043076277,
            "Waltz": 0.00154607265722
        },
        "probability": 0.846120297909,
        "value": "Samba"
    },
    "mood_acoustic": {
        "all": {
            "acoustic": 0.00645824242383,
            "not_acoustic": 0.993541777134
        },
        "probability": 0.993541777134,
        "value": "not_acoustic"
    },
    "mood_aggressive": {
        "all": {
            "aggressive": 0.352462053299,
            "not_aggressive": 0.647537946701
        },
        "probability": 0.647537946701,
        "value": "not_aggressive"
    },
    "mood_electronic": {
        "all": {
            "electronic": 0.283375442028,
            "not_electronic": 0.716624557972
        },
        "probability": 0.716624557972,
        "value": "not_electronic"
    },
    "mood_happy": {
        "all": {
            "happy": 0.836478233337,
            "not_happy": 0.16352173686
        },
        "probability": 0.836478233337,
        "value": "happy"
    },
    "mood_party": {
        "all": {
            "not_party": 0.172963246703,
            "party": 0.827036738396
        },
        "probability": 0.827036738396,
        "value": "party"
    },
    "mood_relaxed": {
        "all": {
            "not_relaxed": 0.954332709312,
            "relaxed": 0.0456672720611
        },
        "probability": 0.954332709312,
        "value": "not_relaxed"
    },
    "mood_sad": {
        "all": {
            "not_sad": 0.952254116535,
            "sad": 0.0477458909154
        },
        "probability": 0.952254116535,
        "value": "not_sad"
    },
    "moods_mirex": {
        "all": {
            "Cluster1": 0.302946478128,
            "Cluster2": 0.153307408094,
            "Cluster3": 0.183275148273,
            "Cluster4": 0.29075923562,
            "Cluster5": 0.0697117298841
        },
        "probability": 0.302946478128,
        "value": "Cluster1"
    },
    "timbre": {
        "all": {
            "bright": 0.995915293694,
            "dark": 0.00408471096307
        },
        "probability": 0.995915293694,
        "value": "bright"
    },
    "tonal_atonal": {
        "all": {
            "atonal": 0.0154918981716,
            "tonal": 0.984508097172
        },
        "probability": 0.984508097172,
        "value": "tonal"
    },
    "voice_instrumental": {
        "all": {
            "instrumental": 0.00705534731969,
            "voice": 0.992944657803
        },
        "probability": 0.992944657803,
        "value": "voice"
    }
},
"lowlevel": {
    "average_loudness": 0.985894739628,
    "barkbands_crest": {
        "dmean": 3.62175559998,
        "dmean2": 5.69459962845,
        "dvar": 10.2206106186,
        "dvar2": 22.9996795654,
        "max": 26.4038944244,
        "mean": 13.0527296066,
        "median": 12.0983171463,
        "min": 2.77837610245,
        "var": 29.0213069916
    },
    "barkbands_flatness_db": {
        "dmean": 0.031498990953,
        "dmean2": 0.0463307760656,
        "dvar": 0.000762153591495,
        "dvar2": 0.00177297310438,
        "max": 0.324338912964,
        "mean": 0.139650449157,
        "median": 0.132272586226,
        "min": 0.0437794215977,
        "var": 0.00244841002859
    },
    "barkbands_kurtosis": {
        "dmean": 4.96817874908,
        "dmean2": 7.90704965591,
        "dvar": 119.310821533,
        "dvar2": 296.62991333,
        "max": 182.085388184,
        "mean": 5.15313053131,
        "median": 1.49301290512,
        "min": -1.72159862518,
        "var": 140.456466675
    },
    "barkbands_skewness": {
        "dmean": 0.809942781925,
        "dmean2": 1.2414700985,
        "dvar": 0.837185442448,
        "dvar2": 1.94593131542,
        "max": 12.4764471054,
        "mean": 1.83413982391,
        "median": 1.50436508656,
        "min": -1.41470742226,
        "var": 2.09908604622
    },
    "barkbands_spread": {
        "dmean": 8.55762863159,
        "dmean2": 13.3454399109,
        "dvar": 74.3411483765,
        "dvar2": 172.916320801,
        "max": 100.421981812,
        "mean": 27.8477649689,
        "median": 26.732465744,
        "min": 1.31401360035,
        "var": 190.714569092
    },
    "dissonance": {
        "dmean": 0.018229233101,
        "dmean2": 0.0303275194019,
        "dvar": 0.000314212986268,
        "dvar2": 0.000841125613078,
        "max": 0.499779731035,
        "mean": 0.468484818935,
        "median": 0.474439799786,
        "min": 0.32098865509,
        "var": 0.000597337028012
    },
    "dynamic_complexity": 1.72451353073,
    "erbbands_crest": {
        "dmean": 3.19992423058,
        "dmean2": 5.1440243721,
        "dvar": 9.16515636444,
        "dvar2": 22.4370079041,
        "max": 31.4072628021,
        "mean": 8.93367195129,
        "median": 7.8546462059,
        "min": 2.0605533123,
        "var": 22.8182830811
    },
    "erbbands_flatness_db": {
        "dmean": 0.0216127987951,
        "dmean2": 0.0310958810151,
        "dvar": 0.000389631546568,
        "dvar2": 0.000720533775166,
        "max": 0.248853042722,
        "mean": 0.126901313663,
        "median": 0.120942331851,
        "min": 0.0516672097147,
        "var": 0.00141640158836
    },
    "erbbands_kurtosis": {
        "dmean": 1.01877605915,
        "dmean2": 1.60119092464,
        "dvar": 1.58840870857,
        "dvar2": 4.19129180908,
        "max": 18.7962779999,
        "mean": 0.582567512989,
        "median": 0.225160598755,
        "min": -1.68737816811,
        "var": 2.69688296318
    },
    "erbbands_skewness": {
        "dmean": 0.372600615025,
        "dmean2": 0.578471958637,
        "dvar": 0.120082810521,
        "dvar2": 0.302840560675,
        "max": 3.7385134697,
        "mean": 0.0813151821494,
        "median": 0.0907845944166,
        "min": -3.06311535835,
        "var": 0.39318934083
    },
    "erbbands_spread": {
        "dmean": 12.6181440353,
        "dmean2": 18.6347846985,
        "dvar": 179.65512085,
        "dvar2": 407.552001953,
        "max": 136.172927856,
        "mean": 43.0740661621,
        "median": 38.4406929016,
        "min": 7.52749013901,
        "var": 505.025848389
    },
    "hfc": {
        "dmean": 14.1013689041,
        "dmean2": 21.6162166595,
        "dvar": 411.146514893,
        "dvar2": 1013.22320557,
        "max": 158.002258301,
        "mean": 32.1563568115,
        "median": 25.6631889343,
        "min": 1.16701853275,
        "var": 539.857727051
    },
    "melbands_crest": {
        "dmean": 4.19657897949,
        "dmean2": 6.65585613251,
        "dvar": 12.733171463,
        "dvar2": 32.1299209595,
        "max": 34.2346878052,
        "mean": 18.3528804779,
        "median": 18.1646823883,
        "min": 4.49187755585,
        "var": 39.7682609558
    },
    "melbands_flatness_db": {
        "dmean": 0.0378541238606,
        "dmean2": 0.0566844493151,
        "dvar": 0.0010997497011,
        "dvar2": 0.00251152995043,
        "max": 0.433358818293,
        "mean": 0.202318564057,
        "median": 0.196999803185,
        "min": 0.0396604202688,
        "var": 0.00402767350897
    },
    "melbands_kurtosis": {
        "dmean": 15.7339439392,
        "dmean2": 25.3900718689,
        "dvar": 847.767333984,
        "dvar2": 2128.75146484,
        "max": 377.436981201,
        "mean": 22.2273445129,
        "median": 9.32486915588,
        "min": -1.5787781477,
        "var": 1266.86132812
    },
    "melbands_skewness": {
        "dmean": 1.25595211983,
        "dmean2": 1.96047568321,
        "dvar": 1.86257469654,
        "dvar2": 4.42770624161,
        "max": 15.8602685928,
        "mean": 3.50583481789,
        "median": 2.84043455124,
        "min": -0.178280800581,
        "var": 5.57000732422
    },
    "melbands_spread": {
        "dmean": 8.62948703766,
        "dmean2": 13.692984581,
        "dvar": 87.5991439819,
        "dvar2": 197.330841064,
        "max": 174.205856323,
        "mean": 23.3800258636,
        "median": 21.5669898987,
        "min": 0.825173437595,
        "var": 242.818099976
    },
    "pitch_salience": {
        "dmean": 0.0993709713221,
        "dmean2": 0.151114225388,
        "dvar": 0.00792582798749,
        "dvar2": 0.019037168473,
        "max": 0.820311009884,
        "mean": 0.444169402122,
        "median": 0.440157443285,
        "min": 0.0617075636983,
        "var": 0.020275849849
    },
    "silence_rate_20dB": {
        "dmean": 0,
        "dmean2": 0,
        "dvar": 0,
        "dvar2": 0,
        "max": 1,
        "mean": 1,
        "median": 1,
        "min": 1,
        "var": 0
    },
    "silence_rate_30dB": {
        "dmean": 0.0479876175523,
        "dmean2": 0.0960495769978,
        "dvar": 0.0456854067743,
        "dvar2": 0.100766941905,
        "max": 1,
        "mean": 0.95204949379,
        "median": 1,
        "min": 0,
        "var": 0.0456516928971
    },
    "silence_rate_60dB": {
        "dmean": 0.0108359130099,
        "dmean2": 0.0216886140406,
        "dvar": 0.0107183912769,
        "dvar2": 0.0243169050664,
        "max": 1,
        "mean": 0.00928074214607,
        "median": 0,
        "min": 0,
        "var": 0.00919450446963
    },
    "spectral_centroid": {
        "dmean": 306.106628418,
        "dmean2": 488.222930908,
        "dvar": 96262.15625,
        "dvar2": 233303.21875,
        "max": 3989.8815918,
        "mean": 1568.32043457,
        "median": 1537.36950684,
        "min": 245.817550659,
        "var": 270163.5625
    },
    "spectral_complexity": {
        "dmean": 6.46052646637,
        "dmean2": 9.47560024261,
        "dvar": 51.1059341431,
        "dvar2": 105.671211243,
        "max": 58,
        "mean": 23.5831394196,
        "median": 22,
        "min": 2,
        "var": 111.653884888
    },
    "spectral_decrease": {
        "dmean": 4.79046446955e-09,
        "dmean2": 7.60897922447e-09,
        "dvar": 2.85397262927e-17,
        "dvar2": 7.17523594853e-17,
        "max": -2.39376463096e-10,
        "mean": -1.23734746893e-08,
        "median": -1.11449711682e-08,
        "min": -4.39234710825e-08,
        "var": 5.44182007966e-17
    },
    "spectral_energy": {
        "dmean": 0.0187501590699,
        "dmean2": 0.0298105645925,
        "dvar": 0.000428103725426,
        "dvar2": 0.00107020826545,
        "max": 0.167856931686,
        "mean": 0.0496169216931,
        "median": 0.0448593422771,
        "min": 0.00104713358451,
        "var": 0.000820107932668
    },
    "spectral_energyband_high": {
        "dmean": 0.00107228907291,
        "dmean2": 0.00166551384609,
        "dvar": 2.82989981315e-06,
        "dvar2": 6.84815540808e-06,
        "max": 0.0116676054895,
        "mean": 0.00165242399089,
        "median": 0.000978928525001,
        "min": 5.71093050894e-06,
        "var": 3.54608346242e-06
    },
    "spectral_energyband_low": {
        "dmean": 0.0150058912113,
        "dmean2": 0.0240960326046,
        "dvar": 0.000409948610468,
        "dvar2": 0.00103676365688,
        "max": 0.161292105913,
        "mean": 0.0293294042349,
        "median": 0.022763594985,
        "min": 1.62243159139e-05,
        "var": 0.000731915235519
    },
    "spectral_energyband_middle_high": {
        "dmean": 0.00306796096265,
        "dmean2": 0.00473495386541,
        "dvar": 1.35908867378e-05,
        "dvar2": 3.02936823573e-05,
        "max": 0.0462545827031,
        "mean": 0.00770718511194,
        "median": 0.00583965238184,
        "min": 0.000138090981636,
        "var": 3.96993527829e-05
    },
    "spectral_energyband_middle_low": {
        "dmean": 0.00790160708129,
        "dmean2": 0.012952809222,
        "dvar": 0.000137912400533,
        "dvar2": 0.000351865775883,
        "max": 0.088353343308,
        "mean": 0.0119389696047,
        "median": 0.00801704265177,
        "min": 0.000386121391784,
        "var": 0.000149931976921
    },
    "spectral_entropy": {
        "dmean": 0.179687172174,
        "dmean2": 0.258808106184,
        "dvar": 0.0309449266642,
        "dvar2": 0.0632246956229,
        "max": 8.69297122955,
        "mean": 7.81062746048,
        "median": 7.84995889664,
        "min": 6.33530950546,
        "var": 0.107375614345
    },
    "spectral_flux": {
        "dmean": 0.0400675758719,
        "dmean2": 0.0649008601904,
        "dvar": 0.00172284571454,
        "dvar2": 0.00382583145984,
        "max": 0.347601950169,
        "mean": 0.123846329749,
        "median": 0.110345430672,
        "min": 0.0123542295769,
        "var": 0.00333929457702
    },
    "spectral_kurtosis": {
        "dmean": 1.04450583458,
        "dmean2": 1.62198936939,
        "dvar": 1.22196781635,
        "dvar2": 2.80166339874,
        "max": 17.6993999481,
        "mean": 3.19331932068,
        "median": 2.95011663437,
        "min": -1.15558409691,
        "var": 3.32627344131
    },
    "spectral_rms": {
        "dmean": 0.0013081249781,
        "dmean2": 0.0020247020293,
        "dvar": 1.67995438005e-06,
        "dvar2": 3.78583490601e-06,
        "max": 0.0127969859168,
        "mean": 0.00665696477517,
        "median": 0.00661552790552,
        "min": 0.00101073924452,
        "var": 4.09168842452e-06
    },
    "spectral_rolloff": {
        "dmean": 629.530029297,
        "dmean2": 1054.1940918,
        "dvar": 1010518,
        "dvar2": 2227379.75,
        "max": 12015.5273438,
        "mean": 1338.17053223,
        "median": 1162.79296875,
        "min": 64.599609375,
        "var": 2148381.25
    },
    "spectral_skewness": {
        "dmean": 0.183287322521,
        "dmean2": 0.278421580791,
        "dvar": 0.0294699203223,
        "dvar2": 0.0633516982198,
        "max": 3.09473419189,
        "mean": 1.43308281898,
        "median": 1.41648483276,
        "min": 0.0344835594296,
        "var": 0.115862891078
    },
    "spectral_spread": {
        "dmean": 786878,
        "dmean2": 1122629.5,
        "dvar": 806599196672,
        "dvar2": 1.44007705395e+12,
        "max": 15073923,
        "mean": 5526262,
        "median": 5246064.5,
        "min": 2485222.25,
        "var": 2.81671657062e+12
    },
    "spectral_strongpeak": {
        "dmean": 0.451692610979,
        "dmean2": 0.805434882641,
        "dvar": 0.97836381197,
        "dvar2": 2.3831577301,
        "max": 13.3783340454,
        "mean": 0.624882340431,
        "median": 0.365219771862,
        "min": 0,
        "var": 0.98325741291
    },
    "zerocrossingrate": {
        "dmean": 0.0135078551248,
        "dmean2": 0.0157135035843,
        "dvar": 0.000202090697712,
        "dvar2": 0.00021652985015,
        "max": 0.35986328125,
        "mean": 0.060434717685,
        "median": 0.05517578125,
        "min": 0.00537109375,
        "var": 0.001206643763
    },
    "barkbands": {
        "dmean": [0.000592880824115, 0.0140653615817, 0.00356856966391, 0.00246593053453, 0.00368752540089, 0.00086372368969, 0.000657572760247, 0.001130300574, 0.0011504405411, 0.000788852805272, 0.000546141236555, 0.000463564152597, 0.000812383601442, 0.000785565876868, 0.000510196608957, 0.000392555550206, 0.000438729854068, 0.000292929325951, 0.000277964194538, 0.000230480130995, 0.000185187498573, 0.00016478318139, 0.00015794976207, 0.000178808346391, 0.000228714736295, 0.000182079034857, 1.5042304824e-07],
        "dmean2": [0.000959605444223, 0.022342659533, 0.00602177204564, 0.00433047162369, 0.00626848265529, 0.0013971348526, 0.0010856554145, 0.00172238517553, 0.00183463213034, 0.00128051277716, 0.000876902253367, 0.000727157806978, 0.00128932879306, 0.00125532259699, 0.000812287558801, 0.000638936879113, 0.000732647953555, 0.000481169787236, 0.000464607728645, 0.00038211082574, 0.000289701449219, 0.000256714731222, 0.000245696573984, 0.000280153180938, 0.000360295467544, 0.00030372934998, 2.69512725026e-07],
        "dvar": [5.43342764558e-07, 0.000422033917857, 6.13744487055e-05, 3.35739387083e-05, 4.47911734227e-05, 2.27464602176e-06, 2.20412402996e-06, 5.89915907767e-06, 4.07525203627e-06, 4.57633768747e-06, 1.21324694646e-06, 7.67814753999e-07, 2.26666429626e-06, 2.32485604101e-06, 1.12352438464e-06, 8.0335922803e-07, 1.12903603622e-06, 2.10625799468e-07, 2.28896311683e-07, 1.45880846958e-07, 6.90303778583e-08, 5.41046354385e-08, 5.65222180171e-08, 7.63206529086e-08, 1.55480250896e-07, 1.96094021021e-07, 1.60734205351e-13],
        "dvar2": [1.46524928368e-06, 0.00107608630788, 0.000142624543514, 9.41725884331e-05, 0.0001173063647, 5.67112738281e-06, 5.50385493625e-06, 1.24609432532e-05, 1.0055079656e-05, 1.26754648591e-05, 2.47672664955e-06, 1.74099875494e-06, 5.69175745113e-06, 5.82017264605e-06, 2.80941321762e-06, 2.06666004487e-06, 2.58003501585e-06, 5.2988519883e-07, 6.02670809258e-07, 3.75560546217e-07, 1.56941680984e-07, 1.31724533503e-07, 1.329132715e-07, 1.74068077285e-07, 3.67290624581e-07, 4.97133441968e-07, 4.31909174224e-13],
        "max": [0.00684950174764, 0.158493727446, 0.0581265091896, 0.0424499586225, 0.0638660117984, 0.020344786346, 0.0174886509776, 0.0313245989382, 0.0206042230129, 0.034815967083, 0.0214493069798, 0.013487749733, 0.0173684842885, 0.0179397258908, 0.0133119560778, 0.0172349736094, 0.0234219580889, 0.0048493319191, 0.00405262969434, 0.00436005555093, 0.00351805705577, 0.00182614126243, 0.00301126390696, 0.00285002216697, 0.00438954401761, 0.00361024262384, 4.66611800221e-06],
        "mean": [0.000972037261818, 0.0235935933888, 0.00404386874288, 0.00206681108102, 0.00390591588803, 0.0012815274531, 0.000802993657999, 0.00174222316127, 0.00158711301629, 0.00113368232269, 0.000888824171852, 0.00071068998659, 0.00114702398423, 0.00116347149014, 0.000730449275579, 0.000573102850467, 0.000644662359264, 0.000434930843767, 0.000409930275055, 0.000291107367957, 0.000279387517367, 0.000258734362433, 0.00022110856662, 0.000261550914729, 0.000300333893392, 0.000171846200828, 1.0499127967e-07],
        "median": [0.000730892876163, 0.0177797283977, 0.0012799797114, 0.000529566488694, 0.00131664250512, 0.000655714888126, 0.000279618398054, 0.000349202367943, 0.000651126145385, 0.00035389905679, 0.000328444701154, 0.000280057342025, 0.000471139501315, 0.000448172591859, 0.000367808155715, 0.000310586532578, 0.00034103760845, 0.000259452121099, 0.000261783221504, 0.000178803922608, 0.000184789503692, 0.000177718742634, 0.000117400915769, 0.000128988205688, 0.000132051776745, 3.85689745599e-05, 3.78462683415e-09],
        "min": [1.18823990647e-07, 8.49466414365e-06, 1.36892879254e-06, 9.27798964767e-07, 1.49647967191e-05, 9.19740250538e-06, 9.90862645267e-07, 1.60280205819e-06, 1.63026670634e-05, 2.33085802392e-06, 2.28344833886e-06, 2.67285804512e-06, 6.22883862889e-06, 2.70453961093e-06, 3.07469053951e-06, 2.68898179456e-06, 2.94239112009e-06, 1.60404863436e-06, 1.91712797459e-06, 1.59715523296e-06, 1.40616634781e-06, 1.56225539172e-07, 3.7439789935e-07, 7.62654153164e-08, 3.33562439891e-08, 1.87169064969e-11, 8.79145194144e-12],
        "var": [9.30848557346e-07, 0.000587655697018, 6.01622050453e-05, 2.21228201553e-05, 4.58199865534e-05, 3.48185494659e-06, 2.71345902547e-06, 1.2981373402e-05, 5.94245238972e-06, 6.80620041749e-06, 3.02376679429e-06, 1.66946506397e-06, 3.64680386156e-06, 3.58358488484e-06, 1.60143576977e-06, 1.12694112886e-06, 1.93354526346e-06, 2.96657447052e-07, 2.34912732822e-07, 1.41424280287e-07, 9.71817897266e-08, 7.38921173138e-08, 8.57386268649e-08, 1.39987804459e-07, 2.1493239899e-07, 1.70510034536e-07, 1.09792119244e-13]
    },
    "erbbands": {
        "dmean": [0.503328621387, 2.95070457458, 4.54365825653, 4.97561979294, 14.5687494278, 9.5767621994, 7.36528635025, 7.20606660843, 8.54365921021, 16.0745277405, 22.3471698761, 30.4255218506, 24.5662498474, 18.6918811798, 23.2029514313, 21.2254638672, 34.9095230103, 41.9892234802, 28.670545578, 23.453874588, 18.1304168701, 23.4927349091, 16.3590297699, 15.3741006851, 11.877040863, 11.5996980667, 8.77322006226, 6.7572479248, 6.20798683167, 5.28514385223, 4.35578298569, 3.64997029305, 3.17437648773, 2.57577323914, 1.64893639088, 0.922640860081, 0.333188742399, 0.0278625637293, 0.000526289106347, 4.35803522123e-05],
        "dmean2": [0.780530571938, 4.83492851257, 7.50177145004, 8.09931278229, 24.793680191, 16.2991790771, 12.4886131287, 11.7793970108, 14.0851707458, 24.2274513245, 35.0332679749, 48.6712226868, 39.8843078613, 30.3433074951, 36.5388259888, 33.4428672791, 54.8762817383, 66.7902145386, 44.8058204651, 37.2084197998, 29.0269832611, 39.2540512085, 26.9772968292, 24.9285049438, 19.7564907074, 19.3522129059, 13.7983140945, 10.7312650681, 9.8060131073, 8.06008148193, 6.87278079987, 5.74238872528, 5.04769802094, 4.09572553635, 2.61659789085, 1.5220181942, 0.562226772308, 0.0463756583631, 0.000869936775416, 7.10727690603e-05],
        "dvar": [0.517301619053, 19.6330661774, 89.5332489014, 115.919876099, 787.497436523, 319.191741943, 226.87298584, 163.679275513, 449.387817383, 1224.68164062, 2449.47753906, 3273.53491211, 5335.78662109, 2240.29321289, 2005.28710938, 1538.24743652, 3817.57519531, 6421.23388672, 3070.26342773, 2778.00512695, 1163.44311523, 3933.15063477, 662.919677734, 696.906005859, 362.320953369, 440.645080566, 154.296005249, 103.1510849, 84.2810287476, 51.8919143677, 44.8261528015, 32.7061691284, 25.7810993195, 18.6058578491, 8.16523742676, 4.19334411621, 0.763942718506, 0.0054863835685, 1.81333177807e-06, 5.64591751129e-09],
        "dvar2": [1.25985264778, 52.1313171387, 227.349105835, 298.815124512, 2109.375, 842.374389648, 611.319702148, 409.846679688, 1184.79919434, 2393.05834961, 5889.27636719, 8151.75048828, 14585.5009766, 6073.72167969, 4644.14550781, 3453.2121582, 9574.84179688, 15833.0644531, 7171.90625, 7198.17724609, 2732.34716797, 9247.80371094, 1732.66967773, 1764.72351074, 947.042785645, 1142.41723633, 348.583770752, 263.290374756, 209.532562256, 118.893043518, 105.969841003, 73.0343093872, 61.4669303894, 42.5843238831, 19.569316864, 10.5199708939, 1.99085903168, 0.0137468893081, 4.56040424979e-06, 1.44372558353e-08],
        "max": [5.34912157059, 34.7977523804, 76.7863006592, 84.5547561646, 254.357391357, 149.665588379, 141.973526001, 230.648300171, 339.547454834, 579.916259766, 644.205749512, 606.813903809, 1350.45861816, 1042.47143555, 799.147644043, 685.180725098, 700.342529297, 839.413635254, 719.039306641, 771.964538574, 618.372497559, 1397.19372559, 336.828826904, 382.647186279, 183.350601196, 287.514404297, 159.02784729, 119.228736877, 79.415435791, 96.0418319702, 68.6476516724, 78.5254898071, 61.6278533936, 42.851348877, 33.9707794189, 18.3028354645, 6.87450361252, 0.746709883213, 0.0131955426186, 0.000723289093003],
        "mean": [0.826666116714, 4.66425657272, 5.82645702362, 5.14497518539, 13.7207803726, 10.2054243088, 9.6257648468, 10.0725326538, 10.7242956161, 24.2259941101, 35.7873153687, 42.8436203003, 35.9375915527, 28.5934963226, 38.0956382751, 35.6791038513, 52.2670326233, 64.0782241821, 45.8087120056, 35.6709022522, 29.5182991028, 33.9917259216, 25.4415111542, 22.7360172272, 17.9598236084, 14.6995725632, 12.475063324, 10.1266460419, 9.43361568451, 8.04111671448, 6.02993679047, 5.25000476837, 4.42377853394, 3.33491301537, 2.12532043457, 0.9590883255, 0.288870245218, 0.02304594405, 0.000483300274936, 8.46063994686e-05],
        "median": [0.648833036423, 3.17705750465, 2.87323379517, 1.90464615822, 3.80098819733, 3.41751646996, 3.89107656479, 4.98602819443, 4.42317724228, 6.14499521255, 11.7109956741, 19.3277740479, 12.6072292328, 13.4408073425, 16.8992958069, 16.7616252899, 25.1291332245, 26.0519771576, 24.7426509857, 20.0576210022, 17.5884666443, 17.3015003204, 16.0152187347, 13.4685840607, 12.2510299683, 8.89800930023, 7.61777162552, 6.89480495453, 6.26459980011, 5.01372718811, 3.1208524704, 2.57663321495, 2.16679525375, 1.39727401733, 0.938917338848, 0.272577464581, 0.0494990088046, 0.00281584169716, 0.000106154671812, 6.51636655675e-05],
        "min": [0.000111537927296, 0.00212004734203, 0.00694460328668, 0.0173780806363, 0.0169916618615, 0.0500348061323, 0.0719585865736, 0.153521806002, 0.0607177019119, 0.107186511159, 0.0970887392759, 0.324606835842, 0.075044862926, 0.105853810906, 0.330615222454, 0.284145474434, 0.287397295237, 0.165989369154, 0.158561691642, 0.138361632824, 0.159773826599, 0.147698804736, 0.0850907042623, 0.10948318243, 0.0989769697189, 0.099921412766, 0.0867165476084, 0.0558320619166, 0.0345504395664, 0.0201767180115, 0.0111354263499, 0.00442384043708, 0.00207013753243, 0.00197593611665, 0.0007441022899, 9.62957565207e-05, 1.21473767649e-05, 1.10563928502e-06, 1.31154399696e-06, 1.82586302344e-06],
        "var": [0.741818070412, 26.1808414459, 87.0972595215, 96.3526535034, 681.383728027, 325.596313477, 260.991638184, 235.387420654, 484.515655518, 3028.046875, 4604.81298828, 4529.09912109, 8230.56054688, 2921.37011719, 4118.23193359, 3505.28344727, 6376.98486328, 10706.3652344, 4968.74072266, 3481.34057617, 1986.10522461, 6374.13476562, 924.379821777, 953.641418457, 402.710540771, 409.827392578, 218.683700562, 120.968605042, 105.555831909, 79.9253005981, 67.0622253418, 64.2586364746, 40.543586731, 26.8829517365, 11.2240667343, 4.12934017181, 0.601033091545, 0.00450226524845, 1.50676919475e-06, 6.13278938744e-09]
    },
    "gfcc": {
        "mean": [47.6583900452, 74.5423812866, -107.927772522, 41.3833351135, -48.8467178345, 36.6633148193, -33.8625602722, 22.3410263062, -22.7372932434, 13.0193738937, -15.012424469, 2.44907045364, -9.18374347687],
        "cov": [[2116.25854492, -497.671569824, 106.172821045, -10.4717979431, -72.6317749023, -95.5422058105, -204.985687256, -4.57592344284, -136.514831543, -10.1789455414, -166.934967041, 22.2240390778, -191.144042969], [-497.671569824, 666.40020752, -232.238510132, -20.01146698, 69.1732711792, 26.2622833252, 164.828399658, -6.12417650223, 59.5675544739, -48.8612174988, 110.538551331, -105.452568054, 83.8490219116], [106.172821045, -232.238510132, 611.354125977, 87.7635955811, 21.8841629028, 40.5434989929, -36.0594787598, -26.2798194885, -113.610282898, 7.67008972168, -62.0428466797, 59.9109649658, -26.1323318481], [-10.4717979431, -20.01146698, 87.7635955811, 305.48425293, 61.6329498291, 19.3934555054, -4.53825998306, -23.3752365112, 36.4978218079, -39.8576927185, 9.65106105804, 1.34364974499, 55.6524085999], [-72.6317749023, 69.1732711792, 21.8841629028, 61.6329498291, 231.176010132, 52.5528869629, 63.0363578796, 57.5113868713, 49.090549469, 33.3114128113, 12.7723264694, -4.32029390335, 8.83803653717], [-95.5422058105, 26.2622833252, 40.5434989929, 19.3934555054, 52.5528869629, 185.064682007, 93.5447311401, 21.9541130066, 24.0068759918, 5.68745231628, 24.4566268921, -6.58014822006, 29.7345809937], [-204.985687256, 164.828399658, -36.0594787598, -4.53825998306, 63.0363578796, 93.5447311401, 186.560638428, 61.8668251038, 53.7559013367, 11.9561452866, 43.1233024597, -21.0257205963, 21.0180263519], [-4.57592344284, -6.12417650223, -26.2798194885, -23.3752365112, 57.5113868713, 21.9541130066, 61.8668251038, 143.302703857, 76.607170105, 49.471862793, 25.1456508636, 0.0425074920058, 4.32564640045], [-136.514831543, 59.5675544739, -113.610282898, 36.4978218079, 49.090549469, 24.0068759918, 53.7559013367, 76.607170105, 207.200302124, 39.9246559143, 33.1180419922, -2.56051588058, -1.26368665695], [-10.1789455414, -48.8612174988, 7.67008972168, -39.8576927185, 33.3114128113, 5.68745231628, 11.9561452866, 49.471862793, 39.9246559143, 104.379112244, 27.0710086823, 18.8422527313, -5.16378498077], [-166.934967041, 110.538551331, -62.0428466797, 9.65106105804, 12.7723264694, 24.4566268921, 43.1233024597, 25.1456508636, 33.1180419922, 27.0710086823, 95.0055847168, 1.56143569946, 34.4786682129], [22.2240390778, -105.452568054, 59.9109649658, 1.34364974499, -4.32029390335, -6.58014822006, -21.0257205963, 0.0425074920058, -2.56051588058, 18.8422527313, 1.56143569946, 84.8451766968, 4.01203489304], [-191.144042969, 83.8490219116, -26.1323318481, 55.6524085999, 8.83803653717, 29.7345809937, 21.0180263519, 4.32564640045, -1.26368665695, -5.16378498077, 34.4786682129, 4.01203489304, 109.232467651]],
        "icov": [[0.000757978355978, 5.48425487068e-05, 0.000291119969916, -0.000534450111445, 0.000218091314309, -0.000328089110553, 0.000618567806669, -0.000827841227874, 0.000797442975454, -0.000272669567494, 0.000816140323877, -0.000182688832865, 0.0013570766896], [5.48425487068e-05, 0.00514249969274, -8.69456271175e-05, 0.00228324206546, -0.00217844592407, 0.00273835612461, -0.00381395011209, 0.00338587909937, -0.00181240681559, 0.00358177279122, -0.00496287457645, 0.00496239820495, -0.00347238057293], [0.000291119969916, -8.69456271175e-05, 0.00274694780819, -0.00166395585984, 0.000235817424254, -0.00124291190878, 0.000305961148115, -0.000947692606132, 0.00232481537387, -0.00141669390723, 0.00194925197866, -0.00184153544251, 0.00179130316246], [-0.000534450111445, 0.00228324206546, -0.00166395585984, 0.00677507743239, -0.00285063986667, 0.00195125781465, -0.00130412483122, 0.00362574844621, -0.00394549593329, 0.00468811113387, -0.0038939176593, 0.00289496826008, -0.00543218944222], [0.000218091314309, -0.00217844592407, 0.000235817424254, -0.00285063986667, 0.00686111534014, -0.00214803428389, 0.000602459069341, -0.00327608920634, 0.00122820644174, -0.00355263147503, 0.00330091337673, -0.00190434174147, 0.00248032389209], [-0.000328089110553, 0.00273835612461, -0.00124291190878, 0.00195125781465, -0.00214803428389, 0.00967604294419, -0.00606737378985, 0.00328903249465, -0.0021615724545, 0.00232714205049, -0.00348409358412, 0.00315840635449, -0.00432183081284], [0.000618567806669, -0.00381395011209, 0.000305961148115, -0.00130412483122, 0.000602459069341, -0.00606737378985, 0.0128879137337, -0.00584075832739, 0.00122505135369, -0.00112459075172, 0.00164830998983, -0.00225593079813, 0.00362564157695], [-0.000827841227874, 0.00338587909937, -0.000947692606132, 0.00362574844621, -0.00327608920634, 0.00328903249465, -0.00584075832739, 0.0147638330236, -0.00547524914145, -0.000249647593591, -0.00428521959111, 0.00387948635034, -0.00507776159793], [0.000797442975454, -0.00181240681559, 0.00232481537387, -0.00394549593329, 0.00122820644174, -0.0021615724545, 0.00122505135369, -0.00547524914145, 0.00984006095678, -0.00392983434722, 0.00262575293891, -0.00295591005124, 0.00503098778427], [-0.000272669567494, 0.00358177279122, -0.00141669390723, 0.00468811113387, -0.00355263147503, 0.00232714205049, -0.00112459075172, -0.000249647593591, -0.00392983434722, 0.0176406148821, -0.00828476250172, 0.00141528039239, -0.00272226333618], [0.000816140323877, -0.00496287457645, 0.00194925197866, -0.0038939176593, 0.00330091337673, -0.00348409358412, 0.00164830998983, -0.00428521959111, 0.00262575293891, -0.00828476250172, 0.0212917272002, -0.00592522369698, 0.00135758868419], [-0.000182688832865, 0.00496239820495, -0.00184153544251, 0.00289496826008, -0.00190434174147, 0.00315840635449, -0.00225593079813, 0.00387948635034, -0.00295591005124, 0.00141528039239, -0.00592522369698, 0.0187973193824, -0.00525709846988], [0.0013570766896, -0.00347238057293, 0.00179130316246, -0.00543218944222, 0.00248032389209, -0.00432183081284, 0.00362564157695, -0.00507776159793, 0.00503098778427, -0.00272226333618, 0.00135758868419, -0.00525709846988, 0.0175644643605]]
    },
    "melbands": {
        "dmean": [0.00416840147227, 0.00261185178533, 0.00117844250053, 0.000922915351111, 0.000270047021331, 0.000160335737746, 0.000129443549667, 0.000192672407138, 0.000188632096979, 0.000181854033144, 0.000121493780171, 7.59365939302e-05, 7.90819249232e-05, 5.65090667806e-05, 6.98508447385e-05, 7.82791539677e-05, 8.33070735098e-05, 4.97891924169e-05, 3.32247764163e-05, 3.4136861359e-05, 2.1361052859e-05, 2.74467765848e-05, 2.10785292438e-05, 1.30638763949e-05, 1.33677331178e-05, 1.02215635707e-05, 7.15465876056e-06, 8.25623556011e-06, 5.9014200815e-06, 4.65973744213e-06, 3.95190227209e-06, 3.70603265765e-06, 3.20612912219e-06, 3.06942661155e-06, 2.67626955974e-06, 2.41599764195e-06, 2.26093811762e-06, 2.44471880251e-06, 2.1232169729e-06, 2.36314531321e-06],
        "dmean2": [0.00649394607171, 0.00437681889161, 0.00192298949696, 0.00156640436035, 0.000456112698885, 0.000261718290858, 0.000213256673305, 0.000287294504233, 0.000295805395581, 0.000292360287858, 0.000197029541596, 0.000124709113152, 0.000125278456835, 8.8936118118e-05, 0.000109150692879, 0.000126111175632, 0.000133555993671, 7.68734607846e-05, 5.24518836755e-05, 5.5259137298e-05, 3.48275098077e-05, 4.63799842692e-05, 3.48551147908e-05, 2.15306317841e-05, 2.18591376324e-05, 1.70763523784e-05, 1.17504851005e-05, 1.39235708048e-05, 9.36904780247e-06, 7.3756814345e-06, 6.49363255434e-06, 5.96822292209e-06, 5.02557895743e-06, 4.73329555462e-06, 4.24361542173e-06, 3.87415821024e-06, 3.61627098755e-06, 3.9376695895e-06, 3.37427832164e-06, 3.7852441892e-06],
        "dvar": [3.67211396224e-05, 1.82088442671e-05, 5.69957319385e-06, 2.92127037937e-06, 2.95939742045e-07, 7.95721319946e-08, 9.77947252068e-08, 1.83954156796e-07, 1.50021051581e-07, 1.1429359148e-07, 1.34108290695e-07, 4.03324236231e-08, 2.62066084389e-08, 1.14583329491e-08, 1.33074191666e-08, 2.4516060293e-08, 2.6388969232e-08, 9.52136058885e-09, 5.09563857776e-09, 7.13033720956e-09, 1.75521774892e-09, 7.01784674817e-09, 1.28913002495e-09, 4.21423507202e-10, 5.39074007655e-10, 3.04216485336e-10, 1.2555873008e-10, 2.39757713683e-10, 7.11500788841e-11, 4.91508361788e-11, 4.1935940831e-11, 3.21660094393e-11, 1.79906801262e-11, 1.97914028915e-11, 1.66389870632e-11, 1.66018084696e-11, 1.23897688983e-11, 1.54014214576e-11, 1.19359973294e-11, 1.63980790752e-11],
        "dvar2": [9.03672334971e-05, 4.86563476443e-05, 1.48578228618e-05, 7.53949279897e-06, 7.98826420123e-07, 1.97755326781e-07, 2.51943703233e-07, 3.51701061163e-07, 3.62306820989e-07, 2.82878716007e-07, 3.66418760223e-07, 1.09244048474e-07, 5.40482041345e-08, 2.59442280992e-08, 3.09885699323e-08, 6.24906064672e-08, 6.48566214068e-08, 2.25152536615e-08, 1.27564332431e-08, 1.88661584133e-08, 4.00191568772e-09, 1.60659556769e-08, 3.17166204411e-09, 1.03785813277e-09, 1.34578415079e-09, 8.03882738154e-10, 3.23780335876e-10, 6.33587071697e-10, 1.62814456361e-10, 1.11761558341e-10, 1.11532817704e-10, 8.19569342947e-11, 4.1748011298e-11, 4.68364513839e-11, 4.0748501795e-11, 3.78898475095e-11, 2.84380505255e-11, 3.79058000266e-11, 2.7604229666e-11, 3.85785951795e-11],
        "max": [0.0462657101452, 0.0386728309095, 0.0180384088308, 0.0162352025509, 0.00431662099436, 0.00478726672009, 0.0044508096762, 0.00729083037004, 0.00509854592383, 0.00368746905588, 0.00674836151302, 0.00430324906483, 0.00330863916315, 0.00152746634558, 0.00146257597953, 0.00209800503217, 0.00191920658108, 0.00158114393707, 0.00114594504703, 0.00183602340985, 0.000852076918818, 0.00206063198857, 0.000733414082788, 0.000242251451709, 0.000357021257514, 0.000193316998775, 0.000135486305226, 0.000204076786758, 8.51396689541e-05, 0.000106771716673, 8.6680331151e-05, 5.1668346714e-05, 3.91230241803e-05, 7.11124448571e-05, 3.68306100427e-05, 6.08983245911e-05, 4.31764783571e-05, 4.92880935781e-05, 3.56293494406e-05, 4.06219478464e-05],
        "mean": [0.00697236834094, 0.00413887482136, 0.00119367032312, 0.000953178678174, 0.000335798220476, 0.000231136087677, 0.000160756026162, 0.000291222095257, 0.000298725237371, 0.000250425509876, 0.000172167143319, 0.000110890890937, 0.000131085776957, 8.66459085955e-05, 0.000104070197267, 0.000111048204417, 0.000122118974105, 7.49903192627e-05, 4.77348803543e-05, 4.79442605865e-05, 3.22916712321e-05, 3.74441406166e-05, 2.84962025034e-05, 1.96726305148e-05, 1.83121683222e-05, 1.43387924254e-05, 1.02713047454e-05, 9.60183388088e-06, 7.94607512944e-06, 6.66525102133e-06, 5.58424926567e-06, 5.40068049304e-06, 4.78302990814e-06, 4.36458185504e-06, 3.52404003934e-06, 3.20431718137e-06, 3.16198338624e-06, 3.16365390063e-06, 2.84998122879e-06, 2.80368794847e-06],
        "median": [0.00543711101636, 0.00284734321758, 0.0004256410175, 0.00028558174381, 0.00013875256991, 0.000119217402244, 6.0784364905e-05, 6.89608641551e-05, 0.000106737337774, 9.92910718196e-05, 5.06832402607e-05, 4.64427721454e-05, 5.00317255501e-05, 3.87489963032e-05, 4.87580146e-05, 4.41331903858e-05, 4.31273474533e-05, 3.87763648177e-05, 2.46346917265e-05, 2.576962288e-05, 1.82144758583e-05, 1.70589355548e-05, 1.62051437655e-05, 1.16500896183e-05, 1.03066313386e-05, 8.9671175374e-06, 6.71128827889e-06, 5.41444251212e-06, 4.50330844615e-06, 4.1900971155e-06, 3.65891287402e-06, 3.58086936103e-06, 3.11527037411e-06, 2.55251825365e-06, 1.82173278063e-06, 1.43622798987e-06, 1.56996054557e-06, 1.49048776166e-06, 1.3092185327e-06, 1.06983156911e-06],
        "min": [1.98606835511e-06, 3.2033210573e-06, 3.39775556313e-06, 2.62258754447e-06, 2.06324989449e-06, 3.15204874823e-06, 6.40916312022e-07, 9.18509613257e-07, 1.24368921206e-06, 1.90822152035e-06, 2.06027053196e-07, 2.43571349756e-07, 8.17035640921e-07, 6.48081709187e-07, 5.08865639404e-07, 6.12584074133e-07, 2.29231517324e-07, 2.14923105091e-07, 2.71448897138e-07, 1.78639595561e-07, 1.83412666388e-07, 1.50474363636e-07, 9.39485502727e-08, 6.97655337945e-08, 6.84374086291e-08, 6.46227107381e-08, 7.44686445842e-08, 2.92017882098e-10, 3.70093573565e-08, 4.37162412936e-08, 2.67816240296e-08, 5.34477662129e-09, 1.23406007635e-09, 9.06976993509e-10, 4.362784356e-09, 6.54942156064e-10, 5.00115573954e-12, 1.23624932513e-09, 4.28155788601e-10, 3.11329184655e-10],
