{
"highlevel": {
    "danceability": {
        "all": {
            "danceable": 0.996852874756,
            "not_danceable": 0.00314711849205
        },
        "probability": 0.996852874756,
        "value": "danceable"
    },
    "gender": {
        "all": {
            "female": 0.919164001942,
            "male": 0.0808359980583
        },
        "probability": 0.919164001942,
        "value": "female"
    },
    "genre_dortmund": {
        "all": {
            "alternative": 0.116280838847,
            "blues": 0.0583794116974,
            "electronic": 0.0504930987954,
            "folkcountry": 0.077554024756,
            "funksoulrnb": 0.0109439929947,
            "jazz": 0.0594020113349,
            "pop": 0.133119910955,
            "raphiphop": 0.0279872938991,
            "rock": 0.465839415789
        },
        "probability": 0.465839415789,
        "value": "rock"
    },
    "genre_electronic": {
        "all": {
            "ambient": 0.201692298055,
            "dnb": 0.130161270499,
            "house": 0.117585070431,
            "techno": 0.0219022855163,
            "trance": 0.528659105301
        },
        "probability": 0.528659105301,
        "value": "trance"
    },
    "genre_rosamerica": {
        "all": {
            "cla": 0.00573168694973,
            "dan": 0.553512394428,
            "hip": 0.0428529083729,
            "jaz": 0.00961561128497,
            "pop": 0.150323987007,
            "rhy": 0.0722206905484,
            "roc": 0.160970628262,
            "spe": 0.00477209594101
        },
        "probability": 0.553512394428,
        "value": "dan"
    },
    "genre_tzanetakis": {
        "all": {
            "blu": 0.0626541376114,
            "cla": 0.0348133966327,
            "cou": 0.0783501937985,
            "dis": 0.104547761381,
            "hip": 0.15693578124,
            "jaz": 0.313987255096,
            "met": 0.044816005975,
            "pop": 0.0627349764109,
            "reg": 0.0627352520823,
            "roc": 0.0784252434969
        },
        "probability": 0.313987255096,
        "value": "jaz"
    },
    "ismir04_rhythm": {
        "all": {
            "ChaChaCha": 0.468728542328,
            "Jive": 0.0922488793731,
            "Quickstep": 0.122267648578,
            "Rumba-American": 0.0160230696201,
            "Rumba-International": 0.024848498404,
            "Rumba-Misc": 0.00367326173,
            "Samba": 0.262649446726,
            "Tango": 0.0044450215064,
            "VienneseWaltz": 0.00320670055225,
            "Waltz": 0.00190892582759
        },
        "probability": 0.468728542328,
        "value": "ChaChaCha"
    },
    "mood_acoustic": {
        "all": {
            "acoustic": 0.0513285659254,
            "not_acoustic": 0.948671460152
        },
        "probability": 0.948671460152,
        "value": "not_acoustic"
    },
    "mood_aggressive": {
        "all": {
            "aggressive": 0.157519936562,
            "not_aggressive": 0.842480063438
        },
        "probability": 0.842480063438,
        "value": "not_aggressive"
    },
    "mood_electronic": {
        "all": {
            "electronic": 0.5,
            "not_electronic": 0.5
        },
        "probability": 0.5,
        "value": "electronic"
    },
    "mood_happy": {
        "all": {
            "happy": 0.882792711258,
            "not_happy": 0.11720726639
        },
        "probability": 0.882792711258,
        "value": "happy"
    },
    "mood_party": {
        "all": {
            "not_party": 0.273361086845,
            "party": 0.726638913155
        },
        "probability": 0.726638913155,
        "value": "party"
    },
    "mood_relaxed": {
        "all": {
            "not_relaxed": 0.946599543095,
            "relaxed": 0.0534004829824
        },
        "probability": 0.946599543095,
        "value": "not_relaxed"
    },
    "mood_sad": {
        "all": {
            "not_sad": 0.683556556702,
            "sad": 0.316443413496
        },
        "probability": 0.683556556702,
        "value": "not_sad"
    },
    "moods_mirex": {
        "all": {
            "Cluster1": 0.497993975878,
            "Cluster2": 0.113016270101,
            "Cluster3": 0.0585140399635,
            "Cluster4": 0.0750486552715,
            "Cluster5": 0.255427032709
        },
        "probability": 0.497993975878,
        "value": "Cluster1"
    },
    "timbre": {
        "all": {
            "bright": 0.845973968506,
            "dark": 0.154026001692
        },
        "probability": 0.845973968506,
        "value": "bright"
    },
    "tonal_atonal": {
        "all": {
            "atonal": 0.00867633335292,
            "tonal": 0.991323649883
        },
        "probability": 0.991323649883,
        "value": "tonal"
    },
    "voice_instrumental": {
        "all": {
            "instrumental": 0.0115321772173,
            "voice": 0.988467812538
        },
        "probability": 0.988467812538,
        "value": "voice"
    }
},
"lowlevel": {
    "average_loudness": 0.963350653648,
    "barkbands_crest": {
        "dmean": 2.92390346527,
        "dmean2": 4.7752571106,
        "dvar": 7.22521400452,
        "dvar2": 18.5495624542,
        "max": 24.8937072754,
        "mean": 13.0021362305,
        "median": 12.274561882,
        "min": 2.24283432961,
        "var": 19.5913105011
    },
    "barkbands_flatness_db": {
        "dmean": 0.0235021337867,
        "dmean2": 0.0388281457126,
        "dvar": 0.000482186034787,
        "dvar2": 0.00131375505589,
        "max": 0.347065538168,
        "mean": 0.148882180452,
        "median": 0.145094066858,
        "min": 0.0428397469223,
        "var": 0.00162463879678
    },
    "barkbands_kurtosis": {
        "dmean": 4.8381690979,
        "dmean2": 8.20687103271,
        "dvar": 145.334579468,
        "dvar2": 410.695922852,
        "max": 270.312957764,
        "mean": 6.55027151108,
        "median": 3.1115732193,
        "min": -1.54372906685,
        "var": 161.601211548
    },
    "barkbands_skewness": {
        "dmean": 0.71644282341,
        "dmean2": 1.15118181705,
        "dvar": 0.715798199177,
        "dvar2": 1.91821801662,
        "max": 15.2269878387,
        "mean": 2.1360104084,
        "median": 1.95116257668,
        "min": -1.216370821,
        "var": 2.06112265587
    },
    "barkbands_spread": {
        "dmean": 7.02965688705,
        "dmean2": 11.1587753296,
        "dvar": 56.2061958313,
        "dvar2": 129.638244629,
        "max": 96.8308181763,
        "mean": 25.6590232849,
        "median": 24.1661930084,
        "min": 1.12877249718,
        "var": 169.788986206
    },
    "dissonance": {
        "dmean": 0.0176889169961,
        "dmean2": 0.0307062808424,
        "dvar": 0.000322955020238,
        "dvar2": 0.00092800159473,
        "max": 0.499185472727,
        "mean": 0.47118461132,
        "median": 0.476625293493,
        "min": 0.346667051315,
        "var": 0.000470990373287
    },
    "dynamic_complexity": 2.64465737343,
    "erbbands_crest": {
        "dmean": 2.93071246147,
        "dmean2": 4.7176156044,
        "dvar": 8.50802230835,
        "dvar2": 20.5802726746,
        "max": 31.2781677246,
        "mean": 9.29673194885,
        "median": 7.26668739319,
        "min": 2.49355006218,
        "var": 35.5105552673
    },
    "erbbands_flatness_db": {
        "dmean": 0.0165304001421,
        "dmean2": 0.0249007958919,
        "dvar": 0.000249619595706,
        "dvar2": 0.000583113986067,
        "max": 0.265910923481,
        "mean": 0.11757286638,
        "median": 0.111519001424,
        "min": 0.0545911863446,
        "var": 0.0014203726314
    },
    "erbbands_kurtosis": {
        "dmean": 0.964939296246,
        "dmean2": 1.5321419239,
        "dvar": 2.59355664253,
        "dvar2": 6.74530649185,
        "max": 17.9781970978,
        "mean": 0.632579386234,
        "median": -0.0964431762695,
        "min": -1.53684329987,
        "var": 5.65075206757
    },
    "erbbands_skewness": {
        "dmean": 0.302972078323,
        "dmean2": 0.468994230032,
        "dvar": 0.0867349356413,
        "dvar2": 0.216507345438,
        "max": 2.39769697189,
        "mean": 0.120173610747,
        "median": 0.0567960627377,
        "min": -1.39698934555,
        "var": 0.264149427414
    },
    "erbbands_spread": {
        "dmean": 10.2373762131,
        "dmean2": 16.0010356903,
        "dvar": 99.5008621216,
        "dvar2": 232.761734009,
        "max": 123.889526367,
        "mean": 46.51612854,
        "median": 44.5739059448,
        "min": 4.59476613998,
        "var": 445.776428223
    },
    "hfc": {
        "dmean": 10.8618478775,
        "dmean2": 16.0011844635,
        "dvar": 230.675750732,
        "dvar2": 570.199951172,
        "max": 142.912521362,
        "mean": 29.4317092896,
        "median": 24.2545795441,
        "min": 0.700596570969,
        "var": 544.56072998
    },
    "melbands_crest": {
        "dmean": 3.36675024033,
        "dmean2": 5.49381732941,
        "dvar": 10.4684753418,
        "dvar2": 25.5259799957,
        "max": 34.150718689,
        "mean": 18.2439098358,
        "median": 17.3557720184,
        "min": 4.80508708954,
        "var": 30.180727005
    },
    "melbands_flatness_db": {
        "dmean": 0.0287247113883,
        "dmean2": 0.0457550771534,
        "dvar": 0.000701710931025,
        "dvar2": 0.00176902895328,
        "max": 0.453943282366,
        "mean": 0.212299183011,
        "median": 0.209712579846,
        "min": 0.0667371302843,
        "var": 0.0027886130847
    },
    "melbands_kurtosis": {
        "dmean": 14.6311597824,
        "dmean2": 24.3296375275,
        "dvar": 743.092468262,
        "dvar2": 2123.96484375,
        "max": 515.40222168,
        "mean": 25.8020401001,
        "median": 16.0244312286,
        "min": -1.51201510429,
        "var": 1138.22753906
    },
    "melbands_skewness": {
        "dmean": 1.12017512321,
        "dmean2": 1.79098761082,
        "dvar": 1.41288256645,
        "dvar2": 3.735632658,
        "max": 17.4826545715,
        "mean": 3.92598962784,
        "median": 3.63959264755,
        "min": -0.442873030901,
        "var": 4.91484832764
    },
    "melbands_spread": {
        "dmean": 6.22461843491,
        "dmean2": 9.81506156921,
        "dvar": 47.9694137573,
        "dvar2": 109.616226196,
        "max": 68.1313323975,
        "mean": 19.6302852631,
        "median": 16.3078670502,
        "min": 0.585815727711,
        "var": 167.455184937
    },
    "pitch_salience": {
        "dmean": 0.0741473212838,
        "dmean2": 0.119865745306,
        "dvar": 0.00448391679674,
        "dvar2": 0.011353651993,
        "max": 0.787578999996,
        "mean": 0.445082843304,
        "median": 0.444784730673,
        "min": 0.0886277034879,
        "var": 0.0105728395283
    },
    "silence_rate_20dB": {
        "dmean": 0,
        "dmean2": 0,
        "dvar": 0,
        "dvar2": 0,
        "max": 1,
        "mean": 1,
        "median": 1,
        "min": 1,
        "var": 0
    },
    "silence_rate_30dB": {
        "dmean": 0.071207433939,
        "dmean2": 0.142525181174,
        "dvar": 0.0661380887032,
        "dvar2": 0.137702256441,
        "max": 1,
        "mean": 0.892498075962,
        "median": 1,
        "min": 0,
        "var": 0.0959468111396
    },
    "silence_rate_60dB": {
        "dmean": 0.00154798757285,
        "dmean2": 0.00309837330133,
        "dvar": 0.00154558417853,
        "dvar2": 0.00463792262599,
        "max": 1,
        "mean": 0.00077339517884,
        "median": 0,
        "min": 0,
        "var": 0.000772795814555
    },
    "spectral_centroid": {
        "dmean": 261.037963867,
        "dmean2": 408.504364014,
        "dvar": 62736.8867188,
        "dvar2": 140107.453125,
        "max": 2895.875,
        "mean": 1480.29333496,
        "median": 1474.98364258,
        "min": 459.545593262,
        "var": 251289.265625
    },
    "spectral_complexity": {
        "dmean": 4.77554178238,
        "dmean2": 7.2122387886,
        "dvar": 27.6956233978,
        "dvar2": 56.529838562,
        "max": 55,
        "mean": 21.783449173,
        "median": 22,
        "min": 1,
        "var": 115.541740417
    },
    "spectral_decrease": {
        "dmean": 5.47763967518e-09,
        "dmean2": 9.16776610183e-09,
        "dvar": 5.95040513097e-17,
        "dvar2": 1.53238530433e-16,
        "max": -7.10148884142e-10,
        "mean": -1.30708244228e-08,
        "median": -1.072134026e-08,
        "min": -7.96346526499e-08,
        "var": 1.14449424237e-16
    },
    "spectral_energy": {
        "dmean": 0.0212594587356,
        "dmean2": 0.0354882627726,
        "dvar": 0.000886196969077,
        "dvar2": 0.00227184104733,
        "max": 0.305626392365,
        "mean": 0.0520018301904,
        "median": 0.0430682487786,
        "min": 0.0028546738904,
        "var": 0.00173384021036
    },
    "spectral_energyband_high": {
        "dmean": 0.000883283617441,
        "dmean2": 0.00129319133703,
        "dvar": 2.00639419745e-06,
        "dvar2": 5.03386081618e-06,
        "max": 0.0120519660413,
        "mean": 0.0016527766129,
        "median": 0.00102521420922,
        "min": 4.84280371893e-06,
        "var": 3.40466226589e-06
    },
    "spectral_energyband_low": {
        "dmean": 0.0183131024241,
        "dmean2": 0.0309735331684,
        "dvar": 0.000771626248024,
        "dvar2": 0.0020130884368,
        "max": 0.291676461697,
        "mean": 0.0359364002943,
        "median": 0.0258923191577,
        "min": 0.000653164112009,
        "var": 0.00129834690597
    },
    "spectral_energyband_middle_high": {
        "dmean": 0.00240590330213,
        "dmean2": 0.00379183609039,
        "dvar": 1.19976821225e-05,
        "dvar2": 3.13506643579e-05,
        "max": 0.0508979149163,
        "mean": 0.0071449233219,
        "median": 0.00480564124882,
        "min": 8.67313428898e-05,
        "var": 5.10620848218e-05
    },
    "spectral_energyband_middle_low": {
        "dmean": 0.00445800134912,
        "dmean2": 0.00705364346504,
        "dvar": 8.14363957033e-05,
        "dvar2": 0.000209290534258,
        "max": 0.0956943631172,
        "mean": 0.00929033569992,
        "median": 0.00679550552741,
        "min": 0.000281922344584,
        "var": 0.000104607468529
    },
    "spectral_entropy": {
        "dmean": 0.157246738672,
        "dmean2": 0.229911983013,
        "dvar": 0.0180767700076,
        "dvar2": 0.0413504093885,
        "max": 8.6618270874,
        "mean": 7.83932209015,
        "median": 7.84444046021,
        "min": 6.99293756485,
        "var": 0.0773784145713
    },
    "spectral_flux": {
        "dmean": 0.0402746573091,
        "dmean2": 0.0631111264229,
        "dvar": 0.00229236320592,
        "dvar2": 0.00486145028844,
        "max": 0.384534835815,
        "mean": 0.110343411565,
        "median": 0.0918928608298,
        "min": 0.0106267444789,
        "var": 0.00440213037655
    },
    "spectral_kurtosis": {
        "dmean": 0.941319048405,
        "dmean2": 1.50633227825,
        "dvar": 0.882809460163,
        "dvar2": 2.41141819954,
        "max": 11.9823455811,
        "mean": 2.91609954834,
        "median": 2.71993923187,
        "min": -1.21293270588,
        "var": 2.14265561104
    },
    "spectral_rms": {
        "dmean": 0.00133437034674,
        "dmean2": 0.00217485520989,
        "dvar": 2.55328563981e-06,
        "dvar2": 6.04221122558e-06,
        "max": 0.0172676593065,
        "mean": 0.00658606830984,
        "median": 0.00648211408406,
        "min": 0.00166884623468,
        "var": 7.35716685085e-06
    },
    "spectral_rolloff": {
        "dmean": 453.264526367,
        "dmean2": 760.202148438,
        "dvar": 644742.75,
        "dvar2": 1547914.25,
        "max": 10314.4042969,
        "mean": 992.939575195,
        "median": 861.328125,
        "min": 64.599609375,
        "var": 927133.1875
    },
    "spectral_skewness": {
        "dmean": 0.169135823846,
        "dmean2": 0.261817902327,
        "dvar": 0.0270709190518,
        "dvar2": 0.0645345821977,
        "max": 3.03607988358,
        "mean": 1.39548671246,
        "median": 1.38395786285,
        "min": 0.381277233362,
        "var": 0.0783324837685
    },
    "spectral_spread": {
        "dmean": 665814.5,
        "dmean2": 1020654.75,
        "dvar": 583505936384,
        "dvar2": 1.31627928781e+12,
        "max": 15856723,
        "mean": 5763680,
        "median": 5677238,
        "min": 2862495.5,
        "var": 1.95057994957e+12
    },
    "spectral_strongpeak": {
        "dmean": 0.451671391726,
        "dmean2": 0.795898556709,
        "dvar": 0.943119943142,
        "dvar2": 2.40692949295,
        "max": 7.22499465942,
        "mean": 0.733289539814,
        "median": 0.442958474159,
        "min": 0.0246425699443,
        "var": 1.27027380466
    },
    "zerocrossingrate": {
        "dmean": 0.0115997027606,
        "dmean2": 0.0138053866103,
        "dvar": 0.000133979541715,
        "dvar2": 0.000183986339835,
        "max": 0.19384765625,
        "mean": 0.0587055310607,
        "median": 0.05322265625,
        "min": 0.009765625,
        "var": 0.00081011763541
    },
    "barkbands": {
        "dmean": [0.00105555530172, 0.0156526323408, 0.00439070165157, 0.00173024612013, 0.00218520523049, 0.00044021528447, 0.000374415132683, 0.000533807498869, 0.000598001643084, 0.000797012471594, 0.000349332869519, 0.000481027527712, 0.000876215577591, 0.000352077186108, 0.000437531067291, 0.00019415585848, 0.000156408044859, 0.000184155025636, 0.000233379934798, 0.000196846740437, 0.000202769049793, 0.000138989300467, 0.000156821697601, 0.000143500874401, 0.000145346755744, 0.000115513765195, 3.53728779601e-09],
        "dmean2": [0.00164344883524, 0.0268237609416, 0.0071838949807, 0.00289509701543, 0.0037158918567, 0.000690190179739, 0.000626766122878, 0.000810477533378, 0.000933653966058, 0.00124899472576, 0.000499957590364, 0.000773146224674, 0.00144301971886, 0.000529502809513, 0.000710249936674, 0.00031423708424, 0.000251375953667, 0.00029612481012, 0.000364787410945, 0.00031277074595, 0.000313884636853, 0.000223974246182, 0.000252120458754, 0.000221354246605, 0.000229487966863, 0.000180309376447, 6.16359763228e-09],
        "dvar": [3.25764131048e-06, 0.00063374848105, 6.10930219409e-05, 8.8465085355e-06, 3.65530177078e-05, 8.72814950981e-07, 1.44399632518e-06, 1.44283865211e-06, 4.30808177043e-06, 3.82177177016e-06, 8.39214806092e-07, 9.19923593301e-07, 5.24594270246e-06, 6.21333867912e-07, 9.31768795454e-07, 1.47355137869e-07, 5.52383454533e-08, 7.49849959902e-08, 1.22902420685e-07, 1.14480037894e-07, 8.98429064478e-08, 6.53396909911e-08, 9.50695664415e-08, 5.62206139421e-08, 6.11509491932e-08, 3.30137837068e-08, 2.81227405755e-16],
        "dvar2": [7.47922922528e-06, 0.00169613270555, 0.000155673202244, 2.2367315978e-05, 9.84582948149e-05, 2.06991626328e-06, 4.07540846936e-06, 3.01988575302e-06, 8.96717756405e-06, 1.03784550447e-05, 1.3584633507e-06, 2.39818518821e-06, 1.42277231134e-05, 1.19969422485e-06, 2.26903239309e-06, 3.04217650182e-07, 1.31038206064e-07, 1.82187065434e-07, 2.73187026778e-07, 2.64931344418e-07, 2.08440511074e-07, 1.6819504367e-07, 2.51096736292e-07, 1.34930175477e-07, 1.57963043534e-07, 7.82129134791e-08, 4.6196366968e-16],
        "max": [0.0130025725812, 0.222486451268, 0.0960915163159, 0.0318905375898, 0.0521093681455, 0.0114638712257, 0.0273911841214, 0.0288581028581, 0.0369322188199, 0.040701456368, 0.0168856605887, 0.0148614710197, 0.0333525873721, 0.0156034240499, 0.0193677172065, 0.00825926661491, 0.0023125205189, 0.00321259466, 0.00464446190745, 0.00364568457007, 0.0025227968581, 0.00296309962869, 0.0025991264265, 0.00317138340324, 0.00304430141114, 0.00134900712874, 4.79259654185e-07],
        "mean": [0.00135038478766, 0.0242986287922, 0.00843650754541, 0.00282755168155, 0.00258208578452, 0.00080241181422, 0.000606517191045, 0.000982011202723, 0.00119316927157, 0.0016513010487, 0.000560434884392, 0.000728997052647, 0.00148031848948, 0.000584761728533, 0.000735650886782, 0.000336095370585, 0.000264046277152, 0.000334526324878, 0.000426458136644, 0.000354687188519, 0.000339281163178, 0.000218891625991, 0.00024725968251, 0.000252929428825, 0.000231928337598, 0.000175011518877, 2.79540124382e-09],
        "median": [0.000193847241462, 0.0121260564774, 0.00339947012253, 0.00173912558239, 0.00131191767287, 0.000358022225555, 0.000271719734883, 0.000456829118775, 0.00021081630257, 0.000531778146978, 0.000145489786519, 0.000362297025276, 0.000608611328062, 0.000247312476858, 0.000321952626109, 0.000192341860384, 0.000152965963935, 0.000238152046222, 0.000247491989285, 0.000184862568858, 0.000185461132787, 0.000122889294289, 0.000129588181153, 0.000138095900184, 0.00012453297677, 7.67377860029e-05, 5.9585109069e-10],
        "min": [1.29036550334e-07, 0.000331680552335, 1.46671909533e-05, 5.03217324876e-06, 1.01339346656e-05, 6.02916225034e-06, 2.36629966821e-06, 2.2027995783e-06, 2.14967894863e-06, 6.02447198617e-06, 1.33573803396e-06, 3.4772597246e-06, 4.7585745051e-06, 3.94922790292e-06, 4.20115384259e-06, 5.24738470631e-06, 8.36387584968e-07, 2.21734262595e-06, 2.21666959987e-06, 1.56464500378e-06, 8.28121301311e-07, 1.09710390461e-06, 2.50418736414e-07, 3.77603356583e-07, 3.16653569143e-07, 7.35805930074e-11, 1.62043104629e-11],
        "var": [5.74555406274e-06, 0.000918720208574, 0.000113270994916, 1.11794652184e-05, 2.76818573184e-05, 2.03325680559e-06, 1.46529464473e-06, 3.39724465448e-06, 1.54054268933e-05, 1.41123764479e-05, 2.15556997318e-06, 1.36508947435e-06, 8.62956494529e-06, 1.560960186e-06, 1.98749398805e-06, 2.77598360299e-07, 1.07081085332e-07, 1.27218598323e-07, 2.68605333531e-07, 2.26407252057e-07, 1.65196283319e-07, 9.19888591966e-08, 1.19280912259e-07, 1.05488062729e-07, 8.65777280978e-08, 5.32982902257e-08, 2.472060892e-16]
    },
    "erbbands": {
        "dmean": [0.600950598717, 3.26637744904, 5.34031677246, 5.17710113525, 8.23989391327, 5.52147674561, 4.85595369339, 3.0250275135, 4.96507787704, 5.10888528824, 13.4766588211, 15.105091095, 13.8977470398, 29.5527744293, 12.4270019531, 23.9633598328, 41.0339317322, 19.7632026672, 23.3732776642, 11.6612052917, 8.80800151825, 7.57453536987, 9.45115947723, 12.2491874695, 9.67924118042, 9.00787162781, 8.49567222595, 7.60952091217, 5.29777431488, 4.56762313843, 4.60269021988, 3.59490656853, 2.12449383736, 1.50103020668, 1.23068368435, 0.604532659054, 0.209201723337, 0.0155225424096, 0.000293967168545, 3.52561291947e-05],
        "dmean2": [1.03481483459, 5.68819141388, 9.03564834595, 8.56736660004, 13.6853427887, 9.34766292572, 7.49974441528, 4.88380336761, 8.30307674408, 8.31734085083, 20.6361961365, 23.6371021271, 20.758562088, 47.3846321106, 19.1767730713, 38.5972557068, 68.104385376, 29.5517883301, 38.2001914978, 18.358587265, 14.0431413651, 12.0580453873, 15.1206626892, 19.1520557404, 15.2448348999, 14.2296667099, 13.0067491531, 11.8104934692, 8.54718875885, 7.42652082443, 7.34881496429, 5.70638656616, 3.2318174839, 2.24250888824, 2.01719641685, 0.953683614731, 0.329821795225, 0.0251340065151, 0.000469279009849, 5.68522045796e-05],
        "dvar": [1.04551374912, 29.2843513489, 86.9334487915, 74.0492095947, 502.548675537, 210.283599854, 101.307167053, 47.31980896, 157.915985107, 209.944274902, 1037.50842285, 2221.13842773, 907.448547363, 7943.82763672, 1031.97180176, 2050.09326172, 13098.1132812, 1442.70031738, 2510.68896484, 549.308349609, 136.162628174, 136.837402344, 228.285827637, 316.710479736, 208.670257568, 223.757644653, 167.959793091, 159.526199341, 104.2681427, 67.2483062744, 84.4278793335, 39.4380531311, 14.3186330795, 5.20045232773, 5.48072624207, 0.972248256207, 0.109106905758, 0.00064548040973, 2.11202674905e-07, 1.96114102735e-09],
        "dvar2": [2.84411072731, 79.6135253906, 227.867477417, 192.409866333, 1295.80322266, 583.515075684, 198.682022095, 122.395843506, 443.420074463, 569.277709961, 2141.77099609, 4835.94091797, 1751.59667969, 20650.4140625, 1979.67602539, 5434.93066406, 35905.7460938, 2757.4309082, 6348.14160156, 1275.11083984, 328.649505615, 330.1612854, 564.235412598, 678.585754395, 474.881835938, 546.502075195, 367.33001709, 378.185089111, 269.025543213, 175.594894409, 226.386306763, 102.097961426, 34.0463981628, 11.7805919647, 14.9146060944, 2.42338347435, 0.264544546604, 0.00155047734734, 4.9978638117e-07, 4.73444838889e-09],
        "max": [7.63574790955, 52.1538925171, 104.101196289, 94.0353775024, 222.045349121, 135.160247803, 208.358139038, 108.023391724, 233.05380249, 319.909790039, 777.318054199, 828.108276367, 672.365478516, 1777.39099121, 926.201965332, 725.720092773, 1728.44665527, 862.127746582, 1143.0213623, 569.125244141, 127.006790161, 119.168228149, 167.485214233, 322.181640625, 195.438049316, 162.394012451, 140.830612183, 112.849388123, 137.271377563, 87.360458374, 76.5265579224, 65.1895523071, 68.9462509155, 30.4652462006, 28.1991653442, 9.78913784027, 2.58782935143, 0.202923327684, 0.00343792256899, 0.000395866925828],
        "mean": [0.800532758236, 4.99341011047, 10.0103597641, 10.6354885101, 9.22247028351, 6.96033573151, 8.9241476059, 4.93394136429, 7.70038509369, 11.0274620056, 23.6240520477, 29.6954212189, 31.0535125732, 60.8844299316, 25.0145969391, 39.8168487549, 71.4487609863, 38.5111083984, 39.3680801392, 25.0853900909, 17.400560379, 13.5400428772, 17.1615257263, 23.3327178955, 18.4269657135, 16.8715400696, 15.6739416122, 11.7811470032, 8.19973182678, 7.12574243546, 7.17932701111, 5.79250717163, 3.84451460838, 2.74228239059, 1.64342200756, 0.894420683384, 0.300970256329, 0.0207439400256, 0.000436509784777, 8.37788538774e-05],
        "median": [0.25367385149, 2.87613844872, 4.88207578659, 7.53662872314, 4.75622749329, 3.38094735146, 3.45582103729, 2.46720409393, 4.46533584595, 4.4468460083, 11.5311822891, 7.41205406189, 12.1433544159, 15.6684322357, 9.90100193024, 22.8570365906, 29.5436515808, 20.7099933624, 18.3796043396, 12.891661644, 11.5671739578, 8.77366638184, 12.0571222305, 14.0026721954, 11.5392723083, 9.65243244171, 8.34460544586, 6.42502784729, 4.532787323, 3.75139856339, 3.84510707855, 3.16115164757, 2.16235041618, 1.59522783756, 0.740419745445, 0.41310223937, 0.126042366028, 0.00705796806142, 0.000196861787117, 7.37225054763e-05],
        "min": [0.00992263760418, 0.0343405455351, 0.0521197766066, 0.0512010864913, 0.0435368232429, 0.0269084908068, 0.0364292822778, 0.0487915165722, 0.0390327237546, 0.0452506653965, 0.134699523449, 0.128653436899, 0.194061413407, 0.236514732242, 0.241879835725, 0.19953468442, 0.258573055267, 0.49524730444, 0.311563700438, 0.353540569544, 0.194174841046, 0.108813941479, 0.105856671929, 0.140607610345, 0.139772444963, 0.0882603302598, 0.0652064159513, 0.0256828982383, 0.0325775332749, 0.0233683194965, 0.00744076259434, 0.00712771946564, 0.00478867022321, 0.00447929417714, 0.000662660051603, 2.14551655517e-05, 3.04030663756e-06, 3.17880903822e-07, 2.87719785774e-06, 5.20752428201e-06],
        "var": [1.5556063652, 34.0077476501, 152.287490845, 112.355552673, 400.342163086, 166.127593994, 375.157714844, 65.0145950317, 165.658172607, 359.893280029, 2293.86499023, 7595.32324219, 4161.94238281, 29253.4140625, 3425.5925293, 3208, 21520.5136719, 4075.33911133, 5705.14746094, 2226.88330078, 360.190643311, 236.908309937, 358.880645752, 850.945739746, 431.145202637, 453.275390625, 376.22277832, 238.146606445, 138.00894165, 96.5316696167, 100.459236145, 59.3478813171, 25.9840011597, 10.9380931854, 5.71603536606, 1.39871942997, 0.169205859303, 0.00100210134406, 3.48608296008e-07, 4.15882928095e-09]
    },
    "gfcc": {
        "mean": [41.0051841736, 75.1805343628, -100.1195755, 44.3890457153, -45.3314476013, 40.4173202515, -29.1468505859, 20.0377464294, -28.6814098358, 10.8327388763, -15.9315910339, -1.81872284412, -14.924120903],
        "cov": [[3437.53320312, -976.746704102, 149.883300781, -68.2499160767, -69.5428848267, -156.130905151, -58.4119148254, 102.551734924, -57.1621589661, 174.580307007, -294.695587158, 128.456695557, -269.179473877], [-976.746704102, 825.422485352, -182.426864624, 54.7789344788, 56.7728767395, 0.93582880497, 31.5651779175, -91.1370697021, 38.1946601868, -168.790557861, 152.695495605, -102.514282227, 149.452331543], [149.883300781, -182.426864624, 335.26159668, 29.7914505005, -28.2353477478, -3.25020265579, -34.6927833557, 49.8699760437, 25.0398426056, 40.5794525146, -84.874168396, 12.9710073471, -46.1029663086], [-68.2499160767, 54.7789344788, 29.7914505005, 190.43006897, 21.4306526184, -8.96570301056, -15.8630094528, -28.3977870941, 27.6638965607, -34.5401916504, 4.99628067017, -16.7259254456, 20.6077785492], [-69.5428848267, 56.7728767395, -28.2353477478, 21.4306526184, 114.512084961, 15.826956749, 36.008190155, -5.70825386047, -4.94231843948, 4.64022064209, 23.6299152374, 9.02643966675, -4.02309513092], [-156.130905151, 0.93582880497, -3.25020265579, -8.96570301056, 15.826956749, 103.638626099, 38.3994636536, -1.70841276646, -15.820098877, -10.8908071518, 13.9539718628, -14.5626468658, 12.2098865509], [-58.4119148254, 31.5651779175, -34.6927833557, -15.8630094528, 36.008190155, 38.3994636536, 105.567230225, 23.7421951294, 10.2828369141, 4.20937490463, 10.5636796951, 1.36751937866, 2.91955947876], [102.551734924, -91.1370697021, 49.8699760437, -28.3977870941, -5.70825386047, -1.70841276646, 23.7421951294, 96.8553390503, 45.1929740906, 27.3010559082, -28.9400024414, 6.62328290939, -0.645713746548], [-57.1621589661, 38.1946601868, 25.0398426056, 27.6638965607, -4.94231843948, -15.820098877, 10.2828369141, 45.1929740906, 99.2583084106, 19.1310157776, 2.40636253357, -7.11153507233, 18.2399158478], [174.580307007, -168.790557861, 40.5794525146, -34.5401916504, 4.64022064209, -10.8908071518, 4.20937490463, 27.3010559082, 19.1310157776, 98.2120895386, 2.06935667992, 39.8164672852, -47.6488952637], [-294.695587158, 152.695495605, -84.874168396, 4.99628067017, 23.6299152374, 13.9539718628, 10.5636796951, -28.9400024414, 2.40636253357, 2.06935667992, 117.022384644, 13.4087457657, 26.416683197], [128.456695557, -102.514282227, 12.9710073471, -16.7259254456, 9.02643966675, -14.5626468658, 1.36751937866, 6.62328290939, -7.11153507233, 39.8164672852, 13.4087457657, 77.8318405151, -9.65552616119], [-269.179473877, 149.452331543, -46.1029663086, 20.6077785492, -4.02309513092, 12.2098865509, 2.91955947876, -0.645713746548, 18.2399158478, -47.6488952637, 26.416683197, -9.65552616119, 103.981910706]],
        "icov": [[0.000572231365368, 0.00034489488462, 0.000356237433152, -0.000126172220916, 6.66065388941e-05, 0.000556401559152, 7.79717356636e-06, -0.000221090231207, 9.93646244751e-05, 9.43280538195e-05, 0.000995108857751, -0.000569941475987, 0.000824295566417], [0.00034489488462, 0.00688393414021, -0.00128432852216, 0.00298477662727, -0.0032068756409, 0.00466681225225, -0.002738827141, 0.00527203362435, -0.00515858596191, 0.00945993606001, -0.00757684605196, 0.0058177462779, -0.00301983836107], [0.000356237433152, -0.00128432852216, 0.00529244635254, -0.00217365124263, 0.00129271880724, -0.00236659822986, 0.0026259929873, -0.00316217122599, 0.000601609121077, -0.00310905929655, 0.0052913040854, -0.00293796113692, 0.00263271294534], [-0.000126172220916, 0.00298477662727, -0.00217365124263, 0.0089309066534, -0.00363537855446, 0.00229819561355, -0.000564318499528, 0.00618549855426, -0.00652132416144, 0.00742554990575, -0.00402697781101, 0.00282283709385, -0.00187478971202], [6.66065388941e-05, -0.0032068756409, 0.00129271880724, -0.00363537855446, 0.0125606320798, -0.00244212779216, -0.00233665225096, -0.00281814718619, 0.00386977684684, -0.00524807348847, 0.00255800317973, -0.00401953607798, 0.00278931600042], [0.000556401559152, 0.00466681225225, -0.00236659822986, 0.00229819561355, -0.00244212779216, 0.0166642423719, -0.00708641810343, 0.00328466133215, 0.000643472652882, 0.00529395509511, -0.00660879909992, 0.00736474106088, -0.00392797216773], [7.79717356636e-06, -0.002738827141, 0.0026259929873, -0.000564318499528, -0.00233665225096, -0.00708641810343, 0.0154898846522, -0.00598495965824, 7.60952170822e-05, -0.00282230763696, 0.00380075024441, -0.00384449912235, 0.00287321372889], [-0.000221090231207, 0.00527203362435, -0.00316217122599, 0.00618549855426, -0.00281814718619, 0.00328466133215, -0.00598495965824, 0.0235504154116, -0.012538857758, 0.00545534631237, -0.00257646455429, 0.00406654924154, -0.00522661115974], [9.93646244751e-05, -0.00515858596191, 0.000601609121077, -0.00652132416144, 0.00386977684684, 0.000643472652882, 7.60952170822e-05, -0.012538857758, 0.0228246357292, -0.0140257515013, 0.00392561778426, 0.000594988639932, -0.00214805803262], [9.43280538195e-05, 0.00945993606001, -0.00310905929655, 0.00742554990575, -0.00524807348847, 0.00529395509511, -0.00282230763696, 0.00545534631237, -0.0140257515013, 0.0355419926345, -0.0141043979675, -0.000768198631704, 0.00534487515688], [0.000995108857751, -0.00757684605196, 0.0052913040854, -0.00402697781101, 0.00255800317973, -0.00660879909992, 0.00380075024441, -0.00257646455429, 0.00392561778426, -0.0141043979675, 0.025049360469, -0.0111424578354, 0.00281228125095], [-0.000569941475987, 0.0058177462779, -0.00293796113692, 0.00282283709385, -0.00401953607798, 0.00736474106088, -0.00384449912235, 0.00406654924154, 0.000594988639932, -0.000768198631704, -0.0111424578354, 0.0255073662847, -0.00784347485751], [0.000824295566417, -0.00301983836107, 0.00263271294534, -0.00187478971202, 0.00278931600042, -0.00392797216773, 0.00287321372889, -0.00522661115974, -0.00214805803262, 0.00534487515688, 0.00281228125095, -0.00784347485751, 0.0194694306701]]
    },
    "melbands": {
        "dmean": [0.00469588767737, 0.00314241368324, 0.000929881993216, 0.000537595304195, 0.000163624557899, 7.06971040927e-05, 7.90507692727e-05, 6.02651925874e-05, 0.0001059741262, 0.000101053767139, 7.17273651389e-05, 0.000124398589833, 3.97694202547e-05, 5.40538712812e-05, 7.91676066001e-05, 7.65741933719e-05, 3.60649319191e-05, 3.60231606464e-05, 2.55752565863e-05, 1.43101260619e-05, 1.05083181552e-05, 8.04058890935e-06, 1.10047312774e-05, 8.64182311489e-06, 1.11333692985e-05, 8.0854879343e-06, 6.42308077659e-06, 6.51475556879e-06, 5.91859907217e-06, 5.28773125552e-06, 4.15536442233e-06, 3.3407563933e-06, 2.36072060034e-06, 2.76177274827e-06, 2.63731544692e-06, 2.51858682532e-06, 2.30682735491e-06, 1.5373776705e-06, 1.46590150507e-06, 1.28735428007e-06],
        "dmean2": [0.00810513738543, 0.00537563860416, 0.0015008347109, 0.000912245654035, 0.000256987113971, 0.000112640300358, 0.000132180983201, 9.61110636126e-05, 0.000162623022334, 0.000157959628268, 0.000105864142824, 0.000199515197892, 5.99192098889e-05, 8.55689286254e-05, 0.000130328029627, 0.0001241597638, 5.33346210432e-05, 5.87197500863e-05, 4.17217488575e-05, 2.3045888156e-05, 1.69839622686e-05, 1.27569028336e-05, 1.78466816578e-05, 1.39899284477e-05, 1.75065524672e-05, 1.29983345687e-05, 9.94344645733e-06, 1.03329584817e-05, 8.90175942914e-06, 8.24108701636e-06, 6.54695259072e-06, 5.55212227482e-06, 3.77804485652e-06, 4.51823098047e-06, 4.20195738116e-06, 4.05540640713e-06, 3.75305216949e-06, 2.38561187871e-06, 2.21976392822e-06, 1.9824562969e-06],
        "dvar": [5.9661539126e-05, 2.59585431195e-05, 2.70065947916e-06, 2.39026121562e-06, 1.03387257866e-07, 2.4537849086e-08, 4.88126872256e-08, 2.20661338091e-08, 6.22472171585e-08, 1.20636926226e-07, 2.41690329972e-08, 1.35703118076e-07, 8.72700667287e-09, 1.196273125e-08, 4.20650572153e-08, 3.47616690988e-08, 5.82045878161e-09, 5.5106754715e-09, 3.82505582763e-09, 7.56267826141e-10, 2.06207162456e-10, 1.56464660672e-10, 3.26151466945e-10, 1.98416061359e-10, 2.82472101265e-10, 1.48372258924e-10, 9.74521990882e-11, 1.28979146807e-10, 9.75910532941e-11, 6.17812745407e-11, 5.20718329566e-11, 5.15755459174e-11, 1.36265859707e-11, 2.79068244208e-11, 2.62356265185e-11, 2.07384248663e-11, 1.78353234959e-11, 7.67202967822e-12, 5.51582564345e-12, 3.72577402957e-12],
        "dvar2": [0.000160905590747, 7.02996985638e-05, 6.69823839416e-06, 6.42744862489e-06, 2.21656577537e-07, 6.32356105257e-08, 1.3811634858e-07, 5.75775480627e-08, 1.30863213599e-07, 2.58408618947e-07, 4.61646507688e-08, 3.60029645208e-07, 1.59095137064e-08, 3.09375707275e-08, 1.17257876298e-07, 9.23124119367e-08, 1.03827320075e-08, 1.37545734802e-08, 9.87130199803e-09, 1.54479184999e-09, 5.02041297423e-10, 3.76616793307e-10, 7.98396571078e-10, 4.77004769017e-10, 5.98668115082e-10, 3.55147244946e-10, 2.32185812243e-10, 3.22246618278e-10, 2.02568392615e-10, 1.43324657698e-10, 1.25527407913e-10, 1.35522301714e-10, 3.31102541218e-11, 7.44391839835e-11, 6.92840715355e-11, 5.41609951332e-11, 4.73310626803e-11, 1.85484579085e-11, 1.24052452338e-11, 8.72467983276e-12],
        "max": [0.0615667998791, 0.0561254359782, 0.0176624879241, 0.0139595223591, 0.00608742516488, 0.00223522633314, 0.00458062347025, 0.00283711100928, 0.00566961523145, 0.00623814156279, 0.00329788168892, 0.00751414010301, 0.00235364958644, 0.00164770102128, 0.0025896364823, 0.00400521466509, 0.00160102953669, 0.00164910429157, 0.00135176093318, 0.000724096491467, 0.000157707298058, 0.000107700136141, 0.000337657111231, 0.000145425598021, 0.000327681133058, 0.000138176139444, 0.000128439307446, 0.000129408217617, 0.000140586358611, 6.4079380536e-05, 6.96561983204e-05, 0.000110212968139, 3.37287237926e-05, 5.70315096411e-05, 4.16294278693e-05, 4.72604260722e-05, 3.64252737199e-05, 5.27699303348e-05, 3.35838194587e-05, 2.41895613726e-05],
        "mean": [0.00692009460181, 0.00585175538436, 0.00181254558265, 0.000587253307458, 0.000296135636745, 0.00011791891302, 0.000124398022308, 0.000130652493681, 0.000180316899787, 0.000197294881218, 0.00015258777421, 0.000252859375905, 7.29097082512e-05, 8.61750158947e-05, 0.000139181138366, 0.00013090534776, 6.41980441287e-05, 5.7932051277e-05, 4.53998000012e-05, 2.76577993645e-05, 1.9078997866e-05, 1.28600231619e-05, 1.78469545062e-05, 1.44994046423e-05, 1.97941280931e-05, 1.38447967402e-05, 1.18991629279e-05, 1.08996782728e-05, 1.02632848211e-05, 8.28502834338e-06, 6.08622394793e-06, 4.76152217743e-06, 3.8792882151e-06, 3.97010080633e-06, 4.04390357289e-06, 3.96352470489e-06, 3.41249096891e-06, 2.64451955445e-06, 2.525464879e-06, 2.22426410801e-06],
        "median": [0.00305970106274, 0.00389859895222, 0.00124833337031, 0.000287588743959, 0.000119281583466, 5.92955693719e-05, 6.60271616653e-05, 6.0916194343e-05, 7.93805156718e-05, 3.59676632797e-05, 5.73224497202e-05, 6.07204783591e-05, 2.31172853091e-05, 4.28744533565e-05, 5.66077869735e-05, 6.78807482473e-05, 2.76319060504e-05, 2.50736684393e-05, 2.05476462725e-05, 1.45198782775e-05, 1.17949621199e-05, 6.88912086844e-06, 1.15008233479e-05, 9.2556774689e-06, 1.11240869956e-05, 8.3624609033e-06, 7.05135971657e-06, 5.34632499694e-06, 4.9178406698e-06, 4.69709084427e-06, 3.13171040034e-06, 2.48471883424e-06, 2.15261161429e-06, 1.88130672996e-06, 2.04693310479e-06, 2.1529795049e-06, 1.65931919582e-06, 1.52785469254e-06, 1.22959841065e-06, 1.30053319936e-06],
        "min": [0.000112337715109, 3.26437439071e-05, 9.20094134926e-06, 1.54829456278e-06, 1.20117931601e-06, 1.13799899282e-06, 5.56358884296e-07, 5.90779279719e-07, 4.82501320676e-07, 3.28172518493e-07, 8.42680037749e-07, 6.73988097333e-07, 2.30286801184e-07, 4.04808361054e-07, 4.43525976834e-07, 5.16058094036e-07, 3.91712006831e-07, 3.4360161294e-07, 2.87619968731e-07, 3.12733845931e-07, 9.6771572089e-08, 9.34935258101e-08, 7.47880122276e-08, 1.1914909237e-07, 1.10790963959e-07, 7.63108900514e-08, 4.72612597946e-08, 5.71316647324e-08, 2.02368344304e-08, 1.67930522821e-08, 5.62245983105e-09, 1.74945959941e-08, 1.48153196378e-08, 2.14360174056e-09, 2.01159489066e-09, 1.67918701166e-09, 2.44299780405e-09, 2.74016076496e-09, 1.69798697325e-09, 3.71685837663e-09],
