{
"highlevel": {
    "danceability": {
        "all": {
            "danceable": 0.110168218613,
            "not_danceable": 0.889831781387
        },
        "probability": 0.889831781387,
        "value": "not_danceable"
    },
    "gender": {
        "all": {
            "female": 0.51314073801,
            "male": 0.48685926199
        },
        "probability": 0.51314073801,
        "value": "female"
    },
    "genre_dortmund": {
        "all": {
            "alternative": 0.00951911509037,
            "blues": 0.0837425217032,
            "electronic": 0.100403144956,
            "folkcountry": 0.0190494339913,
            "funksoulrnb": 0.010166855529,
            "jazz": 0.697946488857,
            "pop": 0.00930872093886,
            "raphiphop": 0.0649834796786,
            "rock": 0.00488024344668
        },
        "probability": 0.697946488857,
        "value": "jazz"
    },
    "genre_electronic": {
        "all": {
            "ambient": 0.490482032299,
            "dnb": 0.0147404139861,
            "house": 0.399919271469,
            "techno": 0.0851033776999,
            "trance": 0.00975490733981
        },
        "probability": 0.490482032299,
        "value": "ambient"
    },
    "genre_rosamerica": {
        "all": {
            "cla": 0.455640405416,
            "dan": 0.00502954144031,
            "hip": 0.0389160551131,
            "jaz": 0.26696395874,
            "pop": 0.00692155631259,
            "rhy": 0.142898514867,
            "roc": 0.00435786787421,
            "spe": 0.0792720988393
        },
        "probability": 0.455640405416,
        "value": "cla"
    },
    "genre_tzanetakis": {
        "all": {
            "blu": 0.701494634151,
            "cla": 0.0143770836294,
            "cou": 0.0159179382026,
            "dis": 0.0219623539597,
            "hip": 0.140743851662,
            "jaz": 0.0410431437194,
            "met": 0.0048792809248,
            "pop": 0.0136420661584,
            "reg": 0.0175285823643,
            "roc": 0.0284110717475
        },
        "probability": 0.701494634151,
        "value": "blu"
    },
    "ismir04_rhythm": {
        "all": {
            "ChaChaCha": 0.00264303921722,
            "Jive": 0.000961688288953,
            "Quickstep": 0.00805915240198,
            "Rumba-American": 0.0110005857423,
            "Rumba-International": 0.956678986549,
            "Rumba-Misc": 0.00801243353635,
            "Samba": 0.00295879598707,
            "Tango": 0.00219246163033,
            "VienneseWaltz": 0.00153050222434,
            "Waltz": 0.0059623545967
        },
        "probability": 0.956678986549,
        "value": "Rumba-International"
    },
    "mood_acoustic": {
        "all": {
            "acoustic": 0.573076546192,
            "not_acoustic": 0.426923453808
        },
        "probability": 0.573076546192,
        "value": "acoustic"
    },
    "mood_aggressive": {
        "all": {
            "aggressive": 0.023663893342,
            "not_aggressive": 0.976336121559
        },
        "probability": 0.976336121559,
        "value": "not_aggressive"
    },
    "mood_electronic": {
        "all": {
            "electronic": 0.920928001404,
            "not_electronic": 0.079071983695
        },
        "probability": 0.920928001404,
        "value": "electronic"
    },
    "mood_happy": {
        "all": {
            "happy": 0.0878979936242,
            "not_happy": 0.912101984024
        },
        "probability": 0.912101984024,
        "value": "not_happy"
    },
    "mood_party": {
        "all": {
            "not_party": 0.958508312702,
            "party": 0.0414916798472
        },
        "probability": 0.958508312702,
        "value": "not_party"
    },
    "mood_relaxed": {
        "all": {
            "not_relaxed": 0.00729498686269,
            "relaxed": 0.992704987526
        },
        "probability": 0.992704987526,
        "value": "relaxed"
    },
    "mood_sad": {
        "all": {
            "not_sad": 0.412233054638,
            "sad": 0.587766945362
        },
        "probability": 0.587766945362,
        "value": "sad"
    },
    "moods_mirex": {
        "all": {
            "Cluster1": 0.191634491086,
            "Cluster2": 0.309708893299,
            "Cluster3": 0.313622415066,
            "Cluster4": 0.104881979525,
            "Cluster5": 0.0801522359252
        },
        "probability": 0.313622415066,
        "value": "Cluster3"
    },
    "timbre": {
        "all": {
            "bright": 0.298337012529,
            "dark": 0.701663017273
        },
        "probability": 0.701663017273,
        "value": "dark"
    },
    "tonal_atonal": {
        "all": {
            "atonal": 0.87843054533,
            "tonal": 0.12156945467
        },
        "probability": 0.87843054533,
        "value": "atonal"
    },
    "voice_instrumental": {
        "all": {
            "instrumental": 1,
            "voice": 2.994996251e-09
        },
        "probability": 1,
        "value": "instrumental"
    }
},
"lowlevel": {
    "average_loudness": 0.984992384911,
    "barkbands_crest": {
        "dmean": 2.59824991226,
        "dmean2": 4.23438644409,
        "dvar": 6.34693431854,
        "dvar2": 15.6136112213,
        "max": 26.1490249634,
        "mean": 13.3594493866,
        "median": 12.861366272,
        "min": 3.32967352867,
        "var": 19.3727664948
    },
    "barkbands_flatness_db": {
        "dmean": 0.040868807584,
        "dmean2": 0.0569113828242,
        "dvar": 0.00160256202798,
        "dvar2": 0.00309504405595,
        "max": 0.593303561211,
        "mean": 0.381552994251,
        "median": 0.388682872057,
        "min": 0.132833749056,
        "var": 0.00789052061737
    },
    "barkbands_kurtosis": {
        "dmean": 8.3084230423,
        "dmean2": 13.4243822098,
        "dvar": 133.349685669,
        "dvar2": 317.659515381,
        "max": 112.863227844,
        "mean": 12.7779121399,
        "median": 7.14786434174,
        "min": -1.55281639099,
        "var": 296.267883301
    },
    "barkbands_skewness": {
        "dmean": 0.908263981342,
        "dmean2": 1.44234597683,
        "dvar": 0.886840462685,
        "dvar2": 1.98531866074,
        "max": 7.53924512863,
        "mean": 1.76987230778,
        "median": 1.47116839886,
        "min": -1.39330220222,
        "var": 2.74360752106
    },
    "barkbands_spread": {
        "dmean": 1.79669451714,
        "dmean2": 2.36557078362,
        "dvar": 12.5103673935,
        "dvar2": 17.4926109314,
        "max": 38.3872642517,
        "mean": 4.24626588821,
        "median": 2.11704397202,
        "min": 0.230588629842,
        "var": 44.7637252808
    },
    "dissonance": {
        "dmean": 0.0429638065398,
        "dmean2": 0.0687760338187,
        "dvar": 0.00166970654391,
        "dvar2": 0.00407527806237,
        "max": 0.499999880791,
        "mean": 0.364077031612,
        "median": 0.361889362335,
        "min": 0.147290721536,
        "var": 0.00633272575215
    },
    "dynamic_complexity": 3.83831954002,
    "erbbands_crest": {
        "dmean": 2.429479599,
        "dmean2": 3.98360276222,
        "dvar": 5.6380648613,
        "dvar2": 13.1281862259,
        "max": 27.6021556854,
        "mean": 12.4667186737,
        "median": 12.2958526611,
        "min": 3.36748337746,
        "var": 18.5758533478
    },
    "erbbands_flatness_db": {
        "dmean": 0.027595160529,
        "dmean2": 0.0384593605995,
        "dvar": 0.000844052236062,
        "dvar2": 0.00175071391277,
        "max": 0.464537411928,
        "mean": 0.305886596441,
        "median": 0.306480288506,
        "min": 0.130648076534,
        "var": 0.00313661270775
    },
    "erbbands_kurtosis": {
        "dmean": 5.19825172424,
        "dmean2": 8.32005214691,
        "dvar": 41.0495185852,
        "dvar2": 89.4264678955,
        "max": 57.1801719666,
        "mean": 10.9899816513,
        "median": 8.92898178101,
        "min": -1.78395175934,
        "var": 91.7913742065
    },
    "erbbands_skewness": {
        "dmean": 0.707596182823,
        "dmean2": 1.01507520676,
        "dvar": 0.423260718584,
        "dvar2": 0.821865260601,
        "max": 5.88530492783,
        "mean": 1.80683195591,
        "median": 1.77718746662,
        "min": -1.10141181946,
        "var": 1.73028576374
    },
    "erbbands_spread": {
        "dmean": 5.51382827759,
        "dmean2": 8.25437927246,
        "dvar": 82.3045272827,
        "dvar2": 173.48097229,
        "max": 93.6688537598,
        "mean": 12.725897789,
        "median": 7.55109596252,
        "min": 1.75680041313,
        "var": 200.21836853
    },
    "hfc": {
        "dmean": 3.93547391891,
        "dmean2": 6.09055709839,
        "dvar": 68.467010498,
        "dvar2": 162.025863647,
        "max": 54.4690284729,
        "mean": 5.55087614059,
        "median": 2.62848758698,
        "min": 0.0351419374347,
        "var": 77.3028030396
    },
    "melbands_crest": {
        "dmean": 3.41096043587,
        "dmean2": 5.70440864563,
        "dvar": 12.0732479095,
        "dvar2": 32.9556388855,
        "max": 29.1306991577,
        "mean": 18.0027961731,
        "median": 17.8143310547,
        "min": 5.09575653076,
        "var": 29.9591178894
    },
    "melbands_flatness_db": {
        "dmean": 0.0481071397662,
        "dmean2": 0.062709055841,
        "dvar": 0.00225327955559,
        "dvar2": 0.00369761907496,
        "max": 0.737775027752,
        "mean": 0.490125507116,
        "median": 0.504015266895,
        "min": 0.131727933884,
        "var": 0.0133173605427
    },
    "melbands_kurtosis": {
        "dmean": 11.4063825607,
        "dmean2": 18.3391132355,
        "dvar": 339.546356201,
        "dvar2": 728.814147949,
        "max": 156.663009644,
        "mean": 17.2726955414,
        "median": 8.97157382965,
        "min": -1.06258249283,
        "var": 594.671020508
    },
    "melbands_skewness": {
        "dmean": 0.921347916126,
        "dmean2": 1.43524348736,
        "dvar": 1.02596998215,
        "dvar2": 2.1447224617,
        "max": 9.98086738586,
        "mean": 2.06560611725,
        "median": 1.8702403307,
        "min": -0.892423629761,
        "var": 2.84479260445
    },
    "melbands_spread": {
        "dmean": 2.32346153259,
        "dmean2": 2.76885294914,
        "dvar": 25.5949230194,
        "dvar2": 29.9028491974,
        "max": 63.1651153564,
        "mean": 5.02149438858,
        "median": 2.17661571503,
        "min": 0.378034472466,
        "var": 82.3378372192
    },
    "pitch_salience": {
        "dmean": 0.101459547877,
        "dmean2": 0.175503388047,
        "dvar": 0.0101333484054,
        "dvar2": 0.0298333726823,
        "max": 0.821676909924,
        "mean": 0.496174603701,
        "median": 0.486224085093,
        "min": 0.122196257114,
        "var": 0.0233718398958
    },
    "silence_rate_20dB": {
        "dmean": 0,
        "dmean2": 0,
        "dvar": 0,
        "dvar2": 0,
        "max": 1,
        "mean": 1,
        "median": 1,
        "min": 1,
        "var": 0
    },
    "silence_rate_30dB": {
        "dmean": 0.0510835908353,
        "dmean2": 0.102246321738,
        "dvar": 0.0484738908708,
        "dvar2": 0.136717617512,
        "max": 1,
        "mean": 0.97138440609,
        "median": 1,
        "min": 0,
        "var": 0.0277967844158
    },
    "silence_rate_60dB": {
        "dmean": 0.0448916405439,
        "dmean2": 0.0883036404848,
        "dvar": 0.042876008898,
        "dvar2": 0.10064535588,
        "max": 1,
        "mean": 0.0587780363858,
        "median": 0,
        "min": 0,
        "var": 0.055323779583
    },
    "spectral_centroid": {
        "dmean": 112.313858032,
        "dmean2": 135.324050903,
        "dvar": 49438.9023438,
        "dvar2": 59466.0703125,
        "max": 2658.45922852,
        "mean": 407.7371521,
        "median": 289.672637939,
        "min": 126.095993042,
        "var": 195343.109375
    },
    "spectral_complexity": {
        "dmean": 2.16331267357,
        "dmean2": 2.88923311234,
        "dvar": 28.8440093994,
        "dvar2": 37.3114395142,
        "max": 53,
        "mean": 6.94586229324,
        "median": 5,
        "min": 1,
        "var": 81.7223205566
    },
    "spectral_decrease": {
        "dmean": 3.90651733184e-09,
        "dmean2": 6.61960530834e-09,
        "dvar": 8.71279265369e-17,
        "dvar2": 2.2552932494e-16,
        "max": -5.78325477785e-11,
        "mean": -5.56572610222e-09,
        "median": -3.59241258963e-09,
        "min": -5.78723344802e-08,
        "var": 6.63198673559e-17
    },
    "spectral_energy": {
        "dmean": 0.0150727778673,
        "dmean2": 0.025504199788,
        "dvar": 0.00128403434064,
        "dvar2": 0.00332467164844,
        "max": 0.222012132406,
        "mean": 0.0215097758919,
        "median": 0.0138178588822,
        "min": 0.0002214609558,
        "var": 0.000977852265351
    },
    "spectral_energyband_high": {
        "dmean": 4.4703068852e-05,
        "dmean2": 5.46510054846e-05,
        "dvar": 2.10754329544e-08,
        "dvar2": 3.60547218747e-08,
        "max": 0.00155636831187,
        "mean": 4.91074388265e-05,
        "median": 2.87880084215e-07,
        "min": 7.92523238147e-08,
        "var": 3.62824117417e-08
    },
    "spectral_energyband_low": {
        "dmean": 0.00843961723149,
        "dmean2": 0.0145140364766,
        "dvar": 0.000371264817659,
        "dvar2": 0.000988504150882,
        "max": 0.145686790347,
        "mean": 0.0111771961674,
        "median": 0.00616151466966,
        "min": 3.41112099704e-05,
        "var": 0.000299114268273
    },
    "spectral_energyband_middle_high": {
        "dmean": 0.000626109424047,
        "dmean2": 0.000829604046885,
        "dvar": 5.4287029343e-06,
        "dvar2": 1.08744534373e-05,
        "max": 0.0227453261614,
        "mean": 0.000693506852258,
        "median": 2.49916956818e-05,
        "min": 8.18808928216e-07,
        "var": 7.63236675994e-06
    },
    "spectral_energyband_middle_low": {
        "dmean": 0.0102698178962,
        "dmean2": 0.0190245360136,
        "dvar": 0.00099983997643,
        "dvar2": 0.0028796326369,
        "max": 0.188971325755,
        "mean": 0.0107157798484,
        "median": 0.00491500506178,
        "min": 5.29600656591e-05,
        "var": 0.000577267084736
    },
    "spectral_entropy": {
        "dmean": 0.350095689297,
        "dmean2": 0.475460827351,
        "dvar": 0.141554221511,
        "dvar2": 0.248286426067,
        "max": 7.80965948105,
        "mean": 5.71099948883,
        "median": 5.48624801636,
        "min": 4.09516477585,
        "var": 0.660406827927
    },
    "spectral_flux": {
        "dmean": 0.0388445556164,
        "dmean2": 0.0578597038984,
        "dvar": 0.00391404377297,
        "dvar2": 0.00595919694752,
        "max": 0.435949027538,
        "mean": 0.0727978944778,
        "median": 0.0423219278455,
        "min": 0.00410823756829,
        "var": 0.00715605495498
    },
    "spectral_kurtosis": {
        "dmean": 23.2358074188,
        "dmean2": 36.2193145752,
        "dvar": 1213.2845459,
        "dvar2": 3000.87133789,
        "max": 354.76473999,
        "mean": 42.5772476196,
        "median": 32.6936607361,
        "min": -0.659271478653,
        "var": 1899.10095215
    },
    "spectral_rms": {
        "dmean": 0.00119901704602,
        "dmean2": 0.00187150808051,
        "dvar": 4.27397071689e-06,
        "dvar2": 9.87024941423e-06,
        "max": 0.0147172417492,
        "mean": 0.00401094881818,
        "median": 0.00367162609473,
        "min": 0.000464821991045,
        "var": 4.89745571031e-06
    },
    "spectral_rolloff": {
        "dmean": 135.232299805,
        "dmean2": 187.443481445,
        "dvar": 105351.03125,
        "dvar2": 135262.40625,
        "max": 3402.24609375,
        "mean": 412.793640137,
        "median": 279.931640625,
        "min": 86.1328125,
        "var": 284598.3125
    },
    "spectral_skewness": {
        "dmean": 1.33038389683,
        "dmean2": 1.95168828964,
        "dvar": 1.69724667072,
        "dvar2": 3.58942461014,
        "max": 15.1034727097,
        "mean": 4.45370101929,
        "median": 4.38655328751,
        "min": 0.0654628351331,
        "var": 5.98824596405
    },
    "spectral_spread": {
        "dmean": 522922.09375,
        "dmean2": 820943,
        "dvar": 677152620544,
        "dvar2": 1.09290717184e+12,
        "max": 24369930,
        "mean": 1863700.625,
        "median": 1747793.75,
        "min": 242577.34375,
        "var": 968999043072
    },
    "spectral_strongpeak": {
        "dmean": 0.18841534853,
        "dmean2": 0.315687835217,
        "dvar": 0.0609351657331,
        "dvar2": 0.141517937183,
        "max": 2.2667298317,
        "mean": 0.509824872017,
        "median": 0.356499940157,
        "min": 0,
        "var": 0.205702826381
    },
    "zerocrossingrate": {
        "dmean": 0.00377964461222,
        "dmean2": 0.00384308747016,
        "dvar": 4.60690898763e-05,
        "dvar2": 3.31550400006e-05,
        "max": 0.09716796875,
        "mean": 0.0141242807731,
        "median": 0.01025390625,
        "min": 0.0029296875,
        "var": 0.000222461589146
    },
    "barkbands": {
        "dmean": [7.11192260496e-05, 0.00309122656472, 0.00493231415749, 0.00349944923073, 0.00590659631416, 0.0010436438024, 0.000561723893043, 0.000193189407582, 7.62032723287e-05, 6.69853470754e-05, 7.28012455511e-05, 5.34315659024e-05, 4.77069188491e-05, 0.000106239363959, 4.74088847113e-05, 8.13104707049e-05, 4.42076307081e-05, 6.07840338489e-05, 7.10628737579e-05, 3.19877690345e-05, 2.11751666939e-05, 2.93888797387e-06, 3.96237339828e-07, 4.12246095038e-08, 4.8881032555e-09, 3.19400661475e-09, 1.03071517987e-09],
        "dmean2": [0.000119488358905, 0.00529263541102, 0.00865113642067, 0.006721297279, 0.0111481258646, 0.00174029031768, 0.000901373452507, 0.000320018734783, 0.000135798545671, 0.00010758487042, 0.000109234017145, 7.74508007453e-05, 6.58734934404e-05, 0.000177177833393, 6.0933871282e-05, 0.000135339840199, 5.81634740229e-05, 8.80146326381e-05, 9.64787832345e-05, 3.96356663259e-05, 2.68783223873e-05, 3.94477274313e-06, 5.48726347915e-07, 5.13325808527e-08, 7.90906806714e-09, 4.77620432093e-09, 1.7163810373e-09],
        "dvar": [2.92824005044e-08, 3.65764717571e-05, 0.000164937460795, 0.000145925558172, 0.000368914770661, 4.16271404902e-06, 1.25979943277e-06, 2.50415808978e-07, 5.67420244124e-08, 7.3236790854e-08, 8.62485620701e-08, 4.6067381021e-08, 3.41405055337e-08, 2.28924676549e-07, 2.87039174651e-08, 1.04791382682e-07, 2.77447842478e-08, 5.40774962587e-08, 6.92192898555e-08, 1.11665521274e-08, 4.69196370645e-09, 9.51997924936e-11, 1.62202087699e-12, 1.9157266241e-14, 4.23940916543e-16, 5.89080127536e-16, 4.10667116166e-17],
        "dvar2": [7.21744441989e-08, 9.84647122095e-05, 0.000460819894215, 0.000425375445047, 0.00106863025576, 1.07324267447e-05, 2.59913917944e-06, 4.72593143286e-07, 1.66549114056e-07, 1.83654407238e-07, 2.00362620717e-07, 9.24425549442e-08, 6.50933387192e-08, 6.06899391187e-07, 4.37716245472e-08, 2.61981426775e-07, 3.82098690466e-08, 9.99352067765e-08, 1.23990389511e-07, 1.88879951679e-08, 7.5776123154e-09, 1.69192146404e-10, 3.0128876824e-12, 2.9431359151e-14, 5.56550038955e-16, 5.99103915434e-16, 4.49131444784e-17],
        "max": [0.00163792457897, 0.0683384537697, 0.0886725187302, 0.0771498382092, 0.117749355733, 0.0166964959353, 0.0113543597981, 0.00457730796188, 0.00228848890401, 0.0026127952151, 0.00295434426516, 0.00214757700451, 0.00184578518383, 0.00455493479967, 0.00231657363474, 0.00309697748162, 0.00165270932484, 0.00255167181604, 0.00237771146931, 0.00116668653209, 0.000797719229013, 0.000130445943796, 1.72201343958e-05, 1.33061769247e-06, 6.51150457998e-07, 7.70251062931e-07, 2.11010259932e-07],
        "mean": [6.70933586662e-05, 0.00500283529982, 0.00499481987208, 0.00227197539061, 0.00455999281257, 0.00204818486236, 0.00143334129825, 0.000310644536512, 6.5826367063e-05, 6.51585505693e-05, 6.57969576423e-05, 5.47385971004e-05, 5.05287534907e-05, 8.8001259428e-05, 6.69676301186e-05, 7.6885407907e-05, 6.36438344372e-05, 6.93716938258e-05, 8.71200172696e-05, 3.95968199882e-05, 2.36019477597e-05, 3.18894399243e-06, 4.26636802331e-07, 6.09645027794e-08, 1.32071447112e-08, 9.75019709415e-09, 8.69216754129e-10],
        "median": [1.1312492461e-05, 0.0020378769841, 0.00160140614025, 0.000295982114039, 0.00129381427541, 0.000702480203472, 0.000490320846438, 6.44722822472e-05, 5.32533704245e-06, 4.33967261415e-06, 2.75600109489e-06, 1.49637742197e-06, 1.42708449857e-06, 7.217968232e-07, 1.59789874488e-06, 7.26275970919e-07, 7.32730086384e-07, 6.7634783818e-07, 2.74043941317e-07, 1.96463929569e-07, 1.09468494713e-07, 4.03291906537e-08, 1.66177880345e-08, 1.2917711345e-08, 1.10511209073e-08, 8.82380835066e-09, 1.94879876125e-10],
        "min": [1.09616973276e-08, 5.67740926272e-06, 4.33236010622e-07, 9.94577931124e-07, 9.33414230531e-06, 3.87514683098e-06, 1.347790203e-06, 2.34214255102e-07, 5.60617863243e-08, 3.82053642056e-08, 1.64448259454e-08, 2.23147864631e-08, 9.19265730204e-09, 2.33617676315e-08, 3.88037904031e-08, 3.23386650791e-08, 3.88683147889e-08, 3.60175747005e-08, 3.44703536825e-08, 4.4454136372e-08, 1.92009412814e-08, 9.57113233113e-09, 5.8317239926e-09, 3.34882810371e-09, 5.41440892121e-10, 3.19357790213e-10, 1.55669227508e-11],
        "var": [2.74669567091e-08, 5.10770187248e-05, 0.000110457593109, 8.01344649517e-05, 0.000204290932743, 8.57616760186e-06, 4.98400640936e-06, 4.07866338037e-07, 5.04339965346e-08, 6.62442545263e-08, 8.22672276968e-08, 5.60568373942e-08, 4.54940263239e-08, 1.88767486975e-07, 5.89947681817e-08, 1.06638054831e-07, 5.90888227237e-08, 7.94520929048e-08, 1.17261350852e-07, 2.17620037546e-08, 8.27467072639e-09, 1.5036775991e-10, 2.46126946948e-12, 3.62530270831e-14, 4.30284372755e-16, 5.98854993626e-16, 4.07872337574e-17]
    },
    "erbbands": {
        "dmean": [0.0438607782125, 0.882401704788, 4.89422607422, 8.96058940887, 17.0742416382, 20.1814975739, 12.1718254089, 7.70101308823, 9.99909591675, 5.31601333618, 3.78761172295, 1.92463862896, 1.76729822159, 2.31085443497, 3.41551685333, 2.13599681854, 1.84048807621, 4.43345689774, 4.2111492157, 2.19343018532, 5.08941459656, 2.86365175247, 3.61316633224, 3.39966416359, 2.7167069912, 1.80743980408, 1.12099182606, 0.554180085659, 0.13758084178, 0.0333421491086, 0.00973099004477, 0.00170440797228, 0.000458040798549, 8.96678902791e-05, 2.91259111691e-05, 1.78577356564e-05, 8.75570458447e-06, 1.46941965795e-06, 6.94096024745e-06, 1.6584093828e-05],
        "dmean2": [0.073065072298, 1.52096498013, 8.58184432983, 16.5595722198, 32.7200050354, 37.9728050232, 22.1429367065, 12.60014534, 15.8162212372, 8.57854747772, 6.32982683182, 3.43043684959, 2.98545408249, 3.9370405674, 5.12905979156, 3.17311167717, 2.40551280975, 7.27585744858, 5.964366436, 2.75832343102, 8.4493894577, 3.89914059639, 4.91387462616, 4.65175008774, 3.57576441765, 2.12886571884, 1.41585254669, 0.738959312439, 0.183699429035, 0.043658528477, 0.012456279248, 0.00196530809626, 0.000620609847829, 0.000129476902657, 4.37882481492e-05, 2.63942820311e-05, 1.29035342979e-05, 2.03068748306e-06, 1.15649681902e-05, 2.79735304503e-05],
        "dvar": [0.00594430696219, 3.18316173553, 144.704940796, 837.809875488, 3604.25073242, 3854.44506836, 1104.16882324, 189.970062256, 365.775817871, 163.472076416, 118.240974426, 39.2561531067, 38.5852203369, 98.8397140503, 194.106765747, 73.4759674072, 46.7661399841, 373.677307129, 308.90222168, 54.5656509399, 432.764038086, 120.378387451, 183.411437988, 163.810531616, 95.6155548096, 37.5834350586, 13.4288949966, 3.08290410042, 0.193424746394, 0.0112987924367, 0.00102747499477, 2.89210493065e-05, 2.51918936556e-06, 8.95953533586e-08, 1.99827621117e-08, 9.44513978141e-09, 2.00701699704e-09, 8.2424213288e-11, 2.56789423059e-10, 1.52791101993e-09],
        "dvar2": [0.0145551152527, 8.63109588623, 400.665313721, 2399.24560547, 10469.2695312, 11147.7109375, 3158.08764648, 462.12689209, 740.063171387, 365.608917236, 224.312744141, 113.519256592, 101.04499054, 260.513244629, 402.189239502, 137.974884033, 80.4839324951, 969.878601074, 718.149536133, 86.2232513428, 1088.05908203, 184.622909546, 320.021697998, 290.247009277, 170.847137451, 67.062713623, 22.9725971222, 5.31976699829, 0.332801282406, 0.01960182935, 0.00178394315299, 4.20262476837e-05, 4.57092210127e-06, 1.42834650774e-07, 2.11126813809e-08, 9.81554482138e-09, 2.09789097205e-09, 8.41476749391e-11, 6.59943655279e-10, 3.95530097563e-09],
        "max": [1.04636836052, 20.5588283539, 93.724937439, 182.367614746, 406.292755127, 443.648254395, 259.418823242, 129.18309021, 207.754730225, 100.8592453, 125.476158142, 62.1995277405, 58.3957901001, 93.7807846069, 133.610488892, 76.6661834717, 68.5038604736, 186.015655518, 202.367324829, 85.6571731567, 197.64100647, 98.1399230957, 140.298995972, 121.923942566, 92.4140625, 68.3426818848, 41.141544342, 17.9167690277, 5.88346290588, 1.32028198242, 0.384764790535, 0.0575816445053, 0.016312321648, 0.00743013108149, 0.00474532879889, 0.00304520572536, 0.00135374628007, 0.000307192269247, 9.94691727101e-05, 0.000241979359998],
        "mean": [0.0817680060863, 1.38126695156, 5.54157400131, 6.80247211456, 11.649725914, 16.0992660522, 14.4621372223, 16.381975174, 26.1639347076, 9.96940326691, 5.98124074936, 1.88047516346, 2.0055513382, 1.94087696075, 3.28887963295, 2.24096179008, 2.09265232086, 3.81856966019, 4.10841941833, 3.2194674015, 4.75014448166, 4.04755592346, 4.14692115784, 4.22391271591, 3.34077382088, 2.12582993507, 1.28247952461, 0.589508295059, 0.148977354169, 0.036246843636, 0.0108601367101, 0.00229314202443, 0.000685252191033, 0.000199546368094, 9.48884189711e-05, 5.29711833224e-05, 2.50802968367e-05, 3.18016986967e-06, 1.00836223282e-05, 2.37428484979e-05],
        "median": [0.0382722988725, 0.582578599453, 2.31386017799, 1.55280387402, 2.71648073196, 4.48715782166, 6.42456150055, 5.56021022797, 7.21253538132, 3.50148582458, 1.11619639397, 0.2076485008, 0.124964296818, 0.173370033503, 0.0933543369174, 0.0745348706841, 0.0723160430789, 0.0457913987339, 0.0691349506378, 0.0865857675672, 0.0399500280619, 0.0413909368217, 0.0468533858657, 0.0245423596352, 0.0113076316193, 0.0096473172307, 0.00568634597585, 0.00323896738701, 0.00166522373911, 0.000765830045566, 0.000458556605736, 0.000302560336422, 0.000212427650695, 0.000139075302286, 8.61835869728e-05, 4.76669411e-05, 2.24634859478e-05, 2.31753801927e-06, 6.53289998809e-06, 1.52902412083e-05],
        "min": [8.90219671419e-05, 0.00117594201583, 0.0107773421332, 0.0340890921652, 0.0314695648849, 0.0404679812491, 0.0249786861241, 0.0402153581381, 0.0337204374373, 0.013299276121, 0.00468674860895, 0.0018081550952, 0.00151268194895, 0.00166533060838, 0.00132276338991, 0.000919095939025, 0.000744493387174, 0.00116639898624, 0.00191276916303, 0.00238553551026, 0.00208517210558, 0.00250100716949, 0.0022072836291, 0.00328349508345, 0.00174830527976, 0.00171981286258, 0.00139628676698, 0.00070414604852, 0.00038707384374, 0.000243232570938, 0.00014134941739, 9.33766714297e-05, 5.09669880557e-05, 1.28891770146e-05, 6.58362478134e-06, 4.5406090976e-06, 2.30084151553e-06, 2.5656979119e-07, 1.36710454512e-07, 2.43250639187e-07],
        "var": [0.0191447418183, 3.7654504776, 102.069511414, 486.487243652, 1961.58947754, 2182.40258789, 761.984741211, 512.416442871, 1718.13305664, 276.124450684, 209.362167358, 32.4621505737, 44.1793746948, 75.9711456299, 210.699172974, 92.604385376, 71.5167694092, 327.175598145, 335.230773926, 122.461791992, 429.35446167, 242.467910767, 284.168151855, 272.947143555, 168.55607605, 67.27734375, 24.1628551483, 5.02506017685, 0.316242814064, 0.0184440780431, 0.00168284610845, 5.88426300965e-05, 3.83323731512e-06, 1.07898848967e-07, 2.06553778526e-08, 9.65794733077e-09, 2.04157690753e-09, 8.47752076871e-11, 2.00332195277e-10, 1.16724441224e-09]
    },
    "gfcc": {
        "mean": [-206.092178345, 200.650894165, -64.735206604, 37.4021835327, -30.761888504, -30.5146694183, -24.2766742706, -10.4320192337, -9.77411556244, -2.21578621864, -2.70390295982, -7.01147413254, -1.36705493927],
        "cov": [[5239.375, -79.0393753052, -3143.47705078, 5.51326131821, -490.319091797, -574.174438477, 218.870239258, -541.217712402, 161.689331055, -96.4812011719, 56.6644210815, -41.4789352417, 32.3198623657], [-79.0393753052, 566.142150879, 463.219268799, -432.089050293, 22.3879051208, -61.8897361755, -81.6208724976, 34.9282722473, 55.5718955994, 22.8122406006, 61.237361908, -1.77324140072, 5.28360414505], [-3143.47705078, 463.219268799, 2648.00830078, -106.984008789, 406.967285156, 356.287231445, -64.7918014526, 298.140014648, -69.8945770264, 42.2373847961, -18.4682865143, -15.0562458038, -13.3254766464], [5.51326131821, -432.089050293, -106.984008789, 710.093383789, 176.499053955, 141.269577026, 245.116119385, -35.4656295776, -27.9765872955, -14.3777999878, -85.7383651733, -54.669960022, -38.6773262024], [-490.319091797, 22.3879051208, 406.967285156, 176.499053955, 327.447174072, 206.794265747, 74.2939758301, 63.0508651733, -45.3882408142, -50.696762085, -29.6606197357, -39.886882782, -12.0227394104], [-574.174438477, -61.8897361755, 356.287231445, 141.269577026, 206.794265747, 238.340194702, 81.7552642822, 86.2964248657, -41.5053825378, -30.2921352386, -24.3708324432, -29.7353725433, -14.6378660202], [218.870239258, -81.6208724976, -64.7918014526, 245.116119385, 74.2939758301, 81.7552642822, 207.496002197, 30.383272171, 21.2268066406, -16.1010494232, -31.0920715332, -41.7480812073, -33.5553359985], [-541.217712402, 34.9282722473, 298.140014648, -35.4656295776, 63.0508651733, 86.2964248657, 30.383272171, 198.535522461, 61.4388618469, 33.4259223938, 12.1965713501, 7.74523353577, -30.2739753723], [161.689331055, 55.5718955994, -69.8945770264, -27.9765872955, -45.3882408142, -41.5053825378, 21.2268066406, 61.4388618469, 119.471618652, 82.2304611206, 50.853805542, 23.0593910217, 0.358474105597], [-96.4812011719, 22.8122406006, 42.2373847961, -14.3777999878, -50.696762085, -30.2921352386, -16.1010494232, 33.4259223938, 82.2304611206, 134.156433105, 58.2107200623, 33.4603729248, 10.398900032], [56.6644210815, 61.237361908, -18.4682865143, -85.7383651733, -29.6606197357, -24.3708324432, -31.0920715332, 12.1965713501, 50.853805542, 58.2107200623, 73.186958313, 37.0838127136, 23.2614746094], [-41.4789352417, -1.77324140072, -15.0562458038, -54.669960022, -39.886882782, -29.7353725433, -41.7480812073, 7.74523353577, 23.0593910217, 33.4603729248, 37.0838127136, 65.0763626099, 36.9204788208], [32.3198623657, 5.28360414505, -13.3254766464, -38.6773262024, -12.0227394104, -14.6378660202, -33.5553359985, -30.2739753723, 0.358474105597, 10.398900032, 23.2614746094, 36.9204788208, 64.8762130737]],
        "icov": [[0.00271803839132, -0.000816079613287, 0.0024340946693, 0.00128342350945, -0.00105097761843, 0.00191537989303, -0.00432506389916, 0.0053375554271, -0.00506184715778, 0.00299626844935, -0.00125455204397, 0.00129395455588, -0.000270245102001], [-0.000816079613287, 0.0137016884983, -0.00354561349377, 0.0115525200963, -0.00864488258958, 0.00672238180414, -0.00733893411234, 0.00664673140272, -0.00734525127336, -0.00122313736938, 0.000184022908797, 0.00205604056828, 0.00367076508701], [0.0024340946693, -0.00354561349377, 0.00345963798463, -0.00105323386379, 0.000214143074118, -3.2401894714e-05, -0.00184889580123, 0.0021312746685, -0.00157968641724, 0.00154134491459, -0.000474986649351, 0.000828200893011, -0.00130987144075], [0.00128342350945, 0.0115525200963, -0.00105323386379, 0.0150882555172, -0.0103141022846, 0.0066040372476, -0.0134474644437, 0.0120602650568, -0.00996590871364, -0.00224160659127, 0.00442713033408, -9.90949411062e-05, 0.00433321483433], [-0.00105097761843, -0.00864488258958, 0.000214143074118, -0.0103141022846, 0.0149170029908, -0.0111695108935, 0.00897343922406, -0.00760470703244, 0.00604693312198, 0.00305756065063, -0.00254760123789, 0.00104090827517, -0.00374297495], [0.00191537989303, 0.00672238180414, -3.2401894714e-05, 0.0066040372476, -0.0111695108935, 0.0198939219117, -0.0112977130339, 0.00152252591215, 0.000904088257812, -2.47061179834e-05, -0.00511348387226, 0.00515145435929, -0.00138466525823], [-0.00432506389916, -0.00733893411234, -0.00184889580123, -0.0134474644437, 0.00897343922406, -0.0112977130339, 0.024526881054, -0.0142598375678, 0.00700028520077, -0.000388484360883, 0.00143382814713, 0.000814499682747, -0.00145300559234], [0.0053375554271, 0.00664673140272, 0.0021312746685, 0.0120602650568, -0.00760470703244, 0.00152252591215, -0.0142598375678, 0.0299846995622, -0.0269177369773, 0.00686827301979, 0.00349262822419, -0.00423574820161, 0.0101843150333], [-0.00506184715778, -0.00734525127336, -0.00157968641724, -0.00996590871364, 0.00604693312198, 0.000904088257812, 0.00700028520077, -0.0269177369773, 0.0459158085287, -0.0169418267906, -0.00852258410305, -0.000114536451292, -0.00517877284437], [0.00299626844935, -0.00122313736938, 0.00154134491459, -0.00224160659127, 0.00305756065063, -2.47061179834e-05, -0.000388484360883, 0.00686827301979, -0.0169418267906, 0.0234513022006, -0.0112974122167, 0.000969884218648, 0.000985685852356], [-0.00125455204397, 0.000184022908797, -0.000474986649351, 0.00442713033408, -0.00254760123789, -0.00511348387226, 0.00143382814713, 0.00349262822419, -0.00852258410305, -0.0112974122167, 0.0387748032808, -0.0136219989508, -0.000395354843931], [0.00129395455588, 0.00205604056828, 0.000828200893011, -9.90949411062e-05, 0.00104090827517, 0.00515145435929, 0.000814499682747, -0.00423574820161, -0.000114536451292, 0.000969884218648, -0.0136219989508, 0.0376687608659, -0.0176087208092], [-0.000270245102001, 0.00367076508701, -0.00130987144075, 0.00433321483433, -0.00374297495, -0.00138466525823, -0.00145300559234, 0.0101843150333, -0.00517877284437, 0.000985685852356, -0.000395354843931, -0.0176087208092, 0.0305921304971]]
    },
    "melbands": {
        "dmean": [0.000621694489382, 0.00203471677378, 0.00176633382216, 0.00142719701398, 0.000504231778905, 0.000184046497452, 0.000142596632941, 5.17822336406e-05, 2.72063625744e-05, 1.18015695989e-05, 8.61624721438e-06, 9.14241172723e-06, 1.03572092485e-05, 7.43494183553e-06, 4.98526424053e-06, 4.96244774695e-06, 9.05812885321e-06, 8.16653391666e-06, 3.40162978318e-06, 2.97009160022e-06, 6.75919545756e-06, 2.73218029179e-06, 3.90675813833e-06, 2.43061595029e-06, 2.83740268969e-06, 2.62107323579e-06, 1.08887400074e-06, 1.29882619149e-06, 6.89561431955e-07, 6.32187436622e-07, 2.40522155082e-07, 8.5028730723e-08, 2.8245271011e-08, 1.32715323176e-08, 6.47152997857e-09, 1.713382769e-09, 7.18992199111e-10, 3.76217640374e-10, 1.32761010518e-10, 5.72208218308e-11],
        "dmean2": [0.0010490618879, 0.00355803803541, 0.00325954868458, 0.0027041756548, 0.000928052235395, 0.000299265637295, 0.000224580304348, 8.3826656919e-05, 4.59713446617e-05, 2.12013219425e-05, 1.44813184306e-05, 1.59936225828e-05, 1.5192184037e-05, 1.09208785943e-05, 6.48056584396e-06, 7.39347115086e-06, 1.50913529069e-05, 1.24214802781e-05, 4.38911092715e-06, 4.54060500488e-06, 1.14312961159e-05, 3.9850228859e-06, 5.18459501109e-06, 3.60286935575e-06, 3.83607766707e-06, 3.74979890694e-06, 1.23139705011e-06, 1.66269182955e-06, 9.88286501524e-07, 8.09782932265e-07, 3.4933074744e-07, 1.14781506966e-07, 3.82266627241e-08, 1.81934574073e-08, 8.42626945996e-09, 2.26581886587e-09, 9.0478596837e-10, 5.37877631324e-10, 1.98475957891e-10, 9.11863501374e-11],
        "dvar": [1.31954516291e-06, 2.25915682677e-05, 3.25008622895e-05, 2.21537065954e-05, 2.0338259219e-06, 1.11493250188e-07, 7.19420256701e-08, 1.56419410757e-08, 6.3381473403e-09, 1.56349799774e-09, 9.31310972785e-10, 1.59660373811e-09, 1.74895986582e-09, 8.99874452731e-10, 3.45291295556e-10, 4.12000572547e-10, 1.6088904653e-09, 1.31334954023e-09, 1.38937958361e-10, 1.03351875669e-10, 7.88626164372e-10, 1.15881394758e-10, 2.13816075956e-10, 8.32283686414e-11, 1.1507299974e-10, 9.88282858327e-11, 1.26447498305e-11, 2.18846139127e-11, 5.32195988667e-12, 4.78154408429e-12, 5.5590867196e-13, 8.08806350345e-14, 9.43747846798e-15, 1.71141175284e-15, 5.00200113348e-16, 3.16642587816e-17, 5.9000977432e-18, 1.80884547631e-18, 1.96308002236e-19, 3.86081445654e-20],
        "dvar2": [3.42614885085e-06, 6.19453639956e-05, 9.27942019189e-05, 6.42269515083e-05, 5.85090310778e-06, 2.68173351969e-07, 1.46298859249e-07, 3.35324443768e-08, 1.23058256918e-08, 4.6144261745e-09, 2.43010300771e-09, 4.32657421001e-09, 3.84747433912e-09, 1.97442417971e-09, 5.88966597714e-10, 9.01792862606e-10, 4.24714663438e-09, 3.29691651757e-09, 1.87591095435e-10, 2.2196176841e-10, 2.03371963714e-09, 2.07599298863e-10, 3.70968422647e-10, 1.49462289767e-10, 2.03507627416e-10, 1.91331353538e-10, 1.61663338966e-11, 4.49879404563e-11, 1.09060035308e-11, 8.82652891748e-12, 1.11761045297e-12, 1.45306753825e-13, 1.74308470761e-14, 3.18835398621e-15, 9.0523385161e-16, 6.04945703148e-17, 9.16495025603e-18, 3.56780575782e-18, 3.82654837042e-19, 5.56556002824e-20],
        "max": [0.0124785322696, 0.0422226451337, 0.0355227477849, 0.0288957376033, 0.0102470386773, 0.00326493754983, 0.00263657071628, 0.00101518293377, 0.000927007116843, 0.000380844459869, 0.000289954652544, 0.000364864856238, 0.000423960736953, 0.00029132864438, 0.000175934590516, 0.000199203073862, 0.000387855921872, 0.00038453558227, 0.000141114433063, 0.000105699058622, 0.000271212047664, 0.000113519716251, 0.000140880874824, 0.000103993646917, 0.000105447041278, 8.95596458577e-05, 3.73761613446e-05, 5.13459526701e-05, 2.3553320716e-05, 2.83019471681e-05, 9.53189282882e-06, 4.17205592385e-06, 1.21847335777e-06, 5.23826088283e-07, 2.589777921e-07, 6.1511656213e-08, 2.53758045687e-08, 1.38013573903e-08, 7.11835168588e-09, 5.98798877149e-09],
        "mean": [0.00108228670433, 0.00259677437134, 0.00134077726398, 0.00104058452416, 0.000548433978111, 0.000398289674195, 0.000372014794266, 9.18486039154e-05, 4.09726853832e-05, 1.01725863715e-05, 9.73550049821e-06, 7.38824974178e-06, 9.64909668255e-06, 7.17094962965e-06, 5.36944389751e-06, 4.81791630591e-06, 7.6783262557e-06, 7.17956436347e-06, 5.1094061746e-06, 3.65576374861e-06, 5.9676804085e-06, 3.90906507164e-06, 4.24932613896e-06, 2.96782263831e-06, 3.53817290488e-06, 3.09949450639e-06, 1.55256464041e-06, 1.40538429605e-06, 7.61435615004e-07, 6.71712882649e-07, 2.35220554146e-07, 9.14652744655e-08, 3.10690566607e-08, 1.38131932559e-08, 7.10621828048e-09, 2.05128536379e-09, 1.03025110665e-09, 5.18438236785e-10, 2.21958049162e-10, 1.26348376206e-10],
        "median": [0.00046448467765, 0.00137077760883, 0.000361603015335, 0.000272328907158, 0.000226693693548, 0.000131142835016, 0.000113902671728, 3.0489603887e-05, 7.40828909329e-06, 8.75230739439e-07, 5.64079584819e-07, 6.30837575955e-07, 3.26320900967e-07, 2.01285388357e-07, 1.53006809001e-07, 1.44982010397e-07, 6.6220174233e-08, 9.05064183598e-08, 1.14760688064e-07, 8.39240925643e-08, 3.07452943105e-08, 3.88763226056e-08, 5.02452941475e-08, 3.07770910979e-08, 1.67323772615e-08, 8.26604651394e-09, 7.60920215725e-09, 6.19310958072e-09, 3.80104658859e-09, 2.60536570096e-09, 1.62462843178e-09, 9.8429708828e-10, 6.15288320294e-10, 3.55713541955e-10, 2.68564531725e-10, 2.02624139689e-10, 1.64650765244e-10, 1.45506537375e-10, 1.17490572826e-10, 1.0284071511e-10],
