{
"highlevel": {
    "danceability": {
        "all": {
            "danceable": 0.922834396362,
            "not_danceable": 0.0771656036377
        },
        "probability": 0.922834396362,
        "value": "danceable"
    },
    "gender": {
        "all": {
            "female": 0.594435095787,
            "male": 0.405564904213
        },
        "probability": 0.594435095787,
        "value": "female"
    },
    "genre_dortmund": {
        "all": {
            "alternative": 0.027748323977,
            "blues": 0.00655676424503,
            "electronic": 0.110143914819,
            "folkcountry": 0.0104224998504,
            "funksoulrnb": 0.0118545936421,
            "jazz": 0.0354258194566,
            "pop": 0.0121399210766,
            "raphiphop": 0.75984364748,
            "rock": 0.0258645378053
        },
        "probability": 0.75984364748,
        "value": "raphiphop"
    },
    "genre_electronic": {
        "all": {
            "ambient": 0.626549363136,
            "dnb": 0.116584584117,
            "house": 0.162005394697,
            "techno": 0.0233582779765,
            "trance": 0.0715023800731
        },
        "probability": 0.626549363136,
        "value": "ambient"
    },
    "genre_rosamerica": {
        "all": {
            "cla": 0.197154313326,
            "dan": 0.0779443159699,
            "hip": 0.313653498888,
            "jaz": 0.0312606021762,
            "pop": 0.100301958621,
            "rhy": 0.234238132834,
            "roc": 0.0316457040608,
            "spe": 0.0138014815748
        },
        "probability": 0.313653498888,
        "value": "hip"
    },
    "genre_tzanetakis": {
        "all": {
            "blu": 0.0626613423228,
            "cla": 0.0348169617355,
            "cou": 0.104475811124,
            "dis": 0.0784321576357,
            "hip": 0.15692435205,
            "jaz": 0.313974827528,
            "met": 0.0448166541755,
            "pop": 0.0627359300852,
            "reg": 0.0627360641956,
            "roc": 0.0784258767962
        },
        "probability": 0.313974827528,
        "value": "jaz"
    },
    "ismir04_rhythm": {
        "all": {
            "ChaChaCha": 0.106700457633,
            "Jive": 0.0546709224582,
            "Quickstep": 0.0718106627464,
            "Rumba-American": 0.0251541882753,
            "Rumba-International": 0.0388819947839,
            "Rumba-Misc": 0.0155875841156,
            "Samba": 0.393209636211,
            "Tango": 0.0425934940577,
            "VienneseWaltz": 0.225349247456,
            "Waltz": 0.0260418113321
        },
        "probability": 0.393209636211,
        "value": "Samba"
    },
    "mood_acoustic": {
        "all": {
            "acoustic": 0.324118196964,
            "not_acoustic": 0.675881803036
        },
        "probability": 0.675881803036,
        "value": "not_acoustic"
    },
    "mood_aggressive": {
        "all": {
            "aggressive": 0.0417853705585,
            "not_aggressive": 0.958214640617
        },
        "probability": 0.958214640617,
        "value": "not_aggressive"
    },
    "mood_electronic": {
        "all": {
            "electronic": 0.632091879845,
            "not_electronic": 0.367908120155
        },
        "probability": 0.632091879845,
        "value": "electronic"
    },
    "mood_happy": {
        "all": {
            "happy": 0.588856995106,
            "not_happy": 0.411143004894
        },
        "probability": 0.588856995106,
        "value": "happy"
    },
    "mood_party": {
        "all": {
            "not_party": 0.790170013905,
            "party": 0.209830015898
        },
        "probability": 0.790170013905,
        "value": "not_party"
    },
    "mood_relaxed": {
        "all": {
            "not_relaxed": 0.759644806385,
            "relaxed": 0.240355193615
        },
        "probability": 0.759644806385,
        "value": "not_relaxed"
    },
    "mood_sad": {
        "all": {
            "not_sad": 0.813968718052,
            "sad": 0.186031296849
        },
        "probability": 0.813968718052,
        "value": "not_sad"
    },
    "moods_mirex": {
        "all": {
            "Cluster1": 0.109455011785,
            "Cluster2": 0.329549372196,
            "Cluster3": 0.202891007066,
            "Cluster4": 0.281851828098,
            "Cluster5": 0.0762527734041
        },
        "probability": 0.329549372196,
        "value": "Cluster2"
    },
    "timbre": {
        "all": {
            "bright": 0.119770362973,
            "dark": 0.880229651928
        },
        "probability": 0.880229651928,
        "value": "dark"
    },
    "tonal_atonal": {
        "all": {
            "atonal": 0.0552514269948,
            "tonal": 0.944748580456
        },
        "probability": 0.944748580456,
        "value": "tonal"
    },
    "voice_instrumental": {
        "all": {
            "instrumental": 0.00775586161762,
            "voice": 0.992244124413
        },
        "probability": 0.992244124413,
        "value": "voice"
    }
},
"lowlevel": {
    "average_loudness": 0.926422178745,
    "barkbands_crest": {
        "dmean": 3.24916100502,
        "dmean2": 5.2097454071,
        "dvar": 7.76883125305,
        "dvar2": 19.5310935974,
        "max": 24.6421470642,
        "mean": 11.1601867676,
        "median": 10.5394258499,
        "min": 2.75860595703,
        "var": 18.9283828735
    },
    "barkbands_flatness_db": {
        "dmean": 0.0310424529016,
        "dmean2": 0.0465768314898,
        "dvar": 0.000844729365781,
        "dvar2": 0.0017733045388,
        "max": 0.367356032133,
        "mean": 0.187639325857,
        "median": 0.186958342791,
        "min": 0.048811558634,
        "var": 0.00335203087889
    },
    "barkbands_kurtosis": {
        "dmean": 3.38641953468,
        "dmean2": 5.42678451538,
        "dvar": 18.5316524506,
        "dvar2": 46.1558685303,
        "max": 37.6725692749,
        "mean": 4.21315336227,
        "median": 2.39457941055,
        "min": -1.73217010498,
        "var": 30.0290393829
    },
    "barkbands_skewness": {
        "dmean": 0.683388233185,
        "dmean2": 1.05509471893,
        "dvar": 0.431659251451,
        "dvar2": 1.03078305721,
        "max": 5.60903501511,
        "mean": 1.41416394711,
        "median": 1.35572111607,
        "min": -3.28209447861,
        "var": 1.21176087856
    },
    "barkbands_spread": {
        "dmean": 5.84603118896,
        "dmean2": 8.83186149597,
        "dvar": 52.0330276489,
        "dvar2": 104.8151474,
        "max": 93.7589950562,
        "mean": 15.3629274368,
        "median": 12.3412103653,
        "min": 1.66019964218,
        "var": 122.308799744
    },
    "dissonance": {
        "dmean": 0.02746367082,
        "dmean2": 0.0448061525822,
        "dvar": 0.000625385728199,
        "dvar2": 0.00157061917707,
        "max": 0.499999672174,
        "mean": 0.447996616364,
        "median": 0.456337094307,
        "min": 0.241488963366,
        "var": 0.00155079073738
    },
    "dynamic_complexity": 3.55513381958,
    "erbbands_crest": {
        "dmean": 3.41580319405,
        "dmean2": 5.63487672806,
        "dvar": 10.7694835663,
        "dvar2": 24.8389930725,
        "max": 28.1390724182,
        "mean": 11.1527290344,
        "median": 9.87219333649,
        "min": 2.63557624817,
        "var": 27.3352069855
    },
    "erbbands_flatness_db": {
        "dmean": 0.0250541903079,
        "dmean2": 0.0351590812206,
        "dvar": 0.000549653486814,
        "dvar2": 0.000992813613266,
        "max": 0.400934040546,
        "mean": 0.21496720612,
        "median": 0.215131118894,
        "min": 0.0826165378094,
        "var": 0.00369166210294
    },
    "erbbands_kurtosis": {
        "dmean": 1.64619445801,
        "dmean2": 2.58498358727,
        "dvar": 4.60687589645,
        "dvar2": 10.3351125717,
        "max": 29.4916114807,
        "mean": 1.6191817522,
        "median": 0.557882070541,
        "min": -1.58178830147,
        "var": 10.3047838211
    },
    "erbbands_skewness": {
        "dmean": 0.477779656649,
        "dmean2": 0.727994978428,
        "dvar": 0.210702523589,
        "dvar2": 0.461417257786,
        "max": 4.13292837143,
        "mean": 0.819071233273,
        "median": 0.75862467289,
        "min": -3.1742041111,
        "var": 0.731107473373
    },
    "erbbands_spread": {
        "dmean": 8.35524559021,
        "dmean2": 12.538274765,
        "dvar": 90.0006332397,
        "dvar2": 175.914794922,
        "max": 92.5550842285,
        "mean": 27.3126811981,
        "median": 24.6291790009,
        "min": 2.24568247795,
        "var": 232.139907837
    },
    "hfc": {
        "dmean": 10.0081624985,
        "dmean2": 14.6639146805,
        "dvar": 190.3152771,
        "dvar2": 379.213653564,
        "max": 122.000205994,
        "mean": 21.7301082611,
        "median": 17.9004631042,
        "min": 0.165384620428,
        "var": 416.890472412
    },
    "melbands_crest": {
        "dmean": 4.16250228882,
        "dmean2": 6.85446214676,
        "dvar": 14.012263298,
        "dvar2": 34.7305374146,
        "max": 32.3290634155,
        "mean": 14.4184646606,
        "median": 13.8175706863,
        "min": 3.96674561501,
        "var": 29.5516719818
    },
    "melbands_flatness_db": {
        "dmean": 0.0365019515157,
        "dmean2": 0.0527988858521,
        "dvar": 0.00132516433951,
        "dvar2": 0.00268156849779,
        "max": 0.454147070646,
        "mean": 0.215227350593,
        "median": 0.214405804873,
        "min": 0.0326614007354,
        "var": 0.005288944114
    },
    "melbands_kurtosis": {
        "dmean": 6.02503871918,
        "dmean2": 9.79808044434,
        "dvar": 67.0631103516,
        "dvar2": 165.910308838,
        "max": 94.3844528198,
        "mean": 8.75042247772,
        "median": 5.90397930145,
        "min": -1.79950356483,
        "var": 98.0146408081
    },
    "melbands_skewness": {
        "dmean": 0.813165724277,
        "dmean2": 1.2717063427,
        "dvar": 0.63228559494,
        "dvar2": 1.51072597504,
        "max": 8.47776985168,
        "mean": 1.96285414696,
        "median": 1.84081435204,
        "min": -1.3563644886,
        "var": 1.64795863628
    },
    "melbands_spread": {
        "dmean": 8.49204063416,
        "dmean2": 13.1098966599,
        "dvar": 206.40447998,
        "dvar2": 427.658935547,
        "max": 255.190612793,
        "mean": 20.5629177094,
        "median": 15.0536699295,
        "min": 2.60416054726,
        "var": 503.437927246
    },
    "pitch_salience": {
        "dmean": 0.0899365693331,
        "dmean2": 0.141729980707,
        "dvar": 0.0066050211899,
        "dvar2": 0.0151108214632,
        "max": 0.872324943542,
        "mean": 0.559576094151,
        "median": 0.55681425333,
        "min": 0.183840230107,
        "var": 0.0141763351858
    },
    "silence_rate_20dB": {
        "dmean": 0,
        "dmean2": 0,
        "dvar": 0,
        "dvar2": 0,
        "max": 1,
        "mean": 1,
        "median": 1,
        "min": 1,
        "var": 0
    },
    "silence_rate_30dB": {
        "dmean": 0.00464396271855,
        "dmean2": 0.00929511990398,
        "dvar": 0.00462231319398,
        "dvar2": 0.0138559537008,
        "max": 1,
        "mean": 0.997679829597,
        "median": 1,
        "min": 0,
        "var": 0.00231486046687
    },
    "silence_rate_60dB": {
        "dmean": 0.0572755411267,
        "dmean2": 0.114639811218,
        "dvar": 0.053995102644,
        "dvar2": 0.115439936519,
        "max": 1,
        "mean": 0.120649650693,
        "median": 0,
        "min": 0,
        "var": 0.106093212962
    },
    "spectral_centroid": {
        "dmean": 305.291015625,
        "dmean2": 454.592468262,
        "dvar": 150956.984375,
        "dvar2": 271694.90625,
        "max": 5795.42041016,
        "mean": 1240.47888184,
        "median": 1040.09338379,
        "min": 290.595977783,
        "var": 575144.5625
    },
    "spectral_complexity": {
        "dmean": 4.47136211395,
        "dmean2": 6.59256410599,
        "dvar": 25.9890460968,
        "dvar2": 49.6247062683,
        "max": 50,
        "mean": 16.7045631409,
        "median": 16,
        "min": 0,
        "var": 101.510559082
    },
    "spectral_decrease": {
        "dmean": 2.89887913674e-09,
        "dmean2": 4.21962598196e-09,
        "dvar": 1.35426208411e-17,
        "dvar2": 2.89699032246e-17,
        "max": -2.36265017967e-11,
        "mean": -7.85123965841e-09,
        "median": -6.80310208168e-09,
        "min": -3.47471917905e-08,
        "var": 4.26895771127e-17
    },
    "spectral_energy": {
        "dmean": 0.0115163810551,
        "dmean2": 0.0166465565562,
        "dvar": 0.00020453070465,
        "dvar2": 0.000435613270383,
        "max": 0.134707003832,
        "mean": 0.0316033288836,
        "median": 0.0275486279279,
        "min": 0.000106333078293,
        "var": 0.000665819679853
    },
    "spectral_energyband_high": {
        "dmean": 0.000618714198936,
        "dmean2": 0.000909568974748,
        "dvar": 1.94812923837e-06,
        "dvar2": 3.5916627894e-06,
        "max": 0.0121972123161,
        "mean": 0.000805234594736,
        "median": 0.00017183010641,
        "min": 3.14458998218e-06,
        "var": 3.00434317069e-06
    },
    "spectral_energyband_low": {
        "dmean": 0.00584883010015,
        "dmean2": 0.00875330157578,
        "dvar": 0.000161021773238,
        "dvar2": 0.000364402250852,
        "max": 0.111524298787,
        "mean": 0.00958178006113,
        "median": 0.000550529686734,
        "min": 6.6369659768e-11,
        "var": 0.000278347084532
    },
    "spectral_energyband_middle_high": {
        "dmean": 0.00290339509957,
        "dmean2": 0.00454849610105,
        "dvar": 1.81304585567e-05,
        "dvar2": 4.25511789217e-05,
        "max": 0.0503973327577,
        "mean": 0.00564952194691,
        "median": 0.00368397333659,
        "min": 5.9963484091e-05,
        "var": 3.71416899725e-05
    },
    "spectral_energyband_middle_low": {
        "dmean": 0.00781841948628,
        "dmean2": 0.012578593567,
        "dvar": 0.000107018953713,
        "dvar2": 0.000283803907223,
        "max": 0.0877133756876,
        "mean": 0.0166695527732,
        "median": 0.0138228889555,
        "min": 7.35196863388e-06,
        "var": 0.000218727363972
    },
    "spectral_entropy": {
        "dmean": 0.23365701735,
        "dmean2": 0.334592550993,
        "dvar": 0.0555444769561,
        "dvar2": 0.0968406647444,
        "max": 8.73684024811,
        "mean": 7.36711597443,
        "median": 7.36014699936,
        "min": 6.0376906395,
        "var": 0.237663701177
    },
    "spectral_flux": {
        "dmean": 0.0347722657025,
        "dmean2": 0.0504963099957,
        "dvar": 0.00128609652165,
        "dvar2": 0.0024133475963,
        "max": 0.342934072018,
        "mean": 0.0992654934525,
        "median": 0.090431727469,
        "min": 0.00515996431932,
        "var": 0.00369325932115
    },
    "spectral_kurtosis": {
        "dmean": 2.84246683121,
        "dmean2": 4.5552277565,
        "dvar": 13.9349393845,
        "dvar2": 34.1322288513,
        "max": 63.2232131958,
        "mean": 6.00194311142,
        "median": 4.66382169724,
        "min": -1.10536658764,
        "var": 36.5011978149
    },
    "spectral_rms": {
        "dmean": 0.00102670805063,
        "dmean2": 0.00145172735211,
        "dvar": 1.16873547995e-06,
        "dvar2": 2.32490924645e-06,
        "max": 0.0114639196545,
        "mean": 0.00495749898255,
        "median": 0.00518427556381,
        "min": 0.000322086300002,
        "var": 6.2557446654e-06
    },
    "spectral_rolloff": {
        "dmean": 562.196960449,
        "dmean2": 936.286499023,
        "dvar": 1005071.9375,
        "dvar2": 2009855.375,
        "max": 9819.140625,
        "mean": 1436.09729004,
        "median": 968.994140625,
        "min": 64.599609375,
        "var": 2197022.5
    },
    "spectral_skewness": {
        "dmean": 0.35458651185,
        "dmean2": 0.53481566906,
        "dvar": 0.121433094144,
        "dvar2": 0.272772461176,
        "max": 5.37061214447,
        "mean": 1.68019318581,
        "median": 1.62307631969,
        "min": -0.11851067096,
        "var": 0.462302267551
    },
    "spectral_spread": {
        "dmean": 615652.6875,
        "dmean2": 898417.5,
        "dvar": 710834978816,
        "dvar2": 1.21448969011e+12,
        "max": 15296037,
        "mean": 3854510.75,
        "median": 3580965.25,
        "min": 1008693.6875,
        "var": 2.3046914048e+12
    },
    "spectral_strongpeak": {
        "dmean": 0.643467962742,
        "dmean2": 1.08399379253,
        "dvar": 0.704994142056,
        "dvar2": 1.68462264538,
        "max": 7.5384850502,
        "mean": 1.21558344364,
        "median": 0.739121317863,
        "min": 0,
        "var": 1.2612862587
    },
    "zerocrossingrate": {
        "dmean": 0.0137686245143,
        "dmean2": 0.0149283194914,
        "dvar": 0.000338416808518,
        "dvar2": 0.000341075123288,
        "max": 0.35302734375,
        "mean": 0.0572686307132,
        "median": 0.04443359375,
        "min": 0.01025390625,
        "var": 0.00189578835852
    },
    "barkbands": {
        "dmean": [0.000115864408144, 0.00341443088837, 0.00273230555467, 0.00179945863783, 0.00156235229224, 0.00205597397871, 0.0027219390031, 0.00141516106669, 0.00188675231766, 0.000974906841293, 0.00100776262116, 0.000537653570063, 0.000571577635128, 0.000235430372413, 0.000263513735263, 0.000348233821569, 0.000192071223864, 0.000156332898769, 0.000144491699757, 0.000132050801767, 0.000110641223728, 0.000115768278192, 0.000151536834892, 0.000151292115333, 6.47050692351e-05, 9.50849607761e-06, 8.55467732208e-08],
        "dmean2": [0.000169112303411, 0.00495208147913, 0.00483776256442, 0.00327550596558, 0.00274723605253, 0.00319230020978, 0.00431282678619, 0.00227984716184, 0.00292389467359, 0.00159785256255, 0.00158758868929, 0.00088744162349, 0.000949373177718, 0.000381556688808, 0.00043694244232, 0.000602612271905, 0.000323634885717, 0.000256539147813, 0.000224979579798, 0.000215121908695, 0.000171938067069, 0.000173375650775, 0.000221274909563, 0.000220372734475, 9.29754969548e-05, 1.49722764036e-05, 1.54729008273e-07],
        "dvar": [1.42512476486e-07, 4.60887640656e-05, 8.28870761325e-05, 3.52004972228e-05, 9.32176862989e-06, 1.33483845275e-05, 2.07252705877e-05, 8.02113936516e-06, 8.23922255222e-06, 3.61574916496e-06, 6.22368406766e-06, 1.09813640847e-06, 1.04949299384e-06, 1.68752009699e-07, 3.53331017777e-07, 5.93827962803e-07, 2.15784268676e-07, 9.97206583975e-08, 5.92533204724e-08, 5.7389932806e-08, 4.78805937121e-08, 7.61645821967e-08, 1.57469244755e-07, 1.83509271778e-07, 3.37142012086e-08, 4.82068773788e-10, 1.86061439151e-13],
        "dvar2": [2.87403793209e-07, 9.85287842923e-05, 0.00022425656789, 0.000100531164207, 2.60113883996e-05, 2.88934043056e-05, 4.46917474619e-05, 2.01326729439e-05, 1.80946826731e-05, 8.88783506525e-06, 1.32057130031e-05, 2.69829206445e-06, 2.57511260315e-06, 4.10935228956e-07, 9.33412479753e-07, 1.63603419878e-06, 6.09560572684e-07, 2.60485762738e-07, 1.37627296226e-07, 1.3771098395e-07, 1.11698767569e-07, 1.58564375852e-07, 2.95499347658e-07, 3.57191481726e-07, 6.73550815122e-08, 1.13763931608e-09, 5.20391184571e-13],
        "max": [0.00832491368055, 0.0615061149001, 0.0782880336046, 0.0539806932211, 0.0270283836871, 0.0487886220217, 0.045420575887, 0.0291823558509, 0.02498180978, 0.0197482444346, 0.0399144813418, 0.0115537485108, 0.0122504923493, 0.00597452139482, 0.0100335469469, 0.0137790394947, 0.00630640983582, 0.00601859670132, 0.00249992543831, 0.00389306270517, 0.00265357573517, 0.00429393816739, 0.00475323107094, 0.00409128516912, 0.00175753538497, 0.000206834476558, 6.55557732898e-06],
        "mean": [0.000200158479856, 0.00600397679955, 0.00249988608994, 0.00149434409104, 0.00201402953826, 0.00317003414966, 0.00478786416352, 0.00183549814392, 0.00288201496005, 0.0012316768989, 0.00130574172363, 0.000756841734983, 0.000813741236925, 0.000332076859195, 0.000338468991686, 0.000394794304157, 0.000234456252656, 0.000193645231775, 0.000208266472328, 0.000198982161237, 0.000142681121361, 0.000143307290273, 0.00016805222549, 0.000163309712661, 7.95658997959e-05, 9.88054398476e-06, 5.62121300618e-08],
        "median": [3.26885492541e-06, 4.17325936724e-05, 4.1884581151e-05, 5.8682388044e-05, 0.000729019346181, 0.000963978935033, 0.00133304810151, 0.000549736490939, 0.0012167309178, 0.000406037870562, 0.000461762829218, 0.000265757698799, 0.000334277981892, 0.000170675397385, 0.0001480376377, 0.000165703473613, 0.000100586825283, 7.10324020474e-05, 7.88812758401e-05, 8.28324336908e-05, 4.65926495963e-05, 2.21297559619e-05, 1.31997167045e-05, 9.37156801228e-06, 4.99817724631e-06, 8.27537917303e-07, 4.76029604624e-10],
        "min": [2.5897735562e-13, 1.5555792765e-11, 9.32631749606e-12, 5.75039078854e-11, 1.44542475766e-08, 3.20463655612e-08, 2.39973623195e-08, 2.46302676032e-07, 1.32499417305e-06, 2.64484043555e-07, 1.83260885933e-06, 7.21018125205e-07, 1.99951477953e-06, 1.94889798877e-06, 1.77499629217e-07, 7.54117536417e-07, 4.17252067564e-07, 3.0481135127e-07, 1.0136726587e-06, 8.60220836785e-07, 8.28398697195e-07, 3.11965031585e-08, 2.428601098e-09, 4.4692468476e-11, 8.95672633283e-11, 8.38405300047e-12, 5.27775869882e-12],
        "var": [3.97306735067e-07, 0.000105955048639, 5.8507295762e-05, 2.23208353418e-05, 1.37280358103e-05, 3.28212372551e-05, 5.69139192521e-05, 1.27103940031e-05, 1.77190922841e-05, 4.73752334074e-06, 9.09493883228e-06, 1.56104965754e-06, 1.55334885221e-06, 2.42747375978e-07, 3.85957036997e-07, 5.492149171e-07, 2.11209467693e-07, 1.19673089216e-07, 9.79806813461e-08, 9.26321348516e-08, 6.63943708901e-08, 1.05988576138e-07, 2.23183405978e-07, 2.49419457532e-07, 5.26643937349e-08, 5.61688862089e-10, 1.12514212086e-13]
    },
    "erbbands": {
        "dmean": [0.0881180688739, 0.837131202221, 2.86315774918, 4.92076969147, 5.22463560104, 5.53566026688, 8.35207462311, 21.8765602112, 28.1973686218, 46.6255722046, 23.3572502136, 43.3907928467, 38.5928764343, 31.3020572662, 28.8077297211, 20.9956188202, 25.3693161011, 12.9800262451, 13.3643789291, 15.3583669662, 14.948554039, 11.2726860046, 9.73275852203, 6.80235433578, 6.90427350998, 6.34256505966, 4.59040355682, 4.24713134766, 4.19421100616, 4.00156402588, 4.47004842758, 3.57758259773, 2.3861181736, 1.0220348835, 0.299423545599, 0.0598754957318, 0.0168621595949, 0.0015573927667, 4.6492958063e-05, 1.59788778546e-05],
        "dmean2": [0.133418142796, 1.19634878635, 4.78554582596, 8.83457565308, 9.56106853485, 9.49254798889, 13.9854869843, 33.4533004761, 46.4469108582, 73.2057266235, 37.7871932983, 67.5106048584, 62.0669403076, 49.605670929, 45.1561965942, 34.9636421204, 42.1895751953, 20.9638309479, 22.0820922852, 26.1427364349, 25.4322719574, 19.127828598, 16.1063652039, 10.6501111984, 10.9566230774, 10.3051795959, 7.30828666687, 6.53262138367, 6.34814929962, 5.82606172562, 6.53859186172, 5.30751276016, 3.43025135994, 1.48284971714, 0.470103234053, 0.0942983403802, 0.0266366638243, 0.00253573944792, 7.114627806e-05, 2.25785806833e-05],
        "dvar": [0.0370448380709, 2.86360430717, 78.1783981323, 247.986236572, 225.769210815, 95.4070739746, 213.769424438, 1781.69799805, 2998.50366211, 8649.53027344, 2187.85009766, 4534.47460938, 5087.15917969, 5458.29101562, 3776.20019531, 1544.08911133, 1934.98120117, 624.675354004, 534.378601074, 1038.68945312, 1028.41784668, 766.348876953, 333.989807129, 216.849334717, 141.983947754, 136.679885864, 76.3565444946, 89.1281738281, 109.030799866, 90.5910415649, 139.426681519, 107.332191467, 48.4988288879, 8.8235206604, 0.62733566761, 0.0191707406193, 0.00168247695547, 1.85999142559e-05, 1.31377069224e-08, 4.20327522788e-10],
        "dvar2": [0.0870454236865, 5.98051261902, 204.747039795, 691.436462402, 647.096130371, 262.601257324, 540.21875, 3855.97949219, 6683.52734375, 20544.5214844, 5283.74365234, 9983.69628906, 12138.8535156, 12707.9951172, 8399.52636719, 3709.66992188, 4777.05517578, 1536.6895752, 1370.60058594, 2780.48876953, 2807.109375, 2148.78735352, 867.436584473, 496.152832031, 348.77545166, 322.12487793, 180.197280884, 206.123718262, 231.193313599, 174.72668457, 271.435821533, 211.026245117, 99.2211074829, 17.2539901733, 1.37224936485, 0.0428279712796, 0.00411272933707, 4.54990076832e-05, 3.15461008427e-08, 8.70605365577e-10],
        "max": [1.82913553715, 15.418718338, 74.3043060303, 130.957931519, 111.293174744, 115.316101074, 169.945556641, 587.908813477, 644.01385498, 953.034973145, 780.91217041, 630.912597656, 752.729797363, 1298.93127441, 1036.84960938, 388.496429443, 569.405883789, 451.678710938, 286.718414307, 381.666503906, 404.160827637, 376.039093018, 234.450180054, 293.202575684, 154.384078979, 193.696655273, 110.893249512, 156.307479858, 185.311599731, 97.4516448975, 136.9556427, 109.172981262, 66.0571670532, 27.1613082886, 6.88400745392, 1.39156866074, 0.408686935902, 0.0434708446264, 0.00122521503363, 0.000224077186431],
        "mean": [0.161957219243, 1.37712812424, 2.83364629745, 4.52173042297, 4.72342681885, 7.43291091919, 11.825343132, 35.0844497681, 48.216632843, 81.69871521, 35.2236671448, 66.5617752075, 55.4592590332, 43.1706314087, 40.6206245422, 32.3713722229, 38.1722602844, 20.0220546722, 20.4853534698, 19.1759681702, 18.3655929565, 13.8056697845, 11.7798671722, 10.2179965973, 10.2845449448, 9.51976013184, 6.16624450684, 5.44644927979, 5.17729473114, 4.81478261948, 4.83716011047, 3.71069049835, 2.64880800247, 1.22029948235, 0.356642395258, 0.0673966482282, 0.0170939620584, 0.00140622071922, 5.66322160012e-05, 4.09082786064e-05],
        "median": [0.00101033551618, 0.0129520678893, 0.071864195168, 0.167939141393, 0.694271922112, 3.03914761543, 4.62958240509, 9.12304878235, 18.2517127991, 23.0419235229, 15.8600587845, 30.4960136414, 24.6342277527, 15.9705982208, 19.1527462006, 14.3044099808, 15.374671936, 11.1036643982, 11.0603618622, 9.55789375305, 8.83317184448, 6.29731178284, 4.56304550171, 4.07137584686, 3.97623467445, 3.87990427017, 2.19895339012, 1.76085996628, 0.925645649433, 0.498857349157, 0.380531549454, 0.215511232615, 0.146671891212, 0.0730600133538, 0.0248230732977, 0.0058411937207, 0.0014618281275, 8.35782266222e-05, 1.9287559553e-05, 3.35342119797e-05],
        "min": [1.20729404252e-09, 5.83340087346e-09, 2.21252758337e-08, 2.1894918234e-07, 4.02170098823e-06, 3.91525136365e-05, 0.000243345217314, 0.000403282901971, 0.000347792141838, 0.00247400766239, 0.011681788601, 0.0339295566082, 0.0308606363833, 0.0765893831849, 0.16861321032, 0.118647970259, 0.108481183648, 0.0834119617939, 0.102982997894, 0.0654626637697, 0.0724039077759, 0.0530294217169, 0.0559806078672, 0.0594705939293, 0.0263376776129, 0.0379990823567, 0.0255579408258, 0.0268211644143, 0.0026629937347, 0.000304785440676, 9.11140014068e-05, 3.84965278499e-05, 4.00044664275e-05, 2.05498363357e-05, 1.74517153937e-05, 1.07232444861e-05, 1.17195929761e-06, 2.02358251045e-07, 9.7894819362e-08, 1.48545012735e-07],
        "var": [0.0893750712276, 5.98631191254, 62.4116744995, 168.205383301, 162.410507202, 159.67149353, 346.041931152, 4581.34716797, 6836.17382812, 22451.1289062, 3913.23388672, 9504.25, 7757.62158203, 8667.00097656, 5042.27392578, 2405.47631836, 3065.58349609, 839.773803711, 817.872497559, 990.249816895, 1059.98352051, 698.566711426, 394.508300781, 344.436004639, 224.198623657, 228.840484619, 106.941970825, 116.06728363, 141.578445435, 133.459747314, 192.517776489, 136.288497925, 66.5641098022, 13.523683548, 0.924959421158, 0.0262994915247, 0.00186727091204, 1.83005377039e-05, 1.40342892863e-08, 1.23937526908e-09]
    },
    "gfcc": {
        "mean": [-36.1226387024, 96.1937942505, -156.713500977, 7.87408256531, -80.301322937, 2.88871216774, -38.0644645691, 3.71772170067, -21.0879440308, 1.99423921108, -9.84737110138, -3.62788581848, -4.09219551086],
        "cov": [[7360.47216797, 784.070983887, 1887.60839844, 1184.45117188, 576.237792969, 686.174133301, 418.859802246, 715.347167969, 547.440917969, 480.396392822, 278.841247559, 330.913970947, -87.502532959], [784.070983887, 3060.47949219, 689.645629883, 269.930480957, 1055.8527832, -525.709228516, 593.192932129, -137.860626221, 228.349334717, -55.0431632996, 51.3457946777, -236.565963745, 33.2163085938], [1887.60839844, 689.645629883, 1483.30090332, 681.221496582, 434.059051514, 401.065551758, 128.440155029, 338.306854248, 219.817169189, 202.025619507, 58.8622665405, 99.3007354736, -95.3319702148], [1184.45117188, 269.930480957, 681.221496582, 868.389343262, 324.835968018, 365.448913574, 257.486999512, 184.268386841, 195.543258667, 102.548377991, 57.9836387634, 71.3803024292, -56.4804267883], [576.237792969, 1055.8527832, 434.059051514, 324.835968018, 668.879272461, 36.6326904297, 345.905548096, 69.6833267212, 143.446792603, 65.8663330078, 30.4767189026, -16.7212047577, -22.9095535278], [686.174133301, -525.709228516, 401.065551758, 365.448913574, 36.6326904297, 598.229553223, 62.7724380493, 213.499664307, 75.6490936279, 119.028846741, 33.6357650757, 105.287033081, -40.258518219], [418.859802246, 593.192932129, 128.440155029, 257.486999512, 345.905548096, 62.7724380493, 425.636810303, 70.2171173096, 165.352539062, 77.756652832, 61.8040046692, 21.5745315552, 0.197890982032], [715.347167969, -137.860626221, 338.306854248, 184.268386841, 69.6833267212, 213.499664307, 70.2171173096, 298.09552002, 130.265182495, 124.926048279, 74.2836761475, 97.7671585083, -12.0302505493], [547.440917969, 228.349334717, 219.817169189, 195.543258667, 143.446792603, 75.6490936279, 165.352539062, 130.265182495, 249.368804932, 149.738769531, 110.07219696, 80.3090591431, -0.693771600723], [480.396392822, -55.0431632996, 202.025619507, 102.548377991, 65.8663330078, 119.028846741, 77.756652832, 124.926048279, 149.738769531, 249.295913696, 123.896331787, 140.780761719, 3.80885529518], [278.841247559, 51.3457946777, 58.8622665405, 57.9836387634, 30.4767189026, 33.6357650757, 61.8040046692, 74.2836761475, 110.07219696, 123.896331787, 175.708770752, 94.8292236328, 42.8140411377], [330.913970947, -236.565963745, 99.3007354736, 71.3803024292, -16.7212047577, 105.287033081, 21.5745315552, 97.7671585083, 80.3090591431, 140.780761719, 94.8292236328, 201.273101807, 35.5243110657], [-87.502532959, 33.2163085938, -95.3319702148, -56.4804267883, -22.9095535278, -40.258518219, 0.197890982032, -12.0302505493, -0.693771600723, 3.80885529518, 42.8140411377, 35.5243110657, 115.615631104]],
        "icov": [[0.000238846914726, -0.00013544531248, -0.000107692743768, -0.000138135408633, 0.000184871823876, -7.81525668572e-05, 1.16169221656e-05, -0.000307412352413, -7.89813839219e-06, -9.55532450462e-05, 3.72084286937e-06, -0.000195311324205, 0.000102547877759], [-0.00013544531248, 0.00341670773923, -0.00238613691181, 0.000932163035031, -0.00312716886401, 0.00303609482944, -0.00242714257911, 0.00250421254896, -0.0013419954339, 0.00148832402192, -0.00184514967259, 0.0030329534784, -0.00219970475882], [-0.000107692743768, -0.00238613691181, 0.00354136643, -0.00146166060586, 0.00104978703894, -0.00228858413175, 0.00301505741663, -0.00264306250028, 0.000777119537815, -0.0016556782648, 0.00171603739727, -0.00191656500101, 0.00195360090584], [-0.000138135408633, 0.000932163035031, -0.00146166060586, 0.00302159041166, -0.00101012317464, -0.000342476880178, -0.00157364993356, 0.00139247532934, -0.0013918208424, 0.00169152021408, -0.000829926633742, 0.000347147928551, -0.000136714836117], [0.000184871823876, -0.00312716886401, 0.00104978703894, -0.00101012317464, 0.00647737644613, -0.00216072541662, -0.000610652030446, -0.00195962330326, 0.00156142492779, -0.00170709448867, 0.00184643932153, -0.00206195167266, 0.00175416911952], [-7.81525668572e-05, 0.00303609482944, -0.00228858413175, -0.000342476880178, -0.00216072541662, 0.00582733331248, -0.0024913046509, 0.000640921352897, 1.09001393866e-05, 0.000376185111236, -0.00109084951691, 0.00220421119593, -0.0015995032154], [1.16169221656e-05, -0.00242714257911, 0.00301505741663, -0.00157364993356, -0.000610652030446, -0.0024913046509, 0.00761575298384, -0.0020396001637, -0.00140342384111, -0.00113685999531, 0.00134271243587, -0.00188495591283, 0.0013206647709], [-0.000307412352413, 0.00250421254896, -0.00264306250028, 0.00139247532934, -0.00195962330326, 0.000640921352897, -0.0020396001637, 0.00862990878522, -0.00292472005822, 0.00127818761393, -0.00190361787099, 0.0012118674349, -0.00144198036287], [-7.89813839219e-06, -0.0013419954339, 0.000777119537815, -0.0013918208424, 0.00156142492779, 1.09001393866e-05, -0.00140342384111, -0.00292472005822, 0.0106185078621, -0.00405281083658, -0.00175808009226, -0.000575816258788, 0.00137689930853], [-9.55532450462e-05, 0.00148832402192, -0.0016556782648, 0.00169152021408, -0.00170709448867, 0.000376185111236, -0.00113685999531, 0.00127818761393, -0.00405281083658, 0.0116343069822, -0.00430345488712, -0.00340512138791, 0.00112118467223], [3.72084286937e-06, -0.00184514967259, 0.00171603739727, -0.000829926633742, 0.00184643932153, -0.00109084951691, 0.00134271243587, -0.00190361787099, -0.00175808009226, -0.00430345488712, 0.012427999638, -0.00297271064483, -0.00222950987518], [-0.000195311324205, 0.0030329534784, -0.00191656500101, 0.000347147928551, -0.00206195167266, 0.00220421119593, -0.00188495591283, 0.0012118674349, -0.000575816258788, -0.00340512138791, -0.00297271064483, 0.0128012606874, -0.00466543063521], [0.000102547877759, -0.00219970475882, 0.00195360090584, -0.000136714836117, 0.00175416911952, -0.0015995032154, 0.0013206647709, -0.00144198036287, 0.00137689930853, 0.00112118467223, -0.00222950987518, -0.00466543063521, 0.0127717889845]]
    },
    "melbands": {
        "dmean": [0.000862601853441, 0.00130090652965, 0.000865315494593, 0.000358204619261, 0.000297742895782, 0.00046467964421, 0.000451736414107, 0.000469392747618, 0.000183659241884, 0.000295531644952, 0.000194976571947, 0.000125110876979, 0.000117065290397, 5.10698300786e-05, 6.71741800033e-05, 5.96602803853e-05, 2.13510174945e-05, 2.30284513236e-05, 1.99209298444e-05, 2.81051925413e-05, 1.52003713083e-05, 1.2684829926e-05, 9.37160984904e-06, 7.07316985427e-06, 5.74174828216e-06, 6.12304438619e-06, 4.48194214187e-06, 4.43686030849e-06, 2.91924834528e-06, 2.52328845818e-06, 2.74508556686e-06, 2.40329654844e-06, 2.31540843743e-06, 2.29225065596e-06, 2.6121360861e-06, 2.56238899965e-06, 2.07407447306e-06, 1.90565208413e-06, 1.38260156746e-06, 7.08567824859e-07],
        "dmean2": [0.00127241085283, 0.00200324738398, 0.00153519760352, 0.000636349548586, 0.00049539731117, 0.000725812104065, 0.000736035872251, 0.000740323273931, 0.000297311955364, 0.00045662978664, 0.000313526601531, 0.000198561931029, 0.000181101378985, 8.08922268334e-05, 0.000114133581519, 9.74233771558e-05, 3.42850908055e-05, 3.73790535377e-05, 3.29917893396e-05, 4.87921606691e-05, 2.55769045907e-05, 2.13799721678e-05, 1.58393686434e-05, 1.16996598081e-05, 9.02984902496e-06, 1.00160314105e-05, 7.43165855965e-06, 7.21510241419e-06, 4.71514567835e-06, 3.96409132009e-06, 4.24172139901e-06, 3.71170381186e-06, 3.4779982343e-06, 3.32549461746e-06, 3.84915483664e-06, 3.87681484426e-06, 3.05337493955e-06, 2.793748763e-06, 2.02994488063e-06, 1.05541016637e-06],
        "dvar": [3.00321312352e-06, 1.17029467219e-05, 7.07763047103e-06, 6.11890300206e-07, 2.55942779859e-07, 7.14167697424e-07, 6.03084458817e-07, 8.42358474529e-07, 1.56096902515e-07, 2.0915422283e-07, 1.30651329755e-07, 8.01245150228e-08, 8.04506754548e-08, 8.57071214e-09, 2.07327488511e-08, 1.34657840434e-08, 1.76023851051e-09, 1.5385080987e-09, 3.00641467277e-09, 4.2490846397e-09, 1.13423614945e-09, 9.01833441258e-10, 3.33984728762e-10, 1.97318952844e-10, 1.7881814085e-10, 1.28043256553e-10, 6.68822427996e-11, 7.96007565418e-11, 3.28727739474e-11, 2.2271054792e-11, 4.64426795632e-11, 4.82215448128e-11, 2.80984020773e-11, 3.22345379555e-11, 4.79403773623e-11, 5.70234137687e-11, 3.47988894644e-11, 3.19460222165e-11, 1.63448022478e-11, 4.03736289192e-12],
        "dvar2": [6.54216864859e-06, 2.86759550363e-05, 1.96051969397e-05, 1.76122227913e-06, 6.50566221339e-07, 1.62208925758e-06, 1.32710704293e-06, 2.05517380891e-06, 3.67759241726e-07, 4.58417417804e-07, 3.10926964175e-07, 1.90088911722e-07, 1.69265376826e-07, 2.19204547847e-08, 5.04150499125e-08, 3.21357234156e-08, 4.47874981546e-09, 3.78124198619e-09, 8.01523203364e-09, 1.17632632524e-08, 3.04918867933e-09, 2.53149812224e-09, 8.63473625934e-10, 5.21016285671e-10, 4.07735234464e-10, 3.18613802008e-10, 1.67723349098e-10, 1.85672532904e-10, 7.98126079116e-11, 5.23385015883e-11, 1.09467691856e-10, 1.12999366808e-10, 5.60779547798e-11, 6.40146199937e-11, 9.6585767162e-11, 1.16214211865e-10, 6.94605969964e-11, 6.97419344498e-11, 3.10068186404e-11, 9.07326904581e-12],
        "max": [0.0159937217832, 0.0303479451686, 0.0213507041335, 0.00604710448533, 0.00569473206997, 0.011543020606, 0.0084497705102, 0.00913965702057, 0.00654704077169, 0.00451858714223, 0.00373852206394, 0.00485258549452, 0.00512224528939, 0.00129046558868, 0.00194692506921, 0.00136727269273, 0.000699141004588, 0.000611908326391, 0.00100193987601, 0.00131765357219, 0.000468006765004, 0.00038751331158, 0.000188192221685, 0.000230091594858, 0.000252185040154, 0.000161639560247, 8.11895515653e-05, 0.000179688984645, 7.65975564718e-05, 5.4821910453e-05, 0.000116300812806, 0.000148613296915, 4.46401900263e-05, 6.80251469021e-05, 8.8027183665e-05, 9.02580504771e-05, 6.4686537371e-05, 5.63517241972e-05, 4.30537038483e-05, 1.93263331312e-05],
        "mean": [0.00159856909886, 0.0016591589665, 0.000791801547166, 0.00041189652984, 0.000430067884736, 0.000750982842874, 0.000792926002759, 0.000793826009613, 0.000262143003056, 0.000445497658802, 0.000269795506028, 0.000168102094904, 0.000154079534695, 7.57433299441e-05, 9.67490777839e-05, 7.99825647846e-05, 3.05278663291e-05, 3.37351266353e-05, 2.41528960032e-05, 3.14003082167e-05, 1.84092496056e-05, 1.53019409481e-05, 1.05185035864e-05, 8.79474919202e-06, 8.13419410406e-06, 8.16648935142e-06, 6.73500699122e-06, 6.27535519016e-06, 3.79178231924e-06, 3.32397348757e-06, 3.2384041333e-06, 2.95210998047e-06, 2.68486883215e-06, 2.66372717306e-06, 2.77580829788e-06, 2.67489417638e-06, 2.10013467949e-06, 2.01095031116e-06, 1.55451346018e-06, 8.05700551609e-07],
        "median": [1.01511031971e-05, 4.18745585193e-05, 3.90727327613e-05, 0.000139284689794, 0.00018667866243, 0.000203861345653, 0.000278941384749, 0.000214077896089, 9.7865369753e-05, 0.000185950280866, 0.000109767832328, 5.5090564274e-05, 6.07472102274e-05, 3.86626597901e-05, 3.25766995957e-05, 3.11759722535e-05, 1.62156884471e-05, 1.72506788658e-05, 1.11509880298e-05, 1.24458620121e-05, 8.29385771794e-06, 6.43542261969e-06, 3.78394247491e-06, 3.32657327817e-06, 3.00010106002e-06, 2.61809486801e-06, 2.8129659313e-06, 2.26462680075e-06, 1.31032538775e-06, 9.39534118061e-07, 9.69454390543e-07, 5.34867581337e-07, 2.8450034506e-07, 2.47418967092e-07, 2.12773414887e-07, 1.7231373306e-07, 1.12716691092e-07, 1.01927930984e-07, 7.17377233173e-08, 5.24434540239e-08],
        "min": [6.33570192837e-12, 5.6848128635e-12, 3.03830433035e-11, 5.73421143901e-10, 5.52882051252e-09, 6.38595754054e-09, 4.70779504269e-09, 2.03143173394e-08, 5.17971443514e-08, 2.23622052431e-07, 1.30827729095e-07, 2.08903649934e-08, 3.36180789873e-07, 1.39835094615e-07, 1.06348835516e-07, 1.4846179397e-07, 9.91912258996e-08, 1.66971091176e-07, 1.4356386302e-08, 3.61159209206e-08, 5.89326951683e-08, 2.17302531524e-08, 2.58150425481e-08, 1.47646073145e-08, 9.28749788187e-09, 2.16723634594e-08, 4.04992572811e-09, 1.51449430774e-08, 1.72416463329e-08, 4.74841366227e-09, 2.09383754779e-09, 1.08477338223e-09, 5.50487155859e-11, 4.06681632814e-11, 3.43859732355e-11, 4.46019349926e-12, 4.78936931347e-13, 5.70479197193e-14, 8.34372718486e-14, 8.60985382382e-13],
