{
"highlevel": {
    "danceability": {
        "all": {
            "danceable": 0.822388529778,
            "not_danceable": 0.17761144042
        },
        "probability": 0.822388529778,
        "value": "danceable"
    },
    "gender": {
        "all": {
            "female": 0.326563119888,
            "male": 0.673436880112
        },
        "probability": 0.673436880112,
        "value": "male"
    },
    "genre_dortmund": {
        "all": {
            "alternative": 0.00353772751987,
            "blues": 0.109747163951,
            "electronic": 0.197592124343,
            "folkcountry": 0.0146841928363,
            "funksoulrnb": 0.0211374405771,
            "jazz": 0.305614322424,
            "pop": 0.0107640102506,
            "raphiphop": 0.328647315502,
            "rock": 0.00827570911497
        },
        "probability": 0.328647315502,
        "value": "raphiphop"
    },
    "genre_electronic": {
        "all": {
            "ambient": 0.113914370537,
            "dnb": 0.0203549396247,
            "house": 0.841035664082,
            "techno": 0.0168485119939,
            "trance": 0.00784654077142
        },
        "probability": 0.841035664082,
        "value": "house"
    },
    "genre_rosamerica": {
        "all": {
            "cla": 0.240390792489,
            "dan": 0.00979499332607,
            "hip": 0.182454183698,
            "jaz": 0.191904932261,
            "pop": 0.0179889239371,
            "rhy": 0.273777991533,
            "roc": 0.0115926144645,
            "spe": 0.0720955505967
        },
        "probability": 0.273777991533,
        "value": "rhy"
    },
    "genre_tzanetakis": {
        "all": {
            "blu": 0.0220095515251,
            "cla": 0.00507217692211,
            "cou": 0.0116442916915,
            "dis": 0.0241977758706,
            "hip": 0.488172918558,
            "jaz": 0.00577707821503,
            "met": 0.00823848508298,
            "pop": 0.0114215603098,
            "reg": 0.359503746033,
            "roc": 0.0639624074101
        },
        "probability": 0.488172918558,
        "value": "hip"
    },
    "ismir04_rhythm": {
        "all": {
            "ChaChaCha": 0.23033669591,
            "Jive": 0.0456875897944,
            "Quickstep": 0.088809967041,
            "Rumba-American": 0.0141555853188,
            "Rumba-International": 0.337861567736,
            "Rumba-Misc": 0.0507721789181,
            "Samba": 0.124734863639,
            "Tango": 0.021417722106,
            "VienneseWaltz": 0.0385189503431,
            "Waltz": 0.0477048903704
        },
        "probability": 0.337861567736,
        "value": "Rumba-International"
    },
    "mood_acoustic": {
        "all": {
            "acoustic": 0.0794809311628,
            "not_acoustic": 0.920519053936
        },
        "probability": 0.920519053936,
        "value": "not_acoustic"
    },
    "mood_aggressive": {
        "all": {
            "aggressive": 0.0382082052529,
            "not_aggressive": 0.961791813374
        },
        "probability": 0.961791813374,
        "value": "not_aggressive"
    },
    "mood_electronic": {
        "all": {
            "electronic": 0.833801746368,
            "not_electronic": 0.16619823873
        },
        "probability": 0.833801746368,
        "value": "electronic"
    },
    "mood_happy": {
        "all": {
            "happy": 0.0379843600094,
            "not_happy": 0.962015628815
        },
        "probability": 0.962015628815,
        "value": "not_happy"
    },
    "mood_party": {
        "all": {
            "not_party": 0.272613972425,
            "party": 0.727386057377
        },
        "probability": 0.727386057377,
        "value": "party"
    },
    "mood_relaxed": {
        "all": {
            "not_relaxed": 0.607882201672,
            "relaxed": 0.392117768526
        },
        "probability": 0.607882201672,
        "value": "not_relaxed"
    },
    "mood_sad": {
        "all": {
            "not_sad": 0.791928946972,
            "sad": 0.20807108283
        },
        "probability": 0.791928946972,
        "value": "not_sad"
    },
    "moods_mirex": {
        "all": {
            "Cluster1": 0.166174694896,
            "Cluster2": 0.410920321941,
            "Cluster3": 0.301199793816,
            "Cluster4": 0.0990706682205,
            "Cluster5": 0.0226344950497
        },
        "probability": 0.410920321941,
        "value": "Cluster2"
    },
    "timbre": {
        "all": {
            "bright": 0.117275893688,
            "dark": 0.882724106312
        },
        "probability": 0.882724106312,
        "value": "dark"
    },
    "tonal_atonal": {
        "all": {
            "atonal": 0.792199492455,
            "tonal": 0.207800537348
        },
        "probability": 0.792199492455,
        "value": "atonal"
    },
    "voice_instrumental": {
        "all": {
            "instrumental": 0.937925934792,
            "voice": 0.0620740652084
        },
        "probability": 0.937925934792,
        "value": "instrumental"
    }
},
"lowlevel": {
    "average_loudness": 0.9712023139,
    "barkbands_crest": {
        "dmean": 2.32283878326,
        "dmean2": 3.70696592331,
        "dvar": 6.40985536575,
        "dvar2": 14.8146343231,
        "max": 26.5942115784,
        "mean": 12.9169807434,
        "median": 12.1496934891,
        "min": 3.04852747917,
        "var": 35.3373260498
    },
    "barkbands_flatness_db": {
        "dmean": 0.0373345650733,
        "dmean2": 0.0514466203749,
        "dvar": 0.00210981373675,
        "dvar2": 0.00340940011665,
        "max": 0.668188393116,
        "mean": 0.303625226021,
        "median": 0.2875662148,
        "min": 0.106233738363,
        "var": 0.0152995539829
    },
    "barkbands_kurtosis": {
        "dmean": 30.2663784027,
        "dmean2": 47.2839851379,
        "dvar": 4675.44287109,
        "dvar2": 10824.1503906,
        "max": 960.754272461,
        "mean": 51.6528968811,
        "median": 15.3777236938,
        "min": -1.94639396667,
        "var": 8769.49902344
    },
    "barkbands_skewness": {
        "dmean": 1.62048137188,
        "dmean2": 2.33404827118,
        "dvar": 4.88498449326,
        "dvar2": 11.0799102783,
        "max": 25.1824016571,
        "mean": 3.75409722328,
        "median": 2.83699226379,
        "min": -2.19158864021,
        "var": 18.2495803833
    },
    "barkbands_spread": {
        "dmean": 5.89544439316,
        "dmean2": 8.73309993744,
        "dvar": 104.916145325,
        "dvar2": 204.937713623,
        "max": 74.727355957,
        "mean": 12.7484455109,
        "median": 5.74964284897,
        "min": 0.196320027113,
        "var": 230.832778931
    },
    "dissonance": {
        "dmean": 0.0193366352469,
        "dmean2": 0.0297335032374,
        "dvar": 0.000541476998478,
        "dvar2": 0.00118847598787,
        "max": 0.499780207872,
        "mean": 0.45814538002,
        "median": 0.469408720732,
        "min": 0.2312592417,
        "var": 0.0016224187566
    },
    "dynamic_complexity": 3.70444202423,
    "erbbands_crest": {
        "dmean": 2.83380079269,
        "dmean2": 4.33169651031,
        "dvar": 7.07875442505,
        "dvar2": 14.2153987885,
        "max": 29.4626522064,
        "mean": 12.467757225,
        "median": 11.2000694275,
        "min": 3.67839622498,
        "var": 32.3128967285
    },
    "erbbands_flatness_db": {
        "dmean": 0.0231312736869,
        "dmean2": 0.0342158339918,
        "dvar": 0.000804950599559,
        "dvar2": 0.00167197536211,
        "max": 0.451105564833,
        "mean": 0.252630025148,
        "median": 0.246117919683,
        "min": 0.138037130237,
        "var": 0.00226895464584
    },
    "erbbands_kurtosis": {
        "dmean": 6.01074504852,
        "dmean2": 9.30309200287,
        "dvar": 143.387329102,
        "dvar2": 304.972961426,
        "max": 156.368103027,
        "mean": 8.57403755188,
        "median": 2.02540922165,
        "min": -1.95105648041,
        "var": 300.541778564
    },
    "erbbands_skewness": {
        "dmean": 0.95471906662,
        "dmean2": 1.31826865673,
        "dvar": 1.30573499203,
        "dvar2": 2.40642237663,
        "max": 9.90790462494,
        "mean": 1.13254094124,
        "median": 0.605981051922,
        "min": -5.36303377151,
        "var": 5.50294494629
    },
    "erbbands_spread": {
        "dmean": 15.1119117737,
        "dmean2": 23.0007019043,
        "dvar": 468.405822754,
        "dvar2": 915.97454834,
        "max": 138.323364258,
        "mean": 36.0703468323,
        "median": 26.3485221863,
        "min": 0.93843048811,
        "var": 974.74786377
    },
    "hfc": {
        "dmean": 5.53904151917,
        "dmean2": 7.66252326965,
        "dvar": 148.515701294,
        "dvar2": 261.710601807,
        "max": 102.13848877,
        "mean": 9.7324256897,
        "median": 2.92376995087,
        "min": 0.186086967587,
        "var": 341.033508301
    },
    "melbands_crest": {
        "dmean": 2.75946545601,
        "dmean2": 3.96000146866,
        "dvar": 9.6251077652,
        "dvar2": 16.6290359497,
        "max": 34.8835792542,
        "mean": 19.2759361267,
        "median": 19.426738739,
        "min": 3.68839859962,
        "var": 69.5588150024
    },
    "melbands_flatness_db": {
        "dmean": 0.0487741529942,
        "dmean2": 0.0615074150264,
        "dvar": 0.00353681552224,
        "dvar2": 0.00538861798123,
        "max": 0.820549190044,
        "mean": 0.354024261236,
        "median": 0.350617796183,
        "min": 0.071662671864,
        "var": 0.0282687358558
    },
    "melbands_kurtosis": {
        "dmean": 48.6865463257,
        "dmean2": 76.0933609009,
        "dvar": 9002.92871094,
        "dvar2": 22873.2578125,
        "max": 768.572265625,
        "mean": 87.4632034302,
        "median": 30.6382408142,
        "min": -1.91623449326,
        "var": 17802.90625
    },
    "melbands_skewness": {
        "dmean": 1.88073015213,
        "dmean2": 2.86087965965,
        "dvar": 7.43505859375,
        "dvar2": 15.6482000351,
        "max": 20.3115139008,
        "mean": 4.919028759,
        "median": 3.55334043503,
        "min": -1.55989527702,
        "var": 24.1798591614
    },
    "melbands_spread": {
        "dmean": 9.87922859192,
        "dmean2": 13.9077720642,
        "dvar": 408.993560791,
        "dvar2": 715.550231934,
        "max": 161.718490601,
        "mean": 20.3005886078,
        "median": 4.07565689087,
        "min": 0.22926980257,
        "var": 920.83380127
    },
    "pitch_salience": {
        "dmean": 0.0785142183304,
        "dmean2": 0.117650479078,
        "dvar": 0.00860187411308,
        "dvar2": 0.0164155531675,
        "max": 0.843488633633,
        "mean": 0.394392073154,
        "median": 0.411025434732,
        "min": 0.0248260013759,
        "var": 0.0452498197556
    },
    "silence_rate_20dB": {
        "dmean": 0,
        "dmean2": 0,
        "dvar": 0,
        "dvar2": 0,
        "max": 1,
        "mean": 1,
        "median": 1,
        "min": 1,
        "var": 0
    },
    "silence_rate_30dB": {
        "dmean": 0.0170278642327,
        "dmean2": 0.0340821072459,
        "dvar": 0.0167378857732,
        "dvar2": 0.0453145541251,
        "max": 1,
        "mean": 0.989172458649,
        "median": 1,
        "min": 0,
        "var": 0.0107103409246
    },
    "silence_rate_60dB": {
        "dmean": 0.0688854455948,
        "dmean2": 0.137103021145,
        "dvar": 0.0641404613853,
        "dvar2": 0.122954562306,
        "max": 1,
        "mean": 0.182521268725,
        "median": 0,
        "min": 0,
        "var": 0.149207383394
    },
    "spectral_centroid": {
        "dmean": 392.819366455,
        "dmean2": 524.196533203,
        "dvar": 338914.6875,
        "dvar2": 550799.9375,
        "max": 4046.99853516,
        "mean": 1180.82910156,
        "median": 731.528686523,
        "min": 99.7719192505,
        "var": 1154835.875
    },
    "spectral_complexity": {
        "dmean": 3.07817339897,
        "dmean2": 4.24554586411,
        "dvar": 35.4158668518,
        "dvar2": 54.9505729675,
        "max": 57,
        "mean": 9.22660446167,
        "median": 4,
        "min": 0,
        "var": 146.146835327
    },
    "spectral_decrease": {
        "dmean": 2.36534769549e-09,
        "dmean2": 3.19068749199e-09,
        "dvar": 1.75456886236e-17,
        "dvar2": 2.76113037363e-17,
        "max": -2.1524115823e-10,
        "mean": -5.27610932721e-09,
        "median": -1.98955651953e-09,
        "min": -3.2679121631e-08,
        "var": 4.66639450367e-17
    },
    "spectral_energy": {
        "dmean": 0.00931600295007,
        "dmean2": 0.0126059334725,
        "dvar": 0.000258744810708,
        "dvar2": 0.00040782475844,
        "max": 0.124487698078,
        "mean": 0.0207959953696,
        "median": 0.00809681881219,
        "min": 0.000840839522425,
        "var": 0.0006837878027
    },
    "spectral_energyband_high": {
        "dmean": 0.000443626398919,
        "dmean2": 0.000671450630762,
        "dvar": 1.04562434444e-06,
        "dvar2": 2.3521733965e-06,
        "max": 0.00964154023677,
        "mean": 0.000463038159069,
        "median": 1.48608241943e-05,
        "min": 2.19671534296e-08,
        "var": 1.2490932022e-06
    },
    "spectral_energyband_low": {
        "dmean": 0.00771255232394,
        "dmean2": 0.0106418188661,
        "dvar": 0.000272807024885,
        "dvar2": 0.000429931358667,
        "max": 0.123288594186,
        "mean": 0.0154628418386,
        "median": 0.00363143859431,
        "min": 2.07725715882e-05,
        "var": 0.000681736739352
    },
    "spectral_energyband_middle_high": {
        "dmean": 0.00146461022086,
        "dmean2": 0.00191160745453,
        "dvar": 2.02109149541e-05,
        "dvar2": 3.45874905179e-05,
        "max": 0.0412557162344,
        "mean": 0.00251873396337,
        "median": 0.000120754142699,
        "min": 8.97194979643e-07,
        "var": 5.02538132423e-05
    },
    "spectral_energyband_middle_low": {
        "dmean": 0.00233721081167,
        "dmean2": 0.00416168384254,
        "dvar": 5.51697739866e-05,
        "dvar2": 0.000157693575602,
        "max": 0.0631550848484,
        "mean": 0.00334404385649,
        "median": 0.00165309559088,
        "min": 4.42781711172e-05,
        "var": 3.61824895663e-05
    },
    "spectral_entropy": {
        "dmean": 0.31123393774,
        "dmean2": 0.434790670872,
        "dvar": 0.191510006785,
        "dvar2": 0.339483112097,
        "max": 7.87682771683,
        "mean": 6.71742010117,
        "median": 6.96865510941,
        "min": 3.48061847687,
        "var": 0.786446750164
    },
    "spectral_flux": {
        "dmean": 0.032628685236,
        "dmean2": 0.0491432249546,
        "dvar": 0.00215819152072,
        "dvar2": 0.00445581739768,
        "max": 0.335315912962,
        "mean": 0.0598677173257,
        "median": 0.034287776798,
        "min": 0.00400567892939,
        "var": 0.00389891676605
    },
    "spectral_kurtosis": {
        "dmean": 7.56641292572,
        "dmean2": 13.1502408981,
        "dvar": 271.258056641,
        "dvar2": 704.115539551,
        "max": 200.966156006,
        "mean": 9.8073797226,
        "median": 5.71876430511,
        "min": -0.717632293701,
        "var": 268.390533447
    },
    "spectral_rms": {
        "dmean": 0.000878587306943,
        "dmean2": 0.00119693530723,
        "dvar": 1.7611516796e-06,
        "dvar2": 2.92054005513e-06,
        "max": 0.0110204992816,
        "mean": 0.00378272123635,
        "median": 0.00281057553366,
        "min": 0.000905721390154,
        "var": 5.97979396844e-06
    },
    "spectral_rolloff": {
        "dmean": 430.680297852,
        "dmean2": 696.303100586,
        "dvar": 881392.375,
        "dvar2": 1657052.75,
        "max": 4995.703125,
        "mean": 1154.06811523,
        "median": 301.46484375,
        "min": 64.599609375,
        "var": 2093749.5
    },
    "spectral_skewness": {
        "dmean": 0.714828550816,
        "dmean2": 1.12851548195,
        "dvar": 1.08310854435,
        "dvar2": 2.47081685066,
        "max": 12.6458902359,
        "mean": 1.6606374979,
        "median": 1.27963125706,
        "min": -0.169386699796,
        "var": 2.04638195038
    },
    "spectral_spread": {
        "dmean": 518192.34375,
        "dmean2": 808531,
        "dvar": 486537035776,
        "dvar2": 1.00420642406e+12,
        "max": 16323814,
        "mean": 2971810,
        "median": 2850451.5,
        "min": 511537.96875,
        "var": 988715024384
    },
    "spectral_strongpeak": {
        "dmean": 0.431024760008,
        "dmean2": 0.72681248188,
        "dvar": 1.20740401745,
        "dvar2": 3.27310657501,
        "max": 9.3097486496,
        "mean": 0.708984255791,
        "median": 0.439200818539,
        "min": 0.030514864251,
        "var": 0.925512194633
    },
    "zerocrossingrate": {
        "dmean": 0.0122709004208,
        "dmean2": 0.0119524896145,
        "dvar": 0.000278352614259,
        "dvar2": 0.000303622102365,
        "max": 0.18017578125,
        "mean": 0.0388026870787,
        "median": 0.02099609375,
        "min": 0.001953125,
        "var": 0.00153842230793
    },
    "barkbands": {
        "dmean": [3.38004610967e-05, 0.00433632638305, 0.00399779248983, 0.00126255606301, 0.000925417349208, 0.000211023434531, 7.38352682674e-05, 4.35134134023e-05, 0.000100792516605, 0.000253089063335, 0.000194924257812, 6.59726792946e-05, 0.0001268190681, 0.000156165813678, 0.000289557763608, 0.000183848431334, 0.000210283717024, 0.000184258111403, 0.000277939951047, 0.000355610420229, 0.000146969337948, 3.62249847967e-05, 1.28801639221e-05, 3.00639521811e-06, 7.16352644758e-07, 4.73465213702e-08, 1.69998870536e-09],
        "dmean2": [3.53963550879e-05, 0.00631052488461, 0.00599734159186, 0.0023499741219, 0.00165368197486, 0.000297757942462, 0.000114342728921, 7.02007600921e-05, 0.000164703975315, 0.000464336393634, 0.000323493557516, 0.000102661535493, 0.000167761463672, 0.000224698844249, 0.000419495045207, 0.000281566579361, 0.00029390945565, 0.000263323599938, 0.000368136941688, 0.000541800633073, 0.000223639115575, 5.86951209698e-05, 1.90271475731e-05, 4.26626638728e-06, 1.10571033929e-06, 6.79350833366e-08, 2.72660116707e-09],
        "dvar": [1.32900099814e-08, 8.40560169308e-05, 0.000120099670312, 2.74711874226e-05, 6.43469456918e-06, 3.28061503296e-07, 4.15640535323e-08, 1.82622361677e-08, 1.56268470164e-07, 1.59028934377e-06, 7.83385814884e-07, 5.0614033853e-08, 1.68792951172e-07, 2.10532789424e-07, 1.02478429653e-06, 3.23340884734e-07, 4.92432718602e-07, 2.6479088433e-07, 6.52047219774e-07, 6.04195577125e-07, 3.00997953673e-07, 1.18907932389e-08, 8.19736223345e-10, 4.40172932825e-11, 3.20723287338e-12, 2.25951900148e-14, 2.38126081294e-16],
        "dvar2": [1.29511894542e-08, 0.000158709706739, 0.000228568023886, 7.99218832981e-05, 1.82282328751e-05, 5.48268644707e-07, 9.63639976703e-08, 4.83384070549e-08, 4.2400199618e-07, 4.50328616353e-06, 1.90332411876e-06, 1.02950799885e-07, 2.86849768827e-07, 3.62810595789e-07, 1.951367949e-06, 6.03686373779e-07, 1.04775506315e-06, 5.02040961692e-07, 1.26286488467e-06, 1.30918749619e-06, 7.70449332776e-07, 3.09883532168e-08, 1.83972537204e-09, 9.62699225893e-11, 7.56740503594e-12, 3.99943648349e-14, 2.72735159305e-16],
        "max": [0.00235384213738, 0.0608371794224, 0.0812154635787, 0.0486358702183, 0.0211033206433, 0.0130844134837, 0.0035168454051, 0.00118949380703, 0.00395176792517, 0.0104164602235, 0.00691838562489, 0.00220481841825, 0.00414772611111, 0.00469626951963, 0.0126568684354, 0.00561789283529, 0.00828824844211, 0.00464040087536, 0.00973822548985, 0.00817237887532, 0.00713561708108, 0.00123044161592, 0.000214045372559, 4.90919737786e-05, 1.54081863002e-05, 2.54329097515e-06, 4.89642843604e-07],
        "mean": [0.000105057901237, 0.00792938936502, 0.00646916031837, 0.0012999905739, 0.00111025432125, 0.000567253562622, 0.000145089885336, 5.17324624525e-05, 0.000123249512399, 0.000172100480995, 0.000151150277816, 8.51153527037e-05, 0.000168095197296, 0.000258245068835, 0.000378890661523, 0.000366791413398, 0.00025835505221, 0.000257407053141, 0.000321948289638, 0.000385422346881, 0.000140041505801, 3.33958705596e-05, 1.36979215313e-05, 3.40175188285e-06, 7.35510354843e-07, 5.47240475157e-08, 1.40651201797e-09],
        "median": [9.52258744746e-07, 8.53324308991e-05, 0.00104273972102, 0.000308262358885, 0.000372933456674, 0.000159142611665, 1.0486724932e-05, 1.24776470329e-05, 2.45451956289e-05, 2.76193100035e-06, 1.78063021394e-06, 3.83152928407e-06, 3.5199186641e-06, 7.15976284482e-06, 4.25599500886e-06, 8.58847761265e-06, 6.32819501334e-06, 1.11531662697e-05, 1.16677829283e-05, 1.47334312715e-05, 3.82684265787e-06, 1.08755239125e-06, 5.56732061341e-07, 1.88807447898e-07, 2.77154708073e-08, 4.59676607889e-09, 1.9821035091e-10],
        "min": [1.85144855003e-09, 1.75239932787e-07, 2.36738355852e-06, 9.0216239812e-08, 1.74149732857e-07, 7.81055177868e-07, 1.26081133089e-07, 1.33575213113e-07, 3.54967681915e-08, 1.46755319008e-08, 1.65155960019e-08, 1.88010886859e-08, 2.40794904016e-08, 3.76589817108e-08, 3.21368744949e-08, 3.94714234631e-08, 2.51055993772e-08, 1.0398126804e-08, 1.305586661e-08, 9.56323198409e-09, 4.64401228584e-09, 2.64613952972e-09, 1.8608394825e-09, 3.79222653279e-09, 1.47496598268e-10, 3.75644610903e-12, 5.36560205988e-12],
        "var": [1.31337372977e-07, 0.000222243485041, 0.000218629123992, 1.53878827405e-05, 5.24210236108e-06, 2.45872479354e-06, 1.31842256224e-07, 1.67571769794e-08, 1.34269726004e-07, 9.93001549432e-07, 6.45367151719e-07, 6.86668215621e-08, 3.26717582766e-07, 4.99245402352e-07, 1.74591809809e-06, 9.84747089205e-07, 7.14581005923e-07, 4.9876751973e-07, 1.03177194433e-06, 8.14971087948e-07, 2.51150680697e-07, 1.00119681434e-08, 9.88247372824e-10, 5.95956825555e-11, 3.82287777823e-12, 3.15870037917e-14, 2.30580420632e-16]
    },
    "erbbands": {
        "dmean": [0.0633863583207, 1.20566046238, 4.84698104858, 3.97572851181, 3.60604763031, 2.84937357903, 2.57528972626, 1.46934103966, 0.953178405762, 1.06281471252, 1.18725097179, 1.8939088583, 7.08176136017, 4.53185033798, 9.08843708038, 3.14998078346, 4.93737840652, 8.596824646, 12.9057378769, 13.1097517014, 11.2408790588, 11.2317047119, 10.1531887054, 12.3998126984, 13.0345458984, 13.8371286392, 10.0483837128, 5.28319740295, 1.42217123508, 0.790506541729, 0.316181570292, 0.102240279317, 0.0332059711218, 0.0121365049854, 0.00313296285458, 0.000447432103101, 6.66152263875e-05, 6.89906482876e-06, 5.26453823113e-06, 1.0827636288e-05],
        "dmean2": [0.0806964933872, 1.76285052299, 6.82954025269, 6.8120675087, 6.82520198822, 4.90206575394, 4.10623979568, 2.06468272209, 1.44593536854, 1.66504752636, 1.8427015543, 3.13835144043, 12.5788078308, 7.84332466125, 15.2533540726, 4.40796232224, 6.77808046341, 12.4684362411, 18.6758937836, 21.537405014, 14.8004589081, 15.016163826, 14.1833486557, 16.9627723694, 17.6521911621, 20.6711006165, 15.1827526093, 8.21400547028, 2.21984028816, 1.22473299503, 0.464977413416, 0.143676146865, 0.0482951849699, 0.0187122821808, 0.0046149622649, 0.000650553614832, 9.4066861493e-05, 1.02091498775e-05, 7.14668749424e-06, 1.47296996147e-05],
        "dvar": [0.0286180060357, 6.90226793289, 166.592910767, 171.442947388, 226.300720215, 43.2759361267, 25.5238494873, 34.7383384705, 8.31505966187, 7.85247850418, 15.2401800156, 59.4974594116, 1056.40917969, 467.619140625, 1702.55749512, 120.006568909, 257.069091797, 775.734313965, 2071.34155273, 1510.390625, 1085.55883789, 1179.17272949, 759.537902832, 1448.09960938, 1212.63146973, 899.993835449, 521.782226562, 452.584014893, 17.5536670685, 4.71666002274, 0.569038569927, 0.0503856725991, 0.00615006964654, 0.000933454430196, 6.48421919323e-05, 1.48501885633e-06, 5.18445020248e-08, 7.18566761648e-10, 6.76239828024e-11, 3.17095627533e-10],
        "dvar2": [0.0374001264572, 12.6844787598, 273.778869629, 470.890441895, 655.597045898, 116.04359436, 65.4049224854, 48.8470687866, 17.1178779602, 18.4317817688, 38.8181762695, 162.212875366, 2986.76733398, 1263.14001465, 4180.77880859, 224.887466431, 496.623077393, 1353.21630859, 3860.21484375, 3772.86279297, 1852.21655273, 2213.98754883, 1417.84118652, 3021.23632812, 2121.99755859, 1845.4296875, 1166.59851074, 1167.19555664, 44.8303947449, 11.9013853073, 1.29239964485, 0.109116323292, 0.0133512848988, 0.00220816442743, 0.000149781553773, 2.86843555841e-06, 8.67735963084e-08, 1.12360054594e-09, 1.06115283227e-10, 5.02067332153e-10],
        "max": [2.46480488777, 17.5567245483, 93.0010528564, 129.174728394, 130.604385376, 66.3161010742, 43.9473114014, 152.787322998, 49.3791313171, 45.6253547668, 36.2613067627, 73.3645782471, 278.601379395, 188.110473633, 323.315917969, 96.2789764404, 158.091552734, 264.51953125, 629.52947998, 356.693695068, 387.908416748, 395.269897461, 271.349853516, 347.314361572, 391.574523926, 262.223846436, 249.237411499, 291.094482422, 49.2690811157, 25.8148708344, 5.74558830261, 1.57213258743, 0.687368690968, 0.310004025698, 0.0696218684316, 0.0118111623451, 0.0046748756431, 0.000646837695967, 7.93256767793e-05, 0.000134737143526],
        "mean": [0.179526492953, 1.97347211838, 7.59125375748, 5.71418762207, 2.81722140312, 4.54430913925, 4.57037687302, 4.47185277939, 2.30372095108, 2.02465510368, 1.6196398735, 2.05809092522, 5.79597568512, 3.3335943222, 7.09959411621, 4.09008264542, 6.51377391815, 12.5413188934, 19.2449569702, 17.7307949066, 19.0058898926, 15.1492347717, 14.2290840149, 15.3208875656, 15.0477333069, 15.5439882278, 10.5720434189, 4.88669395447, 1.38216173649, 0.742858290672, 0.345061391592, 0.118892177939, 0.0374069288373, 0.012668909505, 0.00313020660542, 0.000507652235683, 8.14122322481e-05, 8.5347210188e-06, 1.11263625513e-05, 2.39355886151e-05],
        "median": [0.00156245427206, 0.049024078995, 1.0887067318, 1.69970083237, 0.695129752159, 1.29618215561, 2.59636449814, 0.945663154125, 0.233461245894, 0.325210869312, 0.53192615509, 0.413070619106, 0.124781779945, 0.104951575398, 0.0933260768652, 0.154964894056, 0.170744180679, 0.338088750839, 0.298419088125, 0.300656080246, 0.498730659485, 0.533299148083, 0.647839605808, 0.529923379421, 0.690165281296, 0.607881188393, 0.346846073866, 0.107795894146, 0.0489366054535, 0.0267269462347, 0.0139108113945, 0.00632908986881, 0.00208390853368, 0.000514396640938, 0.0001311917149, 3.75997733499e-05, 1.33781522891e-05, 1.58664590799e-06, 4.63113292426e-06, 1.0027008102e-05],
        "min": [3.21800434904e-05, 0.000769751088228, 0.0048572961241, 0.00276928744279, 0.00410071853548, 0.00700724124908, 0.00221653142944, 0.00605371547863, 0.00274002016522, 0.00452486891299, 0.00289066834375, 0.00178156222682, 0.000988163403235, 0.000974297407083, 0.000738071918022, 0.000728566257749, 0.00126859103329, 0.00267887045629, 0.0025808471255, 0.00269247288816, 0.0019264370203, 0.00130275136326, 0.000560747517738, 0.000829402473755, 0.000515900319442, 0.000446551450295, 0.000243873684667, 0.000182712901733, 0.000121296507132, 8.88973008841e-05, 9.58721211646e-05, 0.000116925642942, 7.33986889827e-05, 2.97603710351e-05, 9.70790642896e-06, 1.00932709302e-06, 3.64841497458e-07, 5.57616637309e-08, 4.14496980738e-07, 9.41769542351e-07],
        "var": [0.217307880521, 14.4714822769, 332.412567139, 135.523071289, 124.924713135, 71.1450500488, 36.8840026855, 315.682281494, 42.9094696045, 23.268655777, 14.9591941833, 45.7251243591, 720.285461426, 321.795532227, 1373.59362793, 183.521652222, 466.873413086, 1449.90966797, 3983.38476562, 2662.32006836, 2848.10546875, 2117.24829102, 1487.44750977, 2217.88916016, 2044.17077637, 1385.07971191, 633.244445801, 360.147583008, 15.8609037399, 4.33723211288, 0.658513307571, 0.0681720599532, 0.00825352501124, 0.00110859388951, 7.66343073337e-05, 2.16230137084e-06, 6.85983607696e-08, 8.23511592252e-10, 1.66704372528e-10, 8.31244240107e-10]
    },
    "gfcc": {
        "mean": [-158.769317627, 137.764663696, -120.214988708, 77.1896896362, -40.8505249023, -12.9530496597, -22.5369091034, -12.698392868, -10.8988828659, -12.4362268448, -3.21729111671, -21.6779289246, -2.40163803101],
        "cov": [[5463.94238281, -2002.96960449, -3074.57910156, -69.4142303467, -287.604156494, 533.911804199, -203.708618164, 265.221618652, -38.9764442444, 269.905853271, -81.2340774536, 217.895950317, 119.013473511], [-2002.96960449, 1709.00585938, 1302.59838867, -591.821594238, 317.759490967, -364.948028564, -28.5982341766, -173.870758057, 72.6214752197, -161.269088745, 96.1504974365, 4.47343969345, -3.5257153511], [-3074.57910156, 1302.59838867, 3895.94042969, 722.534606934, 284.560180664, -378.637420654, 457.55291748, -117.924102783, 86.7545928955, -9.74303627014, 120.08996582, -68.4533691406, 21.6858768463], [-69.4142303467, -591.821594238, 722.534606934, 1056.11035156, 57.393157959, 86.0158462524, 182.411270142, -45.7963676453, 0.201119676232, 39.0922431946, -37.6355895996, -127.696289062, -10.5839662552], [-287.604156494, 317.759490967, 284.560180664, 57.393157959, 695.945800781, 183.361099243, 224.231887817, 44.1615486145, 146.55657959, 1.0808069706, 8.35075855255, 5.49025964737, -5.2266459465], [533.911804199, -364.948028564, -378.637420654, 86.0158462524, 183.361099243, 277.741546631, 164.274642944, 117.66280365, 52.706237793, 54.4890670776, -21.5511455536, 16.9586277008, 0.833360254765], [-203.708618164, -28.5982341766, 457.55291748, 182.411270142, 224.231887817, 164.274642944, 387.769958496, 158.342956543, 117.436752319, 82.5777053833, 54.3015861511, 36.5011405945, 32.4657402039], [265.221618652, -173.870758057, -117.924102783, -45.7963676453, 44.1615486145, 117.66280365, 158.342956543, 183.533447266, 84.3507385254, 89.6770324707, 43.2892189026, 68.9154052734, 27.2904586792], [-38.9764442444, 72.6214752197, 86.7545928955, 0.201119676232, 146.55657959, 52.706237793, 117.436752319, 84.3507385254, 172.545532227, 105.966766357, 86.1486053467, 61.8835067749, 54.3361434937], [269.905853271, -161.269088745, -9.74303627014, 39.0922431946, 1.0808069706, 54.4890670776, 82.5777053833, 89.6770324707, 105.966766357, 172.201568604, 98.2377624512, 93.3591308594, 64.7991943359], [-81.2340774536, 96.1504974365, 120.08996582, -37.6355895996, 8.35075855255, -21.5511455536, 54.3015861511, 43.2892189026, 86.1486053467, 98.2377624512, 135.567642212, 90.8384017944, 68.3575668335], [217.895950317, 4.47343969345, -68.4533691406, -127.696289062, 5.49025964737, 16.9586277008, 36.5011405945, 68.9154052734, 61.8835067749, 93.3591308594, 90.8384017944, 137.405517578, 78.9511260986], [119.013473511, -3.5257153511, 21.6858768463, -10.5839662552, -5.2266459465, 0.833360254765, 32.4657402039, 27.2904586792, 54.3361434937, 64.7991943359, 68.3575668335, 78.9511260986, 99.3187561035]],
        "icov": [[0.000539237749763, 0.000258667132584, 0.000274607155006, -7.65099539421e-05, -0.000105230632471, -0.000124855767353, 0.000217817068915, -0.000134990696097, 0.000326914829202, -0.000651649723295, 0.000816469255369, -0.000743569922633, -0.000468251149869], [0.000258667132584, 0.00828975252807, -0.00240560621023, 0.00638048490509, -0.00324740004726, 0.0045548165217, -0.00120866822544, 0.00588894961402, -0.00530583178625, 0.0070840138942, -0.00558817293495, 0.00216146744788, 0.00016617187066], [0.000274607155006, -0.00240560621023, 0.001718960586, -0.00242222193629, 0.000526669435203, 0.000802386843134, -0.00125375145581, -0.00131443340797, 0.0021092784591, -0.00289700366557, 0.00245023169555, -0.00145058450289, -5.30712859472e-05], [-7.65099539421e-05, 0.00638048490509, -0.00242222193629, 0.006904928945, -0.00222296244465, 0.00219747144729, -0.00142095505726, 0.00579360965639, -0.00374023150653, 0.00398943154141, -0.00470506912097, 0.00510426750407, -0.00105578836519], [-0.000105230632471, -0.00324740004726, 0.000526669435203, -0.00222296244465, 0.00459223752841, -0.00496289227158, -9.34242270887e-05, 0.000218228698941, -0.00199700961821, -0.000172601139639, 0.00246553961188, -0.00270067458041, 0.00156786141451], [-0.000124855767353, 0.0045548165217, 0.000802386843134, 0.00219747144729, -0.00496289227158, 0.0172110740095, -0.00672138528898, 0.000986579805613, -0.000616075878497, 0.000273140409263, 0.00151755509432, 0.000676586409099, 0.000467248260975], [0.000217817068915, -0.00120866822544, -0.00125375145581, -0.00142095505726, -9.34242270887e-05, -0.00672138528898, 0.0109815485775, -0.00810159742832, 0.000502991082612, 0.000566467060708, -0.00190597900655, 0.00156798656099, -0.00207305653021], [-0.000134990696097, 0.00588894961402, -0.00131443340797, 0.00579360965639, 0.000218228698941, 0.000986579805613, -0.00810159742832, 0.0218131225556, -0.00879088696092, 0.00324924779125, -0.00147595000453, -0.00438291905448, 0.00512237707153], [0.000326914829202, -0.00530583178625, 0.0021092784591, -0.00374023150653, -0.00199700961821, -0.000616075878497, 0.000502991082612, -0.00879088696092, 0.0214057769626, -0.0131623661146, -0.000632636074442, 0.00463234167546, -0.00565823493525], [-0.000651649723295, 0.0070840138942, -0.00289700366557, 0.00398943154141, -0.000172601139639, 0.000273140409263, 0.000566467060708, 0.00324924779125, -0.0131623661146, 0.0269636008888, -0.0125608351082, -0.00441796472296, 0.00276674260385], [0.000816469255369, -0.00558817293495, 0.00245023169555, -0.00470506912097, 0.00246553961188, 0.00151755509432, -0.00190597900655, -0.00147595000453, -0.000632636074442, -0.0125608351082, 0.0284033417702, -0.0116407293826, -0.00282176653855], [-0.000743569922633, 0.00216146744788, -0.00145058450289, 0.00510426750407, -0.00270067458041, 0.000676586409099, 0.00156798656099, -0.00438291905448, 0.00463234167546, -0.00441796472296, -0.0116407293826, 0.0306637492031, -0.0136429993436], [-0.000468251149869, 0.00016617187066, -5.30712859472e-05, -0.00105578836519, 0.00156786141451, 0.000467248260975, -0.00207305653021, 0.00512237707153, -0.00565823493525, 0.00276674260385, -0.00282176653855, -0.0136429993436, 0.0239611361176]]
    },
    "melbands": {
        "dmean": [0.000853191304486, 0.00218502036296, 0.000669125467539, 0.000221126203542, 9.80715194601e-05, 3.33121461153e-05, 1.52622324094e-05, 1.11243643914e-05, 1.12599364002e-05, 1.20367103591e-05, 3.79147895728e-05, 2.0905985366e-05, 2.88318296953e-05, 1.24396983665e-05, 7.65724507801e-06, 1.4778995137e-05, 1.72219642991e-05, 1.9030072508e-05, 2.13411803998e-05, 2.03131439775e-05, 1.55549787451e-05, 1.29678264784e-05, 9.51508536673e-06, 8.51951881486e-06, 1.04060336525e-05, 1.11044282676e-05, 7.50566641727e-06, 1.11650651888e-05, 9.4522974905e-06, 4.14161695517e-06, 2.4775795282e-06, 7.32909938961e-07, 6.97824930285e-07, 3.52952326921e-07, 2.0947693713e-07, 9.11036721618e-08, 5.38180451315e-08, 2.40658319939e-08, 1.40178775254e-08, 9.04341312946e-09],
        "dmean2": [0.00120885216165, 0.00306992838159, 0.00113437697291, 0.000403106503654, 0.000159180926858, 4.70623381261e-05, 2.27643395192e-05, 1.75904224307e-05, 1.77752517629e-05, 1.97751032829e-05, 6.76561903674e-05, 3.80411656806e-05, 4.79191876366e-05, 1.99725436687e-05, 1.24360421978e-05, 1.99298156076e-05, 2.62319736066e-05, 2.79897303699e-05, 3.21116567648e-05, 3.49340189132e-05, 2.17358756345e-05, 1.85438948392e-05, 1.41026675919e-05, 1.1856992387e-05, 1.45882595461e-05, 1.52535185407e-05, 1.0910031051e-05, 1.68444621522e-05, 1.46481343108e-05, 6.75363662594e-06, 3.83182987207e-06, 1.12822976917e-06, 1.16782598525e-06, 5.37096866537e-07, 3.11447763579e-07, 1.31367642098e-07, 7.90212482116e-08, 3.55185960643e-08, 2.10789625754e-08, 1.41391947039e-08],
        "dvar": [3.25362339026e-06, 2.96467333101e-05, 4.96364464198e-06, 5.27963720742e-07, 3.99945534468e-08, 1.46142511426e-08, 1.96815075348e-09, 8.26597790216e-10, 1.60423829776e-09, 2.22268803363e-09, 3.1003786205e-08, 1.11556310856e-08, 1.72955552102e-08, 2.32279639967e-09, 7.28376192694e-10, 2.25407914556e-09, 3.27394333866e-09, 4.21336787682e-09, 5.08887154638e-09, 3.85662524138e-09, 2.47130138575e-09, 1.89985782661e-09, 7.20998372117e-10, 5.65432312083e-10, 1.04972597281e-09, 1.2295751084e-09, 3.60586394077e-10, 5.95842652995e-10, 4.56854748476e-10, 3.10920039714e-10, 7.62202731486e-11, 2.99964350234e-12, 8.47282834171e-12, 5.95641916866e-13, 2.66452577233e-13, 4.01083415883e-14, 1.49350509444e-14, 3.46274310969e-15, 1.09566199887e-15, 5.98676534372e-16],
        "dvar2": [5.90043555349e-06, 4.70506201964e-05, 1.34985357363e-05, 1.51338019805e-06, 1.04928709277e-07, 2.11868140809e-08, 3.97064203739e-09, 2.00488781132e-09, 4.07002476166e-09, 6.05870553727e-09, 8.78409522898e-08, 3.13659498374e-08, 4.2003318157e-08, 5.51328982468e-09, 1.44739431551e-09, 4.43815029172e-09, 5.98106275618e-09, 7.7770341278e-09, 1.04839141812e-08, 1.06232160846e-08, 4.77166128832e-09, 4.01708089015e-09, 1.35256617018e-09, 1.16401244199e-09, 2.27123786445e-09, 2.54697041235e-09, 7.74825203997e-10, 1.26992893978e-09, 1.06038455794e-09, 8.18022649618e-10, 1.92707516611e-10, 7.18461835164e-12, 2.3366244703e-11, 1.38849663104e-12, 6.35007020924e-13, 8.45922046603e-14, 3.310830207e-14, 7.78614707973e-15, 2.48682224105e-15, 1.45327285057e-15],
        "max": [0.0180378705263, 0.0398273989558, 0.0213592518121, 0.0061081382446, 0.00165796780493, 0.00309143727645, 0.000732758548111, 0.000403493788326, 0.000355801574187, 0.000474136642879, 0.00150045659393, 0.000901292369235, 0.00104007089976, 0.000449442741228, 0.000225184281589, 0.000493515923154, 0.000505226955283, 0.000917972123716, 0.000816654472146, 0.000462194351712, 0.000523575232364, 0.000512799771968, 0.000261983164819, 0.000239436878473, 0.000280736392597, 0.000437411217717, 0.000171249790583, 0.000220460031414, 0.000258258340182, 0.000228252421948, 0.000116416842502, 1.49268198584e-05, 3.84940285585e-05, 6.41227734377e-06, 4.02108935305e-06, 1.6168359025e-06, 1.02230444554e-06, 5.88362240705e-07, 2.71113151484e-07, 2.57265014625e-07],
        "mean": [0.00185259478167, 0.00356591260061, 0.000934282550588, 0.00023701081227, 0.000177744019311, 9.91825800156e-05, 3.83458791475e-05, 1.98339330382e-05, 1.42770641105e-05, 1.41409600474e-05, 3.02991229546e-05, 1.3989612853e-05, 2.25088260777e-05, 1.22643432405e-05, 1.12497682494e-05, 1.81009891094e-05, 2.35912029893e-05, 2.95105164696e-05, 2.78201951005e-05, 2.54131355177e-05, 2.14527372009e-05, 1.59030805662e-05, 1.39761268656e-05, 1.11249546535e-05, 1.25744682009e-05, 1.20600470837e-05, 8.70655003382e-06, 1.18834250316e-05, 9.35672505875e-06, 3.5600994579e-06, 2.36317691815e-06, 7.34370019018e-07, 5.82528457471e-07, 3.47349356389e-07, 2.18909136152e-07, 1.04104806553e-07, 6.09292527542e-08, 2.66875730404e-08, 1.50559706924e-08, 9.0551743881e-09],
        "median": [1.78008776857e-05, 0.000509540433995, 0.000247417658102, 5.3892195865e-05, 9.33714254643e-05, 2.16443677346e-05, 3.21415518556e-06, 3.55534257324e-06, 4.53686106994e-06, 2.45027808887e-06, 5.70641304876e-07, 3.57880338697e-07, 2.66931806436e-07, 4.04426828027e-07, 2.9510283639e-07, 4.475696187e-07, 6.12329699834e-07, 4.74347558566e-07, 3.45830272863e-07, 5.23138567132e-07, 5.09606309151e-07, 4.02078171646e-07, 6.18848730483e-07, 5.41251893083e-07, 3.74899883582e-07, 4.63716418153e-07, 4.55222078699e-07, 3.18729235005e-07, 2.88539865778e-07, 7.41549470717e-08, 5.13597093743e-08, 2.72122537837e-08, 1.85340400805e-08, 1.27384032211e-08, 8.56137649663e-09, 5.60461677068e-09, 3.27708549186e-09, 1.56151802599e-09, 6.89345580618e-10, 3.10633518907e-10],
