{
"highlevel": {
    "danceability": {
        "all": {
            "danceable": 0.946750402451,
            "not_danceable": 0.0532495751977
        },
        "probability": 0.946750402451,
        "value": "danceable"
    },
    "gender": {
        "all": {
            "female": 0.0474139302969,
            "male": 0.952586054802
        },
        "probability": 0.952586054802,
        "value": "male"
    },
    "genre_dortmund": {
        "all": {
            "alternative": 0.0762732699513,
            "blues": 0.0151495235041,
            "electronic": 0.134886369109,
            "folkcountry": 0.0550721846521,
            "funksoulrnb": 0.049490775913,
            "jazz": 0.0231870599091,
            "pop": 0.0221143160015,
            "raphiphop": 0.104841724038,
            "rock": 0.518984794617
        },
        "probability": 0.518984794617,
        "value": "rock"
    },
    "genre_electronic": {
        "all": {
            "ambient": 0.438528418541,
            "dnb": 0.211316093802,
            "house": 0.0384580567479,
            "techno": 0.0249658245593,
            "trance": 0.286731600761
        },
        "probability": 0.438528418541,
        "value": "ambient"
    },
    "genre_rosamerica": {
        "all": {
            "cla": 0.00985200703144,
            "dan": 0.119023405015,
            "hip": 0.00927494931966,
            "jaz": 0.00740535277873,
            "pop": 0.324273496866,
            "rhy": 0.0100955273956,
            "roc": 0.515918433666,
            "spe": 0.00415685540065
        },
        "probability": 0.515918433666,
        "value": "roc"
    },
    "genre_tzanetakis": {
        "all": {
            "blu": 0.0626541376114,
            "cla": 0.0348133966327,
            "cou": 0.0783501937985,
            "dis": 0.104547761381,
            "hip": 0.15693578124,
            "jaz": 0.313987255096,
            "met": 0.044816005975,
            "pop": 0.0627349764109,
            "reg": 0.0627352520823,
            "roc": 0.0784252434969
        },
        "probability": 0.313987255096,
        "value": "jaz"
    },
    "ismir04_rhythm": {
        "all": {
            "ChaChaCha": 0.0693315044045,
            "Jive": 0.279308408499,
            "Quickstep": 0.095634020865,
            "Rumba-American": 0.0125939212739,
            "Rumba-International": 0.0134647088125,
            "Rumba-Misc": 0.00400828244165,
            "Samba": 0.455351829529,
            "Tango": 0.0284111984074,
            "VienneseWaltz": 0.0361991599202,
            "Waltz": 0.0056969630532
        },
        "probability": 0.455351829529,
        "value": "Samba"
    },
    "mood_acoustic": {
        "all": {
            "acoustic": 0.0201302338392,
            "not_acoustic": 0.979869782925
        },
        "probability": 0.979869782925,
        "value": "not_acoustic"
    },
    "mood_aggressive": {
        "all": {
            "aggressive": 0.898869097233,
            "not_aggressive": 0.101130872965
        },
        "probability": 0.898869097233,
        "value": "aggressive"
    },
    "mood_electronic": {
        "all": {
            "electronic": 0.891808629036,
            "not_electronic": 0.108191370964
        },
        "probability": 0.891808629036,
        "value": "electronic"
    },
    "mood_happy": {
        "all": {
            "happy": 0.382318556309,
            "not_happy": 0.617681443691
        },
        "probability": 0.617681443691,
        "value": "not_happy"
    },
    "mood_party": {
        "all": {
            "not_party": 0.475268989801,
            "party": 0.524730980396
        },
        "probability": 0.524730980396,
        "value": "party"
    },
    "mood_relaxed": {
        "all": {
            "not_relaxed": 0.958223760128,
            "relaxed": 0.0417762175202
        },
        "probability": 0.958223760128,
        "value": "not_relaxed"
    },
    "mood_sad": {
        "all": {
            "not_sad": 0.77188128233,
            "sad": 0.228118732572
        },
        "probability": 0.77188128233,
        "value": "not_sad"
    },
    "moods_mirex": {
        "all": {
            "Cluster1": 0.183754727244,
            "Cluster2": 0.131894767284,
            "Cluster3": 0.0752249583602,
            "Cluster4": 0.0949926301837,
            "Cluster5": 0.514132916927
        },
        "probability": 0.514132916927,
        "value": "Cluster5"
    },
    "timbre": {
        "all": {
            "bright": 0.639937639236,
            "dark": 0.360062360764
        },
        "probability": 0.639937639236,
        "value": "bright"
    },
    "tonal_atonal": {
        "all": {
            "atonal": 0.020776713267,
            "tonal": 0.979223310947
        },
        "probability": 0.979223310947,
        "value": "tonal"
    },
    "voice_instrumental": {
        "all": {
            "instrumental": 4.10553402617e-05,
            "voice": 0.9999589324
        },
        "probability": 0.9999589324,
        "value": "voice"
    }
},
"lowlevel": {
    "average_loudness": 0.979199171066,
    "barkbands_crest": {
        "dmean": 3.56100749969,
        "dmean2": 6.06004714966,
        "dvar": 10.9805908203,
        "dvar2": 30.7579994202,
        "max": 24.8114585876,
        "mean": 8.49615192413,
        "median": 7.43865203857,
        "min": 2.57276940346,
        "var": 16.0953998566
    },
    "barkbands_flatness_db": {
        "dmean": 0.0232900828123,
        "dmean2": 0.0373099260032,
        "dvar": 0.000460660579847,
        "dvar2": 0.00115980883129,
        "max": 0.283770352602,
        "mean": 0.123297356069,
        "median": 0.119115419686,
        "min": 0.0437581576407,
        "var": 0.00121887493879
    },
    "barkbands_kurtosis": {
        "dmean": 2.62928438187,
        "dmean2": 4.38174104691,
        "dvar": 22.8421936035,
        "dvar2": 57.2016067505,
        "max": 53.8146514893,
        "mean": 2.51483821869,
        "median": 0.765116930008,
        "min": -1.83090829849,
        "var": 32.5232315063
    },
    "barkbands_skewness": {
        "dmean": 0.648320674896,
        "dmean2": 1.00755894184,
        "dvar": 0.488741189241,
        "dvar2": 1.15940535069,
        "max": 6.75621938705,
        "mean": 1.15722048283,
        "median": 0.977739691734,
        "min": -2.75361037254,
        "var": 1.06487488747
    },
    "barkbands_spread": {
        "dmean": 6.38586759567,
        "dmean2": 9.80371189117,
        "dvar": 46.7112731934,
        "dvar2": 102.175926208,
        "max": 99.2120742798,
        "mean": 22.5992069244,
        "median": 20.0576305389,
        "min": 2.22503185272,
        "var": 142.419235229
    },
    "dissonance": {
        "dmean": 0.0187316630036,
        "dmean2": 0.0316184423864,
        "dvar": 0.000298718252452,
        "dvar2": 0.000804729177617,
        "max": 0.500000059605,
        "mean": 0.470588505268,
        "median": 0.475743412971,
        "min": 0.345733880997,
        "var": 0.000489231490064
    },
    "dynamic_complexity": 1.70059204102,
    "erbbands_crest": {
        "dmean": 2.78878831863,
        "dmean2": 4.58577251434,
        "dvar": 7.1644744873,
        "dvar2": 18.4819946289,
        "max": 25.8991165161,
        "mean": 8.15868473053,
        "median": 7.05873918533,
        "min": 2.52790403366,
        "var": 15.1650085449
    },
    "erbbands_flatness_db": {
        "dmean": 0.0218717958778,
        "dmean2": 0.0321560390294,
        "dvar": 0.000392512505641,
        "dvar2": 0.000822334957775,
        "max": 0.32299810648,
        "mean": 0.155867010355,
        "median": 0.152689561248,
        "min": 0.0706832036376,
        "var": 0.00140908593312
    },
    "erbbands_kurtosis": {
        "dmean": 1.00926077366,
        "dmean2": 1.60863351822,
        "dvar": 1.84207046032,
        "dvar2": 4.43504524231,
        "max": 22.8350410461,
        "mean": 0.625509619713,
        "median": 0.219263076782,
        "min": -1.64394748211,
        "var": 3.02123618126
    },
    "erbbands_skewness": {
        "dmean": 0.396666020155,
        "dmean2": 0.596469163895,
        "dvar": 0.137727856636,
        "dvar2": 0.29900225997,
        "max": 4.33980989456,
        "mean": 0.428953558207,
        "median": 0.425737321377,
        "min": -2.80317354202,
        "var": 0.452768415213
    },
    "erbbands_spread": {
        "dmean": 8.76265144348,
        "dmean2": 13.3851728439,
        "dvar": 82.153793335,
        "dvar2": 192.438751221,
        "max": 112.624076843,
        "mean": 34.4095954895,
        "median": 29.793970108,
        "min": 4.07797241211,
        "var": 275.766601562
    },
    "hfc": {
        "dmean": 11.1176071167,
        "dmean2": 16.6405601501,
        "dvar": 172.50227356,
        "dvar2": 393.597412109,
        "max": 162.514602661,
        "mean": 33.0380020142,
        "median": 31.6555519104,
        "min": 1.88017463684,
        "var": 358.001586914
    },
    "melbands_crest": {
        "dmean": 4.05817604065,
        "dmean2": 6.62760305405,
        "dvar": 12.0400733948,
        "dvar2": 29.6909313202,
        "max": 29.3220863342,
        "mean": 11.202917099,
        "median": 10.0455684662,
        "min": 3.29241585732,
        "var": 21.698600769
    },
    "melbands_flatness_db": {
        "dmean": 0.0315727852285,
        "dmean2": 0.0483982823789,
        "dvar": 0.000995562295429,
        "dvar2": 0.00221388158388,
        "max": 0.348691016436,
        "mean": 0.156756415963,
        "median": 0.152649402618,
        "min": 0.0291841439903,
        "var": 0.0026717253495
    },
    "melbands_kurtosis": {
        "dmean": 6.72228956223,
        "dmean2": 11.2080421448,
        "dvar": 174.792236328,
        "dvar2": 438.253326416,
        "max": 160.654266357,
        "mean": 8.27622890472,
        "median": 3.62511062622,
        "min": -1.83208239079,
        "var": 230.822891235
    },
    "melbands_skewness": {
        "dmean": 0.867011547089,
        "dmean2": 1.35826969147,
        "dvar": 1.00175631046,
        "dvar2": 2.42674183846,
        "max": 10.232421875,
        "mean": 1.9434337616,
        "median": 1.61152422428,
        "min": -1.23744344711,
        "var": 1.98687744141
    },
    "melbands_spread": {
        "dmean": 10.0754566193,
        "dmean2": 15.7245864868,
        "dvar": 240.530883789,
        "dvar2": 462.938018799,
        "max": 220.541564941,
        "mean": 28.0744457245,
        "median": 24.5503482819,
        "min": 2.26019096375,
        "var": 464.776000977
    },
    "pitch_salience": {
        "dmean": 0.0877686142921,
        "dmean2": 0.144528657198,
        "dvar": 0.00625640014187,
        "dvar2": 0.0171769168228,
        "max": 0.830116689205,
        "mean": 0.611417889595,
        "median": 0.62627273798,
        "min": 0.181245714426,
        "var": 0.00999356620014
    },
    "silence_rate_20dB": {
        "dmean": 0,
        "dmean2": 0,
        "dvar": 0,
        "dvar2": 0,
        "max": 1,
        "mean": 1,
        "median": 1,
        "min": 1,
        "var": 0
    },
    "silence_rate_30dB": {
        "dmean": 0,
        "dmean2": 0,
        "dvar": 0,
        "dvar2": 0,
        "max": 1,
        "mean": 1,
        "median": 1,
        "min": 1,
        "var": 0
    },
    "silence_rate_60dB": {
        "dmean": 0.0108359130099,
        "dmean2": 0.0216886140406,
        "dvar": 0.010718443431,
        "dvar2": 0.0243167411536,
        "max": 1,
        "mean": 0.0108275329694,
        "median": 0,
        "min": 0,
        "var": 0.0107103288174
    },
    "spectral_centroid": {
        "dmean": 302.069213867,
        "dmean2": 455.393554688,
        "dvar": 106854.15625,
        "dvar2": 219977.796875,
        "max": 4888.70654297,
        "mean": 1402.99694824,
        "median": 1326.7734375,
        "min": 328.284179688,
        "var": 316915.46875
    },
    "spectral_complexity": {
        "dmean": 4.66950464249,
        "dmean2": 6.98373365402,
        "dvar": 15.8698530197,
        "dvar2": 31.9013175964,
        "max": 48,
        "mean": 26.2451667786,
        "median": 27,
        "min": 3,
        "var": 80.8703689575
    },
    "spectral_decrease": {
        "dmean": 4.28824753484e-09,
        "dmean2": 6.72642253008e-09,
        "dvar": 2.39409197243e-17,
        "dvar2": 5.92047111897e-17,
        "max": -2.88085583167e-10,
        "mean": -9.04520724987e-09,
        "median": -8.08246269912e-09,
        "min": -3.30796616765e-08,
        "var": 3.21057449268e-17
    },
    "spectral_energy": {
        "dmean": 0.0168377812952,
        "dmean2": 0.0262796506286,
        "dvar": 0.000346614688169,
        "dvar2": 0.000858631334268,
        "max": 0.127484291792,
        "mean": 0.0371353290975,
        "median": 0.0337396115065,
        "min": 0.00129937869497,
        "var": 0.000486635515699
    },
    "spectral_energyband_high": {
        "dmean": 0.000573345867451,
        "dmean2": 0.000815510109533,
        "dvar": 2.0240709091e-06,
        "dvar2": 4.42923055743e-06,
        "max": 0.0186090711504,
        "mean": 0.00118734221905,
        "median": 0.00073438801337,
        "min": 1.38082277772e-05,
        "var": 2.94177812066e-06
    },
    "spectral_energyband_low": {
        "dmean": 0.00996752176434,
        "dmean2": 0.01625848189,
        "dvar": 0.000329373840941,
        "dvar2": 0.000825891213026,
        "max": 0.108040064573,
        "mean": 0.00962241459638,
        "median": 0.0025503996294,
        "min": 3.1147833397e-06,
        "var": 0.000306072004605
    },
    "spectral_energyband_middle_high": {
        "dmean": 0.00419194996357,
        "dmean2": 0.00640903692693,
        "dvar": 2.54823844443e-05,
        "dvar2": 5.84180415899e-05,
        "max": 0.0790605768561,
        "mean": 0.0104225780815,
        "median": 0.00925326906145,
        "min": 0.000140808115248,
        "var": 6.2305618485e-05
    },
    "spectral_energyband_middle_low": {
        "dmean": 0.00879489257932,
        "dmean2": 0.0146304825321,
        "dvar": 8.91113450052e-05,
        "dvar2": 0.000231416212046,
        "max": 0.0977525040507,
        "mean": 0.0169168990105,
        "median": 0.0143403531983,
        "min": 0.000392157351598,
        "var": 0.000124980520923
    },
    "spectral_entropy": {
        "dmean": 0.147144883871,
        "dmean2": 0.213857874274,
        "dvar": 0.018819026649,
        "dvar2": 0.0370060391724,
        "max": 8.6699962616,
        "mean": 7.75480937958,
        "median": 7.75639009476,
        "min": 6.73470497131,
        "var": 0.0770655795932
    },
    "spectral_flux": {
        "dmean": 0.040007982403,
        "dmean2": 0.0580932758749,
        "dvar": 0.00160045817029,
        "dvar2": 0.00308295385912,
        "max": 0.344426959753,
        "mean": 0.130625724792,
        "median": 0.116918511689,
        "min": 0.0222364626825,
        "var": 0.00317248422652
    },
    "spectral_kurtosis": {
        "dmean": 1.22854554653,
        "dmean2": 1.91977000237,
        "dvar": 1.47444117069,
        "dvar2": 3.70824122429,
        "max": 12.8890867233,
        "mean": 3.95432019234,
        "median": 3.70477390289,
        "min": -0.878483057022,
        "var": 4.32946634293
    },
    "spectral_rms": {
        "dmean": 0.0013032737188,
        "dmean2": 0.00195067853201,
        "dvar": 1.58120133165e-06,
        "dvar2": 3.66576614397e-06,
        "max": 0.0111523503438,
        "mean": 0.00575010757893,
        "median": 0.00573730701581,
        "min": 0.00112591590732,
        "var": 3.16580417348e-06
    },
    "spectral_rolloff": {
        "dmean": 643.230529785,
        "dmean2": 1009.59265137,
        "dvar": 972041.625,
        "dvar2": 1867591.625,
        "max": 10594.3359375,
        "mean": 1802.41027832,
        "median": 1442.72460938,
        "min": 86.1328125,
        "var": 2216972.75
    },
    "spectral_skewness": {
        "dmean": 0.203283652663,
        "dmean2": 0.29957279563,
        "dvar": 0.0318524092436,
        "dvar2": 0.0667931064963,
        "max": 2.58370184898,
        "mean": 1.56225609779,
        "median": 1.59378635883,
        "min": 0.149004533887,
        "var": 0.138714700937
    },
    "spectral_spread": {
        "dmean": 561347.9375,
        "dmean2": 805903.4375,
        "dvar": 349837000704,
        "dvar2": 676543463424,
        "max": 12551543,
        "mean": 4630734.5,
        "median": 4446199,
        "min": 2377804.25,
        "var": 1.57862854656e+12
    },
    "spectral_strongpeak": {
        "dmean": 0.893059253693,
        "dmean2": 1.48602700233,
        "dvar": 1.31962323189,
        "dvar2": 3.29387259483,
        "max": 10.0183734894,
        "mean": 1.26461279392,
        "median": 0.726589620113,
        "min": 0.0295439530164,
        "var": 1.95199847221
    },
    "zerocrossingrate": {
        "dmean": 0.014051313512,
        "dmean2": 0.0158697087318,
        "dvar": 0.00029781323974,
        "dvar2": 0.000304062181385,
        "max": 0.33837890625,
        "mean": 0.0731224790215,
        "median": 0.06396484375,
        "min": 0.017578125,
        "var": 0.00143181835301
    },
    "barkbands": {
        "dmean": [0.000160561976372, 0.00762948673218, 0.00281981052831, 0.00191208731849, 0.0030431789346, 0.00164667284116, 0.00138869869988, 0.00173353520222, 0.00309679680504, 0.00101008592173, 0.00092345289886, 0.00100400426891, 0.0013180996757, 0.000893987191375, 0.000707061321009, 0.000355813332135, 0.000360871694284, 0.000322789215716, 0.000210243742913, 9.72039997578e-05, 9.78342577582e-05, 0.000130639789859, 0.00016068079276, 0.00014375129831, 8.19865890662e-05, 4.19414100179e-05, 2.71525468776e-08],
        "dmean2": [0.000255744846072, 0.0128742549568, 0.00527198519558, 0.00349331391044, 0.00529647013173, 0.00281804380938, 0.00232005678117, 0.00279349833727, 0.00496182544157, 0.00166010041721, 0.001526658074, 0.00165369466413, 0.00216807448305, 0.0014727221569, 0.00114658649545, 0.00056881463388, 0.000584456429351, 0.000517105450854, 0.000335126009304, 0.00015130052634, 0.000150370047777, 0.000202713708859, 0.000238332475419, 0.000212142331293, 0.000126363287563, 6.83811958879e-05, 4.86053757243e-08],
        "dvar": [8.3470219181e-08, 0.000225684678298, 3.97111580241e-05, 1.45713993334e-05, 1.74989036168e-05, 5.327818144e-06, 4.83331132273e-06, 6.9988186624e-06, 2.51724904956e-05, 1.91606682165e-06, 1.67860355305e-06, 1.93630853573e-06, 8.1133139247e-06, 3.95899132855e-06, 5.64144556847e-06, 3.40220765338e-07, 5.14072667102e-07, 2.13920500869e-07, 6.99751367961e-08, 1.25897292591e-08, 1.52104515649e-08, 1.79798163913e-07, 2.99683705407e-07, 1.54524485652e-07, 4.43022933894e-08, 7.39102690162e-09, 5.92036134879e-15],
        "dvar2": [1.91976980091e-07, 0.000596635218244, 0.000114441943879, 4.19889111072e-05, 4.76925961266e-05, 1.39372305057e-05, 1.26294999063e-05, 1.67401030922e-05, 5.89290357311e-05, 4.61522313344e-06, 4.61065246782e-06, 4.84358952235e-06, 2.07139801205e-05, 9.89497857518e-06, 1.26619270304e-05, 7.95120968178e-07, 1.35036475513e-06, 5.02894522469e-07, 1.69663280758e-07, 2.89883725912e-08, 3.38980044035e-08, 4.48179292789e-07, 6.80528614794e-07, 3.45859064055e-07, 1.02728598961e-07, 1.9198843404e-08, 1.61523389336e-14],
        "max": [0.00235642842017, 0.0953529253602, 0.0369053483009, 0.0276462528855, 0.0336832329631, 0.0195799171925, 0.0350317321718, 0.0326972864568, 0.0946700870991, 0.0136593906209, 0.0113002313301, 0.0148433353752, 0.0458966493607, 0.0286723226309, 0.0626416504383, 0.00919544138014, 0.0126743391156, 0.00715256482363, 0.00312228943221, 0.00144810427446, 0.0016127639683, 0.00607750285417, 0.00888831540942, 0.0061545772478, 0.00478089414537, 0.000983107369393, 9.1962579063e-07],
        "mean": [0.000152061926201, 0.00642364053056, 0.00223599863239, 0.00180052604992, 0.00388051918708, 0.00212590675801, 0.00200168578885, 0.002404976869, 0.00428687268868, 0.00165947480127, 0.00133391958661, 0.00143835577182, 0.00181388983037, 0.00116234924644, 0.000913954223506, 0.000617352663539, 0.000599832856096, 0.000557924387977, 0.000416160124587, 0.000215067062527, 0.000193963118363, 0.000223669005209, 0.000259454071056, 0.00024819598184, 0.000120868666272, 4.8709094699e-05, 1.94777420859e-08],
        "median": [2.65399066848e-05, 0.00112170237117, 0.000531055033207, 0.000685470877215, 0.00275962846354, 0.00120477413293, 0.00106472952757, 0.00116630026605, 0.00198243767954, 0.00090297445422, 0.000709018670022, 0.000790529767983, 0.000851494551171, 0.000558471132535, 0.000447557569714, 0.000348272675183, 0.000373016897356, 0.000339341931976, 0.000297766644508, 0.000166488200193, 0.000141771815834, 0.000141039941809, 0.000121796227177, 0.000111284956802, 6.15914395894e-05, 2.06104050449e-05, 1.35453903649e-09],
        "min": [4.07106490741e-08, 1.76327603185e-07, 6.4836157776e-08, 9.7598353932e-07, 2.62547746388e-05, 1.46855109051e-05, 3.37261735694e-06, 8.95373341336e-06, 1.06560200948e-05, 2.51315805144e-06, 1.09115590021e-05, 3.66830226994e-06, 5.55326732865e-06, 8.25854658615e-06, 4.76059403809e-06, 6.19753973297e-06, 3.82922962672e-06, 4.51989444628e-06, 3.92936317439e-06, 2.96532289212e-06, 1.89865374978e-06, 2.61421178038e-06, 1.25294241116e-06, 2.18046579903e-06, 6.69313209301e-08, 9.23559229093e-10, 8.02065098365e-12],
        "var": [8.89796112347e-08, 0.00018145312788, 2.47260795732e-05, 9.98581072054e-06, 1.65772016771e-05, 6.81005030856e-06, 7.41261601434e-06, 1.11435665531e-05, 4.00273602281e-05, 4.04955426347e-06, 2.64310551756e-06, 3.07329560201e-06, 9.75317834673e-06, 4.82012046632e-06, 5.88903230891e-06, 6.44059639399e-07, 6.34895229723e-07, 4.11798083633e-07, 1.64087509802e-07, 3.56796689971e-08, 3.19714139607e-08, 1.80296794383e-07, 3.47566981418e-07, 2.35530237092e-07, 5.5840740032e-08, 6.76387079679e-09, 4.42609951511e-15]
    },
    "erbbands": {
        "dmean": [0.19824193418, 1.81588888168, 3.27053928375, 5.21662282944, 6.54042434692, 10.3886270523, 20.3216876984, 12.4595041275, 14.3058338165, 28.2280292511, 39.206905365, 73.0930099487, 40.3133087158, 34.3370437622, 39.2479095459, 32.926990509, 56.2891769409, 49.5147285461, 33.7895927429, 26.0515346527, 19.7386112213, 18.7598648071, 17.2991523743, 13.9903888702, 7.76104736328, 4.35007333755, 4.31456947327, 3.46437335014, 4.20900535583, 4.93713283539, 4.73446130753, 4.37681627274, 1.77860343456, 1.06093621254, 0.517570614815, 0.222626581788, 0.078198812902, 0.00619017612189, 0.000121345037769, 2.39801793214e-05],
        "dmean2": [0.324819564819, 3.19760370255, 5.99200439453, 9.68154811859, 11.8129768372, 17.9751491547, 34.9951286316, 21.2767620087, 24.0487442017, 46.9072723389, 63.7032470703, 117.666923523, 63.8472480774, 56.5699920654, 64.3358154297, 53.3440704346, 91.8933563232, 79.5214233398, 53.1267852783, 40.5200195312, 31.1741981506, 30.1155147552, 27.7135887146, 22.5198669434, 12.1641492844, 6.62095069885, 6.54840612411, 5.31698274612, 6.71352005005, 7.49333143234, 7.11307573318, 6.65098810196, 2.64977955818, 1.6296415329, 0.816494822502, 0.357049018145, 0.129708021879, 0.0107399681583, 0.000203445539228, 3.72289141524e-05],
        "dvar": [0.141962513328, 13.359003067, 47.3588294983, 121.64037323, 137.222106934, 212.493927002, 1213.13647461, 322.451782227, 610.795898438, 1859.30187988, 3760.14550781, 13489.0429688, 4360.62255859, 2331.66186523, 3078.90698242, 1894.39746094, 16368.875, 12571.7998047, 5245.18017578, 9291.06542969, 1091.37878418, 1126.25524902, 658.611633301, 382.02154541, 81.041557312, 24.6281871796, 28.9120998383, 20.4479560852, 134.209899902, 353.298828125, 250.636825562, 204.582290649, 15.9238185883, 7.18059539795, 1.99749684334, 0.182337790728, 0.0279835909605, 0.000210766331293, 6.83241054844e-08, 6.79814704529e-10],
        "dvar2": [0.351889103651, 36.2883377075, 133.361862183, 349.882202148, 395.987457275, 586.235595703, 3241.1027832, 839.647766113, 1608.98706055, 4844.00830078, 8760.42773438, 32964.2734375, 9809.76953125, 5959.59472656, 8004.98925781, 4768.515625, 41362.6796875, 31015.5605469, 12105.6630859, 20143.3691406, 2564.53979492, 2901.92382812, 1541.09313965, 925.80267334, 185.944839478, 57.4317092896, 62.3389930725, 48.5786590576, 346.592956543, 819.94317627, 581.498168945, 468.961303711, 34.0701332092, 15.6814002991, 4.82485628128, 0.453821390867, 0.07518902421, 0.000575940764975, 1.84336030884e-07, 1.69226932467e-09],
        "max": [2.68471336365, 22.1165390015, 41.7734718323, 68.478729248, 89.6841812134, 130.415115356, 292.192260742, 195.613876343, 372.683105469, 570.091430664, 723.729309082, 1472.02307129, 1538.29724121, 450.868835449, 429.662353516, 392.598358154, 2357.96728516, 1652.67712402, 1099.9206543, 2883.62573242, 555.194030762, 503.459442139, 394.260681152, 193.476776123, 127.373565674, 67.8901443481, 67.2156982422, 48.3291397095, 188.625778198, 307.696411133, 229.11946106, 188.218017578, 67.0919113159, 53.7571487427, 35.6284675598, 4.21447658539, 1.93757414818, 0.191842779517, 0.00333092198707, 0.000193810104975],
        "mean": [0.170241132379, 1.47944056988, 2.68577885628, 4.51323843002, 7.27890014648, 13.3546209335, 21.7934989929, 17.0082969666, 22.7306003571, 41.9436149597, 56.4908447266, 100.601127625, 63.2557830811, 58.3225479126, 61.9203338623, 53.3610534668, 81.0354385376, 69.2197647095, 51.0383796692, 38.2301673889, 36.5031890869, 33.78074646, 31.8231830597, 26.0029277802, 16.8289813995, 10.003985405, 8.66907978058, 6.90500307083, 7.33695554733, 8.20703125, 7.51001119614, 6.54419851303, 3.30926966667, 1.64971196651, 0.704546689987, 0.290023803711, 0.0791508555412, 0.00531912827864, 0.000135741225677, 5.30692013854e-05],
        "median": [0.0239367838949, 0.277626872063, 0.752145349979, 1.81860220432, 4.098944664, 9.11669635773, 10.6400995255, 9.51388931274, 13.205283165, 24.2728061676, 29.7924633026, 46.968421936, 37.6408843994, 33.3452758789, 37.8854446411, 35.0047149658, 43.1596336365, 35.220413208, 29.9380550385, 22.3824939728, 22.0569591522, 22.6336669922, 19.9912662506, 16.5910720825, 12.674498558, 7.66783285141, 6.47131919861, 5.0823431015, 4.68925428391, 4.48044538498, 3.54128885269, 2.56498980522, 1.60916674137, 0.853376626968, 0.345601886511, 0.124402217567, 0.0288930535316, 0.00145731959492, 6.06961802987e-05, 4.75312735944e-05],
        "min": [1.37895804073e-05, 7.06480568624e-05, 0.000596089230385, 0.00252505578101, 0.0166402161121, 0.0997604131699, 0.231223806739, 0.0816803202033, 0.166635453701, 0.195435136557, 0.518766403198, 0.266626089811, 0.113328941166, 0.190994694829, 0.316613912582, 0.140653222799, 0.255243062973, 0.470244437456, 0.364486068487, 0.274405300617, 0.421389073133, 0.257274121046, 0.324720829725, 0.202656134963, 0.19795460999, 0.127107545733, 0.126300051808, 0.1159645468, 0.0794579833746, 0.0866813734174, 0.0293319392949, 0.0348674803972, 0.0395948775113, 0.0074612647295, 0.000792255683336, 5.70787415199e-05, 7.96200401965e-06, 1.15528507649e-06, 2.61128798229e-06, 3.26639792547e-06],
        "var": [0.126543581486, 9.94035816193, 31.4088306427, 77.7555465698, 98.7247085571, 219.323165894, 1028.22106934, 482.46963501, 858.970153809, 2751.79125977, 5781.42773438, 20381.7480469, 6838.40820312, 4729.98779297, 5144.58642578, 3308.26757812, 18842.0839844, 16548.796875, 6494.4375, 10016.4423828, 2220.16894531, 1637.06945801, 1318.32800293, 743.625244141, 239.494049072, 75.2761611938, 61.2567977905, 41.4359130859, 139.977874756, 373.940429688, 285.202301025, 254.101821899, 31.7581710815, 10.3393573761, 2.20521903038, 0.201733410358, 0.0226314589381, 0.000149956860696, 5.30816670619e-08, 9.42736999576e-10]
    },
    "gfcc": {
        "mean": [43.9770240784, 80.5860137939, -133.066513062, 21.1858253479, -74.1770095825, 19.9390525818, -45.8790283203, 11.8339233398, -26.6536102295, 0.716466426849, -15.4053878784, 0.0511206127703, -12.6961345673],
        "cov": [[1515.75634766, -58.0418319702, 2.81980538368, -28.1972103119, 197.356292725, 114.069572449, 101.042694092, 146.109237671, 59.1075668335, 77.5041732788, -19.389333725, 96.2582855225, -16.6261043549], [-58.0418319702, 1039.75549316, 185.21862793, 184.118438721, 409.857696533, 119.530982971, 200.576034546, 20.5982570648, 150.25302124, -53.371887207, 123.766616821, -88.8318862915, -5.90257883072], [2.81980538368, 185.21862793, 865.337158203, 386.338287354, 185.888168335, 211.298538208, 120.434257507, 53.2961006165, 33.1281242371, 76.9475631714, -36.9411621094, 2.88251423836, -15.4831790924], [-28.1972103119, 184.118438721, 386.338287354, 512.254882812, 204.501113892, 156.620056152, 71.4953308105, 41.6843299866, 106.801773071, -25.3774223328, 60.4128036499, -31.7561321259, 34.9966506958], [197.356292725, 409.857696533, 185.888168335, 204.501113892, 363.405914307, 146.280410767, 122.44229126, 64.9226455688, 105.725753784, 12.6838359833, 48.1365661621, -15.4540090561, -4.25144195557], [114.069572449, 119.530982971, 211.298538208, 156.620056152, 146.280410767, 225.851409912, 123.346084595, 43.3177947998, 56.4672431946, 31.0666217804, 32.245880127, -28.606048584, -2.05566000938], [101.042694092, 200.576034546, 120.434257507, 71.4953308105, 122.44229126, 123.346084595, 178.832580566, 64.6190795898, 45.4712028503, 16.8804187775, 35.8466148376, -1.86633276939, -16.2928791046], [146.109237671, 20.5982570648, 53.2961006165, 41.6843299866, 64.9226455688, 43.3177947998, 64.6190795898, 117.622947693, 52.0793571472, 33.5574302673, 13.4948787689, 30.8848114014, 13.9239606857], [59.1075668335, 150.25302124, 33.1281242371, 106.801773071, 105.725753784, 56.4672431946, 45.4712028503, 52.0793571472, 120.342079163, 21.3707199097, 42.7245063782, -14.867430687, 18.5267505646], [77.5041732788, -53.371887207, 76.9475631714, -25.3774223328, 12.6838359833, 31.0666217804, 16.8804187775, 33.5574302673, 21.3707199097, 110.068901062, -5.29480409622, 22.9349060059, -2.43538117409], [-19.389333725, 123.766616821, -36.9411621094, 60.4128036499, 48.1365661621, 32.245880127, 35.8466148376, 13.4948787689, 42.7245063782, -5.29480409622, 104.345756531, 5.93639230728, 8.99574565887], [96.2582855225, -88.8318862915, 2.88251423836, -31.7561321259, -15.4540090561, -28.606048584, -1.86633276939, 30.8848114014, -14.867430687, 22.9349060059, 5.93639230728, 93.3864517212, 25.5264816284], [-16.6261043549, -5.90257883072, -15.4831790924, 34.9966506958, -4.25144195557, -2.05566000938, -16.2928791046, 13.9239606857, 18.5267505646, -2.43538117409, 8.99574565887, 25.5264816284, 80.0464553833]],
        "icov": [[0.000942002108786, 0.000187882396858, 0.000241985166213, 0.000155084489961, -0.000674428069033, -0.00055407785112, 7.12153341738e-05, -0.000567889772356, -0.000271327357041, 1.16701739898e-05, 0.000601686828304, -0.00108561350498, 0.000593478791416], [0.000187882396858, 0.00440500769764, -0.00204051076435, 0.0027137498837, -0.00484491046518, 0.00382725498639, -0.0039184615016, 0.0023578228429, -0.00249296077527, 0.00269617163576, -0.00423965835944, 0.0044928714633, -0.00288133067079], [0.000241985166213, -0.00204051076435, 0.00406624795869, -0.00393634615466, 0.00197128742002, -0.00303773791529, 0.00101818295661, -0.000951250549406, 0.00261959154159, -0.00360364560038, 0.00470412848517, -0.003667476587, 0.00273164873943], [0.000155084489961, 0.0027137498837, -0.00393634615466, 0.00739354873076, -0.00386176933534, 0.00128385552671, -0.000672873749863, 0.000985431368463, -0.00436174543574, 0.00526422215626, -0.00522100972012, 0.00383000518195, -0.00370701495558], [-0.000674428069033, -0.00484491046518, 0.00197128742002, -0.00386176933534, 0.0106643764302, -0.00515955174342, 0.00279420963489, -0.0022570961155, -0.000236737163505, -0.00221914798021, 0.00448783207685, -0.00520212529227, 0.00410946877673], [-0.00055407785112, 0.00382725498639, -0.00303773791529, 0.00128385552671, -0.00515955174342, 0.0144573943689, -0.00887792836875, 0.00278386077844, -0.000982977566309, -0.00035577089875, -0.00553525425494, 0.00891758408397, -0.00518083246425], [7.12153341738e-05, -0.0039184615016, 0.00101818295661, -0.000672873749863, 0.00279420963489, -0.00887792836875, 0.0159949436784, -0.00704810908064, 0.00199717842042, -0.00011456393986, 0.00125765032135, -0.00492748012766, 0.0055833356455], [-0.000567889772356, 0.0023578228429, -0.000951250549406, 0.000985431368463, -0.0022570961155, 0.00278386077844, -0.00704810908064, 0.0172487720847, -0.00718699581921, -0.000415744725615, -0.000151925327373, -0.00250161648728, -0.0025766894687], [-0.000271327357041, -0.00249296077527, 0.00261959154159, -0.00436174543574, -0.000236737163505, -0.000982977566309, 0.00199717842042, -0.00718699581921, 0.0203187353909, -0.00656706187874, -0.00167447666172, 0.00397317390889, -0.00218906975351], [1.16701739898e-05, 0.00269617163576, -0.00360364560038, 0.00526422215626, -0.00221914798021, -0.00035577089875, -0.00011456393986, -0.000415744725615, -0.00656706187874, 0.0158670600504, -0.00273369974457, -0.000548845797312, -0.000390409608372], [0.000601686828304, -0.00423965835944, 0.00470412848517, -0.00522100972012, 0.00448783207685, -0.00553525425494, 0.00125765032135, -0.000151925327373, -0.00167447666172, -0.00273369974457, 0.0193362571299, -0.00951943360269, 0.0045505752787], [-0.00108561350498, 0.0044928714633, -0.003667476587, 0.00383000518195, -0.00520212529227, 0.00891758408397, -0.00492748012766, -0.00250161648728, 0.00397317390889, -0.000548845797312, -0.00951943360269, 0.0243669562042, -0.0105301588774], [0.000593478791416, -0.00288133067079, 0.00273164873943, -0.00370701495558, 0.00410946877673, -0.00518083246425, 0.0055833356455, -0.0025766894687, -0.00218906975351, -0.000390409608372, 0.0045505752787, -0.0105301588774, 0.0195639245212]]
    },
    "melbands": {
        "dmean": [0.00196239072829, 0.00193427351769, 0.000947249762248, 0.000527094234712, 0.000691549445037, 0.000274934136542, 0.000243664573645, 0.000330729555571, 0.000334982614731, 0.000487646175316, 0.000203175746719, 0.000143334749737, 0.000119182426715, 0.000124392667203, 9.46051077335e-05, 0.000146154736285, 9.05462657101e-05, 5.48794487258e-05, 5.61586712138e-05, 2.65156322712e-05, 2.3706439606e-05, 2.0992323698e-05, 2.06598924706e-05, 1.29089658003e-05, 1.22591254694e-05, 7.23526363799e-06, 4.63967990072e-06, 2.84855923383e-06, 2.69008478426e-06, 2.75095521829e-06, 1.89958268493e-06, 2.19187313633e-06, 3.24782013195e-06, 2.61490845332e-06, 2.49072286351e-06, 3.66262634088e-06, 2.40508506977e-06, 1.37254323818e-06, 1.04928915334e-06, 9.28325789573e-07],
        "dmean2": [0.00327469268814, 0.00347328511998, 0.00174980564043, 0.000931162387133, 0.00118301494513, 0.000471010687761, 0.00040750449989, 0.000543606409337, 0.00054943212308, 0.000781196926255, 0.000323478481732, 0.000237627144088, 0.000194667954929, 0.00020431917801, 0.00015526075731, 0.000239449029323, 0.000147590049892, 8.74277611729e-05, 9.10281960387e-05, 4.14482419728e-05, 3.82136786357e-05, 3.43220526702e-05, 3.32639319822e-05, 2.10242724279e-05, 1.99497244466e-05, 1.13953428809e-05, 7.31376485419e-06, 4.43897442892e-06, 4.14235501012e-06, 4.19285515818e-06, 2.98960503642e-06, 3.52367260348e-06, 5.06155583935e-06, 4.03603735322e-06, 3.83609221899e-06, 5.71206510358e-06, 3.70950533579e-06, 2.0836935164e-06, 1.59608759986e-06, 1.45814021835e-06],
        "dvar": [1.46368583955e-05, 1.44205469041e-05, 3.8103364659e-06, 5.81829340263e-07, 1.31060085096e-06, 1.58993259447e-07, 1.5206906312e-07, 2.32590608107e-07, 2.80816067288e-07, 6.53215408875e-07, 1.15173094173e-07, 4.2007858525e-08, 2.69134403652e-08, 3.04398746209e-08, 3.07371195163e-08, 1.16440865838e-07, 4.68680561028e-08, 1.12323323975e-08, 4.83771884774e-08, 2.89200419168e-09, 1.74894176919e-09, 1.96419769338e-09, 1.18657073056e-09, 2.93134960749e-10, 3.1968000469e-10, 7.11581002455e-11, 3.30577336338e-11, 1.12509107933e-11, 1.07681311784e-11, 1.4498293191e-11, 6.39548049935e-12, 2.30715533484e-11, 1.56265680951e-10, 8.91485496535e-11, 5.08477530914e-11, 1.98774566251e-10, 4.53277589074e-11, 8.86537718237e-12, 5.62784280983e-12, 6.47276503229e-12],
        "dvar2": [3.74827723135e-05, 3.89933593397e-05, 1.10048049464e-05, 1.66417953551e-06, 3.5052369185e-06, 4.14700423335e-07, 3.97202086333e-07, 6.07678259712e-07, 6.72454575579e-07, 1.56202543167e-06, 2.57227242173e-07, 1.05457786503e-07, 7.19752293321e-08, 7.696844051e-08, 8.16134217985e-08, 2.93143358476e-07, 1.14857421352e-07, 2.65502446695e-08, 1.07280413886e-07, 6.80029188516e-09, 4.20732604312e-09, 5.15914377885e-09, 2.89759194416e-09, 7.08422875917e-10, 7.90013110485e-10, 1.65953792375e-10, 7.56036205862e-11, 2.85157123608e-11, 2.37573242329e-11, 3.39746668299e-11, 1.60915898662e-11, 6.1300291232e-11, 3.90039472942e-10, 2.02284994311e-10, 1.2074759248e-10, 4.58272753079e-10, 1.05850384013e-10, 2.01158291413e-11, 1.19495385809e-11, 1.49741226363e-11],
        "max": [0.0248409174383, 0.0242833830416, 0.0128088602796, 0.0067798094824, 0.00990256760269, 0.00488558970392, 0.00491999136284, 0.0051390635781, 0.00553664471954, 0.0127451634035, 0.00803602393717, 0.00204047933221, 0.00129662780091, 0.00192972470541, 0.00185191596393, 0.00517570972443, 0.00324598536827, 0.00154538045172, 0.00612313253805, 0.00103854713961, 0.000738266389817, 0.000765390577726, 0.000541625951882, 0.000155897083459, 0.000177948561031, 0.000135387352202, 7.48261518311e-05, 3.94345370296e-05, 4.15109498135e-05, 6.61506128381e-05, 2.81945322058e-05, 8.74788383953e-05, 0.000195631029783, 0.00018447288312, 0.00011126469326, 0.000200698370463, 9.05544511625e-05, 4.52518979728e-05, 4.3038817239e-05, 5.57083512831e-05],
        "mean": [0.0016995012993, 0.00165288138669, 0.000885757210199, 0.000688638945576, 0.000776060507633, 0.000374121271307, 0.000376394746127, 0.000490615784656, 0.000461997959064, 0.000661030877382, 0.000308261194732, 0.000235835410422, 0.000186027958989, 0.000182294577826, 0.000130204134621, 0.000197722154553, 0.000118007548735, 7.92433638708e-05, 7.07208091626e-05, 4.13229900005e-05, 4.12690278608e-05, 3.40795631928e-05, 3.50092741428e-05, 2.29681627388e-05, 2.1308180294e-05, 1.43141633089e-05, 9.22063645703e-06, 5.9017811509e-06, 5.27746578882e-06, 4.90231968797e-06, 3.62852210856e-06, 3.80336427952e-06, 4.84326574224e-06, 4.33647937825e-06, 4.0584927774e-06, 4.86166891278e-06, 3.60630724572e-06, 2.3934373985e-06, 1.72471141013e-06, 1.28663953092e-06],
        "median": [0.000272173812846, 0.000450349180028, 0.000399992335588, 0.000492974184453, 0.000413833389757, 0.000209947800613, 0.000210925005376, 0.000276566075627, 0.00023585150484, 0.000286171154585, 0.000179703652975, 0.000123211750179, 0.000113879883429, 0.000103135062091, 6.92331814207e-05, 8.42977606226e-05, 5.46608534933e-05, 4.28216189903e-05, 3.21254228766e-05, 2.18442182813e-05, 2.3026845156e-05, 2.12356699194e-05, 2.00533540919e-05, 1.51061949509e-05, 1.30503494802e-05, 1.0482774087e-05, 6.58423687128e-06, 4.44828174295e-06, 3.89620890928e-06, 3.45128728441e-06, 2.65598919214e-06, 2.54227347796e-06, 2.70361010735e-06, 2.30683690461e-06, 2.08971664506e-06, 1.72302236479e-06, 1.49259926729e-06, 1.13521207368e-06, 8.45918464165e-07, 6.17331636477e-07],
        "min": [1.19652625585e-07, 2.02619190759e-07, 4.63109444127e-07, 4.70969462185e-06, 9.25338463276e-06, 1.81193274784e-06, 2.31148351304e-06, 2.11121096072e-06, 3.13018426823e-06, 1.03882291569e-06, 4.71490864129e-07, 4.28502801242e-07, 1.25694032249e-06, 4.54016429785e-07, 3.26641099946e-07, 6.98776148056e-07, 7.2350053415e-07, 6.30148917935e-07, 3.76958666948e-07, 3.88110521499e-07, 4.94001199058e-07, 2.08578967431e-07, 2.92446230787e-07, 2.3682157746e-07, 1.49509943981e-07, 1.44711975736e-07, 1.32571571498e-07, 6.45222115736e-08, 5.89146722518e-08, 3.86965766097e-08, 3.7520020868e-08, 3.98779178568e-08, 6.69453754654e-08, 3.64913717021e-08, 1.45371519267e-08, 1.25776136173e-08, 3.00984766e-08, 1.92204350213e-08, 4.50733256274e-10, 1.00735191022e-10],
