{
"highlevel": {
    "danceability": {
        "all": {
            "danceable": 0.974279642105,
            "not_danceable": 0.0257203690708
        },
        "probability": 0.974279642105,
        "value": "danceable"
    },
    "gender": {
        "all": {
            "female": 0.96791523695,
            "male": 0.0320847630501
        },
        "probability": 0.96791523695,
        "value": "female"
    },
    "genre_dortmund": {
        "all": {
            "alternative": 0.0045759328641,
            "blues": 0.00431281747296,
            "electronic": 0.0218222662807,
            "folkcountry": 0.00160023465287,
            "funksoulrnb": 0.00648343469948,
            "jazz": 0.0132575398311,
            "pop": 0.00560230901465,
            "raphiphop": 0.937654256821,
            "rock": 0.0046912105754
        },
        "probability": 0.937654256821,
        "value": "raphiphop"
    },
    "genre_electronic": {
        "all": {
            "ambient": 0.6466588974,
            "dnb": 0.0684774816036,
            "house": 0.153324276209,
            "techno": 0.0582172684371,
            "trance": 0.0733220800757
        },
        "probability": 0.6466588974,
        "value": "ambient"
    },
    "genre_rosamerica": {
        "all": {
            "cla": 0.0144121367484,
            "dan": 0.116808116436,
            "hip": 0.721373200417,
            "jaz": 0.0322633311152,
            "pop": 0.00718683563173,
            "rhy": 0.0645758658648,
            "roc": 0.00348891061731,
            "spe": 0.03989161551
        },
        "probability": 0.721373200417,
        "value": "hip"
    },
    "genre_tzanetakis": {
        "all": {
            "blu": 0.0565534643829,
            "cla": 0.0791661888361,
            "cou": 0.0791607648134,
            "dis": 0.0791612118483,
            "hip": 0.065970800817,
            "jaz": 0.197922214866,
            "met": 0.0791786834598,
            "pop": 0.131962522864,
            "reg": 0.0989693254232,
            "roc": 0.131954818964
        },
        "probability": 0.197922214866,
        "value": "jaz"
    },
    "ismir04_rhythm": {
        "all": {
            "ChaChaCha": 0.269396275282,
            "Jive": 0.0218358896673,
            "Quickstep": 0.0871533453465,
            "Rumba-American": 0.0178936719894,
            "Rumba-International": 0.027880448848,
            "Rumba-Misc": 0.0128147788346,
            "Samba": 0.374258369207,
            "Tango": 0.159520551562,
            "VienneseWaltz": 0.0211187377572,
            "Waltz": 0.00812793988734
        },
        "probability": 0.374258369207,
        "value": "Samba"
    },
    "mood_acoustic": {
        "all": {
            "acoustic": 0.424824625254,
            "not_acoustic": 0.575175404549
        },
        "probability": 0.575175404549,
        "value": "not_acoustic"
    },
    "mood_aggressive": {
        "all": {
            "aggressive": 0.297321110964,
            "not_aggressive": 0.702678859234
        },
        "probability": 0.702678859234,
        "value": "not_aggressive"
    },
    "mood_electronic": {
        "all": {
            "electronic": 0.598875164986,
            "not_electronic": 0.401124835014
        },
        "probability": 0.598875164986,
        "value": "electronic"
    },
    "mood_happy": {
        "all": {
            "happy": 0.0874937102199,
            "not_happy": 0.91250628233
        },
        "probability": 0.91250628233,
        "value": "not_happy"
    },
    "mood_party": {
        "all": {
            "not_party": 0.846265912056,
            "party": 0.153734073043
        },
        "probability": 0.846265912056,
        "value": "not_party"
    },
    "mood_relaxed": {
        "all": {
            "not_relaxed": 0.514069437981,
            "relaxed": 0.485930532217
        },
        "probability": 0.514069437981,
        "value": "not_relaxed"
    },
    "mood_sad": {
        "all": {
            "not_sad": 0.426464051008,
            "sad": 0.573535978794
        },
        "probability": 0.573535978794,
        "value": "sad"
    },
    "moods_mirex": {
        "all": {
            "Cluster1": 0.0900412723422,
            "Cluster2": 0.331052452326,
            "Cluster3": 0.106390856206,
            "Cluster4": 0.406350344419,
            "Cluster5": 0.0661650598049
        },
        "probability": 0.406350344419,
        "value": "Cluster4"
    },
    "timbre": {
        "all": {
            "bright": 0.647041678429,
            "dark": 0.352958351374
        },
        "probability": 0.647041678429,
        "value": "bright"
    },
    "tonal_atonal": {
        "all": {
            "atonal": 0.794502496719,
            "tonal": 0.205497488379
        },
        "probability": 0.794502496719,
        "value": "atonal"
    },
    "voice_instrumental": {
        "all": {
            "instrumental": 0.831435620785,
            "voice": 0.168564394116
        },
        "probability": 0.831435620785,
        "value": "instrumental"
    }
},
"lowlevel": {
    "average_loudness": 0.979266643524,
    "barkbands_crest": {
        "dmean": 4.07022333145,
        "dmean2": 5.77474212646,
        "dvar": 13.3396787643,
        "dvar2": 28.4231758118,
        "max": 26.7514133453,
        "mean": 14.4485797882,
        "median": 13.6650953293,
        "min": 2.05305171013,
        "var": 45.8195648193
    },
    "barkbands_flatness_db": {
        "dmean": 0.0470336899161,
        "dmean2": 0.0643782317638,
        "dvar": 0.00241030566394,
        "dvar2": 0.0044526993297,
        "max": 0.577196240425,
        "mean": 0.220492258668,
        "median": 0.210282787681,
        "min": 0.0591150335968,
        "var": 0.00792572461069
    },
    "barkbands_kurtosis": {
        "dmean": 13.1088018417,
        "dmean2": 19.9307308197,
        "dvar": 1709.52380371,
        "dvar2": 3701.7253418,
        "max": 853.20300293,
        "mean": 14.9543542862,
        "median": 3.29172754288,
        "min": -1.90213191509,
        "var": 2211.65014648
    },
    "barkbands_skewness": {
        "dmean": 1.29013216496,
        "dmean2": 1.87467515469,
        "dvar": 2.46347856522,
        "dvar2": 5.21719503403,
        "max": 24.8839511871,
        "mean": 2.39479374886,
        "median": 1.83100450039,
        "min": -2.35361552238,
        "var": 6.23665809631
    },
    "barkbands_spread": {
        "dmean": 8.77215766907,
        "dmean2": 13.6482858658,
        "dvar": 140.189041138,
        "dvar2": 298.065490723,
        "max": 111.294578552,
        "mean": 16.6293430328,
        "median": 11.8462743759,
        "min": 0.0919748917222,
        "var": 240.675094604
    },
    "dissonance": {
        "dmean": 0.0287332125008,
        "dmean2": 0.0460043698549,
        "dvar": 0.000767046993133,
        "dvar2": 0.0017932925839,
        "max": 0.499777019024,
        "mean": 0.446540653706,
        "median": 0.457490712404,
        "min": 0.268031924963,
        "var": 0.00185361341573
    },
    "dynamic_complexity": 3.15040326118,
    "erbbands_crest": {
        "dmean": 4.48311328888,
        "dmean2": 7.11301898956,
        "dvar": 16.811460495,
        "dvar2": 34.947177887,
        "max": 32.2963066101,
        "mean": 12.5437269211,
        "median": 11.2739295959,
        "min": 2.62253904343,
        "var": 38.2707672119
    },
    "erbbands_flatness_db": {
        "dmean": 0.0373983606696,
        "dmean2": 0.053191985935,
        "dvar": 0.00140528625343,
        "dvar2": 0.0025380528532,
        "max": 0.396291404963,
        "mean": 0.211426392198,
        "median": 0.209178775549,
        "min": 0.0733450353146,
        "var": 0.00430431496352
    },
    "erbbands_kurtosis": {
        "dmean": 2.85593414307,
        "dmean2": 4.69301223755,
        "dvar": 35.1606941223,
        "dvar2": 73.404548645,
        "max": 102.473693848,
        "mean": 2.17326307297,
        "median": 0.534810066223,
        "min": -1.81040489674,
        "var": 46.2795639038
    },
    "erbbands_skewness": {
        "dmean": 0.781393408775,
        "dmean2": 1.16757047176,
        "dvar": 0.633191585541,
        "dvar2": 1.3342975378,
        "max": 8.95760726929,
        "mean": 0.734684407711,
        "median": 0.624800860882,
        "min": -2.36718034744,
        "var": 1.46255743504
    },
    "erbbands_spread": {
        "dmean": 12.1802282333,
        "dmean2": 18.9778423309,
        "dvar": 210.70501709,
        "dvar2": 467.12902832,
        "max": 164.300308228,
        "mean": 33.0939559937,
        "median": 27.0016326904,
        "min": 1.63626277447,
        "var": 546.872070312
    },
    "hfc": {
        "dmean": 12.4619026184,
        "dmean2": 18.4053344727,
        "dvar": 300.031433105,
        "dvar2": 662.969177246,
        "max": 139.797653198,
        "mean": 20.6230869293,
        "median": 11.7942171097,
        "min": 0.00562946358696,
        "var": 521.23828125
    },
    "melbands_crest": {
        "dmean": 4.96235752106,
        "dmean2": 7.58787536621,
        "dvar": 20.7084350586,
        "dvar2": 47.111782074,
        "max": 32.0542221069,
        "mean": 18.6888809204,
        "median": 19.1431846619,
        "min": 2.48570680618,
        "var": 54.1777229309
    },
    "melbands_flatness_db": {
        "dmean": 0.06016241014,
        "dmean2": 0.0798604786396,
        "dvar": 0.00412673829123,
        "dvar2": 0.0074254591018,
        "max": 0.70684927702,
        "mean": 0.262867301702,
        "median": 0.246975705028,
        "min": 0.0236017201096,
        "var": 0.0159001164138
    },
    "melbands_kurtosis": {
        "dmean": 21.1367740631,
        "dmean2": 32.2815933228,
        "dvar": 1547.58044434,
        "dvar2": 3512.39501953,
        "max": 472.924987793,
        "mean": 28.46833992,
        "median": 10.4946670532,
        "min": -1.77744364738,
        "var": 2787.48657227
    },
    "melbands_skewness": {
        "dmean": 1.53344833851,
        "dmean2": 2.24402141571,
        "dvar": 2.66152334213,
        "dvar2": 6.04486227036,
        "max": 17.9166603088,
        "mean": 3.41126036644,
        "median": 2.75159597397,
        "min": -1.20766472816,
        "var": 7.8315114975
    },
    "melbands_spread": {
        "dmean": 12.2678976059,
        "dmean2": 19.4406642914,
        "dvar": 411.141052246,
        "dvar2": 998.57434082,
        "max": 247.4737854,
        "mean": 19.1563720703,
        "median": 12.3450527191,
        "min": 0.233724921942,
        "var": 522.864196777
    },
    "pitch_salience": {
        "dmean": 0.12281639874,
        "dmean2": 0.183523312211,
        "dvar": 0.0141754001379,
        "dvar2": 0.0303781218827,
        "max": 0.890895962715,
        "mean": 0.456925809383,
        "median": 0.46387219429,
        "min": 0.0441153943539,
        "var": 0.0367317721248
    },
    "silence_rate_20dB": {
        "dmean": 0,
        "dmean2": 0,
        "dvar": 0,
        "dvar2": 0,
        "max": 1,
        "mean": 1,
        "median": 1,
        "min": 1,
        "var": 0
    },
    "silence_rate_30dB": {
        "dmean": 0.0278637763113,
        "dmean2": 0.0557707212865,
        "dvar": 0.0270878113806,
        "dvar2": 0.0805466249585,
        "max": 1,
        "mean": 0.986078858376,
        "median": 1,
        "min": 0,
        "var": 0.0137274432927
    },
    "silence_rate_60dB": {
        "dmean": 0.0595975220203,
        "dmean2": 0.119287371635,
        "dvar": 0.0560457855463,
        "dvar2": 0.12364898622,
        "max": 1,
        "mean": 0.0858468711376,
        "median": 0,
        "min": 0,
        "var": 0.0784773528576
    },
    "spectral_centroid": {
        "dmean": 426.188262939,
        "dmean2": 648.806945801,
        "dvar": 310711.6875,
        "dvar2": 685585.125,
        "max": 4776.10644531,
        "mean": 1165.14697266,
        "median": 998.093566895,
        "min": 99.8132324219,
        "var": 552717.875
    },
    "spectral_complexity": {
        "dmean": 5.15479898453,
        "dmean2": 8.16653728485,
        "dvar": 48.2096862793,
        "dvar2": 113.692512512,
        "max": 54,
        "mean": 13.5599384308,
        "median": 12,
        "min": 0,
        "var": 95.2302398682
    },
    "spectral_decrease": {
        "dmean": 4.16371204182e-09,
        "dmean2": 5.40216493761e-09,
        "dvar": 3.01761476247e-17,
        "dvar2": 6.76176806498e-17,
        "max": -4.1517557621e-12,
        "mean": -7.45510408962e-09,
        "median": -4.50239046046e-09,
        "min": -3.67915973243e-08,
        "var": 5.92894475716e-17
    },
    "spectral_energy": {
        "dmean": 0.0164194367826,
        "dmean2": 0.0211950410157,
        "dvar": 0.000443065742729,
        "dvar2": 0.0010019246256,
        "max": 0.140555694699,
        "mean": 0.0300078988075,
        "median": 0.0194593593478,
        "min": 1.62992528203e-05,
        "var": 0.000879251747392
    },
    "spectral_energyband_high": {
        "dmean": 0.000848628988024,
        "dmean2": 0.00136099231895,
        "dvar": 2.54864380622e-06,
        "dvar2": 5.32341346116e-06,
        "max": 0.011898836121,
        "mean": 0.00093132420443,
        "median": 8.45603935886e-05,
        "min": 1.71918692615e-08,
        "var": 3.49455172e-06
    },
    "spectral_energyband_low": {
        "dmean": 0.00678896391764,
        "dmean2": 0.00876696594059,
        "dvar": 0.000263159774477,
        "dvar2": 0.000577672210056,
        "max": 0.136264786124,
        "mean": 0.0127086313441,
        "median": 0.000155543166329,
        "min": 5.38145314977e-08,
        "var": 0.00060173321981
    },
    "spectral_energyband_middle_high": {
        "dmean": 0.00178835168481,
        "dmean2": 0.0029015284963,
        "dvar": 5.61671504329e-06,
        "dvar2": 1.35324980874e-05,
        "max": 0.0258740596473,
        "mean": 0.00398799125105,
        "median": 0.00237887515686,
        "min": 8.2193326989e-07,
        "var": 1.98666439246e-05
    },
    "spectral_energyband_middle_low": {
        "dmean": 0.0109943468124,
        "dmean2": 0.0165874995291,
        "dvar": 0.000320192164509,
        "dvar2": 0.000783005147241,
        "max": 0.114645160735,
        "mean": 0.0128932455555,
        "median": 0.00496588880196,
        "min": 5.85561974731e-06,
        "var": 0.000357103708666
    },
    "spectral_entropy": {
        "dmean": 0.393575817347,
        "dmean2": 0.566556334496,
        "dvar": 0.20059029758,
        "dvar2": 0.366867572069,
        "max": 8.76204299927,
        "mean": 7.26335000992,
        "median": 7.26653385162,
        "min": 4.50170373917,
        "var": 0.528842687607
    },
    "spectral_flux": {
        "dmean": 0.0423184074461,
        "dmean2": 0.0592075586319,
        "dvar": 0.00273600406945,
        "dvar2": 0.00496135046706,
        "max": 0.342447161674,
        "mean": 0.100397795439,
        "median": 0.075362496078,
        "min": 0.00271444534883,
        "var": 0.00523544522002
    },
    "spectral_kurtosis": {
        "dmean": 3.81967067719,
        "dmean2": 5.85281658173,
        "dvar": 27.4806041718,
        "dvar2": 63.3249130249,
        "max": 57.906452179,
        "mean": 7.72040081024,
        "median": 6.16916275024,
        "min": -0.778931856155,
        "var": 50.6697921753
    },
    "spectral_rms": {
        "dmean": 0.00142441201024,
        "dmean2": 0.001670296886,
        "dvar": 2.2892738798e-06,
        "dvar2": 4.7905637075e-06,
        "max": 0.0117101455107,
        "mean": 0.00475814053789,
        "median": 0.00435714842752,
        "min": 0.000126101978822,
        "var": 6.63606715534e-06
    },
    "spectral_rolloff": {
        "dmean": 1151.828125,
        "dmean2": 1937.22290039,
        "dvar": 4390411.5,
        "dvar2": 9768381,
        "max": 11929.3945312,
        "mean": 1790.2376709,
        "median": 1055.12695312,
        "min": 64.599609375,
        "var": 5738118
    },
    "spectral_skewness": {
        "dmean": 0.450403690338,
        "dmean2": 0.680297076702,
        "dvar": 0.248199179769,
        "dvar2": 0.520157635212,
        "max": 6.02890729904,
        "mean": 2.019510746,
        "median": 1.92984974384,
        "min": 0.137956947088,
        "var": 0.660143077374
    },
    "spectral_spread": {
        "dmean": 1329964.375,
        "dmean2": 1969287,
        "dvar": 2.47218700288e+12,
        "dvar2": 4.85805732659e+12,
        "max": 15925763,
        "mean": 4702562,
        "median": 3843959.25,
        "min": 1102676.125,
        "var": 5.85268618854e+12
    },
    "spectral_strongpeak": {
        "dmean": 0.602319478989,
        "dmean2": 0.929169714451,
        "dvar": 0.518392384052,
        "dvar2": 1.28214609623,
        "max": 5.67633056641,
        "mean": 1.11525285244,
        "median": 0.800369441509,
        "min": 0.00410373695195,
        "var": 0.976351380348
    },
    "zerocrossingrate": {
        "dmean": 0.0234635770321,
        "dmean2": 0.0274836905301,
        "dvar": 0.000760122551583,
        "dvar2": 0.000962639227509,
        "max": 0.35498046875,
        "mean": 0.0653711557388,
        "median": 0.05126953125,
        "min": 0.00244140625,
        "var": 0.00321560795419
    },
    "barkbands": {
        "dmean": [2.07838620554e-05, 0.0042404262349, 0.00404382217675, 0.0012171138078, 0.00115250959061, 0.00441361637786, 0.00414312304929, 0.000678215234075, 0.000970967987087, 0.000400804565288, 0.000456721230876, 0.000475660461234, 0.000363580154954, 0.000526761868969, 0.00021792712505, 0.000158535855007, 0.000189833430341, 0.000104152262793, 0.000107527710497, 8.67312846822e-05, 0.000103837257484, 0.000120226213767, 0.000100149874925, 0.000161877513165, 0.000220472051296, 0.00018299689691, 3.60216501072e-09],
        "dmean2": [3.01110449072e-05, 0.00445785513148, 0.00725770602003, 0.00231681833975, 0.00187045731582, 0.00673264311627, 0.00620469078422, 0.00114094966557, 0.00164431682788, 0.000653521390632, 0.000775811844505, 0.000803500064649, 0.000574640231207, 0.000834526435938, 0.000349669513525, 0.000260560394963, 0.000326227193, 0.00017662528262, 0.000183999261935, 0.000141885917401, 0.000172953048605, 0.000197714791284, 0.000159462942975, 0.000256714673014, 0.000366715423297, 0.000299449340673, 4.45137793292e-09],
        "dvar": [1.49631851354e-09, 9.51395995799e-05, 0.000186920864508, 1.96058663278e-05, 8.17625641503e-06, 0.000134494883241, 9.58915043157e-05, 1.31120896185e-06, 3.87379895983e-06, 4.70598934044e-07, 7.42142958643e-07, 1.44897080645e-06, 3.99959873221e-07, 1.16306159725e-06, 1.644762051e-07, 7.83282771977e-08, 1.02758292542e-07, 4.2133329714e-08, 4.71222456611e-08, 2.21316316384e-08, 5.31950199445e-08, 7.96935637482e-08, 5.12017592769e-08, 1.10380874219e-07, 1.93428903117e-07, 1.29917296476e-07, 8.48237258699e-15],
        "dvar2": [3.03240432764e-09, 0.000145148209413, 0.000502209120896, 5.67888637306e-05, 1.85126464203e-05, 0.000322348612826, 0.000224321993301, 3.2969521726e-06, 1.08781214294e-05, 1.10704979761e-06, 1.98461884793e-06, 3.94187418351e-06, 9.07454023036e-07, 3.01540808323e-06, 4.16505287149e-07, 2.04478467936e-07, 2.92042784622e-07, 1.11971566241e-07, 1.29386094727e-07, 5.6263733228e-08, 1.23547152953e-07, 1.89598125644e-07, 1.18245964131e-07, 2.48540032999e-07, 4.6030012868e-07, 3.04329716982e-07, 8.48390741069e-15],
        "max": [0.00045315711759, 0.0700692236423, 0.0911049321294, 0.0327961780131, 0.024781614542, 0.106999233365, 0.0919037386775, 0.00998791772872, 0.0240653306246, 0.00729898363352, 0.00935646519065, 0.0175601840019, 0.00730329332873, 0.0165768060833, 0.00610493635759, 0.00286073074676, 0.00259412219748, 0.00151195575017, 0.00148302665912, 0.00150306383148, 0.00150066637434, 0.00222477782518, 0.00176818482578, 0.00255876639858, 0.00314327725209, 0.00247341534123, 3.313470188e-06],
        "mean": [3.70690759155e-05, 0.00947029422969, 0.00273586111143, 0.000733992550522, 0.00116691843141, 0.00445604277775, 0.00439836224541, 0.000714558409527, 0.00133410003036, 0.000549304008018, 0.000524887174834, 0.0005289138644, 0.000525766052306, 0.000811290927231, 0.000320408027619, 0.000213747975067, 0.000246441195486, 0.000118577059766, 0.000119506163173, 0.00011267131049, 0.000108095213363, 0.000125677252072, 0.000105443985376, 0.000168777056388, 0.000205092568649, 0.000176076748176, 3.43634987132e-09],
        "median": [1.17352465168e-06, 1.47673499669e-05, 2.80382791971e-05, 3.72605281882e-05, 0.000129008374643, 0.000675916962791, 0.00076042272849, 0.000181412789971, 0.000222282411414, 0.000154855428264, 0.000133874942549, 0.000141004449688, 0.000161211166414, 0.00016980113287, 0.000140255477163, 9.43016784731e-05, 0.000114872440463, 3.96595605707e-05, 4.13456400565e-05, 4.77327921544e-05, 1.1178249224e-05, 9.19912054087e-06, 5.90369336351e-06, 1.53648470587e-05, 1.00003762782e-05, 2.67806876764e-06, 3.21234122636e-10],
        "min": [6.38270103437e-10, 5.19712806124e-09, 4.91440399486e-09, 3.19123194537e-09, 9.62245181313e-08, 2.2345926709e-07, 1.09532876991e-07, 2.04555057337e-08, 1.89399305128e-08, 2.77727991715e-08, 2.11480273293e-08, 1.73491976341e-08, 2.30397638745e-08, 1.8265657431e-08, 2.42386768434e-08, 1.41088074557e-08, 1.96229557048e-08, 1.45436489518e-08, 5.70981040227e-09, 5.39348032902e-09, 1.96705474131e-09, 2.75133493766e-09, 9.78359948611e-10, 2.75409889339e-10, 8.5616730372e-10, 5.67450288147e-11, 1.57516933524e-11],
        "var": [4.40098935073e-09, 0.000341484759701, 0.000124926897115, 1.0804636986e-05, 1.08665044536e-05, 0.000143403754919, 0.00010903882503, 1.57915269483e-06, 7.36575339033e-06, 9.62741864896e-07, 1.08527876819e-06, 1.40041242958e-06, 7.23732000552e-07, 2.52976292359e-06, 2.56984549196e-07, 1.04031315118e-07, 1.2458177423e-07, 4.11633216402e-08, 3.97368644656e-08, 2.70028763794e-08, 5.57181571992e-08, 8.34934112959e-08, 6.04885102007e-08, 1.33140744651e-07, 2.03689495493e-07, 1.61180309988e-07, 8.48228957776e-15]
    },
    "erbbands": {
        "dmean": [0.101483643055, 1.14204978943, 4.40499448776, 4.30325126648, 3.13108062744, 3.67834281921, 9.57530403137, 48.7799530029, 80.481048584, 19.5579586029, 19.7924480438, 19.7865009308, 8.82594490051, 20.6858310699, 12.2887611389, 18.9250278473, 16.3704986572, 28.5493354797, 12.2352161407, 9.05877113342, 8.96184825897, 10.9143266678, 6.20853328705, 5.11576557159, 5.28548526764, 3.89443874359, 4.69109869003, 3.56076312065, 4.65346622467, 3.15886068344, 2.89795613289, 3.01852011681, 2.85001158714, 2.12693929672, 1.80462098122, 0.924207091331, 0.359475433826, 0.0313563235104, 0.000565973983612, 4.13674788433e-05],
        "dmean2": [0.0786878317595, 1.24358665943, 7.41236066818, 7.77900934219, 5.79286336899, 6.29213619232, 14.5128030777, 72.0733795166, 118.57358551, 32.385597229, 33.4377708435, 33.6637954712, 14.5785655975, 32.9162368774, 21.0540332794, 31.8259048462, 25.9427013397, 45.5130271912, 18.8984527588, 14.4504985809, 14.8770198822, 18.7364349365, 10.6436872482, 8.78361415863, 8.70640563965, 6.35774183273, 7.83861303329, 5.85852193832, 7.68072366714, 5.04747486115, 4.63287734985, 4.85157489777, 4.53854227066, 3.50003862381, 3.03361868858, 1.54746031761, 0.598369956017, 0.0522911734879, 0.000930176582187, 6.1188628024e-05],
        "dvar": [0.0336378775537, 7.17003917694, 198.536209106, 216.735290527, 99.7086105347, 80.734916687, 690.879211426, 17568.3671875, 31934.8886719, 1773.60083008, 1102.41394043, 1756.85314941, 195.594223022, 1720.22558594, 545.821899414, 2210.66186523, 793.062316895, 3305.34863281, 484.124267578, 201.106704712, 251.310638428, 342.70715332, 152.234115601, 130.618179321, 79.8349304199, 44.0106391907, 112.323303223, 60.4385948181, 119.220939636, 54.5477294922, 42.3052558899, 43.2546730042, 33.8224487305, 19.3829612732, 13.5885925293, 3.14352297783, 0.535758733749, 0.00483034504578, 1.43213674164e-06, 3.55219986758e-09],
        "dvar2": [0.027801875025, 12.5582532883, 524.748718262, 597.421936035, 286.644378662, 198.681915283, 1605.49511719, 41762.9492188, 75285.515625, 4789.63037109, 2805.81884766, 4868.52880859, 505.028045654, 4127.96630859, 1397.5078125, 6033.20556641, 1840.29064941, 8962.60742188, 1176.38500977, 482.964752197, 675.182006836, 970.492858887, 410.849151611, 359.792114258, 211.567977905, 111.291404724, 277.329193115, 132.844772339, 284.84866333, 124.204902649, 99.3603286743, 94.7374191284, 79.5067138672, 47.5302886963, 32.4095649719, 7.31167840958, 1.28653037548, 0.0119199631736, 3.48872822542e-06, 8.38760527699e-09],
        "max": [1.5968490839, 19.7571716309, 102.468734741, 100.601547241, 72.7532958984, 66.9912567139, 279.110931396, 1319.76098633, 1562.68994141, 506.551727295, 398.428894043, 639.567321777, 187.086395264, 586.773620605, 379.231262207, 857.15020752, 375.109802246, 895.353149414, 307.644195557, 154.717422485, 155.934677124, 166.056503296, 89.5342178345, 75.1005706787, 62.4165115356, 61.2245254517, 70.4834289551, 54.5749969482, 84.6779022217, 62.4106826782, 48.5939445496, 54.7720756531, 50.5586166382, 28.9664821625, 24.6250610352, 11.0007553101, 4.88441085815, 0.506328821182, 0.00861474778503, 0.000421068922151],
        "mean": [0.224803760648, 2.29563069344, 3.54890441895, 2.93482398987, 2.14825463295, 3.54218506813, 9.87381076813, 50.2319831848, 85.6076889038, 19.1209907532, 25.8832149506, 28.5199928284, 11.7994642258, 28.2933826447, 14.7404079437, 22.488067627, 25.5284805298, 44.2730865479, 20.7666244507, 15.1052513123, 12.4022331238, 14.5957365036, 7.27514648438, 5.4042801857, 6.80105829239, 5.09992599487, 4.58486175537, 3.91842842102, 4.83509254456, 3.44022512436, 3.00845003128, 3.27808046341, 2.83046865463, 1.97786283493, 1.62708604336, 0.831099152565, 0.346592277288, 0.0299667157233, 0.000558895175345, 6.1748745793e-05],
        "median": [0.00031456456054, 0.00613193819299, 0.0427501164377, 0.130909353495, 0.290507167578, 0.347496002913, 0.992846846581, 7.47681808472, 16.2278957367, 5.14375114441, 6.90419816971, 5.18243646622, 4.63002157211, 7.2993927002, 5.82745838165, 6.36340522766, 9.74293231964, 10.2180891037, 9.67453384399, 6.67347669601, 6.43120336533, 6.68473577499, 2.77791595459, 1.70319056511, 2.98724150658, 2.23236966133, 0.625122487545, 0.422795832157, 0.344829529524, 0.247402742505, 0.172533914447, 0.273101091385, 0.271771341562, 0.156764000654, 0.0381433218718, 0.0144741684198, 0.0043332548812, 0.000295426463708, 3.009374268e-05, 3.34559699695e-05],
        "min": [4.77073569982e-07, 2.66967094831e-06, 8.24449853098e-06, 2.85728001472e-05, 0.000133343826747, 0.000254605227383, 0.00101012957748, 0.00278740655631, 0.00353922997601, 0.00361338420771, 0.000798715162091, 0.000782077026088, 0.00105197750963, 0.000883180298842, 0.000863120832946, 0.000825186842121, 0.00106658483855, 0.000798265391495, 0.00120757776313, 0.00101574941073, 0.000973923655692, 0.00171986897476, 0.00106304080691, 0.000660740246531, 0.000340274127666, 0.000364346167771, 0.000210589671042, 4.32790402556e-05, 0.000115418602945, 4.3507272494e-05, 4.48247556051e-05, 2.85398637061e-05, 1.91926101252e-05, 1.81500799954e-05, 1.95678171622e-06, 1.26307475057e-06, 9.9562633693e-08, 1.5176073731e-08, 1.04323465422e-08, 1.85275368381e-08],
        "var": [0.186379045248, 21.4036769867, 150.976730347, 137.670730591, 57.7547988892, 91.9702529907, 840.86932373, 19041.8515625, 36141.78125, 1460.24780273, 2180.18164062, 3240.64135742, 344.775146484, 3633.42773438, 623.167114258, 2223.07080078, 1499.71142578, 7012.921875, 988.343994141, 449.432800293, 298.187438965, 446.530731201, 143.259460449, 104.100265503, 88.5078277588, 55.1894226074, 103.769851685, 72.1099700928, 124.093971252, 63.9448356628, 48.9329299927, 53.868686676, 37.927570343, 19.3956203461, 13.8929100037, 3.49885463715, 0.669437110424, 0.00567253446206, 1.74607680492e-06, 5.50460610427e-09]
    },
    "gfcc": {
        "mean": [-57.5372848511, 70.2470092773, -127.715042114, 1.57095634937, -64.6972732544, 3.9854991436, -52.9469032288, 11.139415741, -22.46134758, 13.1548814774, -5.58861446381, -0.0305766593665, -8.4853553772],
        "cov": [[8088.70800781, -2687.05371094, -698.30065918, -813.96673584, -956.718078613, 263.516387939, -247.203536987, 68.2705841064, -478.582366943, 56.3238601685, -707.630615234, 184.818664551, -611.821960449], [-2687.05371094, 3921.94067383, 990.04864502, 709.916564941, 1215.78051758, -75.944984436, 539.397583008, 210.048782349, 483.605895996, -165.233795166, 750.1640625, -261.910491943, 413.685333252], [-698.30065918, 990.04864502, 2361.95751953, 1278.11962891, 767.56829834, 470.755706787, 307.968078613, 204.521575928, 206.479202271, 81.0625991821, 156.712921143, 188.965209961, 194.984100342], [-813.96673584, 709.916564941, 1278.11962891, 1399.07910156, 690.669799805, 369.049163818, 158.232147217, 89.8388748169, 237.541671753, -7.787733078, 144.36605835, 6.32965517044, 174.465896606], [-956.718078613, 1215.78051758, 767.56829834, 690.669799805, 975.759094238, 303.76348877, 246.658401489, 176.478713989, 249.214324951, 30.8281574249, 233.764755249, -61.5886230469, 202.348526001], [263.516387939, -75.944984436, 470.755706787, 369.049163818, 303.76348877, 657.799133301, 343.463562012, 158.872116089, 77.1997680664, 45.2893218994, -25.7609844208, 46.1136398315, 17.4332561493], [-247.203536987, 539.397583008, 307.968078613, 158.232147217, 246.658401489, 343.463562012, 664.688293457, 257.864685059, 106.435249329, -50.1882820129, 93.5381240845, 53.2839775085, 22.5733165741], [68.2705841064, 210.048782349, 204.521575928, 89.8388748169, 176.478713989, 158.872116089, 257.864685059, 328.896026611, 133.886810303, 44.5480499268, 78.9352340698, -2.03373789787, 35.4462356567], [-478.582366943, 483.605895996, 206.479202271, 237.541671753, 249.214324951, 77.1997680664, 106.435249329, 133.886810303, 346.204742432, 89.7796783447, 179.91015625, -34.5981025696, 96.0334014893], [56.3238601685, -165.233795166, 81.0625991821, -7.787733078, 30.8281574249, 45.2893218994, -50.1882820129, 44.5480499268, 89.7796783447, 219.101654053, 55.5639076233, 20.0030078888, 7.2995967865], [-707.630615234, 750.1640625, 156.712921143, 144.36605835, 233.764755249, -25.7609844208, 93.5381240845, 78.9352340698, 179.91015625, 55.5639076233, 321.25692749, -20.3911552429, 146.109069824], [184.818664551, -261.910491943, 188.965209961, 6.32965517044, -61.5886230469, 46.1136398315, 53.2839775085, -2.03373789787, -34.5981025696, 20.0030078888, -20.3911552429, 204.78477478, 7.67720079422], [-611.821960449, 413.685333252, 194.984100342, 174.465896606, 202.348526001, 17.4332561493, 22.5733165741, 35.4462356567, 96.0334014893, 7.2995967865, 146.109069824, 7.67720079422, 209.101531982]],
        "icov": [[0.000202470517252, 3.27563884639e-06, 1.7769572878e-05, 3.60359517799e-05, 6.86541825416e-05, -0.000194350490347, 0.000215548250708, -0.00028552513686, 8.51739168866e-05, 2.41884281422e-05, 0.000107118539745, -0.000183091149665, 0.000406112580094], [3.27563884639e-06, 0.00145683810115, -0.000668799679261, 0.000576209276915, -0.00115307548549, 0.000942564685829, -0.00103074207436, 0.000828287913464, -0.000483036099467, 0.00151534657925, -0.00214325869456, 0.00173840718344, -0.000118907148135], [1.7769572878e-05, -0.000668799679261, 0.00140006269794, -0.00113869993947, 0.000245585571975, -0.000419645686634, 0.000397829309804, -0.000709176645614, 0.000533752143383, -0.00110284227412, 0.0010449886322, -0.00176920194644, 2.24315135711e-05], [3.60359517799e-05, 0.000576209276915, -0.00113869993947, 0.00222776806913, -0.000942745944485, -0.000234114020714, 3.64040206478e-05, 0.000732128624804, -0.000993609661236, 0.00149043556303, -0.00083240919048, 0.00105997477658, -8.06604948593e-05], [6.86541825416e-05, -0.00115307548549, 0.000245585571975, -0.000942745944485, 0.0032510808669, -0.00128888722975, 0.000672838126775, -0.000935816846322, 0.000197730201762, -0.00116307276767, 0.00110955990385, -0.000365864980267, -0.00072500348324], [-0.000194350490347, 0.000942564685829, -0.000419645686634, -0.000234114020714, -0.00128888722975, 0.00383209739812, -0.00246040360071, 0.000756896450184, -0.000239181201323, -0.000430228974437, 8.88728463906e-05, 0.00121160352137, -0.000763418909628], [0.000215548250708, -0.00103074207436, 0.000397829309804, 3.64040206478e-05, 0.000672838126775, -0.00246040360071, 0.00451152818277, -0.00280093750916, 0.000155260859174, 0.00110139767639, 0.000163183780387, -0.00245428993367, 0.00167667551432], [-0.00028552513686, 0.000828287913464, -0.000709176645614, 0.000732128624804, -0.000935816846322, 0.000756896450184, -0.00280093750916, 0.0061876703985, -0.00163298519328, -0.00015835420345, -0.00101903325412, 0.00196020398289, -0.000932147318963], [8.51739168866e-05, -0.000483036099467, 0.000533752143383, -0.000993609661236, 0.000197730201762, -0.000239181201323, 0.000155260859174, -0.00163298519328, 0.0057252170518, -0.00231152563356, -0.00101370748598, 4.47567941819e-07, -0.000215582636883], [2.41884281422e-05, 0.00151534657925, -0.00110284227412, 0.00149043556303, -0.00116307276767, -0.000430228974437, 0.00110139767639, -0.00015835420345, -0.00231152563356, 0.00850941054523, -0.00383099657483, 0.000693221518304, 0.0013429641258], [0.000107118539745, -0.00214325869456, 0.0010449886322, -0.00083240919048, 0.00110955990385, 8.88728463906e-05, 0.000163183780387, -0.00101903325412, -0.00101370748598, -0.00383099657483, 0.0100842649117, -0.00219499808736, -0.00301874149591], [-0.000183091149665, 0.00173840718344, -0.00176920194644, 0.00105997477658, -0.000365864980267, 0.00121160352137, -0.00245428993367, 0.00196020398289, 4.47567941819e-07, 0.000693221518304, -0.00219499808736, 0.00892959721386, -0.00184242869727], [0.000406112580094, -0.000118907148135, 2.24315135711e-05, -8.06604948593e-05, -0.00072500348324, -0.000763418909628, 0.00167667551432, -0.000932147318963, -0.000215582636883, 0.0013429641258, -0.00301874149591, -0.00184242869727, 0.00922361947596]]
    },
    "melbands": {
        "dmean": [0.00109954341315, 0.00194395054132, 0.000705026555806, 0.00022777239792, 0.000304096261971, 0.00110364612192, 0.00109386420809, 0.000173448061105, 0.000187412151718, 0.000111783214379, 4.43879398517e-05, 8.23357040645e-05, 4.78507608932e-05, 4.27057238994e-05, 5.46816918359e-05, 3.65137457266e-05, 5.90414565522e-05, 2.1699728677e-05, 1.66990921571e-05, 1.04563159766e-05, 1.08053145595e-05, 1.2904212781e-05, 7.40963650969e-06, 4.28443399869e-06, 4.28595967605e-06, 3.7187480757e-06, 3.99753980673e-06, 2.33136574934e-06, 2.54128053712e-06, 3.19823698192e-06, 1.8401227635e-06, 2.86037766273e-06, 2.11689052776e-06, 1.72568661583e-06, 1.81476650596e-06, 1.45449780575e-06, 2.09981817534e-06, 2.12745908357e-06, 1.66168115356e-06, 1.90074740658e-06],
        "dmean2": [0.000924169144128, 0.00286721880548, 0.00125452224165, 0.000417806615587, 0.000461374380393, 0.00161986623425, 0.00162390200421, 0.000301946362015, 0.000316764140734, 0.000190497812582, 7.30030951672e-05, 0.000130882282974, 8.19576671347e-05, 7.28079103283e-05, 9.10176822799e-05, 5.69480653212e-05, 9.54096904024e-05, 3.38390527759e-05, 2.6871863156e-05, 1.71044484887e-05, 1.80844381248e-05, 2.21719328692e-05, 1.29622158056e-05, 7.24254641682e-06, 7.4626100286e-06, 6.29498390481e-06, 6.57107875668e-06, 3.88954731534e-06, 4.23966366725e-06, 5.36396373718e-06, 3.0393207453e-06, 4.74299486086e-06, 3.48953608409e-06, 2.75588308796e-06, 2.96749840345e-06, 2.32242678067e-06, 3.39200664712e-06, 3.42954126609e-06, 2.7051928555e-06, 3.20066533277e-06],
        "dvar": [4.33620743934e-06, 2.97104033962e-05, 5.43743726666e-06, 4.08978252153e-07, 6.55586518405e-07, 7.60098464525e-06, 5.7664774431e-06, 1.40215959732e-07, 1.15972255799e-07, 5.45559970533e-08, 5.19967269241e-09, 2.5961943706e-08, 6.15434103679e-09, 1.41482585647e-08, 1.70785305897e-08, 3.51319462411e-09, 1.5767483319e-08, 1.88888504837e-09, 9.66524860146e-10, 2.93663621198e-10, 3.70569408492e-10, 5.04153385705e-10, 2.22682858264e-10, 7.43043265805e-11, 9.65140328768e-11, 4.44381510756e-11, 4.06539350795e-11, 1.78381701771e-11, 3.24931540008e-11, 5.36965680253e-11, 1.60611038358e-11, 4.68937319531e-11, 2.43090009927e-11, 1.67727810807e-11, 1.86480726694e-11, 8.88066096355e-12, 2.26560888106e-11, 2.05712894635e-11, 1.10135485801e-11, 1.71579868369e-11],
        "dvar2": [4.07868537877e-06, 7.49269020162e-05, 1.46738866533e-05, 1.1740979744e-06, 1.41400448683e-06, 1.81476407306e-05, 1.37244687721e-05, 3.88629018744e-07, 3.05442569015e-07, 1.50532670773e-07, 1.34584725586e-08, 6.14995059323e-08, 1.63595625935e-08, 3.80358216034e-08, 4.39569483035e-08, 8.23588575116e-09, 4.29305941907e-08, 4.57169946344e-09, 2.36774577722e-09, 7.27607696316e-10, 1.00068775488e-09, 1.42975009609e-09, 6.16222073369e-10, 1.97264954371e-10, 2.66775046498e-10, 1.19583343228e-10, 1.03276366625e-10, 4.51912327004e-11, 7.93044310776e-11, 1.32102592754e-10, 3.56857356165e-11, 1.14298896736e-10, 5.73277918192e-11, 3.87634264964e-11, 4.57987155145e-11, 1.97982394368e-11, 5.02093124022e-11, 5.00567851058e-11, 2.47426228811e-11, 4.38044357731e-11],
        "max": [0.0169134493917, 0.0421928279102, 0.0158525295556, 0.00437150057405, 0.00851628929377, 0.0257422607392, 0.0208714623004, 0.00397385424003, 0.00445632822812, 0.00348232826218, 0.000929163768888, 0.00229345890693, 0.00090595666552, 0.00234581972472, 0.0014853477478, 0.000701576005667, 0.00176872324664, 0.000773188541643, 0.000498388602864, 0.00023529191094, 0.000219548252062, 0.000231183250435, 0.000122226774693, 6.24290696578e-05, 6.43098901492e-05, 4.80522430735e-05, 5.1809616707e-05, 3.95614697482e-05, 4.25131511292e-05, 5.07275544805e-05, 3.43889660144e-05, 6.03419430263e-05, 4.40764124505e-05, 3.70475754607e-05, 3.76053503715e-05, 2.57341180259e-05, 3.92128094973e-05, 4.1474126192e-05, 2.85517598968e-05, 3.06208712573e-05],
        "mean": [0.00245194579475, 0.00234645581804, 0.000496962340549, 0.000175063847564, 0.000318561476888, 0.00114248506725, 0.00116893986706, 0.000150196501636, 0.000254584650975, 0.000158530485351, 5.31938603672e-05, 0.000113081085146, 5.5773594795e-05, 4.70935156045e-05, 6.88284926582e-05, 5.37323358003e-05, 8.79374856595e-05, 3.32680101565e-05, 2.49408276431e-05, 1.56554924615e-05, 1.38648001666e-05, 1.70152652572e-05, 8.3585118773e-06, 4.85683858642e-06, 4.25225516665e-06, 4.54207201983e-06, 5.26617168362e-06, 2.85101941699e-06, 2.47998173108e-06, 3.06095512315e-06, 1.99930832423e-06, 2.88353498945e-06, 2.22463654609e-06, 1.82532107829e-06, 1.76824516984e-06, 1.60433489782e-06, 2.20634183279e-06, 2.05191531677e-06, 1.67304108345e-06, 1.66308552707e-06],
        "median": [3.47741251971e-06, 2.10247308132e-05, 3.34603973897e-05, 2.59330645349e-05, 2.00336817215e-05, 0.00016437593149, 0.000234039194766, 3.13561213261e-05, 5.34864229849e-05, 2.6624831662e-05, 1.44143377838e-05, 2.67901959887e-05, 1.93351588678e-05, 1.38535906444e-05, 1.62604064826e-05, 1.80535862455e-05, 1.7409600332e-05, 1.26414270198e-05, 9.71299868979e-06, 6.68145730742e-06, 6.92091452947e-06, 7.56318195272e-06, 3.35483036906e-06, 1.5539052356e-06, 1.19412027288e-06, 1.71939461779e-06, 2.35247716773e-06, 1.05171159248e-06, 3.30175311092e-07, 2.44670189886e-07, 1.9929042594e-07, 2.05306463386e-07, 1.53442968553e-07, 1.25779337168e-07, 8.96246845628e-08, 1.01736951308e-07, 1.76129802298e-07, 1.72920195496e-07, 1.78398025241e-07, 1.19502914231e-07],
        "min": [2.37627162392e-09, 2.41530107026e-09, 4.64475924389e-09, 1.38102107528e-08, 2.17008491177e-08, 6.5159525775e-08, 4.55433912805e-08, 1.18931575699e-08, 2.69547739684e-09, 2.12214401607e-09, 1.86654025569e-09, 2.87160362156e-09, 2.9693001391e-09, 1.66729963169e-09, 1.85286908039e-09, 2.67934674447e-09, 1.25668775386e-09, 1.89422544317e-09, 1.44304068694e-09, 9.75328484643e-10, 1.1613532358e-09, 1.01031116806e-09, 1.54268553487e-09, 5.19954745926e-10, 2.90260426805e-10, 2.21708415515e-10, 3.48133327721e-10, 7.71229954899e-11, 4.42311534621e-11, 2.7423112392e-11, 5.94243751428e-12, 6.27705804002e-11, 2.50538149255e-11, 2.4017970772e-12, 1.31267193296e-11, 5.30334456905e-13, 1.74695327648e-12, 3.43418110789e-12, 2.27629872417e-12, 1.4432040632e-12],
