{
"highlevel": {
    "danceability": {
        "all": {
            "danceable": 0.0429898835719,
            "not_danceable": 0.957010090351
        },
        "probability": 0.957010090351,
        "value": "not_danceable"
    },
    "gender": {
        "all": {
            "female": 0.142990157008,
            "male": 0.857009828091
        },
        "probability": 0.857009828091,
        "value": "male"
    },
    "genre_dortmund": {
        "all": {
            "alternative": 0.131931081414,
            "blues": 0.0712597966194,
            "electronic": 0.170980319381,
            "folkcountry": 0.111243851483,
            "funksoulrnb": 0.00964541826397,
            "jazz": 0.0185156241059,
            "pop": 0.0264344569296,
            "raphiphop": 0.00729923183098,
            "rock": 0.452690213919
        },
        "probability": 0.452690213919,
        "value": "rock"
    },
    "genre_electronic": {
        "all": {
            "ambient": 0.305976450443,
            "dnb": 0.376327008009,
            "house": 0.0256750583649,
            "techno": 0.0185080207884,
            "trance": 0.27351346612
        },
        "probability": 0.376327008009,
        "value": "dnb"
    },
    "genre_rosamerica": {
        "all": {
            "cla": 0.0891911610961,
            "dan": 0.0277451258153,
            "hip": 0.00523267593235,
            "jaz": 0.00324002676643,
            "pop": 0.0223824866116,
            "rhy": 0.0093398001045,
            "roc": 0.837703049183,
            "spe": 0.00516569754109
        },
        "probability": 0.837703049183,
        "value": "roc"
    },
    "genre_tzanetakis": {
        "all": {
            "blu": 0.0626541376114,
            "cla": 0.0348133966327,
            "cou": 0.0783501937985,
            "dis": 0.104547761381,
            "hip": 0.15693578124,
            "jaz": 0.313987255096,
            "met": 0.044816005975,
            "pop": 0.0627349764109,
            "reg": 0.0627352520823,
            "roc": 0.0784252434969
        },
        "probability": 0.313987255096,
        "value": "jaz"
    },
    "ismir04_rhythm": {
        "all": {
            "ChaChaCha": 0.00321777909994,
            "Jive": 0.567452311516,
            "Quickstep": 0.00123582838569,
            "Rumba-American": 0.000450676685432,
            "Rumba-International": 0.00205923640169,
            "Rumba-Misc": 0.00148279347923,
            "Samba": 0.00969310011715,
            "Tango": 0.00135719287209,
            "VienneseWaltz": 0.410043805838,
            "Waltz": 0.00300727295689
        },
        "probability": 0.567452311516,
        "value": "Jive"
    },
    "mood_acoustic": {
        "all": {
            "acoustic": 0.0058650393039,
            "not_acoustic": 0.994134962559
        },
        "probability": 0.994134962559,
        "value": "not_acoustic"
    },
    "mood_aggressive": {
        "all": {
            "aggressive": 0.852635324001,
            "not_aggressive": 0.147364675999
        },
        "probability": 0.852635324001,
        "value": "aggressive"
    },
    "mood_electronic": {
        "all": {
            "electronic": 0.110335677862,
            "not_electronic": 0.88966435194
        },
        "probability": 0.88966435194,
        "value": "not_electronic"
    },
    "mood_happy": {
        "all": {
            "happy": 0.737658321857,
            "not_happy": 0.262341678143
        },
        "probability": 0.737658321857,
        "value": "happy"
    },
    "mood_party": {
        "all": {
            "not_party": 0.404377102852,
            "party": 0.595622897148
        },
        "probability": 0.595622897148,
        "value": "party"
    },
    "mood_relaxed": {
        "all": {
            "not_relaxed": 0.981564640999,
            "relaxed": 0.0184353310615
        },
        "probability": 0.981564640999,
        "value": "not_relaxed"
    },
    "mood_sad": {
        "all": {
            "not_sad": 0.870385766029,
            "sad": 0.129614233971
        },
        "probability": 0.870385766029,
        "value": "not_sad"
    },
    "moods_mirex": {
        "all": {
            "Cluster1": 0.166205659509,
            "Cluster2": 0.0970077887177,
            "Cluster3": 0.180173292756,
            "Cluster4": 0.0863650143147,
            "Cluster5": 0.470248252153
        },
        "probability": 0.470248252153,
        "value": "Cluster5"
    },
    "timbre": {
        "all": {
            "bright": 0.724079847336,
            "dark": 0.275920152664
        },
        "probability": 0.724079847336,
        "value": "bright"
    },
    "tonal_atonal": {
        "all": {
            "atonal": 0.0876682028174,
            "tonal": 0.912331819534
        },
        "probability": 0.912331819534,
        "value": "tonal"
    },
    "voice_instrumental": {
        "all": {
            "instrumental": 0.000427608087193,
            "voice": 0.999572396278
        },
        "probability": 0.999572396278,
        "value": "voice"
    }
},
"lowlevel": {
    "average_loudness": 0.954009115696,
    "barkbands_crest": {
        "dmean": 2.76911664009,
        "dmean2": 4.56457901001,
        "dvar": 5.63943099976,
        "dvar2": 13.294210434,
        "max": 23.5126819611,
        "mean": 8.99733734131,
        "median": 8.08986949921,
        "min": 2.26786637306,
        "var": 15.6821393967
    },
    "barkbands_flatness_db": {
        "dmean": 0.0180149246007,
        "dmean2": 0.0286861415952,
        "dvar": 0.000242351627094,
        "dvar2": 0.000565961643588,
        "max": 0.237734168768,
        "mean": 0.124444395304,
        "median": 0.121135547757,
        "min": 0.0592668838799,
        "var": 0.000835591636132
    },
    "barkbands_kurtosis": {
        "dmean": 1.26039457321,
        "dmean2": 2.0622279644,
        "dvar": 2.86424088478,
        "dvar2": 7.36873912811,
        "max": 24.3506412506,
        "mean": 0.698894381523,
        "median": -0.0809745788574,
        "min": -1.76375102997,
        "var": 5.74667549133
    },
    "barkbands_skewness": {
        "dmean": 0.440952420235,
        "dmean2": 0.690792024136,
        "dvar": 0.140107318759,
        "dvar2": 0.337963670492,
        "max": 4.54288721085,
        "mean": 1.03082990646,
        "median": 0.981381833553,
        "min": -1.99940979481,
        "var": 0.559429526329
    },
    "barkbands_spread": {
        "dmean": 4.9951171875,
        "dmean2": 7.88065576553,
        "dvar": 21.8112754822,
        "dvar2": 50.9803924561,
        "max": 67.5412597656,
        "mean": 26.7100124359,
        "median": 26.2533340454,
        "min": 5.49452590942,
        "var": 68.643447876
    },
    "dissonance": {
        "dmean": 0.0115474732593,
        "dmean2": 0.0196043625474,
        "dvar": 0.000127286941279,
        "dvar2": 0.000349313195329,
        "max": 0.49983677268,
        "mean": 0.479130029678,
        "median": 0.482506364584,
        "min": 0.370754569769,
        "var": 0.000239069340751
    },
    "dynamic_complexity": 1.96084856987,
    "erbbands_crest": {
        "dmean": 2.40552449226,
        "dmean2": 4.00419855118,
        "dvar": 5.63965845108,
        "dvar2": 12.8099975586,
        "max": 26.0978393555,
        "mean": 7.76592874527,
        "median": 6.67406988144,
        "min": 2.77148389816,
        "var": 14.1353111267
    },
    "erbbands_flatness_db": {
        "dmean": 0.012699816376,
        "dmean2": 0.0199811737984,
        "dvar": 0.000144178920891,
        "dvar2": 0.000291458825814,
        "max": 0.253100901842,
        "mean": 0.161565721035,
        "median": 0.159886270761,
        "min": 0.0913215205073,
        "var": 0.00065495877061
    },
    "erbbands_kurtosis": {
        "dmean": 0.570595622063,
        "dmean2": 0.920685529709,
        "dvar": 0.4347050488,
        "dvar2": 0.969245553017,
        "max": 8.17049026489,
        "mean": -0.162501305342,
        "median": -0.434545516968,
        "min": -1.62184357643,
        "var": 1.09845507145
    },
    "erbbands_skewness": {
        "dmean": 0.281934946775,
        "dmean2": 0.444981306791,
        "dvar": 0.0599536523223,
        "dvar2": 0.135988652706,
        "max": 1.76001524925,
        "mean": -0.129536241293,
        "median": -0.167639687657,
        "min": -2.12872838974,
        "var": 0.251593649387
    },
    "erbbands_spread": {
        "dmean": 6.75217247009,
        "dmean2": 10.8301057816,
        "dvar": 37.6113243103,
        "dvar2": 91.9399032593,
        "max": 90.6150054932,
        "mean": 38.0407600403,
        "median": 37.282283783,
        "min": 9.09101009369,
        "var": 128.978302002
    },
    "hfc": {
        "dmean": 5.0866985321,
        "dmean2": 7.64289808273,
        "dvar": 25.9938011169,
        "dvar2": 58.1435775757,
        "max": 76.779876709,
        "mean": 26.3419132233,
        "median": 25.1230297089,
        "min": 2.68446111679,
        "var": 184.560516357
    },
    "melbands_crest": {
        "dmean": 3.66308712959,
        "dmean2": 6.01045560837,
        "dvar": 9.13916301727,
        "dvar2": 22.6404457092,
        "max": 31.3765029907,
        "mean": 13.1101255417,
        "median": 12.3906888962,
        "min": 3.53171539307,
        "var": 25.269329071
    },
    "melbands_flatness_db": {
        "dmean": 0.0244690477848,
        "dmean2": 0.0372330509126,
        "dvar": 0.000422278797487,
        "dvar2": 0.000961865589488,
        "max": 0.319914281368,
        "mean": 0.155368596315,
        "median": 0.152109161019,
        "min": 0.0248660426587,
        "var": 0.00179183459841
    },
    "melbands_kurtosis": {
        "dmean": 3.68389391899,
        "dmean2": 5.92182826996,
        "dvar": 20.7370223999,
        "dvar2": 52.6502723694,
        "max": 64.303817749,
        "mean": 6.09435844421,
        "median": 4.22344255447,
        "min": -1.69201827049,
        "var": 45.1563072205
    },
    "melbands_skewness": {
        "dmean": 0.599311351776,
        "dmean2": 0.940875530243,
        "dvar": 0.275304019451,
        "dvar2": 0.672232747078,
        "max": 6.81432723999,
        "mean": 2.14601278305,
        "median": 2.0389726162,
        "min": -0.613242864609,
        "var": 0.990451872349
    },
    "melbands_spread": {
        "dmean": 8.15487384796,
        "dmean2": 12.8387699127,
        "dvar": 70.211227417,
        "dvar2": 157.827575684,
        "max": 130.585479736,
        "mean": 31.1901187897,
        "median": 28.6739139557,
        "min": 3.52246880531,
        "var": 247.553024292
    },
    "pitch_salience": {
        "dmean": 0.0806094259024,
        "dmean2": 0.12906293571,
        "dvar": 0.00450968928635,
        "dvar2": 0.0112044429407,
        "max": 0.832564592361,
        "mean": 0.585234105587,
        "median": 0.598293542862,
        "min": 0.198362603784,
        "var": 0.0136895738542
    },
    "silence_rate_20dB": {
        "dmean": 0,
        "dmean2": 0,
        "dvar": 0,
        "dvar2": 0,
        "max": 1,
        "mean": 1,
        "median": 1,
        "min": 1,
        "var": 0
    },
    "silence_rate_30dB": {
        "dmean": 0,
        "dmean2": 0,
        "dvar": 0,
        "dvar2": 0,
        "max": 1,
        "mean": 1,
        "median": 1,
        "min": 1,
        "var": 0
    },
    "silence_rate_60dB": {
        "dmean": 0.0108359130099,
        "dmean2": 0.0216886140406,
        "dvar": 0.0107184760273,
        "dvar2": 0.0243166349828,
        "max": 1,
        "mean": 0.0131477182731,
        "median": 0,
        "min": 0,
        "var": 0.012974884361
    },
    "spectral_centroid": {
        "dmean": 255.035766602,
        "dmean2": 392.825653076,
        "dvar": 50660.9179688,
        "dvar2": 110843.328125,
        "max": 3875.01245117,
        "mean": 1618.4486084,
        "median": 1569.78613281,
        "min": 467.811065674,
        "var": 266056.34375
    },
    "spectral_complexity": {
        "dmean": 4.21130037308,
        "dmean2": 6.55460882187,
        "dvar": 12.2130537033,
        "dvar2": 27.7264842987,
        "max": 54,
        "mean": 29.4825992584,
        "median": 31,
        "min": 9,
        "var": 96.4663543701
    },
    "spectral_decrease": {
        "dmean": 1.95209337583e-09,
        "dmean2": 3.12973091887e-09,
        "dvar": 3.60404205892e-18,
        "dvar2": 9.28528601e-18,
        "max": -4.25266766246e-10,
        "mean": -7.46163753007e-09,
        "median": -7.5193096194e-09,
        "min": -2.08976373983e-08,
        "var": 1.4468737218e-17
    },
    "spectral_energy": {
        "dmean": 0.00757518876344,
        "dmean2": 0.0121550029144,
        "dvar": 5.35011313332e-05,
        "dvar2": 0.000136813338031,
        "max": 0.0824741125107,
        "mean": 0.0305512119085,
        "median": 0.0307044796646,
        "min": 0.00195912295021,
        "var": 0.000229490979109
    },
    "spectral_energyband_high": {
        "dmean": 0.000328074936988,
        "dmean2": 0.000499777670484,
        "dvar": 2.28454396733e-07,
        "dvar2": 5.23574840372e-07,
        "max": 0.00671733217314,
        "mean": 0.000907526584342,
        "median": 0.000722687458619,
        "min": 3.16777477565e-05,
        "var": 4.90861452818e-07
    },
    "spectral_energyband_low": {
        "dmean": 0.00423179892823,
        "dmean2": 0.00659419968724,
        "dvar": 4.14184905821e-05,
        "dvar2": 0.000101827565231,
        "max": 0.0614392869174,
        "mean": 0.00788068212569,
        "median": 0.00330102117732,
        "min": 6.21189792582e-06,
        "var": 0.00010216570081
    },
    "spectral_energyband_middle_high": {
        "dmean": 0.00210687355138,
        "dmean2": 0.00331569113769,
        "dvar": 5.42773477719e-06,
        "dvar2": 1.28184956338e-05,
        "max": 0.0446720942855,
        "mean": 0.00869805365801,
        "median": 0.0076417545788,
        "min": 0.000743057520594,
        "var": 3.53307841578e-05
    },
    "spectral_energyband_middle_low": {
        "dmean": 0.00499264616519,
        "dmean2": 0.00810228474438,
        "dvar": 2.9430277209e-05,
        "dvar2": 8.00350680947e-05,
        "max": 0.0649765282869,
        "mean": 0.0138189401478,
        "median": 0.0119196707383,
        "min": 0.000134109723149,
        "var": 8.88468857738e-05
    },
    "spectral_entropy": {
        "dmean": 0.107367575169,
        "dmean2": 0.162647172809,
        "dvar": 0.00865199975669,
        "dvar2": 0.0192218068987,
        "max": 8.41316986084,
        "mean": 7.78784656525,
        "median": 7.79514312744,
        "min": 7.06824350357,
        "var": 0.0285102743655
    },
    "spectral_flux": {
        "dmean": 0.0210419539362,
        "dmean2": 0.0347991399467,
        "dvar": 0.000357672659447,
        "dvar2": 0.000901361869182,
        "max": 0.227165177464,
        "mean": 0.100370109081,
        "median": 0.101770915091,
        "min": 0.017196977511,
        "var": 0.00110889738426
    },
    "spectral_kurtosis": {
        "dmean": 1.18337643147,
        "dmean2": 2.05517816544,
        "dvar": 1.27325093746,
        "dvar2": 3.57778000832,
        "max": 12.4691457748,
        "mean": 3.26698708534,
        "median": 3.02838802338,
        "min": 0.297322750092,
        "var": 1.82321310043
    },
    "spectral_rms": {
        "dmean": 0.00067119509913,
        "dmean2": 0.00106550683267,
        "dvar": 3.60054571047e-07,
        "dvar2": 8.73444207627e-07,
        "max": 0.00897009205073,
        "mean": 0.00525394268334,
        "median": 0.00547316996381,
        "min": 0.00138251204044,
        "var": 2.20207130042e-06
    },
    "spectral_rolloff": {
        "dmean": 491.697021484,
        "dmean2": 774.245117188,
        "dvar": 327447.28125,
        "dvar2": 651350.3125,
        "max": 8634.81445312,
        "mean": 1903.09936523,
        "median": 1851.85546875,
        "min": 129.19921875,
        "var": 1162913
    },
    "spectral_skewness": {
        "dmean": 0.167280584574,
        "dmean2": 0.276279449463,
        "dvar": 0.0239151567221,
        "dvar2": 0.0576249063015,
        "max": 2.88163614273,
        "mean": 1.2421810627,
        "median": 1.25037932396,
        "min": 0.396921753883,
        "var": 0.0688929110765
    },
    "spectral_spread": {
        "dmean": 347812.5,
        "dmean2": 513951.21875,
        "dvar": 161604124672,
        "dvar2": 313352159232,
        "max": 8229035.5,
        "mean": 3913448.5,
        "median": 3791347,
        "min": 2297961.75,
        "var": 565527314432
    },
    "spectral_strongpeak": {
        "dmean": 0.613703668118,
        "dmean2": 1.05592870712,
        "dvar": 1.054874897,
        "dvar2": 2.73304653168,
        "max": 9.04382133484,
        "mean": 0.959170103073,
        "median": 0.544394552708,
        "min": 0.0437054187059,
        "var": 1.43453705311
    },
    "zerocrossingrate": {
        "dmean": 0.00923766102642,
        "dmean2": 0.0109717668965,
        "dvar": 0.0001071153456,
        "dvar2": 0.000125347185531,
        "max": 0.2470703125,
        "mean": 0.0643005594611,
        "median": 0.0615234375,
        "min": 0.01708984375,
        "var": 0.000669768895023
    },
    "barkbands": {
        "dmean": [0.000170674611581, 0.00248587527312, 0.00281304609962, 0.00178420601878, 0.00286288931966, 0.00180128240027, 0.00106140365824, 0.000640970829409, 0.000508935248945, 0.000344017811585, 0.000697592506185, 0.000567153620068, 0.000621989252977, 0.000439429306425, 0.000406286300858, 0.000563698355108, 0.000398007425247, 0.000399241311243, 0.000227083161008, 0.000163252290804, 0.000122084355098, 7.27486258256e-05, 6.64510225761e-05, 4.18760610046e-05, 2.19868961722e-05, 5.17852731718e-06, 1.01555066578e-08],
        "dmean2": [0.000289564486593, 0.00402262248099, 0.00459973467514, 0.00296055083163, 0.00477516790852, 0.00302774040028, 0.00177439290565, 0.00102788361255, 0.000784011732321, 0.000561085296795, 0.00109950872138, 0.000925560656469, 0.000965570972767, 0.000722019991372, 0.000675592222251, 0.000923079613131, 0.000661722850055, 0.000672934984323, 0.000377558491891, 0.000263715104666, 0.00020033767214, 0.000114687056339, 0.00010132726311, 6.45475520287e-05, 3.47971981682e-05, 8.13663882582e-06, 1.40836977636e-08],
        "dvar": [1.45767060644e-07, 1.66348872881e-05, 2.81035518128e-05, 6.17207524556e-06, 1.2825938029e-05, 7.45695706428e-06, 2.98422037304e-06, 1.18046216357e-06, 6.8364767003e-07, 3.12417370196e-07, 1.64055404639e-06, 9.36178935262e-07, 2.9064390219e-06, 6.31757586689e-07, 3.15159041975e-07, 5.40875475963e-07, 3.02995687207e-07, 3.5519903463e-07, 9.53403613835e-08, 5.44260174706e-08, 3.61816816508e-08, 8.34532798422e-09, 1.59711923686e-08, 9.7059844606e-09, 2.44735742783e-09, 3.50489581802e-10, 2.070243899e-14],
        "dvar2": [3.81622101031e-07, 3.93737172999e-05, 7.23305347492e-05, 1.63385338965e-05, 3.52669194399e-05, 1.94650037884e-05, 7.90414378571e-06, 2.40516669692e-06, 1.50745495375e-06, 7.397836157e-07, 3.39062330568e-06, 2.2286596959e-06, 6.89324588166e-06, 1.54949555053e-06, 7.29309022063e-07, 1.48001947764e-06, 8.42175040816e-07, 9.62213107414e-07, 2.49678578257e-07, 1.32271722464e-07, 9.55837222705e-08, 2.06353849563e-08, 3.10926751013e-08, 2.35223964751e-08, 5.30222754591e-09, 8.35779057073e-10, 2.10915693141e-14],
        "max": [0.00413835979998, 0.0349433198571, 0.0476714372635, 0.0270066298544, 0.0359469465911, 0.0378725267947, 0.0224560387433, 0.0182507373393, 0.0140176778659, 0.00719154253602, 0.0250429306179, 0.0138345118612, 0.0337117426097, 0.0136575018987, 0.012459714897, 0.00711918063462, 0.0071598268114, 0.00947878696024, 0.00369078991935, 0.00347027368844, 0.0036223907955, 0.00146198493894, 0.00202437397093, 0.0013602381805, 0.00070210598642, 0.000411171728047, 4.79872005599e-06],
        "mean": [0.000170462459209, 0.00406459486112, 0.00295761134475, 0.00231253751554, 0.00476780626923, 0.00296874437481, 0.00171403633431, 0.00107899249997, 0.000846340612043, 0.00054031284526, 0.00122312863823, 0.000954896444455, 0.00112310331315, 0.000797745247837, 0.00076995609561, 0.0011151842773, 0.000755642889999, 0.000816182408016, 0.000482635543449, 0.000376630254323, 0.000261421519099, 0.000179539070814, 0.000140892792842, 8.58933271957e-05, 3.90132445318e-05, 7.91181173554e-06, 9.59278700918e-09],
        "median": [4.03822632506e-05, 0.0011420896044, 0.000815447303466, 0.00119075737894, 0.00315418746322, 0.00157120940275, 0.000959422206506, 0.000593008939177, 0.000511662568897, 0.000314583448926, 0.000545677845366, 0.000634940748569, 0.00043003729661, 0.00041239685379, 0.000572290155105, 0.000712798151653, 0.00049077195581, 0.000615452532656, 0.000354247866198, 0.00026504645939, 0.00019998040807, 0.000146040692925, 0.000104465558252, 5.76918173465e-05, 2.38306747633e-05, 2.98758209283e-06, 6.52422615932e-10],
        "min": [4.88775731e-09, 2.34510338259e-07, 9.83312475e-07, 5.84463464293e-07, 5.53039262741e-06, 1.54049266712e-05, 5.77766741117e-06, 4.05883611165e-06, 7.02192392055e-06, 3.93848358726e-06, 6.07092124483e-06, 7.26829284758e-06, 1.72897071025e-05, 1.79267171916e-05, 2.89348918159e-05, 2.32890924963e-05, 2.27290311159e-05, 1.77399342647e-05, 1.00941906567e-05, 9.26453139982e-06, 1.25243614093e-05, 2.59898820332e-06, 6.6626557782e-07, 1.82084562539e-07, 6.60605944947e-12, 6.23991830428e-12, 5.78677427157e-12],
        "var": [1.34044711331e-07, 3.93184418499e-05, 3.01727359329e-05, 8.69283303473e-06, 2.43145095737e-05, 1.81556551979e-05, 5.50797949472e-06, 2.70502459898e-06, 1.18387060866e-06, 5.26305882431e-07, 4.74802482131e-06, 1.50811206368e-06, 8.16726424091e-06, 1.45405510921e-06, 7.11272946319e-07, 1.28687247525e-06, 6.30926820122e-07, 6.60683667775e-07, 1.95351120169e-07, 1.33153619686e-07, 5.63679911636e-08, 1.84204100862e-08, 3.030161011e-08, 1.39853684189e-08, 3.4203981869e-09, 4.0367786891e-10, 2.07094676694e-14]
    },
    "erbbands": {
        "dmean": [0.0706347301602, 0.614172816277, 2.78144550323, 3.73121666908, 9.41386413574, 10.6314439774, 13.1481332779, 15.7797174454, 13.6847400665, 17.0416183472, 13.30027771, 11.2525777817, 9.50431251526, 15.9567756653, 24.2611808777, 25.0111179352, 24.2004756927, 21.7356910706, 17.2122325897, 28.0973625183, 25.02551651, 22.4770145416, 18.9564914703, 16.7772521973, 7.65791225433, 8.27608585358, 5.44795894623, 4.37921094894, 2.72604775429, 2.27068662643, 1.88380908966, 1.08009636402, 0.641088247299, 0.309506595135, 0.12952658534, 0.0340939201415, 0.0080225430429, 0.000524319941178, 1.42152302942e-05, 8.97599784366e-06],
        "dmean2": [0.11076977849, 0.988378286362, 4.47740793228, 6.20703220367, 16.1231174469, 17.7103977203, 22.2036399841, 26.3087234497, 22.5078926086, 28.743106842, 21.4500598907, 17.4779338837, 15.5297851562, 25.1243476868, 38.6764907837, 40.1274108887, 37.6654891968, 36.7122154236, 28.3110809326, 46.2302474976, 40.7552146912, 37.7678146362, 31.623003006, 27.7007408142, 12.2484331131, 13.5707349777, 8.83053207397, 7.30234718323, 4.36762237549, 3.53424024582, 2.8582201004, 1.63469922543, 0.996367931366, 0.491197615862, 0.20610293746, 0.0541456006467, 0.0128590222448, 0.000843344023451, 2.20588080992e-05, 1.44026371345e-05],
        "dvar": [0.0158520005643, 1.02536606789, 26.8995342255, 24.7917785645, 221.121154785, 226.331726074, 344.022674561, 562.536560059, 573.778686523, 886.612060547, 588.517150879, 352.242156982, 188.328399658, 534.032531738, 2266.0859375, 2109.09326172, 3253.30615234, 1985.1439209, 678.29473877, 1508.24328613, 1136.60180664, 1094.17724609, 862.057678223, 483.89465332, 124.945579529, 152.722000122, 74.376914978, 46.888710022, 12.7108001709, 19.6606426239, 12.6512928009, 6.29714250565, 1.95802855492, 0.531527400017, 0.0747483372688, 0.0111775286496, 0.000860830477905, 3.69309191228e-06, 1.92538673893e-09, 7.49303327718e-11],
        "dvar2": [0.037658162415, 2.423132658, 68.0096282959, 62.9561500549, 633.197265625, 595.273071289, 918.038024902, 1454.09777832, 1405.89489746, 2484.23339844, 1169.19641113, 761.634887695, 466.616485596, 1170.6484375, 4526.91748047, 4941.95214844, 7636.09082031, 4900.00634766, 1541.70581055, 3756.91796875, 3073.69921875, 3066.44140625, 2464.01074219, 1304.16723633, 314.876373291, 390.363525391, 173.785644531, 128.065689087, 32.3445472717, 43.5772972107, 23.9098968506, 14.9020233154, 4.65965127945, 1.1572766304, 0.165766969323, 0.0254204478115, 0.0020893397741, 8.68732331583e-06, 3.93818355704e-09, 1.85860327129e-10],
        "max": [1.15521240234, 9.66378211975, 46.4714431763, 43.0905418396, 130.705123901, 181.552566528, 279.417999268, 316.697509766, 359.441802979, 407.214569092, 428.403289795, 301.166473389, 153.687667847, 377.024108887, 1041.58349609, 610.679199219, 1138.6328125, 786.544372559, 761.970703125, 810.987976074, 389.198699951, 447.38885498, 579.33795166, 278.943237305, 240.565185547, 145.318710327, 156.541610718, 120.707992554, 54.5722923279, 73.4671707153, 61.3491210938, 38.0076637268, 18.7380046844, 10.7529115677, 3.08902597427, 2.13276147842, 0.655145287514, 0.0343197211623, 0.000750977895223, 9.46300497162e-05],
        "mean": [0.104664951563, 0.97780507803, 3.28161287308, 5.093957901, 12.4583034515, 16.5071601868, 20.6154785156, 25.4861183167, 22.6484718323, 28.6044902802, 23.936706543, 18.1965713501, 16.4010486603, 28.2626667023, 48.3412513733, 45.9306564331, 49.2616500854, 40.9082183838, 36.2608108521, 55.5628929138, 53.9867210388, 45.8280258179, 39.7150688171, 39.1027641296, 19.0148124695, 18.4125862122, 12.1418142319, 9.31909656525, 6.68451309204, 5.16637134552, 3.90622782707, 2.22560834885, 1.21427488327, 0.553265869617, 0.217278376222, 0.0555287674069, 0.01212150231, 0.000717919436283, 3.68673681805e-05, 3.88262124034e-05],
        "median": [0.0194255914539, 0.307355493307, 1.05593168736, 3.36514401436, 5.68996429443, 9.85484313965, 12.5526361465, 12.1521043777, 11.771525383, 15.9064292908, 12.8172903061, 11.4343137741, 11.3556232452, 17.9928741455, 24.1260623932, 28.3047161102, 24.0652999878, 21.9062099457, 27.012096405, 38.6940383911, 36.7053375244, 30.3618431091, 31.490737915, 28.492433548, 14.6842422485, 12.821228981, 9.17979431152, 7.29827737808, 5.35406732559, 3.99473810196, 2.84055423737, 1.54212892056, 0.768131256104, 0.348826169968, 0.112589582801, 0.0242298599333, 0.00389374699444, 0.000236425068579, 2.79997166217e-05, 3.87401778426e-05],
        "min": [1.3458669855e-05, 0.000242895664996, 0.00172989198472, 0.00560653861612, 0.0272693317384, 0.0282013248652, 0.110002562404, 0.169710636139, 0.126165002584, 0.129787787795, 0.0869450494647, 0.166790351272, 0.115292102098, 0.171519488096, 0.315318852663, 0.391299545765, 0.862560927868, 1.12225818634, 1.06864225864, 1.45072197914, 1.62382566929, 1.58040606976, 1.24710822105, 0.738240361214, 0.733666658401, 0.496340334415, 0.598017573357, 0.32832211256, 0.109902307391, 0.0498671717942, 0.0167005583644, 0.00466356985271, 0.00121481728274, 5.98308215558e-05, 1.37203460326e-05, 5.08569792146e-06, 2.86682461592e-06, 7.47617377783e-07, 1.87687419384e-06, 2.93991888611e-06],
        "var": [0.0319675169885, 2.26355171204, 32.412525177, 32.4254837036, 293.918304443, 402.941040039, 630.604980469, 1385.85852051, 1145.6550293, 1450.03601074, 1417.9588623, 582.780456543, 300.878540039, 1060.7701416, 7524.17480469, 4229.66992188, 10918.7958984, 4194.25195312, 1844.1171875, 3780.54101562, 2736.75415039, 2281.49121094, 1377.34716797, 1283.27575684, 252.49180603, 339.037139893, 148.52696228, 66.9902191162, 25.777803421, 32.7198905945, 23.4907684326, 9.09093093872, 3.07285690308, 0.728379070759, 0.110482953489, 0.0137752480805, 0.00104914268013, 4.36196160081e-06, 2.26676477588e-09, 3.17606302369e-10]
    },
    "gfcc": {
        "mean": [28.9375724792, 95.6479263306, -149.192886353, 44.5003433228, -66.6575469971, 11.3719511032, -46.6014022827, 1.38733100891, -24.5641899109, -4.01809835434, -12.0033311844, -1.46525323391, -7.24269962311],
        "cov": [[1642.2097168, 141.748931885, 303.611541748, 197.787109375, 154.683792114, 392.016479492, -10.5748758316, 157.514587402, 88.0876464844, 80.4830169678, 105.782264709, 5.05169296265, -9.87936019897], [141.748931885, 786.244995117, 48.2675056458, 150.551696777, 234.259307861, 120.007568359, 205.272537231, -48.0182685852, 134.148193359, -69.3902893066, 100.941390991, -52.588596344, 33.1550598145], [303.611541748, 48.2675056458, 463.660736084, 39.4386138916, 107.032035828, 239.15914917, 71.7586364746, 153.431869507, 38.9825248718, 106.887397766, -16.8182106018, 49.4580993652, -46.7405090332], [197.787109375, 150.551696777, 39.4386138916, 204.099990845, 114.222061157, 83.8678131104, 67.5025939941, -2.28807115555, 52.7466239929, -26.4626331329, 52.4017372131, -16.1045951843, 15.1678752899], [154.683792114, 234.259307861, 107.032035828, 114.222061157, 228.903396606, 132.332061768, 139.025100708, 59.1461257935, 69.5576171875, 38.0993423462, 32.2969245911, 16.170753479, -8.07457828522], [392.016479492, 120.007568359, 239.15914917, 83.8678131104, 132.332061768, 315.325805664, 139.660644531, 133.865005493, 82.1622695923, 74.7564086914, 39.8754005432, 14.2760486603, -13.6583614349], [-10.5748758316, 205.272537231, 71.7586364746, 67.5025939941, 139.025100708, 139.660644531, 250.500030518, 92.4663009644, 75.6131820679, 48.4357566833, 22.0429611206, 24.4604454041, -11.2071275711], [157.514587402, -48.0182685852, 153.431869507, -2.28807115555, 59.1461257935, 133.865005493, 92.4663009644, 179.854980469, 62.3827018738, 99.1433181763, -9.04430389404, 37.7450065613, -15.498591423], [88.0876464844, 134.148193359, 38.9825248718, 52.7466239929, 69.5576171875, 82.1622695923, 75.6131820679, 62.3827018738, 112.401390076, 42.3578186035, 33.6265945435, 0.588716506958, 3.54837679863], [80.4830169678, -69.3902893066, 106.887397766, -26.4626331329, 38.0993423462, 74.7564086914, 48.4357566833, 99.1433181763, 42.3578186035, 138.645889282, 6.70223522186, 44.0255355835, -22.6353645325], [105.782264709, 100.941390991, -16.8182106018, 52.4017372131, 32.2969245911, 39.8754005432, 22.0429611206, -9.04430389404, 33.6265945435, 6.70223522186, 81.8301773071, 11.057138443, 22.5352935791], [5.05169296265, -52.588596344, 49.4580993652, -16.1045951843, 16.170753479, 14.2760486603, 24.4604454041, 37.7450065613, 0.588716506958, 44.0255355835, 11.057138443, 76.1792984009, 6.11154699326], [-9.87936019897, 33.1550598145, -46.7405090332, 15.1678752899, -8.07457828522, -13.6583614349, -11.2071275711, -15.498591423, 3.54837679863, -22.6353645325, 22.5352935791, 6.11154699326, 65.6559371948]],
        "icov": [[0.00137480266858, -0.000970332708675, 0.000797975226305, -0.00157904229127, 0.000470629078336, -0.00216173706576, 0.0025202408433, -0.0018466549227, 0.00144126301166, -0.00071588717401, -0.000120729600894, -0.00086441723397, 0.00102939119097], [-0.000970332708675, 0.00651278020814, -0.00390828587115, 0.00488918088377, -0.00501322373748, 0.00358127383515, -0.00611023325473, 0.00583161739632, -0.00675054639578, 0.00514211598784, -0.00570024456829, 0.00577159039676, -0.00332769285887], [0.000797975226305, -0.00390828587115, 0.00765511207283, -0.00418848125264, 0.00224285875447, -0.00626595085487, 0.00576332211494, -0.00488796178252, 0.00496550090611, -0.0040209852159, 0.00611567823216, -0.0062714884989, 0.00414330186322], [-0.00157904229127, 0.00488918088377, -0.00418848125264, 0.0139065617695, -0.00732250651345, 0.0035859849304, -0.00599028170109, 0.00566602451727, -0.00719098886475, 0.00729523645714, -0.00785349775106, 0.00641678273678, -0.00373858958483], [0.000470629078336, -0.00501322373748, 0.00224285875447, -0.00732250651345, 0.0132559482008, -0.00322192069143, 0.00113707652781, -0.00302262254991, 0.00361753907055, -0.00510661583394, 0.00526834558696, -0.00566331669688, 0.00309417373501], [-0.00216173706576, 0.00358127383515, -0.00626595085487, 0.0035859849304, -0.00322192069143, 0.0135156745091, -0.0078256027773, 0.000914867676329, -0.00425109267235, 0.00309258606285, -0.00692651188001, 0.00715349894017, -0.00311987265013], [0.0025202408433, -0.00611023325473, 0.00576332211494, -0.00599028170109, 0.00113707652781, -0.0078256027773, 0.0157771445811, -0.00875510089099, 0.00517235929146, -0.00390130560845, 0.0052152746357, -0.00787225365639, 0.0054080132395], [-0.0018466549227, 0.00583161739632, -0.00488796178252, 0.00566602451727, -0.00302262254991, 0.000914867676329, -0.00875510089099, 0.0217461120337, -0.011346237734, -0.00148920039646, 0.00204326142557, 0.00210719020106, -0.00535163423046], [0.00144126301166, -0.00675054639578, 0.00496550090611, -0.00719098886475, 0.00361753907055, -0.00425109267235, 0.00517235929146, -0.011346237734, 0.0242077577859, -0.00852566212416, 0.000333620322635, -0.00100422860123, 0.00231843092479], [-0.00071588717401, 0.00514211598784, -0.0040209852159, 0.00729523645714, -0.00510661583394, 0.00309258606285, -0.00390130560845, -0.00148920039646, -0.00852566212416, 0.0203267298639, -0.00819532293826, -0.000412532681366, 0.00206542760134], [-0.000120729600894, -0.00570024456829, 0.00611567823216, -0.00785349775106, 0.00526834558696, -0.00692651188001, 0.0052152746357, 0.00204326142557, 0.000333620322635, -0.00819532293826, 0.028404224664, -0.0112990671769, -0.00193295371719], [-0.00086441723397, 0.00577159039676, -0.0062714884989, 0.00641678273678, -0.00566331669688, 0.00715349894017, -0.00787225365639, 0.00210719020106, -0.00100422860123, -0.000412532681366, -0.0112990671769, 0.0264473259449, -0.0077179656364], [0.00102939119097, -0.00332769285887, 0.00414330186322, -0.00373858958483, 0.00309417373501, -0.00311987265013, 0.0054080132395, -0.00535163423046, 0.00231843092479, 0.00206542760134, -0.00193295371719, -0.0077179656364, 0.0222395248711]]
    },
    "melbands": {
        "dmean": [0.000646714644972, 0.00110311340541, 0.000856766127981, 0.000653728784528, 0.000469779130071, 0.000343470252119, 0.000207465607673, 0.000174772983883, 0.000107590974949, 6.9156230893e-05, 4.93317747896e-05, 6.23821033514e-05, 9.58914606599e-05, 6.29556016065e-05, 9.19444355532e-05, 3.9931430365e-05, 4.08157175116e-05, 3.01540912915e-05, 3.46141459886e-05, 3.99816308345e-05, 3.30566435878e-05, 2.73053319688e-05, 1.62000469572e-05, 2.13396851905e-05, 1.45695412357e-05, 7.48740694689e-06, 5.75389049118e-06, 6.11615178059e-06, 3.85114981327e-06, 3.12873066832e-06, 2.56386806541e-06, 1.7054038608e-06, 1.48389494825e-06, 1.32297975597e-06, 1.20985157537e-06, 8.86769385033e-07, 6.53904976389e-07, 5.24430618043e-07, 3.33720976187e-07, 2.63220300667e-07],
        "dmean2": [0.00102856638841, 0.00174544611946, 0.00142871111166, 0.00110006798059, 0.000781391048804, 0.000571087584831, 0.000343154883012, 0.000290314725135, 0.000171332911123, 0.000107593426947, 8.08133117971e-05, 9.86809609458e-05, 0.000151278349222, 0.000103548976767, 0.000142014672747, 6.51105001452e-05, 6.88167056069e-05, 4.94044361403e-05, 5.74424520892e-05, 6.6185988544e-05, 5.44510185136e-05, 4.60860210296e-05, 2.68772600975e-05, 3.57911012543e-05, 2.42950081883e-05, 1.22268975247e-05, 9.23650713958e-06, 1.0280553397e-05, 6.27750750937e-06, 5.24350934938e-06, 4.31089620179e-06, 2.79159507954e-06, 2.37659355662e-06, 2.0828297238e-06, 1.86493412002e-06, 1.35278230573e-06, 1.03154377484e-06, 8.29455359508e-07, 5.18365368407e-07, 4.3115369408e-07],
        "dvar": [1.18450896025e-06, 3.60832859769e-06, 1.1874546999e-06, 7.92184664533e-07, 3.51742329485e-07, 2.59780591705e-07, 1.20090632549e-07, 8.2318457828e-08, 3.49162192492e-08, 1.1784711873e-08, 5.0021284892e-09, 8.68611760296e-09, 3.94400672121e-08, 1.65407865182e-08, 6.59461392161e-08, 3.92615362443e-09, 7.16461778794e-09, 2.58235499651e-09, 2.55675636218e-09, 3.28183280551e-09, 2.39664532664e-09, 1.59865343186e-09, 3.57994245359e-10, 1.41592348957e-09, 3.84957982158e-10, 1.15278522839e-10, 7.34124150359e-11, 1.00065615516e-10, 3.81058865018e-11, 2.54742026085e-11, 1.40128264894e-11, 4.7655122036e-12, 4.00076282867e-12, 8.08261964302e-12, 5.41677813715e-12, 3.02098146845e-12, 3.01963879248e-12, 1.25321259446e-12, 6.02043371753e-13, 4.02195936061e-13],
        "dvar2": [2.73702107734e-06, 8.95584344107e-06, 3.14108524435e-06, 2.24332279686e-06, 9.20763511658e-07, 6.66323842324e-07, 2.97872901456e-07, 2.21374961029e-07, 7.30963236606e-08, 2.58767691719e-08, 1.2279418371e-08, 1.94190832303e-08, 7.90015519669e-08, 3.76830868731e-08, 1.53553614268e-07, 9.59602264317e-09, 1.76075705127e-08, 5.74381786578e-09, 5.60087753954e-09, 9.14403397445e-09, 6.56942544808e-09, 4.47567005679e-09, 9.73359837175e-10, 3.85660925417e-09, 1.03425490394e-09, 2.8805294261e-10, 1.71847175379e-10, 2.6803051445e-10, 8.49295078709e-11, 6.73492858705e-11, 3.89097365439e-11, 1.24616124711e-11, 9.39794075894e-12, 1.78903610676e-11, 1.05007209525e-11, 6.67292653425e-12, 7.58766400405e-12, 3.11102207363e-12, 1.28501224418e-12, 9.33364388382e-13],
        "max": [0.00875861011446, 0.0177543330938, 0.010787544772, 0.00946667883545, 0.0075162681751, 0.00650808075443, 0.00508872885257, 0.00363574340008, 0.00287519511767, 0.00162533682305, 0.000777737936005, 0.00150345731527, 0.00408713705838, 0.00205165846273, 0.00494640087709, 0.00119767687283, 0.00149304280058, 0.00153817201499, 0.00125069101341, 0.000599597988185, 0.000570641248487, 0.000527105934452, 0.000238462525886, 0.000669357017614, 0.00026737555163, 0.000173706008354, 0.000162161086337, 0.000104322636616, 0.000118707488582, 9.76037990768e-05, 5.85846028116e-05, 2.95819900202e-05, 3.20269573422e-05, 4.60560077045e-05, 4.72380997962e-05, 2.9188411645e-05, 3.39120051649e-05, 1.49199422594e-05, 1.38561326821e-05, 1.01951000033e-05],
        "mean": [0.00104720308445, 0.00158947159071, 0.00119755964261, 0.00100912177004, 0.000763011688832, 0.000567651586607, 0.000347713124938, 0.000296336802421, 0.000186589983059, 0.000109607826744, 8.02399445092e-05, 0.00010439313337, 0.00017681234749, 0.000107734384073, 0.000156845562742, 8.01731293905e-05, 7.16213835403e-05, 5.49454780412e-05, 6.49282956147e-05, 7.44020071579e-05, 6.20342398179e-05, 4.99210436828e-05, 3.12740339723e-05, 4.11885484937e-05, 3.16706318699e-05, 1.52411175804e-05, 1.25539127112e-05, 1.20219219752e-05, 7.7003669503e-06, 6.24463837084e-06, 5.02595958096e-06, 3.77563651455e-06, 3.28990086018e-06, 2.70659052148e-06, 2.35415905081e-06, 1.71547731043e-06, 1.23886809433e-06, 9.12152927413e-07, 6.07561901234e-07, 4.17465400915e-07],
        "median": [0.000271735829301, 0.000559041975066, 0.000766393903177, 0.000584468070883, 0.000502794922795, 0.000279291532934, 0.000194483262021, 0.000166567260749, 9.48877932387e-05, 6.92385365255e-05, 5.21458350704e-05, 6.45498803351e-05, 7.94022635091e-05, 6.46246116958e-05, 6.51736190775e-05, 4.19956922997e-05, 3.66442836821e-05, 3.5393069993e-05, 4.71325511171e-05, 4.70929662697e-05, 3.80226374546e-05, 2.94957444567e-05, 2.49700460699e-05, 2.81666325463e-05, 2.23027636821e-05, 1.10134806164e-05, 8.97544941836e-06, 7.81764356361e-06, 5.40646215086e-06, 4.44200213678e-06, 3.8479270188e-06, 2.99595717479e-06, 2.59223384091e-06, 1.96086330106e-06, 1.66632071341e-06, 1.23292340959e-06, 8.00315035576e-07, 5.46858416328e-07, 3.83828620443e-07, 2.453055572e-07],
        "min": [6.92934278845e-08, 8.02533804745e-07, 1.03123068129e-06, 1.74907881956e-06, 4.98380904901e-06, 3.21749303112e-06, 1.70822875134e-06, 1.39287487855e-06, 7.20303489743e-07, 1.01705722955e-06, 4.55470740235e-07, 6.62509762606e-07, 9.35954233228e-07, 8.27216751986e-07, 1.7427637431e-06, 1.64267362379e-06, 1.21909249629e-06, 1.07340122213e-06, 2.57133115156e-06, 1.57985903115e-06, 1.47356297475e-06, 1.37028257541e-06, 6.79766628764e-07, 8.32702255593e-07, 3.93029552015e-07, 4.57692465261e-07, 3.8075435782e-07, 2.61780598976e-07, 3.3617808981e-07, 2.68897139222e-07, 1.23224666027e-07, 5.22465164465e-08, 3.26485931623e-08, 2.35939960902e-08, 1.08936983878e-08, 3.9461038881e-09, 2.08716999239e-09, 6.89097889861e-10, 1.16261709461e-13, 5.58125120014e-14],
