{
"highlevel": {
    "danceability": {
        "all": {
            "danceable": 0.990678012371,
            "not_danceable": 0.00932199880481
        },
        "probability": 0.990678012371,
        "value": "danceable"
    },
    "gender": {
        "all": {
            "female": 0.0233084205538,
            "male": 0.976691603661
        },
        "probability": 0.976691603661,
        "value": "male"
    },
    "genre_dortmund": {
        "all": {
            "alternative": 0.0150124058127,
            "blues": 0.00906143151224,
            "electronic": 0.807950496674,
            "folkcountry": 0.010618085973,
            "funksoulrnb": 0.00412395084277,
            "jazz": 0.0451764687896,
            "pop": 0.0370546616614,
            "raphiphop": 0.0590110830963,
            "rock": 0.0119914403185
        },
        "probability": 0.807950496674,
        "value": "electronic"
    },
    "genre_electronic": {
        "all": {
            "ambient": 0.456467777491,
            "dnb": 0.19487144053,
            "house": 0.18921802938,
            "techno": 0.0543491989374,
            "trance": 0.105093553662
        },
        "probability": 0.456467777491,
        "value": "ambient"
    },
    "genre_rosamerica": {
        "all": {
            "cla": 0.0236856620759,
            "dan": 0.321175098419,
            "hip": 0.298474550247,
            "jaz": 0.0279804449528,
            "pop": 0.0886992812157,
            "rhy": 0.186874866486,
            "roc": 0.0217288602144,
            "spe": 0.0313812494278
        },
        "probability": 0.321175098419,
        "value": "dan"
    },
    "genre_tzanetakis": {
        "all": {
            "blu": 0.0626613423228,
            "cla": 0.0348169617355,
            "cou": 0.104475811124,
            "dis": 0.0784321576357,
            "hip": 0.15692435205,
            "jaz": 0.313974827528,
            "met": 0.0448166541755,
            "pop": 0.0627359300852,
            "reg": 0.0627360641956,
            "roc": 0.0784258767962
        },
        "probability": 0.313974827528,
        "value": "jaz"
    },
    "ismir04_rhythm": {
        "all": {
            "ChaChaCha": 0.082437813282,
            "Jive": 0.0106582529843,
            "Quickstep": 0.058074735105,
            "Rumba-American": 0.0211317576468,
            "Rumba-International": 0.0388218425214,
            "Rumba-Misc": 0.0144927985966,
            "Samba": 0.711790263653,
            "Tango": 0.0416549444199,
            "VienneseWaltz": 0.0145485326648,
            "Waltz": 0.00638908008114
        },
        "probability": 0.711790263653,
        "value": "Samba"
    },
    "mood_acoustic": {
        "all": {
            "acoustic": 0.133141368628,
            "not_acoustic": 0.86685860157
        },
        "probability": 0.86685860157,
        "value": "not_acoustic"
    },
    "mood_aggressive": {
        "all": {
            "aggressive": 0.0365815646946,
            "not_aggressive": 0.963418424129
        },
        "probability": 0.963418424129,
        "value": "not_aggressive"
    },
    "mood_electronic": {
        "all": {
            "electronic": 0.935501635075,
            "not_electronic": 0.0644983500242
        },
        "probability": 0.935501635075,
        "value": "electronic"
    },
    "mood_happy": {
        "all": {
            "happy": 0.231123551726,
            "not_happy": 0.768876433372
        },
        "probability": 0.768876433372,
        "value": "not_happy"
    },
    "mood_party": {
        "all": {
            "not_party": 0.6549295187,
            "party": 0.3450704813
        },
        "probability": 0.6549295187,
        "value": "not_party"
    },
    "mood_relaxed": {
        "all": {
            "not_relaxed": 0.251892894506,
            "relaxed": 0.748107075691
        },
        "probability": 0.748107075691,
        "value": "relaxed"
    },
    "mood_sad": {
        "all": {
            "not_sad": 0.848826706409,
            "sad": 0.151173308492
        },
        "probability": 0.848826706409,
        "value": "not_sad"
    },
    "moods_mirex": {
        "all": {
            "Cluster1": 0.22103202343,
            "Cluster2": 0.148321896791,
            "Cluster3": 0.124904699624,
            "Cluster4": 0.0937753990293,
            "Cluster5": 0.411965966225
        },
        "probability": 0.411965966225,
        "value": "Cluster5"
    },
    "timbre": {
        "all": {
            "bright": 0.865951001644,
            "dark": 0.134049013257
        },
        "probability": 0.865951001644,
        "value": "bright"
    },
    "tonal_atonal": {
        "all": {
            "atonal": 0.808696687222,
            "tonal": 0.191303282976
        },
        "probability": 0.808696687222,
        "value": "atonal"
    },
    "voice_instrumental": {
        "all": {
            "instrumental": 0.441716223955,
            "voice": 0.558283746243
        },
        "probability": 0.558283746243,
        "value": "voice"
    }
},
"lowlevel": {
    "average_loudness": 0.979898273945,
    "barkbands_crest": {
        "dmean": 3.06611585617,
        "dmean2": 4.69221258163,
        "dvar": 13.1596546173,
        "dvar2": 24.9878311157,
        "max": 26.0466327667,
        "mean": 14.3921022415,
        "median": 14.1119298935,
        "min": 3.56943178177,
        "var": 34.5521621704
    },
    "barkbands_flatness_db": {
        "dmean": 0.0404959693551,
        "dmean2": 0.0555421225727,
        "dvar": 0.0020356643945,
        "dvar2": 0.00372276990674,
        "max": 0.444483220577,
        "mean": 0.219447657466,
        "median": 0.197081521153,
        "min": 0.0668926388025,
        "var": 0.00783443637192
    },
    "barkbands_kurtosis": {
        "dmean": 12.4015254974,
        "dmean2": 18.0866527557,
        "dvar": 420.82522583,
        "dvar2": 854.104858398,
        "max": 261.131500244,
        "mean": 23.5649814606,
        "median": 9.82181453705,
        "min": -1.8809877634,
        "var": 1406.78735352
    },
    "barkbands_skewness": {
        "dmean": 1.01120901108,
        "dmean2": 1.44747900963,
        "dvar": 1.25371837616,
        "dvar2": 2.42034435272,
        "max": 12.9801254272,
        "mean": 3.31343460083,
        "median": 2.65141606331,
        "min": -0.852242827415,
        "var": 5.15988636017
    },
    "barkbands_spread": {
        "dmean": 5.68555450439,
        "dmean2": 8.77087879181,
        "dvar": 94.5798034668,
        "dvar2": 220.680282593,
        "max": 117.741165161,
        "mean": 11.9155092239,
        "median": 8.87030792236,
        "min": 0.442139208317,
        "var": 149.008300781
    },
    "dissonance": {
        "dmean": 0.032256860286,
        "dmean2": 0.0528682991862,
        "dvar": 0.000857838720549,
        "dvar2": 0.00211404915899,
        "max": 0.499999940395,
        "mean": 0.43741825223,
        "median": 0.444995701313,
        "min": 0.217971518636,
        "var": 0.00173334754072
    },
    "dynamic_complexity": 3.01992869377,
    "erbbands_crest": {
        "dmean": 3.10928440094,
        "dmean2": 4.96734380722,
        "dvar": 7.61832523346,
        "dvar2": 18.2024765015,
        "max": 26.8851490021,
        "mean": 9.15949249268,
        "median": 8.19089603424,
        "min": 2.68514227867,
        "var": 17.1004924774
    },
    "erbbands_flatness_db": {
        "dmean": 0.0244382042438,
        "dmean2": 0.0349806323647,
        "dvar": 0.000676446128637,
        "dvar2": 0.00118276698049,
        "max": 0.337326973677,
        "mean": 0.160979926586,
        "median": 0.151793137193,
        "min": 0.069725304842,
        "var": 0.00233659823425
    },
    "erbbands_kurtosis": {
        "dmean": 2.14389491081,
        "dmean2": 3.26875281334,
        "dvar": 14.4939317703,
        "dvar2": 32.8112411499,
        "max": 47.7518615723,
        "mean": 2.37100410461,
        "median": 1.0803809166,
        "min": -1.83558320999,
        "var": 22.7388591766
    },
    "erbbands_skewness": {
        "dmean": 0.50839227438,
        "dmean2": 0.749792814255,
        "dvar": 0.305998057127,
        "dvar2": 0.64216864109,
        "max": 6.26115465164,
        "mean": 1.04056656361,
        "median": 0.941306889057,
        "min": -2.29285645485,
        "var": 0.797415018082
    },
    "erbbands_spread": {
        "dmean": 10.6633300781,
        "dmean2": 15.6580228806,
        "dvar": 140.052215576,
        "dvar2": 296.734130859,
        "max": 144.008377075,
        "mean": 37.4072151184,
        "median": 34.1304969788,
        "min": 4.23312902451,
        "var": 431.835906982
    },
    "hfc": {
        "dmean": 8.77166366577,
        "dmean2": 13.8217258453,
        "dvar": 154.035964966,
        "dvar2": 379.336547852,
        "max": 118.789512634,
        "mean": 14.4163513184,
        "median": 10.4411687851,
        "min": 0.345788657665,
        "var": 204.269546509
    },
    "melbands_crest": {
        "dmean": 3.73420953751,
        "dmean2": 5.5153222084,
        "dvar": 23.2723941803,
        "dvar2": 36.8030548096,
        "max": 36.8863143921,
        "mean": 21.4498939514,
        "median": 19.376701355,
        "min": 4.89633274078,
        "var": 99.6526260376
    },
    "melbands_flatness_db": {
        "dmean": 0.0447455905378,
        "dmean2": 0.0596856586635,
        "dvar": 0.00251409457996,
        "dvar2": 0.00491185253486,
        "max": 0.535160064697,
        "mean": 0.294014841318,
        "median": 0.275293171406,
        "min": 0.109810464084,
        "var": 0.0101496065035
    },
    "melbands_kurtosis": {
        "dmean": 25.3151702881,
        "dmean2": 35.9838790894,
        "dvar": 1930.41931152,
        "dvar2": 3745.45654297,
        "max": 622.514404297,
        "mean": 49.3035774231,
        "median": 20.4310817719,
        "min": -0.595967769623,
        "var": 6526.17773438
    },
    "melbands_skewness": {
        "dmean": 1.35267150402,
        "dmean2": 1.87976372242,
        "dvar": 2.45219993591,
        "dvar2": 4.30678796768,
        "max": 19.7537078857,
        "mean": 4.51455545425,
        "median": 3.50035643578,
        "min": -0.574612915516,
        "var": 11.2591753006
    },
    "melbands_spread": {
        "dmean": 4.37478351593,
        "dmean2": 6.7725071907,
        "dvar": 37.0421295166,
        "dvar2": 88.4758987427,
        "max": 65.6039276123,
        "mean": 9.65326881409,
        "median": 7.45775938034,
        "min": 0.293118447065,
        "var": 71.6695861816
    },
    "pitch_salience": {
        "dmean": 0.103043332696,
        "dmean2": 0.157282263041,
        "dvar": 0.0153569923714,
        "dvar2": 0.0277613848448,
        "max": 0.874045073986,
        "mean": 0.454780697823,
        "median": 0.485418856144,
        "min": 0.0403931774199,
        "var": 0.0479946769774
    },
    "silence_rate_20dB": {
        "dmean": 0,
        "dmean2": 0,
        "dvar": 0,
        "dvar2": 0,
        "max": 1,
        "mean": 1,
        "median": 1,
        "min": 1,
        "var": 0
    },
    "silence_rate_30dB": {
        "dmean": 0.0928792580962,
        "dmean2": 0.185902401805,
        "dvar": 0.0842535793781,
        "dvar2": 0.169933706522,
        "max": 1,
        "mean": 0.913379728794,
        "median": 1,
        "min": 0,
        "var": 0.0791162252426
    },
    "silence_rate_60dB": {
        "dmean": 0.0185758508742,
        "dmean2": 0.0371804796159,
        "dvar": 0.0182308908552,
        "dvar2": 0.0419944226742,
        "max": 1,
        "mean": 0.0224284604192,
        "median": 0,
        "min": 0,
        "var": 0.0219256561249
    },
    "spectral_centroid": {
        "dmean": 227.33416748,
        "dmean2": 348.587005615,
        "dvar": 95734.6640625,
        "dvar2": 210586.328125,
        "max": 4552.94921875,
        "mean": 763.187866211,
        "median": 670.555358887,
        "min": 173.067993164,
        "var": 177920.546875
    },
    "spectral_complexity": {
        "dmean": 3.98142409325,
        "dmean2": 5.95894670486,
        "dvar": 20.1542930603,
        "dvar2": 37.9323997498,
        "max": 37,
        "mean": 12.3789634705,
        "median": 11,
        "min": 0,
        "var": 50.0126838684
    },
    "spectral_decrease": {
        "dmean": 4.5300954099e-09,
        "dmean2": 6.00042815435e-09,
        "dvar": 3.41883938033e-17,
        "dvar2": 6.41512975748e-17,
        "max": -2.36481584315e-10,
        "mean": -1.10620570482e-08,
        "median": -8.01600652522e-09,
        "min": -4.00690431945e-08,
        "var": 8.32477215451e-17
    },
    "spectral_energy": {
        "dmean": 0.0175779499114,
        "dmean2": 0.0236001573503,
        "dvar": 0.000517588341609,
        "dvar2": 0.000978297786787,
        "max": 0.15710093081,
        "mean": 0.0430583879352,
        "median": 0.0320203639567,
        "min": 0.000938116980251,
        "var": 0.00122929003555
    },
    "spectral_energyband_high": {
        "dmean": 0.000395323470002,
        "dmean2": 0.000642374099698,
        "dvar": 8.36511730995e-07,
        "dvar2": 1.93543883142e-06,
        "max": 0.0152637287974,
        "mean": 0.000538576801773,
        "median": 0.000236343199504,
        "min": 5.14570444921e-07,
        "var": 1.01826174159e-06
    },
    "spectral_energyband_low": {
        "dmean": 0.0109318010509,
        "dmean2": 0.0110019808635,
        "dvar": 0.000285992689896,
        "dvar2": 0.000393169582821,
        "max": 0.137288048863,
        "mean": 0.0254448130727,
        "median": 0.0157839227468,
        "min": 1.72638065123e-05,
        "var": 0.000949318229686
    },
    "spectral_energyband_middle_high": {
        "dmean": 0.00197550584562,
        "dmean2": 0.00319171673618,
        "dvar": 9.14455631573e-06,
        "dvar2": 2.26635074796e-05,
        "max": 0.0203474778682,
        "mean": 0.00254989392124,
        "median": 0.0011494718492,
        "min": 1.41023610922e-05,
        "var": 1.10087275971e-05
    },
    "spectral_energyband_middle_low": {
        "dmean": 0.0102714393288,
        "dmean2": 0.0165093559772,
        "dvar": 0.000258745771134,
        "dvar2": 0.000612042611465,
        "max": 0.127527996898,
        "mean": 0.0155439041555,
        "median": 0.00874037202448,
        "min": 7.482701767e-05,
        "var": 0.000337358302204
    },
    "spectral_entropy": {
        "dmean": 0.297818183899,
        "dmean2": 0.433746278286,
        "dvar": 0.114109002054,
        "dvar2": 0.224543496966,
        "max": 8.67473888397,
        "mean": 7.29367017746,
        "median": 7.38454151154,
        "min": 4.99614715576,
        "var": 0.311896771193
    },
    "spectral_flux": {
        "dmean": 0.0464693047106,
        "dmean2": 0.0735014826059,
        "dvar": 0.00400388007984,
        "dvar2": 0.0079003199935,
        "max": 0.390791267157,
        "mean": 0.0944747328758,
        "median": 0.0699136033654,
        "min": 0.0104775540531,
        "var": 0.00583543302491
    },
    "spectral_kurtosis": {
        "dmean": 3.15003395081,
        "dmean2": 5.07259893417,
        "dvar": 22.9938297272,
        "dvar2": 61.3704147339,
        "max": 52.8369903564,
        "mean": 6.10945510864,
        "median": 4.12543010712,
        "min": -1.1830855608,
        "var": 42.722202301
    },
    "spectral_rms": {
        "dmean": 0.00129780720454,
        "dmean2": 0.00168983079493,
        "dvar": 2.43723866333e-06,
        "dvar2": 4.73620093544e-06,
        "max": 0.0123801939189,
        "mean": 0.00595230562612,
        "median": 0.00558921974152,
        "min": 0.000956679694355,
        "var": 6.57814689475e-06
    },
    "spectral_rolloff": {
        "dmean": 354.463531494,
        "dmean2": 608.283874512,
        "dvar": 1015819.1875,
        "dvar2": 2658362.25,
        "max": 11950.9277344,
        "mean": 588.193969727,
        "median": 430.6640625,
        "min": 64.599609375,
        "var": 889241.0625
    },
    "spectral_skewness": {
        "dmean": 0.389580219984,
        "dmean2": 0.579180777073,
        "dvar": 0.197247833014,
        "dvar2": 0.448734998703,
        "max": 5.37416982651,
        "mean": 1.94131505489,
        "median": 1.78672456741,
        "min": 0.0435232259333,
        "var": 0.573824524879
    },
    "spectral_spread": {
        "dmean": 886371.25,
        "dmean2": 1310524.5,
        "dvar": 1.12468806861e+12,
        "dvar2": 2.16585784525e+12,
        "max": 14556190,
        "mean": 4993901.5,
        "median": 4725689.5,
        "min": 1193232.75,
        "var": 3.88044763955e+12
    },
    "spectral_strongpeak": {
        "dmean": 0.357955694199,
        "dmean2": 0.563949584961,
        "dvar": 0.267282813787,
        "dvar2": 0.625468313694,
        "max": 4.17021989822,
        "mean": 0.616736531258,
        "median": 0.372738808393,
        "min": 0.0410754196346,
        "var": 0.420221090317
    },
    "zerocrossingrate": {
        "dmean": 0.00988807342947,
        "dmean2": 0.0118405362591,
        "dvar": 0.000143285433296,
        "dvar2": 0.000185431243153,
        "max": 0.23828125,
        "mean": 0.0331593193114,
        "median": 0.02685546875,
        "min": 0.00146484375,
        "var": 0.000750311708543
    },
    "barkbands": {
        "dmean": [0.00128966150805, 0.00931736454368, 0.00252767698839, 0.00161541043781, 0.00337693816982, 0.00390844326466, 0.00146131834481, 0.00119367800653, 0.00119890575297, 0.000681566540152, 0.000555016158614, 0.000257521256572, 0.000171629420947, 0.000186624019989, 0.000195090571651, 0.000222545844736, 7.74148647906e-05, 5.47445997654e-05, 4.46392441518e-05, 3.21963852912e-05, 6.15065800957e-05, 7.43277196307e-05, 0.000103162201412, 8.42912268126e-05, 8.45898757689e-05, 3.82106845791e-05, 4.75676138478e-08],
        "dmean2": [0.00143157935236, 0.0103826224804, 0.00470382208005, 0.0026803156361, 0.00548075186089, 0.00609433278441, 0.00240158475935, 0.0020988797769, 0.00190460530575, 0.00113063422032, 0.000955934869125, 0.000427443650551, 0.000270560209174, 0.000315987388603, 0.000326644454617, 0.00038998114178, 0.000133772860863, 9.51913461904e-05, 7.32996777515e-05, 5.07848817506e-05, 9.87334206002e-05, 0.000119909367641, 0.000167403937667, 0.000139041221701, 0.000143767319969, 6.80336743244e-05, 8.25184542919e-08],
        "dvar": [4.72820556752e-06, 0.000278131396044, 5.31184887222e-05, 1.02449266706e-05, 4.46748563263e-05, 0.000110958288133, 5.78664685236e-06, 5.9055660131e-06, 4.41695601694e-06, 1.41158773204e-06, 1.26614918372e-06, 2.36481298543e-07, 1.09489548095e-07, 1.26879697859e-07, 9.09062620735e-08, 1.29946513994e-07, 2.51852831923e-08, 1.15036016268e-08, 4.68137884013e-09, 2.35311037322e-09, 1.36087567881e-08, 2.20541878093e-08, 1.00428835026e-07, 3.76469699859e-08, 7.45421715465e-08, 7.35478433711e-09, 3.83250797363e-14],
        "dvar2": [6.74736475048e-06, 0.00046758929966, 0.000152305525262, 2.49840995821e-05, 0.000110178109026, 0.000255043676589, 1.45870335473e-05, 1.59475330292e-05, 1.01919822555e-05, 3.54314897777e-06, 3.25402334056e-06, 5.98376118432e-07, 2.79267226233e-07, 3.27547382994e-07, 2.24070006993e-07, 3.38838987091e-07, 6.92224233489e-08, 3.11014218823e-08, 1.14866960388e-08, 5.37985966886e-09, 3.68000492301e-08, 4.6836834855e-08, 1.96166979549e-07, 8.50019858945e-08, 2.05678531984e-07, 2.01041547854e-08, 9.85348074293e-14],
        "max": [0.0177925396711, 0.121468156576, 0.0417528823018, 0.0398782193661, 0.0741002038121, 0.0872978791595, 0.0292933918536, 0.0192710608244, 0.0234685558826, 0.0105661703274, 0.0109459590167, 0.0063934228383, 0.0042739380151, 0.00431680865586, 0.00240837363526, 0.00359882833436, 0.001442885492, 0.000628402398434, 0.000518082932103, 0.000546501716599, 0.00182370760012, 0.00333800609224, 0.00775971217081, 0.0030963474419, 0.004968252033, 0.00086175929755, 3.30863304043e-06],
        "mean": [0.00303356326185, 0.0195750650018, 0.00187826401088, 0.00210965750739, 0.00416887644678, 0.0042530731298, 0.00198301300406, 0.00130787992384, 0.00160218100064, 0.000712638895493, 0.000516179425176, 0.000321696774336, 0.000210303856875, 0.000201692135306, 0.000211270293221, 0.000218927496462, 8.1933576439e-05, 5.61374690733e-05, 5.32954909431e-05, 4.33325840277e-05, 8.86230336619e-05, 9.67008600128e-05, 0.000114493552246, 9.49839450186e-05, 9.08289875952e-05, 3.37244746333e-05, 3.32279626036e-08],
        "median": [0.00109544047154, 0.0107827624306, 0.00010186736472, 0.000450949824881, 0.00144125148654, 0.000990398344584, 0.000965132203419, 0.0003773427743, 0.000407381856348, 0.000158191993251, 0.000107144573121, 7.08665829734e-05, 5.85806847084e-05, 5.41833796888e-05, 5.99504819547e-05, 6.34832467767e-05, 2.18817585846e-05, 1.83987940545e-05, 1.87089390238e-05, 1.69381146407e-05, 3.1614148611e-05, 3.55171614501e-05, 2.70644741249e-05, 3.28237474605e-05, 1.80384195119e-05, 3.5757857404e-06, 5.07607289535e-10],
        "min": [1.44105612776e-07, 3.32018714744e-07, 5.00860664943e-07, 1.99696341951e-06, 1.09554794108e-05, 2.3293691811e-06, 2.41063980866e-06, 1.04792945876e-06, 1.39905398555e-06, 4.53677557744e-07, 4.48742241588e-07, 3.25042805116e-07, 3.25145094848e-07, 8.93496917342e-07, 7.20194293535e-07, 4.57086770211e-07, 2.70458968998e-07, 1.95286062876e-07, 2.04755352229e-07, 1.65704506117e-07, 7.74246231572e-08, 7.92459715626e-08, 2.71642317529e-08, 8.00451793737e-09, 2.1213912571e-11, 4.06534571631e-12, 7.06403121761e-12],
        "var": [1.66953777807e-05, 0.000685967563186, 3.10324176098e-05, 1.62521409948e-05, 5.50235745322e-05, 0.000116510440421, 8.01002988737e-06, 5.68089217268e-06, 7.86957480159e-06, 1.49345839873e-06, 1.1367899333e-06, 4.26581721058e-07, 1.46957219727e-07, 1.31518731905e-07, 1.110851926e-07, 1.19573272173e-07, 2.27486367521e-08, 9.94061277737e-09, 6.00359761904e-09, 3.55534490737e-09, 2.61089994069e-08, 3.20510764595e-08, 1.31838589823e-07, 4.44324896876e-08, 5.93264992688e-08, 5.96693805477e-09, 2.80979192279e-14]
    },
    "erbbands": {
        "dmean": [0.518209397793, 1.13000702858, 2.39440107346, 4.90594816208, 7.83788442612, 12.2148857117, 22.2245922089, 32.0000495911, 18.6214027405, 26.0212402344, 26.4609680176, 28.3938331604, 17.442073822, 19.0531921387, 20.9547328949, 9.34268188477, 7.86689662933, 8.04954242706, 10.1538162231, 15.2322769165, 6.83328819275, 4.40373420715, 3.17817234993, 2.30071187019, 2.22720599174, 1.42273795605, 1.72016000748, 2.85363817215, 2.45952224731, 3.41619563103, 2.76097106934, 1.75159180164, 1.45900726318, 0.906371116638, 0.643861651421, 0.249271661043, 0.0602292753756, 0.00304434425198, 8.01048299763e-05, 2.37299118453e-05],
        "dmean2": [0.598325014114, 1.26080095768, 4.29668331146, 8.59331417084, 12.8039369583, 20.6459560394, 34.2329177856, 50.352355957, 30.4854125977, 44.3522338867, 44.9174461365, 45.7413597107, 28.6333122253, 31.9315509796, 35.3354072571, 15.345492363, 12.4878482819, 13.3722105026, 17.3101425171, 26.3397312164, 11.6413545609, 7.54938650131, 5.54246664047, 3.86211943626, 3.64008331299, 2.26038503647, 2.7753059864, 4.57941102982, 3.98503351212, 5.59825515747, 4.4638504982, 2.82951831818, 2.41040897369, 1.53978192806, 1.10576343536, 0.436598241329, 0.109038762748, 0.00555747514591, 0.000139830386615, 3.36683151545e-05],
        "dvar": [1.04523134232, 3.34283089638, 43.3941841125, 122.931358337, 341.9737854, 520.198120117, 2744.29296875, 6757.82275391, 1078.09509277, 2165.71508789, 2558.75830078, 2871.38378906, 855.788024902, 1097.79528809, 1629.50561523, 298.363677979, 238.436248779, 256.193878174, 345.720489502, 693.679443359, 89.8487014771, 79.9096450806, 44.0122413635, 13.6423244476, 12.4254465103, 4.63151788712, 9.12054729462, 30.8480319977, 17.9541549683, 154.908172607, 58.2666893005, 15.4653778076, 13.3977603912, 9.11769199371, 4.05263948441, 0.368735820055, 0.0206450726837, 5.67722818232e-05, 3.06175493847e-08, 8.76053674048e-10],
        "dvar2": [1.86366045475, 5.12165260315, 124.536880493, 332.775024414, 849.637695312, 1359.03747559, 6428.44335938, 15254.7128906, 2666.72094727, 5472.11621094, 6740.43359375, 6704.71875, 2110.97753906, 2825.4765625, 4140.87011719, 748.264648438, 634.533813477, 674.911193848, 889.304504395, 1813.54858398, 223.885498047, 218.635437012, 120.315055847, 33.2048873901, 30.9849891663, 10.5493068695, 23.7131786346, 82.464012146, 44.2007865906, 275.846618652, 125.222839355, 36.7330970764, 31.0436706543, 25.2597026825, 11.1221523285, 1.01460587978, 0.0571497492492, 0.000157148693688, 8.40708409555e-08, 1.87288673459e-09],
        "max": [6.91463851929, 13.9750080109, 38.5384063721, 81.6891403198, 283.59765625, 209.678405762, 470.563079834, 664.08972168, 480.787414551, 479.875518799, 454.457580566, 648.157836914, 252.961608887, 276.832977295, 370.254211426, 264.264434814, 210.300796509, 157.385940552, 243.42930603, 253.771179199, 77.6674957275, 86.8123474121, 39.713394165, 35.1415748596, 29.1216259003, 23.0935077667, 47.6816596985, 95.8111724854, 64.8286514282, 358.431671143, 154.650878906, 69.9053726196, 56.2794418335, 51.6244392395, 36.200012207, 9.20547866821, 0.962562263012, 0.058307711035, 0.0015055447584, 0.000232848731684],
        "mean": [1.06273984909, 2.35170125961, 2.26086950302, 5.20424842834, 10.579419136, 13.9873762131, 25.540096283, 34.5021972656, 24.2996253967, 32.9394836426, 33.7988166809, 35.69140625, 20.8199310303, 20.1024684906, 20.5090312958, 12.4909000397, 10.2371501923, 8.77367019653, 11.5578145981, 14.7580318451, 8.16512489319, 4.84522294998, 3.25904393196, 2.70394730568, 2.7346227169, 1.99093389511, 2.49008870125, 4.08436632156, 3.23253893852, 4.23227405548, 2.93733215332, 1.8035043478, 1.69287502766, 0.971923470497, 0.660644650459, 0.244900807738, 0.0464155972004, 0.00227414234541, 8.24018861749e-05, 5.34010323463e-05],
        "median": [0.379842936993, 1.16798198223, 0.291833132505, 1.04463160038, 3.33258485794, 5.22161531448, 6.78002786636, 8.27848052979, 11.6884851456, 12.5932474136, 9.31251621246, 9.18756103516, 5.79802894592, 5.49374961853, 4.55889701843, 3.26698088646, 3.10408830643, 2.71475768089, 3.29179310799, 4.21262788773, 3.05598688126, 1.47526907921, 0.99558955431, 0.92837280035, 0.883141219616, 0.833583533764, 0.953685343266, 1.37010931969, 1.21824836731, 1.19140088558, 0.668051242828, 0.601379573345, 0.49108710885, 0.215529873967, 0.102714173496, 0.0289275441319, 0.00450853863731, 0.000200820009923, 3.52097231371e-05, 4.1674124077e-05],
        "min": [4.47736529168e-05, 0.000167861173395, 0.00463030580431, 0.0155200501904, 0.0310332551599, 0.040417060256, 0.0278574936092, 0.0547876469791, 0.0701206177473, 0.0509235300124, 0.0241779182106, 0.0296548940241, 0.0424976237118, 0.0180170163512, 0.0269554387778, 0.0233467835933, 0.0172183346003, 0.0266232304275, 0.0546920262277, 0.040161985904, 0.0270781945437, 0.0193994604051, 0.0127623490989, 0.015481335111, 0.00682231923565, 0.00711908005178, 0.00600904179737, 0.00479257525876, 0.00379038252868, 0.00344055471942, 0.00066947756568, 0.000143670564285, 0.000230619247304, 3.17277008435e-05, 6.89558692102e-06, 2.56252769759e-06, 8.68430106493e-07, 1.47230338143e-07, 1.03758873138e-06, 1.20321874419e-06],
        "var": [2.42781805992, 8.98992156982, 28.2522697449, 112.224487305, 466.878417969, 523.561157227, 2979.61376953, 7228.43701172, 1316.5480957, 2807.00195312, 3272.29052734, 4295.98779297, 1092.32507324, 1103.16357422, 1574.55322266, 601.620910645, 336.566040039, 254.267044067, 402.794281006, 602.78515625, 123.373039246, 74.5067062378, 36.8087615967, 16.0107479095, 16.2039299011, 7.34183597565, 17.0423431396, 57.0488815308, 24.9056568146, 225.175704956, 69.3484420776, 16.317117691, 15.795545578, 7.48916101456, 3.18247628212, 0.310191422701, 0.0146963465959, 3.86814535887e-05, 2.28093561816e-08, 1.72065728332e-09]
    },
    "gfcc": {
        "mean": [-34.7300300598, 116.312606812, -92.7474212646, 29.2825317383, -69.2246856689, 21.4381332397, -38.6399421692, 8.48482322693, -11.1285505295, 5.71994686127, -10.9964427948, 0.167385935783, 2.25363636017],
        "cov": [[6845.54003906, -2149.25878906, -352.84173584, -253.547821045, -694.389526367, 466.53024292, -667.839477539, 411.32623291, -560.294433594, 418.193023682, -709.8125, 350.072662354, -427.905151367], [-2149.25878906, 1620.12524414, -40.1523284912, 81.4674224854, 389.779083252, -250.739715576, 462.781890869, -175.824142456, 292.956573486, -309.391387939, 402.588226318, -207.809936523, 188.846496582], [-352.84173584, -40.1523284912, 614.324584961, 184.22428894, 90.175163269, 83.0377197266, 5.51101493835, 29.4609222412, 34.6264953613, 77.9201278687, -4.35796451569, 17.1961574554, 15.9236183167], [-253.547821045, 81.4674224854, 184.22428894, 525.057373047, 294.749908447, 159.539154053, 168.411834717, 39.2103500366, 168.708343506, 22.6156826019, 147.273529053, -71.5454864502, 107.41368866], [-694.389526367, 389.779083252, 90.175163269, 294.749908447, 484.03515625, 72.718421936, 281.973114014, 59.9315071106, 209.833953857, -6.17011260986, 203.913772583, -38.2033958435, 123.842430115], [466.53024292, -250.739715576, 83.0377197266, 159.539154053, 72.718421936, 270.566650391, 81.1879882812, 135.91368103, 55.3255615234, 89.6094818115, 5.21695518494, 27.1597156525, -2.65569519997], [-667.839477539, 462.781890869, 5.51101493835, 168.411834717, 281.973114014, 81.1879882812, 436.229736328, 91.2274856567, 221.962142944, -27.3140602112, 235.079147339, -11.707036972, 115.409622192], [411.32623291, -175.824142456, 29.4609222412, 39.2103500366, 59.9315071106, 135.91368103, 91.2274856567, 202.541793823, 43.3945655823, 87.450050354, 7.14770889282, 50.8411178589, -9.02101135254], [-560.294433594, 292.956573486, 34.6264953613, 168.708343506, 209.833953857, 55.3255615234, 221.962142944, 43.3945655823, 254.641998291, 9.14252853394, 195.590270996, -29.4429969788, 112.139152527], [418.193023682, -309.391387939, 77.9201278687, 22.6156826019, -6.17011260986, 89.6094818115, -27.3140602112, 87.450050354, 9.14252853394, 180.222045898, -26.1637687683, 69.5988922119, 7.5463385582], [-709.8125, 402.588226318, -4.35796451569, 147.273529053, 203.913772583, 5.21695518494, 235.079147339, 7.14770889282, 195.590270996, -26.1637687683, 276.184234619, -20.5260353088, 137.611679077], [350.072662354, -207.809936523, 17.1961574554, -71.5454864502, -38.2033958435, 27.1597156525, -11.707036972, 50.8411178589, -29.4429969788, 69.5988922119, -20.5260353088, 121.035118103, -5.77444171906], [-427.905151367, 188.846496582, 15.9236183167, 107.41368866, 123.842430115, -2.65569519997, 115.409622192, -9.02101135254, 112.139152527, 7.5463385582, 137.611679077, -5.77444171906, 171.347808838]],
        "icov": [[0.000409671280067, -0.000172782980371, 0.000463437812869, -0.000472182553494, 0.000323171261698, -0.000507490010932, 0.000448308273917, -0.000593704171479, 0.000281367189018, -0.000351863534888, 0.000535825907718, -0.00094378425274, 0.0002609983203], [-0.000172782980371, 0.00373122142628, -0.00104344845749, 0.00204991083592, -0.00145576847717, 0.00214223726653, -0.00278104329482, 0.00151961948723, -0.000510719895829, 0.00274613569491, -0.00254608225077, 0.00426945043728, -0.000291339296382], [0.000463437812869, -0.00104344845749, 0.00270061870106, -0.00176744512282, 0.000498943496495, -0.000985820661299, 0.0011800066568, -0.000661997473799, 0.000221882772166, -0.0016409488162, 0.00160774460528, -0.00249490980059, 0.000510593177751], [-0.000472182553494, 0.00204991083592, -0.00176744512282, 0.00612183799967, -0.00288546807133, -0.00114035152365, -0.00127888144925, 0.00215164176188, -0.000584158988204, 0.00137881434057, -0.00262399041094, 0.00562353152782, -0.00145088601857], [0.000323171261698, -0.00145576847717, 0.000498943496495, -0.00288546807133, 0.00548395654187, -0.000229408135056, -0.000333096657414, -0.00168195005972, -0.000594191020355, -0.00102993822657, 0.000991052947938, -0.00214257184416, -9.12598043215e-05], [-0.000507490010932, 0.00214223726653, -0.000985820661299, -0.00114035152365, -0.000229408135056, 0.00947918556631, -0.00293320813216, -0.00216008746065, -0.00124862068333, 0.000300652580336, -0.000521693611518, 0.00250243302435, 0.000659978773911], [0.000448308273917, -0.00278104329482, 0.0011800066568, -0.00127888144925, -0.000333096657414, -0.00293320813216, 0.00887786410749, -0.0037846704945, -0.00141756806988, 0.000190067774383, -0.000661979604047, -0.00455091940239, 0.000190723876585], [-0.000593704171479, 0.00151961948723, -0.000661997473799, 0.00215164176188, -0.00168195005972, -0.00216008746065, -0.0037846704945, 0.0115453870967, -0.00109053286724, -0.00165083259344, -0.000592233904172, 0.00107073481195, 0.00119249161799], [0.000281367189018, -0.000510719895829, 0.000221882772166, -0.000584158988204, -0.000594191020355, -0.00124862068333, -0.00141756806988, -0.00109053286724, 0.0119690177962, -0.00260987947695, -0.00456987554207, 0.00193266384304, -0.00106437981594], [-0.000351863534888, 0.00274613569491, -0.0016409488162, 0.00137881434057, -0.00102993822657, 0.000300652580336, 0.000190067774383, -0.00165083259344, -0.00260987947695, 0.0127947628498, -0.000958568474744, -0.00116005481686, -0.00220771855675], [0.000535825907718, -0.00254608225077, 0.00160774460528, -0.00262399041094, 0.000991052947938, -0.000521693611518, -0.000661979604047, -0.000592233904172, -0.00456987554207, -0.000958568474744, 0.014438717626, -0.00536082079634, -0.00341356615536], [-0.00094378425274, 0.00426945043728, -0.00249490980059, 0.00562353152782, -0.00214257184416, 0.00250243302435, -0.00455091940239, 0.00107073481195, 0.00193266384304, -0.00116005481686, -0.00536082079634, 0.0200113747269, -0.00188084237743], [0.0002609983203, -0.000291339296382, 0.000510593177751, -0.00145088601857, -9.12598043215e-05, 0.000659978773911, 0.000190723876585, 0.00119249161799, -0.00106437981594, -0.00220771855675, -0.00341356615536, -0.00188084237743, 0.0111534586176]]
    },
    "melbands": {
        "dmean": [0.00338533939794, 0.0011170245707, 0.000863668916281, 0.000766218174249, 0.000721130636521, 0.000723638862837, 0.00027599214809, 0.000284096226096, 0.000228264543694, 0.000161135336384, 8.91557356226e-05, 8.21294088382e-05, 8.14210725366e-05, 3.2657153497e-05, 2.25224193855e-05, 1.49855195559e-05, 1.54107365233e-05, 1.75753229996e-05, 1.56485784828e-05, 2.1425425075e-05, 5.79400011702e-06, 4.71263592772e-06, 3.57861563316e-06, 2.63856827587e-06, 1.82983546893e-06, 1.7999980173e-06, 1.46826562286e-06, 8.76273645645e-07, 9.92088189378e-07, 1.47979494614e-06, 1.74955130205e-06, 1.40304643992e-06, 1.61967091117e-06, 2.12769214158e-06, 1.8095933001e-06, 1.16267483463e-06, 1.13070962016e-06, 1.13032876925e-06, 8.79609501681e-07, 7.55104508698e-07],
        "dmean2": [0.00385727011599, 0.00172562419903, 0.0014855194604, 0.00127397617325, 0.00112538097892, 0.00113244145177, 0.000456806068541, 0.000486193661345, 0.000383402599255, 0.00025947674294, 0.000147156286403, 0.000137397742947, 0.000138370669447, 5.50464756088e-05, 3.62610844604e-05, 2.41078869294e-05, 2.59850166913e-05, 3.01724994642e-05, 2.60745964624e-05, 3.73933544324e-05, 9.742403563e-06, 8.05428771855e-06, 6.27613098914e-06, 4.62470825369e-06, 3.06128049488e-06, 2.94874234896e-06, 2.38310872192e-06, 1.37737333716e-06, 1.62725314112e-06, 2.44799798566e-06, 2.82354471892e-06, 2.27835812439e-06, 2.67713357971e-06, 3.52224219569e-06, 2.93056518785e-06, 1.89747129298e-06, 1.87538955743e-06, 1.87939542684e-06, 1.47100240611e-06, 1.30727084979e-06],
        "dvar": [4.09302883781e-05, 6.4903688326e-06, 3.3580724903e-06, 2.48494711741e-06, 2.36944856624e-06, 3.52203414877e-06, 2.29972144439e-07, 2.65597691396e-07, 1.72951885702e-07, 8.89387408165e-08, 2.28618173281e-08, 2.05291783573e-08, 2.76534031229e-08, 4.11260137057e-09, 2.14261475229e-09, 9.91011939178e-10, 1.04005304369e-09, 1.13091036535e-09, 5.73087632905e-10, 1.38944744599e-09, 7.33741886694e-11, 8.99912575014e-11, 6.22038601183e-11, 2.68426843253e-11, 8.40649078127e-12, 8.82932702645e-12, 5.48596151145e-12, 1.72491437366e-12, 2.7060853558e-12, 1.07377474967e-11, 1.2080041828e-11, 5.843004032e-12, 1.22770960065e-11, 7.60793372745e-11, 2.9053729908e-11, 7.79954920094e-12, 7.04679370411e-12, 7.73168074703e-12, 6.58730188452e-12, 6.28982846709e-12],
        "dvar2": [7.08498191671e-05, 1.74376764335e-05, 8.80471452547e-06, 6.29698342891e-06, 5.49364131075e-06, 7.9953488239e-06, 5.801792895e-07, 6.92138769409e-07, 4.37413888221e-07, 2.07458882073e-07, 5.65882842807e-08, 5.23874525982e-08, 7.06871929879e-08, 9.92842608127e-09, 5.76087355597e-09, 2.61469357277e-09, 2.77659495396e-09, 2.92794521961e-09, 1.44697842597e-09, 3.66852326295e-09, 1.80570627895e-10, 2.44343378863e-10, 1.73250330748e-10, 7.33142713205e-11, 2.00218990692e-11, 2.19141562535e-11, 1.37395494287e-11, 4.03951785216e-12, 6.76378701311e-12, 3.06904363034e-11, 3.16058706984e-11, 1.48374507125e-11, 2.63730599859e-11, 1.32673358411e-10, 6.35365718371e-11, 1.96142893594e-11, 1.71262396625e-11, 1.75557502563e-11, 1.68194538158e-11, 1.74244195461e-11],
        "max": [0.0445740520954, 0.0170844588429, 0.0149002177641, 0.0194812975824, 0.01307382714, 0.0152267850935, 0.00678030122072, 0.0045226700604, 0.00482439389452, 0.00362013233826, 0.00138250400778, 0.00118850322906, 0.00167295837309, 0.000797762768343, 0.000854007084854, 0.000493186060339, 0.000310779607389, 0.000519312510733, 0.000172144922544, 0.000356303120498, 9.45182982832e-05, 9.45770661929e-05, 4.91170249006e-05, 3.37624915119e-05, 3.16158148053e-05, 3.20209510392e-05, 1.74747747224e-05, 1.88130252354e-05, 1.70084567799e-05, 5.98986916884e-05, 6.20120990789e-05, 3.0375280403e-05, 7.89669429651e-05, 0.000247884745477, 0.000125686186948, 4.09856911574e-05, 5.242124098e-05, 5.08605553478e-05, 3.89136657759e-05, 4.02369369112e-05],
        "mean": [0.00703267892823, 0.00174247450195, 0.00102523714304, 0.000946358370129, 0.000844953581691, 0.000791458587628, 0.000359953264706, 0.000343223509844, 0.000300002488075, 0.000203221759875, 0.000103167905763, 8.59306383063e-05, 7.6099204307e-05, 3.65900777979e-05, 3.15608303936e-05, 1.77302354132e-05, 1.59456067195e-05, 1.93716168724e-05, 1.65908950294e-05, 1.9383005565e-05, 7.56018198445e-06, 5.12969427291e-06, 3.43627448274e-06, 2.63465403805e-06, 2.09284667108e-06, 2.15773366108e-06, 1.73112016455e-06, 1.17503486763e-06, 1.32673403641e-06, 2.08180199479e-06, 2.41908969656e-06, 1.75733282504e-06, 1.92317247638e-06, 2.53882217294e-06, 1.86115869383e-06, 1.11113592993e-06, 1.11803217351e-06, 1.24788448375e-06, 1.00061288322e-06, 7.53920346597e-07],
        "median": [0.00327511387877, 0.000587991205975, 0.000237526706769, 0.000335081625963, 0.000248226919211, 0.000204476295039, 0.000175992987351, 0.000115405717224, 7.08734442014e-05, 5.22239206475e-05, 2.76238297374e-05, 2.22068902076e-05, 1.61751740961e-05, 7.17305783837e-06, 8.79018989508e-06, 4.48858190794e-06, 4.42783857579e-06, 4.94962705488e-06, 4.42924419986e-06, 4.93060770168e-06, 2.52929362432e-06, 1.36343942359e-06, 8.09506332189e-07, 8.41304483856e-07, 6.9981985007e-07, 6.90144986493e-07, 5.59367151709e-07, 4.86701082991e-07, 5.03984836087e-07, 6.92252285717e-07, 7.34441982786e-07, 6.3106926973e-07, 6.36876620774e-07, 5.64987374219e-07, 3.48949612317e-07, 2.54502197095e-07, 3.28933481342e-07, 3.30412262883e-07, 2.08022854054e-07, 1.68261166777e-07],
        "min": [5.41275483101e-07, 7.04943488472e-07, 2.10354482988e-06, 2.04213552024e-06, 1.25414703689e-06, 1.13288251669e-06, 1.0384117104e-06, 2.74765312724e-07, 1.73334839815e-07, 1.54677962882e-07, 1.29548894279e-07, 6.09130097473e-08, 8.60774704847e-08, 3.77618469827e-08, 3.11358263616e-08, 2.4779453156e-08, 4.22486472473e-08, 7.25944886426e-08, 4.29709707817e-08, 4.02883202355e-08, 2.0675237522e-08, 1.60659965331e-08, 1.22322321161e-08, 6.08021322179e-09, 8.71997851704e-09, 7.14928249934e-09, 1.14151399444e-09, 2.05588279734e-09, 2.27950702758e-09, 1.67763025694e-09, 1.85151383114e-09, 2.14161710588e-09, 1.00489350174e-09, 1.11691500493e-09, 2.05019074634e-11, 5.91588627044e-13, 7.02996818744e-12, 1.47063930478e-10, 9.36168568881e-13, 2.48869664026e-13],
