{
"highlevel": {
    "danceability": {
        "all": {
            "danceable": 0.00346574187279,
            "not_danceable": 0.996534228325
        },
        "probability": 0.996534228325,
        "value": "not_danceable"
    },
    "gender": {
        "all": {
            "female": 0.47412186861,
            "male": 0.52587813139
        },
        "probability": 0.52587813139,
        "value": "male"
    },
    "genre_dortmund": {
        "all": {
            "alternative": 0.184329926968,
            "blues": 0.0178889688104,
            "electronic": 0.0863771438599,
            "folkcountry": 0.495010942221,
            "funksoulrnb": 0.004825160373,
            "jazz": 0.104811012745,
            "pop": 0.0769384279847,
            "raphiphop": 0.0019241257105,
            "rock": 0.0278943069279
        },
        "probability": 0.495010942221,
        "value": "folkcountry"
    },
    "genre_electronic": {
        "all": {
            "ambient": 0.914501428604,
            "dnb": 0.00508028874174,
            "house": 0.0600999332964,
            "techno": 0.00742981536314,
            "trance": 0.0128885274753
        },
        "probability": 0.914501428604,
        "value": "ambient"
    },
    "genre_rosamerica": {
        "all": {
            "cla": 0.461963355541,
            "dan": 0.00374938314781,
            "hip": 0.00402136193588,
            "jaz": 0.168792113662,
            "pop": 0.036652572453,
            "rhy": 0.292370319366,
            "roc": 0.011921047233,
            "spe": 0.0205298382789
        },
        "probability": 0.461963355541,
        "value": "cla"
    },
    "genre_tzanetakis": {
        "all": {
            "blu": 0.0103580756113,
            "cla": 0.00326277245767,
            "cou": 0.0127265788615,
            "dis": 0.00862308964133,
            "hip": 0.0269566271454,
            "jaz": 0.888337671757,
            "met": 0.0033093590755,
            "pop": 0.031160922721,
            "reg": 0.00644930452108,
            "roc": 0.00881560891867
        },
        "probability": 0.888337671757,
        "value": "jaz"
    },
    "ismir04_rhythm": {
        "all": {
            "ChaChaCha": 0.0046833618544,
            "Jive": 0.000945603416767,
            "Quickstep": 0.00126159389038,
            "Rumba-American": 0.00645899958909,
            "Rumba-International": 0.107915222645,
            "Rumba-Misc": 0.00312911788933,
            "Samba": 0.000697752693668,
            "Tango": 0.0029972253833,
            "VienneseWaltz": 0.284695863724,
            "Waltz": 0.58721524477
        },
        "probability": 0.58721524477,
        "value": "Waltz"
    },
    "mood_acoustic": {
        "all": {
            "acoustic": 0.962203621864,
            "not_acoustic": 0.037796407938
        },
        "probability": 0.962203621864,
        "value": "acoustic"
    },
    "mood_aggressive": {
        "all": {
            "aggressive": 0.013820736669,
            "not_aggressive": 0.986179292202
        },
        "probability": 0.986179292202,
        "value": "not_aggressive"
    },
    "mood_electronic": {
        "all": {
            "electronic": 0.361314833164,
            "not_electronic": 0.638685166836
        },
        "probability": 0.638685166836,
        "value": "not_electronic"
    },
    "mood_happy": {
        "all": {
            "happy": 0.149339929223,
            "not_happy": 0.850660085678
        },
        "probability": 0.850660085678,
        "value": "not_happy"
    },
    "mood_party": {
        "all": {
            "not_party": 0.998032510281,
            "party": 0.00196748320013
        },
        "probability": 0.998032510281,
        "value": "not_party"
    },
    "mood_relaxed": {
        "all": {
            "not_relaxed": 0.00506930518895,
            "relaxed": 0.994930684566
        },
        "probability": 0.994930684566,
        "value": "relaxed"
    },
    "mood_sad": {
        "all": {
            "not_sad": 0.243079468608,
            "sad": 0.756920516491
        },
        "probability": 0.756920516491,
        "value": "sad"
    },
    "moods_mirex": {
        "all": {
            "Cluster1": 0.0930675938725,
            "Cluster2": 0.085202537477,
            "Cluster3": 0.691895008087,
            "Cluster4": 0.121543437243,
            "Cluster5": 0.00829142238945
        },
        "probability": 0.691895008087,
        "value": "Cluster3"
    },
    "timbre": {
        "all": {
            "bright": 0.950190603733,
            "dark": 0.0498093813658
        },
        "probability": 0.950190603733,
        "value": "bright"
    },
    "tonal_atonal": {
        "all": {
            "atonal": 0.00315343309194,
            "tonal": 0.996846556664
        },
        "probability": 0.996846556664,
        "value": "tonal"
    },
    "voice_instrumental": {
        "all": {
            "instrumental": 0.95541036129,
            "voice": 0.0445896685123
        },
        "probability": 0.95541036129,
        "value": "instrumental"
    }
},
"lowlevel": {
    "average_loudness": 0.948370873928,
    "barkbands_crest": {
        "dmean": 2.05081510544,
        "dmean2": 3.32330036163,
        "dvar": 3.67721295357,
        "dvar2": 9.51582241058,
        "max": 24.1579418182,
        "mean": 12.0603494644,
        "median": 11.519109726,
        "min": 5.23179531097,
        "var": 11.7976465225
    },
    "barkbands_flatness_db": {
        "dmean": 0.0241025071591,
        "dmean2": 0.0360513068736,
        "dvar": 0.000521308276802,
        "dvar2": 0.00101130036637,
        "max": 0.523359715939,
        "mean": 0.310993373394,
        "median": 0.309196650982,
        "min": 0.132322385907,
        "var": 0.00358779355884
    },
    "barkbands_kurtosis": {
        "dmean": 3.02530264854,
        "dmean2": 4.74615764618,
        "dvar": 14.0148248672,
        "dvar2": 35.6136627197,
        "max": 51.1691474915,
        "mean": 8.49079418182,
        "median": 6.99775505066,
        "min": -0.624114990234,
        "var": 41.4938545227
    },
    "barkbands_skewness": {
        "dmean": 0.401953458786,
        "dmean2": 0.627076983452,
        "dvar": 0.152997344732,
        "dvar2": 0.370241969824,
        "max": 6.37999868393,
        "mean": 1.87953162193,
        "median": 1.81017398834,
        "min": -0.518237352371,
        "var": 0.686045587063
    },
    "barkbands_spread": {
        "dmean": 0.847384810448,
        "dmean2": 1.30476534367,
        "dvar": 2.01479530334,
        "dvar2": 4.43266201019,
        "max": 36.6249275208,
        "mean": 3.76924276352,
        "median": 3.26147699356,
        "min": 0.771795511246,
        "var": 5.48810005188
    },
    "dissonance": {
        "dmean": 0.0336313694715,
        "dmean2": 0.0555208772421,
        "dvar": 0.000898767902981,
        "dvar2": 0.00231843953952,
        "max": 0.496575087309,
        "mean": 0.383670300245,
        "median": 0.390533983707,
        "min": 0.182029262185,
        "var": 0.00286702392623
    },
    "dynamic_complexity": 2.36948394775,
    "erbbands_crest": {
        "dmean": 2.21173667908,
        "dmean2": 3.53360557556,
        "dvar": 4.49655437469,
        "dvar2": 11.6548194885,
        "max": 27.3938293457,
        "mean": 11.0783758163,
        "median": 10.3872785568,
        "min": 4.69282579422,
        "var": 11.9784908295
    },
    "erbbands_flatness_db": {
        "dmean": 0.0217343010008,
        "dmean2": 0.031216358766,
        "dvar": 0.000496167223901,
        "dvar2": 0.000960194098298,
        "max": 0.40403470397,
        "mean": 0.296156793833,
        "median": 0.297627598047,
        "min": 0.13377776742,
        "var": 0.00197397172451
    },
    "erbbands_kurtosis": {
        "dmean": 1.32265663147,
        "dmean2": 2.05475521088,
        "dvar": 2.18134212494,
        "dvar2": 5.35470533371,
        "max": 20.7834606171,
        "mean": 2.45343852043,
        "median": 1.85931682587,
        "min": -1.66112399101,
        "var": 6.93010663986
    },
    "erbbands_skewness": {
        "dmean": 0.316976159811,
        "dmean2": 0.485688000917,
        "dvar": 0.0845307037234,
        "dvar2": 0.210162505507,
        "max": 4.30354642868,
        "mean": 1.22798919678,
        "median": 1.2149515152,
        "min": -0.422647207975,
        "var": 0.336167395115
    },
    "erbbands_spread": {
        "dmean": 3.16122913361,
        "dmean2": 4.74918413162,
        "dvar": 24.0892753601,
        "dvar2": 50.260181427,
        "max": 108.306373596,
        "mean": 15.0571842194,
        "median": 13.3667449951,
        "min": 3.28467822075,
        "var": 72.8352966309
    },
    "hfc": {
        "dmean": 2.40538048744,
        "dmean2": 3.26430416107,
        "dvar": 17.9991798401,
        "dvar2": 24.5736141205,
        "max": 149.754669189,
        "mean": 9.7085723877,
        "median": 7.15766859055,
        "min": 0.681963860989,
        "var": 140.780090332
    },
    "melbands_crest": {
        "dmean": 2.56505298615,
        "dmean2": 4.20273017883,
        "dvar": 5.74594688416,
        "dvar2": 15.9615383148,
        "max": 30.7113342285,
        "mean": 15.4780015945,
        "median": 14.7383174896,
        "min": 6.65080690384,
        "var": 18.5927391052
    },
    "melbands_flatness_db": {
        "dmean": 0.0288791302592,
        "dmean2": 0.0417408682406,
        "dvar": 0.00080452329712,
        "dvar2": 0.00151972030289,
        "max": 0.667820096016,
        "mean": 0.418413609266,
        "median": 0.417439103127,
        "min": 0.186386033893,
        "var": 0.00588720943779
    },
    "melbands_kurtosis": {
        "dmean": 4.34207725525,
        "dmean2": 6.84918880463,
        "dvar": 40.5546340942,
        "dvar2": 95.2956619263,
        "max": 119.49571991,
        "mean": 11.8214979172,
        "median": 9.25881671906,
        "min": -0.708214759827,
        "var": 100.614311218
    },
    "melbands_skewness": {
        "dmean": 0.464563757181,
        "dmean2": 0.723107159138,
        "dvar": 0.23426681757,
        "dvar2": 0.539767503738,
        "max": 7.02855062485,
        "mean": 2.30315518379,
        "median": 2.18698120117,
        "min": -0.358065783978,
        "var": 0.992829501629
    },
    "melbands_spread": {
        "dmean": 0.967120289803,
        "dmean2": 1.51593458652,
        "dvar": 1.46608567238,
        "dvar2": 3.46171784401,
        "max": 23.5694084167,
        "mean": 4.6673874855,
        "median": 4.06013917923,
        "min": 0.806007623672,
        "var": 6.93266391754
    },
    "pitch_salience": {
        "dmean": 0.05544943735,
        "dmean2": 0.0909403711557,
        "dvar": 0.00263761356473,
        "dvar2": 0.00685658166185,
        "max": 0.816147089005,
        "mean": 0.585859298706,
        "median": 0.595447063446,
        "min": 0.270807117224,
        "var": 0.00885223038495
    },
    "silence_rate_20dB": {
        "dmean": 0,
        "dmean2": 0,
        "dvar": 0,
        "dvar2": 0,
        "max": 1,
        "mean": 1,
        "median": 1,
        "min": 1,
        "var": 0
    },
    "silence_rate_30dB": {
        "dmean": 0.0061919502914,
        "dmean2": 0.0123934932053,
        "dvar": 0.00615358445793,
        "dvar2": 0.0122398464009,
        "max": 1,
        "mean": 0.986852288246,
        "median": 1,
        "min": 0,
        "var": 0.0129748648033
    },
    "silence_rate_60dB": {
        "dmean": 0,
        "dmean2": 0,
        "dvar": 0,
        "dvar2": 0,
        "max": 0,
        "mean": 0,
        "median": 0,
        "min": 0,
        "var": 0
    },
    "spectral_centroid": {
        "dmean": 41.8250617981,
        "dmean2": 64.029510498,
        "dvar": 5327.66845703,
        "dvar2": 10969.1513672,
        "max": 2137.13842773,
        "mean": 356.648254395,
        "median": 323.935119629,
        "min": 166.372665405,
        "var": 17983.0917969
    },
    "spectral_complexity": {
        "dmean": 1.46130025387,
        "dmean2": 2.30751347542,
        "dvar": 2.53955316544,
        "dvar2": 4.97514295578,
        "max": 31,
        "mean": 10.1183290482,
        "median": 10,
        "min": 2,
        "var": 12.9287595749
    },
    "spectral_decrease": {
        "dmean": 2.15381468216e-09,
        "dmean2": 3.17400261629e-09,
        "dvar": 8.77256224322e-18,
        "dvar2": 1.75051567736e-17,
        "max": -7.42555406053e-10,
        "mean": -8.24922530285e-09,
        "median": -6.65411814538e-09,
        "min": -5.11268680725e-08,
        "var": 3.77246041569e-17
    },
    "spectral_energy": {
        "dmean": 0.00832634512335,
        "dmean2": 0.0122533086687,
        "dvar": 0.000131795735797,
        "dvar2": 0.000260977511061,
        "max": 0.203766778111,
        "mean": 0.0320150330663,
        "median": 0.0257843043655,
        "min": 0.00288001028821,
        "var": 0.000578064122237
    },
    "spectral_energyband_high": {
        "dmean": 1.26627082864e-05,
        "dmean2": 1.87266341527e-05,
        "dvar": 4.05604261289e-09,
        "dvar2": 8.47379766356e-09,
        "max": 0.00162287219428,
        "mean": 1.44239074871e-05,
        "median": 1.97507006305e-06,
        "min": 2.58403165532e-08,
        "var": 5.25610488467e-09
    },
    "spectral_energyband_low": {
        "dmean": 0.00342901283875,
        "dmean2": 0.00477319583297,
        "dvar": 2.69011452474e-05,
        "dvar2": 4.44782199338e-05,
        "max": 0.0926588475704,
        "mean": 0.00935695599765,
        "median": 0.00562161067501,
        "min": 7.12962209946e-05,
        "var": 0.000114066475362
    },
    "spectral_energyband_middle_high": {
        "dmean": 0.000496782769915,
        "dmean2": 0.000667034590151,
        "dvar": 4.30782165495e-06,
        "dvar2": 5.79590187044e-06,
        "max": 0.0915370732546,
        "mean": 0.00149962073192,
        "median": 0.000584561203141,
        "min": 8.31628312881e-06,
        "var": 3.36860066454e-05
    },
    "spectral_energyband_middle_low": {
        "dmean": 0.00714264204726,
        "dmean2": 0.0108773270622,
        "dvar": 9.54778006417e-05,
        "dvar2": 0.000218550514546,
        "max": 0.165269911289,
        "mean": 0.0239540524781,
        "median": 0.0195532049984,
        "min": 0.00206334330142,
        "var": 0.000309929979267
    },
    "spectral_entropy": {
        "dmean": 0.201397001743,
        "dmean2": 0.298861891031,
        "dvar": 0.045520298183,
        "dvar2": 0.0936204567552,
        "max": 7.77683258057,
        "mean": 5.9020614624,
        "median": 5.90597820282,
        "min": 4.66607999802,
        "var": 0.239379480481
    },
    "spectral_flux": {
        "dmean": 0.0234500747174,
        "dmean2": 0.0366803370416,
        "dvar": 0.000774547865149,
        "dvar2": 0.00176203553565,
        "max": 0.370584458113,
        "mean": 0.0597742833197,
        "median": 0.04878282547,
        "min": 0.0102135371417,
        "var": 0.00167732243426
    },
    "spectral_kurtosis": {
        "dmean": 20.4352836609,
        "dmean2": 33.0682945251,
        "dvar": 413.443267822,
        "dvar2": 958.59777832,
        "max": 255.633148193,
        "mean": 46.1783065796,
        "median": 33.3827819824,
        "min": -0.193312883377,
        "var": 1533.66564941
    },
    "spectral_rms": {
        "dmean": 0.000705491867848,
        "dmean2": 0.00103242811747,
        "dvar": 6.64204492296e-07,
        "dvar2": 1.29561635731e-06,
        "max": 0.0140995336697,
        "mean": 0.00526476372033,
        "median": 0.00501551805064,
        "min": 0.00167623569723,
        "var": 3.51647418029e-06
    },
    "spectral_rolloff": {
        "dmean": 53.6828613281,
        "dmean2": 94.6224441528,
        "dvar": 22362.4355469,
        "dvar2": 62683.171875,
        "max": 3811.37695312,
        "mean": 405.633361816,
        "median": 387.59765625,
        "min": 150.732421875,
        "var": 30047.6289062
    },
    "spectral_skewness": {
        "dmean": 1.15298688412,
        "dmean2": 1.89389431477,
        "dvar": 1.06289207935,
        "dvar2": 2.55648612976,
        "max": 13.1622476578,
        "mean": 4.63661527634,
        "median": 4.1477971077,
        "min": 0.329020678997,
        "var": 4.47060871124
    },
    "spectral_spread": {
        "dmean": 397771.15625,
        "dmean2": 626899.0625,
        "dvar": 340700889088,
        "dvar2": 536736333824,
        "max": 15736297,
        "mean": 1598888.25,
        "median": 1458138.5,
        "min": 376244.25,
        "var": 684015681536
    },
    "spectral_strongpeak": {
        "dmean": 0.32795765996,
        "dmean2": 0.552922427654,
        "dvar": 0.234001919627,
        "dvar2": 0.574017822742,
        "max": 10.5160036087,
        "mean": 0.907841563225,
        "median": 0.760873734951,
        "min": 0.0796753540635,
        "var": 0.601233839989
    },
    "zerocrossingrate": {
        "dmean": 0.00206952635199,
        "dmean2": 0.00270048645325,
        "dvar": 6.18606281932e-06,
        "dvar2": 7.53656740926e-06,
        "max": 0.07861328125,
        "mean": 0.0162699986249,
        "median": 0.01513671875,
        "min": 0.0048828125,
        "var": 4.1394490836e-05
    },
    "barkbands": {
        "dmean": [0.000171243038494, 0.00023451387824, 0.00227680127136, 0.00227788160555, 0.00436042854562, 0.00193139608018, 0.000948907225393, 0.000506898271851, 0.000459807197331, 0.000280360400211, 0.000121818688058, 0.000248567026574, 9.48715023696e-05, 3.02522585116e-05, 3.61412712664e-05, 1.6825964849e-05, 2.20160709432e-05, 8.98834878171e-06, 1.26148279378e-05, 8.98602593224e-06, 5.63447792956e-06, 1.44526654822e-06, 1.20966751638e-06, 9.29924340198e-07, 3.45025284787e-07, 1.53799661007e-07, 1.78072334656e-09],
        "dmean2": [0.000255476130405, 0.000309127382934, 0.00301339756697, 0.00361164961942, 0.0068610557355, 0.00283063622192, 0.00150576978922, 0.000717325252481, 0.000685606093612, 0.000442975171609, 0.000197223183932, 0.000399635988288, 0.000144909805385, 4.62051320937e-05, 5.53328463866e-05, 2.46592462645e-05, 3.21550178342e-05, 1.30313410409e-05, 1.82988533197e-05, 1.33149078465e-05, 8.55558118928e-06, 2.35152083405e-06, 1.91080289369e-06, 1.50899870732e-06, 5.46482283426e-07, 2.6173145784e-07, 2.85535395328e-09],
        "dvar": [2.45672055144e-07, 1.84402054515e-07, 1.74767155841e-05, 8.50280866871e-06, 7.2814655141e-05, 7.69127746025e-06, 3.22921391671e-06, 2.52332210948e-06, 6.19148067926e-06, 1.25356439185e-06, 6.49020364563e-07, 4.4262760639e-06, 5.08328916737e-08, 1.18387672998e-08, 9.46275680036e-09, 1.45292167186e-09, 4.07192768392e-09, 1.12944797959e-09, 2.10885997554e-09, 8.38672353787e-10, 1.29922739234e-09, 8.93267959601e-11, 4.21327937816e-11, 2.65819258966e-11, 4.3025431308e-12, 5.59899999628e-13, 3.64866747689e-16],
        "dvar2": [5.83048688441e-07, 2.66380595804e-07, 2.52124464168e-05, 2.06090808206e-05, 0.000180329443538, 2.04583484447e-05, 9.05866909306e-06, 4.97672635902e-06, 1.10529035737e-05, 3.47503078046e-06, 1.67807047546e-06, 9.18938894756e-06, 1.05557752761e-07, 2.37536710301e-08, 2.4750226757e-08, 2.99628877265e-09, 9.85339276838e-09, 2.71005728969e-09, 5.16306197795e-09, 1.7596182289e-09, 2.82727152801e-09, 2.33304486841e-10, 8.49316311724e-11, 5.75134592729e-11, 1.04382873872e-11, 1.55330902221e-12, 3.68711324357e-16],
        "max": [0.0066931983456, 0.00834367051721, 0.0809070020914, 0.0343057699502, 0.0917269736528, 0.030124116689, 0.0337468422949, 0.0345589220524, 0.0916293039918, 0.0249765887856, 0.0217260457575, 0.0698852390051, 0.00621420005336, 0.00344918621704, 0.00206630094908, 0.000752982217818, 0.00106978055555, 0.000807538570371, 0.0011519799009, 0.000419400370447, 0.00103080028202, 0.000220256246394, 0.000121968318126, 9.26567736315e-05, 3.90318928112e-05, 1.26699596876e-05, 6.85959662405e-07],
        "mean": [0.000223118579015, 0.000560115557164, 0.00590944569558, 0.00487038725987, 0.00925679598004, 0.00531173171476, 0.00224831700325, 0.00101637328044, 0.000931361166295, 0.000525097071659, 0.00017363873485, 0.000529948389158, 0.000198582943995, 5.73210963921e-05, 6.87419160386e-05, 3.10620234814e-05, 4.24145582656e-05, 1.6493109797e-05, 2.06700933632e-05, 1.36268017741e-05, 5.59829913982e-06, 1.28699844026e-06, 1.47987736909e-06, 1.02943965885e-06, 3.11354739324e-07, 1.4927849179e-07, 1.49778545122e-09],
        "median": [0.000113430229248, 0.000222708753427, 0.00222063902766, 0.00336246308871, 0.00504911178723, 0.00394540978596, 0.00135750230402, 0.000273661164101, 0.000203405870707, 0.000229619879974, 4.44152101409e-05, 8.38857667986e-05, 9.25667554839e-05, 1.65614837897e-05, 2.3530144972e-05, 1.00613851828e-05, 7.07990602677e-06, 2.25603457693e-06, 3.97088069803e-06, 2.09909012483e-06, 4.75084448226e-07, 8.53059916039e-08, 1.21270431919e-07, 1.18173069552e-07, 2.60989594381e-08, 2.28779715172e-08, 3.5683292432e-10],
        "min": [1.57986818294e-07, 1.87959722098e-06, 1.54326953634e-05, 6.49018693366e-05, 8.53949095472e-05, 0.000135092501296, 1.51583917614e-05, 1.52023335431e-06, 3.27112047671e-07, 1.21938705888e-06, 1.72911200025e-07, 1.17453919302e-06, 1.50091636897e-07, 3.52838078754e-08, 1.1579246717e-07, 5.07566291219e-08, 2.07491233084e-08, 9.80136061202e-09, 1.67086469105e-08, 4.69591743268e-09, 5.15942089052e-09, 3.17105741665e-09, 1.59337421035e-09, 1.55016188774e-09, 1.61352597949e-09, 6.62321197886e-10, 1.66646887262e-11],
        "var": [2.22103196279e-07, 8.10139908936e-07, 9.17045545066e-05, 2.25126004807e-05, 0.000139138035593, 2.16959087993e-05, 7.43115242585e-06, 8.91932995728e-06, 2.3797776521e-05, 1.76699120402e-06, 7.16293754977e-07, 1.75169043359e-05, 1.37317854865e-07, 3.61836995921e-08, 1.68692153579e-08, 4.04018729583e-09, 1.20796990188e-08, 3.27443805404e-09, 4.63795890582e-09, 1.61739388549e-09, 1.54867785263e-09, 7.19305240371e-11, 5.41584450897e-11, 2.99407998394e-11, 3.86824296553e-12, 3.85165559386e-13, 3.66091504391e-16]
    },
    "erbbands": {
        "dmean": [0.00200309720822, 0.107513450086, 1.97955870628, 5.36787366867, 11.3236503601, 17.4232788086, 14.6626691818, 11.4748620987, 15.5241203308, 9.4725112915, 12.6789083481, 11.4526643753, 9.80110359192, 6.28294086456, 5.18270921707, 9.04134750366, 4.67947340012, 1.85153639317, 1.63215887547, 1.53778600693, 0.846947729588, 1.0494300127, 0.653075993061, 0.419332176447, 0.713596522808, 0.363990813494, 0.338773071766, 0.127266645432, 0.052892614156, 0.0559252984822, 0.0293626189232, 0.0232190564275, 0.0118834311143, 0.00490818731487, 0.00206607626751, 0.000877818383742, 0.000239485671045, 2.13707571675e-05, 4.02902423957e-06, 9.15630880627e-06],
        "dmean2": [0.00281695625745, 0.137283205986, 2.54632472992, 8.18979549408, 18.3560333252, 27.0665149689, 22.5825767517, 16.319486618, 23.8409519196, 14.1245994568, 17.7161960602, 15.9853715897, 15.5705213547, 10.0274953842, 7.16564416885, 13.4884281158, 7.22375440598, 2.72305655479, 2.54883670807, 2.25235319138, 1.28551673889, 1.50742864609, 0.953061938286, 0.605608344078, 1.03609025478, 0.53242701292, 0.508433818817, 0.206007361412, 0.0882851108909, 0.088939294219, 0.0456230305135, 0.0368958041072, 0.0196576192975, 0.0079498430714, 0.00335419550538, 0.00148039776832, 0.000407704821555, 3.73066905013e-05, 5.93654476688e-06, 1.34570927912e-05],
        "dvar": [1.4754802578e-05, 0.0421531647444, 14.1496200562, 49.3528442383, 374.094146729, 1711.99438477, 696.76965332, 255.195861816, 833.897827148, 262.269775391, 2837.56396484, 3869.09521484, 1534.92028809, 1033.94335938, 1310.0657959, 5077.78369141, 143.493438721, 17.2953796387, 28.7900066376, 12.2816524506, 4.71994352341, 8.0801858902, 3.86446976662, 2.77728176117, 5.99843883514, 1.67330050468, 4.05793809891, 0.676364719868, 0.107815757394, 0.141561254859, 0.0206444188952, 0.0126161873341, 0.00583642907441, 0.00126258505043, 0.000104895996628, 1.78481168405e-05, 1.45084879932e-06, 2.520299347e-08, 4.05206007636e-11, 1.60639640479e-10],
        "dvar2": [2.48636988545e-05, 0.0538211464882, 18.6007595062, 108.743026733, 916.027038574, 4212.3984375, 1958.66308594, 557.12121582, 2070.62866211, 633.892089844, 5835.37548828, 6443.47509766, 4884.28076172, 2484.76318359, 2220.92651367, 8632.875, 267.125305176, 33.9426269531, 70.7626190186, 27.3541488647, 12.078250885, 18.0235939026, 7.84625434875, 6.65916919708, 13.583240509, 3.6025390625, 8.75161075592, 1.66189289093, 0.281708061695, 0.33419829607, 0.045141775161, 0.025818798691, 0.0132556091994, 0.00302181299776, 0.00026028175489, 4.86853496113e-05, 4.06314393331e-06, 7.23983291095e-08, 7.84596276837e-11, 3.15168058318e-10],
        "max": [0.0747015252709, 4.24446439743, 75.0855789185, 88.9499893188, 277.685302734, 487.271148682, 259.660980225, 208.613479614, 528.893615723, 325.190460205, 1449.73205566, 2378.84887695, 941.048217773, 876.509338379, 1522.01037598, 2764.94335938, 366.237060547, 96.6725387573, 123.5597229, 49.3690071106, 35.2404975891, 50.0163955688, 48.0059623718, 45.4709281921, 83.7808151245, 23.5060577393, 63.3484802246, 20.37474823, 7.72768211365, 7.16026544571, 2.7058095932, 2.24822616577, 1.41419005394, 0.652657210827, 0.189977705479, 0.0928114056587, 0.0235116947442, 0.00362044177018, 0.000115878436191, 0.000232482110732],
        "mean": [0.00530715892091, 0.282513976097, 5.30095863342, 13.517244339, 23.4533481598, 35.9405441284, 38.0176353455, 32.2451553345, 39.0851821899, 22.126121521, 25.5061836243, 24.4006748199, 19.2948093414, 10.9835042953, 10.7381629944, 18.9184818268, 10.6161174774, 4.16501665115, 3.1197116375, 3.1931810379, 1.67906463146, 2.13338470459, 1.29945993423, 0.667861759663, 1.26161587238, 0.584788739681, 0.362401753664, 0.124895632267, 0.0473676025867, 0.0576358288527, 0.0342363193631, 0.0256982650608, 0.0134346438572, 0.00454287510365, 0.00194626010489, 0.000902101339307, 0.00023114187934, 1.86257202586e-05, 1.53218315972e-05, 3.54333205905e-05],
        "median": [0.00296415621415, 0.0994064733386, 1.97129154205, 9.90703868866, 14.4040908813, 13.0527362823, 24.2358264923, 22.7591323853, 20.7831249237, 12.6994218826, 8.53108882904, 4.94405317307, 8.44042873383, 3.16543459892, 1.73876845837, 3.97428154945, 4.93972444534, 1.86900877953, 1.08151102066, 1.02739953995, 0.524449527264, 0.383644133806, 0.202822431922, 0.137326538563, 0.221808433533, 0.0955000147223, 0.0389862582088, 0.0105363894254, 0.00346565549262, 0.00316388788633, 0.00332351680845, 0.00295664183795, 0.00152887718286, 0.000381649762858, 0.000206393917324, 0.000158148875926, 4.0395068936e-05, 3.36986477123e-06, 1.21598832266e-05, 2.83960016532e-05],
        "min": [0.000106049803435, 0.00113222491927, 0.0126862106845, 0.211746424437, 0.44947040081, 0.353699833155, 0.425820499659, 0.790764868259, 0.896709024906, 0.298320889473, 0.112198635936, 0.027064461261, 0.0520836263895, 0.0494833812118, 0.0106133269146, 0.0416204594076, 0.017107937485, 0.00312194274738, 0.00453302403912, 0.00674105994403, 0.0033763172105, 0.00123925891239, 0.000618691497948, 0.00101338943932, 0.000865679292474, 0.000374083901988, 0.000270889606327, 0.000183291063877, 0.00012545583013, 8.84695764398e-05, 4.95304338983e-05, 3.35707045451e-05, 3.18214952131e-05, 2.20432993956e-05, 1.61777206813e-05, 1.05953313323e-05, 2.74979493042e-06, 2.47021574751e-07, 1.34091567361e-06, 3.18128536492e-06],
        "var": [4.83636722493e-05, 0.200228244066, 74.6066665649, 134.802581787, 833.060424805, 3350.64306641, 1710.21118164, 853.746520996, 2496.51025391, 708.771240234, 7627.74414062, 17794.3183594, 2076.75048828, 2168.77172852, 5900.79443359, 18998.4941406, 502.785766602, 70.1633682251, 63.5809173584, 33.0255317688, 11.961107254, 27.9953269958, 15.0080432892, 3.70278477669, 19.9693813324, 3.23361968994, 5.05799865723, 0.630830109119, 0.0864722952247, 0.139680728316, 0.0239996742457, 0.0156263150275, 0.00602542050183, 0.0011455923086, 9.01067323866e-05, 1.32692075567e-05, 9.53232756729e-07, 1.41742209081e-08, 1.46266748713e-10, 7.23389625978e-10]
    },
    "gfcc": {
        "mean": [-126.580528259, 209.993911743, -99.2603225708, -3.74019169807, -45.2747917175, -21.234752655, -37.0537071228, -17.6968612671, -25.0305709839, -15.266620636, -5.13682937622, -21.6781215668, -9.58470344543],
        "cov": [[3742.55541992, -1175.90576172, -1144.85888672, 436.032165527, -285.248168945, 77.4033966064, -213.893768311, 237.867843628, -171.477294922, -17.2964191437, -64.3348770142, 7.25551557541, -26.3431243896], [-1175.90576172, 936.996398926, 272.590881348, -375.184509277, 394.63168335, -124.160797119, 194.229324341, -130.458862305, 91.2616882324, -39.5224723816, 44.249797821, -80.7393722534, 62.7546195984], [-1144.85888672, 272.590881348, 751.816894531, 22.9314861298, 40.8328742981, 86.2321243286, 73.9600524902, -74.52759552, 74.1586532593, 23.8498306274, -0.233574837446, 33.0608596802, 5.00721788406], [436.032165527, -375.184509277, 22.9314861298, 347.153747559, -104.16708374, 41.486000061, -76.256980896, 40.2615470886, 12.0193490982, 0.489309579134, -17.8738765717, 46.6360435486, -8.01886367798], [-285.248168945, 394.63168335, 40.8328742981, -104.16708374, 302.341461182, -66.836769104, 53.397518158, -38.9975280762, 46.5624351501, -36.3099250793, -2.68710613251, -27.908115387, 34.8525276184], [77.4033966064, -124.160797119, 86.2321243286, 41.486000061, -66.836769104, 157.130691528, -0.061421468854, -1.11890935898, 4.09527492523, 20.131855011, -11.1432971954, 18.9026794434, -5.95666360855], [-213.893768311, 194.229324341, 73.9600524902, -76.256980896, 53.397518158, -0.061421468854, 189.22203064, -7.24781703949, -25.608997345, 38.7064247131, -21.9741077423, -34.4838867188, 19.1001358032], [237.867843628, -130.458862305, -74.52759552, 40.2615470886, -38.9975280762, -1.11890935898, -7.24781703949, 118.315185547, -7.07148790359, -3.91411733627, 7.58251476288, 0.730594813824, -28.5280208588], [-171.477294922, 91.2616882324, 74.1586532593, 12.0193490982, 46.5624351501, 4.09527492523, -25.608997345, -7.07148790359, 92.2536392212, -8.39195537567, 12.4721918106, 14.8443279266, 0.741991281509], [-17.2964191437, -39.5224723816, 23.8498306274, 0.489309579134, -36.3099250793, 20.131855011, 38.7064247131, -3.91411733627, -8.39195537567, 96.3370056152, -11.457529068, -7.96768522263, 0.956059575081], [-64.3348770142, 44.249797821, -0.233574837446, -17.8738765717, -2.68710613251, -11.1432971954, -21.9741077423, 7.58251476288, 12.4721918106, -11.457529068, 72.3318939209, 1.62038362026, -15.9701290131], [7.25551557541, -80.7393722534, 33.0608596802, 46.6360435486, -27.908115387, 18.9026794434, -34.4838867188, 0.730594813824, 14.8443279266, -7.96768522263, 1.62038362026, 81.0843353271, -3.64244508743], [-26.3431243896, 62.7546195984, 5.00721788406, -8.01886367798, 34.8525276184, -5.95666360855, 19.1001358032, -28.5280208588, 0.741991281509, 0.956059575081, -15.9701290131, -3.64244508743, 57.67527771]],
        "icov": [[0.000954589573666, 0.000927773071453, 0.00120083126239, -0.000511823338456, -0.000696262170095, -0.000678018142935, -0.000284765119432, -0.000304642278934, 0.000217993656406, 0.000280612177448, -0.000132767512696, 0.0004123057588, -0.000472729443572], [0.000927773071453, 0.0375570692122, -0.00782392080873, 0.0224066004157, -0.0227281879634, 0.0137368608266, -0.0233438592404, 0.0158041249961, -0.0244138259441, 0.0125200608745, -0.0205724202096, 0.0121489772573, -0.010767923668], [0.00120083126239, -0.00782392080873, 0.00556703004986, -0.00658311182633, 0.00444858847186, -0.00522402161732, 0.00410614954308, -0.0030675244052, 0.00484602432698, -0.0026525456924, 0.00456347735599, -0.00298029254191, 0.00261498079635], [-0.000511823338456, 0.0224066004157, -0.00658311182633, 0.0185030810535, -0.0124153038487, 0.00913927424699, -0.0128874443471, 0.00876485276967, -0.0159919597208, 0.00741472886875, -0.0112638622522, 0.00599900633097, -0.00707722827792], [-0.000696262170095, -0.0227281879634, 0.00444858847186, -0.0124153038487, 0.0193049181253, -0.00637385668233, 0.0125192310661, -0.00873639341444, 0.0113118859008, -0.00529635464773, 0.0130691966042, -0.00635179318488, 0.00466808769852], [-0.000678018142935, 0.0137368608266, -0.00522402161732, 0.00913927424699, -0.00637385668233, 0.0140789123252, -0.00910765398294, 0.00665243854746, -0.0105361156166, 0.00395489064977, -0.00670176045969, 0.00349829671904, -0.00348451803438], [-0.000284765119432, -0.0233438592404, 0.00410614954308, -0.0128874443471, 0.0125192310661, -0.00910765398294, 0.0230229943991, -0.0117429988459, 0.0184543747455, -0.0108789699152, 0.0144159803167, -0.00567353889346, 0.00475893449038], [-0.000304642278934, 0.0158041249961, -0.0030675244052, 0.00876485276967, -0.00873639341444, 0.00665243854746, -0.0117429988459, 0.0183238871396, -0.0116118118167, 0.00620275083929, -0.00952529534698, 0.00521866418421, 0.000807274773251], [0.000217993656406, -0.0244138259441, 0.00484602432698, -0.0159919597208, 0.0113118859008, -0.0105361156166, 0.0184543747455, -0.0116118118167, 0.0316380932927, -0.00923115666956, 0.0115632154047, -0.00943902041763, 0.00659216195345], [0.000280612177448, 0.0125200608745, -0.0026525456924, 0.00741472886875, -0.00529635464773, 0.00395489064977, -0.0108789699152, 0.00620275083929, -0.00923115666956, 0.0169625356793, -0.00570988608524, 0.00515057565644, -0.00337169202976], [-0.000132767512696, -0.0205724202096, 0.00456347735599, -0.0112638622522, 0.0130691966042, -0.00670176045969, 0.0144159803167, -0.00952529534698, 0.0115632154047, -0.00570988608524, 0.0276966113597, -0.00638276012614, 0.0094978697598], [0.0004123057588, 0.0121489772573, -0.00298029254191, 0.00599900633097, -0.00635179318488, 0.00349829671904, -0.00567353889346, 0.00521866418421, -0.00943902041763, 0.00515057565644, -0.00638276012614, 0.0188866741955, -0.00381649634801], [-0.000472729443572, -0.010767923668, 0.00261498079635, -0.00707722827792, 0.00466808769852, -0.00348451803438, 0.00475893449038, 0.000807274773251, 0.00659216195345, -0.00337169202976, 0.0094978697598, -0.00381649634801, 0.0256302990019]]
    },
    "melbands": {
        "dmean": [3.83467267966e-05, 0.000722118187696, 0.00100929767359, 0.0011114490917, 0.000507108925376, 0.000294375407975, 0.000231327168876, 0.000102283302112, 0.00010724429012, 7.05324418959e-05, 4.7799807362e-05, 2.56548864854e-05, 1.44527957673e-05, 2.85330515908e-05, 1.40965203173e-05, 1.05929602796e-05, 3.04189302369e-06, 2.64040386355e-06, 2.91853075396e-06, 1.49747961586e-06, 9.8547457128e-07, 1.03938884877e-06, 1.23367772176e-06, 3.05564128666e-07, 3.39359502277e-07, 5.43092426142e-07, 4.55080737538e-07, 2.14926899389e-07, 2.49381315598e-07, 1.20720841323e-07, 6.23635756369e-08, 2.8731918178e-08, 2.92986204187e-08, 3.27956648505e-08, 1.82552515327e-08, 1.24787007394e-08, 1.51016266159e-08, 8.84565931614e-09, 6.04426153572e-09, 3.62991192659e-09],
        "dmean2": [5.12131155119e-05, 0.000932495342568, 0.00154517940246, 0.00176931591704, 0.000776663480792, 0.000420555472374, 0.000354082323611, 0.000151527216076, 0.000148631996126, 0.000102230907942, 7.5652365922e-05, 4.09441854572e-05, 2.15808195208e-05, 4.28138664574e-05, 2.12450395338e-05, 1.64095727087e-05, 4.51108599009e-06, 4.2040092012e-06, 4.34979483543e-06, 2.16473040382e-06, 1.58043837928e-06, 1.50820380895e-06, 1.88940623502e-06, 4.28605943625e-07, 4.98348981637e-07, 7.87951989878e-07, 6.57599741771e-07, 3.1876024309e-07, 3.84853734658e-07, 1.8435807192e-07, 1.05607824707e-07, 4.87687046302e-08, 4.86707136815e-08, 5.21020737665e-08, 2.82317049738e-08, 1.95648155454e-08, 2.441276159e-08, 1.43813174702e-08, 1.02432222704e-08, 5.69238123305e-09],
        "dvar": [4.48130510478e-09, 1.88721730865e-06, 1.47759783431e-06, 5.29775888936e-06, 6.56939334931e-07, 1.5717803592e-07, 1.76158621912e-07, 3.78534608103e-08, 2.6798099384e-07, 1.40000551596e-07, 3.77483821978e-08, 1.79668084854e-08, 9.10396469322e-09, 7.58795764e-08, 2.23060836468e-09, 5.93628646239e-10, 7.11658718067e-11, 1.01422724386e-10, 5.30673352483e-11, 1.24647306365e-11, 9.95055600417e-12, 8.9948708204e-12, 1.27847368109e-11, 8.20319669397e-13, 2.3048995438e-12, 3.04846902929e-12, 2.06736255719e-12, 6.54117981568e-13, 2.09096260272e-12, 5.288698624e-13, 2.19982723444e-13, 3.15270575759e-14, 3.36142822832e-14, 4.74755834417e-14, 7.95157515543e-15, 3.12461962737e-15, 5.17842528502e-15, 2.95709620392e-15, 2.28898668479e-15, 6.26334965897e-16],
        "dvar2": [6.71129019025e-09, 2.51417986874e-06, 3.53809446096e-06, 1.33727335196e-05, 1.74672197772e-06, 3.52520743263e-07, 4.51721518857e-07, 8.8486494576e-08, 5.5687519307e-07, 2.55064151133e-07, 1.19490039197e-07, 4.23531432148e-08, 1.63900590877e-08, 1.26689144508e-07, 4.00593735961e-09, 1.20371257406e-09, 1.42993047958e-10, 2.31622845903e-10, 1.29981359009e-10, 2.45596945558e-11, 2.7869527866e-11, 2.12334282101e-11, 3.11697855027e-11, 1.34985978558e-12, 5.60338711195e-12, 6.97522768711e-12, 4.46567175599e-12, 1.46818494862e-12, 4.73297573009e-12, 1.01214479506e-12, 5.76347400794e-13, 8.29292553682e-14, 8.89055945833e-14, 1.02972474026e-13, 1.74029237879e-14, 6.29092047552e-15, 1.08117530025e-14, 6.49095111766e-15, 5.76505362275e-15, 1.47279505418e-15],
        "max": [0.00134412152693, 0.0274638496339, 0.0146878734231, 0.025131540373, 0.008585549891, 0.00474883336574, 0.00766640109941, 0.00431361887604, 0.0159451980144, 0.0129497814924, 0.00471708271652, 0.0035510698799, 0.00342592014931, 0.0104880435392, 0.00144865910988, 0.000631593051367, 0.000211655918974, 0.000282287684968, 0.000124470549054, 7.01019380358e-05, 5.93529875914e-05, 5.12834521942e-05, 6.67883869028e-05, 2.68262192549e-05, 4.2897027015e-05, 5.58642859687e-05, 3.43313949998e-05, 1.54904828378e-05, 4.35177862528e-05, 1.90482987819e-05, 1.20436579891e-05, 4.16126476921e-06, 3.58360580321e-06, 3.95219967686e-06, 1.81814482403e-06, 1.0293114201e-06, 1.3781054804e-06, 1.0208433423e-06, 8.88912438768e-07, 5.2964594488e-07],
        "mean": [9.43790655583e-05, 0.00191177369561, 0.00255887955427, 0.00222547957674, 0.00131028401665, 0.000837265863083, 0.000582295237109, 0.000223439565161, 0.000204330441193, 0.000146399761434, 9.05400520423e-05, 4.23953388236e-05, 2.66329498118e-05, 6.4989348175e-05, 2.8587437555e-05, 2.04400475923e-05, 6.11365157965e-06, 4.61979561805e-06, 5.59043837711e-06, 2.91950004794e-06, 1.75404193214e-06, 2.0952277282e-06, 2.17660885937e-06, 5.79279742396e-07, 4.86857572923e-07, 8.88888791906e-07, 7.96115671164e-07, 2.93199207135e-07, 2.5690314942e-07, 1.28895862872e-07, 5.44139489023e-08, 2.46391156367e-08, 2.46228903933e-08, 3.64287444654e-08, 2.10417709923e-08, 1.47576200149e-08, 1.58367505776e-08, 1.01433474953e-08, 5.95380988955e-09, 3.06829117669e-09],
        "median": [4.68528305646e-05, 0.000681094068568, 0.00198075757362, 0.00107261829544, 0.000893572112545, 0.000594726006966, 0.000328913738485, 0.000121858094644, 6.57410710119e-05, 2.73206969723e-05, 4.06375984312e-05, 1.10063365355e-05, 5.77182117922e-06, 6.24052881903e-06, 1.31112474264e-05, 9.10866856429e-06, 2.06451704798e-06, 1.33048320095e-06, 1.72791749264e-06, 8.93398919288e-07, 4.502115587e-07, 3.57696251285e-07, 3.20224160077e-07, 9.09745736521e-08, 9.3858773198e-08, 1.59473870553e-07, 1.16361398739e-07, 4.13976444236e-08, 2.53033949349e-08, 1.09559330497e-08, 3.32337046771e-09, 1.47403700357e-09, 1.56642032678e-09, 1.7888213133e-09, 1.93350913058e-09, 1.47246670412e-09, 1.67511449156e-09, 1.09856368447e-09, 5.44704448213e-10, 1.6579272677e-10],
