{
"highlevel": {
    "danceability": {
        "all": {
            "danceable": 1.07683968054e-06,
            "not_danceable": 0.999998927116
        },
        "probability": 0.999998927116,
        "value": "not_danceable"
    },
    "gender": {
        "all": {
            "female": 0.570955216885,
            "male": 0.429044753313
        },
        "probability": 0.570955216885,
        "value": "female"
    },
    "genre_dortmund": {
        "all": {
            "alternative": 0.163020670414,
            "blues": 0.0138486940414,
            "electronic": 0.0388537123799,
            "folkcountry": 0.0477559231222,
            "funksoulrnb": 0.00214921426959,
            "jazz": 0.00566818658262,
            "pop": 0.0858527496457,
            "raphiphop": 0.00345388706774,
            "rock": 0.639396965504
        },
        "probability": 0.639396965504,
        "value": "rock"
    },
    "genre_electronic": {
        "all": {
            "ambient": 0.0686123222113,
            "dnb": 0.0847772732377,
            "house": 0.0155070079491,
            "techno": 0.00741260778159,
            "trance": 0.823690772057
        },
        "probability": 0.823690772057,
        "value": "trance"
    },
    "genre_rosamerica": {
        "all": {
            "cla": 8.04119408713e-05,
            "dan": 0.0118577349931,
            "hip": 0.000824628747068,
            "jaz": 0.000105645827716,
            "pop": 0.0102912159637,
            "rhy": 8.95539851626e-05,
            "roc": 0.976705729961,
            "spe": 4.5056338422e-05
        },
        "probability": 0.976705729961,
        "value": "roc"
    },
    "genre_tzanetakis": {
        "all": {
            "blu": 0.0626541376114,
            "cla": 0.0348133966327,
            "cou": 0.0783501937985,
            "dis": 0.104547761381,
            "hip": 0.15693578124,
            "jaz": 0.313987255096,
            "met": 0.044816005975,
            "pop": 0.0627349764109,
            "reg": 0.0627352520823,
            "roc": 0.0784252434969
        },
        "probability": 0.313987255096,
        "value": "jaz"
    },
    "ismir04_rhythm": {
        "all": {
            "ChaChaCha": 0.0748177394271,
            "Jive": 0.472633570433,
            "Quickstep": 0.0313825421035,
            "Rumba-American": 0.00787763297558,
            "Rumba-International": 0.0296093206853,
            "Rumba-Misc": 0.00583560857922,
            "Samba": 0.354832619429,
            "Tango": 0.00834443233907,
            "VienneseWaltz": 0.00893522426486,
            "Waltz": 0.00573133537546
        },
        "probability": 0.472633570433,
        "value": "Jive"
    },
    "mood_acoustic": {
        "all": {
            "acoustic": 1.20659819913e-06,
            "not_acoustic": 0.999998807907
        },
        "probability": 0.999998807907,
        "value": "not_acoustic"
    },
    "mood_aggressive": {
        "all": {
            "aggressive": 0.997635662556,
            "not_aggressive": 0.00236434442922
        },
        "probability": 0.997635662556,
        "value": "aggressive"
    },
    "mood_electronic": {
        "all": {
            "electronic": 0.331152409315,
            "not_electronic": 0.668847560883
        },
        "probability": 0.668847560883,
        "value": "not_electronic"
    },
    "mood_happy": {
        "all": {
            "happy": 0.755756855011,
            "not_happy": 0.244243130088
        },
        "probability": 0.755756855011,
        "value": "happy"
    },
    "mood_party": {
        "all": {
            "not_party": 0.362433284521,
            "party": 0.637566745281
        },
        "probability": 0.637566745281,
        "value": "party"
    },
    "mood_relaxed": {
        "all": {
            "not_relaxed": 0.939326584339,
            "relaxed": 0.0606734342873
        },
        "probability": 0.939326584339,
        "value": "not_relaxed"
    },
    "mood_sad": {
        "all": {
            "not_sad": 0.97397339344,
            "sad": 0.0260266065598
        },
        "probability": 0.97397339344,
        "value": "not_sad"
    },
    "moods_mirex": {
        "all": {
            "Cluster1": 0.601138710976,
            "Cluster2": 0.0462704375386,
            "Cluster3": 0.0346980057657,
            "Cluster4": 0.00797044951469,
            "Cluster5": 0.309922367334
        },
        "probability": 0.601138710976,
        "value": "Cluster1"
    },
    "timbre": {
        "all": {
            "bright": 0.837101101875,
            "dark": 0.162898913026
        },
        "probability": 0.837101101875,
        "value": "bright"
    },
    "tonal_atonal": {
        "all": {
            "atonal": 0.0158798452467,
            "tonal": 0.984120130539
        },
        "probability": 0.984120130539,
        "value": "tonal"
    },
    "voice_instrumental": {
        "all": {
            "instrumental": 0.00585280777887,
            "voice": 0.994147181511
        },
        "probability": 0.994147181511,
        "value": "voice"
    }
},
"lowlevel": {
    "average_loudness": 0.985632896423,
    "barkbands_crest": {
        "dmean": 2.19549369812,
        "dmean2": 3.49042773247,
        "dvar": 4.93254137039,
        "dvar2": 12.5258874893,
        "max": 24.6600170135,
        "mean": 9.25646018982,
        "median": 8.5690870285,
        "min": 2.4059252739,
        "var": 12.5617570877
    },
    "barkbands_flatness_db": {
        "dmean": 0.0168742928654,
        "dmean2": 0.0267938449979,
        "dvar": 0.000273837562418,
        "dvar2": 0.00068422377808,
        "max": 0.287268042564,
        "mean": 0.104680731893,
        "median": 0.0989895388484,
        "min": 0.0456715896726,
        "var": 0.000958830467425
    },
    "barkbands_kurtosis": {
        "dmean": 2.23053479195,
        "dmean2": 3.5182955265,
        "dvar": 18.883895874,
        "dvar2": 43.7952308655,
        "max": 85.0666732788,
        "mean": 2.42914605141,
        "median": 0.767109394073,
        "min": -1.78057396412,
        "var": 32.7527503967
    },
    "barkbands_skewness": {
        "dmean": 0.470526337624,
        "dmean2": 0.742697000504,
        "dvar": 0.287628859282,
        "dvar2": 0.660662472248,
        "max": 8.29214572906,
        "mean": 1.60954988003,
        "median": 1.40631330013,
        "min": -0.147177159786,
        "var": 0.860982596874
    },
    "barkbands_spread": {
        "dmean": 7.35074472427,
        "dmean2": 11.7668228149,
        "dvar": 53.6229438782,
        "dvar2": 125.636291504,
        "max": 83.5727615356,
        "mean": 36.3280830383,
        "median": 36.2426490784,
        "min": 2.24006557465,
        "var": 169.707687378
    },
    "dissonance": {
        "dmean": 0.00946429371834,
        "dmean2": 0.0159765612334,
        "dvar": 6.68343927828e-05,
        "dvar2": 0.00019444602367,
        "max": 0.499999970198,
        "mean": 0.483155667782,
        "median": 0.485052287579,
        "min": 0.434148520231,
        "var": 0.000105574159534
    },
    "dynamic_complexity": 0.74419593811,
    "erbbands_crest": {
        "dmean": 1.72815454006,
        "dmean2": 2.85534405708,
        "dvar": 2.452947855,
        "dvar2": 6.20685434341,
        "max": 18.5239963531,
        "mean": 5.9992980957,
        "median": 5.4063334465,
        "min": 2.47822475433,
        "var": 6.39175701141
    },
    "erbbands_flatness_db": {
        "dmean": 0.0092326849699,
        "dmean2": 0.0141757046804,
        "dvar": 6.98610165273e-05,
        "dvar2": 0.000147964005009,
        "max": 0.160945653915,
        "mean": 0.113537237048,
        "median": 0.113686233759,
        "min": 0.072177067399,
        "var": 0.000221119145863
    },
    "erbbands_kurtosis": {
        "dmean": 0.392706215382,
        "dmean2": 0.623340904713,
        "dvar": 0.189665138721,
        "dvar2": 0.422491461039,
        "max": 4.20964384079,
        "mean": -0.443113863468,
        "median": -0.546696424484,
        "min": -1.5690805912,
        "var": 0.432307183743
    },
    "erbbands_skewness": {
        "dmean": 0.233710929751,
        "dmean2": 0.370594114065,
        "dvar": 0.0413132198155,
        "dvar2": 0.0912142917514,
        "max": 0.697356581688,
        "mean": -0.305193156004,
        "median": -0.28605094552,
        "min": -1.72867977619,
        "var": 0.156841799617
    },
    "erbbands_spread": {
        "dmean": 8.21814823151,
        "dmean2": 12.8922710419,
        "dvar": 61.3854598999,
        "dvar2": 147.919769287,
        "max": 104.628562927,
        "mean": 55.225063324,
        "median": 53.2513008118,
        "min": 24.8346595764,
        "var": 200.985687256
    },
    "hfc": {
        "dmean": 9.46725463867,
        "dmean2": 15.1373071671,
        "dvar": 122.267425537,
        "dvar2": 281.765716553,
        "max": 128.309829712,
        "mean": 45.2794685364,
        "median": 43.8114433289,
        "min": 6.29645347595,
        "var": 364.503295898
    },
    "melbands_crest": {
        "dmean": 3.00640320778,
        "dmean2": 4.97204303741,
        "dvar": 8.21479320526,
        "dvar2": 21.9897041321,
        "max": 29.385225296,
        "mean": 16.6414451599,
        "median": 16.4660167694,
        "min": 4.83331727982,
        "var": 24.2477703094
    },
    "melbands_flatness_db": {
        "dmean": 0.022802149877,
        "dmean2": 0.036247190088,
        "dvar": 0.000516271102242,
        "dvar2": 0.0012257588096,
        "max": 0.382279932499,
        "mean": 0.163378030062,
        "median": 0.155733197927,
        "min": 0.0507239326835,
        "var": 0.00179834710434
    },
    "melbands_kurtosis": {
        "dmean": 8.40004634857,
        "dmean2": 13.3811330795,
        "dvar": 206.027572632,
        "dvar2": 473.413726807,
        "max": 207.555892944,
        "mean": 18.0111961365,
        "median": 12.2809095383,
        "min": 0.146336317062,
        "var": 378.361297607
    },
    "melbands_skewness": {
        "dmean": 0.762810587883,
        "dmean2": 1.20626664162,
        "dvar": 0.746436178684,
        "dvar2": 1.66564023495,
        "max": 13.1939487457,
        "mean": 3.625177145,
        "median": 3.34849047661,
        "min": 1.02271866798,
        "var": 2.27848362923
    },
    "melbands_spread": {
        "dmean": 7.27169370651,
        "dmean2": 11.7981748581,
        "dvar": 54.7988166809,
        "dvar2": 127.575035095,
        "max": 78.1425247192,
        "mean": 27.1820411682,
        "median": 25.9943962097,
        "min": 1.40245056152,
        "var": 175.817932129
    },
    "pitch_salience": {
        "dmean": 0.0654138997197,
        "dmean2": 0.106604225934,
        "dvar": 0.00372768333182,
        "dvar2": 0.00984229240566,
        "max": 0.78624355793,
        "mean": 0.523974478245,
        "median": 0.527187347412,
        "min": 0.151732265949,
        "var": 0.00956984702498
    },
    "silence_rate_20dB": {
        "dmean": 0,
        "dmean2": 0,
        "dvar": 0,
        "dvar2": 0,
        "max": 1,
        "mean": 1,
        "median": 1,
        "min": 1,
        "var": 0
    },
    "silence_rate_30dB": {
        "dmean": 0.0386996902525,
        "dmean2": 0.0774593353271,
        "dvar": 0.037202373147,
        "dvar2": 0.10399094969,
        "max": 1,
        "mean": 0.977571547031,
        "median": 1,
        "min": 0,
        "var": 0.0219254586846
    },
    "silence_rate_60dB": {
        "dmean": 0,
        "dmean2": 0,
        "dvar": 0,
        "dvar2": 0,
        "max": 0,
        "mean": 0,
        "median": 0,
        "min": 0,
        "var": 0
    },
    "spectral_centroid": {
        "dmean": 284.653015137,
        "dmean2": 471.366729736,
        "dvar": 69231.4609375,
        "dvar2": 174591.671875,
        "max": 3600.71655273,
        "mean": 1899.65258789,
        "median": 1900.26782227,
        "min": 460.457580566,
        "var": 203534.171875
    },
    "spectral_complexity": {
        "dmean": 4.61996889114,
        "dmean2": 7.32145643234,
        "dvar": 15.7278490067,
        "dvar2": 34.541934967,
        "max": 58,
        "mean": 37.115234375,
        "median": 38,
        "min": 9,
        "var": 62.3461303711
    },
    "spectral_decrease": {
        "dmean": 3.24069260316e-09,
        "dmean2": 5.0354613812e-09,
        "dvar": 1.70966949871e-17,
        "dvar2": 3.77590843535e-17,
        "max": -2.64907340508e-09,
        "mean": -1.33104682831e-08,
        "median": -1.20637979606e-08,
        "min": -4.06958378107e-08,
        "var": 2.80659437076e-17
    },
    "spectral_energy": {
        "dmean": 0.0124628888443,
        "dmean2": 0.019259981811,
        "dvar": 0.000244454859057,
        "dvar2": 0.00053751032101,
        "max": 0.157033756375,
        "mean": 0.0543436594307,
        "median": 0.0498498678207,
        "min": 0.0106759602204,
        "var": 0.000407246465329
    },
    "spectral_energyband_high": {
        "dmean": 0.00112585257739,
        "dmean2": 0.00180824834388,
        "dvar": 2.08704886973e-06,
        "dvar2": 4.78604624732e-06,
        "max": 0.0176672916859,
        "mean": 0.00351686403155,
        "median": 0.00298697641119,
        "min": 0.000205643460504,
        "var": 5.73197257836e-06
    },
    "spectral_energyband_low": {
        "dmean": 0.0116693070158,
        "dmean2": 0.0186040066183,
        "dvar": 0.000266159302555,
        "dvar2": 0.000587988295592,
        "max": 0.144849866629,
        "mean": 0.0316202305257,
        "median": 0.025816353038,
        "min": 0.00110181968194,
        "var": 0.000446352758445
    },
    "spectral_energyband_middle_high": {
        "dmean": 0.0018961612368,
        "dmean2": 0.00300373788923,
        "dvar": 3.32359945787e-06,
        "dvar2": 7.73924602981e-06,
        "max": 0.0267690420151,
        "mean": 0.00836924649775,
        "median": 0.00754553871229,
        "min": 0.00086487288354,
        "var": 2.01488910534e-05
    },
    "spectral_energyband_middle_low": {
        "dmean": 0.00475281476974,
        "dmean2": 0.0079265749082,
        "dvar": 3.569844921e-05,
        "dvar2": 8.68201241246e-05,
        "max": 0.0535335615277,
        "mean": 0.0137809524313,
        "median": 0.0119910109788,
        "min": 0.00205969205126,
        "var": 5.29448298039e-05
    },
    "spectral_entropy": {
        "dmean": 0.0922371447086,
        "dmean2": 0.150948628783,
        "dvar": 0.00762317795306,
        "dvar2": 0.0200529489666,
        "max": 8.4665594101,
        "mean": 8.03902435303,
        "median": 8.04454040527,
        "min": 7.47286176682,
        "var": 0.0207971353084
    },
    "spectral_flux": {
        "dmean": 0.0275437179953,
        "dmean2": 0.0406846664846,
        "dvar": 0.000909505062737,
        "dvar2": 0.00169522629585,
        "max": 0.311179697514,
        "mean": 0.115735635161,
        "median": 0.105050705373,
        "min": 0.0381264835596,
        "var": 0.00192494201474
    },
    "spectral_kurtosis": {
        "dmean": 0.566037535667,
        "dmean2": 0.95645570755,
        "dvar": 0.272079467773,
        "dvar2": 0.776576697826,
        "max": 8.03643512726,
        "mean": 1.65954351425,
        "median": 1.62195920944,
        "min": -0.187386035919,
        "var": 0.488809645176
    },
    "spectral_rms": {
        "dmean": 0.000794053543359,
        "dmean2": 0.00121162983123,
        "dvar": 7.78428272952e-07,
        "dvar2": 1.67690723174e-06,
        "max": 0.0123775471002,
        "mean": 0.0071735130623,
        "median": 0.00697380956262,
        "min": 0.00322731630877,
        "var": 1.55889824782e-06
    },
    "spectral_rolloff": {
        "dmean": 683.446228027,
        "dmean2": 1139.04150391,
        "dvar": 654525.75,
        "dvar2": 1504213.125,
        "max": 6782.95898438,
        "mean": 1807.12451172,
        "median": 1765.72265625,
        "min": 86.1328125,
        "var": 1692115.5
    },
    "spectral_skewness": {
        "dmean": 0.113756224513,
        "dmean2": 0.187814816833,
        "dvar": 0.0113634346053,
        "dvar2": 0.0280430354178,
        "max": 2.46641230583,
        "mean": 0.981082201004,
        "median": 0.995350182056,
        "min": 0.279394686222,
        "var": 0.0297902133316
    },
    "spectral_spread": {
        "dmean": 420451.625,
        "dmean2": 651253.75,
        "dvar": 199359348736,
        "dvar2": 406499688448,
        "max": 11721625,
        "mean": 5130093.5,
        "median": 5048423,
        "min": 3455477.75,
        "var": 441909379072
    },
    "spectral_strongpeak": {
        "dmean": 0.255851924419,
        "dmean2": 0.45415905118,
        "dvar": 0.242954790592,
        "dvar2": 0.67716562748,
        "max": 4.92119121552,
        "mean": 0.500753223896,
        "median": 0.42841348052,
        "min": 0.0504386872053,
        "var": 0.189721271396
    },
    "zerocrossingrate": {
        "dmean": 0.0101775648072,
        "dmean2": 0.0124233728275,
        "dvar": 8.2295264292e-05,
        "dvar2": 0.000117085961392,
        "max": 0.16259765625,
        "mean": 0.0748675242066,
        "median": 0.07373046875,
        "min": 0.009765625,
        "var": 0.000631594855804
    },
    "barkbands": {
        "dmean": [0.000299877836369, 0.00798917934299, 0.00643745297566, 0.00298026925884, 0.00182805967052, 0.000793126353528, 0.00110384216532, 0.000792065111455, 0.000421376869781, 0.000383419042919, 0.000689934939146, 0.000255239923717, 0.000246484822128, 0.000381978461519, 0.000508730125148, 0.000436947535491, 0.000487458542921, 0.000399164593546, 0.000282632856397, 0.000325054308632, 0.000311773823341, 0.00036257278407, 0.000323843618389, 0.00020553766808, 0.000103104190202, 2.45681476372e-05, 2.89624551897e-07],
        "dmean2": [0.000406507839216, 0.0125350542367, 0.0113103957847, 0.00510879140347, 0.00315622542985, 0.00131757394411, 0.00172608660068, 0.00128260382917, 0.000676101073623, 0.00059194554342, 0.00107277208008, 0.000414683978306, 0.000416277354816, 0.000623567437287, 0.0008434674819, 0.000730607425794, 0.000818721717224, 0.000649116991553, 0.000463077158201, 0.000543881498743, 0.000518251152243, 0.000589241681155, 0.000513153732754, 0.000328899710439, 0.000165872756043, 4.07123843615e-05, 4.94800531214e-07],
        "dvar": [2.92558212323e-07, 0.000148558130604, 0.000105709608761, 2.03237486858e-05, 6.8105327955e-06, 1.11784447654e-06, 2.54249084719e-06, 2.15538534576e-06, 3.85844572293e-07, 4.35118892028e-07, 1.51081894728e-06, 1.63549586318e-07, 1.63118812679e-07, 2.75145936257e-07, 3.71131676502e-07, 2.90724045726e-07, 2.9026787729e-07, 2.55870276078e-07, 1.11674168579e-07, 1.33109821832e-07, 1.63538217635e-07, 2.01547948109e-07, 1.72623472849e-07, 8.89696778472e-08, 2.26956160532e-08, 1.19508380969e-09, 2.63514280925e-13],
        "dvar2": [5.21514493812e-07, 0.000324265740346, 0.000301150867017, 5.07933655172e-05, 1.9344737666e-05, 3.04747641167e-06, 6.1046234805e-06, 5.52884557692e-06, 9.11841539164e-07, 9.0295264954e-07, 3.57729481948e-06, 3.94620172983e-07, 4.10308501841e-07, 6.65286904677e-07, 1.00191050478e-06, 7.59372085213e-07, 7.80676259637e-07, 6.59774173073e-07, 2.75880438494e-07, 3.44265544072e-07, 3.8815676362e-07, 5.20103355939e-07, 3.82648238428e-07, 2.1622361146e-07, 5.68162583647e-08, 2.97850522024e-09, 6.71315596428e-13],
        "max": [0.00455504655838, 0.121766127646, 0.0745009183884, 0.041104529053, 0.0290553700179, 0.0132701899856, 0.0151106789708, 0.0213674958795, 0.0102690150961, 0.0131224244833, 0.0202038288116, 0.00951250456274, 0.0077218785882, 0.00800524931401, 0.00970990862697, 0.00485833594576, 0.00667606340721, 0.00698586413637, 0.00566108524799, 0.00407108059153, 0.00740139000118, 0.00595658738166, 0.00537773873657, 0.00420498196036, 0.0017269521486, 0.000435590511188, 6.58292628941e-06],
        "mean": [0.000510192126967, 0.0172463934869, 0.0111116701737, 0.00463143503293, 0.00360121368431, 0.00137975101825, 0.00191736535635, 0.0011495425133, 0.000749049184378, 0.000601182575338, 0.00170530320611, 0.000471233041026, 0.000408353778766, 0.000682891870383, 0.000999007723294, 0.000832563382573, 0.00100604980253, 0.000825557217468, 0.000691228138749, 0.000753368309233, 0.000723898934666, 0.000875895668287, 0.000774780521169, 0.000462658179458, 0.000189803467947, 4.29812862421e-05, 3.08804033011e-07],
        "median": [9.84895668807e-05, 0.0123847816139, 0.00826770626009, 0.00332271913067, 0.00262202229351, 0.00102551048622, 0.000961028854363, 0.000614628079347, 0.000519186607562, 0.000301276013488, 0.000338947575074, 0.000347224180587, 0.000288082141196, 0.000456631009001, 0.000736443034839, 0.00061115808785, 0.000805102463346, 0.000596771540586, 0.000591687392443, 0.000645188672934, 0.000596817757469, 0.000707852363121, 0.000609219947364, 0.000362242688425, 0.000136320712045, 3.09021997964e-05, 1.28195665638e-07],
        "min": [9.07020094587e-08, 0.000485525990371, 0.000278448365862, 0.000128602783661, 5.37756168342e-05, 5.93862350797e-05, 4.19490315835e-05, 2.48827727773e-05, 2.32614729612e-05, 1.74544529727e-05, 1.67554280779e-05, 3.6949335481e-05, 2.53346515819e-05, 3.50235204678e-05, 3.85842540709e-05, 5.57046660106e-05, 7.15500500519e-05, 4.94313935633e-05, 7.22736149328e-05, 5.28094788024e-05, 4.73051441077e-05, 3.92277397623e-05, 2.08761866816e-05, 4.0738568714e-06, 6.23727316906e-07, 1.17938325772e-09, 8.752067647e-12],
        "var": [7.24516894479e-07, 0.000237928135903, 9.89430336631e-05, 2.26279171329e-05, 9.68724179984e-06, 1.69498298419e-06, 6.03437229074e-06, 2.64047184828e-06, 6.89789033004e-07, 8.65833328589e-07, 7.66371522332e-06, 2.54161307112e-07, 2.15598504383e-07, 5.01393230934e-07, 7.40666848742e-07, 4.76103451774e-07, 5.35701417448e-07, 5.2478969792e-07, 2.06081978149e-07, 2.53818058127e-07, 3.28143585193e-07, 4.88339651383e-07, 4.41792138872e-07, 1.68396837807e-07, 3.20144124544e-08, 1.91208915368e-09, 2.73586112532e-13]
    },
    "erbbands": {
        "dmean": [0.272580355406, 1.79260373116, 6.56178855896, 8.57946395874, 8.02434825897, 5.50951099396, 5.28345918655, 7.27278804779, 13.3572454453, 20.894821167, 12.9898729324, 9.59774494171, 14.1133975983, 15.0125865936, 23.7777328491, 9.6538143158, 9.6012840271, 19.4368839264, 19.9151477814, 28.3556690216, 21.588809967, 25.1875553131, 21.6518325806, 15.4706287384, 12.7460603714, 15.671672821, 14.9726839066, 11.8952903748, 13.4619789124, 10.713675499, 9.54035758972, 5.81416606903, 2.75573086739, 1.35077369213, 0.733707070351, 0.176076576114, 0.0343102514744, 0.00230962783098, 8.11677018646e-05, 1.8654835003e-05],
        "dmean2": [0.401486337185, 2.92782926559, 11.4851846695, 14.7403373718, 13.711180687, 9.44961738586, 8.78720569611, 12.2400970459, 21.4583759308, 32.3676872253, 21.1106853485, 15.5985879898, 21.9824008942, 21.899728775, 36.1938743591, 15.8096265793, 16.185634613, 31.4065093994, 33.6449508667, 46.2489929199, 35.9002037048, 42.6268005371, 35.1827697754, 25.3066368103, 21.0762996674, 26.1619052887, 24.9829444885, 19.7196750641, 22.1656894684, 17.2956809998, 15.1999664307, 9.41135406494, 4.52586746216, 2.24140930176, 1.16699016094, 0.285279661417, 0.056995306164, 0.00387490284629, 0.000131417487864, 2.86054819298e-05],
        "dvar": [0.249063208699, 7.14183282852, 112.166351318, 139.163574219, 135.11857605, 63.1323890686, 44.2296409607, 106.116355896, 398.965881348, 1250.07409668, 705.907897949, 245.396942139, 502.561584473, 710.926818848, 1899.68322754, 124.541725159, 248.420089722, 882.787536621, 470.646514893, 1624.48901367, 630.745483398, 770.230651855, 780.039245605, 317.340118408, 249.670715332, 318.292816162, 354.481048584, 307.201202393, 292.09552002, 169.0284729, 148.650222778, 77.8919219971, 15.0173721313, 4.1872253418, 1.04305696487, 0.0586051158607, 0.00286325160414, 1.5662275473e-05, 1.366481861e-08, 4.8361714633e-10],
        "dvar2": [0.559381127357, 16.3745479584, 318.247833252, 366.91494751, 370.25112915, 178.267181396, 121.206878662, 288.821716309, 988.391357422, 2687.69848633, 1931.57751465, 640.573242188, 1127.17724609, 1464.72412109, 4187.2890625, 314.615814209, 643.691955566, 2130.7980957, 1181.83666992, 4165.76806641, 1691.29162598, 2097.11279297, 1979.96960449, 779.36114502, 623.453186035, 822.188110352, 907.732543945, 731.293701172, 749.575073242, 407.948455811, 339.510253906, 184.236206055, 38.2334098816, 11.0197381973, 2.3792784214, 0.139151841402, 0.00748803419992, 4.08439373132e-05, 3.38214753981e-08, 1.06380337872e-09],
        "max": [4.79860258102, 27.3874931335, 79.7306594849, 91.4849319458, 119.959442139, 88.1513214111, 65.6118621826, 138.996231079, 224.438308716, 434.790740967, 475.797576904, 300.382568359, 397.717071533, 399.626220703, 746.180175781, 149.733886719, 369.645599365, 465.734741211, 222.81968689, 686.559143066, 315.159393311, 338.670928955, 425.030273438, 225.513763428, 288.257995605, 220.781356812, 247.37449646, 353.36807251, 252.279312134, 144.569976807, 165.010574341, 119.892913818, 46.763256073, 26.86211586, 9.29195594788, 3.05227136612, 0.619055688381, 0.0403647311032, 0.0011828369461, 0.000253083184361],
        "mean": [0.411001116037, 4.11678934097, 12.9607276917, 14.9928293228, 14.9783143997, 9.3844833374, 9.17898464203, 12.0315647125, 20.7961559296, 37.567111969, 20.1032066345, 17.5400428772, 24.7106723785, 34.9440994263, 53.0778045654, 20.3044757843, 18.6680240631, 35.0984992981, 40.5883636475, 57.8651924133, 47.8969345093, 54.8187789917, 48.1224250793, 37.1256256104, 32.5569953918, 36.1178512573, 33.9091262817, 27.6858711243, 31.6988506317, 25.1125774384, 22.4444293976, 12.8815870285, 5.87769079208, 2.42246556282, 1.28967308998, 0.350322574377, 0.0496711358428, 0.00293078785762, 0.00015606416855, 7.96289677965e-05],
        "median": [0.176730960608, 3.23343062401, 9.86334609985, 11.5929050446, 11.1607532501, 6.66514873505, 6.89566612244, 8.78854751587, 12.1431465149, 15.3153028488, 12.6797475815, 12.4861211777, 12.4421730042, 10.4470624924, 17.2481422424, 15.5508995056, 14.1996955872, 22.0905799866, 32.10131073, 39.2684631348, 38.7300376892, 44.9771194458, 36.5345802307, 30.2367134094, 28.6100139618, 30.1339874268, 27.7985954285, 21.7618522644, 25.3056755066, 19.6648292542, 17.7489547729, 10.1729059219, 4.52043199539, 1.71167886257, 0.883314490318, 0.260698139668, 0.030632013455, 0.00162204448134, 0.00011384402751, 7.32917469577e-05],
        "min": [0.00351607403718, 0.13930529356, 0.571145236492, 0.840276956558, 0.579246997833, 0.204791262746, 0.513065814972, 0.671829462051, 0.657021522522, 0.897511482239, 1.17236435413, 1.11399257183, 0.493527472019, 0.718991816044, 1.95135867596, 2.1723511219, 1.65510582924, 2.09781169891, 3.33384895325, 2.74949669838, 4.73480606079, 5.52054595947, 4.55467367172, 3.1605656147, 2.73698973656, 2.8939781189, 1.67771410942, 2.0438375473, 1.62899208069, 1.06584858894, 0.489768981934, 0.140423998237, 0.0465279780328, 0.0171487051994, 0.00294599402696, 0.00022755964892, 2.62332523562e-05, 3.73223701899e-06, 8.48889976623e-06, 1.29441450554e-05],
        "var": [0.372696638107, 10.5506019592, 120.076248169, 148.973129272, 171.47795105, 73.7485656738, 63.9599761963, 152.661468506, 660.846130371, 3351.48730469, 670.117370605, 356.678344727, 1247.73071289, 3881.55053711, 7090.58544922, 286.399719238, 338.135223389, 1619.18615723, 918.470703125, 3163.23388672, 1153.07092285, 1435.59228516, 1637.1328125, 675.242919922, 407.747955322, 610.748901367, 607.742126465, 600.029724121, 672.545166016, 412.769805908, 370.655914307, 143.087249756, 27.3447704315, 5.71224355698, 1.65401852131, 0.107627131045, 0.00327839818783, 1.55066572916e-05, 1.8150894121e-08, 8.77377781539e-10]
    },
    "gfcc": {
        "mean": [78.874710083, 74.5486602783, -115.388038635, 67.5178375244, -60.3496513367, 30.9151535034, -39.2882804871, 14.3930959702, -17.7950687408, 2.24677252769, -18.4006347656, -2.00137352943, -12.3424701691],
        "cov": [[532.049743652, -278.32699585, -7.12370681763, -70.6042938232, -67.1895446777, 37.3651275635, -35.8020362854, 30.5741062164, -63.6523208618, 30.5955791473, -44.7798194885, 43.4560928345, -31.3823566437], [-278.32699585, 289.110687256, -45.432346344, -17.7680511475, 42.5241279602, -32.0918540955, 42.528427124, -14.8083305359, 51.8648529053, -25.4046020508, 46.1354827881, -30.4907836914, 36.4491958618], [-7.12370681763, -45.432346344, 186.920440674, 54.1438179016, 23.1537914276, -8.51581001282, -23.7271747589, -7.44068670273, -8.84487819672, 34.7236709595, -12.7952337265, 9.9231595993, -21.6721515656], [-70.6042938232, -17.7680511475, 54.1438179016, 107.281349182, 21.205198288, -10.017077446, -13.3593568802, -14.2896871567, 17.0694503784, -2.67577528954, 10.0882139206, -12.547003746, 3.07503509521], [-67.1895446777, 42.5241279602, 23.1537914276, 21.205198288, 89.0988693237, 11.5982885361, 26.6820735931, 2.0633020401, 3.54127836227, 0.752104759216, 1.16126489639, 11.0418081284, 3.28505206108], [37.3651275635, -32.0918540955, -8.51581001282, -10.017077446, 11.5982885361, 80.0449371338, 36.9822540283, 4.91505289078, -19.9666843414, -20.12109375, -2.41272115707, 2.23099422455, 21.0759010315], [-35.8020362854, 42.528427124, -23.7271747589, -13.3593568802, 26.6820735931, 36.9822540283, 79.2185211182, 20.4958934784, 7.64811706543, -17.3192806244, 4.83652257919, 5.52538776398, 18.1077919006], [30.5741062164, -14.8083305359, -7.44068670273, -14.2896871567, 2.0633020401, 4.91505289078, 20.4958934784, 59.2399559021, 29.4288444519, 12.0705051422, -0.029669046402, 0.870003163815, -4.1449508667], [-63.6523208618, 51.8648529053, -8.84487819672, 17.0694503784, 3.54127836227, -19.9666843414, 7.64811706543, 29.4288444519, 89.6995162964, 25.1797637939, 21.9854927063, -21.6233177185, -5.44706106186], [30.5955791473, -25.4046020508, 34.7236709595, -2.67577528954, 0.752104759216, -20.12109375, -17.3192806244, 12.0705051422, 25.1797637939, 66.5843811035, 12.2339811325, 4.92339706421, -25.5260105133], [-44.7798194885, 46.1354827881, -12.7952337265, 10.0882139206, 1.16126489639, -2.41272115707, 4.83652257919, -0.029669046402, 21.9854927063, 12.2339811325, 49.7342033386, -0.497489571571, 9.35133361816], [43.4560928345, -30.4907836914, 9.9231595993, -12.547003746, 11.0418081284, 2.23099422455, 5.52538776398, 0.870003163815, -21.6233177185, 4.92339706421, -0.497489571571, 50.0904502869, 7.47025966644], [-31.3823566437, 36.4491958618, -21.6721515656, 3.07503509521, 3.28505206108, 21.0759010315, 18.1077919006, -4.1449508667, -5.44706106186, -25.5260105133, 9.35133361816, 7.47025966644, 52.9809150696]],
        "icov": [[0.00536716915667, 0.00582475122064, 9.66375664575e-05, 0.00462327199057, 2.67188752332e-05, 0.000642091385089, 0.000236885505728, -0.00048194534611, 0.000173781911144, -9.84848738881e-05, -0.00128826068249, 0.000237035055761, -0.00126826949418], [0.00582475122064, 0.0206205025315, -0.00294499332085, 0.0162139758468, -0.00911995302886, 0.0140148308128, -0.00723302830011, 0.0079364515841, -0.00646544294432, 0.00824513938278, -0.0133409844711, 0.012072103098, -0.010838098824], [9.66375664575e-05, -0.00294499332085, 0.00925306323916, -0.00744401197881, 0.000909052439965, -0.00379033805802, 0.00234005623497, -0.00189213512931, 0.00349730835296, -0.00742427166551, 0.0059325103648, -0.00399538502097, 0.00310281314887], [0.00462327199057, 0.0162139758468, -0.00744401197881, 0.0276885963976, -0.0105518214405, 0.011742436327, -0.00270926533267, 0.00906122010201, -0.00925100315362, 0.0117055689916, -0.014105594717, 0.0124243153259, -0.0100238258019], [2.67188752332e-05, -0.00911995302886, 0.000909052439965, -0.0105518214405, 0.0204702485353, -0.00905348081142, -0.00131910608616, -0.00393967423588, 0.00333709386177, -0.00629138946533, 0.00869099982083, -0.0112077416852, 0.00710743013769], [0.000642091385089, 0.0140148308128, -0.00379033805802, 0.011742436327, -0.00905348081142, 0.0317303128541, -0.0149462949485, 0.00553219625726, 5.35816980118e-05, 0.00783200655133, -0.0116833923385, 0.015070782043, -0.014297157526], [0.000236885505728, -0.00723302830011, 0.00234005623497, -0.00270926533267, -0.00131910608616, -0.0149462949485, 0.0267760716379, -0.0100452760234, -0.000303704611724, 0.00145782670006, 0.00380550185218, -0.00833107810467, 0.0034950603731], [-0.00048194534611, 0.0079364515841, -0.00189213512931, 0.00906122010201, -0.00393967423588, 0.00553219625726, -0.0100452760234, 0.0304261241108, -0.0140668610111, 0.00235479953699, -0.00242859101854, 0.00329464999959, -0.00353578710929], [0.000173781911144, -0.00646544294432, 0.00349730835296, -0.00925100315362, 0.00333709386177, 5.35816980118e-05, -0.000303704611724, -0.0140668610111, 0.0262276083231, -0.0119507033378, -2.71032185992e-05, 0.00470511661842, 0.00157360453159], [-9.84848738881e-05, 0.00824513938278, -0.00742427166551, 0.0117055689916, -0.00629138946533, 0.00783200655133, 0.00145782670006, 0.00235479953699, -0.0119507033378, 0.0344516970217, -0.0158660504967, 0.000810154830106, 0.00556962611154], [-0.00128826068249, -0.0133409844711, 0.0059325103648, -0.014105594717, 0.00869099982083, -0.0116833923385, 0.00380550185218, -0.00242859101854, -2.71032185992e-05, -0.0158660504967, 0.0380695238709, -0.011793830432, 0.00157518032938], [0.000237035055761, 0.012072103098, -0.00399538502097, 0.0124243153259, -0.0112077416852, 0.015070782043, -0.00833107810467, 0.00329464999959, 0.00470511661842, 0.000810154830106, -0.011793830432, 0.0377552583814, -0.0150831053033], [-0.00126826949418, -0.010838098824, 0.00310281314887, -0.0100238258019, 0.00710743013769, -0.014297157526, 0.0034950603731, -0.00353578710929, 0.00157360453159, 0.00556962611154, 0.00157518032938, -0.0150831053033, 0.0359002314508]]
    },
    "melbands": {
        "dmean": [0.00227528181858, 0.00278830202296, 0.00140284863301, 0.000458712514956, 0.000191001177882, 0.000166278798133, 0.000204249037779, 0.000216092070332, 9.55541545409e-05, 6.31623988738e-05, 7.11381653673e-05, 5.78155413677e-05, 9.39287856454e-05, 3.45965308952e-05, 2.26147731155e-05, 2.72709476121e-05, 3.94241069444e-05, 3.31570372509e-05, 3.52530078089e-05, 3.69633453374e-05, 2.8118456612e-05, 3.03337074001e-05, 2.45539740718e-05, 2.06763288588e-05, 1.34556821649e-05, 1.2008318663e-05, 9.51450510911e-06, 1.20772419905e-05, 1.10571700134e-05, 7.86051805335e-06, 7.9806713984e-06, 8.6856116468e-06, 7.26243752069e-06, 6.35917513137e-06, 6.29379792372e-06, 4.81430970467e-06, 3.51834432877e-06, 2.26942825066e-06, 1.60061097176e-06, 1.08823189748e-06],
        "dmean2": [0.00341033097357, 0.00473575433716, 0.00239266571589, 0.00079349213047, 0.000315105047775, 0.000277166924207, 0.000324423221173, 0.000335581920808, 0.00015765101125, 0.000102360856545, 0.000110648150439, 8.42460722197e-05, 0.000145691199577, 5.40604487469e-05, 3.71428723156e-05, 4.53291213489e-05, 6.43166640657e-05, 5.60389671591e-05, 5.77448663535e-05, 6.03243024671e-05, 4.70230625069e-05, 5.20823705301e-05, 4.08532978327e-05, 3.4027510992e-05, 2.22625549213e-05, 2.00147042051e-05, 1.61929474416e-05, 2.00532504095e-05, 1.85517583304e-05, 1.30902690216e-05, 1.34538076964e-05, 1.43633196785e-05, 1.21174934975e-05, 1.03087622847e-05, 1.01992236523e-05, 7.97365464678e-06, 5.69666735828e-06, 3.80878282158e-06, 2.67400196208e-06, 1.83493580153e-06],
        "dvar": [1.42708604471e-05, 1.93521300389e-05, 3.55926181328e-06, 4.70100701477e-07, 5.18858236376e-08, 5.12054931789e-08, 8.49403676284e-08, 1.29835711959e-07, 3.74299489181e-08, 1.05379740489e-08, 1.27557227003e-08, 1.05505844061e-08, 3.02858680357e-08, 2.95889734936e-09, 6.89749313221e-10, 2.11794048965e-09, 3.76725362017e-09, 1.26038990356e-09, 1.8161228077e-09, 2.48700726679e-09, 1.11826281568e-09, 1.19571919033e-09, 9.88662485213e-10, 9.42722011565e-10, 2.41560077496e-10, 2.16132139963e-10, 1.09100999068e-10, 2.05442690637e-10, 1.89219639957e-10, 1.27359914281e-10, 1.27980959164e-10, 1.3315176739e-10, 7.36604943707e-11, 6.14824718914e-11, 6.34673286148e-11, 5.14104002425e-11, 2.93291779752e-11, 1.0423339275e-11, 4.97623340104e-12, 2.8607162212e-12],
        "dvar2": [3.19509017572e-05, 5.27872762177e-05, 9.28537883738e-06, 1.3201325828e-06, 1.41001677889e-07, 1.38393573934e-07, 2.12929322174e-07, 2.79596235941e-07, 1.02839763372e-07, 2.6486757676e-08, 2.83225745079e-08, 2.06916954681e-08, 7.04249671912e-08, 6.90906842848e-09, 1.72275171906e-09, 5.40920197523e-09, 9.20165010854e-09, 3.17681103645e-09, 4.86445461689e-09, 6.38152819477e-09, 2.98411695354e-09, 3.28484439649e-09, 2.57075383203e-09, 2.47148657095e-09, 5.93160354168e-10, 5.3892523777e-10, 2.93925744854e-10, 5.2673837514e-10, 5.01913066664e-10, 2.98535862697e-10, 3.14803655366e-10, 3.51713075331e-10, 1.89654195126e-10, 1.50799484011e-10, 1.53015045079e-10, 1.18946810734e-10, 7.29065072202e-11, 2.68307095291e-11, 1.35238721263e-11, 7.45537312441e-12],
        "max": [0.0382917039096, 0.0380457267165, 0.0145684210584, 0.0077655618079, 0.00228791823611, 0.00294974283315, 0.00313852936961, 0.00413649948314, 0.00336586683989, 0.00195129285567, 0.00209075794555, 0.00147002574522, 0.00327161187306, 0.0011571458308, 0.000452462554676, 0.000818362168502, 0.000992576940916, 0.000333506264724, 0.000659442564938, 0.000593377451878, 0.000396051327698, 0.000427101738751, 0.000468892219942, 0.000446607649792, 0.000208966550417, 0.000237897227635, 0.000113441812573, 0.00020431514713, 0.000170239858562, 0.000237513202592, 0.000168366896105, 0.000164870449225, 9.44866187638e-05, 8.25411989354e-05, 0.000107989326352, 0.000122262441437, 7.8562865383e-05, 3.68903820345e-05, 2.47745247179e-05, 2.37779622694e-05],
        "mean": [0.00415138248354, 0.00655823154375, 0.00267715193331, 0.000859719875734, 0.000339398800861, 0.000278976775007, 0.000335173041094, 0.000379335135221, 0.000143930548802, 0.000111776374979, 0.00011876073404, 0.000123703794088, 0.000218281202251, 6.2671591877e-05, 4.25358230132e-05, 4.54723049188e-05, 6.66989653837e-05, 6.12670046394e-05, 7.20766402083e-05, 6.98186850059e-05, 5.47126619495e-05, 5.92502037762e-05, 4.77838584629e-05, 3.92413712689e-05, 2.86671929643e-05, 2.62436424237e-05, 2.10496473301e-05, 2.47754269367e-05, 2.28574735956e-05, 1.61452298926e-05, 1.64973698702e-05, 1.87038131116e-05, 1.56108217197e-05, 1.32747272801e-05, 1.37148708745e-05, 1.00487695818e-05, 7.1118570304e-06, 4.36098616774e-06, 2.95910012937e-06, 1.66513564182e-06],
        "median": [0.00265346467495, 0.00537706026807, 0.00214183679782, 0.00062302139122, 0.000261375796981, 0.000200734299142, 0.00019746790349, 0.000159193572472, 9.21688697417e-05, 7.79311740189e-05, 5.71332857362e-05, 3.44478103216e-05, 5.08948905917e-05, 4.06284889323e-05, 3.27489251504e-05, 2.96464750136e-05, 4.0595226892e-05, 4.62092357338e-05, 5.08979792357e-05, 4.84078009322e-05, 4.16105540353e-05, 4.68007820018e-05, 3.68356086256e-05, 2.67212890321e-05, 2.24405812332e-05, 2.2319944037e-05, 1.80975694093e-05, 1.96361470444e-05, 1.86896104424e-05, 1.27438634081e-05, 1.24702264657e-05, 1.46334004967e-05, 1.22586334328e-05, 9.82051551546e-06, 1.07390651465e-05, 7.66395260143e-06, 5.46111232325e-06, 3.16703108183e-06, 2.21022082769e-06, 1.03490458514e-06],
        "min": [8.65588372108e-05, 0.00029505576822, 0.000158358685439, 1.66236968653e-05, 1.76361427293e-05, 1.01204532257e-05, 9.41555026657e-06, 9.45923875406e-06, 7.66792254581e-06, 5.42691941519e-06, 2.08683354685e-06, 2.555204901e-06, 2.90516572932e-06, 4.29806686952e-06, 3.34848300554e-06, 2.41170869231e-06, 2.83706776827e-06, 5.43090982319e-06, 2.41580164584e-06, 4.958963018e-06, 5.42416046301e-06, 5.03738192492e-06, 3.7374677504e-06, 2.46196623266e-06, 2.1090768314e-06, 2.57024521488e-06, 1.72306840795e-06, 1.7077073835e-06, 1.13075839181e-06, 8.99624922113e-07, 9.57161887527e-07, 8.22811216494e-07, 6.57789314573e-07, 4.07065982699e-07, 2.47881132509e-07, 2.00981972398e-07, 2.62053312383e-08, 2.24502514357e-08, 1.63991291657e-08, 6.181722495e-11],
