{
"highlevel": {
    "danceability": {
        "all": {
            "danceable": 0.130161270499,
            "not_danceable": 0.8698387146
        },
        "probability": 0.8698387146,
        "value": "not_danceable"
    },
    "gender": {
        "all": {
            "female": 0.999731481075,
            "male": 0.000268532108748
        },
        "probability": 0.999731481075,
        "value": "female"
    },
    "genre_dortmund": {
        "all": {
            "alternative": 0.0574723482132,
            "blues": 0.156284362078,
            "electronic": 0.0072671463713,
            "folkcountry": 0.277027666569,
            "funksoulrnb": 0.0211930368096,
            "jazz": 0.160145774484,
            "pop": 0.0803328678012,
            "raphiphop": 0.00258390465751,
            "rock": 0.237692892551
        },
        "probability": 0.277027666569,
        "value": "folkcountry"
    },
    "genre_electronic": {
        "all": {
            "ambient": 0.760766923428,
            "dnb": 0.130523577332,
            "house": 0.0910999849439,
            "techno": 0.00904706958681,
            "trance": 0.00856243818998
        },
        "probability": 0.760766923428,
        "value": "ambient"
    },
    "genre_rosamerica": {
        "all": {
            "cla": 0.0531107895076,
            "dan": 0.00648401817307,
            "hip": 0.00758723076433,
            "jaz": 0.0493093542755,
            "pop": 0.0914860367775,
            "rhy": 0.686947107315,
            "roc": 0.0977749228477,
            "spe": 0.00730055663735
        },
        "probability": 0.686947107315,
        "value": "rhy"
    },
    "genre_tzanetakis": {
        "all": {
            "blu": 0.0626613423228,
            "cla": 0.0348169617355,
            "cou": 0.104475811124,
            "dis": 0.0784321576357,
            "hip": 0.15692435205,
            "jaz": 0.313974827528,
            "met": 0.0448166541755,
            "pop": 0.0627359300852,
            "reg": 0.0627360641956,
            "roc": 0.0784258767962
        },
        "probability": 0.313974827528,
        "value": "jaz"
    },
    "ismir04_rhythm": {
        "all": {
            "ChaChaCha": 0.090048417449,
            "Jive": 0.0332349948585,
            "Quickstep": 0.227307230234,
            "Rumba-American": 0.0328696295619,
            "Rumba-International": 0.0676683261991,
            "Rumba-Misc": 0.0158664099872,
            "Samba": 0.0375442877412,
            "Tango": 0.139100477099,
            "VienneseWaltz": 0.187626063824,
            "Waltz": 0.168734148145
        },
        "probability": 0.227307230234,
        "value": "Quickstep"
    },
    "mood_acoustic": {
        "all": {
            "acoustic": 0.622789859772,
            "not_acoustic": 0.377210170031
        },
        "probability": 0.622789859772,
        "value": "acoustic"
    },
    "mood_aggressive": {
        "all": {
            "aggressive": 0.0454576052725,
            "not_aggressive": 0.954542398453
        },
        "probability": 0.954542398453,
        "value": "not_aggressive"
    },
    "mood_electronic": {
        "all": {
            "electronic": 0.0587555281818,
            "not_electronic": 0.941244482994
        },
        "probability": 0.941244482994,
        "value": "not_electronic"
    },
    "mood_happy": {
        "all": {
            "happy": 0.637962579727,
            "not_happy": 0.362037420273
        },
        "probability": 0.637962579727,
        "value": "happy"
    },
    "mood_party": {
        "all": {
            "not_party": 0.935052394867,
            "party": 0.0649476349354
        },
        "probability": 0.935052394867,
        "value": "not_party"
    },
    "mood_relaxed": {
        "all": {
            "not_relaxed": 0.274805098772,
            "relaxed": 0.725194871426
        },
        "probability": 0.725194871426,
        "value": "relaxed"
    },
    "mood_sad": {
        "all": {
            "not_sad": 0.447724699974,
            "sad": 0.552275300026
        },
        "probability": 0.552275300026,
        "value": "sad"
    },
    "moods_mirex": {
        "all": {
            "Cluster1": 0.131055697799,
            "Cluster2": 0.307847678661,
            "Cluster3": 0.353294104338,
            "Cluster4": 0.183151975274,
            "Cluster5": 0.0246505513787
        },
        "probability": 0.353294104338,
        "value": "Cluster3"
    },
    "timbre": {
        "all": {
            "bright": 0.979605138302,
            "dark": 0.0203948374838
        },
        "probability": 0.979605138302,
        "value": "bright"
    },
    "tonal_atonal": {
        "all": {
            "atonal": 0.00289618852548,
            "tonal": 0.99710381031
        },
        "probability": 0.99710381031,
        "value": "tonal"
    },
    "voice_instrumental": {
        "all": {
            "instrumental": 0.111722640693,
            "voice": 0.888277351856
        },
        "probability": 0.888277351856,
        "value": "voice"
    }
},
"lowlevel": {
    "average_loudness": 0.868562161922,
    "barkbands_crest": {
        "dmean": 2.55609965324,
        "dmean2": 4.21038103104,
        "dvar": 7.88826274872,
        "dvar2": 20.7895431519,
        "max": 25.5184116364,
        "mean": 9.71014690399,
        "median": 8.82167053223,
        "min": 3.08849549294,
        "var": 15.2713661194
    },
    "barkbands_flatness_db": {
        "dmean": 0.020596018061,
        "dmean2": 0.0324786379933,
        "dvar": 0.000496148713864,
        "dvar2": 0.00113413052168,
        "max": 0.310445517302,
        "mean": 0.179588779807,
        "median": 0.17965644598,
        "min": 0.0659086555243,
        "var": 0.00145804905333
    },
    "barkbands_kurtosis": {
        "dmean": 2.5945622921,
        "dmean2": 4.17791128159,
        "dvar": 48.6184883118,
        "dvar2": 122.368560791,
        "max": 131.278564453,
        "mean": 3.13285470009,
        "median": 1.25099992752,
        "min": -1.74440610409,
        "var": 53.108089447
    },
    "barkbands_skewness": {
        "dmean": 0.489236474037,
        "dmean2": 0.736928462982,
        "dvar": 0.449156969786,
        "dvar2": 0.99281257391,
        "max": 10.4203901291,
        "mean": 1.36210846901,
        "median": 1.31575214863,
        "min": -1.48091423512,
        "var": 1.28781163692
    },
    "barkbands_spread": {
        "dmean": 3.98334670067,
        "dmean2": 6.02893924713,
        "dvar": 22.8230285645,
        "dvar2": 49.0917167664,
        "max": 74.2800369263,
        "mean": 17.8015365601,
        "median": 16.2295742035,
        "min": 1.54363119602,
        "var": 82.6528701782
    },
    "dissonance": {
        "dmean": 0.0168595220894,
        "dmean2": 0.0278349071741,
        "dvar": 0.000267321855063,
        "dvar2": 0.00069116440136,
        "max": 0.499999970198,
        "mean": 0.460779756308,
        "median": 0.464130938053,
        "min": 0.316861838102,
        "var": 0.000576980295591
    },
    "dynamic_complexity": 2.87497735023,
    "erbbands_crest": {
        "dmean": 2.16780877113,
        "dmean2": 3.40313053131,
        "dvar": 4.52584457397,
        "dvar2": 11.1853265762,
        "max": 26.074420929,
        "mean": 9.29360675812,
        "median": 8.08579826355,
        "min": 2.63822698593,
        "var": 18.0433883667
    },
    "erbbands_flatness_db": {
        "dmean": 0.0193522106856,
        "dmean2": 0.0272236801684,
        "dvar": 0.000491833488923,
        "dvar2": 0.00102139241062,
        "max": 0.326103210449,
        "mean": 0.200120866299,
        "median": 0.202245295048,
        "min": 0.0723107159138,
        "var": 0.00177004665602
    },
    "erbbands_kurtosis": {
        "dmean": 0.490139454603,
        "dmean2": 0.779381811619,
        "dvar": 0.382515251637,
        "dvar2": 0.887086451054,
        "max": 11.0170249939,
        "mean": -0.116576336324,
        "median": -0.565753221512,
        "min": -1.71441292763,
        "var": 2.09479427338
    },
    "erbbands_skewness": {
        "dmean": 0.305474936962,
        "dmean2": 0.464221388102,
        "dvar": 0.0781946182251,
        "dvar2": 0.177044615149,
        "max": 2.89489388466,
        "mean": 0.047183573246,
        "median": 0.104778908193,
        "min": -2.67013788223,
        "var": 0.439073562622
    },
    "erbbands_spread": {
        "dmean": 5.76012802124,
        "dmean2": 8.7223482132,
        "dvar": 46.823677063,
        "dvar2": 101.016174316,
        "max": 102.929618835,
        "mean": 32.8452682495,
        "median": 32.309627533,
        "min": 5.27831411362,
        "var": 178.116729736
    },
    "hfc": {
        "dmean": 3.98294448853,
        "dmean2": 5.21214199066,
        "dvar": 27.8193664551,
        "dvar2": 48.0143547058,
        "max": 118.712120056,
        "mean": 16.4062042236,
        "median": 11.5481805801,
        "min": 0.471173137426,
        "var": 258.30847168
    },
    "melbands_crest": {
        "dmean": 2.96667528152,
        "dmean2": 4.81840705872,
        "dvar": 9.14527988434,
        "dvar2": 21.3678779602,
        "max": 32.5919189453,
        "mean": 13.7447795868,
        "median": 12.5343933105,
        "min": 3.9968085289,
        "var": 26.5591583252
    },
    "melbands_flatness_db": {
        "dmean": 0.0243978276849,
        "dmean2": 0.036463342607,
        "dvar": 0.00077532621799,
        "dvar2": 0.00167426408734,
        "max": 0.408729076385,
        "mean": 0.229215875268,
        "median": 0.229142591357,
        "min": 0.0639020502567,
        "var": 0.0028484868817
    },
    "melbands_kurtosis": {
        "dmean": 5.8147983551,
        "dmean2": 9.20770549774,
        "dvar": 204.790847778,
        "dvar2": 494.287506104,
        "max": 240.572845459,
        "mean": 9.71917247772,
        "median": 5.74025726318,
        "min": -1.71329545975,
        "var": 241.136993408
    },
    "melbands_skewness": {
        "dmean": 0.619125545025,
        "dmean2": 0.936521947384,
        "dvar": 0.766810536385,
        "dvar2": 1.65062379837,
        "max": 11.8850164413,
        "mean": 2.30834817886,
        "median": 2.19285488129,
        "min": -1.06820881367,
        "var": 2.02997851372
    },
    "melbands_spread": {
        "dmean": 5.25241518021,
        "dmean2": 7.97702169418,
        "dvar": 41.3643951416,
        "dvar2": 96.4434509277,
        "max": 105.238166809,
        "mean": 21.0333080292,
        "median": 18.321390152,
        "min": 1.0341565609,
        "var": 162.105606079
    },
    "pitch_salience": {
        "dmean": 0.0624961033463,
        "dmean2": 0.0973451435566,
        "dvar": 0.0043117585592,
        "dvar2": 0.0106049282476,
        "max": 0.814014911652,
        "mean": 0.537647068501,
        "median": 0.533339202404,
        "min": 0.132435381413,
        "var": 0.0125646479428
    },
    "silence_rate_20dB": {
        "dmean": 0,
        "dmean2": 0,
        "dvar": 0,
        "dvar2": 0,
        "max": 1,
        "mean": 1,
        "median": 1,
        "min": 1,
        "var": 0
    },
    "silence_rate_30dB": {
        "dmean": 0.0294117648154,
        "dmean2": 0.0588690936565,
        "dvar": 0.0285470560193,
        "dvar2": 0.0801897794008,
        "max": 1,
        "mean": 0.980665147305,
        "median": 1,
        "min": 0,
        "var": 0.0189610477537
    },
    "silence_rate_60dB": {
        "dmean": 0.0247678011656,
        "dmean2": 0.0495739728212,
        "dvar": 0.0241548176855,
        "dvar2": 0.0672551542521,
        "max": 1,
        "mean": 0.0262954365462,
        "median": 0,
        "min": 0,
        "var": 0.0256043300033
    },
    "spectral_centroid": {
        "dmean": 177.240280151,
        "dmean2": 265.947296143,
        "dvar": 38023.421875,
        "dvar2": 76473.34375,
        "max": 2834.89208984,
        "mean": 1139.42407227,
        "median": 1068.30236816,
        "min": 301.374786377,
        "var": 233201.328125
    },
    "spectral_complexity": {
        "dmean": 2.63777089119,
        "dmean2": 3.92254066467,
        "dvar": 7.55611753464,
        "dvar2": 13.815861702,
        "max": 35,
        "mean": 17.0293884277,
        "median": 17,
        "min": 1,
        "var": 34.5698280334
    },
    "spectral_decrease": {
        "dmean": 2.6102000561e-09,
        "dmean2": 3.95624377703e-09,
        "dvar": 3.15551371152e-17,
        "dvar2": 7.37194346866e-17,
        "max": -1.19096385531e-10,
        "mean": -6.42604280898e-09,
        "median": -4.71362637811e-09,
        "min": -5.28368175878e-08,
        "var": 4.47260296064e-17
    },
    "spectral_energy": {
        "dmean": 0.0101397959515,
        "dmean2": 0.0152774341404,
        "dvar": 0.000458468595752,
        "dvar2": 0.00106815714389,
        "max": 0.204838126898,
        "mean": 0.0257414858788,
        "median": 0.0188888255507,
        "min": 0.000500551774167,
        "var": 0.000684823608026
    },
    "spectral_energyband_high": {
        "dmean": 0.000127158651594,
        "dmean2": 0.000177780311788,
        "dvar": 7.43006509651e-08,
        "dvar2": 1.34291468612e-07,
        "max": 0.00789187848568,
        "mean": 0.00024562026374,
        "median": 8.08674885775e-05,
        "min": 2.96653092846e-06,
        "var": 2.28078320674e-07
    },
    "spectral_energyband_low": {
        "dmean": 0.00725835235789,
        "dmean2": 0.0116271851584,
        "dvar": 0.000430271902587,
        "dvar2": 0.00104742578696,
        "max": 0.168945416808,
        "mean": 0.0092810317874,
        "median": 0.00347142666578,
        "min": 8.88934937393e-06,
        "var": 0.000390896573663
    },
    "spectral_energyband_middle_high": {
        "dmean": 0.00152376748156,
        "dmean2": 0.00197785231285,
        "dvar": 5.36221159564e-06,
        "dvar2": 8.38900450617e-06,
        "max": 0.0796132907271,
        "mean": 0.00613803090528,
        "median": 0.00311374547891,
        "min": 0.000168122409377,
        "var": 8.58411658555e-05
    },
    "spectral_energyband_middle_low": {
        "dmean": 0.00380700151436,
        "dmean2": 0.00579647161067,
        "dvar": 2.57546580542e-05,
        "dvar2": 6.21366853011e-05,
        "max": 0.0776621550322,
        "mean": 0.0111399283633,
        "median": 0.00876056496054,
        "min": 0.000184642456588,
        "var": 8.04506271379e-05
    },
    "spectral_entropy": {
        "dmean": 0.15887889266,
        "dmean2": 0.219761118293,
        "dvar": 0.0267478860915,
        "dvar2": 0.0545377060771,
        "max": 8.47155666351,
        "mean": 7.13641643524,
        "median": 7.0899643898,
        "min": 6.40244102478,
        "var": 0.109577067196
    },
    "spectral_flux": {
        "dmean": 0.0294640362263,
        "dmean2": 0.0449146777391,
        "dvar": 0.00187212356832,
        "dvar2": 0.00384250003844,
        "max": 0.383775502443,
        "mean": 0.0752904713154,
        "median": 0.0565236732364,
        "min": 0.00667211506516,
        "var": 0.0037166941911
    },
    "spectral_kurtosis": {
        "dmean": 3.23890852928,
        "dmean2": 5.5429110527,
        "dvar": 10.0486736298,
        "dvar2": 29.384267807,
        "max": 29.8406677246,
        "mean": 7.32268619537,
        "median": 6.40393829346,
        "min": -0.692213535309,
        "var": 17.4497890472
    },
    "spectral_rms": {
        "dmean": 0.000844058697112,
        "dmean2": 0.00121515791398,
        "dvar": 1.82889584721e-06,
        "dvar2": 3.86233114114e-06,
        "max": 0.014136550948,
        "mean": 0.00456865411252,
        "median": 0.00429279869422,
        "min": 0.000698815565556,
        "var": 4.24105928687e-06
    },
    "spectral_rolloff": {
        "dmean": 321.914031982,
        "dmean2": 521.383666992,
        "dvar": 309109.09375,
        "dvar2": 669046.125,
        "max": 8699.4140625,
        "mean": 1258.515625,
        "median": 1162.79296875,
        "min": 86.1328125,
        "var": 763559.4375
    },
    "spectral_skewness": {
        "dmean": 0.320507228374,
        "dmean2": 0.531998276711,
        "dvar": 0.0808681547642,
        "dvar2": 0.226151615381,
        "max": 3.69127511978,
        "mean": 1.74054801464,
        "median": 1.70631158352,
        "min": 0.536904931068,
        "var": 0.231339886785
    },
    "spectral_spread": {
        "dmean": 484119.375,
        "dmean2": 733275.5625,
        "dvar": 509505339392,
        "dvar2": 1.13833449882e+12,
        "max": 10214014,
        "mean": 3029119.25,
        "median": 2720142.75,
        "min": 1570632.75,
        "var": 1.0685906944e+12
    },
    "spectral_strongpeak": {
        "dmean": 0.534697234631,
        "dmean2": 0.917431950569,
        "dvar": 0.964820504189,
        "dvar2": 2.42811560631,
        "max": 12.7447395325,
        "mean": 1.14779984951,
        "median": 0.523319780827,
        "min": 0,
        "var": 2.35721421242
    },
    "zerocrossingrate": {
        "dmean": 0.00699580041692,
        "dmean2": 0.00842899736017,
        "dvar": 7.12893524906e-05,
        "dvar2": 8.82349995663e-05,
        "max": 0.2099609375,
        "mean": 0.0444067828357,
        "median": 0.0419921875,
        "min": 0.00244140625,
        "var": 0.000407763436669
    },
    "barkbands": {
        "dmean": [0.000127257997519, 0.00561608932912, 0.00214021699503, 0.00100050366018, 0.00126317027025, 0.00154335645493, 0.000343591702404, 0.000565928756259, 0.000681579578668, 0.000481827941258, 0.000197392815608, 0.00019965833053, 0.000249956763582, 0.000428396102507, 0.000385922758142, 0.000256527418969, 0.000226957345149, 0.000167451027664, 9.15108830668e-05, 9.75563234533e-05, 3.2360356272e-05, 1.30726502903e-05, 1.58184593602e-05, 1.88907524716e-05, 7.95018786448e-06, 2.85625924334e-06, 1.49623902157e-09],
        "dmean2": [0.000180404458661, 0.00955466832966, 0.00372976344079, 0.0016859525349, 0.00204168213531, 0.002562409034, 0.000545318296645, 0.000852969882544, 0.000995344249532, 0.000615820114035, 0.000284428533632, 0.000299997307593, 0.000365427229553, 0.000619405938778, 0.000576972437557, 0.00037864112528, 0.000321272935253, 0.000244791939622, 0.000135930546094, 0.000130632077344, 4.84904558107e-05, 1.92372990568e-05, 2.43098620558e-05, 2.9810511478e-05, 1.25208243844e-05, 4.72620467917e-06, 2.25917351493e-09],
        "dvar": [1.7143069897e-07, 0.000325975066517, 3.80250567105e-05, 3.34678043146e-06, 3.71856981474e-06, 6.49019966659e-06, 5.14103362548e-07, 2.76460286841e-06, 2.70894679488e-06, 2.79272649095e-06, 2.78831180367e-07, 3.53916107088e-07, 2.46813101512e-07, 1.46114371091e-06, 1.02561671156e-06, 3.6773636225e-07, 1.99330401074e-07, 1.08561792445e-07, 2.44549926975e-08, 5.54051666768e-08, 1.88876185803e-08, 8.61838878041e-10, 1.64671498659e-09, 3.31075988846e-09, 4.12280126705e-10, 6.98656341114e-11, 4.51664543135e-16],
        "dvar2": [3.22294965827e-07, 0.000828437507153, 0.00011198354332, 9.44745443121e-06, 9.50834601099e-06, 1.68933747773e-05, 1.16985472687e-06, 5.20041203345e-06, 4.92222261528e-06, 4.22500215791e-06, 4.66564756607e-07, 6.80448977164e-07, 4.60730632312e-07, 3.0452692954e-06, 1.73304158579e-06, 8.50635331062e-07, 3.30202425403e-07, 2.25103676144e-07, 4.69059280306e-08, 8.80723760588e-08, 3.24616671321e-08, 1.93128024684e-09, 4.12961265184e-09, 8.83991635448e-09, 1.0170655429e-09, 1.79189385552e-10, 4.58459388498e-16],
        "max": [0.00818996224552, 0.142417103052, 0.0511528253555, 0.0203302241862, 0.0244613755494, 0.0280670486391, 0.0115566458553, 0.0259823296219, 0.0296884328127, 0.0505933426321, 0.016524432227, 0.0208298433572, 0.00949747022241, 0.0248077251017, 0.0372600406408, 0.0105929635465, 0.0101882470772, 0.00712895765901, 0.00222519063391, 0.00517013389617, 0.00399550283328, 0.00029292027466, 0.000413164438214, 0.000869157724082, 0.000213451567106, 8.28977499623e-05, 7.63571733842e-07],
        "mean": [0.000125622653286, 0.00509449373931, 0.00332506070845, 0.00168494833633, 0.00236459309235, 0.00317630707286, 0.00065853347769, 0.00125450827181, 0.00134986802004, 0.00149386364501, 0.000441955722636, 0.000436637958046, 0.000552332319785, 0.00102188880555, 0.00082176993601, 0.000537733489182, 0.000500141119119, 0.000372010224964, 0.000185082724784, 0.000215584048419, 5.88442417211e-05, 1.71877745743e-05, 1.89657821466e-05, 2.17249234993e-05, 9.31428076001e-06, 2.5379838462e-06, 1.32684074838e-09],
        "median": [3.57314547728e-06, 0.00116972788237, 0.000799715227913, 0.00113768642768, 0.00158532708883, 0.00149286340456, 0.000342387065757, 0.000384666316677, 0.000410061562434, 0.000229904137086, 0.000146007412695, 8.9644046966e-05, 0.000172487707459, 0.000182935415069, 0.000198773195734, 0.00015300285304, 0.000198017034563, 0.000125634061988, 8.61179069034e-05, 6.36164550087e-05, 1.71940937435e-05, 3.74936462322e-06, 3.58401234735e-06, 5.44660179003e-06, 2.40369104176e-06, 4.34457774645e-07, 2.55008014705e-10],
        "min": [4.44390524379e-09, 1.65685241882e-06, 1.38921780035e-06, 5.72437897972e-07, 1.45917456393e-05, 7.99997542344e-06, 5.45415696251e-06, 2.20262973016e-06, 6.47979868518e-06, 4.13345424022e-06, 1.87491059478e-06, 1.64943855907e-06, 2.24969107876e-06, 5.69773601455e-06, 2.13471776078e-06, 4.32975730291e-06, 5.46188130102e-06, 2.01192915483e-06, 3.28875512423e-06, 1.26241434373e-06, 4.86541694045e-07, 1.50597742277e-07, 6.40320791945e-08, 3.70848027842e-08, 8.13890677076e-10, 1.74182820945e-11, 2.27222650417e-11],
        "var": [1.96600680624e-07, 0.000255948805716, 3.13289019687e-05, 3.73585112357e-06, 5.86168471273e-06, 1.51786998686e-05, 1.06659376797e-06, 9.41148482525e-06, 8.42814824864e-06, 3.06090078084e-05, 1.3622724282e-06, 2.29834699894e-06, 1.24565372062e-06, 7.42436259316e-06, 6.49433150102e-06, 1.07327821297e-06, 1.02363617316e-06, 3.91959844137e-07, 7.67700569781e-08, 2.11116343962e-07, 3.3728515092e-08, 1.29040456098e-09, 2.01722527571e-09, 3.24363380599e-09, 4.69838390416e-10, 5.81376301267e-11, 4.51411968498e-16]
    },
    "erbbands": {
        "dmean": [0.150019720197, 1.33459734917, 2.53078746796, 2.78710961342, 3.48286509514, 4.02450561523, 10.0851488113, 13.8753643036, 5.25224781036, 7.64298868179, 11.9645328522, 16.2534542084, 14.4466876984, 9.85816383362, 8.73139953613, 9.01469802856, 11.5774211884, 16.9760036469, 22.8524913788, 14.989824295, 11.9459524155, 9.4017534256, 9.15764331818, 6.49650859833, 3.71148991585, 4.69333219528, 2.55728888512, 0.638382673264, 0.447470664978, 0.470920205116, 0.518910706043, 0.463578075171, 0.231802687049, 0.124175719917, 0.0425411164761, 0.0147896744311, 0.00538671249524, 0.000452318985481, 1.25448459585e-05, 1.15966913654e-05],
        "dmean2": [0.256884336472, 2.24073719978, 4.36050748825, 4.79678440094, 5.83639287949, 6.49581670761, 15.9378194809, 23.6174507141, 8.40201663971, 11.878370285, 17.3191146851, 23.4170684814, 17.5555839539, 11.9836235046, 12.2672786713, 13.2329864502, 17.209821701, 24.4583206177, 31.7434196472, 21.6906242371, 16.6198978424, 12.7647008896, 13.2386016846, 9.15048789978, 5.50266265869, 6.13940429688, 3.66308712959, 0.937198579311, 0.657965004444, 0.694020867348, 0.806937336922, 0.755085229874, 0.365461885929, 0.196412071586, 0.0681770592928, 0.0237280167639, 0.00908958446234, 0.000784393632784, 1.98218058358e-05, 1.72620002559e-05],
        "dvar": [0.240914449096, 17.9503154755, 57.5567207336, 36.185344696, 53.3717422485, 31.1699123383, 336.147888184, 568.455566406, 85.8770523071, 559.051452637, 1305.0723877, 1277.10046387, 2717.00390625, 910.864868164, 523.528808594, 529.649841309, 506.799499512, 2874.83642578, 2914.31005859, 1453.71691895, 539.614379883, 373.916656494, 262.468688965, 152.61769104, 46.7105827332, 141.829376221, 80.1479263306, 1.80556726456, 0.963842272758, 1.21317183971, 2.06557059288, 2.2618803978, 0.440735667944, 0.0991371646523, 0.0129434419796, 0.00187248364091, 0.000269286043476, 2.39706446337e-06, 9.29748222855e-10, 5.51734047338e-10],
        "dvar2": [0.639396965504, 45.8579978943, 164.133514404, 105.028709412, 149.503890991, 81.2129440308, 828.255432129, 1552.41711426, 218.085296631, 1030.98474121, 2443.72705078, 2521.6484375, 4194.66943359, 1403.90661621, 857.293395996, 987.720397949, 1024.92883301, 6843.44482422, 5070.27539062, 3073.76806641, 1138.31481934, 529.151916504, 551.13885498, 280.854003906, 92.2311401367, 224.712524414, 129.639541626, 3.67465639114, 2.15984487534, 2.76892113686, 5.37416887283, 6.11276483536, 1.14097452164, 0.24740152061, 0.0316272862256, 0.00472942553461, 0.000696167699061, 6.50283482173e-06, 2.41408359969e-09, 1.27946520045e-09],
        "max": [4.49459981918, 31.3580703735, 66.6448974609, 62.0717735291, 89.3031768799, 55.621723175, 318.702728271, 275.512359619, 178.757904053, 538.785949707, 713.739196777, 579.559875488, 1652.22241211, 1527.60449219, 782.135681152, 817.294372559, 405.842559814, 1187.18603516, 2376.5480957, 1072.31066895, 369.104370117, 547.955566406, 259.756347656, 310.932098389, 88.0886459351, 275.237304688, 271.44543457, 29.9719867706, 11.1075572968, 12.2880878448, 15.2575702667, 22.9593162537, 9.05499744415, 3.22596693039, 1.18911004066, 0.577129721642, 0.168996840715, 0.0195226613432, 0.000358616147423, 0.00022866508516],
        "mean": [0.12171819061, 1.2475155592, 3.67097592354, 4.7614979744, 6.23414802551, 7.47939157486, 20.2322006226, 25.5857868195, 12.1065692902, 17.6735172272, 26.9757347107, 34.5540466309, 43.5436058044, 29.0606307983, 20.9110393524, 23.1169433594, 27.0057220459, 42.3441352844, 59.5957603455, 32.4133453369, 29.7873973846, 23.062078476, 20.9460067749, 15.4628448486, 7.71501874924, 10.2368535995, 5.17951393127, 1.26068687439, 0.601411283016, 0.588031411171, 0.587957620621, 0.524857521057, 0.277685284615, 0.143267884851, 0.0487919859588, 0.0146549958736, 0.00444456795231, 0.000354415475158, 2.07547782338e-05, 3.04106561089e-05],
        "median": [0.0139940595254, 0.364621073008, 1.20437538624, 3.30968856812, 4.05276346207, 4.99965000153, 10.2715568542, 11.325220108, 6.6998667717, 6.04816389084, 8.69113636017, 12.6173181534, 5.56092453003, 10.0730953217, 7.56739759445, 6.26847410202, 9.53995037079, 9.49456214905, 13.536151886, 10.6593952179, 10.9885025024, 9.43645477295, 8.22484016418, 6.04962444305, 3.99473428726, 2.89764451981, 1.45624315739, 0.382315456867, 0.13031154871, 0.106707677245, 0.108798697591, 0.11609941721, 0.0772171020508, 0.0377873815596, 0.0114000039175, 0.00290216458961, 0.00048558897106, 3.3891221392e-05, 1.25339720398e-05, 2.24181949307e-05],
        "min": [5.73755787627e-05, 0.000547639734577, 0.00379320117645, 0.00464458065107, 0.0320795103908, 0.0508705563843, 0.0378569439054, 0.0787295773625, 0.20031028986, 0.289483994246, 0.184456795454, 0.23866699636, 0.209865048528, 0.269926160574, 0.180461391807, 0.22131729126, 0.212831348181, 0.354846298695, 0.373558819294, 0.157520949841, 0.354248374701, 0.263545781374, 0.161144644022, 0.255276173353, 0.126735016704, 0.052924208343, 0.0298858210444, 0.0160715710372, 0.00637827673927, 0.00362916244194, 0.00139204761945, 0.00128264946397, 0.000553074409254, 5.91652787989e-05, 7.07506751496e-06, 4.04557476941e-06, 2.03611830329e-06, 2.84343400381e-07, 3.72078204691e-07, 6.36378956642e-07],
        "var": [0.179285511374, 13.8945159912, 43.6063690186, 33.2329025269, 57.4024238586, 57.8065681458, 697.068481445, 1177.44189453, 283.45199585, 2173.49121094, 4252.30078125, 3995.23046875, 26853.1015625, 12071.4941406, 3085.1550293, 4106.77392578, 2463.00805664, 15167.1318359, 32630.2421875, 4296.265625, 2397.33618164, 2148.51123047, 988.608825684, 725.371948242, 110.69065094, 529.671569824, 192.518554688, 8.2194442749, 1.60662901402, 1.64335036278, 2.25645875931, 2.09430289268, 0.464493155479, 0.109907582402, 0.0148090254515, 0.00172251521144, 0.000210031445022, 1.638883532e-06, 8.46751446737e-10, 8.87563189611e-10]
    },
    "gfcc": {
        "mean": [-34.144203186, 139.102890015, -142.555603027, 32.3533859253, -47.0196456909, 3.08430790901, -43.0648193359, 7.10923671722, -22.0821304321, -6.2696685791, -5.17005443573, -14.1471004486, -0.869696199894],
        "cov": [[2860.55371094, -859.595275879, 210.012481689, 132.433792114, 8.04203224182, 103.191070557, -25.519990921, 290.44921875, -118.241729736, 258.471374512, -220.647705078, 148.102371216, -73.6000518799], [-859.595275879, 1016.19891357, -110.740348816, -34.9026451111, 251.830566406, -126.493141174, 183.82194519, -196.337173462, 82.2827453613, -145.913955688, 153.932907104, -203.577331543, 88.4459152222], [210.012481689, -110.740348816, 626.950439453, 171.318893433, 11.4291534424, 186.004592896, -38.7279815674, 77.5445709229, -9.11673355103, 33.6903839111, -42.9345741272, 81.4217758179, -104.494621277], [132.433792114, -34.9026451111, 171.318893433, 300.855804443, 17.9993114471, -8.48657131195, -0.139212757349, 37.4527549744, 39.8634338379, -40.2166252136, 1.81876373291, 10.371342659, -5.22370862961], [8.04203224182, 251.830566406, 11.4291534424, 17.9993114471, 309.507568359, 24.2756137848, 85.5737762451, -6.81495857239, -1.88680171967, 13.550611496, 11.0825061798, -40.0133361816, 13.532494545], [103.191070557, -126.493141174, 186.004592896, -8.48657131195, 24.2756137848, 316.673614502, 13.4170560837, -12.4042167664, -8.89868068695, 29.918680191, -36.6293716431, 26.7109584808, -51.6412658691], [-25.519990921, 183.82194519, -38.7279815674, -0.139212757349, 85.5737762451, 13.4170560837, 153.353591919, -12.9537734985, 25.2210540771, -12.2998723984, 6.46827173233, -44.0313682556, 14.8562698364], [290.44921875, -196.337173462, 77.5445709229, 37.4527549744, -6.81495857239, -12.4042167664, -12.9537734985, 188.543151855, 6.82008361816, 38.5499610901, -39.9147644043, 33.1498756409, -7.6945567131], [-118.241729736, 82.2827453613, -9.11673355103, 39.8634338379, -1.88680171967, -8.89868068695, 25.2210540771, 6.82008361816, 95.5987167358, -19.4176025391, 17.8251476288, -11.9577732086, 9.41345214844], [258.471374512, -145.913955688, 33.6903839111, -40.2166252136, 13.550611496, 29.918680191, -12.2998723984, 38.5499610901, -19.4176025391, 118.200050354, -19.8960399628, 25.5486888885, -22.6638031006], [-220.647705078, 153.932907104, -42.9345741272, 1.81876373291, 11.0825061798, -36.6293716431, 6.46827173233, -39.9147644043, 17.8251476288, -19.8960399628, 105.235588074, -16.6976699829, 24.6256275177], [148.102371216, -203.577331543, 81.4217758179, 10.371342659, -40.0133361816, 26.7109584808, -44.0313682556, 33.1498756409, -11.9577732086, 25.5486888885, -16.6976699829, 119.555534363, -19.8695716858], [-73.6000518799, 88.4459152222, -104.494621277, -5.22370862961, 13.532494545, -51.6412658691, 14.8562698364, -7.6945567131, 9.41345214844, -22.6638031006, 24.6256275177, -19.8695716858, 84.5356063843]],
        "icov": [[0.000639292644337, 0.000324397988152, 3.15101824526e-05, -0.000412595778471, -0.000129608612042, 5.51666671527e-05, -0.00041700375732, -0.000312617397867, 0.000534423277713, -0.000921548344195, 0.000591635995079, -4.1184885049e-05, -0.000158680559252], [0.000324397988152, 0.00742032611743, -0.00353052932769, 0.00339343911037, -0.00429189018905, 0.00352146220393, -0.00376905291341, 0.00466130161658, -0.00383018958382, 0.00482431892306, -0.00463612237945, 0.00687549915165, -0.0030241694767], [3.15101824526e-05, -0.00353052932769, 0.0049177906476, -0.00350646441802, 0.00180851551704, -0.00316519686021, 0.00211555394344, -0.00323049514554, 0.0025517619215, -0.0026718871668, 0.00207403092645, -0.00431523099542, 0.00407566595823], [-0.000412595778471, 0.00339343911037, -0.00350646441802, 0.00692591071129, -0.00242085708305, 0.00253322347999, -0.0013336900156, 0.00209207437001, -0.00411266181618, 0.00499499728903, -0.00269806734286, 0.00343007454649, -0.00206687557511], [-0.000129608612042, -0.00429189018905, 0.00180851551704, -0.00242085708305, 0.00659453449771, -0.00226296391338, -4.10708707932e-05, -0.00269139814191, 0.00313270371407, -0.00390345742926, 0.00229275063612, -0.00309194484726, 0.000997694092803], [5.51666671527e-05, 0.00352146220393, -0.00316519686021, 0.00253322347999, -0.00226296391338, 0.00613792892545, -0.00249223108403, 0.0034254367929, -0.00232962542213, 0.00197275285609, -0.00114169798326, 0.00293370825239, -0.000720276322681], [-0.00041700375732, -0.00376905291341, 0.00211555394344, -0.0013336900156, -4.10708707932e-05, -0.00249223108403, 0.010954586789, -0.00218169088475, -0.000516592815984, -0.00149214558769, 0.00251016044058, -0.00124203320593, 0.00110767188016], [-0.000312617397867, 0.00466130161658, -0.00323049514554, 0.00209207437001, -0.00269139814191, 0.0034254367929, -0.00218169088475, 0.0103843379766, -0.00420682411641, 0.0016769466456, -0.000952581467573, 0.00356208859012, -0.00312827969901], [0.000534423277713, -0.00383018958382, 0.0025517619215, -0.00411266181618, 0.00313270371407, -0.00232962542213, -0.000516592815984, -0.00420682411641, 0.0153083298355, -0.00271670497023, 0.00109983223956, -0.00349176675081, 0.00158191402443], [-0.000921548344195, 0.00482431892306, -0.0026718871668, 0.00499499728903, -0.00390345742926, 0.00197275285609, -0.00149214558769, 0.0016769466456, -0.00271670497023, 0.0162086375058, -0.0042687067762, 0.00367534789257, 0.000156353518832], [0.000591635995079, -0.00463612237945, 0.00207403092645, -0.00269806734286, 0.00229275063612, -0.00114169798326, 0.00251016044058, -0.000952581467573, 0.00109983223956, -0.0042687067762, 0.0157278515399, -0.00449801189825, -0.000735372537747], [-4.1184885049e-05, 0.00687549915165, -0.00431523099542, 0.00343007454649, -0.00309194484726, 0.00293370825239, -0.00124203320593, 0.00356208859012, -0.00349176675081, 0.00367534789257, -0.00449801189825, 0.0174095798284, -0.00274540763348], [-0.000158680559252, -0.0030241694767, 0.00407566595823, -0.00206687557511, 0.000997694092803, -0.000720276322681, 0.00110767188016, -0.00312827969901, 0.00158191402443, 0.000156353518832, -0.000735372537747, -0.00274540763348, 0.0181210301816]]
    },
    "melbands": {
        "dmean": [0.00148292281665, 0.00141965283547, 0.000512250699103, 0.000232967664488, 0.00032578248647, 0.000296174752293, 7.62594863772e-05, 9.20139718801e-05, 0.000100351469882, 0.000101218596683, 7.21022297512e-05, 4.35360270785e-05, 2.8530095733e-05, 2.59566895693e-05, 2.78498609987e-05, 2.18612185563e-05, 3.79316297767e-05, 4.37045928265e-05, 1.9882549168e-05, 2.11312417377e-05, 1.52945995069e-05, 1.09396942207e-05, 1.09919319584e-05, 8.17166710476e-06, 5.47086347069e-06, 2.89547983812e-06, 3.11832127409e-06, 3.3374258237e-06, 2.20958600039e-06, 6.18068440872e-07, 3.52935757064e-07, 2.68346980192e-07, 2.46044237429e-07, 2.66094986046e-07, 2.86257147764e-07, 3.52721514219e-07, 2.46136409032e-07, 1.67922351579e-07, 1.37943388268e-07, 1.01599511027e-07],
        "dmean2": [0.00253490917385, 0.00237972778268, 0.000874019053299, 0.000383779843105, 0.000513161940034, 0.000501855567563, 0.000121655546536, 0.000141425276524, 0.000149300569319, 0.000143472512718, 8.75279147294e-05, 5.44091817574e-05, 3.97502481064e-05, 3.63679864677e-05, 4.00830685976e-05, 3.22150590364e-05, 5.4441854445e-05, 6.04630040471e-05, 2.76364171441e-05, 3.22096020682e-05, 2.11415717786e-05, 1.5101027202e-05, 1.58268849191e-05, 1.22206874948e-05, 7.83966152085e-06, 4.51177220384e-06, 4.52071753898e-06, 4.46069634563e-06, 3.23350718645e-06, 9.24751191178e-07, 5.27899885583e-07, 4.03290840723e-07, 3.68786913896e-07, 3.97144390263e-07, 4.45321433062e-07, 5.7575300616e-07, 3.92319407183e-07, 2.67650364094e-07, 2.19113061917e-07, 1.6433072858e-07],
        "dvar": [2.34107137658e-05, 1.81689592864e-05, 1.18882553579e-06, 1.52529509023e-07, 2.99673104109e-07, 2.49626964433e-07, 1.85557382792e-08, 7.74551267568e-08, 8.51907699939e-08, 5.07188211429e-08, 6.92230130994e-08, 2.03850358815e-08, 5.10725062242e-09, 5.6730229403e-09, 3.32801497471e-09, 1.91507854019e-09, 1.52726578051e-08, 1.04750634833e-08, 2.39068498331e-09, 3.65329166918e-09, 8.93736584739e-10, 6.63549382107e-10, 4.82855699868e-10, 2.68659150482e-10, 1.1372147668e-10, 2.59481568177e-11, 5.68036416515e-11, 7.98496130328e-11, 7.19624013157e-11, 2.50587007741e-12, 7.39182369827e-13, 3.81765447163e-13, 3.14184848927e-13, 3.98866134349e-13, 6.09692960181e-13, 1.29000911515e-12, 5.83750550068e-13, 2.55059130283e-13, 1.31773335733e-13, 6.84202450555e-14],
        "dvar2": [6.04766282777e-05, 4.76712084492e-05, 3.45068724528e-06, 4.14703265506e-07, 7.44230135297e-07, 6.7035534812e-07, 4.5528519621e-08, 1.45828039422e-07, 1.63918812746e-07, 9.57132755275e-08, 1.06517958898e-07, 3.12114316614e-08, 7.93619481243e-09, 1.05607345091e-08, 6.46511999491e-09, 3.81431597418e-09, 3.54405464975e-08, 1.87972535315e-08, 4.47205428245e-09, 8.59596571701e-09, 1.67159663889e-09, 9.44930356184e-10, 9.49608836009e-10, 5.84293946559e-10, 2.06315825535e-10, 5.84930645586e-11, 1.04528809219e-10, 1.28962118762e-10, 1.20814955262e-10, 4.36416918229e-12, 1.5682673259e-12, 9.04328695261e-13, 6.93388434777e-13, 9.31638663784e-13, 1.58594578442e-12, 3.4687929612e-12, 1.5701073254e-12, 6.70455010954e-13, 3.35078454783e-13, 1.72599578401e-13],
        "max": [0.0417653732002, 0.0365677140653, 0.0114823980257, 0.00487327249721, 0.00926308706403, 0.00566033646464, 0.00247155805118, 0.00627131713554, 0.00548208551481, 0.00357214198448, 0.00827793963253, 0.00693279970437, 0.00237523484975, 0.00320485862903, 0.0013048867695, 0.0005513196229, 0.00264995661564, 0.00402654893696, 0.00133350794204, 0.00113427313045, 0.000627197732683, 0.000772475264966, 0.000380177632906, 0.000252014840953, 0.000262154819211, 7.63476564316e-05, 0.00018596094742, 0.000230007266509, 0.000246689683991, 4.24496283813e-05, 2.15823365579e-05, 8.14706891106e-06, 6.33534364169e-06, 6.82875679558e-06, 8.66514528752e-06, 1.56701917149e-05, 1.18069474411e-05, 6.50458014206e-06, 4.27024997407e-06, 2.50321704698e-06],
        "mean": [0.00128132768441, 0.00187928287778, 0.000929804402404, 0.000443590310169, 0.000654657953419, 0.000573028635699, 0.00016895243607, 0.000211125574424, 0.0002251756232, 0.000207381031942, 0.000217845386942, 0.000123809892102, 6.48934073979e-05, 5.76888560317e-05, 6.63856917527e-05, 4.30491891166e-05, 8.52021112223e-05, 0.000108512191218, 3.83070182579e-05, 4.30447835242e-05, 3.55676238541e-05, 2.51643450611e-05, 2.21673017222e-05, 1.79409398697e-05, 1.21384882732e-05, 5.42447332919e-06, 6.01702822678e-06, 7.05309093973e-06, 4.23377105108e-06, 1.18060040677e-06, 5.56373890959e-07, 3.40772686513e-07, 2.9737034879e-07, 3.20345350246e-07, 3.1604449191e-07, 3.84365790751e-07, 2.83817144009e-07, 1.98456319822e-07, 1.58188385058e-07, 1.1186131843e-07],
        "median": [0.000242153706495, 0.000640992249828, 0.000729253457393, 0.000315702869557, 0.000375028525013, 0.000264354544925, 8.89263610588e-05, 6.86408093316e-05, 7.11113316356e-05, 6.86066996423e-05, 2.22613689402e-05, 3.66239837604e-05, 2.06367876672e-05, 1.27711537061e-05, 1.96325709112e-05, 1.54155040946e-05, 1.51934391397e-05, 2.18146997213e-05, 1.18971565826e-05, 1.21511093312e-05, 1.22700485008e-05, 9.652281733e-06, 8.20413424663e-06, 6.15556064076e-06, 4.12661847804e-06, 2.87972966362e-06, 2.18465265789e-06, 1.7595831423e-06, 1.09120537672e-06, 3.14670302259e-07, 1.34049088274e-07, 6.45893649676e-08, 5.30721564473e-08, 5.49733769617e-08, 4.69317775753e-08, 8.46102636842e-08, 6.09108283811e-08, 5.30136077259e-08, 4.29241708844e-08, 2.77206009258e-08],
