{
"highlevel": {
    "danceability": {
        "all": {
            "danceable": 5.11512780577e-07,
            "not_danceable": 0.999999463558
        },
        "probability": 0.999999463558,
        "value": "not_danceable"
    },
    "gender": {
        "all": {
            "female": 0.411700099707,
            "male": 0.588299930096
        },
        "probability": 0.588299930096,
        "value": "male"
    },
    "genre_dortmund": {
        "all": {
            "alternative": 0.219964325428,
            "blues": 0.0230475049466,
            "electronic": 0.00647247722372,
            "folkcountry": 0.0277369115502,
            "funksoulrnb": 0.0148355448619,
            "jazz": 0.00781622435898,
            "pop": 0.0874556824565,
            "raphiphop": 0.00381997739896,
            "rock": 0.608851373196
        },
        "probability": 0.608851373196,
        "value": "rock"
    },
    "genre_electronic": {
        "all": {
            "ambient": 0.346667975187,
            "dnb": 0.313704758883,
            "house": 0.0445047356188,
            "techno": 0.0241758320481,
            "trance": 0.270946711302
        },
        "probability": 0.346667975187,
        "value": "ambient"
    },
    "genre_rosamerica": {
        "all": {
            "cla": 0.000275346974377,
            "dan": 0.000487392069772,
            "hip": 0.000542253546882,
            "jaz": 0.000370795431081,
            "pop": 0.0949614197016,
            "rhy": 0.00130541285034,
            "roc": 0.901874899864,
            "spe": 0.000182456831681
        },
        "probability": 0.901874899864,
        "value": "roc"
    },
    "genre_tzanetakis": {
        "all": {
            "blu": 0.0626613423228,
            "cla": 0.0348169617355,
            "cou": 0.104475811124,
            "dis": 0.0784321576357,
            "hip": 0.15692435205,
            "jaz": 0.313974827528,
            "met": 0.0448166541755,
            "pop": 0.0627359300852,
            "reg": 0.0627360641956,
            "roc": 0.0784258767962
        },
        "probability": 0.313974827528,
        "value": "jaz"
    },
    "ismir04_rhythm": {
        "all": {
            "ChaChaCha": 0.074754588306,
            "Jive": 0.402746587992,
            "Quickstep": 0.0244631431997,
            "Rumba-American": 0.00804994348437,
            "Rumba-International": 0.0263007134199,
            "Rumba-Misc": 0.00560405198485,
            "Samba": 0.128793507814,
            "Tango": 0.017040591687,
            "VienneseWaltz": 0.303706645966,
            "Waltz": 0.00854021497071
        },
        "probability": 0.402746587992,
        "value": "Jive"
    },
    "mood_acoustic": {
        "all": {
            "acoustic": 0.0630681812763,
            "not_acoustic": 0.936931788921
        },
        "probability": 0.936931788921,
        "value": "not_acoustic"
    },
    "mood_aggressive": {
        "all": {
            "aggressive": 0.966946065426,
            "not_aggressive": 0.0330539494753
        },
        "probability": 0.966946065426,
        "value": "aggressive"
    },
    "mood_electronic": {
        "all": {
            "electronic": 0.65354257822,
            "not_electronic": 0.34645742178
        },
        "probability": 0.65354257822,
        "value": "electronic"
    },
    "mood_happy": {
        "all": {
            "happy": 0.451504439116,
            "not_happy": 0.548495590687
        },
        "probability": 0.548495590687,
        "value": "not_happy"
    },
    "mood_party": {
        "all": {
            "not_party": 0.309851646423,
            "party": 0.690148353577
        },
        "probability": 0.690148353577,
        "value": "party"
    },
    "mood_relaxed": {
        "all": {
            "not_relaxed": 0.971610605717,
            "relaxed": 0.0283893831074
        },
        "probability": 0.971610605717,
        "value": "not_relaxed"
    },
    "mood_sad": {
        "all": {
            "not_sad": 0.658891260624,
            "sad": 0.341108709574
        },
        "probability": 0.658891260624,
        "value": "not_sad"
    },
    "moods_mirex": {
        "all": {
            "Cluster1": 0.211853280663,
            "Cluster2": 0.133167386055,
            "Cluster3": 0.381668061018,
            "Cluster4": 0.0778982564807,
            "Cluster5": 0.195413023233
        },
        "probability": 0.381668061018,
        "value": "Cluster3"
    },
    "timbre": {
        "all": {
            "bright": 0.642934024334,
            "dark": 0.357065975666
        },
        "probability": 0.642934024334,
        "value": "bright"
    },
    "tonal_atonal": {
        "all": {
            "atonal": 0.0215684063733,
            "tonal": 0.978431582451
        },
        "probability": 0.978431582451,
        "value": "tonal"
    },
    "voice_instrumental": {
        "all": {
            "instrumental": 2.50355660683e-05,
            "voice": 0.999974966049
        },
        "probability": 0.999974966049,
        "value": "voice"
    }
},
"lowlevel": {
    "average_loudness": 0.984814524651,
    "barkbands_crest": {
        "dmean": 2.11906814575,
        "dmean2": 3.50206160545,
        "dvar": 4.83543109894,
        "dvar2": 12.8789348602,
        "max": 21.5775318146,
        "mean": 7.09535264969,
        "median": 6.47180747986,
        "min": 2.4153842926,
        "var": 7.91709280014
    },
    "barkbands_flatness_db": {
        "dmean": 0.0157594680786,
        "dmean2": 0.0245945733041,
        "dvar": 0.000215936437598,
        "dvar2": 0.000492991006467,
        "max": 0.213449418545,
        "mean": 0.112514153123,
        "median": 0.108519516885,
        "min": 0.046818498522,
        "var": 0.000918566656765
    },
    "barkbands_kurtosis": {
        "dmean": 0.861616313457,
        "dmean2": 1.43985784054,
        "dvar": 2.15600538254,
        "dvar2": 5.8420753479,
        "max": 18.6413631439,
        "mean": 0.0318639613688,
        "median": -0.37720489502,
        "min": -1.80676984787,
        "var": 2.69357919693
    },
    "barkbands_skewness": {
        "dmean": 0.372104644775,
        "dmean2": 0.595078110695,
        "dvar": 0.154701307416,
        "dvar2": 0.38451063633,
        "max": 4.0994887352,
        "mean": 0.686946690083,
        "median": 0.625591099262,
        "min": -1.12156951427,
        "var": 0.353168815374
    },
    "barkbands_spread": {
        "dmean": 5.77714776993,
        "dmean2": 8.84651279449,
        "dvar": 46.2902259827,
        "dvar2": 87.0243911743,
        "max": 94.3296508789,
        "mean": 31.7237987518,
        "median": 29.2436332703,
        "min": 7.47284650803,
        "var": 196.053405762
    },
    "dissonance": {
        "dmean": 0.0140585275367,
        "dmean2": 0.0242386981845,
        "dvar": 0.000178433750989,
        "dvar2": 0.000491080863867,
        "max": 0.499931663275,
        "mean": 0.473701506853,
        "median": 0.477303832769,
        "min": 0.375549763441,
        "var": 0.000309762632241
    },
    "dynamic_complexity": 0.896321833134,
    "erbbands_crest": {
        "dmean": 2.57396125793,
        "dmean2": 4.10691928864,
        "dvar": 5.25388431549,
        "dvar2": 12.1896600723,
        "max": 27.2902927399,
        "mean": 8.72547149658,
        "median": 7.93827962875,
        "min": 3.02863359451,
        "var": 14.1439285278
    },
    "erbbands_flatness_db": {
        "dmean": 0.0155528746545,
        "dmean2": 0.0220012664795,
        "dvar": 0.000203988151043,
        "dvar2": 0.000351229944499,
        "max": 0.269679009914,
        "mean": 0.150314420462,
        "median": 0.148582071066,
        "min": 0.0685715377331,
        "var": 0.00112732697744
    },
    "erbbands_kurtosis": {
        "dmean": 0.640485703945,
        "dmean2": 1.01303756237,
        "dvar": 0.44228219986,
        "dvar2": 1.04968345165,
        "max": 8.58952522278,
        "mean": 0.315133720636,
        "median": 0.0828821659088,
        "min": -1.40847611427,
        "var": 1.24699437618
    },
    "erbbands_skewness": {
        "dmean": 0.278724938631,
        "dmean2": 0.436152398586,
        "dvar": 0.055591866374,
        "dvar2": 0.134449586272,
        "max": 1.86227500439,
        "mean": -0.0479434207082,
        "median": -0.0655630975962,
        "min": -1.85275828838,
        "var": 0.270634680986
    },
    "erbbands_spread": {
        "dmean": 6.43422269821,
        "dmean2": 9.65512180328,
        "dvar": 39.2184104919,
        "dvar2": 85.2768249512,
        "max": 96.8078231812,
        "mean": 33.4938774109,
        "median": 31.6077346802,
        "min": 5.90370559692,
        "var": 177.358108521
    },
    "hfc": {
        "dmean": 9.83971118927,
        "dmean2": 14.4733562469,
        "dvar": 233.892456055,
        "dvar2": 448.34954834,
        "max": 210.323013306,
        "mean": 40.5098648071,
        "median": 35.0277900696,
        "min": 5.68670797348,
        "var": 658.45501709
    },
    "melbands_crest": {
        "dmean": 2.61812758446,
        "dmean2": 4.44032239914,
        "dvar": 6.19613647461,
        "dvar2": 15.3386077881,
        "max": 25.6137599945,
        "mean": 10.5484714508,
        "median": 9.93334388733,
        "min": 3.88220214844,
        "var": 12.2625551224
    },
    "melbands_flatness_db": {
        "dmean": 0.0198857206851,
        "dmean2": 0.0309678539634,
        "dvar": 0.000404348276788,
        "dvar2": 0.000968794396613,
        "max": 0.294133841991,
        "mean": 0.149614885449,
        "median": 0.146666109562,
        "min": 0.0364332199097,
        "var": 0.00172397820279
    },
    "melbands_kurtosis": {
        "dmean": 2.68824887276,
        "dmean2": 4.48672199249,
        "dvar": 23.6331005096,
        "dvar2": 65.9038391113,
        "max": 69.6595153809,
        "mean": 3.74673986435,
        "median": 2.20838737488,
        "min": -1.30450940132,
        "var": 28.3053092957
    },
    "melbands_skewness": {
        "dmean": 0.507417142391,
        "dmean2": 0.809137701988,
        "dvar": 0.328644305468,
        "dvar2": 0.850054442883,
        "max": 7.46104383469,
        "mean": 1.66365861893,
        "median": 1.55215644836,
        "min": -0.443127334118,
        "var": 0.841013669968
    },
    "melbands_spread": {
        "dmean": 8.66333961487,
        "dmean2": 13.7876310349,
        "dvar": 111.671043396,
        "dvar2": 257.269378662,
        "max": 165.1847229,
        "mean": 37.1854324341,
        "median": 34.5985527039,
        "min": 5.04923534393,
        "var": 275.380462646
    },
    "pitch_salience": {
        "dmean": 0.058382447809,
        "dmean2": 0.0941912010312,
        "dvar": 0.00267259031534,
        "dvar2": 0.00690250704065,
        "max": 0.788678348064,
        "mean": 0.553938448429,
        "median": 0.557115793228,
        "min": 0.262038230896,
        "var": 0.00622840132564
    },
    "silence_rate_20dB": {
        "dmean": 0,
        "dmean2": 0,
        "dvar": 0,
        "dvar2": 0,
        "max": 1,
        "mean": 1,
        "median": 1,
        "min": 1,
        "var": 0
    },
    "silence_rate_30dB": {
        "dmean": 0,
        "dmean2": 0,
        "dvar": 0,
        "dvar2": 0,
        "max": 1,
        "mean": 1,
        "median": 1,
        "min": 1,
        "var": 0
    },
    "silence_rate_60dB": {
        "dmean": 0,
        "dmean2": 0,
        "dvar": 0,
        "dvar2": 0,
        "max": 0,
        "mean": 0,
        "median": 0,
        "min": 0,
        "var": 0
    },
    "spectral_centroid": {
        "dmean": 241.857772827,
        "dmean2": 381.95123291,
        "dvar": 45888.2460938,
        "dvar2": 103655.265625,
        "max": 3682.57739258,
        "mean": 1762.31726074,
        "median": 1744.87011719,
        "min": 466.3515625,
        "var": 203037.03125
    },
    "spectral_complexity": {
        "dmean": 4.1493806839,
        "dmean2": 6.06971359253,
        "dvar": 13.3624048233,
        "dvar2": 27.0888366699,
        "max": 55,
        "mean": 29.9814376831,
        "median": 30,
        "min": 10,
        "var": 62.9991531372
    },
    "spectral_decrease": {
        "dmean": 1.99436556159e-09,
        "dmean2": 3.22140381037e-09,
        "dvar": 4.84681806355e-18,
        "dvar2": 1.25856407011e-17,
        "max": -2.28344898545e-09,
        "mean": -8.55060733329e-09,
        "median": -8.47473380361e-09,
        "min": -2.09795718575e-08,
        "var": 8.44433614897e-18
    },
    "spectral_energy": {
        "dmean": 0.00789028219879,
        "dmean2": 0.0126613229513,
        "dvar": 7.15916976333e-05,
        "dvar2": 0.000185162891285,
        "max": 0.0816596150398,
        "mean": 0.0359463132918,
        "median": 0.0359754860401,
        "min": 0.0100358230993,
        "var": 0.000131163615151
    },
    "spectral_energyband_high": {
        "dmean": 0.000836572318804,
        "dmean2": 0.00122182816267,
        "dvar": 3.4086301639e-06,
        "dvar2": 6.37580706098e-06,
        "max": 0.0238465815783,
        "mean": 0.00200345064513,
        "median": 0.00117722863797,
        "min": 1.64377688634e-05,
        "var": 8.65915535542e-06
    },
    "spectral_energyband_low": {
        "dmean": 0.00469183828682,
        "dmean2": 0.00767028750852,
        "dvar": 5.8815938246e-05,
        "dvar2": 0.000157246438903,
        "max": 0.0725756660104,
        "mean": 0.0104459403083,
        "median": 0.00866188108921,
        "min": 7.5818883488e-05,
        "var": 8.0395686382e-05
    },
    "spectral_energyband_middle_high": {
        "dmean": 0.00290166004561,
        "dmean2": 0.00442036148161,
        "dvar": 7.86914097262e-06,
        "dvar2": 1.896845788e-05,
        "max": 0.0329967886209,
        "mean": 0.0117043694481,
        "median": 0.0108781140298,
        "min": 0.00155982968863,
        "var": 3.00119900203e-05
    },
    "spectral_energyband_middle_low": {
        "dmean": 0.00501783192158,
        "dmean2": 0.0081786327064,
        "dvar": 3.83999795304e-05,
        "dvar2": 9.96799353743e-05,
        "max": 0.0631347596645,
        "mean": 0.0136000430211,
        "median": 0.0120097817853,
        "min": 0.00111726822797,
        "var": 5.7139324781e-05
    },
    "spectral_entropy": {
        "dmean": 0.11527466774,
        "dmean2": 0.159371778369,
        "dvar": 0.0137072373182,
        "dvar2": 0.0235554762185,
        "max": 8.64555358887,
        "mean": 7.76429891586,
        "median": 7.74294281006,
        "min": 6.94536066055,
        "var": 0.0736433267593
    },
    "spectral_flux": {
        "dmean": 0.0236182361841,
        "dmean2": 0.0365847758949,
        "dvar": 0.000519602675922,
        "dvar2": 0.00114956405014,
        "max": 0.241597577929,
        "mean": 0.102956421673,
        "median": 0.0984967276454,
        "min": 0.0291287079453,
        "var": 0.00114036339801
    },
    "spectral_kurtosis": {
        "dmean": 1.13831615448,
        "dmean2": 1.83885812759,
        "dvar": 1.45071780682,
        "dvar2": 3.92403388023,
        "max": 15.7900981903,
        "mean": 3.69113707542,
        "median": 3.60718727112,
        "min": -0.620020866394,
        "var": 3.40058898926
    },
    "spectral_rms": {
        "dmean": 0.000634634983726,
        "dmean2": 0.0010018091416,
        "dvar": 3.96912497536e-07,
        "dvar2": 9.86552890936e-07,
        "max": 0.00892568845302,
        "mean": 0.00584530131891,
        "median": 0.00592435942963,
        "min": 0.00312906480394,
        "var": 9.02009844594e-07
    },
    "spectral_rolloff": {
        "dmean": 564.564025879,
        "dmean2": 955.334716797,
        "dvar": 1164842.25,
        "dvar2": 2255659.75,
        "max": 11218.7988281,
        "mean": 2240.79760742,
        "median": 1830.32226562,
        "min": 107.666015625,
        "var": 2803308
    },
    "spectral_skewness": {
        "dmean": 0.167315274477,
        "dmean2": 0.262880653143,
        "dvar": 0.0227621849626,
        "dvar2": 0.0532573461533,
        "max": 2.81497335434,
        "mean": 1.36708247662,
        "median": 1.36878669262,
        "min": 0.365882068872,
        "var": 0.0877006053925
    },
    "spectral_spread": {
        "dmean": 520117.6875,
        "dmean2": 713498.3125,
        "dvar": 460878217216,
        "dvar2": 687042265088,
        "max": 11394824,
        "mean": 4554038,
        "median": 4245672,
        "min": 2187641.75,
        "var": 2.4425356329e+12
    },
    "spectral_strongpeak": {
        "dmean": 0.911997497082,
        "dmean2": 1.61129939556,
        "dvar": 1.61129546165,
        "dvar2": 4.11843156815,
        "max": 8.27832794189,
        "mean": 1.28364539146,
        "median": 0.545276343822,
        "min": 0.0648258402944,
        "var": 2.14862680435
    },
    "zerocrossingrate": {
        "dmean": 0.0114428633824,
        "dmean2": 0.013197587803,
        "dvar": 0.000218749788473,
        "dvar2": 0.000220570655074,
        "max": 0.3037109375,
        "mean": 0.0794199109077,
        "median": 0.07080078125,
        "min": 0.0185546875,
        "var": 0.00145223317668
    },
    "barkbands": {
        "dmean": [6.34896641714e-05, 0.00326966866851, 0.00180261721835, 0.00137453747448, 0.00245567806996, 0.000859642925207, 0.000815001898445, 0.00124288257211, 0.00123108632397, 0.000827067473438, 0.000344758009305, 0.000715290254448, 0.00123405945487, 0.000969144050032, 0.000560602056794, 0.000559273525141, 0.000401509983931, 0.000233370155911, 0.000195098255062, 0.000357387500117, 0.000113215552119, 0.000121804492665, 0.000193261133973, 0.000258201529505, 0.000141934899148, 6.18916892563e-05, 7.53983471213e-08],
        "dmean2": [0.000103422760731, 0.00543740950525, 0.00302379555069, 0.00234853895381, 0.00411371747032, 0.00143914448563, 0.00131646590307, 0.00199676584452, 0.0019522649236, 0.00130572146736, 0.000544711132534, 0.00112676934805, 0.00191035494208, 0.00154545530677, 0.00089381961152, 0.000913523661438, 0.000635102449451, 0.000363436061889, 0.000300796906231, 0.000591624586377, 0.000179110953468, 0.000182901712833, 0.000290551543003, 0.000393605936551, 0.000200734633836, 8.86241032276e-05, 1.35048409788e-07],
        "dvar": [1.44095881893e-08, 3.86585743399e-05, 8.29184136819e-06, 3.39026246365e-06, 1.92323150259e-05, 2.86278668682e-06, 3.54741246156e-06, 3.87550153391e-06, 4.35141510025e-06, 2.53455755228e-06, 2.83615690932e-07, 1.71918259184e-06, 2.62159960585e-06, 1.87019179521e-06, 6.76975616898e-07, 6.27077042736e-07, 3.0902481285e-07, 1.17550250422e-07, 8.6053915993e-08, 1.46921252053e-07, 1.59951216716e-08, 9.0703593969e-08, 2.93228225701e-07, 7.13040265055e-07, 1.61651499297e-07, 3.14721120276e-08, 2.67326932075e-13],
        "dvar2": [3.47564075298e-08, 0.000105243285361, 2.2578296921e-05, 9.49123750615e-06, 5.11090911459e-05, 7.79251695349e-06, 8.19513115857e-06, 9.18210935197e-06, 1.06619227154e-05, 5.55840369998e-06, 6.58966143874e-07, 4.2589581426e-06, 6.06398498348e-06, 4.65404446004e-06, 1.63124718711e-06, 1.59978094416e-06, 7.26273015061e-07, 2.76757020856e-07, 2.08772803489e-07, 3.79926319738e-07, 3.79610654022e-08, 1.86257267387e-07, 5.93974050389e-07, 1.57270324053e-06, 2.58604586634e-07, 5.44427045668e-08, 7.47052376557e-13],
        "max": [0.0016627360601, 0.0582475289702, 0.0266436040401, 0.0149645879865, 0.0429351963103, 0.0185788422823, 0.0235347989947, 0.0187133383006, 0.0302843693644, 0.0214876122773, 0.00961682479829, 0.0246648713946, 0.0166583899409, 0.0190693903714, 0.0129639636725, 0.00972539838403, 0.0065460819751, 0.00637381151319, 0.00539799127728, 0.00414426112548, 0.00158088235185, 0.00682202167809, 0.00761754112318, 0.0124251265079, 0.0060077579692, 0.00478704925627, 1.12281441034e-05],
        "mean": [9.93389985524e-05, 0.00534948566929, 0.00348697509617, 0.00220493436791, 0.00404164614156, 0.00136266136542, 0.00125778943766, 0.00201243627816, 0.00215547229163, 0.0015286214184, 0.000582043896429, 0.00144747307058, 0.00241964310408, 0.0016407656949, 0.00110712856986, 0.00101195275784, 0.000764218741097, 0.000508146011271, 0.000457066431409, 0.000885181536432, 0.000277339131571, 0.000227969299885, 0.000348062865669, 0.000410884327721, 0.000260030472418, 9.90234839264e-05, 5.32621768912e-08],
        "median": [3.3641455957e-05, 0.00395526969805, 0.00290397321805, 0.00157017097808, 0.00275115505792, 0.000699883559719, 0.000698063056916, 0.00112340343185, 0.000849488889799, 0.000556611048523, 0.000322049891111, 0.000671575951856, 0.0014688835945, 0.00109932909254, 0.000753171276301, 0.000578263192438, 0.000509525591042, 0.000353967654519, 0.000342234037817, 0.000760218594223, 0.00022903145873, 0.00011922082922, 0.000104036967969, 9.97029419523e-05, 6.66470004944e-05, 2.99914518109e-05, 1.55432333671e-09],
        "min": [1.3126259546e-07, 1.92396073544e-05, 1.35824586778e-06, 2.39875271291e-06, 9.20925049286e-06, 1.09616439659e-05, 5.00435135109e-06, 4.97398559673e-06, 1.05032449937e-05, 7.83125506132e-06, 6.34476418782e-06, 1.31820852403e-05, 4.78765177832e-05, 4.13371744798e-05, 3.61026468454e-05, 1.20150043585e-05, 1.38644800245e-05, 1.84217606147e-05, 8.30355838843e-06, 7.18354840501e-06, 1.94182211999e-06, 1.20182733099e-06, 6.95717801591e-07, 8.52332334489e-07, 2.45694849355e-07, 1.18598784127e-08, 6.79945986667e-12],
        "var": [2.71827449438e-08, 4.07831248594e-05, 1.10298260552e-05, 5.08389939569e-06, 2.05156975426e-05, 3.7100364807e-06, 4.57376563645e-06, 6.49704907119e-06, 9.91033084574e-06, 8.53335041029e-06, 6.450110277e-07, 4.88466139359e-06, 6.34891739537e-06, 3.18550200973e-06, 1.31322713059e-06, 1.37877566431e-06, 6.2674706669e-07, 2.96507977282e-07, 1.81312259429e-07, 3.65678715752e-07, 4.32484732471e-08, 1.65209272041e-07, 6.3598321276e-07, 1.27109967707e-06, 4.79447635371e-07, 5.98629981141e-08, 1.68653475517e-13]
    },
    "erbbands": {
        "dmean": [0.0868392288685, 0.790838360786, 1.73405635357, 3.94669651985, 4.44373035431, 9.41249752045, 11.4144668579, 6.72423696518, 8.98913288116, 18.0960273743, 29.8223648071, 24.3364009857, 28.3972492218, 13.8901700974, 16.1512069702, 27.2568473816, 57.4402923584, 35.7328529358, 34.6638298035, 29.8459510803, 32.6993865967, 24.5759353638, 13.7396564484, 7.84602880478, 12.4440279007, 19.2067070007, 6.83588695526, 3.19080615044, 4.11596059799, 5.2523059845, 5.76757478714, 6.63234519958, 3.2745051384, 1.61193454266, 1.11702632904, 0.41472145915, 0.0888869166374, 0.00615192810073, 0.000131621651235, 1.65537367138e-05],
        "dmean2": [0.14346241951, 1.33361423016, 2.94752621651, 6.66036939621, 7.50325727463, 15.741150856, 19.3388996124, 10.9376497269, 14.6021194458, 28.5909729004, 47.3101348877, 37.8472976685, 43.0240592957, 22.5480480194, 24.8059272766, 42.3278656006, 88.5993499756, 55.9408226013, 56.3982810974, 47.4605903625, 52.7760276794, 38.5766448975, 21.0197906494, 12.1904354095, 19.0867042542, 32.1309165955, 10.8178548813, 5.01362705231, 6.3120675087, 7.99732732773, 8.66790485382, 10.1410398483, 4.99061155319, 2.21692276001, 1.64152407646, 0.601091086864, 0.125042930245, 0.00919070374221, 0.000188392732525, 2.43722370215e-05],
        "dvar": [0.0231798179448, 2.41657805443, 9.54966926575, 30.4517726898, 29.4978599548, 330.992950439, 789.800964355, 169.520721436, 376.404998779, 1518.92541504, 2092.35180664, 1593.95812988, 3137.16552734, 483.007202148, 634.932983398, 2374.45947266, 6023.45947266, 2944.71850586, 2549.64086914, 2425.57543945, 2404.60424805, 1355.4855957, 430.231292725, 98.7011184692, 285.802185059, 457.382446289, 53.5296401978, 22.6260757446, 81.4446258545, 234.446258545, 258.295593262, 517.457763672, 95.5649719238, 17.9444160461, 12.5237197876, 1.63322496414, 0.0515059530735, 0.000182798627065, 9.13198547892e-08, 7.21778969925e-10],
        "dvar2": [0.0619552396238, 6.70449638367, 26.8551750183, 81.8182373047, 78.4978561401, 875.291320801, 2196.00854492, 428.855926514, 1002.52984619, 3621.22119141, 5373.67236328, 3563.36401367, 6709.53076172, 1245.85449219, 1444.1081543, 6028.08789062, 13965.5400391, 6871.10205078, 6511.84130859, 5859.52001953, 6212.51074219, 3214.86376953, 997.875976562, 218.574508667, 685.458435059, 1229.14868164, 127.721969604, 54.1098098755, 183.611480713, 465.509674072, 508.512786865, 1143.81530762, 212.918304443, 29.7506332397, 21.2205295563, 2.67667460442, 0.0930201932788, 0.000374981958885, 1.67565815445e-07, 1.29838895191e-09],
        "max": [1.48846232891, 15.2424726486, 25.806137085, 43.9457397461, 64.0123138428, 178.417999268, 265.625396729, 154.788085938, 301.083587646, 489.460693359, 429.761962891, 554.827087402, 825.136657715, 339.8331604, 431.163757324, 1041.78552246, 865.616882324, 681.088500977, 674.001281738, 797.985351562, 658.430236816, 461.934326172, 383.896606445, 165.625396729, 339.899932861, 220.371688843, 95.6923828125, 71.2334976196, 148.390106201, 307.535430908, 233.610397339, 341.214233398, 136.497787476, 73.9760437012, 65.1472167969, 32.1682891846, 5.83105278015, 0.227259993553, 0.00594041217119, 0.000525046372786],
        "mean": [0.14463326335, 1.24567401409, 3.36674833298, 7.29547929764, 8.17829799652, 13.8287181854, 15.2820978165, 11.3326177597, 14.2708730698, 29.6184806824, 50.1975746155, 43.6170349121, 56.7341156006, 28.9542121887, 32.997959137, 61.9884910583, 119.294975281, 69.4068069458, 69.352684021, 58.3378219604, 62.4247932434, 49.9042129517, 31.3759613037, 20.6549110413, 30.4858131409, 44.9959030151, 18.3350105286, 7.20966959, 7.81150436401, 9.50256061554, 10.201376915, 10.5849895477, 5.10922288895, 2.84467053413, 1.91411066055, 0.672276079655, 0.13975712657, 0.00912273675203, 0.000232044432778, 6.09792696196e-05],
        "median": [0.0955683365464, 0.895989537239, 2.67953014374, 5.47473144531, 6.50329446793, 8.19120693207, 7.45187091827, 5.46024513245, 8.63841438293, 16.1448745728, 27.99127388, 21.0652580261, 20.4493980408, 15.081867218, 18.5679836273, 35.6208457947, 76.5179748535, 48.7232093811, 51.6974983215, 38.6603317261, 36.0532417297, 33.3686332703, 21.4222412109, 16.429977417, 25.3745822906, 37.9405136108, 15.6579313278, 5.06282424927, 4.25807952881, 3.99939012527, 3.02832913399, 2.35238981247, 1.4763327837, 0.84925365448, 0.381383270025, 0.176094651222, 0.0419703349471, 0.00246014632285, 8.71131342137e-05, 5.17257503816e-05],
        "min": [0.0011052028276, 0.00369743513875, 0.00653806142509, 0.0209242943674, 0.0502962432802, 0.0648050680757, 0.144334569573, 0.180806487799, 0.157316625118, 0.356860131025, 0.53110063076, 0.253974974155, 0.461462795734, 0.510827898979, 0.773698866367, 1.64612138271, 3.24690675735, 3.94311642647, 3.10957479477, 2.79002475739, 0.732912957668, 0.947794914246, 1.03221070766, 0.372676253319, 0.638020992279, 0.423939555883, 0.138559997082, 0.0769230872393, 0.0386654250324, 0.0243003796786, 0.0182586777955, 0.0214076582342, 0.0107708694413, 0.00236297817901, 0.00112419109792, 0.000377474061679, 2.26702086366e-05, 2.90653179036e-06, 5.92495189267e-06, 1.29177487906e-05],
        "var": [0.0288887340575, 2.35010671616, 11.1118526459, 50.347328186, 48.7480163574, 336.030090332, 655.579833984, 277.965606689, 393.518707275, 2005.04943848, 3692.23583984, 3686.00927734, 11112.8066406, 1551.85571289, 1971.04077148, 6440.72265625, 14501.0253906, 5427.90234375, 4404.83300781, 3922.18408203, 5596.7734375, 2722.62963867, 1115.85424805, 288.270812988, 568.679016113, 1012.58587646, 169.750701904, 48.2329826355, 148.001358032, 444.592987061, 561.5859375, 892.716186523, 167.303817749, 54.8030204773, 30.1305732727, 3.39194965363, 0.0939395874739, 0.000304067856632, 1.72713896518e-07, 1.70712810554e-09]
    },
    "gfcc": {
        "mean": [59.1398391724, 83.6492385864, -131.225631714, 36.8670921326, -51.8050498962, 24.1772518158, -39.375377655, 12.9569168091, -27.4810791016, 9.75259017944, -16.133649826, -7.43803548813, -13.9396028519],
        "cov": [[1030.40319824, -739.482910156, 299.249694824, 80.8280944824, -145.953720093, 77.8704605103, -229.541992188, 84.5376815796, -64.7397689819, -14.7703533173, -128.232788086, 145.574035645, -79.8811950684], [-739.482910156, 1082.8885498, -357.295837402, -7.62475299835, 175.160186768, -183.022827148, 264.823059082, -112.489151001, 59.8976097107, -64.6374969482, 86.9665603638, -190.292877197, 75.4033050537], [299.249694824, -357.295837402, 415.555969238, 66.9457626343, 2.09390258789, 115.496604919, -129.019561768, 38.420249939, -34.3995819092, 28.4838275909, -56.2530670166, 65.3202590942, -71.7919311523], [80.8280944824, -7.62475299835, 66.9457626343, 230.140670776, 58.4665603638, 3.68783855438, -51.3838043213, -10.3941583633, 41.013584137, -7.08035993576, 7.17115974426, -16.627828598, 13.8462743759], [-145.953720093, 175.160186768, 2.09390258789, 58.4665603638, 196.247497559, -20.3849220276, 49.0226135254, -1.23567950726, 0.530394256115, 27.7125854492, -2.86485171318, -38.5733451843, -3.20365571976], [77.8704605103, -183.022827148, 115.496604919, 3.68783855438, -20.3849220276, 183.998519897, 17.8203029633, 26.2200775146, -5.97344064713, -13.4852333069, -2.27525258064, 12.3306903839, -30.0145339966], [-229.541992188, 264.823059082, -129.019561768, -51.3838043213, 49.0226135254, 17.8203029633, 200.793869019, 16.2552757263, 19.8778362274, -19.8284912109, 14.1902675629, -45.7835388184, 6.27009868622], [84.5376815796, -112.489151001, 38.420249939, -10.3941583633, -1.23567950726, 26.2200775146, 16.2552757263, 96.7842330933, 19.9474887848, 17.8484344482, -17.7642116547, 12.1153421402, -6.47581481934], [-64.7397689819, 59.8976097107, -34.3995819092, 41.013584137, 0.530394256115, -5.97344064713, 19.8778362274, 19.9474887848, 90.1080932617, 19.0274600983, 16.0092220306, -21.5766410828, 15.1093435287], [-14.7703533173, -64.6374969482, 28.4838275909, -7.08035993576, 27.7125854492, -13.4852333069, -19.8284912109, 17.8484344482, 19.0274600983, 93.4570236206, 27.2504749298, 15.2339544296, -11.5441665649], [-128.232788086, 86.9665603638, -56.2530670166, 7.17115974426, -2.86485171318, -2.27525258064, 14.1902675629, -17.7642116547, 16.0092220306, 27.2504749298, 98.4728775024, 1.27037215233, 13.4090843201], [145.574035645, -190.292877197, 65.3202590942, -16.627828598, -38.5733451843, 12.3306903839, -45.7835388184, 12.1153421402, -21.5766410828, 15.2339544296, 1.27037215233, 97.7713775635, 4.73772239685], [-79.8811950684, 75.4033050537, -71.7919311523, 13.8462743759, -3.20365571976, -30.0145339966, 6.27009868622, -6.47581481934, 15.1093435287, -11.5441665649, 13.4090843201, 4.73772239685, 80.7320251465]],
        "icov": [[0.00311819766648, 0.000412207940826, 0.00061937776627, -0.00215347181074, 0.00164892268367, -0.000166571713635, 0.00160350371152, -0.00223509548232, 0.00159316975623, 0.000290651078103, 0.00294059305452, -0.00278573692776, 0.00273860548623], [0.000412207940826, 0.00677581178024, -0.002214809414, 0.00190926517826, -0.00351893017069, 0.00673572858796, -0.00656156241894, 0.00527659198269, -0.00327633530833, 0.00603109458461, -0.00573198869824, 0.00696652662009, -0.00290147447959], [0.00061937776627, -0.002214809414, 0.00716361775994, -0.00281394971535, 0.000724735436961, -0.00578579772264, 0.00570471398532, -0.00349809718318, 0.00267301476561, -0.00359659665264, 0.00543221877888, -0.00554426247254, 0.00509703252465], [-0.00215347181074, 0.00190926517826, -0.00281394971535, 0.00972843822092, -0.00572981126606, 0.00228150119074, -0.00047459299094, 0.00407860381529, -0.00712620932609, 0.00557227432728, -0.00598298246041, 0.00502471718937, -0.00427064998075], [0.00164892268367, -0.00351893017069, 0.000724735436961, -0.00572981126606, 0.0114583726972, -0.00252988142893, 0.000685437116772, -0.00384576339275, 0.00641343090683, -0.00818507466465, 0.0064978892915, -0.00263564218767, 0.00240252166986], [-0.000166571713635, 0.00673572858796, -0.00578579772264, 0.00228150119074, -0.00252988142893, 0.0152764925733, -0.00967745389789, 0.00446898955852, -0.00362703436986, 0.00830664299428, -0.00863106362522, 0.00773756206036, -0.00245706131682], [0.00160350371152, -0.00656156241894, 0.00570471398532, -0.00047459299094, 0.000685437116772, -0.00967745389789, 0.0175887942314, -0.00904742442071, 0.00191604276188, -0.00249011372216, 0.00648425798863, -0.00775981647894, 0.00587072130293], [-0.00223509548232, 0.00527659198269, -0.00349809718318, 0.00407860381529, -0.00384576339275, 0.00446898955852, -0.00904742442071, 0.0200408156961, -0.00781458429992, 0.00168424099684, -0.00352182448842, 0.00613844674081, -0.00520291225985], [0.00159316975623, -0.00327633530833, 0.00267301476561, -0.00712620932609, 0.00641343090683, -0.00362703436986, 0.00191604276188, -0.00781458429992, 0.0205056462437, -0.00917451363057, 0.00457913521677, -0.00102306436747, 0.000515932566486], [0.000290651078103, 0.00603109458461, -0.00359659665264, 0.00557227432728, -0.00818507466465, 0.00830664299428, -0.00249011372216, 0.00168424099684, -0.00917451363057, 0.0241322051734, -0.0120996525511, 0.00334919150919, 0.000573427649215], [0.00294059305452, -0.00573198869824, 0.00543221877888, -0.00598298246041, 0.0064978892915, -0.00863106362522, 0.00648425798863, -0.00352182448842, 0.00457913521677, -0.0120996525511, 0.0231231190264, -0.0106830000877, 0.00458209216595], [-0.00278573692776, 0.00696652662009, -0.00554426247254, 0.00502471718937, -0.00263564218767, 0.00773756206036, -0.00775981647894, 0.00613844674081, -0.00102306436747, 0.00334919150919, -0.0106830000877, 0.0259719956666, -0.0102674197406], [0.00273860548623, -0.00290147447959, 0.00509703252465, -0.00427064998075, 0.00240252166986, -0.00245706131682, 0.00587072130293, -0.00520291225985, 0.000515932566486, 0.000573427649215, 0.00458209216595, -0.0102674197406, 0.0212068911642]]
    },
    "melbands": {
        "dmean": [0.000855814025272, 0.000901867519133, 0.000635098083876, 0.000457211455796, 0.000437785405666, 0.000150363164721, 0.000144589619595, 0.000216009982978, 0.000253107456956, 0.00015124330821, 0.000145662183058, 6.43124149065e-05, 5.13120903634e-05, 6.35686083115e-05, 0.000136107846629, 0.000100426164863, 7.60851326049e-05, 7.05020647729e-05, 4.42248892796e-05, 3.45131011272e-05, 3.85685125366e-05, 2.89833405986e-05, 1.78186164703e-05, 1.04435193862e-05, 6.67549102218e-06, 8.79045455804e-06, 1.37513743539e-05, 1.34630936373e-05, 5.50818685952e-06, 2.34889375861e-06, 1.98128213924e-06, 2.32882644013e-06, 2.94856135952e-06, 3.2850223306e-06, 3.46984006683e-06, 3.53277641807e-06, 4.61364516013e-06, 2.65880157713e-06, 1.49429070007e-06, 1.43553950238e-06],
        "dmean2": [0.00141490565147, 0.00152193545364, 0.00106982758734, 0.000766703044064, 0.000736608577427, 0.000246261566645, 0.000233991508139, 0.000340748258168, 0.000402708828915, 0.000235944069573, 0.000222140690312, 0.000104494487459, 7.8754441347e-05, 9.85220831353e-05, 0.000211777427467, 0.000153622357175, 0.000119553922559, 0.000115166018077, 7.12796390872e-05, 5.59997570235e-05, 6.25448519713e-05, 4.56917005067e-05, 2.75469083135e-05, 1.66300833371e-05, 1.04931104943e-05, 1.36203916554e-05, 2.23038678087e-05, 2.27155614994e-05, 8.73272165336e-06, 3.69830763702e-06, 3.20500498674e-06, 3.67864345208e-06, 4.46995318271e-06, 5.14906514582e-06, 5.21999163539e-06, 5.2933646657e-06, 7.20142043065e-06, 4.21158256358e-06, 2.28852422879e-06, 1.94001268028e-06],
        "dvar": [2.47756838689e-06, 2.87024704448e-06, 6.68054497055e-07, 4.29493240972e-07, 1.12380985229e-06, 8.14475029642e-08, 1.01792629437e-07, 1.70104527797e-07, 1.60090280588e-07, 6.67075994443e-08, 8.08998379398e-08, 1.16628733338e-08, 6.11432948716e-09, 1.3569011692e-08, 4.08479507996e-08, 1.75264034397e-08, 1.35974325133e-08, 1.21225154359e-08, 4.88021667522e-09, 2.83466072837e-09, 3.47284645486e-09, 2.18470619373e-09, 6.61375398892e-10, 1.69262492911e-10, 7.84244821861e-11, 2.06170996941e-10, 2.43332270999e-10, 2.26132515491e-10, 4.00998262373e-11, 7.71788449122e-12, 1.05727241198e-11, 2.25577681534e-11, 6.75243264081e-11, 9.78265801699e-11, 9.21686338362e-11, 1.02958107318e-10, 2.97764451984e-10, 6.94987470351e-11, 1.33001656563e-11, 1.64324942542e-11],
        "dvar2": [6.66882533551e-06, 8.04120008979e-06, 1.77124547918e-06, 1.10920962015e-06, 3.07601521854e-06, 2.10126316347e-07, 2.57787434066e-07, 4.04025826128e-07, 4.31121748079e-07, 1.46822472402e-07, 1.74798501007e-07, 2.99307956197e-08, 1.38983669018e-08, 3.32709184647e-08, 1.052547276e-07, 4.02156921098e-08, 3.13767571924e-08, 3.15949009178e-08, 1.21660193031e-08, 7.03486557896e-09, 9.05579611299e-09, 5.18445775199e-09, 1.49058043686e-09, 4.3113035364e-10, 1.71161210205e-10, 5.25252064065e-10, 6.24009566241e-10, 6.20080542468e-10, 9.56050377754e-11, 1.86701036575e-11, 2.61523372402e-11, 5.52446803581e-11, 1.3124881737e-10, 2.19146409353e-10, 1.86062110163e-10, 2.17257392632e-10, 6.78196776516e-10, 1.54556700771e-10, 2.99264987791e-11, 2.49402599267e-11],
        "max": [0.0149470465258, 0.0159939397126, 0.00736889522523, 0.00562855927274, 0.0103075215593, 0.0030444751028, 0.00396762089804, 0.00526327313855, 0.00483814673498, 0.00398500682786, 0.00410149805248, 0.00185771717224, 0.00157964648679, 0.00248794886284, 0.00300370226614, 0.00166175642516, 0.0014915894717, 0.00162390014157, 0.00138614862226, 0.000839371175971, 0.000784576521255, 0.000591304094996, 0.000451179832453, 0.000164672761457, 0.000139281168231, 0.000268995121587, 0.000170676692505, 0.000161655581906, 9.94946603896e-05, 4.48837636213e-05, 4.79909576825e-05, 6.68332577334e-05, 0.000215134466998, 0.000164933357155, 0.000152080421685, 0.000135600479553, 0.000287208502414, 0.000104750281025, 4.93150182592e-05, 8.13270598883e-05],
        "mean": [0.00141965039074, 0.00179121003021, 0.0012307795696, 0.000796825217549, 0.000587383226957, 0.000251860474236, 0.000229973025853, 0.000358367658919, 0.000424518861109, 0.000268535950454, 0.000286713824607, 0.000124261307064, 9.60599791142e-05, 0.000128910702188, 0.000282952620182, 0.000191383252968, 0.000130320637254, 0.000124740967294, 8.35984901641e-05, 6.4001622377e-05, 6.82192039676e-05, 5.27757765667e-05, 3.51432208845e-05, 2.20158708544e-05, 1.54479857883e-05, 1.92610114027e-05, 2.94291603495e-05, 2.91717460641e-05, 1.28615920403e-05, 5.47821946384e-06, 3.65346454601e-06, 4.12416011386e-06, 4.95069343742e-06, 5.47906847714e-06, 5.81723361393e-06, 5.83549035582e-06, 6.97820405549e-06, 3.95139932152e-06, 2.29400643548e-06, 2.41981092586e-06],
        "median": [0.00102858734317, 0.00151246669702, 0.00102710479405, 0.000561616849154, 0.000296411599265, 0.000120995988254, 0.000140468298923, 0.000201395974727, 0.000227355281822, 0.000118774085422, 9.86996019492e-05, 5.92964388488e-05, 5.58104948141e-05, 5.95484416408e-05, 0.000172816449776, 0.000122976154671, 8.56911283336e-05, 8.4704355686e-05, 5.33863458259e-05, 4.39261893916e-05, 3.58997494914e-05, 3.1356488762e-05, 2.1918604034e-05, 1.64357479662e-05, 1.13700780275e-05, 1.43011575346e-05, 2.44071325142e-05, 2.38435277424e-05, 1.01850346255e-05, 4.5028700697e-06, 2.13843281927e-06, 2.15929276237e-06, 2.40454573941e-06, 1.93815617422e-06, 1.71544775185e-06, 1.49010259065e-06, 1.39238284191e-06, 1.00673355519e-06, 8.24141466182e-07, 6.19836953319e-07],
        "min": [6.47424803901e-06, 8.64334197104e-06, 4.64583081339e-06, 2.32596335081e-06, 4.43129829364e-06, 1.78047787358e-06, 2.0880838747e-06, 3.38041581927e-06, 2.14682859223e-06, 1.57107137966e-06, 1.54209931225e-06, 1.11417375592e-06, 1.28063641114e-06, 2.46624813371e-06, 4.04786578656e-06, 6.55999974697e-06, 4.86530461785e-06, 2.99615476251e-06, 2.85048326987e-06, 1.4279152083e-06, 5.15859539973e-07, 9.54712731982e-07, 9.3508538157e-07, 6.52360142794e-07, 2.41907457621e-07, 3.71573776192e-07, 2.75279148809e-07, 2.8179971423e-07, 7.60464118343e-08, 5.01128383235e-08, 2.43686102408e-08, 1.13933493751e-08, 2.15413571425e-08, 1.06444639769e-08, 8.26016055555e-09, 1.55664618973e-08, 1.1683284562e-08, 7.97105670358e-09, 5.17657583465e-10, 5.23608545411e-10],
