{
"highlevel": {
    "danceability": {
        "all": {
            "danceable": 0.350829333067,
            "not_danceable": 0.649170696735
        },
        "probability": 0.649170696735,
        "value": "not_danceable"
    },
    "gender": {
        "all": {
            "female": 0.607551038265,
            "male": 0.392448961735
        },
        "probability": 0.607551038265,
        "value": "female"
    },
    "genre_dortmund": {
        "all": {
            "alternative": 0.0645671933889,
            "blues": 0.0834798961878,
            "electronic": 0.145620375872,
            "folkcountry": 0.105339445174,
            "funksoulrnb": 0.0840599834919,
            "jazz": 0.251755565405,
            "pop": 0.0989433452487,
            "raphiphop": 0.0605390332639,
            "rock": 0.105695143342
        },
        "probability": 0.251755565405,
        "value": "jazz"
    },
    "genre_electronic": {
        "all": {
            "ambient": 0.375077605247,
            "dnb": 0.496241986752,
            "house": 0.0819022059441,
            "techno": 0.00852315686643,
            "trance": 0.0382550396025
        },
        "probability": 0.496241986752,
        "value": "dnb"
    },
    "genre_rosamerica": {
        "all": {
            "cla": 0.0428065732121,
            "dan": 0.0674335211515,
            "hip": 0.157789155841,
            "jaz": 0.150466963649,
            "pop": 0.368634551764,
            "rhy": 0.157118216157,
            "roc": 0.0449416749179,
            "spe": 0.010809362866
        },
        "probability": 0.368634551764,
        "value": "pop"
    },
    "genre_tzanetakis": {
        "all": {
            "blu": 0.0626613423228,
            "cla": 0.0348169617355,
            "cou": 0.104475811124,
            "dis": 0.0784321576357,
            "hip": 0.15692435205,
            "jaz": 0.313974827528,
            "met": 0.0448166541755,
            "pop": 0.0627359300852,
            "reg": 0.0627360641956,
            "roc": 0.0784258767962
        },
        "probability": 0.313974827528,
        "value": "jaz"
    },
    "ismir04_rhythm": {
        "all": {
            "ChaChaCha": 0.0270390920341,
            "Jive": 0.455378502607,
            "Quickstep": 0.252369970083,
            "Rumba-American": 0.0125708244741,
            "Rumba-International": 0.025015451014,
            "Rumba-Misc": 0.0020384658128,
            "Samba": 0.179714769125,
            "Tango": 0.0078780958429,
            "VienneseWaltz": 0.0305207055062,
            "Waltz": 0.00747410487384
        },
        "probability": 0.455378502607,
        "value": "Jive"
    },
    "mood_acoustic": {
        "all": {
            "acoustic": 0.170349881053,
            "not_acoustic": 0.829650104046
        },
        "probability": 0.829650104046,
        "value": "not_acoustic"
    },
    "mood_aggressive": {
        "all": {
            "aggressive": 0.0514685101807,
            "not_aggressive": 0.948531508446
        },
        "probability": 0.948531508446,
        "value": "not_aggressive"
    },
    "mood_electronic": {
        "all": {
            "electronic": 0.728157162666,
            "not_electronic": 0.271842807531
        },
        "probability": 0.728157162666,
        "value": "electronic"
    },
    "mood_happy": {
        "all": {
            "happy": 0.894690752029,
            "not_happy": 0.105309255421
        },
        "probability": 0.894690752029,
        "value": "happy"
    },
    "mood_party": {
        "all": {
            "not_party": 0.656640410423,
            "party": 0.343359589577
        },
        "probability": 0.656640410423,
        "value": "not_party"
    },
    "mood_relaxed": {
        "all": {
            "not_relaxed": 0.543306052685,
            "relaxed": 0.456693947315
        },
        "probability": 0.543306052685,
        "value": "not_relaxed"
    },
    "mood_sad": {
        "all": {
            "not_sad": 0.72306227684,
            "sad": 0.276937752962
        },
        "probability": 0.72306227684,
        "value": "not_sad"
    },
    "moods_mirex": {
        "all": {
            "Cluster1": 0.271079838276,
            "Cluster2": 0.23093739152,
            "Cluster3": 0.147778838873,
            "Cluster4": 0.18209938705,
            "Cluster5": 0.168104544282
        },
        "probability": 0.271079838276,
        "value": "Cluster1"
    },
    "timbre": {
        "all": {
            "bright": 0.999996721745,
            "dark": 3.28642818204e-06
        },
        "probability": 0.999996721745,
        "value": "bright"
    },
    "tonal_atonal": {
        "all": {
            "atonal": 0.00388341257349,
            "tonal": 0.996116578579
        },
        "probability": 0.996116578579,
        "value": "tonal"
    },
    "voice_instrumental": {
        "all": {
            "instrumental": 0.428258419037,
            "voice": 0.571741580963
        },
        "probability": 0.571741580963,
        "value": "voice"
    }
},
"lowlevel": {
    "average_loudness": 0.948495864868,
    "barkbands_crest": {
        "dmean": 1.98281776905,
        "dmean2": 3.1935710907,
        "dvar": 4.42800378799,
        "dvar2": 9.88861560822,
        "max": 21.5047130585,
        "mean": 7.93170118332,
        "median": 7.10179758072,
        "min": 2.35486531258,
        "var": 11.7593135834
    },
    "barkbands_flatness_db": {
        "dmean": 0.0233686361462,
        "dmean2": 0.0347768180072,
        "dvar": 0.00053430639673,
        "dvar2": 0.00108417333104,
        "max": 0.331244319677,
        "mean": 0.128145441413,
        "median": 0.122860990465,
        "min": 0.047647729516,
        "var": 0.0017036703648
    },
    "barkbands_kurtosis": {
        "dmean": 1.6376760006,
        "dmean2": 2.51380491257,
        "dvar": 14.5103321075,
        "dvar2": 31.5360069275,
        "max": 55.8178024292,
        "mean": 0.999856710434,
        "median": -0.455078125,
        "min": -1.74404406548,
        "var": 25.4872684479
    },
    "barkbands_skewness": {
        "dmean": 0.510952293873,
        "dmean2": 0.752034604549,
        "dvar": 0.409983336926,
        "dvar2": 0.892703056335,
        "max": 6.77376508713,
        "mean": 0.47523483634,
        "median": 0.139391481876,
        "min": -1.54127180576,
        "var": 1.39606189728
    },
    "barkbands_spread": {
        "dmean": 9.6617269516,
        "dmean2": 14.917637825,
        "dvar": 135.281265259,
        "dvar2": 324.93862915,
        "max": 96.706413269,
        "mean": 32.8732795715,
        "median": 30.8997993469,
        "min": 2.28192520142,
        "var": 230.246429443
    },
    "dissonance": {
        "dmean": 0.0154474824667,
        "dmean2": 0.0258732568473,
        "dvar": 0.000189870348549,
        "dvar2": 0.000497355940752,
        "max": 0.499810010195,
        "mean": 0.474648445845,
        "median": 0.478685110807,
        "min": 0.358927309513,
        "var": 0.000329298374709
    },
    "dynamic_complexity": 1.87765479088,
    "erbbands_crest": {
        "dmean": 2.22989273071,
        "dmean2": 3.57323646545,
        "dvar": 5.26809406281,
        "dvar2": 13.4375,
        "max": 24.6711139679,
        "mean": 8.49915409088,
        "median": 7.7215628624,
        "min": 2.93084001541,
        "var": 11.7531757355
    },
    "erbbands_flatness_db": {
        "dmean": 0.0222647376359,
        "dmean2": 0.0327173024416,
        "dvar": 0.000530661549419,
        "dvar2": 0.00118242518511,
        "max": 0.281958550215,
        "mean": 0.161708414555,
        "median": 0.16241119802,
        "min": 0.0696203559637,
        "var": 0.00120205746498
    },
    "erbbands_kurtosis": {
        "dmean": 0.606526553631,
        "dmean2": 0.97750467062,
        "dvar": 0.61350184679,
        "dvar2": 1.6442078352,
        "max": 11.7206039429,
        "mean": 0.142690464854,
        "median": -0.0218977928162,
        "min": -1.63109266758,
        "var": 0.985653281212
    },
    "erbbands_skewness": {
        "dmean": 0.299591362476,
        "dmean2": 0.471557855606,
        "dvar": 0.0869618803263,
        "dvar2": 0.200856208801,
        "max": 2.05494856834,
        "mean": -0.169119819999,
        "median": -0.204332396388,
        "min": -1.35077035427,
        "var": 0.249143376946
    },
    "erbbands_spread": {
        "dmean": 8.96306324005,
        "dmean2": 13.7199220657,
        "dvar": 121.71231842,
        "dvar2": 291.042816162,
        "max": 134.382522583,
        "mean": 35.3245315552,
        "median": 30.6175422668,
        "min": 4.66471338272,
        "var": 259.117736816
    },
    "hfc": {
        "dmean": 15.0326042175,
        "dmean2": 23.3624267578,
        "dvar": 368.228942871,
        "dvar2": 926.742858887,
        "max": 150.273849487,
        "mean": 34.8952789307,
        "median": 30.8980693817,
        "min": 0.471601694822,
        "var": 728.438110352
    },
    "melbands_crest": {
        "dmean": 2.8120367527,
        "dmean2": 4.421479702,
        "dvar": 8.68352413177,
        "dvar2": 19.9437084198,
        "max": 30.593788147,
        "mean": 12.57305336,
        "median": 11.3573741913,
        "min": 3.61179327965,
        "var": 30.6817817688
    },
    "melbands_flatness_db": {
        "dmean": 0.0302445404232,
        "dmean2": 0.0453227125108,
        "dvar": 0.00112926133443,
        "dvar2": 0.00230620312504,
        "max": 0.415458291769,
        "mean": 0.139192610979,
        "median": 0.128022506833,
        "min": 0.0154107334092,
        "var": 0.00392187573016
    },
    "melbands_kurtosis": {
        "dmean": 4.49059152603,
        "dmean2": 6.92105484009,
        "dvar": 99.9444046021,
        "dvar2": 227.105148315,
        "max": 130.809753418,
        "mean": 6.00509595871,
        "median": 0.695094108582,
        "min": -1.48495709896,
        "var": 197.949584961
    },
    "melbands_skewness": {
        "dmean": 0.67976295948,
        "dmean2": 0.998126864433,
        "dvar": 0.747261106968,
        "dvar2": 1.62355387211,
        "max": 9.62916660309,
        "mean": 1.60834312439,
        "median": 1.12810587883,
        "min": -1.50345575809,
        "var": 2.66328001022
    },
    "melbands_spread": {
        "dmean": 15.0519161224,
        "dmean2": 23.1143436432,
        "dvar": 323.539794922,
        "dvar2": 802.379821777,
        "max": 167.588134766,
        "mean": 51.66065979,
        "median": 50.8656616211,
        "min": 1.70194077492,
        "var": 771.452697754
    },
    "pitch_salience": {
        "dmean": 0.0755101963878,
        "dmean2": 0.113171234727,
        "dvar": 0.00482781790197,
        "dvar2": 0.0105714341626,
        "max": 0.878871560097,
        "mean": 0.557675361633,
        "median": 0.554340302944,
        "min": 0.117315590382,
        "var": 0.018160501495
    },
    "silence_rate_20dB": {
        "dmean": 0,
        "dmean2": 0,
        "dvar": 0,
        "dvar2": 0,
        "max": 1,
        "mean": 1,
        "median": 1,
        "min": 1,
        "var": 0
    },
    "silence_rate_30dB": {
        "dmean": 0,
        "dmean2": 0,
        "dvar": 0,
        "dvar2": 0,
        "max": 1,
        "mean": 1,
        "median": 1,
        "min": 1,
        "var": 0
    },
    "silence_rate_60dB": {
        "dmean": 0.0510835908353,
        "dmean2": 0.102246321738,
        "dvar": 0.0484738498926,
        "dvar2": 0.125873297453,
        "max": 1,
        "mean": 0.041763342917,
        "median": 0,
        "min": 0,
        "var": 0.0400184802711
    },
    "spectral_centroid": {
        "dmean": 364.24609375,
        "dmean2": 543.847412109,
        "dvar": 171799.359375,
        "dvar2": 362859.34375,
        "max": 3717.7487793,
        "mean": 2343.73339844,
        "median": 2550.91210938,
        "min": 281.417327881,
        "var": 629900.9375
    },
    "spectral_complexity": {
        "dmean": 4.53947353363,
        "dmean2": 6.74748277664,
        "dvar": 24.7515201569,
        "dvar2": 56.0029182434,
        "max": 42,
        "mean": 16.2915706635,
        "median": 15,
        "min": 1,
        "var": 57.8630905151
    },
    "spectral_decrease": {
        "dmean": 1.16642595582e-09,
        "dmean2": 1.71301517415e-09,
        "dvar": 1.92749026631e-18,
        "dvar2": 4.31285932967e-18,
        "max": -9.04576621941e-11,
        "mean": -3.87358456422e-09,
        "median": -3.7235661221e-09,
        "min": -1.33966944205e-08,
        "var": 4.85454889355e-18
    },
    "spectral_energy": {
        "dmean": 0.00536678684875,
        "dmean2": 0.00787129066885,
        "dvar": 3.49184920196e-05,
        "dvar2": 7.66987359384e-05,
        "max": 0.0568568445742,
        "mean": 0.0177849065512,
        "median": 0.0175147280097,
        "min": 0.000389444408938,
        "var": 9.36154901865e-05
    },
    "spectral_energyband_high": {
        "dmean": 0.00158374244347,
        "dmean2": 0.00250657275319,
        "dvar": 4.1727757889e-06,
        "dvar2": 1.04859655039e-05,
        "max": 0.0156939495355,
        "mean": 0.00289441063069,
        "median": 0.00205780332908,
        "min": 6.73760132486e-06,
        "var": 8.20763398224e-06
    },
    "spectral_energyband_low": {
        "dmean": 0.0017009191215,
        "dmean2": 0.00256363744847,
        "dvar": 1.32611121444e-05,
        "dvar2": 3.19627324643e-05,
        "max": 0.0412987843156,
        "mean": 0.00378335686401,
        "median": 0.00143522268627,
        "min": 9.58296823228e-06,
        "var": 2.6415584216e-05
    },
    "spectral_energyband_middle_high": {
        "dmean": 0.00243839155883,
        "dmean2": 0.00362156191841,
        "dvar": 6.58139197185e-06,
        "dvar2": 1.39504400067e-05,
        "max": 0.0327590666711,
        "mean": 0.00764032360166,
        "median": 0.00740570249036,
        "min": 8.40925276862e-05,
        "var": 3.07671543851e-05
    },
    "spectral_energyband_middle_low": {
        "dmean": 0.00196819193661,
        "dmean2": 0.00288083055057,
        "dvar": 8.9520099209e-06,
        "dvar2": 2.04337738978e-05,
        "max": 0.0359819307923,
        "mean": 0.00415916275233,
        "median": 0.00275011663325,
        "min": 0.000135074442369,
        "var": 1.71850224433e-05
    },
    "spectral_entropy": {
        "dmean": 0.318457126617,
        "dmean2": 0.437798142433,
        "dvar": 0.0785918906331,
        "dvar2": 0.174300447106,
        "max": 8.72740745544,
        "mean": 7.47331476212,
        "median": 7.46422433853,
        "min": 5.88832759857,
        "var": 0.224716454744
    },
    "spectral_flux": {
        "dmean": 0.0263492297381,
        "dmean2": 0.039275534451,
        "dvar": 0.000556200742722,
        "dvar2": 0.0012297158828,
        "max": 0.19538590312,
        "mean": 0.0762267336249,
        "median": 0.0730241760612,
        "min": 0.0118114771321,
        "var": 0.0012322331313
    },
    "spectral_kurtosis": {
        "dmean": 1.44444310665,
        "dmean2": 2.35145235062,
        "dvar": 1.88823008537,
        "dvar2": 5.10960960388,
        "max": 13.8759803772,
        "mean": 3.23988175392,
        "median": 3.10351610184,
        "min": -0.256328344345,
        "var": 2.87445235252
    },
    "spectral_rms": {
        "dmean": 0.000671793357469,
        "dmean2": 0.000957128999289,
        "dvar": 5.28283919721e-07,
        "dvar2": 1.07635469249e-06,
        "max": 0.00744782481343,
        "mean": 0.00397737091407,
        "median": 0.00413370784372,
        "min": 0.000616397417616,
        "var": 1.53166479322e-06
    },
    "spectral_rolloff": {
        "dmean": 1326.92565918,
        "dmean2": 2262.85302734,
        "dvar": 3821987.75,
        "dvar2": 9989532,
        "max": 12166.2597656,
        "mean": 3486.91186523,
        "median": 3552.97851562,
        "min": 107.666015625,
        "var": 4744849.5
    },
    "spectral_skewness": {
        "dmean": 0.205083906651,
        "dmean2": 0.329553574324,
        "dvar": 0.031910341233,
        "dvar2": 0.0793657824397,
        "max": 2.65159606934,
        "mean": 1.23486709595,
        "median": 1.22444486618,
        "min": 0.519434332848,
        "var": 0.0686831846833
    },
    "spectral_spread": {
        "dmean": 1000276.125,
        "dmean2": 1555739.5,
        "dvar": 1.57609951232e+12,
        "dvar2": 3.97057222246e+12,
        "max": 12418101,
        "mean": 4748947.5,
        "median": 4477518,
        "min": 2424766,
        "var": 1.80715729715e+12
    },
    "spectral_strongpeak": {
        "dmean": 0.965158104897,
        "dmean2": 1.58938729763,
        "dvar": 2.22057032585,
        "dvar2": 4.93721580505,
        "max": 14.6753587723,
        "mean": 1.7500551939,
        "median": 0.630154490471,
        "min": 0.0349079109728,
        "var": 5.25548648834
    },
    "zerocrossingrate": {
        "dmean": 0.0206087194383,
        "dmean2": 0.0256984960288,
        "dvar": 0.000378127559088,
        "dvar2": 0.000544552283827,
        "max": 0.24853515625,
        "mean": 0.0957371145487,
        "median": 0.0927734375,
        "min": 0.00830078125,
        "var": 0.00175179541111
    },
    "barkbands": {
        "dmean": [3.64103689208e-05, 0.000643068109639, 0.000848300987855, 0.000741930678487, 0.00069440738298, 0.000263607129455, 0.000465740507934, 0.000128876432427, 0.000246122828685, 0.000346533226548, 0.000204838172067, 0.000267028575763, 0.00108887569513, 0.000412410823628, 0.000288587296382, 0.00025055630249, 0.000247629679507, 0.000519848486874, 0.000236114341533, 0.000558419153094, 0.000250904151471, 0.000296080455882, 0.000255735794781, 0.000240489491262, 0.000304666318698, 0.000153411659994, 2.03844781055e-08],
        "dmean2": [6.02804830123e-05, 0.00106541521382, 0.00122411048505, 0.00118024181575, 0.00101376720704, 0.000393011083361, 0.000786856282502, 0.000201188828214, 0.00037651398452, 0.000497941568028, 0.00031869270606, 0.000435661611846, 0.00173722382169, 0.000652657123283, 0.000461576069938, 0.000387539243093, 0.000366385647794, 0.000783802533988, 0.000350499525666, 0.000859737861902, 0.000397579511628, 0.000468526908662, 0.000429374864325, 0.000416365452111, 0.00054033001652, 0.000264348986093, 3.90960117613e-08],
        "dvar": [4.09643563515e-09, 2.67990094471e-06, 4.88281830258e-06, 2.7372286695e-06, 1.6451576812e-06, 2.35829730855e-07, 1.62920218827e-06, 4.79432600287e-08, 9.89876070889e-07, 4.10073795365e-07, 1.7633051641e-07, 2.72404406587e-07, 3.69815825252e-06, 5.89870694512e-07, 4.67256938919e-07, 1.48644261344e-07, 1.9104506066e-07, 5.94575794821e-07, 9.02131063185e-08, 5.37952018931e-07, 1.17554506573e-07, 1.76620844172e-07, 1.65629785442e-07, 2.00242141091e-07, 4.03729700338e-07, 8.6468645577e-08, 1.39504166479e-14],
        "dvar2": [9.77640279842e-09, 6.74054854244e-06, 1.11000781544e-05, 6.55093663227e-06, 3.84295844924e-06, 5.03381443195e-07, 4.37084781879e-06, 1.22181774032e-07, 2.23288634515e-06, 8.65179629272e-07, 4.12725711385e-07, 5.9461251567e-07, 9.79738251772e-06, 1.45833030274e-06, 1.14216265956e-06, 3.33894888627e-07, 4.05213739896e-07, 1.20956940464e-06, 1.96643128447e-07, 1.04132186607e-06, 2.87405526933e-07, 4.42396753897e-07, 4.38347825593e-07, 5.41732504189e-07, 1.11025383376e-06, 2.38002584751e-07, 3.87235680804e-14],
        "max": [0.000551816599909, 0.017052302137, 0.0287016369402, 0.0172923505306, 0.0175096038729, 0.00586942210793, 0.0147260073572, 0.00268731825054, 0.0305184423923, 0.0095537295565, 0.00671496801078, 0.00701114721596, 0.027903791517, 0.00727579044178, 0.00758406566456, 0.00469040405005, 0.00543917575851, 0.0113945323974, 0.00314221484587, 0.0072569642216, 0.00407740985975, 0.00628266576678, 0.00381895038299, 0.00338212680072, 0.00577876111493, 0.00293113198131, 1.99577880267e-06],
        "mean": [3.46066481143e-05, 0.00118506548461, 0.0020326601807, 0.00128066074103, 0.00116020836867, 0.00040052231634, 0.000505127769429, 0.000208839919651, 0.000408833322581, 0.000703663507011, 0.000382216938306, 0.000413821719121, 0.00214313622564, 0.000655164942145, 0.000347962457454, 0.000449218583526, 0.000486499688122, 0.00138534244616, 0.000468510523206, 0.00121708482038, 0.000379888253519, 0.000523499387782, 0.000321076862747, 0.000240997294895, 0.000276502221823, 0.000173802400241, 1.22021086568e-08],
        "median": [1.29688742163e-05, 6.95850903867e-05, 0.000520327652339, 0.000381358724553, 0.000454651832115, 0.000178875226993, 0.000183358686627, 0.000107066793134, 0.000127450402942, 0.000179489215952, 7.79400361353e-05, 0.000111149391159, 0.000779501104262, 0.000150459789438, 7.28823652025e-05, 0.000121280136227, 0.000131171982503, 0.000544461421669, 0.000230654142797, 0.000730503175873, 0.000225791533012, 0.000357336306479, 0.000186875884538, 0.00012015188986, 8.97601348697e-05, 6.21915241936e-05, 3.59715812692e-10],
        "min": [1.30698634138e-08, 6.39259098989e-07, 3.95668905639e-07, 6.02292971053e-07, 4.46053309133e-06, 3.14219323627e-06, 5.4775996432e-06, 1.22291226035e-06, 1.23271843222e-06, 1.13377484467e-06, 3.8330600205e-07, 2.17278466152e-06, 7.58556507208e-06, 1.19333446946e-06, 2.03829267775e-06, 2.20074207391e-06, 7.13532529062e-07, 1.06057711946e-06, 1.0008190543e-07, 3.13338819069e-06, 1.69717600329e-06, 1.5487780729e-06, 6.82331119606e-07, 1.59926614174e-07, 5.36597766221e-10, 7.10299527529e-12, 8.24110224507e-12],
        "var": [3.9407535013e-09, 5.28989676241e-06, 1.23656700453e-05, 4.46719059255e-06, 3.11275016429e-06, 3.70962851548e-07, 1.32441880396e-06, 7.8103226997e-08, 1.60053525633e-06, 1.44567161442e-06, 5.40913219993e-07, 5.72713304337e-07, 7.87335920904e-06, 1.09040615826e-06, 6.63048808747e-07, 4.58387972913e-07, 6.27163217359e-07, 3.86015381082e-06, 2.97326636201e-07, 1.8749864239e-06, 2.09188186773e-07, 3.36254345257e-07, 1.61989518688e-07, 1.50335168314e-07, 2.79978223716e-07, 8.05053446129e-08, 8.49340603816e-15]
    },
    "erbbands": {
        "dmean": [0.0135541092604, 0.16871830821, 0.806969165802, 1.74391162395, 3.12180805206, 1.67015111446, 2.58240890503, 2.25724625587, 3.50577998161, 8.03835964203, 2.26874566078, 5.6587395668, 9.44150257111, 8.41928958893, 7.80020284653, 12.5842208862, 40.2868003845, 27.7370147705, 11.709482193, 17.0707168579, 12.7061290741, 14.4485960007, 31.1963806152, 15.4385871887, 11.5405292511, 21.6500301361, 15.5688314438, 9.30189323425, 12.6848955154, 7.79120397568, 7.3708782196, 4.84949731827, 3.91038608551, 3.44868135452, 2.08587622643, 0.880052387714, 0.274864524603, 0.0133242765442, 0.000298202969134, 2.669316018e-05],
        "dmean2": [0.0239162370563, 0.274428039789, 1.18870580196, 2.61522054672, 4.87597751617, 2.40835762024, 3.61075663567, 3.4654943943, 5.77134799957, 13.3299627304, 3.41121196747, 8.5627155304, 13.7868299484, 12.2396974564, 12.1949892044, 20.1952857971, 62.8128318787, 44.5636787415, 17.3164844513, 27.0532073975, 19.5196857452, 21.2277870178, 46.6221084595, 23.673992157, 17.1634140015, 32.0166282654, 23.79895401, 14.3507242203, 19.8704013824, 12.8707370758, 12.3861465454, 8.36703395844, 6.83259344101, 6.12400627136, 3.68178391457, 1.49217224121, 0.490898191929, 0.0240449421108, 0.000530501303729, 4.45359473815e-05],
        "dvar": [0.00135610601865, 0.175262704492, 3.80561685562, 12.6400299072, 51.7646446228, 8.26935863495, 26.2682247162, 15.8005065918, 51.3764762878, 470.00769043, 33.2074546814, 460.963897705, 315.843200684, 288.994171143, 206.333251953, 484.282409668, 5142.78808594, 2057.46801758, 501.7762146, 1280.98986816, 301.899414062, 622.508056641, 2326.60961914, 392.464050293, 238.574401855, 641.782226562, 458.703704834, 168.761932373, 282.501220703, 121.421791077, 136.948608398, 89.4321517944, 58.0406417847, 53.6224479675, 16.6038188934, 2.50030016899, 0.395797044039, 0.000870470015798, 3.92035161667e-07, 1.98839544829e-09],
        "dvar2": [0.00376121210866, 0.428567647934, 8.93790435791, 28.3739013672, 134.024261475, 16.6920185089, 51.0686683655, 37.07006073, 135.927749634, 1266.98925781, 62.7031669617, 1054.43896484, 627.806762695, 612.358947754, 472.222442627, 1098.49975586, 13924.5654297, 5278.25585938, 1009.85351562, 3240.59204102, 694.600524902, 1259.92199707, 4370.17578125, 885.906188965, 505.334625244, 1253.10742188, 953.490783691, 425.388031006, 657.582763672, 308.752410889, 363.265625, 244.362045288, 156.731582642, 146.39855957, 45.8110542297, 6.73559904099, 1.1098575592, 0.0024427997414, 1.09558175154e-06, 5.43704370415e-09],
        "max": [0.495046496391, 4.38903474808, 24.6175193787, 31.9864521027, 92.4421157837, 33.1107292175, 58.9723815918, 45.2480354309, 86.2800216675, 242.091903687, 181.87046814, 657.690002441, 383.174102783, 233.610595703, 227.628341675, 256.989105225, 1139.98730469, 431.202056885, 367.75668335, 369.943023682, 169.908065796, 328.350036621, 660.027893066, 208.339691162, 170.699295044, 345.98046875, 361.702026367, 147.980636597, 226.318145752, 100.981620789, 102.824325562, 88.8232345581, 61.1368751526, 67.5839385986, 33.5979194641, 17.8391475677, 5.02085447311, 0.236685305834, 0.00494117056951, 0.000344649102772],
        "mean": [0.0155710075051, 0.344574838877, 1.9288713932, 3.56468343735, 4.89835214615, 2.79149198532, 3.44661569595, 3.70042729378, 5.0132894516, 8.67105388641, 3.78956246376, 9.88205814362, 19.8354701996, 17.8617897034, 15.2503232956, 21.0027770996, 78.23072052, 57.3329544067, 22.5653781891, 24.5101604462, 23.6136054993, 31.8013153076, 84.8353424072, 34.1938591003, 22.7386207581, 45.6754417419, 37.1315841675, 15.5667867661, 23.7090454102, 10.7451133728, 9.75247097015, 5.19103050232, 3.825756073, 2.90140748024, 2.03208351135, 1.11059212685, 0.257347613573, 0.0112524759024, 0.000289340066956, 4.60586379631e-05],
        "median": [0.002525244141, 0.0357129275799, 0.551705360413, 1.27388823032, 1.24706947803, 1.11925256252, 1.1409304142, 1.85685181618, 2.56441760063, 3.25442433357, 2.06014323235, 3.63767051697, 7.69445514679, 3.70592021942, 4.47284889221, 7.83794593811, 32.424659729, 34.1856994629, 8.97234153748, 8.12704944611, 11.9429483414, 16.0150699615, 32.3672790527, 22.3100547791, 13.2710609436, 32.8398628235, 20.6312122345, 10.5314912796, 14.1164054871, 7.6324262619, 5.17730236053, 2.88254261017, 1.73402607441, 0.836780905724, 0.681416511536, 0.41301164031, 0.0782838538289, 0.00249121105298, 9.61355835898e-05, 3.45624830516e-05],
        "min": [2.86778649752e-05, 0.000414468668168, 0.00138837948907, 0.00255890213884, 0.0242603141814, 0.0129678612575, 0.0329777635634, 0.0422939434648, 0.0835096016526, 0.0734013840556, 0.107452355325, 0.0683151930571, 0.0284032523632, 0.0894256308675, 0.0870429575443, 0.173328384757, 0.519865810871, 0.367219895124, 0.234384655952, 0.140707105398, 0.146383613348, 0.122488774359, 0.204105183482, 0.157968863845, 0.168153822422, 0.142041951418, 0.0586694628, 0.0676240250468, 0.061154127121, 0.038353536278, 0.011699504219, 0.00582198891789, 0.000950338435359, 4.69266669825e-05, 1.8213317162e-05, 4.22852326665e-06, 1.08207302674e-06, 2.48919718615e-07, 3.27322538851e-07, 5.23113271811e-07],
        "var": [0.00143489579204, 0.390444219112, 9.23162651062, 28.2412605286, 83.1901092529, 15.8084335327, 40.4137954712, 26.0203495026, 56.4682655334, 368.772979736, 54.5629730225, 705.418640137, 957.885925293, 1077.2734375, 644.613708496, 1028.26306152, 10678.3291016, 4308.89208984, 1380.53137207, 1616.99890137, 842.550964355, 2067.86767578, 15290.6523438, 1133.52270508, 662.292358398, 2131.15307617, 2448.73876953, 262.221893311, 805.010803223, 136.466873169, 153.230941772, 66.9918899536, 43.336265564, 36.4491539001, 12.4473819733, 2.87316155434, 0.274674117565, 0.000580753490794, 2.79376394019e-07, 1.90573601344e-09]
    },
    "gfcc": {
        "mean": [10.5435800552, 43.5346641541, -137.203414917, 45.2323951721, -62.7651062012, 19.615447998, -41.3233604431, 6.34706163406, -35.3035469055, 5.57936859131, -19.7554111481, -1.84391033649, -21.4550437927],
        "cov": [[3413.82617188, -1992.54101562, 260.785491943, -129.691802979, 88.4705047607, 224.172790527, -208.340316772, 261.077575684, -465.798706055, 298.673919678, -396.399536133, 277.74987793, -233.610748291], [-1992.54101562, 2366.41162109, -60.8639335632, 203.286087036, 118.600112915, -70.5871582031, 271.46585083, -214.86781311, 380.370422363, -379.896240234, 309.206298828, -257.832580566, 195.583221436], [260.785491943, -60.8639335632, 667.526794434, 203.644302368, 101.2135849, 66.0823669434, -55.0430297852, -0.115545041859, -34.1063232422, 54.3212738037, -29.7666797638, 10.1793298721, -87.501159668], [-129.691802979, 203.286087036, 203.644302368, 276.402954102, 105.407119751, 16.9834098816, 19.3487663269, -43.7025146484, 60.5544586182, 8.08745861053, 18.6405735016, -65.2731628418, -8.23199939728], [88.4705047607, 118.600112915, 101.2135849, 105.407119751, 197.769760132, 93.2842254639, 82.5939407349, 24.9712791443, -4.80653238297, -3.76470470428, -9.54710769653, -13.860449791, -34.8218345642], [224.172790527, -70.5871582031, 66.0823669434, 16.9834098816, 93.2842254639, 166.502807617, 85.0336685181, 69.6048660278, -16.7333431244, 7.39328479767, 7.24263572693, 28.8357563019, -19.8075523376], [-208.340316772, 271.46585083, -55.0430297852, 19.3487663269, 82.5939407349, 85.0336685181, 200.033493042, 53.5034179688, 79.3616790771, -33.9481773376, 56.4126586914, -9.3637046814, 1.348123312], [261.077575684, -214.86781311, -0.115545041859, -43.7025146484, 24.9712791443, 69.6048660278, 53.5034179688, 146.389251709, 11.287103653, 69.5993118286, -32.9061889648, 43.5405540466, -9.50315380096], [-465.798706055, 380.370422363, -34.1063232422, 60.5544586182, -4.80653238297, -16.7333431244, 79.3616790771, 11.287103653, 201.901153564, -5.77655744553, 81.4850845337, -53.4499931335, 54.4084129333], [298.673919678, -379.896240234, 54.3212738037, 8.08745861053, -3.76470470428, 7.39328479767, -33.9481773376, 69.5993118286, -5.77655744553, 178.319412231, -7.5998673439, 55.3663902283, -50.4590988159], [-396.399536133, 309.206298828, -29.7666797638, 18.6405735016, -9.54710769653, 7.24263572693, 56.4126586914, -32.9061889648, 81.4850845337, -7.5998673439, 163.170974731, -2.92767858505, 23.7390766144], [277.74987793, -257.832580566, 10.1793298721, -65.2731628418, -13.860449791, 28.8357563019, -9.3637046814, 43.5405540466, -53.4499931335, 55.3663902283, -2.92767858505, 114.11428833, 5.20020723343], [-233.610748291, 195.583221436, -87.501159668, -8.23199939728, -34.8218345642, -19.8075523376, 1.348123312, -9.50315380096, 54.4084129333, -50.4590988159, 23.7390766144, 5.20020723343, 139.862518311]],
        "icov": [[0.00087647192413, 0.0001985689305, 0.000103966296592, -0.000263105524937, -0.00010897541506, -0.000903151929379, 0.000665093655698, -0.000511733989697, 0.000517447537277, -0.000121446078992, 0.0011255168356, -0.00107876898255, 0.000643586739898], [0.0001985689305, 0.00215434469283, -0.000623343221378, 0.000558326370083, -0.00191026565153, 0.00161283602938, -0.00119061931036, 0.00065951392753, -0.00155512522906, 0.00279370718636, -0.00229163770564, 0.00168644427322, -0.00128984986804], [0.000103966296592, -0.000623343221378, 0.00289343693294, -0.00260532111861, 0.000428654893767, -0.0016886718804, 0.00250447681174, -0.00101869588252, -0.000128248822875, 0.000259677239228, 0.000945240841247, -0.00261514191516, 0.00255677616224], [-0.000263105524937, 0.000558326370083, -0.00260532111861, 0.00925900135189, -0.00434991437942, 0.000552159093786, -0.001613085391, 0.00477389851585, -0.00212468230166, -0.00299544422887, -0.00048390464508, 0.00540678715333, -0.00334314885549], [-0.00010897541506, -0.00191026565153, 0.000428654893767, -0.00434991437942, 0.0124075999483, -0.00509748514742, -0.00261834613048, -0.000430791405961, 0.00323648261838, -0.0024617370218, 0.00363817019388, -0.00112651789095, 0.002141835168], [-0.000903151929379, 0.00161283602938, -0.0016886718804, 0.000552159093786, -0.00509748514742, 0.0154917687178, -0.00493148202077, -0.00464068818837, 0.0013494559098, 0.0042109079659, -0.00596797745675, 0.00167651590891, -0.00218596681952], [0.000665093655698, -0.00119061931036, 0.00250447681174, -0.001613085391, -0.00261834613048, -0.00493148202077, 0.0150424856693, -0.00602995511144, -0.00380170880817, 0.00399464089423, -0.000651328067761, -0.00498066935688, 0.00555858947337], [-0.000511733989697, 0.00065951392753, -0.00101869588252, 0.00477389851585, -0.000430791405961, -0.00464068818837, -0.00602995511144, 0.0191478580236, -0.00442281551659, -0.00709895137697, 0.00526964524761, 0.000534814724233, -0.00329357851297], [0.000517447537277, -0.00155512522906, -0.000128248822875, -0.00212468230166, 0.00323648261838, 0.0013494559098, -0.00380170880817, -0.00442281551659, 0.0146096684039, -0.00528479833156, -0.00191224250011, 0.00498574366793, -0.00388408196159], [-0.000121446078992, 0.00279370718636, 0.000259677239228, -0.00299544422887, -0.0024617370218, 0.0042109079659, 0.00399464089423, -0.00709895137697, -0.00528479833156, 0.0175959262997, -0.00568226864561, -0.00483656488359, 0.00488753663376], [0.0011255168356, -0.00229163770564, 0.000945240841247, -0.00048390464508, 0.00363817019388, -0.00596797745675, -0.000651328067761, 0.00526964524761, -0.00191224250011, -0.00568226864561, 0.0154309207574, -0.00624375650659, 0.00237927143462], [-0.00107876898255, 0.00168644427322, -0.00261514191516, 0.00540678715333, -0.00112651789095, 0.00167651590891, -0.00498066935688, 0.000534814724233, 0.00498574366793, -0.00483656488359, -0.00624375650659, 0.0222787652165, -0.00888974778354], [0.000643586739898, -0.00128984986804, 0.00255677616224, -0.00334314885549, 0.002141835168, -0.00218596681952, 0.00555858947337, -0.00329357851297, -0.00388408196159, 0.00488753663376, 0.00237927143462, -0.00888974778354, 0.0145786525682]]
    },
    "melbands": {
        "dmean": [0.000149183673784, 0.000357263750629, 0.000364118488505, 0.000155092187924, 9.50701942202e-05, 4.9790385674e-05, 6.88445870765e-05, 7.59688118706e-05, 1.6772051822e-05, 3.98642951041e-05, 5.0562342949e-05, 3.77977121389e-05, 2.54614660662e-05, 2.65667495114e-05, 5.61612177989e-05, 0.000121597797261, 4.69933074783e-05, 2.07583325391e-05, 2.68064304692e-05, 2.04904154089e-05, 1.41633217936e-05, 1.51119475049e-05, 2.39015189436e-05, 2.91087089863e-05, 1.27307575895e-05, 8.90523097041e-06, 1.11053286673e-05, 1.7844255126e-05, 1.48223043652e-05, 6.09248672845e-06, 5.4615238696e-06, 8.10460733192e-06, 5.116417924e-06, 4.75529259347e-06, 5.16651471116e-06, 2.93926927952e-06, 3.05996991301e-06, 2.45769456342e-06, 3.03902311316e-06, 3.25388282363e-06],
        "dmean2": [0.000257852661889, 0.000535264203791, 0.00055401166901, 0.000235486222664, 0.00013163186668, 7.53421263653e-05, 0.000115149268822, 0.00012491614325, 2.50534230872e-05, 6.06762987445e-05, 7.36116780899e-05, 5.54329126317e-05, 3.94525923184e-05, 4.04561724281e-05, 8.98838770809e-05, 0.000189538593986, 7.46474179323e-05, 3.03103533952e-05, 4.29518076999e-05, 3.19905448123e-05, 2.18752029468e-05, 2.24600607908e-05, 3.43166466337e-05, 4.52368258266e-05, 1.93077157746e-05, 1.33377197926e-05, 1.67083162523e-05, 2.6599955163e-05, 2.22097096412e-05, 9.46864201978e-06, 8.61352509673e-06, 1.26616068883e-05, 8.21449339128e-06, 7.9817364167e-06, 8.71870906849e-06, 5.00590931551e-06, 5.24678989677e-06, 4.23323172072e-06, 5.40976952834e-06, 5.82679513172e-06],
        "dvar": [1.54488802195e-07, 6.89426656209e-07, 4.9988881301e-07, 1.0065692635e-07, 3.31818199584e-08, 7.46619832626e-09, 2.68888538102e-08, 3.72531019366e-08, 3.19831916507e-09, 2.58620076465e-08, 8.98338470279e-09, 6.04683814132e-09, 2.42314190935e-09, 2.50406873015e-09, 1.09649578306e-08, 6.06252115176e-08, 6.07267214292e-09, 2.07794892404e-09, 4.50464643365e-09, 1.06326603078e-09, 3.84381831919e-10, 9.14117226358e-10, 1.03402342244e-09, 2.59294763438e-09, 3.33195082636e-10, 1.75585712636e-10, 3.05262259914e-10, 5.6120624814e-10, 5.47049960886e-10, 6.27176297008e-11, 8.45270242689e-11, 1.35680536251e-10, 4.49695732041e-11, 5.71373920399e-11, 7.97616139803e-11, 2.16934838149e-11, 3.90107113279e-11, 1.84017523441e-11, 4.77965861334e-11, 5.64752515586e-11],
        "dvar2": [4.09464973927e-07, 1.62068590726e-06, 1.16720298138e-06, 2.41540618617e-07, 6.23504874397e-08, 1.69545621986e-08, 7.2046304922e-08, 1.00434412786e-07, 4.93431429049e-09, 5.97229217192e-08, 1.79256751665e-08, 1.30260620068e-08, 5.81912518172e-09, 5.44273204284e-09, 2.58499017747e-08, 1.65860370771e-07, 1.51231489554e-08, 4.03147470962e-09, 1.11329017116e-08, 2.47490894445e-09, 8.73160377335e-10, 1.92946592037e-09, 1.84992821062e-09, 5.75157566018e-09, 7.48117956473e-10, 3.69945768464e-10, 6.54034326697e-10, 9.97368854172e-10, 1.09673203852e-09, 1.40242276125e-10, 2.14827156064e-10, 3.18368748031e-10, 1.09848595498e-10, 1.48137224709e-10, 2.14514864205e-10, 5.8651049295e-11, 1.07179556896e-10, 4.95236178455e-11, 1.31208738319e-10, 1.55077034547e-10],
        "max": [0.00426546577364, 0.009960193187, 0.00618226965889, 0.00464580394328, 0.00212255422957, 0.000938676879741, 0.00194567919243, 0.0021532017272, 0.00198919791728, 0.00502462172881, 0.0019483754877, 0.00106085708831, 0.000729476159904, 0.000734079629183, 0.00131914578378, 0.00384791218676, 0.000822839909233, 0.000610595103353, 0.000632041483186, 0.000401661236538, 0.000162565440405, 0.000400974065997, 0.000473277876154, 0.000922186241951, 0.000185752796824, 0.0001357873698, 0.000151316577103, 0.00033640730544, 0.00038023875095, 7.30245083105e-05, 0.000114839800517, 0.000176011875737, 8.84198525455e-05, 7.6527998317e-05, 8.27669646242e-05, 3.62665014109e-05, 6.02818836342e-05, 3.45084699802e-05, 7.3934555985e-05, 8.1175188825e-05],
        "mean": [0.000231225887546, 0.000860970816575, 0.000710138177965, 0.000260534550762, 0.000131836422952, 8.12297366792e-05, 8.6554340669e-05, 8.70981166372e-05, 2.6934865673e-05, 6.72326495987e-05, 0.000104572347482, 7.74577783886e-05, 4.75622218801e-05, 4.65920857096e-05, 7.90822887211e-05, 0.000235399231315, 8.77097190823e-05, 3.87553518522e-05, 3.10336545226e-05, 3.66525309801e-05, 2.39477831201e-05, 3.06305046252e-05, 5.02993061673e-05, 7.63550488045e-05, 2.25222283916e-05, 1.6210897229e-05, 1.66000154422e-05, 3.68989094568e-05, 3.4116084862e-05, 1.00421502793e-05, 7.28466102373e-06, 1.42703884194e-05, 8.24137805466e-06, 5.44175463801e-06, 6.24344329481e-06, 3.50832033291e-06, 3.06724041366e-06, 2.6974978482e-06, 2.40538747676e-06, 2.61283344116e-06],
        "median": [2.12817849388e-05, 0.000249760836596, 0.000280123727862, 8.81143932929e-05, 4.51460546174e-05, 4.12131339544e-05, 3.96018585889e-05, 3.52432762156e-05, 1.30851312861e-05, 2.22058370127e-05, 3.82671059924e-05, 1.36088956424e-05, 1.1615645235e-05, 1.24675589177e-05, 1.7427453713e-05, 7.03212499502e-05, 4.32154265582e-05, 8.54039171827e-06, 5.52672054255e-06, 9.91213619272e-06, 9.50542744249e-06, 7.75103217165e-06, 2.9578763133e-05, 2.35137704294e-05, 9.78664411377e-06, 6.29703481536e-06, 7.78905086918e-06, 2.03472700377e-05, 1.0533848581e-05, 4.79418395116e-06, 3.81498784918e-06, 7.83957875683e-06, 5.03042019773e-06, 2.57526949099e-06, 2.94227515951e-06, 2.06302570405e-06, 1.45668377627e-06, 1.18383889003e-06, 7.24983408418e-07, 5.82141240102e-07],
        "min": [1.68589735949e-07, 5.89593980749e-07, 4.86143278522e-07, 2.00341105483e-06, 4.42455416305e-07, 5.13942381986e-07, 1.40992040087e-06, 6.95345420354e-07, 2.17815014025e-07, 2.95363008718e-07, 1.14131623263e-07, 1.99991532668e-07, 1.85820823617e-07, 2.39225983023e-07, 3.28684194528e-07, 4.11620391105e-07, 2.97691968854e-07, 8.14222786971e-08, 1.57573353476e-07, 1.12077316317e-07, 1.36090051228e-07, 4.4040014302e-08, 1.78841446541e-07, 1.06548732504e-07, 7.48098969439e-08, 1.6833259231e-09, 2.62277666252e-08, 7.70701831243e-08, 3.53263125419e-08, 5.23285326182e-09, 1.9685451047e-09, 3.16441735038e-08, 1.87476292268e-08, 8.32557489616e-09, 5.20109111335e-09, 4.39225722459e-09, 2.38412889431e-09, 7.81007813977e-10, 1.26404815434e-11, 1.56716339125e-12],
