{
"highlevel": {
    "danceability": {
        "all": {
            "danceable": 0.997222483158,
            "not_danceable": 0.00277753570117
        },
        "probability": 0.997222483158,
        "value": "danceable"
    },
    "gender": {
        "all": {
            "female": 0.325752109289,
            "male": 0.674247920513
        },
        "probability": 0.674247920513,
        "value": "male"
    },
    "genre_dortmund": {
        "all": {
            "alternative": 0.0488963127136,
            "blues": 0.0646056160331,
            "electronic": 0.141469582915,
            "folkcountry": 0.0883950591087,
            "funksoulrnb": 0.0446924827993,
            "jazz": 0.0364272855222,
            "pop": 0.172150060534,
            "raphiphop": 0.264943480492,
            "rock": 0.13842010498
        },
        "probability": 0.264943480492,
        "value": "raphiphop"
    },
    "genre_electronic": {
        "all": {
            "ambient": 0.130220487714,
            "dnb": 0.13125154376,
            "house": 0.20522095263,
            "techno": 0.0219440832734,
            "trance": 0.511362910271
        },
        "probability": 0.511362910271,
        "value": "trance"
    },
    "genre_rosamerica": {
        "all": {
            "cla": 0.00385118415579,
            "dan": 0.148738354445,
            "hip": 0.0738907083869,
            "jaz": 0.00488010887057,
            "pop": 0.406757444143,
            "rhy": 0.326419651508,
            "roc": 0.0320581495762,
            "spe": 0.00340440915897
        },
        "probability": 0.406757444143,
        "value": "pop"
    },
    "genre_tzanetakis": {
        "all": {
            "blu": 0.0626613423228,
            "cla": 0.0348169617355,
            "cou": 0.104475811124,
            "dis": 0.0784321576357,
            "hip": 0.15692435205,
            "jaz": 0.313974827528,
            "met": 0.0448166541755,
            "pop": 0.0627359300852,
            "reg": 0.0627360641956,
            "roc": 0.0784258767962
        },
        "probability": 0.313974827528,
        "value": "jaz"
    },
    "ismir04_rhythm": {
        "all": {
            "ChaChaCha": 0.788882493973,
            "Jive": 0.0497113205492,
            "Quickstep": 0.0222345646471,
            "Rumba-American": 0.0115018216893,
            "Rumba-International": 0.0196452587843,
            "Rumba-Misc": 0.00688235089183,
            "Samba": 0.0888556391001,
            "Tango": 0.00121030572336,
            "VienneseWaltz": 0.00844651274383,
            "Waltz": 0.00262973224744
        },
        "probability": 0.788882493973,
        "value": "ChaChaCha"
    },
    "mood_acoustic": {
        "all": {
            "acoustic": 0.103146612644,
            "not_acoustic": 0.896853387356
        },
        "probability": 0.896853387356,
        "value": "not_acoustic"
    },
    "mood_aggressive": {
        "all": {
            "aggressive": 0.0826712474227,
            "not_aggressive": 0.917328774929
        },
        "probability": 0.917328774929,
        "value": "not_aggressive"
    },
    "mood_electronic": {
        "all": {
            "electronic": 0.658949136734,
            "not_electronic": 0.341050863266
        },
        "probability": 0.658949136734,
        "value": "electronic"
    },
    "mood_happy": {
        "all": {
            "happy": 0.859106600285,
            "not_happy": 0.140893399715
        },
        "probability": 0.859106600285,
        "value": "happy"
    },
    "mood_party": {
        "all": {
            "not_party": 0.321639239788,
            "party": 0.678360760212
        },
        "probability": 0.678360760212,
        "value": "party"
    },
    "mood_relaxed": {
        "all": {
            "not_relaxed": 0.888001024723,
            "relaxed": 0.111998945475
        },
        "probability": 0.888001024723,
        "value": "not_relaxed"
    },
    "mood_sad": {
        "all": {
            "not_sad": 0.84599250555,
            "sad": 0.154007464647
        },
        "probability": 0.84599250555,
        "value": "not_sad"
    },
    "moods_mirex": {
        "all": {
            "Cluster1": 0.316634297371,
            "Cluster2": 0.150979086757,
            "Cluster3": 0.146007448435,
            "Cluster4": 0.0783597752452,
            "Cluster5": 0.308019369841
        },
        "probability": 0.316634297371,
        "value": "Cluster1"
    },
    "timbre": {
        "all": {
            "bright": 0.648053586483,
            "dark": 0.351946413517
        },
        "probability": 0.648053586483,
        "value": "bright"
    },
    "tonal_atonal": {
        "all": {
            "atonal": 0.0030333714094,
            "tonal": 0.996966600418
        },
        "probability": 0.996966600418,
        "value": "tonal"
    },
    "voice_instrumental": {
        "all": {
            "instrumental": 0.000495743122883,
            "voice": 0.999504268169
        },
        "probability": 0.999504268169,
        "value": "voice"
    }
},
"lowlevel": {
    "average_loudness": 0.945298850536,
    "barkbands_crest": {
        "dmean": 2.77577733994,
        "dmean2": 4.56136465073,
        "dvar": 6.07740783691,
        "dvar2": 15.9286212921,
        "max": 25.9197425842,
        "mean": 11.7129402161,
        "median": 10.6095352173,
        "min": 2.60509753227,
        "var": 25.3180599213
    },
    "barkbands_flatness_db": {
        "dmean": 0.023040426895,
        "dmean2": 0.0364770106971,
        "dvar": 0.00059898244217,
        "dvar2": 0.00133249175269,
        "max": 0.439663380384,
        "mean": 0.151203230023,
        "median": 0.145212754607,
        "min": 0.0503558665514,
        "var": 0.00318438303657
    },
    "barkbands_kurtosis": {
        "dmean": 4.92698144913,
        "dmean2": 7.84494590759,
        "dvar": 213.698425293,
        "dvar2": 492.930419922,
        "max": 380.751861572,
        "mean": 7.92839241028,
        "median": 2.36994028091,
        "min": -1.9286891222,
        "var": 559.361022949
    },
    "barkbands_skewness": {
        "dmean": 0.660411834717,
        "dmean2": 1.02640867233,
        "dvar": 0.675263524055,
        "dvar2": 1.54125654697,
        "max": 17.3930168152,
        "mean": 1.86400043964,
        "median": 1.48366761208,
        "min": -2.23913550377,
        "var": 3.43309903145
    },
    "barkbands_spread": {
        "dmean": 7.34987545013,
        "dmean2": 11.0274562836,
        "dvar": 95.5669631958,
        "dvar2": 180.773864746,
        "max": 104.981788635,
        "mean": 27.3617668152,
        "median": 21.0482845306,
        "min": 0.548505425453,
        "var": 452.49130249
    },
    "dissonance": {
        "dmean": 0.021121205762,
        "dmean2": 0.0352590419352,
        "dvar": 0.00048484877334,
        "dvar2": 0.001299512689,
        "max": 0.499847114086,
        "mean": 0.460788428783,
        "median": 0.471396178007,
        "min": 0.265229344368,
        "var": 0.00110823626164
    },
    "dynamic_complexity": 2.06885075569,
    "erbbands_crest": {
        "dmean": 3.02190852165,
        "dmean2": 4.91224956512,
        "dvar": 8.09738063812,
        "dvar2": 20.997713089,
        "max": 29.0290260315,
        "mean": 9.5058555603,
        "median": 8.51112174988,
        "min": 2.16088604927,
        "var": 24.1857681274
    },
    "erbbands_flatness_db": {
        "dmean": 0.0187230408192,
        "dmean2": 0.0285253245384,
        "dvar": 0.000324708846165,
        "dvar2": 0.000735941517632,
        "max": 0.315139502287,
        "mean": 0.149245217443,
        "median": 0.144664764404,
        "min": 0.0638080537319,
        "var": 0.00205779820681
    },
    "erbbands_kurtosis": {
        "dmean": 1.6536591053,
        "dmean2": 2.68177509308,
        "dvar": 10.2556476593,
        "dvar2": 30.4022045135,
        "max": 51.5645484924,
        "mean": 1.53736889362,
        "median": -0.0345447063446,
        "min": -1.78801739216,
        "var": 18.0063705444
    },
    "erbbands_skewness": {
        "dmean": 0.486208796501,
        "dmean2": 0.734000325203,
        "dvar": 0.257315695286,
        "dvar2": 0.556149423122,
        "max": 6.30947065353,
        "mean": 0.47462439537,
        "median": 0.442405879498,
        "min": -3.43086242676,
        "var": 1.29378211498
    },
    "erbbands_spread": {
        "dmean": 10.7649850845,
        "dmean2": 16.865688324,
        "dvar": 129.494384766,
        "dvar2": 309.035797119,
        "max": 123.909973145,
        "mean": 44.5145683289,
        "median": 43.3435974121,
        "min": 3.50775098801,
        "var": 489.627960205
    },
    "hfc": {
        "dmean": 13.2435770035,
        "dmean2": 19.1445083618,
        "dvar": 450.235687256,
        "dvar2": 916.161987305,
        "max": 266.704345703,
        "mean": 39.8200035095,
        "median": 28.6315746307,
        "min": 2.19188165665,
        "var": 1411.74597168
    },
    "melbands_crest": {
        "dmean": 3.63277626038,
        "dmean2": 5.93046331406,
        "dvar": 10.4195899963,
        "dvar2": 26.8967819214,
        "max": 33.9597434998,
        "mean": 16.9532413483,
        "median": 16.061630249,
        "min": 3.58377289772,
        "var": 43.4239807129
    },
    "melbands_flatness_db": {
        "dmean": 0.0275073740631,
        "dmean2": 0.0421354658902,
        "dvar": 0.000849230855238,
        "dvar2": 0.00180126179475,
        "max": 0.520707786083,
        "mean": 0.191963478923,
        "median": 0.180608689785,
        "min": 0.0335178971291,
        "var": 0.0057252026163
    },
    "melbands_kurtosis": {
        "dmean": 11.5033760071,
        "dmean2": 18.8662395477,
        "dvar": 682.564758301,
        "dvar2": 1751.16040039,
        "max": 490.704711914,
        "mean": 23.6452732086,
        "median": 9.86765193939,
        "min": -1.71938300133,
        "var": 2305.85205078
    },
    "melbands_skewness": {
        "dmean": 0.906157493591,
        "dmean2": 1.42806792259,
        "dvar": 1.12150609493,
        "dvar2": 2.90898346901,
        "max": 17.9311161041,
        "mean": 3.21542310715,
        "median": 2.61747765541,
        "min": -1.15532970428,
        "var": 6.53320837021
    },
    "melbands_spread": {
        "dmean": 9.81520175934,
        "dmean2": 14.7088785172,
        "dvar": 310.424102783,
        "dvar2": 604.363891602,
        "max": 221.833084106,
        "mean": 27.6161899567,
        "median": 19.2390823364,
        "min": 0.484074056149,
        "var": 904.123474121
    },
    "pitch_salience": {
        "dmean": 0.0812606066465,
        "dmean2": 0.13455337286,
        "dvar": 0.00595148140565,
        "dvar2": 0.0161263924092,
        "max": 0.835158407688,
        "mean": 0.515871226788,
        "median": 0.525967419147,
        "min": 0.0712053999305,
        "var": 0.0198346469551
    },
    "silence_rate_20dB": {
        "dmean": 0,
        "dmean2": 0,
        "dvar": 0,
        "dvar2": 0,
        "max": 1,
        "mean": 1,
        "median": 1,
        "min": 1,
        "var": 0
    },
    "silence_rate_30dB": {
        "dmean": 0.0154798757285,
        "dmean2": 0.0309837330133,
        "dvar": 0.0152403060347,
        "dvar2": 0.0362205803394,
        "max": 1,
        "mean": 0.987625658512,
        "median": 1,
        "min": 0,
        "var": 0.0122212069109
    },
    "silence_rate_60dB": {
        "dmean": 0.000773993786424,
        "dmean2": 0.000774593325332,
        "dvar": 0.000773391744588,
        "dvar2": 0.000773989362642,
        "max": 1,
        "mean": 0.00077339517884,
        "median": 0,
        "min": 0,
        "var": 0.000772794999648
    },
    "spectral_centroid": {
        "dmean": 332.785980225,
        "dmean2": 485.853790283,
        "dvar": 158877.1875,
        "dvar2": 284423.25,
        "max": 4530.73925781,
        "mean": 1533.80773926,
        "median": 1341.68261719,
        "min": 234.060119629,
        "var": 678101.3125
    },
    "spectral_complexity": {
        "dmean": 4.61300325394,
        "dmean2": 6.82106876373,
        "dvar": 27.8394622803,
        "dvar2": 52.8116111755,
        "max": 56,
        "mean": 21.6604785919,
        "median": 19,
        "min": 2,
        "var": 118.134498596
    },
    "spectral_decrease": {
        "dmean": 2.92283730552e-09,
        "dmean2": 4.54239357239e-09,
        "dvar": 1.14332052271e-17,
        "dvar2": 2.8181586866e-17,
        "max": -4.3344175471e-10,
        "mean": -1.0988525645e-08,
        "median": -1.05989688137e-08,
        "min": -3.92685493011e-08,
        "var": 4.49561115481e-17
    },
    "spectral_energy": {
        "dmean": 0.0116207543761,
        "dmean2": 0.0180211123079,
        "dvar": 0.000170946659637,
        "dvar2": 0.000419206102379,
        "max": 0.150817096233,
        "mean": 0.045084964484,
        "median": 0.04386440292,
        "min": 0.00211451435462,
        "var": 0.000683409918565
    },
    "spectral_energyband_high": {
        "dmean": 0.00136040954385,
        "dmean2": 0.00193937949371,
        "dvar": 8.4508483269e-06,
        "dvar2": 1.63334443641e-05,
        "max": 0.0351250506938,
        "mean": 0.00295619945973,
        "median": 0.00102383922786,
        "min": 4.7664716476e-06,
        "var": 2.37834483414e-05
    },
    "spectral_energyband_low": {
        "dmean": 0.0072989766486,
        "dmean2": 0.0116025973111,
        "dvar": 0.000156128196977,
        "dvar2": 0.0003940006427,
        "max": 0.141745775938,
        "mean": 0.0208206027746,
        "median": 0.0133240874857,
        "min": 2.09306417673e-05,
        "var": 0.000570909585804
    },
    "spectral_energyband_middle_high": {
        "dmean": 0.0028615926858,
        "dmean2": 0.00432696426287,
        "dvar": 1.85645949387e-05,
        "dvar2": 4.73716390843e-05,
        "max": 0.0712633877993,
        "mean": 0.00731520028785,
        "median": 0.00412492081523,
        "min": 0.00010457335884,
        "var": 7.6015778177e-05
    },
    "spectral_energyband_middle_low": {
        "dmean": 0.0066266474314,
        "dmean2": 0.0105828316882,
        "dvar": 6.66264895699e-05,
        "dvar2": 0.000175375607796,
        "max": 0.0718835815787,
        "mean": 0.0150275025517,
        "median": 0.0114244893193,
        "min": 0.0001112241589,
        "var": 0.00014219294826
    },
    "spectral_entropy": {
        "dmean": 0.182815015316,
        "dmean2": 0.268190175295,
        "dvar": 0.0404933877289,
        "dvar2": 0.0786854997277,
        "max": 8.69752788544,
        "mean": 7.76438188553,
        "median": 7.78956985474,
        "min": 5.75964164734,
        "var": 0.208641678095
    },
    "spectral_flux": {
        "dmean": 0.0300420932472,
        "dmean2": 0.0478975996375,
        "dvar": 0.00112262228504,
        "dvar2": 0.00247565493919,
        "max": 0.348778247833,
        "mean": 0.108658783138,
        "median": 0.101271130145,
        "min": 0.0172005854547,
        "var": 0.00269406219013
    },
    "spectral_kurtosis": {
        "dmean": 1.0206810236,
        "dmean2": 1.60409069061,
        "dvar": 1.23503601551,
        "dvar2": 2.79189419746,
        "max": 12.8823328018,
        "mean": 2.6159389019,
        "median": 2.29705238342,
        "min": -1.17180430889,
        "var": 4.34032392502
    },
    "spectral_rms": {
        "dmean": 0.000839673855808,
        "dmean2": 0.00129008863587,
        "dvar": 6.90976662554e-07,
        "dvar2": 1.67910161508e-06,
        "max": 0.012130071409,
        "mean": 0.00631813937798,
        "median": 0.00654175365344,
        "min": 0.00143629417289,
        "var": 4.06649451179e-06
    },
    "spectral_rolloff": {
        "dmean": 646.014526367,
        "dmean2": 1048.13916016,
        "dvar": 1519343.875,
        "dvar2": 2879015,
        "max": 10529.7363281,
        "mean": 1882.16564941,
        "median": 1076.66015625,
        "min": 64.599609375,
        "var": 4794001
    },
    "spectral_skewness": {
        "dmean": 0.20470905304,
        "dmean2": 0.294391840696,
        "dvar": 0.0425954908133,
        "dvar2": 0.0741392672062,
        "max": 3.25744867325,
        "mean": 1.28616404533,
        "median": 1.26229786873,
        "min": -0.39897814393,
        "var": 0.250381201506
    },
    "spectral_spread": {
        "dmean": 681953.3125,
        "dmean2": 975135.4375,
        "dvar": 527102771200,
        "dvar2": 956533571584,
        "max": 13438196,
        "mean": 5584836.5,
        "median": 5359373,
        "min": 2239000.75,
        "var": 2.49826036941e+12
    },
    "spectral_strongpeak": {
        "dmean": 0.549116551876,
        "dmean2": 0.908686518669,
        "dvar": 0.810278534889,
        "dvar2": 1.82754862309,
        "max": 8.67604255676,
        "mean": 1.02672147751,
        "median": 0.464571028948,
        "min": 0,
        "var": 1.67857933044
    },
    "zerocrossingrate": {
        "dmean": 0.0142451897264,
        "dmean2": 0.0157978460193,
        "dvar": 0.000348531408235,
        "dvar2": 0.000380461890018,
        "max": 0.31201171875,
        "mean": 0.0733078941703,
        "median": 0.060546875,
        "min": 0.00390625,
        "var": 0.00275951530784
    },
    "barkbands": {
        "dmean": [0.000699509168044, 0.00606292672455, 0.00346548017114, 0.0014574296074, 0.00296577461995, 0.00122049369384, 0.00100237154402, 0.00233726412989, 0.000717938877642, 0.00149346888065, 0.000662648060825, 0.00071504409425, 0.000576496415306, 0.000308807007968, 0.000291425239993, 0.000249006581726, 0.000311000971124, 0.000178033005795, 0.000277471437585, 0.000168316590134, 0.00021884929447, 0.000301825697534, 0.000459207891254, 0.000370281108189, 0.000181769224582, 4.23348465119e-05, 1.08320399761e-07],
        "dmean2": [0.00103496713564, 0.0100401630625, 0.00601151166484, 0.00258511537686, 0.00479082763195, 0.00199494371191, 0.00167751288973, 0.00363555457443, 0.001118557062, 0.00236335047521, 0.00106771278661, 0.00118694908451, 0.000922365230508, 0.000483941694256, 0.000455238943687, 0.000408893072745, 0.000504736730363, 0.000288494484266, 0.000430003274232, 0.000270973832812, 0.000343244668329, 0.0004554213956, 0.000679484044667, 0.00055263080867, 0.000272597302683, 6.38038909528e-05, 1.9334815704e-07],
        "dvar": [1.65635321991e-06, 0.000121443750686, 0.000114546470286, 1.02331669041e-05, 2.44743132498e-05, 5.19847617397e-06, 6.37214225208e-06, 1.80820279638e-05, 2.47995262725e-06, 1.18541356642e-05, 3.63468029718e-06, 3.93410891775e-06, 2.17699584937e-06, 4.77414005218e-07, 3.41408281201e-07, 3.80624413765e-07, 2.60449695588e-07, 9.33882020604e-08, 3.31968323053e-07, 7.71383028564e-08, 1.77906059662e-07, 4.72766714665e-07, 1.37012466439e-06, 7.46129614981e-07, 1.1451564319e-07, 8.49623216226e-09, 4.9619591205e-13],
        "dvar2": [3.56708892468e-06, 0.000367111730156, 0.000311470386805, 2.75865913864e-05, 6.23981832177e-05, 1.21458151625e-05, 1.72518703039e-05, 4.24231802754e-05, 6.05495961281e-06, 3.07337213599e-05, 9.16130920814e-06, 1.05678554974e-05, 5.41681492905e-06, 1.18767718504e-06, 8.16598287656e-07, 9.33809928938e-07, 6.57066948406e-07, 2.29549073083e-07, 7.54677216719e-07, 1.83342606874e-07, 4.23054416387e-07, 9.9513817986e-07, 2.87465240945e-06, 1.60127854087e-06, 2.4236848617e-07, 1.78592731714e-08, 1.35130069027e-12],
        "max": [0.0153805864975, 0.097175180912, 0.120743885636, 0.0370231717825, 0.0521101877093, 0.0358756221831, 0.0276116188616, 0.0412592068315, 0.0275502707809, 0.0516724213958, 0.0256617292762, 0.0290318373591, 0.0236706882715, 0.0121752917767, 0.00930685549974, 0.0118972621858, 0.00942857842892, 0.00471884105355, 0.00724039878696, 0.00307612563483, 0.00655229855329, 0.0115554770455, 0.01464001555, 0.0110279833898, 0.00340856309049, 0.00190780556295, 1.79263770406e-05],
        "mean": [0.00175608019345, 0.0151367140934, 0.00323827890679, 0.00138584687375, 0.00443879049271, 0.00211218977347, 0.00132236257195, 0.00393601506948, 0.00112354429439, 0.00214855582453, 0.000922755571082, 0.00101431878284, 0.000858635292388, 0.000463463307824, 0.000465556571726, 0.000387763808249, 0.000533153477591, 0.000299683539197, 0.000444496865384, 0.000289407355012, 0.000393936090404, 0.000557844759896, 0.000820144137833, 0.00066053919727, 0.000304121640511, 7.07162253093e-05, 7.77912347871e-08],
        "median": [0.000285367656033, 0.00817717332393, 0.000610035262071, 0.000406590697821, 0.00226437253878, 0.00103442789987, 0.000428741739597, 0.0012806984596, 0.000559099134989, 0.000673942500725, 0.00022973146406, 0.000192012783373, 0.000179271577508, 0.000154577777721, 0.000199723537662, 0.000147077531437, 0.000269940355793, 0.000175974681042, 0.000210862679523, 0.000145080761285, 0.000178105852683, 0.00021658265905, 0.000191119790543, 0.000150033447426, 8.152933151e-05, 1.82666244655e-05, 1.02896913212e-09],
        "min": [7.99603228074e-09, 1.51058395659e-06, 9.13561962079e-06, 1.82363100976e-06, 3.08070138999e-06, 5.06742594553e-07, 5.6012964933e-07, 6.03163584856e-07, 1.75780792233e-06, 3.73187822333e-06, 4.98363476709e-07, 2.0049790237e-06, 1.75555237547e-06, 1.11884435228e-06, 2.47303933065e-06, 8.43725956656e-07, 4.60737373942e-06, 1.08015876776e-06, 7.61959654483e-06, 2.47834577749e-06, 8.13041253878e-07, 6.73546992402e-07, 1.53134891434e-07, 4.21041868037e-08, 2.18048401557e-09, 4.18073839437e-11, 8.19006841513e-12],
        "var": [8.61360513227e-06, 0.000339283724315, 8.64490430104e-05, 8.4926141426e-06, 4.00291792175e-05, 1.03290294646e-05, 6.97416044204e-06, 4.67103600386e-05, 4.00711087423e-06, 2.33479349845e-05, 6.36162531009e-06, 6.99146721672e-06, 3.74038268092e-06, 9.41131361287e-07, 7.03099146904e-07, 6.34544335298e-07, 5.86383009704e-07, 1.41675926102e-07, 5.178441711e-07, 1.50999923676e-07, 3.54558466142e-07, 1.09822235572e-06, 3.21665856973e-06, 1.726204232e-06, 2.67252204367e-07, 2.1498673064e-08, 3.31457029792e-13]
    },
    "erbbands": {
        "dmean": [0.203359141946, 1.41342878342, 3.50113725662, 4.45461416245, 5.95510578156, 10.5000762939, 13.9397783279, 9.10156536102, 12.2821016312, 35.3638877869, 37.9546928406, 17.7236480713, 29.2016410828, 46.5685691833, 24.5234508514, 29.8511295319, 23.3606891632, 19.5594596863, 13.1684913635, 13.1332979202, 11.8889369965, 14.6472949982, 11.2715082169, 11.5943565369, 12.5118141174, 8.38266468048, 8.66622638702, 8.55089378357, 10.201458931, 12.6545829773, 13.6709165573, 9.02850151062, 5.7641916275, 2.70738339424, 0.961132526398, 0.267103970051, 0.0742353200912, 0.00518570095301, 0.000115974893561, 2.07848679565e-05],
        "dmean2": [0.313702255487, 2.41198134422, 5.9902510643, 7.7212061882, 10.2240953445, 17.1091079712, 22.5254669189, 15.2853527069, 19.8453807831, 56.1267356873, 59.897769928, 27.7841339111, 44.6275787354, 74.0639572144, 38.9529762268, 49.2137908936, 37.0432395935, 31.1744232178, 20.6297874451, 20.4560527802, 19.3107147217, 23.533454895, 18.0307941437, 18.0367069244, 19.5394668579, 13.5234708786, 13.2938776016, 13.3572006226, 15.3304605484, 18.8047428131, 20.3824100494, 13.9284162521, 8.75983905792, 4.03859901428, 1.50947320461, 0.40917211771, 0.114426583052, 0.00803321879357, 0.000174345841515, 3.0992905522e-05],
        "dvar": [0.118636377156, 7.57681751251, 87.0054626465, 140.012802124, 152.214828491, 386.656890869, 755.156860352, 342.923706055, 1188.92358398, 6091.67480469, 5981.95849609, 1612.4453125, 4000.22070312, 16656.0605469, 3893.32739258, 7097.69335938, 3312.35571289, 2342.40112305, 614.164978027, 843.382324219, 550.20501709, 592.401000977, 328.533905029, 530.868164062, 695.326721191, 226.53855896, 260.340606689, 330.115997314, 534.78112793, 968.541320801, 1219.6003418, 449.713134766, 199.308853149, 30.1373653412, 2.91450619698, 0.302523761988, 0.0290039721876, 0.000160766314366, 6.78345770666e-08, 7.76586628337e-10],
        "dvar2": [0.276872426271, 23.5101509094, 235.693359375, 340.41708374, 404.063262939, 902.905212402, 1957.68139648, 795.860900879, 3030.02099609, 16413.0976562, 13656.5097656, 3977.28979492, 8745.55859375, 44494.1289062, 9599.63867188, 18840.9511719, 7905.67089844, 6335.48730469, 1505.25683594, 2010.05688477, 1392.06665039, 1429.89233398, 794.649353027, 1260.51904297, 1622.3092041, 542.043212891, 585.613647461, 748.216308594, 1162.96081543, 2142.7277832, 2595.94799805, 953.270935059, 439.449798584, 61.8200950623, 6.80506515503, 0.669577658176, 0.061427321285, 0.000387737178244, 1.59472335781e-07, 1.71527603232e-09],
        "max": [5.1699461937, 23.565530777, 104.018959045, 127.686668396, 122.831977844, 271.809783936, 417.958068848, 333.786834717, 397.276794434, 987.10748291, 1071.13659668, 764.780395508, 1015.04467773, 1854.20251465, 818.799255371, 1264.28112793, 1182.85266113, 805.180603027, 360.44128418, 499.676849365, 413.852661133, 354.392089844, 327.580200195, 316.369415283, 358.472595215, 172.115386963, 163.552322388, 304.249816895, 389.498504639, 556.01184082, 419.299621582, 258.061950684, 185.353424072, 60.5690116882, 17.1066856384, 9.34255409241, 3.42145466805, 0.348933517933, 0.00587477255613, 0.000526617048308],
        "mean": [0.640444874763, 2.56463217735, 3.87757205963, 4.60177755356, 7.22167348862, 16.1207046509, 22.4767856598, 14.636302948, 18.0502624512, 57.9829483032, 63.162311554, 30.549823761, 44.9151725769, 67.3746566772, 37.3842887878, 46.3778114319, 37.9378013611, 30.5146045685, 22.8935203552, 23.4986400604, 20.5099868774, 25.9085559845, 19.9198608398, 19.6095867157, 21.0446777344, 14.6570100784, 15.8490247726, 15.2590770721, 18.8017959595, 22.610250473, 23.8320236206, 16.3152980804, 9.71355342865, 4.54291343689, 1.56429743767, 0.443203568459, 0.11783143878, 0.00733955996111, 0.000207454213523, 7.13494591764e-05],
        "median": [0.260334223509, 1.14049005508, 1.11384773254, 1.31520760059, 3.41375112534, 7.31548213959, 10.4002952576, 8.12579345703, 6.73903560638, 16.014251709, 25.4888954163, 16.1257019043, 19.396364212, 13.0776748657, 11.4181480408, 10.5635538101, 9.29479885101, 9.49234485626, 10.3517436981, 9.49636173248, 9.09140110016, 13.8958187103, 12.3823471069, 9.65890312195, 10.2694454193, 6.93960666656, 7.28509235382, 6.48733997345, 7.16567373276, 6.56234645844, 5.36152601242, 3.96205306053, 1.97388708591, 1.05729579926, 0.487094014883, 0.138694286346, 0.0241447240114, 0.00135964737274, 6.6482629336e-05, 6.25325264991e-05],
        "min": [3.16390141961e-05, 0.000923689513002, 0.0121545502916, 0.00754131097347, 0.0113781159744, 0.00961620453745, 0.00733287539333, 0.00864919275045, 0.00777600472793, 0.01145098079, 0.01703392528, 0.0626604035497, 0.0834463611245, 0.11859690398, 0.0520161613822, 0.106948971748, 0.0947783365846, 0.068989560008, 0.14561483264, 0.121014565229, 0.327569514513, 0.48910215497, 0.172068789601, 0.371123373508, 0.303850740194, 0.140601336956, 0.0404416657984, 0.0255470424891, 0.0229539740831, 0.0133266402408, 0.00506241153926, 0.00138777447864, 0.000444148492534, 7.48458114685e-05, 3.06565307255e-05, 2.50668181252e-05, 1.47906230268e-05, 1.22993412788e-06, 3.50043410435e-06, 3.69072154172e-06],
        "var": [0.64065438509, 12.8298196793, 75.3095169067, 127.960037231, 167.40663147, 733.201904297, 1260.2644043, 477.971191406, 1421.51977539, 14295.5224609, 12877.6308594, 2479.74169922, 8253.43261719, 31910.6699219, 6511.296875, 13255.3955078, 5782.24121094, 4922.61035156, 1275.56616211, 1922.38867188, 1079.25598145, 1241.08630371, 595.359313965, 842.014404297, 1071.48999023, 422.118469238, 546.0390625, 670.751098633, 1233.06567383, 2015.43566895, 2819.60498047, 1088.83789062, 399.483551025, 71.1812744141, 6.07394599915, 0.625902056694, 0.0778893902898, 0.000361310143489, 1.54228999349e-07, 2.40872299884e-09]
    },
    "gfcc": {
        "mean": [36.0256500244, 75.3498687744, -112.960456848, 40.1865730286, -74.6424255371, 24.90508461, -39.983039856, 17.0742874146, -20.4943847656, 1.21186995506, -13.4356603622, 1.4335180521, -7.74349880219],
        "cov": [[2869.46118164, -897.418945312, 332.307647705, 171.17918396, 65.4209289551, 448.690948486, -48.6152381897, 141.620010376, 37.9661026001, 356.848358154, -62.1665458679, 190.185699463, -233.725692749], [-897.418945312, 1083.40283203, -128.171417236, -171.480178833, 161.409255981, -240.300582886, 87.0147476196, -75.8658218384, 45.2666664124, -93.205291748, 122.338951111, -28.9060573578, 107.695678711], [332.307647705, -128.171417236, 741.481933594, 327.596038818, 164.954833984, 215.611022949, 54.2902908325, 131.127532959, 105.147094727, 96.2995300293, -21.048412323, 65.7253952026, -18.7657814026], [171.17918396, -171.480178833, 327.596038818, 680.112854004, 278.297149658, 173.502670288, 128.880401611, 96.1119537354, 155.568649292, 53.7599945068, 22.0565032959, -54.3935623169, 36.3682289124], [65.4209289551, 161.409255981, 164.954833984, 278.297149658, 577.645080566, 199.40814209, 221.736938477, 114.080177307, 101.791671753, 112.882995605, -6.6261048317, 33.6709518433, 9.26184463501], [448.690948486, -240.300582886, 215.611022949, 173.502670288, 199.40814209, 447.681060791, 181.319366455, 87.3298110962, 61.4113883972, 72.1192703247, 3.25005340576, 41.5622291565, -12.3433036804], [-48.6152381897, 87.0147476196, 54.2902908325, 128.880401611, 221.736938477, 181.319366455, 310.809112549, 98.3558120728, 60.1233253479, 37.8606567383, 17.4113883972, 21.0531902313, 25.6409721375], [141.620010376, -75.8658218384, 131.127532959, 96.1119537354, 114.080177307, 87.3298110962, 98.3558120728, 164.179626465, 82.4064941406, 65.745765686, -16.0915317535, 21.7288017273, -10.5299663544], [37.9661026001, 45.2666664124, 105.147094727, 155.568649292, 101.791671753, 61.4113883972, 60.1233253479, 82.4064941406, 203.404602051, 70.7463989258, 11.9811811447, -17.1064491272, -1.49281203747], [356.848358154, -93.205291748, 96.2995300293, 53.7599945068, 112.882995605, 72.1192703247, 37.8606567383, 65.745765686, 70.7463989258, 161.490234375, -1.15836441517, 30.8331260681, -50.2457771301], [-62.1665458679, 122.338951111, -21.048412323, 22.0565032959, -6.6261048317, 3.25005340576, 17.4113883972, -16.0915317535, 11.9811811447, -1.15836441517, 106.390350342, 15.5450716019, 24.0608196259], [190.185699463, -28.9060573578, 65.7253952026, -54.3935623169, 33.6709518433, 41.5622291565, 21.0531902313, 21.7288017273, -17.1064491272, 30.8331260681, 15.5450716019, 110.80040741, 4.41023206711], [-233.725692749, 107.695678711, -18.7657814026, 36.3682289124, 9.26184463501, -12.3433036804, 25.6409721375, -10.5299663544, -1.49281203747, -50.2457771301, 24.0608196259, 4.41023206711, 93.2294921875]],
        "icov": [[0.000920533493627, -0.000174389046151, 0.00043562593055, -0.000837066094391, 0.000663270009682, -0.00105319800787, 0.000744489079807, -0.000305601017317, 0.000524818373378, -0.00155272742268, 0.000746506149881, -0.00183602550533, 0.00154459185433], [-0.000174389046151, 0.00365449092351, -0.00155341660138, 0.00313924788497, -0.00302602397278, 0.00299682607874, -0.00193159002811, 0.00212800921872, -0.00237141014077, 0.00237247301266, -0.00451531773433, 0.00316595449112, -0.00247081369162], [0.00043562593055, -0.00155341660138, 0.00318271270953, -0.0028134980239, 0.00168783427216, -0.00228992360644, 0.0018089908408, -0.00192213896662, 0.000949026609305, -0.00163549091667, 0.0028314862866, -0.00391917675734, 0.00202764198184], [-0.000837066094391, 0.00313924788497, -0.0028134980239, 0.00627205893397, -0.00400657951832, 0.00295270071365, -0.00214387546293, 0.00188296963461, -0.00315451575443, 0.00314387911931, -0.00523949088529, 0.00670284265652, -0.00446760468185], [0.000663270009682, -0.00302602397278, 0.00168783427216, -0.00400657951832, 0.00599734531716, -0.0031862880569, 0.000409516040236, -0.00180402875412, 0.00216558016837, -0.0043394099921, 0.0049986327067, -0.00450013298541, 0.00234579574317], [-0.00105319800787, 0.00299682607874, -0.00228992360644, 0.00295270071365, -0.0031862880569, 0.00691330805421, -0.0040106298402, 0.00218483502977, -0.00229414296336, 0.00312192807905, -0.00419745314866, 0.00357448379509, -0.00257328269072], [0.000744489079807, -0.00193159002811, 0.0018089908408, -0.00214387546293, 0.000409516040236, -0.0040106298402, 0.00766440015286, -0.00401845155284, 0.00160325539764, -0.00163065223023, 0.00172621908132, -0.00277621811256, 0.000997340655886], [-0.000305601017317, 0.00212800921872, -0.00192213896662, 0.00188296963461, -0.00180402875412, 0.00218483502977, -0.00401845155284, 0.0122194793075, -0.00431246077642, -4.1263328967e-06, -0.000366838066839, 0.000682743964717, -0.00140084582381], [0.000524818373378, -0.00237141014077, 0.000949026609305, -0.00315451575443, 0.00216558016837, -0.00229414296336, 0.00160325539764, -0.00431246077642, 0.00979224313051, -0.00507084559649, 0.0018203050131, -0.000259633845417, 0.000996147398837], [-0.00155272742268, 0.00237247301266, -0.00163549091667, 0.00314387911931, -0.0043394099921, 0.00312192807905, -0.00163065223023, -4.1263328967e-06, -0.00507084559649, 0.0156155014411, -0.00480478256941, 0.00169834611006, 0.00259797670878], [0.000746506149881, -0.00451531773433, 0.0028314862866, -0.00523949088529, 0.0049986327067, -0.00419745314866, 0.00172621908132, -0.000366838066839, 0.0018203050131, -0.00480478256941, 0.0173231456429, -0.0077824681066, 0.00146973831579], [-0.00183602550533, 0.00316595449112, -0.00391917675734, 0.00670284265652, -0.00450013298541, 0.00357448379509, -0.00277621811256, 0.000682743964717, -0.000259633845417, 0.00169834611006, -0.0077824681066, 0.0199329871684, -0.00792600680143], [0.00154459185433, -0.00247081369162, 0.00202764198184, -0.00446760468185, 0.00234579574317, -0.00257328269072, 0.000997340655886, -0.00140084582381, 0.000996147398837, 0.00259797670878, 0.00146973831579, -0.00792600680143, 0.020009117201]]
    },
    "melbands": {
        "dmean": [0.00170832907315, 0.00165618641768, 0.000786827644333, 0.000561817199923, 0.000510986254085, 0.000212154569454, 0.000188846534002, 0.000430372514529, 0.000283603178104, 0.000102385696664, 0.000152321168571, 0.000198888432351, 8.26205287012e-05, 8.67129056132e-05, 7.0342750405e-05, 4.6647452109e-05, 3.70122324966e-05, 2.09370664379e-05, 2.13999883272e-05, 2.08120054594e-05, 1.43654287967e-05, 1.55382313096e-05, 1.80184342753e-05, 7.71800932853e-06, 1.03814300019e-05, 1.10623577712e-05, 6.7612836574e-06, 5.54752705284e-06, 6.05254308539e-06, 4.96606935485e-06, 5.55452152184e-06, 5.76399406782e-06, 6.94397658663e-06, 7.81191829446e-06, 8.36385606817e-06, 7.46107161831e-06, 5.31400610271e-06, 4.51233154308e-06, 3.35219260705e-06, 2.11165524888e-06],
        "dmean2": [0.00275913928635, 0.00275730038993, 0.00135934236459, 0.000922255392652, 0.000821020803414, 0.000352645845851, 0.000307438371237, 0.000679467630107, 0.000450119405286, 0.000160192867042, 0.000233705315623, 0.000318080361467, 0.000131947468617, 0.000144835838, 0.000111750247015, 7.45824509067e-05, 5.92160831729e-05, 3.30987750203e-05, 3.37194942404e-05, 3.40499500453e-05, 2.39066757786e-05, 2.51238288911e-05, 2.93406956189e-05, 1.2497723219e-05, 1.63033982972e-05, 1.71444899024e-05, 1.11228637252e-05, 9.0092771643e-06, 9.37536970014e-06, 7.8086159192e-06, 8.85387453309e-06, 8.87483838596e-06, 1.04705250124e-05, 1.19773703773e-05, 1.26952745632e-05, 1.1455321328e-05, 8.16189731268e-06, 6.94707250659e-06, 5.01111117046e-06, 3.25368114318e-06],
        "dvar": [8.79689559952e-06, 1.31733113449e-05, 3.47949503521e-06, 1.11590975393e-06, 9.52420521116e-07, 1.95116157897e-07, 2.67718860414e-07, 8.27436338113e-07, 3.42246863738e-07, 5.82054298093e-08, 1.07160303742e-07, 3.11359372063e-07, 4.97045498093e-08, 6.07901782246e-08, 3.18437614055e-08, 1.5400946296e-08, 8.20118550848e-09, 1.46752843211e-09, 2.28939023295e-09, 3.19040016628e-09, 7.55646822892e-10, 8.21320178535e-10, 7.77779285421e-10, 1.97155874959e-10, 4.66374716623e-10, 5.20239684665e-10, 1.42198530728e-10, 1.09066089493e-10, 1.3802926857e-10, 1.0210717688e-10, 1.31325589292e-10, 1.68087765928e-10, 2.41278469426e-10, 4.01012972828e-10, 4.68044714097e-10, 3.60950880296e-10, 1.42760844812e-10, 1.26374993803e-10, 5.3008989559e-11, 1.70305054781e-11],
        "dvar2": [2.45537466981e-05, 3.4839638829e-05, 8.42977351567e-06, 2.75204024547e-06, 2.48890410148e-06, 4.55013804412e-07, 6.80870016367e-07, 2.1584814931e-06, 8.02563533853e-07, 1.46352050479e-07, 2.37427087768e-07, 8.33548142509e-07, 1.19714997027e-07, 1.65543255548e-07, 7.63180949548e-08, 4.30509068394e-08, 2.12760351559e-08, 3.70234043423e-09, 5.51323386944e-09, 8.10364753079e-09, 1.97413130287e-09, 2.10869344208e-09, 1.95259808322e-09, 4.91975016281e-10, 1.13111187083e-09, 1.15054887839e-09, 3.33991029278e-10, 2.65184957327e-10, 3.30572402785e-10, 2.46703019124e-10, 2.99685831706e-10, 3.58603036155e-10, 5.50444911873e-10, 9.21665188613e-10, 9.86838832873e-10, 8.40715830286e-10, 3.26642352055e-10, 2.90670904013e-10, 1.13094970888e-10, 3.60690713408e-11],
        "max": [0.0342417471111, 0.0386138111353, 0.0190081335604, 0.0137547552586, 0.0149139538407, 0.00807286985219, 0.00547674717382, 0.0106041301042, 0.00774621777236, 0.00415265979245, 0.00506897317246, 0.00831493362784, 0.0037078706082, 0.00416460679844, 0.00348045770079, 0.00214402750134, 0.0014660442248, 0.000542465597391, 0.000812024576589, 0.00109841290396, 0.0004009254626, 0.000432825239841, 0.000416187074734, 0.00021618824394, 0.000304704852169, 0.000301676889649, 0.000143414188642, 0.000127567633172, 0.000136235787068, 0.000178924616193, 0.000165902922163, 0.000220499525312, 0.000218587418203, 0.000357515731594, 0.000260759145021, 0.000286372553091, 0.000151154847117, 0.000141983749927, 9.2986607342e-05, 4.67873214802e-05],
        "mean": [0.00487847067416, 0.00250266934745, 0.000852274068166, 0.000818511005491, 0.000825993949547, 0.000345429347362, 0.000264917267486, 0.000718266877811, 0.000471337494673, 0.000164397832123, 0.000222631715587, 0.000278280756902, 0.000119191347039, 0.000124371581478, 0.000103147955087, 7.12406763341e-05, 5.48616953893e-05, 3.37382007274e-05, 3.41336744896e-05, 3.21620282193e-05, 2.256816515e-05, 2.57433239312e-05, 2.79506621155e-05, 1.26243039631e-05, 1.59265837283e-05, 1.7645817934e-05, 1.11003400889e-05, 9.10577182367e-06, 1.01632485894e-05, 8.53460642247e-06, 8.9880240921e-06, 1.02449575934e-05, 1.1600363905e-05, 1.29845193442e-05, 1.41080317917e-05, 1.23278250612e-05, 8.92929074325e-06, 7.09292180545e-06, 5.29919589098e-06, 3.33051070811e-06],
        "median": [0.0023773717694, 0.00103915750515, 0.000298517406918, 0.000399133743485, 0.00039483999717, 0.000178536589374, 9.16704448173e-05, 0.000191652186913, 0.000208594006835, 8.69005234563e-05, 9.1481830168e-05, 4.8303114454e-05, 3.45330990967e-05, 2.6822763175e-05, 2.49246713793e-05, 1.44964151332e-05, 1.59390892804e-05, 1.47645168909e-05, 1.4365376046e-05, 1.12479710879e-05, 9.92010882328e-06, 1.29802747324e-05, 1.60138715728e-05, 6.65157676849e-06, 7.15127634976e-06, 7.99636291049e-06, 5.62659579373e-06, 4.13371071772e-06, 4.4518615141e-06, 3.73089869754e-06, 3.67251209354e-06, 3.75099443772e-06, 4.0985337364e-06, 3.29139334099e-06, 3.05551202473e-06, 2.75206025435e-06, 2.1160601591e-06, 1.48059825733e-06, 1.19493222428e-06, 7.9881124293e-07],
        "min": [4.02735338412e-07, 3.9952287807e-06, 1.73192950115e-06, 4.62206799057e-07, 2.60223202986e-07, 1.43780084727e-07, 1.1577201775e-07, 8.44019041324e-08, 1.21743937598e-07, 3.07639766106e-07, 4.05357923228e-07, 4.16861865915e-07, 1.02759408094e-07, 2.06130025049e-07, 2.38691768573e-07, 1.85416865861e-07, 1.0534451178e-07, 2.16774566297e-07, 1.80037133646e-07, 7.43551069604e-08, 2.24098698709e-07, 3.88954390473e-07, 1.09958946837e-07, 4.89875091603e-08, 2.77489931477e-07, 1.33401854896e-07, 7.82001166044e-08, 4.92338045888e-08, 2.38523085727e-08, 7.14894499154e-09, 5.74725822489e-10, 1.57581547811e-09, 1.51686467831e-08, 1.39940226074e-09, 3.80084719254e-09, 9.02046048967e-10, 5.34864597057e-10, 7.96486557264e-11, 1.0498957953e-10, 1.88039583904e-11],
