{
"highlevel": {
    "danceability": {
        "all": {
            "danceable": 0.785187721252,
            "not_danceable": 0.214812248945
        },
        "probability": 0.785187721252,
        "value": "danceable"
    },
    "gender": {
        "all": {
            "female": 1.76620440495e-09,
            "male": 1
        },
        "probability": 1,
        "value": "male"
    },
    "genre_dortmund": {
        "all": {
            "alternative": 0.093303643167,
            "blues": 0.11519677937,
            "electronic": 0.0136692170054,
            "folkcountry": 0.322895407677,
            "funksoulrnb": 0.0243586599827,
            "jazz": 0.0689686909318,
            "pop": 0.0459496602416,
            "raphiphop": 0.0516407378018,
            "rock": 0.26401719451
        },
        "probability": 0.322895407677,
        "value": "folkcountry"
    },
    "genre_electronic": {
        "all": {
            "ambient": 0.781712412834,
            "dnb": 0.0734245106578,
            "house": 0.0715333074331,
            "techno": 0.0200240984559,
            "trance": 0.0533056929708
        },
        "probability": 0.781712412834,
        "value": "ambient"
    },
    "genre_rosamerica": {
        "all": {
            "cla": 0.023886250332,
            "dan": 0.0710910335183,
            "hip": 0.160109981894,
            "jaz": 0.039359215647,
            "pop": 0.174226030707,
            "rhy": 0.401059895754,
            "roc": 0.0858455076814,
            "spe": 0.0444220975041
        },
        "probability": 0.401059895754,
        "value": "rhy"
    },
    "genre_tzanetakis": {
        "all": {
            "blu": 0.0626541376114,
            "cla": 0.0348133966327,
            "cou": 0.0783501937985,
            "dis": 0.104547761381,
            "hip": 0.15693578124,
            "jaz": 0.313987255096,
            "met": 0.044816005975,
            "pop": 0.0627349764109,
            "reg": 0.0627352520823,
            "roc": 0.0784252434969
        },
        "probability": 0.313987255096,
        "value": "jaz"
    },
    "ismir04_rhythm": {
        "all": {
            "ChaChaCha": 0.219848394394,
            "Jive": 0.125091597438,
            "Quickstep": 0.0799949318171,
            "Rumba-American": 0.0491838566959,
            "Rumba-International": 0.0925505161285,
            "Rumba-Misc": 0.0233991108835,
            "Samba": 0.08266299963,
            "Tango": 0.0601122304797,
            "VienneseWaltz": 0.253661036491,
            "Waltz": 0.013495340012
        },
        "probability": 0.253661036491,
        "value": "VienneseWaltz"
    },
    "mood_acoustic": {
        "all": {
            "acoustic": 0.887460947037,
            "not_acoustic": 0.112539075315
        },
        "probability": 0.887460947037,
        "value": "acoustic"
    },
    "mood_aggressive": {
        "all": {
            "aggressive": 0.00579437846318,
            "not_aggressive": 0.994205594063
        },
        "probability": 0.994205594063,
        "value": "not_aggressive"
    },
    "mood_electronic": {
        "all": {
            "electronic": 0.194847896695,
            "not_electronic": 0.805152118206
        },
        "probability": 0.805152118206,
        "value": "not_electronic"
    },
    "mood_happy": {
        "all": {
            "happy": 0.637431383133,
            "not_happy": 0.362568616867
        },
        "probability": 0.637431383133,
        "value": "happy"
    },
    "mood_party": {
        "all": {
            "not_party": 0.858120024204,
            "party": 0.141879990697
        },
        "probability": 0.858120024204,
        "value": "not_party"
    },
    "mood_relaxed": {
        "all": {
            "not_relaxed": 0.269978791475,
            "relaxed": 0.730021238327
        },
        "probability": 0.730021238327,
        "value": "relaxed"
    },
    "mood_sad": {
        "all": {
            "not_sad": 0.389831632376,
            "sad": 0.610168397427
        },
        "probability": 0.610168397427,
        "value": "sad"
    },
    "moods_mirex": {
        "all": {
            "Cluster1": 0.131369501352,
            "Cluster2": 0.419673830271,
            "Cluster3": 0.146705895662,
            "Cluster4": 0.224252805114,
            "Cluster5": 0.0779979750514
        },
        "probability": 0.419673830271,
        "value": "Cluster2"
    },
    "timbre": {
        "all": {
            "bright": 0.999982953072,
            "dark": 1.70409675775e-05
        },
        "probability": 0.999982953072,
        "value": "bright"
    },
    "tonal_atonal": {
        "all": {
            "atonal": 0.000666124513373,
            "tonal": 0.99933385849
        },
        "probability": 0.99933385849,
        "value": "tonal"
    },
    "voice_instrumental": {
        "all": {
            "instrumental": 0.0795814916492,
            "voice": 0.9204185009
        },
        "probability": 0.9204185009,
        "value": "voice"
    }
},
"lowlevel": {
    "average_loudness": 0.975510776043,
    "barkbands_crest": {
        "dmean": 3.34920120239,
        "dmean2": 5.59626054764,
        "dvar": 9.01244258881,
        "dvar2": 24.4768657684,
        "max": 24.8733062744,
        "mean": 10.716629982,
        "median": 9.85138702393,
        "min": 3.36435961723,
        "var": 17.055398941
    },
    "barkbands_flatness_db": {
        "dmean": 0.0316252671182,
        "dmean2": 0.0481934733689,
        "dvar": 0.000965812068898,
        "dvar2": 0.0021511844825,
        "max": 0.469102650881,
        "mean": 0.162898033857,
        "median": 0.155062109232,
        "min": 0.0437445379794,
        "var": 0.00287762889639
    },
    "barkbands_kurtosis": {
        "dmean": 6.00416469574,
        "dmean2": 9.34658241272,
        "dvar": 113.447563171,
        "dvar2": 259.255218506,
        "max": 136.84312439,
        "mean": 7.85316514969,
        "median": 3.76334047318,
        "min": -1.92726373672,
        "var": 172.199005127
    },
    "barkbands_skewness": {
        "dmean": 0.80446356535,
        "dmean2": 1.20538604259,
        "dvar": 0.84135723114,
        "dvar2": 1.94155037403,
        "max": 9.8300743103,
        "mean": 2.03679466248,
        "median": 1.80107271671,
        "min": -3.85015106201,
        "var": 1.93376159668
    },
    "barkbands_spread": {
        "dmean": 6.82032966614,
        "dmean2": 10.7643251419,
        "dvar": 83.127822876,
        "dvar2": 190.693496704,
        "max": 105.234382629,
        "mean": 17.5806808472,
        "median": 15.1403722763,
        "min": 0.92143791914,
        "var": 164.387298584
    },
    "dissonance": {
        "dmean": 0.0283307284117,
        "dmean2": 0.0450266003609,
        "dvar": 0.00078076380305,
        "dvar2": 0.00191278907005,
        "max": 0.499969542027,
        "mean": 0.438291192055,
        "median": 0.449133098125,
        "min": 0.232786312699,
        "var": 0.00182771706022
    },
    "dynamic_complexity": 2.37438488007,
    "erbbands_crest": {
        "dmean": 3.5998146534,
        "dmean2": 5.79262113571,
        "dvar": 9.60691642761,
        "dvar2": 24.33294487,
        "max": 27.7389659882,
        "mean": 10.2952470779,
        "median": 9.43492126465,
        "min": 2.40517902374,
        "var": 21.2207736969
    },
    "erbbands_flatness_db": {
        "dmean": 0.029003828764,
        "dmean2": 0.0414956696332,
        "dvar": 0.00068485137308,
        "dvar2": 0.00140262895729,
        "max": 0.321839898825,
        "mean": 0.156391620636,
        "median": 0.15376123786,
        "min": 0.0516140423715,
        "var": 0.00206870445982
    },
    "erbbands_kurtosis": {
        "dmean": 1.64112758636,
        "dmean2": 2.56849336624,
        "dvar": 11.1330270767,
        "dvar2": 25.006111145,
        "max": 61.7264175415,
        "mean": 1.08025121689,
        "median": -0.0570299625397,
        "min": -1.7931483984,
        "var": 14.757396698
    },
    "erbbands_skewness": {
        "dmean": 0.506772756577,
        "dmean2": 0.764421522617,
        "dvar": 0.32954865694,
        "dvar2": 0.696717560291,
        "max": 7.15871238708,
        "mean": 0.730505466461,
        "median": 0.670544028282,
        "min": -4.4078912735,
        "var": 0.797217607498
    },
    "erbbands_spread": {
        "dmean": 13.5147981644,
        "dmean2": 20.1153507233,
        "dvar": 211.878768921,
        "dvar2": 474.961303711,
        "max": 150.710952759,
        "mean": 42.4547080994,
        "median": 36.808681488,
        "min": 4.10316133499,
        "var": 536.719055176
    },
    "hfc": {
        "dmean": 7.95658063889,
        "dmean2": 10.7603378296,
        "dvar": 84.6350402832,
        "dvar2": 177.261581421,
        "max": 79.2543106079,
        "mean": 18.3518352509,
        "median": 14.7004957199,
        "min": 0.0226725246757,
        "var": 212.481262207
    },
    "melbands_crest": {
        "dmean": 3.91504859924,
        "dmean2": 6.53999662399,
        "dvar": 12.7242212296,
        "dvar2": 33.6195983887,
        "max": 31.3103199005,
        "mean": 13.9587469101,
        "median": 12.9501552582,
        "min": 4.75656795502,
        "var": 25.875169754
    },
    "melbands_flatness_db": {
        "dmean": 0.0379390791059,
        "dmean2": 0.0566317178309,
        "dvar": 0.00143715634476,
        "dvar2": 0.00307930400595,
        "max": 0.594444692135,
        "mean": 0.222783118486,
        "median": 0.213436216116,
        "min": 0.0429846420884,
        "var": 0.00455148657784
    },
    "melbands_kurtosis": {
        "dmean": 13.9420461655,
        "dmean2": 21.6427574158,
        "dvar": 609.825317383,
        "dvar2": 1343.0513916,
        "max": 454.414001465,
        "mean": 21.3853721619,
        "median": 10.6766624451,
        "min": -1.83673787117,
        "var": 1103.51904297
    },
    "melbands_skewness": {
        "dmean": 1.11608016491,
        "dmean2": 1.6241453886,
        "dvar": 1.44449627399,
        "dvar2": 3.26752257347,
        "max": 15.0840349197,
        "mean": 3.08470821381,
        "median": 2.67831659317,
        "min": -0.998474776745,
        "var": 4.02553606033
    },
    "melbands_spread": {
        "dmean": 6.68882417679,
        "dmean2": 10.4053134918,
        "dvar": 211.941604614,
        "dvar2": 471.488952637,
        "max": 216.462875366,
        "mean": 17.0804615021,
        "median": 14.5477313995,
        "min": 0.720648407936,
        "var": 346.472290039
    },
    "pitch_salience": {
        "dmean": 0.0837540626526,
        "dmean2": 0.138438940048,
        "dvar": 0.00527833215892,
        "dvar2": 0.0144229298458,
        "max": 0.805891513824,
        "mean": 0.568887293339,
        "median": 0.576932072639,
        "min": 0.165619060397,
        "var": 0.0111144632101
    },
    "silence_rate_20dB": {
        "dmean": 0,
        "dmean2": 0,
        "dvar": 0,
        "dvar2": 0,
        "max": 1,
        "mean": 1,
        "median": 1,
        "min": 1,
        "var": 0
    },
    "silence_rate_30dB": {
        "dmean": 0.00154798757285,
        "dmean2": 0.00309837330133,
        "dvar": 0.00154558138456,
        "dvar2": 0.00463790819049,
        "max": 1,
        "mean": 0.999226629734,
        "median": 1,
        "min": 0,
        "var": 0.000772795407102
    },
    "silence_rate_60dB": {
        "dmean": 0.0379256978631,
        "dmean2": 0.075135551393,
        "dvar": 0.0364871546626,
        "dvar2": 0.0818840712309,
        "max": 1,
        "mean": 0.0433101318777,
        "median": 0,
        "min": 0,
        "var": 0.0414345152676
    },
    "spectral_centroid": {
        "dmean": 249.498260498,
        "dmean2": 368.788604736,
        "dvar": 127078.539062,
        "dvar2": 279570.75,
        "max": 5737.26318359,
        "mean": 941.762756348,
        "median": 889.079833984,
        "min": 161.33795166,
        "var": 265318.03125
    },
    "spectral_complexity": {
        "dmean": 3.95356035233,
        "dmean2": 5.53756761551,
        "dvar": 19.2486114502,
        "dvar2": 37.1331367493,
        "max": 44,
        "mean": 14.3472547531,
        "median": 14,
        "min": 0,
        "var": 58.9196166992
    },
    "spectral_decrease": {
        "dmean": 3.89667675904e-09,
        "dmean2": 5.87429527243e-09,
        "dvar": 2.60263413102e-17,
        "dvar2": 6.37808463919e-17,
        "max": -1.06089295335e-11,
        "mean": -7.56964180226e-09,
        "median": -6.28280627524e-09,
        "min": -3.37059482547e-08,
        "var": 3.7478991072e-17
    },
    "spectral_energy": {
        "dmean": 0.0152951972559,
        "dmean2": 0.0229256264865,
        "dvar": 0.000384915241739,
        "dvar2": 0.000936782045756,
        "max": 0.129895299673,
        "mean": 0.0302340742201,
        "median": 0.0250737443566,
        "min": 4.20969918196e-05,
        "var": 0.000575421203393
    },
    "spectral_energyband_high": {
        "dmean": 0.000464323093183,
        "dmean2": 0.000678870477714,
        "dvar": 5.74284797494e-07,
        "dvar2": 1.39252051667e-06,
        "max": 0.00710547203198,
        "mean": 0.000657502037939,
        "median": 0.000344281230355,
        "min": 6.18492350668e-08,
        "var": 8.3135512341e-07
    },
    "spectral_energyband_low": {
        "dmean": 0.00769174657762,
        "dmean2": 0.0128928245977,
        "dvar": 0.000290769297862,
        "dvar2": 0.000747943937313,
        "max": 0.116134643555,
        "mean": 0.00864968635142,
        "median": 0.00466167554259,
        "min": 5.87238491789e-06,
        "var": 0.000241639048909
    },
    "spectral_energyband_middle_high": {
        "dmean": 0.00174815556966,
        "dmean2": 0.00231375917792,
        "dvar": 5.07076902068e-06,
        "dvar2": 9.63954971667e-06,
        "max": 0.0307644028217,
        "mean": 0.00379420584068,
        "median": 0.0025822063908,
        "min": 1.3650397932e-06,
        "var": 1.45487365444e-05
    },
    "spectral_energyband_middle_low": {
        "dmean": 0.00882110837847,
        "dmean2": 0.0130668701604,
        "dvar": 0.000113057707495,
        "dvar2": 0.000258357060375,
        "max": 0.102886810899,
        "mean": 0.0181720666587,
        "median": 0.0152219738811,
        "min": 2.49428467214e-05,
        "var": 0.000225241921726
    },
    "spectral_entropy": {
        "dmean": 0.31187209487,
        "dmean2": 0.451391428709,
        "dvar": 0.100138552487,
        "dvar2": 0.208683878183,
        "max": 8.88306522369,
        "mean": 7.37037754059,
        "median": 7.4213924408,
        "min": 4.77438592911,
        "var": 0.260860383511
    },
    "spectral_flux": {
        "dmean": 0.0415560789406,
        "dmean2": 0.063830897212,
        "dvar": 0.00185131735634,
        "dvar2": 0.00385225540958,
        "max": 0.303129762411,
        "mean": 0.103739358485,
        "median": 0.0894918367267,
        "min": 0.0037303767167,
        "var": 0.00352308526635
    },
    "spectral_kurtosis": {
        "dmean": 2.29579377174,
        "dmean2": 3.50133514404,
        "dvar": 10.5057477951,
        "dvar2": 23.0043849945,
        "max": 48.8615875244,
        "mean": 4.76163053513,
        "median": 3.71034193039,
        "min": -1.05558943748,
        "var": 18.7078990936
    },
    "spectral_rms": {
        "dmean": 0.00131547113415,
        "dmean2": 0.00188006914686,
        "dvar": 2.06480854104e-06,
        "dvar2": 4.45993009635e-06,
        "max": 0.0112573141232,
        "mean": 0.00499288830906,
        "median": 0.00494592636824,
        "min": 0.000202657931368,
        "var": 4.56769657831e-06
    },
    "spectral_rolloff": {
        "dmean": 481.364227295,
        "dmean2": 820.664978027,
        "dvar": 1131525,
        "dvar2": 2446884,
        "max": 12360.0585938,
        "mean": 1090.79858398,
        "median": 732.12890625,
        "min": 86.1328125,
        "var": 1917833.375
    },
    "spectral_skewness": {
        "dmean": 0.34910646081,
        "dmean2": 0.514301896095,
        "dvar": 0.145667672157,
        "dvar2": 0.30146676302,
        "max": 5.75498342514,
        "mean": 1.70378243923,
        "median": 1.62619245052,
        "min": -0.0245018545538,
        "var": 0.363582283258
    },
    "spectral_spread": {
        "dmean": 1021004.5625,
        "dmean2": 1516207.5,
        "dvar": 1.20051977421e+12,
        "dvar2": 2.67847676723e+12,
        "max": 14098322,
        "mean": 5178677.5,
        "median": 4976831,
        "min": 1706984.5,
        "var": 2.95356229222e+12
    },
    "spectral_strongpeak": {
        "dmean": 0.63843947649,
        "dmean2": 1.02387475967,
        "dvar": 0.590191662312,
        "dvar2": 1.24986588955,
        "max": 6.64348220825,
        "mean": 1.0805644989,
        "median": 0.640912532806,
        "min": 0.0105590531603,
        "var": 1.14019918442
    },
    "zerocrossingrate": {
        "dmean": 0.0128094460815,
        "dmean2": 0.015084524639,
        "dvar": 0.000310113275191,
        "dvar2": 0.00034010966192,
        "max": 0.35595703125,
        "mean": 0.0536108650267,
        "median": 0.0458984375,
        "min": 0.00439453125,
        "var": 0.00140971143264
    },
    "barkbands": {
        "dmean": [0.000317527621519, 0.00598256057128, 0.00158705178183, 0.00190129864495, 0.00398221286014, 0.00166534178425, 0.00204806867987, 0.00182955386117, 0.0015298880171, 0.000613306998275, 0.000380399113055, 0.000412959750975, 0.000362398393918, 0.000320862978697, 0.000293960969429, 0.000171827137819, 0.000157338989084, 9.94632573565e-05, 0.000102415033325, 5.97442340222e-05, 7.9193545389e-05, 0.000118648174976, 7.72677303758e-05, 9.84392172541e-05, 7.05646889401e-05, 4.44884026365e-05, 1.19518333008e-07],
        "dmean2": [0.000503016228322, 0.0102917011827, 0.00273406109773, 0.00323351519182, 0.00652153091505, 0.00260459561832, 0.00327314459719, 0.00279278564267, 0.00217172852717, 0.000852628145367, 0.0005321802455, 0.000671578280162, 0.000540425186045, 0.000462167314254, 0.000458415859612, 0.000260515662376, 0.000233620172366, 0.000148832899868, 0.000147447033669, 9.34935451369e-05, 0.000117876043078, 0.0001760890882, 0.00011629529763, 0.00016080311616, 0.000111784160254, 7.1363785537e-05, 2.14531439724e-07],
        "dvar": [7.63005118642e-07, 0.000241827685386, 5.74873365622e-06, 1.16099581646e-05, 5.45639632037e-05, 9.97845108941e-06, 2.19559315155e-05, 2.05394044315e-05, 1.54808058141e-05, 2.71089106718e-06, 1.07805033167e-06, 1.33799608193e-06, 4.97427151913e-07, 4.65831050178e-07, 2.45700817914e-07, 1.011797508e-07, 5.7650392904e-08, 1.92316864656e-08, 2.74744671458e-08, 1.10285407473e-08, 2.17931255264e-08, 3.06609635459e-08, 1.64217404119e-08, 4.42392185107e-08, 2.38899655614e-08, 1.07182609455e-08, 2.39674708032e-13],
        "dvar2": [1.93112919078e-06, 0.00064632674912, 1.58360853675e-05, 2.99419825751e-05, 0.000139989802847, 2.30899477174e-05, 5.34007049282e-05, 4.34766334365e-05, 3.43576757587e-05, 4.66195069748e-06, 2.28810449698e-06, 3.40431552104e-06, 1.03307456811e-06, 8.64817593538e-07, 5.41652525499e-07, 2.23551239742e-07, 1.2814996353e-07, 3.9395622764e-08, 5.37178088678e-08, 2.72714864025e-08, 5.48239853515e-08, 7.18386843346e-08, 3.70591273224e-08, 1.12031713684e-07, 5.9869613267e-08, 2.79832317318e-08, 6.74416577272e-13],
        "max": [0.00773886591196, 0.109323292971, 0.0178599879146, 0.0472087562084, 0.0747416988015, 0.0579842031002, 0.0849980264902, 0.0538116879761, 0.0705237090588, 0.0299961790442, 0.0151068195701, 0.0169734656811, 0.00890909414738, 0.0124212075025, 0.00564554613084, 0.00424941582605, 0.00402477942407, 0.00155623815954, 0.00217851949856, 0.00130706618074, 0.00263353530318, 0.0020628364291, 0.00175242265686, 0.00190040213056, 0.00144323299173, 0.00109267095104, 6.46412354399e-06],
        "mean": [0.000259218242718, 0.00529036298394, 0.00221884273924, 0.00246641109698, 0.00534197641537, 0.00248158187605, 0.00293657556176, 0.00232668709941, 0.00213995995, 0.000768065277953, 0.000492871564347, 0.000511561054736, 0.000532894919161, 0.000473200110719, 0.000456523644971, 0.000253257632721, 0.000266711664153, 0.000162671887665, 0.000159528921358, 7.5254109106e-05, 0.0001095514599, 0.000177400768735, 0.000106817504275, 0.000103443897387, 7.71313352743e-05, 4.55073604826e-05, 7.71728352333e-08],
        "median": [2.44771581492e-05, 0.00175661826506, 0.00124553381465, 0.00114797521383, 0.00275698280893, 0.00140226748772, 0.00101150339469, 0.000270685559371, 0.000335823919158, 0.000112493158667, 9.64439532254e-05, 0.000145596073708, 0.000166276149685, 0.00013389599917, 0.000166399753653, 0.000108036125312, 0.00014972484496, 8.07015530881e-05, 7.31624604668e-05, 3.3332122257e-05, 5.53655372642e-05, 8.90976152732e-05, 4.56368688901e-05, 3.03696433548e-05, 2.40061071963e-05, 1.36080843731e-05, 8.77043770942e-10],
        "min": [5.97504055122e-08, 2.81986672235e-07, 8.25881556921e-07, 6.56247379993e-07, 4.07368952438e-06, 6.94652726452e-07, 2.21839428605e-07, 1.58610646395e-07, 7.12372354883e-07, 8.03210937761e-08, 1.27481200707e-07, 5.60030208874e-08, 2.38111823592e-08, 2.26103971102e-08, 1.01261036889e-07, 6.96853277304e-08, 1.34012196895e-07, 6.03843801628e-08, 1.47211309809e-08, 5.84545079008e-09, 9.10549413646e-09, 1.37254003718e-08, 1.42000669001e-08, 1.08304041291e-08, 3.41520967062e-09, 5.04786601407e-10, 5.1187769301e-12],
        "var": [6.3776889192e-07, 0.000176400280907, 6.84584483679e-06, 1.59256196639e-05, 5.96065401623e-05, 1.42162625707e-05, 2.86771610263e-05, 3.25774417433e-05, 2.32451548072e-05, 5.01387876284e-06, 1.60863919518e-06, 1.47046762322e-06, 9.35410241709e-07, 9.1184745088e-07, 5.2385030358e-07, 1.83090406836e-07, 1.13588704664e-07, 4.3004604322e-08, 5.77600687279e-08, 1.41859297642e-08, 2.54709338066e-08, 5.02883032993e-08, 2.86801196125e-08, 4.6809276455e-08, 2.61221231312e-08, 1.03915480665e-08, 1.45140626948e-13]
    },
    "erbbands": {
        "dmean": [0.198550954461, 1.22835803032, 1.8543998003, 3.80377340317, 10.3398036957, 16.9476852417, 10.8872776031, 13.8870592117, 22.6608524323, 39.5805358887, 39.5141792297, 35.735080719, 29.3060722351, 12.1419429779, 12.4431715012, 18.449464798, 16.3009433746, 14.9315652847, 14.5329284668, 14.984793663, 7.99796819687, 8.21675872803, 5.5778837204, 5.79759979248, 4.07406711578, 2.85163855553, 3.43661832809, 3.09756231308, 4.22641038895, 3.13166427612, 2.19812607765, 2.42215204239, 1.39754545689, 0.884800493717, 0.459764331579, 0.215417176485, 0.0827885568142, 0.0076630464755, 0.000154357534484, 2.37246567849e-05],
        "dmean2": [0.351200908422, 2.10743689537, 3.13102507591, 6.49621868134, 16.351234436, 28.735080719, 17.3205871582, 21.7000484467, 36.6090927124, 60.5719642639, 57.8175697327, 50.6971321106, 40.4639663696, 16.2660484314, 17.807641983, 29.2030010223, 23.8882923126, 20.3891067505, 22.0747852325, 23.6731452942, 11.4252157211, 12.0444974899, 8.31482887268, 8.52927207947, 6.06731987, 4.35438156128, 5.45739793777, 4.5270242691, 6.28407478333, 4.64591598511, 3.31480073929, 3.84045696259, 2.32713317871, 1.44295585155, 0.722079217434, 0.341601699591, 0.134604126215, 0.0131715973839, 0.000256580853602, 3.55828306056e-05],
        "dvar": [0.333884954453, 9.09531116486, 7.93579626083, 40.1130142212, 289.568481445, 1232.51513672, 671.754577637, 767.248657227, 3619.68457031, 7117.78662109, 9528.68945312, 11555.0205078, 5922.16601562, 621.466308594, 1632.26623535, 2649.97509766, 1010.88739014, 1011.18927002, 852.415466309, 709.358947754, 244.578659058, 141.302764893, 62.5597229004, 80.4128875732, 44.2600631714, 23.0417804718, 64.7173080444, 19.1833190918, 41.1073265076, 22.0955219269, 13.7021503448, 24.9876003265, 10.4082832336, 3.98630475998, 1.00945949554, 0.223753154278, 0.0393673963845, 0.000604032014962, 1.98977417654e-07, 1.02947017577e-09],
        "dvar2": [0.906370341778, 24.1876869202, 20.9369392395, 108.594100952, 643.717102051, 3314.86523438, 1572.40039062, 1849.55554199, 9283.70410156, 15952.9824219, 19849.7109375, 27755.9101562, 10091.2578125, 1080.44641113, 4069.51977539, 6544.56787109, 2139.10058594, 1600.78295898, 1874.9197998, 1712.93029785, 448.914642334, 299.982452393, 132.863967896, 158.327957153, 93.566734314, 54.6318855286, 167.892379761, 43.6667175293, 95.3870849609, 51.962146759, 31.1164703369, 62.1115837097, 26.8940563202, 10.2214107513, 2.44628310204, 0.568596601486, 0.104949906468, 0.00169470801484, 5.49497713109e-07, 2.54161913738e-09],
        "max": [3.59766459465, 22.2455329895, 23.2353725433, 69.2152862549, 324.562133789, 398.904815674, 571.090942383, 467.200775146, 1208.6751709, 1060.8494873, 1447.55603027, 2149.71166992, 1187.96154785, 333.598297119, 869.617919922, 768.787658691, 486.900909424, 723.864135742, 410.253112793, 372.425933838, 284.440612793, 152.662338257, 105.072212219, 122.741081238, 81.6589813232, 57.9671287537, 151.089279175, 40.2270851135, 87.6378555298, 42.2395439148, 47.8844070435, 47.3472061157, 33.796245575, 18.8363075256, 14.955956459, 5.4659485817, 2.02283477783, 0.456131160259, 0.00739141460508, 0.000331636751071],
        "mean": [0.15265789628, 1.17015719414, 2.61495733261, 5.33104085922, 14.1831922531, 20.4545154572, 14.5931053162, 20.813117981, 33.3345375061, 52.3301086426, 54.4277191162, 48.6152267456, 38.716960907, 18.244600296, 16.5337181091, 24.5810947418, 25.435426712, 25.0415267944, 22.1500377655, 22.8097724915, 13.9517879486, 14.3434295654, 9.62375926971, 9.63709831238, 6.11246776581, 3.80768322945, 4.2567987442, 4.78439903259, 6.39601993561, 4.41094398499, 2.98013591766, 2.62352347374, 1.43542909622, 0.898646712303, 0.531395494938, 0.226021140814, 0.0824610888958, 0.00685799168423, 0.000154804147314, 4.31489715993e-05],
        "median": [0.0223980415612, 0.449341535568, 1.65972065926, 3.29635953903, 7.08288860321, 8.7212266922, 7.53954076767, 11.240152359, 15.1404523849, 14.6597127914, 9.23726844788, 9.99046802521, 5.92908477783, 4.56990432739, 4.26837587357, 8.54318523407, 9.65327548981, 7.35763454437, 7.6903924942, 8.43750667572, 6.53372573853, 8.2883014679, 5.47089862823, 4.93386888504, 2.6659488678, 1.7453558445, 1.90450549126, 2.60170650482, 3.16641306877, 1.95514655113, 1.21926701069, 0.801317155361, 0.395963162184, 0.269539445639, 0.160878509283, 0.0676473677158, 0.0238120593131, 0.00163084967062, 5.23674571014e-05, 3.38831741828e-05],
        "min": [1.94967906282e-05, 0.000163466946105, 0.000998860108666, 0.00313100288622, 0.0029425455723, 0.0240844525397, 0.00652680499479, 0.00874010100961, 0.00639644870535, 0.00487847439945, 0.00778738642111, 0.0132727604359, 0.00480702426285, 0.00369223905727, 0.00424176082015, 0.00250542513095, 0.00104827957693, 0.00126102264039, 0.00362088996917, 0.0065222796984, 0.00864240527153, 0.00971604231745, 0.00584830297157, 0.00512578897178, 0.00255773984827, 0.000410186330555, 0.000185628741747, 0.000521830341313, 0.000479898008052, 0.000420359894633, 0.000305212452076, 7.20444950275e-05, 0.000259532447672, 8.58614148456e-05, 2.82448490907e-06, 4.72746478408e-06, 9.78321963885e-07, 2.95313586918e-08, 3.26205764623e-08, 4.97336856142e-08],
        "var": [0.231758132577, 6.75985479355, 9.04310798645, 46.6780815125, 489.150268555, 1190.5871582, 741.227355957, 1014.07067871, 4027.26220703, 10106.5576172, 16195.7988281, 14523.8945312, 10922.0273438, 1295.05749512, 1754.21069336, 3132.30664062, 1888.02954102, 2380.38110352, 1519.97253418, 1276.19116211, 521.235107422, 311.344268799, 139.900405884, 177.851272583, 87.2331237793, 33.0279922485, 61.0399246216, 32.5485649109, 68.5534210205, 36.1472434998, 23.0738449097, 28.2940711975, 10.2378730774, 3.86145877838, 1.31386840343, 0.2400059551, 0.0359358862042, 0.000422306067776, 1.50170421875e-07, 1.43416645226e-09]
    },
    "gfcc": {
        "mean": [-4.8867521286, 91.9872894287, -100.211448669, 30.9633598328, -63.6068115234, 13.0885238647, -50.3766784668, 4.07670307159, -23.3265666962, 4.50413131714, -22.5533428192, 2.93106365204, -18.1649951935],
        "cov": [[5444.82470703, -462.94128418, -694.592712402, -233.812088013, -286.157562256, 102.918418884, 189.03717041, 269.083953857, 69.5780715942, 255.336853027, -53.298664093, -12.725525856, -151.526794434], [-462.94128418, 1077.44799805, -153.057403564, -182.934799194, 254.375579834, -54.5150146484, 175.407455444, 17.9544506073, 146.658966064, -44.3578147888, 98.8230133057, -64.9013214111, 28.9969100952], [-694.592712402, -153.057403564, 797.208557129, 389.542327881, 103.920532227, 126.657966614, -53.8456077576, -25.2990512848, -74.1178131104, -4.33387041092, 36.6261863708, 35.3792915344, 54.8162117004], [-233.812088013, -182.934799194, 389.542327881, 550.534240723, 125.505874634, 47.2913246155, -90.5664825439, -30.9254875183, -2.69019198418, 1.10797595978, 47.1830291748, 20.6921138763, 86.5400466919], [-286.157562256, 254.375579834, 103.920532227, 125.505874634, 322.936157227, 39.9895629883, -38.7756996155, 17.3564052582, 59.3184623718, 18.8941917419, 32.0200233459, -26.425989151, 31.3911628723], [102.918418884, -54.5150146484, 126.657966614, 47.2913246155, 39.9895629883, 241.616241455, 129.444244385, 15.7403068542, -39.6305618286, 33.3210830688, 19.3293190002, -5.91865062714, -3.27626180649], [189.03717041, 175.407455444, -53.8456077576, -90.5664825439, -38.7756996155, 129.444244385, 341.248931885, 76.8640441895, 1.60491263866, 1.05597543716, 5.8837480545, -1.03231835365, -37.0896034241], [269.083953857, 17.9544506073, -25.2990512848, -30.9254875183, 17.3564052582, 15.7403068542, 76.8640441895, 166.245025635, 82.4811325073, 16.3326759338, -9.64440917969, -9.14820766449, -18.05037117], [69.5780715942, 146.658966064, -74.1178131104, -2.69019198418, 59.3184623718, -39.6305618286, 1.60491263866, 82.4811325073, 179.483825684, 33.8277015686, 1.24881029129, -17.1853675842, -3.23924565315], [255.336853027, -44.3578147888, -4.33387041092, 1.10797595978, 18.8941917419, 33.3210830688, 1.05597543716, 16.3326759338, 33.8277015686, 117.887176514, 25.038520813, 3.07047963142, -14.5416555405], [-53.298664093, 98.8230133057, 36.6261863708, 47.1830291748, 32.0200233459, 19.3293190002, 5.8837480545, -9.64440917969, 1.24881029129, 25.038520813, 110.571388245, 34.3244514465, 15.1255779266], [-12.725525856, -64.9013214111, 35.3792915344, 20.6921138763, -26.425989151, -5.91865062714, -1.03231835365, -9.14820766449, -17.1853675842, 3.07047963142, 34.3244514465, 100.098510742, 14.2828054428], [-151.526794434, 28.9969100952, 54.8162117004, 86.5400466919, 31.3911628723, -3.27626180649, -37.0896034241, -18.05037117, -3.23924565315, -14.5416555405, 15.1255779266, 14.2828054428, 77.2942276001]],
        "icov": [[0.000295389880193, -8.91263334779e-05, 0.000374471303076, -0.000292688026093, 0.000317168916808, -0.000260267814156, 0.00016895250883, -0.000613579060882, 0.000342104875017, -0.000657604890876, 0.000254645885434, -0.000134757297928, 0.000338273588568], [-8.91263334779e-05, 0.00399991264567, -0.000759411195759, 0.00267675961368, -0.00351103558205, 0.00274026114494, -0.00373167148791, 0.00284760259092, -0.00321323797107, 0.00251545407809, -0.00461505586281, 0.00314389844425, -0.00305649614893], [0.000374471303076, -0.000759411195759, 0.00281687872484, -0.00223036622629, 0.000725959311239, -0.0017365172971, 0.00126177584752, -0.00167525140569, 0.00181365618482, -0.00095818459522, 0.00117680593394, -0.00127372588031, 0.00126508844551], [-0.000292688026093, 0.00267675961368, -0.00223036622629, 0.0054071363993, -0.00295626232401, 0.00183590792585, -0.00218753470108, 0.00267497845925, -0.0029820043128, 0.00213536550291, -0.00374529883265, 0.00228337361477, -0.00460897712037], [0.000317168916808, -0.00351103558205, 0.000725959311239, -0.00295626232401, 0.00740838423371, -0.00355247920379, 0.00399573054165, -0.00302616693079, 0.00148642261047, -0.00253348750994, 0.00301237497479, -0.00136136473157, 0.00203305575997], [-0.000260267814156, 0.00274026114494, -0.0017365172971, 0.00183590792585, -0.00355247920379, 0.00925773847848, -0.0056764842011, 0.00212712585926, -0.000167685589986, -0.000430413492722, -0.00342294527218, 0.00327783520333, -0.00277805444784], [0.00016895250883, -0.00373167148791, 0.00126177584752, -0.00218753470108, 0.00399573054165, -0.0056764842011, 0.00841574929655, -0.00472480570897, 0.00294836843386, -0.00116910785437, 0.00359395262785, -0.0033026044257, 0.004167645704], [-0.000613579060882, 0.00284760259092, -0.00167525140569, 0.00267497845925, -0.00302616693079, 0.00212712585926, -0.00472480570897, 0.0123312417418, -0.00726142385975, 0.00288390996866, -0.00254558259621, 0.00200436147861, -0.00178034184501], [0.000342104875017, -0.00321323797107, 0.00181365618482, -0.0029820043128, 0.00148642261047, -0.000167685589986, 0.00294836843386, -0.00726142385975, 0.0123698068783, -0.00510145025328, 0.00374154886231, -0.00162678782362, 0.00216389843263], [-0.000657604890876, 0.00251545407809, -0.00095818459522, 0.00213536550291, -0.00253348750994, -0.000430413492722, -0.00116910785437, 0.00288390996866, -0.00510145025328, 0.0135867446661, -0.0055900644511, 0.0015799474204, 0.000323347863741], [0.000254645885434, -0.00461505586281, 0.00117680593394, -0.00374529883265, 0.00301237497479, -0.00342294527218, 0.00359395262785, -0.00254558259621, 0.00374154886231, -0.0055900644511, 0.0170491877943, -0.00759684247896, 0.00252344715409], [-0.000134757297928, 0.00314389844425, -0.00127372588031, 0.00228337361477, -0.00136136473157, 0.00327783520333, -0.0033026044257, 0.00200436147861, -0.00162678782362, 0.0015799474204, -0.00759684247896, 0.0149009916931, -0.0045594596304], [0.000338273588568, -0.00305649614893, 0.00126508844551, -0.00460897712037, 0.00203305575997, -0.00277805444784, 0.004167645704, -0.00178034184501, 0.00216389843263, 0.000323347863741, 0.00252344715409, -0.0045594596304, 0.0201513599604]]
    },
    "melbands": {
        "dmean": [0.00173283379991, 0.00114804878831, 0.000835029408336, 0.000975407427177, 0.000438098795712, 0.00031730698538, 0.000367952830857, 0.000426937796874, 0.000321478146361, 0.000216202475713, 0.000142426040838, 4.80952257931e-05, 4.84639349452e-05, 4.38647148258e-05, 4.60854098492e-05, 3.29341382894e-05, 2.93238244922e-05, 2.56313469436e-05, 2.16220960283e-05, 1.50479609147e-05, 9.62184367381e-06, 9.04079843167e-06, 7.5457451203e-06, 4.59095554106e-06, 5.0771595852e-06, 3.64706465916e-06, 2.24957284445e-06, 1.85992666957e-06, 2.37249219026e-06, 1.69293468844e-06, 2.01438274416e-06, 2.68911867352e-06, 2.12010058931e-06, 1.61611330896e-06, 1.22633980482e-06, 1.34687070386e-06, 1.62053015629e-06, 1.00819772797e-06, 8.18156877358e-07, 7.52770461077e-07],
        "dmean2": [0.00301461108029, 0.0019394424744, 0.00138735678047, 0.00160538323689, 0.000708572159056, 0.000495591666549, 0.000587595335674, 0.000649403606076, 0.000466429657536, 0.000305019697407, 0.000197436849703, 6.61852609483e-05, 6.86334751663e-05, 7.13724293746e-05, 7.25606296328e-05, 4.68242360512e-05, 4.12398621847e-05, 3.96166797145e-05, 3.3509608329e-05, 2.35139250435e-05, 1.41485315908e-05, 1.34740175781e-05, 1.16810579129e-05, 6.94663413014e-06, 7.5234452197e-06, 5.43786427443e-06, 3.50459436049e-06, 2.90072898679e-06, 3.88355920222e-06, 2.53905795944e-06, 3.04732179757e-06, 4.03550757255e-06, 3.26835356645e-06, 2.4340690743e-06, 1.86820818726e-06, 2.09016343433e-06, 2.63170318249e-06, 1.68631845554e-06, 1.37286656354e-06, 1.23464053559e-06],
        "dvar": [2.28789594985e-05, 4.52820222563e-06, 1.81939526556e-06, 3.3589301438e-06, 8.09820505765e-07, 3.60843728231e-07, 8.3881673163e-07, 8.18789942514e-07, 5.64685649351e-07, 4.03629229595e-07, 1.43286925436e-07, 1.11163371841e-08, 1.96528109342e-08, 1.93355891298e-08, 8.86334738937e-09, 4.00591870786e-09, 4.01094180091e-09, 3.3326723603e-09, 1.41789535668e-09, 8.12993339316e-10, 3.72929437331e-10, 1.86776094591e-10, 1.58077329004e-10, 4.56476974275e-11, 6.83938322643e-11, 4.19531388796e-11, 1.69629189167e-11, 1.02376093714e-11, 3.72450369157e-11, 7.81476446055e-12, 8.4184161378e-12, 1.72460986464e-11, 1.05906021799e-11, 6.41142130706e-12, 3.9961671125e-12, 7.31583457009e-12, 1.35987375874e-11, 5.22046815499e-12, 4.15328925765e-12, 2.90758649796e-12],
        "dvar2": [6.16032994003e-05, 1.14933272926e-05, 4.47118372904e-06, 8.65499168867e-06, 1.9828855784e-06, 8.44111184506e-07, 2.12046234083e-06, 1.83280724286e-06, 1.21896005112e-06, 9.58701662057e-07, 2.42974834919e-07, 1.90147915191e-08, 4.32464055677e-08, 5.10232354145e-08, 2.12139816824e-08, 7.57791163153e-09, 6.53080878266e-09, 7.54512363699e-09, 3.16125348121e-09, 1.98021155029e-09, 6.99579838503e-10, 3.78627712516e-10, 3.75917408313e-10, 9.49316250609e-11, 1.34504296589e-10, 8.59578519474e-11, 4.32266028527e-11, 2.46444930435e-11, 9.8151882455e-11, 1.87739129798e-11, 1.92786394487e-11, 3.98540922486e-11, 2.52617527591e-11, 1.53622496668e-11, 9.27434951753e-12, 1.63589836122e-11, 3.50092697887e-11, 1.33403999653e-11, 1.09912270257e-11, 7.46389495349e-12],
        "max": [0.032045930624, 0.0172796230763, 0.020059376955, 0.0182570833713, 0.015198639594, 0.0105998152867, 0.0188175663352, 0.0130651053041, 0.0109011214226, 0.0126207415015, 0.00574603676796, 0.00151896302123, 0.00213684444316, 0.00228111632168, 0.00106591964141, 0.000717597897165, 0.00137711479329, 0.000882877386175, 0.000445733778179, 0.000304322864395, 0.00034821612644, 0.000204903466511, 0.000213021950913, 0.00011595198157, 0.000127880193759, 9.82706114883e-05, 4.94420964969e-05, 3.86326573789e-05, 0.000117357922136, 3.66243111785e-05, 2.61666154984e-05, 4.67009704153e-05, 4.47952334071e-05, 2.1532196115e-05, 2.63277433987e-05, 4.79302216263e-05, 4.07853440265e-05, 2.00655413209e-05, 2.40930730797e-05, 1.80183560587e-05],
        "mean": [0.00142769247759, 0.00146744039375, 0.00122193340212, 0.00129078235477, 0.000598740996793, 0.000480751506984, 0.000546433671843, 0.000562961678952, 0.000431580410805, 0.000295598787488, 0.000184282980626, 6.84397746227e-05, 6.30087815807e-05, 5.43345850019e-05, 6.58456920064e-05, 4.87516917929e-05, 4.57494388684e-05, 3.48223184119e-05, 3.26636290993e-05, 2.22179460252e-05, 1.55082543642e-05, 1.53210694407e-05, 1.15713473861e-05, 7.41179655961e-06, 7.96471522335e-06, 5.35834624316e-06, 2.99242947222e-06, 2.29181046052e-06, 2.69036968348e-06, 2.32838033298e-06, 2.99721045849e-06, 3.962604751e-06, 2.94836399917e-06, 2.18035211219e-06, 1.64659502389e-06, 1.63491517924e-06, 1.62381127211e-06, 1.02070634966e-06, 8.11154507119e-07, 7.3967504477e-07],
        "median": [0.000374174007447, 0.000876206555404, 0.000744913704693, 0.000671855581459, 0.000299474224448, 0.000263733265456, 0.000237417581957, 0.000143018332892, 6.27693589195e-05, 4.68723046652e-05, 2.4108985599e-05, 1.53882810991e-05, 1.32920922624e-05, 1.44001533045e-05, 2.52812315011e-05, 1.5764078853e-05, 1.16951023301e-05, 1.01942405308e-05, 1.15643042591e-05, 8.72342297953e-06, 6.78273863741e-06, 8.03349576017e-06, 5.86134774494e-06, 3.83606857213e-06, 3.65048413187e-06, 2.04118077818e-06, 1.22496396671e-06, 9.82056803878e-07, 1.04218440811e-06, 1.19237199669e-06, 1.55207055741e-06, 1.89475474599e-06, 1.2965372207e-06, 8.53859205563e-07, 6.62833826937e-07, 5.60808246064e-07, 4.30708723798e-07, 2.58058065583e-07, 2.386742608e-07, 1.99143812551e-07],
        "min": [7.13079799652e-08, 4.15218579519e-07, 5.28007433331e-07, 8.60430759531e-07, 3.78996531936e-07, 1.2608380473e-07, 9.06470916107e-08, 5.00535861647e-08, 3.86217493542e-08, 7.60797007615e-08, 1.81288672962e-08, 1.33524453716e-08, 1.7628121185e-08, 7.23268644975e-09, 2.34109887032e-09, 2.81419243464e-09, 1.86835213967e-09, 5.61509994057e-09, 6.6451777414e-09, 6.35100283475e-09, 7.22979764944e-09, 8.76354278034e-09, 6.13148998241e-09, 2.99219538036e-09, 3.36951044844e-09, 6.12526529498e-10, 5.42888511923e-10, 6.180957135e-11, 7.80465692074e-11, 1.81733711413e-10, 3.46098927295e-10, 3.15438480891e-10, 1.72129130394e-10, 2.41904357656e-10, 2.38624731086e-10, 4.07868790825e-12, 2.03090756018e-11, 1.39510736297e-10, 1.06855489734e-10, 7.90488497143e-13],
