{
"highlevel": {
    "danceability": {
        "all": {
            "danceable": 0.45829436183,
            "not_danceable": 0.541705608368
        },
        "probability": 0.541705608368,
        "value": "not_danceable"
    },
    "gender": {
        "all": {
            "female": 0.207294136286,
            "male": 0.792705893517
        },
        "probability": 0.792705893517,
        "value": "male"
    },
    "genre_dortmund": {
        "all": {
            "alternative": 0.272032171488,
            "blues": 0.0109661417082,
            "electronic": 0.00964835565537,
            "folkcountry": 0.0363781489432,
            "funksoulrnb": 0.002307995921,
            "jazz": 0.000944481522311,
            "pop": 0.0329496897757,
            "raphiphop": 0.00291895214468,
            "rock": 0.631854057312
        },
        "probability": 0.631854057312,
        "value": "rock"
    },
    "genre_electronic": {
        "all": {
            "ambient": 0.35336497426,
            "dnb": 0.147412225604,
            "house": 0.0565339177847,
            "techno": 0.0173315405846,
            "trance": 0.425357341766
        },
        "probability": 0.425357341766,
        "value": "trance"
    },
    "genre_rosamerica": {
        "all": {
            "cla": 0.00336064444855,
            "dan": 0.00766428560019,
            "hip": 0.00155038910452,
            "jaz": 0.000906763307285,
            "pop": 0.0126662468538,
            "rhy": 0.00870450399816,
            "roc": 0.964172720909,
            "spe": 0.000974463939201
        },
        "probability": 0.964172720909,
        "value": "roc"
    },
    "genre_tzanetakis": {
        "all": {
            "blu": 0.0626613423228,
            "cla": 0.0348169617355,
            "cou": 0.104475811124,
            "dis": 0.0784321576357,
            "hip": 0.15692435205,
            "jaz": 0.313974827528,
            "met": 0.0448166541755,
            "pop": 0.0627359300852,
            "reg": 0.0627360641956,
            "roc": 0.0784258767962
        },
        "probability": 0.313974827528,
        "value": "jaz"
    },
    "ismir04_rhythm": {
        "all": {
            "ChaChaCha": 0.00159713847097,
            "Jive": 0.514385700226,
            "Quickstep": 0.00070220651105,
            "Rumba-American": 0.000897140940651,
            "Rumba-International": 0.00681235641241,
            "Rumba-Misc": 0.00121617026161,
            "Samba": 0.00802035070956,
            "Tango": 0.00416583335027,
            "VienneseWaltz": 0.457444787025,
            "Waltz": 0.00475830351934
        },
        "probability": 0.514385700226,
        "value": "Jive"
    },
    "mood_acoustic": {
        "all": {
            "acoustic": 0.0298962965608,
            "not_acoustic": 0.970103681087
        },
        "probability": 0.970103681087,
        "value": "not_acoustic"
    },
    "mood_aggressive": {
        "all": {
            "aggressive": 0.806823730469,
            "not_aggressive": 0.193176299334
        },
        "probability": 0.806823730469,
        "value": "aggressive"
    },
    "mood_electronic": {
        "all": {
            "electronic": 0.202392011881,
            "not_electronic": 0.797608017921
        },
        "probability": 0.797608017921,
        "value": "not_electronic"
    },
    "mood_happy": {
        "all": {
            "happy": 0.423572748899,
            "not_happy": 0.576427280903
        },
        "probability": 0.576427280903,
        "value": "not_happy"
    },
    "mood_party": {
        "all": {
            "not_party": 0.358447611332,
            "party": 0.641552388668
        },
        "probability": 0.641552388668,
        "value": "party"
    },
    "mood_relaxed": {
        "all": {
            "not_relaxed": 0.964357972145,
            "relaxed": 0.0356420353055
        },
        "probability": 0.964357972145,
        "value": "not_relaxed"
    },
    "mood_sad": {
        "all": {
            "not_sad": 0.800174593925,
            "sad": 0.199825391173
        },
        "probability": 0.800174593925,
        "value": "not_sad"
    },
    "moods_mirex": {
        "all": {
            "Cluster1": 0.258941352367,
            "Cluster2": 0.123687081039,
            "Cluster3": 0.281084805727,
            "Cluster4": 0.123085424304,
            "Cluster5": 0.213201344013
        },
        "probability": 0.281084805727,
        "value": "Cluster3"
    },
    "timbre": {
        "all": {
            "bright": 0.0105015654117,
            "dark": 0.989498436451
        },
        "probability": 0.989498436451,
        "value": "dark"
    },
    "tonal_atonal": {
        "all": {
            "atonal": 0.0736418738961,
            "tonal": 0.926358103752
        },
        "probability": 0.926358103752,
        "value": "tonal"
    },
    "voice_instrumental": {
        "all": {
            "instrumental": 7.90698140918e-06,
            "voice": 0.999992072582
        },
        "probability": 0.999992072582,
        "value": "voice"
    }
},
"lowlevel": {
    "average_loudness": 0.947061061859,
    "barkbands_crest": {
        "dmean": 2.45524072647,
        "dmean2": 3.98487019539,
        "dvar": 5.42872238159,
        "dvar2": 13.9073963165,
        "max": 23.4317474365,
        "mean": 9.24531459808,
        "median": 8.09247970581,
        "min": 2.37588167191,
        "var": 16.9864349365
    },
    "barkbands_flatness_db": {
        "dmean": 0.0179837737232,
        "dmean2": 0.0280485004187,
        "dvar": 0.000324556458509,
        "dvar2": 0.00071106501855,
        "max": 0.410817533731,
        "mean": 0.147654548287,
        "median": 0.127801164985,
        "min": 0.0603547878563,
        "var": 0.00425454042852
    },
    "barkbands_kurtosis": {
        "dmean": 1.62461125851,
        "dmean2": 2.6347527504,
        "dvar": 11.755903244,
        "dvar2": 26.1663951874,
        "max": 78.6773376465,
        "mean": 2.42899870872,
        "median": 0.369614601135,
        "min": -1.82934832573,
        "var": 40.9767456055
    },
    "barkbands_skewness": {
        "dmean": 0.393948405981,
        "dmean2": 0.618549466133,
        "dvar": 0.149888917804,
        "dvar2": 0.360336512327,
        "max": 6.09088993073,
        "mean": 1.16594827175,
        "median": 0.988236606121,
        "min": -1.27069020271,
        "var": 0.932197093964
    },
    "barkbands_spread": {
        "dmean": 4.54696321487,
        "dmean2": 6.76820755005,
        "dvar": 30.191242218,
        "dvar2": 54.6413383484,
        "max": 100.982040405,
        "mean": 23.9115772247,
        "median": 23.0664901733,
        "min": 0.629669487476,
        "var": 230.835769653
    },
    "dissonance": {
        "dmean": 0.0144476685673,
        "dmean2": 0.0244609005749,
        "dvar": 0.000196678724024,
        "dvar2": 0.000535393657628,
        "max": 0.499907493591,
        "mean": 0.470399081707,
        "median": 0.476673752069,
        "min": 0.326007008553,
        "var": 0.000542608788237
    },
    "dynamic_complexity": 2.81317186356,
    "erbbands_crest": {
        "dmean": 2.17053818703,
        "dmean2": 3.53270792961,
        "dvar": 4.37536382675,
        "dvar2": 10.935631752,
        "max": 20.9975700378,
        "mean": 7.59623622894,
        "median": 6.75482177734,
        "min": 2.77331662178,
        "var": 11.3926124573
    },
    "erbbands_flatness_db": {
        "dmean": 0.0143049433827,
        "dmean2": 0.0210726335645,
        "dvar": 0.000204650234082,
        "dvar2": 0.000396094925236,
        "max": 0.307429224253,
        "mean": 0.16777972877,
        "median": 0.16272701323,
        "min": 0.0828260853887,
        "var": 0.0016154460609
    },
    "erbbands_kurtosis": {
        "dmean": 0.640212237835,
        "dmean2": 1.02404904366,
        "dvar": 0.618769526482,
        "dvar2": 1.51309883595,
        "max": 12.4097776413,
        "mean": 0.22767290473,
        "median": -0.137646198273,
        "min": -1.53070998192,
        "var": 1.70548391342
    },
    "erbbands_skewness": {
        "dmean": 0.283871293068,
        "dmean2": 0.434602737427,
        "dvar": 0.0545898117125,
        "dvar2": 0.128182157874,
        "max": 3.07035398483,
        "mean": 0.163260251284,
        "median": 0.101621411741,
        "min": -1.41982698441,
        "var": 0.36108481884
    },
    "erbbands_spread": {
        "dmean": 5.77988004684,
        "dmean2": 8.74725627899,
        "dvar": 31.4949989319,
        "dvar2": 62.7863349915,
        "max": 95.135559082,
        "mean": 31.5434246063,
        "median": 29.8065128326,
        "min": 5.42124986649,
        "var": 173.998535156
    },
    "hfc": {
        "dmean": 6.81209039688,
        "dmean2": 10.0597200394,
        "dvar": 172.277191162,
        "dvar2": 324.239807129,
        "max": 248.088470459,
        "mean": 28.0873394012,
        "median": 22.5972099304,
        "min": 0.340123385191,
        "var": 834.326782227
    },
    "melbands_crest": {
        "dmean": 2.84422087669,
        "dmean2": 4.58303260803,
        "dvar": 6.6490111351,
        "dvar2": 15.8336610794,
        "max": 28.4085140228,
        "mean": 13.2857275009,
        "median": 12.5844936371,
        "min": 4.06578302383,
        "var": 21.733215332
    },
    "melbands_flatness_db": {
        "dmean": 0.0222409702837,
        "dmean2": 0.0334961526096,
        "dvar": 0.00051846698625,
        "dvar2": 0.00111587333959,
        "max": 0.523306429386,
        "mean": 0.197910636663,
        "median": 0.169279515743,
        "min": 0.0340443402529,
        "var": 0.00790518335998
    },
    "melbands_kurtosis": {
        "dmean": 3.53396344185,
        "dmean2": 5.72915172577,
        "dvar": 29.8858146667,
        "dvar2": 75.6012573242,
        "max": 90.6641921997,
        "mean": 7.15571689606,
        "median": 4.18970346451,
        "min": -1.28632903099,
        "var": 89.5311889648
    },
    "melbands_skewness": {
        "dmean": 0.522042691708,
        "dmean2": 0.821043133736,
        "dvar": 0.25404882431,
        "dvar2": 0.624860882759,
        "max": 6.88184022903,
        "mean": 2.07056212425,
        "median": 1.92055749893,
        "min": -0.697801887989,
        "var": 1.21953642368
    },
    "melbands_spread": {
        "dmean": 6.17592334747,
        "dmean2": 9.46328830719,
        "dvar": 59.9933433533,
        "dvar2": 121.722221375,
        "max": 168.153656006,
        "mean": 26.5972728729,
        "median": 26.0156860352,
        "min": 0.730996906757,
        "var": 325.032714844
    },
    "pitch_salience": {
        "dmean": 0.0675822347403,
        "dmean2": 0.109793946147,
        "dvar": 0.00389169575647,
        "dvar2": 0.010155107826,
        "max": 0.779612779617,
        "mean": 0.567522227764,
        "median": 0.580436229706,
        "min": 0.168695703149,
        "var": 0.010587612167
    },
    "silence_rate_20dB": {
        "dmean": 0,
        "dmean2": 0,
        "dvar": 0,
        "dvar2": 0,
        "max": 1,
        "mean": 1,
        "median": 1,
        "min": 1,
        "var": 0
    },
    "silence_rate_30dB": {
        "dmean": 0,
        "dmean2": 0,
        "dvar": 0,
        "dvar2": 0,
        "max": 1,
        "mean": 1,
        "median": 1,
        "min": 1,
        "var": 0
    },
    "silence_rate_60dB": {
        "dmean": 0.0123839005828,
        "dmean2": 0.0247869864106,
        "dvar": 0.0122305573896,
        "dvar2": 0.0272709485143,
        "max": 1,
        "mean": 0.0177880898118,
        "median": 0,
        "min": 0,
        "var": 0.0174716915935
    },
    "spectral_centroid": {
        "dmean": 190.514480591,
        "dmean2": 290.335144043,
        "dvar": 39322.5,
        "dvar2": 83220.0546875,
        "max": 3649.8503418,
        "mean": 1379.62158203,
        "median": 1429.82592773,
        "min": 158.169952393,
        "var": 365908.6875
    },
    "spectral_complexity": {
        "dmean": 3.50541806221,
        "dmean2": 5.54376459122,
        "dvar": 9.9326839447,
        "dvar2": 23.5664424896,
        "max": 57,
        "mean": 28.1121425629,
        "median": 31,
        "min": 2,
        "var": 135.596908569
    },
    "spectral_decrease": {
        "dmean": 1.80510451031e-09,
        "dmean2": 2.73051670163e-09,
        "dvar": 3.93205143184e-18,
        "dvar2": 8.17957962313e-18,
        "max": -4.18004797442e-10,
        "mean": -7.74272379545e-09,
        "median": -7.10057435072e-09,
        "min": -2.1814882345e-08,
        "var": 1.74569867378e-17
    },
    "spectral_energy": {
        "dmean": 0.00711179384962,
        "dmean2": 0.0107272202149,
        "dvar": 5.79524385103e-05,
        "dvar2": 0.000121780925838,
        "max": 0.0882977843285,
        "mean": 0.031770478934,
        "median": 0.0297347027808,
        "min": 0.00161032367032,
        "var": 0.000289958028588
    },
    "spectral_energyband_high": {
        "dmean": 0.000479169626487,
        "dmean2": 0.000685064238496,
        "dvar": 2.68412509286e-06,
        "dvar2": 4.60378896605e-06,
        "max": 0.0295830927789,
        "mean": 0.00119840283878,
        "median": 0.000484467920614,
        "min": 1.16273341177e-07,
        "var": 9.65380786511e-06
    },
    "spectral_energyband_low": {
        "dmean": 0.00456256372854,
        "dmean2": 0.00716456444934,
        "dvar": 3.86183710361e-05,
        "dvar2": 8.1010904978e-05,
        "max": 0.0604546107352,
        "mean": 0.0110326074064,
        "median": 0.00818344578147,
        "min": 0.000443919794634,
        "var": 8.09419652796e-05
    },
    "spectral_energyband_middle_high": {
        "dmean": 0.00246862159111,
        "dmean2": 0.00379563332535,
        "dvar": 1.16084911497e-05,
        "dvar2": 2.54132864939e-05,
        "max": 0.057801630348,
        "mean": 0.00818013679236,
        "median": 0.00660411966965,
        "min": 1.27315679492e-05,
        "var": 5.17959160788e-05
    },
    "spectral_energyband_middle_low": {
        "dmean": 0.00433953572065,
        "dmean2": 0.00696977600455,
        "dvar": 2.90160114673e-05,
        "dvar2": 7.27373262635e-05,
        "max": 0.0457464754581,
        "mean": 0.0119443265721,
        "median": 0.0100355176255,
        "min": 0.000441690004664,
        "var": 6.59769502818e-05
    },
    "spectral_entropy": {
        "dmean": 0.108460761607,
        "dmean2": 0.157216876745,
        "dvar": 0.0186861697584,
        "dvar2": 0.032412879169,
        "max": 8.6320438385,
        "mean": 7.602414608,
        "median": 7.74008369446,
        "min": 5.51788949966,
        "var": 0.265733987093
    },
    "spectral_flux": {
        "dmean": 0.0203976035118,
        "dmean2": 0.032335486263,
        "dvar": 0.00037167352275,
        "dvar2": 0.000878057209775,
        "max": 0.220065742731,
        "mean": 0.0910118818283,
        "median": 0.0900242701173,
        "min": 0.0102998418733,
        "var": 0.00182350014802
    },
    "spectral_kurtosis": {
        "dmean": 2.4698035717,
        "dmean2": 4.18677043915,
        "dvar": 19.5655002594,
        "dvar2": 48.0299682617,
        "max": 60.0865058899,
        "mean": 5.91110229492,
        "median": 3.96880626678,
        "min": -1.0523352623,
        "var": 44.5732803345
    },
    "spectral_rms": {
        "dmean": 0.000600464525633,
        "dmean2": 0.000900947954506,
        "dvar": 3.20399067277e-07,
        "dvar2": 6.69758151162e-07,
        "max": 0.00928138848394,
        "mean": 0.00533353677019,
        "median": 0.00538604380563,
        "min": 0.00125341431703,
        "var": 2.5489143809e-06
    },
    "spectral_rolloff": {
        "dmean": 383.979980469,
        "dmean2": 611.270629883,
        "dvar": 572613.8125,
        "dvar2": 996702.1875,
        "max": 9668.40820312,
        "mean": 1566.36071777,
        "median": 1270.45898438,
        "min": 86.1328125,
        "var": 2524468.75
    },
    "spectral_skewness": {
        "dmean": 0.243768692017,
        "dmean2": 0.400802701712,
        "dvar": 0.0971238017082,
        "dvar2": 0.234512671828,
        "max": 5.43567085266,
        "mean": 1.58026957512,
        "median": 1.40302038193,
        "min": 0.370983928442,
        "var": 0.487446725368
    },
    "spectral_spread": {
        "dmean": 361383,
        "dmean2": 517689.5625,
        "dvar": 250403241984,
        "dvar2": 370687311872,
        "max": 11354243,
        "mean": 3552846.75,
        "median": 3356288.5,
        "min": 1053932.75,
        "var": 1.8709863465e+12
    },
    "spectral_strongpeak": {
        "dmean": 0.573216557503,
        "dmean2": 0.9887611866,
        "dvar": 1.21930003166,
        "dvar2": 3.06930994987,
        "max": 11.6345272064,
        "mean": 0.862306296825,
        "median": 0.37913903594,
        "min": 0.0432133600116,
        "var": 1.4874932766
    },
    "zerocrossingrate": {
        "dmean": 0.00801393482834,
        "dmean2": 0.00895888265222,
        "dvar": 0.000151283893501,
        "dvar2": 0.000128639920149,
        "max": 0.27490234375,
        "mean": 0.0548902899027,
        "median": 0.05126953125,
        "min": 0.00341796875,
        "var": 0.00154676579405
    },
    "barkbands": {
        "dmean": [0.000299361563521, 0.00409350031987, 0.00104923278559, 0.00112872058526, 0.00161313370336, 0.000722546770703, 0.000979982316494, 0.00125435460359, 0.00130640750285, 0.000456457026303, 0.000541226821952, 0.00102333282121, 0.0006968518137, 0.000613920099568, 0.000494981592055, 0.000341184408171, 0.000352532311808, 0.000149477185914, 0.000192047082237, 0.000130296000862, 8.32894220366e-05, 6.90220913384e-05, 9.82352139545e-05, 0.000192790583242, 7.70677361288e-05, 1.08251788333e-05, 3.91292376278e-09],
        "dmean2": [0.000423687364673, 0.00646984251216, 0.00180340767838, 0.00188288942445, 0.00271049258299, 0.00117324257735, 0.00152418878861, 0.00200509675778, 0.00206459034234, 0.000736021029297, 0.000889158749487, 0.0016702109715, 0.0011344824452, 0.00101696676575, 0.00082298356574, 0.000543502043001, 0.000585056899581, 0.000243093876634, 0.000305922410917, 0.000213909370359, 0.000132123939693, 0.000104964725324, 0.000146760095959, 0.000271826225799, 0.000114041162306, 1.63840431924e-05, 6.73067646062e-09],
        "dvar": [3.12445507689e-07, 3.76630414394e-05, 1.73133173575e-06, 3.03480874209e-06, 7.87712815509e-06, 2.17473075281e-06, 4.42191685579e-06, 5.59714953852e-06, 5.67099596083e-06, 4.87269971927e-07, 9.06018101432e-07, 5.10858899361e-06, 2.15473846765e-06, 1.48984531734e-06, 1.49986658471e-06, 4.56380860214e-07, 2.6756100624e-07, 4.53276740586e-08, 9.69535633999e-08, 4.21765555814e-08, 3.13762029691e-08, 4.14148253469e-08, 1.75347935283e-07, 7.66063635638e-07, 1.76529894702e-07, 1.68009572921e-09, 6.86268740843e-16],
        "dvar2": [6.72953262892e-07, 8.04658338893e-05, 4.73277304991e-06, 7.73977353674e-06, 2.11638453038e-05, 5.56384566153e-06, 1.04472001112e-05, 1.39240300996e-05, 1.41116288432e-05, 1.17809770472e-06, 2.14251645048e-06, 1.24123944261e-05, 4.88984005642e-06, 3.22553728438e-06, 3.82660073228e-06, 1.10714199764e-06, 7.08864547505e-07, 1.11916286016e-07, 2.0412556978e-07, 1.00247120827e-07, 6.68898323397e-08, 8.44055279003e-08, 3.58347136853e-07, 1.42781630075e-06, 3.83869661391e-07, 3.45527251255e-09, 1.72685612808e-15],
        "max": [0.00387204182334, 0.058119289577, 0.0157458242029, 0.0158413331956, 0.0236260145903, 0.0395745746791, 0.037842951715, 0.0307613853365, 0.0319176018238, 0.0112509476021, 0.0149744469672, 0.0365663990378, 0.020118996501, 0.0160159710795, 0.0220181010664, 0.0114741930738, 0.00733194733039, 0.00419567944482, 0.00818838458508, 0.00288109714165, 0.00272081163712, 0.00338680902496, 0.00949937850237, 0.0167448073626, 0.0117966262624, 0.000853474834003, 4.42778514298e-07],
        "mean": [0.000306438276311, 0.00753297004849, 0.0026753442362, 0.00159096962307, 0.00260832346976, 0.00130232190713, 0.00167923886329, 0.00234523136169, 0.00224481779151, 0.000810456112958, 0.000914080999792, 0.00158808205742, 0.000987981096841, 0.000980869284831, 0.000777173030656, 0.000641175080091, 0.000700012722518, 0.000302312342683, 0.000429554085713, 0.000311531475745, 0.000195638422156, 0.000155190078658, 0.000194961612578, 0.000350756425178, 0.000128732499434, 1.63046752277e-05, 2.85809864664e-09],
        "median": [4.97084183735e-05, 0.0046757729724, 0.00210474757478, 0.000983206671663, 0.00175102660432, 0.000782190763857, 0.000935377145652, 0.000922772451304, 0.00111112988088, 0.000560486572795, 0.000567968469113, 0.000697678129654, 0.00047269728384, 0.000540734617971, 0.000493058527354, 0.000423785852036, 0.000579874264076, 0.000242148671532, 0.000329722592141, 0.000267402647296, 0.000134985602926, 7.03053738107e-05, 5.01680879097e-05, 3.57170283678e-05, 1.38119157782e-05, 2.41959605773e-06, 3.57049639854e-10],
        "min": [6.28966958516e-08, 3.77381584258e-05, 3.01419313473e-05, 9.84154394246e-06, 4.29621650255e-05, 4.44391735073e-05, 4.95768836117e-06, 8.92546268005e-06, 1.56903126936e-06, 8.82469919361e-07, 1.03015827335e-06, 3.75747362114e-07, 5.3218030871e-07, 4.91142543524e-07, 3.28849807829e-07, 5.34125717877e-07, 3.46478685742e-07, 2.1754209456e-07, 1.43983868384e-07, 1.0587288557e-07, 3.28547820061e-08, 1.20079555188e-08, 2.36166375345e-09, 1.75551539972e-09, 8.37081619298e-12, 4.84706936046e-12, 8.02839045244e-12],
        "var": [4.05158488093e-07, 6.70780864311e-05, 4.94747928315e-06, 3.62648393093e-06, 9.06252353161e-06, 3.78017602998e-06, 7.6811593317e-06, 1.37883944262e-05, 1.05654598883e-05, 1.07827747797e-06, 2.01360694518e-06, 8.52605444379e-06, 3.11029180011e-06, 2.72401553048e-06, 1.93647474589e-06, 9.20607305943e-07, 4.96781694892e-07, 8.93086351539e-08, 2.84225620817e-07, 9.14983147027e-08, 7.07407963318e-08, 1.01488829785e-07, 4.59053381974e-07, 2.35923016589e-06, 4.08565796306e-07, 3.5173497448e-09, 4.8576619547e-16]
    },
    "erbbands": {
        "dmean": [0.118946962059, 1.00199210644, 1.38872778416, 1.99177634716, 6.28554534912, 4.78046369553, 4.26800203323, 7.15685749054, 8.27631282806, 23.8199558258, 28.9898262024, 19.7017822266, 24.0069141388, 19.7542686462, 15.7298545837, 38.762966156, 30.7942409515, 29.1906681061, 27.8547153473, 22.5083560944, 17.9736232758, 21.4051074982, 8.02862739563, 8.84124183655, 9.18961524963, 5.9309720993, 3.87561225891, 3.29293060303, 2.43524980545, 2.73974609375, 2.91292095184, 4.04488897324, 3.10100340843, 1.35473537445, 0.293576657772, 0.0716740489006, 0.020440261811, 0.00156102352776, 3.3324915421e-05, 1.01022787931e-05],
        "dmean2": [0.171787887812, 1.64817786217, 2.38056373596, 3.34929847717, 10.6270513535, 7.81266880035, 7.22659826279, 11.640039444, 13.3548927307, 37.1989631653, 45.0087127686, 31.5576705933, 38.0089187622, 33.1594581604, 25.5723762512, 62.2004508972, 48.8849983215, 47.9574775696, 45.3497962952, 37.2972717285, 29.001745224, 35.4245147705, 12.8557262421, 14.3912754059, 14.795838356, 9.7319355011, 6.34732437134, 5.03525161743, 3.71550369263, 4.23643445969, 4.51987504959, 5.84327363968, 4.43156337738, 1.93555402756, 0.436815470457, 0.108010552824, 0.0314458012581, 0.00241722282954, 5.06401775056e-05, 1.49420957314e-05],
        "dvar": [0.0388594083488, 2.45868468285, 3.48316073418, 7.08964252472, 168.994491577, 76.021194458, 87.3343734741, 279.093505859, 250.981719971, 2259.58618164, 3043.17944336, 1302.56164551, 1505.83288574, 1380.75256348, 894.374206543, 7093.05517578, 3857.3269043, 3166.61303711, 3572.39868164, 4165.58007812, 1152.18005371, 1041.42749023, 123.648254395, 181.214141846, 221.995605469, 78.7220001221, 48.9180984497, 59.770690918, 43.1778678894, 98.5670318604, 152.734970093, 318.036224365, 235.759597778, 51.6535110474, 2.21759986877, 0.0822692811489, 0.00685522891581, 3.51363742084e-05, 1.49770436053e-08, 2.15387041536e-10],
        "dvar2": [0.0616119168699, 5.90225076675, 9.57908248901, 18.4205150604, 451.258605957, 210.592605591, 224.62928772, 715.435302734, 605.086975098, 5606.26464844, 7039.80029297, 3260.36450195, 3873.70166016, 3593.4855957, 1803.94824219, 16903.6074219, 8701.625, 6727.03662109, 8314.4453125, 9417.2734375, 2610.58740234, 2719.31591797, 294.239501953, 446.415222168, 492.660980225, 194.325042725, 108.290328979, 121.342514038, 90.1569366455, 205.695709229, 322.554077148, 640.026123047, 451.752746582, 112.4116745, 4.58966684341, 0.168742969632, 0.0152083896101, 7.17779767001e-05, 2.83102519205e-08, 4.06932043617e-10],
        "max": [1.38186609745, 13.6738080978, 20.6534786224, 20.8307285309, 120.172805786, 107.05557251, 139.179901123, 463.824371338, 267.033294678, 694.201782227, 777.20111084, 572.412597656, 447.972686768, 547.003479004, 624.99017334, 1359.44995117, 861.5625, 881.77734375, 914.280700684, 1355.41552734, 601.707397461, 431.101959229, 251.786315918, 271.164825439, 278.081054688, 132.020065308, 115.313262939, 129.338790894, 104.415809631, 175.147506714, 239.791625977, 344.632263184, 284.021972656, 189.507827759, 25.3225536346, 5.36371517181, 1.68382966518, 0.123707778752, 0.00259567028843, 0.000257701816736],
        "mean": [0.176438316703, 1.77590572834, 3.73634028435, 3.68510270119, 8.21656608582, 8.45335197449, 7.39183712006, 12.7631158829, 14.8748788834, 43.425163269, 55.8945083618, 36.008430481, 41.8794441223, 36.2078819275, 31.0657424927, 62.5789222717, 50.8263244629, 50.013469696, 45.7651824951, 38.8347473145, 37.5336723328, 41.7554283142, 18.1585769653, 19.5699596405, 21.2111873627, 14.7795600891, 9.37780475616, 7.20447683334, 5.43705224991, 5.58518695831, 5.59565925598, 6.92735242844, 5.73199415207, 2.2119615078, 0.473163843155, 0.110886655748, 0.0288029648364, 0.00209019053727, 6.87987121637e-05, 4.35898255091e-05],
        "median": [0.0625539794564, 1.19796931744, 3.18480825424, 2.77502298355, 4.37610769272, 5.02373695374, 4.31837749481, 7.37109947205, 10.2653837204, 21.6132717133, 22.8817977905, 20.5064258575, 26.7072219849, 23.6126308441, 22.126455307, 28.3287391663, 26.8129482269, 27.0243282318, 27.1725215912, 25.056022644, 26.2458057404, 33.263343811, 15.5238037109, 16.4238891602, 16.3902492523, 12.8914585114, 7.64441299438, 4.11325454712, 2.62633728981, 2.08590006828, 1.33808684349, 0.954555094242, 0.440947413445, 0.200538814068, 0.0645477771759, 0.017340509221, 0.00388751341961, 0.000250258133747, 2.7441772545e-05, 3.76099924324e-05],
        "min": [0.000917895231396, 0.0132507272065, 0.0666271671653, 0.173320144415, 0.0880572870374, 0.123757004738, 0.0427219606936, 0.364051818848, 0.327213972807, 0.170351698995, 0.208319723606, 0.0350464321673, 0.0615185089409, 0.0257178172469, 0.0440811999142, 0.0356940254569, 0.0306199789047, 0.0416484624147, 0.0194009244442, 0.0275602918118, 0.034241206944, 0.0231148470193, 0.0131646897644, 0.00715564237908, 0.00576539430767, 0.00449846684933, 0.0021047689952, 0.00107579969335, 0.000536311184987, 0.000182384988875, 6.5231724875e-05, 3.86495994462e-05, 1.69854502019e-05, 5.35679555469e-06, 3.28464216182e-06, 1.89779768789e-06, 7.43061491448e-07, 8.55434620917e-08, 7.48619697788e-07, 1.76686387476e-06],
        "var": [0.0713958889246, 3.56414222717, 7.58230161667, 9.28816413879, 146.224777222, 117.524772644, 134.194915771, 449.725311279, 363.990661621, 4217.37451172, 7445.11230469, 2416.98095703, 2544.68530273, 2719.7956543, 1895.89929199, 12833.3203125, 6848.52197266, 6001.68212891, 5607.4453125, 5840.89208984, 2638.57299805, 1922.35534668, 297.885406494, 427.753479004, 628.87310791, 185.497116089, 103.993896484, 147.961471558, 106.354652405, 233.22442627, 384.319274902, 839.525634766, 704.614074707, 121.11076355, 4.3325176239, 0.17553538084, 0.0120625104755, 6.54166578897e-05, 3.63743311027e-08, 1.08693243295e-09]
    },
    "gfcc": {
        "mean": [9.69402122498, 121.583221436, -134.393981934, 37.5374107361, -54.7048912048, 17.7698173523, -30.7481422424, 11.5084705353, -15.7525529861, 0.682326793671, -11.7526741028, -7.30190134048, -9.125041008],
        "cov": [[7018.29931641, -3044.32666016, -947.501647949, 358.383972168, -644.380554199, 822.954833984, -380.133758545, 565.812011719, -417.347320557, 421.821502686, -171.03276062, 230.535919189, -247.656204224], [-3044.32666016, 1732.13037109, 212.784347534, -237.157730103, 391.748321533, -424.493469238, 270.204223633, -267.588562012, 231.926513672, -179.813919067, 135.498260498, -119.079696655, 134.038482666], [-947.501647949, 212.784347534, 459.48916626, -5.60137414932, 47.7726287842, -68.7165756226, -12.9494667053, -68.7432403564, 33.3045921326, -34.4955940247, -15.9513912201, -0.459443926811, 15.779083252], [358.383972168, -237.157730103, -5.60137414932, 214.815551758, -12.3604593277, 50.2448501587, -25.3722667694, 39.8737792969, -19.278924942, 11.4554948807, -17.2667121887, 29.3286628723, 17.3712730408], [-644.380554199, 391.748321533, 47.7726287842, -12.3604593277, 231.274963379, -59.8621673584, 92.7732772827, -39.0075263977, 57.6812782288, -9.88272380829, 41.8268241882, 2.88395690918, 36.7617416382], [822.954833984, -424.493469238, -68.7165756226, 50.2448501587, -59.8621673584, 202.928573608, -16.6427211761, 71.3954315186, -49.445186615, 52.3963088989, 1.00043296814, 37.9918403625, -21.3389225006], [-380.133758545, 270.204223633, -12.9494667053, -25.3722667694, 92.7732772827, -16.6427211761, 131.974075317, -5.84746789932, 47.0327224731, -23.4044933319, 37.7045974731, -3.51664733887, 25.5644779205], [565.812011719, -267.588562012, -68.7432403564, 39.8737792969, -39.0075263977, 71.3954315186, -5.84746789932, 117.080726624, -13.1722183228, 47.0472183228, -13.8338832855, 25.6422386169, -13.1099300385], [-417.347320557, 231.926513672, 33.3045921326, -19.278924942, 57.6812782288, -49.445186615, 47.0327224731, -13.1722183228, 90.7984924316, -3.19846963882, 34.5745620728, -19.1022663116, 25.4855060577], [421.821502686, -179.813919067, -34.4955940247, 11.4554948807, -9.88272380829, 52.3963088989, -23.4044933319, 47.0472183228, -3.19846963882, 87.930557251, 7.68461179733, 28.5550041199, -19.5581035614], [-171.03276062, 135.498260498, -15.9513912201, -17.2667121887, 41.8268241882, 1.00043296814, 37.7045974731, -13.8338832855, 34.5745620728, 7.68461179733, 72.8451080322, 6.60032749176, 23.5856456757], [230.535919189, -119.079696655, -0.459443926811, 29.3286628723, 2.88395690918, 37.9918403625, -3.51664733887, 25.6422386169, -19.1022663116, 28.5550041199, 6.60032749176, 60.4981269836, 6.00635194778], [-247.656204224, 134.038482666, 15.779083252, 17.3712730408, 36.7617416382, -21.3389225006, 25.5644779205, -13.1099300385, 25.4855060577, -19.5581035614, 23.5856456757, 6.00635194778, 58.3512840271]],
        "icov": [[0.00139729573857, 0.00119303760584, 0.00176093680784, -0.000202902796445, 0.000451883912319, -0.00113017077092, 0.000271479599178, -0.000927788787521, 0.00096799863968, -0.00191654521041, 0.000457703776192, -0.000663308717776, 0.000566868111491], [0.00119303760584, 0.011138856411, 0.000509569770657, 0.00431518210098, -0.00540442857891, 0.0102723268792, -0.00915570743382, 0.00674618128687, -0.00254540005699, 0.0010709852213, -0.00518329022452, 0.00558417662978, -0.00626662420109], [0.00176093680784, 0.000509569770657, 0.00505804363638, -0.000671299814712, 0.00066083308775, -0.00259490613826, 0.00227568880655, -0.000365180720109, -0.000490585051011, -0.0017870485317, 0.00276516517624, -0.00322234700434, 0.00152032158803], [-0.000202902796445, 0.00431518210098, -0.000671299814712, 0.00797296408564, -0.00329236895777, 0.00383719732054, -0.00255079334602, 0.00199645431712, -0.00193094275892, 0.00235591898672, -0.000670021807309, 0.00110959424637, -0.00613241130486], [0.000451883912319, -0.00540442857891, 0.00066083308775, -0.00329236895777, 0.0110670877621, -0.00519284652546, 0.000372285197955, -0.00231329235248, 0.00152638868894, -0.00493805715814, 0.00296682724729, -0.00478718662634, 0.0025514124427], [-0.00113017077092, 0.0102723268792, -0.00259490613826, 0.00383719732054, -0.00519284652546, 0.0221019703895, -0.0125945052132, 0.00627798167989, 0.000160969604622, 0.00160986813717, -0.00965672917664, 0.0066466871649, -0.006863003131], [0.000271479599178, -0.00915570743382, 0.00227568880655, -0.00255079334602, 0.000372285197955, -0.0125945052132, 0.0238376818597, -0.0102964574471, -0.00193318561651, 0.00443432107568, 0.00211331690662, -0.00779059575871, 0.00700883427635], [-0.000927788787521, 0.00674618128687, -0.000365180720109, 0.00199645431712, -0.00231329235248, 0.00627798167989, -0.0102964574471, 0.0220041330904, -0.00608627544716, -0.00293679069728, 0.00130723847542, 0.00198197597638, -0.00578050455078], [0.00096799863968, -0.00254540005699, -0.000490585051011, -0.00193094275892, 0.00152638868894, 0.000160969604622, -0.00193318561651, -0.00608627544716, 0.0251735355705, -0.00879919622093, -0.00520023982972, 0.00753140635788, -0.00337768648751], [-0.00191654521041, 0.0010709852213, -0.0017870485317, 0.00235591898672, -0.00493805715814, 0.00160986813717, 0.00443432107568, -0.00293679069728, -0.00879919622093, 0.0266974382102, -0.00648760003969, -0.00631948141381, 0.00634899176657], [0.000457703776192, -0.00518329022452, 0.00276516517624, -0.000670021807309, 0.00296682724729, -0.00965672917664, 0.00211331690662, 0.00130723847542, -0.00520023982972, -0.00648760003969, 0.0272276457399, -0.00737336603925, -0.00288161681965], [-0.000663308717776, 0.00558417662978, -0.00322234700434, 0.00110959424637, -0.00478718662634, 0.0066466871649, -0.00779059575871, 0.00198197597638, 0.00753140635788, -0.00631948141381, -0.00737336603925, 0.0315515585244, -0.011471468024], [0.000566868111491, -0.00626662420109, 0.00152032158803, -0.00613241130486, 0.0025514124427, -0.006863003131, 0.00700883427635, -0.00578050455078, -0.00337768648751, 0.00634899176657, -0.00288161681965, -0.011471468024, 0.0328153148293]]
    },
    "melbands": {
        "dmean": [0.00107458478305, 0.000889029935934, 0.000492014863994, 0.000374789960915, 0.000164936078363, 0.000151785774506, 0.000146667880472, 0.000264316564426, 0.00023858975328, 0.000145400568726, 0.000123933525174, 8.07323958725e-05, 6.21283834334e-05, 7.12220062269e-05, 0.000126964223455, 6.59942234051e-05, 5.65858790651e-05, 5.11150938109e-05, 3.32114796038e-05, 2.53050293395e-05, 2.19607081817e-05, 2.62519297394e-05, 1.06850138764e-05, 7.60392731536e-06, 7.73836472945e-06, 8.12990947452e-06, 5.78650679017e-06, 4.19565958509e-06, 2.82624228021e-06, 2.33607670452e-06, 1.97229951482e-06, 1.56038595378e-06, 1.36514120186e-06, 1.77651020294e-06, 1.72552540789e-06, 1.97605754693e-06, 2.91729725177e-06, 2.58591694546e-06, 1.87240800642e-06, 9.30453495585e-07],
        "dmean2": [0.00165736873168, 0.00150223332457, 0.000820022483822, 0.00062246248126, 0.000278186547803, 0.000246962910751, 0.000232189369854, 0.000413765432313, 0.000370712514268, 0.000232961203437, 0.000195585365873, 0.000135054840939, 0.000101934354461, 0.000114873146231, 0.000200137088541, 0.000103753896838, 9.31017275434e-05, 8.39276981424e-05, 5.58207357244e-05, 4.15770591644e-05, 3.57569624612e-05, 4.3353462388e-05, 1.73980388354e-05, 1.24496345961e-05, 1.28735919134e-05, 1.29467316583e-05, 9.48074375628e-06, 6.92365483701e-06, 4.61616900793e-06, 3.75372474082e-06, 3.0617268294e-06, 2.48117862611e-06, 2.08657638723e-06, 2.78739230453e-06, 2.67178165814e-06, 3.00622400573e-06, 4.09201402363e-06, 3.83358519684e-06, 2.73143200502e-06, 1.33238188482e-06],
        "dvar": [2.75546653938e-06, 1.6796266209e-06, 6.43461419259e-07, 4.35140236732e-07, 1.23458690382e-07, 1.1430490332e-07, 8.86730973093e-08, 2.52957903513e-07, 2.31474075463e-07, 7.22751707372e-08, 3.96477588538e-08, 2.08361878862e-08, 1.16761746938e-08, 1.59809872002e-08, 1.00132517389e-07, 1.88535356216e-08, 1.40411566818e-08, 1.33981377104e-08, 7.86308351763e-09, 3.18457882287e-09, 1.43272826936e-09, 1.76372649818e-09, 2.47862425029e-10, 1.24715543448e-10, 1.51833920436e-10, 2.01193492422e-10, 9.00362215339e-11, 4.2316122828e-11, 2.27366753897e-11, 2.6292867189e-11, 2.19883052738e-11, 1.76353914111e-11, 1.49049869669e-11, 4.92637389216e-11, 5.25716206679e-11, 6.99460420139e-11, 1.74734365865e-10, 1.7254281337e-10, 1.02085888354e-10, 2.3645514366e-11],
        "dvar2": [5.14920702699e-06, 4.25307780461e-06, 1.66753272879e-06, 1.16900673675e-06, 3.17892983048e-07, 2.93844522048e-07, 2.10901305309e-07, 6.33872389244e-07, 5.32464468961e-07, 1.87396210549e-07, 1.01793247609e-07, 5.44026903526e-08, 2.69862869828e-08, 3.93577330726e-08, 2.24446466746e-07, 4.30789306449e-08, 3.07768104335e-08, 2.97424236351e-08, 1.88017725833e-08, 7.33193195046e-09, 3.18280624079e-09, 4.69057193087e-09, 6.64378108084e-10, 3.17897347335e-10, 3.78325926143e-10, 4.29675406366e-10, 2.10391870592e-10, 1.07490336076e-10, 5.26880206131e-11, 6.19862008944e-11, 4.65383148684e-11, 4.00735729322e-11, 3.01408932535e-11, 1.09637160461e-10, 1.10059572567e-10, 1.51759285694e-10, 3.75637770889e-10, 3.35910244065e-10, 2.40694880693e-10, 4.82260759105e-11],
        "max": [0.0150946658105, 0.0138214668259, 0.00716877821833, 0.00580034824088, 0.00475143780932, 0.00936693605036, 0.00572984060273, 0.00617870176211, 0.00619505671784, 0.00467608543113, 0.00232810876332, 0.0020869623404, 0.00220242887735, 0.00162754009943, 0.00625820504501, 0.00223851273768, 0.00195340393111, 0.00191813986748, 0.00177504552994, 0.00088946998585, 0.000648150977213, 0.000596639583819, 0.000266125367489, 0.000155378380441, 0.000242711903411, 0.000395463110181, 0.000154473047587, 0.00010165097774, 8.00599664217e-05, 8.24183662189e-05, 8.26836330816e-05, 6.87700812705e-05, 8.12957077869e-05, 0.000144739286043, 0.000148782564793, 0.000159151604748, 0.000260539120063, 0.000259658379946, 0.000258577347267, 0.000117665636935],
        "mean": [0.00184311054181, 0.00219808029942, 0.000843199843075, 0.000588440627325, 0.000296482001431, 0.000274185935268, 0.000262619869318, 0.000502386013977, 0.000441332755145, 0.000246950337896, 0.000210652768146, 0.00014280625328, 0.000111848828965, 0.000117515555758, 0.00019187144062, 9.75852744887e-05, 8.93155229278e-05, 7.76411106926e-05, 5.37942869414e-05, 4.53284919786e-05, 4.18706003984e-05, 4.76411150885e-05, 2.10503931157e-05, 1.44744308272e-05, 1.5775223801e-05, 1.67113576026e-05, 1.25774258777e-05, 9.3519965958e-06, 6.18473586655e-06, 4.76461354992e-06, 3.93059599446e-06, 3.16693785862e-06, 2.74374087894e-06, 3.23447534356e-06, 3.14050976158e-06, 3.40000633514e-06, 4.65017137685e-06, 4.56025099993e-06, 2.87184002445e-06, 1.46390846112e-06],
        "median": [0.000935925752856, 0.00183976662811, 0.000595753022935, 0.000402272824431, 0.000177083828021, 0.000161658797879, 0.000172223182744, 0.00024351812317, 0.000173062158865, 0.00013301159197, 0.000131555396365, 9.07616995391e-05, 7.72727435105e-05, 6.91679160809e-05, 6.94413392921e-05, 4.7764799092e-05, 4.6528832172e-05, 4.29958490713e-05, 3.49066976923e-05, 2.88849023491e-05, 2.97880742437e-05, 3.71413989342e-05, 1.71295614564e-05, 1.15796619866e-05, 1.28954470711e-05, 1.18205234685e-05, 9.91886827251e-06, 7.94332390797e-06, 5.20945104654e-06, 3.19331456922e-06, 1.94513381757e-06, 1.455399115e-06, 1.21744244552e-06, 1.0325625226e-06, 8.01507724191e-07, 6.22537243089e-07, 5.21511026363e-07, 3.34015027192e-07, 2.03537595667e-07, 1.39335668337e-07],
        "min": [1.24296493595e-05, 2.49408913078e-05, 3.62750797649e-05, 1.38042487379e-05, 6.73643341997e-07, 6.29126088825e-06, 4.32709202869e-06, 2.06014942705e-06, 1.24545465496e-06, 1.8680830749e-07, 2.84588850263e-07, 7.47347357333e-08, 1.01157475285e-07, 1.07571267449e-07, 7.88029979049e-08, 6.39776871481e-08, 3.93944503685e-08, 1.83471300375e-08, 2.49425013976e-08, 3.58491973884e-08, 3.95536581266e-08, 2.51182452615e-08, 1.18713519015e-08, 1.01143298181e-08, 4.67630334455e-09, 3.94876842336e-09, 3.44843487099e-09, 2.06836148209e-09, 1.54164592203e-09, 5.62320967568e-10, 5.8054883123e-10, 2.02192262932e-10, 1.45061532231e-10, 7.2788081118e-11, 2.14872841742e-11, 2.51945374286e-11, 1.87401691387e-11, 6.00279721763e-12, 1.25483976508e-12, 7.82879349456e-14],
