{
"highlevel": {
    "danceability": {
        "all": {
            "danceable": 0.997866690159,
            "not_danceable": 0.00213329750113
        },
        "probability": 0.997866690159,
        "value": "danceable"
    },
    "gender": {
        "all": {
            "female": 0.85259616375,
            "male": 0.147403866053
        },
        "probability": 0.85259616375,
        "value": "female"
    },
    "genre_dortmund": {
        "all": {
            "alternative": 0.13139398396,
            "blues": 0.035602286458,
            "electronic": 0.0900543183088,
            "folkcountry": 0.109836407006,
            "funksoulrnb": 0.0838135778904,
            "jazz": 0.208032220602,
            "pop": 0.0827297866344,
            "raphiphop": 0.12144870311,
            "rock": 0.13708871603
        },
        "probability": 0.208032220602,
        "value": "jazz"
    },
    "genre_electronic": {
        "all": {
            "ambient": 0.498291254044,
            "dnb": 0.0797893702984,
            "house": 0.212027639151,
            "techno": 0.0146223763004,
            "trance": 0.195269346237
        },
        "probability": 0.498291254044,
        "value": "ambient"
    },
    "genre_rosamerica": {
        "all": {
            "cla": 0.00304467347451,
            "dan": 0.221468195319,
            "hip": 0.0571532174945,
            "jaz": 0.00436990987509,
            "pop": 0.341623961926,
            "rhy": 0.332451909781,
            "roc": 0.0380388721824,
            "spe": 0.001849261811
        },
        "probability": 0.341623961926,
        "value": "pop"
    },
    "genre_tzanetakis": {
        "all": {
            "blu": 0.0622663982213,
            "cla": 0.0345780998468,
            "cou": 0.103735685349,
            "dis": 0.0518908686936,
            "hip": 0.155698984861,
            "jaz": 0.311586618423,
            "met": 0.0519040971994,
            "pop": 0.0622744634748,
            "reg": 0.0622723288834,
            "roc": 0.103792458773
        },
        "probability": 0.311586618423,
        "value": "jaz"
    },
    "ismir04_rhythm": {
        "all": {
            "ChaChaCha": 0.36646270752,
            "Jive": 0.0454343631864,
            "Quickstep": 0.0530839711428,
            "Rumba-American": 0.0318258106709,
            "Rumba-International": 0.099216721952,
            "Rumba-Misc": 0.0400805212557,
            "Samba": 0.117879271507,
            "Tango": 0.0300417803228,
            "VienneseWaltz": 0.182023108006,
            "Waltz": 0.0339517518878
        },
        "probability": 0.36646270752,
        "value": "ChaChaCha"
    },
    "mood_acoustic": {
        "all": {
            "acoustic": 0.107163876295,
            "not_acoustic": 0.892836093903
        },
        "probability": 0.892836093903,
        "value": "not_acoustic"
    },
    "mood_aggressive": {
        "all": {
            "aggressive": 0.0823228657246,
            "not_aggressive": 0.917677104473
        },
        "probability": 0.917677104473,
        "value": "not_aggressive"
    },
    "mood_electronic": {
        "all": {
            "electronic": 0.337314426899,
            "not_electronic": 0.662685573101
        },
        "probability": 0.662685573101,
        "value": "not_electronic"
    },
    "mood_happy": {
        "all": {
            "happy": 0.552739024162,
            "not_happy": 0.447260946035
        },
        "probability": 0.552739024162,
        "value": "happy"
    },
    "mood_party": {
        "all": {
            "not_party": 0.718129396439,
            "party": 0.281870573759
        },
        "probability": 0.718129396439,
        "value": "not_party"
    },
    "mood_relaxed": {
        "all": {
            "not_relaxed": 0.5,
            "relaxed": 0.5
        },
        "probability": 0.5,
        "value": "not_relaxed"
    },
    "mood_sad": {
        "all": {
            "not_sad": 0.395364582539,
            "sad": 0.604635417461
        },
        "probability": 0.604635417461,
        "value": "sad"
    },
    "moods_mirex": {
        "all": {
            "Cluster1": 0.181057959795,
            "Cluster2": 0.334736049175,
            "Cluster3": 0.124585434794,
            "Cluster4": 0.198550030589,
            "Cluster5": 0.161070525646
        },
        "probability": 0.334736049175,
        "value": "Cluster2"
    },
    "timbre": {
        "all": {
            "bright": 0.857649564743,
            "dark": 0.142350435257
        },
        "probability": 0.857649564743,
        "value": "bright"
    },
    "tonal_atonal": {
        "all": {
            "atonal": 0.0237392522395,
            "tonal": 0.976260721684
        },
        "probability": 0.976260721684,
        "value": "tonal"
    },
    "voice_instrumental": {
        "all": {
            "instrumental": 0.0937927439809,
            "voice": 0.90620726347
        },
        "probability": 0.90620726347,
        "value": "voice"
    }
},
"lowlevel": {
    "average_loudness": 0.88398462534,
    "barkbands_crest": {
        "dmean": 2.38135933876,
        "dmean2": 3.75351142883,
        "dvar": 6.88093185425,
        "dvar2": 17.4017486572,
        "max": 25.6749382019,
        "mean": 12.8172492981,
        "median": 12.0268192291,
        "min": 3.16311120987,
        "var": 23.559633255
    },
    "barkbands_flatness_db": {
        "dmean": 0.022549752146,
        "dmean2": 0.0346149578691,
        "dvar": 0.000620387960225,
        "dvar2": 0.0014108865289,
        "max": 0.343176335096,
        "mean": 0.168885722756,
        "median": 0.163810953498,
        "min": 0.0472430624068,
        "var": 0.00181702326518
    },
    "barkbands_kurtosis": {
        "dmean": 3.25994467735,
        "dmean2": 4.9749288559,
        "dvar": 56.544303894,
        "dvar2": 120.604110718,
        "max": 163.430435181,
        "mean": 4.98644542694,
        "median": 2.37718725204,
        "min": -1.85609984398,
        "var": 103.635696411
    },
    "barkbands_skewness": {
        "dmean": 0.509070754051,
        "dmean2": 0.750544786453,
        "dvar": 0.468502551317,
        "dvar2": 1.01336526871,
        "max": 11.8922262192,
        "mean": 1.67229151726,
        "median": 1.47002887726,
        "min": -2.89373445511,
        "var": 1.75090348721
    },
    "barkbands_spread": {
        "dmean": 5.97696018219,
        "dmean2": 9.06727790833,
        "dvar": 68.5011825562,
        "dvar2": 160.523727417,
        "max": 99.0727844238,
        "mean": 21.4808425903,
        "median": 19.1337928772,
        "min": 1.23971486092,
        "var": 170.866775513
    },
    "dissonance": {
        "dmean": 0.0212921276689,
        "dmean2": 0.0346527509391,
        "dvar": 0.000344705040334,
        "dvar2": 0.000941082660574,
        "max": 0.499528110027,
        "mean": 0.455313116312,
        "median": 0.458022087812,
        "min": 0.316085100174,
        "var": 0.000723928853404
    },
    "dynamic_complexity": 2.17404675484,
    "erbbands_crest": {
        "dmean": 2.63788247108,
        "dmean2": 4.20619153976,
        "dvar": 7.01782369614,
        "dvar2": 15.7786369324,
        "max": 28.8508319855,
        "mean": 10.772983551,
        "median": 9.35422706604,
        "min": 2.74474072456,
        "var": 27.3715629578
    },
    "erbbands_flatness_db": {
        "dmean": 0.0174866020679,
        "dmean2": 0.0253139175475,
        "dvar": 0.000358019577106,
        "dvar2": 0.000687954481691,
        "max": 0.363805145025,
        "mean": 0.166781783104,
        "median": 0.165841326118,
        "min": 0.0619147866964,
        "var": 0.00199190480635
    },
    "erbbands_kurtosis": {
        "dmean": 0.925930559635,
        "dmean2": 1.40961289406,
        "dvar": 1.79847991467,
        "dvar2": 3.79956674576,
        "max": 16.885093689,
        "mean": 0.656519055367,
        "median": 0.105816364288,
        "min": -1.8066341877,
        "var": 4.82551336288
    },
    "erbbands_skewness": {
        "dmean": 0.364827126265,
        "dmean2": 0.539072811604,
        "dvar": 0.140366643667,
        "dvar2": 0.277715802193,
        "max": 3.98389840126,
        "mean": 0.513442277908,
        "median": 0.601386070251,
        "min": -3.81338429451,
        "var": 0.69540065527
    },
    "erbbands_spread": {
        "dmean": 8.90446949005,
        "dmean2": 13.0230445862,
        "dvar": 113.77936554,
        "dvar2": 251.975891113,
        "max": 160.806396484,
        "mean": 40.3407249451,
        "median": 37.7568435669,
        "min": 4.3721370697,
        "var": 390.141723633
    },
    "hfc": {
        "dmean": 10.378238678,
        "dmean2": 16.3491134644,
        "dvar": 391.98651123,
        "dvar2": 1006.29724121,
        "max": 223.356536865,
        "mean": 28.5869216919,
        "median": 26.094379425,
        "min": 0.507354974747,
        "var": 540.657531738
    },
    "melbands_crest": {
        "dmean": 2.62378168106,
        "dmean2": 4.15860033035,
        "dvar": 7.9486117363,
        "dvar2": 17.8255729675,
        "max": 33.5730438232,
        "mean": 16.9817790985,
        "median": 16.9831180573,
        "min": 3.8664252758,
        "var": 37.185256958
    },
    "melbands_flatness_db": {
        "dmean": 0.025341194123,
        "dmean2": 0.0373306199908,
        "dvar": 0.000875703117345,
        "dvar2": 0.00191549083684,
        "max": 0.430740177631,
        "mean": 0.201466575265,
        "median": 0.201469615102,
        "min": 0.0349590703845,
        "var": 0.00412455806509
    },
    "melbands_kurtosis": {
        "dmean": 8.21583652496,
        "dmean2": 12.6491346359,
        "dvar": 398.145812988,
        "dvar2": 876.2265625,
        "max": 384.844909668,
        "mean": 16.216342926,
        "median": 7.4156293869,
        "min": -1.73845922947,
        "var": 724.675415039
    },
    "melbands_skewness": {
        "dmean": 0.705052375793,
        "dmean2": 1.0439504385,
        "dvar": 0.968038260937,
        "dvar2": 2.05976915359,
        "max": 17.1034984589,
        "mean": 2.74786996841,
        "median": 2.2818210125,
        "min": -1.18869614601,
        "var": 3.82715892792
    },
    "melbands_spread": {
        "dmean": 6.18267250061,
        "dmean2": 9.0697479248,
        "dvar": 115.502723694,
        "dvar2": 185.743515015,
        "max": 210.825912476,
        "mean": 23.4426422119,
        "median": 18.9450950623,
        "min": 0.859550058842,
        "var": 567.498413086
    },
    "pitch_salience": {
        "dmean": 0.0633795186877,
        "dmean2": 0.0999900400639,
        "dvar": 0.00477078696713,
        "dvar2": 0.0121377687901,
        "max": 0.835064828396,
        "mean": 0.495839744806,
        "median": 0.484785556793,
        "min": 0.102917172015,
        "var": 0.0202216487378
    },
    "silence_rate_20dB": {
        "dmean": 0,
        "dmean2": 0,
        "dvar": 0,
        "dvar2": 0,
        "max": 1,
        "mean": 1,
        "median": 1,
        "min": 1,
        "var": 0
    },
    "silence_rate_30dB": {
        "dmean": 0.0433436520398,
        "dmean2": 0.0867544561625,
        "dvar": 0.041464459151,
        "dvar2": 0.0838745608926,
        "max": 1,
        "mean": 0.943542122841,
        "median": 1,
        "min": 0,
        "var": 0.0532706938684
    },
    "silence_rate_60dB": {
        "dmean": 0.0170278642327,
        "dmean2": 0.0340821072459,
        "dvar": 0.0167378913611,
        "dvar2": 0.0375691056252,
        "max": 1,
        "mean": 0.0355761796236,
        "median": 0,
        "min": 0,
        "var": 0.0343110524118
    },
    "spectral_centroid": {
        "dmean": 258.384857178,
        "dmean2": 370.887512207,
        "dvar": 103954.226562,
        "dvar2": 190246.53125,
        "max": 4624.34277344,
        "mean": 1437.67663574,
        "median": 1309.18188477,
        "min": 278.202667236,
        "var": 507349.625
    },
    "spectral_complexity": {
        "dmean": 3.8351392746,
        "dmean2": 5.86212253571,
        "dvar": 25.6685619354,
        "dvar2": 51.9111099243,
        "max": 60,
        "mean": 18.1291561127,
        "median": 17,
        "min": 1,
        "var": 61.925239563
    },
    "spectral_decrease": {
        "dmean": 3.30773852752e-09,
        "dmean2": 5.15096676423e-09,
        "dvar": 7.79606808547e-17,
        "dvar2": 1.6565292324e-16,
        "max": -8.31290036807e-11,
        "mean": -1.10144240395e-08,
        "median": -7.50677386918e-09,
        "min": -8.28885831083e-08,
        "var": 1.30642907478e-16
    },
    "spectral_energy": {
        "dmean": 0.0131164938211,
        "dmean2": 0.0204896274954,
        "dvar": 0.00115403020754,
        "dvar2": 0.00245072320104,
        "max": 0.316894322634,
        "mean": 0.044163890183,
        "median": 0.0312666893005,
        "min": 0.000397117371904,
        "var": 0.00195305875968
    },
    "spectral_energyband_high": {
        "dmean": 0.000901509192772,
        "dmean2": 0.00143934355583,
        "dvar": 3.59068576472e-06,
        "dvar2": 9.14793872653e-06,
        "max": 0.0200548656285,
        "mean": 0.00157976441551,
        "median": 0.000853634672239,
        "min": 4.12473127653e-06,
        "var": 5.41824874745e-06
    },
    "spectral_energyband_low": {
        "dmean": 0.00927812047303,
        "dmean2": 0.0145603725687,
        "dvar": 0.00104894163087,
        "dvar2": 0.00232281349599,
        "max": 0.291031777859,
        "mean": 0.023037424311,
        "median": 0.00101642636582,
        "min": 1.51164016415e-07,
        "var": 0.00149113044608
    },
    "spectral_energyband_middle_high": {
        "dmean": 0.00178265187424,
        "dmean2": 0.00253000529483,
        "dvar": 6.35513197267e-06,
        "dvar2": 1.27315488498e-05,
        "max": 0.0344920344651,
        "mean": 0.00554982526228,
        "median": 0.00448763510212,
        "min": 0.000106953673821,
        "var": 2.22781145567e-05
    },
    "spectral_energyband_middle_low": {
        "dmean": 0.00501973228529,
        "dmean2": 0.00820469856262,
        "dvar": 7.81930211815e-05,
        "dvar2": 0.000211354519706,
        "max": 0.0890237987041,
        "mean": 0.0145602617413,
        "median": 0.0137962605804,
        "min": 0.000117377778224,
        "var": 0.000136704227771
    },
    "spectral_entropy": {
        "dmean": 0.185622692108,
        "dmean2": 0.273536801338,
        "dvar": 0.0425363257527,
        "dvar2": 0.0919353067875,
        "max": 8.70792102814,
        "mean": 7.54007768631,
        "median": 7.51997613907,
        "min": 6.28329706192,
        "var": 0.143520057201
    },
    "spectral_flux": {
        "dmean": 0.0321225002408,
        "dmean2": 0.0481501109898,
        "dvar": 0.00276754284278,
        "dvar2": 0.0045044128783,
        "max": 0.52630096674,
        "mean": 0.0866635590792,
        "median": 0.0648566484451,
        "min": 0.00876749120653,
        "var": 0.00616004504263
    },
    "spectral_kurtosis": {
        "dmean": 1.26297438145,
        "dmean2": 2.06578826904,
        "dvar": 1.95782113075,
        "dvar2": 4.99085521698,
        "max": 16.8442516327,
        "mean": 3.32240343094,
        "median": 2.84440135956,
        "min": -0.671336174011,
        "var": 5.41395568848
    },
    "spectral_rms": {
        "dmean": 0.000779179623351,
        "dmean2": 0.00117698253598,
        "dvar": 2.15970499085e-06,
        "dvar2": 4.27669419878e-06,
        "max": 0.0175830945373,
        "mean": 0.00595255708322,
        "median": 0.00552305066958,
        "min": 0.000622440013103,
        "var": 7.6537617133e-06
    },
    "spectral_rolloff": {
        "dmean": 444.380767822,
        "dmean2": 746.207214355,
        "dvar": 873115.4375,
        "dvar2": 1995868.75,
        "max": 9173.14453125,
        "mean": 1456.44055176,
        "median": 990.52734375,
        "min": 86.1328125,
        "var": 2225141.75
    },
    "spectral_skewness": {
        "dmean": 0.204198211432,
        "dmean2": 0.31331089139,
        "dvar": 0.0392099916935,
        "dvar2": 0.0852436497808,
        "max": 2.810338974,
        "mean": 1.38279342651,
        "median": 1.36566400528,
        "min": -0.268347501755,
        "var": 0.19647115469
    },
    "spectral_spread": {
        "dmean": 713061.625,
        "dmean2": 1069685.375,
        "dvar": 977584062464,
        "dvar2": 2.07645048832e+12,
        "max": 12359605,
        "mean": 5050940,
        "median": 4777952.5,
        "min": 2190458.75,
        "var": 2.52307518259e+12
    },
    "spectral_strongpeak": {
        "dmean": 0.336165070534,
        "dmean2": 0.555333912373,
        "dvar": 0.282876193523,
        "dvar2": 0.684674680233,
        "max": 5.75566196442,
        "mean": 1.05286490917,
        "median": 0.679878532887,
        "min": 0.0540891736746,
        "var": 0.882111251354
    },
    "zerocrossingrate": {
        "dmean": 0.0103087052703,
        "dmean2": 0.0121173933148,
        "dvar": 0.00017856535851,
        "dvar2": 0.000193099011085,
        "max": 0.279296875,
        "mean": 0.0598414540291,
        "median": 0.05322265625,
        "min": 0.00341796875,
        "var": 0.00147217779886
    },
    "barkbands": {
        "dmean": [0.000538816908374, 0.00737911695614, 0.00374023430049, 0.00111924728844, 0.00168780051172, 0.000856501050293, 0.0012591839768, 0.000944615341723, 0.00138001900632, 0.000447951693786, 0.000615904282313, 0.000254191807471, 0.000280116888462, 0.000255291495705, 0.000300837098621, 0.000223021852435, 0.000171593841515, 0.000261354958639, 0.00024265369575, 0.000151324493345, 0.00018684877432, 0.000175790482899, 0.000224211500608, 0.00019003613852, 0.000130968546728, 8.93874603207e-05, 1.03623953862e-07],
        "dmean2": [0.000861046370119, 0.0122442087159, 0.00701316213235, 0.00198360276408, 0.0026728825178, 0.00143049960025, 0.00193801580463, 0.00148228358012, 0.00198483164422, 0.000709173560608, 0.000857392849866, 0.000388970540371, 0.000420032651164, 0.000396019109758, 0.00047600409016, 0.00035446966649, 0.000276159960777, 0.000398195144953, 0.000377768272301, 0.000250302779023, 0.000288321491098, 0.000281660148175, 0.00035731997923, 0.000309497059789, 0.000222761926125, 0.000152783366502, 1.86823669424e-07],
        "dvar": [3.61408979188e-06, 0.000745449331589, 0.000312825141009, 2.53837770288e-05, 5.6249523368e-06, 5.62988543606e-06, 6.75892579238e-06, 3.42837256539e-06, 6.45794079901e-06, 7.5822913459e-07, 1.4217455373e-06, 3.48804945816e-07, 2.67912014351e-07, 2.55333389987e-07, 2.71002221552e-07, 1.63756794791e-07, 1.88392235145e-07, 1.79553964585e-07, 1.54642890493e-07, 1.25525261296e-07, 1.43266234431e-07, 1.88774862409e-07, 1.8525807377e-07, 1.67122095718e-07, 9.88979778072e-08, 5.51606511578e-08, 3.60956327761e-13],
        "dvar2": [9.49003242567e-06, 0.00194562191609, 0.000902475090697, 7.1820730227e-05, 1.40533038575e-05, 1.44468112921e-05, 1.69664745044e-05, 7.58063106332e-06, 1.23871186588e-05, 1.94967219613e-06, 2.40986764766e-06, 7.96783695023e-07, 5.80929054195e-07, 5.8429117189e-07, 6.38265134967e-07, 3.93609440152e-07, 4.94596861245e-07, 3.94404736426e-07, 3.46579810184e-07, 3.29346335093e-07, 3.54272032155e-07, 4.51686275937e-07, 4.32576399589e-07, 4.19960429099e-07, 2.62616822511e-07, 1.46294567571e-07, 9.50969012738e-13],
        "max": [0.0187843739986, 0.26858407259, 0.145039647818, 0.0552506111562, 0.0354711636901, 0.032687060535, 0.0290310122073, 0.0230930037796, 0.0492449961603, 0.0103408340365, 0.0238926261663, 0.0120136616752, 0.00763583881781, 0.00551131460816, 0.00660789618269, 0.00550353527069, 0.00554042914882, 0.00489958049729, 0.00491773243994, 0.00481229042634, 0.00453656120226, 0.00609904713929, 0.00687773898244, 0.0066495873034, 0.00299983099103, 0.00221417145804, 1.25194837892e-05],
        "mean": [0.00119130988605, 0.0183706972748, 0.00295437336899, 0.00110955140553, 0.00396644696593, 0.00115496350918, 0.00220467010513, 0.00216612755321, 0.00385837699287, 0.000755346263759, 0.00144178583287, 0.000433332636021, 0.000437018403318, 0.000374268711312, 0.000496542605106, 0.000363508210285, 0.000254571932601, 0.000466800527647, 0.000470742234029, 0.000210256810533, 0.000332214112859, 0.000262779649347, 0.000389247958083, 0.00027687169495, 0.00014579553681, 7.62452109484e-05, 6.9731243002e-08],
        "median": [3.38836002811e-06, 0.000379623961635, 0.000180099334102, 0.000192312261788, 0.00235728104599, 0.000158259295858, 0.000981903169304, 0.000444867851911, 0.00110964546911, 0.000242831301875, 0.000374744500732, 0.000177084293682, 0.000188596372027, 0.000167056845385, 0.00022405575146, 0.000146597216371, 0.000113017493277, 0.000260579603491, 0.000270948599791, 9.21188475331e-05, 0.00015688201529, 7.86794989835e-05, 0.000144888545037, 0.000113257279736, 4.62621937913e-05, 8.96087385627e-06, 5.20473664167e-10],
        "min": [2.43137421307e-09, 2.77853251518e-09, 2.5612790111e-08, 1.87487358971e-08, 2.62431694864e-06, 1.08115784769e-06, 8.73902172316e-06, 5.88864713791e-06, 3.62095943274e-06, 8.5383089754e-07, 1.21867969938e-06, 9.75000148173e-07, 4.15432879208e-07, 8.63372406457e-07, 8.68458641889e-07, 1.29315469621e-06, 6.26230416856e-07, 1.68410838342e-06, 1.3889867887e-06, 5.44375552636e-07, 8.47048283958e-07, 4.80306994177e-07, 5.31792068159e-07, 1.18420224737e-07, 2.3602890753e-09, 9.565757908e-12, 1.02987271489e-11],
        "var": [7.05285265212e-06, 0.000879000173882, 0.000185507800779, 2.15908276004e-05, 1.74561155291e-05, 8.69839550433e-06, 9.55006817094e-06, 1.64548073371e-05, 4.42556556663e-05, 1.5145475345e-06, 8.4513631009e-06, 6.90246906743e-07, 5.5751547734e-07, 3.87455543205e-07, 5.60616570056e-07, 2.74501132935e-07, 1.81024603307e-07, 3.67061886664e-07, 3.78406156187e-07, 1.30883378802e-07, 2.39663251023e-07, 3.27743322259e-07, 4.77303728985e-07, 2.21514653731e-07, 8.95561242942e-08, 4.55908875097e-08, 2.48074862519e-13]
    },
    "erbbands": {
        "dmean": [0.225819543004, 1.7642544508, 4.26451539993, 4.12747383118, 3.41687464714, 7.71412563324, 7.63988780975, 6.89145183563, 13.087553978, 24.0303668976, 22.1422042847, 33.612739563, 15.7728433609, 17.5771713257, 20.2542686462, 9.32939910889, 12.7192430496, 11.8630056381, 12.6016931534, 18.1084022522, 11.3454046249, 9.73328304291, 11.3852672577, 15.2225971222, 9.35753631592, 6.4387049675, 7.33843612671, 7.28173828125, 6.35072660446, 6.54813337326, 6.74007129669, 4.38669586182, 2.80974197388, 1.52821278572, 0.91483271122, 0.518754184246, 0.150381118059, 0.00936365313828, 0.000206876677112, 2.67305931629e-05],
        "dmean2": [0.374098032713, 2.99330854416, 7.59803962708, 7.54783630371, 5.64527750015, 12.2530527115, 12.2651329041, 11.676279068, 21.3675632477, 36.0520820618, 33.6963195801, 47.7480621338, 23.2101097107, 26.7651920319, 28.0946826935, 13.8650741577, 18.5494556427, 18.1379299164, 19.9350376129, 28.9359970093, 17.3565311432, 15.6429595947, 17.2687683105, 23.2392139435, 14.8005409241, 10.4387750626, 11.5412063599, 11.4117946625, 10.2369241714, 10.5132036209, 10.7529726028, 7.08019590378, 4.59787225723, 2.54052186012, 1.57944846153, 0.890335202217, 0.258506804705, 0.0162686184049, 0.000353428564267, 4.33481254731e-05],
        "dvar": [0.64935863018, 43.3826522827, 365.678283691, 358.326660156, 75.3890686035, 105.034294128, 250.003967285, 486.589599609, 1382.06896973, 1589.04553223, 1729.96289062, 4754.43164062, 1052.1640625, 891.922485352, 1333.1920166, 488.511749268, 579.942749023, 532.71282959, 604.320495605, 1087.64343262, 386.557189941, 718.554870605, 432.309051514, 584.657714844, 292.311004639, 271.614776611, 189.036529541, 258.118835449, 285.577697754, 161.624404907, 179.244491577, 79.8847885132, 38.5743408203, 13.0894231796, 5.02639770508, 1.87306106091, 0.159456372261, 0.000676137744449, 2.99552425531e-07, 3.50644135949e-09],
        "dvar2": [1.7670879364, 114.4270401, 1028.83605957, 1029.03063965, 204.522491455, 256.575653076, 537.708068848, 1296.45019531, 3742.24194336, 3493.28076172, 4135.53417969, 9100.73046875, 2105.52832031, 2162.25488281, 2126.56396484, 1050.9050293, 1207.0958252, 1129.41882324, 1451.25915527, 2686.62280273, 895.264038086, 1923.1394043, 1008.36627197, 1193.24902344, 708.773620605, 708.49597168, 464.779785156, 647.822692871, 685.91027832, 393.02255249, 417.993652344, 193.82119751, 99.5242233276, 34.1796684265, 13.3899793625, 4.97694444656, 0.4278241992, 0.00181897054426, 8.01714463705e-07, 8.25987100939e-09],
        "max": [8.07542705536, 67.2536849976, 171.279602051, 198.715896606, 102.120079041, 111.122955322, 237.085952759, 305.675720215, 481.785552979, 507.216156006, 595.435180664, 1378.1685791, 680.597961426, 358.123443604, 757.645568848, 434.270233154, 384.278289795, 320.175506592, 296.324951172, 395.906158447, 217.417678833, 364.674468994, 279.468292236, 342.14453125, 163.011901855, 228.334396362, 150.152328491, 186.584228516, 239.881988525, 145.128829956, 248.636962891, 149.651580811, 89.6937179565, 36.0484199524, 21.195690155, 12.5784215927, 3.40583944321, 0.213893085718, 0.00452195946127, 0.000572826014832],
        "mean": [0.570378303528, 3.84710764885, 4.63172006607, 3.53179121017, 5.83759641647, 17.0593643188, 14.7904338837, 7.97192192078, 18.3131961823, 48.0131454468, 56.1666679382, 93.8099746704, 35.9750061035, 36.8759765625, 49.6120681763, 17.7914981842, 21.4770717621, 18.4508628845, 19.6907157898, 28.6556358337, 20.9424057007, 15.2431879044, 21.1823101044, 30.8137054443, 17.6085891724, 9.58795547485, 12.4607143402, 12.2478342056, 9.35479259491, 10.8240089417, 11.2571582794, 6.65951871872, 3.89463663101, 1.8875246048, 0.924244344234, 0.456701487303, 0.123534604907, 0.00755556765944, 0.000194131353055, 6.42596933176e-05],
        "median": [0.00476254895329, 0.10395989567, 0.309178680182, 0.636711001396, 2.25829553604, 9.45000553131, 4.53738117218, 1.6724075079, 7.47094917297, 20.258682251, 16.3500041962, 27.2292346954, 17.647359848, 18.690618515, 17.2812213898, 8.58236408234, 10.0099077225, 9.30791664124, 8.96543121338, 12.4491138458, 8.29789352417, 7.60017728806, 12.2841939926, 18.2905025482, 10.8004703522, 4.45577907562, 5.6713681221, 4.99424982071, 2.83353066444, 4.48614406586, 3.84031224251, 2.69962120056, 1.51768732071, 0.605459392071, 0.252933174372, 0.0688734129071, 0.0142271481454, 0.000648324610665, 4.66031779069e-05, 4.33337809227e-05],
        "min": [1.73280125182e-06, 9.94426227408e-06, 5.01607537444e-05, 0.000476497953059, 0.00568742863834, 0.00895218364894, 0.0143674015999, 0.023504730314, 0.0695384815335, 0.199706107378, 0.174835950136, 0.0847938507795, 0.0668495520949, 0.0262300334871, 0.072844132781, 0.0454987622797, 0.0184737127274, 0.0468711145222, 0.0513599552214, 0.0542360953987, 0.0826699286699, 0.0754266083241, 0.158763214946, 0.198565706611, 0.069748736918, 0.0390196330845, 0.0410168543458, 0.0220126006752, 0.0183329675347, 0.0191958155483, 0.00972905382514, 0.00592015357688, 0.00123145687394, 7.48997044866e-05, 9.38731864153e-06, 5.19734112459e-06, 1.98014731723e-06, 2.54283122558e-07, 4.15621968841e-07, 7.3476360285e-07],
        "var": [0.833918571472, 49.2110061646, 250.529342651, 229.204147339, 107.0831604, 362.814331055, 853.52947998, 505.676239014, 1200.97607422, 4052.07495117, 8294.734375, 31238.5097656, 3118.18676758, 2226.29223633, 8091.19042969, 1001.80493164, 1312.85437012, 842.527282715, 1021.8894043, 1828.34313965, 879.718994141, 650.797241211, 763.812744141, 1645.32824707, 485.667236328, 272.543731689, 340.112548828, 394.789672852, 473.873840332, 324.013519287, 472.870758057, 134.401107788, 45.1006660461, 13.2164535522, 4.35196828842, 1.53681206703, 0.128626957536, 0.000537332263775, 2.46647175572e-07, 4.85413265139e-09]
    },
    "gfcc": {
        "mean": [14.1572799683, 80.2755203247, -126.858360291, 31.8218173981, -76.9383468628, 18.5496025085, -37.7406387329, 15.4233961105, -22.4107074738, -3.40702605247, -15.5043821335, -3.04834747314, -10.639547348],
        "cov": [[3852.37768555, -880.110290527, 1000.8505249, 324.747497559, 81.9240951538, 359.948516846, 56.1152992249, 706.83996582, 247.498672485, 485.676361084, 28.4886779785, 272.951599121, -52.7176132202], [-880.110290527, 1252.73339844, -26.1648426056, 67.1643066406, 388.120635986, 20.94231987, 215.832519531, -82.8816146851, 178.219192505, -113.575233459, 163.756332397, -104.1795578, 109.075271606], [1000.8505249, -26.1648426056, 1340.34143066, 579.278930664, 253.698410034, 377.784118652, 216.335891724, 292.970336914, 183.389144897, 296.673095703, 185.09475708, 195.268798828, -8.11670398712], [324.747497559, 67.1643066406, 579.278930664, 655.730285645, 159.050109863, 159.704544067, 201.188659668, 133.021240234, 162.46975708, 117.344581604, 158.819396973, 64.9690093994, 90.5581741333], [81.9240951538, 388.120635986, 253.698410034, 159.050109863, 395.881103516, 136.690490723, 167.024871826, 120.509635925, 133.566711426, 46.3270378113, 51.6678581238, 59.4302368164, 49.316204071], [359.948516846, 20.94231987, 377.784118652, 159.704544067, 136.690490723, 341.087371826, 185.447616577, 114.749359131, 105.755767822, 115.818389893, 92.2916717529, 57.2427978516, 22.7664241791], [56.1152992249, 215.832519531, 216.335891724, 201.188659668, 167.024871826, 185.447616577, 307.224639893, 116.247566223, 148.690658569, 60.6800308228, 97.3311080933, 38.6790504456, 49.7317428589], [706.83996582, -82.8816146851, 292.970336914, 133.021240234, 120.509635925, 114.749359131, 116.247566223, 317.663421631, 154.902618408, 112.09475708, 54.3869972229, 91.5071411133, 18.7018871307], [247.498672485, 178.219192505, 183.389144897, 162.46975708, 133.566711426, 105.755767822, 148.690658569, 154.902618408, 259.828430176, 95.950088501, 77.0175323486, 22.6633415222, 43.9803085327], [485.676361084, -113.575233459, 296.673095703, 117.344581604, 46.3270378113, 115.818389893, 60.6800308228, 112.09475708, 95.950088501, 190.101730347, 49.0007286072, 53.3198661804, -9.46792507172], [28.4886779785, 163.756332397, 185.09475708, 158.819396973, 51.6678581238, 92.2916717529, 97.3311080933, 54.3869972229, 77.0175323486, 49.0007286072, 185.508956909, 24.5384025574, 31.4803714752], [272.951599121, -104.1795578, 195.268798828, 64.9690093994, 59.4302368164, 57.2427978516, 38.6790504456, 91.5071411133, 22.6633415222, 53.3198661804, 24.5384025574, 148.262207031, 11.656126976], [-52.7176132202, 109.075271606, -8.11670398712, 90.5581741333, 49.316204071, 22.7664241791, 49.7317428589, 18.7018871307, 43.9803085327, -9.46792507172, 31.4803714752, 11.656126976, 106.000419617]],
        "icov": [[0.0006692117895, 8.69172945386e-05, -2.16481912503e-05, -0.000142054501339, 0.000150328065502, -0.000371944974177, 0.000538588094059, -0.00131443655118, 0.000165875346283, -0.000888928712811, 0.00037122447975, -0.000101440848084, 0.000104938590084], [8.69172945386e-05, 0.00363385491073, -0.00117958453484, 0.00192772049922, -0.00364573695697, 0.0019784620963, -0.00146752269939, 0.00232002115808, -0.00224810419604, 0.00245161470957, -0.00332427956164, 0.00292521924712, -0.00206550979055], [-2.16481912503e-05, -0.00117958453484, 0.00291969347745, -0.00242923293263, 0.000613601529039, -0.00211617653258, 0.00127078802325, -0.00132881163154, 0.00127034797333, -0.00226947921328, 0.000739163777325, -0.00221522548236, 0.00260349689052], [-0.000142054501339, 0.00192772049922, -0.00242923293263, 0.00481297820807, -0.00182961253449, 0.0023373789154, -0.00219381833449, 0.00201936392114, -0.00175576808397, 0.00163832260296, -0.0028238943778, 0.00231426092796, -0.00387095031328], [0.000150328065502, -0.00364573695697, 0.000613601529039, -0.00182961253449, 0.00760506652296, -0.00243088975549, 0.000484414078528, -0.00297001493163, 0.00117476948071, -0.0017488686135, 0.00409181416035, -0.00357431964949, 0.0012511392124], [-0.000371944974177, 0.0019784620963, -0.00211617653258, 0.0023373789154, -0.00243088975549, 0.00761063909158, -0.0041447468102, 0.00231922254898, -0.000929896254092, 0.000364679261111, -0.00279541919008, 0.00218126783147, -0.00233925529756], [0.000538588094059, -0.00146752269939, 0.00127078802325, -0.00219381833449, 0.000484414078528, -0.0041447468102, 0.00825937651098, -0.00259745051153, -0.000718301918823, -0.00087741605239, 0.000727852922864, -0.00166884018108, 0.00118456978817], [-0.00131443655118, 0.00232002115808, -0.00132881163154, 0.00201936392114, -0.00297001493163, 0.00231922254898, -0.00259745051153, 0.0101553779095, -0.00454297102988, 0.00265460694209, -0.00272218836471, -6.21820072411e-05, -0.00162009487394], [0.000165875346283, -0.00224810419604, 0.00127034797333, -0.00175576808397, 0.00117476948071, -0.000929896254092, -0.000718301918823, -0.00454297102988, 0.00970119424164, -0.00472872657701, 0.00125441234559, 0.000104383616417, -4.67142563139e-05], [-0.000888928712811, 0.00245161470957, -0.00226947921328, 0.00163832260296, -0.0017488686135, 0.000364679261111, -0.00087741605239, 0.00265460694209, -0.00472872657701, 0.0132298525423, -0.00287135806866, 0.00122099521104, 2.51802475759e-06], [0.00037122447975, -0.00332427956164, 0.000739163777325, -0.0028238943778, 0.00409181416035, -0.00279541919008, 0.000727852922864, -0.00272218836471, 0.00125441234559, -0.00287135806866, 0.0110379876569, -0.00290432665497, 0.00117426575162], [-0.000101440848084, 0.00292521924712, -0.00221522548236, 0.00231426092796, -0.00357431964949, 0.00218126783147, -0.00166884018108, -6.21820072411e-05, 0.000104383616417, 0.00122099521104, -0.00290432665497, 0.0122665539384, -0.00363946356811], [0.000104938590084, -0.00206550979055, 0.00260349689052, -0.00387095031328, 0.0012511392124, -0.00233925529756, 0.00118456978817, -0.00162009487394, -4.67142563139e-05, 2.51802475759e-06, 0.00117426575162, -0.00363946356811, 0.0148394070566]]
    },
    "melbands": {
        "dmean": [0.00202444544993, 0.00213225348853, 0.000685574894305, 0.000372664886527, 0.000288369104965, 0.000157868955284, 0.00021351093892, 0.000251878227573, 0.000195150729269, 0.000198588750209, 7.88015240687e-05, 7.2858427302e-05, 8.98992511793e-05, 2.87509665213e-05, 2.90593834507e-05, 2.53196649282e-05, 2.30868317885e-05, 2.22671096708e-05, 2.0567302272e-05, 1.96922428586e-05, 1.38190407597e-05, 1.09107268145e-05, 8.82606127561e-06, 1.50495216076e-05, 1.33711982926e-05, 8.22341007733e-06, 6.12645544606e-06, 4.25817279393e-06, 4.90542288389e-06, 4.5996521294e-06, 4.40131452706e-06, 3.75049944523e-06, 3.83705491913e-06, 3.79369566872e-06, 4.76687137052e-06, 2.69974498224e-06, 3.01871023112e-06, 2.08830419979e-06, 1.78753316504e-06, 1.16847445497e-06],
        "dmean2": [0.00332910125144, 0.00357925263233, 0.00124020362273, 0.000601533334702, 0.000454230234027, 0.000268960196991, 0.000343865773175, 0.000376884592697, 0.000292904209346, 0.000286351074465, 0.000116774041089, 0.000112258501758, 0.000123847523355, 4.36166083091e-05, 4.19933385274e-05, 3.80722995033e-05, 3.53014766006e-05, 3.52172210114e-05, 3.234318865e-05, 3.14921126119e-05, 2.15728668991e-05, 1.77000092663e-05, 1.41228611028e-05, 2.32909442275e-05, 2.06197837542e-05, 1.33354251375e-05, 9.86016402749e-06, 7.04512467564e-06, 7.80374921305e-06, 7.20713478586e-06, 7.0528822107e-06, 6.11830000707e-06, 6.31215834801e-06, 6.07115271123e-06, 7.70055066823e-06, 4.32429851571e-06, 5.04222043674e-06, 3.45873218066e-06, 2.94734763884e-06, 1.96347718884e-06],
        "dvar": [5.37347004865e-05, 7.26372236386e-05, 8.97728750715e-06, 3.34778150091e-07, 2.36515546703e-07, 2.4326050152e-07, 2.8246228112e-07, 1.57521142796e-07, 1.15128074185e-07, 1.49188522869e-07, 2.84495271785e-08, 1.67316986932e-08, 3.0093463721e-08, 5.46841683047e-09, 2.49953346909e-09, 2.27334373548e-09, 2.0977100057e-09, 1.97938732072e-09, 1.40645251001e-09, 1.31285060601e-09, 5.99790273004e-10, 8.14121547954e-10, 4.91013840698e-10, 5.52259404873e-10, 4.80829764893e-10, 2.03586106307e-10, 1.52437742984e-10, 1.36755731739e-10, 8.51691564496e-11, 7.5951051004e-11, 1.0517213489e-10, 1.05801069294e-10, 8.12244438375e-11, 4.92528309803e-11, 9.40197503185e-11, 2.53177461634e-11, 4.38845453032e-11, 2.06554530424e-11, 1.83155053624e-11, 7.50427931601e-12],
        "dvar2": [0.000142831500852, 0.000189945392776, 2.56677776633e-05, 8.21672131224e-07, 5.14758596637e-07, 6.48024013117e-07, 7.47583555949e-07, 3.43019166849e-07, 2.63659529764e-07, 2.88600290332e-07, 5.61049873227e-08, 4.18110595035e-08, 4.81917936668e-08, 1.26718999738e-08, 5.17988807403e-09, 5.3459490168e-09, 4.47081172084e-09, 4.82208228902e-09, 3.24799587226e-09, 3.28513793946e-09, 1.41846301371e-09, 2.17529216862e-09, 1.26655697041e-09, 1.22384713475e-09, 9.66339896991e-10, 4.9818943415e-10, 3.75247000139e-10, 3.65106000988e-10, 2.15137879733e-10, 1.83382808938e-10, 2.69513078521e-10, 2.53763454694e-10, 2.05595401814e-10, 1.16471166045e-10, 2.21914264742e-10, 5.93626120482e-11, 1.11386157242e-10, 5.39976154068e-11, 4.809929538e-11, 1.96487409676e-11],
        "max": [0.0663254112005, 0.0790321156383, 0.0307732541114, 0.00737789878622, 0.00667141936719, 0.00659565161914, 0.00653402879834, 0.0046260994859, 0.0043024616316, 0.00748144462705, 0.00341529492289, 0.00158113637008, 0.00361263123341, 0.00163933285512, 0.000698731222656, 0.000699905387592, 0.000716593465768, 0.00056415196741, 0.000624858366791, 0.000493571569677, 0.000276398699498, 0.000377026211936, 0.00031362142181, 0.000312908610795, 0.000347986904671, 0.000135045702336, 0.000127486229758, 0.000164024197147, 0.000129085456138, 0.000104674647446, 0.000121761593618, 0.000145655285451, 0.000110733904876, 7.72477069404e-05, 0.000188100530067, 6.40775033389e-05, 0.000119447191537, 7.21766773495e-05, 5.90925737924e-05, 2.32468755712e-05],
        "mean": [0.00518944952637, 0.00348464748822, 0.00064087548526, 0.000846160633955, 0.000591313524637, 0.000181510593393, 0.000323895568727, 0.000528588017914, 0.000509253994096, 0.000546753755771, 0.000165561592439, 0.000143068638863, 0.000216843109229, 4.87141951453e-05, 4.87800571136e-05, 3.99685341108e-05, 3.33438038069e-05, 3.16651567118e-05, 3.37004094035e-05, 2.9604338124e-05, 2.42507212533e-05, 1.57184713316e-05, 1.33416479002e-05, 2.61646873696e-05, 2.5602434107e-05, 1.48192348206e-05, 9.18944442674e-06, 5.46986257177e-06, 7.74036652729e-06, 7.60070224715e-06, 6.89150056132e-06, 5.11737653142e-06, 5.34532318852e-06, 6.32936689726e-06, 7.43356667954e-06, 4.35908168583e-06, 4.02249270337e-06, 2.75043635156e-06, 2.32983234127e-06, 1.32223306082e-06],
        "median": [7.26280122763e-05, 0.00017939764075, 0.000131205451908, 0.00042556761764, 0.00026972964406, 2.79132673313e-05, 0.000142940203659, 0.000201892500627, 0.000126857499708, 0.000151683605509, 5.29031203769e-05, 6.72012174618e-05, 6.00737912464e-05, 1.89354777831e-05, 2.17735760089e-05, 1.95719258045e-05, 1.57700233103e-05, 1.26035574795e-05, 1.38832874654e-05, 1.26400891531e-05, 7.91486763774e-06, 6.85772920406e-06, 5.93776212554e-06, 1.48333192556e-05, 1.37365241244e-05, 8.63910372573e-06, 4.51555797554e-06, 2.11199176192e-06, 3.36807215717e-06, 3.10570385409e-06, 2.54455153481e-06, 1.25422593555e-06, 1.62124933922e-06, 2.61220475295e-06, 2.19555272452e-06, 1.53388884883e-06, 1.50927053255e-06, 1.07110724912e-06, 7.87107126143e-07, 3.51807983634e-07],
        "min": [1.33271198521e-08, 1.32814959031e-08, 1.40224457823e-07, 6.65585787374e-07, 6.11995687905e-07, 3.02775788441e-07, 1.04467119399e-06, 1.90016430679e-06, 8.01302974196e-07, 5.45987234091e-07, 3.42827576105e-07, 1.07187041465e-07, 2.16390716901e-07, 1.42244559242e-07, 6.17918374246e-08, 5.30300212631e-08, 7.34248786216e-08, 2.94595210448e-08, 6.19559870074e-08, 8.11132352396e-08, 7.73839943236e-08, 5.44010667625e-08, 3.12796366586e-08, 8.13052878357e-08, 1.57770230658e-07, 5.54731443003e-08, 1.25468151424e-08, 1.46787524358e-08, 2.89935737641e-08, 2.08475423591e-08, 1.57262669553e-09, 5.50431478175e-09, 8.62992344253e-09, 1.13147287095e-08, 5.3156492541e-09, 6.64075600065e-11, 2.26721108554e-09, 6.50759002241e-10, 9.41971584826e-14, 3.54890335869e-12],
