{
"highlevel": {
    "danceability": {
        "all": {
            "danceable": 0.991278171539,
            "not_danceable": 0.00872184243053
        },
        "probability": 0.991278171539,
        "value": "danceable"
    },
    "gender": {
        "all": {
            "female": 0.819299042225,
            "male": 0.180700957775
        },
        "probability": 0.819299042225,
        "value": "female"
    },
    "genre_dortmund": {
        "all": {
            "alternative": 0.0258765872568,
            "blues": 0.0379828363657,
            "electronic": 0.0226493403316,
            "folkcountry": 0.0636920109391,
            "funksoulrnb": 0.0710194259882,
            "jazz": 0.0365667715669,
            "pop": 0.126169040799,
            "raphiphop": 0.490719974041,
            "rock": 0.125323995948
        },
        "probability": 0.490719974041,
        "value": "raphiphop"
    },
    "genre_electronic": {
        "all": {
            "ambient": 0.361652910709,
            "dnb": 0.160223573446,
            "house": 0.250893563032,
            "techno": 0.0189986471087,
            "trance": 0.208231300116
        },
        "probability": 0.361652910709,
        "value": "ambient"
    },
    "genre_rosamerica": {
        "all": {
            "cla": 0.00449175341055,
            "dan": 0.0267024766654,
            "hip": 0.0514332056046,
            "jaz": 0.00603827973828,
            "pop": 0.553144752979,
            "rhy": 0.280711889267,
            "roc": 0.0732921883464,
            "spe": 0.0041854698211
        },
        "probability": 0.553144752979,
        "value": "pop"
    },
    "genre_tzanetakis": {
        "all": {
            "blu": 0.0626613423228,
            "cla": 0.0348169617355,
            "cou": 0.104475811124,
            "dis": 0.0784321576357,
            "hip": 0.15692435205,
            "jaz": 0.313974827528,
            "met": 0.0448166541755,
            "pop": 0.0627359300852,
            "reg": 0.0627360641956,
            "roc": 0.0784258767962
        },
        "probability": 0.313974827528,
        "value": "jaz"
    },
    "ismir04_rhythm": {
        "all": {
            "ChaChaCha": 0.0436927117407,
            "Jive": 0.0665732100606,
            "Quickstep": 0.0607021041214,
            "Rumba-American": 0.0120725249872,
            "Rumba-International": 0.245014503598,
            "Rumba-Misc": 0.0563499815762,
            "Samba": 0.397064894438,
            "Tango": 0.00858854502439,
            "VienneseWaltz": 0.070494145155,
            "Waltz": 0.0394473858178
        },
        "probability": 0.397064894438,
        "value": "Samba"
    },
    "mood_acoustic": {
        "all": {
            "acoustic": 0.341623902321,
            "not_acoustic": 0.658376097679
        },
        "probability": 0.658376097679,
        "value": "not_acoustic"
    },
    "mood_aggressive": {
        "all": {
            "aggressive": 0.00349602778442,
            "not_aggressive": 0.996503949165
        },
        "probability": 0.996503949165,
        "value": "not_aggressive"
    },
    "mood_electronic": {
        "all": {
            "electronic": 0.261415660381,
            "not_electronic": 0.738584339619
        },
        "probability": 0.738584339619,
        "value": "not_electronic"
    },
    "mood_happy": {
        "all": {
            "happy": 0.823913514614,
            "not_happy": 0.176086485386
        },
        "probability": 0.823913514614,
        "value": "happy"
    },
    "mood_party": {
        "all": {
            "not_party": 0.715904593468,
            "party": 0.284095406532
        },
        "probability": 0.715904593468,
        "value": "not_party"
    },
    "mood_relaxed": {
        "all": {
            "not_relaxed": 0.909335494041,
            "relaxed": 0.090664498508
        },
        "probability": 0.909335494041,
        "value": "not_relaxed"
    },
    "mood_sad": {
        "all": {
            "not_sad": 0.523549735546,
            "sad": 0.476450264454
        },
        "probability": 0.523549735546,
        "value": "not_sad"
    },
    "moods_mirex": {
        "all": {
            "Cluster1": 0.152241662145,
            "Cluster2": 0.432846963406,
            "Cluster3": 0.203019291162,
            "Cluster4": 0.184574067593,
            "Cluster5": 0.0273180156946
        },
        "probability": 0.432846963406,
        "value": "Cluster2"
    },
    "timbre": {
        "all": {
            "bright": 0.983434379101,
            "dark": 0.016565605998
        },
        "probability": 0.983434379101,
        "value": "bright"
    },
    "tonal_atonal": {
        "all": {
            "atonal": 0.164727509022,
            "tonal": 0.835272490978
        },
        "probability": 0.835272490978,
        "value": "tonal"
    },
    "voice_instrumental": {
        "all": {
            "instrumental": 0.0172201376408,
            "voice": 0.982779860497
        },
        "probability": 0.982779860497,
        "value": "voice"
    }
},
"lowlevel": {
    "average_loudness": 0.958316147327,
    "barkbands_crest": {
        "dmean": 2.7290456295,
        "dmean2": 4.21911525726,
        "dvar": 7.20773410797,
        "dvar2": 16.5055942535,
        "max": 26.6258621216,
        "mean": 11.0092115402,
        "median": 10.0178842545,
        "min": 2.78051829338,
        "var": 19.0165100098
    },
    "barkbands_flatness_db": {
        "dmean": 0.0274924691767,
        "dmean2": 0.0392273925245,
        "dvar": 0.000923352781683,
        "dvar2": 0.00160510663409,
        "max": 0.583656430244,
        "mean": 0.190073862672,
        "median": 0.174181953073,
        "min": 0.0415775552392,
        "var": 0.00485351867974
    },
    "barkbands_kurtosis": {
        "dmean": 8.44639778137,
        "dmean2": 13.2160997391,
        "dvar": 793.939331055,
        "dvar2": 1971.11169434,
        "max": 498.347625732,
        "mean": 9.29660892487,
        "median": 1.4827003479,
        "min": -1.93795394897,
        "var": 972.788452148
    },
    "barkbands_skewness": {
        "dmean": 0.889479696751,
        "dmean2": 1.28036022186,
        "dvar": 1.68504369259,
        "dvar2": 3.56689763069,
        "max": 15.7329101562,
        "mean": 1.60403239727,
        "median": 1.10044085979,
        "min": -3.5037984848,
        "var": 3.8744931221
    },
    "barkbands_spread": {
        "dmean": 7.65123701096,
        "dmean2": 11.816493988,
        "dvar": 145.78515625,
        "dvar2": 344.057617188,
        "max": 116.157531738,
        "mean": 20.3766269684,
        "median": 16.8567276001,
        "min": 0.190495029092,
        "var": 234.382003784
    },
    "dissonance": {
        "dmean": 0.0338841862977,
        "dmean2": 0.0562822148204,
        "dvar": 0.00101004913449,
        "dvar2": 0.00262117991224,
        "max": 0.499152749777,
        "mean": 0.430171757936,
        "median": 0.440910160542,
        "min": 0.197509467602,
        "var": 0.00223311199807
    },
    "dynamic_complexity": 2.5628285408,
    "erbbands_crest": {
        "dmean": 3.11935782433,
        "dmean2": 4.96671104431,
        "dvar": 7.34238100052,
        "dvar2": 18.2186870575,
        "max": 27.9227752686,
        "mean": 11.4223413467,
        "median": 10.7390232086,
        "min": 3.72311258316,
        "var": 18.1408405304
    },
    "erbbands_flatness_db": {
        "dmean": 0.0238648559898,
        "dmean2": 0.0346525683999,
        "dvar": 0.000642339524347,
        "dvar2": 0.00113753858022,
        "max": 0.381160825491,
        "mean": 0.18747676909,
        "median": 0.185293823481,
        "min": 0.0628620758653,
        "var": 0.00243539595976
    },
    "erbbands_kurtosis": {
        "dmean": 1.54351961613,
        "dmean2": 2.42336130142,
        "dvar": 6.61286401749,
        "dvar2": 15.4044189453,
        "max": 50.9526557922,
        "mean": 1.76122498512,
        "median": 1.03941059113,
        "min": -1.89408552647,
        "var": 12.9819946289
    },
    "erbbands_skewness": {
        "dmean": 0.509729623795,
        "dmean2": 0.773619651794,
        "dvar": 0.335132598877,
        "dvar2": 0.769951283932,
        "max": 5.41752815247,
        "mean": 0.455953329802,
        "median": 0.426398813725,
        "min": -3.82331633568,
        "var": 0.891241371632
    },
    "erbbands_spread": {
        "dmean": 13.3687973022,
        "dmean2": 20.796125412,
        "dvar": 438.779327393,
        "dvar2": 1034.84643555,
        "max": 174.696517944,
        "mean": 33.6969070435,
        "median": 23.5720119476,
        "min": 4.38296794891,
        "var": 747.995239258
    },
    "hfc": {
        "dmean": 12.2477350235,
        "dmean2": 19.4446086884,
        "dvar": 678.149658203,
        "dvar2": 1748.27270508,
        "max": 238.028701782,
        "mean": 27.6104393005,
        "median": 24.0765895844,
        "min": 0.00604253588244,
        "var": 715.411499023
    },
    "melbands_crest": {
        "dmean": 3.23661756516,
        "dmean2": 4.87920284271,
        "dvar": 10.337553978,
        "dvar2": 22.413690567,
        "max": 35.0946426392,
        "mean": 15.9261484146,
        "median": 14.5582942963,
        "min": 4.66387176514,
        "var": 41.0876617432
    },
    "melbands_flatness_db": {
        "dmean": 0.0334921553731,
        "dmean2": 0.045697055757,
        "dvar": 0.00151413795538,
        "dvar2": 0.00247844867408,
        "max": 0.71235537529,
        "mean": 0.244993135333,
        "median": 0.224311158061,
        "min": 0.0471749790013,
        "var": 0.00846521928906
    },
    "melbands_kurtosis": {
        "dmean": 20.379234314,
        "dmean2": 32.1606750488,
        "dvar": 3815.45043945,
        "dvar2": 8235.44335938,
        "max": 1058.13439941,
        "mean": 24.6190299988,
        "median": 4.71619701385,
        "min": -1.83396494389,
        "var": 5035.50439453
    },
    "melbands_skewness": {
        "dmean": 1.21630930901,
        "dmean2": 1.77329182625,
        "dvar": 3.49406504631,
        "dvar2": 7.15747070312,
        "max": 26.915309906,
        "mean": 2.68476319313,
        "median": 1.92090666294,
        "min": -0.926886200905,
        "var": 7.9225153923
    },
    "melbands_spread": {
        "dmean": 8.66502094269,
        "dmean2": 13.0154514313,
        "dvar": 221.714294434,
        "dvar2": 496.659179688,
        "max": 187.557601929,
        "mean": 23.2446956635,
        "median": 19.9029159546,
        "min": 0.153111323714,
        "var": 407.934539795
    },
    "pitch_salience": {
        "dmean": 0.0782730877399,
        "dmean2": 0.121844150126,
        "dvar": 0.00691889459267,
        "dvar2": 0.016005102545,
        "max": 0.866250872612,
        "mean": 0.4867862463,
        "median": 0.487394988537,
        "min": 0.0391586013138,
        "var": 0.02131915465
    },
    "silence_rate_20dB": {
        "dmean": 0,
        "dmean2": 0,
        "dvar": 0,
        "dvar2": 0,
        "max": 1,
        "mean": 1,
        "median": 1,
        "min": 1,
        "var": 0
    },
    "silence_rate_30dB": {
        "dmean": 0.0464396290481,
        "dmean2": 0.0929512009025,
        "dvar": 0.0442828945816,
        "dvar2": 0.095155313611,
        "max": 1,
        "mean": 0.939675152302,
        "median": 1,
        "min": 0,
        "var": 0.0566857643425
    },
    "silence_rate_60dB": {
        "dmean": 0.0278637763113,
        "dmean2": 0.0557707212865,
        "dvar": 0.0270874444395,
        "dvar2": 0.0573079288006,
        "max": 1,
        "mean": 0.0541376657784,
        "median": 0,
        "min": 0,
        "var": 0.0512061342597
    },
    "spectral_centroid": {
        "dmean": 257.823852539,
        "dmean2": 371.562347412,
        "dvar": 167305.34375,
        "dvar2": 353042.125,
        "max": 5928.78857422,
        "mean": 1219.41442871,
        "median": 1187.95617676,
        "min": 89.5148544312,
        "var": 427176.53125
    },
    "spectral_complexity": {
        "dmean": 2.62151694298,
        "dmean2": 3.68551516533,
        "dvar": 13.1113777161,
        "dvar2": 18.6727275848,
        "max": 59,
        "mean": 13.7478733063,
        "median": 13,
        "min": 0,
        "var": 58.0432090759
    },
    "spectral_decrease": {
        "dmean": 4.12620204671e-09,
        "dmean2": 5.83465498138e-09,
        "dvar": 6.14665935613e-17,
        "dvar2": 1.22356251806e-16,
        "max": -7.46767925275e-12,
        "mean": -1.0791415761e-08,
        "median": -7.86694709376e-09,
        "min": -7.60109060138e-08,
        "var": 1.16106339796e-16
    },
    "spectral_energy": {
        "dmean": 0.0164277274162,
        "dmean2": 0.0233012810349,
        "dvar": 0.000907347770408,
        "dvar2": 0.001811989001,
        "max": 0.289931803942,
        "mean": 0.0432336889207,
        "median": 0.0327628962696,
        "min": 2.87328584818e-05,
        "var": 0.00171448627952
    },
    "spectral_energyband_high": {
        "dmean": 0.00102087960113,
        "dmean2": 0.0017578699626,
        "dvar": 8.50567812449e-06,
        "dvar2": 2.31081485254e-05,
        "max": 0.0265562292188,
        "mean": 0.00104502565227,
        "median": 0.000449307030067,
        "min": 5.47105578619e-08,
        "var": 6.05721697866e-06
    },
    "spectral_energyband_low": {
        "dmean": 0.0125610968098,
        "dmean2": 0.0179994348437,
        "dvar": 0.000877883227076,
        "dvar2": 0.00186088006012,
        "max": 0.273535013199,
        "mean": 0.0225141607225,
        "median": 0.00967077445239,
        "min": 6.30009378e-09,
        "var": 0.00141847273335
    },
    "spectral_energyband_middle_high": {
        "dmean": 0.00274992617778,
        "dmean2": 0.00336406147107,
        "dvar": 1.70835173776e-05,
        "dvar2": 2.7892036087e-05,
        "max": 0.0673459097743,
        "mean": 0.00869475211948,
        "median": 0.0054796487093,
        "min": 8.9516549906e-07,
        "var": 8.47267947393e-05
    },
    "spectral_energyband_middle_low": {
        "dmean": 0.006063378416,
        "dmean2": 0.00952049624175,
        "dvar": 0.000174152562977,
        "dvar2": 0.000481413735542,
        "max": 0.132992148399,
        "mean": 0.0125956302509,
        "median": 0.00821340363473,
        "min": 8.36356139189e-06,
        "var": 0.000226454358199
    },
    "spectral_entropy": {
        "dmean": 0.275524169207,
        "dmean2": 0.401335686445,
        "dvar": 0.0910361930728,
        "dvar2": 0.179613098502,
        "max": 8.79943561554,
        "mean": 7.17738676071,
        "median": 7.18254327774,
        "min": 4.93350505829,
        "var": 0.285106241703
    },
    "spectral_flux": {
        "dmean": 0.044222459197,
        "dmean2": 0.0672445520759,
        "dvar": 0.00286261877045,
        "dvar2": 0.00552231119946,
        "max": 0.523252308369,
        "mean": 0.104310147464,
        "median": 0.0874158814549,
        "min": 0.00257154041901,
        "var": 0.0058232024312
    },
    "spectral_kurtosis": {
        "dmean": 2.69610929489,
        "dmean2": 4.28397130966,
        "dvar": 23.5683193207,
        "dvar2": 49.4940452576,
        "max": 87.6335525513,
        "mean": 5.89503145218,
        "median": 5.12976551056,
        "min": -1.60341882706,
        "var": 38.1915626526
    },
    "spectral_rms": {
        "dmean": 0.00112427980639,
        "dmean2": 0.00153284950648,
        "dvar": 2.3461955152e-06,
        "dvar2": 4.30106638305e-06,
        "max": 0.0168184507638,
        "mean": 0.00587499560788,
        "median": 0.00565365375951,
        "min": 0.000167427759152,
        "var": 7.66361790738e-06
    },
    "spectral_rolloff": {
        "dmean": 705.74786377,
        "dmean2": 1233.9810791,
        "dvar": 2819471,
        "dvar2": 7029699.5,
        "max": 13738.1835938,
        "mean": 1507.57263184,
        "median": 1248.92578125,
        "min": 64.599609375,
        "var": 3198814.75
    },
    "spectral_skewness": {
        "dmean": 0.370504647493,
        "dmean2": 0.568264782429,
        "dvar": 0.238926589489,
        "dvar2": 0.498528689146,
        "max": 7.65055370331,
        "mean": 1.89624249935,
        "median": 1.89235568047,
        "min": -0.265678018332,
        "var": 0.538176715374
    },
    "spectral_spread": {
        "dmean": 1228777.375,
        "dmean2": 1825663.75,
        "dvar": 3.07231588352e+12,
        "dvar2": 6.39813078221e+12,
        "max": 21633534,
        "mean": 5249832,
        "median": 4370941,
        "min": 1358037.375,
        "var": 6.97232051405e+12
    },
    "spectral_strongpeak": {
        "dmean": 0.751997470856,
        "dmean2": 1.24545574188,
        "dvar": 1.41823172569,
        "dvar2": 3.28443169594,
        "max": 9.90414524078,
        "mean": 1.32121813297,
        "median": 0.624440073967,
        "min": 0,
        "var": 2.51550316811
    },
    "zerocrossingrate": {
        "dmean": 0.0142073966563,
        "dmean2": 0.0169370435178,
        "dvar": 0.000418640614953,
        "dvar2": 0.000533491373062,
        "max": 0.43798828125,
        "mean": 0.0570492260158,
        "median": 0.05126953125,
        "min": 0.00146484375,
        "var": 0.0018757582875
    },
    "barkbands": {
        "dmean": [0.000898288504686, 0.00968439038843, 0.00329546257854, 0.00240821507759, 0.00173863372765, 0.000768530007917, 0.000729629013222, 0.000789974932559, 0.00150537828449, 0.00100041658152, 0.000727921375073, 0.000428472267231, 0.000375603616703, 0.000791730824858, 0.000803792790975, 0.000355971395038, 0.000192904568394, 0.000226113494136, 8.93521064427e-05, 7.4903065979e-05, 7.75237349444e-05, 7.78332687332e-05, 0.000204383191885, 0.000493480765726, 0.000158913913765, 4.77529283671e-05, 6.60279440012e-08],
        "dmean2": [0.0013606317807, 0.0145952086896, 0.00568117341027, 0.00399369606748, 0.00296349776909, 0.00117595307529, 0.00107206858229, 0.00123222114053, 0.00209468742833, 0.00129998009652, 0.000928235531319, 0.000609870767221, 0.000583153509069, 0.00117191369645, 0.00116302468814, 0.000504637369886, 0.000281719054328, 0.000336260272888, 0.000131365377456, 0.000109749926196, 0.000107739688247, 0.000125004531583, 0.000359238038072, 0.000898163416423, 0.000271341705229, 8.18193948362e-05, 1.21274055687e-07],
        "dvar": [5.07542654304e-06, 0.000637632154394, 0.000136902119266, 5.55598162464e-05, 2.97504793707e-05, 3.84750137528e-06, 3.41885925081e-06, 2.85404030365e-06, 8.43196357891e-06, 4.95067024531e-06, 2.89853232971e-06, 1.0558970871e-06, 9.10113442387e-07, 2.52234394793e-06, 2.28406088354e-06, 7.26094242509e-07, 2.31419349461e-07, 2.26609884635e-07, 5.79356189689e-08, 3.4253353931e-08, 4.56198527843e-08, 4.52603607926e-08, 4.02760292673e-07, 2.91644141726e-06, 1.67221500647e-07, 1.6298669081e-08, 1.49844519388e-13],
        "dvar2": [1.24910993691e-05, 0.001404775423, 0.000397231342504, 0.000156904570758, 8.18025364424e-05, 9.05405977392e-06, 7.70312817622e-06, 7.00659302311e-06, 1.75327259058e-05, 8.49952994031e-06, 4.23967685492e-06, 1.97663075596e-06, 2.18910486183e-06, 5.29697445018e-06, 5.08563607582e-06, 1.50302764723e-06, 5.28435521119e-07, 5.23344510839e-07, 1.17990268222e-07, 7.66652306083e-08, 8.99306940028e-08, 9.3463363271e-08, 1.08261508558e-06, 8.25995175546e-06, 4.58519650692e-07, 4.37043397028e-08, 4.1079184325e-13],
        "max": [0.0286606363952, 0.250466674566, 0.117824584246, 0.0922397077084, 0.0547799617052, 0.0349345318973, 0.0259074419737, 0.0188778620213, 0.0360502302647, 0.0266391299665, 0.0249152332544, 0.0125300409272, 0.0154665941373, 0.0248119533062, 0.0170190501958, 0.0111199095845, 0.00690374197438, 0.00797259248793, 0.0038723081816, 0.00364749250002, 0.00311602512375, 0.00387951754965, 0.00647527817637, 0.0169961676002, 0.00335282157175, 0.00154621177353, 5.87097520111e-06],
        "mean": [0.00214593159035, 0.015467017889, 0.00345967896283, 0.00366168608889, 0.00247874273919, 0.00120489485562, 0.00121282099281, 0.00111906882375, 0.00253456225619, 0.00175013393164, 0.00137230986729, 0.000763123040088, 0.000546663359273, 0.00147401634604, 0.0014190558577, 0.000586700916756, 0.000344242056599, 0.000449130136985, 0.000137864873977, 0.000139518946526, 0.000134650646942, 0.000102683588921, 0.000156709138537, 0.000361704092938, 0.000163275864907, 4.74603730254e-05, 4.03828046558e-08],
        "median": [9.96575472527e-05, 0.0047893342562, 0.000912047165912, 0.000582810607739, 0.000609914248344, 0.000395161972847, 0.000221528229304, 0.000383362115826, 0.000701596320141, 0.000185488024727, 0.000178287475137, 0.000246620504186, 0.00013770275109, 0.000373545248294, 0.000194880311028, 9.47523658397e-05, 9.7231248219e-05, 0.00018359508249, 4.69056249131e-05, 6.8232693593e-05, 5.13655941177e-05, 3.50873597199e-05, 1.43400748129e-05, 6.60230143694e-05, 4.77454705106e-05, 1.23928894027e-05, 6.42836173181e-10],
        "min": [1.25057031397e-09, 1.09499209699e-09, 2.05876626858e-09, 8.13060729854e-09, 6.46054090225e-08, 4.57166038359e-07, 9.89878685687e-07, 2.21729152372e-07, 2.7875756814e-07, 1.86894013154e-07, 2.06893332688e-07, 4.35872280491e-08, 3.77378910343e-08, 2.07617070203e-08, 3.45569013405e-08, 1.87406303809e-08, 1.82045525321e-08, 7.38086614049e-09, 1.21010259591e-08, 1.17572982461e-08, 1.05733111155e-08, 1.01521351326e-08, 1.04145536639e-08, 1.08351496664e-08, 2.57923682412e-10, 5.21199923498e-12, 7.95682270072e-12],
        "var": [2.28187163884e-05, 0.000894590571988, 8.53757519508e-05, 6.14349701209e-05, 3.3258129406e-05, 5.74736941417e-06, 6.69162909617e-06, 3.82626694773e-06, 1.77706679096e-05, 1.52058573804e-05, 9.55595169216e-06, 2.01765624297e-06, 1.38950451856e-06, 7.5122443377e-06, 5.54068219571e-06, 1.99824808078e-06, 5.23942503605e-07, 5.12688302479e-07, 9.40015425499e-08, 5.15320444094e-08, 7.35718757028e-08, 5.85957948829e-08, 2.84030278408e-07, 1.74886429249e-06, 1.32247620854e-07, 1.43448346535e-08, 8.96453118443e-14]
    },
    "erbbands": {
        "dmean": [0.315427988768, 2.17741060257, 4.1173210144, 5.86599493027, 7.68386602402, 4.75367164612, 4.94330215454, 7.01379489899, 7.01648664474, 14.6106643677, 19.8545570374, 25.6792125702, 34.8172836304, 30.0469074249, 18.1361789703, 15.0071868896, 15.0462141037, 32.2400817871, 40.9962654114, 29.7352542877, 18.9526691437, 11.3941478729, 12.0278120041, 7.23658037186, 3.19130992889, 3.95281744003, 3.01786184311, 2.96005320549, 2.78243398666, 3.0829706192, 5.51954364777, 11.2119550705, 7.08500909805, 2.31002402306, 0.97268140316, 0.320899277925, 0.0660808011889, 0.00483563868329, 0.000120847318613, 2.743936966e-05],
        "dmean2": [0.453712135553, 3.28538990021, 6.88387918472, 9.88307380676, 12.5897026062, 8.29704761505, 8.21679401398, 10.6848125458, 10.5634393692, 21.171541214, 29.9125461578, 36.2820472717, 47.1523208618, 37.342338562, 23.6061973572, 21.0255069733, 22.2621612549, 46.7857284546, 56.5509529114, 42.7695617676, 25.858921051, 15.8411617279, 17.3486385345, 10.3169240952, 4.48161125183, 5.9259724617, 4.29154872894, 4.14442539215, 4.32159996033, 5.0092625618, 9.72675323486, 20.4338607788, 12.8123083115, 3.9764020443, 1.66458487511, 0.547694861889, 0.112954691052, 0.00837466772646, 0.000207194709219, 4.1479288484e-05],
        "dvar": [0.662075221539, 36.4273681641, 176.955841064, 407.994049072, 528.386169434, 241.51612854, 185.039978027, 314.987457275, 298.955627441, 1105.41955566, 1881.79724121, 3643.28100586, 5024.26171875, 4534.75097656, 1551.61010742, 1694.09716797, 1348.9083252, 4831.13867188, 5191.25292969, 3621.68261719, 2309.4152832, 715.465576172, 634.014953613, 279.321472168, 82.0365371704, 118.041374207, 67.5642547607, 67.9509811401, 51.7548751831, 77.8273544312, 284.771179199, 1485.5032959, 571.098449707, 40.7297325134, 5.8187661171, 0.689015626907, 0.0361641608179, 0.000199659436475, 1.07528485671e-07, 2.39454633899e-09],
        "dvar2": [1.50034964085, 85.7070999146, 500.573303223, 1177.84716797, 1373.03881836, 684.816345215, 470.716491699, 739.505187988, 685.220947266, 2461.65185547, 4564.15087891, 8078.41308594, 9570.375, 6554.79150391, 2747.97241211, 3146.57348633, 3100.30761719, 9735.234375, 9374.14941406, 7411.86816406, 4610.13427734, 1511.70117188, 1440.09899902, 593.173828125, 158.500762939, 279.775726318, 138.908920288, 133.305175781, 105.00377655, 175.542205811, 770.252075195, 4191.08056641, 1615.16125488, 112.327423096, 16.0290622711, 1.87426877022, 0.0914374738932, 0.000533933460247, 2.88212760324e-07, 5.61011370692e-09],
        "max": [9.02531814575, 53.2720108032, 126.301078796, 227.603210449, 283.123931885, 159.676742554, 175.02923584, 256.881195068, 215.601516724, 505.860290527, 529.757629395, 947.359191895, 876.3515625, 1105.81542969, 731.39654541, 565.954101562, 548.071228027, 1413.86169434, 1149.05029297, 711.067138672, 767.519226074, 426.339202881, 380.690612793, 255.294677734, 160.314529419, 213.442825317, 116.460403442, 120.983543396, 116.884368896, 163.470901489, 173.018676758, 343.18069458, 243.907104492, 55.6755523682, 22.0634536743, 10.2868595123, 2.49474358559, 0.147288650274, 0.00325031089596, 0.0003580028133],
        "mean": [0.522342562675, 3.07007431984, 4.753221035, 8.33156585693, 12.4880914688, 6.04151916504, 7.01825714111, 10.8322095871, 11.5878715515, 24.7940540314, 32.9766845703, 41.9516792297, 69.4674835205, 59.9335899353, 38.4560508728, 27.8772411346, 27.0994758606, 59.0355987549, 81.0785980225, 54.3382568359, 32.9769554138, 22.5860939026, 24.2839984894, 13.9147071838, 6.08268547058, 7.0489821434, 5.38889312744, 5.17999410629, 3.87227487564, 3.18847775459, 4.21211385727, 7.8886885643, 5.4057431221, 2.11366200447, 1.04589390755, 0.342505007982, 0.0642053633928, 0.00407047476619, 0.000124865720863, 5.92726355535e-05],
        "median": [0.0823657214642, 0.861756563187, 1.84822630882, 1.85870885849, 1.83523321152, 1.78025317192, 2.80350923538, 3.01432728767, 3.18100762367, 6.58722639084, 11.101272583, 14.4459648132, 14.9971418381, 11.7368345261, 11.3279342651, 11.3011579514, 10.0195760727, 21.7797603607, 19.6059741974, 11.7944288254, 6.5049905777, 7.35293006897, 10.1643333435, 4.95826625824, 2.77208733559, 3.59592604637, 2.17117285728, 2.18750810623, 1.45785927773, 0.350016802549, 0.501067876816, 1.14947903156, 1.05326354504, 0.420858979225, 0.353818893433, 0.108249731362, 0.0118939718232, 0.000485906581162, 4.56251182186e-05, 4.44550278189e-05],
        "min": [2.65909932295e-07, 1.68219082752e-06, 4.8365859584e-06, 2.9210219509e-05, 0.000235601502936, 0.000277713523246, 0.000278025167063, 0.009495803155, 0.0254491902888, 0.0248755086213, 0.0274077672511, 0.00936207547784, 0.00881700497121, 0.00652336003259, 0.0103206047788, 0.00175459648017, 0.00201214198023, 0.000874648801982, 0.00164373475127, 0.00158805388492, 0.00131315633189, 0.00114747404587, 0.000431666208897, 0.000482791831018, 0.000529804965481, 0.000454615801573, 0.000445290934294, 0.000410406501032, 0.000411128916312, 0.000300509505905, 0.00028621769161, 0.000204960073461, 0.000109093241917, 3.74712180928e-05, 6.43668090561e-06, 5.38114647952e-07, 7.18272161748e-08, 1.21655006069e-08, 1.6123467006e-08, 3.18653370357e-08],
        "var": [1.18849360943, 40.3129882812, 120.296257019, 341.563293457, 905.380249023, 187.054077148, 202.058624268, 490.385620117, 499.54675293, 2475.32763672, 3227.34814453, 5827.48291016, 14140.1064453, 15958.5351562, 5078.35449219, 3054.48193359, 2477.84667969, 11107.2705078, 17112.0253906, 8512.82519531, 5753.58447266, 1824.19396973, 1435.87341309, 653.473876953, 135.772720337, 153.028152466, 107.429122925, 110.494087219, 70.2653427124, 88.1580734253, 197.541549683, 899.181945801, 345.47769165, 29.8548164368, 4.67488527298, 0.59953302145, 0.0357245989144, 0.000154795794515, 8.32088389302e-08, 3.11273851139e-09]
    },
    "gfcc": {
        "mean": [-12.9684648514, 89.5523757935, -115.988601685, 22.3258838654, -56.5732002258, 29.0988044739, -40.3756980896, 20.44049263, -22.4585094452, 5.92778491974, -15.8753128052, -7.54248905182, -4.52045679092],
        "cov": [[6684.50146484, -996.787658691, -439.706848145, 277.175476074, 422.584747314, 501.98147583, -130.379318237, 464.585632324, -380.419494629, 29.4974842072, -530.02947998, -96.5838546753, -33.0578842163], [-996.787658691, 1965.3104248, 618.298400879, 326.1796875, 372.773925781, -23.4681053162, 484.573883057, -196.186843872, 225.319641113, -90.5976638794, 224.963134766, -112.848892212, -79.9157791138], [-439.706848145, 618.298400879, 2130.19458008, 698.676879883, 89.0501251221, 266.890808105, 136.042709351, -135.19342041, 200.372680664, -24.8230018616, 128.079620361, 42.853843689, -263.655029297], [277.175476074, 326.1796875, 698.676879883, 916.119384766, 277.816619873, 92.3582229614, 182.078140259, -9.69860458374, 251.244415283, -52.1668434143, 85.8191299438, 76.8287506104, -7.04009342194], [422.584747314, 372.773925781, 89.0501251221, 277.816619873, 574.337402344, 178.028839111, 181.302444458, 136.388336182, 5.4466714859, 41.5358581543, -27.1851119995, -70.9651565552, 96.0788574219], [501.98147583, -23.4681053162, 266.890808105, 92.3582229614, 178.028839111, 407.778045654, 167.106231689, 71.291053772, -3.32872748375, 22.9639434814, -33.2934417725, -32.0664596558, -46.1525535583], [-130.379318237, 484.573883057, 136.042709351, 182.078140259, 181.302444458, 167.106231689, 467.670959473, 2.77931261063, 104.253425598, 9.4481048584, 75.9585342407, 38.9665985107, -30.9832344055], [464.585632324, -196.186843872, -135.19342041, -9.69860458374, 136.388336182, 71.291053772, 2.77931261063, 264.329498291, -15.5462350845, 47.5410003662, -9.98799991608, -9.84545612335, 68.5410003662], [-380.419494629, 225.319641113, 200.372680664, 251.244415283, 5.4466714859, -3.32872748375, 104.253425598, -15.5462350845, 360.413299561, -8.98810863495, 126.273414612, 100.474105835, -16.9764270782], [29.4974842072, -90.5976638794, -24.8230018616, -52.1668434143, 41.5358581543, 22.9639434814, 9.4481048584, 47.5410003662, -8.98810863495, 175.632369995, 29.5608577728, -8.56833267212, 27.5609798431], [-530.02947998, 224.963134766, 128.079620361, 85.8191299438, -27.1851119995, -33.2934417725, 75.9585342407, -9.98799991608, 126.273414612, 29.5608577728, 255.246856689, 71.8285827637, -12.6220445633], [-96.5838546753, -112.848892212, 42.853843689, 76.8287506104, -70.9651565552, -32.0664596558, 38.9665985107, -9.84545612335, 100.474105835, -8.56833267212, 71.8285827637, 208.325942993, 13.5207023621], [-33.0578842163, -79.9157791138, -263.655029297, -7.04009342194, 96.0788574219, -46.1525535583, -30.9832344055, 68.5410003662, -16.9764270782, 27.5609798431, -12.6220445633, 13.5207023621, 209.767745972]],
        "icov": [[0.000283596426016, -9.40925165196e-05, 0.000197968169232, -0.000359942350769, 6.35746619082e-05, -0.000383042817703, 0.000276832026429, -0.0004630589101, 0.000311234267429, -0.000183313357411, 0.000523688329849, -0.000304212881019, 0.000424779864261], [-9.40925165196e-05, 0.00185211165808, -0.000632964714896, 0.000838769890834, -0.0015867567854, 0.00155406736303, -0.00180766731501, 0.00144260108937, -0.00086215272313, 0.00132674362976, -0.00142420362681, 0.0018596581649, -0.000195961882127], [0.000197968169232, -0.000632964714896, 0.00119451782666, -0.00114157737698, 0.000553194258828, -0.00123632315081, 0.00101214670576, -0.000377855700208, 0.000510248064529, -0.000730896194, 0.00045129811042, -0.000795543019194, 0.00121644919273], [-0.000359942350769, 0.000838769890834, -0.00114157737698, 0.00304527650587, -0.00182298815344, 0.00137441011611, -0.00119280116633, 0.00122272130102, -0.00175661605317, 0.00149033241905, -0.00107218453195, 0.000610530434642, -0.000949983135797], [6.35746619082e-05, -0.0015867567854, 0.000553194258828, -0.00182298815344, 0.00494599714875, -0.00203024107032, 0.000491997227073, -0.00230687414296, 0.00108622689731, -0.00157183548436, 0.00149476062506, -0.000109781678475, -0.00145456776954], [-0.000383042817703, 0.00155406736303, -0.00123632315081, 0.00137441011611, -0.00203024107032, 0.00552773009986, -0.00291809998453, 0.000593870063312, -0.000908172689378, 0.00100708729587, -0.000801113434136, 0.00188950414304, 0.000169128019479], [0.000276832026429, -0.00180766731501, 0.00101214670576, -0.00119280116633, 0.000491997227073, -0.00291809998453, 0.00518178939819, -0.000986348022707, 0.000582139997277, -0.00136958458461, 0.000821724766865, -0.00261829886585, 0.00125261826906], [-0.0004630589101, 0.00144260108937, -0.000377855700208, 0.00122272130102, -0.00230687414296, 0.000593870063312, -0.000986348022707, 0.00678148400038, -0.00115579960402, 0.000392874731915, -0.00199413648807, 0.00136162666604, -0.00148443086073], [0.000311234267429, -0.00086215272313, 0.000510248064529, -0.00175661605317, 0.00108622689731, -0.000908172689378, 0.000582139997277, -0.00115579960402, 0.00503816176206, -0.000714731635526, -0.000256850762526, -0.00212880969048, 0.000692670291755], [-0.000183313357411, 0.00132674362976, -0.000730896194, 0.00149033241905, -0.00157183548436, 0.00100708729587, -0.00136958458461, 0.000392874731915, -0.000714731635526, 0.00756372883916, -0.00234090373851, 0.00166181789245, -0.00108081568033], [0.000523688329849, -0.00142420362681, 0.00045129811042, -0.00107218453195, 0.00149476062506, -0.000801113434136, 0.000821724766865, -0.00199413648807, -0.000256850762526, -0.00234090373851, 0.00731078721583, -0.00263838237152, 0.000879987317603], [-0.000304212881019, 0.0018596581649, -0.000795543019194, 0.000610530434642, -0.000109781678475, 0.00188950414304, -0.00261829886585, 0.00136162666604, -0.00212880969048, 0.00166181789245, -0.00263838237152, 0.00853304751217, -0.00178389821667], [0.000424779864261, -0.000195961882127, 0.00121644919273, -0.000949983135797, -0.00145456776954, 0.000169128019479, 0.00125261826906, -0.00148443086073, 0.000692670291755, -0.00108081568033, 0.000879987317603, -0.00178389821667, 0.0079960078001]]
    },
    "melbands": {
        "dmean": [0.00269540515728, 0.00239395885728, 0.00108780898154, 0.000432308210293, 0.000178854737896, 0.000152176973643, 0.000123028905364, 0.000160684605362, 0.000176018904313, 0.000181907031219, 0.000179429465788, 0.000128914864035, 8.05883755675e-05, 4.4313735998e-05, 4.41363081336e-05, 3.98042029701e-05, 6.71681409585e-05, 7.43303608033e-05, 6.39642894384e-05, 2.54703900282e-05, 2.25319217861e-05, 1.20630920719e-05, 1.2544935089e-05, 1.11896133603e-05, 5.99228678766e-06, 2.80613312498e-06, 2.29940883401e-06, 2.89660647468e-06, 2.12950249079e-06, 1.69618704149e-06, 1.927528956e-06, 1.58820625984e-06, 1.6299438812e-06, 1.87844705124e-06, 1.99691544367e-06, 6.87585816195e-06, 7.19368199498e-06, 5.99596432949e-06, 2.82384871753e-06, 1.60455022069e-06],
        "dmean2": [0.00400685565546, 0.00372577807866, 0.00181271438487, 0.000732880551368, 0.000297875318211, 0.000231438651099, 0.000181999552296, 0.000238584078033, 0.000266585790087, 0.000255284976447, 0.00024242499785, 0.00016015044821, 0.000102786747448, 6.0408590798e-05, 6.34071693639e-05, 6.14541058894e-05, 9.86441082205e-05, 0.000102024161606, 9.41840189626e-05, 3.55975971615e-05, 3.14051249006e-05, 1.73065873241e-05, 1.81430223165e-05, 1.66343215824e-05, 8.71337670105e-06, 4.06310482504e-06, 3.38656582244e-06, 4.39649829787e-06, 3.18365800922e-06, 2.40038457378e-06, 2.76134392152e-06, 2.46007834903e-06, 2.60273122876e-06, 3.10160862682e-06, 3.40963833878e-06, 1.26674221974e-05, 1.30850621645e-05, 1.09318107206e-05, 4.94957657793e-06, 2.7329203931e-06],
        "dvar": [4.8393758334e-05, 4.72969404655e-05, 1.23091394926e-05, 1.85002693343e-06, 2.43816202783e-07, 1.44735381014e-07, 9.1836668048e-08, 1.18308548736e-07, 1.5953300192e-07, 1.60261947713e-07, 1.31710621076e-07, 7.76126469759e-08, 3.01709128792e-08, 1.34796884765e-08, 1.50546259903e-08, 9.42109679158e-09, 2.15830233685e-08, 2.06364294542e-08, 1.96576657174e-08, 3.86837362143e-09, 3.6273866133e-09, 8.83759065928e-10, 8.02000355016e-10, 6.38723296476e-10, 1.96719210366e-10, 6.69133845554e-11, 3.12558520732e-11, 6.27636762007e-11, 2.92427852766e-11, 2.65612237066e-11, 2.62232388581e-11, 1.58596503985e-11, 2.04811393539e-11, 2.99557254002e-11, 3.18816396894e-11, 6.14088058182e-10, 6.32484398189e-10, 4.39979774836e-10, 7.38969302416e-11, 1.67795638495e-11],
        "dvar2": [0.00010480335186, 0.000123848381918, 3.49284346157e-05, 5.04707531945e-06, 6.5098606683e-07, 3.42108421592e-07, 2.10357441688e-07, 2.6414809895e-07, 3.73343738147e-07, 3.47987764826e-07, 2.44878890499e-07, 1.13402577995e-07, 5.05680475271e-08, 2.65022954693e-08, 2.99174836016e-08, 2.2719305548e-08, 4.33951257151e-08, 3.46170629939e-08, 4.26809236842e-08, 7.60314566861e-09, 7.5852879533e-09, 1.94753946303e-09, 1.75966718974e-09, 1.50863632697e-09, 4.16218337573e-10, 1.23503388072e-10, 6.91851229084e-11, 1.5020201749e-10, 6.47816522648e-11, 4.86029619329e-11, 5.56407732388e-11, 3.29830503187e-11, 4.34560894214e-11, 7.04823768793e-11, 8.03645622272e-11, 1.72925940234e-09, 1.79332348971e-09, 1.25170551701e-09, 2.06197364738e-10, 4.56107235314e-11],
        "max": [0.0771671682596, 0.068794965744, 0.038467079401, 0.0140745714307, 0.00563333369792, 0.00595085276291, 0.00416049733758, 0.00458768755198, 0.00576346227899, 0.00654493737966, 0.00450811954215, 0.00415235478431, 0.00321707851253, 0.00160518614575, 0.00160196260549, 0.00166592176538, 0.00259212125093, 0.00254028686322, 0.00172282091808, 0.0010792715475, 0.000972183013801, 0.000507590302732, 0.000394170492655, 0.000573248718865, 0.00020308906096, 0.000135109046823, 9.58369491855e-05, 0.00015293272736, 7.29343737476e-05, 7.73439533077e-05, 6.90104352543e-05, 6.06579123996e-05, 7.64685319155e-05, 9.52390837483e-05, 7.04792328179e-05, 0.000283628265606, 0.000255717866821, 0.000226205462241, 8.14420927782e-05, 3.24841457768e-05],
        "mean": [0.00455661443993, 0.00315887900069, 0.00167056196369, 0.000638406490907, 0.000245335628279, 0.000238384745899, 0.000201775532332, 0.000264875357971, 0.00029446624103, 0.000293667981168, 0.000355977361323, 0.000248260970693, 0.000156827431056, 7.70885744714e-05, 7.25658464944e-05, 6.53512688586e-05, 0.000112804060336, 0.000135491587571, 0.000105444916699, 4.37653943663e-05, 3.47020468325e-05, 2.14011524804e-05, 2.24255927606e-05, 2.13802213693e-05, 1.02878921098e-05, 4.68070948045e-06, 4.08350342695e-06, 4.76626382806e-06, 3.52451070285e-06, 2.77124649983e-06, 3.13691839438e-06, 2.16969237954e-06, 1.91437902686e-06, 1.76935384388e-06, 1.65894857673e-06, 4.6486525207e-06, 5.06397509525e-06, 4.40396161139e-06, 2.36266555476e-06, 1.53020300786e-06],
        "median": [0.00118610600475, 0.00123001111206, 0.000350403919583, 0.000139367737575, 0.000102691337815, 7.083111268e-05, 5.52551464352e-05, 7.19051531632e-05, 7.9364865087e-05, 8.36839535623e-05, 5.38052445336e-05, 3.4968728869e-05, 3.39987964253e-05, 1.95348329726e-05, 1.77903602889e-05, 1.97018980543e-05, 3.42079838447e-05, 2.10492034967e-05, 1.4790665773e-05, 7.12384780854e-06, 6.05904233453e-06, 6.15825365458e-06, 8.02376689535e-06, 7.06876699041e-06, 3.19363880408e-06, 1.70806526967e-06, 1.77399465429e-06, 2.06474351216e-06, 1.21260097785e-06, 9.5518987564e-07, 1.25579515498e-06, 8.84833923465e-07, 2.61476515107e-07, 1.26885765894e-07, 2.1291711505e-07, 3.83865511822e-07, 7.53873223402e-07, 7.92702451236e-07, 4.28781390838e-07, 2.94629671771e-07],
        "min": [6.54537757327e-10, 6.93975765742e-10, 5.75841241357e-09, 7.51084439088e-09, 5.50228795859e-09, 1.90979946524e-07, 4.08729505352e-07, 7.1106413202e-08, 7.26037114873e-08, 2.7437581096e-08, 4.12835134966e-08, 2.33331007848e-08, 3.22180930823e-08, 3.09185965719e-09, 4.64349403373e-09, 4.22580903603e-09, 1.19480536576e-09, 2.40369724125e-09, 3.44519013318e-09, 1.67686253771e-09, 1.45309653199e-09, 1.17854603854e-09, 4.69491778787e-10, 3.90909332681e-10, 3.78938325163e-10, 4.98057373122e-10, 1.5012786847e-10, 2.78541967269e-10, 3.68606464796e-11, 2.52584952953e-10, 2.41837688764e-10, 2.43637665598e-10, 4.82089645981e-11, 2.49100696667e-12, 4.81353949755e-11, 1.1712632253e-10, 1.10434737743e-10, 4.86942153266e-11, 5.02037751648e-11, 7.92118324058e-13],
