{
"highlevel": {
    "danceability": {
        "all": {
            "danceable": 0.985236942768,
            "not_danceable": 0.0147630786523
        },
        "probability": 0.985236942768,
        "value": "danceable"
    },
    "gender": {
        "all": {
            "female": 0.609373092651,
            "male": 0.390626877546
        },
        "probability": 0.609373092651,
        "value": "female"
    },
    "genre_dortmund": {
        "all": {
            "alternative": 0.0196881052107,
            "blues": 0.00311776599847,
            "electronic": 0.1626817137,
            "folkcountry": 0.04106900841,
            "funksoulrnb": 0.0154238482937,
            "jazz": 0.181382372975,
            "pop": 0.0344173274934,
            "raphiphop": 0.530852138996,
            "rock": 0.0113677466288
        },
        "probability": 0.530852138996,
        "value": "raphiphop"
    },
    "genre_electronic": {
        "all": {
            "ambient": 0.477786153555,
            "dnb": 0.0672385916114,
            "house": 0.381369560957,
            "techno": 0.0329332984984,
            "trance": 0.0406724028289
        },
        "probability": 0.477786153555,
        "value": "ambient"
    },
    "genre_rosamerica": {
        "all": {
            "cla": 0.000622174760792,
            "dan": 0.00440842658281,
            "hip": 0.0319474749267,
            "jaz": 0.012151516974,
            "pop": 0.0309600159526,
            "rhy": 0.916209101677,
            "roc": 0.00147765129805,
            "spe": 0.00222365860827
        },
        "probability": 0.916209101677,
        "value": "rhy"
    },
    "genre_tzanetakis": {
        "all": {
            "blu": 0.0610374100506,
            "cla": 0.0338855311275,
            "cou": 0.0609888806939,
            "dis": 0.0609990991652,
            "hip": 0.152535051107,
            "jaz": 0.305239975452,
            "met": 0.0610094219446,
            "pop": 0.0609939731658,
            "reg": 0.0508251339197,
            "roc": 0.15248554945
        },
        "probability": 0.305239975452,
        "value": "jaz"
    },
    "ismir04_rhythm": {
        "all": {
            "ChaChaCha": 0.00372184417211,
            "Jive": 0.00847897212952,
            "Quickstep": 0.0046664532274,
            "Rumba-American": 0.0140854548663,
            "Rumba-International": 0.933101594448,
            "Rumba-Misc": 0.00424090446904,
            "Samba": 0.0237945690751,
            "Tango": 0.000393899535993,
            "VienneseWaltz": 0.00218140287325,
            "Waltz": 0.00533490395173
        },
        "probability": 0.933101594448,
        "value": "Rumba-International"
    },
    "mood_acoustic": {
        "all": {
            "acoustic": 0.776808679104,
            "not_acoustic": 0.223191320896
        },
        "probability": 0.776808679104,
        "value": "acoustic"
    },
    "mood_aggressive": {
        "all": {
            "aggressive": 0.0351574197412,
            "not_aggressive": 0.964842557907
        },
        "probability": 0.964842557907,
        "value": "not_aggressive"
    },
    "mood_electronic": {
        "all": {
            "electronic": 0.719821155071,
            "not_electronic": 0.280178815126
        },
        "probability": 0.719821155071,
        "value": "electronic"
    },
    "mood_happy": {
        "all": {
            "happy": 0.258019834757,
            "not_happy": 0.741980135441
        },
        "probability": 0.741980135441,
        "value": "not_happy"
    },
    "mood_party": {
        "all": {
            "not_party": 0.849048554897,
            "party": 0.1509514153
        },
        "probability": 0.849048554897,
        "value": "not_party"
    },
    "mood_relaxed": {
        "all": {
            "not_relaxed": 0.215414151549,
            "relaxed": 0.784585833549
        },
        "probability": 0.784585833549,
        "value": "relaxed"
    },
    "mood_sad": {
        "all": {
            "not_sad": 0.164463534951,
            "sad": 0.83553647995
        },
        "probability": 0.83553647995,
        "value": "sad"
    },
    "moods_mirex": {
        "all": {
            "Cluster1": 0.242717146873,
            "Cluster2": 0.2580088377,
            "Cluster3": 0.386817932129,
            "Cluster4": 0.0654974654317,
            "Cluster5": 0.0469586104155
        },
        "probability": 0.386817932129,
        "value": "Cluster3"
    },
    "timbre": {
        "all": {
            "bright": 0.111213482916,
            "dark": 0.888786494732
        },
        "probability": 0.888786494732,
        "value": "dark"
    },
    "tonal_atonal": {
        "all": {
            "atonal": 0.0233932714909,
            "tonal": 0.976606726646
        },
        "probability": 0.976606726646,
        "value": "tonal"
    },
    "voice_instrumental": {
        "all": {
            "instrumental": 0.0177986565977,
            "voice": 0.982201337814
        },
        "probability": 0.982201337814,
        "value": "voice"
    }
},
"lowlevel": {
    "average_loudness": 0.962661027908,
    "barkbands_crest": {
        "dmean": 2.88182330132,
        "dmean2": 4.56931352615,
        "dvar": 8.40382766724,
        "dvar2": 19.1998634338,
        "max": 25.9824028015,
        "mean": 14.4890451431,
        "median": 14.2808618546,
        "min": 2.80563592911,
        "var": 24.6934719086
    },
    "barkbands_flatness_db": {
        "dmean": 0.0402277186513,
        "dmean2": 0.0551866255701,
        "dvar": 0.00151867186651,
        "dvar2": 0.00302868080325,
        "max": 0.510448992252,
        "mean": 0.257923752069,
        "median": 0.263650029898,
        "min": 0.059866886586,
        "var": 0.00642136670649
    },
    "barkbands_kurtosis": {
        "dmean": 22.5741729736,
        "dmean2": 35.2346878052,
        "dvar": 1642.48815918,
        "dvar2": 4103.17382812,
        "max": 624.434326172,
        "mean": 35.6161651611,
        "median": 15.0163860321,
        "min": -1.88497340679,
        "var": 2996.63427734
    },
    "barkbands_skewness": {
        "dmean": 1.37939250469,
        "dmean2": 2.08820843697,
        "dvar": 2.16878724098,
        "dvar2": 5.17467737198,
        "max": 17.1137981415,
        "mean": 3.68372225761,
        "median": 3.07649898529,
        "min": -2.97250056267,
        "var": 8.50309753418
    },
    "barkbands_spread": {
        "dmean": 6.92878055573,
        "dmean2": 9.71015930176,
        "dvar": 142.439331055,
        "dvar2": 292.02255249,
        "max": 96.6697006226,
        "mean": 11.9681167603,
        "median": 5.82779979706,
        "min": 0.176657229662,
        "var": 263.181213379
    },
    "dissonance": {
        "dmean": 0.032999381423,
        "dmean2": 0.0544689819217,
        "dvar": 0.00109402567614,
        "dvar2": 0.00283514428884,
        "max": 0.499690949917,
        "mean": 0.430035740137,
        "median": 0.442437797785,
        "min": 0.201633542776,
        "var": 0.00245808484033
    },
    "dynamic_complexity": 2.5383169651,
    "erbbands_crest": {
        "dmean": 2.98138022423,
        "dmean2": 4.66270780563,
        "dvar": 9.00082588196,
        "dvar2": 20.7754383087,
        "max": 33.8942718506,
        "mean": 11.9967851639,
        "median": 10.7736272812,
        "min": 2.78620958328,
        "var": 35.7878952026
    },
    "erbbands_flatness_db": {
        "dmean": 0.0283887498081,
        "dmean2": 0.0383050814271,
        "dvar": 0.000687913910951,
        "dvar2": 0.00128217833117,
        "max": 0.398531645536,
        "mean": 0.174193114042,
        "median": 0.168172731996,
        "min": 0.0499882958829,
        "var": 0.00369953201152
    },
    "erbbands_kurtosis": {
        "dmean": 4.30261850357,
        "dmean2": 6.52486276627,
        "dvar": 35.8296356201,
        "dvar2": 86.3548049927,
        "max": 69.7211608887,
        "mean": 5.74833011627,
        "median": 3.42530965805,
        "min": -1.80386376381,
        "var": 69.8353424072
    },
    "erbbands_skewness": {
        "dmean": 0.755046844482,
        "dmean2": 1.08229446411,
        "dvar": 0.499808818102,
        "dvar2": 1.19311594963,
        "max": 6.73382663727,
        "mean": 1.50983798504,
        "median": 1.49049222469,
        "min": -2.19239783287,
        "var": 1.61621022224
    },
    "erbbands_spread": {
        "dmean": 18.5791110992,
        "dmean2": 26.9309997559,
        "dvar": 530.43927002,
        "dvar2": 1061.97680664,
        "max": 198.144760132,
        "mean": 42.8812942505,
        "median": 28.5275802612,
        "min": 1.2150182724,
        "var": 1316.86828613
    },
    "hfc": {
        "dmean": 8.98059463501,
        "dmean2": 12.3552331924,
        "dvar": 324.302368164,
        "dvar2": 547.730224609,
        "max": 184.413574219,
        "mean": 17.7004737854,
        "median": 9.20871829987,
        "min": 0.702238559723,
        "var": 654.137512207
    },
    "melbands_crest": {
        "dmean": 3.38088703156,
        "dmean2": 5.4373626709,
        "dvar": 14.3859558105,
        "dvar2": 35.5882720947,
        "max": 35.4717445374,
        "mean": 19.3090705872,
        "median": 18.0670013428,
        "min": 5.49727678299,
        "var": 51.7422103882
    },
    "melbands_flatness_db": {
        "dmean": 0.0500660464168,
        "dmean2": 0.0673116073012,
        "dvar": 0.00228127744049,
        "dvar2": 0.00412688218057,
        "max": 0.650595664978,
        "mean": 0.345617651939,
        "median": 0.35408192873,
        "min": 0.046222474426,
        "var": 0.0105947637931
    },
    "melbands_kurtosis": {
        "dmean": 33.4724960327,
        "dmean2": 54.1194190979,
        "dvar": 2536.47827148,
        "dvar2": 6503.66015625,
        "max": 416.78125,
        "mean": 63.1164398193,
        "median": 32.4089317322,
        "min": -1.70538318157,
        "var": 6951.08740234
    },
    "melbands_skewness": {
        "dmean": 1.55413234234,
        "dmean2": 2.34505915642,
        "dvar": 2.74654054642,
        "dvar2": 6.12660646439,
        "max": 18.855840683,
        "mean": 4.57393693924,
        "median": 3.97322130203,
        "min": -2.38463377953,
        "var": 11.7463674545
    },
    "melbands_spread": {
        "dmean": 4.14268779755,
        "dmean2": 5.79972505569,
        "dvar": 78.2760391235,
        "dvar2": 130.732681274,
        "max": 107.884140015,
        "mean": 8.40669155121,
        "median": 4.55739831924,
        "min": 0.290153592825,
        "var": 153.49029541
    },
    "pitch_salience": {
        "dmean": 0.0867030695081,
        "dmean2": 0.141022562981,
        "dvar": 0.00955423805863,
        "dvar2": 0.0234114453197,
        "max": 0.808278501034,
        "mean": 0.422904491425,
        "median": 0.447098314762,
        "min": 0.0650517866015,
        "var": 0.0265171062201
    },
    "silence_rate_20dB": {
        "dmean": 0,
        "dmean2": 0,
        "dvar": 0,
        "dvar2": 0,
        "max": 1,
        "mean": 1,
        "median": 1,
        "min": 1,
        "var": 0
    },
    "silence_rate_30dB": {
        "dmean": 0.0650154799223,
        "dmean2": 0.130131676793,
        "dvar": 0.0607881806791,
        "dvar2": 0.131788939238,
        "max": 1,
        "mean": 0.901778817177,
        "median": 1,
        "min": 0,
        "var": 0.0885756388307
    },
    "silence_rate_60dB": {
        "dmean": 0.0030959751457,
        "dmean2": 0.00619674660265,
        "dvar": 0.00308636645786,
        "dvar2": 0.00770745193586,
        "max": 1,
        "mean": 0.00464037107304,
        "median": 0,
        "min": 0,
        "var": 0.0046188114211
    },
    "spectral_centroid": {
        "dmean": 226.198028564,
        "dmean2": 317.659729004,
        "dvar": 109383.726562,
        "dvar2": 183309.8125,
        "max": 3615.60205078,
        "mean": 611.612304688,
        "median": 415.561859131,
        "min": 118.934417725,
        "var": 299977.46875
    },
    "spectral_complexity": {
        "dmean": 2.83049535751,
        "dmean2": 4.12470960617,
        "dvar": 36.2726287842,
        "dvar2": 50.456401825,
        "max": 60,
        "mean": 9.76798152924,
        "median": 8,
        "min": 2,
        "var": 76.6019744873
    },
    "spectral_decrease": {
        "dmean": 4.22586898807e-09,
        "dmean2": 6.70794664259e-09,
        "dvar": 5.13232515952e-17,
        "dvar2": 1.25016861703e-16,
        "max": -3.74536235359e-10,
        "mean": -1.21184466906e-08,
        "median": -9.24915166678e-09,
        "min": -6.38718447021e-08,
        "var": 1.07885335795e-16
    },
    "spectral_energy": {
        "dmean": 0.0162293128669,
        "dmean2": 0.0256522204727,
        "dvar": 0.00074106187094,
        "dvar2": 0.00180635554716,
        "max": 0.242532536387,
        "mean": 0.0473433434963,
        "median": 0.0365826301277,
        "min": 0.00147728086449,
        "var": 0.00157769571524
    },
    "spectral_energyband_high": {
        "dmean": 0.000788160134107,
        "dmean2": 0.00107489328366,
        "dvar": 3.74271803594e-06,
        "dvar2": 6.35522474113e-06,
        "max": 0.0214730110019,
        "mean": 0.000935049552936,
        "median": 9.52107075136e-05,
        "min": 1.72469043491e-07,
        "var": 6.39737208985e-06
    },
    "spectral_energyband_low": {
        "dmean": 0.0152540914714,
        "dmean2": 0.024925885722,
        "dvar": 0.000836289545987,
        "dvar2": 0.00207114429213,
        "max": 0.239792212844,
        "mean": 0.0324094332755,
        "median": 0.0179554428905,
        "min": 0.000292591197649,
        "var": 0.00153074937407
    },
    "spectral_energyband_middle_high": {
        "dmean": 0.00111568591092,
        "dmean2": 0.00150003109593,
        "dvar": 1.30121525217e-05,
        "dvar2": 2.03081235668e-05,
        "max": 0.0652133524418,
        "mean": 0.00223521026783,
        "median": 0.00028511081473,
        "min": 1.1675463611e-05,
        "var": 5.04709860252e-05
    },
    "spectral_energyband_middle_low": {
        "dmean": 0.00533719593659,
        "dmean2": 0.00859831832349,
        "dvar": 9.00470913621e-05,
        "dvar2": 0.000223392969929,
        "max": 0.121291011572,
        "mean": 0.0136905945837,
        "median": 0.00869833957404,
        "min": 0.000307542883093,
        "var": 0.00022504728986
    },
    "spectral_entropy": {
        "dmean": 0.407001167536,
        "dmean2": 0.540962696075,
        "dvar": 0.139102786779,
        "dvar2": 0.27429741621,
        "max": 8.57968330383,
        "mean": 6.87847709656,
        "median": 6.8036198616,
        "min": 4.98897743225,
        "var": 0.558516383171
    },
    "spectral_flux": {
        "dmean": 0.0408729203045,
        "dmean2": 0.0635622665286,
        "dvar": 0.00280112191103,
        "dvar2": 0.00695677939802,
        "max": 0.45122769475,
        "mean": 0.0906486287713,
        "median": 0.0631532669067,
        "min": 0.0131698008627,
        "var": 0.00607008580118
    },
    "spectral_kurtosis": {
        "dmean": 4.16280078888,
        "dmean2": 6.12946033478,
        "dvar": 38.8925971985,
        "dvar2": 96.9248886108,
        "max": 112.444549561,
        "mean": 8.0594625473,
        "median": 4.92385196686,
        "min": -0.834515810013,
        "var": 107.412849426
    },
    "spectral_rms": {
        "dmean": 0.00102359999437,
        "dmean2": 0.00156753195915,
        "dvar": 1.84012435511e-06,
        "dvar2": 4.07106290368e-06,
        "max": 0.015382363461,
        "mean": 0.00630003679544,
        "median": 0.00597414188087,
        "min": 0.0012005205499,
        "var": 6.49825551591e-06
    },
    "spectral_rolloff": {
        "dmean": 466.347808838,
        "dmean2": 772.011230469,
        "dvar": 2260977.75,
        "dvar2": 5490213,
        "max": 12704.5898438,
        "mean": 682.516845703,
        "median": 322.998046875,
        "min": 64.599609375,
        "var": 2056538.25
    },
    "spectral_skewness": {
        "dmean": 0.563149034977,
        "dmean2": 0.786733925343,
        "dvar": 0.319818347692,
        "dvar2": 0.707434535027,
        "max": 8.69513702393,
        "mean": 2.16111326218,
        "median": 2.0216627121,
        "min": 0.278166085482,
        "var": 1.26009225845
    },
    "spectral_spread": {
        "dmean": 1285183.125,
        "dmean2": 1768649.875,
        "dvar": 2.4200698921e+12,
        "dvar2": 4.38534196429e+12,
        "max": 16007382,
        "mean": 5498752,
        "median": 5226315.5,
        "min": 655159.3125,
        "var": 6.59636145357e+12
    },
    "spectral_strongpeak": {
        "dmean": 0.36374565959,
        "dmean2": 0.599281430244,
        "dvar": 0.448670864105,
        "dvar2": 0.849948823452,
        "max": 10.3387861252,
        "mean": 0.923106372356,
        "median": 0.574701607227,
        "min": 0.0759582072496,
        "var": 1.70879423618
    },
    "zerocrossingrate": {
        "dmean": 0.0137085337192,
        "dmean2": 0.015558433719,
        "dvar": 0.000348981178831,
        "dvar2": 0.000398867035983,
        "max": 0.21484375,
        "mean": 0.0361939892173,
        "median": 0.02294921875,
        "min": 0.00341796875,
        "var": 0.00130168336909
    },
    "barkbands": {
        "dmean": [0.000666808395181, 0.0103843891993, 0.00765371927992, 0.00174873531796, 0.00173559272662, 0.00168570515234, 0.00102267577313, 0.000390473811422, 0.000589480914641, 0.000770115642808, 0.000187296827789, 0.000116064409667, 6.16991019342e-05, 7.72935891291e-05, 7.90129342931e-05, 9.16223507375e-05, 9.19152953429e-05, 6.20164864813e-05, 9.3215086963e-05, 8.94234399311e-05, 0.000147724611452, 0.000117008508823, 0.000127075705677, 0.000109447290015, 0.000143527853652, 0.000129322361317, 4.43056524801e-09],
        "dmean2": [0.000957475800533, 0.0170494075865, 0.0132705457509, 0.00315330317244, 0.0029145560693, 0.00271480716765, 0.00172387028579, 0.000645780120976, 0.000841640227009, 0.000980191747658, 0.000257992069237, 0.000184438191354, 8.77419224707e-05, 0.000125853825011, 0.000126022219774, 0.000141396274557, 0.000139814699651, 9.04955595615e-05, 0.000148735140101, 0.000131512060761, 0.000200621565455, 0.000166048761457, 0.000176754561835, 0.000156474576215, 0.000217378808884, 0.000207609627978, 7.16304482395e-09],
        "dvar": [3.3554026686e-06, 0.000524704228155, 0.000362744933227, 2.03005693038e-05, 1.08683552753e-05, 1.3249245967e-05, 7.40802533983e-06, 1.32185311941e-06, 4.33376317233e-06, 2.0936187866e-05, 1.45474257351e-06, 2.59613955222e-07, 6.48519247193e-08, 5.26813010993e-08, 1.13254586154e-07, 1.38852684017e-07, 1.39348244943e-07, 4.98592420684e-08, 9.78204042212e-08, 7.95629020445e-08, 2.72563539738e-07, 1.31973536099e-07, 1.33294975058e-07, 7.97007544406e-08, 1.19298604773e-07, 1.40347751199e-07, 2.44235534066e-15],
        "dvar2": [6.59001898384e-06, 0.00130396487657, 0.000998068484478, 5.91290772718e-05, 2.96805355902e-05, 3.02044172713e-05, 2.08424262382e-05, 3.03906062982e-06, 7.97770462668e-06, 2.86607100861e-05, 1.9196456833e-06, 5.74353350657e-07, 1.16107941039e-07, 1.42151790783e-07, 2.70517489298e-07, 2.99366774925e-07, 2.80971818256e-07, 9.52982475155e-08, 2.38529935359e-07, 1.57299950843e-07, 5.28673012923e-07, 2.10505689324e-07, 2.59337383568e-07, 1.36889170221e-07, 2.5997204034e-07, 3.57453529887e-07, 3.55101686005e-15],
        "max": [0.0159281957895, 0.233392193913, 0.143209248781, 0.0460973232985, 0.0351840704679, 0.0500586889684, 0.034568157047, 0.0343093946576, 0.0553846471012, 0.120769873261, 0.045740339905, 0.0115329399705, 0.00709119485691, 0.00346027663909, 0.00344065902755, 0.00478996522725, 0.00510503165424, 0.00256707845256, 0.00330142886378, 0.00348235457204, 0.00686091044918, 0.00421629659832, 0.00406267354265, 0.0034359053243, 0.00293647381477, 0.00318535906263, 1.55742225161e-06],
        "mean": [0.000752161082346, 0.017612317577, 0.0128603121266, 0.00191331666429, 0.00295040989295, 0.00376144680195, 0.00171812565532, 0.00078760413453, 0.00119151512627, 0.00154716381803, 0.000476865563542, 0.000163652395713, 9.35489370022e-05, 0.000109280808829, 7.26550570107e-05, 9.95159498416e-05, 9.30295136641e-05, 7.10188905941e-05, 9.81750272331e-05, 0.000100818411738, 0.000161929390742, 0.000153675704496, 0.000159168703249, 0.000132840141305, 0.000146013917401, 0.000116760820674, 3.38954020407e-09],
        "median": [3.25616274495e-05, 0.00824744254351, 0.00443569198251, 0.000886521534994, 0.00137410336174, 0.00173182971776, 0.000663399405312, 0.000209337900742, 0.000183301264769, 3.55007723556e-05, 2.8593776733e-05, 1.99696514755e-05, 1.15348157124e-05, 1.43004644997e-05, 5.22800200997e-06, 6.13570591668e-06, 5.81400217925e-06, 6.57842974761e-06, 9.05996512301e-06, 1.20906179291e-05, 1.07897958515e-05, 1.38477143992e-05, 1.80753777386e-05, 6.67770336804e-06, 9.62457761489e-06, 1.07494315671e-05, 3.97714750022e-10],
        "min": [1.70765531493e-07, 1.20440818137e-05, 1.79480284714e-05, 4.18770559918e-06, 9.80100139714e-06, 1.43055985973e-05, 2.71265275842e-06, 3.64579591405e-07, 2.87176476377e-06, 2.30205955631e-07, 1.56537268481e-07, 5.18213312262e-07, 2.99312063134e-07, 1.75864173002e-07, 1.94785712893e-07, 1.62053225949e-07, 1.32561368105e-07, 1.92034917745e-07, 2.44708786568e-07, 1.21499454053e-07, 6.00529332928e-08, 2.11513544457e-08, 3.52782181245e-09, 3.10209546939e-09, 3.21303927908e-10, 9.28351978624e-11, 1.07607447258e-11],
        "var": [4.7575449571e-06, 0.000787603959907, 0.00041324342601, 1.37931829158e-05, 1.87473433471e-05, 3.46454726241e-05, 1.1048477063e-05, 5.65004438613e-06, 1.59064147738e-05, 9.04040643945e-05, 8.74644410942e-06, 5.54591679247e-07, 1.68097571418e-07, 6.85642547182e-08, 1.03903140314e-07, 1.56881171165e-07, 1.57541833801e-07, 6.46575273322e-08, 1.00187946828e-07, 1.0471968892e-07, 3.65529785995e-07, 2.30252425126e-07, 2.04892657507e-07, 1.42454354091e-07, 1.47898603586e-07, 1.18537450078e-07, 2.17796417057e-15]
    },
    "erbbands": {
        "dmean": [0.384024292231, 2.33431649208, 8.57077884674, 6.67215681076, 4.47019100189, 7.32715606689, 14.3382549286, 9.22906780243, 12.5808887482, 13.0172290802, 9.36361503601, 13.2386875153, 28.7272186279, 6.46702194214, 9.59633541107, 3.91447520256, 2.81106853485, 4.13703680038, 2.79176688194, 5.05525970459, 5.0264787674, 5.09118747711, 3.77617907524, 3.40943813324, 4.96773386002, 4.4061961174, 5.86452722549, 5.55743837357, 4.47725152969, 4.20974493027, 3.431858778, 2.07640123367, 2.04595422745, 1.38417541981, 1.16275632381, 0.791087448597, 0.174857348204, 0.0198691170663, 0.000358054065146, 3.27590969391e-05],
        "dmean2": [0.618634343147, 3.80031895638, 14.9160461426, 11.4434137344, 7.83855485916, 12.0113039017, 23.6472187042, 14.8361129761, 21.8959064484, 21.2336483002, 14.4639692307, 18.7771644592, 35.0859107971, 10.2944278717, 12.9861011505, 6.17178487778, 3.92817115784, 6.59151029587, 4.30949258804, 7.74078655243, 7.31515264511, 7.63804531097, 5.5401058197, 5.22818899155, 7.85916757584, 6.37823820114, 8.36836147308, 7.54168891907, 6.29881000519, 5.53403520584, 4.75283813477, 2.95258808136, 2.99231290817, 2.02221870422, 1.80581879616, 1.28501105309, 0.281567931175, 0.0326046235859, 0.000579939689487, 5.14303756063e-05],
        "dvar": [0.959316968918, 24.8109474182, 459.851593018, 222.156051636, 132.80696106, 182.987091064, 894.62512207, 392.694610596, 1496.36950684, 789.935974121, 459.000732422, 2946.18115234, 31204.2207031, 704.933349609, 4473.84130859, 228.03666687, 115.973075867, 144.117965698, 83.2687454224, 424.502075195, 377.348358154, 446.926818848, 196.350738525, 133.175430298, 264.447479248, 214.526916504, 430.806304932, 369.603240967, 184.473800659, 182.303466797, 80.5327758789, 27.7471752167, 30.2882404327, 13.2358961105, 8.69476222992, 5.36537075043, 0.263550102711, 0.0040554930456, 1.21292316635e-06, 3.1303100112e-09],
        "dvar2": [2.37207722664, 60.1824531555, 1259.10595703, 614.33392334, 386.962127686, 465.323059082, 2113.75390625, 932.862915039, 4188.14990234, 1956.08874512, 1012.31207275, 5324.01074219, 42636.21875, 1620.33496094, 6275.00830078, 458.845916748, 213.145645142, 384.3956604, 183.62991333, 898.217468262, 771.092712402, 901.5, 384.866607666, 289.537384033, 632.020202637, 439.146209717, 922.188720703, 694.288513184, 315.707946777, 326.481750488, 152.717849731, 46.0764541626, 58.2382164001, 26.7541637421, 20.4053249359, 13.7716445923, 0.657563090324, 0.0106148831546, 3.14350722874e-06, 7.75323272251e-09],
        "max": [7.42853689194, 49.5020599365, 163.228424072, 159.612228394, 112.05532074, 189.887680054, 402.241729736, 289.658813477, 487.066772461, 602.324035645, 398.902099609, 1529.24121094, 4704.4453125, 407.17175293, 2481.23022461, 341.097076416, 291.641571045, 181.944381714, 91.9290618896, 231.497512817, 250.573745728, 307.836578369, 163.818161011, 119.935264587, 180.169219971, 192.493835449, 271.383239746, 224.407958984, 165.17666626, 151.272201538, 120.924720764, 62.4501991272, 68.0041732788, 37.6625976562, 26.2411880493, 22.7876319885, 3.95668387413, 0.647346198559, 0.0105863856152, 0.000434286455857],
        "mean": [0.463283896446, 4.20594549179, 14.5982646942, 9.92608070374, 6.10342931747, 13.3873786926, 28.9112167358, 20.0657367706, 19.1206607819, 28.1786022186, 19.2422618866, 26.6076202393, 61.1169700623, 9.97561359406, 24.5568351746, 6.28881597519, 4.35814857483, 6.18792629242, 3.33243560791, 5.13129472733, 5.38609886169, 5.20857667923, 4.25659751892, 3.94079828262, 5.25527334213, 4.86147546768, 6.25053405762, 6.31827163696, 5.82559919357, 5.07279109955, 4.42190504074, 2.70074653625, 2.2772462368, 1.42754375935, 1.15274429321, 0.710468292236, 0.154557660222, 0.0168051198125, 0.000329616072122, 6.91754030413e-05],
        "median": [0.0792469829321, 2.4194047451, 5.20052957535, 5.66083621979, 3.06804919243, 4.48200750351, 13.5823450089, 10.2861595154, 7.93696737289, 9.77391052246, 6.21241474152, 3.66942167282, 1.6816021204, 1.00047171116, 1.01234996319, 0.875299394131, 0.693723917007, 0.799120903015, 0.478914231062, 0.353827208281, 0.373036146164, 0.354302257299, 0.371864080429, 0.435940265656, 0.473926901817, 0.562070071697, 0.466283887625, 0.473117440939, 0.564137935638, 0.370243191719, 0.57909476757, 0.187873631716, 0.0963588356972, 0.047844093293, 0.0945660695434, 0.0833379253745, 0.00480932788923, 0.000245355127845, 3.50846312358e-05, 4.76285676996e-05],
        "min": [0.000490646925755, 0.0122499149293, 0.054805830121, 0.0409443601966, 0.05229087919, 0.0401080437005, 0.165913179517, 0.155899465084, 0.143814042211, 0.0884875804186, 0.103414066136, 0.0730620324612, 0.029965640977, 0.0181270204484, 0.0178607329726, 0.0315473936498, 0.0142498062924, 0.0116054946557, 0.0111119663343, 0.0131778623909, 0.0130112087354, 0.0101506849751, 0.0118594551459, 0.00694787688553, 0.0093234302476, 0.0067034191452, 0.00424627354369, 0.00152961467393, 0.000757560133934, 0.000276759965345, 0.000117535964819, 8.88758513611e-05, 5.94422490394e-05, 1.63596905622e-05, 7.67270557844e-06, 5.78786784899e-06, 3.53331370206e-06, 4.81771678551e-07, 3.57545559382e-06, 2.05688183996e-06],
        "var": [1.07996892929, 37.0633583069, 528.755126953, 193.987533569, 103.421485901, 496.605712891, 2113.67993164, 847.887451172, 1464.74450684, 3700.68212891, 1402.10827637, 10754.8261719, 133821.265625, 1471.65026855, 25691.8417969, 629.93548584, 284.375, 201.959121704, 94.8333435059, 471.600006104, 449.287567139, 507.911193848, 244.367935181, 160.140075684, 285.592437744, 267.667205811, 515.390014648, 521.921875, 317.349273682, 277.826629639, 134.427688599, 54.0057144165, 46.1566085815, 18.2206344604, 9.33039951324, 4.39891910553, 0.233075246215, 0.00318070291542, 9.84066900855e-07, 4.36160618733e-09]
    },
    "gfcc": {
        "mean": [-43.6745986938, 110.350830078, -52.0421447754, 40.7714576721, -67.528755188, 13.6970310211, -34.4121246338, 11.1197032928, -21.1763343811, 11.3181428909, -15.2672281265, 0.345749288797, -15.2201347351],
        "cov": [[3774.4296875, -1790.12145996, -627.512268066, 207.22706604, -344.848480225, 149.995773315, -406.062835693, 209.811630249, -112.199424744, 93.9609603882, -139.077163696, 172.471557617, 64.3534851074], [-1790.12145996, 2050.33447266, -94.0253448486, -616.79510498, 301.102905273, -141.983276367, 276.403747559, -258.42868042, 226.571395874, -100.297225952, 161.604019165, -217.098297119, 115.763916016], [-627.512268066, -94.0253448486, 1011.64984131, 211.677505493, 54.2950172424, 60.2700576782, 32.2141113281, 37.0827560425, -40.1271133423, 119.059402466, 8.09878349304, 59.7230567932, -107.702590942], [207.22706604, -616.79510498, 211.677505493, 801.408630371, -95.7002716064, -39.6894950867, -44.0026741028, 52.5045890808, -10.1405611038, 11.6485090256, 72.8775100708, 19.5099658966, -82.4782485962], [-344.848480225, 301.102905273, 54.2950172424, -95.7002716064, 314.628204346, 72.3552856445, 131.778244019, 3.43971395493, 79.5240402222, -1.79406547546, 12.4544763565, -14.3379735947, 29.1783027649], [149.995773315, -141.983276367, 60.2700576782, -39.6894950867, 72.3552856445, 226.588760376, 89.3823852539, 64.5032806396, -12.5000391006, 12.8816423416, -24.8933315277, 31.2795028687, 13.6681680679], [-406.062835693, 276.403747559, 32.2141113281, -44.0026741028, 131.778244019, 89.3823852539, 251.664276123, 54.851108551, 51.5308151245, -43.0775642395, 22.9839382172, -21.6751365662, 11.1721630096], [209.811630249, -258.42868042, 37.0827560425, 52.5045890808, 3.43971395493, 64.5032806396, 54.851108551, 159.033493042, 27.1657123566, 22.0703773499, -35.5488014221, 23.1789245605, -14.0630970001], [-112.199424744, 226.571395874, -40.1271133423, -10.1405611038, 79.5240402222, -12.5000391006, 51.5308151245, 27.1657123566, 190.227996826, 71.6219406128, 44.145401001, -46.1947822571, 24.2248382568], [93.9609603882, -100.297225952, 119.059402466, 11.6485090256, -1.79406547546, 12.8816423416, -43.0775642395, 22.0703773499, 71.6219406128, 157.576522827, 24.6589069366, 33.5417327881, -13.2637577057], [-139.077163696, 161.604019165, 8.09878349304, 72.8775100708, 12.4544763565, -24.8933315277, 22.9839382172, -35.5488014221, 44.145401001, 24.6589069366, 110.311584473, -9.27072143555, 15.4962043762], [172.471557617, -217.098297119, 59.7230567932, 19.5099658966, -14.3379735947, 31.2795028687, -21.6751365662, 23.1789245605, -46.1947822571, 33.5417327881, -9.27072143555, 111.362602234, 11.8569030762], [64.3534851074, 115.763916016, -107.702590942, -82.4782485962, 29.1783027649, 13.6681680679, 11.1721630096, -14.0630970001, 24.2248382568, -13.2637577057, 15.4962043762, 11.8569030762, 107.323410034]],
        "icov": [[0.000730036466848, 0.00067705794936, 0.0003735772043, 0.000254824844887, 0.000134261354106, -0.00044613002683, 0.000744168006349, -0.000205111820833, -0.000429133506259, 0.000162590367836, -0.000390526780393, 6.98245639796e-05, -0.000515718886163], [0.00067705794936, 0.00375740649179, -0.000563620938919, 0.00258650677279, -0.000310250645271, 0.00144824117888, -0.00203203991987, 0.00366886262782, -0.00326277804561, 0.00243076658808, -0.00322787323967, 0.00229256460443, -0.00119491131045], [0.0003735772043, -0.000563620938919, 0.0019042652566, -0.000925111176912, -0.000301956373733, -0.00072818150511, 0.000541261630133, -0.00105337367859, 0.00173976889346, -0.00231342436746, 0.000834525271785, -0.000647416920401, 0.00083686778089], [0.000254824844887, 0.00258650677279, -0.000925111176912, 0.00368969514966, 7.17774892109e-05, 0.0011895847274, -0.000888009555638, 0.00164904969279, -0.00286748376675, 0.00317383930087, -0.00442563695833, 0.00107210548595, 0.000661996775307], [0.000134261354106, -0.000310250645271, -0.000301956373733, 7.17774892109e-05, 0.00512385042384, -0.00147189141717, -0.00131595355924, 0.000975909002591, -0.00240688375197, 0.000785866985098, 0.00100964377634, -0.00116749515291, -0.000310831092065], [-0.00044613002683, 0.00144824117888, -0.00072818150511, 0.0011895847274, -0.00147189141717, 0.0081947222352, -0.00458945566788, 0.000591648451518, 0.00135380274151, -0.00141433498356, -0.000110690722067, 0.00136019464117, -0.00181403732859], [0.000744168006349, -0.00203203991987, 0.000541261630133, -0.000888009555638, -0.00131595355924, -0.00458945566788, 0.0115938149393, -0.00657448731363, -0.000658703211229, 0.00356313516386, -0.00189770734869, -0.00217703846283, 0.00158380845096], [-0.000205111820833, 0.00366886262782, -0.00105337367859, 0.00164904969279, 0.000975909002591, 0.000591648451518, -0.00657448731363, 0.0155462631956, -0.00657270895317, 0.00179918599315, 0.00196731253527, 6.72811947879e-05, 0.000171055959072], [-0.000429133506259, -0.00326277804561, 0.00173976889346, -0.00286748376675, -0.00240688375197, 0.00135380274151, -0.000658703211229, -0.00657270895317, 0.0172051824629, -0.0117809865624, 0.00125517894048, 0.00554549088702, -0.00312516838312], [0.000162590367836, 0.00243076658808, -0.00231342436746, 0.00317383930087, 0.000785866985098, -0.00141433498356, 0.00356313516386, 0.00179918599315, -0.0117809865624, 0.0178552661091, -0.0060609318316, -0.00515728676692, 0.00354013359174], [-0.000390526780393, -0.00322787323967, 0.000834525271785, -0.00442563695833, 0.00100964377634, -0.000110690722067, -0.00189770734869, 0.00196731253527, 0.00125517894048, -0.0060609318316, 0.0180387552828, -0.00190857320558, -0.00207889149897], [6.98245639796e-05, 0.00229256460443, -0.000647416920401, 0.00107210548595, -0.00116749515291, 0.00136019464117, -0.00217703846283, 6.72811947879e-05, 0.00554549088702, -0.00515728676692, -0.00190857320558, 0.0168031360954, -0.005430794321], [-0.000515718886163, -0.00119491131045, 0.00083686778089, 0.000661996775307, -0.000310831092065, -0.00181403732859, 0.00158380845096, 0.000171055959072, -0.00312516838312, 0.00354013359174, -0.00207889149897, -0.005430794321, 0.0144804725423]]
    },
    "melbands": {
        "dmean": [0.00305397179909, 0.00381683488376, 0.00110685743857, 0.00041052675806, 0.000428161671152, 0.00023780913034, 0.000198935696972, 0.00012737706129, 8.76790290931e-05, 8.5846579168e-05, 0.000142459146446, 2.40145236603e-05, 2.58083000517e-05, 1.85224962479e-05, 5.99470877205e-06, 7.33651813789e-06, 8.23370646685e-06, 4.0824147618e-06, 7.23532184566e-06, 6.60197292746e-06, 5.91883872403e-06, 5.70376869291e-06, 3.9451201701e-06, 2.88231785817e-06, 2.81686106973e-06, 3.47425316249e-06, 3.05928801936e-06, 3.08583935293e-06, 3.58684860657e-06, 3.75662216356e-06, 3.11604026138e-06, 2.69698375632e-06, 2.19763137466e-06, 2.52510562859e-06, 2.11478163692e-06, 1.53599307851e-06, 1.2824799569e-06, 1.62194191944e-06, 1.22875303532e-06, 1.15297189041e-06],
        "dmean2": [0.00485801417381, 0.00634192163125, 0.00189567939378, 0.000683489080984, 0.000706230523065, 0.000385022198316, 0.000342664803611, 0.000206571115996, 0.000131480002892, 0.000121079981909, 0.000174576765858, 4.16491784563e-05, 3.5783596104e-05, 2.77715971606e-05, 9.71666850091e-06, 1.00268307506e-05, 1.35391146614e-05, 6.2479416556e-06, 1.14593822218e-05, 1.03008269434e-05, 8.90758201422e-06, 8.6714835561e-06, 5.76977618039e-06, 4.31626040154e-06, 4.39612267655e-06, 5.47844501853e-06, 4.9076961659e-06, 4.53370421383e-06, 5.35745084562e-06, 5.1949441513e-06, 4.37233529738e-06, 3.89077422369e-06, 3.05707385451e-06, 3.42614816873e-06, 2.99330599773e-06, 2.22196604227e-06, 1.86509771538e-06, 2.40281201513e-06, 1.7680762312e-06, 1.73713408458e-06],
        "dvar": [5.05812495248e-05, 7.54581051297e-05, 6.08557593296e-06, 6.3244078774e-07, 6.7502952561e-07, 2.55552862427e-07, 3.28648667391e-07, 8.47878851573e-08, 4.53454020999e-08, 1.41347072713e-07, 7.69064399719e-07, 1.1478224593e-08, 2.92777038169e-08, 1.12943823183e-08, 3.79818482221e-10, 1.08285913569e-09, 6.48825493332e-10, 1.31259628167e-10, 9.84416548278e-10, 6.42203179524e-10, 5.4593485288e-10, 5.89575666066e-10, 2.20190879419e-10, 1.08128589416e-10, 9.38602112699e-11, 1.19847465285e-10, 1.08206714422e-10, 1.05891170832e-10, 1.47760872982e-10, 1.96074420589e-10, 1.224043783e-10, 6.64963917263e-11, 4.78302293605e-11, 6.96096513764e-11, 3.10950570848e-11, 1.72307827728e-11, 1.07030218022e-11, 1.89802774192e-11, 1.45574489963e-11, 9.05521838068e-12],
        "dvar2": [0.000127308579977, 0.000199350950425, 1.67827201949e-05, 1.72439627022e-06, 1.61824220868e-06, 5.96222719196e-07, 9.22517870094e-07, 2.00190669375e-07, 9.2617710834e-08, 2.54984570347e-07, 1.0457413282e-06, 2.99907014778e-08, 4.13932532695e-08, 1.82126456139e-08, 8.62555415981e-10, 1.81460257931e-09, 1.7997441315e-09, 2.75520384285e-10, 2.35601649301e-09, 1.3496421758e-09, 1.14113962724e-09, 1.20810528248e-09, 4.50695009091e-10, 2.10185563398e-10, 2.172136776e-10, 2.70109573597e-10, 2.54245541287e-10, 2.27304897127e-10, 3.354825584e-10, 3.87021970027e-10, 2.46511533408e-10, 1.23342433489e-10, 8.20537526813e-11, 1.33758171206e-10, 5.98563004717e-11, 3.6144399973e-11, 1.83806320858e-11, 3.97647158257e-11, 2.97920924042e-11, 1.97165790639e-11],
        "max": [0.067934691906, 0.0674057230353, 0.0260433573276, 0.00971483811736, 0.0106592560187, 0.00754485977814, 0.00681252637878, 0.00770958559588, 0.00437334226444, 0.0105997817591, 0.0233436822891, 0.00133009080309, 0.00630630599335, 0.00357298669405, 0.000283713103272, 0.000976187875494, 0.00040462333709, 0.000122090728837, 0.000343543331837, 0.000265572802164, 0.000299836043268, 0.000355406518793, 0.000172289306647, 0.000122681245557, 0.000104689192085, 0.000113264723041, 0.000120874006825, 0.000134841553518, 0.000143923374708, 0.000186990495422, 0.000142942400998, 0.000107788408059, 8.27877302072e-05, 0.000101460071164, 7.21691976651e-05, 5.05460229761e-05, 3.73982802557e-05, 4.88702571602e-05, 4.36586924479e-05, 3.02781991195e-05],
        "mean": [0.00454961555079, 0.00701000494882, 0.00168511318043, 0.000677455973346, 0.000891893636435, 0.00052970869001, 0.000320916180499, 0.000283124740236, 0.000174806729774, 0.000169325299794, 0.000301678606775, 3.0722017982e-05, 6.48554632789e-05, 3.92657093471e-05, 7.34997456675e-06, 1.12904090201e-05, 1.19338565128e-05, 5.10303925694e-06, 6.56852398606e-06, 7.00684586263e-06, 6.08590153206e-06, 5.64675156056e-06, 4.27063878305e-06, 3.23805738844e-06, 3.11207668346e-06, 3.8459697862e-06, 3.24202437696e-06, 3.28498799718e-06, 3.75831291421e-06, 4.0267868826e-06, 3.52092865796e-06, 3.4102479276e-06, 2.73245859717e-06, 2.92395566248e-06, 2.75910247183e-06, 1.82745679922e-06, 1.58281454787e-06, 1.73081866706e-06, 1.26627082864e-06, 1.15755676688e-06],
        "median": [0.00149712176062, 0.00354662258178, 0.000981803401373, 0.000258951535216, 0.000469124410301, 0.000264632049948, 0.000133746725623, 9.05132837943e-05, 4.79398040625e-05, 1.98070902115e-05, 7.14176394467e-06, 3.16956970892e-06, 3.36515518029e-06, 2.62256776296e-06, 1.31619015065e-06, 1.22722678952e-06, 1.49747074829e-06, 7.97869290636e-07, 4.15848660396e-07, 4.00875023843e-07, 4.09333324569e-07, 3.32008312398e-07, 3.24657690953e-07, 3.15932027206e-07, 3.46931813056e-07, 3.22757330196e-07, 3.36076539043e-07, 3.92685734596e-07, 2.99954194816e-07, 2.51121150541e-07, 2.68116764346e-07, 3.39723214893e-07, 2.14175884139e-07, 1.87457146694e-07, 3.64243078366e-07, 1.9453842981e-07, 8.64258069555e-08, 6.99677613625e-08, 4.41252971939e-08, 3.54554501314e-08],
        "min": [2.57354076894e-06, 2.69224219664e-05, 8.90874434845e-06, 6.0071970438e-06, 7.37458731237e-06, 1.95635925593e-06, 1.64578193562e-06, 7.3910808851e-07, 4.50824728659e-07, 4.05313471674e-07, 1.38897632951e-07, 3.51719400271e-08, 2.57848089547e-08, 6.54486385088e-08, 2.67943960353e-08, 2.9503871346e-08, 1.76350543057e-08, 1.30841755208e-08, 1.05233066705e-08, 1.00649311108e-08, 9.1648120204e-09, 6.65873534089e-09, 9.74160929701e-09, 7.80654474397e-09, 3.29455329684e-09, 4.69468908193e-09, 3.82349130135e-09, 3.40898020923e-09, 2.27652341422e-09, 1.43763456695e-09, 6.4010352574e-10, 4.7488807331e-10, 2.41969250192e-10, 8.97790591869e-11, 4.44704863212e-11, 4.40033808002e-11, 4.03808098071e-11, 6.01234556932e-12, 4.55071852597e-13, 2.40019457217e-13],
