{
"highlevel": {
    "danceability": {
        "all": {
            "danceable": 0.982997775078,
            "not_danceable": 0.0170022267848
        },
        "probability": 0.982997775078,
        "value": "danceable"
    },
    "gender": {
        "all": {
            "female": 0.0200096126646,
            "male": 0.979990363121
        },
        "probability": 0.979990363121,
        "value": "male"
    },
    "genre_dortmund": {
        "all": {
            "alternative": 0.0365117453039,
            "blues": 0.025809219107,
            "electronic": 0.0235758218914,
            "folkcountry": 0.0647508278489,
            "funksoulrnb": 0.175745770335,
            "jazz": 0.0533430986106,
            "pop": 0.0382294170558,
            "raphiphop": 0.522669434547,
            "rock": 0.0593646913767
        },
        "probability": 0.522669434547,
        "value": "raphiphop"
    },
    "genre_electronic": {
        "all": {
            "ambient": 0.587613523006,
            "dnb": 0.165509134531,
            "house": 0.0945261865854,
            "techno": 0.0107519421726,
            "trance": 0.141599223018
        },
        "probability": 0.587613523006,
        "value": "ambient"
    },
    "genre_rosamerica": {
        "all": {
            "cla": 0.00284946034662,
            "dan": 0.0144478594884,
            "hip": 0.0459724143147,
            "jaz": 0.00968514196575,
            "pop": 0.60550481081,
            "rhy": 0.315808951855,
            "roc": 0.0052455002442,
            "spe": 0.000485892640427
        },
        "probability": 0.60550481081,
        "value": "pop"
    },
    "genre_tzanetakis": {
        "all": {
            "blu": 0.0620671063662,
            "cla": 0.034474901855,
            "cou": 0.103433981538,
            "dis": 0.0620971247554,
            "hip": 0.15527240932,
            "jaz": 0.310666948557,
            "met": 0.044346679002,
            "pop": 0.0620793737471,
            "reg": 0.0620816536248,
            "roc": 0.103479810059
        },
        "probability": 0.310666948557,
        "value": "jaz"
    },
    "ismir04_rhythm": {
        "all": {
            "ChaChaCha": 0.140292808414,
            "Jive": 0.108631141484,
            "Quickstep": 0.175232231617,
            "Rumba-American": 0.0180618651211,
            "Rumba-International": 0.112065449357,
            "Rumba-Misc": 0.0180233605206,
            "Samba": 0.298467487097,
            "Tango": 0.0158731658012,
            "VienneseWaltz": 0.0735495314002,
            "Waltz": 0.039802942425
        },
        "probability": 0.298467487097,
        "value": "Samba"
    },
    "mood_acoustic": {
        "all": {
            "acoustic": 0.147037282586,
            "not_acoustic": 0.852962732315
        },
        "probability": 0.852962732315,
        "value": "not_acoustic"
    },
    "mood_aggressive": {
        "all": {
            "aggressive": 0.039782371372,
            "not_aggressive": 0.960217654705
        },
        "probability": 0.960217654705,
        "value": "not_aggressive"
    },
    "mood_electronic": {
        "all": {
            "electronic": 0.478535979986,
            "not_electronic": 0.521463990211
        },
        "probability": 0.521463990211,
        "value": "not_electronic"
    },
    "mood_happy": {
        "all": {
            "happy": 0.444336414337,
            "not_happy": 0.555663585663
        },
        "probability": 0.555663585663,
        "value": "not_happy"
    },
    "mood_party": {
        "all": {
            "not_party": 0.403841346502,
            "party": 0.5961586833
        },
        "probability": 0.5961586833,
        "value": "party"
    },
    "mood_relaxed": {
        "all": {
            "not_relaxed": 0.556967794895,
            "relaxed": 0.443032175303
        },
        "probability": 0.556967794895,
        "value": "not_relaxed"
    },
    "mood_sad": {
        "all": {
            "not_sad": 0.551436543465,
            "sad": 0.448563486338
        },
        "probability": 0.551436543465,
        "value": "not_sad"
    },
    "moods_mirex": {
        "all": {
            "Cluster1": 0.111883573234,
            "Cluster2": 0.205497130752,
            "Cluster3": 0.347570002079,
            "Cluster4": 0.304097950459,
            "Cluster5": 0.0309513565153
        },
        "probability": 0.347570002079,
        "value": "Cluster3"
    },
    "timbre": {
        "all": {
            "bright": 0.929121434689,
            "dark": 0.070878572762
        },
        "probability": 0.929121434689,
        "value": "bright"
    },
    "tonal_atonal": {
        "all": {
            "atonal": 0.00865568593144,
            "tonal": 0.991344332695
        },
        "probability": 0.991344332695,
        "value": "tonal"
    },
    "voice_instrumental": {
        "all": {
            "instrumental": 0.00816042348742,
            "voice": 0.991839587688
        },
        "probability": 0.991839587688,
        "value": "voice"
    }
},
"lowlevel": {
    "average_loudness": 0.93853700161,
    "barkbands_crest": {
        "dmean": 2.55373334885,
        "dmean2": 3.87209296227,
        "dvar": 6.34645462036,
        "dvar2": 13.8468103409,
        "max": 25.5523433685,
        "mean": 9.64996051788,
        "median": 8.85269069672,
        "min": 2.25355887413,
        "var": 16.5120201111
    },
    "barkbands_flatness_db": {
        "dmean": 0.0220120027661,
        "dmean2": 0.0337234921753,
        "dvar": 0.000510036596097,
        "dvar2": 0.00107235345058,
        "max": 0.319404035807,
        "mean": 0.147248834372,
        "median": 0.142440527678,
        "min": 0.0534127354622,
        "var": 0.0017286145594
    },
    "barkbands_kurtosis": {
        "dmean": 2.88557171822,
        "dmean2": 4.42479801178,
        "dvar": 87.5437698364,
        "dvar2": 187.859634399,
        "max": 224.668930054,
        "mean": 2.71311354637,
        "median": 0.508416175842,
        "min": -1.86740708351,
        "var": 99.9066085815
    },
    "barkbands_skewness": {
        "dmean": 0.573707342148,
        "dmean2": 0.819714844227,
        "dvar": 0.619984090328,
        "dvar2": 1.05281150341,
        "max": 13.5125379562,
        "mean": 1.03829491138,
        "median": 0.841501772404,
        "min": -2.86760854721,
        "var": 1.52786982059
    },
    "barkbands_spread": {
        "dmean": 8.22458934784,
        "dmean2": 12.5997028351,
        "dvar": 99.1100006104,
        "dvar2": 211.929702759,
        "max": 104.681419373,
        "mean": 27.7853679657,
        "median": 24.9627990723,
        "min": 1.16072905064,
        "var": 315.492858887
    },
    "dissonance": {
        "dmean": 0.024940662086,
        "dmean2": 0.0409966856241,
        "dvar": 0.000619378406554,
        "dvar2": 0.00156551692635,
        "max": 0.500000059605,
        "mean": 0.456151634455,
        "median": 0.464395910501,
        "min": 0.273677110672,
        "var": 0.00116862100549
    },
    "dynamic_complexity": 2.68719410896,
    "erbbands_crest": {
        "dmean": 2.7429702282,
        "dmean2": 4.44924783707,
        "dvar": 6.77245998383,
        "dvar2": 16.7869720459,
        "max": 30.2475891113,
        "mean": 9.27492332458,
        "median": 8.49040317535,
        "min": 3.02300834656,
        "var": 14.1986856461
    },
    "erbbands_flatness_db": {
        "dmean": 0.0210577584803,
        "dmean2": 0.031545817852,
        "dvar": 0.000408497930039,
        "dvar2": 0.000879931321833,
        "max": 0.341987758875,
        "mean": 0.16419737041,
        "median": 0.16176328063,
        "min": 0.0530875474215,
        "var": 0.00236908951774
    },
    "erbbands_kurtosis": {
        "dmean": 1.20358705521,
        "dmean2": 1.90922355652,
        "dvar": 3.07885503769,
        "dvar2": 7.80009222031,
        "max": 22.9395999908,
        "mean": 0.839034855366,
        "median": 0.231144666672,
        "min": -1.74544394016,
        "var": 5.32004642487
    },
    "erbbands_skewness": {
        "dmean": 0.428188085556,
        "dmean2": 0.653838634491,
        "dvar": 0.193702071905,
        "dvar2": 0.396748274565,
        "max": 3.46456074715,
        "mean": 0.345898896456,
        "median": 0.322759568691,
        "min": -2.8268699646,
        "var": 0.596713602543
    },
    "erbbands_spread": {
        "dmean": 9.62094116211,
        "dmean2": 14.6286306381,
        "dvar": 122.084533691,
        "dvar2": 253.009567261,
        "max": 123.818908691,
        "mean": 35.6797409058,
        "median": 30.9020366669,
        "min": 3.66174912453,
        "var": 452.13949585
    },
    "hfc": {
        "dmean": 12.5616083145,
        "dmean2": 19.4046421051,
        "dvar": 324.272216797,
        "dvar2": 735.852172852,
        "max": 220.522018433,
        "mean": 29.7717342377,
        "median": 24.0380344391,
        "min": 0.0186244305223,
        "var": 663.11138916
    },
    "melbands_crest": {
        "dmean": 3.17859530449,
        "dmean2": 4.91806602478,
        "dvar": 9.98342323303,
        "dvar2": 23.6097297668,
        "max": 32.7731018066,
        "mean": 13.405629158,
        "median": 12.0503101349,
        "min": 3.56298995018,
        "var": 30.2305107117
    },
    "melbands_flatness_db": {
        "dmean": 0.027909591794,
        "dmean2": 0.0394961982965,
        "dvar": 0.000971774221398,
        "dvar2": 0.00172040425241,
        "max": 0.436608314514,
        "mean": 0.176450774074,
        "median": 0.176001250744,
        "min": 0.0387173146009,
        "var": 0.00364000303671
    },
    "melbands_kurtosis": {
        "dmean": 6.19676065445,
        "dmean2": 9.22075939178,
        "dvar": 372.363983154,
        "dvar2": 675.442016602,
        "max": 365.361328125,
        "mean": 8.95844459534,
        "median": 3.42957115173,
        "min": -1.85170805454,
        "var": 529.24822998
    },
    "melbands_skewness": {
        "dmean": 0.713637471199,
        "dmean2": 0.986576318741,
        "dvar": 0.877935171127,
        "dvar2": 1.45192277431,
        "max": 13.7265748978,
        "mean": 1.92225944996,
        "median": 1.52327942848,
        "min": -1.01660335064,
        "var": 2.72189712524
    },
    "melbands_spread": {
        "dmean": 10.4074983597,
        "dmean2": 15.4621582031,
        "dvar": 284.470184326,
        "dvar2": 513.983215332,
        "max": 203.675628662,
        "mean": 33.0857620239,
        "median": 27.6861858368,
        "min": 0.716033160686,
        "var": 649.578613281
    },
    "pitch_salience": {
        "dmean": 0.0721330344677,
        "dmean2": 0.112269185483,
        "dvar": 0.00522305071354,
        "dvar2": 0.0129366619512,
        "max": 0.865346491337,
        "mean": 0.563115715981,
        "median": 0.570283949375,
        "min": 0.108886741102,
        "var": 0.0164070762694
    },
    "silence_rate_20dB": {
        "dmean": 0,
        "dmean2": 0,
        "dvar": 0,
        "dvar2": 0,
        "max": 1,
        "mean": 1,
        "median": 1,
        "min": 1,
        "var": 0
    },
    "silence_rate_30dB": {
        "dmean": 0.0263157896698,
        "dmean2": 0.0526723451912,
        "dvar": 0.0256238449365,
        "dvar2": 0.0653913244605,
        "max": 1,
        "mean": 0.980665147305,
        "median": 1,
        "min": 0,
        "var": 0.0189610477537
    },
    "silence_rate_60dB": {
        "dmean": 0.0317337475717,
        "dmean2": 0.0635166540742,
        "dvar": 0.03072674945,
        "dvar2": 0.0672283619642,
        "max": 1,
        "mean": 0.0703789666295,
        "median": 0,
        "min": 0,
        "var": 0.065425619483
    },
    "spectral_centroid": {
        "dmean": 329.55090332,
        "dmean2": 484.103210449,
        "dvar": 175521.5,
        "dvar2": 315115.4375,
        "max": 4692.50830078,
        "mean": 1637.90270996,
        "median": 1550.34179688,
        "min": 252.343093872,
        "var": 491002.9375
    },
    "spectral_complexity": {
        "dmean": 3.46904015541,
        "dmean2": 5.12858247757,
        "dvar": 15.4239292145,
        "dvar2": 29.1514778137,
        "max": 55,
        "mean": 17.43542099,
        "median": 17,
        "min": 0,
        "var": 70.4453659058
    },
    "spectral_decrease": {
        "dmean": 2.28441621175e-09,
        "dmean2": 3.01996982977e-09,
        "dvar": 1.13940580774e-17,
        "dvar2": 1.74882194234e-17,
        "max": -3.93764101186e-12,
        "mean": -6.49504494632e-09,
        "median": -5.26795806977e-09,
        "min": -3.68560719721e-08,
        "var": 3.57398967736e-17
    },
    "spectral_energy": {
        "dmean": 0.00937026645988,
        "dmean2": 0.0125969015062,
        "dvar": 0.000173370834091,
        "dvar2": 0.00027539691655,
        "max": 0.14147464931,
        "mean": 0.0272142030299,
        "median": 0.0228069350123,
        "min": 1.66305799212e-05,
        "var": 0.000549581192899
    },
    "spectral_energyband_high": {
        "dmean": 0.000931976479478,
        "dmean2": 0.00146045850124,
        "dvar": 3.36344760399e-06,
        "dvar2": 7.7814083852e-06,
        "max": 0.0195542573929,
        "mean": 0.00139411829878,
        "median": 0.000499163346831,
        "min": 2.21469903749e-07,
        "var": 5.35660637979e-06
    },
    "spectral_energyband_low": {
        "dmean": 0.00433823885396,
        "dmean2": 0.00563454953954,
        "dvar": 0.000170722225448,
        "dvar2": 0.000260955450358,
        "max": 0.136255457997,
        "mean": 0.0092950547114,
        "median": 0.0050132102333,
        "min": 1.58528501437e-09,
        "var": 0.000371681177057
    },
    "spectral_energyband_middle_high": {
        "dmean": 0.00332103972323,
        "dmean2": 0.00467873737216,
        "dvar": 2.21708578465e-05,
        "dvar2": 5.09845485794e-05,
        "max": 0.0495445281267,
        "mean": 0.00814667716622,
        "median": 0.00555848097429,
        "min": 7.27257474864e-06,
        "var": 6.05919594818e-05
    },
    "spectral_energyband_middle_low": {
        "dmean": 0.0045915087685,
        "dmean2": 0.00724472757429,
        "dvar": 4.5266457164e-05,
        "dvar2": 0.000118727235531,
        "max": 0.0495444610715,
        "mean": 0.00903702061623,
        "median": 0.00709859887138,
        "min": 4.35948913946e-06,
        "var": 6.41362275928e-05
    },
    "spectral_entropy": {
        "dmean": 0.218556165695,
        "dmean2": 0.321030348539,
        "dvar": 0.0505312867463,
        "dvar2": 0.100088901818,
        "max": 8.66822338104,
        "mean": 7.58769512177,
        "median": 7.52646827698,
        "min": 6.41435670853,
        "var": 0.190157324076
    },
    "spectral_flux": {
        "dmean": 0.0300609841943,
        "dmean2": 0.0454774424434,
        "dvar": 0.00105286040343,
        "dvar2": 0.00217292271554,
        "max": 0.352402091026,
        "mean": 0.0923995226622,
        "median": 0.0817873850465,
        "min": 0.00253966497257,
        "var": 0.00299618276767
    },
    "spectral_kurtosis": {
        "dmean": 1.6192779541,
        "dmean2": 2.48824763298,
        "dvar": 2.56749725342,
        "dvar2": 5.60199213028,
        "max": 19.0626850128,
        "mean": 4.75067949295,
        "median": 4.47222995758,
        "min": -0.978124380112,
        "var": 10.1006784439
    },
    "spectral_rms": {
        "dmean": 0.000856878585182,
        "dmean2": 0.00114384200424,
        "dvar": 1.01271837138e-06,
        "dvar2": 1.64996686181e-06,
        "max": 0.0117483632639,
        "mean": 0.00471023237333,
        "median": 0.00471706129611,
        "min": 0.000127377221361,
        "var": 4.36411392002e-06
    },
    "spectral_rolloff": {
        "dmean": 932.962646484,
        "dmean2": 1532.41003418,
        "dvar": 2759737,
        "dvar2": 5763092.5,
        "max": 12230.859375,
        "mean": 2343.92333984,
        "median": 1614.99023438,
        "min": 64.599609375,
        "var": 4842846.5
    },
    "spectral_skewness": {
        "dmean": 0.261149466038,
        "dmean2": 0.3798404634,
        "dvar": 0.0673457384109,
        "dvar2": 0.123458273709,
        "max": 3.4948246479,
        "mean": 1.70620596409,
        "median": 1.73723340034,
        "min": 0.205668881536,
        "var": 0.304658740759
    },
    "spectral_spread": {
        "dmean": 961297.25,
        "dmean2": 1431175.5,
        "dvar": 1.24341007155e+12,
        "dvar2": 2.60984589517e+12,
        "max": 13938328,
        "mean": 5399756.5,
        "median": 4797011,
        "min": 2445983,
        "var": 4.31200088883e+12
    },
    "spectral_strongpeak": {
        "dmean": 0.782553732395,
        "dmean2": 1.33517682552,
        "dvar": 1.75412130356,
        "dvar2": 4.20544862747,
        "max": 10.2301092148,
        "mean": 1.22228109837,
        "median": 0.480944901705,
        "min": 0.0160253848881,
        "var": 2.53858423233
    },
    "zerocrossingrate": {
        "dmean": 0.0190766043961,
        "dmean2": 0.0215846039355,
        "dvar": 0.000531310099177,
        "dvar2": 0.000582148029935,
        "max": 0.35888671875,
        "mean": 0.0860100090504,
        "median": 0.07177734375,
        "min": 0.00537109375,
        "var": 0.00259260181338
    },
    "barkbands": {
        "dmean": [0.00011817903578, 0.00351462839171, 0.00185277254786, 0.000767215446103, 0.000803487957455, 0.000530829187483, 0.00103209272493, 0.00168708211277, 0.00112994667143, 0.000787419616245, 0.000699057942256, 0.000713111308869, 0.000675466842949, 0.000530403747689, 0.000451825675555, 0.000412109919125, 0.000354724033969, 0.000305733847199, 0.000189874510397, 0.000209670062759, 0.000100399505754, 0.000147474871483, 0.000235742278164, 0.000160808704095, 0.000180437782547, 0.000166623765836, 1.47842516007e-09],
        "dmean2": [0.000190161037608, 0.00476198270917, 0.0031761743594, 0.00139432086144, 0.00132215186022, 0.000877296144608, 0.00163476448506, 0.00265050330199, 0.00176436069887, 0.00114896253217, 0.00110301061068, 0.00119172339328, 0.0010214287322, 0.000772813626099, 0.000665695930365, 0.000592836178839, 0.000532955746166, 0.000469932303531, 0.00029277059366, 0.000336412340403, 0.000158260911121, 0.00023142786813, 0.000367619591998, 0.000258579384536, 0.000288943672786, 0.000276110338746, 2.46942333249e-09],
        "dvar": [1.2457428511e-07, 0.000124556623632, 6.19570710114e-05, 1.02280391729e-05, 1.89332456557e-06, 1.34628862725e-06, 3.64108063877e-06, 1.43626230056e-05, 6.36681170363e-06, 2.46624040301e-06, 2.37722906604e-06, 6.92258254276e-06, 2.20762603931e-06, 2.14382339436e-06, 1.21276400478e-06, 9.73624196376e-07, 4.50660166962e-07, 3.58419811164e-07, 1.24890263464e-07, 1.80745075795e-07, 6.53732996625e-08, 1.18151966433e-07, 3.08841379137e-07, 1.31410430981e-07, 1.29190567577e-07, 1.28600518678e-07, 7.04183355329e-17],
        "dvar2": [3.01616779552e-07, 0.000204378811759, 0.000158993701916, 2.95387271763e-05, 5.35249182576e-06, 3.3688181702e-06, 8.68270126375e-06, 3.36145094479e-05, 1.53892597154e-05, 4.77864296045e-06, 5.83180872127e-06, 1.99120131583e-05, 4.90687989441e-06, 4.4107746362e-06, 2.58600789493e-06, 1.96020687326e-06, 9.59482918006e-07, 7.29190560378e-07, 2.6347706239e-07, 4.46754569339e-07, 1.55299048288e-07, 2.85346260398e-07, 7.28788165816e-07, 3.26676286022e-07, 2.94012181712e-07, 3.25897048015e-07, 7.67041273298e-17],
        "max": [0.00649284711108, 0.128398254514, 0.062430344522, 0.0276716798544, 0.0208837203681, 0.0177952311933, 0.0209142956883, 0.0425393693149, 0.0288791190833, 0.0286352932453, 0.0293064452708, 0.0460622347891, 0.0160969011486, 0.0224802419543, 0.0187495462596, 0.0209131594747, 0.00867446977645, 0.00946881715208, 0.00641005346552, 0.00453662918881, 0.00369782699272, 0.00551214022562, 0.00976836401969, 0.00524188298732, 0.00344881089404, 0.00335623370484, 2.84433070874e-07],
        "mean": [0.000240615307121, 0.00728281401098, 0.00143110018689, 0.000633718271274, 0.00132023752667, 0.00100123707671, 0.00146593421232, 0.00240278965794, 0.00161330623087, 0.00141301797703, 0.00112645793706, 0.000804321607575, 0.00105516589247, 0.000864821078721, 0.000750994950067, 0.000727625039872, 0.000638136465568, 0.000513300299644, 0.000321193423588, 0.000296974525554, 0.000138932635309, 0.000216086700675, 0.000323758926243, 0.000210380123463, 0.000248765398283, 0.000172508996911, 1.30012955957e-09],
        "median": [7.05004276824e-06, 0.00426543783396, 6.62568199914e-05, 0.000174552056706, 0.000747017969843, 0.000424862868385, 0.000579188403208, 0.000768201600295, 0.000542161986232, 0.000497215020005, 0.000468309735879, 0.000208541168831, 0.0002780277282, 0.000136297618155, 0.000143676137668, 0.000164604920428, 0.000180941744475, 0.000133716283017, 0.000137508221087, 0.000121478609799, 3.1189967558e-05, 7.34605782782e-05, 8.75284313224e-05, 6.17024634266e-05, 6.97899449733e-05, 3.87594554923e-05, 3.84645759688e-10],
        "min": [1.11579990039e-11, 1.37216432661e-10, 4.56802817794e-10, 9.94250726194e-09, 5.27278643858e-07, 2.71358473469e-08, 1.53892571575e-07, 5.88440684623e-07, 1.45302340115e-06, 8.05396155101e-07, 6.96852396231e-07, 1.21640027828e-06, 7.36394440537e-07, 1.74572505784e-07, 2.56755665617e-08, 2.13754645983e-07, 1.92628860418e-07, 5.90517501564e-08, 1.27607478362e-07, 5.85973829459e-08, 1.73458580832e-08, 3.40411645539e-08, 4.3724661225e-08, 2.02041192665e-08, 3.99103043947e-08, 1.03363628767e-08, 1.17316148115e-11],
        "var": [6.05077389082e-07, 0.000223017457756, 4.57400892628e-05, 5.80735240874e-06, 2.52104200626e-06, 2.9929815355e-06, 5.08404400534e-06, 1.93398263946e-05, 8.34579623188e-06, 6.65192874294e-06, 4.15358135797e-06, 5.2268728723e-06, 3.98132851842e-06, 4.87794022774e-06, 2.86294607577e-06, 2.69336965175e-06, 1.20535253245e-06, 8.97203506156e-07, 2.81916840095e-07, 2.26692037586e-07, 8.88090099238e-08, 1.56158193931e-07, 4.93412187552e-07, 1.5605624526e-07, 2.16488544424e-07, 1.30364242068e-07, 7.05110393185e-17]
    },
    "erbbands": {
        "dmean": [0.0845914930105, 0.902136445045, 2.15545988083, 2.35298728943, 2.32840943336, 2.75919890404, 3.42114782333, 4.8690905571, 14.0909519196, 22.3802585602, 33.9255638123, 24.4384689331, 24.2325687408, 16.3377189636, 31.6130275726, 28.1101512909, 31.4677257538, 24.1218242645, 20.1847686768, 25.1393089294, 17.0851325989, 17.4812660217, 18.4414272308, 6.96954059601, 12.7971830368, 8.19997024536, 3.8360118866, 4.3573513031, 5.00715446472, 7.18093442917, 6.39797782898, 3.70842838287, 2.67217707634, 1.93704473972, 1.38953077793, 0.875189423561, 0.28202265501, 0.0235681571066, 0.00043387702317, 3.03790820908e-05],
        "dmean2": [0.118060432374, 1.27057147026, 3.40005064011, 4.06407546997, 4.01533603668, 4.6023478508, 5.51782226562, 8.10725402832, 22.395904541, 34.8511390686, 52.8480224609, 37.7451515198, 34.8914985657, 24.6724338531, 50.2239227295, 47.2936935425, 47.6647338867, 34.8140029907, 28.7432250977, 38.0580177307, 24.4934196472, 25.3771839142, 27.905872345, 10.648648262, 19.1615886688, 12.937543869, 6.03641414642, 7.06120347977, 7.88188457489, 11.2279844284, 9.87502670288, 5.98276567459, 4.2868065834, 3.0977730751, 2.23471021652, 1.4306820631, 0.469088971615, 0.0407737791538, 0.000735261593945, 4.76132299809e-05],
        "dvar": [0.0616045445204, 9.55544948578, 73.149269104, 96.4355545044, 36.4236030579, 31.644411087, 35.1169471741, 123.451538086, 934.191833496, 2082.07128906, 4755.15039062, 3001.85180664, 2419.17480469, 918.38494873, 4914.26904297, 14317.9208984, 4939.83007812, 3009.46313477, 2191.34277344, 3429.93896484, 1518.15881348, 1053.62683105, 1296.35437012, 178.934387207, 536.595397949, 309.521728516, 87.7817153931, 130.536056519, 152.332000732, 188.739944458, 269.864715576, 68.9883041382, 34.7270011902, 14.5180683136, 9.19162559509, 3.35205602646, 0.369169890881, 0.00373277277686, 1.11720532914e-06, 2.75306977215e-09],
        "dvar2": [0.102863565087, 16.6692943573, 171.461990356, 261.87991333, 103.660583496, 89.8059539795, 91.5904312134, 301.99420166, 2249.83911133, 5058.44824219, 11211.6035156, 6951.80078125, 4834.55712891, 1897.54223633, 11856.4169922, 41928.2773438, 11346.4199219, 5872.69921875, 4138.92578125, 7334.31298828, 2821.68676758, 2155.77880859, 2479.7668457, 450.85559082, 1078.40429688, 777.189331055, 210.878219604, 312.258392334, 369.71697998, 453.347320557, 633.735107422, 167.745315552, 84.7140350342, 33.9269866943, 21.4452381134, 8.10199260712, 0.943519055843, 0.0103699211031, 3.04304626297e-06, 6.94828594661e-09],
        "max": [2.53213000298, 32.5051879883, 79.6427230835, 83.3500518799, 51.6931495667, 116.105880737, 88.4571075439, 169.904312134, 396.908813477, 564.684753418, 634.116821289, 809.63104248, 1028.1529541, 421.885742188, 1553.12695312, 2199.28466797, 827.662841797, 703.303283691, 827.137145996, 842.91418457, 999.947692871, 440.513580322, 639.838378906, 189.100738525, 416.647949219, 218.237426758, 135.226821899, 134.062362671, 197.668563843, 173.064498901, 313.502166748, 103.147621155, 84.1901626587, 37.3644256592, 32.0646972656, 18.2789516449, 5.40130519867, 0.675157606602, 0.0116061372682, 0.000569545838516],
        "mean": [0.191630229354, 1.64981925488, 2.15123486519, 1.97442579269, 2.7325963974, 4.45637512207, 6.96069717407, 9.30675697327, 20.0351676941, 36.0944747925, 45.8107948303, 38.9311828613, 46.4137268066, 30.5653572083, 48.869140625, 35.7754592896, 49.0946426392, 43.2067642212, 34.9709625244, 45.9284439087, 34.2781944275, 34.3597984314, 34.4273414612, 12.7374477386, 22.3834190369, 12.5284118652, 5.78610754013, 5.52241611481, 6.85028934479, 10.4057312012, 8.80763435364, 4.60262584686, 3.65204381943, 2.66266107559, 1.79083514214, 0.964926481247, 0.287044733763, 0.0212109386921, 0.000430677348049, 5.74038895138e-05],
        "median": [0.112404339015, 0.610066771507, 0.256109893322, 0.432732254267, 1.2656494379, 2.26027655602, 3.25703501701, 4.52629137039, 8.17589092255, 14.7631549835, 16.1556034088, 14.8523378372, 18.399520874, 15.3442220688, 18.5870494843, 11.8699808121, 13.5429601669, 9.27404785156, 8.23831367493, 10.4998435974, 9.66863059998, 10.6676301956, 9.36854362488, 5.45337772369, 10.0721654892, 5.41814136505, 1.48173189163, 1.27898359299, 1.97882330418, 3.90536904335, 2.02844691277, 0.735061109066, 1.28702759743, 0.796015202999, 0.415728598833, 0.217457935214, 0.0634051561356, 0.00419206637889, 0.000105470593553, 4.07486768381e-05],
        "min": [7.58589635552e-09, 1.3846316449e-07, 1.45192552736e-06, 6.67051717755e-05, 0.00141656550113, 0.000975553295575, 0.000273423764156, 0.000419774121838, 0.00273605273105, 0.00244959699921, 0.0280735120177, 0.0379702486098, 0.0271729193628, 0.0210458505899, 0.0317631289363, 0.0424165129662, 0.0394002534449, 0.0253201555461, 0.00492671178654, 0.00372312474065, 0.0118649145588, 0.0101764379069, 0.00361681287177, 0.00372941815294, 0.00718781119213, 0.00257036834955, 0.000622966676019, 0.000490330567118, 0.000821390072815, 0.00161656353157, 0.000892544398084, 0.000160101699294, 0.000514181505423, 0.000505345466081, 0.000189131809748, 7.74787476985e-05, 8.95082212082e-06, 2.83463322148e-07, 2.56252583597e-08, 2.22698179897e-08],
        "var": [0.124198198318, 14.4677305222, 66.2835540771, 63.9123649597, 26.4666996002, 43.220199585, 79.462638855, 269.096740723, 1178.46533203, 3146.4206543, 6148.56445312, 4630.91162109, 6522.32617188, 2008.01367188, 9250.76757812, 9982.96191406, 8329.25195312, 8964.99023438, 4998.27587891, 7763.53515625, 4857.93359375, 2975.73095703, 3702.5859375, 358.88180542, 1208.27307129, 386.542175293, 125.952125549, 151.196426392, 188.753051758, 314.593078613, 414.065002441, 90.9863967896, 43.889251709, 22.4932479858, 14.4540719986, 3.97283363342, 0.360252678394, 0.00286945397966, 9.34241597861e-07, 3.64977559286e-09]
    },
    "gfcc": {
        "mean": [7.51462268829, 58.8089332581, -125.160362244, 8.23587989807, -69.7853469849, 16.5209293365, -45.8856163025, 20.8830089569, -26.8439216614, 6.65240430832, -17.358499527, 6.74135065079, -16.4120903015],
        "cov": [[5306.53466797, -161.824890137, 917.245849609, 752.026550293, 645.348388672, 476.213317871, 276.282196045, 664.306762695, 674.683959961, 430.563018799, 139.365234375, 359.662811279, 156.105041504], [-161.824890137, 1540.56494141, 216.032775879, 131.465576172, 507.287841797, -14.0662117004, 143.637252808, 114.320350647, 123.073043823, -10.0323057175, 190.953674316, 31.5806732178, 42.7955856323], [917.245849609, 216.032775879, 1411.62243652, 629.783691406, 266.305053711, 364.123535156, 178.724533081, 214.161376953, 271.12878418, 181.318649292, 54.8232498169, 240.052505493, 78.0077896118], [752.026550293, 131.465576172, 629.783691406, 745.704711914, 260.849639893, 187.877365112, 109.469223022, 182.020904541, 254.581924438, 129.459838867, 81.2570648193, 132.587188721, 145.690750122], [645.348388672, 507.287841797, 266.305053711, 260.849639893, 585.61340332, 152.270263672, 119.624320984, 290.399963379, 255.919342041, 120.757232666, 89.1802444458, 108.948661804, 84.0853424072], [476.213317871, -14.0662117004, 364.123535156, 187.877365112, 152.270263672, 365.532897949, 198.414382935, 123.430595398, 151.294998169, 121.138969421, 59.1499443054, 108.861251831, 72.1661376953], [276.282196045, 143.637252808, 178.724533081, 109.469223022, 119.624320984, 198.414382935, 303.114990234, 115.682556152, 69.6674804688, 88.3737182617, 86.3046722412, 93.0909729004, 49.993976593], [664.306762695, 114.320350647, 214.161376953, 182.020904541, 290.399963379, 123.430595398, 115.682556152, 323.54083252, 241.131988525, 107.721458435, 62.4885406494, 96.3107833862, 84.0096664429], [674.683959961, 123.073043823, 271.12878418, 254.581924438, 255.919342041, 151.294998169, 69.6674804688, 241.131988525, 333.906677246, 133.108566284, 43.3970184326, 104.286659241, 94.4379730225], [430.563018799, -10.0323057175, 181.318649292, 129.459838867, 120.757232666, 121.138969421, 88.3737182617, 107.721458435, 133.108566284, 157.638549805, 50.8054428101, 66.2322921753, 48.1826667786], [139.365234375, 190.953674316, 54.8232498169, 81.2570648193, 89.1802444458, 59.1499443054, 86.3046722412, 62.4885406494, 43.3970184326, 50.8054428101, 134.838928223, 53.8131790161, 19.0577526093], [359.662811279, 31.5806732178, 240.052505493, 132.587188721, 108.948661804, 108.861251831, 93.0909729004, 96.3107833862, 104.286659241, 66.2322921753, 53.8131790161, 143.657608032, 48.164680481], [156.105041504, 42.7955856323, 78.0077896118, 145.690750122, 84.0853424072, 72.1661376953, 49.993976593, 84.0096664429, 94.4379730225, 48.1826667786, 19.0577526093, 48.164680481, 126.501937866]],
        "icov": [[0.000316620746162, 5.8087571233e-05, 4.33015229646e-05, -0.000180097704288, -2.75096790574e-05, -8.87181959115e-05, 8.06277021184e-05, -0.000390585541027, -0.000101190205896, -0.000385149556678, 0.000126509330585, -0.000344782747561, 0.00040122307837], [5.8087571233e-05, 0.00223778327927, -0.00118961953558, 0.00115788623225, -0.00273742550053, 0.00200762250461, -0.00178296829108, 0.00262343673967, -0.00203019729815, 0.0025113618467, -0.00363048166037, 0.00245201052167, -0.00161956402007], [4.33015229646e-05, -0.00118961953558, 0.00242242449895, -0.00202399608679, 0.00155278178863, -0.00219881208614, 0.00132647657301, -0.00193072611, 0.00152970012277, -0.00189583329484, 0.00305165001191, -0.00334074255079, 0.00255877943709], [-0.000180097704288, 0.00115788623225, -0.00202399608679, 0.00395884457976, -0.00187729531899, 0.00174651877023, -0.00117957347538, 0.00260341051035, -0.00243018218316, 0.00188663962763, -0.00337167386897, 0.00248718075454, -0.00383538776077], [-2.75096790574e-05, -0.00273742550053, 0.00155278178863, -0.00187729531899, 0.00670674955472, -0.00273361522704, 0.0023237678688, -0.00556230358779, 0.0019230323378, -0.00312928832136, 0.00373231084086, -0.0031508798711, 0.0024352944456], [-8.87181959115e-05, 0.00200762250461, -0.00219881208614, 0.00174651877023, -0.00273361522704, 0.00804065726697, -0.00476672779769, 0.0038714914117, -0.00345114362426, 0.00126708648168, -0.00330506497994, 0.00249517406337, -0.0030407528393], [8.06277021184e-05, -0.00178296829108, 0.00132647657301, -0.00117957347538, 0.0023237678688, -0.00476672779769, 0.00821437500417, -0.00434689596295, 0.00409726798534, -0.00327394995838, 0.00118857319467, -0.00385484751314, 0.00133621424902], [-0.000390585541027, 0.00262343673967, -0.00193072611, 0.00260341051035, -0.00556230358779, 0.0038714914117, -0.00434689596295, 0.0132025722414, -0.0074629583396, 0.00383445969783, -0.00530513934791, 0.00352183589712, -0.00420530792326], [-0.000101190205896, -0.00203019729815, 0.00152970012277, -0.00243018218316, 0.0019230323378, -0.00345114362426, 0.00409726798534, -0.0074629583396, 0.0119142411277, -0.00573752634227, 0.00477852905169, -0.00419110851362, 0.000861433974933], [-0.000385149556678, 0.0025113618467, -0.00189583329484, 0.00188663962763, -0.00312928832136, 0.00126708648168, -0.00327394995838, 0.00383445969783, -0.00573752634227, 0.015298482962, -0.00652814283967, 0.00341010652483, -0.00313205714338], [0.000126509330585, -0.00363048166037, 0.00305165001191, -0.00337167386897, 0.00373231084086, -0.00330506497994, 0.00118857319467, -0.00530513934791, 0.00477852905169, -0.00652814283967, 0.0171494539827, -0.00751403160393, 0.00472784321755], [-0.000344782747561, 0.00245201052167, -0.00334074255079, 0.00248718075454, -0.0031508798711, 0.00249517406337, -0.00385484751314, 0.00352183589712, -0.00419110851362, 0.00341010652483, -0.00751403160393, 0.0171413626522, -0.00491737481207], [0.00040122307837, -0.00161956402007, 0.00255877943709, -0.00383538776077, 0.0024352944456, -0.0030407528393, 0.00133621424902, -0.00420530792326, 0.000861433974933, -0.00313205714338, 0.00472784321755, -0.00491737481207, 0.0148875527084]]
    },
    "melbands": {
        "dmean": [0.000864437955897, 0.00111698347609, 0.00040079257451, 0.000171969135408, 0.000125831487821, 0.000118564603326, 0.000206629905733, 0.000292270240607, 0.000275555474218, 0.000149798899656, 0.000123864796478, 7.10848762537e-05, 9.63824204518e-05, 8.40550201247e-05, 7.70065016695e-05, 6.58151839161e-05, 4.9082620535e-05, 3.6019635445e-05, 4.08510459238e-05, 3.63973194908e-05, 1.8646756871e-05, 1.79702583409e-05, 2.40453664446e-05, 1.16417741083e-05, 5.31992918695e-06, 8.12810412754e-06, 1.09526617962e-05, 4.6817144721e-06, 2.37571975958e-06, 2.65524249699e-06, 2.74673652711e-06, 2.77609456134e-06, 3.25659470946e-06, 4.70202439828e-06, 4.10345546697e-06, 2.68411599791e-06, 2.28968474403e-06, 1.88197600437e-06, 1.87802402252e-06, 1.65810752151e-06],
        "dmean2": [0.00106960756239, 0.00155239948072, 0.000683101941831, 0.000285695277853, 0.000203951698495, 0.000197172688786, 0.000328617083142, 0.00045588138164, 0.000427661376307, 0.000231444806559, 0.000179800190381, 0.000106572078948, 0.000154046603711, 0.00013545632828, 0.000124848840642, 9.70949840848e-05, 7.24118872313e-05, 5.19585264556e-05, 6.17988116574e-05, 5.35764629603e-05, 2.71406879619e-05, 2.59317603195e-05, 3.74099654437e-05, 1.73528442247e-05, 8.5406272774e-06, 1.23153722598e-05, 1.68868009496e-05, 7.76445722295e-06, 3.79222478841e-06, 4.22900120611e-06, 4.4973335207e-06, 4.43912813353e-06, 5.222632808e-06, 7.49664377508e-06, 6.33878198641e-06, 4.32801653005e-06, 3.78954291591e-06, 3.02911735162e-06, 2.98196641779e-06, 2.68103462986e-06],
        "dvar": [6.09181824984e-06, 1.58401689987e-05, 2.36951518673e-06, 1.13391315892e-07, 4.45913634906e-08, 7.09363376927e-08, 1.78191967848e-07, 4.03234281521e-07, 3.00719307234e-07, 1.08680367816e-07, 6.46264055604e-08, 1.80700201469e-08, 4.8421266996e-08, 7.06048695065e-08, 5.6554554817e-08, 2.18388791495e-08, 1.55348587327e-08, 9.80971748277e-09, 1.18860272735e-08, 8.98580854169e-09, 1.63767333028e-09, 1.13870279872e-09, 2.23562057755e-09, 6.09031103327e-10, 1.2948776773e-10, 2.148148881e-10, 4.81381823292e-10, 1.30682464849e-10, 3.22858927093e-11, 5.76394591778e-11, 5.35359742648e-11, 5.69070311707e-11, 4.23291436624e-11, 8.56176518571e-11, 1.11158207639e-10, 4.5664538123e-11, 2.93496373038e-11, 2.00793114774e-11, 1.25426882422e-11, 1.14253701985e-11],
        "dvar2": [9.24670166569e-06, 3.12961783493e-05, 6.30217846265e-06, 3.2022819596e-07, 1.21791899232e-07, 1.76568462962e-07, 4.26674091614e-07, 9.63201273407e-07, 7.14553948455e-07, 2.48463948083e-07, 1.30410910515e-07, 3.50858861964e-08, 1.21802131048e-07, 1.95338287767e-07, 1.58734579259e-07, 4.64876102058e-08, 3.09240242302e-08, 1.90930364852e-08, 2.71315698797e-08, 1.90998932226e-08, 3.14781467559e-09, 2.30881336272e-09, 5.08615149997e-09, 1.16723786192e-09, 3.36907529652e-10, 4.66461202997e-10, 1.07408304473e-09, 3.41030481632e-10, 7.85107812096e-11, 1.42160144767e-10, 1.32329786018e-10, 1.3812349875e-10, 1.01329611368e-10, 2.1411766804e-10, 2.62838029119e-10, 1.05538820738e-10, 7.47860801065e-11, 5.04678798752e-11, 3.08790076842e-11, 2.69645243633e-11],
        "max": [0.0304854847491, 0.0395275652409, 0.0128029352054, 0.00482361996546, 0.00240759528242, 0.00454500503838, 0.00525542162359, 0.00814155489206, 0.00547694088891, 0.00481956126168, 0.00526056764647, 0.00229352037422, 0.00403517950326, 0.00436928868294, 0.00344429560937, 0.00207919976674, 0.00149614887778, 0.00196004589088, 0.00208704778925, 0.00148760352749, 0.000897973950487, 0.000476338726003, 0.000588583934586, 0.000516933156177, 0.00017700715398, 0.000202048366191, 0.000258238898823, 0.000144056830322, 6.22088628006e-05, 0.000120811993838, 7.78950343374e-05, 0.000131918946863, 7.05133861629e-05, 0.000120433986012, 0.000183624171768, 0.000125903578009, 6.79046715959e-05, 6.64728213451e-05, 3.76903735742e-05, 3.8172762288e-05],
        "mean": [0.00191967037972, 0.00157500139903, 0.000363595085219, 0.000252314697718, 0.000245535629801, 0.000217300228542, 0.000295204343274, 0.000449195911642, 0.000363690167433, 0.000235965388129, 0.000231874888414, 0.000123656718642, 0.00015050143702, 0.000107917854621, 9.87435632851e-05, 9.94201691356e-05, 8.42376175569e-05, 5.47868839931e-05, 6.86918720021e-05, 6.31927032373e-05, 3.35565309797e-05, 3.26933150063e-05, 4.1020099161e-05, 2.14500450966e-05, 8.33546346257e-06, 1.37152510433e-05, 1.73919925146e-05, 6.20677519692e-06, 3.36745529239e-06, 3.51623316419e-06, 3.10719860863e-06, 3.453952786e-06, 4.89228887091e-06, 6.25421625955e-06, 5.54311509404e-06, 3.45451780959e-06, 2.60378351413e-06, 2.44798093263e-06, 2.54496853813e-06, 2.12848544834e-06],
        "median": [0.00139695429243, 0.000302819709759, 0.000100137192931, 0.00013218964159, 0.000130443644593, 0.000104283324617, 0.000123402627651, 0.000159864983289, 0.00011866899149, 8.16682586446e-05, 8.64769754116e-05, 5.40524051758e-05, 6.11074719927e-05, 3.78808654204e-05, 2.45351275225e-05, 2.51241399383e-05, 1.3445541299e-05, 1.02185040305e-05, 1.28714555103e-05, 1.24348362078e-05, 9.56714848144e-06, 1.03547336039e-05, 1.0018944522e-05, 5.29197131982e-06, 3.42075190929e-06, 5.73069019083e-06, 7.01490534993e-06, 1.88180160876e-06, 7.62792012665e-07, 6.60960722598e-07, 6.58784074403e-07, 8.2902027998e-07, 1.72930515419e-06, 2.20685888053e-06, 1.28417048018e-06, 4.95704171044e-07, 3.9899236981e-07, 8.31425325032e-07, 9.03630564153e-07, 5.49004710138e-07],
        "min": [3.31099279938e-11, 2.12831113844e-10, 3.33626779536e-08, 1.30418911226e-07, 9.0999900948e-09, 1.06469162375e-08, 3.580744945e-08, 1.22068994912e-08, 2.66021686457e-07, 2.1663677785e-07, 1.24120973055e-07, 9.20865161902e-08, 1.06205597206e-07, 1.04767053699e-07, 1.2018375628e-07, 6.6475323024e-08, 3.58163987357e-08, 7.1346160091e-09, 2.60997290447e-09, 8.16990475272e-09, 1.27997656918e-08, 1.12101998795e-08, 4.92535523477e-09, 2.12920014953e-09, 2.56764876028e-09, 6.1216249847e-09, 3.71318420456e-09, 1.21696741573e-09, 1.28153557211e-10, 4.83926898553e-10, 2.20067061796e-10, 1.19739038129e-10, 9.23039089606e-10, 7.82488407403e-10, 4.81500672667e-10, 1.37306149523e-12, 2.39171659908e-12, 2.4098956164e-10, 4.35884800476e-10, 3.49640344455e-10],
