{
"highlevel": {
    "danceability": {
        "all": {
            "danceable": 0.999997675419,
            "not_danceable": 2.33947662309e-06
        },
        "probability": 0.999997675419,
        "value": "danceable"
    },
    "gender": {
        "all": {
            "female": 0.181595847011,
            "male": 0.818404138088
        },
        "probability": 0.818404138088,
        "value": "male"
    },
    "genre_dortmund": {
        "all": {
            "alternative": 0.0425164066255,
            "blues": 0.0328518785536,
            "electronic": 0.308045119047,
            "folkcountry": 0.0164865124971,
            "funksoulrnb": 0.0330718420446,
            "jazz": 0.0542877390981,
            "pop": 0.075869217515,
            "raphiphop": 0.288860678673,
            "rock": 0.148010611534
        },
        "probability": 0.308045119047,
        "value": "electronic"
    },
    "genre_electronic": {
        "all": {
            "ambient": 0.0223802048713,
            "dnb": 0.923516690731,
            "house": 0.00426221219823,
            "techno": 0.00361685431562,
            "trance": 0.0462240353227
        },
        "probability": 0.923516690731,
        "value": "dnb"
    },
    "genre_rosamerica": {
        "all": {
            "cla": 0.000426790298661,
            "dan": 0.821197748184,
            "hip": 0.0749243199825,
            "jaz": 0.000804808631074,
            "pop": 0.0529181137681,
            "rhy": 0.00400163978338,
            "roc": 0.0453394763172,
            "spe": 0.000387102540117
        },
        "probability": 0.821197748184,
        "value": "dan"
    },
    "genre_tzanetakis": {
        "all": {
            "blu": 0.0626541376114,
            "cla": 0.0348133966327,
            "cou": 0.0783501937985,
            "dis": 0.104547761381,
            "hip": 0.15693578124,
            "jaz": 0.313987255096,
            "met": 0.044816005975,
            "pop": 0.0627349764109,
            "reg": 0.0627352520823,
            "roc": 0.0784252434969
        },
        "probability": 0.313987255096,
        "value": "jaz"
    },
    "ismir04_rhythm": {
        "all": {
            "ChaChaCha": 0.0116251967847,
            "Jive": 0.0347941070795,
            "Quickstep": 0.0322783328593,
            "Rumba-American": 0.00619614776224,
            "Rumba-International": 0.016807962209,
            "Rumba-Misc": 0.0032435792964,
            "Samba": 0.885163128376,
            "Tango": 0.0030714480672,
            "VienneseWaltz": 0.00433632126078,
            "Waltz": 0.00248378817923
        },
        "probability": 0.885163128376,
        "value": "Samba"
    },
    "mood_acoustic": {
        "all": {
            "acoustic": 3.61638484492e-07,
            "not_acoustic": 0.999999642372
        },
        "probability": 0.999999642372,
        "value": "not_acoustic"
    },
    "mood_aggressive": {
        "all": {
            "aggressive": 0.939332485199,
            "not_aggressive": 0.0606675408781
        },
        "probability": 0.939332485199,
        "value": "aggressive"
    },
    "mood_electronic": {
        "all": {
            "electronic": 0.793269634247,
            "not_electronic": 0.206730395555
        },
        "probability": 0.793269634247,
        "value": "electronic"
    },
    "mood_happy": {
        "all": {
            "happy": 0.869074583054,
            "not_happy": 0.130925431848
        },
        "probability": 0.869074583054,
        "value": "happy"
    },
    "mood_party": {
        "all": {
            "not_party": 0.165671467781,
            "party": 0.834328532219
        },
        "probability": 0.834328532219,
        "value": "party"
    },
    "mood_relaxed": {
        "all": {
            "not_relaxed": 0.955483198166,
            "relaxed": 0.0445167869329
        },
        "probability": 0.955483198166,
        "value": "not_relaxed"
    },
    "mood_sad": {
        "all": {
            "not_sad": 0.956953763962,
            "sad": 0.0430462583899
        },
        "probability": 0.956953763962,
        "value": "not_sad"
    },
    "moods_mirex": {
        "all": {
            "Cluster1": 0.127072796226,
            "Cluster2": 0.0151696391404,
            "Cluster3": 0.0254605058581,
            "Cluster4": 0.0327818803489,
            "Cluster5": 0.79951518774
        },
        "probability": 0.79951518774,
        "value": "Cluster5"
    },
    "timbre": {
        "all": {
            "bright": 0.415007561445,
            "dark": 0.584992468357
        },
        "probability": 0.584992468357,
        "value": "dark"
    },
    "tonal_atonal": {
        "all": {
            "atonal": 0.076132029295,
            "tonal": 0.923867940903
        },
        "probability": 0.923867940903,
        "value": "tonal"
    },
    "voice_instrumental": {
        "all": {
            "instrumental": 0.051818035543,
            "voice": 0.948181986809
        },
        "probability": 0.948181986809,
        "value": "voice"
    }
},
"lowlevel": {
    "average_loudness": 0.984439730644,
    "barkbands_crest": {
        "dmean": 3.47079205513,
        "dmean2": 5.40695333481,
        "dvar": 12.0400657654,
        "dvar2": 28.5692234039,
        "max": 25.8520832062,
        "mean": 15.7739400864,
        "median": 15.4586305618,
        "min": 3.62930727005,
        "var": 27.5142192841
    },
    "barkbands_flatness_db": {
        "dmean": 0.0313462615013,
        "dmean2": 0.050841588527,
        "dvar": 0.00093218695838,
        "dvar2": 0.00255243550055,
        "max": 0.30344492197,
        "mean": 0.157052904367,
        "median": 0.153226777911,
        "min": 0.0485355779529,
        "var": 0.00203431490809
    },
    "barkbands_kurtosis": {
        "dmean": 6.29270553589,
        "dmean2": 10.7063856125,
        "dvar": 90.0789260864,
        "dvar2": 257.287872314,
        "max": 104.51411438,
        "mean": 6.87129020691,
        "median": 2.70614051819,
        "min": -1.75363731384,
        "var": 117.585868835
    },
    "barkbands_skewness": {
        "dmean": 0.979702293873,
        "dmean2": 1.61093664169,
        "dvar": 1.06536710262,
        "dvar2": 2.93953418732,
        "max": 9.61120319366,
        "mean": 2.2666349411,
        "median": 1.85539281368,
        "min": -0.748544275761,
        "var": 2.12252092361
    },
    "barkbands_spread": {
        "dmean": 8.64209461212,
        "dmean2": 13.8212518692,
        "dvar": 71.0554580688,
        "dvar2": 177.703598022,
        "max": 97.8641204834,
        "mean": 27.1313323975,
        "median": 26.3463115692,
        "min": 1.98010253906,
        "var": 203.597305298
    },
    "dissonance": {
        "dmean": 0.0152762755752,
        "dmean2": 0.0258485302329,
        "dvar": 0.000216790911509,
        "dvar2": 0.000616279314272,
        "max": 0.499553531408,
        "mean": 0.47413444519,
        "median": 0.479349911213,
        "min": 0.338476806879,
        "var": 0.000406422506785
    },
    "dynamic_complexity": 1.32490158081,
    "erbbands_crest": {
        "dmean": 2.93083310127,
        "dmean2": 4.67036247253,
        "dvar": 7.81732606888,
        "dvar2": 18.2368431091,
        "max": 28.6219673157,
        "mean": 8.81731510162,
        "median": 7.25245714188,
        "min": 2.18139266968,
        "var": 26.1671104431
    },
    "erbbands_flatness_db": {
        "dmean": 0.0164511818439,
        "dmean2": 0.0237725730985,
        "dvar": 0.000253270583926,
        "dvar2": 0.000485242140712,
        "max": 0.263073682785,
        "mean": 0.122704975307,
        "median": 0.116633303463,
        "min": 0.0598420463502,
        "var": 0.00116158626042
    },
    "erbbands_kurtosis": {
        "dmean": 0.985472977161,
        "dmean2": 1.49811851978,
        "dvar": 2.09648418427,
        "dvar2": 4.83851718903,
        "max": 17.0193462372,
        "mean": 0.493064880371,
        "median": -0.103892326355,
        "min": -1.65252530575,
        "var": 4.66567516327
    },
    "erbbands_skewness": {
        "dmean": 0.365285485983,
        "dmean2": 0.536922097206,
        "dvar": 0.0984446853399,
        "dvar2": 0.213863998652,
        "max": 3.58530926704,
        "mean": 0.058463152498,
        "median": -0.0165381301194,
        "min": -2.20613026619,
        "var": 0.452583909035
    },
    "erbbands_spread": {
        "dmean": 11.8739528656,
        "dmean2": 18.3200759888,
        "dvar": 139.285888672,
        "dvar2": 320.419830322,
        "max": 136.496932983,
        "mean": 46.2325668335,
        "median": 43.3901405334,
        "min": 4.35934972763,
        "var": 454.81463623
    },
    "hfc": {
        "dmean": 9.86238479614,
        "dmean2": 14.05991745,
        "dvar": 103.766838074,
        "dvar2": 192.535964966,
        "max": 111.651153564,
        "mean": 36.3946838379,
        "median": 33.3088035583,
        "min": 5.5530424118,
        "var": 291.378356934
    },
    "melbands_crest": {
        "dmean": 4.31922674179,
        "dmean2": 7.06441307068,
        "dvar": 19.3345108032,
        "dvar2": 52.7196807861,
        "max": 34.9188804626,
        "mean": 23.3284454346,
        "median": 24.1321792603,
        "min": 6.36768102646,
        "var": 30.9507198334
    },
    "melbands_flatness_db": {
        "dmean": 0.0381514914334,
        "dmean2": 0.0628991946578,
        "dvar": 0.00148640549742,
        "dvar2": 0.00405409000814,
        "max": 0.391110539436,
        "mean": 0.215481176972,
        "median": 0.209636777639,
        "min": 0.0748724266887,
        "var": 0.00320779415779
    },
    "melbands_kurtosis": {
        "dmean": 22.4589538574,
        "dmean2": 38.1753158569,
        "dvar": 1143.50024414,
        "dvar2": 3247.0715332,
        "max": 313.494537354,
        "mean": 30.6837272644,
        "median": 15.5020217896,
        "min": -1.76032459736,
        "var": 1637.53271484
    },
    "melbands_skewness": {
        "dmean": 1.62070500851,
        "dmean2": 2.66833376884,
        "dvar": 3.01240921021,
        "dvar2": 8.04962730408,
        "max": 15.7218990326,
        "mean": 4.29811429977,
        "median": 3.61305761337,
        "min": -0.0592426173389,
        "var": 6.51296043396
    },
    "melbands_spread": {
        "dmean": 8.26718235016,
        "dmean2": 13.6376266479,
        "dvar": 71.420173645,
        "dvar2": 185.168441772,
        "max": 68.748046875,
        "mean": 20.0766410828,
        "median": 18.1607017517,
        "min": 1.22244083881,
        "var": 158.5677948
    },
    "pitch_salience": {
        "dmean": 0.0982577800751,
        "dmean2": 0.160524338484,
        "dvar": 0.00910984911025,
        "dvar2": 0.0231161415577,
        "max": 0.798403799534,
        "mean": 0.368546336889,
        "median": 0.37514090538,
        "min": 0.0665347576141,
        "var": 0.0165276620537
    },
    "silence_rate_20dB": {
        "dmean": 0,
        "dmean2": 0,
        "dvar": 0,
        "dvar2": 0,
        "max": 1,
        "mean": 1,
        "median": 1,
        "min": 1,
        "var": 0
    },
    "silence_rate_30dB": {
        "dmean": 0.159442722797,
        "dmean2": 0.318357855082,
        "dvar": 0.134020298719,
        "dvar2": 0.268126815557,
        "max": 1,
        "mean": 0.748646557331,
        "median": 1,
        "min": 0,
        "var": 0.188172146678
    },
    "silence_rate_60dB": {
        "dmean": 0,
        "dmean2": 0,
        "dvar": 0,
        "dvar2": 0,
        "max": 0,
        "mean": 0,
        "median": 0,
        "min": 0,
        "var": 0
    },
    "spectral_centroid": {
        "dmean": 323.410125732,
        "dmean2": 492.325073242,
        "dvar": 88610.7890625,
        "dvar2": 205718.625,
        "max": 4272.49316406,
        "mean": 1814.58972168,
        "median": 1793.34643555,
        "min": 477.847595215,
        "var": 300118.78125
    },
    "spectral_complexity": {
        "dmean": 5.17801856995,
        "dmean2": 7.46475601196,
        "dvar": 24.0255947113,
        "dvar2": 43.948009491,
        "max": 60,
        "mean": 27.021654129,
        "median": 25,
        "min": 8,
        "var": 90.8038711548
    },
    "spectral_decrease": {
        "dmean": 9.33231003586e-09,
        "dmean2": 1.58242325909e-08,
        "dvar": 1.3877290176e-16,
        "dvar2": 4.10550040331e-16,
        "max": -1.41400036124e-09,
        "mean": -1.98691445519e-08,
        "median": -1.49778021097e-08,
        "min": -7.5311085368e-08,
        "var": 1.65447464811e-16
    },
    "spectral_energy": {
        "dmean": 0.0356944128871,
        "dmean2": 0.0603647977114,
        "dvar": 0.0019918975886,
        "dvar2": 0.00588509300724,
        "max": 0.288315325975,
        "mean": 0.0782918184996,
        "median": 0.0602618455887,
        "min": 0.00707470579073,
        "var": 0.00238668289967
    },
    "spectral_energyband_high": {
        "dmean": 0.000820303743239,
        "dmean2": 0.00109738740139,
        "dvar": 9.67154960563e-07,
        "dvar2": 1.73744751919e-06,
        "max": 0.0124388765544,
        "mean": 0.00210416223854,
        "median": 0.0015499740839,
        "min": 7.06971623003e-05,
        "var": 3.21821471516e-06
    },
    "spectral_energyband_low": {
        "dmean": 0.0342842675745,
        "dmean2": 0.0594617500901,
        "dvar": 0.00221835565753,
        "dvar2": 0.00657569244504,
        "max": 0.269087255001,
        "mean": 0.0581800118089,
        "median": 0.0382765978575,
        "min": 0.0013112857705,
        "var": 0.00238812039606
    },
    "spectral_energyband_middle_high": {
        "dmean": 0.00275242025964,
        "dmean2": 0.00407697167248,
        "dvar": 9.43932809605e-06,
        "dvar2": 1.90119953913e-05,
        "max": 0.0431078746915,
        "mean": 0.00785473268479,
        "median": 0.00636870181188,
        "min": 0.000859906198457,
        "var": 3.29370013787e-05
    },
    "spectral_energyband_middle_low": {
        "dmean": 0.00642515625805,
        "dmean2": 0.01054580044,
        "dvar": 8.67316048243e-05,
        "dvar2": 0.000232705308008,
        "max": 0.0727602913976,
        "mean": 0.0109721524641,
        "median": 0.00727206747979,
        "min": 0.000783079711255,
        "var": 0.00010606336582
    },
    "spectral_entropy": {
        "dmean": 0.13304515183,
        "dmean2": 0.194740340114,
        "dvar": 0.0137556800619,
        "dvar2": 0.0287146791816,
        "max": 8.5837392807,
        "mean": 7.91357851028,
        "median": 7.9350605011,
        "min": 6.97325944901,
        "var": 0.0738912671804
    },
    "spectral_flux": {
        "dmean": 0.0539888329804,
        "dmean2": 0.0826921164989,
        "dvar": 0.00363623606972,
        "dvar2": 0.00787924975157,
        "max": 0.45488512516,
        "mean": 0.141409307718,
        "median": 0.110126428306,
        "min": 0.031691595912,
        "var": 0.00708489445969
    },
    "spectral_kurtosis": {
        "dmean": 0.800333678722,
        "dmean2": 1.28695225716,
        "dvar": 0.599465489388,
        "dvar2": 1.55513381958,
        "max": 9.70482635498,
        "mean": 2.39232420921,
        "median": 2.19189214706,
        "min": -0.68243265152,
        "var": 1.71906650066
    },
    "spectral_rms": {
        "dmean": 0.00185920728836,
        "dmean2": 0.00308496365324,
        "dvar": 4.41163911091e-06,
        "dvar2": 1.26179156723e-05,
        "max": 0.0167715009302,
        "mean": 0.00838116463274,
        "median": 0.0076675969176,
        "min": 0.00262719462626,
        "var": 6.13839483776e-06
    },
    "spectral_rolloff": {
        "dmean": 589.147216797,
        "dmean2": 1014.12982178,
        "dvar": 804639.1875,
        "dvar2": 1989990.375,
        "max": 11304.9316406,
        "mean": 1015.29101562,
        "median": 732.12890625,
        "min": 64.599609375,
        "var": 1207362.875
    },
    "spectral_skewness": {
        "dmean": 0.159480631351,
        "dmean2": 0.244405090809,
        "dvar": 0.016878053546,
        "dvar2": 0.0418044179678,
        "max": 2.23293495178,
        "mean": 1.19542717934,
        "median": 1.18964469433,
        "min": 0.230983108282,
        "var": 0.0696127340198
    },
    "spectral_spread": {
        "dmean": 547791.125,
        "dmean2": 777849.9375,
        "dvar": 301642514432,
        "dvar2": 562484019200,
        "max": 10894342,
        "mean": 5328060,
        "median": 5222170,
        "min": 3027443.75,
        "var": 1.5147213783e+12
    },
    "spectral_strongpeak": {
        "dmean": 0.347841233015,
        "dmean2": 0.635547399521,
        "dvar": 0.860455095768,
        "dvar2": 2.26226782799,
        "max": 11.7749128342,
        "mean": 0.569421589375,
        "median": 0.38889965415,
        "min": 0,
        "var": 0.657011926174
    },
    "zerocrossingrate": {
        "dmean": 0.0109727224335,
        "dmean2": 0.0138999409974,
        "dvar": 0.000107888532511,
        "dvar2": 0.000160072610015,
        "max": 0.2705078125,
        "mean": 0.051329575479,
        "median": 0.04833984375,
        "min": 0.005859375,
        "var": 0.000584511086345
    },
    "barkbands": {
        "dmean": [0.00137882155832, 0.0278704408556, 0.00815151166171, 0.00124904175755, 0.00192325050011, 0.00226069428027, 0.000597950187512, 0.000745908415411, 0.00135159364436, 0.000630550261121, 0.000816039741039, 0.000473266496556, 0.000608527450822, 0.000769547245, 0.00066593074007, 0.000288066192297, 0.00030369948945, 0.000262358807959, 0.000242410431383, 0.000208336670767, 0.000230064004427, 0.000205762335099, 0.000175301189302, 0.000180433125934, 0.000104529455712, 4.34288995166e-05, 5.31697033068e-08],
        "dmean2": [0.00224583828822, 0.0464763492346, 0.0148076815531, 0.00214968272485, 0.0033016090747, 0.00397032406181, 0.000953851209488, 0.00113020511344, 0.00203543552198, 0.000945424602833, 0.00121635792311, 0.000730193802156, 0.000947839405853, 0.00116645195521, 0.00110078707803, 0.00048432033509, 0.000494904117659, 0.000427651451901, 0.000368066044757, 0.000312483200105, 0.000337636942277, 0.000307581241941, 0.000256064813584, 0.000256364437519, 0.000154177265358, 6.6653592512e-05, 9.46494651544e-08],
        "dvar": [2.85685541712e-06, 0.0013216715306, 0.000477084540762, 4.39351833847e-06, 1.23864301713e-05, 1.98454217752e-05, 1.32630816552e-06, 4.36942809756e-06, 7.87754561316e-06, 1.549253966e-06, 2.47844036494e-06, 8.07493336197e-07, 1.32740535719e-06, 3.07482787321e-06, 9.52493508066e-07, 2.14647059238e-07, 1.61185894854e-07, 1.11927214164e-07, 8.32485369529e-08, 7.08993326271e-08, 1.02131131996e-07, 5.65409301601e-08, 5.76761323146e-08, 7.22633330952e-08, 2.52014569213e-08, 5.2648903015e-09, 4.28443664281e-14],
        "dvar2": [7.9272331277e-06, 0.0035061459057, 0.00130174553487, 1.11216331788e-05, 3.31816299877e-05, 5.43166897842e-05, 3.16084901897e-06, 9.3191911219e-06, 1.79202215804e-05, 3.11920916829e-06, 5.19153218193e-06, 1.71245335423e-06, 2.87501234197e-06, 6.28261113889e-06, 2.41307157012e-06, 5.98601388901e-07, 3.61746714361e-07, 2.84891342517e-07, 1.93562541995e-07, 1.56941709406e-07, 2.23225384843e-07, 1.18569836616e-07, 1.22396599522e-07, 1.34348923098e-07, 5.2440970677e-08, 1.2070191957e-08, 8.16493818086e-14],
        "max": [0.0166506301612, 0.217782184482, 0.117571823299, 0.0142834950238, 0.0254746805876, 0.0431884862483, 0.0148689346388, 0.0357294455171, 0.0469116866589, 0.0228104908019, 0.0236607268453, 0.0167145133018, 0.0199324190617, 0.0270825028419, 0.0101427454501, 0.00655210856348, 0.00736929569393, 0.00411411095411, 0.00514864642173, 0.00368474936113, 0.00431867036968, 0.00313594099134, 0.00314835272729, 0.00505776610225, 0.00189235364087, 0.00140172231477, 5.25871155332e-06],
        "mean": [0.00355468643829, 0.048254199326, 0.00581388967112, 0.00125627208035, 0.00203831214458, 0.00247324933298, 0.000816439976916, 0.00131622783374, 0.00245902035385, 0.000955748255365, 0.00125574634876, 0.000718586088624, 0.000937498291023, 0.00117063231301, 0.000978549825959, 0.000440289877588, 0.000570108357351, 0.000453401153209, 0.000495745916851, 0.000447195023298, 0.000460163719254, 0.000448872306151, 0.000335591408657, 0.000356735399691, 0.000208221084904, 7.64928481658e-05, 3.51328814929e-08],
        "median": [0.00209256820381, 0.0321598947048, 0.000890272436664, 0.000490880920552, 0.000767381745391, 0.000957953976467, 0.00034295138903, 0.0002411489113, 0.000891791598406, 0.000277407438261, 0.000415157526731, 0.000295783713227, 0.000454736000393, 0.000460060779005, 0.000489077647217, 0.000257563980995, 0.000411460729083, 0.000305522291455, 0.000366099789971, 0.000286581111141, 0.000308827526169, 0.000333059055265, 0.000210933299968, 0.000218019107706, 0.0001296295668, 4.11592482124e-05, 1.61773883178e-09],
        "min": [1.55202826591e-06, 0.000528756238054, 8.29838427308e-06, 7.47724834582e-06, 2.64171740127e-05, 2.72221295745e-05, 5.53176232643e-06, 5.29564795215e-06, 3.04076202156e-05, 4.4361122491e-06, 8.50372180139e-06, 9.65808703768e-06, 2.1464911697e-05, 2.53426460404e-05, 1.43644865602e-05, 2.70200671366e-05, 3.97316362069e-05, 1.63084587257e-05, 4.28022067354e-05, 1.66334793903e-05, 1.85729441e-05, 9.90482021734e-06, 4.18202444052e-06, 4.45132991445e-06, 8.86283757495e-08, 5.57963675263e-11, 1.38004382227e-11],
        "var": [1.50150790432e-05, 0.00178018084262, 0.000307468144456, 4.11523160437e-06, 1.09476059151e-05, 1.67421367223e-05, 2.25819462685e-06, 1.59965456987e-05, 1.97750669031e-05, 3.92790661863e-06, 5.28505279362e-06, 1.60896001944e-06, 2.51435562859e-06, 6.32622231933e-06, 1.47299999753e-06, 3.08819039674e-07, 2.91192833402e-07, 2.02350463496e-07, 1.85367653671e-07, 1.99377765853e-07, 2.21950401169e-07, 1.56081298996e-07, 1.43313073409e-07, 2.12674152067e-07, 5.7906657247e-08, 1.12148050846e-08, 3.48663901028e-14]
    },
    "erbbands": {
        "dmean": [0.990286827087, 5.87676620483, 10.0127887726, 6.05731391907, 4.25993061066, 6.71918678284, 15.3152675629, 17.9653949738, 10.4503660202, 9.94885540009, 20.4588127136, 32.6769104004, 26.3463497162, 16.3890647888, 29.2960910797, 19.6369991302, 26.26953125, 40.9672966003, 28.5993881226, 30.735212326, 13.8933553696, 13.9833288193, 12.8861522675, 14.8751583099, 10.2378530502, 9.72266197205, 11.0747966766, 7.31200504303, 7.89328765869, 6.74076938629, 4.70859479904, 3.9588971138, 3.01321482658, 1.46560978889, 0.697522878647, 0.293320953846, 0.0733787342906, 0.00551792560145, 0.000110340493848, 4.26152982982e-05],
        "dmean2": [1.56554150581, 10.0055055618, 18.2442207336, 10.5791778564, 7.39153671265, 11.5874023438, 27.4397792816, 31.4944801331, 17.4040699005, 15.8194742203, 30.3927726746, 50.0571098328, 39.4394454956, 25.0402641296, 43.6988258362, 30.0631923676, 40.8373031616, 61.081905365, 46.1862640381, 52.0422210693, 22.8079395294, 22.1986713409, 20.4850997925, 23.4038124084, 15.5089893341, 14.6861448288, 16.2661457062, 10.8099975586, 11.9005489349, 10.190820694, 6.79507637024, 5.57436227798, 4.42570161819, 2.19171476364, 1.06583821774, 0.451847702265, 0.116263605654, 0.00893090292811, 0.000170083454577, 7.08042425686e-05],
        "dvar": [1.72716927528, 68.8065948486, 645.717895508, 169.597213745, 66.5091018677, 167.030929565, 1252.45874023, 1135.61535645, 414.941375732, 415.476959229, 3272.68115234, 5902.34667969, 2614.93334961, 741.287475586, 2956.82104492, 1274.31835938, 2485.92407227, 10014.4238281, 2234.28515625, 2748.42456055, 384.940826416, 366.126434326, 188.601791382, 470.096038818, 139.790267944, 155.147476196, 280.140655518, 89.6712417603, 88.3432312012, 68.3715133667, 43.5594329834, 31.6908988953, 25.4360733032, 5.31660461426, 1.03579461575, 0.242878496647, 0.0144239980727, 8.68385905051e-05, 2.78950942345e-08, 2.42450970411e-09],
        "dvar2": [4.38141393661, 198.430358887, 1819.81628418, 450.995300293, 183.228607178, 440.356445312, 3450.11889648, 3051.11645508, 1014.58422852, 933.066589355, 6934.47949219, 13492.9345703, 5460.05517578, 1577.78967285, 6069.68994141, 2711.79736328, 5381.64941406, 20082.5800781, 6009.390625, 6895.52294922, 942.513366699, 810.934326172, 442.834899902, 1231.31567383, 316.049285889, 344.40713501, 643.214782715, 187.563964844, 184.17640686, 147.547363281, 94.880065918, 64.8833465576, 50.6879234314, 10.7216281891, 2.23352646828, 0.584652662277, 0.0334684439003, 0.000206821583561, 6.21582501026e-08, 6.98073598926e-09],
        "max": [8.5876865387, 48.1490402222, 139.090499878, 75.1016616821, 71.5470046997, 104.153991699, 300.823059082, 288.377655029, 351.582672119, 417.014556885, 981.95892334, 1417.40063477, 960.539245605, 426.064727783, 804.748474121, 611.126831055, 954.450744629, 1766.52124023, 690.256835938, 503.336364746, 338.078704834, 487.425170898, 131.938262939, 282.331970215, 179.905807495, 186.900344849, 257.458892822, 124.141876221, 117.739723206, 97.0440063477, 84.5543365479, 103.286300659, 99.3086624146, 32.8027572632, 17.5220108032, 9.66452407837, 1.94348788261, 0.108498930931, 0.00185020500794, 0.000331063463818],
        "mean": [1.80844080448, 9.12114906311, 8.60391330719, 5.31751251221, 4.88448762894, 6.62738513947, 14.1385660172, 19.9144802094, 13.7431755066, 14.2538728714, 40.3305473328, 61.3953094482, 43.8620414734, 27.0606803894, 46.3917961121, 33.8159255981, 44.2062835693, 65.0307846069, 44.3229675293, 46.1919708252, 25.7606678009, 28.5489234924, 26.0168361664, 27.1614437103, 23.0882358551, 21.2227401733, 21.1681594849, 15.7755022049, 16.2624874115, 13.9301071167, 8.70822715759, 7.58030033112, 5.63767242432, 2.7475039959, 1.27643918991, 0.471017539501, 0.125877007842, 0.00810726545751, 0.000219730383833, 0.000103063459392],
        "median": [1.33746337891, 6.19209241867, 2.92568707466, 1.72186875343, 2.04714632034, 2.41565942764, 4.35107469559, 7.77397108078, 5.16291809082, 6.48001050949, 9.0414276123, 22.4569911957, 15.3575162888, 15.9313688278, 17.9551544189, 17.2220439911, 23.4932155609, 24.3534984589, 22.6074676514, 23.7432193756, 16.8348140717, 21.9155445099, 19.9898681641, 18.0806045532, 16.8028964996, 13.8823642731, 13.0601758957, 11.5105142593, 11.5906400681, 9.99442577362, 5.19937610626, 4.78856468201, 3.22837042809, 1.6589422226, 0.765374541283, 0.265409916639, 0.0662802010775, 0.00327101140283, 0.000135229944135, 8.49884600029e-05],
        "min": [0.0127797238529, 0.11716786772, 0.179850921035, 0.103162959218, 0.0830233171582, 0.107811629772, 0.147087588906, 0.228008672595, 0.258307278156, 0.276065319777, 0.514757037163, 0.854398965836, 0.379229575396, 0.293383419514, 0.471768081188, 0.838503837585, 1.30480968952, 1.24281716347, 1.27554833889, 1.32186162472, 2.05116510391, 2.0986635685, 1.23892486095, 0.997124671936, 2.3038725853, 1.19285655022, 0.77661138773, 1.0187869072, 0.325850635767, 0.306282997131, 0.0985643491149, 0.148829385638, 0.0176152456552, 0.00221130577847, 0.00033768452704, 4.43256467406e-05, 1.46042002598e-05, 1.91177082343e-06, 8.02078466222e-06, 1.39076073538e-05],
        "var": [2.23674511909, 86.5661621094, 418.229034424, 123.914283752, 58.3905105591, 144.621063232, 1005.76312256, 1031.11413574, 745.586791992, 720.150146484, 12180.4033203, 14148.90625, 6758.28076172, 1357.36096191, 6172.08691406, 2554.47827148, 4665.32568359, 23126.8964844, 3560.44750977, 4159.17382812, 735.696289062, 749.01965332, 430.868377686, 778.103515625, 379.633026123, 425.00213623, 566.172485352, 212.942047119, 223.96635437, 173.929855347, 102.800056458, 86.6577453613, 63.7513275146, 11.2875404358, 2.47989439964, 0.446459710598, 0.0304528661072, 0.000155112691573, 6.03563421464e-08, 3.1148741364e-09]
    },
    "gfcc": {
        "mean": [63.0819549561, 72.5712890625, -109.699935913, 51.4323883057, -51.3814544678, 37.7853965759, -26.945608139, 23.779094696, -15.2562389374, 14.8810920715, -10.2972040176, 6.76515817642, -5.80298233032],
        "cov": [[878.821899414, -228.058456421, 108.357902527, -17.171497345, -128.714202881, -20.7878551483, -147.934234619, -46.989074707, -104.825439453, 7.28351593018, -84.9456787109, 26.4170761108, -17.2725982666], [-228.058456421, 435.911682129, -148.109405518, -57.1498413086, 68.5531082153, -50.1515426636, 92.7813644409, -37.677028656, 39.245464325, -57.5990829468, 37.1539955139, -55.5433692932, 14.7634859085], [108.357902527, -148.109405518, 395.690429688, 112.884918213, -58.7264175415, -16.7359447479, -73.6275863647, 4.22760677338, -43.3302574158, 16.5711936951, -25.6651210785, -8.42073726654, -21.0523204803], [-17.171497345, -57.1498413086, 112.884918213, 207.845123291, 0.455783039331, -45.3348503113, -76.6525650024, -19.4344787598, 16.9804096222, -10.279914856, 19.0081329346, -15.9719486237, 36.772403717], [-128.714202881, 68.5531082153, -58.7264175415, 0.455783039331, 160.047775269, 38.6692276001, 57.7385787964, -10.2057695389, 12.9599580765, -2.353079319, 15.5053787231, 16.2766342163, -7.46473360062], [-20.7878551483, -50.1515426636, -16.7359447479, -45.3348503113, 38.6692276001, 173.460617065, 78.1819610596, 25.9085597992, 6.43464231491, -16.0807781219, 13.7910261154, 9.91947460175, -8.18338298798], [-147.934234619, 92.7813644409, -73.6275863647, -76.6525650024, 57.7385787964, 78.1819610596, 188.390899658, 63.4432754517, 40.5097770691, -9.4353427887, 6.97261762619, -8.23201560974, -22.6643428802], [-46.989074707, -37.677028656, 4.22760677338, -19.4344787598, -10.2057695389, 25.9085597992, 63.4432754517, 117.500808716, 54.7347679138, 5.81838703156, -11.2264175415, -14.8163938522, 3.30074644089], [-104.825439453, 39.245464325, -43.3302574158, 16.9804096222, 12.9599580765, 6.43464231491, 40.5097770691, 54.7347679138, 102.392631531, 14.7459897995, 15.0264816284, -18.9401702881, 12.9398298264], [7.28351593018, -57.5990829468, 16.5711936951, -10.279914856, -2.353079319, -16.0807781219, -9.4353427887, 5.81838703156, 14.7459897995, 78.356803894, 15.9221200943, 5.62467479706, -16.2799491882], [-84.9456787109, 37.1539955139, -25.6651210785, 19.0081329346, 15.5053787231, 13.7910261154, 6.97261762619, -11.2264175415, 15.0264816284, 15.9221200943, 73.9094696045, 12.8301610947, 11.5920124054], [26.4170761108, -55.5433692932, -8.42073726654, -15.9719486237, 16.2766342163, 9.91947460175, -8.23201560974, -14.8163938522, -18.9401702881, 5.62467479706, 12.8301610947, 70.0348205566, 9.47854709625], [-17.2725982666, 14.7634859085, -21.0523204803, 36.772403717, -7.46473360062, -8.18338298798, -22.6643428802, 3.30074644089, 12.9398298264, -16.2799491882, 11.5920124054, 9.47854709625, 71.620262146]],
        "icov": [[0.00178709405009, 0.000150112959091, 0.000118761337944, -3.88465423384e-06, 0.00103744491935, -0.000599597056862, 0.000974265683908, 0.000136892267619, 0.000920533610042, -0.000506528187543, 0.00183199602179, -0.000638933561277, 0.000285159796476], [0.000150112959091, 0.0103540252894, -0.00121035624761, 0.00738994963467, -0.00414514262229, 0.00791872665286, -0.00528227025643, 0.00808285363019, -0.00546293053776, 0.0101241320372, -0.0084121171385, 0.0104931779206, -0.00455837044865], [0.000118761337944, -0.00121035624761, 0.00450035277754, -0.00434886058792, 0.00190508482046, -0.0019174622139, 0.00108091800939, -0.00274066464044, 0.00347676128149, -0.00291145080701, 0.00265504326671, -0.00177008507308, 0.00279626250267], [-3.88465423384e-06, 0.00738994963467, -0.00434886058792, 0.0152469137684, -0.00554184289649, 0.00728172482923, -0.000679594872054, 0.00699609331787, -0.00773316528648, 0.0102863796055, -0.00954696163535, 0.0102509204298, -0.0069900569506], [0.00103744491935, -0.00414514262229, 0.00190508482046, -0.00554184289649, 0.0110357413068, -0.00481240591034, -0.000564567628317, -0.000822635076474, 0.00211851811036, -0.00514815747738, 0.00526474043727, -0.00729293888435, 0.00352971139364], [-0.000599597056862, 0.00791872665286, -0.0019174622139, 0.00728172482923, -0.00481240591034, 0.0142576880753, -0.0066903126426, 0.00529881054536, -0.00435582734644, 0.0102619444951, -0.00949359685183, 0.00760293286294, -0.0036631282419], [0.000974265683908, -0.00528227025643, 0.00108091800939, -0.000679594872054, -0.000564567628317, -0.0066903126426, 0.01464745868, -0.00889429822564, 0.00149207189679, -0.00274952990003, 0.00315849925391, -0.00434560002759, 0.00538165261969], [0.000136892267619, 0.00808285363019, -0.00274066464044, 0.00699609331787, -0.000822635076474, 0.00529881054536, -0.00889429822564, 0.0222596358508, -0.0121363876387, 0.00669125840068, -0.00267149833962, 0.00825130753219, -0.00629750266671], [0.000920533610042, -0.00546293053776, 0.00347676128149, -0.00773316528648, 0.00211851811036, -0.00435582734644, 0.00149207189679, -0.0121363876387, 0.021930154413, -0.0101399458945, 0.00341089023277, -0.00225031445734, 0.000573831726797], [-0.000506528187543, 0.0101241320372, -0.00291145080701, 0.0102863796055, -0.00514815747738, 0.0102619444951, -0.00274952990003, 0.00669125840068, -0.0101399458945, 0.0276231896132, -0.0143426405266, 0.00866464246064, 0.00039690270205], [0.00183199602179, -0.0084121171385, 0.00265504326671, -0.00954696163535, 0.00526474043727, -0.00949359685183, 0.00315849925391, -0.00267149833962, 0.00341089023277, -0.0143426405266, 0.0274923238903, -0.0124954162166, 0.0017721473705], [-0.000638933561277, 0.0104931779206, -0.00177008507308, 0.0102509204298, -0.00729293888435, 0.00760293286294, -0.00434560002759, 0.00825130753219, -0.00225031445734, 0.00866464246064, -0.0124954162166, 0.0290483497083, -0.00919328723103], [0.000285159796476, -0.00455837044865, 0.00279626250267, -0.0069900569506, 0.00352971139364, -0.0036631282419, 0.00538165261969, -0.00629750266671, 0.000573831726797, 0.00039690270205, 0.0017721473705, -0.00919328723103, 0.0222408305854]]
    },
    "melbands": {
        "dmean": [0.00812071282417, 0.00592069374397, 0.00102196331136, 0.000352157629095, 0.000506431853864, 0.000411231041653, 0.000151637475938, 0.000112581707072, 0.000187294950592, 0.000197513480089, 0.000129497086164, 6.19276688667e-05, 0.000121654062241, 5.51277917111e-05, 5.62066888961e-05, 6.64214749122e-05, 7.69278631196e-05, 4.89231824758e-05, 4.12899862567e-05, 3.00183019135e-05, 1.80883307621e-05, 1.45259336932e-05, 1.89327220141e-05, 1.34854171847e-05, 1.31224442157e-05, 8.69181258167e-06, 7.54414304538e-06, 6.65248899168e-06, 7.51155130274e-06, 5.88214061281e-06, 4.31749595009e-06, 4.75617434859e-06, 4.34520552517e-06, 3.98621250497e-06, 2.89899503514e-06, 2.56374573837e-06, 2.51646315519e-06, 2.26078691412e-06, 1.89477214008e-06, 1.17312765724e-06],
        "dmean2": [0.0132130132988, 0.0107442550361, 0.00176993454807, 0.000597536214627, 0.000899742706679, 0.000718369206879, 0.00025135249598, 0.00017660408048, 0.000277597544482, 0.000301061983919, 0.000193346946617, 9.45369683905e-05, 0.000181010196684, 8.4240346041e-05, 8.7914566393e-05, 0.000103089652839, 0.000115457325592, 7.93122235336e-05, 6.89775115461e-05, 5.05880052515e-05, 2.9723822081e-05, 2.32426864386e-05, 3.09138740704e-05, 2.21257068915e-05, 2.07931152545e-05, 1.35712625706e-05, 1.16588871606e-05, 1.03111333374e-05, 1.11784520413e-05, 8.896460713e-06, 6.66904725222e-06, 7.40538780519e-06, 6.65171592118e-06, 6.10151846558e-06, 4.32371916759e-06, 3.8295752347e-06, 3.66312406186e-06, 3.41421628036e-06, 2.83052258965e-06, 1.81767165941e-06],
        "dvar": [0.000111475957965, 0.000136128117447, 4.36273512605e-06, 3.92629829093e-07, 1.30157911826e-06, 5.96769041294e-07, 8.23244192816e-08, 4.38756053711e-08, 2.13813478922e-07, 1.89261854189e-07, 6.36418846511e-08, 1.2737939592e-08, 5.6043091945e-08, 1.29988055875e-08, 1.00980912521e-08, 1.87043767141e-08, 3.31559313338e-08, 7.14873538143e-09, 4.07216216303e-09, 2.52809706502e-09, 7.50565776197e-10, 5.36409638929e-10, 5.08575070945e-10, 2.66800359583e-10, 3.93698046386e-10, 1.1229172453e-10, 9.4518080862e-11, 7.11649836282e-11, 1.47103135228e-10, 6.57158771844e-11, 3.3294086238e-11, 3.37212376078e-11, 2.56578907426e-11, 2.76904176671e-11, 1.76787438855e-11, 1.40251213421e-11, 1.49248269993e-11, 1.57565748643e-11, 1.02283763057e-11, 3.24571532845e-12],
        "dvar2": [0.000276786449831, 0.000409716973081, 1.14290087367e-05, 1.04098955944e-06, 3.58941997547e-06, 1.60637239333e-06, 2.01167409841e-07, 1.01427922061e-07, 4.6281172672e-07, 4.34108812897e-07, 1.33104890665e-07, 2.69500368688e-08, 1.17664903598e-07, 2.73166804732e-08, 2.20841265275e-08, 3.85637228817e-08, 6.54056506733e-08, 1.92919120678e-08, 1.04675761392e-08, 6.4112337661e-09, 1.77993408901e-09, 1.16444920373e-09, 1.25861920885e-09, 6.77001399385e-10, 1.04225672537e-09, 2.73812389429e-10, 2.09623957081e-10, 1.59780341735e-10, 3.55343976466e-10, 1.43763195792e-10, 7.30539864713e-11, 7.40940711563e-11, 5.37483599294e-11, 6.28467278219e-11, 3.99128195772e-11, 3.28806010197e-11, 3.16684699297e-11, 3.41527292558e-11, 2.1621992391e-11, 7.01948265139e-12],
        "max": [0.0665610581636, 0.0679578483105, 0.0120458863676, 0.00619980366901, 0.00879459269345, 0.00689448462799, 0.00457768142223, 0.00400501489639, 0.0074919895269, 0.00790175143629, 0.00467730173841, 0.00188554159831, 0.00369404675439, 0.00229758536443, 0.00196349387988, 0.0027269301936, 0.00333947385661, 0.00117651070468, 0.000542948488146, 0.000659161887597, 0.000549629097804, 0.00067681830842, 0.000214494924876, 0.000161498959642, 0.000248873868259, 0.000146096630488, 0.00013847653463, 0.000106396546471, 0.000186468227184, 9.63151178439e-05, 6.67664789944e-05, 7.25589270587e-05, 5.81325693929e-05, 6.52798844385e-05, 4.99135494465e-05, 5.8653371525e-05, 6.68950160616e-05, 8.87058849912e-05, 4.64152944915e-05, 2.71631870419e-05],
        "mean": [0.0149469925091, 0.00711867120117, 0.000933730218094, 0.000392470712541, 0.000465201796032, 0.00046038714936, 0.00020280800527, 0.000163385368069, 0.000371738889953, 0.000359435362043, 0.000206275377423, 9.61930782069e-05, 0.000187171172001, 8.29851851449e-05, 9.18076912058e-05, 0.00010522708908, 0.000117195326311, 7.00517048244e-05, 6.16323959548e-05, 4.37863091065e-05, 3.00030842482e-05, 2.82100390905e-05, 3.11512303597e-05, 2.18487875827e-05, 2.19257999561e-05, 1.73061162059e-05, 1.58473012561e-05, 1.33416160679e-05, 1.36410835694e-05, 1.09414313556e-05, 8.56468614074e-06, 9.03637464944e-06, 8.93501055543e-06, 7.37200571166e-06, 4.91041146233e-06, 4.67724248665e-06, 4.57726946479e-06, 4.05005448556e-06, 3.25816654367e-06, 2.01700549951e-06],
        "median": [0.0105303805321, 0.0040290877223, 0.000319496641168, 0.000155416841153, 0.000150970954564, 0.000179253329406, 7.96238819021e-05, 6.57858909108e-05, 8.99718434084e-05, 0.000135911031975, 6.34103780612e-05, 5.17056651006e-05, 6.19712373009e-05, 3.47964632965e-05, 4.92792423756e-05, 4.32009401266e-05, 4.23903475166e-05, 2.86432405119e-05, 3.41670347552e-05, 2.06815038837e-05, 1.88447811524e-05, 2.03635045182e-05, 2.24899467867e-05, 1.43910774568e-05, 1.32887935251e-05, 1.26646118588e-05, 1.00930901681e-05, 8.45711201691e-06, 8.00287034508e-06, 7.16158274372e-06, 6.06869298281e-06, 6.41770111542e-06, 6.4578484853e-06, 4.90879165227e-06, 2.8503404792e-06, 2.98946088151e-06, 2.78128231912e-06, 2.29217607739e-06, 1.87132059182e-06, 1.26089366859e-06],
        "min": [0.00016785794287, 0.000137627997901, 1.3172853869e-05, 6.41888482278e-06, 6.00423118158e-06, 4.67036852569e-06, 3.8331372707e-06, 2.01708780878e-06, 4.85291593577e-06, 5.3567418945e-06, 1.21842163026e-06, 1.00604097497e-06, 1.4376477111e-06, 1.08120150344e-06, 2.63382730736e-06, 1.88788601463e-06, 2.02034902941e-06, 1.4447734884e-06, 1.10011615106e-06, 5.57666567147e-07, 1.50119410591e-06, 2.11318001675e-06, 1.19584478853e-06, 7.10743108812e-07, 6.21916512955e-07, 1.66888219155e-06, 1.19463868486e-06, 4.94444691412e-07, 3.88550546404e-07, 2.93295840947e-07, 3.68192019096e-07, 7.08966183538e-08, 1.44478732977e-07, 1.58156183261e-07, 5.48998357885e-08, 3.23698472471e-08, 7.54335331976e-08, 7.11547309962e-09, 7.36303032434e-11, 4.95185628613e-11],
