{
"highlevel": {
    "danceability": {
        "all": {
            "danceable": 0.602354049683,
            "not_danceable": 0.397645920515
        },
        "probability": 0.602354049683,
        "value": "danceable"
    },
    "gender": {
        "all": {
            "female": 0.188844338059,
            "male": 0.811155676842
        },
        "probability": 0.811155676842,
        "value": "male"
    },
    "genre_dortmund": {
        "all": {
            "alternative": 0.22192324698,
            "blues": 0.0238318555057,
            "electronic": 0.0355553738773,
            "folkcountry": 0.0355058573186,
            "funksoulrnb": 0.00272912485525,
            "jazz": 0.00941717065871,
            "pop": 0.0165863707662,
            "raphiphop": 0.0133456969634,
            "rock": 0.641105294228
        },
        "probability": 0.641105294228,
        "value": "rock"
    },
    "genre_electronic": {
        "all": {
            "ambient": 0.375033020973,
            "dnb": 0.142264604568,
            "house": 0.0420376546681,
            "techno": 0.0303585212678,
            "trance": 0.410306185484
        },
        "probability": 0.410306185484,
        "value": "trance"
    },
    "genre_rosamerica": {
        "all": {
            "cla": 0.000941850768868,
            "dan": 0.0357802547514,
            "hip": 0.00263028149493,
            "jaz": 0.00251562567428,
            "pop": 0.0642417669296,
            "rhy": 0.00224865297787,
            "roc": 0.8909496665,
            "spe": 0.00069189950591
        },
        "probability": 0.8909496665,
        "value": "roc"
    },
    "genre_tzanetakis": {
        "all": {
            "blu": 0.0620671063662,
            "cla": 0.034474901855,
            "cou": 0.103433981538,
            "dis": 0.0620971247554,
            "hip": 0.15527240932,
            "jaz": 0.310666948557,
            "met": 0.044346679002,
            "pop": 0.0620793737471,
            "reg": 0.0620816536248,
            "roc": 0.103479810059
        },
        "probability": 0.310666948557,
        "value": "jaz"
    },
    "ismir04_rhythm": {
        "all": {
            "ChaChaCha": 0.305451750755,
            "Jive": 0.311069339514,
            "Quickstep": 0.0225232988596,
            "Rumba-American": 0.0181639995426,
            "Rumba-International": 0.0430129691958,
            "Rumba-Misc": 0.00758392037824,
            "Samba": 0.142214640975,
            "Tango": 0.0790691450238,
            "VienneseWaltz": 0.06333309412,
            "Waltz": 0.00757784908637
        },
        "probability": 0.311069339514,
        "value": "Jive"
    },
    "mood_acoustic": {
        "all": {
            "acoustic": 0.00923049077392,
            "not_acoustic": 0.990769505501
        },
        "probability": 0.990769505501,
        "value": "not_acoustic"
    },
    "mood_aggressive": {
        "all": {
            "aggressive": 0.88715916872,
            "not_aggressive": 0.112840808928
        },
        "probability": 0.88715916872,
        "value": "aggressive"
    },
    "mood_electronic": {
        "all": {
            "electronic": 0.487185329199,
            "not_electronic": 0.512814700603
        },
        "probability": 0.512814700603,
        "value": "not_electronic"
    },
    "mood_happy": {
        "all": {
            "happy": 0.637015998363,
            "not_happy": 0.362984031439
        },
        "probability": 0.637015998363,
        "value": "happy"
    },
    "mood_party": {
        "all": {
            "not_party": 0.52241486311,
            "party": 0.477585166693
        },
        "probability": 0.52241486311,
        "value": "not_party"
    },
    "mood_relaxed": {
        "all": {
            "not_relaxed": 0.990165054798,
            "relaxed": 0.00983492750674
        },
        "probability": 0.990165054798,
        "value": "not_relaxed"
    },
    "mood_sad": {
        "all": {
            "not_sad": 0.830198585987,
            "sad": 0.169801414013
        },
        "probability": 0.830198585987,
        "value": "not_sad"
    },
    "moods_mirex": {
        "all": {
            "Cluster1": 0.481307536364,
            "Cluster2": 0.0803846642375,
            "Cluster3": 0.111481390893,
            "Cluster4": 0.120724819601,
            "Cluster5": 0.206101581454
        },
        "probability": 0.481307536364,
        "value": "Cluster1"
    },
    "timbre": {
        "all": {
            "bright": 0.879362940788,
            "dark": 0.120637059212
        },
        "probability": 0.879362940788,
        "value": "bright"
    },
    "tonal_atonal": {
        "all": {
            "atonal": 0.0332262292504,
            "tonal": 0.966773748398
        },
        "probability": 0.966773748398,
        "value": "tonal"
    },
    "voice_instrumental": {
        "all": {
            "instrumental": 0.00909614935517,
            "voice": 0.99090385437
        },
        "probability": 0.99090385437,
        "value": "voice"
    }
},
"lowlevel": {
    "average_loudness": 0.975777924061,
    "barkbands_crest": {
        "dmean": 2.66299438477,
        "dmean2": 4.31591033936,
        "dvar": 6.5984172821,
        "dvar2": 16.4328231812,
        "max": 24.189661026,
        "mean": 9.60310649872,
        "median": 9.0202589035,
        "min": 2.93261623383,
        "var": 12.8694171906
    },
    "barkbands_flatness_db": {
        "dmean": 0.0251222644001,
        "dmean2": 0.0382368899882,
        "dvar": 0.000520430272445,
        "dvar2": 0.00117240066174,
        "max": 0.415899425745,
        "mean": 0.137376636267,
        "median": 0.133891835809,
        "min": 0.0521039254963,
        "var": 0.00184795027599
    },
    "barkbands_kurtosis": {
        "dmean": 2.53809666634,
        "dmean2": 4.14460468292,
        "dvar": 49.2628059387,
        "dvar2": 103.133171082,
        "max": 188.235855103,
        "mean": 2.70138812065,
        "median": 0.472749710083,
        "min": -1.88892269135,
        "var": 131.982223511
    },
    "barkbands_skewness": {
        "dmean": 0.562012076378,
        "dmean2": 0.884627640247,
        "dvar": 0.384218275547,
        "dvar2": 0.931855738163,
        "max": 10.3353357315,
        "mean": 1.25802135468,
        "median": 1.1486158371,
        "min": -1.95976626873,
        "var": 1.38356542587
    },
    "barkbands_spread": {
        "dmean": 7.25919055939,
        "dmean2": 11.291595459,
        "dvar": 61.5404472351,
        "dvar2": 136.847885132,
        "max": 99.767364502,
        "mean": 27.005689621,
        "median": 25.2285499573,
        "min": 0.484671741724,
        "var": 149.474365234
    },
    "dissonance": {
        "dmean": 0.015010882169,
        "dmean2": 0.0257759280503,
        "dvar": 0.000202956958674,
        "dvar2": 0.000542682188097,
        "max": 0.500000059605,
        "mean": 0.475665658712,
        "median": 0.48027920723,
        "min": 0.35218372941,
        "var": 0.000336734839948
    },
    "dynamic_complexity": 1.2694144249,
    "erbbands_crest": {
        "dmean": 2.57195234299,
        "dmean2": 4.1652135849,
        "dvar": 5.76223278046,
        "dvar2": 13.5208187103,
        "max": 23.6763210297,
        "mean": 8.27178192139,
        "median": 7.34289884567,
        "min": 2.7283782959,
        "var": 13.6664600372
    },
    "erbbands_flatness_db": {
        "dmean": 0.0232539363205,
        "dmean2": 0.0305760167539,
        "dvar": 0.00046351243509,
        "dvar2": 0.000776196713559,
        "max": 0.284944474697,
        "mean": 0.14857134223,
        "median": 0.144620597363,
        "min": 0.0581127330661,
        "var": 0.00228773010895
    },
    "erbbands_kurtosis": {
        "dmean": 0.864158630371,
        "dmean2": 1.36505496502,
        "dvar": 1.11725687981,
        "dvar2": 2.542958498,
        "max": 14.6286449432,
        "mean": 0.600573122501,
        "median": 0.221174955368,
        "min": -1.4800671339,
        "var": 2.34206461906
    },
    "erbbands_skewness": {
        "dmean": 0.371866762638,
        "dmean2": 0.575888574123,
        "dvar": 0.108829520643,
        "dvar2": 0.250538945198,
        "max": 3.65467882156,
        "mean": -0.266612529755,
        "median": -0.260760396719,
        "min": -2.22796487808,
        "var": 0.418774276972
    },
    "erbbands_spread": {
        "dmean": 8.29369068146,
        "dmean2": 12.4750461578,
        "dvar": 75.1769638062,
        "dvar2": 170.283035278,
        "max": 125.860588074,
        "mean": 34.1835899353,
        "median": 30.2466621399,
        "min": 7.19098758698,
        "var": 256.890045166
    },
    "hfc": {
        "dmean": 10.9550657272,
        "dmean2": 15.9815683365,
        "dvar": 205.379699707,
        "dvar2": 460.518188477,
        "max": 236.709487915,
        "mean": 30.840763092,
        "median": 27.1440010071,
        "min": 0.0626121982932,
        "var": 377.33303833
    },
    "melbands_crest": {
        "dmean": 3.1837682724,
        "dmean2": 5.2272567749,
        "dvar": 8.1823797226,
        "dvar2": 21.4281997681,
        "max": 33.1704711914,
        "mean": 14.540391922,
        "median": 14.3039674759,
        "min": 3.31031751633,
        "var": 20.8885345459
    },
    "melbands_flatness_db": {
        "dmean": 0.0319220386446,
        "dmean2": 0.0475654527545,
        "dvar": 0.000925533997361,
        "dvar2": 0.00212156260386,
        "max": 0.529499232769,
        "mean": 0.197886571288,
        "median": 0.195494458079,
        "min": 0.046631205827,
        "var": 0.00361802685075
    },
    "melbands_kurtosis": {
        "dmean": 6.83789348602,
        "dmean2": 11.0229892731,
        "dvar": 179.752655029,
        "dvar2": 467.852386475,
        "max": 282.764587402,
        "mean": 10.8234109879,
        "median": 5.77646923065,
        "min": -1.72031164169,
        "var": 388.311737061
    },
    "melbands_skewness": {
        "dmean": 0.812903702259,
        "dmean2": 1.27376627922,
        "dvar": 0.77607023716,
        "dvar2": 1.92456126213,
        "max": 11.5293445587,
        "mean": 2.52950263023,
        "median": 2.36110115051,
        "min": -0.944904923439,
        "var": 2.53322386742
    },
    "melbands_spread": {
        "dmean": 8.19031333923,
        "dmean2": 12.9124002457,
        "dvar": 77.8725509644,
        "dvar2": 186.821517944,
        "max": 105.764793396,
        "mean": 26.9753398895,
        "median": 24.7371940613,
        "min": 0.476823121309,
        "var": 211.377563477
    },
    "pitch_salience": {
        "dmean": 0.07541911304,
        "dmean2": 0.122080110013,
        "dvar": 0.00474398117512,
        "dvar2": 0.0114309899509,
        "max": 0.84894824028,
        "mean": 0.51665866375,
        "median": 0.515583217144,
        "min": 0.148524329066,
        "var": 0.00963644776493
    },
    "silence_rate_20dB": {
        "dmean": 0,
        "dmean2": 0,
        "dvar": 0,
        "dvar2": 0,
        "max": 1,
        "mean": 1,
        "median": 1,
        "min": 1,
        "var": 0
    },
    "silence_rate_30dB": {
        "dmean": 0.0030959751457,
        "dmean2": 0.00619674660265,
        "dvar": 0.00308637949638,
        "dvar2": 0.00925667583942,
        "max": 1,
        "mean": 0.998453199863,
        "median": 1,
        "min": 0,
        "var": 0.00154439592734
    },
    "silence_rate_60dB": {
        "dmean": 0.00154798757285,
        "dmean2": 0.00309837330133,
        "dvar": 0.00154558883514,
        "dvar2": 0.00308876135387,
        "max": 1,
        "mean": 0.00850734766573,
        "median": 0,
        "min": 0,
        "var": 0.00843499228358
    },
    "spectral_centroid": {
        "dmean": 281.297729492,
        "dmean2": 441.663574219,
        "dvar": 82597.25,
        "dvar2": 210396.4375,
        "max": 3083.12817383,
        "mean": 1510.42675781,
        "median": 1483.14440918,
        "min": 143.843780518,
        "var": 262756.5
    },
    "spectral_complexity": {
        "dmean": 4.75696611404,
        "dmean2": 7.23934936523,
        "dvar": 20.7908477783,
        "dvar2": 41.2664489746,
        "max": 52,
        "mean": 26.8894042969,
        "median": 27,
        "min": 0,
        "var": 60.5687942505
    },
    "spectral_decrease": {
        "dmean": 3.56620755149e-09,
        "dmean2": 5.93934634807e-09,
        "dvar": 2.29026558543e-17,
        "dvar2": 6.00703259222e-17,
        "max": -8.50147452436e-11,
        "mean": -1.02253725487e-08,
        "median": -9.34057986512e-09,
        "min": -3.79277977913e-08,
        "var": 2.9370450547e-17
    },
    "spectral_energy": {
        "dmean": 0.013963081874,
        "dmean2": 0.0231092516333,
        "dvar": 0.000344133732142,
        "dvar2": 0.000898675527424,
        "max": 0.149950787425,
        "mean": 0.0413903035223,
        "median": 0.037768162787,
        "min": 0.000330041541019,
        "var": 0.000448305945611
    },
    "spectral_energyband_high": {
        "dmean": 0.000712353852578,
        "dmean2": 0.00100680266041,
        "dvar": 1.53690143634e-06,
        "dvar2": 2.99319731312e-06,
        "max": 0.0277006980032,
        "mean": 0.00109042786062,
        "median": 0.000443934375653,
        "min": 1.28320110093e-07,
        "var": 2.98993631986e-06
    },
    "spectral_energyband_low": {
        "dmean": 0.00884068477899,
        "dmean2": 0.0142855355516,
        "dvar": 0.000133844238007,
        "dvar2": 0.000338177691447,
        "max": 0.0958938896656,
        "mean": 0.0210097692907,
        "median": 0.0189122706652,
        "min": 4.6751651098e-05,
        "var": 0.000216601983993
    },
    "spectral_energyband_middle_high": {
        "dmean": 0.00306293694302,
        "dmean2": 0.00485863210633,
        "dvar": 1.6535679606e-05,
        "dvar2": 4.38789356849e-05,
        "max": 0.0508322864771,
        "mean": 0.00911116879433,
        "median": 0.0080736130476,
        "min": 5.52431993128e-06,
        "var": 3.05462162942e-05
    },
    "spectral_energyband_middle_low": {
        "dmean": 0.00764496391639,
        "dmean2": 0.0130910305306,
        "dvar": 0.000197792061954,
        "dvar2": 0.000537776737474,
        "max": 0.114884078503,
        "mean": 0.0119659984484,
        "median": 0.00841716211289,
        "min": 0.000135356036481,
        "var": 0.000161922522238
    },
    "spectral_entropy": {
        "dmean": 0.192137658596,
        "dmean2": 0.263718992472,
        "dvar": 0.0315664149821,
        "dvar2": 0.0638984069228,
        "max": 8.60495662689,
        "mean": 7.65606737137,
        "median": 7.62769699097,
        "min": 5.78332710266,
        "var": 0.128134429455
    },
    "spectral_flux": {
        "dmean": 0.032594602555,
        "dmean2": 0.048636354506,
        "dvar": 0.00135922967456,
        "dvar2": 0.00253852247261,
        "max": 0.328092724085,
        "mean": 0.109715640545,
        "median": 0.0967860817909,
        "min": 0.00642352923751,
        "var": 0.00269123329781
    },
    "spectral_kurtosis": {
        "dmean": 2.02268719673,
        "dmean2": 3.07036995888,
        "dvar": 3.76393675804,
        "dvar2": 10.0866422653,
        "max": 24.4402446747,
        "mean": 5.65451860428,
        "median": 5.24412536621,
        "min": -0.959939241409,
        "var": 9.78848648071
    },
    "spectral_rms": {
        "dmean": 0.00100016361102,
        "dmean2": 0.00161700323224,
        "dvar": 1.35201230478e-06,
        "dvar2": 3.31340447701e-06,
        "max": 0.0120951831341,
        "mean": 0.00615381496027,
        "median": 0.00607017194852,
        "min": 0.000567443144973,
        "var": 2.51134292739e-06
    },
    "spectral_rolloff": {
        "dmean": 544.363708496,
        "dmean2": 899.325317383,
        "dvar": 640538.875,
        "dvar2": 1475888.375,
        "max": 9173.14453125,
        "mean": 1528.25854492,
        "median": 1421.19140625,
        "min": 64.599609375,
        "var": 1086523.625
    },
    "spectral_skewness": {
        "dmean": 0.258058339357,
        "dmean2": 0.384167343378,
        "dvar": 0.0499430075288,
        "dvar2": 0.122807107866,
        "max": 3.26749515533,
        "mean": 1.65274477005,
        "median": 1.63856875896,
        "min": 0.235663160682,
        "var": 0.186348602176
    },
    "spectral_spread": {
        "dmean": 849960,
        "dmean2": 1122759.25,
        "dvar": 890948091904,
        "dvar2": 1.62640992666e+12,
        "max": 15828643,
        "mean": 4277883,
        "median": 3765516,
        "min": 1756339.25,
        "var": 3.01089737933e+12
    },
    "spectral_strongpeak": {
        "dmean": 0.554507732391,
        "dmean2": 0.960883021355,
        "dvar": 0.932520925999,
        "dvar2": 2.10071539879,
        "max": 9.15127944946,
        "mean": 0.861309349537,
        "median": 0.424481838942,
        "min": 0,
        "var": 1.53856134415
    },
    "zerocrossingrate": {
        "dmean": 0.0126590318978,
        "dmean2": 0.014550479129,
        "dvar": 0.000163732824149,
        "dvar2": 0.000217059379793,
        "max": 0.18994140625,
        "mean": 0.0614694356918,
        "median": 0.05615234375,
        "min": 0.0029296875,
        "var": 0.000776688044425
    },
    "barkbands": {
        "dmean": [0.000194178996026, 0.00589902466163, 0.00536139728501, 0.00223469687626, 0.00369686307386, 0.000631550734397, 0.0007921368815, 0.000765359785873, 0.00164979766123, 0.000529083074071, 0.000591099902522, 0.000536034349352, 0.000838042295072, 0.000660676741973, 0.000545391754713, 0.000759368587751, 0.000361702725058, 0.000363166822353, 0.000207917400985, 0.000143119119457, 0.000118481046229, 9.99769763439e-05, 0.000117316914839, 0.000134271002025, 0.000141837197589, 0.000124301150208, 1.8764216847e-08],
        "dmean2": [0.000334549229592, 0.00965630076826, 0.00922495033592, 0.00384815596044, 0.00673957867548, 0.00106077105738, 0.00127930357121, 0.00128379452508, 0.00268671894446, 0.000824401795398, 0.000949493492953, 0.00088313955348, 0.00141761323903, 0.00106499146204, 0.000870643998496, 0.001233565039, 0.000595021003392, 0.000600365456194, 0.000334887823556, 0.000234317500144, 0.00018101594469, 0.000147534577991, 0.000166867306689, 0.000191989398445, 0.00021057932463, 0.000184462536708, 3.57337412993e-08],
        "dvar": [5.26056176398e-08, 7.13330373401e-05, 7.03772384441e-05, 1.58299335453e-05, 8.86100096977e-05, 1.33983849082e-06, 1.29850741359e-06, 2.32416027757e-06, 7.55149449105e-06, 1.28659655729e-06, 1.19151320632e-06, 7.90018532371e-07, 2.18390550799e-06, 1.08571873625e-06, 6.0008261471e-07, 1.03152558495e-06, 2.58977252088e-07, 2.63322021965e-07, 6.23059861482e-08, 3.55018059395e-08, 2.76867027083e-08, 2.60400039309e-08, 6.50898286381e-08, 1.33922711143e-07, 9.58488470815e-08, 6.72394975254e-08, 1.94789795188e-14],
        "dvar2": [1.35385576527e-07, 0.0001745516347, 0.000194891559659, 4.31414082414e-05, 0.000247165065957, 3.50303571395e-06, 3.41252530234e-06, 6.04041179031e-06, 1.83112770173e-05, 2.80438621303e-06, 2.8510305583e-06, 1.97693316295e-06, 5.60064336241e-06, 2.73956743513e-06, 1.4588903241e-06, 2.48533638114e-06, 6.72176042826e-07, 7.05220372765e-07, 1.56048955091e-07, 9.51721048637e-08, 6.51028315701e-08, 5.35574038452e-08, 1.36659409122e-07, 2.43775531317e-07, 1.921199555e-07, 1.63583791846e-07, 5.79141701501e-14],
        "max": [0.00208439934067, 0.0748828351498, 0.0699508562684, 0.0353942625225, 0.0769070610404, 0.014687653631, 0.0138481315225, 0.0224873926491, 0.0319412089884, 0.0177208557725, 0.017063755542, 0.0127213802189, 0.0181027762592, 0.0220568682998, 0.00845878943801, 0.0139703145251, 0.00607252120972, 0.00566364545375, 0.00359783507884, 0.00224347226322, 0.00226870295592, 0.00328866858035, 0.00687046302482, 0.00963597744703, 0.00588754285127, 0.00337262684479, 3.02218040815e-06],
        "mean": [0.000228765507927, 0.010177529417, 0.00890786480159, 0.00311655714177, 0.00324508710764, 0.00088944262825, 0.00115626468323, 0.00105504633393, 0.00234292657115, 0.000812117184978, 0.000904250133317, 0.000884176581167, 0.00133369490504, 0.00110787677113, 0.000933478877414, 0.00138774490915, 0.00061409821501, 0.000634852331132, 0.000406587816542, 0.000271961820545, 0.000188051577425, 0.000154707537149, 0.000157310641953, 0.000176240340807, 0.000175365144969, 0.000128299885546, 1.08755093819e-08],
        "median": [0.000158496681252, 0.00760875269771, 0.00697337789461, 0.00207896740176, 0.00124491075985, 0.000529204669874, 0.000738376635127, 0.000582566775847, 0.000753467960749, 0.000309400871629, 0.000294317113003, 0.00054297351744, 0.000706777384039, 0.000786544056609, 0.000588638649788, 0.00091613130644, 0.000395654555177, 0.000481216673506, 0.000315072888043, 0.00021669419948, 0.000109454158519, 6.25824905001e-05, 4.22403172706e-05, 2.47573843808e-05, 3.67869797628e-05, 2.61041277554e-05, 8.5537843475e-10],
        "min": [2.3311821451e-07, 1.82692092494e-05, 1.60241256708e-06, 9.36032620302e-07, 2.22439507525e-06, 7.31522732167e-07, 1.81309701475e-07, 6.15835233475e-07, 1.09363634238e-06, 1.35576692628e-06, 8.17838781586e-07, 1.2068852584e-07, 8.63825135866e-08, 4.9451664097e-08, 6.35135677385e-08, 6.82579468503e-08, 5.68278508695e-08, 3.23867368479e-08, 2.22538165673e-08, 2.14494626505e-08, 1.38543594375e-08, 1.04461337358e-08, 1.26085213381e-08, 1.40579219376e-08, 9.22092291411e-10, 2.52890375307e-10, 9.22613808269e-12],
        "var": [6.16264301811e-08, 9.49982422753e-05, 7.67432356952e-05, 1.46447337102e-05, 5.55911028641e-05, 1.58780960646e-06, 1.85019587207e-06, 2.76161154034e-06, 1.44874275065e-05, 2.83417375613e-06, 2.61364175458e-06, 1.41127907227e-06, 3.87064028473e-06, 1.43224531257e-06, 1.10863447844e-06, 1.97073609343e-06, 4.56267343907e-07, 3.59080416956e-07, 1.28226858465e-07, 5.96189906332e-08, 5.55371819644e-08, 5.44177432005e-08, 1.1353011331e-07, 2.49204589409e-07, 1.42430579331e-07, 7.14119181566e-08, 1.00171386892e-14]
    },
    "erbbands": {
        "dmean": [0.157987385988, 1.4243735075, 5.16403436661, 6.46448373795, 13.2333784103, 10.9694328308, 4.8335313797, 6.08894348145, 10.426653862, 11.7866077423, 17.6743354797, 41.2998313904, 21.1484565735, 15.4521207809, 27.3966293335, 17.9239006042, 32.0341720581, 25.9651889801, 33.0899543762, 31.3435592651, 36.7930679321, 20.3098583221, 21.4554405212, 13.287946701, 8.44955158234, 6.37214136124, 3.9278459549, 5.47750043869, 3.76871180534, 3.12534070015, 3.49395394325, 2.8245370388, 2.38772749901, 1.60528218746, 1.00343489647, 0.539695501328, 0.241289287806, 0.0253270249814, 0.000440746778622, 3.12904157909e-05],
        "dmean2": [0.251963913441, 2.34843087196, 8.86937141418, 11.0033578873, 24.1235332489, 19.7822036743, 8.27859687805, 10.1391935349, 16.9388065338, 19.4022827148, 29.9944171906, 67.2993850708, 32.7712783813, 24.4279880524, 43.6728973389, 29.4889678955, 54.2332420349, 42.4055099487, 53.0817298889, 51.7079544067, 58.1777572632, 33.4629211426, 35.3212509155, 21.9684715271, 13.4620552063, 10.203166008, 6.2179236412, 8.35004329681, 5.66622304916, 4.53284311295, 5.05285739899, 4.1012377739, 3.49308943748, 2.39840745926, 1.50051784515, 0.79073035717, 0.362765669823, 0.0400865189731, 0.000687115243636, 4.73337931908e-05],
        "dvar": [0.043748576194, 4.2922744751, 65.7602462769, 81.3512954712, 1216.27563477, 767.582519531, 74.3112640381, 103.091201782, 230.973876953, 486.768280029, 1196.88220215, 5463.14306641, 1228.828125, 1199.30456543, 2550.92895508, 910.99822998, 2753.35083008, 3243.87255859, 1926.0690918, 2317.52294922, 2636.0078125, 859.604797363, 1026.68041992, 314.244018555, 97.6494140625, 66.756980896, 34.6024551392, 71.0096893311, 37.4488677979, 49.7455024719, 53.8194122314, 51.7545471191, 44.6357536316, 13.7361164093, 4.4476108551, 1.1081827879, 0.292756408453, 0.00428536348045, 1.18044090414e-06, 2.3330801735e-09],
        "dvar2": [0.102823339403, 10.6228628159, 179.531143188, 206.16343689, 3429.3527832, 2147.6340332, 191.172897339, 262.34588623, 593.192871094, 1261.89868164, 3225.90112305, 13201.4423828, 2519.89477539, 2821.19946289, 6001.53369141, 2470.04785156, 7051.79492188, 7983.33300781, 4935.24121094, 6164.52197266, 6111.96826172, 2196.38623047, 2864.16870117, 807.759460449, 237.493637085, 180.273834229, 82.5463943481, 171.251663208, 78.7711257935, 105.216186523, 113.705413818, 111.190032959, 74.8037948608, 27.7654247284, 9.02339458466, 2.61904621124, 0.711482167244, 0.0109892887995, 2.99278895e-06, 5.67642199911e-09],
        "max": [1.73250603676, 18.7664260864, 70.8667907715, 94.0883865356, 241.828735352, 247.34324646, 98.6522216797, 144.241485596, 148.100921631, 364.266540527, 538.405883789, 946.96661377, 625.907165527, 563.264831543, 876.312988281, 345.087219238, 627.035888672, 1289.85119629, 607.712890625, 523.183837891, 574.577575684, 386.425628662, 395.013793945, 213.570739746, 87.6851730347, 109.745124817, 82.7910079956, 93.0315551758, 117.376930237, 192.480819702, 195.728851318, 181.762252808, 167.106002808, 78.988822937, 37.0317420959, 13.7826690674, 6.73724365234, 0.817225217819, 0.0138307511806, 0.00061624875525],
        "mean": [0.261973321438, 2.49804735184, 8.75249958038, 11.6115550995, 12.0688695908, 9.77796268463, 6.26879167557, 9.01657867432, 15.7818994522, 17.2687358856, 25.2385139465, 58.3903427124, 34.0924530029, 24.8742694855, 46.2841758728, 31.6909885406, 53.4599876404, 46.6456260681, 66.349937439, 55.5179328918, 72.556968689, 38.6376457214, 38.3346290588, 25.7768783569, 17.610124588, 12.5238552094, 7.21976947784, 8.12376499176, 5.77016353607, 4.51068305969, 4.60439157486, 3.58573627472, 3.1271686554, 1.98615634441, 1.21428155899, 0.593275606632, 0.240307584405, 0.0228192321956, 0.000434368819697, 6.91076784278e-05],
        "median": [0.207047790289, 1.85876095295, 6.65219020844, 9.24858379364, 5.60947418213, 3.27282118797, 3.34717583656, 5.42105770111, 10.0901041031, 10.1461820602, 15.2138843536, 18.0851211548, 16.255771637, 11.0792379379, 17.1720104218, 21.090051651, 30.7916164398, 31.3282718658, 50.8588562012, 40.3464012146, 45.036075592, 25.7097663879, 28.7466831207, 19.9577503204, 14.5351676941, 9.87355709076, 4.87451696396, 3.16996836662, 2.45205068588, 1.44399213791, 1.21506464481, 0.66737806797, 0.44433042407, 0.445018440485, 0.23413592577, 0.119083590806, 0.0456536114216, 0.00312091666274, 8.44944297569e-05, 5.23258859175e-05],
        "min": [0.000279511266854, 0.00196669879369, 0.00397844798863, 0.00600099004805, 0.0114749157801, 0.00891640409827, 0.00608133990318, 0.00535503774881, 0.0029503502883, 0.00986113492399, 0.0110048456118, 0.0281083285809, 0.0400437712669, 0.0659963339567, 0.039721056819, 0.00805576331913, 0.00511032016948, 0.004514683038, 0.00248530483805, 0.00435830745846, 0.00570709677413, 0.00379061885178, 0.00251018023118, 0.00372449820861, 0.00180929759517, 0.000857942446601, 0.000789676967543, 0.000447481696028, 0.000407809595345, 0.000364765553968, 0.000362729013432, 0.000253248726949, 0.000245837494731, 0.000234920400544, 7.89356272435e-05, 3.33021162078e-05, 2.97408041661e-06, 2.12575514524e-07, 2.13094111245e-07, 3.76797174795e-07],
        "var": [0.0599162951112, 5.69629049301, 70.5091781616, 113.030830383, 760.994140625, 489.950408936, 80.6632614136, 142.736907959, 323.719299316, 607.183898926, 1237.18847656, 9542.33007812, 2951.88330078, 2076.58496094, 5874.4140625, 1329.66662598, 4668.48730469, 4564.88964844, 3423.90942383, 2794.04272461, 6323.42822266, 1707.78442383, 1402.83898926, 563.660827637, 186.32661438, 127.63205719, 69.646156311, 132.531723022, 73.2761154175, 81.4105453491, 93.9549560547, 87.5588989258, 82.4702682495, 20.9376411438, 6.35449981689, 1.3171120882, 0.296894520521, 0.00370241119526, 1.06477864392e-06, 3.02789349149e-09]
    },
    "gfcc": {
        "mean": [40.31848526, 94.0584182739, -121.880653381, 34.6512031555, -34.7959709167, 22.8198719025, -36.0064620972, 19.6579151154, -20.8133869171, 8.31331539154, -21.1113166809, -1.99595236778, -16.8519897461],
        "cov": [[3288.27246094, -1262.63806152, 523.409118652, -4.83860588074, -368.572387695, 306.75604248, -321.041595459, 89.5049438477, -194.923858643, 173.716369629, -183.835159302, 117.56350708, -217.381500244], [-1262.63806152, 1245.22595215, -330.37902832, -61.1175384521, 261.969024658, -198.08013916, 236.361480713, -58.2454109192, 76.2210922241, -148.099380493, 135.576278687, -127.730369568, 99.7322540283], [523.409118652, -330.37902832, 1002.98547363, 76.4016036987, -82.2619476318, 338.199035645, -150.946182251, 79.8047790527, -113.326057434, 6.29412889481, -86.4967803955, -17.6371631622, -88.9029388428], [-4.83860588074, -61.1175384521, 76.4016036987, 271.909973145, 14.4563980103, 17.9326610565, -26.1813011169, -63.6372489929, 27.1198940277, 4.07426214218, -2.37039685249, -29.7266654968, 15.2614736557], [-368.572387695, 261.969024658, -82.2619476318, 14.4563980103, 216.530303955, -29.4280872345, 60.5164413452, 17.0082855225, 21.4883499146, -15.149600029, 26.3153114319, -21.1266288757, 7.11241149902], [306.75604248, -198.08013916, 338.199035645, 17.9326610565, -29.4280872345, 235.271194458, -28.4402427673, 51.311126709, -48.8173179626, 6.22345685959, -28.3752422333, 1.34201693535, -44.5187835693], [-321.041595459, 236.361480713, -150.946182251, -26.1813011169, 60.5164413452, -28.4402427673, 163.320266724, 19.852596283, 14.2967042923, -35.2626800537, 19.6331253052, -11.7550773621, 19.5811367035], [89.5049438477, -58.2454109192, 79.8047790527, -63.6372489929, 17.0082855225, 51.311126709, 19.852596283, 119.178421021, 1.49802708626, 3.84089660645, -19.6320877075, 5.0254445076, -16.7890014648], [-194.923858643, 76.2210922241, -113.326057434, 27.1198940277, 21.4883499146, -48.8173179626, 14.2967042923, 1.49802708626, 96.6395339966, 10.9477157593, 17.4482307434, -6.34087610245, 24.0884437561], [173.716369629, -148.099380493, 6.29412889481, 4.07426214218, -15.149600029, 6.22345685959, -35.2626800537, 3.84089660645, 10.9477157593, 78.6165924072, 3.64325261116, 20.656244278, -12.2285194397], [-183.835159302, 135.576278687, -86.4967803955, -2.37039685249, 26.3153114319, -28.3752422333, 19.6331253052, -19.6320877075, 17.4482307434, 3.64325261116, 79.3549575806, 1.7808945179, 24.3827819824], [117.56350708, -127.730369568, -17.6371631622, -29.7266654968, -21.1266288757, 1.34201693535, -11.7550773621, 5.0254445076, -6.34087610245, 20.656244278, 1.7808945179, 75.5433654785, 1.06088399887], [-217.381500244, 99.7322540283, -88.9029388428, 15.2614736557, 7.11241149902, -44.5187835693, 19.5811367035, -16.7890014648, 24.0884437561, -12.2285194397, 24.3827819824, 1.06088399887, 67.3307266235]],
        "icov": [[0.000752368825488, -0.000132718298119, 0.000417232047766, -0.000494273845106, 0.000944253930356, -0.00059431779664, 0.000990781700239, -0.000840417284053, 0.00118045986164, -0.00101108569652, 0.000798601249699, -0.000670772918966, 0.00141360727139], [-0.000132718298119, 0.00405064690858, -0.00135365396272, 0.00241671525873, -0.00314355921, 0.00236031319946, -0.00353795802221, 0.00298978830688, -0.00225408747792, 0.00432689394802, -0.00432099401951, 0.00477775419131, -0.00201467517763], [0.000417232047766, -0.00135365396272, 0.00328434677795, -0.0017584504094, 0.00159973977134, -0.00389103032649, 0.00350387697108, -0.00257151457481, 0.00268089352176, -0.0012551714899, 0.00236559403129, -0.00114129448775, 0.00165963883046], [-0.000494273845106, 0.00241671525873, -0.0017584504094, 0.00709084607661, -0.00320648308843, 0.000780180271249, -0.00256134336814, 0.0060825929977, -0.00433325814083, 0.00220866734162, -0.00167425791733, 0.00464241113514, -0.00350385718048], [0.000944253930356, -0.00314355921, 0.00159973977134, -0.00320648308843, 0.00910665374249, -0.00173372263089, 0.00220174109563, -0.00477436603978, 0.00279477587901, -0.00384435709566, 0.00219647819176, -0.00325962505303, 0.00416275206953], [-0.00059431779664, 0.00236031319946, -0.00389103032649, 0.000780180271249, -0.00173372263089, 0.011158154346, -0.00419722544029, -6.04347369517e-05, -0.000653688679449, 0.00264529674314, -0.0041333977133, 0.00229843542911, 0.000211882521398], [0.000990781700239, -0.00353795802221, 0.00350387697108, -0.00256134336814, 0.00220174109563, -0.00419722544029, 0.0136068500578, -0.00586051540449, 0.00367892766371, -0.00109436491039, 0.00361076253466, -0.00402795197442, 0.00246108695865], [-0.000840417284053, 0.00298978830688, -0.00257151457481, 0.0060825929977, -0.00477436603978, -6.04347369517e-05, -0.00586051540449, 0.0165088828653, -0.00640918361023, 0.00256904307753, -0.000529541401193, 0.00362241314724, -0.00273652840406], [0.00118045986164, -0.00225408747792, 0.00268089352176, -0.00433325814083, 0.00279477587901, -0.000653688679449, 0.00367892766371, -0.00640918361023, 0.0176790058613, -0.00638523790985, 0.00215552421287, -0.00175703922287, 3.90726563637e-05], [-0.00101108569652, 0.00432689394802, -0.0012551714899, 0.00220866734162, -0.00384435709566, 0.00264529674314, -0.00109436491039, 0.00256904307753, -0.00638523790985, 0.0224373806268, -0.00769409956411, 0.00150683056563, 0.00040459720185], [0.000798601249699, -0.00432099401951, 0.00236559403129, -0.00167425791733, 0.00219647819176, -0.0041333977133, 0.00361076253466, -0.000529541401193, 0.00215552421287, -0.00769409956411, 0.0216202419251, -0.00557337841019, -0.00157558836509], [-0.000670772918966, 0.00477775419131, -0.00114129448775, 0.00464241113514, -0.00325962505303, 0.00229843542911, -0.00402795197442, 0.00362241314724, -0.00175703922287, 0.00150683056563, -0.00557337841019, 0.0217459239066, -0.00528515223414], [0.00141360727139, -0.00201467517763, 0.00165963883046, -0.00350385718048, 0.00416275206953, 0.000211882521398, 0.00246108695865, -0.00273652840406, 3.90726563637e-05, 0.00040459720185, -0.00157558836509, -0.00528515223414, 0.0244013797492]]
    },
    "melbands": {
        "dmean": [0.00155207805801, 0.00211079209112, 0.00129602709785, 0.000944106373936, 0.000208099299925, 0.000132871951791, 0.000156264664838, 0.000136913862661, 0.000150292369653, 0.000273985613603, 0.000106123370642, 6.65387124172e-05, 8.23922164273e-05, 6.67646163492e-05, 5.37948071724e-05, 9.38365192269e-05, 4.6364213631e-05, 6.44262108835e-05, 4.3662799726e-05, 5.42076450074e-05, 4.37080998381e-05, 2.21687823796e-05, 1.99301048269e-05, 1.79263952305e-05, 1.14866352305e-05, 7.49648506826e-06, 6.02010322837e-06, 4.146365427e-06, 2.82626865555e-06, 2.57166357187e-06, 3.53449968316e-06, 2.30088198805e-06, 1.89543391116e-06, 1.74289573351e-06, 2.09175277632e-06, 2.03866693482e-06, 1.66409881786e-06, 1.82521705483e-06, 1.41675752729e-06, 1.41116095165e-06],
        "dmean2": [0.00250392314047, 0.00352784362622, 0.00223268941045, 0.00172382732853, 0.000360075908247, 0.000220942412852, 0.000252806086792, 0.000224056260777, 0.000257522391621, 0.00044383815839, 0.00016385789786, 0.000103639424196, 0.000131593522383, 0.000106865125417, 9.08254951355e-05, 0.000157232730999, 7.56779918447e-05, 0.000103881029645, 7.08003353793e-05, 9.07952999114e-05, 6.8782523158e-05, 3.64173247362e-05, 3.25540459016e-05, 2.97510687233e-05, 1.91275175894e-05, 1.22535648188e-05, 9.64572245721e-06, 6.74962439007e-06, 4.63809874418e-06, 3.90335117118e-06, 5.49241076442e-06, 3.56913574251e-06, 2.83900908471e-06, 2.54423912338e-06, 3.08657649839e-06, 2.99646831081e-06, 2.48321589424e-06, 2.71297676591e-06, 2.08536607715e-06, 2.13960652218e-06],
        "dvar": [4.77353887618e-06, 9.70426481217e-06, 4.52725362265e-06, 6.04732531428e-06, 1.5162996192e-07, 4.79868731418e-08, 4.96784977599e-08, 6.65009594059e-08, 8.95740726037e-08, 2.38517969819e-07, 3.28113713977e-08, 2.23189910997e-08, 2.25617000638e-08, 1.31261641556e-08, 1.09906874712e-08, 3.04893106318e-08, 1.07769535518e-08, 7.1829133752e-09, 4.07980094153e-09, 6.03403682575e-09, 4.40075842434e-09, 1.04000219547e-09, 8.33012436807e-10, 6.50608455999e-10, 2.57860566233e-10, 8.44186942572e-11, 4.66532784626e-11, 3.59837194763e-11, 2.18565235355e-11, 1.30606090179e-11, 3.27847471393e-11, 1.53959154453e-11, 1.08102624075e-11, 1.89688733471e-11, 1.71404505173e-11, 2.43332021199e-11, 1.81356596407e-11, 2.54192812632e-11, 1.45039284402e-11, 1.00395048178e-11],
        "dvar2": [1.14034546641e-05, 2.53701855399e-05, 1.20434015116e-05, 1.69461545738e-05, 4.0470271756e-07, 1.23142385178e-07, 1.28700477831e-07, 1.69853777265e-07, 2.43535652089e-07, 5.70700422031e-07, 6.75192453059e-08, 5.15092075659e-08, 5.43742117998e-08, 3.19829460693e-08, 3.02848306433e-08, 7.73220776296e-08, 2.62874291224e-08, 1.88535622669e-08, 9.76772263073e-09, 1.54396904151e-08, 9.96041382706e-09, 2.67633692985e-09, 2.39624431408e-09, 1.72452963021e-09, 6.72587874284e-10, 2.10867379113e-10, 1.199146199e-10, 9.86025289196e-11, 5.48915773946e-11, 3.13850785638e-11, 8.22131321354e-11, 3.49639796282e-11, 2.31280619656e-11, 4.10923899075e-11, 3.68660900418e-11, 5.45135638019e-11, 3.81155107476e-11, 4.37248119656e-11, 2.49070607888e-11, 2.19123504064e-11],
        "max": [0.0185041297227, 0.027413982898, 0.0157380104065, 0.0206030607224, 0.0033616241999, 0.00293213920668, 0.00254757213406, 0.0043190731667, 0.00420127855614, 0.00630372343585, 0.00313590164296, 0.00228856573813, 0.00230291904882, 0.00182428525295, 0.00115411088336, 0.00232012663037, 0.00246562669054, 0.00106583733577, 0.000884796609171, 0.00107894686516, 0.000814455386717, 0.000474083033623, 0.000304683984723, 0.000259970373008, 0.000197614266654, 7.47057492845e-05, 7.31704349164e-05, 9.18652513064e-05, 5.51093326067e-05, 4.31873340858e-05, 7.02414254192e-05, 6.30773283774e-05, 7.2988375905e-05, 0.000122335361084, 0.000108921769424, 0.000104346414446, 0.000107286279672, 0.000125086575281, 9.82978308457e-05, 5.88205475651e-05],
        "mean": [0.00267085130326, 0.00424059433863, 0.00209871609695, 0.000812144775409, 0.000251159217441, 0.000199239351787, 0.000236584339291, 0.000201312126592, 0.000202125593205, 0.000385248393286, 0.00016647236771, 0.000101099598396, 0.000133093926706, 0.000111321685836, 8.23350492283e-05, 0.000148190287291, 7.59559115977e-05, 0.000117138384667, 7.26688958821e-05, 8.61882654135e-05, 8.26158720884e-05, 3.72158574464e-05, 3.3928805351e-05, 3.07540940412e-05, 2.02548071684e-05, 1.36661601573e-05, 1.13524156404e-05, 7.43217015042e-06, 4.65569382868e-06, 4.00993803851e-06, 4.88807472721e-06, 3.32576223627e-06, 2.7332339414e-06, 2.36710729951e-06, 2.67379732577e-06, 2.53056759902e-06, 2.03791523745e-06, 2.29208467317e-06, 1.81463951776e-06, 1.65975586697e-06],
        "median": [0.00206603901461, 0.00355204287916, 0.00163680000696, 0.000300943182083, 0.000133118810481, 0.000123607766, 0.000155369416461, 0.00011698747403, 0.000109732325654, 0.000113568079541, 7.53899876145e-05, 4.04294369218e-05, 4.61068884761e-05, 5.95066048845e-05, 4.38071401732e-05, 7.23327029846e-05, 4.96772991028e-05, 8.64729008754e-05, 4.52994354418e-05, 6.02208638156e-05, 4.41983393102e-05, 2.29890465562e-05, 2.4007022148e-05, 2.31823796639e-05, 1.44694531627e-05, 1.04085320345e-05, 9.02286683413e-06, 5.25598261447e-06, 2.79610594589e-06, 2.33038031183e-06, 1.54273857333e-06, 1.36428548103e-06, 1.03795412087e-06, 6.6885780825e-07, 7.3912372045e-07, 5.58537692541e-07, 3.13962544851e-07, 2.8881905223e-07, 3.46341465729e-07, 3.71896362594e-07],
        "min": [4.78100400869e-06, 4.61221634396e-06, 1.0229837244e-06, 8.55752887219e-07, 2.07201864555e-07, 1.41446591329e-07, 3.27838201031e-08, 1.19310897162e-07, 7.65990932905e-08, 1.7149687892e-07, 1.68411659729e-07, 2.41855161676e-07, 1.32798788854e-07, 1.22616672371e-08, 9.84441772545e-09, 7.07013825263e-09, 6.56224097284e-09, 3.35349770175e-09, 3.82423515077e-09, 6.20378282079e-09, 6.42251540839e-09, 3.06779623926e-09, 1.92979188185e-09, 1.84309734141e-09, 2.8554087983e-09, 7.02156943699e-10, 1.09038811313e-09, 4.28990287737e-10, 4.16931406066e-10, 2.37049102569e-10, 2.72056155382e-10, 1.91857016385e-10, 2.25032950607e-10, 1.91209950651e-10, 2.27067101233e-10, 1.46987214067e-10, 1.3818365896e-10, 9.91565995978e-11, 2.09310638266e-10, 8.45813783595e-12],
