{
"highlevel": {
    "danceability": {
        "all": {
            "danceable": 0.0522158518434,
            "not_danceable": 0.947784125805
        },
        "probability": 0.947784125805,
        "value": "not_danceable"
    },
    "gender": {
        "all": {
            "female": 0.337488532066,
            "male": 0.662511467934
        },
        "probability": 0.662511467934,
        "value": "male"
    },
    "genre_dortmund": {
        "all": {
            "alternative": 0.182081788778,
            "blues": 0.139737293124,
            "electronic": 0.112044021487,
            "folkcountry": 0.0656998679042,
            "funksoulrnb": 0.0205095950514,
            "jazz": 0.0438600480556,
            "pop": 0.0382793582976,
            "raphiphop": 0.012497077696,
            "rock": 0.385290950537
        },
        "probability": 0.385290950537,
        "value": "rock"
    },
    "genre_electronic": {
        "all": {
            "ambient": 0.404899835587,
            "dnb": 0.0845055505633,
            "house": 0.0189049933106,
            "techno": 0.00667095417157,
            "trance": 0.485018670559
        },
        "probability": 0.485018670559,
        "value": "trance"
    },
    "genre_rosamerica": {
        "all": {
            "cla": 0.0112580573186,
            "dan": 0.00848791841418,
            "hip": 0.00425755418837,
            "jaz": 0.00999874435365,
            "pop": 0.205924734473,
            "rhy": 0.0135259255767,
            "roc": 0.743380010128,
            "spe": 0.00316703505814
        },
        "probability": 0.743380010128,
        "value": "roc"
    },
    "genre_tzanetakis": {
        "all": {
            "blu": 0.0626613423228,
            "cla": 0.0348169617355,
            "cou": 0.104475811124,
            "dis": 0.0784321576357,
            "hip": 0.15692435205,
            "jaz": 0.313974827528,
            "met": 0.0448166541755,
            "pop": 0.0627359300852,
            "reg": 0.0627360641956,
            "roc": 0.0784258767962
        },
        "probability": 0.313974827528,
        "value": "jaz"
    },
    "ismir04_rhythm": {
        "all": {
            "ChaChaCha": 0.191124603152,
            "Jive": 0.442709773779,
            "Quickstep": 0.0688631683588,
            "Rumba-American": 0.0121608553454,
            "Rumba-International": 0.00668468279764,
            "Rumba-Misc": 0.00330983661115,
            "Samba": 0.17991374433,
            "Tango": 0.0701595246792,
            "VienneseWaltz": 0.0216943901032,
            "Waltz": 0.00337942596525
        },
        "probability": 0.442709773779,
        "value": "Jive"
    },
    "mood_acoustic": {
        "all": {
            "acoustic": 0.00906705763191,
            "not_acoustic": 0.990932941437
        },
        "probability": 0.990932941437,
        "value": "not_acoustic"
    },
    "mood_aggressive": {
        "all": {
            "aggressive": 0.940501451492,
            "not_aggressive": 0.0594985447824
        },
        "probability": 0.940501451492,
        "value": "aggressive"
    },
    "mood_electronic": {
        "all": {
            "electronic": 0.811590313911,
            "not_electronic": 0.188409686089
        },
        "probability": 0.811590313911,
        "value": "electronic"
    },
    "mood_happy": {
        "all": {
            "happy": 0.609775900841,
            "not_happy": 0.390224128962
        },
        "probability": 0.609775900841,
        "value": "happy"
    },
    "mood_party": {
        "all": {
            "not_party": 0.150761559606,
            "party": 0.849238455296
        },
        "probability": 0.849238455296,
        "value": "party"
    },
    "mood_relaxed": {
        "all": {
            "not_relaxed": 0.88801920414,
            "relaxed": 0.11198079586
        },
        "probability": 0.88801920414,
        "value": "not_relaxed"
    },
    "mood_sad": {
        "all": {
            "not_sad": 0.939737081528,
            "sad": 0.0602629296482
        },
        "probability": 0.939737081528,
        "value": "not_sad"
    },
    "moods_mirex": {
        "all": {
            "Cluster1": 0.264960050583,
            "Cluster2": 0.0617797337472,
            "Cluster3": 0.0440886504948,
            "Cluster4": 0.167002111673,
            "Cluster5": 0.462169438601
        },
        "probability": 0.462169438601,
        "value": "Cluster5"
    },
    "timbre": {
        "all": {
            "bright": 0.779759347439,
            "dark": 0.220240652561
        },
        "probability": 0.779759347439,
        "value": "bright"
    },
    "tonal_atonal": {
        "all": {
            "atonal": 0.0128327840939,
            "tonal": 0.987167239189
        },
        "probability": 0.987167239189,
        "value": "tonal"
    },
    "voice_instrumental": {
        "all": {
            "instrumental": 0.337381631136,
            "voice": 0.662618398666
        },
        "probability": 0.662618398666,
        "value": "voice"
    }
},
"lowlevel": {
    "average_loudness": 0.975635886192,
    "barkbands_crest": {
        "dmean": 2.76349210739,
        "dmean2": 4.59727096558,
        "dvar": 5.9231543541,
        "dvar2": 15.4583683014,
        "max": 21.9302120209,
        "mean": 9.00350666046,
        "median": 8.42683601379,
        "min": 2.85423755646,
        "var": 11.9324560165
    },
    "barkbands_flatness_db": {
        "dmean": 0.0212530773133,
        "dmean2": 0.032206568867,
        "dvar": 0.000329456059262,
        "dvar2": 0.000711545697413,
        "max": 0.278446555138,
        "mean": 0.13670578599,
        "median": 0.130815953016,
        "min": 0.0656774491072,
        "var": 0.00111367471982
    },
    "barkbands_kurtosis": {
        "dmean": 1.25926840305,
        "dmean2": 1.98938941956,
        "dvar": 3.80565571785,
        "dvar2": 7.94582986832,
        "max": 49.4736213684,
        "mean": 0.587697207928,
        "median": -0.240600347519,
        "min": -1.74416077137,
        "var": 7.52846097946
    },
    "barkbands_skewness": {
        "dmean": 0.479593992233,
        "dmean2": 0.767164230347,
        "dvar": 0.182531163096,
        "dvar2": 0.427401542664,
        "max": 6.3182592392,
        "mean": 0.777329564095,
        "median": 0.662713050842,
        "min": -1.12799811363,
        "var": 0.620243608952
    },
    "barkbands_spread": {
        "dmean": 6.43173122406,
        "dmean2": 9.76874923706,
        "dvar": 32.6163253784,
        "dvar2": 79.2081069946,
        "max": 61.8062934875,
        "mean": 26.0996646881,
        "median": 25.7308750153,
        "min": 3.49417066574,
        "var": 80.5026931763
    },
    "dissonance": {
        "dmean": 0.019164128229,
        "dmean2": 0.0324864350259,
        "dvar": 0.00035374428262,
        "dvar2": 0.000969035492744,
        "max": 0.499992877245,
        "mean": 0.471215099096,
        "median": 0.477277338505,
        "min": 0.315490752459,
        "var": 0.000570990319829
    },
    "dynamic_complexity": 1.48777461052,
    "erbbands_crest": {
        "dmean": 3.86198115349,
        "dmean2": 6.27938842773,
        "dvar": 11.5904035568,
        "dvar2": 29.3635902405,
        "max": 32.9512748718,
        "mean": 10.71525383,
        "median": 9.01587104797,
        "min": 2.87869787216,
        "var": 32.2229537964
    },
    "erbbands_flatness_db": {
        "dmean": 0.022592490539,
        "dmean2": 0.034889627248,
        "dvar": 0.0003812428331,
        "dvar2": 0.000910680682864,
        "max": 0.30136269331,
        "mean": 0.1733058393,
        "median": 0.170997306705,
        "min": 0.0925084352493,
        "var": 0.00117181881797
    },
    "erbbands_kurtosis": {
        "dmean": 1.41282474995,
        "dmean2": 2.35099840164,
        "dvar": 3.92606735229,
        "dvar2": 10.4668130875,
        "max": 25.7564163208,
        "mean": 1.17645514011,
        "median": 0.587536334991,
        "min": -1.51264691353,
        "var": 5.36531019211
    },
    "erbbands_skewness": {
        "dmean": 0.408338427544,
        "dmean2": 0.650752127171,
        "dvar": 0.106066770852,
        "dvar2": 0.273433566093,
        "max": 2.27685165405,
        "mean": 0.13229072094,
        "median": 0.111435577273,
        "min": -1.68891310692,
        "var": 0.254123985767
    },
    "erbbands_spread": {
        "dmean": 8.36654281616,
        "dmean2": 13.0157155991,
        "dvar": 56.3367118835,
        "dvar2": 133.694641113,
        "max": 84.519859314,
        "mean": 27.6961307526,
        "median": 25.2523784637,
        "min": 3.74407577515,
        "var": 167.74899292
    },
    "hfc": {
        "dmean": 11.4184103012,
        "dmean2": 17.1397399902,
        "dvar": 121.375846863,
        "dvar2": 253.778060913,
        "max": 103.042541504,
        "mean": 28.9659767151,
        "median": 26.2655525208,
        "min": 2.50348997116,
        "var": 319.420349121
    },
    "melbands_crest": {
        "dmean": 3.27115511894,
        "dmean2": 5.36846780777,
        "dvar": 7.25003767014,
        "dvar2": 19.0636482239,
        "max": 28.3347034454,
        "mean": 12.5335960388,
        "median": 12.0188360214,
        "min": 4.0596985817,
        "var": 16.5715255737
    },
    "melbands_flatness_db": {
        "dmean": 0.0270133260638,
        "dmean2": 0.0400286875665,
        "dvar": 0.000538947817404,
        "dvar2": 0.00113860028796,
        "max": 0.345928877592,
        "mean": 0.178908646107,
        "median": 0.171588435769,
        "min": 0.0716491118073,
        "var": 0.00219378178008
    },
    "melbands_kurtosis": {
        "dmean": 3.44407439232,
        "dmean2": 5.42083930969,
        "dvar": 28.7958469391,
        "dvar2": 63.7833442688,
        "max": 126.843719482,
        "mean": 4.46619415283,
        "median": 2.09784889221,
        "min": -1.72237753868,
        "var": 55.7610282898
    },
    "melbands_skewness": {
        "dmean": 0.673081219196,
        "dmean2": 1.06462240219,
        "dvar": 0.385704100132,
        "dvar2": 0.922719478607,
        "max": 9.09939193726,
        "mean": 1.69244325161,
        "median": 1.51024341583,
        "min": -1.02579855919,
        "var": 1.22164046764
    },
    "melbands_spread": {
        "dmean": 7.99812459946,
        "dmean2": 12.6329278946,
        "dvar": 49.2103729248,
        "dvar2": 120.431968689,
        "max": 70.3291702271,
        "mean": 31.1585559845,
        "median": 30.902721405,
        "min": 2.0738928318,
        "var": 153.49520874
    },
    "pitch_salience": {
        "dmean": 0.0793329104781,
        "dmean2": 0.132437542081,
        "dvar": 0.00438031600788,
        "dvar2": 0.0111807789654,
        "max": 0.858885765076,
        "mean": 0.543648958206,
        "median": 0.544163167477,
        "min": 0.246114552021,
        "var": 0.00890100188553
    },
    "silence_rate_20dB": {
        "dmean": 0,
        "dmean2": 0,
        "dvar": 0,
        "dvar2": 0,
        "max": 1,
        "mean": 1,
        "median": 1,
        "min": 1,
        "var": 0
    },
    "silence_rate_30dB": {
        "dmean": 0,
        "dmean2": 0,
        "dvar": 0,
        "dvar2": 0,
        "max": 1,
        "mean": 1,
        "median": 1,
        "min": 1,
        "var": 0
    },
    "silence_rate_60dB": {
        "dmean": 0,
        "dmean2": 0,
        "dvar": 0,
        "dvar2": 0,
        "max": 0,
        "mean": 0,
        "median": 0,
        "min": 0,
        "var": 0
    },
    "spectral_centroid": {
        "dmean": 320.974700928,
        "dmean2": 494.811676025,
        "dvar": 94827.0859375,
        "dvar2": 239564.6875,
        "max": 3204.56787109,
        "mean": 1481.21118164,
        "median": 1460.31689453,
        "min": 414.224334717,
        "var": 222258.4375
    },
    "spectral_complexity": {
        "dmean": 5.21594429016,
        "dmean2": 7.5739736557,
        "dvar": 19.3240737915,
        "dvar2": 36.3498001099,
        "max": 52,
        "mean": 25.7656612396,
        "median": 26,
        "min": 5,
        "var": 76.1576309204
    },
    "spectral_decrease": {
        "dmean": 2.79443912454e-09,
        "dmean2": 4.36824354466e-09,
        "dvar": 8.76987638777e-18,
        "dvar2": 1.94699357215e-17,
        "max": -9.60661661331e-10,
        "mean": -8.42902458942e-09,
        "median": -7.95376564611e-09,
        "min": -2.92358386389e-08,
        "var": 1.65465040745e-17
    },
    "spectral_energy": {
        "dmean": 0.0113424686715,
        "dmean2": 0.0176311582327,
        "dvar": 0.000141725089634,
        "dvar2": 0.000310947420076,
        "max": 0.113986924291,
        "mean": 0.0344403907657,
        "median": 0.0323635861278,
        "min": 0.0038850910496,
        "var": 0.000274874299066
    },
    "spectral_energyband_high": {
        "dmean": 0.000621829705779,
        "dmean2": 0.000987118342891,
        "dvar": 6.25783286523e-07,
        "dvar2": 1.59790749876e-06,
        "max": 0.00570263853297,
        "mean": 0.000915474898648,
        "median": 0.000644228479359,
        "min": 3.42969324265e-05,
        "var": 8.00708448878e-07
    },
    "spectral_energyband_low": {
        "dmean": 0.0050837751478,
        "dmean2": 0.00834552571177,
        "dvar": 3.41501909134e-05,
        "dvar2": 8.76824415172e-05,
        "max": 0.054319806397,
        "mean": 0.0113996947184,
        "median": 0.0100235072896,
        "min": 0.000218002940528,
        "var": 6.0344227677e-05
    },
    "spectral_energyband_middle_high": {
        "dmean": 0.0056385747157,
        "dmean2": 0.00863813143224,
        "dvar": 3.70719462808e-05,
        "dvar2": 9.1548266937e-05,
        "max": 0.0513596683741,
        "mean": 0.0125850625336,
        "median": 0.0102902986109,
        "min": 0.00032000473584,
        "var": 8.56626065797e-05
    },
    "spectral_energyband_middle_low": {
        "dmean": 0.00588206155226,
        "dmean2": 0.00941786076874,
        "dvar": 6.76745548844e-05,
        "dvar2": 0.000155334739247,
        "max": 0.0974588915706,
        "mean": 0.0107153337449,
        "median": 0.00780313322321,
        "min": 0.000758041453082,
        "var": 9.66361258179e-05
    },
    "spectral_entropy": {
        "dmean": 0.151792794466,
        "dmean2": 0.225772917271,
        "dvar": 0.0182470176369,
        "dvar2": 0.0392764620483,
        "max": 8.32813549042,
        "mean": 7.67492008209,
        "median": 7.70980596542,
        "min": 6.16513347626,
        "var": 0.0622580610216
    },
    "spectral_flux": {
        "dmean": 0.0283623486757,
        "dmean2": 0.0428460650146,
        "dvar": 0.000763986201491,
        "dvar2": 0.00154130568262,
        "max": 0.242059901357,
        "mean": 0.106146216393,
        "median": 0.0995559990406,
        "min": 0.0259875692427,
        "var": 0.00157796975691
    },
    "spectral_kurtosis": {
        "dmean": 1.81186318398,
        "dmean2": 3.02669596672,
        "dvar": 2.60599756241,
        "dvar2": 7.2277712822,
        "max": 16.4814929962,
        "mean": 3.84496450424,
        "median": 3.37966060638,
        "min": -0.0423083305359,
        "var": 5.26550531387
    },
    "spectral_rms": {
        "dmean": 0.000946330488659,
        "dmean2": 0.00144739577081,
        "dvar": 8.03246905434e-07,
        "dvar2": 1.68856809069e-06,
        "max": 0.0105454614386,
        "mean": 0.00563000282273,
        "median": 0.00561909517273,
        "min": 0.00194687768817,
        "var": 1.90342757378e-06
    },
    "spectral_rolloff": {
        "dmean": 409.746948242,
        "dmean2": 696.201416016,
        "dvar": 282050.6875,
        "dvar2": 733150.1875,
        "max": 4478.90625,
        "mean": 1489.05725098,
        "median": 1507.32421875,
        "min": 107.666015625,
        "var": 400447.40625
    },
    "spectral_skewness": {
        "dmean": 0.281626850367,
        "dmean2": 0.450196385384,
        "dvar": 0.0511581487954,
        "dvar2": 0.130160704255,
        "max": 2.99465513229,
        "mean": 1.3976238966,
        "median": 1.37574338913,
        "min": 0.397374272346,
        "var": 0.133619815111
    },
    "spectral_spread": {
        "dmean": 502771.125,
        "dmean2": 757939.25,
        "dvar": 328376385536,
        "dvar2": 555931992064,
        "max": 17490224,
        "mean": 3758962.75,
        "median": 3666362,
        "min": 1936134.125,
        "var": 722917195776
    },
    "spectral_strongpeak": {
        "dmean": 0.956790685654,
        "dmean2": 1.69082856178,
        "dvar": 2.23420166969,
        "dvar2": 5.70238924026,
        "max": 9.22937107086,
        "mean": 1.13499474525,
        "median": 0.350338995457,
        "min": 0.0420102588832,
        "var": 2.65651297569
    },
    "zerocrossingrate": {
        "dmean": 0.00936351064593,
        "dmean2": 0.0113405305892,
        "dvar": 6.78072537994e-05,
        "dvar2": 9.55541909207e-05,
        "max": 0.12939453125,
        "mean": 0.058057885617,
        "median": 0.05810546875,
        "min": 0.01025390625,
        "var": 0.000301070569549
    },
    "barkbands": {
        "dmean": [0.000250860233791, 0.00389355630614, 0.0016868498642, 0.0011404377874, 0.00261740828864, 0.00206636940129, 0.00062547379639, 0.000645674590487, 0.000642373517621, 0.00168865453452, 0.000808084965684, 0.00173458654899, 0.000879939005245, 0.000707217201125, 0.00184739392716, 0.000458845053799, 0.000429727719165, 0.00019397053984, 0.000148756371345, 0.000258249609033, 0.000211046412005, 0.00018181357882, 0.000117868185043, 5.16866894031e-05, 2.84166035271e-05, 3.50419122697e-06, 3.52536266846e-09],
        "dmean2": [0.000453825137811, 0.00641807354987, 0.00291069154628, 0.00201569404453, 0.00426455540583, 0.00347462296486, 0.00107403087895, 0.000995637499727, 0.00107186089735, 0.00267503922805, 0.00134562503081, 0.00284378393553, 0.00138473405968, 0.0011362232035, 0.00300005171448, 0.000772635976318, 0.000705298501998, 0.000299026782159, 0.000237162283156, 0.000442519114586, 0.00035607162863, 0.000294020748697, 0.000185891491128, 8.88614958967e-05, 4.47187267127e-05, 6.03371199759e-06, 5.15682030411e-09],
        "dvar": [1.81581270908e-07, 2.26366828429e-05, 6.3731681621e-06, 3.48667390426e-06, 3.39861944667e-05, 6.67625226924e-06, 9.00239399471e-07, 1.12888528747e-06, 8.45998044952e-07, 7.77079549152e-06, 1.84768396139e-06, 1.17427107398e-05, 4.52696394859e-06, 1.86692386706e-06, 1.18504458442e-05, 4.24459500437e-07, 4.80556366256e-07, 8.25151929007e-08, 4.3074152245e-08, 1.60872971833e-07, 1.04173892623e-07, 7.51601945126e-08, 2.27924559226e-08, 8.07544964232e-09, 1.55266532964e-09, 3.83098587575e-11, 2.29868965896e-15],
        "dvar2": [5.7306533563e-07, 6.25544780632e-05, 1.76819194166e-05, 9.6977018984e-06, 7.83397772466e-05, 1.77075289685e-05, 2.38443135459e-06, 2.73868295153e-06, 2.29662987294e-06, 1.88729900401e-05, 4.76838749819e-06, 3.298039519e-05, 1.05585413621e-05, 4.68964844913e-06, 2.85629284917e-05, 1.13408577818e-06, 1.2131308722e-06, 1.85768953997e-07, 1.04453938832e-07, 4.41697409315e-07, 2.81078882836e-07, 1.92135715338e-07, 5.29104724478e-08, 2.20135394358e-08, 3.54603946207e-09, 9.39891636742e-11, 2.33100311887e-15],
        "max": [0.00536239147186, 0.0482534430921, 0.0178013518453, 0.0150890983641, 0.0778342336416, 0.025938488543, 0.00953231099993, 0.0210132282227, 0.0118340114132, 0.0326293334365, 0.0185151435435, 0.0396157167852, 0.0407472886145, 0.0263670217246, 0.036371819675, 0.0060911430046, 0.00924240797758, 0.00375979673117, 0.00330457068048, 0.00324739329517, 0.00234091025777, 0.00337433395907, 0.00136736594141, 0.000804515555501, 0.0003584883234, 9.55469076871e-05, 1.64906805367e-06],
        "mean": [0.000336803757818, 0.00793573446572, 0.00249707512558, 0.00134579150472, 0.00315431272611, 0.00247269356623, 0.000823555572424, 0.000940421712585, 0.000958107353654, 0.00266024121083, 0.00119079952128, 0.0025725918822, 0.00128494203091, 0.00107307569124, 0.00225212890655, 0.000648991786875, 0.000628278241493, 0.000319841026794, 0.000270324700978, 0.000307273090584, 0.000259181659203, 0.000239583270741, 0.000173230509972, 5.51709272258e-05, 3.71156638721e-05, 3.12786892209e-06, 3.09830450185e-09],
        "median": [0.000113341695396, 0.00687151169404, 0.00179830309935, 0.000755148241296, 0.00143265002407, 0.00130389234982, 0.000428279337939, 0.000507464632392, 0.000585778849199, 0.00126994727179, 0.000644077779725, 0.000836158520542, 0.000512180267833, 0.000600987637881, 0.00120288517792, 0.000445049605332, 0.000383385078749, 0.00018428437761, 0.000172725238372, 0.000178024041816, 0.000165347431903, 0.000138566887472, 0.000109676009743, 2.84730758722e-05, 1.79671733349e-05, 6.51804725749e-07, 6.00724414657e-10],
        "min": [7.34449727702e-08, 0.000129382839077, 1.82059629878e-05, 1.21122338896e-05, 3.96570430894e-05, 4.26485275966e-05, 1.15916027426e-05, 1.73839471245e-05, 2.05079395528e-05, 1.13841397251e-05, 9.28788813326e-06, 1.06889374365e-05, 8.28858173918e-06, 2.35856696236e-05, 4.14639289374e-05, 7.90919057181e-06, 6.95376002113e-06, 2.19114258471e-06, 3.89074557461e-06, 7.67003257351e-06, 6.93836409482e-06, 6.60666546537e-06, 3.91438561564e-06, 1.11863266739e-06, 7.06874416778e-08, 2.33683194323e-11, 1.85271121361e-11],
        "var": [2.45602279847e-07, 3.70001325791e-05, 6.16997976977e-06, 3.00361602967e-06, 3.7051828258e-05, 8.7943571998e-06, 1.4189824924e-06, 2.08371488952e-06, 1.21005848541e-06, 1.5106185856e-05, 2.75196248367e-06, 2.20134061237e-05, 8.47022602102e-06, 3.30004831994e-06, 1.23138215713e-05, 4.89758917865e-07, 6.40442806343e-07, 1.58463024036e-07, 9.62544035588e-08, 1.46560850567e-07, 9.58195087719e-08, 8.31637692045e-08, 3.15872377143e-08, 6.63600241424e-09, 2.13988671227e-09, 4.52835789699e-11, 2.29326017777e-15]
    },
    "erbbands": {
        "dmean": [0.10703856498, 0.927492141724, 2.02382254601, 2.77110123634, 8.76854991913, 7.48678779602, 7.27996301651, 20.9692020416, 14.6141729355, 6.39454030991, 16.3921508789, 15.1002140045, 35.6256904602, 47.1932487488, 37.9373245239, 80.9346618652, 38.6714248657, 42.105846405, 72.8062438965, 62.8696899414, 24.0331916809, 19.7243804932, 11.1289215088, 8.70414352417, 8.82299137115, 11.2596912384, 9.59462070465, 8.97922325134, 6.05482625961, 3.90411877632, 3.9721622467, 1.33042287827, 0.750770032406, 0.233795598149, 0.321947067976, 0.0334800444543, 0.00856434646994, 0.000456806999864, 1.61436491908e-05, 1.40879419632e-05],
        "dmean2": [0.180445998907, 1.53386235237, 3.46839380264, 4.90941095352, 14.1574106216, 12.460931778, 11.7262048721, 35.4019241333, 25.35414505, 10.0300712585, 25.4335212708, 24.7051620483, 56.4766960144, 77.3931732178, 62.274684906, 133.385787964, 60.6615219116, 67.9489517212, 117.951576233, 101.617385864, 39.2266578674, 31.8145656586, 16.7361221313, 13.7130918503, 14.4464521408, 18.9848117828, 16.4861755371, 14.6627979279, 9.68164253235, 6.53006839752, 6.25730133057, 2.21476364136, 1.31463980675, 0.405058383942, 0.503020226955, 0.053594302386, 0.014698240906, 0.00078396074241, 2.51116052823e-05, 2.15706659219e-05],
        "dvar": [0.0262868329883, 1.18199539185, 6.49787664413, 25.6853466034, 406.286132812, 247.950149536, 83.5040283203, 718.912658691, 445.739990234, 70.368598938, 860.943603516, 426.203308105, 3117.2421875, 6622.40185547, 4086.02441406, 30018.4453125, 6531.00244141, 6159.52539062, 17014.5117188, 11366.0166016, 1194.71203613, 995.403808594, 262.138153076, 273.347045898, 114.725120544, 285.458984375, 263.493988037, 163.353164673, 72.8889770508, 40.1870422363, 28.1340732574, 4.57727479935, 2.02420377731, 0.170244708657, 0.232731059194, 0.00230350787751, 0.00021384091815, 9.82710162134e-07, 4.50307152677e-10, 2.03522740327e-10],
        "dvar2": [0.0754033476114, 3.19717335701, 17.8191070557, 71.403717041, 963.767028809, 625.960510254, 203.112030029, 1892.99511719, 1182.80212402, 170.176803589, 2098.29003906, 1130.38647461, 7479.11328125, 16241.2548828, 10442.5429688, 84572.3203125, 15398.1445312, 16386.3398438, 43943.3085938, 26812.8300781, 3158.44897461, 2499.75976562, 591.418884277, 653.84185791, 289.877044678, 780.793273926, 725.733825684, 418.514465332, 179.0965271, 108.53578949, 66.1553878784, 12.4929971695, 5.60070133209, 0.460237801075, 0.524923801422, 0.00535741262138, 0.000531578203663, 2.39966243498e-06, 9.79402225987e-10, 4.32322566635e-10],
        "max": [1.6384781599, 10.9436407089, 19.7756462097, 42.5693435669, 275.394378662, 172.651168823, 92.274230957, 243.984451294, 245.91293335, 86.6442260742, 572.470947266, 229.346572876, 1043.56640625, 1039.87536621, 725.285400391, 2010.48693848, 1526.14929199, 1304.19519043, 1497.5402832, 1103.94299316, 323.869659424, 458.104827881, 203.470413208, 437.165252686, 81.514465332, 137.107772827, 132.688537598, 111.919631958, 91.8711471558, 52.0271720886, 48.5998420715, 19.7219772339, 12.1060380936, 3.45303440094, 4.98618841171, 0.678727447987, 0.171905487776, 0.0136732915416, 0.000300676649204, 0.000127393301227],
        "mean": [0.206103160977, 1.80489349365, 3.55005383492, 3.58008003235, 9.94237613678, 8.5808095932, 9.41796016693, 23.3273239136, 18.7299156189, 10.1927947998, 23.0993041992, 24.7935676575, 63.0823287964, 68.9480133057, 60.9138526917, 121.230606079, 62.7505073547, 66.709526062, 97.0748443604, 78.2140045166, 36.6337127686, 30.5164375305, 19.4928722382, 15.3959512711, 13.8604850769, 14.1346521378, 11.2196321487, 11.4017896652, 8.33964920044, 4.8975725174, 5.73110437393, 1.57843697071, 0.740539431572, 0.253106862307, 0.402768552303, 0.0400094501674, 0.007737159729, 0.000412762805354, 3.22799169226e-05, 4.2869382014e-05],
        "median": [0.137474641204, 1.52938437462, 2.97079372406, 2.15315175056, 4.14602565765, 4.08984994888, 5.76332759857, 11.3371114731, 8.49400806427, 6.22275495529, 12.636759758, 15.8647737503, 27.0200576782, 34.1978874207, 37.0011367798, 37.6279907227, 30.6950798035, 38.313873291, 54.9052810669, 43.6675720215, 26.2152061462, 19.5221614838, 11.57284832, 9.25879001617, 9.4376449585, 8.34351825714, 6.69266653061, 6.60618495941, 5.07738304138, 2.9105079174, 3.48479127884, 0.945427536964, 0.337106257677, 0.123523198068, 0.174011781812, 0.0183816496283, 0.00174827012233, 8.0970734416e-05, 2.47747448157e-05, 4.11399705627e-05],
        "min": [0.00207121646963, 0.00901995040476, 0.0310310404748, 0.0529391914606, 0.216772928834, 0.148024529219, 0.0968566685915, 0.50912553072, 0.218399316072, 0.259451955557, 0.415368586779, 0.655235171318, 0.944876372814, 1.16276478767, 0.919675469398, 0.539734601974, 0.641409516335, 1.5133023262, 1.87869119644, 1.22979605198, 0.795552253723, 0.434851467609, 0.232133194804, 0.205672368407, 0.244260489941, 0.383628696203, 0.300020605326, 0.284324854612, 0.206663608551, 0.131896734238, 0.0891774818301, 0.0375556387007, 0.00908178370446, 0.00308934901841, 0.00110946816858, 0.000154875204316, 2.13366165553e-05, 1.95849747797e-06, 3.28267947225e-06, 5.37693813385e-06],
        "var": [0.0494912043214, 1.90055751801, 7.68626213074, 19.865776062, 424.593719482, 240.247924805, 116.866638184, 894.363708496, 917.715393066, 131.553756714, 1421.17211914, 726.134277344, 11954.9267578, 9714.3828125, 6510.71484375, 55170.9257812, 12674.2421875, 9853.67871094, 17854.640625, 12418.9941406, 1495.16650391, 1392.35852051, 531.974304199, 509.73526001, 189.830093384, 284.931182861, 214.280761719, 178.211868286, 88.7550201416, 36.171005249, 37.8940505981, 4.09265899658, 1.51014637947, 0.146967694163, 0.305973827839, 0.00317235710099, 0.000239135260927, 1.14045883493e-06, 7.38223926433e-10, 4.24407703425e-10]
    },
    "gfcc": {
        "mean": [28.5863723755, 112.025802612, -142.682434082, 43.9358253479, -57.8616104126, 34.1921043396, -31.3729782104, 3.09379124641, -15.9005765915, 2.32769179344, -13.1883487701, -1.56756746769, 0.0824033692479],
        "cov": [[1470.29223633, -473.195373535, -166.59954834, 45.4239654541, -1.24328005314, -24.8978347778, -99.0802459717, 3.78924322128, -106.274703979, 100.999252319, -94.7804031372, 76.2059326172, -142.186187744], [-473.195373535, 542.667175293, -48.5101356506, -126.148498535, 60.1858482361, -70.5987930298, 33.9265594482, -45.3441505432, 98.3253173828, -118.202651978, 68.3375549316, -47.4800376892, 76.0623550415], [-166.59954834, -48.5101356506, 380.541534424, 72.3523635864, -42.7331924438, 47.9278717041, -8.47920703888, 6.11401033401, 4.803191185, 74.9898681641, -79.3493347168, 31.3664989471, 16.7500286102], [45.4239654541, -126.148498535, 72.3523635864, 176.111831665, 0.130550771952, 33.8423728943, 3.53260588646, 13.8356227875, -14.5579833984, 16.0284042358, 4.62215852737, -22.8150463104, 2.90794610977], [-1.24328005314, 60.1858482361, -42.7331924438, 0.130550771952, 148.004898071, 24.5416316986, 16.2408847809, 5.60411214828, 8.61019802094, -16.5640602112, 8.97456073761, 2.35349869728, -24.5487575531], [-24.8978347778, -70.5987930298, 47.9278717041, 33.8423728943, 24.5416316986, 107.964157104, 42.7926979065, 21.2108840942, -2.06880617142, 15.2091112137, -4.25322580338, -1.91071820259, 4.32978582382], [-99.0802459717, 33.9265594482, -8.47920703888, 3.53260588646, 16.2408847809, 42.7926979065, 111.669540405, 46.9069519043, 17.4174804688, -18.1790828705, 34.3883132935, -5.938975811, 9.50297927856], [3.78924322128, -45.3441505432, 6.11401033401, 13.8356227875, 5.60411214828, 21.2108840942, 46.9069519043, 83.9864196777, 24.1362133026, 12.3624372482, -2.15588760376, -6.47341442108, -1.06766021252], [-106.274703979, 98.3253173828, 4.803191185, -14.5579833984, 8.61019802094, -2.06880617142, 17.4174804688, 24.1362133026, 89.2528152466, 14.3539323807, 10.9534196854, -15.3175201416, 22.6953887939], [100.999252319, -118.202651978, 74.9898681641, 16.0284042358, -16.5640602112, 15.2091112137, -18.1790828705, 12.3624372482, 14.3539323807, 107.014595032, -4.11230516434, 33.0593490601, -15.0031023026], [-94.7804031372, 68.3375549316, -79.3493347168, 4.62215852737, 8.97456073761, -4.25322580338, 34.3883132935, -2.15588760376, 10.9534196854, -4.11230516434, 124.465667725, 4.21909999847, 26.99584198], [76.2059326172, -47.4800376892, 31.3664989471, -22.8150463104, 2.35349869728, -1.91071820259, -5.938975811, -6.47341442108, -15.3175201416, 33.0593490601, 4.21909999847, 94.6514511108, -1.06826710701], [-142.186187744, 76.0623550415, 16.7500286102, 2.90794610977, -24.5487575531, 4.32978582382, 9.50297927856, -1.06766021252, 22.6953887939, -15.0031023026, 26.99584198, -1.06826710701, 80.8618621826]],
        "icov": [[0.00134867487941, 0.000346823071595, 0.0013271656353, -0.000700648350175, 8.44926398713e-05, 0.000246099167271, 0.000299670762615, -0.000120660879475, 0.000648283341434, -0.00127056532074, 0.00136984593701, -0.0010095561156, 0.000882840249687], [0.000346823071595, 0.0125785591081, -0.00526434881613, 0.00786221958697, -0.00621240073815, 0.00730803981423, -0.00297107058577, 0.00786600355059, -0.0119083244354, 0.0120191425085, -0.00636853137985, 0.00443196250126, -0.00448166951537], [0.0013271656353, -0.00526434881613, 0.00851494912058, -0.00617218669504, 0.00358119793236, -0.00372391170822, 0.000135529699037, -0.00218582502566, 0.00565132964402, -0.0097321420908, 0.00825817976147, -0.00436959089711, 0.000778937595896], [-0.000700648350175, 0.00786221958697, -0.00617218669504, 0.0131489122286, -0.00462209898978, 0.00303950323723, -0.000646209577098, 0.00315880146809, -0.0055213579908, 0.00795202888548, -0.00727228540927, 0.00668576871976, -0.00372894061729], [8.44926398713e-05, -0.00621240073815, 0.00358119793236, -0.00462209898978, 0.0118738049641, -0.00682699773461, 0.00234991917387, -0.00383804715239, 0.00296723702922, -0.00306669762358, 0.00244425982237, -0.00451444415376, 0.00678263790905], [0.000246099167271, 0.00730803981423, -0.00372391170822, 0.00303950323723, -0.00682699773461, 0.0185606162995, -0.00859268847853, 0.00520179374143, -0.00376497325487, 0.00256617483683, -0.0011969282059, 0.00427809869871, -0.00577844073996], [0.000299670762615, -0.00297107058577, 0.000135529699037, -0.000646209577098, 0.00234991917387, -0.00859268847853, 0.0193344578147, -0.0113834040239, 0.000908838876057, 0.0036924968008, -0.0047822156921, -0.00261322641745, 0.00405987445265], [-0.000120660879475, 0.00786600355059, -0.00218582502566, 0.00315880146809, -0.00383804715239, 0.00520179374143, -0.0113834040239, 0.0239634141326, -0.0111330840737, 0.00379156158306, -0.000247217860306, 0.00350383552723, -0.00310461828485], [0.000648283341434, -0.0119083244354, 0.00565132964402, -0.0055213579908, 0.00296723702922, -0.00376497325487, 0.000908838876057, -0.0111330840737, 0.0288789533079, -0.0183566045016, 0.00727163627744, 0.000188099918887, -0.00171848176979], [-0.00127056532074, 0.0120191425085, -0.0097321420908, 0.00795202888548, -0.00306669762358, 0.00256617483683, 0.0036924968008, 0.00379156158306, -0.0183566045016, 0.0311841126531, -0.0124459825456, -0.000474015891086, 0.00182464695536], [0.00136984593701, -0.00636853137985, 0.00825817976147, -0.00727228540927, 0.00244425982237, -0.0011969282059, -0.0047822156921, -0.000247217860306, 0.00727163627744, -0.0124459825456, 0.0188275575638, -0.00453132484108, -0.00238058785908], [-0.0010095561156, 0.00443196250126, -0.00436959089711, 0.00668576871976, -0.00451444415376, 0.00427809869871, -0.00261322641745, 0.00350383552723, 0.000188099918887, -0.000474015891086, -0.00453132484108, 0.0172773692757, -0.00492532970384], [0.000882840249687, -0.00448166951537, 0.000778937595896, -0.00372894061729, 0.00678263790905, -0.00577844073996, 0.00405987445265, -0.00310461828485, -0.00171848176979, 0.00182464695536, -0.00238058785908, -0.00492532970384, 0.0215085446835]]
    },
    "melbands": {
        "dmean": [0.00101684092078, 0.00107627839316, 0.000612796633504, 0.000639115169179, 0.000241975983954, 0.000448434439022, 0.000205661403015, 7.57986490498e-05, 0.000131968583446, 9.82760611805e-05, 0.000187141034985, 0.000208244746318, 0.000110342742119, 0.000190631661098, 0.000134665810037, 9.26380598685e-05, 8.12903090264e-05, 9.86264858511e-05, 0.000140108153573, 4.65589073428e-05, 2.96903272101e-05, 2.36139803746e-05, 1.44089008245e-05, 8.89560487849e-06, 7.46743035052e-06, 5.94581661062e-06, 9.16774479265e-06, 6.98902385921e-06, 7.10827907824e-06, 3.58900319952e-06, 6.76997069604e-06, 4.16925195168e-06, 2.59364173871e-06, 1.95454026652e-06, 3.21950096804e-06, 1.02969681848e-06, 6.88657223691e-07, 6.18091405613e-07, 2.62728917733e-07, 1.94235070694e-07],
        "dmean2": [0.00167847878765, 0.00182419468183, 0.00104203645606, 0.00105292629451, 0.000391286856029, 0.000755370594561, 0.000356999225914, 0.000117655457871, 0.000205056581763, 0.000162701893714, 0.000295731500955, 0.000341983075486, 0.000180864517461, 0.000313922239002, 0.000220295740291, 0.000145979400259, 0.000133035282488, 0.000162219905178, 0.000229392244364, 7.81644703238e-05, 4.91872779094e-05, 3.87928630516e-05, 2.22917096835e-05, 1.38359746416e-05, 1.19477463159e-05, 9.44111070567e-06, 1.59224055096e-05, 1.17408771985e-05, 1.23816635096e-05, 6.05149762123e-06, 1.09530737973e-05, 6.69072505843e-06, 4.43913495474e-06, 3.23967924487e-06, 5.08026960233e-06, 1.73375599388e-06, 1.17471790873e-06, 1.0843639302e-06, 4.60787163092e-07, 3.43894356547e-07],
        "dvar": [1.8726327653e-06, 1.45104991134e-06, 1.07850257791e-06, 2.27543159781e-06, 1.03550249264e-07, 3.28122780502e-07, 8.67215419476e-08, 9.6780139458e-09, 5.33982813522e-08, 2.00606695699e-08, 8.99239793739e-08, 1.40481986932e-07, 3.34664491675e-08, 1.14648173621e-07, 6.93697401744e-08, 6.02492846724e-08, 2.62304862275e-08, 2.66636792645e-08, 7.89046978866e-08, 4.6669712539e-09, 2.21768536868e-09, 1.49687606754e-09, 5.49396361738e-10, 1.70007508071e-10, 2.39249925427e-10, 5.64775726186e-11, 2.50810261448e-10, 1.03254828299e-10, 1.62833191375e-10, 3.02496465376e-11, 1.01511951622e-10, 4.45496278756e-11, 1.88169427956e-11, 9.2397322432e-12, 2.10763611425e-11, 2.7049415225e-12, 1.40926452365e-12, 1.39284688384e-12, 2.34657535373e-13, 1.31006262696e-13],
        "dvar2": [5.25832319909e-06, 3.81636891689e-06, 2.83488475361e-06, 5.2908253565e-06, 2.52583475913e-07, 8.71568886396e-07, 2.30993791206e-07, 2.33543460126e-08, 1.29423312956e-07, 5.4225857582e-08, 2.16029462763e-07, 3.4445238839e-07, 8.40482385911e-08, 3.11944063469e-07, 1.96147055931e-07, 1.41050790603e-07, 7.05594089823e-08, 6.94077826324e-08, 1.82075183375e-07, 1.21915952889e-08, 5.89619286728e-09, 3.84544307508e-09, 1.24074128749e-09, 3.90673576822e-10, 5.89839344034e-10, 1.32500482808e-10, 6.85311252191e-10, 2.81041995231e-10, 4.52728993183e-10, 8.20967877013e-11, 2.57392496206e-10, 1.11474204867e-10, 5.21466758663e-11, 2.46279611288e-11, 5.10499247042e-11, 7.45063906404e-12, 3.86222477611e-12, 3.85420081267e-12, 6.55162989832e-13, 3.57298094106e-13],
        "max": [0.0137568544596, 0.0104836281389, 0.0109607381746, 0.0203862711787, 0.00291972467676, 0.0057261204347, 0.00339253968559, 0.00109698507003, 0.0042385738343, 0.00177795125637, 0.00519211031497, 0.00477495463565, 0.00200427090749, 0.00387044856325, 0.00324774277397, 0.00472485041246, 0.00297162798233, 0.0018334556371, 0.00294051808305, 0.000641330901999, 0.000475319364341, 0.000534588296432, 0.000332348397933, 0.000153061002493, 0.000408914987929, 8.16011452116e-05, 0.000144776815432, 8.25441238703e-05, 0.000109351531137, 4.47746642749e-05, 0.000108075393655, 7.88133547758e-05, 3.95721799578e-05, 2.80215135717e-05, 4.21947770519e-05, 1.39077092172e-05, 1.2625772797e-05, 1.04439805e-05, 3.73600755665e-06, 3.29720910486e-06],
        "mean": [0.00202944944613, 0.00212315097451, 0.00079956027912, 0.000746789155528, 0.000311011477606, 0.000517394335475, 0.0002650199458, 0.000120772863738, 0.000183654032298, 0.000156361827976, 0.000320557039231, 0.000286153634079, 0.000170017156051, 0.000289679795969, 0.000200621216209, 0.00013656487863, 0.000119928830827, 0.000135136288009, 0.000161964897416, 6.20742066531e-05, 4.13835296058e-05, 3.38919562637e-05, 2.29356737691e-05, 1.44320138133e-05, 1.204351247e-05, 1.01377663668e-05, 1.03534603113e-05, 9.0068551799e-06, 7.69517828303e-06, 4.69884707854e-06, 8.01816804596e-06, 5.49051492271e-06, 2.96113739751e-06, 2.41906877818e-06, 4.46364811069e-06, 1.1581914805e-06, 7.65710467476e-07, 5.98226051807e-07, 2.44282148287e-07, 1.85041031386e-07],
        "median": [0.00159953802358, 0.00192206352949, 0.000490083009936, 0.000312847114401, 0.000189825150301, 0.000252837053267, 0.000127890903968, 6.89923472237e-05, 0.00010038344044, 9.66299048741e-05, 0.000134822039399, 0.000130017855554, 9.23515326576e-05, 0.000106782747025, 7.12519686203e-05, 5.75309531996e-05, 6.56871634419e-05, 7.41410258343e-05, 7.65170043451e-05, 3.75131021428e-05, 2.51499586739e-05, 2.14973006223e-05, 1.33843304866e-05, 7.92004811956e-06, 6.30900467513e-06, 6.39523022983e-06, 5.50615595785e-06, 5.36678498975e-06, 4.20509104515e-06, 3.02380044559e-06, 4.10701113651e-06, 3.10615337185e-06, 1.65785775152e-06, 1.42338421938e-06, 2.53775988313e-06, 6.79026072703e-07, 4.07604318298e-07, 2.71322221579e-07, 9.67916804484e-08, 7.05200946527e-08],
        "min": [3.22798659909e-05, 1.45882149809e-05, 1.25082060549e-05, 7.3200544648e-06, 1.66450843153e-06, 8.50660126162e-06, 3.09616234517e-06, 2.63559104496e-06, 2.81108304989e-06, 3.40842279911e-06, 2.01394846044e-06, 4.46839339929e-06, 2.31743024415e-06, 1.6370809135e-06, 8.19918852812e-07, 7.88650481809e-07, 2.56569092016e-06, 1.63313586654e-06, 1.8780293658e-06, 9.8637838164e-07, 6.49495575544e-07, 3.54346383347e-07, 2.16088409388e-07, 9.51594145704e-08, 1.58472445833e-07, 1.05496617664e-07, 1.4722446906e-07, 1.77044270799e-07, 1.58659418048e-07, 6.52189058314e-08, 1.26543980628e-07, 1.10492848648e-07, 5.51271384097e-08, 5.96328959546e-08, 4.75973003233e-08, 2.58259298391e-08, 1.40468552345e-08, 1.45129974705e-09, 2.26803228975e-11, 1.30877461646e-11],
