{
"highlevel": {
    "danceability": {
        "all": {
            "danceable": 1.57098667408e-10,
            "not_danceable": 1
        },
        "probability": 1,
        "value": "not_danceable"
    },
    "gender": {
        "all": {
            "female": 0.393766224384,
            "male": 0.606233775616
        },
        "probability": 0.606233775616,
        "value": "male"
    },
    "genre_dortmund": {
        "all": {
            "alternative": 0.390735536814,
            "blues": 0.0376712307334,
            "electronic": 0.0432571992278,
            "folkcountry": 0.0382649078965,
            "funksoulrnb": 0.0153099894524,
            "jazz": 0.00963989645243,
            "pop": 0.0410055071115,
            "raphiphop": 0.00156054727267,
            "rock": 0.422555178404
        },
        "probability": 0.422555178404,
        "value": "rock"
    },
    "genre_electronic": {
        "all": {
            "ambient": 0.254127979279,
            "dnb": 0.484613925219,
            "house": 0.0304618664086,
            "techno": 0.0114903785288,
            "trance": 0.219305858016
        },
        "probability": 0.484613925219,
        "value": "dnb"
    },
    "genre_rosamerica": {
        "all": {
            "cla": 0.0059075509198,
            "dan": 0.00243603577837,
            "hip": 0.000426659331424,
            "jaz": 0.000801600399427,
            "pop": 0.00150393403601,
            "rhy": 0.00107883778401,
            "roc": 0.987238526344,
            "spe": 0.000606843852438
        },
        "probability": 0.987238526344,
        "value": "roc"
    },
    "genre_tzanetakis": {
        "all": {
            "blu": 0.0626613423228,
            "cla": 0.0348169617355,
            "cou": 0.104475811124,
            "dis": 0.0784321576357,
            "hip": 0.15692435205,
            "jaz": 0.313974827528,
            "met": 0.0448166541755,
            "pop": 0.0627359300852,
            "reg": 0.0627360641956,
            "roc": 0.0784258767962
        },
        "probability": 0.313974827528,
        "value": "jaz"
    },
    "ismir04_rhythm": {
        "all": {
            "ChaChaCha": 0.0394421294332,
            "Jive": 0.0819032341242,
            "Quickstep": 0.00942718423903,
            "Rumba-American": 0.00862669013441,
            "Rumba-International": 0.00679831206799,
            "Rumba-Misc": 0.00293596251868,
            "Samba": 0.0242263115942,
            "Tango": 0.0219723042101,
            "VienneseWaltz": 0.793415248394,
            "Waltz": 0.0112526360899
        },
        "probability": 0.793415248394,
        "value": "VienneseWaltz"
    },
    "mood_acoustic": {
        "all": {
            "acoustic": 0.00933642499149,
            "not_acoustic": 0.990663588047
        },
        "probability": 0.990663588047,
        "value": "not_acoustic"
    },
    "mood_aggressive": {
        "all": {
            "aggressive": 0.580611109734,
            "not_aggressive": 0.419388920069
        },
        "probability": 0.580611109734,
        "value": "aggressive"
    },
    "mood_electronic": {
        "all": {
            "electronic": 0.105947874486,
            "not_electronic": 0.894052147865
        },
        "probability": 0.894052147865,
        "value": "not_electronic"
    },
    "mood_happy": {
        "all": {
            "happy": 0.508530497551,
            "not_happy": 0.491469532251
        },
        "probability": 0.508530497551,
        "value": "happy"
    },
    "mood_party": {
        "all": {
            "not_party": 0.757675051689,
            "party": 0.242324963212
        },
        "probability": 0.757675051689,
        "value": "not_party"
    },
    "mood_relaxed": {
        "all": {
            "not_relaxed": 0.307289242744,
            "relaxed": 0.692710757256
        },
        "probability": 0.692710757256,
        "value": "relaxed"
    },
    "mood_sad": {
        "all": {
            "not_sad": 0.972425043583,
            "sad": 0.0275749415159
        },
        "probability": 0.972425043583,
        "value": "not_sad"
    },
    "moods_mirex": {
        "all": {
            "Cluster1": 0.579524159431,
            "Cluster2": 0.132533162832,
            "Cluster3": 0.0975809618831,
            "Cluster4": 0.0669366493821,
            "Cluster5": 0.123425044119
        },
        "probability": 0.579524159431,
        "value": "Cluster1"
    },
    "timbre": {
        "all": {
            "bright": 0.556120216846,
            "dark": 0.443879753351
        },
        "probability": 0.556120216846,
        "value": "bright"
    },
    "tonal_atonal": {
        "all": {
            "atonal": 0.297168850899,
            "tonal": 0.702831149101
        },
        "probability": 0.702831149101,
        "value": "tonal"
    },
    "voice_instrumental": {
        "all": {
            "instrumental": 0.000184931006515,
            "voice": 0.999815046787
        },
        "probability": 0.999815046787,
        "value": "voice"
    }
},
"lowlevel": {
    "average_loudness": 0.978458464146,
    "barkbands_crest": {
        "dmean": 2.30359578133,
        "dmean2": 3.80192923546,
        "dvar": 3.49924254417,
        "dvar2": 9.50231266022,
        "max": 23.1836967468,
        "mean": 10.6952829361,
        "median": 10.4391565323,
        "min": 2.9580180645,
        "var": 8.17311477661
    },
    "barkbands_flatness_db": {
        "dmean": 0.0181389935315,
        "dmean2": 0.0289569143206,
        "dvar": 0.000219613517402,
        "dvar2": 0.000538100255653,
        "max": 0.303038418293,
        "mean": 0.160446360707,
        "median": 0.160813629627,
        "min": 0.0583040080965,
        "var": 0.0012601132039
    },
    "barkbands_kurtosis": {
        "dmean": 1.55271744728,
        "dmean2": 2.55801725388,
        "dvar": 2.60420227051,
        "dvar2": 6.05740118027,
        "max": 39.2413291931,
        "mean": 2.4469127655,
        "median": 1.75866508484,
        "min": -1.78971838951,
        "var": 11.025844574
    },
    "barkbands_skewness": {
        "dmean": 0.377505660057,
        "dmean2": 0.618957042694,
        "dvar": 0.0955196619034,
        "dvar2": 0.249597623944,
        "max": 4.70699262619,
        "mean": 1.59195041656,
        "median": 1.59860360622,
        "min": -1.45602691174,
        "var": 0.352598041296
    },
    "barkbands_spread": {
        "dmean": 4.07002544403,
        "dmean2": 6.70664787292,
        "dvar": 13.8593473434,
        "dvar2": 35.2679252625,
        "max": 60.4008216858,
        "mean": 21.6151103973,
        "median": 21.3955593109,
        "min": 2.52357840538,
        "var": 62.6815719604
    },
    "dissonance": {
        "dmean": 0.0120222456753,
        "dmean2": 0.0201112236828,
        "dvar": 0.000138391915243,
        "dvar2": 0.000397354393499,
        "max": 0.499996632338,
        "mean": 0.472336530685,
        "median": 0.478614777327,
        "min": 0.339978218079,
        "var": 0.000473190535558
    },
    "dynamic_complexity": 0.926402509212,
    "erbbands_crest": {
        "dmean": 1.77240538597,
        "dmean2": 2.83956766129,
        "dvar": 2.84804844856,
        "dvar2": 7.30701637268,
        "max": 24.3628463745,
        "mean": 7.10566949844,
        "median": 6.08997774124,
        "min": 2.7069375515,
        "var": 12.4736633301
    },
    "erbbands_flatness_db": {
        "dmean": 0.0125180026516,
        "dmean2": 0.0192641671747,
        "dvar": 0.000142373959534,
        "dvar2": 0.000307361246087,
        "max": 0.307995170355,
        "mean": 0.177618801594,
        "median": 0.181196525693,
        "min": 0.0848076045513,
        "var": 0.0012271219166
    },
    "erbbands_kurtosis": {
        "dmean": 0.491112709045,
        "dmean2": 0.808066725731,
        "dvar": 0.46887409687,
        "dvar2": 1.08049154282,
        "max": 10.0280370712,
        "mean": -0.273816496134,
        "median": -0.698635339737,
        "min": -1.54748749733,
        "var": 1.78584086895
    },
    "erbbands_skewness": {
        "dmean": 0.240319550037,
        "dmean2": 0.388019949198,
        "dvar": 0.0453490242362,
        "dvar2": 0.103571482003,
        "max": 3.18708252907,
        "mean": -0.0444140657783,
        "median": -0.220225423574,
        "min": -2.38826274872,
        "var": 0.43855085969
    },
    "erbbands_spread": {
        "dmean": 5.7885556221,
        "dmean2": 9.47309684753,
        "dvar": 25.2296676636,
        "dvar2": 69.5008087158,
        "max": 83.248008728,
        "mean": 41.0165786743,
        "median": 42.8261260986,
        "min": 9.1070690155,
        "var": 124.063682556
    },
    "hfc": {
        "dmean": 4.77760744095,
        "dmean2": 7.39692544937,
        "dvar": 25.6351413727,
        "dvar2": 53.5967025757,
        "max": 116.448822021,
        "mean": 27.9017066956,
        "median": 27.4539756775,
        "min": 2.97066164017,
        "var": 97.8905944824
    },
    "melbands_crest": {
        "dmean": 3.16842865944,
        "dmean2": 5.38510656357,
        "dvar": 7.0552945137,
        "dvar2": 21.0246829987,
        "max": 27.5287208557,
        "mean": 14.9518957138,
        "median": 14.5571289062,
        "min": 4.15878295898,
        "var": 13.5648050308
    },
    "melbands_flatness_db": {
        "dmean": 0.0220703221858,
        "dmean2": 0.0353252738714,
        "dvar": 0.000350316811819,
        "dvar2": 0.000896638608538,
        "max": 0.356045097113,
        "mean": 0.209463551641,
        "median": 0.213707074523,
        "min": 0.0539755374193,
        "var": 0.00173517561052
    },
    "melbands_kurtosis": {
        "dmean": 4.24171638489,
        "dmean2": 7.06211853027,
        "dvar": 16.7128772736,
        "dvar2": 44.3426589966,
        "max": 67.9704284668,
        "mean": 10.6748914719,
        "median": 9.8623418808,
        "min": -1.69446659088,
        "var": 41.8705329895
    },
    "melbands_skewness": {
        "dmean": 0.539636552334,
        "dmean2": 0.896710455418,
        "dvar": 0.218782290816,
        "dvar2": 0.597824633121,
        "max": 6.66009283066,
        "mean": 2.85440826416,
        "median": 2.92518758774,
        "min": 0.180777162313,
        "var": 0.734553396702
    },
    "melbands_spread": {
        "dmean": 5.11333465576,
        "dmean2": 8.17559528351,
        "dvar": 39.0894203186,
        "dvar2": 69.6791381836,
        "max": 177.681472778,
        "mean": 19.6981086731,
        "median": 17.783454895,
        "min": 2.48191738129,
        "var": 156.421157837
    },
    "pitch_salience": {
        "dmean": 0.0627441555262,
        "dmean2": 0.102093912661,
        "dvar": 0.00286726048216,
        "dvar2": 0.00841735955328,
        "max": 0.789904892445,
        "mean": 0.557171463966,
        "median": 0.558483600616,
        "min": 0.183690026402,
        "var": 0.00690239761025
    },
    "silence_rate_20dB": {
        "dmean": 0,
        "dmean2": 0,
        "dvar": 0,
        "dvar2": 0,
        "max": 1,
        "mean": 1,
        "median": 1,
        "min": 1,
        "var": 0
    },
    "silence_rate_30dB": {
        "dmean": 0,
        "dmean2": 0,
        "dvar": 0,
        "dvar2": 0,
        "max": 1,
        "mean": 1,
        "median": 1,
        "min": 1,
        "var": 0
    },
    "silence_rate_60dB": {
        "dmean": 0,
        "dmean2": 0,
        "dvar": 0,
        "dvar2": 0,
        "max": 0,
        "mean": 0,
        "median": 0,
        "min": 0,
        "var": 0
    },
    "spectral_centroid": {
        "dmean": 212.839706421,
        "dmean2": 339.085388184,
        "dvar": 35898.6289062,
        "dvar2": 81461.125,
        "max": 4208.38134766,
        "mean": 1342.75793457,
        "median": 1309.52783203,
        "min": 402.750091553,
        "var": 172998.703125
    },
    "spectral_complexity": {
        "dmean": 3.93421053886,
        "dmean2": 6.25096845627,
        "dvar": 10.4050674438,
        "dvar2": 25.6300010681,
        "max": 54,
        "mean": 32.131477356,
        "median": 34,
        "min": 5,
        "var": 93.7428970337
    },
    "spectral_decrease": {
        "dmean": 2.8783764261e-09,
        "dmean2": 4.73715555671e-09,
        "dvar": 6.77022226443e-18,
        "dvar2": 1.8830387796e-17,
        "max": -9.51195788801e-10,
        "mean": -1.22062147057e-08,
        "median": -1.27154633489e-08,
        "min": -2.60933212815e-08,
        "var": 2.40266189445e-17
    },
    "spectral_energy": {
        "dmean": 0.0110855353996,
        "dmean2": 0.018212325871,
        "dvar": 9.92265559034e-05,
        "dvar2": 0.000275251746643,
        "max": 0.101645343006,
        "mean": 0.0485997982323,
        "median": 0.0506459735334,
        "min": 0.00401221727952,
        "var": 0.000358812249033
    },
    "spectral_energyband_high": {
        "dmean": 0.000342499377439,
        "dmean2": 0.000546200724784,
        "dvar": 4.26606561632e-07,
        "dvar2": 7.76935735303e-07,
        "max": 0.0163994655013,
        "mean": 0.000910112750717,
        "median": 0.000591900199652,
        "min": 5.390860224e-06,
        "var": 1.26583472593e-06
    },
    "spectral_energyband_low": {
        "dmean": 0.00897535774857,
        "dmean2": 0.0151791293174,
        "dvar": 0.000102918915218,
        "dvar2": 0.000287354720058,
        "max": 0.0796892121434,
        "mean": 0.0198329612613,
        "median": 0.019417276606,
        "min": 8.1143684838e-07,
        "var": 0.000229324694374
    },
    "spectral_energyband_middle_high": {
        "dmean": 0.00172796472907,
        "dmean2": 0.00274255080149,
        "dvar": 2.41656766775e-06,
        "dvar2": 5.66485005038e-06,
        "max": 0.0349791944027,
        "mean": 0.00833493005484,
        "median": 0.00852288678288,
        "min": 0.000351817841874,
        "var": 1.0438919162e-05
    },
    "spectral_energyband_middle_low": {
        "dmean": 0.006407674402,
        "dmean2": 0.0106076747179,
        "dvar": 4.03495614592e-05,
        "dvar2": 0.00010633529746,
        "max": 0.0907948240638,
        "mean": 0.0204689409584,
        "median": 0.0191487278789,
        "min": 0.00194394565187,
        "var": 0.000108748929051
    },
    "spectral_entropy": {
        "dmean": 0.0988800451159,
        "dmean2": 0.150791555643,
        "dvar": 0.00845397170633,
        "dvar2": 0.0195271037519,
        "max": 8.38948440552,
        "mean": 7.59194135666,
        "median": 7.61526679993,
        "min": 6.37231826782,
        "var": 0.0813433378935
    },
    "spectral_flux": {
        "dmean": 0.0230601560324,
        "dmean2": 0.0367669016123,
        "dvar": 0.000416679889895,
        "dvar2": 0.00100513116922,
        "max": 0.216932892799,
        "mean": 0.101751662791,
        "median": 0.100264914334,
        "min": 0.0197114720941,
        "var": 0.00131854508072
    },
    "spectral_kurtosis": {
        "dmean": 1.7039116621,
        "dmean2": 2.98183917999,
        "dvar": 2.61586785316,
        "dvar2": 7.31324672699,
        "max": 23.4624118805,
        "mean": 3.80390548706,
        "median": 3.13765382767,
        "min": -0.650561332703,
        "var": 6.58970165253
    },
    "spectral_rms": {
        "dmean": 0.00077651970787,
        "dmean2": 0.00126339145936,
        "dvar": 4.18314044737e-07,
        "dvar2": 1.14250974548e-06,
        "max": 0.00995822250843,
        "mean": 0.00671555567533,
        "median": 0.00702927494422,
        "min": 0.00197847373784,
        "var": 2.3157826945e-06
    },
    "spectral_rolloff": {
        "dmean": 396.897521973,
        "dmean2": 682.891479492,
        "dvar": 185500.046875,
        "dvar2": 416749.71875,
        "max": 7644.28710938,
        "mean": 1204.59313965,
        "median": 968.994140625,
        "min": 236.865234375,
        "var": 656507.375
    },
    "spectral_skewness": {
        "dmean": 0.205280125141,
        "dmean2": 0.346521943808,
        "dvar": 0.0345143079758,
        "dvar2": 0.0890440195799,
        "max": 3.39953494072,
        "mean": 1.19170939922,
        "median": 1.07678544521,
        "min": 0.00172102334909,
        "var": 0.207493543625
    },
    "spectral_spread": {
        "dmean": 301258.625,
        "dmean2": 471979.28125,
        "dvar": 109069131776,
        "dvar2": 231588216832,
        "max": 7709933,
        "mean": 3405680.25,
        "median": 3149542,
        "min": 1874919.625,
        "var": 673706016768
    },
    "spectral_strongpeak": {
        "dmean": 0.411984801292,
        "dmean2": 0.684269189835,
        "dvar": 0.222402229905,
        "dvar2": 0.542000472546,
        "max": 6.61003541946,
        "mean": 0.956813812256,
        "median": 0.629005134106,
        "min": 0.077594101429,
        "var": 0.700302541256
    },
    "zerocrossingrate": {
        "dmean": 0.00643646903336,
        "dmean2": 0.00817634724081,
        "dvar": 5.84730951232e-05,
        "dvar2": 6.28140987828e-05,
        "max": 0.26708984375,
        "mean": 0.0488911904395,
        "median": 0.04443359375,
        "min": 0.01416015625,
        "var": 0.000542397086974
    },
    "barkbands": {
        "dmean": [9.76722003543e-05, 0.00623504444957, 0.00480816885829, 0.00108782190364, 0.00479487050325, 0.00145951157901, 0.000554098980501, 0.000635846634395, 0.000753910921048, 0.000622623192612, 0.000698762945831, 0.000386970525142, 0.000354511779733, 0.000375084229745, 0.000536092324182, 0.000466816301923, 0.000332263560267, 0.000282012508251, 0.000182284813491, 0.000190240971278, 0.000141155280289, 9.65488434304e-05, 5.49502983631e-05, 2.5119892598e-05, 1.16669925774e-05, 4.65424727736e-06, 1.63772941875e-08],
        "dmean2": [0.000160510375281, 0.0103467106819, 0.00811596214771, 0.00179248198401, 0.0078088263981, 0.00236616143957, 0.000903773063328, 0.00100923096761, 0.00113204400986, 0.000962181366049, 0.00108227692544, 0.000648024026304, 0.00060177053092, 0.000645311898552, 0.000894112687092, 0.000796068168711, 0.00055477936985, 0.000468947371701, 0.000305585155729, 0.000316829886287, 0.000231229685596, 0.000154581910465, 8.13064980321e-05, 3.92316833313e-05, 1.74968572537e-05, 7.43599093767e-06, 2.9195442508e-08],
        "dvar": [2.12913047193e-08, 4.30660875281e-05, 4.3951189582e-05, 3.5473628941e-06, 2.87524362648e-05, 7.31475756766e-06, 4.29072628094e-07, 1.45664432694e-06, 3.24613597513e-06, 1.20416041227e-06, 6.37268726678e-07, 1.75300300498e-07, 1.38752824341e-07, 2.0156892333e-07, 3.83566600703e-07, 2.41379950694e-07, 1.29668933369e-07, 7.97793262564e-08, 3.3517451925e-08, 6.61796590862e-08, 6.53653629001e-08, 4.88466014303e-08, 9.38281843332e-08, 4.70533700891e-09, 6.43988029569e-10, 1.64639801792e-10, 1.24501508329e-15],
        "dvar2": [5.36323980782e-08, 0.000116357005027, 0.000116786388389, 9.04893568077e-06, 8.04811352282e-05, 1.83299380296e-05, 1.10028361178e-06, 3.43025772054e-06, 6.09581502431e-06, 1.91973185792e-06, 1.45989326938e-06, 4.3438703301e-07, 3.84244998486e-07, 5.54884422854e-07, 1.01439252376e-06, 6.9063491992e-07, 3.45481822706e-07, 2.1903862546e-07, 9.06789665578e-08, 1.74169684897e-07, 1.55387013479e-07, 8.92733069691e-08, 1.52538817133e-07, 8.77743300265e-09, 1.37073374873e-09, 3.94292848371e-10, 3.49812664051e-15],
        "max": [0.00160544971004, 0.0484336316586, 0.0571562126279, 0.0167279653251, 0.0499347411096, 0.0825025960803, 0.00869992841035, 0.0214850902557, 0.0479807406664, 0.0219843257219, 0.00814341101795, 0.00513636507094, 0.00298657920212, 0.00567381782457, 0.00708982208744, 0.00416368339211, 0.00340473139659, 0.00368832238019, 0.00197923509404, 0.00352779729292, 0.00497237686068, 0.00602415483445, 0.0113468058407, 0.00183222407941, 0.000542602851056, 0.000212761602597, 4.88049124669e-07],
        "mean": [0.000124998245155, 0.0130060063675, 0.00598659878597, 0.00110695115291, 0.0121851405129, 0.00299174408428, 0.000984118552878, 0.00124483101536, 0.00149926973972, 0.00116128893569, 0.00129415793344, 0.000740477174986, 0.000663041952066, 0.000723182223737, 0.00104491377715, 0.000904908578377, 0.000724873680156, 0.000671669025905, 0.000438027258497, 0.000433704088209, 0.000271538185189, 0.000210394297028, 9.04002808966e-05, 5.97716789343e-05, 2.77096623904e-05, 1.01167624962e-05, 1.33057795892e-08],
        "median": [7.0098991273e-05, 0.0117455907166, 0.00349052902311, 0.000403616606491, 0.0116733042523, 0.00133217312396, 0.000739439274184, 0.000601010455284, 0.000635648320895, 0.00071054790169, 0.000876505218912, 0.000613370270003, 0.000578930601478, 0.000581075204536, 0.00076831120532, 0.000770079088397, 0.000645699386951, 0.000623682106379, 0.000395831593778, 0.000367945060134, 0.000189542974113, 0.000113357098598, 1.60047875397e-05, 1.1800174434e-05, 4.79386881125e-06, 6.70107397127e-07, 3.19010218242e-09],
        "min": [3.81019465978e-10, 4.03014155381e-08, 6.87711079195e-08, 9.15593645345e-08, 5.8745386923e-05, 9.29211000766e-06, 2.58031759586e-05, 2.22291655518e-05, 4.26986298407e-05, 1.19887108667e-05, 1.37495944728e-05, 1.33420562634e-05, 2.05806445592e-05, 1.179460196e-05, 2.12217328226e-05, 1.95617794816e-05, 8.63090008352e-06, 9.70675682765e-06, 1.10306446004e-05, 5.66715334571e-06, 1.1478033457e-06, 2.55813830563e-07, 3.46927038208e-08, 1.95857850827e-07, 2.57877164067e-09, 1.45083415767e-11, 7.23915719036e-12],
        "var": [2.93984836475e-08, 0.000114242677228, 5.57997846045e-05, 3.53815312337e-06, 7.70178012317e-05, 3.84180966648e-05, 8.29216162401e-07, 5.44463864571e-06, 1.36230246426e-05, 3.87674481317e-06, 1.54520159867e-06, 3.33988651846e-07, 2.54718486303e-07, 3.94313588004e-07, 9.51768356572e-07, 4.2352033347e-07, 2.54092839214e-07, 1.76387516149e-07, 7.72731922893e-08, 1.07616948242e-07, 1.0138966644e-07, 1.65655194451e-07, 1.67278173535e-07, 1.84288193594e-08, 3.37164629549e-09, 6.24427620721e-10, 1.0024821278e-15]
    },
    "erbbands": {
        "dmean": [0.0974888429046, 1.69899308681, 5.46152448654, 4.1685757637, 5.70140600204, 26.5756549835, 14.6314916611, 9.57184123993, 5.45722007751, 8.84118556976, 20.1226577759, 15.2073726654, 16.6159496307, 30.7852687836, 12.3615150452, 15.6299905777, 16.001455307, 18.0114898682, 18.3301734924, 27.2698707581, 20.3552970886, 19.2179374695, 14.4583053589, 11.1245946884, 8.89823246002, 8.32797527313, 8.25514698029, 3.653414011, 3.73383951187, 2.06332397461, 1.51409828663, 0.730149924755, 0.328234761953, 0.151587828994, 0.0789190679789, 0.033489830792, 0.00533871212974, 0.000493847648613, 1.44732412082e-05, 1.2603804862e-05],
        "dmean2": [0.167224779725, 2.83429503441, 9.48125362396, 6.69878435135, 9.74220466614, 43.0986595154, 23.8694000244, 15.8859395981, 9.01110935211, 14.5793628693, 30.0857410431, 23.6555843353, 24.9833908081, 47.3874320984, 20.2932929993, 25.9796962738, 27.1322441101, 30.5510635376, 30.1868038177, 46.4001274109, 34.3645935059, 32.0112991333, 24.2435874939, 18.5979824066, 14.6444921494, 13.8277578354, 13.8533124924, 5.95727157593, 6.05685806274, 3.19578838348, 2.29839158058, 1.18239665031, 0.4909093678, 0.235044166446, 0.121322646737, 0.0510324761271, 0.00873471517116, 0.000811072764918, 2.31793655985e-05, 2.06424501812e-05],
        "dvar": [0.0119911022484, 3.26569032669, 50.7830810547, 44.095703125, 55.613609314, 905.872009277, 719.954101562, 142.448684692, 36.6968536377, 119.174705505, 2084.87817383, 927.751647949, 1143.13830566, 1305.52587891, 158.773284912, 281.324371338, 286.285522461, 456.68347168, 485.395751953, 1009.1807251, 523.535583496, 462.545074463, 244.093093872, 119.634651184, 96.2757797241, 106.925971985, 243.911300659, 37.761592865, 79.1311035156, 54.856502533, 80.951210022, 6.23242855072, 0.616672217846, 0.126414954662, 0.0356803350151, 0.00758604612201, 0.000299777952023, 2.68174312623e-06, 8.3951973151e-10, 1.21767554373e-10],
        "dvar2": [0.0344504490495, 8.82002067566, 142.459915161, 108.491615295, 159.271652222, 2489.65722656, 1931.80444336, 354.8309021, 94.9252471924, 311.907501221, 4517.82128906, 1978.63830566, 1731.05175781, 2971.14257812, 433.45526123, 703.791687012, 791.48815918, 1308.72302246, 1192.41162109, 2899.03393555, 1456.64453125, 1257.36364746, 679.313537598, 303.866577148, 268.459320068, 289.317077637, 622.991027832, 83.098487854, 152.858718872, 93.6378326416, 115.004081726, 11.9533414841, 1.20276927948, 0.280410379171, 0.0803042799234, 0.0164918024093, 0.000748255639337, 6.90381057211e-06, 2.12073181238e-09, 3.3160213464e-10],
        "max": [0.816839993, 12.6697492599, 51.6466140747, 56.5557746887, 71.6465377808, 283.878753662, 683.134460449, 304.039306641, 62.2043762207, 148.526367188, 1090.30688477, 700.946838379, 906.371765137, 773.964599609, 113.32787323, 204.99887085, 147.063995361, 310.583190918, 348.445556641, 451.553192139, 288.946960449, 207.348236084, 211.90246582, 110.592033386, 98.2032775879, 130.36151123, 229.83052063, 154.192642212, 260.546813965, 248.323699951, 325.489196777, 69.7697143555, 15.8800477982, 7.22570419312, 4.06433677673, 1.68836140633, 0.3811814785, 0.0371708236635, 0.000666529347654, 0.000115743714559],
        "mean": [0.170319572091, 3.53026556969, 8.03915691376, 5.45754241943, 12.6696481705, 66.4204177856, 31.2261638641, 17.9473838806, 10.5876932144, 16.3427581787, 42.6056518555, 30.4209289551, 33.2825508118, 57.731174469, 26.2185535431, 31.8197231293, 35.3030776978, 36.7788887024, 41.2719535828, 57.9882164001, 45.7128486633, 43.3003616333, 34.6100540161, 28.5600948334, 21.6899433136, 19.6773509979, 15.9350214005, 8.1581287384, 8.31048870087, 3.71748352051, 2.56910777092, 1.57456326485, 0.779265701771, 0.356560915709, 0.184631884098, 0.0762500315905, 0.0104394825175, 0.000822270580102, 4.61095187347e-05, 5.80927990086e-05],
        "median": [0.147666886449, 3.16800379753, 6.19244194031, 2.89607977867, 12.1535005569, 62.2010536194, 17.1748142242, 11.8537759781, 8.29963207245, 12.5250835419, 15.5682973862, 15.2320947647, 19.0341243744, 39.4326477051, 22.5747013092, 26.494310379, 31.3576335907, 30.402141571, 33.5976715088, 48.1721305847, 40.3109092712, 39.7964935303, 32.0353965759, 25.9793300629, 19.5540332794, 17.2731380463, 11.8464460373, 5.44719362259, 4.75542974472, 0.996526062489, 0.447067350149, 0.301901549101, 0.142259299755, 0.0704384818673, 0.0218958389014, 0.00511845760047, 0.000793623097707, 6.13031734247e-05, 3.36367484124e-05, 5.99750819674e-05],
        "min": [4.39519953943e-06, 4.23409837822e-05, 0.000667575979605, 0.00476724235341, 0.0146429939196, 0.301158756018, 0.335507929325, 0.195235520601, 0.730294287205, 1.34750676155, 0.808468878269, 1.89342200756, 1.41363728046, 0.839594900608, 0.598691225052, 0.849470198154, 1.26493346691, 1.07223236561, 1.38543212414, 1.12938988209, 1.0795634985, 0.519919574261, 0.438723742962, 0.883689701557, 0.303422451019, 0.313459187746, 0.0927574411035, 0.0246140789241, 0.0145495310426, 0.00161424512044, 0.00279392930679, 0.00458371359855, 0.000903161999304, 9.43298291531e-05, 0.000136351547553, 3.88326552638e-05, 8.39561926114e-06, 1.19086985251e-06, 2.70345276476e-06, 5.07196500621e-06],
        "var": [0.0210659131408, 8.53624153137, 65.4273757935, 55.7631721497, 105.570091248, 2512.57055664, 2793.41674805, 556.576782227, 69.1365737915, 192.697479248, 9331.12011719, 3381.47875977, 4649.73046875, 3312.47875977, 280.390960693, 593.876831055, 587.130737305, 850.812255859, 1089.89331055, 1946.82617188, 985.775146484, 892.023986816, 470.310333252, 291.280487061, 230.799057007, 192.424972534, 295.945709229, 93.6579589844, 248.823959351, 121.168151855, 156.836608887, 16.8803462982, 3.18121623993, 0.665251731873, 0.15395899117, 0.0343774594367, 0.000808008422609, 5.66693688597e-06, 2.14808371091e-09, 4.27267665692e-10]
    },
    "gfcc": {
        "mean": [26.7390327454, 121.903327942, -152.119155884, 45.4608154297, -54.1466293335, 3.72631335258, -33.4278068542, -2.89190506935, -23.4923496246, -6.7573633194, -13.1539297104, -5.95028829575, 2.99366617203],
        "cov": [[1309.11193848, 67.0049819946, 462.398040771, 725.837341309, 315.157226562, 524.213012695, 185.187576294, 141.97454834, 130.632400513, 55.3911705017, 28.829788208, 50.1837730408, -31.440164566], [67.0049819946, 1729.72741699, -88.4109725952, 977.889709473, 838.927734375, 119.511764526, 692.945617676, -225.614883423, 370.232452393, -240.062011719, 312.18536377, -163.751785278, 173.574707031], [462.398040771, -88.4109725952, 354.629516602, 161.945281982, 32.123462677, 194.041275024, -0.710688531399, 115.616645813, 17.676574707, 84.3266372681, -8.99778366089, 58.3449363708, -35.1867408752], [725.837341309, 977.889709473, 161.945281982, 1148.63781738, 667.510192871, 409.186920166, 497.786773682, -112.790588379, 328.973205566, -136.608352661, 203.132232666, -77.8931808472, 73.0734863281], [315.157226562, 838.927734375, 32.123462677, 667.510192871, 570.521911621, 187.652053833, 385.708251953, -81.1730880737, 195.624359131, -101.052658081, 142.084396362, -63.2713317871, 77.1295547485], [524.213012695, 119.511764526, 194.041275024, 409.186920166, 187.652053833, 317.722290039, 138.572067261, 32.2172813416, 94.6706924438, -11.8921546936, 47.3546066284, 5.43900156021, -14.1958503723], [185.187576294, 692.945617676, -0.710688531399, 497.786773682, 385.708251953, 138.572067261, 383.125183105, -65.6541671753, 185.178359985, -94.9944915771, 131.410171509, -50.2609138489, 65.1358795166], [141.97454834, -225.614883423, 115.616645813, -112.790588379, -81.1730880737, 32.2172813416, -65.6541671753, 147.230743408, -30.9292640686, 77.1947937012, -47.8984451294, 39.5129623413, -22.4261932373], [130.632400513, 370.232452393, 17.676574707, 328.973205566, 195.624359131, 94.6706924438, 185.178359985, -30.9292640686, 164.524734497, -41.2076644897, 79.6894073486, -30.5777568817, 34.0039634705], [55.3911705017, -240.062011719, 84.3266372681, -136.608352661, -101.052658081, -11.8921546936, -94.9944915771, 77.1947937012, -41.2076644897, 110.232933044, -43.0701980591, 45.5536308289, -21.9570789337], [28.829788208, 312.18536377, -8.99778366089, 203.132232666, 142.084396362, 47.3546066284, 131.410171509, -47.8984451294, 79.6894073486, -43.0701980591, 101.808547974, -24.3608951569, 33.2079963684], [50.1837730408, -163.751785278, 58.3449363708, -77.8931808472, -63.2713317871, 5.43900156021, -50.2609138489, 39.5129623413, -30.5777568817, 45.5536308289, -24.3608951569, 72.0983428955, -4.44088554382], [-31.440164566, 173.574707031, -35.1867408752, 73.0734863281, 77.1295547485, -14.1958503723, 65.1358795166, -22.4261932373, 34.0039634705, -21.9570789337, 33.2079963684, -4.44088554382, 68.4553451538]],
        "icov": [[0.00411566114053, 0.00113335822243, -0.00160114397295, -0.00279772956856, -0.00058932666434, -0.00254183774814, -0.000540072622243, -0.0021575789433, 0.00176277302671, -0.000620853505097, 0.000958077667747, -9.93215362541e-05, -0.00042205574573], [0.00113335822243, 0.00936958845705, -0.00464634923264, 1.70677631104e-05, -0.00736454222351, 0.00594924530014, -0.0055023021996, 0.0018215442542, -0.00336575880647, 0.00413406360894, -0.00711342459545, 0.00586882326752, -0.0034503552597], [-0.00160114397295, -0.00464634923264, 0.0101951519027, -0.00124521623366, 0.00392825622112, -0.00461019575596, 0.00329385930672, -0.00397484470159, 0.00270128715783, -0.00523999705911, 0.0018356096698, -0.00547036807984, 0.003529247595], [-0.00279772956856, 1.70677631104e-05, -0.00124521623366, 0.00970085989684, -0.00484851142392, -0.00253702932969, 0.00051088235341, 0.00561005342752, -0.00783683545887, 0.00196593604051, -0.00115553336218, 0.00168431689963, -0.00084183801664], [-0.00058932666434, -0.00736454222351, 0.00392825622112, -0.00484851142392, 0.0150118209422, -0.00346008036286, -0.00124482251704, -0.00244124233723, 0.00679644756019, -0.00457085762173, 0.00572031922638, -0.00309232482687, 0.000533033919055], [-0.00254183774814, 0.00594924530014, -0.00461019575596, -0.00253702932969, -0.00346008036286, 0.0168937090784, -0.00426737358794, -0.000241302070208, -0.00192814634647, 0.00576658034697, -0.00645137438551, 0.00257350527681, 0.00157340453006], [-0.000540072622243, -0.0055023021996, 0.00329385930672, 0.00051088235341, -0.00124482251704, -0.00426737358794, 0.0155935129151, -0.00262586446479, -0.00381842092611, 0.0010835332796, 0.000529006414581, -0.00473761791363, 0.00135158491321], [-0.0021575789433, 0.0018215442542, -0.00397484470159, 0.00561005342752, -0.00244124233723, -0.000241302070208, -0.00262586446479, 0.0174453184009, -0.00501975044608, -0.00429152185097, 0.0021288220305, 0.00255027948879, -0.00247732852586], [0.00176277302671, -0.00336575880647, 0.00270128715783, -0.00783683545887, 0.00679644756019, -0.00192814634647, -0.00381842092611, -0.00501975044608, 0.0228650420904, -0.00515496125445, -0.000632257375401, -0.000566644826904, 0.000287780887447], [-0.000620853505097, 0.00413406360894, -0.00523999705911, 0.00196593604051, -0.00457085762173, 0.00576658034697, 0.0010835332796, -0.00429152185097, -0.00515496125445, 0.023202450946, -0.0034599355422, -0.00317913480103, -0.000175413355464], [0.000958077667747, -0.00711342459545, 0.0018356096698, -0.00115553336218, 0.00572031922638, -0.00645137438551, 0.000529006414581, 0.0021288220305, -0.000632257375401, -0.0034599355422, 0.0278060231358, -0.00362464366481, -0.00145486649126], [-9.93215362541e-05, 0.00586882326752, -0.00547036807984, 0.00168431689963, -0.00309232482687, 0.00257350527681, -0.00473761791363, 0.00255027948879, -0.000566644826904, -0.00317913480103, -0.00362464366481, 0.0259904302657, -0.0074689462781], [-0.00042205574573, -0.0034503552597, 0.003529247595, -0.00084183801664, 0.000533033919055, 0.00157340453006, 0.00135158491321, -0.00247732852586, 0.000287780887447, -0.000175413355464, -0.00145486649126, -0.0074689462781, 0.023525705561]]
    },
    "melbands": {
        "dmean": [0.00131161464378, 0.00251397071406, 0.000679175776895, 0.00118751463015, 0.000614828721154, 0.000222433998715, 9.44358980632e-05, 9.00903833099e-05, 0.000182829244295, 9.10561429919e-05, 8.56466067489e-05, 0.000120044191135, 5.85275302001e-05, 2.92351578537e-05, 4.79878544866e-05, 3.84810991818e-05, 3.70742964151e-05, 2.89842082566e-05, 4.85066229885e-05, 4.11413602706e-05, 2.58465970546e-05, 2.50086341111e-05, 1.28886858874e-05, 1.33722178361e-05, 9.76086084847e-06, 7.72027306084e-06, 6.11118230154e-06, 6.2405256358e-06, 6.64935396344e-06, 3.66600852431e-06, 1.90323407878e-06, 2.69223551186e-06, 1.63106494711e-06, 1.13899466214e-06, 1.0913360029e-06, 5.91077593981e-07, 4.53820717894e-07, 2.66100840918e-07, 1.75691482696e-07, 1.36234163506e-07],
        "dmean2": [0.00217951764353, 0.00434783287346, 0.0010935497703, 0.00191482505761, 0.00101993442513, 0.000365910382243, 0.000154995708726, 0.00014881179959, 0.000269036507234, 0.000143249184475, 0.000129645268316, 0.000184448988875, 9.29682573769e-05, 4.89459162054e-05, 7.96882159193e-05, 6.61024096189e-05, 6.32052615401e-05, 4.83610128867e-05, 8.0952886492e-05, 7.09139858373e-05, 4.35223628301e-05, 4.1768525989e-05, 2.16731441469e-05, 2.23217339226e-05, 1.64447137649e-05, 1.29101736093e-05, 1.0186666259e-05, 1.0438145182e-05, 1.1262280168e-05, 5.962488558e-06, 3.12008182846e-06, 4.53426082458e-06, 2.46240006163e-06, 1.83416238997e-06, 1.68152223523e-06, 9.9869589576e-07, 7.21097308087e-07, 4.05903222145e-07, 2.58726572611e-07, 2.22488239388e-07],
        "dvar": [1.89822753782e-06, 9.14514748729e-06, 1.03559136733e-06, 1.91872641153e-06, 6.36378103991e-07, 9.81189458571e-08, 1.15772333942e-08, 1.22717693785e-08, 2.10441456261e-07, 2.834104329e-08, 2.96035427283e-08, 2.10340864726e-08, 3.73935016285e-09, 9.09259667559e-10, 2.69788547058e-09, 1.94365079587e-09, 2.09014405783e-09, 1.40014611016e-09, 3.2046105769e-09, 2.12436468416e-09, 9.43795264163e-10, 7.89016463276e-10, 1.96723068391e-10, 1.743058059e-10, 9.74657715647e-11, 7.46389200446e-11, 5.82748363454e-11, 6.57005908011e-11, 1.62129129566e-10, 5.23384738327e-11, 1.08944806301e-11, 3.36304074866e-11, 2.2525582094e-11, 3.16686295243e-11, 6.23666326915e-11, 7.43512890145e-12, 1.41980470349e-12, 3.56654918272e-13, 1.9253766333e-13, 1.13335136089e-13],
        "dvar2": [5.21372066942e-06, 2.6051829991e-05, 2.51512392424e-06, 5.35199887963e-06, 1.73988246388e-06, 2.38811054487e-07, 2.92755473197e-08, 3.22793987095e-08, 4.39676313135e-07, 6.06505281553e-08, 4.57892497252e-08, 4.6639122786e-08, 9.32944743681e-09, 2.37020447713e-09, 6.81432954508e-09, 5.45630030047e-09, 6.00417404684e-09, 3.44777983941e-09, 8.45061443044e-09, 6.03805627719e-09, 2.53918708282e-09, 2.12720974169e-09, 5.47711487275e-10, 4.67811511751e-10, 2.5320057162e-10, 2.0783268162e-10, 1.57912488641e-10, 1.79032594305e-10, 4.30465468826e-10, 1.26847130022e-10, 2.39373122018e-11, 7.68003508012e-11, 3.43167681771e-11, 7.1088870901e-11, 1.07834012553e-10, 1.90454388371e-11, 2.8178887175e-12, 7.54013171345e-13, 3.91300761324e-13, 2.87365888463e-13],
        "max": [0.0109636047855, 0.0218589063734, 0.00845935381949, 0.0127428462729, 0.0176667328924, 0.00922863278538, 0.00134223501664, 0.00134474155493, 0.0118296938017, 0.00369004998356, 0.0044318465516, 0.00348818325438, 0.000608706381172, 0.000361600745237, 0.000610423856415, 0.000390544359107, 0.000703632598743, 0.000607234367635, 0.00071001710603, 0.000406556006055, 0.000348988251062, 0.000278267165413, 0.000214113752008, 0.000122395722428, 8.95093107829e-05, 9.29961897782e-05, 9.23237748793e-05, 0.000100337856566, 0.000173378022737, 0.00012203946244, 9.11295428523e-05, 0.000166082420037, 0.000130019325297, 0.000185066164704, 0.000272763456451, 7.84434960224e-05, 3.05587527691e-05, 1.16017381515e-05, 1.04464616015e-05, 7.32749367671e-06],
        "mean": [0.00265162903816, 0.0047240126878, 0.00091425870778, 0.00305909872986, 0.00142312468961, 0.000433518405771, 0.000179988288437, 0.000171719148057, 0.000386444444302, 0.000175253662746, 0.000160011986736, 0.000224020812311, 0.00011580256978, 6.08304981142e-05, 9.5837538538e-05, 7.04874037183e-05, 6.86350977048e-05, 5.65269037907e-05, 9.10411181394e-05, 7.18146839063e-05, 4.85881064378e-05, 5.02423317812e-05, 2.8080341508e-05, 3.10040741169e-05, 2.23888218898e-05, 1.68204387592e-05, 1.39078365464e-05, 1.3002738342e-05, 1.15825387184e-05, 6.59457145957e-06, 4.00442650061e-06, 5.57649218536e-06, 2.88437991003e-06, 1.70077009898e-06, 1.5995085505e-06, 1.08418510081e-06, 9.29883356093e-07, 5.67742517887e-07, 3.94185803998e-07, 2.76717656789e-07],
        "median": [0.00244484771974, 0.00424524722621, 0.000521534762811, 0.00298335216939, 0.00114298437256, 0.000250626646448, 0.000137674753205, 0.000131944558234, 0.000119036289107, 9.37974982662e-05, 8.73261815286e-05, 0.000155551970238, 9.2512484116e-05, 5.19897948834e-05, 8.16736574052e-05, 5.82572829444e-05, 5.35520339326e-05, 4.54583023384e-05, 6.33082454442e-05, 5.84358531341e-05, 3.842098522e-05, 4.45961813966e-05, 2.55395443673e-05, 2.8421261959e-05, 1.9787954443e-05, 1.45126314237e-05, 1.21656594274e-05, 1.1147269106e-05, 8.78504215507e-06, 4.34320736531e-06, 2.64114009951e-06, 3.2251509765e-06, 8.33565593439e-07, 3.81850185249e-07, 2.59124533386e-07, 1.76585601253e-07, 1.80134549055e-07, 8.98641232538e-08, 6.15201329879e-08, 4.99932930609e-08],
        "min": [8.22622236996e-09, 2.692573986e-08, 3.21879269904e-07, 2.13482439904e-06, 1.595959111e-05, 1.73757734956e-06, 4.86682392875e-06, 7.99223926151e-06, 5.04176750837e-06, 8.81927644514e-06, 5.10130530529e-06, 3.24883080793e-06, 1.88125636669e-06, 2.65467474492e-06, 1.87605394331e-06, 2.22498988478e-06, 1.5353678009e-06, 1.88219325992e-06, 1.02115450318e-06, 1.2813829926e-06, 1.21163168387e-06, 4.50306401945e-07, 4.10673663964e-07, 4.88865225634e-07, 7.65862807839e-07, 2.74504458275e-07, 1.45683088704e-07, 2.30259658451e-07, 6.53289333741e-08, 1.56338515467e-08, 1.26530750322e-08, 3.41466721565e-09, 2.63433219683e-10, 7.49115526555e-12, 7.63587026942e-10, 3.61277896488e-10, 3.51607254423e-09, 3.07647527245e-12, 8.08638908872e-13, 1.38996167007e-11],
