{
"highlevel": {
    "danceability": {
        "all": {
            "danceable": 0.99934643507,
            "not_danceable": 0.000653562659863
        },
        "probability": 0.99934643507,
        "value": "danceable"
    },
    "gender": {
        "all": {
            "female": 0.699809193611,
            "male": 0.300190806389
        },
        "probability": 0.699809193611,
        "value": "female"
    },
    "genre_dortmund": {
        "all": {
            "alternative": 0.00195652595721,
            "blues": 0.00686761643738,
            "electronic": 0.0166019760072,
            "folkcountry": 0.001717972802,
            "funksoulrnb": 0.0420381911099,
            "jazz": 0.0136068295687,
            "pop": 0.00748002016917,
            "raphiphop": 0.905365824699,
            "rock": 0.00436506280676
        },
        "probability": 0.905365824699,
        "value": "raphiphop"
    },
    "genre_electronic": {
        "all": {
            "ambient": 0.214658141136,
            "dnb": 0.205933749676,
            "house": 0.539361953735,
            "techno": 0.0187603756785,
            "trance": 0.0212857462466
        },
        "probability": 0.539361953735,
        "value": "house"
    },
    "genre_rosamerica": {
        "all": {
            "cla": 0.0151779381558,
            "dan": 0.0217976551503,
            "hip": 0.455276399851,
            "jaz": 0.0283000133932,
            "pop": 0.174815237522,
            "rhy": 0.279763072729,
            "roc": 0.0131857926026,
            "spe": 0.0116838784888
        },
        "probability": 0.455276399851,
        "value": "hip"
    },
    "genre_tzanetakis": {
        "all": {
            "blu": 0.0775341466069,
            "cla": 0.043059617281,
            "cou": 0.129193738103,
            "dis": 0.0775827988982,
            "hip": 0.129341751337,
            "jaz": 0.194092601538,
            "met": 0.0776259079576,
            "pop": 0.0970033109188,
            "reg": 0.0775879099965,
            "roc": 0.0969782173634
        },
        "probability": 0.194092601538,
        "value": "jaz"
    },
    "ismir04_rhythm": {
        "all": {
            "ChaChaCha": 0.15718151629,
            "Jive": 0.0458261333406,
            "Quickstep": 0.337442725897,
            "Rumba-American": 0.0338684432209,
            "Rumba-International": 0.102639622986,
            "Rumba-Misc": 0.0404942333698,
            "Samba": 0.209310829639,
            "Tango": 0.0263691209257,
            "VienneseWaltz": 0.0347307063639,
            "Waltz": 0.0121366744861
        },
        "probability": 0.337442725897,
        "value": "Quickstep"
    },
    "mood_acoustic": {
        "all": {
            "acoustic": 0.691883325577,
            "not_acoustic": 0.308116674423
        },
        "probability": 0.691883325577,
        "value": "acoustic"
    },
    "mood_aggressive": {
        "all": {
            "aggressive": 0.0221768710762,
            "not_aggressive": 0.977823138237
        },
        "probability": 0.977823138237,
        "value": "not_aggressive"
    },
    "mood_electronic": {
        "all": {
            "electronic": 0.959401845932,
            "not_electronic": 0.040598180145
        },
        "probability": 0.959401845932,
        "value": "electronic"
    },
    "mood_happy": {
        "all": {
            "happy": 0.576584398746,
            "not_happy": 0.423415601254
        },
        "probability": 0.576584398746,
        "value": "happy"
    },
    "mood_party": {
        "all": {
            "not_party": 0.474509626627,
            "party": 0.525490403175
        },
        "probability": 0.525490403175,
        "value": "party"
    },
    "mood_relaxed": {
        "all": {
            "not_relaxed": 0.665020108223,
            "relaxed": 0.334979861975
        },
        "probability": 0.665020108223,
        "value": "not_relaxed"
    },
    "mood_sad": {
        "all": {
            "not_sad": 0.720417141914,
            "sad": 0.279582858086
        },
        "probability": 0.720417141914,
        "value": "not_sad"
    },
    "moods_mirex": {
        "all": {
            "Cluster1": 0.0921907052398,
            "Cluster2": 0.0590738244355,
            "Cluster3": 0.320015639067,
            "Cluster4": 0.0372938849032,
            "Cluster5": 0.491425961256
        },
        "probability": 0.491425961256,
        "value": "Cluster5"
    },
    "timbre": {
        "all": {
            "bright": 0.357140779495,
            "dark": 0.642859220505
        },
        "probability": 0.642859220505,
        "value": "dark"
    },
    "tonal_atonal": {
        "all": {
            "atonal": 0.888776421547,
            "tonal": 0.111223585904
        },
        "probability": 0.888776421547,
        "value": "atonal"
    },
    "voice_instrumental": {
        "all": {
            "instrumental": 0.0160831976682,
            "voice": 0.983916819096
        },
        "probability": 0.983916819096,
        "value": "voice"
    }
},
"lowlevel": {
    "average_loudness": 0.846033036709,
    "barkbands_crest": {
        "dmean": 3.01827478409,
        "dmean2": 4.5549826622,
        "dvar": 9.01379203796,
        "dvar2": 18.0492343903,
        "max": 25.6856098175,
        "mean": 12.0790891647,
        "median": 11.2547931671,
        "min": 2.2923977375,
        "var": 25.7129135132
    },
    "barkbands_flatness_db": {
        "dmean": 0.0334566384554,
        "dmean2": 0.0454287566245,
        "dvar": 0.00160485436209,
        "dvar2": 0.0022914649453,
        "max": 0.615701794624,
        "mean": 0.209209039807,
        "median": 0.189436763525,
        "min": 0.0398087389767,
        "var": 0.00745053309947
    },
    "barkbands_kurtosis": {
        "dmean": 8.42078876495,
        "dmean2": 13.1364994049,
        "dvar": 682.074157715,
        "dvar2": 1610.31689453,
        "max": 456.420227051,
        "mean": 10.7018966675,
        "median": 1.9990272522,
        "min": -1.94756305218,
        "var": 975.321228027
    },
    "barkbands_skewness": {
        "dmean": 0.947892725468,
        "dmean2": 1.40244626999,
        "dvar": 1.81362807751,
        "dvar2": 3.94718050957,
        "max": 17.4605350494,
        "mean": 1.73760604858,
        "median": 1.33047449589,
        "min": -3.17677617073,
        "var": 4.56941843033
    },
    "barkbands_spread": {
        "dmean": 9.95379638672,
        "dmean2": 15.2758522034,
        "dvar": 254.085525513,
        "dvar2": 538.554138184,
        "max": 118.619384766,
        "mean": 22.0168228149,
        "median": 16.0967388153,
        "min": 0.127687588334,
        "var": 395.204650879
    },
    "dissonance": {
        "dmean": 0.0333371944726,
        "dmean2": 0.0534421652555,
        "dvar": 0.00104788900353,
        "dvar2": 0.00273234094493,
        "max": 0.49996432662,
        "mean": 0.434623271227,
        "median": 0.44612672925,
        "min": 0.201585486531,
        "var": 0.00241134176031
    },
    "dynamic_complexity": 3.69500112534,
    "erbbands_crest": {
        "dmean": 3.19050192833,
        "dmean2": 4.99355983734,
        "dvar": 9.05257225037,
        "dvar2": 19.9150085449,
        "max": 32.0426521301,
        "mean": 11.1085643768,
        "median": 10.0304403305,
        "min": 3.1216044426,
        "var": 25.1683139801
    },
    "erbbands_flatness_db": {
        "dmean": 0.0249259676784,
        "dmean2": 0.0359495989978,
        "dvar": 0.00064422871219,
        "dvar2": 0.00139839353506,
        "max": 0.447235912085,
        "mean": 0.204537346959,
        "median": 0.204295784235,
        "min": 0.0580749474466,
        "var": 0.00428204983473
    },
    "erbbands_kurtosis": {
        "dmean": 2.2203874588,
        "dmean2": 3.41470432281,
        "dvar": 12.6856327057,
        "dvar2": 28.4927387238,
        "max": 50.4844360352,
        "mean": 2.1501698494,
        "median": 0.575019836426,
        "min": -1.87281847,
        "var": 23.5151557922
    },
    "erbbands_skewness": {
        "dmean": 0.613006472588,
        "dmean2": 0.874263107777,
        "dvar": 0.456040859222,
        "dvar2": 0.89800131321,
        "max": 6.03933382034,
        "mean": 0.444486945868,
        "median": 0.462584614754,
        "min": -5.32738780975,
        "var": 1.46821808815
    },
    "erbbands_spread": {
        "dmean": 12.7614841461,
        "dmean2": 20.1791267395,
        "dvar": 308.304199219,
        "dvar2": 744.926513672,
        "max": 144.984771729,
        "mean": 35.3283081055,
        "median": 28.8291950226,
        "min": 3.66612935066,
        "var": 588.885803223
    },
    "hfc": {
        "dmean": 31.7276725769,
        "dmean2": 50.7112197876,
        "dvar": 6595.77783203,
        "dvar2": 15568.2246094,
        "max": 744.123596191,
        "mean": 38.1149978638,
        "median": 16.4618587494,
        "min": 0.120944783092,
        "var": 6343.33007812
    },
    "melbands_crest": {
        "dmean": 3.75040960312,
        "dmean2": 5.64425802231,
        "dvar": 16.4753894806,
        "dvar2": 32.942150116,
        "max": 38.0569801331,
        "mean": 18.6512088776,
        "median": 16.2716655731,
        "min": 2.69505143166,
        "var": 88.2343902588
    },
    "melbands_flatness_db": {
        "dmean": 0.041607607156,
        "dmean2": 0.0547929182649,
        "dvar": 0.00270687160082,
        "dvar2": 0.00377440755256,
        "max": 0.764574289322,
        "mean": 0.238201141357,
        "median": 0.210407167673,
        "min": 0.0231520552188,
        "var": 0.0146556114778
    },
    "melbands_kurtosis": {
        "dmean": 19.0812187195,
        "dmean2": 30.3153953552,
        "dvar": 4600.51855469,
        "dvar2": 11627.5751953,
        "max": 1481.8371582,
        "mean": 26.8970661163,
        "median": 6.93744850159,
        "min": -1.82974481583,
        "var": 5688.02148438
    },
    "melbands_skewness": {
        "dmean": 1.1740231514,
        "dmean2": 1.76482188702,
        "dvar": 3.3956849575,
        "dvar2": 8.13507461548,
        "max": 30.7052841187,
        "mean": 2.91167163849,
        "median": 2.0673854351,
        "min": -1.60616695881,
        "var": 8.81959915161
    },
    "melbands_spread": {
        "dmean": 14.5846633911,
        "dmean2": 22.4191436768,
        "dvar": 691.968078613,
        "dvar2": 1612.16381836,
        "max": 228.567764282,
        "mean": 28.57878685,
        "median": 19.054933548,
        "min": 0.118623301387,
        "var": 975.734802246
    },
    "pitch_salience": {
        "dmean": 0.0907791927457,
        "dmean2": 0.133521616459,
        "dvar": 0.00831038691103,
        "dvar2": 0.016443984583,
        "max": 0.844048321247,
        "mean": 0.500404000282,
        "median": 0.528765141964,
        "min": 0.0356029756367,
        "var": 0.0332276448607
    },
    "silence_rate_20dB": {
        "dmean": 0,
        "dmean2": 0,
        "dvar": 0,
        "dvar2": 0,
        "max": 1,
        "mean": 1,
        "median": 1,
        "min": 1,
        "var": 0
    },
    "silence_rate_30dB": {
        "dmean": 0.0386996902525,
        "dmean2": 0.0774593353271,
        "dvar": 0.0372027121484,
        "dvar2": 0.0823021531105,
        "max": 1,
        "mean": 0.932714641094,
        "median": 1,
        "min": 0,
        "var": 0.0627581402659
    },
    "silence_rate_60dB": {
        "dmean": 0.0526315793395,
        "dmean2": 0.105344690382,
        "dvar": 0.049861073494,
        "dvar2": 0.106641031802,
        "max": 1,
        "mean": 0.1662799716,
        "median": 0,
        "min": 0,
        "var": 0.138630673289
    },
    "spectral_centroid": {
        "dmean": 454.720306396,
        "dmean2": 673.681152344,
        "dvar": 495661.5625,
        "dvar2": 937291.9375,
        "max": 5462.94824219,
        "mean": 1520.13220215,
        "median": 1292.68505859,
        "min": 100.846534729,
        "var": 903301.625
    },
    "spectral_complexity": {
        "dmean": 3.67260050774,
        "dmean2": 5.33694791794,
        "dvar": 33.1397285461,
        "dvar2": 53.0787162781,
        "max": 62,
        "mean": 12.1856145859,
        "median": 11,
        "min": 0,
        "var": 77.7410964966
    },
    "spectral_decrease": {
        "dmean": 2.99520741542e-09,
        "dmean2": 4.0598533424e-09,
        "dvar": 4.48184124459e-17,
        "dvar2": 8.44905835766e-17,
        "max": -7.38895195029e-11,
        "mean": -8.14806266902e-09,
        "median": -4.88419216182e-09,
        "min": -8.44793177635e-08,
        "var": 1.44711899739e-16
    },
    "spectral_energy": {
        "dmean": 0.0134660359472,
        "dmean2": 0.0192085169256,
        "dvar": 0.000760675524361,
        "dvar2": 0.00151478487533,
        "max": 0.320545494556,
        "mean": 0.034209780395,
        "median": 0.0217499975115,
        "min": 0.000330736103933,
        "var": 0.00227244733833
    },
    "spectral_energyband_high": {
        "dmean": 0.00359286391176,
        "dmean2": 0.00580184813589,
        "dvar": 9.58966411417e-05,
        "dvar2": 0.000239194661845,
        "max": 0.0773429423571,
        "mean": 0.00319572095759,
        "median": 0.000395376147935,
        "min": 2.33913155512e-08,
        "var": 8.19068518467e-05
    },
    "spectral_energyband_low": {
        "dmean": 0.00724555831403,
        "dmean2": 0.00886094011366,
        "dvar": 0.000635041273199,
        "dvar2": 0.00109202542808,
        "max": 0.313585340977,
        "mean": 0.0174747556448,
        "median": 5.49799369765e-05,
        "min": 5.07821482643e-07,
        "var": 0.00190085323993
    },
    "spectral_energyband_middle_high": {
        "dmean": 0.00332275009714,
        "dmean2": 0.00462469831109,
        "dvar": 6.08407681284e-05,
        "dvar2": 0.000107683823444,
        "max": 0.099255040288,
        "mean": 0.00601875409484,
        "median": 0.00245371670462,
        "min": 4.27095847044e-06,
        "var": 0.000101195619209
    },
    "spectral_energyband_middle_low": {
        "dmean": 0.00402765441686,
        "dmean2": 0.00603686459363,
        "dvar": 7.23506309441e-05,
        "dvar2": 0.000177459281986,
        "max": 0.0910880863667,
        "mean": 0.00780333485454,
        "median": 0.00466042850167,
        "min": 0.000103266647784,
        "var": 9.25097774598e-05
    },
    "spectral_entropy": {
        "dmean": 0.295829176903,
        "dmean2": 0.410593181849,
        "dvar": 0.115540362895,
        "dvar2": 0.196398422122,
        "max": 8.69508647919,
        "mean": 7.3028883934,
        "median": 7.28500509262,
        "min": 5.09290742874,
        "var": 0.443669229746
    },
    "spectral_flux": {
        "dmean": 0.0344756878912,
        "dmean2": 0.0532182827592,
        "dvar": 0.00205297465436,
        "dvar2": 0.00437228288502,
        "max": 0.416653931141,
        "mean": 0.089888766408,
        "median": 0.075033120811,
        "min": 0.00346828787588,
        "var": 0.005217095837
    },
    "spectral_kurtosis": {
        "dmean": 3.01644301414,
        "dmean2": 4.69764137268,
        "dvar": 28.532283783,
        "dvar2": 68.9060058594,
        "max": 86.5941467285,
        "mean": 5.83805799484,
        "median": 3.42631101608,
        "min": -1.22044253349,
        "var": 69.3812255859
    },
    "spectral_rms": {
        "dmean": 0.000954470655415,
        "dmean2": 0.00130480702501,
        "dvar": 1.94019162336e-06,
        "dvar2": 3.38808081324e-06,
        "max": 0.0176840983331,
        "mean": 0.00483703101054,
        "median": 0.0046064639464,
        "min": 0.000568039948121,
        "var": 9.97852021101e-06
    },
    "spectral_rolloff": {
        "dmean": 1152.87744141,
        "dmean2": 1931.73217773,
        "dvar": 4542763,
        "dvar2": 9854863,
        "max": 11584.8632812,
        "mean": 2219.66870117,
        "median": 1270.45898438,
        "min": 43.06640625,
        "var": 6266134.5
    },
    "spectral_skewness": {
        "dmean": 0.408700704575,
        "dmean2": 0.605636894703,
        "dvar": 0.23947454989,
        "dvar2": 0.493053913116,
        "max": 7.73319864273,
        "mean": 1.67698967457,
        "median": 1.5752146244,
        "min": -0.0416004322469,
        "var": 0.710028231144
    },
    "spectral_spread": {
        "dmean": 1047756.5,
        "dmean2": 1568511.5,
        "dvar": 1.91968562381e+12,
        "dvar2": 4.11781824512e+12,
        "max": 15381128,
        "mean": 5326794,
        "median": 5261726.5,
        "min": 993507.3125,
        "var": 5.98181045862e+12
    },
    "spectral_strongpeak": {
        "dmean": 0.605765640736,
        "dmean2": 0.969762802124,
        "dvar": 1.15250194073,
        "dvar2": 2.90225458145,
        "max": 10.7866439819,
        "mean": 1.23751294613,
        "median": 0.623346567154,
        "min": 0,
        "var": 2.1192150116
    },
    "zerocrossingrate": {
        "dmean": 0.021244391799,
        "dmean2": 0.0239772181958,
        "dvar": 0.000762688927352,
        "dvar2": 0.000977218966,
        "max": 0.33740234375,
        "mean": 0.0725193917751,
        "median": 0.06005859375,
        "min": 0.0009765625,
        "var": 0.00297608808614
    },
    "barkbands": {
        "dmean": [0.00139796372969, 0.00626473175362, 0.000845098984428, 0.000319431186654, 0.00107890518848, 0.000476837885799, 0.00079516536789, 0.00155685504433, 0.000886084686499, 0.00120252312627, 0.000510275887791, 0.000618674443103, 0.000487088196678, 0.00033587240614, 0.000289603340207, 0.000252571917372, 0.000396321993321, 0.000372598588001, 0.00033209825051, 0.00030808718293, 0.000408486928791, 0.00110496359412, 0.000611375493463, 0.000612024858128, 0.00067754794145, 0.000159914925462, 6.96108315879e-07],
        "dmean2": [0.00193853664678, 0.00795630645007, 0.00152111414354, 0.000567952927668, 0.00160158076324, 0.000785289681517, 0.00137060834095, 0.00238168123178, 0.00130561343394, 0.00171746569686, 0.000794322171714, 0.000938708602916, 0.000754231936298, 0.000532385951374, 0.00042922431021, 0.000356431293767, 0.000605550361797, 0.000548561743926, 0.000511269783601, 0.000498158624396, 0.000638327386696, 0.00184316642117, 0.00100011331961, 0.000984189799055, 0.00115304626524, 0.00027087458875, 1.22930293855e-06],
        "dvar": [1.96166110982e-05, 0.000569096882828, 2.40266181208e-05, 2.44853254117e-06, 4.09098356613e-06, 2.22906010094e-06, 9.52397294895e-06, 9.04380067368e-06, 6.10144797974e-06, 9.46828276938e-06, 2.39726159634e-06, 2.36141841015e-06, 2.00701697395e-06, 1.22379060485e-06, 7.04408762431e-07, 4.79067693959e-07, 1.01315515622e-06, 1.37314236781e-06, 1.85045519174e-06, 1.89333104572e-06, 1.56413432251e-06, 1.11035942609e-05, 2.91159835797e-06, 2.40443910116e-06, 3.41439363183e-06, 2.10827266756e-07, 1.96539659547e-11],
        "dvar2": [3.99534183089e-05, 0.00100255396683, 6.68572247378e-05, 6.86225166646e-06, 7.99755252956e-06, 5.51192715648e-06, 2.63279271167e-05, 1.91225444723e-05, 1.15913062473e-05, 1.93056603166e-05, 5.39528809895e-06, 4.95781705467e-06, 4.56961788586e-06, 2.80627614302e-06, 1.42089140809e-06, 8.55120333654e-07, 2.15111572288e-06, 2.71345675174e-06, 4.5556475925e-06, 4.82019095216e-06, 3.66638073501e-06, 2.89735071419e-05, 7.03389832779e-06, 5.74727391722e-06, 9.25276617636e-06, 5.19261107002e-07, 5.02748780107e-11],
        "max": [0.0874857157469, 0.289473295212, 0.0552227310836, 0.0174932759255, 0.0203910339624, 0.0145809017122, 0.0298011377454, 0.0293631441891, 0.0331864692271, 0.0468198731542, 0.022200262174, 0.0232016928494, 0.0142634827644, 0.0128297740594, 0.0115784471855, 0.00874222815037, 0.015513241291, 0.0186237413436, 0.0208716318011, 0.0236506816, 0.0109204938635, 0.0215086862445, 0.0133646475151, 0.0151540711522, 0.0124886892736, 0.00397700350732, 6.57771670376e-05],
        "mean": [0.00360591965728, 0.0132452053949, 0.000762969022617, 0.000321605999488, 0.00179340445902, 0.000622224935796, 0.000743079814129, 0.00236944598146, 0.00119254924357, 0.00175521895289, 0.000650191970635, 0.000847605057061, 0.000540580367669, 0.000353304028977, 0.000355595489964, 0.00030964720645, 0.000554172787815, 0.000480048212921, 0.00037446510396, 0.000300027459161, 0.000374808121705, 0.000850219163112, 0.00053238106193, 0.00057567859767, 0.000566940754652, 0.000131905311719, 4.62028054926e-07],
        "median": [7.29205169137e-07, 1.01006662589e-05, 1.73078587977e-05, 4.70712293463e-05, 0.000696074101143, 0.000251033488894, 0.00013747747289, 0.000313217227813, 0.000151940039359, 0.000271703262115, 8.24601884233e-05, 0.000134750982397, 5.29136777914e-05, 3.5440109059e-05, 2.83302306343e-05, 3.95688657591e-05, 8.98651705938e-05, 8.90529772732e-05, 6.33659219602e-05, 2.58178006334e-05, 1.86295274034e-05, 4.86230128445e-05, 4.86220960738e-05, 5.25410214323e-05, 6.20978244115e-05, 9.3405124062e-06, 3.3540803468e-10],
        "min": [3.57910333315e-11, 2.67187300063e-10, 3.74095332489e-09, 5.19498222218e-08, 3.2273276247e-06, 2.6968111797e-06, 3.03733827423e-07, 1.40398390158e-06, 1.23850770706e-06, 1.38380613635e-07, 2.91775918981e-08, 1.79202203299e-07, 1.11255808122e-07, 3.76301230176e-08, 1.83388415564e-08, 3.02932612328e-08, 2.62661021821e-08, 1.87429360921e-08, 2.95174267251e-08, 3.2160685226e-09, 4.07112743517e-09, 3.04638514415e-09, 1.30556132572e-09, 8.47878878218e-10, 2.17263134566e-11, 8.62948254521e-12, 9.86763275257e-12],
        "var": [6.70725494274e-05, 0.00138321844861, 1.54264434968e-05, 1.86539477909e-06, 7.98941073299e-06, 2.02995829568e-06, 6.81906976752e-06, 2.04892457987e-05, 1.03231604953e-05, 1.84880100278e-05, 2.88391083814e-06, 3.79246034754e-06, 2.21480854634e-06, 1.28680972011e-06, 9.98425093712e-07, 7.82893323503e-07, 1.69274380823e-06, 1.82664825843e-06, 1.81365828666e-06, 1.62636160894e-06, 1.58399643624e-06, 8.24091421237e-06, 2.57411011262e-06, 2.28648377743e-06, 2.46152399086e-06, 1.80525390192e-07, 1.43841353759e-11]
    },
    "erbbands": {
        "dmean": [0.345542728901, 0.824841082096, 0.895766973495, 1.0856423378, 1.10836458206, 4.49970245361, 6.2084031105, 3.39918017387, 9.39819908142, 21.6567554474, 29.5010166168, 17.5916099548, 39.5055923462, 17.8650875092, 26.7279872894, 19.4223976135, 21.3840255737, 16.8134860992, 14.6827278137, 15.6526355743, 13.9696340561, 21.6280498505, 20.9949455261, 18.6426048279, 13.8606920242, 14.0033636093, 15.8914470673, 18.5222606659, 45.2565765381, 27.9977149963, 16.2291202545, 13.2523555756, 10.7194871902, 8.09379386902, 4.59777355194, 1.18675339222, 0.201754376292, 0.0151450447738, 0.000427998718806, 5.35414365004e-05],
        "dmean2": [0.452438920736, 1.02243006229, 1.43369162083, 1.93609774113, 1.71026277542, 6.65932512283, 9.26891136169, 5.73789310455, 16.7138233185, 33.6483535767, 45.5059928894, 25.5742816925, 54.1106834412, 26.3552970886, 38.3318519592, 28.6952972412, 32.6685714722, 26.744977951, 21.9292182922, 22.5340518951, 19.6524353027, 32.9208030701, 30.6431694031, 28.561870575, 21.7774791718, 22.5817127228, 24.5952968597, 29.7857666016, 76.242225647, 46.214630127, 26.8629627228, 21.3965816498, 17.2059440613, 13.663394928, 7.94901227951, 2.04114675522, 0.331555843353, 0.0254707448184, 0.000715168192983, 8.75831101439e-05],
        "dvar": [1.72163903713, 11.1637487411, 22.2756938934, 34.5719718933, 12.8277292252, 75.3830566406, 183.326187134, 156.554977417, 1957.99938965, 2123.73291016, 3701.30761719, 2655.98632812, 9180.94628906, 2319.65454102, 4638.27978516, 2355.35351562, 3537.19116211, 4118.42236328, 1856.58166504, 2119.27001953, 1367.12634277, 3243.79614258, 4083.99853516, 6075.67871094, 3709.2956543, 4792.42382812, 2496.53588867, 3171.95849609, 19609.6777344, 6278.87597656, 2085.28222656, 1385.05432129, 682.197875977, 444.248535156, 173.080963135, 11.8208904266, 0.361527144909, 0.00253014802001, 2.07800098906e-06, 2.20300684362e-08],
        "dvar2": [3.32613444328, 16.976190567, 56.4819068909, 97.3457260132, 28.5028991699, 154.423812866, 369.180175781, 405.597869873, 5589.31982422, 5102.40087891, 8118.98925781, 5864.09423828, 17539.9609375, 5278.58300781, 9467.49804688, 4896.37255859, 7627.52197266, 9714.171875, 4009.97412109, 3969.18945312, 2474.70727539, 6672.46630859, 8085.92871094, 14431.765625, 9055.59570312, 12589.7099609, 5962.40917969, 7756.02734375, 51484.8125, 15613.7958984, 5114.68652344, 3264.39233398, 1702.85107422, 1193.73120117, 470.042907715, 31.3232841492, 0.78211414814, 0.00573729583994, 4.81373626826e-06, 5.2591680344e-08],
        "max": [15.6973638535, 42.3063011169, 53.0446472168, 68.2928466797, 53.8837432861, 106.704650879, 152.393768311, 139.558242798, 410.727783203, 572.95098877, 779.676513672, 979.187988281, 1393.03222656, 751.746887207, 906.058776855, 586.17376709, 712.784729004, 785.114990234, 565.701049805, 455.313568115, 447.12689209, 891.663879395, 938.311523438, 1296.49560547, 1119.51550293, 1222.95056152, 549.476257324, 505.167358398, 1008.50018311, 542.219909668, 330.75869751, 478.68081665, 180.936203003, 163.915359497, 99.9454421997, 29.6125183105, 5.69734668732, 0.600214719772, 0.0183422770351, 0.00177723565139],
        "mean": [0.756719410419, 1.48945450783, 0.993387699127, 1.10522437096, 1.64242267609, 7.10708808899, 9.20250797272, 4.62478256226, 8.29472255707, 28.0624485016, 44.7865600586, 24.3673439026, 65.5650787354, 25.4181957245, 38.8949584961, 28.2959632874, 25.5980300903, 17.7796077728, 17.9537506104, 20.0459461212, 18.7294044495, 31.835439682, 28.8186092377, 21.3724956512, 16.4928436279, 13.6268930435, 15.1725416183, 15.7294139862, 33.8684234619, 23.5763111115, 13.8768339157, 11.7683200836, 10.1196746826, 7.10528230667, 3.60062980652, 0.954819917679, 0.174499481916, 0.0122681260109, 0.000364088977221, 7.33425258659e-05],
        "median": [0.000222538539674, 0.002703508595, 0.0154872247949, 0.112273976207, 0.606838822365, 2.22426915169, 3.23285627365, 1.91282176971, 2.07235598564, 5.02401685715, 7.22317504883, 5.63978528976, 10.2625226974, 6.61735773087, 6.91319894791, 5.8025636673, 4.07717847824, 2.34178042412, 1.80176734924, 2.03421664238, 3.04071164131, 6.37624263763, 5.40054178238, 4.16086435318, 2.253510952, 1.33310592175, 1.14841115475, 0.711203098297, 1.56114435196, 2.1817111969, 1.20127868652, 0.738944172859, 1.07354700565, 0.865248799324, 0.273290276527, 0.0753320232034, 0.0116189904511, 0.000572742836084, 3.90220156987e-05, 3.42563071172e-05],
        "min": [8.13398855826e-07, 1.11304516395e-05, 3.67667234968e-05, 0.000479012465803, 0.00143847952131, 0.00756285851821, 0.0296656321734, 0.0209673512727, 0.00797067210078, 0.0265071000904, 0.0785000100732, 0.0609804950655, 0.0291145797819, 0.0113224657252, 0.0143206063658, 0.0054433234036, 0.00533033255488, 0.00332910567522, 0.00182916526683, 0.00157033617143, 0.00204783654772, 0.00167692464311, 0.00261808768846, 0.00195245048963, 0.00128601468168, 0.00035367286182, 0.000247365795076, 0.000127065344714, 0.000105505365354, 0.000100733843283, 3.58523029718e-05, 1.89872698684e-05, 1.61979405675e-05, 8.28608062875e-06, 1.95221241484e-06, 6.9954086257e-07, 1.5128163966e-07, 2.68009241466e-08, 1.76151317532e-07, 3.93671513166e-07],
        "var": [3.92192435265, 26.0509872437, 19.6597595215, 24.1022701263, 16.0106048584, 157.089630127, 296.647521973, 122.112030029, 1166.92871094, 2788.36694336, 8839.67480469, 3732.40014648, 22358.1171875, 3468.8112793, 7912.04638672, 3711.96630859, 4306.21435547, 3794.28662109, 2423.48999023, 3176.88891602, 2262.38720703, 5468.61669922, 5649.71484375, 6183.88427734, 3617.57958984, 3791.01538086, 2529.11303711, 2891.59765625, 14242.5820312, 5108.18554688, 1804.1529541, 1296.94189453, 620.34197998, 336.666870117, 120.873924255, 8.70705127716, 0.37802246213, 0.00238479790278, 1.90855371329e-06, 2.26794973912e-08]
    },
    "gfcc": {
        "mean": [-51.0535621643, 71.7002716064, -127.635765076, 13.9500370026, -80.0094528198, 9.48436260223, -45.1142807007, 15.3213529587, -27.0727024078, -8.19544887543, -12.2780952454, 2.66267490387, -4.23487329483],
        "cov": [[10101.7832031, -4823.44580078, 441.52835083, 453.261962891, -1258.19885254, 1295.39990234, -711.704162598, 560.798156738, -398.762878418, 662.574035645, -495.49017334, 694.453735352, -367.838684082], [-4823.44580078, 4174.78808594, 283.109832764, -100.671859741, 1307.22546387, -333.373718262, 939.682861328, -132.697479248, 560.460632324, -318.330505371, 582.286437988, -281.121337891, 236.91986084], [441.52835083, 283.109832764, 2437.98022461, 834.337097168, 381.905487061, 710.77911377, 508.589111328, 361.809631348, 266.31829834, 322.388671875, 7.06719017029, 265.728149414, 234.127853394], [453.261962891, -100.671859741, 834.337097168, 1073.82849121, 348.138244629, 211.408554077, 242.458984375, 85.5577011108, 165.610488892, 128.192367554, 117.377639771, 75.469291687, 172.198181152], [-1258.19885254, 1307.22546387, 381.905487061, 348.138244629, 974.383239746, 81.8491744995, 439.527770996, 54.1575737, 357.001098633, 3.73655104637, 213.222045898, -65.4069061279, 188.62171936], [1295.39990234, -333.373718262, 710.77911377, 211.408554077, 81.8491744995, 640.326416016, 173.52583313, 194.281936646, 113.614318848, 192.180862427, -18.5876312256, 166.229537964, 52.6949081421], [-711.704162598, 939.682861328, 508.589111328, 242.458984375, 439.527770996, 173.52583313, 662.926635742, 108.305839539, 213.94480896, -8.92822933197, 205.72303772, 76.1697921753, 93.0082626343], [560.798156738, -132.697479248, 361.809631348, 85.5577011108, 54.1575737, 194.281936646, 108.305839539, 331.650817871, 118.341308594, 58.5412864685, -24.2699871063, 107.706077576, 34.2790985107], [-398.762878418, 560.460632324, 266.31829834, 165.610488892, 357.001098633, 113.614318848, 213.94480896, 118.341308594, 384.96572876, 44.1645622253, 27.7672424316, -50.1947937012, 113.225692749], [662.574035645, -318.330505371, 322.388671875, 128.192367554, 3.73655104637, 192.180862427, -8.92822933197, 58.5412864685, 44.1645622253, 223.703781128, -44.9250450134, 17.2002563477, 3.01587629318], [-495.49017334, 582.286437988, 7.06719017029, 117.377639771, 213.222045898, -18.5876312256, 205.72303772, -24.2699871063, 27.7672424316, -44.9250450134, 285.899017334, 24.5294017792, -3.14808773994], [694.453735352, -281.121337891, 265.728149414, 75.469291687, -65.4069061279, 166.229537964, 76.1697921753, 107.706077576, -50.1947937012, 17.2002563477, 24.5294017792, 250.359420776, -2.30251693726], [-367.838684082, 236.91986084, 234.127853394, 172.198181152, 188.62171936, 52.6949081421, 93.0082626343, 34.2790985107, 113.225692749, 3.01587629318, -3.14808773994, -2.30251693726, 207.458984375]],
        "icov": [[0.000409519445384, 0.00023994417279, 0.000222311355174, -0.000234467239352, 7.1841677709e-05, -0.00062008301029, 0.000142232616781, -0.000273310899502, -2.6362367862e-05, -0.000394573668018, 8.19203996798e-05, -0.000508743396495, 0.00048511204659], [0.00023994417279, 0.00162013596855, -0.000614913995378, 0.00103481230326, -0.000852278899401, 0.000414818670833, -0.000721095129848, 0.000559471664019, -0.0010788848158, 0.00114681886043, -0.00185486930422, 0.000860368425492, -0.000135816371767], [0.000222311355174, -0.000614913995378, 0.00147118896712, -0.00114415970165, 0.000450859573903, -0.00113316334318, -1.38903278639e-05, -0.000822125875857, 0.000685366801918, -0.00158371939324, 0.00138825702015, -0.00118487200234, 6.26484979875e-05], [-0.000234467239352, 0.00103481230326, -0.00114415970165, 0.00257152901031, -0.000913619471248, 0.00113776070066, -0.000557213323191, 0.000904243264813, -0.000937041942962, 0.000807462725788, -0.00219056499191, 0.000997088267468, -0.00132113753352], [7.1841677709e-05, -0.000852278899401, 0.000450859573903, -0.000913619471248, 0.00290833297186, -0.000539343804121, -0.00015800735855, -0.000303006789181, -0.000689015723765, -0.000899891427252, 3.93474037992e-05, -0.000149199084262, -0.000648079672828], [-0.00062008301029, 0.000414818670833, -0.00113316334318, 0.00113776070066, -0.000539343804121, 0.00454757642001, -0.000952214351855, 0.000397387047997, -0.000952760514338, -0.000616405624896, -0.00095223414246, -6.08725240454e-05, -0.00102838070597], [0.000142232616781, -0.000721095129848, -1.38903278639e-05, -0.000557213323191, -0.00015800735855, -0.000952214351855, 0.00368604552932, -0.000561466382351, -0.000290856929496, 4.86074277433e-05, -0.000545535760466, -0.00131393014453, 0.000514805957209], [-0.000273310899502, 0.000559471664019, -0.000822125875857, 0.000904243264813, -0.000303006789181, 0.000397387047997, -0.000561466382351, 0.00527077261358, -0.00219637830742, 0.000957127311267, -0.000420571712311, -0.000920312828384, -0.000222679387662], [-2.6362367862e-05, -0.0010788848158, 0.000685366801918, -0.000937041942962, -0.000689015723765, -0.000952760514338, -0.000290856929496, -0.00219637830742, 0.00619660783559, -0.0013898042962, 0.00207715248689, 0.00102995592169, -0.000767364632338], [-0.000394573668018, 0.00114681886043, -0.00158371939324, 0.000807462725788, -0.000899891427252, -0.000616405624896, 4.86074277433e-05, 0.000957127311267, -0.0013898042962, 0.00917995814234, -0.0012904771138, 0.00278943241574, 0.000539055210538], [8.19203996798e-05, -0.00185486930422, 0.00138825702015, -0.00219056499191, 3.93474037992e-05, -0.00095223414246, -0.000545535760466, -0.000420571712311, 0.00207715248689, -0.0012904771138, 0.00837438739836, -0.00243052653968, 0.00202042190358], [-0.000508743396495, 0.000860368425492, -0.00118487200234, 0.000997088267468, -0.000149199084262, -6.08725240454e-05, -0.00131393014453, -0.000920312828384, 0.00102995592169, 0.00278943241574, -0.00243052653968, 0.00836918689311, -0.00102944090031], [0.00048511204659, -0.000135816371767, 6.26484979875e-05, -0.00132113753352, -0.000648079672828, -0.00102838070597, 0.000514805957209, -0.000222679387662, -0.000767364632338, 0.000539055210538, 0.00202042190358, -0.00102944090031, 0.00794800277799]]
    },
    "melbands": {
        "dmean": [0.00229190755635, 0.00046395327081, 0.000177993919351, 0.000177529393113, 0.000231633981457, 8.57556879055e-05, 0.000144796547829, 0.000279557629256, 0.000216605083551, 0.000121231591038, 0.000204801748623, 8.69621144375e-05, 7.71534178057e-05, 8.15150342532e-05, 4.06239632866e-05, 4.81570205011e-05, 3.18357670039e-05, 2.58891795966e-05, 2.31426765822e-05, 1.9242761482e-05, 1.64305020007e-05, 2.38670963881e-05, 2.45653045567e-05, 1.59660376085e-05, 1.61435436894e-05, 1.05386607174e-05, 9.84947473626e-06, 9.51496349444e-06, 9.3705184554e-06, 1.05221442936e-05, 9.74804333964e-06, 2.73005534837e-05, 1.90772989299e-05, 1.39762441904e-05, 9.38940502238e-06, 8.54557310959e-06, 8.27889925858e-06, 8.15145358501e-06, 6.33192030364e-06, 7.08610923539e-06],
        "dmean2": [0.00296260602772, 0.000601936946623, 0.000303010485368, 0.000264109228738, 0.000347980560036, 0.000146152204252, 0.000255772523815, 0.000431886292063, 0.00033712995355, 0.000170463259565, 0.000282557710307, 0.000127183273435, 0.000115176786494, 0.000119034193631, 6.12652947893e-05, 7.60019320296e-05, 5.13888517162e-05, 3.98994670832e-05, 3.40885708283e-05, 2.70512136922e-05, 2.41178095166e-05, 3.7127356336e-05, 3.60482699762e-05, 2.3402952138e-05, 2.55415397987e-05, 1.64296707226e-05, 1.53830205818e-05, 1.57876493176e-05, 1.47188929986e-05, 1.64448956639e-05, 1.59094761329e-05, 4.65348784928e-05, 3.22185478581e-05, 2.28468816204e-05, 1.57441281772e-05, 1.41815125971e-05, 1.34939928103e-05, 1.32253544507e-05, 1.04024520624e-05, 1.208015874e-05],
        "dvar": [7.45432043914e-05, 3.84683926313e-06, 8.07682908999e-07, 1.31065007736e-07, 2.27642459549e-07, 1.04591308059e-07, 4.32521943594e-07, 2.97612018585e-07, 2.06658214097e-07, 1.21715061141e-07, 2.47321281677e-07, 5.55693553395e-08, 4.36839897588e-08, 4.24403729937e-08, 1.05176090059e-08, 2.39583481942e-08, 1.50143577571e-08, 6.07526073892e-09, 4.53250681431e-09, 3.39126260407e-09, 2.04434424944e-09, 4.75289585466e-09, 3.51037576785e-09, 3.50383122516e-09, 4.97576513325e-09, 1.61219970707e-09, 2.24625629208e-09, 2.25775198537e-09, 8.78569605955e-10, 1.12423359511e-09, 8.78567107954e-10, 7.44864969704e-09, 3.1831079994e-09, 1.47629874991e-09, 7.09129976961e-10, 7.05717095872e-10, 5.42736744436e-10, 4.21656293215e-10, 2.13410830674e-10, 3.58722329619e-10],
        "dvar2": [0.000136539660161, 5.72677936361e-06, 2.18244463213e-06, 2.85681522882e-07, 4.43808829687e-07, 2.72605291229e-07, 1.22570361327e-06, 6.73892145642e-07, 4.66369158403e-07, 2.41017374947e-07, 4.81481890802e-07, 1.22984062045e-07, 9.39345454753e-08, 8.83922410821e-08, 2.10258637168e-08, 5.92095510399e-08, 3.65068117958e-08, 1.39333362625e-08, 9.21447806945e-09, 6.45188968917e-09, 3.91409304967e-09, 1.04653059552e-08, 6.78790224029e-09, 7.08592873266e-09, 1.22875594144e-08, 4.0495971021e-09, 5.41296163448e-09, 6.04010574889e-09, 2.13854511877e-09, 2.62639399118e-09, 2.1780748316e-09, 1.97240694888e-08, 8.14460499043e-09, 3.56398954793e-09, 1.75315462148e-09, 1.78343861901e-09, 1.25896015835e-09, 1.05242781157e-09, 5.47785594662e-10, 9.70592828331e-10],
        "max": [0.0997530668974, 0.0224776361138, 0.0103524830192, 0.00443964172155, 0.00509727932513, 0.00335504440591, 0.00620192382485, 0.00657407101244, 0.00553409941494, 0.0061146854423, 0.00699964677915, 0.0038159484975, 0.00279476237483, 0.00294336373918, 0.00132443499751, 0.00167593429796, 0.00150010164361, 0.000911701004952, 0.000794548599515, 0.000736856774893, 0.00056637468515, 0.00113546138164, 0.000684489961714, 0.000995679059997, 0.00117996451445, 0.000698470917996, 0.000789331155829, 0.000881170330103, 0.000306136935251, 0.000312079355353, 0.000279597792542, 0.000634318392258, 0.000473232968943, 0.00028979202034, 0.000194836538867, 0.00033460924169, 0.000305830966681, 0.000156702226377, 0.000106284154754, 0.000160881871125],
        "mean": [0.00509701715782, 0.000928500317968, 0.000196382155991, 0.000279232976027, 0.00036344624823, 0.00010924358503, 0.000127587773022, 0.000387625652365, 0.000319604587276, 0.000161460659001, 0.000336082739523, 0.00010987688438, 0.000109503933345, 0.000113791247713, 5.41746703675e-05, 5.00687783642e-05, 3.14636272378e-05, 2.94592664432e-05, 2.81519533019e-05, 2.33690188907e-05, 2.11304650293e-05, 3.21658844769e-05, 3.39433281624e-05, 2.04512325581e-05, 1.71490373759e-05, 1.24563966892e-05, 1.04439577626e-05, 8.75813111634e-06, 8.98990310816e-06, 9.66576772043e-06, 7.9745432231e-06, 1.98440575332e-05, 1.54353892867e-05, 1.20651229736e-05, 7.95167397882e-06, 6.97588984622e-06, 7.45387751522e-06, 7.41006351745e-06, 6.15880526311e-06, 5.92825517742e-06],
        "median": [2.53426901509e-06, 6.55988515064e-06, 2.89410309051e-05, 9.71180706983e-05, 0.000127060426166, 4.42899363406e-05, 2.52711852227e-05, 6.82043028064e-05, 5.13948580192e-05, 2.1249123165e-05, 5.20689209225e-05, 2.18220648094e-05, 2.02477367566e-05, 1.32021414174e-05, 9.67415780906e-06, 4.58931890535e-06, 3.40596352544e-06, 2.68414783022e-06, 2.22948142437e-06, 2.44860530074e-06, 2.78724178315e-06, 5.33858292329e-06, 5.2605869314e-06, 3.64633638128e-06, 2.98107102026e-06, 1.58893408297e-06, 9.76828118837e-07, 6.99228962731e-07, 6.68252255309e-07, 4.17519430584e-07, 2.68584386731e-07, 6.54407756429e-07, 1.18372531688e-06, 1.03989702893e-06, 5.93573759033e-07, 4.41403500417e-07, 3.19846321872e-07, 4.92788387874e-07, 9.15388852718e-07, 5.71276700612e-07],
        "min": [2.73998906897e-10, 2.96092883545e-09, 1.02678143321e-07, 1.39402430932e-07, 1.21347750337e-06, 4.10216102864e-07, 5.24550287651e-08, 5.87943276287e-08, 4.68754478788e-07, 1.67716564192e-07, 3.42240014106e-08, 1.53161536787e-08, 9.80950076723e-09, 2.35980301966e-08, 9.43713374113e-09, 9.23656795493e-09, 3.24372662064e-09, 2.38917530204e-09, 1.28523136578e-09, 2.42913533732e-09, 8.67178218122e-10, 1.51303081175e-09, 1.93391658243e-09, 7.75808639553e-10, 1.35518241073e-09, 1.33525324131e-09, 1.48066545136e-10, 6.29018712117e-11, 1.38085459733e-10, 1.43963369004e-10, 1.38178973472e-11, 3.20996770831e-11, 6.68410396476e-11, 3.94173443885e-11, 1.15124689296e-11, 7.02920902908e-13, 2.01285291061e-13, 2.92504345398e-12, 4.98977703774e-13, 3.28641492275e-13],
