{
"highlevel": {
    "danceability": {
        "all": {
            "danceable": 2.64668870154e-10,
            "not_danceable": 1
        },
        "probability": 1,
        "value": "not_danceable"
    },
    "gender": {
        "all": {
            "female": 0.436262100935,
            "male": 0.563737928867
        },
        "probability": 0.563737928867,
        "value": "male"
    },
    "genre_dortmund": {
        "all": {
            "alternative": 0.125499561429,
            "blues": 0.0303917713463,
            "electronic": 0.0480025373399,
            "folkcountry": 0.0725465789437,
            "funksoulrnb": 0.0185082126409,
            "jazz": 0.0807888582349,
            "pop": 0.124859198928,
            "raphiphop": 0.00179485662375,
            "rock": 0.497608423233
        },
        "probability": 0.497608423233,
        "value": "rock"
    },
    "genre_electronic": {
        "all": {
            "ambient": 0.0922405719757,
            "dnb": 0.5268471241,
            "house": 0.0540337711573,
            "techno": 0.0087468046695,
            "trance": 0.318131715059
        },
        "probability": 0.5268471241,
        "value": "dnb"
    },
    "genre_rosamerica": {
        "all": {
            "cla": 0.00028159233625,
            "dan": 0.000452861684607,
            "hip": 3.25460241584e-05,
            "jaz": 0.000640848418698,
            "pop": 0.000968786305748,
            "rhy": 0.000941788137425,
            "roc": 0.996670544147,
            "spe": 1.10162591227e-05
        },
        "probability": 0.996670544147,
        "value": "roc"
    },
    "genre_tzanetakis": {
        "all": {
            "blu": 0.0626541376114,
            "cla": 0.0348133966327,
            "cou": 0.0783501937985,
            "dis": 0.104547761381,
            "hip": 0.15693578124,
            "jaz": 0.313987255096,
            "met": 0.044816005975,
            "pop": 0.0627349764109,
            "reg": 0.0627352520823,
            "roc": 0.0784252434969
        },
        "probability": 0.313987255096,
        "value": "jaz"
    },
    "ismir04_rhythm": {
        "all": {
            "ChaChaCha": 0.383703768253,
            "Jive": 0.3735499084,
            "Quickstep": 0.0295270644128,
            "Rumba-American": 0.00638431496918,
            "Rumba-International": 0.0321214012802,
            "Rumba-Misc": 0.00436244672164,
            "Samba": 0.0443537533283,
            "Tango": 0.00753734027967,
            "VienneseWaltz": 0.104067280889,
            "Waltz": 0.0143927214667
        },
        "probability": 0.383703768253,
        "value": "ChaChaCha"
    },
    "mood_acoustic": {
        "all": {
            "acoustic": 0.0064649451524,
            "not_acoustic": 0.993535041809
        },
        "probability": 0.993535041809,
        "value": "not_acoustic"
    },
    "mood_aggressive": {
        "all": {
            "aggressive": 0.948158085346,
            "not_aggressive": 0.0518419407308
        },
        "probability": 0.948158085346,
        "value": "aggressive"
    },
    "mood_electronic": {
        "all": {
            "electronic": 0.19608938694,
            "not_electronic": 0.80391061306
        },
        "probability": 0.80391061306,
        "value": "not_electronic"
    },
    "mood_happy": {
        "all": {
            "happy": 0.767217516899,
            "not_happy": 0.2327824682
        },
        "probability": 0.767217516899,
        "value": "happy"
    },
    "mood_party": {
        "all": {
            "not_party": 0.505971372128,
            "party": 0.494028657675
        },
        "probability": 0.505971372128,
        "value": "not_party"
    },
    "mood_relaxed": {
        "all": {
            "not_relaxed": 0.962941706181,
            "relaxed": 0.0370582714677
        },
        "probability": 0.962941706181,
        "value": "not_relaxed"
    },
    "mood_sad": {
        "all": {
            "not_sad": 0.940549850464,
            "sad": 0.0594501532614
        },
        "probability": 0.940549850464,
        "value": "not_sad"
    },
    "moods_mirex": {
        "all": {
            "Cluster1": 0.568188071251,
            "Cluster2": 0.103656679392,
            "Cluster3": 0.0776679217815,
            "Cluster4": 0.0409529283643,
            "Cluster5": 0.209534421563
        },
        "probability": 0.568188071251,
        "value": "Cluster1"
    },
    "timbre": {
        "all": {
            "bright": 0.980601668358,
            "dark": 0.019398316741
        },
        "probability": 0.980601668358,
        "value": "bright"
    },
    "tonal_atonal": {
        "all": {
            "atonal": 0.0414094515145,
            "tonal": 0.958590567112
        },
        "probability": 0.958590567112,
        "value": "tonal"
    },
    "voice_instrumental": {
        "all": {
            "instrumental": 0.051593337208,
            "voice": 0.948406636715
        },
        "probability": 0.948406636715,
        "value": "voice"
    }
},
"lowlevel": {
    "average_loudness": 0.973416984081,
    "barkbands_crest": {
        "dmean": 2.38875484467,
        "dmean2": 3.8336288929,
        "dvar": 10.0110177994,
        "dvar2": 23.3019218445,
        "max": 22.9340114594,
        "mean": 8.87539291382,
        "median": 7.6999578476,
        "min": 2.07484436035,
        "var": 19.5536823273
    },
    "barkbands_flatness_db": {
        "dmean": 0.0152513785288,
        "dmean2": 0.0244014579803,
        "dvar": 0.000277637213003,
        "dvar2": 0.000694305403158,
        "max": 0.265154123306,
        "mean": 0.11313187331,
        "median": 0.102788992226,
        "min": 0.0461356155574,
        "var": 0.00152936566155
    },
    "barkbands_kurtosis": {
        "dmean": 1.01665472984,
        "dmean2": 1.68641126156,
        "dvar": 3.55096912384,
        "dvar2": 9.37930107117,
        "max": 20.0433502197,
        "mean": 0.185893654823,
        "median": -0.487413883209,
        "min": -1.83670258522,
        "var": 4.41021728516
    },
    "barkbands_skewness": {
        "dmean": 0.354668974876,
        "dmean2": 0.556395173073,
        "dvar": 0.220277383924,
        "dvar2": 0.543935954571,
        "max": 4.33677530289,
        "mean": 0.867610156536,
        "median": 0.738888800144,
        "min": -0.592066049576,
        "var": 0.380095601082
    },
    "barkbands_spread": {
        "dmean": 5.35266780853,
        "dmean2": 8.58438777924,
        "dvar": 38.1320762634,
        "dvar2": 100.753761292,
        "max": 77.9341049194,
        "mean": 36.2257728577,
        "median": 37.6119194031,
        "min": 5.80404663086,
        "var": 189.005218506
    },
    "dissonance": {
        "dmean": 0.0103971129283,
        "dmean2": 0.0176506265998,
        "dvar": 0.000101873469248,
        "dvar2": 0.000297793943901,
        "max": 0.499898284674,
        "mean": 0.477899938822,
        "median": 0.482588112354,
        "min": 0.394857823849,
        "var": 0.00026372121647
    },
    "dynamic_complexity": 1.50120508671,
    "erbbands_crest": {
        "dmean": 1.78788626194,
        "dmean2": 2.66310572624,
        "dvar": 3.65967559814,
        "dvar2": 7.04137039185,
        "max": 27.4345035553,
        "mean": 9.56973361969,
        "median": 6.98743772507,
        "min": 2.77025556564,
        "var": 36.530216217
    },
    "erbbands_flatness_db": {
        "dmean": 0.0106315985322,
        "dmean2": 0.0156675539911,
        "dvar": 0.000116595540021,
        "dvar2": 0.000215010528336,
        "max": 0.305125266314,
        "mean": 0.151114627719,
        "median": 0.137496709824,
        "min": 0.0850379019976,
        "var": 0.00188139826059
    },
    "erbbands_kurtosis": {
        "dmean": 0.451424837112,
        "dmean2": 0.695150315762,
        "dvar": 0.23030655086,
        "dvar2": 0.535466253757,
        "max": 6.58845043182,
        "mean": -0.0592137798667,
        "median": -0.323592662811,
        "min": -1.68287229538,
        "var": 1.01087749004
    },
    "erbbands_skewness": {
        "dmean": 0.227793380618,
        "dmean2": 0.340208083391,
        "dvar": 0.0455674380064,
        "dvar2": 0.097779199481,
        "max": 2.09016275406,
        "mean": -0.0449365824461,
        "median": -0.131370708346,
        "min": -1.71704649925,
        "var": 0.5509506464
    },
    "erbbands_spread": {
        "dmean": 5.32154846191,
        "dmean2": 8.36607170105,
        "dvar": 24.9291534424,
        "dvar2": 58.7967605591,
        "max": 98.2610244751,
        "mean": 39.4116287231,
        "median": 38.8284339905,
        "min": 10.7622661591,
        "var": 111.937774658
    },
    "hfc": {
        "dmean": 6.30856370926,
        "dmean2": 9.65223407745,
        "dvar": 72.1468200684,
        "dvar2": 169.276931763,
        "max": 129.697433472,
        "mean": 38.6645545959,
        "median": 38.0028114319,
        "min": 1.62149143219,
        "var": 348.300872803
    },
    "melbands_crest": {
        "dmean": 2.9726319313,
        "dmean2": 4.68908834457,
        "dvar": 10.9385147095,
        "dvar2": 25.6364803314,
        "max": 29.968503952,
        "mean": 13.6580839157,
        "median": 12.3610811234,
        "min": 4.74655151367,
        "var": 27.4338626862
    },
    "melbands_flatness_db": {
        "dmean": 0.0199733786285,
        "dmean2": 0.0306717026979,
        "dvar": 0.000600010273047,
        "dvar2": 0.00144301669206,
        "max": 0.308966815472,
        "mean": 0.139759808779,
        "median": 0.133230686188,
        "min": 0.0475242957473,
        "var": 0.00171553727705
    },
    "melbands_kurtosis": {
        "dmean": 3.928191185,
        "dmean2": 6.48116445541,
        "dvar": 64.1362762451,
        "dvar2": 168.648254395,
        "max": 77.3475036621,
        "mean": 5.9649772644,
        "median": 3.57534360886,
        "min": -0.976751565933,
        "var": 59.663318634
    },
    "melbands_skewness": {
        "dmean": 0.560307383537,
        "dmean2": 0.872658610344,
        "dvar": 0.669553756714,
        "dvar2": 1.64101791382,
        "max": 8.00290298462,
        "mean": 2.07901239395,
        "median": 1.81028449535,
        "min": 0.158197447658,
        "var": 1.07914042473
    },
    "melbands_spread": {
        "dmean": 8.41687774658,
        "dmean2": 13.0053091049,
        "dvar": 86.8411865234,
        "dvar2": 213.8177948,
        "max": 100.136695862,
        "mean": 38.3595809937,
        "median": 37.7512016296,
        "min": 4.76919794083,
        "var": 256.481140137
    },
    "pitch_salience": {
        "dmean": 0.0629122406244,
        "dmean2": 0.101381771266,
        "dvar": 0.00507698580623,
        "dvar2": 0.0122902542353,
        "max": 0.788899600506,
        "mean": 0.543217658997,
        "median": 0.551039814949,
        "min": 0.198094159365,
        "var": 0.00982083752751
    },
    "silence_rate_20dB": {
        "dmean": 0,
        "dmean2": 0,
        "dvar": 0,
        "dvar2": 0,
        "max": 1,
        "mean": 1,
        "median": 1,
        "min": 1,
        "var": 0
    },
    "silence_rate_30dB": {
        "dmean": 0,
        "dmean2": 0,
        "dvar": 0,
        "dvar2": 0,
        "max": 1,
        "mean": 1,
        "median": 1,
        "min": 1,
        "var": 0
    },
    "silence_rate_60dB": {
        "dmean": 0.00232198135927,
        "dmean2": 0.00464755995199,
        "dvar": 0.00231658970006,
        "dvar2": 0.0046259611845,
        "max": 1,
        "mean": 0.00464037107304,
        "median": 0,
        "min": 0,
        "var": 0.00461883656681
    },
    "spectral_centroid": {
        "dmean": 206.211273193,
        "dmean2": 317.917633057,
        "dvar": 33682.6679688,
        "dvar2": 79125.90625,
        "max": 3403.56201172,
        "mean": 2148.86376953,
        "median": 2230.53515625,
        "min": 546.569824219,
        "var": 265837.25
    },
    "spectral_complexity": {
        "dmean": 3.8614552021,
        "dmean2": 6.18745136261,
        "dvar": 10.012509346,
        "dvar2": 25.1376399994,
        "max": 58,
        "mean": 35.8638839722,
        "median": 39,
        "min": 3,
        "var": 122.918869019
    },
    "spectral_decrease": {
        "dmean": 2.14278350619e-09,
        "dmean2": 3.44250006279e-09,
        "dvar": 1.40101168535e-17,
        "dvar2": 3.412619313e-17,
        "max": -3.22234572359e-10,
        "mean": -7.99977151189e-09,
        "median": -7.40785965903e-09,
        "min": -3.12772563404e-08,
        "var": 2.02394800434e-17
    },
    "spectral_energy": {
        "dmean": 0.00832842011005,
        "dmean2": 0.0132658034563,
        "dvar": 0.000199216039618,
        "dvar2": 0.000481417839183,
        "max": 0.124355576932,
        "mean": 0.033699978143,
        "median": 0.0319905094802,
        "min": 0.00136325962376,
        "var": 0.000318355771014
    },
    "spectral_energyband_high": {
        "dmean": 0.000696639239322,
        "dmean2": 0.0010953451274,
        "dvar": 9.33237458867e-07,
        "dvar2": 2.16091530092e-06,
        "max": 0.0127413552254,
        "mean": 0.00254385336302,
        "median": 0.0021776179783,
        "min": 4.92673098051e-05,
        "var": 3.49591664417e-06
    },
    "spectral_energyband_low": {
        "dmean": 0.00709767034277,
        "dmean2": 0.0115515729412,
        "dvar": 0.000244524562731,
        "dvar2": 0.000605741341133,
        "max": 0.104272484779,
        "mean": 0.0115286149085,
        "median": 0.00728337373585,
        "min": 1.10025257527e-06,
        "var": 0.000248755648499
    },
    "spectral_energyband_middle_high": {
        "dmean": 0.00162592728157,
        "dmean2": 0.00249955127947,
        "dvar": 2.53692610386e-06,
        "dvar2": 6.25680104349e-06,
        "max": 0.0236284378916,
        "mean": 0.00920177903026,
        "median": 0.0090676182881,
        "min": 0.000428076105891,
        "var": 1.86775305338e-05
    },
    "spectral_energyband_middle_low": {
        "dmean": 0.00291997776367,
        "dmean2": 0.00458332058042,
        "dvar": 9.1423644335e-06,
        "dvar2": 2.18611767195e-05,
        "max": 0.0471497140825,
        "mean": 0.0127847027034,
        "median": 0.0101709766313,
        "min": 0.0007611598121,
        "var": 6.34571842966e-05
    },
    "spectral_entropy": {
        "dmean": 0.0750362351537,
        "dmean2": 0.110073052347,
        "dvar": 0.00620389450341,
        "dvar2": 0.0113033708185,
        "max": 8.41223907471,
        "mean": 7.86852502823,
        "median": 7.91303348541,
        "min": 6.9298286438,
        "var": 0.0656888261437
    },
    "spectral_flux": {
        "dmean": 0.021095443517,
        "dmean2": 0.0322752706707,
        "dvar": 0.000913134601433,
        "dvar2": 0.0017960597761,
        "max": 0.269013434649,
        "mean": 0.0857769027352,
        "median": 0.0749029666185,
        "min": 0.0187046229839,
        "var": 0.00198648753576
    },
    "spectral_kurtosis": {
        "dmean": 0.895228922367,
        "dmean2": 1.56732034683,
        "dvar": 1.08892798424,
        "dvar2": 3.0277299881,
        "max": 16.1671714783,
        "mean": 2.70363378525,
        "median": 2.52993917465,
        "min": -0.759911298752,
        "var": 1.42688679695
    },
    "spectral_rms": {
        "dmean": 0.000626335735433,
        "dmean2": 0.000972883834038,
        "dvar": 7.95131882114e-07,
        "dvar2": 1.81879818228e-06,
        "max": 0.0110146496445,
        "mean": 0.00554054509848,
        "median": 0.00558661390096,
        "min": 0.00115326035302,
        "var": 2.1803718937e-06
    },
    "spectral_rolloff": {
        "dmean": 609.713562012,
        "dmean2": 981.687072754,
        "dvar": 616309.375,
        "dvar2": 1461954.75,
        "max": 9216.2109375,
        "mean": 2514.75610352,
        "median": 2519.38476562,
        "min": 86.1328125,
        "var": 1450406.75
    },
    "spectral_skewness": {
        "dmean": 0.136437535286,
        "dmean2": 0.227490797639,
        "dvar": 0.0223834980279,
        "dvar2": 0.0484262369573,
        "max": 3.3248591423,
        "mean": 1.01774036884,
        "median": 1.0181312561,
        "min": 0.0773598700762,
        "var": 0.0407242923975
    },
    "spectral_spread": {
        "dmean": 300939.875,
        "dmean2": 451983.65625,
        "dvar": 120289665024,
        "dvar2": 209263738880,
        "max": 8758927,
        "mean": 4260784.5,
        "median": 4257621.5,
        "min": 2334636.5,
        "var": 695575707648
    },
    "spectral_strongpeak": {
        "dmean": 0.487333029509,
        "dmean2": 0.820923984051,
        "dvar": 0.604824483395,
        "dvar2": 1.35270786285,
        "max": 5.8812379837,
        "mean": 1.41853415966,
        "median": 0.568972468376,
        "min": 0.0578553192317,
        "var": 2.26623463631
    },
    "zerocrossingrate": {
        "dmean": 0.00970288924873,
        "dmean2": 0.0115213198587,
        "dvar": 9.21619212022e-05,
        "dvar2": 0.000121452678286,
        "max": 0.22412109375,
        "mean": 0.0844065696001,
        "median": 0.08203125,
        "min": 0.02490234375,
        "var": 0.00069089489989
    },
    "barkbands": {
        "dmean": [0.000195040600374, 0.00618822639808, 0.00159976538271, 0.000811514037196, 0.00120374164544, 0.00074549583951, 0.000229234035942, 0.000234013234149, 0.000734859437216, 0.00112520169932, 0.000235038300161, 0.000276463746559, 0.000284958659904, 0.00013866640802, 0.000339735619491, 0.0003458300489, 0.000404033926316, 0.000291688513244, 0.000358998368029, 0.00046960497275, 0.000224884075578, 0.000177176276338, 0.000153857414261, 0.000108648127934, 6.0603437305e-05, 2.17909146158e-05, 2.15064943632e-08],
        "dmean2": [0.000308673654217, 0.0103759299964, 0.00280156242661, 0.00137034687214, 0.00200989586301, 0.00116455496754, 0.000387920736102, 0.000337537843734, 0.00113100407179, 0.00148383644409, 0.000371326459572, 0.000403209764045, 0.000450308056315, 0.000220199348405, 0.000554827216547, 0.000570324365981, 0.000671312038321, 0.000491881917696, 0.000612052797806, 0.000776097527705, 0.000362335180398, 0.000289886957034, 0.000247483112616, 0.000162669821293, 9.22078761505e-05, 3.46273191099e-05, 3.86636926919e-08],
        "dvar": [1.17473625494e-07, 0.000234767168877, 7.49306082071e-06, 1.1862066458e-06, 2.13732232623e-06, 1.10058579139e-06, 1.79107388476e-07, 3.01279982295e-07, 2.00963722818e-06, 3.73042735191e-06, 2.44287406304e-07, 1.69075192957e-07, 2.07643239492e-07, 4.98523711201e-08, 1.73355488187e-07, 1.95665975866e-07, 1.96408805664e-07, 9.97803297764e-08, 2.05536053954e-07, 2.37636399447e-07, 8.59348574522e-08, 6.83423238002e-08, 5.50803349597e-08, 4.04468387671e-08, 2.78425211775e-08, 1.58991431132e-09, 7.12112203108e-15],
        "dvar2": [2.84047871446e-07, 0.000593435659539, 2.21911450353e-05, 3.28141118189e-06, 6.20532591711e-06, 2.64130858341e-06, 4.95831557146e-07, 4.89829176331e-07, 4.64349523099e-06, 5.89216597291e-06, 6.28010127457e-07, 3.78818469926e-07, 5.06979915826e-07, 1.11495694455e-07, 4.43688776386e-07, 4.66630922347e-07, 5.0406686114e-07, 2.60482181602e-07, 5.6017188399e-07, 6.67971562507e-07, 2.30906792353e-07, 1.77283439484e-07, 1.3248697428e-07, 8.44462917371e-08, 7.12597625352e-08, 4.00099731124e-09, 1.83542959477e-14],
        "max": [0.00397233758122, 0.0960783734918, 0.0226804837584, 0.0137007087469, 0.0171463880688, 0.019508222118, 0.00768273044378, 0.016700502485, 0.0199076421559, 0.0356203056872, 0.00849597528577, 0.00603783410043, 0.00674947025254, 0.00338050397113, 0.00621455814689, 0.00551975565031, 0.00588100543246, 0.00317232729867, 0.00573901925236, 0.00539184734225, 0.00329015986063, 0.00402113515884, 0.00333968526684, 0.00412349449471, 0.00429737986997, 0.00050478783669, 1.8696018742e-06],
        "mean": [0.000295219593681, 0.00764544308186, 0.00285564246587, 0.0014052351471, 0.00262307445519, 0.00232825591229, 0.000487919896841, 0.000581446976867, 0.00164923351258, 0.00445851776749, 0.000509803299792, 0.000638058816548, 0.00073998759035, 0.000265543727437, 0.000781308859587, 0.000723243749235, 0.000929966801777, 0.000703913683537, 0.000928698980715, 0.00124819180928, 0.000575242913328, 0.000462827156298, 0.000384663493605, 0.000275368947769, 0.000158500581165, 4.46761296189e-05, 1.47385561533e-08],
        "median": [7.70485421526e-05, 0.00309691391885, 0.00191379780881, 0.000952689966653, 0.00216391542926, 0.00164163403679, 0.000276467879303, 0.000257398409303, 0.000769638281781, 0.00100007560104, 0.000208124707569, 0.000375180505216, 0.000300065352349, 0.000167481121025, 0.000546347582713, 0.000548989512026, 0.000811710779089, 0.000645603868179, 0.000897700607311, 0.0011824327521, 0.000498683541082, 0.000388907443266, 0.000259109103354, 0.000171814885107, 9.34482814046e-05, 2.81550092041e-05, 8.32868718437e-10],
        "min": [7.02327973556e-10, 5.8472096498e-08, 6.27021705668e-08, 3.10564693962e-08, 0.000163718883414, 1.34174279083e-05, 4.27003305958e-06, 1.37345091389e-06, 1.12328170871e-05, 1.01103205452e-05, 4.51006735602e-06, 9.12196082936e-06, 9.03464933799e-06, 3.46736624124e-06, 1.7736610971e-05, 1.60551408044e-05, 3.98195188609e-05, 3.08444068651e-05, 2.10365142266e-05, 5.76178717893e-05, 8.00648285804e-06, 4.34778121416e-06, 1.45812293795e-07, 5.52822640998e-08, 1.03183470657e-08, 6.05157104983e-11, 7.02623115939e-12],
        "var": [2.80170183942e-07, 0.000205394098884, 9.82514575298e-06, 2.36116238739e-06, 3.5623304484e-06, 5.0073535931e-06, 3.53052030277e-07, 1.58336001732e-06, 6.67856693326e-06, 4.53049506177e-05, 8.65796494054e-07, 5.3886844853e-07, 7.98570511051e-07, 1.2350687939e-07, 5.80549965434e-07, 4.81344045511e-07, 4.12914374692e-07, 2.04372184953e-07, 4.13605192762e-07, 5.57252405997e-07, 1.76738467417e-07, 1.52160751554e-07, 1.71113526903e-07, 1.15229596531e-07, 4.96465766275e-08, 3.0178468613e-09, 5.91683853876e-15]
    },
    "erbbands": {
        "dmean": [0.181395426393, 1.3935059309, 1.93620789051, 2.04741406441, 3.1469707489, 4.48482894897, 7.71566152573, 5.72277212143, 4.22672700882, 2.81697678566, 6.24808835983, 18.4796237946, 39.761138916, 13.2628583908, 10.9886655807, 12.8748273849, 11.9267454147, 8.23241043091, 15.4254894257, 15.077372551, 17.9687252045, 19.1578063965, 16.5231304169, 17.6424942017, 19.5309047699, 22.471780777, 12.9841909409, 7.77567720413, 6.86675453186, 4.26183605194, 4.68136835098, 3.12098169327, 1.55765426159, 0.931613028049, 0.349691599607, 0.145878344774, 0.0289532542229, 0.00225316849537, 4.42700147687e-05, 1.11213803393e-05],
        "dmean2": [0.310098439455, 2.35775136948, 3.42545175552, 3.35576486588, 5.38847541809, 7.48889017105, 12.2833585739, 8.95898342133, 6.80874300003, 4.68628263474, 9.09125518799, 27.5091686249, 52.6075286865, 19.1232814789, 17.6101589203, 18.818107605, 18.8583908081, 12.7578020096, 24.894865036, 24.8386287689, 29.7917728424, 32.1942100525, 27.8461036682, 29.5543842316, 33.5881118774, 37.7845916748, 21.482006073, 12.6969194412, 11.2637147903, 6.97176647186, 7.45172643661, 4.77883672714, 2.34364151955, 1.45457029343, 0.540056705475, 0.233416169882, 0.0464152991772, 0.00381088699214, 7.21678734408e-05, 1.71287483681e-05],
        "dvar": [0.232185393572, 11.6023626328, 14.2722568512, 7.67046976089, 17.487159729, 33.2293014526, 118.509902954, 76.0122070312, 38.8334159851, 57.8638076782, 246.131088257, 1320.1060791, 5801.42773438, 328.108520508, 609.179870605, 364.853790283, 349.90838623, 144.500534058, 406.786773682, 379.296722412, 379.697357178, 401.44708252, 316.051177979, 487.171386719, 535.20135498, 571.17791748, 240.457717896, 100.248558044, 101.740226746, 46.7109909058, 54.4666862488, 23.3838291168, 12.6419496536, 8.17812633514, 0.554361879826, 0.0680427923799, 0.00293277506717, 1.95075353986e-05, 7.19872428334e-09, 2.95018370844e-10],
        "dvar2": [0.58351701498, 29.9956550598, 41.1495666504, 21.1039180756, 50.7017440796, 90.661239624, 296.64175415, 155.441604614, 96.7907714844, 163.898971558, 412.103942871, 3044.04516602, 9379.49023438, 661.696044922, 1618.1262207, 796.345336914, 868.278076172, 317.194091797, 1110.45422363, 939.586486816, 996.493041992, 1039.4744873, 831.01965332, 1293.84106445, 1493.65625, 1604.02429199, 666.878479004, 253.269805908, 267.494781494, 116.858978271, 133.812866211, 50.1433258057, 28.493642807, 21.5292015076, 1.38744103909, 0.169140785933, 0.00717307953164, 5.35233302799e-05, 1.82757613487e-08, 6.85466516881e-10],
        "max": [3.3709654808, 22.1532382965, 31.1854667664, 31.9806556702, 43.0176200867, 68.3322372437, 132.130508423, 248.476730347, 104.439994812, 156.726531982, 458.883239746, 627.129211426, 1375.13439941, 361.752380371, 427.25680542, 305.362945557, 276.717926025, 205.955505371, 258.395751953, 289.198303223, 207.363113403, 223.491714478, 166.921203613, 330.399658203, 263.422424316, 277.047119141, 180.161300659, 113.619903564, 149.568527222, 79.957321167, 115.826515198, 78.6425552368, 90.2766647339, 74.9471435547, 16.9311408997, 3.26580381393, 0.929453253746, 0.0636286959052, 0.00147680554073, 0.000176857050974],
        "mean": [0.211431995034, 1.71321427822, 3.38855361938, 4.40764427185, 5.64666318893, 8.87389659882, 17.6146430969, 16.637928009, 12.3195047379, 5.26044082642, 16.1238975525, 47.0365409851, 165.570602417, 39.9296798706, 26.4297599792, 31.8491916656, 32.9119987488, 22.2443237305, 33.9126853943, 36.2495079041, 43.9062728882, 48.0250549316, 41.1421928406, 44.5119438171, 50.6719360352, 58.2710456848, 34.7602043152, 19.6797447205, 17.4085617065, 10.8986186981, 11.1798706055, 7.69713354111, 3.76846218109, 2.25187683105, 0.859851121902, 0.291896879673, 0.0622566379607, 0.00393249979243, 0.000115466646093, 5.09745659656e-05],
        "median": [0.0513384640217, 0.777198553085, 2.49997639656, 3.16894221306, 4.44700860977, 6.81632804871, 11.2127113342, 10.0535373688, 5.87281894684, 3.51979327202, 7.21835184097, 25.1166534424, 20.9160919189, 27.9607563019, 12.2466697693, 19.6510791779, 15.5619115829, 16.3897380829, 22.2143592834, 28.4919815063, 38.3472480774, 43.700378418, 37.9053268433, 41.9058074951, 48.6495666504, 54.2258911133, 31.0741539001, 17.0249900818, 14.5712747574, 7.68362808228, 7.53256034851, 4.86640071869, 2.2861020565, 1.31761920452, 0.515712320805, 0.182659015059, 0.0368612185121, 0.0022057001479, 8.20710411062e-05, 4.88941186632e-05],
        "min": [5.30332999915e-06, 4.2486237362e-05, 0.000527323863935, 0.00494478736073, 0.0617959164083, 0.562471807003, 0.377219825983, 0.133632823825, 0.148592025042, 0.204411417246, 0.448697388172, 0.500341892242, 0.585789501667, 0.43905454874, 0.971852958202, 0.381358355284, 0.463430255651, 0.613287866116, 0.641381800175, 1.03979444504, 1.69116795063, 2.49883508682, 1.88672590256, 0.774948775768, 2.54140400887, 2.11095142365, 0.886588990688, 0.149719491601, 0.149696141481, 0.0201111249626, 0.00430823909119, 0.00236514443532, 0.000559824693482, 0.000230648714933, 1.49760380737e-05, 4.11866631111e-06, 2.09315749089e-06, 8.06160983302e-07, 1.22491007915e-06, 1.93373261936e-06],
        "var": [0.208634138107, 9.73984336853, 13.9161272049, 20.9070472717, 25.0444946289, 59.7085380554, 333.359710693, 342.573944092, 273.787414551, 49.4751052856, 1234.93164062, 4793.18847656, 71440.25, 1498.8338623, 2175.13232422, 1260.54528809, 1377.49902344, 460.42880249, 1190.33166504, 991.688598633, 980.374206543, 905.393066406, 646.058349609, 1012.04077148, 1047.14331055, 1290.21789551, 507.976898193, 228.000259399, 218.408203125, 128.773498535, 149.637268066, 76.9744262695, 27.6400241852, 11.5292949677, 1.27848887444, 0.129128068686, 0.00682392530143, 3.08075359499e-05, 1.62748126087e-08, 7.30043747676e-10]
    },
    "gfcc": {
        "mean": [51.0760269165, 72.4111404419, -137.781051636, 52.6903114319, -65.4899291992, 16.2047672272, -36.3496704102, 12.5575323105, -31.5756835938, -2.91165494919, -19.1413764954, -0.671972930431, -2.04552698135],
        "cov": [[2840.63110352, -857.183837891, 1147.48791504, 551.960144043, 486.197113037, 878.703735352, 115.531295776, 571.742980957, -17.3664779663, 373.936462402, -94.5749206543, 350.829071045, -252.114501953], [-857.183837891, 570.405822754, -333.896636963, -134.505737305, -74.3113479614, -302.381866455, 46.7250671387, -182.868774414, 34.4696998596, -116.347923279, 75.6440505981, -76.3620071411, 126.398361206], [1147.48791504, -333.896636963, 628.162353516, 327.314727783, 251.455841064, 389.58026123, 53.96692276, 258.035980225, 8.34372234344, 168.355209351, -22.5677337646, 180.888290405, -103.176994324], [551.960144043, -134.505737305, 327.314727783, 324.632995605, 221.252975464, 174.970870972, 20.8951530457, 108.419586182, 10.1741552353, 100.692848206, 6.38859462738, 105.014884949, -54.5053634644], [486.197113037, -74.3113479614, 251.455841064, 221.252975464, 251.793075562, 173.391052246, 53.3125724792, 95.6903991699, -8.24134063721, 95.5959625244, 4.21490287781, 94.3012084961, -55.2094192505], [878.703735352, -302.381866455, 389.58026123, 174.970870972, 173.391052246, 364.971893311, 68.6905212402, 203.392822266, -1.97314751148, 113.461097717, -26.4347515106, 105.312042236, -87.0149230957], [115.531295776, 46.7250671387, 53.96692276, 20.8951530457, 53.3125724792, 68.6905212402, 134.236206055, 75.5043029785, 28.4194889069, 0.171583577991, -16.410320282, 17.3263645172, -5.55622911453], [571.742980957, -182.868774414, 258.035980225, 108.419586182, 95.6903991699, 203.392822266, 75.5043029785, 190.191772461, 23.6696434021, 66.633934021, -43.5529899597, 65.9278106689, -47.799282074], [-17.3664779663, 34.4696998596, 8.34372234344, 10.1741552353, -8.24134063721, -1.97314751148, 28.4194889069, 23.6696434021, 71.0605697632, 17.0682239532, 14.3614959717, -2.86403036118, 9.0469417572], [373.936462402, -116.347923279, 168.355209351, 100.692848206, 95.5959625244, 113.461097717, 0.171583577991, 66.633934021, 17.0682239532, 112.972450256, 33.4079399109, 68.9379043579, -41.0904846191], [-94.5749206543, 75.6440505981, -22.5677337646, 6.38859462738, 4.21490287781, -26.4347515106, -16.410320282, -43.5529899597, 14.3614959717, 33.4079399109, 97.0815963745, 32.8208007812, 24.1403369904], [350.829071045, -76.3620071411, 180.888290405, 105.014884949, 94.3012084961, 105.312042236, 17.3263645172, 65.9278106689, -2.86403036118, 68.9379043579, 32.8208007812, 113.66519928, -4.22231149673], [-252.114501953, 126.398361206, -103.176994324, -54.5053634644, -55.2094192505, -87.0149230957, -5.55622911453, -47.799282074, 9.0469417572, -41.0904846191, 24.1403369904, -4.22231149673, 91.9862365723]],
        "icov": [[0.00299275876023, -0.000660461257212, -0.00071011466207, -0.000551740813535, 0.00127439002972, -0.00363364466466, 0.00113276042975, -0.0021730971057, 0.00155820557848, -0.00411728443578, 0.00337939220481, -0.00303750811145, 0.00123468472157], [-0.000660461257212, 0.00983709935099, -0.00395358214155, 0.00369957927614, -0.00747495191172, 0.00851009972394, -0.00718894368038, 0.0044767879881, -0.00317541812547, 0.00705026322976, -0.00857812445611, 0.00623081065714, -0.0061150607653], [-0.00071011466207, -0.00395358214155, 0.0138364434242, -0.00725070293993, 0.004827699624, -0.00776567775756, 0.00488599762321, -0.00583325466141, 0.000183971380466, -0.00276174629107, 0.00499422848225, -0.00955094303936, 0.00452446239069], [-0.000551740813535, 0.00369957927614, -0.00725070293993, 0.0141059542075, -0.0123164393008, 0.00617772014812, 0.000497884640936, 0.00220653018914, -0.00550136389211, 0.00639363285154, -0.00468569342047, 0.00309692369774, -0.00197304040194], [0.00127439002972, -0.00747495191172, 0.004827699624, -0.0123164393008, 0.0222153011709, -0.00981200858951, -0.00147077848669, -0.000228224482271, 0.00846803653985, -0.0142377950251, 0.0100135589018, -0.00807941704988, 0.00553385959938], [-0.00363364466466, 0.00851009972394, -0.00776567775756, 0.00617772014812, -0.00981200858951, 0.0227974690497, -0.0080148326233, -0.000754398468416, -0.000575588725042, 0.00870478525758, -0.0128990262747, 0.0105397198349, -0.00408848933876], [0.00113276042975, -0.00718894368038, 0.00488599762321, 0.000497884640936, -0.00147077848669, -0.0080148326233, 0.0209386926144, -0.0116704106331, -0.00456491811201, 0.00338852754794, 0.00461283233017, -0.00762129761279, 0.00589662138373], [-0.0021730971057, 0.0044767879881, -0.00583325466141, 0.00220653018914, -0.000228224482271, -0.000754398468416, -0.0116704106331, 0.0296410992742, -0.00806597061455, -0.000803334114607, 0.00643443176523, 0.000685038918164, -0.00471870694309], [0.00155820557848, -0.00317541812547, 0.000183971380466, -0.00550136389211, 0.00846803653985, -0.000575588725042, -0.00456491811201, -0.00806597061455, 0.0263753980398, -0.0139643037692, -0.0010049790144, 0.00605541281402, -0.00263873650692], [-0.00411728443578, 0.00705026322976, -0.00276174629107, 0.00639363285154, -0.0142377950251, 0.00870478525758, 0.00338852754794, -0.000803334114607, -0.0139643037692, 0.0419460050762, -0.0209526494145, 6.56818810967e-05, 0.00480703962967], [0.00337939220481, -0.00857812445611, 0.00499422848225, -0.00468569342047, 0.0100135589018, -0.0128990262747, 0.00461283233017, 0.00643443176523, -0.0010049790144, -0.0209526494145, 0.0342620685697, -0.0177315752953, 0.00223888061009], [-0.00303750811145, 0.00623081065714, -0.00955094303936, 0.00309692369774, -0.00807941704988, 0.0105397198349, -0.00762129761279, 0.000685038918164, 0.00605541281402, 6.56818810967e-05, -0.0177315752953, 0.0370765775442, -0.0149591946974], [0.00123468472157, -0.0061150607653, 0.00452446239069, -0.00197304040194, 0.00553385959938, -0.00408848933876, 0.00589662138373, -0.00471870694309, -0.00263873650692, 0.00480703962967, 0.00223888061009, -0.0149591946974, 0.0250543430448]]
    },
    "melbands": {
        "dmean": [0.00170206965413, 0.0012414904777, 0.000367562373867, 0.00026298162993, 0.000244703725912, 0.000129248699523, 5.96772806603e-05, 3.16400510201e-05, 5.23633607372e-05, 0.000128812942421, 0.000195866654394, 5.42944289919e-05, 3.15944707836e-05, 3.5391181882e-05, 1.7590018615e-05, 3.7083576899e-05, 1.51028052642e-05, 2.31059348152e-05, 2.17775450437e-05, 2.71694534604e-05, 2.31330704992e-05, 2.40852514253e-05, 1.791926843e-05, 1.51442709466e-05, 1.60159561347e-05, 1.48683757288e-05, 1.78945956577e-05, 1.61778825714e-05, 1.08875710794e-05, 5.06821743329e-06, 5.12304768563e-06, 4.7093349167e-06, 2.96352800433e-06, 2.61109653366e-06, 2.85042938231e-06, 2.59125181401e-06, 1.9624972083e-06, 1.18510058655e-06, 1.07830976503e-06, 8.00858686034e-07],
        "dmean2": [0.00288671255112, 0.00212197331712, 0.000609928567428, 0.000446055026259, 0.000395077950088, 0.000202623079531, 9.66140432865e-05, 5.1582512242e-05, 7.90898120613e-05, 0.000193242900423, 0.000259730761172, 7.90712365415e-05, 5.1036811783e-05, 5.25988834852e-05, 2.66631031991e-05, 5.85106281505e-05, 2.34345097851e-05, 3.75838244508e-05, 3.52551469405e-05, 4.38003189629e-05, 3.87744184991e-05, 4.03556077799e-05, 2.99740549963e-05, 2.57952870015e-05, 2.71596727544e-05, 2.59446878772e-05, 3.01211039186e-05, 2.75130460068e-05, 1.83079264389e-05, 8.57197665027e-06, 8.39304630063e-06, 7.79951005825e-06, 4.88234036311e-06, 4.30277304986e-06, 4.60345154352e-06, 4.04686397815e-06, 3.08836229124e-06, 1.84084706234e-06, 1.69361942426e-06, 1.26103759612e-06],
        "dvar": [1.91581639228e-05, 6.8948606895e-06, 2.15819866867e-07, 1.234287339e-07, 1.05331942279e-07, 3.40529027198e-08, 7.99618149472e-09, 5.53220358412e-09, 1.84878405918e-08, 5.8028195582e-08, 1.4147605043e-07, 6.28370822042e-09, 4.67164351647e-09, 2.86578893949e-09, 6.14370609942e-10, 3.76698983118e-09, 6.29241048156e-10, 9.74851421809e-10, 9.1213114839e-10, 1.51421364336e-09, 6.56263543508e-10, 7.04679981034e-10, 3.27907700992e-10, 3.20849707913e-10, 4.02048366821e-10, 3.83601955756e-10, 3.60304730496e-10, 3.0534835771e-10, 1.53640530853e-10, 5.04281928715e-11, 4.07610889486e-11, 4.13643390373e-11, 2.94622312658e-11, 1.680565756e-11, 2.09941682094e-11, 1.58919440107e-11, 9.05674060053e-12, 5.82599593568e-12, 1.02262755555e-11, 5.10918260824e-12],
        "dvar2": [4.82205359731e-05, 1.83502670552e-05, 6.05342961535e-07, 3.65122872381e-07, 2.72147161695e-07, 7.36950056535e-08, 2.02934380411e-08, 1.52788874885e-08, 3.27982796477e-08, 1.32938183128e-07, 2.27905673e-07, 1.28493367058e-08, 1.24398260581e-08, 6.78668676812e-09, 1.39760802931e-09, 9.06871999717e-09, 1.38692091145e-09, 2.71891265058e-09, 2.11396899985e-09, 3.40016259592e-09, 1.77154579895e-09, 1.87559079379e-09, 8.50873038694e-10, 8.65148841456e-10, 1.04900488296e-09, 1.09525155612e-09, 9.87269488384e-10, 8.66006988343e-10, 4.32175711884e-10, 1.34005084806e-10, 1.0191044536e-10, 1.10064325709e-10, 7.91984186566e-11, 4.31536716083e-11, 5.25932665474e-11, 3.92934192128e-11, 1.98975263349e-11, 1.25326875614e-11, 2.72018015751e-11, 1.35314676131e-11],
        "max": [0.0270869303495, 0.0213137380779, 0.00484554236755, 0.00415526423603, 0.00356924626976, 0.00480192713439, 0.00142218905967, 0.00143953890074, 0.00356414844282, 0.00372957764193, 0.00682857027277, 0.00162904663011, 0.0011361456709, 0.000773808453232, 0.000329377275193, 0.000932295341045, 0.000409268366639, 0.000444968347438, 0.000676829309668, 0.000507569871843, 0.000292373209959, 0.000303213280858, 0.000169012710103, 0.000213404375245, 0.000289400340989, 0.000251763296546, 0.00017702083278, 0.000200174501515, 0.000135429145303, 8.83432585397e-05, 7.55914443289e-05, 8.05594609119e-05, 9.02837200556e-05, 5.70699485252e-05, 7.94317966211e-05, 6.01662941335e-05, 4.05252867495e-05, 5.33226884727e-05, 8.34758684505e-05, 5.7649504015e-05],
        "mean": [0.00202756607905, 0.00202955235727, 0.000803701928817, 0.000502858776599, 0.000560979067814, 0.000394279690227, 0.000171550869709, 6.09777816862e-05, 0.000123268619063, 0.000334400130669, 0.000811346806586, 0.000141795651871, 6.86682251398e-05, 8.81798769115e-05, 4.3677729991e-05, 9.66959778452e-05, 3.07341215375e-05, 4.68569160148e-05, 5.19843379152e-05, 5.34997307113e-05, 5.17073567607e-05, 5.30762263224e-05, 4.02926889365e-05, 3.40536462318e-05, 3.59103541996e-05, 3.33080170094e-05, 4.16192597186e-05, 3.80118435714e-05, 2.56728908425e-05, 1.1685771824e-05, 1.15849652502e-05, 1.10006048999e-05, 6.62943875795e-06, 5.8850091591e-06, 6.48782588542e-06, 5.76690081289e-06, 4.33274954048e-06, 2.50613584285e-06, 2.36782261709e-06, 1.74395972863e-06],
        "median": [0.000677770120092, 0.00144279841334, 0.000634658092167, 0.00040315813385, 0.000408097694162, 0.000255444261711, 8.40272914502e-05, 3.73188995582e-05, 5.0818976888e-05, 0.000168503218447, 0.000102322235762, 9.75253788056e-05, 2.84012676275e-05, 5.56164668524e-05, 3.05212706735e-05, 3.60530393664e-05, 1.93135820155e-05, 2.91786382149e-05, 3.61871425412e-05, 3.71784917661e-05, 4.40779549535e-05, 4.6153760195e-05, 3.50815244019e-05, 3.03261658701e-05, 3.24645843648e-05, 3.00734209304e-05, 3.83315709769e-05, 3.44858599419e-05, 2.27020773309e-05, 9.47662738326e-06, 9.8393393273e-06, 9.47723765421e-06, 4.65691800855e-06, 3.95808228859e-06, 4.30275895269e-06, 3.75324816559e-06, 2.62914409177e-06, 1.38759594392e-06, 1.42183569096e-06, 9.66599372987e-07],
        "min": [1.94853395641e-08, 9.04228087961e-08, 5.16093848546e-07, 1.38813957165e-05, 1.50810756168e-05, 1.84554085081e-06, 1.00142392512e-06, 3.1149949109e-07, 2.00490512725e-06, 2.64670279648e-06, 2.77111621472e-06, 6.30019258097e-07, 1.02530430013e-06, 1.48489925778e-06, 9.67201572166e-07, 8.62944034452e-07, 9.10340702376e-07, 6.11531049799e-07, 1.53447876983e-06, 9.38424705055e-07, 1.83640281648e-06, 2.23616461881e-06, 2.45060527959e-06, 8.35799482957e-07, 4.32693269659e-07, 9.46861121065e-07, 2.09554877983e-06, 1.08027006718e-06, 7.25658708234e-07, 9.15789044598e-08, 6.48527702651e-08, 1.0822869001e-07, 2.60788493023e-08, 4.38130287606e-09, 1.36944444673e-09, 1.64679414549e-09, 6.48777587209e-10, 1.7125678653e-10, 3.45200146246e-10, 7.55982637601e-11],
