{
"highlevel": {
    "danceability": {
        "all": {
            "danceable": 0.970435082912,
            "not_danceable": 0.0295649208128
        },
        "probability": 0.970435082912,
        "value": "danceable"
    },
    "gender": {
        "all": {
            "female": 0.191408976912,
            "male": 0.808591008186
        },
        "probability": 0.808591008186,
        "value": "male"
    },
    "genre_dortmund": {
        "all": {
            "alternative": 0.0556297190487,
            "blues": 0.0252267420292,
            "electronic": 0.0647783428431,
            "folkcountry": 0.0707184672356,
            "funksoulrnb": 0.019796775654,
            "jazz": 0.0440055206418,
            "pop": 0.122247882187,
            "raphiphop": 0.0596552714705,
            "rock": 0.537941277027
        },
        "probability": 0.537941277027,
        "value": "rock"
    },
    "genre_electronic": {
        "all": {
            "ambient": 0.155901581049,
            "dnb": 0.219893351197,
            "house": 0.355420291424,
            "techno": 0.0222788732499,
            "trance": 0.246505916119
        },
        "probability": 0.355420291424,
        "value": "house"
    },
    "genre_rosamerica": {
        "all": {
            "cla": 0.00129068677779,
            "dan": 0.49959012866,
            "hip": 0.0250023696572,
            "jaz": 0.0013249310432,
            "pop": 0.272121578455,
            "rhy": 0.0883022546768,
            "roc": 0.111587233841,
            "spe": 0.000780821486842
        },
        "probability": 0.49959012866,
        "value": "dan"
    },
    "genre_tzanetakis": {
        "all": {
            "blu": 0.0626613423228,
            "cla": 0.0348169617355,
            "cou": 0.104475811124,
            "dis": 0.0784321576357,
            "hip": 0.15692435205,
            "jaz": 0.313974827528,
            "met": 0.0448166541755,
            "pop": 0.0627359300852,
            "reg": 0.0627360641956,
            "roc": 0.0784258767962
        },
        "probability": 0.313974827528,
        "value": "jaz"
    },
    "ismir04_rhythm": {
        "all": {
            "ChaChaCha": 0.0541667044163,
            "Jive": 0.0656768903136,
            "Quickstep": 0.0388102792203,
            "Rumba-American": 0.00848764553666,
            "Rumba-International": 0.0527850724757,
            "Rumba-Misc": 0.0153929386288,
            "Samba": 0.733234345913,
            "Tango": 0.0040131942369,
            "VienneseWaltz": 0.0194536708295,
            "Waltz": 0.00797927286476
        },
        "probability": 0.733234345913,
        "value": "Samba"
    },
    "mood_acoustic": {
        "all": {
            "acoustic": 0.0231910590082,
            "not_acoustic": 0.976808965206
        },
        "probability": 0.976808965206,
        "value": "not_acoustic"
    },
    "mood_aggressive": {
        "all": {
            "aggressive": 0.174143344164,
            "not_aggressive": 0.825856626034
        },
        "probability": 0.825856626034,
        "value": "not_aggressive"
    },
    "mood_electronic": {
        "all": {
            "electronic": 0.326392650604,
            "not_electronic": 0.673607349396
        },
        "probability": 0.673607349396,
        "value": "not_electronic"
    },
    "mood_happy": {
        "all": {
            "happy": 0.643992424011,
            "not_happy": 0.356007575989
        },
        "probability": 0.643992424011,
        "value": "happy"
    },
    "mood_party": {
        "all": {
            "not_party": 0.265277206898,
            "party": 0.734722793102
        },
        "probability": 0.734722793102,
        "value": "party"
    },
    "mood_relaxed": {
        "all": {
            "not_relaxed": 0.970996499062,
            "relaxed": 0.0290034785867
        },
        "probability": 0.970996499062,
        "value": "not_relaxed"
    },
    "mood_sad": {
        "all": {
            "not_sad": 0.669151246548,
            "sad": 0.33084872365
        },
        "probability": 0.669151246548,
        "value": "not_sad"
    },
    "moods_mirex": {
        "all": {
            "Cluster1": 0.311587542295,
            "Cluster2": 0.38798648119,
            "Cluster3": 0.0740570276976,
            "Cluster4": 0.167653113604,
            "Cluster5": 0.0587158463895
        },
        "probability": 0.38798648119,
        "value": "Cluster2"
    },
    "timbre": {
        "all": {
            "bright": 0.988882899284,
            "dark": 0.0111171044409
        },
        "probability": 0.988882899284,
        "value": "bright"
    },
    "tonal_atonal": {
        "all": {
            "atonal": 0.00741202384233,
            "tonal": 0.992587983608
        },
        "probability": 0.992587983608,
        "value": "tonal"
    },
    "voice_instrumental": {
        "all": {
            "instrumental": 0.000624984269962,
            "voice": 0.9993750453
        },
        "probability": 0.9993750453,
        "value": "voice"
    }
},
"lowlevel": {
    "average_loudness": 0.954348623753,
    "barkbands_crest": {
        "dmean": 2.66433691978,
        "dmean2": 3.83766150475,
        "dvar": 5.05179166794,
        "dvar2": 11.0536174774,
        "max": 25.5862407684,
        "mean": 10.618434906,
        "median": 9.41784191132,
        "min": 2.17133378983,
        "var": 25.0830802917
    },
    "barkbands_flatness_db": {
        "dmean": 0.0260953959078,
        "dmean2": 0.0368516109884,
        "dvar": 0.000550532131456,
        "dvar2": 0.00106183975004,
        "max": 0.354499399662,
        "mean": 0.142762750387,
        "median": 0.136242210865,
        "min": 0.0334146991372,
        "var": 0.00248209689744
    },
    "barkbands_kurtosis": {
        "dmean": 3.77213931084,
        "dmean2": 5.59594106674,
        "dvar": 63.7267990112,
        "dvar2": 137.916290283,
        "max": 174.012268066,
        "mean": 5.45465612411,
        "median": 1.69386720657,
        "min": -1.92045176029,
        "var": 153.433242798
    },
    "barkbands_skewness": {
        "dmean": 0.639356911182,
        "dmean2": 0.906767904758,
        "dvar": 0.443592399359,
        "dvar2": 0.914470613003,
        "max": 11.701839447,
        "mean": 1.77149951458,
        "median": 1.42355680466,
        "min": -2.04515767097,
        "var": 2.19828867912
    },
    "barkbands_spread": {
        "dmean": 7.36379146576,
        "dmean2": 10.9816417694,
        "dvar": 73.4043884277,
        "dvar2": 159.48286438,
        "max": 114.74420929,
        "mean": 25.5371837616,
        "median": 23.7523231506,
        "min": 0.874607980251,
        "var": 236.046066284
    },
    "dissonance": {
        "dmean": 0.0195405129343,
        "dmean2": 0.0321140438318,
        "dvar": 0.000324438820826,
        "dvar2": 0.000877165119164,
        "max": 0.499665796757,
        "mean": 0.463055282831,
        "median": 0.469159126282,
        "min": 0.306460618973,
        "var": 0.000732231710572
    },
    "dynamic_complexity": 2.46908259392,
    "erbbands_crest": {
        "dmean": 2.71002435684,
        "dmean2": 4.39142084122,
        "dvar": 6.32166481018,
        "dvar2": 14.640953064,
        "max": 27.8477153778,
        "mean": 8.69908237457,
        "median": 7.83614969254,
        "min": 2.056889534,
        "var": 16.8588752747
    },
    "erbbands_flatness_db": {
        "dmean": 0.017276044935,
        "dmean2": 0.0245295483619,
        "dvar": 0.000291119824396,
        "dvar2": 0.000552568177227,
        "max": 0.364431589842,
        "mean": 0.140510976315,
        "median": 0.13235680759,
        "min": 0.0565576963127,
        "var": 0.00185692682862
    },
    "erbbands_kurtosis": {
        "dmean": 0.828005313873,
        "dmean2": 1.27640426159,
        "dvar": 1.17204451561,
        "dvar2": 2.30378007889,
        "max": 20.3746490479,
        "mean": 0.320467740297,
        "median": -0.134043693542,
        "min": -1.6429142952,
        "var": 3.08205533028
    },
    "erbbands_skewness": {
        "dmean": 0.343251407146,
        "dmean2": 0.502851486206,
        "dvar": 0.101576790214,
        "dvar2": 0.205338910222,
        "max": 2.38041520119,
        "mean": 0.287432074547,
        "median": 0.284232139587,
        "min": -3.92793345451,
        "var": 0.463702261448
    },
    "erbbands_spread": {
        "dmean": 9.87866783142,
        "dmean2": 15.0158500671,
        "dvar": 91.8481674194,
        "dvar2": 206.749298096,
        "max": 146.473587036,
        "mean": 44.9039573669,
        "median": 41.9708366394,
        "min": 6.01548528671,
        "var": 396.844970703
    },
    "hfc": {
        "dmean": 13.8818340302,
        "dmean2": 21.0061626434,
        "dvar": 595.782714844,
        "dvar2": 1403.20153809,
        "max": 217.463943481,
        "mean": 31.5129547119,
        "median": 25.5057277679,
        "min": 0.636469662189,
        "var": 1056.13293457
    },
    "melbands_crest": {
        "dmean": 3.32643461227,
        "dmean2": 5.30915021896,
        "dvar": 8.74840259552,
        "dvar2": 21.4268875122,
        "max": 31.8302669525,
        "mean": 15.2258853912,
        "median": 14.3222122192,
        "min": 4.31944513321,
        "var": 38.1120872498
    },
    "melbands_flatness_db": {
        "dmean": 0.0330190956593,
        "dmean2": 0.0450645275414,
        "dvar": 0.000931488350034,
        "dvar2": 0.00182694173418,
        "max": 0.452775061131,
        "mean": 0.189832612872,
        "median": 0.18271844089,
        "min": 0.0254412982613,
        "var": 0.00459061283618
    },
    "melbands_kurtosis": {
        "dmean": 10.4951925278,
        "dmean2": 15.280257225,
        "dvar": 338.360534668,
        "dvar2": 683.951721191,
        "max": 269.052703857,
        "mean": 20.2435798645,
        "median": 7.64369297028,
        "min": -1.68496632576,
        "var": 1143.69836426
    },
    "melbands_skewness": {
        "dmean": 0.897873163223,
        "dmean2": 1.28783667088,
        "dvar": 0.943090558052,
        "dvar2": 1.88053262234,
        "max": 14.3566179276,
        "mean": 3.15160703659,
        "median": 2.38707971573,
        "min": -0.356734037399,
        "var": 5.38025188446
    },
    "melbands_spread": {
        "dmean": 9.02826404572,
        "dmean2": 13.3936157227,
        "dvar": 157.357971191,
        "dvar2": 362.727935791,
        "max": 254.250732422,
        "mean": 25.0847148895,
        "median": 21.1346549988,
        "min": 0.714056134224,
        "var": 408.201843262
    },
    "pitch_salience": {
        "dmean": 0.0783499628305,
        "dmean2": 0.121321298182,
        "dvar": 0.0054397881031,
        "dvar2": 0.0128426216543,
        "max": 0.820338726044,
        "mean": 0.499472171068,
        "median": 0.506402611732,
        "min": 0.106496483088,
        "var": 0.0178279392421
    },
    "silence_rate_20dB": {
        "dmean": 0,
        "dmean2": 0,
        "dvar": 0,
        "dvar2": 0,
        "max": 1,
        "mean": 1,
        "median": 1,
        "min": 1,
        "var": 0
    },
    "silence_rate_30dB": {
        "dmean": 0.0495356023312,
        "dmean2": 0.0991479456425,
        "dvar": 0.0470811650157,
        "dvar2": 0.089315764606,
        "max": 1,
        "mean": 0.914926528931,
        "median": 1,
        "min": 0,
        "var": 0.0778371393681
    },
    "silence_rate_60dB": {
        "dmean": 0.0139318881556,
        "dmean2": 0.0278853606433,
        "dvar": 0.0137378685176,
        "dvar2": 0.0333046205342,
        "max": 1,
        "mean": 0.0232018567622,
        "median": 0,
        "min": 0,
        "var": 0.0226634461433
    },
    "spectral_centroid": {
        "dmean": 330.360595703,
        "dmean2": 487.461364746,
        "dvar": 125064.789062,
        "dvar2": 271625.90625,
        "max": 5371.77832031,
        "mean": 1442.9901123,
        "median": 1368.50646973,
        "min": 323.970825195,
        "var": 378941.71875
    },
    "spectral_complexity": {
        "dmean": 5.46981430054,
        "dmean2": 7.8698682785,
        "dvar": 39.0541229248,
        "dvar2": 67.0985488892,
        "max": 59,
        "mean": 21.2281513214,
        "median": 19,
        "min": 5,
        "var": 126.510002136
    },
    "spectral_decrease": {
        "dmean": 3.47827411318e-09,
        "dmean2": 5.36652589034e-09,
        "dvar": 2.44567445912e-17,
        "dvar2": 6.36854493062e-17,
        "max": -2.95503649328e-10,
        "mean": -1.05317150556e-08,
        "median": -8.09628186715e-09,
        "min": -4.86786753129e-08,
        "var": 8.41409508752e-17
    },
    "spectral_energy": {
        "dmean": 0.0139875924215,
        "dmean2": 0.0215246975422,
        "dvar": 0.000366609136108,
        "dvar2": 0.000951159279794,
        "max": 0.185317575932,
        "mean": 0.0426074005663,
        "median": 0.0335350371897,
        "min": 0.00120194186457,
        "var": 0.00126962782815
    },
    "spectral_energyband_high": {
        "dmean": 0.00121068221051,
        "dmean2": 0.00187060295139,
        "dvar": 5.80262440053e-06,
        "dvar2": 1.35253976623e-05,
        "max": 0.0273094289005,
        "mean": 0.00210870453157,
        "median": 0.00112566340249,
        "min": 2.24590280595e-06,
        "var": 1.04506079879e-05
    },
    "spectral_energyband_low": {
        "dmean": 0.0105753354728,
        "dmean2": 0.0163435265422,
        "dvar": 0.000359988189302,
        "dvar2": 0.000926744716708,
        "max": 0.181691065431,
        "mean": 0.0243429746479,
        "median": 0.0123716965318,
        "min": 1.45093817991e-05,
        "var": 0.00107679073699
    },
    "spectral_energyband_middle_high": {
        "dmean": 0.00317506259307,
        "dmean2": 0.00475169392303,
        "dvar": 1.93691666937e-05,
        "dvar2": 4.47439597338e-05,
        "max": 0.0387316197157,
        "mean": 0.00704303989187,
        "median": 0.00514960521832,
        "min": 0.000118605486932,
        "var": 4.5745382522e-05
    },
    "spectral_energyband_middle_low": {
        "dmean": 0.00504199368879,
        "dmean2": 0.00818933080882,
        "dvar": 6.3919913373e-05,
        "dvar2": 0.000168162194313,
        "max": 0.0643130242825,
        "mean": 0.0103863561526,
        "median": 0.00766347674653,
        "min": 0.000704187958036,
        "var": 8.37186162244e-05
    },
    "spectral_entropy": {
        "dmean": 0.178732782602,
        "dmean2": 0.2482701689,
        "dvar": 0.0348498746753,
        "dvar2": 0.0658702924848,
        "max": 8.78298473358,
        "mean": 7.75107860565,
        "median": 7.82628107071,
        "min": 6.28074979782,
        "var": 0.176225036383
    },
    "spectral_flux": {
        "dmean": 0.0313209816813,
        "dmean2": 0.0475749410689,
        "dvar": 0.00113645708188,
        "dvar2": 0.0026858097408,
        "max": 0.33860579133,
        "mean": 0.100771956146,
        "median": 0.091300919652,
        "min": 0.0099883005023,
        "var": 0.00343410298228
    },
    "spectral_kurtosis": {
        "dmean": 1.20264208317,
        "dmean2": 1.99013996124,
        "dvar": 3.98853945732,
        "dvar2": 10.7499580383,
        "max": 25.7518253326,
        "mean": 2.83769607544,
        "median": 2.10932779312,
        "min": -0.872934341431,
        "var": 8.9970331192
    },
    "spectral_rms": {
        "dmean": 0.00095933850389,
        "dmean2": 0.00144840229768,
        "dvar": 1.0996045603e-06,
        "dvar2": 2.60083379544e-06,
        "max": 0.0134461009875,
        "mean": 0.00588042102754,
        "median": 0.00571988755837,
        "min": 0.00108287867624,
        "var": 6.98886560713e-06
    },
    "spectral_rolloff": {
        "dmean": 681.780029297,
        "dmean2": 1101.29663086,
        "dvar": 1170616.125,
        "dvar2": 2465218.25,
        "max": 11391.0644531,
        "mean": 1525.80786133,
        "median": 1119.7265625,
        "min": 64.599609375,
        "var": 2607506.25
    },
    "spectral_skewness": {
        "dmean": 0.196678370237,
        "dmean2": 0.304169237614,
        "dvar": 0.0423037074506,
        "dvar2": 0.0998652651906,
        "max": 3.62412023544,
        "mean": 1.29245102406,
        "median": 1.22943174839,
        "min": -0.0439840294421,
        "var": 0.176971405745
    },
    "spectral_spread": {
        "dmean": 596844.3125,
        "dmean2": 877810.4375,
        "dvar": 403508396032,
        "dvar2": 790832414720,
        "max": 12597007,
        "mean": 5266716.5,
        "median": 5220679,
        "min": 1523223.5,
        "var": 2.2806092841e+12
    },
    "spectral_strongpeak": {
        "dmean": 0.499734789133,
        "dmean2": 0.860449790955,
        "dvar": 0.804147362709,
        "dvar2": 2.00418806076,
        "max": 7.69023609161,
        "mean": 0.838073015213,
        "median": 0.520148694515,
        "min": 0.0406591743231,
        "var": 0.998020529747
    },
    "zerocrossingrate": {
        "dmean": 0.0135369552299,
        "dmean2": 0.0153848305345,
        "dvar": 0.000200953320018,
        "dvar2": 0.000230744772125,
        "max": 0.31591796875,
        "mean": 0.0667740628123,
        "median": 0.06201171875,
        "min": 0.00439453125,
        "var": 0.00138806935865
    },
    "barkbands": {
        "dmean": [0.000358208635589, 0.00840277969837, 0.00344430841506, 0.00189994450193, 0.00215070159175, 0.000798871100415, 0.000666185980663, 0.000746314181015, 0.00089831626974, 0.00066212733509, 0.000613414333202, 0.00078690861119, 0.000543810194358, 0.00058528536465, 0.000527743832208, 0.00043147339602, 0.000292199256364, 0.000223677358008, 0.000236684296397, 0.000296823505778, 0.000239780929405, 0.000268398289336, 0.000284909794573, 0.000236646927078, 0.000159406263265, 6.15080571151e-05, 2.09299898302e-07],
        "dmean2": [0.000415639253333, 0.0127845499665, 0.00568493222818, 0.00333071826026, 0.00355535768904, 0.00130696117412, 0.00103417923674, 0.00118937063962, 0.00136743299663, 0.000995854497887, 0.00091209448874, 0.00118632265367, 0.000874391640536, 0.000953382521402, 0.000837039726321, 0.000693912035786, 0.000465213408461, 0.000368819542928, 0.000382151047233, 0.000483127922053, 0.000382576428819, 0.000415899325162, 0.000449226179626, 0.000375857373001, 0.000242663387326, 9.60371617111e-05, 3.71025350887e-07],
        "dvar": [5.69912856463e-07, 0.000322298437823, 4.36980481027e-05, 1.90466562344e-05, 1.46906950249e-05, 2.70635359811e-06, 1.38676750794e-06, 2.30787577493e-06, 3.30856914843e-06, 1.7332868083e-06, 1.81611312655e-06, 2.83760869024e-06, 1.01379112039e-06, 1.02045964923e-06, 9.06182549443e-07, 8.81135406416e-07, 2.70644477496e-07, 2.37350022303e-07, 2.26103566092e-07, 3.47316159832e-07, 1.90295821767e-07, 2.17657188273e-07, 3.60256933618e-07, 2.98362436979e-07, 1.53152384996e-07, 2.87306978208e-08, 4.8907427587e-13],
        "dvar2": [7.68248810346e-07, 0.000777000037488, 0.000105568469735, 5.3991425375e-05, 3.87025211239e-05, 6.10227561992e-06, 3.30666875925e-06, 5.30749457539e-06, 7.59242857384e-06, 3.93995060222e-06, 3.79962807528e-06, 5.92335618421e-06, 2.49164099841e-06, 2.57373949353e-06, 2.21442837756e-06, 2.16869398173e-06, 6.20963987785e-07, 6.38444646484e-07, 5.69874600842e-07, 8.47989326758e-07, 4.80912149214e-07, 4.99232214679e-07, 8.66044615577e-07, 6.53700851672e-07, 2.99615180666e-07, 6.30748004937e-08, 1.32637336444e-12],
        "max": [0.0080175679177, 0.174479424953, 0.0627744421363, 0.0345893763006, 0.041757017374, 0.0277815964073, 0.0139935947955, 0.0219850949943, 0.0281694289297, 0.0175001677126, 0.0228014625609, 0.0307301413268, 0.011940469034, 0.0120859574527, 0.0118597950786, 0.00962103437632, 0.00833976082504, 0.00493827369064, 0.00368742458522, 0.00526057975367, 0.00407405663282, 0.00717368768528, 0.0113758500665, 0.00878873281181, 0.0061281346716, 0.00304942205548, 6.51934124107e-06],
        "mean": [0.000581639818847, 0.0165605191141, 0.00600082054734, 0.00222729169764, 0.00301296100952, 0.00125915347598, 0.0012056165142, 0.00111111032311, 0.00143136701081, 0.00106198398862, 0.000962849764619, 0.00117319426499, 0.000730314350221, 0.000756343943067, 0.000746454345062, 0.000506524462253, 0.000434024928836, 0.000265463575488, 0.00029249486397, 0.000396568968426, 0.000352117902366, 0.000442406570073, 0.000439443800133, 0.000349221780198, 0.000230222780374, 7.71805061959e-05, 1.47349908275e-07],
        "median": [1.81981231435e-05, 0.00452503236011, 0.00223206263036, 0.000985306687653, 0.00158186117187, 0.000652074813843, 0.00046642794041, 0.0003978080058, 0.000416007940657, 0.000403507699957, 0.000185041601071, 0.000345222273609, 0.000277288025245, 0.000294415163808, 0.000245575560257, 0.000162180222105, 0.000200758877327, 0.00011905626161, 0.000132466448122, 0.000193655912881, 0.000171790656168, 0.000260847446043, 0.000204320211196, 0.0001159983658, 5.69040275877e-05, 1.69039849425e-05, 1.0768058667e-09],
        "min": [1.23866505941e-09, 9.9963379796e-08, 1.71654022552e-07, 4.93382822242e-06, 4.93794650538e-05, 1.90539540199e-05, 5.26568237547e-06, 2.39352948483e-06, 3.45111402567e-06, 1.13599980978e-06, 2.25392795983e-06, 1.94582412405e-06, 1.93682262761e-06, 2.29921488426e-06, 1.50575874613e-06, 2.38136226471e-06, 2.21950040213e-06, 1.33070909669e-06, 1.75741934072e-06, 9.01797875485e-07, 7.40144400879e-07, 2.61020801418e-07, 6.21588043259e-08, 1.14926745898e-09, 1.56257506934e-11, 1.15187139341e-11, 7.80884905349e-12],
        "var": [1.84221528343e-06, 0.000821384659503, 7.16195936548e-05, 1.50576452143e-05, 1.91860817722e-05, 4.36948448623e-06, 3.27951192958e-06, 3.90200239053e-06, 7.39002962291e-06, 3.60916874342e-06, 4.85060218125e-06, 6.89258604325e-06, 1.45087869896e-06, 1.35746302021e-06, 1.45792455442e-06, 9.6087228485e-07, 4.72943185059e-07, 2.12554709833e-07, 2.3472516375e-07, 3.8698675553e-07, 2.60054690671e-07, 3.77976505206e-07, 6.57671591853e-07, 5.80604535116e-07, 3.26660483552e-07, 4.38428813254e-08, 3.45962001451e-13]
    },
    "erbbands": {
        "dmean": [0.248313218355, 1.94919228554, 4.06270313263, 4.89151668549, 6.75756597519, 7.33434438705, 8.04896068573, 6.37495708466, 6.44905233383, 14.6558523178, 15.721531868, 19.5284748077, 16.7582111359, 23.7590522766, 25.9158725739, 26.3853816986, 24.5098266602, 25.2716999054, 32.2309989929, 23.4338855743, 20.595993042, 15.7341861725, 11.3875741959, 11.5385379791, 12.6744594574, 15.1461048126, 10.3031196594, 9.48579406738, 9.67770671844, 11.1255264282, 6.76805067062, 5.6241979599, 3.51483011246, 2.02821922302, 1.07661056519, 0.371115893126, 0.106310874224, 0.00806996133178, 0.000184471835382, 2.69406154985e-05],
        "dmean2": [0.356446176767, 2.99680638313, 6.62338590622, 8.41418457031, 11.8115768433, 12.1395702362, 12.1612462997, 10.5822277069, 10.3647050858, 22.9607582092, 24.0017318726, 29.7231407166, 26.2837314606, 34.6088104248, 39.2275810242, 40.2215385437, 39.272567749, 40.1855506897, 52.9338874817, 36.8365287781, 32.5666618347, 25.1695823669, 18.50248909, 18.9216690063, 20.4963951111, 24.7881031036, 16.3410987854, 14.7309465408, 15.3644685745, 17.7109222412, 10.5852937698, 8.98020267487, 5.43782806396, 3.09884667397, 1.67958533764, 0.569736123085, 0.166948392987, 0.0129359001294, 0.000292555399938, 4.13731504523e-05],
        "dvar": [0.34851706028, 18.5006198883, 72.8588562012, 112.954017639, 208.031341553, 175.357192993, 365.980255127, 168.810546875, 123.056694031, 806.751708984, 1011.16357422, 2019.00866699, 1214.82543945, 2080.59667969, 2477.13891602, 2746.26098633, 2139.40161133, 1904.47595215, 3103.22070312, 1773.80297852, 1896.66491699, 773.673400879, 458.912109375, 754.884643555, 583.563415527, 966.060852051, 360.453918457, 283.741851807, 320.99597168, 566.480041504, 208.35925293, 164.18939209, 64.2108688354, 21.9723091125, 8.30437469482, 1.0620098114, 0.080269895494, 0.000443319964688, 2.06959612115e-07, 1.82243642399e-09],
        "dvar2": [0.780509054661, 44.4056816101, 179.321395874, 319.501922607, 601.611755371, 452.15927124, 657.633605957, 412.50881958, 307.428588867, 1895.58642578, 2179.77172852, 4846.48779297, 2801.40869141, 4664.05175781, 5320.69482422, 6116.20214844, 5237.43652344, 4635.25390625, 7779.96142578, 4341.53955078, 4626.85791016, 1800.53833008, 1176.9855957, 1934.86120605, 1470.76586914, 2380.91064453, 900.65045166, 717.385681152, 741.758056641, 1426.45812988, 484.311004639, 388.468536377, 133.430664062, 45.1129455566, 16.526014328, 2.11072158813, 0.186299115419, 0.00109253323171, 4.9538220992e-07, 4.3710941533e-09],
        "max": [5.50244188309, 37.3714408875, 88.9599456787, 101.896064758, 122.525054932, 174.84197998, 300.434143066, 229.981262207, 117.957603455, 361.538970947, 590.348693848, 693.896972656, 546.557922363, 598.355957031, 975.867797852, 763.399841309, 609.95324707, 547.64654541, 543.993041992, 451.875823975, 627.774414062, 420.2265625, 233.383209229, 306.996185303, 194.201629639, 288.074890137, 178.063735962, 166.079208374, 260.355407715, 272.646759033, 312.013427734, 205.326522827, 134.321380615, 68.8032989502, 46.3426437378, 19.3870124817, 4.7742061615, 0.290026068687, 0.00670278351754, 0.000652235990856],
        "mean": [0.510849177837, 3.54333400726, 7.27282142639, 7.31763887405, 7.98618602753, 10.0332183838, 12.2801055908, 10.1062259674, 11.3347845078, 26.1255626678, 24.9816818237, 31.0704536438, 27.7206859589, 43.1785736084, 46.448513031, 40.4143257141, 34.9220237732, 35.055644989, 46.5047607422, 32.2353096008, 26.4137611389, 23.9516162872, 16.0328083038, 13.5435066223, 16.4257164001, 19.7441444397, 15.0531978607, 14.0591087341, 15.5590362549, 16.3111343384, 11.1472873688, 8.22039794922, 5.15544700623, 2.85984063148, 1.49371385574, 0.486704856157, 0.124864533544, 0.00821078661829, 0.000222032758757, 6.59966826788e-05],
        "median": [0.0728768631816, 1.31649374962, 2.86757135391, 4.34495258331, 4.1081867218, 4.62460136414, 4.73036909103, 5.66579055786, 5.87161445618, 10.1932830811, 10.1619729996, 10.0827789307, 11.7090063095, 17.3457489014, 13.5208454132, 14.2790117264, 14.1280231476, 14.9304447174, 17.0589351654, 11.5600996017, 10.1734485626, 11.6082868576, 8.34411430359, 5.59994697571, 7.92099142075, 9.32222175598, 7.20592880249, 7.26974821091, 8.60244083405, 8.28765964508, 5.07194280624, 3.16291093826, 1.46390271187, 0.696714639664, 0.357732087374, 0.122277654707, 0.0212986432016, 0.000995293958113, 6.22659790679e-05, 5.00502683281e-05],
        "min": [6.31621333014e-06, 0.000179868759005, 0.00634920690209, 0.0231549162418, 0.122510530055, 0.131682112813, 0.213488429785, 0.191032797098, 0.177995145321, 0.235097646713, 0.217088758945, 0.184174671769, 0.183262467384, 0.449040293694, 0.207986056805, 0.215451538563, 0.122775882483, 0.152494832873, 0.0569163896143, 0.175138622522, 0.184830576181, 0.184400647879, 0.0646404027939, 0.0709801539779, 0.116344951093, 0.0504425317049, 0.0352685973048, 0.0178849864751, 0.0101697035134, 0.00514520518482, 0.00155997194815, 0.000133401554194, 7.1330818173e-05, 1.16941382657e-05, 3.54575399797e-06, 2.2592030291e-06, 1.31257797875e-06, 1.68856217897e-07, 6.74704892845e-07, 1.45310377775e-06],
        "var": [0.95306044817, 39.4752464294, 107.933509827, 103.469642639, 165.398101807, 230.812255859, 707.95501709, 258.072174072, 201.122940063, 1899.54272461, 1932.86499023, 3611.02978516, 2350.63085938, 5260.75683594, 7840.40527344, 5747.09179688, 3184.72314453, 2702.60668945, 4938.75488281, 2526.66088867, 2382.00927734, 1315.06787109, 540.627746582, 682.413024902, 625.748657227, 1026.89526367, 521.092651367, 394.448303223, 512.192321777, 766.178771973, 450.225402832, 286.424102783, 139.458099365, 46.6901245117, 15.7245912552, 1.88270866871, 0.109969809651, 0.00049796764506, 2.59043474671e-07, 3.84844556223e-09]
    },
    "gfcc": {
        "mean": [26.8993015289, 83.184753418, -117.109786987, 41.3707275391, -66.2529525757, 28.6297035217, -37.2746925354, 6.63384723663, -23.6741600037, 2.30867648125, -20.0369758606, -2.36082482338, -11.8258180618],
        "cov": [[4595.38037109, -1390.79821777, 563.164733887, 621.054992676, 301.142272949, 948.371032715, 125.637138367, 464.709259033, 36.4435997009, 277.655914307, -42.8158454895, 254.753601074, -19.6799545288], [-1390.79821777, 1086.42236328, -282.650604248, -87.2451477051, 50.7731819153, -233.913513184, 136.023971558, -173.16758728, 144.829772949, -144.370880127, 124.515846252, -145.063995361, 50.2135009766], [563.164733887, -282.650604248, 665.872436523, 310.997192383, 151.340377808, 270.664093018, 37.8784446716, 168.032165527, 16.206111908, 93.8036880493, 11.1432466507, 102.03528595, 24.1594257355], [621.054992676, -87.2451477051, 310.997192383, 545.508239746, 187.88609314, 257.107391357, 91.4047317505, 113.237541199, 121.994773865, 53.2836380005, 94.010307312, 14.8140792847, 88.2658996582], [301.142272949, 50.7731819153, 151.340377808, 187.88609314, 244.979248047, 144.417236328, 92.2317581177, 69.7185668945, 79.9839630127, 38.9240036011, 31.1410064697, 25.8892364502, 18.6041088104], [948.371032715, -233.913513184, 270.664093018, 257.107391357, 144.417236328, 467.542419434, 160.580978394, 164.950408936, 75.5950393677, 71.3859481812, 69.9493255615, 69.0204925537, 44.6221733093], [125.637138367, 136.023971558, 37.8784446716, 91.4047317505, 92.2317581177, 160.580978394, 239.09135437, 64.5497436523, 64.3324737549, 10.5640029907, 72.2409515381, 15.0317716599, 10.2747220993], [464.709259033, -173.16758728, 168.032165527, 113.237541199, 69.7185668945, 164.950408936, 64.5497436523, 177.025238037, 50.7477264404, 55.5104370117, -0.864902377129, 42.0187644958, 10.4379367828], [36.4435997009, 144.829772949, 16.206111908, 121.994773865, 79.9839630127, 75.5950393677, 64.3324737549, 50.7477264404, 165.084060669, 16.2801532745, 38.5194854736, -20.9883937836, 36.4944496155], [277.655914307, -144.370880127, 93.8036880493, 53.2836380005, 38.9240036011, 71.3859481812, 10.5640029907, 55.5104370117, 16.2801532745, 111.098129272, 4.7423453331, 27.5260562897, -6.67149019241], [-42.8158454895, 124.515846252, 11.1432466507, 94.010307312, 31.1410064697, 69.9493255615, 72.2409515381, -0.864902377129, 38.5194854736, 4.7423453331, 132.461029053, 9.63538455963, 19.7401790619], [254.753601074, -145.063995361, 102.03528595, 14.8140792847, 25.8892364502, 69.0204925537, 15.0317716599, 42.0187644958, -20.9883937836, 27.5260562897, 9.63538455963, 100.879219055, -2.77056503296], [-19.6799545288, 50.2135009766, 24.1594257355, 88.2658996582, 18.6041088104, 44.6221733093, 10.2747220993, 10.4379367828, 36.4944496155, -6.67149019241, 19.7401790619, -2.77056503296, 105.311714172]],
        "icov": [[0.000690591172315, 0.000416090420913, 0.000551267236006, -0.000597741571255, -0.000226533200475, -0.00112973048817, 0.000275922153378, -0.00035776218283, 0.000165460223798, -0.000267941417405, 0.000619605882093, -0.000610909308307, 0.000625898595899], [0.000416090420913, 0.00404621334746, -0.000538291409612, 0.00146432186011, -0.00204846146517, 0.00168650830165, -0.00240342621692, 0.00197189301252, -0.00299722445197, 0.002605200978, -0.0029687017668, 0.00291547738016, -0.00143214594573], [0.000551267236006, -0.000538291409612, 0.00373846897855, -0.00236108968966, -0.000266268209089, -0.00201903935522, 0.00144225324038, -0.00203641317785, 0.00189382326789, -0.00139685615432, 0.0018946895143, -0.00288868881762, 0.00126870686654], [-0.000597741571255, 0.00146432186011, -0.00236108968966, 0.00580871105194, -0.00234312098473, 0.00133659259882, -0.000811599486042, 0.00102134456392, -0.00259189703502, 0.00152652384713, -0.00427473103628, 0.00389147712849, -0.00341265904717], [-0.000226533200475, -0.00204846146517, -0.000266268209089, -0.00234312098473, 0.00798637699336, -0.00108272710349, -0.000532522390131, -0.000253382051596, -0.000626921537332, -0.00193108932581, 0.00273101055063, -0.00270464085042, 0.00159616826568], [-0.00112973048817, 0.00168650830165, -0.00201903935522, 0.00133659259882, -0.00108272710349, 0.00812704768032, -0.00390473660082, -0.00028194920742, -0.00195377063937, 0.00152326095849, -0.00382786709815, 0.0020026024431, -0.00297194113955], [0.000275922153378, -0.00240342621692, 0.00144225324038, -0.000811599486042, -0.000532522390131, -0.00390473660082, 0.00900670140982, -0.00318313459866, 0.00146089133341, -0.000754899927415, -0.000519973633345, -0.00207989057526, 0.00222090445459], [-0.00035776218283, 0.00197189301252, -0.00203641317785, 0.00102134456392, -0.000253382051596, -0.00028194920742, -0.00318313459866, 0.0128720859066, -0.00465107709169, -0.000606993737165, 0.000992928748019, 0.000100445126009, -0.000807110045571], [0.000165460223798, -0.00299722445197, 0.00189382326789, -0.00259189703502, -0.000626921537332, -0.00195377063937, 0.00146089133341, -0.00465107709169, 0.012503972277, -0.00297142076306, 0.00140539940912, 0.000223664770601, -0.000323900399962], [-0.000267941417405, 0.002605200978, -0.00139685615432, 0.00152652384713, -0.00193108932581, 0.00152326095849, -0.000754899927415, -0.000606993737165, -0.00297142076306, 0.0138207003474, -0.00319038936868, 0.00134889502078, 0.000117044131912], [0.000619605882093, -0.0029687017668, 0.0018946895143, -0.00427473103628, 0.00273101055063, -0.00382786709815, -0.000519973633345, 0.000992928748019, 0.00140539940912, -0.00319038936868, 0.0148883443326, -0.00574067328125, 0.00214033038355], [-0.000610909308307, 0.00291547738016, -0.00288868881762, 0.00389147712849, -0.00270464085042, 0.0020026024431, -0.00207989057526, 0.000100445126009, 0.000223664770601, 0.00134889502078, -0.00574067328125, 0.0177422072738, -0.0027301935479], [0.000625898595899, -0.00143214594573, 0.00126870686654, -0.00341265904717, 0.00159616826568, -0.00297194113955, 0.00222090445459, -0.000807110045571, -0.000323900399962, 0.000117044131912, 0.00214033038355, -0.0027301935479, 0.0133519070223]]
    },
    "melbands": {
        "dmean": [0.00230276095681, 0.00215874472633, 0.000873635639437, 0.000501204514876, 0.000285395217361, 0.00013986727572, 0.000107979154564, 0.000164904398844, 0.000131338063511, 0.000126010199892, 8.66000191309e-05, 0.000100385143014, 9.13067924557e-05, 9.47621738305e-05, 5.82331085752e-05, 5.42489360669e-05, 4.88527875859e-05, 5.78504186706e-05, 3.41804152413e-05, 3.07932859869e-05, 2.47794669122e-05, 1.70943567355e-05, 1.55702837219e-05, 9.05931119632e-06, 9.53681501414e-06, 9.98362520477e-06, 8.78870650922e-06, 1.09325237645e-05, 6.7657551881e-06, 6.28922771284e-06, 5.58678084417e-06, 5.39643997399e-06, 6.22130619377e-06, 6.71749558023e-06, 4.08401456298e-06, 3.64662378161e-06, 3.53812788489e-06, 2.66346773969e-06, 2.12154600376e-06, 1.71649776348e-06],
        "dmean2": [0.00334151089191, 0.00347433122806, 0.00150188826956, 0.000866071670316, 0.00043444414041, 0.000231188576436, 0.000170890503796, 0.00025874574203, 0.000200120004592, 0.000192438878003, 0.000135212045279, 0.000146717720781, 0.000137096081744, 0.000141379787237, 9.30270616664e-05, 8.62478264025e-05, 7.84561052569e-05, 9.57790180109e-05, 5.44656759303e-05, 4.96506218042e-05, 3.98830634367e-05, 2.68715029961e-05, 2.56241455645e-05, 1.51930753418e-05, 1.5741587049e-05, 1.63229869941e-05, 1.40191732498e-05, 1.81471441465e-05, 1.076609351e-05, 1.02097283161e-05, 8.71890460985e-06, 8.60503769218e-06, 9.9634671642e-06, 1.08473077489e-05, 6.44524698146e-06, 5.70896054342e-06, 5.83447445024e-06, 4.09657877753e-06, 3.26648614646e-06, 2.65038283942e-06],
        "dvar": [2.48837313848e-05, 2.01644579647e-05, 3.50419486495e-06, 9.35629486776e-07, 4.11520630905e-07, 8.01105599635e-08, 3.37621415269e-08, 9.14115361184e-08, 6.28255207857e-08, 7.54159117378e-08, 3.11778514117e-08, 3.93300823021e-08, 3.77929723072e-08, 4.45209238364e-08, 1.41923974795e-08, 9.28518684162e-09, 7.3200729922e-09, 1.00433705796e-08, 4.45359704671e-09, 5.17530907018e-09, 3.09727643533e-09, 9.70485913854e-10, 8.04130484422e-10, 4.01288530183e-10, 5.30423927003e-10, 3.95600247005e-10, 2.68327832176e-10, 5.22865195585e-10, 1.51472848153e-10, 1.51413090399e-10, 9.73192637588e-11, 9.13845041306e-11, 1.29389624015e-10, 2.25543972387e-10, 8.36575531071e-11, 5.67710115029e-11, 7.16000730927e-11, 3.57491328207e-11, 2.29162210041e-11, 1.62217218824e-11],
        "dvar2": [5.76637758058e-05, 5.06109790877e-05, 9.76803858066e-06, 2.67901873485e-06, 7.43916928059e-07, 1.90797095456e-07, 8.41856149236e-08, 2.20611312329e-07, 1.3414479838e-07, 1.82120572845e-07, 7.14742256491e-08, 8.84540511947e-08, 8.05690874017e-08, 8.90858800062e-08, 3.21870672337e-08, 2.23957901113e-08, 1.81034458535e-08, 2.55724490472e-08, 1.09379119095e-08, 1.32003394882e-08, 7.70382957427e-09, 2.27149254961e-09, 2.01967265134e-09, 1.06273179146e-09, 1.35893774011e-09, 1.0154850294e-09, 6.59056587082e-10, 1.30940136511e-09, 3.78505060628e-10, 3.9672251595e-10, 2.48558118532e-10, 2.1242563264e-10, 3.10679593163e-10, 5.79604642059e-10, 2.01837810354e-10, 1.28044991277e-10, 1.77843850757e-10, 7.52768611334e-11, 4.79046247115e-11, 3.43473860465e-11],
        "max": [0.0509518645704, 0.0437830500305, 0.0164444670081, 0.0111831882969, 0.00952515844256, 0.00517407990992, 0.00182552821934, 0.00339089799672, 0.0043053268455, 0.00371551001444, 0.00273087248206, 0.00252280244604, 0.00341107463464, 0.00442675221711, 0.00169992889278, 0.00103432650212, 0.000988428830169, 0.000919816258829, 0.00101851986255, 0.000849135103635, 0.000843534653541, 0.000539100088645, 0.000375072093448, 0.000218305824092, 0.000268605333986, 0.000179936076165, 0.000156653128215, 0.000227461729082, 0.000127008592244, 0.000120416196296, 9.88609826891e-05, 0.000141020544106, 0.000158722585184, 0.000192619016161, 0.000222565431613, 0.000128329105792, 0.000133043489768, 0.000100776931504, 7.73412102717e-05, 5.89664086874e-05],
        "mean": [0.00457531493157, 0.00420454889536, 0.00132199760992, 0.000650388479698, 0.000444909994258, 0.000221702313866, 0.000193241008674, 0.000284454203211, 0.00020253295952, 0.000195662782062, 0.000139124356792, 0.000176440589712, 0.000156192079885, 0.000140944554005, 7.91882048361e-05, 7.30942265363e-05, 6.25408429187e-05, 7.95326559455e-05, 4.69483566121e-05, 3.73049260816e-05, 2.96153812087e-05, 2.41617235588e-05, 2.20278270717e-05, 1.07059777292e-05, 1.05559811345e-05, 1.22117180581e-05, 1.16206792882e-05, 1.34761739901e-05, 9.60071793088e-06, 8.42594909045e-06, 7.9493429439e-06, 8.45539398142e-06, 9.17234137887e-06, 9.23966945265e-06, 6.52255994282e-06, 5.5507093748e-06, 4.785629244e-06, 3.7378970319e-06, 2.88877095045e-06, 2.27006967179e-06],
        "median": [0.00102550827432, 0.00190664618276, 0.000812225742266, 0.000349632056896, 0.000183669821126, 0.000120892975247, 9.32119510253e-05, 0.000119944314065, 7.10383756086e-05, 5.86294409004e-05, 5.12103943038e-05, 6.73300019116e-05, 3.8957932702e-05, 3.86878746212e-05, 2.72403522104e-05, 2.8071253837e-05, 2.35435054492e-05, 2.87488728645e-05, 1.51538069986e-05, 1.22639676192e-05, 1.06899560706e-05, 1.06836541818e-05, 1.12066290967e-05, 4.71960856885e-06, 3.88788612327e-06, 5.50311369807e-06, 5.39014990864e-06, 5.94577295487e-06, 4.47214188171e-06, 3.71378519048e-06, 3.97974008592e-06, 4.4788289415e-06, 5.02283319292e-06, 4.3953846216e-06, 3.05325306726e-06, 2.23285269385e-06, 1.67750647506e-06, 1.07433447738e-06, 6.14106113517e-07, 4.91044602313e-07],
        "min": [3.45705863936e-08, 1.44676164382e-07, 6.07082574788e-06, 6.99804422766e-06, 5.77129185331e-06, 2.96654479826e-06, 1.29670354454e-06, 1.34492404413e-06, 4.98195561249e-07, 4.09376923471e-07, 4.82935718082e-07, 1.50868777382e-06, 7.20280468158e-07, 1.79406868028e-07, 1.9014423458e-07, 2.64851138354e-07, 2.53852562082e-07, 5.90412874146e-08, 1.02842598437e-07, 1.8636072241e-07, 1.52184725266e-07, 1.58106530534e-07, 2.98785352015e-08, 6.44123403504e-08, 2.43506281805e-08, 6.52450253824e-08, 2.29644410155e-08, 3.01404980974e-08, 1.54464316893e-08, 8.66865246252e-09, 6.32198826622e-09, 4.87251083925e-09, 3.72603325971e-09, 2.12103667963e-09, 4.825312927e-10, 1.8170788485e-10, 5.75983271495e-13, 9.32373210756e-13, 2.20595373565e-12, 9.0755046978e-14],
