{
"highlevel": {
    "danceability": {
        "all": {
            "danceable": 0.406974643469,
            "not_danceable": 0.593025386333
        },
        "probability": 0.593025386333,
        "value": "not_danceable"
    },
    "gender": {
        "all": {
            "female": 0.0469855740666,
            "male": 0.953014433384
        },
        "probability": 0.953014433384,
        "value": "male"
    },
    "genre_dortmund": {
        "all": {
            "alternative": 0.0546901747584,
            "blues": 0.551419079304,
            "electronic": 0.016325192526,
            "folkcountry": 0.0980227291584,
            "funksoulrnb": 0.0166113916785,
            "jazz": 0.122985824943,
            "pop": 0.0145779289305,
            "raphiphop": 0.00360163929872,
            "rock": 0.121766023338
        },
        "probability": 0.551419079304,
        "value": "blues"
    },
    "genre_electronic": {
        "all": {
            "ambient": 0.618078410625,
            "dnb": 0.232596665621,
            "house": 0.121740169823,
            "techno": 0.0126197133213,
            "trance": 0.01496503409
        },
        "probability": 0.618078410625,
        "value": "ambient"
    },
    "genre_rosamerica": {
        "all": {
            "cla": 0.392962157726,
            "dan": 0.0100678075105,
            "hip": 0.0425029024482,
            "jaz": 0.167281076312,
            "pop": 0.0995276868343,
            "rhy": 0.167069002986,
            "roc": 0.0915610864758,
            "spe": 0.0290282759815
        },
        "probability": 0.392962157726,
        "value": "cla"
    },
    "genre_tzanetakis": {
        "all": {
            "blu": 0.0680396556854,
            "cla": 0.0300345569849,
            "cou": 0.0901066288352,
            "dis": 0.0679006576538,
            "hip": 0.270367830992,
            "jaz": 0.270390689373,
            "met": 0.0386195555329,
            "pop": 0.0540675707161,
            "reg": 0.0564031638205,
            "roc": 0.0540697053075
        },
        "probability": 0.270390689373,
        "value": "jaz"
    },
    "ismir04_rhythm": {
        "all": {
            "ChaChaCha": 0.142663732171,
            "Jive": 0.00993001181632,
            "Quickstep": 0.0148235121742,
            "Rumba-American": 0.00751437945291,
            "Rumba-International": 0.00190134625882,
            "Rumba-Misc": 0.00123373919632,
            "Samba": 0.0312342643738,
            "Tango": 0.743988990784,
            "VienneseWaltz": 0.0396164245903,
            "Waltz": 0.00709360186011
        },
        "probability": 0.743988990784,
        "value": "Tango"
    },
    "mood_acoustic": {
        "all": {
            "acoustic": 0.170160993934,
            "not_acoustic": 0.829838991165
        },
        "probability": 0.829838991165,
        "value": "not_acoustic"
    },
    "mood_aggressive": {
        "all": {
            "aggressive": 0.5474152565,
            "not_aggressive": 0.4525847435
        },
        "probability": 0.5474152565,
        "value": "aggressive"
    },
    "mood_electronic": {
        "all": {
            "electronic": 0.028718713671,
            "not_electronic": 0.971281290054
        },
        "probability": 0.971281290054,
        "value": "not_electronic"
    },
    "mood_happy": {
        "all": {
            "happy": 0.776817977428,
            "not_happy": 0.223182022572
        },
        "probability": 0.776817977428,
        "value": "happy"
    },
    "mood_party": {
        "all": {
            "not_party": 0.624680638313,
            "party": 0.375319391489
        },
        "probability": 0.624680638313,
        "value": "not_party"
    },
    "mood_relaxed": {
        "all": {
            "not_relaxed": 0.96895891428,
            "relaxed": 0.0310410615057
        },
        "probability": 0.96895891428,
        "value": "not_relaxed"
    },
    "mood_sad": {
        "all": {
            "not_sad": 0.547017097473,
            "sad": 0.452982902527
        },
        "probability": 0.547017097473,
        "value": "not_sad"
    },
    "moods_mirex": {
        "all": {
            "Cluster1": 0.159557655454,
            "Cluster2": 0.304376751184,
            "Cluster3": 0.138230651617,
            "Cluster4": 0.271166652441,
            "Cluster5": 0.126668289304
        },
        "probability": 0.304376751184,
        "value": "Cluster2"
    },
    "timbre": {
        "all": {
            "bright": 0.98489356041,
            "dark": 0.015106452629
        },
        "probability": 0.98489356041,
        "value": "bright"
    },
    "tonal_atonal": {
        "all": {
            "atonal": 0.96441835165,
            "tonal": 0.0355816446245
        },
        "probability": 0.96441835165,
        "value": "atonal"
    },
    "voice_instrumental": {
        "all": {
            "instrumental": 0.284057319164,
            "voice": 0.715942680836
        },
        "probability": 0.715942680836,
        "value": "voice"
    }
},
"lowlevel": {
    "average_loudness": 0.962426662445,
    "barkbands_crest": {
        "dmean": 2.84200787544,
        "dmean2": 4.59443807602,
        "dvar": 6.74522018433,
        "dvar2": 16.2966461182,
        "max": 22.4201431274,
        "mean": 9.53220081329,
        "median": 8.77541255951,
        "min": 2.81986737251,
        "var": 14.8073472977
    },
    "barkbands_flatness_db": {
        "dmean": 0.0235632248223,
        "dmean2": 0.0360168889165,
        "dvar": 0.000517921405844,
        "dvar2": 0.00106753129512,
        "max": 0.328780353069,
        "mean": 0.17248724401,
        "median": 0.169721052051,
        "min": 0.0740737169981,
        "var": 0.00135231483728
    },
    "barkbands_kurtosis": {
        "dmean": 1.34062361717,
        "dmean2": 2.14215016365,
        "dvar": 3.01887083054,
        "dvar2": 6.77291345596,
        "max": 18.233045578,
        "mean": 0.659878492355,
        "median": -0.087525844574,
        "min": -1.82025408745,
        "var": 6.57648992538
    },
    "barkbands_skewness": {
        "dmean": 0.493455022573,
        "dmean2": 0.736357629299,
        "dvar": 0.22942827642,
        "dvar2": 0.463317573071,
        "max": 3.80213260651,
        "mean": 0.299178898335,
        "median": 0.296475768089,
        "min": -3.29799342155,
        "var": 1.02611279488
    },
    "barkbands_spread": {
        "dmean": 5.99664068222,
        "dmean2": 9.53259086609,
        "dvar": 54.0901565552,
        "dvar2": 127.331794739,
        "max": 81.4211654663,
        "mean": 20.5773487091,
        "median": 18.4908561707,
        "min": 3.21456360817,
        "var": 97.723991394
    },
    "dissonance": {
        "dmean": 0.0203930716962,
        "dmean2": 0.034405361861,
        "dvar": 0.000381395424483,
        "dvar2": 0.000973810907453,
        "max": 0.499776303768,
        "mean": 0.466432541609,
        "median": 0.472778111696,
        "min": 0.332243770361,
        "var": 0.000662976643071
    },
    "dynamic_complexity": 3.64301681519,
    "erbbands_crest": {
        "dmean": 3.80018520355,
        "dmean2": 6.24208927155,
        "dvar": 12.0866832733,
        "dvar2": 28.1454410553,
        "max": 28.5313739777,
        "mean": 11.793885231,
        "median": 10.5917196274,
        "min": 3.28744840622,
        "var": 26.1079845428
    },
    "erbbands_flatness_db": {
        "dmean": 0.0219457745552,
        "dmean2": 0.0326420962811,
        "dvar": 0.000478368659969,
        "dvar2": 0.000960970763117,
        "max": 0.350703805685,
        "mean": 0.243603274226,
        "median": 0.246910780668,
        "min": 0.10765325278,
        "var": 0.00131746591069
    },
    "erbbands_kurtosis": {
        "dmean": 1.44649720192,
        "dmean2": 2.24124860764,
        "dvar": 4.28036165237,
        "dvar2": 7.92033815384,
        "max": 43.5005455017,
        "mean": 1.24278306961,
        "median": 0.153343915939,
        "min": -1.63999760151,
        "var": 12.673125267
    },
    "erbbands_skewness": {
        "dmean": 0.466039121151,
        "dmean2": 0.701452434063,
        "dvar": 0.197730764747,
        "dvar2": 0.441479444504,
        "max": 2.06208205223,
        "mean": -0.196482181549,
        "median": -0.0862108767033,
        "min": -4.11284923553,
        "var": 0.797353625298
    },
    "erbbands_spread": {
        "dmean": 6.45463609695,
        "dmean2": 9.76388645172,
        "dvar": 51.4859046936,
        "dvar2": 112.860969543,
        "max": 80.3528442383,
        "mean": 23.5610160828,
        "median": 21.5850696564,
        "min": 2.31580257416,
        "var": 138.067276001
    },
    "hfc": {
        "dmean": 6.87787675858,
        "dmean2": 8.79774093628,
        "dvar": 67.6007003784,
        "dvar2": 114.003074646,
        "max": 103.102989197,
        "mean": 20.0497951508,
        "median": 14.7861680984,
        "min": 0.0988316163421,
        "var": 355.04888916
    },
    "melbands_crest": {
        "dmean": 3.45216083527,
        "dmean2": 5.45032262802,
        "dvar": 9.87387371063,
        "dvar2": 24.77318573,
        "max": 30.0204677582,
        "mean": 12.5073423386,
        "median": 11.6105566025,
        "min": 3.83953237534,
        "var": 26.2668819427
    },
    "melbands_flatness_db": {
        "dmean": 0.0300814155489,
        "dmean2": 0.0429813414812,
        "dvar": 0.00101061048917,
        "dvar2": 0.00191623507999,
        "max": 0.427863329649,
        "mean": 0.185428157449,
        "median": 0.172868683934,
        "min": 0.0365706682205,
        "var": 0.00365735031664
    },
    "melbands_kurtosis": {
        "dmean": 2.42003560066,
        "dmean2": 3.89130425453,
        "dvar": 15.3395805359,
        "dvar2": 35.596206665,
        "max": 46.1850128174,
        "mean": 2.60358405113,
        "median": 0.93980050087,
        "min": -1.8167321682,
        "var": 31.9619617462
    },
    "melbands_skewness": {
        "dmean": 0.555982351303,
        "dmean2": 0.818527758121,
        "dvar": 0.328234136105,
        "dvar2": 0.642407238483,
        "max": 6.43922710419,
        "mean": 1.0387762785,
        "median": 0.887831151485,
        "min": -1.98038852215,
        "var": 1.41445946693
    },
    "melbands_spread": {
        "dmean": 10.7318620682,
        "dmean2": 16.6712837219,
        "dvar": 164.484680176,
        "dvar2": 372.989562988,
        "max": 162.51171875,
        "mean": 35.0967750549,
        "median": 31.1106510162,
        "min": 2.91575789452,
        "var": 380.0652771
    },
    "pitch_salience": {
        "dmean": 0.0736686512828,
        "dmean2": 0.120636612177,
        "dvar": 0.00384388910607,
        "dvar2": 0.0098339188844,
        "max": 0.830837249756,
        "mean": 0.537959098816,
        "median": 0.53484660387,
        "min": 0.175092026591,
        "var": 0.00912693049759
    },
    "silence_rate_20dB": {
        "dmean": 0,
        "dmean2": 0,
        "dvar": 0,
        "dvar2": 0,
        "max": 1,
        "mean": 1,
        "median": 1,
        "min": 1,
        "var": 0
    },
    "silence_rate_30dB": {
        "dmean": 0,
        "dmean2": 0,
        "dvar": 0,
        "dvar2": 0,
        "max": 1,
        "mean": 1,
        "median": 1,
        "min": 1,
        "var": 0
    },
    "silence_rate_60dB": {
        "dmean": 0.0750773996115,
        "dmean2": 0.150271102786,
        "dvar": 0.0694416761398,
        "dvar2": 0.138535320759,
        "max": 1,
        "mean": 0.160092800856,
        "median": 0,
        "min": 0,
        "var": 0.134463757277
    },
    "spectral_centroid": {
        "dmean": 351.674835205,
        "dmean2": 530.430969238,
        "dvar": 160334.53125,
        "dvar2": 364185.71875,
        "max": 3894.76196289,
        "mean": 1867.8840332,
        "median": 1936.76342773,
        "min": 273.136169434,
        "var": 462860.4375
    },
    "spectral_complexity": {
        "dmean": 3.67647051811,
        "dmean2": 5.34701776505,
        "dvar": 14.0083169937,
        "dvar2": 28.8710899353,
        "max": 40,
        "mean": 14.9110593796,
        "median": 14,
        "min": 0,
        "var": 55.1606674194
    },
    "spectral_decrease": {
        "dmean": 9.93843563002e-10,
        "dmean2": 1.26694810199e-09,
        "dvar": 1.23978388556e-18,
        "dvar2": 1.95260905318e-18,
        "max": -2.22281741624e-11,
        "mean": -3.28245142178e-09,
        "median": -2.63070165651e-09,
        "min": -1.4617205224e-08,
        "var": 6.95210315111e-18
    },
    "spectral_energy": {
        "dmean": 0.00427311146632,
        "dmean2": 0.00541826663539,
        "dvar": 2.27963264479e-05,
        "dvar2": 3.51646631316e-05,
        "max": 0.0612116903067,
        "mean": 0.0142072886229,
        "median": 0.0114395814016,
        "min": 9.28585795918e-05,
        "var": 0.000131372129545
    },
    "spectral_energyband_high": {
        "dmean": 0.000257614126895,
        "dmean2": 0.000401353434427,
        "dvar": 1.75962185267e-07,
        "dvar2": 4.20655453581e-07,
        "max": 0.00646896986291,
        "mean": 0.000385726074455,
        "median": 0.000211383332498,
        "min": 2.86699105345e-07,
        "var": 2.58795836316e-07
    },
    "spectral_energyband_low": {
        "dmean": 0.000769057136495,
        "dmean2": 0.00110586977098,
        "dvar": 1.60276124461e-06,
        "dvar2": 3.18683032674e-06,
        "max": 0.0174044072628,
        "mean": 0.00150883221067,
        "median": 0.000844060210511,
        "min": 2.55137297245e-06,
        "var": 4.24455856773e-06
    },
    "spectral_energyband_middle_high": {
        "dmean": 0.00293880468234,
        "dmean2": 0.00374742853455,
        "dvar": 1.45540489029e-05,
        "dvar2": 2.37838758039e-05,
        "max": 0.0437556393445,
        "mean": 0.0078805340454,
        "median": 0.00524804461747,
        "min": 3.39685466315e-05,
        "var": 6.70716108289e-05
    },
    "spectral_energyband_middle_low": {
        "dmean": 0.0022542970255,
        "dmean2": 0.00312567781657,
        "dvar": 1.13794858407e-05,
        "dvar2": 2.24797749979e-05,
        "max": 0.046048425138,
        "mean": 0.00526116183028,
        "median": 0.00317339366302,
        "min": 5.03369010403e-05,
        "var": 3.86920983146e-05
    },
    "spectral_entropy": {
        "dmean": 0.191186740994,
        "dmean2": 0.27327221632,
        "dvar": 0.0360004231334,
        "dvar2": 0.0688622295856,
        "max": 8.60263442993,
        "mean": 7.26038169861,
        "median": 7.25433301926,
        "min": 6.16757774353,
        "var": 0.111008860171
    },
    "spectral_flux": {
        "dmean": 0.0200565494597,
        "dmean2": 0.0302119776607,
        "dvar": 0.000380135228625,
        "dvar2": 0.000802191614639,
        "max": 0.214755684137,
        "mean": 0.0660993084311,
        "median": 0.0625054612756,
        "min": 0.00563692394644,
        "var": 0.00123306701425
    },
    "spectral_kurtosis": {
        "dmean": 3.53044843674,
        "dmean2": 6.08425951004,
        "dvar": 14.0134572983,
        "dvar2": 36.0746078491,
        "max": 36.9839286804,
        "mean": 5.66646003723,
        "median": 4.34017562866,
        "min": -0.703024148941,
        "var": 20.4585075378
    },
    "spectral_rms": {
        "dmean": 0.000590294948779,
        "dmean2": 0.000726811122149,
        "dvar": 3.53628649918e-07,
        "dvar2": 5.03408443819e-07,
        "max": 0.00772778876126,
        "mean": 0.00338287116028,
        "median": 0.00334074348211,
        "min": 0.000300987943774,
        "var": 2.41696056946e-06
    },
    "spectral_rolloff": {
        "dmean": 546.51385498,
        "dmean2": 921.308166504,
        "dvar": 604930,
        "dvar2": 1371020.375,
        "max": 9366.94335938,
        "mean": 2143.9921875,
        "median": 2110.25390625,
        "min": 129.19921875,
        "var": 1091961
    },
    "spectral_skewness": {
        "dmean": 0.398217886686,
        "dmean2": 0.659205436707,
        "dvar": 0.15420410037,
        "dvar2": 0.370653659105,
        "max": 4.36088848114,
        "mean": 1.25279176235,
        "median": 1.15514326096,
        "min": 0.0848405361176,
        "var": 0.301962763071
    },
    "spectral_spread": {
        "dmean": 341897.125,
        "dmean2": 520967.125,
        "dvar": 205878575104,
        "dvar2": 380035530752,
        "max": 9698641,
        "mean": 2719042,
        "median": 2663192.25,
        "min": 1487996.25,
        "var": 447651348480
    },
    "spectral_strongpeak": {
        "dmean": 1.07575953007,
        "dmean2": 1.68824911118,
        "dvar": 1.87574899197,
        "dvar2": 4.07545042038,
        "max": 14.9345235825,
        "mean": 2.18067908287,
        "median": 1.21449077129,
        "min": 0.00642261095345,
        "var": 5.59685230255
    },
    "zerocrossingrate": {
        "dmean": 0.0096771903336,
        "dmean2": 0.0108061069623,
        "dvar": 0.000106485080323,
        "dvar2": 0.000130462227389,
        "max": 0.28857421875,
        "mean": 0.0685549899936,
        "median": 0.06787109375,
        "min": 0.009765625,
        "var": 0.000648229732178
    },
    "barkbands": {
        "dmean": [2.3734932256e-05, 0.000139994896017, 0.000381880672649, 0.000433566776337, 0.000325290573528, 0.000249523145612, 0.000171781852259, 0.000374906259822, 0.00131600676104, 0.000444136065198, 0.000344358646544, 0.000597890932113, 0.000767389894463, 0.000424319005106, 0.000701832468621, 0.000382886530133, 0.000532846373972, 0.000378653057851, 0.000338236539392, 0.000359967467375, 8.33803787827e-05, 6.2362429162e-05, 2.42947899096e-05, 1.65039800777e-05, 3.36994867212e-06, 5.67989104638e-07, 5.85523685093e-10],
        "dmean2": [3.69261324522e-05, 0.000245643750532, 0.000606847344898, 0.000557219900656, 0.000486291450216, 0.000405467231758, 0.000286348251393, 0.000595213205088, 0.00186273385771, 0.000697190931533, 0.000516279542353, 0.000860085070599, 0.00110713706817, 0.000628145236988, 0.00100327772088, 0.000549013784621, 0.000777150096837, 0.000568142684642, 0.000509767851327, 0.000549857330043, 0.000136713104439, 9.7493379144e-05, 3.81021964131e-05, 2.65475173364e-05, 5.2729201343e-06, 9.62922854342e-07, 1.01593311541e-09],
        "dvar": [1.41610423388e-09, 8.41822966891e-08, 4.19566617893e-07, 9.18897683277e-07, 3.64641294937e-07, 3.15264770734e-07, 1.82590724762e-07, 6.25855818726e-07, 6.76901845509e-06, 3.94767585021e-06, 1.34916842853e-06, 3.26543931806e-06, 5.10625113748e-06, 1.79564699465e-06, 2.68729036179e-06, 8.38769040001e-07, 1.50242863128e-06, 3.85863728525e-07, 2.74941044154e-07, 3.07273154476e-07, 2.28486012332e-08, 9.83983294844e-09, 2.29468088975e-09, 8.10573830279e-09, 7.72167663143e-10, 1.1476278261e-11, 5.58133459516e-18],
        "dvar2": [3.17240700376e-09, 2.29017004472e-07, 9.98882569547e-07, 1.37121924126e-06, 7.76660272095e-07, 6.73582235322e-07, 4.60809843617e-07, 1.49205288835e-06, 1.25024507724e-05, 9.25398489926e-06, 2.73677574114e-06, 6.11378300164e-06, 1.07887972263e-05, 3.9330875552e-06, 4.92213848702e-06, 1.56924625117e-06, 3.28372516378e-06, 8.06771993211e-07, 6.1202138113e-07, 6.72483963626e-07, 5.92879025874e-08, 2.32351169416e-08, 5.58427970532e-09, 1.92961522316e-08, 1.40539135884e-09, 2.15988147506e-11, 7.0402127756e-18],
        "max": [0.000383003614843, 0.00296054710634, 0.00576860504225, 0.0179724059999, 0.00532592786476, 0.00624589482322, 0.00425325939432, 0.0159564390779, 0.0334513261914, 0.0476936213672, 0.0240870192647, 0.0303163249046, 0.0379770286381, 0.0223114676774, 0.035869076848, 0.0137949753553, 0.018371604383, 0.00810694601387, 0.00730980280787, 0.00597355002537, 0.00123703002464, 0.00107190292329, 0.000974546943326, 0.00278913811781, 0.000875365163665, 9.39788224059e-05, 7.86444616097e-08],
        "mean": [2.70988566626e-05, 0.000223173832637, 0.000617098354269, 0.000858931045514, 0.000587045797147, 0.000368488399545, 0.000205696414923, 0.00061152910348, 0.00220972206444, 0.000656093936414, 0.000504835625179, 0.000979567412287, 0.00120936834719, 0.000605472305324, 0.00111886463128, 0.000561344204471, 0.000894775730558, 0.000612035160884, 0.000568685063627, 0.000539590080734, 0.000101312398328, 9.00031955098e-05, 3.26802510244e-05, 1.93499727175e-05, 3.97439589506e-06, 5.7183581248e-07, 5.01105767992e-10],
        "median": [1.03959218904e-05, 7.04809135641e-05, 0.000325541303027, 0.000111508590635, 0.000211775259231, 0.000161642907187, 8.25755778351e-05, 0.000206717857509, 0.000472232553875, 0.000121620440041, 6.37591147097e-05, 0.00013498608314, 0.000133365916554, 8.48285781103e-05, 0.000206779164728, 0.000112277135486, 0.000205916847335, 0.000235536746914, 0.000199396439712, 0.000215295134694, 4.04833808716e-05, 4.16474977101e-05, 1.44758787428e-05, 5.9558542489e-06, 8.11012682789e-07, 7.6848515107e-08, 1.3419344802e-10],
        "min": [2.0063243511e-08, 1.89170691556e-07, 2.00508779358e-07, 9.33651591595e-08, 5.83990640735e-07, 1.00861086594e-06, 7.76548802151e-07, 3.70239831682e-07, 4.31807166024e-06, 5.98371570959e-07, 3.35627220238e-07, 5.03492856296e-07, 8.36944479943e-07, 1.22317567275e-06, 8.52378889249e-07, 1.39879193739e-06, 1.02083811271e-06, 8.38220557853e-07, 3.33112609496e-07, 1.70087304241e-07, 5.62249127256e-08, 4.17530614527e-08, 7.8884250243e-09, 1.25278754037e-09, 5.63590537087e-12, 4.38836727373e-12, 7.9024989677e-12],
        "var": [1.83119619468e-09, 1.3836208268e-07, 6.39869085717e-07, 3.38363906849e-06, 8.72467467161e-07, 4.39601933522e-07, 1.7806880237e-07, 1.04909815946e-06, 1.76147896127e-05, 8.73767748999e-06, 2.22811013373e-06, 7.02421357346e-06, 9.89207910607e-06, 3.55197562385e-06, 7.86039800005e-06, 1.88021169834e-06, 3.72036242879e-06, 8.55672965372e-07, 7.38622304652e-07, 6.90724448305e-07, 2.33569572572e-08, 1.59637991715e-08, 3.26082161273e-09, 9.05039332366e-09, 1.02377739619e-09, 1.40013669062e-11, 5.50044005357e-18]
    },
    "erbbands": {
        "dmean": [0.00194690655917, 0.0414204411209, 0.325808674097, 1.21651124954, 0.650509238243, 1.33540844917, 2.11110115051, 1.84827053547, 2.41119074821, 3.17326545715, 10.4268789291, 28.9169235229, 24.7809867859, 8.05783748627, 17.472902298, 26.2107162476, 34.9657249451, 19.8131504059, 33.6509819031, 27.9028911591, 18.0256519318, 23.3942890167, 22.0478649139, 10.6543893814, 24.0771160126, 13.7436685562, 4.78723049164, 2.47550010681, 2.34769415855, 1.50940310955, 0.58644849062, 0.4491096735, 0.206216916442, 0.0605688840151, 0.0147312683985, 0.00427688425407, 0.000649901106954, 4.42425953224e-05, 3.85280918636e-06, 5.64203310205e-06],
        "dmean2": [0.00330288778059, 0.0720230713487, 0.520994365215, 1.60392487049, 0.94212692976, 2.07477068901, 3.18412661552, 2.99865221977, 4.02556228638, 4.94350099564, 16.2607154846, 42.2372970581, 36.3067398071, 11.4521064758, 25.605266571, 36.2570571899, 48.8496551514, 28.3479671478, 47.3920593262, 38.4287948608, 26.0772533417, 32.8722000122, 32.9025154114, 15.2536888123, 35.4703521729, 19.9545021057, 7.98103284836, 3.88220119476, 3.74037194252, 2.32195520401, 0.920624017715, 0.724714159966, 0.335597664118, 0.0907702744007, 0.0228594932705, 0.00705727469176, 0.00107502075844, 7.51604675315e-05, 5.16663749295e-06, 7.14700354365e-06],
        "dvar": [1.02965077531e-05, 0.00775869190693, 0.340719521046, 6.27685785294, 1.60776162148, 7.11377859116, 18.3166675568, 13.7753181458, 32.3154830933, 30.0307235718, 505.267913818, 3597.16992188, 7354.01708984, 325.440307617, 3201.80517578, 5696.04882812, 11348.6357422, 2972.6496582, 7185.12060547, 6474.66699219, 1721.79870605, 2402.47216797, 1206.75061035, 284.108947754, 1475.79724121, 420.240600586, 91.615020752, 14.2682027817, 14.7964076996, 7.85852766037, 1.51441717148, 2.80115604401, 2.65803146362, 0.248684793711, 0.0138594480231, 0.000708876817953, 8.04690444056e-06, 1.78168662046e-08, 4.129657033e-11, 3.98913332922e-11],
        "dvar2": [2.60573815467e-05, 0.0210627093911, 0.837170481682, 10.4517183304, 3.28198862076, 16.1839790344, 36.4163589478, 30.0773258209, 82.04637146, 69.0741577148, 1160.75793457, 6910.52050781, 16710.1425781, 663.763061523, 6151.46972656, 11030.4111328, 23503.8710938, 7346.38330078, 15305.8251953, 11048.6318359, 3042.5925293, 5107.24267578, 2559.16674805, 572.708984375, 3278.3684082, 854.484008789, 248.397857666, 32.6418190002, 36.9942016602, 18.1058692932, 3.63039946556, 6.38984823227, 6.59438371658, 0.505551636219, 0.0246104188263, 0.0013254545629, 1.51995336637e-05, 4.16262544434e-08, 7.77838002342e-11, 6.24150245376e-11],
        "max": [0.034507561475, 0.93078315258, 6.60510873795, 43.6906776428, 17.512834549, 21.9065761566, 43.1622543335, 41.0468025208, 57.3156776428, 79.7174377441, 458.456054688, 927.901428223, 1770.55432129, 300.42010498, 1139.62182617, 1062.94604492, 1835.81091309, 759.872497559, 1504.32946777, 2266.81713867, 680.304321289, 857.479370117, 505.591674805, 240.556671143, 556.220397949, 227.193206787, 83.7814407349, 60.9334106445, 34.363407135, 48.6438331604, 28.8136005402, 46.6305656433, 51.6593360901, 16.1426124573, 3.80953359604, 0.800326526165, 0.0787889063358, 0.0021749115549, 0.000160382231115, 7.91817874415e-05],
        "mean": [0.00350458268076, 0.0688330754638, 0.54421132803, 2.39557147026, 1.14047598839, 2.31385374069, 3.74620485306, 2.71394991875, 3.14893341064, 5.55840969086, 16.8572978973, 47.8256912231, 42.1259536743, 13.4027290344, 30.915845871, 44.2798118591, 57.2973899841, 32.6288986206, 54.6380691528, 48.0783920288, 33.5664176941, 43.7651062012, 37.9081001282, 22.255317688, 38.3579063416, 22.6123561859, 5.89886283875, 3.58416867256, 3.21636366844, 2.17362523079, 0.804745674133, 0.51974350214, 0.238931328058, 0.0702662467957, 0.0166607331485, 0.00438635004684, 0.000678264012095, 4.7421817726e-05, 1.08943804662e-05, 1.85951394087e-05],
        "median": [0.00127018452622, 0.0281450822949, 0.306691795588, 0.600840747356, 0.440896481276, 0.664784610271, 1.39029681683, 1.27470302582, 1.44916260242, 2.04023694992, 7.01915121078, 11.3136348724, 6.1697268486, 4.45990610123, 5.25692272186, 8.94892978668, 8.5252532959, 6.51200675964, 13.4849977493, 8.41815090179, 7.20283889771, 13.0535459518, 17.4955883026, 9.03052330017, 13.9428482056, 9.89444351196, 2.70138120651, 1.51362490654, 1.3905838728, 0.999430477619, 0.359838008881, 0.177517712116, 0.0658501088619, 0.0153724718839, 0.00304289581254, 0.000685462902766, 0.000114635040518, 1.1488783457e-05, 8.80697371031e-06, 1.50809009938e-05],
        "min": [1.78213904292e-05, 6.47612469038e-05, 0.000677020521834, 0.00261019193567, 0.00222413730808, 0.00140015163925, 0.00237127323635, 0.0231628827751, 0.0162832718343, 0.0190211776644, 0.0410094596446, 0.152825072408, 0.0607456713915, 0.0226743109524, 0.0356872975826, 0.029087189585, 0.0420982353389, 0.0683458596468, 0.153745085001, 0.106496199965, 0.0939540341496, 0.0742185041308, 0.053697463125, 0.0249112341553, 0.01652931422, 0.0075736050494, 0.00394629081711, 0.00227531162091, 0.00151556753553, 0.000400717952289, 0.00023991096532, 7.23186531104e-05, 9.50288085733e-06, 2.16956914301e-06, 3.28035611119e-07, 1.7988456591e-07, 9.6029069141e-08, 3.16457295924e-08, 6.08383601275e-08, 1.15473504536e-07],
        "var": [3.11749936373e-05, 0.0108603807166, 0.472548305988, 21.4608383179, 3.76040530205, 15.562871933, 40.0470581055, 19.9684410095, 32.6829605103, 71.7136459351, 802.369995117, 7865.46240234, 19783.6386719, 626.173400879, 6679.69824219, 13847.3925781, 23159.7128906, 4996.33935547, 13738.90625, 21385.4121094, 6338.26855469, 6424.64306641, 2807.98803711, 1055.46459961, 3577.2409668, 1060.11157227, 82.1534881592, 24.1684379578, 20.3341751099, 12.8750543594, 2.13982415199, 3.17328166962, 2.82184290886, 0.308006197214, 0.0181449018419, 0.000890203693416, 1.07475216282e-05, 1.97213516628e-08, 1.1672696143e-10, 2.29667465601e-10]
    },
    "gfcc": {
        "mean": [-71.0158233643, 118.240852356, -183.467498779, 39.7958526611, -57.4658813477, 0.526815891266, -24.2811851501, -1.95161771774, -12.7276353836, -14.9206829071, -9.31077003479, -17.7974128723, -10.0264883041],
        "cov": [[5629.94482422, -2490.63696289, -461.521148682, 348.200927734, -788.438171387, 316.623748779, -393.455841064, 255.266204834, -562.516967773, 33.0986976624, -100.906135559, 56.9488983154, -153.507415771], [-2490.63696289, 2108.54589844, 411.540435791, -221.261230469, 497.958770752, -240.857254028, 388.03817749, -317.049346924, 215.934020996, -148.789871216, 108.868980408, -95.7625808716, 12.0093774796], [-461.521148682, 411.540435791, 562.789611816, 146.72857666, 106.319442749, 52.7486801147, -2.59828972816, -4.65675210953, -2.02186203003, -10.1194992065, -47.3371086121, 10.7672624588, -10.2031526566], [348.200927734, -221.261230469, 146.72857666, 459.759735107, 2.0906150341, 23.8426742554, -150.099868774, 2.02323317528, 105.410484314, -15.38230896, -44.3077697754, -13.2860107422, 82.2619400024], [-788.438171387, 497.958770752, 106.319442749, 2.0906150341, 384.138519287, -29.7393569946, -1.17830586433, -48.5114326477, 143.272491455, -22.4367351532, -39.1519012451, -22.2820701599, 25.5458869934], [316.623748779, -240.857254028, 52.7486801147, 23.8426742554, -29.7393569946, 240.423782349, 23.8466873169, 59.8388290405, -39.5055732727, 15.1364707947, -18.4055175781, -0.929885983467, -30.9274253845], [-393.455841064, 388.03817749, -2.59828972816, -150.099868774, -1.17830586433, 23.8466873169, 371.163970947, 9.68729400635, -37.470199585, -13.8933229446, 81.2585220337, -27.7059860229, -80.4998550415], [255.266204834, -317.049346924, -4.65675210953, 2.02323317528, -48.5114326477, 59.8388290405, 9.68729400635, 211.080734253, -3.29151153564, 39.9467201233, -29.9404258728, 2.13027215004, -20.5623130798], [-562.516967773, 215.934020996, -2.02186203003, 105.410484314, 143.272491455, -39.5055732727, -37.470199585, -3.29151153564, 263.323699951, -8.60372161865, -41.7475128174, -29.3665828705, 75.3285980225], [33.0986976624, -148.789871216, -10.1194992065, -15.38230896, -22.4367351532, 15.1364707947, -13.8933229446, 39.9467201233, -8.60372161865, 108.648826599, 7.42361354828, 15.7133264542, -15.9925746918], [-100.906135559, 108.868980408, -47.3371086121, -44.3077697754, -39.1519012451, -18.4055175781, 81.2585220337, -29.9404258728, -41.7475128174, 7.42361354828, 132.623031616, 15.508646965, -34.9582443237], [56.9488983154, -95.7625808716, 10.7672624588, -13.2860107422, -22.2820701599, -0.929885983467, -27.7059860229, 2.13027215004, -29.3665828705, 15.7133264542, 15.508646965, 93.6731643677, 0.851336717606], [-153.507415771, 12.0093774796, -10.2031526566, 82.2619400024, 25.5458869934, -30.9274253845, -80.4998550415, -20.5623130798, 75.3285980225, -15.9925746918, -34.9582443237, 0.851336717606, 124.680259705]],
        "icov": [[0.000601331063081, 9.20724996831e-05, 0.000670994806569, -0.000821257592179, 0.000484981981572, -0.000349267240381, 0.00041051543667, -0.000230298930546, 0.0011355857132, 0.000361483165761, 0.000728820741642, -6.02990912739e-05, 0.000934356998187], [9.20724996831e-05, 0.00690980628133, -0.00632912293077, 0.00464473897591, -0.00407899590209, 0.0044488129206, -0.00516719324514, 0.0062340865843, -0.00455237692222, 0.00401856983081, -0.00523912301287, 0.00458904588595, -0.00273785111494], [0.000670994806569, -0.00632912293077, 0.00911775324494, -0.00647240970284, 0.00349911767989, -0.00482982397079, 0.00484410440549, -0.00593916606158, 0.00644111912698, -0.00332615454681, 0.00679494952783, -0.0050789443776, 0.00430708192289], [-0.000821257592179, 0.00464473897591, -0.00647240970284, 0.00790509581566, -0.00268540275283, 0.00301762646995, -0.00289128464647, 0.00454644113779, -0.00627051992342, 0.00274637015536, -0.00545560661703, 0.00406250217929, -0.00443869223818], [0.000484981981572, -0.00407899590209, 0.00349911767989, -0.00268540275283, 0.00684330286458, -0.00293750618584, 0.00355720869265, -0.003076731693, 0.00129446631763, -0.00177051348146, 0.00439243065193, -0.00257834163494, 0.00294663012028], [-0.000349267240381, 0.0044488129206, -0.00482982397079, 0.00301762646995, -0.00293750618584, 0.00805830582976, -0.00413398491219, 0.00316042243503, -0.00299357553013, 0.00204883958213, -0.00296447332948, 0.00305312406272, -0.00157248228788], [0.00041051543667, -0.00516719324514, 0.00484410440549, -0.00289128464647, 0.00355720869265, -0.00413398491219, 0.00845694635063, -0.00542562454939, 0.00371940294281, -0.0017053715419, 0.00199971743859, -0.00198645587079, 0.00422665802762], [-0.000230298930546, 0.0062340865843, -0.00593916606158, 0.00454644113779, -0.003076731693, 0.00316042243503, -0.00542562454939, 0.0118049131706, -0.0054031778127, 0.00152930151671, -0.00312586105429, 0.00385180604644, -0.00195366935804], [0.0011355857132, -0.00455237692222, 0.00644111912698, -0.00627051992342, 0.00129446631763, -0.00299357553013, 0.00371940294281, -0.0054031778127, 0.0121319182217, -0.00269823847339, 0.00574930664152, -0.00217742961831, 0.000954455928877], [0.000361483165761, 0.00401856983081, -0.00332615454681, 0.00274637015536, -0.00177051348146, 0.00204883958213, -0.0017053715419, 0.00152930151671, -0.00269823847339, 0.0131379691884, -0.00381729588844, 0.00130043993704, 0.000232119346038], [0.000728820741642, -0.00523912301287, 0.00679494952783, -0.00545560661703, 0.00439243065193, -0.00296447332948, 0.00199971743859, -0.00312586105429, 0.00574930664152, -0.00381729588844, 0.0160620119423, -0.00594043079764, 0.00527868699282], [-6.02990912739e-05, 0.00458904588595, -0.0050789443776, 0.00406250217929, -0.00257834163494, 0.00305312406272, -0.00198645587079, 0.00385180604644, -0.00217742961831, 0.00130043993704, -0.00594043079764, 0.0154177285731, -0.00326248281635], [0.000934356998187, -0.00273785111494, 0.00430708192289, -0.00443869223818, 0.00294663012028, -0.00157248228788, 0.00422665802762, -0.00195366935804, 0.000954455928877, 0.000232119346038, 0.00527868699282, -0.00326248281635, 0.0150840524584]]
    },
    "melbands": {
        "dmean": [2.80782023765e-05, 0.000129243839183, 0.000181119699846, 6.00435305387e-05, 7.5030613516e-05, 4.29190295108e-05, 3.66299391317e-05, 4.18875497417e-05, 9.87307721516e-05, 0.000193814281374, 0.000121117271192, 3.01713535009e-05, 5.08032644575e-05, 6.71989109833e-05, 7.49562677811e-05, 7.03622208675e-05, 3.54989351763e-05, 5.43113055755e-05, 5.28932177986e-05, 2.98523136735e-05, 2.3203483579e-05, 2.36485357163e-05, 3.38339632435e-05, 1.52148550114e-05, 8.19156684884e-06, 1.47166283568e-05, 2.08607980312e-05, 7.30896636014e-06, 3.49933065991e-06, 1.93226969714e-06, 1.33720129725e-06, 1.55016061854e-06, 1.12346629066e-06, 7.45320562601e-07, 3.58861484528e-07, 2.71673940233e-07, 2.76327142501e-07, 1.71914678049e-07, 8.34861353383e-08, 4.0214473529e-08],
        "dmean2": [4.84583906655e-05, 0.000209569610888, 0.000240055742324, 9.50926914811e-05, 0.000110544489871, 6.94970003678e-05, 6.13550728303e-05, 6.48210116196e-05, 0.000150856052642, 0.000282186432742, 0.000178127054824, 4.3708470912e-05, 7.56466179155e-05, 9.48171218624e-05, 0.000106485982542, 0.000101741818071, 5.19683926541e-05, 7.78542162152e-05, 7.39921888453e-05, 4.21270488005e-05, 3.38328754879e-05, 3.37736128131e-05, 4.92360668432e-05, 2.34822928178e-05, 1.19804935821e-05, 2.20288438868e-05, 3.1512867281e-05, 1.10750488602e-05, 5.93776803726e-06, 3.13194868795e-06, 2.11953692997e-06, 2.54032306657e-06, 1.72199509052e-06, 1.17398360544e-06, 5.69732094391e-07, 4.36060048514e-07, 4.52183570587e-07, 2.92429689353e-07, 1.23524088735e-07, 6.25825933298e-08],
        "dvar": [2.7136908276e-09, 5.44353646603e-08, 1.3003074173e-07, 1.6127295055e-08, 2.33608119515e-08, 8.0220123877e-09, 7.93354892892e-09, 5.40311040353e-09, 4.39973817379e-08, 1.5710239154e-07, 1.81786830922e-07, 5.29664179183e-09, 2.96043847214e-08, 4.16264569481e-08, 5.00696195616e-08, 3.63402357095e-08, 1.05096340519e-08, 2.65784514397e-08, 1.89097857373e-08, 6.77890277245e-09, 3.69636632414e-09, 2.74442024661e-09, 5.93990634457e-09, 6.41406816548e-10, 2.15615317267e-10, 6.06637517997e-10, 1.13237752508e-09, 1.39992545334e-10, 5.59348435625e-11, 1.20414936702e-11, 4.56572843768e-12, 7.44546091447e-12, 4.54081347176e-12, 2.00407550797e-12, 4.13929605652e-13, 9.32216760383e-13, 1.09037009022e-12, 1.9817585073e-12, 4.81206817015e-13, 1.11068455594e-13],
        "dvar2": [7.05598868223e-09, 1.35409578661e-07, 2.14902684093e-07, 3.79033870956e-08, 4.50604780156e-08, 1.73604117748e-08, 2.02597743026e-08, 1.25844534793e-08, 9.62778727853e-08, 2.98891819739e-07, 4.11829489622e-07, 1.08750137784e-08, 5.82745265376e-08, 7.75035147171e-08, 9.96960167754e-08, 8.10080180713e-08, 2.62506301141e-08, 5.77459786655e-08, 3.51049216363e-08, 1.15258167455e-08, 6.76939038158e-09, 5.51587664432e-09, 1.28252253262e-08, 1.46446132998e-09, 4.4770057106e-10, 1.28600596838e-09, 2.52244425347e-09, 2.91433377431e-10, 1.54063581337e-10, 3.08544231831e-11, 1.02383639761e-11, 1.96689661086e-11, 9.52480802563e-12, 4.91621847398e-12, 9.76175195365e-13, 2.21761454686e-12, 2.46802881951e-12, 5.26296020653e-12, 1.03444271378e-12, 2.16651363191e-13],
        "max": [0.000505893898662, 0.00267104711384, 0.00634768977761, 0.0014369833516, 0.00145527219865, 0.00100580882281, 0.000910446979105, 0.000962784572039, 0.00376460584812, 0.00508615700528, 0.00894954893738, 0.00119019835256, 0.00344804208726, 0.00451962416992, 0.00415586447343, 0.00313154305331, 0.00126895541325, 0.00321322446689, 0.00303642451763, 0.00139231607318, 0.00119516951963, 0.000729393213987, 0.00123549159616, 0.000312416523229, 0.000212543658563, 0.00049529178068, 0.000328615918988, 0.000131244509248, 7.25374993635e-05, 3.09235947498e-05, 3.52941460733e-05, 2.39487562794e-05, 3.29385184159e-05, 2.47299994953e-05, 1.05421231638e-05, 2.7454652809e-05, 2.85358037218e-05, 4.32148808613e-05, 2.26525207836e-05, 1.06794877865e-05],
        "mean": [4.90825768793e-05, 0.000217272187001, 0.000354792398866, 0.000102635392977, 0.000140442512929, 6.30057693343e-05, 4.60765440948e-05, 7.26388825569e-05, 0.000155442859977, 0.000325242930558, 0.000202604438527, 4.5973178203e-05, 8.38933992782e-05, 0.000112964873551, 0.000116796087241, 0.000111652472697, 5.27501797478e-05, 8.2948958152e-05, 8.30381322885e-05, 4.75147498946e-05, 4.07382394769e-05, 4.28154198744e-05, 5.08860721311e-05, 2.60336310021e-05, 1.5547439034e-05, 2.47007228609e-05, 3.03238630295e-05, 1.11881854536e-05, 3.74959472538e-06, 2.30786190514e-06, 1.94601466319e-06, 1.92869424609e-06, 1.56150485964e-06, 1.01327350421e-06, 4.77549008338e-07, 3.23552598047e-07, 3.08513307345e-07, 1.90599550365e-07, 9.3838188775e-08, 4.52233983594e-08],
        "median": [1.62211399584e-05, 0.0001381549082, 0.000105040591734, 3.56158052455e-05, 5.06802607561e-05, 2.95641311823e-05, 2.0181581931e-05, 2.42348251049e-05, 5.49789256183e-05, 7.02093748259e-05, 2.32548154599e-05, 1.31042970679e-05, 1.22089622892e-05, 1.84973105206e-05, 1.76157482201e-05, 1.42017379403e-05, 7.78574485594e-06, 1.63500117196e-05, 1.3640808902e-05, 8.07634023658e-06, 7.87113913248e-06, 1.00396227936e-05, 1.57411868713e-05, 8.82419044501e-06, 5.01960766996e-06, 8.92950356501e-06, 9.79716423899e-06, 5.09604888066e-06, 1.33957939852e-06, 7.80856169058e-07, 7.70058647959e-07, 6.39745678654e-07, 6.8003458864e-07, 4.23653233383e-07, 1.93889263755e-07, 1.10580913315e-07, 9.91675577211e-08, 4.77147423794e-08, 1.9401449336e-08, 7.46087280845e-09],
