{
"highlevel": {
    "danceability": {
        "all": {
            "danceable": 0.999896287918,
            "not_danceable": 0.000103740225313
        },
        "probability": 0.999896287918,
        "value": "danceable"
    },
    "gender": {
        "all": {
            "female": 0.944203317165,
            "male": 0.055796675384
        },
        "probability": 0.944203317165,
        "value": "female"
    },
    "genre_dortmund": {
        "all": {
            "alternative": 0.0467152670026,
            "blues": 0.0304152686149,
            "electronic": 0.291722863913,
            "folkcountry": 0.0862843468785,
            "funksoulrnb": 0.0142149273306,
            "jazz": 0.0684839934111,
            "pop": 0.136013910174,
            "raphiphop": 0.27870413661,
            "rock": 0.047445256263
        },
        "probability": 0.291722863913,
        "value": "electronic"
    },
    "genre_electronic": {
        "all": {
            "ambient": 0.107440255582,
            "dnb": 0.196650847793,
            "house": 0.053082909435,
            "techno": 0.0174845661968,
            "trance": 0.625341415405
        },
        "probability": 0.625341415405,
        "value": "trance"
    },
    "genre_rosamerica": {
        "all": {
            "cla": 0.00152877310757,
            "dan": 0.265257567167,
            "hip": 0.0223292205483,
            "jaz": 0.00131070055068,
            "pop": 0.617712914944,
            "rhy": 0.039613481611,
            "roc": 0.0512445792556,
            "spe": 0.00100274558645
        },
        "probability": 0.617712914944,
        "value": "pop"
    },
    "genre_tzanetakis": {
        "all": {
            "blu": 0.0626613423228,
            "cla": 0.0348169617355,
            "cou": 0.104475811124,
            "dis": 0.0784321576357,
            "hip": 0.15692435205,
            "jaz": 0.313974827528,
            "met": 0.0448166541755,
            "pop": 0.0627359300852,
            "reg": 0.0627360641956,
            "roc": 0.0784258767962
        },
        "probability": 0.313974827528,
        "value": "jaz"
    },
    "ismir04_rhythm": {
        "all": {
            "ChaChaCha": 0.122851267457,
            "Jive": 0.0116030862555,
            "Quickstep": 0.0132820094004,
            "Rumba-American": 0.00729264551774,
            "Rumba-International": 0.11081174016,
            "Rumba-Misc": 0.00745157385245,
            "Samba": 0.706792235374,
            "Tango": 0.00903319660574,
            "VienneseWaltz": 0.00769403669983,
            "Waltz": 0.00318819982931
        },
        "probability": 0.706792235374,
        "value": "Samba"
    },
    "mood_acoustic": {
        "all": {
            "acoustic": 0.00287982146256,
            "not_acoustic": 0.997120201588
        },
        "probability": 0.997120201588,
        "value": "not_acoustic"
    },
    "mood_aggressive": {
        "all": {
            "aggressive": 0.295627504587,
            "not_aggressive": 0.704372525215
        },
        "probability": 0.704372525215,
        "value": "not_aggressive"
    },
    "mood_electronic": {
        "all": {
            "electronic": 0.759945631027,
            "not_electronic": 0.24005433917
        },
        "probability": 0.759945631027,
        "value": "electronic"
    },
    "mood_happy": {
        "all": {
            "happy": 0.348173111677,
            "not_happy": 0.651826858521
        },
        "probability": 0.651826858521,
        "value": "not_happy"
    },
    "mood_party": {
        "all": {
            "not_party": 0.546579301357,
            "party": 0.453420698643
        },
        "probability": 0.546579301357,
        "value": "not_party"
    },
    "mood_relaxed": {
        "all": {
            "not_relaxed": 0.594134569168,
            "relaxed": 0.40586540103
        },
        "probability": 0.594134569168,
        "value": "not_relaxed"
    },
    "mood_sad": {
        "all": {
            "not_sad": 0.803173780441,
            "sad": 0.196826249361
        },
        "probability": 0.803173780441,
        "value": "not_sad"
    },
    "moods_mirex": {
        "all": {
            "Cluster1": 0.192878291011,
            "Cluster2": 0.240835815668,
            "Cluster3": 0.0574244782329,
            "Cluster4": 0.178665518761,
            "Cluster5": 0.330195903778
        },
        "probability": 0.330195903778,
        "value": "Cluster5"
    },
    "timbre": {
        "all": {
            "bright": 0.9784065485,
            "dark": 0.0215934757143
        },
        "probability": 0.9784065485,
        "value": "bright"
    },
    "tonal_atonal": {
        "all": {
            "atonal": 0.957758724689,
            "tonal": 0.0422412753105
        },
        "probability": 0.957758724689,
        "value": "atonal"
    },
    "voice_instrumental": {
        "all": {
            "instrumental": 0.0188469123095,
            "voice": 0.981153070927
        },
        "probability": 0.981153070927,
        "value": "voice"
    }
},
"lowlevel": {
    "average_loudness": 0.97928917408,
    "barkbands_crest": {
        "dmean": 2.89564228058,
        "dmean2": 4.17329120636,
        "dvar": 8.87787914276,
        "dvar2": 17.4064617157,
        "max": 25.7989063263,
        "mean": 13.7619457245,
        "median": 12.4654855728,
        "min": 2.61110639572,
        "var": 32.0084991455
    },
    "barkbands_flatness_db": {
        "dmean": 0.0330639109015,
        "dmean2": 0.0453573651612,
        "dvar": 0.00105879327748,
        "dvar2": 0.00197556451894,
        "max": 0.444306433201,
        "mean": 0.162424609065,
        "median": 0.152003929019,
        "min": 0.0471329279244,
        "var": 0.00373374926858
    },
    "barkbands_kurtosis": {
        "dmean": 6.83350753784,
        "dmean2": 8.93817138672,
        "dvar": 191.918899536,
        "dvar2": 349.607788086,
        "max": 211.280380249,
        "mean": 8.56236076355,
        "median": 2.68574619293,
        "min": -1.65466785431,
        "var": 341.080474854
    },
    "barkbands_skewness": {
        "dmean": 0.846313357353,
        "dmean2": 1.09465563297,
        "dvar": 1.04293942451,
        "dvar2": 1.61778771877,
        "max": 12.7963209152,
        "mean": 2.12146258354,
        "median": 1.61413931847,
        "min": -1.00813043118,
        "var": 3.35394430161
    },
    "barkbands_spread": {
        "dmean": 8.12190723419,
        "dmean2": 12.5827627182,
        "dvar": 81.8596191406,
        "dvar2": 195.193725586,
        "max": 61.5198364258,
        "mean": 22.1278553009,
        "median": 20.9656467438,
        "min": 1.13969445229,
        "var": 158.715057373
    },
    "dissonance": {
        "dmean": 0.0202023908496,
        "dmean2": 0.0333006195724,
        "dvar": 0.000372873502783,
        "dvar2": 0.000957223237492,
        "max": 0.49950248003,
        "mean": 0.458736032248,
        "median": 0.465008586645,
        "min": 0.275667190552,
        "var": 0.000880722829606
    },
    "dynamic_complexity": 1.86600339413,
    "erbbands_crest": {
        "dmean": 3.17527508736,
        "dmean2": 4.97267055511,
        "dvar": 8.2307806015,
        "dvar2": 19.5018138885,
        "max": 29.8651256561,
        "mean": 10.6913566589,
        "median": 9.51854324341,
        "min": 2.25022006035,
        "var": 26.1932640076
    },
    "erbbands_flatness_db": {
        "dmean": 0.0205473359674,
        "dmean2": 0.0295560471714,
        "dvar": 0.000338504440151,
        "dvar2": 0.000657983357087,
        "max": 0.313453108072,
        "mean": 0.148974150419,
        "median": 0.1400411129,
        "min": 0.0581828393042,
        "var": 0.0024125163909
    },
    "erbbands_kurtosis": {
        "dmean": 1.07746601105,
        "dmean2": 1.66157603264,
        "dvar": 2.58885812759,
        "dvar2": 5.2820110321,
        "max": 39.124546051,
        "mean": 0.843049883842,
        "median": 0.0210618972778,
        "min": -1.39560008049,
        "var": 8.4943857193
    },
    "erbbands_skewness": {
        "dmean": 0.387159049511,
        "dmean2": 0.598506271839,
        "dvar": 0.124185010791,
        "dvar2": 0.296813875437,
        "max": 4.50238656998,
        "mean": 0.421263664961,
        "median": 0.350395262241,
        "min": -1.60853087902,
        "var": 0.539934933186
    },
    "erbbands_spread": {
        "dmean": 8.64403343201,
        "dmean2": 12.7104129791,
        "dvar": 62.1002311707,
        "dvar2": 141.719299316,
        "max": 102.236251831,
        "mean": 37.6408729553,
        "median": 37.0736541748,
        "min": 3.85018587112,
        "var": 273.99911499
    },
    "hfc": {
        "dmean": 14.9360351562,
        "dmean2": 24.3623085022,
        "dvar": 427.849182129,
        "dvar2": 1070.89892578,
        "max": 198.008743286,
        "mean": 31.32380867,
        "median": 25.179517746,
        "min": 1.93647217751,
        "var": 548.594665527
    },
    "melbands_crest": {
        "dmean": 3.57175469398,
        "dmean2": 5.37274742126,
        "dvar": 14.8249864578,
        "dvar2": 29.0837593079,
        "max": 35.3625946045,
        "mean": 22.214427948,
        "median": 22.5720176697,
        "min": 3.0564262867,
        "var": 52.5439376831
    },
    "melbands_flatness_db": {
        "dmean": 0.0389273166656,
        "dmean2": 0.0537823103368,
        "dvar": 0.00155320693739,
        "dvar2": 0.00295329466462,
        "max": 0.590418636799,
        "mean": 0.222200706601,
        "median": 0.208497300744,
        "min": 0.0440623015165,
        "var": 0.00530697638169
    },
    "melbands_kurtosis": {
        "dmean": 17.1061782837,
        "dmean2": 22.5092334747,
        "dvar": 1191.27954102,
        "dvar2": 2088.35717773,
        "max": 353.433929443,
        "mean": 25.0651245117,
        "median": 8.4070186615,
        "min": -1.54470789433,
        "var": 2292.53369141
    },
    "melbands_skewness": {
        "dmean": 1.15747916698,
        "dmean2": 1.45327305794,
        "dvar": 2.10432052612,
        "dvar2": 2.96084260941,
        "max": 16.1950283051,
        "mean": 3.33474254608,
        "median": 2.42676687241,
        "min": -0.6360283494,
        "var": 7.86723136902
    },
    "melbands_spread": {
        "dmean": 7.8929605484,
        "dmean2": 12.5577745438,
        "dvar": 91.9152755737,
        "dvar2": 227.98475647,
        "max": 118.667457581,
        "mean": 20.6035919189,
        "median": 18.4416179657,
        "min": 0.70973277092,
        "var": 191.222335815
    },
    "pitch_salience": {
        "dmean": 0.0808283686638,
        "dmean2": 0.11554146558,
        "dvar": 0.00698127411306,
        "dvar2": 0.0145705202594,
        "max": 0.817063093185,
        "mean": 0.420992136002,
        "median": 0.436685502529,
        "min": 0.0645872429013,
        "var": 0.021099710837
    },
    "silence_rate_20dB": {
        "dmean": 0,
        "dmean2": 0,
        "dvar": 0,
        "dvar2": 0,
        "max": 1,
        "mean": 1,
        "median": 1,
        "min": 1,
        "var": 0
    },
    "silence_rate_30dB": {
        "dmean": 0.0851393193007,
        "dmean2": 0.170410528779,
        "dvar": 0.0778899565339,
        "dvar2": 0.142918527126,
        "max": 1,
        "mean": 0.888631105423,
        "median": 1,
        "min": 0,
        "var": 0.0989666506648
    },
    "silence_rate_60dB": {
        "dmean": 0.0030959751457,
        "dmean2": 0.00619674660265,
        "dvar": 0.00308636110276,
        "dvar2": 0.0061584780924,
        "max": 1,
        "mean": 0.00541376648471,
        "median": 0,
        "min": 0,
        "var": 0.00538432830945
    },
    "spectral_centroid": {
        "dmean": 298.178283691,
        "dmean2": 472.965667725,
        "dvar": 104742.203125,
        "dvar2": 260518.796875,
        "max": 3322.31469727,
        "mean": 1417.83227539,
        "median": 1389.64453125,
        "min": 236.986801147,
        "var": 218247.578125
    },
    "spectral_complexity": {
        "dmean": 6.7291021347,
        "dmean2": 10.4260263443,
        "dvar": 59.8940849304,
        "dvar2": 120.517189026,
        "max": 58,
        "mean": 20.9590091705,
        "median": 19,
        "min": 4,
        "var": 105.272171021
    },
    "spectral_decrease": {
        "dmean": 4.17592227464e-09,
        "dmean2": 5.14224973713e-09,
        "dvar": 2.59397355001e-17,
        "dvar2": 3.19083266931e-17,
        "max": -4.79927597663e-10,
        "mean": -1.44669112245e-08,
        "median": -1.22776500078e-08,
        "min": -4.80618354004e-08,
        "var": 8.53714515196e-17
    },
    "spectral_energy": {
        "dmean": 0.0163839068264,
        "dmean2": 0.0202729199082,
        "dvar": 0.000361169571988,
        "dvar2": 0.000444217817858,
        "max": 0.182749569416,
        "mean": 0.0574426539242,
        "median": 0.0490853451192,
        "min": 0.00201120274141,
        "var": 0.00124030956067
    },
    "spectral_energyband_high": {
        "dmean": 0.00111031148117,
        "dmean2": 0.00187627016567,
        "dvar": 3.55582710654e-06,
        "dvar2": 9.38241009862e-06,
        "max": 0.0223812442273,
        "mean": 0.00141751626506,
        "median": 0.000758120499086,
        "min": 2.12638440189e-07,
        "var": 3.35829122378e-06
    },
    "spectral_energyband_low": {
        "dmean": 0.0135811697692,
        "dmean2": 0.0161633510143,
        "dvar": 0.000498865556438,
        "dvar2": 0.000644262239803,
        "max": 0.177541404963,
        "mean": 0.0349471271038,
        "median": 0.0249665733427,
        "min": 4.58600020181e-08,
        "var": 0.00142596650403
    },
    "spectral_energyband_middle_high": {
        "dmean": 0.00432528508827,
        "dmean2": 0.0069198384881,
        "dvar": 3.06256297335e-05,
        "dvar2": 7.30485116947e-05,
        "max": 0.0570924766362,
        "mean": 0.0084986332804,
        "median": 0.00569131458178,
        "min": 0.000342450948665,
        "var": 5.93884797127e-05
    },
    "spectral_energyband_middle_low": {
        "dmean": 0.0046397652477,
        "dmean2": 0.00679811276495,
        "dvar": 2.91170763376e-05,
        "dvar2": 6.77741627442e-05,
        "max": 0.0679432228208,
        "mean": 0.0134168183431,
        "median": 0.0108691416681,
        "min": 0.000689364329446,
        "var": 0.000106837098429
    },
    "spectral_entropy": {
        "dmean": 0.201774477959,
        "dmean2": 0.292901575565,
        "dvar": 0.0384726785123,
        "dvar2": 0.0850584283471,
        "max": 8.61930370331,
        "mean": 7.69269990921,
        "median": 7.72332143784,
        "min": 5.70898199081,
        "var": 0.147709414363
    },
    "spectral_flux": {
        "dmean": 0.0358647927642,
        "dmean2": 0.0551338456571,
        "dvar": 0.00167331343982,
        "dvar2": 0.00318844267167,
        "max": 0.343976169825,
        "mean": 0.10533234477,
        "median": 0.0926602855325,
        "min": 0.0167678520083,
        "var": 0.00305217015557
    },
    "spectral_kurtosis": {
        "dmean": 1.33462142944,
        "dmean2": 2.20328235626,
        "dvar": 5.42588615417,
        "dvar2": 11.6127901077,
        "max": 71.8463973999,
        "mean": 3.98498153687,
        "median": 3.16857242584,
        "min": -0.305267095566,
        "var": 20.76603508
    },
    "spectral_rms": {
        "dmean": 0.00101116450969,
        "dmean2": 0.00124979868997,
        "dvar": 9.86456257124e-07,
        "dvar2": 1.33105550049e-06,
        "max": 0.0133526129648,
        "mean": 0.00716058351099,
        "median": 0.00692012580112,
        "min": 0.00140076735988,
        "var": 4.76748846268e-06
    },
    "spectral_rolloff": {
        "dmean": 540.947692871,
        "dmean2": 964.17565918,
        "dvar": 779131.1875,
        "dvar2": 1977926.375,
        "max": 9259.27734375,
        "mean": 1058.89318848,
        "median": 818.26171875,
        "min": 64.599609375,
        "var": 1075108.875
    },
    "spectral_skewness": {
        "dmean": 0.213607355952,
        "dmean2": 0.341798335314,
        "dvar": 0.0499099977314,
        "dvar2": 0.118097558618,
        "max": 5.88278579712,
        "mean": 1.53816092014,
        "median": 1.44221353531,
        "min": 0.671408057213,
        "var": 0.246631801128
    },
    "spectral_spread": {
        "dmean": 704464.8125,
        "dmean2": 1087590.625,
        "dvar": 561990139904,
        "dvar2": 1.23904406323e+12,
        "max": 11361722,
        "mean": 5041120,
        "median": 5062717,
        "min": 1069418.5,
        "var": 1.48389743821e+12
    },
    "spectral_strongpeak": {
        "dmean": 0.456437915564,
        "dmean2": 0.765980780125,
        "dvar": 1.05749583244,
        "dvar2": 2.55980587006,
        "max": 9.88280010223,
        "mean": 0.916933298111,
        "median": 0.4142113626,
        "min": 0,
        "var": 1.82156610489
    },
    "zerocrossingrate": {
        "dmean": 0.0118453558534,
        "dmean2": 0.0144661357626,
        "dvar": 0.000129367603222,
        "dvar2": 0.000184577700566,
        "max": 0.20458984375,
        "mean": 0.0507087446749,
        "median": 0.048828125,
        "min": 0.00244140625,
        "var": 0.000737209687941
    },
    "barkbands": {
        "dmean": [0.00138508854434, 0.0127328997478, 0.00111346272752, 0.000693060981575, 0.000686251500156, 0.00179369386751, 0.00133682612795, 0.000494579726364, 0.00158292439301, 0.00144277664367, 0.00116539164446, 0.000409350410337, 0.000418351701228, 0.000419842835981, 0.000919079699088, 0.000494061794598, 0.000765269272961, 0.000236679596128, 0.000188156540389, 0.000241517001996, 0.000216121945414, 0.000269588024821, 0.000149504383444, 0.000145801823237, 0.000173736349097, 0.000121789555124, 2.35989631392e-07],
        "dmean2": [0.00219168979675, 0.0152800697833, 0.00197913800366, 0.00109872047324, 0.00104895001277, 0.00264775473624, 0.00206654472277, 0.000748569262214, 0.00239253533073, 0.00222923536785, 0.00181196886115, 0.000653934723232, 0.000675272953231, 0.00069957919186, 0.00150909204967, 0.00083745829761, 0.00131841481198, 0.000392333749915, 0.000314238801366, 0.000419522781158, 0.000372194102965, 0.000465366843855, 0.000245793984504, 0.000247615593253, 0.000293344724923, 0.000204768060939, 4.03882125966e-07],
        "dvar": [4.11406290368e-06, 0.000464588782052, 1.16646506285e-05, 2.5531448955e-06, 1.85412920928e-06, 6.57012697047e-06, 6.67624590278e-06, 1.81136601896e-06, 9.41340294958e-06, 6.56259408061e-06, 6.15367434875e-06, 8.49886703236e-07, 9.64298692452e-07, 7.55235816996e-07, 3.21793186231e-06, 7.86601390246e-07, 3.07055324811e-06, 1.49379346226e-07, 8.68564740131e-08, 2.92480393682e-07, 1.49517433101e-07, 3.65225645282e-07, 4.99399313014e-08, 6.09615184999e-08, 7.58515810162e-08, 5.01308541345e-08, 3.53122181019e-13],
        "dvar2": [1.03963784568e-05, 0.000618589809164, 3.23769345414e-05, 6.25659049547e-06, 4.96855636811e-06, 1.39006078825e-05, 1.48470562635e-05, 2.95813470075e-06, 2.06106506084e-05, 1.3591451534e-05, 1.37199613164e-05, 1.95460893337e-06, 2.56051566794e-06, 1.57908516485e-06, 8.43727775646e-06, 2.0765824047e-06, 8.92775369721e-06, 3.83972093232e-07, 2.10386858157e-07, 8.1977981381e-07, 4.00708898951e-07, 1.01469311176e-06, 1.2027352625e-07, 1.60156929496e-07, 1.9698317999e-07, 1.29161151108e-07, 9.46573873971e-13],
        "max": [0.0234127640724, 0.166199713945, 0.0367405042052, 0.0192642789334, 0.0220325496048, 0.0347742363811, 0.0376525074244, 0.0490758009255, 0.0648268312216, 0.0395334139466, 0.0412576347589, 0.0174898598343, 0.0202325023711, 0.0164890047163, 0.022834982723, 0.00843377504498, 0.014930350706, 0.00450523430482, 0.00250478950329, 0.00840736459941, 0.00494556454942, 0.0082408003509, 0.00224555446766, 0.00249958410859, 0.00183797790669, 0.00165476906113, 6.19729962636e-06],
        "mean": [0.00364510435611, 0.0301405787468, 0.00087679666467, 0.00087008922128, 0.00143969163764, 0.00413359841332, 0.00217705243267, 0.000824376591481, 0.00278706755489, 0.00206656381488, 0.00178047607187, 0.000576508929953, 0.000631588802207, 0.000533997372258, 0.00143473118078, 0.000563317793421, 0.000854549347423, 0.000314310047543, 0.000257452426013, 0.00027825080906, 0.000261849985691, 0.000302229105728, 0.000207397242775, 0.00016817933647, 0.00019689569308, 0.000119731499581, 1.89689217223e-07],
        "median": [0.0027914098464, 0.0197498574853, 0.000204243755434, 0.000301470572595, 0.00100248050876, 0.00244481535628, 0.000928598921746, 0.000141712400364, 0.000720055715647, 0.00061278702924, 0.000653426803183, 0.000214419414988, 0.000227054770221, 0.000182140240213, 0.000457155460026, 0.000276025035419, 0.000262681889581, 0.000187210956938, 0.000148561579408, 0.000128525090986, 0.000142198245157, 0.000135932612466, 0.000113523987238, 9.43385748542e-05, 9.19997619349e-05, 3.65168671124e-05, 1.29472450539e-08],
        "min": [1.37521688481e-10, 1.24716592609e-08, 1.72306724444e-09, 4.23901491686e-09, 3.21347243926e-07, 3.9535738324e-05, 2.53699681707e-06, 7.42844179058e-07, 1.61898458373e-06, 6.39815198156e-06, 9.97317692963e-06, 3.82868120141e-06, 3.19734385812e-06, 3.86035253541e-06, 1.51453023136e-05, 5.45535112906e-06, 2.01128750632e-06, 4.98604151744e-07, 2.99145199278e-07, 1.34717723199e-07, 3.01163360916e-08, 1.0277135587e-08, 1.10308153722e-08, 4.77966066725e-09, 7.56542398173e-11, 1.24968932771e-11, 7.26169471776e-12],
        "var": [9.7904157883e-06, 0.00124733010307, 7.35448566047e-06, 2.32661204791e-06, 2.47056550506e-06, 2.12086397369e-05, 1.40654774441e-05, 1.11040781121e-05, 2.92145541607e-05, 1.46852253238e-05, 1.4007037862e-05, 1.77732056272e-06, 1.76487935732e-06, 1.3916626358e-06, 7.44493945604e-06, 7.14807640634e-07, 2.93019024866e-06, 1.61400521392e-07, 1.03737363588e-07, 2.40208692048e-07, 1.30094804263e-07, 2.93828747999e-07, 7.62420171441e-08, 5.47377219107e-08, 7.8757061317e-08, 4.54042954345e-08, 2.74107207201e-13]
    },
    "erbbands": {
        "dmean": [0.639489412308, 1.90481674671, 1.58330512047, 1.67059981823, 2.04882574081, 2.74381232262, 5.21246528625, 19.3951644897, 18.1113166809, 16.5699558258, 12.4685325623, 39.9237442017, 45.9374732971, 51.7097473145, 26.4110774994, 16.4819087982, 18.5025882721, 19.705072403, 44.2427177429, 34.3346252441, 27.6495857239, 35.5011138916, 14.9530086517, 11.030175209, 8.99989891052, 11.1228399277, 10.6326417923, 7.84637641907, 9.68519210815, 6.95057010651, 4.24366235733, 3.47318410873, 2.30432057381, 1.84493255615, 1.3478718996, 0.69765740633, 0.193925157189, 0.0141243301332, 0.00029714097036, 3.11233343382e-05],
        "dmean2": [0.804056465626, 2.5353705883, 2.75814580917, 2.64422678947, 3.28248262405, 4.13910388947, 7.9267706871, 28.4231433868, 27.1795005798, 25.56224823, 19.0581111908, 58.3862800598, 68.5256347656, 81.0294342041, 42.2656478882, 25.8240032196, 30.043970108, 32.9843597412, 70.7649383545, 57.4531059265, 45.2184066772, 62.4058685303, 25.0987281799, 18.2820568085, 15.2576885223, 19.1700839996, 18.6147899628, 13.2796707153, 16.7182998657, 11.7550420761, 6.99252939224, 5.84913396835, 3.97481203079, 3.11656332016, 2.3193295002, 1.19472253323, 0.323884308338, 0.0240854136646, 0.000496738299262, 4.48369173682e-05],
        "dvar": [1.21963500977, 12.9666805267, 20.9895515442, 16.6226634979, 25.0195865631, 25.9653072357, 88.2053070068, 791.544921875, 1235.47924805, 1282.47265625, 1320.21716309, 6143.81640625, 7740.8125, 10432.5712891, 3267.67675781, 1570.24658203, 1811.15710449, 1356.74047852, 7940.30712891, 4634.37597656, 1952.11120605, 7617.62402344, 621.349243164, 339.421905518, 225.162322998, 539.248046875, 495.540924072, 198.44303894, 609.230041504, 138.320144653, 42.9198303223, 31.8758983612, 19.1948280334, 9.99312019348, 5.14461278915, 1.61464178562, 0.134224832058, 0.000798630353529, 3.15384482974e-07, 1.49162693308e-09],
        "dvar2": [2.0425055027, 18.939704895, 59.2621650696, 39.735042572, 69.286567688, 64.6437911987, 214.079467773, 1614.65197754, 2742.91577148, 2928.89160156, 2134.59082031, 12360.4130859, 15302.3251953, 23186.9921875, 7778.33544922, 3348.22998047, 4805.71386719, 3439.71728516, 20053.5058594, 12327.2460938, 4593.12646484, 21579.8789062, 1600.4440918, 841.490539551, 596.79901123, 1501.46850586, 1354.45629883, 534.580383301, 1709.24377441, 369.263366699, 104.897232056, 83.749168396, 51.095867157, 24.7161407471, 13.3517923355, 4.18651390076, 0.339365124702, 0.00212231860496, 8.16012686755e-07, 3.25261328982e-09],
        "max": [8.18354034424, 24.9352970123, 46.2043800354, 46.5007858276, 88.2769622803, 80.1660995483, 174.101623535, 388.665252686, 659.397033691, 621.58203125, 1349.66564941, 1452.29675293, 1626.45727539, 1772.42370605, 1115.57165527, 888.587646484, 866.41796875, 386.072967529, 1473.69616699, 638.349853516, 485.085144043, 825.752624512, 276.596710205, 178.157012939, 139.827377319, 330.790679932, 313.579803467, 178.630752563, 354.32723999, 122.188949585, 70.0864257812, 51.4833450317, 56.203289032, 32.3921432495, 17.8342723846, 9.44617938995, 2.89296603203, 0.203527882695, 0.00366627238691, 0.000317446421832],
        "mean": [1.55710780621, 3.99586343765, 1.58612143993, 2.06454610825, 3.46571993828, 5.73085165024, 10.8671388626, 43.8987197876, 32.4976997375, 25.1574668884, 22.8492145538, 71.7876434326, 78.8784713745, 79.1959915161, 40.858707428, 25.9879703522, 29.1464920044, 30.3780975342, 75.8905258179, 43.0775108337, 41.179725647, 39.7701339722, 19.4703769684, 15.0699996948, 11.6622457504, 12.6513767242, 12.2252635956, 9.78789329529, 11.1984043121, 7.68205356598, 5.89926624298, 4.4064822197, 2.45934700966, 2.07280564308, 1.46026730537, 0.694595098495, 0.190462559462, 0.0121712628752, 0.000307950482238, 8.46184193506e-05],
        "median": [1.1563719511, 2.01745176315, 0.594407021999, 0.68349146843, 2.08141469955, 3.05807638168, 7.10183525085, 23.6048603058, 15.904129982, 10.6969900131, 6.48061752319, 19.4428939819, 25.9809188843, 30.7311878204, 17.5111427307, 11.4092540741, 11.9198894501, 13.1227378845, 20.3444385529, 19.3594741821, 20.7957992554, 14.4362888336, 11.0476284027, 8.3824338913, 6.59535455704, 5.84604597092, 5.83553981781, 5.26040649414, 5.20911550522, 3.80481672287, 3.1591129303, 2.52688074112, 1.25351297855, 0.966146528721, 0.543055176735, 0.234588727355, 0.0550882890821, 0.00300195114687, 0.000115660412121, 6.741748075e-05],
        "min": [1.4623037714e-06, 3.70645670955e-06, 7.77537752583e-06, 4.3174426537e-05, 0.000338232843205, 0.00420033559203, 0.132428407669, 0.501120448112, 0.300399184227, 0.139938637614, 0.136489614844, 0.133715748787, 0.363312035799, 0.40551841259, 0.785443902016, 0.365828633308, 0.353395283222, 0.43636777997, 0.775204896927, 0.492356956005, 0.304682940245, 0.10093139112, 0.0540879666805, 0.0256900098175, 0.00950407329947, 0.00720764603466, 0.00354253407568, 0.000688302272465, 0.000382778875064, 0.000422522018198, 0.00031516191666, 8.16359606688e-05, 0.000144230682054, 6.70171430102e-05, 2.76707451121e-05, 9.93248977466e-06, 3.97188478019e-06, 7.79277456786e-07, 1.22934432056e-06, 2.47410548582e-06],
        "var": [2.7780547142, 31.3147392273, 14.2988615036, 15.1871099472, 22.7618236542, 49.6198959351, 203.506530762, 2680.78759766, 2657.69067383, 2048.41333008, 8289.88671875, 20797.7441406, 20873.8378906, 24927.9140625, 4777.03662109, 3808.72509766, 3184.7734375, 2257.81079102, 28007.5078125, 4701.40527344, 3321.81054688, 6287.56396484, 646.915100098, 395.936584473, 218.761260986, 459.436035156, 420.996368408, 179.311416626, 477.045837402, 123.288139343, 64.6453781128, 34.281955719, 15.629483223, 11.1438236237, 5.17245054245, 1.44596016407, 0.125591769814, 0.000636830518488, 2.74901793773e-07, 2.96248581222e-09]
    },
    "gfcc": {
        "mean": [37.2881088257, 77.1558303833, -116.406005859, 28.8338947296, -60.6917610168, 23.2687034607, -37.7673149109, 18.20819664, -15.0839557648, 12.6058988571, -12.6527233124, 14.356423378, 2.85597252846],
        "cov": [[2732.82641602, -745.222839355, 449.076385498, 341.272155762, 119.677978516, 375.244873047, 132.354782104, 395.239318848, -74.4839172363, 228.170059204, -142.78024292, 225.873626709, -104.076911926], [-745.222839355, 1148.35998535, 103.255348206, 275.083404541, 271.990203857, -28.7677593231, 180.915618896, -53.2510643005, 252.326507568, -105.857200623, 228.004058838, -84.5911102295, 129.055786133], [449.076385498, 103.255348206, 775.933959961, 460.028381348, 401.823883057, 259.783538818, 225.999008179, 266.949035645, 138.645858765, 113.027160645, 63.0658912659, 187.848434448, -13.0560131073], [341.272155762, 275.083404541, 460.028381348, 784.772216797, 416.357147217, 172.942718506, 260.134033203, 200.546829224, 303.239257812, 75.7765579224, 163.915466309, 162.735458374, 38.8122787476], [119.677978516, 271.990203857, 401.823883057, 416.357147217, 463.855407715, 197.964981079, 219.413970947, 153.480484009, 200.564682007, 93.0813217163, 102.228530884, 116.645271301, 10.5907993317], [375.244873047, -28.7677593231, 259.783538818, 172.942718506, 197.964981079, 293.205108643, 137.72694397, 130.85017395, 55.1713485718, 100.920959473, 49.2546463013, 55.7987060547, 22.2440071106], [132.354782104, 180.915618896, 225.999008179, 260.134033203, 219.413970947, 137.72694397, 233.781082153, 134.467559814, 133.250366211, 57.0069732666, 83.1120681763, 84.9829406738, 29.4498748779], [395.239318848, -53.2510643005, 266.949035645, 200.546829224, 153.480484009, 130.85017395, 134.467559814, 251.046142578, 91.8631210327, 98.2217636108, 52.4328613281, 115.911766052, 11.2330150604], [-74.4839172363, 252.326507568, 138.645858765, 303.239257812, 200.564682007, 55.1713485718, 133.250366211, 91.8631210327, 268.321655273, 60.1480331421, 124.132423401, 68.8231277466, 36.6313285828], [228.170059204, -105.857200623, 113.027160645, 75.7765579224, 93.0813217163, 100.920959473, 57.0069732666, 98.2217636108, 60.1480331421, 178.465698242, 53.6437950134, 36.8740997314, 8.96558380127], [-142.78024292, 228.004058838, 63.0658912659, 163.915466309, 102.228530884, 49.2546463013, 83.1120681763, 52.4328613281, 124.132423401, 53.6437950134, 177.587997437, 29.1795272827, 42.2478981018], [225.873626709, -84.5911102295, 187.848434448, 162.735458374, 116.645271301, 55.7987060547, 84.9829406738, 115.911766052, 68.8231277466, 36.8740997314, 29.1795272827, 195.226242065, -18.705827713], [-104.076911926, 129.055786133, -13.0560131073, 38.8122787476, 10.5907993317, 22.2440071106, 29.4498748779, 11.2330150604, 36.6313285828, 8.96558380127, 42.2478981018, -18.705827713, 108.596794128]],
        "icov": [[0.000884862616658, -0.000244012626354, 0.00038193364162, -0.000961160520092, 0.000808134383988, -0.00111573236063, 0.000309941562591, -0.00115943176206, 0.00081147038145, -0.000998784089461, 0.0014324595686, -0.000534211751074, 0.000872496166267], [-0.000244012626354, 0.00365393841639, -0.00122917408589, 0.00140090286732, -0.00249073468149, 0.00222851219587, -0.00211214926094, 0.00161354232114, -0.00193914538249, 0.00388668454252, -0.00411587581038, 0.00301072746515, -0.00257927109487], [0.00038193364162, -0.00122917408589, 0.00414262153208, -0.00178761803545, -0.000748937600292, -0.0020200079307, 0.00103467144072, -0.00274839904159, 0.00207031471655, -0.00144271552563, 0.00229048822075, -0.00190525769722, 0.00165571749676], [-0.000961160520092, 0.00140090286732, -0.00178761803545, 0.00508155673742, -0.00270958873443, 0.00196464918554, -0.00156887655612, 0.00156812521163, -0.00364241935313, 0.00312151270919, -0.00342806009576, 0.00102679035626, -0.00201051915064], [0.000808134383988, -0.00249073468149, -0.000748937600292, -0.00270958873443, 0.00913070887327, -0.00373723777011, -0.000808434502687, -0.000303062057355, -0.000300050858641, -0.00384731264785, 0.00383914960548, -0.00231901975349, 0.00326428376138], [-0.00111573236063, 0.00222851219587, -0.0020200079307, 0.00196464918554, -0.00373723777011, 0.00925209373236, -0.0034923972562, 0.00138699810486, -0.000140063479193, 0.00105397973675, -0.00394656090066, 0.00296377111226, -0.00338359968737], [0.000309941562591, -0.00211214926094, 0.00103467144072, -0.00156887655612, -0.000808434502687, -0.0034923972562, 0.0119246840477, -0.00365972542204, 6.03179723839e-05, -0.00102559232619, 0.00154615822248, -0.00251281796955, 0.00046114253928], [-0.00115943176206, 0.00161354232114, -0.00274839904159, 0.00156812521163, -0.000303062057355, 0.00138699810486, -0.00365972542204, 0.0113201439381, -0.00236068083905, -0.000205356991501, -0.00283435010351, -0.00091940438142, -0.00259504141286], [0.00081147038145, -0.00193914538249, 0.00207031471655, -0.00364241935313, -0.000300050858641, -0.000140063479193, 6.03179723839e-05, -0.00236068083905, 0.0110501628369, -0.00380824320018, 0.000196653185412, -0.00224602059461, 0.00104227371048], [-0.000998784089461, 0.00388668454252, -0.00144271552563, 0.00312151270919, -0.00384731264785, 0.00105397973675, -0.00102559232619, -0.000205356991501, -0.00380824320018, 0.0133810536936, -0.00702477432787, 0.00378448446281, -0.00284189777449], [0.0014324595686, -0.00411587581038, 0.00229048822075, -0.00342806009576, 0.00383914960548, -0.00394656090066, 0.00154615822248, -0.00283435010351, 0.000196653185412, -0.00702477432787, 0.0155878709629, -0.00383721478283, 0.00186096911784], [-0.000534211751074, 0.00301072746515, -0.00190525769722, 0.00102679035626, -0.00231901975349, 0.00296377111226, -0.00251281796955, -0.00091940438142, -0.00224602059461, 0.00378448446281, -0.00383721478283, 0.0108038736507, -0.00049135700101], [0.000872496166267, -0.00257927109487, 0.00165571749676, -0.00201051915064, 0.00326428376138, -0.00338359968737, 0.00046114253928, -0.00259504141286, 0.00104227371048, -0.00284189777449, 0.00186096911784, -0.00049135700101, 0.0136198829859]]
    },
    "melbands": {
        "dmean": [0.00441145757213, 0.00123319227714, 0.000313194323098, 0.000162047581398, 0.000165439007105, 0.000407618499594, 0.000286814378342, 0.000162506563356, 0.000109954795334, 0.000268074509222, 0.000229202065384, 0.000204442840186, 0.000108579719381, 5.32795856998e-05, 3.1937546737e-05, 5.013541886e-05, 3.77401593141e-05, 7.01157696312e-05, 5.72312783333e-05, 3.94566231989e-05, 3.59341538569e-05, 4.36748923676e-05, 2.09205281863e-05, 9.27423843677e-06, 9.56553230935e-06, 6.29194482826e-06, 7.10183621777e-06, 7.87558565207e-06, 6.88536601956e-06, 6.04746310273e-06, 4.38868073616e-06, 5.59699310543e-06, 5.47357922187e-06, 3.23281710735e-06, 2.42792248173e-06, 2.67046470981e-06, 1.99174610316e-06, 1.67546284047e-06, 1.51199105858e-06, 1.64634059274e-06],
        "dmean2": [0.00538043025881, 0.0018622915959, 0.000500028894749, 0.000250621669693, 0.00025109006674, 0.000600368075538, 0.000427742081229, 0.000250106182648, 0.000171912994119, 0.000393256574171, 0.000344032916473, 0.000321601342876, 0.000173855674802, 8.38534906507e-05, 5.15403335157e-05, 8.07496035122e-05, 6.40739235678e-05, 0.000110105611384, 9.58394157351e-05, 6.70091394568e-05, 5.70818920096e-05, 7.60245748097e-05, 3.62864484487e-05, 1.55463440024e-05, 1.58152688527e-05, 1.05378003354e-05, 1.22847250168e-05, 1.35064565256e-05, 1.19615751828e-05, 1.06742536445e-05, 7.43672262615e-06, 9.60365377978e-06, 9.42660062719e-06, 5.45671946384e-06, 4.03232616009e-06, 4.38577944806e-06, 3.39899952451e-06, 2.87938610199e-06, 2.63079982687e-06, 2.77738081422e-06],
        "dvar": [5.61495762668e-05, 6.96847837389e-06, 5.59913985398e-07, 1.08004407195e-07, 8.69310241569e-08, 3.47986258475e-07, 2.65808154154e-07, 1.11360243693e-07, 1.18079768185e-07, 2.56042170577e-07, 1.94321998492e-07, 1.56428711762e-07, 5.01333694558e-08, 1.38974565189e-08, 6.653195328e-09, 1.52604986425e-08, 5.74735148362e-09, 2.01404830591e-08, 1.39197124938e-08, 6.63631549713e-09, 3.71292019352e-09, 1.13707727678e-08, 1.85690574028e-09, 2.16376250251e-10, 2.64692212593e-10, 9.12911135575e-11, 2.04814512572e-10, 2.64636507152e-10, 2.64566923924e-10, 1.30624330796e-10, 6.92018733983e-11, 2.05979955314e-10, 1.32084787552e-10, 2.61461113177e-11, 1.47924276994e-11, 1.87060245765e-11, 1.12872541175e-11, 1.00849892673e-11, 7.10701462958e-12, 8.60351807158e-12],
        "dvar2": [8.21491048555e-05, 1.60760864674e-05, 1.38546886319e-06, 2.99112514313e-07, 2.14076436578e-07, 7.18148726264e-07, 5.92605090333e-07, 2.53389288218e-07, 2.32625765761e-07, 5.12688188792e-07, 3.86835665722e-07, 3.49932946619e-07, 1.17190673166e-07, 3.19678186145e-08, 1.69811293915e-08, 4.02383193432e-08, 1.46440664039e-08, 4.87454343556e-08, 3.8081736875e-08, 1.8111517619e-08, 8.13985590042e-09, 3.25574625037e-08, 5.00841901285e-09, 5.43550704446e-10, 6.65195676319e-10, 2.3012912409e-10, 5.69744640355e-10, 7.3219591501e-10, 7.33002825104e-10, 3.57387147654e-10, 1.8814669267e-10, 5.7474952575e-10, 3.67509883636e-10, 6.80881323545e-11, 3.60860577531e-11, 4.64224249319e-11, 3.02127767249e-11, 2.68041439738e-11, 1.8874178262e-11, 2.08351339653e-11],
        "max": [0.0570101104677, 0.0229683890939, 0.00929373968393, 0.00554130040109, 0.00460811378434, 0.00810258090496, 0.00907625537366, 0.00545720104128, 0.0103894323111, 0.00879060290754, 0.00799954216927, 0.00656555825844, 0.00312808621675, 0.00199798215181, 0.00143758533522, 0.00256542861462, 0.000826751696877, 0.00252314819954, 0.00156919681467, 0.000781066366471, 0.000798113236669, 0.00107002130244, 0.000529251759872, 0.000144942605402, 0.000160852927365, 6.84012775309e-05, 0.000213559731492, 0.000207912380574, 0.00025645349524, 0.00010768037464, 0.00010107277194, 0.000205028729397, 0.000146436243085, 4.06955841754e-05, 4.77923822473e-05, 4.60168303107e-05, 3.57234675903e-05, 3.94823982788e-05, 2.57543797488e-05, 3.42247840308e-05],
        "mean": [0.0106857093051, 0.00214944058098, 0.000395208306145, 0.000328304333379, 0.00036016406375, 0.000922278966755, 0.000510163954459, 0.000245161412749, 0.000174571410753, 0.000487616664032, 0.000372978218365, 0.000299100822303, 0.000164918950759, 8.01351561677e-05, 4.63180003862e-05, 7.33314809622e-05, 4.91633218189e-05, 0.000118210045912, 7.78233006713e-05, 4.37452545157e-05, 5.37005871593e-05, 4.89021404064e-05, 2.28429234994e-05, 1.22918709167e-05, 1.2457642697e-05, 8.2224551079e-06, 8.25977986096e-06, 8.57810755406e-06, 7.81194285082e-06, 6.61277272229e-06, 5.39156235391e-06, 6.47365777695e-06, 5.60316857445e-06, 3.64110724149e-06, 3.24516145156e-06, 3.57080784852e-06, 2.31181957133e-06, 1.7146863911e-06, 1.56116618655e-06, 1.81006021194e-06],
        "median": [0.00758779002354, 0.00104118813761, 0.000169125327375, 0.000206661468837, 0.00024185620714, 0.000521284644492, 0.000245134840952, 9.86439554254e-05, 4.03013254981e-05, 0.000127005565446, 0.000110441607831, 0.000103071623016, 6.54053001199e-05, 3.38176214427e-05, 1.77484944288e-05, 2.64857226284e-05, 1.72834133991e-05, 2.773119013e-05, 3.23692547681e-05, 1.84473683476e-05, 2.19108624151e-05, 1.5194329535e-05, 1.10401233542e-05, 7.27164160708e-06, 6.59820534565e-06, 4.73031377624e-06, 4.34182356912e-06, 3.67041320715e-06, 3.5621767438e-06, 3.33613320436e-06, 2.91310584544e-06, 2.97239284919e-06, 2.50766288445e-06, 1.86328156815e-06, 1.72915031271e-06, 1.74159629296e-06, 1.31589558805e-06, 8.27828841921e-07, 7.13025315235e-07, 7.70107476455e-07],
        "min": [3.65081165299e-09, 4.11793044108e-09, 2.49925768969e-09, 2.3187265441e-08, 6.11400025718e-07, 3.27682528223e-06, 4.14929672843e-06, 6.79044205754e-07, 4.82009681946e-07, 2.95950485452e-07, 2.70975448302e-07, 9.21051537262e-07, 1.78230118308e-06, 4.07429155302e-07, 5.50876620764e-07, 1.01295756849e-06, 6.61869592022e-07, 8.21555659059e-07, 1.00794022728e-06, 3.76961907023e-07, 1.97199071295e-07, 8.15984648739e-08, 7.79178250809e-08, 1.48345726814e-08, 1.80338979305e-08, 7.67174945793e-09, 4.26577040358e-09, 4.09178602112e-09, 2.76218781181e-09, 1.13498821452e-09, 9.53899043088e-11, 1.78155656894e-10, 1.95618021781e-10, 2.38794956031e-10, 2.05143527165e-10, 5.53887179178e-11, 1.73841288587e-11, 1.01626725698e-12, 8.32607474719e-13, 7.01277035574e-13],
