{
"highlevel": {
    "danceability": {
        "all": {
            "danceable": 0.0383358225226,
            "not_danceable": 0.961664199829
        },
        "probability": 0.961664199829,
        "value": "not_danceable"
    },
    "gender": {
        "all": {
            "female": 0.0513944216073,
            "male": 0.948605597019
        },
        "probability": 0.948605597019,
        "value": "male"
    },
    "genre_dortmund": {
        "all": {
            "alternative": 0.125931382179,
            "blues": 0.0131747499108,
            "electronic": 0.0095318518579,
            "folkcountry": 0.0196458864957,
            "funksoulrnb": 0.0042157038115,
            "jazz": 0.000981222954579,
            "pop": 0.0206196326762,
            "raphiphop": 0.000520855304785,
            "rock": 0.805378735065
        },
        "probability": 0.805378735065,
        "value": "rock"
    },
    "genre_electronic": {
        "all": {
            "ambient": 0.252212017775,
            "dnb": 0.105321362615,
            "house": 0.0343423113227,
            "techno": 0.019084431231,
            "trance": 0.589039862156
        },
        "probability": 0.589039862156,
        "value": "trance"
    },
    "genre_rosamerica": {
        "all": {
            "cla": 0.000230785517488,
            "dan": 0.00398202100769,
            "hip": 0.000451234052889,
            "jaz": 0.000775398744736,
            "pop": 0.00508483592421,
            "rhy": 0.00139760493767,
            "roc": 0.988039374352,
            "spe": 3.87624459108e-05
        },
        "probability": 0.988039374352,
        "value": "roc"
    },
    "genre_tzanetakis": {
        "all": {
            "blu": 0.0626613423228,
            "cla": 0.0348169617355,
            "cou": 0.104475811124,
            "dis": 0.0784321576357,
            "hip": 0.15692435205,
            "jaz": 0.313974827528,
            "met": 0.0448166541755,
            "pop": 0.0627359300852,
            "reg": 0.0627360641956,
            "roc": 0.0784258767962
        },
        "probability": 0.313974827528,
        "value": "jaz"
    },
    "ismir04_rhythm": {
        "all": {
            "ChaChaCha": 0.149893447757,
            "Jive": 0.374308019876,
            "Quickstep": 0.0191356632859,
            "Rumba-American": 0.0101952031255,
            "Rumba-International": 0.0214765947312,
            "Rumba-Misc": 0.00399626186118,
            "Samba": 0.0395908281207,
            "Tango": 0.0138323409483,
            "VienneseWaltz": 0.360122561455,
            "Waltz": 0.00744908023626
        },
        "probability": 0.374308019876,
        "value": "Jive"
    },
    "mood_acoustic": {
        "all": {
            "acoustic": 0.0074742785655,
            "not_acoustic": 0.992525696754
        },
        "probability": 0.992525696754,
        "value": "not_acoustic"
    },
    "mood_aggressive": {
        "all": {
            "aggressive": 0.801724076271,
            "not_aggressive": 0.198275953531
        },
        "probability": 0.801724076271,
        "value": "aggressive"
    },
    "mood_electronic": {
        "all": {
            "electronic": 0.0876860693097,
            "not_electronic": 0.912313938141
        },
        "probability": 0.912313938141,
        "value": "not_electronic"
    },
    "mood_happy": {
        "all": {
            "happy": 0.830575942993,
            "not_happy": 0.169424071908
        },
        "probability": 0.830575942993,
        "value": "happy"
    },
    "mood_party": {
        "all": {
            "not_party": 0.61405646801,
            "party": 0.38594353199
        },
        "probability": 0.61405646801,
        "value": "not_party"
    },
    "mood_relaxed": {
        "all": {
            "not_relaxed": 0.524406373501,
            "relaxed": 0.475593626499
        },
        "probability": 0.524406373501,
        "value": "not_relaxed"
    },
    "mood_sad": {
        "all": {
            "not_sad": 0.910881996155,
            "sad": 0.0891180038452
        },
        "probability": 0.910881996155,
        "value": "not_sad"
    },
    "moods_mirex": {
        "all": {
            "Cluster1": 0.408111542463,
            "Cluster2": 0.125213250518,
            "Cluster3": 0.0843830928206,
            "Cluster4": 0.229189947248,
            "Cluster5": 0.1531021595
        },
        "probability": 0.408111542463,
        "value": "Cluster1"
    },
    "timbre": {
        "all": {
            "bright": 0.783579528332,
            "dark": 0.216420486569
        },
        "probability": 0.783579528332,
        "value": "bright"
    },
    "tonal_atonal": {
        "all": {
            "atonal": 0.0084640448913,
            "tonal": 0.991535961628
        },
        "probability": 0.991535961628,
        "value": "tonal"
    },
    "voice_instrumental": {
        "all": {
            "instrumental": 1.22915628253e-06,
            "voice": 0.999998748302
        },
        "probability": 0.999998748302,
        "value": "voice"
    }
},
"lowlevel": {
    "average_loudness": 0.982757806778,
    "barkbands_crest": {
        "dmean": 2.35475873947,
        "dmean2": 3.98134660721,
        "dvar": 6.22843790054,
        "dvar2": 16.5448532104,
        "max": 20.5744533539,
        "mean": 7.79632043839,
        "median": 7.02912950516,
        "min": 2.34612298012,
        "var": 9.83527469635
    },
    "barkbands_flatness_db": {
        "dmean": 0.0173110608011,
        "dmean2": 0.0286813676357,
        "dvar": 0.000290369294817,
        "dvar2": 0.000778942310717,
        "max": 0.285588115454,
        "mean": 0.109449066222,
        "median": 0.105783224106,
        "min": 0.0428405068815,
        "var": 0.000882046297193
    },
    "barkbands_kurtosis": {
        "dmean": 1.50607228279,
        "dmean2": 2.64129376411,
        "dvar": 7.88502550125,
        "dvar2": 22.3538990021,
        "max": 24.2029056549,
        "mean": 0.713747620583,
        "median": -0.0220353603363,
        "min": -1.83906316757,
        "var": 6.93660640717
    },
    "barkbands_skewness": {
        "dmean": 0.490632891655,
        "dmean2": 0.796756267548,
        "dvar": 0.344072967768,
        "dvar2": 0.926467418671,
        "max": 4.76955795288,
        "mean": 0.92654132843,
        "median": 0.844342172146,
        "min": -1.11325621605,
        "var": 0.649736464024
    },
    "barkbands_spread": {
        "dmean": 6.70963430405,
        "dmean2": 10.5822820663,
        "dvar": 61.8961639404,
        "dvar2": 133.300170898,
        "max": 94.9937057495,
        "mean": 31.9651889801,
        "median": 29.1060447693,
        "min": 6.43708133698,
        "var": 207.064239502
    },
    "dissonance": {
        "dmean": 0.0127805424854,
        "dmean2": 0.0217986162752,
        "dvar": 0.000180274786544,
        "dvar2": 0.000524412433151,
        "max": 0.500000059605,
        "mean": 0.479513704777,
        "median": 0.484385430813,
        "min": 0.369731336832,
        "var": 0.000305337249301
    },
    "dynamic_complexity": 1.65304112434,
    "erbbands_crest": {
        "dmean": 2.62825059891,
        "dmean2": 4.162317276,
        "dvar": 8.45213603973,
        "dvar2": 19.3826675415,
        "max": 29.8817462921,
        "mean": 8.12459373474,
        "median": 6.56080913544,
        "min": 2.53141331673,
        "var": 20.6195087433
    },
    "erbbands_flatness_db": {
        "dmean": 0.0193475652486,
        "dmean2": 0.0268829893321,
        "dvar": 0.000311291922117,
        "dvar2": 0.000641130376607,
        "max": 0.26171207428,
        "mean": 0.138908803463,
        "median": 0.138935342431,
        "min": 0.0540971085429,
        "var": 0.00125025212765
    },
    "erbbands_kurtosis": {
        "dmean": 0.866144120693,
        "dmean2": 1.36018407345,
        "dvar": 1.33125317097,
        "dvar2": 3.27252364159,
        "max": 17.1273784637,
        "mean": 0.552698194981,
        "median": 0.0204031467438,
        "min": -1.70686769485,
        "var": 2.92322874069
    },
    "erbbands_skewness": {
        "dmean": 0.296719610691,
        "dmean2": 0.467342793941,
        "dvar": 0.0788560211658,
        "dvar2": 0.18529458344,
        "max": 2.9166135788,
        "mean": -0.111642479897,
        "median": -0.212758332491,
        "min": -1.43566572666,
        "var": 0.327255815268
    },
    "erbbands_spread": {
        "dmean": 8.45162391663,
        "dmean2": 13.0460834503,
        "dvar": 73.903968811,
        "dvar2": 175.298721313,
        "max": 99.0230331421,
        "mean": 37.8949623108,
        "median": 37.0758247375,
        "min": 5.25503253937,
        "var": 258.870727539
    },
    "hfc": {
        "dmean": 11.4700984955,
        "dmean2": 17.1267318726,
        "dvar": 178.682785034,
        "dvar2": 358.609619141,
        "max": 191.502838135,
        "mean": 39.2601127625,
        "median": 34.1384239197,
        "min": 3.41230177879,
        "var": 683.166259766
    },
    "melbands_crest": {
        "dmean": 2.9938724041,
        "dmean2": 4.96952152252,
        "dvar": 8.94505882263,
        "dvar2": 23.9294567108,
        "max": 27.9905662537,
        "mean": 12.641037941,
        "median": 11.925907135,
        "min": 3.9440715313,
        "var": 18.0595722198
    },
    "melbands_flatness_db": {
        "dmean": 0.0227082073689,
        "dmean2": 0.0369023531675,
        "dvar": 0.000721261254512,
        "dvar2": 0.00188624090515,
        "max": 0.34428653121,
        "mean": 0.151814669371,
        "median": 0.147979274392,
        "min": 0.0496196635067,
        "var": 0.00187963910867
    },
    "melbands_kurtosis": {
        "dmean": 5.21571207047,
        "dmean2": 9.12490653992,
        "dvar": 113.576454163,
        "dvar2": 322.534240723,
        "max": 104.535476685,
        "mean": 6.7052822113,
        "median": 3.83218812943,
        "min": -1.57407712936,
        "var": 96.2168273926
    },
    "melbands_skewness": {
        "dmean": 0.733195900917,
        "dmean2": 1.19951784611,
        "dvar": 0.928101837635,
        "dvar2": 2.51513671875,
        "max": 8.96506881714,
        "mean": 2.11200642586,
        "median": 2.01039767265,
        "min": -0.912921667099,
        "var": 1.68969559669
    },
    "melbands_spread": {
        "dmean": 8.86263084412,
        "dmean2": 13.727686882,
        "dvar": 97.1054382324,
        "dvar2": 220.634048462,
        "max": 117.76348877,
        "mean": 34.2437057495,
        "median": 31.4432239532,
        "min": 4.16585254669,
        "var": 296.172119141
    },
    "pitch_salience": {
        "dmean": 0.0611780285835,
        "dmean2": 0.100548222661,
        "dvar": 0.00282540451735,
        "dvar2": 0.00789427664131,
        "max": 0.787283241749,
        "mean": 0.58620172739,
        "median": 0.588052451611,
        "min": 0.307135045528,
        "var": 0.00684633851051
    },
    "silence_rate_20dB": {
        "dmean": 0,
        "dmean2": 0,
        "dvar": 0,
        "dvar2": 0,
        "max": 1,
        "mean": 1,
        "median": 1,
        "min": 1,
        "var": 0
    },
    "silence_rate_30dB": {
        "dmean": 0,
        "dmean2": 0,
        "dvar": 0,
        "dvar2": 0,
        "max": 1,
        "mean": 1,
        "median": 1,
        "min": 1,
        "var": 0
    },
    "silence_rate_60dB": {
        "dmean": 0,
        "dmean2": 0,
        "dvar": 0,
        "dvar2": 0,
        "max": 0,
        "mean": 0,
        "median": 0,
        "min": 0,
        "var": 0
    },
    "spectral_centroid": {
        "dmean": 222.556762695,
        "dmean2": 352.710388184,
        "dvar": 53776.984375,
        "dvar2": 124979.671875,
        "max": 3287.671875,
        "mean": 1646.72424316,
        "median": 1586.62780762,
        "min": 478.270111084,
        "var": 200423.640625
    },
    "spectral_complexity": {
        "dmean": 4.02786397934,
        "dmean2": 6.49883794785,
        "dvar": 11.6045322418,
        "dvar2": 29.6256809235,
        "max": 53,
        "mean": 32.0177879333,
        "median": 32,
        "min": 6,
        "var": 45.1404838562
    },
    "spectral_decrease": {
        "dmean": 3.54538665093e-09,
        "dmean2": 6.22002804818e-09,
        "dvar": 3.27146954415e-17,
        "dvar2": 9.01320016763e-17,
        "max": -1.68354807872e-09,
        "mean": -8.93996077167e-09,
        "median": -7.60660867627e-09,
        "min": -3.75449751289e-08,
        "var": 2.85025494873e-17
    },
    "spectral_energy": {
        "dmean": 0.0140118347481,
        "dmean2": 0.0244908835739,
        "dvar": 0.000484407122713,
        "dvar2": 0.0013309661299,
        "max": 0.14509794116,
        "mean": 0.0373024791479,
        "median": 0.0325174331665,
        "min": 0.00698386318982,
        "var": 0.000444370321929
    },
    "spectral_energyband_high": {
        "dmean": 0.000801393704023,
        "dmean2": 0.00109823152889,
        "dvar": 1.87146099506e-06,
        "dvar2": 2.97321525977e-06,
        "max": 0.0204139091074,
        "mean": 0.00192037166562,
        "median": 0.000968558422755,
        "min": 1.40018819366e-05,
        "var": 7.25543668523e-06
    },
    "spectral_energyband_low": {
        "dmean": 0.00939325802028,
        "dmean2": 0.0169021077454,
        "dvar": 0.000433107546996,
        "dvar2": 0.00121952150948,
        "max": 0.130202427506,
        "mean": 0.013026567176,
        "median": 0.00861845351756,
        "min": 0.000285849237116,
        "var": 0.000288900890155
    },
    "spectral_energyband_middle_high": {
        "dmean": 0.00375751103275,
        "dmean2": 0.00586296385154,
        "dvar": 2.62408011622e-05,
        "dvar2": 5.99589875492e-05,
        "max": 0.0607986189425,
        "mean": 0.0115817608312,
        "median": 0.00803766213357,
        "min": 0.00085422716802,
        "var": 8.31265206216e-05
    },
    "spectral_energyband_middle_low": {
        "dmean": 0.00551097327843,
        "dmean2": 0.00914175901562,
        "dvar": 9.01948224055e-05,
        "dvar2": 0.000247297837632,
        "max": 0.0976279079914,
        "mean": 0.0137368971482,
        "median": 0.0112395063043,
        "min": 0.00229235622101,
        "var": 0.000100227436633
    },
    "spectral_entropy": {
        "dmean": 0.10846593231,
        "dmean2": 0.157612457871,
        "dvar": 0.00961703900248,
        "dvar2": 0.0185930505395,
        "max": 8.69099712372,
        "mean": 7.86390972137,
        "median": 7.8420419693,
        "min": 6.98066663742,
        "var": 0.0610431171954
    },
    "spectral_flux": {
        "dmean": 0.0303967185318,
        "dmean2": 0.0486988462508,
        "dvar": 0.00167010445148,
        "dvar2": 0.00276955543086,
        "max": 0.299369931221,
        "mean": 0.105557575822,
        "median": 0.0922207832336,
        "min": 0.0222440212965,
        "var": 0.00294847902842
    },
    "spectral_kurtosis": {
        "dmean": 1.06053745747,
        "dmean2": 1.76409041882,
        "dvar": 1.29750835896,
        "dvar2": 3.9718952179,
        "max": 13.0617408752,
        "mean": 3.66431879997,
        "median": 3.55609607697,
        "min": -0.535899400711,
        "var": 2.95649266243
    },
    "spectral_rms": {
        "dmean": 0.00100277632009,
        "dmean2": 0.00170358398464,
        "dvar": 1.88880846963e-06,
        "dvar2": 5.08172752234e-06,
        "max": 0.0118978554383,
        "mean": 0.00584063399583,
        "median": 0.00563243497163,
        "min": 0.00261027296074,
        "var": 2.27972623179e-06
    },
    "spectral_rolloff": {
        "dmean": 653.379577637,
        "dmean2": 1093.20544434,
        "dvar": 1304593.375,
        "dvar2": 2755574.25,
        "max": 10271.3378906,
        "mean": 2110.37133789,
        "median": 1679.58984375,
        "min": 129.19921875,
        "var": 2835649
    },
    "spectral_skewness": {
        "dmean": 0.166932031512,
        "dmean2": 0.262607634068,
        "dvar": 0.0239012446254,
        "dvar2": 0.0549402907491,
        "max": 3.06429481506,
        "mean": 1.42541801929,
        "median": 1.418435812,
        "min": 0.564051747322,
        "var": 0.0969599485397
    },
    "spectral_spread": {
        "dmean": 645246.6875,
        "dmean2": 905722.5625,
        "dvar": 521200271360,
        "dvar2": 956268347392,
        "max": 11251971,
        "mean": 4772164,
        "median": 4519395,
        "min": 1879533.25,
        "var": 2.11579686093e+12
    },
    "spectral_strongpeak": {
        "dmean": 0.939410984516,
        "dmean2": 1.64223730564,
        "dvar": 2.44036722183,
        "dvar2": 6.74106884003,
        "max": 11.110710144,
        "mean": 1.25484538078,
        "median": 0.460397958755,
        "min": 0.0399325303733,
        "var": 3.30839538574
    },
    "zerocrossingrate": {
        "dmean": 0.0123045360669,
        "dmean2": 0.0146998753771,
        "dvar": 0.000230060875765,
        "dvar2": 0.00025413770345,
        "max": 0.2685546875,
        "mean": 0.081283159554,
        "median": 0.0712890625,
        "min": 0.01806640625,
        "var": 0.00146546354517
    },
    "barkbands": {
        "dmean": [0.000176313726115, 0.00538054248318, 0.00373558979481, 0.0017061822582, 0.00218849699013, 0.00101315788925, 0.00067375623621, 0.000636797572952, 0.00115607900079, 0.00136990193278, 0.000801384157967, 0.000991572043858, 0.000970263034105, 0.00112175324466, 0.000626693072263, 0.000467918231152, 0.000468967773486, 0.000175778215635, 0.000239791697823, 0.000180575341801, 0.00010396764992, 0.000154946537805, 0.000144953621202, 0.000205649266718, 0.000199884409085, 0.000127177874674, 7.02229812077e-08],
        "dmean2": [0.000287502480205, 0.00981231033802, 0.00668306974694, 0.00293707894161, 0.0038040233776, 0.00158125662711, 0.00111955380999, 0.00109122716822, 0.00186606228817, 0.00213238131255, 0.001241211663, 0.0015934627736, 0.00157619128004, 0.00180236168671, 0.000993839581497, 0.000785397249274, 0.000775193795562, 0.000305283931084, 0.000402455654694, 0.000298793427646, 0.000167873149621, 0.000243002781644, 0.000205195567105, 0.00027337440406, 0.000283007742837, 0.000214315470657, 1.29748542577e-07],
        "dvar": [1.2798203386e-07, 0.000162352953339, 5.87470858591e-05, 6.71229418003e-06, 3.59978039342e-05, 3.06295237351e-06, 3.54183089257e-06, 5.16257341587e-06, 6.37576567897e-06, 1.8680242647e-05, 4.61037370769e-06, 5.27579504705e-06, 7.39711822462e-06, 6.27147483101e-06, 2.0903839868e-06, 5.38813310413e-07, 3.27326063143e-07, 4.51648887179e-08, 8.84593021055e-08, 5.14666602669e-08, 2.06419663584e-08, 1.31952347715e-07, 1.00736436082e-07, 2.60398536511e-07, 1.85395720109e-07, 7.14644841082e-08, 6.87981030652e-14],
        "dvar2": [3.23662675328e-07, 0.000453742599348, 0.000170021012309, 1.87207278941e-05, 0.00010069450218, 7.4673293966e-06, 9.02718966245e-06, 1.39895573739e-05, 1.6619276721e-05, 4.25371290476e-05, 1.18163352454e-05, 1.2814519323e-05, 1.90099217434e-05, 1.53315031639e-05, 4.85445343656e-06, 1.40434838158e-06, 8.06129662578e-07, 1.30484025362e-07, 2.21132637535e-07, 1.34472472268e-07, 5.03395938267e-08, 2.82429368781e-07, 1.80376360959e-07, 4.30364679005e-07, 3.08883414846e-07, 1.85448030265e-07, 1.84086632656e-13],
        "max": [0.00276958476752, 0.0845454037189, 0.0526807159185, 0.0215850081295, 0.0532618872821, 0.031851939857, 0.0279734227806, 0.0312945768237, 0.0389273427427, 0.0865332633257, 0.0311589520425, 0.0441677644849, 0.0493939332664, 0.0359300523996, 0.024266416207, 0.0114406431094, 0.00728940358385, 0.00377154257149, 0.00384736433625, 0.00320747913793, 0.00210853875615, 0.0058111557737, 0.0049188057892, 0.0085673192516, 0.00752555998042, 0.00209537404589, 4.63928699901e-06],
        "mean": [0.00017291372933, 0.00512609770522, 0.00545782409608, 0.00365974521264, 0.00354925822467, 0.00199692905881, 0.000852517434396, 0.000638352998067, 0.00177431793418, 0.00203236215748, 0.00125396496151, 0.00159637571778, 0.00137353059836, 0.00185229349881, 0.000945967680309, 0.000898622965906, 0.0010379125597, 0.000384588201996, 0.000547436706256, 0.000434909277828, 0.000259227788774, 0.000320030812873, 0.000281954329694, 0.000382778205676, 0.000345854670741, 0.000126689628814, 4.35362430551e-08],
        "median": [4.47996644652e-05, 0.00245608668774, 0.00347155099735, 0.00271785515361, 0.00224370788783, 0.00132568948902, 0.000350420741597, 0.000233107624808, 0.000953984563239, 0.000481073220726, 0.000417888019001, 0.00064776459476, 0.000527195341419, 0.000783398805652, 0.000504251918755, 0.000641195336357, 0.000827944953926, 0.000335551856551, 0.000430500658695, 0.000330594019033, 0.000170476661879, 0.000171792868059, 8.37833795231e-05, 0.000127538922243, 0.000142985372804, 3.01276049868e-05, 1.20643239843e-09],
        "min": [8.77400054833e-08, 1.33769372042e-05, 3.85197517971e-06, 3.49789916072e-05, 0.000100239805761, 3.6086581531e-05, 1.97462850338e-05, 5.39881057193e-06, 1.70249004441e-05, 2.14627452806e-05, 1.85357257578e-05, 2.60198467004e-05, 3.46064007317e-05, 2.49218301178e-05, 4.70831037092e-05, 4.25858415838e-05, 0.000130815154989, 4.2688621761e-05, 3.12001684506e-05, 1.58433122124e-05, 4.1739781409e-06, 1.20948345739e-06, 1.31334715547e-07, 3.33778373829e-08, 4.2570637987e-11, 1.40068772553e-11, 9.33102466821e-12],
        "var": [1.22609691289e-07, 0.000103416859929, 4.48208047601e-05, 1.08193362394e-05, 2.74882768281e-05, 4.87276247441e-06, 3.85033899875e-06, 3.65347614206e-06, 8.18251737655e-06, 3.3047497709e-05, 7.90734338807e-06, 9.42234782997e-06, 1.06573334051e-05, 1.06072884591e-05, 2.71946055364e-06, 9.7571353308e-07, 6.77378466207e-07, 6.1098639037e-08, 1.84634345146e-07, 1.28841875835e-07, 5.72279006406e-08, 2.55786687831e-07, 3.39769741231e-07, 7.63704861129e-07, 5.27136876372e-07, 6.68334152465e-08, 4.55350004664e-14]
    },
    "erbbands": {
        "dmean": [0.141963496804, 1.2777299881, 3.8456902504, 5.51568841934, 5.92392492294, 8.61270618439, 5.70478868484, 9.22217559814, 9.02338981628, 11.2653799057, 15.2911119461, 27.4142990112, 48.1724586487, 30.1587314606, 24.3061943054, 38.9016647339, 42.9143028259, 54.4791641235, 46.6884002686, 17.9376029968, 24.7971858978, 24.0209197998, 10.2887420654, 10.1721601486, 11.8917503357, 8.41632080078, 5.07904481888, 3.91974163055, 5.36002111435, 5.32009315491, 4.14384174347, 4.00677871704, 3.67787575722, 2.44916582108, 1.37893927097, 0.629170119762, 0.236766636372, 0.0193728506565, 0.000360275153071, 3.19057689921e-05],
        "dmean2": [0.257519036531, 2.35070967674, 6.96513795853, 9.60499477386, 10.1584129333, 14.9842815399, 9.23518753052, 14.5280666351, 14.9123821259, 19.4589653015, 25.5510025024, 43.9002532959, 74.858505249, 48.7831573486, 38.6361427307, 61.9656143188, 68.3256378174, 87.4501037598, 74.1183166504, 28.7689743042, 40.7737541199, 39.1845817566, 17.8170261383, 17.035194397, 19.6064147949, 13.9466104507, 8.2351026535, 6.21151065826, 8.33296203613, 8.23928546906, 5.85110712051, 5.62296533585, 5.08592700958, 3.43667125702, 2.02297568321, 1.02339148521, 0.407168775797, 0.0338438823819, 0.000619097263552, 5.3534116887e-05],
        "dvar": [0.111533470452, 9.3388967514, 69.3619232178, 93.2743530273, 166.812469482, 567.86114502, 72.3647079468, 303.373687744, 507.457427979, 1579.47583008, 2311.65161133, 2808.48364258, 25776.8984375, 6692.58105469, 4526.16894531, 7293.09619141, 15082.6591797, 16119.9755859, 10238.7539062, 712.478149414, 1317.328125, 867.96282959, 177.031982422, 125.320037842, 273.348571777, 105.911003113, 48.480506897, 30.3364753723, 134.919921875, 153.946975708, 88.4597396851, 114.298286438, 80.0944976807, 31.8329715729, 8.11669826508, 1.61061346531, 0.296485185623, 0.00243048276752, 7.38144819934e-07, 2.71859001977e-09],
        "dvar2": [0.30464220047, 26.4059391022, 200.744064331, 267.481750488, 470.414031982, 1586.16833496, 180.5052948, 714.99395752, 1359.3314209, 4291.24707031, 5982.35839844, 7150.33935547, 58765.7148438, 16443.375, 10696.3623047, 17655.0429688, 38846.6757812, 40155.46875, 24268.8339844, 1524.42248535, 3266.19140625, 2164.89208984, 513.95513916, 316.974243164, 699.418640137, 277.505279541, 124.12966156, 68.1100463867, 286.010772705, 311.959716797, 150.01020813, 207.801528931, 141.32913208, 55.0734901428, 14.2642154694, 3.838285923, 0.79664427042, 0.00653698295355, 1.97723488782e-06, 7.09183822778e-09],
        "max": [1.97531759739, 21.2563419342, 57.6092834473, 80.8026046753, 128.69720459, 221.221817017, 131.306732178, 297.967010498, 394.895050049, 517.279846191, 780.442443848, 702.883544922, 3432.00463867, 1336.08630371, 1260.13769531, 1589.2644043, 2618.22729492, 1739.69714355, 1522.49829102, 445.903167725, 595.686645508, 394.666717529, 269.553009033, 129.730941772, 214.343322754, 133.25100708, 95.3243789673, 101.511413574, 208.1534729, 178.468093872, 141.318084717, 216.498168945, 136.748580933, 112.532226562, 37.4603118896, 13.4710769653, 4.81968832016, 0.406185865402, 0.00698728160933, 0.000421738339355],
        "mean": [0.130093440413, 1.26435291767, 5.42253255844, 10.8378744125, 10.9032688141, 12.9306516647, 12.5534582138, 16.8258113861, 13.2064332962, 12.3037672043, 18.1083374023, 43.4283714294, 74.8283843994, 48.5656814575, 38.1920433044, 67.3177337646, 70.1554412842, 87.5303649902, 77.0896148682, 40.5905952454, 54.9851417542, 56.1522254944, 24.2307662964, 23.7575435638, 27.6523017883, 20.5125865936, 12.5870933533, 9.61201572418, 11.3022813797, 10.2507019043, 8.04606056213, 7.26604509354, 6.64918518066, 4.33257102966, 2.16464972496, 0.734979689121, 0.212027028203, 0.0156654585153, 0.000344050378771, 6.72253590892e-05],
        "median": [0.0450051091611, 0.6352429986, 3.32748293877, 8.6943397522, 8.14827442169, 6.74867153168, 8.97056770325, 9.73665142059, 6.87319755554, 4.56110525131, 6.89218378067, 22.86095047, 20.9817199707, 15.9664697647, 16.6103878021, 28.2793807983, 30.988866806, 36.654045105, 39.6512565613, 29.7939910889, 43.3629760742, 43.8339347839, 21.032989502, 20.0171432495, 20.1033420563, 15.6151561737, 8.7315530777, 6.01420497894, 6.32504844666, 4.40077114105, 2.29007005692, 2.0627143383, 2.3561732769, 1.77803087234, 0.855129897594, 0.229364275932, 0.0413193851709, 0.00229305378161, 8.93304677447e-05, 5.13549748575e-05],
        "min": [0.000251982535701, 0.00957673415542, 0.0920528247952, 0.17737942934, 0.475175887346, 0.45172944665, 0.480384558439, 0.427605956793, 0.508255183697, 0.146470502019, 0.358021259308, 0.692954361439, 0.904003143311, 1.09870135784, 1.19003391266, 1.18717455864, 1.79810380936, 2.8882932663, 3.00173974037, 1.69355738163, 8.75653743744, 6.63720083237, 2.55276536942, 1.77521777153, 1.2673997879, 0.919892013073, 0.298269510269, 0.0889505445957, 0.0496092401445, 0.0122776068747, 0.00233312789351, 0.00188166229054, 0.000321417552186, 3.29521099047e-05, 1.52418633661e-05, 1.14286403914e-05, 6.81494520904e-06, 1.10733503789e-06, 5.28093687535e-06, 8.7898433776e-06],
        "var": [0.0755846202374, 5.78928470612, 50.4078407288, 91.1545944214, 141.156692505, 453.614990234, 152.181045532, 489.434204102, 509.217712402, 1211.55322266, 2139.07739258, 4219.79150391, 45222.9375, 11652.4003906, 7056.29394531, 14602.3515625, 21418.5703125, 22982.4863281, 15512.4023438, 1652.75305176, 2406.31079102, 1986.9317627, 245.299285889, 244.89175415, 572.830627441, 267.213897705, 114.268745422, 94.7992401123, 272.545379639, 357.497558594, 305.660675049, 299.746856689, 223.671813965, 90.647895813, 20.0338726044, 2.11407208443, 0.22974088788, 0.00173358281609, 5.63786386465e-07, 2.9642335253e-09]
    },
    "gfcc": {
        "mean": [58.3969078064, 80.5321350098, -126.316329956, 41.1267623901, -50.4562530518, 26.3522605896, -45.0904426575, 11.8045473099, -33.1841545105, 1.22563052177, -21.5976161957, -3.76075124741, -8.94895362854],
        "cov": [[1377.40405273, -959.586303711, 452.334075928, -184.706802368, -196.28276062, 288.542144775, -112.450080872, 188.886871338, -76.0116958618, 198.63609314, -105.711372375, 129.812484741, -170.814178467], [-959.586303711, 1038.77734375, -458.367126465, 90.3729705811, 165.372558594, -215.509643555, 168.469833374, -149.035644531, 111.482872009, -144.462020874, 117.89629364, -133.531356812, 149.390304565], [452.334075928, -458.367126465, 476.876647949, -9.1323928833, 33.2684555054, 58.5538330078, -67.3807754517, 86.9515380859, -66.6015167236, 91.4980773926, -77.6315689087, 102.940330505, -103.135314941], [-184.706802368, 90.3729705811, -9.1323928833, 259.737579346, 38.3444252014, -35.4462242126, -15.1987848282, -31.9744949341, 61.5948638916, -52.7110404968, 38.7793731689, -43.1824684143, 49.534072876], [-196.28276062, 165.372558594, 33.2684555054, 38.3444252014, 197.306381226, -40.578830719, 37.2821235657, -23.4163837433, 3.96955108643, 21.3172531128, 5.24300098419, 9.13340091705, 6.792719841], [288.542144775, -215.509643555, 58.5538330078, -35.4462242126, -40.578830719, 175.340301514, 6.64948654175, 69.588722229, -18.4209403992, 36.9833335876, -5.65065193176, 21.7333564758, -17.2364864349], [-112.450080872, 168.469833374, -67.3807754517, -15.1987848282, 37.2821235657, 6.64948654175, 134.473724365, 8.80749034882, 21.0073032379, -32.9547805786, 10.899936676, -3.34953451157, 7.70690059662], [188.886871338, -149.035644531, 86.9515380859, -31.9744949341, -23.4163837433, 69.588722229, 8.80749034882, 100.470306396, 0.81094455719, 35.2448997498, -21.8832073212, 18.3243865967, -14.9587545395], [-76.0116958618, 111.482872009, -66.6015167236, 61.5948638916, 3.96955108643, -18.4209403992, 21.0073032379, 0.81094455719, 90.5288696289, -7.11059093475, 23.9546451569, -32.456817627, 22.1901931763], [198.63609314, -144.462020874, 91.4980773926, -52.7110404968, 21.3172531128, 36.9833335876, -32.9547805786, 35.2448997498, -7.11059093475, 101.971992493, -5.21513319016, 39.2561607361, -32.7549705505], [-105.711372375, 117.89629364, -77.6315689087, 38.7793731689, 5.24300098419, -5.65065193176, 10.899936676, -21.8832073212, 23.9546451569, -5.21513319016, 72.150177002, -7.38063335419, 32.6682853699], [129.812484741, -133.531356812, 102.940330505, -43.1824684143, 9.13340091705, 21.7333564758, -3.34953451157, 18.3243865967, -32.456817627, 39.2561607361, -7.38063335419, 85.8334579468, -22.6709785461], [-170.814178467, 149.390304565, -103.135314941, 49.534072876, 6.792719841, -17.2364864349, 7.70690059662, -14.9587545395, 22.1901931763, -32.7549705505, 32.6682853699, -22.6709785461, 81.5469894409]],
        "icov": [[0.00345509080216, 0.00137706950773, -0.0013401292963, 0.000729488732759, 0.00234079104848, -0.00246879039332, -0.000649858906399, 0.000569998170249, -0.00126364897005, -0.0030876963865, 0.000686571700498, 0.000366001855582, 0.000956030737143], [0.00137706950773, 0.00662832939997, 0.000800751091447, 0.00260933558457, -0.00314758042805, 0.00313438940793, -0.00445893546566, 0.00205836608075, -0.00255201244727, 0.00131793925539, -0.00443458091468, 0.00454521225765, -0.00384288281202], [-0.0013401292963, 0.000800751091447, 0.00758959073573, -0.00296541885473, -0.00328823574819, 0.00222991290502, 0.00176351191476, -0.00470052706078, 0.00253817602061, 0.000959700962994, 0.00193576107267, -0.00459207361564, 0.00448503158987], [0.000729488732759, 0.00260933558457, -0.00296541885473, 0.00936331320554, -0.00306149409153, 8.37278366816e-06, 0.000944796949625, 0.00258160964586, -0.00680936221033, 0.00609214883298, -0.00542386714369, 0.00402794545516, -0.00445648981258], [0.00234079104848, -0.00314758042805, -0.00328823574819, -0.00306149409153, 0.0124835111201, -0.00253123487346, -0.00291546015069, 0.00263256463222, 0.00240785907954, -0.010110873729, 0.00492254924029, -0.00130602018908, 0.000502330425661], [-0.00246879039332, 0.00313438940793, 0.00222991290502, 8.37278366816e-06, -0.00253123487346, 0.0135868275538, -0.00405904045328, -0.00476710917428, 0.00280379457399, 0.00101459072903, -0.00513408984989, 0.00299807498232, -0.00297154625878], [-0.000649858906399, -0.00445893546566, 0.00176351191476, 0.000944796949625, -0.00291546015069, -0.00405904045328, 0.0167402103543, -0.0063467361033, -0.00277039781213, 0.00838697515428, 0.000834967708215, -0.00724258925766, 0.00687702232972], [0.000569998170249, 0.00205836608075, -0.00470052706078, 0.00258160964586, 0.00263256463222, -0.00476710917428, -0.0063467361033, 0.0220421217382, -0.00504365377128, -0.00532303797081, 0.00326019898057, 0.00404458632693, -0.00762094277889], [-0.00126364897005, -0.00255201244727, 0.00253817602061, -0.00680936221033, 0.00240785907954, 0.00280379457399, -0.00277039781213, -0.00504365377128, 0.0209613852203, -0.0067852800712, -0.000220355126658, 0.00289837177843, 0.00156796164811], [-0.0030876963865, 0.00131793925539, 0.000959700962994, 0.00609214883298, -0.010110873729, 0.00101459072903, 0.00838697515428, -0.00532303797081, -0.0067852800712, 0.0281002633274, -0.00864388421178, -0.00437261955813, 0.00329925632104], [0.000686571700498, -0.00443458091468, 0.00193576107267, -0.00542386714369, 0.00492254924029, -0.00513408984989, 0.000834967708215, 0.00326019898057, -0.000220355126658, -0.00864388421178, 0.0267377458513, -0.00717854266986, -0.00179023027886], [0.000366001855582, 0.00454521225765, -0.00459207361564, 0.00402794545516, -0.00130602018908, 0.00299807498232, -0.00724258925766, 0.00404458632693, 0.00289837177843, -0.00437261955813, -0.00717854266986, 0.0247117523104, -0.00644463300705], [0.000956030737143, -0.00384288281202, 0.00448503158987, -0.00445648981258, 0.000502330425661, -0.00297154625878, 0.00687702232972, -0.00762094277889, 0.00156796164811, 0.00329925632104, -0.00179023027886, -0.00644463300705, 0.0267910081893]]
    },
    "melbands": {
        "dmean": [0.0013875560835, 0.00189773959573, 0.000880349252839, 0.000561811437365, 0.000214170257095, 0.000201448376174, 0.000135956928716, 0.000126255545183, 0.000134187954245, 0.000182274990948, 0.000242510970565, 0.000119125041238, 8.48565396154e-05, 8.47429546411e-05, 0.000120499207696, 0.000101536708826, 0.000113181238703, 8.52323355502e-05, 3.6770466977e-05, 3.49717520294e-05, 2.92969980364e-05, 3.21380321111e-05, 1.17887138913e-05, 7.73267584009e-06, 9.11489223654e-06, 1.04224100141e-05, 8.04040519142e-06, 5.78154867981e-06, 3.75060540136e-06, 2.90223169941e-06, 2.4699104415e-06, 3.15337274515e-06, 3.53303676093e-06, 2.93379844152e-06, 2.63636957243e-06, 2.35551942751e-06, 2.71949443231e-06, 2.90751813736e-06, 2.35962579609e-06, 2.18085233428e-06],
        "dmean2": [0.0025274574291, 0.00346788670868, 0.00153823394794, 0.000975960632786, 0.00035029349965, 0.000317305064527, 0.000223782364628, 0.000221987342229, 0.000223467577598, 0.000292339740554, 0.000377798249247, 0.000194928215933, 0.000132026339998, 0.000139967974974, 0.000190939492313, 0.000166050871485, 0.000181994211744, 0.000135717433295, 5.86431087868e-05, 5.85144516663e-05, 4.82769282826e-05, 5.24691822648e-05, 2.00288541237e-05, 1.34747169795e-05, 1.52947068273e-05, 1.75452787516e-05, 1.31671667987e-05, 9.81863831839e-06, 6.2234039433e-06, 4.83134044771e-06, 3.93917707697e-06, 4.98381405123e-06, 5.67478628e-06, 4.58352724308e-06, 3.79462653655e-06, 3.43155011251e-06, 3.87125191992e-06, 4.07195648222e-06, 3.39744428857e-06, 3.17266358252e-06],
        "dvar": [1.07936193672e-05, 1.85620174307e-05, 2.18288937504e-06, 2.57737474385e-06, 1.01119006501e-07, 1.31970082862e-07, 1.19561931911e-07, 2.11964703567e-07, 1.6480856857e-07, 1.32110031359e-07, 6.52810399515e-07, 1.02969408999e-07, 5.1876934748e-08, 5.35727195938e-08, 7.60098259889e-08, 1.13413101133e-07, 8.00003903123e-08, 3.29194023152e-08, 3.8952707726e-09, 3.58402685308e-09, 1.67383529259e-09, 1.66690672376e-09, 1.6770546063e-10, 8.69224553446e-11, 1.00844964324e-10, 1.8646287292e-10, 1.27790000803e-10, 4.85369210101e-11, 2.46906349533e-11, 1.75091347671e-11, 1.23638833546e-11, 4.00167121661e-11, 8.53965717584e-11, 4.41343350754e-11, 3.61531152238e-11, 3.52211142196e-11, 5.31503799306e-11, 4.82924152057e-11, 3.49422400736e-11, 2.65566249547e-11],
        "dvar2": [2.9789733162e-05, 5.32654412382e-05, 6.24403719485e-06, 7.21855485608e-06, 2.64303707809e-07, 3.14545644642e-07, 3.07922135789e-07, 5.83455346259e-07, 4.16167239337e-07, 3.4585815456e-07, 1.487992904e-06, 2.52563864933e-07, 1.3005785604e-07, 1.37429609026e-07, 1.71310190922e-07, 2.89335019943e-07, 1.97477334041e-07, 7.85423424077e-08, 8.85766304748e-09, 9.4114653848e-09, 4.13479117611e-09, 4.11950384915e-09, 4.98416752315e-10, 2.44659653648e-10, 2.54344906248e-10, 4.66383542896e-10, 3.29871657767e-10, 1.26787247368e-10, 6.58210153048e-11, 4.61186852596e-11, 2.91822989384e-11, 8.90849477519e-11, 1.87486567937e-10, 9.08975880676e-11, 6.6007137256e-11, 6.99840463358e-11, 9.73850861063e-11, 9.07986949517e-11, 6.26746640697e-11, 5.2329494904e-11],
        "max": [0.0196832381189, 0.0283517241478, 0.0123891197145, 0.0142764961347, 0.00345952413045, 0.0063563734293, 0.00555968750268, 0.00489120511338, 0.00564819015563, 0.00570873823017, 0.0170448776335, 0.0050619347021, 0.00468922685832, 0.00383813749067, 0.00677561014891, 0.00562215643004, 0.00402423972264, 0.00288138887845, 0.00104531727266, 0.000945815292653, 0.000747077632695, 0.000512807921041, 0.000218287474127, 0.000144378180266, 0.00011564878514, 0.000154439825565, 0.000162498938153, 9.46656437009e-05, 7.05034326529e-05, 5.28328600922e-05, 6.399663107e-05, 0.000133406589157, 0.000153151748236, 9.74635477178e-05, 9.89169202512e-05, 0.000106931940536, 0.000140161690069, 0.000102113459434, 0.000112094683573, 0.000111184090201],
        "mean": [0.00130444765091, 0.00247420510277, 0.00186020904221, 0.000879102793988, 0.000461389077827, 0.000378359138267, 0.000195422428078, 0.000130633910885, 0.000159595452715, 0.000287444127025, 0.000368762295693, 0.000186215271242, 0.000131216045702, 0.000124964324641, 0.000212288898183, 0.00013891668641, 0.00017392988957, 0.000136444403324, 6.12869625911e-05, 6.33415620541e-05, 6.17843979853e-05, 6.83827602188e-05, 2.6007548513e-05, 1.67364360095e-05, 1.91301896848e-05, 2.12594895856e-05, 1.77609254024e-05, 1.27085640997e-05, 8.23615118861e-06, 6.04869956078e-06, 5.38869608135e-06, 6.34255866316e-06, 6.38853862256e-06, 5.39167831448e-06, 4.73964746561e-06, 4.06900608141e-06, 4.5957385737e-06, 4.94412688568e-06, 4.04746651839e-06, 3.54465487362e-06],
        "median": [0.000560397806112, 0.00148889422417, 0.00154645368457, 0.000557988067158, 0.000328596855979, 0.000236889260123, 9.86301602097e-05, 4.68335929327e-05, 5.644736666e-05, 0.000146755584865, 9.50806643232e-05, 5.68350333197e-05, 4.89531121275e-05, 5.26286348759e-05, 9.67284504441e-05, 4.15878603235e-05, 6.60674049868e-05, 6.45463369437e-05, 3.91208886867e-05, 4.15104950662e-05, 4.94291743962e-05, 5.17125154147e-05, 2.25765616051e-05, 1.44986288433e-05, 1.5594301658e-05, 1.5577814338e-05, 1.24734151541e-05, 9.63254387898e-06, 5.75116746404e-06, 3.891022061e-06, 3.24328857459e-06, 3.5786256376e-06, 3.12246129397e-06, 2.02609817279e-06, 1.3344748595e-06, 1.07314622255e-06, 1.29904674395e-06, 1.60953834438e-06, 1.56849898758e-06, 1.38529117066e-06],
        "min": [2.34356912188e-06, 3.99217969971e-05, 5.72397912038e-05, 3.71003916371e-05, 1.8373646526e-05, 5.68772338738e-06, 6.79986760588e-06, 1.21744233184e-06, 2.838185992e-06, 3.02513035422e-06, 3.72494514522e-06, 4.10452412325e-06, 2.26968836614e-06, 1.21403775211e-06, 5.4233987612e-06, 3.2527584608e-06, 3.04252898786e-06, 3.55286169906e-06, 2.62860976363e-06, 2.73039381682e-06, 7.47680860513e-06, 5.85381212659e-06, 1.16795263239e-06, 1.62563515005e-06, 1.23333416013e-06, 1.18100899726e-06, 4.86630824525e-07, 5.42739485354e-07, 1.65790581264e-07, 7.9411677234e-08, 3.62900074435e-08, 3.25810667334e-08, 6.71807987018e-09, 4.95363350339e-09, 1.15111253862e-09, 8.0753559395e-10, 9.8074626198e-10, 1.20326498765e-10, 3.70589236381e-12, 3.74604725495e-13],
