{
"highlevel": {
    "danceability": {
        "all": {
            "danceable": 0.98542112112,
            "not_danceable": 0.0145788881928
        },
        "probability": 0.98542112112,
        "value": "danceable"
    },
    "gender": {
        "all": {
            "female": 0.365619838238,
            "male": 0.634380161762
        },
        "probability": 0.634380161762,
        "value": "male"
    },
    "genre_dortmund": {
        "all": {
            "alternative": 0.269708961248,
            "blues": 0.0189883671701,
            "electronic": 0.0894997268915,
            "folkcountry": 0.0565618276596,
            "funksoulrnb": 0.00818232540041,
            "jazz": 0.0329786390066,
            "pop": 0.0839738100767,
            "raphiphop": 0.0137152150273,
            "rock": 0.426391124725
        },
        "probability": 0.426391124725,
        "value": "rock"
    },
    "genre_electronic": {
        "all": {
            "ambient": 0.204325556755,
            "dnb": 0.0892512723804,
            "house": 0.0580493956804,
            "techno": 0.0273586623371,
            "trance": 0.621015131474
        },
        "probability": 0.621015131474,
        "value": "trance"
    },
    "genre_rosamerica": {
        "all": {
            "cla": 0.000165551842656,
            "dan": 0.925090968609,
            "hip": 0.000756968685891,
            "jaz": 0.00025058616302,
            "pop": 0.00782755110413,
            "rhy": 0.00241450755857,
            "roc": 0.0629639625549,
            "spe": 0.000529886223376
        },
        "probability": 0.925090968609,
        "value": "dan"
    },
    "genre_tzanetakis": {
        "all": {
            "blu": 0.0626541376114,
            "cla": 0.0348133966327,
            "cou": 0.0783501937985,
            "dis": 0.104547761381,
            "hip": 0.15693578124,
            "jaz": 0.313987255096,
            "met": 0.044816005975,
            "pop": 0.0627349764109,
            "reg": 0.0627352520823,
            "roc": 0.0784252434969
        },
        "probability": 0.313987255096,
        "value": "jaz"
    },
    "ismir04_rhythm": {
        "all": {
            "ChaChaCha": 0.555554032326,
            "Jive": 0.0541784875095,
            "Quickstep": 0.0136271277443,
            "Rumba-American": 0.00587791390717,
            "Rumba-International": 0.0158760659397,
            "Rumba-Misc": 0.00177283212543,
            "Samba": 0.34820330143,
            "Tango": 0.00128763262182,
            "VienneseWaltz": 0.00299703399651,
            "Waltz": 0.000625556218438
        },
        "probability": 0.555554032326,
        "value": "ChaChaCha"
    },
    "mood_acoustic": {
        "all": {
            "acoustic": 0.0269590411335,
            "not_acoustic": 0.973040938377
        },
        "probability": 0.973040938377,
        "value": "not_acoustic"
    },
    "mood_aggressive": {
        "all": {
            "aggressive": 0.794066309929,
            "not_aggressive": 0.205933690071
        },
        "probability": 0.794066309929,
        "value": "aggressive"
    },
    "mood_electronic": {
        "all": {
            "electronic": 0.903612554073,
            "not_electronic": 0.0963874682784
        },
        "probability": 0.903612554073,
        "value": "electronic"
    },
    "mood_happy": {
        "all": {
            "happy": 0.287595748901,
            "not_happy": 0.712404251099
        },
        "probability": 0.712404251099,
        "value": "not_happy"
    },
    "mood_party": {
        "all": {
            "not_party": 0.740514278412,
            "party": 0.25948575139
        },
        "probability": 0.740514278412,
        "value": "not_party"
    },
    "mood_relaxed": {
        "all": {
            "not_relaxed": 0.769884884357,
            "relaxed": 0.230115145445
        },
        "probability": 0.769884884357,
        "value": "not_relaxed"
    },
    "mood_sad": {
        "all": {
            "not_sad": 0.684795975685,
            "sad": 0.315204054117
        },
        "probability": 0.684795975685,
        "value": "not_sad"
    },
    "moods_mirex": {
        "all": {
            "Cluster1": 0.233084112406,
            "Cluster2": 0.0705234184861,
            "Cluster3": 0.0821373164654,
            "Cluster4": 0.109065040946,
            "Cluster5": 0.505190134048
        },
        "probability": 0.505190134048,
        "value": "Cluster5"
    },
    "timbre": {
        "all": {
            "bright": 0.990716576576,
            "dark": 0.0092834001407
        },
        "probability": 0.990716576576,
        "value": "bright"
    },
    "tonal_atonal": {
        "all": {
            "atonal": 0.241759583354,
            "tonal": 0.758240401745
        },
        "probability": 0.758240401745,
        "value": "tonal"
    },
    "voice_instrumental": {
        "all": {
            "instrumental": 0.063184902072,
            "voice": 0.936815083027
        },
        "probability": 0.936815083027,
        "value": "voice"
    }
},
"lowlevel": {
    "average_loudness": 0.987229764462,
    "barkbands_crest": {
        "dmean": 3.02147555351,
        "dmean2": 4.61943817139,
        "dvar": 7.2724199295,
        "dvar2": 16.0112476349,
        "max": 25.8781375885,
        "mean": 11.2966661453,
        "median": 10.1489028931,
        "min": 3.14072132111,
        "var": 24.4212341309
    },
    "barkbands_flatness_db": {
        "dmean": 0.0298400968313,
        "dmean2": 0.0444631464779,
        "dvar": 0.000950307876337,
        "dvar2": 0.00188947503921,
        "max": 0.496419727802,
        "mean": 0.14886534214,
        "median": 0.141188472509,
        "min": 0.0471168421209,
        "var": 0.00280327117071
    },
    "barkbands_kurtosis": {
        "dmean": 5.9002456665,
        "dmean2": 8.85361862183,
        "dvar": 258.698181152,
        "dvar2": 497.33001709,
        "max": 461.892272949,
        "mean": 9.31169891357,
        "median": 5.29657840729,
        "min": -1.61537241936,
        "var": 401.41696167
    },
    "barkbands_skewness": {
        "dmean": 0.693186283112,
        "dmean2": 1.04364740849,
        "dvar": 0.628221392632,
        "dvar2": 1.27632451057,
        "max": 14.440990448,
        "mean": 2.48504066467,
        "median": 2.18148040771,
        "min": -0.541822016239,
        "var": 1.75488448143
    },
    "barkbands_spread": {
        "dmean": 7.09037303925,
        "dmean2": 10.6132030487,
        "dvar": 60.7929611206,
        "dvar2": 118.794960022,
        "max": 88.0239868164,
        "mean": 20.5686836243,
        "median": 17.3490447998,
        "min": 0.224647819996,
        "var": 170.307022095
    },
    "dissonance": {
        "dmean": 0.0179991628975,
        "dmean2": 0.0304086953402,
        "dvar": 0.000294892321108,
        "dvar2": 0.000729962135665,
        "max": 0.499996304512,
        "mean": 0.46546202898,
        "median": 0.470762759447,
        "min": 0.284672260284,
        "var": 0.000647245033178
    },
    "dynamic_complexity": 1.11759781837,
    "erbbands_crest": {
        "dmean": 2.46025586128,
        "dmean2": 4.02417469025,
        "dvar": 5.59347581863,
        "dvar2": 14.0008487701,
        "max": 26.1711616516,
        "mean": 7.36203861237,
        "median": 6.30752515793,
        "min": 2.19514513016,
        "var": 14.5277338028
    },
    "erbbands_flatness_db": {
        "dmean": 0.0201170817018,
        "dmean2": 0.0268595870584,
        "dvar": 0.000373758928617,
        "dvar2": 0.000789891462773,
        "max": 0.259648740292,
        "mean": 0.114235721529,
        "median": 0.107327483594,
        "min": 0.0559388883412,
        "var": 0.00119527138304
    },
    "erbbands_kurtosis": {
        "dmean": 0.926167368889,
        "dmean2": 1.44359302521,
        "dvar": 2.42189645767,
        "dvar2": 5.79056072235,
        "max": 26.8192462921,
        "mean": 0.255608379841,
        "median": -0.155521869659,
        "min": -1.65313005447,
        "var": 3.39609766006
    },
    "erbbands_skewness": {
        "dmean": 0.347453176975,
        "dmean2": 0.529647529125,
        "dvar": 0.122360303998,
        "dvar2": 0.263587504625,
        "max": 4.24505901337,
        "mean": 0.593194425106,
        "median": 0.574596345425,
        "min": -1.99938952923,
        "var": 0.390129238367
    },
    "erbbands_spread": {
        "dmean": 12.8101644516,
        "dmean2": 17.3498687744,
        "dvar": 138.390792847,
        "dvar2": 256.954284668,
        "max": 139.587814331,
        "mean": 53.3755455017,
        "median": 49.1859741211,
        "min": 8.40420627594,
        "var": 549.89453125
    },
    "hfc": {
        "dmean": 10.0345611572,
        "dmean2": 15.351817131,
        "dvar": 128.695404053,
        "dvar2": 286.089050293,
        "max": 100.200996399,
        "mean": 32.3553581238,
        "median": 28.7216281891,
        "min": 0.502197682858,
        "var": 276.108551025
    },
    "melbands_crest": {
        "dmean": 3.56239390373,
        "dmean2": 5.89515733719,
        "dvar": 10.064453125,
        "dvar2": 25.684223175,
        "max": 29.7518825531,
        "mean": 15.2670917511,
        "median": 14.3931112289,
        "min": 5.50034141541,
        "var": 27.5224647522
    },
    "melbands_flatness_db": {
        "dmean": 0.0365913957357,
        "dmean2": 0.0533039271832,
        "dvar": 0.00143775495235,
        "dvar2": 0.00269749760628,
        "max": 0.627374529839,
        "mean": 0.216659069061,
        "median": 0.209751322865,
        "min": 0.0790033191442,
        "var": 0.00454679643735
    },
    "melbands_kurtosis": {
        "dmean": 14.9882116318,
        "dmean2": 22.6498603821,
        "dvar": 578.234985352,
        "dvar2": 1217.05041504,
        "max": 396.23626709,
        "mean": 29.3462142944,
        "median": 16.4810276031,
        "min": -0.686415433884,
        "var": 1253.32421875
    },
    "melbands_skewness": {
        "dmean": 1.04028666019,
        "dmean2": 1.53104865551,
        "dvar": 1.30609488487,
        "dvar2": 2.57752418518,
        "max": 15.8925495148,
        "mean": 3.97917509079,
        "median": 3.33234834671,
        "min": 0.312559336424,
        "var": 4.44743537903
    },
    "melbands_spread": {
        "dmean": 5.37414932251,
        "dmean2": 8.11068439484,
        "dvar": 52.273853302,
        "dvar2": 118.038780212,
        "max": 110.561531067,
        "mean": 14.8045301437,
        "median": 12.8541669846,
        "min": 0.34913110733,
        "var": 104.790618896
    },
    "pitch_salience": {
        "dmean": 0.0855548977852,
        "dmean2": 0.137629270554,
        "dvar": 0.00720840133727,
        "dvar2": 0.0166223980486,
        "max": 0.846660971642,
        "mean": 0.52828592062,
        "median": 0.545626163483,
        "min": 0.0998364761472,
        "var": 0.0176512170583
    },
    "silence_rate_20dB": {
        "dmean": 0,
        "dmean2": 0,
        "dvar": 0,
        "dvar2": 0,
        "max": 1,
        "mean": 1,
        "median": 1,
        "min": 1,
        "var": 0
    },
    "silence_rate_30dB": {
        "dmean": 0.088235296309,
        "dmean2": 0.17660728097,
        "dvar": 0.0804489031434,
        "dvar2": 0.165556132793,
        "max": 1,
        "mean": 0.910286128521,
        "median": 1,
        "min": 0,
        "var": 0.0816656425595
    },
    "silence_rate_60dB": {
        "dmean": 0,
        "dmean2": 0,
        "dvar": 0,
        "dvar2": 0,
        "max": 0,
        "mean": 0,
        "median": 0,
        "min": 0,
        "var": 0
    },
    "spectral_centroid": {
        "dmean": 269.943115234,
        "dmean2": 394.644866943,
        "dvar": 78862.953125,
        "dvar2": 170553.78125,
        "max": 3599.30932617,
        "mean": 1005.98626709,
        "median": 909.264282227,
        "min": 129.86807251,
        "var": 212452.328125
    },
    "spectral_complexity": {
        "dmean": 4.92724466324,
        "dmean2": 7.73973655701,
        "dvar": 23.8135547638,
        "dvar2": 54.6852416992,
        "max": 52,
        "mean": 23.1732406616,
        "median": 22,
        "min": 2,
        "var": 60.754119873
    },
    "spectral_decrease": {
        "dmean": 4.17631396132e-09,
        "dmean2": 6.38110941864e-09,
        "dvar": 1.81754609286e-17,
        "dvar2": 4.04058373206e-17,
        "max": -1.15271248102e-09,
        "mean": -1.56695794118e-08,
        "median": -1.40326257281e-08,
        "min": -4.45650982783e-08,
        "var": 4.94852827439e-17
    },
    "spectral_energy": {
        "dmean": 0.0159097053111,
        "dmean2": 0.0244902186096,
        "dvar": 0.000261980690993,
        "dvar2": 0.000579973857384,
        "max": 0.170697152615,
        "mean": 0.06207536906,
        "median": 0.0558952055871,
        "min": 0.00439615640789,
        "var": 0.000701383280102
    },
    "spectral_energyband_high": {
        "dmean": 0.000962252961472,
        "dmean2": 0.00141204777174,
        "dvar": 1.39173539537e-06,
        "dvar2": 3.09930760523e-06,
        "max": 0.0110588492826,
        "mean": 0.00182202667929,
        "median": 0.00127157277893,
        "min": 4.85131295136e-06,
        "var": 3.0014261938e-06
    },
    "spectral_energyband_low": {
        "dmean": 0.0149831976742,
        "dmean2": 0.0221322607249,
        "dvar": 0.00033564757905,
        "dvar2": 0.00068122689845,
        "max": 0.164175868034,
        "mean": 0.0347283370793,
        "median": 0.0228402800858,
        "min": 0.00231121666729,
        "var": 0.000863095454406
    },
    "spectral_energyband_middle_high": {
        "dmean": 0.00174737826455,
        "dmean2": 0.00277892570011,
        "dvar": 3.49916535924e-06,
        "dvar2": 8.27685016702e-06,
        "max": 0.0205661095679,
        "mean": 0.00476735737175,
        "median": 0.00430950755253,
        "min": 7.33026126909e-06,
        "var": 8.45106842462e-06
    },
    "spectral_energyband_middle_low": {
        "dmean": 0.00886787753552,
        "dmean2": 0.0145460255444,
        "dvar": 0.000125200647744,
        "dvar2": 0.000321127998177,
        "max": 0.0871728435159,
        "mean": 0.023420419544,
        "median": 0.0201933756471,
        "min": 0.000561875116546,
        "var": 0.000209777252167
    },
    "spectral_entropy": {
        "dmean": 0.222410529852,
        "dmean2": 0.311934411526,
        "dvar": 0.0517493262887,
        "dvar2": 0.110226914287,
        "max": 8.45417404175,
        "mean": 7.70553588867,
        "median": 7.75088739395,
        "min": 5.50314426422,
        "var": 0.133047506213
    },
    "spectral_flux": {
        "dmean": 0.0361149869859,
        "dmean2": 0.0535411164165,
        "dvar": 0.00107512704562,
        "dvar2": 0.00231133680791,
        "max": 0.358426272869,
        "mean": 0.127686843276,
        "median": 0.115515016019,
        "min": 0.0113230757415,
        "var": 0.00290465378202
    },
    "spectral_kurtosis": {
        "dmean": 1.42268931866,
        "dmean2": 2.05796551704,
        "dvar": 3.26432728767,
        "dvar2": 7.43727684021,
        "max": 24.7464866638,
        "mean": 3.2861995697,
        "median": 2.59927225113,
        "min": -0.4304022789,
        "var": 5.82809400558
    },
    "spectral_rms": {
        "dmean": 0.000972905138042,
        "dmean2": 0.00150146847591,
        "dvar": 8.19362583115e-07,
        "dvar2": 1.7928109628e-06,
        "max": 0.0129047976807,
        "mean": 0.00761885195971,
        "median": 0.00738457217813,
        "min": 0.00207097409293,
        "var": 2.51448750532e-06
    },
    "spectral_rolloff": {
        "dmean": 408.946838379,
        "dmean2": 659.156494141,
        "dvar": 515238.625,
        "dvar2": 1150261,
        "max": 7751.953125,
        "mean": 827.936950684,
        "median": 602.9296875,
        "min": 86.1328125,
        "var": 856688.875
    },
    "spectral_skewness": {
        "dmean": 0.240937843919,
        "dmean2": 0.336224675179,
        "dvar": 0.0537459775805,
        "dvar2": 0.112765513361,
        "max": 3.47943878174,
        "mean": 1.51624345779,
        "median": 1.46774768829,
        "min": 0.408674031496,
        "var": 0.154627874494
    },
    "spectral_spread": {
        "dmean": 891789.6875,
        "dmean2": 1193186,
        "dvar": 740384505856,
        "dvar2": 1.31530280141e+12,
        "max": 10083312,
        "mean": 5876115,
        "median": 5991750.5,
        "min": 1904465,
        "var": 2.56223582618e+12
    },
    "spectral_strongpeak": {
        "dmean": 0.383461177349,
        "dmean2": 0.636964917183,
        "dvar": 0.242441982031,
        "dvar2": 0.656180977821,
        "max": 6.60193634033,
        "mean": 0.725383162498,
        "median": 0.584963798523,
        "min": 0.0611680485308,
        "var": 0.325883239508
    },
    "zerocrossingrate": {
        "dmean": 0.0137036209926,
        "dmean2": 0.0158863496035,
        "dvar": 0.000164402939845,
        "dvar2": 0.000199517264264,
        "max": 0.18408203125,
        "mean": 0.0551436841488,
        "median": 0.0498046875,
        "min": 0.0029296875,
        "var": 0.00091752235312
    },
    "barkbands": {
        "dmean": [0.000514884653967, 0.0126556390896, 0.00637777661905, 0.00432149879634, 0.00422621099278, 0.00156644498929, 0.0027547958307, 0.000974522030447, 0.00105992332101, 0.000444015749963, 0.000602756743319, 0.00041411415441, 0.000328019930748, 0.0002896876249, 0.000188334510312, 0.000159637362231, 0.000192345949472, 0.000181797367986, 0.000159854957019, 0.000200108988793, 0.000148148770677, 0.000178711576154, 0.000217074877582, 0.000203364616027, 0.000169325925526, 0.0001067424746, 1.5310485324e-08],
        "dmean2": [0.000907999987248, 0.0193085353822, 0.0104036787525, 0.00730822328478, 0.00698848860338, 0.00257170386612, 0.00434133689851, 0.00155514769722, 0.00170809344854, 0.000721903692465, 0.000964599952567, 0.000665953033604, 0.000531132973265, 0.000468899175758, 0.000312405638397, 0.000263623485807, 0.000324456923408, 0.000294538534945, 0.000255020800978, 0.000330734153977, 0.000238864507992, 0.000283958972432, 0.00033188413363, 0.000300916028209, 0.000251518271398, 0.000165866920725, 2.73237308335e-08],
        "dvar": [3.4440583363e-07, 0.000352051341906, 0.000101723053376, 5.46106857655e-05, 3.66073436453e-05, 4.11086284657e-06, 1.57678350661e-05, 2.12537065636e-06, 1.89589525235e-06, 5.54495386496e-07, 9.26053985495e-07, 3.07715282588e-07, 1.80178005849e-07, 1.12678812059e-07, 7.72969883656e-08, 3.52203386456e-08, 6.93570498811e-08, 1.18730653753e-07, 5.14943074847e-08, 2.85675014311e-07, 4.41713687849e-08, 4.56781172886e-08, 8.3723207922e-08, 7.97807189201e-08, 4.136744991e-08, 2.49513369965e-08, 5.02866308368e-15],
        "dvar2": [9.44387977597e-07, 0.000735446694307, 0.000270189833827, 0.000144975070725, 9.72367051872e-05, 1.06021543615e-05, 4.27216291428e-05, 5.95015308136e-06, 5.20288540429e-06, 1.35647485422e-06, 2.13739804167e-06, 7.57381314997e-07, 4.58081359511e-07, 2.88958688088e-07, 1.75967102223e-07, 9.26597110151e-08, 1.7435429811e-07, 2.25001144827e-07, 1.27094381241e-07, 7.9663584529e-07, 1.15014778146e-07, 1.0883239554e-07, 1.89183083421e-07, 1.81419892442e-07, 8.85225261982e-08, 6.15973263507e-08, 9.55782406209e-15],
        "max": [0.00468652276322, 0.135160908103, 0.0882893949747, 0.0565017610788, 0.0462416931987, 0.0234017670155, 0.0501565560699, 0.0183118078858, 0.0151521032676, 0.0113683566451, 0.0137079423293, 0.0048541938886, 0.00571512058377, 0.00423147622496, 0.00467123975977, 0.00169492128771, 0.00311857205816, 0.00713383359835, 0.00354821723886, 0.00901054777205, 0.00235764100216, 0.002158066025, 0.00334780896083, 0.00282687670551, 0.00167780835181, 0.0011277794838, 1.88801936929e-06],
        "mean": [0.000550907920115, 0.0209644027054, 0.0106065617874, 0.00539019657299, 0.00703006517142, 0.00272010592744, 0.00461748475209, 0.00154799188022, 0.00199212343432, 0.000655567098875, 0.000920192163903, 0.000642522005364, 0.000547546776943, 0.000473652529763, 0.000303699227516, 0.000281651271507, 0.000304993474856, 0.000288815470412, 0.000275862286799, 0.000291068223305, 0.000218692992348, 0.000295009027468, 0.000352638744516, 0.000368852110114, 0.000283954490442, 0.000150812629727, 1.0421478791e-08],
        "median": [0.000301988155115, 0.00893131457269, 0.00667158234864, 0.00251331739128, 0.00443552760407, 0.00196553324349, 0.00224230345339, 0.000924979103729, 0.00147016858682, 0.000369517307263, 0.000486253236886, 0.000406114151701, 0.000373599701561, 0.000345335982274, 0.000207847348065, 0.000210818543565, 0.000195557266125, 0.000177942667506, 0.000205496937269, 0.000184640302905, 0.000146260630572, 0.000228964199778, 0.000221887821681, 0.000250926648732, 0.000182584582944, 8.67796188686e-05, 1.34697986098e-09],
        "min": [8.29783232348e-07, 6.01535757596e-05, 0.000137089256896, 7.05312995706e-05, 3.9915965317e-05, 1.71926003532e-05, 2.38722095673e-05, 6.50987340123e-06, 4.47777028967e-06, 4.44272018285e-07, 3.28137446104e-07, 1.67066832546e-06, 5.9063165736e-07, 1.68552844571e-07, 4.47076047294e-08, 7.06636811287e-08, 8.22285315394e-08, 1.86905282362e-07, 3.36174480253e-07, 1.31763874833e-06, 8.94811137186e-07, 1.32521131491e-06, 6.09460869327e-07, 2.40996712364e-07, 2.81154299842e-08, 9.34285634968e-11, 1.08681874264e-11],
        "var": [4.03751755584e-07, 0.00069546001032, 0.000131229011458, 5.93467739236e-05, 5.59166583116e-05, 6.86840894559e-06, 3.29594331561e-05, 3.47044851878e-06, 3.68141741092e-06, 8.35029823065e-07, 1.60739273269e-06, 4.96298014241e-07, 3.1084007901e-07, 1.78228319214e-07, 1.06567760838e-07, 6.12011632484e-08, 1.09205210208e-07, 2.37601781805e-07, 8.09067088881e-08, 2.59919829659e-07, 6.30102192645e-08, 8.14166014607e-08, 1.63085317695e-07, 1.57613555984e-07, 8.71502479072e-08, 3.35137215757e-08, 4.17998562196e-15]
    },
    "erbbands": {
        "dmean": [0.363718032837, 3.09643650055, 7.02803516388, 9.97200202942, 13.6500959396, 17.0111923218, 12.8069353104, 12.9948015213, 32.0448417664, 35.8941268921, 22.0130004883, 25.0945472717, 13.63626194, 18.8752002716, 21.9331970215, 14.0440692902, 15.7411642075, 16.4669418335, 11.0092430115, 8.32671451569, 8.54545593262, 10.5585451126, 10.081202507, 9.2029800415, 7.19965553284, 9.52041816711, 6.34824132919, 6.3548822403, 6.10053348541, 5.96072816849, 6.66822576523, 5.05694055557, 3.14716982841, 2.17320728302, 0.963893353939, 0.538497924805, 0.19358356297, 0.0223695524037, 0.000379060133127, 2.91080450552e-05],
        "dmean2": [0.529280006886, 4.79079723358, 11.2893714905, 16.8191566467, 22.3418827057, 28.2737674713, 21.8782062531, 20.7963371277, 52.3121185303, 54.9346542358, 35.1850547791, 41.1029396057, 21.1073513031, 30.6438503265, 34.9558830261, 22.8646659851, 25.2295970917, 26.4717731476, 18.0165939331, 14.1126718521, 14.0294466019, 17.3129711151, 16.3308944702, 14.9839344025, 11.387260437, 15.8743343353, 10.149222374, 10.5655126572, 9.71290206909, 9.1479177475, 10.172326088, 7.37277603149, 4.77184247971, 3.35511088371, 1.51951217651, 0.860145509243, 0.298490196466, 0.0371211245656, 0.000614048272837, 4.53699176433e-05],
        "dvar": [0.239958673716, 23.6867923737, 129.129180908, 219.658370972, 623.174072266, 564.705688477, 285.289916992, 314.755065918, 2846.35766602, 3236.24584961, 1164.95263672, 1195.81262207, 340.157073975, 840.508789062, 1073.59594727, 320.520172119, 448.538024902, 351.068603516, 269.719482422, 102.693161011, 107.710136414, 212.805709839, 443.261383057, 144.690689087, 173.614776611, 839.446960449, 84.428276062, 86.2958145142, 52.2715644836, 62.1602210999, 82.0297088623, 52.2644691467, 16.8111839294, 6.68529462814, 1.44922959805, 0.612907886505, 0.0710031464696, 0.0013968256535, 3.676756819e-07, 8.84722295424e-10],
        "dvar2": [0.528745293617, 49.73878479, 313.622711182, 615.818908691, 1649.83398438, 1442.01953125, 743.790649414, 772.008117676, 7774.12646484, 7560.27441406, 3456.96508789, 3288.70556641, 809.795410156, 2162.3215332, 2543.34887695, 783.753723145, 1140.62854004, 915.988647461, 613.557861328, 283.626464844, 268.701538086, 526.853088379, 817.813598633, 348.038787842, 416.751220703, 2372.27124023, 207.064529419, 233.992248535, 121.379814148, 150.93069458, 186.239028931, 119.597816467, 39.0200080872, 13.6751461029, 3.14765882492, 1.51234102249, 0.171653464437, 0.00363335409202, 9.40683435147e-07, 1.97139660152e-09],
        "max": [4.07508134842, 37.1985244751, 92.7599411011, 112.969772339, 207.02986145, 260.719848633, 166.329849243, 283.676971436, 853.254333496, 726.107055664, 485.889099121, 429.014648438, 216.876037598, 442.016021729, 539.299865723, 203.805023193, 290.981506348, 222.685119629, 268.462463379, 104.011795044, 84.0264282227, 163.955871582, 449.988220215, 165.54045105, 181.743148804, 502.805969238, 133.121734619, 64.7933349609, 71.1165390015, 115.016494751, 93.010635376, 61.1294326782, 50.7634048462, 22.2931556702, 13.0896024704, 6.91349458694, 1.89254462719, 0.235689580441, 0.00394446775317, 0.000225298368605],
        "mean": [0.564301729202, 4.87457990646, 11.6032371521, 16.1846008301, 20.7480278015, 26.3413276672, 19.7087268829, 24.1060600281, 50.6480102539, 65.068321228, 37.2140655518, 45.088104248, 25.77384758, 32.3818664551, 34.8552284241, 24.6686038971, 27.8725681305, 27.9824028015, 18.1907749176, 13.5089817047, 15.7392101288, 17.6513233185, 16.3415641785, 16.0674057007, 12.2403993607, 13.5191583633, 9.90539550781, 9.58908557892, 10.3014602661, 8.93662166595, 10.4442214966, 8.00236129761, 6.01140356064, 3.74052429199, 1.56123292446, 0.787545144558, 0.260905623436, 0.0264247674495, 0.000507530348841, 9.66353545664e-05],
        "median": [0.300517261028, 1.92443454266, 7.37781524658, 10.6031703949, 11.1628656387, 15.2813053131, 12.3128461838, 16.2492675781, 27.4513149261, 31.3708152771, 23.4315166473, 32.9390602112, 14.9682016373, 22.8559436798, 21.0637130737, 17.4350891113, 19.5844802856, 20.8277282715, 12.6061668396, 10.6509180069, 11.542757988, 11.2910919189, 10.0208444595, 11.7428607941, 8.11836624146, 7.86956596375, 6.83616828918, 6.77383136749, 7.99293613434, 5.61053419113, 6.18424415588, 4.68452835083, 4.35946798325, 2.44968819618, 1.00043201447, 0.477731376886, 0.141199082136, 0.0137309255078, 0.000287830160232, 8.85633853613e-05],
        "min": [0.00121924548876, 0.0563696399331, 0.496340543032, 0.529689311981, 0.194266200066, 0.161589026451, 0.150909349322, 0.233940109611, 0.207605913281, 0.321950376034, 0.152799800038, 0.108119010925, 0.0965567454696, 0.0215825662017, 0.0320656746626, 0.066496104002, 0.0475547909737, 0.0118428021669, 0.00993348751217, 0.00306119211018, 0.00440829386935, 0.00489010754973, 0.0053347744979, 0.0149184707552, 0.0303837489337, 0.0514947921038, 0.0549680404365, 0.0295590441674, 0.0461879260838, 0.0327187627554, 0.0128264417872, 0.00766955502331, 0.00207570777275, 0.000464382115752, 0.000172764004674, 4.0637802158e-05, 1.3803623915e-05, 1.61853006375e-06, 3.24230450133e-06, 4.84463953399e-06],
        "var": [0.448021799326, 41.762046814, 156.305969238, 256.314422607, 762.953674316, 1002.54467773, 443.097412109, 608.77746582, 4751.71484375, 8349.56347656, 1844.73242188, 2247.21655273, 799.268493652, 1274.91625977, 1914.86193848, 558.229492188, 762.951477051, 590.675842285, 372.875701904, 122.839279175, 193.898025513, 370.182922363, 902.098999023, 229.324371338, 263.671813965, 708.488708496, 148.202255249, 97.3135528564, 96.0090408325, 113.468772888, 148.866134644, 87.1306228638, 39.5421791077, 15.026017189, 2.63185238838, 0.856904864311, 0.101567901671, 0.00141083134804, 4.04406080179e-07, 1.65767732874e-09]
    },
    "gfcc": {
        "mean": [63.269493103, 89.1340484619, -88.0818023682, 37.2947006226, -61.6001358032, 25.6099853516, -38.5724868774, 15.6874456406, -24.7828025818, 7.87095165253, -15.4331598282, 0.926040887833, -16.334526062],
        "cov": [[1669.48620605, -1031.4934082, 73.8364028931, -112.242263794, -225.00592041, 28.9147949219, -277.319030762, 96.3885421753, -169.243209839, 34.2035331726, -205.245239258, 153.630249023, -135.363540649], [-1031.4934082, 1173.95983887, -368.309692383, -109.577667236, 198.877685547, -101.396789551, 206.613052368, -68.3792114258, 183.907073975, -52.3958854675, 189.234161377, -108.232269287, 130.302124023], [73.8364028931, -368.309692383, 455.608734131, 103.94002533, -44.4692115784, 55.156124115, -44.963180542, 22.5143527985, -78.3602371216, 52.4587898254, -70.8469619751, 18.45911026, -44.8714942932], [-112.242263794, -109.577667236, 103.94002533, 253.803848267, 75.5900421143, 37.811542511, 23.2324771881, -19.76745224, 12.6704711914, 13.9950056076, 13.4365434647, -13.7978057861, 13.6943302155], [-225.00592041, 198.877685547, -44.4692115784, 75.5900421143, 213.58052063, 22.3255634308, 65.9413299561, 12.2427539825, 60.1231689453, 15.5016784668, 46.8609008789, -8.14565181732, 27.4016246796], [28.9147949219, -101.396789551, 55.156124115, 37.811542511, 22.3255634308, 115.698707581, 34.7898139954, 24.0316333771, -2.89770960808, 11.0868024826, -2.05029129982, 4.95089054108, -0.29716283083], [-277.319030762, 206.613052368, -44.963180542, 23.2324771881, 65.9413299561, 34.7898139954, 152.010223389, 23.4041061401, 50.7144088745, 4.67019844055, 58.8219528198, -20.5757102966, 26.0667095184], [96.3885421753, -68.3792114258, 22.5143527985, -19.76745224, 12.2427539825, 24.0316333771, 23.4041061401, 86.3454818726, 19.80651474, 36.3903541565, 2.95984339714, 21.2370510101, -2.69254851341], [-169.243209839, 183.907073975, -78.3602371216, 12.6704711914, 60.1231689453, -2.89770960808, 50.7144088745, 19.80651474, 106.361343384, 18.9557323456, 48.6805343628, -16.5902843475, 30.2338676453], [34.2035331726, -52.3958854675, 52.4587898254, 13.9950056076, 15.5016784668, 11.0868024826, 4.67019844055, 36.3903541565, 18.9557323456, 88.9128189087, 29.0471229553, 19.8354187012, 0.759039640427], [-205.245239258, 189.234161377, -70.8469619751, 13.4365434647, 46.8609008789, -2.05029129982, 58.8219528198, 2.95984339714, 48.6805343628, 29.0471229553, 98.5248031616, 4.33503437042, 36.114566803], [153.630249023, -108.232269287, 18.45911026, -13.7978057861, -8.14565181732, 4.95089054108, -20.5757102966, 21.2370510101, -16.5902843475, 19.8354187012, 4.33503437042, 66.1623916626, 2.02023482323], [-135.363540649, 130.302124023, -44.8714942932, 13.6943302155, 27.4016246796, -0.29716283083, 26.0667095184, -2.69254851341, 30.2338676453, 0.759039640427, 36.114566803, 2.02023482323, 59.6325340271]],
        "icov": [[0.00269671715796, 0.00173257489223, 0.00185728922952, 0.000581460713875, 0.000220152563998, -0.000225215611863, 0.00170514779165, -0.00150131143164, 0.000302506261505, -0.000911476556212, 0.00222816388123, -0.00260436325334, 0.00128125341143], [0.00173257489223, 0.00679670879617, 0.000895602861419, 0.00510253245011, -0.00364250061102, 0.00371954846196, -0.00258865416981, 0.00324604264461, -0.00258270418271, 0.00183435995132, -0.00388526334427, 0.00454435357824, -0.00496082473546], [0.00185728922952, 0.000895602861419, 0.0052654738538, -0.00164747540839, 0.000988064333797, -0.00118666095659, 0.00105432770215, -0.00171328068245, 0.00256077433005, -0.00396047625691, 0.00444695120677, -0.00208669877611, 0.00173089816235], [0.000581460713875, 0.00510253245011, -0.00164747540839, 0.00986165180802, -0.00506183877587, 0.00193160714116, -0.00262794643641, 0.00563924526796, -0.00300027639605, 0.00162779015955, -0.00446056621149, 0.00534012028947, -0.00557406526059], [0.000220152563998, -0.00364250061102, 0.000988064333797, -0.00506183877587, 0.00927931535989, -0.00307511189021, 0.00115734955762, -0.00322153302841, -0.000309337629005, -0.00197450537235, 0.00335920206271, -0.00485467538238, 0.0037462557666], [-0.000225215611863, 0.00371954846196, -0.00118666095659, 0.00193160714116, -0.00307511189021, 0.0136973699555, -0.00571549218148, 0.000605572597124, -0.00058627629187, 0.00167825329117, -0.00234000198543, 0.0036035599187, -0.00439730938524], [0.00170514779165, -0.00258865416981, 0.00105432770215, -0.00262794643641, 0.00115734955762, -0.00571549218148, 0.01568698138, -0.00798026565462, 0.00102571491152, 0.00140281079803, -0.00256385980174, -0.00114969629794, 0.00419991370291], [-0.00150131143164, 0.00324604264461, -0.00171328068245, 0.00563924526796, -0.00322153302841, 0.000605572597124, -0.00798026565462, 0.0235526096076, -0.00706697301939, -0.00466292770579, 0.000468356185593, -0.000325963366777, -0.00368013768457], [0.000302506261505, -0.00258270418271, 0.00256077433005, -0.00300027639605, -0.000309337629005, -0.00058627629187, 0.00102571491152, -0.00706697301939, 0.0192286018282, -0.00425060186535, -0.000314940116368, 0.00248099584132, -0.00127040059306], [-0.000911476556212, 0.00183435995132, -0.00396047625691, 0.00162779015955, -0.00197450537235, 0.00167825329117, 0.00140281079803, -0.00466292770579, -0.00425060186535, 0.0213962160051, -0.0125141106546, 0.00146326317918, 7.26614598534e-05], [0.00222816388123, -0.00388526334427, 0.00444695120677, -0.00446056621149, 0.00335920206271, -0.00234000198543, -0.00256385980174, 0.000468356185593, -0.000314940116368, -0.0125141106546, 0.0303755290806, -0.0123722925782, -0.000153239336214], [-0.00260436325334, 0.00454435357824, -0.00208669877611, 0.00534012028947, -0.00485467538238, 0.0036035599187, -0.00114969629794, -0.000325963366777, 0.00248099584132, 0.00146326317918, -0.0123722925782, 0.0304925516248, -0.0107181826606], [0.00128125341143, -0.00496082473546, 0.00173089816235, -0.00557406526059, 0.0037462557666, -0.00439730938524, 0.00419991370291, -0.00368013768457, -0.00127040059306, 7.26614598534e-05, -0.000153239336214, -0.0107181826606, 0.0304537843913]]
    },
    "melbands": {
        "dmean": [0.0034053241834, 0.00351654784754, 0.00186086329632, 0.00101570924744, 0.000493349740282, 0.000295501959044, 0.000511531077791, 0.000336826342391, 0.000182046816917, 0.000151751941303, 6.80351513438e-05, 7.78856847319e-05, 8.73360550031e-05, 5.0421240303e-05, 3.62947539543e-05, 3.01299169223e-05, 3.24969441863e-05, 1.77348811121e-05, 1.2156811863e-05, 1.08551530502e-05, 1.13601463454e-05, 1.21449684229e-05, 1.04647588159e-05, 9.00600753084e-06, 8.0563559095e-06, 5.25201903656e-06, 6.54728546579e-06, 6.41982933303e-06, 4.43351746071e-06, 3.44171962752e-06, 4.23831761509e-06, 3.64107290807e-06, 3.65910773326e-06, 3.35207073476e-06, 3.89002752854e-06, 4.90342381454e-06, 2.45091541728e-06, 2.27232408179e-06, 2.70756731879e-06, 1.69879274381e-06],
        "dmean2": [0.00496729370207, 0.00545183196664, 0.00308312429115, 0.00165626674425, 0.000832576304674, 0.000476658577099, 0.000822569942102, 0.000516604050063, 0.000293607852655, 0.000248425174505, 0.000104540558823, 0.000126827682834, 0.000139063733513, 8.08783006505e-05, 5.91577481828e-05, 4.88989862788e-05, 5.20317080372e-05, 2.94693945762e-05, 2.05431133509e-05, 1.84131004062e-05, 1.86638608284e-05, 2.03622348636e-05, 1.70823714143e-05, 1.47741866385e-05, 1.32994809974e-05, 8.33938429423e-06, 1.06368697743e-05, 1.08503054435e-05, 7.06221271685e-06, 5.5833852457e-06, 7.32258058633e-06, 5.82778966418e-06, 5.81518952458e-06, 5.18473780176e-06, 6.02956288276e-06, 7.54658321966e-06, 3.53786731466e-06, 3.53962741428e-06, 4.34232742919e-06, 2.64583695753e-06],
        "dvar": [2.16608532355e-05, 2.73218811344e-05, 8.18441276351e-06, 2.16408784581e-06, 3.64941996622e-07, 1.59811420986e-07, 6.34747152617e-07, 2.73235514214e-07, 7.12742505016e-08, 4.05617477384e-08, 8.78366979151e-09, 1.53262860181e-08, 2.00340739553e-08, 4.89955764849e-09, 2.41909114962e-09, 1.12248066397e-09, 1.45041811894e-09, 6.79877598664e-10, 2.63850774562e-10, 1.84999848774e-10, 1.90911939035e-10, 2.879321781e-10, 3.75243086603e-10, 2.42901143643e-10, 1.09674831716e-10, 5.84340770216e-11, 2.82899981219e-10, 3.84537734988e-10, 4.61198718105e-11, 2.0707147802e-11, 3.90766377589e-11, 1.80490396934e-11, 2.22497680002e-11, 2.16413380272e-11, 2.78909499662e-11, 5.77828965231e-11, 1.08072517949e-11, 8.69318072388e-12, 1.30357244096e-11, 3.79284711277e-12],
        "dvar2": [4.56536763522e-05, 5.94404591538e-05, 2.21496939048e-05, 5.67145889363e-06, 9.40293659824e-07, 3.97533852947e-07, 1.75669651981e-06, 6.30596787232e-07, 2.09365310866e-07, 1.10638502804e-07, 2.09206003632e-08, 3.94537131854e-08, 4.66852476677e-08, 1.22406191849e-08, 5.64700597394e-09, 2.96233193531e-09, 3.69438835079e-09, 1.60571567154e-09, 6.72009947689e-10, 4.95966767655e-10, 4.72785199879e-10, 7.38135941258e-10, 7.69954988655e-10, 4.59590449031e-10, 2.74089140273e-10, 1.39401046262e-10, 7.5566841673e-10, 1.08855113812e-09, 1.1507105685e-10, 5.29804429494e-11, 1.07818809436e-10, 4.16274445469e-11, 5.27206646395e-11, 5.21394177833e-11, 6.35495406298e-11, 1.42314229845e-10, 2.3233626828e-11, 2.08460158857e-11, 3.25912075105e-11, 7.68336956558e-12],
        "max": [0.0381952933967, 0.0402269400656, 0.0221231356263, 0.012113804929, 0.0057556591928, 0.00563162053004, 0.0118732731789, 0.00676012830809, 0.00375899439678, 0.00249984837137, 0.00107009976637, 0.00193616724573, 0.00225356849842, 0.000660604098812, 0.000608222733717, 0.000417144328821, 0.000477248686366, 0.000378437543986, 0.000233717641095, 0.000146442747791, 0.000117245464935, 0.000155613568495, 0.000399260374252, 0.00029030937003, 0.000148003804497, 0.000119637094031, 0.000248769152677, 0.000346529763192, 0.000115422939416, 3.83689948649e-05, 4.42854507128e-05, 4.36590416939e-05, 5.15769352205e-05, 6.89794760547e-05, 5.7429777371e-05, 6.86211860739e-05, 3.02651715174e-05, 3.55488191417e-05, 3.19390164805e-05, 1.82193980436e-05],
        "mean": [0.00557215930894, 0.00638056360185, 0.00304326298647, 0.0016996585764, 0.000796898442786, 0.000530083023477, 0.000838474137709, 0.000621924176812, 0.000301440857584, 0.000275097088888, 0.00012176342716, 0.000126126746181, 0.000131945751491, 7.65769073041e-05, 6.08214504609e-05, 5.31838741153e-05, 5.1862662076e-05, 2.71738354058e-05, 1.93305750145e-05, 1.69054237631e-05, 1.90906484931e-05, 1.87949353858e-05, 1.55087473104e-05, 1.39253452289e-05, 1.31405267894e-05, 9.04608350538e-06, 9.29282850848e-06, 8.79789604369e-06, 6.61526200929e-06, 4.89052399644e-06, 6.08596701568e-06, 6.32198634776e-06, 4.99317548019e-06, 5.04686204295e-06, 5.89318324273e-06, 6.93226684234e-06, 3.84001305065e-06, 4.15613203586e-06, 4.19653270001e-06, 2.76278615274e-06],
        "median": [0.00264894403517, 0.00386168109253, 0.00199444754981, 0.00106613989919, 0.000542136782315, 0.000362546532415, 0.000462713564048, 0.000298321450828, 0.000194367938093, 0.000207841163501, 6.15515382378e-05, 8.46962211654e-05, 7.0676454925e-05, 4.65385201096e-05, 4.17737246607e-05, 3.9960090362e-05, 3.72453941964e-05, 1.82902003871e-05, 1.43391162055e-05, 1.29997815748e-05, 1.31945480462e-05, 1.18195821415e-05, 8.86026009539e-06, 8.44172973302e-06, 9.4851693575e-06, 6.70176859785e-06, 5.00151054439e-06, 5.07241929881e-06, 4.51884579888e-06, 2.88614296551e-06, 4.36248501501e-06, 4.65201173938e-06, 3.29293925461e-06, 3.02810485664e-06, 3.37795268024e-06, 3.94264725401e-06, 2.24331847676e-06, 2.91533615382e-06, 2.77929893855e-06, 1.77100275778e-06],
        "min": [9.36153628572e-06, 0.000206855038414, 0.00011689105304, 4.9127602324e-06, 5.57213570573e-06, 2.77846515928e-06, 4.30307954957e-06, 2.80962353827e-06, 7.24244785033e-07, 6.77367268054e-07, 4.37490484728e-07, 5.46425766856e-08, 7.10522130021e-08, 2.0055637151e-07, 1.85591844115e-07, 5.47875522727e-08, 1.40327287568e-08, 1.98527168038e-08, 4.12538847527e-09, 2.86483459178e-09, 5.73725023045e-09, 4.74134642658e-09, 2.65482613671e-09, 8.80197781328e-09, 1.12915650163e-08, 1.70298122271e-08, 2.71552593745e-08, 3.02163591925e-08, 4.18985237616e-08, 1.99493914721e-08, 1.27485435542e-08, 2.68475073284e-08, 2.36532944342e-08, 1.5418876842e-08, 6.9918835166e-09, 6.29146246212e-09, 3.26112248317e-09, 1.43394973673e-09, 8.69085081678e-11, 7.5641895525e-11],
