{
"highlevel": {
    "danceability": {
        "all": {
            "danceable": 0.0453142747283,
            "not_danceable": 0.954685747623
        },
        "probability": 0.954685747623,
        "value": "not_danceable"
    },
    "gender": {
        "all": {
            "female": 0.604667246342,
            "male": 0.395332723856
        },
        "probability": 0.604667246342,
        "value": "female"
    },
    "genre_dortmund": {
        "all": {
            "alternative": 0.263043493032,
            "blues": 0.0469477586448,
            "electronic": 0.00887879170477,
            "folkcountry": 0.0255467221141,
            "funksoulrnb": 0.00309476815164,
            "jazz": 0.00239896238782,
            "pop": 0.0124595230445,
            "raphiphop": 0.00195861398242,
            "rock": 0.635671377182
        },
        "probability": 0.635671377182,
        "value": "rock"
    },
    "genre_electronic": {
        "all": {
            "ambient": 0.55919700861,
            "dnb": 0.281414210796,
            "house": 0.01591707021,
            "techno": 0.00246843090281,
            "trance": 0.141003295779
        },
        "probability": 0.55919700861,
        "value": "ambient"
    },
    "genre_rosamerica": {
        "all": {
            "cla": 0.014310519211,
            "dan": 0.00206943810917,
            "hip": 0.00182821264025,
            "jaz": 0.00137684599031,
            "pop": 0.00446965685114,
            "rhy": 0.00179641647264,
            "roc": 0.972634553909,
            "spe": 0.00151435076259
        },
        "probability": 0.972634553909,
        "value": "roc"
    },
    "genre_tzanetakis": {
        "all": {
            "blu": 0.0626613423228,
            "cla": 0.0348169617355,
            "cou": 0.104475811124,
            "dis": 0.0784321576357,
            "hip": 0.15692435205,
            "jaz": 0.313974827528,
            "met": 0.0448166541755,
            "pop": 0.0627359300852,
            "reg": 0.0627360641956,
            "roc": 0.0784258767962
        },
        "probability": 0.313974827528,
        "value": "jaz"
    },
    "ismir04_rhythm": {
        "all": {
            "ChaChaCha": 0.00118752580602,
            "Jive": 0.715623140335,
            "Quickstep": 0.000440326839453,
            "Rumba-American": 0.000552689190954,
            "Rumba-International": 0.000785070529673,
            "Rumba-Misc": 0.000667299085762,
            "Samba": 0.00247145886533,
            "Tango": 0.0052220467478,
            "VienneseWaltz": 0.271170884371,
            "Waltz": 0.00187954376452
        },
        "probability": 0.715623140335,
        "value": "Jive"
    },
    "mood_acoustic": {
        "all": {
            "acoustic": 1.93729215425e-06,
            "not_acoustic": 0.999998033047
        },
        "probability": 0.999998033047,
        "value": "not_acoustic"
    },
    "mood_aggressive": {
        "all": {
            "aggressive": 0.989533007145,
            "not_aggressive": 0.0104669872671
        },
        "probability": 0.989533007145,
        "value": "aggressive"
    },
    "mood_electronic": {
        "all": {
            "electronic": 0.171184644103,
            "not_electronic": 0.828815340996
        },
        "probability": 0.828815340996,
        "value": "not_electronic"
    },
    "mood_happy": {
        "all": {
            "happy": 0.560972929001,
            "not_happy": 0.439027070999
        },
        "probability": 0.560972929001,
        "value": "happy"
    },
    "mood_party": {
        "all": {
            "not_party": 0.429663300514,
            "party": 0.570336699486
        },
        "probability": 0.570336699486,
        "value": "party"
    },
    "mood_relaxed": {
        "all": {
            "not_relaxed": 0.852335095406,
            "relaxed": 0.147664934397
        },
        "probability": 0.852335095406,
        "value": "not_relaxed"
    },
    "mood_sad": {
        "all": {
            "not_sad": 0.590396940708,
            "sad": 0.409603089094
        },
        "probability": 0.590396940708,
        "value": "not_sad"
    },
    "moods_mirex": {
        "all": {
            "Cluster1": 0.181331112981,
            "Cluster2": 0.014933261089,
            "Cluster3": 0.139784231782,
            "Cluster4": 0.0229419544339,
            "Cluster5": 0.641009449959
        },
        "probability": 0.641009449959,
        "value": "Cluster5"
    },
    "timbre": {
        "all": {
            "bright": 0.131927326322,
            "dark": 0.86807268858
        },
        "probability": 0.86807268858,
        "value": "dark"
    },
    "tonal_atonal": {
        "all": {
            "atonal": 0.0196543969214,
            "tonal": 0.980345606804
        },
        "probability": 0.980345606804,
        "value": "tonal"
    },
    "voice_instrumental": {
        "all": {
            "instrumental": 7.25700883777e-05,
            "voice": 0.999927401543
        },
        "probability": 0.999927401543,
        "value": "voice"
    }
},
"lowlevel": {
    "average_loudness": 0.980024337769,
    "barkbands_crest": {
        "dmean": 2.20005702972,
        "dmean2": 3.65401053429,
        "dvar": 4.06706905365,
        "dvar2": 10.2518091202,
        "max": 18.8884811401,
        "mean": 7.32455778122,
        "median": 6.77541589737,
        "min": 2.81858372688,
        "var": 7.19466209412
    },
    "barkbands_flatness_db": {
        "dmean": 0.0147537700832,
        "dmean2": 0.0247138310224,
        "dvar": 0.000157634625793,
        "dvar2": 0.000397250405513,
        "max": 0.204240977764,
        "mean": 0.121567539871,
        "median": 0.121341682971,
        "min": 0.0558432526886,
        "var": 0.000460266979644
    },
    "barkbands_kurtosis": {
        "dmean": 0.676102340221,
        "dmean2": 1.15895974636,
        "dvar": 0.98055511713,
        "dvar2": 2.68839979172,
        "max": 11.8138542175,
        "mean": -0.619522690773,
        "median": -0.906023025513,
        "min": -1.79703450203,
        "var": 1.05440914631
    },
    "barkbands_skewness": {
        "dmean": 0.448779374361,
        "dmean2": 0.720213592052,
        "dvar": 0.201379045844,
        "dvar2": 0.494264692068,
        "max": 3.41890764236,
        "mean": 0.225923359394,
        "median": 0.165389001369,
        "min": -1.58900356293,
        "var": 0.420264154673
    },
    "barkbands_spread": {
        "dmean": 5.18307876587,
        "dmean2": 8.00357818604,
        "dvar": 22.6573543549,
        "dvar2": 53.7097816467,
        "max": 66.6667938232,
        "mean": 30.7714729309,
        "median": 30.0914764404,
        "min": 5.5636472702,
        "var": 103.97038269
    },
    "dissonance": {
        "dmean": 0.010321254842,
        "dmean2": 0.0176860131323,
        "dvar": 0.00010606161959,
        "dvar2": 0.000278735678876,
        "max": 0.499937802553,
        "mean": 0.480357587337,
        "median": 0.4850666821,
        "min": 0.367431104183,
        "var": 0.000242310561589
    },
    "dynamic_complexity": 1.35422646999,
    "erbbands_crest": {
        "dmean": 2.87047958374,
        "dmean2": 4.67041158676,
        "dvar": 6.84357786179,
        "dvar2": 18.1438694,
        "max": 26.5256519318,
        "mean": 9.8909072876,
        "median": 9.00167655945,
        "min": 3.06248092651,
        "var": 15.0775928497
    },
    "erbbands_flatness_db": {
        "dmean": 0.0176745485514,
        "dmean2": 0.0267653968185,
        "dvar": 0.000261961598881,
        "dvar2": 0.000567419920117,
        "max": 0.304235726595,
        "mean": 0.188134774566,
        "median": 0.191034972668,
        "min": 0.102176114917,
        "var": 0.000940061232541
    },
    "erbbands_kurtosis": {
        "dmean": 1.33230936527,
        "dmean2": 2.1329126358,
        "dvar": 3.40374064445,
        "dvar2": 8.48468589783,
        "max": 21.4102497101,
        "mean": 1.62082111835,
        "median": 0.887579441071,
        "min": -1.46707427502,
        "var": 7.95960664749
    },
    "erbbands_skewness": {
        "dmean": 0.320047020912,
        "dmean2": 0.493967920542,
        "dvar": 0.0910572111607,
        "dvar2": 0.204667255282,
        "max": 1.37545239925,
        "mean": -0.637636125088,
        "median": -0.628412365913,
        "min": -3.41222953796,
        "var": 0.556953549385
    },
    "erbbands_spread": {
        "dmean": 6.76303768158,
        "dmean2": 11.0242137909,
        "dvar": 56.4766578674,
        "dvar2": 140.29510498,
        "max": 75.5205917358,
        "mean": 25.5640735626,
        "median": 24.2017097473,
        "min": 5.72642087936,
        "var": 109.625640869
    },
    "hfc": {
        "dmean": 6.81997680664,
        "dmean2": 10.6147480011,
        "dvar": 50.7085380554,
        "dvar2": 114.105178833,
        "max": 134.674499512,
        "mean": 34.5300979614,
        "median": 32.6596984863,
        "min": 8.26187896729,
        "var": 203.712585449
    },
    "melbands_crest": {
        "dmean": 3.41521716118,
        "dmean2": 5.55421495438,
        "dvar": 8.49905014038,
        "dvar2": 21.5840606689,
        "max": 27.2388687134,
        "mean": 11.0255203247,
        "median": 10.4556407928,
        "min": 3.41758942604,
        "var": 17.9277954102
    },
    "melbands_flatness_db": {
        "dmean": 0.0200951844454,
        "dmean2": 0.0321457013488,
        "dvar": 0.000397815456381,
        "dvar2": 0.00095598527696,
        "max": 0.260592192411,
        "mean": 0.135772317648,
        "median": 0.133437439799,
        "min": 0.0338612608612,
        "var": 0.00115115125664
    },
    "melbands_kurtosis": {
        "dmean": 2.3241443634,
        "dmean2": 3.9491724968,
        "dvar": 15.3925800323,
        "dvar2": 40.7411270142,
        "max": 46.5180358887,
        "mean": 1.54254615307,
        "median": 0.398308038712,
        "min": -1.8097769022,
        "var": 15.2726411819
    },
    "melbands_skewness": {
        "dmean": 0.596618592739,
        "dmean2": 0.95917481184,
        "dvar": 0.419090896845,
        "dvar2": 1.05493414402,
        "max": 6.21164178848,
        "mean": 1.19509899616,
        "median": 1.03725111485,
        "min": -0.780658006668,
        "var": 0.773866355419
    },
    "melbands_spread": {
        "dmean": 10.5863180161,
        "dmean2": 16.7200031281,
        "dvar": 113.001594543,
        "dvar2": 249.963104248,
        "max": 142.743484497,
        "mean": 47.5247650146,
        "median": 46.1561698914,
        "min": 6.81128787994,
        "var": 350.716278076
    },
    "pitch_salience": {
        "dmean": 0.0628216415644,
        "dmean2": 0.103357739747,
        "dvar": 0.00269528990611,
        "dvar2": 0.00755751226097,
        "max": 0.800511777401,
        "mean": 0.586055278778,
        "median": 0.589106380939,
        "min": 0.300299614668,
        "var": 0.00585013162345
    },
    "silence_rate_20dB": {
        "dmean": 0,
        "dmean2": 0,
        "dvar": 0,
        "dvar2": 0,
        "max": 1,
        "mean": 1,
        "median": 1,
        "min": 1,
        "var": 0
    },
    "silence_rate_30dB": {
        "dmean": 0,
        "dmean2": 0,
        "dvar": 0,
        "dvar2": 0,
        "max": 1,
        "mean": 1,
        "median": 1,
        "min": 1,
        "var": 0
    },
    "silence_rate_60dB": {
        "dmean": 0,
        "dmean2": 0,
        "dvar": 0,
        "dvar2": 0,
        "max": 0,
        "mean": 0,
        "median": 0,
        "min": 0,
        "var": 0
    },
    "spectral_centroid": {
        "dmean": 209.14352417,
        "dmean2": 337.121459961,
        "dvar": 38567.1757812,
        "dvar2": 95010.15625,
        "max": 3186.6081543,
        "mean": 1946.32556152,
        "median": 1943.44909668,
        "min": 895.126464844,
        "var": 137410.6875
    },
    "spectral_complexity": {
        "dmean": 3.99148607254,
        "dmean2": 6.38419818878,
        "dvar": 12.5843114853,
        "dvar2": 31.9530487061,
        "max": 50,
        "mean": 30.5808200836,
        "median": 32,
        "min": 9,
        "var": 48.0006256104
    },
    "spectral_decrease": {
        "dmean": 1.87483606418e-09,
        "dmean2": 3.13167913824e-09,
        "dvar": 5.07936004043e-18,
        "dvar2": 1.36147526448e-17,
        "max": -1.3052575687e-09,
        "mean": -6.43461373073e-09,
        "median": -6.21698914571e-09,
        "min": -1.97579712591e-08,
        "var": 7.37136378048e-18
    },
    "spectral_energy": {
        "dmean": 0.00742587586865,
        "dmean2": 0.0123970732093,
        "dvar": 7.56820445531e-05,
        "dvar2": 0.000202780225663,
        "max": 0.080745883286,
        "mean": 0.027417704463,
        "median": 0.0265620350838,
        "min": 0.00567572936416,
        "var": 0.000115962946438
    },
    "spectral_energyband_high": {
        "dmean": 0.000391315610614,
        "dmean2": 0.000592162599787,
        "dvar": 6.41271810764e-07,
        "dvar2": 1.24829296055e-06,
        "max": 0.0131606012583,
        "mean": 0.00103065581061,
        "median": 0.000677671574522,
        "min": 4.37960225099e-05,
        "var": 1.6376509393e-06
    },
    "spectral_energyband_low": {
        "dmean": 0.0038991139736,
        "dmean2": 0.0065022399649,
        "dvar": 4.72901847388e-05,
        "dvar2": 0.000127215418615,
        "max": 0.0489618480206,
        "mean": 0.0051252883859,
        "median": 0.00292913801968,
        "min": 6.1311351601e-05,
        "var": 4.43035496573e-05
    },
    "spectral_energyband_middle_high": {
        "dmean": 0.00271017989144,
        "dmean2": 0.00421731360257,
        "dvar": 6.58802082398e-06,
        "dvar2": 1.44879440995e-05,
        "max": 0.0361675284803,
        "mean": 0.0118582984433,
        "median": 0.0107390219346,
        "min": 0.00145505694672,
        "var": 3.23534368363e-05
    },
    "spectral_energyband_middle_low": {
        "dmean": 0.00462590670213,
        "dmean2": 0.00779369706288,
        "dvar": 3.72041140508e-05,
        "dvar2": 9.74589347607e-05,
        "max": 0.0507673658431,
        "mean": 0.0104355737567,
        "median": 0.00798559561372,
        "min": 0.000908766349312,
        "var": 6.0123304138e-05
    },
    "spectral_entropy": {
        "dmean": 0.0927146971226,
        "dmean2": 0.13944658637,
        "dvar": 0.00793857686222,
        "dvar2": 0.0148715265095,
        "max": 8.48788070679,
        "mean": 7.7379026413,
        "median": 7.72744131088,
        "min": 7.08966016769,
        "var": 0.0364383496344
    },
    "spectral_flux": {
        "dmean": 0.0222388133407,
        "dmean2": 0.0351586826146,
        "dvar": 0.000549487769604,
        "dvar2": 0.00101874407846,
        "max": 0.209597274661,
        "mean": 0.0985611900687,
        "median": 0.0920685455203,
        "min": 0.0343624055386,
        "var": 0.00102250697091
    },
    "spectral_kurtosis": {
        "dmean": 1.48254823685,
        "dmean2": 2.53253531456,
        "dvar": 1.86711835861,
        "dvar2": 5.05079030991,
        "max": 14.8584442139,
        "mean": 4.09781646729,
        "median": 3.92349481583,
        "min": -0.124602794647,
        "var": 3.6958091259
    },
    "spectral_rms": {
        "dmean": 0.000674306356814,
        "dmean2": 0.00110516429413,
        "dvar": 5.3128763966e-07,
        "dvar2": 1.40157465012e-06,
        "max": 0.00887561123818,
        "mean": 0.00507304118946,
        "median": 0.00509059708565,
        "min": 0.00235314620659,
        "var": 1.01323689705e-06
    },
    "spectral_rolloff": {
        "dmean": 401.730377197,
        "dmean2": 650.283813477,
        "dvar": 441108.84375,
        "dvar2": 863202.375,
        "max": 9733.0078125,
        "mean": 2446.14355469,
        "median": 2260.98632812,
        "min": 172.265625,
        "var": 1144816.5
    },
    "spectral_skewness": {
        "dmean": 0.183330267668,
        "dmean2": 0.303106307983,
        "dvar": 0.0241679176688,
        "dvar2": 0.0634686499834,
        "max": 2.73226761818,
        "mean": 1.30112040043,
        "median": 1.30061554909,
        "min": 0.606408059597,
        "var": 0.0652138590813
    },
    "spectral_spread": {
        "dmean": 331860.34375,
        "dmean2": 497618.59375,
        "dvar": 165778964480,
        "dvar2": 265534177280,
        "max": 9403538,
        "mean": 3484841.5,
        "median": 3313430,
        "min": 2026340.125,
        "var": 758531883008
    },
    "spectral_strongpeak": {
        "dmean": 1.28025329113,
        "dmean2": 2.27276325226,
        "dvar": 2.58950257301,
        "dvar2": 6.1066493988,
        "max": 12.6070957184,
        "mean": 1.83916831017,
        "median": 1.15773928165,
        "min": 0.0490584261715,
        "var": 3.67519664764
    },
    "zerocrossingrate": {
        "dmean": 0.0088506648317,
        "dmean2": 0.0104074636474,
        "dvar": 0.000102700658317,
        "dvar2": 0.000119391253975,
        "max": 0.2763671875,
        "mean": 0.0823461934924,
        "median": 0.078125,
        "min": 0.03515625,
        "var": 0.000661640486214
    },
    "barkbands": {
        "dmean": [6.32634619251e-05, 0.00196365825832, 0.00156717770733, 0.0019736266695, 0.00164259481244, 0.00059061072534, 0.000847096613143, 0.00102094514295, 0.000902501808014, 0.000495319429319, 0.000317873054883, 0.000286410941044, 0.00057202129392, 0.000662688049488, 0.00137758778874, 0.00101725978311, 0.00064168922836, 0.000385925552109, 0.000284746318357, 0.00015781003458, 0.000100430079328, 9.47920416365e-05, 8.95768462215e-05, 9.11420065677e-05, 3.56459386239e-05, 3.75911463379e-06, 1.71479630495e-08],
        "dmean2": [0.000109384876851, 0.0031269476749, 0.00284684239887, 0.00357820442878, 0.00293190754019, 0.000978173920885, 0.00134476344101, 0.00160333479289, 0.001337478403, 0.000758318929002, 0.000501574890222, 0.000458160415292, 0.000936964235734, 0.00107959320303, 0.00228780088946, 0.00162490503863, 0.00105734553654, 0.000637472025119, 0.000473473250167, 0.000258496438619, 0.000166387239005, 0.000154779729201, 0.000140721938806, 0.000135264563141, 5.34000937478e-05, 6.03803482591e-06, 3.13246708572e-08],
        "dvar": [2.01996321891e-08, 1.50308469529e-05, 9.91643082671e-06, 1.09491129479e-05, 8.80323023011e-06, 7.95186281266e-07, 3.91573212255e-06, 3.19142986882e-06, 3.80808296541e-06, 1.55167299454e-06, 7.59381634907e-07, 5.02167608829e-07, 8.589125855e-07, 1.23373558836e-06, 2.13472753785e-06, 1.38411064654e-06, 5.64882668641e-07, 3.09242437879e-07, 9.05327723899e-08, 4.6991402769e-08, 2.28356444865e-08, 2.40151258879e-08, 4.90569789235e-08, 1.23760386828e-07, 3.06897511848e-08, 1.09786131575e-10, 9.27755525941e-15],
        "dvar2": [5.35551691883e-08, 3.7831337977e-05, 2.86247523036e-05, 3.05377798213e-05, 2.51406163443e-05, 1.98189763978e-06, 9.14402335184e-06, 7.6179539974e-06, 8.85757253855e-06, 3.31955493493e-06, 1.54746373937e-06, 1.28542831135e-06, 2.04748948818e-06, 2.99821385852e-06, 5.63889398109e-06, 3.18658680953e-06, 1.43166687394e-06, 7.01220415067e-07, 2.26718753993e-07, 1.12914214867e-07, 6.09127326356e-08, 6.06902830214e-08, 1.01601607128e-07, 2.4086645567e-07, 5.19111154063e-08, 2.63851551718e-10, 2.64591019044e-14],
        "max": [0.00151098088827, 0.0417902618647, 0.0286423787475, 0.029437661171, 0.0227669533342, 0.0150893284008, 0.0327672958374, 0.0202805120498, 0.0260099135339, 0.0186180621386, 0.0177891161293, 0.0129632009193, 0.0131752444431, 0.0181498136371, 0.0201250091195, 0.017958374694, 0.0127861984074, 0.0103704100475, 0.00374238565564, 0.00330208637752, 0.00195452850312, 0.00220331037417, 0.00352616212331, 0.00727193756029, 0.00544728059322, 0.000164892146131, 1.94800531972e-06],
        "mean": [6.30290960544e-05, 0.00237355800346, 0.00173855863977, 0.00194073480088, 0.00218551838771, 0.000989079824649, 0.00143579777796, 0.00193727877922, 0.00177618907765, 0.00081623008009, 0.000571561453398, 0.000492142455187, 0.00097342277877, 0.00112639297731, 0.00273024942726, 0.00211944058537, 0.00145099777728, 0.0008270238759, 0.000674235110637, 0.000355097930878, 0.000229560624575, 0.000190980208572, 0.000180113580427, 0.00016767224588, 6.76298586768e-05, 5.21028459843e-06, 1.16385656668e-08],
        "median": [1.10468636194e-05, 0.000788056640886, 0.000939119956456, 0.000895312579814, 0.00155073625501, 0.000569062714931, 0.000530953053385, 0.000545945251361, 0.000469239923405, 0.000191818777239, 8.87424685061e-05, 0.000152643711772, 0.000588266528212, 0.000644650601316, 0.00228585349396, 0.00143572501838, 0.00110533251427, 0.000638071855064, 0.000571284210309, 0.00027196976589, 0.000183864351129, 0.00013168118312, 0.000103013124317, 6.0597591073e-05, 1.7023707187e-05, 1.51073641064e-06, 9.98233717908e-10],
        "min": [9.95910021118e-09, 4.10934217143e-06, 1.1798118976e-05, 2.06094546229e-06, 9.70683322521e-06, 1.34274896482e-05, 1.28633082568e-05, 5.249582955e-06, 7.19726449461e-06, 3.94672770199e-06, 1.4058018678e-06, 4.56118959846e-06, 9.91229171632e-06, 3.44061627402e-05, 3.54104377038e-05, 6.4163497882e-05, 5.93848599237e-05, 4.30095569754e-05, 5.66465751035e-05, 1.52271913976e-05, 1.02992107713e-05, 5.65624850424e-06, 4.4300254558e-06, 5.55039196115e-06, 3.12840711558e-07, 6.07629169203e-10, 5.56335619933e-12],
        "var": [1.95997422736e-08, 1.67424259416e-05, 6.87745114192e-06, 8.53256278788e-06, 6.44653482595e-06, 1.34443052957e-06, 7.99260487838e-06, 9.69247048488e-06, 1.26157892737e-05, 2.98473696603e-06, 2.43524709731e-06, 1.18776586078e-06, 1.74163062638e-06, 2.18999798562e-06, 4.06618528359e-06, 3.9239466787e-06, 1.7317597667e-06, 6.34599814475e-07, 2.02742597821e-07, 1.0665931427e-07, 3.01204536868e-08, 3.75224509241e-08, 8.38547364879e-08, 2.66176755304e-07, 1.01514466166e-07, 1.49532414229e-10, 5.51732401424e-15]
    },
    "erbbands": {
        "dmean": [0.0502902008593, 0.50839060545, 1.64073288441, 4.30148839951, 6.50298023224, 5.20301389694, 5.27391958237, 4.98473644257, 6.38198947906, 20.0597324371, 22.6266822815, 20.1918106079, 15.9396524429, 18.4857292175, 11.3193006516, 11.1870832443, 22.9814929962, 29.1562919617, 49.3170585632, 71.3364486694, 60.8056602478, 30.5163497925, 21.908821106, 16.2016811371, 10.06569767, 6.84131097794, 4.7910695076, 3.85886669159, 3.43639492989, 2.80882740021, 2.66859698296, 1.98987042904, 1.54623758793, 0.67090767622, 0.12276699394, 0.0253042783588, 0.0063408492133, 0.000439716182882, 1.45597996379e-05, 9.48735214479e-06],
        "dmean2": [0.0757902115583, 0.864262461662, 2.97965455055, 7.77519607544, 11.6126232147, 9.30978107452, 8.79179763794, 8.48425865173, 10.4063024521, 31.1221008301, 34.8637809753, 29.5367298126, 23.9984855652, 27.9516811371, 17.3646087646, 18.1714801788, 36.735496521, 48.352104187, 81.896812439, 117.152160645, 96.7470016479, 50.1874771118, 35.5847206116, 26.9317932129, 16.8413619995, 11.3454294205, 7.87181997299, 6.45903587341, 5.68108034134, 4.4401473999, 4.22173118591, 3.09470653534, 2.28067946434, 0.959432303905, 0.187812313437, 0.0408502779901, 0.0101999053732, 0.000719704315998, 2.28005519602e-05, 1.56108253577e-05],
        "dvar": [0.00913927704096, 1.08011734486, 10.9365825653, 51.0066146851, 132.055053711, 84.2581558228, 68.076171875, 69.2504730225, 126.629364014, 2410.04443359, 1779.99328613, 2408.79394531, 1209.32226562, 2155.78125, 831.135375977, 677.41595459, 1576.69042969, 2620.42993164, 4056.88891602, 5656.45996094, 5661.66845703, 1127.96960449, 856.260742188, 337.546478271, 182.904998779, 67.009979248, 53.5195083618, 27.545917511, 29.0316371918, 30.0761928558, 50.1430587769, 35.8061561584, 48.1323623657, 12.3242664337, 0.23066586256, 0.00556502258405, 0.000283096975181, 1.55275222369e-06, 1.12468934166e-09, 1.21262805353e-10],
        "dvar2": [0.0201724767685, 2.89807868004, 31.5440673828, 142.748718262, 371.393829346, 236.480148315, 169.987167358, 183.525726318, 309.360626221, 5814.82666016, 4128.80712891, 5385.48046875, 2870.05493164, 4961.30029297, 1910.09509277, 1758.64526367, 3513.41137695, 6271.40527344, 10533.9042969, 14698.4658203, 13050.9248047, 2808.5, 1988.11755371, 768.359680176, 461.361602783, 173.291900635, 143.407974243, 72.9243469238, 74.2554855347, 66.7739639282, 109.399971008, 76.9305114746, 93.8710327148, 21.6814250946, 0.434229642153, 0.0127524221316, 0.000675679417327, 3.55743986802e-06, 2.51977505528e-09, 3.09543557453e-10],
        "max": [0.895197093487, 10.2239599228, 25.1020774841, 53.8855247498, 89.5138244629, 78.0562057495, 159.515884399, 138.073318481, 211.88722229, 810.598327637, 551.192321777, 749.951293945, 424.446563721, 677.541870117, 525.273254395, 400.406890869, 721.33203125, 854.274841309, 857.95513916, 840.94744873, 1095.1171875, 719.100646973, 452.790313721, 405.43182373, 261.719268799, 85.7689590454, 88.9365921021, 62.0862617493, 65.15234375, 112.306152344, 98.0710296631, 90.0859527588, 150.170043945, 101.410331726, 15.0232925415, 1.51149499416, 0.253661811352, 0.0239875689149, 0.000459538248833, 0.000137028691825],
        "mean": [0.0612762272358, 0.564486563206, 1.85181307793, 4.59456968307, 7.56292057037, 6.54619503021, 7.5619802475, 7.94106960297, 11.4695138931, 36.702255249, 42.642326355, 39.8444366455, 30.6127490997, 31.1239509583, 22.3588447571, 21.061712265, 41.6356506348, 55.0238800049, 100.568107605, 143.119171143, 133.760955811, 79.2116241455, 51.7769470215, 39.8919448853, 25.0520496368, 16.5600128174, 11.2522153854, 8.65161132812, 6.98743391037, 5.74860954285, 5.16600179672, 3.47330999374, 2.74163579941, 1.21690618992, 0.222431272268, 0.0423091910779, 0.00796767231077, 0.000483455107315, 3.45767439285e-05, 3.72347312805e-05],
        "median": [0.0113090779632, 0.212320312858, 1.04493260384, 2.49677348137, 4.68511676788, 4.26626443863, 4.31408119202, 4.36834573746, 6.06536960602, 11.7859172821, 13.7279109955, 11.4089536667, 9.31243896484, 6.29759693146, 4.63324737549, 7.9203915596, 24.8380851746, 34.430103302, 77.1260375977, 113.156906128, 95.8860626221, 63.3333320618, 40.3542823792, 34.7593688965, 19.1230583191, 13.3185768127, 8.77590084076, 6.81094074249, 4.96594810486, 3.68623065948, 2.84956645966, 1.5601272583, 0.740217149258, 0.27670943737, 0.0732689648867, 0.014522713609, 0.00203013746068, 0.000107869112981, 2.36203213717e-05, 3.62181453966e-05],
        "min": [0.000173672859091, 0.00294119189493, 0.0248199310154, 0.0120671158656, 0.0201139338315, 0.01690482907, 0.0334980376065, 0.188074931502, 0.202739834785, 0.295683711767, 0.533528149128, 0.192672342062, 0.274490863085, 0.142447948456, 0.197877809405, 0.592715501785, 0.960473656654, 1.96136891842, 2.43286895752, 2.17922520638, 4.4190196991, 10.3817090988, 3.72699332237, 4.03780126572, 1.85568892956, 0.909210145473, 0.575479030609, 0.281557321548, 0.208362028003, 0.205787092447, 0.116256587207, 0.126582086086, 0.0459451526403, 0.00475939922035, 0.00223750318401, 0.000108783620817, 2.08340152312e-05, 5.76426600674e-06, 8.00893849373e-06, 1.02970079752e-05],
        "var": [0.0128538319841, 0.980986177921, 7.38750219345, 39.5125236511, 97.9902038574, 66.3304748535, 95.7951583862, 99.4846954346, 247.839996338, 5528.19042969, 4800.67724609, 7082.65673828, 3271.05151367, 4293.4296875, 3036.80004883, 1540.8659668, 3600.81274414, 5023.75048828, 8635.57226562, 10949.8740234, 14896.8291016, 4065.36547852, 1969.83544922, 736.652038574, 572.774475098, 163.660125732, 79.5714950562, 45.4019355774, 45.1140480042, 50.9468345642, 80.7697067261, 63.9631729126, 107.147247314, 35.4707946777, 0.75291711092, 0.0114184534177, 0.000346755987266, 1.72389127329e-06, 1.89977322762e-09, 2.2580931569e-10]
    },
    "gfcc": {
        "mean": [29.5225944519, 90.0656814575, -158.131484985, 55.0585784912, -55.115814209, 14.3025074005, -52.9794158936, 7.42609071732, -9.57718753815, -3.46003603935, -18.1620407104, -14.6341724396, -9.20401859283],
        "cov": [[459.601043701, -86.7915649414, 34.881855011, -61.9748153687, -111.564628601, 37.1266098022, 16.4009304047, -7.76645851135, -53.9364776611, -14.9173517227, -9.44333553314, 1.01977920532, -9.96587657928], [-86.7915649414, 561.256408691, -203.627532959, -128.095397949, 42.6412620544, -51.8477058411, 207.722686768, 6.76494789124, 75.4553909302, -65.4448013306, 95.6643676758, -32.7796173096, 67.2396850586], [34.881855011, -203.627532959, 410.945861816, 186.659210205, 93.6189575195, 36.3485069275, -126.871459961, 23.5131931305, -39.8789634705, 73.820350647, -82.7637176514, 58.5845947266, -56.8622093201], [-61.9748153687, -128.095397949, 186.659210205, 287.053985596, 83.5579223633, -5.82434797287, -113.076911926, -16.3539848328, 30.3024196625, 40.9023170471, -15.2948522568, 1.05499470234, -11.0963602066], [-111.564628601, 42.6412620544, 93.6189575195, 83.5579223633, 223.040512085, 56.3308410645, 15.3387975693, 22.9451408386, 13.1498069763, 41.0792808533, 0.334215611219, 51.0438346863, 7.22347164154], [37.1266098022, -51.8477058411, 36.3485069275, -5.82434797287, 56.3308410645, 153.39692688, 57.3328704834, 18.4399833679, -36.5678520203, 2.30169272423, 8.84353256226, 19.1927585602, 13.7559986115], [16.4009304047, 207.722686768, -126.871459961, -113.076911926, 15.3387975693, 57.3328704834, 223.733703613, 36.2271575928, 3.64920306206, -43.6531486511, 26.9810066223, 7.79614114761, 31.0636577606], [-7.76645851135, 6.76494789124, 23.5131931305, -16.3539848328, 22.9451408386, 18.4399833679, 36.2271575928, 91.444732666, 50.2393531799, 14.3351449966, -5.93400621414, -0.628376364708, 9.56433677673], [-53.9364776611, 75.4553909302, -39.8789634705, 30.3024196625, 13.1498069763, -36.5678520203, 3.64920306206, 50.2393531799, 129.175170898, 32.0987167358, 27.1699428558, -37.8774719238, 14.0052061081], [-14.9173517227, -65.4448013306, 73.820350647, 40.9023170471, 41.0792808533, 2.30169272423, -43.6531486511, 14.3351449966, 32.0987167358, 88.7134628296, 13.3484106064, 13.1576251984, -23.0056152344], [-9.44333553314, 95.6643676758, -82.7637176514, -15.2948522568, 0.334215611219, 8.84353256226, 26.9810066223, -5.93400621414, 27.1699428558, 13.3484106064, 112.294433594, 3.11259484291, 27.1449184418], [1.01977920532, -32.7796173096, 58.5845947266, 1.05499470234, 51.0438346863, 19.1927585602, 7.79614114761, -0.628376364708, -37.8774719238, 13.1576251984, 3.11259484291, 86.6439056396, 10.5731420517], [-9.96587657928, 67.2396850586, -56.8622093201, -11.0963602066, 7.22347164154, 13.7559986115, 31.0636577606, 9.56433677673, 14.0052061081, -23.0056152344, 27.1449184418, 10.5731420517, 69.6918640137]],
        "icov": [[0.00296662840992, 0.000719165953342, -0.00143895379733, 0.000934472191148, 0.00152487854939, -0.000313442375045, -0.0011706216028, 0.000899520353414, -8.82734457264e-05, 0.0002923188149, -0.000821333378553, 0.00050574017223, -0.000635339587461], [0.000719165953342, 0.00967502314597, -0.00580626213923, 0.00577317364514, -0.00584838772193, 0.00810485426337, -0.00944444723427, 0.00747319124639, -0.0053304261528, 0.00658004032448, -0.00796366855502, 0.00771180167794, -0.00568429427221], [-0.00143895379733, -0.00580626213923, 0.0119968345389, -0.00805007200688, 0.00298068812117, -0.00599168706685, 0.00794577691704, -0.00968502927572, 0.00669838301837, -0.00719648553059, 0.00842739827931, -0.00852526444942, 0.00685321772471], [0.000934472191148, 0.00577317364514, -0.00805007200688, 0.0115313958377, -0.00542561523616, 0.00451499596238, -0.00393179897219, 0.00917832087725, -0.00750790536404, 0.00603330228478, -0.00593901285902, 0.00674359826371, -0.0052138697356], [0.00152487854939, -0.00584838772193, 0.00298068812117, -0.00542561523616, 0.0122414380312, -0.00776433385909, 0.00406565470621, -0.00428197719157, 0.00166307482868, -0.00609018094838, 0.00572315650061, -0.00902042724192, 0.00326271448284], [-0.000313442375045, 0.00810485426337, -0.00599168706685, 0.00451499596238, -0.00776433385909, 0.0178328249604, -0.0108058229089, 0.00303371716291, 0.00218841643073, 0.00302047957666, -0.00859350059181, 0.0104715758935, -0.00803351961076], [-0.0011706216028, -0.00944444723427, 0.00794577691704, -0.00393179897219, 0.00406565470621, -0.0108058229089, 0.0179735179991, -0.0102122826502, 0.00385973532684, -0.00228021666408, 0.00714794825763, -0.00966113619506, 0.0070566679351], [0.000899520353414, 0.00747319124639, -0.00968502927572, 0.00917832087725, -0.00428197719157, 0.00303371716291, -0.0102122826502, 0.0280500389636, -0.0170492697507, 0.00602567428723, -0.00352104823105, 0.00482912827283, -0.00692081544548], [-8.82734457264e-05, -0.0053304261528, 0.00669838301837, -0.00750790536404, 0.00166307482868, 0.00218841643073, 0.00385973532684, -0.0170492697507, 0.0262342002243, -0.0132614942268, 0.00195932178758, 0.00524211209267, -0.00179295125417], [0.0002923188149, 0.00658004032448, -0.00719648553059, 0.00603330228478, -0.00609018094838, 0.00302047957666, -0.00228021666408, 0.00602567428723, -0.0132614942268, 0.0276853702962, -0.0107004428282, 0.000225429888815, 0.00494439247996], [-0.000821333378553, -0.00796366855502, 0.00842739827931, -0.00593901285902, 0.00572315650061, -0.00859350059181, 0.00714794825763, -0.00352104823105, 0.00195932178758, -0.0107004428282, 0.0204977188259, -0.00918922945857, 0.0013808447402], [0.00050574017223, 0.00771180167794, -0.00852526444942, 0.00674359826371, -0.00902042724192, 0.0104715758935, -0.00966113619506, 0.00482912827283, 0.00524211209267, 0.000225429888815, -0.00918922945857, 0.0281358268112, -0.0124071044847], [-0.000635339587461, -0.00568429427221, 0.00685321772471, -0.0052138697356, 0.00326271448284, -0.00803351961076, 0.0070566679351, -0.00692081544548, -0.00179295125417, 0.00494439247996, 0.0013808447402, -0.0124071044847, 0.0268926545978]]
    },
    "melbands": {
        "dmean": [0.000477082299767, 0.000791216385551, 0.000819728302304, 0.000402538571507, 0.000187694837223, 0.000109599597636, 0.000116482711746, 0.000214565574424, 0.000173441789229, 0.000134256944875, 8.10136261862e-05, 7.83735886216e-05, 4.17140836362e-05, 3.32648996846e-05, 3.31629853463e-05, 6.65110419504e-05, 5.48981151951e-05, 8.02655486041e-05, 0.000101037716377, 6.94867558195e-05, 8.10008641565e-05, 3.87104955735e-05, 2.78973329841e-05, 1.79676535481e-05, 1.48530643855e-05, 1.05345006887e-05, 5.84349254495e-06, 4.87867146148e-06, 3.59174669029e-06, 2.93309312838e-06, 2.20845913645e-06, 2.20162246478e-06, 1.83957467925e-06, 1.64567040883e-06, 1.70955433987e-06, 1.48665969846e-06, 1.20116703783e-06, 1.16394232919e-06, 1.02700403204e-06, 4.41150717734e-07],
        "dmean2": [0.00075261091115, 0.00141299690586, 0.0014875686029, 0.000716468784958, 0.000316987134283, 0.000184299817192, 0.000188802718185, 0.000334953510901, 0.000265858659986, 0.000197327957721, 0.00012243243691, 0.000118343268696, 6.42464801786e-05, 5.28275086253e-05, 5.31876503373e-05, 0.000109218424768, 9.01253297343e-05, 0.00013385611237, 0.0001670953352, 0.000112899855594, 0.000129167485284, 6.39190839138e-05, 4.55601475551e-05, 3.02188400383e-05, 2.49244421866e-05, 1.77105357579e-05, 9.80084678304e-06, 8.10224446468e-06, 6.00540897722e-06, 4.91628134114e-06, 3.72043132302e-06, 3.67561779058e-06, 2.97859810416e-06, 2.63142464973e-06, 2.74739477391e-06, 2.40831582232e-06, 1.85358624094e-06, 1.73395346792e-06, 1.47006323914e-06, 6.66226242174e-07],
        "dvar": [8.85029351139e-07, 2.48930587077e-06, 1.77729646111e-06, 5.56159136522e-07, 8.25214598876e-08, 3.03650082856e-08, 4.81631907689e-08, 2.18755090486e-07, 1.05376784632e-07, 9.95557982719e-08, 3.25502860221e-08, 3.85964042948e-08, 1.16924399052e-08, 6.45904396634e-09, 3.93952426236e-09, 1.24426620118e-08, 9.18028053576e-09, 1.2626262702e-08, 1.47698839825e-08, 5.84770409873e-09, 1.03653903238e-08, 2.11692507968e-09, 1.47359335845e-09, 8.06689770538e-10, 2.56069360161e-10, 1.5393439301e-10, 8.50309336831e-11, 3.84218837302e-11, 2.96523257337e-11, 2.28922540646e-11, 8.42420837949e-12, 1.12731221927e-11, 9.65147666648e-12, 1.08498271131e-11, 1.85704125688e-11, 1.77670846785e-11, 1.52931504266e-11, 2.32842842229e-11, 2.68002165599e-11, 5.15405426671e-12],
        "dvar2": [2.03279068955e-06, 7.04618469172e-06, 4.95319227412e-06, 1.58687157636e-06, 2.15395999703e-07, 7.99135975171e-08, 1.14132689077e-07, 5.2986109722e-07, 2.32239983688e-07, 2.34269080579e-07, 7.69259713707e-08, 8.80175363704e-08, 2.40522002315e-08, 1.6238489664e-08, 9.52576062474e-09, 2.95603026501e-08, 2.24175238372e-08, 3.19682484928e-08, 3.88293877052e-08, 1.43558365195e-08, 2.38836630473e-08, 5.52871304293e-09, 3.73367825546e-09, 1.78328452005e-09, 6.16118545071e-10, 4.02813588041e-10, 2.14351869587e-10, 9.93058274501e-11, 7.81058412391e-11, 6.4678103151e-11, 2.22794213633e-11, 2.97515692638e-11, 2.33881664036e-11, 2.41022427711e-11, 4.14834937235e-11, 4.06699673938e-11, 3.37072245116e-11, 4.3780309239e-11, 5.28653856802e-11, 9.06113725718e-12],
        "max": [0.0104349926114, 0.0104122832417, 0.0110282879323, 0.00600172020495, 0.00494024949148, 0.00290506170131, 0.00344460154884, 0.00738852284849, 0.00430721370503, 0.0047273314558, 0.00227741431445, 0.00301161361858, 0.00216567376629, 0.0014656460844, 0.00113271502778, 0.00155486864969, 0.00146571616642, 0.00154745520558, 0.00179839401972, 0.000919726735447, 0.00169794564135, 0.0010158077348, 0.000454671127954, 0.000545740302186, 0.000312058953568, 0.000172631451278, 0.000191276383703, 6.66811465635e-05, 7.02541146893e-05, 8.38086416479e-05, 2.95050103887e-05, 3.87311556551e-05, 4.96099783049e-05, 7.15831483831e-05, 6.50042275083e-05, 6.28213165328e-05, 5.88886541664e-05, 0.000106405830593, 0.000113956069981, 6.81867168169e-05],
        "mean": [0.000606772082392, 0.000906310626306, 0.000909344875254, 0.000510478741489, 0.000266953808023, 0.000178918868187, 0.000209487901884, 0.000409436644986, 0.000321174185956, 0.000258608022705, 0.000150458276039, 0.00012573490676, 8.01267960924e-05, 5.70314732613e-05, 5.74855330342e-05, 0.000113267255074, 9.2707668955e-05, 0.000149515020894, 0.000194903899683, 0.000149780986249, 0.000160850046086, 8.43036177685e-05, 5.78026592848e-05, 3.72298927687e-05, 3.22962114296e-05, 2.21455666178e-05, 1.27804541989e-05, 1.06574725578e-05, 7.44023873267e-06, 6.07525271334e-06, 4.48693526778e-06, 4.10118673244e-06, 3.41721329278e-06, 3.09957522404e-06, 3.11382950713e-06, 2.5728691071e-06, 1.89753984614e-06, 1.99733358386e-06, 1.69968586761e-06, 7.7229691442e-07],
        "median": [0.000168727710843, 0.000519561581314, 0.000525426352397, 0.000349127600202, 0.000164393772138, 0.000106072162453, 9.85503793345e-05, 0.00013126138947, 0.000101024328615, 6.33264862699e-05, 4.15775357396e-05, 2.18863569899e-05, 1.35398631755e-05, 1.61582574947e-05, 2.81365028059e-05, 6.82746904204e-05, 5.37228224857e-05, 0.000106462066469, 0.000156861715368, 0.000120284130389, 0.000111699591798, 6.49148059892e-05, 4.12032932218e-05, 2.87236944132e-05, 2.76882437902e-05, 1.78838236025e-05, 8.80314019014e-06, 8.105795132e-06, 5.33968704985e-06, 4.89761396238e-06, 3.28558053297e-06, 2.93253856398e-06, 2.25138660426e-06, 1.88293552128e-06, 1.7118153437e-06, 1.33330831886e-06, 7.41080157241e-07, 5.79925085731e-07, 2.99868446518e-07, 1.97517991296e-07],
        "min": [1.23876452562e-06, 1.01407258626e-05, 3.49380866282e-06, 1.57562499226e-06, 7.02483873738e-07, 2.75657475868e-06, 3.32793615598e-06, 2.52461700256e-06, 2.49944037023e-06, 1.12060195079e-06, 8.07317121598e-07, 2.44542434302e-07, 4.24923143783e-07, 5.61409819966e-07, 1.41008911214e-06, 2.0022539502e-06, 2.83061558548e-06, 2.50509992838e-06, 3.21213337884e-06, 2.1259938876e-06, 5.62705781704e-06, 2.72420311376e-06, 4.01666693506e-06, 1.96209452952e-06, 1.95366646949e-06, 1.51262406689e-06, 5.20263370163e-07, 4.05127707381e-07, 3.19031528306e-07, 2.78241856222e-07, 9.87068986547e-08, 1.14439963284e-07, 1.09356804501e-07, 8.70393179753e-08, 5.83735300097e-08, 5.8341761644e-08, 6.01269434242e-08, 3.78880358198e-08, 5.43227685057e-10, 3.9710941202e-09],
