{
"highlevel": {
    "danceability": {
        "all": {
            "danceable": 0.996835410595,
            "not_danceable": 0.00316457054578
        },
        "probability": 0.996835410595,
        "value": "danceable"
    },
    "gender": {
        "all": {
            "female": 0.244743779302,
            "male": 0.7552562356
        },
        "probability": 0.7552562356,
        "value": "male"
    },
    "genre_dortmund": {
        "all": {
            "alternative": 0.090658582747,
            "blues": 0.0128593677655,
            "electronic": 0.100390009582,
            "folkcountry": 0.0966495126486,
            "funksoulrnb": 0.00356300896965,
            "jazz": 0.00841638725251,
            "pop": 0.0365083962679,
            "raphiphop": 0.0216902364045,
            "rock": 0.629264473915
        },
        "probability": 0.629264473915,
        "value": "rock"
    },
    "genre_electronic": {
        "all": {
            "ambient": 0.382243514061,
            "dnb": 0.201325148344,
            "house": 0.027817087248,
            "techno": 0.0223924815655,
            "trance": 0.366221755743
        },
        "probability": 0.382243514061,
        "value": "ambient"
    },
    "genre_rosamerica": {
        "all": {
            "cla": 0.00531279481947,
            "dan": 0.160177707672,
            "hip": 0.0165223516524,
            "jaz": 0.00538704777136,
            "pop": 0.547417342663,
            "rhy": 0.0578363351524,
            "roc": 0.202936291695,
            "spe": 0.00441010901704
        },
        "probability": 0.547417342663,
        "value": "pop"
    },
    "genre_tzanetakis": {
        "all": {
            "blu": 0.0626541376114,
            "cla": 0.0348133966327,
            "cou": 0.0783501937985,
            "dis": 0.104547761381,
            "hip": 0.15693578124,
            "jaz": 0.313987255096,
            "met": 0.044816005975,
            "pop": 0.0627349764109,
            "reg": 0.0627352520823,
            "roc": 0.0784252434969
        },
        "probability": 0.313987255096,
        "value": "jaz"
    },
    "ismir04_rhythm": {
        "all": {
            "ChaChaCha": 0.0673225745559,
            "Jive": 0.586913466454,
            "Quickstep": 0.0387816652656,
            "Rumba-American": 0.0164849683642,
            "Rumba-International": 0.052558939904,
            "Rumba-Misc": 0.0149486344308,
            "Samba": 0.152696192265,
            "Tango": 0.00890766177326,
            "VienneseWaltz": 0.050063777715,
            "Waltz": 0.0113221090287
        },
        "probability": 0.586913466454,
        "value": "Jive"
    },
    "mood_acoustic": {
        "all": {
            "acoustic": 0.177600264549,
            "not_acoustic": 0.822399735451
        },
        "probability": 0.822399735451,
        "value": "not_acoustic"
    },
    "mood_aggressive": {
        "all": {
            "aggressive": 0.292948424816,
            "not_aggressive": 0.707051575184
        },
        "probability": 0.707051575184,
        "value": "not_aggressive"
    },
    "mood_electronic": {
        "all": {
            "electronic": 0.16627651453,
            "not_electronic": 0.83372348547
        },
        "probability": 0.83372348547,
        "value": "not_electronic"
    },
    "mood_happy": {
        "all": {
            "happy": 0.93911999464,
            "not_happy": 0.0608800053596
        },
        "probability": 0.93911999464,
        "value": "happy"
    },
    "mood_party": {
        "all": {
            "not_party": 0.741540253162,
            "party": 0.258459746838
        },
        "probability": 0.741540253162,
        "value": "not_party"
    },
    "mood_relaxed": {
        "all": {
            "not_relaxed": 0.754682719707,
            "relaxed": 0.245317280293
        },
        "probability": 0.754682719707,
        "value": "not_relaxed"
    },
    "mood_sad": {
        "all": {
            "not_sad": 0.702664196491,
            "sad": 0.297335803509
        },
        "probability": 0.702664196491,
        "value": "not_sad"
    },
    "moods_mirex": {
        "all": {
            "Cluster1": 0.140834182501,
            "Cluster2": 0.126562565565,
            "Cluster3": 0.0930603742599,
            "Cluster4": 0.10465016216,
            "Cluster5": 0.534892737865
        },
        "probability": 0.534892737865,
        "value": "Cluster5"
    },
    "timbre": {
        "all": {
            "bright": 0.949981451035,
            "dark": 0.0500185750425
        },
        "probability": 0.949981451035,
        "value": "bright"
    },
    "tonal_atonal": {
        "all": {
            "atonal": 8.07184478617e-05,
            "tonal": 0.999919295311
        },
        "probability": 0.999919295311,
        "value": "tonal"
    },
    "voice_instrumental": {
        "all": {
            "instrumental": 0.0053217462264,
            "voice": 0.994678258896
        },
        "probability": 0.994678258896,
        "value": "voice"
    }
},
"lowlevel": {
    "average_loudness": 0.986169874668,
    "barkbands_crest": {
        "dmean": 3.20890545845,
        "dmean2": 5.24120759964,
        "dvar": 7.20894813538,
        "dvar2": 19.0884017944,
        "max": 23.5161819458,
        "mean": 10.6212797165,
        "median": 10.0499849319,
        "min": 3.41808080673,
        "var": 15.6878499985
    },
    "barkbands_flatness_db": {
        "dmean": 0.0210602506995,
        "dmean2": 0.0331217162311,
        "dvar": 0.000315121287713,
        "dvar2": 0.000740564544685,
        "max": 0.244391337037,
        "mean": 0.129620924592,
        "median": 0.127602979541,
        "min": 0.0463069006801,
        "var": 0.00089658779325
    },
    "barkbands_kurtosis": {
        "dmean": 2.44040513039,
        "dmean2": 3.75571155548,
        "dvar": 7.91145420074,
        "dvar2": 18.3362998962,
        "max": 34.4819526672,
        "mean": 3.93399810791,
        "median": 2.95413398743,
        "min": -1.71937048435,
        "var": 15.0666646957
    },
    "barkbands_skewness": {
        "dmean": 0.523845911026,
        "dmean2": 0.759741127491,
        "dvar": 0.207365453243,
        "dvar2": 0.442591696978,
        "max": 5.58952569962,
        "mean": 1.73912978172,
        "median": 1.67295348644,
        "min": -0.236309289932,
        "var": 0.636873304844
    },
    "barkbands_spread": {
        "dmean": 5.84938526154,
        "dmean2": 8.86547374725,
        "dvar": 37.3566513062,
        "dvar2": 72.8563461304,
        "max": 95.8333816528,
        "mean": 22.571105957,
        "median": 20.613483429,
        "min": 4.30783462524,
        "var": 104.983085632
    },
    "dissonance": {
        "dmean": 0.0195649955422,
        "dmean2": 0.0328627899289,
        "dvar": 0.000305566150928,
        "dvar2": 0.000789474172052,
        "max": 0.49995392561,
        "mean": 0.462737858295,
        "median": 0.46674567461,
        "min": 0.353092968464,
        "var": 0.00052437215345
    },
    "dynamic_complexity": 1.4088293314,
    "erbbands_crest": {
        "dmean": 2.98235702515,
        "dmean2": 4.82527494431,
        "dvar": 8.25281524658,
        "dvar2": 19.372428894,
        "max": 26.8490409851,
        "mean": 8.19162750244,
        "median": 7.11579942703,
        "min": 2.61527657509,
        "var": 15.480796814
    },
    "erbbands_flatness_db": {
        "dmean": 0.0173303447664,
        "dmean2": 0.0255595464259,
        "dvar": 0.00022088555852,
        "dvar2": 0.000441322335973,
        "max": 0.218095242977,
        "mean": 0.123954318464,
        "median": 0.122439719737,
        "min": 0.0597865432501,
        "var": 0.000693696259987
    },
    "erbbands_kurtosis": {
        "dmean": 0.86007386446,
        "dmean2": 1.28512179852,
        "dvar": 1.06022751331,
        "dvar2": 2.2430896759,
        "max": 9.51073741913,
        "mean": 0.382275998592,
        "median": -0.101456642151,
        "min": -1.58303666115,
        "var": 2.43973493576
    },
    "erbbands_skewness": {
        "dmean": 0.335185468197,
        "dmean2": 0.514989852905,
        "dvar": 0.0892173424363,
        "dvar2": 0.200963526964,
        "max": 2.75639986992,
        "mean": 0.597382068634,
        "median": 0.519450247288,
        "min": -0.970962166786,
        "var": 0.263553112745
    },
    "erbbands_spread": {
        "dmean": 9.98704338074,
        "dmean2": 15.048418045,
        "dvar": 96.3969955444,
        "dvar2": 213.601806641,
        "max": 113.529037476,
        "mean": 42.5168151855,
        "median": 40.9653053284,
        "min": 11.2052459717,
        "var": 255.119628906
    },
    "hfc": {
        "dmean": 10.5532712936,
        "dmean2": 13.8274488449,
        "dvar": 129.203018188,
        "dvar2": 224.559020996,
        "max": 120.176078796,
        "mean": 28.7720031738,
        "median": 25.8154754639,
        "min": 3.33299446106,
        "var": 367.970550537
    },
    "melbands_crest": {
        "dmean": 3.64773464203,
        "dmean2": 5.82284498215,
        "dvar": 9.97776603699,
        "dvar2": 25.0325908661,
        "max": 30.0098991394,
        "mean": 14.3584251404,
        "median": 13.720949173,
        "min": 4.73399400711,
        "var": 23.1990585327
    },
    "melbands_flatness_db": {
        "dmean": 0.0270228851587,
        "dmean2": 0.0398223288357,
        "dvar": 0.000528397911694,
        "dvar2": 0.00116009754129,
        "max": 0.338304549456,
        "mean": 0.191117554903,
        "median": 0.190982401371,
        "min": 0.0705465301871,
        "var": 0.00189727940597
    },
    "melbands_kurtosis": {
        "dmean": 7.20828294754,
        "dmean2": 11.0599164963,
        "dvar": 89.4624176025,
        "dvar2": 214.066055298,
        "max": 108.00365448,
        "mean": 13.0978164673,
        "median": 9.95216369629,
        "min": -0.849085330963,
        "var": 145.111190796
    },
    "melbands_skewness": {
        "dmean": 0.832843899727,
        "dmean2": 1.22070622444,
        "dvar": 0.610972940922,
        "dvar2": 1.32854676247,
        "max": 8.88072299957,
        "mean": 2.763890028,
        "median": 2.64206767082,
        "min": 0.0727635398507,
        "var": 1.69194233418
    },
    "melbands_spread": {
        "dmean": 5.68651199341,
        "dmean2": 8.38010692596,
        "dvar": 28.8647289276,
        "dvar2": 58.4017524719,
        "max": 63.6960144043,
        "mean": 19.3548793793,
        "median": 17.6075801849,
        "min": 3.0948381424,
        "var": 89.4899902344
    },
    "pitch_salience": {
        "dmean": 0.0783793032169,
        "dmean2": 0.127677351236,
        "dvar": 0.0045823645778,
        "dvar2": 0.0123940035701,
        "max": 0.821492254734,
        "mean": 0.526342153549,
        "median": 0.527876079082,
        "min": 0.182226523757,
        "var": 0.0104145575315
    },
    "silence_rate_20dB": {
        "dmean": 0,
        "dmean2": 0,
        "dvar": 0,
        "dvar2": 0,
        "max": 1,
        "mean": 1,
        "median": 1,
        "min": 1,
        "var": 0
    },
    "silence_rate_30dB": {
        "dmean": 0.0247678011656,
        "dmean2": 0.0495739728212,
        "dvar": 0.0241546165198,
        "dvar2": 0.067255102098,
        "max": 1,
        "mean": 0.98530548811,
        "median": 1,
        "min": 0,
        "var": 0.014478395693
    },
    "silence_rate_60dB": {
        "dmean": 0,
        "dmean2": 0,
        "dvar": 0,
        "dvar2": 0,
        "max": 0,
        "mean": 0,
        "median": 0,
        "min": 0,
        "var": 0
    },
    "spectral_centroid": {
        "dmean": 206.139465332,
        "dmean2": 312.293487549,
        "dvar": 39682.1914062,
        "dvar2": 83880.03125,
        "max": 3003.5378418,
        "mean": 1166.6472168,
        "median": 1116.11584473,
        "min": 456.243804932,
        "var": 125082.09375
    },
    "spectral_complexity": {
        "dmean": 4.49458217621,
        "dmean2": 6.57319927216,
        "dvar": 22.0843582153,
        "dvar2": 41.5398826599,
        "max": 62,
        "mean": 23.1214237213,
        "median": 22,
        "min": 7,
        "var": 66.1639099121
    },
    "spectral_decrease": {
        "dmean": 4.15457623859e-09,
        "dmean2": 6.31490859604e-09,
        "dvar": 2.3782335966e-17,
        "dvar2": 5.31840704837e-17,
        "max": -1.61790647546e-09,
        "mean": -1.13045679484e-08,
        "median": -9.90813120438e-09,
        "min": -4.18347703146e-08,
        "var": 3.8442901331e-17
    },
    "spectral_energy": {
        "dmean": 0.0163644626737,
        "dmean2": 0.024641148746,
        "dvar": 0.000358728721039,
        "dvar2": 0.000795948959421,
        "max": 0.161996692419,
        "mean": 0.0452757813036,
        "median": 0.0398098453879,
        "min": 0.00647038314492,
        "var": 0.000595027056988
    },
    "spectral_energyband_high": {
        "dmean": 0.000679438177031,
        "dmean2": 0.000978460535407,
        "dvar": 8.80468974174e-07,
        "dvar2": 1.75084744569e-06,
        "max": 0.0104836607352,
        "mean": 0.00137343455572,
        "median": 0.00100709102117,
        "min": 3.29702270392e-05,
        "var": 1.99115879695e-06
    },
    "spectral_energyband_low": {
        "dmean": 0.0113490493968,
        "dmean2": 0.0187274031341,
        "dvar": 0.000297975057038,
        "dvar2": 0.000708011677489,
        "max": 0.141536131501,
        "mean": 0.0211982894689,
        "median": 0.0151391103864,
        "min": 0.00147177872714,
        "var": 0.00039794651093
    },
    "spectral_energyband_middle_high": {
        "dmean": 0.0025590157602,
        "dmean2": 0.00337176141329,
        "dvar": 9.14829888643e-06,
        "dvar2": 1.4526493942e-05,
        "max": 0.039236202836,
        "mean": 0.00609235651791,
        "median": 0.00446493551135,
        "min": 0.000688526954036,
        "var": 2.66172373813e-05
    },
    "spectral_energyband_middle_low": {
        "dmean": 0.00765538215637,
        "dmean2": 0.0114620393142,
        "dvar": 6.68033171678e-05,
        "dvar2": 0.000148543680552,
        "max": 0.0856631323695,
        "mean": 0.0177681278437,
        "median": 0.0153610417619,
        "min": 0.00228490168229,
        "var": 0.000129213032778
    },
    "spectral_entropy": {
        "dmean": 0.143061295152,
        "dmean2": 0.211167693138,
        "dvar": 0.018981134519,
        "dvar2": 0.0367324277759,
        "max": 8.57525157928,
        "mean": 7.78509283066,
        "median": 7.79994821548,
        "min": 7.16837835312,
        "var": 0.0579004064202
    },
    "spectral_flux": {
        "dmean": 0.0350129269063,
        "dmean2": 0.0556332506239,
        "dvar": 0.00129240145907,
        "dvar2": 0.0025178315118,
        "max": 0.324167877436,
        "mean": 0.113732986152,
        "median": 0.102820120752,
        "min": 0.041061013937,
        "var": 0.00233572022989
    },
    "spectral_kurtosis": {
        "dmean": 1.06726324558,
        "dmean2": 1.68289077282,
        "dvar": 0.987802147865,
        "dvar2": 2.44657039642,
        "max": 9.34541511536,
        "mean": 3.18602919579,
        "median": 2.9726099968,
        "min": -0.191933393478,
        "var": 2.271961689
    },
    "spectral_rms": {
        "dmean": 0.00115245243069,
        "dmean2": 0.00170769030228,
        "dvar": 1.29847921926e-06,
        "dvar2": 2.70407531389e-06,
        "max": 0.0125716170296,
        "mean": 0.00643811142072,
        "median": 0.00623208424076,
        "min": 0.00251248269342,
        "var": 2.72218903774e-06
    },
    "spectral_rolloff": {
        "dmean": 406.696777344,
        "dmean2": 644.495300293,
        "dvar": 441730.46875,
        "dvar2": 878690.1875,
        "max": 11455.6640625,
        "mean": 1008.09735107,
        "median": 710.595703125,
        "min": 86.1328125,
        "var": 853254.9375
    },
    "spectral_skewness": {
        "dmean": 0.197371840477,
        "dmean2": 0.305624812841,
        "dvar": 0.0316606760025,
        "dvar2": 0.0736004784703,
        "max": 2.52090549469,
        "mean": 1.50965237617,
        "median": 1.49565339088,
        "min": 0.58489471674,
        "var": 0.0891506746411
    },
    "spectral_spread": {
        "dmean": 660889.5625,
        "dmean2": 946310.0625,
        "dvar": 619461017600,
        "dvar2": 962016116736,
        "max": 22078882,
        "mean": 5452921,
        "median": 5444995.5,
        "min": 2637039.5,
        "var": 1.36707060531e+12
    },
    "spectral_strongpeak": {
        "dmean": 0.645350754261,
        "dmean2": 1.10827541351,
        "dvar": 0.944158196449,
        "dvar2": 2.2854347229,
        "max": 7.30303478241,
        "mean": 0.834888517857,
        "median": 0.40854293108,
        "min": 0.051702581346,
        "var": 1.10603308678
    },
    "zerocrossingrate": {
        "dmean": 0.010521100834,
        "dmean2": 0.0120130050927,
        "dvar": 9.2648435384e-05,
        "dvar2": 0.000104566111986,
        "max": 0.25537109375,
        "mean": 0.0544741377234,
        "median": 0.05126953125,
        "min": 0.01123046875,
        "var": 0.00052753998898
    },
    "barkbands": {
        "dmean": [0.000637669174466, 0.00937890913337, 0.0027170565445, 0.00167951767799, 0.00155669474043, 0.00182984943967, 0.00194317381829, 0.00300764548592, 0.00192400987726, 0.000754023843911, 0.00041173803038, 0.000564747024328, 0.000523423077539, 0.000571440323256, 0.000610342132859, 0.00025364785688, 0.000283125671558, 0.000154296096298, 0.00011629526125, 0.000124133686768, 0.000150096879224, 0.000158697817824, 0.000150371502968, 0.000151510743308, 0.000107236053736, 4.68024554721e-05, 1.19647109997e-08],
        "dmean2": [0.00104534940328, 0.0155595578253, 0.00495311943814, 0.00292372796685, 0.00262216897681, 0.00292278383859, 0.00310940481722, 0.0046125203371, 0.00293824635446, 0.00117656763177, 0.000670323497616, 0.000889497518074, 0.000801475427579, 0.000829761032946, 0.000934390933253, 0.000401945610065, 0.000424212630605, 0.000255018414464, 0.000193789775949, 0.00019810788217, 0.00023812839936, 0.000248622731306, 0.00022265566804, 0.000224107250688, 0.00014685736096, 6.55945623294e-05, 1.59514037534e-08],
        "dvar": [9.72828388512e-07, 0.000190749997273, 4.99729358125e-05, 5.31586692887e-06, 7.56654253564e-06, 7.95760388428e-06, 1.27876583065e-05, 2.66872648353e-05, 1.57758313435e-05, 1.06101606434e-06, 2.93431412501e-07, 1.52615768911e-06, 1.46943659729e-06, 1.52971711032e-06, 1.19570756851e-06, 1.31354624955e-07, 1.36307818366e-07, 5.8393304414e-08, 4.85108522241e-08, 4.53779769316e-08, 5.27928740723e-08, 5.82712189612e-08, 4.90751403959e-08, 5.32513304563e-08, 2.74858482641e-08, 8.45819592143e-09, 4.08039724784e-14],
        "dvar2": [2.41644420385e-06, 0.000451883446658, 0.000143768033013, 1.45308886204e-05, 2.05363758141e-05, 1.87603818631e-05, 2.81401498796e-05, 5.64145484532e-05, 3.56718956027e-05, 2.12075633499e-06, 7.35455842005e-07, 3.56864416062e-06, 2.98976874546e-06, 2.77555545836e-06, 2.40805115936e-06, 3.22341321635e-07, 2.98562838452e-07, 1.46854063132e-07, 1.30491315531e-07, 1.07778767244e-07, 1.24830776826e-07, 1.34058225854e-07, 9.25614287439e-08, 1.12975207855e-07, 5.10231750184e-08, 1.07528688176e-08, 4.17813604081e-14],
        "max": [0.0121280355379, 0.116590380669, 0.0636028423905, 0.0203455034643, 0.0300587955862, 0.0330180451274, 0.0498582236469, 0.0583943203092, 0.059103179723, 0.0171802286059, 0.00702467467636, 0.0133489668369, 0.0220253262669, 0.0220601409674, 0.0100844819099, 0.00434155017138, 0.00534421531484, 0.0027450863272, 0.00214190944098, 0.00336396577768, 0.00219333195128, 0.00294211995788, 0.00279359542765, 0.00398883596063, 0.00324152060784, 0.00313119334169, 6.28563475402e-06],
        "mean": [0.00104743673, 0.0154171902686, 0.00375230237842, 0.00235481141135, 0.00275164959021, 0.00305128283799, 0.00288196047768, 0.00382695370354, 0.00254802592099, 0.00112630508374, 0.000609224254731, 0.0007159919478, 0.000692904926836, 0.000780715374276, 0.000879393075593, 0.000416310824221, 0.000480432761833, 0.000266014481895, 0.0002007092844, 0.000214776722714, 0.000258279003901, 0.00024455806124, 0.000252306082984, 0.000243351314566, 0.00018628386897, 7.66011580708e-05, 1.0402945172e-08],
        "median": [0.0005944770528, 0.0103634949774, 0.00174424098805, 0.00162027252372, 0.00198376062326, 0.00178979081102, 0.00127618992701, 0.00147601775825, 0.000935275922529, 0.000646225525998, 0.000407122075558, 0.000306781817926, 0.000272627570666, 0.000261936191237, 0.000337450706866, 0.000236225838307, 0.000307928770781, 0.000162438082043, 0.000123222867842, 0.000120519893244, 0.000156121735927, 0.000146794642205, 0.000123784862808, 0.00015312092728, 0.000122334822663, 4.16606853832e-05, 6.5302041552e-10],
        "min": [1.11345195819e-06, 0.000238832406467, 1.37221413752e-05, 1.0369645679e-05, 0.0001022332508, 1.85553763004e-05, 3.55809097528e-05, 2.20658603212e-05, 2.55423747149e-05, 2.22014732572e-05, 7.2707189247e-06, 1.31307897391e-05, 1.96341043193e-05, 1.55098314281e-05, 2.01076072699e-05, 1.65791916515e-05, 1.70112107298e-05, 2.63816509687e-05, 1.48828403326e-05, 1.25034475786e-05, 5.53222844246e-06, 5.5523237279e-06, 2.04640991797e-06, 1.50563687384e-06, 8.68410666044e-07, 6.35978325558e-10, 1.28494879667e-11],
        "var": [1.68790654698e-06, 0.000261643406702, 3.912444663e-05, 5.80196456212e-06, 8.5857227532e-06, 1.49000861711e-05, 2.57042647718e-05, 3.79199700546e-05, 2.18962995859e-05, 2.4322155241e-06, 4.6469367021e-07, 1.81877067007e-06, 2.2497140435e-06, 2.73362229564e-06, 1.9986919142e-06, 2.26481759569e-07, 2.66040956376e-07, 8.47649346269e-08, 5.50370415908e-08, 6.76643878705e-08, 9.32189863079e-08, 9.27279728558e-08, 1.11631216271e-07, 9.04889034814e-08, 6.29572625144e-08, 2.43394318034e-08, 4.0570784308e-14]
    },
    "erbbands": {
        "dmean": [0.352236181498, 2.01780724525, 3.24540376663, 4.30880689621, 5.95530033112, 5.46555566788, 6.36191940308, 18.8924541473, 27.5176544189, 39.4025115967, 60.1645507812, 54.7529983521, 18.2994976044, 22.600189209, 17.4470291138, 24.4702186584, 25.9256362915, 30.9670772552, 35.462348938, 18.4309024811, 13.0461645126, 14.1596469879, 9.41182899475, 5.76640129089, 6.31767272949, 5.67172431946, 6.02333259583, 6.06360673904, 6.0032248497, 4.58545827866, 4.52835607529, 3.97149610519, 2.06850910187, 1.31503903866, 0.769812405109, 0.289409518242, 0.0785560160875, 0.00671066949144, 0.000127011400764, 2.33716073126e-05],
        "dmean2": [0.561254739761, 3.47255969048, 5.85513877869, 7.64926671982, 10.0900630951, 9.10504341125, 10.4373188019, 30.2329826355, 43.0164222717, 62.1653289795, 91.7957229614, 81.6162338257, 27.7397060394, 35.7727813721, 28.2806816101, 38.051448822, 38.0774612427, 44.1548538208, 53.6236495972, 27.6960296631, 19.8059215546, 20.776008606, 15.0850524902, 9.42496013641, 10.4065799713, 8.98012638092, 9.45482826233, 9.58892059326, 9.52678203583, 6.95580053329, 6.71397066116, 5.80031871796, 3.07876586914, 1.8738079071, 1.05555379391, 0.407663881779, 0.11366815865, 0.00985694490373, 0.000178742528078, 3.28062742483e-05],
        "dvar": [0.311579436064, 9.18579387665, 58.6135063171, 66.2758102417, 80.2059326172, 100.712814331, 143.461502075, 854.256896973, 2431.67041016, 3961.59643555, 13924.2294922, 12517.5546875, 1082.09423828, 874.741577148, 509.648742676, 2996.73706055, 3352.54638672, 3718.22802734, 4598.02001953, 904.918518066, 345.079345703, 347.578826904, 205.963760376, 98.9310913086, 146.238433838, 91.4193725586, 98.0966720581, 80.4659118652, 89.0936126709, 42.7242584229, 45.4078483582, 36.5909881592, 10.3032016754, 4.41157341003, 1.42091834545, 0.23797506094, 0.0292880032212, 0.000371102796635, 1.0721722532e-07, 7.51381401543e-10],
        "dvar2": [0.690851867199, 24.3976345062, 167.883483887, 187.01121521, 222.325744629, 273.990478516, 363.395446777, 1988.68603516, 5160.3515625, 9007.76953125, 27968.2753906, 28427.2539062, 2094.8840332, 1989.80712891, 1241.46813965, 7044.27441406, 6571.87695312, 6560.69726562, 9721.64648438, 1930.34838867, 805.350097656, 731.507080078, 498.41519165, 253.798706055, 386.881164551, 219.808990479, 240.256881714, 191.986938477, 209.834503174, 92.2119064331, 86.4934692383, 77.4627532959, 21.977771759, 8.78898525238, 2.53243255615, 0.350415468216, 0.0397646278143, 0.000458270485979, 1.29010331307e-07, 1.42218836707e-09],
        "max": [4.65234804153, 24.9752120972, 66.5932388306, 87.4728469849, 88.0285339355, 133.824630737, 152.86114502, 348.572692871, 643.076599121, 945.392456055, 1624.02502441, 1703.39038086, 651.433288574, 417.233520508, 247.956985474, 676.592651367, 1125.2800293, 730.71862793, 820.641174316, 352.855621338, 256.070220947, 226.581237793, 193.266021729, 86.5952072144, 161.449539185, 169.046066284, 120.326835632, 81.0913925171, 112.702575684, 57.944229126, 86.6120300293, 89.9088821411, 57.852809906, 31.3544273376, 27.3093967438, 15.3557405472, 5.36859369278, 0.632311165333, 0.0109181497246, 0.000520473520737],
        "mean": [0.47227653861, 3.23571038246, 5.1799993515, 6.03822517395, 9.44138050079, 9.21312618256, 10.2256994247, 31.1862335205, 44.4213142395, 54.6478347778, 77.1250991821, 73.2889938354, 30.5992488861, 34.361995697, 27.4140472412, 32.1062355042, 36.2955741882, 45.0069656372, 49.2183952332, 29.6407165527, 23.4571151733, 24.8588466644, 17.5184898376, 10.7194042206, 10.5073680878, 10.1151447296, 10.4203863144, 9.80759716034, 8.93594074249, 7.55367612839, 7.4326543808, 6.15188121796, 3.37059783936, 2.16852688789, 1.28157830238, 0.481583207846, 0.118073858321, 0.00929108727723, 0.000212522441871, 6.52045710012e-05],
        "median": [0.250594884157, 2.25882411003, 3.62635993958, 3.9678068161, 6.51279592514, 6.37047481537, 6.83837413788, 18.6190261841, 20.3784236908, 28.1278820038, 32.6373825073, 27.8329582214, 15.9269237518, 20.9467639923, 18.339225769, 14.3393096924, 14.1333827972, 15.7040348053, 18.7538089752, 14.325296402, 13.5779972076, 15.3603658676, 11.5748262405, 6.64890003204, 6.26140213013, 5.91780281067, 6.12569570541, 6.03419446945, 5.33896589279, 4.07396316528, 3.58350300789, 3.36724472046, 2.14166164398, 1.29838430882, 0.797566771507, 0.29216337204, 0.0560270138085, 0.00341258361004, 0.000110074368422, 5.59128420718e-05],
        "min": [0.00499847298488, 0.0500366985798, 0.0743880718946, 0.0799231752753, 0.148256450891, 0.440187454224, 0.47879242897, 0.584704697132, 1.0665551424, 0.61209654808, 1.3075453043, 1.09021246433, 1.60353147984, 1.78678297997, 1.70309627056, 1.44789636135, 1.10355126858, 0.936839580536, 1.06567430496, 1.81799161434, 1.26107406616, 1.17261207104, 1.49558162689, 1.1433724165, 0.843768298626, 0.616068780422, 0.410804390907, 0.237627595663, 0.218931645155, 0.0794265717268, 0.0562202893198, 0.0423708707094, 0.0146424947307, 0.00313521083444, 0.00433454290032, 0.00013740293798, 1.41168829941e-05, 2.14927672459e-06, 8.06943262432e-06, 1.18059106171e-05],
        "var": [0.414772361517, 10.630821228, 43.1822090149, 52.9956970215, 90.326133728, 115.784484863, 154.153060913, 1618.42211914, 5621.17675781, 5616.98583984, 19708.6484375, 17409.9394531, 2635.00073242, 1613.41320801, 845.911804199, 3542.73706055, 5603.19873047, 7398.71630859, 7052.21582031, 1615.86657715, 653.127929688, 712.430297852, 329.38293457, 132.603607178, 170.798065186, 139.858703613, 163.135604858, 130.486953735, 132.612640381, 83.1296920776, 101.305732727, 64.1851043701, 17.0657100677, 9.00882434845, 3.32957744598, 0.652168691158, 0.0783956125379, 0.000909851514734, 2.7632663091e-07, 1.69362157632e-09]
    },
    "gfcc": {
        "mean": [54.8488121033, 91.0276031494, -103.460739136, 34.6406211853, -62.7012863159, 27.5584640503, -39.9004364014, 20.8227653503, -17.2016639709, 12.2946033478, -16.4164104462, 2.49249958992, -11.4585704803],
        "cov": [[1390.2598877, -668.315368652, 22.9084472656, -64.7787780762, -143.4584198, 88.4510345459, -140.977279663, 59.3495597839, 27.6773147583, 149.023422241, -129.359008789, 7.75977087021, -80.9228515625], [-668.315368652, 539.574768066, -77.4652709961, -19.7622413635, 88.3370513916, -54.8541946411, 90.4988479614, -43.0269737244, 7.13609457016, -80.8399734497, 86.3864517212, -38.6278495789, 42.3878707886], [22.9084472656, -77.4652709961, 204.073135376, 44.1665649414, 16.9793701172, -14.0148630142, 9.59516239166, 28.5986003876, -20.8620147705, 9.82123565674, -6.42646598816, 48.6469993591, -27.113740921], [-64.7787780762, -19.7622413635, 44.1665649414, 198.746749878, 29.0786685944, -30.7453098297, -19.8240013123, -29.9128990173, 14.1433010101, -43.3402175903, 9.67400360107, 18.7051067352, 22.3810749054], [-143.4584198, 88.3370513916, 16.9793701172, 29.0786685944, 123.855857849, -10.2580127716, 42.0600509644, 7.9462890625, -10.810883522, -5.8951125145, 13.9863042831, 11.2517471313, 11.7915706635], [88.4510345459, -54.8541946411, -14.0148630142, -30.7453098297, -10.2580127716, 97.6221847534, 8.94876003265, 15.2655763626, 10.4195957184, 9.31835079193, -11.2588891983, -27.1215782166, 3.04903078079], [-140.977279663, 90.4988479614, 9.59516239166, -19.8240013123, 42.0600509644, 8.94876003265, 159.60105896, 17.1406288147, -40.9830284119, -6.67387723923, 5.46353816986, 7.37517213821, -4.35482120514], [59.3495597839, -43.0269737244, 28.5986003876, -29.9128990173, 7.9462890625, 15.2655763626, 17.1406288147, 87.1365203857, 23.8324947357, 28.9592018127, -0.339843809605, 0.440236330032, -0.129151210189], [27.6773147583, 7.13609457016, -20.8620147705, 14.1433010101, -10.810883522, 10.4195957184, -40.9830284119, 23.8324947357, 105.676200867, 10.909409523, 4.09844589233, -12.4463024139, 6.41048431396], [149.023422241, -80.8399734497, 9.82123565674, -43.3402175903, -5.8951125145, 9.31835079193, -6.67387723923, 28.9592018127, 10.909409523, 80.9725189209, 1.65828227997, 3.12002587318, -13.9521303177], [-129.359008789, 86.3864517212, -6.42646598816, 9.67400360107, 13.9863042831, -11.2588891983, 5.46353816986, -0.339843809605, 4.09844589233, 1.65828227997, 78.0647125244, 18.5824985504, 16.2887420654], [7.75977087021, -38.6278495789, 48.6469993591, 18.7051067352, 11.2517471313, -27.1215782166, 7.37517213821, 0.440236330032, -12.4463024139, 3.12002587318, 18.5824985504, 80.8350906372, 6.71495628357], [-80.9228515625, 42.3878707886, -27.113740921, 22.3810749054, 11.7915706635, 3.04903078079, -4.35482120514, -0.129151210189, 6.41048431396, -13.9521303177, 16.2887420654, 6.71495628357, 61.4007835388]],
        "icov": [[0.00219886098057, 0.00219479715452, 0.00070088164648, 0.000270126824034, 0.000338080746587, -0.00036956279655, 0.000482046423713, -2.89583003905e-05, -0.000325564789819, -0.00146834913176, 0.000960366276558, -0.000162461059517, 0.00104472774547], [0.00219479715452, 0.0094219269231, -0.000465494347736, 0.00487042497844, -0.00361443846487, 0.00523339631036, -0.00373814767227, 0.00459032226354, -0.00463426718488, 0.0052439076826, -0.00668290862814, 0.00686584785581, -0.00271644606255], [0.00070088164648, -0.000465494347736, 0.00842430535704, -0.00337432720698, 0.00032498119981, -0.00175528321415, 0.00149278028402, -0.00480236997828, 0.00289035239257, -0.00176634395029, 0.00245915353298, -0.00584010640159, 0.00559881003574], [0.000270126824034, 0.00487042497844, -0.00337432720698, 0.0106694102287, -0.00396845024079, 0.00500765256584, -0.00209874729626, 0.0059129348956, -0.00521843135357, 0.00707855820656, -0.00487686041743, 0.00472127227113, -0.00507766893134], [0.000338080746587, -0.00361443846487, 0.00032498119981, -0.00396845024079, 0.0119808809832, -0.00226015900262, -0.000230011442909, -0.00343981385231, 0.00273057539016, -0.00424334174022, 0.00329812243581, -0.00364644336514, 0.000593215634581], [-0.00036956279655, 0.00523339631036, -0.00175528321415, 0.00500765256584, -0.00226015900262, 0.0168657507747, -0.00459009967744, 0.00287345820107, -0.00441457983106, 0.004643692635, -0.00496433442459, 0.00956080108881, -0.0056358803995], [0.000482046423713, -0.00373814767227, 0.00149278028402, -0.00209874729626, -0.000230011442909, -0.00459009967744, 0.0109678143635, -0.00542830955237, 0.00589294871315, -0.00256904354319, 0.00400794902816, -0.00496824132279, 0.00395978521556], [-2.89583003905e-05, 0.00459032226354, -0.00480236997828, 0.0059129348956, -0.00343981385231, 0.00287345820107, -0.00542830955237, 0.0204259194434, -0.00817357562482, 2.31826220443e-06, -0.00447804341093, 0.00580604886636, -0.0059003145434], [-0.000325564789819, -0.00463426718488, 0.00289035239257, -0.00521843135357, 0.00273057539016, -0.00441457983106, 0.00589294871315, -0.00817357562482, 0.0157362576574, -0.00462402123958, 0.00341182039119, -0.00348729477264, 0.00282689812593], [-0.00146834913176, 0.0052439076826, -0.00176634395029, 0.00707855820656, -0.00424334174022, 0.004643692635, -0.00256904354319, 2.31826220443e-06, -0.00462402123958, 0.0237086173147, -0.00891611538827, 0.0049455165863, -0.00081885320833], [0.000960366276558, -0.00668290862814, 0.00245915353298, -0.00487686041743, 0.00329812243581, -0.00496433442459, 0.00400794902816, -0.00447804341093, 0.00341182039119, -0.00891611538827, 0.0232933145016, -0.0106912218034, 0.0012384216534], [-0.000162461059517, 0.00686584785581, -0.00584010640159, 0.00472127227113, -0.00364644336514, 0.00956080108881, -0.00496824132279, 0.00580604886636, -0.00348729477264, 0.0049455165863, -0.0106912218034, 0.0245989281684, -0.00773455947638], [0.00104472774547, -0.00271644606255, 0.00559881003574, -0.00507766893134, 0.000593215634581, -0.0056358803995, 0.00395978521556, -0.0059003145434, 0.00282689812593, -0.00081885320833, 0.0012384216534, -0.00773455947638, 0.0243323370814]]
    },
    "melbands": {
        "dmean": [0.00278496160172, 0.00198323908262, 0.000786369550042, 0.000392907735659, 0.0002182823373, 0.00040761337732, 0.000418097624788, 0.000488699704874, 0.00047935184557, 0.000316407240462, 8.53774472489e-05, 9.62940393947e-05, 5.59092659387e-05, 5.70339398109e-05, 5.72934477532e-05, 5.92767610215e-05, 6.30568392808e-05, 5.83165601711e-05, 3.18532947858e-05, 2.22498347284e-05, 1.53673190653e-05, 1.637981768e-05, 1.32989825943e-05, 6.64258595862e-06, 4.82345058117e-06, 5.17485477758e-06, 4.34029971075e-06, 3.88493799619e-06, 3.96669838665e-06, 3.86015972254e-06, 3.67525126421e-06, 3.63470144293e-06, 3.07289656121e-06, 2.50950120062e-06, 2.59718649431e-06, 2.94000869872e-06, 2.35254674408e-06, 1.59561272994e-06, 1.23644497307e-06, 1.14991541977e-06],
        "dmean2": [0.00450537027791, 0.00346144963987, 0.00137941376306, 0.000655007024761, 0.000356982345693, 0.00064773025224, 0.000654636300169, 0.000765522650909, 0.000724316691048, 0.000480734772282, 0.000129520529299, 0.000153249115101, 9.16329518077e-05, 9.12379910005e-05, 8.7551343313e-05, 9.12062532734e-05, 9.15443742997e-05, 8.92382959137e-05, 4.72184219689e-05, 3.55226402462e-05, 2.36238465732e-05, 2.4567663786e-05, 2.05922988243e-05, 1.096521828e-05, 8.04574574431e-06, 8.81365849636e-06, 6.90649630997e-06, 6.29525720797e-06, 6.29655642115e-06, 6.18559852228e-06, 5.93291542828e-06, 5.89311048316e-06, 4.77329876958e-06, 3.81739846489e-06, 3.91869843952e-06, 4.39607583758e-06, 3.47285890712e-06, 2.3941568088e-06, 1.82452208719e-06, 1.67551843333e-06],
        "dvar": [1.77240472112e-05, 1.38007844726e-05, 1.63518006957e-06, 4.73038738846e-07, 1.32979053546e-07, 3.8714554762e-07, 5.49353785573e-07, 5.88118268752e-07, 8.49508296596e-07, 4.35243464381e-07, 2.55155612194e-08, 1.70677498801e-08, 5.47696510367e-09, 1.30395969578e-08, 1.71997029952e-08, 2.31437802256e-08, 1.79996746397e-08, 1.39012028555e-08, 2.6867681413e-09, 9.22068199571e-10, 4.84941697909e-10, 4.85921969329e-10, 4.4730566473e-10, 1.08818058731e-10, 6.61393440016e-11, 1.00422170579e-10, 6.98562804824e-11, 4.00533668732e-11, 4.20516677035e-11, 3.74740516396e-11, 3.17933353255e-11, 3.42756448224e-11, 2.16542703907e-11, 1.30638867779e-11, 1.56866446915e-11, 1.97421662351e-11, 1.35169436408e-11, 6.20139833582e-12, 3.75927804511e-12, 3.71232341742e-12],
        "dvar2": [4.03770754929e-05, 3.87203363061e-05, 4.57553232991e-06, 1.28579176817e-06, 3.40289687983e-07, 8.85341933099e-07, 1.16831745345e-06, 1.33933610869e-06, 1.70005273503e-06, 9.91107299342e-07, 4.93873741902e-08, 3.87349672337e-08, 1.38608680089e-08, 3.18586721448e-08, 3.79217937052e-08, 4.69873242537e-08, 3.25481863683e-08, 3.01883957832e-08, 5.4107465175e-09, 2.10557304925e-09, 1.18670262506e-09, 1.08129682985e-09, 1.05763631186e-09, 2.81117518153e-10, 1.69660868687e-10, 2.75239830927e-10, 1.73021513783e-10, 9.76527678165e-11, 1.025489485e-10, 9.14993428247e-11, 7.87741955e-11, 8.28279181353e-11, 4.90687178389e-11, 2.83575159882e-11, 3.05230458963e-11, 4.02840538705e-11, 2.92444471417e-11, 1.33669767963e-11, 8.46562923928e-12, 7.45998401941e-12],
        "max": [0.0367665477097, 0.0331572219729, 0.0132151758298, 0.00832743477076, 0.00418952526525, 0.00728412764147, 0.00964098330587, 0.00857748743147, 0.0132099715993, 0.00970989651978, 0.00323310890235, 0.00186220358592, 0.000839159474708, 0.00163588859141, 0.00187838741113, 0.00274561205879, 0.00160767894704, 0.00188877095934, 0.000498295587022, 0.000321255152812, 0.000290427560685, 0.000248809403274, 0.00032407217077, 0.000118748852401, 7.16659560567e-05, 0.000102308928035, 0.000132179484353, 0.000104053142422, 7.99873669166e-05, 5.87716822338e-05, 5.46022711205e-05, 7.13538320269e-05, 4.54905821243e-05, 3.87605141441e-05, 6.06151406828e-05, 4.58723552583e-05, 6.30520880804e-05, 4.62427269667e-05, 2.57257615885e-05, 2.88871669909e-05],
        "mean": [0.00426552304998, 0.00340102938935, 0.00119535869453, 0.000698225572705, 0.000363024038961, 0.000672404770739, 0.000664131599478, 0.000648802204523, 0.000610867398791, 0.000418887560954, 0.00013879853941, 0.00014104807633, 8.46573966555e-05, 7.91113052401e-05, 7.46310543036e-05, 7.82730130595e-05, 8.53694291436e-05, 7.6786185673e-05, 4.72937826999e-05, 3.5753550037e-05, 2.57646170212e-05, 2.66661154456e-05, 2.17116521526e-05, 1.14814711196e-05, 8.20595687401e-06, 7.82292136137e-06, 7.10973381501e-06, 6.51634445603e-06, 6.55345775158e-06, 6.15791577729e-06, 5.51448192709e-06, 5.07653567183e-06, 4.59086186311e-06, 3.96917039325e-06, 4.14306350649e-06, 4.43404542239e-06, 3.47408308699e-06, 2.42798660111e-06, 1.90921855392e-06, 1.7996162569e-06],
        "median": [0.00267040054314, 0.00259771058336, 0.000863120891154, 0.000504869676661, 0.0002534747764, 0.000389404653106, 0.000297426944599, 0.000322289386531, 0.000245559262112, 0.000155675865244, 7.12286928319e-05, 8.1989193859e-05, 5.62027962587e-05, 4.25517355325e-05, 2.8581249353e-05, 2.94788933388e-05, 2.66078041022e-05, 2.83218978439e-05, 2.00195900106e-05, 1.97329245566e-05, 1.48976023411e-05, 1.5898651327e-05, 1.26876193463e-05, 7.11930260877e-06, 4.97227847518e-06, 4.65429229735e-06, 3.95019196731e-06, 3.75476201953e-06, 3.70488032786e-06, 3.55234510607e-06, 3.18473712468e-06, 2.84500197267e-06, 2.34443086811e-06, 2.03464946935e-06, 1.9989363409e-06, 2.03228796636e-06, 1.9348335627e-06, 1.42900137234e-06, 1.15407272006e-06, 1.04247624222e-06],
        "min": [4.14602400269e-05, 0.000137081253342, 1.37653896672e-05, 1.87884852494e-05, 2.07434823096e-05, 1.05322342279e-05, 1.42283497553e-05, 5.18155684404e-06, 7.02464149072e-06, 4.12572717323e-06, 5.35022491022e-06, 4.01213173973e-06, 2.92830372928e-06, 2.75585171039e-06, 1.97039207706e-06, 1.86483998732e-06, 1.55869258833e-06, 1.00605484477e-06, 1.33077844566e-06, 1.47279490648e-06, 7.62889385442e-07, 7.09797518539e-07, 9.81529638011e-07, 1.0671402606e-06, 5.53126483283e-07, 4.93742675189e-07, 4.46818631872e-07, 3.04182236732e-07, 2.63991722704e-07, 1.40401922977e-07, 9.84291332884e-08, 1.23691307863e-07, 3.39542118866e-08, 2.80637699746e-08, 2.94157125325e-08, 2.15499103007e-08, 2.48016327475e-08, 1.339491984e-08, 2.48119702562e-09, 1.14658491035e-11],
