{
"highlevel": {
    "danceability": {
        "all": {
            "danceable": 0.986715972424,
            "not_danceable": 0.0132840471342
        },
        "probability": 0.986715972424,
        "value": "danceable"
    },
    "gender": {
        "all": {
            "female": 0.765549302101,
            "male": 0.234450682998
        },
        "probability": 0.765549302101,
        "value": "female"
    },
    "genre_dortmund": {
        "all": {
            "alternative": 0.0386427268386,
            "blues": 0.0235348511487,
            "electronic": 0.478421330452,
            "folkcountry": 0.0142694134265,
            "funksoulrnb": 0.0110498610884,
            "jazz": 0.133235454559,
            "pop": 0.01769544743,
            "raphiphop": 0.252474337816,
            "rock": 0.0306765735149
        },
        "probability": 0.478421330452,
        "value": "electronic"
    },
    "genre_electronic": {
        "all": {
            "ambient": 0.421248972416,
            "dnb": 0.0290337875485,
            "house": 0.474375069141,
            "techno": 0.0383271835744,
            "trance": 0.0370149724185
        },
        "probability": 0.474375069141,
        "value": "house"
    },
    "genre_rosamerica": {
        "all": {
            "cla": 0.0114947482944,
            "dan": 0.23388466239,
            "hip": 0.169320717454,
            "jaz": 0.0116022257134,
            "pop": 0.0966646820307,
            "rhy": 0.439530521631,
            "roc": 0.0204958058894,
            "spe": 0.017006630078
        },
        "probability": 0.439530521631,
        "value": "rhy"
    },
    "genre_tzanetakis": {
        "all": {
            "blu": 0.0524533167481,
            "cla": 0.0349649488926,
            "cou": 0.104891635478,
            "dis": 0.0524435415864,
            "hip": 0.0629331693053,
            "jaz": 0.314674407244,
            "met": 0.0629421249032,
            "pop": 0.0786757916212,
            "reg": 0.0786744207144,
            "roc": 0.157346650958
        },
        "probability": 0.314674407244,
        "value": "jaz"
    },
    "ismir04_rhythm": {
        "all": {
            "ChaChaCha": 0.124700449407,
            "Jive": 0.0852855816483,
            "Quickstep": 0.161869257689,
            "Rumba-American": 0.0427232980728,
            "Rumba-International": 0.215863764286,
            "Rumba-Misc": 0.0558958239853,
            "Samba": 0.195714607835,
            "Tango": 0.054565012455,
            "VienneseWaltz": 0.0260383151472,
            "Waltz": 0.0373438932002
        },
        "probability": 0.215863764286,
        "value": "Rumba-International"
    },
    "mood_acoustic": {
        "all": {
            "acoustic": 0.136851847172,
            "not_acoustic": 0.863148152828
        },
        "probability": 0.863148152828,
        "value": "not_acoustic"
    },
    "mood_aggressive": {
        "all": {
            "aggressive": 0.0161285828799,
            "not_aggressive": 0.983871400356
        },
        "probability": 0.983871400356,
        "value": "not_aggressive"
    },
    "mood_electronic": {
        "all": {
            "electronic": 0.875999450684,
            "not_electronic": 0.124000564218
        },
        "probability": 0.875999450684,
        "value": "electronic"
    },
    "mood_happy": {
        "all": {
            "happy": 0.696422636509,
            "not_happy": 0.303577333689
        },
        "probability": 0.696422636509,
        "value": "happy"
    },
    "mood_party": {
        "all": {
            "not_party": 0.832205832005,
            "party": 0.167794153094
        },
        "probability": 0.832205832005,
        "value": "not_party"
    },
    "mood_relaxed": {
        "all": {
            "not_relaxed": 0.0484069734812,
            "relaxed": 0.95159304142
        },
        "probability": 0.95159304142,
        "value": "relaxed"
    },
    "mood_sad": {
        "all": {
            "not_sad": 0.480298966169,
            "sad": 0.519701004028
        },
        "probability": 0.519701004028,
        "value": "sad"
    },
    "moods_mirex": {
        "all": {
            "Cluster1": 0.176454693079,
            "Cluster2": 0.113401591778,
            "Cluster3": 0.246759697795,
            "Cluster4": 0.0927774012089,
            "Cluster5": 0.370606631041
        },
        "probability": 0.370606631041,
        "value": "Cluster5"
    },
    "timbre": {
        "all": {
            "bright": 0.852308094501,
            "dark": 0.1476919204
        },
        "probability": 0.852308094501,
        "value": "bright"
    },
    "tonal_atonal": {
        "all": {
            "atonal": 0.897094249725,
            "tonal": 0.102905720472
        },
        "probability": 0.897094249725,
        "value": "atonal"
    },
    "voice_instrumental": {
        "all": {
            "instrumental": 0.822846233845,
            "voice": 0.177153766155
        },
        "probability": 0.822846233845,
        "value": "instrumental"
    }
},
"lowlevel": {
    "average_loudness": 0.980943024158,
    "barkbands_crest": {
        "dmean": 2.44696903229,
        "dmean2": 3.7322883606,
        "dvar": 4.91212749481,
        "dvar2": 9.20177650452,
        "max": 24.78865242,
        "mean": 12.5406417847,
        "median": 11.1739597321,
        "min": 3.34439134598,
        "var": 23.8799915314
    },
    "barkbands_flatness_db": {
        "dmean": 0.0359195619822,
        "dmean2": 0.0499156229198,
        "dvar": 0.00163439998869,
        "dvar2": 0.0029365173541,
        "max": 0.474861443043,
        "mean": 0.239525958896,
        "median": 0.225449070334,
        "min": 0.0688589811325,
        "var": 0.00681247469038
    },
    "barkbands_kurtosis": {
        "dmean": 9.56820774078,
        "dmean2": 14.926240921,
        "dvar": 445.757843018,
        "dvar2": 1154.50280762,
        "max": 234.961807251,
        "mean": 15.5861349106,
        "median": 6.80615615845,
        "min": -1.80918490887,
        "var": 658.851806641
    },
    "barkbands_skewness": {
        "dmean": 0.882658779621,
        "dmean2": 1.26609754562,
        "dvar": 1.2292932272,
        "dvar2": 2.58216810226,
        "max": 12.8654088974,
        "mean": 2.56064081192,
        "median": 2.22776985168,
        "min": -1.51656913757,
        "var": 4.19660615921
    },
    "barkbands_spread": {
        "dmean": 4.37180995941,
        "dmean2": 6.2824139595,
        "dvar": 49.0130653381,
        "dvar2": 92.6091842651,
        "max": 61.8268051147,
        "mean": 10.6633090973,
        "median": 7.89068651199,
        "min": 0.53649699688,
        "var": 106.31010437
    },
    "dissonance": {
        "dmean": 0.0230719596148,
        "dmean2": 0.0384603105485,
        "dvar": 0.000421771139372,
        "dvar2": 0.00110062526073,
        "max": 0.499587416649,
        "mean": 0.451336622238,
        "median": 0.454401731491,
        "min": 0.338868200779,
        "var": 0.000848903262522
    },
    "dynamic_complexity": 2.52172231674,
    "erbbands_crest": {
        "dmean": 2.73656368256,
        "dmean2": 4.30073165894,
        "dvar": 7.61907339096,
        "dvar2": 17.1980667114,
        "max": 28.0643844604,
        "mean": 10.2033195496,
        "median": 8.97606086731,
        "min": 2.76080703735,
        "var": 24.5317344666
    },
    "erbbands_flatness_db": {
        "dmean": 0.030429366976,
        "dmean2": 0.0396366007626,
        "dvar": 0.000962631776929,
        "dvar2": 0.00181964936201,
        "max": 0.34833535552,
        "mean": 0.197375789285,
        "median": 0.207318857312,
        "min": 0.0612314790487,
        "var": 0.00323668518104
    },
    "erbbands_kurtosis": {
        "dmean": 1.31674218178,
        "dmean2": 2.06128835678,
        "dvar": 3.00293731689,
        "dvar2": 8.01396942139,
        "max": 14.1544322968,
        "mean": 0.804848372936,
        "median": -0.00543236732483,
        "min": -1.74189329147,
        "var": 5.35249996185
    },
    "erbbands_skewness": {
        "dmean": 0.462129771709,
        "dmean2": 0.712485432625,
        "dvar": 0.227873980999,
        "dvar2": 0.624073922634,
        "max": 3.37675476074,
        "mean": 0.558082461357,
        "median": 0.571818768978,
        "min": -2.41319799423,
        "var": 0.766691088676
    },
    "erbbands_spread": {
        "dmean": 12.4046087265,
        "dmean2": 19.0638160706,
        "dvar": 348.803588867,
        "dvar2": 780.220275879,
        "max": 143.366836548,
        "mean": 32.8025474548,
        "median": 27.3436546326,
        "min": 3.95754361153,
        "var": 456.659515381
    },
    "hfc": {
        "dmean": 7.70490264893,
        "dmean2": 11.8402738571,
        "dvar": 147.750732422,
        "dvar2": 317.128387451,
        "max": 97.0620727539,
        "mean": 16.5860347748,
        "median": 11.9893426895,
        "min": 1.26640939713,
        "var": 239.940567017
    },
    "melbands_crest": {
        "dmean": 3.31841373444,
        "dmean2": 5.1784696579,
        "dvar": 10.0143585205,
        "dvar2": 24.0675888062,
        "max": 34.0116462708,
        "mean": 18.0395679474,
        "median": 17.1933822632,
        "min": 4.96660852432,
        "var": 49.8366355896
    },
    "melbands_flatness_db": {
        "dmean": 0.0450867787004,
        "dmean2": 0.0610511414707,
        "dvar": 0.00276748323813,
        "dvar2": 0.00467633036897,
        "max": 0.615226507187,
        "mean": 0.316893339157,
        "median": 0.300373494625,
        "min": 0.034684188664,
        "var": 0.0131939966232
    },
    "melbands_kurtosis": {
        "dmean": 20.7725353241,
        "dmean2": 32.6617279053,
        "dvar": 2180.39501953,
        "dvar2": 4533.25683594,
        "max": 463.378570557,
        "mean": 32.2009086609,
        "median": 15.0701961517,
        "min": -1.70198893547,
        "var": 3086.65991211
    },
    "melbands_skewness": {
        "dmean": 1.23053753376,
        "dmean2": 1.89331245422,
        "dvar": 3.49061655998,
        "dvar2": 7.80104064941,
        "max": 19.5327529907,
        "mean": 3.51440834999,
        "median": 3.02761983871,
        "min": -1.22382152081,
        "var": 7.073554039
    },
    "melbands_spread": {
        "dmean": 5.09395742416,
        "dmean2": 7.65394830704,
        "dvar": 93.8206558228,
        "dvar2": 222.222381592,
        "max": 104.914283752,
        "mean": 11.8078746796,
        "median": 7.19223451614,
        "min": 0.492300599813,
        "var": 172.534866333
    },
    "pitch_salience": {
        "dmean": 0.0682167559862,
        "dmean2": 0.103798612952,
        "dvar": 0.00474556162953,
        "dvar2": 0.00999827403575,
        "max": 0.792744457722,
        "mean": 0.485162466764,
        "median": 0.51401168108,
        "min": 0.0896834284067,
        "var": 0.0210848171264
    },
    "silence_rate_20dB": {
        "dmean": 0,
        "dmean2": 0,
        "dvar": 0,
        "dvar2": 0,
        "max": 1,
        "mean": 1,
        "median": 1,
        "min": 1,
        "var": 0
    },
    "silence_rate_30dB": {
        "dmean": 0.114551082253,
        "dmean2": 0.229279622436,
        "dvar": 0.101429574192,
        "dvar2": 0.206143945456,
        "max": 1,
        "mean": 0.706109821796,
        "median": 1,
        "min": 0,
        "var": 0.20751722157
    },
    "silence_rate_60dB": {
        "dmean": 0.00851393211633,
        "dmean2": 0.0162664595991,
        "dvar": 0.0084414370358,
        "dvar2": 0.0175509303808,
        "max": 1,
        "mean": 0.0123743228614,
        "median": 0,
        "min": 0,
        "var": 0.0122214863077
    },
    "spectral_centroid": {
        "dmean": 255.172790527,
        "dmean2": 394.184570312,
        "dvar": 155234.765625,
        "dvar2": 335213.9375,
        "max": 3513.0168457,
        "mean": 752.07019043,
        "median": 631.656555176,
        "min": 141.216445923,
        "var": 305935.6875
    },
    "spectral_complexity": {
        "dmean": 3.52708983421,
        "dmean2": 5.37025547028,
        "dvar": 31.1223907471,
        "dvar2": 53.0588951111,
        "max": 58,
        "mean": 13.3882446289,
        "median": 12,
        "min": 2,
        "var": 61.7579803467
    },
    "spectral_decrease": {
        "dmean": 7.28426607921e-09,
        "dmean2": 1.05417399254e-08,
        "dvar": 1.39222888013e-16,
        "dvar2": 2.94685568146e-16,
        "max": -4.33620972462e-10,
        "mean": -1.95034992601e-08,
        "median": -1.26649304377e-08,
        "min": -1.064645474e-07,
        "var": 4.03895802437e-16
    },
    "spectral_energy": {
        "dmean": 0.0279099084437,
        "dmean2": 0.0403446517885,
        "dvar": 0.00202570599504,
        "dvar2": 0.00429838569835,
        "max": 0.406070351601,
        "mean": 0.0751150771976,
        "median": 0.0499500632286,
        "min": 0.00178064289503,
        "var": 0.00585975078866
    },
    "spectral_energyband_high": {
        "dmean": 0.000573871948291,
        "dmean2": 0.000889047340024,
        "dvar": 1.51517906488e-06,
        "dvar2": 3.50239679392e-06,
        "max": 0.00785260275006,
        "mean": 0.000498546578456,
        "median": 3.79265256925e-05,
        "min": 1.64456321272e-06,
        "var": 1.60547529049e-06
    },
    "spectral_energyband_low": {
        "dmean": 0.0247574839741,
        "dmean2": 0.0362186022103,
        "dvar": 0.00177959562279,
        "dvar2": 0.00368957966566,
        "max": 0.382953971624,
        "mean": 0.0582492165267,
        "median": 0.0327707231045,
        "min": 1.03695128928e-05,
        "var": 0.00521708745509
    },
    "spectral_energyband_middle_high": {
        "dmean": 0.00126513594296,
        "dmean2": 0.00189572502859,
        "dvar": 1.02865778899e-05,
        "dvar2": 2.30905952776e-05,
        "max": 0.0331865847111,
        "mean": 0.00290040485561,
        "median": 0.00184972712304,
        "min": 9.78591269813e-05,
        "var": 1.37128427014e-05
    },
    "spectral_energyband_middle_low": {
        "dmean": 0.00587551016361,
        "dmean2": 0.00885041058064,
        "dvar": 6.34048192296e-05,
        "dvar2": 0.000137907263706,
        "max": 0.0631582140923,
        "mean": 0.0158485602587,
        "median": 0.0112144555897,
        "min": 0.000397740717744,
        "var": 0.000186539633432
    },
    "spectral_entropy": {
        "dmean": 0.370634704828,
        "dmean2": 0.523666679859,
        "dvar": 0.164446249604,
        "dvar2": 0.331675648689,
        "max": 8.39987754822,
        "mean": 6.87335586548,
        "median": 6.80569171906,
        "min": 5.27329301834,
        "var": 0.421091705561
    },
    "spectral_flux": {
        "dmean": 0.05818124488,
        "dmean2": 0.0989365652204,
        "dvar": 0.00684588961303,
        "dvar2": 0.0187614485621,
        "max": 0.50592982769,
        "mean": 0.108551979065,
        "median": 0.0728717520833,
        "min": 0.0138119552284,
        "var": 0.0102051319554
    },
    "spectral_kurtosis": {
        "dmean": 6.1380739212,
        "dmean2": 10.0087928772,
        "dvar": 52.9852218628,
        "dvar2": 124.742378235,
        "max": 62.2314987183,
        "mean": 10.5509214401,
        "median": 8.4009475708,
        "min": 0.387093544006,
        "var": 83.6204910278
    },
    "spectral_rms": {
        "dmean": 0.0015265988186,
        "dmean2": 0.002124479739,
        "dvar": 4.74746775581e-06,
        "dvar2": 9.12711402634e-06,
        "max": 0.0199039243162,
        "mean": 0.00737471459433,
        "median": 0.00698081450537,
        "min": 0.0013180335518,
        "var": 1.88966732821e-05
    },
    "spectral_rolloff": {
        "dmean": 369.36315918,
        "dmean2": 597.343261719,
        "dvar": 875259.3125,
        "dvar2": 1981416.75,
        "max": 9151.61132812,
        "mean": 785.670532227,
        "median": 430.6640625,
        "min": 64.599609375,
        "var": 1211649.75
    },
    "spectral_skewness": {
        "dmean": 0.66023349762,
        "dmean2": 1.05176305771,
        "dvar": 0.454238563776,
        "dvar2": 1.0452028513,
        "max": 6.67808246613,
        "mean": 2.27183175087,
        "median": 2.19161462784,
        "min": 0.508261799812,
        "var": 0.857588768005
    },
    "spectral_spread": {
        "dmean": 865635.0625,
        "dmean2": 1169625,
        "dvar": 1.08605295821e+12,
        "dvar2": 1.85969986765e+12,
        "max": 8791566,
        "mean": 3495965,
        "median": 2947549.75,
        "min": 1070057.5,
        "var": 2.76485400166e+12
    },
    "spectral_strongpeak": {
        "dmean": 0.427390605211,
        "dmean2": 0.735582053661,
        "dvar": 0.420083016157,
        "dvar2": 1.06949710846,
        "max": 6.53618001938,
        "mean": 0.928353011608,
        "median": 0.733571827412,
        "min": 0.0347279757261,
        "var": 0.754081308842
    },
    "zerocrossingrate": {
        "dmean": 0.0103948730975,
        "dmean2": 0.0119751831517,
        "dvar": 0.000251489778748,
        "dvar2": 0.000344908097759,
        "max": 0.21923828125,
        "mean": 0.0344119332731,
        "median": 0.0263671875,
        "min": 0.001953125,
        "var": 0.000919224752579
    },
    "barkbands": {
        "dmean": [0.00129033857957, 0.0155959008262, 0.0129081457853, 0.0021427788306, 0.0029912488535, 0.000719417061191, 0.00118286628276, 0.000325759901898, 0.000374296330847, 0.000336357858032, 0.000160474519362, 0.000151409665705, 0.000413505244069, 0.000210066529689, 0.000166128462297, 0.000159602379426, 4.60056908196e-05, 9.10290109459e-05, 0.000110764012788, 0.000101105921203, 0.000145532743772, 0.000144553487189, 7.27565929992e-05, 4.78362126159e-05, 7.11488974048e-05, 5.4961299611e-05, 2.89401569376e-09],
        "dmean2": [0.00193179340567, 0.0213072411716, 0.0212699919939, 0.0032966460567, 0.00457428209484, 0.00111864099745, 0.00189494038932, 0.000536174920853, 0.000639377045445, 0.000529949145857, 0.000238029897446, 0.0002531678183, 0.000636946293525, 0.000338312005624, 0.00026023061946, 0.000256938161328, 7.28535887902e-05, 0.000146814927575, 0.000176949208253, 0.00015187401732, 0.000237103391555, 0.000228211429203, 0.000114615919301, 7.70613114582e-05, 0.000119373828056, 9.12398609216e-05, 5.1965329817e-09],
        "dvar": [6.02151703788e-06, 0.000627052679192, 0.000900617684238, 1.18452589959e-05, 2.07222637982e-05, 1.21828418287e-06, 1.80748281764e-06, 3.65331743524e-07, 2.38708230427e-06, 1.11289728011e-06, 1.08661417642e-07, 2.06996332963e-07, 6.83451503392e-07, 3.71118744624e-07, 4.28145199294e-08, 3.261109498e-07, 1.2981290709e-08, 9.61209849493e-08, 8.85910438342e-08, 6.05914181051e-08, 1.21652618645e-07, 1.07663986171e-07, 2.57794834368e-08, 1.38442830533e-08, 2.7007608594e-08, 1.68311284909e-08, 3.36335111223e-17],
        "dvar2": [1.31070864882e-05, 0.000967476167716, 0.00226440746337, 2.61895675067e-05, 4.71165803901e-05, 3.15907504955e-06, 4.74145554108e-06, 8.83204165802e-07, 6.28337966191e-06, 2.89771310236e-06, 2.52406749723e-07, 5.72267367716e-07, 1.6286500113e-06, 8.70542407938e-07, 1.03414045327e-07, 7.78551395797e-07, 3.01411020587e-08, 2.44127221549e-07, 1.76505793092e-07, 1.0645864279e-07, 3.00608206771e-07, 2.48314648843e-07, 5.947229198e-08, 3.46456516809e-08, 6.81732217345e-08, 4.22664037103e-08, 7.15980406702e-17],
        "max": [0.0223794505, 0.24726356566, 0.236199811101, 0.0240780226886, 0.03699978441, 0.00892360135913, 0.0153079526499, 0.00625634100288, 0.0129468552768, 0.0113581372425, 0.0029546553269, 0.00392004661262, 0.00906060356647, 0.0107779875398, 0.00327948620543, 0.00538504403085, 0.00118697271682, 0.00336097320542, 0.00335067370906, 0.00326529005542, 0.00206601107493, 0.00294900243171, 0.0012185286032, 0.000649749010336, 0.00120564561803, 0.000776893866714, 1.1064492611e-07],
        "mean": [0.00242391065694, 0.0375067926943, 0.0160098280758, 0.0040027522482, 0.0068556680344, 0.00139983883128, 0.00260814768262, 0.000480055314256, 0.000325470318785, 0.000493657425977, 0.000298480357742, 0.00018123468908, 0.000828494143207, 0.000360227364581, 0.000343904132023, 0.000187605619431, 5.60347580176e-05, 8.9307082817e-05, 0.000121543780551, 0.000101831974462, 0.000127157356474, 0.000121791927086, 6.06022731517e-05, 3.89622036892e-05, 5.18468914379e-05, 3.99987038691e-05, 2.3884587641e-09],
        "median": [0.000387387728551, 0.0167389903218, 0.0037747186143, 0.00133167626336, 0.00401121703908, 0.00101525278296, 0.00176965468563, 0.000237811444094, 6.22554216534e-05, 0.00026265514316, 0.000136881863, 8.19779888843e-05, 0.000318074249662, 3.58144097845e-05, 0.000194634078071, 2.81195916614e-05, 2.20857837121e-05, 1.55660563905e-05, 2.91760643449e-05, 1.12938878374e-05, 1.22473138617e-05, 7.19004037819e-06, 3.32581589646e-06, 1.81719587999e-06, 1.3099405578e-06, 5.90683214341e-07, 6.95274060547e-10],
        "min": [4.05153031124e-08, 3.07532673105e-06, 8.73912767929e-07, 6.22773541181e-07, 3.2742300391e-05, 2.78257102764e-05, 9.74791419139e-06, 1.49503910052e-06, 1.21530138131e-06, 4.54316841569e-06, 1.80592292054e-06, 1.92636093743e-06, 2.34157960222e-06, 4.55939812127e-07, 3.59118894266e-06, 3.18207526107e-07, 1.60337765465e-06, 4.02103154329e-07, 1.90785431187e-06, 6.30108388577e-07, 4.22989529625e-07, 2.50038823424e-07, 6.56943228705e-08, 1.82820453221e-10, 1.5499088124e-11, 4.42494663133e-09, 2.59696951443e-11],
        "var": [1.82547737495e-05, 0.00266871438362, 0.000807926873676, 3.17811027344e-05, 5.30266806891e-05, 1.71018280071e-06, 5.72173394175e-06, 4.87571924168e-07, 1.72722559455e-06, 8.97847542092e-07, 1.86326431617e-07, 1.48790263665e-07, 1.73457374331e-06, 1.48137189626e-06, 1.57734532991e-07, 3.15735917411e-07, 1.46636631726e-08, 9.0503078809e-08, 1.15618028929e-07, 9.19681681921e-08, 1.10688780808e-07, 1.11524187218e-07, 2.58847574486e-08, 1.17097416208e-08, 2.15475086662e-08, 1.34848496813e-08, 3.11908203036e-17]
    },
    "erbbands": {
        "dmean": [0.637523233891, 3.97525143623, 15.3028507233, 9.69080352783, 7.17923402786, 11.8850402832, 10.7324314117, 4.19459533691, 15.1455097198, 11.0144176483, 6.66172456741, 6.57405185699, 15.0271425247, 7.60866975784, 6.46519470215, 6.63290071487, 19.6427059174, 12.5035533905, 10.4234361649, 6.33539962769, 7.09308099747, 2.51090192795, 4.04655075073, 7.28494596481, 4.86025762558, 5.02408790588, 5.81788778305, 4.60095834732, 5.14858961105, 4.51986980438, 1.87964391708, 0.991921424866, 0.856467425823, 0.758018612862, 0.543040394783, 0.268689125776, 0.101872518659, 0.00830318499357, 0.000164577621035, 3.56774326065e-05],
        "dmean2": [0.836302280426, 5.64607095718, 24.4717597961, 15.5088624954, 10.2465648651, 18.4211921692, 18.1257610321, 6.20056581497, 23.6498241425, 18.2328281403, 11.0316228867, 11.1184768677, 25.8854694366, 11.1975946426, 9.39326763153, 10.6459960938, 30.0738124847, 20.1017055511, 16.4743461609, 10.250289917, 11.5412788391, 3.96147298813, 6.80293941498, 11.6188745499, 7.3049030304, 7.61605072021, 9.62048244476, 7.40576982498, 7.97236967087, 7.35724163055, 2.96968722343, 1.57954013348, 1.4090025425, 1.26138198376, 0.927492976189, 0.446809202433, 0.171679139137, 0.0138718839735, 0.000270046875812, 5.29996141267e-05],
        "dvar": [1.35215616226, 50.04945755, 1283.29052734, 290.106872559, 137.268936157, 361.513427734, 359.183349609, 23.0178718567, 280.797027588, 179.536483765, 156.076644897, 580.935241699, 4465.30224609, 222.022537231, 171.47177124, 256.015197754, 1408.91491699, 1310.82067871, 160.703979492, 255.16708374, 691.860839844, 46.9065856934, 177.494598389, 616.135986328, 119.359191895, 172.714752197, 162.010131836, 131.505371094, 135.169952393, 115.223983765, 17.5151920319, 5.04621982574, 5.1642203331, 3.17203259468, 1.7690359354, 0.397787898779, 0.0595598965883, 0.000407064799219, 1.38574137054e-07, 2.80506107231e-09],
        "dvar2": [2.20030736923, 89.2606582642, 3064.93847656, 728.064697266, 292.48425293, 824.125488281, 1022.53729248, 53.9441261292, 667.465942383, 494.795837402, 386.380157471, 1525.95861816, 12164.5732422, 454.787628174, 396.026824951, 678.36907959, 3343.35791016, 3204.12060547, 382.630432129, 629.384338379, 1662.06860352, 113.198417664, 465.419067383, 1528.34289551, 199.883865356, 311.239440918, 384.552032471, 316.16885376, 323.234832764, 277.61505127, 41.0693778992, 11.5425786972, 13.2410812378, 7.91495037079, 4.62421798706, 0.989888310432, 0.152358755469, 0.00101753347553, 3.46909473592e-07, 6.08324146611e-09],
        "max": [10.4159793854, 57.4281196594, 283.371643066, 108.086509705, 102.638671875, 164.279815674, 155.313217163, 68.5215454102, 213.639816284, 173.223724365, 121.45110321, 188.329452515, 659.354980469, 162.378173828, 127.777877808, 144.731170654, 468.517456055, 566.148864746, 195.455032349, 183.248748779, 261.192901611, 67.8488922119, 146.556167603, 309.534606934, 143.828216553, 191.156738281, 78.2512588501, 100.03024292, 104.625564575, 87.8608169556, 33.5384407043, 14.8128433228, 13.7715568542, 10.4430494308, 11.0640449524, 3.91087198257, 1.5951821804, 0.129298686981, 0.00231850426644, 0.000439948169515],
        "mean": [1.35796916485, 7.25396156311, 18.9904689789, 15.4616041183, 15.6613950729, 28.1665878296, 16.525056839, 10.4812984467, 36.0774345398, 21.4538612366, 9.65041542053, 6.74164581299, 13.667298317, 15.0376195908, 13.4013576508, 11.2207632065, 40.9854698181, 22.1957588196, 21.1571407318, 10.5859031677, 8.13516712189, 2.88197755814, 4.27626609802, 6.66096735001, 5.53689575195, 4.98768186569, 5.36200618744, 3.95788431168, 4.39489603043, 3.50545835495, 1.5576158762, 0.859785318375, 0.663256168365, 0.566567063332, 0.379742592573, 0.199878454208, 0.0717289447784, 0.00603465689346, 0.000147243554238, 8.85153058334e-05],
        "median": [0.416399091482, 2.79785037041, 4.52510452271, 5.42957162857, 5.8505449295, 15.1901321411, 11.2329759598, 8.09448242188, 23.6132030487, 16.4279537201, 5.09130001068, 1.9511963129, 3.338296175, 9.84853839874, 6.78436040878, 6.47382068634, 16.3555717468, 4.89612102509, 12.2389831543, 5.42530250549, 1.76399338245, 1.01475477219, 0.965530633926, 0.846282422543, 1.67012786865, 0.638085067272, 0.645939409733, 0.33225607872, 0.284238517284, 0.153194308281, 0.101092047989, 0.0574813224375, 0.0184680316597, 0.0161109380424, 0.00829194113612, 0.00432147923857, 0.000635271251667, 4.02374316764e-05, 3.48572320945e-05, 6.26694600214e-05],
        "min": [5.51247903786e-05, 0.000550917291548, 0.0010233335197, 0.00468272529542, 0.00967858266085, 0.0962682515383, 0.529188871384, 0.660072863102, 0.331977188587, 0.218399643898, 0.194257602096, 0.067743614316, 0.142914935946, 0.211798340082, 0.18491654098, 0.185930624604, 0.16767065227, 0.132062166929, 0.28760138154, 0.0582678988576, 0.0779884234071, 0.106656849384, 0.0540414638817, 0.0490092486143, 0.116509586573, 0.0332587659359, 0.0175213292241, 0.0132290842012, 0.00741591118276, 0.00813939515501, 0.00260002398863, 0.00017468171427, 2.98191462207e-05, 1.40016691148e-05, 8.09517314337e-06, 1.18195666801e-05, 1.70733947016e-05, 2.20335550694e-06, 1.20568597595e-06, 2.13871885535e-06],
        "var": [5.06235408783, 117.937911987, 1240.97375488, 447.527587891, 418.234863281, 867.384094238, 310.93359375, 70.7461090088, 1198.37084961, 353.051757812, 183.925598145, 432.777709961, 2963.47070312, 312.114654541, 342.089355469, 249.299346924, 4150.34082031, 4237.66064453, 572.522705078, 279.20703125, 621.612609863, 48.846660614, 169.516143799, 573.390136719, 184.443511963, 244.368087769, 166.428207397, 124.648193359, 135.380691528, 105.381889343, 17.4758281708, 5.12838077545, 3.99757409096, 2.60304331779, 1.29873490334, 0.323723912239, 0.045858759433, 0.000325577391777, 1.14610998025e-07, 7.46915418404e-09]
    },
    "gfcc": {
        "mean": [-36.6998405457, 138.386459351, -104.652793884, 28.2819328308, -47.7032966614, 10.4639253616, -30.2982654572, -9.53885364532, -18.8024978638, 11.9774360657, -3.36207509041, 0.947291791439, -6.60306072235],
        "cov": [[3427.15405273, -1433.72741699, 916.390991211, 757.16619873, -21.3230876923, 594.399291992, 31.9563426971, 449.292175293, -270.274291992, 41.5671348572, -448.337860107, 16.8259468079, -162.294418335], [-1433.72741699, 2392.13085938, 312.772125244, 54.4528274536, 714.950317383, -265.979278564, 391.741546631, -349.157348633, 358.2371521, -323.411621094, 218.043151855, -373.960784912, 76.5087203979], [916.390991211, 312.772125244, 1755.44616699, 713.133422852, 512.54498291, 268.139801025, 291.62121582, 189.809829712, 26.6123199463, -54.6596984863, -162.8618927, -147.676742554, -101.094543457], [757.16619873, 54.4528274536, 713.133422852, 561.82220459, 259.094177246, 147.915039062, 192.449859619, 118.586349487, 14.0416984558, -56.0331115723, -66.0853424072, -75.0901794434, -36.2688102722], [-21.3230876923, 714.950317383, 512.54498291, 259.094177246, 482.193603516, 75.2107772827, 231.636520386, -44.366771698, 134.455184937, -77.7104263306, 14.5411272049, -137.544631958, 0.980723023415], [594.399291992, -265.979278564, 268.139801025, 147.915039062, 75.2107772827, 273.504577637, 28.3662414551, 100.617485046, -52.6186943054, 52.1408309937, -67.1814422607, -15.4902801514, -2.76906204224], [31.9563426971, 391.741546631, 291.62121582, 192.449859619, 231.636520386, 28.3662414551, 221.140579224, 10.2882966995, 76.1872024536, -85.3885421753, 7.46372509003, -81.4580917358, -14.9767560959], [449.292175293, -349.157348633, 189.809829712, 118.586349487, -44.366771698, 100.617485046, 10.2882966995, 175.617050171, -35.192741394, 29.1352405548, -58.4402580261, 25.7867774963, -13.9403238297], [-270.274291992, 358.2371521, 26.6123199463, 14.0416984558, 134.455184937, -52.6186943054, 76.1872024536, -35.192741394, 146.795059204, -21.3399429321, 62.3422279358, -42.8186149597, 30.0739898682], [41.5671348572, -323.411621094, -54.6596984863, -56.0331115723, -77.7104263306, 52.1408309937, -85.3885421753, 29.1352405548, -21.3399429321, 170.659881592, 27.9581050873, 88.6084213257, 17.6781158447], [-448.337860107, 218.043151855, -162.8618927, -66.0853424072, 14.5411272049, -67.1814422607, 7.46372509003, -58.4402580261, 62.3422279358, 27.9581050873, 153.964920044, 17.6557922363, 56.0981407166], [16.8259468079, -373.960784912, -147.676742554, -75.0901794434, -137.544631958, -15.4902801514, -81.4580917358, 25.7867774963, -42.8186149597, 88.6084213257, 17.6557922363, 152.392868042, 12.936164856], [-162.294418335, 76.5087203979, -101.094543457, -36.2688102722, 0.980723023415, -2.76906204224, -14.9767560959, -13.9403238297, 30.0739898682, 17.6781158447, 56.0981407166, 12.936164856, 84.0441589355]],
        "icov": [[0.0011843877146, 0.000105605853605, 0.000313952448778, -0.00153719820082, 0.00022920545598, -0.00145371316466, 0.000523609400261, -0.000596092490014, -0.000123781297589, 0.000185239434359, 0.00187948043458, -0.00030005237204, 0.000646117492579], [0.000105605853605, 0.00408795801923, -0.000914255331736, 0.00184915866703, -0.00327067007311, 0.00258001126349, -0.00183148297947, 0.00303085776977, -0.000753614876885, 0.0024854708463, -0.00268369284458, 0.00474774511531, -0.00271230051294], [0.000313952448778, -0.000914255331736, 0.0019573122263, -0.00209142989479, -0.000673838076182, -0.000821017078124, 0.000806258583907, -0.00191182806157, 0.00057975423988, -0.0011332774302, 0.00178447389044, -0.000876010919455, 0.0016724235611], [-0.00153719820082, 0.00184915866703, -0.00209142989479, 0.00762759614736, -0.00257445988245, 0.00285250786692, -0.0034089635592, 0.000585012487136, 0.000833361467812, 0.00162890914362, -0.00416155252606, 0.00246610958129, -0.00250493665226], [0.00022920545598, -0.00327067007311, -0.000673838076182, -0.00257445988245, 0.0114197386429, -0.00499347178265, -0.00299297552556, 0.00239283125848, -0.00398345198482, -0.00240971939638, 0.00313805253245, -0.00236722547561, 0.0012663109228], [-0.00145371316466, 0.00258001126349, -0.000821017078124, 0.00285250786692, -0.00499347178265, 0.0115790907294, -0.0025948442053, -0.000607308174949, 0.00412214454263, -0.00277225254104, -0.00193759379908, 0.00595320574939, -0.00555079057813], [0.000523609400261, -0.00183148297947, 0.000806258583907, -0.0034089635592, -0.00299297552556, -0.0025948442053, 0.0148758115247, -0.00431774603203, -0.00223078997806, 0.00409999908879, -0.00108329870272, -0.00305941910483, 0.00519107934088], [-0.000596092490014, 0.00303085776977, -0.00191182806157, 0.000585012487136, 0.00239283125848, -0.000607308174949, -0.00431774603203, 0.0145887816325, -0.00323483953252, 0.00102416379377, -0.00039505091263, 0.00209639035165, -0.00347183505073], [-0.000123781297589, -0.000753614876885, 0.00057975423988, 0.000833361467812, -0.00398345198482, 0.00412214454263, -0.00223078997806, -0.00323483953252, 0.0153459552675, -0.00296598416753, -0.00204944144934, 0.00184660090599, -0.00303148548119], [0.000185239434359, 0.0024854708463, -0.0011332774302, 0.00162890914362, -0.00240971939638, -0.00277225254104, 0.00409999908879, 0.00102416379377, -0.00296598416753, 0.014542167075, -0.00549477804452, -0.00334641849622, 0.000457374757389], [0.00187948043458, -0.00268369284458, 0.00178447389044, -0.00416155252606, 0.00313805253245, -0.00193759379908, -0.00108329870272, -0.00039505091263, -0.00204944144934, -0.00549477804452, 0.0182419847697, -0.00418181158602, -0.00357937789522], [-0.00030005237204, 0.00474774511531, -0.000876010919455, 0.00246610958129, -0.00236722547561, 0.00595320574939, -0.00305941910483, 0.00209639035165, 0.00184660090599, -0.00334641849622, -0.00418181158602, 0.0184530075639, -0.00487056793645], [0.000646117492579, -0.00271230051294, 0.0016724235611, -0.00250493665226, 0.0012663109228, -0.00555079057813, 0.00519107934088, -0.00347183505073, -0.00303148548119, 0.000457374757389, -0.00357937789522, -0.00487056793645, 0.0208249874413]]
    },
    "melbands": {
        "dmean": [0.00466626370326, 0.00684899277985, 0.0016204926651, 0.00072015740443, 0.000386681844248, 0.000100121491414, 0.000245742878178, 0.000106220380985, 5.11971775268e-05, 4.95596541441e-05, 7.42541014915e-05, 3.13879281748e-05, 2.11109600059e-05, 1.91418948816e-05, 3.29568465531e-05, 3.36876837537e-05, 2.49221811828e-05, 1.63637650985e-05, 9.3916487458e-06, 1.14083213703e-05, 7.60185366744e-06, 2.36767255046e-06, 2.94528422273e-06, 4.7470402933e-06, 6.38250730844e-06, 3.88990656575e-06, 3.21145444104e-06, 3.48883600054e-06, 3.03434376292e-06, 4.82692121295e-06, 1.81744644578e-06, 2.74410513157e-06, 3.35589629685e-06, 2.10372331821e-06, 1.20378467727e-06, 7.29631551621e-07, 5.57743703666e-07, 5.53269785541e-07, 6.68614120514e-07, 6.21718470484e-07],
        "dmean2": [0.00575711810961, 0.0104084545746, 0.00253819278441, 0.00104990100954, 0.000655956799164, 0.000150479434524, 0.000387747801142, 0.000176846850081, 8.5371590103e-05, 8.46789771458e-05, 0.000128207990201, 4.56768684671e-05, 3.06852307403e-05, 3.1796964322e-05, 4.8954909289e-05, 5.36662882951e-05, 4.01671641157e-05, 2.60074084508e-05, 1.48164735947e-05, 1.80288479896e-05, 1.25849874166e-05, 3.71487885786e-06, 5.13767326993e-06, 7.67073015595e-06, 1.03489037429e-05, 6.1450746216e-06, 4.66715891889e-06, 5.43249143448e-06, 5.04082390762e-06, 8.20872537588e-06, 2.74717399407e-06, 4.28303110311e-06, 5.50941967958e-06, 3.38964809998e-06, 1.94999097403e-06, 1.12200154945e-06, 9.05987405986e-07, 9.32095531425e-07, 1.08828317025e-06, 1.04814796487e-06],
        "dvar": [5.04508388985e-05, 0.000219402209041, 7.63439038565e-06, 1.41309897117e-06, 4.21514613436e-07, 1.5300484435e-08, 7.65296945815e-08, 1.78845862564e-08, 1.04801349821e-08, 4.07991151974e-08, 1.08676339039e-07, 3.38700201219e-09, 1.62145941118e-09, 3.1996469918e-09, 3.02979441535e-09, 6.78399647569e-09, 5.68775559984e-09, 4.18367868127e-10, 1.78852654908e-10, 1.28464128224e-09, 8.80326478381e-10, 3.79957801333e-11, 6.06140762582e-11, 2.65241384412e-10, 4.99917385266e-10, 7.84377701679e-11, 5.71181053843e-11, 9.19381584752e-11, 4.11269490685e-11, 1.69238109637e-10, 2.29078023911e-11, 4.16512588308e-11, 6.37763800104e-11, 2.37864294234e-11, 7.65987186874e-12, 2.5812323199e-12, 1.78396858917e-12, 2.14895917901e-12, 2.8591363218e-12, 2.12026793692e-12],
        "dvar2": [7.5161580753e-05, 0.00047956747585, 1.88395479199e-05, 3.00061356029e-06, 1.19203809845e-06, 3.62622429861e-08, 1.89303875686e-07, 4.8674454689e-08, 2.60725538936e-08, 1.07304209962e-07, 2.96473103845e-07, 7.39538963401e-09, 3.68062491596e-09, 8.96279850338e-09, 6.43223341257e-09, 1.74327769997e-08, 1.3530471854e-08, 1.00332275821e-09, 4.28652086049e-10, 2.92372059896e-09, 2.18729878654e-09, 8.68225005779e-11, 1.68843702908e-10, 6.65348054429e-10, 1.26478050255e-09, 1.53385248947e-10, 9.57253512568e-11, 1.7626396176e-10, 9.08145086909e-11, 4.51415071989e-10, 4.91144104553e-11, 1.01423335008e-10, 1.57373961085e-10, 5.69030586539e-11, 1.86930557838e-11, 5.52287512598e-12, 4.33150347187e-12, 5.57180777211e-12, 7.17163828323e-12, 5.35752171793e-12],
        "max": [0.0733372271061, 0.119673654437, 0.017340073362, 0.0100503060967, 0.00606131087989, 0.00140129157808, 0.00332508631982, 0.00161161262076, 0.000972160254605, 0.00168004457373, 0.00326560088433, 0.000638591649476, 0.000368566921679, 0.000515511492267, 0.000786449003499, 0.000838594918605, 0.00129296106752, 0.000279575295281, 0.000139704585308, 0.000376943818992, 0.000303529988742, 6.01635547355e-05, 9.04905173229e-05, 0.000183980257134, 0.000280941138044, 0.000112759727926, 8.39098938741e-05, 0.000135762500577, 5.49344076717e-05, 8.50968790473e-05, 6.20260834694e-05, 5.7202152675e-05, 6.43893872621e-05, 4.26372571383e-05, 2.21801110456e-05, 1.75160075742e-05, 9.6206267699e-06, 8.41757355374e-06, 1.11069430204e-05, 8.53955589264e-06],
        "mean": [0.0108817825094, 0.00991642102599, 0.00268667563796, 0.00173610227648, 0.000675934948958, 0.000226406555157, 0.000566272181459, 0.000196616805624, 7.02758625266e-05, 4.481875294e-05, 6.76964045851e-05, 6.08152913628e-05, 4.18666240876e-05, 2.73454279522e-05, 7.21912947483e-05, 6.10248935118e-05, 4.26263031841e-05, 3.19826649502e-05, 1.84432956303e-05, 1.57211288752e-05, 7.77148034103e-06, 2.72117722488e-06, 3.07599634652e-06, 4.6834729801e-06, 5.54694861421e-06, 4.24564086643e-06, 3.40471251548e-06, 3.32420790983e-06, 2.85287228508e-06, 3.96360428567e-06, 1.63624702054e-06, 2.33883952205e-06, 2.56984503721e-06, 1.65107212524e-06, 9.59516455623e-07, 6.50495678656e-07, 4.6380398544e-07, 4.15777179796e-07, 5.11372377332e-07, 4.55780877928e-07],
        "median": [0.00489765312523, 0.00387323414907, 0.000979609321803, 0.000702237477526, 0.000527813273948, 0.000172585292603, 0.000369138462702, 0.000143937431858, 3.4115753806e-05, 9.85203314485e-06, 1.68983588082e-05, 3.89875021938e-05, 2.1105446649e-05, 1.37909610203e-05, 2.63841593551e-05, 2.53525322478e-05, 3.58210058948e-06, 1.68084625329e-05, 1.00796078186e-05, 3.01437762573e-06, 1.65012943398e-06, 9.25684844333e-07, 9.77108129518e-07, 8.94567904197e-07, 5.20706066709e-07, 1.41647876717e-06, 6.04329102316e-07, 4.05492045275e-07, 3.75756599169e-07, 3.72587408037e-07, 1.34345881975e-07, 1.52629027639e-07, 1.4163383355e-07, 6.27077625381e-08, 6.70674182857e-08, 4.50997887924e-08, 2.92270811997e-08, 1.29150068418e-08, 1.05398623163e-08, 1.39951303879e-08],
        "min": [6.80899006511e-07, 9.25100493987e-07, 7.71193640503e-07, 9.34405647968e-07, 1.88804770005e-05, 7.10287713446e-06, 2.77730850939e-06, 3.19898072121e-06, 6.05598302172e-07, 2.81814124037e-07, 4.61246457917e-07, 7.22367531125e-07, 3.13377228167e-07, 3.22931100527e-07, 3.99382514615e-07, 1.91846993403e-07, 4.89357567801e-08, 3.28839632857e-07, 1.58788253657e-07, 1.29964856654e-08, 5.51897478829e-08, 7.54234150691e-08, 5.69630707048e-08, 2.03792769327e-08, 1.82664781079e-08, 1.00209128107e-07, 2.61960320103e-08, 2.07824157883e-08, 1.06099937724e-08, 9.70721103499e-09, 6.30488239395e-09, 2.98463809223e-09, 5.44302380945e-09, 3.43950601334e-09, 1.05482023116e-09, 5.66605616592e-12, 4.28834008234e-12, 2.14170180072e-13, 1.36228742588e-13, 1.45420771236e-13],
