{
"highlevel": {
    "danceability": {
        "all": {
            "danceable": 0.999903678894,
            "not_danceable": 9.63138518273e-05
        },
        "probability": 0.999903678894,
        "value": "danceable"
    },
    "gender": {
        "all": {
            "female": 0.0371586196125,
            "male": 0.962841391563
        },
        "probability": 0.962841391563,
        "value": "male"
    },
    "genre_dortmund": {
        "all": {
            "alternative": 0.00574089027941,
            "blues": 0.0139404144138,
            "electronic": 0.0517302714288,
            "folkcountry": 0.00250144512393,
            "funksoulrnb": 0.0088279414922,
            "jazz": 0.0115340026096,
            "pop": 0.0166787542403,
            "raphiphop": 0.861902534962,
            "rock": 0.0271437466145
        },
        "probability": 0.861902534962,
        "value": "raphiphop"
    },
    "genre_electronic": {
        "all": {
            "ambient": 0.0832644701004,
            "dnb": 0.790804564953,
            "house": 0.0322199724615,
            "techno": 0.00786208827049,
            "trance": 0.0858488827944
        },
        "probability": 0.790804564953,
        "value": "dnb"
    },
    "genre_rosamerica": {
        "all": {
            "cla": 0.00591951049864,
            "dan": 0.517361283302,
            "hip": 0.272457420826,
            "jaz": 0.0073531512171,
            "pop": 0.135751262307,
            "rhy": 0.0255498867482,
            "roc": 0.0296910125762,
            "spe": 0.00591647718102
        },
        "probability": 0.517361283302,
        "value": "dan"
    },
    "genre_tzanetakis": {
        "all": {
            "blu": 0.0626613423228,
            "cla": 0.0348169617355,
            "cou": 0.104475811124,
            "dis": 0.0784321576357,
            "hip": 0.15692435205,
            "jaz": 0.313974827528,
            "met": 0.0448166541755,
            "pop": 0.0627359300852,
            "reg": 0.0627360641956,
            "roc": 0.0784258767962
        },
        "probability": 0.313974827528,
        "value": "jaz"
    },
    "ismir04_rhythm": {
        "all": {
            "ChaChaCha": 0.0295696780086,
            "Jive": 0.0528021305799,
            "Quickstep": 0.0597837716341,
            "Rumba-American": 0.00973658449948,
            "Rumba-International": 0.0140509251505,
            "Rumba-Misc": 0.00208756350912,
            "Samba": 0.825028717518,
            "Tango": 0.00282312673517,
            "VienneseWaltz": 0.00208588643,
            "Waltz": 0.00203163805418
        },
        "probability": 0.825028717518,
        "value": "Samba"
    },
    "mood_acoustic": {
        "all": {
            "acoustic": 1.09825577965e-05,
            "not_acoustic": 0.999989032745
        },
        "probability": 0.999989032745,
        "value": "not_acoustic"
    },
    "mood_aggressive": {
        "all": {
            "aggressive": 0.523274958134,
            "not_aggressive": 0.476725071669
        },
        "probability": 0.523274958134,
        "value": "aggressive"
    },
    "mood_electronic": {
        "all": {
            "electronic": 0.940498232841,
            "not_electronic": 0.059501785785
        },
        "probability": 0.940498232841,
        "value": "electronic"
    },
    "mood_happy": {
        "all": {
            "happy": 0.291591465473,
            "not_happy": 0.708408534527
        },
        "probability": 0.708408534527,
        "value": "not_happy"
    },
    "mood_party": {
        "all": {
            "not_party": 0.0903028920293,
            "party": 0.909697115421
        },
        "probability": 0.909697115421,
        "value": "party"
    },
    "mood_relaxed": {
        "all": {
            "not_relaxed": 0.979487538338,
            "relaxed": 0.0205124858767
        },
        "probability": 0.979487538338,
        "value": "not_relaxed"
    },
    "mood_sad": {
        "all": {
            "not_sad": 0.954720377922,
            "sad": 0.0452796071768
        },
        "probability": 0.954720377922,
        "value": "not_sad"
    },
    "moods_mirex": {
        "all": {
            "Cluster1": 0.304496705532,
            "Cluster2": 0.0895174741745,
            "Cluster3": 0.0727806761861,
            "Cluster4": 0.137090548873,
            "Cluster5": 0.396114617586
        },
        "probability": 0.396114617586,
        "value": "Cluster5"
    },
    "timbre": {
        "all": {
            "bright": 0.613986134529,
            "dark": 0.386013895273
        },
        "probability": 0.613986134529,
        "value": "bright"
    },
    "tonal_atonal": {
        "all": {
            "atonal": 0.493230462074,
            "tonal": 0.506769537926
        },
        "probability": 0.506769537926,
        "value": "tonal"
    },
    "voice_instrumental": {
        "all": {
            "instrumental": 0.00112647772767,
            "voice": 0.998873531818
        },
        "probability": 0.998873531818,
        "value": "voice"
    }
},
"lowlevel": {
    "average_loudness": 0.975946009159,
    "barkbands_crest": {
        "dmean": 3.57952594757,
        "dmean2": 5.46811723709,
        "dvar": 11.3063316345,
        "dvar2": 23.6856155396,
        "max": 25.8081417084,
        "mean": 12.5953178406,
        "median": 11.8127727509,
        "min": 2.36097097397,
        "var": 32.2738494873
    },
    "barkbands_flatness_db": {
        "dmean": 0.0356875695288,
        "dmean2": 0.0496597364545,
        "dvar": 0.00101970729884,
        "dvar2": 0.00207925424911,
        "max": 0.370940059423,
        "mean": 0.151235789061,
        "median": 0.147718906403,
        "min": 0.036967985332,
        "var": 0.00341661088169
    },
    "barkbands_kurtosis": {
        "dmean": 6.62418889999,
        "dmean2": 9.31836223602,
        "dvar": 171.372299194,
        "dvar2": 338.520599365,
        "max": 268.952423096,
        "mean": 7.43398189545,
        "median": 1.86266422272,
        "min": -1.96226799488,
        "var": 292.916931152
    },
    "barkbands_skewness": {
        "dmean": 0.963507115841,
        "dmean2": 1.33799004555,
        "dvar": 1.08313500881,
        "dvar2": 2.08087778091,
        "max": 14.9328355789,
        "mean": 1.90508270264,
        "median": 1.57788813114,
        "min": -5.87834453583,
        "var": 3.49313116074
    },
    "barkbands_spread": {
        "dmean": 10.6499509811,
        "dmean2": 15.5446529388,
        "dvar": 138.949829102,
        "dvar2": 288.497833252,
        "max": 122.718040466,
        "mean": 29.125202179,
        "median": 25.4746055603,
        "min": 0.878551959991,
        "var": 361.75970459
    },
    "dissonance": {
        "dmean": 0.016867691651,
        "dmean2": 0.0279320497066,
        "dvar": 0.000316790159559,
        "dvar2": 0.000829098571558,
        "max": 0.500000119209,
        "mean": 0.472276240587,
        "median": 0.478474915028,
        "min": 0.292343139648,
        "var": 0.000607652415056
    },
    "dynamic_complexity": 1.61420834064,
    "erbbands_crest": {
        "dmean": 3.07368135452,
        "dmean2": 4.96325540543,
        "dvar": 8.7448797226,
        "dvar2": 20.5232639313,
        "max": 28.2076358795,
        "mean": 8.79860877991,
        "median": 7.49141740799,
        "min": 2.37166881561,
        "var": 20.4566440582
    },
    "erbbands_flatness_db": {
        "dmean": 0.0220752302557,
        "dmean2": 0.0315796993673,
        "dvar": 0.000431986380136,
        "dvar2": 0.000846384034958,
        "max": 0.307065039873,
        "mean": 0.140771508217,
        "median": 0.133681163192,
        "min": 0.0580943636596,
        "var": 0.00150497455616
    },
    "erbbands_kurtosis": {
        "dmean": 1.30004131794,
        "dmean2": 2.14012169838,
        "dvar": 5.89209651947,
        "dvar2": 14.8984098434,
        "max": 33.864364624,
        "mean": 0.42033585906,
        "median": -0.197467327118,
        "min": -1.79154908657,
        "var": 6.70861959457
    },
    "erbbands_skewness": {
        "dmean": 0.506445169449,
        "dmean2": 0.754085183144,
        "dvar": 0.253389596939,
        "dvar2": 0.553470134735,
        "max": 3.54437327385,
        "mean": 0.056508846581,
        "median": 0.0261934977025,
        "min": -4.8872385025,
        "var": 0.789516627789
    },
    "erbbands_spread": {
        "dmean": 12.8072547913,
        "dmean2": 19.865398407,
        "dvar": 190.889373779,
        "dvar2": 464.507598877,
        "max": 178.128738403,
        "mean": 44.8562736511,
        "median": 42.1594161987,
        "min": 7.20045423508,
        "var": 392.275665283
    },
    "hfc": {
        "dmean": 16.4386367798,
        "dmean2": 24.1485137939,
        "dvar": 572.947631836,
        "dvar2": 1345.12426758,
        "max": 188.891525269,
        "mean": 34.0506782532,
        "median": 25.2357635498,
        "min": 0.0667009651661,
        "var": 882.38671875
    },
    "melbands_crest": {
        "dmean": 4.59725093842,
        "dmean2": 7.03223800659,
        "dvar": 17.1009082794,
        "dvar2": 38.842792511,
        "max": 36.5720977783,
        "mean": 20.5945396423,
        "median": 20.7579841614,
        "min": 4.44843626022,
        "var": 56.8755264282
    },
    "melbands_flatness_db": {
        "dmean": 0.0422239787877,
        "dmean2": 0.0580331347883,
        "dvar": 0.00157693796791,
        "dvar2": 0.0030100652948,
        "max": 0.476044356823,
        "mean": 0.199698776007,
        "median": 0.196370646358,
        "min": 0.029006594792,
        "var": 0.00658827135339
    },
    "melbands_kurtosis": {
        "dmean": 19.569026947,
        "dmean2": 28.5530052185,
        "dvar": 1210.47314453,
        "dvar2": 2364.15209961,
        "max": 639.841552734,
        "mean": 25.9903202057,
        "median": 10.0270576477,
        "min": -1.88079428673,
        "var": 2215.99633789
    },
    "melbands_skewness": {
        "dmean": 1.43638908863,
        "dmean2": 2.08304429054,
        "dvar": 2.52756476402,
        "dvar2": 5.12249803543,
        "max": 21.4288768768,
        "mean": 3.5610537529,
        "median": 2.89450597763,
        "min": -2.43381381035,
        "var": 7.10774374008
    },
    "melbands_spread": {
        "dmean": 14.0200252533,
        "dmean2": 21.1002349854,
        "dvar": 429.599304199,
        "dvar2": 909.047912598,
        "max": 286.629364014,
        "mean": 30.4663581848,
        "median": 21.877986908,
        "min": 0.639455139637,
        "var": 956.917663574
    },
    "pitch_salience": {
        "dmean": 0.0979956313968,
        "dmean2": 0.151648178697,
        "dvar": 0.008709740825,
        "dvar2": 0.0175903253257,
        "max": 0.812455177307,
        "mean": 0.458492517471,
        "median": 0.459785699844,
        "min": 0.101417832077,
        "var": 0.0246428679675
    },
    "silence_rate_20dB": {
        "dmean": 0,
        "dmean2": 0,
        "dvar": 0,
        "dvar2": 0,
        "max": 1,
        "mean": 1,
        "median": 1,
        "min": 1,
        "var": 0
    },
    "silence_rate_30dB": {
        "dmean": 0.0743034034967,
        "dmean2": 0.147947326303,
        "dvar": 0.0687828287482,
        "dvar2": 0.135352388024,
        "max": 1,
        "mean": 0.912606358528,
        "median": 1,
        "min": 0,
        "var": 0.0797555148602
    },
    "silence_rate_60dB": {
        "dmean": 0.0170278642327,
        "dmean2": 0.0340821072459,
        "dvar": 0.0167378876358,
        "dvar2": 0.0437652729452,
        "max": 1,
        "mean": 0.0170146953315,
        "median": 0,
        "min": 0,
        "var": 0.0167252719402
    },
    "spectral_centroid": {
        "dmean": 452.387329102,
        "dmean2": 650.027893066,
        "dvar": 224777.640625,
        "dvar2": 482273.3125,
        "max": 7818.92480469,
        "mean": 1841.31225586,
        "median": 1822.67211914,
        "min": 183.749954224,
        "var": 702675.875
    },
    "spectral_complexity": {
        "dmean": 7.18188858032,
        "dmean2": 10.13555336,
        "dvar": 55.4505119324,
        "dvar2": 96.3449630737,
        "max": 61,
        "mean": 23.2791957855,
        "median": 22,
        "min": 0,
        "var": 165.324264526
    },
    "spectral_decrease": {
        "dmean": 4.20237356025e-09,
        "dmean2": 5.94839244528e-09,
        "dvar": 2.89436617469e-17,
        "dvar2": 5.21133083418e-17,
        "max": -1.89521454086e-11,
        "mean": -1.18282130757e-08,
        "median": -9.76892344795e-09,
        "min": -4.89172933271e-08,
        "var": 8.1613960426e-17
    },
    "spectral_energy": {
        "dmean": 0.0166490580887,
        "dmean2": 0.0236553139985,
        "dvar": 0.000421263859607,
        "dvar2": 0.000762762967497,
        "max": 0.186425939202,
        "mean": 0.0477308630943,
        "median": 0.0407241359353,
        "min": 8.61536682351e-05,
        "var": 0.00118526874576
    },
    "spectral_energyband_high": {
        "dmean": 0.00145050394349,
        "dmean2": 0.0021325207781,
        "dvar": 5.68131463297e-06,
        "dvar2": 1.29690743051e-05,
        "max": 0.0193402376026,
        "mean": 0.00210056221113,
        "median": 0.000882987165824,
        "min": 5.6207528587e-07,
        "var": 9.02087140275e-06
    },
    "spectral_energyband_low": {
        "dmean": 0.0134131247178,
        "dmean2": 0.0175846796483,
        "dvar": 0.000410073669627,
        "dvar2": 0.000725755409803,
        "max": 0.166728764772,
        "mean": 0.0285594053566,
        "median": 0.0192962381989,
        "min": 8.06075433957e-07,
        "var": 0.00111956743058
    },
    "spectral_energyband_middle_high": {
        "dmean": 0.00300793047063,
        "dmean2": 0.0044652861543,
        "dvar": 1.25188007587e-05,
        "dvar2": 2.60563447227e-05,
        "max": 0.0435773506761,
        "mean": 0.00641743466258,
        "median": 0.00487574655563,
        "min": 1.43226025102e-05,
        "var": 3.43727806467e-05
    },
    "spectral_energyband_middle_low": {
        "dmean": 0.00723345438018,
        "dmean2": 0.0119668524712,
        "dvar": 0.000145280064316,
        "dvar2": 0.000402155215852,
        "max": 0.0881558582187,
        "mean": 0.0117142098024,
        "median": 0.00858042482287,
        "min": 2.12947543332e-05,
        "var": 0.000143233759445
    },
    "spectral_entropy": {
        "dmean": 0.214200779796,
        "dmean2": 0.297900974751,
        "dvar": 0.0462207719684,
        "dvar2": 0.0907400101423,
        "max": 8.86921882629,
        "mean": 7.78530597687,
        "median": 7.80308485031,
        "min": 6.21003103256,
        "var": 0.150317534804
    },
    "spectral_flux": {
        "dmean": 0.0421233326197,
        "dmean2": 0.0682126656175,
        "dvar": 0.00241997931153,
        "dvar2": 0.00508466456085,
        "max": 0.410450816154,
        "mean": 0.119845181704,
        "median": 0.107031449676,
        "min": 0.0105108972639,
        "var": 0.00406763656065
    },
    "spectral_kurtosis": {
        "dmean": 1.27956497669,
        "dmean2": 2.01905226707,
        "dvar": 1.5637922287,
        "dvar2": 4.13234329224,
        "max": 21.4226455688,
        "mean": 3.21937847137,
        "median": 2.89104795456,
        "min": -1.19194245338,
        "var": 3.91339325905
    },
    "spectral_rms": {
        "dmean": 0.00119928305503,
        "dmean2": 0.00169555388857,
        "dvar": 1.69525992533e-06,
        "dvar2": 3.01520822177e-06,
        "max": 0.013486251235,
        "mean": 0.00637780595571,
        "median": 0.00630324240774,
        "min": 0.000289917836199,
        "var": 5.89030878473e-06
    },
    "spectral_rolloff": {
        "dmean": 948.162414551,
        "dmean2": 1507.19274902,
        "dvar": 1983697.875,
        "dvar2": 4079995.25,
        "max": 12058.59375,
        "mean": 1879.26647949,
        "median": 1055.12695312,
        "min": 43.06640625,
        "var": 4700001
    },
    "spectral_skewness": {
        "dmean": 0.239961177111,
        "dmean2": 0.361204266548,
        "dvar": 0.051209654659,
        "dvar2": 0.112926773727,
        "max": 2.88357782364,
        "mean": 1.34610700607,
        "median": 1.32179832458,
        "min": -0.376305580139,
        "var": 0.176864206791
    },
    "spectral_spread": {
        "dmean": 848791.1875,
        "dmean2": 1239450.625,
        "dvar": 1.05616972186e+12,
        "dvar2": 2.03102905958e+12,
        "max": 14763049,
        "mean": 5240805,
        "median": 4957859,
        "min": 2332184.5,
        "var": 2.70594185626e+12
    },
    "spectral_strongpeak": {
        "dmean": 0.444397121668,
        "dmean2": 0.710343062878,
        "dvar": 0.607385993004,
        "dvar2": 1.42795073986,
        "max": 8.48789310455,
        "mean": 0.720657169819,
        "median": 0.384481161833,
        "min": 0,
        "var": 0.9103551507
    },
    "zerocrossingrate": {
        "dmean": 0.0195966307074,
        "dmean2": 0.020890571177,
        "dvar": 0.000492722552735,
        "dvar2": 0.000521757989191,
        "max": 0.44921875,
        "mean": 0.0708899050951,
        "median": 0.05712890625,
        "min": 0.00390625,
        "var": 0.00290780887008
    },
    "barkbands": {
        "dmean": [0.00163732829969, 0.0123952133581, 0.00224302313291, 0.00285436515696, 0.00231623696163, 0.00104908528738, 0.00149501336273, 0.000822785194032, 0.00108970585279, 0.000629807647783, 0.000377525080694, 0.000430090614827, 0.000422746670665, 0.000493940257002, 0.00049177033361, 0.000482569768792, 0.000454363820609, 0.000386215921026, 0.000547117204405, 0.000387596635846, 0.000271065393463, 0.000239780725678, 0.000229844154092, 0.000332019146299, 0.000273840938462, 8.8424734713e-05, 2.06090277288e-07],
        "dmean2": [0.00240552960895, 0.0176557004452, 0.00401111273095, 0.00526907993481, 0.00368917640299, 0.00163143500686, 0.00251428526826, 0.00126173777971, 0.00161447830033, 0.000951541820541, 0.00060796213802, 0.000677104166243, 0.000675477203913, 0.000809362274595, 0.000811551930383, 0.000809145858511, 0.000730628264137, 0.000603184453212, 0.000867646944243, 0.000603448832408, 0.000410467881011, 0.000346721033566, 0.000351961207343, 0.000515988620464, 0.000428589381045, 0.000134927613544, 3.60336201766e-07],
        "dvar": [6.20705077381e-06, 0.000493655039463, 3.96660652768e-05, 8.08930490166e-05, 1.35318132379e-05, 3.28116720993e-06, 8.19523756945e-06, 2.33163018493e-06, 6.61459262119e-06, 1.91730987353e-06, 6.473659937e-07, 7.11544657861e-07, 7.73011777255e-07, 1.03167997167e-06, 6.76136721722e-07, 4.787913781e-07, 5.25304244547e-07, 4.14882094901e-07, 6.5099703761e-07, 3.73886535954e-07, 2.21045127091e-07, 2.00404699058e-07, 1.72067458948e-07, 3.50725258613e-07, 3.17977878694e-07, 1.96886844606e-08, 3.60843787576e-13],
        "dvar2": [1.42391027111e-05, 0.00100832257885, 0.00011037758668, 0.00023462990066, 3.36071061611e-05, 6.36922413833e-06, 1.9309713025e-05, 5.47738136447e-06, 1.29527770696e-05, 3.98767770093e-06, 1.51331244069e-06, 1.64825553384e-06, 1.68024405411e-06, 2.49640925176e-06, 1.64416417192e-06, 1.2108307601e-06, 1.19047160752e-06, 9.63600996329e-07, 1.57050055805e-06, 8.69708401297e-07, 4.72990819844e-07, 3.94462858821e-07, 4.07633763189e-07, 8.20225636744e-07, 7.26060818579e-07, 4.5686984862e-08, 9.52316350777e-13],
        "max": [0.0268218498677, 0.155611395836, 0.0526497587562, 0.060186445713, 0.0366240441799, 0.0276572182775, 0.0349761433899, 0.0240073557943, 0.0515974536538, 0.0323453359306, 0.0145767824724, 0.00967703200877, 0.019413119182, 0.0135461706668, 0.0126721067354, 0.00801695510745, 0.00664360076189, 0.00540913548321, 0.00674573332071, 0.00616631982848, 0.00662824232131, 0.00715246703476, 0.00403835019097, 0.00604721764103, 0.00584262283519, 0.00142686266918, 7.42151541999e-06],
        "mean": [0.00356954219751, 0.021964577958, 0.00225226487964, 0.00203310302459, 0.00311055220664, 0.0013801533496, 0.00164460716769, 0.00112538971007, 0.00185806606896, 0.00103295361623, 0.000467624166049, 0.000522351532709, 0.000553925288841, 0.000634139229078, 0.000626206921879, 0.000673639005981, 0.000608880596701, 0.000514986983035, 0.000767929537687, 0.000517836480867, 0.000377702934202, 0.000344724569004, 0.000310246134177, 0.000420212803874, 0.000317652913509, 0.000101439232822, 1.4449324226e-07],
        "median": [0.00109892245382, 0.0114731471986, 0.000364671403076, 0.000384018407203, 0.00159933383111, 0.000432113854913, 0.000532880832907, 0.000249472388532, 0.000400631019147, 0.000250836019404, 0.000208288794965, 0.000202059047297, 0.000231768222875, 0.00023493723711, 0.000241991394432, 0.000354899442755, 0.000316032732371, 0.000242519803578, 0.000427131511969, 0.000271953846095, 0.000154049455887, 0.000106945197331, 0.000126187398564, 0.000169341481524, 8.08461045381e-05, 3.76072966901e-05, 1.87002213714e-09],
        "min": [1.91092226487e-08, 9.82227064128e-08, 4.55946533862e-08, 1.43792306062e-07, 2.29636043514e-06, 6.7499229317e-07, 3.52194206243e-07, 1.16856892873e-06, 2.94025511494e-07, 3.0095651482e-07, 6.52642995647e-07, 6.81562482896e-07, 6.83975770244e-07, 4.27262534686e-07, 6.07664787822e-07, 6.00895873504e-07, 8.7123942194e-07, 5.37672292467e-07, 1.0211811059e-06, 2.79091636912e-07, 1.43262511187e-07, 3.97740258506e-08, 1.09374347801e-07, 1.19468595017e-07, 8.49014103466e-09, 3.51859028025e-11, 7.28771383518e-12],
        "var": [2.59485423157e-05, 0.000897502875887, 2.96717298625e-05, 4.68590806122e-05, 1.94872900465e-05, 8.36712115415e-06, 1.04269247458e-05, 4.71809289593e-06, 2.21242153202e-05, 8.58852126839e-06, 8.17906936845e-07, 9.21059097436e-07, 1.10782696083e-06, 1.43337001646e-06, 1.21163532185e-06, 8.15744101601e-07, 7.44654187201e-07, 5.38028245956e-07, 8.83179211542e-07, 4.71802366064e-07, 4.32782115922e-07, 4.52505730664e-07, 2.4895155093e-07, 5.00224189182e-07, 4.51797859569e-07, 2.56733354576e-08, 2.57465517005e-13]
    },
    "erbbands": {
        "dmean": [0.490251332521, 2.64312410355, 2.04232215881, 7.28466272354, 8.72228622437, 7.82694578171, 5.94259214401, 10.1443710327, 16.2428417206, 26.1472740173, 14.0440196991, 27.4719390869, 23.506067276, 13.0643186569, 14.8276462555, 17.8534107208, 18.5765380859, 21.9971790314, 21.4185180664, 25.2321872711, 25.3639526367, 24.2843151093, 19.5652103424, 24.8442668915, 27.6932544708, 16.8675708771, 12.3496360779, 10.533657074, 8.6196231842, 7.91960668564, 6.55606603622, 6.85681629181, 5.70183229446, 4.01849555969, 1.38191056252, 0.492407679558, 0.164340823889, 0.0109399734065, 0.000242053822149, 3.25162618537e-05],
        "dmean2": [0.722998559475, 3.76685118675, 3.25949788094, 13.5060768127, 14.7923345566, 12.197593689, 9.46838569641, 15.8565731049, 26.9874076843, 41.890083313, 22.1773834229, 40.307636261, 34.0876731873, 21.0361061096, 23.7021999359, 27.7241077423, 29.3680953979, 35.9256477356, 34.1952972412, 41.0898246765, 42.2973632812, 38.8494148254, 30.5326423645, 39.795425415, 43.6672439575, 26.125711441, 19.4246292114, 15.9162817001, 12.4135961533, 11.9037418365, 10.0803489685, 10.4951982498, 9.00791358948, 6.3693318367, 2.07508850098, 0.753432512283, 0.255061298609, 0.0170855317265, 0.000370476540411, 4.68073449156e-05],
        "dvar": [0.574377894402, 30.7581367493, 21.457780838, 572.260925293, 345.210296631, 188.392700195, 100.899291992, 317.474609375, 991.545288086, 2845.8371582, 556.954772949, 5362.30712891, 3164.203125, 597.449035645, 756.770996094, 1332.20581055, 1471.38781738, 2040.44482422, 1299.85754395, 1436.46057129, 1192.9909668, 1582.30456543, 1152.29309082, 1534.30712891, 1813.48571777, 752.164794922, 504.280151367, 371.039245605, 279.602294922, 215.098678589, 141.950881958, 153.660583496, 105.805557251, 69.688331604, 7.74716043472, 0.825060784817, 0.0831537172198, 0.000662685080897, 2.15746553067e-07, 1.50205614613e-09],
        "dvar2": [1.35940265656, 64.7009811401, 47.0592575073, 1651.85168457, 914.374023438, 453.752075195, 235.16835022, 641.755187988, 2314.46777344, 6729.62646484, 1200.93469238, 10810.0205078, 6353.63183594, 1411.95861816, 1767.17663574, 2998.1953125, 3171.20825195, 5171.84814453, 2964.046875, 3339.85473633, 3045.51782227, 3657.56323242, 2623.70532227, 3693.31787109, 4372.5703125, 1764.13964844, 1212.76855469, 738.292114258, 534.454467773, 498.433776855, 342.495941162, 365.98135376, 241.847183228, 158.516418457, 17.3188743591, 1.96537339687, 0.189376577735, 0.00155464920681, 4.94717767197e-07, 3.24745585978e-09],
        "max": [6.76547861099, 38.1941947937, 41.7625808716, 170.595306396, 147.431808472, 155.762496948, 113.211250305, 229.234741211, 540.465942383, 625.943786621, 322.553283691, 1628.54248047, 1175.0534668, 435.488769531, 647.325317383, 423.555664062, 859.364990234, 548.716430664, 561.846618652, 822.688598633, 278.633636475, 295.473571777, 289.360809326, 310.578186035, 453.98223877, 299.705596924, 168.247390747, 323.430725098, 306.065338135, 163.10736084, 121.187225342, 136.270614624, 90.7472610474, 75.7513198853, 36.8953399658, 12.8133563995, 2.17040514946, 0.311731368303, 0.00498458324, 0.000296447775327],
        "mean": [0.910611271858, 3.75502490997, 3.39253664017, 5.35678243637, 8.93586063385, 10.7900800705, 7.87744998932, 13.3403120041, 18.8074073792, 31.9759197235, 22.6169071198, 47.3745346069, 40.7660140991, 18.7473697662, 19.4401836395, 22.8983383179, 25.518951416, 29.8810272217, 31.5921154022, 36.4327163696, 37.1388244629, 33.2884597778, 27.3551483154, 33.2644386292, 39.9089012146, 23.408246994, 15.8363180161, 15.1839609146, 12.2367982864, 10.9369707108, 8.77512741089, 8.67678642273, 6.96590185165, 4.55677938461, 1.63720047474, 0.56672590971, 0.183860868216, 0.0117229539901, 0.000292577489745, 7.5984360592e-05],
        "median": [0.457615435123, 0.995959818363, 0.642399430275, 1.16797578335, 3.09567332268, 5.06099843979, 3.67980289459, 4.37829732895, 7.21759700775, 7.9952917099, 7.04596567154, 10.0233659744, 10.7012338638, 7.86242866516, 9.93609046936, 9.69754505157, 11.662779808, 13.0295724869, 13.6975421906, 17.3210353851, 21.2564067841, 18.352273941, 13.7201747894, 18.1228923798, 21.8634548187, 12.3710336685, 6.39245796204, 5.40583658218, 3.80460357666, 4.09228372574, 3.57122516632, 3.39969587326, 2.41969895363, 1.09747815132, 0.444090336561, 0.185831651092, 0.0605190843344, 0.00311776529998, 0.000108635256765, 6.13727679593e-05],
        "min": [2.67575478574e-06, 5.23509261257e-05, 0.000150100808241, 0.00110559875611, 0.0033834958449, 0.00674518570304, 0.00199088943191, 0.0101147340611, 0.0142748178914, 0.0412616021931, 0.0396775193512, 0.0140841538087, 0.0104945171624, 0.0279697868973, 0.0249372068793, 0.0260151736438, 0.0314457342029, 0.0445403233171, 0.0395256131887, 0.0424080826342, 0.0268401373178, 0.0533681288362, 0.0410510785878, 0.0279599614441, 0.0485325157642, 0.0209075752646, 0.00739509938285, 0.00406393641606, 0.00159694324248, 0.00224604201503, 0.00416564941406, 0.00254337536171, 0.000568096758798, 0.000123608726426, 6.54124014545e-05, 3.85139137506e-05, 5.01577824252e-06, 1.53403817649e-07, 9.17270881473e-08, 1.80833893637e-07],
        "var": [1.25463879108, 43.5111083984, 36.4234085083, 332.574401855, 323.305480957, 289.373168945, 164.961883545, 751.92956543, 1437.97045898, 3886.1940918, 1547.4407959, 17014.9707031, 11904.2050781, 1135.75488281, 1060.44726562, 1802.87316895, 2144.00756836, 2740.91015625, 2513.9074707, 3316.51391602, 1915.77880859, 1994.4642334, 1504.49194336, 1893.26989746, 2454.14257812, 963.384765625, 672.947509766, 817.543823242, 651.983032227, 336.273071289, 205.321609497, 208.994247437, 154.979934692, 98.6505126953, 11.6011266708, 1.10310792923, 0.0973407849669, 0.000685280072503, 2.42619165647e-07, 2.9497977394e-09]
    },
    "gfcc": {
        "mean": [30.7995815277, 62.5467376709, -113.323921204, 43.5376243591, -57.5505981445, 22.1931762695, -40.3593482971, 22.3975486755, -20.7014160156, 8.77074050903, -11.0116004944, 2.96425509453, -8.30344104767],
        "cov": [[3158.7355957, -294.049377441, -82.8789596558, 90.7779388428, 48.1297416687, 153.718780518, 32.1920700073, 73.2614364624, -60.3624000549, 111.513374329, -93.9063644409, 6.73561906815, 5.87502241135], [-294.049377441, 1276.44897461, 159.976089478, 27.4811458588, 303.807067871, -13.5610790253, 270.110961914, 27.2107315063, 160.792510986, -88.0693588257, 72.2630996704, -104.667694092, 49.3469963074], [-82.8789596558, 159.976089478, 971.439025879, 269.717071533, 211.647659302, 140.160461426, 33.8085403442, 73.5176086426, 12.4889593124, 49.4441337585, -11.3250675201, -17.6117916107, -74.4787979126], [90.7779388428, 27.4811458588, 269.717071533, 541.479919434, 192.964691162, 97.8216094971, 129.503982544, 1.80999100208, 97.1264877319, 20.8775444031, 58.4748687744, 29.2947425842, 59.2228622437], [48.1297416687, 303.807067871, 211.647659302, 192.964691162, 431.403045654, 146.704803467, 207.068939209, 90.7532119751, 83.7129516602, 71.4397735596, 49.2369308472, -3.48174548149, -2.12881278992], [153.718780518, -13.5610790253, 140.160461426, 97.8216094971, 146.704803467, 314.12399292, 212.40625, 95.1650695801, 27.1713943481, 44.2788238525, 26.6220645905, 8.80757904053, 19.8541069031], [32.1920700073, 270.110961914, 33.8085403442, 129.503982544, 207.068939209, 212.40625, 481.462738037, 116.272010803, 113.397132874, 31.4769554138, 42.6900787354, 50.3666419983, 26.2657814026], [73.2614364624, 27.2107315063, 73.5176086426, 1.80999100208, 90.7532119751, 95.1650695801, 116.272010803, 217.079040527, 87.5846099854, 64.7332839966, 35.0441818237, -9.67938709259, 8.40481376648], [-60.3624000549, 160.792510986, 12.4889593124, 97.1264877319, 83.7129516602, 27.1713943481, 113.397132874, 87.5846099854, 195.994613647, 78.1162643433, 47.3312797546, -6.49525022507, 28.0400390625], [111.513374329, -88.0693588257, 49.4441337585, 20.8775444031, 71.4397735596, 44.2788238525, 31.4769554138, 64.7332839966, 78.1162643433, 171.807571411, 46.2393417358, 22.0892353058, -7.86027383804], [-93.9063644409, 72.2630996704, -11.3250675201, 58.4748687744, 49.2369308472, 26.6220645905, 42.6900787354, 35.0441818237, 47.3312797546, 46.2393417358, 132.607650757, 40.3209915161, 27.5661067963], [6.73561906815, -104.667694092, -17.6117916107, 29.2947425842, -3.48174548149, 8.80757904053, 50.3666419983, -9.67938709259, -6.49525022507, 22.0892353058, 40.3209915161, 175.458450317, 54.3518714905], [5.87502241135, 49.3469963074, -74.4787979126, 59.2228622437, -2.12881278992, 19.8541069031, 26.2657814026, 8.40481376648, 28.0400390625, -7.86027383804, 27.5661067963, 54.3518714905, 131.847396851]],
        "icov": [[0.000385041290428, -0.000147968225065, 0.000222984876018, -0.000341130769812, 0.000121373144793, -0.000261143257376, 0.000152809356223, -0.000340282596881, 0.000506726675667, -0.000600872561336, 0.000619219325017, -0.000163413365954, 0.000144259553053], [-0.000147968225065, 0.00265489378944, -0.00120620953385, 0.00204425933771, -0.00201335921884, 0.00181306689046, -0.00185591517948, 0.00187470146921, -0.00243844045326, 0.00289403530769, -0.00245810393244, 0.00250789243728, -0.00247076852247], [0.000222984876018, -0.00120620953385, 0.00218935473822, -0.00191437802278, 0.000488370074891, -0.00144413521048, 0.0014489623718, -0.00161165907048, 0.00150060246233, -0.00152934936341, 0.00187993200962, -0.00154180254322, 0.00240980740637], [-0.000341130769812, 0.00204425933771, -0.00191437802278, 0.00488165300339, -0.00236658100039, 0.00116496684495, -0.00164591835346, 0.00306039885618, -0.00361822522245, 0.00310818478465, -0.00300106080249, 0.00195698835887, -0.00332938041538], [0.000121373144793, -0.00201335921884, 0.000488370074891, -0.00236658100039, 0.0053628757596, -0.00166951795109, 0.000202503011678, -0.00178611441515, 0.00205683591776, -0.00316763203591, 0.00132086558733, -0.00120489567053, 0.00209280196577], [-0.000261143257376, 0.00181306689046, -0.00144413521048, 0.00116496684495, -0.00166951795109, 0.00714532658458, -0.00379555905238, 7.95245941845e-05, 0.000624455860816, 0.000652497401461, -0.00208018533885, 0.00286370748654, -0.00319736870006], [0.000152809356223, -0.00185591517948, 0.0014489623718, -0.00164591835346, 0.000202503011678, -0.00379555905238, 0.00572371389717, -0.00207034614868, -0.000583509798162, -0.000360845064279, 0.00218920456246, -0.00365246948786, 0.00296271778643], [-0.000340282596881, 0.00187470146921, -0.00161165907048, 0.00306039885618, -0.00178611441515, 7.95245941845e-05, -0.00207034614868, 0.00891296751797, -0.00446770014241, 0.00137931248173, -0.00294063822366, 0.00265170424245, -0.00261402479373], [0.000506726675667, -0.00243844045326, 0.00150060246233, -0.00361822522245, 0.00205683591776, 0.000624455860816, -0.000583509798162, -0.00446770014241, 0.0126893771812, -0.00704334257171, 0.00174738536589, 0.000112497917144, 0.000172913743882], [-0.000600872561336, 0.00289403530769, -0.00152934936341, 0.00310818478465, -0.00316763203591, 0.000652497401461, -0.000360845064279, 0.00137931248173, -0.00704334257171, 0.0128432614729, -0.00473460741341, 0.000506963813677, -0.000437377835624], [0.000619219325017, -0.00245810393244, 0.00187993200962, -0.00300106080249, 0.00132086558733, -0.00208018533885, 0.00218920456246, -0.00294063822366, 0.00174738536589, -0.00473460741341, 0.0127548566088, -0.00430092960596, 0.00184064928908], [-0.000163413365954, 0.00250789243728, -0.00154180254322, 0.00195698835887, -0.00120489567053, 0.00286370748654, -0.00365246948786, 0.00265170424245, 0.000112497917144, 0.000506963813677, -0.00430092960596, 0.0105383815244, -0.0060121845454], [0.000144259553053, -0.00247076852247, 0.00240980740637, -0.00332938041538, 0.00209280196577, -0.00319736870006, 0.00296271778643, -0.00261402479373, 0.000172913743882, -0.000437377835624, 0.00184064928908, -0.0060121845454, 0.0134820137173]]
    },
    "melbands": {
        "dmean": [0.0037080666516, 0.00181539542973, 0.0012754779309, 0.000595350051299, 0.000228004137171, 0.000222252507228, 0.000265306123765, 0.000266717601335, 0.000119219592307, 0.00017519670655, 0.000116523377073, 5.47393792658e-05, 4.90088459628e-05, 5.03046248923e-05, 4.32386659668e-05, 4.49581821158e-05, 4.26252081525e-05, 3.80455276172e-05, 4.03052836191e-05, 3.55778320227e-05, 3.15076540574e-05, 2.77108629234e-05, 2.08760684473e-05, 1.7211514205e-05, 2.11201895581e-05, 2.22342696361e-05, 1.71270239662e-05, 1.09693064587e-05, 8.39688618726e-06, 6.82658219375e-06, 6.10831784797e-06, 4.97333940075e-06, 4.92415620101e-06, 4.33531931776e-06, 3.81831978302e-06, 3.82032249036e-06, 4.65412040285e-06, 4.01176657761e-06, 4.26186488767e-06, 3.08929747916e-06],
        "dmean2": [0.0054909423925, 0.00238072196953, 0.00231552473269, 0.000954506685957, 0.000360371574061, 0.000347136869095, 0.000441398849944, 0.000420577067416, 0.000186023447895, 0.000259061343968, 0.000169500854099, 8.87483984116e-05, 7.90914928075e-05, 7.93280196376e-05, 6.80343655404e-05, 7.03345358488e-05, 7.03924306436e-05, 6.1230675783e-05, 6.63232858642e-05, 5.82875036343e-05, 5.30733414053e-05, 4.46359044872e-05, 3.27636007569e-05, 2.66030019702e-05, 3.43157116731e-05, 3.50344380422e-05, 2.66868282779e-05, 1.74092092493e-05, 1.36100134114e-05, 1.03826614577e-05, 9.2503560154e-06, 7.43190958019e-06, 7.39788174542e-06, 6.68276879878e-06, 5.92498281549e-06, 6.03164062341e-06, 7.24118035578e-06, 6.36149798083e-06, 6.94046593708e-06, 4.96862548971e-06],
        "dvar": [3.88583248423e-05, 1.28811625473e-05, 1.51605863721e-05, 1.01452928902e-06, 1.31879687615e-07, 1.51609583554e-07, 2.48976789408e-07, 2.69670778152e-07, 4.53545965229e-08, 2.09901784842e-07, 7.75404487285e-08, 1.03494368631e-08, 9.42876088317e-09, 1.06892183993e-08, 5.92155169343e-09, 1.26460335537e-08, 7.7281354649e-09, 5.52588330649e-09, 5.83027226497e-09, 3.16065484895e-09, 2.1156996155e-09, 1.93606708443e-09, 1.32325483904e-09, 8.36983093944e-10, 1.12156961496e-09, 1.15759168917e-09, 6.40710207112e-10, 3.82504389274e-10, 2.53020493446e-10, 1.54857210388e-10, 1.22732060626e-10, 9.83025744139e-11, 9.36656238681e-11, 6.92963117443e-11, 5.27569793407e-11, 4.62119717493e-11, 7.84436821055e-11, 5.2083254376e-11, 7.56633783405e-11, 4.48889293791e-11],
        "dvar2": [7.90893245721e-05, 2.46041945502e-05, 4.35393012594e-05, 2.56311000157e-06, 3.17430703944e-07, 3.09797172804e-07, 5.82333939292e-07, 6.30771864962e-07, 8.93576981298e-08, 4.23358244461e-07, 1.5840107892e-07, 2.37255228797e-08, 2.22050129395e-08, 2.59313015505e-08, 1.32341169135e-08, 2.80018745968e-08, 1.9468005874e-08, 1.29973045659e-08, 1.38291227358e-08, 7.83184805897e-09, 5.44639178202e-09, 4.4520414022e-09, 3.1434574943e-09, 1.92944460409e-09, 2.7403790348e-09, 2.79066569853e-09, 1.56888790848e-09, 9.21469678339e-10, 6.30825669479e-10, 3.50514672842e-10, 2.35940572635e-10, 1.89314605659e-10, 2.08685943526e-10, 1.67172234389e-10, 1.25418633812e-10, 1.11439343864e-10, 1.9234090709e-10, 1.17067341932e-10, 1.89036578058e-10, 9.80024048025e-11],
        "max": [0.045513574034, 0.0279894564301, 0.0272058267146, 0.00982325430959, 0.00359103805386, 0.00513788685203, 0.00781167391688, 0.0061135920696, 0.004203166347, 0.010216367431, 0.00580553710461, 0.00170821521897, 0.00206788210198, 0.00122777861543, 0.00121424288955, 0.0026638682466, 0.00100749824196, 0.00127014552709, 0.00138291891199, 0.000723823322915, 0.000333171192324, 0.000352556497091, 0.000324485969031, 0.000274324556813, 0.000262451008894, 0.000324764376273, 0.00026035591145, 0.000218778237468, 0.000130389627884, 0.000196540611796, 0.000206067750696, 0.000166343044839, 0.000147333397763, 9.39570527407e-05, 8.30283825053e-05, 7.14881825843e-05, 0.000108247382741, 6.38983328827e-05, 8.81729865796e-05, 7.46124933357e-05],
        "mean": [0.00717615662143, 0.00292759342119, 0.00101172307041, 0.00075479230145, 0.000317703670589, 0.000291733944323, 0.000301875523292, 0.000335898221238, 0.000192490391782, 0.000295019446639, 0.000195931759663, 7.49019527575e-05, 6.18424091954e-05, 6.04422966717e-05, 5.56895647605e-05, 5.81317362958e-05, 5.5528991652e-05, 5.01830436406e-05, 5.12067927048e-05, 4.98614172102e-05, 4.26172446168e-05, 3.65807718481e-05, 2.61792720266e-05, 2.31186695601e-05, 2.65783819486e-05, 3.08810485876e-05, 2.37451877183e-05, 1.38556697493e-05, 9.98242103378e-06, 9.24646883504e-06, 8.40643861011e-06, 6.88740328769e-06, 6.62378943161e-06, 5.74174873691e-06, 4.92169192512e-06, 5.01951535625e-06, 5.48947491552e-06, 4.83991198053e-06, 4.73678301205e-06, 3.47806962964e-06],
        "median": [0.00426240731031, 0.000669956149068, 0.000275453407085, 0.000338803598424, 0.000160930751008, 9.3769900559e-05, 0.000109815890028, 8.20498680696e-05, 4.67449717689e-05, 5.86457172176e-05, 5.0858619943e-05, 2.79908654193e-05, 2.96634934784e-05, 2.43271806539e-05, 2.43492377194e-05, 2.11934529943e-05, 2.07057291846e-05, 2.02068713406e-05, 1.88150133908e-05, 2.3781285563e-05, 2.2769527277e-05, 1.86661254702e-05, 1.28149968077e-05, 1.06976212919e-05, 1.3426494661e-05, 1.50775967995e-05, 1.30335256472e-05, 6.00334306e-06, 3.68807718587e-06, 3.71898613594e-06, 2.83630333797e-06, 1.97286499315e-06, 2.06628578781e-06, 2.19784828914e-06, 1.91012577488e-06, 1.99366672859e-06, 1.95423422156e-06, 1.60844967922e-06, 1.22456378904e-06, 7.1061373319e-07],
        "min": [2.91117281392e-08, 8.90627234185e-08, 3.91431427715e-07, 3.76163143301e-07, 7.61846479236e-08, 1.86018652926e-07, 1.9889472469e-07, 3.76617833808e-07, 3.26461901068e-07, 3.70339350297e-08, 5.2215948898e-08, 9.30977961389e-08, 8.11243197063e-08, 7.09195546733e-08, 8.47168522e-08, 5.72827474343e-08, 5.54315882084e-08, 4.0579582361e-08, 4.26437338774e-08, 5.37494209141e-08, 2.0819525659e-08, 4.66471625771e-08, 3.51419515709e-08, 2.24476970345e-08, 1.63861244573e-08, 3.45235307009e-08, 1.78029821996e-08, 2.49720000234e-09, 4.65809124606e-09, 3.2312823528e-09, 1.4849400598e-09, 9.39448296933e-10, 6.36775077112e-10, 9.19377574071e-10, 2.12082396089e-09, 1.14637033199e-09, 3.18537918265e-10, 1.54327647883e-10, 6.27231599992e-11, 2.76146727013e-11],
