{
"highlevel": {
    "danceability": {
        "all": {
            "danceable": 3.00000096379e-14,
            "not_danceable": 1
        },
        "probability": 1,
        "value": "not_danceable"
    },
    "gender": {
        "all": {
            "female": 0.580000817776,
            "male": 0.419999212027
        },
        "probability": 0.580000817776,
        "value": "female"
    },
    "genre_dortmund": {
        "all": {
            "alternative": 0.217878237367,
            "blues": 0.00671570654958,
            "electronic": 0.0198286175728,
            "folkcountry": 0.288900405169,
            "funksoulrnb": 0.00282458448783,
            "jazz": 0.00999239180237,
            "pop": 0.143623203039,
            "raphiphop": 0.000724376819562,
            "rock": 0.309512466192
        },
        "probability": 0.309512466192,
        "value": "rock"
    },
    "genre_electronic": {
        "all": {
            "ambient": 0.240953445435,
            "dnb": 0.131098881364,
            "house": 0.095060005784,
            "techno": 0.0267043653876,
            "trance": 0.50618326664
        },
        "probability": 0.50618326664,
        "value": "trance"
    },
    "genre_rosamerica": {
        "all": {
            "cla": 0.000754114298616,
            "dan": 0.000267015042482,
            "hip": 0.000294551631669,
            "jaz": 0.00018917300622,
            "pop": 0.0128336902708,
            "rhy": 0.00021887094772,
            "roc": 0.985421359539,
            "spe": 2.1214802473e-05
        },
        "probability": 0.985421359539,
        "value": "roc"
    },
    "genre_tzanetakis": {
        "all": {
            "blu": 0.0626613423228,
            "cla": 0.0348169617355,
            "cou": 0.104475811124,
            "dis": 0.0784321576357,
            "hip": 0.15692435205,
            "jaz": 0.313974827528,
            "met": 0.0448166541755,
            "pop": 0.0627359300852,
            "reg": 0.0627360641956,
            "roc": 0.0784258767962
        },
        "probability": 0.313974827528,
        "value": "jaz"
    },
    "ismir04_rhythm": {
        "all": {
            "ChaChaCha": 0.0143694160506,
            "Jive": 0.830481648445,
            "Quickstep": 0.000227788812481,
            "Rumba-American": 0.000250814511674,
            "Rumba-International": 0.00129118270706,
            "Rumba-Misc": 0.000326101260725,
            "Samba": 0.00207246164791,
            "Tango": 0.00109813932795,
            "VienneseWaltz": 0.149037405849,
            "Waltz": 0.000845050555654
        },
        "probability": 0.830481648445,
        "value": "Jive"
    },
    "mood_acoustic": {
        "all": {
            "acoustic": 0.0129741709679,
            "not_acoustic": 0.987025856972
        },
        "probability": 0.987025856972,
        "value": "not_acoustic"
    },
    "mood_aggressive": {
        "all": {
            "aggressive": 0.992908895016,
            "not_aggressive": 0.00709108775482
        },
        "probability": 0.992908895016,
        "value": "aggressive"
    },
    "mood_electronic": {
        "all": {
            "electronic": 0.0152148976922,
            "not_electronic": 0.984785079956
        },
        "probability": 0.984785079956,
        "value": "not_electronic"
    },
    "mood_happy": {
        "all": {
            "happy": 0.759955883026,
            "not_happy": 0.240044102073
        },
        "probability": 0.759955883026,
        "value": "happy"
    },
    "mood_party": {
        "all": {
            "not_party": 0.444599539042,
            "party": 0.555400490761
        },
        "probability": 0.555400490761,
        "value": "party"
    },
    "mood_relaxed": {
        "all": {
            "not_relaxed": 0.909248173237,
            "relaxed": 0.090751811862
        },
        "probability": 0.909248173237,
        "value": "not_relaxed"
    },
    "mood_sad": {
        "all": {
            "not_sad": 0.915850698948,
            "sad": 0.0841493010521
        },
        "probability": 0.915850698948,
        "value": "not_sad"
    },
    "moods_mirex": {
        "all": {
            "Cluster1": 0.581672310829,
            "Cluster2": 0.0654231533408,
            "Cluster3": 0.0368491373956,
            "Cluster4": 0.0260182917118,
            "Cluster5": 0.290037095547
        },
        "probability": 0.581672310829,
        "value": "Cluster1"
    },
    "timbre": {
        "all": {
            "bright": 0.995841085911,
            "dark": 0.00415891595185
        },
        "probability": 0.995841085911,
        "value": "bright"
    },
    "tonal_atonal": {
        "all": {
            "atonal": 0.0127408690751,
            "tonal": 0.987259149551
        },
        "probability": 0.987259149551,
        "value": "tonal"
    },
    "voice_instrumental": {
        "all": {
            "instrumental": 0.00128540524747,
            "voice": 0.998714566231
        },
        "probability": 0.998714566231,
        "value": "voice"
    }
},
"lowlevel": {
    "average_loudness": 0.985276281834,
    "barkbands_crest": {
        "dmean": 1.76407516003,
        "dmean2": 2.93443465233,
        "dvar": 2.7537779808,
        "dvar2": 7.59556102753,
        "max": 16.4948310852,
        "mean": 5.87870740891,
        "median": 5.39463663101,
        "min": 2.48101496696,
        "var": 4.65886592865
    },
    "barkbands_flatness_db": {
        "dmean": 0.0123122185469,
        "dmean2": 0.0201605800539,
        "dvar": 0.000113552421681,
        "dvar2": 0.000319044105709,
        "max": 0.148641452193,
        "mean": 0.0969399139285,
        "median": 0.095745690167,
        "min": 0.0533019080758,
        "var": 0.000269412528723
    },
    "barkbands_kurtosis": {
        "dmean": 0.407857328653,
        "dmean2": 0.689218461514,
        "dvar": 0.259599536657,
        "dvar2": 0.723348081112,
        "max": 4.20202732086,
        "mean": -0.832615435123,
        "median": -0.95171546936,
        "min": -1.74835515022,
        "var": 0.379899948835
    },
    "barkbands_skewness": {
        "dmean": 0.270383000374,
        "dmean2": 0.438970983028,
        "dvar": 0.0646296963096,
        "dvar2": 0.173755645752,
        "max": 2.25739955902,
        "mean": 0.309179723263,
        "median": 0.275503069162,
        "min": -1.04336762428,
        "var": 0.165219470859
    },
    "barkbands_spread": {
        "dmean": 5.57506656647,
        "dmean2": 8.91164875031,
        "dvar": 23.7605056763,
        "dvar2": 54.2914848328,
        "max": 73.7372817993,
        "mean": 39.5962104797,
        "median": 38.7951583862,
        "min": 16.3334503174,
        "var": 121.835838318
    },
    "dissonance": {
        "dmean": 0.0109057510272,
        "dmean2": 0.0181322209537,
        "dvar": 9.87827006611e-05,
        "dvar2": 0.000277405546512,
        "max": 0.499999910593,
        "mean": 0.479826211929,
        "median": 0.482162088156,
        "min": 0.409614712,
        "var": 0.000174224973307
    },
    "dynamic_complexity": 0.622312605381,
    "erbbands_crest": {
        "dmean": 2.12658190727,
        "dmean2": 3.56930494308,
        "dvar": 3.70748257637,
        "dvar2": 10.4396820068,
        "max": 20.7862873077,
        "mean": 7.13743782043,
        "median": 6.57789516449,
        "min": 2.83856725693,
        "var": 6.55764007568
    },
    "erbbands_flatness_db": {
        "dmean": 0.0130388643593,
        "dmean2": 0.0192767940462,
        "dvar": 0.000125745296828,
        "dvar2": 0.00026837020414,
        "max": 0.214534074068,
        "mean": 0.149202853441,
        "median": 0.149877980351,
        "min": 0.0757426396012,
        "var": 0.000620456936304
    },
    "erbbands_kurtosis": {
        "dmean": 0.562623620033,
        "dmean2": 0.9032548666,
        "dvar": 0.29234367609,
        "dvar2": 0.731555223465,
        "max": 4.81884527206,
        "mean": -0.0118044419214,
        "median": -0.183302164078,
        "min": -1.52284109592,
        "var": 0.614654481411
    },
    "erbbands_skewness": {
        "dmean": 0.279711306095,
        "dmean2": 0.434979647398,
        "dvar": 0.0468699671328,
        "dvar2": 0.123700134456,
        "max": 1.27182030678,
        "mean": -0.21706405282,
        "median": -0.201812654734,
        "min": -1.60088300705,
        "var": 0.258285850286
    },
    "erbbands_spread": {
        "dmean": 5.4838924408,
        "dmean2": 8.60268306732,
        "dvar": 22.4114360809,
        "dvar2": 53.9426574707,
        "max": 75.4851608276,
        "mean": 34.6439437866,
        "median": 33.3078384399,
        "min": 10.357717514,
        "var": 95.5467453003
    },
    "hfc": {
        "dmean": 8.34257888794,
        "dmean2": 13.052110672,
        "dvar": 64.8762054443,
        "dvar2": 142.942901611,
        "max": 123.373435974,
        "mean": 46.2863998413,
        "median": 43.1231994629,
        "min": 17.284280777,
        "var": 234.233032227
    },
    "melbands_crest": {
        "dmean": 2.76733827591,
        "dmean2": 4.55918931961,
        "dvar": 6.5876955986,
        "dvar2": 18.6748886108,
        "max": 25.5958404541,
        "mean": 11.2363615036,
        "median": 10.4475736618,
        "min": 4.09725236893,
        "var": 15.664065361
    },
    "melbands_flatness_db": {
        "dmean": 0.0156430639327,
        "dmean2": 0.0253157615662,
        "dvar": 0.000257810257608,
        "dvar2": 0.000723282049876,
        "max": 0.21349349618,
        "mean": 0.107125245035,
        "median": 0.106748685241,
        "min": 0.0337372422218,
        "var": 0.000607663590927
    },
    "melbands_kurtosis": {
        "dmean": 1.567450881,
        "dmean2": 2.62852716446,
        "dvar": 5.93850755692,
        "dvar2": 16.7604885101,
        "max": 26.0480861664,
        "mean": 1.93066287041,
        "median": 1.19745016098,
        "min": -1.19136214256,
        "var": 8.02980709076
    },
    "melbands_skewness": {
        "dmean": 0.400562256575,
        "dmean2": 0.652138710022,
        "dvar": 0.17088252306,
        "dvar2": 0.476130843163,
        "max": 4.84420633316,
        "mean": 1.36254096031,
        "median": 1.25791609287,
        "min": -0.344692051411,
        "var": 0.485878646374
    },
    "melbands_spread": {
        "dmean": 9.26441955566,
        "dmean2": 14.881401062,
        "dvar": 69.3856811523,
        "dvar2": 170.960723877,
        "max": 123.757789612,
        "mean": 53.1245422363,
        "median": 51.0896492004,
        "min": 14.0651903152,
        "var": 230.294921875
    },
    "pitch_salience": {
        "dmean": 0.0493394620717,
        "dmean2": 0.0822402387857,
        "dvar": 0.00180983659811,
        "dvar2": 0.00523808039725,
        "max": 0.734594345093,
        "mean": 0.534590125084,
        "median": 0.536515772343,
        "min": 0.306145846844,
        "var": 0.00380945019424
    },
    "silence_rate_20dB": {
        "dmean": 0,
        "dmean2": 0,
        "dvar": 0,
        "dvar2": 0,
        "max": 1,
        "mean": 1,
        "median": 1,
        "min": 1,
        "var": 0
    },
    "silence_rate_30dB": {
        "dmean": 0,
        "dmean2": 0,
        "dvar": 0,
        "dvar2": 0,
        "max": 1,
        "mean": 1,
        "median": 1,
        "min": 1,
        "var": 0
    },
    "silence_rate_60dB": {
        "dmean": 0,
        "dmean2": 0,
        "dvar": 0,
        "dvar2": 0,
        "max": 0,
        "mean": 0,
        "median": 0,
        "min": 0,
        "var": 0
    },
    "spectral_centroid": {
        "dmean": 203.787582397,
        "dmean2": 328.981292725,
        "dvar": 27680.6601562,
        "dvar2": 68619.34375,
        "max": 3637.0612793,
        "mean": 2450.34887695,
        "median": 2432.42553711,
        "min": 1468.38269043,
        "var": 105524.773438
    },
    "spectral_complexity": {
        "dmean": 3.86532497406,
        "dmean2": 6.23702573776,
        "dvar": 9.27134895325,
        "dvar2": 23.4898605347,
        "max": 53,
        "mean": 35.568447113,
        "median": 35,
        "min": 15,
        "var": 28.8160686493
    },
    "spectral_decrease": {
        "dmean": 1.41686062882e-09,
        "dmean2": 2.27873075964e-09,
        "dvar": 2.52588740389e-18,
        "dvar2": 6.84162614927e-18,
        "max": -2.46256148806e-09,
        "mean": -6.65806743072e-09,
        "median": -6.32789243227e-09,
        "min": -1.89809163942e-08,
        "var": 3.68187727301e-18
    },
    "spectral_energy": {
        "dmean": 0.0057919844985,
        "dmean2": 0.00932365935296,
        "dvar": 3.89006236219e-05,
        "dvar2": 0.000103253769339,
        "max": 0.075739428401,
        "mean": 0.0293273814023,
        "median": 0.0281021278352,
        "min": 0.0112652117386,
        "var": 5.97057078267e-05
    },
    "spectral_energyband_high": {
        "dmean": 0.000789804558735,
        "dmean2": 0.00123079610057,
        "dvar": 7.74534726133e-07,
        "dvar2": 1.61962987022e-06,
        "max": 0.0155589058995,
        "mean": 0.0029685429763,
        "median": 0.00245375582017,
        "min": 0.000590178824496,
        "var": 3.84656004826e-06
    },
    "spectral_energyband_low": {
        "dmean": 0.00356286740862,
        "dmean2": 0.00592989800498,
        "dvar": 3.27245434164e-05,
        "dvar2": 9.50805042521e-05,
        "max": 0.0583315715194,
        "mean": 0.00737624522299,
        "median": 0.00579295633361,
        "min": 0.000373396236682,
        "var": 3.86807478208e-05
    },
    "spectral_energyband_middle_high": {
        "dmean": 0.00299048540182,
        "dmean2": 0.00478459941223,
        "dvar": 7.17353714208e-06,
        "dvar2": 1.8370563339e-05,
        "max": 0.0307279024273,
        "mean": 0.0124452952296,
        "median": 0.0115883490071,
        "min": 0.00367317232303,
        "var": 2.19771645789e-05
    },
    "spectral_energyband_middle_low": {
        "dmean": 0.00251535209827,
        "dmean2": 0.00384074635804,
        "dvar": 6.57638884149e-06,
        "dvar2": 1.6293990484e-05,
        "max": 0.0271320398897,
        "mean": 0.00830962136388,
        "median": 0.00741642760113,
        "min": 0.00144766562153,
        "var": 1.80137139978e-05
    },
    "spectral_entropy": {
        "dmean": 0.0891594439745,
        "dmean2": 0.135066539049,
        "dvar": 0.006983587984,
        "dvar2": 0.0150807155296,
        "max": 8.4018611908,
        "mean": 7.82991552353,
        "median": 7.79683685303,
        "min": 7.33975934982,
        "var": 0.0368017964065
    },
    "spectral_flux": {
        "dmean": 0.01423027087,
        "dmean2": 0.0224185064435,
        "dvar": 0.000201272618142,
        "dvar2": 0.000408900697948,
        "max": 0.213433742523,
        "mean": 0.0940491184592,
        "median": 0.0892909690738,
        "min": 0.0559079237282,
        "var": 0.000458209542558
    },
    "spectral_kurtosis": {
        "dmean": 0.843020677567,
        "dmean2": 1.42805743217,
        "dvar": 0.532258808613,
        "dvar2": 1.53006899357,
        "max": 8.82828521729,
        "mean": 3.05893397331,
        "median": 2.97280550003,
        "min": 0.188111305237,
        "var": 1.28971874714
    },
    "spectral_rms": {
        "dmean": 0.000514869287144,
        "dmean2": 0.000822607893497,
        "dvar": 2.49769129823e-07,
        "dvar2": 6.44196859412e-07,
        "max": 0.00859605241567,
        "mean": 0.00530722737312,
        "median": 0.00523609668016,
        "min": 0.00331518473104,
        "var": 4.45425058615e-07
    },
    "spectral_rolloff": {
        "dmean": 579.746765137,
        "dmean2": 948.446350098,
        "dvar": 460063.5625,
        "dvar2": 938723.4375,
        "max": 9410.00976562,
        "mean": 3330.03100586,
        "median": 3208.44726562,
        "min": 624.462890625,
        "var": 1457874.5
    },
    "spectral_skewness": {
        "dmean": 0.131711497903,
        "dmean2": 0.220844224095,
        "dvar": 0.0133315464482,
        "dvar2": 0.0336477160454,
        "max": 2.57866239548,
        "mean": 1.15501880646,
        "median": 1.15019512177,
        "min": 0.495615035295,
        "var": 0.0407608635724
    },
    "spectral_spread": {
        "dmean": 420659.71875,
        "dmean2": 621165.4375,
        "dvar": 229200166912,
        "dvar2": 386186838016,
        "max": 11116980,
        "mean": 4347264.5,
        "median": 4127748.75,
        "min": 2760211.75,
        "var": 968426913792
    },
    "spectral_strongpeak": {
        "dmean": 0.874033749104,
        "dmean2": 1.56322658062,
        "dvar": 1.45856010914,
        "dvar2": 3.87589740753,
        "max": 7.34973239899,
        "mean": 1.19520843029,
        "median": 0.456755906343,
        "min": 0.0521431304514,
        "var": 1.93676757812
    },
    "zerocrossingrate": {
        "dmean": 0.00962050072849,
        "dmean2": 0.0114471884444,
        "dvar": 8.51698714541e-05,
        "dvar2": 9.82192577794e-05,
        "max": 0.23095703125,
        "mean": 0.104991041124,
        "median": 0.0986328125,
        "min": 0.04541015625,
        "var": 0.000715676520485
    },
    "barkbands": {
        "dmean": [3.12264710374e-05, 0.00177736533806, 0.0018066597404, 0.00116040196735, 0.000516545434948, 0.000512643426191, 0.000263163470663, 0.000756244931836, 0.00121141551062, 0.00127528433222, 0.000311000854708, 0.000934810668696, 0.000843903340865, 0.000424215861131, 0.000892384676263, 0.000524773029611, 0.000482498173369, 0.000446085556177, 0.000704510253854, 0.00043965576333, 0.000313795957481, 0.000117629824672, 0.000142649121699, 0.000164400509675, 0.000116927738418, 4.8668061936e-05, 3.15287573827e-09],
        "dmean2": [5.1300474297e-05, 0.00311259878799, 0.00306069664657, 0.00186754809693, 0.000844907597639, 0.00079147744691, 0.000437350361608, 0.000994765781797, 0.00181222555693, 0.00195173418615, 0.000446608872153, 0.00153758912347, 0.00135527818929, 0.000704981968738, 0.0014893313637, 0.000856389582623, 0.000817814900074, 0.000751887098886, 0.00117158703506, 0.000730749277864, 0.000532385776751, 0.000188844729564, 0.000225938289077, 0.00024752956233, 0.000172627522261, 7.21946635167e-05, 5.29525090442e-09],
        "dvar": [6.77645406455e-09, 1.39166995723e-05, 8.56897258927e-06, 2.57205442722e-06, 4.04352050509e-07, 6.72602425311e-07, 2.12085723206e-07, 9.33099954636e-07, 3.1484369174e-06, 2.52615814134e-06, 5.26217434071e-07, 2.28697399507e-06, 2.26844713325e-06, 4.67554116312e-07, 1.3895939901e-06, 4.50112679573e-07, 4.41996633072e-07, 2.48570216854e-07, 4.90106799589e-07, 2.14924853026e-07, 1.15214746188e-07, 3.29083214012e-08, 5.03167392196e-08, 7.2383272709e-08, 5.47934746464e-08, 6.20573237242e-09, 6.70453523987e-16],
        "dvar2": [1.518632331e-08, 4.10377215303e-05, 2.51444107562e-05, 7.13245572115e-06, 1.03077297808e-06, 1.54105953243e-06, 5.37666494438e-07, 1.61989976277e-06, 7.3740161497e-06, 6.08218260822e-06, 1.01227692539e-06, 6.04466049481e-06, 5.81636504648e-06, 1.27575913211e-06, 3.71512737729e-06, 1.05232356873e-06, 1.19035667012e-06, 6.62246463889e-07, 1.33400442337e-06, 5.88152772707e-07, 3.15225236136e-07, 7.51296980184e-08, 1.06081230911e-07, 1.39438370184e-07, 9.75054987862e-08, 1.31827455618e-08, 9.21955446659e-16],
        "max": [0.0011716124136, 0.0341421738267, 0.0330511555076, 0.016239983961, 0.00758913299069, 0.0115984734148, 0.0049523464404, 0.0136036146432, 0.0219830665737, 0.0147801591083, 0.0162133164704, 0.0159862097353, 0.0188404582441, 0.00792444683611, 0.0160993691534, 0.0102472072467, 0.0134973376989, 0.00672518555075, 0.00729437312111, 0.00713348621503, 0.00436898553744, 0.00348110310733, 0.00607563741505, 0.0048980503343, 0.0036465190351, 0.000852917204611, 8.10249957794e-07],
        "mean": [3.18372876791e-05, 0.00225978787057, 0.00339403213002, 0.00230255583301, 0.00113151583355, 0.000970932189375, 0.000393445196096, 0.00134381686803, 0.00207372987643, 0.00199856329709, 0.000491616141517, 0.00158327177633, 0.0013080824865, 0.000638584722765, 0.00147289666347, 0.000960748584475, 0.00097540859133, 0.000918595818803, 0.00162287324201, 0.00119734369218, 0.000839630141854, 0.000326403533109, 0.000385489547625, 0.000408489082474, 0.000228424920351, 6.93347683409e-05, 2.34618346973e-09],
        "median": [9.53945800575e-06, 0.00100474175997, 0.00272158207372, 0.00155471614562, 0.000808587181382, 0.000631626695395, 0.000213104183786, 0.000803840055596, 0.00117155630141, 0.00116867537145, 0.000205338888918, 0.000624354754109, 0.000711584056262, 0.000349236594047, 0.000975183327682, 0.000733081193175, 0.000742821488529, 0.000763379153796, 0.00139421666972, 0.0010107725393, 0.000689102511387, 0.000196769076865, 0.00024941097945, 0.000253576406976, 0.000106323568616, 2.53582857113e-05, 4.55619597606e-10],
        "min": [8.38091551714e-08, 3.77636342819e-06, 3.53048599209e-05, 4.42799409939e-06, 3.44770342053e-05, 3.21239313053e-05, 5.38396943739e-06, 9.81843459158e-06, 3.28908390657e-05, 1.45023832374e-05, 6.51390200801e-06, 1.14422227853e-05, 3.69090121239e-05, 2.93724151561e-05, 3.72190770577e-05, 8.24417656986e-05, 5.50242366444e-05, 9.36216893024e-05, 7.66993543948e-05, 0.000137020775583, 9.88840765785e-05, 2.96052294289e-05, 2.93014418276e-05, 9.1334550234e-06, 1.53438350026e-06, 2.68932463104e-11, 1.0279288705e-11],
        "var": [7.24265802887e-09, 1.44494215419e-05, 8.35892660689e-06, 5.58107421966e-06, 1.09228733436e-06, 1.31113449697e-06, 2.86360148039e-07, 2.41968609771e-06, 5.92110382058e-06, 4.8749693633e-06, 1.31234321543e-06, 5.17741000294e-06, 3.74403953174e-06, 7.54838481498e-07, 2.49432309829e-06, 7.80471737016e-07, 7.96555241322e-07, 4.26713057777e-07, 9.94571905721e-07, 5.65365269267e-07, 3.09729244918e-07, 1.48619818674e-07, 2.02047317543e-07, 2.29380901828e-07, 1.55373768962e-07, 1.20985941265e-08, 6.10636904285e-16]
    },
    "erbbands": {
        "dmean": [0.0286601837724, 0.483371645212, 1.87341725826, 3.18420171738, 2.37847042084, 1.39282524586, 4.46461868286, 3.59545850754, 3.80451965332, 3.03576159477, 21.3263378143, 23.4595623016, 22.8972644806, 46.4940910339, 24.1096839905, 31.0766372681, 33.6283340454, 27.3268795013, 50.7692718506, 19.6863212585, 30.5535449982, 20.1918125153, 20.41837883, 40.9868354797, 22.0369091034, 22.5799980164, 19.2181186676, 6.02828788757, 4.3150138855, 4.27067756653, 4.45960235596, 3.3807425499, 3.19317007065, 1.69984257221, 0.683723688126, 0.304443567991, 0.084028981626, 0.00481331907213, 0.000100352699519, 1.17724794109e-05],
        "dmean2": [0.0488489158452, 0.856190502644, 3.26226592064, 5.00760793686, 4.02111959457, 2.25735592842, 6.62954998016, 5.79232215881, 6.33764648438, 4.70942783356, 28.03358078, 34.4969596863, 35.1311378479, 71.1176605225, 38.3370552063, 50.8135604858, 53.9263305664, 44.9992141724, 83.9295654297, 32.8880157471, 50.2138671875, 33.278755188, 34.7747344971, 68.6467514038, 37.2582130432, 37.5684013367, 32.6983528137, 10.1105794907, 6.93540000916, 6.68249845505, 7.12510204315, 5.35202360153, 4.61152362823, 2.56271481514, 1.06474733353, 0.452931642532, 0.125333532691, 0.00746880564839, 0.000151508560521, 1.79411235877e-05],
        "dvar": [0.00431606825441, 1.02110791206, 11.6899471283, 18.6433467865, 8.15950584412, 6.13267326355, 36.5737228394, 58.6988258362, 61.8149833679, 18.0146503448, 726.841796875, 1045.01953125, 1321.96899414, 3094.51171875, 1635.24047852, 1790.13989258, 4440.78808594, 2664.53295898, 3974.34912109, 703.585693359, 1594.04870605, 895.671325684, 472.336883545, 1734.15979004, 493.141387939, 441.332183838, 439.498748779, 38.3941612244, 49.4364700317, 57.4083557129, 43.7884101868, 22.6788406372, 31.8597793579, 12.5344285965, 1.64589631557, 0.26500415802, 0.0194627735764, 6.51325826766e-05, 2.62260364536e-08, 1.94278690357e-10],
        "dvar2": [0.0114114843309, 3.06667613983, 34.5071716309, 50.517791748, 24.0039615631, 14.8859500885, 81.7861557007, 141.200714111, 160.931091309, 45.2628974915, 1306.06237793, 2335.45874023, 3279.86987305, 7319.85595703, 4143.82324219, 4547.16162109, 11482.2685547, 7179.55761719, 10984.125, 1798.50622559, 3738.34155273, 2329.92431641, 1303.83972168, 4526.79541016, 1398.74829102, 1175.06958008, 1229.0637207, 106.596763611, 123.329673767, 109.148483276, 102.749069214, 51.8997879028, 59.7343101501, 23.3655090332, 3.07600569725, 0.534862399101, 0.0453416928649, 0.000149494371726, 5.90052842142e-08, 4.22285623136e-10],
        "max": [0.677840530872, 8.65978813171, 38.5390510559, 44.7536010742, 26.9659729004, 39.285533905, 65.9530105591, 118.785392761, 130.730926514, 48.7002754211, 369.471313477, 375.109924316, 450.0730896, 492.607269287, 459.230072021, 441.592773438, 962.530334473, 747.829956055, 883.429870605, 446.716522217, 597.177978516, 691.129821777, 273.394958496, 536.015869141, 325.508331299, 249.813796997, 240.903106689, 102.182937622, 132.574798584, 193.324295044, 182.024261475, 72.2495498657, 110.176651001, 56.0144271851, 19.8401050568, 6.85115623474, 1.4996162653, 0.0826052650809, 0.00155310635455, 0.000170060418895],
        "mean": [0.0333049222827, 0.640873789787, 3.40186047554, 7.22718048096, 4.50305557251, 2.8610265255, 8.75262928009, 6.24480056763, 6.07707309723, 5.91067552567, 40.4191894531, 43.7741088867, 39.6100997925, 74.9575500488, 44.5631523132, 54.752204895, 55.4062423706, 46.0585441589, 81.9635543823, 41.8195915222, 58.1793365479, 45.4034843445, 47.8855705261, 94.1979141235, 56.3860626221, 61.9433479309, 52.8893127441, 17.5953445435, 11.7775268555, 10.6200866699, 11.6495895386, 8.50976276398, 6.97677326202, 3.387591362, 1.19142735004, 0.456573545933, 0.104330159724, 0.00556747009978, 0.000156282127136, 5.11577563884e-05],
        "median": [0.00937044993043, 0.309500902891, 2.67551755905, 5.33564901352, 3.36338734627, 1.70693719387, 5.92610025406, 3.31839466095, 3.47010970116, 3.9613597393, 25.4334125519, 27.5362796783, 23.0534343719, 46.3041114807, 21.0274047852, 31.1538486481, 32.679233551, 23.938293457, 57.4201774597, 31.4082489014, 44.6392440796, 33.0269470215, 41.6380767822, 79.4041519165, 48.6666603088, 54.347038269, 43.0149688721, 13.7666187286, 7.25036811829, 5.56013822556, 7.71383666992, 5.99459648132, 3.71601557732, 1.54734826088, 0.530188202858, 0.167936772108, 0.0367001853883, 0.00174937362317, 7.3368944868e-05, 4.45145997219e-05],
        "min": [0.000169396109413, 0.00385494506918, 0.0659768655896, 0.150989979506, 0.225183814764, 0.111951977015, 0.144266456366, 0.225854575634, 0.277285277843, 0.32319521904, 0.64824962616, 1.16386187077, 1.33823978901, 1.58367800713, 1.21526002884, 1.99929082394, 2.34185171127, 1.99950015545, 2.67596340179, 3.7272336483, 5.17854785919, 4.09658527374, 6.62688827515, 11.7856550217, 4.63238525391, 7.06430244446, 9.37422847748, 3.28994607925, 0.953708052635, 0.854062616825, 0.953976273537, 0.4131257236, 0.208725705743, 0.0770815387368, 0.00741009740159, 0.000786001211964, 0.000179467606358, 3.22386658809e-05, 1.7349175323e-05, 1.86891411431e-05],
        "var": [0.00498209660873, 1.00509858131, 10.682890892, 41.4087257385, 14.2824325562, 14.424366951, 81.9988937378, 108.391967773, 87.2861557007, 32.7883148193, 1861.87158203, 2148.89404297, 2203.06054688, 6222.76318359, 3603.25439453, 4070.76147461, 7462.42480469, 4217.71679688, 6379.97460938, 1356.08166504, 2836.02978516, 1711.4876709, 949.065856934, 3555.65307617, 1094.40808105, 1130.97644043, 1233.69311523, 144.318557739, 187.981033325, 215.717010498, 162.419906616, 66.4705810547, 101.092933655, 34.3487548828, 4.30220842361, 0.609430372715, 0.027317032218, 7.87147946539e-05, 3.81857532261e-08, 4.46232439888e-10]
    },
    "gfcc": {
        "mean": [64.8992385864, 57.8457794189, -144.256225586, 45.7385253906, -62.8112983704, 24.8368186951, -36.2822189331, 18.7097873688, -35.2265777588, -2.92637753487, -22.2004337311, -12.5022706985, -14.7016639709],
        "cov": [[316.399383545, -194.65826416, 218.855148315, 13.2096605301, -15.8391094208, 9.72784900665, -60.7638893127, 55.1678657532, 8.5021314621, 52.2018966675, -34.4425697327, 55.6283493042, -31.5976772308], [-194.65826416, 342.258117676, -156.162475586, 26.4231395721, 68.3981628418, -16.0489788055, 97.5391921997, -21.1710071564, 33.7375640869, -30.1224155426, 67.2019577026, -25.3500919342, 64.3101043701], [218.855148315, -156.162475586, 324.996337891, 85.6526565552, 33.5030250549, -19.6183452606, -68.8864135742, 58.4943771362, 18.4195270538, 66.3718338013, -60.4441680908, 73.9584503174, -27.0087928772], [13.2096605301, 26.4231395721, 85.6526565552, 199.751296997, 29.5477905273, -31.2313842773, -21.4055728912, 11.3963327408, 54.2149047852, -3.23404836655, 5.03070068359, 17.4723472595, 28.1019439697], [-15.8391094208, 68.3981628418, 33.5030250549, 29.5477905273, 146.877700806, 24.6109046936, 55.2477073669, 25.4033508301, 14.3106937408, 31.1328849792, 3.83340263367, 37.0319786072, 13.0634746552], [9.72784900665, -16.0489788055, -19.6183452606, -31.2313842773, 24.6109046936, 102.953659058, 41.5518074036, 2.69628953934, -17.4730682373, 5.21250677109, 18.9977931976, -7.89520978928, 3.7882912159], [-60.7638893127, 97.5391921997, -68.8864135742, -21.4055728912, 55.2477073669, 41.5518074036, 130.123626709, 20.0713653564, -0.470311313868, -5.30817937851, 19.4926700592, -2.93984174728, 6.53567314148], [55.1678657532, -21.1710071564, 58.4943771362, 11.3963327408, 25.4033508301, 2.69628953934, 20.0713653564, 98.6482772827, 49.1351966858, 15.2103233337, -6.53352451324, 11.3310136795, 0.67281973362], [8.5021314621, 33.7375640869, 18.4195270538, 54.2149047852, 14.3106937408, -17.4730682373, -0.470311313868, 49.1351966858, 87.5303649902, 21.2491912842, 8.91086387634, 1.07220590115, 10.1888065338], [52.2018966675, -30.1224155426, 66.3718338013, -3.23404836655, 31.1328849792, 5.21250677109, -5.30817937851, 15.2103233337, 21.2491912842, 76.3390579224, 6.07240962982, 22.326089859, -16.5792312622], [-34.4425697327, 67.2019577026, -60.4441680908, 5.03070068359, 3.83340263367, 18.9977931976, 19.4926700592, -6.53352451324, 8.91086387634, 6.07240962982, 77.6576080322, 6.03907251358, 18.3689842224], [55.6283493042, -25.3500919342, 73.9584503174, 17.4723472595, 37.0319786072, -7.89520978928, -2.93984174728, 11.3310136795, 1.07220590115, 22.326089859, 6.03907251358, 78.7881393433, 15.8782377243], [-31.5976772308, 64.3101043701, -27.0087928772, 28.1019439697, 13.0634746552, 3.7882912159, 6.53567314148, 0.67281973362, 10.1888065338, -16.5792312622, 18.3689842224, 15.8782377243, 67.9375610352]],
        "icov": [[0.00821267068386, 0.00239390949719, -0.00474781170487, 0.00132038677111, 0.00153514312115, -0.00117141928058, -0.000118620155263, -0.00112863711547, -0.00119135121349, 4.47978018201e-05, -0.0018030742649, -0.00138629949652, -8.62194137881e-05], [0.00239390949719, 0.0117406407371, -0.0034982864745, 0.00326130446047, -0.00595524674281, 0.00759149948135, -0.00781140476465, 0.00697555905208, -0.00675777252764, 0.00449719047174, -0.0092153083533, 0.00817926414311, -0.00864498689771], [-0.00474781170487, -0.0034982864745, 0.0154005661607, -0.00800264813006, 0.00165138510056, -0.00353015144356, 0.00652193138376, -0.00877212360501, 0.00807293411344, -0.00918322429061, 0.0110268658027, -0.0095777567476, 0.00568013451993], [0.00132038677111, 0.00326130446047, -0.00800264813006, 0.0119487680495, -0.00433868728578, 0.00429032789543, -0.00306723732501, 0.00791195966303, -0.0106760160998, 0.00820373371243, -0.0071805738844, 0.00568985613063, -0.00557053089142], [0.00153514312115, -0.00595524674281, 0.00165138510056, -0.00433868728578, 0.0156295131892, -0.00673513207585, -0.00011333837756, -0.00593708502129, 0.00473973667249, -0.00796224828809, 0.00775495870039, -0.00993047561496, 0.0038125992287], [-0.00117141928058, 0.00759149948135, -0.00353015144356, 0.00429032789543, -0.00673513207585, 0.0196283869445, -0.00921007338911, 0.00526118138805, -0.0014021260431, 0.0027333588805, -0.0106967547908, 0.01150072366, -0.00879300478846], [-0.000118620155263, -0.00781140476465, 0.00652193138376, -0.00306723732501, -0.00011333837756, -0.00921007338911, 0.0193524993956, -0.0104589294642, 0.00690251635388, -0.00303120957687, 0.00660865847021, -0.00792264379561, 0.0082678142935], [-0.00112863711547, 0.00697555905208, -0.00877212360501, 0.00791195966303, -0.00593708502129, 0.00526118138805, -0.0104589294642, 0.0270316451788, -0.0197375677526, 0.00968974363059, -0.00747287739068, 0.00803383719176, -0.00683382805437], [-0.00119135121349, -0.00675777252764, 0.00807293411344, -0.0106760160998, 0.00473973667249, -0.0014021260431, 0.00690251635388, -0.0197375677526, 0.0317063443363, -0.0144614726305, 0.00604370329529, -0.00321724102832, 0.00300018349662], [4.47978018201e-05, 0.00449719047174, -0.00918322429061, 0.00820373371243, -0.00796224828809, 0.0027333588805, -0.00303120957687, 0.00968974363059, -0.0144614726305, 0.0284047033638, -0.0114798573777, 0.00341091305017, 0.00170113239437], [-0.0018030742649, -0.0092153083533, 0.0110268658027, -0.0071805738844, 0.00775495870039, -0.0106967547908, 0.00660865847021, -0.00747287739068, 0.00604370329529, -0.0114798573777, 0.0290396288037, -0.0140089057386, 0.00549665605649], [-0.00138629949652, 0.00817926414311, -0.0095777567476, 0.00568985613063, -0.00993047561496, 0.01150072366, -0.00792264379561, 0.00803383719176, -0.00321724102832, 0.00341091305017, -0.0140089057386, 0.0315480157733, -0.0148684661835], [-8.62194137881e-05, -0.00864498689771, 0.00568013451993, -0.00557053089142, 0.0038125992287, -0.00879300478846, 0.0082678142935, -0.00683382805437, 0.00300018349662, 0.00170113239437, 0.00549665605649, -0.0148684661835, 0.0284086018801]]
    },
    "melbands": {
        "dmean": [0.00037335982779, 0.000856831786223, 0.000494849635288, 0.000118642848975, 0.000131632506964, 8.24366507004e-05, 5.88863258599e-05, 4.29269894084e-05, 0.000174846456503, 0.000162751122843, 0.000121250319353, 0.000205845222808, 6.56867341604e-05, 0.000118378353363, 6.52292364975e-05, 7.55352084525e-05, 4.78280962852e-05, 7.64025389799e-05, 4.95786589454e-05, 3.04863460769e-05, 4.03458507208e-05, 2.12295981328e-05, 2.71326407528e-05, 2.79957930616e-05, 3.89886226912e-05, 2.23054157686e-05, 1.25392043628e-05, 1.76314679265e-05, 1.70658822753e-05, 7.57055886424e-06, 2.95816312246e-06, 2.728882464e-06, 2.81519965029e-06, 2.57431406681e-06, 2.90695584226e-06, 2.50573225458e-06, 2.271515541e-06, 2.62990693045e-06, 1.90112496057e-06, 1.41460611758e-06],
        "dmean2": [0.000648986140732, 0.00147230259608, 0.000790472084191, 0.0001987433061, 0.000197800269234, 0.00013260776177, 9.77796516963e-05, 6.31186412647e-05, 0.000230717210798, 0.000244574592216, 0.000186659046449, 0.000314980541589, 0.000100716402812, 0.000194642547285, 0.000105543898826, 0.000120941091154, 7.87505487096e-05, 0.000126506245579, 8.27441253932e-05, 5.00911664858e-05, 6.70522495057e-05, 3.52849456249e-05, 4.58839458588e-05, 4.76744207845e-05, 6.53534516459e-05, 3.73087204935e-05, 2.10342459468e-05, 2.92281074508e-05, 2.91637134069e-05, 1.26700024339e-05, 4.89740432386e-06, 4.44571787739e-06, 4.56658835901e-06, 4.06981416745e-06, 4.67171730634e-06, 4.00473345508e-06, 3.64532206731e-06, 3.92573292629e-06, 2.78842821899e-06, 2.19620801545e-06],
        "dvar": [6.417828331e-07, 2.49734921454e-06, 4.39404942654e-07, 2.11363069269e-08, 3.18706057101e-08, 2.74857292482e-08, 1.31607063025e-08, 2.54137777489e-09, 4.52461215161e-08, 5.44466622898e-08, 3.54044438211e-08, 6.17278175241e-08, 1.45346010783e-08, 3.8660825652e-08, 1.52110253282e-08, 1.67024474251e-08, 7.59606866296e-09, 8.6626155138e-09, 5.39185407433e-09, 1.51897072698e-09, 3.06632452762e-09, 9.33586541407e-10, 1.50116918896e-09, 9.28171484116e-10, 1.65017222109e-09, 5.50990308934e-10, 1.50633658325e-10, 2.98001817667e-10, 3.79874964818e-10, 7.36787367228e-11, 1.11408712117e-11, 2.28118184065e-11, 2.04973989171e-11, 2.28639884803e-11, 1.95453844082e-11, 1.03121998787e-11, 1.06871785727e-11, 2.04826607064e-11, 1.51188523506e-11, 8.03854639103e-12],
        "dvar2": [1.83106169516e-06, 7.44799444874e-06, 1.22397455016e-06, 6.00039271603e-08, 7.25963857917e-08, 6.67579627134e-08, 3.40096164564e-08, 5.52034640222e-09, 8.46627585815e-08, 1.28316528958e-07, 8.71937828606e-08, 1.46106799548e-07, 3.12821946125e-08, 1.02705470795e-07, 3.99066983903e-08, 4.22453538818e-08, 2.04767420797e-08, 2.39498039178e-08, 1.39230369456e-08, 3.58364826702e-09, 7.24714954714e-09, 2.40421904607e-09, 4.15148626587e-09, 2.45686671008e-09, 4.30403090945e-09, 1.53795132185e-09, 4.26625179628e-10, 8.16226919387e-10, 1.08778464014e-09, 2.14834858236e-10, 3.10537429105e-11, 6.27828483646e-11, 4.69458569241e-11, 4.63068611234e-11, 4.86782211762e-11, 2.46007728077e-11, 2.47639114076e-11, 4.06182518176e-11, 2.84616896024e-11, 1.5680531526e-11],
        "max": [0.00779570220038, 0.0163088720292, 0.00690802792087, 0.00156276312191, 0.00188013492152, 0.00258633331396, 0.00177970447112, 0.000645338790491, 0.00286100897938, 0.00281973695382, 0.00234416383319, 0.00218625366688, 0.00230061169714, 0.00222533149645, 0.0016662775306, 0.00155169854406, 0.00122798921075, 0.00125889701303, 0.00107044365723, 0.000645102292765, 0.000893704651389, 0.000614062941168, 0.000759838905651, 0.00036624216591, 0.000499907764606, 0.00027329128352, 0.000169176433701, 0.000206923199585, 0.000246085226536, 0.000108315878606, 5.86522510275e-05, 8.99168589967e-05, 8.33250305732e-05, 0.000130254891701, 0.000113102149044, 6.40566213406e-05, 4.30663021689e-05, 9.35816642595e-05, 6.19579295744e-05, 4.64673503302e-05],
        "mean": [0.000454404158518, 0.0015052013332, 0.00114707020111, 0.000226825432037, 0.000262733257841, 0.000146704696817, 9.1577632702e-05, 8.44026071718e-05, 0.000338881392963, 0.000282283552224, 0.00020350862178, 0.000322190462612, 0.000113846072054, 0.000198510897462, 0.000105319588329, 0.000122325931443, 7.36623333069e-05, 0.000119969445223, 8.4923733084e-05, 5.41987610632e-05, 7.0905094617e-05, 4.39305149484e-05, 4.5145086915e-05, 5.3004034271e-05, 8.19454580778e-05, 4.82401956106e-05, 3.16809964716e-05, 4.25762773375e-05, 3.94640082959e-05, 1.81665800483e-05, 7.20447178537e-06, 6.47847991786e-06, 6.30012073088e-06, 5.67243705518e-06, 6.79536833559e-06, 6.0383276832e-06, 4.86917679154e-06, 5.1554370657e-06, 3.90080185753e-06, 2.48852097684e-06],
        "median": [0.000181194074685, 0.00113218114711, 0.000891077215783, 0.000159008937771, 0.000176974615897, 8.54700192576e-05, 5.16608415637e-05, 5.89305054746e-05, 0.000233188809943, 0.000166352139786, 0.000121798162581, 0.000194153413759, 5.29118733539e-05, 7.50251856516e-05, 6.53926908853e-05, 6.59679499222e-05, 3.67890606867e-05, 8.30711505841e-05, 5.50158692931e-05, 3.98981464969e-05, 5.17887019669e-05, 3.09754977934e-05, 3.22676969517e-05, 4.3393989472e-05, 6.67334388709e-05, 3.93760892621e-05, 2.71786448138e-05, 3.63667859347e-05, 3.01264099107e-05, 1.40031315823e-05, 5.0730300245e-06, 4.00241378884e-06, 3.44883164871e-06, 2.95719542009e-06, 4.41864949607e-06, 4.14016312789e-06, 3.27555858348e-06, 2.68199005404e-06, 1.85645694728e-06, 1.07093592305e-06],
        "min": [9.65482854554e-07, 1.32671502797e-05, 3.38219033438e-05, 6.46246280667e-06, 4.47202864962e-06, 6.30115573585e-06, 1.90479795492e-06, 1.43842521538e-06, 4.55818280898e-06, 4.56886164102e-06, 3.52975507667e-06, 4.56322322862e-06, 3.17247690873e-06, 1.66446136518e-06, 3.04473041979e-06, 3.93374011765e-06, 1.85766111827e-06, 3.72270164917e-06, 2.5333654321e-06, 3.314244168e-06, 5.30685065314e-06, 2.76518176179e-06, 2.91065202873e-06, 3.91621233575e-06, 6.3564230004e-06, 1.93401729121e-06, 3.34199921781e-06, 4.31354783359e-06, 5.34209493708e-06, 1.93356049749e-06, 1.84374968626e-08, 7.87021150472e-08, 3.61720140063e-07, 1.78902638481e-07, 5.91044454268e-07, 1.38639336456e-07, 1.17918375508e-07, 3.16052570781e-08, 4.04541928845e-08, 5.26884313956e-09],
