{
"highlevel": {
    "danceability": {
        "all": {
            "danceable": 5.98013275521e-06,
            "not_danceable": 0.999994039536
        },
        "probability": 0.999994039536,
        "value": "not_danceable"
    },
    "gender": {
        "all": {
            "female": 0.507580459118,
            "male": 0.492419540882
        },
        "probability": 0.507580459118,
        "value": "female"
    },
    "genre_dortmund": {
        "all": {
            "alternative": 0.203583493829,
            "blues": 0.0204877797514,
            "electronic": 0.0484380535781,
            "folkcountry": 0.154563382268,
            "funksoulrnb": 0.00307570863515,
            "jazz": 0.00722785992548,
            "pop": 0.0436225831509,
            "raphiphop": 0.000797931279521,
            "rock": 0.51820319891
        },
        "probability": 0.51820319891,
        "value": "rock"
    },
    "genre_electronic": {
        "all": {
            "ambient": 0.359196692705,
            "dnb": 0.123748913407,
            "house": 0.0759668648243,
            "techno": 0.0155542874709,
            "trance": 0.425533235073
        },
        "probability": 0.425533235073,
        "value": "trance"
    },
    "genre_rosamerica": {
        "all": {
            "cla": 0.000450556050055,
            "dan": 0.000129386709887,
            "hip": 6.20463251835e-05,
            "jaz": 0.00100066245068,
            "pop": 0.00364591018297,
            "rhy": 5.17862863489e-05,
            "roc": 0.994627475739,
            "spe": 3.21542756865e-05
        },
        "probability": 0.994627475739,
        "value": "roc"
    },
    "genre_tzanetakis": {
        "all": {
            "blu": 0.0626541376114,
            "cla": 0.0348133966327,
            "cou": 0.0783501937985,
            "dis": 0.104547761381,
            "hip": 0.15693578124,
            "jaz": 0.313987255096,
            "met": 0.044816005975,
            "pop": 0.0627349764109,
            "reg": 0.0627352520823,
            "roc": 0.0784252434969
        },
        "probability": 0.313987255096,
        "value": "jaz"
    },
    "ismir04_rhythm": {
        "all": {
            "ChaChaCha": 0.579295098782,
            "Jive": 0.138963237405,
            "Quickstep": 0.0215494371951,
            "Rumba-American": 0.00814758241177,
            "Rumba-International": 0.0299131758511,
            "Rumba-Misc": 0.00546112516895,
            "Samba": 0.0969989225268,
            "Tango": 0.0357435010374,
            "VienneseWaltz": 0.0694502666593,
            "Waltz": 0.0144776506349
        },
        "probability": 0.579295098782,
        "value": "ChaChaCha"
    },
    "mood_acoustic": {
        "all": {
            "acoustic": 0.00333233969286,
            "not_acoustic": 0.996667683125
        },
        "probability": 0.996667683125,
        "value": "not_acoustic"
    },
    "mood_aggressive": {
        "all": {
            "aggressive": 0.972192287445,
            "not_aggressive": 0.0278077311814
        },
        "probability": 0.972192287445,
        "value": "aggressive"
    },
    "mood_electronic": {
        "all": {
            "electronic": 0.163313150406,
            "not_electronic": 0.836686849594
        },
        "probability": 0.836686849594,
        "value": "not_electronic"
    },
    "mood_happy": {
        "all": {
            "happy": 0.683223605156,
            "not_happy": 0.316776394844
        },
        "probability": 0.683223605156,
        "value": "happy"
    },
    "mood_party": {
        "all": {
            "not_party": 0.5,
            "party": 0.5
        },
        "probability": 0.5,
        "value": "not_party"
    },
    "mood_relaxed": {
        "all": {
            "not_relaxed": 0.837141215801,
            "relaxed": 0.162858769298
        },
        "probability": 0.837141215801,
        "value": "not_relaxed"
    },
    "mood_sad": {
        "all": {
            "not_sad": 0.963192522526,
            "sad": 0.0368074886501
        },
        "probability": 0.963192522526,
        "value": "not_sad"
    },
    "moods_mirex": {
        "all": {
            "Cluster1": 0.388610839844,
            "Cluster2": 0.145686328411,
            "Cluster3": 0.213432282209,
            "Cluster4": 0.066284455359,
            "Cluster5": 0.185986086726
        },
        "probability": 0.388610839844,
        "value": "Cluster1"
    },
    "timbre": {
        "all": {
            "bright": 0.999998450279,
            "dark": 1.53838902861e-06
        },
        "probability": 0.999998450279,
        "value": "bright"
    },
    "tonal_atonal": {
        "all": {
            "atonal": 0.16822232306,
            "tonal": 0.831777691841
        },
        "probability": 0.831777691841,
        "value": "tonal"
    },
    "voice_instrumental": {
        "all": {
            "instrumental": 0.294081091881,
            "voice": 0.705918908119
        },
        "probability": 0.705918908119,
        "value": "voice"
    }
},
"lowlevel": {
    "average_loudness": 0.985558331013,
    "barkbands_crest": {
        "dmean": 2.45464372635,
        "dmean2": 3.56218981743,
        "dvar": 5.68781328201,
        "dvar2": 9.60102462769,
        "max": 23.5495243073,
        "mean": 9.29633331299,
        "median": 8.26347827911,
        "min": 2.83447980881,
        "var": 16.6487503052
    },
    "barkbands_flatness_db": {
        "dmean": 0.0176080130041,
        "dmean2": 0.0250652153045,
        "dvar": 0.000198584311875,
        "dvar2": 0.000401197292376,
        "max": 0.215253770351,
        "mean": 0.12837806344,
        "median": 0.127187922597,
        "min": 0.0563770905137,
        "var": 0.000737478781957
    },
    "barkbands_kurtosis": {
        "dmean": 1.21265685558,
        "dmean2": 1.73088514805,
        "dvar": 2.4329264164,
        "dvar2": 5.03513526917,
        "max": 17.1218795776,
        "mean": 0.508644402027,
        "median": -0.360127687454,
        "min": -1.75448870659,
        "var": 5.82202005386
    },
    "barkbands_skewness": {
        "dmean": 0.43281313777,
        "dmean2": 0.61900383234,
        "dvar": 0.148009419441,
        "dvar2": 0.297575592995,
        "max": 4.16427850723,
        "mean": 1.03850674629,
        "median": 0.893496930599,
        "min": -0.72944444418,
        "var": 0.602239012718
    },
    "barkbands_spread": {
        "dmean": 4.97178983688,
        "dmean2": 7.53494310379,
        "dvar": 19.2827358246,
        "dvar2": 42.169708252,
        "max": 59.0719566345,
        "mean": 31.6494560242,
        "median": 31.584602356,
        "min": 9.6774225235,
        "var": 73.4080352783
    },
    "dissonance": {
        "dmean": 0.0113111976534,
        "dmean2": 0.0188191775233,
        "dvar": 0.000105129649455,
        "dvar2": 0.000278768391581,
        "max": 0.498922973871,
        "mean": 0.475074470043,
        "median": 0.477752745152,
        "min": 0.365612834692,
        "var": 0.000211370264878
    },
    "dynamic_complexity": 0.599549412727,
    "erbbands_crest": {
        "dmean": 1.85822153091,
        "dmean2": 2.99933552742,
        "dvar": 2.98123526573,
        "dvar2": 7.02731180191,
        "max": 20.2492733002,
        "mean": 6.61273574829,
        "median": 6.12800168991,
        "min": 2.63912296295,
        "var": 5.73843050003
    },
    "erbbands_flatness_db": {
        "dmean": 0.0182202812284,
        "dmean2": 0.0251007732004,
        "dvar": 0.000250868091825,
        "dvar2": 0.000459944538306,
        "max": 0.233603283763,
        "mean": 0.142241537571,
        "median": 0.139410585165,
        "min": 0.0688970908523,
        "var": 0.0011467320146
    },
    "erbbands_kurtosis": {
        "dmean": 0.56050235033,
        "dmean2": 0.906823754311,
        "dvar": 0.310451567173,
        "dvar2": 0.784231245518,
        "max": 6.43425941467,
        "mean": -0.0109402947128,
        "median": -0.170816421509,
        "min": -1.34376120567,
        "var": 0.727223694324
    },
    "erbbands_skewness": {
        "dmean": 0.266224831343,
        "dmean2": 0.420273423195,
        "dvar": 0.0476146191359,
        "dvar2": 0.114355131984,
        "max": 1.0809224844,
        "mean": -0.44345074892,
        "median": -0.443090319633,
        "min": -2.02017807961,
        "var": 0.171888545156
    },
    "erbbands_spread": {
        "dmean": 6.82177972794,
        "dmean2": 10.4039182663,
        "dvar": 35.5735549927,
        "dvar2": 79.4913330078,
        "max": 78.7456436157,
        "mean": 39.5487976074,
        "median": 37.8125648499,
        "min": 15.2161598206,
        "var": 131.790908813
    },
    "hfc": {
        "dmean": 6.86197662354,
        "dmean2": 11.092675209,
        "dvar": 38.9623680115,
        "dvar2": 100.198905945,
        "max": 87.8265609741,
        "mean": 36.5272598267,
        "median": 35.097026825,
        "min": 13.5723800659,
        "var": 101.593299866
    },
    "melbands_crest": {
        "dmean": 2.9282746315,
        "dmean2": 4.45510005951,
        "dvar": 6.35923290253,
        "dvar2": 13.8247528076,
        "max": 26.8682937622,
        "mean": 13.5934419632,
        "median": 13.0166339874,
        "min": 4.41847133636,
        "var": 18.5597057343
    },
    "melbands_flatness_db": {
        "dmean": 0.022827770561,
        "dmean2": 0.0313311591744,
        "dvar": 0.000376070238417,
        "dvar2": 0.000707745086402,
        "max": 0.293898075819,
        "mean": 0.162359446287,
        "median": 0.158671721816,
        "min": 0.0611128397286,
        "var": 0.00160333339591
    },
    "melbands_kurtosis": {
        "dmean": 4.5711107254,
        "dmean2": 6.22554016113,
        "dvar": 38.2456321716,
        "dvar2": 72.3847503662,
        "max": 83.7863616943,
        "mean": 7.51406383514,
        "median": 3.87679195404,
        "min": -1.51411104202,
        "var": 93.5700531006
    },
    "melbands_skewness": {
        "dmean": 0.658857166767,
        "dmean2": 0.899672210217,
        "dvar": 0.393937379122,
        "dvar2": 0.703909277916,
        "max": 8.43649578094,
        "mean": 2.38828969002,
        "median": 2.06633758545,
        "min": 0.0772957354784,
        "var": 1.5442494154
    },
    "melbands_spread": {
        "dmean": 8.26641368866,
        "dmean2": 12.5091381073,
        "dvar": 56.3489189148,
        "dvar2": 123.094802856,
        "max": 103.118286133,
        "mean": 33.4731445312,
        "median": 31.5788230896,
        "min": 5.53111362457,
        "var": 225.396759033
    },
    "pitch_salience": {
        "dmean": 0.0686696320772,
        "dmean2": 0.101509973407,
        "dvar": 0.00344985583797,
        "dvar2": 0.00750312488526,
        "max": 0.774619042873,
        "mean": 0.507561445236,
        "median": 0.510854184628,
        "min": 0.20084297657,
        "var": 0.00844230875373
    },
    "silence_rate_20dB": {
        "dmean": 0,
        "dmean2": 0,
        "dvar": 0,
        "dvar2": 0,
        "max": 1,
        "mean": 1,
        "median": 1,
        "min": 1,
        "var": 0
    },
    "silence_rate_30dB": {
        "dmean": 0,
        "dmean2": 0,
        "dvar": 0,
        "dvar2": 0,
        "max": 1,
        "mean": 1,
        "median": 1,
        "min": 1,
        "var": 0
    },
    "silence_rate_60dB": {
        "dmean": 0,
        "dmean2": 0,
        "dvar": 0,
        "dvar2": 0,
        "max": 0,
        "mean": 0,
        "median": 0,
        "min": 0,
        "var": 0
    },
    "spectral_centroid": {
        "dmean": 221.791885376,
        "dmean2": 345.081756592,
        "dvar": 36347.2929688,
        "dvar2": 88531.359375,
        "max": 3241.12597656,
        "mean": 1804.2565918,
        "median": 1826.88916016,
        "min": 594.442443848,
        "var": 201960.375
    },
    "spectral_complexity": {
        "dmean": 4.3289475441,
        "dmean2": 6.58094501495,
        "dvar": 15.4018421173,
        "dvar2": 29.6051216125,
        "max": 54,
        "mean": 30.9373550415,
        "median": 30,
        "min": 12,
        "var": 54.0973930359
    },
    "spectral_decrease": {
        "dmean": 2.219299855e-09,
        "dmean2": 3.19189497056e-09,
        "dvar": 4.55838969653e-18,
        "dvar2": 1.01790513531e-17,
        "max": -2.83181189609e-09,
        "mean": -9.55301882044e-09,
        "median": -8.60840021488e-09,
        "min": -2.60782240247e-08,
        "var": 1.34203221875e-17
    },
    "spectral_energy": {
        "dmean": 0.00857622548938,
        "dmean2": 0.0124504202977,
        "dvar": 6.5293868829e-05,
        "dvar2": 0.00014940481924,
        "max": 0.101375669241,
        "mean": 0.0393684431911,
        "median": 0.0362243838608,
        "min": 0.0122148310766,
        "var": 0.000189615369891
    },
    "spectral_energyband_high": {
        "dmean": 0.000491211714689,
        "dmean2": 0.000698664807715,
        "dvar": 2.80976848899e-07,
        "dvar2": 5.77799255552e-07,
        "max": 0.00894306227565,
        "mean": 0.00162024248857,
        "median": 0.00131557858549,
        "min": 0.000133888752316,
        "var": 1.19591481962e-06
    },
    "spectral_energyband_low": {
        "dmean": 0.00635639950633,
        "dmean2": 0.00758791947737,
        "dvar": 7.64835349401e-05,
        "dvar2": 0.000119182754133,
        "max": 0.0922773480415,
        "mean": 0.0121061429381,
        "median": 0.0052140718326,
        "min": 6.90592860337e-05,
        "var": 0.000238040898694
    },
    "spectral_energyband_middle_high": {
        "dmean": 0.00259488960728,
        "dmean2": 0.00424057804048,
        "dvar": 6.14117698206e-06,
        "dvar2": 1.55231591634e-05,
        "max": 0.0316770337522,
        "mean": 0.0106211071834,
        "median": 0.00999908335507,
        "min": 0.00303239515051,
        "var": 1.60341696755e-05
    },
    "spectral_energyband_middle_low": {
        "dmean": 0.00541939912364,
        "dmean2": 0.00824602413923,
        "dvar": 3.36003504344e-05,
        "dvar2": 8.4808714746e-05,
        "max": 0.0551097877324,
        "mean": 0.0176030807197,
        "median": 0.015428471379,
        "min": 0.0032786806114,
        "var": 9.03329637367e-05
    },
    "spectral_entropy": {
        "dmean": 0.104989528656,
        "dmean2": 0.150534585118,
        "dvar": 0.00917372945696,
        "dvar2": 0.0164051353931,
        "max": 8.56617641449,
        "mean": 7.70598602295,
        "median": 7.67681884766,
        "min": 7.05790424347,
        "var": 0.0545812658966
    },
    "spectral_flux": {
        "dmean": 0.0230120494962,
        "dmean2": 0.0371291711926,
        "dvar": 0.000563946727198,
        "dvar2": 0.00129628321156,
        "max": 0.249908328056,
        "mean": 0.0947103798389,
        "median": 0.086983397603,
        "min": 0.0376536883414,
        "var": 0.00102972122841
    },
    "spectral_kurtosis": {
        "dmean": 1.05413019657,
        "dmean2": 1.77067029476,
        "dvar": 0.919338345528,
        "dvar2": 2.60987710953,
        "max": 10.2939815521,
        "mean": 3.9719889164,
        "median": 3.78279590607,
        "min": 0.578698396683,
        "var": 2.21533584595
    },
    "spectral_rms": {
        "dmean": 0.000657929515,
        "dmean2": 0.00095687340945,
        "dvar": 3.2520398463e-07,
        "dvar2": 7.47600324758e-07,
        "max": 0.00994500331581,
        "mean": 0.00611040228978,
        "median": 0.00594481825829,
        "min": 0.00345208751969,
        "var": 1.07125231352e-06
    },
    "spectral_rolloff": {
        "dmean": 496.830505371,
        "dmean2": 769.109436035,
        "dvar": 295043.375,
        "dvar2": 603253.125,
        "max": 5684.765625,
        "mean": 2049.19750977,
        "median": 2325.5859375,
        "min": 86.1328125,
        "var": 908658.3125
    },
    "spectral_skewness": {
        "dmean": 0.187487199903,
        "dmean2": 0.298603564501,
        "dvar": 0.0237720590085,
        "dvar2": 0.0564971975982,
        "max": 2.1484413147,
        "mean": 1.3176869154,
        "median": 1.31546092033,
        "min": 0.34512346983,
        "var": 0.086913228035
    },
    "spectral_spread": {
        "dmean": 543748.875,
        "dmean2": 792935.375,
        "dvar": 470663135232,
        "dvar2": 710337953792,
        "max": 21045780,
        "mean": 4253461.5,
        "median": 4173458.75,
        "min": 2473210.5,
        "var": 1.01267741082e+12
    },
    "spectral_strongpeak": {
        "dmean": 0.502222001553,
        "dmean2": 0.904880642891,
        "dvar": 0.930479168892,
        "dvar2": 2.5585167408,
        "max": 9.34740638733,
        "mean": 0.826783955097,
        "median": 0.647786140442,
        "min": 0.0482290051877,
        "var": 0.802831053734
    },
    "zerocrossingrate": {
        "dmean": 0.00969495251775,
        "dmean2": 0.0112993046641,
        "dvar": 7.07080835127e-05,
        "dvar2": 9.65943036135e-05,
        "max": 0.1533203125,
        "mean": 0.0746164023876,
        "median": 0.0732421875,
        "min": 0.0224609375,
        "var": 0.000472742744023
    },
    "barkbands": {
        "dmean": [1.65456858667e-05, 0.00514741521329, 0.00175469194073, 0.00268433731981, 0.00276133115403, 0.000705227022991, 0.000367378583178, 0.00062008324312, 0.000395205774112, 0.00113429222256, 0.000481937458972, 0.000752495485358, 0.000362588645658, 0.00043662081589, 0.000473768799566, 0.00039009944885, 0.00137392559554, 0.000393766356865, 0.0003781420819, 0.000202356270165, 0.000225016236072, 9.47352746152e-05, 6.83933394612e-05, 6.67124259053e-05, 8.34763850435e-05, 6.65397965349e-05, 5.17114928655e-09],
        "dmean2": [2.71140124823e-05, 0.00571184745058, 0.00284541212022, 0.00402256846428, 0.00427630590275, 0.00112223636825, 0.00059170613531, 0.000971819506958, 0.000619706697762, 0.00164822896477, 0.000749742030166, 0.00113020779099, 0.000599830585998, 0.00073038606206, 0.000811208679806, 0.000635572010651, 0.00241177598946, 0.000699102762155, 0.000595800578594, 0.00033701400389, 0.00036009165342, 0.000144179677591, 9.97631796054e-05, 9.81454213616e-05, 0.000130334752612, 0.000101044002804, 6.36099395379e-09],
        "dvar": [1.67707481236e-09, 8.62520901137e-05, 1.09792708827e-05, 9.38443463383e-06, 9.33285809879e-06, 1.17180036341e-06, 3.51003222931e-07, 1.32919353746e-06, 3.35162155807e-07, 2.10680468626e-06, 3.22917657058e-07, 1.10382006824e-06, 1.93803842308e-07, 3.15068376722e-07, 2.00791490101e-07, 2.0492595354e-07, 2.32483944274e-06, 1.55299048288e-07, 1.63970497624e-07, 4.60913724964e-08, 7.07458838178e-08, 2.05984154178e-08, 8.59703419565e-09, 7.71028929591e-09, 1.03250972217e-08, 6.95017288166e-09, 1.83851211707e-14],
        "dvar2": [3.00322433588e-09, 0.000129910244141, 2.84985399048e-05, 2.2341919248e-05, 2.30316982197e-05, 2.83160920844e-06, 8.72952853115e-07, 3.48530079464e-06, 7.02448176071e-07, 4.45646128355e-06, 7.79897902703e-07, 2.61355762632e-06, 5.32092883532e-07, 8.59683439103e-07, 5.65650907447e-07, 5.02043860706e-07, 6.92650928613e-06, 4.74788976135e-07, 4.1660291572e-07, 1.12568038446e-07, 1.72167830215e-07, 4.25676844884e-08, 1.64315228091e-08, 1.52358801131e-08, 2.37844215434e-08, 1.55543293801e-08, 1.84157820693e-14],
        "max": [0.00110023713205, 0.0779283419251, 0.0305623300374, 0.035894215107, 0.0351484939456, 0.0103624556214, 0.00827783532441, 0.0132553046569, 0.0100024249405, 0.0168325528502, 0.0075088092126, 0.0220926627517, 0.00538319908082, 0.0083495862782, 0.00416981987655, 0.00457959901541, 0.0147784762084, 0.0035205821041, 0.00504389032722, 0.00293783401139, 0.00330169009976, 0.00434297975153, 0.00167363369837, 0.00101735698991, 0.00110856769606, 0.00103714712895, 4.87745501232e-06],
        "mean": [1.72023883351e-05, 0.00729285506532, 0.00298093818128, 0.00555805582553, 0.00728477211669, 0.00118168839253, 0.000515273597557, 0.000839703599922, 0.0007085185498, 0.00174109032378, 0.000987870036624, 0.00121224520262, 0.000674213108141, 0.000732697022613, 0.00083765637828, 0.000759351532906, 0.00240944721736, 0.00077977811452, 0.00100498110987, 0.000504599360283, 0.00059928529663, 0.000247057178058, 0.000148412931594, 0.000124980215332, 0.000131083157612, 9.46963700699e-05, 4.87418683193e-09],
        "median": [2.72687589131e-06, 0.00015411178174, 0.00159236893523, 0.00372680672444, 0.00628182664514, 0.000891002186108, 0.000298563216347, 0.000311007897835, 0.000487094017444, 0.00109377049375, 0.000752755207941, 0.000794253079221, 0.000497849832755, 0.000466179102659, 0.000703735626303, 0.000536956358701, 0.00186426122673, 0.000668047054205, 0.000757711473852, 0.000416481110733, 0.000455078697996, 0.000152005202835, 9.42760452745e-05, 7.37336304155e-05, 8.96704441402e-05, 5.9890357079e-05, 4.71125971568e-10],
        "min": [7.10017644678e-09, 5.05495449943e-07, 1.18821299111e-06, 5.84000335948e-05, 0.000454599037766, 2.11236601899e-05, 2.07988796319e-06, 7.93683466327e-06, 1.61107000167e-05, 2.051647607e-05, 5.53458557988e-05, 3.28995811287e-05, 3.74223964172e-05, 3.67367538274e-05, 5.70370393689e-05, 4.1025581595e-05, 0.00011399063078, 8.8053617219e-05, 9.30627866182e-05, 2.94300079986e-05, 4.24286663474e-05, 1.66569807334e-05, 6.13138217886e-06, 2.6504253583e-06, 5.9561782173e-09, 2.41019398883e-10, 2.38043716683e-11],
        "var": [1.81123527287e-09, 0.000211744991248, 1.76169814949e-05, 2.9553537388e-05, 2.2286123567e-05, 1.39869905524e-06, 4.88936905185e-07, 2.01137049771e-06, 7.46999717194e-07, 3.98437896365e-06, 7.31653926778e-07, 1.9137758045e-06, 3.82250931352e-07, 6.10691472502e-07, 2.84470871748e-07, 4.54072107914e-07, 3.91242156184e-06, 2.45170753033e-07, 6.05563911904e-07, 1.16552378415e-07, 2.27742404491e-07, 8.12494249658e-08, 2.7059753549e-08, 1.91335853827e-08, 1.88830693304e-08, 1.11701323746e-08, 1.83789920403e-14]
    },
    "erbbands": {
        "dmean": [0.0991152971983, 1.30597949028, 1.76503884792, 5.02092790604, 11.7597608566, 9.43011188507, 7.67814159393, 6.41660881042, 3.96365809441, 14.0203323364, 7.7990694046, 10.8865060806, 43.5275840759, 8.58134555817, 17.5268001556, 38.2911109924, 17.063495636, 21.2688350677, 12.9352970123, 40.5057296753, 47.8628387451, 40.0565567017, 22.524471283, 24.1632652283, 9.80694961548, 8.508436203, 10.4239721298, 6.68646907806, 3.62983489037, 3.0988445282, 1.66592395306, 1.41283833981, 1.06440329552, 0.700020492077, 0.75934356451, 0.40129211545, 0.119624584913, 0.00937427859753, 0.000172757005203, 1.40305255627e-05],
        "dmean2": [0.117264062166, 1.44002759457, 2.77432966232, 7.74414348602, 18.0124969482, 14.417257309, 11.7862958908, 10.3466033936, 6.41061973572, 22.4269924164, 12.3086557388, 16.8584194183, 63.2381515503, 13.5096387863, 26.8413658142, 57.3108558655, 27.9553604126, 35.3737792969, 21.1851291656, 67.4824371338, 84.0038986206, 69.8572158813, 40.3290519714, 39.0876579285, 15.5343608856, 14.1257219315, 16.4324398041, 10.6475076675, 5.6275434494, 4.67333221436, 2.3320710659, 2.07302570343, 1.60647046566, 1.08385622501, 1.19766771793, 0.616153359413, 0.186322778463, 0.0151128321886, 0.000271290715318, 2.08881592698e-05],
        "dvar": [0.0350717641413, 5.45992565155, 9.95419406891, 32.2914276123, 190.702163696, 129.429946899, 75.8165664673, 84.2813110352, 26.5267295837, 647.129821777, 435.902435303, 225.362426758, 3271.75415039, 87.0569763184, 427.598815918, 2815.91381836, 406.419250488, 767.983276367, 189.082748413, 1949.12866211, 3083.02807617, 1728.4239502, 546.262573242, 780.570922852, 108.273918152, 83.2536621094, 151.216079712, 56.3458404541, 34.0667457581, 23.4544773102, 5.50711011887, 3.63390207291, 2.04450535774, 0.790962636471, 0.807875871658, 0.241021543741, 0.0234223455191, 0.000171443796717, 5.51688792427e-08, 2.04428418638e-10],
        "dvar2": [0.0513947270811, 8.18354892731, 23.7732219696, 81.0833282471, 464.065704346, 326.7159729, 190.100860596, 209.236495972, 72.6312942505, 1695.43652344, 1121.55639648, 505.954528809, 6972.3515625, 200.528106689, 1018.48168945, 6621.53271484, 1126.28308105, 2125.76489258, 502.955993652, 5149.80810547, 8874.33691406, 5136.96484375, 1668.81762695, 1963.07568359, 243.017745972, 219.990249634, 383.412719727, 135.240432739, 75.2985153198, 53.3277816772, 10.0761404037, 7.36389636993, 4.15022659302, 1.79799258709, 1.91512811184, 0.520231127739, 0.0546826608479, 0.000426954909926, 1.34160600851e-07, 4.4915221542e-10],
        "max": [1.49192154408, 19.9381103516, 28.4771633148, 51.8047561646, 124.063949585, 139.760635376, 119.390472412, 87.3353500366, 53.3819160461, 291.262115479, 321.2706604, 248.952819824, 661.922363281, 118.644180298, 256.632171631, 1101.90686035, 265.441802979, 402.333557129, 155.044906616, 397.489318848, 533.272949219, 448.302490234, 237.868087769, 315.543609619, 279.279388428, 121.710899353, 206.066513062, 93.2960739136, 167.583511353, 128.844390869, 42.7050590515, 24.8581600189, 13.6309566498, 9.95921134949, 10.3465633392, 5.96517276764, 1.86473155022, 0.138614803553, 0.00263808015734, 0.00018125079805],
        "mean": [0.1524605304, 1.84565329552, 3.07705307007, 11.0425872803, 23.7294158936, 22.4758987427, 17.5345344543, 11.4075298309, 7.61237955093, 18.5616912842, 12.5063819885, 20.2801437378, 66.9469528198, 19.3119163513, 39.8306922913, 63.6575737, 35.862285614, 37.0943527222, 28.4665031433, 71.9828338623, 89.7035980225, 80.7304840088, 48.2813720703, 59.3771438599, 27.9262256622, 21.8300170898, 27.1487751007, 19.0464229584, 9.67042827606, 6.96311330795, 3.58418035507, 2.72691321373, 1.82169353962, 1.01078510284, 1.13105165958, 0.579110205173, 0.164518639445, 0.0111124236137, 0.000245761941187, 6.12545627519e-05],
        "median": [0.00338508584537, 0.0896095857024, 1.71813893318, 9.14472389221, 17.2827911377, 17.2859916687, 13.1756153107, 8.79598045349, 5.25671768188, 6.30422782898, 5.5822429657, 14.8879499435, 41.7841148376, 15.7218904495, 31.8632068634, 42.2323493958, 27.2975635529, 24.2256145477, 23.9856796265, 53.4967155457, 69.701385498, 66.7685241699, 41.1380081177, 42.105052948, 23.5379924774, 17.815990448, 20.8809394836, 14.5102720261, 6.03940820694, 4.65878534317, 2.14872050285, 1.59380471706, 1.05440247059, 0.561774373055, 0.777555882931, 0.362741917372, 0.105703704059, 0.00628378940746, 0.000155508736498, 5.55996011826e-05],
        "min": [0.000100815537735, 0.0012190452544, 0.0144226616248, 0.151207268238, 0.726622521877, 1.21798944473, 0.451285928488, 0.307233452797, 0.11928884685, 0.173083797097, 0.403129637241, 0.802080929279, 0.699938356876, 1.57852232456, 2.64210247993, 3.53107523918, 2.16056203842, 2.56777667999, 5.16456127167, 3.40928125381, 5.87523269653, 5.71714401245, 5.34524583817, 5.9359459877, 3.06854391098, 1.86466813087, 1.16487038136, 1.18158137798, 0.691578149796, 0.340581446886, 0.132080748677, 0.0646436959505, 0.0377938896418, 0.00409258995205, 0.00238463957794, 0.000407632876886, 3.68553337466e-05, 1.22941528389e-05, 1.60874569701e-05, 2.54867572949e-05],
        "var": [0.0883024558425, 13.3174180984, 15.664481163, 67.8227462769, 451.999420166, 331.460357666, 208.33203125, 106.530235291, 51.0847892761, 923.114685059, 664.491882324, 494.006439209, 6052.82080078, 177.532958984, 974.700866699, 4782.03808594, 859.033569336, 1546.0402832, 313.637115479, 3506.54882812, 5208.02783203, 3205.58300781, 927.923461914, 2362.63354492, 375.27154541, 215.557403564, 441.205200195, 219.774093628, 116.741615295, 66.9603424072, 16.9353561401, 9.56844997406, 4.40803718567, 1.57124340534, 1.32773721218, 0.409447103739, 0.0348180755973, 0.00020071430481, 7.13899055427e-08, 4.97605512351e-10]
    },
    "gfcc": {
        "mean": [61.5810432434, 70.1613769531, -133.167816162, 36.9644088745, -50.7849617004, 9.23996829987, -46.2231483459, 4.09867858887, -44.4114646912, -5.4662399292, -34.697052002, 3.61650824547, -13.5805749893],
        "cov": [[406.10748291, -214.480316162, 325.213317871, 75.2186737061, -6.01641464233, 137.734085083, -2.24701952934, 135.448745728, 71.8069229126, 109.950950623, 39.6634788513, 57.254322052, -24.7403831482], [-214.480316162, 432.585876465, -143.320465088, 14.5142326355, 61.6261444092, -65.5012130737, 62.8143196106, -31.0421104431, 63.1605300903, -28.794095993, 37.6526107788, -54.4476890564, 27.6558456421], [325.213317871, -143.320465088, 612.30657959, 170.687591553, 160.94342041, 268.651641846, 72.6408691406, 200.888290405, 106.508804321, 175.699920654, 74.6343307495, 123.469512939, 17.219373703], [75.2186737061, 14.5142326355, 170.687591553, 277.155548096, 115.714019775, 118.613235474, 116.397712708, 66.4702835083, 93.9938964844, 69.4914932251, 68.0883865356, 57.4208908081, 62.2281341553], [-6.01641464233, 61.6261444092, 160.94342041, 115.714019775, 214.977767944, 104.394760132, 83.5217514038, 86.9492950439, 49.0005607605, 39.8400840759, 22.42927742, 76.1669311523, 59.4364585876], [137.734085083, -65.5012130737, 268.651641846, 118.613235474, 104.394760132, 198.019989014, 81.3916397095, 108.761100769, 71.4928131104, 91.1853561401, 52.1995620728, 62.8632316589, 33.1687545776], [-2.24701952934, 62.8143196106, 72.6408691406, 116.397712708, 83.5217514038, 81.3916397095, 159.09727478, 60.6892127991, 57.6135902405, 59.9020767212, 37.3244628906, 32.5933990479, 28.9149475098], [135.448745728, -31.0421104431, 200.888290405, 66.4702835083, 86.9492950439, 108.761100769, 60.6892127991, 161.037811279, 85.5305328369, 69.7938232422, 33.1207046509, 57.1227340698, 24.569437027], [71.8069229126, 63.1605300903, 106.508804321, 93.9938964844, 49.0005607605, 71.4928131104, 57.6135902405, 85.5305328369, 134.863510132, 70.4163742065, 52.3167648315, 21.6619606018, 14.6630516052], [109.950950623, -28.794095993, 175.699920654, 69.4914932251, 39.8400840759, 91.1853561401, 59.9020767212, 69.7938232422, 70.4163742065, 135.369125366, 60.8463630676, 34.7836112976, -9.33823013306], [39.6634788513, 37.6526107788, 74.6343307495, 68.0883865356, 22.42927742, 52.1995620728, 37.3244628906, 33.1207046509, 52.3167648315, 60.8463630676, 74.6645126343, 24.0541095734, 5.88051366806], [57.254322052, -54.4476890564, 123.469512939, 57.4208908081, 76.1669311523, 62.8632316589, 32.5933990479, 57.1227340698, 21.6619606018, 34.7836112976, 24.0541095734, 89.226272583, 42.1906089783], [-24.7403831482, 27.6558456421, 17.219373703, 62.2281341553, 59.4364585876, 33.1687545776, 28.9149475098, 24.569437027, 14.6630516052, -9.33823013306, 5.88051366806, 42.1906089783, 87.120300293]],
        "icov": [[0.00796245504171, 0.00175273336936, -0.00244977138937, -0.0018409906188, 0.00375684304163, -0.000531892699655, 0.00215378543362, -0.00420638732612, -0.00105904578231, -0.000821418710984, 0.000608554109931, -0.00099177507218, 0.00214427383617], [0.00175273336936, 0.00903680268675, -0.00321714370511, 0.00463355053216, -0.00600142544135, 0.00749073037878, -0.00540917878971, 0.00335678597912, -0.0069368686527, 0.00501930527389, -0.0110274506733, 0.0109863393009, -0.00582420267165], [-0.00244977138937, -0.00321714370511, 0.00906944554299, -0.00351105444133, 0.000279899337329, -0.0087876142934, 0.00527665251866, -0.00383258447982, 0.00415827240795, -0.00583544047549, 0.00585989095271, -0.00696613965556, 0.00517778145149], [-0.0018409906188, 0.00463355053216, -0.00351105444133, 0.0122363884002, -0.00603834399953, 0.00481449766085, -0.00812820252031, 0.00722130900249, -0.00734838843346, 0.00523120444268, -0.0106167495251, 0.0076171127148, -0.00826684292406], [0.00375684304163, -0.00600142544135, 0.000279899337329, -0.00603834399953, 0.016396028921, -0.00733728799969, 0.00327659281902, -0.00654708081856, 0.00452526565641, -0.00321896746755, 0.0111070238054, -0.013198165223, 0.00413138791919], [-0.000531892699655, 0.00749073037878, -0.0087876142934, 0.00481449766085, -0.00733728799969, 0.0242565087974, -0.00939474720508, 0.00284362281673, -0.00575626082718, 0.00453765038401, -0.0133924987167, 0.0126948393881, -0.00993276387453], [0.00215378543362, -0.00540917878971, 0.00527665251866, -0.00812820252031, 0.00327659281902, -0.00939474720508, 0.0175370834768, -0.00714256847277, 0.00532999355346, -0.00871370080858, 0.00917264260352, -0.00799512397498, 0.00604848563671], [-0.00420638732612, 0.00335678597912, -0.00383258447982, 0.00722130900249, -0.00654708081856, 0.00284362281673, -0.00714256847277, 0.0215319357812, -0.0115300482139, 0.00415238365531, -0.00395451486111, 0.00273082056083, -0.00564827909693], [-0.00105904578231, -0.0069368686527, 0.00415827240795, -0.00734838843346, 0.00452526565641, -0.00575626082718, 0.00532999355346, -0.0115300482139, 0.0226123183966, -0.00811011437327, 0.00349515117705, -0.00411078473553, 0.00399486115202], [-0.000821418710984, 0.00501930527389, -0.00583544047549, 0.00523120444268, -0.00321896746755, 0.00453765038401, -0.00871370080858, 0.00415238365531, -0.00811011437327, 0.0237083137035, -0.0161013994366, 0.00535681983456, 0.000178594287718], [0.000608554109931, -0.0110274506733, 0.00585989095271, -0.0106167495251, 0.0111070238054, -0.0133924987167, 0.00917264260352, -0.00395451486111, 0.00349515117705, -0.0161013994366, 0.0419530421495, -0.0199740026146, 0.0102177336812], [-0.00099177507218, 0.0109863393009, -0.00696613965556, 0.0076171127148, -0.013198165223, 0.0126948393881, -0.00799512397498, 0.00273082056083, -0.00411078473553, 0.00535681983456, -0.0199740026146, 0.0397915542126, -0.0184346046299], [0.00214427383617, -0.00582420267165, 0.00517778145149, -0.00826684292406, 0.00413138791919, -0.00993276387453, 0.00604848563671, -0.00564827909693, 0.00399486115202, 0.000178594287718, 0.0102177336812, -0.0184346046299, 0.0269507076591]]
    },
    "melbands": {
        "dmean": [0.00126457714941, 0.00111968256533, 0.00110632507131, 0.00061913166428, 0.000346992688719, 0.000140919073601, 6.01267784077e-05, 0.000157705930178, 6.03769913141e-05, 6.78096403135e-05, 0.000215911437408, 2.95950649161e-05, 7.12555993232e-05, 8.05773233878e-05, 6.21753497398e-05, 3.13976161124e-05, 4.70473205496e-05, 2.2948743208e-05, 3.63637263945e-05, 4.35398033005e-05, 8.34331003716e-05, 6.31226939731e-05, 2.48898086284e-05, 1.50692876559e-05, 2.33012087847e-05, 8.82420863491e-06, 6.9426509981e-06, 5.95514848101e-06, 6.95941616868e-06, 8.88484828465e-06, 3.50789991899e-06, 2.35671905102e-06, 2.02636260838e-06, 1.87888315395e-06, 1.12977613753e-06, 7.10690414962e-07, 1.04848254523e-06, 9.39722497151e-07, 5.70128918298e-07, 6.27502117823e-07],
        "dmean2": [0.00142608443275, 0.00144726550207, 0.0016534839524, 0.000964534061495, 0.000521730689798, 0.000226406700676, 9.61638797889e-05, 0.000249945936957, 9.54181159614e-05, 0.000104504229967, 0.000313795957481, 4.78601978102e-05, 0.000109817832708, 0.000119808755699, 9.93674038909e-05, 5.1985916798e-05, 7.87173266872e-05, 3.80766505259e-05, 6.15447934251e-05, 7.17715374776e-05, 0.000146856938954, 0.000111192646727, 4.45542209491e-05, 2.56360417552e-05, 3.79520643037e-05, 1.36985472636e-05, 1.16338151201e-05, 9.78366733762e-06, 1.13821561172e-05, 1.44482237374e-05, 5.67381857763e-06, 3.75341642211e-06, 3.18201978189e-06, 2.94075357488e-06, 1.65118672157e-06, 1.06554227841e-06, 1.58867260325e-06, 1.42944702475e-06, 8.99274652966e-07, 9.92385025711e-07],
        "dvar": [5.39138818567e-06, 3.23085237142e-06, 1.43897432281e-06, 5.99223312747e-07, 1.51316598362e-07, 4.05530329317e-08, 5.96526961161e-09, 7.86171980849e-08, 2.80249761175e-08, 7.9358954963e-09, 8.00867212547e-08, 1.15099674236e-09, 7.3574515369e-09, 1.22022214555e-08, 5.90947291101e-09, 1.93373184132e-09, 3.97248056672e-09, 6.97421176366e-10, 1.26990906679e-09, 2.22566809427e-09, 9.40195654664e-09, 4.68267469245e-09, 6.9067268571e-10, 2.66157984541e-10, 7.61707807939e-10, 9.58260137907e-11, 5.70290620283e-11, 4.20892244668e-11, 7.28887436519e-11, 1.31384250701e-10, 1.78943457274e-11, 1.57331422196e-11, 1.18993183362e-11, 7.78458027206e-12, 2.29751742804e-12, 1.37708290951e-12, 1.99030050253e-12, 1.594867142e-12, 6.02536412691e-13, 6.17638915273e-13],
        "dvar2": [8.02469912742e-06, 5.30416036781e-06, 3.51385369868e-06, 1.54668293817e-06, 3.5570897694e-07, 9.92854438664e-08, 1.56394222017e-08, 2.0772833409e-07, 7.18542167988e-08, 1.79079400198e-08, 1.70241548858e-07, 2.73532796413e-09, 1.78789036909e-08, 2.88097012913e-08, 1.43024712074e-08, 5.38246291981e-09, 1.09447055863e-08, 1.85288151489e-09, 3.3648757114e-09, 5.72270009158e-09, 2.76119376252e-08, 1.40067548671e-08, 2.09986072974e-09, 7.36211147601e-10, 1.89183624322e-09, 2.06391723157e-10, 1.41703218604e-10, 1.13263627644e-10, 1.88164137049e-10, 3.17718740206e-10, 4.44909144248e-11, 3.74285116789e-11, 3.03270082658e-11, 1.83955056049e-11, 4.45109183886e-12, 2.95476208605e-12, 4.43808488224e-12, 3.36505389525e-12, 1.42426543649e-12, 1.39223333383e-12],
        "max": [0.0192352868617, 0.0176375750452, 0.0128149790689, 0.00880842469633, 0.00614598533139, 0.0019042333588, 0.000706181395799, 0.00303656305186, 0.00293438322842, 0.00167267781217, 0.00328283687122, 0.000518948712852, 0.00114678696264, 0.00219208560884, 0.00150997727178, 0.000615994504187, 0.000916397781111, 0.000291005591862, 0.000293437798973, 0.000448092381703, 0.000904766900931, 0.00071802578168, 0.000239330722252, 0.000142882970977, 0.000309371622279, 0.000168241618667, 0.000165950579685, 7.02479592292e-05, 0.000120815857372, 0.000152858003275, 5.92298783886e-05, 0.000116710012662, 9.26160064409e-05, 6.48413188173e-05, 2.48442338489e-05, 1.55445432029e-05, 1.63280164998e-05, 1.3446050616e-05, 8.07656488178e-06, 9.59423960012e-06],
        "mean": [0.00183611840475, 0.00200571515597, 0.00254048523493, 0.00152954785153, 0.000837636180222, 0.000244241731707, 0.000111493427539, 0.000209727862966, 0.000100788864074, 0.000126118407934, 0.000329140806571, 6.1625323724e-05, 0.00014504462888, 0.000137181123137, 0.000116244213132, 6.0107329773e-05, 7.47729718569e-05, 4.44914294349e-05, 6.99048978277e-05, 7.67711317167e-05, 0.000141420634463, 0.000112366818939, 4.74994340038e-05, 3.31450537487e-05, 5.36925363122e-05, 2.22638009291e-05, 1.58385992108e-05, 1.3880696315e-05, 1.58143502631e-05, 1.92223033082e-05, 8.30334556667e-06, 5.42234056411e-06, 4.44733586846e-06, 3.76146635972e-06, 2.24151062866e-06, 1.29269710669e-06, 1.86671820757e-06, 1.53154678628e-06, 7.62783372465e-07, 8.37530421904e-07],
        "median": [3.29526701535e-05, 0.000766132376157, 0.00201425515115, 0.0012684649555, 0.000617746089119, 0.00018933188403, 7.79055553721e-05, 7.16181166354e-05, 4.94575142511e-05, 9.31205868255e-05, 0.000205975869903, 4.92957115057e-05, 0.000108148306026, 9.30248643272e-05, 8.98717335076e-05, 4.08134692407e-05, 4.52797103208e-05, 3.50237205566e-05, 5.74726218474e-05, 5.66543531022e-05, 0.000107579879113, 8.92844545888e-05, 3.9340564399e-05, 2.76869395748e-05, 3.67716565961e-05, 1.72079180629e-05, 1.31308297568e-05, 1.09665888886e-05, 1.22245064631e-05, 1.37572806125e-05, 5.70963220525e-06, 3.2493164781e-06, 2.80134827335e-06, 2.52067616202e-06, 1.34647382311e-06, 6.41932558665e-07, 1.1285283108e-06, 8.94504239568e-07, 3.40659653375e-07, 4.64660928401e-07],
        "min": [2.70989062301e-07, 1.56226235504e-06, 3.7701040128e-05, 6.21919170953e-05, 1.18620728244e-05, 3.5757632304e-06, 1.25953010865e-06, 1.61150023814e-06, 1.97659983314e-06, 3.81152517548e-06, 2.3885409064e-06, 4.11192286265e-06, 6.3220040829e-06, 5.80783216719e-06, 6.17882778897e-06, 3.14122962664e-06, 3.29386011799e-06, 5.72587805436e-06, 4.25959251515e-06, 3.74096703126e-06, 5.77362470722e-06, 5.70841666558e-06, 3.69714211956e-06, 3.06097604152e-06, 4.39114683104e-06, 1.96122960006e-06, 1.43167824262e-06, 9.06585739813e-07, 4.90547506615e-07, 1.02486808373e-06, 3.00307135603e-07, 3.53382517915e-07, 2.26092168987e-07, 1.8173891192e-07, 7.20096693385e-08, 1.98556140418e-08, 3.70850585796e-08, 3.02222673554e-08, 5.02463565547e-12, 3.80356857121e-12],
