{
"highlevel": {
    "danceability": {
        "all": {
            "danceable": 0.173815980554,
            "not_danceable": 0.826184034348
        },
        "probability": 0.826184034348,
        "value": "not_danceable"
    },
    "gender": {
        "all": {
            "female": 0.765654683113,
            "male": 0.234345301986
        },
        "probability": 0.765654683113,
        "value": "female"
    },
    "genre_dortmund": {
        "all": {
            "alternative": 0.246724262834,
            "blues": 0.0176985226572,
            "electronic": 0.493807852268,
            "folkcountry": 0.0445895157754,
            "funksoulrnb": 0.00151305319741,
            "jazz": 0.00936210062355,
            "pop": 0.0123858209699,
            "raphiphop": 0.0011716040317,
            "rock": 0.172747269273
        },
        "probability": 0.493807852268,
        "value": "electronic"
    },
    "genre_electronic": {
        "all": {
            "ambient": 0.914279282093,
            "dnb": 0.0271728150547,
            "house": 0.0090954946354,
            "techno": 0.00340288388543,
            "trance": 0.0460495389998
        },
        "probability": 0.914279282093,
        "value": "ambient"
    },
    "genre_rosamerica": {
        "all": {
            "cla": 0.439908206463,
            "dan": 0.0155491027981,
            "hip": 0.016092127189,
            "jaz": 0.0311035849154,
            "pop": 0.134569421411,
            "rhy": 0.217224016786,
            "roc": 0.114705994725,
            "spe": 0.0308475345373
        },
        "probability": 0.439908206463,
        "value": "cla"
    },
    "genre_tzanetakis": {
        "all": {
            "blu": 0.0437902510166,
            "cla": 0.0140303475782,
            "cou": 0.0152689414099,
            "dis": 0.00837507937104,
            "hip": 0.00633867597207,
            "jaz": 0.886037409306,
            "met": 0.00286167976446,
            "pop": 0.00493208039552,
            "reg": 0.0107238879427,
            "roc": 0.00764167262241
        },
        "probability": 0.886037409306,
        "value": "jaz"
    },
    "ismir04_rhythm": {
        "all": {
            "ChaChaCha": 0.00884519424289,
            "Jive": 0.00515181291848,
            "Quickstep": 0.00580405350775,
            "Rumba-American": 0.0047717182897,
            "Rumba-International": 0.00775591190904,
            "Rumba-Misc": 0.00470690382645,
            "Samba": 0.00383972842246,
            "Tango": 0.0625541880727,
            "VienneseWaltz": 0.702823221684,
            "Waltz": 0.193747296929
        },
        "probability": 0.702823221684,
        "value": "VienneseWaltz"
    },
    "mood_acoustic": {
        "all": {
            "acoustic": 0.0790225788951,
            "not_acoustic": 0.920977413654
        },
        "probability": 0.920977413654,
        "value": "not_acoustic"
    },
    "mood_aggressive": {
        "all": {
            "aggressive": 0.0114429220557,
            "not_aggressive": 0.988557100296
        },
        "probability": 0.988557100296,
        "value": "not_aggressive"
    },
    "mood_electronic": {
        "all": {
            "electronic": 0.824819982052,
            "not_electronic": 0.175179988146
        },
        "probability": 0.824819982052,
        "value": "electronic"
    },
    "mood_happy": {
        "all": {
            "happy": 0.423048973083,
            "not_happy": 0.576951026917
        },
        "probability": 0.576951026917,
        "value": "not_happy"
    },
    "mood_party": {
        "all": {
            "not_party": 0.987603127956,
            "party": 0.0123968999833
        },
        "probability": 0.987603127956,
        "value": "not_party"
    },
    "mood_relaxed": {
        "all": {
            "not_relaxed": 0.0159704070538,
            "relaxed": 0.984029591084
        },
        "probability": 0.984029591084,
        "value": "relaxed"
    },
    "mood_sad": {
        "all": {
            "not_sad": 0.690071761608,
            "sad": 0.309928238392
        },
        "probability": 0.690071761608,
        "value": "not_sad"
    },
    "moods_mirex": {
        "all": {
            "Cluster1": 0.128889352083,
            "Cluster2": 0.149225905538,
            "Cluster3": 0.289169967175,
            "Cluster4": 0.147541493177,
            "Cluster5": 0.285173267126
        },
        "probability": 0.289169967175,
        "value": "Cluster3"
    },
    "timbre": {
        "all": {
            "bright": 0.0256989002228,
            "dark": 0.974301099777
        },
        "probability": 0.974301099777,
        "value": "dark"
    },
    "tonal_atonal": {
        "all": {
            "atonal": 0.37889534235,
            "tonal": 0.62110465765
        },
        "probability": 0.62110465765,
        "value": "tonal"
    },
    "voice_instrumental": {
        "all": {
            "instrumental": 0.398099988699,
            "voice": 0.601900041103
        },
        "probability": 0.601900041103,
        "value": "voice"
    }
},
"lowlevel": {
    "average_loudness": 0.90088737011,
    "barkbands_crest": {
        "dmean": 1.57051718235,
        "dmean2": 2.42361545563,
        "dvar": 1.54634404182,
        "dvar2": 3.88022661209,
        "max": 21.1500587463,
        "mean": 11.131108284,
        "median": 11.0792980194,
        "min": 4.84615182877,
        "var": 8.00406360626
    },
    "barkbands_flatness_db": {
        "dmean": 0.0136630479246,
        "dmean2": 0.0219756215811,
        "dvar": 0.000121808974654,
        "dvar2": 0.000306780624669,
        "max": 0.374489814043,
        "mean": 0.25026640296,
        "median": 0.245839074254,
        "min": 0.163339957595,
        "var": 0.00104802462738
    },
    "barkbands_kurtosis": {
        "dmean": 0.681613028049,
        "dmean2": 1.08425998688,
        "dvar": 0.382274389267,
        "dvar2": 0.948916733265,
        "max": 5.31412220001,
        "mean": 0.430839180946,
        "median": 0.286819458008,
        "min": -1.65063607693,
        "var": 1.05165040493
    },
    "barkbands_skewness": {
        "dmean": 0.232240349054,
        "dmean2": 0.361791819334,
        "dvar": 0.0366778634489,
        "dvar2": 0.0891633108258,
        "max": 2.56462740898,
        "mean": 0.923401296139,
        "median": 0.97182404995,
        "min": -0.905809700489,
        "var": 0.232729032636
    },
    "barkbands_spread": {
        "dmean": 2.129758358,
        "dmean2": 3.33039474487,
        "dvar": 3.04494190216,
        "dvar2": 7.65806102753,
        "max": 29.7317447662,
        "mean": 15.463561058,
        "median": 15.5695352554,
        "min": 3.67782664299,
        "var": 20.8931446075
    },
    "dissonance": {
        "dmean": 0.028118621558,
        "dmean2": 0.047935243696,
        "dvar": 0.000636969925836,
        "dvar2": 0.00178276433144,
        "max": 0.499911785126,
        "mean": 0.436123043299,
        "median": 0.447641164064,
        "min": 0.251516640186,
        "var": 0.00208488479257
    },
    "dynamic_complexity": 2.0475666523,
    "erbbands_crest": {
        "dmean": 2.55658626556,
        "dmean2": 4.13053846359,
        "dvar": 4.84669971466,
        "dvar2": 12.0448246002,
        "max": 26.6239624023,
        "mean": 10.3473043442,
        "median": 9.29586410522,
        "min": 3.66858482361,
        "var": 17.5787239075
    },
    "erbbands_flatness_db": {
        "dmean": 0.011952124536,
        "dmean2": 0.0186831057072,
        "dvar": 0.000106808096461,
        "dvar2": 0.000237688669586,
        "max": 0.397096276283,
        "mean": 0.278557479382,
        "median": 0.278458446264,
        "min": 0.203829616308,
        "var": 0.00102001463529
    },
    "erbbands_kurtosis": {
        "dmean": 0.664124548435,
        "dmean2": 1.06875455379,
        "dvar": 0.838596284389,
        "dvar2": 2.12980890274,
        "max": 16.5148620605,
        "mean": 0.0165539290756,
        "median": -0.443288564682,
        "min": -1.6015444994,
        "var": 2.73756742477
    },
    "erbbands_skewness": {
        "dmean": 0.301576405764,
        "dmean2": 0.463894933462,
        "dvar": 0.065766274929,
        "dvar2": 0.149841487408,
        "max": 3.3225839138,
        "mean": -4.16939801653e-05,
        "median": -0.0237658303231,
        "min": -1.84909379482,
        "var": 0.470677912235
    },
    "erbbands_spread": {
        "dmean": 2.78471446037,
        "dmean2": 4.33822965622,
        "dvar": 5.14740610123,
        "dvar2": 12.7502193451,
        "max": 33.3555603027,
        "mean": 18.8327980042,
        "median": 19.1452312469,
        "min": 3.99179887772,
        "var": 28.2574234009
    },
    "hfc": {
        "dmean": 2.90597653389,
        "dmean2": 4.53334665298,
        "dvar": 10.1997890472,
        "dvar2": 22.1798839569,
        "max": 84.5216217041,
        "mean": 16.9779529572,
        "median": 15.3760938644,
        "min": 2.30081987381,
        "var": 90.9374389648
    },
    "melbands_crest": {
        "dmean": 2.1674861908,
        "dmean2": 3.48858642578,
        "dvar": 2.82987952232,
        "dvar2": 7.70358848572,
        "max": 31.6905517578,
        "mean": 17.406332016,
        "median": 17.4565391541,
        "min": 6.45828533173,
        "var": 22.9118900299
    },
    "melbands_flatness_db": {
        "dmean": 0.0140950791538,
        "dmean2": 0.0223260372877,
        "dvar": 0.00012699283252,
        "dvar2": 0.000303210457787,
        "max": 0.486349910498,
        "mean": 0.335528641939,
        "median": 0.330162137747,
        "min": 0.244942262769,
        "var": 0.00154749385547
    },
    "melbands_kurtosis": {
        "dmean": 1.29497766495,
        "dmean2": 2.07146072388,
        "dvar": 1.69724178314,
        "dvar2": 4.31737279892,
        "max": 19.2192249298,
        "mean": 2.93134975433,
        "median": 2.5969376564,
        "min": -1.4399408102,
        "var": 5.35430955887
    },
    "melbands_skewness": {
        "dmean": 0.288669139147,
        "dmean2": 0.455256938934,
        "dvar": 0.0605488829315,
        "dvar2": 0.14507779479,
        "max": 4.32706260681,
        "mean": 1.57061004639,
        "median": 1.60789060593,
        "min": -0.594523072243,
        "var": 0.476632744074
    },
    "melbands_spread": {
        "dmean": 2.73877716064,
        "dmean2": 4.37466812134,
        "dvar": 5.65980815887,
        "dvar2": 13.3399038315,
        "max": 36.0427513123,
        "mean": 17.4299736023,
        "median": 17.0901660919,
        "min": 5.92221260071,
        "var": 21.9321575165
    },
    "pitch_salience": {
        "dmean": 0.0443712733686,
        "dmean2": 0.0696149170399,
        "dvar": 0.00114480266348,
        "dvar2": 0.0029648237396,
        "max": 0.714069962502,
        "mean": 0.488646239042,
        "median": 0.489476412535,
        "min": 0.252958595753,
        "var": 0.00493909604847
    },
    "silence_rate_20dB": {
        "dmean": 0,
        "dmean2": 0,
        "dvar": 0,
        "dvar2": 0,
        "max": 1,
        "mean": 1,
        "median": 1,
        "min": 1,
        "var": 0
    },
    "silence_rate_30dB": {
        "dmean": 0.00773993786424,
        "dmean2": 0.0154918665066,
        "dvar": 0.00768016371876,
        "dvar2": 0.0198997054249,
        "max": 1,
        "mean": 0.989172458649,
        "median": 1,
        "min": 0,
        "var": 0.0107103539631
    },
    "silence_rate_60dB": {
        "dmean": 0,
        "dmean2": 0,
        "dvar": 0,
        "dvar2": 0,
        "max": 0,
        "mean": 0,
        "median": 0,
        "min": 0,
        "var": 0
    },
    "spectral_centroid": {
        "dmean": 81.7085647583,
        "dmean2": 127.25202179,
        "dvar": 5185.46337891,
        "dvar2": 12769.4433594,
        "max": 1470.68798828,
        "mean": 794.520996094,
        "median": 776.154968262,
        "min": 396.131256104,
        "var": 42140.5859375
    },
    "spectral_complexity": {
        "dmean": 2.06346750259,
        "dmean2": 3.55460882187,
        "dvar": 2.68636202812,
        "dvar2": 7.35469484329,
        "max": 31,
        "mean": 18.9450893402,
        "median": 20,
        "min": 7,
        "var": 21.7084941864
    },
    "spectral_decrease": {
        "dmean": 1.55904555932e-09,
        "dmean2": 2.46736764353e-09,
        "dvar": 2.25438584054e-18,
        "dvar2": 5.44098437909e-18,
        "max": -1.09040232399e-09,
        "mean": -1.04739559248e-08,
        "median": -1.02075103925e-08,
        "min": -3.56619374031e-08,
        "var": 2.35825155997e-17
    },
    "spectral_energy": {
        "dmean": 0.00607362994924,
        "dmean2": 0.00961396098137,
        "dvar": 3.47954337485e-05,
        "dvar2": 8.33577578305e-05,
        "max": 0.142262339592,
        "mean": 0.0410710349679,
        "median": 0.0400172658265,
        "min": 0.00432413583621,
        "var": 0.000366021500668
    },
    "spectral_energyband_high": {
        "dmean": 3.23915401168e-06,
        "dmean2": 5.00773012391e-06,
        "dvar": 1.95454590013e-11,
        "dvar2": 4.51436006632e-11,
        "max": 5.69265394006e-05,
        "mean": 1.11270792331e-05,
        "median": 8.82082167664e-06,
        "min": 2.29661480944e-07,
        "var": 9.62599444598e-11
    },
    "spectral_energyband_low": {
        "dmean": 0.00353693380021,
        "dmean2": 0.00579475564882,
        "dvar": 8.8049500846e-06,
        "dvar2": 2.46881863859e-05,
        "max": 0.0372455194592,
        "mean": 0.0176691412926,
        "median": 0.0180503353477,
        "min": 0.00114197807852,
        "var": 5.11697871843e-05
    },
    "spectral_energyband_middle_high": {
        "dmean": 0.00170068931766,
        "dmean2": 0.00259530730546,
        "dvar": 3.10488212563e-06,
        "dvar2": 7.2069296948e-06,
        "max": 0.0271801166236,
        "mean": 0.00600744737312,
        "median": 0.00533815287054,
        "min": 0.000545051763766,
        "var": 1.28967976707e-05
    },
    "spectral_energyband_middle_low": {
        "dmean": 0.00401528039947,
        "dmean2": 0.00587273947895,
        "dvar": 2.66845599981e-05,
        "dvar2": 6.34011230431e-05,
        "max": 0.108146861196,
        "mean": 0.0177597030997,
        "median": 0.0134645393118,
        "min": 0.00117980339564,
        "var": 0.000224082687055
    },
    "spectral_entropy": {
        "dmean": 0.0889435783029,
        "dmean2": 0.135683298111,
        "dvar": 0.0061447462067,
        "dvar2": 0.0127470120788,
        "max": 7.35584449768,
        "mean": 6.73230171204,
        "median": 6.83584833145,
        "min": 5.50187730789,
        "var": 0.114602722228
    },
    "spectral_flux": {
        "dmean": 0.0112916724756,
        "dmean2": 0.0187771059573,
        "dvar": 0.000101459874713,
        "dvar2": 0.000277397281025,
        "max": 0.180358096957,
        "mean": 0.0664379447699,
        "median": 0.0652240142226,
        "min": 0.0268167126924,
        "var": 0.000370592257241
    },
    "spectral_kurtosis": {
        "dmean": 12.1162633896,
        "dmean2": 21.6811733246,
        "dvar": 118.029808044,
        "dvar2": 363.939086914,
        "max": 125.103057861,
        "mean": 24.9104957581,
        "median": 20.4077529907,
        "min": 3.27557468414,
        "var": 308.5809021
    },
    "spectral_rms": {
        "dmean": 0.000461603194708,
        "dmean2": 0.000729792460334,
        "dvar": 1.43059239122e-07,
        "dvar2": 3.45642490629e-07,
        "max": 0.0117810238153,
        "mean": 0.00615680636838,
        "median": 0.00624829856679,
        "min": 0.00205393973738,
        "var": 2.16299713429e-06
    },
    "spectral_rolloff": {
        "dmean": 175.132019043,
        "dmean2": 305.117218018,
        "dvar": 41600.0664062,
        "dvar2": 97311.2890625,
        "max": 1658.05664062,
        "mean": 824.189025879,
        "median": 732.12890625,
        "min": 150.732421875,
        "var": 82787.6875
    },
    "spectral_skewness": {
        "dmean": 0.796051025391,
        "dmean2": 1.43068993092,
        "dvar": 0.456595778465,
        "dvar2": 1.40898609161,
        "max": 8.76029205322,
        "mean": 3.00726652145,
        "median": 2.76723098755,
        "min": 1.18157601357,
        "var": 1.32245159149
    },
    "spectral_spread": {
        "dmean": 184736.859375,
        "dmean2": 318476.15625,
        "dvar": 100494426112,
        "dvar2": 151183982592,
        "max": 11267453,
        "mean": 1502873.5,
        "median": 1471893.25,
        "min": 728473.9375,
        "var": 180964081664
    },
    "spectral_strongpeak": {
        "dmean": 0.334907591343,
        "dmean2": 0.568369805813,
        "dvar": 0.513662755489,
        "dvar2": 1.2430151701,
        "max": 7.74728536606,
        "mean": 0.733378529549,
        "median": 0.313192814589,
        "min": 0,
        "var": 1.18729329109
    },
    "zerocrossingrate": {
        "dmean": 0.00275924266316,
        "dmean2": 0.00374550675042,
        "dvar": 4.73987029181e-06,
        "dvar2": 8.09461471363e-06,
        "max": 0.04541015625,
        "mean": 0.0278225895017,
        "median": 0.02783203125,
        "min": 0.0107421875,
        "var": 2.33112405112e-05
    },
    "barkbands": {
        "dmean": [0.000678065000102, 0.00294576352462, 0.00053941324586, 0.000252050231211, 0.00126115465537, 0.00140040542465, 0.00196506711654, 0.000818369211629, 0.0015735841589, 0.000745227967855, 9.356613009e-05, 0.000461060611997, 0.000993705703877, 0.000360568636097, 0.000141187105328, 0.000281270826235, 9.37257354963e-05, 1.17217832667e-05, 8.14812119643e-06, 3.57376006832e-06, 1.57247188781e-06, 8.17123464003e-07, 3.77433366339e-07, 2.09782825777e-07, 9.92351161244e-08, 3.19866195753e-08, 1.9105490523e-09],
        "dmean2": [0.00120842433535, 0.00478589208797, 0.000889342394657, 0.000441079871962, 0.00181465828791, 0.00189549895003, 0.00323179108091, 0.00123482407071, 0.00211621914059, 0.00109186966438, 0.000148213701323, 0.000765883130953, 0.00156878319103, 0.000602591899224, 0.000241052432102, 0.000475081935292, 0.000158714101417, 1.93867290363e-05, 1.32105014927e-05, 5.86602527619e-06, 2.51850428867e-06, 1.25839665088e-06, 5.9433602928e-07, 3.39693968954e-07, 1.5606006798e-07, 5.2560039876e-08, 3.30417981864e-09],
        "dvar": [3.36124827527e-07, 6.06178900853e-06, 2.48467586061e-07, 6.99492801459e-08, 1.88545425317e-06, 6.07474748904e-06, 1.58704315254e-05, 1.28673309518e-06, 1.04534728962e-05, 1.54330928126e-06, 2.1328787625e-08, 4.20454171035e-07, 1.62593278219e-06, 2.39908672484e-07, 2.22756106893e-08, 1.0559357122e-07, 1.41575693391e-08, 2.20522239358e-10, 1.31043453866e-10, 2.28776338151e-11, 5.06194522062e-12, 1.19978408718e-12, 2.92173376422e-13, 1.48709142873e-13, 2.8082626895e-14, 2.86857109653e-15, 6.41034005086e-17],
        "dvar2": [1.04486025521e-06, 1.66803838511e-05, 6.37864218334e-07, 2.05172668188e-07, 3.75406352759e-06, 9.79701962933e-06, 4.59157818113e-05, 2.50216885433e-06, 1.70803377841e-05, 2.84273710349e-06, 4.6268851861e-08, 1.14592705813e-06, 3.56529676537e-06, 6.86603073063e-07, 6.27652170238e-08, 2.9076201713e-07, 3.56748053321e-08, 5.71115488235e-10, 3.27313176562e-10, 5.61102102281e-11, 1.26577186232e-11, 2.82175563297e-12, 7.47879785445e-13, 3.62705037445e-13, 6.91019846053e-14, 6.88823625146e-15, 7.61415981911e-17],
        "max": [0.00533710839227, 0.030721290037, 0.00494656758383, 0.00252568954602, 0.0176949929446, 0.0561227910221, 0.0933334156871, 0.0173446014524, 0.0848940387368, 0.0207959376276, 0.00190622755326, 0.0124060995877, 0.0161681640893, 0.00605515344068, 0.00133327057119, 0.00405293423682, 0.00172703736462, 0.000174019296537, 0.000132349683554, 5.84847912251e-05, 3.44660620613e-05, 1.41078462548e-05, 6.2711501414e-06, 6.77686784911e-06, 2.64750292445e-06, 5.72971202928e-07, 2.544507538e-07],
        "mean": [0.00167482194956, 0.0140419742092, 0.00159406918101, 0.000557695049793, 0.0032214014791, 0.00432217027992, 0.0045712236315, 0.00152957823593, 0.00351819791831, 0.00151591515169, 0.0001688462944, 0.000674632319715, 0.00184206396807, 0.000656697899103, 0.000305553840008, 0.000632987124845, 0.000184661141247, 2.53369707934e-05, 1.73740409082e-05, 8.14641953184e-06, 4.02825980927e-06, 2.12597092286e-06, 9.29837256081e-07, 4.80398000491e-07, 1.66427085446e-07, 3.64673340414e-08, 1.58396873395e-09],
        "median": [0.00165800366085, 0.0141691816971, 0.00147561600897, 0.000485485070385, 0.00227380776778, 0.0021238932386, 0.00171834242065, 0.00089638796635, 0.00166285771411, 0.000634468800854, 8.81913947524e-05, 0.00041073540342, 0.00120613723993, 0.000430309650255, 0.000265714421403, 0.000555416685529, 0.000145702273585, 1.97819117602e-05, 1.32652621687e-05, 6.25415805189e-06, 3.05282515001e-06, 1.46670356571e-06, 5.5547292277e-07, 2.14049407532e-07, 5.51063550347e-08, 9.13145559167e-09, 5.77555059333e-10],
        "min": [2.79236683127e-05, 0.000868457078468, 6.62748698232e-06, 8.54602831168e-07, 8.09557750472e-05, 4.55560148112e-05, 4.70339000458e-06, 1.38199175126e-05, 3.78248332709e-05, 1.7057529476e-05, 7.97009477083e-07, 8.08081040304e-06, 2.4023676815e-05, 1.96536220756e-05, 5.86744499742e-06, 2.73435102827e-06, 7.98123267032e-07, 3.30982743435e-07, 1.25015418462e-07, 8.70368310757e-08, 4.60562397109e-08, 2.98451965364e-08, 1.56063411083e-08, 2.16361803473e-10, 6.35797317572e-11, 1.36298975578e-11, 1.96474884973e-11],
        "var": [6.1564145426e-07, 3.32372692355e-05, 9.22926346902e-07, 1.67627760561e-07, 8.20945479063e-06, 3.79658558813e-05, 9.3972972536e-05, 3.70729048882e-06, 4.05777936976e-05, 6.23402775091e-06, 5.90219109142e-08, 7.93716139924e-07, 3.80135043088e-06, 4.53482613239e-07, 5.27647934234e-08, 2.68696823014e-07, 2.74621783092e-08, 5.21122867081e-10, 3.02965957877e-10, 6.08545783209e-11, 1.4888174027e-11, 4.59417356588e-12, 1.0162078427e-12, 4.1663848478e-13, 6.18984098461e-14, 4.7885694772e-15, 6.32249148458e-17]
    },
    "erbbands": {
        "dmean": [0.150103569031, 0.476212352514, 0.686458408833, 0.712134718895, 1.36954021454, 4.17271375656, 11.9489498138, 13.254737854, 29.8327484131, 14.8530712128, 18.4095191956, 41.3515892029, 11.939748764, 24.9546890259, 10.0962762833, 14.7664833069, 51.0562477112, 17.8802337646, 9.31343841553, 10.1595935822, 15.3545951843, 5.37121772766, 1.46823787689, 0.500831782818, 0.25929158926, 0.194604709744, 0.0838410928845, 0.0490004196763, 0.0292962249368, 0.0176189150661, 0.0101207913831, 0.00588656077161, 0.0030656515155, 0.00143205490895, 0.000591905147303, 0.000220267596887, 4.63399883301e-05, 3.62821151612e-06, 2.86237514047e-06, 6.74871671436e-06],
        "dmean2": [0.245076104999, 0.762791156769, 1.15013241768, 1.21181309223, 2.20355510712, 6.4814696312, 16.6608638763, 17.9014854431, 50.8532829285, 21.8989753723, 27.9204235077, 54.4093742371, 18.5550231934, 35.7072525024, 16.5521411896, 24.0219841003, 80.1280517578, 29.7631530762, 15.7679185867, 17.2047233582, 26.2193012238, 9.1663646698, 2.42289113998, 0.813176810741, 0.417663484812, 0.315393954515, 0.136927440763, 0.0775406584144, 0.0459800288081, 0.0281245876104, 0.0162632707506, 0.00952519942075, 0.0049273041077, 0.00233890907839, 0.000910581613425, 0.000364180246834, 7.6621901826e-05, 5.9863568822e-06, 4.50835977972e-06, 1.06875331767e-05],
        "dvar": [0.0148765528575, 0.190666764975, 0.357369303703, 0.514638900757, 3.57483029366, 23.4368419647, 187.933013916, 597.108703613, 4268.20947266, 335.649658203, 677.824462891, 8424.73242188, 276.140319824, 2303.14697266, 157.035476685, 309.702178955, 4480.88916016, 613.089599609, 160.850067139, 144.471817017, 369.905456543, 44.6391525269, 4.96674108505, 0.399863511324, 0.142880365252, 0.0809537246823, 0.0150359291583, 0.00396267557517, 0.00157143978868, 0.000668471446261, 0.000215092106373, 0.000105020430055, 2.92851764243e-05, 5.76589127377e-06, 1.08319920855e-06, 1.17352961126e-07, 9.68612479113e-09, 7.72377301006e-11, 8.61387090129e-12, 4.36948151272e-11],
        "dvar2": [0.040947612375, 0.498027861118, 0.940482258797, 1.46405804157, 8.55163478851, 57.3015060425, 370.243499756, 971.065551758, 12903.5458984, 696.94354248, 1304.13574219, 13566.7607422, 627.545837402, 4221.78564453, 398.329772949, 821.656188965, 9830.5234375, 1687.12426758, 480.695526123, 383.925842285, 1063.64538574, 122.65587616, 12.2329540253, 0.976248085499, 0.345110088587, 0.200955301523, 0.037717923522, 0.00963080301881, 0.00371372699738, 0.0016332649393, 0.000535354891326, 0.000268922216492, 7.14670750313e-05, 1.4939423636e-05, 2.51711253441e-06, 2.82823947373e-07, 2.39563693327e-08, 1.40346831379e-10, 1.90832072366e-11, 1.03846230226e-10],
        "max": [1.52417576313, 4.72278594971, 6.17896652222, 7.01274061203, 20.1258277893, 61.3998908997, 214.743759155, 507.86126709, 1360.2845459, 494.912841797, 454.889648438, 2434.42260742, 290.557250977, 756.494506836, 223.987670898, 322.364501953, 839.68371582, 232.956634521, 167.9790802, 134.74559021, 225.562561035, 78.2115859985, 42.808631897, 7.43432950974, 4.99227952957, 3.28142786026, 1.86184823513, 0.727951407433, 0.484363257885, 0.29337772727, 0.213617712259, 0.155988484621, 0.0971411019564, 0.0371227413416, 0.0150188170373, 0.00324929319322, 0.00115125079174, 0.000169053659192, 6.99944721418e-05, 0.000162103082403],
        "mean": [0.732764661312, 1.7829567194, 2.18855500221, 1.90624201298, 2.72838187218, 9.53433227539, 31.2049198151, 40.4253997803, 65.9836196899, 41.460975647, 43.2386932373, 92.4054412842, 29.6511745453, 52.5001449585, 19.2580184937, 28.9124279022, 92.4376296997, 35.143661499, 20.7026138306, 23.5357341766, 31.9193744659, 11.9972352982, 3.15648436546, 1.2117408514, 0.651528179646, 0.427571743727, 0.212089821696, 0.124903395772, 0.0769649520516, 0.0447824858129, 0.0241182949394, 0.0132561316714, 0.00620486820117, 0.00248146173544, 0.000916916818824, 0.000290181051241, 6.16403558524e-05, 6.15875069343e-06, 1.98539510166e-05, 4.60746887256e-05],
        "median": [0.752731919289, 1.66985666752, 2.1314394474, 1.73544251919, 1.83042621613, 6.7788476944, 21.4341754913, 20.5039978027, 19.5006484985, 24.3254394531, 26.0974369049, 36.5199584961, 20.2391452789, 17.2380504608, 13.7748212814, 21.9078388214, 57.5137252808, 25.3537559509, 16.5879230499, 20.1977233887, 26.9920349121, 10.0407323837, 2.47474622726, 0.989250183105, 0.533223211765, 0.311685115099, 0.161463350058, 0.0922682061791, 0.0522821061313, 0.0285406969488, 0.0137072261423, 0.00625679176301, 0.00262726936489, 0.00100041658152, 0.000229084980674, 0.000101712357718, 2.06712920772e-05, 3.55653855877e-06, 1.93606738321e-05, 4.47848724434e-05],
        "min": [0.0399729125202, 0.10636125505, 0.0311279930174, 0.0306519623846, 0.035819388926, 0.177453160286, 0.770554661751, 0.608648836613, 0.322204172611, 0.807527840137, 0.864640176296, 1.03167521954, 1.19696116447, 0.78444480896, 0.664957523346, 1.8344091177, 1.17761206627, 1.94899094105, 0.700122416019, 0.356452971697, 0.163128197193, 0.0627601519227, 0.030501242727, 0.0135117061436, 0.00480571575463, 0.00452355900779, 0.00213838065974, 0.00191239849664, 0.00114698440302, 0.000520811707247, 0.000318076024996, 6.14020245848e-05, 2.57842984865e-05, 1.20245476865e-05, 8.05109993962e-06, 5.09844494445e-06, 2.86808221972e-06, 5.40224277756e-07, 3.40814222e-06, 6.35260130366e-06],
        "var": [0.0826987177134, 0.781295537949, 1.44960713387, 1.64925682545, 8.55042743683, 73.2417755127, 906.303344727, 3438.66357422, 20859.7207031, 2770.36450195, 3090.81567383, 33163.703125, 825.786376953, 9107.52636719, 365.177215576, 667.418701172, 10458.3261719, 1148.23303223, 328.040313721, 300.168304443, 802.237365723, 100.579246521, 9.97680950165, 1.11214339733, 0.374745726585, 0.197134494781, 0.0396211743355, 0.0139540638775, 0.00599807873368, 0.00239938916638, 0.000710384862032, 0.000293932505883, 7.45734650991e-05, 1.20115446407e-05, 2.32195202443e-06, 2.11105430026e-07, 1.46431169412e-08, 1.01598333913e-10, 8.66630864294e-11, 4.6333048509e-10]
    },
    "gfcc": {
        "mean": [-64.9872970581, 214.402069092, -145.254776001, 2.63143897057, -22.8744106293, 3.45005369186, -20.1729431152, -4.46217012405, 10.9446353912, -0.784326553345, 6.90065097809, -3.40536260605, 9.12045001984],
        "cov": [[1869.64709473, -520.388427734, -12.0294599533, 418.859619141, -430.965118408, 48.9387550354, -49.0156059265, 148.591171265, -98.1799087524, -88.4750061035, -110.303672791, -72.638130188, -102.721664429], [-520.388427734, 303.712280273, -40.8755760193, -159.070922852, 174.387985229, -63.5925598145, 51.7232551575, -83.0558395386, 64.9312286377, -18.4967308044, 28.0455265045, 12.2944583893, 29.3201637268], [-12.0294599533, -40.8755760193, 244.74798584, -32.0119476318, -163.259246826, 0.902221500874, -51.7012748718, -19.3330993652, -95.7254104614, 43.1005363464, 57.6458129883, 24.4925403595, -16.8123512268], [418.859619141, -159.070922852, -32.0119476318, 210.725372314, -71.5643157959, 23.3134441376, -21.9563217163, 15.7507257462, -7.89934825897, -35.0771141052, -28.781829834, -34.743522644, -13.1703224182], [-430.965118408, 174.387985229, -163.259246826, -71.5643157959, 332.792266846, -1.02989828587, 32.3595123291, -34.9139595032, 82.7908248901, 2.59421944618, -44.7928962708, 7.92274856567, 29.1315727234], [48.9387550354, -63.5925598145, 0.902221500874, 23.3134441376, -1.02989828587, 71.9120330811, 1.25811958313, 7.07997322083, -21.6599521637, 6.14671421051, -3.35737943649, -10.532078743, -12.97306633], [-49.0156059265, 51.7232551575, -51.7012748718, -21.9563217163, 32.3595123291, 1.25811958313, 81.5667037964, -3.11483502388, 24.0544185638, -16.1953754425, -13.4760942459, -10.0909500122, -15.0083789825], [148.591171265, -83.0558395386, -19.3330993652, 15.7507257462, -34.9139595032, 7.07997322083, -3.11483502388, 106.93347168, 26.0543613434, -5.22069120407, -45.4780769348, -22.4095993042, -2.32958030701], [-98.1799087524, 64.9312286377, -95.7254104614, -7.89934825897, 82.7908248901, -21.6599521637, 24.0544185638, 26.0543613434, 110.073699951, -11.4460792542, -26.2790546417, -30.2431964874, 1.82169234753], [-88.4750061035, -18.4967308044, 43.1005363464, -35.0771141052, 2.59421944618, 6.14671421051, -16.1953754425, -5.22069120407, -11.4460792542, 67.1095352173, 20.315782547, 3.91270923615, -18.4279556274], [-110.303672791, 28.0455265045, 57.6458129883, -28.781829834, -44.7928962708, -3.35737943649, -13.4760942459, -45.4780769348, -26.2790546417, 20.315782547, 80.198097229, 15.3847732544, -4.44821357727], [-72.638130188, 12.2944583893, 24.4925403595, -34.743522644, 7.92274856567, -10.532078743, -10.0909500122, -22.4095993042, -30.2431964874, 3.91270923615, 15.3847732544, 57.6445808411, 20.8927097321], [-102.721664429, 29.3201637268, -16.8123512268, -13.1703224182, 29.1315727234, -12.97306633, -15.0083789825, -2.32958030701, 1.82169234753, -18.4279556274, -4.44821357727, 20.8927097321, 70.7819366455]],
        "icov": [[0.00241943961009, -0.000286639668047, 0.00257969042286, -0.00259236316197, 0.0033072612714, 0.000282534572762, 0.00171416299418, -0.000903568754438, 0.00232721958309, 0.000688636675477, 0.00322876451537, -0.000914176227525, 0.00337678822689], [-0.000286639668047, 0.051034912467, -0.0146972499788, 0.030179252848, -0.0213795788586, 0.0269450377673, -0.0131489904597, 0.0292018577456, -0.0160712040961, 0.0341615788639, -0.0123690059409, 0.0249550808221, -0.0063568726182], [0.00257969042286, -0.0146972499788, 0.018193366006, -0.00779225211591, 0.0141573967412, -0.00659061130136, 0.00996602419764, -0.0072264992632, 0.0120571954176, -0.0122791714966, 0.00685757026076, -0.00733055407181, 0.00663147540763], [-0.00259236316197, 0.030179252848, -0.00779225211591, 0.0290931761265, -0.0124007556587, 0.0133322943002, -0.00428717257455, 0.0212319847196, -0.0107397688553, 0.0224912054837, -0.00632704049349, 0.0192375592887, -0.00530780944973], [0.0033072612714, -0.0213795788586, 0.0141573967412, -0.0124007556587, 0.0216924529523, -0.0135486423969, 0.00952184200287, -0.00679130200297, 0.00583065534011, -0.0163638275117, 0.0155925573781, -0.0131996292621, 0.00556106073782], [0.000282534572762, 0.0269450377673, -0.00659061130136, 0.0133322943002, -0.0135486423969, 0.0326945371926, -0.00823347177356, 0.0115834148601, -7.62605850468e-05, 0.0165899451822, -0.00821897014976, 0.0177575312555, -0.00106910639443], [0.00171416299418, -0.0131489904597, 0.00996602419764, -0.00428717257455, 0.00952184200287, -0.00823347177356, 0.0235948953778, -0.00439519062638, 0.00481764785945, -0.00293466588482, 0.00865001883358, -0.00553221255541, 0.010222771205], [-0.000903568754438, 0.0292018577456, -0.0072264992632, 0.0212319847196, -0.00679130200297, 0.0115834148601, -0.00439519062638, 0.0356123782694, -0.0154455611482, 0.0169352013618, 0.00473964167759, 0.0161672178656, -0.00568290008232], [0.00232721958309, -0.0160712040961, 0.0120571954176, -0.0107397688553, 0.00583065534011, -7.62605850468e-05, 0.00481764785945, -0.0154455611482, 0.0287286303937, -0.00971871521324, 0.00347487069666, 0.00160858291201, 0.00547351781279], [0.000688636675477, 0.0341615788639, -0.0122791714966, 0.0224912054837, -0.0163638275117, 0.0165899451822, -0.00293466588482, 0.0169352013618, -0.00971871521324, 0.0466505885124, -0.0114180352539, 0.0168438050896, 0.00453364569694], [0.00322876451537, -0.0123690059409, 0.00685757026076, -0.00632704049349, 0.0155925573781, -0.00821897014976, 0.00865001883358, 0.00473964167759, 0.00347487069666, -0.0114180352539, 0.0325259305537, -0.00849990732968, 0.00581812905148], [-0.000914176227525, 0.0249550808221, -0.00733055407181, 0.0192375592887, -0.0131996292621, 0.0177575312555, -0.00553221255541, 0.0161672178656, 0.00160858291201, 0.0168438050896, -0.00849990732968, 0.0416468009353, -0.0102625088766], [0.00337678822689, -0.0063568726182, 0.00663147540763, -0.00530780944973, 0.00556106073782, -0.00106910639443, 0.010222771205, -0.00568290008232, 0.00547351781279, 0.00453364569694, 0.00581812905148, -0.0102625088766, 0.0261793080717]]
    },
    "melbands": {
        "dmean": [0.00104144145735, 0.000400470307795, 0.000118376425235, 0.000179391980055, 0.000381661375286, 0.00027905520983, 0.000439548719442, 0.00016087682161, 0.00016644517018, 0.000235269981204, 6.23385494691e-05, 0.000111604909762, 2.27869186347e-05, 6.65059269522e-05, 8.39249696583e-05, 7.78395915404e-05, 3.17265330523e-05, 1.88271333172e-05, 1.04948212538e-05, 1.66202062246e-05, 2.08822257264e-05, 5.26856729266e-06, 4.00744056606e-06, 5.74193848024e-07, 4.47898941047e-07, 3.26036285969e-07, 1.35872213036e-07, 1.31449922947e-07, 6.29040783906e-08, 4.3093820068e-08, 2.96516198262e-08, 1.92181861536e-08, 1.63207829473e-08, 9.77630154608e-09, 7.04654867789e-09, 4.92694418597e-09, 3.67136365753e-09, 2.68817146321e-09, 1.68449176829e-09, 1.19280929578e-09],
        "dmean2": [0.00170505733695, 0.000657707918435, 0.000197670029593, 0.000289908464765, 0.00052518438315, 0.000376376090571, 0.000738322269171, 0.000232109145145, 0.000238521359279, 0.000313768687192, 9.78462412604e-05, 0.000160525189131, 3.65837877325e-05, 0.000110394452349, 0.000132422326715, 0.000122460405692, 5.33967177034e-05, 3.19656246575e-05, 1.7922011466e-05, 2.76854116237e-05, 3.60571611964e-05, 9.0004705271e-06, 6.70442295814e-06, 9.65996832747e-07, 7.32823536964e-07, 5.31357898126e-07, 2.19115861455e-07, 2.14169901369e-07, 1.04392746891e-07, 7.02218088122e-08, 4.77567709822e-08, 3.05680778467e-08, 2.66065001142e-08, 1.60348658795e-08, 1.13328066931e-08, 8.10453482103e-09, 5.97113336553e-09, 4.45661596515e-09, 2.79018408378e-09, 1.93503635337e-09],
        "dvar": [7.16895840469e-07, 1.30363247308e-07, 1.51017935934e-08, 6.1475809332e-08, 1.84643184298e-07, 2.5889798394e-07, 8.93184392226e-07, 3.32032605854e-08, 7.42331422998e-08, 2.49892934789e-07, 7.23143678272e-09, 4.4111224895e-08, 7.74784070234e-10, 8.99394780873e-09, 1.12928795204e-08, 8.84216877495e-09, 1.95605998066e-09, 7.91006815604e-10, 1.30866484316e-10, 3.79040576703e-10, 6.99292568296e-10, 4.5347177402e-11, 4.39357127069e-11, 5.10871997917e-13, 3.26989547635e-13, 2.73742725536e-13, 2.83209430029e-14, 3.78484136393e-14, 9.02747555799e-15, 3.40439418633e-15, 1.64855068497e-15, 7.15297036402e-16, 7.30678307691e-16, 2.23733906259e-16, 9.71119634432e-17, 6.0793705294e-17, 4.57853667297e-17, 2.60496678035e-17, 6.9625736033e-18, 4.41493010853e-18],
        "dvar2": [2.00664976546e-06, 3.38121452614e-07, 4.07963831606e-08, 1.60037018304e-07, 3.45370324339e-07, 4.16145155668e-07, 2.63094148067e-06, 6.14895938611e-08, 1.28841165292e-07, 4.06390256558e-07, 1.69459681842e-08, 8.05174735774e-08, 1.74804093422e-09, 2.44021336471e-08, 2.47518130436e-08, 1.99926528666e-08, 5.37789235366e-09, 2.41729836148e-09, 3.69170499726e-10, 9.84510917235e-10, 2.03861461046e-09, 1.25294316589e-10, 1.06953799983e-10, 1.41586178545e-12, 8.09608673505e-13, 6.70092833218e-13, 6.98418102865e-14, 9.51750071983e-14, 2.30129415822e-14, 8.59136624554e-15, 4.02109240545e-15, 1.73683851725e-15, 1.82366024137e-15, 5.86891553219e-16, 2.50211229748e-16, 1.64992409595e-16, 1.16850828817e-16, 6.52861430531e-17, 1.82747937397e-17, 1.17325610636e-17],
        "max": [0.0100021744147, 0.00388377648778, 0.00125045666937, 0.00313994265161, 0.006487688981, 0.0109809022397, 0.0212592966855, 0.00401891581714, 0.00641043111682, 0.0132618928328, 0.00148010975681, 0.00337050762028, 0.000336507975589, 0.00178965856321, 0.00138889229856, 0.00113771634642, 0.000417713657953, 0.000375976669602, 0.000109146021714, 0.0001861834171, 0.00028535927413, 8.4335108113e-05, 0.000124518308439, 6.9705201895e-06, 6.1172313508e-06, 7.32059697839e-06, 1.96479527403e-06, 2.25487610805e-06, 1.44946079672e-06, 5.7320085034e-07, 6.1892217218e-07, 3.02300037447e-07, 3.27187024141e-07, 1.65345056757e-07, 1.01945204278e-07, 1.06591230065e-07, 1.07697687213e-07, 8.67004033012e-08, 2.46312374941e-08, 3.40994112946e-08],
        "mean": [0.00485729565844, 0.00149899290409, 0.000329152739141, 0.000366174208466, 0.00104438781273, 0.000856293772813, 0.00100854982156, 0.000431115797255, 0.000414769689087, 0.000523249153048, 0.000134824047564, 0.000230097939493, 4.43062344857e-05, 9.38058728934e-05, 0.00014999981795, 0.0001496279001, 5.71388482058e-05, 3.56446726073e-05, 2.30643909163e-05, 3.63911494787e-05, 3.73339280486e-05, 1.08841750261e-05, 6.74423063174e-06, 1.1361386214e-06, 9.21864227621e-07, 6.56007387079e-07, 3.11239716666e-07, 2.59752852116e-07, 1.37205702799e-07, 9.4546841467e-08, 6.61235404209e-08, 4.59377353934e-08, 3.36202319318e-08, 2.12796749111e-08, 1.4588970032e-08, 1.00458432684e-08, 7.26751947511e-09, 4.67582994546e-09, 2.92366331145e-09, 1.74408432141e-09],
        "median": [0.00495299091563, 0.00145381665789, 0.000303012144286, 0.000239279412199, 0.000729645253159, 0.000411205168348, 0.000317463389365, 0.000261625216808, 0.000221757931286, 0.000229571262025, 8.96017591003e-05, 7.69741091062e-05, 2.88771589112e-05, 5.59021282243e-05, 9.24034320633e-05, 0.000105724218884, 3.71904789063e-05, 2.57401261479e-05, 1.98361740331e-05, 3.07774098474e-05, 2.90126190521e-05, 8.7227763288e-06, 4.49800973001e-06, 9.12620635063e-07, 6.94703714998e-07, 4.72900097748e-07, 2.43552335633e-07, 1.76118660988e-07, 1.01866056923e-07, 6.78085569916e-08, 4.6098140416e-08, 3.05181515614e-08, 1.94350473492e-08, 1.24600028073e-08, 8.16676237747e-09, 4.87574070007e-09, 3.17711701392e-09, 1.86106063893e-09, 1.15173282023e-09, 6.16693696109e-10],
