{
"highlevel": {
    "danceability": {
        "all": {
            "danceable": 0.880029559135,
            "not_danceable": 0.119970425963
        },
        "probability": 0.880029559135,
        "value": "danceable"
    },
    "gender": {
        "all": {
            "female": 0.690806865692,
            "male": 0.30919316411
        },
        "probability": 0.690806865692,
        "value": "female"
    },
    "genre_dortmund": {
        "all": {
            "alternative": 0.103713981807,
            "blues": 0.0119577534497,
            "electronic": 0.178925722837,
            "folkcountry": 0.0304744429886,
            "funksoulrnb": 0.0156943257898,
            "jazz": 0.0272896997631,
            "pop": 0.029874805361,
            "raphiphop": 0.31144323945,
            "rock": 0.290626019239
        },
        "probability": 0.31144323945,
        "value": "raphiphop"
    },
    "genre_electronic": {
        "all": {
            "ambient": 0.486582070589,
            "dnb": 0.116040796041,
            "house": 0.0544030629098,
            "techno": 0.00921774841845,
            "trance": 0.333756327629
        },
        "probability": 0.486582070589,
        "value": "ambient"
    },
    "genre_rosamerica": {
        "all": {
            "cla": 0.0151472836733,
            "dan": 0.0683468058705,
            "hip": 0.0218644216657,
            "jaz": 0.00755737582222,
            "pop": 0.478062927723,
            "rhy": 0.0384557768703,
            "roc": 0.364676624537,
            "spe": 0.00588877405971
        },
        "probability": 0.478062927723,
        "value": "pop"
    },
    "genre_tzanetakis": {
        "all": {
            "blu": 0.0626613423228,
            "cla": 0.0348169617355,
            "cou": 0.104475811124,
            "dis": 0.0784321576357,
            "hip": 0.15692435205,
            "jaz": 0.313974827528,
            "met": 0.0448166541755,
            "pop": 0.0627359300852,
            "reg": 0.0627360641956,
            "roc": 0.0784258767962
        },
        "probability": 0.313974827528,
        "value": "jaz"
    },
    "ismir04_rhythm": {
        "all": {
            "ChaChaCha": 0.0256336089224,
            "Jive": 0.592568695545,
            "Quickstep": 0.0339236445725,
            "Rumba-American": 0.0122591033578,
            "Rumba-International": 0.0416334457695,
            "Rumba-Misc": 0.00911050755531,
            "Samba": 0.18166564405,
            "Tango": 0.00663528637961,
            "VienneseWaltz": 0.0809478908777,
            "Waltz": 0.0156221585348
        },
        "probability": 0.592568695545,
        "value": "Jive"
    },
    "mood_acoustic": {
        "all": {
            "acoustic": 0.0247234310955,
            "not_acoustic": 0.975276589394
        },
        "probability": 0.975276589394,
        "value": "not_acoustic"
    },
    "mood_aggressive": {
        "all": {
            "aggressive": 0.568290710449,
            "not_aggressive": 0.431709259748
        },
        "probability": 0.568290710449,
        "value": "aggressive"
    },
    "mood_electronic": {
        "all": {
            "electronic": 0.772471606731,
            "not_electronic": 0.227528363466
        },
        "probability": 0.772471606731,
        "value": "electronic"
    },
    "mood_happy": {
        "all": {
            "happy": 0.832574129105,
            "not_happy": 0.167425900698
        },
        "probability": 0.832574129105,
        "value": "happy"
    },
    "mood_party": {
        "all": {
            "not_party": 0.583254039288,
            "party": 0.416745960712
        },
        "probability": 0.583254039288,
        "value": "not_party"
    },
    "mood_relaxed": {
        "all": {
            "not_relaxed": 0.739116311073,
            "relaxed": 0.260883688927
        },
        "probability": 0.739116311073,
        "value": "not_relaxed"
    },
    "mood_sad": {
        "all": {
            "not_sad": 0.705336511135,
            "sad": 0.294663459063
        },
        "probability": 0.705336511135,
        "value": "not_sad"
    },
    "moods_mirex": {
        "all": {
            "Cluster1": 0.427719116211,
            "Cluster2": 0.0959470048547,
            "Cluster3": 0.111651226878,
            "Cluster4": 0.0860697105527,
            "Cluster5": 0.278612941504
        },
        "probability": 0.427719116211,
        "value": "Cluster1"
    },
    "timbre": {
        "all": {
            "bright": 0.156031757593,
            "dark": 0.843968212605
        },
        "probability": 0.843968212605,
        "value": "dark"
    },
    "tonal_atonal": {
        "all": {
            "atonal": 0.0029752322007,
            "tonal": 0.997024774551
        },
        "probability": 0.997024774551,
        "value": "tonal"
    },
    "voice_instrumental": {
        "all": {
            "instrumental": 0.000932286318857,
            "voice": 0.999067723751
        },
        "probability": 0.999067723751,
        "value": "voice"
    }
},
"lowlevel": {
    "average_loudness": 0.975265681744,
    "barkbands_crest": {
        "dmean": 3.25964236259,
        "dmean2": 5.13690376282,
        "dvar": 9.01160621643,
        "dvar2": 18.8260688782,
        "max": 24.2252922058,
        "mean": 9.5692691803,
        "median": 8.4099855423,
        "min": 2.68714404106,
        "var": 21.4626522064
    },
    "barkbands_flatness_db": {
        "dmean": 0.0268868599087,
        "dmean2": 0.0417310148478,
        "dvar": 0.000671383750159,
        "dvar2": 0.0013726510806,
        "max": 0.323542863131,
        "mean": 0.147927060723,
        "median": 0.137740924954,
        "min": 0.0511682257056,
        "var": 0.00250744121149
    },
    "barkbands_kurtosis": {
        "dmean": 4.34496593475,
        "dmean2": 6.85254526138,
        "dvar": 91.2120437622,
        "dvar2": 188.323883057,
        "max": 117.914421082,
        "mean": 4.17133665085,
        "median": 0.877596378326,
        "min": -1.77046620846,
        "var": 127.493354797
    },
    "barkbands_skewness": {
        "dmean": 0.728533267975,
        "dmean2": 1.10575973988,
        "dvar": 0.745443224907,
        "dvar2": 1.39992558956,
        "max": 9.16139602661,
        "mean": 1.46356463432,
        "median": 1.12451767921,
        "min": -0.87297552824,
        "var": 1.94882190228
    },
    "barkbands_spread": {
        "dmean": 5.7045249939,
        "dmean2": 8.85877609253,
        "dvar": 34.4681015015,
        "dvar2": 73.943687439,
        "max": 76.2149353027,
        "mean": 21.0886058807,
        "median": 20.3553771973,
        "min": 1.40877890587,
        "var": 120.714553833
    },
    "dissonance": {
        "dmean": 0.0191437695175,
        "dmean2": 0.0324583090842,
        "dvar": 0.000339362479281,
        "dvar2": 0.000926165492274,
        "max": 0.499977022409,
        "mean": 0.465217381716,
        "median": 0.470870703459,
        "min": 0.258242636919,
        "var": 0.00074483215576
    },
    "dynamic_complexity": 1.7472615242,
    "erbbands_crest": {
        "dmean": 2.87029075623,
        "dmean2": 4.60859251022,
        "dvar": 6.81384325027,
        "dvar2": 16.5684947968,
        "max": 28.0531215668,
        "mean": 8.9323348999,
        "median": 7.8318157196,
        "min": 2.71262645721,
        "var": 18.8519802094
    },
    "erbbands_flatness_db": {
        "dmean": 0.0189101099968,
        "dmean2": 0.0253909472376,
        "dvar": 0.000289798888844,
        "dvar2": 0.000532040779945,
        "max": 0.302270412445,
        "mean": 0.166732698679,
        "median": 0.164002344012,
        "min": 0.067671276629,
        "var": 0.00179974886123
    },
    "erbbands_kurtosis": {
        "dmean": 0.728189826012,
        "dmean2": 1.12799870968,
        "dvar": 0.865093588829,
        "dvar2": 1.86783862114,
        "max": 14.1442260742,
        "mean": 0.220983073115,
        "median": -0.319836139679,
        "min": -1.58695542812,
        "var": 2.97397899628
    },
    "erbbands_skewness": {
        "dmean": 0.3522362113,
        "dmean2": 0.546722829342,
        "dvar": 0.0863428115845,
        "dvar2": 0.206673577428,
        "max": 2.91016435623,
        "mean": 0.0972694456577,
        "median": 0.0610151067376,
        "min": -1.48089909554,
        "var": 0.295558959246
    },
    "erbbands_spread": {
        "dmean": 7.10837221146,
        "dmean2": 10.6180782318,
        "dvar": 46.23254776,
        "dvar2": 91.2482299805,
        "max": 111.930557251,
        "mean": 34.1500015259,
        "median": 32.5747108459,
        "min": 4.77291631699,
        "var": 217.398498535
    },
    "hfc": {
        "dmean": 6.19920682907,
        "dmean2": 8.94479656219,
        "dvar": 55.4097099304,
        "dvar2": 114.137298584,
        "max": 91.0501556396,
        "mean": 23.6894454956,
        "median": 19.6030216217,
        "min": 0.955093681812,
        "var": 212.771560669
    },
    "melbands_crest": {
        "dmean": 4.83661651611,
        "dmean2": 7.79776477814,
        "dvar": 18.7461433411,
        "dvar2": 41.0367889404,
        "max": 34.9935188293,
        "mean": 15.2789840698,
        "median": 13.7849845886,
        "min": 4.48578119278,
        "var": 46.3440361023
    },
    "melbands_flatness_db": {
        "dmean": 0.0352705493569,
        "dmean2": 0.0532718300819,
        "dvar": 0.00114949361887,
        "dvar2": 0.00242889183573,
        "max": 0.462581306696,
        "mean": 0.205162361264,
        "median": 0.19695314765,
        "min": 0.0505337938666,
        "var": 0.00430297618732
    },
    "melbands_kurtosis": {
        "dmean": 9.8220243454,
        "dmean2": 15.3555078506,
        "dvar": 461.330505371,
        "dvar2": 973.379333496,
        "max": 300.453460693,
        "mean": 12.1567707062,
        "median": 4.44446754456,
        "min": -1.40538525581,
        "var": 662.428588867
    },
    "melbands_skewness": {
        "dmean": 0.96866607666,
        "dmean2": 1.46908950806,
        "dvar": 1.42881596088,
        "dvar2": 2.73833632469,
        "max": 15.736117363,
        "mean": 2.42801642418,
        "median": 1.96757304668,
        "min": -0.999057710171,
        "var": 3.80061364174
    },
    "melbands_spread": {
        "dmean": 7.36512756348,
        "dmean2": 11.7988986969,
        "dvar": 56.4294090271,
        "dvar2": 129.412902832,
        "max": 85.9850311279,
        "mean": 23.1170330048,
        "median": 22.4721298218,
        "min": 0.957513928413,
        "var": 148.722900391
    },
    "pitch_salience": {
        "dmean": 0.0909028053284,
        "dmean2": 0.148269057274,
        "dvar": 0.00703017134219,
        "dvar2": 0.016424447298,
        "max": 0.854652225971,
        "mean": 0.523453116417,
        "median": 0.533302426338,
        "min": 0.0951239839196,
        "var": 0.0144687630236
    },
    "silence_rate_20dB": {
        "dmean": 0,
        "dmean2": 0,
        "dvar": 0,
        "dvar2": 0,
        "max": 1,
        "mean": 1,
        "median": 1,
        "min": 1,
        "var": 0
    },
    "silence_rate_30dB": {
        "dmean": 0.0650154799223,
        "dmean2": 0.130131676793,
        "dvar": 0.060788191855,
        "dvar2": 0.114747487009,
        "max": 1,
        "mean": 0.907192587852,
        "median": 1,
        "min": 0,
        "var": 0.084194496274
    },
    "silence_rate_60dB": {
        "dmean": 0.00773993786424,
        "dmean2": 0.0154918665066,
        "dvar": 0.00768012460321,
        "dvar2": 0.0198996085674,
        "max": 1,
        "mean": 0.0100541375577,
        "median": 0,
        "min": 0,
        "var": 0.00995305459946
    },
    "spectral_centroid": {
        "dmean": 262.130554199,
        "dmean2": 411.366729736,
        "dvar": 59634.4101562,
        "dvar2": 150567.59375,
        "max": 3119.98876953,
        "mean": 1294.45507812,
        "median": 1247.1394043,
        "min": 353.427703857,
        "var": 174666.515625
    },
    "spectral_complexity": {
        "dmean": 3.8931889534,
        "dmean2": 5.98760652542,
        "dvar": 14.1433200836,
        "dvar2": 30.7202320099,
        "max": 52,
        "mean": 23.7107505798,
        "median": 23,
        "min": 4,
        "var": 70.2490844727
    },
    "spectral_decrease": {
        "dmean": 5.21959098165e-09,
        "dmean2": 7.96546206772e-09,
        "dvar": 6.63443519021e-17,
        "dvar2": 1.17793311789e-16,
        "max": -3.8375863598e-10,
        "mean": -1.13663976009e-08,
        "median": -7.23608595266e-09,
        "min": -6.46298943252e-08,
        "var": 1.43508385035e-16
    },
    "spectral_energy": {
        "dmean": 0.0200000163168,
        "dmean2": 0.0304494518787,
        "dvar": 0.000949263281655,
        "dvar2": 0.00168543576729,
        "max": 0.245955467224,
        "mean": 0.0450481660664,
        "median": 0.0296483151615,
        "min": 0.0015665559331,
        "var": 0.00207629660144
    },
    "spectral_energyband_high": {
        "dmean": 0.000330653740093,
        "dmean2": 0.000446628459031,
        "dvar": 3.28502693492e-07,
        "dvar2": 6.55836458918e-07,
        "max": 0.00858363043517,
        "mean": 0.000675954739563,
        "median": 0.000227243333939,
        "min": 9.29586576603e-07,
        "var": 1.13491114462e-06
    },
    "spectral_energyband_low": {
        "dmean": 0.0165311377496,
        "dmean2": 0.0248714238405,
        "dvar": 0.00099399453029,
        "dvar2": 0.00169678777456,
        "max": 0.233026579022,
        "mean": 0.0250418651849,
        "median": 0.009507028386,
        "min": 6.02516593062e-07,
        "var": 0.00193762092385
    },
    "spectral_energyband_middle_high": {
        "dmean": 0.00252674357034,
        "dmean2": 0.00387372728437,
        "dvar": 9.598809811e-06,
        "dvar2": 2.29089928325e-05,
        "max": 0.0583606958389,
        "mean": 0.00804148986936,
        "median": 0.00624581053853,
        "min": 0.000131217137096,
        "var": 4.20112228312e-05
    },
    "spectral_energyband_middle_low": {
        "dmean": 0.00844513531774,
        "dmean2": 0.0138760618865,
        "dvar": 0.000168488259078,
        "dvar2": 0.00042466528248,
        "max": 0.0987784489989,
        "mean": 0.0148755693808,
        "median": 0.0104246018454,
        "min": 0.000976938987151,
        "var": 0.000192467443412
    },
    "spectral_entropy": {
        "dmean": 0.157272189856,
        "dmean2": 0.237437725067,
        "dvar": 0.0252466872334,
        "dvar2": 0.0624140910804,
        "max": 8.54736614227,
        "mean": 7.53083896637,
        "median": 7.50124263763,
        "min": 6.3908457756,
        "var": 0.0971439033747
    },
    "spectral_flux": {
        "dmean": 0.0442483387887,
        "dmean2": 0.0747210755944,
        "dvar": 0.00328762130812,
        "dvar2": 0.00937938969582,
        "max": 0.427290171385,
        "mean": 0.115569338202,
        "median": 0.0905752629042,
        "min": 0.00982511416078,
        "var": 0.00497575942427
    },
    "spectral_kurtosis": {
        "dmean": 1.77070248127,
        "dmean2": 2.94848179817,
        "dvar": 3.45471525192,
        "dvar2": 9.12793540955,
        "max": 32.4658927917,
        "mean": 5.54287338257,
        "median": 5.24666213989,
        "min": -0.573015213013,
        "var": 7.68320083618
    },
    "spectral_rms": {
        "dmean": 0.00126867264044,
        "dmean2": 0.00189481582493,
        "dvar": 2.39555083681e-06,
        "dvar2": 4.11167502534e-06,
        "max": 0.0154905309901,
        "mean": 0.0060364776291,
        "median": 0.00537821417674,
        "min": 0.00123626342975,
        "var": 7.51025572754e-06
    },
    "spectral_rolloff": {
        "dmean": 494.91394043,
        "dmean2": 837.526611328,
        "dvar": 603543.25,
        "dvar2": 1364338.375,
        "max": 10228.2714844,
        "mean": 1346.89941406,
        "median": 1184.32617188,
        "min": 64.599609375,
        "var": 985641
    },
    "spectral_skewness": {
        "dmean": 0.218986794353,
        "dmean2": 0.349778652191,
        "dvar": 0.0365166962147,
        "dvar2": 0.0901924371719,
        "max": 3.85864925385,
        "mean": 1.65489864349,
        "median": 1.64338171482,
        "min": 0.598868966103,
        "var": 0.152149498463
    },
    "spectral_spread": {
        "dmean": 541441.5625,
        "dmean2": 734707.8125,
        "dvar": 353532018688,
        "dvar2": 643578134528,
        "max": 10594094,
        "mean": 3815363,
        "median": 3586295.75,
        "min": 1958101,
        "var": 1.31334353715e+12
    },
    "spectral_strongpeak": {
        "dmean": 0.597530841827,
        "dmean2": 1.02516424656,
        "dvar": 0.739792227745,
        "dvar2": 1.71022057533,
        "max": 8.13555908203,
        "mean": 1.00634467602,
        "median": 0.60313731432,
        "min": 0,
        "var": 1.29639291763
    },
    "zerocrossingrate": {
        "dmean": 0.009784899652,
        "dmean2": 0.0112331165001,
        "dvar": 9.36067081057e-05,
        "dvar2": 0.000113149479148,
        "max": 0.20458984375,
        "mean": 0.0530825555325,
        "median": 0.05126953125,
        "min": 0.005859375,
        "var": 0.000598978484049
    },
    "barkbands": {
        "dmean": [0.00153395126108, 0.0121681885794, 0.0044957594946, 0.00545076048002, 0.00212684669532, 0.00106201297604, 0.000967503583524, 0.00128511944786, 0.000899000093341, 0.000906772096641, 0.000756878172979, 0.000909010414034, 0.000384569779271, 0.00038745967322, 0.000352024333552, 0.000373996590497, 0.000322441454045, 0.00023803942895, 0.000151043539518, 9.782914276e-05, 8.23660157039e-05, 7.16729555279e-05, 8.22219226393e-05, 4.9813723308e-05, 4.8827881983e-05, 3.5538974771e-05, 9.52214840311e-09],
        "dmean2": [0.00207696226425, 0.0176393426955, 0.00779520533979, 0.00947138760239, 0.00362578732893, 0.0017758278409, 0.00150447594933, 0.00213020970114, 0.0014501910191, 0.0013956525363, 0.0011462206021, 0.00145260465797, 0.000610348477494, 0.000649855821393, 0.000570589560084, 0.000612102972809, 0.000514845596626, 0.000395796349039, 0.000242072957917, 0.000156971582328, 0.000128979620058, 0.000107822139398, 0.000116249415441, 7.13488188921e-05, 7.15169735486e-05, 5.30606157554e-05, 1.54407224784e-08],
        "dvar": [1.26410259327e-05, 0.00095565605443, 9.76428782451e-05, 0.000105854676804, 1.4302722775e-05, 2.58910586126e-06, 2.18467653212e-06, 4.11276914747e-06, 1.93709547602e-06, 3.26197437062e-06, 3.06957508656e-06, 4.16072953158e-06, 6.48255422675e-07, 3.80578001113e-07, 3.38333308036e-07, 2.45109134767e-07, 1.6995144847e-07, 1.17390449361e-07, 5.05744601753e-08, 2.36071482362e-08, 2.20498961312e-08, 1.7292114407e-08, 3.14397610168e-08, 2.10522070887e-08, 1.17294005619e-08, 1.23798029605e-08, 6.50981750601e-15],
        "dvar2": [2.12202685361e-05, 0.00155834283214, 0.000264834117843, 0.000281485903542, 3.79879093089e-05, 7.02532770447e-06, 5.08806442667e-06, 1.08283411464e-05, 4.65780749437e-06, 6.76054287396e-06, 6.43653356747e-06, 1.09928487291e-05, 1.51185417963e-06, 9.60002125794e-07, 7.81131006988e-07, 6.38153551336e-07, 4.15978405499e-07, 3.34289978809e-07, 1.34564032805e-07, 5.94865170456e-08, 5.21304599488e-08, 3.85995200247e-08, 6.8408262166e-08, 4.60628868382e-08, 2.50690579406e-08, 3.01147018433e-08, 9.9967497591e-15],
        "max": [0.0333271548152, 0.206620484591, 0.0785658583045, 0.0842551589012, 0.0305138025433, 0.0181483272463, 0.018624920398, 0.023184383288, 0.0214586835355, 0.0280935429037, 0.0283041074872, 0.047379270196, 0.0196844693273, 0.00876024644822, 0.0103288181126, 0.00503614870831, 0.00667766947299, 0.00528980046511, 0.0035525651183, 0.0027049400378, 0.00332978460938, 0.00231682392769, 0.00295775476843, 0.0040631480515, 0.00180220475886, 0.00191571551841, 2.25864300774e-06],
        "mean": [0.00207896484062, 0.0145044242963, 0.0049466220662, 0.00574779231101, 0.00254994560964, 0.00156889774371, 0.00159182806965, 0.00181342114229, 0.00142899993807, 0.00148058554623, 0.00125525938347, 0.00138434930705, 0.000642156403046, 0.00068357703276, 0.000582662178203, 0.000642249418888, 0.000620796810836, 0.000430811312981, 0.000294297875371, 0.000196216860786, 0.000153213070007, 0.000127831328427, 0.000135371577926, 7.76476590545e-05, 6.85490449541e-05, 4.16837210651e-05, 7.1763119891e-09],
        "median": [6.11908108112e-05, 0.00189614156261, 0.00223056483082, 0.00230675283819, 0.00130813266151, 0.000914942240342, 0.000759957823902, 0.000971255765762, 0.000845564936753, 0.000495595799293, 0.000322368257912, 0.000589813455008, 0.000363416213077, 0.000418297422584, 0.00031896380824, 0.000415638671257, 0.000441262876848, 0.000298477476463, 0.000194119478692, 0.000109657783469, 5.61465749342e-05, 3.96615323552e-05, 4.03244048357e-05, 1.46903121276e-05, 1.76063949766e-05, 1.08232306957e-05, 5.61490964834e-10],
        "min": [2.03429451062e-09, 7.76938406943e-08, 5.39334514826e-08, 1.17081512485e-07, 5.33261918463e-05, 3.42661587638e-05, 1.5142003349e-06, 2.30900604947e-05, 7.82596998761e-06, 1.97753834073e-05, 1.61957711953e-06, 1.5163993794e-06, 6.96535437328e-07, 2.51150254371e-06, 4.31603075413e-06, 3.75598028768e-06, 6.33618583379e-06, 3.57706971954e-06, 1.81724340109e-06, 7.42516760965e-07, 1.29176711994e-07, 6.30615843988e-08, 4.50371899774e-08, 1.71393867987e-08, 1.1736633887e-09, 4.06464861769e-10, 8.27747766163e-12],
        "var": [2.36950927501e-05, 0.00145330850501, 7.7686017903e-05, 9.41444159253e-05, 1.31137621793e-05, 3.49611832462e-06, 4.99479938298e-06, 6.26764312983e-06, 3.60088279194e-06, 8.09145331004e-06, 8.70960684551e-06, 7.57576481192e-06, 1.21477989978e-06, 7.63532170822e-07, 7.24028438981e-07, 4.7531611358e-07, 3.88746940416e-07, 1.93196342479e-07, 1.02302855964e-07, 6.75400286809e-08, 7.58880602802e-08, 5.39457296611e-08, 6.63895391995e-08, 3.91035328562e-08, 2.3283416084e-08, 1.30166286638e-08, 5.72299081362e-15]
    },
    "erbbands": {
        "dmean": [0.646077096462, 1.64072287083, 4.05269098282, 13.2838106155, 10.5892848969, 6.82370042801, 8.66286277771, 9.39916706085, 10.7869815826, 21.0190124512, 26.0741062164, 17.8442440033, 20.2056007385, 33.9736633301, 31.5381469727, 27.8140869141, 16.7425384521, 19.3455886841, 18.0840511322, 15.2568769455, 21.6432819366, 17.2905349731, 14.2974014282, 8.40914154053, 6.12136602402, 4.69032049179, 3.51007628441, 3.25953364372, 2.70363235474, 1.90040290356, 2.61046695709, 1.36715710163, 0.781038820744, 0.461895108223, 0.399411648512, 0.273468792439, 0.0327217578888, 0.00193800998386, 5.05344214616e-05, 2.34497674683e-05],
        "dmean2": [0.969880104065, 2.210085392, 6.99738359451, 22.9569244385, 18.3023014069, 11.6972150803, 14.9893732071, 15.4245166779, 17.1780128479, 34.0283050537, 43.3915901184, 29.25847435, 31.6394805908, 50.8690757751, 50.1166114807, 43.7806472778, 26.7589931488, 31.5734901428, 29.1831073761, 24.4408531189, 35.6138153076, 27.7416667938, 23.6247406006, 13.6241722107, 9.77048969269, 7.62269735336, 5.59608745575, 5.05482006073, 4.08320808411, 2.81332802773, 3.73206186295, 1.90151226521, 1.15657484531, 0.716568827629, 0.582426309586, 0.39835652709, 0.0511901862919, 0.00320499320515, 7.69146718085e-05, 3.42541170539e-05],
        "dvar": [3.07680344582, 14.0335731506, 91.5741577148, 545.70300293, 440.601104736, 155.24798584, 331.454681396, 178.543792725, 372.938018799, 894.098876953, 2020.65551758, 833.121826172, 1256.40759277, 4553.234375, 5587.20068359, 3088.05371094, 1446.12719727, 918.305541992, 847.371643066, 639.987243652, 794.379577637, 491.104522705, 380.157226562, 184.200637817, 64.687713623, 53.0928497314, 37.8998718262, 38.9738616943, 26.4121818542, 13.7828769684, 33.2855873108, 10.8682851791, 6.02484607697, 1.61296951771, 0.843373954296, 0.637080430984, 0.00923564750701, 4.75473279948e-05, 1.91676434724e-08, 1.15753384655e-09],
        "dvar2": [5.37312841415, 21.873708725, 242.15322876, 1457.18115234, 1160.63623047, 423.401397705, 899.652954102, 453.436981201, 842.435119629, 2290.6315918, 5380.42382812, 2034.88964844, 2931.44018555, 9007.06347656, 14258.8193359, 7859.48339844, 3352.70996094, 2285.17456055, 1820.56018066, 1406.24133301, 2001.28198242, 1192.85888672, 1078.89782715, 512.669006348, 151.684783936, 138.04725647, 91.7956314087, 89.9788589478, 58.6597976685, 29.7263031006, 73.8135375977, 23.9384212494, 12.8073015213, 3.58481454849, 1.80073356628, 1.44659900665, 0.0234102867544, 0.000131587774376, 4.92285785469e-08, 2.02518268821e-09],
        "max": [11.2242412567, 28.136598587, 71.9343338013, 192.511154175, 146.726760864, 101.819755554, 266.27041626, 146.244827271, 302.664154053, 387.93460083, 497.173980713, 454.145172119, 572.931213379, 1185.62414551, 1348.69934082, 961.778442383, 998.838623047, 427.758453369, 647.995300293, 447.061737061, 340.03237915, 415.324371338, 230.487625122, 237.806152344, 144.934906006, 129.273864746, 125.15687561, 122.137306213, 94.1310882568, 50.0521507263, 104.323745728, 68.7859268188, 66.627822876, 19.6138305664, 15.5458593369, 11.5413179398, 1.49171602726, 0.11096394062, 0.00188659562264, 0.000266932009254],
        "mean": [0.702647089958, 2.15300703049, 4.75384283066, 15.356092453, 10.9544410706, 7.84954452515, 11.2223615646, 14.4938631058, 18.3084163666, 34.3045349121, 36.9729003906, 28.9374809265, 35.3664932251, 63.5405426025, 58.9858474731, 45.2304801941, 29.8048591614, 36.7053070068, 33.455871582, 26.9004821777, 38.8910942078, 35.4433860779, 27.5626125336, 16.9086112976, 13.5155067444, 9.44428730011, 6.3109960556, 5.85870552063, 4.8548002243, 3.32295513153, 4.1114783287, 2.23478484154, 1.10356259346, 0.627184152603, 0.538951277733, 0.331509947777, 0.0369889698923, 0.00191821611952, 7.5032839959e-05, 5.63524117752e-05],
        "median": [0.035117726773, 0.483311325312, 2.29322957993, 7.21379375458, 4.61576700211, 3.83661174774, 5.67907094955, 8.44108486176, 10.4018182755, 18.1448516846, 19.9620704651, 16.6526184082, 20.0318527222, 21.8764820099, 21.8919219971, 23.7515277863, 18.2419548035, 23.5579128265, 20.2318229675, 17.1958026886, 25.7664756775, 26.730047226, 21.3083209991, 11.7554302216, 9.23623275757, 5.39506053925, 2.49274277687, 1.9711471796, 1.50502383709, 0.929412186146, 1.26917636395, 0.52967017889, 0.173762738705, 0.118176072836, 0.148861140013, 0.0893315002322, 0.00775632914156, 0.000351471535396, 3.13754826493e-05, 3.81016070605e-05],
        "min": [8.23858863441e-06, 3.91794274037e-05, 0.000248985219514, 0.00285991770215, 0.0356592088938, 0.234772324562, 0.338874071836, 0.383880496025, 0.124644391239, 0.389906257391, 0.667460262775, 0.492553085089, 0.910788714886, 0.671544313431, 0.203818961978, 0.110210850835, 0.0627160817385, 0.100154794753, 0.19199988246, 0.226464748383, 0.262150466442, 0.386583924294, 0.31444311142, 0.0859587863088, 0.0753378123045, 0.0345988795161, 0.0137398662046, 0.0059516443871, 0.00263974117115, 0.00170400505885, 0.00137636554427, 0.000448981561931, 0.000301665480947, 3.03209762933e-05, 7.38909466236e-06, 4.90706806886e-05, 1.27422699734e-05, 2.33751893575e-06, 1.16830096886e-06, 1.9262593014e-06],
        "var": [4.16742944717, 24.6188049316, 75.4222717285, 510.205627441, 367.559906006, 136.516372681, 370.480072021, 316.81036377, 761.747558594, 1794.33337402, 2853.93823242, 1406.91308594, 2427.37866211, 15144.5107422, 14523.3007812, 5395.40722656, 2655.13525391, 2008.63354492, 2207.24560547, 1085.31652832, 1702.41162109, 1119.64379883, 600.154418945, 350.657836914, 202.012588501, 143.194213867, 103.584495544, 126.589485168, 83.9863052368, 34.4992675781, 63.2956542969, 22.7489738464, 10.7495260239, 2.93603658676, 1.46553218365, 0.772650718689, 0.00918636098504, 3.54119038093e-05, 1.90871620731e-08, 2.65276489664e-09]
    },
    "gfcc": {
        "mean": [20.2297420502, 104.509643555, -134.594680786, 27.2682361603, -54.310874939, 13.4650716782, -39.5430488586, 14.1727771759, -24.5413742065, -0.0829068049788, -19.5280590057, 1.42439687252, -15.1716814041],
        "cov": [[2483.6340332, -470.796722412, 592.604309082, 615.150512695, 66.4091949463, 501.343566895, 143.592071533, 113.109191895, -49.9540061951, 110.688735962, -129.237335205, 14.1988344193, -171.812057495], [-470.796722412, 910.385070801, -2.36681866646, 192.543182373, 424.352508545, -39.7635955811, 321.709747314, 22.0216064453, 198.86579895, 21.123468399, 158.502609253, -38.0614852905, -11.6677370071], [592.604309082, -2.36681866646, 549.531188965, 326.571563721, 149.496826172, 191.309326172, 70.3309936523, 84.9110488892, 44.1844520569, 63.6799354553, 1.95139992237, 10.2012109756, -46.1202697754], [615.150512695, 192.543182373, 326.571563721, 584.741455078, 271.283752441, 175.738677979, 179.941726685, 93.1970977783, 157.281814575, 82.4744491577, 58.4391212463, -31.3648300171, -69.1280441284], [66.4091949463, 424.352508545, 149.496826172, 271.283752441, 415.303741455, 108.731620789, 236.73475647, 72.8049621582, 136.800231934, 79.6411361694, 82.5063934326, -4.18578577042, -38.7466850281], [501.343566895, -39.7635955811, 191.309326172, 175.738677979, 108.731620789, 255.052200317, 127.213661194, 58.5508918762, 15.1300344467, 35.3911018372, 11.703420639, 9.27272129059, -15.5614175797], [143.592071533, 321.709747314, 70.3309936523, 179.941726685, 236.73475647, 127.213661194, 304.168884277, 59.3578567505, 92.1984939575, 40.2328186035, 78.3844604492, 16.2193927765, -20.5939788818], [113.109191895, 22.0216064453, 84.9110488892, 93.1970977783, 72.8049621582, 58.5508918762, 59.3578567505, 104.627128601, 60.8437614441, 38.7420768738, 18.1031684875, 0.944566845894, 0.318132668734], [-49.9540061951, 198.86579895, 44.1844520569, 157.281814575, 136.800231934, 15.1300344467, 92.1984939575, 60.8437614441, 163.128234863, 63.466217041, 67.9579772949, -16.4127922058, -5.11375045776], [110.688735962, 21.123468399, 63.6799354553, 82.4744491577, 79.6411361694, 35.3911018372, 40.2328186035, 38.7420768738, 63.466217041, 103.009132385, 35.0901603699, 6.83407831192, -30.9223670959], [-129.237335205, 158.502609253, 1.95139992237, 58.4391212463, 82.5063934326, 11.703420639, 78.3844604492, 18.1031684875, 67.9579772949, 35.0901603699, 115.766540527, 10.7972679138, 20.920009613], [14.1988344193, -38.0614852905, 10.2012109756, -31.3648300171, -4.18578577042, 9.27272129059, 16.2193927765, 0.944566845894, -16.4127922058, 6.83407831192, 10.7972679138, 73.9507904053, 11.3708496094], [-171.812057495, -11.6677370071, -46.1202697754, -69.1280441284, -38.7466850281, -15.5614175797, -20.5939788818, 0.318132668734, -5.11375045776, -30.9223670959, 20.920009613, 11.3708496094, 108.532867432]],
        "icov": [[0.00133503263351, 0.000297765189316, -0.000150005114847, -0.00135312741622, 0.000788031611592, -0.00152113882359, -0.000541162327863, -5.70901738683e-06, 0.0010207266314, -0.0010521307122, 0.00134757859632, -0.000282577180769, 0.000698575808201], [0.000297765189316, 0.00584015063941, -0.000911455834284, 0.00089196243789, -0.00438004452735, 0.00344919785857, -0.00421696016565, 0.00261250091717, -0.00296301208436, 0.00393176125363, -0.00271424232051, 0.00294719426893, 0.000598051468842], [-0.000150005114847, -0.000911455834284, 0.00374869070947, -0.00178134720773, 5.81731474085e-05, -0.00195872643963, 0.00196312577464, -0.00169655261561, 0.0013908110559, -0.000989422784187, 0.000627195637207, -0.00157487683464, 6.8069100962e-05], [-0.00135312741622, 0.00089196243789, -0.00178134720773, 0.00606248620898, -0.00258452794515, 0.00106823421083, -0.000477988069179, 0.000866477668751, -0.00475361850113, 0.00288195069879, -0.00231113168411, 0.00221075792797, 0.00100647681393], [0.000788031611592, -0.00438004452735, 5.81731474085e-05, -0.00258452794515, 0.00979480240494, -0.0033898872789, -0.000529224111233, -0.00188287906349, 0.00184749008622, -0.00529316533357, 0.00284175481647, -0.00195316504687, 0.000306843168801], [-0.00152113882359, 0.00344919785857, -0.00195872643963, 0.00106823421083, -0.0033898872789, 0.0119481561705, -0.00534677598625, -0.000155134126544, 0.000244449853199, 0.00196878332645, -0.00273636099882, 0.00283886236139, -0.00189788104035], [-0.000541162327863, -0.00421696016565, 0.00196312577464, -0.000477988069179, -0.000529224111233, -0.00534677598625, 0.011516649276, -0.00298772379756, 0.000442267715698, 0.000285697664367, -0.00120255188085, -0.00433157477528, 0.00124606594909], [-5.70901738683e-06, 0.00261250091717, -0.00169655261561, 0.000866477668751, -0.00188287906349, -0.000155134126544, -0.00298772379756, 0.0166535247117, -0.00665591005236, -0.000763661810197, 0.00120161345694, 0.00104030454531, -0.00207919371314], [0.0010207266314, -0.00296301208436, 0.0013908110559, -0.00475361850113, 0.00184749008622, 0.000244449853199, 0.000442267715698, -0.00665591005236, 0.0189298074692, -0.00856664404273, -0.00136830401607, 0.00160157866776, -0.00179423659574], [-0.0010521307122, 0.00393176125363, -0.000989422784187, 0.00288195069879, -0.00529316533357, 0.00196878332645, 0.000285697664367, -0.000763661810197, -0.00856664404273, 0.0213121827692, -0.00688651716337, -0.000756189518142, 0.00569641403854], [0.00134757859632, -0.00271424232051, 0.000627195637207, -0.00231113168411, 0.00284175481647, -0.00273636099882, -0.00120255188085, 0.00120161345694, -0.00136830401607, -0.00688651716337, 0.0178547501564, -0.00361963082105, -0.0040624095127], [-0.000282577180769, 0.00294719426893, -0.00157487683464, 0.00221075792797, -0.00195316504687, 0.00283886236139, -0.00433157477528, 0.00104030454531, 0.00160157866776, -0.000756189518142, -0.00361963082105, 0.0179540012032, -0.00183014932554], [0.000698575808201, 0.000598051468842, 6.8069100962e-05, 0.00100647681393, 0.000306843168801, -0.00189788104035, 0.00124606594909, -0.00207919371314, -0.00179423659574, 0.00569641403854, -0.0040624095127, -0.00183014932554, 0.0136471325532]]
    },
    "melbands": {
        "dmean": [0.00431091478094, 0.0016279934207, 0.00221305037849, 0.000544521666598, 0.000302061234834, 0.000201946691959, 0.000173639287823, 0.000247554649832, 0.000197241752176, 0.000117903509818, 0.000105178973172, 0.000144137899042, 0.000109534121293, 0.000113206580863, 4.44238867203e-05, 3.80885539926e-05, 3.64502338925e-05, 3.13743585139e-05, 2.25591320486e-05, 2.07588291232e-05, 2.65109210886e-05, 1.89558450074e-05, 1.8040283976e-05, 1.22416640806e-05, 6.85760869601e-06, 6.03850867265e-06, 3.9838992052e-06, 3.03938713841e-06, 2.35972038354e-06, 2.24005043492e-06, 1.95116649593e-06, 1.7060101527e-06, 1.32494324134e-06, 1.0873377505e-06, 1.50426683376e-06, 1.47425055275e-06, 7.33997012503e-07, 5.81629024055e-07, 5.1764084219e-07, 3.8446952999e-07],
        "dmean2": [0.00640343315899, 0.00249746604823, 0.00379934883676, 0.000934959854931, 0.000522435700987, 0.000331892428221, 0.000272022793069, 0.000408398685977, 0.000327395071508, 0.000191173268831, 0.000163154007168, 0.000215220366954, 0.000170425249962, 0.000182948526344, 7.03637997503e-05, 6.03241242061e-05, 5.99794002483e-05, 5.11081270815e-05, 3.72270405933e-05, 3.40713304467e-05, 4.40009607701e-05, 3.03270953737e-05, 2.97710139421e-05, 2.06148233701e-05, 1.12241032184e-05, 9.77302443061e-06, 6.36744380245e-06, 5.03134015162e-06, 3.80602023142e-06, 3.55941165253e-06, 3.1080712688e-06, 2.60513479589e-06, 2.03136437449e-06, 1.65459152868e-06, 2.14297983803e-06, 2.15687691707e-06, 1.08796120912e-06, 8.67523738179e-07, 8.38232779188e-07, 6.02853390319e-07],
        "dvar": [0.000130622036522, 1.0714265045e-05, 1.59146493388e-05, 9.98759674076e-07, 3.61384451253e-07, 8.0903483024e-08, 8.30460606949e-08, 1.12406098651e-07, 1.11332695951e-07, 3.22449622558e-08, 3.32196350428e-08, 8.22320203042e-08, 6.6923455222e-08, 6.74529800904e-08, 7.88753684589e-09, 3.76817910208e-09, 3.71953601253e-09, 2.71179745326e-09, 1.78676884399e-09, 1.06123898558e-09, 1.2488127199e-09, 7.2067496415e-10, 5.72984437675e-10, 3.59450386123e-10, 1.47694537156e-10, 6.43780029286e-11, 4.03726010956e-11, 2.13979025471e-11, 1.45783957822e-11, 2.50583945954e-11, 1.39982626185e-11, 1.06042639947e-11, 6.45083248971e-12, 4.76562973112e-12, 9.18802707528e-12, 1.54368375721e-11, 4.04813248894e-12, 4.62077945351e-12, 2.57893402814e-12, 9.37170805369e-13],
        "dvar2": [0.000220334826736, 2.50149460044e-05, 4.25091166107e-05, 2.63554056801e-06, 9.68788185673e-07, 2.0947246071e-07, 1.88222131214e-07, 2.86632882762e-07, 2.92183045758e-07, 7.94823762362e-08, 7.64963274946e-08, 1.63905781392e-07, 1.55604482188e-07, 1.7823606413e-07, 1.91625098012e-08, 8.84988615724e-09, 9.35546573544e-09, 6.00855543098e-09, 4.37727099012e-09, 2.67760214001e-09, 3.10321501829e-09, 1.73080560995e-09, 1.47997381017e-09, 1.03025388221e-09, 4.08507061511e-10, 1.60635671431e-10, 9.82570413921e-11, 5.74370863371e-11, 3.55980384059e-11, 6.27262755626e-11, 3.4447385916e-11, 2.44679658479e-11, 1.46478020685e-11, 1.07009479403e-11, 1.95593263808e-11, 3.64126333252e-11, 9.27455161281e-12, 1.04025902475e-11, 6.29804064803e-12, 2.09450143861e-12],
        "max": [0.0732571110129, 0.0274495687336, 0.0304958913475, 0.00712525565177, 0.00746176950634, 0.00297817471437, 0.00418490124866, 0.00378701533191, 0.00369045441039, 0.00245804688893, 0.00280134100467, 0.00505520962179, 0.00447751116008, 0.00611930713058, 0.00177017436363, 0.00129044183996, 0.000982489204034, 0.00101163028739, 0.000709858955815, 0.000408074207371, 0.000423153920565, 0.000563217268791, 0.000289535528282, 0.000354042567778, 0.000233280021348, 9.15727578104e-05, 0.000128346859128, 7.48958264012e-05, 5.86435999139e-05, 0.000148937440827, 5.52026904188e-05, 6.27389526926e-05, 4.29811225331e-05, 2.71822573268e-05, 4.91762111778e-05, 6.87689462211e-05, 5.07670629304e-05, 6.26947803539e-05, 2.54718906945e-05, 1.40604115586e-05],
        "mean": [0.00496475212276, 0.00254413369112, 0.00250976276584, 0.000593369652051, 0.000393461377826, 0.000307797978166, 0.00030063817394, 0.000398653792217, 0.000276324572042, 0.000187787329196, 0.000178093119757, 0.000259028776782, 0.000195824861294, 0.000174625660293, 6.92557805451e-05, 6.79169170326e-05, 6.56970732962e-05, 5.43437163287e-05, 3.75961390091e-05, 3.61552083632e-05, 4.46522644779e-05, 3.50243535649e-05, 3.2122265111e-05, 2.14131487155e-05, 1.25800606838e-05, 1.16005658128e-05, 8.30488806969e-06, 5.48720572624e-06, 3.88353191738e-06, 3.72231420442e-06, 3.23363087773e-06, 2.8635754461e-06, 2.18279978981e-06, 1.71211820543e-06, 2.32880711337e-06, 2.17158662963e-06, 1.10798566766e-06, 7.92799028204e-07, 6.20727064415e-07, 4.88190721626e-07],
        "median": [0.000441741140094, 0.00114685494918, 0.00122013688087, 0.000284835055936, 0.000198698136955, 0.00018070594524, 0.00017281100736, 0.000222753267735, 0.000143523211591, 0.000110101129394, 9.70341789071e-05, 8.29604832688e-05, 6.22243969701e-05, 6.92416433594e-05, 3.64480438293e-05, 4.23880628659e-05, 4.0371556679e-05, 3.10831856041e-05, 2.16203588934e-05, 2.32425591093e-05, 2.75244801742e-05, 2.45240462391e-05, 2.38001157413e-05, 1.40351376103e-05, 8.15436396806e-06, 7.76189881435e-06, 4.92567232868e-06, 3.04331342704e-06, 1.60866329679e-06, 1.08352924144e-06, 1.11593021757e-06, 8.67870880938e-07, 6.20485138825e-07, 4.4190284143e-07, 7.26692633179e-07, 5.91868740685e-07, 2.20891024583e-07, 1.16724862664e-07, 8.62119264866e-08, 9.04255585965e-08],
        "min": [6.25066221005e-08, 3.14505825827e-08, 1.23733940427e-07, 7.45673696656e-06, 9.91484284896e-06, 5.87116710449e-06, 4.99844702517e-07, 4.68172083856e-06, 2.90668049274e-06, 1.07708319774e-06, 3.42999578606e-06, 2.12297504731e-06, 3.93805066778e-07, 3.13576720146e-07, 1.82430980544e-07, 7.46618198377e-08, 1.73965631234e-07, 2.45296490675e-07, 3.4475814914e-07, 2.49142203756e-07, 2.51465110068e-07, 3.22222746263e-07, 4.85378848225e-07, 1.56275376639e-07, 3.68495705061e-08, 5.83562496104e-08, 3.189629183e-08, 1.21242997864e-08, 9.32673849263e-09, 3.73717234936e-09, 1.77725156814e-09, 6.5067456978e-10, 1.0760502489e-09, 7.86483655979e-10, 8.26688828504e-10, 5.99487348651e-10, 1.32757194127e-10, 2.30071105396e-12, 2.23833321669e-13, 4.64619553768e-13],
