{
"highlevel": {
    "danceability": {
        "all": {
            "danceable": 0.9923132658,
            "not_danceable": 0.00768675887957
        },
        "probability": 0.9923132658,
        "value": "danceable"
    },
    "gender": {
        "all": {
            "female": 0.0825531706214,
            "male": 0.91744685173
        },
        "probability": 0.91744685173,
        "value": "male"
    },
    "genre_dortmund": {
        "all": {
            "alternative": 0.1057594046,
            "blues": 0.0310801807791,
            "electronic": 0.0931331440806,
            "folkcountry": 0.0335692763329,
            "funksoulrnb": 0.0227321963757,
            "jazz": 0.0246935021132,
            "pop": 0.0604639947414,
            "raphiphop": 0.0113915139809,
            "rock": 0.617176771164
        },
        "probability": 0.617176771164,
        "value": "rock"
    },
    "genre_electronic": {
        "all": {
            "ambient": 0.27391064167,
            "dnb": 0.158564299345,
            "house": 0.0563424043357,
            "techno": 0.0196497924626,
            "trance": 0.491532862186
        },
        "probability": 0.491532862186,
        "value": "trance"
    },
    "genre_rosamerica": {
        "all": {
            "cla": 0.000646883214358,
            "dan": 0.042878575623,
            "hip": 0.0140467360616,
            "jaz": 0.000929539499339,
            "pop": 0.559713602066,
            "rhy": 0.0190720837563,
            "roc": 0.362442195415,
            "spe": 0.00027035511448
        },
        "probability": 0.559713602066,
        "value": "pop"
    },
    "genre_tzanetakis": {
        "all": {
            "blu": 0.0626541376114,
            "cla": 0.0348133966327,
            "cou": 0.0783501937985,
            "dis": 0.104547761381,
            "hip": 0.15693578124,
            "jaz": 0.313987255096,
            "met": 0.044816005975,
            "pop": 0.0627349764109,
            "reg": 0.0627352520823,
            "roc": 0.0784252434969
        },
        "probability": 0.313987255096,
        "value": "jaz"
    },
    "ismir04_rhythm": {
        "all": {
            "ChaChaCha": 0.138033792377,
            "Jive": 0.782160878181,
            "Quickstep": 0.00457574706525,
            "Rumba-American": 0.00344508187845,
            "Rumba-International": 0.00585827045143,
            "Rumba-Misc": 0.00163035083096,
            "Samba": 0.040185879916,
            "Tango": 0.00139531830791,
            "VienneseWaltz": 0.0218190979213,
            "Waltz": 0.000895566598047
        },
        "probability": 0.782160878181,
        "value": "Jive"
    },
    "mood_acoustic": {
        "all": {
            "acoustic": 0.00625843368471,
            "not_acoustic": 0.993741571903
        },
        "probability": 0.993741571903,
        "value": "not_acoustic"
    },
    "mood_aggressive": {
        "all": {
            "aggressive": 0.810398876667,
            "not_aggressive": 0.189601108432
        },
        "probability": 0.810398876667,
        "value": "aggressive"
    },
    "mood_electronic": {
        "all": {
            "electronic": 0.648228168488,
            "not_electronic": 0.351771831512
        },
        "probability": 0.648228168488,
        "value": "electronic"
    },
    "mood_happy": {
        "all": {
            "happy": 0.791893005371,
            "not_happy": 0.208106994629
        },
        "probability": 0.791893005371,
        "value": "happy"
    },
    "mood_party": {
        "all": {
            "not_party": 0.297296643257,
            "party": 0.702703356743
        },
        "probability": 0.702703356743,
        "value": "party"
    },
    "mood_relaxed": {
        "all": {
            "not_relaxed": 0.958385169506,
            "relaxed": 0.0416148155928
        },
        "probability": 0.958385169506,
        "value": "not_relaxed"
    },
    "mood_sad": {
        "all": {
            "not_sad": 0.851063668728,
            "sad": 0.148936331272
        },
        "probability": 0.851063668728,
        "value": "not_sad"
    },
    "moods_mirex": {
        "all": {
            "Cluster1": 0.267079919577,
            "Cluster2": 0.124108798802,
            "Cluster3": 0.0206809528172,
            "Cluster4": 0.150096297264,
            "Cluster5": 0.438034027815
        },
        "probability": 0.438034027815,
        "value": "Cluster5"
    },
    "timbre": {
        "all": {
            "bright": 0.552251040936,
            "dark": 0.447748988867
        },
        "probability": 0.552251040936,
        "value": "bright"
    },
    "tonal_atonal": {
        "all": {
            "atonal": 0.0119975535199,
            "tonal": 0.988002419472
        },
        "probability": 0.988002419472,
        "value": "tonal"
    },
    "voice_instrumental": {
        "all": {
            "instrumental": 0.00602592993528,
            "voice": 0.993974089622
        },
        "probability": 0.993974089622,
        "value": "voice"
    }
},
"lowlevel": {
    "average_loudness": 0.980996191502,
    "barkbands_crest": {
        "dmean": 2.99640536308,
        "dmean2": 4.79678630829,
        "dvar": 6.27258968353,
        "dvar2": 15.1268138885,
        "max": 23.6172580719,
        "mean": 9.33132839203,
        "median": 8.13928127289,
        "min": 2.3594315052,
        "var": 20.2822780609
    },
    "barkbands_flatness_db": {
        "dmean": 0.0204766448587,
        "dmean2": 0.0314015522599,
        "dvar": 0.000319196115015,
        "dvar2": 0.000668859342113,
        "max": 0.230390563607,
        "mean": 0.103932216763,
        "median": 0.0987816900015,
        "min": 0.0267510246485,
        "var": 0.00127420376521
    },
    "barkbands_kurtosis": {
        "dmean": 1.59623503685,
        "dmean2": 2.52614045143,
        "dvar": 5.58790063858,
        "dvar2": 13.0723352432,
        "max": 25.7491722107,
        "mean": 1.34796595573,
        "median": 0.383377552032,
        "min": -1.78429949284,
        "var": 11.458524704
    },
    "barkbands_skewness": {
        "dmean": 0.476807057858,
        "dmean2": 0.738804399967,
        "dvar": 0.203210383654,
        "dvar2": 0.450246274471,
        "max": 4.85741949081,
        "mean": 0.990325450897,
        "median": 0.852296411991,
        "min": -1.53074026108,
        "var": 0.755322337151
    },
    "barkbands_spread": {
        "dmean": 7.05530500412,
        "dmean2": 11.2218484879,
        "dvar": 52.0094642639,
        "dvar2": 109.551460266,
        "max": 101.320617676,
        "mean": 30.5286693573,
        "median": 28.7944602966,
        "min": 5.68184947968,
        "var": 172.733764648
    },
    "dissonance": {
        "dmean": 0.018354697153,
        "dmean2": 0.0315492339432,
        "dvar": 0.000354005605914,
        "dvar2": 0.00100274919532,
        "max": 0.49979019165,
        "mean": 0.471399992704,
        "median": 0.476731538773,
        "min": 0.315470844507,
        "var": 0.000532270874828
    },
    "dynamic_complexity": 1.55375790596,
    "erbbands_crest": {
        "dmean": 3.223549366,
        "dmean2": 5.20130062103,
        "dvar": 10.1331825256,
        "dvar2": 24.0204925537,
        "max": 28.8413181305,
        "mean": 9.57183074951,
        "median": 8.22898864746,
        "min": 2.48542618752,
        "var": 28.0245704651
    },
    "erbbands_flatness_db": {
        "dmean": 0.0169978644699,
        "dmean2": 0.0263371393085,
        "dvar": 0.000225427327678,
        "dvar2": 0.000482970615849,
        "max": 0.265046328306,
        "mean": 0.13684861362,
        "median": 0.132126361132,
        "min": 0.0728334635496,
        "var": 0.000964394654147
    },
    "erbbands_kurtosis": {
        "dmean": 1.0468146801,
        "dmean2": 1.68480443954,
        "dvar": 2.20509195328,
        "dvar2": 5.65097332001,
        "max": 28.0029602051,
        "mean": 0.859134435654,
        "median": 0.285121679306,
        "min": -1.4200334549,
        "var": 3.9807741642
    },
    "erbbands_skewness": {
        "dmean": 0.354103475809,
        "dmean2": 0.537916719913,
        "dvar": 0.100256942213,
        "dvar2": 0.233651697636,
        "max": 3.33183169365,
        "mean": 0.360945641994,
        "median": 0.270861625671,
        "min": -2.72882723808,
        "var": 0.517763435841
    },
    "erbbands_spread": {
        "dmean": 7.8618927002,
        "dmean2": 11.9574232101,
        "dvar": 52.505115509,
        "dvar2": 106.861083984,
        "max": 97.1245422363,
        "mean": 35.6208992004,
        "median": 33.4271240234,
        "min": 4.20540094376,
        "var": 219.828613281
    },
    "hfc": {
        "dmean": 11.8532581329,
        "dmean2": 16.9225959778,
        "dvar": 213.720123291,
        "dvar2": 469.417358398,
        "max": 143.179794312,
        "mean": 34.2980995178,
        "median": 30.054769516,
        "min": 2.28968787193,
        "var": 465.19519043
    },
    "melbands_crest": {
        "dmean": 3.97772502899,
        "dmean2": 6.40176963806,
        "dvar": 11.1390037537,
        "dvar2": 27.7932014465,
        "max": 31.8325271606,
        "mean": 13.7111988068,
        "median": 12.5763702393,
        "min": 3.88246583939,
        "var": 31.6053962708
    },
    "melbands_flatness_db": {
        "dmean": 0.0261999554932,
        "dmean2": 0.0405483953655,
        "dvar": 0.000520971952938,
        "dvar2": 0.0011023604311,
        "max": 0.320566534996,
        "mean": 0.149256393313,
        "median": 0.141629636288,
        "min": 0.0465852469206,
        "var": 0.00245804199949
    },
    "melbands_kurtosis": {
        "dmean": 4.58837175369,
        "dmean2": 7.26313018799,
        "dvar": 58.993057251,
        "dvar2": 138.642333984,
        "max": 92.7894744873,
        "mean": 7.02297830582,
        "median": 3.65789651871,
        "min": -1.55248188972,
        "var": 116.986358643
    },
    "melbands_skewness": {
        "dmean": 0.691707909107,
        "dmean2": 1.05024445057,
        "dvar": 0.477661520243,
        "dvar2": 1.04704391956,
        "max": 8.99988174438,
        "mean": 1.96466362476,
        "median": 1.70466864109,
        "min": -1.26130878925,
        "var": 1.86740601063
    },
    "melbands_spread": {
        "dmean": 9.58595752716,
        "dmean2": 15.134935379,
        "dvar": 106.910835266,
        "dvar2": 219.263412476,
        "max": 227.556350708,
        "mean": 33.8031196594,
        "median": 31.2497177124,
        "min": 3.79330945015,
        "var": 316.974365234
    },
    "pitch_salience": {
        "dmean": 0.0748248249292,
        "dmean2": 0.115142032504,
        "dvar": 0.0037901357282,
        "dvar2": 0.00874309334904,
        "max": 0.790007770061,
        "mean": 0.53762024641,
        "median": 0.548548281193,
        "min": 0.162372082472,
        "var": 0.0133634814993
    },
    "silence_rate_20dB": {
        "dmean": 0,
        "dmean2": 0,
        "dvar": 0,
        "dvar2": 0,
        "max": 1,
        "mean": 1,
        "median": 1,
        "min": 1,
        "var": 0
    },
    "silence_rate_30dB": {
        "dmean": 0,
        "dmean2": 0,
        "dvar": 0,
        "dvar2": 0,
        "max": 1,
        "mean": 1,
        "median": 1,
        "min": 1,
        "var": 0
    },
    "silence_rate_60dB": {
        "dmean": 0,
        "dmean2": 0,
        "dvar": 0,
        "dvar2": 0,
        "max": 0,
        "mean": 0,
        "median": 0,
        "min": 0,
        "var": 0
    },
    "spectral_centroid": {
        "dmean": 276.233337402,
        "dmean2": 448.335723877,
        "dvar": 71295.484375,
        "dvar2": 170037.765625,
        "max": 4592.52148438,
        "mean": 1656.76196289,
        "median": 1593.03051758,
        "min": 596.983642578,
        "var": 213133.3125
    },
    "spectral_complexity": {
        "dmean": 5.13544893265,
        "dmean2": 7.49264144897,
        "dvar": 28.7253894806,
        "dvar2": 49.7125091553,
        "max": 61,
        "mean": 27.3836040497,
        "median": 25,
        "min": 7,
        "var": 97.255645752
    },
    "spectral_decrease": {
        "dmean": 3.03730729456e-09,
        "dmean2": 4.60885063447e-09,
        "dvar": 9.1621485953e-18,
        "dvar2": 2.2582265642e-17,
        "max": -7.42667427556e-10,
        "mean": -8.80359518618e-09,
        "median": -7.92691157159e-09,
        "min": -3.30645022473e-08,
        "var": 2.61502695096e-17
    },
    "spectral_energy": {
        "dmean": 0.0121963312849,
        "dmean2": 0.0184125229716,
        "dvar": 0.000141015741974,
        "dvar2": 0.000341697887052,
        "max": 0.127829954028,
        "mean": 0.0363376997411,
        "median": 0.0329888164997,
        "min": 0.00347451446578,
        "var": 0.000403717393056
    },
    "spectral_energyband_high": {
        "dmean": 0.000758894195314,
        "dmean2": 0.00106875097845,
        "dvar": 1.56435885401e-06,
        "dvar2": 3.17719945997e-06,
        "max": 0.0138736180961,
        "mean": 0.00178110494744,
        "median": 0.00119013432413,
        "min": 6.51216687402e-05,
        "var": 3.12115798806e-06
    },
    "spectral_energyband_low": {
        "dmean": 0.00754555081949,
        "dmean2": 0.0118140429258,
        "dvar": 0.000121640776342,
        "dvar2": 0.000299917417578,
        "max": 0.0984470918775,
        "mean": 0.014737771824,
        "median": 0.00803315639496,
        "min": 3.88563057641e-05,
        "var": 0.000294968660455
    },
    "spectral_energyband_middle_high": {
        "dmean": 0.00410037720576,
        "dmean2": 0.00622221082449,
        "dvar": 2.2580688892e-05,
        "dvar2": 5.16859581694e-05,
        "max": 0.0429416634142,
        "mean": 0.00949526391923,
        "median": 0.00727683492005,
        "min": 0.00057667773217,
        "var": 5.36363477295e-05
    },
    "spectral_energyband_middle_low": {
        "dmean": 0.00542798265815,
        "dmean2": 0.00847831647843,
        "dvar": 3.73576549464e-05,
        "dvar2": 9.42094338825e-05,
        "max": 0.054669894278,
        "mean": 0.0116528216749,
        "median": 0.00904085487127,
        "min": 0.000791443628259,
        "var": 7.13664121577e-05
    },
    "spectral_entropy": {
        "dmean": 0.121976360679,
        "dmean2": 0.1837143749,
        "dvar": 0.0121228964999,
        "dvar2": 0.0257650855929,
        "max": 8.64015769958,
        "mean": 7.92745923996,
        "median": 7.91241502762,
        "min": 7.16513442993,
        "var": 0.0489634498954
    },
    "spectral_flux": {
        "dmean": 0.0263821240515,
        "dmean2": 0.0418453514576,
        "dvar": 0.000618827587459,
        "dvar2": 0.00140513421502,
        "max": 0.257092863321,
        "mean": 0.10780120641,
        "median": 0.100497893989,
        "min": 0.0292368344963,
        "var": 0.00153023435269
    },
    "spectral_kurtosis": {
        "dmean": 0.76396805048,
        "dmean2": 1.2223675251,
        "dvar": 0.429644972086,
        "dvar2": 1.13935911655,
        "max": 8.0660982132,
        "mean": 2.61310577393,
        "median": 2.58726406097,
        "min": -0.693154335022,
        "var": 1.32727181911
    },
    "spectral_rms": {
        "dmean": 0.000979972770438,
        "dmean2": 0.00145451875869,
        "dvar": 7.23933794688e-07,
        "dvar2": 1.59543890277e-06,
        "max": 0.0111674591899,
        "mean": 0.00572566175833,
        "median": 0.00567311327904,
        "min": 0.00184113287833,
        "var": 2.66816959993e-06
    },
    "spectral_rolloff": {
        "dmean": 636.130615234,
        "dmean2": 1063.83398438,
        "dvar": 978803.5,
        "dvar2": 2083739.625,
        "max": 9733.0078125,
        "mean": 1836.1496582,
        "median": 1485.79101562,
        "min": 64.599609375,
        "var": 2032117.125
    },
    "spectral_skewness": {
        "dmean": 0.147791534662,
        "dmean2": 0.222791433334,
        "dvar": 0.0151967043057,
        "dvar2": 0.0316452719271,
        "max": 2.49521708488,
        "mean": 1.31268513203,
        "median": 1.32885158062,
        "min": 0.259330362082,
        "var": 0.0669981315732
    },
    "spectral_spread": {
        "dmean": 489363.53125,
        "dmean2": 735474.1875,
        "dvar": 361560997888,
        "dvar2": 676352557056,
        "max": 13108660,
        "mean": 5137588,
        "median": 4981821,
        "min": 3383612.25,
        "var": 979288260608
    },
    "spectral_strongpeak": {
        "dmean": 0.944439888,
        "dmean2": 1.58418619633,
        "dvar": 2.01614093781,
        "dvar2": 4.87338781357,
        "max": 11.4833459854,
        "mean": 1.40398645401,
        "median": 0.477319419384,
        "min": 0,
        "var": 3.25864934921
    },
    "zerocrossingrate": {
        "dmean": 0.0123124727979,
        "dmean2": 0.0142456339672,
        "dvar": 0.000172036976437,
        "dvar2": 0.000187828147318,
        "max": 0.31884765625,
        "mean": 0.0766858384013,
        "median": 0.0732421875,
        "min": 0.01513671875,
        "var": 0.00107223284431
    },
    "barkbands": {
        "dmean": [0.000501727394294, 0.00615581776947, 0.0025473004207, 0.00162412319332, 0.00109393405728, 0.000941110949498, 0.000704111065716, 0.000989433261566, 0.00213164230809, 0.00092085119104, 0.000718839117326, 0.00098847260233, 0.000668396765832, 0.00101417780388, 0.00105115270708, 0.000396964896936, 0.000390368455555, 0.000291098462185, 0.000205899981665, 0.0002301393979, 0.000176369067049, 0.000161637421115, 0.000133827023092, 0.000188896767213, 0.000100230565295, 5.09549026901e-05, 1.43756338389e-07],
        "dmean2": [0.000760785012972, 0.00973993353546, 0.00437284307554, 0.00281935813837, 0.00187247362919, 0.00152161880396, 0.00114978221245, 0.00157367496286, 0.00337133323774, 0.00149944599252, 0.00117049366236, 0.00160176539794, 0.00108895835001, 0.0016573315952, 0.00167589553166, 0.000620068458375, 0.000636920682155, 0.000451065890957, 0.00034796592081, 0.000377452088287, 0.000272189237876, 0.00024234878947, 0.000204770331038, 0.000273524230579, 0.000153965840582, 8.44486930873e-05, 2.48730486874e-07],
        "dvar": [5.48296384295e-07, 0.000105148508737, 2.14526025957e-05, 1.00384622783e-05, 3.94684411731e-06, 2.62971957454e-06, 1.63150741628e-06, 3.69528538613e-06, 1.28023912112e-05, 3.95284405386e-06, 3.27590669258e-06, 3.75361923943e-06, 2.90104685519e-06, 4.46385411124e-06, 6.07704487265e-06, 9.97482743514e-07, 4.52028359632e-07, 2.36122758679e-07, 1.64621340559e-07, 1.47538486317e-07, 8.88292177592e-08, 4.81308752853e-08, 4.92609402158e-08, 1.92640300156e-07, 3.18535349209e-08, 1.14122684636e-08, 1.05239174851e-13],
        "dvar2": [1.22284859572e-06, 0.000261145585682, 6.10646384303e-05, 2.73298064712e-05, 1.06817487904e-05, 6.29335363556e-06, 4.15804879594e-06, 9.07193498279e-06, 3.12461343128e-05, 9.93010326056e-06, 7.40729410609e-06, 8.8952938313e-06, 7.38006247047e-06, 1.08750655272e-05, 1.455481015e-05, 2.33370224123e-06, 1.08448512037e-06, 5.52306516965e-07, 4.23088749812e-07, 3.5762067796e-07, 1.90150359458e-07, 9.73983702579e-08, 1.06205931161e-07, 3.66653267747e-07, 7.20867063819e-08, 3.0903454018e-08, 2.69279715713e-13],
        "max": [0.0095477681607, 0.0851042568684, 0.0478525869548, 0.0255822371691, 0.0160724688321, 0.0182262416929, 0.0186237227172, 0.0321443453431, 0.046465985477, 0.0276300553232, 0.0334984064102, 0.0262644290924, 0.0270847063512, 0.0312393568456, 0.0261415876448, 0.0199480485171, 0.00957686454058, 0.00827451236546, 0.00882713962346, 0.00370164168999, 0.00292355474085, 0.0020628371276, 0.0046297381632, 0.00983675103635, 0.00275245122612, 0.000812616257463, 2.95854329124e-06],
        "mean": [0.000907348643523, 0.00955850724131, 0.00329616619274, 0.00188933801837, 0.00143325701356, 0.0014209295623, 0.00103565887548, 0.00155402359087, 0.00342148868367, 0.00145733670797, 0.00122446962632, 0.00149307295214, 0.000893172225915, 0.00129013916012, 0.00141698133666, 0.000619498256128, 0.000625148531981, 0.000495573563967, 0.000330657931045, 0.000395803188439, 0.000360211677616, 0.000380400626455, 0.000276778679108, 0.000332879455527, 0.00017132787616, 5.74443329242e-05, 1.21571090972e-07],
        "median": [0.000346371496562, 0.00366490148008, 0.00172075466253, 0.000812011188827, 0.000838642299641, 0.000751540414058, 0.000533510115929, 0.000694040558301, 0.00121146906167, 0.000515300314873, 0.000292384269414, 0.000746965641156, 0.000425506295869, 0.000580203777645, 0.00039873062633, 0.000306480680592, 0.000355605268851, 0.000296267127851, 0.000213436302147, 0.000249479198828, 0.000221915790462, 0.000281084852759, 0.0001755032863, 0.000189695230802, 0.000102536527265, 2.60363394773e-05, 4.84313744664e-09],
        "min": [9.70153379853e-08, 2.14317856262e-06, 1.684243216e-05, 4.77189860248e-06, 2.75593829429e-05, 2.16570460907e-05, 1.44966361404e-05, 2.05199448828e-05, 2.23961524171e-05, 6.31101693216e-06, 6.06693629379e-06, 1.10122109618e-05, 7.54709071771e-06, 1.45907806655e-05, 9.43847408053e-06, 2.30119694606e-05, 1.61579300766e-05, 1.97060035134e-05, 1.70523035194e-05, 1.07613568616e-05, 1.34169576995e-05, 1.31962642627e-05, 4.95494259667e-06, 5.78518120165e-06, 4.44895704277e-07, 2.65016919521e-09, 8.37341307403e-12],
        "var": [1.7955507019e-06, 0.000212329076021, 2.23453880608e-05, 9.11492406885e-06, 3.58659804078e-06, 4.04662159781e-06, 2.51746564572e-06, 8.71396787261e-06, 3.03849374177e-05, 9.93783214653e-06, 9.82382425718e-06, 5.71849614062e-06, 3.04596869682e-06, 6.3065381255e-06, 8.71920019563e-06, 1.347778948e-06, 7.4092469049e-07, 4.00153368219e-07, 1.78835406928e-07, 2.01284862555e-07, 1.60567594776e-07, 1.09301936391e-07, 9.00357122191e-08, 3.23545435776e-07, 4.94400040907e-08, 9.93244420044e-09, 9.61503080388e-14]
    },
    "erbbands": {
        "dmean": [0.207653313875, 1.32810926437, 2.88403058052, 4.10767841339, 4.45333385468, 3.45953130722, 5.2897143364, 8.67551517487, 8.82519817352, 12.5222234726, 25.8267288208, 40.627040863, 50.0810661316, 19.3382358551, 31.2295131683, 40.1312789917, 30.757932663, 48.8765640259, 40.8364944458, 48.9083213806, 22.8568916321, 18.2305850983, 15.7461891174, 11.7294969559, 9.59785938263, 11.2533359528, 8.54737091064, 6.64770412445, 5.95105886459, 4.7883105278, 3.91372656822, 4.09860420227, 3.07007670403, 1.32015192509, 0.674058794975, 0.267536133528, 0.10247708112, 0.00768446549773, 0.00015734724002, 2.15022300836e-05],
        "dmean2": [0.316599875689, 2.12261176109, 4.79209947586, 7.01889228821, 7.54186487198, 6.02742385864, 8.73572731018, 14.1848058701, 14.629442215, 20.2407722473, 41.2089042664, 64.6727981567, 80.395942688, 31.3311710358, 50.4826965332, 64.9001846313, 50.0712127686, 80.0352325439, 65.8377685547, 76.6622314453, 34.3610420227, 28.9770469666, 24.3583679199, 19.6461410522, 15.787528038, 18.3657512665, 12.8205156326, 10.221036911, 8.96185016632, 7.42080163956, 6.02087402344, 6.13434457779, 4.46475315094, 1.96997201443, 1.06124138832, 0.436441093683, 0.172775536776, 0.0131411664188, 0.000261629087618, 3.24682587234e-05],
        "dvar": [0.129095643759, 5.93768072128, 28.6945896149, 59.9327774048, 79.3881988525, 48.8041610718, 71.7569580078, 265.381530762, 303.180786133, 699.979919434, 2299.3503418, 4872.90380859, 8545.95605469, 1662.78039551, 4179.515625, 6244.59814453, 7721.16503906, 10020.0712891, 9002.29589844, 17512.0449219, 2202.18798828, 795.593200684, 791.696960449, 690.940795898, 211.617980957, 375.337738037, 266.700836182, 92.6468429565, 68.5148162842, 46.2287368774, 37.0087776184, 79.4608535767, 55.0760498047, 6.25936889648, 1.19168615341, 0.24105347693, 0.0556752346456, 0.000295274483506, 1.12739790836e-07, 6.65771715536e-10],
        "dvar2": [0.286314725876, 14.9004497528, 77.5140609741, 160.634643555, 213.708999634, 136.569259644, 181.497360229, 660.81427002, 789.714904785, 1743.71936035, 5472.48876953, 12150.3242188, 21213.8515625, 4709.04882812, 9763.75292969, 15120.2851562, 19940.1171875, 25403.3222656, 23471.9277344, 40800.4570312, 4302.9140625, 1879.0423584, 1833.14160156, 1757.2130127, 521.851257324, 922.725891113, 612.70324707, 192.046340942, 134.412445068, 106.030960083, 77.3772506714, 173.112457275, 98.8363342285, 12.7175483704, 2.88193964958, 0.638528108597, 0.151139006019, 0.000779559020884, 2.93892043146e-07, 1.64855307183e-09],
        "max": [3.27145528793, 22.6042747498, 59.4026260376, 70.2141876221, 94.993270874, 63.8854866028, 86.6489868164, 193.304336548, 213.604766846, 444.756256104, 871.54498291, 775.644836426, 1065.37072754, 769.19934082, 1247.78222656, 1265.50671387, 1449.03112793, 1446.60864258, 1529.45739746, 2039.28186035, 930.356506348, 289.687164307, 498.612762451, 639.569885254, 133.471359253, 198.651550293, 149.71736145, 111.425827026, 74.9783401489, 98.8553543091, 113.576293945, 167.665100098, 170.198638916, 42.814655304, 12.2181453705, 4.39440536499, 1.67507827282, 0.136539265513, 0.00252904533409, 0.000214203158976],
        "mean": [0.320005327463, 1.92572140694, 4.07166194916, 5.32380437851, 5.46466875076, 4.3637676239, 7.16943454742, 12.6106557846, 12.9512853622, 20.0927677155, 43.1308670044, 66.5364456177, 84.8199462891, 34.7880516052, 54.8691864014, 61.2522163391, 43.2702903748, 64.7635574341, 59.5470809937, 65.7060165405, 39.4607543945, 32.0880088806, 28.4813899994, 19.3887310028, 17.6097793579, 19.033946991, 15.5949754715, 13.9664297104, 13.6264390945, 10.4816293716, 7.85335111618, 7.01002407074, 5.20021533966, 2.23843479156, 1.08831095695, 0.34546688199, 0.100695230067, 0.00681455107406, 0.000181900162715, 5.64909241803e-05],
        "median": [0.111217908561, 0.693587779999, 2.18999052048, 2.93315339088, 2.50221824646, 2.59134840965, 4.14274740219, 6.39636850357, 7.77944517136, 8.98126792908, 21.1355705261, 26.8553199768, 27.2223453522, 18.6809864044, 20.9842891693, 32.3394050598, 22.7443332672, 32.8273963928, 23.9569187164, 17.8202133179, 19.4009571075, 19.0023021698, 18.1578807831, 11.8173284531, 11.8649406433, 11.7881860733, 8.83864402771, 9.17869377136, 9.78862094879, 7.41882991791, 4.94635772705, 3.92875027657, 2.78311944008, 1.28342723846, 0.679210424423, 0.179376229644, 0.0371440052986, 0.00207370216958, 8.43691377668e-05, 4.87777251692e-05],
        "min": [2.91702581308e-05, 0.000786510412581, 0.0136440647766, 0.0406368523836, 0.0564320795238, 0.0711651444435, 0.202193766832, 0.103887908161, 0.24543119967, 0.440798163414, 0.773283600807, 0.665374815464, 0.71300804615, 0.503897488117, 0.398437768221, 0.683897078037, 0.428573280573, 1.16796922684, 1.40044033527, 1.48983097076, 1.17282938957, 1.0445779562, 1.35953438282, 1.08562064171, 0.962829470634, 0.596159696579, 0.588856816292, 0.550501286983, 0.371700823307, 0.372981995344, 0.112117789686, 0.147127062082, 0.0652331858873, 0.0134996464476, 0.00297986832447, 0.00207202020101, 0.000101659927168, 1.04496757558e-05, 2.94928349831e-06, 4.70553413834e-06],
        "var": [0.266230732203, 10.2687597275, 35.0464706421, 54.2687187195, 77.1421966553, 38.7970695496, 88.9426193237, 373.447357178, 313.857513428, 1350.58422852, 5793.75488281, 10259.0283203, 23750.7109375, 2867.04785156, 10821.4365234, 8539.44335938, 7441.27783203, 13608.7470703, 11843.3632812, 23162.3925781, 4647.61914062, 1436.40234375, 1240.26696777, 704.868164062, 327.315460205, 486.166900635, 395.103027344, 192.98399353, 154.124938965, 91.549911499, 72.2381210327, 113.10459137, 97.2275619507, 10.8029594421, 1.74042475224, 0.247809410095, 0.0446885749698, 0.000236795793171, 9.817876645e-08, 1.16184384336e-09]
    },
    "gfcc": {
        "mean": [54.5845375061, 74.2587890625, -123.61075592, 38.0410690308, -63.2720909119, 35.3591651917, -34.9507369995, 19.270526886, -19.8281726837, 7.95925235748, -18.0696125031, 0.0297852940857, -11.2601499557],
        "cov": [[1168.95495605, -378.38293457, -7.31828546524, -27.9395866394, -10.8016061783, -56.4241981506, -64.7240600586, -23.6649646759, -102.621261597, 1.08700323105, -123.120368958, -21.1856746674, -73.8148498535], [-378.38293457, 440.091766357, 2.88881897926, 8.49771118164, 74.5276565552, 18.2616996765, 110.833396912, 15.035153389, 77.0956268311, -14.16842556, 69.7617645264, 3.38283514977, 28.1894340515], [-7.31828546524, 2.88881897926, 236.490158081, 54.1044044495, 20.9587402344, 21.4794445038, -5.91458511353, 8.68031311035, 2.42155480385, 18.883480072, 10.4771757126, 19.549741745, -5.69446706772], [-27.9395866394, 8.49771118164, 54.1044044495, 196.535247803, 27.686662674, -2.14272141457, -48.2889595032, -17.052154541, 36.0054473877, -17.7009887695, 19.9568901062, -23.7162322998, 24.8396682739], [-10.8016061783, 74.5276565552, 20.9587402344, 27.686662674, 157.480484009, 16.2275791168, 4.07443284988, 10.4986829758, 49.8759384155, 29.745267868, -18.6868839264, 4.25230693817, 12.1169261932], [-56.4241981506, 18.2616996765, 21.4794445038, -2.14272141457, 16.2275791168, 105.5599823, 57.5384712219, 25.0041847229, 6.12152957916, -2.08153986931, 18.4695110321, -11.3939142227, 9.55360794067], [-64.7240600586, 110.833396912, -5.91458511353, -48.2889595032, 4.07443284988, 57.5384712219, 187.969665527, 61.6466674805, 3.57041573524, -17.7182941437, 9.64942932129, 0.492156267166, -20.4829101562], [-23.6649646759, 15.035153389, 8.68031311035, -17.052154541, 10.4986829758, 25.0041847229, 61.6466674805, 91.6235656738, 45.6648712158, 12.9916315079, 4.79203081131, 2.8415453434, 10.1042499542], [-102.621261597, 77.0956268311, 2.42155480385, 36.0054473877, 49.8759384155, 6.12152957916, 3.57041573524, 45.6648712158, 115.243782043, 36.3324012756, 17.0817718506, -5.85559558868, 28.1493377686], [1.08700323105, -14.16842556, 18.883480072, -17.7009887695, 29.745267868, -2.08153986931, -17.7182941437, 12.9916315079, 36.3324012756, 76.0355682373, 25.6840801239, 13.0949277878, 5.69896459579], [-123.120368958, 69.7617645264, 10.4771757126, 19.9568901062, -18.6868839264, 18.4695110321, 9.64942932129, 4.79203081131, 17.0817718506, 25.6840801239, 110.445846558, 36.4427719116, 27.5709896088], [-21.1856746674, 3.38283514977, 19.549741745, -23.7162322998, 4.25230693817, -11.3939142227, 0.492156267166, 2.8415453434, -5.85559558868, 13.0949277878, 36.4427719116, 77.2708358765, 22.3915405273], [-73.8148498535, 28.1894340515, -5.69446706772, 24.8396682739, 12.1169261932, 9.55360794067, -20.4829101562, 10.1042499542, 28.1493377686, 5.69896459579, 27.5709896088, 22.3915405273, 71.4990844727]],
        "icov": [[0.00136066088453, 0.00118809228297, -1.315697682e-05, -1.89582206076e-05, -0.000723433680832, 0.000794714433141, -0.000433855107985, -5.86149326409e-05, 0.000623704167083, -5.71738528379e-05, 0.000276530045085, 0.000289989286102, 0.000403806974646], [0.00118809228297, 0.00711204484105, -0.00160090602003, 0.00305708637461, -0.0046377251856, 0.00435603456572, -0.00496936682612, 0.00445382483304, -0.00473959930241, 0.00629328424111, -0.00648355204612, 0.00436958391219, -0.00212005339563], [-1.315697682e-05, -0.00160090602003, 0.00596729852259, -0.0036343045067, 0.00128473993391, -0.00302600045688, 0.00160399253946, -0.00237802648917, 0.0024806750007, -0.00411529280245, 0.00307997362688, -0.00439992779866, 0.00287926034071], [-1.89582206076e-05, 0.00305708637461, -0.0036343045067, 0.0108970738947, -0.00431021815166, 0.00334375025705, -0.000234740276937, 0.00369919883087, -0.00580218061805, 0.00952980294824, -0.00792261306196, 0.00736876390874, -0.00333434063941], [-0.000723433680832, -0.0046377251856, 0.00128473993391, -0.00431021815166, 0.012728122063, -0.00539616355672, 0.00172825308982, -0.000364438048564, -0.000621113751549, -0.00877842307091, 0.00975565146655, -0.00659904628992, 0.00104093446862], [0.000794714433141, 0.00435603456572, -0.00302600045688, 0.00334375025705, -0.00539616355672, 0.0171559844166, -0.00685280608013, 0.00128633307759, -0.000527855416294, 0.00491964770481, -0.00809635687619, 0.00926338043064, -0.00578575115651], [-0.000433855107985, -0.00496936682612, 0.00160399253946, -0.000234740276937, 0.00172825308982, -0.00685280608013, 0.0139748230577, -0.00990996602923, 0.00385932787322, 0.000315858691465, 0.00216467003338, -0.00390096823685, 0.00658970931545], [-5.86149326409e-05, 0.00445382483304, -0.00237802648917, 0.00369919883087, -0.000364438048564, 0.00128633307759, -0.00990996602923, 0.0238674860448, -0.0125465383753, 0.00275071850047, -0.00186675728764, 0.00175288296305, -0.00472185201943], [0.000623704167083, -0.00473959930241, 0.0024806750007, -0.00580218061805, -0.000621113751549, -0.000527855416294, 0.00385932787322, -0.0125465383753, 0.0230518709868, -0.0119946422055, 0.00420434074476, 0.000800667563453, -0.00221115746535], [-5.71738528379e-05, 0.00629328424111, -0.00411529280245, 0.00952980294824, -0.00877842307091, 0.00491964770481, 0.000315858691465, 0.00275071850047, -0.0119946422055, 0.0305519215763, -0.015103193, 0.00561190256849, 0.000706927676219], [0.000276530045085, -0.00648355204612, 0.00307997362688, -0.00792261306196, 0.00975565146655, -0.00809635687619, 0.00216467003338, -0.00186675728764, 0.00420434074476, -0.015103193, 0.0246822014451, -0.0133995078504, 0.000379046599846], [0.000289989286102, 0.00436958391219, -0.00439992779866, 0.00736876390874, -0.00659904628992, 0.00926338043064, -0.00390096823685, 0.00175288296305, 0.000800667563453, 0.00561190256849, -0.0133995078504, 0.0261016786098, -0.00958832167089], [0.000403806974646, -0.00212005339563, 0.00287926034071, -0.00333434063941, 0.00104093446862, -0.00578575115651, 0.00658970931545, -0.00472185201943, -0.00221115746535, 0.000706927676219, 0.000379046599846, -0.00958832167089, 0.023449242115]]
    },
    "melbands": {
        "dmean": [0.00176312157419, 0.00145062792581, 0.000706582155544, 0.000260844361037, 0.000175399807631, 0.000190273494809, 0.000136503542308, 0.000141094846185, 0.000218981949729, 0.000287283444777, 0.000250598794082, 7.60977709433e-05, 0.000112044173875, 0.000123277000966, 7.38592862035e-05, 6.98476869729e-05, 9.88620668068e-05, 6.7159307946e-05, 7.99939080025e-05, 4.08558807976e-05, 2.98572813335e-05, 1.96611908905e-05, 2.06618533412e-05, 1.39653193401e-05, 9.98218911263e-06, 7.75035005063e-06, 7.72148268879e-06, 7.83508130553e-06, 5.80503001402e-06, 4.87148872708e-06, 3.91102230424e-06, 3.82839243684e-06, 3.17878016176e-06, 2.67790392172e-06, 2.43054637394e-06, 2.43280942414e-06, 2.77081608147e-06, 2.4348878469e-06, 1.67258235706e-06, 1.09677137061e-06],
        "dmean2": [0.0027479394339, 0.00228985259309, 0.00119520071894, 0.000446198886493, 0.000295409845421, 0.000309984170599, 0.000225113937631, 0.000229645826039, 0.000347625900758, 0.000456680776551, 0.000402222620323, 0.000124744270579, 0.000182821386261, 0.000201039583771, 0.000119638621982, 0.000114536640467, 0.000162346128491, 0.000109785185487, 0.000126995553728, 6.35100441286e-05, 4.60909941467e-05, 3.24558932334e-05, 3.22676278302e-05, 2.20552246901e-05, 1.71426636371e-05, 1.29667168949e-05, 1.26469885799e-05, 1.29143900267e-05, 8.66032223712e-06, 7.91931051936e-06, 5.89336150369e-06, 5.88841385252e-06, 4.97305791214e-06, 4.19588059231e-06, 3.75779427486e-06, 3.74046203433e-06, 4.23043957198e-06, 3.62494552064e-06, 2.49188906309e-06, 1.71790236436e-06],
        "dvar": [8.39079802972e-06, 6.8597300924e-06, 1.69939266925e-06, 2.37203877873e-07, 9.05032635501e-08, 1.22990343243e-07, 6.03659202625e-08, 7.87683802628e-08, 1.40447014019e-07, 2.35378422531e-07, 2.13318529063e-07, 2.94977997584e-08, 7.54712914386e-08, 6.80458711599e-08, 2.09243005145e-08, 2.72917954902e-08, 4.43841905451e-08, 2.9643699051e-08, 4.16696224192e-08, 1.36361881786e-08, 4.14540313187e-09, 1.11957476623e-09, 1.31848032492e-09, 4.83049378275e-10, 6.09552852637e-10, 1.59738000605e-10, 1.26545093848e-10, 1.89194382383e-10, 1.08371700502e-10, 6.82966114218e-11, 2.64839157549e-11, 2.73243025428e-11, 1.8219275047e-11, 1.55018393955e-11, 1.21631706443e-11, 1.96380134376e-11, 4.07877065456e-11, 3.26418232721e-11, 1.45258614165e-11, 3.73745609114e-12],
        "dvar2": [2.06022286875e-05, 1.69048107637e-05, 4.52066342405e-06, 6.36123502318e-07, 2.35642644952e-07, 3.02794376239e-07, 1.55716065819e-07, 1.95312239271e-07, 3.30454213326e-07, 5.90511206155e-07, 5.29301075858e-07, 8.53352872809e-08, 1.730098802e-07, 1.61507287544e-07, 5.33554036508e-08, 7.04788121197e-08, 1.10695836497e-07, 7.76881634579e-08, 9.98211362457e-08, 3.22437045952e-08, 8.6441938052e-09, 2.74491673835e-09, 2.94378321719e-09, 1.15358289587e-09, 1.57545576585e-09, 4.22581275528e-10, 3.11490055971e-10, 4.69666583403e-10, 2.33859209775e-10, 1.67180519428e-10, 5.56752664804e-11, 5.6565609835e-11, 4.00347012486e-11, 3.61269278382e-11, 2.61019903608e-11, 4.46674988663e-11, 8.99333316151e-11, 6.04270244953e-11, 2.65816483408e-11, 8.57728037901e-12],
        "max": [0.0260582193732, 0.0280242767185, 0.0107777295634, 0.00437569757923, 0.00294051505625, 0.00406348705292, 0.00283918902278, 0.0040386589244, 0.00635121949017, 0.00531015964225, 0.0052736736834, 0.00333139509894, 0.00536030670628, 0.0038081894163, 0.00193037267309, 0.00226186634973, 0.00335586303845, 0.00313485180959, 0.00253194058314, 0.00185716408305, 0.00107638991904, 0.000395708775613, 0.000526768271811, 0.000272228469839, 0.000618384918198, 0.000133045745315, 0.000132498200401, 0.000145898622577, 9.72862835624e-05, 7.00891250744e-05, 5.99616942054e-05, 4.71531930089e-05, 4.39290306531e-05, 6.43906096229e-05, 5.26209769305e-05, 9.58676391747e-05, 0.000128961954033, 0.000128106388729, 7.79003457865e-05, 2.30578334595e-05],
        "mean": [0.00274055474438, 0.00233968254179, 0.000956809439231, 0.000339763500961, 0.000235732222791, 0.000280345411738, 0.000205274453037, 0.000229531200603, 0.000364370032912, 0.000461968360469, 0.00041769220843, 0.000125196165754, 0.00019522063667, 0.000183285243111, 0.000104323145933, 9.38429584494e-05, 0.000124687241623, 9.08319780137e-05, 0.000106141087599, 5.51385710423e-05, 4.72900610475e-05, 3.14692151733e-05, 3.32041126967e-05, 2.29432553169e-05, 1.45164422065e-05, 1.2635908206e-05, 1.29692398332e-05, 1.24894595501e-05, 9.87786825135e-06, 8.62429806148e-06, 7.93572962721e-06, 8.10482924862e-06, 6.61683498038e-06, 5.40901874047e-06, 4.61212948721e-06, 4.05440323448e-06, 4.44742954642e-06, 3.89923843613e-06, 2.66994538833e-06, 1.66213112607e-06],
        "median": [0.00104102969635, 0.00119112676475, 0.000541825662367, 0.000190367281903, 0.000140402218676, 0.000143852914334, 0.000123749676277, 0.000106745224912, 0.000167078280356, 0.000163477365277, 0.000124757716549, 6.35018514004e-05, 5.37635423825e-05, 8.42103909235e-05, 5.5545457144e-05, 4.77554494864e-05, 5.71373384446e-05, 3.63634426321e-05, 2.6150708436e-05, 2.00715239771e-05, 2.29172183026e-05, 1.81982832146e-05, 2.02357805392e-05, 1.37243796416e-05, 8.59592182678e-06, 7.91234015196e-06, 8.67175094754e-06, 7.04022386344e-06, 5.29604130861e-06, 5.07478489453e-06, 5.42099860468e-06, 5.69176881982e-06, 4.76925606563e-06, 3.60842454938e-06, 2.83427061731e-06, 2.43203453465e-06, 2.41811085289e-06, 2.10566440728e-06, 1.35215850605e-06, 9.58478494795e-07],
        "min": [3.96397865643e-07, 4.74470016343e-06, 7.88791930972e-06, 3.96419545723e-06, 5.26817939317e-06, 1.83967119938e-06, 3.02723697132e-06, 3.70988573195e-06, 3.30071179633e-06, 4.04024285672e-06, 2.30031469073e-06, 1.09412951588e-06, 1.0945188933e-06, 1.25264830331e-06, 1.28026090351e-06, 1.11327835839e-06, 1.59963701662e-06, 1.62698859185e-06, 9.58970645115e-07, 1.20979734675e-06, 9.73862597675e-07, 9.62875674304e-07, 1.1724430351e-06, 8.32055718547e-07, 6.56716451886e-07, 3.78435998982e-07, 5.0424876008e-07, 2.71456826795e-07, 1.71945885086e-07, 2.13363392731e-07, 2.84296191921e-07, 1.49825154949e-07, 1.76153292841e-07, 1.45832530052e-07, 6.34336814187e-08, 4.73117829358e-08, 6.36228705275e-08, 1.45956606801e-08, 3.51036000268e-09, 3.71591993287e-11],
