{
"highlevel": {
    "danceability": {
        "all": {
            "danceable": 0.998871028423,
            "not_danceable": 0.00112897506915
        },
        "probability": 0.998871028423,
        "value": "danceable"
    },
    "gender": {
        "all": {
            "female": 0.997325658798,
            "male": 0.00267436704598
        },
        "probability": 0.997325658798,
        "value": "female"
    },
    "genre_dortmund": {
        "all": {
            "alternative": 0.0296545494348,
            "blues": 0.0161353778094,
            "electronic": 0.0354586392641,
            "folkcountry": 0.0821492224932,
            "funksoulrnb": 0.0175815057009,
            "jazz": 0.0204547606409,
            "pop": 0.211528763175,
            "raphiphop": 0.555486261845,
            "rock": 0.0315509028733
        },
        "probability": 0.555486261845,
        "value": "raphiphop"
    },
    "genre_electronic": {
        "all": {
            "ambient": 0.114404216409,
            "dnb": 0.36493691802,
            "house": 0.207968205214,
            "techno": 0.0151968989521,
            "trance": 0.297493755817
        },
        "probability": 0.36493691802,
        "value": "dnb"
    },
    "genre_rosamerica": {
        "all": {
            "cla": 0.000424909114372,
            "dan": 0.039030816406,
            "hip": 0.116694524884,
            "jaz": 0.000692676054314,
            "pop": 0.801819860935,
            "rhy": 0.0377013795078,
            "roc": 0.00324145564809,
            "spe": 0.000394386996049
        },
        "probability": 0.801819860935,
        "value": "pop"
    },
    "genre_tzanetakis": {
        "all": {
            "blu": 2.14496795976e-14,
            "cla": 1.17827458334e-14,
            "cou": 1.89000731569e-14,
            "dis": 1.53026276682e-14,
            "hip": 4.30095209122e-14,
            "jaz": 0.999999880791,
            "met": 2.0000017642e-08,
            "pop": 2.0000017642e-08,
            "reg": 1.66666822565e-08,
            "roc": 5.00000432169e-08
        },
        "probability": 0.999999880791,
        "value": "jaz"
    },
    "ismir04_rhythm": {
        "all": {
            "ChaChaCha": 0.0699628889561,
            "Jive": 0.0275276135653,
            "Quickstep": 0.0418451651931,
            "Rumba-American": 0.00961975101382,
            "Rumba-International": 0.108520969748,
            "Rumba-Misc": 0.0125415930524,
            "Samba": 0.722025215626,
            "Tango": 0.00167050212622,
            "VienneseWaltz": 0.00395269133151,
            "Waltz": 0.00233362452127
        },
        "probability": 0.722025215626,
        "value": "Samba"
    },
    "mood_acoustic": {
        "all": {
            "acoustic": 0.0344643071294,
            "not_acoustic": 0.965535700321
        },
        "probability": 0.965535700321,
        "value": "not_acoustic"
    },
    "mood_aggressive": {
        "all": {
            "aggressive": 0.0268807988614,
            "not_aggressive": 0.973119199276
        },
        "probability": 0.973119199276,
        "value": "not_aggressive"
    },
    "mood_electronic": {
        "all": {
            "electronic": 0.455391854048,
            "not_electronic": 0.544608175755
        },
        "probability": 0.544608175755,
        "value": "not_electronic"
    },
    "mood_happy": {
        "all": {
            "happy": 0.648173928261,
            "not_happy": 0.351826071739
        },
        "probability": 0.648173928261,
        "value": "happy"
    },
    "mood_party": {
        "all": {
            "not_party": 0.440477341413,
            "party": 0.559522628784
        },
        "probability": 0.559522628784,
        "value": "party"
    },
    "mood_relaxed": {
        "all": {
            "not_relaxed": 0.275057941675,
            "relaxed": 0.724942088127
        },
        "probability": 0.724942088127,
        "value": "relaxed"
    },
    "mood_sad": {
        "all": {
            "not_sad": 0.209809541702,
            "sad": 0.790190458298
        },
        "probability": 0.790190458298,
        "value": "sad"
    },
    "moods_mirex": {
        "all": {
            "Cluster1": 0.110910333693,
            "Cluster2": 0.272424161434,
            "Cluster3": 0.309080421925,
            "Cluster4": 0.213059931993,
            "Cluster5": 0.0945251584053
        },
        "probability": 0.309080421925,
        "value": "Cluster3"
    },
    "timbre": {
        "all": {
            "bright": 0.979621887207,
            "dark": 0.0203780848533
        },
        "probability": 0.979621887207,
        "value": "bright"
    },
    "tonal_atonal": {
        "all": {
            "atonal": 0.522993981838,
            "tonal": 0.477006047964
        },
        "probability": 0.522993981838,
        "value": "atonal"
    },
    "voice_instrumental": {
        "all": {
            "instrumental": 0.0007986552082,
            "voice": 0.999201357365
        },
        "probability": 0.999201357365,
        "value": "voice"
    }
},
"lowlevel": {
    "average_loudness": 0.977122187614,
    "barkbands_crest": {
        "dmean": 3.08718109131,
        "dmean2": 4.69900989532,
        "dvar": 7.97252178192,
        "dvar2": 16.9870204926,
        "max": 25.0582294464,
        "mean": 12.6863183975,
        "median": 12.4898290634,
        "min": 2.76561450958,
        "var": 25.1414813995
    },
    "barkbands_flatness_db": {
        "dmean": 0.0287383235991,
        "dmean2": 0.0429056622088,
        "dvar": 0.000733951514121,
        "dvar2": 0.0015292892931,
        "max": 0.448347181082,
        "mean": 0.152673453093,
        "median": 0.145910665393,
        "min": 0.0371715761721,
        "var": 0.00308523513377
    },
    "barkbands_kurtosis": {
        "dmean": 6.11032581329,
        "dmean2": 9.66480922699,
        "dvar": 582.221435547,
        "dvar2": 1465.05529785,
        "max": 500.221099854,
        "mean": 7.23476076126,
        "median": 1.72970914841,
        "min": -1.89016652107,
        "var": 586.897216797
    },
    "barkbands_skewness": {
        "dmean": 0.833100140095,
        "dmean2": 1.23718285561,
        "dvar": 1.09123659134,
        "dvar2": 2.48552584648,
        "max": 19.5709018707,
        "mean": 1.81437575817,
        "median": 1.496565938,
        "min": -6.13538503647,
        "var": 3.33739733696
    },
    "barkbands_spread": {
        "dmean": 9.97798538208,
        "dmean2": 14.7055625916,
        "dvar": 130.995758057,
        "dvar2": 236.691390991,
        "max": 131.645751953,
        "mean": 29.6180305481,
        "median": 25.1940135956,
        "min": 0.622270286083,
        "var": 429.737182617
    },
    "dissonance": {
        "dmean": 0.0212030168623,
        "dmean2": 0.0352340713143,
        "dvar": 0.000465559365693,
        "dvar2": 0.00131337577477,
        "max": 0.500000059605,
        "mean": 0.46222320199,
        "median": 0.469911843538,
        "min": 0.329497039318,
        "var": 0.000826979347039
    },
    "dynamic_complexity": 2.44638872147,
    "erbbands_crest": {
        "dmean": 3.24461913109,
        "dmean2": 5.40632867813,
        "dvar": 9.32469177246,
        "dvar2": 21.4666824341,
        "max": 30.6627426147,
        "mean": 9.60644054413,
        "median": 8.44944381714,
        "min": 2.67300510406,
        "var": 23.1112003326
    },
    "erbbands_flatness_db": {
        "dmean": 0.0223226472735,
        "dmean2": 0.0327924154699,
        "dvar": 0.00043185960385,
        "dvar2": 0.000848943018354,
        "max": 0.296617329121,
        "mean": 0.133387967944,
        "median": 0.12973228097,
        "min": 0.0509718880057,
        "var": 0.00175796344411
    },
    "erbbands_kurtosis": {
        "dmean": 1.3075363636,
        "dmean2": 2.07297492027,
        "dvar": 6.87705898285,
        "dvar2": 16.3313045502,
        "max": 61.219619751,
        "mean": 0.896429240704,
        "median": 0.127345561981,
        "min": -1.88199734688,
        "var": 10.2301549911
    },
    "erbbands_skewness": {
        "dmean": 0.465693563223,
        "dmean2": 0.706643223763,
        "dvar": 0.222479656339,
        "dvar2": 0.484801769257,
        "max": 4.57905387878,
        "mean": 0.160574376583,
        "median": 0.160795807838,
        "min": -6.5209197998,
        "var": 0.753962337971
    },
    "erbbands_spread": {
        "dmean": 12.1781635284,
        "dmean2": 18.3412742615,
        "dvar": 200.889678955,
        "dvar2": 405.039855957,
        "max": 189.116638184,
        "mean": 44.0408630371,
        "median": 41.7047309875,
        "min": 4.82217931747,
        "var": 559.787841797
    },
    "hfc": {
        "dmean": 19.4404067993,
        "dmean2": 27.9460353851,
        "dvar": 1692.25073242,
        "dvar2": 2725.68994141,
        "max": 335.801239014,
        "mean": 36.3018341064,
        "median": 21.8804721832,
        "min": 0.546844244003,
        "var": 2997.10424805
    },
    "melbands_crest": {
        "dmean": 4.00441551208,
        "dmean2": 6.36495828629,
        "dvar": 15.5266208649,
        "dvar2": 34.0490570068,
        "max": 35.2522773743,
        "mean": 19.3492698669,
        "median": 19.1871299744,
        "min": 3.78613829613,
        "var": 50.013343811
    },
    "melbands_flatness_db": {
        "dmean": 0.0349047072232,
        "dmean2": 0.0495958700776,
        "dvar": 0.00108936871402,
        "dvar2": 0.0021280022338,
        "max": 0.545319139957,
        "mean": 0.203745871782,
        "median": 0.200606167316,
        "min": 0.0387816168368,
        "var": 0.00632685888559
    },
    "melbands_kurtosis": {
        "dmean": 15.9294185638,
        "dmean2": 24.2951049805,
        "dvar": 1368.94140625,
        "dvar2": 3082.90307617,
        "max": 807.678894043,
        "mean": 24.4604759216,
        "median": 9.24095344543,
        "min": -1.83590078354,
        "var": 2359.2434082
    },
    "melbands_skewness": {
        "dmean": 1.16821157932,
        "dmean2": 1.73702120781,
        "dvar": 1.71197485924,
        "dvar2": 3.53197622299,
        "max": 21.6950035095,
        "mean": 3.40913033485,
        "median": 2.70681834221,
        "min": -3.05535912514,
        "var": 6.59002256393
    },
    "melbands_spread": {
        "dmean": 11.9417676926,
        "dmean2": 17.2757301331,
        "dvar": 277.352294922,
        "dvar2": 552.63067627,
        "max": 206.212646484,
        "mean": 28.067817688,
        "median": 21.7278804779,
        "min": 0.35392549634,
        "var": 678.903930664
    },
    "pitch_salience": {
        "dmean": 0.0807076245546,
        "dmean2": 0.123711004853,
        "dvar": 0.00527926115319,
        "dvar2": 0.011244520545,
        "max": 0.792025864124,
        "mean": 0.450095802546,
        "median": 0.441027969122,
        "min": 0.0712864995003,
        "var": 0.0172596350312
    },
    "silence_rate_20dB": {
        "dmean": 0,
        "dmean2": 0,
        "dvar": 0,
        "dvar2": 0,
        "max": 1,
        "mean": 1,
        "median": 1,
        "min": 1,
        "var": 0
    },
    "silence_rate_30dB": {
        "dmean": 0.0185758508742,
        "dmean2": 0.0371804796159,
        "dvar": 0.0182309206575,
        "dvar2": 0.0388960018754,
        "max": 1,
        "mean": 0.980665147305,
        "median": 1,
        "min": 0,
        "var": 0.0189610477537
    },
    "silence_rate_60dB": {
        "dmean": 0.0232198145241,
        "dmean2": 0.0464756004512,
        "dvar": 0.0226807054132,
        "dvar2": 0.0520610138774,
        "max": 1,
        "mean": 0.0301624126732,
        "median": 0,
        "min": 0,
        "var": 0.0292523726821
    },
    "spectral_centroid": {
        "dmean": 345.172637939,
        "dmean2": 501.954528809,
        "dvar": 199469.71875,
        "dvar2": 378782.625,
        "max": 7717.00683594,
        "mean": 1649.47583008,
        "median": 1524.94689941,
        "min": 161.828277588,
        "var": 656831.6875
    },
    "spectral_complexity": {
        "dmean": 3.96904015541,
        "dmean2": 5.55151033401,
        "dvar": 25.5392684937,
        "dvar2": 37.1442337036,
        "max": 58,
        "mean": 18.0494976044,
        "median": 17,
        "min": 0,
        "var": 92.42918396
    },
    "spectral_decrease": {
        "dmean": 3.8522123269e-09,
        "dmean2": 6.49113696127e-09,
        "dvar": 3.25020140711e-17,
        "dvar2": 8.83657526928e-17,
        "max": -2.54039515118e-11,
        "mean": -9.13861253338e-09,
        "median": -7.9491275784e-09,
        "min": -5.51634968815e-08,
        "var": 4.72941011536e-17
    },
    "spectral_energy": {
        "dmean": 0.0157218128443,
        "dmean2": 0.0258770622313,
        "dvar": 0.000496088410728,
        "dvar2": 0.00131829711609,
        "max": 0.21038967371,
        "mean": 0.0377839319408,
        "median": 0.0323531255126,
        "min": 0.000547073490452,
        "var": 0.000750292500015
    },
    "spectral_energyband_high": {
        "dmean": 0.00182233948726,
        "dmean2": 0.00263777677901,
        "dvar": 2.17847591557e-05,
        "dvar2": 3.57906101272e-05,
        "max": 0.0385780110955,
        "mean": 0.00251374440268,
        "median": 0.000684476341121,
        "min": 4.08928099205e-06,
        "var": 3.52064089384e-05
    },
    "spectral_energyband_low": {
        "dmean": 0.0112457871437,
        "dmean2": 0.0192633084953,
        "dvar": 0.00043986455421,
        "dvar2": 0.00119277776685,
        "max": 0.197416186333,
        "mean": 0.0214734822512,
        "median": 0.0193966049701,
        "min": 6.50918821066e-08,
        "var": 0.000589733128436
    },
    "spectral_energyband_middle_high": {
        "dmean": 0.00287243211642,
        "dmean2": 0.00425202725455,
        "dvar": 2.06236145459e-05,
        "dvar2": 4.83833136968e-05,
        "max": 0.0681631043553,
        "mean": 0.00694090127945,
        "median": 0.00420790119097,
        "min": 2.51484689215e-05,
        "var": 6.119137106e-05
    },
    "spectral_energyband_middle_low": {
        "dmean": 0.00470541929826,
        "dmean2": 0.0076269544661,
        "dvar": 5.13291961397e-05,
        "dvar2": 0.000133130510221,
        "max": 0.0534205362201,
        "mean": 0.00781969260424,
        "median": 0.00535344704986,
        "min": 4.1185144255e-06,
        "var": 6.00861094426e-05
    },
    "spectral_entropy": {
        "dmean": 0.203944459558,
        "dmean2": 0.288377642632,
        "dvar": 0.0391528941691,
        "dvar2": 0.0699907317758,
        "max": 8.78222751617,
        "mean": 7.74152565002,
        "median": 7.68875694275,
        "min": 6.27693319321,
        "var": 0.156054481864
    },
    "spectral_flux": {
        "dmean": 0.0335259921849,
        "dmean2": 0.0532325655222,
        "dvar": 0.00125645473599,
        "dvar2": 0.00266790878959,
        "max": 0.343110859394,
        "mean": 0.10480864346,
        "median": 0.0932663604617,
        "min": 0.0107766278088,
        "var": 0.00327914161608
    },
    "spectral_kurtosis": {
        "dmean": 1.26979196072,
        "dmean2": 1.91310071945,
        "dvar": 1.76660633087,
        "dvar2": 4.05155277252,
        "max": 14.4611206055,
        "mean": 3.32060527802,
        "median": 3.19456100464,
        "min": -1.27870762348,
        "var": 4.92565155029
    },
    "spectral_rms": {
        "dmean": 0.00116084387992,
        "dmean2": 0.00183776824269,
        "dvar": 1.74217746007e-06,
        "dvar2": 4.28358362115e-06,
        "max": 0.0143268350512,
        "mean": 0.00571273872629,
        "median": 0.00561818713322,
        "min": 0.000730568426661,
        "var": 4.22704397351e-06
    },
    "spectral_rolloff": {
        "dmean": 955.878112793,
        "dmean2": 1464.69311523,
        "dvar": 2738324.5,
        "dvar2": 4864129.5,
        "max": 13178.3203125,
        "mean": 2052.33691406,
        "median": 1098.19335938,
        "min": 64.599609375,
        "var": 6992403.5
    },
    "spectral_skewness": {
        "dmean": 0.220911815763,
        "dmean2": 0.325872689486,
        "dvar": 0.045802321285,
        "dvar2": 0.0885892882943,
        "max": 2.92775011063,
        "mean": 1.47058236599,
        "median": 1.50352776051,
        "min": -0.713371932507,
        "var": 0.194980919361
    },
    "spectral_spread": {
        "dmean": 1137588.25,
        "dmean2": 1556572.75,
        "dvar": 1.58565374362e+12,
        "dvar2": 2.91684194714e+12,
        "max": 18420910,
        "mean": 6040432.5,
        "median": 5386447.5,
        "min": 2393667.75,
        "var": 5.57613580288e+12
    },
    "spectral_strongpeak": {
        "dmean": 0.482317656279,
        "dmean2": 0.853643655777,
        "dvar": 0.95913952589,
        "dvar2": 2.52394390106,
        "max": 7.72558736801,
        "mean": 0.762158215046,
        "median": 0.345206946135,
        "min": 0,
        "var": 1.37549030781
    },
    "zerocrossingrate": {
        "dmean": 0.0211177859455,
        "dmean2": 0.0233092829585,
        "dvar": 0.000631842412986,
        "dvar2": 0.000661587459035,
        "max": 0.46533203125,
        "mean": 0.0786366909742,
        "median": 0.060546875,
        "min": 0.001953125,
        "var": 0.00397624867037
    },
    "barkbands": {
        "dmean": [0.00119299523067, 0.00827806442976, 0.00258384947665, 0.00154065398965, 0.00112951768097, 0.00112554314546, 0.00114730501082, 0.000287661183393, 0.000788291741628, 0.00145595823415, 0.000549206219148, 0.000426486454671, 0.000501972681377, 0.000265928480076, 0.000657693075482, 0.000315935030812, 0.000236315623624, 0.000281536602415, 0.00021342652326, 0.000230744437431, 0.000236057254369, 0.000252682686551, 0.000254433165537, 0.000577650847845, 0.000521686044522, 0.000192098174011, 2.02703972718e-07],
        "dmean2": [0.00195749523118, 0.0138305230066, 0.00463637616485, 0.00274895457551, 0.00193839240819, 0.00178742967546, 0.00185463170055, 0.000464134063805, 0.00126685923897, 0.00223588361405, 0.000878237944562, 0.000671068090014, 0.000781353272032, 0.000425538601121, 0.00105036795139, 0.000503648654558, 0.000369159592083, 0.000445814337581, 0.000329401023919, 0.000347845052602, 0.000324273947626, 0.000373986113118, 0.000371696980437, 0.000838437466882, 0.000799783912953, 0.000291403295705, 3.37812565476e-07],
        "dvar": [5.34993296242e-06, 0.000329656293616, 4.68541729788e-05, 1.46702668644e-05, 6.44636475045e-06, 3.34032438332e-06, 7.71377835918e-06, 2.47199949399e-07, 4.02804244004e-06, 1.15047077998e-05, 3.8044527173e-06, 1.02703972971e-06, 1.29828003992e-06, 4.9270420277e-07, 2.12989948523e-06, 4.76332928656e-07, 3.77515135597e-07, 2.58094217997e-07, 1.29517388814e-07, 4.73381419397e-07, 5.25098357684e-07, 4.93831009862e-07, 4.61544260588e-07, 2.70698956228e-06, 1.70864439042e-06, 1.74338026682e-07, 1.1087057921e-12],
        "dvar2": [1.38888171932e-05, 0.000809490156826, 0.000134604342747, 4.10293105233e-05, 1.77930342034e-05, 8.49469597597e-06, 2.05954802368e-05, 6.32299759218e-07, 1.02161984614e-05, 2.70458040177e-05, 9.88270494418e-06, 2.6254099339e-06, 3.16105092679e-06, 1.29669820126e-06, 5.03917317474e-06, 1.2272882941e-06, 9.719958598e-07, 6.38162191535e-07, 2.88768376322e-07, 1.15587045002e-06, 1.15381305932e-06, 1.03161698917e-06, 1.00686679616e-06, 5.52939991394e-06, 3.77644028049e-06, 3.13983179012e-07, 2.84618032267e-12],
        "max": [0.0210886914283, 0.186343610287, 0.0589916706085, 0.0270062703639, 0.0214480869472, 0.0194626841694, 0.0466251373291, 0.00528885796666, 0.0308856703341, 0.0545737557113, 0.0437685996294, 0.0112582463771, 0.0205217264593, 0.00954454950988, 0.0173004101962, 0.00932706333697, 0.0132441241294, 0.00740583473817, 0.00371002708562, 0.00656171282753, 0.00699775060639, 0.00823045894504, 0.0102942399681, 0.0176180470735, 0.0126355392858, 0.00545339751989, 1.41431992233e-05],
        "mean": [0.00205704732798, 0.0163135044277, 0.0024853842333, 0.00136048404966, 0.00130106101278, 0.00161297153682, 0.00150688237045, 0.000390762113966, 0.00104573683348, 0.00202774628997, 0.000782911549322, 0.000532404752448, 0.000737815105822, 0.000349388777977, 0.000962496909779, 0.000448170729214, 0.000368511100532, 0.000470896135084, 0.000362470251275, 0.000293376418995, 0.000275157683063, 0.000307256123051, 0.000324580149027, 0.000681027304381, 0.000545839779079, 0.000239850065554, 1.44647401612e-07],
        "median": [0.00124606816098, 0.0156350396574, 0.000972612062469, 0.000339173217071, 0.000688085507136, 0.000873880519066, 0.000526758376509, 0.000186756355106, 0.000240203677095, 0.000364238396287, 0.000133432709845, 0.000139236319228, 0.000182825009688, 9.39079618547e-05, 0.000266710179858, 0.000150102379848, 0.000133833964355, 0.000218853383558, 0.000199778412934, 0.000108548185381, 7.71054546931e-05, 8.311340207e-05, 8.58001003508e-05, 0.000123121222714, 8.67104390636e-05, 4.1069357394e-05, 5.9570548494e-10],
        "min": [2.52640885989e-09, 1.05293933572e-08, 1.61873678906e-08, 2.90800930003e-08, 4.61882251557e-07, 1.03839590793e-06, 1.98538100449e-06, 9.69609530443e-08, 7.04510796368e-08, 1.36524852223e-06, 6.60514274387e-07, 8.83336994661e-08, 1.40068732435e-06, 4.73804476542e-07, 1.84094574252e-06, 1.14362921977e-06, 7.31668023946e-07, 6.52228834497e-07, 6.89533123932e-07, 7.92851551523e-07, 5.50991956061e-07, 7.76701710947e-07, 6.07991921697e-07, 5.15012061442e-07, 7.23844735262e-08, 3.34261264501e-11, 1.14002227797e-11],
        "var": [8.04999308457e-06, 0.000389320484828, 3.43405590684e-05, 1.02008007161e-05, 4.83210897073e-06, 4.50548441222e-06, 8.26793802844e-06, 3.33078560288e-07, 6.45308955427e-06, 1.97802692128e-05, 7.68601148593e-06, 1.38063319355e-06, 2.67614927907e-06, 6.72870953622e-07, 3.59491446034e-06, 7.22357185623e-07, 5.27272902673e-07, 4.49681408554e-07, 2.29990575917e-07, 4.90725085456e-07, 6.29868452506e-07, 6.17896262156e-07, 6.27900533345e-07, 3.49288279722e-06, 2.05619107874e-06, 3.55526623252e-07, 8.16699464133e-13]
    },
    "erbbands": {
        "dmean": [0.369774729013, 1.54349625111, 3.04891824722, 4.02899265289, 5.09740018845, 2.91874361038, 3.89750623703, 11.5359764099, 18.5487556458, 9.08829021454, 6.065574646, 19.9171714783, 32.7702827454, 44.5021820068, 16.1573638916, 17.2407989502, 23.4891586304, 13.0776262283, 32.5468673706, 20.6167316437, 16.8149986267, 10.5987958908, 11.3697271347, 16.299249649, 9.34234714508, 11.4018745422, 9.46103668213, 9.15610408783, 8.58539676666, 7.6806769371, 7.56969642639, 9.36521625519, 11.7826929092, 6.58653593063, 3.59016132355, 1.14283418655, 0.332056671381, 0.0302161257714, 0.000569091644138, 4.7465244279e-05],
        "dmean2": [0.606439650059, 2.53776812553, 5.28438138962, 7.24011421204, 8.85130786896, 4.96647024155, 6.50064134598, 18.3381843567, 29.8407421112, 15.0040121078, 9.61499404907, 31.5744819641, 50.4779472351, 69.9680633545, 25.110250473, 26.8840446472, 36.2477378845, 20.3904380798, 51.9505004883, 32.5146064758, 26.7431201935, 16.0097312927, 17.5634078979, 25.3177890778, 14.472120285, 17.3006668091, 13.3569030762, 12.8363037109, 12.6699056625, 10.9761943817, 11.0141954422, 13.9641885757, 17.8496856689, 10.0424108505, 5.55997371674, 1.75629639626, 0.506495893002, 0.0490339919925, 0.000881287152879, 7.35886424081e-05],
        "dvar": [0.74698382616, 10.2064123154, 54.469669342, 109.793876648, 148.01864624, 35.9428672791, 50.0162200928, 396.510559082, 1563.08056641, 536.003356934, 104.723007202, 2472.18652344, 5359.01464844, 19354.7402344, 1320.80029297, 1546.15881348, 2807.6640625, 787.846679688, 5946.02099609, 3024.13745117, 1625.43310547, 525.189697266, 440.659545898, 758.066223145, 420.915435791, 1180.20031738, 859.310668945, 773.220397949, 568.450683594, 388.54119873, 398.950378418, 667.628967285, 1304.7623291, 252.890533447, 90.2780761719, 7.29997014999, 0.485741734505, 0.00418418366462, 1.38766120017e-06, 7.11090253347e-09],
        "dvar2": [1.86486768723, 25.8230953217, 153.057342529, 312.997436523, 406.559539795, 100.116142273, 132.059829712, 1013.01501465, 4098.11132812, 1441.875, 261.804382324, 5890.57373047, 12791.78125, 50712.9921875, 3141.50512695, 4017.87402344, 6700.18115234, 1891.38317871, 14089.828125, 7695.41357422, 4368.38476562, 1280.40869141, 1030.09118652, 1763.79528809, 1027.57885742, 2899.80981445, 1940.97558594, 1679.70117188, 1188.19458008, 772.840881348, 860.791137695, 1276.67614746, 3044.26928711, 543.807983398, 209.524261475, 14.3979196548, 0.945969343185, 0.00950420182198, 2.87092711915e-06, 1.27287584917e-08],
        "max": [8.67347335815, 33.5912628174, 63.1246986389, 91.0519561768, 101.291213989, 68.9908294678, 68.3379669189, 210.866134644, 594.530334473, 315.663635254, 134.869415283, 820.660949707, 1497.01635742, 2604.95996094, 450.016204834, 465.769805908, 1101.13244629, 364.595794678, 1078.67224121, 844.840759277, 660.29309082, 348.217926025, 249.049499512, 420.885375977, 194.96774292, 343.353027344, 322.762969971, 285.245422363, 279.359375, 210.445922852, 304.027923584, 251.977203369, 386.501342773, 144.198684692, 86.7246017456, 31.8358612061, 10.490942955, 0.870631158352, 0.0151925114915, 0.000780394067988],
        "mean": [0.72155714035, 2.60935759544, 3.38952374458, 3.83861446381, 4.72982978821, 3.87461018562, 5.36695718765, 16.2722759247, 25.2050533295, 11.9988908768, 8.99892997742, 27.0062599182, 45.537109375, 65.8151931763, 26.5033893585, 25.0525779724, 35.7856712341, 20.8752727509, 47.2456054688, 31.2479610443, 26.7677268982, 18.5074596405, 21.3681850433, 28.5276432037, 15.0439758301, 14.4428863525, 11.8462915421, 10.4637527466, 10.4522533417, 9.6931438446, 9.89867019653, 11.6534605026, 12.4810476303, 6.97180128098, 3.55138158798, 1.34145414829, 0.406022489071, 0.0305477567017, 0.000648786895908, 8.58557250467e-05],
        "median": [0.682918548584, 2.0497879982, 1.61578404903, 1.20323753357, 1.68685567379, 2.2045955658, 3.07026314735, 8.78596401215, 9.77838516235, 5.39192676544, 4.53045892715, 7.0973649025, 11.977807045, 11.1319179535, 7.19495439529, 7.5888428688, 9.66080760956, 7.8676571846, 14.9517869949, 9.27795314789, 9.02098751068, 7.4617638588, 11.4381113052, 13.2006759644, 8.88566017151, 5.36896705627, 3.55992126465, 2.83804678917, 2.82170724869, 2.38497495651, 2.71639442444, 2.4246981144, 2.08247113228, 1.19363307953, 0.503638803959, 0.230040967464, 0.0699073672295, 0.00404160562903, 0.000113333218906, 4.94898667966e-05],
        "min": [4.49164843985e-07, 2.30168257076e-06, 1.70260173036e-05, 0.00010291680519, 0.000890765106305, 0.00111578218639, 0.00213459180668, 0.00978515390307, 0.0235399436206, 0.026372147724, 0.00479720486328, 0.00282976706512, 0.0211769174784, 0.04069089517, 0.0504634343088, 0.0167357195169, 0.0568418689072, 0.0625770837069, 0.049847766757, 0.0657007545233, 0.0949174463749, 0.0445514060557, 0.0623647645116, 0.0408277288079, 0.0317610278726, 0.0413704961538, 0.0235168207437, 0.0200750567019, 0.0184410810471, 0.021952945739, 0.0206743273884, 0.00986722484231, 0.00520812673494, 0.00142663344741, 0.000192719933693, 4.72552746942e-05, 1.02426956801e-05, 8.12109078652e-07, 8.59229032812e-07, 1.43732154356e-06],
        "var": [0.81961286068, 11.9626188278, 46.2686233521, 76.1871643066, 105.97164917, 30.0585632324, 52.8852729797, 503.37210083, 1782.48217773, 509.693939209, 169.218307495, 4219.10107422, 9859.01953125, 31680.7519531, 2903.89453125, 2511.63793945, 6178.140625, 1428.47167969, 9480.51464844, 4589.72216797, 2588.40185547, 975.00958252, 860.671203613, 1522.15759277, 516.77520752, 1201.04064941, 1026.79626465, 917.430114746, 706.958618164, 569.646057129, 554.646972656, 922.825134277, 1369.32409668, 317.065185547, 99.4045410156, 12.3585834503, 0.979557037354, 0.00580225139856, 2.26532301895e-06, 1.29807995464e-08]
    },
    "gfcc": {
        "mean": [24.9438781738, 65.5807800293, -102.393875122, 34.5298042297, -54.6537666321, 28.6689682007, -40.4529876709, 23.4259262085, -22.8477497101, 10.6655092239, -9.87215137482, 7.44018745422, -7.78789615631],
        "cov": [[3045.28027344, -777.465087891, -59.5824623108, 76.0354690552, -104.393470764, 48.1782035828, -66.6555252075, 148.951171875, -170.325317383, 16.6869926453, -202.183822632, 45.9784202576, -61.9236030579], [-777.465087891, 1599.0456543, -196.370422363, 69.0440444946, 320.611663818, 42.1971740723, 414.12310791, -11.3814306259, 199.83493042, -4.93517780304, 209.292129517, -80.4458618164, 145.002105713], [-59.5824623108, -196.370422363, 1002.13806152, 290.856567383, 211.81602478, 245.266662598, 71.2940826416, 64.8898086548, 58.8514289856, 104.516136169, -59.2506103516, 53.1334342957, -62.6046333313], [76.0354690552, 69.0440444946, 290.856567383, 463.845306396, 157.891098022, -3.49116683006, 31.926815033, 27.0996856689, 105.273124695, 8.28450775146, -2.22816705704, -4.25764417648, 23.6177368164], [-104.393470764, 320.611663818, 211.81602478, 157.891098022, 344.365966797, 134.934326172, 173.586975098, 61.6432991028, 84.0906143188, 61.0794715881, 16.2734603882, 10.9854135513, 22.1770629883], [48.1782035828, 42.1971740723, 245.266662598, -3.49116683006, 134.934326172, 298.452972412, 167.626449585, 36.2100334167, 18.6144485474, 45.609336853, 8.71378707886, 1.0345903635, -5.00891017914], [-66.6555252075, 414.12310791, 71.2940826416, 31.926815033, 173.586975098, 167.626449585, 343.299407959, 53.6532516479, 38.4639587402, 21.6456127167, 26.3480014801, -14.1076164246, 24.2511768341], [148.951171875, -11.3814306259, 64.8898086548, 27.0996856689, 61.6432991028, 36.2100334167, 53.6532516479, 149.288757324, 47.3027648926, 13.4142513275, 6.16882801056, 26.5417118073, 14.9241981506], [-170.325317383, 199.83493042, 58.8514289856, 105.273124695, 84.0906143188, 18.6144485474, 38.4639587402, 47.3027648926, 181.365814209, 21.0721664429, 59.1556739807, 2.89430046082, 35.8147315979], [16.6869926453, -4.93517780304, 104.516136169, 8.28450775146, 61.0794715881, 45.609336853, 21.6456127167, 13.4142513275, 21.0721664429, 120.538726807, 39.4744338989, 29.018573761, -1.86569464207], [-202.183822632, 209.292129517, -59.2506103516, -2.22816705704, 16.2734603882, 8.71378707886, 26.3480014801, 6.16882801056, 59.1556739807, 39.4744338989, 146.913635254, 28.0483264923, 39.8794364929], [45.9784202576, -80.4458618164, 53.1334342957, -4.25764417648, 10.9854135513, 1.0345903635, -14.1076164246, 26.5417118073, 2.89430046082, 29.018573761, 28.0483264923, 83.1974563599, 6.06801939011], [-61.9236030579, 145.002105713, -62.6046333313, 23.6177368164, 22.1770629883, -5.00891017914, 24.2511768341, 14.9241981506, 35.8147315979, -1.86569464207, 39.8794364929, 6.06801939011, 81.4195861816]],
        "icov": [[0.00050238717813, 2.22186772589e-05, 0.000382797239581, -0.000515695370268, 0.000350778369466, -0.000505682721268, 0.000108471125714, -0.000698948977515, 0.000439127237769, -0.000523774651811, 0.000804451934528, -0.000443284632638, 0.000189453130588], [2.22186772589e-05, 0.00244178366847, -0.000263025896857, 0.000932657741942, -0.00205109757371, 0.00202642357908, -0.00266064051539, 0.00149095233064, -0.00108251255006, 0.00134672154672, -0.00293380860239, 0.00257520959713, -0.00184988975525], [0.000382797239581, -0.000263025896857, 0.00257058255374, -0.00194296450354, 0.000484767107992, -0.00253570522182, 0.000870850635692, -0.000873818411492, 0.00017528537137, -0.00171009893529, 0.00215953076258, -0.00208885292523, 0.00189411872998], [-0.000515695370268, 0.000932657741942, -0.00194296450354, 0.00478755123913, -0.00262857927009, 0.00308491103351, -0.00118611694779, 0.00167405919638, -0.00211627432145, 0.00208600959741, -0.00208784895949, 0.00245404033922, -0.00216529075988], [0.000350778369466, -0.00205109757371, 0.000484767107992, -0.00262857927009, 0.00770753622055, -0.00318443519063, 0.000381679885322, -0.00224762177095, 0.000109675856947, -0.00349309807643, 0.00408719712868, -0.00306526385248, 0.00115612568334], [-0.000505682721268, 0.00202642357908, -0.00253570522182, 0.00308491103351, -0.00318443519063, 0.00905131269246, -0.0047579491511, 0.00192016654182, -0.00110041641165, 0.00152644957416, -0.00412011379376, 0.00395319378003, -0.00210623256862], [0.000108471125714, -0.00266064051539, 0.000870850635692, -0.00118611694779, 0.000381679885322, -0.0047579491511, 0.00813703425229, -0.0028292175848, 0.0017412250163, -0.0010894946754, 0.00265360414051, -0.00164764432702, 0.00156500516459], [-0.000698948977515, 0.00149095233064, -0.000873818411492, 0.00167405919638, -0.00224762177095, 0.00192016654182, -0.0028292175848, 0.0104760713875, -0.00353755080141, 0.00184691580944, -0.00148031546269, -0.000931702321395, -0.00229867058806], [0.000439127237769, -0.00108251255006, 0.00017528537137, -0.00211627432145, 0.000109675856947, -0.00110041641165, 0.0017412250163, -0.00353755080141, 0.00959429610521, -0.000982587924227, -0.00147263554391, 0.000456193520222, -0.000512803788297], [-0.000523774651811, 0.00134672154672, -0.00171009893529, 0.00208600959741, -0.00349309807643, 0.00152644957416, -0.0010894946754, 0.00184691580944, -0.000982587924227, 0.0130918817595, -0.00599115854129, -5.24407005287e-05, -1.48528015416e-05], [0.000804451934528, -0.00293380860239, 0.00215953076258, -0.00208784895949, 0.00408719712868, -0.00412011379376, 0.00265360414051, -0.00148031546269, -0.00147263554391, -0.00599115854129, 0.0161256771535, -0.00758497137576, -0.00060553883668], [-0.000443284632638, 0.00257520959713, -0.00208885292523, 0.00245404033922, -0.00306526385248, 0.00395319378003, -0.00164764432702, -0.000931702321395, 0.000456193520222, -5.24407005287e-05, -0.00758497137576, 0.0193976648152, -0.00343414535746], [0.000189453130588, -0.00184988975525, 0.00189411872998, -0.00216529075988, 0.00115612568334, -0.00210623256862, 0.00156500516459, -0.00229867058806, -0.000512803788297, -1.48528015416e-05, -0.00060553883668, -0.00343414535746, 0.0180936548859]]
    },
    "melbands": {
        "dmean": [0.00266766850837, 0.00164133915678, 0.000736008980311, 0.000284100853605, 0.00012427616457, 0.00025260320399, 0.000272553617833, 8.85788249434e-05, 4.79132177134e-05, 0.000137850554893, 0.000168579746969, 0.000188335499843, 5.62277273275e-05, 4.86404678668e-05, 5.21382862644e-05, 4.40112999058e-05, 2.50510784099e-05, 5.20368266734e-05, 3.92279980588e-05, 2.31012563745e-05, 2.06486456591e-05, 1.16149412861e-05, 1.35870286613e-05, 1.21513694467e-05, 1.46711199704e-05, 6.49327739666e-06, 8.56429778651e-06, 7.21433616491e-06, 5.55727683604e-06, 6.39856079943e-06, 4.79671462017e-06, 5.02741841046e-06, 4.93016295877e-06, 3.92824767914e-06, 4.10427446695e-06, 5.50249524167e-06, 6.21223307462e-06, 8.67917151481e-06, 7.59802560424e-06, 5.05432262798e-06],
        "dmean2": [0.0044259862043, 0.00280438293703, 0.00129975192249, 0.000489843194373, 0.000209870879189, 0.00040193105815, 0.000438009737991, 0.000145883095684, 7.63514835853e-05, 0.000220486545004, 0.000260322558461, 0.000296639685985, 8.86701382115e-05, 7.5125375588e-05, 8.18863045424e-05, 6.94764312357e-05, 3.95415117964e-05, 8.37330153445e-05, 6.01447100053e-05, 3.76822790713e-05, 3.28358073602e-05, 1.7954800569e-05, 2.16198750422e-05, 1.91230537894e-05, 2.28217904805e-05, 1.01158857433e-05, 1.39094836413e-05, 1.09136244646e-05, 8.05282707006e-06, 9.52696063905e-06, 6.69531527819e-06, 7.59662634664e-06, 7.15449414201e-06, 5.58626879865e-06, 6.29475744063e-06, 8.4956527644e-06, 9.46071850194e-06, 1.33538815135e-05, 1.15448738143e-05, 7.82923962106e-06],
        "dvar": [3.67159445887e-05, 1.14776476039e-05, 3.13199961965e-06, 4.23841072461e-07, 5.10223188144e-08, 1.79972843739e-07, 3.66772013649e-07, 4.53502231323e-08, 6.4731708882e-09, 1.21603790149e-07, 1.37842931736e-07, 3.33859929924e-07, 2.387630893e-08, 1.13752580688e-08, 1.57785748911e-08, 9.24704046668e-09, 4.02296285174e-09, 1.58389035221e-08, 9.68831859183e-09, 3.08005554395e-09, 3.13247960904e-09, 7.90186083233e-10, 9.61081991768e-10, 5.44833067551e-10, 6.12683292989e-10, 1.20731008524e-10, 7.07277625356e-10, 4.45650821801e-10, 2.73108480275e-10, 4.40563197035e-10, 1.92814944566e-10, 1.90833959746e-10, 1.8753516795e-10, 9.10457542691e-11, 1.12174505795e-10, 2.51954956898e-10, 3.02662450657e-10, 7.70158103958e-10, 4.69621008747e-10, 1.2760502377e-10],
        "dvar2": [9.09184018383e-05, 3.10534924211e-05, 8.80940751813e-06, 1.17308866265e-06, 1.35413969815e-07, 4.57312438584e-07, 9.7065810678e-07, 1.21107589734e-07, 1.64256110935e-08, 3.00035679857e-07, 3.26992363853e-07, 8.58295891248e-07, 5.92212678896e-08, 2.76543037359e-08, 4.04439575163e-08, 2.23973035673e-08, 9.95862947661e-09, 3.75949014142e-08, 2.28279137815e-08, 8.01878385914e-09, 8.74088801339e-09, 2.03326089299e-09, 2.31104735349e-09, 1.31603239417e-09, 1.4364635037e-09, 2.83331330619e-10, 1.84726400843e-09, 1.05175268494e-09, 5.97075611175e-10, 1.05209418955e-09, 4.01239125258e-10, 4.15873974147e-10, 3.84427822908e-10, 1.81813758493e-10, 2.56101612139e-10, 5.70696545577e-10, 5.78903369686e-10, 1.87075444025e-09, 1.05618913615e-09, 2.75543921013e-10],
        "max": [0.0622558929026, 0.0323787592351, 0.0141699882224, 0.00561159430072, 0.00212045619264, 0.00455632666126, 0.00979074556381, 0.00266585289501, 0.00100963702425, 0.00566485244781, 0.00744719337672, 0.0108651733026, 0.00314365769736, 0.00138210656587, 0.00161699135788, 0.00156585418154, 0.000835634593386, 0.00170408654958, 0.00165334751364, 0.000888615031727, 0.00114456855226, 0.000551618461031, 0.000420605065301, 0.000475168926641, 0.000374767492758, 0.000120455799333, 0.000238009306486, 0.00021305977134, 0.000188850201084, 0.000190532009583, 0.000154340246809, 0.000145936573972, 0.000172940490302, 0.00011658823496, 0.000162976357387, 0.000179478345672, 0.000161381423823, 0.000314055650961, 0.000190679726074, 0.000105335726403],
        "mean": [0.00533330906183, 0.00233944249339, 0.00070394645445, 0.000312119111186, 0.000178836009582, 0.000360210309736, 0.000372828450054, 0.000114893555292, 6.65309053147e-05, 0.000182867297553, 0.000227644297411, 0.000273411249509, 8.86134221219e-05, 6.48005661787e-05, 7.31822510716e-05, 6.59167926642e-05, 3.45277148881e-05, 7.11611937732e-05, 5.71280543227e-05, 3.30462535203e-05, 3.08784910885e-05, 1.86669640243e-05, 2.06319218705e-05, 2.03727158805e-05, 2.42910882662e-05, 1.05616190922e-05, 1.03471920738e-05, 9.15058444662e-06, 7.31118780095e-06, 6.70988947604e-06, 5.66192966289e-06, 5.89957016928e-06, 5.84473127674e-06, 4.93624565934e-06, 5.3193898566e-06, 6.41344013275e-06, 7.48000684325e-06, 8.95321591088e-06, 7.90546800999e-06, 5.20727098774e-06],
        "median": [0.00497029675171, 0.00143130426295, 0.000230408433708, 0.000145132056787, 0.000113314832561, 0.000195195287233, 0.000149020270328, 5.06201467942e-05, 3.07254049403e-05, 4.37494527432e-05, 5.59519830858e-05, 3.77783544536e-05, 1.8276496121e-05, 1.98934285436e-05, 1.86307661352e-05, 1.86987545021e-05, 9.40845256991e-06, 2.04698135349e-05, 1.47513010234e-05, 1.07207142719e-05, 8.90254705155e-06, 7.40424411561e-06, 7.53923904995e-06, 1.05808085209e-05, 1.04964465208e-05, 6.30822387393e-06, 4.61797480966e-06, 3.11610028803e-06, 2.18363970816e-06, 1.59186515702e-06, 1.48550566337e-06, 1.62767844358e-06, 1.30792966502e-06, 1.14615420443e-06, 1.42245926327e-06, 1.59411172262e-06, 1.38834798236e-06, 1.48378160247e-06, 1.18720663522e-06, 8.91810998382e-07],
        "min": [4.2288683666e-09, 5.89172177712e-09, 4.00326243266e-08, 9.10449386993e-08, 7.01637006273e-08, 2.53192382615e-07, 3.73482663463e-07, 2.33376496794e-07, 2.39214408282e-08, 1.19879040028e-08, 7.1422249448e-08, 1.69126138871e-07, 9.63237027918e-08, 8.02581290316e-09, 6.8088120031e-08, 1.25156134345e-07, 8.54389057281e-08, 5.43473994696e-08, 1.16121462668e-07, 8.18285954551e-08, 4.01537825212e-08, 4.28949604725e-08, 5.21692591349e-08, 3.52561535522e-08, 2.61616364128e-08, 2.53081786639e-08, 1.89557471941e-08, 2.55893972678e-08, 1.17550182921e-08, 1.34547279984e-08, 1.9495073611e-10, 7.42678279986e-11, 1.65630165139e-09, 7.8528149261e-11, 5.94858029501e-09, 6.11797501548e-09, 5.32061061875e-09, 2.00335614764e-09, 1.26926591459e-09, 4.00892470262e-12],
