{
"highlevel": {
    "danceability": {
        "all": {
            "danceable": 0.62913441658,
            "not_danceable": 0.37086558342
        },
        "probability": 0.62913441658,
        "value": "danceable"
    },
    "gender": {
        "all": {
            "female": 0.400637954473,
            "male": 0.599362015724
        },
        "probability": 0.599362015724,
        "value": "male"
    },
    "genre_dortmund": {
        "all": {
            "alternative": 0.0484003946185,
            "blues": 0.0214475449175,
            "electronic": 0.00423845183104,
            "folkcountry": 0.00558125181124,
            "funksoulrnb": 0.00577712850645,
            "jazz": 0.00120126886759,
            "pop": 0.0108437500894,
            "raphiphop": 0.010054718703,
            "rock": 0.892455518246
        },
        "probability": 0.892455518246,
        "value": "rock"
    },
    "genre_electronic": {
        "all": {
            "ambient": 0.128202185035,
            "dnb": 0.798967838287,
            "house": 0.00899474229664,
            "techno": 0.00306594162248,
            "trance": 0.0607692748308
        },
        "probability": 0.798967838287,
        "value": "dnb"
    },
    "genre_rosamerica": {
        "all": {
            "cla": 0.000226940217544,
            "dan": 0.000650396861602,
            "hip": 0.00201781769283,
            "jaz": 0.000107674532046,
            "pop": 0.00653670588508,
            "rhy": 0.0015367299784,
            "roc": 0.988879024982,
            "spe": 4.47076636192e-05
        },
        "probability": 0.988879024982,
        "value": "roc"
    },
    "genre_tzanetakis": {
        "all": {
            "blu": 0.0626541376114,
            "cla": 0.0348133966327,
            "cou": 0.0783501937985,
            "dis": 0.104547761381,
            "hip": 0.15693578124,
            "jaz": 0.313987255096,
            "met": 0.044816005975,
            "pop": 0.0627349764109,
            "reg": 0.0627352520823,
            "roc": 0.0784252434969
        },
        "probability": 0.313987255096,
        "value": "jaz"
    },
    "ismir04_rhythm": {
        "all": {
            "ChaChaCha": 0.0248532891273,
            "Jive": 0.675985097885,
            "Quickstep": 0.0200231522322,
            "Rumba-American": 0.00550508406013,
            "Rumba-International": 0.0247808173299,
            "Rumba-Misc": 0.0094176903367,
            "Samba": 0.164139717817,
            "Tango": 0.00265999697149,
            "VienneseWaltz": 0.0353371836245,
            "Waltz": 0.0372979529202
        },
        "probability": 0.675985097885,
        "value": "Jive"
    },
    "mood_acoustic": {
        "all": {
            "acoustic": 2.22482427148e-07,
            "not_acoustic": 0.999999761581
        },
        "probability": 0.999999761581,
        "value": "not_acoustic"
    },
    "mood_aggressive": {
        "all": {
            "aggressive": 0.998493254185,
            "not_aggressive": 0.00150675792247
        },
        "probability": 0.998493254185,
        "value": "aggressive"
    },
    "mood_electronic": {
        "all": {
            "electronic": 0.03631638363,
            "not_electronic": 0.963683605194
        },
        "probability": 0.963683605194,
        "value": "not_electronic"
    },
    "mood_happy": {
        "all": {
            "happy": 0.881271123886,
            "not_happy": 0.118728861213
        },
        "probability": 0.881271123886,
        "value": "happy"
    },
    "mood_party": {
        "all": {
            "not_party": 0.451090753078,
            "party": 0.548909246922
        },
        "probability": 0.548909246922,
        "value": "party"
    },
    "mood_relaxed": {
        "all": {
            "not_relaxed": 0.977740824223,
            "relaxed": 0.0222592018545
        },
        "probability": 0.977740824223,
        "value": "not_relaxed"
    },
    "mood_sad": {
        "all": {
            "not_sad": 0.978245258331,
            "sad": 0.0217547658831
        },
        "probability": 0.978245258331,
        "value": "not_sad"
    },
    "moods_mirex": {
        "all": {
            "Cluster1": 0.343057781458,
            "Cluster2": 0.0279452465475,
            "Cluster3": 0.030226925388,
            "Cluster4": 0.0285212527961,
            "Cluster5": 0.570248782635
        },
        "probability": 0.570248782635,
        "value": "Cluster5"
    },
    "timbre": {
        "all": {
            "bright": 0.153468579054,
            "dark": 0.846531391144
        },
        "probability": 0.846531391144,
        "value": "dark"
    },
    "tonal_atonal": {
        "all": {
            "atonal": 0.104021243751,
            "tonal": 0.895978748798
        },
        "probability": 0.895978748798,
        "value": "tonal"
    },
    "voice_instrumental": {
        "all": {
            "instrumental": 0.000432914035628,
            "voice": 0.999567091465
        },
        "probability": 0.999567091465,
        "value": "voice"
    }
},
"lowlevel": {
    "average_loudness": 0.963906228542,
    "barkbands_crest": {
        "dmean": 2.3444890976,
        "dmean2": 3.95329141617,
        "dvar": 4.59743881226,
        "dvar2": 13.0516738892,
        "max": 23.2959060669,
        "mean": 10.0999288559,
        "median": 9.61652088165,
        "min": 3.28049731255,
        "var": 12.6892595291
    },
    "barkbands_flatness_db": {
        "dmean": 0.0192585960031,
        "dmean2": 0.0315192826092,
        "dvar": 0.000363483268302,
        "dvar2": 0.000967064057477,
        "max": 0.389768213034,
        "mean": 0.146977797151,
        "median": 0.132621228695,
        "min": 0.0530373938382,
        "var": 0.00300600496121
    },
    "barkbands_kurtosis": {
        "dmean": 1.99083173275,
        "dmean2": 3.31989789009,
        "dvar": 12.6120738983,
        "dvar2": 34.9765853882,
        "max": 47.6081008911,
        "mean": 2.62841629982,
        "median": -0.0982837677002,
        "min": -1.66702651978,
        "var": 42.8977470398
    },
    "barkbands_skewness": {
        "dmean": 0.514358580112,
        "dmean2": 0.84863615036,
        "dvar": 0.321143269539,
        "dvar2": 0.90055090189,
        "max": 6.49107885361,
        "mean": 1.30733287334,
        "median": 1.04717254639,
        "min": -0.726242780685,
        "var": 1.20532381535
    },
    "barkbands_spread": {
        "dmean": 5.29969453812,
        "dmean2": 8.57047653198,
        "dvar": 36.0077018738,
        "dvar2": 97.3758087158,
        "max": 84.7922821045,
        "mean": 27.1740856171,
        "median": 28.595205307,
        "min": 1.67170250416,
        "var": 138.949295044
    },
    "dissonance": {
        "dmean": 0.0128017431125,
        "dmean2": 0.0218346491456,
        "dvar": 0.000251209305134,
        "dvar2": 0.000673199247103,
        "max": 0.499821007252,
        "mean": 0.473376363516,
        "median": 0.484853059053,
        "min": 0.220930501819,
        "var": 0.00138429237995
    },
    "dynamic_complexity": 2.99577999115,
    "erbbands_crest": {
        "dmean": 2.32446837425,
        "dmean2": 3.82972455025,
        "dvar": 4.63138818741,
        "dvar2": 11.5634937286,
        "max": 26.6248264313,
        "mean": 8.73714637756,
        "median": 7.84041643143,
        "min": 2.27737879753,
        "var": 13.9931755066
    },
    "erbbands_flatness_db": {
        "dmean": 0.0145323006436,
        "dmean2": 0.0222318489105,
        "dvar": 0.000178932226845,
        "dvar2": 0.000387651467463,
        "max": 0.310094982386,
        "mean": 0.165202572942,
        "median": 0.162120118737,
        "min": 0.0711611956358,
        "var": 0.00153829960618
    },
    "erbbands_kurtosis": {
        "dmean": 1.01480853558,
        "dmean2": 1.61846601963,
        "dvar": 1.53721344471,
        "dvar2": 3.73091268539,
        "max": 19.0329647064,
        "mean": 1.28659260273,
        "median": 0.690502166748,
        "min": -1.71441221237,
        "var": 6.52108335495
    },
    "erbbands_skewness": {
        "dmean": 0.31912201643,
        "dmean2": 0.504393696785,
        "dvar": 0.0834703743458,
        "dvar2": 0.210656195879,
        "max": 3.22635769844,
        "mean": -0.286003470421,
        "median": -0.456145644188,
        "min": -2.37503862381,
        "var": 0.707244217396
    },
    "erbbands_spread": {
        "dmean": 6.72101020813,
        "dmean2": 10.9161272049,
        "dvar": 56.8069076538,
        "dvar2": 140.176300049,
        "max": 104.740119934,
        "mean": 32.2956199646,
        "median": 28.5837802887,
        "min": 5.19981431961,
        "var": 319.812164307
    },
    "hfc": {
        "dmean": 5.49132347107,
        "dmean2": 8.66763687134,
        "dvar": 34.301902771,
        "dvar2": 84.01121521,
        "max": 92.7977905273,
        "mean": 31.7751140594,
        "median": 32.7974815369,
        "min": 0.0102251507342,
        "var": 324.626739502
    },
    "melbands_crest": {
        "dmean": 3.49679923058,
        "dmean2": 5.92089939117,
        "dvar": 10.2693109512,
        "dvar2": 28.1170024872,
        "max": 31.8138637543,
        "mean": 16.1911067963,
        "median": 15.8030090332,
        "min": 5.38595438004,
        "var": 21.612285614
    },
    "melbands_flatness_db": {
        "dmean": 0.024695456028,
        "dmean2": 0.0400381498039,
        "dvar": 0.000600041181315,
        "dvar2": 0.00166437996086,
        "max": 0.499431431293,
        "mean": 0.205242916942,
        "median": 0.189788416028,
        "min": 0.0777017101645,
        "var": 0.00425499724224
    },
    "melbands_kurtosis": {
        "dmean": 6.20677185059,
        "dmean2": 10.579410553,
        "dvar": 128.729812622,
        "dvar2": 365.50213623,
        "max": 158.85144043,
        "mean": 12.4245157242,
        "median": 5.5059633255,
        "min": -1.44268226624,
        "var": 419.794372559
    },
    "melbands_skewness": {
        "dmean": 0.770880281925,
        "dmean2": 1.27754557133,
        "dvar": 0.788620769978,
        "dvar2": 2.22520804405,
        "max": 10.9620218277,
        "mean": 2.69081091881,
        "median": 2.35407924652,
        "min": -0.440074652433,
        "var": 3.03197956085
    },
    "melbands_spread": {
        "dmean": 7.341609478,
        "dmean2": 12.2400274277,
        "dvar": 65.6447219849,
        "dvar2": 182.134872437,
        "max": 140.43649292,
        "mean": 26.7405738831,
        "median": 27.406288147,
        "min": 1.97535049915,
        "var": 197.125152588
    },
    "pitch_salience": {
        "dmean": 0.0664278045297,
        "dmean2": 0.11179894954,
        "dvar": 0.00422171922401,
        "dvar2": 0.01238673646,
        "max": 0.82491004467,
        "mean": 0.509549081326,
        "median": 0.504933893681,
        "min": 0.196485832334,
        "var": 0.00850497186184
    },
    "silence_rate_20dB": {
        "dmean": 0,
        "dmean2": 0,
        "dvar": 0,
        "dvar2": 0,
        "max": 1,
        "mean": 1,
        "median": 1,
        "min": 1,
        "var": 0
    },
    "silence_rate_30dB": {
        "dmean": 0,
        "dmean2": 0,
        "dvar": 0,
        "dvar2": 0,
        "max": 1,
        "mean": 1,
        "median": 1,
        "min": 1,
        "var": 0
    },
    "silence_rate_60dB": {
        "dmean": 0.0131578948349,
        "dmean2": 0.0263361725956,
        "dvar": 0.0129847498611,
        "dvar2": 0.0302902944386,
        "max": 1,
        "mean": 0.0703789666295,
        "median": 0,
        "min": 0,
        "var": 0.0654258728027
    },
    "spectral_centroid": {
        "dmean": 197.653076172,
        "dmean2": 316.330841064,
        "dvar": 47442.4257812,
        "dvar2": 126736.65625,
        "max": 3834.39160156,
        "mean": 1549.80908203,
        "median": 1643.90332031,
        "min": 238.560150146,
        "var": 247399.03125
    },
    "spectral_complexity": {
        "dmean": 3.33049535751,
        "dmean2": 5.41518211365,
        "dvar": 9.59125423431,
        "dvar2": 22.1700668335,
        "max": 56,
        "mean": 29.3518943787,
        "median": 33,
        "min": 0,
        "var": 145.484085083
    },
    "spectral_decrease": {
        "dmean": 3.35217431591e-09,
        "dmean2": 5.73872016574e-09,
        "dvar": 1.64990586489e-17,
        "dvar2": 4.9193939806e-17,
        "max": -1.47364204173e-11,
        "mean": -1.11842606287e-08,
        "median": -1.12849400935e-08,
        "min": -3.35803882479e-08,
        "var": 3.5564842195e-17
    },
    "spectral_energy": {
        "dmean": 0.0128625109792,
        "dmean2": 0.0219757147133,
        "dvar": 0.000236652442254,
        "dvar2": 0.000705887505319,
        "max": 0.128964558244,
        "mean": 0.0450940392911,
        "median": 0.0457997955382,
        "min": 5.65461632505e-05,
        "var": 0.000556470360607
    },
    "spectral_energyband_high": {
        "dmean": 0.000249090429861,
        "dmean2": 0.000386485975469,
        "dvar": 2.44942015115e-07,
        "dvar2": 5.40187613751e-07,
        "max": 0.00798804592341,
        "mean": 0.00081521802349,
        "median": 0.000539623841178,
        "min": 1.88642546028e-09,
        "var": 8.41756047976e-07
    },
    "spectral_energyband_low": {
        "dmean": 0.011632297188,
        "dmean2": 0.020228350535,
        "dvar": 0.000256472354522,
        "dvar2": 0.000757451751269,
        "max": 0.120956301689,
        "mean": 0.0242621935904,
        "median": 0.0212977994233,
        "min": 3.1448489608e-05,
        "var": 0.000339472695487
    },
    "spectral_energyband_middle_high": {
        "dmean": 0.00277050281875,
        "dmean2": 0.00426773447543,
        "dvar": 1.0889863006e-05,
        "dvar2": 2.55893010035e-05,
        "max": 0.0529068894684,
        "mean": 0.011731268838,
        "median": 0.00996662676334,
        "min": 1.52361977257e-07,
        "var": 8.07804754004e-05
    },
    "spectral_energyband_middle_low": {
        "dmean": 0.00447342311963,
        "dmean2": 0.00760856969282,
        "dvar": 5.44513168279e-05,
        "dvar2": 0.000148972903844,
        "max": 0.0681064128876,
        "mean": 0.00923933647573,
        "median": 0.0069199972786,
        "min": 2.46051022259e-05,
        "var": 7.06079445081e-05
    },
    "spectral_entropy": {
        "dmean": 0.0998408868909,
        "dmean2": 0.15756200254,
        "dvar": 0.0115344040096,
        "dvar2": 0.0221494007856,
        "max": 8.44448375702,
        "mean": 7.59157800674,
        "median": 7.68779563904,
        "min": 5.32038640976,
        "var": 0.222797349095
    },
    "spectral_flux": {
        "dmean": 0.0252231322229,
        "dmean2": 0.0391384139657,
        "dvar": 0.000765164557379,
        "dvar2": 0.00163533166051,
        "max": 0.297839254141,
        "mean": 0.102678775787,
        "median": 0.100870765746,
        "min": 0.000728086335585,
        "var": 0.00274712848477
    },
    "spectral_kurtosis": {
        "dmean": 1.75065112114,
        "dmean2": 2.93329191208,
        "dvar": 6.68721675873,
        "dvar2": 15.8557014465,
        "max": 55.4344406128,
        "mean": 5.11698007584,
        "median": 4.07890796661,
        "min": -0.0329761505127,
        "var": 24.1018505096
    },
    "spectral_rms": {
        "dmean": 0.000875402241945,
        "dmean2": 0.00147353671491,
        "dvar": 9.26828704451e-07,
        "dvar2": 2.7426312954e-06,
        "max": 0.011216910556,
        "mean": 0.00626961654052,
        "median": 0.00668451422825,
        "min": 0.000234876541072,
        "var": 4.68607777293e-06
    },
    "spectral_rolloff": {
        "dmean": 421.064331055,
        "dmean2": 730.09564209,
        "dvar": 361633.09375,
        "dvar2": 933629.9375,
        "max": 8505.61523438,
        "mean": 1433.61633301,
        "median": 1571.92382812,
        "min": 107.666015625,
        "var": 704775.625
    },
    "spectral_skewness": {
        "dmean": 0.197573840618,
        "dmean2": 0.324777305126,
        "dvar": 0.0410140603781,
        "dvar2": 0.106296032667,
        "max": 5.95694923401,
        "mean": 1.48908519745,
        "median": 1.37256073952,
        "min": 0.472281068563,
        "var": 0.405218720436
    },
    "spectral_spread": {
        "dmean": 358423.9375,
        "dmean2": 556922.4375,
        "dvar": 279719903232,
        "dvar2": 443370176512,
        "max": 13951746,
        "mean": 3676398,
        "median": 3446404.25,
        "min": 1071438.875,
        "var": 1.1631797207e+12
    },
    "spectral_strongpeak": {
        "dmean": 0.606067836285,
        "dmean2": 1.10748744011,
        "dvar": 1.59723830223,
        "dvar2": 4.17337417603,
        "max": 11.9521389008,
        "mean": 0.790826678276,
        "median": 0.399391680956,
        "min": 0.00656961183995,
        "var": 1.72830116749
    },
    "zerocrossingrate": {
        "dmean": 0.00675430521369,
        "dmean2": 0.0086411787197,
        "dvar": 5.0998693041e-05,
        "dvar2": 6.81094170432e-05,
        "max": 0.23193359375,
        "mean": 0.0525893643498,
        "median": 0.05224609375,
        "min": 0.0029296875,
        "var": 0.000422293232987
    },
    "barkbands": {
        "dmean": [0.00104679481592, 0.00756871141493, 0.00530576799065, 0.00155976659153, 0.00155543361325, 0.00062955240719, 0.000260522268945, 0.00055077415891, 0.001672764658, 0.000252080440987, 0.000983635312878, 0.00046974781435, 0.000704809615854, 0.000895446049981, 0.000587660993915, 0.000627438363153, 0.000766613229644, 0.0002309345291, 0.000191146958969, 0.000121190139907, 7.37191076041e-05, 7.38107773941e-05, 5.88352813793e-05, 5.23167327628e-05, 3.1606941775e-05, 9.71941972239e-06, 2.91971193889e-08],
        "dmean2": [0.00130078429356, 0.0133453560993, 0.00922423228621, 0.00278818886727, 0.0027065181639, 0.0010685173329, 0.000432377390098, 0.000909399648663, 0.00266343425028, 0.000404076039558, 0.00137160357554, 0.000766336219385, 0.00113675231114, 0.00140788289718, 0.000986191793345, 0.00105183955748, 0.0012826557504, 0.000383916922146, 0.000319391430821, 0.0002010511962, 0.000120208809676, 0.000117536896141, 9.63651036727e-05, 8.22317379061e-05, 5.14450002811e-05, 1.57162539836e-05, 5.28084598272e-08],
        "dvar": [2.90320213026e-06, 0.000104927930806, 8.35903847474e-05, 6.95740936862e-06, 1.84484051715e-05, 1.82671192306e-06, 2.12348908235e-07, 1.87056139112e-06, 1.02866770249e-05, 4.65099532221e-07, 4.93358857057e-06, 8.35160165025e-07, 3.68808218809e-06, 2.23231631935e-06, 5.77875482577e-07, 5.39635948371e-07, 7.50946696826e-07, 6.98345914429e-08, 4.05757596411e-08, 2.59048054119e-08, 1.05814539353e-08, 2.02456256204e-08, 2.0874338702e-08, 1.62206692522e-08, 1.44854022111e-08, 8.47212244803e-10, 5.75040672902e-15],
        "dvar2": [4.30087811765e-06, 0.000314887118293, 0.000236223830143, 1.99714395421e-05, 5.11405960424e-05, 4.76477680422e-06, 5.8005775827e-07, 4.26082169724e-06, 2.70597793133e-05, 1.2057865888e-06, 1.02257754406e-05, 2.24675727623e-06, 9.24415235204e-06, 5.46586579731e-06, 1.58432021635e-06, 1.50652795128e-06, 2.06093977795e-06, 1.83960054301e-07, 1.06504352004e-07, 6.66637092195e-08, 2.73575953003e-08, 4.95436758285e-08, 4.86091806806e-08, 3.54744820186e-08, 3.61519383318e-08, 2.10868389416e-09, 1.63966876101e-14],
        "max": [0.0173544473946, 0.0812101364136, 0.0831552743912, 0.023880103603, 0.0385640747845, 0.0219069048762, 0.0059455409646, 0.0245764832944, 0.0321213155985, 0.0155955115333, 0.0444546639919, 0.015950627625, 0.0324325934052, 0.0186954587698, 0.00922423414886, 0.00949337240309, 0.0103538120165, 0.0044209100306, 0.00194197497331, 0.00210601952858, 0.0015102653997, 0.00234856596217, 0.00296515598893, 0.00206577265635, 0.00269090081565, 0.000411984103266, 1.16493185942e-06],
        "mean": [0.00172977952752, 0.011491839774, 0.0101362382993, 0.00202673766762, 0.00202732020989, 0.00087034527678, 0.000501814531162, 0.00097081833519, 0.00272047636099, 0.000416888768086, 0.00193433347158, 0.000888963695616, 0.00121325720102, 0.00193545862567, 0.00121882301755, 0.0013517861953, 0.00165391340852, 0.000529005134013, 0.000484645774122, 0.000310135277687, 0.000190767023014, 0.000175146065885, 0.000137559327413, 0.0001074743559, 5.68099058e-05, 1.3739260794e-05, 2.32551471413e-08],
        "median": [0.000378975790227, 0.00812999624759, 0.00921442918479, 0.00147346465383, 0.00108530523721, 0.000347835302819, 0.000380213314202, 0.000439831870608, 0.00108924310189, 0.000189358062926, 0.000561644556001, 0.000436575995991, 0.000451408879599, 0.000959313416388, 0.00101083237678, 0.00117947207764, 0.00148341525346, 0.00046989537077, 0.000468561454909, 0.000243148519075, 0.000138874456752, 0.000103663056507, 6.99705997249e-05, 4.27832528658e-05, 2.12804879993e-05, 4.9793220569e-06, 2.37054909036e-09],
        "min": [7.73902775197e-10, 2.25953008339e-05, 2.94023311653e-06, 1.55997349793e-06, 3.04354057334e-06, 3.40169066249e-07, 1.29300042317e-06, 2.97923548942e-07, 1.12368780947e-07, 8.83705730814e-09, 3.81751830147e-09, 1.39464342297e-08, 5.01016295118e-09, 2.63946606793e-08, 1.20581722385e-08, 7.54111706414e-09, 8.04073607696e-09, 3.37515060345e-09, 3.73230113482e-09, 2.29029106791e-09, 6.22689844132e-10, 1.67816052721e-10, 1.94587748692e-10, 1.38792269344e-10, 1.0883387247e-10, 9.2442910965e-12, 6.71591384935e-12],
        "var": [8.50183732837e-06, 0.000130476750201, 8.66961636348e-05, 6.03771741226e-06, 1.42603303175e-05, 2.73825367003e-06, 2.60302698507e-07, 4.86408771394e-06, 1.9353150492e-05, 6.2470917328e-07, 2.02775700018e-05, 2.2652923235e-06, 9.26957454794e-06, 7.64442211221e-06, 1.38930170124e-06, 1.18122318327e-06, 1.69393149463e-06, 1.6605754638e-07, 1.07848002528e-07, 7.93260426235e-08, 2.99899234335e-08, 4.93337459773e-08, 4.89433595874e-08, 4.35011067168e-08, 2.1082076529e-08, 1.108004688e-09, 4.62033772244e-15]
    },
    "erbbands": {
        "dmean": [0.301808774471, 1.54603922367, 5.69633674622, 4.86887931824, 6.64355230331, 4.05486917496, 3.3055768013, 5.67398405075, 3.35952877998, 6.39535808563, 18.9136943817, 39.3240318298, 13.4118843079, 22.8790836334, 25.5277462006, 18.6302642822, 34.2578392029, 33.2191123962, 32.5707092285, 41.9783554077, 41.2908210754, 27.7795448303, 14.1620779037, 7.71494579315, 8.66497135162, 5.64245700836, 3.30529022217, 2.82992219925, 2.57772397995, 2.36241531372, 1.72715055943, 1.16036581993, 0.846531331539, 0.507150769234, 0.172064363956, 0.0529468394816, 0.0178747642785, 0.0021798715461, 4.19767202402e-05, 1.49730831254e-05],
        "dmean2": [0.511909306049, 2.75285410881, 10.0507650375, 8.28746986389, 11.684378624, 7.20128679276, 5.55324745178, 9.72462177277, 5.88186311722, 10.2540159225, 29.951921463, 63.7372550964, 21.4888343811, 32.9497146606, 38.0624237061, 30.0836830139, 55.6860160828, 52.2981834412, 53.9245605469, 67.2448348999, 69.418258667, 46.6591072083, 23.8102645874, 12.784239769, 14.4757652283, 9.33747673035, 5.43544101715, 4.64947128296, 4.18141889572, 3.8720574379, 2.83105969429, 1.84913730621, 1.34656560421, 0.836091160774, 0.26642164588, 0.0877838134766, 0.0285228397697, 0.00354013661854, 6.83180987835e-05, 2.53885973507e-05],
        "dvar": [0.197359368205, 5.52112531662, 98.6666412354, 53.4653511047, 265.048736572, 135.792556763, 45.5981559753, 151.039245605, 57.7239303589, 155.738250732, 1503.30944824, 6498.93798828, 1779.61169434, 3730.85717773, 2460.81298828, 1228.88830566, 9544.57324219, 3235.35766602, 2688.63793945, 2875.34863281, 2050.63012695, 984.881286621, 253.236984253, 69.5285568237, 89.4924926758, 53.2438697815, 19.9961948395, 16.5668106079, 19.9847202301, 33.8652267456, 17.6111354828, 7.18154144287, 4.82008361816, 4.31560468674, 0.262045800686, 0.0258283931762, 0.00324459793046, 5.69279145566e-05, 1.58424029451e-08, 2.97038227348e-10],
        "dvar2": [0.540418207645, 16.1600475311, 282.869537354, 142.010314941, 740.551818848, 386.794219971, 117.351303101, 387.598999023, 160.596405029, 346.277404785, 3606.1003418, 17225.9570312, 4572.42285156, 8096.88671875, 5240.62646484, 3263.73632812, 24658.2949219, 7887.56152344, 7266.81347656, 7129.93359375, 5745.57226562, 2761.44384766, 714.161621094, 183.454177856, 230.733001709, 134.283203125, 51.0390205383, 43.3273887634, 48.3866004944, 81.016242981, 41.5026245117, 16.1570549011, 10.8563194275, 11.1184625626, 0.606217503548, 0.0669683814049, 0.007857860066, 0.000136202841531, 3.77621667269e-08, 8.712974231e-10],
        "max": [3.50526738167, 19.5162391663, 91.0736541748, 66.1341018677, 157.816421509, 128.723388672, 100.049476624, 169.836746216, 86.9258499146, 314.092285156, 653.339538574, 897.248596191, 742.156494141, 1306.46008301, 1071.97753906, 616.533874512, 1600.44421387, 938.873901367, 655.108581543, 731.354553223, 461.301727295, 370.825500488, 262.813049316, 92.8550567627, 116.192749023, 95.3450927734, 47.8494033813, 51.4840965271, 68.7980422974, 90.5134658813, 82.9498596191, 40.0652313232, 35.5417289734, 49.3100204468, 8.55101490021, 2.14729905128, 0.775646090508, 0.113285861909, 0.00187532987911, 0.000163694610819],
        "mean": [0.444869190454, 2.25033164024, 10.1324329376, 9.49130153656, 8.80261611938, 5.20754337311, 4.83656692505, 7.49690246582, 5.04798984528, 14.4561100006, 32.9152145386, 61.3467712402, 23.3874473572, 48.3102493286, 52.1462249756, 38.4195098877, 63.0063209534, 80.2318954468, 71.9244384766, 85.1058273315, 91.869934082, 71.0573425293, 36.2109870911, 21.6315383911, 22.6416568756, 14.9215135574, 8.67409133911, 7.14722776413, 5.9839220047, 5.30082035065, 3.95034980774, 2.40672683716, 1.65049600601, 0.912886738777, 0.279116302729, 0.069126188755, 0.0253343135118, 0.00273265247233, 7.85832744441e-05, 5.66756971239e-05],
        "median": [0.26318269968, 1.6851041317, 8.30551147461, 8.20496845245, 5.03963518143, 2.76257443428, 2.26115107536, 2.95022058487, 3.04481554031, 9.79665756226, 14.7411985397, 25.0364074707, 12.4791221619, 14.0736703873, 23.8219451904, 20.33203125, 26.7917194366, 37.5559272766, 54.5075378418, 64.4496612549, 83.2538452148, 68.1398849487, 34.1524772644, 21.185546875, 20.7712936401, 12.0448856354, 6.68126916885, 5.17700242996, 3.49364590645, 3.00769352913, 1.95071542263, 0.992811024189, 0.640850305557, 0.317725330591, 0.104828715324, 0.0293854475021, 0.00692196190357, 0.000442907679826, 4.48521823273e-05, 5.79898805881e-05],
        "min": [0.00027848087484, 0.00537934666499, 0.00680366391316, 0.00580963725224, 0.0153107205406, 0.0163122136146, 0.00349793327041, 0.00382541725412, 0.0176334306598, 0.011526898481, 0.00517517281696, 0.00239249598235, 0.00215811701491, 0.000264557922492, 0.00041720023728, 0.000598913116846, 0.000339346472174, 0.000966445892118, 0.00118445919361, 0.000728197977878, 0.000723694742192, 0.000403745129006, 0.000225220093853, 0.000281014945358, 0.000140606527566, 0.000100504941656, 2.49615932262e-05, 2.47683165071e-05, 7.10875065124e-06, 4.34027060692e-06, 5.00545320392e-06, 3.07181562675e-06, 2.46214176514e-06, 1.21889388538e-06, 4.43583161314e-07, 1.16325395538e-07, 5.76088936555e-08, 8.02565747193e-09, 5.57749118002e-08, 8.52141113228e-08],
        "var": [0.287099033594, 5.68999624252, 94.0442199707, 65.2101745605, 207.920700073, 98.4507064819, 63.9307823181, 219.950622559, 51.1970100403, 434.013305664, 3308.03979492, 10925.6054688, 2911.08569336, 14443.9013672, 8570.66308594, 3155.72265625, 21610.6660156, 15214.8583984, 6027.97607422, 6470.93457031, 4688.29248047, 2470.65673828, 679.595581055, 198.742126465, 257.420349121, 168.294754028, 55.158039093, 47.8406715393, 53.0910568237, 70.6349258423, 40.4347038269, 19.9554901123, 11.2120990753, 5.81322050095, 0.412534981966, 0.0250591114163, 0.00491021759808, 8.60956861288e-05, 2.56231000861e-08, 8.58938697945e-10]
    },
    "gfcc": {
        "mean": [18.2247142792, 104.480461121, -132.418579102, 50.2356071472, -40.4956321716, 28.5935573578, -32.8574638367, 15.4340724945, -14.2336788177, -1.62481212616, -17.7673492432, -9.47607803345, -10.3258247375],
        "cov": [[8996.41601562, -1595.13122559, -1631.5760498, 237.683914185, 452.704040527, 964.579223633, 265.523651123, 579.19708252, 273.862548828, 157.368911743, -374.083404541, 184.114227295, -277.788421631], [-1595.13122559, 798.817565918, 25.1600818634, -120.689628601, 14.0426616669, -272.678649902, 50.0717353821, -137.620315552, 12.1808605194, -81.8123245239, 135.510131836, -96.9726333618, 91.7914123535], [-1631.5760498, 25.1600818634, 685.465026855, -34.9748191833, -156.083572388, -135.260055542, -157.825744629, -87.1908111572, -101.972343445, 34.2459335327, 36.5584907532, 58.5474319458, 32.8416976929], [237.683914185, -120.689628601, -34.9748191833, 506.34375, 94.0219573975, -6.05529022217, 16.6609668732, -9.00804424286, 97.8809890747, -29.0140476227, 59.1155128479, -4.93843603134, 38.4967384338], [452.704040527, 14.0426616669, -156.083572388, 94.0219573975, 278.524505615, 29.9042491913, 64.7710037231, 54.4760169983, 76.6267166138, 19.8530235291, -7.61213970184, 23.6353149414, -23.3255577087], [964.579223633, -272.678649902, -135.260055542, -6.05529022217, 29.9042491913, 230.116943359, 73.1538848877, 80.89818573, 15.3624105453, 31.3523960114, -34.8397026062, 16.2832221985, -38.0521469116], [265.523651123, 50.0717353821, -157.825744629, 16.6609668732, 64.7710037231, 73.1538848877, 179.492980957, 40.0807037354, 33.9172019958, -4.54457330704, 16.0871639252, -17.7299137115, -3.42250657082], [579.19708252, -137.620315552, -87.1908111572, -9.00804424286, 54.4760169983, 80.89818573, 40.0807037354, 125.990638733, 39.9782829285, 34.9785995483, -35.5399475098, 10.7250070572, -23.2990665436], [273.862548828, 12.1808605194, -101.972343445, 97.8809890747, 76.6267166138, 15.3624105453, 33.9172019958, 39.9782829285, 107.269371033, 5.54579782486, 15.6519412994, -10.8067064285, -2.11337471008], [157.368911743, -81.8123245239, 34.2459335327, -29.0140476227, 19.8530235291, 31.3523960114, -4.54457330704, 34.9785995483, 5.54579782486, 67.9481658936, -8.66857337952, 27.6112651825, -17.7076587677], [-374.083404541, 135.510131836, 36.5584907532, 59.1155128479, -7.61213970184, -34.8397026062, 16.0871639252, -35.5399475098, 15.6519412994, -8.66857337952, 94.2506866455, -2.9907643795, 34.6694030762], [184.114227295, -96.9726333618, 58.5474319458, -4.93843603134, 23.6353149414, 16.2832221985, -17.7299137115, 10.7250070572, -10.8067064285, 27.6112651825, -2.9907643795, 93.2744445801, -1.6529853344], [-277.788421631, 91.7914123535, 32.8416976929, 38.4967384338, -23.3255577087, -38.0521469116, -3.42250657082, -23.2990665436, -2.11337471008, -17.7076587677, 34.6694030762, -1.6529853344, 65.0984191895]],
        "icov": [[0.000737135065719, -0.000112999456178, 0.00165155844297, -0.000669079832733, 0.000437562062871, -0.00173812755384, 0.000901424849872, -0.000898810860235, -5.26362928213e-05, -0.000584893277846, 0.00136785535142, -0.0019523621304, 0.000794944993686], [-0.000112999456178, 0.00967196747661, -0.000480860966491, 0.00589758669958, -0.00396710913628, 0.00910088885576, -0.00460007740185, 0.00432122964412, -0.00358472205698, 0.00375015917234, -0.00891697313637, 0.00701421545818, -0.00633130082861], [0.00165155844297, -0.000480860966491, 0.00638366211206, -0.00200181826949, 0.00200907397084, -0.00299275619909, 0.00326322205365, -0.00190533441491, 0.00171298731584, -0.00353927630931, 0.00233436538838, -0.00566626293585, 0.00185479677748], [-0.000669079832733, 0.00589758669958, -0.00200181826949, 0.00696243252605, -0.00356323155575, 0.00613362900913, -0.00303549412638, 0.0039209718816, -0.00474262190983, 0.00426535308361, -0.00729463854805, 0.00573472306132, -0.00568926660344], [0.000437562062871, -0.00396710913628, 0.00200907397084, -0.00356323155575, 0.00760714756325, -0.0032955231145, 0.000858313345816, -0.00269749993458, -0.000847649644129, -0.00309690227732, 0.00505197467282, -0.00625274376944, 0.0047144042328], [-0.00173812755384, 0.00910088885576, -0.00299275619909, 0.00613362900913, -0.0032955231145, 0.0195838585496, -0.00849098619074, 0.00298382458277, -0.00170897052158, 0.00273028435186, -0.0104633532465, 0.00912493932992, -0.00498749408871], [0.000901424849872, -0.00460007740185, 0.00326322205365, -0.00303549412638, 0.000858313345816, -0.00849098619074, 0.0119003243744, -0.00458732107654, 0.00203768233769, -0.00113962485921, 0.00222208304331, -0.00401364034042, 0.00328060775064], [-0.000898810860235, 0.00432122964412, -0.00190533441491, 0.0039209718816, -0.00269749993458, 0.00298382458277, -0.00458732107654, 0.0180660933256, -0.00679769786075, -0.00307526788674, -0.000123777033878, 0.00491117266938, -0.00515020964667], [-5.26362928213e-05, -0.00358472205698, 0.00171298731584, -0.00474262190983, -0.000847649644129, -0.00170897052158, 0.00203768233769, -0.00679769786075, 0.0189340692014, -0.00314140855335, -0.001068724785, -0.00011638464639, 0.00346832629293], [-0.000584893277846, 0.00375015917234, -0.00353927630931, 0.00426535308361, -0.00309690227732, 0.00273028435186, -0.00113962485921, -0.00307526788674, -0.00314140855335, 0.0250409152359, -0.00681928219274, -2.91163923976e-05, 0.00114563375246], [0.00136785535142, -0.00891697313637, 0.00233436538838, -0.00729463854805, 0.00505197467282, -0.0104633532465, 0.00222208304331, -0.000123777033878, -0.001068724785, -0.00681928219274, 0.0277275405824, -0.0100479060784, 0.00040125407395], [-0.0019523621304, 0.00701421545818, -0.00566626293585, 0.00573472306132, -0.00625274376944, 0.00912493932992, -0.00401364034042, 0.00491117266938, -0.00011638464639, -2.91163923976e-05, -0.0100479060784, 0.0239194519818, -0.00816718954593], [0.000794944993686, -0.00633130082861, 0.00185479677748, -0.00568926660344, 0.0047144042328, -0.00498749408871, 0.00328060775064, -0.00515020964667, 0.00346832629293, 0.00114563375246, 0.00040125407395, -0.00816718954593, 0.0272158384323]]
    },
    "melbands": {
        "dmean": [0.00225690100342, 0.00250340532511, 0.000879806000739, 0.000407890358474, 0.000112079935207, 0.00012362455891, 5.03872324771e-05, 7.86970049376e-05, 0.000200235896045, 0.000229046781897, 6.36108597973e-05, 8.50569194881e-05, 0.000118214396934, 4.31680855399e-05, 8.83012617123e-05, 5.57681159989e-05, 7.18706287444e-05, 6.68287611916e-05, 5.06077703903e-05, 4.37083799625e-05, 6.5450083639e-05, 3.81002428185e-05, 2.12893883145e-05, 9.16525550565e-06, 6.94000300427e-06, 8.98015787243e-06, 5.31032355866e-06, 3.85169323636e-06, 2.29031024901e-06, 2.20212086788e-06, 1.6480252043e-06, 1.50485550421e-06, 1.71712099473e-06, 1.28371277697e-06, 1.12817633635e-06, 8.99712460978e-07, 7.32759303901e-07, 6.64441756726e-07, 5.38830363439e-07, 4.59286326304e-07],
        "dmean2": [0.00388835486956, 0.00445812800899, 0.00151381222531, 0.000718780909665, 0.000186558361747, 0.000210763450013, 8.78809587448e-05, 0.000126419079606, 0.000317292520776, 0.000370472029317, 0.000102788151708, 0.000123658232042, 0.000170056606294, 7.00932068867e-05, 0.000143207143992, 9.12987889023e-05, 0.000112706955406, 0.000108499785711, 8.41680594021e-05, 7.07568106009e-05, 0.000110137472802, 6.45017935312e-05, 3.62141690857e-05, 1.52025550051e-05, 1.15685816127e-05, 1.51864724103e-05, 8.7541211542e-06, 6.39968175165e-06, 3.79706057174e-06, 3.69499139197e-06, 2.76223772744e-06, 2.48041510531e-06, 2.78224388239e-06, 2.13125554183e-06, 1.84101304512e-06, 1.47817456764e-06, 1.16153603358e-06, 1.06959714685e-06, 8.74409522567e-07, 7.66686127918e-07],
        "dvar": [9.68624954112e-06, 1.8501536033e-05, 1.77520985289e-06, 1.29034026486e-06, 5.27261043715e-08, 7.03688769477e-08, 1.18955556516e-08, 3.10513783575e-08, 1.57014838464e-07, 2.12538779465e-07, 4.45373480318e-08, 5.11417077576e-08, 5.9873137559e-08, 1.24694636838e-08, 4.22669117484e-08, 2.01150989199e-08, 1.72354663874e-08, 1.3466697979e-08, 4.1032244269e-09, 3.60689589307e-09, 5.1851367644e-09, 1.85776494188e-09, 7.56009532754e-10, 1.08996422998e-10, 5.74225320071e-11, 9.6854697873e-11, 5.23135007535e-11, 2.43623732299e-11, 9.50461497701e-12, 1.06193231292e-11, 5.4083395748e-12, 5.47898662204e-12, 1.47089857655e-11, 9.62344526984e-12, 7.66034805033e-12, 3.62104768913e-12, 3.08141294598e-12, 2.9479827867e-12, 2.63549685547e-12, 3.71617406986e-12],
        "dvar2": [2.78133611573e-05, 5.30481265741e-05, 4.81943243358e-06, 3.63209346688e-06, 1.36842672305e-07, 1.82647966085e-07, 3.31692042721e-08, 6.65617889695e-08, 3.83041538043e-07, 5.6123565173e-07, 1.13210404606e-07, 1.10813367371e-07, 1.22528618363e-07, 3.22609743364e-08, 9.94989051151e-08, 5.32596047265e-08, 4.19861621026e-08, 3.5472194071e-08, 1.06432489488e-08, 8.92002383068e-09, 1.42937386371e-08, 5.11802555891e-09, 2.10172168558e-09, 3.05313191395e-10, 1.56863549927e-10, 2.5359089828e-10, 1.3423046008e-10, 6.08952263614e-11, 2.39457655093e-11, 2.82293945164e-11, 1.38021356497e-11, 1.33841757122e-11, 3.64520150176e-11, 2.25478854338e-11, 1.82492059658e-11, 8.9416304222e-12, 7.20012547847e-12, 7.15673267176e-12, 6.08539824434e-12, 9.87413102671e-12],
        "max": [0.0223955940455, 0.0372942984104, 0.010974436067, 0.0105431657284, 0.00295416847803, 0.00391496019438, 0.00122989248484, 0.00431705918163, 0.00675907405093, 0.00487621920183, 0.00370614416897, 0.00481041660532, 0.00478731608018, 0.00218885438517, 0.00340851419605, 0.00220358092338, 0.00208437768742, 0.00153518700972, 0.000989036285318, 0.000914479431231, 0.000674085807987, 0.00051307096146, 0.000408482475905, 0.000131452572532, 8.07854885352e-05, 0.000107676736661, 0.000123455989524, 7.10443055141e-05, 3.58226534445e-05, 5.55155347683e-05, 2.56348648691e-05, 3.05655812554e-05, 5.96701938775e-05, 5.56185550522e-05, 5.0868406106e-05, 3.48938265233e-05, 2.99719922623e-05, 2.86452250293e-05, 3.46622036886e-05, 4.58985159639e-05],
        "mean": [0.00354377087206, 0.00453030364588, 0.00174218986649, 0.000522274232935, 0.000170299899764, 0.000165543344337, 8.12568832771e-05, 0.000172094965819, 0.00033525066101, 0.000362572318409, 0.000100723576907, 0.000175205001142, 0.000232902704738, 8.20852656034e-05, 0.000161787014804, 9.9834302091e-05, 0.000164708762895, 0.000124655096442, 0.000105516541225, 8.26707546366e-05, 0.000129288557218, 8.42505178298e-05, 4.71961393487e-05, 2.06943423109e-05, 1.65440033015e-05, 2.05403066502e-05, 1.26538961922e-05, 9.06778041099e-06, 5.27185829924e-06, 4.92591425427e-06, 3.80454412152e-06, 3.21825791616e-06, 3.54329768015e-06, 2.68622216026e-06, 2.40578401645e-06, 1.76409480446e-06, 1.35633820264e-06, 1.14961824238e-06, 9.99144162961e-07, 7.23585230844e-07],
        "median": [0.00238769780844, 0.00380555051379, 0.00153112527914, 0.000281776068732, 8.69269497343e-05, 6.55869298498e-05, 5.37877313036e-05, 0.00010398014274, 0.000137594164698, 0.000145482583321, 4.45808727818e-05, 4.6815690439e-05, 8.61338412506e-05, 3.92881665903e-05, 6.11117066001e-05, 5.07240947627e-05, 6.74539187457e-05, 8.39799904497e-05, 8.1963626144e-05, 5.85128655075e-05, 0.00011310489208, 7.71126142354e-05, 4.02740079153e-05, 1.83398860827e-05, 1.57013109856e-05, 1.93334217329e-05, 1.00593306342e-05, 7.20287789591e-06, 4.07690686188e-06, 3.50583218278e-06, 2.6689463084e-06, 1.85109900031e-06, 2.00142153517e-06, 1.40958309203e-06, 1.13959777082e-06, 8.07888966392e-07, 5.46145031421e-07, 4.17035607825e-07, 4.07398118796e-07, 2.1848762799e-07],
        "min": [5.74462728764e-06, 6.05166860623e-06, 1.13174519356e-06, 1.08211759198e-06, 2.16311718759e-07, 7.72565087459e-08, 2.8070436997e-07, 1.02188046469e-07, 2.7096859867e-08, 1.60503734747e-08, 1.04903330467e-08, 6.90376533719e-10, 9.83011672062e-10, 1.56890789249e-09, 9.53727652409e-10, 8.41997138679e-10, 1.83356407835e-09, 1.58859081445e-09, 8.04278699196e-10, 5.45904543792e-10, 8.99400165455e-10, 4.79926320907e-10, 2.75285100271e-10, 1.59659577226e-10, 1.82503775981e-10, 1.06705845548e-10, 1.0890563451e-10, 5.11894450439e-11, 1.43156571666e-11, 1.60613015943e-11, 1.06912785916e-11, 3.80163001773e-12, 2.12882120786e-12, 3.77355834297e-13, 2.11138745376e-12, 2.96649402091e-12, 1.34496092648e-12, 1.6209977154e-12, 1.20967938357e-12, 7.98191265687e-13],
