{
"highlevel": {
    "danceability": {
        "all": {
            "danceable": 0.230117157102,
            "not_danceable": 0.7698828578
        },
        "probability": 0.7698828578,
        "value": "not_danceable"
    },
    "gender": {
        "all": {
            "female": 0.978449046612,
            "male": 0.0215509496629
        },
        "probability": 0.978449046612,
        "value": "female"
    },
    "genre_dortmund": {
        "all": {
            "alternative": 0.363593667746,
            "blues": 0.00945514626801,
            "electronic": 0.0262557603419,
            "folkcountry": 0.094747312367,
            "funksoulrnb": 0.00371035328135,
            "jazz": 0.0119942845777,
            "pop": 0.155413717031,
            "raphiphop": 0.00116559152957,
            "rock": 0.333664178848
        },
        "probability": 0.363593667746,
        "value": "alternative"
    },
    "genre_electronic": {
        "all": {
            "ambient": 0.498310238123,
            "dnb": 0.0918610468507,
            "house": 0.0890048593283,
            "techno": 0.00886507891119,
            "trance": 0.311958760023
        },
        "probability": 0.498310238123,
        "value": "ambient"
    },
    "genre_rosamerica": {
        "all": {
            "cla": 0.00297598284669,
            "dan": 0.035126157105,
            "hip": 0.00127971556503,
            "jaz": 0.00239313393831,
            "pop": 0.147777825594,
            "rhy": 0.00704215886071,
            "roc": 0.802537202835,
            "spe": 0.000867830764037
        },
        "probability": 0.802537202835,
        "value": "roc"
    },
    "genre_tzanetakis": {
        "all": {
            "blu": 0.0626541376114,
            "cla": 0.0348133966327,
            "cou": 0.0783501937985,
            "dis": 0.104547761381,
            "hip": 0.15693578124,
            "jaz": 0.313987255096,
            "met": 0.044816005975,
            "pop": 0.0627349764109,
            "reg": 0.0627352520823,
            "roc": 0.0784252434969
        },
        "probability": 0.313987255096,
        "value": "jaz"
    },
    "ismir04_rhythm": {
        "all": {
            "ChaChaCha": 0.268440514803,
            "Jive": 0.313997000456,
            "Quickstep": 0.0442029275,
            "Rumba-American": 0.00985571928322,
            "Rumba-International": 0.049084879458,
            "Rumba-Misc": 0.0141001185402,
            "Samba": 0.0598493777215,
            "Tango": 0.12889675796,
            "VienneseWaltz": 0.102653808892,
            "Waltz": 0.00891889352351
        },
        "probability": 0.313997000456,
        "value": "Jive"
    },
    "mood_acoustic": {
        "all": {
            "acoustic": 0.039595682174,
            "not_acoustic": 0.960404336452
        },
        "probability": 0.960404336452,
        "value": "not_acoustic"
    },
    "mood_aggressive": {
        "all": {
            "aggressive": 0.214400276542,
            "not_aggressive": 0.785599708557
        },
        "probability": 0.785599708557,
        "value": "not_aggressive"
    },
    "mood_electronic": {
        "all": {
            "electronic": 0.522085607052,
            "not_electronic": 0.477914392948
        },
        "probability": 0.522085607052,
        "value": "electronic"
    },
    "mood_happy": {
        "all": {
            "happy": 0.165945857763,
            "not_happy": 0.834054172039
        },
        "probability": 0.834054172039,
        "value": "not_happy"
    },
    "mood_party": {
        "all": {
            "not_party": 0.5,
            "party": 0.5
        },
        "probability": 0.5,
        "value": "not_party"
    },
    "mood_relaxed": {
        "all": {
            "not_relaxed": 0.390306711197,
            "relaxed": 0.609693288803
        },
        "probability": 0.609693288803,
        "value": "relaxed"
    },
    "mood_sad": {
        "all": {
            "not_sad": 0.325749695301,
            "sad": 0.674250304699
        },
        "probability": 0.674250304699,
        "value": "sad"
    },
    "moods_mirex": {
        "all": {
            "Cluster1": 0.473947495222,
            "Cluster2": 0.141803905368,
            "Cluster3": 0.245838791132,
            "Cluster4": 0.0877454802394,
            "Cluster5": 0.0506643392146
        },
        "probability": 0.473947495222,
        "value": "Cluster1"
    },
    "timbre": {
        "all": {
            "bright": 0.97127777338,
            "dark": 0.0287222173065
        },
        "probability": 0.97127777338,
        "value": "bright"
    },
    "tonal_atonal": {
        "all": {
            "atonal": 0.00210537132807,
            "tonal": 0.997894644737
        },
        "probability": 0.997894644737,
        "value": "tonal"
    },
    "voice_instrumental": {
        "all": {
            "instrumental": 0.000358198187314,
            "voice": 0.999641776085
        },
        "probability": 0.999641776085,
        "value": "voice"
    }
},
"lowlevel": {
    "average_loudness": 0.952159643173,
    "barkbands_crest": {
        "dmean": 2.4040851593,
        "dmean2": 3.86228775978,
        "dvar": 4.78252029419,
        "dvar2": 11.2323608398,
        "max": 24.0380802155,
        "mean": 10.0851736069,
        "median": 9.42378044128,
        "min": 3.44434332848,
        "var": 14.8319826126
    },
    "barkbands_flatness_db": {
        "dmean": 0.0177262593061,
        "dmean2": 0.0277578495443,
        "dvar": 0.000224211689783,
        "dvar2": 0.000539280823432,
        "max": 0.295379370451,
        "mean": 0.136636525393,
        "median": 0.13524132967,
        "min": 0.043708126992,
        "var": 0.00119057600386
    },
    "barkbands_kurtosis": {
        "dmean": 1.71453154087,
        "dmean2": 2.72905135155,
        "dvar": 5.28571796417,
        "dvar2": 12.6341075897,
        "max": 37.8248405457,
        "mean": 2.19461417198,
        "median": 1.24616527557,
        "min": -1.601790905,
        "var": 11.1098880768
    },
    "barkbands_skewness": {
        "dmean": 0.423862934113,
        "dmean2": 0.662143409252,
        "dvar": 0.164266914129,
        "dvar2": 0.405284166336,
        "max": 5.64351511002,
        "mean": 1.3899616003,
        "median": 1.28191125393,
        "min": -0.169438287616,
        "var": 0.602695941925
    },
    "barkbands_spread": {
        "dmean": 4.77948045731,
        "dmean2": 7.15709495544,
        "dvar": 31.2081737518,
        "dvar2": 63.2014503479,
        "max": 85.2629776001,
        "mean": 23.9757804871,
        "median": 21.4864864349,
        "min": 4.22393608093,
        "var": 146.207138062
    },
    "dissonance": {
        "dmean": 0.0153672751039,
        "dmean2": 0.026138804853,
        "dvar": 0.000229164565098,
        "dvar2": 0.000678438344039,
        "max": 0.499788433313,
        "mean": 0.468253880739,
        "median": 0.47287273407,
        "min": 0.346323370934,
        "var": 0.000466245546704
    },
    "dynamic_complexity": 1.38031685352,
    "erbbands_crest": {
        "dmean": 2.01368260384,
        "dmean2": 3.2556450367,
        "dvar": 3.51052856445,
        "dvar2": 8.77996063232,
        "max": 24.0546340942,
        "mean": 7.91700410843,
        "median": 7.12668800354,
        "min": 2.39868140221,
        "var": 11.5724716187
    },
    "erbbands_flatness_db": {
        "dmean": 0.0117786144838,
        "dmean2": 0.0175258237869,
        "dvar": 0.000103913931525,
        "dvar2": 0.000224272516789,
        "max": 0.220840319991,
        "mean": 0.14188234508,
        "median": 0.137652307749,
        "min": 0.0633733272552,
        "var": 0.00104806921445
    },
    "erbbands_kurtosis": {
        "dmean": 0.52538973093,
        "dmean2": 0.81522667408,
        "dvar": 0.264298945665,
        "dvar2": 0.633618175983,
        "max": 6.08977508545,
        "mean": 0.328346252441,
        "median": -0.137568235397,
        "min": -1.47222995758,
        "var": 1.91205251217
    },
    "erbbands_skewness": {
        "dmean": 0.23476806283,
        "dmean2": 0.362705051899,
        "dvar": 0.037290930748,
        "dvar2": 0.0895970612764,
        "max": 1.75513422489,
        "mean": 0.156816646457,
        "median": 0.107018485665,
        "min": -1.62734556198,
        "var": 0.254518806934
    },
    "erbbands_spread": {
        "dmean": 6.04219532013,
        "dmean2": 9.06645965576,
        "dvar": 34.0035629272,
        "dvar2": 71.2651062012,
        "max": 108.050704956,
        "mean": 34.9966812134,
        "median": 34.0862922668,
        "min": 10.6967477798,
        "var": 204.219772339
    },
    "hfc": {
        "dmean": 5.83289575577,
        "dmean2": 8.08020782471,
        "dvar": 69.4921569824,
        "dvar2": 115.255455017,
        "max": 121.637832642,
        "mean": 25.9771118164,
        "median": 19.5004482269,
        "min": 4.1195936203,
        "var": 365.333068848
    },
    "melbands_crest": {
        "dmean": 3.36417627335,
        "dmean2": 5.43679666519,
        "dvar": 8.72306442261,
        "dvar2": 21.9322013855,
        "max": 29.1069087982,
        "mean": 15.3702430725,
        "median": 15.0767822266,
        "min": 5.05078554153,
        "var": 26.7802295685
    },
    "melbands_flatness_db": {
        "dmean": 0.0223747398704,
        "dmean2": 0.033500123769,
        "dvar": 0.000382637546863,
        "dvar2": 0.00084351975238,
        "max": 0.38270381093,
        "mean": 0.198787793517,
        "median": 0.195371061563,
        "min": 0.0705139935017,
        "var": 0.00222123996355
    },
    "melbands_kurtosis": {
        "dmean": 4.51633119583,
        "dmean2": 7.22220754623,
        "dvar": 39.2425117493,
        "dvar2": 101.285446167,
        "max": 106.494102478,
        "mean": 9.09000492096,
        "median": 6.35862636566,
        "min": -0.75389790535,
        "var": 88.5206069946
    },
    "melbands_skewness": {
        "dmean": 0.592254757881,
        "dmean2": 0.934130907059,
        "dvar": 0.338677734137,
        "dvar2": 0.848926782608,
        "max": 8.66740036011,
        "mean": 2.4561188221,
        "median": 2.34955763817,
        "min": -0.213316857815,
        "var": 1.45842123032
    },
    "melbands_spread": {
        "dmean": 5.48252868652,
        "dmean2": 8.50997924805,
        "dvar": 35.9021148682,
        "dvar2": 86.3801422119,
        "max": 96.2965927124,
        "mean": 22.3923912048,
        "median": 20.6560516357,
        "min": 2.58243751526,
        "var": 119.761505127
    },
    "pitch_salience": {
        "dmean": 0.0743498057127,
        "dmean2": 0.121761202812,
        "dvar": 0.00427836691961,
        "dvar2": 0.0106408605352,
        "max": 0.815109312534,
        "mean": 0.5149076581,
        "median": 0.525325536728,
        "min": 0.166920766234,
        "var": 0.0118557363749
    },
    "silence_rate_20dB": {
        "dmean": 0,
        "dmean2": 0,
        "dvar": 0,
        "dvar2": 0,
        "max": 1,
        "mean": 1,
        "median": 1,
        "min": 1,
        "var": 0
    },
    "silence_rate_30dB": {
        "dmean": 0.00154798757285,
        "dmean2": 0.00309837330133,
        "dvar": 0.00154558348004,
        "dvar2": 0.00308873225003,
        "max": 1,
        "mean": 0.998453199863,
        "median": 1,
        "min": 0,
        "var": 0.00154439243488
    },
    "silence_rate_60dB": {
        "dmean": 0,
        "dmean2": 0,
        "dvar": 0,
        "dvar2": 0,
        "max": 0,
        "mean": 0,
        "median": 0,
        "min": 0,
        "var": 0
    },
    "spectral_centroid": {
        "dmean": 198.991455078,
        "dmean2": 301.151977539,
        "dvar": 40426.4375,
        "dvar2": 88795.0625,
        "max": 3308.90380859,
        "mean": 1336.2442627,
        "median": 1246.61071777,
        "min": 417.064758301,
        "var": 252059.59375
    },
    "spectral_complexity": {
        "dmean": 3.13544893265,
        "dmean2": 4.93261051178,
        "dvar": 9.69453334808,
        "dvar2": 19.4847812653,
        "max": 57,
        "mean": 24.7989177704,
        "median": 24,
        "min": 10,
        "var": 51.4693946838
    },
    "spectral_decrease": {
        "dmean": 2.65383626186e-09,
        "dmean2": 4.31198143858e-09,
        "dvar": 8.40915863906e-18,
        "dvar2": 2.1100474145e-17,
        "max": -1.5528677233e-09,
        "mean": -1.01808081965e-08,
        "median": -9.43647204821e-09,
        "min": -3.29101226271e-08,
        "var": 2.27521768116e-17
    },
    "spectral_energy": {
        "dmean": 0.0102794552222,
        "dmean2": 0.0166096817702,
        "dvar": 0.000123408259242,
        "dvar2": 0.000309431867208,
        "max": 0.126063466072,
        "mean": 0.0407809056342,
        "median": 0.038123704493,
        "min": 0.0062412135303,
        "var": 0.000356219679816
    },
    "spectral_energyband_high": {
        "dmean": 0.000433512381278,
        "dmean2": 0.000565716240089,
        "dvar": 8.05748300081e-07,
        "dvar2": 1.26293389258e-06,
        "max": 0.0122244935483,
        "mean": 0.0010785846971,
        "median": 0.000386209227145,
        "min": 1.41908012665e-05,
        "var": 3.2835937418e-06
    },
    "spectral_energyband_low": {
        "dmean": 0.00875180307776,
        "dmean2": 0.0142806088552,
        "dvar": 0.000109341548523,
        "dvar2": 0.000283853791188,
        "max": 0.117898121476,
        "mean": 0.0212273299694,
        "median": 0.0174201391637,
        "min": 0.000529143610038,
        "var": 0.000248541444307
    },
    "spectral_energyband_middle_high": {
        "dmean": 0.00184398482088,
        "dmean2": 0.00283437292092,
        "dvar": 4.9206564654e-06,
        "dvar2": 1.06524230432e-05,
        "max": 0.0349306315184,
        "mean": 0.00734036695212,
        "median": 0.00593742262572,
        "min": 0.000826351577416,
        "var": 2.44410530286e-05
    },
    "spectral_energyband_middle_low": {
        "dmean": 0.00439725583419,
        "dmean2": 0.00719618611038,
        "dvar": 2.93019402307e-05,
        "dvar2": 7.7669377788e-05,
        "max": 0.0594756193459,
        "mean": 0.0123887062073,
        "median": 0.0110198352486,
        "min": 0.00179332029074,
        "var": 4.27542872785e-05
    },
    "spectral_entropy": {
        "dmean": 0.105797193944,
        "dmean2": 0.154085412621,
        "dvar": 0.00958399754018,
        "dvar2": 0.0170643292367,
        "max": 8.46709537506,
        "mean": 7.60250711441,
        "median": 7.61355257034,
        "min": 6.89647722244,
        "var": 0.1002426669
    },
    "spectral_flux": {
        "dmean": 0.0226336866617,
        "dmean2": 0.0361779518425,
        "dvar": 0.000556538056117,
        "dvar2": 0.00123546132818,
        "max": 0.252699196339,
        "mean": 0.0920319482684,
        "median": 0.0840576291084,
        "min": 0.0285793207586,
        "var": 0.00134418869857
    },
    "spectral_kurtosis": {
        "dmean": 1.31257486343,
        "dmean2": 2.14183950424,
        "dvar": 1.90931010246,
        "dvar2": 5.55881881714,
        "max": 21.7583618164,
        "mean": 5.0244307518,
        "median": 4.65223693848,
        "min": -0.705213546753,
        "var": 6.54665613174
    },
    "spectral_rms": {
        "dmean": 0.000774541520514,
        "dmean2": 0.00124554801732,
        "dvar": 6.04821082106e-07,
        "dvar2": 1.49605489241e-06,
        "max": 0.011090029031,
        "mean": 0.00613225065172,
        "median": 0.00609867693856,
        "min": 0.00246758759022,
        "var": 2.18182231038e-06
    },
    "spectral_rolloff": {
        "dmean": 385.413818359,
        "dmean2": 615.824584961,
        "dvar": 482192.25,
        "dvar2": 1071470.125,
        "max": 10056.0058594,
        "mean": 1259.08117676,
        "median": 990.52734375,
        "min": 86.1328125,
        "var": 1075007
    },
    "spectral_skewness": {
        "dmean": 0.173115536571,
        "dmean2": 0.274221837521,
        "dvar": 0.0234672762454,
        "dvar2": 0.0588504709303,
        "max": 3.17255592346,
        "mean": 1.67644405365,
        "median": 1.64794433117,
        "min": 0.569013059139,
        "var": 0.163612812757
    },
    "spectral_spread": {
        "dmean": 408526.28125,
        "dmean2": 558529.8125,
        "dvar": 323445358592,
        "dvar2": 408729583616,
        "max": 14093948,
        "mean": 4248940,
        "median": 3966012,
        "min": 2106435,
        "var": 1.82498308915e+12
    },
    "spectral_strongpeak": {
        "dmean": 0.324214369059,
        "dmean2": 0.59224230051,
        "dvar": 0.508843243122,
        "dvar2": 1.35299420357,
        "max": 6.64289140701,
        "mean": 0.657494604588,
        "median": 0.429549098015,
        "min": 0,
        "var": 0.60231667757
    },
    "zerocrossingrate": {
        "dmean": 0.00828415248543,
        "dmean2": 0.0096071511507,
        "dvar": 9.48850793066e-05,
        "dvar2": 0.000108073043521,
        "max": 0.1962890625,
        "mean": 0.0505131296813,
        "median": 0.044921875,
        "min": 0.01220703125,
        "var": 0.000618582533207
    },
    "barkbands": {
        "dmean": [0.000225661569857, 0.00580335734412, 0.0036798180081, 0.00184573198203, 0.00165454554372, 0.00119782937691, 0.000814665865619, 0.000589546340052, 0.000710255990271, 0.000589326722547, 0.000567613169551, 0.000456444424344, 0.000422231882112, 0.000466677709483, 0.000471263279906, 0.000244265655056, 0.000224196890485, 0.000204838783247, 0.000170737519511, 0.00020698949811, 9.75817965809e-05, 8.46394323162e-05, 0.00011065902072, 7.62145355111e-05, 6.21920626145e-05, 2.60888973571e-05, 1.45669911689e-08],
        "dmean2": [0.000373587245122, 0.00941213686019, 0.00625454122201, 0.00321255903691, 0.00278286240064, 0.00204211194068, 0.00127971405163, 0.000920015852898, 0.00104925571941, 0.000926016946323, 0.000903473701328, 0.000707077560946, 0.000693523790687, 0.000758491456509, 0.000774443906266, 0.000402418663725, 0.000352250586729, 0.000347440654878, 0.000284156383714, 0.000315329118166, 0.000139172654599, 0.000124011246953, 0.000157745176693, 0.000102037505712, 8.35832033772e-05, 3.63706385542e-05, 2.4646574559e-08],
        "dvar": [1.32469921255e-07, 5.27643533133e-05, 3.77386786568e-05, 8.24464950711e-06, 4.68237749374e-06, 5.00555552208e-06, 1.58506793468e-06, 9.29054920107e-07, 7.9697684896e-07, 7.15388637218e-07, 6.863768931e-07, 7.08525703885e-07, 6.38866595182e-07, 7.06915500359e-07, 7.18021510693e-07, 2.40423815967e-07, 1.80958252827e-07, 1.1249577625e-07, 7.80880569096e-08, 3.69108164477e-07, 3.35567804655e-08, 3.83995271136e-08, 7.98075987518e-08, 6.66309034614e-08, 4.30178808131e-08, 3.12613779307e-09, 1.33717881128e-14],
        "dvar2": [3.81633327606e-07, 0.000134754009196, 9.84073267318e-05, 2.30334189837e-05, 1.22024484881e-05, 1.38413161039e-05, 4.27246550316e-06, 2.13062844523e-06, 1.75478066922e-06, 1.701055794e-06, 1.68706753811e-06, 1.34705305754e-06, 1.56908413373e-06, 1.69176075815e-06, 1.64237837907e-06, 6.30036709026e-07, 3.57028028475e-07, 2.99496122125e-07, 2.06357540833e-07, 8.14955228634e-07, 5.95539901838e-08, 8.21760579583e-08, 1.50879770899e-07, 9.72646887476e-08, 7.33623011229e-08, 6.73400712969e-09, 1.9814047118e-14],
        "max": [0.00404274929315, 0.0701199322939, 0.0610842555761, 0.021924212575, 0.0254752356559, 0.0310726128519, 0.0186425298452, 0.0173429176211, 0.0142850270495, 0.0133538041264, 0.0125135090202, 0.0200607161969, 0.0134956613183, 0.0145902056247, 0.0135266790166, 0.00789311341941, 0.007780298125, 0.00451790913939, 0.00554330600426, 0.0161044299603, 0.00271781580523, 0.00251302216202, 0.00580770429224, 0.0065448875539, 0.00499453535303, 0.000884744280484, 3.57359385816e-06],
        "mean": [0.000398755451897, 0.0143581321463, 0.00533968023956, 0.0021468277555, 0.00302239856683, 0.00214439234696, 0.00166995788459, 0.00114073813893, 0.00199552881531, 0.00118476396892, 0.000987019040622, 0.000934267707635, 0.000738332979381, 0.000804518582299, 0.000960309582297, 0.000434853078332, 0.000472692161566, 0.000387049920391, 0.000358388439054, 0.000398263015086, 0.000208368801395, 0.000162343800184, 0.000214630999835, 0.000155455549248, 0.00011785166862, 4.54394066765e-05, 1.03886312885e-08],
        "median": [0.000187577723409, 0.0108451768756, 0.00218006363139, 0.000963784987107, 0.00209556496702, 0.00148436171003, 0.0010088745039, 0.000719114672393, 0.00113352225162, 0.000695957976859, 0.000552960962523, 0.000572852557525, 0.000385053805076, 0.000441948330263, 0.00049901282182, 0.000280696403934, 0.000245449569775, 0.000249995209742, 0.00019356716075, 0.000125994600239, 9.44832790992e-05, 5.89869487158e-05, 7.57832676754e-05, 3.93155642087e-05, 2.4322354875e-05, 1.49093029904e-05, 7.94978693985e-10],
        "min": [1.93578728158e-07, 0.000164133642102, 1.49623319885e-05, 5.54352527615e-06, 8.20112327347e-05, 9.03914915398e-05, 2.52881127381e-05, 1.00901406768e-05, 3.35278273269e-05, 2.36779142142e-05, 1.85454246093e-05, 2.60647775576e-05, 2.28695498663e-05, 1.07452597149e-05, 3.0316741686e-05, 2.30597543123e-05, 2.10824873648e-05, 7.40738096283e-06, 6.06566754868e-06, 5.46812407265e-06, 2.15007526094e-06, 9.32872978865e-07, 9.55923837864e-07, 3.44486949189e-07, 1.67779923288e-08, 3.41648309643e-09, 8.34677899714e-12],
        "var": [2.31809849538e-07, 0.000141420576256, 5.67181705264e-05, 8.6094623839e-06, 7.79343736212e-06, 6.40806911179e-06, 3.57853787136e-06, 1.93687469618e-06, 4.86736234961e-06, 1.87485034076e-06, 1.74869819602e-06, 2.41495513364e-06, 1.30548767174e-06, 1.37223014463e-06, 1.9202382191e-06, 3.71937915133e-07, 6.56644658648e-07, 2.44269614313e-07, 2.24171884611e-07, 8.15588009573e-07, 1.15615023333e-07, 8.28873893965e-08, 2.56603641446e-07, 2.54590446502e-07, 1.37666518185e-07, 6.1218266012e-09, 1.19734561485e-14]
    },
    "erbbands": {
        "dmean": [0.1786236763, 1.32948482037, 3.97702503204, 5.01576805115, 5.79236459732, 5.50612831116, 8.86780834198, 10.2454986572, 9.31779003143, 13.7408285141, 14.1547698975, 14.5143737793, 14.9923791885, 25.3912563324, 16.8957309723, 17.8047027588, 15.8406476974, 26.5326347351, 24.42137146, 19.6105079651, 12.7860937119, 9.48093032837, 9.53592395782, 10.1124076843, 7.91563034058, 11.0973815918, 4.54713582993, 3.4383058548, 2.84329557419, 2.67774200439, 3.67232966423, 1.92629849911, 1.17178046703, 0.853184103966, 0.396835505962, 0.161003604531, 0.0429212972522, 0.00308171100914, 6.3032930484e-05, 1.40750626088e-05],
        "dmean2": [0.287250578403, 2.1578707695, 6.60943412781, 8.58751106262, 9.97555160522, 9.27201557159, 15.3680782318, 17.3314876556, 15.0673141479, 21.4589099884, 21.7668514252, 21.6993904114, 22.9819946289, 41.2332115173, 26.7288379669, 27.2503414154, 25.6800937653, 43.020488739, 39.6501159668, 32.7964286804, 20.9904670715, 14.9069881439, 15.9129419327, 17.1136226654, 12.3938779831, 16.5931758881, 6.64493989944, 4.67667961121, 4.17390727997, 3.91581487656, 5.25710010529, 2.62295866013, 1.55822205544, 1.15065205097, 0.548533022404, 0.226577058434, 0.064145386219, 0.00460955360904, 9.02223182493e-05, 2.11906353798e-05],
        "dvar": [0.067085146904, 2.83936905861, 41.2813796997, 68.176902771, 57.9501609802, 65.7058792114, 285.781799316, 474.846221924, 280.537353516, 481.451721191, 559.557373047, 434.995147705, 332.966766357, 1270.51220703, 970.313110352, 1371.96533203, 984.447753906, 2342.77929688, 2132.98193359, 1414.21057129, 487.524230957, 329.394073486, 306.806152344, 292.561004639, 239.168228149, 1317.98449707, 71.9304351807, 53.1169624329, 42.1938285828, 36.8003349304, 91.5761260986, 39.7228469849, 14.8431768417, 10.148443222, 1.34278082848, 0.122908361256, 0.00876722577959, 4.67063255201e-05, 1.7162964383e-08, 2.31518096361e-10],
        "dvar2": [0.165846481919, 7.40386486053, 106.89289093, 180.077682495, 163.183441162, 167.219619751, 874.384094238, 1288.06542969, 764.534240723, 1204.0690918, 1263.54711914, 988.102172852, 708.490112305, 3227.89282227, 2510.43920898, 2152.62011719, 2390.60107422, 5359.37011719, 4929.46435547, 3869.52514648, 1063.53479004, 667.528869629, 784.671386719, 846.020935059, 542.043395996, 2816.60449219, 130.812759399, 90.4349365234, 91.3725662231, 74.3306503296, 181.624328613, 68.5704879761, 19.0665779114, 17.4328899384, 2.40129327774, 0.258078128099, 0.019327506423, 9.73735950538e-05, 3.45363986298e-08, 5.15630149689e-10],
        "max": [2.28727483749, 17.6745510101, 76.4335708618, 68.5836410522, 66.9516830444, 102.112731934, 292.11328125, 302.967193604, 247.167694092, 364.103820801, 486.962524414, 396.078979492, 237.013870239, 552.24609375, 466.51272583, 1005.22045898, 649.15435791, 912.314331055, 811.386108398, 648.15637207, 463.115509033, 394.818634033, 272.647674561, 199.672134399, 386.789581299, 991.489868164, 109.991142273, 111.180419922, 81.2080688477, 107.635505676, 228.833511353, 145.546508789, 101.733688354, 76.759552002, 28.4554576874, 6.04661417007, 1.52433645725, 0.163143739104, 0.00288420915604, 0.000257866107859],
        "mean": [0.383685767651, 3.27779197693, 7.00785017014, 6.39065742493, 8.6495923996, 9.14600753784, 14.8147220612, 17.7344455719, 18.3850307465, 30.4251651764, 29.158821106, 40.1438560486, 40.9632148743, 49.7263069153, 35.6827583313, 39.5351333618, 32.4854431152, 49.6113510132, 47.6917495728, 36.2535667419, 26.4748821259, 23.3938846588, 20.899848938, 20.775510788, 18.8886966705, 21.4174633026, 9.94724559784, 7.09513759613, 5.53247261047, 5.30313539505, 6.78487300873, 3.75106048584, 2.41865634918, 1.57331192493, 0.71668869257, 0.270868390799, 0.0734832510352, 0.00509268185124, 0.000129070685944, 5.51098055439e-05],
        "median": [0.288521975279, 2.13670539856, 3.37640571594, 3.24669098854, 6.03833723068, 6.0595369339, 8.95368862152, 10.7597856522, 12.7407541275, 16.4757175446, 19.6466464996, 23.1535625458, 27.2547531128, 33.4558181763, 23.6615428925, 22.5622119904, 19.8884429932, 26.3269786835, 23.1157207489, 21.5512065887, 18.0389060974, 12.6492166519, 12.7189121246, 12.0170497894, 9.19933223724, 6.22851753235, 4.50374794006, 2.77576708794, 1.88562500477, 2.2027220726, 2.28074073792, 0.833304345608, 0.644415915012, 0.292322486639, 0.18571922183, 0.0889537110925, 0.0235620625317, 0.00161404779647, 5.66080780118e-05, 4.92282197229e-05],
        "min": [0.00286285579205, 0.0443322062492, 0.0418397858739, 0.0788725838065, 0.120716609061, 0.259464710951, 0.512810766697, 0.712304472923, 0.636120557785, 0.286270737648, 1.01333117485, 0.999354600906, 2.4561355114, 2.48478507996, 2.8622136116, 2.71362018585, 2.85625219345, 1.39376759529, 1.3756660223, 1.61486697197, 1.63304686546, 1.15867722034, 0.773945212364, 0.437039494514, 0.42842450738, 0.319967985153, 0.132600337267, 0.0590822398663, 0.0327056758106, 0.0267747845501, 0.0227783471346, 0.0103531880304, 0.00518042128533, 0.000705758167896, 0.000177589827217, 4.64706645289e-05, 8.75794739841e-06, 1.10357916583e-06, 3.89372189602e-06, 7.78509729571e-06],
        "var": [0.129543438554, 9.09914493561, 78.2591934204, 67.7314834595, 74.8406448364, 94.1795883179, 407.854614258, 597.022094727, 351.524108887, 1695.22094727, 1219.48571777, 2366.40356445, 1660.14465332, 2539.76074219, 1870.23168945, 5810.87207031, 1994.9185791, 5530.30712891, 5403.37744141, 2941.15332031, 1122.75708008, 1561.42077637, 830.714111328, 602.93157959, 942.381286621, 2711.26977539, 238.23236084, 166.116867065, 95.7959899902, 89.6148529053, 285.129821777, 135.086364746, 61.1931266785, 31.3762664795, 3.80481505394, 0.240502730012, 0.0162986833602, 9.89473992377e-05, 4.19682351094e-08, 9.58822243824e-10]
    },
    "gfcc": {
        "mean": [41.2543907166, 105.484069824, -117.519973755, 32.4571228027, -50.9761924744, 25.1069316864, -33.0160255432, 17.2705020905, -20.8721580505, 6.22780990601, -13.8832807541, 2.28554105759, -10.7475824356],
        "cov": [[1751.88464355, -1045.09887695, 256.848693848, 252.35144043, -145.589401245, 98.1285858154, -136.349487305, 79.311088562, -168.812545776, 263.112213135, -130.840591431, 129.662445068, -104.058692932], [-1045.09887695, 861.963439941, -171.811813354, -134.490753174, 143.220336914, -127.391784668, 124.585342407, -89.7613220215, 99.2000961304, -177.432662964, 74.0301055908, -112.865615845, 53.7077026367], [256.848693848, -171.811813354, 235.510925293, 54.2449569702, -20.1007671356, 63.5165367126, -50.5173683167, 26.3434352875, -28.2872638702, 32.0955200195, -17.5952262878, 16.1745700836, -44.2332420349], [252.35144043, -134.490753174, 54.2449569702, 215.7865448, 37.7116737366, -43.104850769, -6.72787332535, -2.58436703682, -30.6677112579, 32.5461082458, -13.9018507004, 26.3050765991, 10.4792003632], [-145.589401245, 143.220336914, -20.1007671356, 37.7116737366, 154.620895386, -19.4969978333, 36.1527481079, -7.50678014755, -4.04833316803, -4.25518417358, 2.15414023399, -19.6535758972, 15.5629863739], [98.1285858154, -127.391784668, 63.5165367126, -43.104850769, -19.4969978333, 156.712234497, -5.16023445129, 14.6181669235, 10.0283842087, 5.22555160522, 11.8907527924, -11.2933883667, -3.62890315056], [-136.349487305, 124.585342407, -50.5173683167, -6.72787332535, 36.1527481079, -5.16023445129, 96.306388855, -0.662651240826, 21.6276016235, -15.5504770279, 14.8675775528, -5.12041378021, 12.7544412613], [79.311088562, -89.7613220215, 26.3434352875, -2.58436703682, -7.50678014755, 14.6181669235, -0.662651240826, 67.2927780151, 13.252655983, 26.158203125, -8.24769210815, 18.0181980133, -4.8407793045], [-168.812545776, 99.2000961304, -28.2872638702, -30.6677112579, -4.04833316803, 10.0283842087, 21.6276016235, 13.252655983, 90.0139770508, -17.4324970245, 23.837770462, -11.4086694717, 12.2393016815], [263.112213135, -177.432662964, 32.0955200195, 32.5461082458, -4.25518417358, 5.22555160522, -15.5504770279, 26.158203125, -17.4324970245, 112.532279968, -5.16413164139, 36.8783454895, -17.6073894501], [-130.840591431, 74.0301055908, -17.5952262878, -13.9018507004, 2.15414023399, 11.8907527924, 14.8675775528, -8.24769210815, 23.837770462, -5.16413164139, 64.7860717773, 5.16199064255, 14.3948974609], [129.662445068, -112.865615845, 16.1745700836, 26.3050765991, -19.6535758972, -11.2933883667, -5.12041378021, 18.0181980133, -11.4086694717, 36.8783454895, 5.16199064255, 72.6415710449, 0.0298537202179], [-104.058692932, 53.7077026367, -44.2332420349, 10.4792003632, 15.5629863739, -3.62890315056, 12.7544412613, -4.8407793045, 12.2393016815, -17.6073894501, 14.3948974609, 0.0298537202179, 67.2658920288]],
        "icov": [[0.00305114174262, 0.00261044688523, -0.000429202686064, -0.00146046408918, 0.000833683006931, -0.000138453004183, -0.000831472920254, 0.00109926867299, 0.00113040290307, -0.00244984333403, 0.00214513624087, 0.000375241826987, 0.00131128169596], [0.00261044688523, 0.0120256217197, -0.00365766556934, 0.00577015196905, -0.00598796503618, 0.010541504249, -0.00716899428517, 0.00784363877028, -0.00486778188497, 0.00502552930266, -0.00534716527909, 0.00738268950954, -0.00164747762028], [-0.000429202686064, -0.00365766556934, 0.00876342505217, -0.00480114202946, 0.00201159878634, -0.00711756851524, 0.00520193576813, -0.00472240103409, 0.00274991686456, -0.00123334908858, 0.00207204022445, -0.00324528594501, 0.00532636977732], [-0.00146046408918, 0.00577015196905, -0.00480114202946, 0.0124694593251, -0.00663382420316, 0.0100745223463, -0.00473489658907, 0.00581123773009, -0.00403026258573, 0.00468884222209, -0.00517033506185, 0.00347826746292, -0.00550626264885], [0.000833683006931, -0.00598796503618, 0.00201159878634, -0.00663382420316, 0.0130285006016, -0.0065309307538, 0.00104352273047, -0.00469452096149, 0.00545201776549, -0.00637238053605, 0.0049941604957, -0.0013537198538, 0.000796413223725], [-0.000138453004183, 0.010541504249, -0.00711756851524, 0.0100745223463, -0.0065309307538, 0.0205402281135, -0.00800820719451, 0.00653465511277, -0.00644197594374, 0.00665195146576, -0.00970979128033, 0.0101068159565, -0.00528622278944], [-0.000831472920254, -0.00716899428517, 0.00520193576813, -0.00473489658907, 0.00104352273047, -0.00800820719451, 0.0182241089642, -0.00603521196172, 0.00156435358804, -0.00241749710403, 0.00253031565808, -0.0059871985577, 0.00257652951404], [0.00109926867299, 0.00784363877028, -0.00472240103409, 0.00581123773009, -0.00469452096149, 0.00653465511277, -0.00603521196172, 0.0255263131112, -0.00904433149844, 0.000256186816841, 0.000691646186169, 0.000562072033063, -0.00258835568093], [0.00113040290307, -0.00486778188497, 0.00274991686456, -0.00403026258573, 0.00545201776549, -0.00644197594374, 0.00156435358804, -0.00904433149844, 0.0190794840455, -0.00364995375276, -0.000264866452198, -0.00103875680361, 0.00114522024523], [-0.00244984333403, 0.00502552930266, -0.00123334908858, 0.00468884222209, -0.00637238053605, 0.00665195146576, -0.00241749710403, 0.000256186816841, -0.00364995375276, 0.0198347792029, -0.00759463757277, -0.00026934753987, 0.00044751810492], [0.00214513624087, -0.00534716527909, 0.00207204022445, -0.00517033506185, 0.0049941604957, -0.00970979128033, 0.00253031565808, 0.000691646186169, -0.000264866452198, -0.00759463757277, 0.0266591180116, -0.00895810313523, 5.73354918743e-06], [0.000375241826987, 0.00738268950954, -0.00324528594501, 0.00347826746292, -0.0013537198538, 0.0101068159565, -0.0059871985577, 0.000562072033063, -0.00103875680361, -0.00026934753987, -0.00895810313523, 0.0252855718136, -0.00393160665408], [0.00131128169596, -0.00164747762028, 0.00532636977732, -0.00550626264885, 0.000796413223725, -0.00528622278944, 0.00257652951404, -0.00258835568093, 0.00114522024523, 0.00044751810492, 5.73354918743e-06, -0.00393160665408, 0.0213356949389]]
    },
    "melbands": {
        "dmean": [0.00157739210408, 0.00185821705963, 0.000864252680913, 0.000383499340387, 0.000283416302409, 0.000224375879043, 0.000150278676301, 0.000136280767038, 0.000114538364869, 9.75274451775e-05, 7.62120253057e-05, 0.0001047189362, 7.25390927983e-05, 5.14442799613e-05, 3.98287593271e-05, 4.79306545458e-05, 4.86396638735e-05, 4.01027064072e-05, 2.73636815109e-05, 2.16591579374e-05, 1.71676638274e-05, 1.07251789814e-05, 1.14802651296e-05, 1.14442791528e-05, 8.77661022969e-06, 5.52384335606e-06, 7.44482304071e-06, 7.67052551964e-06, 3.10432801598e-06, 2.58783484242e-06, 2.11907899939e-06, 1.67408802554e-06, 1.75579907591e-06, 1.57679596668e-06, 2.39717701334e-06, 1.58349723733e-06, 1.15191051009e-06, 8.60848331286e-07, 8.0682667658e-07, 7.30328736154e-07],
        "dmean2": [0.00255752913654, 0.00304397358559, 0.00148736161646, 0.000647782871965, 0.000490440172143, 0.000379860721296, 0.000242120368057, 0.00021441730496, 0.000175534165464, 0.000144735837239, 0.000116738359793, 0.000168944723555, 0.000113877431431, 8.11050922493e-05, 6.26658074907e-05, 7.75990265538e-05, 7.87797180237e-05, 6.48370041745e-05, 4.54085602541e-05, 3.69208210032e-05, 2.77570015896e-05, 1.6406256691e-05, 1.84677846846e-05, 1.93612686417e-05, 1.51101685333e-05, 8.99508813745e-06, 1.15968996397e-05, 1.13726746349e-05, 4.70307168143e-06, 3.84403483622e-06, 2.9938694297e-06, 2.50939592661e-06, 2.70234727395e-06, 2.36345226767e-06, 3.4847957977e-06, 2.30149635172e-06, 1.59692058332e-06, 1.16868034183e-06, 1.05824335606e-06, 1.00985880636e-06],
        "dvar": [4.36006166638e-06, 7.17471584721e-06, 1.73981027274e-06, 2.47713188628e-07, 2.6846981882e-07, 2.15204735809e-07, 6.53282370422e-08, 4.56756232836e-08, 3.60766243546e-08, 1.72290679501e-08, 8.34474889189e-09, 2.24025757944e-08, 1.41393847741e-08, 1.05470334688e-08, 4.1893906122e-09, 7.88165976928e-09, 7.26703985876e-09, 5.82145087691e-09, 2.70159183913e-09, 2.00307459508e-09, 1.08525088915e-09, 4.19762835602e-10, 6.45378417374e-10, 3.8734998542e-10, 2.52597304184e-10, 8.83012760133e-11, 3.7221259408e-10, 5.93698867846e-10, 3.59324098254e-11, 2.78392899011e-11, 2.3648130329e-11, 1.50293995999e-11, 1.61254985059e-11, 1.40909254751e-11, 3.65278918224e-11, 2.38023351029e-11, 1.5766500952e-11, 7.70664955463e-12, 6.83496531942e-12, 8.88990617232e-12],
        "dvar2": [1.09290394903e-05, 1.85945646081e-05, 4.59242573925e-06, 6.41594169792e-07, 8.07198148323e-07, 5.87263400575e-07, 1.78380190619e-07, 1.12333417235e-07, 8.15082046302e-08, 3.92920860293e-08, 1.7770696914e-08, 5.63284281441e-08, 3.43855610652e-08, 2.17926103829e-08, 8.41434122378e-09, 1.93519866798e-08, 1.67351341673e-08, 1.36882940538e-08, 6.13617778811e-09, 5.33849853213e-09, 2.24131690985e-09, 7.97181598511e-10, 1.48232914832e-09, 1.02411867875e-09, 7.39582783904e-10, 2.19938720014e-10, 8.47784675795e-10, 1.1998378957e-09, 7.72968702933e-11, 5.42832376271e-11, 4.59912559425e-11, 3.35109197336e-11, 3.74823019844e-11, 3.11159917277e-11, 7.52697140727e-11, 4.92549820374e-11, 2.58431574751e-11, 1.12810273276e-11, 1.01195050603e-11, 1.54571772049e-11],
        "max": [0.0176377370954, 0.0352313108742, 0.010095346719, 0.00585291953757, 0.00852022506297, 0.00642541376874, 0.00388245121576, 0.00347462459467, 0.00395415956154, 0.00223590037785, 0.00117394595873, 0.00238122441806, 0.00195741630159, 0.00232505844906, 0.00129436817952, 0.0012925483752, 0.00154264515731, 0.00121273344848, 0.000943751947489, 0.000744663353544, 0.000741758558434, 0.000529333308805, 0.000421154021751, 0.000332807103405, 0.000198326597456, 0.000205489137443, 0.000422878802055, 0.000619903788902, 9.28431618377e-05, 9.36104552238e-05, 7.36376387067e-05, 4.66311321361e-05, 5.55417354917e-05, 7.63185526012e-05, 0.000134138055728, 0.000102110599983, 9.87722814898e-05, 7.72897037677e-05, 6.62101738271e-05, 8.55903417687e-05],
        "mean": [0.00373047450557, 0.00400406634435, 0.00121224927716, 0.000632968207356, 0.00049153144937, 0.000392854824895, 0.00030710324063, 0.000305665191263, 0.000239705259446, 0.000267787982011, 0.000202781011467, 0.000199880771106, 0.000138817296829, 9.98692048597e-05, 8.04558731033e-05, 8.4839281044e-05, 8.67234994075e-05, 7.28550367057e-05, 5.39900174772e-05, 3.65479281754e-05, 3.17271478707e-05, 2.36330924963e-05, 2.14836909436e-05, 2.12126615224e-05, 1.61857060448e-05, 1.19139785966e-05, 1.46361726365e-05, 1.40003094202e-05, 5.97315420237e-06, 5.09152914674e-06, 3.89657316191e-06, 3.04655122818e-06, 3.16377759191e-06, 2.83716235572e-06, 4.30510772276e-06, 2.81537063529e-06, 2.11180804399e-06, 1.67275402418e-06, 1.50002142618e-06, 1.27619080104e-06],
        "median": [0.00283220293932, 0.00259504443966, 0.000713348214049, 0.000444036384579, 0.000303798733512, 0.000252945785178, 0.000213007195271, 0.000179767652298, 0.000142646356835, 0.000153848624905, 0.000132308137836, 0.000130409898702, 7.81129710958e-05, 5.6604436395e-05, 4.93994593853e-05, 4.41318188678e-05, 4.66444907943e-05, 3.32586569129e-05, 3.00978226733e-05, 2.09604968404e-05, 2.08177916647e-05, 1.29887075673e-05, 9.92365767161e-06, 1.28482060973e-05, 8.00559882919e-06, 5.76922730033e-06, 6.04526803727e-06, 3.38166069014e-06, 2.72002557722e-06, 1.78381446858e-06, 1.27123564653e-06, 9.57113684308e-07, 1.17390789001e-06, 1.16058299682e-06, 1.47154696606e-06, 7.47617946217e-07, 3.96169980377e-07, 4.84044790028e-07, 3.31637551199e-07, 1.94064071479e-07],
        "min": [3.73132061213e-05, 4.54126602563e-05, 2.57878837147e-05, 1.74517135747e-05, 1.16088322102e-05, 1.5764420823e-05, 7.83197447163e-06, 2.03260947274e-06, 3.78272261514e-06, 4.44414627054e-06, 6.4299524638e-06, 5.32360218131e-06, 7.03255454937e-06, 3.28536930283e-06, 3.28749274559e-06, 1.7692992742e-06, 1.21530285924e-06, 1.8353636051e-06, 2.25641360885e-06, 1.3848917888e-06, 8.5494519908e-07, 1.15337479656e-06, 5.94685957367e-07, 3.56634814125e-07, 2.70706152605e-07, 2.8880924674e-07, 1.91785659354e-07, 1.56875543667e-07, 7.0145041775e-08, 4.25718980068e-08, 7.7939823484e-09, 6.09209038771e-09, 1.28419284096e-08, 9.67143520825e-09, 9.35096355903e-09, 5.67187274925e-09, 2.73492317682e-09, 2.41460340611e-09, 1.17627640961e-09, 1.45248202355e-10],
