{
"highlevel": {
    "danceability": {
        "all": {
            "danceable": 0.998405456543,
            "not_danceable": 0.0015945378691
        },
        "probability": 0.998405456543,
        "value": "danceable"
    },
    "gender": {
        "all": {
            "female": 0.212311089039,
            "male": 0.787688910961
        },
        "probability": 0.787688910961,
        "value": "male"
    },
    "genre_dortmund": {
        "all": {
            "alternative": 0.0131687298417,
            "blues": 0.0888489708304,
            "electronic": 0.0216135624796,
            "folkcountry": 0.109342522919,
            "funksoulrnb": 0.0959477648139,
            "jazz": 0.121750637889,
            "pop": 0.0507314875722,
            "raphiphop": 0.470417529345,
            "rock": 0.0281787961721
        },
        "probability": 0.470417529345,
        "value": "raphiphop"
    },
    "genre_electronic": {
        "all": {
            "ambient": 0.584209859371,
            "dnb": 0.161924481392,
            "house": 0.128804475069,
            "techno": 0.0224544852972,
            "trance": 0.102606706321
        },
        "probability": 0.584209859371,
        "value": "ambient"
    },
    "genre_rosamerica": {
        "all": {
            "cla": 0.00381264858879,
            "dan": 0.006946249865,
            "hip": 0.153485611081,
            "jaz": 0.0431546270847,
            "pop": 0.0820983424783,
            "rhy": 0.705861926079,
            "roc": 0.00258973776363,
            "spe": 0.00205084891059
        },
        "probability": 0.705861926079,
        "value": "rhy"
    },
    "genre_tzanetakis": {
        "all": {
            "blu": 0.0626541376114,
            "cla": 0.0348133966327,
            "cou": 0.0783501937985,
            "dis": 0.104547761381,
            "hip": 0.15693578124,
            "jaz": 0.313987255096,
            "met": 0.044816005975,
            "pop": 0.0627349764109,
            "reg": 0.0627352520823,
            "roc": 0.0784252434969
        },
        "probability": 0.313987255096,
        "value": "jaz"
    },
    "ismir04_rhythm": {
        "all": {
            "ChaChaCha": 0.157350689173,
            "Jive": 0.0125354966149,
            "Quickstep": 0.0500896014273,
            "Rumba-American": 0.0159106198698,
            "Rumba-International": 0.0268257111311,
            "Rumba-Misc": 0.00699395919219,
            "Samba": 0.683890759945,
            "Tango": 0.0165727045387,
            "VienneseWaltz": 0.0109129576012,
            "Waltz": 0.0189174953848
        },
        "probability": 0.683890759945,
        "value": "Samba"
    },
    "mood_acoustic": {
        "all": {
            "acoustic": 0.747719287872,
            "not_acoustic": 0.25228074193
        },
        "probability": 0.747719287872,
        "value": "acoustic"
    },
    "mood_aggressive": {
        "all": {
            "aggressive": 0.0654302984476,
            "not_aggressive": 0.934569716454
        },
        "probability": 0.934569716454,
        "value": "not_aggressive"
    },
    "mood_electronic": {
        "all": {
            "electronic": 0.184176489711,
            "not_electronic": 0.815823495388
        },
        "probability": 0.815823495388,
        "value": "not_electronic"
    },
    "mood_happy": {
        "all": {
            "happy": 0.482587039471,
            "not_happy": 0.517412960529
        },
        "probability": 0.517412960529,
        "value": "not_happy"
    },
    "mood_party": {
        "all": {
            "not_party": 0.5,
            "party": 0.5
        },
        "probability": 0.5,
        "value": "not_party"
    },
    "mood_relaxed": {
        "all": {
            "not_relaxed": 0.829356193542,
            "relaxed": 0.170643776655
        },
        "probability": 0.829356193542,
        "value": "not_relaxed"
    },
    "mood_sad": {
        "all": {
            "not_sad": 0.690585970879,
            "sad": 0.309414029121
        },
        "probability": 0.690585970879,
        "value": "not_sad"
    },
    "moods_mirex": {
        "all": {
            "Cluster1": 0.0978873223066,
            "Cluster2": 0.378588199615,
            "Cluster3": 0.13571895659,
            "Cluster4": 0.372779130936,
            "Cluster5": 0.0150263914838
        },
        "probability": 0.378588199615,
        "value": "Cluster2"
    },
    "timbre": {
        "all": {
            "bright": 0.97985470295,
            "dark": 0.0201452765614
        },
        "probability": 0.97985470295,
        "value": "bright"
    },
    "tonal_atonal": {
        "all": {
            "atonal": 0.00369284092449,
            "tonal": 0.996307134628
        },
        "probability": 0.996307134628,
        "value": "tonal"
    },
    "voice_instrumental": {
        "all": {
            "instrumental": 0.00271075125784,
            "voice": 0.99728924036
        },
        "probability": 0.99728924036,
        "value": "voice"
    }
},
"lowlevel": {
    "average_loudness": 0.957489848137,
    "barkbands_crest": {
        "dmean": 3.87261223793,
        "dmean2": 6.13988351822,
        "dvar": 11.9775362015,
        "dvar2": 28.2491378784,
        "max": 26.354473114,
        "mean": 12.7734279633,
        "median": 11.4103221893,
        "min": 3.44276666641,
        "var": 32.3193893433
    },
    "barkbands_flatness_db": {
        "dmean": 0.0333564132452,
        "dmean2": 0.0492670983076,
        "dvar": 0.000978757394478,
        "dvar2": 0.00198744167574,
        "max": 0.4029918015,
        "mean": 0.187704339623,
        "median": 0.177995488048,
        "min": 0.0692535936832,
        "var": 0.00341244996525
    },
    "barkbands_kurtosis": {
        "dmean": 9.75176048279,
        "dmean2": 15.7640666962,
        "dvar": 979.299133301,
        "dvar2": 2364.1940918,
        "max": 484.941802979,
        "mean": 11.1322641373,
        "median": 1.98072767258,
        "min": -1.74800384045,
        "var": 1510.81530762
    },
    "barkbands_skewness": {
        "dmean": 1.11942851543,
        "dmean2": 1.6154961586,
        "dvar": 2.06362199783,
        "dvar2": 4.44821929932,
        "max": 20.1706428528,
        "mean": 1.91850447655,
        "median": 1.37539088726,
        "min": -1.75335872173,
        "var": 5.85327339172
    },
    "barkbands_spread": {
        "dmean": 9.37390041351,
        "dmean2": 14.4779148102,
        "dvar": 97.5293121338,
        "dvar2": 217.866134644,
        "max": 82.3770294189,
        "mean": 22.5178146362,
        "median": 19.6689720154,
        "min": 0.478281676769,
        "var": 209.64390564
    },
    "dissonance": {
        "dmean": 0.0338207185268,
        "dmean2": 0.0552234910429,
        "dvar": 0.00104172318242,
        "dvar2": 0.00243328604847,
        "max": 0.499692618847,
        "mean": 0.441592693329,
        "median": 0.45527613163,
        "min": 0.183231621981,
        "var": 0.00224988115951
    },
    "dynamic_complexity": 3.48961830139,
    "erbbands_crest": {
        "dmean": 3.85926699638,
        "dmean2": 6.31239318848,
        "dvar": 11.178188324,
        "dvar2": 27.5991897583,
        "max": 27.3740711212,
        "mean": 10.9463357925,
        "median": 9.90090179443,
        "min": 2.81290078163,
        "var": 22.4910621643
    },
    "erbbands_flatness_db": {
        "dmean": 0.030734764412,
        "dmean2": 0.044008243829,
        "dvar": 0.000685980543494,
        "dvar2": 0.00131726649124,
        "max": 0.353189170361,
        "mean": 0.179010257125,
        "median": 0.177110105753,
        "min": 0.0508950352669,
        "var": 0.00267608161084
    },
    "erbbands_kurtosis": {
        "dmean": 2.3114862442,
        "dmean2": 3.5859105587,
        "dvar": 9.93528938293,
        "dvar2": 23.0887393951,
        "max": 36.6420593262,
        "mean": 1.9138507843,
        "median": 0.64151597023,
        "min": -1.85355162621,
        "var": 14.8103351593
    },
    "erbbands_skewness": {
        "dmean": 0.674928367138,
        "dmean2": 0.984725117683,
        "dvar": 0.33718046546,
        "dvar2": 0.750387489796,
        "max": 5.02771472931,
        "mean": 0.565850615501,
        "median": 0.54515761137,
        "min": -2.76788926125,
        "var": 1.03439807892
    },
    "erbbands_spread": {
        "dmean": 15.2934827805,
        "dmean2": 22.6966629028,
        "dvar": 274.674255371,
        "dvar2": 582.162597656,
        "max": 166.245849609,
        "mean": 37.1489906311,
        "median": 30.618686676,
        "min": 3.00287818909,
        "var": 616.285339355
    },
    "hfc": {
        "dmean": 12.9033489227,
        "dmean2": 18.0830154419,
        "dvar": 288.079345703,
        "dvar2": 627.385314941,
        "max": 172.653808594,
        "mean": 23.8317584991,
        "median": 17.5955410004,
        "min": 0.131533756852,
        "var": 528.503601074
    },
    "melbands_crest": {
        "dmean": 4.241335392,
        "dmean2": 6.73306655884,
        "dvar": 15.8288145065,
        "dvar2": 36.5868644714,
        "max": 37.0030403137,
        "mean": 16.9079742432,
        "median": 16.3189907074,
        "min": 4.04499149323,
        "var": 44.9552688599
    },
    "melbands_flatness_db": {
        "dmean": 0.0412557460368,
        "dmean2": 0.0583813972771,
        "dvar": 0.00149043824058,
        "dvar2": 0.0028461762704,
        "max": 0.519016623497,
        "mean": 0.223160415888,
        "median": 0.209530577064,
        "min": 0.0483020469546,
        "var": 0.00667463243008
    },
    "melbands_kurtosis": {
        "dmean": 23.6151027679,
        "dmean2": 37.493686676,
        "dvar": 3487.88208008,
        "dvar2": 8417.81445312,
        "max": 554.698791504,
        "mean": 28.6144962311,
        "median": 6.437458992,
        "min": -1.64308357239,
        "var": 5132.08251953
    },
    "melbands_skewness": {
        "dmean": 1.51555430889,
        "dmean2": 2.18760371208,
        "dvar": 3.92277979851,
        "dvar2": 7.96301221848,
        "max": 20.2733726501,
        "mean": 3.04670667648,
        "median": 2.08210420609,
        "min": -0.829509139061,
        "var": 9.9775018692
    },
    "melbands_spread": {
        "dmean": 12.0157442093,
        "dmean2": 18.4970321655,
        "dvar": 274.274291992,
        "dvar2": 657.973571777,
        "max": 198.132568359,
        "mean": 24.9438495636,
        "median": 20.1439323425,
        "min": 0.361547857523,
        "var": 450.386505127
    },
    "pitch_salience": {
        "dmean": 0.104496844113,
        "dmean2": 0.162928000093,
        "dvar": 0.00981905963272,
        "dvar2": 0.0245450846851,
        "max": 0.897084057331,
        "mean": 0.467318236828,
        "median": 0.475858867168,
        "min": 0.0385407954454,
        "var": 0.0282022543252
    },
    "silence_rate_20dB": {
        "dmean": 0,
        "dmean2": 0,
        "dvar": 0,
        "dvar2": 0,
        "max": 1,
        "mean": 1,
        "median": 1,
        "min": 1,
        "var": 0
    },
    "silence_rate_30dB": {
        "dmean": 0.00154798757285,
        "dmean2": 0.00309837330133,
        "dvar": 0.00154558068607,
        "dvar2": 0.00308871804737,
        "max": 1,
        "mean": 0.998453199863,
        "median": 1,
        "min": 0,
        "var": 0.00154439057223
    },
    "silence_rate_60dB": {
        "dmean": 0.0433436520398,
        "dmean2": 0.0867544561625,
        "dvar": 0.0414645187557,
        "dvar2": 0.0962674543262,
        "max": 1,
        "mean": 0.102088168263,
        "median": 0,
        "min": 0,
        "var": 0.0916658863425
    },
    "spectral_centroid": {
        "dmean": 413.676177979,
        "dmean2": 627.782958984,
        "dvar": 208193.21875,
        "dvar2": 456028.71875,
        "max": 4706.45458984,
        "mean": 1409.54064941,
        "median": 1295.43457031,
        "min": 197.614761353,
        "var": 489241.1875
    },
    "spectral_complexity": {
        "dmean": 4.30030965805,
        "dmean2": 6.00542211533,
        "dvar": 22.5908985138,
        "dvar2": 43.2509994507,
        "max": 54,
        "mean": 12.2250576019,
        "median": 11,
        "min": 0,
        "var": 62.520904541
    },
    "spectral_decrease": {
        "dmean": 2.76899858598e-09,
        "dmean2": 3.87109633238e-09,
        "dvar": 1.22977156735e-17,
        "dvar2": 2.42924747933e-17,
        "max": -3.13057496593e-11,
        "mean": -6.79114053881e-09,
        "median": -5.88142379243e-09,
        "min": -3.26555849028e-08,
        "var": 2.90054488299e-17
    },
    "spectral_energy": {
        "dmean": 0.011426913552,
        "dmean2": 0.0159243959934,
        "dvar": 0.000194032822037,
        "dvar2": 0.000376823183615,
        "max": 0.131922602654,
        "mean": 0.0277929026634,
        "median": 0.0236313026398,
        "min": 0.000132854198455,
        "var": 0.000469529768452
    },
    "spectral_energyband_high": {
        "dmean": 0.000704179401509,
        "dmean2": 0.00112275977153,
        "dvar": 3.18714228342e-06,
        "dvar2": 8.06571642897e-06,
        "max": 0.0214562211186,
        "mean": 0.000875690311659,
        "median": 0.000513628183398,
        "min": 9.76814078513e-08,
        "var": 2.81994994111e-06
    },
    "spectral_energyband_low": {
        "dmean": 0.00369255640544,
        "dmean2": 0.00587153527886,
        "dvar": 0.000108591390017,
        "dvar2": 0.000263251335127,
        "max": 0.110309123993,
        "mean": 0.010297103785,
        "median": 0.00793431140482,
        "min": 2.1122712468e-08,
        "var": 0.000177353038453
    },
    "spectral_energyband_middle_high": {
        "dmean": 0.00559797883034,
        "dmean2": 0.00761601654813,
        "dvar": 5.91424504819e-05,
        "dvar2": 0.000105842751509,
        "max": 0.0804482400417,
        "mean": 0.00829278770834,
        "median": 0.00389690836892,
        "min": 8.5708225015e-06,
        "var": 0.000119616459415
    },
    "spectral_energyband_middle_low": {
        "dmean": 0.0065687331371,
        "dmean2": 0.0100840711966,
        "dvar": 0.000101222125522,
        "dvar2": 0.000247571413638,
        "max": 0.102242857218,
        "mean": 0.00896000582725,
        "median": 0.00516330450773,
        "min": 5.17222688359e-05,
        "var": 0.000132670553285
    },
    "spectral_entropy": {
        "dmean": 0.287701576948,
        "dmean2": 0.425964981318,
        "dvar": 0.0654365792871,
        "dvar2": 0.142956405878,
        "max": 8.69187927246,
        "mean": 7.48137426376,
        "median": 7.47102117538,
        "min": 5.71682357788,
        "var": 0.194812238216
    },
    "spectral_flux": {
        "dmean": 0.0378486402333,
        "dmean2": 0.0561236105859,
        "dvar": 0.00133492564783,
        "dvar2": 0.00252217776142,
        "max": 0.355203032494,
        "mean": 0.103148661554,
        "median": 0.0998354330659,
        "min": 0.00714374426752,
        "var": 0.00411015329883
    },
    "spectral_kurtosis": {
        "dmean": 2.01125693321,
        "dmean2": 3.02562999725,
        "dvar": 5.28987550735,
        "dvar2": 12.0446424484,
        "max": 40.6652870178,
        "mean": 4.25395154953,
        "median": 4.00080776215,
        "min": -1.08299481869,
        "var": 11.3553676605
    },
    "spectral_rms": {
        "dmean": 0.00105849618558,
        "dmean2": 0.00142003328074,
        "dvar": 1.23160964449e-06,
        "dvar2": 2.08558981285e-06,
        "max": 0.0113448221236,
        "mean": 0.00473984517157,
        "median": 0.00480155460536,
        "min": 0.000360019243089,
        "var": 4.64888944407e-06
    },
    "spectral_rolloff": {
        "dmean": 804.729858398,
        "dmean2": 1358.41040039,
        "dvar": 1988666.875,
        "dvar2": 4668868,
        "max": 13156.7871094,
        "mean": 1617.03820801,
        "median": 1227.39257812,
        "min": 43.06640625,
        "var": 2925338.75
    },
    "spectral_skewness": {
        "dmean": 0.37097749114,
        "dmean2": 0.532795965672,
        "dvar": 0.120647609234,
        "dvar2": 0.253115475178,
        "max": 4.74718856812,
        "mean": 1.67297828197,
        "median": 1.72404122353,
        "min": -0.128396421671,
        "var": 0.348247259855
    },
    "spectral_spread": {
        "dmean": 1066622.75,
        "dmean2": 1572494.625,
        "dvar": 1.14555538637e+12,
        "dvar2": 2.4516123689e+12,
        "max": 13344406,
        "mean": 5569025.5,
        "median": 5276113.5,
        "min": 1599782.125,
        "var": 3.06850090189e+12
    },
    "spectral_strongpeak": {
        "dmean": 0.815788328648,
        "dmean2": 1.38318288326,
        "dvar": 2.11723017693,
        "dvar2": 5.42088413239,
        "max": 17.1588573456,
        "mean": 1.10989713669,
        "median": 0.412827014923,
        "min": 0,
        "var": 2.38128638268
    },
    "zerocrossingrate": {
        "dmean": 0.0159284751862,
        "dmean2": 0.0190970543772,
        "dvar": 0.000308447168209,
        "dvar2": 0.000402601086535,
        "max": 0.375,
        "mean": 0.0641797184944,
        "median": 0.0576171875,
        "min": 0.00244140625,
        "var": 0.00160876486916
    },
    "barkbands": {
        "dmean": [0.000299213919789, 0.00273409299552, 0.00130819901824, 0.000614130403847, 0.00138583034277, 0.000632488052361, 0.00107583054341, 0.00264542805962, 0.00166187086143, 0.00217376602814, 0.00141238700598, 0.00115502404515, 0.000837304105517, 0.000810518744402, 0.000760582624935, 0.000520234985743, 0.000410431035561, 0.000237476662733, 0.000205990014365, 0.000151561194798, 0.000147365703015, 0.00017666950589, 0.000140198884765, 0.00014898039808, 9.4077862741e-05, 4.1916151531e-05, 2.6428011779e-08],
        "dmean2": [0.000455519970274, 0.00447080470622, 0.00244958582334, 0.00117545202374, 0.00231993850321, 0.00105979875661, 0.00176616664976, 0.00400394108146, 0.00269223283976, 0.00345322838984, 0.00214797933586, 0.0018940201262, 0.00137548230123, 0.00128128542565, 0.00122423283756, 0.000787188590039, 0.000626615481451, 0.000360841338988, 0.000315910059726, 0.000237468644627, 0.00025088104303, 0.000287583912723, 0.00022519248887, 0.000242034962866, 0.000152704466018, 6.86184575898e-05, 4.60735449792e-08],
        "dvar": [8.42097051645e-07, 6.60036457703e-05, 3.22591913573e-05, 8.20054538053e-06, 1.2330006939e-05, 3.40701899404e-06, 6.72825217407e-06, 3.30577313434e-05, 2.41037414526e-05, 3.03409851767e-05, 1.58694165293e-05, 1.02871927083e-05, 4.3299646677e-06, 3.8472057895e-06, 2.61513650912e-06, 1.77097263077e-06, 5.27906536263e-07, 2.2711840586e-07, 2.10559775837e-07, 1.15293886438e-07, 2.34654606857e-07, 1.96616923631e-07, 1.02462117013e-07, 1.14386985217e-07, 3.91623977691e-08, 1.11350404453e-08, 2.33367250085e-14],
        "dvar2": [1.90914056475e-06, 0.000174598841113, 9.2994159786e-05, 2.40124318225e-05, 3.32737254212e-05, 8.32618206914e-06, 1.58853454195e-05, 7.1059417678e-05, 5.83372202527e-05, 7.16568829375e-05, 3.45025582646e-05, 2.30338391702e-05, 1.05292774606e-05, 8.88861086423e-06, 6.24436415819e-06, 3.93051641367e-06, 1.13859528028e-06, 4.88358296025e-07, 4.83452879507e-07, 2.62209567836e-07, 6.26010148608e-07, 4.61234833438e-07, 2.53700619623e-07, 2.96882944895e-07, 9.78706609089e-08, 2.89528170327e-08, 5.44844490434e-14],
        "max": [0.0122822141275, 0.105259560049, 0.0435092970729, 0.0288983806968, 0.0387001223862, 0.0264974161983, 0.0354390963912, 0.0934048518538, 0.0663044601679, 0.0648098066449, 0.0616068579257, 0.031904168427, 0.0304074659944, 0.0202487744391, 0.0173491463065, 0.0234462954104, 0.00750055070966, 0.00728313717991, 0.00770146492869, 0.00495981937274, 0.00754424510524, 0.00716483360156, 0.00349267525598, 0.00386205222458, 0.00242564338259, 0.00113243854139, 3.7645725115e-06],
        "mean": [0.000822008703835, 0.00837565679103, 0.000976004812401, 0.000352978240699, 0.00145331025124, 0.000651693437248, 0.00108600663953, 0.00292141037062, 0.001552043017, 0.00195570243523, 0.00153033982497, 0.00112476514187, 0.000781072711106, 0.000809974502772, 0.000765808334108, 0.000560634827707, 0.00052294152556, 0.000302359374473, 0.000254364305874, 0.000169655075297, 0.00013511753059, 0.000186484932783, 0.000152509805048, 0.000180998322321, 0.000119954558613, 4.91252394568e-05, 1.89140436646e-08],
        "median": [3.56264808943e-06, 0.00666960282251, 5.82564462093e-05, 8.98314283404e-06, 0.000416963041062, 6.80200391798e-05, 0.000237238637055, 0.000589113682508, 0.000123534351587, 0.000169701059349, 0.000182232979569, 0.000124760175822, 0.000104121827462, 0.000111182846013, 9.19411686482e-05, 8.93184842425e-05, 0.000135583119118, 5.89788251091e-05, 6.11327704974e-05, 3.45322951034e-05, 2.70773452939e-05, 5.52231576876e-05, 5.80542582611e-05, 9.94776273728e-05, 7.130009908e-05, 2.00651757041e-05, 7.03735902885e-10],
        "min": [2.90496238176e-10, 8.2588993422e-09, 5.09611464139e-09, 1.04961266345e-08, 9.68719064076e-07, 5.43128464869e-07, 1.41067459936e-07, 8.45726390253e-07, 1.7961205856e-07, 5.91537059336e-07, 5.14174757882e-07, 5.09625010636e-07, 4.22006081635e-07, 9.77187610829e-08, 2.51679921348e-07, 1.1645859388e-07, 1.51623922306e-07, 1.10472825554e-07, 4.40392113887e-08, 2.20208900004e-08, 4.74982586596e-09, 1.87575306398e-08, 1.10128794972e-08, 7.64880425663e-09, 7.87136245073e-10, 3.70871866204e-12, 5.62552088246e-12],
        "var": [4.44261377197e-06, 0.000110379951366, 1.82710573426e-05, 4.37689914179e-06, 1.03670199678e-05, 4.49469962405e-06, 7.21167225493e-06, 4.75427768833e-05, 2.3421838705e-05, 2.91287906293e-05, 1.93518790184e-05, 1.10203554868e-05, 4.21390950578e-06, 4.52176982435e-06, 3.16058003591e-06, 2.2382264433e-06, 9.27668963868e-07, 4.25998422315e-07, 3.21422902516e-07, 1.47313642174e-07, 1.77354323228e-07, 2.02656167403e-07, 9.62332009635e-08, 1.02502824006e-07, 4.16710435047e-08, 1.03520054751e-08, 2.02245768825e-14]
    },
    "erbbands": {
        "dmean": [0.0832631587982, 0.642548441887, 1.49580931664, 1.82641673088, 2.41834807396, 5.61993217468, 6.02248239517, 5.04568815231, 9.99315738678, 37.6635055542, 47.8385543823, 36.0215034485, 73.0607147217, 46.9181442261, 61.4555625916, 37.1057281494, 38.5016784668, 40.8046913147, 33.3685722351, 33.6479225159, 26.475189209, 20.8367500305, 15.1524076462, 7.884806633, 11.2609472275, 6.84826564789, 4.26282787323, 7.09025812149, 6.56990909576, 4.65556049347, 4.13735198975, 3.23986291885, 2.48133111, 1.33784067631, 0.572709619999, 0.205139040947, 0.0811389908195, 0.00731616839767, 0.000135088295792, 1.87522673514e-05],
        "dmean2": [0.134634763002, 1.07583105564, 2.73123693466, 3.4583773613, 4.47278308868, 9.33553028107, 10.0014867783, 8.6115732193, 16.51404953, 59.7724380493, 71.8636322021, 57.4352989197, 114.902099609, 69.7661056519, 93.0077133179, 58.8400039673, 61.9015960693, 63.1041030884, 51.9429779053, 52.2299919128, 38.6278877258, 30.43334198, 22.356760025, 11.7707881927, 16.8306922913, 10.4638729095, 7.10870170593, 11.9427757263, 10.7873945236, 7.47631835938, 6.69816446304, 5.34286975861, 3.99585056305, 2.16636157036, 0.942949473858, 0.334891945124, 0.13431955874, 0.0124052520841, 0.000223538678256, 2.69972479146e-05],
        "dvar": [0.0579606182873, 4.14954614639, 35.4892539978, 70.2071914673, 86.8469924927, 207.341796875, 178.485198975, 311.83190918, 908.789489746, 5186.55126953, 14624.3310547, 13482.4980469, 37855.1757812, 17597.8867188, 27321.4550781, 8500.82910156, 8903.46875, 9523.95410156, 4499.70898438, 6302.49511719, 4051.8359375, 1296.00756836, 815.939331055, 200.756286621, 642.979553223, 257.632507324, 238.029052734, 466.751220703, 271.764190674, 106.293334961, 95.3483428955, 73.2284622192, 24.0191497803, 6.51442718506, 1.9687564373, 0.239777863026, 0.0406764559448, 0.000538158637937, 1.64789653923e-07, 7.71772423747e-10],
        "dvar2": [0.159224942327, 10.9951276779, 99.962272644, 203.055618286, 247.980773926, 556.84967041, 410.39630127, 739.574768066, 2314.50244141, 12028.4521484, 30710.9375, 32851.609375, 92076.2734375, 34417.0585938, 61761.0585938, 19568.8964844, 21785.7167969, 21237.9804688, 10415.3964844, 15481.6308594, 8260.09472656, 2606.87817383, 1752.38134766, 449.316894531, 1404.24023438, 598.254516602, 649.427001953, 1192.34094238, 624.595214844, 258.442352295, 239.43321228, 191.799530029, 62.7574195862, 16.7513599396, 4.7051358223, 0.61980766058, 0.106559477746, 0.00145197659731, 4.40408228997e-07, 1.81800519083e-09],
        "max": [2.56155347824, 25.6272678375, 45.9498710632, 87.5145950317, 71.496963501, 187.74961853, 210.643814087, 316.854858398, 657.185791016, 965.478515625, 2028.66601562, 1828.52905273, 2710.1574707, 2332.92382812, 2684.0703125, 972.308776855, 1309.61621094, 1201.91186523, 782.215759277, 1100.20007324, 1333.76831055, 402.462921143, 382.787139893, 202.266342163, 434.820373535, 245.680130005, 222.728866577, 316.055603027, 301.829986572, 120.333587646, 103.831001282, 96.2468719482, 68.7291107178, 33.7629737854, 21.3689079285, 5.10028791428, 2.20583820343, 0.277900993824, 0.0046420567669, 0.000297088990919],
        "mean": [0.240667805076, 1.80834078789, 1.84900200367, 1.15151691437, 1.75029337406, 5.98844146729, 7.18518877029, 5.10920333862, 10.0920705795, 45.3031654358, 49.6479225159, 34.4390563965, 68.8486328125, 48.1027755737, 68.5514221191, 38.9924163818, 38.0200080872, 41.4198913574, 35.6688575745, 36.5379219055, 31.7653045654, 28.3129615784, 19.9860553741, 10.5611000061, 14.2581043243, 7.84292984009, 4.20564603806, 6.63018512726, 6.81144714355, 5.20540142059, 4.37456130981, 3.54606223106, 3.10614442825, 1.68909347057, 0.677265703678, 0.242518216372, 0.0911754146218, 0.00736952386796, 0.000159676535986, 4.20578253397e-05],
        "median": [0.10569114238, 0.539609611034, 0.190629348159, 0.104392759502, 0.210776790977, 1.54843747616, 1.77518296242, 0.721440374851, 2.31631541252, 15.8224163055, 9.96538639069, 5.02145242691, 7.43247556686, 7.74926233292, 8.81621456146, 6.61017036438, 5.66605329514, 6.62723398209, 5.95350170135, 4.91980314255, 7.16234064102, 7.55790042877, 4.28061580658, 3.37995028496, 2.97670078278, 1.72469091415, 1.15239417553, 1.2753136158, 1.82325613499, 1.89700496197, 1.56054210663, 1.60148525238, 1.65773272514, 0.993243217468, 0.317863643169, 0.101167067885, 0.036618039012, 0.00222489540465, 7.2804003139e-05, 3.58802681149e-05],
        "min": [6.93330150625e-07, 5.20863613929e-06, 2.72745055554e-05, 0.000120355158288, 0.000652962713502, 0.00394046865404, 0.00461383070797, 0.0102673880756, 0.0296373218298, 0.0371890589595, 0.021744562313, 0.0160731207579, 0.0183608010411, 0.0235338322818, 0.0436656884849, 0.0223046801984, 0.0206726975739, 0.0102744968608, 0.00663051148877, 0.0126149281859, 0.00941545516253, 0.00685894815251, 0.00619667489082, 0.00257157324813, 0.00264234747738, 0.00139798445161, 0.00086792599177, 0.00039037008537, 0.000799409928732, 0.000427902617957, 0.000311165611492, 0.00024132199178, 6.53649622109e-05, 5.85262896493e-05, 3.06026481667e-06, 3.45718916606e-07, 1.52355170258e-07, 2.43425546387e-08, 1.27981692799e-07, 1.86212645303e-07],
        "var": [0.115492381155, 6.77288150787, 23.7116184235, 38.7250976562, 50.7657928467, 189.306610107, 233.867050171, 460.75378418, 848.629638672, 7046.99365234, 18276.6914062, 12296.7753906, 35645.6210938, 23125.6660156, 31837.2285156, 9280.76757812, 8926.64355469, 11756.4316406, 5616.91064453, 7900.86523438, 5844.90429688, 2718.41821289, 1630.35009766, 342.128875732, 997.588745117, 318.30078125, 171.478088379, 387.08416748, 291.366149902, 106.412597656, 86.1325683594, 58.9087142944, 23.5131587982, 6.50243854523, 2.29543232918, 0.240026280284, 0.036382086575, 0.000406661594752, 1.29936793769e-07, 1.233296687e-09]
    },
    "gfcc": {
        "mean": [-24.8725299835, 58.3742637634, -121.698097229, 13.0670967102, -69.2023468018, 25.6664333344, -43.3585739136, 22.2557544708, -17.1534729004, 7.66948986053, -12.2225704193, 5.0351061821, -9.91038799286],
        "cov": [[5766.74902344, -934.242858887, -577.197509766, 1.72343325615, 214.175384521, 397.829284668, 223.940795898, 589.62512207, 191.134994507, 279.740509033, 116.396469116, 269.229034424, 135.900238037], [-934.242858887, 1339.69665527, 597.980041504, 323.27154541, 438.42376709, 161.601593018, 297.452026367, 69.8439178467, 150.929626465, -43.2175292969, 149.616531372, -65.2931518555, -30.2685489655], [-577.197509766, 597.980041504, 1610.98669434, 769.985046387, 400.797119141, 434.474182129, 355.566040039, 168.432220459, 221.256500244, 202.764297485, 113.507644653, 137.615661621, -42.588432312], [1.72343325615, 323.27154541, 769.985046387, 1127.02612305, 407.801239014, 274.259368896, 209.91204834, 113.893043518, 310.252960205, 154.327163696, 114.692642212, 17.7443294525, 96.8851318359], [214.175384521, 438.42376709, 400.797119141, 407.801239014, 774.455200195, 229.278442383, 234.66835022, 321.069335938, 166.455276489, 161.679321289, 102.028625488, -11.1972780228, 8.60410785675], [397.829284668, 161.601593018, 434.474182129, 274.259368896, 229.278442383, 597.99017334, 457.275360107, 178.367950439, 173.5418396, 178.664962769, 160.43572998, 105.165328979, 59.9605140686], [223.940795898, 297.452026367, 355.566040039, 209.91204834, 234.66835022, 457.275360107, 649.078491211, 239.076187134, 155.685211182, 166.593948364, 190.102920532, 100.01499176, 28.8907737732], [589.62512207, 69.8439178467, 168.432220459, 113.893043518, 321.069335938, 178.367950439, 239.076187134, 427.980255127, 178.760238647, 127.540634155, 124.923484802, 52.5876808167, 44.7327232361], [191.134994507, 150.929626465, 221.256500244, 310.252960205, 166.455276489, 173.5418396, 155.685211182, 178.760238647, 330.090301514, 140.596176147, 111.738822937, 44.2663421631, 43.6692733765], [279.740509033, -43.2175292969, 202.764297485, 154.327163696, 161.679321289, 178.664962769, 166.593948364, 127.540634155, 140.596176147, 258.887878418, 104.589759827, 54.7823944092, 21.3878498077], [116.396469116, 149.616531372, 113.507644653, 114.692642212, 102.028625488, 160.43572998, 190.102920532, 124.923484802, 111.738822937, 104.589759827, 222.92930603, 66.5353012085, 29.7306976318], [269.229034424, -65.2931518555, 137.615661621, 17.7443294525, -11.1972780228, 105.165328979, 100.01499176, 52.5876808167, 44.2663421631, 54.7823944092, 66.5353012085, 202.508804321, 57.3050308228], [135.900238037, -30.2685489655, -42.588432312, 96.8851318359, 8.60410785675, 59.9605140686, 28.8907737732, 44.7327232361, 43.6692733765, 21.3878498077, 29.7306976318, 57.3050308228, 175.366333008]],
        "icov": [[0.00030185552896, 4.49263425253e-05, 0.000325571774738, -0.000228394113947, 8.92182360985e-05, -0.000371672475012, 0.000214402418351, -0.000584942870773, 0.000201986957109, -0.000214357918594, 0.000241868023295, -0.000498405250255, 0.000313374417601], [4.49263425253e-05, 0.00214437139221, -0.00103477982339, 0.000880898907781, -0.00162967224605, 0.000912235816941, -0.0012804545695, 0.00173053133767, -0.00158396991901, 0.00230073090643, -0.00177071115468, 0.00144357501995, -0.000922782346606], [0.000325571774738, -0.00103477982339, 0.00221210997552, -0.00162863417063, 0.00087112915935, -0.00145115132909, 0.0009235360194, -0.00176359969191, 0.00136498920619, -0.00161410844885, 0.00155956181698, -0.00229135318659, 0.00209853868], [-0.000228394113947, 0.000880898907781, -0.00162863417063, 0.00281597115099, -0.00159780529793, 0.000906123954337, -0.000855041842442, 0.00235996651463, -0.00249017286114, 0.00140333210584, -0.00128832319751, 0.00193091761321, -0.0022783849854], [8.92182360985e-05, -0.00162967224605, 0.00087112915935, -0.00159780529793, 0.00385549315251, -0.00116898037959, 0.00118770182598, -0.0034833275713, 0.00202292622998, -0.00246736616828, 0.00159383472055, -0.000648436078336, 0.00138612964656], [-0.000371672475012, 0.000912235816941, -0.00145115132909, 0.000906123954337, -0.00116898037959, 0.00534868100658, -0.00341332727112, 0.0021796845831, -0.00157533714082, 0.000636355602182, -0.00135761639103, 0.0011584822787, -0.0020063794218], [0.000214402418351, -0.0012804545695, 0.0009235360194, -0.000855041842442, 0.00118770182598, -0.00341332727112, 0.00494528096169, -0.00263821263798, 0.00160005444195, -0.00164366839454, 0.000115882103273, -0.00155633559916, 0.00156750180759], [-0.000584942870773, 0.00173053133767, -0.00176359969191, 0.00235996651463, -0.0034833275713, 0.0021796845831, -0.00263821263798, 0.00783697050065, -0.0039060798008, 0.00240000872873, -0.00273617426865, 0.00213002809323, -0.00267110299319], [0.000201986957109, -0.00158396991901, 0.00136498920619, -0.00249017286114, 0.00202292622998, -0.00157533714082, 0.00160005444195, -0.0039060798008, 0.00749452505261, -0.00349138304591, 0.000770110054873, -0.00168581586331, 0.00142933242023], [-0.000214357918594, 0.00230073090643, -0.00161410844885, 0.00140333210584, -0.00246736616828, 0.000636355602182, -0.00164366839454, 0.00240000872873, -0.00349138304591, 0.00890045426786, -0.00332089234143, 0.00150470994413, -0.0011867871508], [0.000241868023295, -0.00177071115468, 0.00155956181698, -0.00128832319751, 0.00159383472055, -0.00135761639103, 0.000115882103273, -0.00273617426865, 0.000770110054873, -0.00332089234143, 0.00898620393127, -0.00299163372256, 0.00132965354715], [-0.000498405250255, 0.00144357501995, -0.00229135318659, 0.00193091761321, -0.000648436078336, 0.0011584822787, -0.00155633559916, 0.00213002809323, -0.00168581586331, 0.00150470994413, -0.00299163372256, 0.009068406187, -0.00385890668258], [0.000313374417601, -0.000922782346606, 0.00209853868, -0.0022783849854, 0.00138612964656, -0.0020063794218, 0.00156750180759, -0.00267110299319, 0.00142933242023, -0.0011867871508, 0.00132965354715, -0.00385890668258, 0.00893410295248]]
    },
    "melbands": {
        "dmean": [0.000757154892199, 0.000798715045676, 0.00033200281905, 0.000274828838883, 0.000233697326621, 0.000116604016512, 0.000170185245224, 0.000476449553389, 0.000371170521248, 0.000228401855566, 0.000369458954083, 0.000191887127585, 0.000199882648303, 0.000140046991874, 0.000107632702566, 6.8254674261e-05, 8.28152915346e-05, 5.26588628418e-05, 6.09490816714e-05, 4.1041203076e-05, 3.02548269246e-05, 2.3355563826e-05, 1.98509696929e-05, 9.60252509685e-06, 6.31125521977e-06, 8.39697986521e-06, 8.1579273683e-06, 3.87172940464e-06, 2.20212291424e-06, 3.96219729737e-06, 4.12673307437e-06, 4.23110986958e-06, 2.73336968348e-06, 2.58402064901e-06, 2.54213409789e-06, 2.04441403184e-06, 2.06064282793e-06, 1.8584477175e-06, 1.55235272814e-06, 1.04838295556e-06],
        "dmean2": [0.00121746642981, 0.00135525537189, 0.000623132975306, 0.000467490637675, 0.000380460813176, 0.000198785695829, 0.000279945699731, 0.000745306373574, 0.000565400579944, 0.000371217989596, 0.000583772431128, 0.000292461307254, 0.000299542763969, 0.000222314032726, 0.000173264590558, 0.000112728193926, 0.00013003811182, 8.22820802568e-05, 9.91611450445e-05, 6.65085535729e-05, 4.59887705802e-05, 3.51825183316e-05, 3.02760981867e-05, 1.45105104821e-05, 9.59639237408e-06, 1.27300372696e-05, 1.23797772176e-05, 6.05295554124e-06, 3.63052959074e-06, 6.77299340168e-06, 6.88268937665e-06, 7.01488761479e-06, 4.3653967623e-06, 4.19689104092e-06, 4.15312388213e-06, 3.35745176017e-06, 3.4293805129e-06, 3.01942191072e-06, 2.45688625e-06, 1.73317812369e-06],
        "dvar": [4.49366598332e-06, 7.3240621532e-06, 2.17729507312e-06, 5.87783176798e-07, 2.56147899336e-07, 1.6117785151e-07, 2.0870115236e-07, 8.27664621283e-07, 8.56231963553e-07, 4.98357167089e-07, 9.82514961834e-07, 2.99293304806e-07, 3.14468422857e-07, 1.63216611782e-07, 1.00131472891e-07, 2.8940492669e-08, 4.26428492517e-08, 1.4241090085e-08, 1.82645649716e-08, 1.29850574737e-08, 5.73124836478e-09, 1.7902554994e-09, 1.3972595303e-09, 4.33325958449e-10, 1.44090669951e-10, 3.95383559226e-10, 3.27787297305e-10, 1.01618137516e-10, 6.2469938944e-11, 1.5529513786e-10, 1.85898657579e-10, 1.52843682155e-10, 2.75533849209e-11, 3.68998442912e-11, 3.88374263305e-11, 2.20464393269e-11, 2.7784148246e-11, 1.37121590124e-11, 6.92704097208e-12, 4.63646308846e-12],
        "dvar2": [1.20385602713e-05, 1.95395205083e-05, 6.27419012744e-06, 1.63354354754e-06, 6.15010321781e-07, 3.98164331727e-07, 5.06822573243e-07, 1.85632609373e-06, 1.79193909844e-06, 1.19076185001e-06, 2.39442169914e-06, 5.98697852183e-07, 7.08636321178e-07, 3.60155524959e-07, 2.43435067659e-07, 7.17040222753e-08, 9.67572830746e-08, 3.37228769354e-08, 4.3254864579e-08, 3.2912382153e-08, 1.12474998204e-08, 3.71976671687e-09, 3.03995006945e-09, 1.00053509922e-09, 3.3452732251e-10, 8.98571494989e-10, 6.91587564994e-10, 2.40473724267e-10, 1.68643779497e-10, 4.06459449431e-10, 4.76537531657e-10, 3.40862893466e-10, 6.74739847328e-11, 8.94858631639e-11, 9.77215183773e-11, 5.55481077802e-11, 7.33391056218e-11, 3.60780710862e-11, 1.7640711808e-11, 1.23061187976e-11],
        "max": [0.0261088274419, 0.0260347463191, 0.0151642514393, 0.00692207878456, 0.00754536734894, 0.00710304174572, 0.00880876369774, 0.0105252387002, 0.0134368482977, 0.0106255654246, 0.0132230613381, 0.00898970942944, 0.00991721078753, 0.0046536102891, 0.00513251591474, 0.00174828409217, 0.00248654233292, 0.0017445909325, 0.00139486195985, 0.00154431699775, 0.00145041348878, 0.00051282037748, 0.000585501838941, 0.000344692234648, 0.000174701723154, 0.000356123287929, 0.000314578501275, 0.000171517021954, 0.000105681989226, 0.000176225585165, 0.000212501821807, 0.000272125995252, 5.12389233336e-05, 6.80978773744e-05, 6.74734692439e-05, 5.42393390788e-05, 5.59822074138e-05, 4.92354811286e-05, 3.69769441022e-05, 2.64000427705e-05],
        "mean": [0.00232915417291, 0.00156169594266, 0.000210173238884, 0.000257584411884, 0.000280078558717, 0.000114368762297, 0.000170132887433, 0.000571378797758, 0.00037198906648, 0.000215454449062, 0.000342080922564, 0.000186447243323, 0.000218866480282, 0.00014381040819, 0.0001004184669, 6.56114207231e-05, 8.03748262115e-05, 5.31342811882e-05, 6.18830454187e-05, 4.15473514295e-05, 3.60871745215e-05, 3.02237331198e-05, 2.4930723157e-05, 1.18601492431e-05, 7.87363114796e-06, 1.01608866316e-05, 9.57097745413e-06, 4.11431574321e-06, 2.14894885175e-06, 3.5316861613e-06, 3.8524244701e-06, 4.20680999014e-06, 3.01163709082e-06, 2.80114409179e-06, 2.58864542957e-06, 2.14508713725e-06, 2.19343041863e-06, 2.21581240112e-06, 1.96568976207e-06, 1.20910317492e-06],
        "median": [0.00164257595316, 0.000226238276809, 1.69288214238e-05, 5.58086576348e-05, 8.53120800457e-05, 1.18627976917e-05, 3.04271889036e-05, 0.000172477826709, 6.10079005128e-05, 1.98760280909e-05, 2.56567163888e-05, 2.12817558349e-05, 2.94727342407e-05, 1.84383789019e-05, 1.14901085908e-05, 9.67053983914e-06, 1.12155166789e-05, 8.07009837445e-06, 6.70139570502e-06, 5.20404637427e-06, 8.41664859763e-06, 8.04031151347e-06, 4.26338010584e-06, 2.36818141275e-06, 2.26094039135e-06, 2.17825709115e-06, 1.61511252372e-06, 8.15166004031e-07, 5.18160106822e-07, 5.90246315824e-07, 7.13421741239e-07, 9.50528715293e-07, 9.5988650628e-07, 1.0025435131e-06, 7.91245611254e-07, 8.25867061849e-07, 9.25458095935e-07, 1.10203552595e-06, 1.13877274543e-06, 6.26311816632e-07],
        "min": [3.20007531585e-09, 3.90048038312e-09, 1.36909594772e-08, 1.30504560047e-07, 1.94630246142e-07, 1.65936555163e-07, 2.35899932477e-07, 2.92563669291e-07, 9.41002014088e-08, 5.73311993435e-08, 7.23612529896e-08, 8.56117807757e-08, 1.15889086771e-07, 6.85035246306e-08, 3.18177377778e-08, 3.43859198892e-08, 1.26862236272e-08, 5.91902260538e-09, 1.84559514338e-08, 8.63365379189e-09, 1.09646842716e-08, 7.95914356644e-09, 3.82549725231e-09, 4.81011408482e-09, 1.37874256456e-09, 1.94672633569e-09, 1.71921576975e-09, 3.67791436195e-10, 3.60421220647e-10, 7.28092169888e-11, 2.60015425857e-10, 1.96009902753e-10, 2.79473166831e-10, 7.22881338122e-11, 7.56390367007e-11, 1.73568215356e-10, 1.39141545508e-10, 3.17515180814e-11, 2.49402256659e-12, 5.09232326446e-12],
