{
"highlevel": {
    "danceability": {
        "all": {
            "danceable": 0.0186497494578,
            "not_danceable": 0.981350243092
        },
        "probability": 0.981350243092,
        "value": "not_danceable"
    },
    "gender": {
        "all": {
            "female": 0.663593888283,
            "male": 0.33640614152
        },
        "probability": 0.663593888283,
        "value": "female"
    },
    "genre_dortmund": {
        "all": {
            "alternative": 0.111613579094,
            "blues": 0.0062652118504,
            "electronic": 0.451400309801,
            "folkcountry": 0.146226659417,
            "funksoulrnb": 0.0226360242814,
            "jazz": 0.0921934768558,
            "pop": 0.0779928192496,
            "raphiphop": 0.0183637645096,
            "rock": 0.0733081549406
        },
        "probability": 0.451400309801,
        "value": "electronic"
    },
    "genre_electronic": {
        "all": {
            "ambient": 0.717095017433,
            "dnb": 0.0234724637121,
            "house": 0.179246544838,
            "techno": 0.0121727995574,
            "trance": 0.0680131614208
        },
        "probability": 0.717095017433,
        "value": "ambient"
    },
    "genre_rosamerica": {
        "all": {
            "cla": 0.106460362673,
            "dan": 0.0585398450494,
            "hip": 0.0673274546862,
            "jaz": 0.0562709718943,
            "pop": 0.178503453732,
            "rhy": 0.428604841232,
            "roc": 0.0715226531029,
            "spe": 0.0327704139054
        },
        "probability": 0.428604841232,
        "value": "rhy"
    },
    "genre_tzanetakis": {
        "all": {
            "blu": 0.0483646765351,
            "cla": 0.128962814808,
            "cou": 0.0773703157902,
            "dis": 0.0773728936911,
            "hip": 0.0552703142166,
            "jaz": 0.128971412778,
            "met": 0.0967392325401,
            "pop": 0.193480178714,
            "reg": 0.0967365056276,
            "roc": 0.0967316403985
        },
        "probability": 0.193480178714,
        "value": "pop"
    },
    "ismir04_rhythm": {
        "all": {
            "ChaChaCha": 0.0153206046671,
            "Jive": 0.00283052376471,
            "Quickstep": 0.00646075094119,
            "Rumba-American": 0.00790920481086,
            "Rumba-International": 0.286434650421,
            "Rumba-Misc": 0.00579444179311,
            "Samba": 0.00316678895615,
            "Tango": 0.00617065979168,
            "VienneseWaltz": 0.515522420406,
            "Waltz": 0.15038998425
        },
        "probability": 0.515522420406,
        "value": "VienneseWaltz"
    },
    "mood_acoustic": {
        "all": {
            "acoustic": 0.126328021288,
            "not_acoustic": 0.873672008514
        },
        "probability": 0.873672008514,
        "value": "not_acoustic"
    },
    "mood_aggressive": {
        "all": {
            "aggressive": 0.0195503160357,
            "not_aggressive": 0.980449676514
        },
        "probability": 0.980449676514,
        "value": "not_aggressive"
    },
    "mood_electronic": {
        "all": {
            "electronic": 0.947079241276,
            "not_electronic": 0.0529207773507
        },
        "probability": 0.947079241276,
        "value": "electronic"
    },
    "mood_happy": {
        "all": {
            "happy": 0.28000575304,
            "not_happy": 0.71999424696
        },
        "probability": 0.71999424696,
        "value": "not_happy"
    },
    "mood_party": {
        "all": {
            "not_party": 0.996601521969,
            "party": 0.00339850573801
        },
        "probability": 0.996601521969,
        "value": "not_party"
    },
    "mood_relaxed": {
        "all": {
            "not_relaxed": 0.0326931662858,
            "relaxed": 0.967306852341
        },
        "probability": 0.967306852341,
        "value": "relaxed"
    },
    "mood_sad": {
        "all": {
            "not_sad": 0.493276357651,
            "sad": 0.506723642349
        },
        "probability": 0.506723642349,
        "value": "sad"
    },
    "moods_mirex": {
        "all": {
            "Cluster1": 0.319536358118,
            "Cluster2": 0.129313975573,
            "Cluster3": 0.450923383236,
            "Cluster4": 0.076383665204,
            "Cluster5": 0.0238426122814
        },
        "probability": 0.450923383236,
        "value": "Cluster3"
    },
    "timbre": {
        "all": {
            "bright": 0.171037092805,
            "dark": 0.828962922096
        },
        "probability": 0.828962922096,
        "value": "dark"
    },
    "tonal_atonal": {
        "all": {
            "atonal": 0.0014740282204,
            "tonal": 0.998525977135
        },
        "probability": 0.998525977135,
        "value": "tonal"
    },
    "voice_instrumental": {
        "all": {
            "instrumental": 0.106330603361,
            "voice": 0.893669366837
        },
        "probability": 0.893669366837,
        "value": "voice"
    }
},
"lowlevel": {
    "average_loudness": 0.963174760342,
    "barkbands_crest": {
        "dmean": 1.78998613358,
        "dmean2": 2.85191035271,
        "dvar": 3.64941596985,
        "dvar2": 8.36414909363,
        "max": 24.0831451416,
        "mean": 10.953250885,
        "median": 10.1850671768,
        "min": 3.16550922394,
        "var": 16.3349552155
    },
    "barkbands_flatness_db": {
        "dmean": 0.0281556900591,
        "dmean2": 0.0378296412528,
        "dvar": 0.000858136918396,
        "dvar2": 0.00156369572505,
        "max": 0.43099424243,
        "mean": 0.243702873588,
        "median": 0.248898029327,
        "min": 0.0584097541869,
        "var": 0.00453909533098
    },
    "barkbands_kurtosis": {
        "dmean": 2.93604779243,
        "dmean2": 4.06831264496,
        "dvar": 11.5344705582,
        "dvar2": 23.9722480774,
        "max": 59.6083183289,
        "mean": 7.20340538025,
        "median": 5.63635063171,
        "min": -1.71945405006,
        "var": 42.2216339111
    },
    "barkbands_skewness": {
        "dmean": 0.458079516888,
        "dmean2": 0.632011771202,
        "dvar": 0.195775657892,
        "dvar2": 0.385818719864,
        "max": 6.287150383,
        "mean": 1.72720599174,
        "median": 1.59017968178,
        "min": -0.4027300179,
        "var": 0.942646026611
    },
    "barkbands_spread": {
        "dmean": 2.70993995667,
        "dmean2": 3.84765315056,
        "dvar": 31.4485263824,
        "dvar2": 60.8741760254,
        "max": 72.7650680542,
        "mean": 8.19102668762,
        "median": 5.6734919548,
        "min": 1.17990732193,
        "var": 68.973487854
    },
    "dissonance": {
        "dmean": 0.0399352908134,
        "dmean2": 0.0641979798675,
        "dvar": 0.00121647689957,
        "dvar2": 0.00297355698422,
        "max": 0.495514690876,
        "mean": 0.388675630093,
        "median": 0.393837213516,
        "min": 0.197573676705,
        "var": 0.00335733219981
    },
    "dynamic_complexity": 1.0716189146,
    "erbbands_crest": {
        "dmean": 1.73163712025,
        "dmean2": 2.62776422501,
        "dvar": 3.06051373482,
        "dvar2": 7.45735883713,
        "max": 20.5464363098,
        "mean": 9.79591560364,
        "median": 9.41740512848,
        "min": 2.77635979652,
        "var": 9.24545097351
    },
    "erbbands_flatness_db": {
        "dmean": 0.0241770781577,
        "dmean2": 0.0294424016029,
        "dvar": 0.000678927346598,
        "dvar2": 0.00113721308298,
        "max": 0.374000191689,
        "mean": 0.227778553963,
        "median": 0.231382131577,
        "min": 0.0842659473419,
        "var": 0.00342787639238
    },
    "erbbands_kurtosis": {
        "dmean": 1.56055140495,
        "dmean2": 2.2368812561,
        "dvar": 2.61459898949,
        "dvar2": 5.73992204666,
        "max": 17.3188533783,
        "mean": 3.66609382629,
        "median": 3.21473884583,
        "min": -1.68584191799,
        "var": 9.35115909576
    },
    "erbbands_skewness": {
        "dmean": 0.338831752539,
        "dmean2": 0.46914178133,
        "dvar": 0.0958845168352,
        "dvar2": 0.194973707199,
        "max": 3.01222777367,
        "mean": 1.30964994431,
        "median": 1.32642424107,
        "min": -0.942500948906,
        "var": 0.435236424208
    },
    "erbbands_spread": {
        "dmean": 6.15163612366,
        "dmean2": 8.00233745575,
        "dvar": 84.6171951294,
        "dvar2": 141.433486938,
        "max": 97.0916671753,
        "mean": 20.8851356506,
        "median": 15.9255390167,
        "min": 4.18819189072,
        "var": 235.16986084
    },
    "hfc": {
        "dmean": 7.66963529587,
        "dmean2": 11.5826320648,
        "dvar": 423.016387939,
        "dvar2": 1019.1963501,
        "max": 322.160217285,
        "mean": 19.3846149445,
        "median": 14.4176454544,
        "min": 3.25028300285,
        "var": 479.096008301
    },
    "melbands_crest": {
        "dmean": 2.19240045547,
        "dmean2": 3.49915742874,
        "dvar": 6.20819854736,
        "dvar2": 14.2299995422,
        "max": 33.0674667358,
        "mean": 12.9652986526,
        "median": 11.5532865524,
        "min": 3.35288143158,
        "var": 26.7154712677
    },
    "melbands_flatness_db": {
        "dmean": 0.0336743369699,
        "dmean2": 0.0407994613051,
        "dvar": 0.00134662038181,
        "dvar2": 0.00242492277175,
        "max": 0.539012908936,
        "mean": 0.311633318663,
        "median": 0.319938123226,
        "min": 0.0642987564206,
        "var": 0.00693224091083
    },
    "melbands_kurtosis": {
        "dmean": 4.57802677155,
        "dmean2": 6.41438341141,
        "dvar": 44.779800415,
        "dvar2": 81.6158218384,
        "max": 129.661514282,
        "mean": 10.584069252,
        "median": 7.21197891235,
        "min": -0.664774417877,
        "var": 121.648139954
    },
    "melbands_skewness": {
        "dmean": 0.514755904675,
        "dmean2": 0.722270071507,
        "dvar": 0.310801327229,
        "dvar2": 0.569649279118,
        "max": 8.60613441467,
        "mean": 1.98049342632,
        "median": 1.74746334553,
        "min": -0.198779344559,
        "var": 1.35809254646
    },
    "melbands_spread": {
        "dmean": 2.68878889084,
        "dmean2": 3.9809987545,
        "dvar": 34.4716682434,
        "dvar2": 73.9867553711,
        "max": 84.6301193237,
        "mean": 8.89265441895,
        "median": 7.10157299042,
        "min": 1.26405572891,
        "var": 64.3356933594
    },
    "pitch_salience": {
        "dmean": 0.0606723986566,
        "dmean2": 0.0961579307914,
        "dvar": 0.00341179873794,
        "dvar2": 0.00759252766147,
        "max": 0.880648374557,
        "mean": 0.593763828278,
        "median": 0.621409952641,
        "min": 0.15913425386,
        "var": 0.020463436842
    },
    "silence_rate_20dB": {
        "dmean": 0,
        "dmean2": 0,
        "dvar": 0,
        "dvar2": 0,
        "max": 1,
        "mean": 1,
        "median": 1,
        "min": 1,
        "var": 0
    },
    "silence_rate_30dB": {
        "dmean": 0.0278637763113,
        "dmean2": 0.0557707212865,
        "dvar": 0.027087630704,
        "dvar2": 0.0557585470378,
        "max": 1,
        "mean": 0.912606358528,
        "median": 1,
        "min": 0,
        "var": 0.0797554329038
    },
    "silence_rate_60dB": {
        "dmean": 0,
        "dmean2": 0,
        "dvar": 0,
        "dvar2": 0,
        "max": 0,
        "mean": 0,
        "median": 0,
        "min": 0,
        "var": 0
    },
    "spectral_centroid": {
        "dmean": 116.91078186,
        "dmean2": 167.033126831,
        "dvar": 61128.421875,
        "dvar2": 127973.375,
        "max": 3176.68066406,
        "mean": 565.413452148,
        "median": 474.446868896,
        "min": 188.869155884,
        "var": 121871.296875
    },
    "spectral_complexity": {
        "dmean": 3.00077390671,
        "dmean2": 4.30983734131,
        "dvar": 20.2423400879,
        "dvar2": 37.3831977844,
        "max": 59,
        "mean": 13.1515855789,
        "median": 10,
        "min": 5,
        "var": 61.1479187012
    },
    "spectral_decrease": {
        "dmean": 3.36788708033e-09,
        "dmean2": 5.44199396657e-09,
        "dvar": 2.61937858272e-17,
        "dvar2": 6.15432632779e-17,
        "max": -2.36028308009e-09,
        "mean": -1.35381963418e-08,
        "median": -1.0416699503e-08,
        "min": -6.57125838188e-08,
        "var": 8.84326418258e-17
    },
    "spectral_energy": {
        "dmean": 0.013234898448,
        "dmean2": 0.0213670171797,
        "dvar": 0.000394741684431,
        "dvar2": 0.000928486173507,
        "max": 0.250412493944,
        "mean": 0.0528545454144,
        "median": 0.0409502908587,
        "min": 0.00920306704938,
        "var": 0.00129708671011
    },
    "spectral_energyband_high": {
        "dmean": 0.000507339776959,
        "dmean2": 0.000738154980354,
        "dvar": 4.23138180849e-06,
        "dvar2": 9.94449510472e-06,
        "max": 0.03472359851,
        "mean": 0.000532614707481,
        "median": 4.09144158766e-05,
        "min": 1.00921624835e-06,
        "var": 4.62518300992e-06
    },
    "spectral_energyband_low": {
        "dmean": 0.0088924523443,
        "dmean2": 0.0142732467502,
        "dvar": 0.000304312794469,
        "dvar2": 0.000688139058184,
        "max": 0.232846468687,
        "mean": 0.0249660219997,
        "median": 0.00990634225309,
        "min": 0.000183848518645,
        "var": 0.00122341979295
    },
    "spectral_energyband_middle_high": {
        "dmean": 0.00147864373866,
        "dmean2": 0.00230825669132,
        "dvar": 3.07211412292e-05,
        "dvar2": 7.44612552808e-05,
        "max": 0.0803725421429,
        "mean": 0.00235748663545,
        "median": 0.00107763055712,
        "min": 9.55325522227e-05,
        "var": 3.41728809872e-05
    },
    "spectral_energyband_middle_low": {
        "dmean": 0.00689288554713,
        "dmean2": 0.0112810870633,
        "dvar": 6.98311123415e-05,
        "dvar2": 0.000173850028659,
        "max": 0.0823531672359,
        "mean": 0.0285483449697,
        "median": 0.0270365960896,
        "min": 0.00540047744289,
        "var": 0.000124176498502
    },
    "spectral_entropy": {
        "dmean": 0.261490494013,
        "dmean2": 0.305332899094,
        "dvar": 0.0862242728472,
        "dvar2": 0.158488824964,
        "max": 8.4629907608,
        "mean": 6.66580200195,
        "median": 6.59479761124,
        "min": 5.29975032806,
        "var": 0.412043571472
    },
    "spectral_flux": {
        "dmean": 0.030097361654,
        "dmean2": 0.0444673933089,
        "dvar": 0.0013721633004,
        "dvar2": 0.00301785697229,
        "max": 0.365553975105,
        "mean": 0.0806188434362,
        "median": 0.0626281052828,
        "min": 0.0156910605729,
        "var": 0.00315220304765
    },
    "spectral_kurtosis": {
        "dmean": 7.34418153763,
        "dmean2": 11.7188119888,
        "dvar": 80.1303863525,
        "dvar2": 183.975097656,
        "max": 87.0305023193,
        "mean": 14.2378692627,
        "median": 10.2267389297,
        "min": 0.0254673957825,
        "var": 179.842971802
    },
    "spectral_rms": {
        "dmean": 0.000854382000398,
        "dmean2": 0.00137699162588,
        "dvar": 1.15377645216e-06,
        "dvar2": 2.68134704129e-06,
        "max": 0.015630254522,
        "mean": 0.00686699198559,
        "median": 0.00632072007284,
        "min": 0.0029964314308,
        "var": 4.40993653683e-06
    },
    "spectral_rolloff": {
        "dmean": 175.598754883,
        "dmean2": 285.367706299,
        "dvar": 352126.78125,
        "dvar2": 758671.6875,
        "max": 8828.61328125,
        "mean": 609.721923828,
        "median": 473.73046875,
        "min": 64.599609375,
        "var": 466966.21875
    },
    "spectral_skewness": {
        "dmean": 0.610205411911,
        "dmean2": 0.91740834713,
        "dvar": 0.394885361195,
        "dvar2": 0.84471398592,
        "max": 7.06446838379,
        "mean": 2.66139674187,
        "median": 2.50715661049,
        "min": 0.553985655308,
        "var": 1.32165002823
    },
    "spectral_spread": {
        "dmean": 638251.25,
        "dmean2": 819706.875,
        "dvar": 569892864000,
        "dvar2": 905482993664,
        "max": 8868363,
        "mean": 3120913.75,
        "median": 2765615.75,
        "min": 865636.3125,
        "var": 2.18239297126e+12
    },
    "spectral_strongpeak": {
        "dmean": 0.377933174372,
        "dmean2": 0.656089365482,
        "dvar": 0.210367143154,
        "dvar2": 0.499595433474,
        "max": 3.71268391609,
        "mean": 1.20256209373,
        "median": 1.19110894203,
        "min": 0.0748514458537,
        "var": 0.506474196911
    },
    "zerocrossingrate": {
        "dmean": 0.00634085340425,
        "dmean2": 0.00705492636189,
        "dvar": 0.000116247363621,
        "dvar2": 0.000134518442792,
        "max": 0.203125,
        "mean": 0.0271043293178,
        "median": 0.0224609375,
        "min": 0.0029296875,
        "var": 0.000428981991718
    },
    "barkbands": {
        "dmean": [0.000413334637415, 0.00593864172697, 0.00360430730507, 0.00263190851547, 0.00164603081066, 0.00276073394343, 0.00177413923666, 0.000743615848478, 0.00095763016725, 0.000398876873078, 0.000213511288166, 0.000232821825193, 0.000176365472726, 0.000218369037611, 0.000308750342811, 0.00017593622033, 0.000119116273709, 7.3167575465e-05, 6.34586322121e-05, 7.59870454203e-05, 0.000127135193907, 0.000140573043609, 7.14297202649e-05, 4.41467709607e-05, 7.93791477918e-05, 3.35800577886e-05, 3.14234527288e-09],
        "dmean2": [0.000592583382968, 0.00955800432712, 0.00582989584655, 0.00467129424214, 0.00289720972069, 0.00378791056573, 0.00275799166411, 0.00125558208674, 0.00135490752291, 0.000591644318774, 0.000353677081876, 0.000390010332922, 0.000285625283141, 0.000385892839404, 0.000496613385621, 0.000281908403849, 0.000195625631022, 0.000122929865029, 0.00010434336582, 0.00012107569637, 0.000189915430383, 0.000224100513151, 0.000110427528853, 6.70278895996e-05, 0.000124732483528, 5.95675883233e-05, 4.97160357327e-09],
        "dvar": [1.538301035e-06, 0.000228560049436, 8.46912371344e-05, 1.68134647538e-05, 7.82634015195e-06, 1.28920073621e-05, 4.89034846396e-06, 1.82846792995e-06, 1.92922266251e-06, 3.39423849027e-07, 3.61261243143e-07, 5.60208150091e-07, 3.18048165582e-07, 1.09675033855e-06, 1.66730728779e-06, 6.86425096319e-07, 2.42263013206e-07, 7.48671808992e-08, 7.57727605105e-08, 7.66120322737e-08, 2.6987606816e-07, 3.88541451457e-07, 8.09032982829e-08, 4.08838474186e-08, 1.74857362367e-07, 3.95544255127e-08, 6.94597192297e-16],
        "dvar2": [2.57139276982e-06, 0.000577016675379, 0.000198185996851, 4.86520330014e-05, 2.27739110414e-05, 2.36684481933e-05, 1.09430266093e-05, 5.16567888553e-06, 4.52629683423e-06, 7.15078158464e-07, 9.16780038551e-07, 1.41995428748e-06, 7.98686414782e-07, 3.16374166687e-06, 4.18189483753e-06, 1.7101059484e-06, 6.4219983642e-07, 1.93437784901e-07, 2.04607417231e-07, 2.00394609351e-07, 5.94563232426e-07, 1.0116635849e-06, 1.99513337407e-07, 9.49272518369e-08, 4.49153702675e-07, 1.08273653154e-07, 7.12124156861e-16],
        "max": [0.0142610548064, 0.217283815145, 0.147751271725, 0.0517801120877, 0.0325078479946, 0.0427914001048, 0.0303847882897, 0.0113825453445, 0.015519968234, 0.00856323726475, 0.00958270858973, 0.0104002496228, 0.00766953639686, 0.0152161661536, 0.0193333532661, 0.0125479381531, 0.00749910296872, 0.00385604589246, 0.00422672880813, 0.00489066308364, 0.00896880961955, 0.0121926711872, 0.00414034212008, 0.00395762175322, 0.00844555161893, 0.00376997818239, 6.79232698531e-07],
        "mean": [0.00051436049398, 0.0129670379683, 0.00822351034731, 0.00471526710317, 0.00386118306778, 0.00854261033237, 0.00690495828167, 0.00117924355436, 0.00246937549673, 0.00102006399538, 0.00031738524558, 0.000303917826386, 0.000229394237977, 0.000221523383516, 0.000339138292475, 0.00019155741029, 0.000133934954647, 8.0387093476e-05, 6.73475005897e-05, 8.30867502373e-05, 0.000137848779559, 0.000135306196171, 7.53906788304e-05, 4.49682629551e-05, 7.28597733541e-05, 2.29393644986e-05, 2.7462152552e-09],
        "median": [2.77820836345e-05, 0.00348551571369, 0.00156306021381, 0.0036093192175, 0.00256119878031, 0.00663469918072, 0.00546908844262, 0.000741846102756, 0.00170475582127, 0.000794667634182, 0.000147969141835, 6.96147908457e-05, 7.41277763154e-05, 2.55062204815e-05, 0.000107639978523, 5.57352905162e-05, 5.03151313751e-05, 2.34789113165e-05, 1.48271865328e-05, 1.25329934235e-05, 1.0598814697e-05, 9.5672576208e-06, 5.91729349253e-06, 3.05237813336e-06, 1.43582042256e-06, 3.58244420795e-08, 7.78162145831e-10],
        "min": [1.13949631952e-08, 1.09117115699e-06, 1.28926585603e-05, 1.06750003397e-05, 0.000184240663657, 5.56637714908e-05, 0.00015205150703, 9.76907995209e-06, 4.42447999376e-05, 1.19323467516e-05, 2.35340257859e-06, 4.03599960919e-06, 2.94811025014e-06, 3.8003193481e-07, 2.16399189412e-06, 2.01081593332e-06, 1.50342464167e-06, 9.49421348651e-07, 7.32501462153e-07, 2.26340105769e-07, 1.73591672592e-07, 1.36133763817e-07, 2.25491287864e-08, 5.51015275074e-11, 2.88811457388e-11, 3.81722119192e-11, 4.8666560365e-11],
        "var": [2.88797468784e-06, 0.000705212238245, 0.000279836996924, 2.81811880996e-05, 1.92633542611e-05, 4.94769592478e-05, 2.53677262663e-05, 1.73435296347e-06, 5.3369408306e-06, 8.89580405783e-07, 4.09727789474e-07, 7.46750345115e-07, 3.5746222693e-07, 8.88298529844e-07, 1.42650287671e-06, 5.9434250943e-07, 1.92394011833e-07, 6.3698045949e-08, 5.92893876217e-08, 6.98354938322e-08, 3.089308791e-07, 3.39059766929e-07, 8.43360865588e-08, 4.23530117644e-08, 1.60519022074e-07, 2.66944866212e-08, 6.94509630266e-16]
    },
    "erbbands": {
        "dmean": [0.202177494764, 1.31418788433, 3.49417376518, 7.56491565704, 5.50653409958, 5.95146942139, 21.3323345184, 14.6079883575, 17.5707817078, 24.2661724091, 24.4376773834, 15.9595403671, 15.6890583038, 8.34264183044, 6.87052440643, 9.60161113739, 8.01556396484, 11.3262023926, 15.3595457077, 11.5400190353, 9.5463809967, 5.99580097198, 3.83060598373, 3.97921133041, 2.78741765022, 3.74371051788, 4.81618022919, 4.6279501915, 5.5569190979, 3.16186690331, 1.91568231583, 1.17325782776, 0.748399555683, 0.990569770336, 0.488880485296, 0.161983847618, 0.0627847090364, 0.00470025232062, 9.54211063799e-05, 1.9562910893e-05],
        "dmean2": [0.317607581615, 2.07977747917, 5.45359754562, 13.2644329071, 9.42277622223, 10.4597988129, 28.5805702209, 21.9232196808, 28.801776886, 39.0201416016, 37.074432373, 23.498878479, 23.7160205841, 13.2057857513, 11.1381254196, 16.4651546478, 12.7357521057, 20.0676727295, 25.8357315063, 17.3963851929, 15.3015680313, 9.8128080368, 6.42216300964, 6.50948858261, 4.50967502594, 5.93284273148, 7.20764398575, 7.02851390839, 8.93919277191, 4.86932182312, 3.00488424301, 1.79736757278, 1.164265275, 1.57852745056, 0.790779352188, 0.278891324997, 0.1140088588, 0.00858384277672, 0.000170465456904, 3.19106620736e-05],
        "dvar": [0.277936249971, 13.2900133133, 84.0547485352, 196.432342529, 98.0178756714, 86.4528579712, 854.0390625, 382.349182129, 515.305358887, 1150.48718262, 1326.7800293, 665.653503418, 523.042297363, 501.658294678, 557.490905762, 922.643859863, 619.255493164, 2557.04760742, 7004.97998047, 1652.14355469, 1850.8416748, 553.360046387, 228.376022339, 233.039306641, 126.683410645, 191.72454834, 338.706390381, 357.736358643, 627.441589355, 166.998519897, 58.3642616272, 28.0108184814, 13.2329263687, 24.5738067627, 6.83598232269, 0.936011254787, 0.134873881936, 0.000723729492165, 2.63523929789e-07, 1.61791946507e-09],
        "dvar2": [0.655497729778, 33.4106903076, 186.460220337, 546.615966797, 259.030273438, 265.882446289, 1520.91821289, 913.273132324, 1554.45629883, 2779.55200195, 3433.75048828, 1741.06542969, 1151.5135498, 1210.2722168, 1432.7833252, 2360.97900391, 1443.66149902, 7545.58886719, 19000.8046875, 3347.09692383, 4584.96728516, 1402.0690918, 597.586364746, 616.485473633, 339.184631348, 487.23916626, 727.222167969, 845.49822998, 1636.8692627, 398.382476807, 150.710861206, 68.7006988525, 30.5717868805, 62.9775505066, 17.222568512, 2.47574019432, 0.375939935446, 0.0019931641873, 7.22538118225e-07, 4.11200673511e-09],
        "max": [5.10178422928, 53.8961448669, 106.630622864, 261.274291992, 115.676376343, 106.009597778, 369.574432373, 176.801574707, 329.309814453, 451.469085693, 455.725006104, 313.363006592, 340.088531494, 326.532897949, 375.771942139, 401.029571533, 360.455383301, 733.661804199, 1236.51721191, 715.516418457, 660.69342041, 390.611206055, 214.059494019, 182.509307861, 178.898635864, 254.260696411, 321.634002686, 279.827850342, 486.593719482, 218.944213867, 122.474494934, 98.4892730713, 71.0278930664, 102.476951599, 47.8075141907, 18.2626476288, 6.15823745728, 0.451581448317, 0.0088777653873, 0.000676451076288],
        "mean": [0.378827273846, 2.91563463211, 8.40247058868, 15.4513111115, 12.5765562057, 13.9962949753, 64.0235366821, 41.6900444031, 59.5798225403, 89.1634674072, 56.9256134033, 40.3028755188, 41.6996612549, 14.7825660706, 9.02799797058, 12.0841636658, 10.8351078033, 12.178273201, 15.037068367, 14.7256803513, 10.6379327774, 7.11188268661, 4.27411699295, 4.24683141708, 3.06896829605, 4.15503311157, 5.35483789444, 4.83780288696, 5.31241750717, 3.22143864632, 2.02079772949, 1.14794313908, 0.777553200722, 0.936405718327, 0.420700192451, 0.118118770421, 0.0405173376203, 0.00294215721078, 8.49506614031e-05, 6.30402355455e-05],
        "median": [0.0674183294177, 0.848715722561, 2.29452395439, 8.96541118622, 7.95040464401, 8.92570877075, 47.145778656, 33.6324958801, 48.365032196, 73.682258606, 39.5504417419, 28.8501377106, 33.7899284363, 8.40808868408, 2.85404658318, 2.64019465446, 3.48439741135, 2.47512125969, 3.62382364273, 5.37205982208, 3.45416760445, 2.53120875359, 1.41887927055, 0.992050051689, 0.651084899902, 0.588575124741, 0.481208503246, 0.388215243816, 0.355892270803, 0.254924714565, 0.162873804569, 0.0807351917028, 0.0463437251747, 0.0237498059869, 0.00484890630469, 0.00060036306968, 7.03228215571e-05, 7.40733867133e-06, 2.22148792091e-05, 4.72219326184e-05],
        "min": [0.000135619251523, 0.00204977067187, 0.0280044898391, 0.24416013062, 0.632731199265, 0.800566256046, 0.771196186543, 0.464836657047, 1.93043780327, 3.48704051971, 2.58883213997, 1.59442842007, 0.916281282902, 0.272763699293, 0.25271487236, 0.264408946037, 0.199326843023, 0.0955867171288, 0.139733344316, 0.235695838928, 0.178703248501, 0.115701235831, 0.0472768954933, 0.0484239831567, 0.02130253613, 0.0110056446865, 0.00918304268271, 0.00674941157922, 0.00416356511414, 0.0022646621801, 0.000638265453745, 0.000237758256844, 2.93152061204e-05, 1.84874916158e-05, 1.40546535476e-05, 9.12643281481e-06, 4.12009103457e-06, 8.31624788589e-07, 4.46225067208e-06, 1.02430185507e-05],
        "var": [0.791629731655, 34.3095626831, 231.178314209, 579.979736328, 194.998321533, 190.263626099, 3299.81640625, 1022.08514404, 1818.97619629, 4020.96630859, 2660.65844727, 1353.87304688, 1355.25976562, 627.372131348, 621.938781738, 1162.48583984, 782.019165039, 2071.27612305, 5022.45263672, 2008.57885742, 1608.42773438, 485.586334229, 186.634231567, 196.138183594, 104.539070129, 182.58883667, 408.559295654, 372.174560547, 550.095825195, 173.447753906, 56.9466400146, 25.46616745, 14.4511442184, 24.6932830811, 5.93115949631, 0.704395771027, 0.0837086364627, 0.000453768589068, 1.71016381501e-07, 2.43091946572e-09]
    },
    "gfcc": {
        "mean": [-32.3838272095, 166.61730957, -106.250411987, 27.7451725006, -72.50756073, -3.63678026199, -37.1355781555, -0.564307570457, -0.199771463871, -7.71879005432, -9.15515136719, -15.2167329788, 0.916916549206],
        "cov": [[3340.16186523, -2097.80517578, 99.3262481689, 646.211608887, -372.476196289, 818.116210938, -73.0898284912, 325.460205078, -402.235931396, 524.194519043, -132.492477417, 370.643951416, -62.9316101074], [-2097.80517578, 1656.57250977, -135.564620972, -344.577484131, 356.952697754, -477.224884033, 178.192199707, -258.759613037, 339.190093994, -428.052307129, 165.849197388, -281.883331299, 71.2668685913], [99.3262481689, -135.564620972, 793.329467773, 106.885887146, 26.815279007, 135.412872314, 57.5308876038, 199.751663208, -60.0378837585, 176.875091553, -72.3173522949, 116.735221863, 5.07745742798], [646.211608887, -344.577484131, 106.885887146, 499.712371826, -87.1401901245, 256.786956787, 74.7276535034, 44.3850517273, 35.1923675537, 47.3024559021, 95.3087844849, 3.79028081894, 41.9061851501], [-372.476196289, 356.952697754, 26.815279007, -87.1401901245, 291.523223877, -55.324382782, 87.5069503784, -9.76998138428, 65.8355484009, -18.5676364899, 15.5318384171, -13.3287038803, -23.1327438354], [818.116210938, -477.224884033, 135.412872314, 256.786956787, -55.324382782, 349.516967773, 53.1742935181, 130.922439575, -75.2209243774, 150.51763916, 9.62140846252, 85.8609161377, 15.7096118927], [-73.0898284912, 178.192199707, 57.5308876038, 74.7276535034, 87.5069503784, 53.1742935181, 182.665679932, 18.1395015717, 85.4478378296, -25.8935699463, 55.8579483032, -3.11647152901, 0.413597971201], [325.460205078, -258.759613037, 199.751663208, 44.3850517273, -9.76998138428, 130.922439575, 18.1395015717, 203.691513062, -35.4677810669, 142.358306885, -40.9479980469, 96.3778686523, 8.72643280029], [-402.235931396, 339.190093994, -60.0378837585, 35.1923675537, 65.8355484009, -75.2209243774, 85.4478378296, -35.4677810669, 173.443649292, -90.3901443481, 81.0933837891, -72.9384460449, 35.2172546387], [524.194519043, -428.052307129, 176.875091553, 47.3024559021, -18.5676364899, 150.51763916, -25.8935699463, 142.358306885, -90.3901443481, 224.609588623, -52.8797607422, 133.967681885, -27.3962249756], [-132.492477417, 165.849197388, -72.3173522949, 95.3087844849, 15.5318384171, 9.62140846252, 55.8579483032, -40.9479980469, 81.0933837891, -52.8797607422, 119.481567383, -31.0915279388, 43.1858444214], [370.643951416, -281.883331299, 116.735221863, 3.79028081894, -13.3287038803, 85.8609161377, -3.11647152901, 96.3778686523, -72.9384460449, 133.967681885, -31.0915279388, 159.97517395, -3.75437498093], [-62.9316101074, 71.2668685913, 5.07745742798, 41.9061851501, -23.1327438354, 15.7096118927, 0.413597971201, 8.72643280029, 35.2172546387, -27.3962249756, 43.1858444214, -3.75437498093, 85.5206832886]],
        "icov": [[0.00278718676418, 0.0027121163439, 0.000836346182041, -0.000972095527686, -0.000467157602543, -0.00224410602823, -0.00125020532869, 0.000533158367034, 0.000894789292943, 0.000519435096066, 0.00102041731589, -0.00128219358157, -0.000318549369695], [0.0027121163439, 0.0102375941351, -0.00183156644925, 0.00404868554324, -0.00521568441764, 0.000739778741263, -0.00410582963377, 0.0016935049789, -0.0021964549087, 0.00657738000154, -0.00567002734169, 0.00335671426728, -0.00408822437748], [0.000836346182041, -0.00183156644925, 0.00324492761865, -0.00297669111751, 0.00117602187674, -0.00041096136556, -0.000919338082895, -0.00147504848428, 0.00252760853618, -0.00326507748105, 0.00414511933923, -0.00158762861975, -0.000293450022582], [-0.000972095527686, 0.00404868554324, -0.00297669111751, 0.0087955808267, -0.00153746665455, -0.00190117012244, -0.000532658188604, 0.00175977218896, -0.00499083474278, 0.00420221267268, -0.00769450608641, 0.00385795137845, -0.00100978009868], [-0.000467157602543, -0.00521568441764, 0.00117602187674, -0.00153746665455, 0.00803299248219, -0.00147679308429, -0.000178984366357, -0.000214470070205, 0.000299065141007, -0.00491975620389, 0.00345440581441, -0.00232969410717, 0.0036072244402], [-0.00224410602823, 0.000739778741263, -0.00041096136556, -0.00190117012244, -0.00147679308429, 0.0142678869888, -0.00596008077264, -0.00296820956282, 0.00598588306457, -0.00361495674588, -0.00361968111247, 0.0056618405506, -0.00554713374004], [-0.00125020532869, -0.00410582963377, -0.000919338082895, -0.000532658188604, -0.000178984366357, -0.00596008077264, 0.0156983993948, -0.001838167198, -0.00716281821951, 0.00435384269804, -0.00118459400255, -0.00599636090919, 0.00865449663252], [0.000533158367034, 0.0016935049789, -0.00147504848428, 0.00175977218896, -0.000214470070205, -0.00296820956282, -0.001838167198, 0.0132387857884, -0.00427062017843, -0.00449425727129, 0.00374747579917, -0.00120845693164, -0.00427492102608], [0.000894789292943, -0.0021964549087, 0.00252760853618, -0.00499083474278, 0.000299065141007, 0.00598588306457, -0.00716281821951, -0.00427062017843, 0.0205217879266, -0.00474048499018, -0.00242179585621, 0.00433034868911, -0.00432032579556], [0.000519435096066, 0.00657738000154, -0.00326507748105, 0.00420221267268, -0.00491975620389, -0.00361495674588, 0.00435384269804, -0.00449425727129, -0.00474048499018, 0.0237560626119, -0.00631061382592, -0.00616594264284, 0.00528495106846], [0.00102041731589, -0.00567002734169, 0.00414511933923, -0.00769450608641, 0.00345440581441, -0.00361968111247, -0.00118459400255, 0.00374747579917, -0.00242179585621, -0.00631061382592, 0.0266166497022, -0.00599990319461, -0.00450560636818], [-0.00128219358157, 0.00335671426728, -0.00158762861975, 0.00385795137845, -0.00232969410717, 0.0056618405506, -0.00599636090919, -0.00120845693164, 0.00433034868911, -0.00616594264284, -0.00599990319461, 0.0193908866495, -0.00693225115538], [-0.000318549369695, -0.00408822437748, -0.000293450022582, -0.00100978009868, 0.0036072244402, -0.00554713374004, 0.00865449663252, -0.00427492102608, -0.00432032579556, 0.00528495106846, -0.00450560636818, -0.00693225115538, 0.0232097972184]]
    },
    "melbands": {
        "dmean": [0.00170075078495, 0.00157261174172, 0.00116661563516, 0.000428876141086, 0.000571808661334, 0.00038524257252, 0.000306832633214, 0.000228080243687, 0.000241101093707, 8.91624658834e-05, 7.67444580561e-05, 3.17182239087e-05, 2.37911190197e-05, 2.34219678532e-05, 2.27383443416e-05, 2.07398625207e-05, 2.08763285627e-05, 2.36339546973e-05, 2.33780137933e-05, 1.17807048809e-05, 1.14923859655e-05, 7.11521579433e-06, 3.62137143384e-06, 3.29821045852e-06, 3.34793639922e-06, 2.32899697039e-06, 2.21419327318e-06, 2.48795527114e-06, 2.6139171041e-06, 3.96258019464e-06, 2.23671213462e-06, 3.17007106787e-06, 2.80138351627e-06, 1.50027153722e-06, 1.16856131172e-06, 8.53469089179e-07, 7.22088316252e-07, 5.38123231308e-07, 6.17566911387e-07, 9.53616734023e-07],
        "dmean2": [0.00275685847737, 0.00241771503352, 0.00203569768928, 0.000746719539165, 0.000780509202741, 0.000566010654438, 0.000484319229145, 0.00036742904922, 0.00034889174276, 0.000132233486511, 0.000115839517093, 5.01575232192e-05, 3.93594636989e-05, 3.80239034712e-05, 3.86840874853e-05, 3.34998403559e-05, 3.73726688849e-05, 4.02393452532e-05, 3.72128233721e-05, 1.78824739123e-05, 1.90740120161e-05, 1.16005103337e-05, 6.01207511863e-06, 5.54909820494e-06, 5.51427319806e-06, 3.87719592254e-06, 3.59694308827e-06, 3.97611711378e-06, 4.0138024815e-06, 6.00533076067e-06, 3.57981889465e-06, 5.18436127095e-06, 4.60495311927e-06, 2.29367174143e-06, 1.83220981853e-06, 1.41128987252e-06, 1.11622625809e-06, 8.44099361075e-07, 1.00672605186e-06, 1.54274778197e-06],
        "dvar": [1.81299201358e-05, 1.51904750965e-05, 4.48669470643e-06, 5.28866223704e-07, 5.80903929404e-07, 2.36585734115e-07, 1.41710060575e-07, 1.07341392663e-07, 1.16746093681e-07, 2.1626409108e-08, 1.24244046162e-08, 7.78697373249e-09, 5.57712942495e-09, 5.8881872711e-09, 4.54045112619e-09, 4.98581398389e-09, 8.63509175275e-09, 1.93470857113e-08, 5.86395154656e-09, 2.53186671628e-09, 2.91925217333e-09, 7.34845961858e-10, 2.13988021747e-10, 1.62427959971e-10, 1.63696986522e-10, 1.14269274598e-10, 7.24006340991e-11, 7.91887944107e-11, 1.02113921485e-10, 2.64922694893e-10, 9.57227908049e-11, 2.08157699411e-10, 1.70740629968e-10, 3.7991089441e-11, 2.14290460376e-11, 1.50908573832e-11, 1.06169587011e-11, 6.54220601304e-12, 1.08831433449e-11, 2.25474586918e-11],
        "dvar2": [4.46027188445e-05, 3.18040765706e-05, 1.20120994325e-05, 1.55287114012e-06, 1.04945729618e-06, 5.25499956439e-07, 3.57883777724e-07, 2.71340155678e-07, 2.86046940801e-07, 5.7610773041e-08, 2.72635372056e-08, 1.87215025704e-08, 1.42092213551e-08, 1.47809231521e-08, 1.12676064035e-08, 1.2854346032e-08, 2.58930175079e-08, 5.29092076818e-08, 1.35608155816e-08, 5.64109248202e-09, 7.44518224849e-09, 1.8693921966e-09, 5.63906810136e-10, 4.22750945361e-10, 4.35630836959e-10, 3.12664949487e-10, 1.93072266508e-10, 2.01182639992e-10, 2.44755327117e-10, 5.61406532373e-10, 2.48312287399e-10, 5.43187994584e-10, 4.50851578293e-10, 8.83742315438e-11, 5.62576304985e-11, 4.12712884701e-11, 2.51163100734e-11, 1.51223096545e-11, 2.840420954e-11, 5.88371434906e-11],
        "max": [0.0532554127276, 0.0500037819147, 0.0371206477284, 0.00878784991801, 0.00957887899131, 0.00477435113862, 0.00501050753519, 0.00451337965205, 0.0046127079986, 0.00178457505535, 0.0016773151001, 0.00127055961639, 0.00120665982831, 0.00118328607641, 0.000766115961596, 0.000990940490738, 0.00137733132578, 0.00204989151098, 0.00113780249376, 0.000851938617416, 0.000791885599028, 0.000437031732872, 0.000210764235817, 0.000166012890986, 0.000145323414472, 0.000176554050995, 0.000152529013576, 0.000143380078953, 0.000176701840246, 0.00030319247162, 0.000167438862263, 0.000276410923107, 0.000234262275626, 0.000115417169582, 7.42200645618e-05, 6.12805597484e-05, 6.06951070949e-05, 5.11269063281e-05, 7.14032794349e-05, 9.44696002989e-05],
        "mean": [0.00352773931809, 0.00431890925393, 0.00252629793249, 0.000941792211961, 0.00175482383929, 0.00113061047159, 0.00114881084301, 0.000798006833065, 0.000559917243663, 0.000231417172472, 0.000198163033929, 5.11023390573e-05, 3.2910349546e-05, 3.0466424505e-05, 2.67980758508e-05, 2.6617968615e-05, 2.11895439861e-05, 2.14808951569e-05, 2.78901334241e-05, 1.39313615364e-05, 1.19895757962e-05, 8.20295826998e-06, 4.1031676119e-06, 3.49035258296e-06, 3.49940000888e-06, 2.37559243033e-06, 2.40270355789e-06, 2.71100202553e-06, 2.77717663266e-06, 4.22367247666e-06, 2.22629296331e-06, 3.06683523377e-06, 2.58541854237e-06, 1.52358143168e-06, 1.20383424473e-06, 8.24960636692e-07, 6.83818655034e-07, 5.49866058464e-07, 5.63412754673e-07, 8.80215964116e-07],
        "median": [0.000925919855945, 0.00140200275928, 0.00149210263044, 0.000589565082919, 0.00133876863401, 0.000916997436434, 0.000934279349167, 0.000654004397802, 0.000379080302082, 0.000168534956174, 0.000156055044499, 2.53596008406e-05, 1.27010762299e-05, 6.05743252891e-06, 6.68716347718e-06, 8.34617276269e-06, 3.24493885273e-06, 3.00052420243e-06, 9.50383491727e-06, 4.03410058425e-06, 3.57100748261e-06, 2.99284079119e-06, 1.42333942676e-06, 9.40479424116e-07, 7.7623838024e-07, 5.0738566415e-07, 4.07503677025e-07, 3.70642339931e-07, 2.7616917464e-07, 2.53435274544e-07, 1.99656028599e-07, 2.11369467706e-07, 1.71068066379e-07, 1.23802564644e-07, 9.8088335676e-08, 6.47889990546e-08, 4.3561954044e-08, 3.0944661944e-08, 2.15933830816e-08, 1.66519491529e-08],
        "min": [2.21617426632e-07, 1.00042361737e-05, 5.82939901506e-05, 3.0021139537e-05, 2.08570891118e-05, 6.44522378934e-06, 3.4904347558e-05, 3.34740070684e-05, 4.72611736768e-06, 9.01880230231e-06, 2.64011350737e-06, 7.36467427487e-07, 5.32520061824e-07, 2.92757505349e-07, 1.67234972537e-07, 3.18065474403e-07, 9.65636530736e-08, 5.970156991e-08, 2.30754253039e-07, 1.41736265391e-07, 1.42521159319e-07, 8.42337257723e-08, 3.28535385563e-08, 4.30143849428e-08, 3.85813869741e-08, 1.45702836463e-08, 7.87228593424e-09, 5.70930502874e-09, 4.90482632287e-09, 4.38181846363e-09, 3.77564912668e-09, 1.84514314938e-09, 1.67298863651e-09, 3.50932422011e-10, 1.81947956701e-10, 1.17066689675e-10, 8.5109838014e-13, 4.14338187241e-13, 5.69033264518e-13, 2.56512584611e-13],
