{
"highlevel": {
    "danceability": {
        "all": {
            "danceable": 0.43543189764,
            "not_danceable": 0.56456810236
        },
        "probability": 0.56456810236,
        "value": "not_danceable"
    },
    "gender": {
        "all": {
            "female": 0.884390890598,
            "male": 0.115609116852
        },
        "probability": 0.884390890598,
        "value": "female"
    },
    "genre_dortmund": {
        "all": {
            "alternative": 0.234005376697,
            "blues": 0.0668896734715,
            "electronic": 0.0902581214905,
            "folkcountry": 0.220063850284,
            "funksoulrnb": 0.0354011245072,
            "jazz": 0.0308187250048,
            "pop": 0.16994073987,
            "raphiphop": 0.00979538075626,
            "rock": 0.142827019095
        },
        "probability": 0.234005376697,
        "value": "alternative"
    },
    "genre_electronic": {
        "all": {
            "ambient": 0.931813716888,
            "dnb": 0.0215532854199,
            "house": 0.0173868928105,
            "techno": 0.00132892699912,
            "trance": 0.0279171913862
        },
        "probability": 0.931813716888,
        "value": "ambient"
    },
    "genre_rosamerica": {
        "all": {
            "cla": 0.113712720573,
            "dan": 0.00583833036944,
            "hip": 0.00659083947539,
            "jaz": 0.0263196453452,
            "pop": 0.671822726727,
            "rhy": 0.123219162226,
            "roc": 0.0422622449696,
            "spe": 0.010234314017
        },
        "probability": 0.671822726727,
        "value": "pop"
    },
    "genre_tzanetakis": {
        "all": {
            "blu": 0.0626613423228,
            "cla": 0.0348169617355,
            "cou": 0.104475811124,
            "dis": 0.0784321576357,
            "hip": 0.15692435205,
            "jaz": 0.313974827528,
            "met": 0.0448166541755,
            "pop": 0.0627359300852,
            "reg": 0.0627360641956,
            "roc": 0.0784258767962
        },
        "probability": 0.313974827528,
        "value": "jaz"
    },
    "ismir04_rhythm": {
        "all": {
            "ChaChaCha": 0.0138956392184,
            "Jive": 0.0056039756164,
            "Quickstep": 0.0344542488456,
            "Rumba-American": 0.0570596493781,
            "Rumba-International": 0.0317780338228,
            "Rumba-Misc": 0.0108105391264,
            "Samba": 0.0126370517537,
            "Tango": 0.0374751649797,
            "VienneseWaltz": 0.591060340405,
            "Waltz": 0.205225393176
        },
        "probability": 0.591060340405,
        "value": "VienneseWaltz"
    },
    "mood_acoustic": {
        "all": {
            "acoustic": 0.967685341835,
            "not_acoustic": 0.0323146432638
        },
        "probability": 0.967685341835,
        "value": "acoustic"
    },
    "mood_aggressive": {
        "all": {
            "aggressive": 1.01381442619e-06,
            "not_aggressive": 0.999998986721
        },
        "probability": 0.999998986721,
        "value": "not_aggressive"
    },
    "mood_electronic": {
        "all": {
            "electronic": 0.177612140775,
            "not_electronic": 0.822387874126
        },
        "probability": 0.822387874126,
        "value": "not_electronic"
    },
    "mood_happy": {
        "all": {
            "happy": 0.741812705994,
            "not_happy": 0.258187323809
        },
        "probability": 0.741812705994,
        "value": "happy"
    },
    "mood_party": {
        "all": {
            "not_party": 0.998970508575,
            "party": 0.00102946325205
        },
        "probability": 0.998970508575,
        "value": "not_party"
    },
    "mood_relaxed": {
        "all": {
            "not_relaxed": 0.294225782156,
            "relaxed": 0.705774247646
        },
        "probability": 0.705774247646,
        "value": "relaxed"
    },
    "mood_sad": {
        "all": {
            "not_sad": 0.0700678899884,
            "sad": 0.929932117462
        },
        "probability": 0.929932117462,
        "value": "sad"
    },
    "moods_mirex": {
        "all": {
            "Cluster1": 0.177915453911,
            "Cluster2": 0.116819657385,
            "Cluster3": 0.517088234425,
            "Cluster4": 0.138792663813,
            "Cluster5": 0.0493840128183
        },
        "probability": 0.517088234425,
        "value": "Cluster3"
    },
    "timbre": {
        "all": {
            "bright": 0.788836538792,
            "dark": 0.211163446307
        },
        "probability": 0.788836538792,
        "value": "bright"
    },
    "tonal_atonal": {
        "all": {
            "atonal": 0.00410150224343,
            "tonal": 0.995898485184
        },
        "probability": 0.995898485184,
        "value": "tonal"
    },
    "voice_instrumental": {
        "all": {
            "instrumental": 0.00102371140383,
            "voice": 0.998976290226
        },
        "probability": 0.998976290226,
        "value": "voice"
    }
},
"lowlevel": {
    "average_loudness": 0.979675829411,
    "barkbands_crest": {
        "dmean": 2.44812035561,
        "dmean2": 3.87759304047,
        "dvar": 4.53548669815,
        "dvar2": 11.4878253937,
        "max": 24.040599823,
        "mean": 11.8222208023,
        "median": 11.3069629669,
        "min": 3.94448423386,
        "var": 17.8410243988
    },
    "barkbands_flatness_db": {
        "dmean": 0.0196310896426,
        "dmean2": 0.0301655977964,
        "dvar": 0.000271017372143,
        "dvar2": 0.000632164184935,
        "max": 0.306570470333,
        "mean": 0.203086152673,
        "median": 0.204513177276,
        "min": 0.0761545747519,
        "var": 0.0010802380275
    },
    "barkbands_kurtosis": {
        "dmean": 1.5319429636,
        "dmean2": 2.43476724625,
        "dvar": 3.54643893242,
        "dvar2": 8.38737106323,
        "max": 23.2463798523,
        "mean": 2.92613744736,
        "median": 2.12508630753,
        "min": -1.48665678501,
        "var": 10.293633461
    },
    "barkbands_skewness": {
        "dmean": 0.360058784485,
        "dmean2": 0.553380906582,
        "dvar": 0.117162004113,
        "dvar2": 0.274932026863,
        "max": 4.33062076569,
        "mean": 0.47499230504,
        "median": 0.280003726482,
        "min": -2.2900788784,
        "var": 1.02091884613
    },
    "barkbands_spread": {
        "dmean": 2.62498259544,
        "dmean2": 4.06545495987,
        "dvar": 14.6984920502,
        "dvar2": 27.5775356293,
        "max": 72.0998153687,
        "mean": 10.596777916,
        "median": 9.01042175293,
        "min": 2.84333109856,
        "var": 51.384765625
    },
    "dissonance": {
        "dmean": 0.0336337797344,
        "dmean2": 0.0571517571807,
        "dvar": 0.000783804105595,
        "dvar2": 0.00227298191749,
        "max": 0.499999791384,
        "mean": 0.430590987206,
        "median": 0.434921145439,
        "min": 0.306968033314,
        "var": 0.00142118055373
    },
    "dynamic_complexity": 1.29133892059,
    "erbbands_crest": {
        "dmean": 3.24274039268,
        "dmean2": 5.21677112579,
        "dvar": 8.68857097626,
        "dvar2": 20.6296615601,
        "max": 29.8703231812,
        "mean": 15.8558959961,
        "median": 15.4851570129,
        "min": 3.920140028,
        "var": 30.8617229462
    },
    "erbbands_flatness_db": {
        "dmean": 0.0206526070833,
        "dmean2": 0.0306605827063,
        "dvar": 0.000339539023116,
        "dvar2": 0.000740155694075,
        "max": 0.356959223747,
        "mean": 0.256683260202,
        "median": 0.264593303204,
        "min": 0.0775441303849,
        "var": 0.00201482698321
    },
    "erbbands_kurtosis": {
        "dmean": 1.66630101204,
        "dmean2": 2.62336421013,
        "dvar": 3.51843214035,
        "dvar2": 8.35426521301,
        "max": 22.9807262421,
        "mean": 2.75034379959,
        "median": 2.19900655746,
        "min": -1.74663841724,
        "var": 8.91774845123
    },
    "erbbands_skewness": {
        "dmean": 0.346043556929,
        "dmean2": 0.541819036007,
        "dvar": 0.0818760618567,
        "dvar2": 0.211244419217,
        "max": 3.08820390701,
        "mean": 0.681675434113,
        "median": 0.673515498638,
        "min": -1.27686846256,
        "var": 0.582883775234
    },
    "erbbands_spread": {
        "dmean": 4.05224132538,
        "dmean2": 6.15587759018,
        "dvar": 42.1294517517,
        "dvar2": 80.8871307373,
        "max": 112.819976807,
        "mean": 16.0359954834,
        "median": 11.6170520782,
        "min": 2.55629992485,
        "var": 187.499725342
    },
    "hfc": {
        "dmean": 6.45153617859,
        "dmean2": 9.59526538849,
        "dvar": 38.952796936,
        "dvar2": 86.7444534302,
        "max": 74.2540130615,
        "mean": 26.8069934845,
        "median": 27.1143760681,
        "min": 3.2213306427,
        "var": 129.885391235
    },
    "melbands_crest": {
        "dmean": 2.87112665176,
        "dmean2": 4.61769866943,
        "dvar": 6.49264478683,
        "dvar2": 16.0449504852,
        "max": 30.8877182007,
        "mean": 13.3403177261,
        "median": 12.4169330597,
        "min": 4.57106542587,
        "var": 24.9465732574
    },
    "melbands_flatness_db": {
        "dmean": 0.0217287261039,
        "dmean2": 0.0330138467252,
        "dvar": 0.000406814855523,
        "dvar2": 0.000899422622751,
        "max": 0.389261364937,
        "mean": 0.252895027399,
        "median": 0.254230380058,
        "min": 0.0997550487518,
        "var": 0.00147738924716
    },
    "melbands_kurtosis": {
        "dmean": 1.98179924488,
        "dmean2": 3.16062760353,
        "dvar": 13.4360589981,
        "dvar2": 30.0699825287,
        "max": 67.1566619873,
        "mean": 4.10004854202,
        "median": 1.68683624268,
        "min": -1.50240385532,
        "var": 39.0288772583
    },
    "melbands_skewness": {
        "dmean": 0.41844445467,
        "dmean2": 0.631729543209,
        "dvar": 0.183885112405,
        "dvar2": 0.409398853779,
        "max": 6.82789230347,
        "mean": 0.764068961143,
        "median": 0.474325507879,
        "min": -1.91545510292,
        "var": 1.41216552258
    },
    "melbands_spread": {
        "dmean": 3.16194319725,
        "dmean2": 4.86707639694,
        "dvar": 11.8586463928,
        "dvar2": 26.1523036957,
        "max": 60.2794914246,
        "mean": 15.8938484192,
        "median": 14.3633508682,
        "min": 2.52431726456,
        "var": 54.6520996094
    },
    "pitch_salience": {
        "dmean": 0.0585649088025,
        "dmean2": 0.0947885885835,
        "dvar": 0.00227890186943,
        "dvar2": 0.0056960163638,
        "max": 0.796711444855,
        "mean": 0.549432933331,
        "median": 0.555146932602,
        "min": 0.228398546576,
        "var": 0.0094550549984
    },
    "silence_rate_20dB": {
        "dmean": 0,
        "dmean2": 0,
        "dvar": 0,
        "dvar2": 0,
        "max": 1,
        "mean": 1,
        "median": 1,
        "min": 1,
        "var": 0
    },
    "silence_rate_30dB": {
        "dmean": 0,
        "dmean2": 0,
        "dvar": 0,
        "dvar2": 0,
        "max": 1,
        "mean": 1,
        "median": 1,
        "min": 1,
        "var": 0
    },
    "silence_rate_60dB": {
        "dmean": 0,
        "dmean2": 0,
        "dvar": 0,
        "dvar2": 0,
        "max": 0,
        "mean": 0,
        "median": 0,
        "min": 0,
        "var": 0
    },
    "spectral_centroid": {
        "dmean": 90.7798614502,
        "dmean2": 140.134429932,
        "dvar": 11734.5351562,
        "dvar2": 26451.9375,
        "max": 2360.91796875,
        "mean": 890.357116699,
        "median": 878.145324707,
        "min": 365.030883789,
        "var": 49468.3398438
    },
    "spectral_complexity": {
        "dmean": 2.27476787567,
        "dmean2": 3.68241667747,
        "dvar": 4.02124118805,
        "dvar2": 9.32128429413,
        "max": 29,
        "mean": 16.6589336395,
        "median": 16,
        "min": 8,
        "var": 12.1412220001
    },
    "spectral_decrease": {
        "dmean": 1.97245064726e-09,
        "dmean2": 2.98739988303e-09,
        "dvar": 3.36893685611e-18,
        "dvar2": 7.11763688093e-18,
        "max": -1.79355807983e-09,
        "mean": -8.88354012574e-09,
        "median": -8.70373995099e-09,
        "min": -2.19283773362e-08,
        "var": 1.065919413e-17
    },
    "spectral_energy": {
        "dmean": 0.00796503573656,
        "dmean2": 0.0120549974963,
        "dvar": 5.50682743778e-05,
        "dvar2": 0.000116660325148,
        "max": 0.0894977897406,
        "mean": 0.0359599888325,
        "median": 0.0353010818362,
        "min": 0.00706148147583,
        "var": 0.000172717438545
    },
    "spectral_energyband_high": {
        "dmean": 8.40840220917e-05,
        "dmean2": 0.000127005274408,
        "dvar": 9.45993434698e-08,
        "dvar2": 1.6432191785e-07,
        "max": 0.00555878505111,
        "mean": 0.000159573042765,
        "median": 6.39115387457e-05,
        "min": 4.66594684667e-07,
        "var": 2.54012547884e-07
    },
    "spectral_energyband_low": {
        "dmean": 0.00113468733616,
        "dmean2": 0.00180575705599,
        "dvar": 3.52780875801e-06,
        "dvar2": 9.06195600692e-06,
        "max": 0.0153844784945,
        "mean": 0.00215877126902,
        "median": 0.00165234401356,
        "min": 0.000140118980198,
        "var": 3.72242857338e-06
    },
    "spectral_energyband_middle_high": {
        "dmean": 0.00444514257833,
        "dmean2": 0.00671603810042,
        "dvar": 3.49024412571e-05,
        "dvar2": 8.42478839331e-05,
        "max": 0.0741988271475,
        "mean": 0.0143968006596,
        "median": 0.0119876386598,
        "min": 0.000578188162763,
        "var": 0.000148314444232
    },
    "spectral_energyband_middle_low": {
        "dmean": 0.00511808507144,
        "dmean2": 0.00775488140061,
        "dvar": 3.61646234524e-05,
        "dvar2": 7.17458096915e-05,
        "max": 0.0825711041689,
        "mean": 0.0196959953755,
        "median": 0.0152365127578,
        "min": 0.00197371118702,
        "var": 0.000170885658008
    },
    "spectral_entropy": {
        "dmean": 0.182131424546,
        "dmean2": 0.270024806261,
        "dvar": 0.0290214084089,
        "dvar2": 0.0611922703683,
        "max": 8.3557882309,
        "mean": 6.79845428467,
        "median": 6.7605547905,
        "min": 5.94000101089,
        "var": 0.126948520541
    },
    "spectral_flux": {
        "dmean": 0.0223932340741,
        "dmean2": 0.0369562357664,
        "dvar": 0.000422407058068,
        "dvar2": 0.00106894143391,
        "max": 0.196729749441,
        "mean": 0.0797205492854,
        "median": 0.074603356421,
        "min": 0.0285252816975,
        "var": 0.000834374281112
    },
    "spectral_kurtosis": {
        "dmean": 5.28744411469,
        "dmean2": 9.07988834381,
        "dvar": 24.5575351715,
        "dvar2": 72.4399337769,
        "max": 41.8901062012,
        "mean": 13.0693473816,
        "median": 11.8652534485,
        "min": -1.04279136658,
        "var": 43.8092384338
    },
    "spectral_rms": {
        "dmean": 0.000659429875668,
        "dmean2": 0.00099373748526,
        "dvar": 3.46306762822e-07,
        "dvar2": 7.12723306151e-07,
        "max": 0.00934424530715,
        "mean": 0.00582003127784,
        "median": 0.00586856715381,
        "min": 0.00262473803014,
        "var": 1.21014375054e-06
    },
    "spectral_rolloff": {
        "dmean": 161.248519897,
        "dmean2": 277.845916748,
        "dvar": 260636.203125,
        "dvar2": 529419,
        "max": 8139.55078125,
        "mean": 1042.56896973,
        "median": 947.4609375,
        "min": 301.46484375,
        "var": 491135.3125
    },
    "spectral_skewness": {
        "dmean": 0.438840031624,
        "dmean2": 0.737515032291,
        "dvar": 0.143438175321,
        "dvar2": 0.413664102554,
        "max": 4.39445114136,
        "mean": 2.55071806908,
        "median": 2.51329803467,
        "min": 0.430724203587,
        "var": 0.354006230831
    },
    "spectral_spread": {
        "dmean": 521126.25,
        "dmean2": 771962.1875,
        "dvar": 836418469888,
        "dvar2": 1.19671514726e+12,
        "max": 23836856,
        "mean": 2737871,
        "median": 2384662.25,
        "min": 1202132.375,
        "var": 2.17251787571e+12
    },
    "spectral_strongpeak": {
        "dmean": 1.00599825382,
        "dmean2": 1.55092096329,
        "dvar": 0.967936635017,
        "dvar2": 2.25919485092,
        "max": 10.0760030746,
        "mean": 3.28277254105,
        "median": 3.328155756,
        "min": 0.0427176095545,
        "var": 3.44645380974
    },
    "zerocrossingrate": {
        "dmean": 0.00426792586222,
        "dmean2": 0.0050806212239,
        "dvar": 5.5426167819e-05,
        "dvar2": 5.65187147004e-05,
        "max": 0.18212890625,
        "mean": 0.0415839664638,
        "median": 0.0400390625,
        "min": 0.0146484375,
        "var": 0.000271343829809
    },
    "barkbands": {
        "dmean": [0.000105048100522, 0.00079426827142, 0.000419940886786, 0.000264556932962, 0.00109215208795, 0.00166925904341, 0.00187028490473, 0.00100163987372, 0.00209499127232, 0.00252268183976, 0.00180322886445, 0.000559985055588, 0.000644454092253, 0.000459823262645, 0.000222132643103, 0.000200410329853, 0.000118329080578, 6.76379713695e-05, 4.95006934216e-05, 2.2965734388e-05, 1.38264813359e-05, 1.70201983565e-05, 1.79892667802e-05, 2.40814606514e-05, 1.72335476236e-05, 3.81303584618e-06, 4.10877198931e-09],
        "dmean2": [0.000156004767632, 0.00133083492983, 0.000776762375608, 0.000480953516671, 0.00174187566154, 0.00273130321875, 0.00279000401497, 0.00150860112626, 0.00315827643499, 0.00375072285533, 0.00278989761136, 0.000893116579391, 0.00103911187034, 0.000722415628843, 0.000337915873388, 0.000321823405102, 0.000185430661077, 0.000109419641376, 7.60345137678e-05, 3.63238323189e-05, 2.12003869819e-05, 2.68675230473e-05, 2.81280936179e-05, 3.61782622349e-05, 2.62725297944e-05, 6.28320913165e-06, 5.18640241864e-09],
        "dvar": [8.28746404835e-09, 1.41302086831e-06, 1.50970845425e-06, 5.11017674398e-07, 3.45221019415e-06, 6.86657631377e-06, 9.57930660661e-06, 6.73842941978e-06, 2.39025885094e-05, 2.219549242e-05, 1.71166720975e-05, 1.94433641809e-06, 1.12153588816e-06, 1.57515694355e-06, 3.08079904698e-07, 1.06551773627e-07, 3.72401878224e-08, 1.05180317789e-08, 4.76193706689e-09, 1.64321189988e-09, 4.3330694588e-09, 5.82497294843e-09, 6.31898977588e-09, 1.00291783767e-08, 6.68249677815e-09, 3.69634794994e-10, 7.78223463454e-15],
        "dvar2": [2.27080718673e-08, 3.98275960833e-06, 4.29900956078e-06, 1.46879335716e-06, 8.17633099359e-06, 1.68967635545e-05, 2.02811243071e-05, 1.41034206536e-05, 4.92403960379e-05, 4.64679360448e-05, 4.42365126219e-05, 5.007886557e-06, 2.8579922855e-06, 4.12452845922e-06, 6.83545124502e-07, 2.30490343256e-07, 7.70005499362e-08, 2.47822899979e-08, 9.74550662391e-09, 4.22941903722e-09, 1.0209424417e-08, 1.23429435561e-08, 1.20829390937e-08, 1.82953989736e-08, 1.46965133396e-08, 8.54299186948e-10, 7.78036607986e-15],
        "max": [0.00122164771892, 0.00696855876595, 0.00959883630276, 0.00529832346365, 0.0277016162872, 0.0402569957078, 0.0606909915805, 0.043586216867, 0.0736800432205, 0.0690282955766, 0.0584785081446, 0.0187678132206, 0.0124450474977, 0.0190219394863, 0.0130398236215, 0.0079730283469, 0.00281272944994, 0.00192875426728, 0.00113245390821, 0.000731508771423, 0.00178095512092, 0.00149356632028, 0.0017487135483, 0.00187547248788, 0.0015247608535, 0.000386814062949, 3.13863711199e-06],
        "mean": [0.000400685094064, 0.00133544334676, 0.000312398653477, 0.000283454050077, 0.00331499986351, 0.00361281447113, 0.00497500784695, 0.00224238936789, 0.00453242147341, 0.00579156400636, 0.00422696024179, 0.00117695215158, 0.00139629037585, 0.000942639366258, 0.00037672687904, 0.000367586850189, 0.000231458849157, 0.000137782582897, 0.000115148868645, 5.3402625781e-05, 2.03154231713e-05, 2.12604845728e-05, 2.61888799287e-05, 3.79518642148e-05, 2.2831487513e-05, 5.33400361746e-06, 3.88995546885e-09],
        "median": [0.000408321386203, 0.000910972419661, 8.37531988509e-05, 0.000111694054794, 0.00247250893153, 0.00183502305299, 0.00302586727776, 0.000633807620034, 0.0011089638574, 0.00108443037607, 0.000525492476299, 0.000250409444561, 0.000462798692752, 0.000136934701004, 0.000183406227734, 0.000203398303711, 0.000132856337586, 8.55152247823e-05, 7.90419799159e-05, 4.11843284382e-05, 8.56595579535e-06, 3.33122375196e-06, 3.93261689169e-06, 8.49825210025e-06, 3.39027087648e-06, 6.81938047364e-07, 5.51731937914e-10],
        "min": [1.15891424457e-07, 6.7007735197e-05, 2.32704860537e-06, 1.26384338728e-06, 0.000192478866666, 2.43999984377e-05, 0.000211998485611, 1.2444341337e-05, 5.96944119025e-06, 2.11650858546e-05, 8.90538649401e-06, 7.3818259807e-06, 6.76707531966e-06, 1.2080720353e-06, 4.61939407614e-06, 4.48241826234e-06, 1.04909995571e-05, 4.70180111733e-06, 2.76246078101e-06, 1.25295218822e-06, 1.05313816334e-07, 1.62925175573e-08, 3.46938255902e-09, 3.32056586672e-08, 5.74773251216e-09, 7.53355988703e-10, 1.40357716769e-11],
        "var": [8.93187319662e-08, 1.72277839283e-06, 8.9188228003e-07, 3.49900403762e-07, 1.01746472865e-05, 2.14595129364e-05, 3.95686911361e-05, 2.04601419682e-05, 8.55795660755e-05, 8.4554660134e-05, 6.55912153888e-05, 6.54779705656e-06, 4.55573535874e-06, 5.73942133997e-06, 4.65314684561e-07, 2.70404825642e-07, 1.01877517977e-07, 2.84825407704e-08, 1.37029774194e-08, 2.75000111571e-09, 4.88994089665e-09, 8.86850948234e-09, 1.41478944116e-08, 2.53202738776e-08, 1.08949604893e-08, 5.9391941365e-10, 7.78721688234e-15]
    },
    "erbbands": {
        "dmean": [0.0206371750683, 0.19397932291, 0.463318496943, 0.75062507391, 1.04313099384, 4.84054803848, 8.78900623322, 15.4887590408, 27.2133712769, 24.23188591, 22.1024971008, 57.7978439331, 34.6956710815, 92.3789749146, 67.1989440918, 26.8179969788, 29.8640213013, 26.741476059, 11.6863288879, 11.2334365845, 10.3026647568, 5.00030040741, 3.63427615166, 3.3452808857, 1.96069729328, 1.17344892025, 0.629997849464, 0.568667590618, 0.569139778614, 0.547928512096, 0.530834317207, 0.542729854584, 0.358718663454, 0.266556560993, 0.0784949734807, 0.0269499626011, 0.00510553084314, 0.000348646775819, 1.08659751277e-05, 9.58706186793e-06],
        "dmean2": [0.0360639467835, 0.316586405039, 0.80882704258, 1.3919750452, 1.69240474701, 7.67400598526, 14.2624254227, 25.4278659821, 40.1101074219, 37.728427887, 32.6543998718, 85.9328079224, 49.5519981384, 137.048568726, 105.924537659, 42.3381538391, 48.4561882019, 41.9798622131, 18.0930614471, 16.3619499207, 16.4470176697, 7.88800144196, 5.78412342072, 5.08359050751, 3.10736274719, 1.85134482384, 0.981140911579, 0.889343500137, 0.894746541977, 0.849970936775, 0.838496983051, 0.823021709919, 0.53031629324, 0.415331333876, 0.115800879896, 0.0439272113144, 0.00789609458297, 0.000562645494938, 1.65726069099e-05, 1.44899504448e-05],
        "dvar": [0.000670089269988, 0.0895736962557, 1.30099785328, 4.80690574646, 2.81071281433, 62.9875984192, 242.235809326, 582.923583984, 2086.94824219, 1632.13684082, 3907.5480957, 19934.4785156, 4162.72705078, 30761.0996094, 20792.5507812, 4154.03125, 2422.50610352, 4690.65332031, 629.769958496, 437.954345703, 343.797729492, 70.6293945312, 30.816608429, 28.5152168274, 5.50816679001, 4.38919210434, 4.86716461182, 7.29382944107, 6.41141605377, 7.10979223251, 5.87273216248, 6.48584890366, 1.90702593327, 1.72352683544, 0.117794036865, 0.0201148148626, 0.000482500327053, 2.35075890487e-06, 1.30035782142e-09, 7.72939767746e-11],
        "dvar2": [0.00210047140718, 0.235453799367, 3.49959111214, 13.858502388, 7.29866313934, 160.244720459, 561.45135498, 1469.2487793, 4397.11376953, 4291.48730469, 6727.43701172, 39875.8007812, 6346.65869141, 68099.8828125, 54235.2734375, 10817.6972656, 6105.34912109, 12459.7822266, 1222.38183594, 926.321350098, 729.129821777, 144.387023926, 72.6304855347, 60.3082695007, 13.4317083359, 10.9882249832, 12.0284519196, 16.0971775055, 13.1793308258, 14.5567464828, 12.4977025986, 12.6391601562, 3.50368189812, 3.97905874252, 0.234927654266, 0.0468711107969, 0.00101145892404, 5.06497781316e-06, 2.52438603354e-09, 1.65981964284e-10],
        "max": [0.189936041832, 1.7076946497, 9.17465686798, 16.4776973724, 21.3578777313, 118.404319763, 345.971679688, 316.223815918, 881.745910645, 514.541931152, 1179.19250488, 2285.28979492, 1728.4407959, 2698.09155273, 1883.74768066, 957.641052246, 638.296447754, 999.843383789, 587.11907959, 429.709991455, 509.154510498, 161.626312256, 86.0054016113, 86.3637390137, 28.7782669067, 31.9090309143, 53.9761619568, 67.2389144897, 41.7073249817, 55.9229278564, 52.8329086304, 47.9521369934, 28.2667427063, 27.2439346313, 7.18858098984, 2.88994431496, 0.419010460377, 0.0323078259826, 0.000729107705411, 0.000104804028524],
        "mean": [0.0481699220836, 0.254452347755, 0.436949789524, 0.7448554039, 2.46410989761, 14.3815870285, 22.4120254517, 31.989692688, 70.7657241821, 63.2854728699, 51.0248374939, 125.684440613, 76.284362793, 231.507949829, 162.238128662, 58.517288208, 68.1246337891, 59.1568603516, 22.8525371552, 21.2744579315, 19.4239463806, 10.9537191391, 7.83281135559, 7.65825748444, 4.85672521591, 2.77210330963, 1.31259775162, 0.758724033833, 0.757848978043, 0.697611093521, 0.759167730808, 0.834105432034, 0.572862029076, 0.356513381004, 0.104932777584, 0.0364764630795, 0.00727454572916, 0.000444890349172, 2.97362894344e-05, 4.28712082794e-05],
        "median": [0.0445164889097, 0.115776330233, 0.12931086123, 0.306610614061, 1.81975889206, 10.5313520432, 13.7271299362, 17.7846298218, 38.9783821106, 43.3591957092, 16.2439556122, 30.0759925842, 36.8747215271, 40.1034049988, 42.3482055664, 21.729095459, 25.7436695099, 13.9579620361, 8.56878852844, 12.0855379105, 11.1715011597, 7.08129262924, 5.20744752884, 4.35972309113, 3.68675279617, 2.10351467133, 0.731720745564, 0.261211901903, 0.122409284115, 0.0555685609579, 0.122128710151, 0.155552715063, 0.143108174205, 0.0572100132704, 0.0153585569933, 0.00326894270256, 0.00120374909602, 7.9818550148e-05, 2.19736703002e-05, 4.20438082074e-05],
        "min": [0.00252793030813, 0.00664166454226, 0.0114082070068, 0.0166465509683, 0.0709289461374, 0.75116944313, 0.606972336769, 1.16571319103, 2.83708143234, 2.17112421989, 0.866098999977, 0.939806580544, 1.275842309, 1.2039577961, 1.83797323704, 1.13037276268, 1.02695643902, 0.692431569099, 0.755756318569, 0.540091514587, 0.903050899506, 0.682269752026, 0.313405394554, 0.140748620033, 0.159786209464, 0.0540917366743, 0.00995233561844, 0.00357744074427, 0.000839380954858, 0.000661507248878, 0.000968364940491, 0.000690675806254, 0.000560278829653, 0.000144587334944, 2.97174156003e-05, 1.09503189378e-05, 2.41791713051e-06, 4.6231974693e-07, 3.38316613124e-06, 7.94232528278e-06],
        "var": [0.00107574299909, 0.122284010053, 0.95264852047, 2.92223668098, 6.00449848175, 198.872406006, 805.880126953, 1566.23950195, 9025.91894531, 4212.828125, 13018.7333984, 70233.7734375, 13525.1171875, 121208.96875, 73635.5859375, 12600.0117188, 9932.13378906, 17077.9882812, 1598.57299805, 903.564086914, 894.426208496, 186.385498047, 82.3682861328, 87.769821167, 16.0358695984, 7.43956184387, 5.59282684326, 8.98385429382, 10.2265119553, 13.1742944717, 11.9023571014, 14.5601167679, 4.9378619194, 2.65815258026, 0.221159562469, 0.0307450201362, 0.000962714781053, 3.70256930182e-06, 2.23950880063e-09, 2.30279698088e-10]
    },
    "gfcc": {
        "mean": [-18.4532375336, 141.327514648, -144.987762451, -5.60345315933, -59.8905754089, 2.16334080696, -39.3422431946, 13.9954938889, -21.5631275177, -2.15693092346, 6.48555183411, -1.29296433926, 6.79597473145],
        "cov": [[791.770812988, -571.90234375, 201.004806519, 124.665679932, -220.620742798, 189.966094971, -114.232391357, 76.7938842773, -28.840045929, 91.5005340576, -145.717178345, 26.7335281372, -100.962608337], [-571.90234375, 821.295593262, -326.405944824, -131.648681641, 344.407501221, -198.260452271, 215.908447266, -126.749443054, 4.0101108551, -134.519454956, 116.022491455, -116.153785706, 98.7876052856], [201.004806519, -326.405944824, 490.592102051, 98.7204818726, -190.79649353, 19.2192420959, -257.880493164, 143.757141113, 22.5297832489, 41.703163147, -111.348358154, 66.8138046265, -99.073097229], [124.665679932, -131.648681641, 98.7204818726, 213.032852173, -32.3012657166, 7.20194196701, -83.5697402954, 24.9280891418, 60.4803581238, 22.7126617432, -49.3674049377, 22.4489269257, -26.9269218445], [-220.620742798, 344.407501221, -190.79649353, -32.3012657166, 291.252624512, -47.260723114, 98.9093399048, -17.9199104309, -8.27083396912, -29.2845249176, 58.6961517334, -55.5260810852, 46.1063957214], [189.966094971, -198.260452271, 19.2192420959, 7.20194196701, -47.260723114, 230.973388672, 46.1996765137, -20.8247280121, -39.1318893433, 24.9993953705, 10.7802829742, 28.5327472687, -10.5245542526], [-114.232391357, 215.908447266, -257.880493164, -83.5697402954, 98.9093399048, 46.1996765137, 285.529418945, -103.757583618, -57.5503349304, -18.3426818848, 73.5487747192, -29.139339447, 60.6713256836], [76.7938842773, -126.749443054, 143.757141113, 24.9280891418, -17.9199104309, -20.8247280121, -103.757583618, 198.586380005, 28.3625259399, 6.30779647827, -7.61849212646, 2.26046657562, -20.4822425842], [-28.840045929, 4.0101108551, 22.5297832489, 60.4803581238, -8.27083396912, -39.1318893433, -57.5503349304, 28.3625259399, 123.113616943, -2.96698498726, -12.2003564835, 15.3029289246, -17.2658500671], [91.5005340576, -134.519454956, 41.703163147, 22.7126617432, -29.2845249176, 24.9993953705, -18.3426818848, 6.30779647827, -2.96698498726, 122.395889282, -15.7463874817, 21.7705631256, -22.6858196259], [-145.717178345, 116.022491455, -111.348358154, -49.3674049377, 58.6961517334, 10.7802829742, 73.5487747192, -7.61849212646, -12.2003564835, -15.7463874817, 150.478546143, 5.6522898674, 42.8030433655], [26.7335281372, -116.153785706, 66.8138046265, 22.4489269257, -55.5260810852, 28.5327472687, -29.139339447, 2.26046657562, 15.3029289246, 21.7705631256, 5.6522898674, 98.775932312, -5.56212425232], [-100.962608337, 98.7876052856, -99.073097229, -26.9269218445, 46.1063957214, -10.5245542526, 60.6713256836, -20.4822425842, -17.2658500671, -22.6858196259, 42.8030433655, -5.56212425232, 97.6896972656]],
        "icov": [[0.00351279927418, 0.00153379503172, 0.000918482837733, -0.00106936413795, 0.000637934950646, -0.00151141791139, -6.40862126602e-05, -0.000990863889456, 0.00114793505054, -0.000197991044843, 0.002015104983, 0.00110414600931, 0.0014211749658], [0.00153379503172, 0.0103526543826, -0.00372159248218, 0.00237075891346, -0.00811102613807, 0.00588306738064, -0.00478644156829, 0.00586137827486, -0.00371974543668, 0.00525704445317, -0.00268194265664, 0.00543058803305, -0.00129341089632], [0.000918482837733, -0.00372159248218, 0.00860671326518, -0.00227929349057, 0.00543616525829, -0.00360644212924, 0.00546427117661, -0.00569017231464, 0.00433841627091, -0.00210024346597, 0.00381963164546, -0.0043120556511, 0.00363204535097], [-0.00106936413795, 0.00237075891346, -0.00227929349057, 0.00760321738198, -0.0032141066622, 0.00153607898392, -0.000599669700023, 0.00262857764028, -0.00459369644523, 0.000870785384905, -0.000369526736904, 0.000859276799019, -0.00151128321886], [0.000637934950646, -0.00811102613807, 0.00543616525829, -0.0032141066622, 0.0126022780314, -0.0051258825697, 0.00367410317995, -0.00658046035096, 0.00416279537603, -0.00447892677039, 0.00263822055422, -0.00256974273361, 0.00172043312341], [-0.00151141791139, 0.00588306738064, -0.00360644212924, 0.00153607898392, -0.0051258825697, 0.010524244979, -0.00479949871078, 0.00475552584976, -0.00163498753682, 0.00317690335214, -0.00392612302676, 0.00169559707865, -0.000948853674345], [-6.40862126602e-05, -0.00478644156829, 0.00546427117661, -0.000599669700023, 0.00367410317995, -0.00479949871078, 0.0106916269287, -0.00187836575788, 0.00400372641161, -0.00264053465798, 0.0011199451983, -0.00260653137229, 0.00032055968768], [-0.000990863889456, 0.00586137827486, -0.00569017231464, 0.00262857764028, -0.00658046035096, 0.00475552584976, -0.00187836575788, 0.0119319427758, -0.00453235674649, 0.00320659927092, -0.00457324739546, 0.00462859775871, -0.00250021414831], [0.00114793505054, -0.00371974543668, 0.00433841627091, -0.00459369644523, 0.00416279537603, -0.00163498753682, 0.00400372641161, -0.00453235674649, 0.0138398371637, -0.00140462140553, 0.0021451190114, -0.00424168305472, 0.00344240432605], [-0.000197991044843, 0.00525704445317, -0.00210024346597, 0.000870785384905, -0.00447892677039, 0.00317690335214, -0.00264053465798, 0.00320659927092, -0.00140462140553, 0.0121006118134, -0.00161251414102, 0.000851265038364, 0.000674490991514], [0.002015104983, -0.00268194265664, 0.00381963164546, -0.000369526736904, 0.00263822055422, -0.00392612302676, 0.0011199451983, -0.00457324739546, 0.0021451190114, -0.00161251414102, 0.012064720504, -0.00382833741605, -0.000255475722952], [0.00110414600931, 0.00543058803305, -0.0043120556511, 0.000859276799019, -0.00256974273361, 0.00169559707865, -0.00260653137229, 0.00462859775871, -0.00424168305472, 0.000851265038364, -0.00382833741605, 0.0166752561927, -0.00242713303305], [0.0014211749658, -0.00129341089632, 0.00363204535097, -0.00151128321886, 0.00172043312341, -0.000948853674345, 0.00032055968768, -0.00250021414831, 0.00344240432605, 0.000674490991514, -0.000255475722952, -0.00242713303305, 0.0153814256191]]
    },
    "melbands": {
        "dmean": [0.000201058137463, 0.000237441519857, 0.000126048413222, 0.000188704856555, 0.00029593045474, 0.000338309910148, 0.000408234976931, 0.000253778300248, 0.000221989976126, 0.000344461790519, 0.00017327661044, 0.000392217101762, 0.000264053262072, 8.25923052616e-05, 6.52818052913e-05, 5.64460242458e-05, 5.55122860533e-05, 1.97193912754e-05, 1.4843889403e-05, 1.53270084411e-05, 1.21184957607e-05, 5.29022736373e-06, 6.7537907853e-06, 2.83457347905e-06, 2.97824590234e-06, 1.86938098068e-06, 8.62635715748e-07, 8.36429421724e-07, 4.79921595797e-07, 3.02709565858e-07, 3.80800827315e-07, 3.60819996104e-07, 2.90471433573e-07, 3.23108935163e-07, 3.28816639694e-07, 3.14812609759e-07, 3.68440026932e-07, 2.7506018796e-07, 2.43174525849e-07, 2.18538730223e-07],
        "dmean2": [0.00034730360494, 0.000378132972401, 0.00023125896405, 0.000296834070468, 0.000477511930512, 0.000551628065296, 0.000597382837441, 0.000395673443563, 0.000331262563122, 0.000512866128702, 0.000248117372394, 0.000582915788982, 0.000411433225963, 0.00013048639812, 0.000102945195977, 9.16194403544e-05, 8.71035008458e-05, 2.97451679216e-05, 2.29911493079e-05, 2.34248309425e-05, 1.93226933334e-05, 8.3479390014e-06, 1.10067767309e-05, 4.55537156085e-06, 4.48212085757e-06, 2.95192194244e-06, 1.37687413826e-06, 1.33588116569e-06, 7.56228757837e-07, 4.66180523517e-07, 5.97612881847e-07, 5.83303688018e-07, 4.45527120974e-07, 5.05706964304e-07, 5.19366096796e-07, 4.8579624945e-07, 5.49810863504e-07, 4.02829385848e-07, 3.74986001361e-07, 3.45759900711e-07],
        "dvar": [8.10179017208e-08, 1.97730742002e-07, 1.24979791849e-07, 8.36177491692e-08, 2.42814422791e-07, 2.77363682244e-07, 4.66182171976e-07, 2.08660210888e-07, 3.46053752764e-07, 6.77308094055e-07, 1.08025560053e-07, 5.90963111335e-07, 3.84469046821e-07, 3.40813421928e-08, 1.13903437793e-08, 1.08075797201e-08, 2.46393607739e-08, 1.78756753844e-09, 2.43841746794e-09, 5.33880051279e-10, 4.2634851205e-10, 9.08123298782e-11, 1.39417255518e-10, 2.61168500021e-11, 2.49942566644e-11, 5.34429618615e-12, 1.55084842537e-12, 2.47478274852e-12, 1.59653800597e-12, 2.83997369892e-12, 2.71576337807e-12, 2.40992360616e-12, 2.74647665721e-12, 2.21002925162e-12, 2.39919325726e-12, 1.93663965073e-12, 2.81760899334e-12, 1.09899036486e-12, 1.06004029339e-12, 1.27153496066e-12],
        "dvar2": [2.44611271683e-07, 4.85914313231e-07, 3.58892577879e-07, 2.06373144351e-07, 5.75759770527e-07, 6.78822857481e-07, 9.64936702985e-07, 5.49967467123e-07, 6.18026319898e-07, 1.34927904583e-06, 1.69875107758e-07, 1.29608667976e-06, 1.00919237411e-06, 8.63169233867e-08, 2.69806399444e-08, 2.97904279023e-08, 6.5258568327e-08, 3.30784377667e-09, 6.25015683653e-09, 1.16198528577e-09, 9.03223329463e-10, 1.77341502594e-10, 3.36849853566e-10, 5.61447104086e-11, 5.25149299047e-11, 1.25104631515e-11, 3.95452550914e-12, 6.1751866641e-12, 3.9776328932e-12, 6.60388670831e-12, 6.1460502486e-12, 5.34083628018e-12, 5.76634269847e-12, 4.4866562722e-12, 5.46328260409e-12, 3.9929231796e-12, 5.42384583427e-12, 2.11275658427e-12, 2.27928830324e-12, 3.02350137114e-12],
        "max": [0.00188144203275, 0.00364412367344, 0.00272483355366, 0.00420558080077, 0.0104230660945, 0.00712197925895, 0.0137775875628, 0.00679472042248, 0.00996920093894, 0.0130143435672, 0.00844198837876, 0.0117937503383, 0.00869704224169, 0.00251638283953, 0.00154259405099, 0.00145288440399, 0.0022840697784, 0.000903871143237, 0.00131560640875, 0.000331511313561, 0.000534159131348, 0.000201265327632, 0.000198671914404, 9.22833714867e-05, 8.38214036776e-05, 3.10420582537e-05, 1.90258379007e-05, 2.25555922952e-05, 2.64358804998e-05, 4.67769568786e-05, 3.43963110936e-05, 2.57892515947e-05, 4.03611920774e-05, 2.85075911961e-05, 3.32912459271e-05, 2.2772608645e-05, 2.88852934318e-05, 2.51837263932e-05, 2.05790274777e-05, 2.26703414228e-05],
        "mean": [0.000424168130849, 0.000279414089164, 0.000139678712003, 0.000572297722101, 0.000834036618471, 0.000711241737008, 0.00107777654193, 0.000635203788988, 0.00049056566786, 0.000730859930627, 0.000367013650248, 0.000963313388638, 0.000622642633971, 0.00017932796618, 0.000132187473355, 0.000125361955725, 0.00011498517415, 3.52891838702e-05, 2.40723857132e-05, 2.84840734821e-05, 2.09450226976e-05, 1.03669608507e-05, 1.15231350719e-05, 5.8024070313e-06, 6.20473838353e-06, 4.32371371062e-06, 2.03439344659e-06, 1.74043259449e-06, 1.0405442481e-06, 3.69635358766e-07, 4.64799057909e-07, 4.68445705337e-07, 3.39618196676e-07, 4.11078303841e-07, 4.43771682512e-07, 4.43342912604e-07, 5.41978806723e-07, 4.23076812694e-07, 3.40637740237e-07, 2.84195863287e-07],
        "median": [0.000365758663975, 9.68722088146e-05, 6.64434628561e-05, 0.000426664133556, 0.000584834371693, 0.000382931524655, 0.000600514700636, 0.00041616789531, 0.000124643425806, 0.00017374525487, 0.000116498158604, 0.000124998638057, 9.51135589276e-05, 4.10550746892e-05, 4.55088920717e-05, 3.90981949749e-05, 1.59564060596e-05, 1.17225254144e-05, 1.25908291011e-05, 1.67994348885e-05, 1.09545944724e-05, 6.27814142717e-06, 6.47608931104e-06, 3.30692637363e-06, 3.18732236337e-06, 2.96347639051e-06, 1.5658773691e-06, 1.26934128275e-06, 4.84746919938e-07, 1.2603774735e-07, 1.24551561953e-07, 7.94020778017e-08, 2.08088639653e-08, 2.62435086995e-08, 6.39363477717e-08, 6.96988990967e-08, 9.9210218707e-08, 1.10315575341e-07, 5.5681717015e-08, 4.04872011472e-08],
        "min": [3.00817846437e-05, 4.72885494673e-06, 3.86563942811e-06, 2.66122005996e-05, 1.74984415935e-05, 1.17811214295e-05, 4.75532797282e-05, 1.02361000245e-05, 2.87152397505e-06, 7.62685886002e-07, 3.41643112733e-06, 2.86366889668e-06, 5.48075058759e-06, 1.26846748572e-06, 1.47165667386e-06, 4.72149423558e-07, 2.06550879511e-07, 5.72610872496e-07, 4.75731184224e-07, 4.53095793773e-07, 5.70465545024e-07, 4.63977841036e-07, 3.64959475974e-07, 1.80906411629e-07, 9.39161921565e-08, 1.00721898377e-07, 4.91512395229e-08, 1.7712384448e-08, 5.21828047439e-09, 1.38174494069e-09, 2.77741246668e-10, 4.62560101333e-10, 2.49382528517e-11, 5.97303109751e-12, 6.86946610706e-11, 6.94924603972e-11, 1.59902840968e-10, 1.97285840442e-10, 2.6329974312e-10, 6.53613968504e-11],
