{
"highlevel": {
    "danceability": {
        "all": {
            "danceable": 0.170062199235,
            "not_danceable": 0.829937815666
        },
        "probability": 0.829937815666,
        "value": "not_danceable"
    },
    "gender": {
        "all": {
            "female": 0.118165045977,
            "male": 0.881834983826
        },
        "probability": 0.881834983826,
        "value": "male"
    },
    "genre_dortmund": {
        "all": {
            "alternative": 0.256835609674,
            "blues": 0.0154437161982,
            "electronic": 0.0166616719216,
            "folkcountry": 0.107983276248,
            "funksoulrnb": 0.00149153394159,
            "jazz": 0.012053264305,
            "pop": 0.0480018444359,
            "raphiphop": 0.00169727718458,
            "rock": 0.53983181715
        },
        "probability": 0.53983181715,
        "value": "rock"
    },
    "genre_electronic": {
        "all": {
            "ambient": 0.310290962458,
            "dnb": 0.0641082376242,
            "house": 0.0191092602909,
            "techno": 0.00652865273878,
            "trance": 0.599962890148
        },
        "probability": 0.599962890148,
        "value": "trance"
    },
    "genre_rosamerica": {
        "all": {
            "cla": 0.00145090359729,
            "dan": 0.0230576582253,
            "hip": 0.00104408874176,
            "jaz": 0.00203983485699,
            "pop": 0.0101733999327,
            "rhy": 0.001135126804,
            "roc": 0.960063278675,
            "spe": 0.00103570381179
        },
        "probability": 0.960063278675,
        "value": "roc"
    },
    "genre_tzanetakis": {
        "all": {
            "blu": 0.0626541376114,
            "cla": 0.0348133966327,
            "cou": 0.0783501937985,
            "dis": 0.104547761381,
            "hip": 0.15693578124,
            "jaz": 0.313987255096,
            "met": 0.044816005975,
            "pop": 0.0627349764109,
            "reg": 0.0627352520823,
            "roc": 0.0784252434969
        },
        "probability": 0.313987255096,
        "value": "jaz"
    },
    "ismir04_rhythm": {
        "all": {
            "ChaChaCha": 0.0111156608909,
            "Jive": 0.907067120075,
            "Quickstep": 0.00370660563931,
            "Rumba-American": 0.00193437479902,
            "Rumba-International": 0.0101839341223,
            "Rumba-Misc": 0.00266858818941,
            "Samba": 0.00799019634724,
            "Tango": 0.00239372323267,
            "VienneseWaltz": 0.051673553884,
            "Waltz": 0.00126626400743
        },
        "probability": 0.907067120075,
        "value": "Jive"
    },
    "mood_acoustic": {
        "all": {
            "acoustic": 0.131643518806,
            "not_acoustic": 0.868356466293
        },
        "probability": 0.868356466293,
        "value": "not_acoustic"
    },
    "mood_aggressive": {
        "all": {
            "aggressive": 0.531910538673,
            "not_aggressive": 0.468089461327
        },
        "probability": 0.531910538673,
        "value": "aggressive"
    },
    "mood_electronic": {
        "all": {
            "electronic": 0.148259520531,
            "not_electronic": 0.851740479469
        },
        "probability": 0.851740479469,
        "value": "not_electronic"
    },
    "mood_happy": {
        "all": {
            "happy": 0.332813173532,
            "not_happy": 0.66718685627
        },
        "probability": 0.66718685627,
        "value": "not_happy"
    },
    "mood_party": {
        "all": {
            "not_party": 0.58626383543,
            "party": 0.413736134768
        },
        "probability": 0.58626383543,
        "value": "not_party"
    },
    "mood_relaxed": {
        "all": {
            "not_relaxed": 0.730186462402,
            "relaxed": 0.2698135674
        },
        "probability": 0.730186462402,
        "value": "not_relaxed"
    },
    "mood_sad": {
        "all": {
            "not_sad": 0.694674432278,
            "sad": 0.305325567722
        },
        "probability": 0.694674432278,
        "value": "not_sad"
    },
    "moods_mirex": {
        "all": {
            "Cluster1": 0.670650184155,
            "Cluster2": 0.0537774823606,
            "Cluster3": 0.0954279601574,
            "Cluster4": 0.0310815032572,
            "Cluster5": 0.149062886834
        },
        "probability": 0.670650184155,
        "value": "Cluster1"
    },
    "timbre": {
        "all": {
            "bright": 0.986152946949,
            "dark": 0.0138470465317
        },
        "probability": 0.986152946949,
        "value": "bright"
    },
    "tonal_atonal": {
        "all": {
            "atonal": 8.11515110399e-06,
            "tonal": 0.999991893768
        },
        "probability": 0.999991893768,
        "value": "tonal"
    },
    "voice_instrumental": {
        "all": {
            "instrumental": 0.00488585978746,
            "voice": 0.995114147663
        },
        "probability": 0.995114147663,
        "value": "voice"
    }
},
"lowlevel": {
    "average_loudness": 0.978184580803,
    "barkbands_crest": {
        "dmean": 2.56455731392,
        "dmean2": 4.18477869034,
        "dvar": 6.83350658417,
        "dvar2": 16.4342556,
        "max": 23.1007118225,
        "mean": 9.08751773834,
        "median": 8.35509586334,
        "min": 2.89842367172,
        "var": 12.8687105179
    },
    "barkbands_flatness_db": {
        "dmean": 0.0184350218624,
        "dmean2": 0.0300706941634,
        "dvar": 0.000340233818861,
        "dvar2": 0.00085610820679,
        "max": 0.227856636047,
        "mean": 0.115196764469,
        "median": 0.109817691147,
        "min": 0.0470650307834,
        "var": 0.000795429281425
    },
    "barkbands_kurtosis": {
        "dmean": 2.35448050499,
        "dmean2": 3.95107579231,
        "dvar": 17.6643066406,
        "dvar2": 46.528049469,
        "max": 33.7334518433,
        "mean": 1.90721273422,
        "median": 0.825223207474,
        "min": -1.88932204247,
        "var": 15.7187376022
    },
    "barkbands_skewness": {
        "dmean": 0.522063851357,
        "dmean2": 0.834596812725,
        "dvar": 0.447700053453,
        "dvar2": 1.08979427814,
        "max": 5.45339679718,
        "mean": 1.39134180546,
        "median": 1.24840593338,
        "min": -1.34580802917,
        "var": 0.675401687622
    },
    "barkbands_spread": {
        "dmean": 6.76668548584,
        "dmean2": 10.6890115738,
        "dvar": 49.1814422607,
        "dvar2": 112.674041748,
        "max": 95.2951660156,
        "mean": 30.3526954651,
        "median": 29.28698349,
        "min": 5.24066162109,
        "var": 141.336990356
    },
    "dissonance": {
        "dmean": 0.0121247656643,
        "dmean2": 0.0203627217561,
        "dvar": 0.000126594124595,
        "dvar2": 0.000339530291967,
        "max": 0.499812215567,
        "mean": 0.47509804368,
        "median": 0.478279858828,
        "min": 0.404172331095,
        "var": 0.000242191046709
    },
    "dynamic_complexity": 1.23761570454,
    "erbbands_crest": {
        "dmean": 2.45072102547,
        "dmean2": 3.93699812889,
        "dvar": 6.27931594849,
        "dvar2": 14.7790622711,
        "max": 27.3025970459,
        "mean": 7.76177406311,
        "median": 6.22264242172,
        "min": 2.51220536232,
        "var": 19.8911800385
    },
    "erbbands_flatness_db": {
        "dmean": 0.0137119842693,
        "dmean2": 0.0203175786883,
        "dvar": 0.000168596103322,
        "dvar2": 0.000302852364257,
        "max": 0.26106607914,
        "mean": 0.127470701933,
        "median": 0.122254215181,
        "min": 0.0590329244733,
        "var": 0.000803145056125
    },
    "erbbands_kurtosis": {
        "dmean": 0.444352418184,
        "dmean2": 0.703096270561,
        "dvar": 0.284681588411,
        "dvar2": 0.626257300377,
        "max": 8.39487171173,
        "mean": -0.495732218027,
        "median": -0.720715045929,
        "min": -1.76521217823,
        "var": 0.884615123272
    },
    "erbbands_skewness": {
        "dmean": 0.296263992786,
        "dmean2": 0.466616809368,
        "dvar": 0.0705206245184,
        "dvar2": 0.167940795422,
        "max": 2.07240152359,
        "mean": 0.050309099257,
        "median": 0.0417958125472,
        "min": -2.19837713242,
        "var": 0.29680532217
    },
    "erbbands_spread": {
        "dmean": 8.17607784271,
        "dmean2": 12.7162008286,
        "dvar": 78.2070617676,
        "dvar2": 183.005401611,
        "max": 109.914802551,
        "mean": 48.2325286865,
        "median": 45.7459487915,
        "min": 10.3932733536,
        "var": 208.705718994
    },
    "hfc": {
        "dmean": 5.92569446564,
        "dmean2": 8.84161949158,
        "dvar": 56.5771255493,
        "dvar2": 116.166343689,
        "max": 182.725280762,
        "mean": 29.2908630371,
        "median": 27.309879303,
        "min": 3.37162446976,
        "var": 185.235046387
    },
    "melbands_crest": {
        "dmean": 3.42131638527,
        "dmean2": 5.64622211456,
        "dvar": 11.7316017151,
        "dvar2": 30.749256134,
        "max": 30.3204593658,
        "mean": 13.2273626328,
        "median": 12.2416400909,
        "min": 5.08431863785,
        "var": 20.5071849823
    },
    "melbands_flatness_db": {
        "dmean": 0.0241909269243,
        "dmean2": 0.0388116054237,
        "dvar": 0.000767598568927,
        "dvar2": 0.00179832708091,
        "max": 0.328410983086,
        "mean": 0.158717498183,
        "median": 0.151880517602,
        "min": 0.0355407185853,
        "var": 0.00162529794034
    },
    "melbands_kurtosis": {
        "dmean": 7.55102920532,
        "dmean2": 12.5052747726,
        "dvar": 184.809448242,
        "dvar2": 481.139282227,
        "max": 113.027305603,
        "mean": 11.3243379593,
        "median": 6.80736351013,
        "min": -1.20261371136,
        "var": 178.419692993
    },
    "melbands_skewness": {
        "dmean": 0.793656647205,
        "dmean2": 1.25409758091,
        "dvar": 1.1309889555,
        "dvar2": 2.75848793983,
        "max": 9.25544834137,
        "mean": 2.73695874214,
        "median": 2.37052989006,
        "min": -0.111900135875,
        "var": 1.81437063217
    },
    "melbands_spread": {
        "dmean": 7.78163003922,
        "dmean2": 12.0570955276,
        "dvar": 67.6563949585,
        "dvar2": 146.836105347,
        "max": 160.901107788,
        "mean": 27.8337230682,
        "median": 26.2272396088,
        "min": 3.1513736248,
        "var": 205.984970093
    },
    "pitch_salience": {
        "dmean": 0.0684605538845,
        "dmean2": 0.115046590567,
        "dvar": 0.00483561959118,
        "dvar2": 0.0139069352299,
        "max": 0.76597738266,
        "mean": 0.547821700573,
        "median": 0.550210773945,
        "min": 0.212385237217,
        "var": 0.00794594176114
    },
    "silence_rate_20dB": {
        "dmean": 0,
        "dmean2": 0,
        "dvar": 0,
        "dvar2": 0,
        "max": 1,
        "mean": 1,
        "median": 1,
        "min": 1,
        "var": 0
    },
    "silence_rate_30dB": {
        "dmean": 0,
        "dmean2": 0,
        "dvar": 0,
        "dvar2": 0,
        "max": 1,
        "mean": 1,
        "median": 1,
        "min": 1,
        "var": 0
    },
    "silence_rate_60dB": {
        "dmean": 0.00154798757285,
        "dmean2": 0.00309837330133,
        "dvar": 0.00154559093062,
        "dvar2": 0.00308877113275,
        "max": 1,
        "mean": 0.00154679035768,
        "median": 0,
        "min": 0,
        "var": 0.00154439744074
    },
    "spectral_centroid": {
        "dmean": 296.324798584,
        "dmean2": 476.800109863,
        "dvar": 83418.09375,
        "dvar2": 202823.8125,
        "max": 3904.96923828,
        "mean": 1692.57885742,
        "median": 1664.17492676,
        "min": 494.744293213,
        "var": 221043.796875
    },
    "spectral_complexity": {
        "dmean": 4.16718244553,
        "dmean2": 6.69171190262,
        "dvar": 13.0463428497,
        "dvar2": 31.0885677338,
        "max": 55,
        "mean": 30.5143070221,
        "median": 31,
        "min": 7,
        "var": 59.6154708862
    },
    "spectral_decrease": {
        "dmean": 3.25378946009e-09,
        "dmean2": 5.39548627998e-09,
        "dvar": 2.5511623211e-17,
        "dvar2": 6.39620055635e-17,
        "max": -6.08096795141e-10,
        "mean": -8.80689654537e-09,
        "median": -7.46582351496e-09,
        "min": -3.37755281521e-08,
        "var": 2.604370714e-17
    },
    "spectral_energy": {
        "dmean": 0.0125549715012,
        "dmean2": 0.0208136271685,
        "dvar": 0.000371413741959,
        "dvar2": 0.000929140020162,
        "max": 0.129379570484,
        "mean": 0.0358960665762,
        "median": 0.0307124573737,
        "min": 0.00269809807651,
        "var": 0.000382926664315
    },
    "spectral_energyband_high": {
        "dmean": 0.000459737580968,
        "dmean2": 0.000682613870595,
        "dvar": 6.80170501255e-07,
        "dvar2": 1.27225177948e-06,
        "max": 0.0233216527849,
        "mean": 0.00158224557526,
        "median": 0.00124644418247,
        "min": 0.000157171394676,
        "var": 2.2008941869e-06
    },
    "spectral_energyband_low": {
        "dmean": 0.00692755961791,
        "dmean2": 0.0112724341452,
        "dvar": 0.000234716499108,
        "dvar2": 0.00058867665939,
        "max": 0.120370298624,
        "mean": 0.0131745263934,
        "median": 0.00998290069401,
        "min": 8.12475900602e-06,
        "var": 0.000227718628594
    },
    "spectral_energyband_middle_high": {
        "dmean": 0.00158807868138,
        "dmean2": 0.00248293229379,
        "dvar": 2.69335578196e-06,
        "dvar2": 6.07026458965e-06,
        "max": 0.0243705976754,
        "mean": 0.00642383238301,
        "median": 0.00565016129985,
        "min": 0.000828402349725,
        "var": 1.23305326269e-05
    },
    "spectral_energyband_middle_low": {
        "dmean": 0.00824645906687,
        "dmean2": 0.0139796910807,
        "dvar": 0.00022470978729,
        "dvar2": 0.000576558988541,
        "max": 0.107114180923,
        "mean": 0.0168082118034,
        "median": 0.0129078924656,
        "min": 0.000667400949169,
        "var": 0.000224142437219
    },
    "spectral_entropy": {
        "dmean": 0.0996641889215,
        "dmean2": 0.155899181962,
        "dvar": 0.00865172874182,
        "dvar2": 0.0201729461551,
        "max": 8.65300273895,
        "mean": 7.86283111572,
        "median": 7.86311769485,
        "min": 7.11526966095,
        "var": 0.0348321087658
    },
    "spectral_flux": {
        "dmean": 0.030700718984,
        "dmean2": 0.0494465827942,
        "dvar": 0.00154176505748,
        "dvar2": 0.00323455780745,
        "max": 0.299105525017,
        "mean": 0.0986222401261,
        "median": 0.0831442475319,
        "min": 0.0313008278608,
        "var": 0.00244998303242
    },
    "spectral_kurtosis": {
        "dmean": 0.80048596859,
        "dmean2": 1.30234503746,
        "dvar": 0.55047160387,
        "dvar2": 1.46185433865,
        "max": 9.25397586823,
        "mean": 2.84933209419,
        "median": 2.81393480301,
        "min": -0.562392711639,
        "var": 1.68599796295
    },
    "spectral_rms": {
        "dmean": 0.000920244434383,
        "dmean2": 0.00149762246292,
        "dvar": 1.49542950112e-06,
        "dvar2": 3.55049201062e-06,
        "max": 0.011234943755,
        "mean": 0.00575013412163,
        "median": 0.00547388102859,
        "min": 0.00162243354134,
        "var": 1.95649295165e-06
    },
    "spectral_rolloff": {
        "dmean": 636.846862793,
        "dmean2": 1038.09753418,
        "dvar": 549408,
        "dvar2": 1173912.25,
        "max": 9776.07421875,
        "mean": 1726.4510498,
        "median": 1550.390625,
        "min": 86.1328125,
        "var": 1422911.5
    },
    "spectral_skewness": {
        "dmean": 0.14201335609,
        "dmean2": 0.217164993286,
        "dvar": 0.0148134734482,
        "dvar2": 0.0309291277081,
        "max": 2.40738773346,
        "mean": 1.189868927,
        "median": 1.16982257366,
        "min": 0.250475049019,
        "var": 0.0716700553894
    },
    "spectral_spread": {
        "dmean": 452271.6875,
        "dmean2": 674286.5,
        "dvar": 228982456320,
        "dvar2": 416285294592,
        "max": 9777790,
        "mean": 4702605.5,
        "median": 4613028.5,
        "min": 2748626.5,
        "var": 922120945664
    },
    "spectral_strongpeak": {
        "dmean": 0.530682086945,
        "dmean2": 0.905886054039,
        "dvar": 0.523754239082,
        "dvar2": 1.24037659168,
        "max": 5.75650215149,
        "mean": 1.00112104416,
        "median": 0.503675758839,
        "min": 0.0366987511516,
        "var": 1.15528285503
    },
    "zerocrossingrate": {
        "dmean": 0.0106038665399,
        "dmean2": 0.0128042399883,
        "dvar": 0.000107940068119,
        "dvar2": 0.000137167051435,
        "max": 0.25732421875,
        "mean": 0.0721647962928,
        "median": 0.06884765625,
        "min": 0.01513671875,
        "var": 0.000704627193045
    },
    "barkbands": {
        "dmean": [0.000138186544064, 0.00487020844594, 0.00217075273395, 0.00393595499918, 0.00330449524336, 0.000676016497891, 0.00164068909362, 0.00111486588139, 0.000667144253384, 0.000461655552499, 0.000525375653524, 0.000306228728732, 0.000253046047874, 0.00024541511084, 0.000320327642839, 0.000234730352531, 0.000278681574855, 0.000385477556847, 0.000213802893995, 0.000222514107008, 0.000141100463225, 0.000132056593429, 0.00011156086839, 7.35602880013e-05, 5.54542966711e-05, 5.2674618928e-05, 4.68472229898e-08],
        "dmean2": [0.000230041798204, 0.00813879072666, 0.00374945811927, 0.00694711180404, 0.00559926964343, 0.00107327732258, 0.00258894916624, 0.00175357528497, 0.001024317462, 0.000686786894221, 0.000807532400358, 0.000507958466187, 0.000394994334783, 0.000411076151067, 0.000523528142367, 0.000388995744288, 0.000448640756076, 0.000637041055597, 0.000358585879439, 0.000369492336176, 0.000233281287365, 0.000203085786779, 0.000173562031705, 0.00010936052422, 8.10509445728e-05, 7.65415170463e-05, 8.56339710253e-08],
        "dvar": [1.36368257131e-07, 0.000142138509545, 2.01803413802e-05, 7.91449419921e-05, 5.17029620823e-05, 7.50321760279e-07, 7.5891139204e-06, 5.68055611438e-06, 3.47219588548e-06, 6.65256720822e-07, 1.19235585316e-06, 1.75277790504e-07, 1.52264846065e-07, 1.41937775311e-07, 1.76909352945e-07, 8.52686810049e-08, 1.1787383869e-07, 1.79063960104e-07, 4.97262035992e-08, 5.70603191363e-08, 3.00864577696e-08, 6.70437074746e-08, 7.42238555063e-08, 4.06905833472e-08, 2.1707148079e-08, 1.11500169098e-08, 3.42668398539e-14],
        "dvar2": [3.14489369657e-07, 0.000357573415386, 5.7840217778e-05, 0.000213112143683, 0.000134791524033, 1.80416316198e-06, 1.7446514903e-05, 1.14039003165e-05, 6.85432496539e-06, 1.32218337967e-06, 2.62979779109e-06, 4.23371460556e-07, 3.07850541503e-07, 3.77606994562e-07, 4.27222914823e-07, 2.10723001715e-07, 2.89180718482e-07, 4.46197020665e-07, 1.2318349718e-07, 1.54376380124e-07, 7.87622838061e-08, 1.420208946e-07, 1.64401583902e-07, 7.76503767952e-08, 4.40251177736e-08, 2.36516140006e-08, 9.76082143713e-14],
        "max": [0.00371324876323, 0.100808769464, 0.0428014174104, 0.0567496269941, 0.0503475777805, 0.01123386994, 0.0280479919165, 0.04649913311, 0.0442018546164, 0.0117314951494, 0.0207378491759, 0.00753434607759, 0.0110029717907, 0.00597431370988, 0.00663450080901, 0.00423271115869, 0.00683706253767, 0.00495088472962, 0.00310072884895, 0.00285805342719, 0.00242560147308, 0.00718273920938, 0.00583117455244, 0.0060092927888, 0.0030825920403, 0.0014139622217, 2.7250716812e-06],
        "mean": [0.00016914466687, 0.00738857733086, 0.00365282269195, 0.00424575572833, 0.00471708504483, 0.00132081622723, 0.00288828345947, 0.00202250760049, 0.00137234153226, 0.000872066477314, 0.000990786822513, 0.000515607360285, 0.000469625229016, 0.000444712553872, 0.000625563843641, 0.000477614841657, 0.000545787275769, 0.000805600895546, 0.000508161727339, 0.000544015725609, 0.000366678228602, 0.000323973683408, 0.000259110733168, 0.000166351994267, 0.000118685085909, 8.43643647386e-05, 2.98558688883e-08],
        "median": [2.21675509238e-05, 0.00468880590051, 0.00198466121219, 0.0019086280372, 0.00256941001862, 0.00091218680609, 0.0010733937379, 0.000702692545019, 0.00047183415154, 0.000370987545466, 0.000273134559393, 0.000383874954423, 0.000342681829352, 0.000305505905999, 0.000506220560055, 0.000372859474737, 0.0004090264556, 0.000645954802167, 0.00045090506319, 0.000440023286501, 0.000293097284157, 0.000212492130231, 0.000170158513356, 9.74426438916e-05, 7.0179674367e-05, 2.7344440241e-05, 1.09106168544e-09],
        "min": [1.7644264716e-08, 1.49362028878e-06, 3.81428662877e-06, 2.19084586206e-06, 1.96861510631e-05, 3.65258056263e-05, 1.95484444703e-05, 1.39902822411e-05, 1.78989321284e-05, 1.23638747027e-05, 1.3421247786e-05, 1.35379314088e-05, 7.91757702245e-06, 2.50698831223e-05, 1.58573475346e-05, 1.30142134367e-05, 2.69270040008e-05, 2.83627650788e-05, 2.69988468062e-05, 5.83607907174e-05, 4.51456544397e-05, 9.64420178207e-06, 3.71858664039e-06, 1.1948880001e-06, 3.11318160584e-07, 5.06052533211e-09, 6.72567427099e-12],
        "var": [1.78357723257e-07, 0.000136969130835, 2.03534327738e-05, 6.08328846283e-05, 4.77045614389e-05, 1.78241577942e-06, 1.90491991816e-05, 1.71683004737e-05, 1.20465729196e-05, 2.14063197745e-06, 5.12811084263e-06, 2.6999845204e-07, 4.05118839808e-07, 2.44226811219e-07, 3.04406967189e-07, 1.61411605859e-07, 2.24364157475e-07, 3.62345559779e-07, 1.04981097593e-07, 1.37928651611e-07, 7.16152399605e-08, 1.69989490928e-07, 1.49718786702e-07, 1.02789392997e-07, 4.7383263535e-08, 2.01748324713e-08, 1.99981615875e-14]
    },
    "erbbands": {
        "dmean": [0.146649464965, 1.11145913601, 2.25753092766, 7.2833313942, 16.615447998, 7.99151325226, 7.24876928329, 4.38293123245, 14.667547226, 30.0454654694, 24.3526668549, 16.6553668976, 12.4556379318, 16.8664493561, 17.0284919739, 14.0501413345, 11.5540056229, 12.0753316879, 14.5736551285, 15.5346879959, 12.519739151, 13.9050102234, 17.9326763153, 14.5824298859, 10.1023197174, 11.7392215729, 5.84680891037, 5.68758916855, 4.92723751068, 4.23545074463, 3.05491113663, 1.83454632759, 1.16406321526, 0.698525428772, 0.396468162537, 0.226124182343, 0.109993688762, 0.0107676079497, 0.000193120678887, 2.08091205423e-05],
        "dmean2": [0.254626125097, 1.86148679256, 3.93603110313, 12.819858551, 28.6710281372, 13.3987102509, 11.5654907227, 7.07077169418, 22.6733932495, 48.7377204895, 37.9143829346, 24.8021354675, 19.1496047974, 24.7625427246, 26.4897575378, 23.2865562439, 18.0831184387, 19.8380908966, 23.9580421448, 25.8532867432, 20.7695713043, 22.0169563293, 29.4518127441, 24.2076396942, 16.8346729279, 19.5999717712, 9.88471412659, 9.41964530945, 7.59613800049, 6.64415359497, 4.75187683105, 2.76102900505, 1.73249673843, 1.05371189117, 0.600270211697, 0.346246391535, 0.156230807304, 0.0161913894117, 0.000286572350888, 3.25303626596e-05],
        "dvar": [0.155884161592, 7.04318475723, 24.0909633636, 176.447265625, 1872.45996094, 243.405410767, 100.344451904, 42.2363204956, 645.956787109, 3791.96020508, 3850.02368164, 2517.76171875, 477.835144043, 853.672485352, 1513.13891602, 305.554870605, 351.261749268, 326.092803955, 380.060882568, 522.928955078, 277.250915527, 266.615600586, 402.289398193, 237.66053772, 123.316551208, 161.677886963, 42.3894767761, 66.8048477173, 91.9864044189, 96.8059997559, 56.5446662903, 21.3562259674, 11.0353078842, 3.97249531746, 0.977632701397, 0.208463206887, 0.0505946651101, 0.000552904151846, 1.53795710389e-07, 6.67600696946e-10],
        "dvar2": [0.405342280865, 18.0851821899, 68.0826721191, 481.567443848, 4895.72998047, 663.027526855, 239.682632446, 98.0614624023, 1354.35217285, 9287.80273438, 7306.00390625, 4746.68701172, 1020.36047363, 1698.05944824, 3252.80297852, 790.120361328, 725.67010498, 846.142883301, 972.78918457, 1192.77636719, 702.940002441, 626.381408691, 1003.58435059, 633.076721191, 324.158203125, 429.975982666, 117.111602783, 164.546264648, 209.929977417, 214.646453857, 122.753883362, 44.4282531738, 18.776424408, 8.0526676178, 2.30137872696, 0.479639023542, 0.103649586439, 0.00119877408724, 3.28703293917e-07, 1.57286184077e-09],
        "max": [3.09568691254, 22.7190570831, 39.8932495117, 87.8187026978, 299.277526855, 168.487869263, 126.722511292, 109.467544556, 321.67755127, 774.982543945, 1254.21960449, 1178.5291748, 495.932922363, 427.640716553, 683.60369873, 199.163253784, 498.959686279, 377.557891846, 252.714630127, 599.720458984, 284.683837891, 206.340438843, 239.677322388, 240.052536011, 135.521759033, 154.471832275, 87.6552429199, 128.883575439, 259.16293335, 275.836456299, 160.511566162, 122.372428894, 99.6175003052, 48.5641899109, 23.8188343048, 6.97018241882, 2.73592209816, 0.171617999673, 0.00312043866143, 0.00023032502213],
        "mean": [0.175423294306, 1.7811384201, 4.03727436066, 10.0031795502, 17.535326004, 13.1864881516, 14.7820444107, 8.40382766724, 26.4494361877, 53.11277771, 46.905960083, 33.4999885559, 25.4786586761, 35.4684448242, 33.9383201599, 24.6103115082, 22.9253139496, 24.8103637695, 27.4312820435, 31.5380687714, 27.0390148163, 29.847278595, 40.131439209, 34.2395248413, 24.7285003662, 27.9863967896, 16.1955699921, 14.4712543488, 11.884888649, 9.67321681976, 6.89192771912, 4.05139303207, 2.5747563839, 1.40504777431, 0.810075521469, 0.399116247892, 0.165670007467, 0.0129794925451, 0.000267861061729, 5.67523384234e-05],
        "median": [0.0822166949511, 1.20399951935, 2.60515737534, 6.12687206268, 6.37760877609, 6.71682071686, 9.48267555237, 6.15974521637, 12.3982391357, 20.192155838, 17.7628707886, 11.8514919281, 14.3682556152, 14.1046619415, 13.2796382904, 18.6795864105, 17.0982704163, 17.9285297394, 20.907081604, 24.1528148651, 21.9468860626, 22.4193534851, 33.0647888184, 30.0080795288, 20.6423530579, 22.3528156281, 14.0468530655, 10.5767173767, 7.70962619781, 6.18399381638, 4.2503528595, 2.5232899189, 1.45475900173, 0.803136050701, 0.43974930048, 0.176785588264, 0.0431506559253, 0.00208016950637, 8.0813508248e-05, 4.7199006076e-05],
        "min": [6.55588737573e-05, 0.000359503261279, 0.00333355390467, 0.0187642667443, 0.0522315725684, 0.189562186599, 0.204501628876, 0.4252794981, 0.259062588215, 0.469488710165, 0.456867545843, 0.479316145182, 0.72467571497, 0.870380222797, 1.03280746937, 0.855070531368, 0.607290387154, 1.49527192116, 0.912321269512, 1.23737859726, 0.934458732605, 1.20224487782, 1.73738694191, 1.630417943, 2.49487781525, 2.78808283806, 1.66420686245, 0.878010988235, 0.493768125772, 0.312991678715, 0.103864558041, 0.025982260704, 0.0102458754554, 0.00528437411413, 0.00161367165856, 0.000110616565507, 1.46600550579e-05, 1.91535764316e-06, 1.97379813471e-06, 3.54019425686e-06],
        "var": [0.13967590034, 6.50335788727, 20.7871818542, 151.589187622, 1483.61499023, 308.007446289, 271.475585938, 82.0285339355, 1605.06652832, 8603.61132812, 11792.6796875, 7933.921875, 1654.68273926, 3246.55224609, 5320.8203125, 490.885498047, 883.041931152, 750.77734375, 606.259460449, 922.170227051, 492.723846436, 621.569335938, 790.315551758, 482.225189209, 280.491241455, 375.243011475, 96.6719741821, 168.427246094, 221.21257019, 183.948562622, 120.382278442, 51.471950531, 27.7106227875, 7.65318202972, 2.14884352684, 0.399101346731, 0.0876796543598, 0.000738483271562, 2.21792276989e-07, 9.50957312895e-10]
    },
    "gfcc": {
        "mean": [56.0530548096, 79.9107437134, -120.1563797, 49.0933380127, -59.9327812195, 17.2312488556, -37.4212417603, 15.0402374268, -26.5456790924, 5.43212223053, -19.1999645233, -0.560267865658, -16.0513820648],
        "cov": [[706.114746094, -285.515075684, 231.866073608, -111.669067383, 11.2044067383, 19.3005943298, -63.7623291016, 100.690727234, -4.93049573898, 74.2613220215, -49.5939445496, 61.8621635437, -104.405197144], [-285.515075684, 518.672668457, -180.474136353, 87.2467422485, 17.2737083435, -46.7551231384, 81.9523239136, -33.6537437439, 65.4650421143, -61.2497291565, 71.2929458618, -67.2541122437, 65.1249237061], [231.866073608, -180.474136353, 368.817871094, -27.4885044098, 95.5363922119, 44.9027366638, -44.8180122375, 52.7899398804, -44.7821350098, 64.7259063721, -44.7339477539, 52.2064437866, -55.8557052612], [-111.669067383, 87.2467422485, -27.4885044098, 216.523117065, -29.5248260498, 42.6933250427, -19.1817378998, -66.4654159546, 29.40766716, -54.6347122192, 32.1239318848, -48.8074951172, 37.7512397766], [11.2044067383, 17.2737083435, 95.5363922119, -29.5248260498, 207.685836792, 4.6170835495, 11.7839736938, 57.9916191101, -8.18027114868, 65.4399032593, 7.65896511078, 39.455406189, -19.5137882233], [19.3005943298, -46.7551231384, 44.9027366638, 42.6933250427, 4.6170835495, 118.830726624, 26.2324314117, 4.8803319931, -4.35323190689, -11.4950218201, 7.17058420181, -3.1457259655, 14.3902711868], [-63.7623291016, 81.9523239136, -44.8180122375, -19.1817378998, 11.7839736938, 26.2324314117, 118.425010681, 49.1774597168, 34.656452179, -1.75227534771, 10.7850894928, -1.95870280266, 10.9257164001], [100.690727234, -33.6537437439, 52.7899398804, -66.4654159546, 57.9916191101, 4.8803319931, 49.1774597168, 130.619354248, 47.7100868225, 65.4304962158, -0.0465105436742, 24.5961837769, -25.3042392731], [-4.93049573898, 65.4650421143, -44.7821350098, 29.40766716, -8.18027114868, -4.35323190689, 34.656452179, 47.7100868225, 99.9479980469, 25.8226547241, 20.4148025513, -15.3047208786, 3.02957177162], [74.2613220215, -61.2497291565, 64.7259063721, -54.6347122192, 65.4399032593, -11.4950218201, -1.75227534771, 65.4304962158, 25.8226547241, 102.244857788, 18.1139125824, 37.9600219727, -25.2014350891], [-49.5939445496, 71.2929458618, -44.7339477539, 32.1239318848, 7.65896511078, 7.17058420181, 10.7850894928, -0.0465105436742, 20.4148025513, 18.1139125824, 73.6644287109, 15.8723487854, 19.1687011719], [61.8621635437, -67.2541122437, 52.2064437866, -48.8074951172, 39.455406189, -3.1457259655, -1.95870280266, 24.5961837769, -15.3047208786, 37.9600219727, 15.8723487854, 74.7294692993, 4.64527797699], [-104.405197144, 65.1249237061, -55.8557052612, 37.7512397766, -19.5137882233, 14.3902711868, 10.9257164001, -25.3042392731, 3.02957177162, -25.2014350891, 19.1687011719, 4.64527797699, 74.5399780273]],
        "icov": [[0.00284887920134, 9.47165754042e-05, -0.000737129652407, 0.00059488916304, 0.00104182586074, -0.0012072052341, 0.00220681051724, -0.00191829376854, -0.00105942972004, 0.000983012607321, 0.000584077613894, -0.00230524386279, 0.00295390677638], [9.47165754042e-05, 0.0058989720419, -0.0011826234404, 0.00143087783363, -0.00323508423753, 0.00453389808536, -0.00360362092033, 0.00194555381313, -0.00313146854751, 0.00481661921367, -0.00733197852969, 0.00687027955428, -0.00395253533497], [-0.000737129652407, -0.0011826234404, 0.00643692817539, -0.00310914590955, -0.000258888117969, -0.00311787053943, 0.00189058715478, -0.00217414018698, 0.00373711064458, -0.00415906962007, 0.00619689607993, -0.00483993487433, 0.0030678238254], [0.00059488916304, 0.00143087783363, -0.00310914590955, 0.0120725790039, -0.00244000600651, -0.00187189376447, 0.00237032375298, 0.00510177202523, -0.00837512500584, 0.00706256506965, -0.00810460560024, 0.00707350671291, -0.00338229467161], [0.00104182586074, -0.00323508423753, -0.000258888117969, -0.00244000600651, 0.00939285382628, -0.00223779724911, 0.00125764554832, -0.0040606665425, 0.00471474742517, -0.00643028831109, 0.00440054340288, -0.00579207297415, 0.00351927056909], [-0.0012072052341, 0.00453389808536, -0.00311787053943, -0.00187189376447, -0.00223779724911, 0.0158523730934, -0.0076234024018, 0.000700252654497, 0.000883256434463, 0.00383853446692, -0.00760563602671, 0.00771017884836, -0.00659424997866], [0.00220681051724, -0.00360362092033, 0.00189058715478, 0.00237032375298, 0.00125764554832, -0.0076234024018, 0.018345579505, -0.00841541774571, -0.00244969967753, 0.00337168155238, 0.00317429448478, -0.00568232405931, 0.00348815508187], [-0.00191829376854, 0.00194555381313, -0.00217414018698, 0.00510177202523, -0.0040606665425, 0.000700252654497, -0.00841541774571, 0.0230831727386, -0.0103768445551, -0.0041655707173, -0.00145566207357, 0.0029398794286, -0.0015237974003], [-0.00105942972004, -0.00313146854751, 0.00373711064458, -0.00837512500584, 0.00471474742517, 0.000883256434463, -0.00244969967753, -0.0103768445551, 0.0247023198754, -0.0114308316261, 0.0036954737734, 0.000938085780945, 0.000316741527058], [0.000983012607321, 0.00481661921367, -0.00415906962007, 0.00706256506965, -0.00643028831109, 0.00383853446692, 0.00337168155238, -0.0041655707173, -0.0114308316261, 0.0308977626264, -0.0146679775789, 0.00108764204197, 0.000757607107516], [0.000584077613894, -0.00733197852969, 0.00619689607993, -0.00810460560024, 0.00440054340288, -0.00760563602671, 0.00317429448478, -0.00145566207357, 0.0036954737734, -0.0146679775789, 0.0333121940494, -0.0179691165686, 0.00507699418813], [-0.00230524386279, 0.00687027955428, -0.00483993487433, 0.00707350671291, -0.00579207297415, 0.00771017884836, -0.00568232405931, 0.0029398794286, 0.000938085780945, 0.00108764204197, -0.0179691165686, 0.0361234694719, -0.0149150872603], [0.00295390677638, -0.00395253533497, 0.0030678238254, -0.00338229467161, 0.00351927056909, -0.00659424997866, 0.00348815508187, -0.0015237974003, 0.000316741527058, 0.000757607107516, 0.00507699418813, -0.0149150872603, 0.0260511189699]]
    },
    "melbands": {
        "dmean": [0.00133486744016, 0.00123187922873, 0.00166771863587, 0.000844717491418, 0.000258096231846, 0.000105320556031, 0.000256680388702, 0.000297749618767, 0.000194485764951, 9.52644113568e-05, 6.31052680546e-05, 6.90335364197e-05, 7.42397169233e-05, 3.21296829497e-05, 3.09980750899e-05, 2.48027918133e-05, 2.38720440393e-05, 2.36511314142e-05, 2.16212483792e-05, 1.89826514543e-05, 1.65958626894e-05, 1.54963836394e-05, 1.66985555552e-05, 2.29117576964e-05, 1.21033453979e-05, 8.6990685304e-06, 7.68648988014e-06, 8.29271994007e-06, 4.58790782432e-06, 3.85755311072e-06, 3.30689249495e-06, 3.10102223011e-06, 2.86339309241e-06, 2.40141639551e-06, 2.01622174245e-06, 1.47636728798e-06, 1.14098543236e-06, 9.47833484588e-07, 7.26192297407e-07, 5.90067600115e-07],
        "dmean2": [0.0022836830467, 0.00209116167389, 0.00291773304343, 0.0014360252535, 0.00041330701788, 0.000170417129993, 0.000396199611714, 0.000478907342767, 0.000303702137899, 0.000142775301356, 9.72435009317e-05, 0.000100667952211, 0.000113837784738, 5.36641127837e-05, 4.9044010666e-05, 3.99272867071e-05, 3.94160742871e-05, 3.93238660763e-05, 3.57884673576e-05, 3.16370824294e-05, 2.75898109976e-05, 2.44113543886e-05, 2.7780799428e-05, 3.80221463274e-05, 2.02629580599e-05, 1.43442111948e-05, 1.28120364025e-05, 1.38117966344e-05, 7.87965655036e-06, 6.52377048027e-06, 5.51290895601e-06, 4.79354957861e-06, 4.58352315036e-06, 3.80971710001e-06, 3.19324681186e-06, 2.31712647292e-06, 1.75783600298e-06, 1.44550267578e-06, 1.07622020096e-06, 9.0905422212e-07],
        "dvar": [1.18820298667e-05, 7.74894942879e-06, 1.29067166199e-05, 3.73977763957e-06, 1.38849344467e-07, 2.15940225701e-08, 1.76888590886e-07, 3.35467149171e-07, 2.40199028667e-07, 7.69490426933e-08, 1.22578427408e-08, 1.57339155038e-08, 2.74703531034e-08, 2.24168861251e-09, 2.2319803783e-09, 1.13823839243e-09, 1.24058796569e-09, 1.10301490164e-09, 9.10704622825e-10, 5.92086490947e-10, 5.75324399232e-10, 3.93032162371e-10, 4.57247795183e-10, 6.9329963992e-10, 1.68537350742e-10, 9.70368646547e-11, 7.78153305681e-11, 7.6028162932e-11, 2.47068268622e-11, 2.03328482523e-11, 3.15060096068e-11, 3.04469782719e-11, 4.33761047913e-11, 3.03018894698e-11, 2.40099346654e-11, 1.11876029274e-11, 8.6809118921e-12, 6.15804412671e-12, 4.69467346942e-12, 2.48361747834e-12],
        "dvar2": [3.00396477542e-05, 2.08972978726e-05, 3.45071493939e-05, 9.6029807537e-06, 3.58493082331e-07, 5.12188229607e-08, 3.83305689411e-07, 8.34664831473e-07, 4.66654142883e-07, 1.44292030768e-07, 2.60386379125e-08, 3.08605798693e-08, 5.90068047757e-08, 5.16860465538e-09, 4.62281191105e-09, 2.81014433945e-09, 3.14727799378e-09, 2.88428658735e-09, 2.11534545436e-09, 1.3514716013e-09, 1.45579803768e-09, 9.04493646647e-10, 1.15622766916e-09, 1.71726888265e-09, 4.58701548967e-10, 2.51030585208e-10, 2.09025602382e-10, 2.07454872725e-10, 6.94371712906e-11, 5.59023001501e-11, 7.73354019712e-11, 7.42879924243e-11, 9.85380457785e-11, 6.853394241e-11, 5.30183917602e-11, 2.36355223587e-11, 1.87491897008e-11, 1.04316780908e-11, 9.00553676769e-12, 5.44804088995e-12],
        "max": [0.0275629237294, 0.0235028006136, 0.0240258593112, 0.0126423556358, 0.00497334683314, 0.00221311603673, 0.00500173354521, 0.00725094694644, 0.00919662043452, 0.00634583830833, 0.00239044777118, 0.00188949599396, 0.0031524009537, 0.00102675380185, 0.00114350626245, 0.000584799970966, 0.000654385832604, 0.000419587013312, 0.000577640137635, 0.000576638325583, 0.00048963126028, 0.000267710449407, 0.000247743533691, 0.000320560589898, 0.00020374628366, 0.000136886199471, 0.000136232527439, 9.90737171378e-05, 6.30076683592e-05, 5.34962018719e-05, 9.03973050299e-05, 0.000128136700368, 0.00018015637761, 0.000145611469634, 0.000107886873593, 7.60770344641e-05, 8.16637038952e-05, 7.55918881623e-05, 5.17101652804e-05, 3.69162262359e-05],
        "mean": [0.00187034951523, 0.00228556944057, 0.00203345040791, 0.00110911857337, 0.000521751062479, 0.000199671892915, 0.000460011593532, 0.000534610357136, 0.000363019586075, 0.000194181746338, 0.000122959158034, 0.000139650830533, 0.000141717042425, 5.48917596461e-05, 5.69084004383e-05, 4.81728202431e-05, 4.48158025392e-05, 4.08211853937e-05, 4.29336141679e-05, 3.83555961889e-05, 3.0717394111e-05, 3.06445872411e-05, 3.1195810152e-05, 4.37244125351e-05, 2.55781342275e-05, 1.80008355528e-05, 1.75540353666e-05, 1.85111275641e-05, 1.06311481431e-05, 8.91594118002e-06, 7.74879117671e-06, 6.92476805852e-06, 5.83731070947e-06, 5.19390050613e-06, 4.13454836234e-06, 3.09352481054e-06, 2.22773064706e-06, 1.94326844394e-06, 1.39860605941e-06, 1.06616641915e-06],
        "median": [0.00105926953256, 0.00170966447331, 0.0011163597228, 0.00047809019452, 0.000340816215612, 0.000145749567309, 0.000201205504709, 0.000212662533158, 0.000128132553073, 6.81894089212e-05, 6.6310960392e-05, 5.14983148605e-05, 4.12941444665e-05, 4.07651350542e-05, 4.26898623118e-05, 3.62071987183e-05, 3.06815854856e-05, 3.00518295262e-05, 3.42462590197e-05, 2.97953174595e-05, 2.29457091336e-05, 2.07685043279e-05, 2.44768361881e-05, 3.2927520806e-05, 2.19937574002e-05, 1.44691839523e-05, 1.39997082442e-05, 1.45478234117e-05, 9.00509166968e-06, 7.24767141946e-06, 5.37537971468e-06, 4.48238597528e-06, 3.66350445802e-06, 3.37276946993e-06, 2.43850490733e-06, 1.94086283045e-06, 1.2411330772e-06, 1.0583336234e-06, 7.71913164499e-07, 5.89056526223e-07],
        "min": [5.38742995104e-07, 1.1632771475e-06, 4.6984173423e-06, 4.92320259582e-06, 6.07232323091e-06, 7.01333738107e-06, 3.74754290533e-06, 5.38037284059e-06, 2.53491316471e-06, 3.47487275576e-06, 2.88644469038e-06, 2.66911320068e-06, 2.04461866815e-06, 1.9431201963e-06, 6.60717262235e-07, 1.17374020192e-06, 2.47053390012e-06, 5.92534206589e-07, 1.16672299555e-06, 1.58171167186e-06, 4.20773744736e-07, 1.14618569569e-06, 7.8818595739e-07, 9.883057146e-07, 7.34070397357e-07, 4.07847068118e-07, 2.20378728955e-06, 1.57289832714e-06, 7.82053859893e-07, 9.91930846794e-07, 2.51780903682e-07, 2.32362950214e-07, 9.62463033716e-08, 9.76658824925e-08, 7.05654770172e-08, 1.9346860114e-08, 1.12243494499e-08, 4.20522416889e-09, 4.97859931059e-09, 1.03597075363e-09],
