{
"highlevel": {
    "danceability": {
        "all": {
            "danceable": 0.12549687922,
            "not_danceable": 0.874503135681
        },
        "probability": 0.874503135681,
        "value": "not_danceable"
    },
    "gender": {
        "all": {
            "female": 0.278310388327,
            "male": 0.721689641476
        },
        "probability": 0.721689641476,
        "value": "male"
    },
    "genre_dortmund": {
        "all": {
            "alternative": 0.121013961732,
            "blues": 0.10882113874,
            "electronic": 0.0118984505534,
            "folkcountry": 0.383140414953,
            "funksoulrnb": 0.0120273120701,
            "jazz": 0.0282143130898,
            "pop": 0.0545788519084,
            "raphiphop": 0.00203355052508,
            "rock": 0.278272032738
        },
        "probability": 0.383140414953,
        "value": "folkcountry"
    },
    "genre_electronic": {
        "all": {
            "ambient": 0.695437610149,
            "dnb": 0.101704791188,
            "house": 0.0778870806098,
            "techno": 0.00685736630112,
            "trance": 0.118113137782
        },
        "probability": 0.695437610149,
        "value": "ambient"
    },
    "genre_rosamerica": {
        "all": {
            "cla": 0.331998258829,
            "dan": 0.0145149333403,
            "hip": 0.0372010879219,
            "jaz": 0.0209892764688,
            "pop": 0.0749531388283,
            "rhy": 0.394157528877,
            "roc": 0.119482018054,
            "spe": 0.00670374603942
        },
        "probability": 0.394157528877,
        "value": "rhy"
    },
    "genre_tzanetakis": {
        "all": {
            "blu": 0.0626613423228,
            "cla": 0.0348169617355,
            "cou": 0.104475811124,
            "dis": 0.0784321576357,
            "hip": 0.15692435205,
            "jaz": 0.313974827528,
            "met": 0.0448166541755,
            "pop": 0.0627359300852,
            "reg": 0.0627360641956,
            "roc": 0.0784258767962
        },
        "probability": 0.313974827528,
        "value": "jaz"
    },
    "ismir04_rhythm": {
        "all": {
            "ChaChaCha": 0.0271982140839,
            "Jive": 0.293393403292,
            "Quickstep": 0.00657613156363,
            "Rumba-American": 0.00107876595575,
            "Rumba-International": 0.00289691262878,
            "Rumba-Misc": 0.00101958157029,
            "Samba": 0.00982066243887,
            "Tango": 0.0106640961021,
            "VienneseWaltz": 0.641108393669,
            "Waltz": 0.00624380959198
        },
        "probability": 0.641108393669,
        "value": "VienneseWaltz"
    },
    "mood_acoustic": {
        "all": {
            "acoustic": 0.0536147467792,
            "not_acoustic": 0.946385264397
        },
        "probability": 0.946385264397,
        "value": "not_acoustic"
    },
    "mood_aggressive": {
        "all": {
            "aggressive": 0.102465927601,
            "not_aggressive": 0.897534072399
        },
        "probability": 0.897534072399,
        "value": "not_aggressive"
    },
    "mood_electronic": {
        "all": {
            "electronic": 0.137398004532,
            "not_electronic": 0.862601995468
        },
        "probability": 0.862601995468,
        "value": "not_electronic"
    },
    "mood_happy": {
        "all": {
            "happy": 0.889404773712,
            "not_happy": 0.110595203936
        },
        "probability": 0.889404773712,
        "value": "happy"
    },
    "mood_party": {
        "all": {
            "not_party": 0.249749034643,
            "party": 0.750250935555
        },
        "probability": 0.750250935555,
        "value": "party"
    },
    "mood_relaxed": {
        "all": {
            "not_relaxed": 0.858639121056,
            "relaxed": 0.141360893846
        },
        "probability": 0.858639121056,
        "value": "not_relaxed"
    },
    "mood_sad": {
        "all": {
            "not_sad": 0.706008851528,
            "sad": 0.29399111867
        },
        "probability": 0.706008851528,
        "value": "not_sad"
    },
    "moods_mirex": {
        "all": {
            "Cluster1": 0.243777796626,
            "Cluster2": 0.374524354935,
            "Cluster3": 0.110030084848,
            "Cluster4": 0.19036012888,
            "Cluster5": 0.0813076272607
        },
        "probability": 0.374524354935,
        "value": "Cluster2"
    },
    "timbre": {
        "all": {
            "bright": 0.980351865292,
            "dark": 0.0196481235325
        },
        "probability": 0.980351865292,
        "value": "bright"
    },
    "tonal_atonal": {
        "all": {
            "atonal": 0.00579135352746,
            "tonal": 0.9942086339
        },
        "probability": 0.9942086339,
        "value": "tonal"
    },
    "voice_instrumental": {
        "all": {
            "instrumental": 0.00212358264253,
            "voice": 0.997876405716
        },
        "probability": 0.997876405716,
        "value": "voice"
    }
},
"lowlevel": {
    "average_loudness": 0.935744583607,
    "barkbands_crest": {
        "dmean": 2.12685799599,
        "dmean2": 3.42625546455,
        "dvar": 3.60241389275,
        "dvar2": 8.84379386902,
        "max": 19.9895896912,
        "mean": 7.92731523514,
        "median": 7.15314102173,
        "min": 2.73059248924,
        "var": 10.6299648285
    },
    "barkbands_flatness_db": {
        "dmean": 0.0161277521402,
        "dmean2": 0.024642733857,
        "dvar": 0.000210069265449,
        "dvar2": 0.000448711332865,
        "max": 0.261273682117,
        "mean": 0.126052200794,
        "median": 0.123365074396,
        "min": 0.0427587740123,
        "var": 0.00083772209473
    },
    "barkbands_kurtosis": {
        "dmean": 1.04818880558,
        "dmean2": 1.6492177248,
        "dvar": 2.73131895065,
        "dvar2": 6.18665599823,
        "max": 27.7460861206,
        "mean": 0.662286818027,
        "median": -0.191139221191,
        "min": -1.71738564968,
        "var": 8.66136741638
    },
    "barkbands_skewness": {
        "dmean": 0.378330230713,
        "dmean2": 0.563750743866,
        "dvar": 0.139214381576,
        "dvar2": 0.272785067558,
        "max": 4.76325893402,
        "mean": 0.577822566032,
        "median": 0.467111170292,
        "min": -1.95399105549,
        "var": 0.912927150726
    },
    "barkbands_spread": {
        "dmean": 5.36119127274,
        "dmean2": 8.27019500732,
        "dvar": 24.8296737671,
        "dvar2": 56.0447502136,
        "max": 66.6030654907,
        "mean": 26.8724346161,
        "median": 25.7556056976,
        "min": 5.39091491699,
        "var": 96.3865966797
    },
    "dissonance": {
        "dmean": 0.0137208476663,
        "dmean2": 0.0230763629079,
        "dvar": 0.000167360340129,
        "dvar2": 0.000455911853351,
        "max": 0.499953359365,
        "mean": 0.475186437368,
        "median": 0.48005849123,
        "min": 0.387548983097,
        "var": 0.000352954491973
    },
    "dynamic_complexity": 2.58668637276,
    "erbbands_crest": {
        "dmean": 2.68245267868,
        "dmean2": 4.31153774261,
        "dvar": 7.11329507828,
        "dvar2": 16.6487979889,
        "max": 27.5857868195,
        "mean": 9.18145847321,
        "median": 8.13873958588,
        "min": 2.74252390862,
        "var": 18.1502456665
    },
    "erbbands_flatness_db": {
        "dmean": 0.0176076255739,
        "dmean2": 0.0253730844706,
        "dvar": 0.000260751025053,
        "dvar2": 0.00049472367391,
        "max": 0.294422030449,
        "mean": 0.182909250259,
        "median": 0.186136186123,
        "min": 0.0744753703475,
        "var": 0.00136842089705
    },
    "erbbands_kurtosis": {
        "dmean": 0.746299743652,
        "dmean2": 1.18324840069,
        "dvar": 1.05973613262,
        "dvar2": 2.60083079338,
        "max": 16.2938461304,
        "mean": 0.17787797749,
        "median": -0.14564371109,
        "min": -1.63413488865,
        "var": 1.91235649586
    },
    "erbbands_skewness": {
        "dmean": 0.320207417011,
        "dmean2": 0.495570212603,
        "dvar": 0.0840378180146,
        "dvar2": 0.191432639956,
        "max": 2.25289106369,
        "mean": -0.0364624001086,
        "median": 0.0238992162049,
        "min": -2.90873265266,
        "var": 0.406757056713
    },
    "erbbands_spread": {
        "dmean": 5.92302322388,
        "dmean2": 9.03613758087,
        "dvar": 37.9387016296,
        "dvar2": 71.3697052002,
        "max": 116.62878418,
        "mean": 31.848897934,
        "median": 28.1889247894,
        "min": 5.01192092896,
        "var": 229.024002075
    },
    "hfc": {
        "dmean": 6.01171970367,
        "dmean2": 7.93873977661,
        "dvar": 60.212852478,
        "dvar2": 93.6113510132,
        "max": 131.998153687,
        "mean": 20.9416351318,
        "median": 16.6687450409,
        "min": 0.952118515968,
        "var": 331.161193848
    },
    "melbands_crest": {
        "dmean": 2.98511791229,
        "dmean2": 4.81591701508,
        "dvar": 6.64255857468,
        "dvar2": 16.7216815948,
        "max": 27.9150371552,
        "mean": 11.5168905258,
        "median": 10.6365652084,
        "min": 3.57156729698,
        "var": 21.4553947449
    },
    "melbands_flatness_db": {
        "dmean": 0.0202178359032,
        "dmean2": 0.0297295134515,
        "dvar": 0.000359907397069,
        "dvar2": 0.00076896318933,
        "max": 0.318461209536,
        "mean": 0.152354702353,
        "median": 0.146681040525,
        "min": 0.0429842844605,
        "var": 0.00200953008607
    },
    "melbands_kurtosis": {
        "dmean": 2.68286895752,
        "dmean2": 4.0917801857,
        "dvar": 22.6648082733,
        "dvar2": 45.6845855713,
        "max": 73.600440979,
        "mean": 4.74665355682,
        "median": 1.53687000275,
        "min": -1.64398705959,
        "var": 91.6154327393
    },
    "melbands_skewness": {
        "dmean": 0.520281374454,
        "dmean2": 0.799776613712,
        "dvar": 0.292238771915,
        "dvar2": 0.568113327026,
        "max": 7.11961698532,
        "mean": 1.51769149303,
        "median": 1.21716797352,
        "min": -0.87600004673,
        "var": 1.78518629074
    },
    "melbands_spread": {
        "dmean": 8.4036283493,
        "dmean2": 12.6939764023,
        "dvar": 75.5117416382,
        "dvar2": 161.322540283,
        "max": 106.31477356,
        "mean": 38.3601722717,
        "median": 35.8249778748,
        "min": 3.46164155006,
        "var": 354.827880859
    },
    "pitch_salience": {
        "dmean": 0.0647488757968,
        "dmean2": 0.104888357222,
        "dvar": 0.00267250300385,
        "dvar2": 0.00657716393471,
        "max": 0.805173099041,
        "mean": 0.571028411388,
        "median": 0.576062083244,
        "min": 0.29521638155,
        "var": 0.00851081404835
    },
    "silence_rate_20dB": {
        "dmean": 0,
        "dmean2": 0,
        "dvar": 0,
        "dvar2": 0,
        "max": 1,
        "mean": 1,
        "median": 1,
        "min": 1,
        "var": 0
    },
    "silence_rate_30dB": {
        "dmean": 0,
        "dmean2": 0,
        "dvar": 0,
        "dvar2": 0,
        "max": 1,
        "mean": 1,
        "median": 1,
        "min": 1,
        "var": 0
    },
    "silence_rate_60dB": {
        "dmean": 0.0201238393784,
        "dmean2": 0.0402788519859,
        "dvar": 0.0197189413011,
        "dvar2": 0.0525988303125,
        "max": 1,
        "mean": 0.0177880898118,
        "median": 0,
        "min": 0,
        "var": 0.0174717847258
    },
    "spectral_centroid": {
        "dmean": 242.641830444,
        "dmean2": 357.79901123,
        "dvar": 48131.8671875,
        "dvar2": 87512.3203125,
        "max": 3327.29882812,
        "mean": 1956.09460449,
        "median": 2018.3815918,
        "min": 476.767364502,
        "var": 338582.40625
    },
    "spectral_complexity": {
        "dmean": 4.19659423828,
        "dmean2": 6.0178155899,
        "dvar": 17.8978500366,
        "dvar2": 27.6812763214,
        "max": 54,
        "mean": 22.1423053741,
        "median": 21,
        "min": 3,
        "var": 107.116539001
    },
    "spectral_decrease": {
        "dmean": 1.0997321942e-09,
        "dmean2": 1.6349962495e-09,
        "dvar": 1.65641935387e-18,
        "dvar2": 3.53370937297e-18,
        "max": -2.79711032114e-10,
        "mean": -3.9079761649e-09,
        "median": -3.45377393351e-09,
        "min": -2.41356836739e-08,
        "var": 5.92243616923e-18
    },
    "spectral_energy": {
        "dmean": 0.00460794148967,
        "dmean2": 0.0067055830732,
        "dvar": 2.88736900984e-05,
        "dvar2": 5.93208533246e-05,
        "max": 0.103066280484,
        "mean": 0.016649087891,
        "median": 0.0146137624979,
        "min": 0.0014302310301,
        "var": 0.000113125526696
    },
    "spectral_energyband_high": {
        "dmean": 0.000223043782171,
        "dmean2": 0.000310100323986,
        "dvar": 1.21624609051e-07,
        "dvar2": 2.15338658904e-07,
        "max": 0.00501326052472,
        "mean": 0.000586475594901,
        "median": 0.00035642486182,
        "min": 6.68538814352e-06,
        "var": 4.1541710516e-07
    },
    "spectral_energyband_low": {
        "dmean": 0.00185941485688,
        "dmean2": 0.00311239343137,
        "dvar": 6.77430034557e-06,
        "dvar2": 1.88672311197e-05,
        "max": 0.0212025567889,
        "mean": 0.00342669826932,
        "median": 0.00247718533501,
        "min": 5.68801769987e-05,
        "var": 9.1715983217e-06
    },
    "spectral_energyband_middle_high": {
        "dmean": 0.00289256428368,
        "dmean2": 0.00398122845218,
        "dvar": 1.93658852368e-05,
        "dvar2": 3.51302114723e-05,
        "max": 0.0972063541412,
        "mean": 0.00823609437793,
        "median": 0.00573827791959,
        "min": 0.000107901927549,
        "var": 7.87709577708e-05
    },
    "spectral_energyband_middle_low": {
        "dmean": 0.00154496356845,
        "dmean2": 0.00249647605233,
        "dvar": 3.0472644994e-06,
        "dvar2": 7.61711362429e-06,
        "max": 0.0198225546628,
        "mean": 0.00480137951672,
        "median": 0.00388194806874,
        "min": 0.000176373738213,
        "var": 1.06882125692e-05
    },
    "spectral_entropy": {
        "dmean": 0.113680124283,
        "dmean2": 0.162012517452,
        "dvar": 0.0116287311539,
        "dvar2": 0.0216926541179,
        "max": 8.41205215454,
        "mean": 7.6446390152,
        "median": 7.63447475433,
        "min": 6.81842184067,
        "var": 0.0527445301414
    },
    "spectral_flux": {
        "dmean": 0.0172779746354,
        "dmean2": 0.0255039557815,
        "dvar": 0.00025105162058,
        "dvar2": 0.000567196169868,
        "max": 0.237571522593,
        "mean": 0.0721530169249,
        "median": 0.0674370229244,
        "min": 0.0140568334609,
        "var": 0.00101481610909
    },
    "spectral_kurtosis": {
        "dmean": 1.47668480873,
        "dmean2": 2.56256341934,
        "dvar": 1.76225554943,
        "dvar2": 4.9567322731,
        "max": 13.7110157013,
        "mean": 3.60756731033,
        "median": 3.27292299271,
        "min": -0.424929141998,
        "var": 3.41125702858
    },
    "spectral_rms": {
        "dmean": 0.000544623238966,
        "dmean2": 0.000783713185228,
        "dvar": 2.77286176242e-07,
        "dvar2": 5.44974568584e-07,
        "max": 0.0100275855511,
        "mean": 0.00384877994657,
        "median": 0.00377588788979,
        "min": 0.0011812482262,
        "var": 1.42991893881e-06
    },
    "spectral_rolloff": {
        "dmean": 470.647003174,
        "dmean2": 767.406433105,
        "dvar": 349865.96875,
        "dvar2": 702429.4375,
        "max": 7235.15625,
        "mean": 2128.02099609,
        "median": 2110.25390625,
        "min": 172.265625,
        "var": 1134062.125
    },
    "spectral_skewness": {
        "dmean": 0.191403433681,
        "dmean2": 0.319611340761,
        "dvar": 0.0267938375473,
        "dvar2": 0.0680319219828,
        "max": 2.42120790482,
        "mean": 1.1238514185,
        "median": 1.11795985699,
        "min": 0.322534829378,
        "var": 0.0718319937587
    },
    "spectral_spread": {
        "dmean": 342704.5625,
        "dmean2": 477648.59375,
        "dvar": 159294242816,
        "dvar2": 267382456320,
        "max": 9240803,
        "mean": 3518885,
        "median": 3363283.25,
        "min": 1842555.125,
        "var": 779244470272
    },
    "spectral_strongpeak": {
        "dmean": 0.898118793964,
        "dmean2": 1.51834154129,
        "dvar": 1.50905573368,
        "dvar2": 3.5964744091,
        "max": 10.7396230698,
        "mean": 1.41739571095,
        "median": 0.512318015099,
        "min": 0,
        "var": 2.77375197411
    },
    "zerocrossingrate": {
        "dmean": 0.00814091786742,
        "dmean2": 0.00949217192829,
        "dvar": 5.58701103728e-05,
        "dvar2": 6.90140150255e-05,
        "max": 0.16162109375,
        "mean": 0.0732036679983,
        "median": 0.07373046875,
        "min": 0.013671875,
        "var": 0.000531671743374
    },
    "barkbands": {
        "dmean": [4.00587523472e-05, 0.000814597471617, 0.00112855236512, 0.000472423504107, 0.000450329040177, 0.000334588548867, 0.000284771056613, 0.000429211475421, 0.00062418327434, 0.000400103192078, 0.000691190944053, 0.000649439170957, 0.00082609715173, 0.000475182809168, 0.000335789489327, 0.000318548642099, 0.000321072147926, 0.000311720592435, 0.000427003251389, 0.000193020139704, 9.48490705923e-05, 5.42879351997e-05, 2.94491783279e-05, 2.45154496952e-05, 1.07892028609e-05, 2.61945342572e-06, 6.848468459e-10],
        "dmean2": [6.59530996927e-05, 0.00141062599141, 0.00186410627794, 0.000813305494376, 0.000760993745644, 0.000555402657483, 0.000462435127702, 0.000638457364403, 0.00101855257526, 0.00059139210498, 0.00101537816226, 0.000996522256173, 0.00132421613671, 0.000717660936061, 0.000515886233188, 0.000482309347717, 0.000498822017107, 0.000467956706416, 0.000632397888694, 0.000292881741188, 0.000138067029184, 7.66418233979e-05, 4.21289951191e-05, 3.59964396921e-05, 1.48101898958e-05, 3.67853908756e-06, 1.24179988514e-09],
        "dvar": [1.84732651398e-09, 1.6710428099e-06, 2.53271400652e-06, 4.2657777044e-07, 4.71226655918e-07, 1.74365652583e-07, 2.0241635923e-07, 7.08200502686e-07, 9.87096200333e-07, 2.02929891202e-06, 6.32912406218e-06, 1.96502060135e-06, 5.21904439665e-06, 1.67454072653e-06, 7.14066857199e-07, 6.14483212757e-07, 5.64488402688e-07, 2.66525773895e-07, 5.09098583734e-07, 9.2295906029e-08, 2.57595331732e-08, 9.44567624117e-09, 2.24948815131e-09, 2.39930320056e-09, 4.55237819663e-10, 3.14268437662e-11, 1.21363060594e-18],
        "dvar2": [4.42932934774e-09, 4.62028810944e-06, 6.99914289726e-06, 1.11261419988e-06, 1.24182326999e-06, 4.77381433939e-07, 4.99729253534e-07, 1.56174280619e-06, 2.61247623712e-06, 3.10392715619e-06, 1.3636778931e-05, 4.43929138783e-06, 1.32854920594e-05, 3.07702907776e-06, 1.52051973146e-06, 1.42034957662e-06, 1.37877702855e-06, 5.80433720643e-07, 1.07114510683e-06, 1.92546991684e-07, 5.1957822933e-08, 1.88904465404e-08, 4.3052099663e-09, 4.84840478876e-09, 8.72932282014e-10, 6.67989899505e-11, 3.20612434371e-18],
        "max": [0.000554925878532, 0.00950213521719, 0.015907952562, 0.00745122879744, 0.00727678230032, 0.00463369581848, 0.00531100295484, 0.012441046536, 0.014483043924, 0.0438177846372, 0.0751969888806, 0.026597218588, 0.0520672798157, 0.0315019190311, 0.0128382807598, 0.0122685208917, 0.0199112463742, 0.00599051266909, 0.0110273938626, 0.00385215738788, 0.0027479971759, 0.00158684456255, 0.000466206576675, 0.000879287486896, 0.000400285323849, 6.64852268528e-05, 2.00929228811e-08],
        "mean": [0.000114764225145, 0.00103168061469, 0.00194979435764, 0.000725768040866, 0.000676637922879, 0.000725934514776, 0.00045006867731, 0.000762027571909, 0.00133252923843, 0.00068554666359, 0.00103384570684, 0.00116156914737, 0.00124602694996, 0.000737895665225, 0.000489184458274, 0.000539095199201, 0.000650155416224, 0.000571007316466, 0.000916850054637, 0.000396152434405, 0.000214751358726, 0.000112022171379, 6.30650974927e-05, 4.27501181548e-05, 1.67342659552e-05, 3.23119525092e-06, 5.55864299034e-10],
        "median": [0.000102915335447, 0.000584109511692, 0.00116886675823, 0.000459771603346, 0.000451850908576, 0.000579419429414, 0.000264018046437, 0.000265732058324, 0.000754499109462, 0.000170644256286, 0.000180271585123, 0.000432716216892, 0.000340911763487, 0.000246136216447, 0.000155227011419, 0.000132651344757, 0.000208034427487, 0.000290319032501, 0.000449674902484, 0.000232692545978, 9.90800617728e-05, 4.9717778893e-05, 3.77006726922e-05, 1.83868778549e-05, 5.78843582844e-06, 6.51881862268e-07, 2.18063164747e-10],
        "min": [1.59720129886e-05, 3.222899295e-06, 7.58495025366e-06, 6.37949938209e-07, 1.29219552036e-05, 3.17615217682e-06, 3.5646694414e-06, 2.66341089628e-06, 4.68300095235e-06, 2.13965245166e-06, 1.43597287661e-06, 1.23379390971e-06, 9.37741901907e-07, 3.69571534975e-06, 5.15022884429e-06, 4.29663577961e-06, 1.83987685887e-06, 7.77215791459e-06, 5.93569393459e-06, 4.03255444326e-06, 2.09544464269e-06, 6.71343627801e-07, 2.37196559283e-07, 1.58439348752e-07, 4.53393624866e-08, 1.5577096904e-11, 1.49653119758e-11],
        "var": [3.13283154973e-09, 1.67510893334e-06, 4.75879960504e-06, 6.38073515802e-07, 5.31562363904e-07, 3.96127347813e-07, 3.40477100735e-07, 1.8654940277e-06, 2.89014678856e-06, 5.70750944462e-06, 1.12042325782e-05, 5.23418657394e-06, 7.59277827456e-06, 2.97695441986e-06, 1.35124798817e-06, 1.3839417079e-06, 1.74148783572e-06, 5.94779521634e-07, 1.59413798428e-06, 2.26119581725e-07, 8.97638372521e-08, 2.41152040559e-08, 5.16711207155e-09, 4.78315209662e-09, 8.77767358798e-10, 4.34108131386e-11, 1.05121472664e-18]
    },
    "erbbands": {
        "dmean": [0.0124505162239, 0.228974878788, 1.15350413322, 1.34725701809, 1.66093349457, 1.52203202248, 2.3067111969, 2.65132641792, 2.78613781929, 6.51732492447, 10.4302978516, 12.1698474884, 10.9710550308, 19.5192279816, 27.7851657867, 25.1499195099, 37.1562347412, 23.954284668, 18.9999885559, 15.4790296555, 15.1869573593, 17.954208374, 15.4046115875, 18.952381134, 20.0310668945, 8.48972606659, 3.73949241638, 3.924888134, 2.17620992661, 1.17145621777, 0.804157376289, 0.647636651993, 0.329195439816, 0.145646855235, 0.0674024671316, 0.0179719775915, 0.00389613676816, 0.000318805396091, 8.73856333783e-06, 6.0217189457e-06],
        "dmean2": [0.0212197005749, 0.398073732853, 1.92535686493, 2.27056384087, 2.84784770012, 2.59843921661, 3.97723674774, 4.2928276062, 4.55976104736, 10.2988700867, 15.5761814117, 19.6873703003, 17.0570373535, 27.2239818573, 42.1966743469, 38.3003044128, 58.8981971741, 36.5450286865, 28.1461219788, 24.2607116699, 22.21641922, 27.8747520447, 23.0004062653, 27.8332138062, 29.8300895691, 12.6553239822, 5.4555439949, 5.76043701172, 3.03671193123, 1.68082928658, 1.14837837219, 0.969463586807, 0.47349178791, 0.206594005227, 0.0929476991296, 0.0248390622437, 0.00556791387498, 0.000476825574879, 1.19724572869e-05, 8.4110406533e-06],
        "dvar": [0.000384130718885, 0.136701583862, 2.88941287994, 2.72840690613, 8.28868961334, 5.29073953629, 12.3042898178, 10.6248159409, 16.259765625, 115.579338074, 438.180389404, 461.87588501, 335.68548584, 5399.04101562, 8274.11328125, 3125.93823242, 10364.5390625, 5290.86328125, 1919.57165527, 1482.73913574, 1464.39111328, 1776.72692871, 789.702880859, 974.610656738, 1264.69519043, 219.678283691, 31.6426506042, 53.7293815613, 13.9258337021, 4.66366815567, 1.83095622063, 1.33978891373, 0.54599326849, 0.107245348394, 0.015864668414, 0.00134845543653, 8.81982123246e-05, 8.23850143661e-07, 2.8905880467e-10, 4.78821982064e-11],
        "dvar2": [0.00101991649717, 0.38072386384, 8.10460662842, 7.08882951736, 22.2290248871, 14.0095663071, 34.2241706848, 29.6680717468, 38.4685134888, 275.531890869, 1007.20422363, 1248.67810059, 733.217529297, 8465.72753906, 19222.8574219, 6498.94580078, 26226.1445312, 10108.4726562, 3515.79638672, 3706.19873047, 3225.23632812, 4447.85693359, 1749.84814453, 2112.77172852, 2605.04443359, 476.062164307, 63.4299736023, 115.098518372, 27.1101531982, 9.7015209198, 3.65257191658, 2.7265291214, 1.09400880337, 0.211566716433, 0.0305791571736, 0.00274895853363, 0.000203444593353, 2.02359774448e-06, 6.56188658965e-10, 9.09139222238e-11],
        "max": [0.148047491908, 2.63762140274, 15.8216247559, 14.252995491, 34.070224762, 25.1657352448, 54.2996902466, 39.9152069092, 49.5085067749, 146.89944458, 398.663635254, 331.588897705, 321.437194824, 2167.18261719, 2377.22216797, 1236.17810059, 2075.37353516, 1737.07421875, 664.566589355, 660.763366699, 585.385925293, 1145.14624023, 380.042785645, 463.026397705, 726.264831543, 199.226196289, 79.8173370361, 134.919403076, 58.9043617249, 27.5192050934, 14.8906726837, 15.0671033859, 17.1774253845, 7.73709011078, 1.48135614395, 0.377297997475, 0.160469949245, 0.0194629095495, 0.000335189834004, 0.000129940657644],
        "mean": [0.0169494543225, 0.29927495122, 1.86773490906, 2.6129784584, 2.16720914841, 2.4210832119, 4.38364601135, 5.47401332855, 5.13129329681, 11.3999004364, 21.0446414948, 25.9105796814, 23.71808815, 31.7659263611, 44.0807647705, 49.4887619019, 61.547328949, 39.7118606567, 30.8128871918, 27.3865699768, 28.2632827759, 37.5734710693, 30.9332351685, 40.1669273376, 43.8347244263, 18.3767414093, 8.84900188446, 8.45380973816, 4.59581899643, 2.30136799812, 1.66522312164, 1.21951031685, 0.549480974674, 0.230468779802, 0.096617653966, 0.0235837623477, 0.00452639395371, 0.000342996354448, 1.89585134649e-05, 2.20225065277e-05],
        "median": [0.0106234326959, 0.167765796185, 1.1380084753, 1.8509721756, 1.31222343445, 1.53714120388, 2.87436485291, 4.21836900711, 3.48948121071, 5.57851266861, 8.21164035797, 13.2322807312, 12.8979492188, 8.13966464996, 10.3891210556, 23.3530387878, 18.0344829559, 15.0265312195, 10.9017286301, 8.6432056427, 8.77418994904, 12.7457113266, 15.0619392395, 21.9630775452, 23.6186485291, 11.4043111801, 5.3052444458, 3.39663743973, 2.03190898895, 1.22542619705, 0.960977137089, 0.603672623634, 0.224950924516, 0.0891362726688, 0.0301755834371, 0.00550189102069, 0.000906896777451, 6.37959019514e-05, 1.29053141791e-05, 1.89233160199e-05],
        "min": [0.00030062685255, 0.0010375326965, 0.0076751485467, 0.0158185362816, 0.0488606616855, 0.0506157875061, 0.0635873675346, 0.0290927365422, 0.116042383015, 0.123697444797, 0.0935204476118, 0.15083065629, 0.160357639194, 0.137896552682, 0.13135702908, 0.0838630124927, 0.0526101253927, 0.226349547505, 0.453818410635, 0.260518312454, 0.226709470153, 0.279959142208, 0.651754677296, 0.307077080011, 0.217467263341, 0.229770630598, 0.112040400505, 0.06828648597, 0.0288823228329, 0.0167703237385, 0.00602924963459, 0.00564236007631, 0.00126501789782, 0.000639241712634, 9.25202330109e-05, 8.91638865141e-06, 3.26808753925e-06, 5.31538887572e-07, 1.34857953071e-06, 2.69667566499e-06],
        "var": [0.000419772230089, 0.132134094834, 4.0178604126, 5.76950836182, 7.54193019867, 7.39244508743, 20.1214828491, 22.9506416321, 29.6847686768, 259.349853516, 1200.20446777, 1343.38635254, 1237.65100098, 12484.5820312, 12019.7939453, 8115.8671875, 16750.6289062, 8860.91015625, 3706.94360352, 3471.76708984, 3676.33422852, 5477.984375, 1954.54626465, 2434.421875, 3764.75634766, 511.511657715, 103.717941284, 168.416168213, 40.7129669189, 8.80084705353, 3.9317882061, 2.78896832466, 1.08089375496, 0.196515604854, 0.0276616681367, 0.00198432989419, 0.000106347637484, 8.32556906971e-07, 4.41494257819e-10, 2.09876227508e-10]
    },
    "gfcc": {
        "mean": [-10.8047332764, 100.452804565, -155.108261108, 48.8337974548, -63.2768135071, 15.3319225311, -29.4842758179, 8.4995098114, -25.1166381836, -4.73992156982, -7.037109375, -11.0412988663, -12.7232131958],
        "cov": [[1915.93383789, -634.167419434, -350.146514893, -224.015792847, 7.37974977493, 138.530731201, -11.4544897079, 142.578048706, -94.0789489746, 113.016601562, -136.391159058, 107.905197144, -85.7943725586], [-634.167419434, 625.561218262, 43.4532775879, 2.34220194817, 4.56546401978, -100.74785614, 110.9010849, -94.6365585327, 80.3850784302, -109.50138092, 76.4772109985, -80.9646224976, 55.0116958618], [-350.146514893, 43.4532775879, 618.300170898, 121.472595215, -45.8951301575, 61.3831329346, -80.5976791382, 41.5425605774, -45.4532775879, 20.1432819366, -55.6363868713, 28.5811843872, -14.5965938568], [-224.015792847, 2.34220194817, 121.472595215, 250.975692749, 50.650138855, -12.1980352402, -28.4344520569, -9.46425914764, 39.0755081177, -22.7952575684, 2.45550465584, -41.6587142944, 29.5074253082], [7.37974977493, 4.56546401978, -45.8951301575, 50.650138855, 223.05708313, 18.688211441, 22.9636383057, 15.2230958939, -17.5491504669, 20.0350284576, 27.2882137299, -8.52637672424, -13.9831666946], [138.530731201, -100.74785614, 61.3831329346, -12.1980352402, 18.688211441, 138.802307129, 19.7580318451, 9.27267742157, -37.6999893188, 20.5384674072, -4.7128162384, 9.85480213165, -24.8662567139], [-11.4544897079, 110.9010849, -80.5976791382, -28.4344520569, 22.9636383057, 19.7580318451, 145.908172607, -20.9646034241, -19.5208034515, -22.2748165131, 66.4837341309, -14.5629806519, -24.4444828033], [142.578048706, -94.6365585327, 41.5425605774, -9.46425914764, 15.2230958939, 9.27267742157, -20.9646034241, 108.145751953, 26.2138881683, 25.8259391785, -42.0016822815, 23.8065452576, 3.84224510193], [-94.0789489746, 80.3850784302, -45.4532775879, 39.0755081177, -17.5491504669, -37.6999893188, -19.5208034515, 26.2138881683, 154.065917969, -7.85095262527, -48.5074119568, -23.4200000763, 42.9739875793], [113.016601562, -109.50138092, 20.1432819366, -22.7952575684, 20.0350284576, 20.5384674072, -22.2748165131, 25.8259391785, -7.85095262527, 86.9920501709, 6.49851417542, 24.4710350037, -33.0472755432], [-136.391159058, 76.4772109985, -55.6363868713, 2.45550465584, 27.2882137299, -4.7128162384, 66.4837341309, -42.0016822815, -48.5074119568, 6.49851417542, 145.060424805, -10.5435009003, -22.7475624084], [107.905197144, -80.9646224976, 28.5811843872, -41.6587142944, -8.52637672424, 9.85480213165, -14.5629806519, 23.8065452576, -23.4200000763, 24.4710350037, -10.5435009003, 83.795715332, 9.64221191406], [-85.7943725586, 55.0116958618, -14.5965938568, 29.5074253082, -13.9831666946, -24.8662567139, -24.4444828033, 3.84224510193, 42.9739875793, -33.0472755432, -22.7475624084, 9.64221191406, 106.750396729]],
        "icov": [[0.00125410652254, 0.000296814425383, 0.00116613763385, -8.62688175403e-05, 0.000373805873096, -0.000844527909067, -0.000290305935778, -0.00124727899674, 0.00121479353402, -0.000769303587731, 0.00162644137163, -0.000621344428509, 0.000544426438864], [0.000296814425383, 0.00874757580459, -0.00517901685089, 0.00638244999573, -0.00373446010053, 0.0056384736672, -0.00581816257909, 0.00648426217958, -0.00752578023821, 0.00635821092874, -0.00402551842853, 0.00508368108422, -0.00380215817131], [0.00116613763385, -0.00517901685089, 0.00702021550387, -0.00593338115141, 0.00378422066569, -0.0053681563586, 0.0041080461815, -0.00636129267514, 0.0072810491547, -0.00489705894142, 0.00489538535476, -0.00464982539415, 0.00363705679774], [-8.62688175403e-05, 0.00638244999573, -0.00593338115141, 0.0112812966108, -0.00500438688323, 0.00455738743767, -0.00283961184323, 0.00594994751737, -0.00785889383405, 0.00625091744587, -0.00490355957299, 0.00653492333367, -0.0042826756835], [0.000373805873096, -0.00373446010053, 0.00378422066569, -0.00500438688323, 0.00752813089639, -0.00339494622312, 0.00158810964786, -0.00496103893965, 0.00525405490771, -0.00480213575065, 0.00229023513384, -0.0020815229509, 0.00193746201694], [-0.000844527909067, 0.0056384736672, -0.0053681563586, 0.00455738743767, -0.00339494622312, 0.0135530903935, -0.00626983353868, 0.00536730047315, -0.00399965420365, 0.00247103790753, -0.00199002563022, 0.00432608043775, -0.00293444469571], [-0.000290305935778, -0.00581816257909, 0.0041080461815, -0.00283961184323, 0.00158810964786, -0.00626983353868, 0.015409398824, -0.00493884133175, 0.00334157259203, 0.00144256907515, -0.00294167827815, -0.00355489132926, 0.00536107877269], [-0.00124727899674, 0.00648426217958, -0.00636129267514, 0.00594994751737, -0.00496103893965, 0.00536730047315, -0.00493884133175, 0.0193934533745, -0.00978883635253, 0.00286581693217, -0.00200115540065, 0.00211648852564, -0.0038767545484], [0.00121479353402, -0.00752578023821, 0.0072810491547, -0.00785889383405, 0.00525405490771, -0.00399965420365, 0.00334157259203, -0.00978883635253, 0.0191270969808, -0.00971891265363, 0.00931992940605, -0.00153880368453, 0.000312884250889], [-0.000769303587731, 0.00635821092874, -0.00489705894142, 0.00625091744587, -0.00480213575065, 0.00247103790753, 0.00144256907515, 0.00286581693217, -0.00971891265363, 0.0247316993773, -0.00875522568822, -0.000892904528882, 0.00366524676792], [0.00162644137163, -0.00402551842853, 0.00489538535476, -0.00490355957299, 0.00229023513384, -0.00199002563022, -0.00294167827815, -0.00200115540065, 0.00931992940605, -0.00875522568822, 0.0164004582912, -0.00256107887253, 0.00190512556583], [-0.000621344428509, 0.00508368108422, -0.00464982539415, 0.00653492333367, -0.0020815229509, 0.00432608043775, -0.00355489132926, 0.00211648852564, -0.00153880368453, -0.000892904528882, -0.00256107887253, 0.0209481939673, -0.00781128043309], [0.000544426438864, -0.00380215817131, 0.00363705679774, -0.0042826756835, 0.00193746201694, -0.00293444469571, 0.00536107877269, -0.0038767545484, 0.000312884250889, 0.00366524676792, 0.00190512556583, -0.00781128043309, 0.0165033042431]]
    },
    "melbands": {
        "dmean": [0.000168209589901, 0.00049118953757, 0.000238166045165, 0.000107368388854, 7.34143613954e-05, 6.00448875048e-05, 4.56347806903e-05, 7.55384753575e-05, 9.38778393902e-05, 7.78086978244e-05, 5.61821652809e-05, 7.73782012402e-05, 0.000105073115265, 6.94979025866e-05, 8.15689927549e-05, 7.83434952609e-05, 4.17503506469e-05, 3.33325479005e-05, 2.39583132498e-05, 2.24651521421e-05, 1.82331350516e-05, 1.89229176613e-05, 1.79124963324e-05, 1.52794964379e-05, 1.67596845131e-05, 1.87281402759e-05, 1.12319330583e-05, 5.03600767843e-06, 2.57988040175e-06, 2.52412223745e-06, 2.30021782954e-06, 1.42469355069e-06, 8.9870809461e-07, 6.05485297456e-07, 4.54609391909e-07, 5.48756929675e-07, 3.77613901037e-07, 2.64315644927e-07, 1.62508158041e-07, 1.14257062478e-07],
        "dmean2": [0.000290241645416, 0.000824939575978, 0.000399961340008, 0.000182758652954, 0.000125002377899, 9.71686604316e-05, 7.43515338399e-05, 0.00011687931692, 0.00014124919835, 0.000126522936625, 8.78829305293e-05, 0.000109748099931, 0.000156361682457, 0.000104819198896, 0.000129244479467, 0.000123671794427, 6.30147624179e-05, 5.07602162543e-05, 3.74462761101e-05, 3.42743296642e-05, 2.80208350887e-05, 2.94861438306e-05, 2.75816200883e-05, 2.26731881412e-05, 2.53038051596e-05, 2.77232702501e-05, 1.70072598848e-05, 7.60125294619e-06, 3.91597450289e-06, 3.84577060686e-06, 3.41729992215e-06, 2.08807273339e-06, 1.31759247779e-06, 9.00321310837e-07, 6.59277418436e-07, 8.25806580451e-07, 5.72049657421e-07, 3.9297776766e-07, 2.33030959862e-07, 1.66356045384e-07],
        "dvar": [6.76494309459e-08, 5.42945542747e-07, 9.44880156339e-08, 3.01500868716e-08, 1.13258282752e-08, 5.22865306607e-09, 4.32143076878e-09, 1.51209089694e-08, 3.27156080004e-08, 1.66958074033e-08, 9.90068294016e-09, 8.643153393e-08, 1.57631532716e-07, 2.92483477438e-08, 2.47700686629e-08, 7.57295453013e-08, 1.612644418e-08, 5.99416427605e-09, 5.07315123244e-09, 3.23656257351e-09, 2.48341636144e-09, 1.83399850862e-09, 1.3962664358e-09, 6.85893009056e-10, 8.68343341676e-10, 1.19622178829e-09, 2.78768008677e-10, 8.25191789899e-11, 1.369710248e-11, 1.74275073539e-11, 2.14298422757e-11, 6.33557139043e-12, 2.89947970147e-12, 1.11604562397e-12, 6.06010575922e-13, 7.42633005871e-13, 5.52172782324e-13, 3.78291988663e-13, 1.38100183958e-13, 6.45894877296e-14],
        "dvar2": [1.87037841215e-07, 1.52927350427e-06, 2.46207576993e-07, 8.03029323038e-08, 3.17259498672e-08, 1.45810457042e-08, 1.02476818142e-08, 3.50286910589e-08, 7.77586066647e-08, 4.56802808912e-08, 2.22867075905e-08, 1.29795608927e-07, 3.55434053745e-07, 6.40655954953e-08, 5.95612696941e-08, 1.91029158714e-07, 2.97471842714e-08, 1.13228013632e-08, 1.21951098109e-08, 7.56726681317e-09, 5.63295365907e-09, 4.35620561845e-09, 3.37967698272e-09, 1.33783073508e-09, 1.93763627365e-09, 2.47870213244e-09, 5.82884240874e-10, 1.9635545967e-10, 2.97925191461e-11, 3.81239172176e-11, 4.63412017093e-11, 1.31880392024e-11, 6.31882306895e-12, 2.27755444712e-12, 1.24223190328e-12, 1.58391073694e-12, 1.1794786068e-12, 7.82289435054e-13, 2.70473991511e-13, 1.3747237669e-13],
        "max": [0.00192142545711, 0.00613196147606, 0.00343330204487, 0.00191366509534, 0.00156680715736, 0.000852736935485, 0.000902926549315, 0.00165449723136, 0.00348919583485, 0.00192660838366, 0.00167693279218, 0.00892441626638, 0.0112161375582, 0.00354569405317, 0.00188491307199, 0.00714308954775, 0.00310381432064, 0.00111799605656, 0.00138977100141, 0.000883149914443, 0.00090428662952, 0.00107517943252, 0.000788682082202, 0.000382179801818, 0.000423406338086, 0.000622439314611, 0.000202205206733, 0.000127935199998, 4.72893989354e-05, 7.08922088961e-05, 8.60453874338e-05, 3.83115075238e-05, 2.45465180342e-05, 1.03594684333e-05, 9.45422652876e-06, 1.04542205008e-05, 1.12023190013e-05, 1.47747259689e-05, 8.27287658467e-06, 5.79413699597e-06],
        "mean": [0.000220789137529, 0.000801632530056, 0.000459083123133, 0.000153501387103, 0.000143620723975, 0.000126969724079, 8.32907098811e-05, 0.000132430097437, 0.000187711120816, 0.000165219724295, 0.000115033239126, 0.000121972087072, 0.000157969348948, 0.000119791184261, 0.000151296306285, 0.00011287680536, 6.6934087954e-05, 5.05883472215e-05, 3.61234342563e-05, 3.80848650821e-05, 3.07165137201e-05, 3.83935403079e-05, 3.21874285873e-05, 2.75392321782e-05, 3.22848827636e-05, 3.81708086934e-05, 2.21802038141e-05, 9.62509238889e-06, 5.33211277798e-06, 5.32758167537e-06, 4.60756837128e-06, 2.82968767351e-06, 1.58524323979e-06, 1.15065768114e-06, 8.71812630976e-07, 1.0535494539e-06, 6.30869010365e-07, 4.2026471192e-07, 2.57201065779e-07, 1.69712308207e-07],
        "median": [0.000140314921737, 0.000514737621415, 0.000340588914696, 0.000103473241325, 0.000100748889963, 9.9164317362e-05, 5.68451505387e-05, 6.56430056551e-05, 7.00531818438e-05, 9.00790619198e-05, 5.9667880123e-05, 2.5971165087e-05, 2.98337090499e-05, 3.86257452192e-05, 5.58848842047e-05, 2.98842587654e-05, 2.29671331908e-05, 1.61533553182e-05, 1.20076765597e-05, 8.96392975847e-06, 8.86191355676e-06, 1.18421794468e-05, 1.16831697596e-05, 1.34564570544e-05, 1.62654068845e-05, 1.77260735654e-05, 1.24670787045e-05, 5.72984436076e-06, 3.23992458107e-06, 2.50074208452e-06, 1.60142826644e-06, 1.19339983939e-06, 7.53707354306e-07, 6.34219873064e-07, 4.85002033201e-07, 5.80204925882e-07, 2.7667744007e-07, 1.65977212419e-07, 8.96482674762e-08, 6.47827889111e-08],
        "min": [5.38789436177e-06, 5.30926718056e-06, 2.4334376576e-06, 3.40404903909e-06, 3.41719692187e-06, 6.08990660567e-07, 1.06820903056e-06, 5.03913838656e-07, 1.09674829218e-06, 5.63158891964e-07, 5.86293879223e-07, 3.10059050435e-07, 3.11569749556e-07, 2.13646316638e-07, 1.46979161286e-07, 1.02637045529e-07, 4.04655793318e-07, 4.73864758987e-07, 3.51221473238e-07, 2.85721796445e-07, 1.58224267466e-07, 1.02121695988e-07, 3.46732122125e-07, 3.35654760875e-07, 2.02079874612e-07, 1.41414588484e-07, 1.43199684999e-07, 1.06221186513e-07, 7.1626239162e-08, 5.00998069697e-08, 3.3329730087e-08, 1.46834251424e-08, 1.36616273849e-08, 6.2022884606e-09, 2.92024648907e-09, 4.05312228224e-09, 3.1380722465e-09, 1.06732411798e-09, 3.58738677653e-10, 1.10047151947e-10],
