{
"highlevel": {
    "danceability": {
        "all": {
            "danceable": 0.173325061798,
            "not_danceable": 0.826674938202
        },
        "probability": 0.826674938202,
        "value": "not_danceable"
    },
    "gender": {
        "all": {
            "female": 0.281243115664,
            "male": 0.718756914139
        },
        "probability": 0.718756914139,
        "value": "male"
    },
    "genre_dortmund": {
        "all": {
            "alternative": 0.00501228868961,
            "blues": 0.00185571156908,
            "electronic": 0.180927425623,
            "folkcountry": 0.00569485034794,
            "funksoulrnb": 0.00517283938825,
            "jazz": 0.0478211268783,
            "pop": 0.00407316815108,
            "raphiphop": 0.746274113655,
            "rock": 0.00316846300848
        },
        "probability": 0.746274113655,
        "value": "raphiphop"
    },
    "genre_electronic": {
        "all": {
            "ambient": 0.806250691414,
            "dnb": 0.00734070595354,
            "house": 0.157711327076,
            "techno": 0.0219255872071,
            "trance": 0.00677167717367
        },
        "probability": 0.806250691414,
        "value": "ambient"
    },
    "genre_rosamerica": {
        "all": {
            "cla": 0.00776212196797,
            "dan": 0.00153376732487,
            "hip": 0.0230296254158,
            "jaz": 0.00637881178409,
            "pop": 0.0162002071738,
            "rhy": 0.937318980694,
            "roc": 0.00065346842166,
            "spe": 0.00712299160659
        },
        "probability": 0.937318980694,
        "value": "rhy"
    },
    "genre_tzanetakis": {
        "all": {
            "blu": 0.0525729246438,
            "cla": 0.122588448226,
            "cou": 0.0735325291753,
            "dis": 0.0612759813666,
            "hip": 0.0525243394077,
            "jaz": 0.122563019395,
            "met": 0.0735462382436,
            "pop": 0.183871716261,
            "reg": 0.0736494585872,
            "roc": 0.183875352144
        },
        "probability": 0.183875352144,
        "value": "roc"
    },
    "ismir04_rhythm": {
        "all": {
            "ChaChaCha": 0.00409779744223,
            "Jive": 0.00168858352117,
            "Quickstep": 0.00310682691634,
            "Rumba-American": 0.0101618766785,
            "Rumba-International": 0.959045886993,
            "Rumba-Misc": 0.0063498695381,
            "Samba": 0.00236746575683,
            "Tango": 0.00193590216804,
            "VienneseWaltz": 0.00483345612884,
            "Waltz": 0.00641235848889
        },
        "probability": 0.959045886993,
        "value": "Rumba-International"
    },
    "mood_acoustic": {
        "all": {
            "acoustic": 0.294992685318,
            "not_acoustic": 0.705007314682
        },
        "probability": 0.705007314682,
        "value": "not_acoustic"
    },
    "mood_aggressive": {
        "all": {
            "aggressive": 0.00729095889255,
            "not_aggressive": 0.992709040642
        },
        "probability": 0.992709040642,
        "value": "not_aggressive"
    },
    "mood_electronic": {
        "all": {
            "electronic": 0.958032548428,
            "not_electronic": 0.0419674441218
        },
        "probability": 0.958032548428,
        "value": "electronic"
    },
    "mood_happy": {
        "all": {
            "happy": 0.0465396270156,
            "not_happy": 0.953460395336
        },
        "probability": 0.953460395336,
        "value": "not_happy"
    },
    "mood_party": {
        "all": {
            "not_party": 0.946131169796,
            "party": 0.0538688004017
        },
        "probability": 0.946131169796,
        "value": "not_party"
    },
    "mood_relaxed": {
        "all": {
            "not_relaxed": 0.0286517180502,
            "relaxed": 0.971348285675
        },
        "probability": 0.971348285675,
        "value": "relaxed"
    },
    "mood_sad": {
        "all": {
            "not_sad": 0.117914102972,
            "sad": 0.88208591938
        },
        "probability": 0.88208591938,
        "value": "sad"
    },
    "moods_mirex": {
        "all": {
            "Cluster1": 0.151411265135,
            "Cluster2": 0.0779723227024,
            "Cluster3": 0.593861877918,
            "Cluster4": 0.158752501011,
            "Cluster5": 0.0180020350963
        },
        "probability": 0.593861877918,
        "value": "Cluster3"
    },
    "timbre": {
        "all": {
            "bright": 0.0830816924572,
            "dark": 0.916918337345
        },
        "probability": 0.916918337345,
        "value": "dark"
    },
    "tonal_atonal": {
        "all": {
            "atonal": 0.577910244465,
            "tonal": 0.422089755535
        },
        "probability": 0.577910244465,
        "value": "atonal"
    },
    "voice_instrumental": {
        "all": {
            "instrumental": 0.372774332762,
            "voice": 0.627225637436
        },
        "probability": 0.627225637436,
        "value": "voice"
    }
},
"lowlevel": {
    "average_loudness": 0.936399281025,
    "barkbands_crest": {
        "dmean": 2.69016051292,
        "dmean2": 4.16047048569,
        "dvar": 8.98856163025,
        "dvar2": 17.4943218231,
        "max": 26.7385158539,
        "mean": 12.5541448593,
        "median": 11.3072843552,
        "min": 2.61911582947,
        "var": 27.7651596069
    },
    "barkbands_flatness_db": {
        "dmean": 0.0429507941008,
        "dmean2": 0.0579199567437,
        "dvar": 0.00278154900298,
        "dvar2": 0.00458049541339,
        "max": 0.649214565754,
        "mean": 0.318268805742,
        "median": 0.334609627724,
        "min": 0.0559531934559,
        "var": 0.0127485366538
    },
    "barkbands_kurtosis": {
        "dmean": 38.532459259,
        "dmean2": 62.4135894775,
        "dvar": 53978.515625,
        "dvar2": 147753.46875,
        "max": 4125.93994141,
        "mean": 37.7629318237,
        "median": 6.65276432037,
        "min": -1.53062212467,
        "var": 39967.875
    },
    "barkbands_skewness": {
        "dmean": 1.29414689541,
        "dmean2": 1.96995139122,
        "dvar": 10.2719373703,
        "dvar2": 25.3145198822,
        "max": 51.5770988464,
        "mean": 2.41512846947,
        "median": 1.48418843746,
        "min": -2.14001011848,
        "var": 14.0754728317
    },
    "barkbands_spread": {
        "dmean": 3.16458582878,
        "dmean2": 4.60566473007,
        "dvar": 49.8118782043,
        "dvar2": 101.273147583,
        "max": 75.6363601685,
        "mean": 5.98399496078,
        "median": 2.96833777428,
        "min": 0.0458065345883,
        "var": 85.7745132446
    },
    "dissonance": {
        "dmean": 0.0424571894109,
        "dmean2": 0.0701342150569,
        "dvar": 0.0013949299464,
        "dvar2": 0.00341099710204,
        "max": 0.499892085791,
        "mean": 0.388553828001,
        "median": 0.398115754128,
        "min": 0.183004289865,
        "var": 0.00484254816547
    },
    "dynamic_complexity": 4.73652791977,
    "erbbands_crest": {
        "dmean": 2.65494966507,
        "dmean2": 4.04583740234,
        "dvar": 6.37647151947,
        "dvar2": 12.9798059464,
        "max": 28.1741714478,
        "mean": 13.2720708847,
        "median": 12.6409597397,
        "min": 3.23048686981,
        "var": 25.3241729736
    },
    "erbbands_flatness_db": {
        "dmean": 0.0299965143204,
        "dmean2": 0.042219620198,
        "dvar": 0.00113934325054,
        "dvar2": 0.00207667984068,
        "max": 0.399505347013,
        "mean": 0.26471221447,
        "median": 0.280864417553,
        "min": 0.0654281377792,
        "var": 0.00504186470062
    },
    "erbbands_kurtosis": {
        "dmean": 5.4542131424,
        "dmean2": 8.02167320251,
        "dvar": 93.8258132935,
        "dvar2": 182.915405273,
        "max": 155.836593628,
        "mean": 10.0082139969,
        "median": 6.05146503448,
        "min": -1.73958301544,
        "var": 190.587081909
    },
    "erbbands_skewness": {
        "dmean": 0.685205876827,
        "dmean2": 1.03525066376,
        "dvar": 0.680507719517,
        "dvar2": 1.3144544363,
        "max": 9.61130428314,
        "mean": 1.72414374352,
        "median": 1.51996052265,
        "min": -1.3084924221,
        "var": 2.17060041428
    },
    "erbbands_spread": {
        "dmean": 6.12570428848,
        "dmean2": 9.37518501282,
        "dvar": 126.276641846,
        "dvar2": 290.573303223,
        "max": 126.985656738,
        "mean": 14.518538475,
        "median": 9.15911769867,
        "min": 1.37235736847,
        "var": 225.448562622
    },
    "hfc": {
        "dmean": 6.65529441833,
        "dmean2": 10.0700445175,
        "dvar": 473.407073975,
        "dvar2": 1096.97009277,
        "max": 170.368286133,
        "mean": 9.06682014465,
        "median": 4.02006626129,
        "min": 0.0143327433616,
        "var": 453.841888428
    },
    "melbands_crest": {
        "dmean": 2.66793370247,
        "dmean2": 4.26963806152,
        "dvar": 8.87053394318,
        "dvar2": 22.1024093628,
        "max": 31.8612346649,
        "mean": 14.5431232452,
        "median": 13.5519561768,
        "min": 5.17430067062,
        "var": 25.7010135651
    },
    "melbands_flatness_db": {
        "dmean": 0.0485817417502,
        "dmean2": 0.0634986832738,
        "dvar": 0.00387133425102,
        "dvar2": 0.00600803038105,
        "max": 0.791409134865,
        "mean": 0.404458731413,
        "median": 0.424112766981,
        "min": 0.0463728234172,
        "var": 0.0194695331156
    },
    "melbands_kurtosis": {
        "dmean": 9.48674869537,
        "dmean2": 15.0971059799,
        "dvar": 388.896087646,
        "dvar2": 935.796447754,
        "max": 309.254211426,
        "mean": 15.399107933,
        "median": 7.07988071442,
        "min": -1.62820672989,
        "var": 632.605773926
    },
    "melbands_skewness": {
        "dmean": 0.744728088379,
        "dmean2": 1.12361085415,
        "dvar": 0.995668590069,
        "dvar2": 2.34648537636,
        "max": 13.2045888901,
        "mean": 1.87289261818,
        "median": 1.65971159935,
        "min": -2.15173411369,
        "var": 2.19624137878
    },
    "melbands_spread": {
        "dmean": 3.03839874268,
        "dmean2": 4.27361965179,
        "dvar": 45.4704589844,
        "dvar2": 97.1304244995,
        "max": 66.398399353,
        "mean": 6.33329105377,
        "median": 3.71908116341,
        "min": 0.238045066595,
        "var": 77.4391403198
    },
    "pitch_salience": {
        "dmean": 0.0795820876956,
        "dmean2": 0.119039557874,
        "dvar": 0.00820413045585,
        "dvar2": 0.0156736578792,
        "max": 0.867327988148,
        "mean": 0.542249262333,
        "median": 0.581191539764,
        "min": 0.0158869642764,
        "var": 0.0292432829738
    },
    "silence_rate_20dB": {
        "dmean": 0.0371517017484,
        "dmean2": 0.0743609592319,
        "dvar": 0.0357718840241,
        "dvar2": 0.101364396513,
        "max": 1,
        "mean": 0.979118347168,
        "median": 1,
        "min": 0,
        "var": 0.0204458478838
    },
    "silence_rate_30dB": {
        "dmean": 0.0510835908353,
        "dmean2": 0.102246321738,
        "dvar": 0.0484738647938,
        "dvar2": 0.10573399812,
        "max": 1,
        "mean": 0.888631105423,
        "median": 1,
        "min": 0,
        "var": 0.098966896534
    },
    "silence_rate_60dB": {
        "dmean": 0.0557275526226,
        "dmean2": 0.111541442573,
        "dvar": 0.0526216924191,
        "dvar2": 0.114591665566,
        "max": 1,
        "mean": 0.201082751155,
        "median": 0,
        "min": 0,
        "var": 0.160649865866
    },
    "spectral_centroid": {
        "dmean": 118.634895325,
        "dmean2": 159.688171387,
        "dvar": 57772.8242188,
        "dvar2": 105936.796875,
        "max": 2552.01269531,
        "mean": 442.280273438,
        "median": 336.92791748,
        "min": 78.6447067261,
        "var": 131769.546875
    },
    "spectral_complexity": {
        "dmean": 2.12616109848,
        "dmean2": 3.25948882103,
        "dvar": 36.5281829834,
        "dvar2": 64.4227294922,
        "max": 59,
        "mean": 6.9497294426,
        "median": 6,
        "min": 0,
        "var": 57.3746681213
    },
    "spectral_decrease": {
        "dmean": 5.48124035049e-09,
        "dmean2": 6.84904177817e-09,
        "dvar": 1.67346618558e-16,
        "dvar2": 2.2905668777e-16,
        "max": -3.52770265256e-12,
        "mean": -1.07228341761e-08,
        "median": -3.74614117504e-09,
        "min": -1.08960691136e-07,
        "var": 4.45844420935e-16
    },
    "spectral_energy": {
        "dmean": 0.0212512072176,
        "dmean2": 0.0266170818359,
        "dvar": 0.00244394293986,
        "dvar2": 0.0033873943612,
        "max": 0.414275705814,
        "mean": 0.0412928275764,
        "median": 0.0146394157782,
        "min": 1.46143474922e-05,
        "var": 0.00646964227781
    },
    "spectral_energyband_high": {
        "dmean": 0.000363742059562,
        "dmean2": 0.000612691161223,
        "dvar": 2.63800893663e-06,
        "dvar2": 6.21916524324e-06,
        "max": 0.012751548551,
        "mean": 0.000275564467302,
        "median": 1.67886753388e-06,
        "min": 5.62215120681e-07,
        "var": 2.24036602958e-06
    },
    "spectral_energyband_low": {
        "dmean": 0.0181742571294,
        "dmean2": 0.0219165179878,
        "dvar": 0.00247226166539,
        "dvar2": 0.00337415910326,
        "max": 0.407748103142,
        "mean": 0.0313663929701,
        "median": 0.00244873203337,
        "min": 5.26330552475e-07,
        "var": 0.00624947808683
    },
    "spectral_energyband_middle_high": {
        "dmean": 0.000892782816663,
        "dmean2": 0.00131638185121,
        "dvar": 1.43775805554e-05,
        "dvar2": 3.18732236337e-05,
        "max": 0.0312248561531,
        "mean": 0.00087520852685,
        "median": 6.48237328278e-05,
        "min": 2.53443272413e-06,
        "var": 1.44455752888e-05
    },
    "spectral_energyband_middle_low": {
        "dmean": 0.00600498961285,
        "dmean2": 0.0104758031666,
        "dvar": 0.000245349685429,
        "dvar2": 0.00067642016802,
        "max": 0.131702825427,
        "mean": 0.0102645456791,
        "median": 0.008245610632,
        "min": 1.01669556898e-05,
        "var": 0.000182312913239
    },
    "spectral_entropy": {
        "dmean": 0.345065951347,
        "dmean2": 0.487236559391,
        "dvar": 0.196350872517,
        "dvar2": 0.343514919281,
        "max": 8.54024410248,
        "mean": 6.0347943306,
        "median": 5.72311306,
        "min": 4.14136075974,
        "var": 0.815410614014
    },
    "spectral_flux": {
        "dmean": 0.0433242507279,
        "dmean2": 0.0646972060204,
        "dvar": 0.00560561334714,
        "dvar2": 0.0110363392159,
        "max": 0.577719867229,
        "mean": 0.073415748775,
        "median": 0.0357951559126,
        "min": 0.00223715184256,
        "var": 0.0102171385661
    },
    "spectral_kurtosis": {
        "dmean": 12.7297716141,
        "dmean2": 19.8288707733,
        "dvar": 172.234817505,
        "dvar2": 381.42376709,
        "max": 139.944625854,
        "mean": 31.2748355865,
        "median": 27.3234157562,
        "min": -0.0766875743866,
        "var": 604.038330078
    },
    "spectral_rms": {
        "dmean": 0.00120668509044,
        "dmean2": 0.00151406368241,
        "dvar": 4.966945653e-06,
        "dvar2": 7.25061681806e-06,
        "max": 0.020104015246,
        "mean": 0.00470331544057,
        "median": 0.00377920060419,
        "min": 0.000119406446174,
        "var": 1.81645336852e-05
    },
    "spectral_rolloff": {
        "dmean": 254.980987549,
        "dmean2": 403.024871826,
        "dvar": 726658.1875,
        "dvar2": 1683366.125,
        "max": 10185.2050781,
        "mean": 554.099304199,
        "median": 387.59765625,
        "min": 64.599609375,
        "var": 754035.375
    },
    "spectral_skewness": {
        "dmean": 0.91292154789,
        "dmean2": 1.38145375252,
        "dvar": 0.763462126255,
        "dvar2": 1.60339653492,
        "max": 9.49403190613,
        "mean": 4.1805472374,
        "median": 4.31737232208,
        "min": 0.722056090832,
        "var": 3.47922849655
    },
    "spectral_spread": {
        "dmean": 1016017.0625,
        "dmean2": 1639130.75,
        "dvar": 2.59568723558e+12,
        "dvar2": 5.68826999603e+12,
        "max": 20028404,
        "mean": 2874767.5,
        "median": 2114824.5,
        "min": 645820.8125,
        "var": 3.99976877261e+12
    },
    "spectral_strongpeak": {
        "dmean": 0.219493195415,
        "dmean2": 0.336686968803,
        "dvar": 0.0878868848085,
        "dvar2": 0.151901513338,
        "max": 2.74653911591,
        "mean": 0.562005460262,
        "median": 0.422534674406,
        "min": 0.00515308277681,
        "var": 0.23905429244
    },
    "zerocrossingrate": {
        "dmean": 0.00691568013281,
        "dmean2": 0.00829548574984,
        "dvar": 0.00015332068142,
        "dvar2": 0.000196711145691,
        "max": 0.1708984375,
        "mean": 0.0227539818734,
        "median": 0.015625,
        "min": 0.0029296875,
        "var": 0.000513576087542
    },
    "barkbands": {
        "dmean": [7.65238728491e-05, 0.0169271379709, 0.00535617908463, 0.00229378021322, 0.00210668216459, 0.00124139769468, 0.000510828511324, 0.000688018510118, 0.000204739699257, 0.000166284371517, 0.000123566627735, 0.000116313181934, 9.36082215048e-05, 9.30301539483e-05, 0.000113768452138, 8.07598844403e-05, 7.36181755201e-05, 4.83550247736e-05, 5.73722572881e-05, 3.60265330528e-05, 7.28018640075e-05, 5.80195264774e-05, 7.18183073332e-05, 6.48725326755e-05, 5.3427000239e-05, 3.69958324882e-05, 4.3263277405e-09],
        "dmean2": [0.000118860050861, 0.0203476920724, 0.00940885953605, 0.00417572492734, 0.00368254142813, 0.00209938664921, 0.000795257743448, 0.00109764107037, 0.000341424893122, 0.000237256608671, 0.000218053624849, 0.000212977232877, 0.000160308802151, 0.000165921635926, 0.000185317228897, 0.00013030183618, 0.000118524920254, 7.93748695287e-05, 9.9226970633e-05, 5.69923649891e-05, 0.000122949946672, 9.662409866e-05, 0.000121747441881, 0.000108401436592, 9.15725831874e-05, 6.27737972536e-05, 8.32390867345e-09],
        "dvar": [3.29843565794e-08, 0.00234824442305, 0.000402802135795, 7.61626797612e-05, 1.98302495846e-05, 1.40313359225e-05, 1.4094745211e-06, 6.32057708572e-06, 6.44045542231e-07, 3.02626204984e-07, 3.81720525411e-07, 4.19461514412e-07, 1.88436686699e-07, 2.35886744804e-07, 2.92784903877e-07, 1.47286257857e-07, 1.25209538737e-07, 5.36449924482e-08, 8.47936547643e-08, 2.88248696023e-08, 1.22661646174e-07, 7.06277134555e-08, 1.13953724679e-07, 8.60039008899e-08, 5.49214007606e-08, 2.32024479629e-08, 1.71895235777e-15],
        "dvar2": [7.99539492391e-08, 0.00347435637377, 0.00113275228068, 0.000215075298911, 5.6596709328e-05, 3.94804810639e-05, 3.67793018086e-06, 1.66932932189e-05, 1.65149583609e-06, 6.38030314803e-07, 1.05753588286e-06, 1.19644846563e-06, 4.92551350817e-07, 6.4069547534e-07, 6.78667504417e-07, 2.91339461e-07, 2.61275374669e-07, 1.22353739584e-07, 2.21022588676e-07, 6.67448460945e-08, 3.11174289891e-07, 1.67148385799e-07, 2.83118737343e-07, 1.90172585235e-07, 1.35871957241e-07, 5.97292597604e-08, 5.14044051601e-15],
        "max": [0.00186374457553, 0.383131712675, 0.155252724886, 0.0890437960625, 0.0382163152099, 0.043776486069, 0.0116258040071, 0.0253440272063, 0.00877913832664, 0.00593447778374, 0.00574288982898, 0.00616230675951, 0.00428260117769, 0.00458754319698, 0.00487291719764, 0.00350635265931, 0.00369854457676, 0.00218914193101, 0.002819332527, 0.00163928116672, 0.00321214320138, 0.00226872414351, 0.00310504389927, 0.00236435630359, 0.00204244884662, 0.00145131000318, 1.01499153971e-06],
        "mean": [0.000101664896647, 0.0246567558497, 0.00516855437309, 0.00202711788006, 0.0032367692329, 0.00263567338698, 0.0012035620166, 0.000841334986035, 0.000242096779402, 0.000249911245191, 0.000100841702078, 8.03763687145e-05, 7.97130560386e-05, 6.48133354844e-05, 9.09820882953e-05, 7.71650884417e-05, 6.38238489046e-05, 3.99113996536e-05, 3.98147712986e-05, 2.86801896436e-05, 5.17010266776e-05, 4.42282253061e-05, 5.19837558386e-05, 5.23392445757e-05, 3.82004764106e-05, 2.48871892836e-05, 2.78789502595e-09],
        "median": [1.63662411978e-06, 0.000285447109491, 0.00134148309007, 0.000527904310729, 0.0020310562104, 0.00113448454067, 0.000533056969289, 9.15722048376e-05, 4.46035191999e-05, 2.27927903325e-05, 6.7816426963e-06, 3.97302846977e-06, 4.62658408651e-06, 1.24409984892e-06, 1.40841837037e-06, 1.17698573376e-06, 6.3683182816e-07, 7.00810915077e-07, 3.14198075557e-07, 3.91207976236e-07, 3.22158768995e-07, 3.88020197306e-07, 2.84923970639e-07, 2.57345561749e-07, 1.17528415444e-07, 4.75813344281e-08, 2.29922067496e-10],
        "min": [1.46547302071e-10, 5.7947740828e-08, 1.43107968142e-07, 8.05457460729e-08, 3.13895810677e-07, 4.18820746972e-07, 4.42501175257e-07, 3.59214169521e-07, 2.35317031638e-07, 1.38685109619e-07, 1.28879946715e-07, 1.25784751503e-07, 1.43825985788e-07, 6.49016698162e-08, 1.22987046325e-07, 2.85026686697e-08, 6.90251482638e-08, 7.44143520137e-08, 2.52204088724e-08, 4.96186167709e-08, 6.97491628898e-08, 1.82301214124e-08, 9.23450116375e-09, 2.45677012067e-09, 1.1518140608e-11, 1.07394110965e-11, 1.37999828578e-11],
        "var": [6.03909242614e-08, 0.00498178415, 0.000261089473497, 4.61039198854e-05, 1.79294547706e-05, 1.46117399709e-05, 2.43850354309e-06, 5.8503337641e-06, 6.955091294e-07, 4.26980392376e-07, 2.52751505059e-07, 2.48097308031e-07, 1.52174862933e-07, 1.56244382765e-07, 2.5671710091e-07, 1.59839885328e-07, 1.23936857221e-07, 4.83182489575e-08, 6.05673307064e-08, 2.56756642614e-08, 9.25559220377e-08, 5.98064886503e-08, 8.85620465851e-08, 7.95036143586e-08, 4.32745288492e-08, 1.72231224838e-08, 8.76234937506e-16]
    },
    "erbbands": {
        "dmean": [0.284475415945, 4.40761756897, 6.23257112503, 7.99862957001, 4.75547027588, 8.32051849365, 9.88598155975, 11.3424825668, 7.77974653244, 13.0608730316, 10.5027589798, 5.62261915207, 3.60105037689, 5.58653497696, 5.0192990303, 4.13289117813, 4.19619035721, 3.80151939392, 5.23518228531, 6.52897500992, 4.45358371735, 3.73611688614, 3.00143957138, 2.70809340477, 2.55035996437, 1.93165183067, 2.53661775589, 2.59952569008, 1.98976814747, 2.17148470879, 1.91029286385, 1.40770053864, 1.15047085285, 0.598524749279, 0.412777394056, 0.184991121292, 0.0732036978006, 0.00407043052837, 9.11567767616e-05, 2.83884364762e-05],
        "dmean2": [0.373902946711, 5.28196620941, 9.26352977753, 14.5099649429, 8.27926254272, 14.5096464157, 17.7034301758, 18.4715461731, 11.816327095, 20.6719856262, 17.9469566345, 9.63155269623, 5.46596336365, 8.10773849487, 8.67068099976, 7.43145704269, 6.97219324112, 6.74010658264, 8.80539894104, 10.3869438171, 7.05208301544, 6.16353178024, 4.91488409042, 4.60212564468, 4.20129776001, 3.18750786781, 4.30604076385, 4.38581848145, 3.2537856102, 3.58136034012, 3.2223918438, 2.33196616173, 1.94765079021, 1.00934970379, 0.718530356884, 0.314128309488, 0.12589174509, 0.00666817789897, 0.000144723206176, 3.71830283257e-05],
        "dvar": [0.673099219799, 158.653564453, 409.44442749, 939.041381836, 192.419006348, 308.428161621, 607.507385254, 1078.35144043, 227.421005249, 2063.62182617, 1824.23779297, 532.120117188, 131.955505371, 464.165527344, 618.758361816, 510.918579102, 357.041229248, 374.932647705, 657.349914551, 942.873474121, 445.082427979, 319.337768555, 203.546676636, 187.022445679, 147.937072754, 86.0199813843, 144.027313232, 162.047363281, 84.2893600464, 95.0210647583, 81.0060424805, 41.2074623108, 27.2591667175, 6.58343029022, 3.47174286842, 0.571433663368, 0.101475790143, 0.00031248445157, 1.31469136022e-07, 3.85999587849e-09],
        "dvar2": [0.987312078476, 231.815093994, 1010.49334717, 2686.73217773, 542.421020508, 885.649414062, 1715.28076172, 2974.39868164, 539.505310059, 5444.42919922, 4989.13037109, 1457.12219238, 342.924591064, 918.02130127, 1681.63476562, 1427.57983398, 917.372680664, 1002.35455322, 1600.41906738, 2042.13317871, 900.938049316, 665.856079102, 448.998901367, 483.800384521, 366.376800537, 202.856948853, 358.284667969, 410.136047363, 196.936248779, 226.572494507, 202.911437988, 96.1128692627, 61.1339073181, 15.6222801208, 8.93465995789, 1.45208144188, 0.266486018896, 0.000762773212045, 3.24499950466e-07, 6.60276899822e-09],
        "max": [6.56465625763, 99.4622802734, 164.720443726, 278.798126221, 151.940872192, 155.3487854, 160.284851074, 435.432067871, 189.723953247, 492.253051758, 378.299560547, 261.397186279, 124.702079773, 206.184890747, 240.221252441, 220.815292358, 162.4896698, 187.352279663, 231.346679688, 284.023223877, 182.119796753, 162.446716309, 126.356262207, 136.253936768, 97.058052063, 87.3716049194, 97.4060897827, 134.132247925, 82.0981445312, 94.2814483643, 80.7191467285, 54.3363113403, 41.0324211121, 23.7269039154, 17.8094291687, 6.90772867203, 3.16746997833, 0.166281864047, 0.0033557517454, 0.00044735809206],
        "mean": [0.451281815767, 6.32761764526, 7.96953773499, 7.40114879608, 7.08496189117, 11.0816659927, 12.4806051254, 28.4897403717, 20.4828128815, 20.0137195587, 11.6801757812, 6.27741098404, 6.16590929031, 6.59900569916, 4.1510386467, 3.03116822243, 3.63756012917, 2.88875055313, 4.08308362961, 5.58743238449, 4.08160257339, 3.26323580742, 2.52011632919, 1.93202054501, 1.84526908398, 1.51227712631, 1.85514438152, 1.85860085487, 1.53280997276, 1.62397456169, 1.36714398861, 1.08098006248, 0.919844448566, 0.444107502699, 0.282033145428, 0.126383051276, 0.048528522253, 0.00290762097575, 7.82154384069e-05, 4.90805468871e-05],
        "median": [0.0021977298893, 0.101095214486, 1.19059669971, 2.58957505226, 2.68318557739, 6.58265304565, 7.53327941895, 12.2524108887, 9.76340961456, 7.7608628273, 1.7882450819, 1.58120083809, 0.988419771194, 0.453342348337, 0.362957268953, 0.164683997631, 0.208833441138, 0.119575850666, 0.0782711058855, 0.0843413174152, 0.0580871775746, 0.03974352777, 0.0437533184886, 0.0230699069798, 0.013586319983, 0.0179949942976, 0.0155212963, 0.0128200529143, 0.0135740600526, 0.0110920099542, 0.00813850387931, 0.00623365910724, 0.00375136686489, 0.00160322384909, 0.000661604222842, 0.000213940555113, 9.27381188376e-05, 6.47795286568e-06, 7.49609216655e-06, 1.63579206856e-05],
        "min": [2.19026946979e-06, 1.62066680787e-05, 0.000132750006742, 0.000646117317956, 0.00213135499507, 0.00205345312133, 0.00328530021943, 0.00226440001279, 0.00657581770793, 0.0201890897006, 0.0143447015435, 0.00632263487205, 0.0050762151368, 0.00392143055797, 0.0082188481465, 0.00789762288332, 0.00616041105241, 0.00577215338126, 0.00592218386009, 0.00658216048032, 0.00530558777973, 0.00568166328594, 0.0046800696291, 0.00296597159468, 0.00187351333443, 0.00264392327517, 0.00292229582556, 0.00193248130381, 0.000505305943079, 0.00116699142382, 0.000524544331711, 0.00038807943929, 4.18402451032e-05, 1.36626767926e-05, 2.89934405373e-06, 4.47136386583e-07, 1.25998411704e-07, 3.69574877368e-08, 2.0745890339e-08, 2.02726617715e-08],
        "var": [1.49843251705, 334.591400146, 458.220855713, 552.512207031, 147.660400391, 260.435241699, 414.466064453, 1596.79406738, 636.719909668, 2027.81188965, 1387.26660156, 418.180603027, 165.462615967, 599.406311035, 424.481018066, 318.241363525, 299.686248779, 260.836608887, 532.47052002, 913.217834473, 465.54006958, 316.24810791, 189.967819214, 137.139846802, 117.015625, 73.6622161865, 112.807365417, 122.395690918, 72.9055175781, 79.5188980103, 62.2362136841, 35.4983673096, 24.7257556915, 5.5626077652, 2.54037261009, 0.43454477191, 0.0719342008233, 0.000253648060607, 1.0656604843e-07, 8.44265013455e-09]
    },
    "gfcc": {
        "mean": [-162.93119812, 164.198257446, -64.0155258179, 19.0679779053, -70.1313934326, -1.15317249298, -36.4747543335, -7.01289606094, -9.62526798248, -7.10293006897, -7.0088133812, -7.03952693939, -6.23737192154],
        "cov": [[7186.57373047, -1108.2565918, 760.668579102, -23.965171814, 282.471984863, 314.630432129, -187.875976562, 357.109863281, -295.522583008, 296.246490479, -461.224121094, 293.901794434, -98.5720443726], [-1108.2565918, 2523.52075195, 658.243652344, -176.720718384, 407.079620361, -331.04006958, 456.789916992, -449.210388184, 429.488250732, -450.99041748, 324.410644531, -346.039398193, 225.866638184], [760.668579102, 658.243652344, 1512.15283203, 161.071517944, 515.813537598, 4.75620746613, 282.071563721, 40.753288269, 98.3850708008, 6.04248666763, -33.244972229, 29.3504161835, 37.7078361511], [-23.965171814, -176.720718384, 161.071517944, 413.993164062, 170.472564697, 136.755096436, 128.244277954, 72.3346939087, 76.1484527588, -20.5951747894, 47.3965759277, 4.68732976913, 29.3994293213], [282.471984863, 407.079620361, 515.813537598, 170.472564697, 606.973388672, 213.466720581, 350.206573486, 75.0601577759, 179.084213257, 7.84408187866, 65.6541137695, -13.7163248062, 14.2863855362], [314.630432129, -331.04006958, 4.75620746613, 136.755096436, 213.466720581, 319.044830322, 129.952697754, 175.903182983, 15.1046104431, 117.152656555, 6.50960302353, 49.3162117004, -25.2013130188], [-187.875976562, 456.789916992, 282.071563721, 128.244277954, 350.206573486, 129.952697754, 376.367492676, 64.287071228, 214.77154541, -41.4727973938, 119.615737915, -33.3073005676, 51.1989822388], [357.109863281, -449.210388184, 40.753288269, 72.3346939087, 75.0601577759, 175.903182983, 64.287071228, 267.604644775, 14.5717439651, 162.36529541, -48.8236961365, 100.442268372, -20.6585445404], [-295.522583008, 429.488250732, 98.3850708008, 76.1484527588, 179.084213257, 15.1046104431, 214.77154541, 14.5717439651, 242.872268677, -39.1570701599, 128.0519104, -51.5475234985, 66.780128479], [296.246490479, -450.99041748, 6.04248666763, -20.5951747894, 7.84408187866, 117.152656555, -41.4727973938, 162.36529541, -39.1570701599, 222.737640381, -38.4918022156, 109.496734619, -60.2856292725], [-461.224121094, 324.410644531, -33.244972229, 47.3965759277, 65.6541137695, 6.50960302353, 119.615737915, -48.8236961365, 128.0519104, -38.4918022156, 163.151565552, -41.3150634766, 61.8843727112], [293.901794434, -346.039398193, 29.3504161835, 4.68732976913, -13.7163248062, 49.3162117004, -33.3073005676, 100.442268372, -51.5475234985, 109.496734619, -41.3150634766, 151.582519531, -1.54610753059], [-98.5720443726, 225.866638184, 37.7078361511, 29.3994293213, 14.2863855362, -25.2013130188, 51.1989822388, -20.6585445404, 66.780128479, -60.2856292725, 61.8843727112, -1.54610753059, 126.761550903]],
        "icov": [[0.000205557022127, 6.77622301737e-05, -0.000120201984828, 0.000144296354847, -0.000132085027872, -0.000257531093666, 0.000247604126344, 3.2505395211e-05, -0.000189329308341, 0.000114579568617, 0.000476220535347, -0.000139431474963, -0.000169583305251], [6.77622301737e-05, 0.00368636334315, -0.00126310694031, 0.00306555675343, -0.00116557965521, 0.00128663273063, -0.00163880444597, 0.00240890658461, -0.00201296852902, 0.00213977321982, -0.0022460303735, 0.00308862724341, -0.00219706865028], [-0.000120201984828, -0.00126310694031, 0.00188369129319, -0.00168760947417, -0.000953398528509, 0.00155737705063, -0.000815865991171, -0.000525838171598, 0.00186650978867, -0.00230838288553, 0.00175725703593, -0.000608625938185, -0.000297320540994], [0.000144296354847, 0.00306555675343, -0.00168760947417, 0.00626233499497, -0.00107077509165, -0.0011926147854, 0.000299563078443, 0.00040757865645, -0.00280612707138, 0.00503774126992, -0.00336408009753, 0.00141862349119, -0.000937645614613], [-0.000132085027872, -0.00116557965521, -0.000953398528509, -0.00107077509165, 0.00685429153964, -0.00443533901125, -0.0030306277331, 0.00236440706067, -0.00197946070693, -0.00122234586161, 0.00272560236044, -0.00138764677104, 0.00157514947932], [-0.000257531093666, 0.00128663273063, 0.00155737705063, -0.0011926147854, -0.00443533901125, 0.0121170738712, -0.004093258176, -0.00350484414957, 0.00597285851836, -0.00364509131759, -0.00314067094587, 0.00403920700774, -0.00198617368005], [0.000247604126344, -0.00163880444597, -0.000815865991171, 0.000299563078443, -0.0030306277331, -0.004093258176, 0.0149471387267, -0.00625754054636, -0.0054247174412, 0.00732796359807, -0.00430903257802, -0.00385450711474, 0.00415617693216], [3.2505395211e-05, 0.00240890658461, -0.000525838171598, 0.00040757865645, 0.00236440706067, -0.00350484414957, -0.00625754054636, 0.0168408341706, -0.00527875637636, -0.00776801025495, 0.00808599963784, 0.000317046418786, -0.00475341873243], [-0.000189329308341, -0.00201296852902, 0.00186650978867, -0.00280612707138, -0.00197946070693, 0.00597285851836, -0.0054247174412, -0.00527875637636, 0.0171050634235, -0.00452309194952, -0.00514248851687, 0.00333931460045, -0.00233465922065], [0.000114579568617, 0.00213977321982, -0.00230838288553, 0.00503774126992, -0.00122234586161, -0.00364509131759, 0.00732796359807, -0.00776801025495, -0.00452309194952, 0.020992860198, -0.00889631453902, -0.00626302370802, 0.00761548010632], [0.000476220535347, -0.0022460303735, 0.00175725703593, -0.00336408009753, 0.00272560236044, -0.00314067094587, -0.00430903257802, 0.00808599963784, -0.00514248851687, -0.00889631453902, 0.0216452032328, -0.000800644629635, -0.00534216780216], [-0.000139431474963, 0.00308862724341, -0.000608625938185, 0.00141862349119, -0.00138764677104, 0.00403920700774, -0.00385450711474, 0.000317046418786, 0.00333931460045, -0.00626302370802, -0.000800644629635, 0.0168622173369, -0.0073331091553], [-0.000169583305251, -0.00219706865028, -0.000297320540994, -0.000937645614613, 0.00157514947932, -0.00198617368005, 0.00415617693216, -0.00475341873243, -0.00233465922065, 0.00761548010632, -0.00534216780216, -0.0073331091553, 0.0163222178817]]
    },
    "melbands": {
        "dmean": [0.0039165103808, 0.00379959121346, 0.00124153902289, 0.000422195618739, 0.000378293159883, 0.000247165269684, 0.000108602871478, 0.00014974498481, 7.52999185352e-05, 3.20056205965e-05, 1.78155623871e-05, 2.38348948187e-05, 1.76683479367e-05, 1.55542202265e-05, 7.40447148928e-06, 9.1667743618e-06, 7.01738099451e-06, 9.07182675292e-06, 8.14382929093e-06, 7.4392200986e-06, 4.97668270327e-06, 3.959127298e-06, 3.50502318724e-06, 2.17157571569e-06, 2.225445769e-06, 2.13145835914e-06, 1.64888751897e-06, 1.11713495698e-06, 1.34643050842e-06, 1.87924877082e-06, 1.31807223624e-06, 1.0142375686e-06, 1.27602811517e-06, 1.17538013455e-06, 9.79583887784e-07, 1.31271804094e-06, 6.95362928127e-07, 8.01728560873e-07, 7.03075841102e-07, 4.44198576588e-07],
        "dmean2": [0.00473715318367, 0.00486926734447, 0.00224051275291, 0.000735593319405, 0.000673691625707, 0.000405711267376, 0.000164519296959, 0.000234067163547, 0.000129667489091, 5.44777503819e-05, 2.68105304713e-05, 3.49957772414e-05, 3.13645796268e-05, 2.83705521724e-05, 1.20346821859e-05, 1.55505586008e-05, 1.24738862723e-05, 1.56010100909e-05, 1.31094238895e-05, 1.24379739646e-05, 7.73276406107e-06, 6.32570299786e-06, 5.74539717491e-06, 3.5877362734e-06, 3.84829309041e-06, 3.64163429367e-06, 2.61188233708e-06, 1.86866714103e-06, 2.31952321883e-06, 3.15516399496e-06, 2.23540155275e-06, 1.67904977388e-06, 2.11432325159e-06, 1.95026882466e-06, 1.62402784554e-06, 2.26573911277e-06, 1.13286614578e-06, 1.35621053232e-06, 1.19078629268e-06, 7.53181552682e-07],
        "dvar": [0.000126512415591, 0.000120802906167, 2.25419880735e-05, 7.9414570564e-07, 7.42315648949e-07, 5.14092732828e-07, 4.33238120934e-08, 2.6539441933e-07, 9.54997361191e-08, 1.65869309399e-08, 3.06943137574e-09, 8.25163404272e-09, 8.26097146245e-09, 7.47205142204e-09, 1.07532271976e-09, 1.80228432178e-09, 1.29895294521e-09, 2.0534722811e-09, 1.47690570884e-09, 1.275978323e-09, 5.59974622227e-10, 3.58666790712e-10, 2.78639028517e-10, 1.11004157255e-10, 1.33352204279e-10, 1.11692877169e-10, 6.22362925085e-11, 2.90531244895e-11, 4.277475249e-11, 7.74342603926e-11, 4.36307934226e-11, 2.29119015427e-11, 3.3007659106e-11, 2.82607669905e-11, 2.11850485071e-11, 4.05761223232e-11, 1.00403583017e-11, 1.37137705705e-11, 9.73425246659e-12, 3.57739749282e-12],
        "dvar2": [0.000181902141776, 0.000198036679649, 6.42381128273e-05, 2.28038743444e-06, 2.07843572753e-06, 1.43020758969e-06, 1.05306746434e-07, 6.90483943799e-07, 2.59384108858e-07, 4.52366570869e-08, 7.90331622369e-09, 1.65272115993e-08, 2.29926655493e-08, 2.12405257827e-08, 2.69433830802e-09, 4.6734696113e-09, 3.47927309186e-09, 5.22319476559e-09, 3.33148020282e-09, 2.4455950598e-09, 1.17814602518e-09, 7.52868434262e-10, 6.6623628836e-10, 2.41707875936e-10, 3.5431374501e-10, 2.86856649545e-10, 1.52452148128e-10, 6.70692598681e-11, 1.07463496435e-10, 1.9259102646e-10, 1.11174937312e-10, 5.33844184136e-11, 7.879583791e-11, 6.68691491068e-11, 5.16986696508e-11, 1.07148137585e-10, 2.15041682378e-11, 3.01978234085e-11, 2.2631124405e-11, 8.80118807695e-12],
        "max": [0.0906752198935, 0.0876388326287, 0.0447968058288, 0.00762154581025, 0.00616939319298, 0.00917689315975, 0.00246706861071, 0.00566362263635, 0.00270068855025, 0.00157364155166, 0.000598759390414, 0.000911028997507, 0.000850631040521, 0.0008158707642, 0.000285245187115, 0.000417368632043, 0.000345070089679, 0.000409066473367, 0.000359854282578, 0.000293502875138, 0.000226481832215, 0.000207350283745, 0.000137226408697, 0.000103183338069, 0.000122001278214, 9.47699518292e-05, 7.35975700081e-05, 4.97355467814e-05, 5.55652914045e-05, 7.96992317191e-05, 7.32506814529e-05, 4.41622505605e-05, 5.21423789905e-05, 5.66034905205e-05, 4.62949174107e-05, 5.46149203728e-05, 2.51829678746e-05, 3.0460922062e-05, 3.01765921904e-05, 1.75904115167e-05],
        "mean": [0.00585849862546, 0.00605032127351, 0.00121728773229, 0.000669733213726, 0.000484806805616, 0.000602228625212, 0.000288497336442, 0.000218949920963, 8.1612233771e-05, 3.60735684808e-05, 3.06163965433e-05, 2.80573331111e-05, 1.37763081511e-05, 1.07867408587e-05, 6.43654948362e-06, 8.05062427389e-06, 5.08734365212e-06, 6.73873819323e-06, 6.69231849315e-06, 7.22338245396e-06, 4.40923304268e-06, 3.43683245774e-06, 2.66657093562e-06, 1.88747901575e-06, 1.5347925455e-06, 1.49193408561e-06, 1.21771699924e-06, 9.01344037629e-07, 9.94248125608e-07, 1.34647825689e-06, 9.46937291246e-07, 7.92636569713e-07, 9.58449390964e-07, 8.83059101398e-07, 7.23573464256e-07, 8.7954964556e-07, 5.7729278069e-07, 6.55383473713e-07, 5.38515507742e-07, 3.17059345889e-07],
        "median": [4.67200043204e-05, 0.000495411513839, 0.00044101945241, 0.000361077429261, 0.000291449425276, 0.000261803070316, 0.000127675477415, 7.20209136489e-05, 1.06457700895e-05, 8.90592309588e-06, 4.32437218478e-06, 1.71263036464e-06, 9.1055642315e-07, 6.67160065859e-07, 2.59523488921e-07, 4.78805759485e-07, 1.54972155997e-07, 1.04780731647e-07, 9.21731597714e-08, 1.14774834969e-07, 5.1119577904e-08, 3.94182890773e-08, 3.83331908438e-08, 3.21779367596e-08, 1.59318176429e-08, 9.42411659821e-09, 9.23413168152e-09, 1.25071153434e-08, 1.03930331008e-08, 8.0205060371e-09, 7.13954806386e-09, 8.06760525052e-09, 6.48513687196e-09, 5.85410431242e-09, 4.83071893598e-09, 4.08156397569e-09, 3.80942255518e-09, 2.93436097643e-09, 1.71737535304e-09, 1.12238873751e-09],
