{
"highlevel": {
    "danceability": {
        "all": {
            "danceable": 0.0101831387728,
            "not_danceable": 0.989816844463
        },
        "probability": 0.989816844463,
        "value": "not_danceable"
    },
    "gender": {
        "all": {
            "female": 0.0738060325384,
            "male": 0.92619395256
        },
        "probability": 0.92619395256,
        "value": "male"
    },
    "genre_dortmund": {
        "all": {
            "alternative": 0.133390545845,
            "blues": 0.0384309701622,
            "electronic": 0.0239400882274,
            "folkcountry": 0.0744799897075,
            "funksoulrnb": 0.0105151766911,
            "jazz": 0.0193086881191,
            "pop": 0.0532760433853,
            "raphiphop": 0.00341587746516,
            "rock": 0.64324259758
        },
        "probability": 0.64324259758,
        "value": "rock"
    },
    "genre_electronic": {
        "all": {
            "ambient": 0.187693506479,
            "dnb": 0.514992415905,
            "house": 0.0493107028306,
            "techno": 0.0123615246266,
            "trance": 0.235641866922
        },
        "probability": 0.514992415905,
        "value": "dnb"
    },
    "genre_rosamerica": {
        "all": {
            "cla": 0.0032550576143,
            "dan": 0.004451577086,
            "hip": 0.00587890902534,
            "jaz": 0.00101939355955,
            "pop": 0.103235334158,
            "rhy": 0.00096723891329,
            "roc": 0.881003022194,
            "spe": 0.000189466110896
        },
        "probability": 0.881003022194,
        "value": "roc"
    },
    "genre_tzanetakis": {
        "all": {
            "blu": 0.0626541376114,
            "cla": 0.0348133966327,
            "cou": 0.0783501937985,
            "dis": 0.104547761381,
            "hip": 0.15693578124,
            "jaz": 0.313987255096,
            "met": 0.044816005975,
            "pop": 0.0627349764109,
            "reg": 0.0627352520823,
            "roc": 0.0784252434969
        },
        "probability": 0.313987255096,
        "value": "jaz"
    },
    "ismir04_rhythm": {
        "all": {
            "ChaChaCha": 0.122569732368,
            "Jive": 0.509048402309,
            "Quickstep": 0.119027644396,
            "Rumba-American": 0.00599091267213,
            "Rumba-International": 0.00991859287024,
            "Rumba-Misc": 0.00314711709507,
            "Samba": 0.138719394803,
            "Tango": 0.00884049665183,
            "VienneseWaltz": 0.0792725011706,
            "Waltz": 0.0034652124159
        },
        "probability": 0.509048402309,
        "value": "Jive"
    },
    "mood_acoustic": {
        "all": {
            "acoustic": 0.00732960458845,
            "not_acoustic": 0.992670416832
        },
        "probability": 0.992670416832,
        "value": "not_acoustic"
    },
    "mood_aggressive": {
        "all": {
            "aggressive": 0.939969956875,
            "not_aggressive": 0.0600300468504
        },
        "probability": 0.939969956875,
        "value": "aggressive"
    },
    "mood_electronic": {
        "all": {
            "electronic": 0.189251542091,
            "not_electronic": 0.810748457909
        },
        "probability": 0.810748457909,
        "value": "not_electronic"
    },
    "mood_happy": {
        "all": {
            "happy": 0.898326516151,
            "not_happy": 0.101673454046
        },
        "probability": 0.898326516151,
        "value": "happy"
    },
    "mood_party": {
        "all": {
            "not_party": 0.169560611248,
            "party": 0.830439388752
        },
        "probability": 0.830439388752,
        "value": "party"
    },
    "mood_relaxed": {
        "all": {
            "not_relaxed": 0.983762919903,
            "relaxed": 0.0162370912731
        },
        "probability": 0.983762919903,
        "value": "not_relaxed"
    },
    "mood_sad": {
        "all": {
            "not_sad": 0.968776166439,
            "sad": 0.0312238242477
        },
        "probability": 0.968776166439,
        "value": "not_sad"
    },
    "moods_mirex": {
        "all": {
            "Cluster1": 0.502576828003,
            "Cluster2": 0.0903767347336,
            "Cluster3": 0.0367077663541,
            "Cluster4": 0.128280699253,
            "Cluster5": 0.242057964206
        },
        "probability": 0.502576828003,
        "value": "Cluster1"
    },
    "timbre": {
        "all": {
            "bright": 0.659549057484,
            "dark": 0.340450912714
        },
        "probability": 0.659549057484,
        "value": "bright"
    },
    "tonal_atonal": {
        "all": {
            "atonal": 0.0124034928158,
            "tonal": 0.987596511841
        },
        "probability": 0.987596511841,
        "value": "tonal"
    },
    "voice_instrumental": {
        "all": {
            "instrumental": 0.00609763199463,
            "voice": 0.993902385235
        },
        "probability": 0.993902385235,
        "value": "voice"
    }
},
"lowlevel": {
    "average_loudness": 0.981280744076,
    "barkbands_crest": {
        "dmean": 2.66191768646,
        "dmean2": 4.43260955811,
        "dvar": 6.12470722198,
        "dvar2": 15.8332328796,
        "max": 22.6617584229,
        "mean": 7.9404463768,
        "median": 7.15003824234,
        "min": 2.59275436401,
        "var": 12.0978326797
    },
    "barkbands_flatness_db": {
        "dmean": 0.0203082915395,
        "dmean2": 0.0327488481998,
        "dvar": 0.000419006304583,
        "dvar2": 0.000962243182585,
        "max": 0.247054636478,
        "mean": 0.117129310966,
        "median": 0.108727619052,
        "min": 0.0453280843794,
        "var": 0.0013645599829
    },
    "barkbands_kurtosis": {
        "dmean": 1.59801220894,
        "dmean2": 2.60726594925,
        "dvar": 9.36461162567,
        "dvar2": 23.4640274048,
        "max": 33.5149040222,
        "mean": 0.88941013813,
        "median": -0.291572809219,
        "min": -1.81049644947,
        "var": 14.504570961
    },
    "barkbands_skewness": {
        "dmean": 0.480669796467,
        "dmean2": 0.754813432693,
        "dvar": 0.284763067961,
        "dvar2": 0.712883532047,
        "max": 5.46430301666,
        "mean": 0.912337005138,
        "median": 0.727382540703,
        "min": -1.06607210636,
        "var": 0.87683981657
    },
    "barkbands_spread": {
        "dmean": 6.35735845566,
        "dmean2": 10.0901861191,
        "dvar": 43.9096641541,
        "dvar2": 97.2580032349,
        "max": 92.0664291382,
        "mean": 30.5490684509,
        "median": 29.2302379608,
        "min": 4.94876289368,
        "var": 147.101715088
    },
    "dissonance": {
        "dmean": 0.0104420641437,
        "dmean2": 0.0178369190544,
        "dvar": 0.000118216332339,
        "dvar2": 0.000327643647324,
        "max": 0.5,
        "mean": 0.482536524534,
        "median": 0.485784232616,
        "min": 0.394757658243,
        "var": 0.000177054942469
    },
    "dynamic_complexity": 1.61109602451,
    "erbbands_crest": {
        "dmean": 2.43056440353,
        "dmean2": 4.10422182083,
        "dvar": 5.19745731354,
        "dvar2": 14.0438327789,
        "max": 23.4224224091,
        "mean": 7.65503120422,
        "median": 7.07056570053,
        "min": 2.65659093857,
        "var": 9.72838973999
    },
    "erbbands_flatness_db": {
        "dmean": 0.0181616041809,
        "dmean2": 0.0274510812014,
        "dvar": 0.000295857607853,
        "dvar2": 0.000675342686009,
        "max": 0.297532707453,
        "mean": 0.146325811744,
        "median": 0.143246203661,
        "min": 0.0653943195939,
        "var": 0.00110712915193
    },
    "erbbands_kurtosis": {
        "dmean": 0.793646752834,
        "dmean2": 1.29097557068,
        "dvar": 1.28382873535,
        "dvar2": 3.50532460213,
        "max": 16.3157119751,
        "mean": 0.480745941401,
        "median": 0.0994684696198,
        "min": -1.52620756626,
        "var": 2.22001552582
    },
    "erbbands_skewness": {
        "dmean": 0.326068639755,
        "dmean2": 0.50638705492,
        "dvar": 0.104959696531,
        "dvar2": 0.258656531572,
        "max": 2.77209711075,
        "mean": -0.124252356589,
        "median": -0.147208571434,
        "min": -2.77706694603,
        "var": 0.307111442089
    },
    "erbbands_spread": {
        "dmean": 7.78944349289,
        "dmean2": 12.3423957825,
        "dvar": 75.0618667603,
        "dvar2": 196.915939331,
        "max": 109.831512451,
        "mean": 35.2070960999,
        "median": 33.5722007751,
        "min": 6.02679681778,
        "var": 212.710296631
    },
    "hfc": {
        "dmean": 9.85151481628,
        "dmean2": 15.1316308975,
        "dvar": 168.019638062,
        "dvar2": 391.218048096,
        "max": 153.918716431,
        "mean": 32.6768951416,
        "median": 28.9420204163,
        "min": 2.50339531898,
        "var": 443.680114746
    },
    "melbands_crest": {
        "dmean": 3.49491763115,
        "dmean2": 5.74729776382,
        "dvar": 9.57297325134,
        "dvar2": 25.6100311279,
        "max": 29.004360199,
        "mean": 12.8253355026,
        "median": 11.7878398895,
        "min": 4.19922208786,
        "var": 24.3564796448
    },
    "melbands_flatness_db": {
        "dmean": 0.0263968072832,
        "dmean2": 0.0411483049393,
        "dvar": 0.000760606257245,
        "dvar2": 0.00170397735201,
        "max": 0.34516197443,
        "mean": 0.155166000128,
        "median": 0.1419903934,
        "min": 0.0542462915182,
        "var": 0.00334349321201
    },
    "melbands_kurtosis": {
        "dmean": 5.56572961807,
        "dmean2": 9.01766109467,
        "dvar": 118.846557617,
        "dvar2": 315.540130615,
        "max": 130.754486084,
        "mean": 7.27495336533,
        "median": 2.92698860168,
        "min": -1.58168578148,
        "var": 177.929412842
    },
    "melbands_skewness": {
        "dmean": 0.763496100903,
        "dmean2": 1.20763528347,
        "dvar": 0.797212481499,
        "dvar2": 2.06391954422,
        "max": 9.65474796295,
        "mean": 2.09582424164,
        "median": 1.7222994566,
        "min": -0.641940712929,
        "var": 2.24216175079
    },
    "melbands_spread": {
        "dmean": 8.22545909882,
        "dmean2": 12.9800901413,
        "dvar": 71.8282241821,
        "dvar2": 167.858444214,
        "max": 109.072677612,
        "mean": 35.0959396362,
        "median": 33.6282310486,
        "min": 3.10889315605,
        "var": 284.311859131
    },
    "pitch_salience": {
        "dmean": 0.0784050673246,
        "dmean2": 0.132598206401,
        "dvar": 0.00484110834077,
        "dvar2": 0.0130053153262,
        "max": 0.807541072369,
        "mean": 0.577727615833,
        "median": 0.584283828735,
        "min": 0.215358734131,
        "var": 0.00795025750995
    },
    "silence_rate_20dB": {
        "dmean": 0,
        "dmean2": 0,
        "dvar": 0,
        "dvar2": 0,
        "max": 1,
        "mean": 1,
        "median": 1,
        "min": 1,
        "var": 0
    },
    "silence_rate_30dB": {
        "dmean": 0,
        "dmean2": 0,
        "dvar": 0,
        "dvar2": 0,
        "max": 1,
        "mean": 1,
        "median": 1,
        "min": 1,
        "var": 0
    },
    "silence_rate_60dB": {
        "dmean": 0,
        "dmean2": 0,
        "dvar": 0,
        "dvar2": 0,
        "max": 0,
        "mean": 0,
        "median": 0,
        "min": 0,
        "var": 0
    },
    "spectral_centroid": {
        "dmean": 273.17489624,
        "dmean2": 420.286315918,
        "dvar": 83719.03125,
        "dvar2": 187575.9375,
        "max": 3761.22460938,
        "mean": 1753.32910156,
        "median": 1759.94067383,
        "min": 454.268371582,
        "var": 337134.8125
    },
    "spectral_complexity": {
        "dmean": 5.99845218658,
        "dmean2": 8.89697933197,
        "dvar": 33.7894668579,
        "dvar2": 68.4205856323,
        "max": 63,
        "mean": 30.0177879333,
        "median": 30,
        "min": 4,
        "var": 113.039878845
    },
    "spectral_decrease": {
        "dmean": 2.23127960552e-09,
        "dmean2": 3.55166385191e-09,
        "dvar": 6.47528936266e-18,
        "dvar2": 1.58226300486e-17,
        "max": -7.88270115848e-10,
        "mean": -7.4364647773e-09,
        "median": -7.08275704753e-09,
        "min": -2.19914095823e-08,
        "var": 9.10429558325e-18
    },
    "spectral_energy": {
        "dmean": 0.00903177913278,
        "dmean2": 0.014298485592,
        "dvar": 0.000104394639493,
        "dvar2": 0.000253583450103,
        "max": 0.0854147449136,
        "mean": 0.0310308802873,
        "median": 0.0297625716776,
        "min": 0.00320760183968,
        "var": 0.00015488929057
    },
    "spectral_energyband_high": {
        "dmean": 0.000798152235802,
        "dmean2": 0.00124671123922,
        "dvar": 1.79495293651e-06,
        "dvar2": 4.27829945693e-06,
        "max": 0.0146595947444,
        "mean": 0.00167388748378,
        "median": 0.00113942986354,
        "min": 1.31899432745e-05,
        "var": 3.40138740285e-06
    },
    "spectral_energyband_low": {
        "dmean": 0.00673829438165,
        "dmean2": 0.0112498681992,
        "dvar": 7.73484134697e-05,
        "dvar2": 0.000203610688914,
        "max": 0.0779555216432,
        "mean": 0.0112681360915,
        "median": 0.00770143093541,
        "min": 0.000445468351245,
        "var": 9.40966201597e-05
    },
    "spectral_energyband_middle_high": {
        "dmean": 0.00289187184535,
        "dmean2": 0.00447900313884,
        "dvar": 9.63155616773e-06,
        "dvar2": 2.10381895158e-05,
        "max": 0.0322872363031,
        "mean": 0.0100215254351,
        "median": 0.00871800351888,
        "min": 0.000440445321146,
        "var": 4.2294501327e-05
    },
    "spectral_energyband_middle_low": {
        "dmean": 0.0034616808407,
        "dmean2": 0.00542185734957,
        "dvar": 1.5503665054e-05,
        "dvar2": 3.66712338291e-05,
        "max": 0.0353113114834,
        "mean": 0.0097307311371,
        "median": 0.00852215755731,
        "min": 0.000727822014596,
        "var": 3.08072631015e-05
    },
    "spectral_entropy": {
        "dmean": 0.128956153989,
        "dmean2": 0.189463824034,
        "dvar": 0.0212335120887,
        "dvar2": 0.0442864112556,
        "max": 8.78069496155,
        "mean": 7.84947776794,
        "median": 7.89205503464,
        "min": 6.78417396545,
        "var": 0.0663900151849
    },
    "spectral_flux": {
        "dmean": 0.0244640912861,
        "dmean2": 0.0377431958914,
        "dvar": 0.00061619997723,
        "dvar2": 0.00119110872038,
        "max": 0.229558572173,
        "mean": 0.101554393768,
        "median": 0.0965994670987,
        "min": 0.0391897335649,
        "var": 0.00126226351131
    },
    "spectral_kurtosis": {
        "dmean": 1.33254528046,
        "dmean2": 2.25103521347,
        "dvar": 3.66846203804,
        "dvar2": 9.61433696747,
        "max": 33.2043991089,
        "mean": 3.65993380547,
        "median": 2.92349100113,
        "min": -0.813789367676,
        "var": 7.21373748779
    },
    "spectral_rms": {
        "dmean": 0.000784236646723,
        "dmean2": 0.0012258325005,
        "dvar": 6.71703844546e-07,
        "dvar2": 1.61377204222e-06,
        "max": 0.00912860687822,
        "mean": 0.00539653562009,
        "median": 0.00538856722414,
        "min": 0.00176900182851,
        "var": 1.15139050649e-06
    },
    "spectral_rolloff": {
        "dmean": 553.547119141,
        "dmean2": 908.048095703,
        "dvar": 469933.875,
        "dvar2": 980690.375,
        "max": 8914.74609375,
        "mean": 1975.37512207,
        "median": 1744.18945312,
        "min": 86.1328125,
        "var": 1424781.5
    },
    "spectral_skewness": {
        "dmean": 0.218439102173,
        "dmean2": 0.347165346146,
        "dvar": 0.0606149546802,
        "dvar2": 0.145026102662,
        "max": 4.06186532974,
        "mean": 1.35943830013,
        "median": 1.24975669384,
        "min": 0.416327178478,
        "var": 0.197098657489
    },
    "spectral_spread": {
        "dmean": 486290.125,
        "dmean2": 735050.1875,
        "dvar": 650506403840,
        "dvar2": 1.00850243994e+12,
        "max": 26988610,
        "mean": 4334152,
        "median": 4318418.5,
        "min": 1537508.125,
        "var": 1.18171736474e+12
    },
    "spectral_strongpeak": {
        "dmean": 0.711955964565,
        "dmean2": 1.29149973392,
        "dvar": 1.30118644238,
        "dvar2": 3.46441364288,
        "max": 8.83692359924,
        "mean": 0.892326593399,
        "median": 0.35370695591,
        "min": 0.0406563170254,
        "var": 1.38089597225
    },
    "zerocrossingrate": {
        "dmean": 0.00981664471328,
        "dmean2": 0.011732744053,
        "dvar": 9.44725834415e-05,
        "dvar2": 0.000118502779515,
        "max": 0.23046875,
        "mean": 0.0722018033266,
        "median": 0.0703125,
        "min": 0.01708984375,
        "var": 0.000817425490823
    },
    "barkbands": {
        "dmean": [0.000104080179881, 0.00482865795493, 0.00272196670994, 0.00127583951689, 0.00130282132886, 0.000592337164562, 0.000600964354817, 0.000685502833221, 0.0011406338308, 0.000696676550433, 0.000811079633422, 0.00060366850812, 0.000648477114737, 0.000951922615059, 0.000553023593966, 0.00042486662278, 0.000368733512005, 0.000244827679126, 0.000383824517485, 0.000331394956447, 0.000258305779425, 0.000227440454182, 0.000114617992949, 8.81349478732e-05, 9.05191045604e-05, 4.06008621212e-05, 8.21212164936e-09],
        "dmean2": [0.000160455063451, 0.00805947184563, 0.00479553407058, 0.00215657055378, 0.00211431458592, 0.00094981235452, 0.000963274564128, 0.00107570993714, 0.00174761598464, 0.00105619383976, 0.00125632679556, 0.000977505929768, 0.00105297798291, 0.00159160653129, 0.000885279849172, 0.00069258408621, 0.000597844133154, 0.000404030608479, 0.000632158713415, 0.000557397201192, 0.000437196227722, 0.000371000001905, 0.000184961667401, 0.00013577080972, 0.000136919479701, 6.25538596069e-05, 1.44187568552e-08],
        "dvar": [2.25011067556e-08, 4.66187411803e-05, 1.41978871397e-05, 3.11820963361e-06, 3.55926795237e-06, 1.10677831344e-06, 1.27348812384e-06, 3.21097559208e-06, 5.91312073084e-06, 1.21506377582e-06, 2.74185026683e-06, 8.45488557388e-07, 7.8406077364e-07, 1.86099350685e-06, 6.20441710453e-07, 3.50920771552e-07, 2.68112529511e-07, 1.4439963536e-07, 3.20298312317e-07, 2.90233117539e-07, 1.97908889277e-07, 1.28483620188e-07, 4.01147524087e-08, 7.14674612823e-08, 3.94946724214e-08, 6.53710729992e-09, 1.16935854513e-14],
        "dvar2": [4.49177619544e-08, 0.000116879709822, 4.05864011555e-05, 9.13803614822e-06, 9.11547704163e-06, 2.82302312371e-06, 2.95505742542e-06, 8.00860289019e-06, 1.42388098539e-05, 2.65554785983e-06, 6.36482673144e-06, 2.19970888793e-06, 1.96610699277e-06, 5.2671780395e-06, 1.50714640768e-06, 7.99460451617e-07, 6.45569741664e-07, 3.43096900224e-07, 7.9975245626e-07, 7.68890402014e-07, 5.15352837738e-07, 3.01574488049e-07, 9.64691082572e-08, 1.69517818449e-07, 9.01239758377e-08, 1.49796210991e-08, 2.81907879202e-14],
        "max": [0.00107454892714, 0.0567161552608, 0.0334615297616, 0.0233218278736, 0.0176797304302, 0.0154092935845, 0.017337616533, 0.0260538291186, 0.0303175933659, 0.0110048977658, 0.0165389701724, 0.0135444495827, 0.0157590825111, 0.0160684566945, 0.00989622622728, 0.0103407092392, 0.00957414880395, 0.00388458021916, 0.0070714824833, 0.00723353633657, 0.00444277422503, 0.00446737837046, 0.00269973743707, 0.00723191490397, 0.00237018475309, 0.00090564385755, 2.28194380725e-06],
        "mean": [0.000142672724905, 0.00570581061766, 0.0039372923784, 0.00214714184403, 0.00208930065855, 0.001165301539, 0.00115358189214, 0.00126922409981, 0.00157617439982, 0.00120408437215, 0.00121462461539, 0.00100535841193, 0.00113691785373, 0.00161468086299, 0.00101604452357, 0.000827538373414, 0.000725923513528, 0.000403474405175, 0.000690386688802, 0.000555483042262, 0.000449667713838, 0.000444906123448, 0.000224225092097, 0.000166868238011, 0.000118101379485, 4.60468727397e-05, 5.44556844062e-09],
        "median": [5.68228424527e-05, 0.00298182060942, 0.00304541480727, 0.00159302644897, 0.00148151139729, 0.000672247784678, 0.000364548526704, 0.000281390472082, 0.0007392821135, 0.000540483393706, 0.000379737728508, 0.000628958863672, 0.000722037744708, 0.000909914844669, 0.000545602990314, 0.000580939929932, 0.000497498374898, 0.000230367411859, 0.000410690059653, 0.000317766185617, 0.000291120144539, 0.000275440339465, 0.000150000982103, 9.24926644075e-05, 4.91280152346e-05, 1.68597089214e-05, 4.80925521629e-10],
        "min": [1.16901318847e-07, 9.31846625463e-06, 3.49487090716e-05, 2.23217898565e-06, 1.11702447612e-05, 7.55093014959e-06, 6.14294503976e-06, 2.68549524662e-06, 6.39381505607e-06, 9.17908710107e-06, 5.41620374861e-06, 2.40362132899e-05, 2.43112299358e-05, 2.93474950013e-05, 1.83831616596e-05, 2.73382775049e-05, 1.12086499939e-05, 5.8235373217e-06, 3.25995392814e-06, 3.87146155845e-06, 3.36559082825e-06, 1.79265362021e-06, 7.98277426384e-07, 1.0470256484e-06, 4.25211680977e-07, 3.97389587903e-09, 8.57829952905e-12],
        "var": [3.80605946759e-08, 5.51546472707e-05, 1.39339617817e-05, 3.89903698306e-06, 4.16071043219e-06, 2.02148680728e-06, 4.61082072434e-06, 6.16574743617e-06, 7.16844169801e-06, 2.57979127127e-06, 4.79189338876e-06, 1.36835672038e-06, 1.71897409018e-06, 4.4305843403e-06, 1.83512031526e-06, 8.71275062764e-07, 6.80123548591e-07, 2.55613343825e-07, 7.27247652321e-07, 4.48484257731e-07, 2.903042855e-07, 2.82798339413e-07, 7.49179918103e-08, 9.3347843233e-08, 5.01359807004e-08, 7.47880246621e-09, 7.58434825631e-15]
    },
    "erbbands": {
        "dmean": [0.123617686331, 1.18315625191, 2.94042873383, 3.84960079193, 3.61223769188, 4.64221429825, 4.95557355881, 5.13222503662, 8.29121494293, 9.59072589874, 14.9333324432, 24.7653064728, 22.3475322723, 22.9955863953, 31.401517868, 25.1813964844, 27.5987472534, 50.2760658264, 33.5408477783, 20.7247657776, 21.0677032471, 18.5057315826, 13.493765831, 15.6353902817, 20.6076869965, 15.4166536331, 11.1541070938, 9.89703178406, 8.67323493958, 5.63786935806, 2.90235686302, 2.13717389107, 1.36722743511, 0.95763874054, 0.701389610767, 0.245111688972, 0.067580498755, 0.00418403930962, 9.07985959202e-05, 1.52791708388e-05],
        "dmean2": [0.193032622337, 2.02484202385, 5.23551940918, 6.50383901596, 6.05517339706, 7.61442565918, 8.22153282166, 8.16984367371, 13.0842056274, 14.9716968536, 23.5491809845, 37.9166755676, 33.474697113, 35.0091514587, 48.9932975769, 40.5049362183, 44.0098876953, 84.5087127686, 55.7130355835, 33.3671226501, 34.7656478882, 29.7011852264, 21.9598312378, 25.8183345795, 34.0332145691, 26.0153045654, 19.0950279236, 16.491443634, 14.1205692291, 9.09078979492, 4.67712831497, 3.3460919857, 2.1185798645, 1.45433402061, 1.08781182766, 0.381374627352, 0.104308232665, 0.00665004178882, 0.000139576455695, 2.32472229982e-05],
        "dvar": [0.0364607684314, 2.84658718109, 16.9735832214, 28.4191093445, 22.5771656036, 47.4208641052, 123.211799622, 78.8243560791, 258.938446045, 427.114501953, 1522.98803711, 2715.73266602, 2071.33862305, 1341.68688965, 3781.1171875, 1405.65039062, 1546.44299316, 4772.94384766, 2365.19506836, 1005.36181641, 804.581298828, 797.811706543, 453.932525635, 470.288604736, 1021.82159424, 606.213745117, 351.69732666, 287.284912109, 188.37512207, 90.1762771606, 26.9804649353, 24.561630249, 22.1864967346, 5.09815359116, 2.40012836456, 0.261981368065, 0.0167359057814, 7.63485586504e-05, 3.10107068913e-08, 3.83980819363e-10],
        "dvar2": [0.0787642002106, 7.64196634293, 49.4245109558, 82.5421829224, 59.5647926331, 124.365127563, 312.957305908, 207.255950928, 562.932922363, 1019.43725586, 3878.10498047, 6894.52441406, 4562.52001953, 2952.20898438, 9100.12695312, 3558.35351562, 3756.11230469, 13650.3828125, 6194.09814453, 2343.35864258, 1865.70043945, 1972.21069336, 1055.19946289, 1138.11816406, 2563.15527344, 1558.24804688, 937.643005371, 736.375366211, 456.653259277, 203.282104492, 66.2541122437, 52.6412963867, 56.7321243286, 11.963010788, 5.54796028137, 0.602598726749, 0.0381686389446, 0.000187683617696, 7.31381675223e-08, 8.86135775868e-10],
        "max": [1.39682161808, 15.0040721893, 36.292591095, 53.7962341309, 50.5239830017, 65.3296966553, 195.500320435, 144.78968811, 275.892700195, 296.59487915, 595.223144531, 722.655090332, 645.066223145, 405.236358643, 639.002319336, 581.553649902, 846.24786377, 879.749084473, 767.859069824, 647.345397949, 594.503479004, 411.857940674, 255.797225952, 332.959777832, 506.450622559, 372.586242676, 187.450500488, 184.887908936, 165.900604248, 125.550956726, 74.1616134644, 113.422012329, 124.990081787, 37.1372871399, 14.3264713287, 6.40784406662, 1.3618452549, 0.113653987646, 0.00214070430957, 0.000203984527616],
        "mean": [0.144991889596, 1.35197353363, 4.16153717041, 7.04473686218, 5.73058605194, 7.27373600006, 8.19282817841, 10.6014041901, 17.1599807739, 19.0676231384, 26.5134658813, 36.7918319702, 36.1565856934, 42.1286239624, 53.4083175659, 44.8927192688, 52.4345703125, 87.2785873413, 62.0942077637, 43.2444801331, 46.8453674316, 38.0180702209, 25.4041595459, 26.7457771301, 37.8023414612, 26.3064060211, 18.2096786499, 17.6259479523, 16.8447055817, 11.080160141, 5.75316953659, 3.98936772346, 2.48303461075, 1.32053875923, 0.84090000391, 0.282337456942, 0.0752232074738, 0.00430186884478, 0.000116483977763, 4.60228657175e-05],
        "median": [0.0526014789939, 0.766018092632, 2.90177249908, 5.75806570053, 4.12728977203, 5.05386829376, 5.18546438217, 5.81496286392, 5.3250002861, 6.32792615891, 8.64149951935, 19.5781211853, 15.5041093826, 17.9769191742, 23.4724273682, 31.6280345917, 35.6100463867, 54.6852760315, 38.2172317505, 27.4114093781, 32.1260757446, 27.3646011353, 15.2320098877, 16.2913360596, 23.6259403229, 15.291308403, 11.4333620071, 11.9568042755, 10.363702774, 7.16566610336, 3.79328155518, 2.19665908813, 1.33902287483, 0.572827398777, 0.329715162516, 0.105889134109, 0.0247531849891, 0.00119648966938, 5.27069205418e-05, 4.14356181864e-05],
        "min": [0.000692549685482, 0.00993880815804, 0.0361299216747, 0.145156875253, 0.0150257032365, 0.0429142974317, 0.118576020002, 0.140292137861, 0.0867049023509, 0.196988090873, 0.141565099359, 0.176969617605, 0.230839133263, 0.327386558056, 0.4024784863, 1.30845069885, 1.31346547604, 1.85581159592, 1.53925192356, 1.17110562325, 1.38980317116, 0.798005104065, 0.408431142569, 0.259504258633, 0.189012631774, 0.201759114861, 0.154466435313, 0.110376276076, 0.0639518648386, 0.0354849733412, 0.0257471054792, 0.0149155585095, 0.0157370883971, 0.00576823623851, 0.00135238934308, 0.00050122232642, 3.96841423935e-05, 3.5181885778e-06, 4.59554576082e-06, 8.15968178358e-06],
        "var": [0.0501178056002, 2.94917869568, 15.8931674957, 34.2416114807, 26.2520332336, 54.6337127686, 134.700668335, 182.409973145, 1055.61499023, 1101.97216797, 2588.05859375, 3294.61206055, 3158.96533203, 3277.02124023, 7126.75244141, 2283.3425293, 3757.37939453, 11810.0263672, 4852.67675781, 2716.0390625, 2529.59643555, 1674.609375, 918.820007324, 948.917907715, 2130.51806641, 988.33795166, 466.519775391, 438.397186279, 416.295715332, 184.676940918, 49.8140602112, 42.7373275757, 23.6965045929, 6.40778112411, 2.7720348835, 0.290724813938, 0.0200359914452, 8.03967632237e-05, 3.63536791781e-08, 6.09882699898e-10]
    },
    "gfcc": {
        "mean": [44.8058853149, 83.9688796997, -131.548721313, 43.9227256775, -54.2321090698, 30.1370601654, -36.9072151184, 7.66756629944, -26.419046402, 5.15311336517, -20.9210395813, -2.65744686127, -12.9917116165],
        "cov": [[1781.89343262, -917.944946289, -132.194656372, 19.2600021362, -342.376403809, -166.470062256, -122.271766663, 106.957305908, -127.889961243, 213.643630981, -50.5388793945, 104.033004761, -132.582214355], [-917.944946289, 824.2890625, -30.8469905853, -164.233932495, 190.519332886, 67.5093154907, 134.33555603, -34.2144851685, 126.732536316, -144.566741943, 49.0679740906, -60.8417778015, 109.022117615], [-132.194656372, -30.8469905853, 372.088745117, 88.2576904297, 120.539207458, 17.1989459991, -18.1658420563, 51.4239234924, -18.9098968506, 52.2394371033, -15.5141811371, 53.6442756653, -9.62552642822], [19.2600021362, -164.233932495, 88.2576904297, 358.148590088, 11.6973400116, -46.3066177368, -68.9346160889, -48.5013694763, 2.57776284218, 30.6298828125, 60.3839416504, 0.23726375401, -4.47367715836], [-342.376403809, 190.519332886, 120.539207458, 11.6973400116, 246.591384888, 103.761428833, 63.3679008484, 9.75159168243, 13.0221509933, -25.4228153229, -20.8400497437, 1.71915924549, 43.989906311], [-166.470062256, 67.5093154907, 17.1989459991, -46.3066177368, 103.761428833, 186.529953003, 110.450439453, 8.68658733368, -19.9540252686, -46.8270568848, -15.0209541321, -13.8631629944, 41.2490005493], [-122.271766663, 134.33555603, -18.1658420563, -68.9346160889, 63.3679008484, 110.450439453, 176.973556519, 47.8822250366, -1.30627691746, -42.3371086121, -10.1934108734, -7.92784261703, 23.3467636108], [106.957305908, -34.2144851685, 51.4239234924, -48.5013694763, 9.75159168243, 8.68658733368, 47.8822250366, 105.365867615, 24.9350128174, 31.4585437775, -22.0050964355, 20.4429397583, -4.68738985062], [-127.889961243, 126.732536316, -18.9098968506, 2.57776284218, 13.0221509933, -19.9540252686, -1.30627691746, 24.9350128174, 104.340614319, 11.430226326, 22.7679462433, -13.8003234863, 13.6928529739], [213.643630981, -144.566741943, 52.2394371033, 30.6298828125, -25.4228153229, -46.8270568848, -42.3371086121, 31.4585437775, 11.430226326, 107.762298584, 19.2730979919, 23.5152778625, -40.6477394104], [-50.5388793945, 49.0679740906, -15.5141811371, 60.3839416504, -20.8400497437, -15.0209541321, -10.1934108734, -22.0050964355, 22.7679462433, 19.2730979919, 84.9808044434, 4.10428190231, 0.944955050945], [104.033004761, -60.8417778015, 53.6442756653, 0.23726375401, 1.71915924549, -13.8631629944, -7.92784261703, 20.4429397583, -13.8003234863, 23.5152778625, 4.10428190231, 67.2743530273, 9.01481056213], [-132.582214355, 109.022117615, -9.62552642822, -4.47367715836, 43.989906311, 41.2490005493, 23.3467636108, -4.68738985062, 13.6928529739, -40.6477394104, 0.944955050945, 9.01481056213, 78.2523193359]],
        "icov": [[0.00224561826326, 0.0014616989065, 0.00150420190766, 4.17491582994e-06, 0.000913906900678, 0.000579237646889, -0.000134862202685, -0.00182809634134, 0.00158844178077, -0.00232909410261, 0.000782260904089, -0.00158891209867, -0.000249005737714], [0.0014616989065, 0.0108853941783, -0.00314937648363, 0.00748139759526, -0.00582496309653, 0.0092000849545, -0.00764847872779, 0.00625128159299, -0.00813520234078, 0.00758018437773, -0.010186906904, 0.00653198314831, -0.00683597289026], [0.00150420190766, -0.00314937648363, 0.00776884797961, -0.00440753763542, 0.00043608789565, -0.00395624618977, 0.00496906740591, -0.00749372737482, 0.00623262859881, -0.00567726325244, 0.00523218419403, -0.00694249058142, 0.00424580648541], [4.17491582994e-06, 0.00748139759526, -0.00440753763542, 0.00962869636714, -0.0051071443595, 0.00755800213665, -0.00525809405372, 0.00705297896639, -0.00643114559352, 0.00620032055303, -0.0106460899115, 0.00711549073458, -0.00587466452271], [0.000913906900678, -0.00582496309653, 0.00043608789565, -0.0051071443595, 0.0122758513317, -0.00834850594401, 0.00296871270984, -0.00266736513004, 0.00367098278366, -0.00741996709257, 0.00975399464369, -0.0053858035244, 0.00188585394062], [0.000579237646889, 0.0092000849545, -0.00395624618977, 0.00755800213665, -0.00834850594401, 0.0201010815799, -0.0127261774614, 0.00721220299602, -0.00426107365638, 0.00679615419358, -0.00997955724597, 0.00995843298733, -0.0103154983371], [-0.000134862202685, -0.00764847872779, 0.00496906740591, -0.00525809405372, 0.00296871270984, -0.0127261774614, 0.0193030852824, -0.0144164739177, 0.00855102948844, -0.00158500112593, 0.00429881270975, -0.00564541155472, 0.00743369432166], [-0.00182809634134, 0.00625128159299, -0.00749372737482, 0.00705297896639, -0.00266736513004, 0.00721220299602, -0.0144164739177, 0.0288679059595, -0.0155836297199, 0.00117157713976, -0.000869181880262, 0.00270659453236, -0.00556299230084], [0.00158844178077, -0.00813520234078, 0.00623262859881, -0.00643114559352, 0.00367098278366, -0.00426107365638, 0.00855102948844, -0.0155836297199, 0.0252190101892, -0.0110856518149, 0.00429772958159, -0.00134483294096, 0.00105385214556], [-0.00232909410261, 0.00758018437773, -0.00567726325244, 0.00620032055303, -0.00741996709257, 0.00679615419358, -0.00158500112593, 0.00117157713976, -0.0110856518149, 0.0297243315727, -0.0157041028142, 0.0038470569998, 0.00340734934434], [0.000782260904089, -0.010186906904, 0.00523218419403, -0.0106460899115, 0.00975399464369, -0.00997955724597, 0.00429881270975, -0.000869181880262, 0.00429772958159, -0.0157041028142, 0.0304939281195, -0.012405349873, 0.00614692782983], [-0.00158891209867, 0.00653198314831, -0.00694249058142, 0.00711549073458, -0.0053858035244, 0.00995843298733, -0.00564541155472, 0.00270659453236, -0.00134483294096, 0.0038470569998, -0.012405349873, 0.030418695882, -0.0137357944623], [-0.000249005737714, -0.00683597289026, 0.00424580648541, -0.00587466452271, 0.00188585394062, -0.0103154983371, 0.00743369432166, -0.00556299230084, 0.00105385214556, 0.00340734934434, 0.00614692782983, -0.0137357944623, 0.0269876979291]]
    },
    "melbands": {
        "dmean": [0.00122432946227, 0.00148325087503, 0.000596130092163, 0.000313367461786, 0.000175228429725, 0.000112330446427, 0.000125711434521, 0.000115922834084, 0.000120123586385, 0.000169789200299, 0.000115233495308, 9.58983291639e-05, 0.000115445756819, 7.39936731406e-05, 6.3070525357e-05, 6.08001682849e-05, 0.000105343468022, 5.90197341808e-05, 3.56809978257e-05, 3.11256371788e-05, 2.51584478974e-05, 2.06694676308e-05, 1.81156847248e-05, 1.10759983727e-05, 1.3561162632e-05, 1.60452727869e-05, 1.44983487189e-05, 9.9678609331e-06, 7.35226831239e-06, 6.88563704898e-06, 5.88497960052e-06, 5.1680958677e-06, 4.65375842396e-06, 2.93403377327e-06, 1.84878763321e-06, 1.40913402902e-06, 1.3527721876e-06, 1.06971106106e-06, 8.90900594186e-07, 8.0997688201e-07],
        "dmean2": [0.00200485135429, 0.00259219971485, 0.00101050117519, 0.000514589715749, 0.000289060903015, 0.000178197253263, 0.000199404690647, 0.00017841400404, 0.00018964325136, 0.000259784399532, 0.000172179279616, 0.000147812999785, 0.000180118629942, 0.0001191300762, 9.99304102152e-05, 0.000100712859421, 0.000178291913471, 9.94156071101e-05, 5.5492073443e-05, 5.07359654875e-05, 4.1362040065e-05, 3.40370279446e-05, 2.85665901174e-05, 1.86886973097e-05, 2.22780236072e-05, 2.66547522187e-05, 2.3894419428e-05, 1.68544047483e-05, 1.26654085761e-05, 1.16736173368e-05, 9.7943466244e-06, 8.46838520374e-06, 7.62945910537e-06, 4.7497860578e-06, 3.03350907416e-06, 2.18985724132e-06, 2.16637840822e-06, 1.74445369794e-06, 1.40191104947e-06, 1.25927385852e-06],
        "dvar": [3.24451116285e-06, 4.15887643612e-06, 6.76306285641e-07, 2.14203467408e-07, 1.14701045106e-07, 3.6921402824e-08, 5.77035415006e-08, 7.13159096222e-08, 8.60069206965e-08, 1.34723237011e-07, 5.49771179692e-08, 2.32781101062e-08, 5.96228346694e-08, 1.57345017016e-08, 7.51573914215e-09, 6.46445030839e-09, 2.33196448818e-08, 8.37656344288e-09, 2.82637069304e-09, 2.35715758024e-09, 1.11054943019e-09, 1.05996200706e-09, 7.38515082421e-10, 3.38438471692e-10, 3.62038621304e-10, 6.3574889797e-10, 5.26990673322e-10, 2.48385506607e-10, 1.46494469333e-10, 1.48855081039e-10, 9.15408790436e-11, 6.23282606083e-11, 6.27493959571e-11, 2.41564355324e-11, 1.06124250013e-11, 7.57189189821e-12, 1.18727978837e-11, 1.40459206766e-11, 6.69516308713e-12, 3.42334147141e-12],
        "dvar2": [7.59135809858e-06, 1.19254682431e-05, 1.9506812805e-06, 5.49366177438e-07, 2.93505820537e-07, 9.49916341142e-08, 1.27307913544e-07, 1.74326061142e-07, 2.13499077972e-07, 3.30606752641e-07, 1.21131634501e-07, 5.15574285487e-08, 1.41978389934e-07, 4.10905691695e-08, 1.87541324692e-08, 1.62317519425e-08, 6.74015723234e-08, 2.16938342845e-08, 6.52052412065e-09, 5.38776490089e-09, 2.61237875776e-09, 2.64518051907e-09, 1.67510216809e-09, 8.30383539707e-10, 8.63430493769e-10, 1.59409518918e-09, 1.35375244348e-09, 6.38018693433e-10, 3.96428279092e-10, 3.93994448178e-10, 2.36412611709e-10, 1.55664786616e-10, 1.47476017509e-10, 5.68799868317e-11, 2.69445368795e-11, 1.77013334546e-11, 2.56296182194e-11, 3.74589283203e-11, 1.60763000134e-11, 8.11396436151e-12],
        "max": [0.0148129155859, 0.0201853048056, 0.00897498615086, 0.00448329793289, 0.00583061715588, 0.00303482939489, 0.00413060095161, 0.003297514515, 0.0042861206457, 0.0046696132049, 0.00329612614587, 0.00170086300932, 0.00224886438809, 0.00193836272229, 0.00126975460444, 0.00126128888223, 0.00194683880545, 0.00164422031958, 0.000741873460356, 0.00103412626777, 0.000815351959318, 0.000535521423444, 0.000562822271604, 0.000196689012228, 0.000338090787409, 0.000390654691728, 0.000285557645839, 0.000231879923376, 0.00010136734636, 0.000132671120809, 0.000108972977614, 9.20662932913e-05, 0.000111008674139, 5.77254213567e-05, 4.37510825577e-05, 4.29590108979e-05, 8.2445301814e-05, 9.56227377173e-05, 6.29585483694e-05, 2.1509367798e-05],
        "mean": [0.00144423102029, 0.00211400422268, 0.00115227838978, 0.000473679450806, 0.000302419997752, 0.000228671357036, 0.000256847095443, 0.000226245902013, 0.000207977747777, 0.000239752887865, 0.000181035036803, 0.000166872807313, 0.000177376336069, 0.000129824751639, 0.000106967250758, 0.000113057918497, 0.000173079097294, 9.95935406536e-05, 6.60856676404e-05, 5.69227049709e-05, 5.42031739315e-05, 3.90694949601e-05, 3.34536707669e-05, 1.74724882527e-05, 2.13713083212e-05, 2.75004149444e-05, 2.52422305493e-05, 1.54706558533e-05, 1.11011595436e-05, 1.09576176328e-05, 9.85673523246e-06, 9.43181930779e-06, 8.58317253005e-06, 5.27056317878e-06, 3.37102733283e-06, 2.69230122285e-06, 2.30112118516e-06, 1.84294958672e-06, 1.38358609547e-06, 9.85927840702e-07],
        "median": [0.000648614135571, 0.00145790039096, 0.000958887918387, 0.00033860252006, 0.00020900790696, 0.000122538098367, 7.81705020927e-05, 6.79645891069e-05, 7.86979362601e-05, 0.000111338864372, 7.30939864297e-05, 6.87429201207e-05, 5.95276469539e-05, 7.76060696808e-05, 7.31059990358e-05, 7.42155825719e-05, 0.000101162309875, 6.1431346694e-05, 3.41669365298e-05, 3.87135405617e-05, 3.44361069438e-05, 2.71086209978e-05, 1.94830372493e-05, 8.80127390701e-06, 1.25843771457e-05, 1.62100550369e-05, 1.47241580635e-05, 8.31339639262e-06, 6.65512652631e-06, 7.02911529515e-06, 6.38503479422e-06, 5.57843122806e-06, 5.01191289004e-06, 3.48256730831e-06, 2.25348890126e-06, 1.55390409873e-06, 1.22242647649e-06, 1.00122929325e-06, 6.06512116974e-07, 3.89458222116e-07],
        "min": [3.71949545297e-06, 2.29036613746e-05, 2.60579981841e-05, 1.20911249724e-06, 5.21404626852e-06, 3.00833789879e-06, 1.58102614023e-06, 2.30858540817e-06, 7.2150203323e-07, 8.91612558007e-07, 1.15414195534e-06, 9.88609826891e-07, 8.87000339844e-07, 2.56462885773e-06, 3.3000349049e-06, 3.07822188006e-06, 3.07426239488e-06, 2.13951784644e-06, 1.36804578688e-06, 1.38949917527e-06, 1.47221066982e-06, 7.43862926811e-07, 3.49399613242e-07, 2.09005662555e-07, 1.79259714628e-07, 8.45479135592e-08, 1.18992069531e-07, 1.2285063633e-07, 7.76148070258e-08, 8.98177532349e-08, 5.2336780243e-08, 3.28570308739e-08, 2.84451697752e-08, 1.07124238369e-08, 1.33232669342e-08, 1.07608579825e-08, 8.38530134217e-09, 6.29965501986e-09, 5.91604765177e-09, 9.1115909262e-10],
