{
"highlevel": {
    "danceability": {
        "all": {
            "danceable": 0.933679699898,
            "not_danceable": 0.0663203075528
        },
        "probability": 0.933679699898,
        "value": "danceable"
    },
    "gender": {
        "all": {
            "female": 0.868128597736,
            "male": 0.131871387362
        },
        "probability": 0.868128597736,
        "value": "female"
    },
    "genre_dortmund": {
        "all": {
            "alternative": 0.242261871696,
            "blues": 0.0380617491901,
            "electronic": 0.105805844069,
            "folkcountry": 0.0439877286553,
            "funksoulrnb": 0.00360233779065,
            "jazz": 0.00522604491562,
            "pop": 0.0441167019308,
            "raphiphop": 0.0451893024147,
            "rock": 0.471748411655
        },
        "probability": 0.471748411655,
        "value": "rock"
    },
    "genre_electronic": {
        "all": {
            "ambient": 0.109343923628,
            "dnb": 0.0512293018401,
            "house": 0.0344023779035,
            "techno": 0.0206160880625,
            "trance": 0.784408330917
        },
        "probability": 0.784408330917,
        "value": "trance"
    },
    "genre_rosamerica": {
        "all": {
            "cla": 0.00160518218763,
            "dan": 0.579326152802,
            "hip": 0.0136688081548,
            "jaz": 0.00192614225671,
            "pop": 0.0541116707027,
            "rhy": 0.0227352119982,
            "roc": 0.325206756592,
            "spe": 0.00142008473631
        },
        "probability": 0.579326152802,
        "value": "dan"
    },
    "genre_tzanetakis": {
        "all": {
            "blu": 0.0626541376114,
            "cla": 0.0348133966327,
            "cou": 0.0783501937985,
            "dis": 0.104547761381,
            "hip": 0.15693578124,
            "jaz": 0.313987255096,
            "met": 0.044816005975,
            "pop": 0.0627349764109,
            "reg": 0.0627352520823,
            "roc": 0.0784252434969
        },
        "probability": 0.313987255096,
        "value": "jaz"
    },
    "ismir04_rhythm": {
        "all": {
            "ChaChaCha": 0.479699134827,
            "Jive": 0.309414803982,
            "Quickstep": 0.00848091766238,
            "Rumba-American": 0.0366059876978,
            "Rumba-International": 0.0185288675129,
            "Rumba-Misc": 0.00438418611884,
            "Samba": 0.0859117135406,
            "Tango": 0.0206492822617,
            "VienneseWaltz": 0.0332978144288,
            "Waltz": 0.00302729848772
        },
        "probability": 0.479699134827,
        "value": "ChaChaCha"
    },
    "mood_acoustic": {
        "all": {
            "acoustic": 0.00511659635231,
            "not_acoustic": 0.994883418083
        },
        "probability": 0.994883418083,
        "value": "not_acoustic"
    },
    "mood_aggressive": {
        "all": {
            "aggressive": 0.913352966309,
            "not_aggressive": 0.086647041142
        },
        "probability": 0.913352966309,
        "value": "aggressive"
    },
    "mood_electronic": {
        "all": {
            "electronic": 0.786642730236,
            "not_electronic": 0.213357254863
        },
        "probability": 0.786642730236,
        "value": "electronic"
    },
    "mood_happy": {
        "all": {
            "happy": 0.590553879738,
            "not_happy": 0.409446120262
        },
        "probability": 0.590553879738,
        "value": "happy"
    },
    "mood_party": {
        "all": {
            "not_party": 0.171965822577,
            "party": 0.828034162521
        },
        "probability": 0.828034162521,
        "value": "party"
    },
    "mood_relaxed": {
        "all": {
            "not_relaxed": 0.703109681606,
            "relaxed": 0.296890318394
        },
        "probability": 0.703109681606,
        "value": "not_relaxed"
    },
    "mood_sad": {
        "all": {
            "not_sad": 0.842669487,
            "sad": 0.157330513
        },
        "probability": 0.842669487,
        "value": "not_sad"
    },
    "moods_mirex": {
        "all": {
            "Cluster1": 0.256754666567,
            "Cluster2": 0.0621015168726,
            "Cluster3": 0.246004700661,
            "Cluster4": 0.0954543501139,
            "Cluster5": 0.33968475461
        },
        "probability": 0.33968475461,
        "value": "Cluster5"
    },
    "timbre": {
        "all": {
            "bright": 0.9642624259,
            "dark": 0.0357375890017
        },
        "probability": 0.9642624259,
        "value": "bright"
    },
    "tonal_atonal": {
        "all": {
            "atonal": 0.328290849924,
            "tonal": 0.671709179878
        },
        "probability": 0.671709179878,
        "value": "tonal"
    },
    "voice_instrumental": {
        "all": {
            "instrumental": 0.000745170051232,
            "voice": 0.999254822731
        },
        "probability": 0.999254822731,
        "value": "voice"
    }
},
"lowlevel": {
    "average_loudness": 0.980044364929,
    "barkbands_crest": {
        "dmean": 3.17727184296,
        "dmean2": 5.16618824005,
        "dvar": 10.437997818,
        "dvar2": 23.6342830658,
        "max": 25.4824752808,
        "mean": 12.9899110794,
        "median": 12.5241270065,
        "min": 3.53693795204,
        "var": 22.660320282
    },
    "barkbands_flatness_db": {
        "dmean": 0.0310040879995,
        "dmean2": 0.0476602129638,
        "dvar": 0.000883256783709,
        "dvar2": 0.0019797955174,
        "max": 0.354763448238,
        "mean": 0.16999155283,
        "median": 0.161551758647,
        "min": 0.0619524568319,
        "var": 0.00282080867328
    },
    "barkbands_kurtosis": {
        "dmean": 4.27021169662,
        "dmean2": 6.78867578506,
        "dvar": 41.0136299133,
        "dvar2": 90.6460800171,
        "max": 104.797615051,
        "mean": 6.24901723862,
        "median": 3.7042517662,
        "min": -1.87399470806,
        "var": 81.6968154907
    },
    "barkbands_skewness": {
        "dmean": 0.711630403996,
        "dmean2": 1.11531698704,
        "dvar": 0.508888602257,
        "dvar2": 1.11147379875,
        "max": 8.98948287964,
        "mean": 2.17334961891,
        "median": 2.06572270393,
        "min": -0.908317148685,
        "var": 1.6177740097
    },
    "barkbands_spread": {
        "dmean": 7.07592391968,
        "dmean2": 11.3241519928,
        "dvar": 61.6156349182,
        "dvar2": 137.52784729,
        "max": 94.306602478,
        "mean": 22.792427063,
        "median": 20.0439338684,
        "min": 1.42670786381,
        "var": 227.917434692
    },
    "dissonance": {
        "dmean": 0.0172892101109,
        "dmean2": 0.0285265948623,
        "dvar": 0.00029515256756,
        "dvar2": 0.000742590986192,
        "max": 0.5,
        "mean": 0.468382239342,
        "median": 0.474946320057,
        "min": 0.34400177002,
        "var": 0.000572587130591
    },
    "dynamic_complexity": 1.33544254303,
    "erbbands_crest": {
        "dmean": 2.6411921978,
        "dmean2": 4.38075113297,
        "dvar": 6.16525316238,
        "dvar2": 16.5461978912,
        "max": 24.9707012177,
        "mean": 7.90574026108,
        "median": 7.24598407745,
        "min": 2.41617298126,
        "var": 10.8635959625
    },
    "erbbands_flatness_db": {
        "dmean": 0.0230533014983,
        "dmean2": 0.0318359211087,
        "dvar": 0.000529488897882,
        "dvar2": 0.000964973994996,
        "max": 0.310091823339,
        "mean": 0.144508868456,
        "median": 0.136793613434,
        "min": 0.0651717633009,
        "var": 0.00205627968535
    },
    "erbbands_kurtosis": {
        "dmean": 0.790729284286,
        "dmean2": 1.25235843658,
        "dvar": 0.648597478867,
        "dvar2": 1.53224205971,
        "max": 8.21202945709,
        "mean": 0.519656360149,
        "median": 0.232937335968,
        "min": -1.50325942039,
        "var": 1.77334475517
    },
    "erbbands_skewness": {
        "dmean": 0.323227405548,
        "dmean2": 0.487571001053,
        "dvar": 0.0710719749331,
        "dvar2": 0.164552092552,
        "max": 1.40794217587,
        "mean": -0.181131884456,
        "median": -0.12780725956,
        "min": -2.26120066643,
        "var": 0.327210247517
    },
    "erbbands_spread": {
        "dmean": 9.58369922638,
        "dmean2": 14.4330749512,
        "dvar": 89.5349197388,
        "dvar2": 198.155105591,
        "max": 112.480201721,
        "mean": 41.3851661682,
        "median": 37.8973350525,
        "min": 10.5971832275,
        "var": 323.689483643
    },
    "hfc": {
        "dmean": 11.020731926,
        "dmean2": 17.3783454895,
        "dvar": 255.966140747,
        "dvar2": 578.917236328,
        "max": 198.354019165,
        "mean": 31.3479213715,
        "median": 22.7796154022,
        "min": 3.26340985298,
        "var": 730.782165527
    },
    "melbands_crest": {
        "dmean": 3.26799845695,
        "dmean2": 5.21011400223,
        "dvar": 8.97461891174,
        "dvar2": 21.4474124908,
        "max": 30.4817810059,
        "mean": 18.3802547455,
        "median": 18.300239563,
        "min": 5.50373840332,
        "var": 24.7295646667
    },
    "melbands_flatness_db": {
        "dmean": 0.0375314354897,
        "dmean2": 0.0573576390743,
        "dvar": 0.00140090915374,
        "dvar2": 0.00319066434167,
        "max": 0.45980027318,
        "mean": 0.236157134175,
        "median": 0.227541893721,
        "min": 0.0483025126159,
        "var": 0.0047946809791
    },
    "melbands_kurtosis": {
        "dmean": 13.4592704773,
        "dmean2": 21.2344913483,
        "dvar": 350.914825439,
        "dvar2": 806.169372559,
        "max": 190.107955933,
        "mean": 23.6268157959,
        "median": 15.2714557648,
        "min": -1.3992023468,
        "var": 662.0390625
    },
    "melbands_skewness": {
        "dmean": 1.09880685806,
        "dmean2": 1.69807124138,
        "dvar": 1.27929580212,
        "dvar2": 2.82176470757,
        "max": 12.649389267,
        "mean": 3.91273665428,
        "median": 3.61111807823,
        "min": 0.168393865228,
        "var": 3.65047907829
    },
    "melbands_spread": {
        "dmean": 7.23476600647,
        "dmean2": 11.7875947952,
        "dvar": 86.9621200562,
        "dvar2": 206.951248169,
        "max": 135.404037476,
        "mean": 18.4246082306,
        "median": 13.8574075699,
        "min": 1.13222408295,
        "var": 250.938369751
    },
    "pitch_salience": {
        "dmean": 0.083129927516,
        "dmean2": 0.136025324464,
        "dvar": 0.00623870547861,
        "dvar2": 0.0153163904324,
        "max": 0.75868922472,
        "mean": 0.448717355728,
        "median": 0.45170378685,
        "min": 0.0806464850903,
        "var": 0.0126183591783
    },
    "silence_rate_20dB": {
        "dmean": 0,
        "dmean2": 0,
        "dvar": 0,
        "dvar2": 0,
        "max": 1,
        "mean": 1,
        "median": 1,
        "min": 1,
        "var": 0
    },
    "silence_rate_30dB": {
        "dmean": 0.113003097475,
        "dmean2": 0.226181253791,
        "dvar": 0.100234769285,
        "dvar2": 0.192066043615,
        "max": 1,
        "mean": 0.887084305286,
        "median": 1,
        "min": 0,
        "var": 0.100165039301
    },
    "silence_rate_60dB": {
        "dmean": 0,
        "dmean2": 0,
        "dvar": 0,
        "dvar2": 0,
        "max": 0,
        "mean": 0,
        "median": 0,
        "min": 0,
        "var": 0
    },
    "spectral_centroid": {
        "dmean": 261.040405273,
        "dmean2": 405.332489014,
        "dvar": 71244.5234375,
        "dvar2": 162051.859375,
        "max": 3784.65820312,
        "mean": 1267.07226562,
        "median": 1199.22399902,
        "min": 275.979003906,
        "var": 346648.6875
    },
    "spectral_complexity": {
        "dmean": 4.84442710876,
        "dmean2": 7.32300519943,
        "dvar": 26.6824417114,
        "dvar2": 51.0226516724,
        "max": 59,
        "mean": 23.8785762787,
        "median": 22,
        "min": 6,
        "var": 80.9621124268
    },
    "spectral_decrease": {
        "dmean": 4.73565187065e-09,
        "dmean2": 7.30331928267e-09,
        "dvar": 3.38213704568e-17,
        "dvar2": 6.6156522346e-17,
        "max": -2.80162981703e-09,
        "mean": -1.51596104558e-08,
        "median": -1.30528139408e-08,
        "min": -4.60849420847e-08,
        "var": 6.98666920911e-17
    },
    "spectral_energy": {
        "dmean": 0.0181894097477,
        "dmean2": 0.0279817711562,
        "dvar": 0.000498904439155,
        "dvar2": 0.000970524270087,
        "max": 0.179776996374,
        "mean": 0.0600592382252,
        "median": 0.0520406402647,
        "min": 0.0117015028372,
        "var": 0.00104017485864
    },
    "spectral_energyband_high": {
        "dmean": 0.000881792977452,
        "dmean2": 0.00137160648592,
        "dvar": 2.65382436737e-06,
        "dvar2": 5.10799463882e-06,
        "max": 0.0255652368069,
        "mean": 0.00165164167993,
        "median": 0.000651134294458,
        "min": 8.46071941396e-07,
        "var": 9.39524761634e-06
    },
    "spectral_energyband_low": {
        "dmean": 0.0172215215862,
        "dmean2": 0.0270262621343,
        "dvar": 0.000503714312799,
        "dvar2": 0.00101313146297,
        "max": 0.160155132413,
        "mean": 0.0425525978208,
        "median": 0.0327852852643,
        "min": 0.00315862777643,
        "var": 0.000938729092013
    },
    "spectral_energyband_middle_high": {
        "dmean": 0.0029968151357,
        "dmean2": 0.00486486637965,
        "dvar": 1.41392711157e-05,
        "dvar2": 3.53217401425e-05,
        "max": 0.0421401485801,
        "mean": 0.00766263017431,
        "median": 0.00615490693599,
        "min": 0.000550994998775,
        "var": 3.37957098964e-05
    },
    "spectral_energyband_middle_low": {
        "dmean": 0.004810762126,
        "dmean2": 0.00801022164524,
        "dvar": 5.69609474041e-05,
        "dvar2": 0.000152063672431,
        "max": 0.0624085254967,
        "mean": 0.0112484805286,
        "median": 0.00877598766237,
        "min": 0.000953823444434,
        "var": 7.27105871192e-05
    },
    "spectral_entropy": {
        "dmean": 0.206874147058,
        "dmean2": 0.291832596064,
        "dvar": 0.0470297262073,
        "dvar2": 0.0922315940261,
        "max": 8.53813648224,
        "mean": 7.64455938339,
        "median": 7.6840672493,
        "min": 6.20269203186,
        "var": 0.175128996372
    },
    "spectral_flux": {
        "dmean": 0.0401444025338,
        "dmean2": 0.0612676590681,
        "dvar": 0.00190134742297,
        "dvar2": 0.00396633893251,
        "max": 0.352484941483,
        "mean": 0.114893041551,
        "median": 0.099198974669,
        "min": 0.0250026918948,
        "var": 0.00362854381092
    },
    "spectral_kurtosis": {
        "dmean": 2.33448982239,
        "dmean2": 3.79793596268,
        "dvar": 13.7065248489,
        "dvar2": 37.8876037598,
        "max": 44.4757461548,
        "mean": 4.67538738251,
        "median": 3.54582309723,
        "min": -0.805888175964,
        "var": 21.7267551422
    },
    "spectral_rms": {
        "dmean": 0.00110172538552,
        "dmean2": 0.00169321510475,
        "dvar": 1.46425315961e-06,
        "dvar2": 2.77917752101e-06,
        "max": 0.0132435718551,
        "mean": 0.00740898493677,
        "median": 0.00712540233508,
        "min": 0.00337877194397,
        "var": 3.70126826965e-06
    },
    "spectral_rolloff": {
        "dmean": 482.047271729,
        "dmean2": 830.554870605,
        "dvar": 762206.6875,
        "dvar2": 1701495.375,
        "max": 8957.8125,
        "mean": 1039.58642578,
        "median": 689.0625,
        "min": 64.599609375,
        "var": 1872459.875
    },
    "spectral_skewness": {
        "dmean": 0.2713932693,
        "dmean2": 0.430274695158,
        "dvar": 0.0900341272354,
        "dvar2": 0.236788988113,
        "max": 4.56633996964,
        "mean": 1.58921051025,
        "median": 1.57982850075,
        "min": 0.196522444487,
        "var": 0.26359629631
    },
    "spectral_spread": {
        "dmean": 939891,
        "dmean2": 1301772,
        "dvar": 1.07637984461e+12,
        "dvar2": 2.03388826419e+12,
        "max": 16715130,
        "mean": 4786184,
        "median": 4718072,
        "min": 1252343.125,
        "var": 3.11145634202e+12
    },
    "spectral_strongpeak": {
        "dmean": 0.239730343223,
        "dmean2": 0.422194391489,
        "dvar": 0.270111441612,
        "dvar2": 0.763785600662,
        "max": 7.39542722702,
        "mean": 0.578081786633,
        "median": 0.527636408806,
        "min": 0,
        "var": 0.193140715361
    },
    "zerocrossingrate": {
        "dmean": 0.0108003886417,
        "dmean2": 0.0134180895984,
        "dvar": 0.000118556337839,
        "dvar2": 0.000141780561535,
        "max": 0.24267578125,
        "mean": 0.0476589687169,
        "median": 0.04248046875,
        "min": 0.00341796875,
        "var": 0.000978157389909
    },
    "barkbands": {
        "dmean": [0.000363958155503, 0.015714533627, 0.00494471006095, 0.00316469371319, 0.00130603543948, 0.000596743368078, 0.00058392866049, 0.000375215051463, 0.000665978819598, 0.000486257078592, 0.000658946461044, 0.000823434849735, 0.000695523573086, 0.000795421015937, 0.000578966806643, 0.000474034255603, 0.000322862208122, 0.000209924328374, 0.000220550442464, 0.000189110520296, 0.000122885394376, 0.000171403749846, 0.000244966038736, 0.000194641848793, 0.000174907851033, 4.06122999266e-05, 7.1202683749e-09],
        "dmean2": [0.000484062562464, 0.0246772523969, 0.00875910557806, 0.00550615228713, 0.00209666765295, 0.000926079635974, 0.000907251087483, 0.000543892325368, 0.00105538079515, 0.000772660947405, 0.00103752117138, 0.00139849004336, 0.00116021779831, 0.001307671424, 0.000949194305576, 0.000797000713646, 0.000536206178367, 0.000354346644599, 0.000351969472831, 0.000312047748594, 0.000198508860194, 0.000274624559097, 0.000386227999115, 0.000310085742967, 0.000276044855127, 6.77443385939e-05, 1.26274626311e-08],
        "dvar": [3.50274007133e-07, 0.000516100029927, 6.77224597894e-05, 3.49390757037e-05, 4.06340996051e-06, 1.00689305782e-06, 9.15535565582e-07, 6.29717533229e-07, 1.30562807499e-06, 7.25054690065e-07, 8.41771509386e-07, 1.51543520133e-06, 1.06178788428e-06, 1.93848700292e-06, 1.14344118174e-06, 7.37277957796e-07, 5.11520283908e-07, 1.79742301043e-07, 3.08831403117e-07, 1.4215989097e-07, 5.7482857585e-08, 1.44602267937e-07, 5.81815527312e-07, 1.71490981415e-07, 8.82998705265e-08, 3.25811089219e-09, 1.59190885063e-15],
        "dvar2": [5.53072311504e-07, 0.00110631203279, 0.000193341635168, 9.56960211624e-05, 1.01183350125e-05, 2.44671650762e-06, 1.79591199867e-06, 9.66145762504e-07, 3.15864690492e-06, 1.49896379753e-06, 1.90765945263e-06, 4.00895032726e-06, 2.81073562292e-06, 5.08904759045e-06, 2.78958191302e-06, 1.79317794391e-06, 1.28050533021e-06, 4.59397369923e-07, 7.13630072369e-07, 3.4322718534e-07, 1.40371525958e-07, 3.14498464604e-07, 1.20556239835e-06, 3.73494629002e-07, 2.04594357456e-07, 8.06002375953e-09, 3.72898292919e-15],
        "max": [0.0124684758484, 0.148164927959, 0.057258117944, 0.0467461943626, 0.0246342141181, 0.0125163514167, 0.0197853613645, 0.0206062030047, 0.0172162782401, 0.0131414709613, 0.0104568945244, 0.0140907997265, 0.0138407740742, 0.0203282926232, 0.0170183517039, 0.0150083228946, 0.0116959288716, 0.00558003177866, 0.0102629186586, 0.00631035072729, 0.00339829921722, 0.00821133423597, 0.0180972572416, 0.00671777641401, 0.00506092980504, 0.000497693894431, 7.13112740414e-07],
        "mean": [0.000634101917967, 0.0290096420795, 0.00999407749623, 0.00483351852745, 0.00231687538326, 0.000977708143182, 0.00101781927515, 0.000682307465468, 0.00113263505045, 0.000714863534085, 0.000933742849156, 0.00110519281588, 0.000978130614385, 0.00115349993575, 0.000936792581342, 0.000669437402394, 0.000507055257913, 0.000304107292322, 0.000359076424502, 0.000278695457382, 0.000206263095606, 0.000290953903459, 0.000452269683592, 0.000310873700073, 0.00022022590565, 3.94145645259e-05, 5.09511099978e-09],
        "median": [8.22639703983e-05, 0.0188511237502, 0.00709998700768, 0.00272702937946, 0.00144359411206, 0.000535835162736, 0.000504931202158, 0.000286285328912, 0.00062115455512, 0.000363418308552, 0.000486499397084, 0.000589062168729, 0.000592849042732, 0.000561621738598, 0.000543977948837, 0.000337314500939, 0.000302410451695, 0.000153178378241, 0.000143642828334, 0.000118225994811, 9.29042726057e-05, 0.000102464335214, 0.000118269614177, 9.48001397774e-05, 6.69627843308e-05, 1.17972294902e-05, 9.5326047056e-10],
        "min": [1.55599437335e-07, 0.000279511790723, 0.000189012673218, 4.65429620817e-05, 5.80361120228e-05, 2.06970416912e-05, 1.29981572172e-05, 1.06492407212e-05, 2.50320936175e-05, 5.96959080212e-06, 1.25856395243e-05, 1.18602001749e-05, 1.16986975627e-05, 1.01795176306e-05, 1.26537761389e-05, 1.51233070937e-05, 9.09587470233e-06, 7.21598644304e-06, 1.80039046427e-06, 1.19277842714e-06, 3.40207748195e-07, 1.00035613571e-07, 2.05756798266e-08, 3.45315664951e-09, 1.97382429845e-10, 1.07650268907e-11, 1.01979761441e-11],
        "var": [9.43205463955e-07, 0.000840335211251, 7.9426143202e-05, 3.7168716517e-05, 7.36686160963e-06, 1.82652343028e-06, 3.03993556372e-06, 2.61504260379e-06, 3.12217139253e-06, 1.4671502413e-06, 1.48241315401e-06, 2.0820402824e-06, 1.45834144405e-06, 3.37546475748e-06, 1.95370012079e-06, 1.23798065488e-06, 6.95090250247e-07, 2.66210520294e-07, 6.19983097749e-07, 2.45929498988e-07, 9.62619779443e-08, 4.30111924743e-07, 1.81470124971e-06, 4.87408726713e-07, 1.71769400481e-07, 3.72255537506e-09, 1.11686153947e-15]
    },
    "erbbands": {
        "dmean": [0.459029167891, 3.68268895149, 5.42507839203, 9.10346603394, 5.54239845276, 5.19710636139, 3.81416130066, 5.24454689026, 7.06180906296, 9.89868164062, 9.5810842514, 15.2694091797, 16.5789146423, 15.5511760712, 23.8859577179, 36.2856025696, 33.1447219849, 38.2000732422, 31.4755344391, 28.8626708984, 23.0474910736, 15.3023471832, 11.7832393646, 10.0573854446, 10.967253685, 8.78383350372, 5.89966392517, 4.56976604462, 5.58496141434, 7.85967874527, 6.80650758743, 4.87328386307, 2.90969753265, 2.27838015556, 1.09156990051, 0.291575551033, 0.0574913099408, 0.00398245127872, 9.25413041841e-05, 2.41595917032e-05],
        "dmean2": [0.684544444084, 5.85524559021, 9.33133888245, 16.0148487091, 9.20356941223, 8.42137813568, 6.03322029114, 8.24575138092, 11.7073583603, 14.3727560043, 14.0264530182, 24.2686672211, 26.4651794434, 25.0005283356, 37.570476532, 62.1582527161, 55.5498580933, 63.1599845886, 50.9951210022, 47.2560806274, 38.902923584, 25.5726299286, 19.9736347198, 16.3950786591, 17.392906189, 14.2635383606, 9.74866580963, 7.46354579926, 8.74150180817, 12.5567111969, 10.4255542755, 7.87250518799, 4.69729137421, 3.63517451286, 1.74150729179, 0.471030056477, 0.0996938124299, 0.00712354760617, 0.000155688263476, 3.69133194908e-05],
        "dvar": [0.481221109629, 28.9781761169, 68.9914474487, 301.248718262, 77.9640731812, 74.7751998901, 56.6855049133, 85.995223999, 162.111328125, 257.67477417, 445.084899902, 868.067138672, 806.981811523, 511.803649902, 942.376525879, 2863.34472656, 2305.73608398, 4182.70410156, 3746.65356445, 2135.84570312, 2172.69824219, 1294.94958496, 580.469238281, 528.006652832, 686.653076172, 283.786987305, 140.722595215, 82.7189941406, 156.980941772, 405.096588135, 438.877655029, 134.175323486, 38.1675834656, 16.5768623352, 3.45738077164, 0.166029661894, 0.00823385640979, 4.61152412754e-05, 1.93154772177e-08, 8.25875368093e-10],
        "dvar2": [0.948680520058, 67.0201568604, 194.8855896, 862.675354004, 196.778915405, 181.685913086, 132.796157837, 209.299087524, 378.23739624, 481.787231445, 835.849060059, 2208.27490234, 1833.7286377, 1134.47607422, 2213.84399414, 7786.97851562, 6158.42431641, 10913.8339844, 9436.71679688, 4809.95996094, 5717.84814453, 3134.81152344, 1508.5279541, 1266.73510742, 1496.83178711, 674.072631836, 336.491638184, 199.552734375, 322.184417725, 847.953796387, 870.385437012, 285.495391846, 91.2738342285, 38.7050209045, 8.11804199219, 0.393147826195, 0.0210312809795, 0.000121576347738, 4.96359362501e-08, 1.61518243225e-09],
        "max": [4.56141519547, 37.9975090027, 73.4961776733, 126.613624573, 93.6949996948, 120.05065918, 163.228805542, 121.204956055, 176.604522705, 382.229736328, 525.049987793, 439.557312012, 477.025970459, 364.094543457, 305.620941162, 524.020935059, 552.030639648, 1111.22375488, 933.204345703, 1174.59667969, 811.79284668, 679.387634277, 345.475952148, 454.013183594, 413.524871826, 310.446228027, 198.367462158, 114.471221924, 276.272094727, 367.496643066, 534.119812012, 206.775909424, 118.189903259, 74.4868240356, 27.4424266815, 3.92228984833, 0.813634812832, 0.0486037060618, 0.00115018431097, 0.00027036346728],
        "mean": [0.749318778515, 6.65760707855, 12.7185897827, 14.9651641846, 10.2218971252, 8.79706192017, 6.3963394165, 8.40018749237, 10.8645858765, 18.5020847321, 17.7201709747, 25.8754806519, 25.2913379669, 25.6437511444, 37.3319587708, 51.8434104919, 49.3892669678, 56.9659996033, 52.5121917725, 47.0355186462, 35.7911949158, 26.5353889465, 18.2711029053, 15.8509187698, 18.8292179108, 13.4788341522, 9.52178382874, 7.84577560425, 9.67298793793, 13.1740655899, 12.3040084839, 7.95995330811, 4.35776901245, 2.90179109573, 1.31807947159, 0.327621161938, 0.0479219481349, 0.00296119460836, 0.000111682922579, 7.78374451329e-05],
        "median": [0.291200608015, 4.30125331879, 10.7131633759, 10.7458200455, 6.94625711441, 4.62060642242, 3.57940936089, 4.5096154213, 5.02211713791, 9.39004230499, 8.08934307098, 13.3429746628, 14.7969026566, 16.5450820923, 23.1727657318, 30.0536727905, 31.288942337, 28.9761505127, 27.382938385, 28.4269390106, 18.4454841614, 16.7274703979, 10.5647993088, 6.9510269165, 7.52110290527, 6.25584697723, 3.88726520538, 3.38442420959, 3.28684544563, 3.67604184151, 3.08886003494, 2.17206692696, 1.31272399426, 0.805387616158, 0.429342716932, 0.123207032681, 0.00868905428797, 0.000387020118069, 5.09187193529e-05, 6.6790584242e-05],
        "min": [0.00522873178124, 0.135385885835, 0.508172392845, 0.50435680151, 0.259390890598, 0.139074131846, 0.128096282482, 0.263325840235, 0.377471268177, 0.308492332697, 0.430019915104, 0.433733135462, 0.678461492062, 0.645596981049, 0.818741977215, 1.18217968941, 1.08729147911, 0.75678730011, 0.994233012199, 0.803736686707, 0.804693460464, 0.56951880455, 0.502220273018, 0.239392995834, 0.0760648101568, 0.0512785129249, 0.0184640903026, 0.00844774395227, 0.00382323400117, 0.00164533406496, 0.000564242363907, 0.00020702938491, 5.93546901655e-05, 5.34142927791e-05, 1.27374305521e-05, 7.07326398697e-06, 4.32653814642e-06, 5.45670275187e-07, 7.04179910826e-06, 1.46884658534e-05],
        "var": [0.917357087135, 41.3537979126, 87.2250137329, 242.987289429, 118.963554382, 171.906448364, 108.956069946, 139.5027771, 327.907501221, 949.35345459, 1572.77954102, 2063.98876953, 1436.33666992, 971.202148438, 1778.95861816, 3821.67626953, 3203.02197266, 6997.73486328, 7178.27148438, 3934.89526367, 3630.2265625, 1783.86547852, 741.784362793, 920.336303711, 1509.30175781, 536.794372559, 246.712905884, 152.214065552, 482.083709717, 1246.40881348, 1383.33898926, 386.734313965, 89.4774475098, 32.9790420532, 6.15792560577, 0.238976761699, 0.00779695715755, 3.53753603122e-05, 2.04570209661e-08, 1.82774895219e-09]
    },
    "gfcc": {
        "mean": [35.5338096619, 106.489295959, -114.704162598, 46.3558807373, -42.5232276917, 41.9249267578, -33.1041488647, 14.0915994644, -17.850818634, 0.784452855587, -12.0406112671, -7.60572862625, -9.55937290192],
        "cov": [[2758.84350586, -2076.58740234, 369.852539062, 351.531311035, -603.332580566, 477.46774292, -357.048034668, 337.477478027, -280.917724609, 405.667358398, -230.438522339, 190.916778564, -248.749786377], [-2076.58740234, 1959.44189453, -485.899627686, -348.013305664, 538.505737305, -486.834136963, 339.594055176, -310.611419678, 258.065826416, -355.531311035, 221.227508545, -181.801879883, 198.503952026], [369.852539062, -485.899627686, 539.055908203, 62.0244064331, -175.879943848, 112.618278503, -148.554244995, 91.71068573, -126.735816956, 119.063598633, -75.3046340942, 80.0546951294, -70.2132949829], [351.531311035, -348.013305664, 62.0244064331, 347.24206543, -109.892997742, 94.1309280396, -9.48237419128, -15.2192840576, 21.3675689697, 4.89658975601, 28.5115852356, 0.243683218956, 26.3187465668], [-603.332580566, 538.505737305, -175.879943848, -109.892997742, 346.822601318, -128.509765625, 112.246505737, -58.6182403564, 71.6786956787, -79.9269638062, 41.6083183289, -32.4912567139, 67.5167999268], [477.46774292, -486.834136963, 112.618278503, 94.1309280396, -128.509765625, 240.66607666, -42.9188575745, 94.5274887085, -46.9296379089, 82.2901763916, -41.6823310852, 17.3721370697, -23.0084266663], [-357.048034668, 339.594055176, -148.554244995, -9.48237419128, 112.246505737, -42.9188575745, 194.212753296, -51.0703544617, 66.7783432007, -79.1414260864, 60.2420501709, -41.7417526245, 36.1802215576], [337.477478027, -310.611419678, 91.71068573, -15.2192840576, -58.6182403564, 94.5274887085, -51.0703544617, 159.145385742, -20.8298664093, 88.2576217651, -43.9969863892, 30.1178245544, -33.8880081177], [-280.917724609, 258.065826416, -126.735816956, 21.3675689697, 71.6786956787, -46.9296379089, 66.7783432007, -20.8298664093, 159.194046021, -38.9031791687, 58.0890045166, -51.9849662781, 42.8592224121], [405.667358398, -355.531311035, 119.063598633, 4.89658975601, -79.9269638062, 82.2901763916, -79.1414260864, 88.2576217651, -38.9031791687, 158.411468506, -46.4581260681, 40.6627197266, -56.5050735474], [-230.438522339, 221.227508545, -75.3046340942, 28.5115852356, 41.6083183289, -41.6823310852, 60.2420501709, -43.9969863892, 58.0890045166, -46.4581260681, 99.9907989502, -23.6979179382, 39.1343345642], [190.916778564, -181.801879883, 80.0546951294, 0.243683218956, -32.4912567139, 17.3721370697, -41.7417526245, 30.1178245544, -51.9849662781, 40.6627197266, -23.6979179382, 89.2421875, -15.9431581497], [-248.749786377, 198.503952026, -70.2132949829, 26.3187465668, 67.5167999268, -23.0084266663, 36.1802215576, -33.8880081177, 42.8592224121, -56.5050735474, 39.1343345642, -15.9431581497, 109.494735718]],
        "icov": [[0.00232383282855, 0.00178779731505, 0.00125936977565, -0.000808047014289, 0.000755500339437, 0.000315220124321, 0.000277979852399, -0.000909060705453, 0.00105494819582, -0.00119166006334, 0.000118966534501, -0.000414234120399, 0.00113640644122], [0.00178779731505, 0.00865293573588, -0.000613283657003, 0.00557180866599, -0.00202255183831, 0.00599427009001, -0.00340967276134, 0.00378613499925, -0.00249713938683, 0.0025287065655, -0.00468642963096, 0.00502033066005, -0.00386446621269], [0.00125936977565, -0.000613283657003, 0.00404322892427, -0.00228017987683, 0.00136405357625, -0.00115935353097, 0.00191065121908, -0.0020334017463, 0.00254892627709, -0.00192837615032, 0.00115525955334, -0.00222774245776, 0.0020381284412], [-0.000808047014289, 0.00557180866599, -0.00228017987683, 0.00976681895554, -0.00125893729273, 0.0028311398346, -0.00314359320328, 0.00581223657355, -0.00455718208104, 0.00340797333047, -0.0051630390808, 0.00408588908613, -0.00555512774736], [0.000755500339437, -0.00202255183831, 0.00136405357625, -0.00125893729273, 0.00631566205993, -0.00031778079574, -0.000622210209258, -0.00188610237092, 0.000905902590603, -0.00196093507111, 0.00257672602311, -0.00221399101429, -0.000388800632209], [0.000315220124321, 0.00599427009001, -0.00115935353097, 0.0028311398346, -0.00031778079574, 0.0126733714715, -0.00442403787747, -0.000290790136205, -0.000437204027548, 0.000435494963313, -0.00233276095241, 0.00600675819442, -0.00523977307603], [0.000277979852399, -0.00340967276134, 0.00191065121908, -0.00314359320328, -0.000622210209258, -0.00442403787747, 0.0108251981437, -0.00202859914862, 0.00073309475556, 0.000851885124575, -0.000651091919281, -0.00226534786634, 0.00409850711003], [-0.000909060705453, 0.00378613499925, -0.0020334017463, 0.00581223657355, -0.00188610237092, -0.000290790136205, -0.00202859914862, 0.0147310132161, -0.00503977900371, -0.000962615944445, -0.00120968243573, 0.00153132376727, -0.0031674457714], [0.00105494819582, -0.00249713938683, 0.00254892627709, -0.00455718208104, 0.000905902590603, -0.000437204027548, 0.00073309475556, -0.00503977900371, 0.0133713902906, -0.00352485850453, -0.00132335035596, 0.00204860093072, 0.000919434183743], [-0.00119166006334, 0.0025287065655, -0.00192837615032, 0.00340797333047, -0.00196093507111, 0.000435494963313, 0.000851885124575, -0.000962615944445, -0.00352485850453, 0.0150830661878, -0.00214326311834, 8.60600848682e-05, 0.00131594133563], [0.000118966534501, -0.00468642963096, 0.00115525955334, -0.0051630390808, 0.00257672602311, -0.00233276095241, -0.000651091919281, -0.00120968243573, -0.00132335035596, -0.00214326311834, 0.0195049103349, -0.00387365417555, 0.00038656644756], [-0.000414234120399, 0.00502033066005, -0.00222774245776, 0.00408588908613, -0.00221399101429, 0.00600675819442, -0.00226534786634, 0.00153132376727, 0.00204860093072, 8.60600848682e-05, -0.00387365417555, 0.0199745576829, -0.00506777828559], [0.00113640644122, -0.00386446621269, 0.0020381284412, -0.00555512774736, -0.000388800632209, -0.00523977307603, 0.00409850711003, -0.0031674457714, 0.000919434183743, 0.00131594133563, 0.00038656644756, -0.00506777828559, 0.0176099371165]]
    },
    "melbands": {
        "dmean": [0.00432254839689, 0.00318023911677, 0.00142397219315, 0.00033849015017, 0.000150217019836, 0.000117854215205, 0.000110085202323, 9.88113533822e-05, 8.57955310494e-05, 9.57791344263e-05, 8.3124388766e-05, 6.16299003013e-05, 9.73297501332e-05, 9.50157118496e-05, 8.19523265818e-05, 6.79295044392e-05, 7.58237365517e-05, 5.5926382629e-05, 3.66136337107e-05, 3.62522987416e-05, 2.77349190583e-05, 1.72297422978e-05, 1.44829473356e-05, 1.03748670881e-05, 8.2391225078e-06, 9.25564199861e-06, 7.38790959076e-06, 5.87166186961e-06, 4.00731869377e-06, 3.12765769195e-06, 2.85188366433e-06, 3.15438728649e-06, 3.93734217141e-06, 4.82400355395e-06, 4.29631018051e-06, 3.62548598787e-06, 3.08429571305e-06, 2.22070889322e-06, 1.83870179171e-06, 2.09002132578e-06],
        "dmean2": [0.0066525186412, 0.00525981141254, 0.00248290668242, 0.000539547821973, 0.00023534958018, 0.000185283846804, 0.000178692382178, 0.000143803612445, 0.000128682557261, 0.000151569911395, 0.000132691013278, 9.96896196739e-05, 0.00015343198902, 0.000161653239047, 0.000137533570523, 0.000114209411549, 0.000126334634842, 9.0874847956e-05, 5.93481927353e-05, 5.97709513386e-05, 4.73282125313e-05, 2.87320872303e-05, 2.49486984103e-05, 1.76792727871e-05, 1.34486817842e-05, 1.47877508425e-05, 1.20080949273e-05, 9.71096142166e-06, 6.70580811857e-06, 5.1984284255e-06, 4.70838585898e-06, 5.0072171689e-06, 6.29010582998e-06, 7.70873703004e-06, 6.79583217789e-06, 5.68798850509e-06, 5.05212892676e-06, 3.64360585081e-06, 2.95731410915e-06, 3.35850859301e-06],
        "dvar": [4.09908388974e-05, 1.89409311133e-05, 6.55879148326e-06, 2.57436482798e-07, 6.53224958569e-08, 4.05663342917e-08, 3.65291796811e-08, 2.51993128586e-08, 3.03048572903e-08, 2.85784587106e-08, 2.07522710127e-08, 9.10505892904e-09, 1.81604526972e-08, 2.1943858286e-08, 1.19376277752e-08, 8.6192608606e-09, 1.85551947141e-08, 1.14703082588e-08, 3.74476183396e-09, 3.52450535424e-09, 3.0296567477e-09, 1.45057876821e-09, 1.28477917194e-09, 5.10459507996e-10, 3.96090577004e-10, 5.91518389825e-10, 3.02407709984e-10, 1.38783609605e-10, 6.34897759366e-11, 3.74118062918e-11, 3.29519779518e-11, 5.39562283741e-11, 8.94959453768e-11, 1.76001616059e-10, 2.14606832305e-10, 1.03135819329e-10, 4.97268441702e-11, 2.85831098373e-11, 1.03797907769e-11, 1.51431939904e-11],
        "dvar2": [8.40679567773e-05, 4.75997585454e-05, 1.84497985174e-05, 6.31668797269e-07, 1.58002393391e-07, 9.97758888843e-08, 8.10837690324e-08, 4.82694808568e-08, 6.54048548654e-08, 7.19953661132e-08, 4.67523335601e-08, 1.97747329622e-08, 4.12602290112e-08, 5.67699167675e-08, 3.08781338276e-08, 2.23554241785e-08, 4.89870686238e-08, 2.74398512801e-08, 8.80494521738e-09, 7.92439003305e-09, 8.36625613232e-09, 3.4395466475e-09, 3.44718298351e-09, 1.34496747073e-09, 9.38964350716e-10, 1.35216637887e-09, 7.1762995546e-10, 3.35068500723e-10, 1.5171075507e-10, 9.59837695436e-11, 7.73893449324e-11, 1.17903978247e-10, 1.94209301418e-10, 3.86635196081e-10, 4.72493100201e-10, 2.17423412607e-10, 1.15855332272e-10, 7.40869102178e-11, 2.38482168041e-11, 3.60746987838e-11],
        "max": [0.0408627130091, 0.0375585891306, 0.0198270324618, 0.00706797093153, 0.00474155927077, 0.00264113396406, 0.00281791621819, 0.00334131973796, 0.0035593516659, 0.00244976580143, 0.00241661537439, 0.00164424546529, 0.00147819926497, 0.00213263952173, 0.0016442037886, 0.00097033707425, 0.00223043304868, 0.00163190090097, 0.0010848849779, 0.00104167487007, 0.000768466212321, 0.000753422558773, 0.000755331537221, 0.000314996403176, 0.000417941628257, 0.000429272011388, 0.000319773651427, 0.000239932705881, 0.000113553200208, 8.95536140888e-05, 8.7257118139e-05, 0.000148398525198, 0.000228848221013, 0.00022103372612, 0.000401607452659, 0.000179074777407, 0.000112287525553, 0.000111731635116, 4.38477909483e-05, 7.43984273868e-05],
        "mean": [0.00744426203892, 0.00774008734152, 0.00251846667379, 0.000626084511168, 0.000264684145804, 0.000188511214219, 0.000180279268534, 0.000188552148757, 0.000152538486873, 0.000159632851137, 0.000122504381579, 9.77519084699e-05, 0.000139945186675, 0.000126423357869, 0.000118531395856, 9.75117582129e-05, 0.000105987957795, 8.74569814187e-05, 5.84676854487e-05, 5.56085506105e-05, 3.9777445636e-05, 2.7821479307e-05, 2.16725893551e-05, 1.40851652759e-05, 1.21560242405e-05, 1.48541166709e-05, 1.13048654384e-05, 8.3587538029e-06, 6.02281215834e-06, 4.92956041853e-06, 4.51850610261e-06, 5.20191179021e-06, 6.15952239968e-06, 7.93484559836e-06, 7.51595416659e-06, 5.79584911975e-06, 4.53909206044e-06, 3.15459510603e-06, 2.48258470492e-06, 2.48947162618e-06],
        "median": [0.0044532045722, 0.00638094963506, 0.001875022077, 0.000411682878621, 0.000150704436237, 0.000102074060123, 8.57793056639e-05, 9.29601956159e-05, 6.68723732815e-05, 8.63625537022e-05, 7.00249438523e-05, 5.92083779338e-05, 7.57549132686e-05, 6.34688549326e-05, 8.14737650217e-05, 5.80691921641e-05, 4.97372056998e-05, 4.10668981203e-05, 3.52396891685e-05, 3.07139416691e-05, 1.93377272808e-05, 1.58187485795e-05, 1.33498760988e-05, 6.8713266046e-06, 4.90695538247e-06, 5.34382661499e-06, 4.84178508486e-06, 3.46519277628e-06, 2.20811102736e-06, 2.18812715502e-06, 1.64699281413e-06, 1.74738420355e-06, 1.78671075446e-06, 2.12156032831e-06, 1.80449967502e-06, 1.55433633608e-06, 1.15544537493e-06, 8.84002474777e-07, 7.79713673182e-07, 6.12600103977e-07],
        "min": [5.32747835678e-05, 0.000496742664836, 0.000104148413811, 7.42877682569e-06, 3.83276710636e-06, 5.33984484719e-06, 6.42643226456e-06, 1.7611785097e-06, 1.8602640921e-06, 3.42664293385e-06, 2.58090904026e-06, 1.63886716109e-06, 1.79128278432e-06, 1.47257503613e-06, 3.23820404446e-06, 1.89913839677e-06, 1.27771693315e-06, 5.34448702183e-07, 1.07728203602e-06, 9.31616000344e-07, 4.07181005357e-07, 5.32211061e-07, 2.34355582052e-07, 2.58439371237e-07, 1.20299119999e-07, 4.48746924064e-08, 5.15757108133e-08, 2.33002719341e-08, 9.30545418498e-09, 8.26064905368e-09, 2.11503836667e-09, 1.8433695681e-09, 1.29325683496e-09, 4.65522120852e-10, 3.59693608232e-10, 1.27818228224e-10, 1.24335958196e-11, 5.47927935662e-12, 2.290986411e-12, 4.31059105511e-13],
