{
"highlevel": {
    "danceability": {
        "all": {
            "danceable": 0.975954711437,
            "not_danceable": 0.0240453016013
        },
        "probability": 0.975954711437,
        "value": "danceable"
    },
    "gender": {
        "all": {
            "female": 0.00604742998257,
            "male": 0.993952572346
        },
        "probability": 0.993952572346,
        "value": "male"
    },
    "genre_dortmund": {
        "all": {
            "alternative": 0.0460351072252,
            "blues": 0.148350030184,
            "electronic": 0.0173307415098,
            "folkcountry": 0.247008144855,
            "funksoulrnb": 0.0370893888175,
            "jazz": 0.0384190641344,
            "pop": 0.140592679381,
            "raphiphop": 0.0296378452331,
            "rock": 0.295536994934
        },
        "probability": 0.295536994934,
        "value": "rock"
    },
    "genre_electronic": {
        "all": {
            "ambient": 0.110887058079,
            "dnb": 0.0848447307944,
            "house": 0.527711570263,
            "techno": 0.0126335546374,
            "trance": 0.263923078775
        },
        "probability": 0.527711570263,
        "value": "house"
    },
    "genre_rosamerica": {
        "all": {
            "cla": 0.0147701492533,
            "dan": 0.181877478957,
            "hip": 0.0762143880129,
            "jaz": 0.0220484714955,
            "pop": 0.215195029974,
            "rhy": 0.275573015213,
            "roc": 0.202887937427,
            "spe": 0.0114335231483
        },
        "probability": 0.275573015213,
        "value": "rhy"
    },
    "genre_tzanetakis": {
        "all": {
            "blu": 0.0626613423228,
            "cla": 0.0348169617355,
            "cou": 0.104475811124,
            "dis": 0.0784321576357,
            "hip": 0.15692435205,
            "jaz": 0.313974827528,
            "met": 0.0448166541755,
            "pop": 0.0627359300852,
            "reg": 0.0627360641956,
            "roc": 0.0784258767962
        },
        "probability": 0.313974827528,
        "value": "jaz"
    },
    "ismir04_rhythm": {
        "all": {
            "ChaChaCha": 0.217398062348,
            "Jive": 0.472678154707,
            "Quickstep": 0.00717146228999,
            "Rumba-American": 0.00530434027314,
            "Rumba-International": 0.0226517636329,
            "Rumba-Misc": 0.00410546176136,
            "Samba": 0.236863315105,
            "Tango": 0.0131814768538,
            "VienneseWaltz": 0.0176791958511,
            "Waltz": 0.00296676158905
        },
        "probability": 0.472678154707,
        "value": "Jive"
    },
    "mood_acoustic": {
        "all": {
            "acoustic": 0.113884173334,
            "not_acoustic": 0.886115849018
        },
        "probability": 0.886115849018,
        "value": "not_acoustic"
    },
    "mood_aggressive": {
        "all": {
            "aggressive": 0.17309640348,
            "not_aggressive": 0.826903581619
        },
        "probability": 0.826903581619,
        "value": "not_aggressive"
    },
    "mood_electronic": {
        "all": {
            "electronic": 0.189499557018,
            "not_electronic": 0.810500442982
        },
        "probability": 0.810500442982,
        "value": "not_electronic"
    },
    "mood_happy": {
        "all": {
            "happy": 0.940838873386,
            "not_happy": 0.0591611266136
        },
        "probability": 0.940838873386,
        "value": "happy"
    },
    "mood_party": {
        "all": {
            "not_party": 0.533355772495,
            "party": 0.466644197702
        },
        "probability": 0.533355772495,
        "value": "not_party"
    },
    "mood_relaxed": {
        "all": {
            "not_relaxed": 0.991946041584,
            "relaxed": 0.00805398542434
        },
        "probability": 0.991946041584,
        "value": "not_relaxed"
    },
    "mood_sad": {
        "all": {
            "not_sad": 0.859454214573,
            "sad": 0.140545785427
        },
        "probability": 0.859454214573,
        "value": "not_sad"
    },
    "moods_mirex": {
        "all": {
            "Cluster1": 0.213950619102,
            "Cluster2": 0.403794080019,
            "Cluster3": 0.135654747486,
            "Cluster4": 0.185564085841,
            "Cluster5": 0.0610364787281
        },
        "probability": 0.403794080019,
        "value": "Cluster2"
    },
    "timbre": {
        "all": {
            "bright": 0.999999940395,
            "dark": 3.95367223405e-08
        },
        "probability": 0.999999940395,
        "value": "bright"
    },
    "tonal_atonal": {
        "all": {
            "atonal": 0.000625124492217,
            "tonal": 0.999374866486
        },
        "probability": 0.999374866486,
        "value": "tonal"
    },
    "voice_instrumental": {
        "all": {
            "instrumental": 0.00724025303498,
            "voice": 0.992759764194
        },
        "probability": 0.992759764194,
        "value": "voice"
    }
},
"lowlevel": {
    "average_loudness": 0.978103101254,
    "barkbands_crest": {
        "dmean": 3.01756906509,
        "dmean2": 4.70028018951,
        "dvar": 8.08310127258,
        "dvar2": 17.254486084,
        "max": 22.7225341797,
        "mean": 9.36478614807,
        "median": 8.35401725769,
        "min": 2.75258708,
        "var": 19.7359333038
    },
    "barkbands_flatness_db": {
        "dmean": 0.0255914758891,
        "dmean2": 0.041470002383,
        "dvar": 0.000651279406156,
        "dvar2": 0.00178930931725,
        "max": 0.241505384445,
        "mean": 0.125410273671,
        "median": 0.120574511588,
        "min": 0.0516690015793,
        "var": 0.00140241731424
    },
    "barkbands_kurtosis": {
        "dmean": 2.92915534973,
        "dmean2": 4.83821249008,
        "dvar": 25.5267181396,
        "dvar2": 65.3518829346,
        "max": 49.6683425903,
        "mean": 2.37685060501,
        "median": 0.0481650829315,
        "min": -1.78256499767,
        "var": 31.8461341858
    },
    "barkbands_skewness": {
        "dmean": 0.685888886452,
        "dmean2": 1.04367649555,
        "dvar": 0.619720101357,
        "dvar2": 1.43676388264,
        "max": 5.77568769455,
        "mean": 1.15237915516,
        "median": 0.866176903248,
        "min": -2.7661948204,
        "var": 1.3973544836
    },
    "barkbands_spread": {
        "dmean": 8.19034767151,
        "dmean2": 13.4349145889,
        "dvar": 73.3017501831,
        "dvar2": 201.180450439,
        "max": 83.9775390625,
        "mean": 27.9258441925,
        "median": 27.7143974304,
        "min": 2.90893602371,
        "var": 160.068786621
    },
    "dissonance": {
        "dmean": 0.0180744882673,
        "dmean2": 0.029931133613,
        "dvar": 0.000346852524672,
        "dvar2": 0.000925053376704,
        "max": 0.499999970198,
        "mean": 0.464170843363,
        "median": 0.469386428595,
        "min": 0.2948538661,
        "var": 0.000644582672976
    },
    "dynamic_complexity": 1.78449904919,
    "erbbands_crest": {
        "dmean": 2.87251520157,
        "dmean2": 4.63604879379,
        "dvar": 8.33331012726,
        "dvar2": 20.2553749084,
        "max": 28.2308998108,
        "mean": 8.82778263092,
        "median": 7.5583190918,
        "min": 2.39554595947,
        "var": 20.4149799347
    },
    "erbbands_flatness_db": {
        "dmean": 0.0231386050582,
        "dmean2": 0.0335804857314,
        "dvar": 0.000517823908012,
        "dvar2": 0.000910742615815,
        "max": 0.291967511177,
        "mean": 0.144843131304,
        "median": 0.14410302043,
        "min": 0.0493937171996,
        "var": 0.0017404606333
    },
    "erbbands_kurtosis": {
        "dmean": 0.871441423893,
        "dmean2": 1.35039710999,
        "dvar": 1.90104365349,
        "dvar2": 4.39550828934,
        "max": 14.8530578613,
        "mean": 0.0914574414492,
        "median": -0.497246265411,
        "min": -1.62099885941,
        "var": 3.3220102787
    },
    "erbbands_skewness": {
        "dmean": 0.373625069857,
        "dmean2": 0.569691240788,
        "dvar": 0.150139227509,
        "dvar2": 0.301818281412,
        "max": 3.26765608788,
        "mean": 0.127951219678,
        "median": 0.127409249544,
        "min": -3.48978710175,
        "var": 0.501202642918
    },
    "erbbands_spread": {
        "dmean": 10.5347537994,
        "dmean2": 15.4120168686,
        "dvar": 117.230804443,
        "dvar2": 262.457794189,
        "max": 131.49559021,
        "mean": 41.5786170959,
        "median": 39.2273521423,
        "min": 4.28001880646,
        "var": 317.405853271
    },
    "hfc": {
        "dmean": 10.7616224289,
        "dmean2": 15.608089447,
        "dvar": 175.239761353,
        "dvar2": 316.891204834,
        "max": 230.87147522,
        "mean": 31.9788970947,
        "median": 29.0840206146,
        "min": 1.62661850452,
        "var": 575.216918945
    },
    "melbands_crest": {
        "dmean": 4.1072268486,
        "dmean2": 6.64583921432,
        "dvar": 17.3346233368,
        "dvar2": 41.3746109009,
        "max": 31.7547264099,
        "mean": 12.9528017044,
        "median": 11.3272609711,
        "min": 2.57304763794,
        "var": 36.5716056824
    },
    "melbands_flatness_db": {
        "dmean": 0.0311184134334,
        "dmean2": 0.0497051924467,
        "dvar": 0.00121374474838,
        "dvar2": 0.00284129451029,
        "max": 0.337363809347,
        "mean": 0.155022352934,
        "median": 0.144879758358,
        "min": 0.0336514636874,
        "var": 0.00313364830799
    },
    "melbands_kurtosis": {
        "dmean": 9.21075248718,
        "dmean2": 15.3629798889,
        "dvar": 328.129608154,
        "dvar2": 816.868591309,
        "max": 196.996063232,
        "mean": 10.99259758,
        "median": 3.97445058823,
        "min": -1.78637254238,
        "var": 366.460388184
    },
    "melbands_skewness": {
        "dmean": 0.973522245884,
        "dmean2": 1.50172328949,
        "dvar": 1.57314515114,
        "dvar2": 3.56492996216,
        "max": 12.6943645477,
        "mean": 2.31060671806,
        "median": 1.81454277039,
        "min": -1.10847258568,
        "var": 3.08786010742
    },
    "melbands_spread": {
        "dmean": 11.4371023178,
        "dmean2": 17.3115787506,
        "dvar": 206.248672485,
        "dvar2": 382.518280029,
        "max": 210.278045654,
        "mean": 33.4081878662,
        "median": 31.4096889496,
        "min": 2.73461079597,
        "var": 567.272460938
    },
    "pitch_salience": {
        "dmean": 0.0939217433333,
        "dmean2": 0.155746787786,
        "dvar": 0.01031784527,
        "dvar2": 0.027370210737,
        "max": 0.832239031792,
        "mean": 0.534035027027,
        "median": 0.534465253353,
        "min": 0.189407795668,
        "var": 0.0157957840711
    },
    "silence_rate_20dB": {
        "dmean": 0,
        "dmean2": 0,
        "dvar": 0,
        "dvar2": 0,
        "max": 1,
        "mean": 1,
        "median": 1,
        "min": 1,
        "var": 0
    },
    "silence_rate_30dB": {
        "dmean": 0.0061919502914,
        "dmean2": 0.0123934932053,
        "dvar": 0.00615361053497,
        "dvar2": 0.0184367503971,
        "max": 1,
        "mean": 0.996906399727,
        "median": 1,
        "min": 0,
        "var": 0.00308400485665
    },
    "silence_rate_60dB": {
        "dmean": 0.0061919502914,
        "dmean2": 0.0123934932053,
        "dvar": 0.00615359516814,
        "dvar2": 0.0153382504359,
        "max": 1,
        "mean": 0.00696055684239,
        "median": 0,
        "min": 0,
        "var": 0.00691219978034
    },
    "spectral_centroid": {
        "dmean": 373.24130249,
        "dmean2": 582.135009766,
        "dvar": 147294.234375,
        "dvar2": 348401.46875,
        "max": 5084.44287109,
        "mean": 1799.50671387,
        "median": 1854.72009277,
        "min": 348.763885498,
        "var": 407591.125
    },
    "spectral_complexity": {
        "dmean": 4.65170288086,
        "dmean2": 7.19132471085,
        "dvar": 23.5039672852,
        "dvar2": 50.4967575073,
        "max": 53,
        "mean": 22.4725437164,
        "median": 22,
        "min": 3,
        "var": 71.8763504028
    },
    "spectral_decrease": {
        "dmean": 3.98429600423e-09,
        "dmean2": 6.32965191372e-09,
        "dvar": 4.28891890294e-17,
        "dvar2": 1.11429354733e-16,
        "max": -4.25318613662e-10,
        "mean": -7.55708118305e-09,
        "median": -5.63197843917e-09,
        "min": -3.67119241673e-08,
        "var": 4.56906413146e-17
    },
    "spectral_energy": {
        "dmean": 0.0156790651381,
        "dmean2": 0.024614399299,
        "dvar": 0.000612988311332,
        "dvar2": 0.0015834288206,
        "max": 0.142004057765,
        "mean": 0.0314227305353,
        "median": 0.0244252737612,
        "min": 0.00186446378939,
        "var": 0.000685804290697
    },
    "spectral_energyband_high": {
        "dmean": 0.000815231935121,
        "dmean2": 0.00121463730466,
        "dvar": 2.27365421779e-06,
        "dvar2": 3.55891802428e-06,
        "max": 0.0265742465854,
        "mean": 0.00183653866407,
        "median": 0.00137812842149,
        "min": 1.96181463252e-05,
        "var": 6.73916019878e-06
    },
    "spectral_energyband_low": {
        "dmean": 0.0116007188335,
        "dmean2": 0.0198747795075,
        "dvar": 0.000694435206242,
        "dvar2": 0.00186093314551,
        "max": 0.127813667059,
        "mean": 0.0113939372823,
        "median": 0.00281748641282,
        "min": 3.18990009873e-06,
        "var": 0.000584648281801
    },
    "spectral_energyband_middle_high": {
        "dmean": 0.00328824552707,
        "dmean2": 0.00477871252224,
        "dvar": 1.89282236533e-05,
        "dvar2": 4.02215518989e-05,
        "max": 0.0520335175097,
        "mean": 0.00816828291863,
        "median": 0.00595119968057,
        "min": 0.00015292041644,
        "var": 6.23284649919e-05
    },
    "spectral_energyband_middle_low": {
        "dmean": 0.00455753458664,
        "dmean2": 0.00676857074723,
        "dvar": 3.07576265186e-05,
        "dvar2": 6.83090256643e-05,
        "max": 0.0494869053364,
        "mean": 0.0107919182628,
        "median": 0.00868755206466,
        "min": 0.00081064493861,
        "var": 6.26045803074e-05
    },
    "spectral_entropy": {
        "dmean": 0.200077801943,
        "dmean2": 0.300570189953,
        "dvar": 0.0383382290602,
        "dvar2": 0.0872363224626,
        "max": 8.54275417328,
        "mean": 7.6200671196,
        "median": 7.60721921921,
        "min": 6.61327552795,
        "var": 0.109043799341
    },
    "spectral_flux": {
        "dmean": 0.0411593690515,
        "dmean2": 0.0644355341792,
        "dvar": 0.00248651858419,
        "dvar2": 0.00400096829981,
        "max": 0.328147739172,
        "mean": 0.109523668885,
        "median": 0.0882221311331,
        "min": 0.0174409933388,
        "var": 0.00503772497177
    },
    "spectral_kurtosis": {
        "dmean": 1.05392313004,
        "dmean2": 1.76216161251,
        "dvar": 0.860007286072,
        "dvar2": 2.16871261597,
        "max": 12.0898790359,
        "mean": 3.19638156891,
        "median": 2.9741153717,
        "min": -1.06406211853,
        "var": 2.58145737648
    },
    "spectral_rms": {
        "dmean": 0.00119521480519,
        "dmean2": 0.00172606995329,
        "dvar": 2.1458640731e-06,
        "dvar2": 5.03974069943e-06,
        "max": 0.0117703247815,
        "mean": 0.00517986016348,
        "median": 0.00488155055791,
        "min": 0.00134869897738,
        "var": 3.82541566069e-06
    },
    "spectral_rolloff": {
        "dmean": 742.813110352,
        "dmean2": 1230.61181641,
        "dvar": 923166.6875,
        "dvar2": 1961888.375,
        "max": 10874.2675781,
        "mean": 2148.92578125,
        "median": 2002.58789062,
        "min": 107.666015625,
        "var": 2372033.25
    },
    "spectral_skewness": {
        "dmean": 0.204735606909,
        "dmean2": 0.319250971079,
        "dvar": 0.0305096674711,
        "dvar2": 0.069951236248,
        "max": 2.58521032333,
        "mean": 1.27101922035,
        "median": 1.26057648659,
        "min": -0.185177385807,
        "var": 0.110058248043
    },
    "spectral_spread": {
        "dmean": 708075.0625,
        "dmean2": 1058159.25,
        "dvar": 640327548928,
        "dvar2": 1.16593957274e+12,
        "max": 18094148,
        "mean": 4833855.5,
        "median": 4554191.5,
        "min": 2864002,
        "var": 1.57489614029e+12
    },
    "spectral_strongpeak": {
        "dmean": 0.938278615475,
        "dmean2": 1.54368948936,
        "dvar": 1.80145061016,
        "dvar2": 4.08317518234,
        "max": 14.4268341064,
        "mean": 1.50717663765,
        "median": 0.887088000774,
        "min": 0.0235300138593,
        "var": 3.28315401077
    },
    "zerocrossingrate": {
        "dmean": 0.0137580418959,
        "dmean2": 0.0159903597087,
        "dvar": 0.000233036262216,
        "dvar2": 0.000236419669818,
        "max": 0.3330078125,
        "mean": 0.0828631818295,
        "median": 0.07861328125,
        "min": 0.01171875,
        "var": 0.00136261619627
    },
    "barkbands": {
        "dmean": [0.000101393925434, 0.00453151436523, 0.00713472859934, 0.000883331522346, 0.00135245418642, 0.00123236922082, 0.00112949090544, 0.00115997425746, 0.00109259330202, 0.000479840120533, 0.000616516976152, 0.000397888186853, 0.000891023024451, 0.000883605156559, 0.000553193327505, 0.000653433613479, 0.000530937919393, 0.000236268955632, 0.000254077691352, 0.000281186308712, 0.000273144687526, 0.000182311181561, 0.00017911203031, 0.000119452364743, 9.96509261313e-05, 9.36585347517e-05, 1.75996872631e-09],
        "dmean2": [0.000151584186824, 0.00710247876123, 0.013798667118, 0.00131610385142, 0.00215130764991, 0.0018891536165, 0.00177930516656, 0.0017891129246, 0.00164008548018, 0.00070755626075, 0.000863275257871, 0.000587553426158, 0.00134824751876, 0.00137511058711, 0.000881323299836, 0.00102437974419, 0.000853420526255, 0.000378758384613, 0.000413082248997, 0.000465679651825, 0.000446388876298, 0.000291655276669, 0.000246197159868, 0.000189733167645, 0.000155408575665, 0.000148113555042, 2.83433876369e-09],
        "dvar": [3.15195833878e-08, 8.27447220217e-05, 0.00036065740278, 3.13851819556e-06, 5.59913723919e-06, 6.39032396066e-06, 5.69783514948e-06, 6.7136211328e-06, 9.64212085819e-06, 1.41895839079e-06, 3.18923162013e-06, 7.48806314732e-07, 5.06337391926e-06, 6.89433454681e-06, 1.11044448659e-06, 2.83849726657e-06, 1.25689484776e-06, 1.98892621484e-07, 1.88728364492e-07, 1.31062463993e-07, 1.0975216469e-07, 2.62557193764e-07, 4.2661085331e-07, 2.38561597143e-07, 4.15654071162e-08, 1.90009412648e-08, 1.9753227876e-16],
        "dvar2": [7.24271558283e-08, 0.000161583258887, 0.00103249226231, 7.7517797763e-06, 1.22565006677e-05, 1.43389615914e-05, 1.19271053336e-05, 1.43136749102e-05, 2.09329537029e-05, 2.97949668493e-06, 6.92470666763e-06, 1.35033758397e-06, 1.16933124445e-05, 1.58924485731e-05, 2.36976825363e-06, 6.00005432716e-06, 3.05169510284e-06, 4.45561965989e-07, 5.1530781775e-07, 3.67967885495e-07, 2.71123496987e-07, 4.67671497972e-07, 6.30381236988e-07, 4.81317329104e-07, 6.91425938726e-08, 3.85805769554e-08, 2.10448909166e-16],
        "max": [0.00203008693643, 0.0510622598231, 0.0827798470855, 0.0312520004809, 0.0403509140015, 0.0316564142704, 0.0470536388457, 0.0377583056688, 0.0456130132079, 0.0244192238897, 0.0392834432423, 0.0165419615805, 0.0383831746876, 0.0341690443456, 0.0171254072338, 0.0303404815495, 0.0235019959509, 0.0082282545045, 0.0062550092116, 0.00471441075206, 0.00341914244927, 0.013226903975, 0.0165756419301, 0.013272959739, 0.00610396778211, 0.00227844761685, 4.39060073631e-07],
        "mean": [0.000141755750519, 0.00606041867286, 0.00456557050347, 0.00113453459926, 0.00212986022234, 0.00219636433758, 0.00159149558749, 0.0019115912728, 0.0015769500751, 0.000812772545032, 0.0010038408218, 0.000563085253816, 0.00130337849259, 0.00109174055979, 0.000772000232246, 0.000867329887114, 0.000813486403786, 0.000363935745554, 0.000431186781498, 0.000505747972056, 0.00053103454411, 0.000315025099553, 0.000293369899737, 0.000208833356737, 0.000130959335365, 0.000106480205432, 1.50863488368e-09],
        "median": [2.34327999351e-05, 0.00117097515613, 0.000956061587203, 0.000628940062597, 0.0011837555794, 0.000860945729073, 0.000671836780384, 0.000571149459574, 0.000442724733148, 0.000263501424342, 0.000354321411578, 0.000175980341737, 0.000377687596483, 0.000243415663135, 0.000343233899912, 0.000318929203786, 0.000417667004513, 0.000216099520912, 0.000302792934235, 0.000353210984031, 0.000397964264266, 0.000187513534911, 0.000102812889963, 8.76997582964e-05, 5.97480720899e-05, 3.99524833483e-05, 4.08215600212e-10],
        "min": [5.88748561015e-09, 4.73872631801e-07, 3.27442990056e-07, 1.10139296794e-06, 1.15877701319e-05, 4.73755289931e-06, 3.62686046174e-06, 5.90100717091e-06, 4.20257310907e-06, 4.0620384425e-06, 1.45314584188e-06, 1.70992859694e-06, 2.65586436399e-06, 1.27879934553e-06, 2.75153320217e-06, 2.82001064988e-06, 5.57298744752e-06, 2.58851969193e-06, 3.89663500755e-06, 2.28048952522e-06, 3.40155702361e-06, 2.50612902164e-06, 1.87837383692e-06, 8.85725057742e-07, 1.69945437278e-07, 4.34635730184e-11, 1.10147732948e-11],
        "var": [5.52727144054e-08, 0.000122610814287, 0.000204758922337, 3.29875638272e-06, 1.04477740024e-05, 1.47169166667e-05, 9.86910799838e-06, 1.4326753444e-05, 1.44196565088e-05, 4.13383895648e-06, 6.31804323348e-06, 1.72884529093e-06, 1.00487932286e-05, 8.89374587132e-06, 2.18726950152e-06, 4.48469836556e-06, 1.8523332983e-06, 2.64227054458e-07, 2.65069445504e-07, 2.63669960532e-07, 2.28211874287e-07, 4.30589295775e-07, 1.10753194349e-06, 6.04997865139e-07, 9.37047701655e-08, 3.0850298316e-08, 1.95226152152e-16]
    },
    "erbbands": {
        "dmean": [0.121911786497, 1.31437194347, 7.82224464417, 5.09007835388, 3.53611016273, 4.73110342026, 7.10515260696, 11.7313203812, 11.9658174515, 22.4981517792, 22.9562911987, 28.4000873566, 12.8529233932, 17.7891426086, 24.2217121124, 18.7274208069, 39.1751708984, 43.9702682495, 32.9795570374, 31.4655838013, 29.8593349457, 23.1302719116, 14.9545688629, 10.6177511215, 13.7427396774, 13.2271127701, 11.5901212692, 9.28146648407, 6.70691537857, 6.20855093002, 4.79090547562, 2.88533091545, 2.12842750549, 1.03540015221, 0.689731657505, 0.474596351385, 0.178087487817, 0.017493583262, 0.000306758796796, 2.81193279079e-05],
        "dmean2": [0.178061708808, 2.10432624817, 15.1286411285, 8.8281955719, 5.66388607025, 7.57010698318, 11.3403749466, 18.2089595795, 18.2074985504, 35.2601890564, 35.5868835449, 43.0668296814, 18.975976944, 25.4383106232, 34.0377807617, 27.291852951, 59.9753990173, 68.5735168457, 50.5401077271, 50.3709640503, 46.3642845154, 36.3077964783, 23.7358264923, 16.9161090851, 22.808588028, 21.9451351166, 18.9823665619, 14.9549055099, 10.6929636002, 9.21122360229, 6.7890586853, 4.41648054123, 3.53738951683, 1.62808537483, 1.10564088821, 0.777592778206, 0.276795774698, 0.0282671432942, 0.000488920952193, 3.99255477532e-05],
        "dvar": [0.0533873774111, 7.84708309174, 433.560699463, 133.350448608, 43.169303894, 93.5451507568, 228.360488892, 759.560852051, 700.436828613, 1824.87060547, 3393.02197266, 7203.33056641, 836.571777344, 2868.89599609, 5018.72119141, 1578.41931152, 9029.04492188, 15927.5029297, 6654.86669922, 3938.19897461, 6126.00390625, 2637.99536133, 613.945800781, 258.737304688, 665.61706543, 275.812316895, 196.693878174, 136.021530151, 319.196838379, 448.977600098, 314.473907471, 116.884552002, 117.112747192, 7.5851187706, 1.81613278389, 0.811959862709, 0.054811950773, 0.000641288235784, 1.79536613132e-07, 1.21393917141e-09],
        "dvar2": [0.111889094114, 18.5041370392, 1243.23852539, 358.911224365, 110.153900146, 205.688201904, 500.259735107, 1741.80090332, 1415.93322754, 4025.01391602, 7565.83496094, 15877.4082031, 1750.06201172, 5757.359375, 12122.5488281, 2942.703125, 19681.4824219, 37565.1328125, 14811.9736328, 10054.8837891, 11820.1904297, 6043.86669922, 1415.82666016, 640.807250977, 1853.03894043, 782.506530762, 503.364013672, 325.198669434, 629.758178711, 801.74017334, 475.09866333, 232.490097046, 296.854217529, 13.3934116364, 3.21338224411, 1.74321603775, 0.113403558731, 0.0014506370062, 3.86104716199e-07, 2.6252551244e-09],
        "max": [1.69124138355, 14.9170351028, 88.6541748047, 88.0832366943, 107.181869507, 177.032043457, 240.989868164, 322.772125244, 649.796569824, 602.011413574, 1086.11352539, 1352.24707031, 511.208465576, 1239.08447266, 1803.79541016, 738.941894531, 1371.77038574, 1832.81884766, 1128.74743652, 715.517089844, 1893.11352539, 1250.11779785, 409.103057861, 218.65838623, 404.89239502, 202.479995728, 123.113212585, 146.677597046, 480.89465332, 387.563903809, 436.946563721, 224.730163574, 316.469146729, 74.1962738037, 40.7023200989, 16.836353302, 3.3113079071, 0.226532265544, 0.00453497935086, 0.000403755693696],
        "mean": [0.141962647438, 1.50192141533, 5.1278719902, 4.52241706848, 5.331346035, 6.91166353226, 11.1924934387, 20.5830841064, 20.8734264374, 34.7562637329, 37.8156814575, 43.0201377869, 20.543964386, 31.2765312195, 41.7321739197, 29.4646434784, 60.3565711975, 61.2959938049, 47.0371017456, 44.6106834412, 44.2945022583, 37.6944618225, 25.7173366547, 19.9086704254, 22.7012348175, 23.8914241791, 22.4515972137, 18.1772136688, 11.6474761963, 9.83247375488, 8.17775917053, 4.88126325607, 3.27699065208, 1.46932697296, 0.821424841881, 0.512132942677, 0.208134397864, 0.018331784755, 0.000352974137058, 5.59111322218e-05],
        "median": [0.0336772464216, 0.269059538841, 0.9176851511, 1.91090989113, 3.5764336586, 3.36717605591, 4.82819366455, 7.73364210129, 10.6862716675, 14.7559900284, 11.5952548981, 13.2299289703, 8.54825782776, 10.228849411, 16.3950748444, 11.3236780167, 20.0495872498, 19.2419624329, 20.2202415466, 18.8236865997, 20.8160972595, 19.7636108398, 17.3135166168, 13.4234304428, 15.9742050171, 17.5649261475, 16.5655498505, 14.2668075562, 7.73149394989, 3.86806631088, 3.02580618858, 2.20603704453, 1.17226648331, 0.552001178265, 0.371762990952, 0.191320031881, 0.0715003088117, 0.00477055739611, 0.000115496513899, 4.34562352893e-05],
        "min": [6.03669241173e-06, 7.819327584e-05, 0.000800331006758, 0.00273494655266, 0.0217730440199, 0.0936959460378, 0.0965262651443, 0.156622558832, 0.153455272317, 0.306193292141, 0.252523928881, 0.2938157022, 0.323545873165, 0.177190318704, 0.136737108231, 0.163490563631, 0.154516711831, 0.336137056351, 0.576863765717, 0.199558675289, 0.183731690049, 0.308896124363, 0.235908299685, 0.277826666832, 0.212969392538, 0.104668185115, 0.130246579647, 0.140551835299, 0.133645176888, 0.0490820929408, 0.0509585179389, 0.02496830374, 0.010463707149, 0.00272058648989, 0.000472608197015, 0.000132888133521, 8.96872734302e-06, 1.64562823102e-06, 1.87828709386e-06, 2.60637943938e-06],
        "var": [0.0726685002446, 8.93445777893, 248.4427948, 96.4614181519, 54.1692276001, 151.478302002, 485.656066895, 1515.36193848, 1406.78063965, 3373.07666016, 7302.51513672, 10367.4472656, 1462.48168945, 7998.19433594, 8460.59960938, 3413.61791992, 17860.9375, 22528.0449219, 10134.4443359, 6170.44873047, 9895.11132812, 4686.71582031, 979.641906738, 475.889556885, 901.913574219, 575.069335938, 419.746337891, 263.35333252, 456.470458984, 887.47088623, 848.023803711, 227.654937744, 240.285171509, 19.1118469238, 3.45379066467, 1.06848597527, 0.100114546716, 0.000841019151267, 2.64669921535e-07, 2.23789764497e-09]
    },
    "gfcc": {
        "mean": [38.8149108887, 63.9609069824, -124.654579163, 34.1786499023, -63.5513038635, 12.9294185638, -40.0002555847, 10.1772651672, -25.4200439453, 14.7750806808, -20.0855464935, 4.67041444778, -13.5705423355],
        "cov": [[1567.02636719, -305.475341797, 171.496734619, 92.9703521729, 163.872879028, 189.378311157, 50.9921951294, 106.093475342, 28.3578605652, 45.3733673096, -96.5710144043, -49.1694488525, -154.349945068], [-305.475341797, 670.537963867, 109.096420288, 198.44078064, 182.281463623, 52.1525268555, 101.244827271, 6.60113525391, 37.6182785034, -57.0513496399, 48.3046798706, -66.3920593262, 27.2008399963], [171.496734619, 109.096420288, 1041.35522461, 343.110290527, 245.459411621, 168.355316162, -0.413121372461, 77.1752166748, 31.9667358398, -20.2746810913, -71.1191253662, 7.6521487236, -113.342201233], [92.9703521729, 198.44078064, 343.110290527, 468.780914307, 157.052658081, 110.675201416, -3.33453011513, 42.683631897, 88.5844955444, -39.7700195312, 18.9404010773, -52.7221679688, 4.04772281647], [163.872879028, 182.281463623, 245.459411621, 157.052658081, 349.930938721, 97.6533813477, 80.0435638428, 57.5739326477, 34.581993103, 12.2947921753, -39.8191375732, -7.34828424454, -59.5672149658], [189.378311157, 52.1525268555, 168.355316162, 110.675201416, 97.6533813477, 222.218002319, 97.5422210693, 36.8980941772, 16.7404556274, 3.0498790741, 30.5298900604, -40.7849731445, -48.5399284363], [50.9921951294, 101.244827271, -0.413121372461, -3.33453011513, 80.0435638428, 97.5422210693, 203.298614502, 42.7378807068, -7.26962947845, 16.4161434174, 27.1398544312, -18.812543869, -38.3433227539], [106.093475342, 6.60113525391, 77.1752166748, 42.683631897, 57.5739326477, 36.8980941772, 42.7378807068, 116.211685181, 47.8524894714, 17.3626708984, -14.0003118515, -16.6218318939, -11.8699502945], [28.3578605652, 37.6182785034, 31.9667358398, 88.5844955444, 34.581993103, 16.7404556274, -7.26962947845, 47.8524894714, 124.932273865, 26.5458526611, 5.43365859985, -28.3820171356, -2.44222974777], [45.3733673096, -57.0513496399, -20.2746810913, -39.7700195312, 12.2947921753, 3.0498790741, 16.4161434174, 17.3626708984, 26.5458526611, 100.339477539, 7.0879149437, -5.40201568604, -24.8741645813], [-96.5710144043, 48.3046798706, -71.1191253662, 18.9404010773, -39.8191375732, 30.5298900604, 27.1398544312, -14.0003118515, 5.43365859985, 7.0879149437, 108.716514587, 21.7845630646, 21.1673278809], [-49.1694488525, -66.3920593262, 7.6521487236, -52.7221679688, -7.34828424454, -40.7849731445, -18.812543869, -16.6218318939, -28.3820171356, -5.40201568604, 21.7845630646, 116.836303711, 41.19165802], [-154.349945068, 27.2008399963, -113.342201233, 4.04772281647, -59.5672149658, -48.5399284363, -38.3433227539, -11.8699502945, -2.44222974777, -24.8741645813, 21.1673278809, 41.19165802, 113.299133301]],
        "icov": [[0.00104563962668, 0.000476123677799, 0.000368321372662, -0.000482811854454, -0.000176460613147, -0.000915024254937, 0.000200877693715, -0.000643108272925, 0.00017595103418, -3.26224471792e-05, 0.000957195763476, -0.000483185256599, 0.00120518531185], [0.000476123677799, 0.00342466239817, -0.000604919274338, 9.99865951599e-05, -0.00243485439569, 0.00136791681871, -0.00167328398675, 0.00103670044336, -0.000561005319469, 0.00194332224783, -0.00261589814909, 0.00371443014592, -0.00238119880669], [0.000368321372662, -0.000604919274338, 0.00245056580752, -0.001939635491, 0.000564917689189, -0.0019049635157, 0.00121574488003, -0.00139990728348, 0.000815124192741, -0.000466605910333, 0.00278322398663, -0.00345686683431, 0.00356539292261], [-0.000482811854454, 9.99865951599e-05, -0.001939635491, 0.00549744814634, -0.00209417263977, 0.000208892306546, 0.00053395977011, 0.000952001602855, -0.00254966178909, 0.00223487475887, -0.00362145598046, 0.00417803227901, -0.00395631045103], [-0.000176460613147, -0.00243485439569, 0.000564917689189, -0.00209417263977, 0.00687745772302, -0.00207643792965, -0.000483035197249, -0.00132172647864, 4.6340872359e-05, -0.00218618893996, 0.00517533207312, -0.00544223003089, 0.00394115969539], [-0.000915024254937, 0.00136791681871, -0.0019049635157, 0.000208892306546, -0.00207643792965, 0.0101530589163, -0.00386680779047, 0.000811029574834, -7.51060651965e-05, 0.00158473697957, -0.00604650750756, 0.00538206798956, -0.00193444814067], [0.000200877693715, -0.00167328398675, 0.00121574488003, 0.00053395977011, -0.000483035197249, -0.00386680779047, 0.00927930697799, -0.00383047782816, 0.00239178095944, -0.00114477670286, -0.000620769744273, -0.00162290607113, 0.0032072130125], [-0.000643108272925, 0.00103670044336, -0.00139990728348, 0.000952001602855, -0.00132172647864, 0.000811029574834, -0.00383047782816, 0.013684142381, -0.00522324629128, -0.000104442646261, 0.00043502470362, 0.00237185345031, -0.00384870939888], [0.00017595103418, -0.000561005319469, 0.000815124192741, -0.00254966178909, 4.6340872359e-05, -7.51060651965e-05, 0.00239178095944, -0.00522324629128, 0.0129632512107, -0.00389539566822, -0.000579946034122, 0.000998650561087, 0.000704810430761], [-3.26224471792e-05, 0.00194332224783, -0.000466605910333, 0.00223487475887, -0.00218618893996, 0.00158473697957, -0.00114477670286, -0.000104442646261, -0.00389539566822, 0.0139666888863, -0.00394486030564, 0.00246499152854, 0.000896717538126], [0.000957195763476, -0.00261589814909, 0.00278322398663, -0.00362145598046, 0.00517533207312, -0.00604650750756, -0.000620769744273, 0.00043502470362, -0.000579946034122, -0.00394486030564, 0.0189739000052, -0.0100035332143, 0.00402519805357], [-0.000483185256599, 0.00371443014592, -0.00345686683431, 0.00417803227901, -0.00544223003089, 0.00538206798956, -0.00162290607113, 0.00237185345031, 0.000998650561087, 0.00246499152854, -0.0100035332143, 0.0202740170062, -0.0109529653564], [0.00120518531185, -0.00238119880669, 0.00356539292261, -0.00395631045103, 0.00394115969539, -0.00193444814067, 0.0032072130125, -0.00384870939888, 0.000704810430761, 0.000896717538126, 0.00402519805357, -0.0109529653564, 0.0201154761016]]
    },
    "melbands": {
        "dmean": [0.00113397755194, 0.00330907083116, 0.000866041111294, 0.000302906875731, 0.000238924636506, 0.000251299788943, 0.000200781985768, 0.000246664276347, 0.000196360197151, 0.000167711099493, 6.24932290521e-05, 7.176255167e-05, 8.1627345935e-05, 5.29351418663e-05, 6.183784717e-05, 9.48960878304e-05, 9.01899329619e-05, 5.9547375713e-05, 3.62167374988e-05, 5.43861133337e-05, 3.49327056028e-05, 2.63182791969e-05, 2.35175521084e-05, 9.28406461753e-06, 9.41073449212e-06, 9.64337777987e-06, 1.12797524707e-05, 8.74606485013e-06, 7.18083674656e-06, 8.43933412398e-06, 5.66167636862e-06, 4.15720569436e-06, 3.44935142493e-06, 3.71555279344e-06, 3.18220236295e-06, 2.47546495302e-06, 1.70048383552e-06, 1.66385734701e-06, 1.35643301746e-06, 8.12448092802e-07],
        "dmean2": [0.00152497447561, 0.00620096828789, 0.00148002046626, 0.000484466087073, 0.00038395653246, 0.000386341154808, 0.000307632406475, 0.00038075321936, 0.000299847597489, 0.000254392798524, 9.24588748603e-05, 0.000103424987174, 0.00011532469216, 7.52489504521e-05, 9.18428195291e-05, 0.000145612313645, 0.000142523160321, 9.2204361863e-05, 5.97471516812e-05, 8.55039615999e-05, 5.50251061213e-05, 4.13466550526e-05, 3.84753620892e-05, 1.45016547322e-05, 1.52081429405e-05, 1.56762180268e-05, 1.91380713659e-05, 1.43491270137e-05, 1.18871394079e-05, 1.41045893542e-05, 9.26379834709e-06, 6.76847821524e-06, 5.45444345335e-06, 5.59691397939e-06, 4.73216277896e-06, 3.89178148907e-06, 2.60844649347e-06, 2.76613650385e-06, 2.20145307139e-06, 1.28381168452e-06],
        "dvar": [4.06767048844e-06, 7.11788015906e-05, 3.40062024407e-06, 3.13491398174e-07, 2.30649888522e-07, 3.13475396752e-07, 1.80442683018e-07, 2.01735701921e-07, 2.36610631532e-07, 2.63644352572e-07, 2.20420837138e-08, 4.85941384909e-08, 6.43070947604e-08, 1.12167590771e-08, 2.10576160953e-08, 6.91504880024e-08, 7.36083052288e-08, 2.87372081686e-08, 4.83130069284e-09, 1.78259575989e-08, 1.07258273374e-08, 3.5330673942e-09, 2.90761525967e-09, 2.13825693263e-10, 2.25652843633e-10, 3.03424618764e-10, 3.5365096962e-10, 1.10678556597e-10, 7.93885165939e-11, 1.12313595924e-10, 5.30032753798e-11, 9.15567274773e-11, 1.43750844561e-10, 1.92463836535e-10, 1.3576655078e-10, 1.30954025401e-10, 3.55202395275e-11, 7.37196206857e-11, 2.15034361845e-11, 4.92886634285e-12],
        "dvar2": [7.14550151315e-06, 0.000201213275432, 9.09501159185e-06, 6.95626624747e-07, 5.04049182837e-07, 7.14750967745e-07, 3.57667090611e-07, 4.12041629261e-07, 5.23940002495e-07, 5.7295511624e-07, 4.49919994594e-08, 9.81022836299e-08, 1.46972055859e-07, 2.23768505947e-08, 4.19544186059e-08, 1.67449485389e-07, 1.69532086147e-07, 6.74063684869e-08, 1.20311369756e-08, 4.0295610404e-08, 2.15969304662e-08, 8.05392819103e-09, 7.48666906247e-09, 4.85824824814e-10, 5.5913429442e-10, 8.13719314152e-10, 1.0082414903e-09, 3.10515113622e-10, 2.04107564183e-10, 2.77907058477e-10, 1.25225219083e-10, 1.86500773158e-10, 2.52761617192e-10, 3.81438436392e-10, 2.39579633909e-10, 2.88913531987e-10, 8.0036775818e-11, 1.87286741671e-10, 4.82319878481e-11, 8.49991778351e-12],
        "max": [0.0151323610917, 0.0368448346853, 0.0132263666019, 0.00883022975177, 0.00902271457016, 0.00670818611979, 0.0100885340944, 0.00587115576491, 0.00909361243248, 0.00812927167863, 0.00260571506806, 0.00481702107936, 0.0061965091154, 0.00248199375346, 0.00306003191508, 0.00499754957855, 0.00401815399528, 0.00270582828671, 0.00113991776016, 0.00248947716318, 0.00282638217323, 0.00100952910725, 0.00124363775831, 0.000232805861742, 0.000205040370929, 0.000283027766272, 0.000250821030932, 0.000133006091346, 8.84062392288e-05, 0.000131986802444, 9.46869186009e-05, 0.000244492024649, 0.000306755449856, 0.000265967450105, 0.000275005557342, 0.0002478059032, 0.000104559978354, 0.000260798609816, 0.000124525671708, 7.34578716219e-05],
        "mean": [0.0014871112071, 0.00249865814112, 0.000833151629195, 0.000444056116976, 0.000387729145586, 0.000444137578597, 0.00032873309101, 0.000393584079575, 0.000314455217449, 0.000246978277573, 9.38959274208e-05, 0.000121265082271, 0.000137766168336, 8.15673120087e-05, 8.65938854986e-05, 0.000138062852784, 0.000113987778604, 7.70566912252e-05, 5.05639691255e-05, 7.08427614882e-05, 4.91568862344e-05, 3.97798830818e-05, 3.56690507033e-05, 1.53364053403e-05, 1.58891234605e-05, 1.54705521709e-05, 1.69005925272e-05, 1.5425728634e-05, 1.31300057546e-05, 1.47056498463e-05, 9.89860654954e-06, 6.73107433613e-06, 5.53928066438e-06, 5.41394683751e-06, 5.01102113049e-06, 3.7389611407e-06, 2.63888659902e-06, 2.40578106059e-06, 1.89426441466e-06, 1.02208446151e-06],
        "median": [0.000325341621647, 0.000468383455882, 0.00041540255188, 0.000254183774814, 0.000179769020178, 0.000172444037162, 0.000150595646119, 0.000162747033755, 8.68333518156e-05, 7.30685133021e-05, 3.55597949238e-05, 3.22116538882e-05, 4.73301151942e-05, 3.31601804646e-05, 2.72896231763e-05, 3.73530019715e-05, 2.75440306723e-05, 2.75620386674e-05, 2.22111812036e-05, 2.51617893809e-05, 2.17343567783e-05, 1.89255588339e-05, 1.85669796338e-05, 9.16949829843e-06, 9.58967211773e-06, 1.025009351e-05, 1.11559147626e-05, 1.07455498437e-05, 9.41431699175e-06, 9.47740954871e-06, 7.24706842448e-06, 4.52518133898e-06, 2.41372595156e-06, 1.80220263246e-06, 1.72174816271e-06, 1.50645064423e-06, 1.20255958791e-06, 8.02362592367e-07, 7.16174952231e-07, 3.59855818033e-07],
        "min": [9.20345755162e-08, 2.40897662707e-07, 6.01174917847e-07, 1.91754793377e-06, 4.41745760327e-06, 1.60541003424e-06, 9.65112121776e-07, 8.43287352836e-07, 6.05997229286e-07, 1.54384201778e-06, 3.87785235034e-07, 4.37076380422e-07, 3.38703614489e-07, 2.62345565716e-07, 2.32280726209e-07, 3.10625836164e-07, 1.61840134183e-07, 5.09383880853e-07, 2.29582212796e-07, 2.04207552201e-07, 1.87232814142e-07, 3.02715505995e-07, 2.95213681056e-07, 1.35322210326e-07, 1.94220248773e-07, 8.88052014147e-08, 1.31231530531e-07, 5.3218986551e-08, 4.54724329302e-08, 9.25615211145e-08, 8.01277337814e-08, 7.21670119219e-08, 3.44793349427e-08, 2.99432514339e-08, 2.52669440926e-08, 3.66971386612e-09, 2.55549720274e-10, 4.80326578511e-09, 4.0937742779e-11, 4.44761762142e-11],
