{
"highlevel": {
    "danceability": {
        "all": {
            "danceable": 3.18071352012e-06,
            "not_danceable": 0.999996840954
        },
        "probability": 0.999996840954,
        "value": "not_danceable"
    },
    "gender": {
        "all": {
            "female": 0.427761375904,
            "male": 0.572238624096
        },
        "probability": 0.572238624096,
        "value": "male"
    },
    "genre_dortmund": {
        "all": {
            "alternative": 0.132794693112,
            "blues": 0.00940737780184,
            "electronic": 0.0341269858181,
            "folkcountry": 0.0824405625463,
            "funksoulrnb": 0.00118338130414,
            "jazz": 0.00490314653143,
            "pop": 0.062983751297,
            "raphiphop": 0.00193333684001,
            "rock": 0.670226752758
        },
        "probability": 0.670226752758,
        "value": "rock"
    },
    "genre_electronic": {
        "all": {
            "ambient": 0.124372147024,
            "dnb": 0.0636031851172,
            "house": 0.0258123390377,
            "techno": 0.0150624187663,
            "trance": 0.771149933338
        },
        "probability": 0.771149933338,
        "value": "trance"
    },
    "genre_rosamerica": {
        "all": {
            "cla": 0.000659746991005,
            "dan": 0.105514802039,
            "hip": 0.00554274301976,
            "jaz": 0.000223765950068,
            "pop": 0.0236964151263,
            "rhy": 0.00050137785729,
            "roc": 0.863649606705,
            "spe": 0.000211563819903
        },
        "probability": 0.863649606705,
        "value": "roc"
    },
    "genre_tzanetakis": {
        "all": {
            "blu": 0.0626541376114,
            "cla": 0.0348133966327,
            "cou": 0.0783501937985,
            "dis": 0.104547761381,
            "hip": 0.15693578124,
            "jaz": 0.313987255096,
            "met": 0.044816005975,
            "pop": 0.0627349764109,
            "reg": 0.0627352520823,
            "roc": 0.0784252434969
        },
        "probability": 0.313987255096,
        "value": "jaz"
    },
    "ismir04_rhythm": {
        "all": {
            "ChaChaCha": 0.00265964702703,
            "Jive": 0.96981549263,
            "Quickstep": 0.000388667307561,
            "Rumba-American": 0.000370552646928,
            "Rumba-International": 0.00164612638764,
            "Rumba-Misc": 0.000299980747513,
            "Samba": 0.0171093065292,
            "Tango": 0.000426944578066,
            "VienneseWaltz": 0.00700151082128,
            "Waltz": 0.000281759683276
        },
        "probability": 0.96981549263,
        "value": "Jive"
    },
    "mood_acoustic": {
        "all": {
            "acoustic": 4.70954182674e-06,
            "not_acoustic": 0.999995291233
        },
        "probability": 0.999995291233,
        "value": "not_acoustic"
    },
    "mood_aggressive": {
        "all": {
            "aggressive": 0.973057746887,
            "not_aggressive": 0.0269422698766
        },
        "probability": 0.973057746887,
        "value": "aggressive"
    },
    "mood_electronic": {
        "all": {
            "electronic": 0.0662551447749,
            "not_electronic": 0.933744847775
        },
        "probability": 0.933744847775,
        "value": "not_electronic"
    },
    "mood_happy": {
        "all": {
            "happy": 0.601638793945,
            "not_happy": 0.398361206055
        },
        "probability": 0.601638793945,
        "value": "happy"
    },
    "mood_party": {
        "all": {
            "not_party": 0.154657363892,
            "party": 0.845342636108
        },
        "probability": 0.845342636108,
        "value": "party"
    },
    "mood_relaxed": {
        "all": {
            "not_relaxed": 0.955701708794,
            "relaxed": 0.0442983098328
        },
        "probability": 0.955701708794,
        "value": "not_relaxed"
    },
    "mood_sad": {
        "all": {
            "not_sad": 0.978545188904,
            "sad": 0.0214547868818
        },
        "probability": 0.978545188904,
        "value": "not_sad"
    },
    "moods_mirex": {
        "all": {
            "Cluster1": 0.361195623875,
            "Cluster2": 0.0216340124607,
            "Cluster3": 0.0208139736205,
            "Cluster4": 0.0441863909364,
            "Cluster5": 0.552169978619
        },
        "probability": 0.552169978619,
        "value": "Cluster5"
    },
    "timbre": {
        "all": {
            "bright": 0.980474054813,
            "dark": 0.0195259619504
        },
        "probability": 0.980474054813,
        "value": "bright"
    },
    "tonal_atonal": {
        "all": {
            "atonal": 0.0214648507535,
            "tonal": 0.978535175323
        },
        "probability": 0.978535175323,
        "value": "tonal"
    },
    "voice_instrumental": {
        "all": {
            "instrumental": 0.0571063123643,
            "voice": 0.94289368391
        },
        "probability": 0.94289368391,
        "value": "voice"
    }
},
"lowlevel": {
    "average_loudness": 0.969296634197,
    "barkbands_crest": {
        "dmean": 3.02433156967,
        "dmean2": 4.91130065918,
        "dvar": 10.7279281616,
        "dvar2": 27.6570148468,
        "max": 23.5372714996,
        "mean": 8.14831733704,
        "median": 7.03626680374,
        "min": 2.24329543114,
        "var": 19.4138565063
    },
    "barkbands_flatness_db": {
        "dmean": 0.019239930436,
        "dmean2": 0.0318533852696,
        "dvar": 0.000479147303849,
        "dvar2": 0.0012084065238,
        "max": 0.263625562191,
        "mean": 0.0952096059918,
        "median": 0.0834196731448,
        "min": 0.0463033206761,
        "var": 0.00116343807895
    },
    "barkbands_kurtosis": {
        "dmean": 1.67495810986,
        "dmean2": 2.85588335991,
        "dvar": 9.10771179199,
        "dvar2": 23.5603485107,
        "max": 29.7968406677,
        "mean": 0.359310030937,
        "median": -1.03116619587,
        "min": -1.84423911572,
        "var": 10.8612127304
    },
    "barkbands_skewness": {
        "dmean": 0.545029103756,
        "dmean2": 0.871636211872,
        "dvar": 0.386193573475,
        "dvar2": 0.899445831776,
        "max": 5.38302469254,
        "mean": 0.92904061079,
        "median": 0.643645584583,
        "min": -1.00231468678,
        "var": 0.818200290203
    },
    "barkbands_spread": {
        "dmean": 7.3003692627,
        "dmean2": 11.8238363266,
        "dvar": 63.487071991,
        "dvar2": 142.39263916,
        "max": 107.670860291,
        "mean": 44.4151535034,
        "median": 48.4406661987,
        "min": 6.18683719635,
        "var": 184.614227295
    },
    "dissonance": {
        "dmean": 0.00642281491309,
        "dmean2": 0.010969617404,
        "dvar": 3.5529890738e-05,
        "dvar2": 9.39502133406e-05,
        "max": 0.499997258186,
        "mean": 0.488684743643,
        "median": 0.490697860718,
        "min": 0.44557839632,
        "var": 6.26471155556e-05
    },
    "dynamic_complexity": 1.17550253868,
    "erbbands_crest": {
        "dmean": 1.14536356926,
        "dmean2": 1.98347043991,
        "dvar": 1.13673365116,
        "dvar2": 3.08556413651,
        "max": 14.4028644562,
        "mean": 4.87109518051,
        "median": 4.60641956329,
        "min": 2.72826576233,
        "var": 1.67897605896
    },
    "erbbands_flatness_db": {
        "dmean": 0.00988270901144,
        "dmean2": 0.015526666306,
        "dvar": 8.95483753993e-05,
        "dvar2": 0.000200891430723,
        "max": 0.21718031168,
        "mean": 0.116299256682,
        "median": 0.116343647242,
        "min": 0.0714622735977,
        "var": 0.0002271936537
    },
    "erbbands_kurtosis": {
        "dmean": 0.490722805262,
        "dmean2": 0.790682911873,
        "dvar": 0.190663024783,
        "dvar2": 0.485054373741,
        "max": 2.35702228546,
        "mean": 0.0790123417974,
        "median": 0.0579571723938,
        "min": -1.62090098858,
        "var": 0.44531005621
    },
    "erbbands_skewness": {
        "dmean": 0.194592133164,
        "dmean2": 0.314860284328,
        "dvar": 0.0249650534242,
        "dvar2": 0.0644558295608,
        "max": 0.569415688515,
        "mean": -0.579003453255,
        "median": -0.603506445885,
        "min": -1.35857284069,
        "var": 0.070994310081
    },
    "erbbands_spread": {
        "dmean": 7.80408000946,
        "dmean2": 12.6819858551,
        "dvar": 74.170501709,
        "dvar2": 177.244689941,
        "max": 113.030326843,
        "mean": 42.6727638245,
        "median": 40.1739311218,
        "min": 21.8649921417,
        "var": 125.192321777
    },
    "hfc": {
        "dmean": 5.9072842598,
        "dmean2": 8.45842552185,
        "dvar": 55.0603065491,
        "dvar2": 93.6014328003,
        "max": 210.339233398,
        "mean": 33.6106452942,
        "median": 30.9087333679,
        "min": 2.34755778313,
        "var": 274.816345215
    },
    "melbands_crest": {
        "dmean": 3.59217023849,
        "dmean2": 5.7739238739,
        "dvar": 11.1960830688,
        "dvar2": 30.0140914917,
        "max": 31.5685710907,
        "mean": 13.5149402618,
        "median": 12.8066577911,
        "min": 3.54195952415,
        "var": 20.8728580475
    },
    "melbands_flatness_db": {
        "dmean": 0.0289498902857,
        "dmean2": 0.0458064079285,
        "dvar": 0.000929334782995,
        "dvar2": 0.00212127831765,
        "max": 0.337177246809,
        "mean": 0.128393158317,
        "median": 0.112961746752,
        "min": 0.0354707166553,
        "var": 0.0028299880214
    },
    "melbands_kurtosis": {
        "dmean": 7.14214944839,
        "dmean2": 12.0077705383,
        "dvar": 141.133789062,
        "dvar2": 359.163909912,
        "max": 133.384429932,
        "mean": 9.01551246643,
        "median": 4.12262058258,
        "min": -1.30960893631,
        "var": 158.285873413
    },
    "melbands_skewness": {
        "dmean": 0.866793334484,
        "dmean2": 1.39478886127,
        "dvar": 1.07631337643,
        "dvar2": 2.52730703354,
        "max": 10.4143447876,
        "mean": 2.60961556435,
        "median": 2.15405511856,
        "min": 0.276985496283,
        "var": 1.85207641125
    },
    "melbands_spread": {
        "dmean": 12.6331691742,
        "dmean2": 19.8897609711,
        "dvar": 153.651916504,
        "dvar2": 325.022186279,
        "max": 130.349197388,
        "mean": 45.1249732971,
        "median": 47.306804657,
        "min": 3.66051840782,
        "var": 459.293701172
    },
    "pitch_salience": {
        "dmean": 0.0742857903242,
        "dmean2": 0.123665191233,
        "dvar": 0.00630111526698,
        "dvar2": 0.0173263289034,
        "max": 0.77245336771,
        "mean": 0.581972837448,
        "median": 0.605158507824,
        "min": 0.173137515783,
        "var": 0.010091775097
    },
    "silence_rate_20dB": {
        "dmean": 0,
        "dmean2": 0,
        "dvar": 0,
        "dvar2": 0,
        "max": 1,
        "mean": 1,
        "median": 1,
        "min": 1,
        "var": 0
    },
    "silence_rate_30dB": {
        "dmean": 0.0061919502914,
        "dmean2": 0.0123934932053,
        "dvar": 0.00615358352661,
        "dvar2": 0.0184368491173,
        "max": 1,
        "mean": 0.996906399727,
        "median": 1,
        "min": 0,
        "var": 0.00308400322683
    },
    "silence_rate_60dB": {
        "dmean": 0,
        "dmean2": 0,
        "dvar": 0,
        "dvar2": 0,
        "max": 0,
        "mean": 0,
        "median": 0,
        "min": 0,
        "var": 0
    },
    "spectral_centroid": {
        "dmean": 265.046722412,
        "dmean2": 423.583740234,
        "dvar": 74136.734375,
        "dvar2": 172376.34375,
        "max": 3419.84960938,
        "mean": 2349.89916992,
        "median": 2483.90991211,
        "min": 732.149169922,
        "var": 238496.9375
    },
    "spectral_complexity": {
        "dmean": 4.41640853882,
        "dmean2": 6.90395021439,
        "dvar": 14.5061855316,
        "dvar2": 30.3145523071,
        "max": 56,
        "mean": 37.2575416565,
        "median": 38,
        "min": 7,
        "var": 53.6204795837
    },
    "spectral_decrease": {
        "dmean": 3.67351526975e-09,
        "dmean2": 5.9314264611e-09,
        "dvar": 3.21946403729e-17,
        "dvar2": 7.34070714349e-17,
        "max": -9.99356375431e-10,
        "mean": -7.80588482741e-09,
        "median": -5.20844656293e-09,
        "min": -3.65341215058e-08,
        "var": 3.89288170014e-17
    },
    "spectral_energy": {
        "dmean": 0.0141047015786,
        "dmean2": 0.0226639844477,
        "dvar": 0.000469025806524,
        "dvar2": 0.00106515083462,
        "max": 0.14220687747,
        "mean": 0.0325098186731,
        "median": 0.0226795971394,
        "min": 0.00496861478314,
        "var": 0.000574920675717
    },
    "spectral_energyband_high": {
        "dmean": 0.00050077366177,
        "dmean2": 0.000752542342525,
        "dvar": 4.6870994197e-07,
        "dvar2": 8.11080724361e-07,
        "max": 0.0209524519742,
        "mean": 0.0022490718402,
        "median": 0.00203445320949,
        "min": 2.83600475086e-05,
        "var": 2.65086896434e-06
    },
    "spectral_energyband_low": {
        "dmean": 0.0112876947969,
        "dmean2": 0.0191182401031,
        "dvar": 0.000354260817403,
        "dvar2": 0.000888515845872,
        "max": 0.123882248998,
        "mean": 0.0154634546489,
        "median": 0.00817508623004,
        "min": 0.000473975611385,
        "var": 0.000359716737876
    },
    "spectral_energyband_middle_high": {
        "dmean": 0.0013831082033,
        "dmean2": 0.00209912518039,
        "dvar": 1.54188239776e-06,
        "dvar2": 3.25711789628e-06,
        "max": 0.0174357742071,
        "mean": 0.00693986658007,
        "median": 0.00659543462098,
        "min": 0.000760225811973,
        "var": 5.40045675734e-06
    },
    "spectral_energyband_middle_low": {
        "dmean": 0.00534521276131,
        "dmean2": 0.00876399036497,
        "dvar": 0.000115157694381,
        "dvar2": 0.000290769850835,
        "max": 0.0972245186567,
        "mean": 0.00939019955695,
        "median": 0.00581084564328,
        "min": 0.000313102849759,
        "var": 0.000119250515127
    },
    "spectral_entropy": {
        "dmean": 0.0705965980887,
        "dmean2": 0.110952481627,
        "dvar": 0.00431606732309,
        "dvar2": 0.0102030476555,
        "max": 8.64925003052,
        "mean": 8.01947116852,
        "median": 8.04667854309,
        "min": 7.34804344177,
        "var": 0.0222318209708
    },
    "spectral_flux": {
        "dmean": 0.0295945331454,
        "dmean2": 0.0459040589631,
        "dvar": 0.00164140493143,
        "dvar2": 0.00321386102587,
        "max": 0.303750187159,
        "mean": 0.100125491619,
        "median": 0.0807241052389,
        "min": 0.0365972444415,
        "var": 0.00280882045627
    },
    "spectral_kurtosis": {
        "dmean": 0.711376726627,
        "dmean2": 1.23376607895,
        "dvar": 0.669116735458,
        "dvar2": 1.82964813709,
        "max": 15.2219963074,
        "mean": 2.60667014122,
        "median": 2.47056913376,
        "min": -0.63799738884,
        "var": 0.971420645714
    },
    "spectral_rms": {
        "dmean": 0.00104255031329,
        "dmean2": 0.00163189927116,
        "dvar": 1.94707536139e-06,
        "dvar2": 4.15654085373e-06,
        "max": 0.0117787271738,
        "mean": 0.00535652693361,
        "median": 0.00470387469977,
        "min": 0.00220168777741,
        "var": 3.02447574541e-06
    },
    "spectral_rolloff": {
        "dmean": 766.429077148,
        "dmean2": 1226.30957031,
        "dvar": 703726.5,
        "dvar2": 1443247.25,
        "max": 10831.2011719,
        "mean": 2811.83837891,
        "median": 3100.78125,
        "min": 64.599609375,
        "var": 2108593.5
    },
    "spectral_skewness": {
        "dmean": 0.117043495178,
        "dmean2": 0.196110904217,
        "dvar": 0.0137533200905,
        "dvar2": 0.0346125289798,
        "max": 3.19045948982,
        "mean": 1.07900476456,
        "median": 1.06080639362,
        "min": 0.340642154217,
        "var": 0.0280957389623
    },
    "spectral_spread": {
        "dmean": 318420.125,
        "dmean2": 508092.34375,
        "dvar": 117770911744,
        "dvar2": 223666782208,
        "max": 12271884,
        "mean": 4529891.5,
        "median": 4478833.5,
        "min": 2224024.5,
        "var": 524091949056
    },
    "spectral_strongpeak": {
        "dmean": 0.220876783133,
        "dmean2": 0.382386237383,
        "dvar": 0.187387704849,
        "dvar2": 0.546057581902,
        "max": 4.95476913452,
        "mean": 0.340892493725,
        "median": 0.231139719486,
        "min": 0.0306949131191,
        "var": 0.147893935442
    },
    "zerocrossingrate": {
        "dmean": 0.0124428570271,
        "dmean2": 0.0157880131155,
        "dvar": 0.000132013199618,
        "dvar2": 0.000202298804652,
        "max": 0.2626953125,
        "mean": 0.0959542542696,
        "median": 0.10009765625,
        "min": 0.0078125,
        "var": 0.00102741585579
    },
    "barkbands": {
        "dmean": [0.000397077616071, 0.00951791554689, 0.00230061565526, 0.00285219377838, 0.00263879494742, 0.000401734811021, 0.00038864382077, 0.000245977134909, 0.000277843413642, 0.000270145304967, 0.000120272910863, 0.000374041963369, 0.000184549135156, 0.000208065393963, 0.000399362470489, 0.000366185908206, 0.00046961393673, 0.000306570989778, 0.000336236698786, 0.000295142817777, 0.000211459308048, 0.000153113200213, 0.000150146428496, 9.80309778242e-05, 5.75781559746e-05, 2.604067231e-05, 3.773689361e-09],
        "dmean2": [0.000656276242808, 0.0164494309574, 0.00414025457576, 0.00489316228777, 0.00436073867604, 0.000665542262141, 0.00064697599737, 0.000409581407439, 0.000421066913987, 0.000415562622948, 0.000191411192645, 0.000556042708922, 0.000301713385852, 0.000328643072862, 0.000669166969601, 0.000602539745159, 0.000778840563726, 0.000500779191498, 0.000560674408916, 0.00050353811821, 0.000346703280229, 0.000258013402345, 0.000244884780841, 0.000148457300384, 7.7522774518e-05, 3.53468349203e-05, 6.84098155901e-09],
        "dvar": [6.06189018981e-07, 0.000289352261461, 2.01780985662e-05, 3.70788620785e-05, 2.70967721008e-05, 3.28232943048e-07, 5.28779992237e-07, 2.0031362169e-07, 1.88042648119e-07, 8.24311712222e-08, 2.60375045968e-08, 1.22021120319e-07, 4.06525977326e-08, 4.57962556766e-08, 1.43455679336e-07, 1.57452973326e-07, 2.06969460237e-07, 7.71474759631e-08, 9.29761228008e-08, 9.53992369546e-08, 4.28656505846e-08, 2.45654607767e-08, 4.88293352419e-08, 4.2305753567e-08, 5.56000934182e-08, 3.48164430619e-09, 3.59159916146e-16],
        "dvar2": [1.56971861998e-06, 0.000761709059589, 5.3585954447e-05, 0.000101800877019, 6.65262050461e-05, 8.44927797061e-07, 1.45721492117e-06, 5.94509458551e-07, 4.37486988858e-07, 2.10190620464e-07, 5.66745512742e-08, 2.77232459212e-07, 1.04596452388e-07, 1.0480007262e-07, 3.86996759971e-07, 4.14196023257e-07, 5.47257513972e-07, 2.0517070709e-07, 2.40337442392e-07, 2.65965354629e-07, 1.15182700711e-07, 6.58923156038e-08, 1.22968543792e-07, 7.44024930555e-08, 5.31832426987e-08, 4.3573806785e-09, 8.29332287997e-16],
        "max": [0.0077172354795, 0.111265838146, 0.0708081200719, 0.0509009286761, 0.05316818133, 0.00698939943686, 0.0148197142407, 0.0109683154151, 0.00831230636686, 0.00326835084707, 0.003408100456, 0.00407187407836, 0.00207668612711, 0.00314596714452, 0.00397305935621, 0.00453787995502, 0.00579342385754, 0.00300973048434, 0.00373295717873, 0.00508215837181, 0.00227822153829, 0.00247336947359, 0.0051529193297, 0.00672827893868, 0.00975801609457, 0.00217604776844, 3.90754991031e-07],
        "mean": [0.000397208583308, 0.010716220364, 0.00287495367229, 0.00329733896069, 0.00352176628076, 0.000751002924517, 0.000669666042086, 0.000470795552246, 0.000603799358942, 0.000480411603348, 0.00023051322205, 0.000777367094997, 0.000365647574654, 0.000393833208364, 0.000778211397119, 0.000722829310689, 0.00108425843064, 0.000768865924329, 0.000846485549118, 0.000746974896174, 0.000596850353759, 0.0004326372582, 0.000463098549517, 0.000314374105074, 0.000148313716636, 5.64070905966e-05, 2.58766319483e-09],
        "median": [0.000134330097353, 0.00496690440923, 0.00153993291315, 0.00173062854446, 0.00168343645055, 0.000541154411621, 0.000407029234339, 0.000337941717589, 0.000426974816946, 0.000382367346901, 0.000168086582562, 0.000646832282655, 0.000296373444144, 0.000318944046739, 0.000678446143866, 0.000592003867496, 0.000905172259081, 0.000696364266332, 0.000771718448959, 0.000676072435454, 0.000561709923204, 0.000384384882636, 0.000391023117118, 0.000242363428697, 8.34494203446e-05, 3.25487271766e-05, 4.59494858829e-10],
        "min": [1.99923277933e-07, 0.000165315897902, 2.81062530121e-05, 3.54980984412e-05, 4.75140259368e-05, 1.51897183969e-05, 9.74948306975e-06, 9.4560400612e-06, 9.96762992145e-06, 2.79650485027e-05, 8.53269830259e-06, 3.2489097066e-05, 1.90774680959e-05, 1.27150588014e-05, 2.23736533371e-05, 4.57081187051e-05, 4.97052606079e-05, 3.2343519706e-05, 5.01569265907e-05, 1.49362758748e-05, 1.13164614959e-05, 3.41824647876e-06, 4.27290842708e-08, 1.15319934935e-07, 2.04982928409e-08, 6.03431887791e-11, 1.18228638685e-11],
        "var": [5.48700143099e-07, 0.000252073426964, 2.24068517127e-05, 2.84146335616e-05, 2.95696190733e-05, 5.47981244381e-07, 1.12296970656e-06, 3.40827114087e-07, 5.3193457461e-07, 1.37794515354e-07, 7.00563163036e-08, 2.91382718842e-07, 7.15680670282e-08, 8.47110399604e-08, 2.48240553447e-07, 2.46070783305e-07, 4.61439412902e-07, 1.58847214493e-07, 1.84485415389e-07, 2.08269085533e-07, 1.11608521536e-07, 7.64589884739e-08, 1.67457855582e-07, 1.66151608028e-07, 2.42061133804e-07, 1.13526121837e-08, 2.4833867813e-16]
    },
    "erbbands": {
        "dmean": [0.304689049721, 2.03833913803, 2.60897302628, 6.03994321823, 12.9681177139, 6.05382823944, 3.7053604126, 3.64168024063, 5.09346485138, 4.89251947403, 5.82806682587, 5.73780298233, 5.6787519455, 10.2115020752, 6.03309106827, 15.1535263062, 8.76875114441, 11.1591329575, 20.3194541931, 13.6549367905, 20.9918556213, 19.3209037781, 15.8221940994, 16.2503795624, 20.4063014984, 13.5373010635, 9.26790046692, 6.65210056305, 5.76259899139, 6.13067722321, 3.65893149376, 2.74354720116, 1.31858575344, 0.80027359724, 0.375714212656, 0.146195113659, 0.0463878214359, 0.00520227430388, 9.02508254512e-05, 1.74091310328e-05],
        "dmean2": [0.531405866146, 3.50060248375, 4.54902029037, 10.5199804306, 21.1667308807, 10.2349081039, 6.21132516861, 6.053399086, 8.56414794922, 8.08382892609, 9.56203365326, 8.74942016602, 8.77952194214, 15.8360767365, 9.22618865967, 22.4096012115, 14.1876316071, 17.3280658722, 34.8025436401, 21.9218711853, 34.9491767883, 31.7332382202, 26.4414672852, 26.6853027344, 34.7723999023, 23.0377521515, 15.3002090454, 11.1251707077, 9.65745067596, 10.016872406, 5.80042076111, 4.26512670517, 1.97243201733, 1.16540825367, 0.492888659239, 0.195239588618, 0.0656338259578, 0.00792470760643, 0.000129412757815, 2.59860316874e-05],
        "dvar": [0.314405709505, 12.8468961716, 23.0839290619, 137.259979248, 855.943237305, 107.807380676, 49.8999328613, 24.4018535614, 87.8623046875, 80.2231369019, 107.924186707, 89.7930984497, 65.4439163208, 132.1300354, 37.7816314697, 224.098419189, 95.2655487061, 125.595916748, 379.663116455, 210.660507202, 422.571990967, 330.46585083, 192.002532959, 275.989654541, 397.632263184, 186.062683105, 87.1733169556, 45.1175079346, 34.1624450684, 50.0303382874, 28.4008769989, 17.3794631958, 16.6481647491, 9.37551593781, 2.1503059864, 0.187818005681, 0.00639015436172, 7.98810724518e-05, 2.31140369067e-08, 6.62987442723e-10],
        "dvar2": [0.828606784344, 33.8821601868, 60.8204154968, 375.298248291, 2178.25268555, 281.152587891, 136.989135742, 64.0650787354, 249.956939697, 194.609512329, 323.264434814, 211.016098022, 155.185409546, 338.391326904, 87.0453720093, 502.616729736, 249.691879272, 284.842773438, 1096.515625, 493.195098877, 1087.71179199, 874.528442383, 513.481994629, 714.247558594, 1103.55358887, 505.829284668, 232.513046265, 119.398071289, 92.2648925781, 127.599266052, 68.2443161011, 36.5216026306, 28.9469642639, 11.9481801987, 1.84593343735, 0.213792160153, 0.011126219295, 0.000175381399458, 4.36703651019e-08, 1.35728572825e-09],
        "max": [3.51429963112, 23.4306297302, 61.8985939026, 106.106681824, 309.850708008, 121.310897827, 105.735534668, 68.3078689575, 240.550186157, 221.332794189, 254.773651123, 199.783111572, 202.519134521, 163.347610474, 114.682754517, 178.633865356, 104.364685059, 127.561248779, 182.83770752, 159.817749023, 212.076278687, 242.712280273, 139.344528198, 193.301773071, 319.643341064, 176.927703857, 104.122146606, 88.3255767822, 74.6235809326, 149.358703613, 121.212471008, 100.070098877, 135.068099976, 124.316619873, 60.7440986633, 18.4164276123, 1.86923456192, 0.161467209458, 0.00304426648654, 0.000381077930797],
        "mean": [0.314569026232, 2.33630824089, 3.57375574112, 7.75234508514, 15.39914608, 8.21871852875, 5.35073947906, 6.67936038971, 9.48181915283, 8.90016269684, 11.6299104691, 12.8727779388, 12.7079048157, 18.4396152496, 14.8334341049, 31.3679828644, 18.9359722137, 22.2635307312, 35.8554801941, 32.6382217407, 46.4493865967, 49.9964294434, 42.8624343872, 41.9025230408, 51.3335266113, 35.8804244995, 26.0100059509, 18.5070610046, 15.9775743484, 17.411945343, 11.6380472183, 8.18235301971, 3.86667847633, 1.99236011505, 0.911309182644, 0.324983417988, 0.0930007845163, 0.00837091449648, 0.000184256758075, 5.14607854711e-05],
        "median": [0.166555419564, 0.977505743504, 1.81565797329, 4.75087022781, 6.08735275269, 4.66367530823, 3.35933470726, 4.52445173264, 6.69704961777, 5.34714126587, 8.67445850372, 8.55271625519, 9.70151424408, 14.9770202637, 12.4666852951, 25.9088535309, 15.4993925095, 18.1547584534, 30.53465271, 27.4120464325, 39.8386726379, 43.7937812805, 39.5329627991, 37.4522438049, 47.0899047852, 32.9905433655, 24.0766525269, 16.9949359894, 14.192240715, 14.4521102905, 9.96733093262, 6.47356700897, 2.79493498802, 1.17976236343, 0.503209173679, 0.191090121865, 0.0519430041313, 0.00420744298026, 0.000105186045403, 3.91468493035e-05],
        "min": [0.00284575647675, 0.0305141434073, 0.030737189576, 0.214297711849, 0.188238739967, 0.126070350409, 0.0971674546599, 0.11305103451, 0.131571412086, 0.105459414423, 0.440530687571, 0.386905252934, 0.574782013893, 1.23855102062, 1.15790629387, 1.44872903824, 0.858288407326, 1.4338709116, 2.00613021851, 1.73264288902, 3.63270950317, 4.08524513245, 2.19088435173, 2.45132708549, 2.20709109306, 0.816717386246, 0.5256549716, 0.251300990582, 0.0752907693386, 0.147307574749, 0.01395228412, 0.00275243027136, 0.00150526827201, 0.000138687231811, 0.000174500601133, 3.26265071635e-05, 3.87516229239e-06, 7.97572056399e-07, 2.76349646811e-06, 6.10062488704e-06],
        "var": [0.250823229551, 12.1136207581, 28.7909202576, 109.092071533, 824.928344727, 111.622314453, 47.6851196289, 51.6075820923, 187.019058228, 187.018737793, 163.477767944, 251.144821167, 162.960418701, 198.638671875, 103.124504089, 487.330230713, 173.728851318, 252.136169434, 534.031738281, 394.598449707, 789.668457031, 744.047485352, 411.124267578, 511.172027588, 752.949584961, 435.876678467, 213.704666138, 115.43636322, 101.732185364, 200.904968262, 96.3605422974, 70.3524932861, 55.1814651489, 36.6416625977, 9.04971790314, 0.644240260124, 0.0187381990254, 0.000163647069712, 6.13713311282e-08, 1.24206189778e-09]
    },
    "gfcc": {
        "mean": [61.6361160278, 63.9009552002, -124.063804626, 61.6761894226, -53.0202636719, 26.4391403198, -36.4813194275, 15.7795610428, -25.2570819855, 2.8510093689, -17.8618526459, 2.42756056786, -14.7273073196],
        "cov": [[725.838745117, -327.090393066, 192.855209351, -28.9453678131, -66.0140457153, -1.39982390404, -117.452583313, -0.240052878857, -78.4597549438, 30.5898551941, -78.6390380859, 45.3530578613, -41.9725189209], [-327.090393066, 481.863037109, -24.4890098572, 36.3828659058, 115.066177368, -41.1310386658, 73.9926681519, -26.5209159851, 59.1489257812, -27.6099586487, 73.2743301392, -63.9027748108, 47.474697113], [192.855209351, -24.4890098572, 172.867889404, 4.30171823502, 47.8210296631, 1.58922111988, -24.343875885, 13.196811676, -18.9819030762, 20.9075431824, -14.6742486954, 14.8820095062, -2.29027700424], [-28.9453678131, 36.3828659058, 4.30171823502, 67.5843811035, 17.2495136261, 7.29939651489, 16.4081478119, -7.19895029068, 14.7837324142, -2.69330978394, 19.2736568451, -3.81564688683, 10.2381811142], [-66.0140457153, 115.066177368, 47.8210296631, 17.2495136261, 140.142288208, 10.910941124, 32.1952018738, 6.22458457947, 13.0877761841, 22.9127445221, 28.742811203, 4.78976821899, 18.1494293213], [-1.39982390404, -41.1310386658, 1.58922111988, 7.29939651489, 10.910941124, 53.5186004639, 19.8188438416, 13.9744281769, 3.95225358009, 8.26119804382, 5.70935487747, 11.4954299927, 0.717427492142], [-117.452583313, 73.9926681519, -24.343875885, 16.4081478119, 32.1952018738, 19.8188438416, 74.4523010254, 15.7658243179, 23.6560573578, 0.601547300816, 20.8281383514, 1.6789137125, 6.89940500259], [-0.240052878857, -26.5209159851, 13.196811676, -7.19895029068, 6.22458457947, 13.9744281769, 15.7658243179, 45.9144554138, 18.4271030426, 14.7188663483, 1.59461355209, 9.00256347656, 1.50045156479], [-78.4597549438, 59.1489257812, -18.9819030762, 14.7837324142, 13.0877761841, 3.95225358009, 23.6560573578, 18.4271030426, 51.0299453735, 16.2927360535, 23.41447258, -4.02049016953, 8.54938030243], [30.5898551941, -27.6099586487, 20.9075431824, -2.69330978394, 22.9127445221, 8.26119804382, 0.601547300816, 14.7188663483, 16.2927360535, 51.6155204773, 19.0874595642, 19.3225917816, 0.241678908467], [-78.6390380859, 73.2743301392, -14.6742486954, 19.2736568451, 28.742811203, 5.70935487747, 20.8281383514, 1.59461355209, 23.41447258, 19.0874595642, 54.4892539978, 9.81509304047, 15.582449913], [45.3530578613, -63.9027748108, 14.8820095062, -3.81564688683, 4.78976821899, 11.4954299927, 1.6789137125, 9.00256347656, -4.02049016953, 19.3225917816, 9.81509304047, 47.2796134949, 5.90557432175], [-41.9725189209, 47.474697113, -2.29027700424, 10.2381811142, 18.1494293213, 0.717427492142, 6.89940500259, 1.50045156479, 8.54938030243, 0.241678908467, 15.582449913, 5.90557432175, 33.5456619263]],
        "icov": [[0.00378899741918, 0.00100446341094, -0.00359592074528, -0.000583861838095, 0.00143972213846, -9.2192176453e-06, 0.0021924530156, 0.000765516422689, 0.00134420220274, -0.00176222750451, 0.00168286799453, -0.00121039664373, 0.00108953320887], [0.00100446341094, 0.0113680073991, -0.00421389285475, 0.005166339688, -0.0049052122049, 0.00776685168967, -0.00759427063167, 0.00843297783285, -0.00860544200987, 0.00843422487378, -0.0117059182376, 0.0126274013892, -0.00767648592591], [-0.00359592074528, -0.00421389285475, 0.0136429145932, -0.00445745233446, -0.00403181510046, -0.00134016794618, 0.00427367305383, -0.00810253992677, 0.00583500601351, -0.00403305701911, 0.00563854724169, -0.00406161975116, 0.00208750716411], [-0.000583861838095, 0.005166339688, -0.00445745233446, 0.0230152532458, -0.00225129211321, 0.000110067347123, -0.0068428106606, 0.0113596888259, -0.0115363541991, 0.00897586438805, -0.011390411295, 0.00760276382789, -0.00642768992111], [0.00143972213846, -0.0049052122049, -0.00403181510046, -0.00225129211321, 0.0146681666374, -0.00414235517383, -0.00119354052003, -0.00121422752272, 0.00598791334778, -0.00917315948755, 0.00301479990594, -0.00341508421116, -0.000651617301628], [-9.2192176453e-06, 0.00776685168967, -0.00134016794618, 0.000110067347123, -0.00414235517383, 0.0290934368968, -0.0109872976318, -0.000676145835314, -0.00194978574291, 0.0037627632264, -0.00775912590325, 0.00521682621911, -0.00406386144459], [0.0021924530156, -0.00759427063167, 0.00427367305383, -0.0068428106606, -0.00119354052003, -0.0109872976318, 0.0304650049657, -0.0124104581773, 0.0018806157168, -0.000221779424464, 0.00612506084144, -0.012450135313, 0.00990998838097], [0.000765516422689, 0.00843297783285, -0.00810253992677, 0.0113596888259, -0.00121422752272, -0.000676145835314, -0.0124104581773, 0.0428763218224, -0.0222945287824, 0.0024072304368, -0.00217431993224, 0.00525852059945, -0.00794198643416], [0.00134420220274, -0.00860544200987, 0.00583500601351, -0.0115363541991, 0.00598791334778, -0.00194978574291, 0.0018806157168, -0.0222945287824, 0.0482104718685, -0.0203574392945, 0.00192700047046, 0.00011006265413, 0.00213758391328], [-0.00176222750451, 0.00843422487378, -0.00403305701911, 0.00897586438805, -0.00917315948755, 0.0037627632264, -0.000221779424464, 0.0024072304368, -0.0203574392945, 0.0444514751434, -0.0210104100406, -0.00120104465168, 0.00250353105366], [0.00168286799453, -0.0117059182376, 0.00563854724169, -0.011390411295, 0.00301479990594, -0.00775912590325, 0.00612506084144, -0.00217431993224, 0.00192700047046, -0.0210104100406, 0.0490373969078, -0.0198162999004, 0.000276038335869], [-0.00121039664373, 0.0126274013892, -0.00406161975116, 0.00760276382789, -0.00341508421116, 0.00521682621911, -0.012450135313, 0.00525852059945, 0.00011006265413, -0.00120104465168, -0.0198162999004, 0.0465174168348, -0.0169248394668], [0.00108953320887, -0.00767648592591, 0.00208750716411, -0.00642768992111, -0.000651617301628, -0.00406386144459, 0.00990998838097, -0.00794198643416, 0.00213758391328, 0.00250353105366, 0.000276038335869, -0.0169248394668, 0.0451865643263]]
    },
    "melbands": {
        "dmean": [0.0027298273053, 0.00171884696465, 0.00125887047034, 0.000691419583745, 0.000141492506373, 7.85862503108e-05, 8.14747836557e-05, 5.11236539751e-05, 4.64218173875e-05, 3.74152987206e-05, 2.8767844924e-05, 4.37701528426e-05, 1.70379807969e-05, 4.58493195765e-05, 2.65409307758e-05, 2.0323886929e-05, 2.02214268938e-05, 2.94485198538e-05, 2.58898016909e-05, 2.39318669628e-05, 2.78687348327e-05, 2.16334537981e-05, 2.74766807706e-05, 1.49665702338e-05, 1.43481174746e-05, 1.58250622917e-05, 1.55569960043e-05, 8.11257632449e-06, 5.42811358173e-06, 7.52018240746e-06, 3.87824684367e-06, 3.46727892975e-06, 3.79794505534e-06, 4.05858236263e-06, 2.56026123679e-06, 2.10996677197e-06, 1.61462855885e-06, 1.07334608401e-06, 8.99513452168e-07, 7.3957528457e-07],
        "dmean2": [0.00472945719957, 0.00295125017874, 0.00214084470645, 0.00114647753071, 0.000240506822593, 0.000129764550366, 0.00013696802489, 8.50595461088e-05, 7.53491694923e-05, 5.69406947761e-05, 4.43792705482e-05, 6.78390642861e-05, 2.67644645646e-05, 6.77248390275e-05, 4.13209818362e-05, 3.2083113183e-05, 3.1673014746e-05, 5.08573903062e-05, 4.21760632889e-05, 3.86766696465e-05, 4.70259474241e-05, 3.60865633411e-05, 4.7191970225e-05, 2.47605094046e-05, 2.3784727091e-05, 2.6761830668e-05, 2.66807273874e-05, 1.37483038998e-05, 8.9927962108e-06, 1.25040578496e-05, 6.65709148961e-06, 5.80873756917e-06, 6.40959069642e-06, 6.65569632474e-06, 4.11486144003e-06, 3.41739701071e-06, 2.54681413026e-06, 1.66491997788e-06, 1.37415543122e-06, 1.12111104045e-06],
        "dvar": [2.43547347054e-05, 8.46313832881e-06, 6.77131265547e-06, 1.94071117221e-06, 6.83006291524e-08, 1.1093113983e-08, 2.13672421978e-08, 8.06991273805e-09, 5.77403946878e-09, 3.48291417929e-09, 1.68407221501e-09, 2.40375030991e-09, 5.02822339321e-10, 1.94521532215e-09, 8.18903556077e-10, 4.08373723726e-10, 4.14787343361e-10, 8.05913835666e-10, 7.36908645216e-10, 9.03649266526e-10, 7.46422257336e-10, 4.79550066323e-10, 7.88580811761e-10, 1.95743393716e-10, 2.19299536863e-10, 2.122173548e-10, 2.87354556816e-10, 6.99380692248e-11, 3.24332574686e-11, 5.55024359805e-11, 1.84856175506e-11, 1.2345440642e-11, 1.86770945931e-11, 2.83594814299e-11, 1.1639755132e-11, 1.31680040136e-11, 6.09611233021e-12, 6.9498113861e-12, 1.8896072207e-11, 6.22699634911e-12],
        "dvar2": [6.43027742626e-05, 2.13888761209e-05, 1.79754388228e-05, 4.89046715302e-06, 1.88377626387e-07, 2.89442354529e-08, 6.06016499205e-08, 2.0185439098e-08, 1.71076948163e-08, 8.09222555631e-09, 3.99047639377e-09, 6.0993632367e-09, 1.05920516802e-09, 4.55071225147e-09, 2.07079109416e-09, 1.01141994779e-09, 9.62758872625e-10, 2.29714780531e-09, 1.77841918969e-09, 2.27968799393e-09, 1.90580218273e-09, 1.26753396668e-09, 2.20207896362e-09, 5.25068044599e-10, 5.72866976079e-10, 5.94915228191e-10, 8.26792079245e-10, 1.90075372108e-10, 8.70894467653e-11, 1.49967011032e-10, 5.29793708903e-11, 3.38024157276e-11, 4.81945351682e-11, 7.288768894e-11, 2.80458364865e-11, 3.48192898125e-11, 1.21554476554e-11, 1.56594008593e-11, 3.28572551112e-11, 1.1182276459e-11],
        "max": [0.0316876247525, 0.0228345021605, 0.0212228130549, 0.0139452982694, 0.0032826687675, 0.00155425444245, 0.00352068245411, 0.00205452158116, 0.001716746483, 0.00108190556057, 0.00101299537346, 0.000676871510223, 0.000523561204318, 0.000587958726101, 0.00035706392373, 0.000189763784874, 0.000216903354158, 0.000253670616075, 0.00035884292447, 0.000369421613868, 0.000277500163065, 0.0002904215944, 0.000289290153887, 0.000155909947352, 0.000162184922374, 0.000140621123137, 0.000328639725922, 0.000107275816845, 5.99452505412e-05, 8.11190184322e-05, 5.07255535922e-05, 4.25006001024e-05, 6.87120555085e-05, 0.000108507876575, 7.55855580792e-05, 7.74054788053e-05, 6.96469360264e-05, 7.80199916335e-05, 0.000155342859216, 0.000101199657365],
        "mean": [0.00294720148668, 0.00236882013269, 0.00162959413137, 0.000884207023773, 0.000201643255423, 0.000145355239511, 0.000150485298946, 9.54053612077e-05, 9.42573024076e-05, 8.23266382213e-05, 6.24175445409e-05, 7.59533941164e-05, 3.81692734663e-05, 9.20271631912e-05, 5.41402114322e-05, 4.0836584958e-05, 3.79867597076e-05, 4.85907403345e-05, 5.55354126845e-05, 4.47266429546e-05, 5.73933029955e-05, 5.01751819684e-05, 5.43110327271e-05, 3.46644410456e-05, 3.26065637637e-05, 3.47492095898e-05, 3.70221641788e-05, 1.9558785425e-05, 1.40794409162e-05, 1.7016338461e-05, 8.68274128152e-06, 8.32894056657e-06, 9.33696173888e-06, 1.01949290183e-05, 6.98272378941e-06, 5.73804527448e-06, 4.36148047811e-06, 2.69409520115e-06, 2.21252412302e-06, 1.53990094987e-06],
        "median": [0.001463761786, 0.00112820486538, 0.000903644133359, 0.000413279922213, 0.000120473290735, 9.99507319648e-05, 0.000103204678453, 5.77206556045e-05, 7.00537639204e-05, 5.65246409678e-05, 4.72257524962e-05, 6.05619134149e-05, 3.00624888041e-05, 7.55517248763e-05, 4.32265151176e-05, 3.46313863702e-05, 3.06133297272e-05, 3.9733320591e-05, 4.68387006549e-05, 3.56179079972e-05, 4.90606107633e-05, 4.37719609181e-05, 4.5059765398e-05, 3.12101910822e-05, 2.85715250357e-05, 3.09789029416e-05, 3.33952448273e-05, 1.72936488525e-05, 1.28026094899e-05, 1.49728757606e-05, 7.63464868214e-06, 7.34008426662e-06, 7.89441037341e-06, 8.14480517874e-06, 5.88139982938e-06, 4.56605539512e-06, 3.30993748321e-06, 1.96293444787e-06, 1.30703949708e-06, 9.1047195383e-07],
        "min": [4.06804174418e-05, 3.32320887537e-05, 4.52225795016e-05, 1.51768053911e-05, 3.80101619157e-06, 2.52618315244e-06, 2.15483510146e-06, 1.22577534967e-06, 2.35358675127e-06, 1.938044079e-06, 1.53820803916e-06, 4.85531336381e-06, 1.85637804861e-06, 3.85986868423e-06, 3.00346732729e-06, 1.2936609437e-06, 2.03578065339e-06, 1.78422953923e-06, 2.3349177809e-06, 2.27019086196e-06, 4.74854687127e-06, 2.45240653385e-06, 2.58956697508e-06, 1.30023079237e-06, 1.47617367929e-06, 1.70711246028e-06, 9.90270677903e-07, 3.24538774521e-07, 2.68311254104e-07, 3.52288310523e-07, 2.35930919246e-08, 1.17198535321e-08, 5.91817368445e-08, 6.39704396121e-08, 6.60739865599e-11, 1.23611421099e-09, 1.02033870242e-09, 7.16240899923e-10, 4.21011503438e-10, 2.86405534705e-12],
