{
"highlevel": {
    "danceability": {
        "all": {
            "danceable": 0.974373102188,
            "not_danceable": 0.0256268978119
        },
        "probability": 0.974373102188,
        "value": "danceable"
    },
    "gender": {
        "all": {
            "female": 0.979054033756,
            "male": 0.0209459550679
        },
        "probability": 0.979054033756,
        "value": "female"
    },
    "genre_dortmund": {
        "all": {
            "alternative": 0.00636476837099,
            "blues": 0.0531235784292,
            "electronic": 0.0111117493361,
            "folkcountry": 0.014100426808,
            "funksoulrnb": 0.0350877568126,
            "jazz": 0.0406702905893,
            "pop": 0.0178854502738,
            "raphiphop": 0.782903909683,
            "rock": 0.0387520417571
        },
        "probability": 0.782903909683,
        "value": "raphiphop"
    },
    "genre_electronic": {
        "all": {
            "ambient": 0.339997529984,
            "dnb": 0.0880470871925,
            "house": 0.510891139507,
            "techno": 0.043405521661,
            "trance": 0.017658714205
        },
        "probability": 0.510891139507,
        "value": "house"
    },
    "genre_rosamerica": {
        "all": {
            "cla": 0.00202238955535,
            "dan": 0.00559109495953,
            "hip": 0.35639333725,
            "jaz": 0.00594143522903,
            "pop": 0.0469453148544,
            "rhy": 0.554544866085,
            "roc": 0.0108826290816,
            "spe": 0.017678912729
        },
        "probability": 0.554544866085,
        "value": "rhy"
    },
    "genre_tzanetakis": {
        "all": {
            "blu": 0.0610442385077,
            "cla": 0.0339068844914,
            "cou": 0.0610288381577,
            "dis": 0.0508533753455,
            "hip": 0.152552962303,
            "jaz": 0.15253444016,
            "met": 0.0610075257719,
            "pop": 0.0610079243779,
            "reg": 0.0610093250871,
            "roc": 0.305054485798
        },
        "probability": 0.305054485798,
        "value": "roc"
    },
    "ismir04_rhythm": {
        "all": {
            "ChaChaCha": 0.0224717576057,
            "Jive": 0.0782589241862,
            "Quickstep": 0.341219156981,
            "Rumba-American": 0.0116054452956,
            "Rumba-International": 0.0880115479231,
            "Rumba-Misc": 0.0350526571274,
            "Samba": 0.386922419071,
            "Tango": 0.00572053762153,
            "VienneseWaltz": 0.0228316783905,
            "Waltz": 0.00790586415678
        },
        "probability": 0.386922419071,
        "value": "Samba"
    },
    "mood_acoustic": {
        "all": {
            "acoustic": 0.248719111085,
            "not_acoustic": 0.751280903816
        },
        "probability": 0.751280903816,
        "value": "not_acoustic"
    },
    "mood_aggressive": {
        "all": {
            "aggressive": 0.283068716526,
            "not_aggressive": 0.716931283474
        },
        "probability": 0.716931283474,
        "value": "not_aggressive"
    },
    "mood_electronic": {
        "all": {
            "electronic": 0.330557823181,
            "not_electronic": 0.669442176819
        },
        "probability": 0.669442176819,
        "value": "not_electronic"
    },
    "mood_happy": {
        "all": {
            "happy": 0.418022453785,
            "not_happy": 0.581977546215
        },
        "probability": 0.581977546215,
        "value": "not_happy"
    },
    "mood_party": {
        "all": {
            "not_party": 0.626986265182,
            "party": 0.373013734818
        },
        "probability": 0.626986265182,
        "value": "not_party"
    },
    "mood_relaxed": {
        "all": {
            "not_relaxed": 0.27529785037,
            "relaxed": 0.724702119827
        },
        "probability": 0.724702119827,
        "value": "relaxed"
    },
    "mood_sad": {
        "all": {
            "not_sad": 0.769902229309,
            "sad": 0.23009775579
        },
        "probability": 0.769902229309,
        "value": "not_sad"
    },
    "moods_mirex": {
        "all": {
            "Cluster1": 0.185289308429,
            "Cluster2": 0.310292601585,
            "Cluster3": 0.191066220403,
            "Cluster4": 0.112562641501,
            "Cluster5": 0.200789213181
        },
        "probability": 0.310292601585,
        "value": "Cluster2"
    },
    "timbre": {
        "all": {
            "bright": 0.624945044518,
            "dark": 0.37505492568
        },
        "probability": 0.624945044518,
        "value": "bright"
    },
    "tonal_atonal": {
        "all": {
            "atonal": 0.321304380894,
            "tonal": 0.678695619106
        },
        "probability": 0.678695619106,
        "value": "tonal"
    },
    "voice_instrumental": {
        "all": {
            "instrumental": 0.113451741636,
            "voice": 0.886548280716
        },
        "probability": 0.886548280716,
        "value": "voice"
    }
},
"lowlevel": {
    "average_loudness": 0.938844382763,
    "barkbands_crest": {
        "dmean": 3.11247897148,
        "dmean2": 4.56634616852,
        "dvar": 8.17191314697,
        "dvar2": 15.6654653549,
        "max": 26.7453536987,
        "mean": 12.1114397049,
        "median": 11.0779085159,
        "min": 3.27502799034,
        "var": 25.1418228149
    },
    "barkbands_flatness_db": {
        "dmean": 0.0473327711225,
        "dmean2": 0.0642489343882,
        "dvar": 0.00207436014898,
        "dvar2": 0.00399174029008,
        "max": 0.65130341053,
        "mean": 0.222462162375,
        "median": 0.208072349429,
        "min": 0.0526705756783,
        "var": 0.00675235036761
    },
    "barkbands_kurtosis": {
        "dmean": 25.5951290131,
        "dmean2": 40.7175178528,
        "dvar": 10445.0986328,
        "dvar2": 25083.9667969,
        "max": 1863.73937988,
        "mean": 26.5559177399,
        "median": 6.25419330597,
        "min": -1.92064082623,
        "var": 11131.2587891
    },
    "barkbands_skewness": {
        "dmean": 1.45729064941,
        "dmean2": 2.13272094727,
        "dvar": 5.71636676788,
        "dvar2": 12.35039711,
        "max": 32.0073318481,
        "mean": 2.82213497162,
        "median": 2.19921827316,
        "min": -2.00248551369,
        "var": 9.61196517944
    },
    "barkbands_spread": {
        "dmean": 8.15015697479,
        "dmean2": 11.9405927658,
        "dvar": 100.058906555,
        "dvar2": 203.096115112,
        "max": 103.407661438,
        "mean": 16.7983818054,
        "median": 11.4972934723,
        "min": 0.0465191081166,
        "var": 257.063476562
    },
    "dissonance": {
        "dmean": 0.0306032467633,
        "dmean2": 0.048208180815,
        "dvar": 0.00095362670254,
        "dvar2": 0.00228601647541,
        "max": 0.499988079071,
        "mean": 0.44170203805,
        "median": 0.454479634762,
        "min": 0.253417909145,
        "var": 0.00209551095031
    },
    "dynamic_complexity": 2.92782616615,
    "erbbands_crest": {
        "dmean": 3.85296154022,
        "dmean2": 6.18681001663,
        "dvar": 11.0417032242,
        "dvar2": 25.6327857971,
        "max": 29.2725868225,
        "mean": 10.5781049728,
        "median": 9.48370456696,
        "min": 2.63079023361,
        "var": 23.090297699
    },
    "erbbands_flatness_db": {
        "dmean": 0.0313735231757,
        "dmean2": 0.0476922877133,
        "dvar": 0.000803095637821,
        "dvar2": 0.00177370919846,
        "max": 0.334008514881,
        "mean": 0.182711958885,
        "median": 0.181859746575,
        "min": 0.0668893903494,
        "var": 0.00217345799319
    },
    "erbbands_kurtosis": {
        "dmean": 2.85101294518,
        "dmean2": 4.57554388046,
        "dvar": 17.574048996,
        "dvar2": 39.7807235718,
        "max": 89.6676635742,
        "mean": 2.13795614243,
        "median": 0.535165309906,
        "min": -1.8256033659,
        "var": 24.9836597443
    },
    "erbbands_skewness": {
        "dmean": 0.792406082153,
        "dmean2": 1.17213404179,
        "dvar": 0.552433371544,
        "dvar2": 1.17535853386,
        "max": 8.74140548706,
        "mean": 0.687260985374,
        "median": 0.766626358032,
        "min": -3.85716056824,
        "var": 1.7598541975
    },
    "erbbands_spread": {
        "dmean": 15.6553926468,
        "dmean2": 24.651676178,
        "dvar": 244.288513184,
        "dvar2": 585.695983887,
        "max": 181.907791138,
        "mean": 40.7290306091,
        "median": 38.0335159302,
        "min": 3.90150022507,
        "var": 495.748504639
    },
    "hfc": {
        "dmean": 10.3005037308,
        "dmean2": 15.3450860977,
        "dvar": 391.878387451,
        "dvar2": 991.831787109,
        "max": 169.760635376,
        "mean": 16.1181793213,
        "median": 10.7681999207,
        "min": 0.00156823243015,
        "var": 418.284423828
    },
    "melbands_crest": {
        "dmean": 3.83162426949,
        "dmean2": 5.67760515213,
        "dvar": 11.3229084015,
        "dvar2": 24.4651546478,
        "max": 34.7371139526,
        "mean": 16.7056083679,
        "median": 15.8709897995,
        "min": 3.97833418846,
        "var": 36.0430831909
    },
    "melbands_flatness_db": {
        "dmean": 0.0590516030788,
        "dmean2": 0.0783523321152,
        "dvar": 0.00316908303648,
        "dvar2": 0.00619064224884,
        "max": 0.775734961033,
        "mean": 0.296889364719,
        "median": 0.28401812911,
        "min": 0.0328397043049,
        "var": 0.0113145029172
    },
    "melbands_kurtosis": {
        "dmean": 31.2566566467,
        "dmean2": 48.677936554,
        "dvar": 5436.69042969,
        "dvar2": 13113.4609375,
        "max": 907.509887695,
        "mean": 36.9584465027,
        "median": 15.6664810181,
        "min": -1.7879730463,
        "var": 6023.19189453
    },
    "melbands_skewness": {
        "dmean": 1.59720957279,
        "dmean2": 2.37008666992,
        "dvar": 3.58966088295,
        "dvar2": 7.89579677582,
        "max": 24.1251716614,
        "mean": 3.72761297226,
        "median": 3.14085674286,
        "min": -0.994413197041,
        "var": 7.14693212509
    },
    "melbands_spread": {
        "dmean": 8.40717697144,
        "dmean2": 12.6528434753,
        "dvar": 173.86920166,
        "dvar2": 392.319274902,
        "max": 218.069320679,
        "mean": 15.6957988739,
        "median": 10.3692550659,
        "min": 0.130494818091,
        "var": 330.059295654
    },
    "pitch_salience": {
        "dmean": 0.0884660631418,
        "dmean2": 0.133041068912,
        "dvar": 0.00710069155321,
        "dvar2": 0.0138759994879,
        "max": 0.866730332375,
        "mean": 0.517020821571,
        "median": 0.537716269493,
        "min": 0.017475374043,
        "var": 0.0217918418348
    },
    "silence_rate_20dB": {
        "dmean": 0.030959751457,
        "dmean2": 0.0619674660265,
        "dvar": 0.0300013311207,
        "dvar2": 0.0736198276281,
        "max": 1,
        "mean": 0.976798117161,
        "median": 1,
        "min": 0,
        "var": 0.0226631406695
    },
    "silence_rate_30dB": {
        "dmean": 0.0510835908353,
        "dmean2": 0.102246321738,
        "dvar": 0.0484738536179,
        "dvar2": 0.0979879871011,
        "max": 1,
        "mean": 0.910286128521,
        "median": 1,
        "min": 0,
        "var": 0.0816656500101
    },
    "silence_rate_60dB": {
        "dmean": 0.0371517017484,
        "dmean2": 0.0743609592319,
        "dvar": 0.0357716195285,
        "dvar2": 0.078127078712,
        "max": 1,
        "mean": 0.0549110583961,
        "median": 0,
        "min": 0,
        "var": 0.051895417273
    },
    "spectral_centroid": {
        "dmean": 396.615844727,
        "dmean2": 570.554748535,
        "dvar": 174117.390625,
        "dvar2": 326468.21875,
        "max": 6297.28173828,
        "mean": 1109.37316895,
        "median": 927.627929688,
        "min": 66.102973938,
        "var": 556843.0625
    },
    "spectral_complexity": {
        "dmean": 5.35526323318,
        "dmean2": 7.83810997009,
        "dvar": 37.6083488464,
        "dvar2": 75.334602356,
        "max": 53,
        "mean": 13.0092811584,
        "median": 11,
        "min": 0,
        "var": 84.2167358398
    },
    "spectral_decrease": {
        "dmean": 6.22966966901e-09,
        "dmean2": 7.91868881578e-09,
        "dvar": 2.14818447738e-16,
        "dvar2": 3.77269109982e-16,
        "max": -8.55113289205e-13,
        "mean": -1.21212035964e-08,
        "median": -5.94659477215e-09,
        "min": -1.34971770649e-07,
        "var": 4.13210570818e-16
    },
    "spectral_energy": {
        "dmean": 0.0242452155799,
        "dmean2": 0.0309549495578,
        "dvar": 0.00311895343475,
        "dvar2": 0.00550397206098,
        "max": 0.513583660126,
        "mean": 0.0472102053463,
        "median": 0.0238377824426,
        "min": 3.38842369274e-06,
        "var": 0.00599494902417
    },
    "spectral_energyband_high": {
        "dmean": 0.000584688445088,
        "dmean2": 0.000928067427594,
        "dvar": 3.59035811925e-06,
        "dvar2": 8.93550441106e-06,
        "max": 0.0168152544647,
        "mean": 0.000566826318391,
        "median": 0.000122799727251,
        "min": 2.34637020924e-08,
        "var": 3.17627495861e-06
    },
    "spectral_energyband_low": {
        "dmean": 0.0202754288912,
        "dmean2": 0.0261283628643,
        "dvar": 0.00312340888195,
        "dvar2": 0.00548116257414,
        "max": 0.505208790302,
        "mean": 0.0337391085923,
        "median": 0.00974901113659,
        "min": 4.08873574997e-07,
        "var": 0.00563640892506
    },
    "spectral_energyband_middle_high": {
        "dmean": 0.00176156614907,
        "dmean2": 0.00257095997222,
        "dvar": 5.10498603035e-06,
        "dvar2": 1.08761078081e-05,
        "max": 0.0251396782696,
        "mean": 0.00249798852019,
        "median": 0.001382615068,
        "min": 1.91781651893e-07,
        "var": 1.01207542684e-05
    },
    "spectral_energyband_middle_low": {
        "dmean": 0.00755975209177,
        "dmean2": 0.0122700966895,
        "dvar": 0.000244275404839,
        "dvar2": 0.000699662894476,
        "max": 0.148814052343,
        "mean": 0.0125841535628,
        "median": 0.00933649018407,
        "min": 2.08121832657e-06,
        "var": 0.000200485563255
    },
    "spectral_entropy": {
        "dmean": 0.371159046888,
        "dmean2": 0.549305379391,
        "dvar": 0.154576987028,
        "dvar2": 0.336478412151,
        "max": 8.68580341339,
        "mean": 7.11746549606,
        "median": 7.1586227417,
        "min": 5.07778501511,
        "var": 0.350283384323
    },
    "spectral_flux": {
        "dmean": 0.0456451289356,
        "dmean2": 0.0688840001822,
        "dvar": 0.00533877965063,
        "dvar2": 0.00948814768344,
        "max": 0.71724820137,
        "mean": 0.106791317463,
        "median": 0.0789460614324,
        "min": 0.000631321861874,
        "var": 0.0107617406175
    },
    "spectral_kurtosis": {
        "dmean": 3.30548119545,
        "dmean2": 5.49258470535,
        "dvar": 22.4905586243,
        "dvar2": 56.5545349121,
        "max": 55.0411453247,
        "mean": 6.40628242493,
        "median": 5.17011833191,
        "min": -1.33370733261,
        "var": 29.3374023438
    },
    "spectral_rms": {
        "dmean": 0.00141215824988,
        "dmean2": 0.00174260162748,
        "dvar": 4.73075215268e-06,
        "dvar2": 7.51090465201e-06,
        "max": 0.0223843082786,
        "mean": 0.00564184598625,
        "median": 0.00482248608023,
        "min": 5.74959049118e-05,
        "var": 1.42282087836e-05
    },
    "spectral_rolloff": {
        "dmean": 595.33001709,
        "dmean2": 1002.88751221,
        "dvar": 1393045.25,
        "dvar2": 2915162,
        "max": 11455.6640625,
        "mean": 1023.38409424,
        "median": 495.263671875,
        "min": 64.599609375,
        "var": 2211667.5
    },
    "spectral_skewness": {
        "dmean": 0.470951139927,
        "dmean2": 0.741343557835,
        "dvar": 0.268277198076,
        "dvar2": 0.641519367695,
        "max": 5.90056180954,
        "mean": 1.77176380157,
        "median": 1.64634811878,
        "min": -0.0974867716432,
        "var": 0.510952949524
    },
    "spectral_spread": {
        "dmean": 940974.5625,
        "dmean2": 1448766.625,
        "dvar": 1.31901672653e+12,
        "dvar2": 2.91918472806e+12,
        "max": 17591570,
        "mean": 4152792,
        "median": 3771832.75,
        "min": 1184912.125,
        "var": 2.62105071616e+12
    },
    "spectral_strongpeak": {
        "dmean": 0.383106678724,
        "dmean2": 0.616077959538,
        "dvar": 0.328102946281,
        "dvar2": 0.793268561363,
        "max": 5.78774785995,
        "mean": 0.632325947285,
        "median": 0.38265889883,
        "min": 0.00692686997354,
        "var": 0.466009020805
    },
    "zerocrossingrate": {
        "dmean": 0.0138041488826,
        "dmean2": 0.0153439827263,
        "dvar": 0.000323448213749,
        "dvar2": 0.000371171743609,
        "max": 0.3837890625,
        "mean": 0.0415624380112,
        "median": 0.03271484375,
        "min": 0.001953125,
        "var": 0.00135787972249
    },
    "barkbands": {
        "dmean": [0.000527320429683, 0.0160103198141, 0.00815254729241, 0.00314093451016, 0.00145936512854, 0.000914737815037, 0.0020490444731, 0.00156802858692, 0.000848860130645, 0.000363343744539, 0.000252249650657, 0.000204992247745, 0.000182299350854, 0.000114075584861, 0.000160413197591, 0.000139098032378, 0.000324911059579, 0.000259024265688, 0.000224284362048, 0.000197124390979, 0.000105305931356, 9.17621364351e-05, 9.4171067758e-05, 0.000119319862279, 8.63771056174e-05, 4.40311014245e-05, 2.98482705219e-09],
        "dmean2": [0.000838106207084, 0.021590448916, 0.0148431481794, 0.00557358795777, 0.00243563810363, 0.00157347356435, 0.0033345958218, 0.00238467263989, 0.00133418664336, 0.000576496182475, 0.000407468527555, 0.00033909076592, 0.0002974596282, 0.000187898389413, 0.000255220074905, 0.000225444731768, 0.000489050522447, 0.000405123020755, 0.000326871144352, 0.000298250524793, 0.000176226065378, 0.000144410412759, 0.000152925698785, 0.000193291984033, 0.000144141624332, 7.39209281164e-05, 5.1838564552e-09],
        "dvar": [2.21777918341e-06, 0.00268768239766, 0.00101626699325, 0.000130293818074, 6.64820072416e-06, 1.61216530614e-06, 1.4275090507e-05, 7.54542043069e-06, 4.1654971028e-06, 8.02401871169e-07, 4.01367373115e-07, 3.33439857059e-07, 3.77245299887e-07, 9.65545794429e-08, 1.14422810782e-07, 5.96789462293e-08, 4.49800864999e-07, 2.69053316515e-07, 1.16299979425e-07, 1.01986792345e-07, 1.60428797358e-07, 1.09482776622e-07, 1.11208699138e-07, 1.26955058022e-07, 9.42000326631e-08, 2.74320814952e-08, 4.52019132302e-16],
        "dvar2": [5.50492268303e-06, 0.00504089007154, 0.0029388803523, 0.000378922210075, 1.81336945388e-05, 4.79083337268e-06, 3.66664789908e-05, 1.69301129063e-05, 9.95394930214e-06, 1.70375290054e-06, 9.70444602899e-07, 7.71657539644e-07, 9.03773354821e-07, 2.54585330595e-07, 2.71325262702e-07, 1.39345729622e-07, 8.66557058998e-07, 6.32449257409e-07, 2.23968285695e-07, 2.25313712576e-07, 4.04123341013e-07, 2.59115182644e-07, 2.73835752296e-07, 3.14850694849e-07, 2.38910246253e-07, 7.08722112108e-08, 1.09923467796e-15],
        "max": [0.0141146183014, 0.43494656682, 0.277473986149, 0.101628132164, 0.0221751462668, 0.0117238080129, 0.041499003768, 0.0242730099708, 0.0252117644995, 0.0166011508554, 0.00688401982188, 0.00749372970313, 0.0101308254525, 0.00528578134254, 0.00426892144606, 0.00208899006248, 0.0102338707075, 0.00717454962432, 0.00651699164882, 0.00311580160633, 0.00459741801023, 0.00406956300139, 0.00324497465044, 0.00331582385115, 0.00329890754074, 0.00155530590564, 4.826902682e-07],
        "mean": [0.00100408156868, 0.0236741788685, 0.00694020744413, 0.00381298619322, 0.00225725397468, 0.00136882497463, 0.00238614808768, 0.00175313604996, 0.000907235895284, 0.000369477085769, 0.000222646369366, 0.000174109227373, 0.000156729802256, 0.000114001581096, 0.000168942875462, 0.000149039173266, 0.000409927510191, 0.000306000554701, 0.00030527295894, 0.000258765590843, 8.62734450493e-05, 8.03751318017e-05, 8.2354148617e-05, 0.00011579956481, 7.26231737644e-05, 3.38479221682e-05, 2.28334062768e-09],
        "median": [0.000216525731958, 0.00417410070077, 0.00207207188942, 0.00128915160894, 0.00147748866584, 0.000794962863438, 0.000651032896712, 0.000300038838759, 0.000130939632072, 4.80832422909e-05, 2.20735964831e-05, 2.38644497585e-05, 1.07907508209e-05, 1.31187671286e-05, 2.67949963018e-05, 2.99813473248e-05, 7.61339179007e-05, 8.3950588305e-05, 0.000120814962429, 9.15652053664e-05, 6.90693968863e-06, 6.92406274538e-06, 8.18393618829e-06, 2.59251701209e-05, 7.41162011764e-06, 2.34666163124e-06, 3.14116538336e-10],
        "min": [1.9095230952e-10, 5.56610757485e-08, 4.57216238203e-08, 1.34997662826e-07, 3.03032777538e-07, 6.13117876469e-08, 2.85979666614e-07, 2.28949819103e-08, 8.72744809755e-09, 3.01183344931e-09, 9.28699450675e-10, 1.02882180553e-09, 9.75216907229e-10, 3.60887297823e-09, 3.41502293111e-09, 5.6990301367e-09, 4.46894361517e-08, 4.14354914824e-08, 1.81414900879e-08, 8.38932567859e-09, 7.25840232363e-09, 3.89656884536e-09, 3.25756199793e-10, 1.59386781551e-10, 9.0299556027e-12, 1.19969572471e-11, 1.78929718264e-11],
        "var": [3.33723733092e-06, 0.00391403259709, 0.000576977035962, 8.05535601103e-05, 7.05152024238e-06, 2.61022591985e-06, 1.4953840946e-05, 1.09332395368e-05, 5.20170942764e-06, 1.03412139651e-06, 4.02404822353e-07, 3.4201545418e-07, 4.23047566755e-07, 1.07250123449e-07, 1.41981729485e-07, 8.09431739413e-08, 8.64562366587e-07, 3.74163363404e-07, 2.48894707511e-07, 1.62075764365e-07, 1.30305224388e-07, 1.11114573542e-07, 1.06072093331e-07, 1.12504771721e-07, 7.64924337204e-08, 2.06279739956e-08, 3.06184940378e-16]
    },
    "erbbands": {
        "dmean": [0.467437565327, 3.82162761688, 8.34995365143, 11.2997789383, 5.04127883911, 5.97838115692, 6.22243452072, 8.95119571686, 17.9294223785, 42.4545707703, 32.0600166321, 19.8634471893, 12.4298305511, 11.6759147644, 9.13431930542, 7.90908908844, 7.63015413284, 7.30741214752, 5.55498170853, 9.26699733734, 8.13111686707, 17.8489284515, 14.8613042831, 10.9705600739, 11.5423440933, 9.27981376648, 4.32398176193, 4.26369810104, 3.19264769554, 3.18429064751, 2.81935787201, 2.58257579803, 1.82853877544, 1.17071902752, 0.492074608803, 0.205689400434, 0.0826256424189, 0.00898991152644, 0.000167353384313, 3.42903113051e-05],
        "dmean2": [0.62108874321, 5.29633426666, 14.5123767853, 20.3923969269, 8.65046691895, 9.97908687592, 10.1464500427, 15.5338048935, 30.8713932037, 65.035194397, 48.6795425415, 30.6538829803, 20.0026283264, 18.2114830017, 14.5267839432, 13.1857271194, 12.3826599121, 11.7819519043, 9.04328155518, 14.5251302719, 12.6670007706, 27.0024604797, 22.4841194153, 16.369228363, 17.0083370209, 13.8243627548, 7.20566749573, 7.07344961166, 5.20053434372, 5.07758188248, 4.64068651199, 4.13505220413, 2.97815036774, 1.97142779827, 0.81146299839, 0.345355987549, 0.137703284621, 0.0153764393181, 0.000279646075796, 4.66735982627e-05],
        "dvar": [2.12678909302, 155.595809937, 956.712097168, 1853.1739502, 259.539520264, 96.9954376221, 145.587356567, 175.737640381, 984.092285156, 5551.71728516, 4221.64746094, 2297.36523438, 937.445129395, 681.037719727, 459.613250732, 514.537231445, 555.885192871, 469.431945801, 136.1665802, 322.57723999, 193.032348633, 1365.8729248, 760.715393066, 297.689483643, 324.975830078, 206.967269897, 200.375137329, 276.30645752, 153.163314819, 130.118621826, 107.03843689, 59.3432197571, 31.9053936005, 17.973859787, 2.85799026489, 0.515878796577, 0.111330926418, 0.00153515010606, 4.50826433962e-07, 4.97348784378e-09],
        "dvar2": [3.07639551163, 322.745452881, 2646.98999023, 5377.12695312, 738.133178711, 259.899749756, 397.13482666, 508.12210083, 2640.70947266, 13049.6044922, 9296.85546875, 5218.09667969, 2092.1315918, 1555.78991699, 1086.9699707, 1160.48010254, 1307.90991211, 1094.49865723, 335.105499268, 761.862854004, 414.667541504, 2813.83911133, 1630.7833252, 654.268981934, 588.021362305, 445.528656006, 511.827453613, 684.510009766, 374.571563721, 313.50567627, 268.655334473, 145.612915039, 79.6706619263, 46.9351921082, 6.90015602112, 1.32021164894, 0.287570744753, 0.00408432632685, 1.19216974781e-06, 1.00319317298e-08],
        "max": [14.0084886551, 106.503845215, 281.197753906, 402.354736328, 157.409927368, 106.215415955, 142.449569702, 138.129058838, 255.695022583, 678.868041992, 696.868896484, 765.69317627, 626.484863281, 315.499389648, 266.039031982, 318.578125, 435.364624023, 334.025085449, 144.653305054, 242.476638794, 190.747955322, 530.278564453, 430.531494141, 237.795272827, 274.413513184, 134.087142944, 142.384872437, 181.338409424, 186.005874634, 129.280609131, 86.5289382935, 84.4601974487, 53.1326904297, 46.0106468201, 25.2843151093, 6.47070837021, 3.5933432579, 0.349504351616, 0.00614673225209, 0.000555064762011],
        "mean": [0.759977161884, 4.91302776337, 8.21618461609, 11.5490999222, 7.88785934448, 8.63968086243, 10.3926582336, 12.0655860901, 22.0802059174, 48.2492675781, 37.3058891296, 21.5737037659, 12.3587884903, 11.9231414795, 8.63635540009, 6.87330579758, 7.01753044128, 7.36386346817, 5.68060207367, 10.2469701767, 9.87127971649, 22.917345047, 18.9378757477, 14.2523355484, 15.8797883987, 12.4046506882, 4.05125808716, 3.47542619705, 2.69625234604, 2.84726572037, 2.46235918999, 2.51582694054, 1.72884345055, 0.958474397659, 0.431382656097, 0.168147042394, 0.0618431828916, 0.00617674086243, 0.000135153517476, 5.89849914832e-05],
        "median": [0.107706137002, 0.849058806896, 2.70007610321, 4.49300909042, 3.27915787697, 5.2223405838, 6.26244926453, 6.42986249924, 10.590092659, 7.82867145538, 6.64071559906, 3.35662698746, 1.95206570625, 1.29558539391, 1.43151879311, 0.901565909386, 0.632387638092, 0.821750879288, 0.937022566795, 1.91079378128, 2.24822258949, 4.68012857437, 5.45230722427, 5.73447465897, 5.40973234177, 4.22222232819, 0.900434732437, 0.217310935259, 0.192389965057, 0.278838574886, 0.254117846489, 0.49104487896, 0.362823218107, 0.105951085687, 0.045586399734, 0.0144566902891, 0.00336381606758, 0.000200534384931, 2.33197843045e-05, 2.94557194138e-05],
        "min": [1.10266967113e-06, 1.29407399072e-05, 6.52596572763e-05, 0.000445470184786, 0.000754809647333, 0.00115690927487, 0.000743980519474, 0.000409957225202, 0.00398946693167, 0.00155502464622, 0.000652559974696, 0.00017829342687, 0.000107941617898, 5.58082647331e-05, 5.39685206604e-05, 4.03757294407e-05, 5.07030854351e-05, 0.000100429708255, 0.000141954267747, 0.000368624227121, 0.000464495678898, 0.00302918418311, 0.00242176093161, 0.00138879287988, 0.000947404769249, 0.000346038024873, 0.00050747115165, 0.000251855119132, 0.000134488960612, 5.6513803429e-05, 1.06679663077e-05, 3.83200585929e-06, 2.17516958401e-06, 1.93430537365e-07, 7.20526642795e-08, 5.61560007384e-08, 3.19240740509e-08, 1.24122543355e-08, 4.42867387207e-09, 4.20709644899e-09],
        "var": [3.87973213196, 191.108795166, 629.054321289, 1060.61193848, 200.715621948, 113.849403381, 177.593490601, 244.894714355, 999.563537598, 7060.19091797, 5972.77587891, 3085.33496094, 1122.52001953, 884.567077637, 502.471435547, 559.680969238, 679.387512207, 535.480651855, 166.32421875, 434.024902344, 346.682250977, 2504.81762695, 1377.74060059, 534.205566406, 722.649047852, 356.869842529, 160.493377686, 233.823394775, 144.551498413, 132.77255249, 96.4196472168, 54.2817268372, 27.7155570984, 13.5726919174, 2.63345646858, 0.415008574724, 0.0822189673781, 0.00105788616929, 3.17928993354e-07, 8.13110467845e-09]
    },
    "gfcc": {
        "mean": [-49.9382896423, 111.980957031, -87.6279754639, 51.7998886108, -53.807926178, -0.626978754997, -42.7507743835, 27.1581993103, -21.9971580505, -4.66969299316, -3.9889125824, -8.28429889679, -10.8561820984],
        "cov": [[7428.23583984, -1217.76818848, -419.587310791, -18.6722164154, -400.053283691, 180.368545532, -93.1242904663, 394.594116211, -104.497932434, 379.746612549, -52.9502334595, 164.673431396, -275.20223999], [-1217.76818848, 1635.78051758, 305.652191162, -224.107009888, 165.543701172, -136.164627075, 333.302246094, -130.260528564, 159.668228149, -170.740264893, 215.413391113, -156.155731201, 104.802314758], [-419.587310791, 305.652191162, 1236.71936035, 259.547973633, 31.7104320526, 39.6003875732, 118.035964966, 24.1317520142, 40.1641159058, 60.1955223083, 93.2939376831, 146.136245728, 104.889732361], [-18.6722164154, -224.107009888, 259.547973633, 669.847290039, 299.708648682, -14.101193428, -146.849960327, -78.1986465454, 35.8309249878, 30.3028888702, 12.4748086929, 104.665534973, 102.880516052], [-400.053283691, 165.543701172, 31.7104320526, 299.708648682, 697.989440918, 104.920021057, -96.5416259766, -187.935943604, 143.150390625, 115.680717468, -31.0910587311, 10.7680578232, 98.7086105347], [180.368545532, -136.164627075, 39.6003875732, -14.101193428, 104.920021057, 402.877441406, 94.6627655029, -129.760238647, 36.8155632019, 89.3643569946, -59.161605835, 25.4702644348, 25.2534332275], [-93.1242904663, 333.302246094, 118.035964966, -146.849960327, -96.5416259766, 94.6627655029, 409.941375732, 64.6752319336, 37.6613998413, -49.8838844299, 74.0202178955, -8.39539337158, 0.121482789516], [394.594116211, -130.260528564, 24.1317520142, -78.1986465454, -187.935943604, -129.760238647, 64.6752319336, 378.364990234, -9.4096288681, -14.771528244, 113.559234619, 13.6840896606, -27.9038467407], [-104.497932434, 159.668228149, 40.1641159058, 35.8309249878, 143.150390625, 36.8155632019, 37.6613998413, -9.4096288681, 216.994613647, 70.3054885864, 23.160692215, -12.80240345, 62.645450592], [379.746612549, -170.740264893, 60.1955223083, 30.3028888702, 115.680717468, 89.3643569946, -49.8838844299, -14.771528244, 70.3054885864, 228.050628662, -20.2466506958, 50.0177497864, 9.70338535309], [-52.9502334595, 215.413391113, 93.2939376831, 12.4748086929, -31.0910587311, -59.161605835, 74.0202178955, 113.559234619, 23.160692215, -20.2466506958, 222.717269897, 20.1737232208, 26.3680706024], [164.673431396, -156.155731201, 146.136245728, 104.665534973, 10.7680578232, 25.4702644348, -8.39539337158, 13.6840896606, -12.80240345, 50.0177497864, 20.1737232208, 147.888641357, 29.4716377258], [-275.20223999, 104.802314758, 104.889732361, 102.880516052, 98.7086105347, 25.2534332275, 0.121482789516, -27.9038467407, 62.645450592, 9.70338535309, 26.3680706024, 29.4716377258, 133.853912354]],
        "icov": [[0.000199135160074, -6.6576169047e-05, 0.000124306272482, -0.000182533025509, 0.000173879016074, -0.000191856597667, 5.4199474107e-05, -0.000272281264188, 4.01457509724e-05, -0.00038677349221, 9.61991245276e-05, -0.000193276791833, 0.00038844946539], [-6.6576169047e-05, 0.00246446579695, -0.000869356037583, 0.00153426011093, -0.00114964880049, 0.00175506295636, -0.00155067595188, 0.00210595969111, -0.000822892528959, 0.00135562650394, -0.00218762061559, 0.00198100809939, -0.00132573535666], [0.000124306272482, -0.000869356037583, 0.00142707640771, -0.00101708120201, 0.000662921229377, -0.000619201164227, 9.26892316784e-05, -0.000779434631113, 0.000352374685463, -0.000986690167338, 0.000603022053838, -0.00135933316778, 0.00015220559726], [-0.000182533025509, 0.00153426011093, -0.00101708120201, 0.00364116951823, -0.00181893340778, 0.00135922641493, -0.000138115967275, 0.00149878335651, -0.000496590160765, 0.00181251228787, -0.00148196774535, -9.87569874269e-05, -0.00176599179395], [0.000173879016074, -0.00114964880049, 0.000662921229377, -0.00181893340778, 0.0031980862841, -0.0011330107227, 0.000861342996359, -0.00025621757959, -0.000585464644246, -0.0017630715156, 0.000871523516253, -0.000362980004866, 0.000247420946835], [-0.000191856597667, 0.00175506295636, -0.000619201164227, 0.00135922641493, -0.0011330107227, 0.00507404236123, -0.00252344086766, 0.00279710674658, -0.000276183534879, -0.000318375125062, -0.000844448106363, 0.00107753754128, -0.00178303313442], [5.4199474107e-05, -0.00155067595188, 9.26892316784e-05, -0.000138115967275, 0.000861342996359, -0.00252344086766, 0.00475008366629, -0.00183116388507, -0.000603150750976, 0.000706255610567, 0.000394628499635, -0.00148333108518, 0.00129387131892], [-0.000272281264188, 0.00210595969111, -0.000779434631113, 0.00149878335651, -0.00025621757959, 0.00279710674658, -0.00183116388507, 0.0060758786276, -0.00101344333962, 0.000798585591838, -0.00347013119608, 0.00142890017014, -0.00103499658871], [4.01457509724e-05, -0.000822892528959, 0.000352374685463, -0.000496590160765, -0.000585464644246, -0.000276183534879, -0.000603150750976, -0.00101344333962, 0.0074779111892, -0.00296013755724, 0.000381250603823, 0.00134419708047, -0.00255072698928], [-0.00038677349221, 0.00135562650394, -0.000986690167338, 0.00181251228787, -0.0017630715156, -0.000318375125062, 0.000706255610567, 0.000798585591838, -0.00296013755724, 0.00839973893017, -0.000907334673684, -0.0013289215276, 0.00029733433621], [9.61991245276e-05, -0.00218762061559, 0.000603022053838, -0.00148196774535, 0.000871523516253, -0.000844448106363, 0.000394628499635, -0.00347013119608, 0.000381250603823, -0.000907334673684, 0.00806238688529, -0.00233503803611, 0.000183226031368], [-0.000193276791833, 0.00198100809939, -0.00135933316778, -9.87569874269e-05, -0.000362980004866, 0.00107753754128, -0.00148333108518, 0.00142890017014, 0.00134419708047, -0.0013289215276, -0.00233503803611, 0.0116027314216, -0.00307117123157], [0.00038844946539, -0.00132573535666, 0.00015220559726, -0.00176599179395, 0.000247420946835, -0.00178303313442, 0.00129387131892, -0.00103499658871, -0.00255072698928, 0.00029733433621, 0.000183226031368, -0.00307117123157, 0.0122948866338]]
    },
    "melbands": {
        "dmean": [0.00431009475142, 0.0042063575238, 0.00177319371141, 0.000315650715493, 0.000245906121563, 0.000193594198208, 0.000320133927744, 0.000430771906395, 0.000252177705988, 0.000119505260955, 6.23928790446e-05, 4.82083087263e-05, 3.38671343343e-05, 2.13816292671e-05, 1.87080622709e-05, 1.89465463336e-05, 1.29395884869e-05, 8.06846674095e-06, 1.39638977998e-05, 1.06170127765e-05, 9.96207927528e-06, 1.85639692063e-05, 2.03376257559e-05, 1.03262582343e-05, 8.84854944161e-06, 9.35946536629e-06, 8.27440999274e-06, 5.76153115617e-06, 2.69533666142e-06, 2.58322734226e-06, 2.41641009779e-06, 1.77531478585e-06, 1.86880618003e-06, 1.70464795701e-06, 1.62054834618e-06, 1.47620551161e-06, 1.73588830421e-06, 1.43134661812e-06, 1.00636123079e-06, 1.01074613212e-06],
        "dmean2": [0.00587947620079, 0.00637595169246, 0.00318521005102, 0.000532752892468, 0.000398968200898, 0.000337365141604, 0.000540334323887, 0.000661913771182, 0.00038471253356, 0.000186427743756, 0.000101910402009, 7.54198990762e-05, 5.39055217814e-05, 3.5371784179e-05, 3.08132039208e-05, 3.10391151288e-05, 2.09809040825e-05, 1.33232724693e-05, 2.17854558286e-05, 1.72538620973e-05, 1.55525358423e-05, 2.82127712126e-05, 3.08897506329e-05, 1.62614960573e-05, 1.32977138492e-05, 1.37271117637e-05, 1.2465711734e-05, 8.73889348441e-06, 4.55729741589e-06, 4.30903492088e-06, 4.02216619477e-06, 2.93697189591e-06, 2.98246186503e-06, 2.73160890174e-06, 2.71054591394e-06, 2.37592030317e-06, 2.82184601019e-06, 2.32816000789e-06, 1.6714496951e-06, 1.71776059688e-06],
        "dvar": [0.000194554173504, 0.000180963790626, 4.46846497653e-05, 4.10636801007e-07, 2.09882614399e-07, 8.01799089345e-08, 3.15230749948e-07, 5.38048482213e-07, 2.83892575226e-07, 8.56182182929e-08, 2.45154261336e-08, 1.20841647799e-08, 7.10908487633e-09, 3.23538595914e-09, 3.27914895237e-09, 3.8932008728e-09, 1.57360113828e-09, 3.76545600256e-10, 9.33321309127e-10, 3.92406607208e-10, 3.23023385818e-10, 1.54488888349e-09, 1.90069160411e-09, 4.42831132874e-10, 1.94565252798e-10, 2.28691912629e-10, 1.72191011449e-10, 8.66919869225e-11, 7.73661620879e-11, 9.2231104698e-11, 9.19236423091e-11, 5.34056410206e-11, 4.65747510003e-11, 3.76975152483e-11, 3.73785724594e-11, 2.45959710932e-11, 2.62670440954e-11, 1.81729683385e-11, 1.26968201578e-11, 1.36840261344e-11],
        "dvar2": [0.000323981716065, 0.000429327308666, 0.000129349005874, 1.13419514491e-06, 5.74606701775e-07, 2.36330635062e-07, 8.4508423015e-07, 1.2635521216e-06, 6.26511393875e-07, 1.93366574308e-07, 5.46780825061e-08, 2.71315503397e-08, 1.70783991393e-08, 7.73921993158e-09, 7.5062214222e-09, 9.32008248355e-09, 3.83709108931e-09, 9.41204114646e-10, 2.19424811654e-09, 9.06916264309e-10, 6.906427652e-10, 3.26507443305e-09, 4.05153910421e-09, 1.05033437503e-09, 4.31628816022e-10, 4.20353557518e-10, 3.27672639022e-10, 1.96587440771e-10, 2.01778441178e-10, 2.27027591171e-10, 2.28803170854e-10, 1.33211414122e-10, 1.12652109863e-10, 9.04817679115e-11, 9.40324137999e-11, 6.17570716788e-11, 6.46187131581e-11, 4.53213196139e-11, 3.28581953313e-11, 3.59908075565e-11],
        "max": [0.117358066142, 0.119259655476, 0.060595549643, 0.00623789569363, 0.00538116274402, 0.0027817368973, 0.0056308042258, 0.0061387415044, 0.00595695944503, 0.00442012771964, 0.00314378924668, 0.00140326691326, 0.00110992568079, 0.000740833522286, 0.000804859329946, 0.000894735509064, 0.000674966839142, 0.000294321856927, 0.000416881754063, 0.000174686399987, 0.000285350310151, 0.000477014196804, 0.000749618222471, 0.000249401287874, 0.000191214101505, 0.000303148262901, 0.000161664982443, 7.5217547419e-05, 8.53955134517e-05, 0.000113648740808, 0.000108417938463, 0.000104845013993, 8.12042635516e-05, 7.46079240344e-05, 4.8374022299e-05, 5.70178526687e-05, 5.43165951967e-05, 4.18516247009e-05, 3.71431269741e-05, 3.93956906919e-05],
        "mean": [0.00669288542122, 0.00523617491126, 0.0019709544722, 0.000502007547766, 0.000396022747736, 0.000264097121544, 0.000390247645555, 0.00048991269432, 0.000287666363874, 0.000124511090689, 6.02947438892e-05, 4.90572456329e-05, 3.09655151796e-05, 1.87012519746e-05, 1.62640662893e-05, 1.66214795172e-05, 1.28692627186e-05, 7.37212121749e-06, 1.48475764945e-05, 1.117748252e-05, 1.17061581477e-05, 2.26838910748e-05, 2.47720145126e-05, 1.22830151668e-05, 1.11905765152e-05, 1.22878973343e-05, 1.12517391244e-05, 7.34331433705e-06, 2.37672975345e-06, 2.12774784814e-06, 1.91857475329e-06, 1.45387502926e-06, 1.66443203398e-06, 1.49768391111e-06, 1.3816450064e-06, 1.33891626319e-06, 1.67999337464e-06, 1.36465462219e-06, 8.23388461413e-07, 8.08162724297e-07],
        "median": [0.00120731687639, 0.00155341729987, 0.000838485779241, 0.000293136312393, 0.000256679515587, 0.000142744174809, 0.000167446327396, 7.64624855947e-05, 4.6669603762e-05, 1.78357859113e-05, 8.8881870397e-06, 4.73445470561e-06, 4.05676928494e-06, 3.03956858261e-06, 1.30845592139e-06, 1.34235449423e-06, 1.31746185161e-06, 7.71550958234e-07, 2.39225914811e-06, 2.03335480364e-06, 2.29154352382e-06, 3.96090899812e-06, 5.70037582293e-06, 3.23734957419e-06, 4.40287931269e-06, 3.94107473767e-06, 3.84592340197e-06, 2.39121663981e-06, 4.5868853249e-07, 1.46352050479e-07, 7.20336430504e-08, 6.80593288394e-08, 1.57472385354e-07, 1.30071541093e-07, 1.0046881016e-07, 1.93638072687e-07, 3.25410667301e-07, 2.91127264518e-07, 9.81735013283e-08, 8.05875046694e-08],
