{
"highlevel": {
    "danceability": {
        "all": {
            "danceable": 0.00965399947017,
            "not_danceable": 0.9903460145
        },
        "probability": 0.9903460145,
        "value": "not_danceable"
    },
    "gender": {
        "all": {
            "female": 0.621459543705,
            "male": 0.378540426493
        },
        "probability": 0.621459543705,
        "value": "female"
    },
    "genre_dortmund": {
        "all": {
            "alternative": 0.22166185081,
            "blues": 0.0605696588755,
            "electronic": 0.0306733064353,
            "folkcountry": 0.140611588955,
            "funksoulrnb": 0.00470696948469,
            "jazz": 0.00986441876739,
            "pop": 0.0319006666541,
            "raphiphop": 0.000770153652411,
            "rock": 0.499241381884
        },
        "probability": 0.499241381884,
        "value": "rock"
    },
    "genre_electronic": {
        "all": {
            "ambient": 0.820357203484,
            "dnb": 0.106775343418,
            "house": 0.0049954354763,
            "techno": 0.00488065509126,
            "trance": 0.0629913508892
        },
        "probability": 0.820357203484,
        "value": "ambient"
    },
    "genre_rosamerica": {
        "all": {
            "cla": 0.269595265388,
            "dan": 0.00956219248474,
            "hip": 0.00567878596485,
            "jaz": 0.000830265926197,
            "pop": 0.00115031783935,
            "rhy": 0.00111810048111,
            "roc": 0.711740016937,
            "spe": 0.000325012253597
        },
        "probability": 0.711740016937,
        "value": "roc"
    },
    "genre_tzanetakis": {
        "all": {
            "blu": 0.0626541376114,
            "cla": 0.0348133966327,
            "cou": 0.0783501937985,
            "dis": 0.104547761381,
            "hip": 0.15693578124,
            "jaz": 0.313987255096,
            "met": 0.044816005975,
            "pop": 0.0627349764109,
            "reg": 0.0627352520823,
            "roc": 0.0784252434969
        },
        "probability": 0.313987255096,
        "value": "jaz"
    },
    "ismir04_rhythm": {
        "all": {
            "ChaChaCha": 0.00288561359048,
            "Jive": 0.879596054554,
            "Quickstep": 0.000170095416252,
            "Rumba-American": 0.000219792986172,
            "Rumba-International": 0.000508832861669,
            "Rumba-Misc": 0.00014799858036,
            "Samba": 0.00104505452327,
            "Tango": 0.00117384083569,
            "VienneseWaltz": 0.111286342144,
            "Waltz": 0.00296638719738
        },
        "probability": 0.879596054554,
        "value": "Jive"
    },
    "mood_acoustic": {
        "all": {
            "acoustic": 1.58375621595e-06,
            "not_acoustic": 0.999998390675
        },
        "probability": 0.999998390675,
        "value": "not_acoustic"
    },
    "mood_aggressive": {
        "all": {
            "aggressive": 0.992237329483,
            "not_aggressive": 0.00776267936453
        },
        "probability": 0.992237329483,
        "value": "aggressive"
    },
    "mood_electronic": {
        "all": {
            "electronic": 0.0235755797476,
            "not_electronic": 0.976424396038
        },
        "probability": 0.976424396038,
        "value": "not_electronic"
    },
    "mood_happy": {
        "all": {
            "happy": 0.795613467693,
            "not_happy": 0.204386517406
        },
        "probability": 0.795613467693,
        "value": "happy"
    },
    "mood_party": {
        "all": {
            "not_party": 0.790715873241,
            "party": 0.209284111857
        },
        "probability": 0.790715873241,
        "value": "not_party"
    },
    "mood_relaxed": {
        "all": {
            "not_relaxed": 0.901031732559,
            "relaxed": 0.0989682972431
        },
        "probability": 0.901031732559,
        "value": "not_relaxed"
    },
    "mood_sad": {
        "all": {
            "not_sad": 0.967932641506,
            "sad": 0.0320673510432
        },
        "probability": 0.967932641506,
        "value": "not_sad"
    },
    "moods_mirex": {
        "all": {
            "Cluster1": 0.374731421471,
            "Cluster2": 0.0532397329807,
            "Cluster3": 0.0818684771657,
            "Cluster4": 0.019885705784,
            "Cluster5": 0.470274657011
        },
        "probability": 0.470274657011,
        "value": "Cluster5"
    },
    "timbre": {
        "all": {
            "bright": 0.949366033077,
            "dark": 0.0506339855492
        },
        "probability": 0.949366033077,
        "value": "bright"
    },
    "tonal_atonal": {
        "all": {
            "atonal": 0.164469480515,
            "tonal": 0.835530519485
        },
        "probability": 0.835530519485,
        "value": "tonal"
    },
    "voice_instrumental": {
        "all": {
            "instrumental": 0.92533749342,
            "voice": 0.074662476778
        },
        "probability": 0.92533749342,
        "value": "instrumental"
    }
},
"lowlevel": {
    "average_loudness": 0.986472547054,
    "barkbands_crest": {
        "dmean": 2.01532864571,
        "dmean2": 3.53309869766,
        "dvar": 6.05675840378,
        "dvar2": 17.0391731262,
        "max": 22.0060386658,
        "mean": 6.00961017609,
        "median": 5.23731327057,
        "min": 2.43910098076,
        "var": 7.04380941391
    },
    "barkbands_flatness_db": {
        "dmean": 0.013234147802,
        "dmean2": 0.0225549619645,
        "dvar": 0.000179698152351,
        "dvar2": 0.00049117062008,
        "max": 0.298438608646,
        "mean": 0.109905518591,
        "median": 0.105778247118,
        "min": 0.0708052292466,
        "var": 0.000596817757469
    },
    "barkbands_kurtosis": {
        "dmean": 0.606197118759,
        "dmean2": 1.05571782589,
        "dvar": 4.09232234955,
        "dvar2": 11.1264791489,
        "max": 44.3010559082,
        "mean": -0.623880147934,
        "median": -1.31825494766,
        "min": -1.71572053432,
        "var": 10.0582284927
    },
    "barkbands_skewness": {
        "dmean": 0.404467076063,
        "dmean2": 0.660139918327,
        "dvar": 0.195292755961,
        "dvar2": 0.493732869625,
        "max": 6.07427215576,
        "mean": 0.146607205272,
        "median": -0.014224181883,
        "min": -1.1707868576,
        "var": 0.606747210026
    },
    "barkbands_spread": {
        "dmean": 3.89089035988,
        "dmean2": 6.41839456558,
        "dvar": 13.8616256714,
        "dvar2": 37.3557739258,
        "max": 52.1459312439,
        "mean": 32.963306427,
        "median": 33.4988327026,
        "min": 3.38786673546,
        "var": 42.7309989929
    },
    "dissonance": {
        "dmean": 0.00502879498526,
        "dmean2": 0.00848492234945,
        "dvar": 2.64787086053e-05,
        "dvar2": 6.52075032122e-05,
        "max": 0.500000119209,
        "mean": 0.4897967875,
        "median": 0.49179109931,
        "min": 0.383679717779,
        "var": 9.99923140625e-05
    },
    "dynamic_complexity": 0.861318647861,
    "erbbands_crest": {
        "dmean": 1.82998585701,
        "dmean2": 3.08084106445,
        "dvar": 2.89364743233,
        "dvar2": 8.22315597534,
        "max": 20.8757743835,
        "mean": 7.87966585159,
        "median": 7.37300729752,
        "min": 4.08739948273,
        "var": 5.6256146431
    },
    "erbbands_flatness_db": {
        "dmean": 0.0132656404749,
        "dmean2": 0.0204617753625,
        "dvar": 0.000128133324324,
        "dvar2": 0.00031408155337,
        "max": 0.232714250684,
        "mean": 0.168588414788,
        "median": 0.169168025255,
        "min": 0.0990356355906,
        "var": 0.0003661114024
    },
    "erbbands_kurtosis": {
        "dmean": 0.852865099907,
        "dmean2": 1.41566836834,
        "dvar": 0.550044953823,
        "dvar2": 1.50150036812,
        "max": 5.99929714203,
        "mean": 0.881362080574,
        "median": 0.711544513702,
        "min": -1.41686713696,
        "var": 1.51405286789
    },
    "erbbands_skewness": {
        "dmean": 0.235737115145,
        "dmean2": 0.389412999153,
        "dvar": 0.036598239094,
        "dvar2": 0.0889979675412,
        "max": 1.97971558571,
        "mean": -0.994492173195,
        "median": -1.033400774,
        "min": -2.16262221336,
        "var": 0.234371393919
    },
    "erbbands_spread": {
        "dmean": 5.42572927475,
        "dmean2": 9.05122184753,
        "dvar": 22.1408653259,
        "dvar2": 61.700050354,
        "max": 75.7769317627,
        "mean": 28.3581943512,
        "median": 27.3832912445,
        "min": 11.5543889999,
        "var": 64.2061004639
    },
    "hfc": {
        "dmean": 5.59660148621,
        "dmean2": 9.30825710297,
        "dvar": 26.0848770142,
        "dvar2": 70.2834625244,
        "max": 69.5970916748,
        "mean": 32.0101127625,
        "median": 32.3373336792,
        "min": 0.151922896504,
        "var": 115.107803345
    },
    "melbands_crest": {
        "dmean": 2.95353221893,
        "dmean2": 4.92310857773,
        "dvar": 9.6203956604,
        "dvar2": 23.9453639984,
        "max": 24.504026413,
        "mean": 9.38293933868,
        "median": 8.40414810181,
        "min": 3.03267908096,
        "var": 15.5085058212
    },
    "melbands_flatness_db": {
        "dmean": 0.0181157886982,
        "dmean2": 0.0293410439044,
        "dvar": 0.000530595309101,
        "dvar2": 0.00127547373995,
        "max": 0.380104452372,
        "mean": 0.129000917077,
        "median": 0.118207111955,
        "min": 0.0783832296729,
        "var": 0.00167277699802
    },
    "melbands_kurtosis": {
        "dmean": 2.13655281067,
        "dmean2": 3.64549565315,
        "dvar": 26.2770862579,
        "dvar2": 68.5482940674,
        "max": 100.236671448,
        "mean": 1.67585730553,
        "median": -0.268804788589,
        "min": -1.64345633984,
        "var": 49.7693519592
    },
    "melbands_skewness": {
        "dmean": 0.525980591774,
        "dmean2": 0.861921429634,
        "dvar": 0.416006118059,
        "dvar2": 1.03679573536,
        "max": 8.29460906982,
        "mean": 1.24218130112,
        "median": 1.01315295696,
        "min": -0.210702762008,
        "var": 0.870477616787
    },
    "melbands_spread": {
        "dmean": 9.49492549896,
        "dmean2": 15.6242799759,
        "dvar": 91.984413147,
        "dvar2": 236.652496338,
        "max": 87.189201355,
        "mean": 54.3332443237,
        "median": 57.3939971924,
        "min": 2.21107769012,
        "var": 260.83013916
    },
    "pitch_salience": {
        "dmean": 0.0574636906385,
        "dmean2": 0.0954267308116,
        "dvar": 0.00316416472197,
        "dvar2": 0.00852752663195,
        "max": 0.781876564026,
        "mean": 0.627140641212,
        "median": 0.634078204632,
        "min": 0.294144243002,
        "var": 0.00507535086945
    },
    "silence_rate_20dB": {
        "dmean": 0,
        "dmean2": 0,
        "dvar": 0,
        "dvar2": 0,
        "max": 1,
        "mean": 1,
        "median": 1,
        "min": 1,
        "var": 0
    },
    "silence_rate_30dB": {
        "dmean": 0,
        "dmean2": 0,
        "dvar": 0,
        "dvar2": 0,
        "max": 1,
        "mean": 1,
        "median": 1,
        "min": 1,
        "var": 0
    },
    "silence_rate_60dB": {
        "dmean": 0.0030959751457,
        "dmean2": 0.00619674660265,
        "dvar": 0.00308638880961,
        "dvar2": 0.00615834770724,
        "max": 1,
        "mean": 0.00696055684239,
        "median": 0,
        "min": 0,
        "var": 0.00691210757941
    },
    "spectral_centroid": {
        "dmean": 170.252197266,
        "dmean2": 282.074737549,
        "dvar": 25210.9472656,
        "dvar2": 67391.9296875,
        "max": 2932.375,
        "mean": 2297.54321289,
        "median": 2385.97680664,
        "min": 292.27633667,
        "var": 179369.828125
    },
    "spectral_complexity": {
        "dmean": 3.34984517097,
        "dmean2": 5.57165002823,
        "dvar": 7.22906732559,
        "dvar2": 18.9853668213,
        "max": 50,
        "mean": 35.4377403259,
        "median": 37,
        "min": 1,
        "var": 52.9437179565
    },
    "spectral_decrease": {
        "dmean": 1.30561739198e-09,
        "dmean2": 2.23535878696e-09,
        "dvar": 3.55902854434e-18,
        "dvar2": 9.26408371654e-18,
        "max": -3.40102772334e-11,
        "mean": -5.0280983821e-09,
        "median": -4.75088901553e-09,
        "min": -1.62699205219e-08,
        "var": 3.59283500239e-18
    },
    "spectral_energy": {
        "dmean": 0.00522818090394,
        "dmean2": 0.00896142981946,
        "dvar": 5.11848265887e-05,
        "dvar2": 0.000133486842969,
        "max": 0.0645929500461,
        "mean": 0.0218805912882,
        "median": 0.0210332181305,
        "min": 0.000142142671393,
        "var": 5.74509249418e-05
    },
    "spectral_energyband_high": {
        "dmean": 0.000135963622597,
        "dmean2": 0.000219656139961,
        "dvar": 1.4788046343e-08,
        "dvar2": 3.72479398436e-08,
        "max": 0.00215579359792,
        "mean": 0.000641611521132,
        "median": 0.000633854535408,
        "min": 3.78490813091e-06,
        "var": 6.75537563666e-08
    },
    "spectral_energyband_low": {
        "dmean": 0.00316803040914,
        "dmean2": 0.00538615603,
        "dvar": 5.36293664481e-05,
        "dvar2": 0.000137066992465,
        "max": 0.0516861267388,
        "mean": 0.00362786999904,
        "median": 0.00182999845129,
        "min": 1.35644795591e-05,
        "var": 4.20298347308e-05
    },
    "spectral_energyband_middle_high": {
        "dmean": 0.00221525528468,
        "dmean2": 0.00365170207806,
        "dvar": 3.8740186028e-06,
        "dvar2": 1.07405248855e-05,
        "max": 0.0254347603768,
        "mean": 0.0109258685261,
        "median": 0.0110314246267,
        "min": 2.74669382634e-05,
        "var": 1.55042944243e-05
    },
    "spectral_energyband_middle_low": {
        "dmean": 0.00244532804936,
        "dmean2": 0.0042482605204,
        "dvar": 7.69012694946e-06,
        "dvar2": 2.22979142563e-05,
        "max": 0.028070975095,
        "mean": 0.00744862481952,
        "median": 0.00686596333981,
        "min": 9.40827303566e-05,
        "var": 9.74668182607e-06
    },
    "spectral_entropy": {
        "dmean": 0.0729253813624,
        "dmean2": 0.11416387558,
        "dvar": 0.0051657948643,
        "dvar2": 0.0120829446241,
        "max": 8.00045871735,
        "mean": 7.64888620377,
        "median": 7.67218923569,
        "min": 6.25785970688,
        "var": 0.0311414822936
    },
    "spectral_flux": {
        "dmean": 0.0175119414926,
        "dmean2": 0.0251778494567,
        "dvar": 0.000395592098357,
        "dvar2": 0.000719901756383,
        "max": 0.216271921992,
        "mean": 0.0828122273088,
        "median": 0.0763959512115,
        "min": 0.00823451112956,
        "var": 0.000877815531567
    },
    "spectral_kurtosis": {
        "dmean": 1.52158761024,
        "dmean2": 2.64390134811,
        "dvar": 1.85510373116,
        "dvar2": 5.73563814163,
        "max": 22.5582580566,
        "mean": 6.16938352585,
        "median": 5.97009849548,
        "min": 0.972170114517,
        "var": 2.78703641891
    },
    "spectral_rms": {
        "dmean": 0.000520055415109,
        "dmean2": 0.000876137404703,
        "dvar": 4.0023087422e-07,
        "dvar2": 1.01314265066e-06,
        "max": 0.00793835707009,
        "mean": 0.00455163326114,
        "median": 0.00452992413193,
        "min": 0.000372391950805,
        "var": 6.2959384195e-07
    },
    "spectral_rolloff": {
        "dmean": 272.047821045,
        "dmean2": 459.986236572,
        "dvar": 143418.875,
        "dvar2": 356929.75,
        "max": 3746.77734375,
        "mean": 2843.12670898,
        "median": 2993.11523438,
        "min": 107.666015625,
        "var": 403382.96875
    },
    "spectral_skewness": {
        "dmean": 0.183003082871,
        "dmean2": 0.308601886034,
        "dvar": 0.0243832152337,
        "dvar2": 0.0686945989728,
        "max": 3.60170125961,
        "mean": 1.42256593704,
        "median": 1.40646076202,
        "min": 0.461600571871,
        "var": 0.0701519027352
    },
    "spectral_spread": {
        "dmean": 242742.984375,
        "dmean2": 382274.46875,
        "dvar": 71607091200,
        "dvar2": 131462029312,
        "max": 9991479,
        "mean": 3067800.5,
        "median": 3009544.25,
        "min": 2168743,
        "var": 214357491712
    },
    "spectral_strongpeak": {
        "dmean": 1.37310230732,
        "dmean2": 2.45894837379,
        "dvar": 3.62656569481,
        "dvar2": 8.99055099487,
        "max": 11.4320793152,
        "mean": 1.74643754959,
        "median": 0.605989634991,
        "min": 0.042304597795,
        "var": 5.42273044586
    },
    "zerocrossingrate": {
        "dmean": 0.00753132253885,
        "dmean2": 0.0100769000128,
        "dvar": 5.12385668117e-05,
        "dvar2": 8.29619239084e-05,
        "max": 0.12060546875,
        "mean": 0.0890605375171,
        "median": 0.09228515625,
        "min": 0.00732421875,
        "var": 0.000310086237732
    },
    "barkbands": {
        "dmean": [4.08241612604e-05, 0.0021045692265, 0.00114374968689, 0.000966403866187, 0.00104216195177, 0.000579430838116, 0.00100652151741, 0.000145808240632, 0.000169849343365, 0.000185818178579, 0.000367459579138, 0.000172949032276, 0.000310404808261, 0.000309109629598, 0.000482043280499, 0.000831213430502, 0.000692882284056, 0.00079495285172, 0.00076308863936, 0.000156688765856, 9.24245759961e-05, 4.28967723565e-05, 1.0572460269e-05, 9.42606402532e-06, 1.0818028386e-05, 1.28291931105e-05, 2.39591302353e-09],
        "dmean2": [6.82106619934e-05, 0.00356678362004, 0.00212022801861, 0.00170498376247, 0.00179950217716, 0.000936996482778, 0.00171050208155, 0.000244122042204, 0.000267493276624, 0.000294495781418, 0.000622535066213, 0.000291722710244, 0.000511448830366, 0.00051039212849, 0.000795752683189, 0.00138544966467, 0.00116430327762, 0.0013040730264, 0.00125934684183, 0.000257749314187, 0.000154141074745, 7.20615717e-05, 1.68280457729e-05, 1.51252315845e-05, 1.66615827766e-05, 1.89863985725e-05, 4.5064840748e-09],
        "dvar": [7.47574357973e-09, 2.66781044047e-05, 8.25827919471e-06, 2.13647149394e-06, 2.2871956844e-06, 4.57324887293e-07, 1.26415454815e-06, 3.80269291611e-08, 5.10187661007e-08, 5.07544335449e-08, 1.34626716886e-07, 2.71093387738e-08, 1.53833909167e-07, 1.23856111145e-07, 2.90928710456e-07, 8.93565015758e-07, 6.02843158504e-07, 6.39936843072e-07, 6.7724982955e-07, 3.53510074547e-08, 7.85326559338e-09, 1.8440978744e-09, 1.58019486385e-10, 1.42313785756e-10, 1.48674933476e-10, 2.41593495209e-10, 5.87290889549e-17],
        "dvar2": [1.90770723663e-08, 6.91187160555e-05, 2.40294939431e-05, 6.16055649516e-06, 6.44188185106e-06, 1.15273712709e-06, 4.05160517403e-06, 1.05436143372e-07, 1.17868239613e-07, 1.08537868471e-07, 3.78818555191e-07, 7.44577093315e-08, 3.82338072313e-07, 3.40728377068e-07, 7.63934565384e-07, 2.39831297222e-06, 1.74176602741e-06, 1.56704834353e-06, 1.75870434305e-06, 8.52934221029e-08, 2.05961896427e-08, 4.69911398682e-09, 3.76567305116e-10, 3.8331310348e-10, 3.29052229908e-10, 4.83712681021e-10, 1.71329023369e-16],
        "max": [0.000597622361965, 0.0357403382659, 0.0206816438586, 0.0138904554769, 0.0192295331508, 0.00776196224615, 0.0118067441508, 0.00270077120513, 0.00268093310297, 0.00277509191073, 0.00375603814609, 0.00151561584789, 0.00528394337744, 0.0046549923718, 0.00609908718616, 0.0133727146313, 0.010098785162, 0.0112247979268, 0.0104425810277, 0.00319391582161, 0.00108280207496, 0.000581218802836, 0.00023964823049, 0.000258244486758, 0.000159389543114, 0.000161778720212, 1.23267980712e-07],
        "mean": [3.55676784238e-05, 0.00168590899557, 0.001163447625, 0.00157305551693, 0.00183314736933, 0.00127880135551, 0.0020685386844, 0.000274712219834, 0.000378490221919, 0.000392369111069, 0.000702497258317, 0.000347738387063, 0.000590500014368, 0.000576448219363, 0.000938022334594, 0.0017870409647, 0.00153313495684, 0.00198981259018, 0.00181333301589, 0.000376729702111, 0.000297148595564, 0.000124597601825, 3.31456212734e-05, 2.95938880299e-05, 2.98241029668e-05, 2.70040782198e-05, 1.58524737781e-09],
        "median": [7.64308697399e-06, 0.000361134822015, 0.000621875980869, 0.00109171867371, 0.00127918948419, 0.000843850837555, 0.00169100402854, 0.000207684948691, 0.000275759550277, 0.00026273317053, 0.000603249005508, 0.000301773601677, 0.000459200091427, 0.000476258515846, 0.000743312935811, 0.00148007040843, 0.00123807333875, 0.00169073033612, 0.0015656700125, 0.000305897963699, 0.000278972671367, 0.000112803827506, 2.68073345069e-05, 2.48873202509e-05, 2.4518916689e-05, 2.05460328289e-05, 3.66445013222e-10],
        "min": [1.28531141286e-08, 3.99253076466e-06, 1.71746216893e-06, 9.58335022005e-06, 4.19265452365e-05, 1.71645060618e-05, 4.94383948535e-06, 8.50776245898e-07, 4.21874574386e-07, 2.08040631833e-07, 4.82578172978e-07, 2.78092215922e-07, 8.60132047364e-07, 1.75459740603e-06, 1.82515384495e-06, 6.96114875609e-06, 1.02881324437e-06, 1.60697356932e-06, 9.12757343485e-07, 7.76748493081e-07, 6.12418432411e-07, 3.98989499217e-07, 2.7439048722e-07, 2.77923845715e-07, 3.16197571237e-07, 5.90715393267e-11, 5.7060016434e-12],
        "var": [6.38064268088e-09, 2.00820613827e-05, 4.8457018238e-06, 2.15350087274e-06, 3.61505613e-06, 1.54262954766e-06, 2.35826087192e-06, 5.76194949531e-08, 1.37146955126e-07, 1.64639132549e-07, 2.53665916716e-07, 4.78652992797e-08, 2.45495328954e-07, 1.92367807017e-07, 5.03865294377e-07, 1.71805618265e-06, 1.28807187139e-06, 1.71593137566e-06, 1.5283681023e-06, 8.42006926405e-08, 2.17774491773e-08, 4.90382046081e-09, 6.86037004982e-10, 4.4268336219e-10, 4.24088819617e-10, 5.39909839059e-10, 3.25110965142e-17]
    },
    "erbbands": {
        "dmean": [0.058730494231, 0.483202069998, 1.17561471462, 2.37368226051, 3.70725607872, 3.70025730133, 3.87361645699, 5.01370477676, 15.8993234634, 8.40174388885, 2.40675091743, 3.7514500618, 4.10233592987, 8.59258937836, 13.085603714, 6.64105129242, 14.8535900116, 14.3243894577, 12.6725349426, 43.688167572, 38.6795768738, 36.5359535217, 38.8848953247, 47.4470672607, 19.5446033478, 4.82604265213, 2.80791711807, 4.71914625168, 1.50880181789, 0.51537156105, 0.27339604497, 0.209369078279, 0.188056871295, 0.115671433508, 0.101175196469, 0.0608369633555, 0.0259021259844, 0.00276751141064, 4.70445265819e-05, 6.94085883879e-06],
        "dmean2": [0.102087020874, 0.826645195484, 2.16558527946, 4.27426481247, 6.55085706711, 6.36596870422, 6.45447063446, 8.10986709595, 27.4168434143, 13.1530303955, 3.99457263947, 5.96825170517, 6.30417585373, 13.6803064346, 22.686674118, 11.2653417587, 24.5856437683, 23.9733886719, 21.2299976349, 71.7089157104, 64.945640564, 61.2744598389, 63.1674575806, 79.0026931763, 32.4941482544, 8.06701564789, 4.69616317749, 7.85271072388, 2.52582669258, 0.827985644341, 0.437394052744, 0.342925608158, 0.300611704588, 0.182834669948, 0.15379114449, 0.0914424806833, 0.038580339402, 0.00435878522694, 7.21940450603e-05, 1.15175816973e-05],
        "dvar": [0.0208462644368, 1.47917115688, 9.4064874649, 18.6933841705, 35.4838981628, 26.2435760498, 22.5650100708, 34.101650238, 356.517364502, 99.8065567017, 13.2590885162, 28.5041122437, 25.8528633118, 72.4735031128, 172.246765137, 38.8588638306, 404.189819336, 320.531188965, 313.735992432, 3170.2644043, 1604.13696289, 2233.25146484, 1559.22351074, 2001.91503906, 479.433685303, 24.7979011536, 6.61451625824, 20.485376358, 1.9204441309, 0.320990771055, 0.0947177559137, 0.061993919313, 0.0651448741555, 0.0165310334414, 0.0141624249518, 0.00515343202278, 0.00100466457661, 1.54224162543e-05, 4.17280565657e-09, 6.64306387677e-11],
        "dvar2": [0.0544330663979, 3.87677764893, 27.049987793, 54.4256401062, 101.131126404, 72.1799621582, 61.7606277466, 84.1564102173, 1173.76525879, 237.25, 37.3411445618, 69.8407211304, 53.2762260437, 181.350326538, 492.769500732, 105.632865906, 994.58782959, 886.786132812, 798.33203125, 8837.30859375, 4192.9296875, 6627.88525391, 3757.62597656, 5195.52832031, 1250.65270996, 63.7792053223, 18.3878231049, 53.4848518372, 5.23930263519, 0.7930585742, 0.226741015911, 0.146067887545, 0.179618984461, 0.0419446751475, 0.0312765315175, 0.0110136969015, 0.0020863879472, 3.61773709301e-05, 9.6162251495e-09, 1.71779562796e-10],
        "max": [0.882251679897, 8.68427658081, 22.5074806213, 37.2149124146, 50.6389732361, 68.5707778931, 64.1831207275, 76.3521347046, 196.217681885, 152.962112427, 54.3548469543, 75.344329834, 60.4073905945, 124.626525879, 114.974327087, 64.6563262939, 280.03729248, 285.635101318, 284.229797363, 877.257385254, 422.014160156, 713.264038086, 596.501525879, 452.710876465, 358.100311279, 77.3480911255, 34.6040000916, 60.7438735962, 18.6087799072, 10.4347448349, 6.06800842285, 6.238489151, 5.82869195938, 2.47757482529, 1.69907450676, 0.722047269344, 0.405824333429, 0.0543421991169, 0.000904810905922, 7.92612554505e-05],
        "mean": [0.0449080988765, 0.398806065321, 1.16963970661, 3.59484052658, 5.69287014008, 6.64782810211, 7.22417259216, 11.9615707397, 28.4699611664, 19.5569648743, 5.61642599106, 8.26159954071, 9.53126335144, 20.8880062103, 24.6662425995, 15.0528926849, 28.7413330078, 27.6618175507, 27.6130428314, 91.9797286987, 87.7369308472, 86.943069458, 106.020111084, 124.079391479, 55.8614006042, 15.0834741592, 9.03852653503, 13.9243812561, 4.9520983696, 1.60347354412, 0.847042620182, 0.623787105083, 0.522836744785, 0.323116540909, 0.230043932796, 0.127097323537, 0.0495870858431, 0.00428402703255, 9.38588709687e-05, 3.26314620906e-05],
        "median": [0.00805669277906, 0.0955234616995, 0.580140888691, 2.76477885246, 4.62331628799, 4.3170542717, 4.99876880646, 8.41070175171, 20.7500858307, 15.6891288757, 4.68034267426, 6.28398180008, 6.06670665741, 18.0750389099, 21.1424636841, 13.5609531403, 22.1270942688, 21.6370658875, 23.796289444, 68.5312423706, 75.4365005493, 69.2041168213, 94.1149291992, 112.036270142, 51.175403595, 13.9696960449, 8.60900306702, 12.9268255234, 4.69938516617, 1.40972065926, 0.700920820236, 0.515316486359, 0.435766965151, 0.265566408634, 0.182850852609, 0.0998516976833, 0.0368374399841, 0.0028335924726, 6.99704687577e-05, 3.20161416312e-05],
        "min": [9.98827745207e-05, 0.000859983789269, 0.0059721423313, 0.0271550863981, 0.091899625957, 0.0918397605419, 0.0480721890926, 0.187618687749, 0.091513633728, 0.0480649508536, 0.0143188983202, 0.0131007777527, 0.00693112239242, 0.0100421691313, 0.020654765889, 0.00859668664634, 0.0348023585975, 0.0760546475649, 0.0816230848432, 0.28103980422, 0.252187281847, 0.109906636178, 0.0942787006497, 0.050570204854, 0.0465480424464, 0.0427870340645, 0.0355963557959, 0.0194484125823, 0.0173797830939, 0.0111188981682, 0.00543949939311, 0.00558137334883, 0.00708207627758, 0.00612679915503, 0.000755639513955, 7.70985643612e-05, 7.0448745646e-06, 6.25305517588e-07, 3.11708220124e-07, 2.0718132987e-07],
        "var": [0.0152591280639, 1.08443498611, 5.56451749802, 13.0620193481, 28.1974964142, 65.9437942505, 49.7313156128, 121.267326355, 594.953552246, 245.346450806, 19.6838436127, 66.6932907104, 89.1677703857, 198.367279053, 285.060333252, 68.7097930908, 627.338500977, 485.359344482, 387.973419189, 5689.65625, 3302.22998047, 4833.90917969, 4497.93505859, 4930.84667969, 995.291442871, 60.600276947, 17.0683002472, 56.1611938477, 5.24497652054, 1.0523827076, 0.383472681046, 0.202987283468, 0.160453692079, 0.0510951280594, 0.0317064784467, 0.011040110141, 0.00206710165367, 2.29946163017e-05, 6.87514001285e-09, 1.07551759165e-10]
    },
    "gfcc": {
        "mean": [33.9900588989, 77.3001022339, -148.137069702, 40.4831771851, -43.5685539246, -5.60981321335, -49.3572158813, 11.8089141846, -34.1949195862, 5.27905654907, -19.6895446777, 8.27046012878, -15.1658477783],
        "cov": [[1055.18286133, -348.455993652, -214.607635498, -65.6445617676, 8.21883964539, -45.3272018433, 83.5330352783, 116.495231628, -71.9879989624, 14.0478906631, -95.9207229614, 74.1367263794, -85.0753936768], [-348.455993652, 305.386749268, 97.5346832275, 80.8702697754, 45.5653076172, 39.6138648987, 28.2320957184, -36.9378814697, 60.1656227112, -23.7374229431, 51.9504165649, -44.2221832275, 48.83436203], [-214.607635498, 97.5346832275, 290.227813721, 51.8571434021, 67.3239746094, 76.4019317627, -23.5534744263, 1.86798167229, 13.6156148911, 32.5886993408, 20.3272781372, 2.66902065277, 15.5429372787], [-65.6445617676, 80.8702697754, 51.8571434021, 96.2684402466, 39.5596504211, 36.5024642944, 24.7259559631, 0.939770102501, 29.1433906555, -2.98468255997, 23.0001850128, -8.9532251358, 17.4056224823], [8.21883964539, 45.5653076172, 67.3239746094, 39.5596504211, 97.4578475952, 41.9543876648, 39.6832542419, 25.5639781952, 17.2076244354, 17.0673465729, 3.26523756981, 15.8654899597, 4.39155673981], [-45.3272018433, 39.6138648987, 76.4019317627, 36.5024642944, 41.9543876648, 77.1439971924, 26.8190364838, 15.2655162811, 13.9114398956, 7.45319700241, 12.196018219, -4.00380706787, 7.27500295639], [83.5330352783, 28.2320957184, -23.5534744263, 24.7259559631, 39.6832542419, 26.8190364838, 82.4668731689, 40.8126525879, 18.5337562561, -1.75965750217, -2.42208600044, 7.31009197235, -0.367524087429], [116.495231628, -36.9378814697, 1.86798167229, 0.939770102501, 25.5639781952, 15.2655162811, 40.8126525879, 67.1411056519, 15.7558317184, 14.5548038483, -9.96228027344, 15.7689886093, -3.14377379417], [-71.9879989624, 60.1656227112, 13.6156148911, 29.1433906555, 17.2076244354, 13.9114398956, 18.5337562561, 15.7558317184, 57.5468864441, 14.5926542282, 18.6706562042, -9.44229316711, 11.6764907837], [14.0478906631, -23.7374229431, 32.5886993408, -2.98468255997, 17.0673465729, 7.45319700241, -1.75965750217, 14.5548038483, 14.5926542282, 54.3062705994, 18.2712917328, 20.5140705109, -3.83623719215], [-95.9207229614, 51.9504165649, 20.3272781372, 23.0001850128, 3.26523756981, 12.196018219, -2.42208600044, -9.96228027344, 18.6706562042, 18.2712917328, 52.9771499634, 9.98528671265, 14.4803314209], [74.1367263794, -44.2221832275, 2.66902065277, -8.9532251358, 15.8654899597, -4.00380706787, 7.31009197235, 15.7689886093, -9.44229316711, 20.5140705109, 9.98528671265, 50.2326965332, 7.63819551468], [-85.0753936768, 48.83436203, 15.5429372787, 17.4056224823, 4.39155673981, 7.27500295639, -0.367524087429, -3.14377379417, 11.6764907837, -3.83623719215, 14.4803314209, 7.63819551468, 42.7407951355]],
        "icov": [[0.00271461508237, 0.00078738090815, 0.00166278891265, -0.00175762118306, 7.59187532822e-05, -6.57050259179e-05, -0.00076397479279, -0.00288145849481, 0.00223887781613, -0.000939244404435, 0.00291249528527, -0.00299748661928, 0.00325274304487], [0.00078738090815, 0.0163626894355, -0.00616579782218, 0.00240843230858, -0.00676713045686, 0.00762867927551, -0.0131680527702, 0.0105545176193, -0.00762093625963, 0.00884325336665, -0.0133674386889, 0.0146366590634, -0.0110180806369], [0.00166278891265, -0.00616579782218, 0.0107535766438, -0.00417067902163, -0.000781310489401, -0.00914497952908, 0.0113943116739, -0.00761935254559, 0.00563238468021, -0.00692220870405, 0.00825012568384, -0.00756849348545, 0.00571432383731], [-0.00175762118306, 0.00240843230858, -0.00417067902163, 0.0207868609577, -0.00636547850445, -0.000322717707604, -0.00566235929728, 0.00647170329466, -0.00780870160088, 0.00751834502444, -0.0110099259764, 0.00812930334359, -0.00697710504755], [7.59187532822e-05, -0.00676713045686, -0.000781310489401, -0.00636547850445, 0.0242490060627, -0.00722143100575, -0.00268020201474, -0.00267894938588, 0.000664669380058, -0.00725715886801, 0.0125396028161, -0.0146047351882, 0.00680565927178], [-6.57050259179e-05, 0.00762867927551, -0.00914497952908, -0.000322717707604, -0.00722143100575, 0.0297751557082, -0.0143093513325, 0.00238895672373, 0.000611628463957, 0.00356392026879, -0.0127775836736, 0.015640091151, -0.00797674432397], [-0.00076397479279, -0.0131680527702, 0.0113943116739, -0.00566235929728, -0.00268020201474, -0.0143093513325, 0.0398411825299, -0.021084016189, 0.00233455467969, -0.000528032542206, 0.00982859358191, -0.0146451042965, 0.0117920050398], [-0.00288145849481, 0.0105545176193, -0.00761935254559, 0.00647170329466, -0.00267894938588, 0.00238895672373, -0.021084016189, 0.0411990992725, -0.0177589636296, 0.00218569836579, -0.00152851012535, 0.00387836620212, -0.0100692445412], [0.00223887781613, -0.00762093625963, 0.00563238468021, -0.00780870160088, 0.000664669380058, 0.000611628463957, 0.00233455467969, -0.0177589636296, 0.0405640304089, -0.0171857066453, -0.000260605127551, 0.00824274960905, -0.00117200077511], [-0.000939244404435, 0.00884325336665, -0.00692220870405, 0.00751834502444, -0.00725715886801, 0.00356392026879, -0.000528032542206, 0.00218569836579, -0.0171857066453, 0.0410689227283, -0.0192731544375, -0.00383804482408, 0.0033739421051], [0.00291249528527, -0.0133674386889, 0.00825012568384, -0.0110099259764, 0.0125396028161, -0.0127775836736, 0.00982859358191, -0.00152851012535, -0.000260605127551, -0.0192731544375, 0.0506055951118, -0.0280985459685, 0.00963046960533], [-0.00299748661928, 0.0146366590634, -0.00756849348545, 0.00812930334359, -0.0146047351882, 0.015640091151, -0.0146451042965, 0.00387836620212, 0.00824274960905, -0.00383804482408, -0.0280985459685, 0.0587747767568, -0.0278306510299], [0.00325274304487, -0.0110180806369, 0.00571432383731, -0.00697710504755, 0.00680565927178, -0.00797674432397, 0.0117920050398, -0.0100692445412, -0.00117200077511, 0.0033739421051, 0.00963046960533, -0.0278306510299, 0.0455767437816]]
    },
    "melbands": {
        "dmean": [0.000567211245652, 0.000597824866418, 0.000449768354883, 0.000265482172836, 0.000130850268761, 0.00011382754019, 0.00022516080935, 7.59048634791e-05, 1.93241503439e-05, 2.36052746914e-05, 2.18813675019e-05, 3.42704261129e-05, 5.26847288711e-05, 2.01235361601e-05, 2.93652574328e-05, 2.99534331134e-05, 2.74765770882e-05, 2.26713909797e-05, 3.8758804294e-05, 6.71535308356e-05, 4.56369416497e-05, 4.00323151553e-05, 4.04994862038e-05, 4.34388384747e-05, 4.36323389295e-05, 2.68756193691e-05, 1.03554884845e-05, 2.53536518358e-06, 2.11050792132e-06, 2.45860292125e-06, 2.94972278425e-06, 1.15839520731e-06, 4.83686392272e-07, 2.77266821058e-07, 1.78408456009e-07, 1.7153777776e-07, 1.34702929699e-07, 1.45870387769e-07, 1.22946801184e-07, 1.10660650421e-07],
        "dmean2": [0.000970330554992, 0.00105892785359, 0.00080623337999, 0.000461162242573, 0.000218705434236, 0.000184310702025, 0.000387840584153, 0.000117740317364, 3.19453974953e-05, 3.75306808564e-05, 3.34319629474e-05, 5.41262161278e-05, 9.10321468837e-05, 3.41837840097e-05, 4.89617486892e-05, 4.97402361361e-05, 4.59696857433e-05, 3.80107594538e-05, 6.48316199658e-05, 0.000110404733277, 7.70057522459e-05, 6.8038207246e-05, 6.69953515171e-05, 7.19078452676e-05, 7.30875108275e-05, 4.49368417321e-05, 1.69885388459e-05, 4.36096979683e-06, 3.54431426786e-06, 4.07025027016e-06, 4.96998518429e-06, 1.96082373805e-06, 8.09363257304e-07, 4.46563035439e-07, 2.89050007041e-07, 2.8204794944e-07, 2.2637935615e-07, 2.37382607793e-07, 1.95654592972e-07, 1.80508436642e-07],
        "dvar": [1.92492598217e-06, 2.38696770793e-06, 5.32206627213e-07, 1.48427403701e-07, 2.38322606094e-08, 1.61483466599e-08, 7.0285167908e-08, 8.62481819297e-09, 8.73285277425e-10, 1.04335284856e-09, 7.4656564264e-10, 1.23683185915e-09, 2.99730307241e-09, 4.20993434558e-10, 1.0914388282e-09, 1.16130860484e-09, 1.16020959506e-09, 9.04997021767e-10, 2.3208381883e-09, 7.42811989696e-09, 2.38587238854e-09, 2.97611646438e-09, 1.76077696867e-09, 2.03862393633e-09, 1.71683489647e-09, 1.08454212278e-09, 1.5024492761e-10, 6.16712930723e-12, 4.0506860019e-12, 6.01480974402e-12, 8.01137801931e-12, 1.19077003032e-12, 2.32716759275e-13, 1.13970749613e-13, 4.40690540971e-14, 4.05709299977e-14, 2.69365692945e-14, 4.03927447588e-14, 1.98550469008e-14, 1.45775166433e-14],
        "dvar2": [4.97840574099e-06, 6.57002783555e-06, 1.54294377808e-06, 4.16309035245e-07, 6.52126246337e-08, 4.00237567533e-08, 2.31339541301e-07, 2.06008845538e-08, 2.41232367415e-09, 2.5328230624e-09, 1.52237222828e-09, 2.98562885526e-09, 8.55209592032e-09, 1.14566334197e-09, 2.73994515965e-09, 3.01407609982e-09, 3.16333004236e-09, 2.32863639482e-09, 6.36505026463e-09, 1.95997262864e-08, 6.39016750625e-09, 8.87499052027e-09, 4.37323777192e-09, 5.04768582488e-09, 4.43004699591e-09, 2.76157829937e-09, 3.55039053712e-10, 1.73464801551e-11, 1.1571814687e-11, 1.56272893931e-11, 2.07358956394e-11, 3.21013614996e-12, 6.15612975093e-13, 2.68278780267e-13, 1.08800995828e-13, 9.49382581014e-14, 7.06970018551e-14, 1.11030074837e-13, 4.89265745973e-14, 3.89853690237e-14],
        "max": [0.00898947194219, 0.0114389546216, 0.00561114633456, 0.00395438820124, 0.00188405520748, 0.00158829498105, 0.00278575415723, 0.00137019436806, 0.000459809176391, 0.000409889995353, 0.000303852109937, 0.000497537781484, 0.00050410424592, 0.000184091957635, 0.000435394758824, 0.000397179886932, 0.000508440600242, 0.000407222862123, 0.000618476304226, 0.00133462843951, 0.000531850964762, 0.000811425969005, 0.000487524957862, 0.000530301593244, 0.000426606362453, 0.000409586122259, 0.000177972455276, 2.74866051768e-05, 3.15699289786e-05, 2.87500606646e-05, 2.95801091852e-05, 1.30535581775e-05, 4.98968984175e-06, 6.35668266113e-06, 3.81832978746e-06, 3.74882051801e-06, 3.58245915777e-06, 4.39085715698e-06, 2.92357390208e-06, 2.05068386094e-06],
        "mean": [0.000446326826932, 0.000592081865761, 0.000699521740898, 0.000455428817077, 0.000262529909378, 0.000278511754004, 0.000418844603701, 0.000171886349563, 4.19846073783e-05, 5.11446814926e-05, 4.79530863231e-05, 8.17950349301e-05, 9.61618861766e-05, 3.84049235436e-05, 5.62002023798e-05, 5.78361723456e-05, 5.02352668263e-05, 4.01952202083e-05, 7.76465749368e-05, 0.000139399577165, 9.22312392504e-05, 8.31347570056e-05, 9.2829541245e-05, 0.00010210252367, 0.000103772537841, 5.93055738136e-05, 2.32416259678e-05, 6.33591480437e-06, 5.29320868736e-06, 6.68673555992e-06, 8.3145851022e-06, 3.17438752973e-06, 1.17740148653e-06, 7.40595453408e-07, 4.6903232942e-07, 4.61318848011e-07, 3.32899531941e-07, 3.72724656472e-07, 2.94680376101e-07, 2.67304585577e-07],
        "median": [9.15298005566e-05, 0.000250602606684, 0.00053776463028, 0.000328267429722, 0.000189136961126, 0.000202943221666, 0.000320822466165, 0.00013384273916, 3.30515103997e-05, 3.81067620765e-05, 2.82462187897e-05, 6.77810967318e-05, 8.12627840787e-05, 3.22073756251e-05, 4.54794098914e-05, 4.7985555284e-05, 3.83700462407e-05, 3.20223625749e-05, 5.93146432948e-05, 0.000107797663077, 7.52885534894e-05, 6.04106062383e-05, 7.74398504291e-05, 8.58670973685e-05, 9.15893106139e-05, 4.76184068248e-05, 1.90178125195e-05, 5.80313280807e-06, 4.86341741635e-06, 6.08166146776e-06, 7.65206004871e-06, 2.90571892947e-06, 1.07275343453e-06, 6.00731425493e-07, 3.79151117613e-07, 3.83132373827e-07, 2.67780734475e-07, 3.09788418917e-07, 2.30969689596e-07, 2.25126527198e-07],
        "min": [9.58435634857e-07, 1.9186722966e-06, 6.40071220914e-06, 1.11971212391e-05, 1.72312479663e-06, 3.91799267163e-06, 1.25170151932e-06, 4.27620562959e-07, 8.01525246175e-08, 8.38804510295e-08, 3.0913753335e-08, 3.72364681311e-08, 8.21437069476e-08, 2.85205850048e-08, 2.70212670017e-08, 9.7275751898e-08, 1.57072804541e-07, 1.37711211323e-07, 1.69556940932e-07, 6.24454173703e-07, 1.84891661092e-07, 5.59582105097e-08, 7.36789615985e-08, 8.6871203564e-08, 3.52006566118e-08, 4.06302440581e-08, 2.09892530023e-08, 2.98022673206e-08, 2.97265945193e-08, 8.35025204537e-09, 1.20827978733e-08, 1.01027763932e-08, 6.26002449877e-09, 6.57490728528e-09, 3.34373440047e-09, 1.96266758401e-09, 3.88959087161e-09, 2.90126811464e-09, 7.0144543507e-09, 3.59969098973e-09],
