{
"highlevel": {
    "danceability": {
        "all": {
            "danceable": 0.844088256359,
            "not_danceable": 0.15591172874
        },
        "probability": 0.844088256359,
        "value": "danceable"
    },
    "gender": {
        "all": {
            "female": 0.947241425514,
            "male": 0.0527586005628
        },
        "probability": 0.947241425514,
        "value": "female"
    },
    "genre_dortmund": {
        "all": {
            "alternative": 0.188285917044,
            "blues": 0.0835881456733,
            "electronic": 0.138171195984,
            "folkcountry": 0.110773466527,
            "funksoulrnb": 0.0369132645428,
            "jazz": 0.21544547379,
            "pop": 0.0480426102877,
            "raphiphop": 0.0380797050893,
            "rock": 0.140700221062
        },
        "probability": 0.21544547379,
        "value": "jazz"
    },
    "genre_electronic": {
        "all": {
            "ambient": 0.338109314442,
            "dnb": 0.0684756189585,
            "house": 0.173710376024,
            "techno": 0.0383406691253,
            "trance": 0.381364017725
        },
        "probability": 0.381364017725,
        "value": "trance"
    },
    "genre_rosamerica": {
        "all": {
            "cla": 0.0132070155814,
            "dan": 0.228640928864,
            "hip": 0.116388745606,
            "jaz": 0.0257904678583,
            "pop": 0.0731540843844,
            "rhy": 0.0288795474917,
            "roc": 0.504358947277,
            "spe": 0.00958028994501
        },
        "probability": 0.504358947277,
        "value": "roc"
    },
    "genre_tzanetakis": {
        "all": {
            "blu": 0.0626541376114,
            "cla": 0.0348133966327,
            "cou": 0.0783501937985,
            "dis": 0.104547761381,
            "hip": 0.15693578124,
            "jaz": 0.313987255096,
            "met": 0.044816005975,
            "pop": 0.0627349764109,
            "reg": 0.0627352520823,
            "roc": 0.0784252434969
        },
        "probability": 0.313987255096,
        "value": "jaz"
    },
    "ismir04_rhythm": {
        "all": {
            "ChaChaCha": 0.292994081974,
            "Jive": 0.0497952587903,
            "Quickstep": 0.0725083127618,
            "Rumba-American": 0.0132354674861,
            "Rumba-International": 0.0178254842758,
            "Rumba-Misc": 0.00679354602471,
            "Samba": 0.511765182018,
            "Tango": 0.0248324275017,
            "VienneseWaltz": 0.00615043565631,
            "Waltz": 0.00409980257973
        },
        "probability": 0.511765182018,
        "value": "Samba"
    },
    "mood_acoustic": {
        "all": {
            "acoustic": 0.0449860841036,
            "not_acoustic": 0.955013930798
        },
        "probability": 0.955013930798,
        "value": "not_acoustic"
    },
    "mood_aggressive": {
        "all": {
            "aggressive": 0.446906775236,
            "not_aggressive": 0.553093254566
        },
        "probability": 0.553093254566,
        "value": "not_aggressive"
    },
    "mood_electronic": {
        "all": {
            "electronic": 0.891186892986,
            "not_electronic": 0.108813129365
        },
        "probability": 0.891186892986,
        "value": "electronic"
    },
    "mood_happy": {
        "all": {
            "happy": 0.206858411431,
            "not_happy": 0.79314160347
        },
        "probability": 0.79314160347,
        "value": "not_happy"
    },
    "mood_party": {
        "all": {
            "not_party": 0.5,
            "party": 0.5
        },
        "probability": 0.5,
        "value": "not_party"
    },
    "mood_relaxed": {
        "all": {
            "not_relaxed": 0.376884520054,
            "relaxed": 0.623115479946
        },
        "probability": 0.623115479946,
        "value": "relaxed"
    },
    "mood_sad": {
        "all": {
            "not_sad": 0.796689152718,
            "sad": 0.203310832381
        },
        "probability": 0.796689152718,
        "value": "not_sad"
    },
    "moods_mirex": {
        "all": {
            "Cluster1": 0.509089589119,
            "Cluster2": 0.0776737257838,
            "Cluster3": 0.11267028749,
            "Cluster4": 0.0795762389898,
            "Cluster5": 0.220990136266
        },
        "probability": 0.509089589119,
        "value": "Cluster1"
    },
    "timbre": {
        "all": {
            "bright": 0.593033254147,
            "dark": 0.406966745853
        },
        "probability": 0.593033254147,
        "value": "bright"
    },
    "tonal_atonal": {
        "all": {
            "atonal": 0.0251230094582,
            "tonal": 0.974876999855
        },
        "probability": 0.974876999855,
        "value": "tonal"
    },
    "voice_instrumental": {
        "all": {
            "instrumental": 0.990859925747,
            "voice": 0.00914005097002
        },
        "probability": 0.990859925747,
        "value": "instrumental"
    }
},
"lowlevel": {
    "average_loudness": 0.985697329044,
    "barkbands_crest": {
        "dmean": 3.29572939873,
        "dmean2": 5.51610422134,
        "dvar": 8.24501514435,
        "dvar2": 21.9443588257,
        "max": 22.1563796997,
        "mean": 10.7558965683,
        "median": 10.5698032379,
        "min": 3.09113931656,
        "var": 15.0239038467
    },
    "barkbands_flatness_db": {
        "dmean": 0.0310999844223,
        "dmean2": 0.0532890409231,
        "dvar": 0.000960613077041,
        "dvar2": 0.00260001886636,
        "max": 0.355832368135,
        "mean": 0.172403559089,
        "median": 0.15464964509,
        "min": 0.0552698113024,
        "var": 0.00380679452792
    },
    "barkbands_kurtosis": {
        "dmean": 5.58168792725,
        "dmean2": 9.37567615509,
        "dvar": 76.9927825928,
        "dvar2": 194.416870117,
        "max": 75.8586502075,
        "mean": 5.49893379211,
        "median": 1.96616125107,
        "min": -1.56286907196,
        "var": 86.3118209839
    },
    "barkbands_skewness": {
        "dmean": 0.890975832939,
        "dmean2": 1.4117628336,
        "dvar": 1.03337395191,
        "dvar2": 2.45983147621,
        "max": 7.40306377411,
        "mean": 1.81535828114,
        "median": 1.51533186436,
        "min": -0.428553402424,
        "var": 1.6730158329
    },
    "barkbands_spread": {
        "dmean": 5.82744693756,
        "dmean2": 9.25601100922,
        "dvar": 42.7479248047,
        "dvar2": 101.483810425,
        "max": 62.9451522827,
        "mean": 19.266122818,
        "median": 18.9349422455,
        "min": 1.24681866169,
        "var": 147.583404541
    },
    "dissonance": {
        "dmean": 0.0200738478452,
        "dmean2": 0.0335994511843,
        "dvar": 0.000499105837662,
        "dvar2": 0.00132674828637,
        "max": 0.499949753284,
        "mean": 0.462705910206,
        "median": 0.47376948595,
        "min": 0.305517524481,
        "var": 0.00113666651305
    },
    "dynamic_complexity": 1.36359596252,
    "erbbands_crest": {
        "dmean": 2.35288906097,
        "dmean2": 3.78789067268,
        "dvar": 5.07525205612,
        "dvar2": 12.2557592392,
        "max": 25.877576828,
        "mean": 8.2563419342,
        "median": 7.16832828522,
        "min": 2.84650111198,
        "var": 14.6343021393
    },
    "erbbands_flatness_db": {
        "dmean": 0.01964424178,
        "dmean2": 0.0254690963775,
        "dvar": 0.00033034873195,
        "dvar2": 0.000550797674805,
        "max": 0.296806037426,
        "mean": 0.163886666298,
        "median": 0.156406804919,
        "min": 0.0747022330761,
        "var": 0.00190111785196
    },
    "erbbands_kurtosis": {
        "dmean": 0.645962238312,
        "dmean2": 0.990484774113,
        "dvar": 0.551556348801,
        "dvar2": 1.20659935474,
        "max": 9.33024978638,
        "mean": 0.146661922336,
        "median": -0.306965112686,
        "min": -1.60102593899,
        "var": 2.22943258286
    },
    "erbbands_skewness": {
        "dmean": 0.293399363756,
        "dmean2": 0.453400850296,
        "dvar": 0.067546248436,
        "dvar2": 0.16230456531,
        "max": 2.29428482056,
        "mean": 0.17446769774,
        "median": 0.118789032102,
        "min": -1.19321525097,
        "var": 0.343885064125
    },
    "erbbands_spread": {
        "dmean": 9.1191778183,
        "dmean2": 13.3584051132,
        "dvar": 102.734642029,
        "dvar2": 229.15397644,
        "max": 112.292182922,
        "mean": 36.1290588379,
        "median": 34.209690094,
        "min": 6.29094457626,
        "var": 278.558959961
    },
    "hfc": {
        "dmean": 4.54591035843,
        "dmean2": 7.08519220352,
        "dvar": 27.1227378845,
        "dvar2": 59.1982421875,
        "max": 50.1417236328,
        "mean": 18.5559978485,
        "median": 18.5848560333,
        "min": 1.01343882084,
        "var": 103.250595093
    },
    "melbands_crest": {
        "dmean": 4.23128795624,
        "dmean2": 6.92208385468,
        "dvar": 15.3126726151,
        "dvar2": 37.5539207458,
        "max": 31.6596622467,
        "mean": 16.4315090179,
        "median": 16.3671760559,
        "min": 3.23762202263,
        "var": 28.5139732361
    },
    "melbands_flatness_db": {
        "dmean": 0.0398724265397,
        "dmean2": 0.0654940009117,
        "dvar": 0.0015668499982,
        "dvar2": 0.00391656858847,
        "max": 0.482550024986,
        "mean": 0.238553196192,
        "median": 0.21802328527,
        "min": 0.0644638463855,
        "var": 0.00824786163867
    },
    "melbands_kurtosis": {
        "dmean": 14.9035339355,
        "dmean2": 25.2778778076,
        "dvar": 624.371398926,
        "dvar2": 1624.00866699,
        "max": 183.658203125,
        "mean": 16.8631839752,
        "median": 8.76671791077,
        "min": -0.917259693146,
        "var": 572.676513672
    },
    "melbands_skewness": {
        "dmean": 1.28015840054,
        "dmean2": 2.04034566879,
        "dvar": 2.42535376549,
        "dvar2": 5.79327583313,
        "max": 11.7533512115,
        "mean": 3.04985237122,
        "median": 2.69707679749,
        "min": 0.000797564222012,
        "var": 3.5404586792
    },
    "melbands_spread": {
        "dmean": 7.06862831116,
        "dmean2": 11.1950035095,
        "dvar": 67.8819961548,
        "dvar2": 147.869476318,
        "max": 64.3062591553,
        "mean": 18.6377468109,
        "median": 15.3310508728,
        "min": 1.0755841732,
        "var": 195.682449341
    },
    "pitch_salience": {
        "dmean": 0.0984918698668,
        "dmean2": 0.167786478996,
        "dvar": 0.00897182710469,
        "dvar2": 0.0255012400448,
        "max": 0.844091773033,
        "mean": 0.495551973581,
        "median": 0.50161755085,
        "min": 0.150791674852,
        "var": 0.0128383077681
    },
    "silence_rate_20dB": {
        "dmean": 0,
        "dmean2": 0,
        "dvar": 0,
        "dvar2": 0,
        "max": 1,
        "mean": 1,
        "median": 1,
        "min": 1,
        "var": 0
    },
    "silence_rate_30dB": {
        "dmean": 0.0975232198834,
        "dmean2": 0.19519752264,
        "dvar": 0.0880138427019,
        "dvar2": 0.233010366559,
        "max": 1,
        "mean": 0.940448582172,
        "median": 1,
        "min": 0,
        "var": 0.0560059100389
    },
    "silence_rate_60dB": {
        "dmean": 0,
        "dmean2": 0,
        "dvar": 0,
        "dvar2": 0,
        "max": 0,
        "mean": 0,
        "median": 0,
        "min": 0,
        "var": 0
    },
    "spectral_centroid": {
        "dmean": 276.976867676,
        "dmean2": 430.209197998,
        "dvar": 112433.1875,
        "dvar2": 246522,
        "max": 2738.86938477,
        "mean": 1295.23876953,
        "median": 1396.85913086,
        "min": 184.132461548,
        "var": 548874.6875
    },
    "spectral_complexity": {
        "dmean": 3.56733751297,
        "dmean2": 5.68009281158,
        "dvar": 11.4513807297,
        "dvar2": 27.8394966125,
        "max": 45,
        "mean": 21.4655838013,
        "median": 22,
        "min": 3,
        "var": 71.8590240479
    },
    "spectral_decrease": {
        "dmean": 6.51554055153e-09,
        "dmean2": 1.10970459488e-08,
        "dvar": 8.48478925139e-17,
        "dvar2": 2.1379139382e-16,
        "max": -1.04339303864e-09,
        "mean": -1.09342597199e-08,
        "median": -8.35125568699e-09,
        "min": -4.99162382539e-08,
        "var": 8.43218122618e-17
    },
    "spectral_energy": {
        "dmean": 0.0248729009181,
        "dmean2": 0.0423065274954,
        "dvar": 0.00122935767286,
        "dvar2": 0.00309086637571,
        "max": 0.191446065903,
        "mean": 0.0429514795542,
        "median": 0.0331141464412,
        "min": 0.00402993243188,
        "var": 0.00123146455735
    },
    "spectral_energyband_high": {
        "dmean": 0.000193127300008,
        "dmean2": 0.000296108541079,
        "dvar": 6.73561331155e-08,
        "dvar2": 1.57139041335e-07,
        "max": 0.00293358508497,
        "mean": 0.000561992637813,
        "median": 0.000515937979799,
        "min": 1.78268567197e-06,
        "var": 2.74041639159e-07
    },
    "spectral_energyband_low": {
        "dmean": 0.0223357006907,
        "dmean2": 0.0388791747391,
        "dvar": 0.0010839070892,
        "dvar2": 0.00289014261216,
        "max": 0.175291031599,
        "mean": 0.0275754779577,
        "median": 0.0186592750251,
        "min": 3.41205523e-05,
        "var": 0.00098341924604
    },
    "spectral_energyband_middle_high": {
        "dmean": 0.00118563254364,
        "dmean2": 0.00184432324022,
        "dvar": 1.94229141925e-06,
        "dvar2": 4.34848197983e-06,
        "max": 0.0183060783893,
        "mean": 0.00474752578884,
        "median": 0.00473468005657,
        "min": 0.000125848149764,
        "var": 1.11239814942e-05
    },
    "spectral_energyband_middle_low": {
        "dmean": 0.00958794634789,
        "dmean2": 0.0160136912018,
        "dvar": 0.000390006287489,
        "dvar2": 0.000934524112381,
        "max": 0.16131259501,
        "mean": 0.0143488068134,
        "median": 0.00900708325207,
        "min": 0.00123399321456,
        "var": 0.000359663274139
    },
    "spectral_entropy": {
        "dmean": 0.192154452205,
        "dmean2": 0.291298985481,
        "dvar": 0.0427074916661,
        "dvar2": 0.101717866957,
        "max": 8.32216930389,
        "mean": 7.36665821075,
        "median": 7.56704568863,
        "min": 5.65531539917,
        "var": 0.276704370975
    },
    "spectral_flux": {
        "dmean": 0.0522793270648,
        "dmean2": 0.084609426558,
        "dvar": 0.00389372813515,
        "dvar2": 0.00754472892731,
        "max": 0.400093197823,
        "mean": 0.117517955601,
        "median": 0.0868954882026,
        "min": 0.0251600034535,
        "var": 0.00595100503415
    },
    "spectral_kurtosis": {
        "dmean": 3.10326218605,
        "dmean2": 4.96768379211,
        "dvar": 19.288980484,
        "dvar2": 47.458820343,
        "max": 52.0498352051,
        "mean": 7.37824106216,
        "median": 3.87130784988,
        "min": 0.649838209152,
        "var": 60.8096122742
    },
    "spectral_rms": {
        "dmean": 0.0016426370712,
        "dmean2": 0.00270835147239,
        "dvar": 3.76600064556e-06,
        "dvar2": 8.9799223133e-06,
        "max": 0.0136666251346,
        "mean": 0.00607729889452,
        "median": 0.00568387936801,
        "min": 0.00198283675127,
        "var": 4.97032851854e-06
    },
    "spectral_rolloff": {
        "dmean": 447.464538574,
        "dmean2": 747.825805664,
        "dvar": 378973.15625,
        "dvar2": 783759.1875,
        "max": 4823.4375,
        "mean": 1073.03149414,
        "median": 753.662109375,
        "min": 107.666015625,
        "var": 848073.0625
    },
    "spectral_skewness": {
        "dmean": 0.335614085197,
        "dmean2": 0.529146015644,
        "dvar": 0.167792454362,
        "dvar2": 0.392902255058,
        "max": 5.7385134697,
        "mean": 1.80530774593,
        "median": 1.34550952911,
        "min": 0.637005925179,
        "var": 0.968586206436
    },
    "spectral_spread": {
        "dmean": 490310.375,
        "dmean2": 671913.5,
        "dvar": 250884800512,
        "dvar2": 462974844928,
        "max": 8649008,
        "mean": 3676557.25,
        "median": 3607881.75,
        "min": 1398368.625,
        "var": 1.2151422976e+12
    },
    "spectral_strongpeak": {
        "dmean": 0.415172129869,
        "dmean2": 0.720820069313,
        "dvar": 0.420175045729,
        "dvar2": 1.05010223389,
        "max": 6.453353405,
        "mean": 0.637023091316,
        "median": 0.401939302683,
        "min": 0.0341920144856,
        "var": 0.466809302568
    },
    "zerocrossingrate": {
        "dmean": 0.0083960192278,
        "dmean2": 0.0104082198814,
        "dvar": 7.31344116502e-05,
        "dvar2": 0.000106460116513,
        "max": 0.12744140625,
        "mean": 0.0435790084302,
        "median": 0.0419921875,
        "min": 0.00537109375,
        "var": 0.000608371570706
    },
    "barkbands": {
        "dmean": [0.000489011756144, 0.0108114657924, 0.00986022502184, 0.00737335672602, 0.00206765672192, 0.000860564876348, 0.000636912649497, 0.000654395611491, 0.000356789474608, 0.00045473469072, 0.000267484021606, 0.000196008579223, 0.000276813196251, 0.000211398277315, 0.000225252922974, 8.2055456005e-05, 0.000252980767982, 0.000265391630819, 0.000178239541128, 0.000142191434861, 6.73768954584e-05, 4.40336298198e-05, 2.96616581181e-05, 2.52181998803e-05, 1.91134095076e-05, 7.8977254816e-06, 2.56199350623e-09],
        "dmean2": [0.000738755566999, 0.0189307741821, 0.0173026137054, 0.0126715907827, 0.00375453592278, 0.00142575800419, 0.00111027783714, 0.00103031739127, 0.000585059053265, 0.000653713417705, 0.00039354362525, 0.0002976731339, 0.0004021229106, 0.000344595580827, 0.000365534855518, 0.000137038747198, 0.000415188085753, 0.000411490211263, 0.000282735738438, 0.000231490470469, 0.000110008011688, 7.15086134733e-05, 4.509410428e-05, 3.60056837962e-05, 2.73663863481e-05, 1.21319708342e-05, 4.59732607538e-09],
        "dvar": [5.8507077938e-07, 0.000309548981022, 0.000262016139459, 0.000323320098687, 2.16395583266e-05, 1.45351089031e-06, 7.90908757153e-07, 8.4112997456e-07, 2.40716502731e-07, 4.44498084562e-07, 1.59551390766e-07, 8.21953278773e-08, 3.49188496784e-07, 7.75112170004e-08, 1.23866854551e-07, 1.79682189128e-08, 1.30559442368e-07, 1.5861688496e-07, 5.89408983842e-08, 4.3652942594e-08, 7.88543985664e-09, 3.758815037e-09, 1.9403196827e-09, 2.95235502712e-09, 1.03377473248e-09, 2.14049944436e-10, 4.06189885295e-17],
        "dvar2": [1.12734005597e-06, 0.000856489292346, 0.000729634659365, 0.000800110516138, 6.33322633803e-05, 3.49510401065e-06, 2.1114028641e-06, 1.89943614259e-06, 5.53321740426e-07, 8.00551447355e-07, 3.27053697902e-07, 1.67397885775e-07, 5.86082819609e-07, 1.962620928e-07, 3.09278021859e-07, 5.07394020133e-08, 3.41060257369e-07, 3.73637391249e-07, 1.39854520853e-07, 1.05274779116e-07, 2.02985965814e-08, 9.69016067387e-09, 4.54571003061e-09, 6.23611429162e-09, 2.1821269236e-09, 4.90096629946e-10, 1.00231678432e-16],
        "max": [0.0063785915263, 0.113399744034, 0.0979125499725, 0.128909319639, 0.0405800826848, 0.0210395064205, 0.0110621657223, 0.0117184976116, 0.00850751623511, 0.0128425247967, 0.00523192156106, 0.00425662472844, 0.0133864283562, 0.0027952902019, 0.0048285103403, 0.00280142761767, 0.00518801854923, 0.00506202830002, 0.00368851982057, 0.0023958273232, 0.00109983852599, 0.000572252552956, 0.000539507716894, 0.00131227460224, 0.00059217523085, 0.000202217226615, 1.03906117488e-07],
        "mean": [0.000583444721997, 0.0132476296276, 0.00984539184719, 0.00600922759622, 0.00247222743928, 0.00160085351672, 0.00104160932824, 0.00174995406996, 0.000688055995852, 0.00109393429011, 0.000528926088009, 0.000370769004803, 0.000520766072441, 0.000365528278053, 0.000451133499155, 0.000150678257341, 0.000513532897457, 0.00055151671404, 0.000426308542956, 0.000321679079207, 0.000158241411555, 0.000102421123302, 6.49294670438e-05, 4.94159212394e-05, 3.31502706103e-05, 1.0179538549e-05, 2.01940619782e-09],
        "median": [0.000257027539192, 0.00832999497652, 0.00449885521084, 0.00119782658294, 0.00133000430651, 0.00112598726992, 0.000679668388329, 0.00105140148662, 0.000399033509893, 0.000642095692456, 0.000304949295241, 0.00017369989655, 0.000198688285309, 0.000245242204983, 0.000246514682658, 0.000114063775982, 0.000373517541448, 0.000308689865051, 0.000355377967935, 0.00026928432635, 0.00014347799879, 8.46147158882e-05, 4.4648135372e-05, 1.87681725947e-05, 1.20998520288e-05, 2.30229602494e-06, 6.87237378116e-10],
        "min": [5.22356558008e-08, 4.50787820228e-06, 5.43759097127e-06, 1.38076643452e-06, 1.14053264042e-05, 5.02852271893e-05, 1.73556309164e-05, 1.853465983e-05, 1.33698122227e-05, 1.97923941414e-06, 3.08299445351e-06, 1.63172887824e-06, 1.79681615009e-06, 4.61172976429e-06, 1.28685223899e-06, 7.4977526765e-07, 1.0556258303e-06, 4.9673360536e-07, 3.47298879433e-07, 1.26797317535e-07, 2.46416561822e-07, 8.19589303092e-08, 1.90033375702e-08, 1.5118570218e-07, 1.19340526794e-07, 9.26634532994e-11, 9.43629549499e-12],
        "var": [8.53350798025e-07, 0.000273531186394, 0.000211676888284, 0.000267188181169, 1.49462621266e-05, 2.8290753562e-06, 1.2395109934e-06, 3.5257712625e-06, 7.99329768597e-07, 1.68273493273e-06, 4.1511916038e-07, 3.13217867642e-07, 9.08732147309e-07, 1.55730973006e-07, 3.48495234448e-07, 2.49851073164e-08, 3.07394884658e-07, 4.63690298602e-07, 1.87852236877e-07, 1.11272150605e-07, 2.21446647686e-08, 1.04951078939e-08, 5.36582556165e-09, 9.64473567677e-09, 3.22601434455e-09, 3.88394594264e-10, 3.01149064809e-17]
    },
    "erbbands": {
        "dmean": [0.254559725523, 2.75060343742, 10.2231264114, 20.2497291565, 13.2143630981, 5.60672426224, 5.88988304138, 7.04309177399, 9.96947002411, 12.0825691223, 10.3088541031, 8.31698131561, 16.284658432, 9.32323265076, 9.06290721893, 8.77501869202, 11.1191415787, 12.2881317139, 7.74643182755, 8.68552207947, 7.89302539825, 10.4596977234, 17.2123699188, 10.0225687027, 8.70860862732, 5.30164480209, 3.25950217247, 2.57401895523, 1.7217297554, 1.1020232439, 0.915949225426, 0.564286053181, 0.414923042059, 0.248720854521, 0.12740278244, 0.0460836403072, 0.0131411142647, 0.0010748693021, 2.7220497941e-05, 2.74349149549e-05],
        "dmean2": [0.428128749132, 4.87606287003, 18.0931930542, 35.1636199951, 23.1754283905, 9.80074691772, 9.80531692505, 11.8316869736, 17.4475135803, 18.6478557587, 17.0182571411, 13.5811281204, 23.7890739441, 13.7049999237, 13.9248905182, 13.0657587051, 16.1739959717, 19.2246780396, 12.4990692139, 14.1881866455, 13.1268501282, 17.1297931671, 26.8535175323, 16.4365348816, 13.4862527847, 8.62652015686, 5.36895513535, 4.22070121765, 2.82391929626, 1.76205480099, 1.43799316883, 0.837416052818, 0.596704900265, 0.361298531294, 0.194010615349, 0.0698624402285, 0.0203910320997, 0.00177847698797, 4.19375573983e-05, 4.61157760583e-05],
        "dvar": [0.108861707151, 24.3750972748, 305.28112793, 2006.68359375, 1135.42565918, 104.583625793, 102.202583313, 91.727104187, 183.356323242, 313.76159668, 242.271484375, 142.973312378, 597.532104492, 175.279296875, 234.803573608, 168.047698975, 534.770446777, 281.022766113, 112.444984436, 171.085540771, 131.515167236, 228.355651855, 718.644897461, 201.534194946, 157.802154541, 54.5689201355, 17.4524497986, 13.0838088989, 5.7534122467, 2.55819034576, 1.82697439194, 1.39240348339, 0.715628087521, 0.18027164042, 0.0540687032044, 0.00725441472605, 0.00057624996407, 4.82538916913e-06, 1.74462411184e-09, 1.45324763334e-09],
        "dvar2": [0.277237743139, 68.388092041, 848.360961914, 5016.07763672, 3058.03320312, 300.548278809, 237.031341553, 232.577774048, 513.378173828, 712.254760742, 559.995300293, 331.569000244, 1047.25354004, 342.31729126, 593.550476074, 328.841278076, 948.347290039, 627.206054688, 277.754852295, 446.740509033, 367.399963379, 568.540893555, 1676.24047852, 501.476196289, 359.39730835, 132.372909546, 43.4899559021, 34.8930892944, 15.0676336288, 6.39623832703, 4.34411287308, 2.99029040337, 1.48730623722, 0.387205809355, 0.123863890767, 0.0172249916941, 0.00125757558271, 1.21854200188e-05, 4.07867606356e-09, 3.61386520709e-09],
        "max": [2.83884716034, 30.4160938263, 109.966247559, 296.94241333, 303.353179932, 102.166061401, 223.586914062, 116.528427124, 200.181213379, 283.357818604, 242.960037231, 235.610031128, 496.559906006, 196.139907837, 219.552093506, 221.532318115, 472.382537842, 226.573654175, 148.051071167, 189.716567993, 148.683700562, 177.161621094, 351.680145264, 234.24911499, 169.967025757, 85.7934494019, 41.4571495056, 51.033531189, 23.7899894714, 15.2185544968, 18.499710083, 28.3978443146, 18.0208454132, 7.88426017761, 3.79825687408, 1.20375835896, 0.416188240051, 0.03975443542, 0.000714283378329, 0.000210605343455],
        "mean": [0.363409757614, 3.0689163208, 10.7198629379, 17.841802597, 12.1165904999, 8.03853607178, 9.03120803833, 12.7089204788, 16.3369503021, 31.8657970428, 24.5539493561, 17.5541858673, 38.3166389465, 21.0816516876, 18.2516441345, 17.6740837097, 22.4953861237, 24.1500835419, 17.2271461487, 18.4851913452, 16.9408397675, 24.1815090179, 35.1118736267, 22.6253089905, 20.2043571472, 13.0066328049, 7.75303459167, 5.86692333221, 3.90278935432, 2.40609025955, 1.94779789448, 1.16603469849, 0.772072732449, 0.438576340675, 0.201426595449, 0.0615065433085, 0.016116855666, 0.00116625765804, 4.63760043203e-05, 5.06453361595e-05],
        "median": [0.227258205414, 1.83210062981, 5.32326984406, 5.17517280579, 3.98867917061, 4.38138055801, 5.07413339615, 8.86177825928, 10.4993886948, 18.3588657379, 15.4176740646, 10.8640146255, 21.7617816925, 12.323390007, 10.9077863693, 8.91996574402, 11.0682353973, 16.8303318024, 12.853272438, 11.8527393341, 12.789144516, 19.384885788, 20.0496120453, 17.4277381897, 17.2784881592, 11.9868421555, 7.21692943573, 5.42348718643, 3.29741597176, 1.76913321018, 1.3504011631, 0.552341639996, 0.269794017076, 0.148493200541, 0.0767341852188, 0.0169057361782, 0.00316584226675, 0.000153413289809, 2.47695261351e-05, 3.96946124965e-05],
        "min": [0.00019770176732, 0.00102175760549, 0.0117218019441, 0.0278094038367, 0.0453671813011, 0.035062212497, 0.242443844676, 0.342249304056, 0.617279529572, 0.478995352983, 0.697196722031, 0.686809062958, 0.538921535015, 0.206062421203, 0.199853017926, 0.168918788433, 0.19301199913, 0.255085617304, 0.147157222033, 0.127318814397, 0.091420724988, 0.0696460753679, 0.0474369041622, 0.031606208533, 0.015959661454, 0.00720218429342, 0.00916572660208, 0.00620168354362, 0.0030498879496, 0.000808948185295, 0.000946831714828, 0.00136014609598, 0.00214497838169, 0.00124077463988, 0.00045059225522, 7.0840389526e-05, 6.97755103829e-06, 7.6793963899e-07, 2.996608373e-06, 4.50426341558e-06],
        "var": [0.149731069803, 18.9156532288, 245.394485474, 1656.18615723, 823.011779785, 113.387123108, 169.00743103, 167.354064941, 316.600036621, 1165.59143066, 914.487365723, 392.988098145, 2256.86474609, 612.558837891, 577.1484375, 704.675048828, 1340.82226562, 693.819763184, 292.08972168, 442.953643799, 292.111755371, 605.190124512, 1980.72875977, 589.80682373, 445.934204102, 155.905700684, 52.8596038818, 31.5414848328, 15.2000989914, 6.54949903488, 4.92417573929, 4.75013971329, 2.18012452126, 0.54677850008, 0.130153775215, 0.0132769048214, 0.00110787374433, 6.56098654872e-06, 3.1181068838e-09, 1.53505208544e-09]
    },
    "gfcc": {
        "mean": [5.39309978485, 121.495689392, -118.419021606, 40.7840309143, -51.8250007629, 16.2996673584, -30.432844162, 17.2074565887, -17.3189163208, 3.70532464981, -11.0971498489, -6.06204986572, -8.08045768738],
        "cov": [[3148.93798828, -1819.01062012, -749.503601074, 937.879455566, -159.237823486, 242.645751953, 20.1684970856, 104.65209198, -335.455505371, -11.9083566666, -97.1786499023, 271.784881592, -264.669006348], [-1819.01062012, 1571.11218262, 648.928588867, -529.977722168, 233.630615234, -165.516540527, 49.9165840149, -130.705612183, 211.211975098, -79.3526687622, 72.4711227417, -196.869949341, 185.790496826], [-749.503601074, 648.928588867, 1061.98608398, -231.926010132, 222.089782715, 97.3029251099, -21.8506412506, -27.2506504059, 34.3345069885, 2.69182300568, -80.743270874, -128.832290649, -8.67653369904], [937.879455566, -529.977722168, -231.926010132, 459.096710205, 3.69559073448, 116.86856842, 60.5638313293, 27.1075611115, -65.8371276855, -21.6268177032, 8.17179393768, 90.0013580322, -52.3268623352], [-159.237823486, 233.630615234, 222.089782715, 3.69559073448, 178.571517944, 43.6219482422, 43.391254425, 7.89711713791, 36.6545677185, -6.53417444229, -7.39854049683, -16.5378284454, 11.0504741669], [242.645751953, -165.516540527, 97.3029251099, 116.86856842, 43.6219482422, 151.981719971, 42.187084198, 29.2161617279, -18.4591903687, 13.9991970062, -13.406621933, 24.986333847, -21.6664981842], [20.1684970856, 49.9165840149, -21.8506412506, 60.5638313293, 43.391254425, 42.187084198, 111.259429932, 26.9193782806, 34.7180709839, -0.703435003757, 29.618976593, 20.2541713715, 9.93461894989], [104.65209198, -130.705612183, -27.2506504059, 27.1075611115, 7.89711713791, 29.2161617279, 26.9193782806, 100.102272034, 28.8245849609, 48.2046089172, 11.956536293, 34.6612930298, -9.74754524231], [-335.455505371, 211.211975098, 34.3345069885, -65.8371276855, 36.6545677185, -18.4591903687, 34.7180709839, 28.8245849609, 132.528961182, 38.320941925, 31.2501907349, -20.0530376434, 32.4475059509], [-11.9083566666, -79.3526687622, 2.69182300568, -21.6268177032, -6.53417444229, 13.9991970062, -0.703435003757, 48.2046089172, 38.320941925, 107.025169373, 28.5496234894, 15.9822492599, -8.73850440979], [-97.1786499023, 72.4711227417, -80.743270874, 8.17179393768, -7.39854049683, -13.406621933, 29.618976593, 11.956536293, 31.2501907349, 28.5496234894, 91.3449935913, 23.1793251038, 30.4274539948], [271.784881592, -196.869949341, -128.832290649, 90.0013580322, -16.5378284454, 24.986333847, 20.2541713715, 34.6612930298, -20.0530376434, 15.9822492599, 23.1793251038, 93.7096328735, 2.28985214233], [-264.669006348, 185.790496826, -8.67653369904, -52.3268623352, 11.0504741669, -21.6664981842, 9.93461894989, -9.74754524231, 32.4475059509, -8.73850440979, 30.4274539948, 2.28985214233, 91.4842453003]],
        "icov": [[0.0022685287986, -0.000248953030678, 0.000792964186985, -0.00332614569925, 0.000574352859985, -0.000452936423244, 0.000442949123681, -0.00115590635687, 0.00287578138523, -0.00114534888417, 0.00252492888831, -0.00215035304427, 0.00297804106958], [-0.000248953030678, 0.0100980149582, -0.0039997715503, 0.0063866013661, -0.0068319356069, 0.00674851099029, -0.00594638893381, 0.00752935744822, -0.00693147210404, 0.00777665153146, -0.00991922710091, 0.00563156045973, -0.00772320479155], [0.000792964186985, -0.0039997715503, 0.00392118887976, -0.00226212572306, 0.000534474733286, -0.00482373172417, 0.00329656968825, -0.00301760155708, 0.00381286372431, -0.00356391281821, 0.00506261037663, -0.00128783646505, 0.00426419265568], [-0.00332614569925, 0.0063866013661, -0.00226212572306, 0.0130348866805, -0.0060643912293, 0.00128886697348, -0.00459673209116, 0.00649170251563, -0.00748743629083, 0.00781127437949, -0.0102891130373, 0.00438068713993, -0.00640894751996], [0.000574352859985, -0.0068319356069, 0.000534474733286, -0.0060643912293, 0.0144161749631, -0.00455638254061, 0.00114780548029, -0.0055350959301, 0.00309215206653, -0.00441393209621, 0.00784969609231, -0.00453993771225, 0.00456790905446], [-0.000452936423244, 0.00674851099029, -0.00482373172417, 0.00128886697348, -0.00455638254061, 0.0173849593848, -0.00831918232143, 0.0037629774306, -0.00262242485769, 0.00216177897528, -0.0042368536815, 0.00286021339707, -0.00628961017355], [0.000442949123681, -0.00594638893381, 0.00329656968825, -0.00459673209116, 0.00114780548029, -0.00831918232143, 0.0189253296703, -0.0068520354107, 0.000246857322054, -0.000348549860064, 0.00137989793438, -0.00433321949095, 0.00567562039942], [-0.00115590635687, 0.00752935744822, -0.00301760155708, 0.00649170251563, -0.0055350959301, 0.0037629774306, -0.0068520354107, 0.0225491467863, -0.00952755101025, 0.000543313624803, -0.00618742918596, -0.000531404512003, -0.00499936146662], [0.00287578138523, -0.00693147210404, 0.00381286372431, -0.00748743629083, 0.00309215206653, -0.00262242485769, 0.000246857322054, -0.00952755101025, 0.0217423755676, -0.011000960134, 0.00834487657994, -0.0014097270323, 0.00493643479422], [-0.00114534888417, 0.00777665153146, -0.00356391281821, 0.00781127437949, -0.00441393209621, 0.00216177897528, -0.000348549860064, 0.000543313624803, -0.011000960134, 0.0229206718504, -0.0144293829799, 0.00315638608299, -0.00302465679124], [0.00252492888831, -0.00991922710091, 0.00506261037663, -0.0102891130373, 0.00784969609231, -0.0042368536815, 0.00137989793438, -0.00618742918596, 0.00834487657994, -0.0144293829799, 0.0297088455409, -0.0100462110713, 0.00531582161784], [-0.00215035304427, 0.00563156045973, -0.00128783646505, 0.00438068713993, -0.00453993771225, 0.00286021339707, -0.00433321949095, -0.000531404512003, -0.0014097270323, 0.00315638608299, -0.0100462110713, 0.02422211878, -0.0100981369615], [0.00297804106958, -0.00772320479155, 0.00426419265568, -0.00640894751996, 0.00456790905446, -0.00628961017355, 0.00567562039942, -0.00499936146662, 0.00493643479422, -0.00302465679124, 0.00531582161784, -0.0100981369615, 0.0252243857831]]
    },
    "melbands": {
        "dmean": [0.00258197681978, 0.00468422006816, 0.00320606562309, 0.000602748361416, 0.00019513067673, 0.000163074597367, 0.000141368989716, 0.000140834134072, 7.99176996225e-05, 5.35287581442e-05, 8.11289937701e-05, 3.69245499314e-05, 2.94144138024e-05, 2.46431191044e-05, 1.3892968127e-05, 3.5668064811e-05, 2.42136393354e-05, 1.08452877612e-05, 2.13650855585e-05, 6.81897427057e-06, 1.2621057067e-05, 1.31057558974e-05, 1.70565435837e-05, 9.78961998044e-06, 9.21969603951e-06, 6.28428369964e-06, 6.67595077175e-06, 3.80902429242e-06, 2.51773235505e-06, 1.84168641226e-06, 1.56189719291e-06, 1.11312590434e-06, 9.19236128993e-07, 5.61879232919e-07, 6.15054773334e-07, 4.44485038997e-07, 3.45517037204e-07, 3.29096820906e-07, 2.47845804324e-07, 2.10832226344e-07],
        "dmean2": [0.00442799273878, 0.00834443792701, 0.00547765241936, 0.00107182434294, 0.000328460970195, 0.000272783014225, 0.000245534407441, 0.000217420703848, 0.000132473258418, 8.71279044077e-05, 0.000118596770335, 5.44083231944e-05, 4.47366255685e-05, 3.77658834623e-05, 2.1841355192e-05, 5.11071739311e-05, 3.88701446354e-05, 1.75131717697e-05, 3.45654225384e-05, 1.13855558084e-05, 2.10162834264e-05, 2.13569037442e-05, 2.67847099167e-05, 1.54203262355e-05, 1.51043450387e-05, 9.86417580862e-06, 1.06217639768e-05, 6.2553317548e-06, 4.14612486566e-06, 3.00479314319e-06, 2.61514810518e-06, 1.85853696166e-06, 1.50252753883e-06, 8.90800379238e-07, 9.98942368824e-07, 6.55179860587e-07, 5.26474821072e-07, 4.91061030061e-07, 3.62441397783e-07, 3.14071144203e-07],
        "dvar": [1.38141149364e-05, 6.65011975798e-05, 4.67301579192e-05, 2.06503500522e-06, 9.7764235818e-08, 4.65453240395e-08, 3.68556634101e-08, 4.23421333551e-08, 1.48324792448e-08, 6.15334760923e-09, 1.47736676226e-08, 2.84891732427e-09, 2.07644901273e-09, 1.23189247692e-09, 3.83766157741e-10, 6.39395558721e-09, 1.12665121677e-09, 2.0297255543e-10, 1.27305543884e-09, 1.24390817091e-10, 3.69809433076e-10, 3.46341538782e-10, 6.28126994862e-10, 2.10316597471e-10, 1.78218134694e-10, 7.78099876197e-11, 1.08317049774e-10, 3.22026051658e-11, 1.05789977473e-11, 6.07524967833e-12, 5.06178736079e-12, 2.60619173811e-12, 1.52796373644e-12, 7.52015583052e-13, 8.34903001769e-13, 4.55142976259e-13, 7.91119340177e-13, 5.01430223298e-13, 2.25644427188e-13, 1.23598668193e-13],
        "dvar2": [3.71033929696e-05, 0.00018456626276, 0.000113293404866, 5.88589909967e-06, 2.38572425815e-07, 1.17061262017e-07, 1.00759827149e-07, 9.37027806458e-08, 3.36947216795e-08, 1.40456810627e-08, 2.59739199038e-08, 5.82255976767e-09, 4.93454965778e-09, 2.77808553939e-09, 8.63806082219e-10, 1.08392441689e-08, 2.72310551885e-09, 5.05580743937e-10, 3.1586857574e-09, 3.42200962011e-10, 1.02666497526e-09, 8.58948634441e-10, 1.51783619007e-09, 4.97389407439e-10, 4.40214420472e-10, 1.80546938511e-10, 2.62239535642e-10, 7.73735242543e-11, 2.71307976085e-11, 1.55228746523e-11, 1.37276336132e-11, 6.92645767131e-12, 3.9572104274e-12, 1.88581442129e-12, 2.09462286925e-12, 9.72112147724e-13, 1.83706717373e-12, 1.10713857786e-12, 4.87260351425e-13, 2.78019306795e-13],
        "max": [0.0245557967573, 0.0473552718759, 0.046205881983, 0.0128684602678, 0.006048085168, 0.00233342684805, 0.00263234926388, 0.0029743341729, 0.00186185224447, 0.00162468419876, 0.00246914685704, 0.000762888579629, 0.000620415026788, 0.00050712825032, 0.000301784137264, 0.00179206684697, 0.000358125864295, 0.000197473797016, 0.000519057153724, 0.000227566008107, 0.000212640079553, 0.00018473759701, 0.000297635851894, 0.000188622419955, 0.00022136818734, 0.000115642411401, 0.000125831982587, 7.57386660553e-05, 3.21161824104e-05, 2.82335204247e-05, 2.9405227906e-05, 1.66402151081e-05, 1.12317447929e-05, 8.96163692232e-06, 1.00161269074e-05, 1.42619974213e-05, 2.40877216129e-05, 1.54162462422e-05, 1.13725209303e-05, 5.61876504435e-06],
        "mean": [0.00344054820016, 0.00515489745885, 0.00293924054131, 0.000679672753904, 0.000308155169478, 0.000304140179651, 0.000238318432821, 0.000377899094019, 0.000179378839675, 0.000110160726763, 0.000187775527593, 7.87673561717e-05, 5.79337392992e-05, 5.06834185217e-05, 2.69754254987e-05, 6.70429508318e-05, 4.22085431637e-05, 2.19608809857e-05, 4.0460829041e-05, 1.27897010316e-05, 2.39768778556e-05, 2.68224903266e-05, 3.33619245794e-05, 2.07649154618e-05, 1.86523702723e-05, 1.4091848243e-05, 1.34076299219e-05, 7.98359269538e-06, 5.18937758898e-06, 3.98908059651e-06, 3.17464991895e-06, 2.2352483029e-06, 1.86585998563e-06, 1.08535039089e-06, 1.17917966236e-06, 9.08493461793e-07, 6.44314866349e-07, 5.68951861624e-07, 4.43169454911e-07, 3.44293965782e-07],
        "median": [0.00226431619376, 0.00300280936062, 0.000910080329049, 0.000335016666213, 0.000176921210368, 0.00021540405578, 0.000152057051309, 0.000215151216253, 0.00010342868336, 6.79345976096e-05, 0.000105872109998, 4.23567944381e-05, 3.46597771568e-05, 2.74016510957e-05, 1.63807599165e-05, 2.20402489504e-05, 2.67377326963e-05, 1.67478956428e-05, 1.90236405615e-05, 9.01916791918e-06, 1.44821224239e-05, 1.87915593415e-05, 2.04275893338e-05, 1.3314730495e-05, 1.27237253764e-05, 1.15879529403e-05, 1.03375368781e-05, 6.7273977038e-06, 4.56337511423e-06, 3.38467998517e-06, 2.6903694561e-06, 1.78488244273e-06, 1.44192426887e-06, 6.81338633512e-07, 8.18313935724e-07, 5.49662729554e-07, 2.43282158863e-07, 2.05843662116e-07, 1.48529437638e-07, 1.15649072541e-07],
        "min": [1.40486758937e-06, 3.19583818964e-06, 3.73329794456e-06, 2.33252035287e-06, 5.26871963302e-06, 9.07973844733e-06, 8.25073766464e-06, 5.22899881616e-06, 3.75611534764e-06, 2.3896732273e-06, 9.82293386187e-07, 1.79821242341e-07, 4.29366735943e-07, 2.01440968794e-07, 1.80940332939e-07, 1.82059082476e-07, 3.87739703456e-07, 2.32367327158e-07, 8.98209577826e-08, 9.80902683523e-08, 7.33829850219e-08, 5.99434173409e-08, 4.21591792588e-08, 1.32266659847e-08, 1.95700131655e-08, 1.35772726395e-08, 6.47709752499e-09, 4.24213908445e-09, 4.56934490245e-09, 7.08027281249e-09, 2.14992890157e-09, 1.48421808177e-09, 1.18249476877e-09, 9.71542291062e-11, 5.46893530462e-10, 1.41636161133e-10, 6.05870006942e-11, 9.70886593343e-10, 1.21348842086e-09, 4.143803356e-11],
