{
"highlevel": {
    "danceability": {
        "all": {
            "danceable": 0.426509916782,
            "not_danceable": 0.573490083218
        },
        "probability": 0.573490083218,
        "value": "not_danceable"
    },
    "gender": {
        "all": {
            "female": 0.328191757202,
            "male": 0.671808242798
        },
        "probability": 0.671808242798,
        "value": "male"
    },
    "genre_dortmund": {
        "all": {
            "alternative": 0.166416823864,
            "blues": 0.204760253429,
            "electronic": 0.0113090770319,
            "folkcountry": 0.0540886633098,
            "funksoulrnb": 0.00326308165677,
            "jazz": 0.0347292907536,
            "pop": 0.0170687288046,
            "raphiphop": 0.00212215958163,
            "rock": 0.50624191761
        },
        "probability": 0.50624191761,
        "value": "rock"
    },
    "genre_electronic": {
        "all": {
            "ambient": 0.496488600969,
            "dnb": 0.157930865884,
            "house": 0.0783642977476,
            "techno": 0.0149853676558,
            "trance": 0.252230882645
        },
        "probability": 0.496488600969,
        "value": "ambient"
    },
    "genre_rosamerica": {
        "all": {
            "cla": 0.0076694553718,
            "dan": 0.0162723176181,
            "hip": 0.0656601265073,
            "jaz": 0.0041511124,
            "pop": 0.0403208211064,
            "rhy": 0.00908384099603,
            "roc": 0.855472028255,
            "spe": 0.00137030309997
        },
        "probability": 0.855472028255,
        "value": "roc"
    },
    "genre_tzanetakis": {
        "all": {
            "blu": 0.0626541376114,
            "cla": 0.0348133966327,
            "cou": 0.0783501937985,
            "dis": 0.104547761381,
            "hip": 0.15693578124,
            "jaz": 0.313987255096,
            "met": 0.044816005975,
            "pop": 0.0627349764109,
            "reg": 0.0627352520823,
            "roc": 0.0784252434969
        },
        "probability": 0.313987255096,
        "value": "jaz"
    },
    "ismir04_rhythm": {
        "all": {
            "ChaChaCha": 0.702869415283,
            "Jive": 0.259984642267,
            "Quickstep": 0.00284800631925,
            "Rumba-American": 0.00600433396176,
            "Rumba-International": 0.00182461086661,
            "Rumba-Misc": 0.000611291034147,
            "Samba": 0.00684169819579,
            "Tango": 0.00266601005569,
            "VienneseWaltz": 0.0158067885786,
            "Waltz": 0.000543189700693
        },
        "probability": 0.702869415283,
        "value": "ChaChaCha"
    },
    "mood_acoustic": {
        "all": {
            "acoustic": 0.0105249555781,
            "not_acoustic": 0.98947507143
        },
        "probability": 0.98947507143,
        "value": "not_acoustic"
    },
    "mood_aggressive": {
        "all": {
            "aggressive": 0.799663126469,
            "not_aggressive": 0.200336843729
        },
        "probability": 0.799663126469,
        "value": "aggressive"
    },
    "mood_electronic": {
        "all": {
            "electronic": 0.5,
            "not_electronic": 0.5
        },
        "probability": 0.5,
        "value": "electronic"
    },
    "mood_happy": {
        "all": {
            "happy": 0.626697003841,
            "not_happy": 0.373303025961
        },
        "probability": 0.626697003841,
        "value": "happy"
    },
    "mood_party": {
        "all": {
            "not_party": 0.166897729039,
            "party": 0.833102285862
        },
        "probability": 0.833102285862,
        "value": "party"
    },
    "mood_relaxed": {
        "all": {
            "not_relaxed": 0.981832385063,
            "relaxed": 0.0181676093489
        },
        "probability": 0.981832385063,
        "value": "not_relaxed"
    },
    "mood_sad": {
        "all": {
            "not_sad": 0.867331624031,
            "sad": 0.132668361068
        },
        "probability": 0.867331624031,
        "value": "not_sad"
    },
    "moods_mirex": {
        "all": {
            "Cluster1": 0.43060323596,
            "Cluster2": 0.0984934195876,
            "Cluster3": 0.029273070395,
            "Cluster4": 0.0809745341539,
            "Cluster5": 0.360655754805
        },
        "probability": 0.43060323596,
        "value": "Cluster1"
    },
    "timbre": {
        "all": {
            "bright": 0.991710841656,
            "dark": 0.00828917883337
        },
        "probability": 0.991710841656,
        "value": "bright"
    },
    "tonal_atonal": {
        "all": {
            "atonal": 0.029410449788,
            "tonal": 0.970589578152
        },
        "probability": 0.970589578152,
        "value": "tonal"
    },
    "voice_instrumental": {
        "all": {
            "instrumental": 0.836111843586,
            "voice": 0.163888156414
        },
        "probability": 0.836111843586,
        "value": "instrumental"
    }
},
"lowlevel": {
    "average_loudness": 0.97417652607,
    "barkbands_crest": {
        "dmean": 2.74825763702,
        "dmean2": 4.4832572937,
        "dvar": 7.53412532806,
        "dvar2": 18.950510025,
        "max": 22.4045600891,
        "mean": 9.01944828033,
        "median": 8.18126773834,
        "min": 2.30730628967,
        "var": 15.8687391281
    },
    "barkbands_flatness_db": {
        "dmean": 0.0206097438931,
        "dmean2": 0.0335782915354,
        "dvar": 0.000412207882619,
        "dvar2": 0.00107005273458,
        "max": 0.292831033468,
        "mean": 0.117565713823,
        "median": 0.113829776645,
        "min": 0.0469297394156,
        "var": 0.00116883462761
    },
    "barkbands_kurtosis": {
        "dmean": 2.07278156281,
        "dmean2": 3.34857559204,
        "dvar": 20.1562328339,
        "dvar2": 46.450843811,
        "max": 107.374427795,
        "mean": 1.12448012829,
        "median": -0.61314368248,
        "min": -1.79340660572,
        "var": 47.4283447266
    },
    "barkbands_skewness": {
        "dmean": 0.641251862049,
        "dmean2": 0.968889117241,
        "dvar": 0.492558568716,
        "dvar2": 1.13865339756,
        "max": 9.65745639801,
        "mean": 0.766133964062,
        "median": 0.573463618755,
        "min": -1.66446232796,
        "var": 1.58395111561
    },
    "barkbands_spread": {
        "dmean": 7.79567861557,
        "dmean2": 12.3737363815,
        "dvar": 62.7241439819,
        "dvar2": 157.083007812,
        "max": 71.3424301147,
        "mean": 34.688835144,
        "median": 35.8469047546,
        "min": 2.20570921898,
        "var": 135.425735474
    },
    "dissonance": {
        "dmean": 0.00876621250063,
        "dmean2": 0.0151709886268,
        "dvar": 8.95294797374e-05,
        "dvar2": 0.000248567113886,
        "max": 0.499972760677,
        "mean": 0.485555768013,
        "median": 0.489453136921,
        "min": 0.400895863771,
        "var": 0.00015138341405
    },
    "dynamic_complexity": 1.57186448574,
    "erbbands_crest": {
        "dmean": 2.68961429596,
        "dmean2": 4.25784254074,
        "dvar": 4.86112117767,
        "dvar2": 12.1063652039,
        "max": 23.7689990997,
        "mean": 8.81378650665,
        "median": 8.11763000488,
        "min": 2.7351796627,
        "var": 12.3985748291
    },
    "erbbands_flatness_db": {
        "dmean": 0.0183715485036,
        "dmean2": 0.0247664097697,
        "dvar": 0.000221668218728,
        "dvar2": 0.000398463569582,
        "max": 0.263152897358,
        "mean": 0.14729256928,
        "median": 0.146076411009,
        "min": 0.0700895637274,
        "var": 0.00100391951855
    },
    "erbbands_kurtosis": {
        "dmean": 1.2587492466,
        "dmean2": 1.90812969208,
        "dvar": 1.61721873283,
        "dvar2": 3.59112977982,
        "max": 12.590511322,
        "mean": 1.48204040527,
        "median": 1.07802152634,
        "min": -1.62872099876,
        "var": 4.79061222076
    },
    "erbbands_skewness": {
        "dmean": 0.379150927067,
        "dmean2": 0.595993697643,
        "dvar": 0.116192817688,
        "dvar2": 0.286852389574,
        "max": 1.544932127,
        "mean": -0.606809794903,
        "median": -0.607071995735,
        "min": -2.67588734627,
        "var": 0.402774780989
    },
    "erbbands_spread": {
        "dmean": 10.6139574051,
        "dmean2": 16.020280838,
        "dvar": 135.910186768,
        "dvar2": 310.621917725,
        "max": 114.847892761,
        "mean": 34.1484909058,
        "median": 28.9189548492,
        "min": 7.59059476852,
        "var": 365.269897461
    },
    "hfc": {
        "dmean": 7.05906391144,
        "dmean2": 9.36818981171,
        "dvar": 55.27526474,
        "dvar2": 106.792480469,
        "max": 84.6595916748,
        "mean": 25.2296276093,
        "median": 22.859128952,
        "min": 2.1882250309,
        "var": 206.697601318
    },
    "melbands_crest": {
        "dmean": 3.43377017975,
        "dmean2": 5.7178235054,
        "dvar": 9.67950057983,
        "dvar2": 24.3604469299,
        "max": 26.1511573792,
        "mean": 13.5485954285,
        "median": 13.1747684479,
        "min": 3.43161654472,
        "var": 22.3499450684
    },
    "melbands_flatness_db": {
        "dmean": 0.0278543550521,
        "dmean2": 0.0435786433518,
        "dvar": 0.000860616215505,
        "dvar2": 0.00195623841137,
        "max": 0.384150952101,
        "mean": 0.152502283454,
        "median": 0.151204362512,
        "min": 0.0426548905671,
        "var": 0.00317977368832
    },
    "melbands_kurtosis": {
        "dmean": 7.12105083466,
        "dmean2": 11.2000045776,
        "dvar": 214.068237305,
        "dvar2": 443.522125244,
        "max": 354.548950195,
        "mean": 9.35380744934,
        "median": 2.57427930832,
        "min": -1.76682782173,
        "var": 677.105285645
    },
    "melbands_skewness": {
        "dmean": 0.926379144192,
        "dmean2": 1.39680457115,
        "dvar": 1.07832217216,
        "dvar2": 2.50110316277,
        "max": 15.8915271759,
        "mean": 2.22400617599,
        "median": 1.8514983654,
        "min": -1.03199136257,
        "var": 3.70735287666
    },
    "melbands_spread": {
        "dmean": 13.2666120529,
        "dmean2": 20.3821601868,
        "dvar": 185.494491577,
        "dvar2": 405.272857666,
        "max": 107.741355896,
        "mean": 44.1226119995,
        "median": 41.5234642029,
        "min": 1.14640879631,
        "var": 557.618041992
    },
    "pitch_salience": {
        "dmean": 0.074061602354,
        "dmean2": 0.1248017326,
        "dvar": 0.00501470221207,
        "dvar2": 0.0144068617374,
        "max": 0.802114546299,
        "mean": 0.542123496532,
        "median": 0.555581450462,
        "min": 0.24246533215,
        "var": 0.00967302359641
    },
    "silence_rate_20dB": {
        "dmean": 0,
        "dmean2": 0,
        "dvar": 0,
        "dvar2": 0,
        "max": 1,
        "mean": 1,
        "median": 1,
        "min": 1,
        "var": 0
    },
    "silence_rate_30dB": {
        "dmean": 0,
        "dmean2": 0,
        "dvar": 0,
        "dvar2": 0,
        "max": 1,
        "mean": 1,
        "median": 1,
        "min": 1,
        "var": 0
    },
    "silence_rate_60dB": {
        "dmean": 0.0061919502914,
        "dmean2": 0.0123934932053,
        "dvar": 0.00615355931222,
        "dvar2": 0.0168877393007,
        "max": 1,
        "mean": 0.00386697612703,
        "median": 0,
        "min": 0,
        "var": 0.00385196879506
    },
    "spectral_centroid": {
        "dmean": 349.716918945,
        "dmean2": 557.318725586,
        "dvar": 146661.046875,
        "dvar2": 357177.78125,
        "max": 3479.74902344,
        "mean": 2005.24938965,
        "median": 2092.04736328,
        "min": 298.917999268,
        "var": 372063.0625
    },
    "spectral_complexity": {
        "dmean": 4.90557289124,
        "dmean2": 6.76994562149,
        "dvar": 20.3873786926,
        "dvar2": 34.0966262817,
        "max": 56,
        "mean": 24.7726211548,
        "median": 24,
        "min": 2,
        "var": 86.4169464111
    },
    "spectral_decrease": {
        "dmean": 2.80458034574e-09,
        "dmean2": 4.77990047543e-09,
        "dvar": 2.48405944457e-17,
        "dvar2": 6.70506781184e-17,
        "max": -2.62069616008e-10,
        "mean": -5.71912339709e-09,
        "median": -4.64954341695e-09,
        "min": -3.93720824832e-08,
        "var": 2.08539809399e-17
    },
    "spectral_energy": {
        "dmean": 0.0110174734145,
        "dmean2": 0.0186066832393,
        "dvar": 0.00036842157715,
        "dvar2": 0.000991411157884,
        "max": 0.154421404004,
        "mean": 0.0238736979663,
        "median": 0.0199790671468,
        "min": 0.00127204670571,
        "var": 0.000319890503306
    },
    "spectral_energyband_high": {
        "dmean": 0.000507527904119,
        "dmean2": 0.00066358782351,
        "dvar": 4.86225474106e-07,
        "dvar2": 9.48745025653e-07,
        "max": 0.00750596821308,
        "mean": 0.00122549710795,
        "median": 0.000849741976708,
        "min": 3.08590497298e-05,
        "var": 1.3651348354e-06
    },
    "spectral_energyband_low": {
        "dmean": 0.00364231690764,
        "dmean2": 0.00583986379206,
        "dvar": 2.56375915342e-05,
        "dvar2": 5.61880187888e-05,
        "max": 0.0451607964933,
        "mean": 0.0079362411052,
        "median": 0.00595866795629,
        "min": 4.32154156442e-05,
        "var": 5.07428158016e-05
    },
    "spectral_energyband_middle_high": {
        "dmean": 0.00202980008908,
        "dmean2": 0.00284558790736,
        "dvar": 4.09146332458e-06,
        "dvar2": 8.43259022076e-06,
        "max": 0.0234363637865,
        "mean": 0.00712130079046,
        "median": 0.00648660538718,
        "min": 9.99601543299e-05,
        "var": 1.79502294486e-05
    },
    "spectral_energyband_middle_low": {
        "dmean": 0.00862385332584,
        "dmean2": 0.0155075527728,
        "dvar": 0.000358956342097,
        "dvar2": 0.000984162441455,
        "max": 0.140128865838,
        "mean": 0.008858313784,
        "median": 0.00424862187356,
        "min": 0.000285061134491,
        "var": 0.000246337323915
    },
    "spectral_entropy": {
        "dmean": 0.138039782643,
        "dmean2": 0.206410467625,
        "dvar": 0.0154034113511,
        "dvar2": 0.0377136617899,
        "max": 8.34266090393,
        "mean": 7.77464675903,
        "median": 7.78441381454,
        "min": 6.97241830826,
        "var": 0.0563147217035
    },
    "spectral_flux": {
        "dmean": 0.0303768422455,
        "dmean2": 0.0493313483894,
        "dvar": 0.0017919120146,
        "dvar2": 0.00336411828175,
        "max": 0.348806917667,
        "mean": 0.0906984508038,
        "median": 0.0758898705244,
        "min": 0.0151832494885,
        "var": 0.00268268049695
    },
    "spectral_kurtosis": {
        "dmean": 1.11987054348,
        "dmean2": 1.87479937077,
        "dvar": 1.17852580547,
        "dvar2": 3.22395801544,
        "max": 13.7621479034,
        "mean": 3.93706727028,
        "median": 3.80904197693,
        "min": 0.357781887054,
        "var": 2.57088208199
    },
    "spectral_rms": {
        "dmean": 0.000973357236944,
        "dmean2": 0.00157185306307,
        "dvar": 1.7814235207e-06,
        "dvar2": 4.505994184e-06,
        "max": 0.0122741609812,
        "mean": 0.00458914740011,
        "median": 0.0044149486348,
        "min": 0.00111401127651,
        "var": 2.23112169806e-06
    },
    "spectral_rolloff": {
        "dmean": 661.213195801,
        "dmean2": 1094.59155273,
        "dvar": 729003.125,
        "dvar2": 1687109,
        "max": 6050.83007812,
        "mean": 2332.18066406,
        "median": 2304.05273438,
        "min": 129.19921875,
        "var": 1390325
    },
    "spectral_skewness": {
        "dmean": 0.181700587273,
        "dmean2": 0.290475875139,
        "dvar": 0.0246250852942,
        "dvar2": 0.0618564113975,
        "max": 2.5166592598,
        "mean": 1.34928023815,
        "median": 1.34108912945,
        "min": 0.500695943832,
        "var": 0.0816851481795
    },
    "spectral_spread": {
        "dmean": 507145.90625,
        "dmean2": 715522,
        "dvar": 313380044800,
        "dvar2": 481962917888,
        "max": 16407323,
        "mean": 4355707.5,
        "median": 4212953,
        "min": 2293067.5,
        "var": 984943886336
    },
    "spectral_strongpeak": {
        "dmean": 0.798352897167,
        "dmean2": 1.37169158459,
        "dvar": 1.66891586781,
        "dvar2": 3.87830448151,
        "max": 9.91532707214,
        "mean": 1.0793286562,
        "median": 0.458323061466,
        "min": 0.0226860903203,
        "var": 2.30686783791
    },
    "zerocrossingrate": {
        "dmean": 0.0121450517327,
        "dmean2": 0.0142543325201,
        "dvar": 0.000136468326673,
        "dvar2": 0.000180929593625,
        "max": 0.18505859375,
        "mean": 0.0847483277321,
        "median": 0.08203125,
        "min": 0.00830078125,
        "var": 0.00092093803687
    },
    "barkbands": {
        "dmean": [7.27209771867e-05, 0.00221535004675, 0.00179121387191, 0.00287987617776, 0.00524892192334, 0.000374678638764, 0.000382129917853, 0.000285253539914, 0.000295500038192, 0.000154728564667, 0.000196706139832, 0.000474574568216, 0.000360314210411, 0.000298171071336, 0.000537236745004, 0.000832177815028, 0.000468883168651, 0.000359675032087, 0.000242145877564, 0.000263094028924, 0.000151903906954, 0.000114283888252, 7.98748296802e-05, 5.0809874665e-05, 4.31102635048e-05, 4.21428048867e-05, 2.15342255139e-09],
        "dmean2": [0.000105625920696, 0.00332748820074, 0.00307825021446, 0.00528995832428, 0.00958148948848, 0.000643112056423, 0.000622860039584, 0.000461509887828, 0.000498882494867, 0.000240322609898, 0.000314942910336, 0.000743983953726, 0.000550382537767, 0.000464665063191, 0.000801224843599, 0.00126406166237, 0.000710924738087, 0.000556477694772, 0.000369250832591, 0.000408346852055, 0.000226959207794, 0.000160952826263, 0.000116919662105, 7.34266068321e-05, 6.07826041232e-05, 5.70747542952e-05, 2.99928704095e-09],
        "dvar": [1.56703165999e-08, 1.43278957694e-05, 6.80152425048e-06, 2.98437280435e-05, 0.000184871605597, 5.37099026587e-07, 8.21462208478e-07, 6.78169783441e-07, 9.13655640034e-07, 1.17786207454e-07, 1.14047530531e-07, 7.80776815645e-07, 3.75120521312e-07, 3.01077420772e-07, 7.97002257968e-07, 1.06173104086e-06, 2.90665212788e-07, 3.36431440928e-07, 8.0630044863e-08, 1.46216422081e-07, 4.5404227933e-08, 3.47738122741e-08, 1.61740434379e-08, 8.12810085904e-09, 3.91111987241e-09, 2.91785107187e-09, 1.33433280175e-15],
        "dvar2": [2.92024342485e-08, 3.23423919326e-05, 1.79681555892e-05, 8.46708426252e-05, 0.00050799647579, 1.41753855587e-06, 1.96483824766e-06, 1.59557214374e-06, 2.62537764684e-06, 2.3260678006e-07, 3.19656550118e-07, 2.04175057661e-06, 8.48995739489e-07, 7.10214351329e-07, 1.5276269778e-06, 2.3280692858e-06, 6.38336246084e-07, 7.66624225434e-07, 1.78190319389e-07, 4.02774020358e-07, 1.04521873823e-07, 6.82892107307e-08, 3.54339029229e-08, 1.70773581942e-08, 7.5582811121e-09, 5.6877489385e-09, 1.33348322771e-15],
        "max": [0.00110203668009, 0.029048923403, 0.0293422341347, 0.0379796400666, 0.102693066001, 0.00706064049155, 0.0130903804675, 0.0141910323873, 0.0131494486704, 0.00845139846206, 0.00596649991348, 0.0152897676453, 0.00883924029768, 0.00974860042334, 0.0176025424153, 0.0100140050054, 0.00948924198747, 0.00793718267232, 0.00315282121301, 0.00591561198235, 0.0021464265883, 0.00206189835444, 0.00135229958687, 0.000927831686568, 0.000607257068623, 0.00044791327673, 1.30236787754e-06],
        "mean": [9.04514090507e-05, 0.00293694576249, 0.00367935397662, 0.00295958248898, 0.00401529436931, 0.000420254917117, 0.000486689299578, 0.000416811322793, 0.000470787636004, 0.000263264810201, 0.000295256875688, 0.00079025310697, 0.000579586601816, 0.000510355224833, 0.000903942564037, 0.00156888144556, 0.000918544887099, 0.00062443385832, 0.000469426624477, 0.000522401416674, 0.000320642837323, 0.00024046159524, 0.000161625343026, 9.07462526811e-05, 7.58652822697e-05, 6.18402773398e-05, 1.9857262501e-09],
        "median": [3.15166107612e-05, 0.00116929097567, 0.00133649515919, 0.00142543157563, 0.00092991598649, 0.000205436357646, 0.000157326750923, 0.000105219092802, 8.33724188851e-05, 0.000135363050504, 0.000158615192049, 0.000406995502999, 0.000277127546724, 0.00031500676414, 0.000443907367298, 0.00109043275006, 0.000664693012368, 0.000388181302696, 0.000322730949847, 0.000361782877007, 0.000211857375689, 0.000144550111145, 0.000106897779915, 4.99230882269e-05, 4.12935623899e-05, 2.65150829364e-05, 3.90769250291e-10],
        "min": [5.75454407681e-07, 3.34557716997e-06, 2.30872410611e-06, 1.011077984e-05, 2.23280239879e-05, 6.69747669235e-06, 1.23107759009e-06, 2.3552076982e-06, 3.02342664327e-06, 1.58617979196e-06, 1.09743325538e-06, 8.52241282701e-06, 4.25353209721e-06, 1.80462234312e-06, 3.13386635753e-06, 4.78383799418e-06, 5.87674003327e-06, 5.47973968423e-06, 8.7281996457e-06, 8.31894612929e-06, 7.09026517143e-06, 4.17941055275e-06, 3.2376751733e-06, 9.64119180935e-07, 8.33243518628e-07, 3.36064900353e-08, 2.47452041496e-11],
        "var": [2.27780976303e-08, 1.83881275007e-05, 1.94701788132e-05, 2.03724175663e-05, 0.000118582000141, 4.91015043735e-07, 1.1594516991e-06, 1.30707519475e-06, 2.10900452657e-06, 2.53214665236e-07, 2.18555570086e-07, 1.41456575875e-06, 7.51969935209e-07, 5.7281977206e-07, 2.05309947887e-06, 2.37336894315e-06, 7.67794006151e-07, 6.25787038189e-07, 2.10297031344e-07, 3.33799732744e-07, 1.05539641027e-07, 7.64109344686e-08, 3.06407130779e-08, 1.39670266464e-08, 8.29043234063e-09, 5.70026781332e-09, 1.33811490974e-15]
    },
    "erbbands": {
        "dmean": [0.0636507719755, 0.517240166664, 1.63621425629, 5.66716384888, 21.0659885406, 12.5062665939, 4.57251691818, 2.41595315933, 2.99226665497, 7.60251188278, 6.65308761597, 6.14802742004, 6.0526304245, 5.14100837708, 9.52649688721, 20.6370220184, 13.6888332367, 18.2618751526, 18.9704189301, 37.5079307556, 37.8673286438, 21.4100418091, 19.7455825806, 12.5372314453, 11.9661827087, 12.5585432053, 7.15641546249, 5.98214817047, 4.54788017273, 2.93255758286, 2.13457894325, 1.21358251572, 0.846782743931, 0.484982520342, 0.324753761292, 0.211336880922, 0.0793405920267, 0.00512163899839, 0.00010048232798, 1.56712430908e-05],
        "dmean2": [0.0891034156084, 0.826308965683, 2.78555321693, 10.4219112396, 38.7556686401, 22.5284309387, 8.02014636993, 4.06589889526, 4.91368865967, 12.3202047348, 10.5308637619, 9.95077800751, 9.90587234497, 8.38527202606, 15.1070146561, 32.7174987793, 20.6359081268, 28.6059131622, 28.7792930603, 57.6773109436, 56.9317932129, 32.1343002319, 30.0813083649, 18.6748180389, 18.0981941223, 19.3618965149, 10.6357450485, 8.97316455841, 6.51068305969, 4.28743124008, 3.07654881477, 1.78678166866, 1.22976446152, 0.704198122025, 0.461771905422, 0.294653773308, 0.108066357672, 0.00731599563733, 0.0001382077171, 2.32334932662e-05],
        "dvar": [0.0127404332161, 0.825203418732, 5.24721097946, 96.5924224854, 2788.52880859, 944.674926758, 94.2096099854, 15.3260965347, 75.5287246704, 334.493286133, 345.469940186, 425.984863281, 459.632263184, 70.9572067261, 221.116119385, 1785.10986328, 504.274291992, 1222.31689453, 1185.50817871, 3416.32421875, 2076.3034668, 588.72253418, 845.245727539, 235.077423096, 225.144104004, 376.108825684, 93.1017303467, 85.6112213135, 55.2040786743, 25.3466186523, 11.2687606812, 4.60818767548, 2.07729530334, 0.653427183628, 0.182643532753, 0.0724109336734, 0.0108180409297, 4.75509477837e-05, 1.66935336665e-08, 4.9530979318e-10],
        "dvar2": [0.0236948858947, 2.01215362549, 13.2902851105, 274.095184326, 7790.02246094, 2547.48486328, 245.908798218, 39.2757606506, 160.907211304, 854.416137695, 776.537597656, 1126.00866699, 1179.30224609, 175.120574951, 584.13482666, 4783.10107422, 1069.6217041, 2753.24633789, 2570.78686523, 6647.8828125, 4557.20849609, 1183.14868164, 1888.9798584, 522.648498535, 525.369750977, 1029.83068848, 218.889358521, 206.581573486, 114.290847778, 56.0143127441, 23.5479106903, 9.90452575684, 4.36571645737, 1.28181385994, 0.37416318059, 0.146490678191, 0.0212998948991, 9.6704592579e-05, 3.26549454144e-08, 1.25177723742e-09],
        "max": [0.953388154507, 7.47282981873, 25.1597518921, 72.234085083, 369.509338379, 265.396270752, 89.7747344971, 37.2528038025, 208.047393799, 238.371002197, 338.547485352, 309.707000732, 490.444244385, 148.809158325, 228.517471313, 764.600524902, 330.838684082, 617.796264648, 474.197692871, 1175.61975098, 548.267456055, 501.546722412, 380.780578613, 197.674713135, 171.444747925, 333.213500977, 129.784820557, 97.0184707642, 85.9392089844, 66.3148956299, 36.0573005676, 21.9634876251, 14.8199872971, 7.87795734406, 4.07247591019, 2.04535698891, 0.851349532604, 0.0544572323561, 0.00105519720819, 0.000190824430319],
        "mean": [0.0786980837584, 0.713521301746, 3.35932278633, 7.74537992477, 16.4342098236, 10.1510972977, 4.39038467407, 3.01311135292, 4.16417598724, 9.32791423798, 10.4109754562, 10.1882629395, 10.3884487152, 9.58066558838, 17.0202445984, 34.4553947449, 25.5952758789, 33.0523414612, 33.8270378113, 69.5940246582, 77.9141387939, 45.9859085083, 38.1209602356, 25.6545886993, 24.4085826874, 24.8950843811, 15.2357025146, 12.0968370438, 9.25011730194, 6.18246936798, 4.30452489853, 2.19544219971, 1.48529052734, 0.831674456596, 0.534850895405, 0.321588277817, 0.111817896366, 0.00681747402996, 0.000152802531375, 3.80343117286e-05],
        "median": [0.0249971039593, 0.369648367167, 1.72699332237, 5.56793212891, 4.74923086166, 2.76243805885, 1.64338624477, 1.67879593372, 1.7442650795, 2.76578569412, 2.69798159599, 1.98170864582, 3.39485859871, 6.14327859879, 11.0067167282, 17.9611797333, 14.3393230438, 19.324054718, 17.9964580536, 42.7587890625, 58.0730209351, 35.7461509705, 26.116060257, 17.9119853973, 17.8143730164, 17.1089172363, 10.6987142563, 7.24234247208, 5.5728430748, 3.83352446556, 2.72459340096, 1.25704824924, 0.792617678642, 0.437493622303, 0.296509206295, 0.1526299119, 0.0434615835547, 0.00264633330517, 7.06432256266e-05, 3.21221741615e-05],
        "min": [0.0001750474039, 0.00260579492897, 0.0054461392574, 0.0604326575994, 0.107334852219, 0.0944272503257, 0.0800789818168, 0.0659319907427, 0.0569340512156, 0.0483105070889, 0.109716229141, 0.0694708749652, 0.0780783742666, 0.0340182594955, 0.104609042406, 0.42081618309, 0.264993429184, 0.0813063532114, 0.189126059413, 0.213015794754, 0.37492442131, 0.335393249989, 0.677370369434, 0.391628444195, 0.44491225481, 0.34190300107, 0.229789301753, 0.240458711982, 0.198861822486, 0.113514184952, 0.0967540889978, 0.0471317991614, 0.023136857897, 0.00921109225601, 0.000587466871366, 9.35000280151e-05, 0.000120103701192, 5.74981640966e-06, 2.76881291938e-06, 2.63223887487e-06],
        "var": [0.0191294699907, 0.900342106819, 12.4544639587, 74.0773239136, 1734.22705078, 637.90447998, 78.7743682861, 16.8389205933, 132.876983643, 396.632781982, 838.674377441, 1058.82385254, 1069.25231934, 147.079467773, 444.785522461, 2920.27172852, 1187.29345703, 2441.09643555, 2291.73754883, 9115.19140625, 4971.58105469, 1687.33239746, 1775.51953125, 584.407653809, 557.078186035, 768.042663574, 224.821014404, 181.943969727, 113.439956665, 47.3659629822, 23.1827545166, 7.61621618271, 3.69577765465, 1.20526301861, 0.392017990351, 0.14302945137, 0.0202915910631, 8.15682069515e-05, 3.15366079917e-08, 6.31961039055e-10]
    },
    "gfcc": {
        "mean": [27.1489429474, 62.9189796448, -128.633148193, 53.9292640686, -38.344417572, 24.9638023376, -42.8211708069, 7.22651100159, -31.7281780243, 2.92324638367, -27.4679946899, 2.15708327293, -17.8129310608],
        "cov": [[1268.22460938, -300.187591553, 88.975440979, -75.4845352173, -196.418334961, -114.297187805, -18.3590621948, 74.2122344971, -78.4073104858, 73.0005722046, -19.882352829, 9.56060028076, -46.5561256409], [-300.187591553, 534.512207031, 35.6873321533, 41.1185264587, 109.74357605, 5.35555171967, 57.9395370483, -49.8109779358, 43.8730888367, -67.3879547119, 30.0977897644, -58.4210777283, 17.7027683258], [88.975440979, 35.6873321533, 490.847290039, -14.9909477234, -10.0866575241, 9.70088100433, -1.94768536091, 10.5924291611, -45.1483917236, 18.8730430603, -61.0640106201, 27.1072826385, -33.8939933777], [-75.4845352173, 41.1185264587, -14.9909477234, 224.614822388, 51.3630104065, -6.43086671829, 9.2263469696, -37.2404060364, 5.33520746231, -37.7172775269, 23.1488208771, -21.4301795959, 32.2003822327], [-196.418334961, 109.74357605, -10.0866575241, 51.3630104065, 314.591003418, 75.6584625244, 20.045633316, 11.8034172058, 35.2494239807, 4.76787805557, 1.29478132725, 36.5406570435, 10.963924408], [-114.297187805, 5.35555171967, 9.70088100433, -6.43086671829, 75.6584625244, 103.369796753, 47.2669372559, 26.5811786652, 19.8309669495, 10.8604650497, 2.11200404167, 8.00685405731, 2.43698000908], [-18.3590621948, 57.9395370483, -1.94768536091, 9.2263469696, 20.045633316, 47.2669372559, 108.6353302, 37.369758606, 7.62465381622, 1.3236913681, 8.24596405029, -21.1601581573, -14.475777626], [74.2122344971, -49.8109779358, 10.5924291611, -37.2404060364, 11.8034172058, 26.5811786652, 37.369758606, 90.1716461182, 30.5084838867, 25.4966316223, -6.95140695572, 10.373298645, -3.56984019279], [-78.4073104858, 43.8730888367, -45.1483917236, 5.33520746231, 35.2494239807, 19.8309669495, 7.62465381622, 30.5084838867, 74.0054092407, 17.5382862091, 3.36449813843, -4.83979511261, 13.5420598984], [73.0005722046, -67.3879547119, 18.8730430603, -37.7172775269, 4.76787805557, 10.8604650497, 1.3236913681, 25.4966316223, 17.5382862091, 68.1166610718, 12.6199331284, 14.1474227905, -13.1349315643], [-19.882352829, 30.0977897644, -61.0640106201, 23.1488208771, 1.29478132725, 2.11200404167, 8.24596405029, -6.95140695572, 3.36449813843, 12.6199331284, 66.7215576172, 15.5244884491, 1.68846082687], [9.56060028076, -58.4210777283, 27.1072826385, -21.4301795959, 36.5406570435, 8.00685405731, -21.1601581573, 10.373298645, -4.83979511261, 14.1474227905, 15.5244884491, 86.1442947388, 19.5517234802], [-46.5561256409, 17.7027683258, -33.8939933777, 32.2003822327, 10.963924408, 2.43698000908, -14.475777626, -3.56984019279, 13.5420598984, -13.1349315643, 1.68846082687, 19.5517234802, 59.2175750732]],
        "icov": [[0.00129337457474, 0.000122330966406, 6.10546194366e-05, -0.0002809301659, 0.000351255148416, 0.00139183714055, -2.82478285953e-05, -0.00170444056857, 0.00185026822146, -0.00158317154273, 0.000456586712971, 1.96586661332e-05, 0.000142208999023], [0.000122330966406, 0.00829388387501, -0.00466595543548, 0.00625457754359, -0.00508485315368, 0.00591894611716, -0.00682217162102, 0.00723595963791, -0.00977839156985, 0.0112294703722, -0.012202937156, 0.00906835403293, -0.00690768565983], [6.10546194366e-05, -0.00466595543548, 0.00561955897138, -0.00471620541066, 0.00338704278693, -0.00391997769475, 0.00371959852055, -0.00432576797903, 0.00727660441771, -0.00809263903648, 0.0107657667249, -0.0073281917721, 0.0060600223951], [-0.0002809301659, 0.00625457754359, -0.00471620541066, 0.0119999190792, -0.00575608061627, 0.00585797335953, -0.00646758172661, 0.00788796134293, -0.00882184784859, 0.0118160676211, -0.0137992640957, 0.0104223033413, -0.0100053343922], [0.000351255148416, -0.00508485315368, 0.00338704278693, -0.00575608061627, 0.00804909598082, -0.00655330391601, 0.00427247956395, -0.00420340709388, 0.0046572368592, -0.00746301701292, 0.00967612676322, -0.00894175097346, 0.00639124633744], [0.00139183714055, 0.00591894611716, -0.00391997769475, 0.00585797335953, -0.00655330391601, 0.0214661993086, -0.0115781286731, 0.00351132778451, -0.00685741798952, 0.00530492374673, -0.00850250944495, 0.00602209521458, -0.00739390263334], [-2.82478285953e-05, -0.00682217162102, 0.00371959852055, -0.00646758172661, 0.00427247956395, -0.0115781286731, 0.0220040548593, -0.0138138569891, 0.0108844498172, -0.00681535108015, 0.00591018656269, -0.00233315420337, 0.00849566981196], [-0.00170444056857, 0.00723595963791, -0.00432576797903, 0.00788796134293, -0.00420340709388, 0.00351132778451, -0.0138138569891, 0.0283709149808, -0.0188194699585, 0.00823264196515, -0.00705804722384, 0.0033053199295, -0.00606133136898], [0.00185026822146, -0.00977839156985, 0.00727660441771, -0.00882184784859, 0.0046572368592, -0.00685741798952, 0.0108844498172, -0.0188194699585, 0.0361451767385, -0.0213811695576, 0.0149306999519, -0.0054714595899, 0.00265833921731], [-0.00158317154273, 0.0112294703722, -0.00809263903648, 0.0118160676211, -0.00746301701292, 0.00530492374673, -0.00681535108015, 0.00823264196515, -0.0213811695576, 0.0397579781711, -0.0242523923516, 0.0110388053581, -0.00491003179923], [0.000456586712971, -0.012202937156, 0.0107657667249, -0.0137992640957, 0.00967612676322, -0.00850250944495, 0.00591018656269, -0.00705804722384, 0.0149306999519, -0.0242523923516, 0.0425425693393, -0.0223210882396, 0.0146130258217], [1.96586661332e-05, 0.00906835403293, -0.0073281917721, 0.0104223033413, -0.00894175097346, 0.00602209521458, -0.00233315420337, 0.0033053199295, -0.0054714595899, 0.0110388053581, -0.0223210882396, 0.0307545196265, -0.0173385031521], [0.000142208999023, -0.00690768565983, 0.0060600223951, -0.0100053343922, 0.00639124633744, -0.00739390263334, 0.00849566981196, -0.00606133136898, 0.00265833921731, -0.00491003179923, 0.0146130258217, -0.0173385031521, 0.0324160642922]]
    },
    "melbands": {
        "dmean": [0.000588741386309, 0.000712374923751, 0.0014318767935, 0.00137490325142, 0.000182227144251, 5.70893535041e-05, 5.49307078472e-05, 7.62926792959e-05, 5.17829466844e-05, 4.10233369621e-05, 3.03871984215e-05, 2.03403797059e-05, 3.05508692691e-05, 5.4892647313e-05, 3.8366055378e-05, 3.8447069528e-05, 3.19278842653e-05, 3.03334290948e-05, 3.3327134588e-05, 7.17177026672e-05, 4.25737634941e-05, 2.56494950008e-05, 1.90292284969e-05, 2.44343154918e-05, 9.68130734691e-06, 1.01864407043e-05, 9.39549227041e-06, 9.19493595575e-06, 5.52091523787e-06, 4.15060412706e-06, 3.45421062775e-06, 2.85906617137e-06, 2.09608788282e-06, 1.73873115727e-06, 1.40478471167e-06, 1.00092506727e-06, 7.11903282991e-07, 6.31961995623e-07, 5.33970762717e-07, 4.0859828232e-07],
        "dmean2": [0.000853564997669, 0.00119290873408, 0.00262620160356, 0.0025159153156, 0.000318310019793, 9.67953092186e-05, 8.88470967766e-05, 0.000123881793115, 8.16749161459e-05, 6.85384002281e-05, 4.96414359077e-05, 3.32055169565e-05, 4.91284372401e-05, 8.51840813993e-05, 5.7815668697e-05, 5.89376650169e-05, 5.02036346006e-05, 4.62793177576e-05, 4.94446103403e-05, 0.000110094093543, 6.51440714137e-05, 3.88075168303e-05, 2.94770707114e-05, 3.78348086087e-05, 1.49467796291e-05, 1.56105415954e-05, 1.47557157106e-05, 1.46227384903e-05, 8.52152697917e-06, 6.49017511023e-06, 5.21750644111e-06, 4.23528172178e-06, 3.07063760374e-06, 2.6672482818e-06, 2.05964829547e-06, 1.47903006109e-06, 1.08736981019e-06, 9.45321517065e-07, 7.81715471021e-07, 6.24867652732e-07],
        "dvar": [1.02841977423e-06, 1.0046449006e-06, 7.67959772929e-06, 1.27855755636e-05, 1.44376784306e-07, 9.59672963319e-09, 1.99886809327e-08, 3.41515971058e-08, 2.23282370371e-08, 1.97781524491e-08, 1.12029656663e-08, 1.17147325174e-09, 2.65520516685e-09, 1.03761594872e-08, 5.15010345481e-09, 4.53147164237e-09, 3.75831943344e-09, 3.40070172022e-09, 3.52155682393e-09, 9.28092092067e-09, 2.9218854003e-09, 8.32862889766e-10, 5.73913583324e-10, 2.02262162574e-09, 1.58553253859e-10, 1.96746730019e-10, 1.76550843389e-10, 1.99106939269e-10, 6.44528666549e-11, 3.53876199177e-11, 2.97686666983e-11, 2.3500631996e-11, 1.11354345883e-11, 8.65955397666e-12, 4.49565298183e-12, 2.57488019621e-12, 1.68497952136e-12, 1.11853809635e-12, 8.38404486895e-13, 4.77044998556e-13],
        "dvar2": [2.16819603338e-06, 2.32189177041e-06, 2.15621512325e-05, 3.53291543433e-05, 3.75230570171e-07, 2.48348630549e-08, 4.42692069669e-08, 8.75767369735e-08, 4.91695111293e-08, 5.43057865343e-08, 2.8835072996e-08, 2.83871814943e-09, 7.31713978297e-09, 2.63618424867e-08, 1.21905445738e-08, 1.09166871098e-08, 8.11448330751e-09, 7.56598250717e-09, 6.54672893674e-09, 2.06138004444e-08, 6.28514795764e-09, 1.75969927518e-09, 1.26692045743e-09, 4.65897720403e-09, 3.55229068383e-10, 4.15643214291e-10, 4.81340467484e-10, 5.48894651953e-10, 1.68355954178e-10, 9.03157340582e-11, 6.92802690216e-11, 5.07705405495e-11, 2.38133714137e-11, 2.05175425261e-11, 9.60886491902e-12, 5.72329119861e-12, 3.72497952622e-12, 2.42669187696e-12, 1.73765353235e-12, 1.0132111079e-12],
        "max": [0.00701904669404, 0.0100967232138, 0.01884611696, 0.0271404050291, 0.00368645344861, 0.000935908872634, 0.003091649618, 0.00305149122141, 0.00269380118698, 0.00218299287371, 0.00237784977071, 0.000558298663236, 0.00095913792029, 0.00154359533917, 0.00125727045815, 0.0011723653879, 0.00111657439265, 0.000992053421214, 0.00124209770001, 0.00109221413732, 0.00068723707227, 0.000429732521297, 0.00046974918223, 0.000626215478405, 0.000125726844999, 0.000190650185687, 0.000137792361784, 0.00021446030587, 0.0001222762221, 6.10540082562e-05, 6.76463605487e-05, 6.44894898869e-05, 3.48040084646e-05, 3.85245621146e-05, 2.54632923316e-05, 1.66421305039e-05, 1.27109888126e-05, 1.0354204278e-05, 8.69331324793e-06, 7.23701623428e-06],
        "mean": [0.000759321264923, 0.00152100785635, 0.00165982218459, 0.00105580990203, 0.000177150403033, 6.90034794388e-05, 7.47966987547e-05, 9.57677839324e-05, 8.03548609838e-05, 6.75653354847e-05, 5.04764611833e-05, 3.64420156984e-05, 4.9016547564e-05, 9.11726674531e-05, 6.42825689283e-05, 6.48026762065e-05, 5.56297054572e-05, 4.82310060761e-05, 5.9837133449e-05, 0.000124057507492, 8.31289871712e-05, 4.90355305374e-05, 3.44918371411e-05, 3.78142867703e-05, 1.75444747583e-05, 1.88988105947e-05, 1.65572073456e-05, 1.68014794326e-05, 1.02419116956e-05, 7.90375997894e-06, 6.46118905934e-06, 5.38745007361e-06, 4.10165648645e-06, 3.29453587256e-06, 2.69236625172e-06, 1.74235935901e-06, 1.1676260101e-06, 1.05417154828e-06, 8.87210546807e-07, 6.35047001651e-07],
        "median": [0.000280163803836, 0.000986319151707, 0.00107507163193, 0.000269504031166, 6.87913707225e-05, 3.68387300114e-05, 2.85496116703e-05, 2.8432421459e-05, 1.89369638974e-05, 1.14144695544e-05, 1.65412566275e-05, 2.27138662012e-05, 2.92330132652e-05, 4.40632065875e-05, 3.40630685969e-05, 3.51110211341e-05, 3.12583506457e-05, 2.15182190004e-05, 3.08593262162e-05, 7.40580799174e-05, 5.87028553127e-05, 3.51821945515e-05, 2.43415743171e-05, 1.8215027012e-05, 1.13174401122e-05, 1.17538520499e-05, 1.04735609057e-05, 1.10638093247e-05, 6.64739081913e-06, 4.76827744933e-06, 3.65837559002e-06, 3.1777174172e-06, 2.38636789618e-06, 2.07846028388e-06, 1.68907638454e-06, 1.04077639662e-06, 6.25988491265e-07, 5.59916941256e-07, 4.33156458257e-07, 3.32536643555e-07],
        "min": [1.62064134202e-06, 4.71779003419e-06, 1.73060161615e-05, 9.36432661547e-06, 2.30796558753e-06, 1.20005950066e-06, 7.10185588559e-07, 5.28636576291e-07, 3.3654220033e-07, 4.02278800493e-07, 3.64204453263e-07, 1.17941084454e-07, 2.19415795755e-07, 8.92887271675e-07, 1.08616382022e-06, 3.55886726311e-07, 1.06086062601e-07, 2.92518478773e-07, 2.49823187914e-07, 1.5516673102e-07, 5.15643819199e-07, 2.94118308375e-07, 4.41193662937e-07, 2.98844469171e-07, 2.47196794589e-07, 2.52537859069e-07, 2.58623799709e-07, 1.11485512377e-07, 1.22230417787e-07, 1.57596673489e-07, 1.26015095248e-07, 1.18140022209e-07, 5.74111034268e-08, 3.86471619152e-08, 5.53190524499e-08, 1.959569218e-08, 2.5271142956e-09, 1.16600524791e-08, 8.71979111139e-09, 1.49624534984e-09],
