{
"highlevel": {
    "danceability": {
        "all": {
            "danceable": 0.996434211731,
            "not_danceable": 0.00356580130756
        },
        "probability": 0.996434211731,
        "value": "danceable"
    },
    "gender": {
        "all": {
            "female": 0.857494473457,
            "male": 0.142505511642
        },
        "probability": 0.857494473457,
        "value": "female"
    },
    "genre_dortmund": {
        "all": {
            "alternative": 0.0897219479084,
            "blues": 0.0552809424698,
            "electronic": 0.269620090723,
            "folkcountry": 0.0887901112437,
            "funksoulrnb": 0.0098680621013,
            "jazz": 0.0354750156403,
            "pop": 0.108766533434,
            "raphiphop": 0.240523159504,
            "rock": 0.101954139769
        },
        "probability": 0.269620090723,
        "value": "electronic"
    },
    "genre_electronic": {
        "all": {
            "ambient": 0.145203366876,
            "dnb": 0.437290906906,
            "house": 0.169252097607,
            "techno": 0.00912253931165,
            "trance": 0.239131093025
        },
        "probability": 0.437290906906,
        "value": "dnb"
    },
    "genre_rosamerica": {
        "all": {
            "cla": 0.00399963278323,
            "dan": 0.484902232885,
            "hip": 0.0671746134758,
            "jaz": 0.00372940069064,
            "pop": 0.230978190899,
            "rhy": 0.0412634573877,
            "roc": 0.16537438333,
            "spe": 0.00257808156312
        },
        "probability": 0.484902232885,
        "value": "dan"
    },
    "genre_tzanetakis": {
        "all": {
            "blu": 0.0610442385077,
            "cla": 0.0339068844914,
            "cou": 0.0610288381577,
            "dis": 0.0508533753455,
            "hip": 0.152552962303,
            "jaz": 0.15253444016,
            "met": 0.0610075257719,
            "pop": 0.0610079243779,
            "reg": 0.0610093250871,
            "roc": 0.305054485798
        },
        "probability": 0.305054485798,
        "value": "roc"
    },
    "ismir04_rhythm": {
        "all": {
            "ChaChaCha": 0.172706454992,
            "Jive": 0.370629221201,
            "Quickstep": 0.0223697312176,
            "Rumba-American": 0.0210228860378,
            "Rumba-International": 0.0965605899692,
            "Rumba-Misc": 0.0200250521302,
            "Samba": 0.172391921282,
            "Tango": 0.0297976825386,
            "VienneseWaltz": 0.0732848644257,
            "Waltz": 0.0212116036564
        },
        "probability": 0.370629221201,
        "value": "Jive"
    },
    "mood_acoustic": {
        "all": {
            "acoustic": 0.00357142603025,
            "not_acoustic": 0.99642854929
        },
        "probability": 0.99642854929,
        "value": "not_acoustic"
    },
    "mood_aggressive": {
        "all": {
            "aggressive": 0.260468453169,
            "not_aggressive": 0.739531517029
        },
        "probability": 0.739531517029,
        "value": "not_aggressive"
    },
    "mood_electronic": {
        "all": {
            "electronic": 0.617007136345,
            "not_electronic": 0.382992863655
        },
        "probability": 0.617007136345,
        "value": "electronic"
    },
    "mood_happy": {
        "all": {
            "happy": 0.660960614681,
            "not_happy": 0.339039355516
        },
        "probability": 0.660960614681,
        "value": "happy"
    },
    "mood_party": {
        "all": {
            "not_party": 0.143741473556,
            "party": 0.856258511543
        },
        "probability": 0.856258511543,
        "value": "party"
    },
    "mood_relaxed": {
        "all": {
            "not_relaxed": 0.929568350315,
            "relaxed": 0.0704316198826
        },
        "probability": 0.929568350315,
        "value": "not_relaxed"
    },
    "mood_sad": {
        "all": {
            "not_sad": 0.934782862663,
            "sad": 0.0652171224356
        },
        "probability": 0.934782862663,
        "value": "not_sad"
    },
    "moods_mirex": {
        "all": {
            "Cluster1": 0.184271737933,
            "Cluster2": 0.234789699316,
            "Cluster3": 0.215983867645,
            "Cluster4": 0.225635051727,
            "Cluster5": 0.139319643378
        },
        "probability": 0.234789699316,
        "value": "Cluster2"
    },
    "timbre": {
        "all": {
            "bright": 0.895351052284,
            "dark": 0.104648970068
        },
        "probability": 0.895351052284,
        "value": "bright"
    },
    "tonal_atonal": {
        "all": {
            "atonal": 0.375781208277,
            "tonal": 0.624218821526
        },
        "probability": 0.624218821526,
        "value": "tonal"
    },
    "voice_instrumental": {
        "all": {
            "instrumental": 0.00818913802505,
            "voice": 0.99181085825
        },
        "probability": 0.99181085825,
        "value": "voice"
    }
},
"lowlevel": {
    "average_loudness": 0.953827440739,
    "barkbands_crest": {
        "dmean": 3.08184576035,
        "dmean2": 4.57601165771,
        "dvar": 9.21122264862,
        "dvar2": 18.7324733734,
        "max": 25.2841358185,
        "mean": 12.7960205078,
        "median": 12.3164806366,
        "min": 1.96186733246,
        "var": 27.563419342
    },
    "barkbands_flatness_db": {
        "dmean": 0.0328917317092,
        "dmean2": 0.0443947538733,
        "dvar": 0.000971626024693,
        "dvar2": 0.00174159079324,
        "max": 0.443892866373,
        "mean": 0.162820652127,
        "median": 0.157996311784,
        "min": 0.0280275922269,
        "var": 0.0037970233243
    },
    "barkbands_kurtosis": {
        "dmean": 5.80320978165,
        "dmean2": 8.42112827301,
        "dvar": 137.185165405,
        "dvar2": 251.558746338,
        "max": 282.525177002,
        "mean": 8.12474536896,
        "median": 3.00661706924,
        "min": -1.74436855316,
        "var": 435.863922119
    },
    "barkbands_skewness": {
        "dmean": 0.828150689602,
        "dmean2": 1.20634615421,
        "dvar": 0.696806490421,
        "dvar2": 1.51695334911,
        "max": 12.2030630112,
        "mean": 2.1688914299,
        "median": 1.93730509281,
        "min": -2.37076973915,
        "var": 2.75878739357
    },
    "barkbands_spread": {
        "dmean": 9.34276676178,
        "dmean2": 13.9196691513,
        "dvar": 101.72366333,
        "dvar2": 225.086990356,
        "max": 86.4082946777,
        "mean": 25.6392116547,
        "median": 23.6593818665,
        "min": 0.512099385262,
        "var": 219.191131592
    },
    "dissonance": {
        "dmean": 0.0160386674106,
        "dmean2": 0.0268304888159,
        "dvar": 0.00024347694125,
        "dvar2": 0.000612608797383,
        "max": 0.499927103519,
        "mean": 0.472402513027,
        "median": 0.477383762598,
        "min": 0.304530918598,
        "var": 0.000492058286909
    },
    "dynamic_complexity": 2.17196536064,
    "erbbands_crest": {
        "dmean": 2.7313876152,
        "dmean2": 4.31851196289,
        "dvar": 5.86653137207,
        "dvar2": 14.2073879242,
        "max": 27.7233428955,
        "mean": 8.55764484406,
        "median": 7.64873600006,
        "min": 2.710242033,
        "var": 15.679350853
    },
    "erbbands_flatness_db": {
        "dmean": 0.0210354179144,
        "dmean2": 0.0295063499361,
        "dvar": 0.000349766341969,
        "dvar2": 0.000740707444493,
        "max": 0.262728691101,
        "mean": 0.140114739537,
        "median": 0.138283237815,
        "min": 0.065931648016,
        "var": 0.00126775691751
    },
    "erbbands_kurtosis": {
        "dmean": 1.03123772144,
        "dmean2": 1.65557038784,
        "dvar": 2.56430649757,
        "dvar2": 6.55141830444,
        "max": 26.1134986877,
        "mean": 0.602522194386,
        "median": 0.0202958583832,
        "min": -1.90207946301,
        "var": 4.26645708084
    },
    "erbbands_skewness": {
        "dmean": 0.386788278818,
        "dmean2": 0.581870913506,
        "dvar": 0.146148592234,
        "dvar2": 0.283568829298,
        "max": 4.4947719574,
        "mean": -0.158785432577,
        "median": -0.235165387392,
        "min": -3.15989780426,
        "var": 0.507546722889
    },
    "erbbands_spread": {
        "dmean": 10.3552808762,
        "dmean2": 15.9485731125,
        "dvar": 128.881362915,
        "dvar2": 330.503479004,
        "max": 160.049880981,
        "mean": 42.216796875,
        "median": 40.2311859131,
        "min": 8.0166759491,
        "var": 352.995819092
    },
    "hfc": {
        "dmean": 14.5387039185,
        "dmean2": 22.4849758148,
        "dvar": 702.115600586,
        "dvar2": 1793.95617676,
        "max": 277.549346924,
        "mean": 28.7696399689,
        "median": 20.4542865753,
        "min": 0.176429048181,
        "var": 788.703308105
    },
    "melbands_crest": {
        "dmean": 3.6472902298,
        "dmean2": 5.55882453918,
        "dvar": 13.707400322,
        "dvar2": 31.5464420319,
        "max": 31.855966568,
        "mean": 19.9990844727,
        "median": 20.4159908295,
        "min": 4.1039648056,
        "var": 40.0369377136
    },
    "melbands_flatness_db": {
        "dmean": 0.0422733835876,
        "dmean2": 0.0573528185487,
        "dvar": 0.00174351281021,
        "dvar2": 0.00337934889831,
        "max": 0.547358155251,
        "mean": 0.225019350648,
        "median": 0.222149938345,
        "min": 0.0449855141342,
        "var": 0.00646485108882
    },
    "melbands_kurtosis": {
        "dmean": 15.9674329758,
        "dmean2": 23.3882808685,
        "dvar": 790.687133789,
        "dvar2": 1643.36584473,
        "max": 557.552307129,
        "mean": 28.7947387695,
        "median": 15.4685821533,
        "min": -1.82197380066,
        "var": 2694.01708984
    },
    "melbands_skewness": {
        "dmean": 1.21584784985,
        "dmean2": 1.79500639439,
        "dvar": 1.59839773178,
        "dvar2": 3.79904603958,
        "max": 20.1866645813,
        "mean": 3.98973298073,
        "median": 3.64095067978,
        "min": -0.452472120523,
        "var": 6.14099025726
    },
    "melbands_spread": {
        "dmean": 9.80527210236,
        "dmean2": 15.3326768875,
        "dvar": 189.785064697,
        "dvar2": 440.368225098,
        "max": 225.410415649,
        "mean": 22.0763969421,
        "median": 16.5261001587,
        "min": 0.354111552238,
        "var": 374.776306152
    },
    "pitch_salience": {
        "dmean": 0.0913701429963,
        "dmean2": 0.131846517324,
        "dvar": 0.00846341624856,
        "dvar2": 0.0172253567725,
        "max": 0.824030339718,
        "mean": 0.409575819969,
        "median": 0.397517323494,
        "min": 0.0338024497032,
        "var": 0.0240410678089
    },
    "silence_rate_20dB": {
        "dmean": 0,
        "dmean2": 0,
        "dvar": 0,
        "dvar2": 0,
        "max": 1,
        "mean": 1,
        "median": 1,
        "min": 1,
        "var": 0
    },
    "silence_rate_30dB": {
        "dmean": 0.0681114569306,
        "dmean2": 0.136328428984,
        "dvar": 0.0634718760848,
        "dvar2": 0.140980437398,
        "max": 1,
        "mean": 0.916473329067,
        "median": 1,
        "min": 0,
        "var": 0.0765483379364
    },
    "silence_rate_60dB": {
        "dmean": 0.0061919502914,
        "dmean2": 0.0123934932053,
        "dvar": 0.00615358306095,
        "dvar2": 0.013789200224,
        "max": 1,
        "mean": 0.0162412989885,
        "median": 0,
        "min": 0,
        "var": 0.015977460891
    },
    "spectral_centroid": {
        "dmean": 355.893096924,
        "dmean2": 536.655517578,
        "dvar": 139825.5625,
        "dvar2": 314489.71875,
        "max": 5046.71386719,
        "mean": 1592.17175293,
        "median": 1569.49914551,
        "min": 123.72328949,
        "var": 371995.75
    },
    "spectral_complexity": {
        "dmean": 6.07507753372,
        "dmean2": 8.82339286804,
        "dvar": 43.1902160645,
        "dvar2": 80.5281906128,
        "max": 60,
        "mean": 22.0464038849,
        "median": 20,
        "min": 1,
        "var": 130.542312622
    },
    "spectral_decrease": {
        "dmean": 3.62076280069e-09,
        "dmean2": 5.22957588345e-09,
        "dvar": 1.88598850567e-17,
        "dvar2": 4.3792784587e-17,
        "max": -1.01244797268e-10,
        "mean": -1.23677139641e-08,
        "median": -1.07363353763e-08,
        "min": -4.71006913472e-08,
        "var": 7.40776899186e-17
    },
    "spectral_energy": {
        "dmean": 0.0142721552402,
        "dmean2": 0.0208174195141,
        "dvar": 0.000276122736977,
        "dvar2": 0.000648934510536,
        "max": 0.17937259376,
        "mean": 0.0492881350219,
        "median": 0.0430140271783,
        "min": 0.000434175977716,
        "var": 0.001104721101
    },
    "spectral_energyband_high": {
        "dmean": 0.00117774889804,
        "dmean2": 0.0017701392062,
        "dvar": 5.53943436898e-06,
        "dvar2": 1.38948971653e-05,
        "max": 0.0256098397076,
        "mean": 0.00154743075836,
        "median": 0.000651435460895,
        "min": 1.14264150852e-06,
        "var": 5.86244914302e-06
    },
    "spectral_energyband_low": {
        "dmean": 0.013148792088,
        "dmean2": 0.0185203067958,
        "dvar": 0.000307079375489,
        "dvar2": 0.000691820343491,
        "max": 0.172872275114,
        "mean": 0.0341486819088,
        "median": 0.0268705207855,
        "min": 2.86372625169e-07,
        "var": 0.000995823531412
    },
    "spectral_energyband_middle_high": {
        "dmean": 0.0030089917127,
        "dmean2": 0.0047778794542,
        "dvar": 1.7845442926e-05,
        "dvar2": 4.44930919912e-05,
        "max": 0.0442200340331,
        "mean": 0.00704033439979,
        "median": 0.00506547605619,
        "min": 5.6928606682e-06,
        "var": 4.1369759856e-05
    },
    "spectral_energyband_middle_low": {
        "dmean": 0.00455042347312,
        "dmean2": 0.00757483066991,
        "dvar": 5.76579441258e-05,
        "dvar2": 0.000152754408191,
        "max": 0.0629360973835,
        "mean": 0.0072758034803,
        "median": 0.00489901890978,
        "min": 8.64193680172e-06,
        "var": 5.92804317421e-05
    },
    "spectral_entropy": {
        "dmean": 0.201569855213,
        "dmean2": 0.273211866617,
        "dvar": 0.0446335338056,
        "dvar2": 0.0762743726373,
        "max": 8.52258682251,
        "mean": 7.71020174026,
        "median": 7.73213529587,
        "min": 5.64113092422,
        "var": 0.160632446408
    },
    "spectral_flux": {
        "dmean": 0.0337815023959,
        "dmean2": 0.0549287088215,
        "dvar": 0.00124255008996,
        "dvar2": 0.00272196740843,
        "max": 0.295846402645,
        "mean": 0.104729115963,
        "median": 0.0895524099469,
        "min": 0.00656307814643,
        "var": 0.00320178526454
    },
    "spectral_kurtosis": {
        "dmean": 1.47200834751,
        "dmean2": 2.40659832954,
        "dvar": 2.87012410164,
        "dvar2": 7.38084125519,
        "max": 18.9445400238,
        "mean": 3.76697087288,
        "median": 3.31192588806,
        "min": -1.14607739449,
        "var": 5.98785400391
    },
    "spectral_rms": {
        "dmean": 0.000970973982476,
        "dmean2": 0.00138771836646,
        "dvar": 9.44180783335e-07,
        "dvar2": 2.12316126635e-06,
        "max": 0.0132286679,
        "mean": 0.00651943543926,
        "median": 0.00647803256288,
        "min": 0.000650835107081,
        "var": 5.58291685593e-06
    },
    "spectral_rolloff": {
        "dmean": 734.963623047,
        "dmean2": 1220.77038574,
        "dvar": 1261377.125,
        "dvar2": 2926350.25,
        "max": 9926.80664062,
        "mean": 1208.05773926,
        "median": 775.1953125,
        "min": 64.599609375,
        "var": 1800831.5
    },
    "spectral_skewness": {
        "dmean": 0.25061622262,
        "dmean2": 0.394195944071,
        "dvar": 0.0631525814533,
        "dvar2": 0.147762387991,
        "max": 3.4775249958,
        "mean": 1.43638241291,
        "median": 1.42328941822,
        "min": -0.100600168109,
        "var": 0.187773346901
    },
    "spectral_spread": {
        "dmean": 773040.5625,
        "dmean2": 1125467.25,
        "dvar": 670543118336,
        "dvar2": 1.40569293619e+12,
        "max": 13414246,
        "mean": 4865836,
        "median": 4646666.5,
        "min": 2084669.375,
        "var": 2.33532660122e+12
    },
    "spectral_strongpeak": {
        "dmean": 0.285517513752,
        "dmean2": 0.493617743254,
        "dvar": 0.390022754669,
        "dvar2": 1.02171003819,
        "max": 7.53818416595,
        "mean": 0.509831547737,
        "median": 0.337836652994,
        "min": 0,
        "var": 0.420685112476
    },
    "zerocrossingrate": {
        "dmean": 0.0147206215188,
        "dmean2": 0.0169457420707,
        "dvar": 0.000213295803405,
        "dvar2": 0.000267869589152,
        "max": 0.287109375,
        "mean": 0.0546716377139,
        "median": 0.04833984375,
        "min": 0.00439453125,
        "var": 0.00103370670695
    },
    "barkbands": {
        "dmean": [0.000805717136245, 0.0113081755117, 0.00393003644422, 0.00133850204293, 0.00127430690918, 0.0013693497749, 0.00107953208499, 0.00028556396137, 0.000517469947226, 0.000648711109534, 0.000346162589267, 0.000387545791455, 0.000631541130133, 0.000531969242729, 0.000811667821836, 0.000435883470345, 0.000347731664078, 0.000360260746675, 0.000388651445974, 0.000227971759159, 0.00023188139312, 0.000262732297415, 0.000199848465854, 0.00016854860587, 0.000195538013941, 0.000135866721394, 2.36367707629e-08],
        "dmean2": [0.00140982179437, 0.015931615606, 0.00616595894098, 0.00226913508959, 0.00218689977191, 0.00221015326679, 0.00179632520303, 0.00048968300689, 0.000897524820175, 0.00103042507544, 0.000571172917262, 0.000625310582109, 0.0010290768696, 0.00083930027904, 0.0013725013705, 0.00072240823647, 0.000564148940612, 0.000598553626332, 0.000647486594971, 0.000368873385014, 0.000366847234545, 0.000413329718867, 0.00030454917578, 0.000257818843238, 0.000313589902362, 0.000234012200963, 4.45626469059e-08],
        "dvar": [1.40685949646e-06, 0.000275256315945, 7.49901955714e-05, 1.07430796561e-05, 4.90863885716e-06, 5.82397706239e-06, 2.65454900727e-06, 2.84206777224e-07, 2.39656310441e-06, 1.52048141899e-06, 4.61832570409e-07, 7.65672325542e-07, 1.20401261938e-06, 1.06488460005e-06, 1.37725214699e-06, 6.15624855982e-07, 2.67521386377e-07, 4.54860611399e-07, 8.2626678477e-07, 1.9323177014e-07, 2.4849782676e-07, 3.23788611922e-07, 1.1553949264e-07, 9.87191342006e-08, 1.86776233591e-07, 1.41239183904e-07, 1.42016788073e-14],
        "dvar2": [4.48016453447e-06, 0.00053642259445, 0.000184016418643, 2.75607217191e-05, 1.33604362418e-05, 1.45331350723e-05, 7.14687803338e-06, 7.78667470058e-07, 6.81480241838e-06, 3.41583086083e-06, 1.17024239898e-06, 1.86200270491e-06, 2.99848943541e-06, 2.37176868723e-06, 3.88996340916e-06, 1.57222780217e-06, 6.46533294457e-07, 1.17035483527e-06, 2.26929250857e-06, 4.82080054098e-07, 6.09207745583e-07, 7.90303147369e-07, 2.77846083918e-07, 2.41571797233e-07, 4.46108288088e-07, 3.92052356801e-07, 4.15440285526e-14],
        "max": [0.010473318398, 0.167973473668, 0.0678462311625, 0.0349130555987, 0.0232859756798, 0.0338666252792, 0.0176653955132, 0.00409089028835, 0.0172360539436, 0.0253559257835, 0.0111741591245, 0.0189135093242, 0.0177854094654, 0.0220728609711, 0.0112565746531, 0.00969782099128, 0.00502789393067, 0.00645947176963, 0.0098871095106, 0.00593538442627, 0.00423230323941, 0.0056714201346, 0.00296507985331, 0.00396177824587, 0.00572507549077, 0.00479465955868, 2.26365227718e-06],
        "mean": [0.00190788705368, 0.0247794445604, 0.00689641339704, 0.00132692279294, 0.00159519200679, 0.00171020266134, 0.00145127100404, 0.00030448124744, 0.000559869222343, 0.00103868904989, 0.000472939253086, 0.000634724681731, 0.000932289287448, 0.000812663929537, 0.00120895693544, 0.000574219448026, 0.000475149747217, 0.000451574975159, 0.000474657659652, 0.000276934384601, 0.000284839217784, 0.00029552335036, 0.000275430560578, 0.000224902265472, 0.000215291467612, 0.000107692190795, 1.43819054443e-08],
        "median": [0.00168902892619, 0.016542352736, 0.00277513032779, 0.000436617934611, 0.000805766903795, 0.000739358714782, 0.000849702337291, 0.00010623257549, 0.000198065070435, 0.000531468889676, 0.000221430556849, 0.000237073021708, 0.000401166384108, 0.000389226333937, 0.000605546229053, 0.000288398761768, 0.000263263063971, 0.000222490300075, 0.000228994511417, 0.000105485203676, 9.8473050457e-05, 8.37506959215e-05, 0.000118640018627, 7.43785058148e-05, 5.52833225811e-05, 1.32769555421e-05, 9.48520817445e-10],
        "min": [2.10334905049e-09, 7.98892507703e-09, 2.15669189174e-08, 2.93512727012e-07, 6.46327634968e-07, 5.96303777911e-07, 8.73194608175e-07, 3.08340162292e-07, 2.76348117723e-07, 2.42094898795e-07, 2.98396969356e-07, 4.09902241927e-07, 3.29567512836e-07, 1.00843479345e-07, 9.43186080349e-08, 3.46885968838e-07, 4.3814210926e-07, 3.23312946193e-07, 3.94424120032e-08, 1.78742936896e-07, 1.72075573346e-07, 7.60013136869e-08, 4.18959409387e-08, 2.2664263355e-08, 1.78705572562e-09, 7.06328355179e-12, 1.00972936609e-11],
        "var": [2.85700298264e-06, 0.000778660119977, 9.07766152523e-05, 8.89683724381e-06, 4.86935186927e-06, 7.60712555348e-06, 3.35281720254e-06, 2.51656160799e-07, 1.68540395862e-06, 3.64960533261e-06, 7.6760727552e-07, 1.5652753973e-06, 2.55708141594e-06, 1.7575067659e-06, 2.35581342167e-06, 7.00210989635e-07, 3.40623728334e-07, 4.40811788849e-07, 6.61327874241e-07, 2.03989642955e-07, 2.60394216411e-07, 3.42732306535e-07, 1.52899403361e-07, 1.5741795778e-07, 2.23328811444e-07, 9.31124830572e-08, 7.65485612587e-15]
    },
    "erbbands": {
        "dmean": [0.417329639196, 2.36153078079, 4.58815336227, 3.96663165092, 4.48386287689, 4.04237747192, 4.81767034531, 12.7039718628, 19.618894577, 7.99322128296, 7.41389751434, 12.1454877853, 14.5400371552, 19.8660030365, 13.6689863205, 15.3598299026, 27.5446414948, 29.348651886, 32.0551300049, 38.2827224731, 24.2631225586, 18.6174316406, 19.2569484711, 16.2258071899, 21.2410106659, 11.5912666321, 9.4651260376, 8.95041561127, 9.39402866364, 7.79476928711, 5.4921503067, 3.60986185074, 2.9159040451, 2.03256607056, 1.42699742317, 0.740564107895, 0.270712852478, 0.015699794516, 0.00032229538192, 3.11321782647e-05],
        "dmean2": [0.617262840271, 3.23116993904, 6.95624828339, 6.53157997131, 7.63911056519, 6.9775595665, 8.45659542084, 20.531085968, 32.3174591064, 12.9975404739, 12.9003334045, 21.0367012024, 24.0382556915, 32.0286979675, 22.1048946381, 24.9499912262, 45.2215766907, 46.2240829468, 54.343296051, 64.3017272949, 39.4839630127, 30.4975185394, 31.9749011993, 26.7281513214, 35.2874488831, 18.8504314423, 14.9654340744, 13.9484558105, 14.9317827225, 12.00730896, 8.44981956482, 5.5987944603, 4.53881120682, 3.16756248474, 2.34785103798, 1.2761169672, 0.472029030323, 0.0274279620498, 0.000556499871891, 5.00323731103e-05],
        "dvar": [0.494162082672, 12.6273193359, 75.5245285034, 90.5569610596, 75.6748046875, 58.5274887085, 138.452529907, 518.318969727, 775.164245605, 290.11227417, 247.535888672, 1476.56762695, 554.562744141, 1951.5625, 758.299560547, 1018.95251465, 2380.42553711, 2730.00317383, 3206.64135742, 4125.5703125, 2014.86535645, 828.176574707, 1383.24938965, 792.15423584, 3595.8215332, 535.739318848, 424.379882812, 381.66583252, 457.084716797, 200.286758423, 87.6763076782, 48.1784629822, 31.2863693237, 19.2924995422, 9.97134590149, 3.95257711411, 0.698328375816, 0.0018702885136, 7.95588789515e-07, 3.50498496893e-09],
        "dvar2": [1.05234050751, 24.4007911682, 180.028244019, 198.678390503, 203.540786743, 159.039016724, 384.319091797, 1262.02734375, 2059.82543945, 706.80657959, 689.412780762, 4207.36621094, 1483.6776123, 4372.37646484, 1725.42163086, 2415.77124023, 6078.38818359, 5819.91015625, 9079.20019531, 11079.7480469, 5090.30957031, 2011.92407227, 3643.88842773, 2012.60070801, 10087.2705078, 1368.96850586, 1046.63085938, 924.684265137, 1134.98242188, 470.988372803, 211.865386963, 119.371177673, 73.6982650757, 40.590423584, 25.0168647766, 10.8212976456, 1.99635112286, 0.00525635899976, 2.23928782361e-06, 9.8334718146e-09],
        "max": [6.23027992249, 35.0480537415, 71.9794235229, 104.774169922, 75.1890106201, 79.4358062744, 122.826980591, 322.022796631, 316.342926025, 237.116790771, 129.107406616, 451.706390381, 340.974151611, 926.406494141, 651.708374023, 604.37512207, 751.760864258, 1018.387146, 499.231262207, 794.622558594, 576.18951416, 292.394348145, 369.482757568, 227.539505005, 696.739990234, 293.665252686, 283.484466553, 189.875411987, 212.583953857, 137.194213867, 88.4652709961, 72.1139450073, 74.7031936646, 79.9615783691, 29.9720344543, 24.6978282928, 12.7038497925, 0.595427751541, 0.0125172389671, 0.000850033597089],
        "mean": [0.860686600208, 4.95638227463, 9.23321342468, 5.1617975235, 5.77882051468, 4.52720832825, 4.54665470123, 16.1143550873, 26.776802063, 11.1157445908, 8.3583688736, 13.6850366592, 22.6023960114, 32.3491973877, 22.7048416138, 25.7796878815, 43.201751709, 48.8222770691, 47.0503501892, 57.5702934265, 34.4489364624, 25.8619117737, 24.3480224609, 23.0691986084, 23.5543861389, 14.2016096115, 12.0563259125, 10.5940952301, 10.2892036438, 9.63119029999, 7.59308671951, 4.84771442413, 3.81318116188, 2.51562809944, 1.42261874676, 0.612315297127, 0.20258526504, 0.0118928384036, 0.000276403618045, 7.36150032026e-05],
        "median": [0.584177970886, 3.19733047485, 5.06670618057, 2.2311797142, 2.44904828072, 2.15390300751, 1.75898587704, 7.17263650894, 16.9358005524, 4.77114248276, 3.40925765038, 4.97834825516, 12.5834665298, 12.3174724579, 10.5056400299, 11.6320457458, 19.0732784271, 23.808216095, 22.2407875061, 27.7683429718, 18.3879680634, 13.5056085587, 11.7834653854, 13.4523429871, 8.89755630493, 5.36990594864, 4.77256774902, 3.23308539391, 2.76450014114, 3.44768595695, 3.34227800369, 1.77660739422, 1.08394217491, 0.654427647591, 0.32824370265, 0.0926963463426, 0.0170013774186, 0.0009351457702, 6.01034844294e-05, 5.74033110752e-05],
        "min": [2.09842687582e-06, 7.28575469111e-06, 0.000159673130838, 0.00304208369926, 0.00873926002532, 0.00260450388305, 0.00138371728826, 0.00454131420702, 0.0188839230686, 0.00796487275511, 0.0342180356383, 0.0118873147294, 0.0128492228687, 0.0113415541127, 0.0213199611753, 0.0185828600079, 0.0151786059141, 0.0139195527881, 0.00655229855329, 0.00477350037545, 0.0373361334205, 0.0322000533342, 0.0237574968487, 0.0378392636776, 0.00970098841935, 0.00849006976932, 0.00860559474677, 0.00794111099094, 0.0046813134104, 0.00784632563591, 0.00496467063203, 0.000958021497354, 0.000381521065719, 0.000324768421706, 6.67518106638e-05, 5.90605304751e-06, 2.14930560105e-06, 1.63304093803e-07, 2.96765193752e-07, 5.58301394449e-07],
        "var": [1.04282653332, 34.490322113, 116.147758484, 97.1857910156, 77.5013198853, 52.4886169434, 93.4980239868, 705.640319824, 970.721557617, 454.07220459, 199.666671753, 1051.14550781, 831.223144531, 4676.88330078, 1587.94592285, 2060.99658203, 5295.04541016, 5900.734375, 4526.62402344, 6209.19775391, 2375.26733398, 1024.1661377, 1286.46472168, 842.490539551, 2650.49902344, 546.468505859, 437.329223633, 421.353088379, 466.265655518, 238.322509766, 117.185310364, 64.9573364258, 53.8420448303, 32.4081077576, 9.69091320038, 2.73791050911, 0.417663246393, 0.00118210702203, 5.07997413024e-07, 3.86631571203e-09]
    },
    "gfcc": {
        "mean": [23.4212741852, 83.572303772, -114.003395081, 47.7458686829, -44.3603401184, 32.4561347961, -36.2387580872, 16.9253482819, -16.9151592255, 9.78730392456, -9.47684764862, 2.97485637665, -8.58935546875],
        "cov": [[4428.61865234, -1072.13146973, 46.752117157, -179.88520813, -45.6296577454, 226.365783691, -171.329818726, 274.924957275, -173.211700439, 334.371002197, -140.496887207, 279.181884766, -137.063018799], [-1072.13146973, 1175.29406738, -96.3651123047, 48.575214386, 301.504547119, -73.7522506714, 233.987030029, -65.4299926758, 201.574645996, -112.504272461, 211.725082397, -128.7447052, 154.057159424], [46.752117157, -96.3651123047, 670.562988281, 151.217819214, 109.526809692, 93.1403427124, 29.5627479553, 133.711166382, 36.4778327942, 55.2317695618, -17.0168590546, 69.4561004639, -84.1100921631], [-179.88520813, 48.575214386, 151.217819214, 438.77935791, 34.9732131958, 21.8172416687, 72.0262756348, 6.20725059509, 143.674728394, -43.668296814, 9.98788928986, -47.8261070251, 34.2473602295], [-45.6296577454, 301.504547119, 109.526809692, 34.9732131958, 444.56060791, 115.817749023, 204.674926758, 85.9762649536, 85.3247375488, 94.5082092285, 55.4567337036, 46.7449073792, 51.6836357117], [226.365783691, -73.7522506714, 93.1403427124, 21.8172416687, 115.817749023, 305.947021484, 121.674232483, 70.9188766479, 34.2148208618, 84.9748764038, 38.7378082275, -11.1164999008, 24.0062084198], [-171.329818726, 233.987030029, 29.5627479553, 72.0262756348, 204.674926758, 121.674232483, 264.278625488, 47.0117225647, 92.6877746582, 59.9696807861, 48.4678421021, -3.10444068909, 58.176651001], [274.924957275, -65.4299926758, 133.711166382, 6.20725059509, 85.9762649536, 70.9188766479, 47.0117225647, 172.292434692, 60.7196884155, 50.083820343, 11.9981250763, 55.0286865234, -5.01716899872], [-173.211700439, 201.574645996, 36.4778327942, 143.674728394, 85.3247375488, 34.2148208618, 92.6877746582, 60.7196884155, 207.079025269, 5.87288808823, 51.0326576233, -19.3245201111, 48.363193512], [334.371002197, -112.504272461, 55.2317695618, -43.668296814, 94.5082092285, 84.9748764038, 59.9696807861, 50.083820343, 5.87288808823, 172.770187378, 1.25658488274, 46.5279769897, 2.74671459198], [-140.496887207, 211.725082397, -17.0168590546, 9.98788928986, 55.4567337036, 38.7378082275, 48.4678421021, 11.9981250763, 51.0326576233, 1.25658488274, 131.125869751, -17.6697044373, 38.2207527161], [279.181884766, -128.7447052, 69.4561004639, -47.8261070251, 46.7449073792, -11.1164999008, -3.10444068909, 55.0286865234, -19.3245201111, 46.5279769897, -17.6697044373, 148.644210815, -2.28851723671], [-137.063018799, 154.057159424, -84.1100921631, 34.2473602295, 51.6836357117, 24.0062084198, 58.176651001, -5.01716899872, 48.363193512, 2.74671459198, 38.2207527161, -2.28851723671, 124.857521057]],
        "icov": [[0.000396339950385, -5.33316051587e-05, 0.000324149412336, -0.00027709355345, 9.61074256338e-05, -0.000376557640266, 0.000459975883132, -0.000672043766826, 0.000357380893547, -0.000682306184899, 0.000218155255425, -0.000539279251825, 0.000386459403671], [-5.33316051587e-05, 0.00443262746558, -0.0011636900017, 0.00226446753368, -0.00266768527217, 0.00299502280541, -0.00256349425763, 0.00257623312064, -0.00282757892273, 0.00334416958503, -0.00427788216621, 0.00330266356468, -0.00271471892484], [0.000324149412336, -0.0011636900017, 0.00301998201758, -0.0020070578903, 0.000287783594104, -0.00155111879576, 0.00136103096884, -0.00248262751848, 0.00140078458935, -0.00154684414156, 0.00117059471086, -0.00208226032555, 0.00291671557352], [-0.00027709355345, 0.00226446753368, -0.0020070578903, 0.00515562249348, -0.00115968449973, 0.00169390358496, -0.00213214685209, 0.00287636835128, -0.0042537865229, 0.00312306312844, -0.0013524472015, 0.00272965664044, -0.00255799712613], [9.61074256338e-05, -0.00266768527217, 0.000287783594104, -0.00115968449973, 0.00566021958366, -0.00178745365702, -0.000997601309791, -0.00206159730442, 0.00152206758503, -0.00290793459862, 0.00195932923816, -0.00281177810393, 0.00111476494931], [-0.000376557640266, 0.00299502280541, -0.00155111879576, 0.00169390358496, -0.00178745365702, 0.00735152838752, -0.00375257595442, 0.000654593692161, -0.00113709375728, 0.00100331474096, -0.00379984569736, 0.00440477253869, -0.00285482197069], [0.000459975883132, -0.00256349425763, 0.00136103096884, -0.00213214685209, -0.000997601309791, -0.00375257595442, 0.00954418256879, -0.00196493742988, 0.000562211498618, -0.0033955371473, 0.00244971434586, -0.00200615823269, 0.000848327821586], [-0.000672043766826, 0.00257623312064, -0.00248262751848, 0.00287636835128, -0.00206159730442, 0.000654593692161, -0.00196493742988, 0.0125018479303, -0.00585185503587, 0.00268667377532, -0.00259113823995, -0.000321727478877, -0.00123752083164], [0.000357380893547, -0.00282757892273, 0.00140078458935, -0.0042537865229, 0.00152206758503, -0.00113709375728, 0.000562211498618, -0.00585185503587, 0.0112744094804, -0.00294664734975, 0.000826815783512, -0.00103482988197, 0.000508699507918], [-0.000682306184899, 0.00334416958503, -0.00154684414156, 0.00312306312844, -0.00290793459862, 0.00100331474096, -0.0033955371473, 0.00268667377532, -0.00294664734975, 0.0118536045775, -0.00272838491946, 0.00137589720543, -0.00233198818751], [0.000218155255425, -0.00427788216621, 0.00117059471086, -0.0013524472015, 0.00195932923816, -0.00379984569736, 0.00244971434586, -0.00259113823995, 0.000826815783512, -0.00272838491946, 0.0137916868553, -0.00237328978255, 0.000825748487841], [-0.000539279251825, 0.00330266356468, -0.00208226032555, 0.00272965664044, -0.00281177810393, 0.00440477253869, -0.00200615823269, -0.000321727478877, -0.00103482988197, 0.00137589720543, -0.00237328978255, 0.0128302294761, -0.0042473920621], [0.000386459403671, -0.00271471892484, 0.00291671557352, -0.00255799712613, 0.00111476494931, -0.00285482197069, 0.000848327821586, -0.00123752083164, 0.000508699507918, -0.00233198818751, 0.000825748487841, -0.0042473920621, 0.0136155169457]]
    },
    "melbands": {
        "dmean": [0.00332412193529, 0.002442314988, 0.000695077294949, 0.000300507701468, 0.000168073675013, 0.000292138778605, 0.000283820787445, 7.56562731112e-05, 6.51789741823e-05, 7.65633885749e-05, 7.29268795112e-05, 8.45252070576e-05, 4.90991260449e-05, 4.67974678031e-05, 4.41647716798e-05, 6.67093408993e-05, 5.62536151847e-05, 5.04535782966e-05, 5.30906072527e-05, 4.0244183765e-05, 2.75752627203e-05, 2.11794031202e-05, 1.82836138265e-05, 1.77826623258e-05, 1.31932465592e-05, 1.59955907293e-05, 1.1263749002e-05, 7.36209631214e-06, 6.04722436037e-06, 6.48744980936e-06, 4.84596512251e-06, 5.56450913791e-06, 5.22006985193e-06, 4.15672457166e-06, 3.45696662407e-06, 2.68573853646e-06, 2.08615097108e-06, 2.11268661587e-06, 1.99287160285e-06, 1.66173288108e-06],
        "dmean2": [0.0046482430771, 0.00346793583594, 0.0011368826963, 0.000516066967975, 0.000291999080218, 0.000469552644063, 0.000467127654701, 0.00012293101463, 0.000113717571367, 0.000132559929625, 0.000120105192764, 0.000135257898364, 8.04103910923e-05, 7.55417277105e-05, 7.28367813281e-05, 0.000108195737994, 8.84246837813e-05, 8.5755258624e-05, 8.97712598089e-05, 6.83548860252e-05, 4.49492472399e-05, 3.43570645782e-05, 3.08144190058e-05, 2.96567850455e-05, 2.19184203161e-05, 2.71261469607e-05, 1.84243890544e-05, 1.20931354104e-05, 9.75095917966e-06, 1.05081362562e-05, 7.5442248999e-06, 9.07120011107e-06, 8.13884707895e-06, 6.47840170132e-06, 5.39828306501e-06, 4.23636902269e-06, 3.28577607434e-06, 3.34088917953e-06, 3.07464597427e-06, 2.65895005214e-06],
        "dvar": [2.58795425907e-05, 1.40689380714e-05, 2.45764135798e-06, 2.67409632215e-07, 1.52727523073e-07, 2.61123204837e-07, 1.55215488462e-07, 2.49578189226e-08, 2.32033361414e-08, 5.51991874431e-08, 1.40917908453e-08, 3.71678794409e-08, 8.95541951706e-09, 1.23116805639e-08, 5.76424952214e-09, 1.5129618447e-08, 1.11400160208e-08, 8.88819684519e-09, 5.88384230227e-09, 4.43615677526e-09, 2.62731325584e-09, 1.03644759442e-09, 1.09217956901e-09, 1.16745646483e-09, 5.42781986024e-10, 1.89865034805e-09, 6.97802704508e-10, 2.33344649159e-10, 1.97634034138e-10, 2.4436636048e-10, 1.04988157057e-10, 1.94162422251e-10, 1.05388413274e-10, 5.36828220765e-11, 3.31201975567e-11, 2.87073750188e-11, 1.49954458573e-11, 1.60951911521e-11, 1.77661167028e-11, 1.36249761473e-11],
        "dvar2": [5.07199329149e-05, 3.25458495354e-05, 5.41780582353e-06, 7.29670205146e-07, 4.17376554651e-07, 6.36457741621e-07, 4.11995273453e-07, 6.1464270118e-08, 6.53296794439e-08, 1.57107606924e-07, 3.73396744635e-08, 8.24881212225e-08, 2.20761897651e-08, 2.96545596967e-08, 1.41333753589e-08, 3.60873499972e-08, 2.43108821962e-08, 2.50152361048e-08, 1.59909436803e-08, 1.15931504396e-08, 6.58369048168e-09, 2.50192977447e-09, 2.9248488076e-09, 2.97369395774e-09, 1.39759115392e-09, 5.28439558778e-09, 1.94151295041e-09, 5.87893955739e-10, 4.97840102476e-10, 6.40694497456e-10, 2.4732435544e-10, 4.94063068235e-10, 2.5323212971e-10, 1.28050708925e-10, 8.10272335339e-11, 7.31656887853e-11, 3.61702230667e-11, 3.905887766e-11, 3.84058514158e-11, 2.94764802844e-11],
        "max": [0.0513142943382, 0.0344241447747, 0.0168569069356, 0.00536831002682, 0.00368360988796, 0.0074425721541, 0.00416053459048, 0.00208992161788, 0.00143894739449, 0.00266397953965, 0.00185998470988, 0.00401403568685, 0.00181548215915, 0.00263583427295, 0.000851257937029, 0.00215568603016, 0.00218547740951, 0.000796582200564, 0.000750288309064, 0.000842056528199, 0.00059917679755, 0.000290077616228, 0.000364841253031, 0.00034502078779, 0.000192196268472, 0.000504223629832, 0.000264645117568, 0.000252045399975, 0.000224142626394, 0.000166734927916, 0.000103214842966, 0.000139646159369, 9.16845310712e-05, 6.57864729874e-05, 4.52508757007e-05, 6.74990005791e-05, 3.85699095204e-05, 5.41345580132e-05, 7.72467974457e-05, 6.1902384914e-05],
        "mean": [0.00728897564113, 0.00544296717271, 0.000971809786279, 0.00037863542093, 0.000158448689035, 0.000375481991796, 0.00039323195233, 9.95546579361e-05, 7.20986281522e-05, 8.50916985655e-05, 0.000112583526061, 0.000133783658384, 7.37183509045e-05, 7.4405768828e-05, 6.87675565132e-05, 9.92515051621e-05, 8.9022811153e-05, 6.87166902935e-05, 7.9463228758e-05, 5.83365035709e-05, 3.72217509721e-05, 2.7946285627e-05, 2.17764081754e-05, 2.20530564548e-05, 1.80733914021e-05, 1.7407715859e-05, 1.24641028378e-05, 8.76483045431e-06, 7.48928277972e-06, 7.27364067643e-06, 5.60038824915e-06, 5.82010216021e-06, 5.82306802244e-06, 5.1884471759e-06, 4.62973002868e-06, 3.4969027638e-06, 2.70767282018e-06, 2.62389335148e-06, 2.54489646068e-06, 1.95802340386e-06],
        "median": [0.00493595283478, 0.00370165868662, 0.000470720842713, 0.000200117763598, 5.91254720348e-05, 0.000167467049323, 0.000248476193519, 4.02906516683e-05, 2.58484014921e-05, 3.24793436448e-05, 6.23572632321e-05, 4.55516419606e-05, 3.43307983712e-05, 2.68202857114e-05, 3.48050743924e-05, 3.77512878913e-05, 4.21534787165e-05, 2.95502159133e-05, 4.02122495871e-05, 3.08579656121e-05, 1.71621468326e-05, 1.36587495945e-05, 1.02188769233e-05, 1.11236149678e-05, 1.03882966869e-05, 6.96978349879e-06, 4.36975778939e-06, 3.20158346767e-06, 3.05467165163e-06, 2.37788140112e-06, 1.47220623603e-06, 1.33868320518e-06, 1.70727025761e-06, 1.91886397261e-06, 1.90940363609e-06, 1.35594746098e-06, 9.38177038279e-07, 6.88341060595e-07, 5.98111284944e-07, 4.56225819789e-07],
        "min": [1.41665310593e-08, 5.79310066584e-09, 1.1793935073e-06, 1.92935530663e-07, 2.79219651844e-08, 8.8962508471e-08, 2.34493398921e-07, 7.31658502673e-08, 1.24388037648e-07, 4.26511164164e-08, 4.00683610735e-08, 4.473858084e-08, 6.56008225519e-08, 4.04481319549e-08, 3.29191038873e-08, 3.59340290856e-08, 1.9774542892e-08, 8.13391576315e-09, 7.65353824761e-09, 2.92830870663e-09, 4.03719617736e-08, 2.58548684684e-08, 2.67385082964e-08, 1.0794377836e-08, 2.00806340445e-08, 5.54666694519e-11, 4.10059497469e-09, 5.59471136086e-09, 4.11336831263e-09, 5.73177239005e-09, 1.26309596116e-09, 3.01780961331e-11, 9.86494552713e-10, 3.28411720041e-09, 1.25998853278e-12, 2.61106747335e-10, 1.26969892933e-10, 1.90433736488e-12, 3.98865863298e-13, 2.577510037e-12],
