{
"highlevel": {
    "danceability": {
        "all": {
            "danceable": 0.525162816048,
            "not_danceable": 0.474837213755
        },
        "probability": 0.525162816048,
        "value": "danceable"
    },
    "gender": {
        "all": {
            "female": 0.155140161514,
            "male": 0.844859838486
        },
        "probability": 0.844859838486,
        "value": "male"
    },
    "genre_dortmund": {
        "all": {
            "alternative": 0.242688909173,
            "blues": 0.0206911079586,
            "electronic": 0.00789491273463,
            "folkcountry": 0.146970286965,
            "funksoulrnb": 0.00172082020435,
            "jazz": 0.00877376180142,
            "pop": 0.0444578379393,
            "raphiphop": 0.000862445798703,
            "rock": 0.525939941406
        },
        "probability": 0.525939941406,
        "value": "rock"
    },
    "genre_electronic": {
        "all": {
            "ambient": 0.764236271381,
            "dnb": 0.112647756934,
            "house": 0.0237342771143,
            "techno": 0.0084055159241,
            "trance": 0.0909761488438
        },
        "probability": 0.764236271381,
        "value": "ambient"
    },
    "genre_rosamerica": {
        "all": {
            "cla": 0.117483332753,
            "dan": 0.0377057343721,
            "hip": 0.0246657449752,
            "jaz": 0.0251098144799,
            "pop": 0.0761104673147,
            "rhy": 0.0629685521126,
            "roc": 0.643021225929,
            "spe": 0.012935099192
        },
        "probability": 0.643021225929,
        "value": "roc"
    },
    "genre_tzanetakis": {
        "all": {
            "blu": 0.0626541376114,
            "cla": 0.0348133966327,
            "cou": 0.0783501937985,
            "dis": 0.104547761381,
            "hip": 0.15693578124,
            "jaz": 0.313987255096,
            "met": 0.044816005975,
            "pop": 0.0627349764109,
            "reg": 0.0627352520823,
            "roc": 0.0784252434969
        },
        "probability": 0.313987255096,
        "value": "jaz"
    },
    "ismir04_rhythm": {
        "all": {
            "ChaChaCha": 0.285102069378,
            "Jive": 0.119332484901,
            "Quickstep": 0.112452745438,
            "Rumba-American": 0.0238423254341,
            "Rumba-International": 0.0707537308335,
            "Rumba-Misc": 0.0190211646259,
            "Samba": 0.0331947617233,
            "Tango": 0.0871680155396,
            "VienneseWaltz": 0.164418771863,
            "Waltz": 0.0847139209509
        },
        "probability": 0.285102069378,
        "value": "ChaChaCha"
    },
    "mood_acoustic": {
        "all": {
            "acoustic": 0.648994982243,
            "not_acoustic": 0.351005017757
        },
        "probability": 0.648994982243,
        "value": "acoustic"
    },
    "mood_aggressive": {
        "all": {
            "aggressive": 0.164203241467,
            "not_aggressive": 0.835796773434
        },
        "probability": 0.835796773434,
        "value": "not_aggressive"
    },
    "mood_electronic": {
        "all": {
            "electronic": 0.0448622889817,
            "not_electronic": 0.955137729645
        },
        "probability": 0.955137729645,
        "value": "not_electronic"
    },
    "mood_happy": {
        "all": {
            "happy": 0.544733226299,
            "not_happy": 0.455266743898
        },
        "probability": 0.544733226299,
        "value": "happy"
    },
    "mood_party": {
        "all": {
            "not_party": 0.841374695301,
            "party": 0.158625304699
        },
        "probability": 0.841374695301,
        "value": "not_party"
    },
    "mood_relaxed": {
        "all": {
            "not_relaxed": 0.938462197781,
            "relaxed": 0.0615378208458
        },
        "probability": 0.938462197781,
        "value": "not_relaxed"
    },
    "mood_sad": {
        "all": {
            "not_sad": 0.156746685505,
            "sad": 0.843253314495
        },
        "probability": 0.843253314495,
        "value": "sad"
    },
    "moods_mirex": {
        "all": {
            "Cluster1": 0.451748341322,
            "Cluster2": 0.0852701589465,
            "Cluster3": 0.337049931288,
            "Cluster4": 0.0855878591537,
            "Cluster5": 0.0403437204659
        },
        "probability": 0.451748341322,
        "value": "Cluster1"
    },
    "timbre": {
        "all": {
            "bright": 0.996403098106,
            "dark": 0.00359692424536
        },
        "probability": 0.996403098106,
        "value": "bright"
    },
    "tonal_atonal": {
        "all": {
            "atonal": 7.27614897187e-05,
            "tonal": 0.999927222729
        },
        "probability": 0.999927222729,
        "value": "tonal"
    },
    "voice_instrumental": {
        "all": {
            "instrumental": 0.00720263738185,
            "voice": 0.992797374725
        },
        "probability": 0.992797374725,
        "value": "voice"
    }
},
"lowlevel": {
    "average_loudness": 0.977514088154,
    "barkbands_crest": {
        "dmean": 2.40894269943,
        "dmean2": 3.85709619522,
        "dvar": 5.33164358139,
        "dvar2": 13.629488945,
        "max": 21.1434822083,
        "mean": 9.77381706238,
        "median": 9.28709411621,
        "min": 3.33332753181,
        "var": 11.2053852081
    },
    "barkbands_flatness_db": {
        "dmean": 0.0173178575933,
        "dmean2": 0.0262512080371,
        "dvar": 0.000231318699662,
        "dvar2": 0.000587573566008,
        "max": 0.221613332629,
        "mean": 0.142132788897,
        "median": 0.141647949815,
        "min": 0.0484653003514,
        "var": 0.000751600717194
    },
    "barkbands_kurtosis": {
        "dmean": 1.71189379692,
        "dmean2": 2.69311881065,
        "dvar": 8.44576740265,
        "dvar2": 21.4796562195,
        "max": 46.5097694397,
        "mean": 1.75265157223,
        "median": 0.809233188629,
        "min": -1.58897912502,
        "var": 13.1725244522
    },
    "barkbands_skewness": {
        "dmean": 0.426485478878,
        "dmean2": 0.640382230282,
        "dvar": 0.21513544023,
        "dvar2": 0.503993868828,
        "max": 6.2452583313,
        "mean": 1.30169379711,
        "median": 1.19444644451,
        "min": -0.294254750013,
        "var": 0.558933973312
    },
    "barkbands_spread": {
        "dmean": 4.4090089798,
        "dmean2": 6.69799947739,
        "dvar": 21.392572403,
        "dvar2": 49.5168037415,
        "max": 63.0407829285,
        "mean": 22.2809429169,
        "median": 21.7098960876,
        "min": 4.79710960388,
        "var": 62.2158203125
    },
    "dissonance": {
        "dmean": 0.0150202084333,
        "dmean2": 0.0249992571771,
        "dvar": 0.000193761166884,
        "dvar2": 0.000514176208526,
        "max": 0.499999940395,
        "mean": 0.471117526293,
        "median": 0.475324690342,
        "min": 0.363590627909,
        "var": 0.000433584791608
    },
    "dynamic_complexity": 1.40406823158,
    "erbbands_crest": {
        "dmean": 2.40300512314,
        "dmean2": 3.79607844353,
        "dvar": 5.26820421219,
        "dvar2": 13.1237030029,
        "max": 25.7096557617,
        "mean": 8.71892547607,
        "median": 7.98620033264,
        "min": 2.79718136787,
        "var": 12.7010478973
    },
    "erbbands_flatness_db": {
        "dmean": 0.0159584842622,
        "dmean2": 0.0213211048394,
        "dvar": 0.000223450289923,
        "dvar2": 0.000385445338907,
        "max": 0.254272639751,
        "mean": 0.158339515328,
        "median": 0.158514305949,
        "min": 0.068816460669,
        "var": 0.00105510139838
    },
    "erbbands_kurtosis": {
        "dmean": 0.59432721138,
        "dmean2": 0.940430521965,
        "dvar": 0.494999051094,
        "dvar2": 1.18932628632,
        "max": 9.52915477753,
        "mean": 0.091111138463,
        "median": -0.301627397537,
        "min": -1.51774835587,
        "var": 1.58996152878
    },
    "erbbands_skewness": {
        "dmean": 0.300542742014,
        "dmean2": 0.460603058338,
        "dvar": 0.0694958865643,
        "dvar2": 0.160156443715,
        "max": 2.30699205399,
        "mean": -0.0322804674506,
        "median": -0.0738547742367,
        "min": -1.59043490887,
        "var": 0.382316201925
    },
    "erbbands_spread": {
        "dmean": 6.27065849304,
        "dmean2": 9.09757232666,
        "dvar": 44.0921821594,
        "dvar2": 83.8733520508,
        "max": 113.702102661,
        "mean": 35.1704025269,
        "median": 32.4623031616,
        "min": 9.35750579834,
        "var": 182.438766479
    },
    "hfc": {
        "dmean": 5.05131387711,
        "dmean2": 6.72152137756,
        "dvar": 37.8563842773,
        "dvar2": 64.9874420166,
        "max": 70.4222412109,
        "mean": 20.2127857208,
        "median": 18.4276008606,
        "min": 2.18726277351,
        "var": 114.82787323
    },
    "melbands_crest": {
        "dmean": 3.01992893219,
        "dmean2": 4.83756399155,
        "dvar": 8.60105609894,
        "dvar2": 21.8961620331,
        "max": 31.6027584076,
        "mean": 15.1323595047,
        "median": 14.5680150986,
        "min": 4.62741327286,
        "var": 23.2100963593
    },
    "melbands_flatness_db": {
        "dmean": 0.0199817549437,
        "dmean2": 0.0298236198723,
        "dvar": 0.000369111803593,
        "dvar2": 0.000861243344843,
        "max": 0.300960332155,
        "mean": 0.192686066031,
        "median": 0.193595021963,
        "min": 0.0776459425688,
        "var": 0.00127889448777
    },
    "melbands_kurtosis": {
        "dmean": 4.48568820953,
        "dmean2": 7.00619840622,
        "dvar": 71.090385437,
        "dvar2": 178.773147583,
        "max": 130.403564453,
        "mean": 7.77919816971,
        "median": 5.02642822266,
        "min": -0.978835821152,
        "var": 103.877319336
    },
    "melbands_skewness": {
        "dmean": 0.581350147724,
        "dmean2": 0.875656962395,
        "dvar": 0.468970745802,
        "dvar2": 1.07878005505,
        "max": 9.532954216,
        "mean": 2.29278445244,
        "median": 2.12013912201,
        "min": -0.0396538563073,
        "var": 1.1880582571
    },
    "melbands_spread": {
        "dmean": 5.65597724915,
        "dmean2": 8.51908588409,
        "dvar": 29.4215641022,
        "dvar2": 66.3710632324,
        "max": 61.6137313843,
        "mean": 23.1355171204,
        "median": 22.1036930084,
        "min": 2.55816054344,
        "var": 84.0944595337
    },
    "pitch_salience": {
        "dmean": 0.0612683966756,
        "dmean2": 0.100702822208,
        "dvar": 0.0033982405439,
        "dvar2": 0.00927277002484,
        "max": 0.805969417095,
        "mean": 0.511968016624,
        "median": 0.506461799145,
        "min": 0.242605254054,
        "var": 0.00813283398747
    },
    "silence_rate_20dB": {
        "dmean": 0,
        "dmean2": 0,
        "dvar": 0,
        "dvar2": 0,
        "max": 1,
        "mean": 1,
        "median": 1,
        "min": 1,
        "var": 0
    },
    "silence_rate_30dB": {
        "dmean": 0,
        "dmean2": 0,
        "dvar": 0,
        "dvar2": 0,
        "max": 1,
        "mean": 1,
        "median": 1,
        "min": 1,
        "var": 0
    },
    "silence_rate_60dB": {
        "dmean": 0,
        "dmean2": 0,
        "dvar": 0,
        "dvar2": 0,
        "max": 0,
        "mean": 0,
        "median": 0,
        "min": 0,
        "var": 0
    },
    "spectral_centroid": {
        "dmean": 187.609390259,
        "dmean2": 285.0078125,
        "dvar": 30874.9570312,
        "dvar2": 71766.4140625,
        "max": 2637.1484375,
        "mean": 1166.88903809,
        "median": 1139.88269043,
        "min": 343.864227295,
        "var": 105867.375
    },
    "spectral_complexity": {
        "dmean": 3.12693500519,
        "dmean2": 4.68938827515,
        "dvar": 8.6758108139,
        "dvar2": 16.6927986145,
        "max": 47,
        "mean": 21.8290805817,
        "median": 21,
        "min": 3,
        "var": 30.768196106
    },
    "spectral_decrease": {
        "dmean": 2.33566765928e-09,
        "dmean2": 3.62586960456e-09,
        "dvar": 1.17473907576e-17,
        "dvar2": 2.680701452e-17,
        "max": -9.44783695722e-10,
        "mean": -7.4531207872e-09,
        "median": -6.37185548769e-09,
        "min": -2.99806899307e-08,
        "var": 1.83163562567e-17
    },
    "spectral_energy": {
        "dmean": 0.0091421213001,
        "dmean2": 0.014094600454,
        "dvar": 0.000177901762072,
        "dvar2": 0.000402027973905,
        "max": 0.116993524134,
        "mean": 0.0299631450325,
        "median": 0.0259284973145,
        "min": 0.00389595003799,
        "var": 0.000285214890027
    },
    "spectral_energyband_high": {
        "dmean": 0.000236946158111,
        "dmean2": 0.000290380441584,
        "dvar": 1.70141191802e-07,
        "dvar2": 2.79964638139e-07,
        "max": 0.0046700690873,
        "mean": 0.000509705394506,
        "median": 0.000242937225266,
        "min": 2.38894135691e-05,
        "var": 5.28458599547e-07
    },
    "spectral_energyband_low": {
        "dmean": 0.00467530172318,
        "dmean2": 0.00739004602656,
        "dvar": 5.8799963881e-05,
        "dvar2": 0.00015080961748,
        "max": 0.0735828056931,
        "mean": 0.0104993972927,
        "median": 0.00831319019198,
        "min": 0.000191140163224,
        "var": 8.19477281766e-05
    },
    "spectral_energyband_middle_high": {
        "dmean": 0.00158983806614,
        "dmean2": 0.00227082404308,
        "dvar": 2.49841991717e-06,
        "dvar2": 4.86224962515e-06,
        "max": 0.0176448952407,
        "mean": 0.00600586039945,
        "median": 0.00567079382017,
        "min": 0.000278217863524,
        "var": 1.00618344732e-05
    },
    "spectral_energyband_middle_low": {
        "dmean": 0.00622096005827,
        "dmean2": 0.00986900180578,
        "dvar": 0.000129759588162,
        "dvar2": 0.000295841949992,
        "max": 0.105365000665,
        "mean": 0.0142130190507,
        "median": 0.0104243913665,
        "min": 0.000743453216273,
        "var": 0.000171342384419
    },
    "spectral_entropy": {
        "dmean": 0.12851883471,
        "dmean2": 0.183524355292,
        "dvar": 0.0155487507582,
        "dvar2": 0.030399594456,
        "max": 8.31937122345,
        "mean": 7.49280834198,
        "median": 7.46363639832,
        "min": 6.83832120895,
        "var": 0.0735554024577
    },
    "spectral_flux": {
        "dmean": 0.0252199284732,
        "dmean2": 0.0395725667477,
        "dvar": 0.00102308369242,
        "dvar2": 0.0024094148539,
        "max": 0.279328495264,
        "mean": 0.079391412437,
        "median": 0.0654470920563,
        "min": 0.0156647805125,
        "var": 0.0017939589452
    },
    "spectral_kurtosis": {
        "dmean": 1.58369469643,
        "dmean2": 2.64214491844,
        "dvar": 2.2369787693,
        "dvar2": 6.30365896225,
        "max": 14.2169494629,
        "mean": 5.41328668594,
        "median": 5.25908565521,
        "min": -0.0105967521667,
        "var": 5.56741523743
    },
    "spectral_rms": {
        "dmean": 0.000760741881095,
        "dmean2": 0.00114765600301,
        "dvar": 9.2438926913e-07,
        "dvar2": 2.01513194042e-06,
        "max": 0.0106836333871,
        "mean": 0.00522376969457,
        "median": 0.0050295223482,
        "min": 0.00194959656801,
        "var": 1.94455788005e-06
    },
    "spectral_rolloff": {
        "dmean": 366.780731201,
        "dmean2": 603.129943848,
        "dvar": 253672.5,
        "dvar2": 519525.03125,
        "max": 7924.21875,
        "mean": 1361.43823242,
        "median": 1335.05859375,
        "min": 150.732421875,
        "var": 480665.59375
    },
    "spectral_skewness": {
        "dmean": 0.191134661436,
        "dmean2": 0.311311930418,
        "dvar": 0.0280809812248,
        "dvar2": 0.0709607824683,
        "max": 3.00534129143,
        "mean": 1.75731742382,
        "median": 1.7707451582,
        "min": 0.662386596203,
        "var": 0.0987738966942
    },
    "spectral_spread": {
        "dmean": 477689.75,
        "dmean2": 658840.6875,
        "dvar": 285527539712,
        "dvar2": 568465489920,
        "max": 10060882,
        "mean": 4123886,
        "median": 3913951.75,
        "min": 2284639.25,
        "var": 1.37624014029e+12
    },
    "spectral_strongpeak": {
        "dmean": 0.411460101604,
        "dmean2": 0.697722613811,
        "dvar": 0.512022614479,
        "dvar2": 1.24639713764,
        "max": 8.39421081543,
        "mean": 0.850513160229,
        "median": 0.567833006382,
        "min": 0.0326810851693,
        "var": 0.747153520584
    },
    "zerocrossingrate": {
        "dmean": 0.00761635601521,
        "dmean2": 0.0092092640698,
        "dvar": 5.56815029995e-05,
        "dvar2": 8.33654266899e-05,
        "max": 0.16943359375,
        "mean": 0.0528136789799,
        "median": 0.05029296875,
        "min": 0.01171875,
        "var": 0.000299778301269
    },
    "barkbands": {
        "dmean": [2.42374444497e-05, 0.00108846754301, 0.00340166687965, 0.00146699533798, 0.00384184485301, 0.000672905764077, 0.00158658821601, 0.000700562843122, 0.000770237820689, 0.000289310031803, 0.000184662567335, 0.000441088341177, 0.00042212070548, 0.000457575253677, 0.000516034197062, 0.000282997702016, 0.000298800034216, 0.000225581708946, 5.42392226635e-05, 5.5963282648e-05, 5.02165676153e-05, 5.45600232726e-05, 5.2519608289e-05, 5.14406820002e-05, 2.9613955121e-05, 3.11071853503e-05, 1.08215414407e-09],
        "dmean2": [3.61286474799e-05, 0.00176984432619, 0.00538355344906, 0.00259152194485, 0.0059142340906, 0.00110741797835, 0.00242537865415, 0.0011219579028, 0.00116504938342, 0.0004158289521, 0.000297127320664, 0.000669935776386, 0.000637850025669, 0.000665990810376, 0.000752667488996, 0.000446436722996, 0.000471157371067, 0.000355053605745, 8.43480811454e-05, 8.77875936567e-05, 7.08742882125e-05, 7.70679544075e-05, 7.44418866816e-05, 7.25695499568e-05, 4.17591545556e-05, 4.64633194497e-05, 1.99032479387e-09],
        "dvar": [1.65135038976e-09, 3.21672837345e-06, 3.01205527649e-05, 6.87303008817e-06, 9.5907234936e-05, 1.87814191577e-06, 6.36694130662e-06, 1.95010579773e-06, 3.46137858287e-06, 4.02132258159e-07, 1.01842175582e-07, 4.10449530364e-07, 4.60647811451e-07, 4.83010296648e-07, 7.29052999304e-07, 2.01479608108e-07, 1.67164174059e-07, 8.24750046036e-08, 5.46522072042e-09, 5.84128434511e-09, 7.7862161163e-09, 1.2491870649e-08, 1.07319486631e-08, 1.0787622351e-08, 2.71586353406e-09, 5.82333070653e-09, 1.84455238181e-18],
        "dvar2": [3.3586178283e-09, 8.06681327958e-06, 7.78023313615e-05, 1.90383707377e-05, 0.000216407250264, 4.88990781378e-06, 1.60907984537e-05, 4.85607188239e-06, 7.32174657969e-06, 8.0578104189e-07, 2.3666130744e-07, 8.87234079983e-07, 1.08303174784e-06, 1.00281249615e-06, 1.36350718094e-06, 5.05359082581e-07, 3.78102839704e-07, 1.80084938961e-07, 1.23898864501e-08, 1.32844331091e-08, 1.38774307601e-08, 2.42042936804e-08, 2.28263790092e-08, 2.12876880568e-08, 5.29840749053e-09, 1.41680560617e-08, 5.50949478614e-18],
        "max": [0.000398823118303, 0.0218906961381, 0.0561071559787, 0.0220720116049, 0.0885747522116, 0.0237094089389, 0.0406077988446, 0.018347967416, 0.0298013091087, 0.0173137485981, 0.00415720697492, 0.0120207425207, 0.0102823413908, 0.00966353900731, 0.0143446065485, 0.00687158945948, 0.0057555353269, 0.00286783371121, 0.000997489551082, 0.000811817997601, 0.00170982209966, 0.00190547492821, 0.00115886493586, 0.00190433464013, 0.000932168681175, 0.0008122328436, 1.15264633394e-08],
        "mean": [2.85177247861e-05, 0.00183316727635, 0.00743659213185, 0.00204257667065, 0.00478622317314, 0.00113791355398, 0.00346830999479, 0.00122112384997, 0.00140662759077, 0.000547271338291, 0.000329310423695, 0.000809199293144, 0.000796510081273, 0.000934731855523, 0.000973740185145, 0.000506869982928, 0.000560264918022, 0.000460514100268, 0.000112659588922, 0.000107350861072, 9.44465937209e-05, 9.31258182391e-05, 9.39386591199e-05, 9.23483021325e-05, 5.2867217164e-05, 3.69484405383e-05, 8.72062255741e-10],
        "median": [9.91307751974e-06, 0.00103493663482, 0.00526319723576, 0.00127387209795, 0.00188268790953, 0.000542376947124, 0.00212178286165, 0.000661041238345, 0.000556359998882, 0.000265439652139, 0.000156496316777, 0.000486535107484, 0.000520535220858, 0.000471595849376, 0.000476810091641, 0.000330472015776, 0.000363851257134, 0.000331671733875, 7.78645990067e-05, 6.80370721966e-05, 4.31932312495e-05, 4.09161693824e-05, 3.73751827283e-05, 2.73124114756e-05, 1.75203094841e-05, 1.16756564239e-05, 3.86957660359e-10],
        "min": [7.46605479662e-08, 1.9702085865e-06, 5.35995059181e-06, 1.24045718621e-05, 9.72269044723e-05, 1.37822562465e-05, 2.09256504604e-05, 2.72417601082e-05, 2.89383970085e-05, 1.05381059257e-05, 3.00163242173e-06, 1.15495831778e-05, 7.85164047556e-06, 1.07681435111e-05, 1.05274466478e-05, 7.89508521848e-06, 1.54987337737e-05, 1.33552093757e-05, 2.78128095488e-06, 3.95922415919e-06, 3.14405497193e-06, 3.5069617752e-06, 3.23362496601e-06, 2.1152093268e-06, 5.33242882739e-07, 1.40761091671e-09, 1.67925378464e-11],
        "var": [2.42394837535e-09, 5.05146499563e-06, 5.2278079238e-05, 6.59071565678e-06, 0.000104483726318, 3.14351223096e-06, 1.48870149133e-05, 2.91412288789e-06, 7.2392626862e-06, 1.09992652142e-06, 2.48534320235e-07, 1.16579121823e-06, 9.81650714493e-07, 1.5577427348e-06, 1.69313307197e-06, 3.41073587151e-07, 3.77697546128e-07, 1.81216947226e-07, 1.13737419483e-08, 1.23086163484e-08, 2.05476933246e-08, 2.51339340451e-08, 2.21607674433e-08, 3.38591767957e-08, 7.28161797525e-09, 6.11657213767e-09, 1.5457089837e-18]
    },
    "erbbands": {
        "dmean": [0.0232004653662, 0.311753690243, 2.97820162773, 4.7838511467, 9.82791519165, 13.9862451553, 4.99958753586, 5.86142730713, 18.0432910919, 22.4720134735, 12.4584779739, 16.0501766205, 13.1675224304, 7.41140317917, 10.8072299957, 14.2277746201, 19.8090686798, 17.3797340393, 34.2180023193, 13.7174940109, 17.1162147522, 15.6559057236, 13.9794073105, 4.35233259201, 2.72465920448, 2.84979200363, 1.78846442699, 2.28100347519, 1.83644354343, 1.54163193703, 1.48031401634, 1.40012907982, 0.757226407528, 0.39602380991, 0.202073797584, 0.163642063737, 0.0530701577663, 0.0024082174059, 5.3814965213e-05, 1.23069939946e-05],
        "dmean2": [0.037823010236, 0.505768537521, 4.64819383621, 8.18035507202, 15.3870410919, 22.3939094543, 8.27663040161, 9.83190345764, 27.9698390961, 35.3641700745, 19.5833511353, 23.8886184692, 19.3071613312, 10.8949079514, 16.8175506592, 21.8918972015, 28.9668292999, 24.7716827393, 49.5502967834, 20.7644367218, 27.3403301239, 24.0704193115, 21.9336738586, 6.7392539978, 4.15647649765, 4.50570201874, 2.62874388695, 3.24284076691, 2.58107614517, 2.18625664711, 2.10705924034, 2.01185917854, 1.04500877857, 0.565586864948, 0.295029312372, 0.247581928968, 0.0785264372826, 0.00378012703732, 7.99866320449e-05, 1.76976082003e-05],
        "dvar": [0.00233345828019, 0.224526956677, 20.4131851196, 80.7043991089, 515.220092773, 1250.28466797, 84.2263717651, 181.069763184, 1079.63037109, 1927.21484375, 669.850463867, 1274.14575195, 1429.68115234, 156.243972778, 213.316299438, 497.250823975, 942.678588867, 698.32824707, 2722.74951172, 369.018676758, 705.938293457, 413.350219727, 276.249206543, 31.5762710571, 14.1965036392, 15.1177816391, 10.1432390213, 18.6098709106, 13.4945831299, 11.2978248596, 8.67079925537, 8.73680210114, 2.24348735809, 0.579814791679, 0.124601557851, 0.150248035789, 0.018087008968, 3.11423573294e-05, 1.46105989529e-08, 3.30562660578e-10],
        "dvar2": [0.00580596830696, 0.55566829443, 51.7279434204, 219.914215088, 1180.85522461, 2916.51196289, 208.643539429, 483.189300537, 2852.18579102, 4502.46875, 1565.33557129, 2770.24438477, 2673.19042969, 303.798156738, 472.886077881, 1112.93701172, 2093.98071289, 1345.19641113, 5287.07666016, 698.540405273, 1911.00097656, 838.623718262, 638.438171387, 72.1173477173, 31.8806972504, 34.5306358337, 20.0953712463, 33.3880996704, 25.1067676544, 23.1551246643, 19.0573177338, 20.0955047607, 4.17954444885, 1.19708657265, 0.272082000971, 0.372130841017, 0.0433610789478, 7.15801143087e-05, 3.29016813794e-08, 6.78324230119e-10],
        "max": [0.569225132465, 5.13933229446, 51.8079795837, 83.996307373, 193.347183228, 352.453948975, 126.378997803, 251.958984375, 693.155944824, 645.750610352, 465.586883545, 655.481140137, 897.688903809, 244.242797852, 253.611022949, 411.747314453, 521.10760498, 435.212677002, 839.92388916, 261.893188477, 414.828552246, 406.347869873, 172.474517822, 78.166267395, 45.109577179, 37.183757782, 64.3590011597, 60.0351867676, 73.8015518188, 76.3757781982, 31.4439373016, 52.8474006653, 21.9260444641, 13.2725687027, 4.50054740906, 4.20918607712, 1.69966220856, 0.0796934887767, 0.00168666860554, 0.00019941732171],
        "mean": [0.0302178785205, 0.633030116558, 6.99733018875, 8.44444656372, 12.591006279, 16.9474468231, 8.24110603333, 10.1304206848, 38.1268501282, 49.2364311218, 24.5594921112, 29.2910327911, 25.8106174469, 15.7106704712, 20.8394947052, 29.7547740936, 40.4532814026, 39.4878234863, 65.5147094727, 29.1818904877, 31.5336971283, 34.0794944763, 29.5107307434, 9.46468925476, 5.53808879852, 5.5050868988, 3.42257094383, 4.06684112549, 3.26979327202, 2.78576540947, 2.61225104332, 2.33294248581, 1.32315886021, 0.688912510872, 0.327441692352, 0.205062523484, 0.059955175966, 0.00266125891358, 7.86264063208e-05, 3.95885435864e-05],
        "median": [0.011096236296, 0.404518008232, 4.86943721771, 6.26179599762, 5.59320878983, 6.7083940506, 4.56016254425, 5.23768234253, 19.2321300507, 28.4187240601, 14.9925298691, 13.1846570969, 10.3502321243, 8.53323173523, 13.193157196, 19.3592510223, 28.473033905, 22.833688736, 37.5858001709, 19.0427532196, 20.2435016632, 24.5076313019, 22.2371349335, 7.34599065781, 3.75002884865, 3.45174908638, 1.55460321903, 1.81287229061, 1.4248342514, 1.12980020046, 1.0290094614, 0.764067292213, 0.387130409479, 0.205106168985, 0.111736059189, 0.0643966570497, 0.0178022328764, 0.000727957230993, 3.46129163518e-05, 3.36607699865e-05],
        "min": [0.000131009481265, 0.00418612221256, 0.0373748838902, 0.264352381229, 0.327474474907, 0.340558439493, 0.192468076944, 0.181504905224, 0.718909025192, 0.913490355015, 0.992857336998, 0.469771325588, 0.495480418205, 0.312176853418, 0.89420735836, 0.458404660225, 0.41891464591, 0.568997263908, 1.02813053131, 0.574850678444, 0.530279397964, 1.13244605064, 0.840954840183, 0.349230617285, 0.157693207264, 0.223032251, 0.166560903192, 0.194319412112, 0.146809160709, 0.0890963152051, 0.0907693952322, 0.0459268130362, 0.0260312594473, 0.0074545443058, 0.00081546016736, 0.000207007018616, 2.17951601371e-05, 3.28772966895e-06, 2.90092020805e-06, 4.8427573347e-06],
        "var": [0.00252567464486, 0.409548789263, 44.4570198059, 74.9623718262, 558.709777832, 1276.70007324, 110.166748047, 291.667419434, 2545.60449219, 3747.8449707, 1197.33630371, 2716.67553711, 3179.68066406, 396.643981934, 627.989257812, 1346.18579102, 2097.0625, 2499.26635742, 6440.69970703, 1084.96887207, 1176.01623535, 1212.27233887, 618.686035156, 57.2114143372, 29.4812641144, 31.4088230133, 24.5859088898, 42.3639183044, 29.6469326019, 25.0608844757, 17.4490413666, 22.3015060425, 6.21627616882, 1.38262617588, 0.290220409632, 0.171146526933, 0.0183800496161, 3.40897495335e-05, 1.7394432561e-08, 6.00790417415e-10]
    },
    "gfcc": {
        "mean": [22.039604187, 104.287101746, -126.213905334, 29.0029964447, -53.2537956238, 18.4022369385, -51.7964172363, 9.44221782684, -21.6424770355, 0.654482364655, -20.3509235382, -6.33716106415, -22.601682663],
        "cov": [[1285.6895752, -584.108154297, 305.434173584, -58.809928894, -135.175079346, 83.5510864258, -20.8011951447, 19.1794757843, -160.601882935, 89.964805603, -154.75038147, 138.507263184, -56.2006034851], [-584.108154297, 617.872131348, -266.704803467, 15.1513280869, 168.758331299, -95.7813873291, 42.1657905579, -23.5703983307, 150.830307007, -62.2951278687, 137.394256592, -122.17842865, 40.6912651062], [305.434173584, -266.704803467, 341.470092773, 22.4023151398, -82.5781860352, 60.6445388794, 9.73986911774, 16.0831718445, -76.3972854614, 50.5408973694, -75.0055541992, 84.3776397705, -32.47290802], [-58.809928894, 15.1513280869, 22.4023151398, 182.487518311, 33.2901344299, -19.5887928009, 5.35922145844, 3.28036594391, 26.9191665649, -7.51937866211, 24.5038490295, -16.9701309204, 25.1271705627], [-135.175079346, 168.758331299, -82.5781860352, 33.2901344299, 210.459747314, -10.4363136292, 29.3461303711, 17.9346466064, 64.070854187, 24.8124980927, 25.7970104218, -5.35689973831, -22.4165439606], [83.5510864258, -95.7813873291, 60.6445388794, -19.5887928009, -10.4363136292, 120.555221558, 47.0501327515, 25.0766067505, -25.9622592926, 10.7663660049, -11.5030136108, 10.6354923248, -13.117357254], [-20.8011951447, 42.1657905579, 9.73986911774, 5.35922145844, 29.3461303711, 47.0501327515, 115.628456116, 34.7521629333, 2.92806386948, 1.43666529655, 6.94326353073, -3.19850444794, -20.7524967194], [19.1794757843, -23.5703983307, 16.0831718445, 3.28036594391, 17.9346466064, 25.0766067505, 34.7521629333, 73.1025390625, 21.0609970093, 16.6672477722, -0.610947191715, 2.9581682682, -11.7403001785], [-160.601882935, 150.830307007, -76.3972854614, 26.9191665649, 64.070854187, -25.9622592926, 2.92806386948, 21.0609970093, 108.814651489, 14.0051202774, 38.6289291382, -35.6281890869, -3.267786026], [89.964805603, -62.2951278687, 50.5408973694, -7.51937866211, 24.8124980927, 10.7663660049, 1.43666529655, 16.6672477722, 14.0051202774, 78.7207870483, -4.17288398743, 26.7361831665, -29.5253944397], [-154.75038147, 137.394256592, -75.0055541992, 24.5038490295, 25.7970104218, -11.5030136108, 6.94326353073, -0.610947191715, 38.6289291382, -4.17288398743, 82.1263580322, -26.6639995575, 12.761097908], [138.507263184, -122.17842865, 84.3776397705, -16.9701309204, -5.35689973831, 10.6354923248, -3.19850444794, 2.9581682682, -35.6281890869, 26.7361831665, -26.6639995575, 93.1821594238, -12.2854337692], [-56.2006034851, 40.6912651062, -32.47290802, 25.1271705627, -22.4165439606, -13.117357254, -20.7524967194, -11.7403001785, -3.267786026, -29.5253944397, 12.761097908, -12.2854337692, 66.6644058228]],
        "icov": [[0.00147591321729, 0.00117457145825, -0.000303716165945, 0.000398157251766, -0.000233733648201, 0.000373339338694, -0.000352392758941, 0.000142523771501, 0.000402674864745, -0.000671513844281, 0.00040294113569, 5.60353983019e-05, -0.000204924086574], [0.00117457145825, 0.0138220759109, -0.00348010892048, 0.00762605154887, -0.00896899960935, 0.00864081643522, -0.00847945082933, 0.00707128504291, -0.0096265533939, 0.00827281083912, -0.0127827972174, 0.00818874780089, -0.00757812522352], [-0.000303716165945, -0.00348010892048, 0.00779213989154, -0.00497527280822, 0.00498132174835, -0.00423179101199, 0.00207244465128, -0.0023004154209, 0.00408075656742, -0.00536133535206, 0.00686732120812, -0.0055546653457, 0.00410874979571], [0.000398157251766, 0.00762605154887, -0.00497527280822, 0.0119143752381, -0.0070951199159, 0.00656989356503, -0.00548090413213, 0.00396326789632, -0.00676581449807, 0.00601202109829, -0.00963164772838, 0.00649265665561, -0.00796347670257], [-0.000233733648201, -0.00896899960935, 0.00498132174835, -0.0070951199159, 0.0135470135137, -0.00613181851804, 0.00408614939079, -0.00445381738245, 0.00382654904388, -0.00790013559163, 0.00978704821318, -0.00792671460658, 0.00756907649338], [0.000373339338694, 0.00864081643522, -0.00423179101199, 0.00656989356503, -0.00613181851804, 0.017535790801, -0.00945433508605, 0.00198416272178, -0.00354698835872, 0.00466789444908, -0.00933013297617, 0.00693901535124, -0.00574400089681], [-0.000352392758941, -0.00847945082933, 0.00207244465128, -0.00548090413213, 0.00408614939079, -0.00945433508605, 0.0182089433074, -0.00918627809733, 0.00752463191748, -0.00274577480741, 0.00631406204775, -0.00463175959885, 0.00860889535397], [0.000142523771501, 0.00707128504291, -0.0023004154209, 0.00396326789632, -0.00445381738245, 0.00198416272178, -0.00918627809733, 0.0226176623255, -0.0107072424144, 0.00255709094927, -0.00523840868846, 0.00342198531143, -0.00455310754478], [0.000402674864745, -0.0096265533939, 0.00408075656742, -0.00676581449807, 0.00382654904388, -0.00354698835872, 0.00752463191748, -0.0107072424144, 0.0254394654185, -0.0111790690571, 0.0061903228052, -0.00134090089705, 0.00666265608743], [-0.000671513844281, 0.00827281083912, -0.00536133535206, 0.00601202109829, -0.00790013559163, 0.00466789444908, -0.00274577480741, 0.00255709094927, -0.0111790690571, 0.0266539901495, -0.0114560201764, 0.00157812726684, 0.00110494194087], [0.00040294113569, -0.0127827972174, 0.00686732120812, -0.00963164772838, 0.00978704821318, -0.00933013297617, 0.00631406204775, -0.00523840868846, 0.0061903228052, -0.0114560201764, 0.0316198058426, -0.00791634153575, 0.00533380359411], [5.60353983019e-05, 0.00818874780089, -0.0055546653457, 0.00649265665561, -0.00792671460658, 0.00693901535124, -0.00463175959885, 0.00342198531143, -0.00134090089705, 0.00157812726684, -0.00791634153575, 0.0220564585179, -0.00602998724207], [-0.000204924086574, -0.00757812522352, 0.00410874979571, -0.00796347670257, 0.00756907649338, -0.00574400089681, 0.00860889535397, -0.00455310754478, 0.00666265608743, 0.00110494194087, 0.00533380359411, -0.00602998724207, 0.0264330971986]]
    },
    "melbands": {
        "dmean": [0.000248326163273, 0.00114413734991, 0.000826926494483, 0.00103844539262, 0.000204502342967, 0.000129907857627, 0.000291261385428, 0.000224628252909, 9.47801527218e-05, 0.000107865249447, 6.63678656565e-05, 3.24775173794e-05, 2.98970026051e-05, 5.26639341842e-05, 4.33132336184e-05, 3.98815318476e-05, 3.41106824635e-05, 5.89869741816e-05, 2.69205393124e-05, 1.57168087753e-05, 2.11411934288e-05, 1.56771875481e-05, 2.18205314013e-05, 8.95451012184e-06, 3.26766712533e-06, 2.11907831726e-06, 2.25485268857e-06, 1.87401110452e-06, 1.17199920169e-06, 1.14319527711e-06, 1.62339279086e-06, 1.13812961899e-06, 1.00336012565e-06, 8.37464767756e-07, 7.5016515666e-07, 1.19574076507e-06, 8.22122729005e-07, 6.10393499301e-07, 4.34347725786e-07, 3.37041285547e-07],
        "dmean2": [0.000405930535635, 0.00178791233338, 0.00139963440597, 0.00159730121959, 0.000346275075572, 0.000216011685552, 0.000446858786745, 0.000357428565621, 0.000148561477545, 0.000160146912094, 9.66389270616e-05, 4.75099877804e-05, 4.66498859168e-05, 8.20768909762e-05, 6.54413670418e-05, 5.72458120587e-05, 4.91313330713e-05, 8.55691250763e-05, 4.01784927817e-05, 2.43025497184e-05, 3.38820573234e-05, 2.40444605879e-05, 3.49959591404e-05, 1.39115800266e-05, 5.15811552759e-06, 3.36004313795e-06, 3.54703070116e-06, 2.97247606795e-06, 1.78973107268e-06, 1.64579887496e-06, 2.39807832259e-06, 1.62677201843e-06, 1.45475553381e-06, 1.23849338252e-06, 1.10205746751e-06, 1.76157425358e-06, 1.21804771425e-06, 8.64155595082e-07, 6.16133206677e-07, 5.00774888224e-07],
        "dvar": [2.15711892793e-07, 2.98088252748e-06, 1.97367899091e-06, 7.09892219675e-06, 1.62375371815e-07, 8.29406658909e-08, 2.42565050712e-07, 1.83824212741e-07, 3.92984986775e-08, 6.55301732877e-08, 3.5547163435e-08, 3.1889093588e-09, 1.8528029111e-09, 6.77463329879e-09, 4.806311793e-09, 3.94279631166e-09, 2.92174529015e-09, 7.25228410658e-09, 1.83750115124e-09, 8.98509600056e-10, 1.1191141347e-09, 4.74021544239e-10, 9.14628095483e-10, 1.69817493401e-10, 1.77718811889e-11, 9.95876124621e-12, 9.55677290776e-12, 6.90204750992e-12, 4.19176368963e-12, 4.83301029405e-12, 1.10969245945e-11, 5.30867017012e-12, 4.1985603362e-12, 3.08129173218e-12, 2.29977517065e-12, 6.77137512728e-12, 3.75978458436e-12, 1.51898122986e-12, 8.08248053989e-13, 4.25073930048e-13],
        "dvar2": [5.4276551964e-07, 7.51930156184e-06, 5.26823714608e-06, 1.60749059432e-05, 3.98843980065e-07, 2.19646963728e-07, 6.39282291104e-07, 4.34988692177e-07, 8.52094856896e-08, 1.38316323728e-07, 6.72819666647e-08, 5.72285419054e-09, 4.0922478739e-09, 1.44565373006e-08, 1.11268239067e-08, 8.1307325317e-09, 5.91930771066e-09, 1.46645149357e-08, 3.34602856533e-09, 1.85831128263e-09, 3.07159431223e-09, 9.13774889089e-10, 2.19426787851e-09, 3.88008458696e-10, 4.19574965049e-11, 2.39512455008e-11, 2.31484345581e-11, 1.61214184363e-11, 8.99542246247e-12, 9.76729808144e-12, 2.24293136147e-11, 1.04118181091e-11, 8.33718944576e-12, 6.55444318612e-12, 5.40505530958e-12, 1.51236922291e-11, 9.11286237443e-12, 2.96738046461e-12, 1.76549053155e-12, 9.65823775123e-13],
        "max": [0.00588967464864, 0.0197923462838, 0.012566014193, 0.0238634515554, 0.00388186261989, 0.0053825750947, 0.00966668501496, 0.0061744293198, 0.00430533010513, 0.00429693656042, 0.00433266628534, 0.00124394439626, 0.000614770338871, 0.00179461517837, 0.00108260370325, 0.0013847645605, 0.000985347549431, 0.0011893955525, 0.000652351474855, 0.000712479813956, 0.000528232310899, 0.000462122930912, 0.000403384299716, 0.000178039816092, 6.7289940489e-05, 4.5835153287e-05, 4.14290334447e-05, 2.54819533438e-05, 3.24672510033e-05, 5.31586047146e-05, 4.44090837846e-05, 4.03733210987e-05, 3.70560446754e-05, 3.47727655026e-05, 2.03750551009e-05, 2.38525717577e-05, 3.85415041819e-05, 1.83169868251e-05, 1.4976240891e-05, 1.15761185953e-05],
        "mean": [0.000375950825401, 0.00268481997773, 0.00153792090714, 0.0012676740298, 0.000324998545693, 0.000218877059524, 0.000627094239462, 0.000485431432026, 0.000180741219083, 0.000194381907932, 0.000128033876535, 6.39761856291e-05, 5.84919325775e-05, 8.95761695574e-05, 8.73156095622e-05, 8.07769902167e-05, 6.98901712894e-05, 0.000111213084892, 5.20438916283e-05, 2.95454356092e-05, 3.59592922905e-05, 3.05436478811e-05, 4.21497570642e-05, 1.6648116798e-05, 6.48799141345e-06, 3.97865051127e-06, 4.07478728448e-06, 3.3955800518e-06, 2.09040945265e-06, 1.94638573703e-06, 2.60688398157e-06, 1.86773820587e-06, 1.67422808772e-06, 1.48086701302e-06, 1.37191034355e-06, 1.7400593606e-06, 1.33152536819e-06, 9.8832549611e-07, 7.09879088845e-07, 5.29088538315e-07],
        "median": [0.000179658702109, 0.00194899761118, 0.00117616110947, 0.000482255709358, 0.000187828787602, 0.000108202606498, 0.000350956077455, 0.000287910981569, 0.000104460392322, 7.71659542806e-05, 4.908417759e-05, 3.31246264977e-05, 3.35159347742e-05, 5.1205206546e-05, 5.46924929949e-05, 5.17779226357e-05, 3.61794009223e-05, 6.05463646934e-05, 2.80471158476e-05, 1.84101209015e-05, 2.13183448068e-05, 1.96451783268e-05, 2.81907050521e-05, 1.09349530248e-05, 4.81775305161e-06, 2.61384070654e-06, 2.5707538498e-06, 2.03690706257e-06, 8.98591565601e-07, 8.10133656159e-07, 1.13490682452e-06, 7.84255291819e-07, 6.92999662988e-07, 5.55845247163e-07, 5.58702424769e-07, 5.82778454827e-07, 3.6671949033e-07, 2.62798607764e-07, 2.0551453872e-07, 1.48806236666e-07],
        "min": [4.13385407683e-07, 6.47060642223e-06, 7.73827487137e-05, 1.74401247932e-05, 1.01027435448e-05, 2.8408903745e-06, 5.13473514729e-06, 8.64357571118e-06, 3.27946872858e-06, 3.18778961628e-06, 1.97651320377e-06, 1.08159179035e-06, 2.44085299528e-06, 1.37512802212e-06, 1.38615189371e-06, 8.61258683926e-07, 8.70694350397e-07, 8.91748641152e-07, 6.94267441759e-07, 6.82130234964e-07, 4.0931837475e-07, 1.00715544704e-06, 1.1139303524e-06, 3.92704521346e-07, 2.05673671871e-07, 9.22451661722e-08, 1.26985028714e-07, 9.76334604275e-08, 6.46446736141e-08, 7.01011018123e-08, 1.03417363562e-07, 6.98309037261e-08, 4.26348059079e-08, 4.0137692281e-08, 5.13349043274e-08, 1.72546990029e-08, 1.61150808253e-08, 1.18926175574e-08, 7.35231608928e-09, 9.77622566234e-11],
