{
"highlevel": {
    "danceability": {
        "all": {
            "danceable": 0.0296474974602,
            "not_danceable": 0.970352530479
        },
        "probability": 0.970352530479,
        "value": "not_danceable"
    },
    "gender": {
        "all": {
            "female": 0.365444153547,
            "male": 0.63455581665
        },
        "probability": 0.63455581665,
        "value": "male"
    },
    "genre_dortmund": {
        "all": {
            "alternative": 0.189766168594,
            "blues": 0.0101037248969,
            "electronic": 0.0463464148343,
            "folkcountry": 0.0178137868643,
            "funksoulrnb": 0.0039020255208,
            "jazz": 0.0198368392885,
            "pop": 0.0267378464341,
            "raphiphop": 0.0080945007503,
            "rock": 0.677398681641
        },
        "probability": 0.677398681641,
        "value": "rock"
    },
    "genre_electronic": {
        "all": {
            "ambient": 0.190490230918,
            "dnb": 0.0782209560275,
            "house": 0.0425815321505,
            "techno": 0.0216795112938,
            "trance": 0.667027771473
        },
        "probability": 0.667027771473,
        "value": "trance"
    },
    "genre_rosamerica": {
        "all": {
            "cla": 0.000545948860236,
            "dan": 0.0915443822742,
            "hip": 0.00544454762712,
            "jaz": 0.000713049375918,
            "pop": 0.258195817471,
            "rhy": 0.00143430335447,
            "roc": 0.641755342484,
            "spe": 0.000366629537893
        },
        "probability": 0.641755342484,
        "value": "roc"
    },
    "genre_tzanetakis": {
        "all": {
            "blu": 0.0626541376114,
            "cla": 0.0348133966327,
            "cou": 0.0783501937985,
            "dis": 0.104547761381,
            "hip": 0.15693578124,
            "jaz": 0.313987255096,
            "met": 0.044816005975,
            "pop": 0.0627349764109,
            "reg": 0.0627352520823,
            "roc": 0.0784252434969
        },
        "probability": 0.313987255096,
        "value": "jaz"
    },
    "ismir04_rhythm": {
        "all": {
            "ChaChaCha": 0.478907644749,
            "Jive": 0.384346961975,
            "Quickstep": 0.0113653410226,
            "Rumba-American": 0.0116506945342,
            "Rumba-International": 0.00325927673839,
            "Rumba-Misc": 0.00162256101612,
            "Samba": 0.0385512411594,
            "Tango": 0.0118620572612,
            "VienneseWaltz": 0.0568730160594,
            "Waltz": 0.00156118941959
        },
        "probability": 0.478907644749,
        "value": "ChaChaCha"
    },
    "mood_acoustic": {
        "all": {
            "acoustic": 0.00714804744348,
            "not_acoustic": 0.99285197258
        },
        "probability": 0.99285197258,
        "value": "not_acoustic"
    },
    "mood_aggressive": {
        "all": {
            "aggressive": 0.988031685352,
            "not_aggressive": 0.0119683062658
        },
        "probability": 0.988031685352,
        "value": "aggressive"
    },
    "mood_electronic": {
        "all": {
            "electronic": 0.313531816006,
            "not_electronic": 0.686468183994
        },
        "probability": 0.686468183994,
        "value": "not_electronic"
    },
    "mood_happy": {
        "all": {
            "happy": 0.363957464695,
            "not_happy": 0.636042535305
        },
        "probability": 0.636042535305,
        "value": "not_happy"
    },
    "mood_party": {
        "all": {
            "not_party": 0.301976710558,
            "party": 0.69802325964
        },
        "probability": 0.69802325964,
        "value": "party"
    },
    "mood_relaxed": {
        "all": {
            "not_relaxed": 0.965830206871,
            "relaxed": 0.0341697968543
        },
        "probability": 0.965830206871,
        "value": "not_relaxed"
    },
    "mood_sad": {
        "all": {
            "not_sad": 0.974399209023,
            "sad": 0.025600777939
        },
        "probability": 0.974399209023,
        "value": "not_sad"
    },
    "moods_mirex": {
        "all": {
            "Cluster1": 0.158687517047,
            "Cluster2": 0.015952186659,
            "Cluster3": 0.00835527200252,
            "Cluster4": 0.015926649794,
            "Cluster5": 0.801078379154
        },
        "probability": 0.801078379154,
        "value": "Cluster5"
    },
    "timbre": {
        "all": {
            "bright": 0.0524197667837,
            "dark": 0.947580218315
        },
        "probability": 0.947580218315,
        "value": "dark"
    },
    "tonal_atonal": {
        "all": {
            "atonal": 0.142327174544,
            "tonal": 0.857672810555
        },
        "probability": 0.857672810555,
        "value": "tonal"
    },
    "voice_instrumental": {
        "all": {
            "instrumental": 0.0220571830869,
            "voice": 0.977942824364
        },
        "probability": 0.977942824364,
        "value": "voice"
    }
},
"lowlevel": {
    "average_loudness": 0.981150507927,
    "barkbands_crest": {
        "dmean": 2.60175156593,
        "dmean2": 4.27933645248,
        "dvar": 6.74728059769,
        "dvar2": 17.9894866943,
        "max": 23.2836265564,
        "mean": 8.08019733429,
        "median": 7.33566093445,
        "min": 2.32950782776,
        "var": 14.4920063019
    },
    "barkbands_flatness_db": {
        "dmean": 0.019846457988,
        "dmean2": 0.0335387252271,
        "dvar": 0.000608611560892,
        "dvar2": 0.00169817777351,
        "max": 0.242747619748,
        "mean": 0.0997864156961,
        "median": 0.0913114696741,
        "min": 0.0438415147364,
        "var": 0.00100914039649
    },
    "barkbands_kurtosis": {
        "dmean": 2.27497220039,
        "dmean2": 4.11430358887,
        "dvar": 33.8297157288,
        "dvar2": 98.6596603394,
        "max": 46.2290649414,
        "mean": 1.04224061966,
        "median": -0.336985111237,
        "min": -1.71021771431,
        "var": 24.1837711334
    },
    "barkbands_skewness": {
        "dmean": 0.545582473278,
        "dmean2": 0.912281155586,
        "dvar": 0.654432058334,
        "dvar2": 1.82390785217,
        "max": 6.4467625618,
        "mean": 1.02540946007,
        "median": 0.866790354252,
        "min": -1.54663550854,
        "var": 0.992371141911
    },
    "barkbands_spread": {
        "dmean": 7.00175189972,
        "dmean2": 11.2382993698,
        "dvar": 54.6230545044,
        "dvar2": 142.24307251,
        "max": 76.9716873169,
        "mean": 35.857749939,
        "median": 35.3143882751,
        "min": 4.81051158905,
        "var": 140.029556274
    },
    "dissonance": {
        "dmean": 0.0102520566434,
        "dmean2": 0.017345957458,
        "dvar": 9.42552651395e-05,
        "dvar2": 0.000256954575889,
        "max": 0.499980300665,
        "mean": 0.482707470655,
        "median": 0.485969662666,
        "min": 0.395683944225,
        "var": 0.000165574878338
    },
    "dynamic_complexity": 1.29856979847,
    "erbbands_crest": {
        "dmean": 1.97704422474,
        "dmean2": 3.23882818222,
        "dvar": 4.69865131378,
        "dvar2": 11.6599197388,
        "max": 22.8720588684,
        "mean": 6.22885942459,
        "median": 5.06188201904,
        "min": 2.23872876167,
        "var": 11.0948600769
    },
    "erbbands_flatness_db": {
        "dmean": 0.0106435865164,
        "dmean2": 0.0165308378637,
        "dvar": 9.95626396616e-05,
        "dvar2": 0.000211874867091,
        "max": 0.262663304806,
        "mean": 0.123522751033,
        "median": 0.120805360377,
        "min": 0.0666608512402,
        "var": 0.000789742916822
    },
    "erbbands_kurtosis": {
        "dmean": 0.477458000183,
        "dmean2": 0.778078794479,
        "dvar": 0.230426937342,
        "dvar2": 0.621660888195,
        "max": 3.46509599686,
        "mean": -0.465271741152,
        "median": -0.630464315414,
        "min": -1.63558745384,
        "var": 0.489546090364
    },
    "erbbands_skewness": {
        "dmean": 0.272170990705,
        "dmean2": 0.440796792507,
        "dvar": 0.0559890009463,
        "dvar2": 0.146584019065,
        "max": 1.65856385231,
        "mean": -0.185007348657,
        "median": -0.214741960168,
        "min": -1.52377831936,
        "var": 0.199767902493
    },
    "erbbands_spread": {
        "dmean": 8.16453742981,
        "dmean2": 13.3542814255,
        "dvar": 74.529876709,
        "dvar2": 208.087280273,
        "max": 100.278915405,
        "mean": 46.2191352844,
        "median": 45.4457015991,
        "min": 15.1280241013,
        "var": 192.294586182
    },
    "hfc": {
        "dmean": 9.12060928345,
        "dmean2": 13.7686548233,
        "dvar": 158.589904785,
        "dvar2": 351.975341797,
        "max": 156.308532715,
        "mean": 36.4388046265,
        "median": 33.6143951416,
        "min": 4.81833982468,
        "var": 338.670806885
    },
    "melbands_crest": {
        "dmean": 3.39211511612,
        "dmean2": 5.62486314774,
        "dvar": 9.82204723358,
        "dvar2": 25.3306064606,
        "max": 27.7450122833,
        "mean": 12.9991693497,
        "median": 12.3604898453,
        "min": 3.07239437103,
        "var": 25.9297904968
    },
    "melbands_flatness_db": {
        "dmean": 0.0270371772349,
        "dmean2": 0.0437717027962,
        "dvar": 0.00116765906569,
        "dvar2": 0.00300934747793,
        "max": 0.33134880662,
        "mean": 0.13280543685,
        "median": 0.123970650136,
        "min": 0.0214318800718,
        "var": 0.00293868267909
    },
    "melbands_kurtosis": {
        "dmean": 8.32729053497,
        "dmean2": 14.9328842163,
        "dvar": 424.302886963,
        "dvar2": 1248.66003418,
        "max": 170.688201904,
        "mean": 9.93727684021,
        "median": 4.84500360489,
        "min": -1.39401006699,
        "var": 323.124938965
    },
    "melbands_skewness": {
        "dmean": 0.850008547306,
        "dmean2": 1.43200016022,
        "dvar": 1.712444067,
        "dvar2": 4.84833192825,
        "max": 11.228310585,
        "mean": 2.47454619408,
        "median": 2.13830947876,
        "min": -0.127448171377,
        "var": 2.5500638485
    },
    "melbands_spread": {
        "dmean": 10.0724782944,
        "dmean2": 15.803404808,
        "dvar": 100.854896545,
        "dvar2": 232.766311646,
        "max": 147.933395386,
        "mean": 38.1329803467,
        "median": 35.670665741,
        "min": 2.31790590286,
        "var": 387.977935791
    },
    "pitch_salience": {
        "dmean": 0.0837777107954,
        "dmean2": 0.140324383974,
        "dvar": 0.00731083936989,
        "dvar2": 0.0207439158112,
        "max": 0.855850696564,
        "mean": 0.572359919548,
        "median": 0.582849979401,
        "min": 0.17403626442,
        "var": 0.0135061228648
    },
    "silence_rate_20dB": {
        "dmean": 0,
        "dmean2": 0,
        "dvar": 0,
        "dvar2": 0,
        "max": 1,
        "mean": 1,
        "median": 1,
        "min": 1,
        "var": 0
    },
    "silence_rate_30dB": {
        "dmean": 0,
        "dmean2": 0,
        "dvar": 0,
        "dvar2": 0,
        "max": 1,
        "mean": 1,
        "median": 1,
        "min": 1,
        "var": 0
    },
    "silence_rate_60dB": {
        "dmean": 0,
        "dmean2": 0,
        "dvar": 0,
        "dvar2": 0,
        "max": 0,
        "mean": 0,
        "median": 0,
        "min": 0,
        "var": 0
    },
    "spectral_centroid": {
        "dmean": 289.731750488,
        "dmean2": 469.598510742,
        "dvar": 84469.6328125,
        "dvar2": 230841.40625,
        "max": 3853.2199707,
        "mean": 2141.45800781,
        "median": 2121.19677734,
        "min": 761.264221191,
        "var": 264350.5
    },
    "spectral_complexity": {
        "dmean": 5.21904039383,
        "dmean2": 8.08985328674,
        "dvar": 20.1664352417,
        "dvar2": 44.87474823,
        "max": 58,
        "mean": 36.3828315735,
        "median": 37,
        "min": 12,
        "var": 60.4869613647
    },
    "spectral_decrease": {
        "dmean": 3.09389469599e-09,
        "dmean2": 5.15861398043e-09,
        "dvar": 2.62031395856e-17,
        "dvar2": 7.0171875415e-17,
        "max": -1.07354791723e-09,
        "mean": -8.22886647711e-09,
        "median": -7.3582380189e-09,
        "min": -3.72001736082e-08,
        "var": 2.9064946277e-17
    },
    "spectral_energy": {
        "dmean": 0.0120855914429,
        "dmean2": 0.0199991110712,
        "dvar": 0.000372994400095,
        "dvar2": 0.000993560068309,
        "max": 0.142347544432,
        "mean": 0.0343627594411,
        "median": 0.0313596948981,
        "min": 0.00543943280354,
        "var": 0.000422375102062
    },
    "spectral_energyband_high": {
        "dmean": 0.000963410711847,
        "dmean2": 0.00147278758232,
        "dvar": 2.22319067689e-06,
        "dvar2": 4.68000416731e-06,
        "max": 0.0205537751317,
        "mean": 0.00249921530485,
        "median": 0.00193261483219,
        "min": 6.30965951132e-05,
        "var": 4.60882483821e-06
    },
    "spectral_energyband_low": {
        "dmean": 0.0100312037393,
        "dmean2": 0.0172791797668,
        "dvar": 0.000435090012616,
        "dvar2": 0.00119588396046,
        "max": 0.134465813637,
        "mean": 0.0150246750563,
        "median": 0.00990390498191,
        "min": 6.68837583362e-06,
        "var": 0.000407610030379
    },
    "spectral_energyband_middle_high": {
        "dmean": 0.00232592970133,
        "dmean2": 0.00363991013728,
        "dvar": 7.11906295692e-06,
        "dvar2": 1.65770688909e-05,
        "max": 0.0401355959475,
        "mean": 0.00830265320837,
        "median": 0.00665773125365,
        "min": 0.00108893134166,
        "var": 2.90411044261e-05
    },
    "spectral_energyband_middle_low": {
        "dmean": 0.00412852875888,
        "dmean2": 0.0067357653752,
        "dvar": 4.06057588407e-05,
        "dvar2": 0.000102219994005,
        "max": 0.0775908902287,
        "mean": 0.00989033468068,
        "median": 0.00790268275887,
        "min": 0.00111403875053,
        "var": 5.57592793484e-05
    },
    "spectral_entropy": {
        "dmean": 0.081286996603,
        "dmean2": 0.125052273273,
        "dvar": 0.00596451433375,
        "dvar2": 0.0140970954672,
        "max": 8.43001461029,
        "mean": 8.01800727844,
        "median": 8.03233718872,
        "min": 7.25177764893,
        "var": 0.0268766842782
    },
    "spectral_flux": {
        "dmean": 0.029326049611,
        "dmean2": 0.0433036796749,
        "dvar": 0.00119454495143,
        "dvar2": 0.00216640229337,
        "max": 0.320546925068,
        "mean": 0.109670095146,
        "median": 0.096803702414,
        "min": 0.0339217819273,
        "var": 0.00247614900582
    },
    "spectral_kurtosis": {
        "dmean": 0.715957820415,
        "dmean2": 1.22173428535,
        "dvar": 0.635359704494,
        "dvar2": 1.81040883064,
        "max": 12.360584259,
        "mean": 2.60341787338,
        "median": 2.50556564331,
        "min": -0.459538459778,
        "var": 1.02654445171
    },
    "spectral_rms": {
        "dmean": 0.000888845708687,
        "dmean2": 0.00142323540058,
        "dvar": 1.3452646499e-06,
        "dvar2": 3.41993518305e-06,
        "max": 0.0117845516652,
        "mean": 0.00558349117637,
        "median": 0.00553125888109,
        "min": 0.0023036415223,
        "var": 2.34927506426e-06
    },
    "spectral_rolloff": {
        "dmean": 751.46282959,
        "dmean2": 1187.73046875,
        "dvar": 651032.5,
        "dvar2": 1391925.5,
        "max": 9388.4765625,
        "mean": 2601.0065918,
        "median": 2411.71875,
        "min": 86.1328125,
        "var": 2726635.25
    },
    "spectral_skewness": {
        "dmean": 0.137169182301,
        "dmean2": 0.230602443218,
        "dvar": 0.0168835259974,
        "dvar2": 0.0430807545781,
        "max": 1.9238370657,
        "mean": 1.12024903297,
        "median": 1.14124131203,
        "min": 0.190112560987,
        "var": 0.0429616160691
    },
    "spectral_spread": {
        "dmean": 355191.8125,
        "dmean2": 532580.3125,
        "dvar": 103810301952,
        "dvar2": 210563383296,
        "max": 7770694,
        "mean": 4748293,
        "median": 4683279.5,
        "min": 1824665.75,
        "var": 688931995648
    },
    "spectral_strongpeak": {
        "dmean": 0.557862043381,
        "dmean2": 0.960596323013,
        "dvar": 0.895693063736,
        "dvar2": 2.24522471428,
        "max": 7.79225730896,
        "mean": 0.828605055809,
        "median": 0.38910356164,
        "min": 0.0514907203615,
        "var": 1.23344862461
    },
    "zerocrossingrate": {
        "dmean": 0.0121733956039,
        "dmean2": 0.0140693839639,
        "dvar": 0.000147539103637,
        "dvar2": 0.000156099529704,
        "max": 0.25,
        "mean": 0.0922859087586,
        "median": 0.08447265625,
        "min": 0.021484375,
        "var": 0.00158845784608
    },
    "barkbands": {
        "dmean": [0.000206211741897, 0.00691597163677, 0.00414756173268, 0.00126030948013, 0.00138179853093, 0.00155968870968, 0.00100321625359, 0.000828468590043, 0.000809410936199, 0.00103128631599, 0.000380274286726, 0.000561617314816, 0.000401574303396, 0.000472984596854, 0.000376873911591, 0.000312462274451, 0.000382207072107, 0.000320472201565, 0.000357401382644, 0.000405540922657, 0.000342622370226, 0.000249280623393, 0.00019336733385, 0.000130258966237, 7.5163647125e-05, 3.45917214872e-05, 3.57400757878e-08],
        "dmean2": [0.000345223001204, 0.0119122127071, 0.0074183200486, 0.00217327452265, 0.0023128753528, 0.00258106412366, 0.00176265335176, 0.00134466483723, 0.0013238779502, 0.00165991229005, 0.000631393922959, 0.000909871014301, 0.000665144703817, 0.000773615378421, 0.000602252606768, 0.000513961422257, 0.000636300013866, 0.000536470441148, 0.000597079982981, 0.000691699446179, 0.000562955101486, 0.000386101892218, 0.000306000496494, 0.000190902035683, 0.000112313340651, 5.26753756276e-05, 6.51498339721e-08],
        "dvar": [1.78433865017e-07, 0.000197667963221, 9.09974551178e-05, 3.27960083268e-06, 8.98911002878e-06, 1.08187787191e-05, 3.55865745405e-06, 1.96363066607e-06, 1.89556783425e-06, 4.10906295656e-06, 7.96615438503e-07, 1.80626034307e-06, 7.1547827929e-07, 7.04351350578e-07, 4.46355841177e-07, 1.72601758663e-07, 1.79297359182e-07, 1.42323443697e-07, 1.50594587467e-07, 2.99773319057e-07, 2.43034833147e-07, 1.98958360897e-07, 1.94958872157e-07, 1.17329747695e-07, 1.46791849787e-08, 3.96781141276e-09, 1.19587821498e-14],
        "dvar2": [4.77884441352e-07, 0.000542794179637, 0.000269005860901, 9.19545163924e-06, 2.44752609433e-05, 2.73319346888e-05, 1.01473187897e-05, 4.65661878479e-06, 4.75171327707e-06, 9.00026861927e-06, 2.22683502216e-06, 4.22649054599e-06, 1.85512931239e-06, 1.74933143171e-06, 9.49912873693e-07, 3.91572484659e-07, 4.40312675209e-07, 3.58366520459e-07, 3.83585273767e-07, 7.99338977231e-07, 6.09056371559e-07, 4.03041752861e-07, 4.08362865301e-07, 2.32715805737e-07, 3.20196349435e-08, 8.66195115634e-09, 3.22032304252e-14],
        "max": [0.00395297678187, 0.094458296895, 0.0815662294626, 0.016561858356, 0.0557264685631, 0.0307918190956, 0.0176230370998, 0.0263254120946, 0.017112608999, 0.035168800503, 0.0186106413603, 0.025881068781, 0.00918487366289, 0.0133591014892, 0.0101423729211, 0.00776016991585, 0.00853527616709, 0.00584189919755, 0.00465427897871, 0.00522724026814, 0.00708550680429, 0.0100524071604, 0.00733199156821, 0.00711998995394, 0.00160444213543, 0.000855895748828, 1.07631956325e-06],
        "mean": [0.000187324025319, 0.00866324082017, 0.00499433092773, 0.00175215234049, 0.00197579315864, 0.00199962989427, 0.00125988421496, 0.00140672398265, 0.00125750491861, 0.00173143669963, 0.000553148973268, 0.000877179962117, 0.00057863490656, 0.000720259326044, 0.000588473340031, 0.000602210697252, 0.000800665759016, 0.00066225550836, 0.000813535240013, 0.000819890410639, 0.000708489737008, 0.000478082860354, 0.000399873591959, 0.000267221592367, 0.000185211902135, 7.95949017629e-05, 2.33604122712e-08],
        "median": [5.35701510671e-05, 0.00432572793216, 0.0026219044812, 0.00117992924061, 0.00124303612392, 0.00103880802635, 0.000716193113476, 0.000812541693449, 0.00080272386549, 0.000597535225097, 0.000344133935869, 0.000404187856475, 0.000259707332589, 0.000378787255613, 0.000337203353411, 0.000411870365497, 0.000644982559606, 0.00052395905368, 0.000697652751114, 0.000650146452244, 0.00054830609588, 0.000317798985634, 0.000281420361716, 0.000172612068127, 0.000116256684123, 4.41079646407e-05, 1.29809774041e-09],
        "min": [4.380604679e-08, 1.44734076457e-06, 1.2709206203e-06, 1.13831646331e-07, 2.41296056629e-05, 2.87802868115e-05, 8.73776843946e-06, 8.67798189574e-06, 3.02583612211e-05, 3.10457871819e-05, 1.7966644009e-05, 3.99535347242e-05, 1.9650462491e-05, 1.2383828107e-05, 4.50324514532e-05, 4.86747958348e-05, 7.87026874605e-05, 4.87030556542e-05, 0.000124153448269, 7.26191501599e-05, 3.2328243833e-05, 3.28920418724e-06, 5.55359633836e-07, 9.91362369973e-08, 1.885821721e-09, 1.78989448263e-10, 5.46761073916e-12],
        "var": [1.41772588336e-07, 0.000177559515578, 6.85665654601e-05, 3.68083351532e-06, 8.05833951745e-06, 1.04970731627e-05, 3.09997062686e-06, 4.98771260027e-06, 2.63880519924e-06, 1.01505411294e-05, 7.69103166931e-07, 2.6251266263e-06, 9.96433755063e-07, 1.12230361538e-06, 7.25135123503e-07, 4.07022497484e-07, 3.71644205188e-07, 2.7027826377e-07, 2.50203640917e-07, 3.93108251728e-07, 3.62795617548e-07, 3.92012395878e-07, 3.13082665571e-07, 1.82947815119e-07, 4.62735698648e-08, 1.21009700038e-08, 7.66920909916e-15]
    },
    "erbbands": {
        "dmean": [0.122436851263, 1.87886369228, 5.08596324921, 4.04363584518, 4.48762989044, 4.18569231033, 7.05948400497, 15.6754426956, 15.4066238403, 10.5721435547, 21.582742691, 17.5976295471, 23.8065662384, 26.7601337433, 13.8928184509, 23.3328151703, 16.507730484, 18.0149002075, 25.2277755737, 14.6072540283, 16.4379234314, 19.6958084106, 16.9074554443, 17.6962566376, 18.2628726959, 18.5219535828, 15.4945697784, 12.9721040726, 9.04394245148, 7.56530189514, 5.01019096375, 3.57933783531, 1.78948259354, 0.96838092804, 0.526227593422, 0.190999224782, 0.0642994716763, 0.00599139370024, 0.000108536180051, 1.74686192622e-05],
        "dmean2": [0.198768720031, 3.32388472557, 9.17800426483, 6.94968938828, 7.53213500977, 7.17377948761, 11.9050674438, 25.9295845032, 26.821937561, 18.1420955658, 35.4746398926, 28.9171237946, 38.3032951355, 43.195526123, 22.6555709839, 37.7304611206, 27.2074661255, 29.0795040131, 39.5949211121, 23.8493824005, 27.406879425, 33.0545272827, 28.3989238739, 29.5975170135, 30.402431488, 31.2528591156, 25.9509487152, 21.0719928741, 14.5367326736, 11.8508844376, 7.951608181, 5.39918088913, 2.67165970802, 1.48450624943, 0.784420311451, 0.28487020731, 0.098708614707, 0.00978038087487, 0.000172129512066, 2.76616228803e-05],
        "dvar": [0.0551348105073, 15.4083585739, 140.23449707, 39.8652687073, 133.178405762, 57.5699119568, 150.671951294, 1135.07299805, 839.934997559, 328.467285156, 1531.49304199, 911.831848145, 1707.63000488, 3239.25292969, 1359.30419922, 3555.71777344, 1017.81628418, 1118.32531738, 1849.08190918, 651.995056152, 329.079345703, 511.551239014, 387.627349854, 298.993286133, 476.716522217, 663.34564209, 417.899780273, 419.062591553, 266.731109619, 202.645965576, 152.574310303, 117.971939087, 12.2686767578, 2.05937027931, 0.874880552292, 0.106048941612, 0.0136677920818, 0.000147882907186, 4.51214106079e-08, 5.04153552239e-10],
        "dvar2": [0.13431841135, 43.9362640381, 411.234222412, 114.166824341, 358.389099121, 158.921524048, 408.291778564, 2821.9284668, 2375.74853516, 925.952758789, 3742.38964844, 2367.91894531, 3732.81958008, 8053.34472656, 3578.88696289, 8419.64257812, 2506.69213867, 2579.56079102, 4018.99462891, 1484.80651855, 800.251037598, 1279.75292969, 1034.98657227, 790.732910156, 1172.34350586, 1817.16552734, 1083.68188477, 1022.00708008, 580.835876465, 417.642181396, 324.734527588, 252.229812622, 24.053352356, 4.57105064392, 1.93397784233, 0.224859073758, 0.0304402261972, 0.000361988873919, 1.07929615467e-07, 1.28741972638e-09],
        "max": [2.14181923866, 25.9073448181, 88.9031448364, 52.398235321, 221.02104187, 115.601364136, 190.131958008, 257.958129883, 241.700759888, 175.380325317, 757.316650391, 379.088684082, 497.517181396, 1003.75073242, 842.635742188, 1136.43786621, 393.408813477, 522.609680176, 656.160827637, 397.902770996, 264.721099854, 300.494293213, 268.465423584, 225.279754639, 312.976379395, 292.398406982, 232.798202515, 289.048065186, 364.110351562, 226.165313721, 266.016174316, 198.130508423, 86.1096954346, 21.9708328247, 13.255112648, 4.95361852646, 1.66392683983, 0.147747546434, 0.00264622108079, 0.000166635669302],
        "mean": [0.14948913455, 2.26791119576, 6.0966334343, 6.36704111099, 5.59826469421, 5.98036432266, 10.3648223877, 19.2770557404, 20.0778160095, 16.1070976257, 36.6850814819, 28.4667434692, 42.1105499268, 45.0707397461, 23.7997303009, 38.3979721069, 27.6257591248, 29.0815353394, 42.9949874878, 27.6494255066, 36.3119163513, 43.2194519043, 36.2738685608, 40.8501625061, 41.861240387, 36.9991493225, 31.3236598969, 25.1171188354, 17.377784729, 14.9155492783, 10.2844486237, 6.76280546188, 3.87154698372, 2.28160834312, 1.2341247797, 0.440909951925, 0.140025392175, 0.0104195848107, 0.000232653459534, 5.67606730328e-05],
        "median": [0.075636819005, 1.12499535084, 3.23816895485, 5.03143262863, 3.15285897255, 3.96222877502, 6.82568693161, 8.51283359528, 11.1916751862, 11.1874685287, 19.7643318176, 18.7776927948, 20.204864502, 20.5827445984, 15.2211971283, 17.8020572662, 13.6992464066, 17.1653575897, 23.8166255951, 17.2035083771, 29.4165802002, 35.646068573, 29.5442962646, 35.3642921448, 35.4256019592, 30.0484275818, 24.8573627472, 18.4728450775, 11.8644008636, 10.2704973221, 7.16304683685, 4.31370782852, 2.53319215775, 1.48873281479, 0.685750484467, 0.229720070958, 0.078666202724, 0.00565780047327, 0.000141759621329, 5.12020087626e-05],
        "min": [5.1714519941e-05, 0.000584830588195, 0.00268947286531, 0.00387984700501, 0.0168265886605, 0.0708241015673, 0.093478269875, 0.322889298201, 0.369589298964, 0.486641764641, 0.568432152271, 1.73614037037, 1.04788076878, 1.19788587093, 1.55619120598, 1.91385889053, 1.58319056034, 1.34073853493, 3.40594911575, 2.58023071289, 3.03767323494, 5.43835067749, 2.93399596214, 4.69920825958, 4.42407417297, 3.08961129189, 1.21651721001, 1.14193987846, 0.167723104358, 0.0333700999618, 0.012060421519, 0.0041179927066, 0.000979502918199, 0.000100471123005, 2.76413375104e-05, 1.00603465398e-05, 5.14509474669e-06, 1.16304602216e-06, 4.11481914853e-06, 7.95397954789e-06],
        "var": [0.0578413419425, 12.6098451614, 104.264877319, 43.6160583496, 105.300895691, 55.1679649353, 154.773086548, 1125.07104492, 769.872375488, 314.176177979, 3835.36230469, 1144.00463867, 3973.11474609, 6508.27978516, 1654.59973145, 5025.06396484, 1682.55102539, 1708.85229492, 3482.91601562, 1192.68591309, 698.816101074, 988.378601074, 699.180725098, 600.344909668, 798.510253906, 763.528747559, 563.234985352, 629.032104492, 483.680145264, 364.308837891, 236.739395142, 154.83581543, 24.0759849548, 5.75514602661, 2.68256521225, 0.372636318207, 0.0363620519638, 0.000229848388699, 8.21510397486e-08, 7.32900240497e-10]
    },
    "gfcc": {
        "mean": [63.3478507996, 64.0239105225, -125.597450256, 46.3693199158, -64.3751907349, 17.444562912, -34.7934684753, 18.8522968292, -25.5051212311, 7.47561311722, -19.3074207306, 2.62418055534, -12.5278520584],
        "cov": [[904.463317871, -313.672393799, 262.942962646, -2.25873732567, -120.913002014, 144.842926025, -103.390090942, 23.6602840424, -76.3472900391, 51.4335403442, -57.0669136047, 58.8386993408, -85.1588821411], [-313.672393799, 1130.72546387, 32.7094039917, 296.605255127, 353.877227783, 22.0593852997, 241.83013916, -50.1571540833, 168.183044434, -84.6835784912, 87.3248977661, -129.501144409, 13.9590673447], [262.942962646, 32.7094039917, 448.078796387, 184.021820068, 71.4506607056, 112.192909241, -2.013058424, 70.9100952148, 1.29939138889, 27.2532539368, -33.2299842834, 7.52534008026, -47.7573432922], [-2.25873732567, 296.605255127, 184.021820068, 264.263641357, 140.802719116, 52.1357917786, 63.0801620483, 3.1828186512, 76.4021835327, -20.7278308868, 14.203742981, -40.2435188293, -4.53026485443], [-120.913002014, 353.877227783, 71.4506607056, 140.802719116, 217.483062744, 51.587436676, 108.025177002, 17.0609092712, 60.7929382324, -11.5386362076, 21.2119617462, -43.8966674805, -4.42712831497], [144.842926025, 22.0593852997, 112.192909241, 52.1357917786, 51.587436676, 131.953308105, 38.8234634399, 23.317855835, 2.44785547256, 1.70995390415, -2.85495686531, 0.124076798558, -29.1369781494], [-103.390090942, 241.83013916, -2.013058424, 63.0801620483, 108.025177002, 38.8234634399, 133.524856567, 27.2803001404, 57.9932632446, -13.6925401688, 26.0568943024, -25.0418167114, 4.98193645477], [23.6602840424, -50.1571540833, 70.9100952148, 3.1828186512, 17.0609092712, 23.317855835, 27.2803001404, 87.8636398315, 17.6341705322, 14.6496677399, -14.4767971039, 3.34615588188, -8.5891828537], [-76.3472900391, 168.183044434, 1.29939138889, 76.4021835327, 60.7929382324, 2.44785547256, 57.9932632446, 17.6341705322, 92.2790756226, 7.99773693085, 25.186214447, -23.476568222, 5.55673551559], [51.4335403442, -84.6835784912, 27.2532539368, -20.7278308868, -11.5386362076, 1.70995390415, -13.6925401688, 14.6496677399, 7.99773693085, 60.3682441711, 12.1618709564, 15.4243888855, -7.19272422791], [-57.0669136047, 87.3248977661, -33.2299842834, 14.203742981, 21.2119617462, -2.85495686531, 26.0568943024, -14.4767971039, 25.186214447, 12.1618709564, 56.2963256836, 11.1510572433, 9.19619655609], [58.8386993408, -129.501144409, 7.52534008026, -40.2435188293, -43.8966674805, 0.124076798558, -25.0418167114, 3.34615588188, -23.476568222, 15.4243888855, 11.1510572433, 57.6972579956, 14.1396665573], [-85.1588821411, 13.9590673447, -47.7573432922, -4.53026485443, -4.42712831497, -29.1369781494, 4.98193645477, -8.5891828537, 5.55673551559, -7.19272422791, 9.19619655609, 14.1396665573, 55.1177330017]],
        "icov": [[0.00257224822417, -0.00100819161162, 0.00014983676374, -0.00114106317051, 0.00255188369192, -0.00294150691479, 0.00110472284723, -0.000204281401238, 0.000971239060163, -0.00280026276596, 0.00328525411896, -0.00340166082606, 0.0026450722944], [-0.00100819161162, 0.00512157892808, -0.00255021010526, 0.00198215036653, -0.00525645120069, 0.00340011250228, -0.0036767735146, 0.0045615201816, -0.00390586862341, 0.00676881475374, -0.00669217342511, 0.00671021221206, -0.00181090284605], [0.00014983676374, -0.00255021010526, 0.00878922268748, -0.00822629407048, 0.00249112863094, -0.00363111402839, 0.00306873000227, -0.00706608174369, 0.0062486785464, -0.00748232519254, 0.00655794143677, -0.00676035974175, 0.00375252100639], [-0.00114106317051, 0.00198215036653, -0.00822629407048, 0.0160047207028, -0.00685386452824, 0.0017560434062, 0.00045394647168, 0.00705466512591, -0.0118727171794, 0.0104334652424, -0.00642977654934, 0.00723323086277, -0.00486546149477], [0.00255188369192, -0.00525645120069, 0.00249112863094, -0.00685386452824, 0.0176590401679, -0.00588698824868, -0.00274576526135, -0.00461382325739, 0.00643451744691, -0.00994409620762, 0.00663754530251, -0.00362066365778, 0.00257966667414], [-0.00294150691479, 0.00340011250228, -0.00363111402839, 0.0017560434062, -0.00588698824868, 0.0169705878943, -0.00758155435324, 0.00297925109044, -0.000925978354644, 0.00624035252258, -0.00535124540329, 0.0027690641582, 0.00233033020049], [0.00110472284723, -0.0036767735146, 0.00306873000227, 0.00045394647168, -0.00274576526135, -0.00758155435324, 0.0226842090487, -0.00918126758188, -0.00339186238125, 0.000979967182502, -0.00177823298145, -0.00220000208355, -0.00104433787055], [-0.000204281401238, 0.0045615201816, -0.00706608174369, 0.00705466512591, -0.00461382325739, 0.00297925109044, -0.00918126758188, 0.0244320724159, -0.0108982836828, 0.00358707038686, 0.00307312048972, 0.00150668562856, -0.000504405703396], [0.000971239060163, -0.00390586862341, 0.0062486785464, -0.0118727171794, 0.00643451744691, -0.000925978354644, -0.00339186238125, -0.0108982836828, 0.0302705429494, -0.0142214251682, -0.000789651006926, 0.00136828923132, 0.0004369012604], [-0.00280026276596, 0.00676881475374, -0.00748232519254, 0.0104334652424, -0.00994409620762, 0.00624035252258, 0.000979967182502, 0.00358707038686, -0.0142214251682, 0.0362651124597, -0.0185711123049, 0.0073714745231, -0.00132209795993], [0.00328525411896, -0.00669217342511, 0.00655794143677, -0.00642977654934, 0.00663754530251, -0.00535124540329, -0.00177823298145, 0.00307312048972, -0.000789651006926, -0.0185711123049, 0.0440122298896, -0.0251882281154, 0.00704285455868], [-0.00340166082606, 0.00671021221206, -0.00676035974175, 0.00723323086277, -0.00362066365778, 0.0027690641582, -0.00220000208355, 0.00150668562856, 0.00136828923132, 0.0073714745231, -0.0251882281154, 0.0456806384027, -0.0173036716878], [0.0026450722944, -0.00181090284605, 0.00375252100639, -0.00486546149477, 0.00257966667414, 0.00233033020049, -0.00104433787055, -0.000504405703396, 0.0004369012604, -0.00132209795993, 0.00704285455868, -0.0173036716878, 0.0300420857966]]
    },
    "melbands": {
        "dmean": [0.00148261932191, 0.00260602938943, 0.000682451471221, 0.000323306099745, 0.000224042931222, 0.000332243711455, 0.000229158817092, 0.000116542294563, 0.000176405374077, 0.000114165166451, 0.000128664425574, 0.000123355712276, 4.86924000143e-05, 4.99744637636e-05, 7.1508489782e-05, 3.13424679916e-05, 3.60915073543e-05, 4.63862488687e-05, 2.32048823818e-05, 2.30913756241e-05, 2.17420329136e-05, 2.38445718423e-05, 1.85179142136e-05, 1.53840283019e-05, 1.59404371516e-05, 1.50211781147e-05, 1.506438457e-05, 1.28355568449e-05, 1.06063152998e-05, 1.00039687823e-05, 7.57581301514e-06, 5.73747502131e-06, 4.68239204565e-06, 4.46456397185e-06, 3.24960478792e-06, 2.56215116679e-06, 2.25291114475e-06, 1.44102307331e-06, 9.72272346189e-07, 8.7506566615e-07],
        "dmean2": [0.00249063898809, 0.00468173250556, 0.00117064162623, 0.000547922682017, 0.000376745621907, 0.000549862103071, 0.000400863529649, 0.000195294938749, 0.000290280295303, 0.000187578203622, 0.000207269986277, 0.000197578323423, 8.09146586107e-05, 8.06075331639e-05, 0.000113794616482, 5.07390759594e-05, 5.89703486185e-05, 7.39072856959e-05, 3.86680658266e-05, 3.7086505472e-05, 3.66884341929e-05, 4.00346907554e-05, 3.15285760735e-05, 2.61384666373e-05, 2.69103256869e-05, 2.52392146649e-05, 2.49192107731e-05, 2.18824188778e-05, 1.78571062861e-05, 1.65594719874e-05, 1.2387940842e-05, 9.29812085815e-06, 7.42096290196e-06, 7.12080282028e-06, 5.30764464202e-06, 3.91653338738e-06, 3.36475045515e-06, 2.20702509068e-06, 1.48829565205e-06, 1.38484801937e-06],
        "dvar": [8.83443681232e-06, 3.40332589985e-05, 1.17069180305e-06, 5.80169910336e-07, 1.37346177098e-07, 5.11506925704e-07, 1.90021921753e-07, 3.05527620981e-08, 1.05958882557e-07, 3.86501817218e-08, 5.13617166575e-08, 6.83467789031e-08, 1.49454297826e-08, 1.10075610849e-08, 3.35417382757e-08, 3.42091932559e-09, 4.16479606358e-09, 6.95517332616e-09, 1.99112859534e-09, 1.52716106427e-09, 5.39678135514e-10, 6.62820798247e-10, 5.89144399932e-10, 3.49210244055e-10, 2.42621145397e-10, 3.29001242916e-10, 3.22768090033e-10, 3.66704611121e-10, 1.8032329796e-10, 2.21162893554e-10, 1.43527911778e-10, 1.06312188219e-10, 7.29254295839e-11, 7.58935900236e-11, 6.28355839583e-11, 5.2499896791e-11, 4.42431993819e-11, 1.08267292701e-11, 1.82008292986e-12, 1.87479068728e-12],
        "dvar2": [2.33858972933e-05, 9.85535079963e-05, 3.30035391016e-06, 1.5765824628e-06, 3.66706757404e-07, 1.28431508983e-06, 5.38225549462e-07, 8.49808969861e-08, 2.71529387419e-07, 9.76492771088e-08, 1.10361781935e-07, 1.64280905324e-07, 4.10173335297e-08, 2.45702374002e-08, 7.86849838619e-08, 8.16719047947e-09, 9.7034655866e-09, 1.56531250184e-08, 4.47482761956e-09, 3.50521589532e-09, 1.41795641895e-09, 1.6719725604e-09, 1.54904700178e-09, 8.92046436718e-10, 6.51859732859e-10, 8.3017970276e-10, 7.92395760119e-10, 1.01069930203e-09, 4.82548279113e-10, 5.63162405598e-10, 3.42628425631e-10, 2.44972625518e-10, 1.44233180954e-10, 1.68637201425e-10, 1.45043171917e-10, 1.148940873e-10, 8.8141521859e-11, 2.22782192e-11, 4.02956314149e-12, 4.4901608473e-12],
        "max": [0.0234809890389, 0.0367242135108, 0.0106243565679, 0.0138393817469, 0.00561427650973, 0.00589062739164, 0.00376812019385, 0.00168806803413, 0.00611587939784, 0.00258772796951, 0.00283645885065, 0.00428313063458, 0.0026631585788, 0.00188418664038, 0.00280158012174, 0.00104912638199, 0.000952672038693, 0.00145507825073, 0.000670070701744, 0.000764176831581, 0.000308663991746, 0.000318937934935, 0.000404159392929, 0.000350506888935, 0.000175879395101, 0.000222424787353, 0.000264459813479, 0.000226425298024, 0.00012917094864, 0.000201845148695, 0.000174618340679, 0.000233597122133, 0.00015990792599, 0.000141171301948, 0.000177874258952, 0.000139770272654, 0.000136976188514, 8.84287364897e-05, 2.01255734282e-05, 1.84737145901e-05],
        "mean": [0.00191993522458, 0.00329619226977, 0.00107447255868, 0.000417677510995, 0.000342658400768, 0.000414446229115, 0.000297687307466, 0.000185288517969, 0.000295137608191, 0.000175193446921, 0.000223738024943, 0.000203862247872, 7.45080324123e-05, 8.24040835141e-05, 0.000107048523205, 4.75459492009e-05, 5.35967119504e-05, 7.58085516281e-05, 3.71096903109e-05, 4.11711262132e-05, 4.35903311882e-05, 4.78901747556e-05, 3.51683920599e-05, 3.0758761568e-05, 3.34001051669e-05, 3.04331388179e-05, 3.0649764085e-05, 2.26058946282e-05, 1.94222757273e-05, 1.82501407835e-05, 1.34652464112e-05, 9.99969233817e-06, 8.46976399771e-06, 8.35144692246e-06, 6.19451020611e-06, 4.75425531477e-06, 3.85652538171e-06, 2.7834150842e-06, 2.18935133489e-06, 1.82921871783e-06],
        "median": [0.00100416655187, 0.00189229228999, 0.000848133524414, 0.000238177919528, 0.000235787272686, 0.00019321279251, 0.000168694299646, 0.00012704465189, 0.000160135270562, 0.000113457193947, 9.91608030745e-05, 8.35437676869e-05, 4.64223048766e-05, 4.49262370239e-05, 3.62057398888e-05, 2.46331073868e-05, 3.03410524793e-05, 3.90206987504e-05, 2.27555101446e-05, 2.31725589401e-05, 3.66315580322e-05, 3.86768551834e-05, 2.78743918898e-05, 2.28885401157e-05, 2.83090757875e-05, 2.47978787229e-05, 2.49637869274e-05, 1.76557241502e-05, 1.54616700456e-05, 1.32415671033e-05, 8.9794411906e-06, 6.46130229143e-06, 5.66762946619e-06, 5.63208732274e-06, 4.20649575972e-06, 3.12229235533e-06, 2.34735875893e-06, 1.69790371274e-06, 1.50102619045e-06, 1.11778888368e-06],
        "min": [6.59830277527e-07, 1.12042891942e-06, 7.48175239096e-07, 2.35044353758e-06, 3.42340763382e-06, 7.67115488998e-06, 3.87227464671e-06, 4.0615582293e-06, 4.13998441218e-06, 7.42361999073e-06, 4.29636929766e-06, 3.9491806092e-06, 2.8456918244e-06, 4.7980220188e-06, 2.82705286736e-06, 3.04744980895e-06, 1.53962707827e-06, 5.42393172509e-06, 3.01003615277e-06, 2.82526798401e-06, 2.7502744615e-06, 4.84127713207e-06, 3.09824781652e-06, 2.19111916522e-06, 2.84768179881e-06, 3.11191479341e-06, 3.03354659081e-06, 1.56416172103e-06, 6.60255068397e-07, 7.37220943847e-07, 4.195514407e-07, 8.94215190783e-08, 1.16113989534e-08, 1.24257049094e-08, 7.23587234575e-09, 3.74317510321e-09, 1.92723548231e-09, 2.94499730158e-10, 4.54908576086e-11, 2.23906188729e-11],
