{
"highlevel": {
    "danceability": {
        "all": {
            "danceable": 0.994785249233,
            "not_danceable": 0.00521475682035
        },
        "probability": 0.994785249233,
        "value": "danceable"
    },
    "gender": {
        "all": {
            "female": 0.966664075851,
            "male": 0.0333359092474
        },
        "probability": 0.966664075851,
        "value": "female"
    },
    "genre_dortmund": {
        "all": {
            "alternative": 0.0291930884123,
            "blues": 0.0509154051542,
            "electronic": 0.123691178858,
            "folkcountry": 0.148278862238,
            "funksoulrnb": 0.0291176531464,
            "jazz": 0.0191640611738,
            "pop": 0.133043214679,
            "raphiphop": 0.397982120514,
            "rock": 0.0686144456267
        },
        "probability": 0.397982120514,
        "value": "raphiphop"
    },
    "genre_electronic": {
        "all": {
            "ambient": 0.190794602036,
            "dnb": 0.491962879896,
            "house": 0.0601567775011,
            "techno": 0.0123697770759,
            "trance": 0.244715973735
        },
        "probability": 0.491962879896,
        "value": "dnb"
    },
    "genre_rosamerica": {
        "all": {
            "cla": 0.000723469536752,
            "dan": 0.0164401195943,
            "hip": 0.0184984579682,
            "jaz": 0.00110875733662,
            "pop": 0.929365873337,
            "rhy": 0.0197572894394,
            "roc": 0.0137218367308,
            "spe": 0.000384215469239
        },
        "probability": 0.929365873337,
        "value": "pop"
    },
    "genre_tzanetakis": {
        "all": {
            "blu": 1.9929402841e-14,
            "cla": 1.09476272516e-14,
            "cou": 2.92675057096e-14,
            "dis": 1.80004174408e-14,
            "hip": 2.9275999756e-14,
            "jaz": 0.999999940395,
            "met": 2.0000017642e-08,
            "pop": 2.0000017642e-08,
            "reg": 1.66666822565e-08,
            "roc": 2.50000233848e-08
        },
        "probability": 0.999999940395,
        "value": "jaz"
    },
    "ismir04_rhythm": {
        "all": {
            "ChaChaCha": 0.0434356741607,
            "Jive": 0.223155289888,
            "Quickstep": 0.159568533301,
            "Rumba-American": 0.00960486568511,
            "Rumba-International": 0.0671900585294,
            "Rumba-Misc": 0.0102816782892,
            "Samba": 0.447016268969,
            "Tango": 0.00516141857952,
            "VienneseWaltz": 0.0206161513925,
            "Waltz": 0.0139700677246
        },
        "probability": 0.447016268969,
        "value": "Samba"
    },
    "mood_acoustic": {
        "all": {
            "acoustic": 0.034316111356,
            "not_acoustic": 0.965683877468
        },
        "probability": 0.965683877468,
        "value": "not_acoustic"
    },
    "mood_aggressive": {
        "all": {
            "aggressive": 0.173248797655,
            "not_aggressive": 0.826751172543
        },
        "probability": 0.826751172543,
        "value": "not_aggressive"
    },
    "mood_electronic": {
        "all": {
            "electronic": 0.567002594471,
            "not_electronic": 0.432997405529
        },
        "probability": 0.567002594471,
        "value": "electronic"
    },
    "mood_happy": {
        "all": {
            "happy": 0.720610260963,
            "not_happy": 0.279389709234
        },
        "probability": 0.720610260963,
        "value": "happy"
    },
    "mood_party": {
        "all": {
            "not_party": 0.293928682804,
            "party": 0.706071317196
        },
        "probability": 0.706071317196,
        "value": "party"
    },
    "mood_relaxed": {
        "all": {
            "not_relaxed": 0.409143477678,
            "relaxed": 0.590856492519
        },
        "probability": 0.590856492519,
        "value": "relaxed"
    },
    "mood_sad": {
        "all": {
            "not_sad": 0.422789216042,
            "sad": 0.577210783958
        },
        "probability": 0.577210783958,
        "value": "sad"
    },
    "moods_mirex": {
        "all": {
            "Cluster1": 0.158346056938,
            "Cluster2": 0.293449193239,
            "Cluster3": 0.184942170978,
            "Cluster4": 0.233983561397,
            "Cluster5": 0.129279017448
        },
        "probability": 0.293449193239,
        "value": "Cluster2"
    },
    "timbre": {
        "all": {
            "bright": 0.972552657127,
            "dark": 0.0274473130703
        },
        "probability": 0.972552657127,
        "value": "bright"
    },
    "tonal_atonal": {
        "all": {
            "atonal": 0.108209311962,
            "tonal": 0.891790688038
        },
        "probability": 0.891790688038,
        "value": "tonal"
    },
    "voice_instrumental": {
        "all": {
            "instrumental": 0.000306662608637,
            "voice": 0.999693334103
        },
        "probability": 0.999693334103,
        "value": "voice"
    }
},
"lowlevel": {
    "average_loudness": 0.9807959795,
    "barkbands_crest": {
        "dmean": 2.79814910889,
        "dmean2": 4.12345933914,
        "dvar": 6.85008096695,
        "dvar2": 14.6064510345,
        "max": 25.2918758392,
        "mean": 11.3816566467,
        "median": 10.415102005,
        "min": 2.41400194168,
        "var": 26.769903183
    },
    "barkbands_flatness_db": {
        "dmean": 0.025297049433,
        "dmean2": 0.0350736863911,
        "dvar": 0.000586592243053,
        "dvar2": 0.00100399681833,
        "max": 0.442158401012,
        "mean": 0.147496134043,
        "median": 0.138369604945,
        "min": 0.0341878756881,
        "var": 0.00368685810827
    },
    "barkbands_kurtosis": {
        "dmean": 2.91051840782,
        "dmean2": 4.32647562027,
        "dvar": 29.3364868164,
        "dvar2": 59.2198028564,
        "max": 89.4790344238,
        "mean": 4.07555341721,
        "median": 0.811743021011,
        "min": -1.85786557198,
        "var": 81.2976379395
    },
    "barkbands_skewness": {
        "dmean": 0.617654383183,
        "dmean2": 0.863817453384,
        "dvar": 0.393773406744,
        "dvar2": 0.775477528572,
        "max": 7.87830114365,
        "mean": 1.4431245327,
        "median": 1.01588153839,
        "min": -1.2537958622,
        "var": 1.90436422825
    },
    "barkbands_spread": {
        "dmean": 7.0587978363,
        "dmean2": 10.1876316071,
        "dvar": 77.0054092407,
        "dvar2": 139.447937012,
        "max": 106.886886597,
        "mean": 26.5000209808,
        "median": 24.831489563,
        "min": 0.750484824181,
        "var": 290.128173828
    },
    "dissonance": {
        "dmean": 0.0203601010144,
        "dmean2": 0.0335280485451,
        "dvar": 0.000410863664001,
        "dvar2": 0.00114312733058,
        "max": 0.499818176031,
        "mean": 0.465058326721,
        "median": 0.472332298756,
        "min": 0.322569340467,
        "var": 0.000760564405937
    },
    "dynamic_complexity": 2.29452443123,
    "erbbands_crest": {
        "dmean": 3.09174656868,
        "dmean2": 4.92390203476,
        "dvar": 8.31422138214,
        "dvar2": 20.3134174347,
        "max": 28.8320980072,
        "mean": 9.63447761536,
        "median": 8.34596347809,
        "min": 2.43427681923,
        "var": 25.7053279877
    },
    "erbbands_flatness_db": {
        "dmean": 0.0193196162581,
        "dmean2": 0.0271875429899,
        "dvar": 0.000289073563181,
        "dvar2": 0.000606208865065,
        "max": 0.311033397913,
        "mean": 0.154105216265,
        "median": 0.147163942456,
        "min": 0.0628311559558,
        "var": 0.00177422130946
    },
    "erbbands_kurtosis": {
        "dmean": 0.952095687389,
        "dmean2": 1.48425853252,
        "dvar": 1.37746369839,
        "dvar2": 3.07965517044,
        "max": 16.3227233887,
        "mean": 0.908640503883,
        "median": 0.28480887413,
        "min": -1.67539429665,
        "var": 3.87222886086
    },
    "erbbands_skewness": {
        "dmean": 0.339166581631,
        "dmean2": 0.510507047176,
        "dvar": 0.0917190685868,
        "dvar2": 0.200772255659,
        "max": 2.2499434948,
        "mean": 0.283019542694,
        "median": 0.259953022003,
        "min": -1.32280039787,
        "var": 0.366463422775
    },
    "erbbands_spread": {
        "dmean": 7.99920129776,
        "dmean2": 11.9453239441,
        "dvar": 60.8139266968,
        "dvar2": 134.045715332,
        "max": 127.948112488,
        "mean": 33.6001167297,
        "median": 31.5021953583,
        "min": 5.30040311813,
        "var": 254.635772705
    },
    "hfc": {
        "dmean": 12.7912540436,
        "dmean2": 17.8703479767,
        "dvar": 448.203704834,
        "dvar2": 763.906494141,
        "max": 229.57371521,
        "mean": 31.8898544312,
        "median": 19.3620471954,
        "min": 1.72433519363,
        "var": 1027.24145508
    },
    "melbands_crest": {
        "dmean": 3.61999964714,
        "dmean2": 5.13391971588,
        "dvar": 11.3032283783,
        "dvar2": 21.8719749451,
        "max": 33.9659500122,
        "mean": 16.8562221527,
        "median": 15.679110527,
        "min": 3.79104304314,
        "var": 51.5616226196
    },
    "melbands_flatness_db": {
        "dmean": 0.0317721217871,
        "dmean2": 0.04195888713,
        "dvar": 0.000991246313788,
        "dvar2": 0.00163212814368,
        "max": 0.531155288219,
        "mean": 0.19959717989,
        "median": 0.191743806005,
        "min": 0.0265732202679,
        "var": 0.00698062684387
    },
    "melbands_kurtosis": {
        "dmean": 7.45743322372,
        "dmean2": 11.2490720749,
        "dvar": 151.754669189,
        "dvar2": 334.131835938,
        "max": 182.997894287,
        "mean": 12.8884162903,
        "median": 4.97478961945,
        "min": -1.35101222992,
        "var": 405.540374756
    },
    "melbands_skewness": {
        "dmean": 0.827250301838,
        "dmean2": 1.17748391628,
        "dvar": 0.758688211441,
        "dvar2": 1.59791910648,
        "max": 10.8951244354,
        "mean": 2.56093621254,
        "median": 2.02122879028,
        "min": -0.883365511894,
        "var": 3.49497866631
    },
    "melbands_spread": {
        "dmean": 9.78592014313,
        "dmean2": 14.008231163,
        "dvar": 167.918807983,
        "dvar2": 330.676605225,
        "max": 149.423217773,
        "mean": 28.4666900635,
        "median": 25.6181812286,
        "min": 0.66112691164,
        "var": 451.147094727
    },
    "pitch_salience": {
        "dmean": 0.0778926685452,
        "dmean2": 0.110759779811,
        "dvar": 0.00548067409545,
        "dvar2": 0.0108445864171,
        "max": 0.803235530853,
        "mean": 0.484604030848,
        "median": 0.488100558519,
        "min": 0.0965928509831,
        "var": 0.0212062168866
    },
    "silence_rate_20dB": {
        "dmean": 0,
        "dmean2": 0,
        "dvar": 0,
        "dvar2": 0,
        "max": 1,
        "mean": 1,
        "median": 1,
        "min": 1,
        "var": 0
    },
    "silence_rate_30dB": {
        "dmean": 0.0061919502914,
        "dmean2": 0.0123934932053,
        "dvar": 0.00615360401571,
        "dvar2": 0.0122398426756,
        "max": 1,
        "mean": 0.990719258785,
        "median": 1,
        "min": 0,
        "var": 0.00919463485479
    },
    "silence_rate_60dB": {
        "dmean": 0,
        "dmean2": 0,
        "dvar": 0,
        "dvar2": 0,
        "max": 0,
        "mean": 0,
        "median": 0,
        "min": 0,
        "var": 0
    },
    "spectral_centroid": {
        "dmean": 270.163116455,
        "dmean2": 370.820861816,
        "dvar": 83541.25,
        "dvar2": 145058.734375,
        "max": 3888.6184082,
        "mean": 1565.78405762,
        "median": 1554.20581055,
        "min": 163.461395264,
        "var": 433162.0625
    },
    "spectral_complexity": {
        "dmean": 4.38003110886,
        "dmean2": 6.45623540878,
        "dvar": 28.2665042877,
        "dvar2": 42.5934944153,
        "max": 58,
        "mean": 21.6496524811,
        "median": 20,
        "min": 6,
        "var": 89.8748855591
    },
    "spectral_decrease": {
        "dmean": 2.66752864242e-09,
        "dmean2": 3.76454600826e-09,
        "dvar": 1.06139531407e-17,
        "dvar2": 2.30454718958e-17,
        "max": -6.59902910094e-10,
        "mean": -9.03383767792e-09,
        "median": -8.57669135712e-09,
        "min": -3.57409994933e-08,
        "var": 2.98109804715e-17
    },
    "spectral_energy": {
        "dmean": 0.0106044271961,
        "dmean2": 0.0148426443338,
        "dvar": 0.000158278766321,
        "dvar2": 0.000342965533491,
        "max": 0.136521220207,
        "mean": 0.0369882360101,
        "median": 0.0357214510441,
        "min": 0.00323929358274,
        "var": 0.000451012485428
    },
    "spectral_energyband_high": {
        "dmean": 0.00103561370634,
        "dmean2": 0.00140562979504,
        "dvar": 4.35716856373e-06,
        "dvar2": 7.11150642019e-06,
        "max": 0.0207830313593,
        "mean": 0.00167070422322,
        "median": 0.000535217812285,
        "min": 2.56712633018e-06,
        "var": 8.4541952674e-06
    },
    "spectral_energyband_low": {
        "dmean": 0.00886685401201,
        "dmean2": 0.0124261723831,
        "dvar": 0.000171356543433,
        "dvar2": 0.000387771578971,
        "max": 0.130060404539,
        "mean": 0.0197762120515,
        "median": 0.0149321584031,
        "min": 7.97310640337e-05,
        "var": 0.000421510689193
    },
    "spectral_energyband_middle_high": {
        "dmean": 0.00339814904146,
        "dmean2": 0.00500297592953,
        "dvar": 2.13342191273e-05,
        "dvar2": 4.20976648456e-05,
        "max": 0.0681590661407,
        "mean": 0.0092307170853,
        "median": 0.00477012898773,
        "min": 0.000259652850218,
        "var": 8.68594797794e-05
    },
    "spectral_energyband_middle_low": {
        "dmean": 0.00316592049785,
        "dmean2": 0.00502368202433,
        "dvar": 2.18735021917e-05,
        "dvar2": 5.10464597028e-05,
        "max": 0.0434980019927,
        "mean": 0.00701990211383,
        "median": 0.00545037584379,
        "min": 0.000983562204055,
        "var": 2.81646207441e-05
    },
    "spectral_entropy": {
        "dmean": 0.159574508667,
        "dmean2": 0.224117308855,
        "dvar": 0.0282540041953,
        "dvar2": 0.0501478016376,
        "max": 8.53063392639,
        "mean": 7.62297058105,
        "median": 7.69965648651,
        "min": 6.06707286835,
        "var": 0.193936899304
    },
    "spectral_flux": {
        "dmean": 0.0289583001286,
        "dmean2": 0.0425466895103,
        "dvar": 0.000953297480009,
        "dvar2": 0.00210169819184,
        "max": 0.32360342145,
        "mean": 0.095267675817,
        "median": 0.086432017386,
        "min": 0.0176707524806,
        "var": 0.00243010674603
    },
    "spectral_kurtosis": {
        "dmean": 1.53733885288,
        "dmean2": 2.50393891335,
        "dvar": 4.70236492157,
        "dvar2": 14.4769487381,
        "max": 33.6475334167,
        "mean": 4.32211208344,
        "median": 3.66615819931,
        "min": -0.939894676208,
        "var": 11.4604787827
    },
    "spectral_rms": {
        "dmean": 0.000851330347359,
        "dmean2": 0.00116022804286,
        "dvar": 8.3425345565e-07,
        "dvar2": 1.62533137882e-06,
        "max": 0.0115408599377,
        "mean": 0.00573411630467,
        "median": 0.00590340560302,
        "min": 0.00177771947347,
        "var": 3.20603407999e-06
    },
    "spectral_rolloff": {
        "dmean": 682.780761719,
        "dmean2": 1037.14648438,
        "dvar": 1530245.75,
        "dvar2": 2797337.5,
        "max": 13393.6523438,
        "mean": 1714.99841309,
        "median": 1313.52539062,
        "min": 64.599609375,
        "var": 3766171.5
    },
    "spectral_skewness": {
        "dmean": 0.208382993937,
        "dmean2": 0.321530461311,
        "dvar": 0.0417720712721,
        "dvar2": 0.105089008808,
        "max": 4.16262149811,
        "mean": 1.5923333168,
        "median": 1.54470551014,
        "min": 0.53710091114,
        "var": 0.201742529869
    },
    "spectral_spread": {
        "dmean": 686666.375,
        "dmean2": 995341.8125,
        "dvar": 720211542016,
        "dvar2": 1.29960050688e+12,
        "max": 17731962,
        "mean": 4774344,
        "median": 4530325.5,
        "min": 1467260.125,
        "var": 3.01356705382e+12
    },
    "spectral_strongpeak": {
        "dmean": 0.692681133747,
        "dmean2": 1.1549243927,
        "dvar": 1.96260201931,
        "dvar2": 4.59337806702,
        "max": 12.4051189423,
        "mean": 1.13464558125,
        "median": 0.382878035307,
        "min": 0.0395889431238,
        "var": 3.71013736725
    },
    "zerocrossingrate": {
        "dmean": 0.0150135150179,
        "dmean2": 0.016267972067,
        "dvar": 0.000338890065905,
        "dvar2": 0.000363941362593,
        "max": 0.35009765625,
        "mean": 0.0662291422486,
        "median": 0.056640625,
        "min": 0.00390625,
        "var": 0.00218657101505
    },
    "barkbands": {
        "dmean": [0.000518177344929, 0.00724994298071, 0.00193667702843, 0.000803240516689, 0.00130638817791, 0.000574756821152, 0.00100779114291, 0.000575411482714, 0.000390833592974, 0.000988505547866, 0.000610379385762, 0.000586232345086, 0.00101767433807, 0.000469231395982, 0.000949790759478, 0.00034150396823, 0.000245669361902, 0.000296900252579, 0.000377296266379, 0.000236093095737, 0.00017438128998, 0.000170368060935, 0.000192365187104, 0.000215671403566, 0.000262136716628, 7.31839609216e-05, 6.47344364779e-08],
        "dmean2": [0.000688646337949, 0.0103865778074, 0.00272032991052, 0.00138089829125, 0.00233014905825, 0.000898963713553, 0.00161529600155, 0.000878801278304, 0.000611237599514, 0.00153049023356, 0.000917344645131, 0.000895487726666, 0.00148288637865, 0.00073818245437, 0.00147075450514, 0.00053115125047, 0.000395966577344, 0.000436442205682, 0.000591686111875, 0.000356322794687, 0.000249580421951, 0.000236551117268, 0.000277477956843, 0.000312561664032, 0.000386354629882, 0.000109993772639, 1.09572113161e-07],
        "dvar": [5.09772348778e-07, 0.000112793590233, 2.08693236345e-05, 5.24660117662e-06, 1.03015736386e-05, 8.10250469385e-07, 3.42049020219e-06, 1.25204019241e-06, 7.90550473084e-07, 6.56130077914e-06, 1.59753858497e-06, 2.06584945772e-06, 5.71979262531e-06, 1.58475495482e-06, 5.95655774305e-06, 7.51623758788e-07, 3.50247631786e-07, 3.08563414819e-07, 8.17542456844e-07, 2.37865037889e-07, 1.32542808728e-07, 1.94571654788e-07, 2.19758277353e-07, 1.69691602991e-07, 3.76694799797e-07, 7.80830404778e-08, 5.44438117907e-14],
        "dvar2": [1.03084266811e-06, 0.000276508595562, 4.73485561088e-05, 1.48029284901e-05, 2.92132826871e-05, 1.93742016563e-06, 8.64041521709e-06, 2.99769703815e-06, 1.89086063074e-06, 1.32586155814e-05, 3.28749115397e-06, 4.51472487839e-06, 1.07212345029e-05, 3.52850565832e-06, 1.36975004352e-05, 1.47440596265e-06, 9.66322545537e-07, 5.8091234223e-07, 1.91404706129e-06, 5.32582532742e-07, 2.79804794445e-07, 3.77831497644e-07, 3.87286860359e-07, 3.42900875694e-07, 7.32353214516e-07, 1.56017975428e-07, 1.33664861948e-13],
        "max": [0.00895436387509, 0.106553420424, 0.0576733201742, 0.018445705995, 0.0221942178905, 0.01596467942, 0.0245955660939, 0.0223710294813, 0.0205996595323, 0.0548738874495, 0.0239418707788, 0.0238989498466, 0.0381739325821, 0.0207692924887, 0.031288754195, 0.0152622731403, 0.0126996506006, 0.0117851858959, 0.00789771508425, 0.00788107607514, 0.0054203174077, 0.00409291218966, 0.00444359518588, 0.00443505449221, 0.00992557778955, 0.00600714748725, 3.9389929043e-06],
        "mean": [0.00134108145721, 0.0149255152792, 0.00302811595611, 0.000869545678142, 0.001325734891, 0.00109793921001, 0.00167059828527, 0.000972690526396, 0.000632020412013, 0.00167833955493, 0.000996048562229, 0.00103102799039, 0.0017023133114, 0.000713611487299, 0.00127001199871, 0.000503852381371, 0.000333467876771, 0.00050009554252, 0.000494093052112, 0.000397685129428, 0.000278119754512, 0.000205966731301, 0.000232292848523, 0.000331761024427, 0.00036546040792, 9.08907750272e-05, 5.02947656855e-08],
        "median": [0.00089524302166, 0.0100411307067, 0.00069361878559, 0.000289812975097, 0.000565675087273, 0.000637163757347, 0.000870202900842, 0.00050992629258, 0.000358771183528, 0.000576404563617, 0.000369529763702, 0.000251048593782, 0.000441831944045, 0.0002147029154, 0.000360128062312, 0.000191187355085, 0.000166619211086, 0.000188993784832, 0.000171522638993, 0.000132017274154, 9.12527611945e-05, 4.77373141621e-05, 4.76804707432e-05, 7.8499011579e-05, 6.90676388331e-05, 1.0043322618e-05, 1.19946164112e-09],
        "min": [5.84610688747e-08, 2.28700973821e-05, 1.32215370741e-06, 8.29243617773e-07, 2.26956890401e-05, 1.81905779755e-05, 1.91153067135e-05, 1.01483974504e-05, 1.0229317013e-05, 9.30934220378e-06, 6.85683789925e-06, 3.89075967178e-06, 9.31320391828e-06, 5.19647437613e-06, 6.37597349851e-06, 2.65791095444e-06, 2.13025532503e-06, 1.89258298633e-06, 8.98618509382e-07, 1.62470553278e-06, 2.72506895271e-07, 9.39771496178e-08, 1.46355771946e-08, 7.00148872212e-09, 4.82675677205e-09, 8.30767399318e-12, 7.04200239787e-12],
        "var": [2.15302520701e-06, 0.000258045853116, 3.96427858504e-05, 3.61475099453e-06, 6.59756597088e-06, 1.82007136118e-06, 5.15253623234e-06, 1.8841022893e-06, 9.76097567218e-07, 1.14036693049e-05, 4.70716531709e-06, 7.5231878327e-06, 1.55844081746e-05, 3.4834104099e-06, 8.56370843394e-06, 1.21134405617e-06, 3.8600663288e-07, 1.0240408983e-06, 9.45773990679e-07, 5.40542259841e-07, 2.29305911148e-07, 2.69739672376e-07, 3.21858891539e-07, 3.22887132143e-07, 6.92813671321e-07, 1.30040831436e-07, 4.49472646331e-14]
    },
    "erbbands": {
        "dmean": [0.269210934639, 1.492146492, 2.37267613411, 2.21933841705, 3.50191879272, 4.65985870361, 2.73886585236, 5.55423021317, 13.9586954117, 11.5673141479, 11.3630571365, 10.0673322678, 17.9787063599, 37.2197036743, 18.4987449646, 29.5492763519, 50.8356704712, 26.7283229828, 46.1224708557, 22.7384605408, 19.9764633179, 11.9163646698, 14.0220117569, 20.1749973297, 16.9938602448, 11.7097473145, 7.76665735245, 6.06431007385, 6.25862312317, 5.28876972198, 5.67385292053, 4.26556777954, 3.91939115524, 3.56818294525, 1.57364094257, 0.496866613626, 0.108235396445, 0.00851743109524, 0.000170308630913, 2.15788513742e-05],
        "dmean2": [0.376693218946, 2.23789691925, 3.28438997269, 3.27310276031, 5.92826795578, 8.40206718445, 4.64065408707, 8.72849655151, 22.4235534668, 17.2243804932, 17.8059005737, 15.8782720566, 26.8188457489, 56.5262107849, 28.8362045288, 44.2659111023, 73.3763122559, 41.6493644714, 71.6151885986, 35.6398887634, 30.1810073853, 19.0909938812, 20.6669330597, 30.5275917053, 27.5310173035, 17.8900985718, 11.2535390854, 8.59284687042, 8.7204284668, 7.87144565582, 8.19535636902, 6.26046800613, 5.66753959656, 5.3841176033, 2.28970932961, 0.718640387058, 0.169671878219, 0.0136817265302, 0.000263745372649, 3.12036936521e-05],
        "dvar": [0.137899324298, 6.35038995743, 31.1583747864, 26.6362628937, 59.9801368713, 142.571212769, 29.7812461853, 77.5347595215, 747.012573242, 382.697113037, 712.842773438, 547.989624023, 2692.37426758, 8179.37841797, 1142.69018555, 4649.82128906, 14852.3603516, 4933.55322266, 13411.1210938, 5794.75097656, 2572.72143555, 1092.21325684, 1014.51177979, 1480.6184082, 1695.68078613, 768.003173828, 266.783355713, 152.135879517, 257.195373535, 184.376617432, 191.373519897, 72.7124328613, 56.0309638977, 68.2373428345, 16.2208309174, 3.41372609138, 0.130737900734, 0.000941950187553, 3.09681041699e-07, 1.32778510409e-09],
        "dvar2": [0.353780686855, 14.83289814, 64.9378509521, 64.3505325317, 159.938430786, 407.393493652, 82.0272598267, 181.797668457, 1931.52539062, 885.690734863, 1793.39758301, 1396.09277344, 6092.54199219, 15771.8701172, 2405.37597656, 10062.3632812, 27545.2265625, 11488.8916016, 29563.7636719, 14441.1572266, 5171.01464844, 3222.16357422, 1809.24902344, 3169.57641602, 4118.77099609, 1716.02514648, 544.906005859, 302.12399292, 506.192443848, 305.016021729, 338.816345215, 138.096969604, 117.108177185, 147.803619385, 30.9291419983, 6.27936172485, 0.304920852184, 0.00238659279421, 7.47906199194e-07, 2.68556110683e-09],
        "max": [3.23042678833, 29.4461784363, 81.6272201538, 48.5354957581, 58.9378433228, 92.162147522, 88.8818893433, 134.046936035, 402.835327148, 245.385238647, 555.355712891, 548.064208984, 1252.41418457, 1918.56677246, 617.408081055, 1166.49194336, 2046.00476074, 1141.53955078, 1903.38208008, 1376.49707031, 995.098388672, 781.177490234, 838.34979248, 428.970672607, 443.832122803, 524.244506836, 242.223770142, 130.31211853, 159.945709229, 111.042350769, 125.600463867, 78.9792098999, 86.4431381226, 98.0858764648, 82.499671936, 41.5175933838, 8.46262645721, 0.678025484085, 0.0126872062683, 0.00066165503813],
        "mean": [0.55185341835, 2.78684163094, 4.15233516693, 3.26619815826, 3.70351290703, 4.68335819244, 3.86066007614, 10.725481987, 24.4811325073, 21.1930732727, 19.2830677032, 17.0935306549, 31.4200019836, 67.0164108276, 31.5526180267, 55.141998291, 87.1739273071, 45.0088806152, 66.1853408813, 33.8119850159, 30.7025146484, 17.9557609558, 25.032787323, 28.8614234924, 24.1711387634, 20.2531394958, 12.7834692001, 9.27596950531, 7.47242116928, 6.78783369064, 6.89940261841, 6.47088956833, 5.71800804138, 4.72637844086, 2.19553160667, 0.625752449036, 0.124851554632, 0.0101096276194, 0.000243222981226, 6.12024668953e-05],
        "median": [0.379756212234, 1.51460087299, 1.46857595444, 0.978018820286, 1.36109006405, 1.99284768105, 2.22489881516, 6.15801239014, 13.1061429977, 11.4863128662, 10.216714859, 10.4684524536, 14.2365264893, 20.7540130615, 15.4618883133, 15.0865087509, 23.944934845, 18.3021774292, 18.4367084503, 14.5387802124, 12.7612257004, 8.75685501099, 9.21216201782, 11.5503931046, 8.35192775726, 6.47184371948, 4.73652124405, 3.2482047081, 1.8817974329, 1.32166850567, 1.44619071484, 1.33954441547, 1.36479496956, 0.91349118948, 0.409983187914, 0.0721628293395, 0.0155060682446, 0.000969601620454, 5.70705378777e-05, 5.46728551853e-05],
        "min": [0.000374905677745, 0.00676132552326, 0.00352794723585, 0.0218718014657, 0.0163546074182, 0.0697674453259, 0.0942989513278, 0.297262072563, 0.397076964378, 0.463714748621, 0.324894309044, 0.48189920187, 0.294582009315, 0.718713521957, 0.623793542385, 0.416335642338, 0.532569110394, 0.620527207851, 0.416201472282, 0.27462336421, 0.210055500269, 0.151577338576, 0.130962923169, 0.0907472670078, 0.0461493656039, 0.0798096507788, 0.0271056294441, 0.0125932879746, 0.00448740459979, 0.000497504894156, 0.000732444925234, 0.000686938990839, 0.000151404470671, 8.68792340043e-05, 3.1449864764e-05, 6.76287527313e-06, 1.73022078798e-06, 3.64697427813e-07, 1.67910786786e-06, 3.70334964828e-06],
        "var": [0.34796589613, 13.3489723206, 72.1980667114, 31.7723827362, 45.8035163879, 88.0490570068, 28.5997619629, 182.808883667, 1105.22192383, 696.059143066, 886.179016113, 630.851257324, 4547.49072266, 18578.8203125, 2730.11254883, 17965.1113281, 40408.828125, 10024.2480469, 22719.4921875, 6179.07226562, 4240.56005859, 1147.69836426, 3867.39550781, 2347.88549805, 2238.76196289, 1745.63574219, 443.210266113, 263.476074219, 345.734771729, 297.976074219, 277.085510254, 137.789001465, 100.054733276, 102.69342041, 32.2905845642, 6.25472545624, 0.186383441091, 0.00111471035052, 4.31583771388e-07, 2.80839840272e-09]
    },
    "gfcc": {
        "mean": [22.4240779877, 90.3629608154, -121.754798889, 32.3233032227, -54.953163147, 30.8702812195, -32.4740562439, 21.7059326172, -20.7700424194, 13.1985235214, -3.19658994675, -2.16284513474, -3.99474835396],
        "cov": [[3375.9152832, -2234.86743164, 58.251625061, 153.217208862, -134.215805054, 397.669128418, -455.122039795, 379.476959229, -267.817138672, 239.1378479, -192.800689697, 227.685424805, -198.572311401], [-2234.86743164, 1988.08935547, -11.5444860458, 45.7284584045, 258.397766113, -226.94833374, 477.668334961, -280.601287842, 204.567367554, -217.351974487, 193.116287231, -236.2840271, 158.448272705], [58.251625061, -11.5444860458, 491.196014404, 71.3369064331, 97.6558609009, 36.1502380371, 7.4382815361, 16.2703285217, 8.13125514984, 31.5434818268, -46.4371681213, 64.0493621826, -52.9691543579], [153.217208862, 45.7284584045, 71.3369064331, 400.851409912, 77.7455596924, 57.728012085, 74.1306381226, 3.41293859482, 77.0575866699, -63.3718795776, -29.9313716888, -7.77779054642, -7.20080280304], [-134.215805054, 258.397766113, 97.6558609009, 77.7455596924, 243.793869019, 31.4647502899, 125.817626953, 9.6376209259, 68.2375259399, -14.9415616989, 2.88646626472, -12.6895427704, 13.30397892], [397.669128418, -226.94833374, 36.1502380371, 57.728012085, 31.4647502899, 216.832260132, 55.8384056091, 77.5660095215, -32.4090576172, 47.3816223145, 26.0305118561, 15.6821136475, -10.1978578568], [-455.122039795, 477.668334961, 7.4382815361, 74.1306381226, 125.817626953, 55.8384056091, 304.186523438, -13.5307645798, 46.6495094299, -28.7905311584, 79.2174530029, -64.4243087769, 35.9945449829], [379.476959229, -280.601287842, 16.2703285217, 3.41293859482, 9.6376209259, 77.5660095215, -13.5307645798, 162.252670288, -2.25123906136, 54.2199401855, 7.58229064941, 21.3540668488, 7.69855976105], [-267.817138672, 204.567367554, 8.13125514984, 77.0575866699, 68.2375259399, -32.4090576172, 46.6495094299, -2.25123906136, 213.3828125, -16.2602710724, -16.0239925385, 16.0317001343, 27.6600875854], [239.1378479, -217.351974487, 31.5434818268, -63.3718795776, -14.9415616989, 47.3816223145, -28.7905311584, 54.2199401855, -16.2602710724, 124.350990295, 28.1407032013, 29.5145282745, -15.6753826141], [-192.800689697, 193.116287231, -46.4371681213, -29.9313716888, 2.88646626472, 26.0305118561, 79.2174530029, 7.58229064941, -16.0239925385, 28.1407032013, 165.866897583, -48.9451942444, 65.5539321899], [227.685424805, -236.2840271, 64.0493621826, -7.77779054642, -12.6895427704, 15.6821136475, -64.4243087769, 21.3540668488, 16.0317001343, 29.5145282745, -48.9451942444, 125.634864807, -24.0613327026], [-198.572311401, 158.448272705, -52.9691543579, -7.20080280304, 13.30397892, -10.1978578568, 35.9945449829, 7.69855976105, 27.6600875854, -15.6753826141, 65.5539321899, -24.0613327026, 102.214950562]],
        "icov": [[0.00174524041358, 0.0016741475556, 0.000275840779068, -0.000863618857693, -0.00112004578114, -0.00082901539281, 0.000658922246657, -0.000684337224811, 0.000830123724882, -8.67680719239e-05, -0.000277288461803, 0.000185013719602, 0.000743415905163], [0.0016741475556, 0.00482626166195, -0.000570308649912, 7.34687855584e-05, -0.0022680668626, 0.0014934479259, -0.00263928296044, 0.00261664064601, -0.00110149232205, 0.00253324327059, -0.00245047663338, 0.0026258835569, -0.000466623983812], [0.000275840779068, -0.000570308649912, 0.00288937496953, -0.00081350520486, -0.00107324367855, -0.00057247345103, 0.000961815705523, -0.000865365902428, 0.00100861373357, -0.00138601346407, 0.000591015908867, -0.00180097727571, 0.00138051249087], [-0.000863618857693, 7.34687855584e-05, -0.00081350520486, 0.00415513617918, 3.10292671202e-05, -0.000365291314665, -0.00137167074718, 0.00104611611459, -0.00223992345855, 0.00302322115749, -0.000323444284732, 0.000983187230304, -4.80811140733e-05], [-0.00112004578114, -0.0022680668626, -0.00107324367855, 3.10292671202e-05, 0.00751886982471, -0.000646863540169, -0.00157817744184, -0.00119773880579, -0.00113326590508, -0.000822238798719, 0.00205091643147, -0.000479953712784, -0.000858990708366], [-0.00082901539281, 0.0014934479259, -0.00057247345103, -0.000365291314665, -0.000646863540169, 0.00938696693629, -0.00432856800035, -0.00012445289758, 0.000121635108371, -5.62306049687e-05, -0.00208527897485, 0.000265970535111, -0.000335174467182], [0.000658922246657, -0.00263928296044, 0.000961815705523, -0.00137167074718, -0.00157817744184, -0.00432856800035, 0.00949871819466, -0.0027647044044, 0.00120390858501, -0.00125813309569, -0.00053313781973, -0.000680224620737, 0.00207307562232], [-0.000684337224811, 0.00261664064601, -0.000865365902428, 0.00104611611459, -0.00119773880579, -0.00012445289758, -0.0027647044044, 0.0123351877555, -0.00242399680428, -0.000593883392867, -0.00103759474587, 0.0023672983516, -0.00378480250947], [0.000830123724882, -0.00110149232205, 0.00100861373357, -0.00223992345855, -0.00113326590508, 0.000121635108371, 0.00120390858501, -0.00242399680428, 0.00802322011441, -0.00275898328982, 0.00255529396236, -0.0029635457322, -0.00132737634704], [-8.67680719239e-05, 0.00253324327059, -0.00138601346407, 0.00302322115749, -0.000822238798719, -5.62306049687e-05, -0.00125813309569, -0.000593883392867, -0.00275898328982, 0.016015060246, -0.00660878000781, -0.000139299023431, 0.00339671666734], [-0.000277288461803, -0.00245047663338, 0.000591015908867, -0.000323444284732, 0.00205091643147, -0.00208527897485, -0.00053313781973, -0.00103759474587, 0.00255529396236, -0.00660878000781, 0.0136962765828, 0.00118862709496, -0.00687476526946], [0.000185013719602, 0.0026258835569, -0.00180097727571, 0.000983187230304, -0.000479953712784, 0.000265970535111, -0.000680224620737, 0.0023672983516, -0.0029635457322, -0.000139299023431, 0.00118862709496, 0.0133404368535, -0.00126624840777], [0.000743415905163, -0.000466623983812, 0.00138051249087, -4.80811140733e-05, -0.000858990708366, -0.000335174467182, 0.00207307562232, -0.00378480250947, -0.00132737634704, 0.00339671666734, -0.00687476526946, -0.00126624840777, 0.0172873381525]]
    },
    "melbands": {
        "dmean": [0.0021577894222, 0.0014030529419, 0.000382118450943, 0.000327871122863, 0.000108490363345, 0.000125390681205, 0.000214586456423, 0.000121584067529, 8.80363659235e-05, 6.47862470942e-05, 9.32642142288e-05, 0.000155019035446, 6.49016510579e-05, 7.24328929209e-05, 9.22013423406e-05, 9.60683464655e-05, 5.12523656653e-05, 6.83801263222e-05, 5.93366130488e-05, 2.20362380787e-05, 2.4644570658e-05, 1.29073441713e-05, 1.40082547659e-05, 1.3316451259e-05, 1.77760812221e-05, 1.36273538374e-05, 1.01853429442e-05, 7.48554612073e-06, 5.21780702911e-06, 5.0999042287e-06, 3.33829234478e-06, 3.45599960383e-06, 3.67261532119e-06, 2.98508825836e-06, 3.53409200216e-06, 2.62057005784e-06, 2.97345059153e-06, 2.80768813354e-06, 3.12564316118e-06, 3.05915637e-06],
        "dmean2": [0.00308121182024, 0.00203686300665, 0.000555279257242, 0.00057956087403, 0.000187779442058, 0.000195788190467, 0.000343216845067, 0.000179064896656, 0.000139726267662, 0.000100580989965, 0.000139226132887, 0.000237629865296, 9.91306296783e-05, 0.000112481320684, 0.000132951288833, 0.000141401440487, 8.10651763459e-05, 0.000106539104308, 9.21665123315e-05, 3.44438012689e-05, 3.78071381419e-05, 2.14351930481e-05, 2.14743904507e-05, 1.96860783035e-05, 2.69907759503e-05, 2.21852278628e-05, 1.64358316397e-05, 1.14865224532e-05, 7.62187255532e-06, 7.60337798056e-06, 4.76018522022e-06, 4.8675024118e-06, 5.41591634828e-06, 4.4659022933e-06, 5.11275356985e-06, 3.85148632631e-06, 4.38145980297e-06, 4.1232942749e-06, 4.76330114907e-06, 4.6663426474e-06],
        "dvar": [8.92457774171e-06, 8.4487546701e-06, 6.47405329346e-07, 6.38325218461e-07, 5.38369455683e-08, 3.90013070728e-08, 1.60747362088e-07, 4.13388221432e-08, 3.92520078663e-08, 2.17702353922e-08, 7.02393876395e-08, 1.55846649363e-07, 1.54010635356e-08, 2.94131918821e-08, 3.73350097504e-08, 5.51712311392e-08, 2.17113136358e-08, 3.07164000901e-08, 3.50867210841e-08, 2.43597675365e-09, 4.34244329384e-09, 1.72933378728e-09, 8.74999128708e-10, 6.29781615746e-10, 1.18496090717e-09, 1.18412202266e-09, 4.67805016946e-10, 3.18077369998e-10, 1.34641561789e-10, 1.17870310734e-10, 4.77560456458e-11, 7.14685741143e-11, 1.09526852865e-10, 5.31290914041e-11, 7.61656224202e-11, 3.44966069599e-11, 3.43993201979e-11, 2.63551402924e-11, 5.16922026017e-11, 5.29945774763e-11],
        "dvar2": [2.26574466069e-05, 1.73690605152e-05, 1.47859134358e-06, 1.79045014193e-06, 1.53137392545e-07, 9.13682498549e-08, 4.10958335806e-07, 9.22407252801e-08, 9.85794201824e-08, 5.26415817603e-08, 1.59117746534e-07, 3.02043076772e-07, 3.24218554226e-08, 6.93935362506e-08, 7.01242512946e-08, 1.0734282796e-07, 4.87007127958e-08, 6.81938487901e-08, 8.57966355738e-08, 5.13381337441e-09, 9.03037644662e-09, 5.2089954572e-09, 1.86497817189e-09, 1.18752663258e-09, 2.52723286742e-09, 2.91642043848e-09, 1.12135756236e-09, 7.09724057302e-10, 2.81085932308e-10, 2.67635524853e-10, 9.76678252163e-11, 1.36371622328e-10, 2.33461472376e-10, 8.82212011777e-11, 1.36195471567e-10, 6.43432737646e-11, 7.04928962425e-11, 5.5670489052e-11, 1.20181586905e-10, 1.12775483396e-10],
        "max": [0.0247618947178, 0.0380257815123, 0.0072014676407, 0.00534578692168, 0.00263911113143, 0.00266171456315, 0.00581546220928, 0.00224407343194, 0.00385866640136, 0.00338492030278, 0.00626505026594, 0.00857388693839, 0.00177443516441, 0.00299472687766, 0.00301242689602, 0.00417760247365, 0.00261080870405, 0.00282605271786, 0.00330394273624, 0.000971747387666, 0.00115795340389, 0.000950538844336, 0.000587304297369, 0.000503260409459, 0.000382491969503, 0.000395761686377, 0.000270858407021, 0.000336749188136, 0.000151873347932, 0.00014038165682, 5.99923514528e-05, 8.59800711623e-05, 9.06513887458e-05, 6.84813130647e-05, 7.84263756941e-05, 5.38726017112e-05, 6.3933985075e-05, 5.11561556777e-05, 7.80257760198e-05, 0.000114655333164],
        "mean": [0.00447516236454, 0.00277034938335, 0.000579217681661, 0.000320418475894, 0.000146589940414, 0.000241801331867, 0.000377534714062, 0.000224009345402, 0.000143391866004, 0.000106712723209, 0.000154597335495, 0.000272584031336, 0.000104475417174, 0.000124146055896, 0.000166025856743, 0.000150729742018, 7.80186746852e-05, 9.65502113104e-05, 7.78506800998e-05, 3.18190213875e-05, 3.53212562914e-05, 1.75014665729e-05, 2.17789165617e-05, 2.17738197534e-05, 2.39470009546e-05, 1.73678181454e-05, 1.55252018885e-05, 1.251514459e-05, 7.62949912314e-06, 7.76111573941e-06, 4.51020014225e-06, 4.13830048274e-06, 4.05783384849e-06, 3.70043380826e-06, 4.03589774578e-06, 3.4809340832e-06, 4.28303746958e-06, 4.06481649406e-06, 3.90592049371e-06, 4.02920341003e-06],
        "median": [0.00323700532317, 0.00137852912303, 0.000206256430829, 0.000130158383399, 8.72901437106e-05, 0.000134155969135, 0.000205225864192, 0.000123235251522, 7.28651575628e-05, 5.77123792027e-05, 6.23518062639e-05, 8.07760588941e-05, 4.46013582405e-05, 3.69838198822e-05, 4.28981402365e-05, 4.46186604677e-05, 2.34231847571e-05, 2.50531047641e-05, 2.35698298638e-05, 1.52939064719e-05, 1.44957120938e-05, 8.74809666129e-06, 8.23925893201e-06, 7.85503107181e-06, 8.92290336196e-06, 5.55547512704e-06, 4.96365100844e-06, 3.83871565646e-06, 2.6617290132e-06, 2.26455563279e-06, 1.63837000855e-06, 1.07692790152e-06, 7.25605730167e-07, 6.96849269843e-07, 7.76155388849e-07, 6.57113218949e-07, 8.28913812256e-07, 9.53810967985e-07, 7.23561925042e-07, 7.02917247963e-07],
        "min": [5.69780786464e-06, 3.44694512933e-06, 2.01959596779e-06, 4.21488539359e-06, 4.51565529147e-06, 2.68757571575e-06, 5.91944490225e-06, 5.19401783095e-06, 1.92289235201e-06, 1.41147495469e-06, 1.17817467071e-06, 1.61376658525e-06, 1.39582812153e-06, 5.06092135311e-07, 2.00203862732e-06, 9.80208142209e-07, 4.11485785889e-07, 4.12876516975e-07, 4.53643309584e-07, 2.19543920821e-07, 1.98391518325e-07, 1.43966943256e-07, 7.49159241309e-08, 1.20745980325e-07, 5.15058644623e-08, 2.78345666516e-08, 4.49610162434e-08, 2.97493265577e-08, 7.61808038874e-09, 2.32753749607e-09, 8.09601718998e-09, 2.79897949262e-09, 2.36993008551e-10, 8.86518462806e-12, 3.31378591234e-10, 8.33224331545e-13, 1.89934457051e-11, 1.1949666083e-11, 1.27428987501e-11, 4.34593645793e-11],
