{
"highlevel": {
    "danceability": {
        "all": {
            "danceable": 0.999993503094,
            "not_danceable": 6.49099729344e-06
        },
        "probability": 0.999993503094,
        "value": "danceable"
    },
    "gender": {
        "all": {
            "female": 0.185081914067,
            "male": 0.814918100834
        },
        "probability": 0.814918100834,
        "value": "male"
    },
    "genre_dortmund": {
        "all": {
            "alternative": 0.00189413968474,
            "blues": 0.000889358925633,
            "electronic": 0.33591902256,
            "folkcountry": 0.00239143590443,
            "funksoulrnb": 0.00648411829025,
            "jazz": 0.00901881046593,
            "pop": 0.016375111416,
            "raphiphop": 0.623941063881,
            "rock": 0.00308693759143
        },
        "probability": 0.623941063881,
        "value": "raphiphop"
    },
    "genre_electronic": {
        "all": {
            "ambient": 0.100490003824,
            "dnb": 0.132169306278,
            "house": 0.688166856766,
            "techno": 0.0462966412306,
            "trance": 0.0328772030771
        },
        "probability": 0.688166856766,
        "value": "house"
    },
    "genre_rosamerica": {
        "all": {
            "cla": 0.00319376098923,
            "dan": 0.0859007462859,
            "hip": 0.193574845791,
            "jaz": 0.00507754879072,
            "pop": 0.141121312976,
            "rhy": 0.561564087868,
            "roc": 0.00570622971281,
            "spe": 0.0038614354562
        },
        "probability": 0.561564087868,
        "value": "rhy"
    },
    "genre_tzanetakis": {
        "all": {
            "blu": 0.0454478003085,
            "cla": 0.121176205575,
            "cou": 0.0726853385568,
            "dis": 0.0726827085018,
            "hip": 0.051917526871,
            "jaz": 0.181718662381,
            "met": 0.0605817064643,
            "pop": 0.121165342629,
            "reg": 0.0908760130405,
            "roc": 0.181748703122
        },
        "probability": 0.181748703122,
        "value": "roc"
    },
    "ismir04_rhythm": {
        "all": {
            "ChaChaCha": 0.224079236388,
            "Jive": 0.0215513296425,
            "Quickstep": 0.00933500379324,
            "Rumba-American": 0.0273306760937,
            "Rumba-International": 0.632532417774,
            "Rumba-Misc": 0.0338258333504,
            "Samba": 0.0399164259434,
            "Tango": 0.00363054964691,
            "VienneseWaltz": 0.00511679425836,
            "Waltz": 0.00268172682263
        },
        "probability": 0.632532417774,
        "value": "Rumba-International"
    },
    "mood_acoustic": {
        "all": {
            "acoustic": 0.00520516419783,
            "not_acoustic": 0.994794845581
        },
        "probability": 0.994794845581,
        "value": "not_acoustic"
    },
    "mood_aggressive": {
        "all": {
            "aggressive": 1.81737416227e-08,
            "not_aggressive": 1
        },
        "probability": 1,
        "value": "not_aggressive"
    },
    "mood_electronic": {
        "all": {
            "electronic": 0.888492584229,
            "not_electronic": 0.11150740087
        },
        "probability": 0.888492584229,
        "value": "electronic"
    },
    "mood_happy": {
        "all": {
            "happy": 0.708702623844,
            "not_happy": 0.291297376156
        },
        "probability": 0.708702623844,
        "value": "happy"
    },
    "mood_party": {
        "all": {
            "not_party": 0.529639720917,
            "party": 0.470360308886
        },
        "probability": 0.529639720917,
        "value": "not_party"
    },
    "mood_relaxed": {
        "all": {
            "not_relaxed": 0.33127117157,
            "relaxed": 0.66872882843
        },
        "probability": 0.66872882843,
        "value": "relaxed"
    },
    "mood_sad": {
        "all": {
            "not_sad": 0.533489406109,
            "sad": 0.466510593891
        },
        "probability": 0.533489406109,
        "value": "not_sad"
    },
    "moods_mirex": {
        "all": {
            "Cluster1": 0.0830861926079,
            "Cluster2": 0.0919297859073,
            "Cluster3": 0.413521260023,
            "Cluster4": 0.173290491104,
            "Cluster5": 0.238172262907
        },
        "probability": 0.413521260023,
        "value": "Cluster3"
    },
    "timbre": {
        "all": {
            "bright": 0.62542027235,
            "dark": 0.37457972765
        },
        "probability": 0.62542027235,
        "value": "bright"
    },
    "tonal_atonal": {
        "all": {
            "atonal": 0.335911899805,
            "tonal": 0.664088129997
        },
        "probability": 0.664088129997,
        "value": "tonal"
    },
    "voice_instrumental": {
        "all": {
            "instrumental": 0.0408992730081,
            "voice": 0.959100723267
        },
        "probability": 0.959100723267,
        "value": "voice"
    }
},
"lowlevel": {
    "average_loudness": 0.98446804285,
    "barkbands_crest": {
        "dmean": 3.54524540901,
        "dmean2": 5.18786525726,
        "dvar": 12.303358078,
        "dvar2": 24.9773616791,
        "max": 26.0581989288,
        "mean": 14.5217247009,
        "median": 13.8112926483,
        "min": 3.33961486816,
        "var": 34.8678855896
    },
    "barkbands_flatness_db": {
        "dmean": 0.053957298398,
        "dmean2": 0.0705488994718,
        "dvar": 0.00248150457628,
        "dvar2": 0.00486985035241,
        "max": 0.533978819847,
        "mean": 0.247409448028,
        "median": 0.247645288706,
        "min": 0.0530540980399,
        "var": 0.00916604232043
    },
    "barkbands_kurtosis": {
        "dmean": 17.0376052856,
        "dmean2": 23.8768100739,
        "dvar": 941.596252441,
        "dvar2": 1876.23254395,
        "max": 488.695373535,
        "mean": 24.2673683167,
        "median": 9.3070192337,
        "min": -1.92454123497,
        "var": 1688.12121582
    },
    "barkbands_skewness": {
        "dmean": 1.44081807137,
        "dmean2": 1.87566590309,
        "dvar": 1.9822614193,
        "dvar2": 3.62299990654,
        "max": 18.600736618,
        "mean": 3.17044878006,
        "median": 2.55318593979,
        "min": -3.54375195503,
        "var": 7.05328559875
    },
    "barkbands_spread": {
        "dmean": 11.4135980606,
        "dmean2": 17.2061538696,
        "dvar": 393.603363037,
        "dvar2": 731.36920166,
        "max": 118.289985657,
        "mean": 16.725818634,
        "median": 6.55559206009,
        "min": 0.263817608356,
        "var": 599.87322998
    },
    "dissonance": {
        "dmean": 0.0375178270042,
        "dmean2": 0.0601150915027,
        "dvar": 0.00140849931631,
        "dvar2": 0.00340010155924,
        "max": 0.499652713537,
        "mean": 0.429181694984,
        "median": 0.444316416979,
        "min": 0.179375872016,
        "var": 0.00292378407903
    },
    "dynamic_complexity": 2.44858646393,
    "erbbands_crest": {
        "dmean": 3.27286577225,
        "dmean2": 5.01124858856,
        "dvar": 9.62818050385,
        "dvar2": 19.166721344,
        "max": 27.2586212158,
        "mean": 10.2012300491,
        "median": 9.39198970795,
        "min": 2.50823187828,
        "var": 23.4715576172
    },
    "erbbands_flatness_db": {
        "dmean": 0.0367914512753,
        "dmean2": 0.0500133112073,
        "dvar": 0.0013796366984,
        "dvar2": 0.00260066380724,
        "max": 0.332700908184,
        "mean": 0.170478701591,
        "median": 0.167847543955,
        "min": 0.0568356849253,
        "var": 0.003444154514
    },
    "erbbands_kurtosis": {
        "dmean": 2.58393239975,
        "dmean2": 3.91677427292,
        "dvar": 15.8991508484,
        "dvar2": 34.5938796997,
        "max": 64.0306472778,
        "mean": 2.89569234848,
        "median": 1.43909454346,
        "min": -1.79508852959,
        "var": 27.5714187622
    },
    "erbbands_skewness": {
        "dmean": 0.685853004456,
        "dmean2": 0.982891619205,
        "dvar": 0.466367691755,
        "dvar2": 0.983861088753,
        "max": 4.99517822266,
        "mean": 0.659864008427,
        "median": 0.629093945026,
        "min": -3.71833348274,
        "var": 1.30333948135
    },
    "erbbands_spread": {
        "dmean": 16.7910919189,
        "dmean2": 24.0072898865,
        "dvar": 397.551086426,
        "dvar2": 706.692260742,
        "max": 146.75932312,
        "mean": 39.9681625366,
        "median": 29.5678768158,
        "min": 3.14295101166,
        "var": 919.147399902
    },
    "hfc": {
        "dmean": 40.3566436768,
        "dmean2": 64.1850280762,
        "dvar": 7087.14550781,
        "dvar2": 16135.4375,
        "max": 577.853088379,
        "mean": 40.323513031,
        "median": 10.6069145203,
        "min": 0.442444443703,
        "var": 6781.12011719
    },
    "melbands_crest": {
        "dmean": 4.37734031677,
        "dmean2": 5.67407751083,
        "dvar": 13.2164268494,
        "dvar2": 27.7813014984,
        "max": 36.8388175964,
        "mean": 21.2807693481,
        "median": 20.9275245667,
        "min": 4.45748376846,
        "var": 66.0857467651
    },
    "melbands_flatness_db": {
        "dmean": 0.0684927776456,
        "dmean2": 0.0890078917146,
        "dvar": 0.00433839252219,
        "dvar2": 0.00880235061049,
        "max": 0.656535804272,
        "mean": 0.33002063632,
        "median": 0.335117667913,
        "min": 0.0326857082546,
        "var": 0.0155988000333
    },
    "melbands_kurtosis": {
        "dmean": 27.9324684143,
        "dmean2": 39.5672492981,
        "dvar": 1611.00439453,
        "dvar2": 2947.32373047,
        "max": 505.180023193,
        "mean": 44.4971809387,
        "median": 20.8041553497,
        "min": -1.79140245914,
        "var": 3754.07958984
    },
    "melbands_skewness": {
        "dmean": 1.57924377918,
        "dmean2": 2.12674999237,
        "dvar": 2.17792057991,
        "dvar2": 3.92007493973,
        "max": 16.903421402,
        "mean": 4.3913731575,
        "median": 3.67249321938,
        "min": -0.416466236115,
        "var": 8.45142745972
    },
    "melbands_spread": {
        "dmean": 12.0395879745,
        "dmean2": 18.8219299316,
        "dvar": 727.591552734,
        "dvar2": 1664.0012207,
        "max": 251.904693604,
        "mean": 15.3351669312,
        "median": 6.03259134293,
        "min": 0.290300786495,
        "var": 886.280578613
    },
    "pitch_salience": {
        "dmean": 0.110250502825,
        "dmean2": 0.15846785903,
        "dvar": 0.0120841730386,
        "dvar2": 0.0261015351862,
        "max": 0.862916886806,
        "mean": 0.427577853203,
        "median": 0.443841964006,
        "min": 0.0505416095257,
        "var": 0.0347364358604
    },
    "silence_rate_20dB": {
        "dmean": 0,
        "dmean2": 0,
        "dvar": 0,
        "dvar2": 0,
        "max": 1,
        "mean": 1,
        "median": 1,
        "min": 1,
        "var": 0
    },
    "silence_rate_30dB": {
        "dmean": 0.0944272428751,
        "dmean2": 0.188226178288,
        "dvar": 0.0855111554265,
        "dvar2": 0.157445967197,
        "max": 1,
        "mean": 0.754060328007,
        "median": 1,
        "min": 0,
        "var": 0.185452401638
    },
    "silence_rate_60dB": {
        "dmean": 0.0154798757285,
        "dmean2": 0.0309837330133,
        "dvar": 0.0152403367683,
        "dvar2": 0.0377699322999,
        "max": 1,
        "mean": 0.0208816714585,
        "median": 0,
        "min": 0,
        "var": 0.0204458739609
    },
    "spectral_centroid": {
        "dmean": 392.502197266,
        "dmean2": 598.490539551,
        "dvar": 444614.15625,
        "dvar2": 860755.75,
        "max": 5724.31298828,
        "mean": 837.238952637,
        "median": 501.019073486,
        "min": 159.856903076,
        "var": 685910.4375
    },
    "spectral_complexity": {
        "dmean": 5.01161003113,
        "dmean2": 7.47405099869,
        "dvar": 44.2903747559,
        "dvar2": 84.0092926025,
        "max": 54,
        "mean": 12.4911060333,
        "median": 10,
        "min": 2,
        "var": 74.7942657471
    },
    "spectral_decrease": {
        "dmean": 8.66902105656e-09,
        "dmean2": 1.20557697159e-08,
        "dvar": 1.83228592198e-16,
        "dvar2": 3.45208595291e-16,
        "max": -2.85193729743e-10,
        "mean": -1.93569480444e-08,
        "median": -1.16658629423e-08,
        "min": -8.86237003783e-08,
        "var": 4.50215269762e-16
    },
    "spectral_energy": {
        "dmean": 0.0349334925413,
        "dmean2": 0.0490746349096,
        "dvar": 0.0026805351954,
        "dvar2": 0.00509496312588,
        "max": 0.338510036469,
        "mean": 0.076714836061,
        "median": 0.0491300188005,
        "min": 0.00113965501077,
        "var": 0.00645616324618
    },
    "spectral_energyband_high": {
        "dmean": 0.0036390137393,
        "dmean2": 0.00582805648446,
        "dvar": 7.12946566637e-05,
        "dvar2": 0.000158442140673,
        "max": 0.0558608062565,
        "mean": 0.00314612872899,
        "median": 8.91187301022e-05,
        "min": 1.97257850232e-06,
        "var": 6.90495435265e-05
    },
    "spectral_energyband_low": {
        "dmean": 0.0302037447691,
        "dmean2": 0.0395152941346,
        "dvar": 0.00233113998547,
        "dvar2": 0.00434437207878,
        "max": 0.318757504225,
        "mean": 0.0592729374766,
        "median": 0.0270818583667,
        "min": 1.61120369739e-05,
        "var": 0.00613802205771
    },
    "spectral_energyband_middle_high": {
        "dmean": 0.00172202079557,
        "dmean2": 0.00283821113408,
        "dvar": 1.43725737871e-05,
        "dvar2": 3.89952438127e-05,
        "max": 0.0353749059141,
        "mean": 0.00234280037694,
        "median": 0.000978788593784,
        "min": 6.76464969729e-06,
        "var": 1.52412239913e-05
    },
    "spectral_energyband_middle_low": {
        "dmean": 0.00818275287747,
        "dmean2": 0.0138016194105,
        "dvar": 0.000207082688576,
        "dvar2": 0.000584826688282,
        "max": 0.102162703872,
        "mean": 0.0131606189534,
        "median": 0.00910491403192,
        "min": 0.000396538322093,
        "var": 0.000179462425876
    },
    "spectral_entropy": {
        "dmean": 0.506943404675,
        "dmean2": 0.714291989803,
        "dvar": 0.3365046978,
        "dvar2": 0.642146706581,
        "max": 8.85907649994,
        "mean": 7.08664512634,
        "median": 7.03771352768,
        "min": 4.74398469925,
        "var": 0.729027271271
    },
    "spectral_flux": {
        "dmean": 0.0664600282907,
        "dmean2": 0.0975078716874,
        "dvar": 0.00746110361069,
        "dvar2": 0.0118980035186,
        "max": 0.529029071331,
        "mean": 0.137210279703,
        "median": 0.0952106639743,
        "min": 0.0100942729041,
        "var": 0.0128662586212
    },
    "spectral_kurtosis": {
        "dmean": 5.15309095383,
        "dmean2": 7.78447914124,
        "dvar": 46.9049072266,
        "dvar2": 95.2170181274,
        "max": 55.646572113,
        "mean": 8.85637283325,
        "median": 5.4434967041,
        "min": -1.34324157238,
        "var": 96.7154541016
    },
    "spectral_rms": {
        "dmean": 0.00196410622448,
        "dmean2": 0.00268956110813,
        "dvar": 6.22883089818e-06,
        "dvar2": 1.17750150821e-05,
        "max": 0.01817288436,
        "mean": 0.00756117980927,
        "median": 0.00692327413708,
        "min": 0.00105444702785,
        "var": 1.76723115146e-05
    },
    "spectral_rolloff": {
        "dmean": 1240.22644043,
        "dmean2": 2044.55383301,
        "dvar": 8565976,
        "dvar2": 16490540,
        "max": 13630.5175781,
        "mean": 1508.86035156,
        "median": 344.53125,
        "min": 43.06640625,
        "var": 10312219
    },
    "spectral_skewness": {
        "dmean": 0.698424994946,
        "dmean2": 0.993303060532,
        "dvar": 0.64067453146,
        "dvar2": 1.15410649776,
        "max": 6.69041013718,
        "mean": 2.30496144295,
        "median": 2.13568520546,
        "min": -0.127068936825,
        "var": 1.6615935564
    },
    "spectral_spread": {
        "dmean": 1560036.125,
        "dmean2": 2346198.75,
        "dvar": 3.74820962304e+12,
        "dvar2": 6.71404628378e+12,
        "max": 25753756,
        "mean": 5731944,
        "median": 5172225,
        "min": 1382438.625,
        "var": 8.33648905421e+12
    },
    "spectral_strongpeak": {
        "dmean": 0.327741980553,
        "dmean2": 0.551778793335,
        "dvar": 0.357604920864,
        "dvar2": 1.00098800659,
        "max": 11.2429208755,
        "mean": 0.644883990288,
        "median": 0.498626053333,
        "min": 0.0397177562118,
        "var": 0.30338793993
    },
    "zerocrossingrate": {
        "dmean": 0.024875510484,
        "dmean2": 0.0303430296481,
        "dvar": 0.00155816972256,
        "dvar2": 0.00208521424793,
        "max": 0.41943359375,
        "mean": 0.0474954545498,
        "median": 0.02294921875,
        "min": 0.001953125,
        "var": 0.00403907010332
    },
    "barkbands": {
        "dmean": [0.00181850872468, 0.027912709862, 0.009212968871, 0.00306993769482, 0.00330282724462, 0.00136742647737, 0.000767489895225, 0.000602023792453, 0.000603964610491, 0.000491653510835, 0.000296929560136, 0.00028705431032, 0.000205788586754, 0.000207624354516, 0.000209044534131, 0.000146914084326, 9.74682407104e-05, 5.88170805713e-05, 0.000146202175529, 0.000155871530296, 0.000247052113991, 0.000435899943113, 0.000379024219001, 0.000803578353953, 0.00102966849227, 0.000886071298737, 5.58852264021e-07],
        "dmean2": [0.00182403274812, 0.0344888940454, 0.0172109305859, 0.00580323627219, 0.00539861200377, 0.00211136741564, 0.00118876330089, 0.000940495170653, 0.000997663242742, 0.000809180259239, 0.00047577128862, 0.000465266668471, 0.000348451489117, 0.000360845791874, 0.000365595798939, 0.000255918072071, 0.000159597431775, 9.33573101065e-05, 0.000240024412051, 0.000244165188633, 0.000386981788324, 0.000694956455845, 0.000595290854108, 0.00128385063726, 0.00169453932904, 0.00153283809777, 1.0279061371e-06],
        "dvar": [6.62206684865e-06, 0.00198956253007, 0.000578483508434, 6.29794376437e-05, 2.83646604657e-05, 3.80384926757e-06, 1.54707242928e-06, 1.14658746497e-06, 1.37858455673e-06, 9.30752776185e-07, 4.55721476555e-07, 8.35003220345e-07, 3.44622208104e-07, 2.6404418918e-07, 4.26220879035e-07, 2.26475393106e-07, 6.49050804213e-08, 1.40960327855e-08, 1.00674078851e-07, 9.12118522933e-08, 2.24746827371e-07, 9.00225188616e-07, 7.06174716925e-07, 3.65253981727e-06, 6.69496103001e-06, 6.49242429063e-06, 4.76745552758e-12],
        "dvar2": [6.91837703926e-06, 0.00380240171216, 0.0016572305467, 0.000182112926268, 7.33477645554e-05, 8.90380215424e-06, 3.44572299582e-06, 2.574495511e-06, 3.73957823285e-06, 2.22264247896e-06, 9.86897475741e-07, 2.24578093366e-06, 9.26975360471e-07, 7.35571745736e-07, 1.17930471788e-06, 6.2572121351e-07, 1.62881491406e-07, 3.49773543462e-08, 2.56404149468e-07, 2.01592811777e-07, 4.94891594371e-07, 2.09892527891e-06, 1.60200193022e-06, 8.21432604425e-06, 1.56316182256e-05, 1.7029899027e-05, 1.32113755699e-11],
        "max": [0.0218430683017, 0.312584429979, 0.115416631103, 0.0495793521404, 0.0530479773879, 0.0218329392374, 0.01353527233, 0.0167409684509, 0.0142347710207, 0.0119893392548, 0.0158919692039, 0.017766866833, 0.00576119404286, 0.00685028964654, 0.00621728179976, 0.00353895896114, 0.00315495883115, 0.000921241706237, 0.00221452023834, 0.00196543242782, 0.00331877567805, 0.00584776187316, 0.00591412559152, 0.0118912709877, 0.0145528502762, 0.0180375631899, 2.10121743294e-05],
        "mean": [0.00382800702937, 0.0473208874464, 0.00711516430601, 0.00221805414185, 0.00527490489185, 0.00239646760747, 0.00120883819181, 0.00089670921443, 0.000809590506833, 0.000662649341393, 0.000441026233602, 0.000331905321218, 0.000190404854948, 0.000238038526732, 0.000183426338481, 0.000125437043607, 0.000105079278001, 5.22143709532e-05, 0.000119654017908, 0.00014133338118, 0.000218446366489, 0.000351668684743, 0.00033045213786, 0.000690003857017, 0.000854224199429, 0.000610001035966, 3.53747964255e-07],
        "median": [0.000491112354212, 0.0198500677943, 0.000423703022534, 0.00065130693838, 0.00280706281774, 0.00145187450107, 0.000563709472772, 0.000359179975931, 0.000272685050732, 0.000274087913567, 9.3433271104e-05, 8.31626894069e-05, 2.07958964893e-05, 3.44263717125e-05, 1.78717673407e-05, 1.24496882563e-05, 9.13643270906e-06, 5.62656077818e-06, 7.23660104995e-06, 9.78644311544e-06, 1.13664245873e-05, 1.42726667036e-05, 1.49434617924e-05, 1.87169152923e-05, 1.25837786982e-05, 7.18248566045e-06, 1.05462716338e-09],
        "min": [7.21715167629e-08, 3.72315548702e-06, 4.07906668443e-07, 2.45931755671e-06, 1.3194658095e-05, 1.7467458747e-05, 7.12585631391e-07, 6.27566009825e-07, 2.98119061881e-07, 7.46046282529e-07, 5.85061989966e-08, 1.07383471004e-07, 7.13037877631e-08, 9.13291984261e-08, 4.25895052558e-08, 5.26703622938e-08, 5.2923510907e-08, 6.27976035616e-08, 8.16744218923e-08, 7.48277244611e-08, 1.41670653875e-07, 1.97543215563e-07, 1.27666609728e-07, 3.19375971003e-07, 7.56365849952e-08, 2.05136601039e-08, 1.21935326419e-11],
        "var": [3.47791756212e-05, 0.0048272809945, 0.000341121165548, 3.56029231625e-05, 4.4749063818e-05, 7.59408567319e-06, 2.82469909507e-06, 2.19036542148e-06, 1.79222490715e-06, 1.49068546307e-06, 1.44297735005e-06, 7.14804627933e-07, 2.75479550282e-07, 3.17659953453e-07, 3.28452557596e-07, 1.67804685702e-07, 8.53412771562e-08, 1.31656578972e-08, 8.47342889188e-08, 9.43000202369e-08, 2.30501115084e-07, 8.33083902307e-07, 6.9118192414e-07, 3.49443780578e-06, 6.05999366599e-06, 4.63110200144e-06, 2.9090341247e-12]
    },
    "erbbands": {
        "dmean": [1.10912644863, 6.01568460464, 10.9569959641, 10.1787233353, 12.7758045197, 9.61677742004, 11.8771095276, 10.6996212006, 10.0045804977, 11.7600421906, 12.7458877563, 14.8320875168, 16.4559116364, 13.3426160812, 10.1339292526, 13.076956749, 8.92609977722, 11.5813674927, 10.2458715439, 8.3258895874, 8.3614025116, 4.97038507462, 3.69396114349, 5.45135879517, 7.75443220139, 7.60117912292, 8.93964385986, 11.1134605408, 12.3036937714, 16.8349456787, 10.4068880081, 13.360578537, 15.6809091568, 13.0562162399, 7.10369682312, 3.38578414917, 1.84896278381, 0.155814066529, 0.00288573931903, 0.000177361158421],
        "dmean2": [1.29887223244, 8.24940681458, 19.0459728241, 19.358253479, 21.8244018555, 16.0750999451, 19.0443191528, 16.0083274841, 14.7246484756, 18.6776580811, 20.2485332489, 24.255695343, 26.3147926331, 22.3231678009, 16.1467075348, 21.3499126434, 14.897942543, 19.9978733063, 17.9271087646, 14.2293367386, 14.6626634598, 7.96228933334, 5.82626390457, 8.63115406036, 13.17578125, 12.1145563126, 13.981253624, 17.5650939941, 19.2114086151, 27.3332290649, 16.3147239685, 21.1395149231, 25.3360061646, 21.5538291931, 11.7152194977, 5.82187366486, 3.26653623581, 0.277515560389, 0.00506238685921, 0.000289446878014],
        "dvar": [3.05656981468, 110.367622375, 694.969787598, 773.774719238, 510.077484131, 280.492706299, 416.145812988, 312.383483887, 267.161590576, 405.534820557, 487.600463867, 801.542297363, 964.387023926, 981.05291748, 566.389831543, 1897.10583496, 584.406494141, 821.208374023, 910.874633789, 666.241455078, 788.941101074, 157.24230957, 52.4739189148, 121.492515564, 303.01071167, 230.154312134, 292.326446533, 472.104431152, 652.207336426, 1581.61486816, 532.342895508, 988.55456543, 1444.4407959, 1049.0402832, 345.165405273, 89.6265945435, 30.2412891388, 0.227448225021, 7.31057589292e-05, 1.61739194482e-07],
        "dvar2": [5.52291250229, 221.605438232, 1912.89135742, 2234.44580078, 1373.1739502, 757.289001465, 1032.54040527, 674.638916016, 480.046081543, 887.270446777, 1133.60888672, 2133.96582031, 2219.81689453, 2551.81689453, 1131.06774902, 5259.84570312, 1590.40283203, 2319.58203125, 2541.61645508, 1808.9140625, 2182.92993164, 380.200195312, 128.187820435, 302.06817627, 794.227233887, 516.631713867, 643.093017578, 1061.47790527, 1495.29675293, 3785.66040039, 1192.73815918, 2237.703125, 3300.39941406, 2481.82543945, 822.432434082, 231.359024048, 80.3183364868, 0.596435427666, 0.000190772887436, 4.10032669151e-07],
        "max": [12.7927865982, 72.0121078491, 135.588043213, 157.615158081, 164.595779419, 159.131195068, 227.306167603, 263.463134766, 229.869445801, 284.483978271, 274.061584473, 391.513305664, 393.633850098, 388.933319092, 769.566589355, 801.069458008, 239.458343506, 341.179138184, 294.754608154, 236.809951782, 219.601577759, 114.858825684, 50.4758872986, 120.115516663, 124.548370361, 107.393119812, 94.0289916992, 166.221801758, 172.370941162, 263.446350098, 176.49949646, 199.854309082, 243.406982422, 189.238677979, 119.491569519, 64.958442688, 39.1577911377, 3.52612900734, 0.0627246722579, 0.0028552680742],
        "mean": [1.95882308483, 8.12564277649, 10.0653629303, 7.31228113174, 16.1824607849, 13.6388530731, 19.3195533752, 18.1375865936, 16.8690376282, 18.7491836548, 18.7564163208, 21.9753761292, 22.6050014496, 18.4782161713, 15.4811849594, 15.301358223, 8.83465385437, 13.3757505417, 9.77934741974, 7.8787317276, 7.27296447754, 5.11901330948, 3.42111039162, 4.59476709366, 6.0901260376, 6.86403512955, 7.97262001038, 9.53551864624, 10.3468332291, 13.230714798, 9.3531961441, 11.4049243927, 13.3617725372, 10.7140655518, 5.66876173019, 2.42711949348, 1.23890638351, 0.106816254556, 0.00202403077856, 0.000187874291441],
        "median": [0.421503275633, 2.86623501778, 1.07460105419, 2.15963935852, 6.85945177078, 7.26996421814, 8.07682704926, 9.80638504028, 8.19322109222, 8.29008674622, 8.55611610413, 8.18080711365, 11.5395078659, 4.70744943619, 3.87479996681, 3.47241616249, 1.74869000912, 2.26379442215, 1.52130031586, 0.970582008362, 0.640272498131, 0.450709611177, 0.34078374505, 0.373993754387, 0.390533715487, 0.454218775034, 0.414808660746, 0.472903311253, 0.521133244038, 0.479553073645, 0.405309796333, 0.333652257919, 0.298240303993, 0.14602856338, 0.0979193598032, 0.0387104935944, 0.0135388635099, 0.000747846381273, 4.97824548802e-05, 6.27540794085e-05],
        "min": [0.000177030175109, 0.00104122410994, 0.00199633510783, 0.00973265245557, 0.0338884331286, 0.0767733752728, 0.334153026342, 0.13115811348, 0.0372089110315, 0.022605381906, 0.0126672899351, 0.0145749272779, 0.0256447251886, 0.0105174910277, 0.00348616647534, 0.0037198450882, 0.00837703514844, 0.00948316417634, 0.00570001685992, 0.00431154342368, 0.00436488725245, 0.004496157635, 0.00419814512134, 0.00393199222162, 0.00398046942428, 0.00378754641861, 0.0062355985865, 0.00570946326479, 0.0069143883884, 0.00398340821266, 0.00273398915306, 0.00227041682228, 0.00607851985842, 0.00118655292317, 0.000622501247562, 0.000322200794471, 0.000181233102921, 1.03084030343e-05, 1.72223371919e-06, 1.6723280396e-06],
        "var": [9.05965805054, 179.915512085, 486.941040039, 430.337005615, 594.137756348, 326.489746094, 812.299377441, 603.11541748, 667.638427734, 827.14453125, 803.871459961, 1231.35571289, 1326.6574707, 1664.56689453, 2068.38842773, 1535.19042969, 476.573608398, 913.956420898, 717.469909668, 553.963867188, 587.01965332, 178.656890869, 53.2291069031, 117.99307251, 232.44631958, 228.795043945, 302.365020752, 468.790893555, 633.098144531, 1374.73522949, 537.402832031, 949.75012207, 1347.57434082, 937.89465332, 298.442108154, 66.325050354, 20.7988052368, 0.159936323762, 5.21892761753e-05, 1.28060619886e-07]
    },
    "gfcc": {
        "mean": [-27.5914230347, 103.304496765, -56.0444755554, 21.4799404144, -67.9448013306, 26.3482818604, -33.3195457458, 11.5711956024, -23.7156257629, 8.04163074493, -13.8986139297, 3.87221765518, -3.59012913704],
        "cov": [[6771.57128906, -2935.51635742, -715.416137695, 1052.40808105, -22.8809223175, 384.683410645, -200.666564941, 272.747009277, -101.39667511, 104.23714447, -301.723205566, -110.829055786, -283.011962891], [-2935.51635742, 2868.06225586, 213.855285645, -782.127441406, 470.488616943, 4.65280342102, 390.03729248, -82.1209030151, 382.587524414, 19.1065616608, 294.436523438, -21.2938938141, 193.303039551], [-715.416137695, 213.855285645, 1222.72753906, 155.334213257, -36.271446228, 49.7105369568, 279.656738281, 139.579391479, 45.5795021057, 85.3376541138, 87.4128112793, 38.8596496582, 0.232184991241], [1052.40808105, -782.127441406, 155.334213257, 745.907714844, 61.6486930847, 94.9853820801, 16.5240287781, 103.841812134, 13.4184703827, 9.09202766418, -0.778951466084, -15.3583164215, -29.6658306122], [-22.8809223175, 470.488616943, -36.271446228, 61.6486930847, 666.373474121, 182.403305054, 136.692672729, 40.5386428833, 173.078857422, 41.9315757751, 58.9812316895, 16.3948574066, 55.9524040222], [384.683410645, 4.65280342102, 49.7105369568, 94.9853820801, 182.403305054, 312.86895752, 131.899978638, 27.4685173035, 39.4689598083, 30.8908405304, 59.7172431946, 2.47226595879, 39.7023468018], [-200.666564941, 390.03729248, 279.656738281, 16.5240287781, 136.692672729, 131.899978638, 304.787567139, 92.9206924438, 106.157073975, 17.7318134308, 92.4170837402, 27.5027370453, 60.8611831665], [272.747009277, -82.1209030151, 139.579391479, 103.841812134, 40.5386428833, 27.4685173035, 92.9206924438, 167.990463257, 97.4746246338, 35.3653793335, -10.2950601578, 6.51387310028, 20.2394657135], [-101.39667511, 382.587524414, 45.5795021057, 13.4184703827, 173.078857422, 39.4689598083, 106.157073975, 97.4746246338, 274.654724121, 105.802253723, 95.2985534668, -13.9939937592, 55.7601280212], [104.23714447, 19.1065616608, 85.3376541138, 9.09202766418, 41.9315757751, 30.8908405304, 17.7318134308, 35.3653793335, 105.802253723, 165.619262695, 82.2842788696, 6.87894392014, -22.5816993713], [-301.723205566, 294.436523438, 87.4128112793, -0.778951466084, 58.9812316895, 59.7172431946, 92.4170837402, -10.2950601578, 95.2985534668, 82.2842788696, 193.65612793, 46.871131897, 43.120677948], [-110.829055786, -21.2938938141, 38.8596496582, -15.3583164215, 16.3948574066, 2.47226595879, 27.5027370453, 6.51387310028, -13.9939937592, 6.87894392014, 46.871131897, 105.574195862, 41.4792671204], [-283.011962891, 193.303039551, 0.232184991241, -29.6658306122, 55.9524040222, 39.7023468018, 60.8611831665, 20.2394657135, 55.7601280212, -22.5816993713, 43.120677948, 41.4792671204, 124.846473694]],
        "icov": [[0.000454869732494, 0.000415927323047, 0.000341615668731, -0.000114119568025, -2.82245819108e-05, -0.00048921641428, -0.000315001612762, -0.000375602219719, -0.000290997035336, -0.000113993817649, 0.000208231635042, 0.000126839760924, 0.000737353402656], [0.000415927323047, 0.0019718168769, -8.90482624527e-05, 0.00146261206828, -0.000926566950511, 0.000473777152365, -0.00149002973922, 0.001017918461, -0.00186151580419, 0.00147620844655, -0.00158481183462, 0.00186324864626, 9.02430911083e-05], [0.000341615668731, -8.90482624527e-05, 0.00162237579934, -0.000722184719052, 0.000373268965632, -0.000153283632244, -0.00141229759902, -0.00106017035432, 0.000936766329687, -0.00145559490193, 0.000553986406885, -0.000285028771032, 0.000701149401721], [-0.000114119568025, 0.00146261206828, -0.000722184719052, 0.00331210182048, -0.00108232337516, 0.000348236702848, -9.26948196138e-05, -0.000346777873347, -0.0012163000647, 0.00244264979847, -0.00274400948547, 0.00202599004842, 4.76320366261e-07], [-2.82245819108e-05, -0.000926566950511, 0.000373268965632, -0.00108232337516, 0.00286604976282, -0.00169537367765, 9.48638698901e-05, 0.000464368262328, -0.00128390290774, -0.000530773890205, 0.00206849910319, -0.00233192928135, 0.000783665804192], [-0.00048921641428, 0.000473777152365, -0.000153283632244, 0.000348236702848, -0.00169537367765, 0.00641772942618, -0.00283585162833, 0.00118209165521, 0.00194740435109, -0.00130556512158, -0.00183567847125, 0.00291930488311, -0.00329160247929], [-0.000315001612762, -0.00149002973922, -0.00141229759902, -9.26948196138e-05, 9.48638698901e-05, -0.00283585162833, 0.00948024261743, -0.00462238397449, 0.000159254122991, 0.00284348474815, -0.00253020483069, -0.00143823912367, 0.000355684576789], [-0.000375602219719, 0.001017918461, -0.00106017035432, -0.000346777873347, 0.000464368262328, 0.00118209165521, -0.00462238397449, 0.0151362875476, -0.00677019031718, -0.000898064463399, 0.00547234574333, -0.00234071514569, -0.00154351291712], [-0.000290997035336, -0.00186151580419, 0.000936766329687, -0.0012163000647, -0.00128390290774, 0.00194740435109, 0.000159254122991, -0.00677019031718, 0.0138392969966, -0.00718871410936, -0.00242746807635, 0.00480216182768, -0.00533051416278], [-0.000113993817649, 0.00147620844655, -0.00145559490193, 0.00244264979847, -0.000530773890205, -0.00130556512158, 0.00284348474815, -0.000898064463399, -0.00718871410936, 0.0157219301909, -0.00690968194976, -0.000837158411741, 0.00617062672973], [0.000208231635042, -0.00158481183462, 0.000553986406885, -0.00274400948547, 0.00206849910319, -0.00183567847125, -0.00253020483069, 0.00547234574333, -0.00242746807635, -0.00690968194976, 0.0150489276275, -0.00690142065287, -0.000794610707089], [0.000126839760924, 0.00186324864626, -0.000285028771032, 0.00202599004842, -0.00233192928135, 0.00291930488311, -0.00143823912367, -0.00234071514569, 0.00480216182768, -0.000837158411741, -0.00690142065287, 0.0175681579858, -0.00666753388941], [0.000737353402656, 9.02430911083e-05, 0.000701149401721, 4.76320366261e-07, 0.000783665804192, -0.00329160247929, 0.000355684576789, -0.00154351291712, -0.00533051416278, 0.00617062672973, -0.000794610707089, -0.00666753388941, 0.0162993613631]]
    },
    "melbands": {
        "dmean": [0.00837415736169, 0.00572972092777, 0.00187708926387, 0.000811535050161, 0.000386999628972, 0.000240572320763, 0.00015789338795, 0.000127054430777, 0.000101948309748, 9.7573196399e-05, 8.13778970041e-05, 5.36458865099e-05, 3.41104750987e-05, 3.35562835971e-05, 2.81004449789e-05, 1.78118316398e-05, 2.33671726164e-05, 1.63483673532e-05, 1.46430447785e-05, 9.51414222072e-06, 1.04215541796e-05, 5.18676915817e-06, 4.60432420368e-06, 2.44582679443e-06, 4.7072740017e-06, 5.57884050068e-06, 5.37383448318e-06, 5.2569903346e-06, 5.34340551894e-06, 6.17666682956e-06, 6.5510512286e-06, 6.38367191641e-06, 9.95514619717e-06, 8.66516438691e-06, 5.42604539078e-06, 7.33637261874e-06, 8.19263641461e-06, 1.11160179586e-05, 1.10087894427e-05, 1.10291784949e-05],
        "dmean2": [0.0102774463594, 0.00887521635741, 0.00351617694832, 0.00134510267526, 0.000619762227871, 0.00036029831972, 0.000235906452872, 0.000200297232368, 0.00016419259191, 0.000159605813678, 0.000130372995045, 9.02987376321e-05, 5.44850299775e-05, 5.44338945474e-05, 4.73721047456e-05, 3.01181044051e-05, 4.03651829401e-05, 2.86266076728e-05, 2.51117489825e-05, 1.63883432833e-05, 1.84866730706e-05, 8.3441109382e-06, 7.54545590098e-06, 3.80562096325e-06, 7.54971415518e-06, 9.39326491789e-06, 9.1247520686e-06, 8.12489815871e-06, 8.44683927426e-06, 9.74172144197e-06, 1.04341297629e-05, 1.00388078863e-05, 1.61564148584e-05, 1.41766568049e-05, 8.36346316646e-06, 1.18798525364e-05, 1.29851632664e-05, 1.79157759703e-05, 1.80964816536e-05, 1.83289284905e-05],
        "dvar": [0.000184536736924, 0.000138052666443, 2.18142922677e-05, 1.92031848201e-06, 4.18893648657e-07, 1.36009333573e-07, 6.26068441534e-08, 4.90513585305e-08, 3.27009566092e-08, 3.55518849915e-08, 2.39590161044e-08, 1.59121640309e-08, 5.83695136669e-09, 1.16136638084e-08, 6.33573993269e-09, 2.39462094598e-09, 3.37774719306e-09, 2.23190199655e-09, 2.03764138895e-09, 8.54557813401e-10, 1.25078836177e-09, 1.75732789431e-10, 1.01293605448e-10, 2.31812017498e-11, 9.50325027005e-11, 1.4473519605e-10, 1.48167117464e-10, 1.04799315059e-10, 1.11541824388e-10, 1.51245016511e-10, 1.64663505053e-10, 1.72077740945e-10, 5.27328680722e-10, 4.30572077992e-10, 1.39988728942e-10, 3.07184472303e-10, 3.69947183998e-10, 7.1727795925e-10, 7.27997884198e-10, 7.78589082095e-10],
        "dvar2": [0.000340030936059, 0.000324674823787, 6.28414200037e-05, 5.0213693612e-06, 1.06653033072e-06, 2.9190874784e-07, 1.24194386331e-07, 1.06638971431e-07, 7.7732558168e-08, 9.52098417883e-08, 5.45622498294e-08, 4.11835223701e-08, 1.18616183542e-08, 3.15554551378e-08, 1.75530541213e-08, 6.35742347654e-09, 9.55200185615e-09, 6.20625817405e-09, 5.54582957335e-09, 2.32309482762e-09, 3.48440409859e-09, 4.22555740398e-10, 2.60894694737e-10, 5.47382313087e-11, 2.40618719394e-10, 3.64136665265e-10, 3.92956694961e-10, 2.29240529337e-10, 2.5702429074e-10, 3.36813521518e-10, 3.74449998786e-10, 4.07380046363e-10, 1.23713073119e-09, 1.03948694097e-09, 3.13481934855e-10, 7.03909652788e-10, 8.42933278733e-10, 1.64557634186e-09, 1.69244174231e-09, 1.86595094931e-09],
        "max": [0.0896470546722, 0.0746519565582, 0.0265808850527, 0.0116304997355, 0.00664992211387, 0.00516634713858, 0.00298780878074, 0.00367955095135, 0.00215823762119, 0.00263967690989, 0.00201370939612, 0.00157385331113, 0.00239130435511, 0.00240413565189, 0.0013053562725, 0.000543782487512, 0.000787602912169, 0.000511246151291, 0.00047235871898, 0.000242037553107, 0.000269290670985, 0.00015327402798, 9.5066956419e-05, 3.88590779039e-05, 0.000112822963274, 8.01615533419e-05, 9.23213010537e-05, 7.49469982111e-05, 6.8063607614e-05, 9.67044761637e-05, 0.000101284196717, 9.65662766248e-05, 0.000132243760163, 0.000151142448885, 9.88218162092e-05, 0.000122377678053, 0.000122331941384, 0.000179098686203, 0.000180738323252, 0.000175320485141],
        "mean": [0.0149469589815, 0.00711417710409, 0.00155374035239, 0.00114515156019, 0.000632749288343, 0.000415449030697, 0.000263286405243, 0.000201578252017, 0.000140628966619, 0.00014003875549, 0.000108891072159, 7.16079157428e-05, 5.1554714446e-05, 4.2486066377e-05, 2.71670323855e-05, 1.78436312126e-05, 2.68334497378e-05, 1.52747288666e-05, 1.34450801852e-05, 8.93375636224e-06, 8.71027623361e-06, 5.54804864805e-06, 4.06513072448e-06, 2.25582789426e-06, 3.85022167393e-06, 4.56406905869e-06, 4.08075493397e-06, 4.7535372687e-06, 4.6762461352e-06, 5.37555251867e-06, 5.54564212507e-06, 5.32641115569e-06, 7.86484906712e-06, 6.80027460476e-06, 4.93920106237e-06, 6.34003663436e-06, 6.87645569997e-06, 9.35296793614e-06, 9.29756151891e-06, 8.93693231774e-06],
        "median": [0.0045795137994, 0.00160371419042, 0.00059674307704, 0.000541525601875, 0.000289944116957, 0.000240934794419, 0.000127239778521, 8.60451254994e-05, 5.90229901718e-05, 4.68435209768e-05, 5.35454310011e-05, 1.70752537088e-05, 1.1247169823e-05, 1.25282049339e-05, 4.58580234408e-06, 2.18993022827e-06, 4.08764617532e-06, 2.24919017455e-06, 1.32781428874e-06, 9.4673816875e-07, 6.20068021817e-07, 4.9891599474e-07, 3.53211078163e-07, 2.57586748376e-07, 2.82160755205e-07, 2.48556858651e-07, 3.00382993146e-07, 2.89609516813e-07, 2.30810897506e-07, 2.74872832051e-07, 2.517090536e-07, 3.05404967094e-07, 2.58755136429e-07, 2.25317577929e-07, 2.40407189267e-07, 2.10953842839e-07, 1.89341733403e-07, 2.15649933466e-07, 1.53421893856e-07, 1.09335161369e-07],
        "min": [1.24454527395e-06, 6.04858826136e-07, 2.4590360681e-06, 5.50650975129e-06, 5.2727491493e-06, 2.55688064499e-06, 2.84476840307e-07, 1.65277683095e-07, 6.01880856266e-08, 7.72560255768e-08, 1.15620764518e-07, 3.76338888941e-08, 9.4165484299e-09, 1.37146214385e-08, 8.33351521123e-09, 7.2887362812e-09, 1.213500056e-08, 7.56190843276e-09, 3.68994501621e-09, 3.92455223874e-09, 4.66407223954e-09, 3.21834536798e-09, 3.2669777994e-09, 3.46754513991e-09, 2.5839399509e-09, 2.72398170686e-09, 3.29576499425e-09, 1.90371363118e-09, 2.21766782715e-09, 2.63844079917e-09, 2.97341284927e-09, 4.08477696112e-09, 2.33738162159e-09, 1.86130433288e-09, 1.45446532596e-09, 1.27711785591e-10, 6.39989505835e-10, 2.72413291924e-09, 6.80507705741e-10, 5.46155655423e-11],
