{
"highlevel": {
    "danceability": {
        "all": {
            "danceable": 0.649940669537,
            "not_danceable": 0.350059330463
        },
        "probability": 0.649940669537,
        "value": "danceable"
    },
    "gender": {
        "all": {
            "female": 0.79973679781,
            "male": 0.200263187289
        },
        "probability": 0.79973679781,
        "value": "female"
    },
    "genre_dortmund": {
        "all": {
            "alternative": 0.0862062573433,
            "blues": 0.118609011173,
            "electronic": 0.173909291625,
            "folkcountry": 0.2403575629,
            "funksoulrnb": 0.00851151999086,
            "jazz": 0.234118163586,
            "pop": 0.0672004595399,
            "raphiphop": 0.00797402858734,
            "rock": 0.0631137192249
        },
        "probability": 0.2403575629,
        "value": "folkcountry"
    },
    "genre_electronic": {
        "all": {
            "ambient": 0.27165171504,
            "dnb": 0.0140982773155,
            "house": 0.648929774761,
            "techno": 0.0304559990764,
            "trance": 0.0348642542958
        },
        "probability": 0.648929774761,
        "value": "house"
    },
    "genre_rosamerica": {
        "all": {
            "cla": 0.207961350679,
            "dan": 0.0159429349005,
            "hip": 0.0320815071464,
            "jaz": 0.155881732702,
            "pop": 0.045241009444,
            "rhy": 0.386043488979,
            "roc": 0.0331971645355,
            "spe": 0.123650804162
        },
        "probability": 0.386043488979,
        "value": "rhy"
    },
    "genre_tzanetakis": {
        "all": {
            "blu": 0.0453654937446,
            "cla": 0.0162056591362,
            "cou": 0.0252975560725,
            "dis": 0.0636805966496,
            "hip": 0.28037250042,
            "jaz": 0.0332240611315,
            "met": 0.0180341117084,
            "pop": 0.0676811859012,
            "reg": 0.152384892106,
            "roc": 0.297753930092
        },
        "probability": 0.297753930092,
        "value": "roc"
    },
    "ismir04_rhythm": {
        "all": {
            "ChaChaCha": 0.013947442174,
            "Jive": 0.00987833179533,
            "Quickstep": 0.00223660375923,
            "Rumba-American": 0.00928594637662,
            "Rumba-International": 0.535912156105,
            "Rumba-Misc": 0.0233058687299,
            "Samba": 0.00574191939086,
            "Tango": 0.00732073932886,
            "VienneseWaltz": 0.385520577431,
            "Waltz": 0.00685040978715
        },
        "probability": 0.535912156105,
        "value": "Rumba-International"
    },
    "mood_acoustic": {
        "all": {
            "acoustic": 0.590994417667,
            "not_acoustic": 0.409005612135
        },
        "probability": 0.590994417667,
        "value": "acoustic"
    },
    "mood_aggressive": {
        "all": {
            "aggressive": 0.0642693936825,
            "not_aggressive": 0.935730576515
        },
        "probability": 0.935730576515,
        "value": "not_aggressive"
    },
    "mood_electronic": {
        "all": {
            "electronic": 0.568171322346,
            "not_electronic": 0.431828707457
        },
        "probability": 0.568171322346,
        "value": "electronic"
    },
    "mood_happy": {
        "all": {
            "happy": 0.131730109453,
            "not_happy": 0.868269920349
        },
        "probability": 0.868269920349,
        "value": "not_happy"
    },
    "mood_party": {
        "all": {
            "not_party": 0.967795908451,
            "party": 0.0322041101754
        },
        "probability": 0.967795908451,
        "value": "not_party"
    },
    "mood_relaxed": {
        "all": {
            "not_relaxed": 0.0172458495945,
            "relaxed": 0.982754170895
        },
        "probability": 0.982754170895,
        "value": "relaxed"
    },
    "mood_sad": {
        "all": {
            "not_sad": 0.354279816151,
            "sad": 0.645720183849
        },
        "probability": 0.645720183849,
        "value": "sad"
    },
    "moods_mirex": {
        "all": {
            "Cluster1": 0.181071147323,
            "Cluster2": 0.303246289492,
            "Cluster3": 0.398165494204,
            "Cluster4": 0.0711714997888,
            "Cluster5": 0.0463455915451
        },
        "probability": 0.398165494204,
        "value": "Cluster3"
    },
    "timbre": {
        "all": {
            "bright": 0.604049146175,
            "dark": 0.395950824022
        },
        "probability": 0.604049146175,
        "value": "bright"
    },
    "tonal_atonal": {
        "all": {
            "atonal": 0.452774465084,
            "tonal": 0.547225534916
        },
        "probability": 0.547225534916,
        "value": "tonal"
    },
    "voice_instrumental": {
        "all": {
            "instrumental": 0.92384403944,
            "voice": 0.0761559829116
        },
        "probability": 0.92384403944,
        "value": "instrumental"
    }
},
"lowlevel": {
    "average_loudness": 0.964689195156,
    "barkbands_crest": {
        "dmean": 2.98453783989,
        "dmean2": 4.9283952713,
        "dvar": 7.16266584396,
        "dvar2": 16.6489448547,
        "max": 25.6077022552,
        "mean": 13.3624916077,
        "median": 12.7321310043,
        "min": 4.89245557785,
        "var": 18.3024196625
    },
    "barkbands_flatness_db": {
        "dmean": 0.0494728572667,
        "dmean2": 0.0752521827817,
        "dvar": 0.00216898042709,
        "dvar2": 0.00497585535049,
        "max": 0.683347702026,
        "mean": 0.327813982964,
        "median": 0.334300071001,
        "min": 0.117829963565,
        "var": 0.00827409699559
    },
    "barkbands_kurtosis": {
        "dmean": 12.6320314407,
        "dmean2": 19.9430389404,
        "dvar": 318.298431396,
        "dvar2": 779.780090332,
        "max": 186.140914917,
        "mean": 17.2303199768,
        "median": 10.6388301849,
        "min": -1.19603455067,
        "var": 453.969268799
    },
    "barkbands_skewness": {
        "dmean": 1.21029615402,
        "dmean2": 1.73626065254,
        "dvar": 1.38844931126,
        "dvar2": 2.74315643311,
        "max": 9.58497905731,
        "mean": 2.45626211166,
        "median": 2.09932947159,
        "min": -1.15033280849,
        "var": 3.80926680565
    },
    "barkbands_spread": {
        "dmean": 2.68980884552,
        "dmean2": 4.50774335861,
        "dvar": 19.3168983459,
        "dvar2": 54.5185432434,
        "max": 67.3291320801,
        "mean": 5.36382389069,
        "median": 3.36752200127,
        "min": 0.257787823677,
        "var": 31.9982872009
    },
    "dissonance": {
        "dmean": 0.0478253029287,
        "dmean2": 0.0723569616675,
        "dvar": 0.00202260236256,
        "dvar2": 0.00460937060416,
        "max": 0.498628497124,
        "mean": 0.392443537712,
        "median": 0.406917124987,
        "min": 0.142439499497,
        "var": 0.00603118026629
    },
    "dynamic_complexity": 1.5583537817,
    "erbbands_crest": {
        "dmean": 3.66991949081,
        "dmean2": 5.75478029251,
        "dvar": 11.6962842941,
        "dvar2": 25.8480739594,
        "max": 31.3733978271,
        "mean": 14.2616586685,
        "median": 12.8490400314,
        "min": 2.94277095795,
        "var": 40.000793457
    },
    "erbbands_flatness_db": {
        "dmean": 0.0414777807891,
        "dmean2": 0.0518202260137,
        "dvar": 0.00170971278567,
        "dvar2": 0.00262030726299,
        "max": 0.548690855503,
        "mean": 0.269646167755,
        "median": 0.274817109108,
        "min": 0.110993899405,
        "var": 0.00814031157643
    },
    "erbbands_kurtosis": {
        "dmean": 4.15390253067,
        "dmean2": 6.47449350357,
        "dvar": 30.3062992096,
        "dvar2": 66.3056869507,
        "max": 59.1079406738,
        "mean": 5.67729377747,
        "median": 2.91672134399,
        "min": -1.84422266483,
        "var": 72.3132095337
    },
    "erbbands_skewness": {
        "dmean": 0.738847434521,
        "dmean2": 1.10108220577,
        "dvar": 0.45902505517,
        "dvar2": 1.00154411793,
        "max": 6.35462856293,
        "mean": 1.51321852207,
        "median": 1.40889954567,
        "min": -2.23753356934,
        "var": 1.60836458206
    },
    "erbbands_spread": {
        "dmean": 13.6845903397,
        "dmean2": 18.066411972,
        "dvar": 313.765197754,
        "dvar2": 499.272216797,
        "max": 132.213134766,
        "mean": 29.8027000427,
        "median": 15.6686601639,
        "min": 1.28024840355,
        "var": 1018.3001709
    },
    "hfc": {
        "dmean": 4.5499958992,
        "dmean2": 6.74606704712,
        "dvar": 23.690612793,
        "dvar2": 50.7334632874,
        "max": 40.4912872314,
        "mean": 11.432926178,
        "median": 9.70606613159,
        "min": 0.984575092793,
        "var": 49.6634407043
    },
    "melbands_crest": {
        "dmean": 3.93783640862,
        "dmean2": 6.50345230103,
        "dvar": 12.2533349991,
        "dvar2": 31.4268894196,
        "max": 32.1826400757,
        "mean": 18.1137638092,
        "median": 17.9147548676,
        "min": 7.23707342148,
        "var": 25.8103179932
    },
    "melbands_flatness_db": {
        "dmean": 0.0574904158711,
        "dmean2": 0.0845047309995,
        "dvar": 0.00314921000972,
        "dvar2": 0.00711512612179,
        "max": 0.835217177868,
        "mean": 0.416722238064,
        "median": 0.423679292202,
        "min": 0.153835222125,
        "var": 0.0124542936683
    },
    "melbands_kurtosis": {
        "dmean": 28.2912425995,
        "dmean2": 43.9411888123,
        "dvar": 1751.73742676,
        "dvar2": 4269.68603516,
        "max": 394.710327148,
        "mean": 37.9426460266,
        "median": 17.4987812042,
        "min": -0.647402048111,
        "var": 2567.78100586
    },
    "melbands_skewness": {
        "dmean": 1.70102858543,
        "dmean2": 2.36437129974,
        "dvar": 3.46933507919,
        "dvar2": 6.99077367783,
        "max": 16.3489952087,
        "mean": 3.57814002037,
        "median": 2.58078670502,
        "min": -0.954585134983,
        "var": 9.45222854614
    },
    "melbands_spread": {
        "dmean": 2.04996562004,
        "dmean2": 3.4589779377,
        "dvar": 9.81917667389,
        "dvar2": 27.4277820587,
        "max": 49.2378158569,
        "mean": 4.54107666016,
        "median": 3.4450674057,
        "min": 0.342032134533,
        "var": 15.3827867508
    },
    "pitch_salience": {
        "dmean": 0.109094105661,
        "dmean2": 0.177556604147,
        "dvar": 0.0104201287031,
        "dvar2": 0.0256469845772,
        "max": 0.80190294981,
        "mean": 0.474214315414,
        "median": 0.481216996908,
        "min": 0.0953474715352,
        "var": 0.0202499050647
    },
    "silence_rate_20dB": {
        "dmean": 0,
        "dmean2": 0,
        "dvar": 0,
        "dvar2": 0,
        "max": 1,
        "mean": 1,
        "median": 1,
        "min": 1,
        "var": 0
    },
    "silence_rate_30dB": {
        "dmean": 0.0216718260199,
        "dmean2": 0.0433772280812,
        "dvar": 0.0212019104511,
        "dvar2": 0.0631847456098,
        "max": 1,
        "mean": 0.989172458649,
        "median": 1,
        "min": 0,
        "var": 0.0107103399932
    },
    "silence_rate_60dB": {
        "dmean": 0,
        "dmean2": 0,
        "dvar": 0,
        "dvar2": 0,
        "max": 0,
        "mean": 0,
        "median": 0,
        "min": 0,
        "var": 0
    },
    "spectral_centroid": {
        "dmean": 172.324661255,
        "dmean2": 271.839874268,
        "dvar": 82446.4140625,
        "dvar2": 189994.375,
        "max": 3177.48803711,
        "mean": 492.555389404,
        "median": 337.565307617,
        "min": 125.471588135,
        "var": 176908.640625
    },
    "spectral_complexity": {
        "dmean": 2.65866875648,
        "dmean2": 4.12161111832,
        "dvar": 15.4353170395,
        "dvar2": 33.6189079285,
        "max": 39,
        "mean": 8.65583896637,
        "median": 7,
        "min": 2,
        "var": 25.4816856384
    },
    "spectral_decrease": {
        "dmean": 5.6135469606e-09,
        "dmean2": 9.17897313713e-09,
        "dvar": 3.92937426178e-17,
        "dvar2": 9.89894252057e-17,
        "max": -1.48954426571e-09,
        "mean": -1.19463177128e-08,
        "median": -1.03980024591e-08,
        "min": -4.10677962748e-08,
        "var": 5.0699001548e-17
    },
    "spectral_energy": {
        "dmean": 0.0215384755284,
        "dmean2": 0.0351325534284,
        "dvar": 0.000573308847379,
        "dvar2": 0.00144015869591,
        "max": 0.157260969281,
        "mean": 0.0461251325905,
        "median": 0.040205411613,
        "min": 0.00579505972564,
        "var": 0.000746830250137
    },
    "spectral_energyband_high": {
        "dmean": 0.000173958964297,
        "dmean2": 0.000242163267103,
        "dvar": 1.43823740473e-07,
        "dvar2": 2.98263444165e-07,
        "max": 0.00391340209171,
        "mean": 0.000239028508076,
        "median": 8.1845009845e-06,
        "min": 3.81308096209e-09,
        "var": 2.61439538463e-07
    },
    "spectral_energyband_low": {
        "dmean": 0.0179392397404,
        "dmean2": 0.0296573974192,
        "dvar": 0.000665894185659,
        "dvar2": 0.00167390494607,
        "max": 0.153657495975,
        "mean": 0.0239840187132,
        "median": 0.0137951876968,
        "min": 0.00031668622978,
        "var": 0.000735123059712
    },
    "spectral_energyband_middle_high": {
        "dmean": 0.000563529669307,
        "dmean2": 0.000866638787556,
        "dvar": 1.26055977034e-06,
        "dvar2": 2.72924398814e-06,
        "max": 0.0175280980766,
        "mean": 0.000952929374762,
        "median": 0.000336689729011,
        "min": 2.59192711383e-06,
        "var": 2.45154183176e-06
    },
    "spectral_energyband_middle_low": {
        "dmean": 0.0111431479454,
        "dmean2": 0.0176722239703,
        "dvar": 0.000160093215527,
        "dvar2": 0.000392539339373,
        "max": 0.115675806999,
        "mean": 0.0250350907445,
        "median": 0.0201036557555,
        "min": 0.000810218276456,
        "var": 0.000356473115971
    },
    "spectral_entropy": {
        "dmean": 0.477406978607,
        "dmean2": 0.643910586834,
        "dvar": 0.245633229613,
        "dvar2": 0.462599009275,
        "max": 8.03514289856,
        "mean": 6.14399337769,
        "median": 5.95101690292,
        "min": 3.78098654747,
        "var": 0.994459629059
    },
    "spectral_flux": {
        "dmean": 0.0531032793224,
        "dmean2": 0.0858950316906,
        "dvar": 0.00289933243766,
        "dvar2": 0.00624625524506,
        "max": 0.391557216644,
        "mean": 0.112602844834,
        "median": 0.091403670609,
        "min": 0.0195835176855,
        "var": 0.00468773208559
    },
    "spectral_kurtosis": {
        "dmean": 24.0754508972,
        "dmean2": 37.24426651,
        "dvar": 1532.46643066,
        "dvar2": 3274.03295898,
        "max": 848.49432373,
        "mean": 38.2340583801,
        "median": 16.1876564026,
        "min": -0.233968734741,
        "var": 3791.28295898
    },
    "spectral_rms": {
        "dmean": 0.00150665431283,
        "dmean2": 0.00240414985456,
        "dvar": 2.15550562643e-06,
        "dvar2": 5.14927160111e-06,
        "max": 0.0123864980415,
        "mean": 0.00643874704838,
        "median": 0.00626297015697,
        "min": 0.00237775454298,
        "var": 3.54262260771e-06
    },
    "spectral_rolloff": {
        "dmean": 96.1824111938,
        "dmean2": 166.443908691,
        "dvar": 68577,
        "dvar2": 188374.015625,
        "max": 4521.97265625,
        "mean": 324.431884766,
        "median": 279.931640625,
        "min": 86.1328125,
        "var": 60628.1523438
    },
    "spectral_skewness": {
        "dmean": 1.48290109634,
        "dmean2": 2.13067150116,
        "dvar": 2.73804759979,
        "dvar2": 5.40095663071,
        "max": 22.5555763245,
        "mean": 3.83558368683,
        "median": 3.10270142555,
        "min": 0.371046423912,
        "var": 9.56137752533
    },
    "spectral_spread": {
        "dmean": 771306.9375,
        "dmean2": 1036010.6875,
        "dvar": 551674773504,
        "dvar2": 797980033024,
        "max": 6495220.5,
        "mean": 2747569.75,
        "median": 2362828.75,
        "min": 142589.734375,
        "var": 2.5554232279e+12
    },
    "spectral_strongpeak": {
        "dmean": 0.452876120806,
        "dmean2": 0.720959544182,
        "dvar": 0.19697317481,
        "dvar2": 0.403058618307,
        "max": 3.75569367409,
        "mean": 0.987984061241,
        "median": 0.734929680824,
        "min": 0.0404376983643,
        "var": 0.557059705257
    },
    "zerocrossingrate": {
        "dmean": 0.00403209961951,
        "dmean2": 0.0050454470329,
        "dvar": 2.0563518774e-05,
        "dvar2": 2.99655566778e-05,
        "max": 0.0947265625,
        "mean": 0.0177204925567,
        "median": 0.01513671875,
        "min": 0.00341796875,
        "var": 0.000108000640466
    },
    "barkbands": {
        "dmean": [0.000246073264861, 0.00678214337677, 0.0113295754418, 0.00539586739615, 0.00570644438267, 0.00260421494022, 0.000729824707378, 0.000438996736193, 0.000226207514061, 0.000168991449755, 6.43665553071e-05, 0.000104990649561, 6.5063679358e-05, 7.23178454791e-05, 6.87549036229e-05, 3.08481758111e-05, 2.54418700933e-05, 3.88396401831e-05, 5.58588144486e-05, 7.78581015766e-05, 6.80185621604e-05, 4.19969292125e-05, 2.28944445553e-05, 9.44897146837e-06, 3.9364094846e-06, 5.74508476348e-07, 3.92063537191e-09],
        "dmean2": [0.00037340115523, 0.0110157262534, 0.0195934269577, 0.0092556886375, 0.00926538836211, 0.00380604108796, 0.00107715860941, 0.000646481465083, 0.000353826966602, 0.000260485947365, 0.000107318337541, 0.000158868730068, 0.000103720150946, 0.000111951994768, 0.00011761708447, 5.16104664712e-05, 4.05363207392e-05, 6.22443767497e-05, 8.59646170284e-05, 0.000117085161037, 0.000102687350591, 6.37651537545e-05, 3.3115138649e-05, 1.27799967231e-05, 5.40993323739e-06, 8.15560099454e-07, 5.56653745321e-09],
        "dvar": [2.37808365e-07, 0.000107848965854, 0.00040295245708, 6.31719012745e-05, 7.99218105385e-05, 1.93340201804e-05, 4.35522042608e-06, 1.37887889196e-06, 5.63073740523e-07, 4.32344620549e-07, 3.01279889925e-08, 1.73131326164e-07, 5.33323074592e-08, 7.60341976047e-08, 2.8306232025e-08, 5.95841953555e-09, 3.03583669314e-09, 7.53396367514e-09, 1.16444214271e-08, 2.49552929432e-08, 2.87935879584e-08, 8.82221229404e-09, 2.98585112191e-09, 4.36956054672e-10, 8.13245373821e-11, 2.22253227107e-12, 3.59859448894e-15],
        "dvar2": [5.22192522112e-07, 0.000268156814855, 0.00107829179615, 0.000160274226801, 0.000183269177796, 3.57708049705e-05, 7.85591782915e-06, 2.75968363894e-06, 9.60706302067e-07, 8.15752798644e-07, 7.50417825657e-08, 2.98319662306e-07, 1.14051992739e-07, 1.4262641912e-07, 7.21544068938e-08, 1.57711248505e-08, 7.36118321853e-09, 1.85782482731e-08, 2.51651766092e-08, 5.43999298941e-08, 6.79848284335e-08, 2.06574348738e-08, 6.66802613125e-09, 9.02543428882e-10, 1.52910739626e-10, 4.92344793407e-12, 3.61857896078e-15],
        "max": [0.00389595632441, 0.0663954466581, 0.107686065137, 0.107594400644, 0.0941246151924, 0.0472582727671, 0.0382521823049, 0.0176203902811, 0.0199735313654, 0.01141034998, 0.00288596004248, 0.0102037182078, 0.0046178442426, 0.00661098212004, 0.00205382448621, 0.00084954459453, 0.000508997240104, 0.000852065975778, 0.00104717095383, 0.00164847052656, 0.00216503674164, 0.000916894874536, 0.000652842107229, 0.000183273208677, 7.84635703894e-05, 1.74069373315e-05, 2.10354460251e-06],
        "mean": [0.000281762244413, 0.0089384810999, 0.0107212159783, 0.00707617914304, 0.0097117619589, 0.00561975361779, 0.00146197981667, 0.000701650278643, 0.000373490416678, 0.000267087190878, 7.4480791227e-05, 0.000145868209074, 8.68292190717e-05, 0.000123304125736, 7.72257335484e-05, 3.12593474519e-05, 2.92355907732e-05, 4.62248681288e-05, 7.56514200475e-05, 9.59843018791e-05, 8.55269245221e-05, 5.37941705261e-05, 2.80470703728e-05, 1.24975595099e-05, 5.25460609424e-06, 6.28739144304e-07, 3.55289175857e-09],
        "median": [7.6845914009e-05, 0.00448207650334, 0.00401836121455, 0.00313457241282, 0.00517802732065, 0.00167557294481, 0.00036729266867, 0.000133976325742, 6.88354557496e-05, 3.19743157888e-05, 1.5923547835e-05, 2.67641207756e-05, 1.77805231942e-05, 1.37053830258e-05, 1.45036819958e-05, 5.34150376552e-06, 3.69278586732e-06, 3.90552941099e-06, 4.48471837444e-06, 3.81941390515e-06, 3.21370316669e-06, 1.61066998317e-06, 6.33074876077e-07, 2.7643753242e-07, 6.62245440708e-08, 5.77565018034e-09, 6.76964706514e-10],
        "min": [3.3770638197e-07, 5.37312917004e-06, 1.21200009744e-05, 1.27990570036e-05, 4.83570547658e-05, 2.23979441216e-05, 4.57411397292e-06, 1.74106986606e-07, 4.08895431292e-07, 3.47406000856e-07, 1.28658825815e-07, 1.48055846694e-07, 2.77177996111e-08, 4.26422701594e-08, 1.25478747393e-08, 6.65154820112e-09, 1.10066844528e-09, 1.36124023165e-09, 5.87675130781e-10, 6.10972106241e-10, 6.87677914613e-10, 6.50381137834e-10, 4.6281287136e-10, 2.08302000648e-10, 7.51656514808e-11, 6.01737713476e-12, 8.62093729737e-12],
        "var": [3.09038057367e-07, 0.000134564412292, 0.000321323226672, 0.000106119419797, 0.000166136669577, 7.29469029466e-05, 1.25643609863e-05, 3.16658747579e-06, 1.96581981982e-06, 1.00043234852e-06, 4.00255046884e-08, 3.72608695898e-07, 8.06100857176e-08, 2.32706909742e-07, 3.43312613893e-08, 5.58984547538e-09, 3.87278387137e-09, 1.01871817648e-08, 2.2215379758e-08, 4.02487465578e-08, 4.03242488289e-08, 1.41035378931e-08, 4.31531477219e-09, 7.6473549715e-10, 1.4643865287e-10, 2.84843351163e-12, 3.59443089849e-15]
    },
    "erbbands": {
        "dmean": [0.118595510721, 1.88415658474, 10.9271316528, 17.0195236206, 18.123380661, 18.8618202209, 22.9070682526, 21.5218353271, 13.7877168655, 7.28367710114, 9.75368976593, 5.77741956711, 4.5271987915, 4.89435863495, 2.88096356392, 4.50437164307, 2.92232108116, 4.02390289307, 2.87628364563, 3.11437606812, 1.60623407364, 1.4324105978, 2.10548996925, 2.94667482376, 2.6811196804, 4.02385520935, 2.7289018631, 3.11035656929, 1.57998478413, 0.914054453373, 0.530800223351, 0.252565085888, 0.129791975021, 0.055163923651, 0.0239139795303, 0.0054336139001, 0.000393764436012, 1.65663514053e-05, 1.05489589259e-05, 2.36194937315e-05],
        "dmean2": [0.196652010083, 3.03388381004, 18.8149089813, 28.6924991608, 30.4121494293, 29.6277046204, 34.214050293, 31.6592674255, 20.4835395813, 10.8767261505, 14.2452449799, 8.61199951172, 7.10182571411, 7.62277841568, 4.60513448715, 6.74165344238, 4.62506961823, 6.3131685257, 4.62762546539, 5.43171167374, 2.63047575951, 2.22822880745, 3.31451749802, 4.65335416794, 4.13561439514, 5.99299001694, 4.11578178406, 4.73012781143, 2.36791825294, 1.3556176424, 0.757908642292, 0.347929447889, 0.172954812646, 0.0769920647144, 0.0327342525125, 0.00723312422633, 0.000565134105273, 2.2307245672e-05, 1.65987676155e-05, 3.83080659958e-05],
        "dvar": [0.0433282181621, 8.6016664505, 382.717163086, 670.266662598, 881.276672363, 1345.77404785, 1793.34753418, 1933.33532715, 1276.89611816, 364.104949951, 872.374633789, 387.347900391, 324.108856201, 383.050567627, 54.8784942627, 404.529876709, 107.416877747, 288.103790283, 55.7889289856, 58.8253059387, 16.3567848206, 9.22282409668, 20.7710113525, 36.8530845642, 24.9099159241, 65.0875244141, 39.9611358643, 60.5953407288, 12.2170801163, 4.81593179703, 1.43046379089, 0.329680800438, 0.0839081630111, 0.0159552171826, 0.00310397380963, 0.000173019463546, 1.23036920741e-06, 1.09523270453e-08, 2.0968281278e-10, 6.8405897613e-10],
        "dvar2": [0.107930660248, 21.3616714478, 1033.77282715, 1629.82958984, 2174.20556641, 2933.87182617, 3402.88427734, 3547.34545898, 2265.51953125, 741.459838867, 1767.83557129, 548.947937012, 612.411987305, 743.096557617, 134.28288269, 701.990783691, 228.089782715, 579.978759766, 125.095840454, 162.428314209, 41.3893241882, 22.2102680206, 49.8788261414, 86.8536376953, 54.5694847107, 142.456436157, 97.7087402344, 137.552612305, 28.7220020294, 11.506696701, 2.96746993065, 0.726359128952, 0.158591389656, 0.0309296324849, 0.0060219313018, 0.000348768255208, 2.35101856561e-06, 1.30891928407e-08, 3.77202713508e-10, 1.70037539604e-09],
        "max": [1.80347073078, 19.673242569, 109.297714233, 269.731628418, 365.031890869, 565.769836426, 557.285217285, 578.151672363, 700.458618164, 403.878356934, 475.115112305, 568.076171875, 366.764465332, 453.121551514, 151.200073242, 506.562591553, 231.479263306, 400.810516357, 125.258796692, 64.5390853882, 50.7046203613, 29.0781650543, 47.2136383057, 50.3365516663, 53.2198066711, 79.6979446411, 69.2681427002, 89.1548538208, 32.0097465515, 24.9708213806, 12.7803621292, 6.10564422607, 3.11091399193, 1.35031282902, 0.494381338358, 0.144047021866, 0.018347023055, 0.00343952933326, 0.000341509003192, 0.000173079155502],
        "mean": [0.157459959388, 2.41255927086, 10.9150295258, 20.6367321014, 27.1567268372, 31.7430362701, 42.7215690613, 47.7787399292, 28.4982032776, 14.145154953, 15.5704164505, 9.68928432465, 8.26446533203, 7.02728414536, 3.84067797661, 6.5190820694, 4.13428783417, 6.95617198944, 4.29816389084, 3.00762605667, 1.78104960918, 1.68504524231, 2.56535363197, 3.72431588173, 3.45149636269, 4.88200187683, 3.43963241577, 3.85285711288, 2.03045129776, 1.15906095505, 0.682036221027, 0.320462733507, 0.175473436713, 0.0737928971648, 0.0296246446669, 0.00644009327516, 0.000444161647465, 1.93461692106e-05, 2.28508033615e-05, 5.11112957611e-05],
        "median": [0.0851091966033, 1.13086855412, 4.35520124435, 9.69659996033, 12.8959388733, 14.904211998, 16.284866333, 12.0096788406, 8.37656402588, 5.10624933243, 3.05856490135, 1.81019210815, 1.63336539268, 1.15483927727, 1.22522068024, 1.21914494038, 1.02265501022, 1.11860990524, 0.996375918388, 0.527305364609, 0.327443808317, 0.209032505751, 0.245501875877, 0.232515856624, 0.18063762784, 0.19563536346, 0.148290589452, 0.112552091479, 0.0642451867461, 0.0324017703533, 0.0160670317709, 0.00826648250222, 0.00355510902591, 0.00117747858167, 0.000309916416882, 7.57637462812e-05, 2.1675537937e-05, 2.85479222839e-06, 1.94311596715e-05, 4.48114878964e-05],
        "min": [0.000326806097291, 0.00378093728796, 0.0186628177762, 0.148571670055, 0.288089811802, 0.189911052585, 0.257182598114, 0.308048725128, 0.141659528017, 0.139267802238, 0.0484799817204, 0.0254339389503, 0.010241234675, 0.0165453273803, 0.0316597744823, 0.0113997254521, 0.00272633344866, 0.00308451941237, 0.00204212591052, 0.000442404882051, 0.00033731610165, 0.000114036498417, 8.89933216968e-05, 5.69932926737e-05, 4.04087768402e-05, 3.95046117774e-05, 3.07271584461e-05, 3.47862842318e-05, 2.96508205793e-05, 2.72131801466e-05, 2.67226532742e-05, 2.54865281022e-05, 1.76796438609e-05, 1.31571241582e-05, 8.09769426269e-06, 4.64864206151e-06, 1.98885800273e-06, 2.27578325962e-07, 3.01908676192e-06, 6.49926323604e-06],
        "var": [0.0489991977811, 10.2425022125, 304.467773438, 813.599365234, 1848.2409668, 3141.69946289, 5531.72070312, 8494.9296875, 3895.5065918, 957.432250977, 1938.59265137, 1255.04907227, 1002.34735107, 681.48425293, 80.1026992798, 872.803955078, 155.953903198, 789.583312988, 106.966934204, 47.2346115112, 17.2063732147, 12.3488368988, 30.6715126038, 58.6218948364, 44.1342468262, 106.441955566, 57.02576828, 86.7233810425, 20.0366897583, 6.88449907303, 2.33693003654, 0.508057832718, 0.161172047257, 0.0283842943609, 0.00515683321282, 0.000265071954345, 1.5901897541e-06, 1.1104996922e-08, 2.71361766391e-10, 9.08123354293e-10]
    },
    "gfcc": {
        "mean": [-103.387084961, 182.51725769, -80.2633132935, 44.6103248596, -53.4035606384, -3.65490412712, -24.6501541138, -20.273973465, -13.5414094925, -9.49004268646, -1.48033106327, -16.115190506, -0.346732318401],
        "cov": [[5218.40234375, -3162.00878906, -1481.4934082, 1969.50927734, -606.391113281, 595.053283691, -320.368133545, 718.736328125, -340.07522583, 256.952056885, -274.521270752, 18.4669380188, -154.550598145], [-3162.00878906, 2777.31933594, 555.276428223, -1858.39025879, 573.55670166, -451.909484863, 243.959274292, -661.982727051, 338.197784424, -206.195358276, 183.968597412, -67.3229904175, 138.165313721], [-1481.4934082, 555.276428223, 1073.15820312, -264.752929688, 11.2301502228, -117.005844116, 83.8853759766, -35.0152854919, 25.1533527374, -30.1735916138, 46.8836364746, 17.0573577881, -1.57193791866], [1969.50927734, -1858.39025879, -264.752929688, 1709.93981934, -251.369171143, 244.967468262, 3.2753610611, 498.322814941, -161.820587158, 74.4525375366, -83.3277587891, 32.0077133179, -84.5840759277], [-606.391113281, 573.55670166, 11.2301502228, -251.369171143, 440.911804199, -18.616891861, 135.003356934, -119.856040955, 102.484832764, -44.6295051575, 21.4756889343, -16.5434989929, 9.11155319214], [595.053283691, -451.909484863, -117.005844116, 244.967468262, -18.616891861, 236.441925049, -21.6824302673, 123.006660461, -37.6533851624, 84.7928009033, -12.2588319778, 12.1016988754, -20.8604431152], [-320.368133545, 243.959274292, 83.8853759766, 3.2753610611, 135.003356934, -21.6824302673, 181.032623291, 12.7399377823, 63.7444725037, -33.1797523499, 36.9750404358, 6.16431379318, 18.8173484802], [718.736328125, -661.982727051, -35.0152854919, 498.322814941, -119.856040955, 123.006660461, 12.7399377823, 302.114837646, -10.9757041931, 75.6131744385, -48.0156173706, 28.9463806152, -25.4383201599], [-340.07522583, 338.197784424, 25.1533527374, -161.820587158, 102.484832764, -37.6533851624, 63.7444725037, -10.9757041931, 167.662918091, 30.3367290497, 37.6735877991, -28.6859130859, 17.1044158936], [256.952056885, -206.195358276, -30.1735916138, 74.4525375366, -44.6295051575, 84.7928009033, -33.1797523499, 75.6131744385, 30.3367290497, 142.64805603, 35.369846344, 14.3816785812, -19.7853031158], [-274.521270752, 183.968597412, 46.8836364746, -83.3277587891, 21.4756889343, -12.2588319778, 36.9750404358, -48.0156173706, 37.6735877991, 35.369846344, 120.467224121, 46.2746925354, 27.9358825684], [18.4669380188, -67.3229904175, 17.0573577881, 32.0077133179, -16.5434989929, 12.1016988754, 6.16431379318, 28.9463806152, -28.6859130859, 14.3816785812, 46.2746925354, 101.699523926, 46.1649436951], [-154.550598145, 138.165313721, -1.57193791866, -84.5840759277, 9.11155319214, -20.8604431152, 18.8173484802, -25.4383201599, 17.1044158936, -19.7853031158, 27.9358825684, 46.1649436951, 85.9279937744]],
        "icov": [[0.00138183904346, 8.98542275536e-05, 0.00145454169251, -0.000631178496405, 0.000752359221224, -0.000931610702537, 0.00025340160937, -0.000586813490372, 0.000637409684714, -0.000953480426688, 0.00161697866861, -0.000564481888432, 0.000642204773612], [8.98542275536e-05, 0.0123599907383, -0.00233845831826, 0.00834341999143, -0.00448053563014, 0.00544723169878, -0.0063612004742, 0.00520135741681, -0.00765709998086, 0.00615375488997, -0.00717378035188, 0.00580936903134, -0.00465946597978], [0.00145454169251, -0.00233845831826, 0.00312111363746, -0.00199485383928, 0.00181294116192, -0.00152827380225, 0.000917761935852, -0.00221476703882, 0.00259614153765, -0.00217333598994, 0.00267132534645, -0.0017993664369, 0.00213079201058], [-0.000631178496405, 0.00834341999143, -0.00199485383928, 0.00752320559695, -0.00355107663199, 0.00418953830376, -0.00458165025339, 0.000823307840619, -0.00373580027372, 0.00532338535413, -0.0071635171771, 0.00546861812472, -0.00318078929558], [0.000752359221224, -0.00448053563014, 0.00181294116192, -0.00355107663199, 0.00687812874094, -0.00450240122154, -0.00109212065581, 0.0016368671786, -0.000430427899119, -0.00221992935985, 0.00671709282324, -0.00598811032251, 0.00460441363975], [-0.000931610702537, 0.00544723169878, -0.00152827380225, 0.00418953830376, -0.00450240122154, 0.0111852549016, -0.00266619073227, -0.00062523863744, 0.00055134575814, -0.00129483977798, -0.00542906951159, 0.00585715286434, -0.00453627761453], [0.00025340160937, -0.0063612004742, 0.000917761935852, -0.00458165025339, -0.00109212065581, -0.00266619073227, 0.0149906110018, -0.00741141848266, 0.00261068041436, 0.00181869324297, -0.00223222374916, -0.000661366037093, 0.00116265215911], [-0.000586813490372, 0.00520135741681, -0.00221476703882, 0.000823307840619, 0.0016368671786, -0.00062523863744, -0.00741141848266, 0.0175013169646, -0.0104524986818, -0.00110172224231, 0.00708682183176, -0.00706870714203, 0.00115054147318], [0.000637409684714, -0.00765709998086, 0.00259614153765, -0.00373580027372, -0.000430427899119, 0.00055134575814, 0.00261068041436, -0.0104524986818, 0.0211761724204, -0.00957442540675, -0.00121888483409, 0.00790083780885, -0.00392628181726], [-0.000953480426688, 0.00615375488997, -0.00217333598994, 0.00532338535413, -0.00221992935985, -0.00129483977798, 0.00181869324297, -0.00110172224231, -0.00957442540675, 0.0206697508693, -0.0120680890977, 0.00167607888579, 0.00247540837154], [0.00161697866861, -0.00717378035188, 0.00267132534645, -0.0071635171771, 0.00671709282324, -0.00542906951159, -0.00223222374916, 0.00708682183176, -0.00121888483409, -0.0120680890977, 0.0279670841992, -0.0173164196312, 0.0056719770655], [-0.000564481888432, 0.00580936903134, -0.0017993664369, 0.00546861812472, -0.00598811032251, 0.00585715286434, -0.000661366037093, -0.00706870714203, 0.00790083780885, 0.00167607888579, -0.0173164196312, 0.0301797278225, -0.0166682042181], [0.000642204773612, -0.00465946597978, 0.00213079201058, -0.00318078929558, 0.00460441363975, -0.00453627761453, 0.00116265215911, 0.00115054147318, -0.00392628181726, 0.00247540837154, 0.0056719770655, -0.0166682042181, 0.0241517480463]]
    },
    "melbands": {
        "dmean": [0.00142700306606, 0.00449775857851, 0.00281154410914, 0.00131117959972, 0.000781197275501, 0.000468617217848, 0.000196813009097, 7.7988137491e-05, 7.40791365388e-05, 3.42796265613e-05, 2.24814648391e-05, 2.07922385016e-05, 8.98405050975e-06, 1.23101654026e-05, 7.92714126874e-06, 6.60677187625e-06, 7.77615696279e-06, 4.39479572378e-06, 5.09914298163e-06, 2.8981989999e-06, 1.82371843493e-06, 1.55190718942e-06, 1.62238336543e-06, 1.96426140064e-06, 2.56066482507e-06, 1.93610276256e-06, 2.27106124839e-06, 2.78528773379e-06, 1.74168155809e-06, 1.66198333318e-06, 1.81009772859e-06, 1.03670436147e-06, 5.22259426816e-07, 5.70929159949e-07, 3.55462503876e-07, 1.84817992022e-07, 1.4339556742e-07, 1.00715823237e-07, 6.80952538801e-08, 4.08085512049e-08],
        "dmean2": [0.00233695260249, 0.0075845126994, 0.00471785105765, 0.00211883126758, 0.00118716724683, 0.000690744316671, 0.000293015764328, 0.000116800321848, 0.000109894586785, 5.20577996213e-05, 3.53212308255e-05, 3.23964959534e-05, 1.47659775394e-05, 1.89437869267e-05, 1.20551712826e-05, 1.08046633613e-05, 1.20062295537e-05, 7.05632601239e-06, 8.86909492692e-06, 5.06267451783e-06, 2.95959193863e-06, 2.47498041972e-06, 2.60736442215e-06, 3.17651847581e-06, 4.11765086028e-06, 3.05927483168e-06, 3.47616582985e-06, 4.20811875301e-06, 2.66807865046e-06, 2.48311221185e-06, 2.78016318589e-06, 1.59462911142e-06, 7.99768031357e-07, 8.70145015597e-07, 5.2789368965e-07, 2.55083932643e-07, 2.04146076044e-07, 1.40828859685e-07, 9.37195281381e-08, 5.88605182372e-08],
        "dvar": [4.81335337099e-06, 5.74345540372e-05, 1.53678538481e-05, 4.95086487717e-06, 1.80978372555e-06, 8.05718798347e-07, 2.44467116772e-07, 3.73103148377e-08, 4.9872770802e-08, 1.54923256446e-08, 8.22601098349e-09, 7.43543449033e-09, 5.77918046751e-10, 2.44589304366e-09, 7.6688416728e-10, 5.98853355793e-10, 1.07594777532e-09, 1.38367359237e-10, 1.53494592037e-10, 4.84252533905e-11, 2.4234126858e-11, 1.14872148252e-11, 1.2372955091e-11, 1.9283248609e-11, 2.9796127371e-11, 1.36117879121e-11, 2.01996197546e-11, 3.29116699171e-11, 1.70778044484e-11, 1.64152597765e-11, 2.0736249523e-11, 5.55715759867e-12, 1.27522428381e-12, 2.18089608872e-12, 6.49495973497e-13, 1.89880446436e-13, 1.09549569665e-13, 5.20522142641e-14, 2.28089099799e-14, 9.4542641199e-15],
        "dvar2": [1.18728830785e-05, 0.000150931315147, 3.80062010663e-05, 1.14289623525e-05, 3.69141275769e-06, 1.48782578435e-06, 4.36432827655e-07, 7.65156116245e-08, 1.01742571701e-07, 2.27417658039e-08, 1.56042148092e-08, 1.43372238526e-08, 1.44930378809e-09, 4.28218971393e-09, 1.45647804928e-09, 1.33752398046e-09, 2.02044780906e-09, 2.97885105471e-10, 4.15636358664e-10, 1.32016217402e-10, 6.06334843445e-11, 2.87573454633e-11, 2.99367960976e-11, 4.67467939358e-11, 7.17054679522e-11, 2.9915746963e-11, 4.63074960322e-11, 7.33504507133e-11, 4.32203058065e-11, 3.92476745548e-11, 4.76787220816e-11, 1.3400242721e-11, 2.99456705093e-12, 5.35447250774e-12, 1.38535808259e-12, 3.99033589374e-13, 2.51691489915e-13, 1.06939041227e-13, 4.26578328325e-14, 1.98526074459e-14],
        "max": [0.0164294503629, 0.0464644245803, 0.0411990731955, 0.0226980857551, 0.0160424821079, 0.0112404348329, 0.00891397893429, 0.00364449876361, 0.00358721264638, 0.00388915557414, 0.00180987815838, 0.00196964945644, 0.000404794263886, 0.00123012287077, 0.000498495995998, 0.000589941919316, 0.00084930023877, 0.000187591445865, 0.000107096995634, 6.75935152685e-05, 6.52151284157e-05, 3.59227378794e-05, 3.31956289301e-05, 4.31195767305e-05, 4.7138404625e-05, 3.19297796523e-05, 4.37351700384e-05, 5.97777689109e-05, 3.89725137211e-05, 4.86229582748e-05, 5.14861640113e-05, 2.26070205827e-05, 9.37610548135e-06, 1.78385344043e-05, 8.61829721543e-06, 4.43295994046e-06, 3.57474391421e-06, 2.42863302446e-06, 1.43309910072e-06, 1.10515554752e-06],
        "mean": [0.00194738770369, 0.00502758054063, 0.00379180209711, 0.00208331504837, 0.00148468057159, 0.0010343339527, 0.000403144251322, 0.000142399163451, 0.000115508490126, 5.77875434828e-05, 4.03778503824e-05, 2.94292749459e-05, 1.10737828436e-05, 1.74678079929e-05, 1.1077997442e-05, 9.35370098887e-06, 1.35134387165e-05, 6.74493912811e-06, 5.17569424119e-06, 2.7627468171e-06, 1.98259067474e-06, 1.73804494352e-06, 1.89798197425e-06, 2.36411256083e-06, 3.15229817716e-06, 2.45539172283e-06, 2.68145140581e-06, 3.34957985615e-06, 2.13053476728e-06, 2.00823819796e-06, 2.21389223043e-06, 1.30705154788e-06, 6.44141721295e-07, 6.75894568758e-07, 4.414913235e-07, 2.35557735095e-07, 1.73687382699e-07, 1.30518685637e-07, 8.85242172899e-08, 5.23679375419e-08],
        "median": [0.00108196097426, 0.00226568314247, 0.00194742786698, 0.000946518091951, 0.000643452629447, 0.000280864333035, 0.000124451878946, 4.49112412753e-05, 1.81661453098e-05, 9.94226411422e-06, 7.28062195776e-06, 3.97075109504e-06, 2.89584068014e-06, 3.29935960508e-06, 1.82296616913e-06, 1.89367835901e-06, 1.51640074364e-06, 1.36722781008e-06, 8.13700978597e-07, 4.44037482339e-07, 2.79105336176e-07, 2.02545294314e-07, 2.25123613973e-07, 1.90054933569e-07, 1.92654852071e-07, 1.27539166783e-07, 1.24934118162e-07, 1.24740736851e-07, 8.95634286735e-08, 8.30004509567e-08, 5.63721194169e-08, 3.90219625501e-08, 2.24649898684e-08, 1.67228719761e-08, 1.0210509771e-08, 5.56006174435e-09, 4.37601022085e-09, 2.42679187856e-09, 1.58866186872e-09, 6.8273342535e-10],
        "min": [2.36283494814e-06, 1.46418124132e-05, 1.90942264453e-05, 2.64784648607e-05, 9.05243996385e-06, 5.14569637744e-06, 1.84522491509e-06, 1.87755219372e-07, 1.30293557277e-07, 6.31755625591e-08, 3.82794418385e-08, 5.54629266958e-08, 4.1383543703e-08, 2.66663171544e-08, 9.54431911282e-09, 7.05666192147e-09, 4.34440972086e-09, 3.20102833129e-09, 8.33588087445e-10, 4.04438815771e-10, 3.52056189756e-10, 6.00130292683e-11, 6.60964477595e-11, 6.98518257125e-11, 2.86665396282e-11, 2.44307733765e-11, 2.1265699271e-11, 2.01873726069e-11, 1.50282720296e-11, 1.77931818585e-11, 1.47440358533e-11, 1.09974338663e-11, 8.95520550076e-12, 7.14931282578e-12, 7.09258910284e-12, 5.36396317988e-12, 2.71113622004e-12, 2.4097447128e-12, 2.06581496701e-12, 8.82627575628e-13],
