{
"highlevel": {
    "danceability": {
        "all": {
            "danceable": 0.522140145302,
            "not_danceable": 0.477859854698
        },
        "probability": 0.522140145302,
        "value": "danceable"
    },
    "gender": {
        "all": {
            "female": 0.0867033675313,
            "male": 0.913296639919
        },
        "probability": 0.913296639919,
        "value": "male"
    },
    "genre_dortmund": {
        "all": {
            "alternative": 0.115331195295,
            "blues": 0.0595913566649,
            "electronic": 0.0121513521299,
            "folkcountry": 0.017658226192,
            "funksoulrnb": 0.0257719103247,
            "jazz": 0.0158018581569,
            "pop": 0.0308247543871,
            "raphiphop": 0.00948067940772,
            "rock": 0.713388681412
        },
        "probability": 0.713388681412,
        "value": "rock"
    },
    "genre_electronic": {
        "all": {
            "ambient": 0.32678592205,
            "dnb": 0.152101784945,
            "house": 0.0483702979982,
            "techno": 0.0155642246827,
            "trance": 0.457177758217
        },
        "probability": 0.457177758217,
        "value": "trance"
    },
    "genre_rosamerica": {
        "all": {
            "cla": 0.00145414669532,
            "dan": 0.00972005072981,
            "hip": 0.00352951977402,
            "jaz": 0.00189863110427,
            "pop": 0.0490678437054,
            "rhy": 0.001232288545,
            "roc": 0.932372450829,
            "spe": 0.000725075253285
        },
        "probability": 0.932372450829,
        "value": "roc"
    },
    "genre_tzanetakis": {
        "all": {
            "blu": 0.0626613423228,
            "cla": 0.0348169617355,
            "cou": 0.104475811124,
            "dis": 0.0784321576357,
            "hip": 0.15692435205,
            "jaz": 0.313974827528,
            "met": 0.0448166541755,
            "pop": 0.0627359300852,
            "reg": 0.0627360641956,
            "roc": 0.0784258767962
        },
        "probability": 0.313974827528,
        "value": "jaz"
    },
    "ismir04_rhythm": {
        "all": {
            "ChaChaCha": 0.283727735281,
            "Jive": 0.220381647348,
            "Quickstep": 0.197224542499,
            "Rumba-American": 0.0115326754749,
            "Rumba-International": 0.00837040413171,
            "Rumba-Misc": 0.00444664247334,
            "Samba": 0.178261458874,
            "Tango": 0.0173653718084,
            "VienneseWaltz": 0.0722949430346,
            "Waltz": 0.006394573953
        },
        "probability": 0.283727735281,
        "value": "ChaChaCha"
    },
    "mood_acoustic": {
        "all": {
            "acoustic": 1.21363036669e-05,
            "not_acoustic": 0.999987840652
        },
        "probability": 0.999987840652,
        "value": "not_acoustic"
    },
    "mood_aggressive": {
        "all": {
            "aggressive": 0.959386229515,
            "not_aggressive": 0.0406137481332
        },
        "probability": 0.959386229515,
        "value": "aggressive"
    },
    "mood_electronic": {
        "all": {
            "electronic": 0.433533430099,
            "not_electronic": 0.566466569901
        },
        "probability": 0.566466569901,
        "value": "not_electronic"
    },
    "mood_happy": {
        "all": {
            "happy": 0.138048529625,
            "not_happy": 0.861951470375
        },
        "probability": 0.861951470375,
        "value": "not_happy"
    },
    "mood_party": {
        "all": {
            "not_party": 0.174875035882,
            "party": 0.825124979019
        },
        "probability": 0.825124979019,
        "value": "party"
    },
    "mood_relaxed": {
        "all": {
            "not_relaxed": 0.941331624985,
            "relaxed": 0.0586684048176
        },
        "probability": 0.941331624985,
        "value": "not_relaxed"
    },
    "mood_sad": {
        "all": {
            "not_sad": 0.922135055065,
            "sad": 0.0778649449348
        },
        "probability": 0.922135055065,
        "value": "not_sad"
    },
    "moods_mirex": {
        "all": {
            "Cluster1": 0.451970934868,
            "Cluster2": 0.035609792918,
            "Cluster3": 0.0347097367048,
            "Cluster4": 0.0460966080427,
            "Cluster5": 0.43161290884
        },
        "probability": 0.451970934868,
        "value": "Cluster1"
    },
    "timbre": {
        "all": {
            "bright": 0.321231931448,
            "dark": 0.67876803875
        },
        "probability": 0.67876803875,
        "value": "dark"
    },
    "tonal_atonal": {
        "all": {
            "atonal": 0.772967815399,
            "tonal": 0.227032184601
        },
        "probability": 0.772967815399,
        "value": "atonal"
    },
    "voice_instrumental": {
        "all": {
            "instrumental": 5.7530713093e-05,
            "voice": 0.999942481518
        },
        "probability": 0.999942481518,
        "value": "voice"
    }
},
"lowlevel": {
    "average_loudness": 0.966117441654,
    "barkbands_crest": {
        "dmean": 3.21443867683,
        "dmean2": 5.22055768967,
        "dvar": 9.48310279846,
        "dvar2": 25.0353507996,
        "max": 24.0713272095,
        "mean": 8.67555046082,
        "median": 7.49414539337,
        "min": 2.38006615639,
        "var": 18.8380393982
    },
    "barkbands_flatness_db": {
        "dmean": 0.0213114861399,
        "dmean2": 0.0341216288507,
        "dvar": 0.000533110811375,
        "dvar2": 0.001291952678,
        "max": 0.389073878527,
        "mean": 0.111337520182,
        "median": 0.0999527648091,
        "min": 0.0314624384046,
        "var": 0.00187143497169
    },
    "barkbands_kurtosis": {
        "dmean": 2.16315197945,
        "dmean2": 3.71257781982,
        "dvar": 53.3490638733,
        "dvar2": 132.736419678,
        "max": 157.093322754,
        "mean": 1.29792785645,
        "median": -0.470265865326,
        "min": -1.79715096951,
        "var": 64.917098999
    },
    "barkbands_skewness": {
        "dmean": 0.597006618977,
        "dmean2": 0.918959021568,
        "dvar": 0.58665150404,
        "dvar2": 1.29037439823,
        "max": 11.0774927139,
        "mean": 0.76811593771,
        "median": 0.55083668232,
        "min": -2.20293259621,
        "var": 1.37430584431
    },
    "barkbands_spread": {
        "dmean": 7.82120513916,
        "dmean2": 11.6247005463,
        "dvar": 71.0847702026,
        "dvar2": 136.174240112,
        "max": 92.9033050537,
        "mean": 33.9906082153,
        "median": 31.6082229614,
        "min": 1.03445065022,
        "var": 242.841629028
    },
    "dissonance": {
        "dmean": 0.0128150321543,
        "dmean2": 0.0212636440992,
        "dvar": 0.000214938714635,
        "dvar2": 0.000528743083123,
        "max": 0.500000059605,
        "mean": 0.47971329093,
        "median": 0.484787076712,
        "min": 0.311557352543,
        "var": 0.0003633229353
    },
    "dynamic_complexity": 2.20710277557,
    "erbbands_crest": {
        "dmean": 2.48876357079,
        "dmean2": 4.18680334091,
        "dvar": 6.32760047913,
        "dvar2": 16.242193222,
        "max": 29.7818336487,
        "mean": 7.67509174347,
        "median": 6.81869220734,
        "min": 2.44690155983,
        "var": 13.578830719
    },
    "erbbands_flatness_db": {
        "dmean": 0.0148414829746,
        "dmean2": 0.0220312327147,
        "dvar": 0.00020207290072,
        "dvar2": 0.000407034123782,
        "max": 0.317354857922,
        "mean": 0.147314026952,
        "median": 0.143720805645,
        "min": 0.0744185745716,
        "var": 0.0012261410011
    },
    "erbbands_kurtosis": {
        "dmean": 0.919595360756,
        "dmean2": 1.47977435589,
        "dvar": 2.30289435387,
        "dvar2": 5.87478351593,
        "max": 29.4066352844,
        "mean": 0.490278750658,
        "median": 0.0465137958527,
        "min": -1.73091459274,
        "var": 4.22024536133
    },
    "erbbands_skewness": {
        "dmean": 0.336815059185,
        "dmean2": 0.515079438686,
        "dvar": 0.127468854189,
        "dvar2": 0.293133616447,
        "max": 3.54636716843,
        "mean": -0.126740306616,
        "median": -0.192783951759,
        "min": -3.51767873764,
        "var": 0.430933654308
    },
    "erbbands_spread": {
        "dmean": 8.59315872192,
        "dmean2": 12.7791652679,
        "dvar": 79.229347229,
        "dvar2": 158.555343628,
        "max": 118.700576782,
        "mean": 37.1844139099,
        "median": 34.0226173401,
        "min": 2.64014220238,
        "var": 303.893768311
    },
    "hfc": {
        "dmean": 7.52088928223,
        "dmean2": 10.5301618576,
        "dvar": 85.6283035278,
        "dvar2": 171.336914062,
        "max": 125.333824158,
        "mean": 32.270111084,
        "median": 29.266664505,
        "min": 0.0845914110541,
        "var": 364.921691895
    },
    "melbands_crest": {
        "dmean": 4.14005565643,
        "dmean2": 6.65375089645,
        "dvar": 13.7174606323,
        "dvar2": 35.7515830994,
        "max": 30.4209003448,
        "mean": 12.7857561111,
        "median": 11.8774900436,
        "min": 3.58187198639,
        "var": 30.3999958038
    },
    "melbands_flatness_db": {
        "dmean": 0.0304557867348,
        "dmean2": 0.046007014811,
        "dvar": 0.00120217562653,
        "dvar2": 0.00277847028337,
        "max": 0.499645233154,
        "mean": 0.134125709534,
        "median": 0.120716556907,
        "min": 0.0228954330087,
        "var": 0.00383715028875
    },
    "melbands_kurtosis": {
        "dmean": 6.50966501236,
        "dmean2": 10.688536644,
        "dvar": 269.771911621,
        "dvar2": 652.85345459,
        "max": 299.537902832,
        "mean": 7.66100215912,
        "median": 2.53715705872,
        "min": -1.47306454182,
        "var": 371.060394287
    },
    "melbands_skewness": {
        "dmean": 0.834506571293,
        "dmean2": 1.2839140892,
        "dvar": 1.09994840622,
        "dvar2": 2.5254445076,
        "max": 12.3786382675,
        "mean": 1.95950686932,
        "median": 1.64360654354,
        "min": -1.06013143063,
        "var": 2.62591862679
    },
    "melbands_spread": {
        "dmean": 12.8940458298,
        "dmean2": 19.2418327332,
        "dvar": 219.411697388,
        "dvar2": 404.920684814,
        "max": 182.986038208,
        "mean": 43.6749305725,
        "median": 40.2500839233,
        "min": 0.686842441559,
        "var": 696.700134277
    },
    "pitch_salience": {
        "dmean": 0.083198569715,
        "dmean2": 0.139709085226,
        "dvar": 0.00658239750192,
        "dvar2": 0.0182284731418,
        "max": 0.825591504574,
        "mean": 0.583195626736,
        "median": 0.602458238602,
        "min": 0.114657558501,
        "var": 0.0128045976162
    },
    "silence_rate_20dB": {
        "dmean": 0,
        "dmean2": 0,
        "dvar": 0,
        "dvar2": 0,
        "max": 1,
        "mean": 1,
        "median": 1,
        "min": 1,
        "var": 0
    },
    "silence_rate_30dB": {
        "dmean": 0,
        "dmean2": 0,
        "dvar": 0,
        "dvar2": 0,
        "max": 1,
        "mean": 1,
        "median": 1,
        "min": 1,
        "var": 0
    },
    "silence_rate_60dB": {
        "dmean": 0.0139318881556,
        "dmean2": 0.0278853606433,
        "dvar": 0.0137378750369,
        "dvar2": 0.0286570675671,
        "max": 1,
        "mean": 0.0224284604192,
        "median": 0,
        "min": 0,
        "var": 0.0219255220145
    },
    "spectral_centroid": {
        "dmean": 318.720397949,
        "dmean2": 463.510253906,
        "dvar": 109758.34375,
        "dvar2": 214650.625,
        "max": 4111.27978516,
        "mean": 1978.16955566,
        "median": 1984.56945801,
        "min": 260.847900391,
        "var": 383868.9375
    },
    "spectral_complexity": {
        "dmean": 3.95897841454,
        "dmean2": 6.08365631104,
        "dvar": 12.79022789,
        "dvar2": 26.7057189941,
        "max": 53,
        "mean": 30.0703792572,
        "median": 33,
        "min": 0,
        "var": 151.013183594
    },
    "spectral_decrease": {
        "dmean": 2.62982169374e-09,
        "dmean2": 4.08426048537e-09,
        "dvar": 1.30613473083e-17,
        "dvar2": 3.3385899569e-17,
        "max": -3.27457887195e-11,
        "mean": -6.45127462562e-09,
        "median": -5.7567444145e-09,
        "min": -2.67313353675e-08,
        "var": 1.89606538533e-17
    },
    "spectral_energy": {
        "dmean": 0.0102186249569,
        "dmean2": 0.0158395245671,
        "dvar": 0.000184974764124,
        "dvar2": 0.000472340412671,
        "max": 0.102442055941,
        "mean": 0.0272756069899,
        "median": 0.0252624675632,
        "min": 0.000173956883373,
        "var": 0.000291951670079
    },
    "spectral_energyband_high": {
        "dmean": 0.000598100363277,
        "dmean2": 0.00082977488637,
        "dvar": 1.1199617802e-06,
        "dvar2": 1.89661591321e-06,
        "max": 0.0131489550695,
        "mean": 0.00165134458803,
        "median": 0.00127630901989,
        "min": 6.72408475566e-07,
        "var": 3.0981054806e-06
    },
    "spectral_energyband_low": {
        "dmean": 0.00627654464915,
        "dmean2": 0.0110863549635,
        "dvar": 0.000182214091183,
        "dvar2": 0.000500998285133,
        "max": 0.0926322713494,
        "mean": 0.00709871714935,
        "median": 0.00343509507366,
        "min": 2.37283938986e-06,
        "var": 0.000140797506901
    },
    "spectral_energyband_middle_high": {
        "dmean": 0.00272468617186,
        "dmean2": 0.0039521465078,
        "dvar": 8.42722329253e-06,
        "dvar2": 1.83901556738e-05,
        "max": 0.0336458794773,
        "mean": 0.00936015415937,
        "median": 0.00825899187475,
        "min": 1.8377420929e-05,
        "var": 4.44145371148e-05
    },
    "spectral_energyband_middle_low": {
        "dmean": 0.00531230075285,
        "dmean2": 0.00802926439792,
        "dvar": 6.48471905151e-05,
        "dvar2": 0.000139759853482,
        "max": 0.0578443035483,
        "mean": 0.0096511086449,
        "median": 0.0060660536401,
        "min": 9.01656039787e-06,
        "var": 0.000108755484689
    },
    "spectral_entropy": {
        "dmean": 0.123410500586,
        "dmean2": 0.180546700954,
        "dvar": 0.0192464794964,
        "dvar2": 0.0379219539464,
        "max": 8.64925956726,
        "mean": 7.90895557404,
        "median": 7.94629335403,
        "min": 6.21476507187,
        "var": 0.0948223099113
    },
    "spectral_flux": {
        "dmean": 0.0280710458755,
        "dmean2": 0.0424790531397,
        "dvar": 0.00100555235986,
        "dvar2": 0.00190181832295,
        "max": 0.259961873293,
        "mean": 0.102073155344,
        "median": 0.096539452672,
        "min": 0.00625932775438,
        "var": 0.00232417834923
    },
    "spectral_kurtosis": {
        "dmean": 1.04790043831,
        "dmean2": 1.66979908943,
        "dvar": 1.56584072113,
        "dvar2": 4.01643848419,
        "max": 20.018825531,
        "mean": 3.08709669113,
        "median": 2.86852788925,
        "min": -0.75465965271,
        "var": 3.94458246231
    },
    "spectral_rms": {
        "dmean": 0.00089182658121,
        "dmean2": 0.00132891815156,
        "dvar": 1.03895399661e-06,
        "dvar2": 2.51283154284e-06,
        "max": 0.00999717321247,
        "mean": 0.0049006966874,
        "median": 0.00496450485662,
        "min": 0.00041196361417,
        "var": 2.59349349108e-06
    },
    "spectral_rolloff": {
        "dmean": 787.596740723,
        "dmean2": 1222.55493164,
        "dvar": 1381527.875,
        "dvar2": 2613464.75,
        "max": 10228.2714844,
        "mean": 2627.23828125,
        "median": 2304.05273438,
        "min": 86.1328125,
        "var": 3513679
    },
    "spectral_skewness": {
        "dmean": 0.161779254675,
        "dmean2": 0.246887251735,
        "dvar": 0.0237749405205,
        "dvar2": 0.0541630275548,
        "max": 3.23939609528,
        "mean": 1.2698789835,
        "median": 1.23898971081,
        "min": 0.373534113169,
        "var": 0.111008293927
    },
    "spectral_spread": {
        "dmean": 498226.96875,
        "dmean2": 689437.4375,
        "dvar": 381780623360,
        "dvar2": 564588314624,
        "max": 11347979,
        "mean": 4614760.5,
        "median": 4277153,
        "min": 2254298,
        "var": 1.69104952525e+12
    },
    "spectral_strongpeak": {
        "dmean": 0.747453212738,
        "dmean2": 1.29012989998,
        "dvar": 1.45899415016,
        "dvar2": 3.88037633896,
        "max": 10.3854084015,
        "mean": 0.984709978104,
        "median": 0.411953300238,
        "min": 0.011045881547,
        "var": 1.72528457642
    },
    "zerocrossingrate": {
        "dmean": 0.0158831235021,
        "dmean2": 0.0175323598087,
        "dvar": 0.000331003713654,
        "dvar2": 0.000334611977451,
        "max": 0.3271484375,
        "mean": 0.0918935462832,
        "median": 0.08447265625,
        "min": 0.0048828125,
        "var": 0.00201623816974
    },
    "barkbands": {
        "dmean": [0.000138675808557, 0.00480435276404, 0.00170502683613, 0.000811697158497, 0.00356551702134, 0.000717361748684, 0.000513822189532, 0.000856327591464, 0.000665877712891, 0.000825710361823, 0.000421289500082, 0.000651851820294, 0.000541147310287, 0.000713664107025, 0.000613954849541, 0.000573408149648, 0.000433820910985, 0.000359771773219, 0.000234891776927, 0.000165405435837, 0.000135682945256, 0.000141609634738, 0.000129582811496, 0.000166734971572, 0.000113340123789, 3.02922908304e-05, 2.47063898229e-08],
        "dmean2": [0.000232962120208, 0.00858905445784, 0.00314502953552, 0.00147119932808, 0.00529360491782, 0.00121436570771, 0.000835885002743, 0.00139634648804, 0.0011148591293, 0.00128091545776, 0.00069594028173, 0.00103307992686, 0.00087111472385, 0.0011103436118, 0.00100308307447, 0.000922598468605, 0.000705264275894, 0.000564748363104, 0.000386934756534, 0.000267477327725, 0.000217984459596, 0.000219473426114, 0.000198643858312, 0.000233185768593, 0.000163690841873, 4.67714926344e-05, 4.54914861336e-08],
        "dvar": [6.95623043612e-08, 0.000101337478554, 2.26851552725e-05, 3.06078732137e-06, 4.65712291771e-05, 1.21525533814e-06, 1.14036436116e-06, 3.06684387397e-06, 1.30893999994e-06, 2.59742955677e-06, 7.38904759601e-07, 1.44646321587e-06, 1.02238539057e-06, 1.85015767329e-06, 1.36489700253e-06, 1.07042171749e-06, 5.96134952957e-07, 2.57396436609e-07, 1.13988058104e-07, 3.74029305306e-08, 2.14383835129e-08, 2.97806579397e-08, 6.3765781988e-08, 2.3157828366e-07, 1.32020574029e-07, 6.3982859011e-09, 1.4151385379e-14],
        "dvar2": [1.81615149586e-07, 0.000286775757559, 6.52987946523e-05, 8.59850297275e-06, 0.000103234597191, 3.19254013448e-06, 2.81049938167e-06, 7.35456069378e-06, 3.10995778818e-06, 6.32818910162e-06, 1.87424916476e-06, 3.84838494938e-06, 2.47064849646e-06, 4.45060368293e-06, 3.48756452695e-06, 2.75851698461e-06, 1.49637503455e-06, 5.9596425217e-07, 2.90469699848e-07, 9.33907600142e-08, 4.98819829886e-08, 7.09230008056e-08, 1.36441741461e-07, 3.87798280599e-07, 2.42691186259e-07, 1.44586591588e-08, 4.05333928856e-14],
        "max": [0.00280834687874, 0.0654792487621, 0.0300105977803, 0.0124022234231, 0.0497343055904, 0.0131126819178, 0.0148810101673, 0.016584565863, 0.0194279737771, 0.0208039060235, 0.00949438009411, 0.0153282824904, 0.0107865175232, 0.0202723909169, 0.0142145613208, 0.0138512738049, 0.0175956655294, 0.00691724894568, 0.00540957413614, 0.00267065293156, 0.00235486379825, 0.00234210584313, 0.00361672905274, 0.00642261095345, 0.00719293067232, 0.00122772995383, 1.83603287951e-06],
        "mean": [0.000141938580782, 0.00513618858531, 0.00148038147017, 0.00079890928464, 0.00455091986805, 0.00116796826478, 0.000813914288301, 0.00108348729555, 0.000964680570178, 0.00121008127462, 0.000636530399788, 0.00113759399392, 0.000858384883031, 0.00113475637045, 0.00105794146657, 0.00101473310497, 0.00088378606597, 0.000755415298045, 0.000575968530029, 0.000391916109947, 0.000335647695465, 0.000340776983649, 0.000272352946922, 0.000300002575386, 0.000190169012058, 4.11641740357e-05, 1.59915920506e-08],
        "median": [2.43403155764e-05, 0.00242581847124, 0.000535554834642, 0.000378122960683, 0.00156692392193, 0.000792975130025, 0.000450463616289, 0.000447661383078, 0.000539050786756, 0.000407318701036, 0.000269226031378, 0.000464321055915, 0.0002657265577, 0.000453373970231, 0.000523316557519, 0.000630561669823, 0.000659113749862, 0.000532123085577, 0.000507151184138, 0.000336620403687, 0.0003066440986, 0.000276051840046, 0.000189271901036, 0.00012666042312, 8.28769625514e-05, 1.45710655488e-05, 6.51801890239e-10],
        "min": [3.80577489523e-08, 6.13288023033e-07, 1.48023474367e-07, 2.80154154098e-07, 2.83461986328e-07, 1.70761268237e-07, 2.9928122558e-07, 7.67270762481e-08, 7.37596863587e-08, 3.99722921429e-07, 2.23034192004e-07, 3.19262625226e-07, 2.90389152724e-07, 4.14953746031e-07, 4.16505429257e-07, 1.82620362921e-06, 3.70439664721e-07, 1.7300357058e-06, 5.27871691247e-07, 3.26598154743e-07, 2.76743634231e-07, 9.72367786289e-08, 3.91507271047e-08, 2.26452261387e-08, 1.79170747683e-10, 4.02586774681e-12, 4.83479402347e-12],
        "var": [8.08915388006e-08, 7.70056722104e-05, 1.34576357596e-05, 2.14771603169e-06, 6.28083580523e-05, 1.77623007858e-06, 1.9535825686e-06, 3.81096629098e-06, 2.03930767384e-06, 4.28938255936e-06, 1.23785036976e-06, 2.87831494461e-06, 1.91528397409e-06, 3.48476919498e-06, 2.45787691711e-06, 1.87275679764e-06, 1.35343009333e-06, 6.06018716098e-07, 2.31166978892e-07, 9.0246317086e-08, 5.626081645e-08, 8.06966369282e-08, 1.13269067015e-07, 5.11145344717e-07, 2.41596893602e-07, 8.00834687453e-09, 8.22374039391e-15]
    },
    "erbbands": {
        "dmean": [0.121603347361, 1.14263868332, 2.12956857681, 2.32757329941, 10.4963512421, 10.0316343307, 7.94037389755, 5.2209854126, 6.83265018463, 9.69975757599, 20.7117233276, 13.3308343887, 20.946187973, 22.650560379, 17.7754478455, 25.3062515259, 20.4118385315, 29.8522968292, 36.5755691528, 31.9062805176, 26.8141059875, 23.1090602875, 20.3663845062, 13.359205246, 10.7191085815, 7.60525035858, 5.80992078781, 5.2767572403, 5.14414215088, 4.31298351288, 3.60552740097, 3.61099362373, 2.7472884655, 1.80364644527, 0.551308274269, 0.198001205921, 0.0425977036357, 0.00331006618217, 6.90383312758e-05, 1.47227628986e-05],
        "dmean2": [0.214546561241, 2.05791306496, 3.88821959496, 4.18888902664, 15.7717266083, 15.4834823608, 13.2781362534, 8.67183017731, 11.2361373901, 15.1744861603, 34.0602836609, 21.8715305328, 33.2343673706, 34.3938751221, 28.8543128967, 41.2618789673, 31.8326873779, 46.6521644592, 57.2369728088, 51.1015815735, 43.9321022034, 36.9233894348, 31.8142700195, 21.8613758087, 17.4101638794, 12.2117424011, 9.43304157257, 8.38757514954, 7.94507884979, 6.62721014023, 5.41136837006, 5.1619849205, 3.99680185318, 2.57960534096, 0.824900209904, 0.302687346935, 0.065782174468, 0.00540444999933, 0.00010810916865, 2.21144982788e-05],
        "dvar": [0.0536699928343, 6.43997097015, 32.8281402588, 29.3274116516, 435.176086426, 375.088470459, 176.13710022, 70.3743591309, 225.975540161, 399.999420166, 1919.2232666, 550.46295166, 1372.4140625, 1714.62304688, 942.166503906, 2355.296875, 1500.70849609, 4092.17333984, 4777.50830078, 3110.13989258, 2686.52661133, 1040.359375, 841.776977539, 386.005401611, 228.465942383, 88.8819198608, 41.5724029541, 39.9436302185, 42.8663330078, 40.9427642822, 51.2915534973, 93.0912857056, 73.7802200317, 35.7824401855, 3.04622125626, 0.343302279711, 0.0102478768677, 7.74044237914e-05, 2.81421197457e-08, 3.19732545995e-10],
        "dvar2": [0.152587860823, 18.1610603333, 93.8635940552, 83.3382415771, 964.328430176, 877.959716797, 485.926361084, 180.204437256, 543.607666016, 959.942993164, 4724.22753906, 1263.14575195, 3485.46948242, 3914.72973633, 2458.82958984, 6361.7734375, 3537.54443359, 10053.7255859, 11014.4853516, 7964.18505859, 7065.70117188, 2569.97998047, 1932.35070801, 1004.89251709, 588.418395996, 220.818649292, 98.1282272339, 94.1739425659, 100.135490417, 99.0392608643, 104.744598389, 166.406433105, 131.204559326, 66.1002731323, 6.27249765396, 0.782146155834, 0.022637963295, 0.000187938305316, 6.38005133169e-08, 7.61689156192e-10],
        "max": [1.65369057655, 17.5211105347, 38.8677024841, 41.0104942322, 144.91619873, 163.124404907, 144.433364868, 104.670310974, 233.628845215, 258.77255249, 453.926147461, 370.12310791, 604.000488281, 412.212463379, 339.781311035, 632.851013184, 478.960327148, 1199.16894531, 803.809753418, 809.06451416, 918.987060547, 540.351806641, 388.407501221, 282.5206604, 254.69694519, 137.053955078, 86.3120574951, 113.71232605, 97.967048645, 88.176651001, 112.774299622, 130.958679199, 138.140151978, 117.59462738, 27.294046402, 10.2733335495, 1.08878338337, 0.0835907235742, 0.00150537095033, 0.000187436875422],
        "mean": [0.130502015352, 1.19260323048, 1.99234724045, 2.35358405113, 11.7944250107, 12.4387865067, 12.2512464523, 8.54940605164, 11.3661117554, 13.7672863007, 26.6827850342, 20.5203704834, 32.9051094055, 34.6062927246, 30.6645584106, 45.3541984558, 37.9166641235, 52.0214271545, 64.8982772827, 57.2312393188, 52.1601295471, 50.1236190796, 43.9291419983, 32.5623779297, 26.6725025177, 18.6776847839, 14.3550834656, 13.0086917877, 12.2302160263, 9.57494449615, 7.36652135849, 6.52700376511, 4.80254554749, 2.89782524109, 0.906624138355, 0.285015016794, 0.055892277509, 0.00371474982239, 0.000107425257738, 4.2710951675e-05],
        "median": [0.0443064123392, 0.57873994112, 0.840363800526, 1.10847353935, 2.75048422813, 4.51901292801, 6.71621322632, 5.90208959579, 6.04257535934, 7.47201538086, 11.6036348343, 11.6702384949, 15.5206928253, 12.0289859772, 15.4807271957, 18.1377258301, 13.8845653534, 22.6785430908, 27.3168926239, 35.2447967529, 36.0058517456, 38.0089492798, 31.1498165131, 27.2273006439, 24.1479187012, 16.0971317291, 13.0970582962, 11.4070901871, 10.0823163986, 7.59990644455, 4.85478591919, 3.20221042633, 1.88163709641, 1.08352410793, 0.430817216635, 0.119114436209, 0.0167802441865, 0.000884465873241, 4.8927791795e-05, 3.90298118873e-05],
        "min": [2.60370507021e-05, 9.77874733508e-05, 0.000177265086677, 0.000628879584838, 0.00114087399561, 0.00132591475267, 0.00289761065505, 0.00198161974549, 0.00486666895449, 0.00250151194632, 0.00915720313787, 0.00232240604237, 0.00892678834498, 0.0127433827147, 0.0116505902261, 0.0141984364018, 0.0127959661186, 0.0170437917113, 0.040589377284, 0.0792744010687, 0.0534743219614, 0.0279557239264, 0.0836463645101, 0.0326316133142, 0.0295045953244, 0.0173423718661, 0.00908476486802, 0.00876578409225, 0.00456310808659, 0.00171242968645, 0.00098942941986, 0.000466699333629, 0.000430165819125, 0.000202971452381, 0.00011303111387, 1.98553480004e-05, 7.07379786036e-06, 6.7292529593e-07, 2.12931510646e-07, 2.66808967808e-07],
        "var": [0.049450609833, 4.55973243713, 20.0765094757, 19.2328262329, 564.503601074, 446.423583984, 279.994262695, 95.0398712158, 461.514648438, 517.201477051, 2249.3059082, 900.96472168, 2346.91650391, 3043.96679688, 1709.7598877, 4738.56982422, 3124.95581055, 7412.61865234, 10251.9345703, 5516.57177734, 4422.16162109, 2680.22924805, 2056.26635742, 836.811218262, 460.805236816, 210.151565552, 102.919013977, 100.600967407, 106.188117981, 79.8099822998, 93.8325576782, 179.653884888, 160.519622803, 67.2759857178, 4.55190896988, 0.423336058855, 0.0139311738312, 8.68893039296e-05, 3.67609125362e-08, 6.78341438576e-10]
    },
    "gfcc": {
        "mean": [35.7917366028, 69.3025283813, -136.18196106, 46.1210250854, -61.7960243225, 25.0455093384, -43.4457130432, 14.6681966782, -23.2782230377, 2.87978601456, -15.8019046783, 1.90174877644, -6.65715789795],
        "cov": [[2883.6340332, -176.595962524, -157.826049805, 42.8516654968, -266.651885986, -9.79120445251, -248.787002563, -22.8824043274, -128.899398804, -29.0140857697, -137.777038574, -81.0717315674, -67.7395324707], [-176.595962524, 1167.73303223, 13.3190956116, 143.123748779, 126.21887207, -76.612411499, 200.42364502, -66.3995132446, 93.8212661743, -180.2681427, 66.4180755615, -120.914375305, 64.8048324585], [-157.826049805, 13.3190956116, 508.629211426, 183.596847534, -22.0787715912, -1.08129584789, 32.7260894775, 43.23387146, 18.1016197205, 9.75399398804, -54.0976867676, -9.18888187408, -12.9887285233], [42.8516654968, 143.123748779, 183.596847534, 334.60043335, 2.54671788216, -37.2489891052, -1.12674844265, -1.38926231861, 46.2885169983, -33.8273620605, -20.9865093231, -50.4930877686, 29.4409160614], [-266.651885986, 126.21887207, -22.0787715912, 2.54671788216, 322.249145508, 88.4673538208, 88.955909729, 67.8645095825, 48.9734649658, 45.6674804688, 44.5100021362, 39.2240524292, 9.71084499359], [-9.79120445251, -76.612411499, -1.08129584789, -37.2489891052, 88.4673538208, 184.037353516, 86.542678833, 22.4788990021, -29.1655101776, 26.8858509064, 40.2224388123, 18.2284069061, 0.253623664379], [-248.787002563, 200.42364502, 32.7260894775, -1.12674844265, 88.955909729, 86.542678833, 207.062652588, 59.7712059021, 26.8879642487, -6.50157594681, 37.780921936, 13.5567827225, 5.70122003555], [-22.8824043274, -66.3995132446, 43.23387146, -1.38926231861, 67.8645095825, 22.4788990021, 59.7712059021, 166.4737854, 62.5586051941, 49.3140144348, -0.160384654999, 36.6921844482, 3.57046151161], [-128.899398804, 93.8212661743, 18.1016197205, 46.2885169983, 48.9734649658, -29.1655101776, 26.8879642487, 62.5586051941, 111.455413818, 17.7045574188, 0.0659932792187, -10.1778678894, 15.5544395447], [-29.0140857697, -180.2681427, 9.75399398804, -33.8273620605, 45.6674804688, 26.8858509064, -6.50157594681, 49.3140144348, 17.7045574188, 118.994728088, 22.9964427948, 39.1169281006, -20.7464962006], [-137.777038574, 66.4180755615, -54.0976867676, -20.9865093231, 44.5100021362, 40.2224388123, 37.780921936, -0.160384654999, 0.0659932792187, 22.9964427948, 96.232208252, 26.8217906952, 11.3677721024], [-81.0717315674, -120.914375305, -9.18888187408, -50.4930877686, 39.2240524292, 18.2284069061, 13.5567827225, 36.6921844482, -10.1778678894, 39.1169281006, 26.8217906952, 93.4701538086, 9.43647003174], [-67.7395324707, 64.8048324585, -12.9887285233, 29.4409160614, 9.71084499359, 0.253623664379, 5.70122003555, 3.57046151161, 15.5544395447, -20.7464962006, 11.3677721024, 9.43647003174, 61.759765625]],
        "icov": [[0.000651608163025, -0.000735574110877, 0.000599314284045, -0.000551231671125, 0.000868592236657, -0.00140316644683, 0.00154192652553, -0.00110322493128, 0.000897255551536, -0.000648455577902, 0.00144828879274, -0.00065982202068, 0.00105641339906], [-0.000735574110877, 0.00407655723393, -0.00122413632926, 0.000951722613536, -0.0029076593928, 0.00509158242494, -0.00524158170447, 0.00276897265576, -0.00195428077132, 0.00407837610692, -0.00501354504377, 0.0047492897138, -0.00297605013475], [0.000599314284045, -0.00122413632926, 0.0035981121473, -0.00245694629848, 0.00162225624081, -0.00222431332804, 0.00122318021022, -0.00165461492725, 0.00126233173069, -0.00183715124149, 0.00365960691124, -0.00219149980694, 0.00233276118524], [-0.000551231671125, 0.000951722613536, -0.00245694629848, 0.00536166271195, -0.00150678888895, 0.00224891444668, -0.00126834516414, 0.00134087540209, -0.00187554396689, 0.00143800955266, -0.00228953338228, 0.00346980546601, -0.00356194702908], [0.000868592236657, -0.0029076593928, 0.00162225624081, -0.00150678888895, 0.00686252070591, -0.005956067238, 0.00339204911143, -0.00248726038262, -0.000510209181812, -0.00333207077347, 0.003628046019, -0.00489419559017, 0.00292845396325], [-0.00140316644683, 0.00509158242494, -0.00222431332804, 0.00224891444668, -0.005956067238, 0.0164551753551, -0.0105607137084, 0.00308556295931, 0.00254660984501, 0.00229531596415, -0.00837818905711, 0.00833934172988, -0.0063584591262], [0.00154192652553, -0.00524158170447, 0.00122318021022, -0.00126834516414, 0.00339204911143, -0.0105607137084, 0.0157141070813, -0.00652595888823, 0.000911023060326, -0.00120395189151, 0.00423369184136, -0.00631108367816, 0.006040929351], [-0.00110322493128, 0.00276897265576, -0.00165461492725, 0.00134087540209, -0.00248726038262, 0.00308556295931, -0.00652595888823, 0.0135304387659, -0.00773336365819, -3.52906936314e-05, -0.00108463340439, -0.000987918232568, -0.00261768396012], [0.000897255551536, -0.00195428077132, 0.00126233173069, -0.00187554396689, -0.000510209181812, 0.00254660984501, 0.000911023060326, -0.00773336365819, 0.0189331378788, -0.00563347432762, 0.00230255676433, 0.00405124342069, -0.0030765470583], [-0.000648455577902, 0.00407837610692, -0.00183715124149, 0.00143800955266, -0.00333207077347, 0.00229531596415, -0.00120395189151, -3.52906936314e-05, -0.00563347432762, 0.0188274886459, -0.00834780931473, -3.72230169887e-05, 0.00385071360506], [0.00144828879274, -0.00501354504377, 0.00365960691124, -0.00228953338228, 0.003628046019, -0.00837818905711, 0.00423369184136, -0.00108463340439, 0.00230255676433, -0.00834780931473, 0.0219072531909, -0.00890623964369, 0.00179050129373], [-0.00065982202068, 0.0047492897138, -0.00219149980694, 0.00346980546601, -0.00489419559017, 0.00833934172988, -0.00631108367816, -0.000987918232568, 0.00405124342069, -3.72230169887e-05, -0.00890623964369, 0.0236261766404, -0.00945053435862], [0.00105641339906, -0.00297605013475, 0.00233276118524, -0.00356194702908, 0.00292845396325, -0.0063584591262, 0.006040929351, -0.00261768396012, -0.0030765470583, 0.00385071360506, 0.00179050129373, -0.00945053435862, 0.0250039640814]]
    },
    "melbands": {
        "dmean": [0.00123162427917, 0.00125827000011, 0.000551339646336, 0.000899785140064, 0.000271033903118, 0.00011976632959, 0.000102046738903, 0.000118783544167, 0.000167107005836, 8.85035988176e-05, 0.000110681059596, 0.000101153163996, 5.90634736e-05, 7.16697177268e-05, 5.93681797909e-05, 5.4786731198e-05, 5.78068975301e-05, 6.72034802847e-05, 4.27383674833e-05, 4.46688791271e-05, 3.3209373214e-05, 2.6996833185e-05, 2.15788386413e-05, 1.91007457033e-05, 1.14799086077e-05, 9.77871604846e-06, 7.61203409638e-06, 5.18052274856e-06, 4.11045675719e-06, 3.52388178726e-06, 3.29569502355e-06, 3.18373372465e-06, 3.08890616907e-06, 2.51335177381e-06, 2.17208685171e-06, 2.34361277762e-06, 2.33423270402e-06, 2.10898383557e-06, 1.80488223123e-06, 1.5368292452e-06],
        "dmean2": [0.00217506219633, 0.00228332914412, 0.000918176723644, 0.00134310976136, 0.000456513313111, 0.000199028421775, 0.00016671976482, 0.00018813755014, 0.000273238139926, 0.000147015336552, 0.000177091365913, 0.000153504530317, 9.76294759312e-05, 0.000114911024866, 9.40840036492e-05, 8.63380846567e-05, 9.15195269044e-05, 0.000104707389255, 6.99878946762e-05, 7.2776376328e-05, 5.53493700863e-05, 4.41322117695e-05, 3.42637940776e-05, 3.07138507196e-05, 1.91084054677e-05, 1.61000571097e-05, 1.26058830574e-05, 8.33429294289e-06, 6.76267245581e-06, 5.76637148697e-06, 5.28408236278e-06, 5.00716578244e-06, 4.88703926749e-06, 3.96841141992e-06, 3.37364485858e-06, 3.60196827387e-06, 3.34281435244e-06, 3.09248071062e-06, 2.64372238235e-06, 2.24149198402e-06],
        "dvar": [5.99087616138e-06, 9.68386120803e-06, 1.04604521312e-06, 3.39518692272e-06, 1.98373285798e-07, 3.49454793991e-08, 4.75426205071e-08, 5.64800544112e-08, 1.22658448731e-07, 2.32356658358e-08, 3.92715264752e-08, 3.58486964558e-08, 1.35631230691e-08, 2.01228580465e-08, 1.66524234402e-08, 1.16520304516e-08, 1.6069963138e-08, 1.60048809761e-08, 6.15462791842e-09, 6.51687726005e-09, 5.10460873571e-09, 1.71672809302e-09, 9.12393716135e-10, 7.56363083276e-10, 2.81351886233e-10, 1.73413131077e-10, 9.76216121829e-11, 3.97329495694e-11, 2.28982128397e-11, 1.49717321873e-11, 1.55086325726e-11, 1.717111002e-11, 1.52356478128e-11, 1.79245437937e-11, 1.69750411644e-11, 2.94483777641e-11, 4.22770880804e-11, 4.29195151641e-11, 3.26488384939e-11, 2.61868079304e-11],
        "dvar2": [1.7003463654e-05, 2.72642191703e-05, 2.819904239e-06, 7.58472560847e-06, 5.42117959412e-07, 8.80941044556e-08, 1.15952623503e-07, 1.34487819992e-07, 3.07111633902e-07, 5.47712346588e-08, 9.90737305528e-08, 8.29325514928e-08, 3.62061953751e-08, 5.33335651198e-08, 4.2678866663e-08, 2.7202403885e-08, 3.97322530432e-08, 3.53485845039e-08, 1.52370667195e-08, 1.61341535687e-08, 1.35225928233e-08, 4.45277903438e-09, 2.00785787996e-09, 1.77868475504e-09, 7.54547924142e-10, 4.44678238676e-10, 2.4920873698e-10, 1.00050440155e-10, 5.54610593562e-11, 3.73512158702e-11, 3.81084087897e-11, 4.11902074948e-11, 3.77309676558e-11, 4.29436070037e-11, 3.80205519845e-11, 5.91024451602e-11, 7.51971263036e-11, 7.81150283347e-11, 5.88217738406e-11, 5.07060296528e-11],
        "max": [0.0146686378866, 0.0211346242577, 0.00673614535481, 0.0134289516136, 0.00508914748207, 0.00209080730565, 0.00301608187146, 0.00265602045693, 0.00376736256294, 0.00237843347713, 0.00309532205574, 0.00195009575691, 0.00141322205309, 0.00205393671058, 0.00248002959415, 0.00131684250664, 0.00235181977041, 0.00156306347344, 0.000926517765038, 0.00112615094986, 0.00113979761954, 0.000809861754533, 0.000443113967776, 0.000343874940882, 0.000239654546021, 0.000178954331204, 0.000152444452397, 8.50150099723e-05, 5.9005622461e-05, 5.85026355111e-05, 5.83126820857e-05, 6.18331177975e-05, 6.16275428911e-05, 5.02001203131e-05, 6.04221786489e-05, 8.39546701172e-05, 8.24934249977e-05, 0.00010417507292, 0.000101841644209, 0.000106700012111],
        "mean": [0.00133357441518, 0.00128015654627, 0.000625772343483, 0.00101844640449, 0.000424494239269, 0.000200413109269, 0.000169147679117, 0.000164732366102, 0.000210181955481, 0.000130754619022, 0.000170029976289, 0.000147370883496, 9.35559219215e-05, 0.000118261632451, 0.000107924279291, 8.98799771676e-05, 9.34373310884e-05, 0.000109658154543, 7.24346318748e-05, 7.63764110161e-05, 5.78296967433e-05, 5.30955439899e-05, 4.17399496655e-05, 3.76882708224e-05, 2.49292934313e-05, 2.18229088205e-05, 1.63690874615e-05, 1.11790623123e-05, 8.93439028005e-06, 8.00989619165e-06, 7.35895810067e-06, 6.8437580012e-06, 6.59275247017e-06, 4.88038222102e-06, 4.16629472966e-06, 4.14948635807e-06, 3.96800805902e-06, 3.42732118952e-06, 3.06649508275e-06, 2.22930020755e-06],
        "median": [0.000552509969566, 0.000643999665044, 0.00025563876261, 0.000251877849223, 0.000248290336458, 0.000136779330205, 9.20787861105e-05, 8.4393810539e-05, 8.9835783001e-05, 7.37143709557e-05, 7.60171533329e-05, 4.62794705527e-05, 4.37104536104e-05, 5.28007221874e-05, 3.23469976138e-05, 2.95847985399e-05, 3.94737362512e-05, 4.11778710259e-05, 3.7640966184e-05, 4.51445630461e-05, 3.82310427085e-05, 3.93418122258e-05, 2.77555172943e-05, 2.61481818598e-05, 2.03699037229e-05, 1.85276476259e-05, 1.426977542e-05, 9.12399991648e-06, 7.83685936767e-06, 7.15147689334e-06, 6.01400824962e-06, 5.41966619494e-06, 5.1941192396e-06, 3.5212185594e-06, 2.78359630101e-06, 2.28115413847e-06, 1.82662915904e-06, 1.23870484003e-06, 1.23423455989e-06, 7.74774719048e-07],
        "min": [2.3924522452e-07, 6.99547229033e-08, 1.94695530809e-07, 6.2804460299e-08, 4.68175542778e-08, 4.04143172261e-08, 6.84632439629e-08, 2.48950033921e-08, 2.80078857884e-08, 9.35736732544e-09, 4.51303776572e-08, 5.15274862778e-08, 3.64859467084e-08, 4.34502460678e-08, 2.21115339372e-08, 3.6352687971e-08, 3.03905842713e-08, 3.37089147706e-08, 2.76584266601e-08, 1.69508552972e-07, 3.65741712471e-08, 2.29394263584e-08, 5.18873726207e-08, 5.90676094703e-08, 2.07027071042e-08, 2.20783480387e-08, 2.13049666797e-08, 7.37865457623e-09, 4.93138951896e-09, 5.7534474962e-09, 3.31100102891e-09, 2.55636756208e-09, 1.46729461914e-09, 7.53807682941e-10, 6.68808564086e-10, 2.31887023472e-10, 2.5172458562e-10, 2.22608945166e-10, 2.09589512412e-10, 1.90904280231e-12],
