{
"highlevel": {
    "danceability": {
        "all": {
            "danceable": 0.998178303242,
            "not_danceable": 0.00182167091407
        },
        "probability": 0.998178303242,
        "value": "danceable"
    },
    "gender": {
        "all": {
            "female": 0.965314209461,
            "male": 0.0346857979894
        },
        "probability": 0.965314209461,
        "value": "female"
    },
    "genre_dortmund": {
        "all": {
            "alternative": 0.0879361331463,
            "blues": 0.0200873818249,
            "electronic": 0.0975452139974,
            "folkcountry": 0.0278283376247,
            "funksoulrnb": 0.029408864677,
            "jazz": 0.222638890147,
            "pop": 0.0320101454854,
            "raphiphop": 0.409959286451,
            "rock": 0.0725857615471
        },
        "probability": 0.409959286451,
        "value": "raphiphop"
    },
    "genre_electronic": {
        "all": {
            "ambient": 0.553592562675,
            "dnb": 0.0717985183001,
            "house": 0.256430983543,
            "techno": 0.0388356260955,
            "trance": 0.0793422833085
        },
        "probability": 0.553592562675,
        "value": "ambient"
    },
    "genre_rosamerica": {
        "all": {
            "cla": 0.0132135981694,
            "dan": 0.169205054641,
            "hip": 0.16631488502,
            "jaz": 0.0282420627773,
            "pop": 0.312112629414,
            "rhy": 0.227175086737,
            "roc": 0.064927443862,
            "spe": 0.0188092254102
        },
        "probability": 0.312112629414,
        "value": "pop"
    },
    "genre_tzanetakis": {
        "all": {
            "blu": 0.0622663982213,
            "cla": 0.0345780998468,
            "cou": 0.103735685349,
            "dis": 0.0518908686936,
            "hip": 0.155698984861,
            "jaz": 0.311586618423,
            "met": 0.0519040971994,
            "pop": 0.0622744634748,
            "reg": 0.0622723288834,
            "roc": 0.103792458773
        },
        "probability": 0.311586618423,
        "value": "jaz"
    },
    "ismir04_rhythm": {
        "all": {
            "ChaChaCha": 0.159851372242,
            "Jive": 0.0343886688352,
            "Quickstep": 0.0386007279158,
            "Rumba-American": 0.0516640916467,
            "Rumba-International": 0.0223728939891,
            "Rumba-Misc": 0.0121830813587,
            "Samba": 0.200633853674,
            "Tango": 0.436806619167,
            "VienneseWaltz": 0.0384267121553,
            "Waltz": 0.0050719906576
        },
        "probability": 0.436806619167,
        "value": "Tango"
    },
    "mood_acoustic": {
        "all": {
            "acoustic": 0.0895956680179,
            "not_acoustic": 0.910404324532
        },
        "probability": 0.910404324532,
        "value": "not_acoustic"
    },
    "mood_aggressive": {
        "all": {
            "aggressive": 0.146016001701,
            "not_aggressive": 0.853983998299
        },
        "probability": 0.853983998299,
        "value": "not_aggressive"
    },
    "mood_electronic": {
        "all": {
            "electronic": 0.889486551285,
            "not_electronic": 0.110513471067
        },
        "probability": 0.889486551285,
        "value": "electronic"
    },
    "mood_happy": {
        "all": {
            "happy": 0.192180231214,
            "not_happy": 0.807819783688
        },
        "probability": 0.807819783688,
        "value": "not_happy"
    },
    "mood_party": {
        "all": {
            "not_party": 0.81368380785,
            "party": 0.186316177249
        },
        "probability": 0.81368380785,
        "value": "not_party"
    },
    "mood_relaxed": {
        "all": {
            "not_relaxed": 0.8867623806,
            "relaxed": 0.113237589598
        },
        "probability": 0.8867623806,
        "value": "not_relaxed"
    },
    "mood_sad": {
        "all": {
            "not_sad": 0.557988226414,
            "sad": 0.442011773586
        },
        "probability": 0.557988226414,
        "value": "not_sad"
    },
    "moods_mirex": {
        "all": {
            "Cluster1": 0.205790355802,
            "Cluster2": 0.166589617729,
            "Cluster3": 0.0952088758349,
            "Cluster4": 0.199768438935,
            "Cluster5": 0.332642704248
        },
        "probability": 0.332642704248,
        "value": "Cluster5"
    },
    "timbre": {
        "all": {
            "bright": 0.996224701405,
            "dark": 0.00377530883998
        },
        "probability": 0.996224701405,
        "value": "bright"
    },
    "tonal_atonal": {
        "all": {
            "atonal": 0.571280419827,
            "tonal": 0.428719580173
        },
        "probability": 0.571280419827,
        "value": "atonal"
    },
    "voice_instrumental": {
        "all": {
            "instrumental": 0.260760009289,
            "voice": 0.739239990711
        },
        "probability": 0.739239990711,
        "value": "voice"
    }
},
"lowlevel": {
    "average_loudness": 0.979057908058,
    "barkbands_crest": {
        "dmean": 3.33748030663,
        "dmean2": 5.24287986755,
        "dvar": 10.8910608292,
        "dvar2": 21.5662746429,
        "max": 25.1520690918,
        "mean": 12.5438127518,
        "median": 10.7062625885,
        "min": 3.68849754333,
        "var": 34.1334609985
    },
    "barkbands_flatness_db": {
        "dmean": 0.0308108497411,
        "dmean2": 0.0445042550564,
        "dvar": 0.000765397329815,
        "dvar2": 0.00148212455679,
        "max": 0.421299874783,
        "mean": 0.188631728292,
        "median": 0.182688504457,
        "min": 0.0591453872621,
        "var": 0.00300991837867
    },
    "barkbands_kurtosis": {
        "dmean": 6.67193841934,
        "dmean2": 9.7008972168,
        "dvar": 114.161743164,
        "dvar2": 217.10043335,
        "max": 160.993148804,
        "mean": 10.3303699493,
        "median": 3.9776892662,
        "min": -1.82252824306,
        "var": 277.966247559
    },
    "barkbands_skewness": {
        "dmean": 0.830148994923,
        "dmean2": 1.16427850723,
        "dvar": 0.761957526207,
        "dvar2": 1.38083255291,
        "max": 11.2481861115,
        "mean": 2.20288109779,
        "median": 1.70220267773,
        "min": -0.582134127617,
        "var": 3.15693306923
    },
    "barkbands_spread": {
        "dmean": 5.80007886887,
        "dmean2": 9.05682468414,
        "dvar": 58.113861084,
        "dvar2": 141.752319336,
        "max": 96.4264450073,
        "mean": 14.9329156876,
        "median": 13.1780109406,
        "min": 0.917456388474,
        "var": 92.3030471802
    },
    "dissonance": {
        "dmean": 0.0314896218479,
        "dmean2": 0.0510205216706,
        "dvar": 0.000704311474692,
        "dvar2": 0.00175469263922,
        "max": 0.499314188957,
        "mean": 0.433639109135,
        "median": 0.441302865744,
        "min": 0.263647586107,
        "var": 0.00165312527679
    },
    "dynamic_complexity": 2.68525242805,
    "erbbands_crest": {
        "dmean": 3.33653879166,
        "dmean2": 5.3210401535,
        "dvar": 8.0219669342,
        "dvar2": 19.5970897675,
        "max": 29.3673439026,
        "mean": 11.241604805,
        "median": 10.6603097916,
        "min": 3.00548100471,
        "var": 19.8430099487
    },
    "erbbands_flatness_db": {
        "dmean": 0.0257007200271,
        "dmean2": 0.0344965271652,
        "dvar": 0.000470337108709,
        "dvar2": 0.000889368355274,
        "max": 0.277724206448,
        "mean": 0.163569003344,
        "median": 0.164823874831,
        "min": 0.0529344938695,
        "var": 0.00181311706547
    },
    "erbbands_kurtosis": {
        "dmean": 1.66247200966,
        "dmean2": 2.60828638077,
        "dvar": 3.93032312393,
        "dvar2": 9.68602466583,
        "max": 24.1385192871,
        "mean": 1.93021047115,
        "median": 1.3337635994,
        "min": -1.74219346046,
        "var": 7.61201238632
    },
    "erbbands_skewness": {
        "dmean": 0.487877726555,
        "dmean2": 0.763392865658,
        "dvar": 0.20177860558,
        "dvar2": 0.480285465717,
        "max": 3.75537586212,
        "mean": 0.647323310375,
        "median": 0.606661081314,
        "min": -2.11228680611,
        "var": 0.558078587055
    },
    "erbbands_spread": {
        "dmean": 9.98773288727,
        "dmean2": 14.5930995941,
        "dvar": 127.423667908,
        "dvar2": 283.545135498,
        "max": 152.543441772,
        "mean": 31.3217811584,
        "median": 25.8338508606,
        "min": 5.3422665596,
        "var": 381.449401855
    },
    "hfc": {
        "dmean": 9.20906352997,
        "dmean2": 13.1744194031,
        "dvar": 159.719360352,
        "dvar2": 358.614837646,
        "max": 138.956970215,
        "mean": 20.1365127563,
        "median": 15.741774559,
        "min": 0.184826776385,
        "var": 299.790740967
    },
    "melbands_crest": {
        "dmean": 3.98438549042,
        "dmean2": 5.64445924759,
        "dvar": 11.8198518753,
        "dvar2": 22.4709835052,
        "max": 33.6080970764,
        "mean": 16.8280315399,
        "median": 14.8754272461,
        "min": 4.54153347015,
        "var": 57.2072944641
    },
    "melbands_flatness_db": {
        "dmean": 0.0383284538984,
        "dmean2": 0.0547314696014,
        "dvar": 0.00124459213112,
        "dvar2": 0.00244045327418,
        "max": 0.540726602077,
        "mean": 0.268314898014,
        "median": 0.262728512287,
        "min": 0.0855138525367,
        "var": 0.00533949583769
    },
    "melbands_kurtosis": {
        "dmean": 13.825507164,
        "dmean2": 19.3252601624,
        "dvar": 649.833862305,
        "dvar2": 1281.34301758,
        "max": 370.517150879,
        "mean": 22.0704689026,
        "median": 7.39962768555,
        "min": -1.2925260067,
        "var": 1493.51672363
    },
    "melbands_skewness": {
        "dmean": 1.0730625391,
        "dmean2": 1.44912230968,
        "dvar": 1.41327059269,
        "dvar2": 2.58372783661,
        "max": 15.4200363159,
        "mean": 2.96650743484,
        "median": 2.24770236015,
        "min": -0.561056792736,
        "var": 6.00542116165
    },
    "melbands_spread": {
        "dmean": 5.37096261978,
        "dmean2": 8.39406681061,
        "dvar": 46.5715637207,
        "dvar2": 114.4220047,
        "max": 99.4229278564,
        "mean": 14.7175035477,
        "median": 13.4935436249,
        "min": 0.647497713566,
        "var": 98.3150787354
    },
    "pitch_salience": {
        "dmean": 0.0902820453048,
        "dmean2": 0.13913358748,
        "dvar": 0.00757533637807,
        "dvar2": 0.0159536376595,
        "max": 0.791200101376,
        "mean": 0.46532946825,
        "median": 0.489779859781,
        "min": 0.0966267958283,
        "var": 0.0219794046134
    },
    "silence_rate_20dB": {
        "dmean": 0.00154798757285,
        "dmean2": 0.00309837330133,
        "dvar": 0.00154558254872,
        "dvar2": 0.00308872782625,
        "max": 1,
        "mean": 0.998453199863,
        "median": 1,
        "min": 0,
        "var": 0.00154439173639
    },
    "silence_rate_30dB": {
        "dmean": 0.0944272428751,
        "dmean2": 0.188226178288,
        "dvar": 0.0855113714933,
        "dvar2": 0.157446071506,
        "max": 1,
        "mean": 0.798143863678,
        "median": 1,
        "min": 0,
        "var": 0.161109402776
    },
    "silence_rate_60dB": {
        "dmean": 0.00928792543709,
        "dmean2": 0.018590239808,
        "dvar": 0.00920165330172,
        "dvar2": 0.0228921938688,
        "max": 1,
        "mean": 0.0100541375577,
        "median": 0,
        "min": 0,
        "var": 0.00995305553079
    },
    "spectral_centroid": {
        "dmean": 234.393814087,
        "dmean2": 372.409973145,
        "dvar": 92321.5625,
        "dvar2": 231141.234375,
        "max": 3995.38891602,
        "mean": 889.192199707,
        "median": 827.226745605,
        "min": 150.197479248,
        "var": 152092.078125
    },
    "spectral_complexity": {
        "dmean": 3.77012372017,
        "dmean2": 5.73121595383,
        "dvar": 21.4293346405,
        "dvar2": 48.7123603821,
        "max": 44,
        "mean": 14.9265270233,
        "median": 14,
        "min": 1,
        "var": 43.1972579956
    },
    "spectral_decrease": {
        "dmean": 7.74226727174e-09,
        "dmean2": 1.08341078331e-08,
        "dvar": 1.74186515486e-16,
        "dvar2": 3.45825526444e-16,
        "max": -2.66896588164e-10,
        "mean": -1.59123025867e-08,
        "median": -6.85072576445e-09,
        "min": -1.03114409455e-07,
        "var": 4.1140649652e-16
    },
    "spectral_energy": {
        "dmean": 0.0298320110887,
        "dmean2": 0.0416666865349,
        "dvar": 0.0025408770889,
        "dvar2": 0.00504378322512,
        "max": 0.39398470521,
        "mean": 0.0618830770254,
        "median": 0.0275627057999,
        "min": 0.00104896980338,
        "var": 0.00601844349876
    },
    "spectral_energyband_high": {
        "dmean": 0.000446517078672,
        "dmean2": 0.00069354561856,
        "dvar": 7.54092184252e-07,
        "dvar2": 1.84584348517e-06,
        "max": 0.0103801069781,
        "mean": 0.000540945271496,
        "median": 0.000219240493607,
        "min": 7.83089944889e-07,
        "var": 7.88043223565e-07
    },
    "spectral_energyband_low": {
        "dmean": 0.0253063831478,
        "dmean2": 0.0349583365023,
        "dvar": 0.00227149482816,
        "dvar2": 0.00443387497216,
        "max": 0.370917677879,
        "mean": 0.0435264259577,
        "median": 0.00739159993827,
        "min": 8.77639686223e-05,
        "var": 0.00516878766939
    },
    "spectral_energyband_middle_high": {
        "dmean": 0.00186611583922,
        "dmean2": 0.00278918235563,
        "dvar": 5.96330210101e-06,
        "dvar2": 1.28954252432e-05,
        "max": 0.0311456788331,
        "mean": 0.00498298928142,
        "median": 0.00367640331388,
        "min": 7.11356915417e-06,
        "var": 2.14425599552e-05
    },
    "spectral_energyband_middle_low": {
        "dmean": 0.0085110841319,
        "dmean2": 0.0140778254718,
        "dvar": 0.000215819323785,
        "dvar2": 0.000579578918405,
        "max": 0.115752905607,
        "mean": 0.0143451914191,
        "median": 0.0102478442714,
        "min": 7.56758527132e-05,
        "var": 0.000211275502807
    },
    "spectral_entropy": {
        "dmean": 0.263558626175,
        "dmean2": 0.380737185478,
        "dvar": 0.0680499151349,
        "dvar2": 0.137564077973,
        "max": 8.36826705933,
        "mean": 7.20884561539,
        "median": 7.22261667252,
        "min": 5.58169794083,
        "var": 0.191009715199
    },
    "spectral_flux": {
        "dmean": 0.0536959394813,
        "dmean2": 0.0801668092608,
        "dvar": 0.00533916056156,
        "dvar2": 0.00985619798303,
        "max": 0.563186407089,
        "mean": 0.116671472788,
        "median": 0.0879352465272,
        "min": 0.00839051231742,
        "var": 0.00917640887201
    },
    "spectral_kurtosis": {
        "dmean": 2.77231502533,
        "dmean2": 4.29082965851,
        "dvar": 9.12438106537,
        "dvar2": 23.0220012665,
        "max": 41.7268028259,
        "mean": 7.71324872971,
        "median": 6.69466686249,
        "min": -0.368678092957,
        "var": 21.9026374817
    },
    "spectral_rms": {
        "dmean": 0.00165491760708,
        "dmean2": 0.00221955706365,
        "dvar": 4.72781994176e-06,
        "dvar2": 8.35016635392e-06,
        "max": 0.019605493173,
        "mean": 0.00663497718051,
        "median": 0.00518559990451,
        "min": 0.0010116250487,
        "var": 1.63508539117e-05
    },
    "spectral_rolloff": {
        "dmean": 342.630645752,
        "dmean2": 576.442504883,
        "dvar": 505829.15625,
        "dvar2": 1290524.5,
        "max": 9323.87695312,
        "mean": 793.598999023,
        "median": 710.595703125,
        "min": 64.599609375,
        "var": 544648.9375
    },
    "spectral_skewness": {
        "dmean": 0.381798028946,
        "dmean2": 0.581923723221,
        "dvar": 0.1319116503,
        "dvar2": 0.308835506439,
        "max": 5.19695091248,
        "mean": 2.24019384384,
        "median": 2.21885848045,
        "min": 0.47355094552,
        "var": 0.425576537848
    },
    "spectral_spread": {
        "dmean": 1001956.75,
        "dmean2": 1458233.375,
        "dvar": 1.15104992461e+12,
        "dvar2": 2.51018582426e+12,
        "max": 18260986,
        "mean": 4747470.5,
        "median": 4466839.5,
        "min": 1587681.625,
        "var": 2.76704264192e+12
    },
    "spectral_strongpeak": {
        "dmean": 0.50751298666,
        "dmean2": 0.803660154343,
        "dvar": 0.478085488081,
        "dvar2": 1.10806679726,
        "max": 6.89230728149,
        "mean": 0.970843017101,
        "median": 0.679082095623,
        "min": 0,
        "var": 0.979634463787
    },
    "zerocrossingrate": {
        "dmean": 0.010374086909,
        "dmean2": 0.0125111192465,
        "dvar": 0.000125599020976,
        "dvar2": 0.00018197557074,
        "max": 0.18212890625,
        "mean": 0.0407712943852,
        "median": 0.03759765625,
        "min": 0.00244140625,
        "var": 0.00051176577108
    },
    "barkbands": {
        "dmean": [0.000957954034675, 0.0224157292396, 0.00547249894589, 0.00263827480376, 0.00240404787473, 0.00160067202523, 0.000971823465079, 0.000926425564103, 0.00177368498407, 0.000930987298489, 0.000411432643887, 0.000499761314131, 0.000241385248955, 0.000223071299843, 0.000344068568666, 0.000247203191975, 0.000178954782314, 0.000124967627926, 0.000104999497125, 7.37130103516e-05, 7.42094343877e-05, 5.48699063074e-05, 4.02098921768e-05, 4.79852933495e-05, 0.000151720872964, 0.00010781607125, 5.63882700533e-08],
        "dmean2": [0.00118756492157, 0.03042608127, 0.0100784981623, 0.00494011584669, 0.00400574225932, 0.00253051985055, 0.0016186957946, 0.00142576033249, 0.0027648457326, 0.00130000757053, 0.000634709896985, 0.000821690773591, 0.000388056243537, 0.000343809253536, 0.000537805666681, 0.000420718220994, 0.000291623029625, 0.000207501012483, 0.000177159658051, 0.000121088000014, 0.000119463751616, 8.73963872436e-05, 6.52980816085e-05, 7.67036981415e-05, 0.000249521108344, 0.000174572851392, 9.58633634696e-08],
        "dvar": [2.70979990091e-06, 0.00189228728414, 0.000228754273849, 5.65265763726e-05, 1.7667094653e-05, 6.50391575618e-06, 4.86838871439e-06, 5.26939948031e-06, 1.86329343705e-05, 4.12360668633e-06, 1.19297851597e-06, 1.21004882203e-06, 1.87015928077e-07, 2.13675733107e-07, 6.63588139105e-07, 5.49413812223e-07, 1.21749707205e-07, 7.78499327225e-08, 4.09607743279e-08, 1.97779730371e-08, 2.48576554895e-08, 2.18708215982e-08, 8.19876788682e-09, 8.1644726535e-09, 8.44619236773e-08, 8.17354361971e-08, 1.12317924059e-13],
        "dvar2": [4.46043941338e-06, 0.00357680651359, 0.000659769284539, 0.000163626405993, 4.50918269053e-05, 1.67868311109e-05, 1.29290701807e-05, 1.19205515148e-05, 4.41043594037e-05, 7.93038907432e-06, 2.28270027947e-06, 3.10301288664e-06, 4.68490298999e-07, 5.11799726155e-07, 1.6041277604e-06, 1.4614487327e-06, 2.8280410902e-07, 2.07191362733e-07, 1.07396751048e-07, 4.96000041039e-08, 5.69729401434e-08, 5.59197737005e-08, 2.13049808906e-08, 2.04268530979e-08, 2.14846593849e-07, 2.06901660249e-07, 2.26375504713e-13],
        "max": [0.0183822028339, 0.363801270723, 0.132037758827, 0.0500269792974, 0.0381058752537, 0.0272067952901, 0.033387798816, 0.0372900925577, 0.0666537955403, 0.0404269360006, 0.0170408785343, 0.0206602737308, 0.00682806177065, 0.00608007935807, 0.0140100615099, 0.0177170913666, 0.00773010449484, 0.00507542630658, 0.00197893893346, 0.00144841265865, 0.00181681732647, 0.00178880651947, 0.00131695228629, 0.000728448096197, 0.0029355448205, 0.00369281042367, 7.73916690378e-06],
        "mean": [0.00148880120832, 0.0365727171302, 0.00437363795936, 0.00214517908171, 0.00311111286283, 0.00249983533286, 0.00161500321701, 0.00128235609736, 0.00281582935713, 0.00188982882537, 0.000669497181661, 0.000827064213809, 0.00043478194857, 0.000358603341738, 0.000443778379122, 0.000260541593889, 0.000249266420724, 0.000152647524374, 0.00011677423754, 8.02478170954e-05, 8.13176447991e-05, 5.68038885831e-05, 4.12035733461e-05, 5.09748497279e-05, 0.00017052788462, 9.478355787e-05, 4.04221225381e-08],
        "median": [0.000220855028601, 0.00451781880111, 0.00123348250054, 0.000720091105904, 0.00162725150585, 0.00148330512457, 0.000452651758678, 0.000528815842699, 0.000695110240486, 0.000587914779317, 0.000154786073836, 0.000322111824062, 0.000155526184244, 6.64163744659e-05, 0.000119574855489, 7.54007051e-05, 0.000110250883154, 5.24541355844e-05, 5.17580629094e-05, 2.79962132481e-05, 1.75895529537e-05, 1.61526022566e-05, 1.22495275718e-05, 1.42445087477e-05, 5.23396702192e-05, 1.32701816256e-05, 8.1631484905e-10],
        "min": [1.98654589667e-07, 1.62338492373e-05, 8.44002624945e-06, 4.9242953537e-06, 2.37792792177e-05, 7.99563792953e-07, 2.61056334239e-06, 8.73814315128e-07, 2.5913257673e-07, 1.15166209014e-07, 1.0769938541e-07, 1.30616896854e-07, 1.9278483876e-07, 1.70315772152e-07, 1.27240653569e-07, 2.02627656876e-08, 6.98901345686e-08, 2.76899285723e-08, 3.59823104645e-08, 6.02238046099e-08, 2.46602471776e-09, 2.67720121627e-08, 3.11592529556e-08, 1.30004645937e-10, 1.68907750009e-08, 6.70903832489e-10, 1.90728041e-11],
        "var": [7.34441573513e-06, 0.0041879452765, 0.000135200723889, 3.25457294821e-05, 1.80597889994e-05, 8.65041965881e-06, 9.86921713775e-06, 7.44879343983e-06, 3.33299540216e-05, 1.19693604574e-05, 2.72014176517e-06, 1.76837806976e-06, 4.33776648379e-07, 4.48797663921e-07, 8.81305425082e-07, 5.57067494356e-07, 2.3344941269e-07, 8.40057339246e-08, 3.67419659142e-08, 1.85627904159e-08, 3.22938475961e-08, 1.92582483294e-08, 7.14910042277e-09, 9.10294151169e-09, 8.89895801492e-08, 7.41103747259e-08, 8.91849596019e-14]
    },
    "erbbands": {
        "dmean": [0.845662713051, 4.89299297333, 6.86048603058, 7.84189081192, 7.66268062592, 8.61856269836, 11.7510957718, 13.9478883743, 14.3810472488, 14.3005981445, 22.859998703, 47.0343666077, 32.7727279663, 18.5675315857, 18.4526767731, 21.4922714233, 11.6554813385, 10.0244016647, 12.9901409149, 18.7351055145, 11.569527626, 9.66055679321, 7.3183555603, 5.78579998016, 4.57451486588, 3.44633674622, 3.38499760628, 2.48143815994, 2.019115448, 1.45691668987, 1.20831418037, 1.14148569107, 0.776758134365, 1.71292817593, 1.09568226337, 0.539154410362, 0.196951031685, 0.013767933473, 0.000277338200249, 4.3285828724e-05],
        "dmean2": [0.931183636189, 7.33984279633, 12.1616802216, 14.6985330582, 13.5153160095, 14.4069566727, 18.549446106, 22.6938686371, 23.5646972656, 23.4675979614, 35.1688957214, 72.3678665161, 46.4173088074, 25.9921455383, 28.4729595184, 35.243434906, 18.7489109039, 15.2617731094, 20.1944904327, 29.5112476349, 19.9331150055, 15.6600704193, 11.9183549881, 9.82252883911, 7.62675428391, 5.6719379425, 5.40655374527, 4.03272294998, 3.23741388321, 2.38118362427, 1.94896137714, 1.82810509205, 1.24629509449, 2.87353205681, 1.79433465004, 0.863447964191, 0.323178291321, 0.0229218006134, 0.000442871270934, 5.9130416048e-05],
        "dvar": [2.23106956482, 105.839881897, 332.507385254, 485.046875, 395.980499268, 205.269104004, 590.351989746, 550.412536621, 1032.51464844, 1369.15612793, 2137.20141602, 13515.6660156, 7008.96142578, 980.474060059, 1889.51489258, 2043.00927734, 399.934692383, 344.426605225, 685.65637207, 2297.59741211, 1156.56054688, 367.364715576, 281.028015137, 119.122886658, 81.7599563599, 42.4067115784, 44.9066886902, 31.102191925, 26.8819274902, 20.4620819092, 6.5508441925, 6.09138774872, 2.09906315804, 12.8403215408, 4.98027181625, 1.82986140251, 0.275182545185, 0.00162336661015, 5.60035687158e-07, 4.88067453119e-09],
        "dvar2": [2.84727907181, 244.108352661, 925.17010498, 1408.44128418, 1091.60266113, 542.096557617, 1349.29370117, 1513.09118652, 2732.18212891, 3227.98706055, 4974.19970703, 31481.9960938, 14139.5595703, 1940.6541748, 3865.01635742, 5540.63818359, 957.706542969, 814.381591797, 1644.60656738, 5478.32910156, 3289.62036133, 938.576599121, 733.296569824, 310.815826416, 212.055267334, 105.423820496, 106.813140869, 71.8455963135, 69.4072494507, 54.4365081787, 17.0370368958, 15.246260643, 5.25863838196, 32.9284210205, 12.5484352112, 4.50220680237, 0.703254044056, 0.00430210493505, 1.45009107655e-06, 9.81400116729e-09],
        "max": [11.3484258652, 83.697052002, 149.836761475, 162.833435059, 151.080108643, 155.25982666, 281.431396484, 311.34576416, 451.058166504, 567.755859375, 828.305480957, 1850.84069824, 1723.3795166, 527.729370117, 717.445739746, 810.293762207, 292.766357422, 241.962371826, 313.537475586, 838.50958252, 708.437805176, 299.387298584, 285.483734131, 91.5031585693, 78.3213043213, 60.319480896, 64.7132568359, 71.2987518311, 72.2732772827, 55.2314300537, 36.2410316467, 25.4278812408, 13.4307336807, 44.5933265686, 25.0326786041, 17.4407157898, 6.14906692505, 0.492722988129, 0.00904849357903, 0.000647160806693],
        "mean": [1.41109216213, 6.69679450989, 6.24587965012, 6.51117563248, 7.46531963348, 11.317653656, 16.7122631073, 21.5436267853, 25.8412456512, 19.1897602081, 33.9799385071, 76.3673553467, 59.3292427063, 42.9631576538, 32.0670967102, 38.2255020142, 22.9051551819, 18.0591564178, 20.9114246368, 23.8203029633, 13.1368513107, 13.0889158249, 9.43031692505, 6.74509143829, 5.07121324539, 3.88554763794, 3.65177798271, 2.75787067413, 2.10803675652, 1.43670630455, 1.21348893642, 1.15911197662, 0.849701881409, 1.87216567993, 1.19375789165, 0.498470544815, 0.169802725315, 0.0115412250161, 0.000263810739852, 8.26643081382e-05],
        "median": [0.135540321469, 0.96854954958, 1.6934697628, 2.41472434998, 2.67477297783, 5.61098384857, 8.74649429321, 11.6867856979, 8.11060905457, 6.29839658737, 17.1706295013, 20.162776947, 18.5744686127, 18.8045749664, 12.4618005753, 14.2470941544, 12.5084438324, 6.24108791351, 7.79912471771, 5.2180981636, 5.14810752869, 5.60394763947, 3.22796845436, 2.56271100044, 2.2376434803, 1.41930425167, 0.99940687418, 0.613687753677, 0.608109235764, 0.382397949696, 0.346198737621, 0.296768665314, 0.264874786139, 0.488663315773, 0.375771403313, 0.100572749972, 0.0192658044398, 0.000993592082523, 5.84544759477e-05, 3.8889109419e-05],
        "min": [0.000940222642384, 0.00243091327138, 0.0188758298755, 0.0500865764916, 0.0306270550936, 0.151840358973, 0.03347395733, 0.013938287273, 0.0399746783078, 0.0573486983776, 0.0263561159372, 0.011827936396, 0.0120330844074, 0.00984534341842, 0.00793782807887, 0.0159553140402, 0.0155813135207, 0.0263276845217, 0.0115631828085, 0.00408419175074, 0.0062826029025, 0.00430279457942, 0.00330690760165, 0.00210022646934, 0.00138223438989, 0.00266610668041, 0.00215265597217, 0.00247014616616, 0.00107396172825, 0.000707509345375, 0.000934902287554, 0.000288146024104, 0.000749013735913, 7.60992479627e-05, 0.000219973720959, 1.85327990039e-05, 1.36979770105e-06, 1.43668600572e-07, 6.70988185902e-07, 1.23760071347e-06],
        "var": [6.82787036896, 156.273086548, 226.449142456, 278.678253174, 271.191131592, 237.002120972, 711.956970215, 730.921569824, 2281.51171875, 1886.49243164, 2964.14453125, 25445.8652344, 16477.78125, 4461.94580078, 4239.77587891, 3259.33325195, 922.467102051, 764.549804688, 1247.9375, 3096.828125, 952.003295898, 592.345336914, 381.90536499, 123.446029663, 72.0733413696, 41.1465644836, 51.5951576233, 41.0947189331, 23.8583183289, 15.6496486664, 5.85182332993, 6.16074085236, 2.45530962944, 13.4220294952, 5.01926708221, 1.76568603516, 0.243567585945, 0.00133246253245, 4.94063669976e-07, 1.03368069659e-08]
    },
    "gfcc": {
        "mean": [0.209032312036, 110.067367554, -92.6268539429, 18.5656471252, -49.4214401245, 22.9913024902, -38.0811538696, 22.444524765, -25.2592906952, 11.2723789215, -15.9593667984, 4.25594806671, -4.72498559952],
        "cov": [[3747.02294922, -889.688110352, -125.900146484, -68.8578720093, 3.64399719238, 182.135986328, 161.532852173, 359.084594727, -111.859146118, 111.080604553, -125.716346741, 154.052932739, 13.2324142456], [-889.688110352, 916.814331055, -116.998260498, -159.530548096, 77.7873077393, -19.171836853, 132.085784912, -137.584640503, 115.703788757, -90.5479049683, 144.002655029, -78.5270309448, 108.91582489], [-125.900146484, -116.998260498, 746.437133789, 153.088012695, 84.2709579468, 45.6591873169, 6.56571769714, 30.4465122223, 17.0221672058, 84.893699646, -30.6603717804, 83.1106948853, -82.9047470093], [-68.8578720093, -159.530548096, 153.088012695, 643.98626709, 33.6706581116, -85.3732070923, -99.3820877075, -77.0429763794, 159.233123779, 7.60705900192, 72.7152099609, -133.049057007, -35.830871582], [3.64399719238, 77.7873077393, 84.2709579468, 33.6706581116, 213.890548706, 54.3913078308, 53.1687240601, 16.1181201935, 43.4410057068, 30.2552871704, 15.0849580765, 24.426153183, 7.08524751663], [182.135986328, -19.171836853, 45.6591873169, -85.3732070923, 54.3913078308, 239.979751587, 85.5948410034, 55.7946662903, -11.7565155029, 16.0555038452, 31.9579467773, 15.8506965637, 46.3866844177], [161.532852173, 132.085784912, 6.56571769714, -99.3820877075, 53.1687240601, 85.5948410034, 301.507507324, 28.4070301056, 7.90560388565, -3.00661969185, 14.7955684662, 92.0257110596, -11.1380939484], [359.084594727, -137.584640503, 30.4465122223, -77.0429763794, 16.1181201935, 55.7946662903, 28.4070301056, 181.945480347, -17.8401622772, 23.137752533, -29.0500946045, 17.3617706299, 25.5788116455], [-111.859146118, 115.703788757, 17.0221672058, 159.233123779, 43.4410057068, -11.7565155029, 7.90560388565, -17.8401622772, 202.501525879, 15.6296730042, 39.2725906372, -60.7232131958, 11.8375463486], [111.080604553, -90.5479049683, 84.893699646, 7.60705900192, 30.2552871704, 16.0555038452, -3.00661969185, 23.137752533, 15.6296730042, 111.922599792, -1.78478550911, 0.771438777447, -9.24354839325], [-125.716346741, 144.002655029, -30.6603717804, 72.7152099609, 15.0849580765, 31.9579467773, 14.7955684662, -29.0500946045, 39.2725906372, -1.78478550911, 160.057220459, -32.4648780823, 34.2353401184], [154.052932739, -78.5270309448, 83.1106948853, -133.049057007, 24.426153183, 15.8506965637, 92.0257110596, 17.3617706299, -60.7232131958, 0.771438777447, -32.4648780823, 200.066925049, -33.7146186829], [13.2324142456, 108.91582489, -82.9047470093, -35.830871582, 7.08524751663, 46.3866844177, -11.1380939484, 25.5788116455, 11.8375463486, -9.24354839325, 34.2353401184, -33.7146186829, 132.468002319]],
        "icov": [[0.000451088359114, 0.000496469496284, 0.000163228003657, 1.46326474351e-05, -8.36985564092e-05, -9.45397346186e-07, -0.000396822317271, -0.000417487404775, -4.74004664284e-05, -9.09095033421e-05, -3.41643681168e-05, -5.19006462127e-05, -0.000301576481434], [0.000496469496284, 0.00540120340884, -0.00126161985099, 0.00380368623883, -0.00239202519879, 0.0030303390231, -0.003165806178, 0.00349178863689, -0.00279581104405, 0.00398344546556, -0.0035790130496, 0.00393314287066, -0.00367105379701], [0.000163228003657, -0.00126161985099, 0.00242168083787, -0.00184646295384, 0.000334031123202, -0.00158564478625, 0.00100141391158, -0.0015938495053, 0.000831017154269, -0.002331151627, 0.00139039126225, -0.00230488087982, 0.00178362801671], [1.46326474351e-05, 0.00380368623883, -0.00184646295384, 0.00571219017729, -0.00217197649181, 0.0030983616598, -0.00171377800871, 0.00348699395545, -0.00357264187187, 0.00370807223953, -0.00375387119129, 0.00453796843067, -0.00182247930206], [-8.36985564092e-05, -0.00239202519879, 0.000334031123202, -0.00217197649181, 0.00685154879466, -0.0024261190556, 0.000793816812802, -0.00183870841283, 0.000200927170226, -0.00294868508354, 0.00168105773628, -0.00277051678859, 0.00113824382424], [-9.45397346186e-07, 0.0030303390231, -0.00158564478625, 0.0030983616598, -0.0024261190556, 0.00793609209359, -0.00317958160304, 0.00140890176408, -0.00108141521923, 0.00234234845266, -0.00345083046705, 0.0033755179029, -0.00382336950861], [-0.000396822317271, -0.003165806178, 0.00100141391158, -0.00171377800871, 0.000793816812802, -0.00317958160304, 0.00663574691862, -0.00221264827996, 0.000432615634054, -0.0016729059862, 0.00135908694938, -0.00428976630792, 0.00326346093789], [-0.000417487404775, 0.00349178863689, -0.0015938495053, 0.00348699395545, -0.00183870841283, 0.00140890176408, -0.00221264827996, 0.010306567885, -0.00202379282564, 0.00223138858564, -0.00134374620393, 0.00341066578403, -0.00390288769267], [-4.74004664284e-05, -0.00279581104405, 0.000831017154269, -0.00357264187187, 0.000200927170226, -0.00108141521923, 0.000432615634054, -0.00202379282564, 0.00862726010382, -0.0031569765415, 0.00152595876716, -0.000681684876326, 0.00109318725299], [-9.09095033421e-05, 0.00398344546556, -0.002331151627, 0.00370807223953, -0.00294868508354, 0.00234234845266, -0.0016729059862, 0.00223138858564, -0.0031569765415, 0.0139275062829, -0.00328867952339, 0.0039618765004, -0.00184388377238], [-3.41643681168e-05, -0.0035790130496, 0.00139039126225, -0.00375387119129, 0.00168105773628, -0.00345083046705, 0.00135908694938, -0.00134374620393, 0.00152595876716, -0.00328867952339, 0.0105152558535, -0.00261918595061, 0.00054306583479], [-5.19006462127e-05, 0.00393314287066, -0.00230488087982, 0.00453796843067, -0.00277051678859, 0.0033755179029, -0.00428976630792, 0.00341066578403, -0.000681684876326, 0.0039618765004, -0.00261918595061, 0.0113914227113, -0.0015832753852], [-0.000301576481434, -0.00367105379701, 0.00178362801671, -0.00182247930206, 0.00113824382424, -0.00382336950861, 0.00326346093789, -0.00390288769267, 0.00109318725299, -0.00184388377238, 0.00054306583479, -0.0015832753852, 0.0127571113408]]
    },
    "melbands": {
        "dmean": [0.00665608420968, 0.00437215110287, 0.00138230191078, 0.000534599239472, 0.000404567021178, 0.000305735273287, 0.000216129235923, 0.000160516399774, 0.000200146838324, 0.000295500300126, 0.000159352857736, 7.60489201639e-05, 6.22954539722e-05, 5.93609329371e-05, 3.45918342646e-05, 2.44845632551e-05, 2.01801503863e-05, 2.15312174987e-05, 2.42037840508e-05, 2.27152286243e-05, 1.27546200019e-05, 1.09470720417e-05, 8.01260375738e-06, 5.80793630434e-06, 4.83168832943e-06, 3.78080062546e-06, 2.73891146207e-06, 2.26207089327e-06, 2.25090320782e-06, 1.92970355783e-06, 1.27956218421e-06, 1.15782620469e-06, 1.13836063065e-06, 7.02111776718e-07, 6.58533679143e-07, 8.58143550886e-07, 6.29547912467e-07, 5.09098981638e-07, 6.71081068049e-07, 1.87705654753e-06],
        "dmean2": [0.00825815368444, 0.00711620273069, 0.00257216277532, 0.000908846850507, 0.000649948429782, 0.000492548570037, 0.000355765543645, 0.000258491607383, 0.000309445604216, 0.000455020111986, 0.000225917043281, 0.000107443927845, 9.61654732237e-05, 9.71687259153e-05, 5.6444103393e-05, 3.93812915718e-05, 3.09109964292e-05, 3.38612371706e-05, 3.79974080715e-05, 3.69908157154e-05, 2.2322688892e-05, 1.79529579327e-05, 1.28709461933e-05, 9.64930131886e-06, 8.23877326184e-06, 6.31607963442e-06, 4.54180644738e-06, 3.71100918528e-06, 3.67203756468e-06, 3.11828762278e-06, 2.09963491216e-06, 1.8683477947e-06, 1.83809027021e-06, 1.16959984098e-06, 1.09583641006e-06, 1.37646316034e-06, 1.02048977624e-06, 8.20847048999e-07, 1.15151601676e-06, 3.14594535666e-06],
        "dvar": [0.000151731874212, 0.000103052996565, 1.53113905981e-05, 1.04487662611e-06, 5.56891677661e-07, 2.49522997819e-07, 2.3154402129e-07, 1.82048324859e-07, 1.47216567825e-07, 5.68643258703e-07, 1.68938456113e-07, 1.85419910537e-08, 2.60445069955e-08, 1.98676879393e-08, 3.05204883588e-09, 2.41669306789e-09, 1.67599389922e-09, 1.92773974561e-09, 3.9549115094e-09, 3.19880832933e-09, 1.42463385533e-09, 4.8471654468e-10, 4.15357581662e-10, 1.43343822923e-10, 8.48318221225e-11, 5.44973198513e-11, 3.34719058026e-11, 1.69964251007e-11, 1.99052215683e-11, 1.94930651481e-11, 8.66042047104e-12, 8.52385696748e-12, 1.08801049767e-11, 4.94448319094e-12, 2.30834969195e-12, 3.63172794789e-12, 1.74377439571e-12, 1.0164288031e-12, 2.34341886174e-12, 1.59617232626e-11],
        "dvar2": [0.000240823952481, 0.000265614886303, 4.41577394668e-05, 2.78585957858e-06, 1.27908106151e-06, 6.79050913277e-07, 6.13671943483e-07, 4.16413058701e-07, 3.43160309058e-07, 1.34502136007e-06, 3.39648835279e-07, 3.6453577934e-08, 5.14065447987e-08, 5.15420985892e-08, 8.13825717927e-09, 6.13722805909e-09, 3.98550525915e-09, 4.51447412786e-09, 9.44296996153e-09, 7.90596388356e-09, 4.13118517173e-09, 1.29819266448e-09, 9.12046271839e-10, 3.74946185211e-10, 2.24115684344e-10, 1.42467107556e-10, 8.65499755198e-11, 4.21123032279e-11, 4.87984791464e-11, 4.55337920147e-11, 2.0468642406e-11, 2.23053207848e-11, 2.84178323234e-11, 1.33406046626e-11, 6.13570045466e-12, 8.89852514591e-12, 4.43708177839e-12, 2.51361496721e-12, 6.2385396328e-12, 4.01156642627e-11],
        "max": [0.102016016841, 0.0761068463326, 0.0275784786791, 0.00893178395927, 0.00850188173354, 0.006073188968, 0.00725083472207, 0.00721758650616, 0.00595522206277, 0.0127975456417, 0.00839676894248, 0.00227578100748, 0.00262472801842, 0.00302057270892, 0.000572355871554, 0.0009324925486, 0.000534993305337, 0.000556928105652, 0.0011866701534, 0.00125967187341, 0.000721494376194, 0.000311263371259, 0.000541873101611, 0.000189025624422, 8.00182897365e-05, 7.40826289984e-05, 6.48531276966e-05, 3.21845291182e-05, 3.90985042031e-05, 6.1140213802e-05, 3.46482520399e-05, 4.07142761105e-05, 4.2743213271e-05, 2.98782688333e-05, 2.42444657488e-05, 1.68991409737e-05, 1.35844620672e-05, 1.05664494185e-05, 1.2765768588e-05, 5.72286298848e-05],
        "mean": [0.0112187452614, 0.00519078504294, 0.0011712545529, 0.000638860743493, 0.000590536394157, 0.000473646534374, 0.000383942271583, 0.000210368467378, 0.000293333112495, 0.000478062342154, 0.000284163339529, 0.000174578977749, 0.000102675243397, 9.3213369837e-05, 6.87919819029e-05, 4.48105311079e-05, 3.34763535648e-05, 3.43456522387e-05, 3.06548026856e-05, 2.66043098236e-05, 1.38139421324e-05, 1.46154216054e-05, 1.01546102087e-05, 6.99767315382e-06, 5.34891569259e-06, 4.04434877055e-06, 2.93053926725e-06, 2.48642368206e-06, 2.33865011978e-06, 2.08613596442e-06, 1.37716767767e-06, 1.18025502616e-06, 1.10551252419e-06, 6.65389734422e-07, 6.35789774606e-07, 8.40363838961e-07, 6.34035870917e-07, 5.47575893961e-07, 6.13338841049e-07, 2.05923697649e-06],
        "median": [0.00126240681857, 0.00116380292457, 0.000434995192336, 0.000299382780213, 0.000333708827384, 0.000255519233178, 0.000115918912343, 7.45180659578e-05, 0.000136370435939, 0.000110755339847, 7.81983762863e-05, 6.47038468742e-05, 2.75184575003e-05, 4.18989257014e-05, 3.59792211384e-05, 1.45895883179e-05, 8.39377935336e-06, 1.08796766654e-05, 7.4502759162e-06, 6.57781492919e-06, 5.5646059991e-06, 6.11807809037e-06, 3.17663284477e-06, 2.36161508838e-06, 1.93512164515e-06, 1.65506776284e-06, 1.12119062123e-06, 9.07363869374e-07, 6.57285454508e-07, 4.44159780955e-07, 2.99849546082e-07, 3.13526214768e-07, 2.93969634413e-07, 1.65985440503e-07, 1.80764232027e-07, 1.74161968403e-07, 1.59233621844e-07, 1.40857281394e-07, 1.03456827105e-07, 4.4345657102e-07],
        "min": [6.81193432683e-06, 9.53440758167e-06, 1.11061299322e-05, 5.75668673264e-06, 1.92209358829e-06, 2.16251407892e-07, 5.95030201112e-07, 5.55097813049e-07, 1.87428113918e-07, 4.41785132921e-08, 4.66322482851e-08, 3.89883929586e-08, 1.49370880109e-08, 1.62790509961e-08, 1.92334184135e-08, 1.49450372078e-08, 3.5762816708e-08, 1.49475098965e-08, 6.23768547925e-09, 3.23718191142e-10, 5.56034152055e-09, 4.0046619354e-09, 7.82558073897e-10, 1.54973200939e-09, 9.1701479743e-10, 1.25923982353e-09, 8.37903468831e-10, 1.4237306889e-09, 1.13639087029e-09, 3.02105285233e-11, 9.69128222117e-10, 4.03281352757e-10, 3.89649867927e-10, 1.84254295849e-11, 1.44968620441e-10, 3.93744134519e-11, 2.00934408001e-12, 1.04931016133e-12, 5.30728542711e-12, 1.70256929215e-12],
