{
"highlevel": {
    "danceability": {
        "all": {
            "danceable": 0.997034192085,
            "not_danceable": 0.00296581746079
        },
        "probability": 0.997034192085,
        "value": "danceable"
    },
    "gender": {
        "all": {
            "female": 0.705661416054,
            "male": 0.294338583946
        },
        "probability": 0.705661416054,
        "value": "female"
    },
    "genre_dortmund": {
        "all": {
            "alternative": 0.0367391780019,
            "blues": 0.0046023381874,
            "electronic": 0.103449933231,
            "folkcountry": 0.0297715496272,
            "funksoulrnb": 0.0286491010338,
            "jazz": 0.0546678565443,
            "pop": 0.0677125826478,
            "raphiphop": 0.616675615311,
            "rock": 0.0577318631113
        },
        "probability": 0.616675615311,
        "value": "raphiphop"
    },
    "genre_electronic": {
        "all": {
            "ambient": 0.0926676318049,
            "dnb": 0.0314873643219,
            "house": 0.101958885789,
            "techno": 0.00990163721144,
            "trance": 0.763984501362
        },
        "probability": 0.763984501362,
        "value": "trance"
    },
    "genre_rosamerica": {
        "all": {
            "cla": 0.0012376953382,
            "dan": 0.69813734293,
            "hip": 0.124558024108,
            "jaz": 0.00231859763153,
            "pop": 0.132895991206,
            "rhy": 0.0305557213724,
            "roc": 0.00872798077762,
            "spe": 0.00156866048928
        },
        "probability": 0.69813734293,
        "value": "dan"
    },
    "genre_tzanetakis": {
        "all": {
            "blu": 0.0620671063662,
            "cla": 0.034474901855,
            "cou": 0.103433981538,
            "dis": 0.0620971247554,
            "hip": 0.15527240932,
            "jaz": 0.310666948557,
            "met": 0.044346679002,
            "pop": 0.0620793737471,
            "reg": 0.0620816536248,
            "roc": 0.103479810059
        },
        "probability": 0.310666948557,
        "value": "jaz"
    },
    "ismir04_rhythm": {
        "all": {
            "ChaChaCha": 0.37731269002,
            "Jive": 0.0411515831947,
            "Quickstep": 0.0135175473988,
            "Rumba-American": 0.00676047569141,
            "Rumba-International": 0.0813302248716,
            "Rumba-Misc": 0.00892591010779,
            "Samba": 0.430500149727,
            "Tango": 0.00261861807667,
            "VienneseWaltz": 0.0350708626211,
            "Waltz": 0.00281195202842
        },
        "probability": 0.430500149727,
        "value": "Samba"
    },
    "mood_acoustic": {
        "all": {
            "acoustic": 0.0393341183662,
            "not_acoustic": 0.960665881634
        },
        "probability": 0.960665881634,
        "value": "not_acoustic"
    },
    "mood_aggressive": {
        "all": {
            "aggressive": 0.038636919111,
            "not_aggressive": 0.961363077164
        },
        "probability": 0.961363077164,
        "value": "not_aggressive"
    },
    "mood_electronic": {
        "all": {
            "electronic": 0.821476995945,
            "not_electronic": 0.178523018956
        },
        "probability": 0.821476995945,
        "value": "electronic"
    },
    "mood_happy": {
        "all": {
            "happy": 0.89203453064,
            "not_happy": 0.107965439558
        },
        "probability": 0.89203453064,
        "value": "happy"
    },
    "mood_party": {
        "all": {
            "not_party": 0.194026619196,
            "party": 0.805973351002
        },
        "probability": 0.805973351002,
        "value": "party"
    },
    "mood_relaxed": {
        "all": {
            "not_relaxed": 0.898754835129,
            "relaxed": 0.101245142519
        },
        "probability": 0.898754835129,
        "value": "not_relaxed"
    },
    "mood_sad": {
        "all": {
            "not_sad": 0.493691384792,
            "sad": 0.506308615208
        },
        "probability": 0.506308615208,
        "value": "sad"
    },
    "moods_mirex": {
        "all": {
            "Cluster1": 0.275480985641,
            "Cluster2": 0.233696892858,
            "Cluster3": 0.0400271043181,
            "Cluster4": 0.132589057088,
            "Cluster5": 0.318205982447
        },
        "probability": 0.318205982447,
        "value": "Cluster5"
    },
    "timbre": {
        "all": {
            "bright": 0.966390192509,
            "dark": 0.0336097963154
        },
        "probability": 0.966390192509,
        "value": "bright"
    },
    "tonal_atonal": {
        "all": {
            "atonal": 0.117737144232,
            "tonal": 0.882262825966
        },
        "probability": 0.882262825966,
        "value": "tonal"
    },
    "voice_instrumental": {
        "all": {
            "instrumental": 0.00109913293272,
            "voice": 0.99890089035
        },
        "probability": 0.99890089035,
        "value": "voice"
    }
},
"lowlevel": {
    "average_loudness": 0.964459836483,
    "barkbands_crest": {
        "dmean": 3.23272871971,
        "dmean2": 4.79743623734,
        "dvar": 9.42202186584,
        "dvar2": 18.0927619934,
        "max": 26.3263397217,
        "mean": 11.6059627533,
        "median": 10.4279251099,
        "min": 2.38339352608,
        "var": 34.0161552429
    },
    "barkbands_flatness_db": {
        "dmean": 0.0297990236431,
        "dmean2": 0.0406123585999,
        "dvar": 0.000776573258918,
        "dvar2": 0.00140888616443,
        "max": 0.396593362093,
        "mean": 0.145544722676,
        "median": 0.131802946329,
        "min": 0.045279648155,
        "var": 0.00334821734577
    },
    "barkbands_kurtosis": {
        "dmean": 7.64893341064,
        "dmean2": 10.8784074783,
        "dvar": 691.439941406,
        "dvar2": 1276.40808105,
        "max": 475.050292969,
        "mean": 8.84794998169,
        "median": 1.41869926453,
        "min": -1.94551968575,
        "var": 1170.1763916
    },
    "barkbands_skewness": {
        "dmean": 0.907755076885,
        "dmean2": 1.22450661659,
        "dvar": 1.60892701149,
        "dvar2": 2.8454477787,
        "max": 19.7445011139,
        "mean": 1.8123459816,
        "median": 1.37163424492,
        "min": -3.58678364754,
        "var": 5.07488965988
    },
    "barkbands_spread": {
        "dmean": 9.98335838318,
        "dmean2": 14.3112897873,
        "dvar": 127.921478271,
        "dvar2": 243.479522705,
        "max": 114.039276123,
        "mean": 28.7971534729,
        "median": 25.1962661743,
        "min": 0.582594573498,
        "var": 357.245483398
    },
    "dissonance": {
        "dmean": 0.0200903769583,
        "dmean2": 0.0323369391263,
        "dvar": 0.000353331182851,
        "dvar2": 0.000933572009671,
        "max": 0.499097138643,
        "mean": 0.460563510656,
        "median": 0.46698436141,
        "min": 0.273041129112,
        "var": 0.000848985393532
    },
    "dynamic_complexity": 2.04343056679,
    "erbbands_crest": {
        "dmean": 2.71028113365,
        "dmean2": 4.38147640228,
        "dvar": 7.05389022827,
        "dvar2": 16.6497936249,
        "max": 29.456905365,
        "mean": 7.66769218445,
        "median": 6.46715641022,
        "min": 2.50237369537,
        "var": 15.6538724899
    },
    "erbbands_flatness_db": {
        "dmean": 0.0194152034819,
        "dmean2": 0.0280503612012,
        "dvar": 0.000304808636429,
        "dvar2": 0.000649994530249,
        "max": 0.294400513172,
        "mean": 0.138077616692,
        "median": 0.133357912302,
        "min": 0.0619257465005,
        "var": 0.00140207458753
    },
    "erbbands_kurtosis": {
        "dmean": 1.19453299046,
        "dmean2": 1.76970088482,
        "dvar": 4.54750156403,
        "dvar2": 8.34502410889,
        "max": 46.8213920593,
        "mean": 0.540385186672,
        "median": -0.361538410187,
        "min": -1.62681341171,
        "var": 9.84209918976
    },
    "erbbands_skewness": {
        "dmean": 0.445549845695,
        "dmean2": 0.6357883811,
        "dvar": 0.212183713913,
        "dvar2": 0.406164944172,
        "max": 3.83182144165,
        "mean": 0.219497621059,
        "median": 0.273224473,
        "min": -5.57105827332,
        "var": 0.74542427063
    },
    "erbbands_spread": {
        "dmean": 12.3409605026,
        "dmean2": 18.6149253845,
        "dvar": 164.046081543,
        "dvar2": 378.551208496,
        "max": 153.942398071,
        "mean": 49.2002487183,
        "median": 46.4968757629,
        "min": 4.88434362411,
        "var": 478.776062012
    },
    "hfc": {
        "dmean": 19.9524841309,
        "dmean2": 27.7737312317,
        "dvar": 774.323120117,
        "dvar2": 1600.15490723,
        "max": 242.306121826,
        "mean": 33.8233757019,
        "median": 21.391576767,
        "min": 0.636574029922,
        "var": 1349.51574707
    },
    "melbands_crest": {
        "dmean": 4.20766544342,
        "dmean2": 6.38733959198,
        "dvar": 15.2231245041,
        "dvar2": 31.4791851044,
        "max": 34.9494895935,
        "mean": 16.5671100616,
        "median": 15.7577676773,
        "min": 3.06769800186,
        "var": 55.7987976074
    },
    "melbands_flatness_db": {
        "dmean": 0.037456959486,
        "dmean2": 0.0488047152758,
        "dvar": 0.00126219622325,
        "dvar2": 0.00226285611279,
        "max": 0.489406436682,
        "mean": 0.176793649793,
        "median": 0.166320100427,
        "min": 0.0162484273314,
        "var": 0.00721884565428
    },
    "melbands_kurtosis": {
        "dmean": 19.9576740265,
        "dmean2": 28.3199138641,
        "dvar": 3733.22290039,
        "dvar2": 7835.23388672,
        "max": 1122.52026367,
        "mean": 29.7606945038,
        "median": 8.82531166077,
        "min": -1.77541768551,
        "var": 7303.19726562
    },
    "melbands_skewness": {
        "dmean": 1.1862552166,
        "dmean2": 1.67580890656,
        "dvar": 2.89534115791,
        "dvar2": 5.41803455353,
        "max": 25.961648941,
        "mean": 3.39909386635,
        "median": 2.59222102165,
        "min": -1.50614976883,
        "var": 9.94539356232
    },
    "melbands_spread": {
        "dmean": 13.600728035,
        "dmean2": 20.6411800385,
        "dvar": 390.276641846,
        "dvar2": 861.122070312,
        "max": 210.799026489,
        "mean": 31.3317985535,
        "median": 23.5442523956,
        "min": 0.360904157162,
        "var": 862.799804688
    },
    "pitch_salience": {
        "dmean": 0.0893594101071,
        "dmean2": 0.132388740778,
        "dvar": 0.00681262183934,
        "dvar2": 0.0135206002742,
        "max": 0.83308660984,
        "mean": 0.508855223656,
        "median": 0.530523478985,
        "min": 0.0253271590918,
        "var": 0.0291972123086
    },
    "silence_rate_20dB": {
        "dmean": 0,
        "dmean2": 0,
        "dvar": 0,
        "dvar2": 0,
        "max": 1,
        "mean": 1,
        "median": 1,
        "min": 1,
        "var": 0
    },
    "silence_rate_30dB": {
        "dmean": 0.0479876175523,
        "dmean2": 0.0960495769978,
        "dvar": 0.0456854701042,
        "dvar2": 0.0992162153125,
        "max": 1,
        "mean": 0.938901782036,
        "median": 1,
        "min": 0,
        "var": 0.0573660843074
    },
    "silence_rate_60dB": {
        "dmean": 0.0263157896698,
        "dmean2": 0.0526723451912,
        "dvar": 0.0256232395768,
        "dvar2": 0.060742739588,
        "max": 1,
        "mean": 0.0278422273695,
        "median": 0,
        "min": 0,
        "var": 0.0270667616278
    },
    "spectral_centroid": {
        "dmean": 418.960083008,
        "dmean2": 621.998962402,
        "dvar": 219965.109375,
        "dvar2": 426776.53125,
        "max": 6670.73828125,
        "mean": 1707.49597168,
        "median": 1529.70861816,
        "min": 445.912811279,
        "var": 642314.4375
    },
    "spectral_complexity": {
        "dmean": 7.09365320206,
        "dmean2": 9.91789340973,
        "dvar": 54.0042190552,
        "dvar2": 97.5261383057,
        "max": 56,
        "mean": 19.8337192535,
        "median": 18,
        "min": 0,
        "var": 123.00945282
    },
    "spectral_decrease": {
        "dmean": 3.30239391388e-09,
        "dmean2": 4.5066155252e-09,
        "dvar": 1.62424490249e-17,
        "dvar2": 2.67079629504e-17,
        "max": -1.2717586706e-10,
        "mean": -9.24833010174e-09,
        "median": -6.86336765199e-09,
        "min": -4.62033966642e-08,
        "var": 7.25590657233e-17
    },
    "spectral_energy": {
        "dmean": 0.0134539809078,
        "dmean2": 0.0184722896665,
        "dvar": 0.000241635061684,
        "dvar2": 0.000407018844271,
        "max": 0.175792053342,
        "mean": 0.0379732064903,
        "median": 0.0289396457374,
        "min": 0.00060061563272,
        "var": 0.00108066329267
    },
    "spectral_energyband_high": {
        "dmean": 0.0020293246489,
        "dmean2": 0.00288137211464,
        "dvar": 1.1441672541e-05,
        "dvar2": 2.39371456701e-05,
        "max": 0.0283990632743,
        "mean": 0.00266848411411,
        "median": 0.00102731399238,
        "min": 1.66076260939e-05,
        "var": 1.81049199455e-05
    },
    "spectral_energyband_low": {
        "dmean": 0.00827112793922,
        "dmean2": 0.0108739957213,
        "dvar": 0.000238640641328,
        "dvar2": 0.000375554198399,
        "max": 0.168990537524,
        "mean": 0.0198309980333,
        "median": 0.0100186765194,
        "min": 4.40316426875e-07,
        "var": 0.00092220318038
    },
    "spectral_energyband_middle_high": {
        "dmean": 0.00303109944798,
        "dmean2": 0.00452699419111,
        "dvar": 1.54977042257e-05,
        "dvar2": 3.35048280249e-05,
        "max": 0.0521982237697,
        "mean": 0.00535362120718,
        "median": 0.00360065419227,
        "min": 2.820976988e-05,
        "var": 3.0018558391e-05
    },
    "spectral_energyband_middle_low": {
        "dmean": 0.00593554368243,
        "dmean2": 0.00865173432976,
        "dvar": 7.11215980118e-05,
        "dvar2": 0.000154795357957,
        "max": 0.070586040616,
        "mean": 0.010519544594,
        "median": 0.00651421118528,
        "min": 2.08246328839e-05,
        "var": 0.000123733319924
    },
    "spectral_entropy": {
        "dmean": 0.195691898465,
        "dmean2": 0.27488130331,
        "dvar": 0.0317304469645,
        "dvar2": 0.0634897500277,
        "max": 8.8338432312,
        "mean": 7.88084888458,
        "median": 7.86764192581,
        "min": 6.48109483719,
        "var": 0.123814098537
    },
    "spectral_flux": {
        "dmean": 0.0353918261826,
        "dmean2": 0.0527644716203,
        "dvar": 0.00117244909052,
        "dvar2": 0.00268592406064,
        "max": 0.306285321712,
        "mean": 0.104111023247,
        "median": 0.0921176299453,
        "min": 0.0148705076426,
        "var": 0.0031647302676
    },
    "spectral_kurtosis": {
        "dmean": 0.94846111536,
        "dmean2": 1.49861085415,
        "dvar": 0.719266414642,
        "dvar2": 1.74642014503,
        "max": 10.4026708603,
        "mean": 2.13130521774,
        "median": 1.90250349045,
        "min": -1.08146286011,
        "var": 1.95778048038
    },
    "spectral_rms": {
        "dmean": 0.00109494803473,
        "dmean2": 0.00146213266999,
        "dvar": 1.1202666883e-06,
        "dvar2": 1.77920776423e-06,
        "max": 0.0130959702656,
        "mean": 0.00554777728394,
        "median": 0.0053135487251,
        "min": 0.000765484466683,
        "var": 6.26918154012e-06
    },
    "spectral_rolloff": {
        "dmean": 1107.56103516,
        "dmean2": 1717.26940918,
        "dvar": 2536197.25,
        "dvar2": 4878136,
        "max": 11197.265625,
        "mean": 2325.35546875,
        "median": 1399.65820312,
        "min": 64.599609375,
        "var": 6180408
    },
    "spectral_skewness": {
        "dmean": 0.206782460213,
        "dmean2": 0.30804720521,
        "dvar": 0.0337685830891,
        "dvar2": 0.072592228651,
        "max": 2.44020795822,
        "mean": 1.18855154514,
        "median": 1.18966400623,
        "min": -0.300853788853,
        "var": 0.118115097284
    },
    "spectral_spread": {
        "dmean": 759888.375,
        "dmean2": 1134202,
        "dvar": 667311144960,
        "dvar2": 1.42259663667e+12,
        "max": 12493802,
        "mean": 5675761,
        "median": 5434197.5,
        "min": 2801789.25,
        "var": 1.8360509399e+12
    },
    "spectral_strongpeak": {
        "dmean": 0.49359357357,
        "dmean2": 0.80691576004,
        "dvar": 0.735811293125,
        "dvar2": 1.86580979824,
        "max": 8.18371295929,
        "mean": 0.84175401926,
        "median": 0.546190857887,
        "min": 0,
        "var": 0.961571156979
    },
    "zerocrossingrate": {
        "dmean": 0.021034264937,
        "dmean2": 0.0218138042837,
        "dvar": 0.000499034009408,
        "dvar2": 0.000483378855279,
        "max": 0.361328125,
        "mean": 0.0851924270391,
        "median": 0.07080078125,
        "min": 0.001953125,
        "var": 0.00347559899092
    },
    "barkbands": {
        "dmean": [0.000628908164799, 0.00786436162889, 0.0020911169704, 0.00102020928171, 0.00248931790702, 0.00112586386967, 0.00113627384417, 0.000957799027674, 0.00100984016899, 0.000630297930911, 0.000809214136098, 0.000439626979642, 0.000612248142716, 0.000371492293198, 0.000257859530393, 0.000318778358633, 0.000266772083705, 0.000240412366111, 0.000255110237049, 0.000351833819877, 0.000368234410416, 0.000349314184859, 0.000468823622214, 0.000554278027266, 0.000213118051761, 0.000101481971797, 1.40575764362e-07],
        "dmean2": [0.000965589541011, 0.00976140424609, 0.00297799729742, 0.00186414353084, 0.00375866540708, 0.00180951226503, 0.00184156908654, 0.00149840384256, 0.00143692456186, 0.000965784245636, 0.00125809398014, 0.000702110177372, 0.000965544546489, 0.000607546709944, 0.000417939969338, 0.000523677386809, 0.000422175391577, 0.000371457485016, 0.000402521109208, 0.000547643692698, 0.000570149102714, 0.000539142405614, 0.000689827487804, 0.000806640717201, 0.000318634003634, 0.000154961337103, 2.48949646675e-07],
        "dvar": [1.39045403103e-06, 0.000254510057857, 3.4754317312e-05, 9.83048812486e-06, 2.6265046472e-05, 6.16822808297e-06, 5.26904523213e-06, 4.86497447127e-06, 3.02680882669e-06, 4.03037302021e-06, 4.95390895594e-06, 8.19565741494e-07, 1.85430144484e-06, 6.95699100106e-07, 1.73263487113e-07, 3.19463055121e-07, 1.70920799292e-07, 1.38823267548e-07, 2.57396919778e-07, 4.36754703514e-07, 4.86761905449e-07, 5.17391129051e-07, 7.49950402223e-07, 9.73485498434e-07, 1.85732957902e-07, 3.85120095814e-08, 3.42961715884e-13],
        "dvar2": [3.43288456861e-06, 0.000357766955858, 7.65490694903e-05, 2.83515946649e-05, 5.59647232876e-05, 1.3248306459e-05, 1.23925447042e-05, 1.02890153357e-05, 6.2107260419e-06, 8.31324177852e-06, 1.2416017853e-05, 1.89601337297e-06, 4.28953853771e-06, 1.73921876012e-06, 4.28098189786e-07, 8.20991317596e-07, 4.13833561197e-07, 3.26251154092e-07, 6.61964634219e-07, 1.08454651127e-06, 1.16825424357e-06, 1.30728108161e-06, 1.61167838542e-06, 2.08247070077e-06, 4.09825588576e-07, 8.3730256506e-08, 9.28455120945e-13],
        "max": [0.0116405030712, 0.163622125983, 0.046646386385, 0.0241240784526, 0.047643955797, 0.0437205955386, 0.0192598514259, 0.0398345030844, 0.0326139219105, 0.0483296662569, 0.0287002306432, 0.0110973762348, 0.0152259273455, 0.00923794694245, 0.00488599343225, 0.008580009453, 0.00442644301802, 0.00674503156915, 0.004967559129, 0.00639983220026, 0.00651311967522, 0.00899991113693, 0.00900457892567, 0.0134566221386, 0.00608682539314, 0.00184708053712, 6.5397034632e-06],
        "mean": [0.00105811259709, 0.0161428637803, 0.00230507971719, 0.000842267472763, 0.00359974405728, 0.00162541249301, 0.00140018027741, 0.0013323064195, 0.00160993717145, 0.000824312795885, 0.000938368320931, 0.000568554969504, 0.000706376100425, 0.000394251168473, 0.000343715888448, 0.000406550709158, 0.00034452334512, 0.00033878677641, 0.000303262844682, 0.000423021119786, 0.000414728623582, 0.000393623486161, 0.00058567430824, 0.000690926914103, 0.000265549024334, 0.000114995818876, 9.43780307239e-08],
        "median": [0.00011909501336, 0.00627321610227, 0.000148331324453, 0.000205432763323, 0.0011478906963, 0.000603836902883, 0.000493338913657, 0.000410340551753, 0.000741741794627, 0.000178274873178, 0.00026156855165, 0.000221176698687, 0.000227394761168, 0.000143095341627, 0.000155534697114, 0.00019870842516, 0.000193805928575, 0.000200612383196, 0.000145096928463, 0.000207783275982, 0.000168412807398, 0.000141635944601, 0.000186815232155, 0.000196467750357, 6.30606373306e-05, 1.72655618371e-05, 7.9957901411e-10],
        "min": [2.89480750482e-09, 1.39403208976e-08, 1.18786802616e-08, 4.7853184526e-08, 8.90270200671e-07, 1.30396199438e-06, 1.44397472468e-06, 4.05683493909e-07, 1.77592289674e-06, 1.21122388919e-06, 8.27511200896e-07, 6.39819234038e-07, 1.51352219291e-06, 4.33014406553e-07, 5.68525365452e-07, 5.78844719712e-07, 1.81717359737e-06, 2.05969445233e-06, 1.85507451533e-06, 2.16457442548e-06, 3.83014321415e-06, 2.58718318946e-06, 2.63108881882e-06, 1.95571692529e-06, 1.54884531867e-08, 1.30105969401e-11, 9.19128401861e-12],
        "var": [2.62344474322e-06, 0.000788074277807, 3.86305582651e-05, 5.75203603148e-06, 4.16434086219e-05, 9.99867552309e-06, 7.62581703384e-06, 8.51653385325e-06, 7.8593930084e-06, 7.68624886405e-06, 5.44593649465e-06, 1.00378565548e-06, 2.16035687117e-06, 6.29894088888e-07, 2.32372840969e-07, 4.48633642236e-07, 2.09566124454e-07, 1.87225282389e-07, 2.41336181261e-07, 4.27058523655e-07, 5.15217379871e-07, 5.19467050708e-07, 1.19034632462e-06, 1.57375814069e-06, 2.8146402542e-07, 5.26432870629e-08, 2.29748159516e-13]
    },
    "erbbands": {
        "dmean": [0.330946445465, 1.62551665306, 2.18106889725, 3.33717131615, 6.56863307953, 8.26086139679, 7.96846103668, 9.58287525177, 12.7781887054, 19.0799064636, 23.6914520264, 19.1687202454, 18.745388031, 32.8825950623, 17.0417060852, 17.9941005707, 23.4953632355, 20.8218078613, 14.5406274796, 13.999958992, 16.9512233734, 14.3573913574, 13.0118608475, 11.8446741104, 15.1856546402, 16.2843761444, 13.8894701004, 16.003528595, 12.5366926193, 10.8940057755, 15.0734643936, 13.953130722, 7.63650798798, 2.78862285614, 1.40809178352, 0.634513795376, 0.181671634316, 0.0103586306795, 0.000229403958656, 2.9377746614e-05],
        "dmean2": [0.416042536497, 1.9198141098, 2.90263199806, 5.96606111526, 10.0855016708, 12.9142141342, 12.5443477631, 14.8232736588, 20.4895954132, 30.1874065399, 34.9281959534, 28.072883606, 28.379699707, 48.9619827271, 27.263715744, 28.323217392, 36.7705726624, 33.7975540161, 23.4427700043, 21.7010250092, 28.2171554565, 22.5158824921, 19.867477417, 18.2192363739, 23.8935623169, 25.4647159576, 21.3097381592, 25.4267158508, 19.4043483734, 16.6180839539, 22.4117698669, 20.4180641174, 11.3791904449, 4.14404010773, 2.20276665688, 0.963800787926, 0.278894513845, 0.0163727402687, 0.000344384927303, 4.21386102971e-05],
        "dvar": [0.480370312929, 11.0373153687, 29.5163078308, 130.892684937, 246.2706604, 256.711120605, 472.065551758, 343.539215088, 677.550842285, 1784.85192871, 2748.71630859, 1112.45153809, 1948.609375, 5397.80126953, 1926.83959961, 1602.21801758, 2734.15356445, 1454.03283691, 857.236633301, 532.304443359, 906.507080078, 469.926727295, 465.835388184, 446.266784668, 988.452575684, 1021.49835205, 554.190856934, 1256.64379883, 724.816772461, 393.598937988, 831.16217041, 593.203735352, 224.612350464, 31.5494537354, 8.33480262756, 1.38224542141, 0.138837754726, 0.000461816613097, 1.97584256512e-07, 1.45999579093e-09],
        "dvar2": [0.84021627903, 15.9921531677, 49.527217865, 371.889343262, 542.509460449, 593.437988281, 1110.18847656, 697.983337402, 1661.75097656, 4419.38525391, 5709.16943359, 2392.36474609, 3895.26806641, 11558.6591797, 5170.32714844, 3613.78979492, 6243.53564453, 3397.28393555, 2124.94140625, 1227.35754395, 2513.91479492, 1128.05603027, 1033.26818848, 1128.93322754, 2596.5534668, 2591.80102539, 1318.87060547, 3202.1171875, 1854.82922363, 922.097717285, 1820.55383301, 1221.50012207, 507.998596191, 67.8684692383, 18.7463588715, 3.00538563728, 0.321003764868, 0.00105060869828, 4.24156922918e-07, 2.75229106173e-09],
        "max": [6.47751092911, 33.8870048523, 46.6515541077, 83.0093612671, 160.771881104, 170.925430298, 471.288665771, 245.700378418, 348.345977783, 437.010314941, 1015.86541748, 474.376983643, 675.661132812, 1070.75524902, 636.600708008, 513.398193359, 591.31439209, 384.218353271, 399.069610596, 325.381256104, 478.750610352, 261.44543457, 482.193115234, 280.790252686, 351.187103271, 339.930023193, 191.382034302, 306.212341309, 347.306213379, 209.718383789, 333.996551514, 268.287750244, 195.86555481, 82.5207595825, 35.2505645752, 8.70670413971, 3.20622348785, 0.231528446078, 0.00473262369633, 0.000397436757339],
        "mean": [0.578037023544, 3.12244105339, 3.3747587204, 2.83430886269, 9.33952045441, 10.7514944077, 10.4023237228, 14.5288028717, 17.0563297272, 23.1386833191, 35.976184845, 29.4292583466, 28.9207324982, 43.2006416321, 21.4873523712, 22.7454795837, 28.6860942841, 25.5373344421, 18.6824321747, 19.6795024872, 21.5754928589, 19.8326721191, 18.9511146545, 15.8498888016, 17.9809074402, 19.2602100372, 16.0608177185, 17.0927391052, 14.1240406036, 12.8677101135, 18.5893325806, 17.7009468079, 9.18614006042, 3.40238499641, 1.73049652576, 0.72110503912, 0.186012431979, 0.0106331054121, 0.000273971032584, 6.64196049911e-05],
        "median": [0.171955928206, 1.13025212288, 0.803956866264, 0.751618802547, 1.93543374538, 3.3545999527, 3.11527347565, 5.67881774902, 6.9083147049, 9.31037807465, 13.6547889709, 15.9856185913, 13.1742115021, 12.3803358078, 9.33265972137, 8.39354515076, 10.4637765884, 9.81705951691, 8.71435928345, 9.79398727417, 11.4515895844, 11.5686235428, 11.4114818573, 8.62774467468, 9.11717510223, 9.01856708527, 6.81250333786, 5.81935071945, 5.10474252701, 4.72403478622, 5.36104345322, 4.73822498322, 2.42809796333, 0.851190686226, 0.381191045046, 0.119558930397, 0.0251827258617, 0.00159770564642, 6.54105751892e-05, 4.50437073596e-05],
        "min": [2.89665581477e-06, 1.14185086204e-05, 9.62889535003e-05, 0.000393708032789, 0.00325955590233, 0.00278252759017, 0.00925260875374, 0.0165255106986, 0.0198232587427, 0.0233305264264, 0.0233802739531, 0.032506428659, 0.0367361418903, 0.0537581667304, 0.0642635300756, 0.0568114891648, 0.0562948845327, 0.0331386439502, 0.0244597811252, 0.0454012304544, 0.0497189238667, 0.103606127203, 0.120043873787, 0.106535673141, 0.0834496691823, 0.111680388451, 0.151665478945, 0.126004114747, 0.0923791229725, 0.0756467953324, 0.0626529976726, 0.0522082149982, 0.0281760115176, 0.00416731787845, 0.000312215066515, 5.41808440175e-05, 1.47898654177e-05, 1.87065620594e-06, 9.74196495918e-07, 9.43514010032e-07],
        "var": [1.08506965637, 32.9732093811, 52.5523262024, 79.9457778931, 390.064422607, 359.469512939, 622.906005859, 632.019348145, 1190.07006836, 1899.23083496, 5699.10693359, 2211.64599609, 3823.45751953, 8508.01367188, 1859.07128906, 1907.96032715, 3279.77563477, 1740.14306641, 873.89251709, 821.658325195, 1085.35888672, 623.410827637, 643.362854004, 491.606964111, 867.46887207, 947.994995117, 619.511474609, 1157.5760498, 700.335632324, 476.749420166, 1296.31872559, 1029.93334961, 315.176544189, 47.777721405, 11.9663553238, 2.07577800751, 0.16108840704, 0.000539971515536, 2.64695813712e-07, 3.64794949803e-09]
    },
    "gfcc": {
        "mean": [23.0007400513, 58.3185920715, -119.635093689, 36.1889305115, -75.2290344238, 23.6575183868, -41.8577651978, 16.3366088867, -21.6438808441, 4.4642739296, -13.2562217712, 2.02565026283, -8.48077583313],
        "cov": [[3103.80786133, -238.285354614, 350.310821533, 266.336242676, 47.6488075256, 166.917434692, 27.6716899872, 110.915031433, -33.8336410522, 63.5208854675, -95.6988677979, 32.47498703, -87.8890762329], [-238.285354614, 1715.10021973, 260.286895752, 308.303405762, 422.458831787, 127.212898254, 413.434112549, 64.4572219849, 262.506408691, -17.1847457886, 249.825119019, 12.6441755295, 175.862014771], [350.310821533, 260.286895752, 950.969787598, 536.991027832, 445.47265625, 305.441162109, 271.230377197, 199.455535889, 148.89074707, 121.917144775, 66.2716674805, 98.2783203125, 33.5144805908], [266.336242676, 308.303405762, 536.991027832, 646.349243164, 368.229156494, 201.699951172, 183.592300415, 90.390953064, 141.777984619, 41.0433921814, 71.1216888428, 25.1575508118, 81.9204330444], [47.6488075256, 422.458831787, 445.47265625, 368.229156494, 576.269104004, 300.64276123, 294.84173584, 144.118026733, 153.031677246, 113.029838562, 87.9881057739, 84.015663147, 46.5597076416], [166.917434692, 127.212898254, 305.441162109, 201.699951172, 300.64276123, 388.651000977, 272.926239014, 144.806533813, 97.2197799683, 92.2573165894, 122.696800232, 64.2745742798, 36.0545654297], [27.6716899872, 413.434112549, 271.230377197, 183.592300415, 294.84173584, 272.926239014, 411.691070557, 152.496566772, 130.257705688, 73.4980316162, 117.083908081, 80.5642547607, 56.4107971191], [110.915031433, 64.4572219849, 199.455535889, 90.390953064, 144.118026733, 144.806533813, 152.496566772, 210.642868042, 126.84387207, 94.2373657227, 74.8882751465, 50.0198478699, 34.2197723389], [-33.8336410522, 262.506408691, 148.89074707, 141.777984619, 153.031677246, 97.2197799683, 130.257705688, 126.84387207, 214.802703857, 84.3862762451, 111.96686554, 31.298740387, 60.6348304749], [63.5208854675, -17.1847457886, 121.917144775, 41.0433921814, 113.029838562, 92.2573165894, 73.4980316162, 94.2373657227, 84.3862762451, 143.630584717, 65.2844543457, 51.4278488159, 10.5421104431], [-95.6988677979, 249.825119019, 66.2716674805, 71.1216888428, 87.9881057739, 122.696800232, 117.083908081, 74.8882751465, 111.96686554, 65.2844543457, 196.337081909, 59.782913208, 69.084815979], [32.47498703, 12.6441755295, 98.2783203125, 25.1575508118, 84.015663147, 64.2745742798, 80.5642547607, 50.0198478699, 31.298740387, 51.4278488159, 59.782913208, 119.453041077, 35.0998191833], [-87.8890762329, 175.862014771, 33.5144805908, 81.9204330444, 46.5597076416, 36.0545654297, 56.4107971191, 34.2197723389, 60.6348304749, 10.5421104431, 69.084815979, 35.0998191833, 113.954467773]],
        "icov": [[0.000419869524194, -0.000205663454835, 9.86249433481e-05, -0.000453888089396, 0.000513569626492, -0.000548905576579, 0.000309349270537, -0.000405889411923, 0.000204525174922, -0.000362383347237, 0.000658428005408, -0.000578460050747, 0.000574797857553], [-0.000205663454835, 0.00201640301384, -0.000650484464131, 0.00101605954114, -0.00199636863545, 0.00241326191463, -0.00219125230797, 0.00142660911661, -0.00103229656816, 0.0019289808115, -0.00286888796836, 0.00254731299356, -0.00177564262412], [9.86249433481e-05, -0.000650484464131, 0.00312388362363, -0.00249805930071, 0.000461951829493, -0.00134844717104, 0.000663865706883, -0.00182405288797, 0.000594354292843, -0.00113637151662, 0.00177128333598, -0.00238593411632, 0.00186396716163], [-0.000453888089396, 0.00101605954114, -0.00249805930071, 0.00522020319477, -0.00284801167436, 0.00138946494553, -0.000805901829153, 0.00214112689719, -0.00172627752181, 0.00229590688832, -0.00205738306977, 0.0034118287731, -0.00355362403207], [0.000513569626492, -0.00199636863545, 0.000461951829493, -0.00284801167436, 0.00708503089845, -0.00444765295833, 0.000911458104383, -0.000705968297552, -0.000308865361148, -0.00339998817071, 0.00465684849769, -0.00416790321469, 0.00260121654719], [-0.000548905576579, 0.00241326191463, -0.00134844717104, 0.00138946494553, -0.00444765295833, 0.0102645922452, -0.00521202990785, 5.32706035301e-05, 0.00142493867315, 0.00152751232963, -0.0068398443982, 0.00473800674081, -0.0018285108963], [0.000309349270537, -0.00219125230797, 0.000663865706883, -0.000805901829153, 0.000911458104383, -0.00521202990785, 0.00825857929885, -0.00295768305659, 3.73283255612e-05, -0.000324259686749, 0.00283159757964, -0.0041715502739, 0.00165935477708], [-0.000405889411923, 0.00142660911661, -0.00182405288797, 0.00214112689719, -0.000705968297552, 5.32706035301e-05, -0.00295768305659, 0.0121459336951, -0.00539430743083, -0.00148803566117, -0.000814585073385, 0.00155449530575, -0.00240607815795], [0.000204525174922, -0.00103229656816, 0.000594354292843, -0.00172627752181, -0.000308865361148, 0.00142493867315, 3.73283255612e-05, -0.00539430743083, 0.0124968653545, -0.00397707289085, -0.00287622748874, 0.00178143579978, -0.000992821063846], [-0.000362383347237, 0.0019289808115, -0.00113637151662, 0.00229590688832, -0.00339998817071, 0.00152751232963, -0.000324259686749, -0.00148803566117, -0.00397707289085, 0.0150564080104, -0.00451074074954, -0.000596783240326, 0.000582279637456], [0.000658428005408, -0.00286888796836, 0.00177128333598, -0.00205738306977, 0.00465684849769, -0.0068398443982, 0.00283159757964, -0.000814585073385, -0.00287622748874, -0.00451074074954, 0.0153679531068, -0.00699484301731, -0.000216917716898], [-0.000578460050747, 0.00254731299356, -0.00238593411632, 0.0034118287731, -0.00416790321469, 0.00473800674081, -0.0041715502739, 0.00155449530575, 0.00178143579978, -0.000596783240326, -0.00699484301731, 0.0171815436333, -0.00627051154152], [0.000574797857553, -0.00177564262412, 0.00186396716163, -0.00355362403207, 0.00260121654719, -0.0018285108963, 0.00165935477708, -0.00240607815795, -0.000992821063846, 0.000582279637456, -0.000216917716898, -0.00627051154152, 0.0159196555614]]
    },
    "melbands": {
        "dmean": [0.00250283977948, 0.0012741232058, 0.000643385224976, 0.000553315563593, 0.000296057347441, 0.000214252635487, 0.000211462858715, 0.000212575512705, 0.000195094486116, 0.000126500031911, 9.81378689175e-05, 0.000133072360768, 7.66710218159e-05, 4.93875995744e-05, 3.92687106796e-05, 7.09160012775e-05, 3.5347064113e-05, 2.58938125626e-05, 2.23729603022e-05, 2.15663367271e-05, 2.03245781449e-05, 1.62320666277e-05, 1.20646345749e-05, 1.20618178698e-05, 9.48265915213e-06, 1.12128718683e-05, 1.22646288219e-05, 1.08945696411e-05, 8.50737251312e-06, 8.61590888235e-06, 9.98345240077e-06, 7.34257309887e-06, 6.41898031972e-06, 5.8295722738e-06, 8.64002413437e-06, 9.91129763861e-06, 8.36299932416e-06, 5.92878950556e-06, 3.56928399015e-06, 2.08256187761e-06],
        "dmean2": [0.00313587626442, 0.00152724201325, 0.00109661126044, 0.000839500047732, 0.000463951670099, 0.000335242133588, 0.00033955447725, 0.000333215546561, 0.00027940174914, 0.000186921897694, 0.000148921797518, 0.000198502079002, 0.000121905657579, 7.8507422586e-05, 6.29722344456e-05, 0.000113250403956, 5.82249813306e-05, 4.22144730692e-05, 3.60971025657e-05, 3.40836559189e-05, 3.42709608958e-05, 2.57216270256e-05, 1.87512032426e-05, 1.88704616448e-05, 1.47937107613e-05, 1.80720708158e-05, 1.93049872905e-05, 1.73995231307e-05, 1.33831445055e-05, 1.33613730213e-05, 1.60500421771e-05, 1.17351873996e-05, 9.75209877652e-06, 9.08347374207e-06, 1.30076505229e-05, 1.48378976519e-05, 1.23566178445e-05, 9.00508621271e-06, 5.37258802069e-06, 3.21310335494e-06],
        "dvar": [2.64471564151e-05, 6.39874679109e-06, 3.08631183543e-06, 1.50561163537e-06, 4.93440040827e-07, 1.76416847353e-07, 1.64604486486e-07, 1.94110455709e-07, 1.81153950507e-07, 4.55140849454e-08, 5.96883253934e-08, 9.20868714616e-08, 5.16007716556e-08, 1.06378363895e-08, 8.30167845578e-09, 2.82774976768e-08, 4.92857887835e-09, 3.97180555112e-09, 1.46028111825e-09, 1.46984879823e-09, 1.31987476504e-09, 6.20945295182e-10, 4.31726515648e-10, 3.45099726573e-10, 3.17766674085e-10, 6.01242500231e-10, 5.49099044012e-10, 5.07584474452e-10, 2.1887974766e-10, 2.42673520168e-10, 5.69494007507e-10, 3.04039182719e-10, 1.44394218804e-10, 1.15515541577e-10, 3.02536662389e-10, 3.46904088788e-10, 2.15707687823e-10, 1.45505982263e-10, 5.31157756667e-11, 2.02939314659e-11],
        "dvar2": [4.00679964514e-05, 9.33802493819e-06, 8.49940806802e-06, 3.17710055242e-06, 1.18126058624e-06, 3.69751347762e-07, 3.94432191797e-07, 4.60535545699e-07, 3.66950729358e-07, 1.00536738046e-07, 1.19563679846e-07, 1.96016642917e-07, 1.38797673799e-07, 2.43906779218e-08, 2.04982466556e-08, 6.61324293105e-08, 1.18900471691e-08, 1.00468708908e-08, 3.65669006186e-09, 3.34942495961e-09, 3.70642805336e-09, 1.55139046054e-09, 1.02509201128e-09, 8.10973677101e-10, 8.08815014963e-10, 1.6042200901e-09, 1.38820077655e-09, 1.31870114828e-09, 5.34757849113e-10, 5.61091784146e-10, 1.50826628964e-09, 8.06070321602e-10, 3.41305483875e-10, 2.70834021876e-10, 7.08147984696e-10, 7.49146744639e-10, 4.59679488918e-10, 3.39923922343e-10, 1.2092488122e-10, 4.48010448184e-11],
        "max": [0.0516975484788, 0.0270611681044, 0.0128874303773, 0.0118429176509, 0.0132665969431, 0.00608309172094, 0.00450533861294, 0.00437078531832, 0.00780783221126, 0.00251798890531, 0.00430501857772, 0.00551380449906, 0.00332033215091, 0.00154519092757, 0.00154547800776, 0.00196297001094, 0.000698037154507, 0.000895953271538, 0.000474173342809, 0.00058873614762, 0.000561113236472, 0.00027730394504, 0.000308525864966, 0.000297739170492, 0.000254736543866, 0.000273907760857, 0.000250501150731, 0.000252604746493, 0.000132813904202, 0.000146027916344, 0.000223213632125, 0.00024512555683, 0.000100017474324, 0.00012196773605, 0.000220400906983, 0.000198759677005, 0.000178124988452, 0.000169233040651, 0.000102395460999, 7.44759308873e-05],
        "mean": [0.00484481407329, 0.00262750196271, 0.000655771931633, 0.000801281770691, 0.000379748118576, 0.000322574080201, 0.000278186489595, 0.000268439354841, 0.000299691106193, 0.000191942774109, 0.000145926809637, 0.000174279193743, 8.96993369679e-05, 6.48896966595e-05, 4.71125858894e-05, 8.14586746856e-05, 4.09130188928e-05, 2.95565914712e-05, 2.86326339847e-05, 2.7671274438e-05, 2.39129203692e-05, 2.09021291084e-05, 1.67837861227e-05, 1.66892623383e-05, 1.21644443425e-05, 1.23902882478e-05, 1.45640915434e-05, 1.22275951071e-05, 9.72295674728e-06, 9.52539085119e-06, 1.01815949165e-05, 7.95943105913e-06, 7.36414267521e-06, 6.72966007187e-06, 1.01209625427e-05, 1.2088904441e-05, 1.03359798231e-05, 6.97125051374e-06, 4.14772785007e-06, 2.38291477217e-06],
        "median": [0.00181985727977, 0.000891173724085, 0.00017999879492, 0.000219534151256, 0.000117516123282, 0.000125381746329, 0.00011727893434, 9.85289079836e-05, 9.92047716863e-05, 0.000102763529867, 5.87828944845e-05, 4.97152759635e-05, 3.40668484569e-05, 2.27560140047e-05, 1.69161412487e-05, 2.60746346612e-05, 1.48078142956e-05, 1.16119117592e-05, 1.31154010887e-05, 1.25220203699e-05, 1.22177043522e-05, 1.16649853226e-05, 9.1608526418e-06, 9.6410203696e-06, 6.36672984911e-06, 5.60480248168e-06, 7.39078541301e-06, 5.21258880326e-06, 4.09483527619e-06, 3.61955085282e-06, 3.23314384332e-06, 2.72813053925e-06, 2.57064675679e-06, 2.41564703174e-06, 2.82758082903e-06, 2.96311804959e-06, 2.6371774311e-06, 1.81179837e-06, 9.0530812713e-07, 5.80439291298e-07],
        "min": [9.61793844567e-09, 1.04535358147e-08, 1.39479666927e-07, 1.36223476943e-07, 3.1205846085e-07, 2.07863664059e-07, 3.2521495541e-07, 2.18183402012e-07, 7.29106375275e-08, 1.95062114017e-07, 1.61998571002e-07, 1.99560020064e-07, 1.83608591442e-07, 9.27885537294e-08, 1.53456753083e-07, 1.36528328198e-07, 4.39153140519e-08, 3.55047760081e-08, 4.30917630467e-08, 8.55142729961e-08, 5.53086181299e-08, 1.18768042512e-07, 4.84352895569e-08, 6.39484838416e-08, 8.71862511076e-08, 7.5516489062e-08, 6.49247482443e-08, 6.65428245838e-08, 9.11500350753e-08, 8.61921165551e-08, 5.12561406651e-08, 5.68440441384e-08, 4.38181437801e-08, 3.00569702461e-09, 1.82613106858e-08, 1.46906327103e-08, 1.89214688362e-08, 1.28183534898e-08, 1.67738309353e-10, 1.21783494747e-11],
