{
"highlevel": {
    "danceability": {
        "all": {
            "danceable": 1.39250744269e-06,
            "not_danceable": 0.999998629093
        },
        "probability": 0.999998629093,
        "value": "not_danceable"
    },
    "gender": {
        "all": {
            "female": 0.635375440121,
            "male": 0.364624559879
        },
        "probability": 0.635375440121,
        "value": "female"
    },
    "genre_dortmund": {
        "all": {
            "alternative": 0.0439022444189,
            "blues": 0.00938506051898,
            "electronic": 0.041694290936,
            "folkcountry": 0.663945198059,
            "funksoulrnb": 0.0017207848141,
            "jazz": 0.207986474037,
            "pop": 0.0236668754369,
            "raphiphop": 0.000628408684861,
            "rock": 0.00707064429298
        },
        "probability": 0.663945198059,
        "value": "folkcountry"
    },
    "genre_electronic": {
        "all": {
            "ambient": 0.988216400146,
            "dnb": 0.000272165663773,
            "house": 0.00699044298381,
            "techno": 0.00381886144169,
            "trance": 0.000702132529113
        },
        "probability": 0.988216400146,
        "value": "ambient"
    },
    "genre_rosamerica": {
        "all": {
            "cla": 0.974706530571,
            "dan": 0.000379378703656,
            "hip": 0.000445656856755,
            "jaz": 0.020435815677,
            "pop": 0.00013570014562,
            "rhy": 0.00159774918575,
            "roc": 0.00113657361362,
            "spe": 0.00116261490621
        },
        "probability": 0.974706530571,
        "value": "cla"
    },
    "genre_tzanetakis": {
        "all": {
            "blu": 0.0364734791219,
            "cla": 0.69275188446,
            "cou": 0.00745194079354,
            "dis": 0.00252220733091,
            "hip": 0.00146985391621,
            "jaz": 0.251637816429,
            "met": 0.00156149221584,
            "pop": 0.00159346358851,
            "reg": 0.00217094784603,
            "roc": 0.00236693886109
        },
        "probability": 0.69275188446,
        "value": "cla"
    },
    "ismir04_rhythm": {
        "all": {
            "ChaChaCha": 0.00502099981532,
            "Jive": 0.000170715546119,
            "Quickstep": 0.0002038389066,
            "Rumba-American": 0.00194730760995,
            "Rumba-International": 0.0112674459815,
            "Rumba-Misc": 0.0198954641819,
            "Samba": 0.000248128955718,
            "Tango": 0.00210887868889,
            "VienneseWaltz": 0.00436102645472,
            "Waltz": 0.95477616787
        },
        "probability": 0.95477616787,
        "value": "Waltz"
    },
    "mood_acoustic": {
        "all": {
            "acoustic": 0.999446809292,
            "not_acoustic": 0.000553197809495
        },
        "probability": 0.999446809292,
        "value": "acoustic"
    },
    "mood_aggressive": {
        "all": {
            "aggressive": 8.00801990408e-06,
            "not_aggressive": 0.999992012978
        },
        "probability": 0.999992012978,
        "value": "not_aggressive"
    },
    "mood_electronic": {
        "all": {
            "electronic": 0.154047548771,
            "not_electronic": 0.845952451229
        },
        "probability": 0.845952451229,
        "value": "not_electronic"
    },
    "mood_happy": {
        "all": {
            "happy": 0.0148903224617,
            "not_happy": 0.985109686852
        },
        "probability": 0.985109686852,
        "value": "not_happy"
    },
    "mood_party": {
        "all": {
            "not_party": 0.999629974365,
            "party": 0.000370034627849
        },
        "probability": 0.999629974365,
        "value": "not_party"
    },
    "mood_relaxed": {
        "all": {
            "not_relaxed": 0.00823600403965,
            "relaxed": 0.991764008999
        },
        "probability": 0.991764008999,
        "value": "relaxed"
    },
    "mood_sad": {
        "all": {
            "not_sad": 0.184987843037,
            "sad": 0.815012156963
        },
        "probability": 0.815012156963,
        "value": "sad"
    },
    "moods_mirex": {
        "all": {
            "Cluster1": 0.0858046486974,
            "Cluster2": 0.123161204159,
            "Cluster3": 0.504465162754,
            "Cluster4": 0.270837694407,
            "Cluster5": 0.0157312713563
        },
        "probability": 0.504465162754,
        "value": "Cluster3"
    },
    "timbre": {
        "all": {
            "bright": 0.493254452944,
            "dark": 0.506745576859
        },
        "probability": 0.506745576859,
        "value": "dark"
    },
    "tonal_atonal": {
        "all": {
            "atonal": 6.07314505032e-05,
            "tonal": 0.999939262867
        },
        "probability": 0.999939262867,
        "value": "tonal"
    },
    "voice_instrumental": {
        "all": {
            "instrumental": 0.978497982025,
            "voice": 0.021502006799
        },
        "probability": 0.978497982025,
        "value": "instrumental"
    }
},
"lowlevel": {
    "average_loudness": 0.791233539581,
    "barkbands_crest": {
        "dmean": 1.98549497128,
        "dmean2": 3.14541244507,
        "dvar": 4.19218015671,
        "dvar2": 10.3724565506,
        "max": 26.0309295654,
        "mean": 16.7092075348,
        "median": 16.2066478729,
        "min": 6.5595998764,
        "var": 18.6517009735
    },
    "barkbands_flatness_db": {
        "dmean": 0.0265327896923,
        "dmean2": 0.0435843132436,
        "dvar": 0.000587319256738,
        "dvar2": 0.00139679235872,
        "max": 0.688712716103,
        "mean": 0.510208487511,
        "median": 0.507537066936,
        "min": 0.198037385941,
        "var": 0.00362881855108
    },
    "barkbands_kurtosis": {
        "dmean": 3.76151537895,
        "dmean2": 5.74771308899,
        "dvar": 33.322429657,
        "dvar2": 78.4501571655,
        "max": 80.4415359497,
        "mean": 9.8325920105,
        "median": 6.29463672638,
        "min": -1.71837007999,
        "var": 130.243835449
    },
    "barkbands_skewness": {
        "dmean": 0.514389038086,
        "dmean2": 0.799201607704,
        "dvar": 0.319948494434,
        "dvar2": 0.697559118271,
        "max": 7.08819770813,
        "mean": 1.63774049282,
        "median": 1.54438066483,
        "min": -3.7240717411,
        "var": 1.63992035389
    },
    "barkbands_spread": {
        "dmean": 0.319409459829,
        "dmean2": 0.495918542147,
        "dvar": 0.179570391774,
        "dvar2": 0.418273299932,
        "max": 9.19335365295,
        "mean": 1.52419471741,
        "median": 1.29657411575,
        "min": 0.150825306773,
        "var": 1.0621342659
    },
    "dissonance": {
        "dmean": 0.0593971200287,
        "dmean2": 0.102000877261,
        "dvar": 0.00311915832572,
        "dvar2": 0.00823710113764,
        "max": 0.487574160099,
        "mean": 0.301855951548,
        "median": 0.303871750832,
        "min": 0.0886623263359,
        "var": 0.00626429729164
    },
    "dynamic_complexity": 3.69580769539,
    "erbbands_crest": {
        "dmean": 2.240046978,
        "dmean2": 3.58154368401,
        "dvar": 6.17576599121,
        "dvar2": 15.2585763931,
        "max": 32.9281158447,
        "mean": 16.9281024933,
        "median": 16.1770973206,
        "min": 6.66469621658,
        "var": 29.7058944702
    },
    "erbbands_flatness_db": {
        "dmean": 0.0174062047154,
        "dmean2": 0.0282103009522,
        "dvar": 0.000323151500197,
        "dvar2": 0.000716203649063,
        "max": 0.569816350937,
        "mean": 0.463745266199,
        "median": 0.463997364044,
        "min": 0.14340634644,
        "var": 0.00111956871115
    },
    "erbbands_kurtosis": {
        "dmean": 1.88686597347,
        "dmean2": 2.92785477638,
        "dvar": 8.46649360657,
        "dvar2": 19.2469158173,
        "max": 49.776309967,
        "mean": 5.11127471924,
        "median": 3.28095340729,
        "min": -1.81084382534,
        "var": 38.2260780334
    },
    "erbbands_skewness": {
        "dmean": 0.349315136671,
        "dmean2": 0.532329499722,
        "dvar": 0.16444671154,
        "dvar2": 0.358033537865,
        "max": 4.19206237793,
        "mean": 1.30659258366,
        "median": 1.26043272018,
        "min": -5.26663732529,
        "var": 1.33756506443
    },
    "erbbands_spread": {
        "dmean": 0.933099210262,
        "dmean2": 1.42546534538,
        "dvar": 1.61591410637,
        "dvar2": 3.5060839653,
        "max": 29.2511463165,
        "mean": 5.12757587433,
        "median": 4.52667331696,
        "min": 0.781554639339,
        "var": 6.60396718979
    },
    "hfc": {
        "dmean": 1.86628234386,
        "dmean2": 2.73165154457,
        "dvar": 17.7882061005,
        "dvar2": 38.4837989807,
        "max": 83.6121368408,
        "mean": 6.77028036118,
        "median": 3.5313243866,
        "min": 0.113233789802,
        "var": 73.4063339233
    },
    "melbands_crest": {
        "dmean": 2.33016824722,
        "dmean2": 3.63555717468,
        "dvar": 5.4374537468,
        "dvar2": 12.9329080582,
        "max": 32.1040725708,
        "mean": 18.8392391205,
        "median": 18.2470874786,
        "min": 8.03261470795,
        "var": 24.5153026581
    },
    "melbands_flatness_db": {
        "dmean": 0.0264526549727,
        "dmean2": 0.0431478619576,
        "dvar": 0.000633666233625,
        "dvar2": 0.00141306023579,
        "max": 0.848697543144,
        "mean": 0.632809340954,
        "median": 0.629208803177,
        "min": 0.27295383811,
        "var": 0.00512364320457
    },
    "melbands_kurtosis": {
        "dmean": 2.83497881889,
        "dmean2": 4.37114048004,
        "dvar": 15.5713787079,
        "dvar2": 32.3910217285,
        "max": 75.3736114502,
        "mean": 8.12212848663,
        "median": 6.073138237,
        "min": -1.82327389717,
        "var": 61.3517875671
    },
    "melbands_skewness": {
        "dmean": 0.393729746342,
        "dmean2": 0.605004251003,
        "dvar": 0.184749349952,
        "dvar2": 0.395172119141,
        "max": 6.00027894974,
        "mean": 1.54957926273,
        "median": 1.58145320415,
        "min": -2.9752933979,
        "var": 1.20710909367
    },
    "melbands_spread": {
        "dmean": 0.487318009138,
        "dmean2": 0.741430282593,
        "dvar": 0.565744757652,
        "dvar2": 1.25724983215,
        "max": 18.2627429962,
        "mean": 2.50317287445,
        "median": 1.95470905304,
        "min": 0.447676926851,
        "var": 3.84737086296
    },
    "pitch_salience": {
        "dmean": 0.0618415102363,
        "dmean2": 0.101569414139,
        "dvar": 0.00423537194729,
        "dvar2": 0.0109732067212,
        "max": 0.769298255444,
        "mean": 0.437260299921,
        "median": 0.438455015421,
        "min": 0.133861139417,
        "var": 0.0141382943839
    },
    "silence_rate_20dB": {
        "dmean": 0,
        "dmean2": 0,
        "dvar": 0,
        "dvar2": 0,
        "max": 1,
        "mean": 1,
        "median": 1,
        "min": 1,
        "var": 0
    },
    "silence_rate_30dB": {
        "dmean": 0,
        "dmean2": 0,
        "dvar": 0,
        "dvar2": 0,
        "max": 1,
        "mean": 1,
        "median": 1,
        "min": 1,
        "var": 0
    },
    "silence_rate_60dB": {
        "dmean": 0.0162538699806,
        "dmean2": 0.0317583270371,
        "dvar": 0.0159899741411,
        "dvar2": 0.0353969559073,
        "max": 1,
        "mean": 0.0634184032679,
        "median": 0,
        "min": 0,
        "var": 0.0593962110579
    },
    "spectral_centroid": {
        "dmean": 15.6497087479,
        "dmean2": 23.6432685852,
        "dvar": 828.228637695,
        "dvar2": 1458.74353027,
        "max": 881.090148926,
        "mean": 310.702972412,
        "median": 286.287963867,
        "min": 146.838180542,
        "var": 10760.3740234
    },
    "spectral_complexity": {
        "dmean": 0.867647051811,
        "dmean2": 1.49341595173,
        "dvar": 0.902763426304,
        "dvar2": 2.00362205505,
        "max": 16,
        "mean": 5.86156225204,
        "median": 5,
        "min": 1,
        "var": 5.34738445282
    },
    "spectral_decrease": {
        "dmean": 1.25289234543e-09,
        "dmean2": 1.88536253276e-09,
        "dvar": 3.92597827178e-18,
        "dvar2": 9.20538367155e-18,
        "max": -1.21892593241e-10,
        "mean": -5.18227105673e-09,
        "median": -3.5474125859e-09,
        "min": -3.10945580395e-08,
        "var": 2.1919339938e-17
    },
    "spectral_energy": {
        "dmean": 0.00489549385384,
        "dmean2": 0.00736044580117,
        "dvar": 6.12235890003e-05,
        "dvar2": 0.000143165583722,
        "max": 0.122682839632,
        "mean": 0.0201731640846,
        "median": 0.0137056652457,
        "min": 0.000470321130706,
        "var": 0.000336937227985
    },
    "spectral_energyband_high": {
        "dmean": 5.85597668135e-08,
        "dmean2": 6.6375449137e-08,
        "dvar": 2.12402209536e-12,
        "dvar2": 2.12646089973e-12,
        "max": 5.21436631971e-05,
        "mean": 6.7643512125e-08,
        "median": 7.46354356096e-09,
        "min": 3.80513565101e-10,
        "var": 2.12743928377e-12
    },
    "spectral_energyband_low": {
        "dmean": 0.000829210039228,
        "dmean2": 0.00126894877758,
        "dvar": 2.15400382331e-06,
        "dvar2": 5.00060968989e-06,
        "max": 0.0500159412622,
        "mean": 0.00381034775637,
        "median": 0.000554490718059,
        "min": 3.58809893442e-06,
        "var": 5.83295368415e-05
    },
    "spectral_energyband_middle_high": {
        "dmean": 0.000351571972715,
        "dmean2": 0.000424915226176,
        "dvar": 9.01978000911e-06,
        "dvar2": 1.53286127897e-05,
        "max": 0.0927644446492,
        "mean": 0.00091492861975,
        "median": 7.38564340281e-05,
        "min": 6.10153392699e-07,
        "var": 2.81150805677e-05
    },
    "spectral_energyband_middle_low": {
        "dmean": 0.0045264349319,
        "dmean2": 0.0068722339347,
        "dvar": 5.28367854713e-05,
        "dvar2": 0.000128302548546,
        "max": 0.114138878882,
        "mean": 0.0166664514691,
        "median": 0.0110767409205,
        "min": 0.000460230803583,
        "var": 0.000264568312559
    },
    "spectral_entropy": {
        "dmean": 0.142492637038,
        "dmean2": 0.226180449128,
        "dvar": 0.0269212666899,
        "dvar2": 0.0655982345343,
        "max": 6.99387025833,
        "mean": 4.65877580643,
        "median": 4.62018871307,
        "min": 3.77548265457,
        "var": 0.129292309284
    },
    "spectral_flux": {
        "dmean": 0.0178017877042,
        "dmean2": 0.0280108638108,
        "dvar": 0.000545775576029,
        "dvar2": 0.00131159077864,
        "max": 0.268961817026,
        "mean": 0.0367778800428,
        "median": 0.0289223138243,
        "min": 0.00283207721077,
        "var": 0.000938265875448
    },
    "spectral_kurtosis": {
        "dmean": 86.0005187988,
        "dmean2": 146.8490448,
        "dvar": 6912.22119141,
        "dvar2": 19461.4375,
        "max": 907.82409668,
        "mean": 297.034118652,
        "median": 267.865875244,
        "min": 8.81237316132,
        "var": 16461.5214844
    },
    "spectral_rms": {
        "dmean": 0.000501965871081,
        "dmean2": 0.000744401128031,
        "dvar": 3.61429698614e-07,
        "dvar2": 8.22491017516e-07,
        "max": 0.0109403189272,
        "mean": 0.0040359608829,
        "median": 0.00365669000894,
        "min": 0.000677384610754,
        "var": 3.39218695444e-06
    },
    "spectral_rolloff": {
        "dmean": 27.3497848511,
        "dmean2": 50.8722724915,
        "dvar": 3501.5324707,
        "dvar2": 8334.88378906,
        "max": 947.4609375,
        "mean": 371.445098877,
        "median": 344.53125,
        "min": 150.732421875,
        "var": 20287.9628906
    },
    "spectral_skewness": {
        "dmean": 2.09679937363,
        "dmean2": 3.57918477058,
        "dvar": 3.51409816742,
        "dvar2": 9.70672702789,
        "max": 23.1242752075,
        "mean": 13.7118148804,
        "median": 13.6142625809,
        "min": 2.4960668087,
        "var": 11.0102577209
    },
    "spectral_spread": {
        "dmean": 301037.1875,
        "dmean2": 523525.65625,
        "dvar": 73358073856,
        "dvar2": 202476716032,
        "max": 3604701.75,
        "mean": 597660.6875,
        "median": 540843.75,
        "min": 112852.851562,
        "var": 99968983040
    },
    "spectral_strongpeak": {
        "dmean": 0.293468683958,
        "dmean2": 0.460915267467,
        "dvar": 0.26819640398,
        "dvar2": 0.523152828217,
        "max": 9.97897148132,
        "mean": 1.11212921143,
        "median": 0.651072442532,
        "min": 0.0401889570057,
        "var": 1.39315903187
    },
    "zerocrossingrate": {
        "dmean": 0.00103136186954,
        "dmean2": 0.00131090846844,
        "dvar": 1.49781237724e-06,
        "dvar2": 1.73535420345e-06,
        "max": 0.04248046875,
        "mean": 0.014311965555,
        "median": 0.01318359375,
        "min": 0.00439453125,
        "var": 3.20711114909e-05
    },
    "barkbands": {
        "dmean": [4.43777508963e-07, 4.78885885968e-05, 0.000565035676118, 0.000487921875902, 0.00221483688802, 0.00105909153353, 0.00154778570868, 0.000410199107137, 0.000116193717986, 0.000236123087234, 0.000151174754137, 7.44728413338e-06, 1.52791744767e-05, 2.3023835638e-06, 3.48657476934e-06, 1.2161634686e-06, 8.56816427586e-07, 2.41673518531e-07, 2.29148113817e-07, 2.13192272724e-08, 1.41483305072e-08, 1.34888367143e-08, 9.45124600804e-09, 4.45080416966e-09, 3.536137827e-09, 3.18058779314e-09, 1.93677784921e-09],
        "dmean2": [7.4955147511e-07, 8.35909158923e-05, 0.000880190229509, 0.000772384693846, 0.00335659156553, 0.00139913067687, 0.00259943050332, 0.000538830994628, 0.000133498353534, 0.000270951568382, 0.00021555715648, 1.06543484435e-05, 2.32295024034e-05, 3.45147486769e-06, 4.72224746773e-06, 1.54798476615e-06, 1.28339490857e-06, 3.2731088595e-07, 3.13138230013e-07, 2.77192082621e-08, 1.64704712091e-08, 1.48969974134e-08, 1.05027817554e-08, 5.25053556188e-09, 4.20887324992e-09, 3.73554343014e-09, 2.47479436943e-09],
        "dvar": [1.43849309634e-12, 7.33625959981e-09, 1.2404317431e-06, 9.30841395075e-07, 7.09577261659e-06, 1.05162143882e-05, 3.39344296663e-05, 4.89993772135e-06, 1.27767805225e-06, 5.51202219867e-06, 3.87036561733e-06, 6.18965378951e-10, 3.61515528624e-09, 7.31906341089e-11, 1.76157671783e-10, 3.31832686329e-11, 2.31928486832e-11, 1.15540606596e-12, 1.82070959871e-12, 1.09603020832e-13, 1.2214143271e-13, 1.4721162928e-13, 7.05450509206e-14, 1.05893890661e-14, 6.16606316041e-15, 5.01067506849e-15, 1.55513025654e-15],
        "dvar2": [4.0142047672e-12, 2.04852490526e-08, 2.91591732093e-06, 1.95559300664e-06, 1.88623198483e-05, 1.64336615853e-05, 9.33577321121e-05, 9.53004291659e-06, 1.30883734073e-06, 9.30323403736e-06, 7.53026733946e-06, 1.21088472582e-09, 8.05856270603e-09, 1.49978196529e-10, 3.23882809461e-10, 5.24302164184e-11, 5.52688415867e-11, 2.06050627949e-12, 3.32950745967e-12, 1.14026518262e-13, 1.22018972075e-13, 1.47366317825e-13, 7.0594985207e-14, 1.06006529103e-14, 6.17362758815e-15, 5.01572042024e-15, 1.55929067062e-15],
        "max": [1.9500428607e-05, 0.00146774016321, 0.0405429452658, 0.0190228931606, 0.0355499610305, 0.0944426953793, 0.104239754379, 0.0602889023721, 0.049306333065, 0.0915318056941, 0.0619621127844, 0.000464640383143, 0.00121539749671, 0.000154574547196, 0.000255178136285, 0.000153983579366, 0.000154014065629, 1.80999522854e-05, 3.36368357239e-05, 1.17190429592e-05, 1.25721653603e-05, 1.37721726787e-05, 9.52417940425e-06, 3.63593107977e-06, 2.7313103601e-06, 2.41445559368e-06, 1.39760288675e-06],
        "mean": [4.73776992749e-07, 4.84675947519e-05, 0.00265045766719, 0.00174925022293, 0.00576784135774, 0.00358331832103, 0.00375523674302, 0.00133996107616, 0.000258333486272, 0.000635283649899, 0.000300875864923, 1.93497435248e-05, 4.26905535278e-05, 7.50421759221e-06, 8.71675729286e-06, 2.71231556326e-06, 1.70034513758e-06, 5.33935178737e-07, 3.89306620718e-07, 2.97684081829e-08, 1.69129545924e-08, 1.43686653686e-08, 9.95139703974e-09, 4.87847318098e-09, 3.59633611779e-09, 3.10274828053e-09, 1.84061632602e-09],
        "median": [1.11372941092e-07, 2.11609913094e-05, 0.000148297549458, 0.00102517940104, 0.00422402145341, 0.00059059378691, 0.0002998066484, 0.000200259441044, 1.77918827831e-05, 3.0824507121e-05, 2.24755913223e-05, 3.27358520735e-06, 3.77697756448e-06, 8.15883822725e-07, 3.18633539109e-07, 5.69246623172e-08, 1.51181076546e-08, 8.77278072409e-09, 4.01832833674e-09, 2.42224129643e-09, 1.73345715559e-09, 1.14567066944e-09, 8.03396238425e-10, 7.876048147e-10, 4.0322029049e-10, 2.03693617529e-10, 1.54228560478e-10],
        "min": [1.39363048879e-10, 2.18716031952e-08, 3.15278981589e-07, 1.34122933559e-06, 6.00276180194e-05, 5.53104598566e-07, 6.68658799441e-07, 2.49445605505e-07, 4.00235876441e-07, 1.82473030463e-07, 1.19909833174e-08, 2.48964919791e-08, 8.10886380265e-09, 4.93608931507e-10, 8.08662137253e-10, 1.97956484538e-10, 5.44726624918e-11, 3.54681284342e-11, 4.79486624017e-11, 4.10101015647e-11, 4.73984428095e-11, 5.5237692892e-11, 2.71877798053e-11, 8.10641744703e-12, 1.03897871209e-11, 1.12909005062e-11, 1.93710030655e-11],
        "var": [1.44665909026e-12, 6.41436104232e-09, 3.67848770111e-05, 4.62072512164e-06, 2.51796700468e-05, 8.56973856571e-05, 0.000101509547676, 2.38924694713e-05, 5.62330933462e-06, 2.41260513576e-05, 5.66489597986e-06, 1.93811033888e-09, 1.28411778988e-08, 4.06224054394e-10, 6.30108687449e-10, 1.30620944616e-10, 6.254442797e-11, 2.98850874603e-12, 4.33903390648e-12, 1.13225360619e-13, 1.2304317721e-13, 1.47188603536e-13, 7.0513026299e-14, 1.05843017863e-14, 6.16310828598e-15, 5.0094129894e-15, 1.55448661738e-15]
    },
    "erbbands": {
        "dmean": [0.000344671774656, 0.0215899795294, 0.434091150761, 1.32218205929, 2.27508068085, 10.8825826645, 10.7295799255, 8.0495262146, 17.713634491, 18.4393253326, 6.1965379715, 3.22098469734, 4.19856739044, 10.9916477203, 1.87326550484, 0.394064992666, 0.707428753376, 0.20550237596, 0.180990621448, 0.0766407176852, 0.0799843966961, 0.0301462672651, 0.0181394722313, 0.0169522296637, 0.00417616032064, 0.000983806909062, 0.00068464857759, 0.000556048180442, 0.000491275161039, 0.000377969699912, 0.000257189036347, 0.000120303127915, 6.21524668531e-05, 4.06028557336e-05, 2.62027551798e-05, 1.4001634554e-05, 6.43122484689e-06, 1.59838270974e-06, 2.45265778176e-06, 5.44088652532e-06],
        "dmean2": [0.000576591934077, 0.0374604873359, 0.710251510143, 2.03315043449, 3.24989628792, 17.0830383301, 16.0288410187, 9.50677204132, 28.0306816101, 29.5761604309, 8.23045825958, 3.88281846046, 6.12219142914, 12.9516077042, 2.56773543358, 0.530209481716, 1.06272685528, 0.316157639027, 0.244385138154, 0.109999626875, 0.0980995818973, 0.0440088547766, 0.0259313602, 0.0238273516297, 0.00578877562657, 0.00126464292407, 0.000826431030873, 0.00064294441836, 0.000542569381651, 0.00041215273086, 0.000287723290967, 0.00013894966105, 7.39605020499e-05, 4.81427705381e-05, 3.06978981826e-05, 1.63283693837e-05, 7.5223474596e-06, 1.90934611055e-06, 3.58709030479e-06, 8.16686406324e-06],
        "dvar": [3.12048229034e-07, 0.00149359600618, 0.744122505188, 5.6506357193, 12.325091362, 203.691802979, 486.752807617, 1033.43261719, 4101.11376953, 4535.32275391, 1245.30578613, 1078.71240234, 2618.14233398, 11228.0097656, 359.638458252, 1.57161355019, 7.32440757751, 0.623978078365, 0.500681877136, 0.0987147986889, 0.116455905139, 0.0211134310812, 0.00533700175583, 0.00946505926549, 0.000855768623296, 0.000236428633798, 0.000205634714803, 0.000202133582206, 0.000193011495867, 0.000119487565826, 5.06120377395e-05, 8.65931087901e-06, 1.81194809556e-06, 7.58119938382e-07, 3.35259358053e-07, 8.8532964071e-08, 1.60281565798e-08, 9.94930138276e-10, 4.42564006276e-11, 7.75330286085e-11],
        "dvar2": [8.31579825444e-07, 0.00418382743374, 1.89794766903, 12.2914857864, 24.545715332, 581.101318359, 924.659545898, 1357.5144043, 10368.421875, 11675.3886719, 2387.18334961, 1186.71459961, 6566.37548828, 18632.7675781, 703.920043945, 2.66732597351, 15.3911457062, 1.53529369831, 0.938214063644, 0.183044269681, 0.179585263133, 0.0478517413139, 0.0105031607673, 0.0185301303864, 0.00128505146131, 0.000242680005613, 0.000207533463254, 0.00020228161884, 0.000193198531633, 0.000119577816804, 5.06452015543e-05, 8.66643858899e-06, 1.8143135776e-06, 7.58920862154e-07, 3.35521775696e-07, 8.85724418254e-08, 1.60376529834e-08, 9.9601571435e-10, 6.08941647107e-11, 1.80544384998e-10],
        "max": [0.0111916735768, 0.762391924858, 28.1580314636, 58.6633415222, 67.4961700439, 144.312866211, 474.748535156, 933.375244141, 1076.45422363, 1448.01879883, 1202.29174805, 1418.49353027, 1683.56054688, 3462.47509766, 597.833435059, 21.4004993439, 47.0994338989, 17.4680633545, 15.1804676056, 7.81675958633, 6.75271892548, 4.31744241714, 1.12988829613, 1.7938914299, 0.712692379951, 0.546917974949, 0.514292836189, 0.510613024235, 0.498749554157, 0.392259091139, 0.255118876696, 0.104766316712, 0.0470745153725, 0.030201304704, 0.0202498845756, 0.0103316362947, 0.00430457899347, 0.00107773346826, 0.000213855193579, 0.000137918526889],
        "mean": [0.000891719711944, 0.0480355024338, 1.79219853878, 6.09118366241, 8.55554485321, 24.5075244904, 27.0308628082, 30.0323104858, 48.4529533386, 48.6124839783, 20.4614601135, 8.58184623718, 12.576540947, 25.7959918976, 4.41176128387, 1.18281626701, 2.07301568985, 0.642945170403, 0.503392457962, 0.217102199793, 0.188291549683, 0.0670165494084, 0.0375718995929, 0.0304758958519, 0.00749565567821, 0.00147766340524, 0.000874429941177, 0.000641640974209, 0.00053479464259, 0.000404505466577, 0.000278419960523, 0.00014000851661, 7.87736862549e-05, 5.25631076016e-05, 3.64118641301e-05, 2.20764104597e-05, 1.12371290015e-05, 2.30088062381e-06, 9.59846875048e-06, 2.23734041356e-05],
        "median": [0.000317947240546, 0.0126311117783, 0.163156151772, 2.00714325905, 5.39036893845, 15.781671524, 10.5760707855, 4.3412771225, 4.36132192612, 7.44010543823, 3.50258660316, 0.809208631516, 1.03874921799, 0.926141917706, 0.642597913742, 0.238285779953, 0.18966563046, 0.0972410142422, 0.0383958443999, 0.00908769574016, 0.0041796262376, 0.000999088748358, 0.000593240489252, 0.000345993204974, 0.000153710148879, 0.000120893651911, 9.68649910646e-05, 6.22519655735e-05, 4.98354602314e-05, 3.24881584675e-05, 3.04597433569e-05, 2.6684912882e-05, 2.08813307836e-05, 1.38840678119e-05, 1.05843409983e-05, 7.56198187446e-06, 4.2786477934e-06, 6.07875620062e-07, 6.31918555882e-06, 1.50995983859e-05],
        "min": [5.7574065977e-06, 0.000116179129691, 0.00228353822604, 0.0163356997073, 0.0867897644639, 0.361060142517, 0.232918649912, 0.0326331965625, 0.0151454173028, 0.0389659889042, 0.0376672744751, 0.018528977409, 0.00618191948161, 0.0044633843936, 0.00347863486968, 0.000973381334916, 0.000602306448855, 0.000214149767999, 6.30655194982e-05, 2.42553778662e-05, 1.06775642053e-05, 5.05792013428e-06, 2.21784671339e-06, 3.30417014993e-06, 2.15798149839e-06, 1.92118181985e-06, 2.25836538448e-06, 1.89883633084e-06, 2.33271680372e-06, 1.76236369498e-06, 1.67536450135e-06, 2.03279682864e-06, 1.89218906144e-06, 1.06868230887e-06, 5.07016636675e-07, 3.51584105829e-07, 1.75265867597e-07, 2.77472338439e-08, 2.1771882075e-07, 5.16209411217e-07],
        "var": [1.90247237697e-06, 0.00739551708102, 15.6906204224, 97.3246765137, 87.6694641113, 565.809143066, 2083.52368164, 9264.41796875, 14007.9208984, 16114.5664062, 6113.03710938, 4776.56445312, 7863.44921875, 35350.4335938, 566.57623291, 5.97657060623, 29.7663021088, 2.00800085068, 1.80487918854, 0.455551713705, 0.517388403416, 0.061365544796, 0.013597631827, 0.018655622378, 0.00176468549762, 0.00024295244657, 0.000207754565054, 0.000202663402888, 0.000192997904378, 0.000119472832012, 5.05920870637e-05, 8.65743459144e-06, 1.81211748895e-06, 7.5843314562e-07, 3.3556423773e-07, 8.87194886445e-08, 1.60866076016e-08, 9.97840587935e-10, 1.08929233689e-10, 4.21156859387e-10]
    },
    "gfcc": {
        "mean": [-286.991912842, 260.722198486, -47.6256713867, -62.8776512146, -44.8895454407, -26.9811725616, -36.3253097534, -34.579498291, -22.8093528748, -21.675113678, -5.85460519791, -19.0289993286, -8.31108474731],
        "cov": [[5159.22070312, -242.001571655, -2323.36523438, -172.37689209, 780.775939941, -428.416351318, -235.410797119, 482.013641357, 307.242462158, 132.188323975, 229.507476807, 293.344177246, 20.239944458], [-242.001571655, 241.036132812, 235.364746094, -78.2320861816, 56.5805130005, 89.9742736816, 42.7724914551, -16.8134498596, 1.64582645893, -7.05133771896, -26.4081268311, -48.0319595337, -20.1591072083], [-2323.36523438, 235.364746094, 1818.24499512, 325.772277832, -322.042205811, 423.026855469, 263.214263916, -251.734710693, -166.491790771, -54.8781547546, -140.331359863, -198.814605713, -39.6739463806], [-172.37689209, -78.2320861816, 325.772277832, 354.868408203, 8.4981470108, 59.7298469543, 53.7685050964, -19.4201488495, -17.1900787354, 1.07495439053, 4.32901334763, -22.4282836914, -30.7107582092], [780.775939941, 56.5805130005, -322.042205811, 8.4981470108, 326.216369629, -27.7987804413, -69.8558654785, 71.7453155518, 44.7647590637, 8.01596355438, 39.7444458008, 45.359336853, -26.3606910706], [-428.416351318, 89.9742736816, 423.026855469, 59.7298469543, -27.7987804413, 207.296585083, 108.290710449, -66.4551925659, -38.8747444153, -22.687286377, -63.2305221558, -58.0851287842, 10.2704410553], [-235.410797119, 42.7724914551, 263.214263916, 53.7685050964, -69.8558654785, 108.290710449, 175.09173584, 31.0092945099, -38.4257583618, -28.7957134247, -55.9495887756, -59.1454277039, 7.85482549667], [482.013641357, -16.8134498596, -251.734710693, -19.4201488495, 71.7453155518, -66.4551925659, 31.0092945099, 156.354324341, 63.0280151367, 4.33391427994, 18.2833843231, 16.8663864136, -24.7024536133], [307.242462158, 1.64582645893, -166.491790771, -17.1900787354, 44.7647590637, -38.8747444153, -38.4257583618, 63.0280151367, 100.667953491, 48.5185317993, 22.449010849, 17.9848384857, -15.6060934067], [132.188323975, -7.05133771896, -54.8781547546, 1.07495439053, 8.01596355438, -22.687286377, -28.7957134247, 4.33391427994, 48.5185317993, 71.9302902222, 45.1908874512, 8.91457748413, -13.304186821], [229.507476807, -26.4081268311, -140.331359863, 4.32901334763, 39.7444458008, -63.2305221558, -55.9495887756, 18.2833843231, 22.449010849, 45.1908874512, 98.4417419434, 57.632522583, -21.9831295013], [293.344177246, -48.0319595337, -198.814605713, -22.4282836914, 45.359336853, -58.0851287842, -59.1454277039, 16.8663864136, 17.9848384857, 8.91457748413, 57.632522583, 89.5526885986, 24.77186203], [20.239944458, -20.1591072083, -39.6739463806, -30.7107582092, -26.3606910706, 10.2704410553, 7.85482549667, -24.7024536133, -15.6060934067, -13.304186821, -21.9831295013, 24.77186203, 79.3406143188]],
        "icov": [[0.000768570927903, 0.000146484613651, 0.000821339024696, -0.000274724821793, -0.000993655645289, -0.000307740381686, -0.000575531448703, -0.000554893398657, -7.75693260948e-05, -0.00097927171737, 0.000192247011, -0.000612891279161, -0.000195407454157], [0.000146484613651, 0.0144622083753, -0.00400552013889, 0.0080910185352, -0.00888618547469, 0.00387689331546, -0.00857502408326, 0.00811509042978, -0.0133238798007, 0.0101065300405, -0.00998720340431, 0.00881829019636, -0.00175910547841], [0.000821339024696, -0.00400552013889, 0.00418185675517, -0.00373006612062, 0.00286094611511, -0.00429883878678, 0.00125348404981, -0.00137516111135, 0.00417876476422, -0.0036929671187, 0.00297164474614, -0.00263888109475, 0.00222478853539], [-0.000274724821793, 0.0080910185352, -0.00373006612062, 0.00862929131836, -0.00596056459472, 0.00426164967939, -0.00699841510504, 0.00644611753523, -0.00904897414148, 0.00686453515664, -0.00669818976894, 0.00454912520945, -0.000136414193548], [-0.000993655645289, -0.00888618547469, 0.00286094611511, -0.00596056459472, 0.0128381019458, -0.00845239497721, 0.012365845032, -0.0104677993804, 0.0122252302244, -0.00646315794438, 0.00651434343308, -0.00526822078973, 0.00276598590426], [-0.000307740381686, 0.00387689331546, -0.00429883878678, 0.00426164967939, -0.00845239497721, 0.0224391072989, -0.0190505385399, 0.0183932185173, -0.0157243777066, 0.00852181855589, -0.00179586035665, 0.000856170838233, 3.43823594449e-05], [-0.000575531448703, -0.00857502408326, 0.00125348404981, -0.00699841510504, 0.012365845032, -0.0190505385399, 0.0376678109169, -0.0329231210053, 0.0290931016207, -0.0159999784082, 0.0092166531831, 0.00244358880445, -0.0066888416186], [-0.000554893398657, 0.00811509042978, -0.00137516111135, 0.00644611753523, -0.0104677993804, 0.0183932185173, -0.0329231210053, 0.0428565479815, -0.0360199846327, 0.0253735687584, -0.0131748756394, 0.0033340298105, 0.00723314052448], [-7.75693260948e-05, -0.0133238798007, 0.00417876476422, -0.00904897414148, 0.0122252302244, -0.0157243777066, 0.0290931016207, -0.0360199846327, 0.0565265230834, -0.0443713143468, 0.0303359478712, -0.018104057759, 0.00495966011658], [-0.00097927171737, 0.0101065300405, -0.0036929671187, 0.00686453515664, -0.00646315794438, 0.00852181855589, -0.0159999784082, 0.0253735687584, -0.0443713143468, 0.0610150620341, -0.04334230721, 0.0290188472718, -0.00970408134162], [0.000192247011, -0.00998720340431, 0.00297164474614, -0.00669818976894, 0.00651434343308, -0.00179586035665, 0.0092166531831, -0.0131748756394, 0.0303359478712, -0.04334230721, 0.0576977878809, -0.0417989343405, 0.0214252565056], [-0.000612891279161, 0.00881829019636, -0.00263888109475, 0.00454912520945, -0.00526822078973, 0.000856170838233, 0.00244358880445, 0.0033340298105, -0.018104057759, 0.0290188472718, -0.0417989343405, 0.0518739521503, -0.024699376896], [-0.000195407454157, -0.00175910547841, 0.00222478853539, -0.000136414193548, 0.00276598590426, 3.43823594449e-05, -0.0066888416186, 0.00723314052448, 0.00495966011658, -0.00970408134162, 0.0214252565056, -0.024699376896, 0.0300915967673]]
    },
    "melbands": {
        "dmean": [7.11285792931e-06, 0.000164016004419, 0.000231280835578, 0.000441255455371, 0.000411114975577, 0.000178565314854, 0.000302500731777, 0.000183290016139, 4.15787471866e-05, 2.11325532291e-05, 2.04683674383e-05, 4.44740799139e-05, 1.09206994239e-05, 1.04410378299e-06, 9.52819334543e-07, 1.61404489063e-06, 2.70494325605e-07, 2.68346923349e-07, 2.25704127388e-07, 7.05931455514e-08, 9.71849516418e-08, 3.55760079174e-08, 3.11170218481e-08, 9.53673229276e-09, 1.54014809794e-08, 4.42914904752e-09, 1.27361088342e-09, 5.47838274745e-10, 4.68586169866e-10, 3.6399824821e-10, 3.10846431928e-10, 2.89615859073e-10, 2.40576447652e-10, 2.01022282154e-10, 1.66520214284e-10, 9.39766112151e-11, 6.35324778897e-11, 4.44206164907e-11, 3.64337240932e-11, 3.30608283805e-11],
        "dmean2": [1.23119370983e-05, 0.00026503103436, 0.000354878546204, 0.000668456486892, 0.000633601681329, 0.000219623863813, 0.000493807310704, 0.000288612762233, 5.48811913177e-05, 2.4316697818e-05, 2.97335536743e-05, 5.14746643603e-05, 1.54412318807e-05, 1.54069425662e-06, 1.25623125768e-06, 2.54870565186e-06, 4.08420703479e-07, 3.69425038116e-07, 3.10851817176e-07, 1.02442690775e-07, 1.17699940461e-07, 5.22039869111e-08, 4.71355505738e-08, 1.30603590165e-08, 2.18551505782e-08, 6.10927752831e-09, 1.73633862843e-09, 6.8865374514e-10, 5.8402876979e-10, 4.34447700037e-10, 3.54010959436e-10, 3.19534038118e-10, 2.69405275866e-10, 2.19234450038e-10, 1.86938658997e-10, 1.07478817513e-10, 7.51068998661e-11, 5.36323103983e-11, 4.43390844873e-11, 3.94991470087e-11],
        "dvar": [1.54665419361e-10, 1.0408347606e-07, 1.49648684555e-07, 2.94316009786e-07, 4.51423204595e-07, 4.55903091279e-07, 1.23060272017e-06, 4.43675787665e-07, 6.46137223725e-08, 4.98221481848e-08, 6.5383034098e-08, 1.87150661191e-07, 1.85703683542e-08, 8.28055939789e-12, 1.37743766046e-11, 4.6846193591e-11, 1.01895737941e-12, 1.06199543517e-12, 8.32602487389e-13, 1.40430500345e-13, 1.86729334794e-13, 4.74630642948e-14, 2.15393041537e-14, 1.6470436016e-15, 7.91745073908e-15, 1.53255756965e-15, 1.54874746624e-16, 9.60774648994e-17, 8.31531913447e-17, 6.87875919686e-17, 6.91694582441e-17, 6.82858109742e-17, 4.43673276968e-17, 3.42063734011e-17, 2.19375246766e-17, 5.78838906942e-18, 2.2007053343e-18, 9.07356644388e-19, 5.76575492632e-19, 5.22578951702e-19],
        "dvar2": [4.26626511896e-10, 2.60527826867e-07, 3.27609626538e-07, 7.26367545667e-07, 9.19930300824e-07, 6.54544351164e-07, 3.27924635712e-06, 1.08902452212e-06, 1.22378409628e-07, 5.37539861512e-08, 1.63323690572e-07, 3.00376939322e-07, 3.6715675833e-08, 1.67882773655e-11, 2.19702901705e-11, 1.17904727648e-10, 2.1339729029e-12, 2.04807850367e-12, 1.46367661914e-12, 2.80210154125e-13, 3.07870618105e-13, 1.10722635758e-13, 4.9936430994e-14, 2.76755267669e-15, 1.56610242488e-14, 2.58201116839e-15, 1.78085514022e-16, 9.81113498244e-17, 8.56386374749e-17, 6.89477804573e-17, 6.9241760447e-17, 6.83583844924e-17, 4.4415893125e-17, 3.42378095731e-17, 2.19535703261e-17, 5.7922085759e-18, 2.20304439428e-18, 9.08833265179e-19, 5.77410738256e-19, 5.23284381668e-19],
        "max": [0.000211635124288, 0.0108402585611, 0.00845743436366, 0.00611602887511, 0.01310845837, 0.0194575376809, 0.017662262544, 0.0131934517995, 0.00893417187035, 0.00970481336117, 0.00838716421276, 0.0152994198725, 0.00432229507715, 4.54427099612e-05, 7.65755758039e-05, 0.000166106707184, 1.78274476639e-05, 2.16452190216e-05, 2.03110539587e-05, 1.10328564915e-05, 8.74676698004e-06, 7.169732271e-06, 2.43121667154e-06, 8.37524112285e-07, 1.64098685218e-06, 1.27587168208e-06, 4.23202862976e-07, 3.49036241687e-07, 3.24392658513e-07, 2.98400067322e-07, 2.98526344977e-07, 2.96660800814e-07, 2.39048347339e-07, 2.0984704463e-07, 1.68088362784e-07, 8.58646913571e-08, 5.26111634258e-08, 3.32805143444e-08, 2.62472283907e-08, 2.50838390059e-08],
        "mean": [7.72726434661e-06, 0.000688658852596, 0.00106408761349, 0.00116158172023, 0.00101696420461, 0.000661999569274, 0.000793201732449, 0.000488320831209, 0.000133064735564, 4.97858272865e-05, 6.10221213719e-05, 0.000104912774987, 2.28959343076e-05, 3.06031733999e-06, 3.04749460156e-06, 4.25192547482e-06, 8.61005389652e-07, 7.50208982936e-07, 5.94095411088e-07, 1.55336508101e-07, 2.24739082455e-07, 7.20306587709e-08, 5.74073233395e-08, 1.83099437834e-08, 2.65659050314e-08, 7.98069610397e-09, 1.99782146382e-09, 6.9476790987e-10, 5.72404845745e-10, 4.32808705542e-10, 3.43620520926e-10, 3.0915620064e-10, 2.51468679213e-10, 2.09352812863e-10, 1.72371880658e-10, 1.01238621653e-10, 6.86270623662e-11, 4.88112258945e-11, 3.7995964014e-11, 3.35990540945e-11],
        "median": [3.50709296981e-06, 5.41560148122e-05, 0.000600572500844, 0.000823608832434, 0.000541144807357, 8.94712429726e-05, 6.60286968923e-05, 7.55995570216e-05, 1.89405309357e-05, 3.06989954879e-06, 4.17438832301e-06, 3.18222214446e-06, 2.15823911276e-06, 7.02350519077e-07, 3.39534892646e-07, 4.01950813966e-07, 1.16459077049e-07, 5.82239323421e-08, 2.08181756278e-08, 6.09453998379e-09, 3.12491588161e-09, 7.92465815191e-10, 5.83259829323e-10, 4.03851646569e-10, 2.31380192783e-10, 1.02613841035e-10, 8.23148008089e-11, 7.37273783691e-11, 5.99486155162e-11, 4.4219711226e-11, 2.99427115047e-11, 2.53773547315e-11, 1.94704773138e-11, 1.29130595106e-11, 1.31994484787e-11, 1.22075786979e-11, 1.05347987278e-11, 8.99788837189e-12, 5.54469057473e-12, 4.07099050651e-12],
