{
"highlevel": {
    "danceability": {
        "all": {
            "danceable": 0.986561775208,
            "not_danceable": 0.0134382070974
        },
        "probability": 0.986561775208,
        "value": "danceable"
    },
    "gender": {
        "all": {
            "female": 0.26019141078,
            "male": 0.739808619022
        },
        "probability": 0.739808619022,
        "value": "male"
    },
    "genre_dortmund": {
        "all": {
            "alternative": 0.0671434625983,
            "blues": 0.0248527955264,
            "electronic": 0.132382243872,
            "folkcountry": 0.0831776559353,
            "funksoulrnb": 0.0245085190982,
            "jazz": 0.252333760262,
            "pop": 0.0843919664621,
            "raphiphop": 0.243618264794,
            "rock": 0.0875913277268
        },
        "probability": 0.252333760262,
        "value": "jazz"
    },
    "genre_electronic": {
        "all": {
            "ambient": 0.266914844513,
            "dnb": 0.177097573876,
            "house": 0.203097745776,
            "techno": 0.0259977374226,
            "trance": 0.326892107725
        },
        "probability": 0.326892107725,
        "value": "trance"
    },
    "genre_rosamerica": {
        "all": {
            "cla": 0.00676191831008,
            "dan": 0.758970141411,
            "hip": 0.163017392159,
            "jaz": 0.00842392165214,
            "pop": 0.0132592618465,
            "rhy": 0.0362268984318,
            "roc": 0.00702965212986,
            "spe": 0.00631081359461
        },
        "probability": 0.758970141411,
        "value": "dan"
    },
    "genre_tzanetakis": {
        "all": {
            "blu": 0.0534286126494,
            "cla": 0.0296793803573,
            "cou": 0.0534212701023,
            "dis": 0.0445159301162,
            "hip": 0.133544236422,
            "jaz": 0.267067581415,
            "met": 0.0534032955766,
            "pop": 0.0534038804471,
            "reg": 0.0445042736828,
            "roc": 0.267031520605
        },
        "probability": 0.267067581415,
        "value": "jaz"
    },
    "ismir04_rhythm": {
        "all": {
            "ChaChaCha": 0.111231453717,
            "Jive": 0.200007736683,
            "Quickstep": 0.0589454956353,
            "Rumba-American": 0.0145961651579,
            "Rumba-International": 0.12740907073,
            "Rumba-Misc": 0.00519786123186,
            "Samba": 0.450947761536,
            "Tango": 0.010391256772,
            "VienneseWaltz": 0.00863619241863,
            "Waltz": 0.0126369986683
        },
        "probability": 0.450947761536,
        "value": "Samba"
    },
    "mood_acoustic": {
        "all": {
            "acoustic": 0.0484334044158,
            "not_acoustic": 0.951566576958
        },
        "probability": 0.951566576958,
        "value": "not_acoustic"
    },
    "mood_aggressive": {
        "all": {
            "aggressive": 0.0113980667666,
            "not_aggressive": 0.988601922989
        },
        "probability": 0.988601922989,
        "value": "not_aggressive"
    },
    "mood_electronic": {
        "all": {
            "electronic": 0.871403992176,
            "not_electronic": 0.128596037626
        },
        "probability": 0.871403992176,
        "value": "electronic"
    },
    "mood_happy": {
        "all": {
            "happy": 0.380954086781,
            "not_happy": 0.619045913219
        },
        "probability": 0.619045913219,
        "value": "not_happy"
    },
    "mood_party": {
        "all": {
            "not_party": 0.25282856822,
            "party": 0.747171401978
        },
        "probability": 0.747171401978,
        "value": "party"
    },
    "mood_relaxed": {
        "all": {
            "not_relaxed": 0.5,
            "relaxed": 0.5
        },
        "probability": 0.5,
        "value": "not_relaxed"
    },
    "mood_sad": {
        "all": {
            "not_sad": 0.718626499176,
            "sad": 0.281373530626
        },
        "probability": 0.718626499176,
        "value": "not_sad"
    },
    "moods_mirex": {
        "all": {
            "Cluster1": 0.353150874376,
            "Cluster2": 0.144751966,
            "Cluster3": 0.24883249402,
            "Cluster4": 0.169866889715,
            "Cluster5": 0.0833977758884
        },
        "probability": 0.353150874376,
        "value": "Cluster1"
    },
    "timbre": {
        "all": {
            "bright": 0.956807374954,
            "dark": 0.0431926213205
        },
        "probability": 0.956807374954,
        "value": "bright"
    },
    "tonal_atonal": {
        "all": {
            "atonal": 0.0213586371392,
            "tonal": 0.9786413908
        },
        "probability": 0.9786413908,
        "value": "tonal"
    },
    "voice_instrumental": {
        "all": {
            "instrumental": 0.0786174610257,
            "voice": 0.921382546425
        },
        "probability": 0.921382546425,
        "value": "voice"
    }
},
"lowlevel": {
    "average_loudness": 0.977199316025,
    "barkbands_crest": {
        "dmean": 3.96876955032,
        "dmean2": 6.23946523666,
        "dvar": 13.7766132355,
        "dvar2": 30.8972759247,
        "max": 25.3150672913,
        "mean": 12.9907646179,
        "median": 12.5243244171,
        "min": 2.63854241371,
        "var": 29.7912731171
    },
    "barkbands_flatness_db": {
        "dmean": 0.0391305051744,
        "dmean2": 0.0554902516305,
        "dvar": 0.00141834805254,
        "dvar2": 0.00296928267926,
        "max": 0.438312321901,
        "mean": 0.167227491736,
        "median": 0.156951516867,
        "min": 0.0374312289059,
        "var": 0.00429774960503
    },
    "barkbands_kurtosis": {
        "dmean": 10.60638237,
        "dmean2": 16.3263034821,
        "dvar": 915.795959473,
        "dvar2": 2203.54907227,
        "max": 462.718658447,
        "mean": 13.6431932449,
        "median": 4.6140294075,
        "min": -1.82883119583,
        "var": 1116.04016113
    },
    "barkbands_skewness": {
        "dmean": 1.13499498367,
        "dmean2": 1.6835398674,
        "dvar": 2.08159518242,
        "dvar2": 4.54479455948,
        "max": 18.9847011566,
        "mean": 2.60729694366,
        "median": 2.16805696487,
        "min": -3.64936423302,
        "var": 4.8557472229
    },
    "barkbands_spread": {
        "dmean": 8.70631885529,
        "dmean2": 13.2270479202,
        "dvar": 97.3564147949,
        "dvar2": 226.333770752,
        "max": 83.7102508545,
        "mean": 20.0493831635,
        "median": 17.9647541046,
        "min": 0.456846624613,
        "var": 181.281799316
    },
    "dissonance": {
        "dmean": 0.0198156498373,
        "dmean2": 0.0325909368694,
        "dvar": 0.000346651329892,
        "dvar2": 0.000891753530595,
        "max": 0.499954104424,
        "mean": 0.463140159845,
        "median": 0.468002319336,
        "min": 0.30412837863,
        "var": 0.000612979580183
    },
    "dynamic_complexity": 2.59960174561,
    "erbbands_crest": {
        "dmean": 2.96196866035,
        "dmean2": 4.65213823318,
        "dvar": 7.44605493546,
        "dvar2": 18.6967792511,
        "max": 25.2457885742,
        "mean": 8.10839176178,
        "median": 7.07274627686,
        "min": 2.27814126015,
        "var": 14.9257249832
    },
    "erbbands_flatness_db": {
        "dmean": 0.0223958194256,
        "dmean2": 0.0316545367241,
        "dvar": 0.00048478183453,
        "dvar2": 0.000962601334322,
        "max": 0.382397055626,
        "mean": 0.146098062396,
        "median": 0.141599103808,
        "min": 0.0509739071131,
        "var": 0.00144054391421
    },
    "erbbands_kurtosis": {
        "dmean": 1.01270544529,
        "dmean2": 1.66831970215,
        "dvar": 2.87514710426,
        "dvar2": 7.11752033234,
        "max": 25.5363578796,
        "mean": -0.0374726988375,
        "median": -0.518862247467,
        "min": -1.73231816292,
        "var": 3.8094098568
    },
    "erbbands_skewness": {
        "dmean": 0.463548183441,
        "dmean2": 0.690227508545,
        "dvar": 0.201402038336,
        "dvar2": 0.472120583057,
        "max": 4.62340497971,
        "mean": 0.356280863285,
        "median": 0.352486371994,
        "min": -2.84359097481,
        "var": 0.464401394129
    },
    "erbbands_spread": {
        "dmean": 14.6534099579,
        "dmean2": 22.0242729187,
        "dvar": 215.469284058,
        "dvar2": 509.622283936,
        "max": 142.242050171,
        "mean": 54.2893104553,
        "median": 51.8040504456,
        "min": 6.22090768814,
        "var": 548.311401367
    },
    "hfc": {
        "dmean": 9.82850933075,
        "dmean2": 13.7686309814,
        "dvar": 192.700820923,
        "dvar2": 437.221252441,
        "max": 172.836898804,
        "mean": 17.6554069519,
        "median": 12.4819059372,
        "min": 0.0472216047347,
        "var": 344.111633301
    },
    "melbands_crest": {
        "dmean": 4.65097761154,
        "dmean2": 7.01286792755,
        "dvar": 17.9589519501,
        "dvar2": 38.9292602539,
        "max": 38.2241096497,
        "mean": 18.0076274872,
        "median": 17.5402469635,
        "min": 3.77057147026,
        "var": 52.2998352051
    },
    "melbands_flatness_db": {
        "dmean": 0.0478872843087,
        "dmean2": 0.0671873316169,
        "dvar": 0.00225089723244,
        "dvar2": 0.00469581922516,
        "max": 0.533172369003,
        "mean": 0.220396324992,
        "median": 0.209283486009,
        "min": 0.0510494560003,
        "var": 0.00743577629328
    },
    "melbands_kurtosis": {
        "dmean": 29.5919570923,
        "dmean2": 45.2540893555,
        "dvar": 5520.7109375,
        "dvar2": 12552.3027344,
        "max": 962.234863281,
        "mean": 42.1788635254,
        "median": 18.8581981659,
        "min": -1.85199844837,
        "var": 7190.80029297
    },
    "melbands_skewness": {
        "dmean": 1.6851849556,
        "dmean2": 2.53888750076,
        "dvar": 5.12927818298,
        "dvar2": 10.9234695435,
        "max": 27.7854423523,
        "mean": 4.39153432846,
        "median": 3.72323226929,
        "min": -2.02829217911,
        "var": 10.9222898483
    },
    "melbands_spread": {
        "dmean": 11.0333509445,
        "dmean2": 17.6494064331,
        "dvar": 272.60534668,
        "dvar2": 660.277526855,
        "max": 227.461715698,
        "mean": 18.8857517242,
        "median": 13.9823083878,
        "min": 0.353600263596,
        "var": 376.566192627
    },
    "pitch_salience": {
        "dmean": 0.114551261067,
        "dmean2": 0.173436433077,
        "dvar": 0.0114410147071,
        "dvar2": 0.0249520763755,
        "max": 0.901932477951,
        "mean": 0.482306838036,
        "median": 0.504993498325,
        "min": 0.0421878322959,
        "var": 0.0299403052777
    },
    "silence_rate_20dB": {
        "dmean": 0,
        "dmean2": 0,
        "dvar": 0,
        "dvar2": 0,
        "max": 1,
        "mean": 1,
        "median": 1,
        "min": 1,
        "var": 0
    },
    "silence_rate_30dB": {
        "dmean": 0,
        "dmean2": 0,
        "dvar": 0,
        "dvar2": 0,
        "max": 1,
        "mean": 1,
        "median": 1,
        "min": 1,
        "var": 0
    },
    "silence_rate_60dB": {
        "dmean": 0.0727554187179,
        "dmean2": 0.145623549819,
        "dvar": 0.0674626603723,
        "dvar2": 0.146107956767,
        "max": 1,
        "mean": 0.0796597078443,
        "median": 0,
        "min": 0,
        "var": 0.0733139440417
    },
    "spectral_centroid": {
        "dmean": 409.979675293,
        "dmean2": 594.295410156,
        "dvar": 178852.15625,
        "dvar2": 427547.46875,
        "max": 5019.62158203,
        "mean": 1305.70629883,
        "median": 1208.92456055,
        "min": 140.018661499,
        "var": 438664.5
    },
    "spectral_complexity": {
        "dmean": 7.55495357513,
        "dmean2": 10.6622772217,
        "dvar": 76.8215789795,
        "dvar2": 158.647872925,
        "max": 53,
        "mean": 16.0989952087,
        "median": 14,
        "min": 0,
        "var": 137.062255859
    },
    "spectral_decrease": {
        "dmean": 3.56317664263e-09,
        "dmean2": 4.90186824464e-09,
        "dvar": 1.47199767854e-17,
        "dvar2": 2.80889062414e-17,
        "max": -1.55433166338e-11,
        "mean": -8.24969514923e-09,
        "median": -7.1309735894e-09,
        "min": -2.81574727978e-08,
        "var": 3.88197582007e-17
    },
    "spectral_energy": {
        "dmean": 0.0140306940302,
        "dmean2": 0.0191496312618,
        "dvar": 0.000225080075325,
        "dvar2": 0.000429014384281,
        "max": 0.107841402292,
        "mean": 0.0327375642955,
        "median": 0.0288359802216,
        "min": 6.32719602436e-05,
        "var": 0.000591994321439
    },
    "spectral_energyband_high": {
        "dmean": 0.000787289813161,
        "dmean2": 0.00109875004273,
        "dvar": 1.52043776325e-06,
        "dvar2": 3.24184043166e-06,
        "max": 0.0193178802729,
        "mean": 0.00114033534192,
        "median": 0.000448191334726,
        "min": 8.43187763166e-07,
        "var": 3.04795412376e-06
    },
    "spectral_energyband_low": {
        "dmean": 0.00857046060264,
        "dmean2": 0.0126561243087,
        "dvar": 0.000153625092935,
        "dvar2": 0.000321271043504,
        "max": 0.0980470776558,
        "mean": 0.01835241355,
        "median": 0.0110173719004,
        "min": 2.29971305998e-07,
        "var": 0.000414640788222
    },
    "spectral_energyband_middle_high": {
        "dmean": 0.00203542015515,
        "dmean2": 0.00324646360241,
        "dvar": 7.62678519095e-06,
        "dvar2": 1.95935590455e-05,
        "max": 0.0220559891313,
        "mean": 0.00320457434282,
        "median": 0.00224179285578,
        "min": 1.41178406921e-05,
        "var": 1.11023573481e-05
    },
    "spectral_energyband_middle_low": {
        "dmean": 0.00697659095749,
        "dmean2": 0.00948198139668,
        "dvar": 0.000104340499092,
        "dvar2": 0.000199438436539,
        "max": 0.0768838971853,
        "mean": 0.0118504026905,
        "median": 0.00581717770547,
        "min": 3.17525882565e-05,
        "var": 0.000214293220779
    },
    "spectral_entropy": {
        "dmean": 0.217452198267,
        "dmean2": 0.28619197011,
        "dvar": 0.0448305048048,
        "dvar2": 0.0901961624622,
        "max": 8.66529655457,
        "mean": 7.66572475433,
        "median": 7.71109771729,
        "min": 5.65071201324,
        "var": 0.15040628612
    },
    "spectral_flux": {
        "dmean": 0.0401498936117,
        "dmean2": 0.0635192170739,
        "dvar": 0.00168513343669,
        "dvar2": 0.00396991614252,
        "max": 0.265666872263,
        "mean": 0.0977985560894,
        "median": 0.0907111093402,
        "min": 0.00640915380791,
        "var": 0.00300407363102
    },
    "spectral_kurtosis": {
        "dmean": 1.35175418854,
        "dmean2": 2.16396260262,
        "dvar": 1.89905631542,
        "dvar2": 4.74347543716,
        "max": 14.9770774841,
        "mean": 2.32644462585,
        "median": 1.87972307205,
        "min": -0.699198484421,
        "var": 3.77020049095
    },
    "spectral_rms": {
        "dmean": 0.00132248864975,
        "dmean2": 0.00171696674079,
        "dvar": 1.79181688509e-06,
        "dvar2": 3.10300765705e-06,
        "max": 0.0102572478354,
        "mean": 0.00511857913807,
        "median": 0.00530402315781,
        "min": 0.000248452706728,
        "var": 5.73931447434e-06
    },
    "spectral_rolloff": {
        "dmean": 795.81262207,
        "dmean2": 1295.96142578,
        "dvar": 1741698.625,
        "dvar2": 3990946.5,
        "max": 11670.9960938,
        "mean": 1187.29162598,
        "median": 602.9296875,
        "min": 43.06640625,
        "var": 2527099
    },
    "spectral_skewness": {
        "dmean": 0.25815436244,
        "dmean2": 0.381705164909,
        "dvar": 0.0507211908698,
        "dvar2": 0.113258749247,
        "max": 3.09368753433,
        "mean": 1.14884412289,
        "median": 1.11809360981,
        "min": 0.0839190334082,
        "var": 0.159623801708
    },
    "spectral_spread": {
        "dmean": 722058.9375,
        "dmean2": 1043900.75,
        "dvar": 713994600448,
        "dvar2": 1.59635472384e+12,
        "max": 10988665,
        "mean": 4894673.5,
        "median": 4725237.5,
        "min": 2122222.5,
        "var": 1.52732513075e+12
    },
    "spectral_strongpeak": {
        "dmean": 0.365460127592,
        "dmean2": 0.581599533558,
        "dvar": 0.246065080166,
        "dvar2": 0.617649495602,
        "max": 5.62406730652,
        "mean": 0.632091164589,
        "median": 0.454212605953,
        "min": 0,
        "var": 0.342575997114
    },
    "zerocrossingrate": {
        "dmean": 0.0163007322699,
        "dmean2": 0.0183156523854,
        "dvar": 0.000336613447871,
        "dvar2": 0.00039174259291,
        "max": 0.359375,
        "mean": 0.0532249212265,
        "median": 0.04638671875,
        "min": 0.00341796875,
        "var": 0.00150590948761
    },
    "barkbands": {
        "dmean": [0.000718264374882, 0.00687924167141, 0.00303733744659, 0.00187533802819, 0.0041149687022, 0.000993629568256, 0.000640549696982, 0.000643114908598, 0.000499460613355, 0.000570906791836, 0.000367904722225, 0.000165022021974, 0.000260550470557, 0.000266145652859, 0.000200918788323, 0.000205182397622, 0.000272524775937, 0.000236695603235, 0.000232211386901, 0.000173641266883, 0.000191851882846, 0.000195904198335, 0.000165519828442, 0.000112751760753, 6.77954521962e-05, 2.78557545244e-05, 1.35868958751e-07],
        "dmean2": [0.00105969130527, 0.0108981812373, 0.00455766916275, 0.00252606067806, 0.00568466447294, 0.0016209972091, 0.000988670974039, 0.00101809762418, 0.000789615442045, 0.000886024674401, 0.000604695233051, 0.000266367977019, 0.000434110552305, 0.000414640991949, 0.000339155783877, 0.00033694630838, 0.000472257699585, 0.000393361755414, 0.000379669829272, 0.00026035332121, 0.000285242422251, 0.000286620983388, 0.000244828173891, 0.000170226601767, 0.000105614177301, 4.6683671826e-05, 2.31679550211e-07],
        "dvar": [1.62840603934e-06, 0.000144453108078, 2.6751860787e-05, 1.62853812071e-05, 7.89620462456e-05, 4.35868605564e-06, 8.88021929768e-07, 1.98553630071e-06, 9.23193510971e-07, 1.28982833303e-06, 6.35595540643e-07, 1.00358093391e-07, 2.22101604663e-07, 1.55962410986e-07, 1.26463831407e-07, 1.26382673216e-07, 2.9515621236e-07, 1.96234339001e-07, 1.42322264196e-07, 6.74610092233e-08, 8.20174008709e-08, 8.30482562719e-08, 6.73719213751e-08, 7.11311827217e-08, 7.01324083252e-08, 2.57383252489e-08, 1.50067377145e-13],
        "dvar2": [3.63149911209e-06, 0.000326849345583, 6.87011270202e-05, 3.0915663956e-05, 0.000147632425069, 1.23430108943e-05, 1.73974126483e-06, 4.51264077128e-06, 2.02587625608e-06, 3.22439564115e-06, 1.67636062542e-06, 2.16150908727e-07, 5.89411513374e-07, 3.79158223041e-07, 3.29630040596e-07, 3.15950586582e-07, 8.11012625945e-07, 5.1596123285e-07, 3.68976571963e-07, 1.50127561938e-07, 1.83196974035e-07, 1.66605502727e-07, 1.33219927534e-07, 1.65326213164e-07, 1.63310488688e-07, 6.36640962171e-08, 3.60665680264e-13],
        "max": [0.0118025084957, 0.0911589711905, 0.0540929622948, 0.0434973426163, 0.063434779644, 0.0303718615323, 0.0120391845703, 0.0219409428537, 0.0191322397441, 0.0137260695919, 0.0127988159657, 0.00439496338367, 0.0055206110701, 0.00533049320802, 0.00436799647287, 0.00354848941788, 0.00577508332208, 0.00370724429376, 0.00337865063921, 0.00219071493484, 0.00242721149698, 0.00374413165264, 0.00467843469232, 0.00549654522911, 0.00552237592638, 0.00288241263479, 4.34308503827e-06],
        "mean": [0.00127602752764, 0.0107185775414, 0.00465357117355, 0.00263397721574, 0.00515733379871, 0.00137494027149, 0.000964215782005, 0.000847208430059, 0.000689516600687, 0.000712559674866, 0.000446408463176, 0.000197509099962, 0.000294941011816, 0.000353920157067, 0.000214669838897, 0.000220493879169, 0.000246203009738, 0.000225960960961, 0.000265669776127, 0.000228003802476, 0.000254210783169, 0.00028981489595, 0.000229810917517, 0.000136877701152, 7.84897711128e-05, 2.66198876488e-05, 9.89615642766e-08],
        "median": [5.26862422703e-05, 0.00314668589272, 0.000986466533504, 0.000328349735355, 0.000676458119415, 0.000471830484457, 0.000366055261111, 0.000261755107203, 0.000269980402663, 0.000213732651901, 0.000164440658409, 9.38361699809e-05, 0.000117550807772, 0.000157563365065, 8.91479285201e-05, 9.04897751752e-05, 7.78432440711e-05, 7.41994663258e-05, 0.000124309299281, 8.51198929013e-05, 0.000105066850665, 0.000128310028231, 7.37559021218e-05, 4.06124308938e-05, 1.25717197079e-05, 3.12721090268e-06, 9.71043578879e-10],
        "min": [2.12463135973e-09, 1.00515276102e-08, 3.53544082898e-09, 3.92153438611e-08, 4.8425681598e-07, 1.51534015913e-06, 3.3716978578e-06, 9.77019070092e-08, 3.5087850847e-07, 9.23604773106e-07, 3.51095707174e-07, 2.02553181339e-07, 3.00621621818e-07, 3.73345841354e-07, 3.10175039431e-07, 2.26171650297e-07, 3.50004967231e-07, 2.53386048144e-07, 3.23450251472e-07, 2.16987388058e-07, 1.95064941977e-07, 1.57987727789e-07, 8.73944188129e-08, 2.48686351512e-08, 7.77516731554e-11, 3.46883936506e-12, 5.05937436043e-12],
        "var": [5.10851714353e-06, 0.000231708836509, 5.30782308488e-05, 3.51702692569e-05, 0.000131245687953, 5.70169140701e-06, 2.27962323152e-06, 3.3500648442e-06, 2.19664570977e-06, 1.92855145542e-06, 8.18214800802e-07, 1.35583263727e-07, 2.58140687492e-07, 2.58621781768e-07, 1.22267934444e-07, 1.32258236363e-07, 2.16364455241e-07, 1.66792531786e-07, 1.43091952509e-07, 1.02566374949e-07, 1.25925168959e-07, 1.71215205569e-07, 1.32411841491e-07, 1.08660017872e-07, 1.18350243383e-07, 2.35719017638e-08, 1.21537613415e-13]
    },
    "erbbands": {
        "dmean": [0.266346693039, 1.35416328907, 2.86038327217, 5.34835958481, 11.8569345474, 12.4976711273, 9.10121250153, 7.79735851288, 9.19149208069, 12.3730192184, 10.8494977951, 12.17283535, 14.895190239, 15.2131700516, 11.5013237, 7.23700666428, 11.6591253281, 13.0615911484, 10.2116975784, 12.3578662872, 10.3608083725, 15.1784753799, 12.3843374252, 13.1277160645, 9.81144332886, 8.30537319183, 8.3305683136, 7.47863578796, 6.92864370346, 6.49949741364, 4.6186041832, 2.89956307411, 1.67114675045, 0.867665171623, 0.438998162746, 0.16928397119, 0.0509037561715, 0.00343669345602, 8.56406404637e-05, 2.07738903555e-05],
        "dmean2": [0.428649574518, 2.14267420769, 4.49760389328, 7.55332136154, 16.9528942108, 17.7169570923, 14.7939291, 12.6377716064, 14.2867069244, 18.6987781525, 17.5901584625, 19.4738311768, 23.0319595337, 24.7350444794, 18.8059272766, 11.8519153595, 19.5131130219, 20.3324108124, 16.1325187683, 21.0545253754, 16.9188404083, 26.1530513763, 20.4095821381, 21.7169036865, 15.369512558, 12.6298561096, 12.4063158035, 11.2101182938, 10.1514778137, 9.3301782608, 6.85289525986, 4.35519647598, 2.54276633263, 1.38186728954, 0.705979526043, 0.278460681438, 0.0818996801972, 0.00563263567165, 0.000133074267069, 2.8908945751e-05],
        "dvar": [0.254248261452, 5.71659803391, 21.333158493, 116.820419312, 620.675720215, 915.864868164, 325.910461426, 340.704956055, 222.622558594, 551.798522949, 426.747436523, 582.916381836, 936.065612793, 982.277099609, 572.743408203, 194.442260742, 490.237701416, 337.630737305, 281.318786621, 565.561218262, 311.597991943, 954.349243164, 510.458404541, 539.11529541, 236.578964233, 157.71635437, 175.202774048, 117.656059265, 109.035194397, 83.7890167236, 57.9442481995, 44.8128166199, 17.7541046143, 10.7634658813, 2.97947096825, 0.750140249729, 0.089116550982, 0.000459066126496, 1.70309476744e-07, 9.70444058446e-10],
        "dvar2": [0.587850511074, 13.142539978, 56.4655303955, 238.428833008, 1293.66308594, 1600.92370605, 808.678527832, 973.341003418, 453.421569824, 1217.40783691, 1080.30944824, 1238.67260742, 2291.27709961, 2643.8684082, 1560.38806152, 426.562103271, 1313.546875, 843.705932617, 660.81628418, 1535.0859375, 771.195373535, 2615.72338867, 1309.64916992, 1454.4786377, 593.124755859, 365.940734863, 395.407165527, 262.90057373, 216.465240479, 167.666046143, 122.60949707, 102.337501526, 41.4819068909, 26.0486698151, 6.55199623108, 1.94683027267, 0.2073353827, 0.0010667728493, 3.93724633341e-07, 2.04328109987e-09],
        "max": [4.34995365143, 17.8245162964, 44.5879402161, 118.471511841, 194.999008179, 362.154693604, 253.787200928, 231.731369019, 223.453948975, 423.357025146, 297.327423096, 527.015808105, 405.859893799, 461.580200195, 376.828826904, 217.316772461, 283.835266113, 253.299926758, 266.933074951, 197.121749878, 202.722763062, 359.667938232, 219.884872437, 259.953430176, 146.668655396, 112.477485657, 109.185272217, 99.3244934082, 155.20602417, 89.0579071045, 135.384780884, 135.886703491, 95.7583770752, 64.1477432251, 38.7886009216, 15.2400894165, 5.3442902565, 0.362133413553, 0.00665520643815, 0.000447154336143],
        "mean": [0.431448370218, 1.92124772072, 4.61703872681, 9.02935504913, 14.445939064, 15.6219549179, 11.5742387772, 11.0893192291, 13.9328432083, 17.9036655426, 14.2273416519, 16.8639774323, 19.2806549072, 19.8004932404, 14.7226982117, 8.88346385956, 13.3340187073, 17.7267971039, 13.4202651978, 12.799779892, 11.4717350006, 13.8653049469, 12.1929340363, 14.0156564713, 11.9771413803, 10.7223911285, 10.4294242859, 10.3181743622, 10.2280416489, 9.30681991577, 6.0563158989, 3.6322748661, 1.86926221848, 0.964820504189, 0.507873892784, 0.161837235093, 0.0480499267578, 0.0031056124717, 9.68598178588e-05, 4.42724340246e-05],
        "median": [0.0461207441986, 0.737352073193, 2.29407191277, 1.62882065773, 2.12506318092, 2.28488016129, 3.04500317574, 3.79973173141, 5.2537856102, 5.43975639343, 5.81818199158, 6.54422807693, 7.0815320015, 7.29192447662, 6.11579847336, 4.46661567688, 6.19462585449, 8.69865608215, 6.96160650253, 5.26815652847, 5.00351333618, 4.51469421387, 4.07072782516, 6.48666191101, 5.37659072876, 4.07426404953, 3.56255912781, 4.87235689163, 4.50873708725, 2.89211273193, 1.99474644661, 1.21088552475, 0.47787502408, 0.158274412155, 0.0840729102492, 0.0221022889018, 0.00385595764965, 0.000185597644304, 2.68018920906e-05, 3.70505767933e-05],
        "min": [1.1765094996e-06, 6.79993763697e-06, 3.98427546315e-05, 0.000463042990305, 0.000923723622691, 0.00333463260904, 0.0185015182942, 0.0231177434325, 0.0357124358416, 0.0323522649705, 0.00918805971742, 0.0262992400676, 0.0327796116471, 0.0484347119927, 0.0322618894279, 0.0162483584136, 0.0232888199389, 0.0484658665955, 0.0220172218978, 0.019824815914, 0.0167308449745, 0.0180691666901, 0.0203684475273, 0.0213520843536, 0.0179246719927, 0.010928501375, 0.00810581818223, 0.00776653690264, 0.00648281071335, 0.00376933650114, 0.00263558211736, 0.00111681350973, 0.000151143889525, 3.70280358766e-05, 1.03905940705e-05, 4.8222100304e-06, 3.50776048208e-07, 4.68282941313e-08, 4.39219576265e-08, 7.67040333471e-08],
        "var": [0.517464399338, 7.47647857666, 37.26902771, 289.227539062, 906.893554688, 1440.36767578, 472.883850098, 441.287811279, 474.493774414, 1172.05004883, 559.671630859, 1512.24829102, 1369.81530762, 1311.51098633, 704.363220215, 257.2996521, 537.60723877, 565.854675293, 419.778320312, 452.667205811, 330.048522949, 701.15838623, 461.880523682, 448.973999023, 288.655761719, 225.015609741, 256.435943604, 183.365646362, 227.876281738, 166.689468384, 107.518600464, 69.5129394531, 27.5472679138, 17.0645198822, 4.89520692825, 0.699867188931, 0.0862070322037, 0.000462433759822, 1.8241512123e-07, 1.75164882599e-09]
    },
    "gfcc": {
        "mean": [-19.4860916138, 90.6767807007, -118.873573303, 50.4950485229, -70.2068557739, 20.9645595551, -33.7538986206, 5.6183795929, -17.236284256, 0.56620246172, -12.6736707687, -2.96343922615, -8.22216415405],
        "cov": [[6496.81347656, -617.999267578, 285.011352539, 543.696716309, 52.6207008362, 205.243499756, -15.2335042953, 69.1534805298, -117.531929016, 14.0371761322, -302.123931885, 102.082946777, -324.399810791], [-617.999267578, 1180.49279785, 27.5345840454, 154.911056519, 290.928588867, 38.0182991028, 358.233825684, -20.2509441376, 278.073516846, -115.468353271, 191.235321045, -173.482070923, 55.0436897278], [285.011352539, 27.5345840454, 947.998535156, 331.573028564, 318.397796631, 201.45753479, 97.3165512085, 191.30090332, 32.7260742188, 117.059539795, 11.8228302002, 86.4944763184, -4.78186798096], [543.696716309, 154.911056519, 331.573028564, 467.139556885, 181.092086792, 90.3140029907, 104.052810669, 32.0342826843, 123.310470581, -11.8534479141, 79.0564651489, -36.4925079346, 40.7362670898], [52.6207008362, 290.928588867, 318.397796631, 181.092086792, 491.62689209, 212.411346436, 208.433044434, 163.346160889, 106.597633362, 47.6571426392, 57.3624649048, 0.863455653191, -18.8418445587], [205.243499756, 38.0182991028, 201.45753479, 90.3140029907, 212.411346436, 312.246917725, 177.550018311, 159.354141235, 52.5472755432, 47.8125762939, 31.8775672913, -5.14916133881, 7.3207616806], [-15.2335042953, 358.233825684, 97.3165512085, 104.052810669, 208.433044434, 177.550018311, 334.817871094, 107.975791931, 152.604537964, 15.8098182678, 86.1440811157, -38.6650505066, 12.917883873], [69.1534805298, -20.2509441376, 191.30090332, 32.0342826843, 163.346160889, 159.354141235, 107.975791931, 242.740463257, 79.9949569702, 118.00188446, 50.6527366638, 40.9706039429, 13.8910131454], [-117.531929016, 278.073516846, 32.7260742188, 123.310470581, 106.597633362, 52.5472755432, 152.604537964, 79.9949569702, 215.864257812, 40.9616279602, 109.056152344, -47.8204040527, 42.572177887], [14.0371761322, -115.468353271, 117.059539795, -11.8534479141, 47.6571426392, 47.8125762939, 15.8098182678, 118.00188446, 40.9616279602, 172.188720703, 38.8159751892, 61.3614959717, 6.52096796036], [-302.123931885, 191.235321045, 11.8228302002, 79.0564651489, 57.3624649048, 31.8775672913, 86.1440811157, 50.6527366638, 109.056152344, 38.8159751892, 185.359573364, 14.1216545105, 71.7555541992], [102.082946777, -173.482070923, 86.4944763184, -36.4925079346, 0.863455653191, -5.14916133881, -38.6650505066, 40.9706039429, -47.8204040527, 61.3614959717, 14.1216545105, 156.740005493, 10.4347658157], [-324.399810791, 55.0436897278, -4.78186798096, 40.7362670898, -18.8418445587, 7.3207616806, 12.917883873, 13.8910131454, 42.572177887, 6.52096796036, 71.7555541992, 10.4347658157, 125.592964172]],
        "icov": [[0.000289625138976, -8.50914730108e-05, 0.000269052747171, -0.000794423220214, 0.000286773312837, -0.000295392121188, 3.96017821913e-05, -0.000265138369286, 0.000127136634546, -0.00012653520389, 0.000574658624828, -0.00056655833032, 0.000821012654342], [-8.50914730108e-05, 0.00308969477192, -0.00088970217621, 0.0016334959073, -0.00168851146009, 0.00170898076613, -0.00220676115714, 0.00150875782128, -0.00202244101092, 0.00217417185195, -0.00227270228788, 0.00225941836834, -0.000747028447222], [0.000269052747171, -0.00088970217621, 0.00268515921198, -0.00279944762588, 3.92531401303e-05, -0.000860247993842, 0.000590387557168, -0.00148090790026, 0.00157107214909, -0.00159079476725, 0.0018487268826, -0.00191409315448, 0.000907061563339], [-0.000794423220214, 0.0016334959073, -0.00279944762588, 0.00714205903932, -0.00206231651828, 0.000913840136491, -0.000443944853032, 0.00293780514039, -0.00364570179954, 0.00254718703218, -0.00341166136786, 0.00309711019509, -0.0030375153292], [0.000286773312837, -0.00168851146009, 3.92531401303e-05, -0.00206231651828, 0.00518445950001, -0.00215341895819, 0.000105228646134, -0.00215910072438, 0.000765119912103, -0.000575325335376, 0.00123912608251, -0.00188595091458, 0.00250170240179], [-0.000295392121188, 0.00170898076613, -0.000860247993842, 0.000913840136491, -0.00215341895819, 0.00853568967432, -0.00426975172013, -0.00276993727311, 0.00186630571261, 0.00118264986668, -0.0014274707064, 0.00310610141605, -0.0020527401939], [3.96017821913e-05, -0.00220676115714, 0.000590387557168, -0.000443944853032, 0.000105228646134, -0.00426975172013, 0.0085957897827, -0.000704955193214, -0.00277456711046, 2.68128933385e-05, 0.000595176359639, -0.00173992791679, 0.00143805518746], [-0.000265138369286, 0.00150875782128, -0.00148090790026, 0.00293780514039, -0.00215910072438, -0.00276993727311, -0.000704955193214, 0.0119491033256, -0.00413890043274, -0.00325855542906, -0.00126061576884, 0.000193127285456, -0.00149057141971], [0.000127136634546, -0.00202244101092, 0.00157107214909, -0.00364570179954, 0.000765119912103, 0.00186630571261, -0.00277456711046, -0.00413890043274, 0.0142488079146, -0.00420182896778, -0.0018787260633, 0.0026155191008, -0.000549448712263], [-0.00012653520389, 0.00217417185195, -0.00159079476725, 0.00254718703218, -0.000575325335376, 0.00118264986668, 2.68128933385e-05, -0.00325855542906, -0.00420182896778, 0.0126291001216, -0.00287740421481, -0.00114289368503, 0.000543426198419], [0.000574658624828, -0.00227270228788, 0.0018487268826, -0.00341166136786, 0.00123912608251, -0.0014274707064, 0.000595176359639, -0.00126061576884, -0.0018787260633, -0.00287740421481, 0.0128467939794, -0.00474232248962, -0.00215491908602], [-0.00056655833032, 0.00225941836834, -0.00191409315448, 0.00309711019509, -0.00188595091458, 0.00310610141605, -0.00173992791679, 0.000193127285456, 0.0026155191008, -0.00114289368503, -0.00474232248962, 0.0125319706276, -0.00299644097686], [0.000821012654342, -0.000747028447222, 0.000907061563339, -0.0030375153292, 0.00250170240179, -0.0020527401939, 0.00143805518746, -0.00149057141971, -0.000549448712263, 0.000543426198419, -0.00215491908602, -0.00299644097686, 0.0135801034048]]
    },
    "melbands": {
        "dmean": [0.00209230463952, 0.00145364878699, 0.000982084544376, 0.001044277451, 0.000336444238201, 0.000179220820428, 0.000133996916702, 0.000143960933201, 8.75903933775e-05, 7.62566778576e-05, 7.79028850957e-05, 6.62248858134e-05, 4.29175488534e-05, 1.97491499421e-05, 2.34160543187e-05, 2.67241375695e-05, 2.62901339738e-05, 1.80199513125e-05, 1.64557604876e-05, 1.70692364918e-05, 1.15257043944e-05, 1.67972630152e-05, 1.2703025277e-05, 1.10863411464e-05, 1.10144337668e-05, 9.00918530533e-06, 5.66735388929e-06, 5.58853253096e-06, 5.64360834687e-06, 4.5270476221e-06, 4.62919706479e-06, 4.04152206102e-06, 4.00451244786e-06, 3.65516893908e-06, 2.88125715997e-06, 1.94418475985e-06, 1.94515746443e-06, 1.25418739572e-06, 9.80473942036e-07, 6.6730041226e-07],
        "dmean2": [0.00334422965534, 0.00226544728503, 0.00143181229942, 0.00143910769839, 0.000528844480868, 0.000288109935354, 0.000208051947993, 0.000220652029384, 0.00014265300706, 0.000121619988931, 0.000120886608784, 0.000107212392322, 7.0520065492e-05, 3.2197447581e-05, 3.92120091419e-05, 4.39440846094e-05, 4.11882756453e-05, 2.83848476101e-05, 2.80274489342e-05, 2.87816474156e-05, 1.90517712326e-05, 2.91814631055e-05, 2.17262640945e-05, 1.83397896762e-05, 1.83592183021e-05, 1.4693076082e-05, 8.76948251971e-06, 8.57623854245e-06, 8.62797060108e-06, 6.98065150573e-06, 7.04064495949e-06, 6.03274384048e-06, 6.01960846325e-06, 5.43002533959e-06, 4.36414711658e-06, 3.08085191136e-06, 2.96347707263e-06, 1.92762172446e-06, 1.61274067523e-06, 1.07754453893e-06],
        "dvar": [1.44107143569e-05, 4.64509730591e-06, 2.49144909503e-06, 5.27838119524e-06, 5.29956821538e-07, 1.56020519171e-07, 4.34294911145e-08, 8.60730935415e-08, 2.7163435945e-08, 2.21087734786e-08, 2.5796300207e-08, 1.79538055534e-08, 8.04795874387e-09, 1.50237555729e-09, 2.17182005713e-09, 2.06358885535e-09, 1.52705637024e-09, 9.80671099882e-10, 9.00249208513e-10, 9.74180180968e-10, 3.92283566741e-10, 1.28044108649e-09, 5.98748162162e-10, 3.93652332953e-10, 3.8485684084e-10, 2.22846394116e-10, 8.2309367655e-11, 7.34395044777e-11, 9.20655288117e-11, 4.54388714155e-11, 4.55595144944e-11, 3.8685495779e-11, 3.60863040838e-11, 2.71112056416e-11, 2.12332044308e-11, 2.12192676624e-11, 2.02044648373e-11, 9.08899951829e-12, 1.11972341121e-11, 7.17872462863e-12],
        "dvar2": [3.29014146701e-05, 1.13433779916e-05, 5.41436111234e-06, 9.9484987004e-06, 1.12441364308e-06, 4.44364133045e-07, 8.94675409313e-08, 1.90368126596e-07, 6.87274663846e-08, 4.69938790104e-08, 6.32592858096e-08, 4.77106674168e-08, 2.07430677079e-08, 3.88071663693e-09, 5.31628652212e-09, 5.21139975618e-09, 3.81626774626e-09, 2.31515762117e-09, 2.39324382534e-09, 2.55054000142e-09, 9.5847585424e-10, 3.5177469826e-09, 1.58744373202e-09, 1.04561370673e-09, 1.04077468865e-09, 5.67911218052e-10, 2.02466016175e-10, 1.6887549692e-10, 2.05914785223e-10, 1.06640023201e-10, 1.06589931326e-10, 8.017785047e-11, 7.36774946608e-11, 5.42703729178e-11, 4.73050904004e-11, 4.00873154116e-11, 4.95779008125e-11, 2.11280541673e-11, 2.77599384452e-11, 1.73797833763e-11],
        "max": [0.0303080100566, 0.0171127915382, 0.016606066376, 0.0169731304049, 0.00901549682021, 0.00513934157789, 0.00288893072866, 0.00523804919794, 0.00230520730838, 0.0030879881233, 0.0020200277213, 0.0017979076365, 0.00151278043631, 0.000622179242782, 0.000606527377386, 0.00067489896901, 0.000583949033171, 0.000548792013433, 0.00026690858067, 0.000288336043013, 0.000211206686799, 0.000463825359475, 0.000231330472161, 0.00017936869699, 0.000221744354349, 0.00014692840341, 0.000105704981252, 6.96256611263e-05, 9.30336900637e-05, 6.65061743348e-05, 7.15567439329e-05, 9.29855596041e-05, 8.23216541903e-05, 4.95488347951e-05, 5.75953854423e-05, 0.000115964678116, 6.71667585266e-05, 7.18843220966e-05, 5.5619788327e-05, 6.17772093392e-05],
        "mean": [0.00336331897415, 0.00251242145896, 0.00161084963474, 0.00125795067288, 0.000425768288551, 0.00025834486587, 0.000202719704248, 0.000202357259695, 0.000115106377052, 0.000102254685771, 9.77569434326e-05, 8.42808804009e-05, 5.33709462616e-05, 2.36774212681e-05, 2.51010314969e-05, 3.1538274925e-05, 3.44230538758e-05, 2.3070435418e-05, 1.70782404894e-05, 1.75384957402e-05, 1.24351963677e-05, 1.50851665239e-05, 1.16185501611e-05, 1.05068647827e-05, 1.15344091682e-05, 9.94910442387e-06, 7.42326164982e-06, 6.94024674885e-06, 6.68333996146e-06, 5.71414784645e-06, 6.13258180238e-06, 5.81248787057e-06, 5.48187927052e-06, 5.04221316078e-06, 3.64287325283e-06, 2.45623141382e-06, 2.21949449042e-06, 1.37570714287e-06, 9.85672272691e-07, 7.28866268673e-07],
        "median": [0.000615668657701, 0.00165483588353, 0.000442466582172, 0.000145093450556, 0.000116552066174, 9.51927431743e-05, 7.91514685261e-05, 5.83427536185e-05, 4.4536551286e-05, 3.65659507224e-05, 3.2099764212e-05, 2.74566846201e-05, 2.02875307878e-05, 1.20083541333e-05, 9.85046517599e-06, 1.2091404642e-05, 1.51675212692e-05, 1.14195290735e-05, 6.99781867297e-06, 6.98824260326e-06, 5.28643658981e-06, 4.55033978142e-06, 3.22665960084e-06, 3.55917109118e-06, 5.22699428984e-06, 4.27475879405e-06, 2.86322551801e-06, 2.51117967309e-06, 2.07867628887e-06, 2.16538524e-06, 2.81526968138e-06, 2.60637261817e-06, 1.88412116131e-06, 1.37746235396e-06, 1.11449935503e-06, 8.63868308443e-07, 6.38748758774e-07, 3.48210363654e-07, 1.63996574543e-07, 9.03671093511e-08],
        "min": [1.14329425926e-08, 7.12516134982e-09, 8.76634658198e-08, 1.23540672803e-07, 4.29665135471e-07, 4.24319807735e-07, 5.14938335527e-07, 1.28342051653e-07, 5.101085776e-08, 4.53333122152e-08, 1.38171742492e-07, 2.06794666724e-07, 9.10551491984e-08, 2.6697343003e-08, 6.00884746405e-08, 3.52607862908e-08, 5.36609903179e-08, 2.96962952007e-08, 2.61080845831e-08, 1.75801542213e-08, 1.58628328251e-08, 1.81351609285e-08, 1.65354947512e-08, 1.17340510641e-08, 1.41276581545e-08, 7.79822517671e-09, 7.5514900999e-09, 6.92242707601e-09, 4.25698865048e-10, 4.86964468749e-09, 4.34663194326e-09, 3.50936546489e-09, 2.27687735332e-09, 9.11666131476e-10, 1.07895137269e-09, 8.65716720533e-10, 8.85162013131e-11, 2.56916415226e-11, 5.19805878028e-13, 4.43666804684e-13],
