{
"highlevel": {
    "danceability": {
        "all": {
            "danceable": 0.939516365528,
            "not_danceable": 0.0604836158454
        },
        "probability": 0.939516365528,
        "value": "danceable"
    },
    "gender": {
        "all": {
            "female": 0.431692183018,
            "male": 0.568307816982
        },
        "probability": 0.568307816982,
        "value": "male"
    },
    "genre_dortmund": {
        "all": {
            "alternative": 0.18424282968,
            "blues": 0.0949021056294,
            "electronic": 0.142071455717,
            "folkcountry": 0.0442428328097,
            "funksoulrnb": 0.0102731352672,
            "jazz": 0.0278502851725,
            "pop": 0.0452767312527,
            "raphiphop": 0.0223100669682,
            "rock": 0.42883053422
        },
        "probability": 0.42883053422,
        "value": "rock"
    },
    "genre_electronic": {
        "all": {
            "ambient": 0.157866299152,
            "dnb": 0.188394591212,
            "house": 0.0334750823677,
            "techno": 0.020667809993,
            "trance": 0.599596202374
        },
        "probability": 0.599596202374,
        "value": "trance"
    },
    "genre_rosamerica": {
        "all": {
            "cla": 0.00436859996989,
            "dan": 0.0595705583692,
            "hip": 0.0175232607871,
            "jaz": 0.00543029280379,
            "pop": 0.0715555399656,
            "rhy": 0.0282853394747,
            "roc": 0.80879342556,
            "spe": 0.00447295466438
        },
        "probability": 0.80879342556,
        "value": "roc"
    },
    "genre_tzanetakis": {
        "all": {
            "blu": 0.0626541376114,
            "cla": 0.0348133966327,
            "cou": 0.0783501937985,
            "dis": 0.104547761381,
            "hip": 0.15693578124,
            "jaz": 0.313987255096,
            "met": 0.044816005975,
            "pop": 0.0627349764109,
            "reg": 0.0627352520823,
            "roc": 0.0784252434969
        },
        "probability": 0.313987255096,
        "value": "jaz"
    },
    "ismir04_rhythm": {
        "all": {
            "ChaChaCha": 0.050805658102,
            "Jive": 0.734698474407,
            "Quickstep": 0.0123635521159,
            "Rumba-American": 0.00764012616128,
            "Rumba-International": 0.00698512420058,
            "Rumba-Misc": 0.00660692481324,
            "Samba": 0.0440260879695,
            "Tango": 0.0173826664686,
            "VienneseWaltz": 0.115862123668,
            "Waltz": 0.00362927373499
        },
        "probability": 0.734698474407,
        "value": "Jive"
    },
    "mood_acoustic": {
        "all": {
            "acoustic": 0.00471136346459,
            "not_acoustic": 0.995288610458
        },
        "probability": 0.995288610458,
        "value": "not_acoustic"
    },
    "mood_aggressive": {
        "all": {
            "aggressive": 0.827714323997,
            "not_aggressive": 0.172285705805
        },
        "probability": 0.827714323997,
        "value": "aggressive"
    },
    "mood_electronic": {
        "all": {
            "electronic": 0.728915214539,
            "not_electronic": 0.271084785461
        },
        "probability": 0.728915214539,
        "value": "electronic"
    },
    "mood_happy": {
        "all": {
            "happy": 0.606557369232,
            "not_happy": 0.393442630768
        },
        "probability": 0.606557369232,
        "value": "happy"
    },
    "mood_party": {
        "all": {
            "not_party": 0.585142493248,
            "party": 0.414857536554
        },
        "probability": 0.585142493248,
        "value": "not_party"
    },
    "mood_relaxed": {
        "all": {
            "not_relaxed": 0.959877490997,
            "relaxed": 0.0401224792004
        },
        "probability": 0.959877490997,
        "value": "not_relaxed"
    },
    "mood_sad": {
        "all": {
            "not_sad": 0.966576099396,
            "sad": 0.0334239080548
        },
        "probability": 0.966576099396,
        "value": "not_sad"
    },
    "moods_mirex": {
        "all": {
            "Cluster1": 0.151543587446,
            "Cluster2": 0.054218377918,
            "Cluster3": 0.0583198964596,
            "Cluster4": 0.0324006825686,
            "Cluster5": 0.703517436981
        },
        "probability": 0.703517436981,
        "value": "Cluster5"
    },
    "timbre": {
        "all": {
            "bright": 0.755089581013,
            "dark": 0.244910433888
        },
        "probability": 0.755089581013,
        "value": "bright"
    },
    "tonal_atonal": {
        "all": {
            "atonal": 0.00680534681305,
            "tonal": 0.993194639683
        },
        "probability": 0.993194639683,
        "value": "tonal"
    },
    "voice_instrumental": {
        "all": {
            "instrumental": 0.269316136837,
            "voice": 0.730683863163
        },
        "probability": 0.730683863163,
        "value": "voice"
    }
},
"lowlevel": {
    "average_loudness": 0.984932005405,
    "barkbands_crest": {
        "dmean": 3.28323602676,
        "dmean2": 5.27364969254,
        "dvar": 8.77686786652,
        "dvar2": 18.4992275238,
        "max": 22.8111743927,
        "mean": 12.658498764,
        "median": 12.6119174957,
        "min": 2.47894454002,
        "var": 20.2482891083
    },
    "barkbands_flatness_db": {
        "dmean": 0.0219279732555,
        "dmean2": 0.035752594471,
        "dvar": 0.000353975832695,
        "dvar2": 0.000882131746039,
        "max": 0.287212848663,
        "mean": 0.157510653138,
        "median": 0.158643081784,
        "min": 0.0537725165486,
        "var": 0.00136544264387
    },
    "barkbands_kurtosis": {
        "dmean": 2.39750933647,
        "dmean2": 3.88712048531,
        "dvar": 9.09890270233,
        "dvar2": 22.5492420197,
        "max": 28.6246337891,
        "mean": 3.37902665138,
        "median": 2.2390999794,
        "min": -1.60715603828,
        "var": 16.9312152863
    },
    "barkbands_skewness": {
        "dmean": 0.508009314537,
        "dmean2": 0.801379203796,
        "dvar": 0.229697018862,
        "dvar2": 0.518414676189,
        "max": 5.16373634338,
        "mean": 1.73738062382,
        "median": 1.64382731915,
        "min": -0.31636044383,
        "var": 0.639571726322
    },
    "barkbands_spread": {
        "dmean": 4.81311750412,
        "dmean2": 7.76927471161,
        "dvar": 19.8855056763,
        "dvar2": 43.8956794739,
        "max": 62.638759613,
        "mean": 22.2766361237,
        "median": 20.0493850708,
        "min": 4.44281625748,
        "var": 104.573402405
    },
    "dissonance": {
        "dmean": 0.0159781500697,
        "dmean2": 0.0271051824093,
        "dvar": 0.000210701706237,
        "dvar2": 0.000614732562099,
        "max": 0.499998986721,
        "mean": 0.471203267574,
        "median": 0.475339114666,
        "min": 0.392763793468,
        "var": 0.00035521844984
    },
    "dynamic_complexity": 1.17205047607,
    "erbbands_crest": {
        "dmean": 2.58126068115,
        "dmean2": 4.11845207214,
        "dvar": 5.26482963562,
        "dvar2": 12.5502347946,
        "max": 23.2258319855,
        "mean": 8.48693847656,
        "median": 7.59055948257,
        "min": 2.77435970306,
        "var": 14.3801660538
    },
    "erbbands_flatness_db": {
        "dmean": 0.0140604646876,
        "dmean2": 0.020126381889,
        "dvar": 0.000160111332661,
        "dvar2": 0.000296127400361,
        "max": 0.239294230938,
        "mean": 0.153249427676,
        "median": 0.152363479137,
        "min": 0.0809068456292,
        "var": 0.000852337107062
    },
    "erbbands_kurtosis": {
        "dmean": 0.546315073967,
        "dmean2": 0.862751841545,
        "dvar": 0.365305483341,
        "dvar2": 0.830044746399,
        "max": 7.04343318939,
        "mean": -0.151197940111,
        "median": -0.359837055206,
        "min": -1.42975878716,
        "var": 0.863372147083
    },
    "erbbands_skewness": {
        "dmean": 0.313526183367,
        "dmean2": 0.487830519676,
        "dvar": 0.0681642964482,
        "dvar2": 0.165180146694,
        "max": 1.60147404671,
        "mean": 0.150240123272,
        "median": 0.153221219778,
        "min": -2.25534558296,
        "var": 0.343398809433
    },
    "erbbands_spread": {
        "dmean": 6.20253181458,
        "dmean2": 9.55451774597,
        "dvar": 28.5327472687,
        "dvar2": 63.0836334229,
        "max": 80.2065200806,
        "mean": 38.6749153137,
        "median": 37.2352485657,
        "min": 13.5236301422,
        "var": 124.616539001
    },
    "hfc": {
        "dmean": 6.7771935463,
        "dmean2": 10.0363101959,
        "dvar": 113.394386292,
        "dvar2": 271.487670898,
        "max": 187.527557373,
        "mean": 25.2142658234,
        "median": 19.7372951508,
        "min": 5.09076976776,
        "var": 299.182006836
    },
    "melbands_crest": {
        "dmean": 3.83865594864,
        "dmean2": 5.63397169113,
        "dvar": 10.6888933182,
        "dvar2": 21.5748386383,
        "max": 32.4620780945,
        "mean": 17.1134662628,
        "median": 16.8456134796,
        "min": 5.05057239532,
        "var": 28.9026699066
    },
    "melbands_flatness_db": {
        "dmean": 0.0264999140054,
        "dmean2": 0.042457100004,
        "dvar": 0.000581719970796,
        "dvar2": 0.00133430724964,
        "max": 0.34295219183,
        "mean": 0.214301213622,
        "median": 0.220239534974,
        "min": 0.0459113195539,
        "var": 0.00265673408285
    },
    "melbands_kurtosis": {
        "dmean": 6.56809329987,
        "dmean2": 10.686170578,
        "dvar": 65.78931427,
        "dvar2": 162.723861694,
        "max": 99.103263855,
        "mean": 12.8007040024,
        "median": 9.50571155548,
        "min": -0.934370040894,
        "var": 122.073547363
    },
    "melbands_skewness": {
        "dmean": 0.762431383133,
        "dmean2": 1.20734131336,
        "dvar": 0.492503404617,
        "dvar2": 1.18072974682,
        "max": 8.86222076416,
        "mean": 2.98243784904,
        "median": 2.75677418709,
        "min": 0.349879145622,
        "var": 1.31658601761
    },
    "melbands_spread": {
        "dmean": 5.45360183716,
        "dmean2": 8.80062294006,
        "dvar": 29.220823288,
        "dvar2": 63.8776931763,
        "max": 76.0034484863,
        "mean": 19.2986488342,
        "median": 16.4153308868,
        "min": 3.18900370598,
        "var": 120.734771729
    },
    "pitch_salience": {
        "dmean": 0.0812998637557,
        "dmean2": 0.127871096134,
        "dvar": 0.00519317761064,
        "dvar2": 0.0113702900708,
        "max": 0.789854109287,
        "mean": 0.470153391361,
        "median": 0.464117079973,
        "min": 0.205306649208,
        "var": 0.0137411607429
    },
    "silence_rate_20dB": {
        "dmean": 0,
        "dmean2": 0,
        "dvar": 0,
        "dvar2": 0,
        "max": 1,
        "mean": 1,
        "median": 1,
        "min": 1,
        "var": 0
    },
    "silence_rate_30dB": {
        "dmean": 0.0294117648154,
        "dmean2": 0.0588690936565,
        "dvar": 0.0285471808165,
        "dvar2": 0.0646976754069,
        "max": 1,
        "mean": 0.972157776356,
        "median": 1,
        "min": 0,
        "var": 0.0270666498691
    },
    "silence_rate_60dB": {
        "dmean": 0,
        "dmean2": 0,
        "dvar": 0,
        "dvar2": 0,
        "max": 0,
        "mean": 0,
        "median": 0,
        "min": 0,
        "var": 0
    },
    "spectral_centroid": {
        "dmean": 209.980163574,
        "dmean2": 338.591156006,
        "dvar": 33453.9179688,
        "dvar2": 76710.2421875,
        "max": 3016.66162109,
        "mean": 1444.44433594,
        "median": 1398.77832031,
        "min": 502.260498047,
        "var": 234776.25
    },
    "spectral_complexity": {
        "dmean": 4.84133148193,
        "dmean2": 7.08055782318,
        "dvar": 20.537525177,
        "dvar2": 39.8121986389,
        "max": 63,
        "mean": 27.8553752899,
        "median": 25,
        "min": 8,
        "var": 112.854248047
    },
    "spectral_decrease": {
        "dmean": 4.25350199507e-09,
        "dmean2": 6.93575996635e-09,
        "dvar": 2.16425917749e-17,
        "dvar2": 4.97016401049e-17,
        "max": -1.82644366298e-09,
        "mean": -1.26405117484e-08,
        "median": -1.07046869147e-08,
        "min": -3.9091808901e-08,
        "var": 3.92330110173e-17
    },
    "spectral_energy": {
        "dmean": 0.0164641495794,
        "dmean2": 0.0267992969602,
        "dvar": 0.000319503247738,
        "dvar2": 0.000733799941372,
        "max": 0.151684120297,
        "mean": 0.0499951504171,
        "median": 0.0427591502666,
        "min": 0.0073749050498,
        "var": 0.000589738017879
    },
    "spectral_energyband_high": {
        "dmean": 0.000422562559834,
        "dmean2": 0.000635106174741,
        "dvar": 8.98915800462e-07,
        "dvar2": 2.17336901187e-06,
        "max": 0.0183022245765,
        "mean": 0.00100085570011,
        "median": 0.000449413462775,
        "min": 3.00346800941e-05,
        "var": 1.99831060854e-06
    },
    "spectral_energyband_low": {
        "dmean": 0.014224418439,
        "dmean2": 0.0235306862742,
        "dvar": 0.000303800043184,
        "dvar2": 0.000704841513652,
        "max": 0.125654235482,
        "mean": 0.0303101409227,
        "median": 0.0236810855567,
        "min": 0.00102207600139,
        "var": 0.000486370030558
    },
    "spectral_energyband_middle_high": {
        "dmean": 0.00192031194456,
        "dmean2": 0.00290533551015,
        "dvar": 5.80021878704e-06,
        "dvar2": 1.32883878905e-05,
        "max": 0.0311366934329,
        "mean": 0.00639241980389,
        "median": 0.00507599627599,
        "min": 0.000620781502221,
        "var": 1.99574260478e-05
    },
    "spectral_energyband_middle_low": {
        "dmean": 0.00542062474415,
        "dmean2": 0.00874913483858,
        "dvar": 4.06004473916e-05,
        "dvar2": 0.000106857623905,
        "max": 0.0662805140018,
        "mean": 0.0138919353485,
        "median": 0.0125291533768,
        "min": 0.00224752514623,
        "var": 5.85260895605e-05
    },
    "spectral_entropy": {
        "dmean": 0.0983100607991,
        "dmean2": 0.148095697165,
        "dvar": 0.00805293023586,
        "dvar2": 0.0162438321859,
        "max": 8.26801586151,
        "mean": 7.66491508484,
        "median": 7.65677118301,
        "min": 6.80033016205,
        "var": 0.054354082793
    },
    "spectral_flux": {
        "dmean": 0.0375374220312,
        "dmean2": 0.0587185509503,
        "dvar": 0.00115120457485,
        "dvar2": 0.00239528738894,
        "max": 0.287614285946,
        "mean": 0.116111055017,
        "median": 0.10400852561,
        "min": 0.032895103097,
        "var": 0.00237544276752
    },
    "spectral_kurtosis": {
        "dmean": 1.50597405434,
        "dmean2": 2.67302441597,
        "dvar": 2.20202994347,
        "dvar2": 6.72107982635,
        "max": 14.9159545898,
        "mean": 3.39038515091,
        "median": 3.07223701477,
        "min": 0.32563996315,
        "var": 3.01051712036
    },
    "spectral_rms": {
        "dmean": 0.00109472055919,
        "dmean2": 0.00175029132515,
        "dvar": 1.12717293632e-06,
        "dvar2": 2.44250099968e-06,
        "max": 0.0121648879722,
        "mean": 0.00680237216875,
        "median": 0.00645881146193,
        "min": 0.00268235523254,
        "var": 2.50351467912e-06
    },
    "spectral_rolloff": {
        "dmean": 344.04675293,
        "dmean2": 576.91027832,
        "dvar": 193909.953125,
        "dvar2": 422361.875,
        "max": 4651.171875,
        "mean": 1002.33325195,
        "median": 689.0625,
        "min": 64.599609375,
        "var": 613776.75
    },
    "spectral_skewness": {
        "dmean": 0.209838137031,
        "dmean2": 0.361007302999,
        "dvar": 0.0348032042384,
        "dvar2": 0.099065862596,
        "max": 2.94375681877,
        "mean": 1.24203336239,
        "median": 1.20711266994,
        "min": 0.586040079594,
        "var": 0.0776852965355
    },
    "spectral_spread": {
        "dmean": 340283.375,
        "dmean2": 476374.90625,
        "dvar": 133597921280,
        "dvar2": 188996337664,
        "max": 11811880,
        "mean": 3737145.5,
        "median": 3585500.75,
        "min": 2250209.75,
        "var": 643615490048
    },
    "spectral_strongpeak": {
        "dmean": 0.243428438902,
        "dmean2": 0.438951194286,
        "dvar": 0.199900642037,
        "dvar2": 0.523460805416,
        "max": 4.99476289749,
        "mean": 0.500658214092,
        "median": 0.421178102493,
        "min": 0,
        "var": 0.171471044421
    },
    "zerocrossingrate": {
        "dmean": 0.00683253630996,
        "dmean2": 0.00826825480908,
        "dvar": 3.88996268157e-05,
        "dvar2": 4.84733718622e-05,
        "max": 0.13427734375,
        "mean": 0.0416058674455,
        "median": 0.03515625,
        "min": 0.0107421875,
        "var": 0.000432335626101
    },
    "barkbands": {
        "dmean": [0.000633236195426, 0.0126513903961, 0.0040145246312, 0.00230632978491, 0.0015031748917, 0.00121106661391, 0.00117803749163, 0.000811587902717, 0.00141124625225, 0.000689471082296, 0.000334954500431, 0.000250575394602, 0.000187070501852, 0.000362465361832, 0.000342276907759, 0.000399242009735, 0.000363009661669, 0.000319981045322, 0.000226199786994, 0.000233641447267, 0.000157659713295, 0.000100525459857, 7.30886094971e-05, 4.40013973275e-05, 1.78296104423e-05, 5.20827461514e-06, 2.14928497222e-09],
        "dmean2": [0.000854877172969, 0.0203636586666, 0.00722718192264, 0.00407715514302, 0.00252755894326, 0.00195459462702, 0.00193977798335, 0.0012950305827, 0.00228413357399, 0.00108916277532, 0.000523008755408, 0.000388893677155, 0.000300142535707, 0.000576865393668, 0.000554798811208, 0.000632380018942, 0.000597011880018, 0.000515552179422, 0.000371105910745, 0.000382465310395, 0.000254760030657, 0.000158057708177, 0.000111814457341, 6.53490496916e-05, 2.66050356004e-05, 7.59450904297e-06, 3.79803966055e-09],
        "dvar": [6.833222983e-07, 0.000247041549301, 5.14437160746e-05, 1.39352214319e-05, 6.07746869719e-06, 1.92419315681e-06, 2.73433965958e-06, 1.10282257992e-06, 4.472220553e-06, 1.31829040129e-06, 4.52496436765e-07, 1.92083675188e-07, 1.25435107634e-07, 3.56989033889e-07, 4.89733110953e-07, 3.84882923754e-07, 2.12537415223e-07, 2.20104411142e-07, 1.39800889087e-07, 1.55650511147e-07, 1.22235874755e-07, 5.32622799199e-08, 2.78030469758e-08, 9.54105949802e-09, 1.29739263777e-09, 8.098648141e-11, 7.52544304406e-17],
        "dvar2": [1.25644066884e-06, 0.000552660552785, 0.000142718839925, 3.88897133234e-05, 1.58613438543e-05, 4.85857390231e-06, 7.0521446105e-06, 2.61776131083e-06, 1.03294114524e-05, 3.10457107844e-06, 9.61643877417e-07, 3.78378729238e-07, 2.97492505297e-07, 8.59850445067e-07, 1.18452783227e-06, 8.34405398109e-07, 5.29101441771e-07, 5.24270831193e-07, 3.7565385469e-07, 3.93913097696e-07, 3.18100973118e-07, 1.29964618623e-07, 6.73713813626e-08, 2.29752288305e-08, 2.88959878247e-09, 1.64280158921e-10, 8.71309242395e-17],
        "max": [0.00570972589776, 0.110451184213, 0.057357750833, 0.0383677631617, 0.0287780817598, 0.0155747644603, 0.0244310256094, 0.0161234214902, 0.0359154604375, 0.0142190782353, 0.0137083251029, 0.00881404802203, 0.00660679768771, 0.00874449592084, 0.0120033603162, 0.00930435117334, 0.00570551026613, 0.00776590267196, 0.00638773199171, 0.0048961606808, 0.00667876936495, 0.00326280598529, 0.0026932451874, 0.00166052754503, 0.000655106268823, 0.000132014480187, 3.02559698184e-07],
        "mean": [0.000731558189727, 0.0239496529102, 0.00426667509601, 0.00256880698726, 0.00253006792627, 0.00224901014008, 0.00209604087286, 0.00148371304385, 0.00258311745711, 0.00122107262723, 0.000642569269985, 0.000490806414746, 0.000309278344503, 0.000640534679405, 0.000553589721676, 0.000700022559613, 0.00065962591907, 0.000656899646856, 0.000430544168921, 0.000460131414002, 0.000303496170091, 0.00017736062, 0.000154292938532, 9.3543989351e-05, 3.47078930645e-05, 8.12691905594e-06, 1.74890413263e-09],
        "median": [0.000217677283217, 0.0175601001829, 0.00241533131339, 0.0013522952795, 0.00170835084282, 0.00148985732812, 0.00122985208873, 0.000875331112184, 0.00155121961143, 0.000681711884681, 0.000310418312438, 0.000276232196484, 0.000197268032935, 0.000365045591025, 0.000282780791167, 0.000423375633545, 0.000457932910649, 0.000410113716498, 0.000252256257227, 0.000237950720475, 0.000128212719574, 6.17834957666e-05, 4.77926514577e-05, 3.04313380184e-05, 1.27325756694e-05, 2.25167627832e-06, 6.99094615531e-10],
        "min": [6.48826343763e-08, 0.000157254253281, 4.10043321608e-05, 6.67236145091e-06, 4.07563129556e-05, 3.77720789402e-05, 1.14781778393e-05, 1.49397237692e-05, 1.66133868333e-05, 8.47846058605e-06, 1.2411849184e-06, 2.80256176666e-06, 3.39851317221e-06, 2.31031790463e-05, 9.40817244555e-06, 2.14480205614e-05, 3.16090299748e-05, 1.69800914591e-05, 2.45798819378e-05, 1.82334479177e-05, 7.47683361624e-06, 3.34139713232e-06, 2.87066791316e-06, 1.85976333e-07, 5.73417528738e-11, 3.43803978342e-11, 4.34293746798e-11],
        "var": [1.1016290955e-06, 0.000391085952288, 3.88459884562e-05, 1.158654959e-05, 7.71663872001e-06, 4.93548895975e-06, 5.37484584129e-06, 3.22843652611e-06, 9.32761304284e-06, 2.58839168055e-06, 1.31461740693e-06, 6.16433396772e-07, 1.84528374803e-07, 7.08002914962e-07, 8.1390885498e-07, 7.59603324241e-07, 3.86827281318e-07, 5.91893751789e-07, 2.45980317004e-07, 3.24073909042e-07, 2.04058679287e-07, 9.42819227134e-08, 6.90901913458e-08, 2.48270897174e-08, 3.09979997226e-09, 1.92188098769e-10, 7.47516766817e-17]
    },
    "erbbands": {
        "dmean": [0.479393541813, 2.88993310928, 4.86954545975, 6.07102584839, 6.04058122635, 5.76692390442, 6.53737401962, 11.156419754, 14.7719678879, 17.2831115723, 20.9424934387, 37.0142021179, 22.5714607239, 16.6903820038, 12.3278865814, 10.0084915161, 8.74373531342, 15.0765361786, 18.1019954681, 19.2314167023, 19.8447971344, 19.408498764, 18.326423645, 11.2329483032, 12.0007038116, 11.2349891663, 7.49753761292, 5.25923871994, 3.84707808495, 3.07547950745, 1.74052476883, 1.20210635662, 0.590087294579, 0.255376189947, 0.111414454877, 0.0353479906917, 0.0085950018838, 0.000567995826714, 1.64837692864e-05, 1.86614815902e-05],
        "dmean2": [0.625708281994, 4.90672969818, 8.53339481354, 10.864115715, 10.3791484833, 9.86144638062, 10.430893898, 18.1264438629, 24.5007076263, 28.9615840912, 32.4879722595, 59.471244812, 35.8079833984, 26.0242824554, 18.6845092773, 15.5001621246, 13.7311964035, 23.6198558807, 29.0572013855, 29.4864807129, 32.3709106445, 31.8309307098, 29.4969501495, 18.152803421, 19.6268863678, 18.2586860657, 12.5207548141, 8.27693271637, 6.07771444321, 4.77367925644, 2.68439245224, 1.81476795673, 0.885034322739, 0.390891253948, 0.169319540262, 0.0527082793415, 0.0127723123878, 0.000851896649692, 2.30060923059e-05, 3.01378750009e-05],
        "dvar": [0.398468762636, 12.0577936172, 63.5447387695, 118.715301514, 64.5031585693, 120.772605896, 69.328666687, 189.733734131, 448.604156494, 1014.3651123, 776.891723633, 3370.36645508, 1349.9387207, 756.641235352, 743.858093262, 291.94317627, 247.566757202, 771.199584961, 1342.45275879, 1144.53210449, 759.222839355, 615.411499023, 762.79095459, 300.870758057, 393.131286621, 398.77255249, 304.031738281, 121.609535217, 83.2373580933, 48.2642478943, 17.5506019592, 6.83716964722, 1.89695167542, 0.338304162025, 0.0415284223855, 0.00408719107509, 0.000207292061532, 1.11352017029e-06, 5.37919098154e-10, 4.11884193419e-10],
        "dvar2": [0.73759329319, 31.3652667999, 175.88192749, 328.174133301, 167.464859009, 337.18951416, 169.405715942, 499.180755615, 1183.29418945, 2754.94433594, 1762.41247559, 7632.15625, 3093.31787109, 1826.03405762, 1671.38134766, 629.556762695, 575.302734375, 1766.26708984, 3233.03466797, 2455.41333008, 1886.01123047, 1547.55566406, 1760.64404297, 770.958862305, 1065.86474609, 1002.96051025, 807.317260742, 305.67880249, 215.482330322, 119.989952087, 42.3649024963, 17.238451004, 4.67505741119, 0.818606734276, 0.0909621119499, 0.00885660946369, 0.000436765432823, 2.25988264901e-06, 1.02151997972e-09, 9.29540333594e-10],
        "max": [3.96524763107, 23.0593624115, 65.9081497192, 112.571044922, 66.0868148804, 128.120300293, 116.614692688, 158.584533691, 223.939819336, 634.982666016, 421.623840332, 838.734375, 472.290649414, 329.128845215, 596.477966309, 369.090393066, 343.143981934, 460.425415039, 792.405212402, 497.583374023, 371.86618042, 302.986724854, 545.158203125, 307.845397949, 287.821502686, 283.951934814, 342.517486572, 174.232574463, 123.129165649, 98.3952026367, 70.2950439453, 43.7041625977, 27.4433441162, 10.2935914993, 3.42678713799, 1.0400993824, 0.182654127479, 0.0161688029766, 0.000371435482521, 0.000174161861651],
        "mean": [0.678500950336, 5.1942987442, 6.85550260544, 6.76482343674, 8.11058139801, 9.34222412109, 11.8412694931, 20.2547302246, 26.2819633484, 29.2291736603, 41.8536186218, 67.0646286011, 41.495300293, 31.5751018524, 26.2246704102, 20.3328704834, 16.4624710083, 28.4575366974, 32.537021637, 34.1865234375, 36.6178474426, 37.7793083191, 37.9500389099, 23.0506763458, 23.5211696625, 22.2595806122, 14.2017335892, 10.2788963318, 6.75906944275, 5.98456811905, 3.59829926491, 2.44435191154, 1.20467841625, 0.498977452517, 0.197716042399, 0.0579651594162, 0.0122881736606, 0.000687339808792, 4.36600385001e-05, 5.93602962908e-05],
        "median": [0.26066660881, 4.1762843132, 5.02771902084, 3.33138251305, 4.93160009384, 6.19194316864, 7.87114238739, 12.5245389938, 15.8594932556, 17.906709671, 24.2597751617, 38.2803840637, 25.5912456512, 17.052646637, 13.7276735306, 12.0934867859, 10.941860199, 16.0555667877, 18.6207714081, 18.4168586731, 24.857213974, 27.6860141754, 23.5536651611, 14.6788692474, 12.8530292511, 11.5571060181, 6.63000297546, 3.97206521034, 2.29863238335, 1.79362940788, 1.14113664627, 0.755375444889, 0.418906956911, 0.182865977287, 0.0696392655373, 0.0174352936447, 0.00305960141122, 0.000140794130857, 2.94531491818e-05, 5.10566169396e-05],
        "min": [0.00257966620848, 0.0444700308144, 0.273281931877, 0.192290842533, 0.113752000034, 0.238786831498, 0.323831468821, 0.50691652298, 0.663818120956, 0.740307211876, 0.37770318985, 0.510187149048, 0.560668408871, 0.304346740246, 0.19090372324, 0.593873977661, 0.388323187828, 1.30778944492, 1.95185935497, 1.64678549767, 2.75753045082, 2.12918663025, 1.31156766415, 1.23460876942, 1.16229772568, 0.864341616631, 0.417301088572, 0.249168768525, 0.1425101161, 0.115338265896, 0.0576982535422, 0.0109107242897, 0.00249589863233, 0.000286543770926, 3.3493473893e-05, 1.54978934006e-05, 8.51172717375e-06, 1.56014687036e-06, 7.49937953515e-06, 9.68024778558e-06],
        "var": [0.692590355873, 16.1343269348, 52.3333320618, 89.1068725586, 83.6059951782, 126.183128357, 153.010192871, 484.261657715, 850.091247559, 1320.33862305, 2741.16552734, 7256.68701172, 2532.71240234, 1709.84777832, 2386.01464844, 771.154907227, 427.159667969, 1759.59802246, 2429.42114258, 2454.49291992, 1337.59741211, 1142.51452637, 2293.13720703, 574.226135254, 760.560058594, 790.630004883, 430.137573242, 244.750701904, 135.297195435, 106.244522095, 39.0138130188, 17.1749000549, 4.21353912354, 0.707475602627, 0.0985438525677, 0.0092904465273, 0.000456402631244, 2.13747512134e-06, 1.44775635924e-09, 8.18404455316e-10]
    },
    "gfcc": {
        "mean": [32.8872489929, 121.289588928, -130.577560425, 55.2824211121, -56.242805481, 16.3212985992, -27.4168205261, 17.821346283, -7.77642154694, -0.182077094913, -8.04718112946, -5.92516803741, -1.87571847439],
        "cov": [[1373.95568848, -878.483093262, 116.845901489, 72.8479537964, -153.928848267, 162.147918701, -177.37902832, 118.38609314, -251.3853302, 166.63659668, -201.296096802, 137.604446411, -112.879524231], [-878.483093262, 914.450744629, -231.423248291, -61.3479957581, 96.4296417236, -173.868438721, 216.755874634, -148.75428772, 235.715118408, -212.167449951, 191.651626587, -175.985458374, 79.2359924316], [116.845901489, -231.423248291, 345.180267334, -27.6874885559, 21.0324993134, 44.8591880798, -83.8515625, 86.8843231201, -81.6289901733, 125.201797485, -76.6428833008, 93.3655014038, -29.1863689423], [72.8479537964, -61.3479957581, -27.6874885559, 142.412445068, 13.2238607407, -6.08066606522, -25.0520381927, -29.4124031067, 21.7609367371, -30.7129325867, 12.4033470154, -12.6652774811, 22.8034362793], [-153.928848267, 96.4296417236, 21.0324993134, 13.2238607407, 179.074813843, -13.5179576874, 42.3692207336, -5.68120622635, 11.3348178864, 7.722427845, -10.5184402466, -2.43653488159, 17.9300346375], [162.147918701, -173.868438721, 44.8591880798, -6.08066606522, -13.5179576874, 112.623817444, 3.14767479897, 41.1279945374, -45.6311721802, 33.5510902405, -25.4119129181, 22.5692081451, -5.31442642212], [-177.37902832, 216.755874634, -83.8515625, -25.0520381927, 42.3692207336, 3.14767479897, 157.824234009, -0.940228641033, 76.8440170288, -59.4970359802, 51.0711708069, -34.8129577637, 27.015165329], [118.38609314, -148.75428772, 86.8843231201, -29.4124031067, -5.68120622635, 41.1279945374, -0.940228641033, 118.762901306, -15.6597280502, 58.7454948425, -38.7874794006, 43.8281555176, -4.37655878067], [-251.3853302, 235.715118408, -81.6289901733, 21.7609367371, 11.3348178864, -45.6311721802, 76.8440170288, -15.6597280502, 160.566665649, -47.2792205811, 79.7474136353, -55.3742866516, 32.4509468079], [166.63659668, -212.167449951, 125.201797485, -30.7129325867, 7.722427845, 33.5510902405, -59.4970359802, 58.7454948425, -47.2792205811, 135.281539917, -37.3253173828, 64.2746963501, -24.8699378967], [-201.296096802, 191.651626587, -76.6428833008, 12.4033470154, -10.5184402466, -25.4119129181, 51.0711708069, -38.7874794006, 79.7474136353, -37.3253173828, 122.952507019, -17.4369907379, 37.2594795227], [137.604446411, -175.985458374, 93.3655014038, -12.6652774811, -2.43653488159, 22.5692081451, -34.8129577637, 43.8281555176, -55.3742866516, 64.2746963501, -17.4369907379, 102.965034485, -1.26552093029], [-112.879524231, 79.2359924316, -29.1863689423, 22.8034362793, 17.9300346375, -5.31442642212, 27.015165329, -4.37655878067, 32.4509468079, -24.8699378967, 37.2594795227, -1.26552093029, 72.9877090454]],
        "icov": [[0.00249836337753, 0.00135148328263, 0.00103033636697, -0.00193170364946, 0.00162844103761, -0.000114340647997, -0.00138870731462, -0.000322905980283, 0.00161212135572, -0.00143353105523, 0.00138865644112, -0.000452904234407, 0.00157651223708], [0.00135148328263, 0.0189352314919, -0.00497885653749, 0.0146511550993, -0.00662235356867, 0.0150883793831, -0.00776378018782, 0.00697741471231, -0.00422140909359, 0.0126606132835, -0.0134256593883, 0.0152981411666, -0.00570720620453], [0.00103033636697, -0.00497885653749, 0.00750208832324, -0.00518647907302, 0.00187999743503, -0.00524419546127, 0.00330546335317, -0.00387445674278, 0.00183274515439, -0.00657858373597, 0.00598464347422, -0.00722293416038, 0.00308264652267], [-0.00193170364946, 0.0146511550993, -0.00518647907302, 0.0248288717121, -0.00959185324609, 0.010515473783, 0.000193027794012, 0.00786585174501, -0.00903705880046, 0.0162452571094, -0.0127399750054, 0.0122969076037, -0.00893168896437], [0.00162844103761, -0.00662235356867, 0.00187999743503, -0.00959185324609, 0.0119074722752, -0.00404049037024, -0.00291048479266, -0.00106332404539, 0.00399282108992, -0.00979666877538, 0.00941661931574, -0.00587107194588, 0.00122817209922], [-0.000114340647997, 0.0150883793831, -0.00524419546127, 0.010515473783, -0.00404049037024, 0.0261098127812, -0.010895755142, 0.00270456983708, 0.00169502198696, 0.00753548694775, -0.0122631434351, 0.0153873059899, -0.00650947913527], [-0.00138870731462, -0.00776378018782, 0.00330546335317, 0.000193027794012, -0.00291048479266, -0.010895755142, 0.0189617313445, -0.00556161254644, -0.00468877889216, 0.00286744581535, 0.00201026932336, -0.00723580969498, 0.00202201446518], [-0.000322905980283, 0.00697741471231, -0.00387445674278, 0.00786585174501, -0.00106332404539, 0.00270456983708, -0.00556161254644, 0.0190525930375, -0.00671494472772, 0.00142768805381, 0.000840376887936, 0.00180372130126, -0.00534756854177], [0.00161212135572, -0.00422140909359, 0.00183274515439, -0.00903705880046, 0.00399282108992, 0.00169502198696, -0.00468877889216, -0.00671494472772, 0.0188236106187, -0.00758104678243, -0.00274116103537, 0.00326409889385, 0.00161133322399], [-0.00143353105523, 0.0126606132835, -0.00657858373597, 0.0162452571094, -0.00979666877538, 0.00753548694775, 0.00286744581535, 0.00142768805381, -0.00758104678243, 0.028902662918, -0.0127857858315, 0.00568965356797, -0.00184343673754], [0.00138865644112, -0.0134256593883, 0.00598464347422, -0.0127399750054, 0.00941661931574, -0.0122631434351, 0.00201026932336, 0.000840376887936, -0.00274116103537, -0.0127857858315, 0.0292762387544, -0.0170885212719, 0.000816824438516], [-0.000452904234407, 0.0152981411666, -0.00722293416038, 0.0122969076037, -0.00587107194588, 0.0153873059899, -0.00723580969498, 0.00180372130126, 0.00326409889385, 0.00568965356797, -0.0170885212719, 0.0330010429025, -0.00890622474253], [0.00157651223708, -0.00570720620453, 0.00308264652267, -0.00893168896437, 0.00122817209922, -0.00650947913527, 0.00202201446518, -0.00534756854177, 0.00161133322399, -0.00184343673754, 0.000816824438516, -0.00890622474253, 0.0225973855704]]
    },
    "melbands": {
        "dmean": [0.00370564777404, 0.00279081007466, 0.00103791919537, 0.000400733319111, 0.000215783627937, 0.000245620496571, 0.000228238219279, 0.000172995365574, 0.000194178966922, 0.000223906943575, 0.00011305569933, 7.11154134478e-05, 4.37649250671e-05, 3.01208838209e-05, 2.10571306525e-05, 2.07759494515e-05, 3.11332878482e-05, 3.24798820657e-05, 2.53501675616e-05, 2.70963537332e-05, 2.62807352556e-05, 2.22654507525e-05, 2.26524716709e-05, 1.33380717671e-05, 9.57497468335e-06, 9.5655586847e-06, 9.31713566388e-06, 8.0782938312e-06, 5.32494004801e-06, 3.93929894926e-06, 3.07041955239e-06, 2.37403469328e-06, 1.96373775907e-06, 1.92552101907e-06, 1.11675069547e-06, 8.37557877276e-07, 8.15873818283e-07, 4.68446103241e-07, 3.25736834839e-07, 2.12698267887e-07],
        "dmean2": [0.00552498036996, 0.0047844205983, 0.00185239920393, 0.000678603886627, 0.000351184862666, 0.000396669696784, 0.000376257870812, 0.000290140713332, 0.00030395318754, 0.000359840254532, 0.000179912298336, 0.000111824650958, 6.74029724905e-05, 4.57413043478e-05, 3.42454950442e-05, 3.31814189849e-05, 4.88226578454e-05, 5.24018614669e-05, 4.08000123571e-05, 4.21245022153e-05, 4.34342837252e-05, 3.65148553101e-05, 3.68642213289e-05, 2.13749899558e-05, 1.57018475875e-05, 1.55916295626e-05, 1.50943615154e-05, 1.30511807583e-05, 8.98439429875e-06, 6.32145065538e-06, 4.92497701998e-06, 3.76756884179e-06, 3.26985946231e-06, 2.98131362797e-06, 1.75919637968e-06, 1.27449482079e-06, 1.26178076698e-06, 7.2602608725e-07, 5.16006195994e-07, 3.33869763836e-07],
        "dvar": [2.31910253206e-05, 1.44072846524e-05, 2.92734262075e-06, 4.51067251106e-07, 6.87183145942e-08, 8.38967153527e-08, 1.04382465338e-07, 1.03074221158e-07, 7.52460920239e-08, 1.21858477087e-07, 3.60072363037e-08, 1.41695783995e-08, 9.75814806736e-09, 3.10713277329e-09, 9.66228097532e-10, 1.68486302687e-09, 3.26758242686e-09, 4.12782208414e-09, 2.48579290485e-09, 2.73698108622e-09, 1.42561007443e-09, 8.76900552171e-10, 9.72403269017e-10, 4.49883630349e-10, 2.24340976351e-10, 2.59063659414e-10, 2.28271998526e-10, 2.2094680252e-10, 1.33181674022e-10, 8.44220873764e-11, 3.93415647282e-11, 2.97243306357e-11, 2.13636833918e-11, 1.87811034086e-11, 6.90838228637e-12, 4.24185903417e-12, 3.1297191401e-12, 1.15428792826e-12, 6.08865659713e-13, 1.98835983485e-13],
        "dvar2": [4.62515235995e-05, 3.94768539991e-05, 7.97962275101e-06, 1.18641378322e-06, 1.7462048163e-07, 2.18698531285e-07, 2.71991098089e-07, 2.81492162912e-07, 1.70340442196e-07, 2.77699314211e-07, 8.19037069277e-08, 3.48420066132e-08, 2.15932995928e-08, 5.67333868773e-09, 2.25455942804e-09, 4.07451938855e-09, 7.60486162932e-09, 9.99532812074e-09, 5.96894267346e-09, 5.60533131022e-09, 3.60748053652e-09, 2.25286211908e-09, 2.48791987012e-09, 1.06961195456e-09, 5.81922510179e-10, 6.99711510954e-10, 6.23526619226e-10, 5.52839884982e-10, 3.53426343747e-10, 2.21637194708e-10, 9.96474500137e-11, 7.75770420125e-11, 5.46805795087e-11, 4.65897424806e-11, 1.67234507492e-11, 1.12853381154e-11, 7.84210803934e-12, 2.86245419728e-12, 1.5837490824e-12, 4.7707725357e-13],
        "max": [0.033143710345, 0.0322413444519, 0.0178983546793, 0.00780576048419, 0.00311097735539, 0.00329249654897, 0.00423829164356, 0.00661138584837, 0.00476932246238, 0.00507372338325, 0.00245352578349, 0.00135007069912, 0.0021471043583, 0.00124165404122, 0.000488436373416, 0.000786401040386, 0.000883844157215, 0.00138347037137, 0.000909364665858, 0.000847370363772, 0.000421367964009, 0.000331448856741, 0.0003774415527, 0.00035355106229, 0.000271929777227, 0.000255886901869, 0.000181585579412, 0.000206076685572, 0.000182069197763, 0.000190404913155, 8.62012821017e-05, 8.51186923683e-05, 6.08337104495e-05, 5.59893996979e-05, 4.12519839301e-05, 4.15822651121e-05, 2.66385268333e-05, 2.01820384973e-05, 1.6037862224e-05, 7.22451341062e-06],
        "mean": [0.00636994792148, 0.00497180316597, 0.00123224698473, 0.000632169190794, 0.000413619389292, 0.000449274171842, 0.000411526096286, 0.000291691569146, 0.000381755438866, 0.000398447969928, 0.000193306870642, 0.000129707666929, 8.72103628353e-05, 6.25054817647e-05, 3.87915824831e-05, 3.62052087439e-05, 5.42765155842e-05, 5.42869856872e-05, 4.18153395003e-05, 4.6350309276e-05, 4.36005975644e-05, 3.92383444705e-05, 3.9778475184e-05, 2.68747880909e-05, 1.74695887836e-05, 1.70154253283e-05, 1.69027025549e-05, 1.42286080518e-05, 9.2487252914e-06, 6.82590734868e-06, 5.67797542317e-06, 3.93110985897e-06, 3.07842515213e-06, 3.65164873983e-06, 2.14355918615e-06, 1.55500458732e-06, 1.49298477936e-06, 8.61844512201e-07, 5.91638070091e-07, 3.66050841194e-07],
        "median": [0.0038243252784, 0.00414042174816, 0.000690455548465, 0.000409383123042, 0.000301866995869, 0.000289150484605, 0.000246378156589, 0.000186888049939, 0.000210948186577, 0.000218972811126, 0.000109062835691, 6.69968212605e-05, 4.32073029515e-05, 3.64246843674e-05, 2.56394396274e-05, 2.30253699556e-05, 2.81483007711e-05, 2.83015706373e-05, 2.2904452635e-05, 2.37806889345e-05, 2.81930570054e-05, 2.72425331787e-05, 2.53504022112e-05, 1.54462632054e-05, 1.0546879821e-05, 9.1194997367e-06, 8.56522456161e-06, 6.9397410698e-06, 4.20439891968e-06, 2.62115486294e-06, 2.11588144339e-06, 1.33825005832e-06, 9.12502798656e-07, 1.03091804249e-06, 6.55243240999e-07, 5.22704965533e-07, 4.26397548381e-07, 3.02369329575e-07, 2.03745386784e-07, 1.28729311655e-07],
        "min": [3.53444957e-05, 7.75326698204e-05, 2.61265286099e-05, 1.29399113575e-05, 1.3665016013e-05, 1.16793153211e-05, 8.24232574814e-06, 2.83732561002e-06, 6.80748428294e-07, 2.97079441225e-06, 2.2043016088e-06, 1.02611579678e-06, 2.31761703162e-07, 1.27524174331e-06, 1.24769871945e-06, 5.67414133457e-07, 1.46371280607e-06, 2.44976058639e-06, 1.45003821217e-06, 1.71867259269e-06, 2.45713795266e-06, 2.26034262596e-06, 1.474894475e-06, 7.39178972253e-07, 4.40101160848e-07, 8.43894952141e-07, 6.06685489402e-07, 3.97814659436e-07, 2.32592867633e-07, 1.43790899187e-07, 1.25304481458e-07, 6.06875119047e-08, 1.03267234763e-08, 2.4075385241e-08, 3.39123893411e-08, 4.87733053944e-09, 2.42994890876e-09, 2.0322972194e-09, 1.28408594521e-11, 8.53175982553e-13],
