{
"highlevel": {
    "danceability": {
        "all": {
            "danceable": 0.514881134033,
            "not_danceable": 0.485118865967
        },
        "probability": 0.514881134033,
        "value": "danceable"
    },
    "gender": {
        "all": {
            "female": 0.00876498501748,
            "male": 0.991235017776
        },
        "probability": 0.991235017776,
        "value": "male"
    },
    "genre_dortmund": {
        "all": {
            "alternative": 0.0782009884715,
            "blues": 0.440028548241,
            "electronic": 0.00576237495989,
            "folkcountry": 0.324473947287,
            "funksoulrnb": 0.00984089821577,
            "jazz": 0.0674969255924,
            "pop": 0.0215217564255,
            "raphiphop": 0.00401498284191,
            "rock": 0.0486595630646
        },
        "probability": 0.440028548241,
        "value": "blues"
    },
    "genre_electronic": {
        "all": {
            "ambient": 0.791135728359,
            "dnb": 0.0241683069617,
            "house": 0.141574338078,
            "techno": 0.0136184729636,
            "trance": 0.0295031387359
        },
        "probability": 0.791135728359,
        "value": "ambient"
    },
    "genre_rosamerica": {
        "all": {
            "cla": 0.0484726764262,
            "dan": 0.0103018674999,
            "hip": 0.0361243747175,
            "jaz": 0.0354177094996,
            "pop": 0.0366531610489,
            "rhy": 0.797433257103,
            "roc": 0.0178912468255,
            "spe": 0.0177057236433
        },
        "probability": 0.797433257103,
        "value": "rhy"
    },
    "genre_tzanetakis": {
        "all": {
            "blu": 0.0626613423228,
            "cla": 0.0348169617355,
            "cou": 0.104475811124,
            "dis": 0.0784321576357,
            "hip": 0.15692435205,
            "jaz": 0.313974827528,
            "met": 0.0448166541755,
            "pop": 0.0627359300852,
            "reg": 0.0627360641956,
            "roc": 0.0784258767962
        },
        "probability": 0.313974827528,
        "value": "jaz"
    },
    "ismir04_rhythm": {
        "all": {
            "ChaChaCha": 0.100979499519,
            "Jive": 0.029578499496,
            "Quickstep": 0.0524711832404,
            "Rumba-American": 0.108373068273,
            "Rumba-International": 0.0855787321925,
            "Rumba-Misc": 0.0226140525192,
            "Samba": 0.0465722195804,
            "Tango": 0.454344630241,
            "VienneseWaltz": 0.07422503829,
            "Waltz": 0.0252630729228
        },
        "probability": 0.454344630241,
        "value": "Tango"
    },
    "mood_acoustic": {
        "all": {
            "acoustic": 0.59285056591,
            "not_acoustic": 0.40714943409
        },
        "probability": 0.59285056591,
        "value": "acoustic"
    },
    "mood_aggressive": {
        "all": {
            "aggressive": 0.00435186363757,
            "not_aggressive": 0.995648145676
        },
        "probability": 0.995648145676,
        "value": "not_aggressive"
    },
    "mood_electronic": {
        "all": {
            "electronic": 0.252140909433,
            "not_electronic": 0.747859060764
        },
        "probability": 0.747859060764,
        "value": "not_electronic"
    },
    "mood_happy": {
        "all": {
            "happy": 0.328926563263,
            "not_happy": 0.671073436737
        },
        "probability": 0.671073436737,
        "value": "not_happy"
    },
    "mood_party": {
        "all": {
            "not_party": 0.730337560177,
            "party": 0.269662469625
        },
        "probability": 0.730337560177,
        "value": "not_party"
    },
    "mood_relaxed": {
        "all": {
            "not_relaxed": 0.221348628402,
            "relaxed": 0.778651356697
        },
        "probability": 0.778651356697,
        "value": "relaxed"
    },
    "mood_sad": {
        "all": {
            "not_sad": 0.0830668509007,
            "sad": 0.916933178902
        },
        "probability": 0.916933178902,
        "value": "sad"
    },
    "moods_mirex": {
        "all": {
            "Cluster1": 0.116035781801,
            "Cluster2": 0.209164649248,
            "Cluster3": 0.377555072308,
            "Cluster4": 0.256298005581,
            "Cluster5": 0.0409464985132
        },
        "probability": 0.377555072308,
        "value": "Cluster3"
    },
    "timbre": {
        "all": {
            "bright": 0.983143806458,
            "dark": 0.0168561935425
        },
        "probability": 0.983143806458,
        "value": "bright"
    },
    "tonal_atonal": {
        "all": {
            "atonal": 0.0160543508828,
            "tonal": 0.983945667744
        },
        "probability": 0.983945667744,
        "value": "tonal"
    },
    "voice_instrumental": {
        "all": {
            "instrumental": 0.160328090191,
            "voice": 0.839671909809
        },
        "probability": 0.839671909809,
        "value": "voice"
    }
},
"lowlevel": {
    "average_loudness": 0.921423852444,
    "barkbands_crest": {
        "dmean": 1.99488854408,
        "dmean2": 3.1021771431,
        "dvar": 3.63594889641,
        "dvar2": 9.38807582855,
        "max": 20.79322052,
        "mean": 10.5842227936,
        "median": 10.3686666489,
        "min": 2.72786545753,
        "var": 13.9586772919
    },
    "barkbands_flatness_db": {
        "dmean": 0.0220094807446,
        "dmean2": 0.0327197648585,
        "dvar": 0.000470107683213,
        "dvar2": 0.00102997210342,
        "max": 0.344876348972,
        "mean": 0.182506456971,
        "median": 0.180535122752,
        "min": 0.0660620257258,
        "var": 0.00231994618662
    },
    "barkbands_kurtosis": {
        "dmean": 3.88781619072,
        "dmean2": 5.98066997528,
        "dvar": 43.8888473511,
        "dvar2": 100.27772522,
        "max": 79.8454208374,
        "mean": 8.18122673035,
        "median": 4.33936452866,
        "min": -1.79911863804,
        "var": 148.644165039
    },
    "barkbands_skewness": {
        "dmean": 0.557104587555,
        "dmean2": 0.819562017918,
        "dvar": 0.443377077579,
        "dvar2": 0.943389058113,
        "max": 7.90539646149,
        "mean": 2.05567455292,
        "median": 1.84606218338,
        "min": -1.65016329288,
        "var": 2.47302794456
    },
    "barkbands_spread": {
        "dmean": 4.22897481918,
        "dmean2": 6.36329507828,
        "dvar": 34.4547157288,
        "dvar2": 73.8288116455,
        "max": 73.4979858398,
        "mean": 16.5004749298,
        "median": 13.6182699203,
        "min": 1.70432889462,
        "var": 134.027679443
    },
    "dissonance": {
        "dmean": 0.0189295373857,
        "dmean2": 0.0311119500548,
        "dvar": 0.00030838206294,
        "dvar2": 0.000799911329523,
        "max": 0.498670101166,
        "mean": 0.449794322252,
        "median": 0.454586625099,
        "min": 0.320960700512,
        "var": 0.000781772832852
    },
    "dynamic_complexity": 2.7317135334,
    "erbbands_crest": {
        "dmean": 2.15116238594,
        "dmean2": 3.25953197479,
        "dvar": 4.38886356354,
        "dvar2": 9.14382457733,
        "max": 29.0781841278,
        "mean": 9.07141971588,
        "median": 7.94075012207,
        "min": 2.7021279335,
        "var": 20.4065589905
    },
    "erbbands_flatness_db": {
        "dmean": 0.0211401768029,
        "dmean2": 0.0280064139515,
        "dvar": 0.000425030710176,
        "dvar2": 0.000759230053518,
        "max": 0.348182618618,
        "mean": 0.172191262245,
        "median": 0.170465320349,
        "min": 0.0717453882098,
        "var": 0.00195313734002
    },
    "erbbands_kurtosis": {
        "dmean": 0.779139220715,
        "dmean2": 1.23879981041,
        "dvar": 1.47087776661,
        "dvar2": 3.81519341469,
        "max": 22.5194377899,
        "mean": 0.181559786201,
        "median": -0.252206087112,
        "min": -1.73813223839,
        "var": 3.17805719376
    },
    "erbbands_skewness": {
        "dmean": 0.320261985064,
        "dmean2": 0.482586354017,
        "dvar": 0.0949096903205,
        "dvar2": 0.212802410126,
        "max": 4.19584417343,
        "mean": 0.459052354097,
        "median": 0.487000882626,
        "min": -2.33537077904,
        "var": 0.545831382275
    },
    "erbbands_spread": {
        "dmean": 7.73094797134,
        "dmean2": 11.6417818069,
        "dvar": 77.2158737183,
        "dvar2": 157.286743164,
        "max": 120.568092346,
        "mean": 39.7805976868,
        "median": 37.9138755798,
        "min": 4.53578853607,
        "var": 267.690979004
    },
    "hfc": {
        "dmean": 3.57892990112,
        "dmean2": 4.80567216873,
        "dvar": 28.6264247894,
        "dvar2": 43.6182899475,
        "max": 88.1385955811,
        "mean": 13.4664106369,
        "median": 6.77745294571,
        "min": 0.830343186855,
        "var": 227.943084717
    },
    "melbands_crest": {
        "dmean": 2.5570192337,
        "dmean2": 3.93210840225,
        "dvar": 7.71736383438,
        "dvar2": 17.5292758942,
        "max": 30.6363639832,
        "mean": 15.7846317291,
        "median": 14.5267763138,
        "min": 4.41942453384,
        "var": 42.6514778137
    },
    "melbands_flatness_db": {
        "dmean": 0.0262713413686,
        "dmean2": 0.0370745435357,
        "dvar": 0.000755442422815,
        "dvar2": 0.00150211795699,
        "max": 0.437084287405,
        "mean": 0.24015660584,
        "median": 0.240492969751,
        "min": 0.0409510657191,
        "var": 0.00466695521027
    },
    "melbands_kurtosis": {
        "dmean": 9.75577354431,
        "dmean2": 14.9937381744,
        "dvar": 328.824005127,
        "dvar2": 768.279052734,
        "max": 221.524963379,
        "mean": 22.219171524,
        "median": 11.1258020401,
        "min": -1.34919559956,
        "var": 1014.11279297
    },
    "melbands_skewness": {
        "dmean": 0.761990129948,
        "dmean2": 1.11446774006,
        "dvar": 0.894412755966,
        "dvar2": 1.8597240448,
        "max": 12.9429664612,
        "mean": 3.18916034698,
        "median": 2.64330601692,
        "min": -0.938802480698,
        "var": 4.75658512115
    },
    "melbands_spread": {
        "dmean": 5.22183561325,
        "dmean2": 7.62332057953,
        "dvar": 82.9392700195,
        "dvar2": 168.918884277,
        "max": 157.751983643,
        "mean": 18.1292819977,
        "median": 12.166220665,
        "min": 1.03421568871,
        "var": 310.854705811
    },
    "pitch_salience": {
        "dmean": 0.0636770501733,
        "dmean2": 0.100428618491,
        "dvar": 0.00377645646222,
        "dvar2": 0.00922930520028,
        "max": 0.833133518696,
        "mean": 0.500507235527,
        "median": 0.508202672005,
        "min": 0.100119970739,
        "var": 0.0207776464522
    },
    "silence_rate_20dB": {
        "dmean": 0,
        "dmean2": 0,
        "dvar": 0,
        "dvar2": 0,
        "max": 1,
        "mean": 1,
        "median": 1,
        "min": 1,
        "var": 0
    },
    "silence_rate_30dB": {
        "dmean": 0,
        "dmean2": 0,
        "dvar": 0,
        "dvar2": 0,
        "max": 1,
        "mean": 1,
        "median": 1,
        "min": 1,
        "var": 0
    },
    "silence_rate_60dB": {
        "dmean": 0.0247678011656,
        "dmean2": 0.0495739728212,
        "dvar": 0.0241545308381,
        "dvar2": 0.054861612618,
        "max": 1,
        "mean": 0.0340293906629,
        "median": 0,
        "min": 0,
        "var": 0.0328715592623
    },
    "spectral_centroid": {
        "dmean": 225.515136719,
        "dmean2": 331.150695801,
        "dvar": 76798.3359375,
        "dvar2": 146057.203125,
        "max": 3920.70068359,
        "mean": 1164.16271973,
        "median": 943.002563477,
        "min": 279.564300537,
        "var": 486557.09375
    },
    "spectral_complexity": {
        "dmean": 2.55804944038,
        "dmean2": 3.84895420074,
        "dvar": 8.31478309631,
        "dvar2": 13.9624462128,
        "max": 47,
        "mean": 13.8553752899,
        "median": 12,
        "min": 3,
        "var": 35.7662582397
    },
    "spectral_decrease": {
        "dmean": 1.82028114804e-09,
        "dmean2": 2.73877631685e-09,
        "dvar": 9.87377207628e-18,
        "dvar2": 2.33821344051e-17,
        "max": -2.91240614958e-10,
        "mean": -6.02875971367e-09,
        "median": -4.76996664389e-09,
        "min": -3.0742359769e-08,
        "var": 2.17952099066e-17
    },
    "spectral_energy": {
        "dmean": 0.00712264049798,
        "dmean2": 0.0106560410932,
        "dvar": 0.000145606914884,
        "dvar2": 0.000342919607647,
        "max": 0.117752246559,
        "mean": 0.0239753834903,
        "median": 0.0189722292125,
        "min": 0.0011745194206,
        "var": 0.000336832657922
    },
    "spectral_energyband_high": {
        "dmean": 0.000137661903864,
        "dmean2": 0.000204458920052,
        "dvar": 7.84832323575e-08,
        "dvar2": 1.62857645591e-07,
        "max": 0.00409697508439,
        "mean": 0.000241649031523,
        "median": 7.98921173555e-05,
        "min": 4.30296131526e-06,
        "var": 1.93252290615e-07
    },
    "spectral_energyband_low": {
        "dmean": 0.00479523325339,
        "dmean2": 0.0073707094416,
        "dvar": 0.000105652798084,
        "dvar2": 0.000258278043475,
        "max": 0.105157390237,
        "mean": 0.0119933485985,
        "median": 0.00650456640869,
        "min": 3.42633893524e-06,
        "var": 0.000206662298297
    },
    "spectral_energyband_middle_high": {
        "dmean": 0.00107839470729,
        "dmean2": 0.00132750009652,
        "dvar": 4.21555114372e-06,
        "dvar2": 5.51105222257e-06,
        "max": 0.0591967329383,
        "mean": 0.00400097901002,
        "median": 0.00109219166916,
        "min": 0.000173809152329,
        "var": 5.1522096328e-05
    },
    "spectral_energyband_middle_low": {
        "dmean": 0.00298010488041,
        "dmean2": 0.00461367191747,
        "dvar": 2.11340120586e-05,
        "dvar2": 4.56190718978e-05,
        "max": 0.0571124106646,
        "mean": 0.00831148214638,
        "median": 0.00602243375033,
        "min": 0.000381606369046,
        "var": 5.90956187807e-05
    },
    "spectral_entropy": {
        "dmean": 0.178088948131,
        "dmean2": 0.247061043978,
        "dvar": 0.0334948450327,
        "dvar2": 0.0630681589246,
        "max": 8.30379772186,
        "mean": 7.2040772438,
        "median": 7.14858102798,
        "min": 6.19604730606,
        "var": 0.144055068493
    },
    "spectral_flux": {
        "dmean": 0.0225417464972,
        "dmean2": 0.0351312197745,
        "dvar": 0.000957543903496,
        "dvar2": 0.00209219707176,
        "max": 0.292229801416,
        "mean": 0.0626635104418,
        "median": 0.0474837422371,
        "min": 0.0125186145306,
        "var": 0.00190847157501
    },
    "spectral_kurtosis": {
        "dmean": 2.40373110771,
        "dmean2": 4.17571783066,
        "dvar": 4.9793343544,
        "dvar2": 13.5833396912,
        "max": 18.762512207,
        "mean": 5.02767801285,
        "median": 4.50533771515,
        "min": -0.247069120407,
        "var": 8.93552398682
    },
    "spectral_rms": {
        "dmean": 0.000673883536365,
        "dmean2": 0.000970509892795,
        "dvar": 9.92352170215e-07,
        "dvar2": 2.15339332499e-06,
        "max": 0.0107182199135,
        "mean": 0.00449064141139,
        "median": 0.00430226605386,
        "min": 0.00107045436744,
        "var": 3.22473715642e-06
    },
    "spectral_rolloff": {
        "dmean": 324.980712891,
        "dmean2": 520.483398438,
        "dvar": 431614.3125,
        "dvar2": 884211,
        "max": 7622.75390625,
        "mean": 1028.14758301,
        "median": 538.330078125,
        "min": 107.666015625,
        "var": 1366151.5
    },
    "spectral_skewness": {
        "dmean": 0.27943354845,
        "dmean2": 0.457368344069,
        "dvar": 0.0598296299577,
        "dvar2": 0.154057905078,
        "max": 3.12350487709,
        "mean": 1.52222216129,
        "median": 1.55520606041,
        "min": 0.0398821793497,
        "var": 0.208145037293
    },
    "spectral_spread": {
        "dmean": 767633.4375,
        "dmean2": 1085007.125,
        "dvar": 1.00892711322e+12,
        "dvar2": 2.03827013222e+12,
        "max": 15704863,
        "mean": 3770136.25,
        "median": 3350084.5,
        "min": 1756775.75,
        "var": 1.79207942963e+12
    },
    "spectral_strongpeak": {
        "dmean": 0.400770783424,
        "dmean2": 0.671212077141,
        "dvar": 0.799000442028,
        "dvar2": 1.92383396626,
        "max": 12.2485609055,
        "mean": 1.02575850487,
        "median": 0.476702988148,
        "min": 0.0171923078597,
        "var": 2.66771769524
    },
    "zerocrossingrate": {
        "dmean": 0.00840773433447,
        "dmean2": 0.0095591172576,
        "dvar": 0.0001016516253,
        "dvar2": 0.000117705276352,
        "max": 0.212890625,
        "mean": 0.0427863523364,
        "median": 0.0361328125,
        "min": 0.00537109375,
        "var": 0.000783947238233
    },
    "barkbands": {
        "dmean": [4.49939543614e-05, 0.00271287676878, 0.00236866623163, 0.00058075011475, 0.000913406605832, 0.00103341951035, 0.000917684636079, 0.000583348039072, 0.000387335661799, 0.000266588845989, 0.000135222508106, 0.000123262012494, 0.000281584420009, 0.000266423303401, 0.000114836962894, 6.19611018919e-05, 0.000131029446493, 0.000109183820314, 0.000201217073482, 0.000140871561598, 2.90103471343e-05, 3.08870294248e-05, 2.82716664515e-05, 2.5233703127e-05, 1.68789247255e-05, 4.73085628983e-06, 2.0192134631e-09],
        "dmean2": [7.1661263064e-05, 0.00442654266953, 0.0037482783664, 0.000930175126996, 0.00149187841453, 0.00165487336926, 0.00141026242636, 0.000889202579856, 0.00058151979465, 0.000376139039872, 0.000206748110941, 0.000181053372216, 0.000366478634533, 0.000389746011933, 0.000171217718162, 9.34797353693e-05, 0.000193083484191, 0.0001490759023, 0.000262359331828, 0.00019428851374, 4.41680858785e-05, 4.60863120679e-05, 4.26263977715e-05, 3.93003829231e-05, 2.69854335784e-05, 7.81327253208e-06, 3.03348146602e-09],
        "dvar": [1.3798453935e-08, 3.71301684936e-05, 2.71158605756e-05, 2.0252118702e-06, 1.53373730427e-06, 4.00600310968e-06, 4.5114529712e-06, 1.89801994566e-06, 1.88457283912e-06, 6.33822480722e-07, 4.62572238291e-08, 1.96515173911e-07, 1.5320000557e-06, 6.91140883191e-07, 8.43558680685e-08, 2.37672139747e-08, 4.60512588063e-08, 1.17071337513e-07, 1.92900955653e-07, 1.39620780715e-07, 6.15028739048e-09, 6.02578653641e-09, 3.46443118637e-09, 2.83270518153e-09, 1.21206311654e-09, 1.02459957185e-10, 8.58779600167e-16],
        "dvar2": [3.05382812371e-08, 0.000101200050267, 6.61476733512e-05, 4.96684015161e-06, 4.03081321565e-06, 9.77154013526e-06, 9.02154442883e-06, 4.27594068242e-06, 4.20715014116e-06, 9.82493702395e-07, 9.60689590102e-08, 3.44911086358e-07, 1.61102082075e-06, 1.09791801606e-06, 1.75314539774e-07, 4.95683813995e-08, 8.93650593525e-08, 2.00047011845e-07, 3.33833867217e-07, 2.35932489545e-07, 1.15899139175e-08, 1.43031169131e-08, 7.90001397633e-09, 6.99249236291e-09, 2.95405122586e-09, 2.62384891592e-10, 8.64141901058e-16],
        "max": [0.00128496286925, 0.060280226171, 0.0438705645502, 0.0256861168891, 0.0131141170859, 0.0323598906398, 0.0347183048725, 0.0219461750239, 0.0261024683714, 0.0272120330483, 0.00404842291027, 0.0153756011277, 0.0548069812357, 0.0190022159368, 0.00536165013909, 0.00323563814163, 0.00527030555531, 0.0068624028936, 0.0104950228706, 0.00771747156978, 0.00138950324617, 0.00133219710551, 0.00105728849303, 0.000666064501274, 0.000316807912895, 8.53720703162e-05, 1.04623211428e-06],
        "mean": [5.19550776517e-05, 0.00631947163492, 0.00521994940937, 0.000732566928491, 0.0017037356738, 0.00199029385112, 0.0017417317722, 0.00102257204708, 0.0007492377772, 0.000609322160017, 0.000270881690085, 0.000243757604039, 0.000799858185928, 0.000711732078344, 0.000218426343054, 0.000115575217933, 0.000297820311971, 0.000200297508854, 0.000526549876668, 0.000253024423728, 5.00649221067e-05, 5.28620548721e-05, 4.44268407591e-05, 2.97708375001e-05, 1.52619504661e-05, 4.25284679295e-06, 1.75303238592e-09],
        "median": [2.16501030081e-05, 0.00246232654899, 0.00206536077894, 0.000208783851122, 0.00122665287927, 0.000735828536563, 0.000560910149943, 0.000457039888715, 0.00017524449504, 0.000165823948919, 0.000136156129884, 5.85197922192e-05, 8.53692108649e-05, 7.93541039457e-05, 7.00510354363e-05, 5.05417592649e-05, 0.000102786434582, 3.26717163261e-05, 7.17762886779e-05, 3.65624073311e-05, 1.23090230773e-05, 1.60591789609e-05, 1.32647546707e-05, 6.6402462835e-06, 2.07196103474e-06, 7.51933100673e-07, 2.92765367504e-10],
        "min": [3.10670378312e-09, 2.00027375286e-06, 8.93815354175e-07, 1.40169788665e-07, 1.64608081832e-05, 8.85887857294e-06, 1.02622325358e-05, 2.04248067348e-06, 7.30104466129e-06, 2.54038650382e-06, 2.75580214293e-06, 8.41730127377e-07, 4.58161457573e-06, 5.25841187482e-06, 2.19253752221e-06, 2.97296696772e-06, 3.00638680528e-06, 2.22118887905e-06, 5.76862430535e-06, 1.27312955556e-06, 7.68177130794e-07, 2.8773484928e-07, 3.00215248217e-07, 3.58295757508e-08, 1.82484565653e-11, 1.91789847892e-11, 1.96782815737e-11],
        "var": [1.40021594319e-08, 6.42793165753e-05, 5.24213282915e-05, 2.28766884902e-06, 2.6410314149e-06, 1.21941011457e-05, 1.23474201246e-05, 3.89915476262e-06, 4.7749854275e-06, 3.68104520021e-06, 1.63382424034e-07, 1.16870000966e-06, 2.1621968699e-05, 5.46310775462e-06, 1.99417144131e-07, 4.54327100385e-08, 3.11093998562e-07, 3.11393989705e-07, 1.0692555179e-06, 4.38127756297e-07, 1.56599622159e-08, 1.44207890074e-08, 8.45800851579e-09, 3.6859675312e-09, 1.15121623345e-09, 8.99764082685e-11, 8.58368577429e-16]
    },
    "erbbands": {
        "dmean": [0.0361914858222, 0.763492703438, 2.81184720993, 2.09895944595, 2.66554760933, 3.16967129707, 4.57081222534, 8.87129878998, 14.0534915924, 12.5870943069, 10.3792467117, 9.25422096252, 8.56787109375, 4.84779644012, 5.60013532639, 6.04835176468, 13.221578598, 13.9449977875, 7.25219583511, 4.54002189636, 3.06661844254, 6.6459569931, 6.78788948059, 5.70881891251, 12.8601970673, 5.15091562271, 1.48259878159, 0.951154232025, 1.11529970169, 1.11654567719, 0.736586511135, 0.571467339993, 0.387474000454, 0.225924178958, 0.093081690371, 0.0262917913496, 0.00796219240874, 0.000694541900884, 1.56097048603e-05, 8.42779354571e-06],
        "dmean2": [0.0581334233284, 1.24653065205, 4.3820514679, 3.3282854557, 4.49470043182, 4.99086904526, 7.50205278397, 14.1562480927, 22.3171672821, 18.5593128204, 15.15711689, 13.7051963806, 12.0132131577, 6.93461799622, 8.63356208801, 8.63919067383, 17.1200237274, 20.0083656311, 10.5467472076, 6.93788194656, 4.50203275681, 9.55633163452, 9.06230545044, 7.80663061142, 16.4258708954, 7.2219786644, 2.22619342804, 1.38754785061, 1.64667761326, 1.72765994072, 1.11984920502, 0.898266732693, 0.603921949863, 0.359477341175, 0.150020092726, 0.0425867289305, 0.01346020028, 0.00120901211631, 2.56992370851e-05, 1.25993028632e-05],
        "dvar": [0.00678723165765, 3.03786826134, 37.9331474304, 24.5535259247, 18.6029148102, 18.5731239319, 82.2554550171, 356.730194092, 1010.79956055, 1166.1529541, 1264.91345215, 985.602050781, 800.71496582, 128.382141113, 82.1679153442, 403.988769531, 3315.92602539, 2249.67773438, 392.02154541, 125.636886597, 38.682510376, 155.155227661, 507.377868652, 176.140182495, 838.694396973, 163.138473511, 16.1188335419, 6.89250326157, 8.03209495544, 5.79186248779, 2.46901845932, 1.92431771755, 0.619994163513, 0.216798052192, 0.0363702327013, 0.00287616252899, 0.000303629931295, 2.7709004371e-06, 1.03356778691e-09, 1.86145779346e-10],
        "dvar2": [0.0166990626603, 8.32834625244, 93.6990509033, 58.3678092957, 50.7007598877, 45.7650184631, 216.04359436, 828.786682129, 2142.64379883, 2083.65112305, 2560.50952148, 2162.67382812, 1262.17980957, 229.277236938, 167.634567261, 742.505859375, 3096.99755859, 3557.22265625, 685.334533691, 228.332107544, 76.3373031616, 301.362640381, 901.515686035, 339.33972168, 1304.37878418, 265.310089111, 31.1250190735, 12.6407489777, 18.4774665833, 14.461889267, 5.50882482529, 4.9849486351, 1.47898316383, 0.521838784218, 0.0913432836533, 0.00717234611511, 0.000793324434198, 7.46606019675e-06, 2.72161404524e-09, 4.34422359197e-10],
        "max": [1.03063619137, 17.274559021, 60.6528816223, 82.2270889282, 39.9058494568, 43.2202110291, 121.798202515, 363.118621826, 486.317596436, 1076.08215332, 907.427124023, 660.952941895, 1012.28863525, 291.726501465, 176.887039185, 787.95111084, 2777.29858398, 1134.24707031, 764.172912598, 220.265762329, 139.604354858, 314.756622314, 462.374481201, 410.5440979, 568.972961426, 321.767272949, 72.3946228027, 57.20495224, 53.2434043884, 42.6699905396, 26.2506752014, 24.9034385681, 8.03162193298, 3.98494791985, 1.41477942467, 0.43748664856, 0.133089542389, 0.0143514275551, 0.000276833161479, 0.000134374146],
        "mean": [0.082384750247, 1.76823139191, 6.66226816177, 3.36338973045, 3.99978399277, 6.20220756531, 7.89118671417, 17.5550041199, 28.4883365631, 25.2509555817, 18.129611969, 18.2099723816, 20.6263790131, 10.8289985657, 12.0372037888, 16.4972019196, 39.5044784546, 34.9467430115, 18.7627162933, 9.00061130524, 6.74965333939, 15.7771568298, 13.3620967865, 13.7350139618, 32.8934326172, 11.5146226883, 2.72465157509, 1.69222927094, 1.86405467987, 1.78247332573, 1.16037523746, 0.769597411156, 0.402140587568, 0.207026854157, 0.0823141187429, 0.0245060175657, 0.00688500655815, 0.0005401809467, 2.37980439124e-05, 2.85461046587e-05],
        "median": [0.0531119182706, 0.673987090588, 2.86626529694, 1.73830223083, 2.28207588196, 4.11843538284, 4.42469263077, 6.25631475449, 7.03402090073, 12.320605278, 7.28651952744, 4.71047544479, 5.2892780304, 4.22392320633, 6.30367088318, 3.40694975853, 4.6292181015, 4.06263208389, 3.78858613968, 3.61930775642, 3.38377809525, 4.68662881851, 2.73269152641, 2.82219290733, 3.61169505119, 2.08450818062, 0.80712389946, 0.419466584921, 0.512648701668, 0.626878023148, 0.339647322893, 0.186472266912, 0.076638430357, 0.0290337502956, 0.0120105519891, 0.00439381087199, 0.00119774858467, 7.26188591216e-05, 1.4899938833e-05, 2.28311018873e-05],
        "min": [2.63032852672e-05, 0.000619462400209, 0.00143006816506, 0.00655360613018, 0.0289898402989, 0.0800573304296, 0.0902123376727, 0.227983623743, 0.172740831971, 0.23806424439, 0.108458615839, 0.264377892017, 0.220810830593, 0.261389672756, 0.250765651464, 0.144095242023, 0.294288098812, 0.322494775057, 0.401803582907, 0.29210832715, 0.30905932188, 0.239371940494, 0.19363629818, 0.194196894765, 0.242644742131, 0.0879933163524, 0.0542083494365, 0.0209184587002, 0.0156357325613, 0.0104374438524, 0.00681902095675, 0.00141276197974, 0.00039465923328, 5.2491457609e-05, 9.52103710006e-06, 1.48190827076e-06, 6.41914141397e-07, 1.82344805921e-07, 7.03295540916e-07, 1.39902147112e-06],
        "var": [0.00925102550536, 5.34605360031, 84.5792541504, 28.3621883392, 23.9889640808, 40.4501800537, 101.80279541, 1084.82092285, 3486.02636719, 4198.18847656, 1932.20227051, 2681.41503906, 4977.72167969, 583.049072266, 280.138885498, 3954.43505859, 51680.7734375, 11635.8154297, 3558.03588867, 254.848388672, 106.466453552, 1003.28491211, 1283.17993164, 695.30456543, 4451.70898438, 685.576782227, 37.0165786743, 19.9322299957, 19.3786125183, 11.6246109009, 6.33959960938, 3.03121042252, 0.679112613201, 0.21088694036, 0.0331530869007, 0.00274493964389, 0.000250197597779, 2.02120327231e-06, 9.24700538363e-10, 4.51973541926e-10]
    },
    "gfcc": {
        "mean": [-34.2284545898, 125.959793091, -123.204406738, 43.1084899902, -56.5568733215, 8.40189361572, -32.3720283508, 9.23637485504, -15.4809141159, 0.188046827912, -3.00512385368, -4.144572258, -12.2985181808],
        "cov": [[2202.27001953, -829.864074707, 34.2615661621, 36.6321220398, -114.614898682, 196.109466553, -105.304641724, 249.676681519, -153.693191528, 105.071372986, -4.65339374542, -1.6713719368, -144.966186523], [-829.864074707, 1012.87353516, -101.43888855, -21.0122680664, 247.340896606, -173.618515015, 196.775131226, -155.076797485, 187.067840576, -142.802322388, 137.476089478, -70.65184021, 89.6376190186], [34.2615661621, -101.43888855, 887.121032715, 127.483802795, -31.5099010468, 244.736572266, -52.711555481, 35.2210884094, -62.0920333862, 102.962654114, -155.933624268, 96.1264953613, 30.2076396942], [36.6321220398, -21.0122680664, 127.483802795, 342.383270264, 28.9348125458, 27.9584770203, 48.4304542542, -35.234992981, 60.239364624, -45.4426078796, -11.3858919144, -29.3515319824, 49.3195152283], [-114.614898682, 247.340896606, -31.5099010468, 28.9348125458, 246.692581177, 0.0486177764833, 104.464927673, 0.189423039556, 48.5570869446, -33.7426300049, 19.1717300415, -26.2789554596, -14.2682476044], [196.109466553, -173.618515015, 244.736572266, 27.9584770203, 0.0486177764833, 253.75239563, 29.923456192, 46.7262001038, -41.5927772522, 40.8482170105, -45.6521759033, 6.05100631714, 0.713175237179], [-105.304641724, 196.775131226, -52.711555481, 48.4304542542, 104.464927673, 29.923456192, 203.478515625, -16.0042972565, 62.7579269409, -42.5767631531, 40.5638847351, -16.7995166779, -8.43882465363], [249.676681519, -155.076797485, 35.2210884094, -35.234992981, 0.189423039556, 46.7262001038, -16.0042972565, 132.286361694, -20.1013374329, 47.657283783, -21.9179363251, 2.70175528526, -19.1499862671], [-153.693191528, 187.067840576, -62.0920333862, 60.239364624, 48.5570869446, -41.5927772522, 62.7579269409, -20.1013374329, 131.069290161, -25.985118866, 52.1984519958, -42.0862922668, 13.3445949554], [105.071372986, -142.802322388, 102.962654114, -45.4426078796, -33.7426300049, 40.8482170105, -42.5767631531, 47.657283783, -25.985118866, 108.729148865, -30.4026584625, 25.7312068939, -18.2142086029], [-4.65339374542, 137.476089478, -155.933624268, -11.3858919144, 19.1717300415, -45.6521759033, 40.5638847351, -21.9179363251, 52.1984519958, -30.4026584625, 123.214431763, -30.7747554779, -11.0580997467], [-1.6713719368, -70.65184021, 96.1264953613, -29.3515319824, -26.2789554596, 6.05100631714, -16.7995166779, 2.70175528526, -42.0862922668, 25.7312068939, -30.7747554779, 97.4358062744, -2.33133935928], [-144.966186523, 89.6376190186, 30.2076396942, 49.3195152283, -14.2682476044, 0.713175237179, -8.43882465363, -19.1499862671, 13.3445949554, -18.2142086029, -11.0580997467, -2.33133935928, 96.9794616699]],
        "icov": [[0.000869022798724, 0.000496821652632, -3.0962182791e-05, -0.000352124741767, -5.5807588069e-05, -0.000178148446139, 9.62033227552e-05, -0.00111324235331, 0.000658403558191, 0.000195284956135, -0.000982324359939, 0.000281229120446, 0.000651012000162], [0.000496821652632, 0.00709715206176, -0.00348236039281, 0.00475140288472, -0.00475126923993, 0.00512511329725, -0.00404477445409, 0.00372783490457, -0.00298672122881, 0.00340258469805, -0.00481454562396, 0.00374650233425, -0.00691031245515], [-3.0962182791e-05, -0.00348236039281, 0.00418902514502, -0.00339379929937, 0.00211215019226, -0.00469300244004, 0.00292123900726, -0.00164392904844, 0.000863214256242, -0.00286067626439, 0.00383791443892, -0.00384472799487, 0.00355754396878], [-0.000352124741767, 0.00475140288472, -0.00339379929937, 0.00787043292075, -0.00325185642578, 0.00386098120362, -0.00356630212627, 0.00401713280007, -0.00424176082015, 0.00390789145604, -0.00198276853189, 0.00366430357099, -0.00670777354389], [-5.5807588069e-05, -0.00475126923993, 0.00211215019226, -0.00325185642578, 0.00877433177084, -0.00312361610122, 0.00021598796593, -0.00361138000153, 0.00153305218555, -0.00126043625642, 0.00361702730879, -0.00153418979608, 0.00585145456716], [-0.000178148446139, 0.00512511329725, -0.00469300244004, 0.00386098120362, -0.00312361610122, 0.0111548649147, -0.00602146750316, 0.00193579238839, 0.000358400546247, 0.0014066825388, -0.0033637965098, 0.00545107806101, -0.00622609397396], [9.62033227552e-05, -0.00404477445409, 0.00292123900726, -0.00356630212627, 0.00021598796593, -0.00602146750316, 0.0110691515729, -0.0022606481798, -0.00133675150573, 0.000112761117634, 0.00155993876979, -0.00446334481239, 0.00565466890112], [-0.00111324235331, 0.00372783490457, -0.00164392904844, 0.00401713280007, -0.00361138000153, 0.00193579238839, -0.0022606481798, 0.0140406023711, -0.00299727218226, -0.00186840852257, -0.000330236565787, 0.00262888055295, -0.00452328985557], [0.000658403558191, -0.00298672122881, 0.000863214256242, -0.00424176082015, 0.00153305218555, 0.000358400546247, -0.00133675150573, -0.00299727218226, 0.015916435048, -0.00332932523452, -0.00279921060428, 0.00287988362834, 0.00208245567046], [0.000195284956135, 0.00340258469805, -0.00286067626439, 0.00390789145604, -0.00126043625642, 0.0014066825388, 0.000112761117634, -0.00186840852257, -0.00332932523452, 0.0164258666337, -0.00136762263719, -0.000120628734294, -0.00112001702655], [-0.000982324359939, -0.00481454562396, 0.00383791443892, -0.00198276853189, 0.00361702730879, -0.0033637965098, 0.00155993876979, -0.000330236565787, -0.00279921060428, -0.00136762263719, 0.0166001357138, -0.00190470018424, 0.00539735611528], [0.000281229120446, 0.00374650233425, -0.00384472799487, 0.00366430357099, -0.00153418979608, 0.00545107806101, -0.00446334481239, 0.00262888055295, 0.00287988362834, -0.000120628734294, -0.00190470018424, 0.0168634820729, -0.00407422753051], [0.000651012000162, -0.00691031245515, 0.00355754396878, -0.00670777354389, 0.00585145456716, -0.00622609397396, 0.00565466890112, -0.00452328985557, 0.00208245567046, -0.00112001702655, 0.00539735611528, -0.00407422753051, 0.0205010659993]]
    },
    "melbands": {
        "dmean": [0.000533133919816, 0.00132470973767, 0.000367714004824, 0.000220465721213, 0.000145819067257, 0.000206055672606, 0.000203239964321, 0.000135284572025, 8.84682085598e-05, 5.19876775797e-05, 4.2817373469e-05, 2.02588689717e-05, 1.96325690922e-05, 1.33072071549e-05, 3.1758514524e-05, 2.04746447707e-05, 2.95354529953e-05, 1.29007366922e-05, 8.09133962321e-06, 5.43046553503e-06, 3.87600130125e-06, 6.60328760205e-06, 7.95136475062e-06, 5.07719823872e-06, 4.48760147265e-06, 9.86638224276e-06, 8.47540923132e-06, 2.6094930945e-06, 9.88731471807e-07, 8.32090108815e-07, 5.23567621258e-07, 6.34480272765e-07, 6.98262908827e-07, 6.58428859879e-07, 4.47852983143e-07, 4.21907515147e-07, 2.98697671042e-07, 2.63736211537e-07, 2.7362932542e-07, 1.75757662646e-07],
        "dmean2": [0.000865482143126, 0.00207078177482, 0.000576863763854, 0.000363536993973, 0.000235639236053, 0.000327715883031, 0.000320895429468, 0.00020314574067, 0.000130113723571, 7.69960970501e-05, 6.01822757744e-05, 2.89532617899e-05, 3.01390537061e-05, 1.95886495931e-05, 4.31681000919e-05, 2.7634374419e-05, 4.29894025729e-05, 1.91959916265e-05, 1.17193558253e-05, 8.3892227849e-06, 5.92075139139e-06, 9.6946305348e-06, 1.17534982564e-05, 7.01572071193e-06, 6.46459693598e-06, 1.30860862555e-05, 1.10844221126e-05, 3.82547796107e-06, 1.49886693634e-06, 1.25587473576e-06, 7.73594990733e-07, 9.3752629482e-07, 1.07278629002e-06, 1.04458990791e-06, 6.94803816259e-07, 6.67682570565e-07, 4.7219384669e-07, 4.14913984059e-07, 4.35232379914e-07, 2.83089036657e-07],
        "dvar": [1.37612539675e-06, 8.50972719491e-06, 6.22162417585e-07, 9.43464897318e-08, 7.07275020773e-08, 1.81007877131e-07, 2.0466043793e-07, 1.2422928819e-07, 1.22597867858e-07, 2.84418248953e-08, 2.01960350665e-08, 2.53164866848e-09, 9.54764045602e-10, 1.54342028047e-09, 1.82250854408e-08, 6.29184215839e-09, 1.00511670098e-08, 1.81030823665e-09, 5.21979293122e-10, 2.05990655089e-10, 7.00631497264e-11, 1.60169003061e-10, 2.91008883657e-10, 2.8529048568e-10, 1.06266183353e-10, 5.167064554e-10, 4.75368133745e-10, 4.32129748651e-11, 8.28022025945e-12, 4.42032825274e-12, 2.55092670078e-12, 3.2657433615e-12, 2.76998953289e-12, 2.04678374943e-12, 9.96407166845e-13, 9.55373150383e-13, 5.48736891429e-13, 2.93826838945e-13, 3.39332349112e-13, 1.38973657885e-13],
        "dvar2": [3.7342485939e-06, 2.16062635445e-05, 1.45742842506e-06, 2.48584797191e-07, 1.8285039971e-07, 4.19516595684e-07, 4.36019121253e-07, 2.44178693265e-07, 2.53770735981e-07, 6.26285157068e-08, 3.14472927698e-08, 4.37528147046e-09, 1.94745686244e-09, 2.70915867517e-09, 2.72366733611e-08, 6.30496321818e-09, 1.61168554058e-08, 2.8838647026e-09, 9.84630710299e-10, 4.13109435549e-10, 1.44187203843e-10, 3.10858450092e-10, 5.38606215184e-10, 4.92941409913e-10, 2.13164291774e-10, 9.12762310179e-10, 7.11439351875e-10, 8.12308484366e-11, 1.68302247139e-11, 8.66791100701e-12, 5.06364394859e-12, 7.30239479996e-12, 7.07910726566e-12, 5.30882889732e-12, 2.31685612535e-12, 2.29324502096e-12, 1.47963921931e-12, 7.10060536844e-13, 8.09260915658e-13, 3.43659291562e-13],
        "max": [0.0114297848195, 0.0297086220235, 0.0121471714228, 0.00334811746143, 0.00357832247391, 0.00747493188828, 0.00694822520018, 0.0102901412174, 0.00911014340818, 0.00365119427443, 0.00511153182015, 0.00126237189397, 0.000516715750564, 0.00132306921296, 0.0049441489391, 0.00357076711953, 0.00225671473891, 0.0017527481541, 0.00055363291176, 0.00027887331089, 0.000229457931709, 0.00028046159423, 0.000303601089399, 0.00031303850119, 0.000312214600854, 0.000528634351213, 0.000430521642556, 0.000165206758538, 5.24791976204e-05, 3.21475745295e-05, 3.90917630284e-05, 3.95766255679e-05, 2.33855698752e-05, 2.59299449681e-05, 1.63210079336e-05, 1.91053804883e-05, 1.36338330776e-05, 5.66046082895e-06, 6.66560072204e-06, 3.44969430444e-06],
        "mean": [0.00122648430988, 0.00319539639167, 0.000630516326055, 0.00039194940473, 0.000277310609818, 0.000417622650275, 0.000410508568166, 0.000264352187514, 0.000153885659529, 0.000103109399788, 0.000100020639366, 4.20817850681e-05, 4.06002873206e-05, 2.61934746959e-05, 9.32101247599e-05, 5.37279338459e-05, 7.11395696271e-05, 3.18558741128e-05, 1.52029588207e-05, 9.87791918305e-06, 7.48050388211e-06, 1.49725901792e-05, 1.68059032148e-05, 9.1434112619e-06, 1.00034640127e-05, 2.35027855524e-05, 1.99925380002e-05, 4.77330831927e-06, 1.5513079461e-06, 1.31186664021e-06, 8.51139418501e-07, 1.00570764516e-06, 1.10786447749e-06, 9.7176541658e-07, 6.94943082635e-07, 5.72391058995e-07, 3.94108440105e-07, 2.72863360351e-07, 2.5236013812e-07, 1.54405924491e-07],
        "median": [0.000559072941542, 0.00149926391896, 0.000346869084751, 0.000262903515249, 0.000170610161149, 0.000144709716551, 0.000105588442239, 0.000127215098473, 4.95692293043e-05, 2.66586357611e-05, 2.36276282521e-05, 1.47730252138e-05, 2.13617877307e-05, 9.4654978966e-06, 1.06088100438e-05, 7.21366222933e-06, 7.64923515817e-06, 5.88352486375e-06, 4.54389783044e-06, 4.54595465271e-06, 3.63798289982e-06, 4.58572731077e-06, 4.34387902715e-06, 1.43630541061e-06, 2.25083317673e-06, 3.06681704387e-06, 1.89356489955e-06, 9.87322550827e-07, 3.15847273669e-07, 3.24611477254e-07, 1.97247786105e-07, 2.49337176683e-07, 3.50640362967e-07, 3.2069090139e-07, 2.06434521033e-07, 1.27517353121e-07, 9.19433915669e-08, 4.76651855763e-08, 3.02940001973e-08, 1.95293807792e-08],
        "min": [3.77813989871e-07, 6.04846604801e-07, 1.45904164128e-06, 3.67380539501e-06, 3.26183612742e-06, 3.24875600199e-06, 2.3567693006e-06, 2.16366674977e-06, 7.01687554283e-07, 1.53101188971e-06, 5.76920740514e-07, 6.8433433853e-07, 5.38601170774e-07, 2.08982115169e-07, 4.60701102156e-07, 4.39156053744e-07, 5.10130746534e-07, 5.20603975929e-07, 2.70065555696e-07, 2.59981675299e-07, 2.26738634979e-07, 1.70380289433e-07, 9.88924142575e-08, 6.96814055345e-08, 1.10200261361e-07, 1.86407433489e-07, 9.81542029876e-08, 6.18479001346e-09, 5.69383518112e-09, 4.88723106429e-09, 2.28127947088e-10, 7.10433711859e-09, 6.06189232144e-09, 4.48325376823e-09, 3.75351039139e-09, 1.24260091106e-09, 1.58510982118e-10, 1.12209217612e-11, 1.20226517544e-12, 1.75610245204e-13],
