{
"highlevel": {
    "danceability": {
        "all": {
            "danceable": 0.999999880791,
            "not_danceable": 1.00000008274e-07
        },
        "probability": 0.999999880791,
        "value": "danceable"
    },
    "gender": {
        "all": {
            "female": 0.31295800209,
            "male": 0.68704199791
        },
        "probability": 0.68704199791,
        "value": "male"
    },
    "genre_dortmund": {
        "all": {
            "alternative": 0.00102755997796,
            "blues": 0.000591320334934,
            "electronic": 0.676937997341,
            "folkcountry": 0.000888543261681,
            "funksoulrnb": 0.000410708104027,
            "jazz": 0.0084636202082,
            "pop": 0.0065192929469,
            "raphiphop": 0.304155230522,
            "rock": 0.00100573978852
        },
        "probability": 0.676937997341,
        "value": "electronic"
    },
    "genre_electronic": {
        "all": {
            "ambient": 0.0752268955112,
            "dnb": 0.523414134979,
            "house": 0.097974948585,
            "techno": 0.183730870485,
            "trance": 0.119653142989
        },
        "probability": 0.523414134979,
        "value": "dnb"
    },
    "genre_rosamerica": {
        "all": {
            "cla": 5.77687642362e-05,
            "dan": 0.224518552423,
            "hip": 0.76784080267,
            "jaz": 6.77793286741e-05,
            "pop": 0.00673722708598,
            "rhy": 0.000472181942314,
            "roc": 0.000208870027564,
            "spe": 9.68182794168e-05
        },
        "probability": 0.76784080267,
        "value": "hip"
    },
    "genre_tzanetakis": {
        "all": {
            "blu": 0.0514952465892,
            "cla": 0.137320995331,
            "cou": 0.0824368968606,
            "dis": 0.0824551060796,
            "hip": 0.103102110326,
            "jaz": 0.13752360642,
            "met": 0.103165835142,
            "pop": 0.137530893087,
            "reg": 0.0824931263924,
            "roc": 0.0824761912227
        },
        "probability": 0.137530893087,
        "value": "pop"
    },
    "ismir04_rhythm": {
        "all": {
            "ChaChaCha": 0.852396309376,
            "Jive": 0.00328159565106,
            "Quickstep": 0.0192426498979,
            "Rumba-American": 0.00361826014705,
            "Rumba-International": 0.0123095652089,
            "Rumba-Misc": 0.00374096888117,
            "Samba": 0.102111816406,
            "Tango": 0.00201845658012,
            "VienneseWaltz": 0.000806693802588,
            "Waltz": 0.000473689404316
        },
        "probability": 0.852396309376,
        "value": "ChaChaCha"
    },
    "mood_acoustic": {
        "all": {
            "acoustic": 2.82120709016e-08,
            "not_acoustic": 1
        },
        "probability": 1,
        "value": "not_acoustic"
    },
    "mood_aggressive": {
        "all": {
            "aggressive": 1.16822384371e-05,
            "not_aggressive": 0.99998831749
        },
        "probability": 0.99998831749,
        "value": "not_aggressive"
    },
    "mood_electronic": {
        "all": {
            "electronic": 0.987723231316,
            "not_electronic": 0.0122767677531
        },
        "probability": 0.987723231316,
        "value": "electronic"
    },
    "mood_happy": {
        "all": {
            "happy": 0.391530245543,
            "not_happy": 0.608469724655
        },
        "probability": 0.608469724655,
        "value": "not_happy"
    },
    "mood_party": {
        "all": {
            "not_party": 0.0284533165395,
            "party": 0.971546709538
        },
        "probability": 0.971546709538,
        "value": "party"
    },
    "mood_relaxed": {
        "all": {
            "not_relaxed": 0.626423954964,
            "relaxed": 0.373576045036
        },
        "probability": 0.626423954964,
        "value": "not_relaxed"
    },
    "mood_sad": {
        "all": {
            "not_sad": 0.766905069351,
            "sad": 0.233094960451
        },
        "probability": 0.766905069351,
        "value": "not_sad"
    },
    "moods_mirex": {
        "all": {
            "Cluster1": 0.204262837768,
            "Cluster2": 0.0914979279041,
            "Cluster3": 0.152123391628,
            "Cluster4": 0.074242644012,
            "Cluster5": 0.477873206139
        },
        "probability": 0.477873206139,
        "value": "Cluster5"
    },
    "timbre": {
        "all": {
            "bright": 0.411600589752,
            "dark": 0.588399410248
        },
        "probability": 0.588399410248,
        "value": "dark"
    },
    "tonal_atonal": {
        "all": {
            "atonal": 0.805025458336,
            "tonal": 0.194974571466
        },
        "probability": 0.805025458336,
        "value": "atonal"
    },
    "voice_instrumental": {
        "all": {
            "instrumental": 0.0226466003805,
            "voice": 0.977353394032
        },
        "probability": 0.977353394032,
        "value": "voice"
    }
},
"lowlevel": {
    "average_loudness": 0.979591965675,
    "barkbands_crest": {
        "dmean": 3.10076355934,
        "dmean2": 4.38111352921,
        "dvar": 8.76430988312,
        "dvar2": 13.87753582,
        "max": 26.1631336212,
        "mean": 15.2783498764,
        "median": 15.9248723984,
        "min": 3.18592619896,
        "var": 31.426361084
    },
    "barkbands_flatness_db": {
        "dmean": 0.0438688024879,
        "dmean2": 0.0587403215468,
        "dvar": 0.00172715471126,
        "dvar2": 0.0032247742638,
        "max": 0.62341350317,
        "mean": 0.225283682346,
        "median": 0.211685970426,
        "min": 0.0551895871758,
        "var": 0.00858981441706
    },
    "barkbands_kurtosis": {
        "dmean": 23.9818534851,
        "dmean2": 35.9985160828,
        "dvar": 3454.20239258,
        "dvar2": 6875.49121094,
        "max": 1150.8137207,
        "mean": 34.2453193665,
        "median": 9.30763435364,
        "min": -1.94739556313,
        "var": 6125.05859375
    },
    "barkbands_skewness": {
        "dmean": 1.59380745888,
        "dmean2": 2.3319375515,
        "dvar": 3.75011563301,
        "dvar2": 7.67135906219,
        "max": 20.5541820526,
        "mean": 3.72263669968,
        "median": 2.92888355255,
        "min": -2.4262342453,
        "var": 9.76966381073
    },
    "barkbands_spread": {
        "dmean": 12.9796037674,
        "dmean2": 19.7445068359,
        "dvar": 398.328582764,
        "dvar2": 709.299743652,
        "max": 129.468154907,
        "mean": 21.5799846649,
        "median": 12.5592432022,
        "min": 0.0665268972516,
        "var": 661.25012207
    },
    "dissonance": {
        "dmean": 0.0180647782981,
        "dmean2": 0.0310711618513,
        "dvar": 0.000365792191587,
        "dvar2": 0.000990296830423,
        "max": 0.49999961257,
        "mean": 0.47256487608,
        "median": 0.478067278862,
        "min": 0.274653196335,
        "var": 0.000516110507306
    },
    "dynamic_complexity": 2.69519519806,
    "erbbands_crest": {
        "dmean": 2.78593397141,
        "dmean2": 4.55660057068,
        "dvar": 7.14044523239,
        "dvar2": 16.5967845917,
        "max": 30.336183548,
        "mean": 8.34293174744,
        "median": 7.23433923721,
        "min": 2.11337637901,
        "var": 18.4807987213
    },
    "erbbands_flatness_db": {
        "dmean": 0.0235439017415,
        "dmean2": 0.0349074751139,
        "dvar": 0.00053423747886,
        "dvar2": 0.00107794464566,
        "max": 0.31640958786,
        "mean": 0.146460369229,
        "median": 0.140810027719,
        "min": 0.0538279004395,
        "var": 0.00191517232452
    },
    "erbbands_kurtosis": {
        "dmean": 1.82511496544,
        "dmean2": 2.89377713203,
        "dvar": 12.9779424667,
        "dvar2": 28.5286846161,
        "max": 67.1042938232,
        "mean": 1.50887334347,
        "median": 0.271112918854,
        "min": -1.80070960522,
        "var": 27.0129184723
    },
    "erbbands_skewness": {
        "dmean": 0.572961986065,
        "dmean2": 0.828549265862,
        "dvar": 0.391146957874,
        "dvar2": 0.770479619503,
        "max": 7.39835834503,
        "mean": 0.44285979867,
        "median": 0.337025880814,
        "min": -2.75092983246,
        "var": 1.27048945427
    },
    "erbbands_spread": {
        "dmean": 15.9568557739,
        "dmean2": 25.0906295776,
        "dvar": 312.035614014,
        "dvar2": 692.924621582,
        "max": 170.471481323,
        "mean": 49.8965759277,
        "median": 45.1293945312,
        "min": 3.20075416565,
        "var": 743.554992676
    },
    "hfc": {
        "dmean": 27.2952213287,
        "dmean2": 42.1393013,
        "dvar": 2812.36108398,
        "dvar2": 6227.30175781,
        "max": 303.310791016,
        "mean": 32.9619903564,
        "median": 14.1265306473,
        "min": 0.357804894447,
        "var": 2788.14648438
    },
    "melbands_crest": {
        "dmean": 4.53992891312,
        "dmean2": 6.36189413071,
        "dvar": 21.3978748322,
        "dvar2": 37.1092720032,
        "max": 38.7293777466,
        "mean": 26.1935749054,
        "median": 29.1997089386,
        "min": 3.7969417572,
        "var": 88.0741653442
    },
    "melbands_flatness_db": {
        "dmean": 0.0520525462925,
        "dmean2": 0.0690277963877,
        "dvar": 0.00248434441164,
        "dvar2": 0.00448252400383,
        "max": 0.749799847603,
        "mean": 0.287717074156,
        "median": 0.275661766529,
        "min": 0.0469693802297,
        "var": 0.0141812032089
    },
    "melbands_kurtosis": {
        "dmean": 64.9953231812,
        "dmean2": 99.081741333,
        "dvar": 35820.5,
        "dvar2": 81183.671875,
        "max": 3048.11645508,
        "mean": 99.3139190674,
        "median": 35.4719696045,
        "min": -1.48133063316,
        "var": 54785.3359375
    },
    "melbands_skewness": {
        "dmean": 2.29988455772,
        "dmean2": 3.32300853729,
        "dvar": 10.1977910995,
        "dvar2": 22.2077064514,
        "max": 45.3849067688,
        "mean": 6.3102645874,
        "median": 5.16436672211,
        "min": -1.02720737457,
        "var": 27.8832473755
    },
    "melbands_spread": {
        "dmean": 8.15425014496,
        "dmean2": 12.260269165,
        "dvar": 151.116210938,
        "dvar2": 318.16885376,
        "max": 207.96824646,
        "mean": 14.831492424,
        "median": 8.64141654968,
        "min": 0.0646408647299,
        "var": 301.108398438
    },
    "pitch_salience": {
        "dmean": 0.107259660959,
        "dmean2": 0.148773044348,
        "dvar": 0.00979337003082,
        "dvar2": 0.0164785832167,
        "max": 0.904818952084,
        "mean": 0.354758501053,
        "median": 0.313844501972,
        "min": 0.0199830476195,
        "var": 0.0428091548383
    },
    "silence_rate_20dB": {
        "dmean": 0,
        "dmean2": 0,
        "dvar": 0,
        "dvar2": 0,
        "max": 1,
        "mean": 1,
        "median": 1,
        "min": 1,
        "var": 0
    },
    "silence_rate_30dB": {
        "dmean": 0.128482967615,
        "dmean2": 0.257164984941,
        "dvar": 0.111975818872,
        "dvar2": 0.209620326757,
        "max": 1,
        "mean": 0.661252915859,
        "median": 1,
        "min": 0,
        "var": 0.223995864391
    },
    "silence_rate_60dB": {
        "dmean": 0.0332817323506,
        "dmean2": 0.0658404305577,
        "dvar": 0.0321738123894,
        "dvar2": 0.0754473283887,
        "max": 1,
        "mean": 0.0456303171813,
        "median": 0,
        "min": 0,
        "var": 0.0435486137867
    },
    "spectral_centroid": {
        "dmean": 449.941650391,
        "dmean2": 656.90625,
        "dvar": 294232.625,
        "dvar2": 528647,
        "max": 5259.91943359,
        "mean": 1560.10986328,
        "median": 1404.85571289,
        "min": 81.2008895874,
        "var": 869184.0625
    },
    "spectral_complexity": {
        "dmean": 4.75928783417,
        "dmean2": 7.13942670822,
        "dvar": 40.1720428467,
        "dvar2": 69.8194732666,
        "max": 59,
        "mean": 14.5406036377,
        "median": 12,
        "min": 0,
        "var": 131.244400024
    },
    "spectral_decrease": {
        "dmean": 7.09653935616e-09,
        "dmean2": 1.03079784708e-08,
        "dvar": 9.00258843299e-17,
        "dvar2": 2.01864362594e-16,
        "max": -3.78284174818e-11,
        "mean": -1.95677856141e-08,
        "median": -1.75018364246e-08,
        "min": -8.32259985373e-08,
        "var": 2.4496020781e-16
    },
    "spectral_energy": {
        "dmean": 0.0280952695757,
        "dmean2": 0.0407448373735,
        "dvar": 0.00128416973166,
        "dvar2": 0.00286991917528,
        "max": 0.31570482254,
        "mean": 0.0768430605531,
        "median": 0.0735751837492,
        "min": 0.000175226217834,
        "var": 0.00352006568573
    },
    "spectral_energyband_high": {
        "dmean": 0.00234184344299,
        "dmean2": 0.00361265451647,
        "dvar": 2.54987007793e-05,
        "dvar2": 5.61163542443e-05,
        "max": 0.0284810196608,
        "mean": 0.00232704984955,
        "median": 0.000515359279234,
        "min": 2.9887073083e-07,
        "var": 2.53800862993e-05
    },
    "spectral_energyband_low": {
        "dmean": 0.026467172429,
        "dmean2": 0.0383149832487,
        "dvar": 0.00134334561881,
        "dvar2": 0.0029733821284,
        "max": 0.31414064765,
        "mean": 0.0633633732796,
        "median": 0.0534590594471,
        "min": 7.24690210063e-08,
        "var": 0.0033496406395
    },
    "spectral_energyband_middle_high": {
        "dmean": 0.00242700753734,
        "dmean2": 0.00393066182733,
        "dvar": 2.69868105534e-05,
        "dvar2": 6.48922796245e-05,
        "max": 0.049627892673,
        "mean": 0.00413032015786,
        "median": 0.00225800462067,
        "min": 6.64919161864e-06,
        "var": 3.40410224453e-05
    },
    "spectral_energyband_middle_low": {
        "dmean": 0.00779095059261,
        "dmean2": 0.0129791339859,
        "dvar": 0.000316381891025,
        "dvar2": 0.000819878536277,
        "max": 0.153226092458,
        "mean": 0.00866859313101,
        "median": 0.00357252568938,
        "min": 1.37568449645e-05,
        "var": 0.00025639688829
    },
    "spectral_entropy": {
        "dmean": 0.250277876854,
        "dmean2": 0.369730114937,
        "dvar": 0.0903646945953,
        "dvar2": 0.175161331892,
        "max": 8.86828899384,
        "mean": 7.80409288406,
        "median": 7.87352275848,
        "min": 5.14570331573,
        "var": 0.310919940472
    },
    "spectral_flux": {
        "dmean": 0.0501348897815,
        "dmean2": 0.0739460512996,
        "dvar": 0.002461113967,
        "dvar2": 0.00445286277682,
        "max": 0.401381790638,
        "mean": 0.130277216434,
        "median": 0.108787581325,
        "min": 0.00904971174896,
        "var": 0.00798647850752
    },
    "spectral_kurtosis": {
        "dmean": 1.24842107296,
        "dmean2": 1.91381120682,
        "dvar": 2.67179083824,
        "dvar2": 5.561191082,
        "max": 29.8066177368,
        "mean": 2.64233350754,
        "median": 2.07476472855,
        "min": -0.629826545715,
        "var": 8.69432640076
    },
    "spectral_rms": {
        "dmean": 0.00159947620705,
        "dmean2": 0.00215828139335,
        "dvar": 3.01382874568e-06,
        "dvar2": 5.32254352947e-06,
        "max": 0.0175500623882,
        "mean": 0.00783596746624,
        "median": 0.00847234763205,
        "min": 0.00041346391663,
        "var": 1.35663040055e-05
    },
    "spectral_rolloff": {
        "dmean": 1299.57763672,
        "dmean2": 2213.76538086,
        "dvar": 7424963,
        "dvar2": 15879134,
        "max": 12510.7910156,
        "mean": 1455.50427246,
        "median": 172.265625,
        "min": 43.06640625,
        "var": 8032855.5
    },
    "spectral_skewness": {
        "dmean": 0.236662998796,
        "dmean2": 0.348841696978,
        "dvar": 0.0551665052772,
        "dvar2": 0.110587820411,
        "max": 4.2666311264,
        "mean": 1.2838062048,
        "median": 1.192086339,
        "min": 0.271290510893,
        "var": 0.261800080538
    },
    "spectral_spread": {
        "dmean": 1124174.5,
        "dmean2": 1578791.75,
        "dvar": 1.94268941517e+12,
        "dvar2": 3.10866031411e+12,
        "max": 14245618,
        "mean": 6017432.5,
        "median": 5337588.5,
        "min": 1837465.125,
        "var": 5.29418472653e+12
    },
    "spectral_strongpeak": {
        "dmean": 0.252515256405,
        "dmean2": 0.413518518209,
        "dvar": 0.131461381912,
        "dvar2": 0.316051512957,
        "max": 3.66100430489,
        "mean": 0.531367361546,
        "median": 0.390801280737,
        "min": 0,
        "var": 0.203240245581
    },
    "zerocrossingrate": {
        "dmean": 0.0232700780034,
        "dmean2": 0.0279466323555,
        "dvar": 0.000971045461483,
        "dvar2": 0.00135148107074,
        "max": 0.3642578125,
        "mean": 0.0524092316628,
        "median": 0.0322265625,
        "min": 0.00146484375,
        "var": 0.00295806326903
    },
    "barkbands": {
        "dmean": [0.00330652203411, 0.0244914777577, 0.00534427724779, 0.0048514585942, 0.00274873967282, 0.00029303212068, 0.000259801658103, 0.000311357871396, 0.000502529554069, 0.000696496397723, 0.000482063973323, 0.000530845252797, 0.000301083491649, 0.000275649072137, 0.000445203710115, 0.00023870372388, 0.000129955908051, 0.000121194767416, 0.000119014475786, 0.000143427067087, 0.000179512033355, 0.000239763496211, 0.000215901891352, 0.000273680139799, 0.000779866531957, 0.000661257538013, 2.90075838905e-08],
        "dmean2": [0.00439259270206, 0.0327643118799, 0.00826301518828, 0.00855661090463, 0.00486308801919, 0.000475520966575, 0.000433124456322, 0.000505488482304, 0.000795464962721, 0.00111254665535, 0.000802047376055, 0.00093178905081, 0.000468956044642, 0.000474933825899, 0.000755547778681, 0.000404403486755, 0.00022905273363, 0.000195454500499, 0.000181780851563, 0.000224143630476, 0.000280432373984, 0.000366038468201, 0.000321497034747, 0.000426153215813, 0.00122665776871, 0.00106133578811, 5.37771818188e-08],
        "dvar": [1.20690965559e-05, 0.00139681459405, 0.00016500876518, 0.000182287563803, 5.19386267115e-05, 5.11595203534e-07, 3.35363040449e-07, 3.88421256048e-07, 5.97985660988e-07, 1.43505724282e-06, 5.97166888383e-07, 1.22940343772e-06, 2.87998858539e-07, 5.28250666321e-07, 2.73423006547e-06, 6.50771198707e-07, 1.62781503832e-07, 7.64379493035e-08, 5.72948728461e-08, 4.92878733382e-08, 8.33638509334e-08, 1.83015700372e-07, 1.55012855885e-07, 3.47184339944e-07, 3.47171476278e-06, 2.87391162601e-06, 7.50222299106e-14],
        "dvar2": [2.09083063964e-05, 0.00305817648768, 0.000356294418452, 0.000496353197377, 0.000145727492054, 1.31787305691e-06, 8.7035073193e-07, 1.02559772586e-06, 1.35802463319e-06, 3.51959420186e-06, 1.49411175698e-06, 3.5526186366e-06, 5.7949495158e-07, 1.39254427722e-06, 7.10423591954e-06, 1.73042815277e-06, 4.53392914324e-07, 1.56651609018e-07, 1.22059233831e-07, 1.0410392548e-07, 1.81240238817e-07, 4.04267211707e-07, 3.16220990726e-07, 7.66150265008e-07, 7.86748751125e-06, 6.73812473906e-06, 2.20584265914e-13],
        "max": [0.0403298586607, 0.297385782003, 0.0901288092136, 0.0938020646572, 0.0712997615337, 0.0127991614863, 0.00680274190381, 0.00957502610981, 0.00914371199906, 0.0132035259157, 0.00949583388865, 0.0129414610565, 0.00621646689251, 0.00757162086666, 0.0155071355402, 0.00828349683434, 0.00365173909813, 0.00243256287649, 0.00274142948911, 0.00157333759125, 0.00231071282178, 0.00324403308332, 0.0024272671435, 0.00440641399473, 0.0115749556571, 0.00966489780694, 6.56097881802e-06],
        "mean": [0.00886492151767, 0.048227481544, 0.00485192146152, 0.00352723011747, 0.00266082002781, 0.000396562943934, 0.00030893762596, 0.000461661518784, 0.000855334859807, 0.00115690485109, 0.000662276172079, 0.000655976124108, 0.000451016880106, 0.000292286102194, 0.000370056106476, 0.000210548067116, 0.000141350770718, 0.000172029365785, 0.00016462316853, 0.000216112777707, 0.000245888280915, 0.000282319786493, 0.000247076997766, 0.000270666088909, 0.000639343517832, 0.000509721110575, 1.76029093524e-08],
        "median": [0.00670480541885, 0.0369737036526, 0.000549832591787, 0.00020956377557, 0.000311110750772, 6.33395684417e-05, 0.000103145255707, 0.000200484093511, 0.000445873010904, 0.000466090801638, 0.000301597698126, 0.000271757744486, 0.000128795843921, 4.81382667203e-05, 3.5676137486e-05, 3.49887559423e-05, 4.18613453803e-05, 5.77281316509e-05, 5.43238420505e-05, 0.000110884153401, 9.49453824433e-05, 9.34739437071e-05, 6.67309432174e-05, 5.67463248444e-05, 3.61566453648e-05, 8.7334528871e-06, 6.97227220403e-10],
        "min": [2.15073581167e-09, 9.73872804622e-09, 1.56900146209e-08, 3.63130192582e-09, 1.52599426428e-08, 6.19890982989e-08, 1.11151550186e-07, 3.92231271462e-07, 1.42856606544e-06, 5.81949450407e-07, 4.06364165428e-07, 3.8261052282e-07, 1.17081157214e-07, 2.75141598394e-08, 2.01080858631e-08, 1.1583718873e-07, 1.94601668113e-07, 7.68342474089e-08, 2.61787533873e-08, 1.03707208154e-07, 1.41232519013e-07, 5.06724084914e-08, 1.209815359e-08, 3.03003999669e-09, 3.60205199001e-09, 1.66799109247e-11, 1.1658668822e-11],
        "var": [6.377210957e-05, 0.00259789847769, 0.000167060818058, 0.000120674354548, 3.70137713617e-05, 9.71948679762e-07, 4.0019662606e-07, 4.93466245644e-07, 1.13547923775e-06, 2.65784365183e-06, 9.5640643849e-07, 1.16281273677e-06, 5.64073673104e-07, 5.03866601775e-07, 2.09297309084e-06, 4.95762265018e-07, 1.21004504194e-07, 1.09114729696e-07, 9.00939980397e-08, 7.61433938123e-08, 1.18867347965e-07, 2.08641779409e-07, 1.85566477739e-07, 3.491445284e-07, 3.25535552292e-06, 2.52936501965e-06, 3.9447903223e-14]
    },
    "erbbands": {
        "dmean": [1.19125843048, 4.01365852356, 5.1987323761, 12.086104393, 15.4106025696, 5.94125795364, 2.2531015873, 2.45172643661, 3.0924642086, 5.08277225494, 7.98096179962, 10.2432451248, 18.5469741821, 19.1026439667, 18.3851490021, 22.1000995636, 12.680106163, 13.1495351791, 26.951007843, 10.5331315994, 13.5949649811, 7.66994285583, 6.58514595032, 5.79120779037, 6.05636978149, 6.60812568665, 8.65867137909, 6.61037445068, 8.8094625473, 8.14651489258, 5.91593408585, 4.16872930527, 5.88913917542, 8.21349334717, 6.1206703186, 3.90286493301, 1.06010127068, 0.0580602250993, 0.00124278350268, 0.000106359126221],
        "dmean2": [1.77124631405, 5.38761758804, 7.158659935, 20.55103302, 27.2615070343, 10.0240821838, 3.6416823864, 4.03654718399, 5.08255529404, 8.23407173157, 13.1543998718, 15.5740194321, 29.6303920746, 31.5542888641, 30.3592262268, 38.6922798157, 20.1760463715, 21.7184581757, 46.4455108643, 16.3711090088, 23.1418094635, 12.8846130371, 10.6638269424, 8.90431880951, 8.9925699234, 10.1273136139, 14.3741569519, 9.81829071045, 13.508805275, 12.4210891724, 8.88841247559, 6.29632043839, 9.23950099945, 13.2497577667, 9.55074977875, 6.26674509048, 1.71358633041, 0.0952042266726, 0.00201848731376, 0.000165797478985],
        "dvar": [2.95544028282, 52.9681625366, 121.373939514, 1037.1114502, 1741.96069336, 209.224212646, 32.7860832214, 33.4496269226, 64.0245437622, 80.1551895142, 251.479568481, 255.341964722, 1088.28552246, 948.381286621, 1005.75396729, 2268.70874023, 535.367980957, 862.233581543, 10394.0283203, 1053.92321777, 2069.32080078, 530.726135254, 269.185821533, 130.629730225, 125.086685181, 91.7308959961, 250.43812561, 102.049247742, 257.14666748, 221.316513062, 113.482696533, 73.2834701538, 168.355682373, 423.053344727, 214.872070312, 98.8752670288, 7.49847602844, 0.0230034273118, 1.01941459434e-05, 4.07566744798e-08],
        "dvar2": [7.28889083862, 99.6484527588, 223.380813599, 2702.53540039, 4810.69189453, 572.100708008, 81.5949478149, 88.8546218872, 161.062316895, 199.393371582, 655.999572754, 567.698181152, 2729.81689453, 2328.18481445, 2474.84765625, 6414.75878906, 1081.95690918, 2065.80688477, 27904.6015625, 2448.01489258, 5471.25244141, 1368.63684082, 550.678100586, 271.242218018, 260.324859619, 190.664703369, 617.575622559, 198.927581787, 574.803100586, 499.876403809, 229.441619873, 169.87651062, 364.804504395, 1006.24169922, 492.163879395, 232.91897583, 17.380645752, 0.0548675097525, 2.40791632677e-05, 9.37013666658e-08],
        "max": [13.0318899155, 55.9020309448, 89.6244430542, 238.376480103, 373.637054443, 196.895507812, 92.6881103516, 117.38873291, 125.054237366, 116.97164917, 220.316986084, 171.243850708, 385.302581787, 339.381072998, 465.553253174, 521.333618164, 221.479248047, 338.762756348, 916.114379883, 317.660583496, 460.944061279, 215.908676147, 138.674682617, 104.86882019, 142.435852051, 70.2855224609, 128.629577637, 105.561103821, 126.3804245, 112.601028442, 69.371307373, 76.7724456787, 83.3183135986, 135.495452881, 115.718330383, 57.7404251099, 16.6456241608, 0.848460137844, 0.0176292937249, 0.00119660818018],
        "mean": [2.53560113907, 6.20210361481, 5.93475437164, 9.5393705368, 12.7847700119, 6.60587596893, 2.99154782295, 3.22256326675, 3.79551935196, 7.46162700653, 13.0715150833, 17.7163219452, 31.4365329742, 30.6917877197, 28.0751247406, 27.628408432, 19.5585803986, 17.4848442078, 22.2058582306, 11.4366378784, 12.094742775, 8.73983764648, 9.14429187775, 8.68636226654, 8.77125263214, 10.1815376282, 10.6617956161, 9.58115196228, 10.229475975, 8.80869960785, 6.81286239624, 4.43552780151, 5.58246803284, 6.5612039566, 5.02838182449, 2.99590611458, 0.824878394604, 0.0443150140345, 0.00098881078884, 0.000147122176713],
        "median": [2.0704472065, 3.55913186073, 0.917880177498, 0.986341297626, 1.07619822025, 0.986497402191, 0.395228326321, 0.571289539337, 1.14245128632, 3.31662344933, 6.28249788284, 9.7432346344, 13.4306936264, 17.5051651001, 13.093747139, 12.0628538132, 6.19123792648, 4.56955337524, 2.01798963547, 1.90330183506, 1.97917068005, 2.50945115089, 2.79645895958, 3.08723855019, 3.19892406464, 5.32280349731, 3.70269441605, 3.86984109879, 3.32553100586, 2.49916934967, 1.80593347549, 1.29011929035, 0.890474140644, 0.468403071165, 0.204864665866, 0.0594984479249, 0.0124681340531, 0.000738238857593, 6.94455884513e-05, 0.000101165707747],
        "min": [5.75811270664e-07, 1.89005652373e-06, 2.27291020565e-05, 3.87636609958e-05, 1.99076293939e-05, 0.000141797194374, 0.000208279234357, 0.000967900967225, 0.000905222259462, 0.00938464514911, 0.0160108618438, 0.0334849096835, 0.0335570760071, 0.0242646597326, 0.0259234737605, 0.0193418562412, 0.00644538318738, 0.00364168453962, 0.00154038937762, 0.00144280772656, 0.0115033080801, 0.00717558851466, 0.00470058200881, 0.00306209619157, 0.00141493254341, 0.00421738158911, 0.00748527189717, 0.00446268124506, 0.00202765548602, 0.000897249614354, 0.000248792290222, 0.000110687913548, 7.48998863855e-05, 5.15739593538e-05, 4.79180307593e-05, 3.09095921693e-05, 1.3502787624e-05, 1.04360685782e-06, 1.3927793816e-06, 7.02978411482e-07],
        "var": [5.54622983932, 89.1113357544, 174.989120483, 768.952880859, 1170.99633789, 183.57144165, 58.3668556213, 54.0027503967, 82.8452835083, 124.34979248, 354.668701172, 497.302337646, 1935.07751465, 1726.58740234, 1675.35620117, 2178.47680664, 983.439880371, 1112.00402832, 7597.515625, 1104.84851074, 1589.35449219, 457.332519531, 364.517700195, 224.851776123, 207.250991821, 157.473358154, 265.869171143, 165.195907593, 287.273834229, 234.591064453, 139.209716797, 74.2373046875, 169.706237793, 364.971252441, 201.466598511, 86.5071334839, 6.65936374664, 0.0195785462856, 8.82125186763e-06, 3.93767045637e-08]
    },
    "gfcc": {
        "mean": [-13.1613512039, 65.3284988403, -98.9731063843, 41.0585441589, -57.5680160522, 44.9551811218, -6.04229688644, 28.957698822, -17.278635025, 7.62372303009, -11.6028165817, 1.5771945715, -4.38688659668],
        "cov": [[5512.78466797, -448.215362549, 243.293930054, 284.42578125, 52.6908187866, 281.854858398, -558.26385498, -247.602432251, -410.75289917, 140.106384277, -170.855041504, 92.6056289673, -266.863525391], [-448.215362549, 2667.92993164, 193.285797119, 532.291748047, 549.561767578, -130.576385498, 172.079315186, -480.500915527, 106.44002533, -518.794677734, 213.052703857, -363.338867188, 170.082763672], [243.293930054, 193.285797119, 1680.8885498, 522.157287598, 465.162139893, 26.5081005096, 43.4977149963, -27.6295375824, -103.885414124, 67.8765563965, -52.5622901917, 102.860160828, 35.7603721619], [284.42578125, 532.291748047, 522.157287598, 843.821899414, 408.525360107, -21.9593276978, -87.6144638062, -133.876068115, 115.509902954, -121.694770813, 53.6999435425, -103.852539062, 189.337890625], [52.6908187866, 549.561767578, 465.162139893, 408.525360107, 578.179382324, 172.83744812, 134.282943726, -96.7145996094, 54.8478431702, -91.3344345093, 62.2307052612, -60.2694282532, 30.9389266968], [281.854858398, -130.576385498, 26.5081005096, -21.9593276978, 172.83744812, 433.773803711, 290.024658203, 146.65133667, 74.0442428589, 13.7654886246, 67.0383224487, -15.103058815, -75.556602478], [-558.26385498, 172.079315186, 43.4977149963, -87.6144638062, 134.282943726, 290.024658203, 567.914794922, 266.94631958, 200.31854248, -24.2598648071, 131.048309326, -43.7238082886, -13.0657234192], [-247.602432251, -480.500915527, -27.6295375824, -133.876068115, -96.7145996094, 146.65133667, 266.94631958, 355.861297607, 146.18611145, 119.272109985, 39.9282875061, 61.0350723267, 0.765025258064], [-410.75289917, 106.44002533, -103.885414124, 115.509902954, 54.8478431702, 74.0442428589, 200.31854248, 146.18611145, 252.249633789, 12.0474710464, 111.558403015, -38.5434532166, 97.2673187256], [140.106384277, -518.794677734, 67.8765563965, -121.694770813, -91.3344345093, 13.7654886246, -24.2598648071, 119.272109985, 12.0474710464, 242.333496094, 1.02991342545, 138.273773193, -20.7034263611], [-170.855041504, 213.052703857, -52.5622901917, 53.6999435425, 62.2307052612, 67.0383224487, 131.048309326, 39.9282875061, 111.558403015, 1.02991342545, 137.418426514, -23.4948883057, 57.6735725403], [92.6056289673, -363.338867188, 102.860160828, -103.852539062, -60.2694282532, -15.103058815, -43.7238082886, 61.0350723267, -38.5434532166, 138.273773193, -23.4948883057, 172.906799316, -7.87162208557], [-266.863525391, 170.082763672, 35.7603721619, 189.337890625, 30.9389266968, -75.556602478, -13.0657234192, 0.765025258064, 97.2673187256, -20.7034263611, 57.6735725403, -7.87162208557, 157.962234497]],
        "icov": [[0.000338066369295, -0.000189390295418, 9.0253604867e-05, -0.000504436146002, 0.000290364085231, -0.000620510603767, 0.00047404988436, -0.000276793609373, 0.000540433975402, -0.000415236048866, 5.59115051146e-06, -0.000188342077308, 0.000647502369247], [-0.000189390295418, 0.00172949128319, -0.000334228825523, 0.000573108845856, -0.000735140754841, 0.00141694420017, -0.00135750125628, 0.00239401892759, -0.000925763917621, 0.00207200390287, -0.00194212817587, 0.000807712320238, -0.000504612573422], [9.0253604867e-05, -0.000334228825523, 0.00147606770042, -0.00134957965929, -0.000537290878128, 0.000237830623519, -0.000940377416555, -0.000730081927031, 0.00225458224304, -0.00151143211406, 0.00103981734719, -0.000736215151846, -6.21394574409e-05], [-0.000504436146002, 0.000573108845856, -0.00134957965929, 0.00530839059502, -0.00250123627484, 0.000341652747011, 0.00188417453319, 0.00041311501991, -0.00340424687602, 0.00206970376894, -0.000157246773597, 0.00232872320339, -0.00417844206095], [0.000290364085231, -0.000735140754841, -0.000537290878128, -0.00250123627484, 0.00549253681675, -0.00247556786053, -0.000874834426213, 0.00196623848751, -0.000373077782569, -0.000646064407192, 0.000485910306452, -0.00151160836685, 0.00195230951067], [-0.000620510603767, 0.00141694420017, 0.000237830623519, 0.000341652747011, -0.00247556786053, 0.00696189515293, -0.00321197020821, 0.000303034932585, -0.000288429786451, 0.00154197774827, -0.00279943877831, 0.000610204297118, 0.00194264028687], [0.00047404988436, -0.00135750125628, -0.000940377416555, 0.00188417453319, -0.000874834426213, -0.00321197020821, 0.00949202664196, -0.00633463636041, -0.00254777399823, 0.00232442351989, -0.0026594910305, -3.83638544008e-05, 0.00251036626287], [-0.000276793609373, 0.00239401892759, -0.000730081927031, 0.00041311501991, 0.00196623848751, 0.000303034932585, -0.00633463636041, 0.0133095337078, -0.00524891261011, -0.000381770572858, 0.00149110972416, -0.000461335614091, -0.0015891706571], [0.000540433975402, -0.000925763917621, 0.00225458224304, -0.00340424687602, -0.000373077782569, -0.000288429786451, -0.00254777399823, -0.00524891261011, 0.0164045542479, -0.00516269728541, -0.00234042527154, 0.00269244611263, -0.00455966079608], [-0.000415236048866, 0.00207200390287, -0.00151143211406, 0.00206970376894, -0.000646064407192, 0.00154197774827, 0.00232442351989, -0.000381770572858, -0.00516269728541, 0.0141920354217, -0.00578450178728, -0.00580583466217, 0.00284882681444], [5.59115051146e-06, -0.00194212817587, 0.00103981734719, -0.000157246773597, 0.000485910306452, -0.00279943877831, -0.0026594910305, 0.00149110972416, -0.00234042527154, -0.00578450178728, 0.0183468591422, 0.000270626798738, -0.00560986064374], [-0.000188342077308, 0.000807712320238, -0.000736215151846, 0.00232872320339, -0.00151160836685, 0.000610204297118, -3.83638544008e-05, -0.000461335614091, 0.00269244611263, -0.00580583466217, 0.000270626798738, 0.0141483703628, -0.00503809470683], [0.000647502369247, -0.000504612573422, -6.21394574409e-05, -0.00417844206095, 0.00195230951067, 0.00194264028687, 0.00251036626287, -0.0015891706571, -0.00455966079608, 0.00284882681444, -0.00560986064374, -0.00503809470683, 0.0187306907028]]
    },
    "melbands": {
        "dmean": [0.0082771461457, 0.00266535999253, 0.00209224154241, 0.000793091370724, 8.41696892167e-05, 5.39750981261e-05, 4.92896215292e-05, 5.83704422752e-05, 7.56165100029e-05, 6.53351962683e-05, 9.57791198744e-05, 8.15812891233e-05, 6.12773801549e-05, 6.02899890509e-05, 4.79103800899e-05, 2.47296047746e-05, 2.43871982093e-05, 4.47683014499e-05, 2.3726186555e-05, 1.06045390567e-05, 1.72217314685e-05, 7.92245555203e-06, 6.85910436005e-06, 6.16821580479e-06, 4.63988271804e-06, 5.1030024224e-06, 4.08704590882e-06, 4.7820835789e-06, 6.15667568127e-06, 4.30529235018e-06, 3.75780632567e-06, 4.77853473058e-06, 5.396610959e-06, 4.62459047412e-06, 3.99854388888e-06, 2.19138496504e-06, 2.72084866992e-06, 3.93293248635e-06, 5.27350221091e-06, 7.60110106057e-06],
        "dmean2": [0.0116364592686, 0.00323731568642, 0.0034132883884, 0.00139352958649, 0.000137491093483, 8.89001748874e-05, 8.09476987342e-05, 9.4050556072e-05, 0.000124629208585, 9.95349764707e-05, 0.000152750159032, 0.000134272777359, 0.000100864330307, 0.000105133265606, 8.11231002444e-05, 3.95263268729e-05, 4.03364610975e-05, 7.85127267591e-05, 3.86973224522e-05, 1.65015790117e-05, 2.97399474221e-05, 1.37610013553e-05, 1.12270781756e-05, 9.80725417321e-06, 7.31721456759e-06, 7.92393529991e-06, 6.27074723525e-06, 7.51186098569e-06, 1.05089338831e-05, 6.68683605909e-06, 5.60530133953e-06, 7.31470572646e-06, 8.48952731758e-06, 7.14500720278e-06, 6.10355255048e-06, 3.29236604557e-06, 4.21995991928e-06, 6.06809771853e-06, 8.45447448228e-06, 1.2359444554e-05],
        "dvar": [0.000150755207869, 2.16292010009e-05, 2.75910224445e-05, 4.21216191171e-06, 3.82710645397e-08, 1.58001256523e-08, 1.45167868837e-08, 1.08455830983e-08, 2.10444941473e-08, 9.61902468788e-09, 2.78044574031e-08, 1.77860925987e-08, 1.00123846991e-08, 1.44739411567e-08, 8.11628275699e-09, 2.27550023268e-09, 2.94989055405e-09, 2.90432602412e-08, 6.92583235207e-09, 9.15268361101e-10, 3.43263795166e-09, 5.93557591966e-10, 3.83779702462e-10, 1.95070265496e-10, 8.17014234045e-11, 1.29391747317e-10, 4.02234391628e-11, 4.86541675004e-11, 1.51953935545e-10, 4.40184173833e-11, 3.29330278326e-11, 7.26310261934e-11, 1.00490650523e-10, 7.79675490836e-11, 5.33857749674e-11, 1.54894430615e-11, 3.56022676617e-11, 7.29743140915e-11, 1.5715009849e-10, 3.81418646667e-10],
        "dvar2": [0.000350824877387, 2.67664127023e-05, 6.84418264427e-05, 1.16800392789e-05, 9.94456925696e-08, 4.17230374694e-08, 3.68880641588e-08, 2.69644448991e-08, 5.2427619579e-08, 2.14879189997e-08, 7.00370819118e-08, 4.39119247631e-08, 2.49822011966e-08, 4.17137790976e-08, 2.05991543822e-08, 4.74839323417e-09, 7.18591275373e-09, 7.95295136413e-08, 1.72469061255e-08, 2.05432781897e-09, 9.23063758762e-09, 1.63170343903e-09, 9.67391722284e-10, 4.13952983003e-10, 1.77599560058e-10, 3.04177266708e-10, 8.18422135618e-11, 1.069239558e-10, 3.94355381683e-10, 9.52900744422e-11, 6.17630460664e-11, 1.61773733298e-10, 2.37724007146e-10, 1.80095632851e-10, 1.14396492279e-10, 3.28894723955e-11, 8.48576139911e-11, 1.60521484993e-10, 3.7837136202e-10, 9.17947051704e-10],
        "max": [0.0985185578465, 0.0407841801643, 0.0398295596242, 0.0186830926687, 0.00256310985424, 0.00253703538328, 0.00161308317911, 0.00143047061283, 0.00169794925023, 0.00105056376196, 0.00191835314035, 0.0015225544339, 0.00132212031167, 0.00160201836843, 0.00076911522774, 0.000606765213888, 0.000686258019414, 0.00156890763901, 0.000862519198563, 0.000319869752275, 0.00058155687293, 0.000222863178351, 0.000177010340849, 0.000151626518345, 8.61765729496e-05, 0.000146038932144, 5.933778084e-05, 4.79703812744e-05, 9.56112635322e-05, 5.78102808504e-05, 5.81603235332e-05, 6.4398314862e-05, 7.45834695408e-05, 6.56247721054e-05, 5.46201117686e-05, 3.0573191907e-05, 5.94461889705e-05, 5.96650206717e-05, 7.59486647439e-05, 0.000136005794047],
        "mean": [0.0173912029713, 0.0046476055868, 0.00179536128417, 0.00075649167411, 0.000111814704724, 7.22574259271e-05, 5.94271841692e-05, 8.50906217238e-05, 0.000123776117107, 0.00011162510782, 0.000158961687703, 0.000126120212371, 8.82265521795e-05, 8.00593625172e-05, 5.86555615882e-05, 3.9208396629e-05, 3.11616713589e-05, 3.61921156582e-05, 2.18912082346e-05, 1.18795451272e-05, 1.45383892232e-05, 8.49527714308e-06, 8.11210793472e-06, 8.25408369565e-06, 6.79052209307e-06, 6.45035515845e-06, 6.17430623606e-06, 6.95602466294e-06, 6.94648133504e-06, 5.82000257054e-06, 5.42734915143e-06, 5.63048251934e-06, 5.67933739148e-06, 4.74693888464e-06, 4.33527611676e-06, 2.62417484009e-06, 2.73724936051e-06, 3.77866240342e-06, 4.30178624811e-06, 5.94666198594e-06],
        "median": [0.0144768888131, 0.00170920684468, 0.000177617752342, 8.42624285724e-05, 1.52420798258e-05, 1.27959528982e-05, 1.81531286216e-05, 3.67122956959e-05, 5.2072609833e-05, 5.90939198446e-05, 6.56156989862e-05, 6.42700397293e-05, 4.01695688197e-05, 3.74861047021e-05, 1.8149812604e-05, 1.10881119326e-05, 6.95905919201e-06, 2.85622127194e-06, 2.65261519417e-06, 2.28992621487e-06, 2.07041466638e-06, 2.57373403656e-06, 2.27781060858e-06, 2.50699304161e-06, 2.30110481425e-06, 2.01292755264e-06, 2.64118898485e-06, 3.50180130226e-06, 2.24314931074e-06, 2.18009404307e-06, 2.22902667701e-06, 1.92508264263e-06, 1.61737602866e-06, 1.18921627745e-06, 1.08169945179e-06, 8.33999877159e-07, 7.06229457137e-07, 6.50318156659e-07, 4.89766762257e-07, 3.51104603169e-07],
        "min": [3.59422958063e-09, 9.65286517385e-09, 6.05876460114e-09, 2.01186778348e-09, 6.31952623564e-09, 1.36462148248e-08, 1.22466223829e-08, 8.54633057656e-08, 1.30565297241e-07, 1.8366708332e-07, 1.57868043971e-07, 6.67291999434e-08, 5.62358906109e-08, 5.54778196715e-08, 1.84409216786e-08, 9.84550485583e-09, 5.35924638001e-09, 1.97868388341e-09, 1.25226407022e-09, 2.76848433067e-09, 1.28823298695e-08, 9.35288380077e-09, 2.4234811935e-09, 4.00765731712e-09, 2.29832641807e-09, 6.13930517535e-10, 1.42928635594e-09, 2.95626745306e-09, 5.19073184435e-09, 3.60890051176e-09, 1.67873914769e-09, 1.02522768053e-09, 8.958649933e-10, 7.06615460588e-11, 1.05545863716e-10, 1.30081889704e-10, 2.37821880245e-11, 4.28885676973e-11, 2.83812313928e-11, 6.85045293061e-12],
