{
"highlevel": {
    "danceability": {
        "all": {
            "danceable": 0.615243434906,
            "not_danceable": 0.384756565094
        },
        "probability": 0.615243434906,
        "value": "danceable"
    },
    "gender": {
        "all": {
            "female": 0.0185493789613,
            "male": 0.981450617313
        },
        "probability": 0.981450617313,
        "value": "male"
    },
    "genre_dortmund": {
        "all": {
            "alternative": 0.0377393886447,
            "blues": 0.0441696122289,
            "electronic": 0.0156371109188,
            "folkcountry": 0.0410516001284,
            "funksoulrnb": 0.00740157160908,
            "jazz": 0.0443327911198,
            "pop": 0.0349070988595,
            "raphiphop": 0.00841998402029,
            "rock": 0.766340851784
        },
        "probability": 0.766340851784,
        "value": "rock"
    },
    "genre_electronic": {
        "all": {
            "ambient": 0.237913355231,
            "dnb": 0.520816922188,
            "house": 0.122114233673,
            "techno": 0.00806379970163,
            "trance": 0.111091718078
        },
        "probability": 0.520816922188,
        "value": "dnb"
    },
    "genre_rosamerica": {
        "all": {
            "cla": 0.00999788660556,
            "dan": 0.0440277606249,
            "hip": 0.0977696552873,
            "jaz": 0.02241846174,
            "pop": 0.575497448444,
            "rhy": 0.0569346658885,
            "roc": 0.188800707459,
            "spe": 0.00455342838541
        },
        "probability": 0.575497448444,
        "value": "pop"
    },
    "genre_tzanetakis": {
        "all": {
            "blu": 0.0626541376114,
            "cla": 0.0348133966327,
            "cou": 0.0783501937985,
            "dis": 0.104547761381,
            "hip": 0.15693578124,
            "jaz": 0.313987255096,
            "met": 0.044816005975,
            "pop": 0.0627349764109,
            "reg": 0.0627352520823,
            "roc": 0.0784252434969
        },
        "probability": 0.313987255096,
        "value": "jaz"
    },
    "ismir04_rhythm": {
        "all": {
            "ChaChaCha": 0.110626876354,
            "Jive": 0.754265725613,
            "Quickstep": 0.0254217367619,
            "Rumba-American": 0.00576981296763,
            "Rumba-International": 0.00566522125155,
            "Rumba-Misc": 0.00153766106814,
            "Samba": 0.0822117328644,
            "Tango": 0.00186083558947,
            "VienneseWaltz": 0.011103566736,
            "Waltz": 0.0015368469758
        },
        "probability": 0.754265725613,
        "value": "Jive"
    },
    "mood_acoustic": {
        "all": {
            "acoustic": 0.0281026456505,
            "not_acoustic": 0.971897363663
        },
        "probability": 0.971897363663,
        "value": "not_acoustic"
    },
    "mood_aggressive": {
        "all": {
            "aggressive": 0.574763774872,
            "not_aggressive": 0.425236225128
        },
        "probability": 0.574763774872,
        "value": "aggressive"
    },
    "mood_electronic": {
        "all": {
            "electronic": 0.301746428013,
            "not_electronic": 0.698253571987
        },
        "probability": 0.698253571987,
        "value": "not_electronic"
    },
    "mood_happy": {
        "all": {
            "happy": 0.768925189972,
            "not_happy": 0.231074810028
        },
        "probability": 0.768925189972,
        "value": "happy"
    },
    "mood_party": {
        "all": {
            "not_party": 0.32743576169,
            "party": 0.672564208508
        },
        "probability": 0.672564208508,
        "value": "party"
    },
    "mood_relaxed": {
        "all": {
            "not_relaxed": 0.822208464146,
            "relaxed": 0.177791506052
        },
        "probability": 0.822208464146,
        "value": "not_relaxed"
    },
    "mood_sad": {
        "all": {
            "not_sad": 0.861968398094,
            "sad": 0.138031601906
        },
        "probability": 0.861968398094,
        "value": "not_sad"
    },
    "moods_mirex": {
        "all": {
            "Cluster1": 0.523847222328,
            "Cluster2": 0.240295663476,
            "Cluster3": 0.04316727072,
            "Cluster4": 0.0905543491244,
            "Cluster5": 0.102135486901
        },
        "probability": 0.523847222328,
        "value": "Cluster1"
    },
    "timbre": {
        "all": {
            "bright": 0.959045350552,
            "dark": 0.0409546345472
        },
        "probability": 0.959045350552,
        "value": "bright"
    },
    "tonal_atonal": {
        "all": {
            "atonal": 0.000857575738337,
            "tonal": 0.999142408371
        },
        "probability": 0.999142408371,
        "value": "tonal"
    },
    "voice_instrumental": {
        "all": {
            "instrumental": 0.0337812565267,
            "voice": 0.96621876955
        },
        "probability": 0.96621876955,
        "value": "voice"
    }
},
"lowlevel": {
    "average_loudness": 0.922483682632,
    "barkbands_crest": {
        "dmean": 2.57589101791,
        "dmean2": 4.20198965073,
        "dvar": 8.23256969452,
        "dvar2": 21.4659233093,
        "max": 24.0110435486,
        "mean": 7.92354726791,
        "median": 7.04678010941,
        "min": 2.52152824402,
        "var": 13.4189901352
    },
    "barkbands_flatness_db": {
        "dmean": 0.0178355630487,
        "dmean2": 0.0281319525093,
        "dvar": 0.000369210116332,
        "dvar2": 0.000914978270885,
        "max": 0.321037858725,
        "mean": 0.109311878681,
        "median": 0.0997951850295,
        "min": 0.0415792688727,
        "var": 0.00145663903095
    },
    "barkbands_kurtosis": {
        "dmean": 1.97242760658,
        "dmean2": 3.21670031548,
        "dvar": 16.5347499847,
        "dvar2": 37.3899879456,
        "max": 67.316696167,
        "mean": 1.46809351444,
        "median": -0.217697381973,
        "min": -1.87622869015,
        "var": 24.4608097076
    },
    "barkbands_skewness": {
        "dmean": 0.519622147083,
        "dmean2": 0.785071790218,
        "dvar": 0.372163981199,
        "dvar2": 0.881436944008,
        "max": 6.59374237061,
        "mean": 1.13314163685,
        "median": 0.9441639781,
        "min": -1.1622941494,
        "var": 1.0300014019
    },
    "barkbands_spread": {
        "dmean": 7.9531879425,
        "dmean2": 12.2299509048,
        "dvar": 70.479019165,
        "dvar2": 149.4974823,
        "max": 95.2813644409,
        "mean": 36.2704734802,
        "median": 35.2520103455,
        "min": 1.82583022118,
        "var": 236.94342041
    },
    "dissonance": {
        "dmean": 0.0108216172084,
        "dmean2": 0.0186509285122,
        "dvar": 0.000120665048598,
        "dvar2": 0.00033517650445,
        "max": 0.499781876802,
        "mean": 0.481519371271,
        "median": 0.484403282404,
        "min": 0.358936756849,
        "var": 0.000183664145879
    },
    "dynamic_complexity": 2.80189466476,
    "erbbands_crest": {
        "dmean": 2.15007781982,
        "dmean2": 3.61768531799,
        "dvar": 5.22037982941,
        "dvar2": 12.9622068405,
        "max": 24.7040367126,
        "mean": 6.5226688385,
        "median": 5.68824243546,
        "min": 2.4432489872,
        "var": 9.54475212097
    },
    "erbbands_flatness_db": {
        "dmean": 0.0144806103781,
        "dmean2": 0.0219936091453,
        "dvar": 0.000200216367375,
        "dvar2": 0.000428530067438,
        "max": 0.25848415494,
        "mean": 0.124542362988,
        "median": 0.11873960495,
        "min": 0.0619781687856,
        "var": 0.000985844060779
    },
    "erbbands_kurtosis": {
        "dmean": 0.583628952503,
        "dmean2": 0.947402656078,
        "dvar": 0.525586247444,
        "dvar2": 1.29948043823,
        "max": 10.8277893066,
        "mean": -0.256789147854,
        "median": -0.446829795837,
        "min": -1.61764800549,
        "var": 0.858445048332
    },
    "erbbands_skewness": {
        "dmean": 0.31300380826,
        "dmean2": 0.485660523176,
        "dvar": 0.0966130197048,
        "dvar2": 0.212165147066,
        "max": 3.0627989769,
        "mean": -0.223331391811,
        "median": -0.284176528454,
        "min": -2.59286427498,
        "var": 0.267598897219
    },
    "erbbands_spread": {
        "dmean": 9.13808727264,
        "dmean2": 14.1155614853,
        "dvar": 86.4089508057,
        "dvar2": 204.820129395,
        "max": 116.053222656,
        "mean": 48.3592758179,
        "median": 47.1226348877,
        "min": 10.4907560349,
        "var": 277.017578125
    },
    "hfc": {
        "dmean": 7.94497299194,
        "dmean2": 11.6996479034,
        "dvar": 104.036354065,
        "dvar2": 229.272445679,
        "max": 116.343399048,
        "mean": 24.6696624756,
        "median": 18.5857028961,
        "min": 0.729803919792,
        "var": 375.192687988
    },
    "melbands_crest": {
        "dmean": 3.37313389778,
        "dmean2": 5.35423898697,
        "dvar": 10.6217842102,
        "dvar2": 25.810338974,
        "max": 29.7693920135,
        "mean": 13.4284152985,
        "median": 12.9921741486,
        "min": 2.86038780212,
        "var": 22.6787261963
    },
    "melbands_flatness_db": {
        "dmean": 0.0242847241461,
        "dmean2": 0.0362735129893,
        "dvar": 0.000748919555917,
        "dvar2": 0.00172393838875,
        "max": 0.427554160357,
        "mean": 0.145294323564,
        "median": 0.135917231441,
        "min": 0.0155267408118,
        "var": 0.00349400797859
    },
    "melbands_kurtosis": {
        "dmean": 6.8124537468,
        "dmean2": 11.0095157623,
        "dvar": 175.527130127,
        "dvar2": 450.136169434,
        "max": 145.894973755,
        "mean": 11.0606603622,
        "median": 6.44523048401,
        "min": -1.28575062752,
        "var": 229.45954895
    },
    "melbands_skewness": {
        "dmean": 0.787212193012,
        "dmean2": 1.20655190945,
        "dvar": 0.977151989937,
        "dvar2": 2.3616604805,
        "max": 10.7025146484,
        "mean": 2.68038892746,
        "median": 2.47978615761,
        "min": -0.298494398594,
        "var": 2.29574322701
    },
    "melbands_spread": {
        "dmean": 9.96862220764,
        "dmean2": 14.9777822495,
        "dvar": 98.9356689453,
        "dvar2": 226.632720947,
        "max": 135.427276611,
        "mean": 36.5652198792,
        "median": 34.6201553345,
        "min": 1.21516776085,
        "var": 433.352752686
    },
    "pitch_salience": {
        "dmean": 0.0729088336229,
        "dmean2": 0.118708841503,
        "dvar": 0.00522420741618,
        "dvar2": 0.0141914496198,
        "max": 0.839987814426,
        "mean": 0.598154604435,
        "median": 0.605656564236,
        "min": 0.178794100881,
        "var": 0.00888402666897
    },
    "silence_rate_20dB": {
        "dmean": 0,
        "dmean2": 0,
        "dvar": 0,
        "dvar2": 0,
        "max": 1,
        "mean": 1,
        "median": 1,
        "min": 1,
        "var": 0
    },
    "silence_rate_30dB": {
        "dmean": 0,
        "dmean2": 0,
        "dvar": 0,
        "dvar2": 0,
        "max": 1,
        "mean": 1,
        "median": 1,
        "min": 1,
        "var": 0
    },
    "silence_rate_60dB": {
        "dmean": 0.00464396271855,
        "dmean2": 0.00929511990398,
        "dvar": 0.00462236069143,
        "dvar2": 0.00920879095793,
        "max": 1,
        "mean": 0.0448569208384,
        "median": 0,
        "min": 0,
        "var": 0.0428444482386
    },
    "spectral_centroid": {
        "dmean": 298.012573242,
        "dmean2": 452.48928833,
        "dvar": 82384.5546875,
        "dvar2": 185501.03125,
        "max": 3654.13525391,
        "mean": 1926.67028809,
        "median": 1942.44750977,
        "min": 239.580459595,
        "var": 392024.40625
    },
    "spectral_complexity": {
        "dmean": 5.23761606216,
        "dmean2": 7.19054985046,
        "dvar": 25.2864723206,
        "dvar2": 44.374206543,
        "max": 56,
        "mean": 23.626449585,
        "median": 23,
        "min": 0,
        "var": 146.187515259
    },
    "spectral_decrease": {
        "dmean": 2.78829226374e-09,
        "dmean2": 4.63122784566e-09,
        "dvar": 2.89021141191e-17,
        "dvar2": 7.58537327205e-17,
        "max": -1.31408189885e-10,
        "mean": -5.56818369191e-09,
        "median": -4.21152757113e-09,
        "min": -3.6059805808e-08,
        "var": 2.89255696525e-17
    },
    "spectral_energy": {
        "dmean": 0.0110470484942,
        "dmean2": 0.0182168669999,
        "dvar": 0.000433976703789,
        "dvar2": 0.00113508477807,
        "max": 0.139360412955,
        "mean": 0.0232532266527,
        "median": 0.017418878153,
        "min": 0.000674468872603,
        "var": 0.000458456110209
    },
    "spectral_energyband_high": {
        "dmean": 0.000596918165684,
        "dmean2": 0.000902640458662,
        "dvar": 8.94567847354e-07,
        "dvar2": 2.10441794479e-06,
        "max": 0.0127386115491,
        "mean": 0.00161740265321,
        "median": 0.00108390173409,
        "min": 8.26923781005e-07,
        "var": 2.80456151813e-06
    },
    "spectral_energyband_low": {
        "dmean": 0.00462600309402,
        "dmean2": 0.00776937557384,
        "dvar": 0.000204728028621,
        "dvar2": 0.000528904143721,
        "max": 0.130319297314,
        "mean": 0.00799771863967,
        "median": 0.0058233323507,
        "min": 1.1042315009e-06,
        "var": 0.000175432360265
    },
    "spectral_energyband_middle_high": {
        "dmean": 0.00199047988281,
        "dmean2": 0.00287774065509,
        "dvar": 7.98706241767e-06,
        "dvar2": 1.65079654835e-05,
        "max": 0.0358856581151,
        "mean": 0.00501284562051,
        "median": 0.00314895552583,
        "min": 4.72279280075e-05,
        "var": 2.41469133471e-05
    },
    "spectral_energyband_middle_low": {
        "dmean": 0.00655453046784,
        "dmean2": 0.0112080778927,
        "dvar": 0.000237773652771,
        "dvar2": 0.000646621803753,
        "max": 0.114428184927,
        "mean": 0.00959844514728,
        "median": 0.00577154848725,
        "min": 0.000101266385172,
        "var": 0.000189419311937
    },
    "spectral_entropy": {
        "dmean": 0.115551784635,
        "dmean2": 0.173808783293,
        "dvar": 0.0184614453465,
        "dvar2": 0.0365943275392,
        "max": 8.55820178986,
        "mean": 7.92483091354,
        "median": 7.97572088242,
        "min": 6.12835741043,
        "var": 0.0889364629984
    },
    "spectral_flux": {
        "dmean": 0.0285526160151,
        "dmean2": 0.044563472271,
        "dvar": 0.00184925831854,
        "dvar2": 0.00378725631163,
        "max": 0.330119878054,
        "mean": 0.0873807296157,
        "median": 0.072591856122,
        "min": 0.0129093490541,
        "var": 0.00330935488455
    },
    "spectral_kurtosis": {
        "dmean": 0.911505997181,
        "dmean2": 1.48755657673,
        "dvar": 1.28687310219,
        "dvar2": 3.07916092873,
        "max": 17.6000041962,
        "mean": 3.01724123955,
        "median": 2.75282478333,
        "min": -0.646993875504,
        "var": 3.2826256752
    },
    "spectral_rms": {
        "dmean": 0.000911717361305,
        "dmean2": 0.00144067278598,
        "dvar": 2.05584888135e-06,
        "dvar2": 5.05149273522e-06,
        "max": 0.0116602480412,
        "mean": 0.0043749473989,
        "median": 0.00412238109857,
        "min": 0.000811183301266,
        "var": 3.54592543772e-06
    },
    "spectral_rolloff": {
        "dmean": 794.879455566,
        "dmean2": 1252.97851562,
        "dvar": 963332.1875,
        "dvar2": 1886646.375,
        "max": 11477.1972656,
        "mean": 2612.89282227,
        "median": 2239.453125,
        "min": 86.1328125,
        "var": 3752623.75
    },
    "spectral_skewness": {
        "dmean": 0.166428998113,
        "dmean2": 0.259850889444,
        "dvar": 0.0344571135938,
        "dvar2": 0.0741043314338,
        "max": 3.04491662979,
        "mean": 1.23852431774,
        "median": 1.24775922298,
        "min": 0.0510362647474,
        "var": 0.107052631676
    },
    "spectral_spread": {
        "dmean": 496542.375,
        "dmean2": 730891.9375,
        "dvar": 345155567616,
        "dvar2": 589832519680,
        "max": 11957052,
        "mean": 4965373.5,
        "median": 4848557.5,
        "min": 2081046.875,
        "var": 1.31477785805e+12
    },
    "spectral_strongpeak": {
        "dmean": 0.457274675369,
        "dmean2": 0.791641533375,
        "dvar": 1.45522010326,
        "dvar2": 4.1327624321,
        "max": 25.3448925018,
        "mean": 0.573105037212,
        "median": 0.30161473155,
        "min": 0,
        "var": 1.03086686134
    },
    "zerocrossingrate": {
        "dmean": 0.0129908509552,
        "dmean2": 0.0150572927669,
        "dvar": 0.000173360138433,
        "dvar2": 0.00020913912158,
        "max": 0.29736328125,
        "mean": 0.0936461538076,
        "median": 0.08544921875,
        "min": 0.0068359375,
        "var": 0.00210190564394
    },
    "barkbands": {
        "dmean": [0.000171799358213, 0.0037030801177, 0.00115152238868, 0.00155596970581, 0.00308736716397, 0.001374246669, 0.000881085346919, 0.000611749070231, 0.000856318511069, 0.0002902080887, 0.000193676314666, 0.000308466871502, 0.000523529131897, 0.000505608564708, 0.000403386657126, 0.000270080781775, 0.000297761580441, 0.000187269819435, 0.000251936202403, 0.00023313415295, 0.000177310779691, 0.000200916649192, 0.000130608881591, 0.000105962666566, 7.1295973612e-05, 3.41163577104e-05, 2.34383730202e-08],
        "dmean2": [0.000248476979323, 0.0062997341156, 0.0019380300073, 0.00258731865324, 0.00558067299426, 0.00235683191568, 0.00150095322169, 0.00103493442293, 0.00134323560633, 0.000488302670419, 0.000300538958982, 0.000472211540909, 0.000842743727844, 0.00080931087723, 0.000636064738501, 0.000446716177976, 0.000477965222672, 0.000304028159007, 0.000406132894568, 0.000370784749975, 0.000296165148029, 0.000317140715197, 0.000200755763217, 0.000146615813719, 0.000105081046058, 4.87268771394e-05, 4.24109067865e-08],
        "dvar": [2.66744677901e-07, 0.000176514397026, 5.3693506743e-06, 9.7793263194e-06, 8.74513279996e-05, 1.12451552923e-05, 3.99758346248e-06, 1.95997654373e-06, 4.69658971269e-06, 4.37156302269e-07, 2.14163620171e-07, 6.98577593994e-07, 1.72375177954e-06, 2.14801843867e-06, 6.30050635664e-07, 2.88482112865e-07, 2.13898061929e-07, 6.66115056447e-08, 1.02978589211e-07, 1.08940447774e-07, 1.19315060942e-07, 1.15153852676e-07, 4.42876206819e-08, 7.95699790501e-08, 1.73933862868e-08, 3.00599412029e-09, 9.04189714095e-15],
        "dvar2": [5.84932195125e-07, 0.000465989578515, 1.56229089043e-05, 2.56845833064e-05, 0.000251941062743, 2.97099632007e-05, 1.07186770038e-05, 5.3597555052e-06, 1.16365645226e-05, 1.13608587071e-06, 5.21620791005e-07, 1.6131442635e-06, 3.95202187065e-06, 5.62411332794e-06, 1.57283432145e-06, 7.35602611712e-07, 5.19289130807e-07, 1.77284661618e-07, 2.51623305303e-07, 2.56954422184e-07, 3.08422158923e-07, 3.03585437678e-07, 1.06671109279e-07, 1.3118429365e-07, 3.7386794105e-08, 5.93350035771e-09, 2.54569450372e-14],
        "max": [0.00832561030984, 0.113893181086, 0.0254670288414, 0.0281559247524, 0.0713092014194, 0.0375389456749, 0.0215302221477, 0.0175259895623, 0.0313401259482, 0.00900483969599, 0.00866916868836, 0.0171246659011, 0.0218492988497, 0.028028588742, 0.00903815962374, 0.00801971554756, 0.0060440772213, 0.00313507555984, 0.00331735378131, 0.00398172065616, 0.00451763672754, 0.00377452117391, 0.00270295818336, 0.00865602772683, 0.00213411357254, 0.000725284509826, 1.19915296182e-06],
        "mean": [0.000199388508918, 0.0038107726723, 0.0030859420076, 0.00213022786193, 0.00297555467114, 0.00154768361244, 0.000948601693381, 0.000729222141672, 0.00114683888387, 0.000345721287886, 0.000258936604951, 0.000381850026315, 0.000780183007009, 0.000619907106739, 0.00059334753314, 0.000457843620097, 0.000526587362401, 0.000337007688358, 0.00050221773563, 0.000474048836622, 0.000323978310917, 0.000382856815122, 0.000266145711066, 0.000214410349145, 0.000143572367961, 7.03766418155e-05, 1.56737289814e-08],
        "median": [2.56830880971e-05, 0.00150120619219, 0.00255511747673, 0.00137088389602, 0.00123226747382, 0.000573546043597, 0.000321816274663, 0.00027881297865, 0.000355197640602, 0.000115716567961, 7.19714298612e-05, 9.47180305957e-05, 0.000382411380997, 0.000192568521015, 0.000184370379429, 0.000296540005365, 0.000309580529574, 0.000223196562729, 0.00035710085649, 0.000262691843091, 0.000198332054424, 0.000186162476894, 0.000135451715323, 9.42362385103e-05, 7.55996952648e-05, 3.71688547602e-05, 3.25424687198e-10],
        "min": [1.01723718338e-09, 7.25423348058e-08, 1.44654535461e-07, 2.38903339778e-07, 1.36297080644e-06, 2.63602123596e-06, 1.62831202033e-06, 1.28311296521e-06, 7.30050987841e-06, 1.59457420068e-06, 4.55126098586e-07, 3.40197675541e-06, 8.67964274676e-07, 1.82549047167e-06, 1.51386882408e-06, 3.8416173993e-06, 5.3291819313e-07, 5.84797476222e-07, 1.63905986028e-06, 6.51708489841e-07, 1.51846819563e-07, 1.16816387674e-07, 8.0155459159e-08, 5.23988106238e-08, 2.32648673659e-08, 3.76950604064e-09, 6.09760028927e-12],
        "var": [3.69063911876e-07, 0.000132761560963, 7.68834979681e-06, 8.70934945851e-06, 5.51720331714e-05, 1.18395664686e-05, 3.76287675863e-06, 2.07067409974e-06, 6.81571964378e-06, 5.55960298243e-07, 2.96915061426e-07, 9.05362128378e-07, 2.19536968871e-06, 2.15140426008e-06, 1.2242808225e-06, 3.69055015881e-07, 3.66809160823e-07, 1.24514500044e-07, 2.23303203484e-07, 2.91520734663e-07, 1.654227475e-07, 2.5830274808e-07, 1.18338562061e-07, 1.95128393443e-07, 3.52791040825e-08, 7.90834953079e-09, 5.92990148087e-15]
    },
    "erbbands": {
        "dmean": [0.116602301598, 0.806385457516, 1.35807573795, 2.91801428795, 10.106259346, 9.94149303436, 5.89251232147, 14.6284227371, 12.4024763107, 13.9744567871, 11.8867816925, 21.4667949677, 11.3237943649, 7.5419588089, 9.87385082245, 13.511636734, 22.7031898499, 23.6459064484, 24.1364631653, 14.940993309, 13.7104158401, 16.0892753601, 11.0455684662, 10.4092597961, 13.5027780533, 10.6317062378, 8.41416740417, 6.79649400711, 7.41228485107, 5.25266647339, 3.53707647324, 2.27717614174, 1.90147316456, 0.930976510048, 0.398823022842, 0.200257793069, 0.0536618418992, 0.00407581776381, 7.83252398833e-05, 1.49196248458e-05],
        "dmean2": [0.198479548097, 1.40241789818, 2.34597039223, 4.83076667786, 17.9299316406, 17.9337806702, 9.81240272522, 25.0256614685, 21.4628582001, 23.686750412, 19.7609500885, 34.1802978516, 18.5982456207, 12.0818500519, 15.522726059, 20.6716403961, 35.3151397705, 37.1988754272, 38.2898292542, 23.3498573303, 22.2627182007, 25.801153183, 17.7655181885, 16.7650718689, 21.2222442627, 16.8562107086, 13.572347641, 11.4332151413, 11.8023118973, 8.29604244232, 5.47108221054, 3.38502860069, 2.6324005127, 1.36984562874, 0.574763834476, 0.289635568857, 0.0798705965281, 0.00642006238922, 0.000119565673231, 2.35281731875e-05],
        "dvar": [0.172868266702, 8.72127532959, 11.6058750153, 24.1623306274, 986.154296875, 756.787536621, 198.338638306, 1390.02124023, 817.643981934, 1121.55859375, 886.411254883, 3698.21044922, 620.82800293, 372.206787109, 510.034698486, 1502.8059082, 3132.52978516, 3176.54907227, 3747.81152344, 899.194396973, 707.152709961, 638.916137695, 237.585494995, 175.460845947, 321.681152344, 238.411636353, 227.684280396, 221.847091675, 168.480453491, 72.5388259888, 33.9859161377, 18.0975818634, 33.1131591797, 2.93908905983, 0.388561844826, 0.0957450717688, 0.00788717251271, 6.24704625807e-05, 1.9505261406e-08, 6.16740214454e-10],
        "dvar2": [0.449224084616, 23.6231460571, 33.6941452026, 66.5177764893, 2758.14648438, 2208.26074219, 459.446746826, 3718.42016602, 2236.6862793, 3088.62670898, 2439.08959961, 9340.35351562, 1566.21118164, 940.831115723, 1252.60131836, 3545.34008789, 7289.03662109, 7417.93359375, 10227.4873047, 1974.62341309, 1800.50891113, 1591.39099121, 631.141113281, 437.818206787, 777.183837891, 587.752685547, 514.099609375, 640.591796875, 445.050933838, 190.012374878, 78.5271072388, 35.4254722595, 55.9455184937, 6.23121070862, 0.781282365322, 0.191202744842, 0.0164300370961, 0.000138262184919, 4.04184419267e-08, 1.51551216021e-09],
        "max": [3.42030644417, 26.5112133026, 39.5603904724, 42.6896476746, 249.176422119, 221.575637817, 371.679138184, 454.033935547, 260.844024658, 404.740692139, 495.452636719, 866.699707031, 306.192108154, 362.50491333, 374.693267822, 856.514648438, 887.572814941, 910.20703125, 1246.56542969, 458.517700195, 468.419616699, 335.827819824, 171.45149231, 131.94670105, 222.446075439, 161.898132324, 293.828308105, 200.207199097, 157.862976074, 81.4834365845, 77.2039413452, 79.0157089233, 180.962265015, 29.4912281036, 7.96760749817, 4.52493619919, 0.882984578609, 0.0864183455706, 0.00153209653217, 0.000185265249456],
        "mean": [0.108197420835, 0.888128101826, 3.23414683342, 5.45735692978, 10.0795450211, 9.51593971252, 7.64573574066, 15.3448734283, 13.107172966, 15.8617620468, 16.3395652771, 28.88996315, 14.2030248642, 9.82306957245, 13.8419885635, 17.9395618439, 35.5424079895, 32.2835502625, 35.6909790039, 24.8294296265, 26.1301784515, 29.3249340057, 21.1090354919, 20.1221256256, 27.7182235718, 21.7323169708, 16.083486557, 12.0938138962, 14.0905103683, 10.1633234024, 7.21922445297, 4.53303194046, 3.70952486992, 1.87059128284, 0.796107649803, 0.409211039543, 0.103974454105, 0.00623713713139, 0.000152180917212, 3.90583045373e-05],
        "median": [0.0279343854636, 0.436040520668, 2.66597104073, 4.44893741608, 4.51920318604, 3.86172509193, 3.60023117065, 4.81504964828, 5.21252012253, 5.79747915268, 6.73784828186, 9.07800960541, 4.96454048157, 3.54978370667, 4.27125263214, 5.80989980698, 18.5657043457, 12.1005706787, 11.3314533234, 11.1384735107, 17.7140789032, 17.8425369263, 14.2973394394, 14.1987600327, 18.0821094513, 12.3284606934, 9.61087226868, 6.7486333847, 6.89799833298, 5.11741828918, 3.52547621727, 2.45495033264, 1.45272731781, 0.99763071537, 0.434097647667, 0.216601893306, 0.0535674616694, 0.00258499220945, 8.37611587485e-05, 3.02039734379e-05],
        "min": [1.54676592956e-06, 3.26781409967e-05, 0.00030865741428, 0.000916326069273, 0.00246320269071, 0.00451072119176, 0.0104116462171, 0.0228218752891, 0.0188214424998, 0.0553009845316, 0.0578252598643, 0.218438833952, 0.086652778089, 0.0640967786312, 0.0638304054737, 0.158039584756, 0.063620083034, 0.0946425795555, 0.115589797497, 0.145819887519, 0.188934221864, 0.0534797087312, 0.0428023673594, 0.0453589893878, 0.0853362157941, 0.0358178578317, 0.00861839856952, 0.00572698516771, 0.00401936331764, 0.00394077552482, 0.0019939513877, 0.0014015986817, 0.00076493335655, 0.000197166853468, 0.00019703360158, 6.77517600707e-05, 6.31136708762e-06, 4.571181762e-07, 2.09239760807e-06, 1.53559017235e-06],
        "var": [0.139116227627, 6.03827381134, 11.1177186966, 25.4475955963, 638.676269531, 497.609710693, 272.754974365, 1316.51696777, 664.369689941, 1051.41760254, 964.5546875, 5102.97363281, 804.452819824, 420.785919189, 757.36907959, 1853.4342041, 4127.97119141, 4215.53808594, 4628.66113281, 1759.22973633, 976.700012207, 1065.76147461, 455.653320312, 336.497741699, 816.612243652, 592.350524902, 436.629547119, 259.15234375, 367.009307861, 157.988708496, 92.0271377563, 49.1664161682, 76.6961517334, 6.32376527786, 0.938620090485, 0.256758511066, 0.0181597135961, 9.63583370321e-05, 3.75030140276e-08, 9.34934685226e-10]
    },
    "gfcc": {
        "mean": [25.6047954559, 64.4815979004, -116.657119751, 49.8101348877, -59.4231872559, 17.2540550232, -47.2907409668, 13.7555818558, -28.8340396881, 6.73326873779, -22.6438884735, -3.5509660244, -18.4576282501],
        "cov": [[2801.37915039, -180.56842041, -15.9266796112, 121.038108826, -132.585906982, 242.84375, 159.869720459, -37.0915336609, 103.417182922, 201.75579834, -24.2492828369, -15.3698205948, -167.996551514], [-180.56842041, 1202.12573242, -13.6073007584, 55.5233001709, 245.866165161, -44.7159385681, 93.3828811646, -112.13066864, 57.9380760193, -73.0621490479, 184.100967407, -91.3353652954, 50.7934837341], [-15.9266796112, -13.6073007584, 483.921722412, 154.229888916, 50.86460495, 18.2644939423, -52.7452049255, -3.46041750908, -22.1991424561, 19.0960941315, -23.4827671051, 40.9107398987, 3.78830766678], [121.038108826, 55.5233001709, 154.229888916, 247.208572388, 31.6012306213, 36.8167076111, 9.07630157471, -19.6670684814, 70.7821884155, 12.2202482224, 15.0563201904, -13.7205867767, 18.7928218842], [-132.585906982, 245.866165161, 50.86460495, 31.6012306213, 200.086090088, 16.327589035, 27.2189369202, 20.1957530975, 17.1932125092, 20.6095104218, 22.7299995422, -27.8473987579, -4.51894330978], [242.84375, -44.7159385681, 18.2644939423, 36.8167076111, 16.327589035, 170.312774658, 92.6231765747, 21.9033946991, 20.7632656097, 30.5972595215, 11.3717031479, -7.35601902008, -28.6826934814], [159.869720459, 93.3828811646, -52.7452049255, 9.07630157471, 27.2189369202, 92.6231765747, 158.981781006, 21.3655929565, 20.5414733887, 12.1506023407, 17.6457309723, -6.31951141357, -15.2623023987], [-37.0915336609, -112.13066864, -3.46041750908, -19.6670684814, 20.1957530975, 21.9033946991, 21.3655929565, 94.4311447144, 14.2208814621, 23.4201107025, -18.2593822479, -4.87077665329, -5.30424880981], [103.417182922, 57.9380760193, -22.1991424561, 70.7821884155, 17.1932125092, 20.7632656097, 20.5414733887, 14.2208814621, 105.211494446, 37.463973999, 20.8066577911, -19.6122608185, 0.160938173532], [201.75579834, -73.0621490479, 19.0960941315, 12.2202482224, 20.6095104218, 30.5972595215, 12.1506023407, 23.4201107025, 37.463973999, 106.779747009, 7.35013628006, 2.77543020248, -32.6046600342], [-24.2492828369, 184.100967407, -23.4827671051, 15.0563201904, 22.7299995422, 11.3717031479, 17.6457309723, -18.2593822479, 20.8066577911, 7.35013628006, 93.5387268066, 3.182710886, 13.7190675735], [-15.3698205948, -91.3353652954, 40.9107398987, -13.7205867767, -27.8473987579, -7.35601902008, -6.31951141357, -4.87077665329, -19.6122608185, 2.77543020248, 3.182710886, 75.0504837036, 18.6446704865], [-167.996551514, 50.7934837341, 3.78830766678, 18.7928218842, -4.51894330978, -28.6826934814, -15.2623023987, -5.30424880981, 0.160938173532, -32.6046600342, 13.7190675735, 18.6446704865, 68.0665969849]],
        "icov": [[0.000605125678703, -0.000345391308656, 0.000214130370296, -0.000474679545732, 0.000860143918544, -0.000669737521093, -1.49773150042e-05, 0.000165851510246, 7.66975572333e-05, -0.00110761343967, 0.000800233043265, -0.000481813272927, 0.00109480018727], [-0.000345391308656, 0.00410844339058, -0.0016135443002, 0.00229833018966, -0.00422385009006, 0.00296133360825, -0.0036340309307, 0.00471083028242, -0.00264937872998, 0.00329841137864, -0.00615443149582, 0.00501715391874, -0.00249095656909], [0.000214130370296, -0.0016135443002, 0.00448213238269, -0.00419484078884, 0.000547100964468, -0.00190879160073, 0.00314190611243, -0.00248441821896, 0.00364151620306, -0.00195578602143, 0.00325346505269, -0.00463465461507, 0.0020524749998], [-0.000474679545732, 0.00229833018966, -0.00419484078884, 0.010089869611, -0.00253078131936, 0.000547133677173, -0.00256871059537, 0.00533662224188, -0.00774984294549, 0.00279392302036, -0.00319329393096, 0.00532337464392, -0.00499441381544], [0.000860143918544, -0.00422385009006, 0.000547100964468, -0.00253078131936, 0.0110599109903, -0.00266340491362, 0.00203162059188, -0.00559747731313, 0.00291928066872, -0.00516984518617, 0.00467064836994, -0.00198796740733, 0.00269431225024], [-0.000669737521093, 0.00296133360825, -0.00190879160073, 0.000547133677173, -0.00266340491362, 0.0124864978716, -0.00790477544069, 0.00159454916138, -0.00126450974494, 0.00195114791859, -0.00572277558967, 0.00398987159133, 0.00052718387451], [-1.49773150042e-05, -0.0036340309307, 0.00314190611243, -0.00256871059537, 0.00203162059188, -0.00790477544069, 0.0140377683565, -0.0058402386494, 0.00205543870106, -0.00113449280616, 0.00443868292496, -0.00616846559569, 0.00295232539065], [0.000165851510246, 0.00471083028242, -0.00248441821896, 0.00533662224188, -0.00559747731313, 0.00159454916138, -0.0058402386494, 0.019797295332, -0.00611579511315, 0.000310660281684, -0.00273310416378, 0.00672664586455, -0.00503605464473], [7.66975572333e-05, -0.00264937872998, 0.00364151620306, -0.00774984294549, 0.00291928066872, -0.00126450974494, 0.00205543870106, -0.00611579511315, 0.0194292906672, -0.00779225211591, 0.00159757200163, -0.000525624258444, -0.000207912089536], [-0.00110761343967, 0.00329841137864, -0.00195578602143, 0.00279392302036, -0.00516984518617, 0.00195114791859, -0.00113449280616, 0.000310660281684, -0.00779225211591, 0.0189542751759, -0.00689834542572, -0.000101977675513, 0.00490721082315], [0.000800233043265, -0.00615443149582, 0.00325346505269, -0.00319329393096, 0.00467064836994, -0.00572277558967, 0.00443868292496, -0.00273310416378, 0.00159757200163, -0.00689834542572, 0.0229562986642, -0.00871540140361, 0.000401341589168], [-0.000481813272927, 0.00501715391874, -0.00463465461507, 0.00532337464392, -0.00198796740733, 0.00398987159133, -0.00616846559569, 0.00672664586455, -0.000525624258444, -0.000101977675513, -0.00871540140361, 0.0252890996635, -0.0106726940721], [0.00109480018727, -0.00249095656909, 0.0020524749998, -0.00499441381544, 0.00269431225024, 0.00052718387451, 0.00295232539065, -0.00503605464473, -0.000207912089536, 0.00490721082315, 0.000401341589168, -0.0106726940721, 0.0263813436031]]
    },
    "melbands": {
        "dmean": [0.00103710952681, 0.000806806550827, 0.000709713378455, 0.00078994827345, 0.000224367569899, 0.000304899964249, 0.000192281760974, 0.000148733262904, 0.000100447367004, 0.000137029099278, 5.44564718439e-05, 3.18425882142e-05, 2.86126523861e-05, 3.66520798707e-05, 3.97466501454e-05, 5.4877873481e-05, 4.64359000034e-05, 4.14461974287e-05, 2.73525402008e-05, 1.95245484065e-05, 1.69803188328e-05, 1.820079342e-05, 1.53920118464e-05, 8.19654997031e-06, 9.24869254959e-06, 1.04460914372e-05, 1.01551559055e-05, 6.92292132953e-06, 6.27201279713e-06, 4.21886943514e-06, 4.40090889242e-06, 4.73413228974e-06, 3.66394237972e-06, 2.91882884085e-06, 2.33637592828e-06, 1.70361079199e-06, 1.49055961174e-06, 1.57402610057e-06, 1.38039240483e-06, 7.04194917489e-07],
        "dmean2": [0.00174731772859, 0.00137835345231, 0.00119716173504, 0.00142214307562, 0.000378922617529, 0.000521417648997, 0.000332195748342, 0.000249964272371, 0.000165139426826, 0.000217523454921, 8.91845265869e-05, 5.15379506396e-05, 4.47339989478e-05, 5.72990720684e-05, 6.18253907305e-05, 8.83321699803e-05, 7.37871159799e-05, 6.70790395816e-05, 4.34595094703e-05, 3.1265852158e-05, 2.79485830106e-05, 2.92692129733e-05, 2.51451547228e-05, 1.31865363073e-05, 1.52012025865e-05, 1.70058137883e-05, 1.62220239872e-05, 1.1180742149e-05, 1.00433635453e-05, 6.95776680004e-06, 7.5307834777e-06, 7.67642450228e-06, 5.93337108512e-06, 4.67341533295e-06, 3.63638832823e-06, 2.65629432761e-06, 2.17953879655e-06, 2.17850379158e-06, 2.03159515877e-06, 1.07379173642e-06],
        "dvar": [1.39282228702e-05, 5.9231178966e-06, 2.37472295339e-06, 6.0538723119e-06, 2.50236098509e-07, 5.93295681028e-07, 1.90413345535e-07, 1.17516179898e-07, 6.009761222e-08, 1.56424576403e-07, 1.46389087519e-08, 7.20018222822e-09, 4.54216309009e-09, 9.41879907401e-09, 1.04704955817e-08, 2.07095567362e-08, 1.34038442567e-08, 1.60164219665e-08, 3.71147579337e-09, 1.33418576187e-09, 1.04644570786e-09, 9.87697923449e-10, 4.84973006198e-10, 1.18335743982e-10, 1.46099840559e-10, 1.88606380513e-10, 2.09571915377e-10, 1.07147943296e-10, 1.2408662986e-10, 6.51916992611e-11, 9.61879326189e-11, 7.15371026305e-11, 3.93837462642e-11, 2.30155304537e-11, 1.51760635309e-11, 7.86803348168e-12, 9.27920934535e-12, 3.78979382598e-11, 1.15729925643e-11, 1.32819569145e-12],
        "dvar2": [3.64992010873e-05, 1.65065484907e-05, 6.39221889287e-06, 1.73981425178e-05, 6.30062743312e-07, 1.59387673193e-06, 5.14790599482e-07, 3.21210904985e-07, 1.58656717986e-07, 4.02359489726e-07, 3.65654280188e-08, 1.85407138531e-08, 1.10030748957e-08, 2.23281304557e-08, 2.47829845534e-08, 4.67163303597e-08, 3.25187947681e-08, 4.42204282081e-08, 9.04142893887e-09, 2.94930657674e-09, 2.7637891975e-09, 2.52186138638e-09, 1.26234023234e-09, 3.0214156177e-10, 3.68297614628e-10, 4.62143989743e-10, 5.15186338035e-10, 2.7001181846e-10, 2.80402867592e-10, 1.72498390572e-10, 2.81145273728e-10, 1.86836685012e-10, 1.00047213569e-10, 6.02625241375e-11, 3.67489649822e-11, 1.70062210841e-11, 1.74026695832e-11, 6.45545492062e-11, 2.42113256527e-11, 2.96333790839e-12],
        "max": [0.0305792931467, 0.0251644067466, 0.0123962210491, 0.0188148152083, 0.0105965118855, 0.00917672459036, 0.00370433973148, 0.00403046933934, 0.00390193867497, 0.0059673297219, 0.00154138752259, 0.00153569644317, 0.00136960437521, 0.00180531165097, 0.00129938672762, 0.00282581709325, 0.00175661430694, 0.00284734671004, 0.000955516879912, 0.000557841500267, 0.000597088423092, 0.000483960378915, 0.000228775286814, 0.000103897546069, 0.00012296186469, 0.000137212788104, 0.000157969392603, 0.000115699702292, 0.000249656644883, 0.000108693508082, 0.00013913429575, 0.000105067425466, 6.79655786371e-05, 4.85861419293e-05, 5.46749433852e-05, 3.57149947376e-05, 7.5306132203e-05, 0.000203948264243, 7.25021818653e-05, 1.73406206159e-05],
        "mean": [0.00102341955062, 0.00152675597928, 0.00112303369679, 0.000752597581595, 0.000288561976049, 0.00032319384627, 0.000203759336728, 0.000171120569576, 0.000138157469337, 0.000179810129339, 6.60291334498e-05, 3.89167071262e-05, 3.88804619433e-05, 4.74403823318e-05, 5.39098582522e-05, 8.23448572191e-05, 5.70628944843e-05, 5.82228240091e-05, 3.97024414269e-05, 3.14964345307e-05, 2.99493021885e-05, 3.04976201733e-05, 2.58982126979e-05, 1.45249960042e-05, 1.59098835866e-05, 2.008699812e-05, 1.9227823941e-05, 1.31359183797e-05, 1.09241382233e-05, 7.43809823689e-06, 6.911383025e-06, 8.5138481154e-06, 6.48066043141e-06, 5.35361641596e-06, 4.40049416284e-06, 3.11146982312e-06, 2.71911949312e-06, 2.68936310022e-06, 2.438260708e-06, 1.29633713186e-06],
        "median": [0.000358100573067, 0.00120432535186, 0.000823794340249, 0.000311757146847, 0.000140642805491, 0.000107925618067, 7.83892974141e-05, 6.4490159275e-05, 5.2844396123e-05, 5.50239092263e-05, 2.20620895561e-05, 1.2217575204e-05, 1.1380723663e-05, 1.17594363473e-05, 1.9683075152e-05, 3.91275279981e-05, 1.81455543498e-05, 1.85481458175e-05, 1.23418603835e-05, 1.75857730937e-05, 2.05707729037e-05, 1.83735264727e-05, 1.55401921802e-05, 9.28193912841e-06, 1.08350732262e-05, 1.40542651934e-05, 1.05778453872e-05, 7.30589681552e-06, 6.08899563304e-06, 4.74062380817e-06, 3.20013054989e-06, 3.83390624847e-06, 3.26307076648e-06, 2.58294608102e-06, 1.97630492949e-06, 1.70824262113e-06, 1.25515771288e-06, 9.47797616391e-07, 9.6176961506e-07, 7.46000011986e-07],
        "min": [1.56140842478e-08, 1.39587314152e-07, 1.73003456894e-07, 2.09326017853e-07, 4.65691101681e-07, 5.24930271695e-07, 3.1753054941e-07, 6.4075948103e-07, 3.48016385487e-07, 1.32947195652e-06, 3.56663065304e-07, 1.9342412827e-07, 1.07981719566e-07, 2.71892787396e-07, 1.94861712544e-07, 9.11195172648e-08, 1.90151709489e-07, 1.34185242473e-07, 6.57408065763e-08, 2.7368767519e-07, 1.92996154169e-07, 3.41878170218e-08, 3.90967507258e-08, 2.52480614193e-08, 3.10016048388e-08, 7.48325632571e-08, 4.06325995073e-08, 1.8983294936e-08, 3.82277365318e-09, 3.29192273441e-09, 2.70119016044e-09, 2.09067319012e-09, 2.51046294863e-09, 1.62952695781e-09, 1.05257025318e-09, 1.01642716466e-09, 1.6001662495e-10, 3.41828759742e-10, 2.73749495294e-10, 1.00839357697e-10],
