{
"highlevel": {
    "danceability": {
        "all": {
            "danceable": 0.0990415215492,
            "not_danceable": 0.900958478451
        },
        "probability": 0.900958478451,
        "value": "not_danceable"
    },
    "gender": {
        "all": {
            "female": 0.0387197062373,
            "male": 0.961280286312
        },
        "probability": 0.961280286312,
        "value": "male"
    },
    "genre_dortmund": {
        "all": {
            "alternative": 0.341856628656,
            "blues": 0.00832697656006,
            "electronic": 0.0848087891936,
            "folkcountry": 0.129636108875,
            "funksoulrnb": 0.00311666470952,
            "jazz": 0.0160182677209,
            "pop": 0.0577045194805,
            "raphiphop": 0.00207889103331,
            "rock": 0.356453150511
        },
        "probability": 0.356453150511,
        "value": "rock"
    },
    "genre_electronic": {
        "all": {
            "ambient": 0.610530138016,
            "dnb": 0.0885847583413,
            "house": 0.0473263449967,
            "techno": 0.0110686030239,
            "trance": 0.242490157485
        },
        "probability": 0.610530138016,
        "value": "ambient"
    },
    "genre_rosamerica": {
        "all": {
            "cla": 0.00861360225827,
            "dan": 0.074975349009,
            "hip": 0.00668247416615,
            "jaz": 0.00618217233568,
            "pop": 0.194569647312,
            "rhy": 0.022166762501,
            "roc": 0.682076275349,
            "spe": 0.00473374081776
        },
        "probability": 0.682076275349,
        "value": "roc"
    },
    "genre_tzanetakis": {
        "all": {
            "blu": 0.0626541376114,
            "cla": 0.0348133966327,
            "cou": 0.0783501937985,
            "dis": 0.104547761381,
            "hip": 0.15693578124,
            "jaz": 0.313987255096,
            "met": 0.044816005975,
            "pop": 0.0627349764109,
            "reg": 0.0627352520823,
            "roc": 0.0784252434969
        },
        "probability": 0.313987255096,
        "value": "jaz"
    },
    "ismir04_rhythm": {
        "all": {
            "ChaChaCha": 0.0792186483741,
            "Jive": 0.557598888874,
            "Quickstep": 0.0260795988142,
            "Rumba-American": 0.0217527877539,
            "Rumba-International": 0.0372888445854,
            "Rumba-Misc": 0.00850363820791,
            "Samba": 0.151132240891,
            "Tango": 0.0361349284649,
            "VienneseWaltz": 0.0719423666596,
            "Waltz": 0.0103480266407
        },
        "probability": 0.557598888874,
        "value": "Jive"
    },
    "mood_acoustic": {
        "all": {
            "acoustic": 0.278948456049,
            "not_acoustic": 0.721051514149
        },
        "probability": 0.721051514149,
        "value": "not_acoustic"
    },
    "mood_aggressive": {
        "all": {
            "aggressive": 0.340576082468,
            "not_aggressive": 0.659423947334
        },
        "probability": 0.659423947334,
        "value": "not_aggressive"
    },
    "mood_electronic": {
        "all": {
            "electronic": 0.311519622803,
            "not_electronic": 0.688480377197
        },
        "probability": 0.688480377197,
        "value": "not_electronic"
    },
    "mood_happy": {
        "all": {
            "happy": 0.561441838741,
            "not_happy": 0.438558191061
        },
        "probability": 0.561441838741,
        "value": "happy"
    },
    "mood_party": {
        "all": {
            "not_party": 0.706680357456,
            "party": 0.293319612741
        },
        "probability": 0.706680357456,
        "value": "not_party"
    },
    "mood_relaxed": {
        "all": {
            "not_relaxed": 0.774317800999,
            "relaxed": 0.225682169199
        },
        "probability": 0.774317800999,
        "value": "not_relaxed"
    },
    "mood_sad": {
        "all": {
            "not_sad": 0.581424772739,
            "sad": 0.418575227261
        },
        "probability": 0.581424772739,
        "value": "not_sad"
    },
    "moods_mirex": {
        "all": {
            "Cluster1": 0.368199765682,
            "Cluster2": 0.164958834648,
            "Cluster3": 0.182120829821,
            "Cluster4": 0.103569321334,
            "Cluster5": 0.181151255965
        },
        "probability": 0.368199765682,
        "value": "Cluster1"
    },
    "timbre": {
        "all": {
            "bright": 0.95886528492,
            "dark": 0.0411347299814
        },
        "probability": 0.95886528492,
        "value": "bright"
    },
    "tonal_atonal": {
        "all": {
            "atonal": 0.00236685830168,
            "tonal": 0.997633159161
        },
        "probability": 0.997633159161,
        "value": "tonal"
    },
    "voice_instrumental": {
        "all": {
            "instrumental": 0.0721894204617,
            "voice": 0.927810609341
        },
        "probability": 0.927810609341,
        "value": "voice"
    }
},
"lowlevel": {
    "average_loudness": 0.982508540154,
    "barkbands_crest": {
        "dmean": 2.63240456581,
        "dmean2": 4.44255065918,
        "dvar": 6.19270849228,
        "dvar2": 17.3700370789,
        "max": 21.3065490723,
        "mean": 9.4084072113,
        "median": 8.84784126282,
        "min": 3.21418309212,
        "var": 10.3713607788
    },
    "barkbands_flatness_db": {
        "dmean": 0.0213561151177,
        "dmean2": 0.0348541662097,
        "dvar": 0.000405230763135,
        "dvar2": 0.00102202233393,
        "max": 0.238903984427,
        "mean": 0.135190427303,
        "median": 0.133560106158,
        "min": 0.0635196864605,
        "var": 0.000960081350058
    },
    "barkbands_kurtosis": {
        "dmean": 3.41483283043,
        "dmean2": 5.67516899109,
        "dvar": 22.8785953522,
        "dvar2": 57.2437973022,
        "max": 58.5590896606,
        "mean": 5.12689685822,
        "median": 3.69221639633,
        "min": -1.63325047493,
        "var": 30.2888240814
    },
    "barkbands_skewness": {
        "dmean": 0.575851738453,
        "dmean2": 0.932053625584,
        "dvar": 0.376236855984,
        "dvar2": 0.908104419708,
        "max": 7.08367109299,
        "mean": 1.97428441048,
        "median": 1.85540604591,
        "min": -0.502636253834,
        "var": 0.702184259892
    },
    "barkbands_spread": {
        "dmean": 5.72666072845,
        "dmean2": 8.78012752533,
        "dvar": 45.9862098694,
        "dvar2": 86.8995666504,
        "max": 80.1868133545,
        "mean": 20.4271202087,
        "median": 16.717048645,
        "min": 3.63644623756,
        "var": 160.388748169
    },
    "dissonance": {
        "dmean": 0.0169778112322,
        "dmean2": 0.0287983100861,
        "dvar": 0.00022533450101,
        "dvar2": 0.000623332511168,
        "max": 0.499991476536,
        "mean": 0.465454846621,
        "median": 0.469649672508,
        "min": 0.341896563768,
        "var": 0.000442516815383
    },
    "dynamic_complexity": 1.4951543808,
    "erbbands_crest": {
        "dmean": 2.39751768112,
        "dmean2": 3.97479844093,
        "dvar": 5.58720970154,
        "dvar2": 14.3981513977,
        "max": 24.0191459656,
        "mean": 7.2036447525,
        "median": 6.23867893219,
        "min": 2.1844997406,
        "var": 11.7363901138
    },
    "erbbands_flatness_db": {
        "dmean": 0.0129380710423,
        "dmean2": 0.0193466749042,
        "dvar": 0.00013153468899,
        "dvar2": 0.000263885885943,
        "max": 0.211563512683,
        "mean": 0.126425459981,
        "median": 0.125021830201,
        "min": 0.0563595443964,
        "var": 0.000718860246707
    },
    "erbbands_kurtosis": {
        "dmean": 0.649325191975,
        "dmean2": 1.04587185383,
        "dvar": 0.709285020828,
        "dvar2": 1.73779034615,
        "max": 13.7764949799,
        "mean": -0.0842002332211,
        "median": -0.445110797882,
        "min": -1.59957909584,
        "var": 1.63793718815
    },
    "erbbands_skewness": {
        "dmean": 0.313334673643,
        "dmean2": 0.48815369606,
        "dvar": 0.080942876637,
        "dvar2": 0.200406640768,
        "max": 2.78238463402,
        "mean": 0.414368659258,
        "median": 0.380336731672,
        "min": -2.06198573112,
        "var": 0.311905324459
    },
    "erbbands_spread": {
        "dmean": 8.08917427063,
        "dmean2": 12.2209033966,
        "dvar": 51.7990264893,
        "dvar2": 100.52243042,
        "max": 122.981918335,
        "mean": 46.5767250061,
        "median": 44.9446907043,
        "min": 9.2421579361,
        "var": 263.905609131
    },
    "hfc": {
        "dmean": 5.00926065445,
        "dmean2": 7.36025094986,
        "dvar": 33.5217895508,
        "dvar2": 69.6040344238,
        "max": 87.1764907837,
        "mean": 20.3808383942,
        "median": 18.4009799957,
        "min": 4.19970607758,
        "var": 104.890144348
    },
    "melbands_crest": {
        "dmean": 3.59305644035,
        "dmean2": 6.04950094223,
        "dvar": 11.3541955948,
        "dvar2": 30.1791496277,
        "max": 32.5684623718,
        "mean": 13.0687036514,
        "median": 12.2119007111,
        "min": 5.61069726944,
        "var": 17.4715919495
    },
    "melbands_flatness_db": {
        "dmean": 0.0265498049557,
        "dmean2": 0.0415721945465,
        "dvar": 0.000698052812368,
        "dvar2": 0.00162610504776,
        "max": 0.347738355398,
        "mean": 0.193921968341,
        "median": 0.194018289447,
        "min": 0.0799410715699,
        "var": 0.00185749772936
    },
    "melbands_kurtosis": {
        "dmean": 8.0885219574,
        "dmean2": 13.3506002426,
        "dvar": 140.127044678,
        "dvar2": 355.361236572,
        "max": 159.464813232,
        "mean": 15.3111658096,
        "median": 11.5191488266,
        "min": -1.01362931728,
        "var": 167.912139893
    },
    "melbands_skewness": {
        "dmean": 0.785530626774,
        "dmean2": 1.26230597496,
        "dvar": 0.708512365818,
        "dvar2": 1.73115563393,
        "max": 10.4583301544,
        "mean": 3.09151053429,
        "median": 2.94466423988,
        "min": 0.408542871475,
        "var": 1.38804364204
    },
    "melbands_spread": {
        "dmean": 5.56516551971,
        "dmean2": 8.73746681213,
        "dvar": 41.7089271545,
        "dvar2": 95.6928939819,
        "max": 89.2919692993,
        "mean": 17.2035808563,
        "median": 15.1104068756,
        "min": 1.99423503876,
        "var": 101.801010132
    },
    "pitch_salience": {
        "dmean": 0.0673818290234,
        "dmean2": 0.113191857934,
        "dvar": 0.00370999868028,
        "dvar2": 0.010017214343,
        "max": 0.807714879513,
        "mean": 0.609869360924,
        "median": 0.618243217468,
        "min": 0.210933282971,
        "var": 0.0068898210302
    },
    "silence_rate_20dB": {
        "dmean": 0,
        "dmean2": 0,
        "dvar": 0,
        "dvar2": 0,
        "max": 1,
        "mean": 1,
        "median": 1,
        "min": 1,
        "var": 0
    },
    "silence_rate_30dB": {
        "dmean": 0.0201238393784,
        "dmean2": 0.0402788519859,
        "dvar": 0.0197186674923,
        "dvar2": 0.0587956085801,
        "max": 1,
        "mean": 0.989945888519,
        "median": 1,
        "min": 0,
        "var": 0.00995305553079
    },
    "silence_rate_60dB": {
        "dmean": 0,
        "dmean2": 0,
        "dvar": 0,
        "dvar2": 0,
        "max": 0,
        "mean": 0,
        "median": 0,
        "min": 0,
        "var": 0
    },
    "spectral_centroid": {
        "dmean": 224.055801392,
        "dmean2": 351.694122314,
        "dvar": 58305.34375,
        "dvar2": 127683.84375,
        "max": 2956.28442383,
        "mean": 1042.0300293,
        "median": 925.254577637,
        "min": 356.420288086,
        "var": 188904.140625
    },
    "spectral_complexity": {
        "dmean": 3.71981430054,
        "dmean2": 5.50348567963,
        "dvar": 10.9230556488,
        "dvar2": 21.6457614899,
        "max": 49,
        "mean": 21.8955917358,
        "median": 20,
        "min": 8,
        "var": 46.8979225159
    },
    "spectral_decrease": {
        "dmean": 4.44708581071e-09,
        "dmean2": 7.06082392554e-09,
        "dvar": 3.95601708757e-17,
        "dvar2": 9.60448276611e-17,
        "max": -1.23999077672e-09,
        "mean": -9.66993862761e-09,
        "median": -7.72701902463e-09,
        "min": -4.70481893444e-08,
        "var": 4.61816391826e-17
    },
    "spectral_energy": {
        "dmean": 0.0170751195401,
        "dmean2": 0.027039963752,
        "dvar": 0.000576020916924,
        "dvar2": 0.00139748037327,
        "max": 0.179553791881,
        "mean": 0.0383451879025,
        "median": 0.0309195835143,
        "min": 0.00506094656885,
        "var": 0.000680675439071
    },
    "spectral_energyband_high": {
        "dmean": 0.000287557893898,
        "dmean2": 0.000376437150408,
        "dvar": 1.78026965614e-07,
        "dvar2": 3.15993304412e-07,
        "max": 0.00496041588485,
        "mean": 0.000882109277882,
        "median": 0.000579624786042,
        "min": 7.15936621418e-05,
        "var": 7.43741111364e-07
    },
    "spectral_energyband_low": {
        "dmean": 0.0108607877046,
        "dmean2": 0.0179201345891,
        "dvar": 0.000436196191004,
        "dvar2": 0.00106043787673,
        "max": 0.172108113766,
        "mean": 0.0142353968695,
        "median": 0.00824106577784,
        "min": 0.000227687502047,
        "var": 0.000397121591959
    },
    "spectral_energyband_middle_high": {
        "dmean": 0.00131072266959,
        "dmean2": 0.0019866200164,
        "dvar": 2.61479112851e-06,
        "dvar2": 6.13656447968e-06,
        "max": 0.0267010964453,
        "mean": 0.0042488547042,
        "median": 0.00358970509842,
        "min": 0.000823904352728,
        "var": 6.17253363089e-06
    },
    "spectral_energyband_middle_low": {
        "dmean": 0.00929291732609,
        "dmean2": 0.0152330379933,
        "dvar": 0.00019527724362,
        "dvar2": 0.000493510975502,
        "max": 0.11577103287,
        "mean": 0.0214642267674,
        "median": 0.0177373308688,
        "min": 0.00170419283677,
        "var": 0.000257100677118
    },
    "spectral_entropy": {
        "dmean": 0.128847882152,
        "dmean2": 0.192790478468,
        "dvar": 0.0136381676421,
        "dvar2": 0.0283217728138,
        "max": 8.52975082397,
        "mean": 7.69687604904,
        "median": 7.67394351959,
        "min": 6.82272577286,
        "var": 0.0738264620304
    },
    "spectral_flux": {
        "dmean": 0.036719571799,
        "dmean2": 0.0572320483625,
        "dvar": 0.00201202905737,
        "dvar2": 0.00434174621478,
        "max": 0.330701559782,
        "mean": 0.107770770788,
        "median": 0.0921304896474,
        "min": 0.0248892102391,
        "var": 0.00326234311797
    },
    "spectral_kurtosis": {
        "dmean": 0.957473397255,
        "dmean2": 1.5251185894,
        "dvar": 0.791959226131,
        "dvar2": 1.90831077099,
        "max": 16.4486713409,
        "mean": 3.5512444973,
        "median": 3.51102495193,
        "min": -0.416978120804,
        "var": 2.73072648048
    },
    "spectral_rms": {
        "dmean": 0.00121185090393,
        "dmean2": 0.00186360743828,
        "dvar": 2.09891527447e-06,
        "dvar2": 4.82724954054e-06,
        "max": 0.0132353473455,
        "mean": 0.00584175949916,
        "median": 0.00549230817705,
        "min": 0.00222205067985,
        "var": 3.28384021486e-06
    },
    "spectral_rolloff": {
        "dmean": 464.230834961,
        "dmean2": 749.292785645,
        "dvar": 672616.25,
        "dvar2": 1274121.875,
        "max": 9582.27539062,
        "mean": 1104.80432129,
        "median": 775.1953125,
        "min": 64.599609375,
        "var": 1515631.5
    },
    "spectral_skewness": {
        "dmean": 0.163124099374,
        "dmean2": 0.250355064869,
        "dvar": 0.0212182532996,
        "dvar2": 0.0420678332448,
        "max": 3.17483520508,
        "mean": 1.47488892078,
        "median": 1.48080909252,
        "min": 0.629130125046,
        "var": 0.102243609726
    },
    "spectral_spread": {
        "dmean": 440383.9375,
        "dmean2": 601728,
        "dvar": 237691551744,
        "dvar2": 354564603904,
        "max": 12289644,
        "mean": 4940406,
        "median": 4773175,
        "min": 2858137.75,
        "var": 1.46703764685e+12
    },
    "spectral_strongpeak": {
        "dmean": 0.403249740601,
        "dmean2": 0.693171799183,
        "dvar": 0.218712344766,
        "dvar2": 0.564092040062,
        "max": 4.15730667114,
        "mean": 0.662457883358,
        "median": 0.509242653847,
        "min": 0,
        "var": 0.335523962975
    },
    "zerocrossingrate": {
        "dmean": 0.0100656989962,
        "dmean2": 0.0118231382221,
        "dvar": 0.000123170480947,
        "dvar2": 0.000126561135403,
        "max": 0.20654296875,
        "mean": 0.0549537315965,
        "median": 0.04736328125,
        "min": 0.0166015625,
        "var": 0.000814709172118
    },
    "barkbands": {
        "dmean": [0.000722933968063, 0.00679820077494, 0.00320248259231, 0.00434115948156, 0.00402718037367, 0.00202711019665, 0.00161263393238, 0.000945958716329, 0.000801965186838, 0.000341248203767, 0.000711577478796, 0.000262259331066, 0.000167920356034, 0.000203544899705, 0.000271190743661, 0.0001740695443, 0.000184169635759, 9.41426842473e-05, 0.000101014658867, 0.000105313833046, 7.72078492446e-05, 6.6373613663e-05, 7.01574099367e-05, 5.4765780078e-05, 4.51861378679e-05, 2.32178699662e-05, 3.55867646462e-09],
        "dmean2": [0.00113173434511, 0.0114462077618, 0.00559519371018, 0.00750554166734, 0.00670030666515, 0.00330062001012, 0.00261550862342, 0.00150503613986, 0.00124332134146, 0.000548643409275, 0.00117144896649, 0.000427121383836, 0.000270384567557, 0.000335516582709, 0.000447184283985, 0.000292419223115, 0.000298113009194, 0.000147403043229, 0.000160561874509, 0.000169608712895, 0.000115694776468, 9.73077112576e-05, 0.000101185636595, 7.97906322987e-05, 6.39305872028e-05, 3.51050948666e-05, 5.34632427218e-09],
        "dvar": [2.73752402791e-06, 0.000270584918326, 3.13516902679e-05, 6.96296920069e-05, 2.78112274827e-05, 1.18545458463e-05, 6.81970686855e-06, 4.14391661252e-06, 3.44502132066e-06, 3.45867306351e-07, 7.73597491843e-07, 2.07884383485e-07, 8.05541731097e-08, 1.50009157096e-07, 1.42882484511e-07, 5.99481140284e-08, 1.32280788989e-07, 6.3572549891e-08, 4.44785968057e-08, 3.06572012221e-08, 8.67551097627e-09, 9.37675892487e-09, 1.72057710301e-08, 1.60223692092e-08, 7.84129028375e-09, 3.54876239506e-09, 1.93985791514e-15],
        "dvar2": [5.99052691541e-06, 0.000685305509251, 8.5490559286e-05, 0.000188726509805, 7.23008924979e-05, 3.06866022584e-05, 1.73372027348e-05, 1.01998084574e-05, 7.83943869465e-06, 9.15988323413e-07, 1.93665459847e-06, 5.14915257099e-07, 2.03235671847e-07, 3.1721631899e-07, 3.73155046418e-07, 1.61057414516e-07, 3.31318290137e-07, 1.52963465894e-07, 1.1329900218e-07, 7.63630438883e-08, 1.80117307735e-08, 1.98919121175e-08, 3.76189710494e-08, 2.92134565427e-08, 1.49736809618e-08, 8.68474270277e-09, 1.98581093484e-15],
        "max": [0.0126360822469, 0.128214895725, 0.0517211519182, 0.0770177394152, 0.0441634468734, 0.0474721491337, 0.0288644675165, 0.0301851127297, 0.028389416635, 0.0125171616673, 0.00928493496031, 0.00636254902929, 0.00441492209211, 0.00818496756256, 0.00529131805524, 0.00374909932725, 0.0080773262307, 0.00667360192165, 0.00457494705915, 0.00210296991281, 0.00101606315002, 0.00101156777237, 0.00215786974877, 0.0017753635766, 0.00165438361, 0.0011604516767, 1.50644984842e-06],
        "mean": [0.000678306503687, 0.00749293668196, 0.00369752966799, 0.00514321494848, 0.00803097430617, 0.00316575099714, 0.0024423787836, 0.00127927621361, 0.0011822625529, 0.000575905083679, 0.00101790658664, 0.0004571461468, 0.000278568535578, 0.000344175437931, 0.000520695291925, 0.000330549373757, 0.00034655132913, 0.000175115768798, 0.00019842160691, 0.000221762267756, 0.000192226711079, 0.00016632633924, 0.000152814463945, 0.00011510882905, 9.42529950407e-05, 4.50526968052e-05, 3.0042857091e-09],
        "median": [8.90578012331e-05, 0.0035766873043, 0.00203095725738, 0.00262861466035, 0.00617061322555, 0.00163275515661, 0.000889991060831, 0.00042307988042, 0.000516282918397, 0.000372518872609, 0.000682884361595, 0.000273704819847, 0.000168392987689, 0.000229858531384, 0.000390092289308, 0.000245377159445, 0.000214789732127, 0.000110844281153, 0.000117073337606, 0.000148441278725, 0.000149821295054, 0.000100836557976, 7.72143466747e-05, 4.88116456836e-05, 5.28782766196e-05, 2.54113037954e-05, 5.33587785068e-10],
        "min": [1.56933580797e-07, 1.32032673719e-05, 4.67170611955e-05, 9.45100327954e-06, 0.000245608651312, 8.09195335023e-05, 2.4456250685e-05, 7.94710558694e-06, 2.74304766208e-05, 1.27332987176e-05, 2.10719153984e-05, 1.51788917719e-05, 1.06546604002e-05, 2.46207291639e-05, 3.53325121978e-05, 2.06564727705e-05, 1.14615586426e-05, 1.60860454343e-05, 1.19274745884e-05, 1.83045904123e-05, 1.90854661923e-05, 7.14963971404e-06, 3.26125609718e-06, 1.60284764661e-06, 9.43926011132e-07, 1.2452250342e-09, 1.14215954403e-11],
        "var": [2.87155262413e-06, 0.000216897242353, 2.58869131358e-05, 6.01671417826e-05, 4.34553548985e-05, 1.94058920897e-05, 1.31752021844e-05, 6.33646322967e-06, 6.01381452725e-06, 5.03236492477e-07, 1.21005655274e-06, 3.26745265511e-07, 1.1673750322e-07, 2.09284380048e-07, 2.36249277918e-07, 9.7339231786e-08, 2.0538168144e-07, 8.33496400787e-08, 6.57660521597e-08, 5.04959274394e-08, 2.30886954e-08, 2.91478965408e-08, 4.98749912481e-08, 4.84767106457e-08, 2.34819417244e-08, 5.74729153158e-09, 1.93084527283e-15]
    },
    "erbbands": {
        "dmean": [0.272455066442, 1.30318129063, 3.37543535233, 8.80922889709, 15.1579809189, 14.801527977, 12.6010942459, 18.4575042725, 21.3473110199, 22.4591274261, 21.4264030457, 18.6104030609, 11.2890844345, 12.8083534241, 25.0495014191, 10.5967502594, 7.71095180511, 8.95833396912, 15.3941955566, 11.4248571396, 9.51549911499, 9.76385593414, 5.15304803848, 4.88921928406, 5.01950645447, 5.21118545532, 3.5121922493, 2.96974635124, 2.53448796272, 1.95309197903, 2.1228787899, 1.38755524158, 0.871587991714, 0.502544164658, 0.363879919052, 0.144477576017, 0.0394374765456, 0.00342677906156, 6.34982789052e-05, 2.00678568945e-05],
        "dmean2": [0.474063545465, 2.22291898727, 5.91616392136, 15.1887979507, 25.8499565125, 24.4119186401, 21.1302986145, 29.8219738007, 34.2367134094, 35.8665428162, 34.0143508911, 29.147977829, 18.0832500458, 20.5376758575, 40.8448524475, 17.2484722137, 12.2382936478, 14.5849924088, 25.4772834778, 18.8642730713, 15.5963068008, 15.7406826019, 7.88554906845, 7.75329351425, 7.9465508461, 8.40781593323, 5.50665187836, 4.40935850143, 3.7485370636, 2.84080338478, 3.106164217, 1.99854803085, 1.27255356312, 0.738933503628, 0.533760488033, 0.216857388616, 0.059344291687, 0.00544251827523, 9.66752195382e-05, 3.13944437949e-05],
        "dvar": [0.493059664965, 9.77169799805, 41.9804611206, 229.641464233, 697.249206543, 377.581573486, 332.218963623, 1214.49694824, 1163.00817871, 1694.95373535, 2575.60327148, 2175.47729492, 234.980819702, 456.531921387, 1006.46606445, 321.248382568, 149.642196655, 265.399597168, 503.147796631, 217.704406738, 154.381149292, 467.373779297, 230.275787354, 136.277175903, 93.7248001099, 87.0869979858, 20.0929908752, 14.1166057587, 13.1474170685, 9.28627300262, 16.467754364, 9.43759441376, 4.41558218002, 1.36962151527, 0.392680764198, 0.11195307225, 0.0101526360959, 6.85484992573e-05, 2.18740776603e-08, 7.12811976111e-10],
        "dvar2": [1.29160714149, 25.0389862061, 115.815696716, 618.023986816, 1873.13439941, 972.771972656, 888.35168457, 3098.77612305, 2873.21459961, 4228.86328125, 6297.50732422, 5138.40087891, 565.583557129, 1187.02929688, 2454.67749023, 813.785461426, 379.697387695, 654.415588379, 1237.54577637, 595.104431152, 375.511230469, 1206.38085938, 533.452331543, 361.748077393, 225.222503662, 224.362030029, 46.6245040894, 29.3184394836, 28.4750289917, 19.6021080017, 37.4053192139, 18.5970897675, 7.50700902939, 2.63575983047, 0.79998010397, 0.265502601862, 0.0247439220548, 0.000174594140844, 5.51145724614e-08, 1.74994174706e-09],
        "max": [4.79450178146, 27.6161556244, 61.5618667603, 132.557281494, 230.918167114, 198.576400757, 209.146606445, 475.971313477, 441.407470703, 558.567993164, 681.529846191, 650.035095215, 229.771286011, 448.40045166, 458.04107666, 236.661407471, 194.219238281, 280.009155273, 303.68536377, 237.700927734, 179.256576538, 494.132049561, 405.78414917, 266.039855957, 196.700927734, 123.591194153, 61.9741096497, 46.0509185791, 37.4139595032, 41.7309761047, 65.028503418, 48.6792068481, 31.4091510773, 23.4009532928, 10.0752382278, 5.7540063858, 1.93384432793, 0.167195469141, 0.0030453405343, 0.000199537229491],
        "mean": [0.268163233995, 1.49265170097, 3.95774006844, 11.5730361938, 23.5910263062, 28.3364486694, 21.0703239441, 27.7198410034, 32.1675987244, 33.6578788757, 30.7437610626, 27.8097362518, 20.1609287262, 23.4101200104, 38.5983963013, 19.6482963562, 14.3835105896, 15.8504343033, 28.2823066711, 22.0368976593, 19.150302887, 18.6485710144, 10.3018989563, 9.91007614136, 10.0952987671, 10.5063972473, 8.53779983521, 7.24359846115, 6.11290502548, 4.74838972092, 4.40648841858, 2.79751300812, 1.76799106598, 0.990829050541, 0.709085643291, 0.271566659212, 0.0741089433432, 0.00574576901272, 0.00013389295782, 5.12301558047e-05],
        "median": [0.0711539909244, 0.8030179739, 2.27640080452, 6.72001028061, 14.907459259, 20.0668182373, 15.2650966644, 12.6963243484, 13.8704071045, 12.5344161987, 10.5204257965, 10.7037029266, 13.9158477783, 15.3324899673, 26.3833427429, 12.1061220169, 9.51306533813, 10.5334310532, 20.7875156403, 16.9351081848, 13.4231872559, 11.572927475, 6.33922386169, 5.91624689102, 6.24582719803, 7.06324529648, 6.56322097778, 5.27970170975, 3.63657879829, 2.79146909714, 2.1496386528, 1.22286844254, 0.694889843464, 0.469094604254, 0.431877523661, 0.149317041039, 0.0416875630617, 0.00316017004661, 8.8656648586e-05, 4.36720911239e-05],
        "min": [0.000238989610807, 0.0126683237031, 0.134200543165, 0.214984834194, 0.405210852623, 0.650834739208, 0.714681863785, 0.511288940907, 0.268445491791, 0.476723045111, 0.699085533619, 0.827629983425, 0.701937973499, 1.0100530386, 1.58495223522, 1.3698772192, 0.782245755196, 1.31747674942, 2.21015715599, 2.31904101372, 1.68675684929, 1.09212112427, 1.08846688271, 0.936675786972, 0.693600296974, 1.02842140198, 0.68960249424, 0.666488230228, 0.283358573914, 0.198390483856, 0.106754861772, 0.0364415608346, 0.0272387582809, 0.00513654621318, 0.00462481100112, 0.000854414771311, 3.39537509717e-05, 3.87899353882e-06, 4.68729285785e-06, 6.27826375421e-06],
        "var": [0.365689814091, 7.66486215591, 31.9823741913, 213.412338257, 722.433532715, 685.570983887, 401.31652832, 2031.08666992, 2168.53564453, 2962.50463867, 3961.81982422, 3549.3034668, 447.590240479, 737.258300781, 1638.64733887, 524.962097168, 240.902450562, 322.317199707, 767.152648926, 380.320800781, 332.802825928, 653.064453125, 325.119262695, 166.619064331, 157.521850586, 120.935775757, 45.1140174866, 39.1295166016, 39.1184043884, 30.7297592163, 43.7271652222, 25.2158374786, 13.6948003769, 3.8900706768, 1.02189612389, 0.207655861974, 0.0159568041563, 9.63325146586e-05, 3.39713039921e-08, 9.35880817288e-10]
    },
    "gfcc": {
        "mean": [40.2708854675, 95.5381088257, -106.19631958, 37.5266304016, -60.9414215088, 17.3486690521, -43.9785881042, 5.36194610596, -30.905878067, 4.27520847321, -24.8329029083, 2.53167319298, -8.52537250519],
        "cov": [[870.338439941, -330.264709473, 181.013259888, 38.397277832, -83.9592285156, 30.1750774384, -62.8878555298, 82.553062439, 25.3797225952, 79.8409500122, 14.8989276886, 62.4442138672, -89.7169570923], [-330.264709473, 605.040466309, -154.419021606, -50.7483787537, 87.1128616333, -87.0027694702, 104.885520935, -31.2751998901, 43.7023239136, -14.8470954895, 56.7015342712, -53.4286880493, 62.6525688171], [181.013259888, -154.419021606, 297.692230225, 16.6171398163, 13.7886381149, 61.335773468, -14.8346223831, 43.8630332947, 5.86582994461, 45.695476532, -4.59701395035, 48.5287055969, -25.2056808472], [38.397277832, -50.7483787537, 16.6171398163, 195.511550903, 63.2225036621, 47.6053543091, 13.2476797104, -2.48770856857, 19.3479919434, -1.51087713242, 32.4368247986, 10.1945390701, 39.1797523499], [-83.9592285156, 87.1128616333, 13.7886381149, 63.2225036621, 160.469543457, 25.9387645721, 41.4420127869, 7.16517591476, 14.4435834885, 16.7944297791, 8.47770786285, 18.9436130524, 32.5568237305], [30.1750774384, -87.0027694702, 61.335773468, 47.6053543091, 25.9387645721, 113.812194824, 36.3592071533, 28.7467403412, 9.29353141785, 13.1499300003, 9.65009689331, 14.2561855316, 12.487200737], [-62.8878555298, 104.885520935, -14.8346223831, 13.2476797104, 41.4420127869, 36.3592071533, 101.98916626, 33.9956092834, 26.4405593872, 10.1983242035, 18.954870224, 0.432292699814, 11.9417886734], [82.553062439, -31.2751998901, 43.8630332947, -2.48770856857, 7.16517591476, 28.7467403412, 33.9956092834, 88.7844924927, 39.7572212219, 35.8233833313, 18.3582820892, 15.9177207947, -6.95320606232], [25.3797225952, 43.7023239136, 5.86582994461, 19.3479919434, 14.4435834885, 9.29353141785, 26.4405593872, 39.7572212219, 69.6700668335, 38.8730964661, 26.1532287598, 5.58831834793, 3.85063362122], [79.8409500122, -14.8470954895, 45.695476532, -1.51087713242, 16.7944297791, 13.1499300003, 10.1983242035, 35.8233833313, 38.8730964661, 76.0012588501, 27.6136436462, 19.470500946, -4.91067695618], [14.8989276886, 56.7015342712, -4.59701395035, 32.4368247986, 8.47770786285, 9.65009689331, 18.954870224, 18.3582820892, 26.1532287598, 27.6136436462, 69.9609603882, 16.4868125916, 18.0567436218], [62.4442138672, -53.4286880493, 48.5287055969, 10.1945390701, 18.9436130524, 14.2561855316, 0.432292699814, 15.9177207947, 5.58831834793, 19.470500946, 16.4868125916, 62.3576316833, 12.3494005203], [-89.7169570923, 62.6525688171, -25.2056808472, 39.1797523499, 32.5568237305, 12.487200737, 11.9417886734, -6.95320606232, 3.85063362122, -4.91067695618, 18.0567436218, 12.3494005203, 71.1889648438]],
        "icov": [[0.00215231045149, -0.000159421819262, -0.000186554185348, -0.00158420449588, 0.00139191688504, -0.00017454160843, 0.00131139159203, -0.00175210542511, 0.000795814499725, -0.00173686561175, 0.000519006338436, -0.00203749909997, 0.00272050919011], [-0.000159421819262, 0.00766617385671, -0.0010620621033, 0.00538066867739, -0.00477059232071, 0.00682311924174, -0.00784073676914, 0.00535963755101, -0.00580572662875, 0.00436858274043, -0.00819884985685, 0.0077859768644, -0.0061172125861], [-0.000186554185348, -0.0010620621033, 0.00551648251712, -0.00121592381038, 0.000337375182426, -0.00345846312121, 0.00272677768953, -0.00224479287863, 0.00202188221738, -0.00293809687719, 0.00276651442982, -0.00412486074492, 0.00279949884862], [-0.00158420449588, 0.00538066867739, -0.00121592381038, 0.0127960387617, -0.00703033572063, 0.00165918795392, -0.00426612049341, 0.00647513987496, -0.00781902950257, 0.00758352782577, -0.00981198064983, 0.00766115309671, -0.00782693549991], [0.00139191688504, -0.00477059232071, 0.000337375182426, -0.00703033572063, 0.0128783574328, -0.00342361954972, 0.00143963308074, -0.00325137889013, 0.0047030383721, -0.00691055972129, 0.00838540121913, -0.00790098588914, 0.00260583776981], [-0.00017454160843, 0.00682311924174, -0.00345846312121, 0.00165918795392, -0.00342361954972, 0.0195552352816, -0.0118420114741, 0.00222680554725, -0.00247592106462, 0.0027463270817, -0.00604006461799, 0.00694554112852, -0.00737254321575], [0.00131139159203, -0.00784073676914, 0.00272677768953, -0.00426612049341, 0.00143963308074, -0.0118420114741, 0.0244371462613, -0.0107076000422, 0.00289320014417, -0.00224470766261, 0.00537667004392, -0.00712719559669, 0.00770159065723], [-0.00175210542511, 0.00535963755101, -0.00224479287863, 0.00647513987496, -0.00325137889013, 0.00222680554725, -0.0107076000422, 0.0249309949577, -0.0128656653687, 0.00197389279492, -0.00657955044881, 0.00433331960812, -0.00420673098415], [0.000795814499725, -0.00580572662875, 0.00202188221738, -0.00781902950257, 0.0047030383721, -0.00247592106462, 0.00289320014417, -0.0128656653687, 0.032104074955, -0.0149829583243, 0.00433215266094, -0.00389659102075, 0.00448025204241], [-0.00173686561175, 0.00436858274043, -0.00293809687719, 0.00758352782577, -0.00691055972129, 0.0027463270817, -0.00224470766261, 0.00197389279492, -0.0149829583243, 0.0292889252305, -0.0124426176772, 0.00351905357093, -0.00262325443327], [0.000519006338436, -0.00819884985685, 0.00276651442982, -0.00981198064983, 0.00838540121913, -0.00604006461799, 0.00537667004392, -0.00657955044881, 0.00433215266094, -0.0124426176772, 0.0311783608049, -0.0129945138469, 0.00318283215165], [-0.00203749909997, 0.0077859768644, -0.00412486074492, 0.00766115309671, -0.00790098588914, 0.00694554112852, -0.00712719559669, 0.00433331960812, -0.00389659102075, 0.00351905357093, -0.0129945138469, 0.0316882655025, -0.012830728665], [0.00272050919011, -0.0061172125861, 0.00279949884862, -0.00782693549991, 0.00260583776981, -0.00737254321575, 0.00770159065723, -0.00420673098415, 0.00448025204241, -0.00262325443327, 0.00318283215165, -0.012830728665, 0.0275521017611]]
    },
    "melbands": {
        "dmean": [0.00210211542435, 0.00167898903601, 0.00174223305658, 0.00100098864641, 0.00046999391634, 0.000406072416808, 0.000328376714606, 0.000229831974139, 0.000173338747118, 0.000111392640974, 5.60419575777e-05, 4.89920348627e-05, 0.000108125408588, 3.07211885229e-05, 2.38319371419e-05, 1.58658749569e-05, 1.77092933882e-05, 2.56430903391e-05, 1.62489068316e-05, 1.2620463167e-05, 1.2945238268e-05, 1.18768402899e-05, 6.94140953783e-06, 4.79736581838e-06, 4.22623361374e-06, 4.08884579883e-06, 3.90553168472e-06, 3.64780134987e-06, 2.63280071522e-06, 1.98636826099e-06, 1.822644208e-06, 1.60604906796e-06, 1.35682921609e-06, 1.15456441563e-06, 1.29361831114e-06, 1.18198374821e-06, 8.08998265711e-07, 6.74135662848e-07, 5.49911874259e-07, 4.21657745164e-07],
        "dmean2": [0.00358157255687, 0.00288942200132, 0.00299356738105, 0.00166114466265, 0.000783150433563, 0.000653470342513, 0.00052830867935, 0.00036763123353, 0.000272282399237, 0.000174877379322, 9.02240426512e-05, 7.91187922005e-05, 0.000177401059773, 4.9560880143e-05, 3.82415200875e-05, 2.55726408795e-05, 2.88866685878e-05, 4.24857717007e-05, 2.62362100329e-05, 2.1238993213e-05, 2.11090755329e-05, 1.93457490241e-05, 1.08559925138e-05, 7.69472171669e-06, 6.83441294314e-06, 6.65038533043e-06, 6.1896544139e-06, 5.94885432292e-06, 4.27507302447e-06, 3.09620577355e-06, 2.74406443168e-06, 2.41801126322e-06, 2.07076914194e-06, 1.7436619828e-06, 1.97369990929e-06, 1.76076400749e-06, 1.19450874081e-06, 1.00996157926e-06, 8.30776514249e-07, 6.32358307939e-07],
        "dvar": [2.75406237051e-05, 1.19977130453e-05, 9.70719793258e-06, 1.79661492439e-06, 3.95139551301e-07, 5.26160306435e-07, 2.6565396638e-07, 1.64380836054e-07, 1.67151441133e-07, 7.37931671324e-08, 5.93190252474e-09, 8.00381450006e-09, 1.70012111056e-08, 2.9310449623e-09, 1.44557110726e-09, 6.37808417192e-10, 1.16299192499e-09, 1.48429413205e-09, 5.35758659659e-10, 3.14965720172e-10, 2.74063549632e-10, 5.34257416085e-10, 4.0135925139e-10, 1.54022780641e-10, 9.06651489996e-11, 6.67277760824e-11, 3.94754957889e-11, 4.45529620141e-11, 1.27703238609e-11, 5.65051998247e-12, 5.7905117333e-12, 5.48869847142e-12, 3.98241726055e-12, 3.24265202363e-12, 5.35910855623e-12, 7.51191296666e-12, 3.47854796183e-12, 2.7811039062e-12, 1.59033875478e-12, 9.29087969753e-13],
        "dvar2": [7.00558157405e-05, 3.20821563946e-05, 2.62886587734e-05, 4.62866864837e-06, 1.02484011677e-06, 1.3419669358e-06, 6.57684097405e-07, 4.03586568609e-07, 4.05978596518e-07, 1.73285584992e-07, 1.39869014149e-08, 2.10958486235e-08, 4.23974917396e-08, 7.20549753197e-09, 3.50700379848e-09, 1.63226754335e-09, 2.81211121056e-09, 3.42609829396e-09, 1.4076999566e-09, 8.9471785536e-10, 6.6891098216e-10, 1.41827283251e-09, 9.42920075353e-10, 3.9074340985e-10, 2.41638459242e-10, 1.64793498292e-10, 9.75349939702e-11, 1.1670946154e-10, 3.19377926883e-11, 1.21865070118e-11, 1.2568607613e-11, 1.24325437098e-11, 9.20653917685e-12, 7.10447456073e-12, 1.24664740336e-11, 1.70988345011e-11, 7.31618151478e-12, 4.87746605257e-12, 3.16464259312e-12, 1.84235352668e-12],
        "max": [0.0358335897326, 0.0314687602222, 0.0266536511481, 0.0108597585931, 0.00698908418417, 0.00967310462147, 0.00662346789613, 0.0053203268908, 0.0065964916721, 0.00349431694485, 0.0012045399053, 0.00195363792591, 0.00144602381624, 0.000686741434038, 0.000550561526325, 0.000411509565311, 0.000608670525253, 0.000680009950884, 0.000404642283684, 0.000301782070892, 0.000257083273027, 0.000473052059533, 0.000495219253935, 0.000313441094477, 0.000198182984605, 0.00016131598386, 8.3912142145e-05, 8.49346761242e-05, 5.19263194292e-05, 2.32561578741e-05, 2.82996388705e-05, 2.77180570265e-05, 2.20068068302e-05, 2.68463136308e-05, 3.05172470689e-05, 4.29161809734e-05, 3.18830971082e-05, 2.51723522524e-05, 2.0285951905e-05, 1.88600515685e-05],
        "mean": [0.00223480770364, 0.00202826783061, 0.00238310708664, 0.00193844153546, 0.0008522105054, 0.000618522870354, 0.0005021301331, 0.000344371423125, 0.000245952309342, 0.000164555909578, 9.6452255093e-05, 8.54692480061e-05, 0.000155767687829, 5.20667599631e-05, 4.13228008256e-05, 2.73677251243e-05, 2.87483708235e-05, 4.5439657697e-05, 3.23132844642e-05, 2.30085915973e-05, 2.36960440816e-05, 2.10900343518e-05, 1.1453856132e-05, 8.49462048791e-06, 7.88464240031e-06, 7.58936585044e-06, 7.2281818575e-06, 6.86445400788e-06, 5.60308581044e-06, 4.55630606666e-06, 4.0085483306e-06, 3.54075018549e-06, 2.99178850582e-06, 2.52288418778e-06, 2.60260617324e-06, 2.19051344175e-06, 1.51994254338e-06, 1.2917961385e-06, 1.00098509392e-06, 7.58452415539e-07],
        "median": [0.000864168803673, 0.00113778887317, 0.00148497777991, 0.00145850959234, 0.000622634892352, 0.000295531703159, 0.000215647451114, 0.000125914200908, 8.04975643405e-05, 7.00796081219e-05, 6.61214944557e-05, 5.32733029104e-05, 0.00010429113172, 3.07117770717e-05, 2.44693528657e-05, 1.88965532288e-05, 1.79634862434e-05, 3.2939711673e-05, 2.42652095039e-05, 1.72372292582e-05, 1.63790518855e-05, 1.32589675559e-05, 6.5033896135e-06, 5.47042600374e-06, 4.5582301027e-06, 4.46710964752e-06, 4.47472757514e-06, 4.64871982331e-06, 4.21307640863e-06, 3.52718916474e-06, 2.70910027211e-06, 2.06728736885e-06, 1.69286022356e-06, 1.4255934957e-06, 1.36405310514e-06, 8.66421373757e-07, 6.6314396463e-07, 4.60220348941e-07, 3.98000338464e-07, 3.47798533085e-07],
        "min": [2.0265774765e-06, 5.20810353919e-05, 8.2635509898e-05, 5.1348371926e-05, 2.29030956689e-05, 1.10158443931e-05, 3.67355687558e-06, 2.51977712651e-06, 3.97354506276e-06, 4.79341770188e-06, 1.40679526339e-06, 2.85527244159e-06, 4.43821227236e-06, 2.89356216854e-06, 2.53069197242e-06, 1.57692511493e-06, 1.50151436173e-06, 3.1425013276e-06, 2.58795171248e-06, 2.55511736214e-06, 1.05494325453e-06, 7.15927626516e-07, 5.73288559735e-07, 8.91477213827e-07, 6.88620559686e-07, 2.72293704029e-07, 5.21802803632e-07, 6.10629172115e-07, 3.93105381136e-07, 3.86797154306e-07, 2.44526006554e-07, 9.38918134352e-08, 5.96507732098e-08, 7.08534457772e-08, 6.38157402477e-08, 2.52738221462e-08, 1.3911694019e-08, 2.02442862474e-09, 2.00972527509e-09, 3.58022951563e-11],
