{
"highlevel": {
    "danceability": {
        "all": {
            "danceable": 0.999627351761,
            "not_danceable": 0.000372654292732
        },
        "probability": 0.999627351761,
        "value": "danceable"
    },
    "gender": {
        "all": {
            "female": 0.816714704037,
            "male": 0.183285295963
        },
        "probability": 0.816714704037,
        "value": "female"
    },
    "genre_dortmund": {
        "all": {
            "alternative": 0.00722891557962,
            "blues": 0.0248138811439,
            "electronic": 0.0565903633833,
            "folkcountry": 0.0139524741098,
            "funksoulrnb": 0.0672921091318,
            "jazz": 0.0577205084264,
            "pop": 0.0474155917764,
            "raphiphop": 0.687160611153,
            "rock": 0.0378255657852
        },
        "probability": 0.687160611153,
        "value": "raphiphop"
    },
    "genre_electronic": {
        "all": {
            "ambient": 0.0856828093529,
            "dnb": 0.625119864941,
            "house": 0.260122448206,
            "techno": 0.00881406944245,
            "trance": 0.0202607885003
        },
        "probability": 0.625119864941,
        "value": "dnb"
    },
    "genre_rosamerica": {
        "all": {
            "cla": 0.00729851936921,
            "dan": 0.0626033246517,
            "hip": 0.446807652712,
            "jaz": 0.0131533974782,
            "pop": 0.324888318777,
            "rhy": 0.109298311174,
            "roc": 0.0273214187473,
            "spe": 0.0086290538311
        },
        "probability": 0.446807652712,
        "value": "hip"
    },
    "genre_tzanetakis": {
        "all": {
            "blu": 0.0620671063662,
            "cla": 0.034474901855,
            "cou": 0.103433981538,
            "dis": 0.0620971247554,
            "hip": 0.15527240932,
            "jaz": 0.310666948557,
            "met": 0.044346679002,
            "pop": 0.0620793737471,
            "reg": 0.0620816536248,
            "roc": 0.103479810059
        },
        "probability": 0.310666948557,
        "value": "jaz"
    },
    "ismir04_rhythm": {
        "all": {
            "ChaChaCha": 0.0186288040131,
            "Jive": 0.241257414222,
            "Quickstep": 0.0104834334925,
            "Rumba-American": 0.00881815608591,
            "Rumba-International": 0.0288242977113,
            "Rumba-Misc": 0.00824016612023,
            "Samba": 0.664460301399,
            "Tango": 0.00156163738575,
            "VienneseWaltz": 0.0115714929998,
            "Waltz": 0.00615427503362
        },
        "probability": 0.664460301399,
        "value": "Samba"
    },
    "mood_acoustic": {
        "all": {
            "acoustic": 0.0294797755778,
            "not_acoustic": 0.970520198345
        },
        "probability": 0.970520198345,
        "value": "not_acoustic"
    },
    "mood_aggressive": {
        "all": {
            "aggressive": 0.13866174221,
            "not_aggressive": 0.86133825779
        },
        "probability": 0.86133825779,
        "value": "not_aggressive"
    },
    "mood_electronic": {
        "all": {
            "electronic": 0.939716517925,
            "not_electronic": 0.0602834522724
        },
        "probability": 0.939716517925,
        "value": "electronic"
    },
    "mood_happy": {
        "all": {
            "happy": 0.283159464598,
            "not_happy": 0.7168405056
        },
        "probability": 0.7168405056,
        "value": "not_happy"
    },
    "mood_party": {
        "all": {
            "not_party": 0.0818616598845,
            "party": 0.918138325214
        },
        "probability": 0.918138325214,
        "value": "party"
    },
    "mood_relaxed": {
        "all": {
            "not_relaxed": 0.985302448273,
            "relaxed": 0.0146975526586
        },
        "probability": 0.985302448273,
        "value": "not_relaxed"
    },
    "mood_sad": {
        "all": {
            "not_sad": 0.945472359657,
            "sad": 0.0545276477933
        },
        "probability": 0.945472359657,
        "value": "not_sad"
    },
    "moods_mirex": {
        "all": {
            "Cluster1": 0.164694651961,
            "Cluster2": 0.324204534292,
            "Cluster3": 0.0689154565334,
            "Cluster4": 0.132599189878,
            "Cluster5": 0.309586167336
        },
        "probability": 0.324204534292,
        "value": "Cluster2"
    },
    "timbre": {
        "all": {
            "bright": 0.659787535667,
            "dark": 0.340212464333
        },
        "probability": 0.659787535667,
        "value": "bright"
    },
    "tonal_atonal": {
        "all": {
            "atonal": 0.831216514111,
            "tonal": 0.168783470988
        },
        "probability": 0.831216514111,
        "value": "atonal"
    },
    "voice_instrumental": {
        "all": {
            "instrumental": 0.0281302817166,
            "voice": 0.971869707108
        },
        "probability": 0.971869707108,
        "value": "voice"
    }
},
"lowlevel": {
    "average_loudness": 0.976534366608,
    "barkbands_crest": {
        "dmean": 3.62839913368,
        "dmean2": 5.79556035995,
        "dvar": 12.6218299866,
        "dvar2": 28.202583313,
        "max": 26.5830192566,
        "mean": 13.4014377594,
        "median": 12.5237989426,
        "min": 2.68211770058,
        "var": 38.7516899109
    },
    "barkbands_flatness_db": {
        "dmean": 0.0381353348494,
        "dmean2": 0.0555986613035,
        "dvar": 0.00141190201975,
        "dvar2": 0.00281108380295,
        "max": 0.404026120901,
        "mean": 0.169646829367,
        "median": 0.162595167756,
        "min": 0.0403289049864,
        "var": 0.00479036848992
    },
    "barkbands_kurtosis": {
        "dmean": 9.62891769409,
        "dmean2": 15.4134101868,
        "dvar": 828.121398926,
        "dvar2": 1691.28796387,
        "max": 344.76260376,
        "mean": 9.50290584564,
        "median": 1.35900688171,
        "min": -1.89184272289,
        "var": 1003.3739624
    },
    "barkbands_skewness": {
        "dmean": 1.15314400196,
        "dmean2": 1.71307349205,
        "dvar": 2.38979816437,
        "dvar2": 4.50675010681,
        "max": 17.4760532379,
        "mean": 1.83773446083,
        "median": 1.32346642017,
        "min": -4.76263332367,
        "var": 5.60584020615
    },
    "barkbands_spread": {
        "dmean": 11.2677087784,
        "dmean2": 18.0189876556,
        "dvar": 157.631622314,
        "dvar2": 415.504119873,
        "max": 111.135665894,
        "mean": 25.7353153229,
        "median": 23.0274085999,
        "min": 0.618687927723,
        "var": 254.547195435
    },
    "dissonance": {
        "dmean": 0.0240748152137,
        "dmean2": 0.0405950583518,
        "dvar": 0.000632966170087,
        "dvar2": 0.00162822473794,
        "max": 0.499844193459,
        "mean": 0.46246239543,
        "median": 0.471970140934,
        "min": 0.272691935301,
        "var": 0.00101385102607
    },
    "dynamic_complexity": 2.13388299942,
    "erbbands_crest": {
        "dmean": 3.47988414764,
        "dmean2": 5.62207221985,
        "dvar": 10.3249034882,
        "dvar2": 26.9951248169,
        "max": 29.9974861145,
        "mean": 9.54428482056,
        "median": 8.61072444916,
        "min": 2.57875847816,
        "var": 20.737449646
    },
    "erbbands_flatness_db": {
        "dmean": 0.0299378391355,
        "dmean2": 0.0427712127566,
        "dvar": 0.000848220603075,
        "dvar2": 0.00162558327429,
        "max": 0.354882657528,
        "mean": 0.163277000189,
        "median": 0.156082972884,
        "min": 0.0585462525487,
        "var": 0.0026966733858
    },
    "erbbands_kurtosis": {
        "dmean": 1.54064619541,
        "dmean2": 2.57605171204,
        "dvar": 4.90663385391,
        "dvar2": 12.8009672165,
        "max": 28.1992588043,
        "mean": 0.651063024998,
        "median": -0.0832087993622,
        "min": -1.76753377914,
        "var": 5.82495164871
    },
    "erbbands_skewness": {
        "dmean": 0.558024764061,
        "dmean2": 0.851255774498,
        "dvar": 0.273581713438,
        "dvar2": 0.647583127022,
        "max": 2.97603583336,
        "mean": -0.0874344334006,
        "median": -0.086012378335,
        "min": -4.14405679703,
        "var": 0.723778545856
    },
    "erbbands_spread": {
        "dmean": 15.1794633865,
        "dmean2": 23.4794807434,
        "dvar": 272.842132568,
        "dvar2": 648.375732422,
        "max": 156.218093872,
        "mean": 41.3979721069,
        "median": 36.0044975281,
        "min": 5.34442043304,
        "var": 513.402038574
    },
    "hfc": {
        "dmean": 17.0162391663,
        "dmean2": 26.1990833282,
        "dvar": 593.12878418,
        "dvar2": 1484.57116699,
        "max": 214.953353882,
        "mean": 26.5553016663,
        "median": 18.2390422821,
        "min": 0.146409183741,
        "var": 696.537658691
    },
    "melbands_crest": {
        "dmean": 4.03990316391,
        "dmean2": 6.16302013397,
        "dvar": 15.6295518875,
        "dvar2": 32.0680503845,
        "max": 37.8747825623,
        "mean": 18.9344444275,
        "median": 18.4767112732,
        "min": 4.03173923492,
        "var": 70.0770492554
    },
    "melbands_flatness_db": {
        "dmean": 0.0452309027314,
        "dmean2": 0.0650115981698,
        "dvar": 0.00214069359936,
        "dvar2": 0.00446095736697,
        "max": 0.487632930279,
        "mean": 0.214566096663,
        "median": 0.212729230523,
        "min": 0.0266648922116,
        "var": 0.00895824003965
    },
    "melbands_kurtosis": {
        "dmean": 25.3065662384,
        "dmean2": 40.0682106018,
        "dvar": 3422.59985352,
        "dvar2": 7294.69873047,
        "max": 686.500671387,
        "mean": 29.7470207214,
        "median": 7.50935554504,
        "min": -1.8127809763,
        "var": 4488.55273438
    },
    "melbands_skewness": {
        "dmean": 1.65347671509,
        "dmean2": 2.45994734764,
        "dvar": 4.6106967926,
        "dvar2": 9.6799287796,
        "max": 21.597738266,
        "mean": 3.5072247982,
        "median": 2.62049746513,
        "min": -1.5266957283,
        "var": 10.5657567978
    },
    "melbands_spread": {
        "dmean": 15.8900365829,
        "dmean2": 25.6853084564,
        "dvar": 567.852661133,
        "dvar2": 1297.3527832,
        "max": 271.306640625,
        "mean": 30.299282074,
        "median": 22.1541805267,
        "min": 0.428788125515,
        "var": 963.594665527
    },
    "pitch_salience": {
        "dmean": 0.100577741861,
        "dmean2": 0.155550777912,
        "dvar": 0.00994990300387,
        "dvar2": 0.0224585942924,
        "max": 0.834897100925,
        "mean": 0.44629278779,
        "median": 0.45251211524,
        "min": 0.0395668745041,
        "var": 0.0326287262142
    },
    "silence_rate_20dB": {
        "dmean": 0,
        "dmean2": 0,
        "dvar": 0,
        "dvar2": 0,
        "max": 1,
        "mean": 1,
        "median": 1,
        "min": 1,
        "var": 0
    },
    "silence_rate_30dB": {
        "dmean": 0.0263157896698,
        "dmean2": 0.0526723451912,
        "dvar": 0.0256231538951,
        "dvar2": 0.0638408735394,
        "max": 1,
        "mean": 0.980665147305,
        "median": 1,
        "min": 0,
        "var": 0.0189610477537
    },
    "silence_rate_60dB": {
        "dmean": 0.0541795678437,
        "dmean2": 0.108443066478,
        "dvar": 0.0512447878718,
        "dvar2": 0.119921043515,
        "max": 1,
        "mean": 0.0657385960221,
        "median": 0,
        "min": 0,
        "var": 0.0614168271422
    },
    "spectral_centroid": {
        "dmean": 485.265625,
        "dmean2": 745.04901123,
        "dvar": 257325.59375,
        "dvar2": 568563.375,
        "max": 5576.92724609,
        "mean": 1884.53710938,
        "median": 1788.01184082,
        "min": 290.043151855,
        "var": 661498.0625
    },
    "spectral_complexity": {
        "dmean": 6.82043361664,
        "dmean2": 9.95739746094,
        "dvar": 66.0760269165,
        "dvar2": 129.497070312,
        "max": 60,
        "mean": 16.4965190887,
        "median": 14,
        "min": 0,
        "var": 121.80140686
    },
    "spectral_decrease": {
        "dmean": 3.82365250573e-09,
        "dmean2": 5.80229819747e-09,
        "dvar": 2.86679856098e-17,
        "dvar2": 5.9303330971e-17,
        "max": -3.22130273844e-11,
        "mean": -9.47362277515e-09,
        "median": -8.14637424185e-09,
        "min": -4.11283593849e-08,
        "var": 6.0142343575e-17
    },
    "spectral_energy": {
        "dmean": 0.0154055962339,
        "dmean2": 0.0232115853578,
        "dvar": 0.00043775307131,
        "dvar2": 0.000905209395569,
        "max": 0.157982543111,
        "mean": 0.0381643027067,
        "median": 0.0330542325974,
        "min": 0.000207289151149,
        "var": 0.000913373718504
    },
    "spectral_energyband_high": {
        "dmean": 0.00144492287654,
        "dmean2": 0.0022230502218,
        "dvar": 5.85962197874e-06,
        "dvar2": 1.44536443258e-05,
        "max": 0.0210126712918,
        "mean": 0.00167815038003,
        "median": 0.000557515129913,
        "min": 1.2998945067e-06,
        "var": 6.85483973939e-06
    },
    "spectral_energyband_low": {
        "dmean": 0.0102339265868,
        "dmean2": 0.0159902852029,
        "dvar": 0.000370686640963,
        "dvar2": 0.000769023725297,
        "max": 0.14489467442,
        "mean": 0.024038715288,
        "median": 0.0174684878439,
        "min": 1.29652619307e-06,
        "var": 0.000755426066462
    },
    "spectral_energyband_middle_high": {
        "dmean": 0.00391637021676,
        "dmean2": 0.00615059956908,
        "dvar": 2.50536031672e-05,
        "dvar2": 6.0940907133e-05,
        "max": 0.0378675051033,
        "mean": 0.00601446349174,
        "median": 0.00413729250431,
        "min": 3.44057625625e-05,
        "var": 3.47376517311e-05
    },
    "spectral_energyband_middle_low": {
        "dmean": 0.00479585397989,
        "dmean2": 0.00758420908824,
        "dvar": 7.14925918146e-05,
        "dvar2": 0.000180273797014,
        "max": 0.088276475668,
        "mean": 0.00693181995302,
        "median": 0.00385009264573,
        "min": 5.57008243049e-05,
        "var": 8.44750538818e-05
    },
    "spectral_entropy": {
        "dmean": 0.278856158257,
        "dmean2": 0.387255102396,
        "dvar": 0.0678023770452,
        "dvar2": 0.132276535034,
        "max": 8.74215221405,
        "mean": 7.61929750443,
        "median": 7.59797763824,
        "min": 6.23316335678,
        "var": 0.221204906702
    },
    "spectral_flux": {
        "dmean": 0.04427061975,
        "dmean2": 0.0678599625826,
        "dvar": 0.00213972385973,
        "dvar2": 0.00483304727823,
        "max": 0.346586167812,
        "mean": 0.1040032655,
        "median": 0.0910456106067,
        "min": 0.0083373580128,
        "var": 0.00385029031895
    },
    "spectral_kurtosis": {
        "dmean": 1.85768699646,
        "dmean2": 2.93241095543,
        "dvar": 5.16764545441,
        "dvar2": 13.2924966812,
        "max": 25.2026309967,
        "mean": 3.54593968391,
        "median": 2.92283153534,
        "min": -1.07163167,
        "var": 8.53717517853
    },
    "spectral_rms": {
        "dmean": 0.00125636556186,
        "dmean2": 0.00180448277388,
        "dvar": 2.30156547332e-06,
        "dvar2": 4.27238410339e-06,
        "max": 0.0124148828909,
        "mean": 0.00553646171466,
        "median": 0.00567873474211,
        "min": 0.000449703598861,
        "var": 6.58106728224e-06
    },
    "spectral_rolloff": {
        "dmean": 1025.86193848,
        "dmean2": 1741.68725586,
        "dvar": 2354829.75,
        "dvar2": 5277153,
        "max": 11886.328125,
        "mean": 1919.68579102,
        "median": 1248.92578125,
        "min": 43.06640625,
        "var": 4469761
    },
    "spectral_skewness": {
        "dmean": 0.313027888536,
        "dmean2": 0.482843697071,
        "dvar": 0.0925071388483,
        "dvar2": 0.222296357155,
        "max": 3.4695353508,
        "mean": 1.27571821213,
        "median": 1.25001513958,
        "min": 0.0268811732531,
        "var": 0.240901187062
    },
    "spectral_spread": {
        "dmean": 944815.25,
        "dmean2": 1344777.125,
        "dvar": 1.18431717786e+12,
        "dvar2": 2.37117636608e+12,
        "max": 13863528,
        "mean": 4869649,
        "median": 4580186,
        "min": 1600630.25,
        "var": 3.11568105472e+12
    },
    "spectral_strongpeak": {
        "dmean": 0.54480355978,
        "dmean2": 0.927552938461,
        "dvar": 0.962635874748,
        "dvar2": 2.47398161888,
        "max": 8.25413036346,
        "mean": 0.826241195202,
        "median": 0.525263786316,
        "min": 0,
        "var": 1.00814509392
    },
    "zerocrossingrate": {
        "dmean": 0.01881092228,
        "dmean2": 0.0206390544772,
        "dvar": 0.000536660489161,
        "dvar2": 0.000592393160332,
        "max": 0.36962890625,
        "mean": 0.069140702486,
        "median": 0.0556640625,
        "min": 0.0029296875,
        "var": 0.00301392097026
    },
    "barkbands": {
        "dmean": [0.000736802408937, 0.0090479105711, 0.00168690318242, 0.000944304571021, 0.00200635078363, 0.000638351484668, 0.000303030858049, 0.000994052737951, 0.00119338929653, 0.000598361890297, 0.000678205629811, 0.000850508746225, 0.00049632077571, 0.000442503369413, 0.000410190172261, 0.000361836224329, 0.000506416079588, 0.000494818552397, 0.000515013351105, 0.000375423725927, 0.000285951944534, 0.000293962046271, 0.000316883437335, 0.000272055680398, 0.00014345922682, 5.9068781411e-05, 5.99848931415e-07],
        "dmean2": [0.00113506976049, 0.0138305043802, 0.00297593139112, 0.00155824993271, 0.00316291116178, 0.00106054579373, 0.000492613820825, 0.00167807843536, 0.00194628385361, 0.000902952218894, 0.00102436169982, 0.00142207869794, 0.00084668409545, 0.000719701114576, 0.000676661962643, 0.000620739650913, 0.000894613389391, 0.00083699595416, 0.000830903125461, 0.000610972754657, 0.000463289907202, 0.000462728785351, 0.000494619773235, 0.00042587282951, 0.000223357506911, 9.25554486457e-05, 1.0411627045e-06],
        "dvar": [2.53960547525e-06, 0.000294823083095, 2.37988115259e-05, 4.82373206978e-06, 3.84853847208e-05, 1.69936743077e-06, 6.02534328209e-07, 5.79641027798e-06, 6.7416458478e-06, 2.0862985366e-06, 2.56279167843e-06, 4.70986105938e-06, 1.17858633075e-06, 1.24103769394e-06, 5.82388054227e-07, 6.41617305064e-07, 1.1492448948e-06, 1.07059827315e-06, 6.97765756286e-07, 3.90764427038e-07, 2.8389413842e-07, 2.97109295389e-07, 4.20147046043e-07, 3.35228179438e-07, 9.68099271859e-08, 2.39502817578e-08, 5.12738376063e-12],
        "dvar2": [5.1881897889e-06, 0.00060295505682, 6.73725735396e-05, 1.2219628843e-05, 9.82711353572e-05, 4.4363514462e-06, 1.46074592067e-06, 1.54082372319e-05, 1.75106742972e-05, 4.76974855701e-06, 6.01018427915e-06, 1.18665020636e-05, 3.08459198095e-06, 3.161788527e-06, 1.41419945976e-06, 1.76184175871e-06, 3.1671600027e-06, 2.75099546343e-06, 1.66817767422e-06, 8.74696411302e-07, 7.17357295343e-07, 7.31574118618e-07, 1.0565215689e-06, 8.48647118801e-07, 2.34672214106e-07, 6.23971345703e-08, 1.34668873275e-11],
        "max": [0.0243553798646, 0.13390365243, 0.043895252049, 0.020679987967, 0.0727747827768, 0.0142818372697, 0.0121160056442, 0.0298205427825, 0.0286779552698, 0.0253217034042, 0.0307307168841, 0.0262187160552, 0.0110305855051, 0.021803079173, 0.00895361602306, 0.0100176697597, 0.0078493533656, 0.00941521767527, 0.00706936139613, 0.00746546173468, 0.00499856006354, 0.00548060145229, 0.00572516163811, 0.00574632547796, 0.00340207014233, 0.00173196068499, 3.00250376313e-05],
        "mean": [0.00151607068256, 0.0203398633748, 0.00174799852539, 0.000946447253227, 0.00207448122092, 0.00077984033851, 0.000326029665302, 0.00108730245847, 0.00162947550416, 0.00071659963578, 0.000859595427755, 0.000885116984136, 0.000525880837813, 0.000503438466694, 0.000492446240969, 0.000338770070812, 0.000425621226896, 0.000462799333036, 0.000603311811574, 0.000448805425549, 0.000319503451465, 0.000316953286529, 0.000318658509059, 0.000289728661301, 0.000147319020471, 6.17094046902e-05, 4.11599842209e-07],
        "median": [6.50062502245e-05, 0.010497758165, 0.000237977947108, 0.000114796734124, 0.000457909278339, 0.000287558534183, 6.84248661855e-05, 0.000232985912589, 0.000378709839424, 0.000141678392538, 0.000191929764696, 0.000265282869805, 0.000156377063831, 0.000165768375155, 0.00011696277943, 9.15260243346e-05, 8.88848662726e-05, 0.000100289878901, 0.000166223020642, 0.000154589171871, 0.000102904537925, 6.84963160893e-05, 4.76397726743e-05, 5.26121839357e-05, 2.63782385446e-05, 8.90817591426e-06, 1.13340881125e-09],
        "min": [6.29435703559e-09, 8.16601115616e-08, 2.01228630203e-07, 3.40866506576e-07, 3.91116918763e-06, 6.04736783316e-07, 6.83901873799e-07, 5.87647264183e-07, 2.22453718379e-06, 4.71595257068e-07, 6.85470070039e-07, 1.87243335859e-06, 1.31645776946e-06, 5.16000227435e-07, 1.50346318151e-06, 4.69467579478e-07, 8.83635493665e-07, 1.89466533129e-07, 2.93361182457e-07, 5.03705166466e-07, 3.35273853125e-07, 1.67346939861e-07, 1.82440249574e-08, 1.63481512772e-08, 8.05596214737e-11, 3.57247946503e-11, 5.82738241342e-12],
        "var": [9.95007121674e-06, 0.000599671795499, 1.79859762284e-05, 5.22946902493e-06, 3.53368741344e-05, 1.7910575707e-06, 6.11376265169e-07, 5.47032914255e-06, 1.27157973111e-05, 2.90510706691e-06, 3.8318512452e-06, 4.35486299466e-06, 1.20606341625e-06, 1.20425545447e-06, 9.07930029825e-07, 4.92937147101e-07, 8.4071348283e-07, 9.58784880822e-07, 9.82549408945e-07, 5.45658394913e-07, 3.03603371776e-07, 3.42565044775e-07, 4.20678645696e-07, 3.97102212446e-07, 1.00941996095e-07, 2.30946408664e-08, 3.68257681294e-12]
    },
    "erbbands": {
        "dmean": [0.352724850178, 1.72766315937, 2.1422970295, 2.59581255913, 5.52321052551, 6.58137798309, 6.882853508, 4.05071496964, 3.49876236916, 7.77991724014, 29.3652954102, 25.5837268829, 13.3213605881, 26.6951370239, 22.9580783844, 32.7254486084, 23.4148216248, 21.8761634827, 17.8356323242, 22.4482212067, 19.9026031494, 27.8914203644, 23.3642539978, 27.8793926239, 23.7690849304, 17.4455242157, 14.4503898621, 9.88234806061, 10.0875024796, 11.1525392532, 8.4231672287, 6.68429803848, 3.75164818764, 1.75020575523, 1.00019431114, 0.355514407158, 0.105018287897, 0.00735135562718, 0.000220564194024, 3.38904428645e-05],
        "dmean2": [0.536251664162, 2.69458842278, 3.69359278679, 4.32075834274, 8.81896018982, 10.6962947845, 11.7048168182, 6.58231115341, 5.67611312866, 12.7405900955, 48.5979270935, 41.4467086792, 19.7480506897, 39.9242172241, 36.346157074, 54.0658836365, 38.8080787659, 35.3110580444, 29.1683349609, 37.5757141113, 33.5441703796, 48.7337303162, 39.0455932617, 45.2964439392, 37.7231636047, 28.5876560211, 23.144701004, 15.9248991013, 16.0904922485, 17.9224853516, 12.9937639236, 10.6195192337, 5.78699493408, 2.71819210052, 1.60050427914, 0.552588522434, 0.169611960649, 0.0120795145631, 0.000349403824657, 5.14366802236e-05],
        "dvar": [0.462146580219, 13.5862216949, 37.4644851685, 41.0474662781, 212.209487915, 480.659332275, 288.478759766, 58.8696784973, 71.5157623291, 304.420532227, 4333.81347656, 3603.28369141, 767.413574219, 3494.32592773, 2843.21777344, 6801.90576172, 2460.60205078, 2967.82910156, 1109.85375977, 1850.56152344, 1788.87597656, 3437.90527344, 2064.10424805, 2335.86157227, 1532.36206055, 916.875671387, 638.967590332, 429.310852051, 402.698455811, 556.15612793, 265.072784424, 203.848388672, 59.1331443787, 11.5366716385, 7.69882059097, 0.735036492348, 0.087038308382, 0.000372716371203, 3.13614890501e-07, 3.77792153117e-09],
        "dvar2": [0.956258177757, 28.3622074127, 104.020141602, 108.43787384, 540.905517578, 1244.78112793, 795.040588379, 150.775680542, 170.724060059, 762.173339844, 11409.7626953, 9475.66503906, 1780.23156738, 8078.58154297, 6919.76513672, 17239.2929688, 6348.93457031, 7429.58398438, 2706.4543457, 4812.54833984, 4934.49121094, 9539.76367188, 5261.72119141, 5950.71435547, 3284.07739258, 2128.7019043, 1545.85351562, 1131.99743652, 1013.56158447, 1462.08056641, 644.315673828, 524.336914062, 144.381988525, 27.1791496277, 19.9427108765, 1.86100697517, 0.229693710804, 0.000988715561107, 8.00653651822e-07, 9.103998444e-09],
        "max": [6.83163690567, 30.4547271729, 58.6628913879, 52.9018630981, 151.357620239, 271.900360107, 144.56237793, 91.3426208496, 96.6820526123, 274.957336426, 760.225158691, 774.854858398, 311.220092773, 856.215576172, 861.98059082, 955.129760742, 594.807128906, 1027.18640137, 457.083648682, 394.294799805, 567.5078125, 422.332458496, 338.473632812, 387.979919434, 453.806274414, 478.12689209, 224.059921265, 217.625213623, 194.08241272, 204.626953125, 128.478469849, 143.178634644, 73.8024749756, 30.9552173615, 33.635181427, 9.30047988892, 3.9677708149, 0.23536722362, 0.00639081327245, 0.000735328532755],
        "mean": [0.800053834915, 3.65296602249, 2.85054135323, 2.79871630669, 5.20106554031, 6.75602865219, 7.52543306351, 5.36775827408, 4.27852201462, 9.03705692291, 36.537071228, 34.1785774231, 17.3546066284, 34.3563613892, 29.1146221161, 34.3417396545, 26.8312034607, 25.4993991852, 22.2291660309, 25.3609848022, 19.8020801544, 24.519323349, 22.8485889435, 28.927116394, 30.7269134521, 21.5019779205, 16.5856246948, 10.4594907761, 10.9986581802, 11.1665658951, 8.70450973511, 7.01753139496, 4.02977609634, 1.84297037125, 0.961341500282, 0.366923004389, 0.104764319956, 0.00705234054476, 0.000221360824071, 6.14949603914e-05],
        "median": [0.225892588496, 1.93894660473, 0.842838704586, 0.480337172747, 0.69938904047, 1.5262748003, 2.93254256248, 1.87897574902, 1.1728322506, 2.36454820633, 10.3112030029, 8.1899356842, 6.12729501724, 10.8422813416, 10.0408678055, 11.441321373, 9.92133617401, 9.45888328552, 8.20613288879, 6.45800971985, 6.56021404266, 6.1241812706, 5.36651182175, 7.82513713837, 8.99510288239, 7.30250549316, 5.2895822525, 3.14010810852, 2.40808773041, 1.90265882015, 1.34913516045, 1.26437032223, 0.660476446152, 0.331416904926, 0.154583096504, 0.0571062527597, 0.0138263525441, 0.000823648588266, 4.26547230745e-05, 4.65103221359e-05],
        "min": [3.89240585719e-06, 7.16854192433e-05, 0.000146794540342, 0.00124027626589, 0.00074273935752, 0.015636600554, 0.0253123268485, 0.00474870903417, 0.0150136156008, 0.0320564173162, 0.0653440728784, 0.0465821512043, 0.0254555549473, 0.0274416022003, 0.0372379943728, 0.109444968402, 0.0737939924002, 0.118184447289, 0.0784763470292, 0.0450687110424, 0.062448233366, 0.0683461800218, 0.0468172989786, 0.0311887282878, 0.0178618356586, 0.0239247474819, 0.0146768158302, 0.011578688398, 0.00792000070214, 0.00243570981547, 0.000945061503444, 0.000404893158702, 0.000254738668445, 0.000167030928424, 4.76788809465e-05, 2.723947091e-06, 2.32186835092e-06, 1.40207632171e-07, 2.22011735218e-07, 3.6942643078e-07],
        "var": [1.22066748142, 22.125120163, 31.1736602783, 41.5505867004, 197.593170166, 404.897521973, 232.942962646, 81.2162094116, 79.5045547485, 350.950134277, 5326.68701172, 6261.16015625, 1055.8269043, 4693.28808594, 3921.89331055, 6089.29638672, 2619.90600586, 3035.20239258, 1460.41711426, 2261.65087891, 1406.51269531, 2512.09838867, 1976.75195312, 2465.3828125, 2716.890625, 1231.14562988, 781.894958496, 388.200012207, 435.069213867, 514.051147461, 291.150024414, 226.898147583, 74.1498413086, 13.8751974106, 6.46999597549, 0.739454567432, 0.0803895145655, 0.000347300840076, 2.89221105731e-07, 4.41881464752e-09]
    },
    "gfcc": {
        "mean": [-4.92504501343, 71.0406951904, -124.569351196, 39.3815879822, -58.1989746094, 26.6028442383, -27.530506134, 16.4432048798, -24.8012619019, 4.82218122482, -11.6211442947, -0.272830754519, -7.90247344971],
        "cov": [[4618.68261719, -1019.65380859, 671.131469727, 399.439178467, -82.7844161987, 272.952545166, -242.253677368, 278.350311279, -6.80128765106, 108.790039062, -185.136566162, 218.507858276, -189.12361145], [-1019.65380859, 1623.61169434, -137.752075195, -23.6761131287, 510.996856689, 17.3293895721, 517.314086914, 98.1155700684, 269.111358643, 39.7741279602, 243.142028809, -159.508071899, 147.766769409], [671.131469727, -137.752075195, 1195.40270996, 451.70413208, 206.95539856, 414.036468506, 21.125333786, 170.379989624, 231.742431641, 142.683731079, -16.9878406525, 109.667602539, -43.3887710571], [399.439178467, -23.6761131287, 451.70413208, 642.548522949, 277.561401367, 163.060623169, 142.592224121, 88.189239502, 135.722640991, 34.1796951294, 42.4722862244, 20.9939060211, 72.0619888306], [-82.7844161987, 510.996856689, 206.95539856, 277.561401367, 629.546203613, 214.39541626, 281.072875977, 194.841247559, 206.73449707, 68.0075912476, 96.5802307129, -40.2751846313, 45.5965957642], [272.952545166, 17.3293895721, 414.036468506, 163.060623169, 214.39541626, 404.548736572, 167.436141968, 173.289031982, 166.044998169, 61.8495979309, 73.0279464722, 26.4041690826, 3.2755150795], [-242.253677368, 517.314086914, 21.125333786, 142.592224121, 281.072875977, 167.436141968, 648.315185547, 250.746322632, 116.475715637, 31.7361278534, 195.897766113, -10.9433336258, 86.7995452881], [278.350311279, 98.1155700684, 170.379989624, 88.189239502, 194.841247559, 173.289031982, 250.746322632, 350.251312256, 141.941848755, 55.1974906921, 95.194442749, 29.8915252686, 24.805847168], [-6.80128765106, 269.111358643, 231.742431641, 135.722640991, 206.73449707, 166.044998169, 116.475715637, 141.941848755, 339.254974365, 121.885292053, 76.477142334, -4.80576848984, 70.54662323], [108.790039062, 39.7741279602, 142.683731079, 34.1796951294, 68.0075912476, 61.8495979309, 31.7361278534, 55.1974906921, 121.885292053, 181.961532593, 32.6652297974, 5.60651636124, 32.4242744446], [-185.136566162, 243.142028809, -16.9878406525, 42.4722862244, 96.5802307129, 73.0279464722, 195.897766113, 95.194442749, 76.477142334, 32.6652297974, 205.579269409, 33.5610237122, 68.5064620972], [218.507858276, -159.508071899, 109.667602539, 20.9939060211, -40.2751846313, 26.4041690826, -10.9433336258, 29.8915252686, -4.80576848984, 5.60651636124, 33.5610237122, 156.247528076, 27.1229476929], [-189.12361145, 147.766769409, -43.3887710571, 72.0619888306, 45.5965957642, 3.2755150795, 86.7995452881, 24.805847168, 70.54662323, 32.4242744446, 68.5064620972, 27.1229476929, 163.64604187]],
        "icov": [[0.000353276234819, -7.91582788224e-05, 0.00019164425612, -0.000452542240964, 0.000248560885666, -0.000319548125844, 0.000226580144954, -0.000499140587635, 0.000183504220331, -0.000412114459323, 0.000447986356448, -0.000587779155467, 0.000534892838914], [-7.91582788224e-05, 0.00228878273629, -0.00103485025465, 0.00175863143522, -0.00187271810137, 0.00186102569569, -0.00142884626985, 0.00139874103479, -0.00142209371552, 0.00139620271511, -0.00188988971058, 0.00233375234529, -0.00143580383155], [0.00019164425612, -0.00103485025465, 0.00291268504225, -0.00236056814902, 0.00125405285507, -0.00274376361631, 0.000976291834377, -0.000943768129218, 0.000160638970556, -0.00192438147496, 0.0019647506997, -0.00275340978988, 0.00224428647198], [-0.000452542240964, 0.00175863143522, -0.00236056814902, 0.00471892952919, -0.00262432964519, 0.00228042481467, -0.00155697914306, 0.00189179333393, -0.00115690019447, 0.00236550043337, -0.00195906311274, 0.00277398573235, -0.00319981621578], [0.000248560885666, -0.00187271810137, 0.00125405285507, -0.00262432964519, 0.0044894553721, -0.00235209893435, 0.000726720842067, -0.00186604529154, 0.000392866233597, -0.00151756906416, 0.00170773349237, -0.00143973657396, 0.00181501812767], [-0.000319548125844, 0.00186102569569, -0.00274376361631, 0.00228042481467, -0.00235209893435, 0.00703985011205, -0.00176850403659, 0.000717420189176, -0.00205804104917, 0.00210563838482, -0.00281473831274, 0.00258624181151, -0.00121799053159], [0.000226580144954, -0.00142884626985, 0.000976291834377, -0.00155697914306, 0.000726720842067, -0.00176850403659, 0.00408756081015, -0.00261572073214, 0.00153993570711, -0.00087184010772, -0.000539722619578, -0.000859656138346, 0.000435162917711], [-0.000499140587635, 0.00139874103479, -0.000943768129218, 0.00189179333393, -0.00186604529154, 0.000717420189176, -0.00261572073214, 0.00653895176947, -0.00213138200343, 0.00115392310545, -0.0017784339143, 0.000900581013411, -0.000735936220735], [0.000183504220331, -0.00142209371552, 0.000160638970556, -0.00115690019447, 0.000392866233597, -0.00205804104917, 0.00153993570711, -0.00213138200343, 0.0068104728125, -0.00324980681762, 0.000524471804965, -0.000318787322612, -0.000972538313363], [-0.000412114459323, 0.00139620271511, -0.00192438147496, 0.00236550043337, -0.00151756906416, 0.00210563838482, -0.00087184010772, 0.00115392310545, -0.00324980681762, 0.0090998923406, -0.00221671327017, 0.00249064108357, -0.00250755087472], [0.000447986356448, -0.00188988971058, 0.0019647506997, -0.00195906311274, 0.00170773349237, -0.00281473831274, -0.000539722619578, -0.0017784339143, 0.000524471804965, -0.00221671327017, 0.0103972405195, -0.00465629296377, 0.000376518262783], [-0.000587779155467, 0.00233375234529, -0.00275340978988, 0.00277398573235, -0.00143973657396, 0.00258624181151, -0.000859656138346, 0.000900581013411, -0.000318787322612, 0.00249064108357, -0.00465629296377, 0.0117938583717, -0.00443085562438], [0.000534892838914, -0.00143580383155, 0.00224428647198, -0.00319981621578, 0.00181501812767, -0.00121799053159, 0.000435162917711, -0.000735936220735, -0.000972538313363, -0.00250755087472, 0.000376518262783, -0.00443085562438, 0.0109217436984]]
    },
    "melbands": {
        "dmean": [0.00279059656896, 0.00145746569615, 0.000506797921844, 0.000488075776957, 0.000237614076468, 9.63551428868e-05, 5.53022873646e-05, 0.000107879030111, 0.000268722156761, 0.000144496574649, 6.92379835527e-05, 0.000108664396976, 8.47316259751e-05, 8.62295710249e-05, 8.16550600575e-05, 4.41001575382e-05, 4.27785598731e-05, 2.9892398743e-05, 3.36658122251e-05, 2.74398280453e-05, 2.23890347115e-05, 2.98852501146e-05, 2.52230929618e-05, 2.32740439969e-05, 2.33589853451e-05, 2.03181134566e-05, 1.40865004141e-05, 1.1911422007e-05, 9.84921098279e-06, 7.29637895347e-06, 5.5207724472e-06, 5.98461747359e-06, 5.83593464398e-06, 6.42243276161e-06, 4.80442122353e-06, 4.41539805252e-06, 4.2897104322e-06, 2.95559266306e-06, 1.88052388239e-06, 1.34487470405e-06],
        "dmean2": [0.00426297960803, 0.0023241173476, 0.000841374276206, 0.000758795649745, 0.000406440201914, 0.000156914102263, 9.06050408958e-05, 0.00017824274255, 0.000444921577582, 0.000232885780861, 0.000103060861875, 0.000163084056112, 0.000128626459627, 0.000147189304698, 0.000134230780532, 7.50673061702e-05, 6.9417663326e-05, 4.95522472193e-05, 5.56590639462e-05, 4.70486120321e-05, 3.81941390515e-05, 5.29108656337e-05, 4.29965693911e-05, 3.96241193812e-05, 3.81090394512e-05, 3.33993120876e-05, 2.20133097173e-05, 1.97107347049e-05, 1.60146446433e-05, 1.18444058899e-05, 9.01837665879e-06, 9.73709938989e-06, 9.20795173442e-06, 1.05237249954e-05, 7.29457860871e-06, 7.09521646058e-06, 6.93440051691e-06, 4.59095963379e-06, 3.00095734929e-06, 2.10716393667e-06],
        "dvar": [2.73141104117e-05, 1.21467346617e-05, 1.2060033896e-06, 2.28930775847e-06, 4.04770531759e-07, 3.36085683728e-08, 1.95880431875e-08, 6.14704518398e-08, 3.26533211137e-07, 1.12426924659e-07, 2.39781385858e-08, 5.92048401415e-08, 4.41669278928e-08, 5.75286982496e-08, 4.84669939738e-08, 9.68714886085e-09, 1.34653452832e-08, 3.9074370406e-09, 4.31194369099e-09, 3.56695162296e-09, 2.3349897571e-09, 4.40370939714e-09, 3.09608472193e-09, 2.61672794544e-09, 1.70443659187e-09, 1.36292999109e-09, 5.69485902879e-10, 4.38647645984e-10, 3.03513353339e-10, 1.86448828599e-10, 1.50965906442e-10, 1.56661988937e-10, 1.2495385282e-10, 2.1940664563e-10, 8.2931536638e-11, 8.06120933894e-11, 9.92263909927e-11, 3.78524191158e-11, 1.39535891522e-11, 7.42218526223e-12],
        "dvar2": [5.53519857931e-05, 2.98790509987e-05, 3.18024831358e-06, 5.75240892431e-06, 1.12544432795e-06, 8.62394102796e-08, 4.80309729767e-08, 1.58282333018e-07, 8.38472942633e-07, 2.93836166065e-07, 5.6022891215e-08, 1.36154454822e-07, 1.03666032203e-07, 1.48880019424e-07, 1.20324514796e-07, 2.59191139662e-08, 3.42168426926e-08, 9.7743333427e-09, 1.03951416364e-08, 9.75700498174e-09, 6.4254948029e-09, 1.23659855689e-08, 7.72564856533e-09, 6.95140967011e-09, 4.31318314398e-09, 3.08982373021e-09, 1.23152732456e-09, 1.05769404346e-09, 7.28290261431e-10, 4.66128746712e-10, 4.03238054059e-10, 4.07402250824e-10, 3.06624448054e-10, 5.86024229143e-10, 1.93726007458e-10, 2.07263747831e-10, 2.58748772408e-10, 9.09722575049e-11, 3.48239735659e-11, 1.71038981589e-11],
        "max": [0.0462212562561, 0.0330907851458, 0.00788328703493, 0.0179852545261, 0.0058464598842, 0.00217116228305, 0.00189226400107, 0.00328149623238, 0.00557187059894, 0.00420249486342, 0.00177054980304, 0.00348459021188, 0.00431094877422, 0.00289077707566, 0.00358908763155, 0.00103465735447, 0.00230122637004, 0.000744669698179, 0.000888429291081, 0.000606902758591, 0.000569479248952, 0.000504921306856, 0.000604493834544, 0.00043870130321, 0.000327305024257, 0.000383535661967, 0.000357367127435, 0.000310145464027, 0.000169610430021, 0.000121152006614, 0.000127709863591, 0.000106540173874, 0.000148933540913, 0.000133204535814, 7.26281068637e-05, 7.39351889933e-05, 0.000105223749415, 6.53696552035e-05, 3.59014738933e-05, 2.64340687863e-05],
        "mean": [0.00636826409027, 0.00265706400387, 0.000534013379365, 0.000471863429993, 0.000262973102508, 0.000126238373923, 6.53828901704e-05, 0.000119767260912, 0.000348072790075, 0.000190659731743, 8.38310879772e-05, 0.000138730392791, 0.000108267391624, 8.74180113897e-05, 8.95605189726e-05, 4.71617968287e-05, 4.75450106023e-05, 3.43102074112e-05, 4.04614002036e-05, 2.58324962488e-05, 2.16234147956e-05, 2.50861830864e-05, 2.26166666835e-05, 2.15497839235e-05, 2.31763024203e-05, 2.41263569478e-05, 1.80419865501e-05, 1.34068541229e-05, 1.11275785457e-05, 7.59379463489e-06, 5.57400016987e-06, 6.19928141532e-06, 6.25606389804e-06, 6.18259400653e-06, 4.99462430525e-06, 4.36334403275e-06, 4.46204194304e-06, 3.10798236569e-06, 1.97225267584e-06, 1.37762106078e-06],
        "median": [0.00277219712734, 0.0016254207585, 8.98415310076e-05, 7.7594537288e-05, 0.000101080135209, 4.68237958557e-05, 1.59865066962e-05, 2.23328734137e-05, 8.85659610503e-05, 4.3087904487e-05, 2.0176934413e-05, 4.0284005081e-05, 3.1118564948e-05, 2.33653991017e-05, 2.57457922999e-05, 1.52733191499e-05, 1.48456265379e-05, 1.10852333819e-05, 8.50618289405e-06, 6.50301763017e-06, 6.61534249957e-06, 5.66663766222e-06, 4.3761597226e-06, 4.59502052763e-06, 5.56810482522e-06, 6.48456170893e-06, 5.18879687661e-06, 3.95213783122e-06, 3.39228381563e-06, 2.13499129131e-06, 1.35602545015e-06, 1.34051060741e-06, 9.86185796137e-07, 1.00723002561e-06, 7.08262518856e-07, 6.83732821471e-07, 7.68441736909e-07, 4.83198220991e-07, 3.4324165199e-07, 2.24190401354e-07],
        "min": [2.87227823748e-08, 8.38712423956e-08, 1.80300162356e-07, 1.84548881066e-07, 8.76245223935e-07, 8.06346065474e-08, 1.51943169158e-07, 1.11993479379e-07, 2.73121003147e-07, 2.02864924859e-07, 1.08570183954e-07, 1.09380039248e-07, 6.76943940903e-08, 2.11547515505e-07, 1.89475585444e-07, 7.374532629e-08, 6.10550543456e-08, 6.87817021117e-08, 7.68779528926e-08, 3.88930843087e-08, 6.55368381786e-08, 6.16572890522e-08, 4.21343244739e-08, 4.41079528457e-09, 1.56227191184e-08, 9.04658392642e-09, 1.6554649207e-08, 1.36914319881e-08, 8.86039686065e-09, 7.29072091588e-09, 1.39260047938e-09, 5.08191362256e-12, 7.12387204782e-10, 4.70103622696e-10, 5.6585722219e-11, 2.81136836033e-10, 1.87292875653e-10, 8.99989666125e-11, 5.95759162489e-12, 6.04597697861e-13],
