{
"highlevel": {
    "danceability": {
        "all": {
            "danceable": 0.985710144043,
            "not_danceable": 0.0142898382619
        },
        "probability": 0.985710144043,
        "value": "danceable"
    },
    "gender": {
        "all": {
            "female": 0.969251513481,
            "male": 0.0307485032827
        },
        "probability": 0.969251513481,
        "value": "female"
    },
    "genre_dortmund": {
        "all": {
            "alternative": 0.000992327812128,
            "blues": 0.0164310727268,
            "electronic": 0.0295406244695,
            "folkcountry": 0.00115955946967,
            "funksoulrnb": 0.00318993721157,
            "jazz": 0.023346690461,
            "pop": 0.00255719921552,
            "raphiphop": 0.920827925205,
            "rock": 0.00195467215963
        },
        "probability": 0.920827925205,
        "value": "raphiphop"
    },
    "genre_electronic": {
        "all": {
            "ambient": 0.200622022152,
            "dnb": 0.0788051187992,
            "house": 0.648284494877,
            "techno": 0.0380978956819,
            "trance": 0.0341904945672
        },
        "probability": 0.648284494877,
        "value": "house"
    },
    "genre_rosamerica": {
        "all": {
            "cla": 0.0437451377511,
            "dan": 0.0100522972643,
            "hip": 0.46038916707,
            "jaz": 0.0715690255165,
            "pop": 0.0171120800078,
            "rhy": 0.355167299509,
            "roc": 0.0059327557683,
            "spe": 0.0360322296619
        },
        "probability": 0.46038916707,
        "value": "hip"
    },
    "genre_tzanetakis": {
        "all": {
            "blu": 0.000539829779882,
            "cla": 0.000337625388056,
            "cou": 0.000919219397474,
            "dis": 0.00124291458633,
            "hip": 0.952437162399,
            "jaz": 0.0363309085369,
            "met": 0.000459510774817,
            "pop": 0.00299093313515,
            "reg": 0.00192443246488,
            "roc": 0.0028174505569
        },
        "probability": 0.952437162399,
        "value": "hip"
    },
    "ismir04_rhythm": {
        "all": {
            "ChaChaCha": 0.131710737944,
            "Jive": 0.0830508619547,
            "Quickstep": 0.192175105214,
            "Rumba-American": 0.0135404532775,
            "Rumba-International": 0.219871386886,
            "Rumba-Misc": 0.0243077911437,
            "Samba": 0.294009387493,
            "Tango": 0.00865953508765,
            "VienneseWaltz": 0.0187517013401,
            "Waltz": 0.013923031278
        },
        "probability": 0.294009387493,
        "value": "Samba"
    },
    "mood_acoustic": {
        "all": {
            "acoustic": 0.0628312379122,
            "not_acoustic": 0.937168776989
        },
        "probability": 0.937168776989,
        "value": "not_acoustic"
    },
    "mood_aggressive": {
        "all": {
            "aggressive": 0.0338858552277,
            "not_aggressive": 0.966114163399
        },
        "probability": 0.966114163399,
        "value": "not_aggressive"
    },
    "mood_electronic": {
        "all": {
            "electronic": 0.90897154808,
            "not_electronic": 0.0910284593701
        },
        "probability": 0.90897154808,
        "value": "electronic"
    },
    "mood_happy": {
        "all": {
            "happy": 0.00433978298679,
            "not_happy": 0.995660245419
        },
        "probability": 0.995660245419,
        "value": "not_happy"
    },
    "mood_party": {
        "all": {
            "not_party": 0.292370975018,
            "party": 0.707629024982
        },
        "probability": 0.707629024982,
        "value": "party"
    },
    "mood_relaxed": {
        "all": {
            "not_relaxed": 0.0889498069882,
            "relaxed": 0.911050200462
        },
        "probability": 0.911050200462,
        "value": "relaxed"
    },
    "mood_sad": {
        "all": {
            "not_sad": 0.819258153439,
            "sad": 0.180741861463
        },
        "probability": 0.819258153439,
        "value": "not_sad"
    },
    "moods_mirex": {
        "all": {
            "Cluster1": 0.334407478571,
            "Cluster2": 0.298749476671,
            "Cluster3": 0.148352906108,
            "Cluster4": 0.101158797741,
            "Cluster5": 0.11733134836
        },
        "probability": 0.334407478571,
        "value": "Cluster1"
    },
    "timbre": {
        "all": {
            "bright": 0.0955955535173,
            "dark": 0.904404461384
        },
        "probability": 0.904404461384,
        "value": "dark"
    },
    "tonal_atonal": {
        "all": {
            "atonal": 0.337031245232,
            "tonal": 0.662968754768
        },
        "probability": 0.662968754768,
        "value": "tonal"
    },
    "voice_instrumental": {
        "all": {
            "instrumental": 0.959394156933,
            "voice": 0.0406058132648
        },
        "probability": 0.959394156933,
        "value": "instrumental"
    }
},
"lowlevel": {
    "average_loudness": 0.977906405926,
    "barkbands_crest": {
        "dmean": 3.45772027969,
        "dmean2": 5.47800397873,
        "dvar": 11.6606388092,
        "dvar2": 28.6224975586,
        "max": 26.6426677704,
        "mean": 15.1109199524,
        "median": 14.7812261581,
        "min": 2.28325438499,
        "var": 28.9943618774
    },
    "barkbands_flatness_db": {
        "dmean": 0.044496294111,
        "dmean2": 0.0667576417327,
        "dvar": 0.00212882575579,
        "dvar2": 0.00446847267449,
        "max": 0.55900901556,
        "mean": 0.252783685923,
        "median": 0.251475691795,
        "min": 0.0533773414791,
        "var": 0.00835371389985
    },
    "barkbands_kurtosis": {
        "dmean": 28.6453227997,
        "dmean2": 45.8203926086,
        "dvar": 7095.02099609,
        "dvar2": 17515.640625,
        "max": 1106.01806641,
        "mean": 38.3916816711,
        "median": 6.10716342926,
        "min": -1.81713962555,
        "var": 10691.4804688
    },
    "barkbands_skewness": {
        "dmean": 1.5678498745,
        "dmean2": 2.36504507065,
        "dvar": 6.46498823166,
        "dvar2": 14.6522798538,
        "max": 30.974615097,
        "mean": 3.53491258621,
        "median": 2.281021595,
        "min": -1.76168656349,
        "var": 16.122089386
    },
    "barkbands_spread": {
        "dmean": 6.26025104523,
        "dmean2": 9.3736114502,
        "dvar": 78.8709182739,
        "dvar2": 173.180038452,
        "max": 83.1838912964,
        "mean": 14.4527006149,
        "median": 9.9553155899,
        "min": 0.152026340365,
        "var": 195.797119141
    },
    "dissonance": {
        "dmean": 0.0244030486792,
        "dmean2": 0.0398140437901,
        "dvar": 0.00065829558298,
        "dvar2": 0.00181398657151,
        "max": 0.499982953072,
        "mean": 0.450265556574,
        "median": 0.460640579462,
        "min": 0.27392500639,
        "var": 0.00156807771418
    },
    "dynamic_complexity": 3.96683645248,
    "erbbands_crest": {
        "dmean": 3.36893081665,
        "dmean2": 5.1869392395,
        "dvar": 13.1492147446,
        "dvar2": 31.6201534271,
        "max": 28.7095661163,
        "mean": 12.5006875992,
        "median": 11.5078439713,
        "min": 2.89238643646,
        "var": 39.7596740723
    },
    "erbbands_flatness_db": {
        "dmean": 0.0245675854385,
        "dmean2": 0.0356920473278,
        "dvar": 0.000591955787968,
        "dvar2": 0.00130094587803,
        "max": 0.359978079796,
        "mean": 0.198358848691,
        "median": 0.193504109979,
        "min": 0.108494497836,
        "var": 0.00263338512741
    },
    "erbbands_kurtosis": {
        "dmean": 2.09545731544,
        "dmean2": 3.31776666641,
        "dvar": 15.6802139282,
        "dvar2": 40.6393737793,
        "max": 72.4830169678,
        "mean": 2.11331605911,
        "median": 0.840000629425,
        "min": -1.85942006111,
        "var": 20.7602119446
    },
    "erbbands_skewness": {
        "dmean": 0.577191352844,
        "dmean2": 0.84389591217,
        "dvar": 0.46823990345,
        "dvar2": 1.0700660944,
        "max": 8.18193244934,
        "mean": 0.47906512022,
        "median": 0.430249273777,
        "min": -3.90982627869,
        "var": 1.54759979248
    },
    "erbbands_spread": {
        "dmean": 13.4458475113,
        "dmean2": 20.3294372559,
        "dvar": 250.641586304,
        "dvar2": 574.128479004,
        "max": 149.716949463,
        "mean": 41.5736618042,
        "median": 34.1467514038,
        "min": 3.49883627892,
        "var": 805.489013672
    },
    "hfc": {
        "dmean": 7.77274608612,
        "dmean2": 10.4889650345,
        "dvar": 366.272216797,
        "dvar2": 668.520019531,
        "max": 170.841156006,
        "mean": 11.696600914,
        "median": 4.60602903366,
        "min": 0.0479213744402,
        "var": 586.556091309
    },
    "melbands_crest": {
        "dmean": 3.71529912949,
        "dmean2": 5.89333200455,
        "dvar": 15.180981636,
        "dvar2": 36.898311615,
        "max": 36.4385986328,
        "mean": 20.2993469238,
        "median": 20.6947669983,
        "min": 3.20897889137,
        "var": 43.3126068115
    },
    "melbands_flatness_db": {
        "dmean": 0.0518980659544,
        "dmean2": 0.0752597898245,
        "dvar": 0.00305431941524,
        "dvar2": 0.00599046051502,
        "max": 0.65340077877,
        "mean": 0.309793412685,
        "median": 0.311992198229,
        "min": 0.0519135221839,
        "var": 0.0136659964919
    },
    "melbands_kurtosis": {
        "dmean": 47.6006317139,
        "dmean2": 76.7962265015,
        "dvar": 13261.5605469,
        "dvar2": 33297.2421875,
        "max": 1783.82922363,
        "mean": 73.5255126953,
        "median": 15.7520713806,
        "min": -1.58177006245,
        "var": 20528.09375
    },
    "melbands_skewness": {
        "dmean": 1.8371733427,
        "dmean2": 2.83638191223,
        "dvar": 6.91046380997,
        "dvar2": 16.355009079,
        "max": 33.7612495422,
        "mean": 4.90264177322,
        "median": 3.40866827965,
        "min": -1.36860477924,
        "var": 19.3362827301
    },
    "melbands_spread": {
        "dmean": 6.88682079315,
        "dmean2": 10.745136261,
        "dvar": 133.098876953,
        "dvar2": 297.896636963,
        "max": 137.840835571,
        "mean": 14.2494535446,
        "median": 8.38379955292,
        "min": 0.182337611914,
        "var": 288.583496094
    },
    "pitch_salience": {
        "dmean": 0.102491728961,
        "dmean2": 0.167527377605,
        "dvar": 0.0146506987512,
        "dvar2": 0.0378135107458,
        "max": 0.888338506222,
        "mean": 0.377803564072,
        "median": 0.374828517437,
        "min": 0.038482837379,
        "var": 0.0333911255002
    },
    "silence_rate_20dB": {
        "dmean": 0,
        "dmean2": 0,
        "dvar": 0,
        "dvar2": 0,
        "max": 1,
        "mean": 1,
        "median": 1,
        "min": 1,
        "var": 0
    },
    "silence_rate_30dB": {
        "dmean": 0.0541795678437,
        "dmean2": 0.108443066478,
        "dvar": 0.0512450002134,
        "dvar2": 0.109076671302,
        "max": 1,
        "mean": 0.950502693653,
        "median": 1,
        "min": 0,
        "var": 0.0470466054976
    },
    "silence_rate_60dB": {
        "dmean": 0.0503095984459,
        "dmean2": 0.0999225378036,
        "dvar": 0.047779224813,
        "dvar2": 0.102332010865,
        "max": 1,
        "mean": 0.108275331557,
        "median": 0,
        "min": 0,
        "var": 0.0965525135398
    },
    "spectral_centroid": {
        "dmean": 337.184967041,
        "dmean2": 504.688323975,
        "dvar": 198447.875,
        "dvar2": 403708.90625,
        "max": 3736.18774414,
        "mean": 1122.16845703,
        "median": 854.959838867,
        "min": 111.679199219,
        "var": 632675.5
    },
    "spectral_complexity": {
        "dmean": 3.49071216583,
        "dmean2": 5.0937256813,
        "dvar": 47.0562515259,
        "dvar2": 68.4065628052,
        "max": 63,
        "mean": 9.50502681732,
        "median": 7,
        "min": 0,
        "var": 128.602554321
    },
    "spectral_decrease": {
        "dmean": 5.43017808496e-09,
        "dmean2": 8.51883630304e-09,
        "dvar": 1.33685132187e-16,
        "dvar2": 3.3480925416e-16,
        "max": -2.37951724297e-11,
        "mean": -7.96992960517e-09,
        "median": -4.55081305972e-09,
        "min": -9.10695234779e-08,
        "var": 1.3300082221e-16
    },
    "spectral_energy": {
        "dmean": 0.0210877992213,
        "dmean2": 0.0329382605851,
        "dvar": 0.00197223760188,
        "dvar2": 0.00492477649823,
        "max": 0.346396446228,
        "mean": 0.031141243875,
        "median": 0.0181503277272,
        "min": 9.41550897551e-05,
        "var": 0.00197661644779
    },
    "spectral_energyband_high": {
        "dmean": 0.000510878802743,
        "dmean2": 0.000665066414513,
        "dvar": 2.0893794499e-06,
        "dvar2": 3.39314533448e-06,
        "max": 0.0135529050604,
        "mean": 0.000585399509873,
        "median": 4.66693672934e-05,
        "min": 2.19625599129e-06,
        "var": 3.56411283065e-06
    },
    "spectral_energyband_low": {
        "dmean": 0.0165497809649,
        "dmean2": 0.0263228714466,
        "dvar": 0.00183540768921,
        "dvar2": 0.00473597971722,
        "max": 0.340585947037,
        "mean": 0.0217663906515,
        "median": 0.00964188482612,
        "min": 1.03407933238e-06,
        "var": 0.00169516878668
    },
    "spectral_energyband_middle_high": {
        "dmean": 0.00203249673359,
        "dmean2": 0.00295742321759,
        "dvar": 3.18856000376e-05,
        "dvar2": 7.07111175871e-05,
        "max": 0.0451382249594,
        "mean": 0.00279957032762,
        "median": 0.000401726894779,
        "min": 4.50313427791e-06,
        "var": 4.35199435742e-05
    },
    "spectral_energyband_middle_low": {
        "dmean": 0.00531456014141,
        "dmean2": 0.00919419620186,
        "dvar": 0.000215872147237,
        "dvar2": 0.00059280282585,
        "max": 0.118076659739,
        "mean": 0.00644424604252,
        "median": 0.00232865125872,
        "min": 7.19165836927e-06,
        "var": 0.000171967796632
    },
    "spectral_entropy": {
        "dmean": 0.295891672373,
        "dmean2": 0.423774182796,
        "dvar": 0.0943296849728,
        "dvar2": 0.215353518724,
        "max": 8.32319736481,
        "mean": 7.2205696106,
        "median": 7.24764251709,
        "min": 4.95908021927,
        "var": 0.383402466774
    },
    "spectral_flux": {
        "dmean": 0.0455068610609,
        "dmean2": 0.067764043808,
        "dvar": 0.00403534667566,
        "dvar2": 0.00745946774259,
        "max": 0.50646841526,
        "mean": 0.0847444534302,
        "median": 0.0488550029695,
        "min": 0.0040040416643,
        "var": 0.00853230245411
    },
    "spectral_kurtosis": {
        "dmean": 3.0175485611,
        "dmean2": 4.99526071548,
        "dvar": 12.6168994904,
        "dvar2": 33.0863800049,
        "max": 31.9239807129,
        "mean": 4.65425920486,
        "median": 2.67493915558,
        "min": -0.605829000473,
        "var": 26.2828292847
    },
    "spectral_rms": {
        "dmean": 0.00146543420851,
        "dmean2": 0.00211175018921,
        "dvar": 4.75374463349e-06,
        "dvar2": 1.04142563941e-05,
        "max": 0.0183833558112,
        "mean": 0.00466589070857,
        "median": 0.00420804414898,
        "min": 0.000303081877064,
        "var": 8.61115495354e-06
    },
    "spectral_rolloff": {
        "dmean": 407.130432129,
        "dmean2": 663.75970459,
        "dvar": 639899.6875,
        "dvar2": 1280507.625,
        "max": 6524.56054688,
        "mean": 812.900695801,
        "median": 387.59765625,
        "min": 64.599609375,
        "var": 1266685.875
    },
    "spectral_skewness": {
        "dmean": 0.417887598276,
        "dmean2": 0.626284003258,
        "dvar": 0.150589153171,
        "dvar2": 0.349623143673,
        "max": 4.31307649612,
        "mean": 1.37745320797,
        "median": 1.24004912376,
        "min": 0.00949045270681,
        "var": 0.622919738293
    },
    "spectral_spread": {
        "dmean": 532576.9375,
        "dmean2": 822316.3125,
        "dvar": 376334450688,
        "dvar2": 755468009472,
        "max": 14163596,
        "mean": 3785926.5,
        "median": 3859280,
        "min": 1351430,
        "var": 978940919808
    },
    "spectral_strongpeak": {
        "dmean": 0.315478116274,
        "dmean2": 0.523440182209,
        "dvar": 0.40982323885,
        "dvar2": 0.867856383324,
        "max": 8.2447347641,
        "mean": 0.618698060513,
        "median": 0.421061247587,
        "min": 0.00822431221604,
        "var": 0.595947623253
    },
    "zerocrossingrate": {
        "dmean": 0.0099511872977,
        "dmean2": 0.010766771622,
        "dvar": 0.000151554850163,
        "dvar2": 0.000161647752975,
        "max": 0.1904296875,
        "mean": 0.033052071929,
        "median": 0.0244140625,
        "min": 0.00146484375,
        "var": 0.000814608414657
    },
    "barkbands": {
        "dmean": [0.000357480457751, 0.0138157941401, 0.00360847590491, 0.00135459587909, 0.00287954183295, 0.000741654250305, 0.000381310208468, 0.000285804824671, 0.000322722975397, 0.000317326048389, 0.000487623998197, 0.000273901270702, 0.00022931987769, 0.000153793022037, 0.000101409612398, 0.000159823393915, 0.000220351386815, 0.000133237204864, 0.000181672978215, 0.000205529897357, 0.000189551050426, 0.000141733748023, 7.14961643098e-05, 2.79568939732e-05, 5.49888864043e-06, 1.07197536181e-06, 1.36072486612e-08],
        "dmean2": [0.000479187874589, 0.02219356969, 0.00640193372965, 0.00245232298039, 0.00524759851396, 0.00116846675519, 0.000595892895944, 0.000454298744444, 0.000527507916559, 0.00050682737492, 0.000784678733908, 0.000419060903369, 0.000334107578965, 0.000265215989202, 0.000162414857186, 0.000267455528956, 0.000378638244001, 0.000198140725843, 0.000249855977017, 0.000292614015052, 0.000258194282651, 0.00019897443417, 9.57698357524e-05, 4.13379348174e-05, 8.06309890322e-06, 1.83380893759e-06, 2.51144953722e-08],
        "dvar": [6.48208015264e-07, 0.0012682012748, 0.000114308575576, 1.61600637512e-05, 0.000128533458337, 2.7358164516e-06, 9.31890497213e-07, 9.30971793878e-07, 1.00275701698e-06, 3.31264368469e-06, 2.40394115281e-06, 1.73196519881e-06, 2.09983613786e-06, 3.17085209645e-07, 1.06285959589e-07, 3.54715723461e-07, 8.14741667909e-07, 2.29130492357e-07, 3.52156263261e-07, 4.23955356155e-07, 3.20607199455e-07, 1.99643224619e-07, 3.71713824165e-08, 7.33811811315e-09, 2.79062051245e-10, 1.26066102002e-11, 7.58881127291e-15],
        "dvar2": [1.19435253509e-06, 0.00326778576709, 0.000322179635987, 4.51499690826e-05, 0.000364459789125, 6.97855875842e-06, 2.22506241698e-06, 2.24666041504e-06, 2.68690087069e-06, 6.64552771923e-06, 5.68531959289e-06, 3.55489964932e-06, 4.81610732095e-06, 9.09249649794e-07, 2.53092991898e-07, 9.31793465497e-07, 2.16930288843e-06, 4.9781749567e-07, 5.92149604017e-07, 8.1252238715e-07, 6.17672242242e-07, 3.42099554018e-07, 6.59461605323e-08, 1.57699737713e-08, 5.4623477963e-10, 3.30301723472e-11, 2.13874531692e-14],
        "max": [0.00960919074714, 0.285202562809, 0.080555036664, 0.0351752564311, 0.096229724586, 0.0207780003548, 0.011178670451, 0.0130701456219, 0.0154606513679, 0.0360265001655, 0.0116883767769, 0.0253483187407, 0.0271874032915, 0.00674217753112, 0.00290030706674, 0.00522007280961, 0.00885746534914, 0.00502700917423, 0.00609537865967, 0.00650160573423, 0.00591546436772, 0.00403700489551, 0.00216585886665, 0.000852633558679, 0.000152103151777, 4.56446905446e-05, 1.58834495778e-06],
        "mean": [0.000605363107752, 0.0170159023255, 0.00372007326223, 0.000899081816897, 0.00205237139016, 0.00167296489235, 0.000679669668898, 0.000584238674492, 0.000519131077453, 0.000447728991276, 0.000614571792539, 0.000329746253556, 0.000271181052085, 0.000162123644259, 0.000123708843603, 0.000164542812854, 0.000221902679186, 0.000150461433805, 0.000213520106627, 0.000213069943129, 0.000200276495889, 0.000157660455443, 8.21499197627e-05, 3.35759359587e-05, 5.40883547728e-06, 8.65989363774e-07, 8.38709901529e-09],
        "median": [2.98325321637e-05, 0.00664001982659, 0.000786259304732, 3.59149307769e-05, 0.000152802909724, 0.000286412221612, 8.51249715197e-05, 4.72369902127e-05, 0.000173668639036, 2.81196134893e-05, 6.01619331064e-06, 3.9145899791e-05, 2.25975072681e-05, 1.64241464518e-05, 1.59402352438e-05, 2.68784970103e-05, 1.5565292415e-05, 1.65612073033e-05, 1.8064838514e-05, 1.80697388714e-05, 1.49717398017e-05, 1.02566727946e-05, 6.15011003902e-06, 3.46586693922e-06, 3.14870646889e-07, 2.14347224414e-08, 3.69384106635e-10],
        "min": [4.70332111036e-08, 7.22651975593e-07, 5.94947593413e-08, 3.03532949886e-08, 1.76346599545e-08, 3.38735048899e-07, 2.54610085904e-07, 1.48520911125e-08, 2.10233395137e-07, 7.34263494451e-08, 1.83028276979e-08, 1.01122367369e-07, 1.0702709119e-07, 1.12788129059e-07, 3.61393858839e-07, 3.40003850852e-07, 1.8055278872e-07, 3.59710355724e-07, 4.18713511863e-07, 7.75896467076e-07, 4.56859595488e-07, 2.18515609163e-07, 1.50307727154e-07, 8.23352479529e-08, 1.13341731833e-11, 9.00375607404e-12, 9.9936014325e-12],
        "var": [1.75878210484e-06, 0.00114756426774, 7.86200180301e-05, 1.01786872619e-05, 8.0464174971e-05, 1.02863250504e-05, 2.88837918561e-06, 2.20397259909e-06, 1.06534071165e-06, 5.15427927894e-06, 3.71294459001e-06, 2.28744033848e-06, 2.86832278107e-06, 2.45583748892e-07, 1.30806995458e-07, 2.90562184091e-07, 7.65439665429e-07, 2.86171200514e-07, 5.55906638056e-07, 5.73632689793e-07, 4.547675303e-07, 2.98370366636e-07, 6.16683877297e-08, 1.04469783935e-08, 3.59354490609e-10, 1.01162142899e-11, 4.44878009282e-15]
    },
    "erbbands": {
        "dmean": [0.363060295582, 3.33879494667, 5.45665502548, 3.68037724495, 8.75853919983, 9.42147254944, 3.36988592148, 7.88536262512, 6.56297016144, 5.06414461136, 6.07367372513, 8.05998420715, 5.62788772583, 19.2393493652, 13.9762830734, 8.85886287689, 10.9381465912, 7.30339193344, 6.51272106171, 6.97664785385, 9.08253955841, 11.6447200775, 7.85949993134, 8.96487045288, 9.57858085632, 9.13070487976, 8.93270301819, 5.96897506714, 4.76772880554, 3.7681787014, 1.90072643757, 0.904753625393, 0.326816797256, 0.093046747148, 0.0236516818404, 0.00808233208954, 0.00109222950414, 9.66535735643e-05, 1.40689799082e-05, 2.40937570197e-05],
        "dmean2": [0.561171472073, 5.57578277588, 9.64482116699, 6.44962215424, 16.2468929291, 16.9005832672, 5.80314731598, 12.2311820984, 10.4052095413, 8.3436384201, 9.7459526062, 13.2430152893, 8.59309005737, 32.3103485107, 21.9319229126, 13.6893339157, 15.7835044861, 11.2034673691, 11.8072404861, 11.0423908234, 14.5811977386, 19.3271827698, 11.7239341736, 12.7608108521, 13.2318544388, 12.8309116364, 12.333117485, 7.97868585587, 6.82031106949, 5.19139623642, 2.64801192284, 1.36700439453, 0.455152362585, 0.133345097303, 0.0359078422189, 0.0137621797621, 0.00179244973697, 0.000166846177308, 2.1655274395e-05, 3.72383983631e-05],
        "dvar": [0.766790211201, 85.4434890747, 270.965057373, 107.417785645, 958.993103027, 1462.19799805, 56.0749015808, 350.252960205, 258.686859131, 260.629821777, 332.266357422, 756.282958984, 210.546005249, 6748.51611328, 1889.6472168, 1078.34851074, 5206.14257812, 499.501464844, 600.043334961, 573.950866699, 1034.36352539, 2162.32275391, 793.825012207, 919.259887695, 1017.23614502, 827.7734375, 769.079101562, 275.681060791, 230.107437134, 141.717910767, 24.6343822479, 6.79816055298, 0.993757128716, 0.0814354717731, 0.00453342217952, 0.000725456804503, 9.1783103926e-06, 8.12494533875e-08, 1.00285235671e-09, 2.45932629817e-09],
        "dvar2": [1.83724498749, 232.576126099, 775.670837402, 294.027984619, 2723.19628906, 4123.54882812, 149.928405762, 899.764404297, 625.900634766, 638.718383789, 823.998657227, 2028.50793457, 454.046386719, 15514.7246094, 4220.53076172, 2254.64526367, 11752.0361328, 1259.18237305, 1774.27319336, 1381.48999023, 2600.06689453, 5535.4453125, 1765.35803223, 1810.89099121, 1668.46923828, 1479.32128906, 1550.08508301, 481.814086914, 368.533721924, 284.113464355, 41.3183288574, 15.3148765564, 1.74227523804, 0.150182411075, 0.0099786510691, 0.0018778295489, 2.19493922486e-05, 2.10843225545e-07, 2.47379516871e-09, 6.07348704662e-09],
        "max": [8.04850959778, 72.8402023315, 122.061073303, 97.1641311646, 242.67401123, 331.071472168, 55.6933517456, 253.12701416, 201.617828369, 226.467269897, 258.881774902, 422.104736328, 216.602020264, 1399.39880371, 617.763916016, 499.064544678, 1352.94104004, 247.924362183, 267.579956055, 215.357177734, 293.748535156, 472.267242432, 275.914642334, 323.915679932, 325.210327148, 281.415008545, 303.210662842, 176.125793457, 147.711776733, 135.600128174, 44.5820045471, 25.8940391541, 10.1099262238, 2.66596269608, 0.567110598087, 0.313937991858, 0.0357077270746, 0.00313950493, 0.000405181723181, 0.000374226656277],
        "mean": [0.448716074228, 3.83770680428, 5.95406246185, 2.95386242867, 5.7461938858, 7.05068397522, 4.8739938736, 18.9402599335, 12.7345075607, 9.31142711639, 12.3147268295, 12.3979301453, 10.2497797012, 22.5692424774, 23.4156112671, 11.2003517151, 13.2688694, 8.93467617035, 6.2049407959, 7.89947080612, 9.98075771332, 12.3831243515, 8.77287864685, 9.97595405579, 10.9923286438, 10.1507768631, 9.37880420685, 6.48601531982, 5.49842309952, 3.94301271439, 2.26186347008, 1.05832457542, 0.385140508413, 0.0943216532469, 0.0225541535765, 0.00676350528374, 0.000957826443482, 7.73271167418e-05, 1.90772061615e-05, 3.57587487088e-05],
        "median": [0.081763766706, 1.55285811424, 2.1193716526, 0.505007505417, 0.377498447895, 0.577454447746, 0.839004516602, 2.65794324875, 2.86447811127, 1.02380955219, 1.70579528809, 3.1988055706, 3.37740182877, 1.01023924351, 0.988537549973, 1.50025141239, 1.22223031521, 1.0756149292, 0.770406961441, 1.14087474346, 1.39382696152, 1.04482090473, 1.01906573772, 0.860256552696, 0.945407986641, 0.88477396965, 0.623811900616, 0.490256249905, 0.370030909777, 0.266049176455, 0.16483849287, 0.110919311643, 0.0296493805945, 0.00559353223071, 0.00143809046131, 0.000240503417444, 3.49670481228e-05, 3.41999702869e-06, 1.01071482277e-05, 2.0721103283e-05],
        "min": [2.62172634393e-05, 0.000128017010866, 0.000140284013469, 0.000123056161101, 0.000216004729737, 0.0014902537223, 0.00131778244395, 0.00332559761591, 0.00713958963752, 0.00188818620518, 0.00184835738037, 0.00475280219689, 0.00321307312697, 0.00176605721936, 0.00253403419629, 0.00474677234888, 0.0092264469713, 0.00610517570749, 0.0138249658048, 0.0249755810946, 0.0210150554776, 0.0141578251496, 0.0191835854203, 0.0201684255153, 0.0237534977496, 0.040860068053, 0.0197729635984, 0.0155696598813, 0.0103078261018, 0.00810019019991, 0.00365237123333, 0.00536957243457, 0.000733733410016, 5.50358636247e-05, 4.66242317998e-06, 5.40054941212e-07, 1.79933309141e-07, 4.158105682e-08, 7.06441980469e-08, 1.12737296831e-07],
        "var": [0.941101312637, 64.5159835815, 179.961349487, 73.2193908691, 575.138549805, 957.061889648, 74.8704605103, 1448.78967285, 642.466430664, 558.591430664, 770.822814941, 780.207946777, 427.281433105, 9006.82226562, 4696.94238281, 1487.08666992, 7289.78417969, 529.024536133, 469.550506592, 600.218200684, 996.055297852, 2214.02099609, 954.945678711, 1257.48120117, 1576.75366211, 1241.31420898, 1038.68103027, 436.683135986, 366.008483887, 182.606033325, 43.5380592346, 9.25594806671, 1.60158741474, 0.112214796245, 0.00521671678871, 0.000599549210165, 9.33384035307e-06, 6.49022240395e-08, 9.7814867317e-10, 2.52479903651e-09]
    },
    "gfcc": {
        "mean": [-96.8981399536, 130.149047852, -120.950744629, 64.9795913696, -56.9828109741, 18.6329956055, -13.5138788223, 2.15182042122, 3.98394989967, -7.2189040184, 4.79218912125, -7.48838329315, 2.17718076706],
        "cov": [[5832.24609375, -783.702087402, -665.848022461, -265.138122559, -689.059692383, -228.526947021, -468.182281494, -52.4484405518, -555.359863281, 62.1834793091, -252.585266113, 243.526168823, -112.125534058], [-783.702087402, 1856.94372559, 122.359336853, -693.885742188, 159.637664795, -188.725341797, 281.277069092, -250.20791626, 364.08026123, -342.752532959, 219.937744141, -208.163223267, 164.578445435], [-665.848022461, 122.359336853, 1092.64001465, 345.092559814, 336.157653809, 91.8519821167, 191.580505371, 130.870956421, 104.749031067, 96.0195617676, -31.8652610779, -52.7072486877, -12.9858474731], [-265.138122559, -693.885742188, 345.092559814, 724.85748291, 178.297302246, 146.061965942, 31.1728572845, 94.0930328369, -40.1630401611, 107.460502625, -57.0901641846, 6.25949144363, -56.3959655762], [-689.059692383, 159.637664795, 336.157653809, 178.297302246, 576.531921387, 165.865280151, 202.776855469, 72.7992782593, 133.118728638, -8.00278186798, 34.8409576416, -35.099861145, -6.44783306122], [-228.526947021, -188.725341797, 91.8519821167, 146.061965942, 165.865280151, 216.521911621, 126.761940002, 67.8671112061, -13.5523881912, 28.3843574524, 8.20113658905, 15.5203266144, -8.18257141113], [-468.182281494, 281.277069092, 191.580505371, 31.1728572845, 202.776855469, 126.761940002, 298.344970703, 18.017621994, 129.506393433, -64.1485137939, 65.1429901123, -36.7860984802, 22.5421657562], [-52.4484405518, -250.20791626, 130.870956421, 94.0930328369, 72.7992782593, 67.8671112061, 18.017621994, 190.790374756, 43.7699203491, 119.210540771, -20.9666881561, 22.1465091705, -25.6522750854], [-555.359863281, 364.08026123, 104.749031067, -40.1630401611, 133.118728638, -13.5523881912, 129.506393433, 43.7699203491, 295.692321777, 30.6897583008, 117.999465942, -84.5614242554, 3.90084195137], [62.1834793091, -342.752532959, 96.0195617676, 107.460502625, -8.00278186798, 28.3843574524, -64.1485137939, 119.210540771, 30.6897583008, 251.191513062, 27.0351161957, 63.0973587036, -66.8692474365], [-252.585266113, 219.937744141, -31.8652610779, -57.0901641846, 34.8409576416, 8.20113658905, 65.1429901123, -20.9666881561, 117.999465942, 27.0351161957, 164.207839966, 14.0568161011, 46.9971847534], [243.526168823, -208.163223267, -52.7072486877, 6.25949144363, -35.099861145, 15.5203266144, -36.7860984802, 22.1465091705, -84.5614242554, 63.0973587036, 14.0568161011, 142.929901123, 29.363910675], [-112.125534058, 164.578445435, -12.9858474731, -56.3959655762, -6.44783306122, -8.18257141113, 22.5421657562, -25.6522750854, 3.90084195137, -66.8692474365, 46.9971847534, 29.363910675, 130.955932617]],
        "icov": [[0.00025143584935, -5.32571248186e-05, 8.02217982709e-05, 1.07736987047e-05, 0.000130857442855, 0.000183793104952, -5.40688870387e-06, -0.000162885757163, 0.000356879492756, -1.57421418407e-05, 0.000110251981823, -0.000292999960948, 0.000289220421109], [-5.32571248186e-05, 0.00584101350978, -0.00207339390181, 0.00482674594969, -0.00155729148537, 0.00302279251628, -0.002053078264, 0.00397243723273, -0.00264597358182, 0.00311410287395, -0.00342454924248, 0.00361181469634, -0.00218141940422], [8.02217982709e-05, -0.00207339390181, 0.00246142712422, -0.00223173224367, -0.000214504034375, 0.000447074038675, -0.00107410515193, -0.00163957185578, 0.00180299091153, -0.00298496801406, 0.00218808557838, 2.57007786786e-06, -0.00052523118211], [1.07736987047e-05, 0.00482674594969, -0.00223173224367, 0.00603690836579, -0.00148419255856, 0.00124424987007, -0.00115962722339, 0.00346759636886, -0.00194751797244, 0.00203580898233, -0.00238838652149, 0.00308739766479, -0.00153235567268], [0.000130857442855, -0.00155729148537, -0.000214504034375, -0.00148419255856, 0.00375668564811, -0.00318137858994, 0.000933157920372, -0.00119461899158, -0.00126161880326, 0.000944755738601, 0.00104365579318, -0.00242504058406, 0.00168948352803], [0.000183793104952, 0.00302279251628, 0.000447074038675, 0.00124424987007, -0.00318137858994, 0.0143088819459, -0.00798820983618, -0.00154016306624, 0.0056170928292, -0.00166204222478, -0.00393723230809, 0.00489219930023, -0.00195054279175], [-5.40688870387e-06, -0.002053078264, -0.00107410515193, -0.00115962722339, 0.000933157920372, -0.00798820983618, 0.0112732928246, -0.00116932822857, -0.0046238466166, 0.00517546618357, -0.00036293125595, -0.00481738802046, 0.0033377839718], [-0.000162885757163, 0.00397243723273, -0.00163957185578, 0.00346759636886, -0.00119461899158, -0.00154016306624, -0.00116932822857, 0.0142158810049, -0.00623479252681, -0.00330341048539, 0.00405436428264, 0.000895505130757, -0.00412707636133], [0.000356879492756, -0.00264597358182, 0.00180299091153, -0.00194751797244, -0.00126161880326, 0.0056170928292, -0.0046238466166, -0.00623479252681, 0.0150108309463, -0.00536432582885, -0.00575088709593, 0.00692665949464, 0.000158889670274], [-1.57421418407e-05, 0.00311410287395, -0.00298496801406, 0.00203580898233, 0.000944755738601, -0.00166204222478, 0.00517546618357, -0.00330341048539, -0.00536432582885, 0.0164285544306, -0.00715591805056, -0.00562132289633, 0.00743546243757], [0.000110251981823, -0.00342454924248, 0.00218808557838, -0.00238838652149, 0.00104365579318, -0.00393723230809, -0.00036293125595, 0.00405436428264, -0.00575088709593, -0.00715591805056, 0.0181485824287, -0.00539785111323, -0.00453681219369], [-0.000292999960948, 0.00361181469634, 2.57007786786e-06, 0.00308739766479, -0.00242504058406, 0.00489219930023, -0.00481738802046, 0.000895505130757, 0.00692665949464, -0.00562132289633, -0.00539785111323, 0.0187927298248, -0.00762261403725], [0.000289220421109, -0.00218141940422, -0.00052523118211, -0.00153235567268, 0.00168948352803, -0.00195054279175, 0.0033377839718, -0.00412707636133, 0.000158889670274, 0.00743546243757, -0.00453681219369, -0.00762261403725, 0.0156209710985]]
    },
    "melbands": {
        "dmean": [0.00352233508602, 0.00347850169055, 0.000764836382587, 0.000749788072426, 0.000149883911945, 0.000167505873833, 9.25515851122e-05, 5.81987806072e-05, 4.84981756017e-05, 4.94991363666e-05, 2.73556943284e-05, 7.68081226852e-05, 5.64757574466e-05, 3.33737116307e-05, 2.535524618e-05, 1.87459172594e-05, 1.36723183459e-05, 1.17402478281e-05, 7.20647949493e-06, 1.14897702588e-05, 1.01778714452e-05, 1.37487522807e-05, 7.75866465119e-06, 6.44824967821e-06, 7.49389664634e-06, 6.74811099088e-06, 8.2583310359e-06, 5.43451460544e-06, 5.60477519684e-06, 4.93076458952e-06, 3.01550699078e-06, 2.68727490038e-06, 3.06672382067e-06, 1.73935518433e-06, 1.12627014914e-06, 8.13660676613e-07, 4.8065419378e-07, 2.47486241278e-07, 1.41704035173e-07, 5.68331870454e-08],
        "dmean2": [0.00548779778183, 0.00598640926182, 0.00135409203358, 0.001370791113, 0.000260396627709, 0.000261051492998, 0.000145187281305, 9.56665026024e-05, 7.835944416e-05, 8.04337978479e-05, 4.11830296798e-05, 0.000128754996695, 8.91968811629e-05, 4.86892313347e-05, 3.95642637159e-05, 2.69823576673e-05, 2.19216726691e-05, 2.1824193027e-05, 1.10954988486e-05, 1.95076663658e-05, 1.61086682056e-05, 2.35332972807e-05, 1.17466461234e-05, 9.61325531534e-06, 1.07897267299e-05, 9.45200736169e-06, 1.22443479995e-05, 7.76270098868e-06, 8.07048127172e-06, 6.85867189532e-06, 4.02455816584e-06, 3.9010974433e-06, 4.38466759078e-06, 2.42954502028e-06, 1.60100387347e-06, 1.17673891964e-06, 7.46495686599e-07, 3.57714156962e-07, 2.0136074852e-07, 8.25910078106e-08],
        "dvar": [7.40419563954e-05, 0.000104058119177, 3.97362282456e-06, 8.90995124792e-06, 1.55000293489e-07, 1.46686915059e-07, 4.90629084027e-08, 3.73791415598e-08, 2.00169782971e-08, 2.50336356089e-08, 5.52353851546e-09, 1.19237441254e-07, 2.87379737784e-08, 2.77624216949e-08, 1.87550490693e-08, 9.05780517257e-09, 2.15064899223e-09, 2.15906847956e-09, 4.97378749298e-10, 1.95911664669e-09, 1.22964605165e-09, 3.34348171371e-09, 7.48303641274e-10, 5.32404398346e-10, 6.41599939843e-10, 5.38395272809e-10, 8.5890133894e-10, 2.93149532427e-10, 3.1513272547e-10, 1.82927450965e-10, 7.74446409779e-11, 7.57954948805e-11, 9.72825639489e-11, 3.27606101969e-11, 9.48679589746e-12, 4.10903906387e-12, 2.35897586187e-12, 6.03310424622e-13, 1.97118160011e-13, 2.94283064443e-14],
        "dvar2": [0.000181647425052, 0.000294119323371, 1.07419773485e-05, 2.53583111771e-05, 4.21529136929e-07, 3.76605612473e-07, 1.15982153659e-07, 9.07097827962e-08, 4.99974319723e-08, 6.64253576588e-08, 1.17186678139e-08, 2.68075837084e-07, 6.23325320248e-08, 5.53278347581e-08, 4.44937420241e-08, 2.01057641647e-08, 5.69932101513e-09, 6.60668630914e-09, 1.10289977151e-09, 5.16650811022e-09, 2.97985414122e-09, 8.8469942483e-09, 1.660625637e-09, 1.12504294769e-09, 1.30203769988e-09, 9.21993537073e-10, 1.80733239485e-09, 5.18511122927e-10, 6.50298703775e-10, 3.31457056246e-10, 1.42321945895e-10, 1.27822863405e-10, 1.88623769382e-10, 7.11014996879e-11, 1.6721896437e-11, 8.56729617804e-12, 5.57450873656e-12, 1.04601863195e-12, 3.71282025307e-13, 5.81670264255e-14],
        "max": [0.06800878793, 0.0764430314302, 0.0160186048597, 0.0253432076424, 0.00299720535986, 0.00512788072228, 0.0025826592464, 0.00292110303417, 0.00181414419785, 0.00233573187143, 0.00117684982251, 0.00612255977467, 0.00180685671512, 0.00333363004029, 0.00250216783024, 0.00174358289223, 0.000531050085556, 0.000526727118995, 0.000196063425392, 0.000393722206354, 0.000333798670908, 0.00060319842305, 0.000309711263981, 0.000242368361796, 0.000267704279395, 0.000228030330618, 0.000300551822875, 0.000177629030077, 0.000184401113074, 0.000149168859934, 9.07937355805e-05, 8.73352037161e-05, 9.62609046837e-05, 7.19690724509e-05, 3.11054682243e-05, 1.87992427527e-05, 1.66225672729e-05, 7.99885310698e-06, 4.5247388698e-06, 1.73839021045e-06],
        "mean": [0.00441966205835, 0.00396747374907, 0.000597492791712, 0.000519020773936, 0.00018404678849, 0.00039269393892, 0.000177431094926, 0.000108880944026, 9.32492694119e-05, 7.72210332798e-05, 5.03822084283e-05, 9.04105254449e-05, 8.64641624503e-05, 4.52896638308e-05, 2.68074618361e-05, 2.39742221311e-05, 1.5552588593e-05, 9.91468732536e-06, 9.17272245715e-06, 1.12176376206e-05, 1.14901704364e-05, 1.3626472537e-05, 9.15701457416e-06, 7.27311589799e-06, 8.09252014733e-06, 8.20775221655e-06, 7.78921094025e-06, 6.37521179669e-06, 5.90032914261e-06, 5.13570694238e-06, 3.26386384586e-06, 3.1094436963e-06, 3.0642281672e-06, 1.82598751053e-06, 1.36179630772e-06, 8.80571974449e-07, 5.63818161936e-07, 2.91443114975e-07, 1.48467222516e-07, 5.26721208871e-08],
        "median": [0.00139281013981, 0.00180741108488, 9.46931468206e-05, 3.22088235407e-05, 2.66984498012e-05, 5.72593889956e-05, 4.10007742175e-05, 9.65724393609e-06, 1.09356278699e-05, 2.22043581743e-05, 1.4421349988e-05, 3.30519856107e-06, 2.03914123631e-06, 4.50349898529e-06, 2.07582547773e-06, 2.5976401048e-06, 1.72978059254e-06, 8.75456180438e-07, 1.24667371892e-06, 1.87839145838e-06, 1.18786647363e-06, 9.13428664262e-07, 8.17377554085e-07, 8.42843348892e-07, 5.85086070259e-07, 6.6118371933e-07, 6.36772824691e-07, 5.32653700702e-07, 3.72465223109e-07, 3.34334430363e-07, 2.63728992422e-07, 2.07215023806e-07, 1.79524121791e-07, 1.35429303327e-07, 1.01690993404e-07, 6.86620182933e-08, 6.33992982557e-08, 2.136453503e-08, 8.65936922168e-09, 2.41834863246e-09],
