{
"highlevel": {
    "danceability": {
        "all": {
            "danceable": 3.00000096379e-14,
            "not_danceable": 1
        },
        "probability": 1,
        "value": "not_danceable"
    },
    "gender": {
        "all": {
            "female": 0.622126698494,
            "male": 0.377873301506
        },
        "probability": 0.622126698494,
        "value": "female"
    },
    "genre_dortmund": {
        "all": {
            "alternative": 0.180091515183,
            "blues": 0.0095288855955,
            "electronic": 0.0106924762949,
            "folkcountry": 0.00830844417214,
            "funksoulrnb": 0.00330247613601,
            "jazz": 0.00226587848738,
            "pop": 0.0352544151247,
            "raphiphop": 0.00026554762735,
            "rock": 0.750290334225
        },
        "probability": 0.750290334225,
        "value": "rock"
    },
    "genre_electronic": {
        "all": {
            "ambient": 0.431599617004,
            "dnb": 0.525406658649,
            "house": 0.0035623961594,
            "techno": 0.00386108155362,
            "trance": 0.0355702452362
        },
        "probability": 0.525406658649,
        "value": "dnb"
    },
    "genre_rosamerica": {
        "all": {
            "cla": 0.0100512821227,
            "dan": 0.00119930878282,
            "hip": 0.000333773030434,
            "jaz": 0.000251112534897,
            "pop": 0.000936222088058,
            "rhy": 0.000534501392394,
            "roc": 0.986647546291,
            "spe": 4.62791758764e-05
        },
        "probability": 0.986647546291,
        "value": "roc"
    },
    "genre_tzanetakis": {
        "all": {
            "blu": 0.0626613423228,
            "cla": 0.0348169617355,
            "cou": 0.104475811124,
            "dis": 0.0784321576357,
            "hip": 0.15692435205,
            "jaz": 0.313974827528,
            "met": 0.0448166541755,
            "pop": 0.0627359300852,
            "reg": 0.0627360641956,
            "roc": 0.0784258767962
        },
        "probability": 0.313974827528,
        "value": "jaz"
    },
    "ismir04_rhythm": {
        "all": {
            "ChaChaCha": 0.00200897734612,
            "Jive": 0.873740673065,
            "Quickstep": 0.00257002608851,
            "Rumba-American": 0.000199172456632,
            "Rumba-International": 0.000732208485715,
            "Rumba-Misc": 0.000510204525199,
            "Samba": 0.00523344334215,
            "Tango": 0.00128265400417,
            "VienneseWaltz": 0.111254662275,
            "Waltz": 0.00246798899025
        },
        "probability": 0.873740673065,
        "value": "Jive"
    },
    "mood_acoustic": {
        "all": {
            "acoustic": 3.17673720662e-10,
            "not_acoustic": 1
        },
        "probability": 1,
        "value": "not_acoustic"
    },
    "mood_aggressive": {
        "all": {
            "aggressive": 0.999999880791,
            "not_aggressive": 1.00000008274e-07
        },
        "probability": 0.999999880791,
        "value": "aggressive"
    },
    "mood_electronic": {
        "all": {
            "electronic": 0.0119468448684,
            "not_electronic": 0.988053143024
        },
        "probability": 0.988053143024,
        "value": "not_electronic"
    },
    "mood_happy": {
        "all": {
            "happy": 0.818004369736,
            "not_happy": 0.181995645165
        },
        "probability": 0.818004369736,
        "value": "happy"
    },
    "mood_party": {
        "all": {
            "not_party": 0.546225786209,
            "party": 0.453774213791
        },
        "probability": 0.546225786209,
        "value": "not_party"
    },
    "mood_relaxed": {
        "all": {
            "not_relaxed": 0.756767809391,
            "relaxed": 0.243232175708
        },
        "probability": 0.756767809391,
        "value": "not_relaxed"
    },
    "mood_sad": {
        "all": {
            "not_sad": 0.963423848152,
            "sad": 0.0365761443973
        },
        "probability": 0.963423848152,
        "value": "not_sad"
    },
    "moods_mirex": {
        "all": {
            "Cluster1": 0.572232067585,
            "Cluster2": 0.025168903172,
            "Cluster3": 0.144694522023,
            "Cluster4": 0.0236864984035,
            "Cluster5": 0.234218001366
        },
        "probability": 0.572232067585,
        "value": "Cluster1"
    },
    "timbre": {
        "all": {
            "bright": 0.916715323925,
            "dark": 0.0832846909761
        },
        "probability": 0.916715323925,
        "value": "bright"
    },
    "tonal_atonal": {
        "all": {
            "atonal": 0.581577837467,
            "tonal": 0.418422192335
        },
        "probability": 0.581577837467,
        "value": "atonal"
    },
    "voice_instrumental": {
        "all": {
            "instrumental": 0.00658527202904,
            "voice": 0.993414700031
        },
        "probability": 0.993414700031,
        "value": "voice"
    }
},
"lowlevel": {
    "average_loudness": 0.985439419746,
    "barkbands_crest": {
        "dmean": 1.77228796482,
        "dmean2": 2.86036300659,
        "dvar": 2.78318572044,
        "dvar2": 7.45105600357,
        "max": 15.5889968872,
        "mean": 5.97904205322,
        "median": 5.43463611603,
        "min": 3.18512630463,
        "var": 4.37796497345
    },
    "barkbands_flatness_db": {
        "dmean": 0.0122272511944,
        "dmean2": 0.0190715137869,
        "dvar": 0.000100449447928,
        "dvar2": 0.000273320882116,
        "max": 0.153787001967,
        "mean": 0.100243106484,
        "median": 0.10015963763,
        "min": 0.0548718161881,
        "var": 0.00025385527988
    },
    "barkbands_kurtosis": {
        "dmean": 0.406906545162,
        "dmean2": 0.671755313873,
        "dvar": 0.186029881239,
        "dvar2": 0.472968399525,
        "max": 2.83276462555,
        "mean": -0.977634608746,
        "median": -1.17200624943,
        "min": -1.69894146919,
        "var": 0.399028807878
    },
    "barkbands_skewness": {
        "dmean": 0.295648574829,
        "dmean2": 0.474351704121,
        "dvar": 0.0699530616403,
        "dvar2": 0.165390118957,
        "max": 1.10807228088,
        "mean": -0.194429978728,
        "median": -0.263323962688,
        "min": -1.4915792942,
        "var": 0.223131582141
    },
    "barkbands_spread": {
        "dmean": 4.88334608078,
        "dmean2": 7.91996431351,
        "dvar": 14.5595836639,
        "dvar2": 36.5894050598,
        "max": 46.7444877625,
        "mean": 35.0811500549,
        "median": 36.1077766418,
        "min": 14.93034935,
        "var": 45.1457862854
    },
    "dissonance": {
        "dmean": 0.00755183212459,
        "dmean2": 0.0116420462728,
        "dvar": 0.000987577484921,
        "dvar2": 0.000974476861302,
        "max": 0.499639779329,
        "mean": 0.489180773497,
        "median": 0.49271863699,
        "min": 0,
        "var": 0.00105246319436
    },
    "dynamic_complexity": 0.570783853531,
    "erbbands_crest": {
        "dmean": 2.125477314,
        "dmean2": 3.39011263847,
        "dvar": 3.08223056793,
        "dvar2": 8.37386035919,
        "max": 17.4849777222,
        "mean": 8.9884185791,
        "median": 8.70494651794,
        "min": 3.45597743988,
        "var": 6.69583940506
    },
    "erbbands_flatness_db": {
        "dmean": 0.0135384472087,
        "dmean2": 0.0200355444103,
        "dvar": 0.000125403807033,
        "dvar2": 0.000253895588685,
        "max": 0.23876234889,
        "mean": 0.179986491799,
        "median": 0.180608391762,
        "min": 0.114071361721,
        "var": 0.000474785309052
    },
    "erbbands_kurtosis": {
        "dmean": 0.824514269829,
        "dmean2": 1.31468951702,
        "dvar": 0.479271918535,
        "dvar2": 1.31229734421,
        "max": 6.81987857819,
        "mean": 2.09040474892,
        "median": 2.03554129601,
        "min": -0.279433727264,
        "var": 1.28930020332
    },
    "erbbands_skewness": {
        "dmean": 0.212939292192,
        "dmean2": 0.343423753977,
        "dvar": 0.0293691121042,
        "dvar2": 0.0711006000638,
        "max": 0.226051449776,
        "mean": -0.768386662006,
        "median": -0.8099437356,
        "min": -1.58384788036,
        "var": 0.0926157906651
    },
    "erbbands_spread": {
        "dmean": 3.56064486504,
        "dmean2": 5.58721208572,
        "dvar": 11.7969999313,
        "dvar2": 29.8892536163,
        "max": 40.3582115173,
        "mean": 19.619556427,
        "median": 17.8377056122,
        "min": 8.51640796661,
        "var": 39.0630455017
    },
    "hfc": {
        "dmean": 7.26811361313,
        "dmean2": 11.2155590057,
        "dvar": 36.976688385,
        "dvar2": 81.8601608276,
        "max": 84.0453720093,
        "mean": 46.4476928711,
        "median": 46.3517112732,
        "min": 0.000294800207485,
        "var": 153.048797607
    },
    "melbands_crest": {
        "dmean": 3.03070306778,
        "dmean2": 4.9334397316,
        "dvar": 7.34076404572,
        "dvar2": 18.5728797913,
        "max": 23.3249950409,
        "mean": 10.1673564911,
        "median": 9.25086593628,
        "min": 3.30463385582,
        "var": 16.0260715485
    },
    "melbands_flatness_db": {
        "dmean": 0.0158730186522,
        "dmean2": 0.0252826083452,
        "dvar": 0.000196074935957,
        "dvar2": 0.00043920672033,
        "max": 0.208525419235,
        "mean": 0.121600545943,
        "median": 0.120123758912,
        "min": 0.0704961791635,
        "var": 0.000618906517047
    },
    "melbands_kurtosis": {
        "dmean": 0.795036196709,
        "dmean2": 1.2754997015,
        "dvar": 1.08512544632,
        "dvar2": 2.33050704002,
        "max": 6.52824783325,
        "mean": -0.155473321676,
        "median": -0.769376397133,
        "min": -1.43220877647,
        "var": 2.1292219162
    },
    "melbands_skewness": {
        "dmean": 0.399299532175,
        "dmean2": 0.635077238083,
        "dvar": 0.126897186041,
        "dvar2": 0.288769155741,
        "max": 2.71378755569,
        "mean": 0.830375432968,
        "median": 0.733063697815,
        "min": -0.69545519352,
        "var": 0.407426685095
    },
    "melbands_spread": {
        "dmean": 6.96110010147,
        "dmean2": 11.7937726974,
        "dvar": 41.6120529175,
        "dvar2": 100.606834412,
        "max": 80.8684005737,
        "mean": 59.632270813,
        "median": 61.6717071533,
        "min": 29.9912872314,
        "var": 98.441947937
    },
    "pitch_salience": {
        "dmean": 0.0582357645035,
        "dmean2": 0.097078114748,
        "dvar": 0.00227341870777,
        "dvar2": 0.00506159290671,
        "max": 0.985310316086,
        "mean": 0.625028192997,
        "median": 0.625500977039,
        "min": 0.448689460754,
        "var": 0.00531823094934
    },
    "silence_rate_20dB": {
        "dmean": 0,
        "dmean2": 0,
        "dvar": 0,
        "dvar2": 0,
        "max": 1,
        "mean": 1,
        "median": 1,
        "min": 1,
        "var": 0
    },
    "silence_rate_30dB": {
        "dmean": 0,
        "dmean2": 0,
        "dvar": 0,
        "dvar2": 0,
        "max": 1,
        "mean": 1,
        "median": 1,
        "min": 1,
        "var": 0
    },
    "silence_rate_60dB": {
        "dmean": 0.00425531901419,
        "dmean2": 0.00427350448444,
        "dvar": 0.00423721177503,
        "dvar2": 0.00425524124876,
        "max": 1,
        "mean": 0.00423728814349,
        "median": 0,
        "min": 0,
        "var": 0.00421933317557
    },
    "spectral_centroid": {
        "dmean": 134.555267334,
        "dmean2": 228.751983643,
        "dvar": 12272.9316406,
        "dvar2": 36936.90625,
        "max": 2700.28637695,
        "mean": 2369.69433594,
        "median": 2373.19262695,
        "min": 1813.22473145,
        "var": 23109.0449219
    },
    "spectral_complexity": {
        "dmean": 3.77872347832,
        "dmean2": 6.18803405762,
        "dvar": 11.814871788,
        "dvar2": 24.5458393097,
        "max": 58,
        "mean": 43.860168457,
        "median": 44,
        "min": 0,
        "var": 32.5864067078
    },
    "spectral_decrease": {
        "dmean": 1.31476618481e-09,
        "dmean2": 2.14348361283e-09,
        "dvar": 1.39015922047e-18,
        "dvar2": 3.2550624167e-18,
        "max": -3.61030954752e-14,
        "mean": -7.35820826492e-09,
        "median": -7.31013294342e-09,
        "min": -1.28478232497e-08,
        "var": 3.13387652785e-18
    },
    "spectral_energy": {
        "dmean": 0.00540585909039,
        "dmean2": 0.00871287751943,
        "dvar": 2.18045079237e-05,
        "dvar2": 5.15251267643e-05,
        "max": 0.0517274588346,
        "mean": 0.0319844968617,
        "median": 0.032282486558,
        "min": 1.63000734688e-07,
        "var": 5.31334881089e-05
    },
    "spectral_energyband_high": {
        "dmean": 0.000428575265687,
        "dmean2": 0.000658791221213,
        "dvar": 2.59499984168e-07,
        "dvar2": 5.29479450506e-07,
        "max": 0.0047774547711,
        "mean": 0.00139722088352,
        "median": 0.00118165777531,
        "min": 6.3916925086e-09,
        "var": 6.05531624842e-07
    },
    "spectral_energyband_low": {
        "dmean": 0.00362825090997,
        "dmean2": 0.00613355403766,
        "dvar": 1.82276417036e-05,
        "dvar2": 4.0227194404e-05,
        "max": 0.0334669612348,
        "mean": 0.00742425816134,
        "median": 0.00580798694864,
        "min": 1.53120427449e-09,
        "var": 3.33038151439e-05
    },
    "spectral_energyband_middle_high": {
        "dmean": 0.0030185803771,
        "dmean2": 0.00480027962476,
        "dvar": 7.22468530512e-06,
        "dvar2": 1.73361004272e-05,
        "max": 0.0337767340243,
        "mean": 0.0180711299181,
        "median": 0.0183422602713,
        "min": 1.09637376511e-07,
        "var": 2.83150202449e-05
    },
    "spectral_energyband_middle_low": {
        "dmean": 0.00199166173115,
        "dmean2": 0.00327796302736,
        "dvar": 4.91424316351e-06,
        "dvar2": 1.39009189297e-05,
        "max": 0.0213320497423,
        "mean": 0.00576322199777,
        "median": 0.00517216324806,
        "min": 4.77226187456e-08,
        "var": 7.53995254854e-06
    },
    "spectral_entropy": {
        "dmean": 0.065700083971,
        "dmean2": 0.0973753780127,
        "dvar": 0.00733279390261,
        "dvar2": 0.00931315403432,
        "max": 9.06746196747,
        "mean": 7.80973672867,
        "median": 7.79580688477,
        "min": 7.49348640442,
        "var": 0.017684020102
    },
    "spectral_flux": {
        "dmean": 0.0151309026405,
        "dmean2": 0.0248878020793,
        "dvar": 0.000161502714036,
        "dvar2": 0.000370665307855,
        "max": 0.154732137918,
        "mean": 0.0982226356864,
        "median": 0.094763725996,
        "min": 0.0640122517943,
        "var": 0.000313981960062
    },
    "spectral_kurtosis": {
        "dmean": 1.62444961071,
        "dmean2": 2.80059933662,
        "dvar": 2.67938566208,
        "dvar2": 7.76073694229,
        "max": 16.2773551941,
        "mean": 5.04723739624,
        "median": 4.78748512268,
        "min": 2.17415332794,
        "var": 2.84639811516
    },
    "spectral_rms": {
        "dmean": 0.000480762275402,
        "dmean2": 0.000758373062126,
        "dvar": 1.87643948379e-07,
        "dvar2": 3.63822977079e-07,
        "max": 0.00710392929614,
        "mean": 0.00553970783949,
        "median": 0.00561205018312,
        "min": 1.26105160234e-05,
        "var": 5.16046895882e-07
    },
    "spectral_rolloff": {
        "dmean": 297.158111572,
        "dmean2": 507.870941162,
        "dvar": 62522.859375,
        "dvar2": 169200.765625,
        "max": 4457.37304688,
        "mean": 2687.08984375,
        "median": 2648.58398438,
        "min": 1614.99023438,
        "var": 135546.21875
    },
    "spectral_skewness": {
        "dmean": 0.192322820425,
        "dmean2": 0.321832507849,
        "dvar": 0.0446951203048,
        "dvar2": 0.123701028526,
        "max": 3.15107154846,
        "mean": 1.2466275692,
        "median": 1.23866176605,
        "min": 0.736416876316,
        "var": 0.0607512071729
    },
    "spectral_spread": {
        "dmean": 334780.40625,
        "dmean2": 439954.1875,
        "dvar": 1.52571111014e+12,
        "dvar2": 1.15013110989e+12,
        "max": 24993310,
        "mean": 3036290,
        "median": 2847194.25,
        "min": 2217701.5,
        "var": 2.27914363699e+12
    },
    "spectral_strongpeak": {
        "dmean": 1.35338234901,
        "dmean2": 2.36304354668,
        "dvar": 3.26219248772,
        "dvar2": 7.41144657135,
        "max": 10.8038864136,
        "mean": 1.98358249664,
        "median": 0.48042267561,
        "min": 0,
        "var": 5.19770383835
    },
    "zerocrossingrate": {
        "dmean": 0.00683178193867,
        "dmean2": 0.00835294835269,
        "dvar": 5.05244242959e-05,
        "dvar2": 6.36499535176e-05,
        "max": 0.12841796875,
        "mean": 0.0867464765906,
        "median": 0.0869140625,
        "min": 0.0029296875,
        "var": 0.000197209679754
    },
    "barkbands": {
        "dmean": [0.000248418742558, 0.00240509281866, 0.00189529161435, 0.000729033432435, 0.000933244533371, 0.000966452178545, 0.000198876441573, 0.000157816291903, 0.000281935062958, 0.000201562041184, 0.000528245174792, 0.000250543584116, 0.000427351915278, 0.00165229104459, 0.00149488821626, 0.00105902284849, 0.000626832130365, 0.000575338955969, 0.00046328024473, 0.0003650484432, 0.000143583558383, 8.70814837981e-05, 4.46591911896e-05, 3.80858618882e-05, 1.58293987624e-05, 2.88624432869e-05, 3.16114174836e-08],
        "dmean2": [0.000388503947761, 0.00401506898925, 0.00317068840377, 0.0012741102837, 0.00160163396504, 0.00169985042885, 0.000337573554134, 0.00027950402, 0.000431901280535, 0.000317707541399, 0.000864550063852, 0.00041129058809, 0.000655414129142, 0.0025072756689, 0.00244907289743, 0.0017441783566, 0.00107941264287, 0.000980727141723, 0.000805666728411, 0.000607032794505, 0.000231873302255, 0.000134607544169, 6.94072950864e-05, 6.02600339334e-05, 2.40793870034e-05, 4.19225652877e-05, 4.74478554224e-08],
        "dvar": [1.31879346554e-07, 1.3831515389e-05, 4.3257418838e-06, 5.2692121244e-07, 1.95644224732e-06, 1.15286081837e-06, 4.33042899317e-08, 3.48284956431e-08, 5.97645453126e-08, 4.1936747408e-08, 3.03076745922e-07, 7.92197312194e-08, 2.42329235789e-07, 3.15577290166e-06, 2.0183599645e-06, 8.28552515486e-07, 2.00736025135e-07, 3.06941473127e-07, 1.69831821495e-07, 9.84528014669e-08, 2.42241515735e-08, 1.75746723841e-08, 7.04491132097e-09, 7.39679828499e-09, 3.89664911449e-10, 4.16994971886e-09, 2.63345677323e-14],
        "dvar2": [3.13506177463e-07, 3.34459000442e-05, 1.04508580989e-05, 1.3998145505e-06, 5.30247643837e-06, 3.39360667567e-06, 1.10473308723e-07, 9.97494282728e-08, 1.40775668456e-07, 9.57809405122e-08, 7.73802753429e-07, 1.77581213734e-07, 5.28188820681e-07, 7.15550777386e-06, 5.69151870877e-06, 2.28103021982e-06, 5.85083853366e-07, 8.88642375685e-07, 5.07069387368e-07, 2.52633839182e-07, 5.31034132223e-08, 3.14260937273e-08, 1.53333523656e-08, 1.79795041078e-08, 9.62638857516e-10, 8.54080450807e-09, 2.87005492885e-14],
        "max": [0.00240174634382, 0.0298659093678, 0.0187317430973, 0.004835519474, 0.0113233746961, 0.00849830266088, 0.00208929367363, 0.00163182080723, 0.00199649925344, 0.00279776472598, 0.00461499486119, 0.00329451193102, 0.00500133354217, 0.0190099831671, 0.0132613927126, 0.00673461938277, 0.00391676556319, 0.00441410113126, 0.00323842489161, 0.00262506422587, 0.00151590176392, 0.00112138024997, 0.000904439541046, 0.000757930916734, 0.000195475789951, 0.000518394983374, 2.44200032284e-06],
        "mean": [0.000360262318281, 0.00334073021077, 0.0031310338527, 0.00119578186423, 0.00157185364515, 0.00160095805768, 0.000391264562495, 0.000262847053818, 0.000652651768178, 0.000430810760008, 0.00124766293447, 0.000519921712112, 0.000933534698561, 0.00372000015341, 0.00403708126396, 0.00221766135655, 0.00168827164453, 0.00145184423309, 0.00132927624509, 0.00103233195841, 0.000430300075095, 0.000210582395084, 9.49046952883e-05, 6.27774861641e-05, 3.78831282433e-05, 3.22904670611e-05, 2.57213770283e-08],
        "median": [8.37879488245e-05, 0.00173506885767, 0.00190696609206, 0.000949114386458, 0.00114659871906, 0.00103328586556, 0.000309524213662, 0.000217170454562, 0.000580105930567, 0.00034945725929, 0.00110070803203, 0.000409783126088, 0.000701017910615, 0.00314413337037, 0.00375498109497, 0.00191332772374, 0.0016793331597, 0.00131565891206, 0.00125412584748, 0.000979928998277, 0.000371307658497, 0.000142158663948, 5.34992177563e-05, 3.42106868629e-05, 2.80911444861e-05, 1.00346023828e-05, 2.4757569328e-09],
        "min": [2.42196596112e-10, 5.03485975134e-10, 5.43191158719e-10, 7.9192330471e-10, 3.43126660418e-09, 5.89384896443e-09, 8.31911695087e-09, 1.01120498641e-08, 1.50856180881e-08, 1.3143400146e-08, 8.78478534361e-09, 4.53475390572e-09, 1.27448096521e-09, 6.6990315517e-09, 2.005757338e-08, 2.39773108035e-08, 7.95818344557e-09, 4.51546888769e-09, 1.77686221292e-08, 3.48403861317e-09, 1.60040325436e-09, 2.40588349243e-09, 7.29886207029e-10, 5.34909061489e-10, 3.38456151994e-10, 1.27128488292e-10, 7.80917518151e-12],
        "var": [3.04184737843e-07, 1.81257473741e-05, 9.60615489021e-06, 8.93065532637e-07, 2.29201373259e-06, 2.418370741e-06, 1.09084851374e-07, 4.21596126898e-08, 1.44077631603e-07, 1.17146086609e-07, 8.58507860357e-07, 1.78599321998e-07, 6.61505112021e-07, 8.1110811152e-06, 5.65714753975e-06, 1.53802227487e-06, 4.59395238295e-07, 4.68924127972e-07, 2.6185216484e-07, 1.65078503755e-07, 5.53805250547e-08, 4.28139301789e-08, 1.32799433672e-08, 8.78135075766e-09, 8.93849494421e-10, 5.19147969058e-09, 2.59282883792e-14]
    },
    "erbbands": {
        "dmean": [0.0923645719886, 0.527379274368, 1.90632891655, 2.12158823013, 2.55715537071, 3.61037302017, 6.19685935974, 7.18193483353, 3.04816269875, 3.08983898163, 4.59342479706, 4.94370603561, 6.906457901, 12.8922805786, 14.9837083817, 9.37285327911, 15.9120531082, 56.3750343323, 99.3108901978, 60.1755943298, 67.7274169922, 31.1048641205, 26.7743587494, 31.1533927917, 19.9716320038, 20.668006897, 6.72539806366, 5.38843488693, 3.56563258171, 2.04768228531, 1.2012219429, 1.1778973341, 0.341282695532, 0.213509976864, 0.120427183807, 0.195472404361, 0.0320084542036, 0.00165328010917, 4.12342196796e-05, 8.18273474579e-06],
        "dmean2": [0.14974296093, 0.893403410912, 3.1505010128, 3.68637037277, 4.32421112061, 6.12600803375, 11.0151844025, 12.5373277664, 5.07793664932, 5.35712957382, 7.92046785355, 7.94300985336, 10.5987319946, 21.3619651794, 23.8022060394, 15.7009840012, 24.5600662231, 84.9252471924, 152.408370972, 102.919921875, 111.694030762, 53.1583709717, 45.2112731934, 55.4864120483, 34.4370689392, 35.247379303, 11.5033473969, 8.55669689178, 5.55227327347, 3.21639156342, 1.94666922092, 1.87594747543, 0.546054244041, 0.336195468903, 0.184502333403, 0.28216829896, 0.0475010983646, 0.00268480274826, 6.16428878857e-05, 1.2651448742e-05],
        "dvar": [0.0241258908063, 0.611043155193, 4.67341899872, 4.12747621536, 11.2939128876, 33.3609352112, 52.0998382568, 70.9869995117, 12.05128479, 11.9495010376, 31.5756797791, 26.2975730896, 33.7872123718, 174.58581543, 262.916534424, 155.84715271, 285.421234131, 3503.0769043, 9624.69335938, 4118.47998047, 3793.70727539, 540.235778809, 595.394104004, 742.92767334, 292.87487793, 344.996795654, 40.3223991394, 43.7039642334, 28.6773777008, 15.0708799362, 4.73754119873, 7.95870113373, 0.349046289921, 0.0703155770898, 0.0333961173892, 0.229819118977, 0.00336204073392, 5.04983063365e-06, 3.89165144554e-09, 6.31583951805e-11],
        "dvar2": [0.0619106702507, 1.59102976322, 12.424156189, 10.7555828094, 30.605222702, 97.264175415, 136.639678955, 186.006225586, 30.3738384247, 32.6152305603, 94.0872955322, 60.2769622803, 92.1073989868, 391.302886963, 689.599182129, 332.838653564, 569.857849121, 7698.34277344, 26602.8886719, 11297.5957031, 10500.3681641, 1506.81616211, 1606.8157959, 2191.49536133, 758.500671387, 884.523010254, 90.563583374, 111.847633362, 52.816368103, 28.9149646759, 10.7110309601, 19.5033588409, 0.874739468098, 0.180935844779, 0.0800251737237, 0.481256395578, 0.00667922385037, 1.0909786397e-05, 7.49889039753e-09, 1.34101882376e-10],
        "max": [1.04449164867, 6.36741924286, 19.4993114471, 14.4811620712, 24.3536891937, 38.3685417175, 56.5580444336, 104.514213562, 34.2674407959, 35.5045967102, 42.2563285828, 46.6690711975, 51.6222038269, 129.889068604, 152.539199829, 168.060958862, 175.710388184, 609.682312012, 986.963500977, 503.059783936, 448.601806641, 188.828323364, 213.899917603, 207.848937988, 154.965820312, 147.443725586, 52.7203407288, 65.1175231934, 52.0378227234, 32.983745575, 21.4793148041, 25.2925376892, 5.61095237732, 2.4230837822, 1.77445042133, 3.91322159767, 0.441998273134, 0.0165394432843, 0.000465024873847, 9.41270627663e-05],
        "mean": [0.113613903522, 0.727616965771, 3.21617436409, 3.92728233337, 4.2774271965, 5.52861356735, 9.82779979706, 12.8824672699, 5.99897241592, 5.91006803513, 7.6738576889, 11.6263618469, 15.978638649, 33.408618927, 34.9809303284, 22.0653362274, 40.6296768188, 144.965194702, 258.00567627, 133.626815796, 141.554016113, 96.5903701782, 74.0153121948, 81.8950424194, 57.9870491028, 54.061504364, 21.626958847, 14.9518432617, 8.49757289886, 4.40470504761, 2.52091908455, 1.92632627487, 0.683077573776, 0.472835510969, 0.237107247114, 0.220795452595, 0.0374390892684, 0.00193606014363, 7.14738489478e-05, 4.55761910416e-05],
        "median": [0.0448131635785, 0.445516705513, 2.13613367081, 3.43593215942, 3.54345440865, 3.77577590942, 6.60649871826, 8.08246135712, 4.01332378387, 4.36695480347, 6.20564842224, 10.1921882629, 14.275847435, 26.6209564209, 30.6578216553, 18.192193985, 34.2526779175, 119.53250885, 234.802947998, 115.717918396, 117.565444946, 95.1641998291, 69.3734817505, 76.0727767944, 53.6981964111, 49.4117965698, 19.8104019165, 13.1331911087, 6.00354671478, 2.57587814331, 1.48442077637, 0.986374616623, 0.490470409393, 0.339516699314, 0.160845577717, 0.0668603181839, 0.0127672944218, 0.000647415872663, 4.10695902247e-05, 4.48835780844e-05],
        "min": [1.58913593395e-08, 1.1360350527e-07, 5.26731810169e-07, 1.80964480023e-06, 5.15499459652e-06, 1.27122111735e-05, 2.78688003164e-05, 5.52253404749e-05, 9.981526091e-05, 0.000165003424627, 0.000248619151535, 0.000337583682267, 0.000403692305554, 0.00040720475954, 0.000318282778608, 0.000162398602697, 6.74332259223e-05, 0.000236800231505, 0.000751013983972, 0.00127601798158, 0.00117272697389, 0.000429219391663, 0.000173424603418, 0.00076982146129, 0.000733564258553, 0.000154790119268, 5.67337556276e-05, 8.88831127668e-05, 0.000101380261185, 3.39300459018e-05, 1.37208462547e-05, 9.54539063969e-06, 9.57452721195e-06, 2.8661122542e-06, 3.77413380193e-06, 6.94195421147e-07, 2.25788326702e-07, 6.95934829764e-08, 1.6098228528e-08, 1.7654893103e-09],
        "var": [0.0308653432876, 0.682835638523, 9.90058708191, 7.30992937088, 11.001458168, 38.7819747925, 82.1613540649, 227.262283325, 32.0705490112, 24.297504425, 33.534954071, 50.2713813782, 78.6390457153, 566.907714844, 564.979248047, 362.134277344, 770.637207031, 10334.2548828, 26268.0585938, 6720.71289062, 6495.35595703, 1212.43493652, 1054.5579834, 958.817016602, 511.682128906, 508.705291748, 87.4580993652, 83.4059829712, 65.9758300781, 30.632314682, 8.70794296265, 9.29354000092, 0.482081621885, 0.142811447382, 0.0532812811434, 0.2736145854, 0.00472538964823, 7.30498686607e-06, 5.9136548991e-09, 1.4858243802e-10]
    },
    "gfcc": {
        "mean": [50.8771820068, 82.3143386841, -160.74256897, 52.3327636719, -35.8263664246, 15.7315683365, -40.7464027405, 8.14271736145, -28.0519428253, 6.59065008163, -19.780424118, -3.66439533234, -4.77509641647],
        "cov": [[2091.66308594, -115.339950562, 147.981109619, 96.5622634888, 38.6042404175, 99.5440444946, -61.0818443298, -11.6736078262, -83.4752502441, 32.8975791931, -83.2199172974, 59.3650550842, -82.0947799683], [-115.339950562, 360.66696167, -80.2568206787, 86.6102981567, 70.6699447632, -16.2678585052, 93.0768127441, 21.5508232117, 57.8240242004, 1.23969769478, 99.9655838013, -61.7983322144, 97.5982437134], [147.981109619, -80.2568206787, 169.485733032, -2.46382713318, -2.18377900124, -8.03537654877, -33.6729278564, 13.6097459793, -33.7639312744, 17.1048851013, -38.2403106689, 52.3022842407, -40.239616394], [96.5622634888, 86.6102981567, -2.46382713318, 89.5385894775, 19.5073547363, 28.3527851105, 20.2215595245, -2.88640975952, 27.8835372925, -1.54638767242, 40.5611381531, -17.9294052124, 24.762720108], [38.6042404175, 70.6699447632, -2.18377900124, 19.5073547363, 109.407394409, 25.1564826965, 49.5551071167, 25.9294929504, 7.92613697052, 25.3352336884, 1.60033047199, -15.0351829529, 5.18891716003], [99.5440444946, -16.2678585052, -8.03537654877, 28.3527851105, 25.1564826965, 60.9353141785, 21.2183513641, 5.93995332718, 8.07830429077, -6.43231010437, -6.49200868607, -9.88390922546, -3.75783586502], [-61.0818443298, 93.0768127441, -33.6729278564, 20.2215595245, 49.5551071167, 21.2183513641, 76.86302948, 32.7287483215, 30.8519325256, 2.05668997765, 14.7569379807, -17.2516822815, 23.5950336456], [-11.6736078262, 21.5508232117, 13.6097459793, -2.88640975952, 25.9294929504, 5.93995332718, 32.7287483215, 50.2415618896, 14.5083360672, 7.59268760681, -8.6279668808, -1.53517842293, 5.51649141312], [-83.4752502441, 57.8240242004, -33.7639312744, 27.8835372925, 7.92613697052, 8.07830429077, 30.8519325256, 14.5083360672, 54.3384208679, 12.8074827194, 31.7404899597, -10.8419370651, 27.6163043976], [32.8975791931, 1.23969769478, 17.1048851013, -1.54638767242, 25.3352336884, -6.43231010437, 2.05668997765, 7.59268760681, 12.8074827194, 53.0285491943, 20.2129688263, 14.7176599503, 1.92356181145], [-83.2199172974, 99.9655838013, -38.2403106689, 40.5611381531, 1.60033047199, -6.49200868607, 14.7569379807, -8.6279668808, 31.7404899597, 20.2129688263, 77.1670303345, -4.54760122299, 41.6933784485], [59.3650550842, -61.7983322144, 52.3022842407, -17.9294052124, -15.0351829529, -9.88390922546, -17.2516822815, -1.53517842293, -10.8419370651, 14.7176599503, -4.54760122299, 56.8037528992, -6.10958957672], [-82.0947799683, 97.5982437134, -40.239616394, 24.762720108, 5.18891716003, -3.75783586502, 23.5950336456, 5.51649141312, 27.6163043976, 1.92356181145, 41.6933784485, -6.10958957672, 66.365814209]],
        "icov": [[0.000977013260126, -0.00179464928806, 0.00159170222469, -0.00286960089579, 0.00129491707776, -0.00226898631081, 0.00186664878856, -0.000988757354207, 0.00235073710792, -0.00323378434405, 0.00390460295603, -0.0031016736757, 0.00144941697363], [-0.00179464928806, 0.021138748154, -0.00772687513381, -2.28313888329e-06, -0.00980525836349, 0.0191426873207, -0.0174810141325, 0.00383783178404, -0.00187843875028, 0.0136985993013, -0.0212800484151, 0.0203331559896, -0.0146191027015], [0.00159170222469, -0.00772687513381, 0.0208887830377, -0.0162421949208, 0.00464966334403, -0.00276113231666, 0.0109092695639, -0.0118815256283, 0.0109642036259, -0.0132341943681, 0.0187735985965, -0.0225226767361, 0.0106006609276], [-0.00286960089579, -2.28313888329e-06, -0.0162421949208, 0.0421737022698, -0.00707979826257, -0.0110186161473, 0.000439792318502, 0.0100302444771, -0.0199890229851, 0.019440330565, -0.0267160758376, 0.0164404716343, -0.00413908576593], [0.00129491707776, -0.00980525836349, 0.00464966334403, -0.00707979826257, 0.0260383822024, -0.0121776135638, -0.00584864523262, -0.00331949838437, 0.0132621545345, -0.0240274593234, 0.0171044263989, -0.00495610432699, 0.00508818635717], [-0.00226898631081, 0.0191426873207, -0.00276113231666, -0.0110186161473, -0.0121776135638, 0.0443018898368, -0.020112760365, 0.00395218189806, -0.00396590074524, 0.0144726084545, -0.0111906854436, 0.0144122783095, -0.00865021348], [0.00186664878856, -0.0174810141325, 0.0109092695639, 0.000439792318502, -0.00584864523262, -0.020112760365, 0.0514173470438, -0.0200024135411, -0.00900236144662, -0.000582986453082, 0.0129504222423, -0.0202015601099, 0.0109353419393], [-0.000988757354207, 0.00383783178404, -0.0118815256283, 0.0100302444771, -0.00331949838437, 0.00395218189806, -0.0200024135411, 0.0411209464073, -0.0127759929746, 0.00140639010351, 0.00170713244006, 0.0105839269236, -0.00845952611417], [0.00235073710792, -0.00187843875028, 0.0109642036259, -0.0199890229851, 0.0132621545345, -0.00396590074524, -0.00900236144662, -0.0127759929746, 0.0496309958398, -0.0233364384621, 0.00715899886563, -0.00530661083758, -0.0021844971925], [-0.00323378434405, 0.0136985993013, -0.0132341943681, 0.019440330565, -0.0240274593234, 0.0144726084545, -0.000582986453082, 0.00140639010351, -0.0233364384621, 0.056148391217, -0.038775857538, 0.0101672234014, -0.00325522548519], [0.00390460295603, -0.0212800484151, 0.0187735985965, -0.0267160758376, 0.0171044263989, -0.0111906854436, 0.0129504222423, 0.00170713244006, 0.00715899886563, -0.038775857538, 0.0681576654315, -0.0291554350406, 0.00340070249513], [-0.0031016736757, 0.0203331559896, -0.0225226767361, 0.0164404716343, -0.00495610432699, 0.0144122783095, -0.0202015601099, 0.0105839269236, -0.00530661083758, 0.0101672234014, -0.0291554350406, 0.0560400635004, -0.0206343885511], [0.00144941697363, -0.0146191027015, 0.0106006609276, -0.00413908576593, 0.00508818635717, -0.00865021348, 0.0109353419393, -0.00845952611417, -0.0021844971925, -0.00325522548519, 0.00340070249513, -0.0206343885511, 0.0392268784344]]
    },
    "melbands": {
        "dmean": [0.000714075053111, 0.000835523940623, 0.000348546251189, 0.000222955073696, 0.00019028087263, 0.000164000637596, 4.46698541055e-05, 3.11431467708e-05, 4.36263471784e-05, 3.4762910218e-05, 3.59413097613e-05, 4.99337766087e-05, 6.83620019117e-05, 2.61157347268e-05, 3.2593641663e-05, 4.72379870189e-05, 0.000127480452647, 0.000193247964489, 8.89774310053e-05, 6.55577750877e-05, 8.64208268467e-05, 3.45060034306e-05, 4.30556574429e-05, 2.89370473183e-05, 2.85748665192e-05, 1.73426742549e-05, 1.44405858009e-05, 1.66355348483e-05, 4.7170765356e-06, 4.11079918194e-06, 3.39171151609e-06, 2.30235536947e-06, 1.61223158557e-06, 1.12460429591e-06, 7.84728342751e-07, 7.34329717034e-07, 6.83690871028e-07, 2.38417044329e-07, 2.35777065427e-07, 1.86742354913e-07],
        "dmean2": [0.00117023580242, 0.0014256342547, 0.000592973548919, 0.000382590602385, 0.000333473697538, 0.0002892666962, 7.38852395443e-05, 5.44311769772e-05, 7.50925973989e-05, 5.45677212358e-05, 5.51898265257e-05, 8.25541646918e-05, 0.000109650798549, 4.36982845713e-05, 5.3749554354e-05, 7.06693390384e-05, 0.00019578836509, 0.000296455924399, 0.000147417566041, 0.00011273335258, 0.000144086807268, 5.99248232902e-05, 7.50053659431e-05, 4.91994796903e-05, 5.05950156366e-05, 3.00488663925e-05, 2.353067066e-05, 2.83893077722e-05, 8.07561809779e-06, 6.79578579366e-06, 5.43509304407e-06, 3.59671230399e-06, 2.55274449046e-06, 1.75468051111e-06, 1.24512860111e-06, 1.20029937989e-06, 1.08565961909e-06, 3.86257084983e-07, 3.96306745643e-07, 2.87463080895e-07],
        "dvar": [1.3447100855e-06, 8.82023698523e-07, 1.14772916504e-07, 1.15316034055e-07, 4.98582757302e-08, 3.60360559171e-08, 2.3930992743e-09, 1.12081322001e-09, 2.5430235695e-09, 1.03128405815e-09, 8.85709283693e-10, 2.54192866755e-09, 5.35925392953e-09, 1.01244457262e-09, 1.02963770843e-09, 3.52116225066e-09, 1.9192148315e-08, 4.1130938655e-08, 6.64948895945e-09, 3.75575082145e-09, 5.9953597642e-09, 7.1222411302e-10, 1.7750326764e-09, 1.08610709315e-09, 6.0174054628e-10, 1.9641706317e-10, 1.47782550086e-10, 2.2738617933e-10, 1.83032755618e-11, 2.5712428714e-11, 1.54016712578e-11, 1.16844910483e-11, 8.80156017513e-12, 4.50811263319e-12, 1.90952527228e-12, 2.22156256065e-12, 2.58508730915e-12, 1.54877697581e-13, 1.34307671863e-13, 4.12195031254e-14],
        "dvar2": [3.34138758262e-06, 2.30265186474e-06, 3.04201137169e-07, 3.21984259699e-07, 1.32997953983e-07, 9.9184731539e-08, 6.06424599425e-09, 3.11671222164e-09, 7.54047402296e-09, 2.31492736091e-09, 2.39675945757e-09, 5.70237368436e-09, 1.42223797184e-08, 2.27058927216e-09, 2.06502304145e-09, 6.61025012505e-09, 4.37203624415e-08, 1.0834691011e-07, 1.81088051221e-08, 1.05820978646e-08, 1.61587578873e-08, 1.99655780797e-09, 4.55218707174e-09, 3.2097180469e-09, 1.78786174754e-09, 5.77643433086e-10, 3.92771981605e-10, 6.19338247354e-10, 4.45541624428e-11, 6.51619314063e-11, 4.21656182192e-11, 2.41934493272e-11, 1.81871375599e-11, 9.11984290169e-12, 4.21469369821e-12, 5.95137914644e-12, 6.08501660518e-12, 3.65522201265e-13, 3.61218948633e-13, 1.07617616262e-13],
        "max": [0.00866150017828, 0.00726221455261, 0.002390665235, 0.0025900893379, 0.00182122446131, 0.00205048616044, 0.000470131926704, 0.000322934851283, 0.000352813687641, 0.000277152226772, 0.000256090454059, 0.000481711613247, 0.000643171719275, 0.000323927233694, 0.000291462492896, 0.000812769401819, 0.00137473712675, 0.00190286664292, 0.000907155161258, 0.000465254008304, 0.000616702483967, 0.000186213015695, 0.000378999509849, 0.000291785603622, 0.000182828996913, 0.00010432862473, 0.000121082681289, 0.000104919141449, 3.19168502756e-05, 5.33211714355e-05, 3.52089809894e-05, 3.50595000782e-05, 2.83078479697e-05, 2.12960258068e-05, 1.40189540616e-05, 1.26748664115e-05, 1.40974489113e-05, 3.37449955623e-06, 3.52966435457e-06, 1.71539602434e-06],
        "mean": [0.000976757030003, 0.00142525474075, 0.00071043940261, 0.000360764184734, 0.000323954533087, 0.000290342723019, 8.72445452842e-05, 5.96243007749e-05, 6.9019930379e-05, 8.03895381978e-05, 7.9014680523e-05, 0.000126370985527, 0.000154360328452, 5.35032086191e-05, 6.73699178151e-05, 0.000111971348815, 0.000288331997581, 0.000464295269921, 0.000207526958548, 0.000142122953548, 0.000165546240169, 9.33964402066e-05, 8.94602708286e-05, 6.27130139037e-05, 6.7923196184e-05, 4.49718427262e-05, 3.75522940885e-05, 3.63194194506e-05, 1.29208438011e-05, 1.03846205093e-05, 8.07989454188e-06, 5.16938598594e-06, 3.09820461553e-06, 2.17976662498e-06, 1.47042271692e-06, 1.31740216602e-06, 1.02703813809e-06, 4.35410782984e-07, 4.35619284644e-07, 3.87709377492e-07],
        "median": [0.000455133442301, 0.00103410426527, 0.000644085928798, 0.000283552217297, 0.000216116575757, 0.000183516007382, 6.09670751146e-05, 4.6371598728e-05, 5.23134585819e-05, 7.05821075826e-05, 7.02764518792e-05, 9.88162573776e-05, 0.000133523528348, 3.91027424484e-05, 5.81450403843e-05, 7.59867689339e-05, 0.000242104011704, 0.000402137462515, 0.000182123025297, 0.000124476966448, 0.000133757683216, 9.07323556021e-05, 7.93989383965e-05, 5.5418087868e-05, 6.34176903986e-05, 4.16033217334e-05, 3.47283312294e-05, 3.28307796735e-05, 1.15670591185e-05, 8.85635927261e-06, 6.77949174133e-06, 3.74531373382e-06, 1.67477514879e-06, 1.11317194751e-06, 8.35230821394e-07, 7.65648223933e-07, 4.73753289043e-07, 2.86773854441e-07, 2.96575649372e-07, 2.83195817019e-07],
        "min": [1.52043586055e-10, 2.34379571307e-10, 3.92271659599e-10, 6.15505868495e-10, 9.13291886562e-10, 1.2398900795e-09, 1.58377089221e-09, 1.89149296226e-09, 2.10046779969e-09, 2.15744710985e-09, 2.01369587671e-09, 1.6644726708e-09, 1.1555523205e-09, 6.12538131328e-10, 2.16965709288e-10, 1.40376973934e-10, 4.62423349612e-10, 1.07126951754e-09, 1.63349123117e-09, 1.75684811143e-09, 1.28371779873e-09, 5.2236637238e-10, 7.33073254877e-11, 2.52318305138e-10, 6.66264932114e-10, 6.82107759165e-10, 3.02951191911e-10, 5.25189752798e-11, 3.40918300534e-11, 2.66633225915e-11, 6.48258113856e-11, 7.40286651424e-11, 1.82165411228e-11, 2.03031931545e-11, 8.16722731112e-12, 6.9705400306e-12, 4.28611443212e-12, 6.40586672249e-12, 5.06510241735e-12, 1.43007936222e-12],
