{
"highlevel": {
    "danceability": {
        "all": {
            "danceable": 0.999999642372,
            "not_danceable": 3.48099575831e-07
        },
        "probability": 0.999999642372,
        "value": "danceable"
    },
    "gender": {
        "all": {
            "female": 0.467877268791,
            "male": 0.532122731209
        },
        "probability": 0.532122731209,
        "value": "male"
    },
    "genre_dortmund": {
        "all": {
            "alternative": 0.0752273797989,
            "blues": 0.0141623886302,
            "electronic": 0.281208336353,
            "folkcountry": 0.0602287650108,
            "funksoulrnb": 0.00597296701744,
            "jazz": 0.0735163539648,
            "pop": 0.311684578657,
            "raphiphop": 0.0930810570717,
            "rock": 0.0849181637168
        },
        "probability": 0.311684578657,
        "value": "pop"
    },
    "genre_electronic": {
        "all": {
            "ambient": 0.0154360728338,
            "dnb": 0.00857282802463,
            "house": 0.00789395067841,
            "techno": 0.0028401077725,
            "trance": 0.965257048607
        },
        "probability": 0.965257048607,
        "value": "trance"
    },
    "genre_rosamerica": {
        "all": {
            "cla": 5.56169510446e-08,
            "dan": 0.999559283257,
            "hip": 5.21105812368e-06,
            "jaz": 5.16942236573e-07,
            "pop": 0.000127676001284,
            "rhy": 3.05222420138e-05,
            "roc": 0.000276160717476,
            "spe": 5.82069787924e-07
        },
        "probability": 0.999559283257,
        "value": "dan"
    },
    "genre_tzanetakis": {
        "all": {
            "blu": 0.0626613423228,
            "cla": 0.0348169617355,
            "cou": 0.104475811124,
            "dis": 0.0784321576357,
            "hip": 0.15692435205,
            "jaz": 0.313974827528,
            "met": 0.0448166541755,
            "pop": 0.0627359300852,
            "reg": 0.0627360641956,
            "roc": 0.0784258767962
        },
        "probability": 0.313974827528,
        "value": "jaz"
    },
    "ismir04_rhythm": {
        "all": {
            "ChaChaCha": 0.615641593933,
            "Jive": 0.0585828386247,
            "Quickstep": 0.013260928914,
            "Rumba-American": 0.0116553846747,
            "Rumba-International": 0.0778142660856,
            "Rumba-Misc": 0.00850694812834,
            "Samba": 0.200148582458,
            "Tango": 0.00367367547005,
            "VienneseWaltz": 0.00607451051474,
            "Waltz": 0.004641297739
        },
        "probability": 0.615641593933,
        "value": "ChaChaCha"
    },
    "mood_acoustic": {
        "all": {
            "acoustic": 1.3582786007e-09,
            "not_acoustic": 1
        },
        "probability": 1,
        "value": "not_acoustic"
    },
    "mood_aggressive": {
        "all": {
            "aggressive": 0.120764039457,
            "not_aggressive": 0.879235982895
        },
        "probability": 0.879235982895,
        "value": "not_aggressive"
    },
    "mood_electronic": {
        "all": {
            "electronic": 0.841968417168,
            "not_electronic": 0.158031597733
        },
        "probability": 0.841968417168,
        "value": "electronic"
    },
    "mood_happy": {
        "all": {
            "happy": 0.878540217876,
            "not_happy": 0.121459782124
        },
        "probability": 0.878540217876,
        "value": "happy"
    },
    "mood_party": {
        "all": {
            "not_party": 0.12734618783,
            "party": 0.872653841972
        },
        "probability": 0.872653841972,
        "value": "party"
    },
    "mood_relaxed": {
        "all": {
            "not_relaxed": 0.939677536488,
            "relaxed": 0.0603224523365
        },
        "probability": 0.939677536488,
        "value": "not_relaxed"
    },
    "mood_sad": {
        "all": {
            "not_sad": 0.906633555889,
            "sad": 0.0933664739132
        },
        "probability": 0.906633555889,
        "value": "not_sad"
    },
    "moods_mirex": {
        "all": {
            "Cluster1": 0.148170411587,
            "Cluster2": 0.0149492574856,
            "Cluster3": 0.0265899319202,
            "Cluster4": 0.0236147399992,
            "Cluster5": 0.786675691605
        },
        "probability": 0.786675691605,
        "value": "Cluster5"
    },
    "timbre": {
        "all": {
            "bright": 0.969428956509,
            "dark": 0.0305710472167
        },
        "probability": 0.969428956509,
        "value": "bright"
    },
    "tonal_atonal": {
        "all": {
            "atonal": 0.0203728862107,
            "tonal": 0.979627132416
        },
        "probability": 0.979627132416,
        "value": "tonal"
    },
    "voice_instrumental": {
        "all": {
            "instrumental": 0.0940428525209,
            "voice": 0.90595716238
        },
        "probability": 0.90595716238,
        "value": "voice"
    }
},
"lowlevel": {
    "average_loudness": 0.972876131535,
    "barkbands_crest": {
        "dmean": 2.87038731575,
        "dmean2": 4.42752218246,
        "dvar": 11.2508621216,
        "dvar2": 28.2510414124,
        "max": 26.2297496796,
        "mean": 16.2176399231,
        "median": 17.0257148743,
        "min": 2.4234688282,
        "var": 24.4082584381
    },
    "barkbands_flatness_db": {
        "dmean": 0.0289423298091,
        "dmean2": 0.0428205132484,
        "dvar": 0.00133614556398,
        "dvar2": 0.0027074480895,
        "max": 0.464493066072,
        "mean": 0.15449821949,
        "median": 0.146557345986,
        "min": 0.0337654724717,
        "var": 0.00309751764871
    },
    "barkbands_kurtosis": {
        "dmean": 13.1715106964,
        "dmean2": 20.240234375,
        "dvar": 1808.20703125,
        "dvar2": 4394.39501953,
        "max": 533.6484375,
        "mean": 14.9482154846,
        "median": 5.62950325012,
        "min": -1.82416713238,
        "var": 1722.51123047
    },
    "barkbands_skewness": {
        "dmean": 1.01710045338,
        "dmean2": 1.43927824497,
        "dvar": 3.12219619751,
        "dvar2": 6.35841226578,
        "max": 21.5538730621,
        "mean": 3.02768993378,
        "median": 2.55527853966,
        "min": -1.84523367882,
        "var": 5.45830202103
    },
    "barkbands_spread": {
        "dmean": 9.25237846375,
        "dmean2": 13.8139400482,
        "dvar": 97.0064544678,
        "dvar2": 231.042053223,
        "max": 98.6098403931,
        "mean": 28.9742546082,
        "median": 27.3322486877,
        "min": 0.62310063839,
        "var": 253.247299194
    },
    "dissonance": {
        "dmean": 0.00996323302388,
        "dmean2": 0.0168800614774,
        "dvar": 0.000105679406261,
        "dvar2": 0.000292194745271,
        "max": 0.500000059605,
        "mean": 0.478772193193,
        "median": 0.481707036495,
        "min": 0.400302231312,
        "var": 0.00019025200163
    },
    "dynamic_complexity": 1.4105900526,
    "erbbands_crest": {
        "dmean": 1.81417286396,
        "dmean2": 2.9564614296,
        "dvar": 3.96861767769,
        "dvar2": 9.28428459167,
        "max": 19.1044006348,
        "mean": 5.80069303513,
        "median": 5.00712680817,
        "min": 2.04513788223,
        "var": 7.81206321716
    },
    "erbbands_flatness_db": {
        "dmean": 0.0105292284861,
        "dmean2": 0.015528765507,
        "dvar": 0.000121503340779,
        "dvar2": 0.000247093412327,
        "max": 0.21331371367,
        "mean": 0.0893739238381,
        "median": 0.0852050706744,
        "min": 0.053408510983,
        "var": 0.000412029912695
    },
    "erbbands_kurtosis": {
        "dmean": 0.494286686182,
        "dmean2": 0.774452924728,
        "dvar": 0.398607611656,
        "dvar2": 0.841329753399,
        "max": 6.16102027893,
        "mean": -0.327030271292,
        "median": -0.515112876892,
        "min": -1.86990225315,
        "var": 0.799640893936
    },
    "erbbands_skewness": {
        "dmean": 0.26564437151,
        "dmean2": 0.377386748791,
        "dvar": 0.0820715650916,
        "dvar2": 0.163896113634,
        "max": 2.00106215477,
        "mean": -0.136618599296,
        "median": -0.123385980725,
        "min": -2.09638404846,
        "var": 0.282399594784
    },
    "erbbands_spread": {
        "dmean": 12.7242450714,
        "dmean2": 18.5862693787,
        "dvar": 230.099487305,
        "dvar2": 504.063812256,
        "max": 188.25718689,
        "mean": 65.330696106,
        "median": 61.300983429,
        "min": 18.7573051453,
        "var": 491.112182617
    },
    "hfc": {
        "dmean": 16.9015522003,
        "dmean2": 24.5103588104,
        "dvar": 502.284454346,
        "dvar2": 1133.47192383,
        "max": 212.107711792,
        "mean": 50.0899467468,
        "median": 40.5380363464,
        "min": 0.234117627144,
        "var": 1216.76074219
    },
    "melbands_crest": {
        "dmean": 3.28057384491,
        "dmean2": 4.76498746872,
        "dvar": 13.5295944214,
        "dvar2": 28.8188838959,
        "max": 38.364616394,
        "mean": 24.7127876282,
        "median": 25.2946071625,
        "min": 5.51878166199,
        "var": 44.2831001282
    },
    "melbands_flatness_db": {
        "dmean": 0.0333135724068,
        "dmean2": 0.0484857670963,
        "dvar": 0.00182680413127,
        "dvar2": 0.00358069478534,
        "max": 0.545986950397,
        "mean": 0.221453741193,
        "median": 0.21394045651,
        "min": 0.0410209856927,
        "var": 0.00442205742002
    },
    "melbands_kurtosis": {
        "dmean": 35.7463035583,
        "dmean2": 52.1088256836,
        "dvar": 6524.56884766,
        "dvar2": 11838.9482422,
        "max": 1085.0222168,
        "mean": 62.3410491943,
        "median": 36.4274673462,
        "min": -1.60001862049,
        "var": 10379.6279297
    },
    "melbands_skewness": {
        "dmean": 1.49637722969,
        "dmean2": 2.20975184441,
        "dvar": 4.48527765274,
        "dvar2": 8.46412181854,
        "max": 28.1130981445,
        "mean": 6.04408311844,
        "median": 5.46971035004,
        "min": 0.133524343371,
        "var": 10.2513628006
    },
    "melbands_spread": {
        "dmean": 5.82093143463,
        "dmean2": 8.97144412994,
        "dvar": 73.1452713013,
        "dvar2": 143.156433105,
        "max": 206.276260376,
        "mean": 15.5070705414,
        "median": 12.9417543411,
        "min": 0.4068839252,
        "var": 154.650726318
    },
    "pitch_salience": {
        "dmean": 0.0890395864844,
        "dmean2": 0.136680319905,
        "dvar": 0.0110974702984,
        "dvar2": 0.0261856205761,
        "max": 0.875201702118,
        "mean": 0.361813873053,
        "median": 0.333569765091,
        "min": 0.0551098883152,
        "var": 0.0251327622682
    },
    "silence_rate_20dB": {
        "dmean": 0,
        "dmean2": 0,
        "dvar": 0,
        "dvar2": 0,
        "max": 1,
        "mean": 1,
        "median": 1,
        "min": 1,
        "var": 0
    },
    "silence_rate_30dB": {
        "dmean": 0.134674921632,
        "dmean2": 0.268783897161,
        "dvar": 0.116537727416,
        "dvar2": 0.21822963655,
        "max": 1,
        "mean": 0.782675921917,
        "median": 1,
        "min": 0,
        "var": 0.17009216547
    },
    "silence_rate_60dB": {
        "dmean": 0.00154798757285,
        "dmean2": 0.00309837330133,
        "dvar": 0.00154559034854,
        "dvar2": 0.00308876833878,
        "max": 1,
        "mean": 0.00154679035768,
        "median": 0,
        "min": 0,
        "var": 0.00154439720791
    },
    "spectral_centroid": {
        "dmean": 338.372619629,
        "dmean2": 482.825378418,
        "dvar": 142747.421875,
        "dvar2": 272614.9375,
        "max": 4035.0480957,
        "mean": 1808.96350098,
        "median": 1854.63232422,
        "min": 191.265792847,
        "var": 408408.21875
    },
    "spectral_complexity": {
        "dmean": 5.30417966843,
        "dmean2": 8.33694839478,
        "dvar": 29.0490608215,
        "dvar2": 70.1646499634,
        "max": 52,
        "mean": 27.9868526459,
        "median": 28,
        "min": 0,
        "var": 101.629348755
    },
    "spectral_decrease": {
        "dmean": 6.27034912881e-09,
        "dmean2": 8.96577212472e-09,
        "dvar": 7.37538652524e-17,
        "dvar2": 1.47929513208e-16,
        "max": -2.14901596518e-10,
        "mean": -2.11858957044e-08,
        "median": -1.97854230777e-08,
        "min": -7.4236503167e-08,
        "var": 1.16136237412e-16
    },
    "spectral_energy": {
        "dmean": 0.0240267179906,
        "dmean2": 0.0336775407195,
        "dvar": 0.00104135682341,
        "dvar2": 0.00206039869227,
        "max": 0.282633215189,
        "mean": 0.0845037251711,
        "median": 0.079003572464,
        "min": 0.00083232333418,
        "var": 0.00169621838722
    },
    "spectral_energyband_high": {
        "dmean": 0.00168399419636,
        "dmean2": 0.00249535008334,
        "dvar": 5.47852050659e-06,
        "dvar2": 1.18737489174e-05,
        "max": 0.027158908546,
        "mean": 0.0038883141242,
        "median": 0.00278624240309,
        "min": 2.32865531871e-05,
        "var": 1.31259721456e-05
    },
    "spectral_energyband_low": {
        "dmean": 0.0243944711983,
        "dmean2": 0.0361988805234,
        "dvar": 0.00127603812143,
        "dvar2": 0.00275545846671,
        "max": 0.280156195164,
        "mean": 0.06506357342,
        "median": 0.0595272742212,
        "min": 0.000256419676589,
        "var": 0.00178092333954
    },
    "spectral_energyband_middle_high": {
        "dmean": 0.0016316632973,
        "dmean2": 0.00254763057455,
        "dvar": 3.89575916415e-06,
        "dvar2": 9.32285911404e-06,
        "max": 0.0337267369032,
        "mean": 0.00588860642165,
        "median": 0.00478145107627,
        "min": 1.77070323844e-05,
        "var": 1.82962412509e-05
    },
    "spectral_energyband_middle_low": {
        "dmean": 0.00565788010135,
        "dmean2": 0.00930897798389,
        "dvar": 0.000121227691125,
        "dvar2": 0.000307931099087,
        "max": 0.0807387307286,
        "mean": 0.0114287706092,
        "median": 0.00737565383315,
        "min": 4.12152616036e-07,
        "var": 0.000148780760355
    },
    "spectral_entropy": {
        "dmean": 0.140881046653,
        "dmean2": 0.21451176703,
        "dvar": 0.0268287919462,
        "dvar2": 0.0607840716839,
        "max": 8.80605602264,
        "mean": 8.1095905304,
        "median": 8.12020206451,
        "min": 6.79240322113,
        "var": 0.0597383230925
    },
    "spectral_flux": {
        "dmean": 0.044664055109,
        "dmean2": 0.0654526501894,
        "dvar": 0.00328479381278,
        "dvar2": 0.00535510946065,
        "max": 0.444177389145,
        "mean": 0.122669331729,
        "median": 0.0913919880986,
        "min": 0.0223835986108,
        "var": 0.00717626139522
    },
    "spectral_kurtosis": {
        "dmean": 0.494778186083,
        "dmean2": 0.769999504089,
        "dvar": 0.207381397486,
        "dvar2": 0.475041389465,
        "max": 6.93183040619,
        "mean": 1.6766204834,
        "median": 1.64560937881,
        "min": -0.951391458511,
        "var": 0.628790855408
    },
    "spectral_rms": {
        "dmean": 0.00124234321993,
        "dmean2": 0.001653756015,
        "dvar": 2.07686366593e-06,
        "dvar2": 3.84149188903e-06,
        "max": 0.0166054125875,
        "mean": 0.00883159041405,
        "median": 0.00877933111042,
        "min": 0.00090112304315,
        "var": 4.44569332103e-06
    },
    "spectral_rolloff": {
        "dmean": 631.247680664,
        "dmean2": 1085.53369141,
        "dvar": 1541210.25,
        "dvar2": 3817984.75,
        "max": 11670.9960938,
        "mean": 917.366882324,
        "median": 366.064453125,
        "min": 43.06640625,
        "var": 2003616.75
    },
    "spectral_skewness": {
        "dmean": 0.107711710036,
        "dmean2": 0.161243394017,
        "dvar": 0.00922334939241,
        "dvar2": 0.0178585126996,
        "max": 2.35622477531,
        "mean": 1.1476316452,
        "median": 1.15739309788,
        "min": 0.0791941434145,
        "var": 0.0441302955151
    },
    "spectral_spread": {
        "dmean": 781839.625,
        "dmean2": 1071477,
        "dvar": 595875201024,
        "dvar2": 1.01393209754e+12,
        "max": 13794099,
        "mean": 6969700.5,
        "median": 6656769.5,
        "min": 3695208.5,
        "var": 1.97536684442e+12
    },
    "spectral_strongpeak": {
        "dmean": 0.204647004604,
        "dmean2": 0.328419774771,
        "dvar": 0.0658461377025,
        "dvar2": 0.166740819812,
        "max": 2.24294781685,
        "mean": 0.587396562099,
        "median": 0.539092838764,
        "min": 0,
        "var": 0.108099654317
    },
    "zerocrossingrate": {
        "dmean": 0.014993484132,
        "dmean2": 0.0184404645115,
        "dvar": 0.000200672046049,
        "dvar2": 0.000271460128715,
        "max": 0.33740234375,
        "mean": 0.0593248493969,
        "median": 0.0546875,
        "min": 0.0029296875,
        "var": 0.00111327168997
    },
    "barkbands": {
        "dmean": [0.00168207217939, 0.0231444463134, 0.0056355940178, 0.00291933631524, 0.00202690274455, 0.000935067597311, 0.000617531361058, 0.000372059381334, 0.000487332872581, 0.000495514483191, 0.000430741551099, 0.00026922422694, 0.000338097452186, 0.000247985764872, 0.000338185112923, 0.000235197207076, 0.000260711502051, 0.000196565786609, 0.000212059676414, 0.000232437538216, 0.000215540101635, 0.000254570390098, 0.0002598084684, 0.000402836507419, 0.000501877744682, 0.000265456270427, 1.7311512579e-07],
        "dmean2": [0.00236081588082, 0.0348201952875, 0.00896647293121, 0.00494474871084, 0.0033104675822, 0.00147362367716, 0.0010183614213, 0.000651680689771, 0.00080613855971, 0.000809258781374, 0.000670747016557, 0.000445784942713, 0.000534048071131, 0.00038813977153, 0.000557352032047, 0.00037747391616, 0.000446404126706, 0.000316505727824, 0.000336467812303, 0.000374237482902, 0.000337269913871, 0.000381838326575, 0.000402029865654, 0.000625281652901, 0.000758089998271, 0.000390923320083, 3.03870649532e-07],
        "dvar": [4.58597287434e-06, 0.00132588529959, 0.000131762091769, 5.03576738993e-05, 1.62421292771e-05, 2.8007139008e-06, 1.32307388867e-06, 5.6443855101e-07, 9.57977022154e-07, 9.32145383103e-07, 7.97653342488e-07, 2.9588045436e-07, 3.2537772654e-07, 1.49419861373e-07, 2.27844836331e-07, 9.99248115363e-08, 1.27216694068e-07, 7.06679514906e-08, 6.72784210565e-08, 1.20782232216e-07, 8.45147596351e-08, 9.61881596595e-08, 1.16753248847e-07, 3.02067803659e-07, 5.55542499114e-07, 1.61796833709e-07, 4.40018247533e-13],
        "dvar2": [9.20640923141e-06, 0.00327711529098, 0.000344609550666, 0.000128538566059, 4.36890950368e-05, 6.70295594318e-06, 3.37156302521e-06, 1.61671880505e-06, 2.48126480074e-06, 2.51776623372e-06, 2.00894737645e-06, 8.44197131755e-07, 8.04481430805e-07, 3.5688429989e-07, 5.99590237016e-07, 2.4548361921e-07, 3.2521279536e-07, 1.72304339685e-07, 1.62875267051e-07, 2.34345208128e-07, 2.00124318894e-07, 1.84874636489e-07, 2.77580909369e-07, 6.81579535922e-07, 1.24858433992e-06, 3.46981323673e-07, 1.20281887749e-12],
        "max": [0.0204853527248, 0.25767955184, 0.0833130478859, 0.0692854076624, 0.0517929121852, 0.031620644033, 0.0101696839556, 0.00533342408016, 0.0173159912229, 0.0130540896207, 0.0124119156972, 0.00826801732183, 0.0091563006863, 0.005384165328, 0.00560408318415, 0.00498942378908, 0.00510180322453, 0.00452226400375, 0.00376039673574, 0.00750079099089, 0.00583261996508, 0.00580918509513, 0.00442471820861, 0.00876248441637, 0.00796466693282, 0.00370597164147, 1.22590417959e-05],
        "mean": [0.00381462345831, 0.0504428260028, 0.00915938150138, 0.00373624730855, 0.00317690311931, 0.0018444674788, 0.00118299468886, 0.000592745724134, 0.00065403728513, 0.000836497114506, 0.000757387257181, 0.000501456961501, 0.000619662634563, 0.000551531615201, 0.000594359647948, 0.000477544264868, 0.000500241643749, 0.000433928275015, 0.000526418793015, 0.000481216411572, 0.000499414745718, 0.000591785588767, 0.000551266653929, 0.000710735213943, 0.000822377798613, 0.000443631695816, 1.22690309468e-07],
        "median": [0.00195010739844, 0.0452056638896, 0.00238611898385, 0.00117480044719, 0.00160211126786, 0.00120086048264, 0.000700767501257, 0.000364976964192, 0.00020391929138, 0.000295469013508, 0.000322414183756, 0.000213771301787, 0.000328188558342, 0.000353845331119, 0.000406371429563, 0.000348335597664, 0.000360667239875, 0.000322499370668, 0.000417096191086, 0.000365874642739, 0.00040963338688, 0.000458219670691, 0.000384431303246, 0.0004713027447, 0.00041819512262, 0.000217227498069, 3.70661124016e-09],
        "min": [1.24849989902e-07, 2.40151803155e-06, 2.25710952151e-08, 2.26593392938e-08, 3.0809189866e-08, 6.32332586292e-08, 2.09113544258e-08, 2.57169130435e-08, 1.34076003633e-07, 2.77418564565e-07, 1.66524102951e-07, 1.35037382165e-07, 3.02877708691e-07, 4.94162918585e-07, 7.58725207106e-07, 4.18864942731e-07, 1.7818994138e-06, 1.14419935926e-06, 1.03090053472e-06, 5.4946799537e-06, 4.7918179007e-06, 5.74316800339e-06, 3.16665727951e-06, 1.42716578466e-06, 3.45472130903e-07, 7.83534090942e-08, 1.34489199291e-11],
        "var": [1.78553218575e-05, 0.00170711497776, 0.000212401224417, 6.55209514662e-05, 1.7738333554e-05, 5.5115115174e-06, 2.32069260164e-06, 5.98185749823e-07, 1.29316526909e-06, 2.13922953662e-06, 1.69514794379e-06, 5.91461116528e-07, 7.15304111054e-07, 3.93300211954e-07, 3.99972691412e-07, 2.43684439738e-07, 2.73340532431e-07, 1.73993527142e-07, 1.79916767706e-07, 2.958338996e-07, 1.84987570151e-07, 2.81104092892e-07, 2.71276775266e-07, 6.12323503901e-07, 1.10676364784e-06, 3.46345416347e-07, 2.92389105549e-13]
    },
    "erbbands": {
        "dmean": [0.729737997055, 5.39521408081, 7.85940980911, 7.27729320526, 8.97688388824, 5.40934991837, 8.06252193451, 7.44097232819, 8.51204872131, 8.57070350647, 8.38758087158, 11.5496768951, 10.7074489594, 17.0719413757, 15.1014766693, 12.3903284073, 16.1335010529, 12.6919775009, 14.6775465012, 16.0066833496, 12.8237066269, 12.0931901932, 10.8709392548, 11.0795974731, 9.91136646271, 11.1423377991, 9.52456569672, 8.68856620789, 8.43482780457, 9.46102905273, 7.78436422348, 6.78640127182, 8.21011543274, 6.00212907791, 3.41535997391, 1.54520273209, 0.487684637308, 0.0322785973549, 0.000627522298601, 5.24085589859e-05],
        "dmean2": [1.04298818111, 8.60171413422, 12.0563516617, 12.4417295456, 14.9012994766, 8.55619335175, 13.3824481964, 11.5414552689, 13.4249372482, 14.9550943375, 15.0013055801, 19.011264801, 17.9087123871, 27.4919395447, 23.1407928467, 20.4048194885, 25.0849685669, 20.2945995331, 23.6572933197, 25.7539787292, 20.5130577087, 20.4396152496, 17.902879715, 17.6620445251, 15.7616691589, 17.8450126648, 14.9278507233, 13.6595211029, 12.449136734, 15.1077623367, 12.1688919067, 10.1899232864, 13.1517114639, 9.27042007446, 5.10136556625, 2.16008090973, 0.783364832401, 0.052024550736, 0.00098539411556, 7.30737156118e-05],
        "dvar": [0.884496092796, 102.135803223, 225.519393921, 249.061340332, 510.087371826, 99.7327575684, 238.671127319, 201.95425415, 201.992919922, 312.947967529, 287.842926025, 539.664672852, 724.424377441, 1273.76550293, 746.787231445, 561.10760498, 736.761779785, 392.142822266, 510.135986328, 644.751647949, 357.257629395, 249.791213989, 183.75920105, 178.460189819, 150.484146118, 295.403259277, 211.3097229, 129.524398804, 116.011489868, 139.760635376, 109.422790527, 87.2646484375, 131.15222168, 68.1334609985, 30.8010654449, 5.25802469254, 0.622945129871, 0.00258774892427, 9.6201335964e-07, 4.74493955238e-09],
        "dvar2": [2.14184236526, 250.975692749, 563.866760254, 653.570617676, 1335.00024414, 259.245361328, 637.479309082, 495.817047119, 478.77053833, 888.23840332, 813.658508301, 1380.13757324, 2065.75048828, 3218.56445312, 1839.30847168, 1599.35302734, 1759.69152832, 965.289428711, 1376.36767578, 1631.40795898, 835.973388672, 608.747802734, 435.835449219, 445.175384521, 307.663604736, 543.206542969, 480.454681396, 313.190490723, 202.774139404, 314.503265381, 262.004638672, 172.300521851, 321.113250732, 159.242752075, 68.6214141846, 9.98237895966, 1.64324212074, 0.00664164591581, 2.33526111515e-06, 8.7938278881e-09],
        "max": [8.23082733154, 67.140335083, 94.8166046143, 128.290267944, 222.357040405, 151.359451294, 174.442520142, 277.960540771, 157.635498047, 137.024185181, 120.516563416, 415.504882812, 482.253051758, 728.000793457, 355.77444458, 432.575164795, 485.03717041, 297.750793457, 304.065429688, 414.204467773, 357.077636719, 239.012985229, 227.471984863, 187.97996521, 193.365524292, 407.884155273, 288.544006348, 177.678253174, 178.726135254, 138.992538452, 119.787162781, 170.274749756, 150.376464844, 94.1086654663, 53.2132415771, 21.0442962646, 7.24645996094, 0.393752515316, 0.00753345154226, 0.000678041076753],
        "mean": [1.85767149925, 9.51912593842, 12.9731655121, 10.8431825638, 11.9201126099, 9.4330368042, 13.416220665, 15.2368011475, 18.6586761475, 14.8508415222, 11.4222412109, 16.3716373444, 18.4642658234, 28.0372104645, 30.7032546997, 25.6720161438, 31.1860980988, 28.9270687103, 27.6913967133, 31.3424968719, 26.8086338043, 25.7143058777, 24.3130836487, 27.6046047211, 23.7352237701, 23.8637638092, 21.2578544617, 19.335641861, 20.4125461578, 19.2699222565, 15.7986450195, 13.4101428986, 12.7554244995, 9.41246891022, 5.65234708786, 2.56827378273, 0.752754569054, 0.0452575534582, 0.00100624770857, 0.000161168267368],
        "median": [1.732634902, 6.15406179428, 5.06772661209, 4.44039392471, 5.70106124878, 4.05864334106, 4.95415687561, 11.0172138214, 12.5536413193, 10.1611614227, 5.87409830093, 5.69620513916, 6.60111999512, 10.378033638, 14.9275712967, 13.3229446411, 17.1714248657, 19.4505558014, 18.6649837494, 21.4980602264, 19.6273365021, 18.5405750275, 18.6026172638, 22.3701915741, 18.9975509644, 18.432434082, 16.4206523895, 15.4549160004, 15.8125638962, 13.9651021957, 11.1715402603, 9.05069351196, 7.6401257515, 5.21164512634, 2.77280640602, 1.21228539944, 0.399267226458, 0.0227148290724, 0.000532682402991, 0.000130770888063],
        "min": [0.000698882853612, 0.00939163193107, 0.00147542881314, 0.000204202020541, 0.000124045865959, 9.4447786978e-05, 8.01696442068e-05, 0.000735050358344, 0.000561345077585, 0.000602842657827, 0.00143934076186, 0.00253665121272, 0.00582553306594, 0.00771268038079, 0.0062826811336, 0.0080297216773, 0.0144835878164, 0.0253611318767, 0.0233095027506, 0.0441752783954, 0.0613992400467, 0.107337884605, 0.0799752771854, 0.0491136275232, 0.0731762126088, 0.379855573177, 0.271708220243, 0.109872981906, 0.231609776616, 0.113240562379, 0.113372713327, 0.0283149629831, 0.0294688418508, 0.00211430364288, 0.00615980103612, 0.00184085709043, 6.84432961862e-05, 4.47898992206e-06, 2.21275172407e-06, 1.06311938453e-06],
        "var": [2.17399740219, 103.959228516, 312.283660889, 334.531188965, 476.095428467, 167.284484863, 445.431610107, 334.149810791, 465.211914062, 306.260162354, 258.134338379, 760.010559082, 1364.21069336, 2661.08374023, 1934.94775391, 1266.73181152, 1730.66125488, 982.112792969, 916.548217773, 1174.58898926, 842.635559082, 701.671081543, 476.507720947, 476.754730225, 427.287078857, 752.554016113, 426.304138184, 281.421630859, 349.334197998, 304.415985107, 234.190551758, 223.504104614, 214.813812256, 126.061264038, 61.3809738159, 12.7719106674, 0.954472601414, 0.00374085269868, 1.60474712629e-06, 1.06418669432e-08]
    },
    "gfcc": {
        "mean": [76.6821975708, 49.8043746948, -85.1782608032, 54.675693512, -46.7245826721, 37.1694488525, -37.4418067932, 20.6515274048, -24.2915992737, 16.8422279358, -13.2053289413, 10.4045715332, -11.1067790985],
        "cov": [[1583.22351074, -160.877059937, -64.4064407349, -311.91998291, -268.339935303, -126.000701904, -218.571456909, 16.6409492493, -179.207626343, -67.3382873535, -163.489074707, -27.4135913849, -77.7949905396], [-160.877059937, 624.314880371, -103.679275513, -78.6613922119, -47.6431846619, -93.6875762939, 24.3370914459, -51.973110199, 66.7272262573, -32.5728530884, 76.57472229, -29.9002189636, 41.3340110779], [-64.4064407349, -103.679275513, 342.193634033, 130.357254028, 76.9400482178, 37.4002952576, -11.5691699982, 19.2703933716, 14.0321645737, 17.1200618744, -16.6433544159, 12.6295566559, -9.67014408112], [-311.91998291, -78.6613922119, 130.357254028, 290.528198242, 139.62147522, 45.122718811, 35.4674606323, -28.8653430939, 39.6915855408, 13.6760492325, 41.9922447205, -6.46395349503, 4.67381477356], [-268.339935303, -47.6431846619, 76.9400482178, 139.62147522, 164.982894897, 70.2450714111, 46.1253051758, -16.7176513672, 19.5472221375, 24.927312851, 27.8875770569, 11.1453552246, 9.89130210876], [-126.000701904, -93.6875762939, 37.4002952576, 45.122718811, 70.2450714111, 128.137557983, 77.0835189819, 13.023311615, -1.89617300034, 12.7576856613, 10.1891565323, 4.88416719437, 8.65974903107], [-218.571456909, 24.3370914459, -11.5691699982, 35.4674606323, 46.1253051758, 77.0835189819, 134.283889771, 36.2205924988, 40.9135093689, 24.2022209167, 39.4471244812, 14.7449445724, 25.0321121216], [16.6409492493, -51.973110199, 19.2703933716, -28.8653430939, -16.7176513672, 13.023311615, 36.2205924988, 113.944587708, 53.526096344, 26.6361980438, 11.5289373398, 30.1285018921, 37.1111221313], [-179.207626343, 66.7272262573, 14.0321645737, 39.6915855408, 19.5472221375, -1.89617300034, 40.9135093689, 53.526096344, 105.834632874, 50.7070541382, 53.5926437378, 22.5363693237, 36.2352600098], [-67.3382873535, -32.5728530884, 17.1200618744, 13.6760492325, 24.927312851, 12.7576856613, 24.2022209167, 26.6361980438, 50.7070541382, 94.1578598022, 59.4779968262, 32.1898994446, 5.89523458481], [-163.489074707, 76.57472229, -16.6433544159, 41.9922447205, 27.8875770569, 10.1891565323, 39.4471244812, 11.5289373398, 53.5926437378, 59.4779968262, 107.31363678, 39.3203125, 22.9504547119], [-27.4135913849, -29.9002189636, 12.6295566559, -6.46395349503, 11.1453552246, 4.88416719437, 14.7449445724, 30.1285018921, 22.5363693237, 32.1898994446, 39.3203125, 73.3823394775, 32.4295310974], [-77.7949905396, 41.3340110779, -9.67014408112, 4.67381477356, 9.89130210876, 8.65974903107, 25.0321121216, 37.1111221313, 36.2352600098, 5.89523458481, 22.9504547119, 32.4295310974, 68.4028244019]],
        "icov": [[0.00143924402073, -0.000461096467916, 0.000207306613447, -0.000283807486994, 0.00158440158702, -0.000585355621297, 0.00178770127241, -0.00186641910113, 0.00263745547272, -0.00156066310592, 0.00152410450391, -0.000786174845416, 0.000766288256273], [-0.000461096467916, 0.00625396845862, -0.00197832356207, 0.00566589413211, -0.00231021107174, 0.00592563860118, -0.00459872744977, 0.00723920948803, -0.00680228089914, 0.00765062402934, -0.00905132386833, 0.00687689753249, -0.00491046765819], [0.000207306613447, -0.00197832356207, 0.00515970494598, -0.00409732898697, 0.000340566213708, -0.00328553677537, 0.00343053089455, -0.00402334565297, 0.00165730156004, -0.00330624403432, 0.00537729170173, -0.00427475245669, 0.00336419884115], [-0.000283807486994, 0.00566589413211, -0.00409732898697, 0.0131247667596, -0.00733561161906, 0.00600955076516, -0.00435568206012, 0.00835991185158, -0.00870994385332, 0.00973460823298, -0.0115174073726, 0.00872423313558, -0.00436104042456], [0.00158440158702, -0.00231021107174, 0.000340566213708, -0.00733561161906, 0.0163731258363, -0.00771660218015, 0.00257629016414, -0.00046537592425, 0.00399594614282, -0.00676266895607, 0.00607718992978, -0.00509606907144, 0.000509373436216], [-0.000585355621297, 0.00592563860118, -0.00328553677537, 0.00600955076516, -0.00771660218015, 0.0228419154882, -0.0140100512654, 0.00482961675152, 0.000416452006903, 0.00497915782034, -0.00831794552505, 0.0087459962815, -0.00639605382457], [0.00178770127241, -0.00459872744977, 0.00343053089455, -0.00435568206012, 0.00257629016414, -0.0140100512654, 0.0207892693579, -0.00937741063535, 0.00256595551036, -0.00445502158254, 0.00437620142475, -0.00511414604262, 0.00445648096502], [-0.00186641910113, 0.00723920948803, -0.00402334565297, 0.00835991185158, -0.00046537592425, 0.00482961675152, -0.00937741063535, 0.0270796455443, -0.0181078501046, 0.0078489780426, -0.00636864826083, 0.00434465520084, -0.010448442772], [0.00263745547272, -0.00680228089914, 0.00165730156004, -0.00870994385332, 0.00399594614282, 0.000416452006903, 0.00256595551036, -0.0181078501046, 0.0356366634369, -0.0184225980192, 0.00595220876858, -0.00156864605378, -0.00234949891455], [-0.00156066310592, 0.00765062402934, -0.00330624403432, 0.00973460823298, -0.00676266895607, 0.00497915782034, -0.00445502158254, 0.0078489780426, -0.0184225980192, 0.0332817733288, -0.021190777421, 0.00365678151138, 0.00245588086545], [0.00152410450391, -0.00905132386833, 0.00537729170173, -0.0115174073726, 0.00607718992978, -0.00831794552505, 0.00437620142475, -0.00636864826083, 0.00595220876858, -0.021190777421, 0.0358400158584, -0.0180796608329, 0.00599773135036], [-0.000786174845416, 0.00687689753249, -0.00427475245669, 0.00872423313558, -0.00509606907144, 0.0087459962815, -0.00511414604262, 0.00434465520084, -0.00156864605378, 0.00365678151138, -0.0180796608329, 0.0327297747135, -0.016041206196], [0.000766288256273, -0.00491046765819, 0.00336419884115, -0.00436104042456, 0.000509373436216, -0.00639605382457, 0.00445648096502, -0.010448442772, -0.00234949891455, 0.00245588086545, 0.00599773135036, -0.016041206196, 0.0306312013417]]
    },
    "melbands": {
        "dmean": [0.00629811221734, 0.00495782541111, 0.0013641952537, 0.000485347001813, 0.000272150529781, 0.000165917444974, 0.000131746433908, 9.12851392059e-05, 7.6449890912e-05, 6.79624281474e-05, 5.44749673281e-05, 7.19303934602e-05, 5.78967446927e-05, 3.14795033773e-05, 3.89494744013e-05, 2.66857023234e-05, 2.62345929514e-05, 2.37953372562e-05, 2.16132557398e-05, 2.039478386e-05, 1.593383422e-05, 1.35567534016e-05, 1.37186198117e-05, 1.01115001598e-05, 9.70304699877e-06, 8.62788601808e-06, 7.10701124262e-06, 8.21935736894e-06, 7.08590778231e-06, 5.16906084158e-06, 5.6212797972e-06, 5.10950758326e-06, 5.64257243241e-06, 5.33568345418e-06, 5.02039574712e-06, 4.30982299804e-06, 4.30618410974e-06, 5.5942086874e-06, 6.62280717734e-06, 4.77858611703e-06],
        "dmean2": [0.00922080781311, 0.00767769804224, 0.00229787873104, 0.000791565922555, 0.000442388030933, 0.000256827886915, 0.00021035716054, 0.000159004222951, 0.00013332508388, 0.000112022302346, 9.1248723038e-05, 0.000116223331133, 8.98470534594e-05, 5.05709394929e-05, 6.24618041911e-05, 4.17178598582e-05, 4.19803182012e-05, 3.84805643989e-05, 3.52752576873e-05, 3.27890302287e-05, 2.53927100857e-05, 2.28871540457e-05, 2.32780948863e-05, 1.64030589076e-05, 1.56368896569e-05, 1.40910360642e-05, 1.13613714348e-05, 1.32990653583e-05, 1.14169233711e-05, 8.34811362438e-06, 8.82620770426e-06, 7.70248516346e-06, 8.84205110196e-06, 8.54122117744e-06, 8.05220588518e-06, 6.61263402435e-06, 6.49941375741e-06, 8.97566678759e-06, 1.08525709948e-05, 7.27542555978e-06],
        "dvar": [7.89242694736e-05, 8.5061066784e-05, 9.05567321752e-06, 1.16057310606e-06, 2.46874861887e-07, 9.44040792206e-08, 5.2259576222e-08, 3.51399229714e-08, 2.20743974211e-08, 1.82153421235e-08, 1.78436039278e-08, 2.26920313651e-08, 1.35186324357e-08, 3.82372000729e-09, 3.93183086089e-09, 1.88603133111e-09, 1.75563752425e-09, 1.35985533944e-09, 9.77647518496e-10, 7.47917006105e-10, 6.52330855999e-10, 3.64207386472e-10, 2.97383090375e-10, 2.08776357313e-10, 1.48544274103e-10, 1.14436349286e-10, 9.99259217038e-11, 1.77073036789e-10, 1.31065991393e-10, 5.03218196279e-11, 5.21000638465e-11, 4.56007939742e-11, 5.06771569153e-11, 4.44391676235e-11, 4.2458665056e-11, 3.78309467086e-11, 3.46885298264e-11, 6.30381025157e-11, 8.50248482731e-11, 4.45015760353e-11],
        "dvar2": [0.000198986876057, 0.000197297165869, 2.37915010075e-05, 3.11073199555e-06, 6.62496631776e-07, 2.2967969926e-07, 1.26062289496e-07, 1.00245756585e-07, 6.11222574776e-08, 4.70996113222e-08, 5.08461326376e-08, 5.77914676114e-08, 3.36379564203e-08, 1.09299307383e-08, 1.04308881532e-08, 4.5856984876e-09, 4.28583035728e-09, 3.6095617606e-09, 2.40045672228e-09, 1.91882443268e-09, 1.5217570537e-09, 9.26089260833e-10, 7.13816561415e-10, 5.42728806341e-10, 3.71187247605e-10, 2.75792610971e-10, 2.07423023202e-10, 3.37670169603e-10, 3.01337899078e-10, 1.28262109267e-10, 1.2280750028e-10, 8.37489730343e-11, 1.09807024584e-10, 1.04179366522e-10, 1.07073933053e-10, 8.4078882745e-11, 6.55550891349e-11, 1.51172518947e-10, 2.14452428038e-10, 1.03164567167e-10],
        "max": [0.0725268870592, 0.0618335083127, 0.0231643766165, 0.0137059418485, 0.00509425066411, 0.00612971419469, 0.00244172522798, 0.00142241385765, 0.00175900699105, 0.002238282701, 0.00234539643861, 0.00296153617091, 0.00175908149686, 0.000971564557403, 0.000847068382427, 0.000665362051222, 0.000677709118463, 0.000478824833408, 0.000443174765678, 0.000364828068996, 0.000460213777842, 0.000287298840703, 0.000273733050562, 0.00024517744896, 0.000178691523615, 0.000130850632559, 0.00015748477017, 0.000290853116894, 0.000230859557632, 0.000149722982314, 9.92321511148e-05, 0.000104287726572, 0.000134055400849, 6.68658976792e-05, 6.59715369693e-05, 0.000102527934359, 0.000117124021926, 0.000122170109535, 8.22821748443e-05, 7.89339173934e-05],
        "mean": [0.0151651892811, 0.00892617553473, 0.00202454999089, 0.000747056736145, 0.000470134895295, 0.000340964994393, 0.000278455554508, 0.000156315421918, 0.000100758574263, 9.51979891397e-05, 9.12392133614e-05, 0.000113363770652, 0.000105067971162, 6.39649952063e-05, 7.39766037441e-05, 5.2150360716e-05, 5.62349778193e-05, 4.31265616498e-05, 3.94158159907e-05, 4.05043829232e-05, 3.00998435705e-05, 2.66625047516e-05, 2.52215268119e-05, 2.10131656786e-05, 2.24254708883e-05, 1.86757915799e-05, 1.51197991727e-05, 1.59622450155e-05, 1.38297327794e-05, 1.10682058221e-05, 1.14006988952e-05, 1.14360509542e-05, 1.15022803584e-05, 1.02828653326e-05, 9.35295429372e-06, 8.15786734165e-06, 8.14657596493e-06, 8.74959732755e-06, 9.17275337997e-06, 7.43387863622e-06],
        "median": [0.0147695839405, 0.00569580122828, 0.000912149611395, 0.000370075023966, 0.000188087913557, 0.00024916039547, 0.000177414040081, 0.000109615713882, 4.52699423477e-05, 3.25041510223e-05, 3.01911404677e-05, 3.76206262445e-05, 4.71676357847e-05, 3.59809637303e-05, 3.54996373062e-05, 3.10569557769e-05, 3.75597010134e-05, 2.81187694782e-05, 2.57867286564e-05, 2.96606976917e-05, 2.00612248591e-05, 1.8140870452e-05, 1.89352522284e-05, 1.56839232659e-05, 1.74851011252e-05, 1.36022281367e-05, 1.14457170639e-05, 1.19697251648e-05, 1.00412680695e-05, 8.76548619999e-06, 9.0684998213e-06, 8.74486340763e-06, 8.38659889268e-06, 7.06783293936e-06, 6.64907884129e-06, 5.46441970073e-06, 5.70761721974e-06, 5.36206380275e-06, 5.11284861204e-06, 3.95581673729e-06],
        "min": [8.77929835497e-07, 3.94669541492e-06, 1.1026289215e-08, 5.7023514799e-09, 3.35003180751e-09, 1.52008077237e-08, 7.86849163603e-09, 9.27932575223e-09, 1.29027384332e-08, 1.67324429867e-08, 2.75385385606e-08, 3.15089501157e-08, 1.8919212863e-08, 1.86345729958e-08, 2.98802653731e-08, 3.07401109012e-08, 5.02375669953e-08, 3.27060796224e-08, 6.64142660867e-08, 4.01180102472e-08, 9.10155293354e-08, 9.71938405314e-08, 9.05297738996e-08, 5.60284192375e-08, 3.5946730037e-08, 4.72708876487e-08, 1.22740303254e-07, 2.31324776223e-07, 1.857207792e-07, 7.44668398056e-08, 5.41943911969e-08, 1.3468282134e-07, 1.09764251022e-07, 2.4588659997e-08, 6.95142787777e-08, 3.76506399391e-08, 9.97960913907e-09, 1.75260144175e-08, 1.30947175325e-09, 1.64393689633e-11],
