{
"highlevel": {
    "danceability": {
        "all": {
            "danceable": 0.610115170479,
            "not_danceable": 0.389884829521
        },
        "probability": 0.610115170479,
        "value": "danceable"
    },
    "gender": {
        "all": {
            "female": 0.851525902748,
            "male": 0.14847406745
        },
        "probability": 0.851525902748,
        "value": "female"
    },
    "genre_dortmund": {
        "all": {
            "alternative": 0.0290461014956,
            "blues": 0.471701949835,
            "electronic": 0.0274263955653,
            "folkcountry": 0.021238328889,
            "funksoulrnb": 0.102735504508,
            "jazz": 0.118701688945,
            "pop": 0.0343719944358,
            "raphiphop": 0.0139875486493,
            "rock": 0.180790483952
        },
        "probability": 0.471701949835,
        "value": "blues"
    },
    "genre_electronic": {
        "all": {
            "ambient": 0.688187420368,
            "dnb": 0.171222820878,
            "house": 0.104376316071,
            "techno": 0.00536144478247,
            "trance": 0.0308519825339
        },
        "probability": 0.688187420368,
        "value": "ambient"
    },
    "genre_rosamerica": {
        "all": {
            "cla": 0.0131241418421,
            "dan": 0.0109335966408,
            "hip": 0.0165566466749,
            "jaz": 0.0153526738286,
            "pop": 0.700256705284,
            "rhy": 0.0602345615625,
            "roc": 0.180699110031,
            "spe": 0.00284257391468
        },
        "probability": 0.700256705284,
        "value": "pop"
    },
    "genre_tzanetakis": {
        "all": {
            "blu": 0.0626613423228,
            "cla": 0.0348169617355,
            "cou": 0.104475811124,
            "dis": 0.0784321576357,
            "hip": 0.15692435205,
            "jaz": 0.313974827528,
            "met": 0.0448166541755,
            "pop": 0.0627359300852,
            "reg": 0.0627360641956,
            "roc": 0.0784258767962
        },
        "probability": 0.313974827528,
        "value": "jaz"
    },
    "ismir04_rhythm": {
        "all": {
            "ChaChaCha": 0.0461441315711,
            "Jive": 0.0376427993178,
            "Quickstep": 0.606453716755,
            "Rumba-American": 0.0229463707656,
            "Rumba-International": 0.0300329010934,
            "Rumba-Misc": 0.00649399962276,
            "Samba": 0.160164609551,
            "Tango": 0.0392341800034,
            "VienneseWaltz": 0.0435434244573,
            "Waltz": 0.00734384264797
        },
        "probability": 0.606453716755,
        "value": "Quickstep"
    },
    "mood_acoustic": {
        "all": {
            "acoustic": 0.0186313129961,
            "not_acoustic": 0.981368660927
        },
        "probability": 0.981368660927,
        "value": "not_acoustic"
    },
    "mood_aggressive": {
        "all": {
            "aggressive": 0.781913399696,
            "not_aggressive": 0.218086585402
        },
        "probability": 0.781913399696,
        "value": "aggressive"
    },
    "mood_electronic": {
        "all": {
            "electronic": 0.458740919828,
            "not_electronic": 0.541259109974
        },
        "probability": 0.541259109974,
        "value": "not_electronic"
    },
    "mood_happy": {
        "all": {
            "happy": 0.310726314783,
            "not_happy": 0.689273655415
        },
        "probability": 0.689273655415,
        "value": "not_happy"
    },
    "mood_party": {
        "all": {
            "not_party": 0.690773427486,
            "party": 0.309226602316
        },
        "probability": 0.690773427486,
        "value": "not_party"
    },
    "mood_relaxed": {
        "all": {
            "not_relaxed": 0.832260966301,
            "relaxed": 0.167739003897
        },
        "probability": 0.832260966301,
        "value": "not_relaxed"
    },
    "mood_sad": {
        "all": {
            "not_sad": 0.625095486641,
            "sad": 0.374904543161
        },
        "probability": 0.625095486641,
        "value": "not_sad"
    },
    "moods_mirex": {
        "all": {
            "Cluster1": 0.328641504049,
            "Cluster2": 0.184451967478,
            "Cluster3": 0.15718100965,
            "Cluster4": 0.139870747924,
            "Cluster5": 0.189854755998
        },
        "probability": 0.328641504049,
        "value": "Cluster1"
    },
    "timbre": {
        "all": {
            "bright": 0.437981516123,
            "dark": 0.56201851368
        },
        "probability": 0.56201851368,
        "value": "dark"
    },
    "tonal_atonal": {
        "all": {
            "atonal": 0.517458975315,
            "tonal": 0.482541024685
        },
        "probability": 0.517458975315,
        "value": "atonal"
    },
    "voice_instrumental": {
        "all": {
            "instrumental": 0.535603225231,
            "voice": 0.464396804571
        },
        "probability": 0.535603225231,
        "value": "instrumental"
    }
},
"lowlevel": {
    "average_loudness": 0.952862560749,
    "barkbands_crest": {
        "dmean": 2.63143444061,
        "dmean2": 4.2724108696,
        "dvar": 6.621342659,
        "dvar2": 18.2728424072,
        "max": 23.6605701447,
        "mean": 10.1475563049,
        "median": 9.16958713531,
        "min": 2.94898605347,
        "var": 20.7697124481
    },
    "barkbands_flatness_db": {
        "dmean": 0.0204633139074,
        "dmean2": 0.0308317728341,
        "dvar": 0.000384193728678,
        "dvar2": 0.000890091527253,
        "max": 0.390937298536,
        "mean": 0.162710279226,
        "median": 0.154100224376,
        "min": 0.0547350496054,
        "var": 0.00269132503308
    },
    "barkbands_kurtosis": {
        "dmean": 2.49032998085,
        "dmean2": 4.10138463974,
        "dvar": 28.3227291107,
        "dvar2": 80.4347076416,
        "max": 82.8209838867,
        "mean": 3.04015159607,
        "median": 0.391291379929,
        "min": -1.77007067204,
        "var": 54.9725151062
    },
    "barkbands_skewness": {
        "dmean": 0.518692374229,
        "dmean2": 0.78187417984,
        "dvar": 0.299544006586,
        "dvar2": 0.73801022768,
        "max": 7.55030012131,
        "mean": 0.977484881878,
        "median": 0.748418986797,
        "min": -2.50976848602,
        "var": 1.88106250763
    },
    "barkbands_spread": {
        "dmean": 4.43997478485,
        "dmean2": 6.59181594849,
        "dvar": 23.213312149,
        "dvar2": 50.8416442871,
        "max": 79.1784133911,
        "mean": 22.2966480255,
        "median": 21.0366439819,
        "min": 1.20202124119,
        "var": 135.086608887
    },
    "dissonance": {
        "dmean": 0.0206037536263,
        "dmean2": 0.0357027649879,
        "dvar": 0.000489237310831,
        "dvar2": 0.00134504202288,
        "max": 0.499884217978,
        "mean": 0.46909058094,
        "median": 0.477273702621,
        "min": 0.327305525541,
        "var": 0.000731960171834
    },
    "dynamic_complexity": 2.57189893723,
    "erbbands_crest": {
        "dmean": 2.82373189926,
        "dmean2": 4.25797986984,
        "dvar": 8.07016086578,
        "dvar2": 16.9544754028,
        "max": 32.1884078979,
        "mean": 11.8333530426,
        "median": 9.70205974579,
        "min": 2.8991894722,
        "var": 44.9940986633
    },
    "erbbands_flatness_db": {
        "dmean": 0.0166247151792,
        "dmean2": 0.0225101802498,
        "dvar": 0.000245865579927,
        "dvar2": 0.000419688294642,
        "max": 0.383494853973,
        "mean": 0.187680527568,
        "median": 0.182421311736,
        "min": 0.0688440799713,
        "var": 0.00260356510989
    },
    "erbbands_kurtosis": {
        "dmean": 1.15400254726,
        "dmean2": 1.71354925632,
        "dvar": 2.23191404343,
        "dvar2": 4.57762908936,
        "max": 21.249786377,
        "mean": 1.76570916176,
        "median": 0.607147932053,
        "min": -1.41531538963,
        "var": 10.6627950668
    },
    "erbbands_skewness": {
        "dmean": 0.337042182684,
        "dmean2": 0.485388755798,
        "dvar": 0.107465162873,
        "dvar2": 0.20210570097,
        "max": 2.56683111191,
        "mean": -0.040523506701,
        "median": 0.00195120694116,
        "min": -2.77005910873,
        "var": 0.745720207691
    },
    "erbbands_spread": {
        "dmean": 5.59950017929,
        "dmean2": 8.22980880737,
        "dvar": 40.4846458435,
        "dvar2": 91.1749801636,
        "max": 122.188926697,
        "mean": 26.7768249512,
        "median": 25.3357067108,
        "min": 2.56321024895,
        "var": 185.566040039
    },
    "hfc": {
        "dmean": 5.81402158737,
        "dmean2": 7.94787454605,
        "dvar": 61.5045547485,
        "dvar2": 100.425834656,
        "max": 109.650115967,
        "mean": 24.0622425079,
        "median": 20.7654533386,
        "min": 0.16272598505,
        "var": 334.840332031
    },
    "melbands_crest": {
        "dmean": 3.40571856499,
        "dmean2": 5.49349737167,
        "dvar": 10.6718587875,
        "dvar2": 26.4589195251,
        "max": 35.9726982117,
        "mean": 14.3517971039,
        "median": 12.91365242,
        "min": 4.33155059814,
        "var": 39.5911560059
    },
    "melbands_flatness_db": {
        "dmean": 0.0243279021233,
        "dmean2": 0.0353345163167,
        "dvar": 0.000585818837862,
        "dvar2": 0.00129948463291,
        "max": 0.487948417664,
        "mean": 0.210417822003,
        "median": 0.204151406884,
        "min": 0.0711013823748,
        "var": 0.00418207794428
    },
    "melbands_kurtosis": {
        "dmean": 5.09404182434,
        "dmean2": 8.24909591675,
        "dvar": 110.936775208,
        "dvar2": 291.539733887,
        "max": 184.769058228,
        "mean": 8.16412830353,
        "median": 2.73328924179,
        "min": -1.68682062626,
        "var": 227.22505188
    },
    "melbands_skewness": {
        "dmean": 0.647300243378,
        "dmean2": 0.981653690338,
        "dvar": 0.52399045229,
        "dvar2": 1.27040827274,
        "max": 11.6400098801,
        "mean": 1.89803564548,
        "median": 1.63946008682,
        "min": -2.10214567184,
        "var": 2.75629472733
    },
    "melbands_spread": {
        "dmean": 6.70321798325,
        "dmean2": 9.86433315277,
        "dvar": 53.0976867676,
        "dvar2": 104.237373352,
        "max": 85.9803009033,
        "mean": 29.2628307343,
        "median": 27.4753627777,
        "min": 0.877458035946,
        "var": 324.405822754
    },
    "pitch_salience": {
        "dmean": 0.0703240782022,
        "dmean2": 0.113556921482,
        "dvar": 0.00450330041349,
        "dvar2": 0.0117260236293,
        "max": 0.842824101448,
        "mean": 0.511651098728,
        "median": 0.514769434929,
        "min": 0.125419333577,
        "var": 0.0146827492863
    },
    "silence_rate_20dB": {
        "dmean": 0,
        "dmean2": 0,
        "dvar": 0,
        "dvar2": 0,
        "max": 1,
        "mean": 1,
        "median": 1,
        "min": 1,
        "var": 0
    },
    "silence_rate_30dB": {
        "dmean": 0.0216718260199,
        "dmean2": 0.0433772280812,
        "dvar": 0.0212018694729,
        "dvar2": 0.0538892969489,
        "max": 1,
        "mean": 0.982985317707,
        "median": 1,
        "min": 0,
        "var": 0.0167254377156
    },
    "silence_rate_60dB": {
        "dmean": 0.00386996893212,
        "dmean2": 0.00697134016082,
        "dvar": 0.00385499442928,
        "dvar2": 0.00692274188623,
        "max": 1,
        "mean": 0.0123743228614,
        "median": 0,
        "min": 0,
        "var": 0.0122212106362
    },
    "spectral_centroid": {
        "dmean": 196.88369751,
        "dmean2": 280.073760986,
        "dvar": 46168.5,
        "dvar2": 84151.9296875,
        "max": 3219.60351562,
        "mean": 1483.81164551,
        "median": 1423.85925293,
        "min": 289.485534668,
        "var": 390954.25
    },
    "spectral_complexity": {
        "dmean": 3.16950464249,
        "dmean2": 4.62354755402,
        "dvar": 15.0726613998,
        "dvar2": 22.86536026,
        "max": 55,
        "mean": 18.6349582672,
        "median": 17,
        "min": 0,
        "var": 78.5025939941
    },
    "spectral_decrease": {
        "dmean": 2.9176336902e-09,
        "dmean2": 4.62050753214e-09,
        "dvar": 2.1443542341e-17,
        "dvar2": 5.44747766418e-17,
        "max": -2.47183697122e-11,
        "mean": -8.21692136554e-09,
        "median": -6.10228756415e-09,
        "min": -4.39836007615e-08,
        "var": 4.65706192113e-17
    },
    "spectral_energy": {
        "dmean": 0.0113979494199,
        "dmean2": 0.0179377477616,
        "dvar": 0.000313826312777,
        "dvar2": 0.000790783553384,
        "max": 0.170226544142,
        "mean": 0.0331950895488,
        "median": 0.0255784578621,
        "min": 0.000108052641735,
        "var": 0.00070812337799
    },
    "spectral_energyband_high": {
        "dmean": 0.000180149028893,
        "dmean2": 0.000248681230005,
        "dvar": 1.30902108708e-07,
        "dvar2": 2.16931525188e-07,
        "max": 0.00380311277695,
        "mean": 0.000404652324505,
        "median": 0.000202548166271,
        "min": 1.42890610277e-06,
        "var": 3.3722787407e-07
    },
    "spectral_energyband_low": {
        "dmean": 0.0082029486075,
        "dmean2": 0.0134776430205,
        "dvar": 0.000274798163446,
        "dvar2": 0.000730025290977,
        "max": 0.135544940829,
        "mean": 0.0145007809624,
        "median": 0.00686815474182,
        "min": 7.52432811169e-07,
        "var": 0.000434090034105
    },
    "spectral_energyband_middle_high": {
        "dmean": 0.00308638159186,
        "dmean2": 0.00400603143498,
        "dvar": 1.90930677491e-05,
        "dvar2": 3.08719354507e-05,
        "max": 0.0750315338373,
        "mean": 0.0113758230582,
        "median": 0.0082347728312,
        "min": 5.38478561793e-05,
        "var": 0.000144624296809
    },
    "spectral_energyband_middle_low": {
        "dmean": 0.0034964508377,
        "dmean2": 0.00573997339234,
        "dvar": 4.45590994786e-05,
        "dvar2": 0.000116206028906,
        "max": 0.0804892927408,
        "mean": 0.00796957220882,
        "median": 0.00643493095413,
        "min": 6.11055065747e-06,
        "var": 5.19450441061e-05
    },
    "spectral_entropy": {
        "dmean": 0.158867925406,
        "dmean2": 0.22062343359,
        "dvar": 0.0240224767476,
        "dvar2": 0.0405640527606,
        "max": 8.45718479156,
        "mean": 7.26329517365,
        "median": 7.26107025146,
        "min": 5.76697158813,
        "var": 0.157920464873
    },
    "spectral_flux": {
        "dmean": 0.0293792039156,
        "dmean2": 0.0458752550185,
        "dvar": 0.00102070264984,
        "dvar2": 0.00221196888015,
        "max": 0.312512278557,
        "mean": 0.0954573526978,
        "median": 0.0801034271717,
        "min": 0.00720038404688,
        "var": 0.00290987989865
    },
    "spectral_kurtosis": {
        "dmean": 1.97887575626,
        "dmean2": 3.35851716995,
        "dvar": 3.86141657829,
        "dvar2": 10.4367723465,
        "max": 26.6479606628,
        "mean": 6.04865646362,
        "median": 5.42075157166,
        "min": -0.466447114944,
        "var": 7.960729599
    },
    "spectral_rms": {
        "dmean": 0.000866017595399,
        "dmean2": 0.00131826347206,
        "dvar": 1.24868961393e-06,
        "dvar2": 2.97037831842e-06,
        "max": 0.012886996381,
        "mean": 0.00528911734,
        "median": 0.00499545736238,
        "min": 0.000324680178892,
        "var": 4.41070051238e-06
    },
    "spectral_rolloff": {
        "dmean": 317.847015381,
        "dmean2": 524.886901855,
        "dvar": 245370.96875,
        "dvar2": 500806.34375,
        "max": 9689.94140625,
        "mean": 1485.92346191,
        "median": 1291.9921875,
        "min": 64.599609375,
        "var": 941727.5
    },
    "spectral_skewness": {
        "dmean": 0.227449610829,
        "dmean2": 0.375522404909,
        "dvar": 0.0451394245028,
        "dvar2": 0.113453738391,
        "max": 3.54187202454,
        "mean": 1.75472056866,
        "median": 1.73044502735,
        "min": 0.665692925453,
        "var": 0.144776523113
    },
    "spectral_spread": {
        "dmean": 417542,
        "dmean2": 594512.0625,
        "dvar": 366443560960,
        "dvar2": 678973669376,
        "max": 14619949,
        "mean": 3614507,
        "median": 3393435.25,
        "min": 1962093.5,
        "var": 1.10920767898e+12
    },
    "spectral_strongpeak": {
        "dmean": 0.984933316708,
        "dmean2": 1.66149663925,
        "dvar": 2.49068689346,
        "dvar2": 5.42791032791,
        "max": 11.9167785645,
        "mean": 1.80880844593,
        "median": 0.406466305256,
        "min": 0,
        "var": 6.13615131378
    },
    "zerocrossingrate": {
        "dmean": 0.00727697787806,
        "dmean2": 0.00814684573561,
        "dvar": 5.77653991058e-05,
        "dvar2": 6.75056435284e-05,
        "max": 0.19677734375,
        "mean": 0.0548566803336,
        "median": 0.05224609375,
        "min": 0.0048828125,
        "var": 0.000728065730073
    },
    "barkbands": {
        "dmean": [0.00114485039376, 0.00658715050668, 0.0017887444701, 0.00164705805946, 0.00130016217008, 0.000641886435915, 0.00052450253861, 0.000324707856635, 0.000482754025143, 0.000538797525223, 0.00123998511117, 0.000988690881059, 0.000259832188021, 0.000410775333876, 0.000578607025091, 0.000600798579399, 0.000367189117242, 0.000344436761225, 0.000139267052873, 0.000141699580126, 4.3225067202e-05, 2.9421180443e-05, 2.94128458336e-05, 2.843706352e-05, 2.36879386648e-05, 5.09782285008e-06, 4.05558875372e-09],
        "dmean2": [0.00184979359619, 0.0110231135041, 0.00305210612714, 0.00278649921529, 0.00224920385517, 0.00105730316136, 0.000860522617586, 0.000532989972271, 0.000766879878938, 0.000831673562061, 0.00178700231481, 0.00138697144575, 0.000395208393456, 0.00060572772054, 0.000856422644574, 0.00091035378864, 0.00055492046522, 0.000519764435012, 0.00020612066146, 0.000209595236811, 6.2394530687e-05, 4.24188838224e-05, 4.07017323596e-05, 3.94954804506e-05, 3.37482852046e-05, 7.34231707611e-06, 6.58342402815e-09],
        "dvar": [8.15422390588e-06, 0.000219931433094, 1.91756953427e-05, 1.13840897029e-05, 7.47801732359e-06, 1.336352625e-06, 1.46193576711e-06, 3.73112897023e-07, 2.06900563171e-06, 3.41001168636e-06, 1.16453720693e-05, 8.09783432487e-06, 5.01358556448e-07, 1.07155722162e-06, 1.86500892596e-06, 2.65513153863e-06, 7.46497846649e-07, 4.03145634209e-07, 5.07175563769e-08, 7.1600616991e-08, 9.08020769685e-09, 7.43035544204e-09, 3.50170248353e-09, 3.34490990461e-09, 2.69397260055e-09, 1.71946165639e-10, 1.46486534349e-15],
        "dvar2": [1.82495095942e-05, 0.000622874707915, 5.22735972481e-05, 2.96533362416e-05, 2.15241743717e-05, 3.59275509254e-06, 3.84545546694e-06, 9.5226363328e-07, 5.20618050359e-06, 8.64315006766e-06, 2.04314983421e-05, 1.21875582408e-05, 1.16738124234e-06, 2.15338423004e-06, 3.9907226892e-06, 6.26253813607e-06, 1.6079351326e-06, 9.49874163325e-07, 9.98830529397e-08, 1.65797857221e-07, 1.68587312999e-08, 1.56670427742e-08, 5.61058666193e-09, 5.70081759577e-09, 5.42945111093e-09, 3.57692736541e-10, 1.82114201242e-15],
        "max": [0.0413327142596, 0.117473386228, 0.0589203611016, 0.0337424650788, 0.0395711027086, 0.0171769708395, 0.0173121355474, 0.00723192142323, 0.0304678194225, 0.0433288775384, 0.0484100654721, 0.0695980265737, 0.0125329745933, 0.0198775436729, 0.0201677419245, 0.0268218051642, 0.0204353649169, 0.00858085788786, 0.00389497517608, 0.00446383282542, 0.00104323972482, 0.000870821299031, 0.000819754437543, 0.00104710634332, 0.00119910051581, 0.000166991754668, 1.28738349758e-06],
        "mean": [0.00183722365182, 0.00934362411499, 0.00237353914417, 0.00225175265223, 0.00224792491645, 0.0012476935517, 0.000688746687956, 0.000471352570457, 0.000847840798087, 0.00104043574538, 0.00305284932256, 0.00218549813144, 0.000421310513048, 0.000673423113767, 0.001096367836, 0.00101476686541, 0.000763817341067, 0.000741767405998, 0.000293010816677, 0.000310953822918, 7.52129490138e-05, 4.88645491714e-05, 5.94357516093e-05, 5.83044275118e-05, 4.21490440203e-05, 7.24788287698e-06, 3.27861271465e-09],
        "median": [0.000223984592594, 0.00343249086291, 0.00119405658916, 0.00121780810878, 0.00147754116915, 0.000928088207729, 0.000367382337572, 0.000241128946072, 0.000331147777615, 0.000254038488492, 0.000303407519823, 0.000311531446641, 0.000126232567709, 0.000179320806637, 0.000331832969096, 0.000186054123333, 0.000268990144832, 0.000336911267368, 0.000155185407493, 0.000122561876196, 2.60357737716e-05, 1.26301192722e-05, 2.60119668383e-05, 2.39787113969e-05, 1.38184223033e-05, 1.73296700723e-06, 3.51476125982e-10],
        "min": [7.48585421206e-07, 5.98584932732e-08, 1.16695941799e-09, 6.21290741076e-10, 8.91067386544e-10, 7.97589883028e-10, 3.43938381775e-07, 8.74923557603e-07, 4.23227675128e-08, 6.85305456827e-09, 4.40852438999e-08, 1.37169152481e-07, 4.25114912161e-08, 3.67281842273e-07, 4.15071281168e-06, 6.04294996265e-07, 9.34111938022e-07, 1.98504312721e-06, 7.63529499181e-07, 4.72311853628e-07, 9.28452692506e-08, 4.1742175938e-08, 5.71038043518e-08, 1.20294572525e-07, 1.84616926191e-08, 1.39912317842e-11, 8.08768850502e-12],
        "var": [2.00438116735e-05, 0.000263533816906, 1.79657054105e-05, 1.1957676179e-05, 7.17664215699e-06, 1.70287250967e-06, 1.28446617964e-06, 5.27731629063e-07, 3.69898566532e-06, 1.09996972242e-05, 5.86448040849e-05, 3.8481070078e-05, 1.10043743007e-06, 2.07115954254e-06, 4.1612061068e-06, 4.82033601656e-06, 1.70704697666e-06, 1.12410373276e-06, 1.37158650659e-07, 2.0272129575e-07, 2.03198382565e-08, 1.31029471717e-08, 8.80724382313e-09, 8.19289081022e-09, 5.66297408966e-09, 2.67695199341e-10, 1.39404227179e-15]
    },
    "erbbands": {
        "dmean": [0.280294984579, 1.19418823719, 2.03085017204, 3.72281122208, 5.14352893829, 4.63338375092, 4.84405136108, 5.32182836533, 6.97710990906, 8.19041633606, 6.5426363945, 10.3088006973, 13.625834465, 24.5863704681, 56.9325065613, 37.2304420471, 12.9284343719, 17.5869102478, 25.8481674194, 28.5267601013, 26.4360904694, 16.0786952972, 17.3989810944, 10.6373243332, 6.98783540726, 7.66643762589, 2.33031630516, 1.34028196335, 1.25002884865, 0.822945415974, 0.843263506889, 0.633744299412, 0.46655279398, 0.336566090584, 0.132522344589, 0.0355738513172, 0.00716710090637, 0.000517238397151, 1.5093042748e-05, 1.32662862597e-05],
        "dmean2": [0.45847094059, 2.03403520584, 3.5096077919, 6.30039310455, 8.9379940033, 7.89758586884, 7.79109573364, 8.69769859314, 11.4266815186, 13.6380558014, 10.5732307434, 15.928814888, 22.2246990204, 35.2027511597, 78.5523986816, 49.3471603394, 18.7903213501, 25.2253875732, 36.0493812561, 42.6972389221, 38.5429115295, 23.1727676392, 26.442565918, 15.0433549881, 10.4564962387, 11.4861822128, 3.40936493874, 1.78708422184, 1.86231696606, 1.2223739624, 1.15495967865, 0.87978297472, 0.65790104866, 0.499703705311, 0.184873595834, 0.0506441295147, 0.0103299878538, 0.000787326833233, 2.1982124963e-05, 2.05758515222e-05],
        "dvar": [0.401140332222, 8.80172634125, 26.6619434357, 52.2314720154, 156.164779663, 75.3234710693, 53.9824333191, 114.027763367, 200.588638306, 360.284088135, 162.959991455, 1258.65991211, 1156.5657959, 5454.29541016, 22055.71875, 12097.1923828, 1189.32202148, 1608.43945312, 3749.27001953, 5375.22070312, 3875.40063477, 1340.95544434, 1261.05041504, 357.105743408, 123.944221497, 264.007141113, 22.8401317596, 10.1976099014, 15.3991041183, 3.81139039993, 2.70608592033, 1.50877261162, 1.32853269577, 0.727323234081, 0.0737872496247, 0.00882778130472, 0.000282923225313, 1.51685742367e-06, 8.07900024657e-10, 3.93874516336e-10],
        "dvar2": [1.15273654461, 24.3260707855, 71.2274703979, 141.44519043, 435.605102539, 214.467269897, 131.480316162, 313.32434082, 508.823455811, 969.186096191, 414.521789551, 3027.20947266, 3049.36108398, 12955.5263672, 37036.0429688, 15941.9658203, 2710.14282227, 3476.70727539, 7456.85986328, 13035.6347656, 7951.94970703, 2520.45361328, 2926.02832031, 702.838134766, 283.595336914, 620.637145996, 44.893283844, 16.4157295227, 35.0499610901, 7.35051727295, 4.16595077515, 2.49818730354, 2.51680135727, 1.58445334435, 0.147619664669, 0.0180657636374, 0.000567402050365, 3.38556287716e-06, 1.63605418102e-09, 9.63218393935e-10],
        "max": [5.28574371338, 26.825963974, 57.0600013733, 72.498046875, 146.823730469, 132.096984863, 80.1182861328, 192.67149353, 125.160163879, 287.883392334, 179.40838623, 895.062438965, 616.170532227, 1668.20776367, 2585.13476562, 2885.23291016, 668.878662109, 631.894165039, 926.034301758, 1199.54553223, 1026.38830566, 1006.93988037, 415.727935791, 313.585021973, 148.002853394, 275.791900635, 61.9967689514, 42.8983306885, 40.1472740173, 23.4798431396, 21.7411746979, 15.7218236923, 29.2449855804, 21.6216945648, 4.14322328568, 1.29879510403, 0.152709588408, 0.0125821698457, 0.000281471002381, 0.000193476720597],
        "mean": [0.392177253962, 1.60404860973, 2.73982357979, 5.71880149841, 6.70238637924, 8.09819507599, 9.40293693542, 9.97348976135, 9.8244600296, 11.114988327, 10.8436775208, 18.3378105164, 24.0748596191, 54.0958480835, 142.621810913, 90.5014190674, 24.8749713898, 34.3416481018, 50.3514671326, 51.3796272278, 58.2824058533, 40.1889305115, 38.977809906, 25.4655361176, 15.8909225464, 16.8112850189, 4.51395130157, 2.40407729149, 1.90934169292, 1.59230554104, 1.70449507236, 1.32035887241, 0.904252707958, 0.625833511353, 0.212055370212, 0.0510872453451, 0.0104309432209, 0.000709758664016, 3.52301321982e-05, 4.06759681937e-05],
        "median": [0.102361291647, 0.639433920383, 1.37692022324, 3.59484100342, 3.86066627502, 4.87477827072, 6.55495548248, 7.05290651321, 5.31361961365, 6.0254406929, 5.69383478165, 7.53229379654, 9.88296890259, 12.1069507599, 20.5322341919, 17.0326099396, 9.78774547577, 12.6444063187, 16.4704341888, 21.9124660492, 15.9560165405, 16.2503147125, 19.4336261749, 13.8538885117, 8.91768360138, 6.7054567337, 1.99404680729, 0.764206826687, 0.439499288797, 0.574605166912, 0.791238725185, 0.557787716389, 0.326427012682, 0.198142766953, 0.062006637454, 0.0119566805661, 0.00279113394208, 0.000174427856109, 2.30607820413e-05, 3.24011489283e-05],
        "min": [8.39559470478e-06, 3.85535622627e-06, 2.06897493626e-06, 6.56092242934e-06, 5.60157150176e-06, 1.70965686266e-05, 0.000170844505192, 0.0012277381029, 0.00422951439396, 0.0288397073746, 0.027760149911, 0.00949843786657, 0.00612706365064, 0.00807390641421, 0.032939478755, 0.0724163576961, 0.127473637462, 0.0566943511367, 0.306574940681, 0.150095432997, 0.0687881931663, 0.0447002872825, 0.112156175077, 0.0688635483384, 0.0422983504832, 0.0263034496456, 0.00963092129678, 0.00447608763352, 0.00194515404291, 0.00223904754966, 0.00221135048196, 0.00249560503289, 0.00115251599345, 0.000212011946132, 7.59697941248e-05, 1.18751504488e-05, 2.97643373415e-06, 1.84904365597e-07, 8.83733264345e-08, 1.44246854461e-07],
        "var": [0.604714095592, 8.54951763153, 25.5957260132, 54.0168037415, 119.450149536, 92.8352584839, 93.2761001587, 129.737136841, 204.138198853, 322.829193115, 293.078643799, 1885.96850586, 2302.47094727, 19111.6445312, 111862.039062, 67889.2109375, 2880.51538086, 4206.71191406, 10534.9023438, 7437.69287109, 13576.8378906, 3886.99951172, 3273.21386719, 1254.6965332, 339.921966553, 673.981506348, 50.9429664612, 24.2615509033, 23.3222961426, 8.31485080719, 7.45621728897, 3.84751415253, 2.64289927483, 1.34978783131, 0.15817348659, 0.0142296245322, 0.000455566740129, 2.11414021578e-06, 1.450040088e-09, 9.35022836934e-10]
    },
    "gfcc": {
        "mean": [-4.0606045723, 108.557807922, -136.655517578, 36.3981628418, -45.0349464417, 21.4835796356, -39.7674484253, 16.9489898682, -24.6201877594, -4.50114917755, -3.51002168655, -3.04125261307, -1.95723593235],
        "cov": [[3388.47436523, 266.400482178, 260.826782227, 308.381713867, 81.2837753296, 111.49747467, 21.0591678619, -87.0697937012, -388.547393799, -175.631225586, -292.057678223, 48.1340370178, -85.1136779785], [266.400482178, 2062.00244141, 793.287841797, 290.60357666, 279.611785889, -31.7934761047, 323.850219727, -403.075439453, -77.332321167, -182.453384399, -21.0063819885, -87.3600463867, 166.143203735], [260.826782227, 793.287841797, 859.463012695, 111.64415741, 65.5604476929, 93.3888092041, 69.0969619751, -109.782928467, -119.342178345, 7.86308717728, -71.3809280396, -9.93342113495, 48.4699211121], [308.381713867, 290.60357666, 111.64415741, 292.89050293, 57.6429405212, -66.7417602539, 31.9650554657, -39.2675437927, 49.9173965454, -71.8797607422, -44.2686920166, -9.01496696472, 27.9781398773], [81.2837753296, 279.611785889, 65.5604476929, 57.6429405212, 235.232849121, 26.861038208, 59.9774513245, -24.4948940277, 8.06170654297, -18.0664520264, 45.5739173889, 6.91061878204, 31.6481056213], [111.49747467, -31.7934761047, 93.3888092041, -66.7417602539, 26.861038208, 169.26751709, 40.3383178711, -0.99952185154, -53.8442382812, 15.0020360947, 45.9574737549, 5.91898822784, 6.00729846954], [21.0591678619, 323.850219727, 69.0969619751, 31.9650554657, 59.9774513245, 40.3383178711, 206.923400879, -67.4749145508, -4.60641765594, -18.5896816254, 27.8810348511, 12.7309026718, 33.4924125671], [-87.0697937012, -403.075439453, -109.782928467, -39.2675437927, -24.4948940277, -0.99952185154, -67.4749145508, 184.765396118, 60.9496841431, 47.5093727112, 16.9829921722, 4.10992622375, -11.4753723145], [-388.547393799, -77.332321167, -119.342178345, 49.9173965454, 8.06170654297, -53.8442382812, -4.60641765594, 60.9496841431, 211.27355957, 27.4183311462, 34.3817253113, 0.901760041714, 17.0374298096], [-175.631225586, -182.453384399, 7.86308717728, -71.8797607422, -18.0664520264, 15.0020360947, -18.5896816254, 47.5093727112, 27.4183311462, 135.630752563, 34.1861801147, 12.447886467, -26.8414039612], [-292.057678223, -21.0063819885, -71.3809280396, -44.2686920166, 45.5739173889, 45.9574737549, 27.8810348511, 16.9829921722, 34.3817253113, 34.1861801147, 179.624099731, -14.1019506454, 23.5472869873], [48.1340370178, -87.3600463867, -9.93342113495, -9.01496696472, 6.91061878204, 5.91898822784, 12.7309026718, 4.10992622375, 0.901760041714, 12.447886467, -14.1019506454, 109.001281738, 1.53135299683], [-85.1136779785, 166.143203735, 48.4699211121, 27.9781398773, 31.6481056213, 6.00729846954, 33.4924125671, -11.4753723145, 17.0374298096, -26.8414039612, 23.5472869873, 1.53135299683, 101.782577515]],
        "icov": [[0.000646448577754, -0.00032262361492, 0.00047880326747, -0.00111092685256, -1.85671487998e-05, -0.00104259431828, 0.000255666003795, -0.000715834961738, 0.00138349924237, -0.00016608502483, 0.000887812871952, -0.000423022633186, 0.000572631193791], [-0.00032262361492, 0.00383841362782, -0.00312031432986, 0.00104546302464, -0.00230263406411, 0.00369781558402, -0.00299733760767, 0.00501630734652, -0.00167132588103, 0.00254009105265, -0.00109893921763, 0.00273845135234, -0.00212457147427], [0.00047880326747, -0.00312031432986, 0.0044740755111, -0.00230212858878, 0.00154782214668, -0.00452695274726, 0.00244375667535, -0.00341870891862, 0.00268975785002, -0.00363203184679, 0.00227685715072, -0.0018262679223, 0.000685001607053], [-0.00111092685256, 0.00104546302464, -0.00230212858878, 0.00765417143703, -0.00132819614373, 0.00431587500498, -0.00131839793175, 0.00195201137103, -0.00442180596292, 0.00350576289929, -0.00106378959026, 0.00119372282643, -0.000938229786698], [-1.85671487998e-05, -0.00230263406411, 0.00154782214668, -0.00132819614373, 0.0067049167119, -0.0024903640151, 0.000984034384601, -0.00286277383566, 0.000545448274352, -0.00110655627213, -0.00110993883573, -0.00213437783532, 0.000692531699315], [-0.00104259431828, 0.00369781558402, -0.00452695274726, 0.00431587500498, -0.0024903640151, 0.0134366657585, -0.00447608716786, 0.00376299140044, -0.00135478319135, 0.00319081777707, -0.00436920998618, 0.00228746957146, -0.00201540370472], [0.000255666003795, -0.00299733760767, 0.00244375667535, -0.00131839793175, 0.000984034384601, -0.00447608716786, 0.00885629653931, -0.00155622710008, 0.000709337939043, -0.00201707426459, 0.000332776893629, -0.00293585914187, 0.000490146398079], [-0.000715834961738, 0.00501630734652, -0.00341870891862, 0.00195201137103, -0.00286277383566, 0.00376299140044, -0.00155622710008, 0.0145394038409, -0.00469607161358, 0.00124209804926, -0.0014254237758, 0.00355863757432, -0.00348620605655], [0.00138349924237, -0.00167132588103, 0.00268975785002, -0.00442180596292, 0.000545448274352, -0.00135478319135, 0.000709337939043, -0.00469607161358, 0.0104744564742, -0.00320073822513, 0.00103974540252, -0.00152657402214, 0.000152184205945], [-0.00016608502483, 0.00254009105265, -0.00363203184679, 0.00350576289929, -0.00110655627213, 0.00319081777707, -0.00201707426459, 0.00124209804926, -0.00320073822513, 0.013262248598, -0.00307089649141, 0.000237724219915, 0.00218037329614], [0.000887812871952, -0.00109893921763, 0.00227685715072, -0.00106378959026, -0.00110993883573, -0.00436920998618, 0.000332776893629, -0.0014254237758, 0.00103974540252, -0.00307089649141, 0.0096027161926, 0.00076966220513, -0.00113984546624], [-0.000423022633186, 0.00273845135234, -0.0018262679223, 0.00119372282643, -0.00213437783532, 0.00228746957146, -0.00293585914187, 0.00355863757432, -0.00152657402214, 0.000237724219915, 0.00076966220513, 0.0118269929662, -0.00242409831844], [0.000572631193791, -0.00212457147427, 0.000685001607053, -0.000938229786698, 0.000692531699315, -0.00201540370472, 0.000490146398079, -0.00348620605655, 0.000152184205945, 0.00218037329614, -0.00113984546624, -0.00242409831844, 0.013902396895]]
    },
    "melbands": {
        "dmean": [0.00210524490103, 0.00114037573803, 0.000694040209055, 0.000322575739119, 0.000171705323737, 0.000120645774587, 0.000106607971247, 8.60898871906e-05, 5.56748600502e-05, 6.68394204695e-05, 6.8389424996e-05, 9.72140769591e-05, 0.00018478986749, 0.00015198418987, 5.24508977833e-05, 2.59806092799e-05, 3.64153165719e-05, 4.25874677603e-05, 4.12634799432e-05, 4.44811194029e-05, 3.0449429687e-05, 1.83204683708e-05, 2.03010004043e-05, 1.80495771929e-05, 8.96125402505e-06, 5.12417409482e-06, 5.76137244934e-06, 5.43495298189e-06, 1.70126634202e-06, 9.85169435808e-07, 8.06615275906e-07, 7.63320201713e-07, 5.41282020095e-07, 5.12077122039e-07, 5.51835682927e-07, 4.69098466738e-07, 3.91126832255e-07, 3.47254342614e-07, 3.21731619124e-07, 3.11386003204e-07],
        "dmean2": [0.0034741894342, 0.00193492730614, 0.00116919679567, 0.000568030576687, 0.000268818403129, 0.000197237517568, 0.000175250315806, 0.000141751166666, 8.99322039913e-05, 0.000103642873, 0.000111344983452, 0.000141659009387, 0.000258498475887, 0.000207347708056, 6.84234619257e-05, 4.12501613027e-05, 5.16689688084e-05, 5.96263271291e-05, 6.07547117397e-05, 6.79615695844e-05, 4.30681175203e-05, 2.63468336925e-05, 3.10160903609e-05, 2.61149925791e-05, 1.28575684357e-05, 7.68189329392e-06, 8.76231661096e-06, 8.14848408481e-06, 2.57332135334e-06, 1.45948615682e-06, 1.10795372166e-06, 1.15678585644e-06, 8.21572427867e-07, 7.72019518536e-07, 7.73058786763e-07, 6.58182443658e-07, 5.58316173738e-07, 5.06053766003e-07, 4.55297538338e-07, 4.69877392106e-07],
        "dvar": [2.18067634705e-05, 7.86649434303e-06, 2.03052422876e-06, 5.23449216416e-07, 6.21809448376e-08, 5.44119238555e-08, 4.94798904072e-08, 3.53997009483e-08, 1.7770945604e-08, 4.50500259319e-08, 2.89624964012e-08, 1.00877088016e-07, 2.33501694424e-07, 1.52418849098e-07, 2.24019309769e-08, 5.45252198947e-09, 7.44106554151e-09, 1.02260075963e-08, 1.0486317592e-08, 2.03412078292e-08, 4.96370056169e-09, 1.63579838564e-09, 2.44366527014e-09, 1.51009438287e-09, 2.67202482362e-10, 7.39456412768e-11, 9.4244834159e-11, 1.3018981726e-10, 1.33201548749e-11, 4.85715981324e-12, 3.89227105407e-12, 5.89638754489e-12, 2.42247324631e-12, 1.44190833318e-12, 1.16701852175e-12, 7.19419641047e-13, 6.26312966334e-13, 6.87405210878e-13, 6.70654992044e-13, 6.17380929366e-13],
        "dvar2": [6.18335761828e-05, 2.06149597943e-05, 5.45487546333e-06, 1.50500011387e-06, 1.5263337616e-07, 1.48288748392e-07, 1.2597490695e-07, 9.45073210801e-08, 4.56299282803e-08, 1.09557561245e-07, 7.54637312639e-08, 2.45555980882e-07, 4.13688240997e-07, 2.35540596805e-07, 3.45090676035e-08, 1.36958009378e-08, 1.50930219434e-08, 1.94740223947e-08, 2.2712326242e-08, 4.96929288829e-08, 9.3699092929e-09, 3.26673199602e-09, 5.3277866563e-09, 3.49356121809e-09, 5.16195697298e-10, 1.65989305634e-10, 2.16847956258e-10, 3.00737185155e-10, 2.93413245089e-11, 8.71017234033e-12, 7.07553286794e-12, 1.38730485433e-11, 5.33282706189e-12, 2.97767019375e-12, 1.90674928104e-12, 1.25243218574e-12, 1.17974098372e-12, 1.31750654223e-12, 1.31854683422e-12, 1.46332089241e-12],
        "max": [0.0336553752422, 0.0267921928316, 0.0128794796765, 0.010113815777, 0.0029349073302, 0.00400152103975, 0.00246983906254, 0.00255905813538, 0.0024597265292, 0.00498608266935, 0.00302703725174, 0.00724314013496, 0.00683220336214, 0.0101872468367, 0.00285757659003, 0.00135335791856, 0.00132134126034, 0.00172045722138, 0.00181734981015, 0.00272366241552, 0.00129797309637, 0.000795752508566, 0.00114076060709, 0.000652989663649, 0.000282575958408, 0.000110648979899, 0.000136868227855, 0.000164369368576, 5.22791342519e-05, 2.33562768699e-05, 2.71947992587e-05, 2.41595134867e-05, 1.58449038281e-05, 1.58951806952e-05, 1.33271951199e-05, 1.12238421934e-05, 1.27469875224e-05, 2.070067967e-05, 2.00557005883e-05, 1.88312642422e-05],
        "mean": [0.0030718029011, 0.00168345333077, 0.00103875261266, 0.000509705976583, 0.000349855574314, 0.000227096257731, 0.000149811108713, 0.000116525901831, 9.27565197344e-05, 0.000118645097245, 0.000118731979455, 0.000194909604033, 0.000466210854938, 0.00032325781649, 0.000100363053207, 4.11933251598e-05, 6.61214289721e-05, 7.36787187634e-05, 7.61135161156e-05, 6.78696669638e-05, 6.60527075524e-05, 3.92688525608e-05, 4.02793048124e-05, 3.61854690709e-05, 1.84543860087e-05, 1.08859339889e-05, 1.18950401884e-05, 1.05348517536e-05, 2.7764619972e-06, 1.7334725726e-06, 1.26054010252e-06, 1.08996187009e-06, 8.73314547789e-07, 9.29345503664e-07, 1.01101340988e-06, 9.20391130421e-07, 7.41932467463e-07, 6.40422115339e-07, 5.55416363568e-07, 5.37377161436e-07],
        "median": [0.00100930442568, 0.000851165736094, 0.000670004228596, 0.000325636618072, 0.00024236360332, 0.000163201868418, 8.28760676086e-05, 6.19302081759e-05, 4.51141604572e-05, 4.6842123993e-05, 4.29909814557e-05, 3.93176742364e-05, 5.48554780835e-05, 4.8717680329e-05, 2.11611786654e-05, 1.43951865539e-05, 1.7600325009e-05, 2.02660794457e-05, 2.46730924118e-05, 1.89024322026e-05, 1.20522799989e-05, 1.39659423439e-05, 1.11633653432e-05, 1.6092290025e-05, 8.33321610116e-06, 5.62461036679e-06, 4.92661001772e-06, 3.48130879502e-06, 9.85127371678e-07, 5.52920653263e-07, 3.41344474464e-07, 2.24091522227e-07, 2.2461181004e-07, 3.01961620153e-07, 4.13645409481e-07, 3.76186562789e-07, 3.03564746673e-07, 2.38616507886e-07, 1.76414857833e-07, 1.59219027296e-07],
        "min": [1.26994478933e-07, 6.95547563989e-10, 8.55023829516e-10, 1.4461223885e-10, 1.55975926619e-10, 3.18026077695e-10, 4.59928628516e-08, 4.31525933209e-07, 1.25029728792e-07, 5.08507147501e-09, 5.28116106402e-10, 3.80173226233e-09, 1.89031812425e-08, 3.84493468175e-08, 2.77015343997e-09, 4.49081882792e-09, 9.00182506314e-09, 9.94937821019e-09, 2.67583146751e-07, 1.07842916819e-08, 1.02831641868e-07, 4.46424763823e-08, 3.99128445849e-08, 1.08104046603e-07, 3.72025468209e-08, 2.79723639807e-08, 2.25600729209e-08, 1.71254708192e-08, 8.1097670801e-09, 1.99777416832e-09, 1.36564204389e-09, 8.77246830733e-10, 6.55162923913e-10, 8.86870132888e-10, 5.78561920594e-10, 1.55929558154e-09, 1.4807719495e-09, 8.19677214992e-10, 5.49411280359e-11, 4.03122257797e-11],
