{
"highlevel": {
    "danceability": {
        "all": {
            "danceable": 5.34890638448e-08,
            "not_danceable": 0.999999940395
        },
        "probability": 0.999999940395,
        "value": "not_danceable"
    },
    "gender": {
        "all": {
            "female": 0.591057419777,
            "male": 0.408942580223
        },
        "probability": 0.591057419777,
        "value": "female"
    },
    "genre_dortmund": {
        "all": {
            "alternative": 0.198833957314,
            "blues": 0.024719811976,
            "electronic": 0.0147714708,
            "folkcountry": 0.0288014169782,
            "funksoulrnb": 0.00181527319364,
            "jazz": 0.00174357776996,
            "pop": 0.0133170196787,
            "raphiphop": 0.000302356755128,
            "rock": 0.715695142746
        },
        "probability": 0.715695142746,
        "value": "rock"
    },
    "genre_electronic": {
        "all": {
            "ambient": 0.23335172236,
            "dnb": 0.597051382065,
            "house": 0.00935297086835,
            "techno": 0.00728457281366,
            "trance": 0.152959361672
        },
        "probability": 0.597051382065,
        "value": "dnb"
    },
    "genre_rosamerica": {
        "all": {
            "cla": 0.00189564679749,
            "dan": 0.000330963579472,
            "hip": 0.000127432824229,
            "jaz": 0.000518752611242,
            "pop": 0.000654371455312,
            "rhy": 9.62885242188e-05,
            "roc": 0.996216237545,
            "spe": 0.000160328971106
        },
        "probability": 0.996216237545,
        "value": "roc"
    },
    "genre_tzanetakis": {
        "all": {
            "blu": 0.0626541376114,
            "cla": 0.0348133966327,
            "cou": 0.0783501937985,
            "dis": 0.104547761381,
            "hip": 0.15693578124,
            "jaz": 0.313987255096,
            "met": 0.044816005975,
            "pop": 0.0627349764109,
            "reg": 0.0627352520823,
            "roc": 0.0784252434969
        },
        "probability": 0.313987255096,
        "value": "jaz"
    },
    "ismir04_rhythm": {
        "all": {
            "ChaChaCha": 0.00345634808764,
            "Jive": 0.782756745815,
            "Quickstep": 0.00154167832807,
            "Rumba-American": 0.000536058680154,
            "Rumba-International": 0.00389560265467,
            "Rumba-Misc": 0.000320628168993,
            "Samba": 0.00247215153649,
            "Tango": 0.00176115916111,
            "VienneseWaltz": 0.201531797647,
            "Waltz": 0.00172786018811
        },
        "probability": 0.782756745815,
        "value": "Jive"
    },
    "mood_acoustic": {
        "all": {
            "acoustic": 3.85826950833e-07,
            "not_acoustic": 0.999999642372
        },
        "probability": 0.999999642372,
        "value": "not_acoustic"
    },
    "mood_aggressive": {
        "all": {
            "aggressive": 0.992048621178,
            "not_aggressive": 0.00795139558613
        },
        "probability": 0.992048621178,
        "value": "aggressive"
    },
    "mood_electronic": {
        "all": {
            "electronic": 0.0332155153155,
            "not_electronic": 0.966784477234
        },
        "probability": 0.966784477234,
        "value": "not_electronic"
    },
    "mood_happy": {
        "all": {
            "happy": 0.720265269279,
            "not_happy": 0.279734730721
        },
        "probability": 0.720265269279,
        "value": "happy"
    },
    "mood_party": {
        "all": {
            "not_party": 0.5,
            "party": 0.5
        },
        "probability": 0.5,
        "value": "not_party"
    },
    "mood_relaxed": {
        "all": {
            "not_relaxed": 0.974959492683,
            "relaxed": 0.0250405296683
        },
        "probability": 0.974959492683,
        "value": "not_relaxed"
    },
    "mood_sad": {
        "all": {
            "not_sad": 0.837599635124,
            "sad": 0.162400349975
        },
        "probability": 0.837599635124,
        "value": "not_sad"
    },
    "moods_mirex": {
        "all": {
            "Cluster1": 0.351621031761,
            "Cluster2": 0.0588125176728,
            "Cluster3": 0.220702499151,
            "Cluster4": 0.0807251408696,
            "Cluster5": 0.288138836622
        },
        "probability": 0.351621031761,
        "value": "Cluster1"
    },
    "timbre": {
        "all": {
            "bright": 0.994260191917,
            "dark": 0.00573979178444
        },
        "probability": 0.994260191917,
        "value": "bright"
    },
    "tonal_atonal": {
        "all": {
            "atonal": 0.0649236887693,
            "tonal": 0.935076296329
        },
        "probability": 0.935076296329,
        "value": "tonal"
    },
    "voice_instrumental": {
        "all": {
            "instrumental": 0.0466256588697,
            "voice": 0.953374326229
        },
        "probability": 0.953374326229,
        "value": "voice"
    }
},
"lowlevel": {
    "average_loudness": 0.985777556896,
    "barkbands_crest": {
        "dmean": 2.43366932869,
        "dmean2": 4.19546222687,
        "dvar": 5.91955852509,
        "dvar2": 17.2264614105,
        "max": 21.5265140533,
        "mean": 7.33803653717,
        "median": 6.84462499619,
        "min": 2.48860669136,
        "var": 8.07733535767
    },
    "barkbands_flatness_db": {
        "dmean": 0.0165074467659,
        "dmean2": 0.0281046852469,
        "dvar": 0.000231218407862,
        "dvar2": 0.000662307837047,
        "max": 0.224627435207,
        "mean": 0.116629779339,
        "median": 0.114474900067,
        "min": 0.0629258677363,
        "var": 0.000548988406081
    },
    "barkbands_kurtosis": {
        "dmean": 0.822398841381,
        "dmean2": 1.44498133659,
        "dvar": 2.10723638535,
        "dvar2": 5.71310901642,
        "max": 16.6896095276,
        "mean": -0.60533863306,
        "median": -1.009370327,
        "min": -1.73484253883,
        "var": 1.92330205441
    },
    "barkbands_skewness": {
        "dmean": 0.437196910381,
        "dmean2": 0.727363705635,
        "dvar": 0.194880619645,
        "dvar2": 0.509258151054,
        "max": 3.67760419846,
        "mean": 0.587618470192,
        "median": 0.571697890759,
        "min": -1.33124434948,
        "var": 0.395009130239
    },
    "barkbands_spread": {
        "dmean": 4.51640796661,
        "dmean2": 7.62508535385,
        "dvar": 18.9642448425,
        "dvar2": 52.6338348389,
        "max": 58.2082366943,
        "mean": 34.0949783325,
        "median": 34.7190132141,
        "min": 6.59353923798,
        "var": 47.4597587585
    },
    "dissonance": {
        "dmean": 0.00785903446376,
        "dmean2": 0.0133389150724,
        "dvar": 5.43428977835e-05,
        "dvar2": 0.00015307146532,
        "max": 0.499945104122,
        "mean": 0.484849542379,
        "median": 0.487340778112,
        "min": 0.426008522511,
        "var": 0.000104816521343
    },
    "dynamic_complexity": 0.690042495728,
    "erbbands_crest": {
        "dmean": 1.83485543728,
        "dmean2": 3.08331751823,
        "dvar": 2.87256383896,
        "dvar2": 7.52981185913,
        "max": 22.0238513947,
        "mean": 7.28954267502,
        "median": 6.71329832077,
        "min": 3.20011162758,
        "var": 7.29096794128
    },
    "erbbands_flatness_db": {
        "dmean": 0.0143076954409,
        "dmean2": 0.0210918001831,
        "dvar": 0.00017272765399,
        "dvar2": 0.000335611461196,
        "max": 0.22472640872,
        "mean": 0.16423510015,
        "median": 0.165423214436,
        "min": 0.0911934822798,
        "var": 0.000645818130579
    },
    "erbbands_kurtosis": {
        "dmean": 0.792484998703,
        "dmean2": 1.31116044521,
        "dvar": 0.541083753109,
        "dvar2": 1.41367530823,
        "max": 6.86888408661,
        "mean": 1.02671194077,
        "median": 0.826259851456,
        "min": -1.32192182541,
        "var": 1.57504808903
    },
    "erbbands_skewness": {
        "dmean": 0.243358641863,
        "dmean2": 0.39225474,
        "dvar": 0.0399540066719,
        "dvar2": 0.0990604758263,
        "max": 1.46806895733,
        "mean": -0.757191300392,
        "median": -0.820415198803,
        "min": -2.11078214645,
        "var": 0.209607422352
    },
    "erbbands_spread": {
        "dmean": 5.81607866287,
        "dmean2": 9.61055755615,
        "dvar": 36.3546829224,
        "dvar2": 91.9031677246,
        "max": 68.392539978,
        "mean": 28.6477966309,
        "median": 27.0890712738,
        "min": 10.5056343079,
        "var": 80.0248184204
    },
    "hfc": {
        "dmean": 6.2967247963,
        "dmean2": 10.1109380722,
        "dvar": 38.6699180603,
        "dvar2": 93.3878326416,
        "max": 87.8488616943,
        "mean": 35.9327430725,
        "median": 35.2874946594,
        "min": 10.3156175613,
        "var": 122.368484497
    },
    "melbands_crest": {
        "dmean": 3.23651075363,
        "dmean2": 5.56361865997,
        "dvar": 7.78467941284,
        "dvar2": 21.363861084,
        "max": 26.5738830566,
        "mean": 12.8858366013,
        "median": 12.3692913055,
        "min": 3.94896268845,
        "var": 16.9182701111
    },
    "melbands_flatness_db": {
        "dmean": 0.0232508387417,
        "dmean2": 0.0394475571811,
        "dvar": 0.000544243957847,
        "dvar2": 0.00151055364404,
        "max": 0.298509865999,
        "mean": 0.155953779817,
        "median": 0.151191696525,
        "min": 0.058222156018,
        "var": 0.00152456655633
    },
    "melbands_kurtosis": {
        "dmean": 3.16299009323,
        "dmean2": 5.49685907364,
        "dvar": 24.6201858521,
        "dvar2": 66.5195999146,
        "max": 52.7255096436,
        "mean": 3.35719227791,
        "median": 2.01134872437,
        "min": -1.57527327538,
        "var": 25.2649307251
    },
    "melbands_skewness": {
        "dmean": 0.627132534981,
        "dmean2": 1.05186748505,
        "dvar": 0.430370092392,
        "dvar2": 1.12580823898,
        "max": 6.78673219681,
        "mean": 1.81031441689,
        "median": 1.70278763771,
        "min": -0.297642886639,
        "var": 0.781234681606
    },
    "melbands_spread": {
        "dmean": 9.56233596802,
        "dmean2": 16.0179176331,
        "dvar": 81.5340118408,
        "dvar2": 211.008926392,
        "max": 86.5403747559,
        "mean": 41.0214004517,
        "median": 39.1943244934,
        "min": 5.18461704254,
        "var": 218.745361328
    },
    "pitch_salience": {
        "dmean": 0.0681078881025,
        "dmean2": 0.118578463793,
        "dvar": 0.00349530833773,
        "dvar2": 0.0102112507448,
        "max": 0.795517861843,
        "mean": 0.573380529881,
        "median": 0.577755272388,
        "min": 0.322464257479,
        "var": 0.00606632744893
    },
    "silence_rate_20dB": {
        "dmean": 0,
        "dmean2": 0,
        "dvar": 0,
        "dvar2": 0,
        "max": 1,
        "mean": 1,
        "median": 1,
        "min": 1,
        "var": 0
    },
    "silence_rate_30dB": {
        "dmean": 0,
        "dmean2": 0,
        "dvar": 0,
        "dvar2": 0,
        "max": 1,
        "mean": 1,
        "median": 1,
        "min": 1,
        "var": 0
    },
    "silence_rate_60dB": {
        "dmean": 0,
        "dmean2": 0,
        "dvar": 0,
        "dvar2": 0,
        "max": 0,
        "mean": 0,
        "median": 0,
        "min": 0,
        "var": 0
    },
    "spectral_centroid": {
        "dmean": 194.313934326,
        "dmean2": 317.570526123,
        "dvar": 33544.5625,
        "dvar2": 85969.8125,
        "max": 2811.09741211,
        "mean": 1932.74499512,
        "median": 1968.76940918,
        "min": 489.005340576,
        "var": 122126.15625
    },
    "spectral_complexity": {
        "dmean": 3.94040250778,
        "dmean2": 6.38109970093,
        "dvar": 9.72944164276,
        "dvar2": 24.4930381775,
        "max": 59,
        "mean": 37.3109054565,
        "median": 37,
        "min": 20,
        "var": 33.3835639954
    },
    "spectral_decrease": {
        "dmean": 2.64546140549e-09,
        "dmean2": 4.4953756273e-09,
        "dvar": 1.18494772529e-17,
        "dvar2": 3.12869287646e-17,
        "max": -2.32855112969e-09,
        "mean": -8.95384388855e-09,
        "median": -8.1242585992e-09,
        "min": -3.15066941425e-08,
        "var": 1.20065679502e-17
    },
    "spectral_energy": {
        "dmean": 0.0102577153593,
        "dmean2": 0.0173853971064,
        "dvar": 0.000171921448782,
        "dvar2": 0.000450936320703,
        "max": 0.121869683266,
        "mean": 0.0370530858636,
        "median": 0.0340170152485,
        "min": 0.00972428359091,
        "var": 0.00017776072491
    },
    "spectral_energyband_high": {
        "dmean": 0.000305711495457,
        "dmean2": 0.000492046703584,
        "dvar": 1.94061613001e-07,
        "dvar2": 4.76390880522e-07,
        "max": 0.00701648648828,
        "mean": 0.000983147532679,
        "median": 0.000793972460087,
        "min": 6.7484601459e-05,
        "var": 5.9116752027e-07
    },
    "spectral_energyband_low": {
        "dmean": 0.00803169794381,
        "dmean2": 0.013861944899,
        "dvar": 0.000148230785271,
        "dvar2": 0.000406826729886,
        "max": 0.107875838876,
        "mean": 0.0136813307181,
        "median": 0.0110950879753,
        "min": 0.000763234333135,
        "var": 0.000136767426739
    },
    "spectral_energyband_middle_high": {
        "dmean": 0.00251781288534,
        "dmean2": 0.00405679363757,
        "dvar": 5.0088478929e-06,
        "dvar2": 1.31119832076e-05,
        "max": 0.030628843233,
        "mean": 0.0126106012613,
        "median": 0.0125470971689,
        "min": 0.00379798398353,
        "var": 1.59878982231e-05
    },
    "spectral_energyband_middle_low": {
        "dmean": 0.00471192225814,
        "dmean2": 0.00800573732704,
        "dvar": 6.1378646933e-05,
        "dvar2": 0.000158095310326,
        "max": 0.071573279798,
        "mean": 0.0116702988744,
        "median": 0.00948226079345,
        "min": 0.00128743704408,
        "var": 7.14384077583e-05
    },
    "spectral_entropy": {
        "dmean": 0.0813796669245,
        "dmean2": 0.126467674971,
        "dvar": 0.00568915437907,
        "dvar2": 0.0124045973644,
        "max": 8.2206287384,
        "mean": 7.75151729584,
        "median": 7.75534296036,
        "min": 7.21749591827,
        "var": 0.0249426532537
    },
    "spectral_flux": {
        "dmean": 0.0237470492721,
        "dmean2": 0.03603990376,
        "dvar": 0.00071288907202,
        "dvar2": 0.00137192814145,
        "max": 0.277022451162,
        "mean": 0.102041363716,
        "median": 0.091856636107,
        "min": 0.04385522753,
        "var": 0.00138770032208
    },
    "spectral_kurtosis": {
        "dmean": 1.58771789074,
        "dmean2": 2.85890626907,
        "dvar": 2.29315924644,
        "dvar2": 7.07489967346,
        "max": 15.4151153564,
        "mean": 4.45107793808,
        "median": 4.11253547668,
        "min": 0.78799700737,
        "var": 3.11770939827
    },
    "spectral_rms": {
        "dmean": 0.000777395325713,
        "dmean2": 0.00129828741774,
        "dvar": 7.48497370751e-07,
        "dvar2": 1.92769493879e-06,
        "max": 0.0109040020034,
        "mean": 0.00593483122066,
        "median": 0.0057608447969,
        "min": 0.00308011448942,
        "var": 9.27083817714e-07
    },
    "spectral_rolloff": {
        "dmean": 372.930908203,
        "dmean2": 643.910949707,
        "dvar": 171036.625,
        "dvar2": 443307.8125,
        "max": 4888.03710938,
        "mean": 2137.36669922,
        "median": 2217.91992188,
        "min": 129.19921875,
        "var": 332625.1875
    },
    "spectral_skewness": {
        "dmean": 0.18441106379,
        "dmean2": 0.320653319359,
        "dvar": 0.0252156741917,
        "dvar2": 0.0750036686659,
        "max": 3.14524412155,
        "mean": 1.24544155598,
        "median": 1.24406158924,
        "min": 0.593919336796,
        "var": 0.0437593981624
    },
    "spectral_spread": {
        "dmean": 312069.34375,
        "dmean2": 466741.84375,
        "dvar": 127042789376,
        "dvar2": 249236815872,
        "max": 7927869.5,
        "mean": 3257925.75,
        "median": 3192052.75,
        "min": 1959605.875,
        "var": 445897932800
    },
    "spectral_strongpeak": {
        "dmean": 0.677005052567,
        "dmean2": 1.2201192379,
        "dvar": 1.83274173737,
        "dvar2": 4.72430181503,
        "max": 9.45930099487,
        "mean": 0.899495542049,
        "median": 0.373840004206,
        "min": 0.0491265691817,
        "var": 2.12207746506
    },
    "zerocrossingrate": {
        "dmean": 0.00693457620218,
        "dmean2": 0.00916728191078,
        "dvar": 3.42142193404e-05,
        "dvar2": 5.87779177295e-05,
        "max": 0.13671875,
        "mean": 0.069120682776,
        "median": 0.06787109375,
        "min": 0.0283203125,
        "var": 0.000265011389274
    },
    "barkbands": {
        "dmean": [0.000276563485386, 0.00566734094173, 0.002804659307, 0.00248334300704, 0.0023269567173, 0.000586405512877, 0.000595229212195, 0.000235060462728, 0.000703692727257, 0.000283879169729, 0.000381607678719, 0.00044062527013, 0.000482207105961, 0.000630733848084, 0.000964558625128, 0.00102072150912, 0.0009419771377, 0.000495720654726, 0.000363115250366, 0.000213424878893, 0.000117456409498, 7.80928821769e-05, 5.46705487068e-05, 3.98790907639e-05, 1.46378579302e-05, 1.47403507071e-05, 8.11078404439e-09],
        "dmean2": [0.000457254092908, 0.0100787738338, 0.00483996141702, 0.00440419558436, 0.00392380962148, 0.00094109721249, 0.00102122407407, 0.000375056581106, 0.0010754353134, 0.000428735045716, 0.000574949779548, 0.000698913703673, 0.000750783015974, 0.00099954160396, 0.00157962238882, 0.00169470801484, 0.00154489977285, 0.000836074759718, 0.000600791303441, 0.000355541298632, 0.000200449954718, 0.000127133054775, 8.80821171449e-05, 6.28322959528e-05, 2.30334044318e-05, 2.23437473323e-05, 1.50364538598e-08],
        "dvar": [3.81269870786e-07, 0.000101349614852, 1.09022539618e-05, 1.38005943882e-05, 2.15128602576e-05, 9.21480250327e-07, 8.22723109195e-07, 1.31452424057e-07, 2.2557187549e-06, 1.31282632765e-07, 2.54068822869e-07, 4.70544563314e-07, 3.43559804605e-07, 5.02545219661e-07, 1.22175299566e-06, 1.44215414366e-06, 8.94866218459e-07, 3.28989784748e-07, 1.38656915283e-07, 5.43624878446e-08, 2.07583497058e-08, 1.30455291014e-08, 1.09015259042e-08, 4.80652895263e-09, 8.72614924763e-10, 8.41233471771e-10, 1.13490217658e-15],
        "dvar2": [8.81050084445e-07, 0.000284101173747, 3.09147144435e-05, 3.73801449314e-05, 5.70553675061e-05, 2.36328423853e-06, 2.34189633375e-06, 3.51497106976e-07, 4.91650416734e-06, 3.00635974781e-07, 5.43557803212e-07, 1.2036151702e-06, 8.39897325022e-07, 1.1941710909e-06, 3.25246628563e-06, 3.67805614587e-06, 2.26950942306e-06, 8.82808876668e-07, 3.67741989749e-07, 1.40142162763e-07, 5.62269768523e-08, 3.17294848173e-08, 2.85699428559e-08, 1.15035891923e-08, 2.14458251158e-09, 1.97861882434e-09, 3.2565257389e-15],
        "max": [0.00546939531341, 0.0939809083939, 0.0246219262481, 0.0282152537256, 0.0653119534254, 0.0180543027818, 0.0109669137746, 0.00755146378651, 0.0329264774919, 0.00661472696811, 0.010453209281, 0.0131280831993, 0.00753767602146, 0.00890992116183, 0.0138406278566, 0.0137481279671, 0.00822464376688, 0.00613601738587, 0.00401449529454, 0.00303096743301, 0.00229770457372, 0.00200259988196, 0.00134039844852, 0.0018148580566, 0.000470306491479, 0.000337967358064, 5.40021176221e-07],
        "mean": [0.000243971910095, 0.00695436960086, 0.00471543800086, 0.0032628304325, 0.00398594606668, 0.00129009201191, 0.00095249566948, 0.000446833582828, 0.0014883603435, 0.000582295120694, 0.000778457673732, 0.000853946490679, 0.00103324546944, 0.00134411954787, 0.00190856750123, 0.00191189348698, 0.00208346080035, 0.00103709299583, 0.000895455304999, 0.000540006672964, 0.000300453364616, 0.0001835377916, 0.000119049851492, 9.14060874493e-05, 2.89174113277e-05, 2.08653491427e-05, 5.17481391071e-09],
        "median": [5.23662529304e-05, 0.00481719244272, 0.0036529309582, 0.00200125644915, 0.00256008561701, 0.000928331981413, 0.000561070395634, 0.000294724508421, 0.000635387259535, 0.000420535856392, 0.000542339170352, 0.000506638141815, 0.000738929607905, 0.00100156897679, 0.001482214313, 0.00139884615783, 0.00176834093872, 0.00082584109623, 0.000796392734628, 0.00042809578008, 0.000249589065788, 0.000124155267258, 6.54239629512e-05, 5.52595120098e-05, 1.43066554301e-05, 1.02201856862e-05, 8.69748495447e-10],
        "min": [9.61691668522e-08, 2.5117842597e-05, 6.46544285701e-05, 3.52731294697e-05, 0.00010184077837, 2.85185269604e-05, 2.85567602987e-05, 1.76264784386e-05, 3.30005714204e-05, 1.71908850461e-05, 2.99947769236e-05, 3.68229266314e-05, 5.81084896112e-05, 8.36013932712e-05, 0.000132369372295, 0.000169835009729, 0.000177113586687, 0.000123187099234, 8.50949945743e-05, 5.46682131244e-05, 2.28627759498e-05, 3.74132923753e-06, 8.86396378519e-07, 5.48250454813e-07, 7.22809728737e-11, 1.55277490421e-07, 8.04309049918e-12],
        "var": [3.53220087845e-07, 8.18069747766e-05, 1.53599394253e-05, 1.49701918417e-05, 2.31368485402e-05, 1.8299514295e-06, 1.34642652938e-06, 2.40020767706e-07, 9.37450568017e-06, 3.49595126181e-07, 6.56707982216e-07, 1.47130799633e-06, 8.44728049287e-07, 1.24504458654e-06, 2.34365165852e-06, 2.76855621451e-06, 1.79380720056e-06, 5.97748510245e-07, 2.74652734333e-07, 1.55864185558e-07, 4.97827095103e-08, 3.69849111337e-08, 2.25884093652e-08, 1.60375055458e-08, 1.53990342699e-09, 1.05662301131e-09, 6.4273299436e-16]
    },
    "erbbands": {
        "dmean": [0.1419082582, 1.32589840889, 3.10036253929, 5.72257423401, 9.26160049438, 7.74277687073, 5.20801591873, 4.8928771019, 6.98490047455, 7.12483167648, 5.53410387039, 19.0192947388, 9.86351203918, 11.5415382385, 13.7753047943, 20.8711967468, 20.7302036285, 30.9824676514, 51.0434646606, 34.5133705139, 45.3282165527, 41.6848678589, 30.4113750458, 20.9675292969, 15.2289009094, 9.9595451355, 5.44031572342, 4.15528488159, 2.88903927803, 2.32002735138, 1.40177226067, 1.18768393993, 0.490404069424, 0.199253469706, 0.0980242788792, 0.102333165705, 0.0156247420236, 0.000945282226894, 2.39192286244e-05, 1.2279204384e-05],
        "dmean2": [0.253804802895, 2.34790825844, 5.36249542236, 9.98777961731, 16.0061016083, 13.0678434372, 8.71764755249, 7.56447267532, 12.0554924011, 11.9930648804, 8.91216659546, 28.7754650116, 14.9982824326, 17.7309799194, 21.4718418121, 32.8039093018, 32.5722961426, 48.6822738647, 84.7933044434, 56.392665863, 75.2410354614, 68.036819458, 51.1284255981, 34.8456344604, 24.6318950653, 16.6759090424, 9.17269802094, 7.0652012825, 4.75698757172, 3.78606653214, 2.26189041138, 1.87394273281, 0.78504127264, 0.304550111294, 0.153693825006, 0.15621574223, 0.0238790772855, 0.00143236794975, 3.57185272151e-05, 2.04097359529e-05],
        "dvar": [0.102517828345, 4.68598747253, 14.103181839, 53.9232978821, 485.485778809, 164.584564209, 62.564125061, 90.7986679077, 126.361106873, 90.5928115845, 87.6716308594, 1704.38684082, 212.862731934, 288.345855713, 321.646881104, 1133.56396484, 637.943908691, 1335.02258301, 4035.46362305, 1345.79699707, 2152.8269043, 1617.83837891, 1317.60888672, 640.306335449, 230.567077637, 119.698303223, 44.7356643677, 27.9563179016, 17.5091190338, 19.3547554016, 5.56401634216, 3.67991042137, 0.834549844265, 0.131180077791, 0.0442871786654, 0.035911347717, 0.00170033471659, 4.73099225928e-06, 2.39060637952e-09, 2.43027875602e-10],
        "dvar2": [0.278792113066, 13.3437185287, 39.8125801086, 151.468154907, 1265.52526855, 459.627044678, 171.511245728, 223.130584717, 349.235321045, 251.569259644, 248.661697388, 3628.13085938, 499.345458984, 667.070495605, 664.196960449, 2807.15112305, 1568.15344238, 3152.18164062, 10737.2753906, 3717.20947266, 5493.47265625, 4032.00805664, 3551.28808594, 1743.61621094, 606.939453125, 313.186645508, 120.396194458, 79.7364501953, 43.8318786621, 49.3901100159, 14.1239299774, 9.05754375458, 1.93795406818, 0.314702302217, 0.113171800971, 0.0844106301665, 0.00426372606307, 1.12530115075e-05, 5.57018786651e-09, 6.07667471897e-10],
        "max": [2.27200555801, 21.8673477173, 32.4067687988, 67.4957580566, 179.542190552, 186.427108765, 124.026985168, 203.113830566, 111.708587646, 107.966438293, 186.070236206, 852.333679199, 285.367401123, 243.650680542, 327.790740967, 627.40057373, 346.674285889, 492.349121094, 877.294677734, 400.817352295, 460.03036499, 408.391174316, 407.503692627, 341.388946533, 220.875778198, 141.255142212, 73.93800354, 113.253166199, 79.2064437866, 74.5282363892, 34.7411231995, 47.4166297913, 18.4729042053, 4.912774086, 2.97737336159, 2.04727530479, 0.520727992058, 0.022083228454, 0.000571420649067, 0.000141940079629],
        "mean": [0.135619923472, 1.78539192677, 5.57288217545, 8.7022190094, 11.9874172211, 14.6703929901, 11.269900322, 9.94124889374, 11.6831970215, 13.1759729385, 10.8914365768, 39.9406585693, 22.7275352478, 24.9095478058, 29.8444442749, 42.5993156433, 48.0987281799, 72.6586151123, 107.300231934, 81.7134933472, 107.371208191, 101.70614624, 66.8735733032, 49.6476898193, 38.3265266418, 25.6309604645, 14.2609834671, 10.4268550873, 6.95456457138, 4.81259155273, 3.16671705246, 2.56329536438, 1.08933830261, 0.426220685244, 0.170507803559, 0.152178585529, 0.0199170224369, 0.00117326993495, 5.12099832122e-05, 4.79024783999e-05],
        "median": [0.0620611608028, 1.34114122391, 4.22204685211, 6.53229093552, 6.90761232376, 8.64295482635, 7.53655719757, 6.9117770195, 7.63643407822, 7.97109746933, 7.84508180618, 16.2853908539, 14.5436592102, 16.9498271942, 20.8517093658, 26.3102588654, 35.307472229, 55.5176315308, 83.7247390747, 68.2153320312, 90.4298477173, 88.4385757446, 55.4665527344, 42.8855705261, 33.9895553589, 21.2540817261, 11.8696269989, 8.59357452393, 5.02836704254, 2.78321099281, 1.76543438435, 1.55451571941, 0.607176482677, 0.221665412188, 0.0794912129641, 0.0772866159678, 0.00778100313619, 0.000405915459851, 3.31380506395e-05, 4.38550414401e-05],
        "min": [0.000730004219804, 0.0200022011995, 0.221724450588, 0.198839351535, 0.380213588476, 0.376890838146, 0.663274526596, 0.635664582253, 0.902201473713, 0.83230048418, 0.748907625675, 1.0025177002, 0.969947814941, 1.64972853661, 1.89778876305, 2.68569803238, 5.05089473724, 10.4256868362, 9.6178560257, 9.8389673233, 14.8002567291, 13.7502985001, 8.47100353241, 5.71488809586, 4.20729446411, 2.54212832451, 1.51161777973, 0.604411065578, 0.183875113726, 0.0498425103724, 0.0229746736586, 0.0224101077765, 0.00454927701503, 0.00292599690147, 0.000610231421888, 0.00116580771282, 0.000166159006767, 1.2205893654e-05, 1.15135753731e-05, 1.43252718772e-05],
        "var": [0.0720457211137, 4.11506938934, 19.170425415, 62.6611328125, 414.480316162, 300.440734863, 169.84967041, 150.74432373, 160.90864563, 194.734771729, 126.245651245, 6987.04003906, 716.35546875, 695.24432373, 880.491577148, 3262.45751953, 1539.8692627, 3264.03637695, 7525.18652344, 2617.72607422, 4553.04003906, 3241.94921875, 2238.53393555, 1106.29968262, 528.170349121, 312.733795166, 90.0353851318, 71.5353927612, 47.6016693115, 37.5771751404, 14.9392356873, 12.4800453186, 2.28777956963, 0.293519794941, 0.0625960081816, 0.0483604855835, 0.00165457441472, 5.24424467585e-06, 2.93557045339e-09, 2.84621270996e-10]
    },
    "gfcc": {
        "mean": [50.1417884827, 99.4071044922, -149.089172363, 52.0393638611, -39.754196167, 16.3785076141, -41.1359062195, 7.80132579803, -24.7971439362, -0.652130842209, -19.9020137787, -4.30780887604, -11.5582180023],
        "cov": [[534.38092041, -440.322418213, 188.857009888, 60.9487228394, -173.536529541, 127.10269928, -110.20589447, 33.6527748108, -41.5968055725, 2.62223529816, -51.1609230042, 32.7241706848, -59.4693908691], [-440.322418213, 539.876525879, -106.442001343, -75.7077865601, 187.012207031, -132.335220337, 146.970581055, -27.6313076019, 46.8668861389, 7.82559204102, 52.3441314697, -19.4436721802, 64.7146530151], [188.857009888, -106.442001343, 238.127807617, 36.715259552, -4.64420604706, 83.7617645264, -5.49435520172, 54.8150939941, -8.77926921844, 37.9672775269, -23.6491165161, 39.2551803589, -21.1168231964], [60.9487228394, -75.7077865601, 36.715259552, 97.8038406372, 13.0519771576, 32.5779571533, -16.5400066376, 0.950394690037, 11.5176877975, 0.567642450333, 11.6486034393, 1.17390668392, 2.32009220123], [-173.536529541, 187.012207031, -4.64420604706, 13.0519771576, 198.991043091, -17.6989402771, 86.0207901001, 20.3751144409, 23.219039917, 41.9314575195, 21.8256263733, 15.2622690201, 20.1659622192], [127.10269928, -132.335220337, 83.7617645264, 32.5779571533, -17.6989402771, 120.549186707, 8.81184959412, 41.8946456909, -0.302071452141, 14.0220251083, 0.265272200108, 11.6604661942, -9.56463432312], [-110.20589447, 146.970581055, -5.49435520172, -16.5400066376, 86.0207901001, 8.81184959412, 115.858879089, 38.1721611023, 24.7363739014, 23.276725769, 16.8234062195, 5.69196271896, 16.9833297729], [33.6527748108, -27.6313076019, 54.8150939941, 0.950394690037, 20.3751144409, 41.8946456909, 38.1721611023, 80.498550415, 27.5434494019, 30.3603515625, -1.37266051769, 13.3077611923, 0.637980639935], [-41.5968055725, 46.8668861389, -8.77926921844, 11.5176877975, 23.219039917, -0.302071452141, 24.7363739014, 27.5434494019, 55.6709938049, 20.6421337128, 10.5866641998, -5.82640314102, 12.3632469177], [2.62223529816, 7.82559204102, 37.9672775269, 0.567642450333, 41.9314575195, 14.0220251083, 23.276725769, 30.3603515625, 20.6421337128, 59.2024421692, 15.5870876312, 16.4688549042, -2.65167188644], [-51.1609230042, 52.3441314697, -23.6491165161, 11.6486034393, 21.8256263733, 0.265272200108, 16.8234062195, -1.37266051769, 10.5866641998, 15.5870876312, 51.3267288208, 11.5930290222, 12.8231639862], [32.7241706848, -19.4436721802, 39.2551803589, 1.17390668392, 15.2622690201, 11.6604661942, 5.69196271896, 13.3077611923, -5.82640314102, 16.4688549042, 11.5930290222, 49.3799934387, 6.77357196808], [-59.4693908691, 64.7146530151, -21.1168231964, 2.32009220123, 20.1659622192, -9.56463432312, 16.9833297729, 0.637980639935, 12.3632469177, -2.65167188644, 12.8231639862, 6.77357196808, 41.8990287781]],
        "icov": [[0.00888121314347, 0.00651286076754, -0.00502674467862, 0.000449622690212, 0.00248962338082, 0.000959354452789, -0.00256274081767, 0.00240668957122, -0.00123959570192, 0.00055657903431, -0.000202330877073, -0.00105776533019, 0.000644647690933], [0.00651286076754, 0.0275591388345, -0.0167340114713, 0.0203442405909, -0.0123757384717, 0.0185724366456, -0.0195425543934, 0.0168833471835, -0.0162749178708, 0.0166470836848, -0.0237191841006, 0.0165943913162, -0.0145897204056], [-0.00502674467862, -0.0167340114713, 0.0194596406072, -0.0152972023934, 0.0075304703787, -0.01378995087, 0.0116052497178, -0.0128575926647, 0.0126209473237, -0.0150758679956, 0.0201317053288, -0.0148399593309, 0.00964514911175], [0.000449622690212, 0.0203442405909, -0.0152972023934, 0.0338473282754, -0.0167294349521, 0.0109110949561, -0.00967724528164, 0.0160266309977, -0.0204487740993, 0.0204088836908, -0.0269360952079, 0.0174005627632, -0.0133908363059], [0.00248962338082, -0.0123757384717, 0.0075304703787, -0.0167294349521, 0.0196538418531, -0.00781568512321, 0.00255063711666, -0.00754503300413, 0.0113077489659, -0.0168269053102, 0.0167147815228, -0.0126401074231, 0.00773398159072], [0.000959354452789, 0.0185724366456, -0.01378995087, 0.0109110949561, -0.00781568512321, 0.0287581495941, -0.0169188547879, 0.00561077799648, -0.00793536938727, 0.0123939327896, -0.0207219514996, 0.0147045357153, -0.0106887910515], [-0.00256274081767, -0.0195425543934, 0.0116052497178, -0.00967724528164, 0.00255063711666, -0.0169188547879, 0.0327195674181, -0.0186034440994, 0.00962236057967, -0.00936091784388, 0.0137454029173, -0.0107423262671, 0.00896069593728], [0.00240668957122, 0.0168833471835, -0.0128575926647, 0.0160266309977, -0.00754503300413, 0.00561077799648, -0.0186034440994, 0.0377572178841, -0.0224843621254, 0.0060178427957, -0.0105980923399, 0.00693375058472, -0.00901263300329], [-0.00123959570192, -0.0162749178708, 0.0126209473237, -0.0204487740993, 0.0113077489659, -0.00793536938727, 0.00962236057967, -0.0224843621254, 0.0438457690179, -0.0225339550525, 0.0153923081234, -0.00292965816334, 0.00145819073077], [0.00055657903431, 0.0166470836848, -0.0150758679956, 0.0204088836908, -0.0168269053102, 0.0123939327896, -0.00936091784388, 0.0060178427957, -0.0225339550525, 0.0467385575175, -0.0285705309361, 0.00815026089549, -0.00198608171195], [-0.000202330877073, -0.0237191841006, 0.0201317053288, -0.0269360952079, 0.0167147815228, -0.0207219514996, 0.0137454029173, -0.0105980923399, 0.0153923081234, -0.0285705309361, 0.0559685528278, -0.026827339083, 0.0106583312154], [-0.00105776533019, 0.0165943913162, -0.0148399593309, 0.0174005627632, -0.0126401074231, 0.0147045357153, -0.0107423262671, 0.00693375058472, -0.00292965816334, 0.00815026089549, -0.026827339083, 0.0445834994316, -0.0195024702698], [0.000644647690933, -0.0145897204056, 0.00964514911175, -0.0133908363059, 0.00773398159072, -0.0106887910515, 0.00896069593728, -0.00901263300329, 0.00145819073077, -0.00198608171195, 0.0106583312154, -0.0195024702698, 0.0425964929163]]
    },
    "melbands": {
        "dmean": [0.00141467503272, 0.00162521644961, 0.00109062786214, 0.000592343916651, 0.000199099333258, 0.000107047424535, 0.000115779534099, 6.86983185005e-05, 4.52595304523e-05, 0.000128944331664, 4.72236206406e-05, 4.61355120933e-05, 4.45903024229e-05, 5.23074704688e-05, 3.56288655894e-05, 6.16636607447e-05, 6.64291146677e-05, 8.06382013252e-05, 5.86826135986e-05, 8.6125015514e-05, 5.34142345714e-05, 5.36348088644e-05, 3.68775072275e-05, 2.15690215555e-05, 1.90541759366e-05, 1.44801488204e-05, 9.92591230897e-06, 6.92038838679e-06, 3.90422792407e-06, 3.35327740686e-06, 2.37982999352e-06, 1.85123099072e-06, 1.57252611643e-06, 1.3689732441e-06, 9.1429802751e-07, 7.01251849478e-07, 7.92043465481e-07, 4.00373068032e-07, 2.46136124815e-07, 1.64181628293e-07],
        "dmean2": [0.00252667744644, 0.00281504448503, 0.00189962564036, 0.00100403116085, 0.000333141360898, 0.000166470272234, 0.000198963185539, 0.000114565416879, 7.36857764423e-05, 0.000194501481019, 7.24921264919e-05, 7.09638625267e-05, 6.82903846609e-05, 8.22909496492e-05, 5.79280058446e-05, 9.46201180341e-05, 0.000104697566712, 0.000133378794999, 9.66436855379e-05, 0.000141888580401, 8.90280352905e-05, 8.76602061908e-05, 6.12702933722e-05, 3.63055223715e-05, 3.18364000123e-05, 2.3647400667e-05, 1.6521100406e-05, 1.18190846479e-05, 6.56366728435e-06, 5.80846744924e-06, 4.0034669837e-06, 3.08433868668e-06, 2.5665854082e-06, 2.28942917602e-06, 1.48834578795e-06, 1.13293981485e-06, 1.26166992231e-06, 6.54499046959e-07, 3.83828336226e-07, 2.5942969728e-07],
        "dvar": [7.83782161307e-06, 4.61381614514e-06, 2.60956767306e-06, 1.5281469814e-06, 7.70188179899e-08, 3.83648561808e-08, 3.25284226221e-08, 7.70349117829e-09, 6.0307092653e-09, 8.0333478536e-08, 4.89813256621e-09, 4.55027926449e-09, 3.74942388248e-09, 6.77628442247e-09, 1.74321235225e-09, 6.13470785282e-09, 7.06788627625e-09, 9.31998211939e-09, 4.13735667948e-09, 1.27132828709e-08, 2.86820989182e-09, 2.94909296983e-09, 1.72052694314e-09, 5.67928204465e-10, 5.66318048012e-10, 2.30872848617e-10, 1.09884358557e-10, 5.92371637853e-11, 2.17138598768e-11, 1.57893437908e-11, 1.36418116387e-11, 6.74699532355e-12, 6.23047620441e-12, 7.78777823479e-12, 2.19629262693e-12, 1.43655616916e-12, 1.92295940456e-12, 5.93021942316e-13, 1.66462682397e-13, 8.59560090206e-14],
        "dvar2": [2.16530297621e-05, 1.31370243253e-05, 6.95785456628e-06, 4.02781233788e-06, 2.22447468445e-07, 9.54743057946e-08, 9.15129660939e-08, 2.06512584811e-08, 1.69344041012e-08, 1.71396180804e-07, 1.17298695201e-08, 1.04999653416e-08, 7.69536434575e-09, 1.774845515e-08, 4.46182513159e-09, 1.46006620128e-08, 1.64751554621e-08, 2.48483136289e-08, 1.09668834014e-08, 3.26222497904e-08, 7.37618854885e-09, 7.47367412401e-09, 4.48544135168e-09, 1.54615809045e-09, 1.54904700178e-09, 6.11726058697e-10, 2.90882096188e-10, 1.57855006844e-10, 5.80724496269e-11, 4.28456783941e-11, 4.1972991055e-11, 1.73670158116e-11, 1.49395929655e-11, 2.0868785866e-11, 5.74362953032e-12, 3.65339963143e-12, 5.01208666584e-12, 1.41176469386e-12, 3.8034687704e-13, 2.15633825899e-13],
        "max": [0.0240529477596, 0.0186677332968, 0.0129571268335, 0.0178483519703, 0.0033592004329, 0.00410676747561, 0.00199905736372, 0.000965564744547, 0.00134691421408, 0.00606615655124, 0.00132011331152, 0.00106825807597, 0.00144887331408, 0.00166884681676, 0.000641951803118, 0.00100634864066, 0.00111992761958, 0.00135184184182, 0.000900262151845, 0.00132498436142, 0.000511991034728, 0.000579004117753, 0.000471506500617, 0.000239891029196, 0.000295937032206, 0.000186715114978, 0.000143456520163, 8.940405678e-05, 6.4344589191e-05, 4.40977200924e-05, 8.71641314006e-05, 4.77452085761e-05, 3.49849833583e-05, 4.31683656643e-05, 1.90552982531e-05, 1.92657334992e-05, 3.70931265934e-05, 1.62815613294e-05, 5.7118472796e-06, 3.46670071849e-06],
        "mean": [0.00159851519857, 0.00281856814399, 0.00162046670448, 0.000971370842308, 0.000435281253885, 0.000222401940846, 0.000193058032892, 0.000132185188704, 8.00443085609e-05, 0.000269772892352, 0.000104374565126, 9.39622186706e-05, 9.05976921786e-05, 0.000108626067231, 7.86992968642e-05, 0.000124051803141, 0.00013697653776, 0.000164670098457, 0.000116918163258, 0.000150143154315, 0.000119749041914, 0.000117831412354, 7.4795258115e-05, 4.55511035398e-05, 3.96184186684e-05, 3.12477823172e-05, 2.26194406423e-05, 1.56269015861e-05, 9.04977332539e-06, 7.60552029533e-06, 5.37271716894e-06, 4.08394362239e-06, 3.15773854709e-06, 2.48803030445e-06, 1.89678826246e-06, 1.47625087266e-06, 1.58800457939e-06, 7.67361086673e-07, 5.24736208263e-07, 3.04680924046e-07],
        "median": [0.000981943216175, 0.00221771351062, 0.00113842973951, 0.000604216533247, 0.00031228325679, 0.000159292671015, 0.000125352642499, 8.43164234539e-05, 5.44854119653e-05, 0.000106990111817, 6.58349308651e-05, 6.22939915047e-05, 6.35205797153e-05, 7.01603130437e-05, 6.09093403909e-05, 8.13323422335e-05, 9.50456233113e-05, 0.000128254236188, 9.31837057578e-05, 0.000101360725239, 0.000101117133454, 0.000100303426734, 6.04495908192e-05, 3.74334886146e-05, 3.28293099301e-05, 2.63138936134e-05, 1.77209822141e-05, 1.27222392621e-05, 7.22126287656e-06, 6.26565861239e-06, 4.2798319555e-06, 2.96358689411e-06, 1.84355326383e-06, 1.37059635108e-06, 1.02662920654e-06, 8.54461688959e-07, 9.34808099373e-07, 4.04776017149e-07, 2.77685757055e-07, 1.51246922542e-07],
        "min": [5.09975188834e-06, 8.10873752926e-05, 6.1721111706e-05, 3.54025651177e-05, 2.63618003373e-05, 3.83962469641e-06, 9.68414406088e-06, 4.32982278653e-06, 3.60296917279e-06, 5.96570907874e-06, 3.58531679012e-06, 5.50114918951e-06, 3.48454545929e-06, 3.076515668e-06, 7.28447412257e-06, 3.77916330763e-06, 1.00365950857e-05, 1.23277168314e-05, 1.04797190943e-05, 1.3172009858e-05, 1.52886059368e-05, 1.11279550765e-05, 7.10106996848e-06, 6.3356433202e-06, 3.55203746949e-06, 2.4830728762e-06, 1.95092138711e-06, 1.28511203457e-06, 9.06978982584e-07, 6.27910026196e-07, 2.2685122758e-07, 9.34864772262e-08, 3.47978641457e-08, 2.39267397006e-08, 8.78496830836e-09, 7.8156228156e-09, 1.18937757421e-08, 5.40685218819e-10, 2.92614349418e-10, 4.88241825441e-13],
