{
"highlevel": {
    "danceability": {
        "all": {
            "danceable": 0.956491231918,
            "not_danceable": 0.0435087829828
        },
        "probability": 0.956491231918,
        "value": "danceable"
    },
    "gender": {
        "all": {
            "female": 0.0272318255156,
            "male": 0.972768187523
        },
        "probability": 0.972768187523,
        "value": "male"
    },
    "genre_dortmund": {
        "all": {
            "alternative": 0.00533076515421,
            "blues": 0.0327097401023,
            "electronic": 0.0110095478594,
            "folkcountry": 0.00868470128626,
            "funksoulrnb": 0.0211930405349,
            "jazz": 0.0309718288481,
            "pop": 0.006885423325,
            "raphiphop": 0.873896002769,
            "rock": 0.00931893475354
        },
        "probability": 0.873896002769,
        "value": "raphiphop"
    },
    "genre_electronic": {
        "all": {
            "ambient": 0.225861653686,
            "dnb": 0.098435588181,
            "house": 0.608465790749,
            "techno": 0.0263622645289,
            "trance": 0.0408746860921
        },
        "probability": 0.608465790749,
        "value": "house"
    },
    "genre_rosamerica": {
        "all": {
            "cla": 0.00409574015066,
            "dan": 0.00817024800926,
            "hip": 0.757077276707,
            "jaz": 0.00541206728667,
            "pop": 0.0312111247331,
            "rhy": 0.175103679299,
            "roc": 0.00551506690681,
            "spe": 0.0134147750214
        },
        "probability": 0.757077276707,
        "value": "hip"
    },
    "genre_tzanetakis": {
        "all": {
            "blu": 0.0626613423228,
            "cla": 0.0348169617355,
            "cou": 0.104475811124,
            "dis": 0.0784321576357,
            "hip": 0.15692435205,
            "jaz": 0.313974827528,
            "met": 0.0448166541755,
            "pop": 0.0627359300852,
            "reg": 0.0627360641956,
            "roc": 0.0784258767962
        },
        "probability": 0.313974827528,
        "value": "jaz"
    },
    "ismir04_rhythm": {
        "all": {
            "ChaChaCha": 0.05819728598,
            "Jive": 0.0245337635279,
            "Quickstep": 0.801699221134,
            "Rumba-American": 0.00314178760163,
            "Rumba-International": 0.0168999750167,
            "Rumba-Misc": 0.00336070754565,
            "Samba": 0.0820679217577,
            "Tango": 0.008180687204,
            "VienneseWaltz": 0.00128076714464,
            "Waltz": 0.000637871504296
        },
        "probability": 0.801699221134,
        "value": "Quickstep"
    },
    "mood_acoustic": {
        "all": {
            "acoustic": 0.220931202173,
            "not_acoustic": 0.779068827629
        },
        "probability": 0.779068827629,
        "value": "not_acoustic"
    },
    "mood_aggressive": {
        "all": {
            "aggressive": 0.284340620041,
            "not_aggressive": 0.715659379959
        },
        "probability": 0.715659379959,
        "value": "not_aggressive"
    },
    "mood_electronic": {
        "all": {
            "electronic": 0.770797789097,
            "not_electronic": 0.229202225804
        },
        "probability": 0.770797789097,
        "value": "electronic"
    },
    "mood_happy": {
        "all": {
            "happy": 0.553718984127,
            "not_happy": 0.446281015873
        },
        "probability": 0.553718984127,
        "value": "happy"
    },
    "mood_party": {
        "all": {
            "not_party": 0.276194244623,
            "party": 0.723805725574
        },
        "probability": 0.723805725574,
        "value": "party"
    },
    "mood_relaxed": {
        "all": {
            "not_relaxed": 0.366985321045,
            "relaxed": 0.633014678955
        },
        "probability": 0.633014678955,
        "value": "relaxed"
    },
    "mood_sad": {
        "all": {
            "not_sad": 0.358552515507,
            "sad": 0.641447484493
        },
        "probability": 0.641447484493,
        "value": "sad"
    },
    "moods_mirex": {
        "all": {
            "Cluster1": 0.120375372469,
            "Cluster2": 0.484144330025,
            "Cluster3": 0.102089479566,
            "Cluster4": 0.195958405733,
            "Cluster5": 0.097432397306
        },
        "probability": 0.484144330025,
        "value": "Cluster2"
    },
    "timbre": {
        "all": {
            "bright": 0.987587988377,
            "dark": 0.0124120237306
        },
        "probability": 0.987587988377,
        "value": "bright"
    },
    "tonal_atonal": {
        "all": {
            "atonal": 0.673934221268,
            "tonal": 0.32606574893
        },
        "probability": 0.673934221268,
        "value": "atonal"
    },
    "voice_instrumental": {
        "all": {
            "instrumental": 0.00589948054403,
            "voice": 0.994100511074
        },
        "probability": 0.994100511074,
        "value": "voice"
    }
},
"lowlevel": {
    "average_loudness": 0.97559273243,
    "barkbands_crest": {
        "dmean": 3.51210284233,
        "dmean2": 5.72419404984,
        "dvar": 8.64458656311,
        "dvar2": 21.5174865723,
        "max": 25.2559223175,
        "mean": 11.1323165894,
        "median": 10.2145729065,
        "min": 2.86604595184,
        "var": 20.9235496521
    },
    "barkbands_flatness_db": {
        "dmean": 0.0318070910871,
        "dmean2": 0.0471734963357,
        "dvar": 0.000715657544788,
        "dvar2": 0.00145893031731,
        "max": 0.425118088722,
        "mean": 0.170720353723,
        "median": 0.167389467359,
        "min": 0.0562471225858,
        "var": 0.0031670180615
    },
    "barkbands_kurtosis": {
        "dmean": 6.42515468597,
        "dmean2": 10.0300264359,
        "dvar": 128.612258911,
        "dvar2": 287.295806885,
        "max": 175.676620483,
        "mean": 6.91497802734,
        "median": 1.47914791107,
        "min": -1.9554913044,
        "var": 195.97958374
    },
    "barkbands_skewness": {
        "dmean": 1.04725468159,
        "dmean2": 1.53869557381,
        "dvar": 1.06252765656,
        "dvar2": 2.22583937645,
        "max": 11.4760990143,
        "mean": 1.69701015949,
        "median": 1.3096216917,
        "min": -4.33667755127,
        "var": 3.38800501823
    },
    "barkbands_spread": {
        "dmean": 11.9304847717,
        "dmean2": 17.9828262329,
        "dvar": 237.15927124,
        "dvar2": 503.591552734,
        "max": 116.16885376,
        "mean": 26.9381256104,
        "median": 20.6975364685,
        "min": 1.13002979755,
        "var": 490.386352539
    },
    "dissonance": {
        "dmean": 0.023349288851,
        "dmean2": 0.0384436100721,
        "dvar": 0.000697022594977,
        "dvar2": 0.00174839235842,
        "max": 0.499930948019,
        "mean": 0.464057087898,
        "median": 0.474004507065,
        "min": 0.156831502914,
        "var": 0.00114145339467
    },
    "dynamic_complexity": 3.46408081055,
    "erbbands_crest": {
        "dmean": 3.30602788925,
        "dmean2": 5.46747398376,
        "dvar": 8.98045539856,
        "dvar2": 23.2134017944,
        "max": 24.4400196075,
        "mean": 8.91623306274,
        "median": 7.90535783768,
        "min": 2.76818680763,
        "var": 15.5244617462
    },
    "erbbands_flatness_db": {
        "dmean": 0.0301153864712,
        "dmean2": 0.0429688282311,
        "dvar": 0.000813078309875,
        "dvar2": 0.00143268541433,
        "max": 0.382312268019,
        "mean": 0.168693259358,
        "median": 0.157137542963,
        "min": 0.0657620877028,
        "var": 0.00312861124985
    },
    "erbbands_kurtosis": {
        "dmean": 1.7148308754,
        "dmean2": 2.80347466469,
        "dvar": 5.52081203461,
        "dvar2": 13.4735536575,
        "max": 27.0363750458,
        "mean": 0.745731949806,
        "median": -0.199473619461,
        "min": -1.77473521233,
        "var": 8.24706363678
    },
    "erbbands_skewness": {
        "dmean": 0.686949372292,
        "dmean2": 1.04113101959,
        "dvar": 0.396446436644,
        "dvar2": 0.948953211308,
        "max": 3.66863632202,
        "mean": -0.110790714622,
        "median": -0.0726061910391,
        "min": -4.43538427353,
        "var": 1.05127704144
    },
    "erbbands_spread": {
        "dmean": 16.1034317017,
        "dmean2": 24.3404865265,
        "dvar": 292.255493164,
        "dvar2": 649.75994873,
        "max": 181.28742981,
        "mean": 42.9668235779,
        "median": 38.227230072,
        "min": 4.43352746964,
        "var": 651.625427246
    },
    "hfc": {
        "dmean": 15.5155944824,
        "dmean2": 22.3618717194,
        "dvar": 1548.50512695,
        "dvar2": 3242.9309082,
        "max": 326.348266602,
        "mean": 20.7817592621,
        "median": 9.35635662079,
        "min": 0.00601089792326,
        "var": 1893.01367188
    },
    "melbands_crest": {
        "dmean": 4.26349639893,
        "dmean2": 6.76187372208,
        "dvar": 13.1188726425,
        "dvar2": 30.9223651886,
        "max": 37.4522590637,
        "mean": 16.1797275543,
        "median": 15.8260583878,
        "min": 3.90964627266,
        "var": 32.4211845398
    },
    "melbands_flatness_db": {
        "dmean": 0.0411335341632,
        "dmean2": 0.0565584748983,
        "dvar": 0.00124507304281,
        "dvar2": 0.00225338805467,
        "max": 0.536064326763,
        "mean": 0.223552525043,
        "median": 0.217985615134,
        "min": 0.0300047192723,
        "var": 0.00724434386939
    },
    "melbands_kurtosis": {
        "dmean": 18.4360218048,
        "dmean2": 28.6507759094,
        "dvar": 1039.39807129,
        "dvar2": 2375.84741211,
        "max": 396.590667725,
        "mean": 23.4837169647,
        "median": 8.15284347534,
        "min": -1.75040817261,
        "var": 1522.63110352
    },
    "melbands_skewness": {
        "dmean": 1.49098968506,
        "dmean2": 2.17318749428,
        "dvar": 2.37124109268,
        "dvar2": 4.98993968964,
        "max": 16.4055843353,
        "mean": 3.26782369614,
        "median": 2.57470679283,
        "min": -1.70049142838,
        "var": 6.82618188858
    },
    "melbands_spread": {
        "dmean": 16.6344203949,
        "dmean2": 25.8592605591,
        "dvar": 608.540588379,
        "dvar2": 1410.52294922,
        "max": 256.636199951,
        "mean": 30.5622406006,
        "median": 19.7445545197,
        "min": 0.780466198921,
        "var": 1022.03826904
    },
    "pitch_salience": {
        "dmean": 0.0993344783783,
        "dmean2": 0.164093852043,
        "dvar": 0.00881356373429,
        "dvar2": 0.0231571327895,
        "max": 0.87204426527,
        "mean": 0.520457804203,
        "median": 0.519536375999,
        "min": 0.100555710495,
        "var": 0.0163806639612
    },
    "silence_rate_20dB": {
        "dmean": 0,
        "dmean2": 0,
        "dvar": 0,
        "dvar2": 0,
        "max": 1,
        "mean": 1,
        "median": 1,
        "min": 1,
        "var": 0
    },
    "silence_rate_30dB": {
        "dmean": 0.0634674951434,
        "dmean2": 0.127033308148,
        "dvar": 0.0594395399094,
        "dvar2": 0.124838665128,
        "max": 1,
        "mean": 0.939675152302,
        "median": 1,
        "min": 0,
        "var": 0.0566858239472
    },
    "silence_rate_60dB": {
        "dmean": 0.108359135687,
        "dmean2": 0.216886132956,
        "dvar": 0.0966172739863,
        "dvar2": 0.208577334881,
        "max": 1,
        "mean": 0.140757933259,
        "median": 0,
        "min": 0,
        "var": 0.120944857597
    },
    "spectral_centroid": {
        "dmean": 484.935516357,
        "dmean2": 728.329956055,
        "dvar": 326747.4375,
        "dvar2": 699190.0625,
        "max": 7059.42138672,
        "mean": 1599.15527344,
        "median": 1485.79614258,
        "min": 205.480957031,
        "var": 767917.375
    },
    "spectral_complexity": {
        "dmean": 5.24535608292,
        "dmean2": 7.05499601364,
        "dvar": 42.668296814,
        "dvar2": 69.5269546509,
        "max": 58,
        "mean": 13.7463264465,
        "median": 12,
        "min": 0,
        "var": 116.333335876
    },
    "spectral_decrease": {
        "dmean": 4.09128642076e-09,
        "dmean2": 5.75401015723e-09,
        "dvar": 4.35840968446e-17,
        "dvar2": 8.22727138309e-17,
        "max": -4.66278870983e-13,
        "mean": -6.78576261848e-09,
        "median": -3.32444893836e-09,
        "min": -4.9310980188e-08,
        "var": 8.57217922875e-17
    },
    "spectral_energy": {
        "dmean": 0.0165556725115,
        "dmean2": 0.0231921132654,
        "dvar": 0.000693142937962,
        "dvar2": 0.00130048056599,
        "max": 0.188467085361,
        "mean": 0.0274960007519,
        "median": 0.0134863425046,
        "min": 3.37469123224e-06,
        "var": 0.00134107191116
    },
    "spectral_energyband_high": {
        "dmean": 0.00152182474267,
        "dmean2": 0.00225064228289,
        "dvar": 2.61114710156e-05,
        "dvar2": 5.53579120606e-05,
        "max": 0.0418798178434,
        "mean": 0.00148918526247,
        "median": 0.000158756563906,
        "min": 1.94571025958e-08,
        "var": 2.87051334453e-05
    },
    "spectral_energyband_low": {
        "dmean": 0.00980776641518,
        "dmean2": 0.0143157523125,
        "dvar": 0.000496257911436,
        "dvar2": 0.000967154745013,
        "max": 0.176576048136,
        "mean": 0.015314203687,
        "median": 0.0029790380504,
        "min": 1.47373185655e-07,
        "var": 0.000873094017152
    },
    "spectral_energyband_middle_high": {
        "dmean": 0.00245801848359,
        "dmean2": 0.00356573797762,
        "dvar": 1.56916812557e-05,
        "dvar2": 3.43308638548e-05,
        "max": 0.0432909242809,
        "mean": 0.00372507981956,
        "median": 0.00166664249264,
        "min": 3.8080506215e-07,
        "var": 2.71598419204e-05
    },
    "spectral_energyband_middle_low": {
        "dmean": 0.00692584272474,
        "dmean2": 0.0112575301901,
        "dvar": 0.000159043178428,
        "dvar2": 0.00039920443669,
        "max": 0.0868652760983,
        "mean": 0.00790893379599,
        "median": 0.00313049834222,
        "min": 1.33784396894e-06,
        "var": 0.00016196888464
    },
    "spectral_entropy": {
        "dmean": 0.264520436525,
        "dmean2": 0.372271180153,
        "dvar": 0.07495944947,
        "dvar2": 0.123234733939,
        "max": 8.69418811798,
        "mean": 7.46605920792,
        "median": 7.36980104446,
        "min": 5.18622303009,
        "var": 0.269797384739
    },
    "spectral_flux": {
        "dmean": 0.0401122160256,
        "dmean2": 0.060584243387,
        "dvar": 0.00236289016902,
        "dvar2": 0.00511932233348,
        "max": 0.332417488098,
        "mean": 0.0973799601197,
        "median": 0.073852725327,
        "min": 0.00221730815247,
        "var": 0.00525428215042
    },
    "spectral_kurtosis": {
        "dmean": 2.75971412659,
        "dmean2": 4.38699579239,
        "dvar": 11.0673522949,
        "dvar2": 28.9556884766,
        "max": 46.5718078613,
        "mean": 5.34322118759,
        "median": 4.91598367691,
        "min": -1.4180983305,
        "var": 21.7868232727
    },
    "spectral_rms": {
        "dmean": 0.00140544620808,
        "dmean2": 0.00186651444528,
        "dvar": 2.99147336591e-06,
        "dvar2": 5.02200191477e-06,
        "max": 0.0135598797351,
        "mean": 0.00430086115375,
        "median": 0.00362731399946,
        "min": 5.73792785872e-05,
        "var": 8.32797923067e-06
    },
    "spectral_rolloff": {
        "dmean": 1068.74462891,
        "dmean2": 1804.57092285,
        "dvar": 3428623,
        "dvar2": 7149480.5,
        "max": 12424.6582031,
        "mean": 1963.18713379,
        "median": 1076.66015625,
        "min": 43.06640625,
        "var": 5477793.5
    },
    "spectral_skewness": {
        "dmean": 0.379526108503,
        "dmean2": 0.579385638237,
        "dvar": 0.1441270262,
        "dvar2": 0.319362878799,
        "max": 5.60900306702,
        "mean": 1.51946794987,
        "median": 1.54248452187,
        "min": -0.214075729251,
        "var": 0.409139513969
    },
    "spectral_spread": {
        "dmean": 1057622.625,
        "dmean2": 1431890.375,
        "dvar": 1.73511632486e+12,
        "dvar2": 2.52919126426e+12,
        "max": 17508424,
        "mean": 4563033,
        "median": 3734789.75,
        "min": 1609082.375,
        "var": 5.73082855014e+12
    },
    "spectral_strongpeak": {
        "dmean": 0.495744585991,
        "dmean2": 0.851286768913,
        "dvar": 0.652436256409,
        "dvar2": 1.7199640274,
        "max": 11.953540802,
        "mean": 0.582322478294,
        "median": 0.253555864096,
        "min": 0,
        "var": 0.702431261539
    },
    "zerocrossingrate": {
        "dmean": 0.0210550501943,
        "dmean2": 0.023507848382,
        "dvar": 0.000615397410002,
        "dvar2": 0.000730852247216,
        "max": 0.37255859375,
        "mean": 0.071768656373,
        "median": 0.05615234375,
        "min": 0.00390625,
        "var": 0.00301620969549
    },
    "barkbands": {
        "dmean": [0.000574214092921, 0.00831853318959, 0.0019253117498, 0.00252230581827, 0.00246470025741, 0.000652250426356, 0.000807891716249, 0.00127134600189, 0.000495488522574, 0.000464189302875, 0.000303158623865, 0.000399835204007, 0.0002854935301, 0.000316638499498, 0.000450121209724, 0.000395609997213, 0.000283361208858, 0.000255796854617, 0.000221787631745, 0.000277046026895, 0.00032495817868, 0.000339431280736, 0.00031355113606, 0.000282806955511, 0.000135561393108, 2.079954902e-05, 1.73934282088e-07],
        "dmean2": [0.000891942123417, 0.0130965970457, 0.00305216875859, 0.00449256552383, 0.00388689292595, 0.00109179399442, 0.00135063717607, 0.00216499227099, 0.000805184594356, 0.000732460175641, 0.000492110964842, 0.000685676466674, 0.000450003630249, 0.000517176114954, 0.000716521812137, 0.000623334024567, 0.000459072209196, 0.000397194322431, 0.000339432997862, 0.000414767768234, 0.000492945080623, 0.000509086064994, 0.000477062247228, 0.000403772311984, 0.000206871700357, 3.36987613991e-05, 3.18736084637e-07],
        "dvar": [2.52823201663e-06, 0.000448986975243, 1.61574062076e-05, 4.20476717409e-05, 3.53957839252e-05, 1.82544715699e-06, 4.02467003369e-06, 8.75530622579e-06, 1.52661607444e-06, 2.02507158065e-06, 1.4176644072e-06, 3.31802561959e-06, 5.62428795092e-07, 4.7870275921e-07, 1.03179388589e-06, 1.14180079436e-06, 2.52749543961e-07, 2.15934065295e-07, 2.40731367285e-07, 6.8183089752e-07, 1.4566610389e-06, 1.41831412748e-06, 9.49641503212e-07, 6.91669356456e-07, 1.9221106129e-07, 4.71136507585e-09, 9.63342795292e-13],
        "dvar2": [6.00929342909e-06, 0.00102239917032, 4.06182443839e-05, 0.000117497489555, 7.08855077391e-05, 4.59725833934e-06, 1.02121812233e-05, 2.29915349337e-05, 3.81782729164e-06, 4.7288863243e-06, 2.8966883292e-06, 9.77934632829e-06, 1.34553658881e-06, 1.18576372188e-06, 2.48862488661e-06, 2.76873743132e-06, 6.2231845277e-07, 4.90164438816e-07, 5.42113752999e-07, 1.39330620641e-06, 3.22742198477e-06, 2.84572411147e-06, 2.1019743599e-06, 1.34678634822e-06, 4.4524540499e-07, 1.1866366556e-08, 2.62010096778e-12],
        "max": [0.0164773799479, 0.167246103287, 0.0338870696723, 0.037621114403, 0.0444809012115, 0.0213853958994, 0.0261668786407, 0.0274146869779, 0.0170930903405, 0.017356466502, 0.0209803637117, 0.0329101569951, 0.0134004428983, 0.00728832790628, 0.0114304991439, 0.0260388124734, 0.00540261389688, 0.00513231335208, 0.00487897498533, 0.00863485690206, 0.00985674466938, 0.0105307865888, 0.00923579279333, 0.00708128791302, 0.00372000411153, 0.000694692484103, 1.42242442962e-05],
        "mean": [0.000743936339859, 0.0111292488873, 0.00260316440836, 0.00208426010795, 0.0024882867001, 0.000686830549967, 0.000788630102761, 0.00112568365876, 0.000542886264157, 0.000475314300274, 0.000340309605235, 0.000346136715962, 0.000305442197714, 0.000324208231177, 0.000448665727163, 0.000456891692011, 0.000324310152791, 0.000329738366418, 0.000295654812362, 0.000303085864289, 0.000301541847875, 0.000326637440594, 0.000288603245281, 0.000292100594379, 0.00012542323384, 1.88949725271e-05, 1.08374493379e-07],
        "median": [0.000223956609261, 0.00145584577695, 0.00058352824999, 0.000245106872171, 0.000402021483751, 0.000192249455722, 0.00021076950361, 0.000233435275732, 0.000118864161777, 9.81025441433e-05, 3.49909278157e-05, 3.63175640814e-05, 3.62015998689e-05, 6.37649645796e-05, 9.30954047362e-05, 7.99946355983e-05, 0.000111890491098, 8.26829418656e-05, 8.58851708472e-05, 6.7412845965e-05, 2.10881462408e-05, 1.60408471856e-05, 1.38398809213e-05, 2.21703976422e-05, 1.21639523059e-05, 2.67870018433e-06, 2.5964258521e-10],
        "min": [7.21495352352e-09, 4.86259610355e-09, 2.23452756298e-10, 8.00582267146e-10, 6.08305583683e-08, 3.65847476758e-08, 5.28743342443e-08, 6.16533242237e-08, 2.99599314246e-08, 5.69203919554e-08, 1.41191547343e-08, 3.47992141769e-08, 8.93488039111e-09, 9.80527214978e-09, 7.09875935812e-09, 1.13079448028e-08, 1.23224355164e-08, 1.18486873646e-08, 3.27731584093e-08, 8.043434363e-09, 2.86060952703e-09, 1.9467731871e-09, 2.01764560614e-09, 3.19310200503e-09, 4.43731079658e-10, 2.03084198763e-11, 6.58112410054e-12],
        "var": [2.67737709692e-06, 0.000609581591561, 1.92626503122e-05, 2.91113119602e-05, 4.09898239013e-05, 2.12347390516e-06, 3.8865755414e-06, 7.30204374122e-06, 1.67423127095e-06, 2.11265751204e-06, 1.83117037977e-06, 2.21185382543e-06, 7.25469021745e-07, 5.20334538123e-07, 1.03960678643e-06, 1.45564240484e-06, 3.12801148539e-07, 3.63975033224e-07, 3.31983414981e-07, 7.98253211087e-07, 1.46042009419e-06, 1.60866909482e-06, 1.02313549633e-06, 8.90963463007e-07, 1.83245973062e-07, 3.83706932894e-09, 6.14177220366e-13]
    },
    "erbbands": {
        "dmean": [0.250137239695, 1.98681414127, 2.49770855904, 4.98403310776, 11.7207326889, 6.19814157486, 4.89935588837, 5.25224018097, 9.7900056839, 18.4709033966, 24.0729503632, 11.3637580872, 13.3669528961, 12.7845745087, 13.9004917145, 14.4559850693, 13.4003801346, 14.9208307266, 20.1860713959, 22.8780822754, 18.2554321289, 16.1653385162, 14.8813066483, 10.9071159363, 12.2418441772, 11.6306428909, 11.5606441498, 13.9757595062, 11.3418111801, 12.9774332047, 8.33632850647, 5.77491950989, 4.63888025284, 2.32260775566, 0.569897413254, 0.133434057236, 0.032713893801, 0.00281361537054, 9.06966888579e-05, 2.68837193289e-05],
        "dmean2": [0.361589759588, 3.20528316498, 3.83723139763, 8.603972435, 18.5047225952, 10.2123451233, 8.17990398407, 8.62335968018, 16.4684524536, 31.1028213501, 40.4042663574, 18.1369743347, 21.6960525513, 19.1073589325, 22.8071632385, 24.2821769714, 21.2122650146, 23.4685573578, 31.5577011108, 35.3249778748, 28.4304294586, 25.608915329, 23.281288147, 16.6106071472, 17.9696426392, 17.4514198303, 18.0112361908, 20.8618106842, 17.5454101562, 19.9001750946, 12.645904541, 8.31535243988, 6.71312427521, 3.60528731346, 0.833185970783, 0.208803236485, 0.0534790046513, 0.00472190137953, 0.000145309881191, 3.89563319914e-05],
        "dvar": [0.398675203323, 25.6651439667, 27.4895114899, 130.853607178, 1010.81585693, 171.436126709, 90.5146255493, 137.538848877, 675.922485352, 1765.82470703, 3476.95019531, 696.822875977, 1434.796875, 2262.70385742, 3618.88110352, 2772.62817383, 1339.13366699, 945.35534668, 1957.58007812, 2557.4675293, 1449.87585449, 826.562011719, 688.809326172, 579.469360352, 653.704650879, 1191.05883789, 1891.10412598, 2680.79931641, 1595.13305664, 2100.18334961, 671.067871094, 279.85446167, 179.965805054, 62.962436676, 2.69609427452, 0.166184276342, 0.0130566013977, 0.000119603682833, 1.09315408281e-07, 2.8614277614e-09],
        "dvar2": [0.781811177731, 64.3652572632, 63.1167640686, 357.932159424, 2347.50732422, 400.40914917, 239.052886963, 342.693115234, 1819.71630859, 4458.64794922, 9138.51367188, 1673.27416992, 3314.00927734, 4628.47070312, 9163.58691406, 7704.8046875, 3090.03808594, 2224.2722168, 4701.82128906, 6268.09277344, 3348.49462891, 2004.17297363, 1543.44628906, 1406.02734375, 1313.06225586, 2536.61547852, 4408.59814453, 5605.46582031, 2951.87548828, 4751.18652344, 1532.63256836, 527.453186035, 368.33682251, 151.606735229, 5.99979972839, 0.401222139597, 0.0332653075457, 0.000307927490212, 2.72691494274e-07, 5.9793907603e-09],
        "max": [5.68774652481, 38.8543052673, 47.0930519104, 74.1778335571, 244.059768677, 93.3574066162, 110.810516357, 201.201477051, 369.872802734, 546.604370117, 596.575195312, 366.437591553, 488.029510498, 851.74987793, 899.205505371, 765.18347168, 681.468383789, 397.009033203, 675.99798584, 833.807312012, 709.671936035, 335.779205322, 282.774108887, 238.779006958, 329.240020752, 358.742431641, 363.562896729, 456.996856689, 385.997070312, 397.629364014, 234.006011963, 147.074249268, 114.551452637, 69.4887008667, 13.2200584412, 4.1223897934, 1.19169592857, 0.108517318964, 0.00350161548704, 0.000492231862154],
        "mean": [0.350178748369, 2.31523871422, 3.50766515732, 5.08779096603, 10.3777103424, 6.12300634384, 5.02947664261, 5.53492641449, 9.81224632263, 17.7803859711, 22.2478294373, 12.645029068, 14.5108032227, 14.0918312073, 14.2993535995, 13.477265358, 14.7071418762, 16.6898059845, 20.129360199, 25.1398162842, 21.9033355713, 19.413816452, 19.2081756592, 14.1940088272, 16.150560379, 12.7416906357, 10.3145313263, 13.769238472, 11.6711988449, 11.3918962479, 7.51827287674, 5.99756908417, 4.66380262375, 2.05794095993, 0.57200139761, 0.130043357611, 0.028595995158, 0.00224124407396, 8.41428627609e-05, 3.97983167204e-05],
        "median": [0.0650455728173, 0.216401442885, 0.769815444946, 1.03586506844, 1.1154665947, 1.30828392506, 1.45669937134, 1.56377696991, 2.75880408287, 5.28687000275, 5.1903796196, 3.34972834587, 3.93552136421, 2.20147967339, 1.69204223156, 1.72475790977, 1.98089528084, 3.16550040245, 3.65575146675, 6.26336288452, 4.76855659485, 6.62034368515, 5.07791280746, 4.63875579834, 4.82529115677, 2.96660780907, 0.950845956802, 0.931014299393, 0.57990282774, 0.481570959091, 0.370660096407, 0.307685762644, 0.419996023178, 0.163495987654, 0.0747089013457, 0.0187926683575, 0.00392886856571, 0.000198670997634, 1.69950799318e-05, 1.81102059287e-05],
        "min": [1.33869900765e-06, 1.99428700398e-06, 6.84106964854e-07, 3.10372365675e-06, 7.40175819374e-05, 0.000145196216181, 0.000120938471809, 0.000414862617617, 0.000433016102761, 0.00136429572012, 0.00168784195557, 0.0009028983186, 0.00126936088782, 0.00170490238816, 0.00220545544289, 0.00199284520932, 0.000575478305109, 0.00046143057989, 0.000595966354012, 0.000839453889057, 0.000547425530385, 0.000798689026851, 0.00130841974169, 0.00190088734962, 0.00113017077092, 0.000483027542941, 0.000267636904027, 9.5608556876e-05, 7.79353722464e-05, 7.26226353436e-05, 5.61361921427e-05, 6.61865560687e-05, 3.94323215005e-05, 1.14508775368e-05, 6.96035067449e-06, 1.45590965985e-05, 5.92070477978e-07, 2.217351458e-08, 1.16372618209e-08, 2.19449525218e-08],
        "var": [0.63719445467, 28.4031963348, 37.0164794922, 108.168937683, 952.766357422, 174.549819946, 94.5879974365, 148.676834106, 605.38861084, 1678.58703613, 2915.38989258, 787.222229004, 1592.59069824, 2913.23242188, 3410.47680664, 2256.23681641, 1731.86547852, 1252.99438477, 2048.90942383, 2788.94091797, 2329.36669922, 1154.11499023, 1161.32739258, 739.009399414, 996.70880127, 1350.4987793, 1752.32421875, 2916.03662109, 1959.82885742, 2071.09301758, 697.290466309, 380.711730957, 217.065689087, 56.5377388, 2.82648825645, 0.151363730431, 0.0101810740307, 8.93548276508e-05, 8.7979088903e-08, 3.76034936522e-09]
    },
    "gfcc": {
        "mean": [-47.7764434814, 89.1067352295, -117.90271759, 46.9637985229, -54.4821014404, 17.0927963257, -42.6032981873, 22.7656478882, -16.3260650635, 2.21301817894, -10.7267017365, -6.98390293121, -6.11837005615],
        "cov": [[7355.09814453, -792.402282715, 329.694549561, 502.582000732, -213.592208862, 435.323730469, -39.3347930908, -236.842498779, -128.624862671, 82.6270141602, -370.904785156, -75.8334884644, -322.864959717], [-792.402282715, 1883.15966797, -56.4695549011, -215.251434326, 524.689880371, -286.902404785, 385.933990479, 106.626739502, 221.180603027, -39.2507209778, 194.706039429, -78.4583282471, 49.9266204834], [329.694549561, -56.4695549011, 1600.17260742, 552.326049805, 102.40662384, 408.924865723, 81.4311828613, -51.0191726685, -35.7224006653, 160.829452515, -170.634918213, 150.893112183, -32.6576309204], [502.582000732, -215.251434326, 552.326049805, 708.381408691, 98.8269271851, 146.62538147, -23.8200683594, -14.9603176117, 84.5388717651, 21.9888057709, -52.4317359924, 0.5664960742, 49.8468818665], [-213.592208862, 524.689880371, 102.40662384, 98.8269271851, 515.460388184, 89.2712478638, 166.797775269, 98.859085083, 105.207466125, 81.802406311, 53.6490478516, -16.1258983612, 50.2186584473], [435.323730469, -286.902404785, 408.924865723, 146.62538147, 89.2712478638, 550.340393066, 170.103393555, -29.3797588348, -28.5408363342, 86.1640472412, -32.846031189, 63.0292129517, -27.1676235199], [-39.3347930908, 385.933990479, 81.4311828613, -23.8200683594, 166.797775269, 170.103393555, 378.611419678, 62.3756217957, 30.7208156586, 9.71943283081, 32.0256614685, 29.2375221252, -12.6489667892], [-236.842498779, 106.626739502, -51.0191726685, -14.9603176117, 98.859085083, -29.3797588348, 62.3756217957, 229.916015625, 89.6876907349, 19.0748786926, 59.2046051025, -18.2210273743, 41.0628700256], [-128.624862671, 221.180603027, -35.7224006653, 84.5388717651, 105.207466125, -28.5408363342, 30.7208156586, 89.6876907349, 215.726776123, 38.3222732544, 24.4273796082, -47.2237434387, 40.7963485718], [82.6270141602, -39.2507209778, 160.829452515, 21.9888057709, 81.802406311, 86.1640472412, 9.71943283081, 19.0748786926, 38.3222732544, 169.623214722, -21.08228302, 6.24462413788, -17.6444683075], [-370.904785156, 194.706039429, -170.634918213, -52.4317359924, 53.6490478516, -32.846031189, 32.0256614685, 59.2046051025, 24.4273796082, -21.08228302, 186.192657471, -4.51962280273, 26.3473930359], [-75.8334884644, -78.4583282471, 150.893112183, 0.5664960742, -16.1258983612, 63.0292129517, 29.2375221252, -18.2210273743, -47.2237434387, 6.24462413788, -4.51962280273, 134.564331055, 13.8025302887], [-322.864959717, 49.9266204834, -32.6576309204, 49.8468818665, 50.2186584473, -27.1676235199, -12.6489667892, 41.0628700256, 40.7963485718, -17.6444683075, 26.3473930359, 13.8025302887, 126.098419189]],
        "icov": [[0.000202556504519, -0.000164456723724, 0.000208531491808, -0.000340111088008, 0.000177184818313, -0.000304810033413, 0.000172971282154, -0.000145571713801, 0.000232128892094, -0.00015419034753, 0.000460521288915, -5.60616208531e-05, 0.000513955543283], [-0.000164456723724, 0.00312948366627, -0.00176576082595, 0.00224389159121, -0.00264975894243, 0.00312675023451, -0.0030832181219, 0.0024584683124, -0.00282450276427, 0.00191742868628, -0.00277398317121, 0.0018344639102, -0.000824495684355], [0.000208531491808, -0.00176576082595, 0.00241655041464, -0.00237470935099, 0.00145587907173, -0.00221071019769, 0.0016539884964, -0.00162050069775, 0.00204222439788, -0.00192524376325, 0.00251654465683, -0.00221540592611, 0.00122171931434], [-0.000340111088008, 0.00224389159121, -0.00237470935099, 0.00435566809028, -0.00224778382108, 0.00200483808294, -0.00164098490495, 0.00223670201376, -0.00327292294241, 0.00244182953611, -0.00236282148398, 0.00207550893538, -0.00199485872872], [0.000177184818313, -0.00264975894243, 0.00145587907173, -0.00224778382108, 0.00519783329219, -0.00262454338372, 0.0013612753246, -0.00237958575599, 0.00205837539397, -0.00301503553055, 0.00179997796658, -0.000878036546055, -0.00032345452928], [-0.000304810033413, 0.00312675023451, -0.00221071019769, 0.00200483808294, -0.00262454338372, 0.00609099818394, -0.00439830496907, 0.00291659962386, -0.00230060261674, 0.000772119092289, -0.0031011600513, 0.0014680250315, -0.00107730273157], [0.000172971282154, -0.0030832181219, 0.0016539884964, -0.00164098490495, 0.0013612753246, -0.00439830496907, 0.0071535394527, -0.00323172938079, 0.00207571894862, -0.000459725561086, 0.00257288850844, -0.00268984329887, 0.00204185582697], [-0.000145571713801, 0.0024584683124, -0.00162050069775, 0.00223670201376, -0.00237958575599, 0.00291659962386, -0.00323172938079, 0.00804383400828, -0.00407141400501, 0.00103242427576, -0.00353356753476, 0.00191167846788, -0.00202676537447], [0.000232128892094, -0.00282450276427, 0.00204222439788, -0.00327292294241, 0.00205837539397, -0.00230060261674, 0.00207571894862, -0.00407141400501, 0.00992517825216, -0.00374683085829, 0.00266782846302, 0.000335307006026, -0.000575487152673], [-0.00015419034753, 0.00191742868628, -0.00192524376325, 0.00244182953611, -0.00301503553055, 0.000772119092289, -0.000459725561086, 0.00103242427576, -0.00374683085829, 0.0096799954772, -0.00118168746121, 0.00078023201786, 0.00109512906056], [0.000460521288915, -0.00277398317121, 0.00251654465683, -0.00236282148398, 0.00179997796658, -0.0031011600513, 0.00257288850844, -0.00353356753476, 0.00266782846302, -0.00118168746121, 0.0097525799647, -0.00233076978475, 0.00107592309359], [-5.60616208531e-05, 0.0018344639102, -0.00221540592611, 0.00207550893538, -0.000878036546055, 0.0014680250315, -0.00268984329887, 0.00191167846788, 0.000335307006026, 0.00078023201786, -0.00233076978475, 0.0113311689347, -0.00324305635877], [0.000513955543283, -0.000824495684355, 0.00122171931434, -0.00199485872872, -0.00032345452928, -0.00107730273157, 0.00204185582697, -0.00202676537447, -0.000575487152673, 0.00109512906056, 0.00107592309359, -0.00324305635877, 0.0119088068604]]
    },
    "melbands": {
        "dmean": [0.00229218532331, 0.00172301288694, 0.00112743279897, 0.00063378008781, 0.000181637893547, 0.000123932928545, 0.000153479544679, 0.000230278645176, 0.000179724447662, 6.8346846092e-05, 6.8012283009e-05, 5.26676922163e-05, 4.50268635177e-05, 4.25198049925e-05, 3.64521729352e-05, 2.69187912636e-05, 3.01142517856e-05, 3.11176663672e-05, 3.48094072251e-05, 3.21713014273e-05, 1.9149900254e-05, 1.70783605427e-05, 1.68462629517e-05, 1.21516650324e-05, 8.7097641881e-06, 9.03208183445e-06, 1.08634503704e-05, 7.80524624133e-06, 7.14632051313e-06, 8.00796806288e-06, 8.21966204967e-06, 6.75557384966e-06, 6.22691140961e-06, 7.45444276617e-06, 4.73146246804e-06, 4.13332372773e-06, 3.40935503118e-06, 3.26023382513e-06, 2.97090423373e-06, 1.70167777469e-06],
        "dmean2": [0.00354214850813, 0.00259820977226, 0.00189359346405, 0.000999237527139, 0.000305057415972, 0.000205523116165, 0.00025664025452, 0.000388819986256, 0.000300542480545, 0.000109657434223, 0.000111371555249, 7.92254359112e-05, 7.34311470296e-05, 7.24573983462e-05, 5.88805305597e-05, 4.26762489951e-05, 4.82586692669e-05, 4.96024695167e-05, 5.53352656425e-05, 5.08645825903e-05, 3.02082644339e-05, 2.77912859019e-05, 2.6945152058e-05, 1.93017276615e-05, 1.35045656862e-05, 1.38515515573e-05, 1.67281359609e-05, 1.22612509585e-05, 1.1336694115e-05, 1.23576028273e-05, 1.23084601e-05, 1.06146098915e-05, 9.32166494749e-06, 1.14264994409e-05, 7.22331833458e-06, 6.1498640207e-06, 4.84844076709e-06, 4.73040108773e-06, 4.66833535029e-06, 2.6563643587e-06],
        "dvar": [3.42596104019e-05, 1.50204268721e-05, 7.29114844944e-06, 2.49399181484e-06, 1.21662154129e-07, 7.85411486959e-08, 1.53591955154e-07, 2.6065572456e-07, 1.95890606847e-07, 3.11015462273e-08, 3.77874584956e-08, 3.91741465933e-08, 3.3922304965e-08, 4.70798831032e-08, 1.31762032396e-08, 4.67904781587e-09, 4.23489732171e-09, 5.11068254383e-09, 7.87945619862e-09, 9.71331104438e-09, 1.44598588658e-09, 1.00256658531e-09, 9.77230185661e-10, 5.85348380877e-10, 3.96440297257e-10, 3.57127410977e-10, 7.58934248779e-10, 6.93889612435e-10, 7.57333751267e-10, 8.39199210123e-10, 9.64694768513e-10, 5.55555934589e-10, 4.85266327122e-10, 6.68703981077e-10, 2.28002630664e-10, 1.2800450977e-10, 1.06630676511e-10, 8.43378283877e-11, 1.03574461507e-10, 3.35605813973e-11],
        "dvar2": [7.60366820032e-05, 3.37376295647e-05, 1.9252032871e-05, 5.23599601365e-06, 3.27504039888e-07, 1.9924986816e-07, 4.09036772453e-07, 6.71232044169e-07, 5.0960744602e-07, 7.64922845065e-08, 8.80498660649e-08, 8.14973901697e-08, 7.73743522586e-08, 1.38912639613e-07, 3.04376506222e-08, 1.09114672853e-08, 1.01882307035e-08, 1.25105019677e-08, 1.94555767052e-08, 2.41229329845e-08, 3.2634339675e-09, 2.49711695766e-09, 2.37363462219e-09, 1.38625166901e-09, 9.7529173626e-10, 8.01851751664e-10, 1.7556238685e-09, 1.63194457947e-09, 1.76395453799e-09, 1.90114213261e-09, 2.03748173888e-09, 1.02156128001e-09, 1.01589503476e-09, 1.53265300451e-09, 5.34051969314e-10, 2.69560901378e-10, 1.95116173218e-10, 1.58420471186e-10, 2.55213850053e-10, 8.04199831728e-11],
        "max": [0.0453327186406, 0.029252063483, 0.0170537736267, 0.0120736453682, 0.00300853629597, 0.00519355246797, 0.00497641414404, 0.00486859725788, 0.0047597088851, 0.00237234286033, 0.00244187260978, 0.0035070523154, 0.00341041292995, 0.00431561889127, 0.00169315945823, 0.000925900938455, 0.000860290892888, 0.00104934768751, 0.00121914257761, 0.00242883595638, 0.000445529993158, 0.000311389856506, 0.000402850128012, 0.000365134765161, 0.000192101957509, 0.000181695228093, 0.000332267285557, 0.000293428543955, 0.000214434418012, 0.000233796468819, 0.000280907552224, 0.000226917982218, 0.000189406186109, 0.000229663783102, 0.000133738576551, 9.80031254585e-05, 9.21280879993e-05, 8.17750697024e-05, 8.7337954028e-05, 5.48833850189e-05],
        "mean": [0.00313300942071, 0.00234643602744, 0.00108959258068, 0.000618485850282, 0.000183037249371, 0.000129980078782, 0.000152730353875, 0.000214288564166, 0.000170340237673, 7.43396230973e-05, 7.12610417395e-05, 5.6026961829e-05, 4.73421278002e-05, 3.74137271137e-05, 3.6360539525e-05, 2.87799102807e-05, 3.17892263411e-05, 2.99436997011e-05, 3.46461565641e-05, 3.60590165656e-05, 2.22381968342e-05, 1.92123407032e-05, 2.04100397241e-05, 1.45709900607e-05, 1.08472886495e-05, 1.18077205116e-05, 1.19180349429e-05, 7.70601400291e-06, 6.21287108515e-06, 7.3935848377e-06, 8.02930662758e-06, 6.98350822859e-06, 5.71120517634e-06, 6.48427203487e-06, 4.23686833528e-06, 3.89447450289e-06, 3.603641062e-06, 3.43867054653e-06, 2.59869079855e-06, 1.48491403706e-06],
        "median": [0.000491178303491, 0.000366539723473, 0.000210388418054, 8.73911267263e-05, 5.70191004954e-05, 3.53893956344e-05, 4.39878022007e-05, 5.52214369236e-05, 3.77935866709e-05, 1.70891835296e-05, 1.73630523932e-05, 8.05189210951e-06, 4.74459056932e-06, 4.06748677051e-06, 4.07497964261e-06, 3.84584654967e-06, 5.69615303903e-06, 4.51720461569e-06, 6.7412165663e-06, 8.23692971608e-06, 4.33911691289e-06, 6.22941661277e-06, 5.90247009313e-06, 3.23568883687e-06, 3.484401077e-06, 3.35270215146e-06, 3.43198439623e-06, 1.38035602504e-06, 3.78049321625e-07, 4.72914877037e-07, 4.40017686287e-07, 3.25155724568e-07, 2.16414051124e-07, 2.55153594253e-07, 2.06225038824e-07, 1.78886125468e-07, 1.96270050878e-07, 3.30103972601e-07, 1.83634483619e-07, 1.06694216129e-07],
        "min": [9.59396828648e-09, 1.40902867152e-09, 1.2680926309e-09, 1.45709506683e-08, 6.29223650961e-09, 8.52712833677e-09, 7.00699676059e-09, 1.52371715245e-08, 1.17576588465e-08, 4.85732520872e-09, 5.51333023679e-09, 5.85571591216e-09, 2.10876405227e-09, 3.3768996488e-09, 1.19889964623e-09, 6.99381663694e-10, 8.81371642336e-10, 8.7875978716e-10, 1.35181343897e-09, 8.01536892414e-10, 6.00202665346e-10, 6.46838915763e-10, 1.26228161257e-09, 6.13234130142e-10, 1.60800894822e-09, 1.02829722515e-09, 4.79033201994e-10, 2.72399075518e-10, 1.11833750593e-10, 2.09382979705e-11, 1.44411505323e-11, 4.36333608134e-11, 3.32446570273e-11, 4.44015553491e-11, 3.74798490854e-11, 1.5791500052e-11, 5.37971091286e-11, 2.36757037586e-11, 1.45681574443e-11, 3.81907569805e-12],
