{
"highlevel": {
    "danceability": {
        "all": {
            "danceable": 0.994959115982,
            "not_danceable": 0.00504090031609
        },
        "probability": 0.994959115982,
        "value": "danceable"
    },
    "gender": {
        "all": {
            "female": 0.953231692314,
            "male": 0.046768322587
        },
        "probability": 0.953231692314,
        "value": "female"
    },
    "genre_dortmund": {
        "all": {
            "alternative": 0.0153475282714,
            "blues": 0.0783226639032,
            "electronic": 0.137730196118,
            "folkcountry": 0.028616618365,
            "funksoulrnb": 0.0172600373626,
            "jazz": 0.410802602768,
            "pop": 0.0479642003775,
            "raphiphop": 0.176286533475,
            "rock": 0.0876696258783
        },
        "probability": 0.410802602768,
        "value": "jazz"
    },
    "genre_electronic": {
        "all": {
            "ambient": 0.139662206173,
            "dnb": 0.765009760857,
            "house": 0.0576133169234,
            "techno": 0.0091816149652,
            "trance": 0.0285330954939
        },
        "probability": 0.765009760857,
        "value": "dnb"
    },
    "genre_rosamerica": {
        "all": {
            "cla": 0.000864216359332,
            "dan": 0.0510534346104,
            "hip": 0.865615189075,
            "jaz": 0.0118238013238,
            "pop": 0.0472131110728,
            "rhy": 0.0111377649009,
            "roc": 0.011475824751,
            "spe": 0.000816667103209
        },
        "probability": 0.865615189075,
        "value": "hip"
    },
    "genre_tzanetakis": {
        "all": {
            "blu": 0.0626613423228,
            "cla": 0.0348169617355,
            "cou": 0.104475811124,
            "dis": 0.0784321576357,
            "hip": 0.15692435205,
            "jaz": 0.313974827528,
            "met": 0.0448166541755,
            "pop": 0.0627359300852,
            "reg": 0.0627360641956,
            "roc": 0.0784258767962
        },
        "probability": 0.313974827528,
        "value": "jaz"
    },
    "ismir04_rhythm": {
        "all": {
            "ChaChaCha": 0.0605245381594,
            "Jive": 0.12120834738,
            "Quickstep": 0.0938554257154,
            "Rumba-American": 0.0165076069534,
            "Rumba-International": 0.0434070937335,
            "Rumba-Misc": 0.00886376574636,
            "Samba": 0.629859685898,
            "Tango": 0.00739698950201,
            "VienneseWaltz": 0.00804359279573,
            "Waltz": 0.0103329280391
        },
        "probability": 0.629859685898,
        "value": "Samba"
    },
    "mood_acoustic": {
        "all": {
            "acoustic": 0.014393704012,
            "not_acoustic": 0.985606312752
        },
        "probability": 0.985606312752,
        "value": "not_acoustic"
    },
    "mood_aggressive": {
        "all": {
            "aggressive": 0.401795238256,
            "not_aggressive": 0.598204791546
        },
        "probability": 0.598204791546,
        "value": "not_aggressive"
    },
    "mood_electronic": {
        "all": {
            "electronic": 0.864421188831,
            "not_electronic": 0.135578840971
        },
        "probability": 0.864421188831,
        "value": "electronic"
    },
    "mood_happy": {
        "all": {
            "happy": 0.30041962862,
            "not_happy": 0.69958037138
        },
        "probability": 0.69958037138,
        "value": "not_happy"
    },
    "mood_party": {
        "all": {
            "not_party": 0.20160150528,
            "party": 0.79839849472
        },
        "probability": 0.79839849472,
        "value": "party"
    },
    "mood_relaxed": {
        "all": {
            "not_relaxed": 0.694787561893,
            "relaxed": 0.305212467909
        },
        "probability": 0.694787561893,
        "value": "not_relaxed"
    },
    "mood_sad": {
        "all": {
            "not_sad": 0.594335317612,
            "sad": 0.405664682388
        },
        "probability": 0.594335317612,
        "value": "not_sad"
    },
    "moods_mirex": {
        "all": {
            "Cluster1": 0.202637940645,
            "Cluster2": 0.141548290849,
            "Cluster3": 0.0578872039914,
            "Cluster4": 0.0365396700799,
            "Cluster5": 0.561386883259
        },
        "probability": 0.561386883259,
        "value": "Cluster5"
    },
    "timbre": {
        "all": {
            "bright": 0.977840662003,
            "dark": 0.0221593417227
        },
        "probability": 0.977840662003,
        "value": "bright"
    },
    "tonal_atonal": {
        "all": {
            "atonal": 0.0352987609804,
            "tonal": 0.964701235294
        },
        "probability": 0.964701235294,
        "value": "tonal"
    },
    "voice_instrumental": {
        "all": {
            "instrumental": 0.594663619995,
            "voice": 0.405336380005
        },
        "probability": 0.594663619995,
        "value": "instrumental"
    }
},
"lowlevel": {
    "average_loudness": 0.959295332432,
    "barkbands_crest": {
        "dmean": 2.69635248184,
        "dmean2": 4.17897558212,
        "dvar": 8.41218090057,
        "dvar2": 16.7014408112,
        "max": 25.0459098816,
        "mean": 12.0987958908,
        "median": 11.8354949951,
        "min": 2.5697042942,
        "var": 29.9739952087
    },
    "barkbands_flatness_db": {
        "dmean": 0.0300955660641,
        "dmean2": 0.0415058843791,
        "dvar": 0.0012122358894,
        "dvar2": 0.00206940504722,
        "max": 0.462182790041,
        "mean": 0.157674029469,
        "median": 0.141710087657,
        "min": 0.0495688654482,
        "var": 0.00542115373537
    },
    "barkbands_kurtosis": {
        "dmean": 8.44089508057,
        "dmean2": 11.1060190201,
        "dvar": 405.941131592,
        "dvar2": 590.447875977,
        "max": 294.32723999,
        "mean": 15.6654491425,
        "median": 1.39055919647,
        "min": -1.86627578735,
        "var": 1548.37524414
    },
    "barkbands_skewness": {
        "dmean": 0.859781265259,
        "dmean2": 1.16816091537,
        "dvar": 1.27760505676,
        "dvar2": 1.98585724831,
        "max": 14.009059906,
        "mean": 2.42151713371,
        "median": 1.54056453705,
        "min": -1.26517498493,
        "var": 7.04440307617
    },
    "barkbands_spread": {
        "dmean": 8.11961746216,
        "dmean2": 11.5479536057,
        "dvar": 90.8368835449,
        "dvar2": 174.038696289,
        "max": 97.1796112061,
        "mean": 28.640045166,
        "median": 28.9082202911,
        "min": 0.264340221882,
        "var": 309.67678833
    },
    "dissonance": {
        "dmean": 0.0152958054096,
        "dmean2": 0.0253893956542,
        "dvar": 0.000225186668104,
        "dvar2": 0.000607701018453,
        "max": 0.499935120344,
        "mean": 0.473532795906,
        "median": 0.478279531002,
        "min": 0.345639109612,
        "var": 0.000386456289561
    },
    "dynamic_complexity": 3.18823361397,
    "erbbands_crest": {
        "dmean": 2.2688293457,
        "dmean2": 3.351344347,
        "dvar": 4.8055267334,
        "dvar2": 9.04991340637,
        "max": 27.9649658203,
        "mean": 8.23316478729,
        "median": 7.07528734207,
        "min": 2.32649636269,
        "var": 19.780040741
    },
    "erbbands_flatness_db": {
        "dmean": 0.015955882147,
        "dmean2": 0.0219976194203,
        "dvar": 0.000276442850009,
        "dvar2": 0.000519082474057,
        "max": 0.289873927832,
        "mean": 0.128535181284,
        "median": 0.120219148695,
        "min": 0.0701223611832,
        "var": 0.00105133117177
    },
    "erbbands_kurtosis": {
        "dmean": 0.861965954304,
        "dmean2": 1.31867229939,
        "dvar": 2.35397315025,
        "dvar2": 5.08931016922,
        "max": 23.1170024872,
        "mean": 0.139354303479,
        "median": -0.350410223007,
        "min": -1.714163661,
        "var": 4.05991220474
    },
    "erbbands_skewness": {
        "dmean": 0.364249885082,
        "dmean2": 0.52217656374,
        "dvar": 0.158196851611,
        "dvar2": 0.307363957167,
        "max": 4.15905237198,
        "mean": 0.0587177835405,
        "median": -0.0626561641693,
        "min": -2.32061290741,
        "var": 0.544153988361
    },
    "erbbands_spread": {
        "dmean": 11.9742765427,
        "dmean2": 16.9335746765,
        "dvar": 128.350769043,
        "dvar2": 254.738037109,
        "max": 132.131820679,
        "mean": 53.0633201599,
        "median": 49.7861557007,
        "min": 9.52610874176,
        "var": 556.625183105
    },
    "hfc": {
        "dmean": 11.2860832214,
        "dmean2": 14.8933238983,
        "dvar": 258.388458252,
        "dvar2": 493.593475342,
        "max": 182.241836548,
        "mean": 26.3613243103,
        "median": 16.3494377136,
        "min": 0.0257002208382,
        "var": 807.613464355
    },
    "melbands_crest": {
        "dmean": 3.34534215927,
        "dmean2": 5.01696109772,
        "dvar": 12.1748456955,
        "dvar2": 28.6512851715,
        "max": 28.8765220642,
        "mean": 17.2400245667,
        "median": 18.1745033264,
        "min": 3.48145604134,
        "var": 34.7137832642
    },
    "melbands_flatness_db": {
        "dmean": 0.0390174500644,
        "dmean2": 0.0528214648366,
        "dvar": 0.00201543536969,
        "dvar2": 0.00334632419981,
        "max": 0.576550602913,
        "mean": 0.205566033721,
        "median": 0.190545246005,
        "min": 0.0194725561887,
        "var": 0.00954086426646
    },
    "melbands_kurtosis": {
        "dmean": 21.6441955566,
        "dmean2": 30.7413253784,
        "dvar": 1786.8125,
        "dvar2": 3194.828125,
        "max": 484.869018555,
        "mean": 46.8637428284,
        "median": 12.5946712494,
        "min": -1.41619968414,
        "var": 6966.23046875
    },
    "melbands_skewness": {
        "dmean": 1.27387046814,
        "dmean2": 1.77825558186,
        "dvar": 2.27111911774,
        "dvar2": 4.10502958298,
        "max": 16.953245163,
        "mean": 4.36344194412,
        "median": 3.34195709229,
        "min": -0.253321319818,
        "var": 11.2911605835
    },
    "melbands_spread": {
        "dmean": 9.94257545471,
        "dmean2": 14.1719341278,
        "dvar": 151.40977478,
        "dvar2": 285.89074707,
        "max": 150.503662109,
        "mean": 26.8030261993,
        "median": 22.1307182312,
        "min": 0.37973895669,
        "var": 526.630432129
    },
    "pitch_salience": {
        "dmean": 0.0881387665868,
        "dmean2": 0.132199257612,
        "dvar": 0.00905640982091,
        "dvar2": 0.0194266568869,
        "max": 0.923392653465,
        "mean": 0.459163665771,
        "median": 0.465356081724,
        "min": 0.109097085893,
        "var": 0.0288145821542
    },
    "silence_rate_20dB": {
        "dmean": 0,
        "dmean2": 0,
        "dvar": 0,
        "dvar2": 0,
        "max": 1,
        "mean": 1,
        "median": 1,
        "min": 1,
        "var": 0
    },
    "silence_rate_30dB": {
        "dmean": 0.00773993786424,
        "dmean2": 0.0154918665066,
        "dvar": 0.00768019119278,
        "dvar2": 0.016801353544,
        "max": 1,
        "mean": 0.993039429188,
        "median": 1,
        "min": 0,
        "var": 0.00691226916388
    },
    "silence_rate_60dB": {
        "dmean": 0.0433436520398,
        "dmean2": 0.0867544561625,
        "dvar": 0.0414643138647,
        "dvar2": 0.0947184711695,
        "max": 1,
        "mean": 0.0649651959538,
        "median": 0,
        "min": 0,
        "var": 0.0607440844178
    },
    "spectral_centroid": {
        "dmean": 334.404205322,
        "dmean2": 472.071655273,
        "dvar": 133889.578125,
        "dvar2": 237960.15625,
        "max": 4181.37304688,
        "mean": 1672.65405273,
        "median": 1768.91748047,
        "min": 118.782402039,
        "var": 557457.125
    },
    "spectral_complexity": {
        "dmean": 5.76935005188,
        "dmean2": 7.7939581871,
        "dvar": 57.7672805786,
        "dvar2": 100.01915741,
        "max": 56,
        "mean": 16.8801231384,
        "median": 13,
        "min": 0,
        "var": 169.346008301
    },
    "spectral_decrease": {
        "dmean": 3.05350145169e-09,
        "dmean2": 4.27585922225e-09,
        "dvar": 1.34307289468e-17,
        "dvar2": 2.6581286857e-17,
        "max": -5.04253106284e-12,
        "mean": -8.05245470303e-09,
        "median": -7.66468755131e-09,
        "min": -3.7418832477e-08,
        "var": 3.65484393526e-17
    },
    "spectral_energy": {
        "dmean": 0.0122808180749,
        "dmean2": 0.0170909874141,
        "dvar": 0.000215925552766,
        "dvar2": 0.000424429774284,
        "max": 0.146942287683,
        "mean": 0.0327829308808,
        "median": 0.0312434248626,
        "min": 2.41946763708e-05,
        "var": 0.000598188431468
    },
    "spectral_energyband_high": {
        "dmean": 0.0010495550232,
        "dmean2": 0.00136373843998,
        "dvar": 2.57779561252e-06,
        "dvar2": 4.75091792396e-06,
        "max": 0.0169348176569,
        "mean": 0.00184205628466,
        "median": 0.000718274095561,
        "min": 2.73478940471e-06,
        "var": 6.49948560749e-06
    },
    "spectral_energyband_low": {
        "dmean": 0.00912218354642,
        "dmean2": 0.0133734522387,
        "dvar": 0.000139612151543,
        "dvar2": 0.000286438473267,
        "max": 0.119963884354,
        "mean": 0.0196016430855,
        "median": 0.0145360678434,
        "min": 2.10995995076e-06,
        "var": 0.000334125186782
    },
    "spectral_energyband_middle_high": {
        "dmean": 0.00220920192078,
        "dmean2": 0.0032711608801,
        "dvar": 9.57785050559e-06,
        "dvar2": 2.06301592698e-05,
        "max": 0.0356593877077,
        "mean": 0.00551734864712,
        "median": 0.00282836146653,
        "min": 2.21505433728e-06,
        "var": 3.99267592002e-05
    },
    "spectral_energyband_middle_low": {
        "dmean": 0.00313916988671,
        "dmean2": 0.00464587332681,
        "dvar": 2.33434475376e-05,
        "dvar2": 5.29284297954e-05,
        "max": 0.0515977367759,
        "mean": 0.00660309568048,
        "median": 0.00358711369336,
        "min": 2.67904147222e-06,
        "var": 5.44286740478e-05
    },
    "spectral_entropy": {
        "dmean": 0.207839205861,
        "dmean2": 0.265070587397,
        "dvar": 0.0600670985878,
        "dvar2": 0.108327500522,
        "max": 8.48526382446,
        "mean": 7.7435259819,
        "median": 7.8282957077,
        "min": 5.80438327789,
        "var": 0.205896511674
    },
    "spectral_flux": {
        "dmean": 0.0339228957891,
        "dmean2": 0.0505944527686,
        "dvar": 0.00140439427923,
        "dvar2": 0.0032916571945,
        "max": 0.288833230734,
        "mean": 0.0818555727601,
        "median": 0.0718125849962,
        "min": 0.00347503111698,
        "var": 0.00245592207648
    },
    "spectral_kurtosis": {
        "dmean": 0.860187470913,
        "dmean2": 1.39096665382,
        "dvar": 1.12353789806,
        "dvar2": 2.70930218697,
        "max": 15.1798534393,
        "mean": 2.09978580475,
        "median": 1.85015869141,
        "min": -0.386164188385,
        "var": 1.91172587872
    },
    "spectral_rms": {
        "dmean": 0.00112568261102,
        "dmean2": 0.00151897326577,
        "dvar": 1.53966232119e-06,
        "dvar2": 2.81516486211e-06,
        "max": 0.0119732338935,
        "mean": 0.00518088275567,
        "median": 0.00552099524066,
        "min": 0.000153637767653,
        "var": 5.14178236699e-06
    },
    "spectral_rolloff": {
        "dmean": 718.997741699,
        "dmean2": 1122.22814941,
        "dvar": 1075884.25,
        "dvar2": 2062917.375,
        "max": 8354.8828125,
        "mean": 1733.41357422,
        "median": 1378.125,
        "min": 86.1328125,
        "var": 2921503
    },
    "spectral_skewness": {
        "dmean": 0.179971784353,
        "dmean2": 0.264627039433,
        "dvar": 0.0392536371946,
        "dvar2": 0.0828319787979,
        "max": 3.1339404583,
        "mean": 1.14672493935,
        "median": 1.12254106998,
        "min": 0.475393742323,
        "var": 0.105718851089
    },
    "spectral_spread": {
        "dmean": 487086.28125,
        "dmean2": 722108.4375,
        "dvar": 247585144832,
        "dvar2": 430908342272,
        "max": 14197300,
        "mean": 5462375,
        "median": 5454240.5,
        "min": 2484261,
        "var": 783268446208
    },
    "spectral_strongpeak": {
        "dmean": 0.499244183302,
        "dmean2": 0.858777105808,
        "dvar": 0.967038571835,
        "dvar2": 2.45630121231,
        "max": 8.15271091461,
        "mean": 0.787633597851,
        "median": 0.479060143232,
        "min": 0,
        "var": 1.25056672096
    },
    "zerocrossingrate": {
        "dmean": 0.015012758784,
        "dmean2": 0.0154669042677,
        "dvar": 0.000261261768173,
        "dvar2": 0.000244267081143,
        "max": 0.24169921875,
        "mean": 0.0650660246611,
        "median": 0.06005859375,
        "min": 0.00341796875,
        "var": 0.00174852868076
    },
    "barkbands": {
        "dmean": [0.000186533856322, 0.00678977789357, 0.00256614666432, 0.00130581844132, 0.00105405948125, 0.000885676417965, 0.000381987018045, 0.000394179543946, 0.000422191194957, 0.000237680113059, 0.000298573693726, 0.000385430612369, 0.000439274153905, 0.000305485213175, 0.000241623900365, 0.000386776344385, 0.00023758765019, 0.000253366510151, 0.000204198426218, 0.000307214184431, 0.000213730192627, 0.000248916796409, 0.000219242123421, 0.000192277817405, 9.5693183539e-05, 2.73013702099e-05, 6.80689637989e-09],
        "dmean2": [0.000322945823427, 0.00992392934859, 0.00399275263771, 0.00214869342744, 0.00173635373358, 0.00141221657395, 0.000596546218731, 0.000621367944404, 0.000661139201839, 0.000386803760193, 0.000443306838861, 0.000566679809708, 0.000660580641124, 0.000477647670778, 0.000374530325644, 0.00059775065165, 0.000357397831976, 0.000396062241634, 0.000332223076839, 0.000448734150268, 0.000306172150886, 0.000349050213117, 0.000313353899401, 0.000271805154625, 0.000136774979183, 3.9518236008e-05, 1.12389715312e-08],
        "dvar": [8.26718675739e-08, 9.55662835622e-05, 1.67650396179e-05, 5.97470125285e-06, 3.72515796698e-06, 2.07164839594e-06, 4.84764655084e-07, 6.55264841498e-07, 5.12894303029e-07, 2.59873814912e-07, 6.13684278505e-07, 1.0824059018e-06, 9.24485675569e-07, 5.97041037054e-07, 2.80033901845e-07, 5.86144892623e-07, 1.75762593813e-07, 2.40739069568e-07, 1.13928081191e-07, 2.28371490607e-07, 1.19174089264e-07, 1.58302199793e-07, 1.53569757799e-07, 1.01904930716e-07, 2.52422225344e-08, 4.1852334931e-09, 4.801650207e-15],
        "dvar2": [2.18312678157e-07, 0.000200979571673, 4.5284468797e-05, 1.57385038619e-05, 9.72876478045e-06, 4.64244840259e-06, 1.09316499675e-06, 1.55493137299e-06, 1.14978422516e-06, 5.93558581841e-07, 1.10089297323e-06, 2.29934857998e-06, 1.89355387192e-06, 1.39085477713e-06, 5.53385746116e-07, 1.50413166011e-06, 3.81814260209e-07, 5.54880784875e-07, 3.00113612184e-07, 5.00361011291e-07, 2.39923366507e-07, 3.10690808192e-07, 3.2792905813e-07, 1.89422337371e-07, 4.66717331449e-08, 7.59881757517e-09, 8.26277844838e-15],
        "max": [0.00193829834461, 0.10647675395, 0.0488807931542, 0.0229653138667, 0.0235550645739, 0.0174718387425, 0.00912336353213, 0.0143074980006, 0.00969776976854, 0.00717138266191, 0.0177248828113, 0.0171048864722, 0.012052256614, 0.0121824452654, 0.00768297398463, 0.0124962646514, 0.00610744114965, 0.00624654721469, 0.00432600080967, 0.00409477204084, 0.00402718177065, 0.00336185353808, 0.00413930881768, 0.00335977645591, 0.00224038725719, 0.00181376503315, 1.95308825823e-06],
        "mean": [0.000156486814376, 0.0141146276146, 0.00463502993807, 0.00162496289704, 0.00147806829773, 0.00134583970066, 0.000638785772026, 0.000663345505018, 0.000724915531464, 0.000378644326702, 0.000813221326098, 0.00060508295428, 0.000801600690465, 0.000547906383872, 0.000356072356226, 0.000677242060192, 0.000416436960222, 0.000359751284122, 0.00035083128023, 0.000503120652866, 0.000343357067322, 0.000383423292078, 0.000314709468512, 0.000327467045281, 0.000174667671672, 4.73008403787e-05, 4.92564389276e-09],
        "median": [3.64701118087e-05, 0.00780713558197, 0.00366416294128, 0.00065265246667, 0.000664206803776, 0.000417706323788, 0.000125696256873, 0.000158995957463, 0.000255755439866, 7.47796075302e-05, 7.78900648584e-05, 9.2886875791e-05, 0.000108547850687, 7.03305777279e-05, 8.83212051122e-05, 0.000159297051141, 0.000117007490189, 0.000107987725642, 0.000145173209603, 0.000211310194572, 0.000124591388158, 0.00014564099547, 0.000106253181002, 0.000106632905954, 5.20873218193e-05, 1.11975496111e-05, 2.76524497744e-10],
        "min": [4.6899558015e-08, 6.99599752352e-07, 6.5692020712e-08, 2.93918116512e-08, 3.16966492164e-07, 1.92104010921e-07, 1.34876728453e-07, 3.60411604561e-07, 3.92520234982e-07, 6.05273413612e-08, 4.28048849699e-08, 2.05496988315e-08, 2.82341847679e-08, 1.56144722041e-07, 1.23747838643e-07, 3.45774424204e-07, 2.70548412118e-07, 2.35124872461e-07, 1.31593310471e-07, 7.1462318374e-07, 8.47625017286e-07, 4.36648434743e-07, 4.1107645643e-07, 2.67448768909e-07, 8.98904559676e-08, 3.93225382811e-11, 1.18967396698e-11],
        "var": [7.5021304724e-08, 0.000229865006986, 2.22431444854e-05, 7.05392631062e-06, 4.49327581009e-06, 4.37726566815e-06, 1.44512750921e-06, 1.45632634485e-06, 1.5328249674e-06, 6.56974179947e-07, 5.28395275978e-06, 2.29125589613e-06, 2.81868392449e-06, 1.8677319531e-06, 5.9705610056e-07, 1.78952484475e-06, 5.27391591731e-07, 4.41989755018e-07, 2.63672291112e-07, 4.57343276139e-07, 2.36091111105e-07, 3.18979004987e-07, 2.54071778727e-07, 2.4215134431e-07, 7.92466892108e-08, 1.28940165212e-08, 4.01884056836e-15]
    },
    "erbbands": {
        "dmean": [0.125354900956, 1.76449429989, 3.5422513485, 3.21700501442, 4.10195827484, 3.8071141243, 4.08966875076, 9.24386501312, 5.61042642593, 8.38328742981, 6.78038024902, 10.5172748566, 7.54483509064, 5.91573190689, 14.8901834488, 13.9853181839, 21.6097660065, 15.8773870468, 11.3999843597, 16.2763290405, 15.7711896896, 13.3996076584, 13.982000351, 13.2077131271, 9.07646465302, 14.1471767426, 9.44238090515, 8.72909259796, 9.43716430664, 7.92328023911, 5.80338430405, 4.87003278732, 2.712277174, 1.42196381092, 0.531950950623, 0.146237701178, 0.0594661161304, 0.00505397142842, 9.86019513221e-05, 1.93116120499e-05],
        "dmean2": [0.201279103756, 2.5325357914, 5.24954366684, 5.29874324799, 6.69102478027, 6.42582654953, 6.73523521423, 14.5678052902, 8.65189552307, 12.9101953506, 10.9360237122, 16.6363639832, 12.0498123169, 9.35043907166, 20.9926891327, 20.7565345764, 32.5324287415, 24.2336425781, 17.8852310181, 25.4413375854, 24.3441810608, 20.0882492065, 22.126701355, 21.3021717072, 13.6094808578, 20.0719623566, 13.5936822891, 12.7755403519, 12.9162244797, 11.5343751907, 8.20912265778, 6.85736608505, 3.83281421661, 2.10973405838, 0.767993807793, 0.206708848476, 0.0900053977966, 0.00747206993401, 0.000141701922985, 2.60884244199e-05],
        "dvar": [0.0425298139453, 6.16985177994, 23.2777194977, 35.2001457214, 55.2534179688, 51.7721786499, 48.2323112488, 245.886901855, 96.9094924927, 275.519134521, 145.586761475, 324.69354248, 228.768966675, 132.829406738, 1812.70959473, 1396.71154785, 2036.84326172, 1284.81738281, 401.95223999, 793.356323242, 770.87902832, 523.31060791, 919.620178223, 582.052124023, 233.951507568, 462.731872559, 227.405380249, 206.882781982, 239.814407349, 191.362854004, 100.466026306, 72.6315155029, 18.0563240051, 5.66952371597, 0.929242491722, 0.10339153558, 0.0215520896018, 0.0001351521787, 4.44684360446e-08, 5.71107217073e-10],
        "dvar2": [0.104422360659, 12.4814081192, 52.5841751099, 96.7515106201, 134.381027222, 138.187316895, 114.163513184, 550.093811035, 211.464950562, 662.79107666, 337.478210449, 746.553039551, 521.913513184, 317.766265869, 3059.03881836, 2922.78369141, 4345.40722656, 2958.30786133, 936.915771484, 1740.0012207, 1951.74206543, 1156.71618652, 2122.7878418, 1485.44482422, 568.934509277, 976.428466797, 490.133728027, 432.992889404, 463.35369873, 396.730987549, 211.273147583, 142.643585205, 34.8395729065, 11.0506658554, 1.74390006065, 0.171079471707, 0.0454003922641, 0.00028696199297, 9.00398262615e-08, 1.04148722979e-09],
        "max": [1.60849797726, 27.7246932983, 46.4598083496, 57.24842453, 80.6713180542, 79.1105041504, 75.193649292, 217.807693481, 107.118598938, 253.038574219, 136.868408203, 276.785522461, 174.83895874, 155.105560303, 1013.18865967, 629.393371582, 536.483642578, 521.090942383, 278.347839355, 426.50100708, 399.539154053, 382.524078369, 441.016723633, 315.659606934, 185.760452271, 183.289932251, 138.483047485, 179.679336548, 148.361541748, 177.053817749, 84.3313522339, 86.701675415, 48.163520813, 27.0626564026, 16.3807067871, 8.95773506165, 3.74799919128, 0.232298120856, 0.00462325802073, 0.000395745359128],
        "mean": [0.182463362813, 3.76895999908, 7.56560850143, 4.44830131531, 5.49326896667, 5.00586843491, 5.69020223618, 13.812795639, 9.8521232605, 14.3661327362, 11.3925685883, 18.0014152527, 13.1834306717, 9.65633201599, 41.4967536926, 24.4694728851, 39.5865783691, 30.2076454163, 20.0189685822, 28.3977966309, 29.0631198883, 24.4666404724, 20.9311943054, 22.9779701233, 14.8931856155, 23.5813674927, 15.1063194275, 13.9161586761, 14.2743902206, 11.7433433533, 8.59002590179, 7.35188961029, 4.79822683334, 2.49491214752, 0.962567448616, 0.262309789658, 0.0966356322169, 0.00760224089026, 0.000170577477547, 4.99753259646e-05],
        "median": [0.108184359968, 1.77479100227, 5.77620506287, 2.44832897186, 2.42779541016, 1.96491920948, 2.37912082672, 4.02890729904, 2.38856720924, 2.61078333855, 3.43963646889, 6.92115688324, 3.93277835846, 2.76193356514, 4.01200628281, 4.88447141647, 6.37788963318, 5.29437255859, 6.55741357803, 8.81429481506, 11.2818565369, 8.58372497559, 7.05994319916, 8.55378627777, 7.00959539413, 10.2766027451, 5.94918441772, 5.27204370499, 4.9876947403, 4.38707304001, 2.99798488617, 2.2122092247, 1.55686223507, 0.741551458836, 0.291691064835, 0.0744723305106, 0.0195471029729, 0.0011607093038, 4.80532580696e-05, 4.12194931414e-05],
        "min": [2.4104867407e-05, 8.827180136e-05, 6.93652327755e-05, 0.000152221720782, 0.00111845717765, 0.000786794349551, 0.000456794776255, 0.00232326821424, 0.00171457685065, 0.00592539506033, 0.00731423776597, 0.00887153949589, 0.0054933000356, 0.00210644141771, 0.00217494717799, 0.00100689486135, 0.00163244944997, 0.00586353661492, 0.00876616034657, 0.0107892844826, 0.0133567014709, 0.0148717528209, 0.0104793915525, 0.00913014635444, 0.0111536420882, 0.0392687693238, 0.0265290979296, 0.0227706357837, 0.0157562345266, 0.0121966060251, 0.0126192830503, 0.00782047957182, 0.00352267664857, 0.00118218862917, 0.000728289538529, 0.000102318888821, 1.49645156853e-05, 6.31593934486e-07, 6.86130903205e-08, 4.11468406014e-08],
        "var": [0.0570788532495, 16.2735137939, 49.974357605, 36.8585357666, 74.6676483154, 62.0258598328, 70.6411895752, 554.331237793, 273.184204102, 665.890991211, 339.901428223, 907.116088867, 599.338500977, 271.827423096, 15045.5019531, 3196.86303711, 5942.06005859, 3968.37231445, 1030.33215332, 2070.01513672, 2222.94165039, 1520.99060059, 1708.55993652, 1454.19226074, 395.218811035, 1006.19787598, 429.604949951, 391.16293335, 487.138183594, 325.432830811, 176.391906738, 137.856155396, 49.5038833618, 15.1950073242, 2.85638928413, 0.335103154182, 0.0577829740942, 0.000349673297023, 1.26781259269e-07, 1.89604598688e-09]
    },
    "gfcc": {
        "mean": [3.88553595543, 70.9113693237, -105.79283905, 59.1445541382, -57.8314247131, 30.1745433807, -37.469669342, 14.145357132, -21.1890048981, 6.2769370079, -15.8996734619, -2.03112530708, -10.1494922638],
        "cov": [[6616.63720703, -997.571228027, -511.243560791, -335.388244629, -239.973907471, 8.84091663361, -307.8125, 219.090484619, -85.2578277588, 224.005828857, -40.9855880737, 161.344238281, -291.371429443], [-997.571228027, 958.907531738, 294.380981445, 175.874160767, 151.922851562, -29.9869422913, 161.694915771, -102.770652771, 147.803894043, -75.0705184937, 73.4378662109, -134.87677002, 54.7053260803], [-511.243560791, 294.380981445, 666.220947266, 290.065155029, 126.870040894, 21.7825946808, 137.731719971, -21.6956653595, 46.8110122681, -6.06654167175, 16.8048400879, -22.1487903595, 51.0191497803], [-335.388244629, 175.874160767, 290.065155029, 319.787567139, 63.6695518494, 26.480173111, 74.6708068848, -34.2052536011, 24.838634491, -36.9497528076, 25.0416603088, -32.4766578674, 67.6607055664], [-239.973907471, 151.922851562, 126.870040894, 63.6695518494, 386.984680176, 148.858291626, 135.2371521, 61.0625610352, 4.32592105865, -48.8479118347, 26.9507732391, 21.2750072479, 9.7858171463], [8.84091663361, -29.9869422913, 21.7825946808, 26.480173111, 148.858291626, 141.177932739, 76.2193450928, 38.425453186, -8.80816078186, -8.08381557465, 21.0223522186, 28.0118789673, 19.1351146698], [-307.8125, 161.694915771, 137.731719971, 74.6708068848, 135.2371521, 76.2193450928, 134.725311279, 32.9784889221, 32.0454788208, -26.650472641, 28.7568092346, 11.0336837769, 39.5505981445], [219.090484619, -102.770652771, -21.6956653595, -34.2052536011, 61.0625610352, 38.425453186, 32.9784889221, 109.586128235, 20.2014484406, 13.5377187729, -8.30743026733, 31.074798584, -16.6034965515], [-85.2578277588, 147.803894043, 46.8110122681, 24.838634491, 4.32592105865, -8.80816078186, 32.0454788208, 20.2014484406, 105.114936829, 46.2668991089, 23.3877277374, -34.4059371948, -1.41686463356], [224.005828857, -75.0705184937, -6.06654167175, -36.9497528076, -48.8479118347, -8.08381557465, -26.650472641, 13.5377187729, 46.2668991089, 110.861465454, 24.4312438965, 3.8260910511, -33.2997016907], [-40.9855880737, 73.4378662109, 16.8048400879, 25.0416603088, 26.9507732391, 21.0223522186, 28.7568092346, -8.30743026733, 23.3877277374, 24.4312438965, 79.1341018677, 31.8464279175, 28.6266498566], [161.344238281, -134.87677002, -22.1487903595, -32.4766578674, 21.2750072479, 28.0118789673, 11.0336837769, 31.074798584, -34.4059371948, 3.8260910511, 31.8464279175, 112.037223816, 34.9234390259], [-291.371429443, 54.7053260803, 51.0191497803, 67.6607055664, 9.7858171463, 19.1351146698, 39.5505981445, -16.6034965515, -1.41686463356, -33.2997016907, 28.6266498566, 34.9234390259, 100.321853638]],
        "icov": [[0.000236489722738, -5.58313186048e-05, 3.08836861223e-05, -0.00016320279974, 0.000204419455258, -0.000418262352468, 0.000641258084215, -0.000486399920192, 4.14692440245e-05, -6.61070735077e-05, -7.1872578701e-05, -0.00049753242638, 0.000710541149601], [-5.58313186048e-05, 0.00479971198365, -0.000799206027295, 0.00132192345336, -0.00166535796598, 0.00334632769227, -0.00427803723142, 0.00514895096421, -0.00623388960958, 0.00515927979723, -0.0042881462723, 0.0035576869268, 0.000407963176258], [3.08836861223e-05, -0.000799206027295, 0.00368809327483, -0.00311816064641, -0.000613787968177, 0.0018755577039, -0.00337686901912, 0.000571507611312, 0.0017104560975, -0.00368976406753, 0.0031477434095, -0.00172212789766, 0.000381625286536], [-0.00016320279974, 0.00132192345336, -0.00311816064641, 0.00739031098783, -0.000275669124676, -0.000465750752483, -2.14797055378e-05, 0.00133869494312, -0.00189111707732, 0.0035381463822, -0.00369951245375, 0.00464290706441, -0.0036605396308], [0.000204419455258, -0.00166535796598, -0.000613787968177, -0.000275669124676, 0.00685216672719, -0.00647369166836, 0.000216177562834, -0.00326972757466, 0.00125728908461, 0.00207378319465, -0.000688013329636, -0.00187621091027, 0.00349546759389], [-0.000418262352468, 0.00334632769227, 0.0018755577039, -0.000465750752483, -0.00647369166836, 0.0205747578293, -0.0125978151336, 0.00224900711328, 0.00317635643296, -0.00369513779879, -0.00227211345918, 0.00447733607143, -0.00372533942573], [0.000641258084215, -0.00427803723142, -0.00337686901912, -2.14797055378e-05, 0.000216177562834, -0.0125978151336, 0.0295774880797, -0.0099113099277, -0.00288572185673, 0.00431372784078, -0.00181061483454, -0.00376897444949, -0.00177225575317], [-0.000486399920192, 0.00514895096421, 0.000571507611312, 0.00133869494312, -0.00326972757466, 0.00224900711328, -0.0099113099277, 0.0240476168692, -0.014315742068, 0.00487501360476, 0.00437571294606, -0.00541849853471, 0.00441703759134], [4.14692440245e-05, -0.00623388960958, 0.0017104560975, -0.00189111707732, 0.00125728908461, 0.00317635643296, -0.00288572185673, -0.014315742068, 0.0329798050225, -0.0189130734652, -0.000600646890234, 0.00845509488136, -0.00661872699857], [-6.61070735077e-05, 0.00515927979723, -0.00368976406753, 0.0035381463822, 0.00207378319465, -0.00369513779879, 0.00431372784078, 0.00487501360476, -0.0189130734652, 0.0278383232653, -0.0117811216041, -0.000764734868426, 0.00869471766055], [-7.1872578701e-05, -0.0042881462723, 0.0031477434095, -0.00369951245375, -0.000688013329636, -0.00227211345918, -0.00181061483454, 0.00437571294606, -0.000600646890234, -0.0117811216041, 0.0290841404349, -0.0130490567535, -0.00271316966973], [-0.00049753242638, 0.0035576869268, -0.00172212789766, 0.00464290706441, -0.00187621091027, 0.00447733607143, -0.00376897444949, -0.00541849853471, 0.00845509488136, -0.000764734868426, -0.0130490567535, 0.0258423388004, -0.0111294314265], [0.000710541149601, 0.000407963176258, 0.000381625286536, -0.0036605396308, 0.00349546759389, -0.00372533942573, -0.00177225575317, 0.00441703759134, -0.00661872699857, 0.00869471766055, -0.00271316966973, -0.0111294314265, 0.0233242269605]]
    },
    "melbands": {
        "dmean": [0.00151502189692, 0.00210405443795, 0.000594358134549, 0.000264429603703, 0.00014562990691, 0.000191564744455, 8.24612288852e-05, 9.43979539443e-05, 5.62556597288e-05, 6.60011792206e-05, 3.82768303098e-05, 2.47294919973e-05, 4.11790606449e-05, 3.37742530974e-05, 5.27005977347e-05, 4.80148155475e-05, 3.05302492052e-05, 1.86825218407e-05, 2.14306182897e-05, 3.25738474203e-05, 1.54188510351e-05, 1.56243131642e-05, 1.26128652482e-05, 1.13246442197e-05, 1.15258953883e-05, 6.53995130051e-06, 9.19279045775e-06, 9.70229393715e-06, 6.10421602687e-06, 5.91057323618e-06, 4.74368835057e-06, 5.31000205228e-06, 5.69456778976e-06, 4.14646228819e-06, 3.50505911229e-06, 3.09869983539e-06, 3.14753447128e-06, 2.06973459171e-06, 1.73305295448e-06, 1.1194755416e-06],
        "dmean2": [0.00232411571778, 0.00299275084399, 0.000953987240791, 0.000439805415226, 0.000239824410528, 0.000302361062495, 0.000127412131405, 0.000146066813613, 9.03119653231e-05, 0.000104306869616, 6.18169360678e-05, 3.94571652578e-05, 6.0085527366e-05, 4.76467939734e-05, 7.87606622907e-05, 7.10574167897e-05, 4.71866151202e-05, 2.9579798138e-05, 3.27803136315e-05, 5.11568468937e-05, 2.34012550209e-05, 2.37207132159e-05, 2.02262654057e-05, 1.74107153725e-05, 1.87272235053e-05, 1.05334283944e-05, 1.36401577038e-05, 1.42052595038e-05, 9.11931692826e-06, 8.74547185958e-06, 7.06809123585e-06, 7.27848373572e-06, 8.65469883138e-06, 6.12641315456e-06, 5.01902741235e-06, 4.6244481382e-06, 4.53813345302e-06, 2.92437812277e-06, 2.74071521744e-06, 1.6561926941e-06],
        "dvar": [5.21981473867e-06, 7.31192949388e-06, 1.08561516754e-06, 2.56411794908e-07, 5.52734675807e-08, 1.02772830246e-07, 2.06216448362e-08, 3.7043424328e-08, 1.08263762399e-08, 1.34008431019e-08, 6.20703222154e-09, 2.57524068736e-09, 1.24121513068e-08, 5.65842217526e-09, 2.54329748373e-08, 1.42419169791e-08, 6.40151576192e-09, 1.63957081245e-09, 2.81084888698e-09, 4.53185400318e-09, 7.02649938233e-10, 7.91488929952e-10, 6.79987233188e-10, 4.54089793545e-10, 4.88306728386e-10, 1.45267062268e-10, 2.50017229142e-10, 2.17419721116e-10, 9.41793240616e-11, 1.00011048054e-10, 5.97519256296e-11, 7.69406899304e-11, 9.50435841141e-11, 5.72528482956e-11, 3.69743402562e-11, 3.09460859715e-11, 3.18952919631e-11, 1.07547261027e-11, 8.05489008826e-12, 3.55229973041e-12],
        "dvar2": [1.1894848285e-05, 1.44855848703e-05, 2.87341140393e-06, 6.69964265398e-07, 1.30025739509e-07, 2.29172528066e-07, 4.34323368381e-08, 8.84395205958e-08, 2.33998349586e-08, 3.08612158051e-08, 1.40907792101e-08, 5.93785776104e-09, 2.27360050786e-08, 9.63394430897e-09, 5.20017806593e-08, 2.78466334436e-08, 1.47846588305e-08, 3.83889497968e-09, 5.34122035489e-09, 1.1446813275e-08, 1.58730228961e-09, 1.7446856182e-09, 1.6064353181e-09, 1.03481945235e-09, 1.25917476446e-09, 3.73831104961e-10, 5.51259038417e-10, 4.83931450468e-10, 2.1298991737e-10, 2.0858742511e-10, 1.30037397517e-10, 1.41856817959e-10, 2.16656109719e-10, 1.24867699514e-10, 8.15255085662e-11, 6.6347226324e-11, 6.41863437401e-11, 2.21416166651e-11, 1.89587789912e-11, 7.09873739652e-12],
        "max": [0.0230915881693, 0.0262255016714, 0.0100192334503, 0.00598341599107, 0.0021722423844, 0.00436029164121, 0.0014998014085, 0.00319890584797, 0.00150387967005, 0.00188756582793, 0.000941059668548, 0.000693084381055, 0.00254862708971, 0.00159750308376, 0.00254153320566, 0.00163355155382, 0.00118291121908, 0.000607533496805, 0.000849588774145, 0.00114106247202, 0.000359330966603, 0.000359805766493, 0.000377102434868, 0.00028412550455, 0.000299350765999, 0.000148407765664, 0.000150543128257, 0.000125356717035, 9.28091394599e-05, 9.92976638372e-05, 9.62494159467e-05, 8.4078128566e-05, 7.50191757106e-05, 0.000101620964415, 5.29335011379e-05, 4.65015800728e-05, 5.68375835428e-05, 4.20675933128e-05, 2.92252243526e-05, 2.22064118134e-05],
        "mean": [0.00280780019239, 0.00469604833052, 0.000865794485435, 0.000372774724383, 0.000204610827495, 0.000292668613838, 0.000145390746184, 0.000162111013196, 9.38430021051e-05, 0.000111623907287, 6.42317754682e-05, 3.55626543751e-05, 0.000111884270154, 7.39665265428e-05, 8.54817553773e-05, 8.645356138e-05, 5.4442723922e-05, 3.24103166349e-05, 3.10264622385e-05, 5.7943212596e-05, 2.64266927843e-05, 2.74697376881e-05, 1.88163430721e-05, 1.6519210476e-05, 1.95073953364e-05, 9.3109183581e-06, 1.43285542435e-05, 1.58431212185e-05, 9.52195114223e-06, 8.93521610124e-06, 7.33587648938e-06, 8.26187988423e-06, 7.49248874854e-06, 5.99807117396e-06, 4.94564710607e-06, 4.55925419374e-06, 4.592811365e-06, 3.4757197227e-06, 2.8407271202e-06, 1.82931114523e-06],
        "median": [0.00165551959071, 0.00315041770227, 0.000499308225699, 0.000153692351887, 9.42067272263e-05, 8.60395375639e-05, 3.3586002246e-05, 2.89853014692e-05, 2.7766545827e-05, 4.01669130952e-05, 1.67512353073e-05, 7.6271207945e-06, 1.11961417133e-05, 1.16097007776e-05, 9.60287525231e-06, 9.71701865637e-06, 6.29112037132e-06, 8.57968916534e-06, 7.35888579584e-06, 1.18825364552e-05, 9.48488741415e-06, 7.41063377063e-06, 5.62877903576e-06, 5.59875661565e-06, 5.70571182834e-06, 3.21845823237e-06, 4.8864958444e-06, 6.63930859446e-06, 3.86988585888e-06, 3.05222010866e-06, 2.73167643172e-06, 2.65800053967e-06, 2.78195284409e-06, 2.23039091907e-06, 1.6923631847e-06, 1.34349306791e-06, 1.40963459216e-06, 1.11406757242e-06, 8.55964174207e-07, 5.23408630215e-07],
        "min": [3.22532486052e-07, 3.97051280743e-08, 6.64659651761e-08, 7.50403685856e-08, 1.49323309273e-08, 4.77247397157e-08, 2.65346322692e-08, 7.15849353128e-08, 4.77209809446e-08, 5.53679058157e-08, 2.3140989569e-08, 8.15526401965e-09, 6.37551611504e-09, 2.90135160341e-09, 2.44343656419e-09, 5.30476418348e-09, 1.11075815212e-08, 1.43147032006e-08, 9.00697827433e-09, 1.75781753597e-08, 1.01684296538e-08, 1.58832680341e-08, 7.56541496116e-09, 1.14143494656e-08, 6.99822066963e-09, 4.22895363172e-09, 1.76663146334e-08, 2.64246953208e-08, 1.26492167851e-08, 2.18360920456e-08, 9.57178691863e-09, 6.50506581934e-09, 8.07661670876e-09, 5.22594945096e-09, 7.99962229792e-09, 4.9540980207e-09, 3.68862118627e-09, 2.50997156392e-09, 1.22591314877e-09, 8.60340798603e-10],
