{
"highlevel": {
    "danceability": {
        "all": {
            "danceable": 0.878245234489,
            "not_danceable": 0.121754780412
        },
        "probability": 0.878245234489,
        "value": "danceable"
    },
    "gender": {
        "all": {
            "female": 0.268447071314,
            "male": 0.731552898884
        },
        "probability": 0.731552898884,
        "value": "male"
    },
    "genre_dortmund": {
        "all": {
            "alternative": 0.0114359799773,
            "blues": 0.044913828373,
            "electronic": 0.100556857884,
            "folkcountry": 0.0659072250128,
            "funksoulrnb": 0.0193521417677,
            "jazz": 0.0496777705848,
            "pop": 0.0296929180622,
            "raphiphop": 0.636718630791,
            "rock": 0.0417446643114
        },
        "probability": 0.636718630791,
        "value": "raphiphop"
    },
    "genre_electronic": {
        "all": {
            "ambient": 0.507847249508,
            "dnb": 0.199974045157,
            "house": 0.22054836154,
            "techno": 0.027516534552,
            "trance": 0.0441138334572
        },
        "probability": 0.507847249508,
        "value": "ambient"
    },
    "genre_rosamerica": {
        "all": {
            "cla": 0.00161850848235,
            "dan": 0.000348056928487,
            "hip": 0.988163352013,
            "jaz": 0.000710656342562,
            "pop": 0.00188640481792,
            "rhy": 0.0061397892423,
            "roc": 0.000465596240247,
            "spe": 0.000667663523927
        },
        "probability": 0.988163352013,
        "value": "hip"
    },
    "genre_tzanetakis": {
        "all": {
            "blu": 0.0626613423228,
            "cla": 0.0348169617355,
            "cou": 0.104475811124,
            "dis": 0.0784321576357,
            "hip": 0.15692435205,
            "jaz": 0.313974827528,
            "met": 0.0448166541755,
            "pop": 0.0627359300852,
            "reg": 0.0627360641956,
            "roc": 0.0784258767962
        },
        "probability": 0.313974827528,
        "value": "jaz"
    },
    "ismir04_rhythm": {
        "all": {
            "ChaChaCha": 0.036515083164,
            "Jive": 0.0411354228854,
            "Quickstep": 0.119417630136,
            "Rumba-American": 0.011312270537,
            "Rumba-International": 0.0367006547749,
            "Rumba-Misc": 0.0135052455589,
            "Samba": 0.707059800625,
            "Tango": 0.00610086834058,
            "VienneseWaltz": 0.0233049262315,
            "Waltz": 0.00494807260111
        },
        "probability": 0.707059800625,
        "value": "Samba"
    },
    "mood_acoustic": {
        "all": {
            "acoustic": 0.825696825981,
            "not_acoustic": 0.174303144217
        },
        "probability": 0.825696825981,
        "value": "acoustic"
    },
    "mood_aggressive": {
        "all": {
            "aggressive": 0.0734232217073,
            "not_aggressive": 0.926576793194
        },
        "probability": 0.926576793194,
        "value": "not_aggressive"
    },
    "mood_electronic": {
        "all": {
            "electronic": 0.933798849583,
            "not_electronic": 0.0662011727691
        },
        "probability": 0.933798849583,
        "value": "electronic"
    },
    "mood_happy": {
        "all": {
            "happy": 0.312795609236,
            "not_happy": 0.687204420567
        },
        "probability": 0.687204420567,
        "value": "not_happy"
    },
    "mood_party": {
        "all": {
            "not_party": 0.278915435076,
            "party": 0.721084535122
        },
        "probability": 0.721084535122,
        "value": "party"
    },
    "mood_relaxed": {
        "all": {
            "not_relaxed": 0.598849833012,
            "relaxed": 0.401150137186
        },
        "probability": 0.598849833012,
        "value": "not_relaxed"
    },
    "mood_sad": {
        "all": {
            "not_sad": 0.635339736938,
            "sad": 0.364660263062
        },
        "probability": 0.635339736938,
        "value": "not_sad"
    },
    "moods_mirex": {
        "all": {
            "Cluster1": 0.074570864439,
            "Cluster2": 0.163728505373,
            "Cluster3": 0.560773432255,
            "Cluster4": 0.0705676227808,
            "Cluster5": 0.130359560251
        },
        "probability": 0.560773432255,
        "value": "Cluster3"
    },
    "timbre": {
        "all": {
            "bright": 0.629683315754,
            "dark": 0.370316684246
        },
        "probability": 0.629683315754,
        "value": "bright"
    },
    "tonal_atonal": {
        "all": {
            "atonal": 0.794808506966,
            "tonal": 0.205191478133
        },
        "probability": 0.794808506966,
        "value": "atonal"
    },
    "voice_instrumental": {
        "all": {
            "instrumental": 0.0138325523585,
            "voice": 0.986167430878
        },
        "probability": 0.986167430878,
        "value": "voice"
    }
},
"lowlevel": {
    "average_loudness": 0.906486570835,
    "barkbands_crest": {
        "dmean": 2.66655158997,
        "dmean2": 4.08644676208,
        "dvar": 6.53905630112,
        "dvar2": 14.9925146103,
        "max": 25.7607498169,
        "mean": 11.596452713,
        "median": 11.0588846207,
        "min": 2.96401953697,
        "var": 20.4849777222
    },
    "barkbands_flatness_db": {
        "dmean": 0.0257044229656,
        "dmean2": 0.0377289801836,
        "dvar": 0.0006266538403,
        "dvar2": 0.00134286517277,
        "max": 0.397337585688,
        "mean": 0.171298250556,
        "median": 0.167502939701,
        "min": 0.0448036007583,
        "var": 0.00265285209753
    },
    "barkbands_kurtosis": {
        "dmean": 6.03581142426,
        "dmean2": 9.45903015137,
        "dvar": 202.73425293,
        "dvar2": 548.38079834,
        "max": 257.003265381,
        "mean": 8.37011814117,
        "median": 3.29661226273,
        "min": -1.91307604313,
        "var": 297.018707275
    },
    "barkbands_skewness": {
        "dmean": 0.841104626656,
        "dmean2": 1.20725083351,
        "dvar": 0.942735612392,
        "dvar2": 1.99664270878,
        "max": 12.8554897308,
        "mean": 1.94981026649,
        "median": 1.74300062656,
        "min": -4.74302005768,
        "var": 3.60080194473
    },
    "barkbands_spread": {
        "dmean": 10.1569328308,
        "dmean2": 16.3505630493,
        "dvar": 143.610046387,
        "dvar2": 334.761230469,
        "max": 110.973548889,
        "mean": 24.1029090881,
        "median": 19.0308513641,
        "min": 0.55068385601,
        "var": 295.481079102
    },
    "dissonance": {
        "dmean": 0.0261184293777,
        "dmean2": 0.0411689467728,
        "dvar": 0.000668524997309,
        "dvar2": 0.0016919199843,
        "max": 0.499260932207,
        "mean": 0.449249446392,
        "median": 0.458378940821,
        "min": 0.287405252457,
        "var": 0.00142010557465
    },
    "dynamic_complexity": 3.25064253807,
    "erbbands_crest": {
        "dmean": 3.63131284714,
        "dmean2": 5.81687307358,
        "dvar": 12.8236303329,
        "dvar2": 27.2194709778,
        "max": 28.6635742188,
        "mean": 10.1507902145,
        "median": 8.74684047699,
        "min": 2.7388241291,
        "var": 26.1177654266
    },
    "erbbands_flatness_db": {
        "dmean": 0.0237206667662,
        "dmean2": 0.0353051163256,
        "dvar": 0.000422280369094,
        "dvar2": 0.000958678778261,
        "max": 0.298326998949,
        "mean": 0.16580504179,
        "median": 0.161972671747,
        "min": 0.0710068121552,
        "var": 0.00160269730259
    },
    "erbbands_kurtosis": {
        "dmean": 1.98381185532,
        "dmean2": 3.0894536972,
        "dvar": 6.27112102509,
        "dvar2": 14.4296922684,
        "max": 28.6711235046,
        "mean": 1.55821764469,
        "median": 0.599923849106,
        "min": -1.81070184708,
        "var": 11.7490701675
    },
    "erbbands_skewness": {
        "dmean": 0.664038956165,
        "dmean2": 0.961403369904,
        "dvar": 0.413947939873,
        "dvar2": 0.882746994495,
        "max": 3.80528044701,
        "mean": 0.398942023516,
        "median": 0.5059851408,
        "min": -4.21695661545,
        "var": 1.45869731903
    },
    "erbbands_spread": {
        "dmean": 16.005022049,
        "dmean2": 24.8421230316,
        "dvar": 255.445983887,
        "dvar2": 592.01171875,
        "max": 147.515014648,
        "mean": 46.3835144043,
        "median": 41.5634918213,
        "min": 4.85244941711,
        "var": 666.320373535
    },
    "hfc": {
        "dmean": 15.5634565353,
        "dmean2": 23.2494220734,
        "dvar": 1603.48730469,
        "dvar2": 2960.17480469,
        "max": 357.592712402,
        "mean": 22.6973457336,
        "median": 8.40506076813,
        "min": 0.363557547331,
        "var": 2569.33691406
    },
    "melbands_crest": {
        "dmean": 3.91595172882,
        "dmean2": 5.92477178574,
        "dvar": 14.3966674805,
        "dvar2": 29.8140106201,
        "max": 36.4077262878,
        "mean": 19.0189914703,
        "median": 18.6248149872,
        "min": 3.33967518806,
        "var": 57.3540458679
    },
    "melbands_flatness_db": {
        "dmean": 0.0332349799573,
        "dmean2": 0.0472813509405,
        "dvar": 0.00113503308967,
        "dvar2": 0.00221709883772,
        "max": 0.501143395901,
        "mean": 0.20944839716,
        "median": 0.209255725145,
        "min": 0.0183601137251,
        "var": 0.00614695204422
    },
    "melbands_kurtosis": {
        "dmean": 16.4542293549,
        "dmean2": 24.3959102631,
        "dvar": 1316.93713379,
        "dvar2": 2867.00634766,
        "max": 555.006164551,
        "mean": 28.0595359802,
        "median": 11.0849761963,
        "min": -1.85005378723,
        "var": 2598.76342773
    },
    "melbands_skewness": {
        "dmean": 1.15676760674,
        "dmean2": 1.64121174812,
        "dvar": 1.93900609016,
        "dvar2": 3.58226680756,
        "max": 19.1087322235,
        "mean": 3.4519982338,
        "median": 2.72218441963,
        "min": -1.85274028778,
        "var": 7.91434860229
    },
    "melbands_spread": {
        "dmean": 14.0366544724,
        "dmean2": 21.4929542542,
        "dvar": 579.065185547,
        "dvar2": 1293.95739746,
        "max": 251.41746521,
        "mean": 29.3338871002,
        "median": 17.3966655731,
        "min": 0.542975127697,
        "var": 1270.23059082
    },
    "pitch_salience": {
        "dmean": 0.0822342932224,
        "dmean2": 0.126518860459,
        "dvar": 0.00601574638858,
        "dvar2": 0.0138263367116,
        "max": 0.81534332037,
        "mean": 0.519937872887,
        "median": 0.517606258392,
        "min": 0.0569612979889,
        "var": 0.020417759195
    },
    "silence_rate_20dB": {
        "dmean": 0,
        "dmean2": 0,
        "dvar": 0,
        "dvar2": 0,
        "max": 1,
        "mean": 1,
        "median": 1,
        "min": 1,
        "var": 0
    },
    "silence_rate_30dB": {
        "dmean": 0,
        "dmean2": 0,
        "dvar": 0,
        "dvar2": 0,
        "max": 1,
        "mean": 1,
        "median": 1,
        "min": 1,
        "var": 0
    },
    "silence_rate_60dB": {
        "dmean": 0.0572755411267,
        "dmean2": 0.114639811218,
        "dvar": 0.0539951808751,
        "dvar2": 0.115440778434,
        "max": 1,
        "mean": 0.109048724174,
        "median": 0,
        "min": 0,
        "var": 0.0971580967307
    },
    "spectral_centroid": {
        "dmean": 437.930297852,
        "dmean2": 661.693786621,
        "dvar": 281646.375,
        "dvar2": 588604.75,
        "max": 5984.61669922,
        "mean": 1484.27319336,
        "median": 1180.72998047,
        "min": 201.860900879,
        "var": 941131.0625
    },
    "spectral_complexity": {
        "dmean": 4.01780176163,
        "dmean2": 5.5817193985,
        "dvar": 36.2000465393,
        "dvar2": 52.4229049683,
        "max": 63,
        "mean": 12.3921117783,
        "median": 9,
        "min": 1,
        "var": 112.985374451
    },
    "spectral_decrease": {
        "dmean": 1.75778436251e-09,
        "dmean2": 2.59471844011e-09,
        "dvar": 7.40199096985e-18,
        "dvar2": 1.85964925517e-17,
        "max": -1.87534265894e-10,
        "mean": -4.52820048125e-09,
        "median": -3.5308307389e-09,
        "min": -2.13257695947e-08,
        "var": 1.63844345771e-17
    },
    "spectral_energy": {
        "dmean": 0.00784895289689,
        "dmean2": 0.0115974489599,
        "dvar": 0.000150209467392,
        "dvar2": 0.000342969142366,
        "max": 0.0989733561873,
        "mean": 0.0191491767764,
        "median": 0.0157131142914,
        "min": 0.000765790580772,
        "var": 0.000318050180795
    },
    "spectral_energyband_high": {
        "dmean": 0.00179088686127,
        "dmean2": 0.00274203019217,
        "dvar": 2.80117601505e-05,
        "dvar2": 5.34222745046e-05,
        "max": 0.0528377480805,
        "mean": 0.00211109616794,
        "median": 0.000336237018928,
        "min": 1.81695975243e-06,
        "var": 4.15829199483e-05
    },
    "spectral_energyband_low": {
        "dmean": 0.00266886502504,
        "dmean2": 0.00434582075104,
        "dvar": 5.33263009856e-05,
        "dvar2": 0.000158233844559,
        "max": 0.0662753582001,
        "mean": 0.00793618150055,
        "median": 0.00126685656141,
        "min": 0.00014164877939,
        "var": 0.00011414988694
    },
    "spectral_energyband_middle_high": {
        "dmean": 0.00164111482445,
        "dmean2": 0.00227171042934,
        "dvar": 1.61213429237e-05,
        "dvar2": 2.60599408648e-05,
        "max": 0.0418159179389,
        "mean": 0.00272981775925,
        "median": 0.00108845846262,
        "min": 1.56241021614e-05,
        "var": 2.86434078589e-05
    },
    "spectral_energyband_middle_low": {
        "dmean": 0.00361733976752,
        "dmean2": 0.00514117209241,
        "dvar": 2.50609100476e-05,
        "dvar2": 4.81664574181e-05,
        "max": 0.0377870500088,
        "mean": 0.00705841509625,
        "median": 0.00395143730566,
        "min": 0.000184593547601,
        "var": 5.31556688657e-05
    },
    "spectral_entropy": {
        "dmean": 0.250857919455,
        "dmean2": 0.381562530994,
        "dvar": 0.0590193495154,
        "dvar2": 0.13127399981,
        "max": 8.71221065521,
        "mean": 7.60807609558,
        "median": 7.58354902267,
        "min": 6.14427709579,
        "var": 0.180283308029
    },
    "spectral_flux": {
        "dmean": 0.0262241922319,
        "dmean2": 0.0395266227424,
        "dvar": 0.000976526353043,
        "dvar2": 0.00183898734394,
        "max": 0.271969139576,
        "mean": 0.0717977434397,
        "median": 0.0572187937796,
        "min": 0.00952771957964,
        "var": 0.00276001542807
    },
    "spectral_kurtosis": {
        "dmean": 1.58483707905,
        "dmean2": 2.5433049202,
        "dvar": 3.97013735771,
        "dvar2": 10.0258741379,
        "max": 26.3380699158,
        "mean": 2.8043551445,
        "median": 2.3728890419,
        "min": -1.1867210865,
        "var": 6.60576725006
    },
    "spectral_rms": {
        "dmean": 0.000816686952021,
        "dmean2": 0.00115032028407,
        "dvar": 1.04470382212e-06,
        "dvar2": 2.22018411478e-06,
        "max": 0.00982646271586,
        "mean": 0.00387729681097,
        "median": 0.00391533738002,
        "min": 0.000864356872626,
        "var": 3.64870766134e-06
    },
    "spectral_rolloff": {
        "dmean": 930.662841797,
        "dmean2": 1608.18737793,
        "dvar": 3023750,
        "dvar2": 6896725,
        "max": 10594.3359375,
        "mean": 1782.6920166,
        "median": 947.4609375,
        "min": 64.599609375,
        "var": 4962946.5
    },
    "spectral_skewness": {
        "dmean": 0.319221556187,
        "dmean2": 0.492852836847,
        "dvar": 0.11021631211,
        "dvar2": 0.267061918974,
        "max": 3.97131705284,
        "mean": 1.32580780983,
        "median": 1.31495034695,
        "min": -0.310160666704,
        "var": 0.306442975998
    },
    "spectral_spread": {
        "dmean": 1133382,
        "dmean2": 1725577.375,
        "dvar": 1.44824297062e+12,
        "dvar2": 3.41295916646e+12,
        "max": 14788895,
        "mean": 5678431.5,
        "median": 5259087,
        "min": 2314521,
        "var": 3.28775211418e+12
    },
    "spectral_strongpeak": {
        "dmean": 0.425888478756,
        "dmean2": 0.67933511734,
        "dvar": 0.946768462658,
        "dvar2": 2.22525715828,
        "max": 16.7502384186,
        "mean": 0.718901693821,
        "median": 0.282796651125,
        "min": 0.0314641743898,
        "var": 1.43320190907
    },
    "zerocrossingrate": {
        "dmean": 0.0194598212838,
        "dmean2": 0.0218799933791,
        "dvar": 0.000498335866723,
        "dvar2": 0.000591079646256,
        "max": 0.37353515625,
        "mean": 0.069537974894,
        "median": 0.05224609375,
        "min": 0.00390625,
        "var": 0.00285370275378
    },
    "barkbands": {
        "dmean": [0.000232818827499, 0.00143191660754, 0.00120292208157, 0.000458921684185, 0.000793806626461, 0.000673248199746, 0.00143248774111, 0.00125376565848, 0.000581636209972, 0.000190855178516, 0.000235061059357, 0.000199122921913, 0.000168230078998, 0.000122815108625, 0.000138918578159, 0.000122688055853, 0.000231581390835, 0.000237813379499, 0.000382582191378, 0.000367749162251, 0.000477052060887, 0.000431374908658, 0.000410926324548, 0.000280644453596, 0.000117162926472, 1.78834288818e-05, 9.62076143196e-08],
        "dmean2": [0.000344436441083, 0.00214138161391, 0.00224863807671, 0.000787963916082, 0.00123670371249, 0.00108387309592, 0.00216270587407, 0.00189506716561, 0.000899293343537, 0.000290820025839, 0.000345185922924, 0.000306573638227, 0.000234904829995, 0.000181810217327, 0.000225489289733, 0.000184180447832, 0.000332688738126, 0.000343592779245, 0.000582273292821, 0.000544777722098, 0.00071815866977, 0.000658853969071, 0.000668982334901, 0.000442763528554, 0.000182602147106, 2.74896265182e-05, 1.65157658216e-07],
        "dvar": [2.53922166848e-07, 1.66245517903e-05, 2.77775889117e-05, 8.29854457152e-07, 1.82684118499e-06, 1.78992775091e-06, 7.48932689021e-06, 7.53543827159e-06, 3.35563709086e-06, 1.86371821087e-07, 2.36504490658e-07, 2.69186841706e-07, 1.1079514195e-07, 1.42666763736e-07, 1.76525233542e-07, 1.9633343129e-07, 4.00502273123e-07, 4.75577536463e-07, 1.32325692448e-06, 1.96158134713e-06, 3.91252979171e-06, 2.37385120272e-06, 1.77686251845e-06, 6.00105238391e-07, 1.05863705357e-07, 3.20009085897e-09, 4.16921949438e-13],
        "dvar2": [5.22526818258e-07, 4.38777460658e-05, 8.07665273896e-05, 2.35341872212e-06, 4.24210429628e-06, 4.55764575236e-06, 1.53743476403e-05, 1.59219343914e-05, 8.09879566077e-06, 4.15630665884e-07, 5.52995857106e-07, 5.66224116483e-07, 1.79486576712e-07, 3.34890643217e-07, 4.45855448561e-07, 4.42410879486e-07, 8.51177162531e-07, 9.1995366347e-07, 2.66822416961e-06, 3.34911919708e-06, 7.9726041804e-06, 5.03611454405e-06, 4.46828335043e-06, 1.38494363e-06, 2.41888869823e-07, 6.97479718426e-09, 1.03589294261e-12],
        "max": [0.00659968936816, 0.0546525791287, 0.0420159250498, 0.0107319895178, 0.0126196630299, 0.00910014100373, 0.0261576343328, 0.0303852092475, 0.0220263134688, 0.00588686624542, 0.00636949110776, 0.00869017001241, 0.00415579462424, 0.0047161639668, 0.00504439743236, 0.00482888333499, 0.00719653489068, 0.00803051237017, 0.0143516398966, 0.0138489985839, 0.0191920418292, 0.0247524380684, 0.0275357756764, 0.0130086010322, 0.0049952538684, 0.000554993050173, 1.26664835989e-05],
        "mean": [0.00111249100883, 0.00530992401764, 0.000874222489074, 0.00123553047888, 0.00110764638521, 0.000691968831234, 0.00173615047242, 0.00137486518361, 0.000767204619478, 0.000279783533188, 0.000350815331331, 0.00030891597271, 0.000236222535023, 0.000130500746309, 0.000160548253916, 0.000132647808641, 0.000270292483037, 0.000288303330308, 0.00047540475498, 0.000429348583566, 0.000448605482234, 0.000480571878143, 0.000479261827422, 0.000322742998833, 0.000127679275465, 1.74582073669e-05, 6.83751153474e-08],
        "median": [9.44399232594e-07, 0.000128200554173, 0.000158270282554, 0.000914594682399, 0.000559939770028, 0.000147175975144, 0.000158867333084, 0.00017706710787, 0.000183779833606, 8.07415199233e-05, 0.000121801662317, 6.86096100253e-05, 6.33367671981e-05, 2.88896699203e-05, 3.08003436658e-05, 1.12159459604e-05, 2.57027113548e-05, 4.67256249976e-05, 5.80917912885e-05, 3.58549878001e-05, 1.549096487e-05, 3.13284872391e-05, 9.13078256417e-05, 5.63644207432e-05, 2.9289698432e-05, 1.69552674834e-06, 2.15768791723e-10],
        "min": [1.84204151932e-09, 3.14264980261e-06, 4.13742509409e-06, 1.74640729256e-06, 3.42131465914e-06, 2.28573389904e-06, 2.94697883874e-06, 1.63049890034e-06, 1.65057599588e-06, 4.53546221024e-07, 4.99980956192e-07, 4.63477846324e-07, 5.78811125251e-07, 9.03650345663e-07, 5.34934713414e-07, 3.43668261849e-07, 3.82103195307e-07, 3.3452741377e-07, 2.60146805431e-07, 3.02839652022e-07, 3.1774703757e-07, 2.03632296802e-07, 1.80822695484e-07, 1.73981771212e-08, 2.42043696197e-09, 6.93960470685e-12, 6.59790668281e-12],
        "var": [2.8072367968e-06, 6.03096050327e-05, 1.55655743583e-05, 1.16247849746e-06, 2.35570587392e-06, 1.71680346739e-06, 1.26682443806e-05, 1.00977858892e-05, 3.99212376578e-06, 3.09006793486e-07, 3.57077510671e-07, 5.4113530723e-07, 2.31681909213e-07, 1.47134272765e-07, 2.06133478287e-07, 2.31686115626e-07, 5.46707269677e-07, 6.64935896566e-07, 1.87001921859e-06, 2.77739900412e-06, 4.2980800572e-06, 3.21168704431e-06, 2.58579984802e-06, 9.72643988462e-07, 1.47137953377e-07, 3.55241769334e-09, 3.18156525431e-13]
    },
    "erbbands": {
        "dmean": [0.0723478272557, 0.253517448902, 1.17891120911, 1.60527086258, 1.20551335812, 3.79980516434, 3.65307497978, 6.09421491623, 13.4114847183, 38.7881240845, 16.3457336426, 13.3613700867, 7.182554245, 7.252866745, 7.05135250092, 7.95029211044, 6.54892539978, 6.97182941437, 6.48986339569, 5.13607263565, 7.97351884842, 12.554728508, 13.8069562912, 18.4492607117, 17.632226944, 18.032743454, 19.430644989, 19.181224823, 14.7225666046, 15.8997087479, 10.9771022797, 7.37386322021, 3.73981595039, 1.71413099766, 0.60880535841, 0.125797301531, 0.0264133419842, 0.00229390966706, 6.81796664139e-05, 1.65596447914e-05],
        "dmean2": [0.103654794395, 0.399567842484, 2.19149899483, 2.83862161636, 2.00676321983, 6.02542066574, 6.09432458878, 9.64367389679, 22.5161018372, 55.0143585205, 24.7103042603, 20.4595584869, 10.6145172119, 10.6002922058, 10.2968893051, 12.0294446945, 8.91024875641, 10.0162744522, 9.40380954742, 7.58133363724, 11.5732879639, 18.1395263672, 20.2345600128, 26.6432685852, 25.7418003082, 25.9647254944, 28.1803283691, 28.7819309235, 22.2264785767, 26.1691970825, 17.9905529022, 11.9684553146, 5.86604261398, 2.65837907791, 0.974916875362, 0.195517271757, 0.0406633280218, 0.00358798471279, 0.000105778577563, 2.48631131399e-05],
        "dvar": [0.0394134111702, 0.682935237885, 27.2290058136, 20.9161834717, 5.60905170441, 45.1995048523, 58.5213012695, 130.906814575, 1007.69000244, 6029.05224609, 1364.39685059, 2086.32226562, 303.887176514, 255.711807251, 199.732284546, 395.893371582, 220.584152222, 297.721374512, 319.587982178, 256.584106445, 715.687194824, 1092.67102051, 1901.89379883, 2956.89477539, 3051.24707031, 4734.53662109, 6134.22265625, 6528.51953125, 3096.70727539, 3417.88549805, 1283.52819824, 441.787719727, 116.237228394, 23.0893516541, 2.82941436768, 0.128214225173, 0.00865509454161, 8.9013359684e-05, 6.03357861451e-08, 1.24021504178e-09],
        "dvar2": [0.0945319235325, 1.86467456818, 78.713394165, 60.1390991211, 13.8762102127, 110.051124573, 152.846115112, 318.336517334, 2646.78295898, 10727.4560547, 3154.65454102, 5136.16699219, 680.073425293, 576.042724609, 400.124511719, 804.554138184, 350.84475708, 634.573730469, 594.493774414, 510.759185791, 1506.90148926, 2127.94042969, 4224.88427734, 5555.22949219, 6410.70507812, 8445.00585938, 11278.59375, 14417.5429688, 6681.24023438, 7687.12011719, 3311.87792969, 1132.19799805, 235.838577271, 50.5289344788, 6.89810085297, 0.286022126675, 0.0196096971631, 0.000200591995963, 1.32739017999e-07, 2.52605159012e-09],
        "max": [2.24031949043, 12.0555448532, 42.2470588684, 39.3730659485, 21.8874855042, 66.8670730591, 63.8500862122, 90.1194000244, 406.041137695, 659.232727051, 443.37588501, 549.628540039, 264.450531006, 245.634536743, 179.198944092, 325.921478271, 239.173721313, 208.509994507, 172.669113159, 226.947799683, 296.158355713, 357.722686768, 508.076934814, 722.679382324, 725.373413086, 769.390991211, 793.808105469, 988.811035156, 970.801879883, 1412.95019531, 752.128723145, 397.839294434, 237.710037231, 79.569519043, 25.9707107544, 5.22116184235, 0.843266844749, 0.11235164851, 0.00293056224473, 0.00036374409683],
        "mean": [0.283983051777, 0.661484122276, 1.00922870636, 2.86313462257, 2.53991413116, 5.21986913681, 3.86148548126, 6.6082406044, 13.4751243591, 48.2537498474, 19.4679298401, 16.159286499, 13.5151023865, 10.8010978699, 11.6408777237, 13.0850324631, 9.24199104309, 9.22218322754, 8.30736160278, 6.70936584473, 9.29166316986, 15.2452020645, 16.002779007, 22.9630565643, 21.3866138458, 20.0275211334, 19.7175331116, 17.2799053192, 15.6505374908, 18.8723888397, 12.5988903046, 8.76865768433, 3.96751403809, 1.84628677368, 0.68199467659, 0.132235527039, 0.0243484620005, 0.00201779091731, 7.23601697246e-05, 3.12116244459e-05],
        "median": [0.00155787856784, 0.0363544821739, 0.204684540629, 1.9048678875, 1.6977956295, 2.59797096252, 1.63434100151, 1.34885275364, 1.38779807091, 4.1186542511, 3.64831638336, 3.46356916428, 4.70456504822, 3.97131633759, 4.70073699951, 3.19717931747, 2.1156938076, 3.28807091713, 1.21852362156, 1.15435922146, 0.811530351639, 1.51705980301, 2.49205756187, 2.94146895409, 3.0333840847, 1.70310091972, 0.825862824917, 0.578165113926, 0.855848133564, 2.47104859352, 2.55275225639, 1.7455136776, 0.5687494874, 0.395129323006, 0.163887679577, 0.02096192725, 0.00191003270447, 0.000101972305856, 1.77635465661e-05, 2.22468552238e-05],
        "min": [9.887455235e-05, 0.00115398899652, 0.01862186566, 0.034404233098, 0.0298901163042, 0.0201865043491, 0.00923203118145, 0.0242911577225, 0.0423491895199, 0.0713939666748, 0.0629662573338, 0.117926061153, 0.0411255508661, 0.045597422868, 0.0339414589107, 0.0466767475009, 0.0452684499323, 0.0461044050753, 0.0722091346979, 0.0408224537969, 0.0190332252532, 0.0212972890586, 0.0185160655528, 0.0197328273207, 0.0220839660615, 0.0145156076178, 0.0131595544517, 0.0110008306801, 0.00674374820665, 0.00611484888941, 0.0034622841049, 0.00252839899622, 0.000550732889678, 5.129001147e-05, 3.08712733386e-05, 3.91581170334e-06, 8.64332491801e-07, 1.71191672393e-07, 4.80605706343e-07, 9.8556949979e-07],
        "var": [0.170879006386, 1.85551786423, 16.1716384888, 14.7792634964, 6.60036087036, 55.2504348755, 50.8671989441, 144.180908203, 886.325500488, 11217.6113281, 1665.42773438, 2274.22607422, 599.531494141, 377.382141113, 405.654785156, 826.918823242, 446.077392578, 385.991149902, 506.084411621, 395.47479248, 940.755981445, 1650.86218262, 2237.79150391, 4298.58544922, 4021.74853516, 6353.23339844, 7662.13525391, 6605.23876953, 3711.40600586, 5399.97509766, 1649.36413574, 597.421325684, 206.607498169, 33.8841819763, 3.74801826477, 0.158268108964, 0.00869027897716, 8.56898768689e-05, 6.18267392838e-08, 1.89135396234e-09]
    },
    "gfcc": {
        "mean": [-42.2376365662, 82.3533172607, -111.036567688, 42.8684120178, -81.1454620361, 27.3799762726, -43.1079559326, 14.1306037903, -24.36759758, -8.52875423431, -7.73247385025, -11.2669696808, -16.9108734131],
        "cov": [[3950.546875, -1383.71801758, -181.970611572, 380.418273926, -159.284362793, -272.395385742, -118.079322815, 368.882293701, 117.301551819, 269.049865723, 222.335784912, 490.357788086, -20.8922214508], [-1383.71801758, 1573.80029297, 27.2901630402, -332.785491943, 67.5193710327, -129.030288696, 116.424957275, -62.5723495483, 65.924079895, -147.234893799, 218.017486572, -186.522521973, 121.895195007], [-181.970611572, 27.2901630402, 926.892883301, 348.672485352, 174.710067749, 212.639007568, 32.5699386597, 43.962928772, 152.948791504, 177.065444946, 14.358622551, 183.275772095, 67.2733459473], [380.418273926, -332.785491943, 348.672485352, 712.10546875, 251.991165161, -37.637714386, 2.1679649353, 15.6811161041, 134.388626099, 169.934738159, 16.9780445099, 125.223869324, 107.243301392], [-159.284362793, 67.5193710327, 174.710067749, 251.991165161, 445.684844971, 119.324508667, 73.4353637695, 31.8413410187, 69.5481262207, 108.262939453, -51.2637863159, 57.5971107483, 87.0230560303], [-272.395385742, -129.030288696, 212.639007568, -37.637714386, 119.324508667, 517.093566895, 214.131378174, -9.48393249512, 56.1000862122, 9.19425296783, -86.9744720459, 53.580696106, 13.9348545074], [-118.079322815, 116.424957275, 32.5699386597, 2.1679649353, 73.4353637695, 214.131378174, 352.648498535, 14.1898517609, 26.0375213623, 46.2528381348, -24.9613132477, -6.54147768021, 42.3593978882], [368.882293701, -62.5723495483, 43.962928772, 15.6811161041, 31.8413410187, -9.48393249512, 14.1898517609, 245.752151489, 68.7210083008, 15.5720148087, 95.0478668213, 59.988445282, 1.7584758997], [117.301551819, 65.924079895, 152.948791504, 134.388626099, 69.5481262207, 56.1000862122, 26.0375213623, 68.7210083008, 234.383132935, 68.6572875977, 75.3071212769, 57.189743042, 36.5879211426], [269.049865723, -147.234893799, 177.065444946, 169.934738159, 108.262939453, 9.19425296783, 46.2528381348, 15.5720148087, 68.6572875977, 236.336486816, -18.0191040039, 72.6119918823, 24.4851608276], [222.335784912, 218.017486572, 14.358622551, 16.9780445099, -51.2637863159, -86.9744720459, -24.9613132477, 95.0478668213, 75.3071212769, -18.0191040039, 255.722045898, 35.705657959, 17.3970108032], [490.357788086, -186.522521973, 183.275772095, 125.223869324, 57.5971107483, 53.580696106, -6.54147768021, 59.988445282, 57.189743042, 72.6119918823, 35.705657959, 205.654388428, 18.0195732117], [-20.8922214508, 121.895195007, 67.2733459473, 107.243301392, 87.0230560303, 13.9348545074, 42.3593978882, 1.7584758997, 36.5879211426, 24.4851608276, 17.3970108032, 18.0195732117, 117.684898376]],
        "icov": [[0.000934533542022, 0.000991465407424, 0.000324155320413, 0.00040473692934, 8.732319111e-05, 0.000903243781067, -0.0005312244175, -0.000289596995572, -0.00036729144631, -0.000320674036629, -0.000956989242695, -0.00160293257795, -0.000823331880383], [0.000991465407424, 0.00402333308011, -0.0014056522632, 0.00352768739685, -0.00228731660172, 0.00363423349336, -0.00262292241678, 0.00201646378264, -0.00207422208041, 0.0017555821687, -0.00375161343254, 0.000321754981996, -0.0034424806945], [0.000324155320413, -0.0014056522632, 0.00295862718485, -0.00229003280401, 0.00158320588525, -0.00222748541273, 0.00155389669817, -0.00151233992074, 0.000655781535897, -0.00213217665441, 0.00110105040949, -0.00236247619614, 0.000904099724721], [0.00040473692934, 0.00352768739685, -0.00229003280401, 0.00601274240762, -0.00341479806229, 0.00411691050977, -0.0024924739264, 0.00277265720069, -0.00265853572637, 0.00157784856856, -0.00311724888161, 0.000684129539877, -0.00400458602235], [8.732319111e-05, -0.00228731660172, 0.00158320588525, -0.00341479806229, 0.0055322512053, -0.00294783874415, 0.00179998914246, -0.00267798197456, 0.00133654486854, -0.00255770306103, 0.00292056566104, -0.00154736032709, 0.000163563643582], [0.000903243781067, 0.00363423349336, -0.00222748541273, 0.00411691050977, -0.00294783874415, 0.00727755762637, -0.0046710036695, 0.00234508048743, -0.00304117449559, 0.00302901910618, -0.00207504048012, -0.000939766003285, -0.00235197739676], [-0.0005312244175, -0.00262292241678, 0.00155389669817, -0.0024924739264, 0.00179998914246, -0.0046710036695, 0.00624762615189, -0.00204097153619, 0.00180701783393, -0.002742304001, 0.00206817081198, 0.000579541374464, 0.000623603060376], [-0.000289596995572, 0.00201646378264, -0.00151233992074, 0.00277265720069, -0.00267798197456, 0.00234508048743, -0.00204097153619, 0.0073455912061, -0.00224260007963, 0.00203349231742, -0.003473759396, 0.000688517815433, -0.000792483100668], [-0.00036729144631, -0.00207422208041, 0.000655781535897, -0.00265853572637, 0.00133654486854, -0.00304117449559, 0.00180701783393, -0.00224260007963, 0.00747327134013, -0.00237516639754, 5.5356802477e-05, -0.000185031356523, 0.00107678351924], [-0.000320674036629, 0.0017555821687, -0.00213217665441, 0.00157784856856, -0.00255770306103, 0.00302901910618, -0.002742304001, 0.00203349231742, -0.00237516639754, 0.00818818528205, -0.000455395434983, 0.000441525509814, -0.000570465577766], [-0.000956989242695, -0.00375161343254, 0.00110105040949, -0.00311724888161, 0.00292056566104, -0.00207504048012, 0.00206817081198, -0.003473759396, 5.5356802477e-05, -0.000455395434983, 0.00941372662783, -0.00108152674511, 0.00217229756527], [-0.00160293257795, 0.000321754981996, -0.00236247619614, 0.000684129539877, -0.00154736032709, -0.000939766003285, 0.000579541374464, 0.000688517815433, -0.000185031356523, 0.000441525509814, -0.00108152674511, 0.011284314096, -0.000456457783002], [-0.000823331880383, -0.0034424806945, 0.000904099724721, -0.00400458602235, 0.000163563643582, -0.00235197739676, 0.000623603060376, -0.000792483100668, 0.00107678351924, -0.000570465577766, 0.00217229756527, -0.000456457783002, 0.0145268170163]]
    },
    "melbands": {
        "dmean": [0.000487557932502, 0.000499238958582, 0.00025288402685, 0.00016178630176, 0.000143838697113, 0.000145148238516, 0.00021454092348, 0.000408248830354, 0.000121155797387, 7.96835593064e-05, 3.49969996023e-05, 2.90009429591e-05, 2.90813150059e-05, 2.26953488891e-05, 1.93671767192e-05, 1.51549756993e-05, 1.31573551698e-05, 1.08357526187e-05, 9.43156919675e-06, 5.99253007749e-06, 1.04226419353e-05, 1.22660530906e-05, 1.576905197e-05, 1.05539511424e-05, 1.63797412824e-05, 1.53195724124e-05, 1.10291766759e-05, 1.22098726933e-05, 1.40744396049e-05, 9.03102227312e-06, 1.22260180433e-05, 8.45444628794e-06, 8.58969542605e-06, 9.33095361688e-06, 7.10376752977e-06, 4.64036247649e-06, 4.74045964438e-06, 2.72038823823e-06, 1.98788552552e-06, 1.29542968352e-06],
        "dmean2": [0.000720387441106, 0.000885603483766, 0.000442286866019, 0.000254686456174, 0.000234157312661, 0.000230921301409, 0.00035537238, 0.000581709493417, 0.000185235971003, 0.00012419927225, 5.33142410859e-05, 4.29299652751e-05, 4.19161733589e-05, 3.49577530869e-05, 2.86368467641e-05, 2.09364698094e-05, 1.91650888155e-05, 1.56613659783e-05, 1.50381374624e-05, 8.84823930392e-06, 1.54231802298e-05, 1.80792048923e-05, 2.41529942286e-05, 1.48310546138e-05, 2.39012006205e-05, 2.3316608349e-05, 1.57767408382e-05, 1.75906861841e-05, 2.05782962439e-05, 1.31436954689e-05, 1.88189678738e-05, 1.26123786686e-05, 1.33635248858e-05, 1.55682428158e-05, 1.17837944345e-05, 7.44728367863e-06, 7.7416352724e-06, 4.24914333053e-06, 3.13741475111e-06, 2.05507330975e-06],
        "dvar": [1.83613667559e-06, 4.13848692915e-06, 4.78298829876e-07, 9.59088239938e-08, 6.93342911973e-08, 7.94827670347e-08, 2.11861689081e-07, 6.57866337406e-07, 8.96295730968e-08, 7.69481331986e-08, 7.69159758107e-09, 4.21848600496e-09, 3.48089601587e-09, 3.23455284779e-09, 2.70005062752e-09, 9.93282123218e-10, 1.2090930479e-09, 8.85583328891e-10, 9.88590209694e-10, 4.03373251467e-10, 1.21116672247e-09, 9.82192660537e-10, 2.72330158424e-09, 9.19124998333e-10, 2.41482700503e-09, 2.29681385022e-09, 1.39956746192e-09, 2.30457875006e-09, 3.42387806995e-09, 1.30463639891e-09, 2.79492562427e-09, 1.05100672609e-09, 1.06717146231e-09, 1.18508569624e-09, 6.75214884005e-10, 1.58833085573e-10, 2.03946845523e-10, 6.3726177113e-11, 3.7022947208e-11, 1.42831796737e-11],
        "dvar2": [4.62955995317e-06, 1.18656562336e-05, 1.33491664656e-06, 2.23499512231e-07, 1.76145675823e-07, 1.96266341845e-07, 5.23767937466e-07, 1.1994795841e-06, 2.0664030842e-07, 1.91784465642e-07, 1.76654282313e-08, 9.51048217956e-09, 7.66935404073e-09, 6.37905062106e-09, 5.77681991132e-09, 1.80061210386e-09, 2.70223354804e-09, 1.65224678383e-09, 2.49746001657e-09, 8.9787427493e-10, 2.52115173183e-09, 1.79755088592e-09, 6.66326727128e-09, 1.73335001907e-09, 4.84073003904e-09, 5.39335021088e-09, 2.69611355463e-09, 4.24177670766e-09, 6.49609388503e-09, 2.45692244327e-09, 6.5740959343e-09, 2.24230345403e-09, 2.36870523196e-09, 2.80217871129e-09, 1.81460835247e-09, 4.07804012781e-10, 5.22528575964e-10, 1.26664012612e-10, 7.56909326882e-11, 3.38162796376e-11],
        "max": [0.0153269805014, 0.0181658565998, 0.00625185621902, 0.00332272145897, 0.00212383340113, 0.00215266644955, 0.00597257027403, 0.00636736676097, 0.00384637853131, 0.00358482520096, 0.001273219008, 0.000995845068246, 0.000683545426, 0.00113371992484, 0.000900794635527, 0.000432280299719, 0.000440815318143, 0.000324488762999, 0.000425674574217, 0.000217585853534, 0.000381425605156, 0.000330202252371, 0.000564828282222, 0.000365919055184, 0.00066600763239, 0.00065260293195, 0.000582122826017, 0.000540736946277, 0.000667057873216, 0.000355522555765, 0.000649769150186, 0.00053198391106, 0.000659042852931, 0.000813265796751, 0.000593703181949, 0.000178159360075, 0.000277127342997, 0.000186651071999, 0.000134864909342, 6.67653075652e-05],
        "mean": [0.00192489975598, 0.000622107763775, 0.000492627150379, 0.00025254371576, 0.000173055639607, 0.000150843974552, 0.000241270216065, 0.000497453263961, 0.000137420909596, 0.000102382029581, 6.43682651571e-05, 4.07431762142e-05, 4.44700162916e-05, 3.86218562198e-05, 2.42712176259e-05, 2.08819092222e-05, 1.61427979037e-05, 1.30068165163e-05, 1.06498637251e-05, 7.37263781048e-06, 1.17655790746e-05, 1.53915589181e-05, 1.59930168593e-05, 1.31682027131e-05, 1.93889045477e-05, 1.72501113411e-05, 1.35757318276e-05, 1.29617574203e-05, 1.3856755686e-05, 9.13282747206e-06, 1.04191576611e-05, 8.51138611324e-06, 9.69566190179e-06, 1.07897203634e-05, 7.86117652751e-06, 5.18811521033e-06, 5.50992172066e-06, 2.82668406726e-06, 2.00151066565e-06, 1.39290182233e-06],
        "median": [2.62054199993e-05, 7.77761160862e-05, 0.000333714677254, 0.000142553311889, 8.21875946713e-05, 2.85774331132e-05, 2.43539907387e-05, 4.43426615675e-05, 2.40509907599e-05, 2.31829053519e-05, 2.19318462769e-05, 1.3666727682e-05, 1.70042640093e-05, 9.22541130421e-06, 4.36541358795e-06, 5.62926015846e-06, 5.10810650667e-06, 1.50815128563e-06, 1.76439107236e-06, 1.06135769329e-06, 8.84518101429e-07, 1.37034498948e-06, 1.93191385733e-06, 2.1504383767e-06, 2.1958094294e-06, 2.20279775931e-06, 1.67916823557e-06, 8.82847871253e-07, 4.61063905277e-07, 3.6057735997e-07, 2.71919248007e-07, 2.99484042898e-07, 8.2902511167e-07, 1.49078618961e-06, 1.30045236801e-06, 1.07775076685e-06, 8.93272385838e-07, 3.72967292606e-07, 2.42623087843e-07, 3.20294276435e-07],
        "min": [1.38530538152e-06, 4.28559815191e-06, 3.94216658606e-06, 1.80708434527e-06, 1.56599753609e-07, 5.12716269441e-07, 4.39967948296e-07, 3.21898880884e-07, 3.13102162863e-07, 3.37854601185e-07, 1.8134902291e-07, 5.04004695756e-08, 7.85385623203e-08, 8.65939711048e-08, 1.67022609077e-08, 6.53315623822e-08, 8.54081747548e-08, 7.12682535209e-08, 2.68602899922e-08, 3.23647171285e-08, 1.85996213986e-08, 1.59870303662e-08, 1.66051687955e-08, 1.59970863223e-08, 1.4110745461e-08, 9.03898023097e-09, 1.12656453055e-08, 8.18261813862e-09, 5.35693223114e-09, 4.77337191995e-09, 2.0896921693e-10, 2.52342435142e-11, 2.16648698981e-09, 3.16803983047e-09, 4.44685566148e-10, 1.11297460137e-09, 3.69799302291e-10, 2.2907075542e-11, 1.92918649805e-11, 1.75665402363e-11],
