{
"highlevel": {
    "danceability": {
        "all": {
            "danceable": 0.0710178166628,
            "not_danceable": 0.928982198238
        },
        "probability": 0.928982198238,
        "value": "not_danceable"
    },
    "gender": {
        "all": {
            "female": 0.113776169717,
            "male": 0.886223852634
        },
        "probability": 0.886223852634,
        "value": "male"
    },
    "genre_dortmund": {
        "all": {
            "alternative": 0.249464467168,
            "blues": 0.0242642536759,
            "electronic": 0.0459222830832,
            "folkcountry": 0.0303161274642,
            "funksoulrnb": 0.00259862374514,
            "jazz": 0.010193105787,
            "pop": 0.0158552918583,
            "raphiphop": 0.00197212328203,
            "rock": 0.619413733482
        },
        "probability": 0.619413733482,
        "value": "rock"
    },
    "genre_electronic": {
        "all": {
            "ambient": 0.237280607224,
            "dnb": 0.252752035856,
            "house": 0.021542545408,
            "techno": 0.0202170312405,
            "trance": 0.468207776546
        },
        "probability": 0.468207776546,
        "value": "trance"
    },
    "genre_rosamerica": {
        "all": {
            "cla": 0.00258553726599,
            "dan": 0.0100312186405,
            "hip": 0.00741824647412,
            "jaz": 0.00566653069109,
            "pop": 0.0233417898417,
            "rhy": 0.00310608488508,
            "roc": 0.947375774384,
            "spe": 0.00047481447109
        },
        "probability": 0.947375774384,
        "value": "roc"
    },
    "genre_tzanetakis": {
        "all": {
            "blu": 0.0626541376114,
            "cla": 0.0348133966327,
            "cou": 0.0783501937985,
            "dis": 0.104547761381,
            "hip": 0.15693578124,
            "jaz": 0.313987255096,
            "met": 0.044816005975,
            "pop": 0.0627349764109,
            "reg": 0.0627352520823,
            "roc": 0.0784252434969
        },
        "probability": 0.313987255096,
        "value": "jaz"
    },
    "ismir04_rhythm": {
        "all": {
            "ChaChaCha": 0.443459123373,
            "Jive": 0.316562145948,
            "Quickstep": 0.0428098738194,
            "Rumba-American": 0.00714218337089,
            "Rumba-International": 0.00695623503998,
            "Rumba-Misc": 0.00165252340958,
            "Samba": 0.0936720222235,
            "Tango": 0.0227667037398,
            "VienneseWaltz": 0.0611704215407,
            "Waltz": 0.00380879198201
        },
        "probability": 0.443459123373,
        "value": "ChaChaCha"
    },
    "mood_acoustic": {
        "all": {
            "acoustic": 0.00622662669048,
            "not_acoustic": 0.993773400784
        },
        "probability": 0.993773400784,
        "value": "not_acoustic"
    },
    "mood_aggressive": {
        "all": {
            "aggressive": 0.956526279449,
            "not_aggressive": 0.0434737242758
        },
        "probability": 0.956526279449,
        "value": "aggressive"
    },
    "mood_electronic": {
        "all": {
            "electronic": 0.592797219753,
            "not_electronic": 0.407202780247
        },
        "probability": 0.592797219753,
        "value": "electronic"
    },
    "mood_happy": {
        "all": {
            "happy": 0.511161804199,
            "not_happy": 0.488838165998
        },
        "probability": 0.511161804199,
        "value": "happy"
    },
    "mood_party": {
        "all": {
            "not_party": 0.185684680939,
            "party": 0.814315319061
        },
        "probability": 0.814315319061,
        "value": "party"
    },
    "mood_relaxed": {
        "all": {
            "not_relaxed": 0.892355799675,
            "relaxed": 0.107644215226
        },
        "probability": 0.892355799675,
        "value": "not_relaxed"
    },
    "mood_sad": {
        "all": {
            "not_sad": 0.922866463661,
            "sad": 0.0771335288882
        },
        "probability": 0.922866463661,
        "value": "not_sad"
    },
    "moods_mirex": {
        "all": {
            "Cluster1": 0.496604382992,
            "Cluster2": 0.0476717837155,
            "Cluster3": 0.0142190251499,
            "Cluster4": 0.0379888676107,
            "Cluster5": 0.403515934944
        },
        "probability": 0.496604382992,
        "value": "Cluster1"
    },
    "timbre": {
        "all": {
            "bright": 0.811071872711,
            "dark": 0.188928127289
        },
        "probability": 0.811071872711,
        "value": "bright"
    },
    "tonal_atonal": {
        "all": {
            "atonal": 0.165196567774,
            "tonal": 0.834803402424
        },
        "probability": 0.834803402424,
        "value": "tonal"
    },
    "voice_instrumental": {
        "all": {
            "instrumental": 0.0190940238535,
            "voice": 0.980905950069
        },
        "probability": 0.980905950069,
        "value": "voice"
    }
},
"lowlevel": {
    "average_loudness": 0.983363509178,
    "barkbands_crest": {
        "dmean": 2.48890447617,
        "dmean2": 4.01628160477,
        "dvar": 6.54908370972,
        "dvar2": 17.1556606293,
        "max": 22.6260681152,
        "mean": 10.0393981934,
        "median": 9.23464012146,
        "min": 2.64393281937,
        "var": 18.3776912689
    },
    "barkbands_flatness_db": {
        "dmean": 0.0171980336308,
        "dmean2": 0.0276478175074,
        "dvar": 0.000295402336633,
        "dvar2": 0.000812509621028,
        "max": 0.217504024506,
        "mean": 0.119289591908,
        "median": 0.115115210414,
        "min": 0.0615763813257,
        "var": 0.000707974191755
    },
    "barkbands_kurtosis": {
        "dmean": 1.18183219433,
        "dmean2": 1.97984671593,
        "dvar": 3.89164423943,
        "dvar2": 10.9238481522,
        "max": 16.8563976288,
        "mean": 0.426058381796,
        "median": -0.300887823105,
        "min": -1.7521572113,
        "var": 5.12356233597
    },
    "barkbands_skewness": {
        "dmean": 0.429980963469,
        "dmean2": 0.682413518429,
        "dvar": 0.217875361443,
        "dvar2": 0.585534155369,
        "max": 4.15610170364,
        "mean": 1.01856398582,
        "median": 0.941996216774,
        "min": -1.04823446274,
        "var": 0.614958763123
    },
    "barkbands_spread": {
        "dmean": 5.18280649185,
        "dmean2": 8.33268451691,
        "dvar": 25.5299949646,
        "dvar2": 66.8100357056,
        "max": 67.351852417,
        "mean": 35.2742996216,
        "median": 35.548374176,
        "min": 10.7659845352,
        "var": 80.5104675293
    },
    "dissonance": {
        "dmean": 0.00818852800876,
        "dmean2": 0.0140294339508,
        "dvar": 7.63614152675e-05,
        "dvar2": 0.000223297101911,
        "max": 0.499991238117,
        "mean": 0.487690776587,
        "median": 0.491312474012,
        "min": 0.42264342308,
        "var": 0.000122309982544
    },
    "dynamic_complexity": 1.3245382309,
    "erbbands_crest": {
        "dmean": 1.99464571476,
        "dmean2": 3.29329586029,
        "dvar": 3.38462615013,
        "dvar2": 9.35700130463,
        "max": 20.7429962158,
        "mean": 7.1077132225,
        "median": 6.4972782135,
        "min": 2.64794707298,
        "var": 8.21779823303
    },
    "erbbands_flatness_db": {
        "dmean": 0.0104939462617,
        "dmean2": 0.0167224537581,
        "dvar": 7.89683908806e-05,
        "dvar2": 0.000195550994249,
        "max": 0.201076894999,
        "mean": 0.137906044722,
        "median": 0.136932745576,
        "min": 0.0889615640044,
        "var": 0.000376899348339
    },
    "erbbands_kurtosis": {
        "dmean": 0.620013594627,
        "dmean2": 0.980649828911,
        "dvar": 0.379361152649,
        "dvar2": 0.921770989895,
        "max": 8.01982975006,
        "mean": 0.759395003319,
        "median": 0.548178195953,
        "min": -1.43140995502,
        "var": 1.34093165398
    },
    "erbbands_skewness": {
        "dmean": 0.246921882033,
        "dmean2": 0.379598736763,
        "dvar": 0.0429565906525,
        "dvar2": 0.103747747838,
        "max": 1.21033072472,
        "mean": -0.473893672228,
        "median": -0.493085712194,
        "min": -2.32843875885,
        "var": 0.330865979195
    },
    "erbbands_spread": {
        "dmean": 5.7405371666,
        "dmean2": 9.16331863403,
        "dvar": 28.8752593994,
        "dvar2": 72.9072952271,
        "max": 80.2189407349,
        "mean": 34.8466720581,
        "median": 33.5654525757,
        "min": 13.1949977875,
        "var": 116.657348633
    },
    "hfc": {
        "dmean": 4.82057189941,
        "dmean2": 7.42027759552,
        "dvar": 27.8285655975,
        "dvar2": 56.4295539856,
        "max": 69.9551239014,
        "mean": 28.6863555908,
        "median": 26.8134918213,
        "min": 2.25511527061,
        "var": 160.552597046
    },
    "melbands_crest": {
        "dmean": 2.64742398262,
        "dmean2": 4.19104099274,
        "dvar": 5.88017702103,
        "dvar2": 14.9546289444,
        "max": 26.5808925629,
        "mean": 14.7620811462,
        "median": 14.8825521469,
        "min": 4.10989665985,
        "var": 16.6462631226
    },
    "melbands_flatness_db": {
        "dmean": 0.0227151159197,
        "dmean2": 0.0346838161349,
        "dvar": 0.000572211982217,
        "dvar2": 0.00147789448965,
        "max": 0.289954632521,
        "mean": 0.15680359304,
        "median": 0.155890852213,
        "min": 0.0461352355778,
        "var": 0.00176015309989
    },
    "melbands_kurtosis": {
        "dmean": 4.76365375519,
        "dmean2": 7.87665605545,
        "dvar": 55.1540489197,
        "dvar2": 152.964797974,
        "max": 72.6276321411,
        "mean": 8.17474079132,
        "median": 4.98479747772,
        "min": -1.4180675745,
        "var": 90.4339447021
    },
    "melbands_skewness": {
        "dmean": 0.683653056622,
        "dmean2": 1.09077000618,
        "dvar": 0.574267745018,
        "dvar2": 1.53469979763,
        "max": 7.9361538887,
        "mean": 2.52857851982,
        "median": 2.26067018509,
        "min": -0.01149114687,
        "var": 1.60519385338
    },
    "melbands_spread": {
        "dmean": 8.4454126358,
        "dmean2": 13.0667285919,
        "dvar": 77.9604263306,
        "dvar2": 193.727096558,
        "max": 108.634994507,
        "mean": 35.654964447,
        "median": 32.5431938171,
        "min": 5.4080491066,
        "var": 321.584075928
    },
    "pitch_salience": {
        "dmean": 0.0691284090281,
        "dmean2": 0.113108448684,
        "dvar": 0.0043348101899,
        "dvar2": 0.011719497852,
        "max": 0.801347017288,
        "mean": 0.514766156673,
        "median": 0.511511623859,
        "min": 0.166806414723,
        "var": 0.0103142773733
    },
    "silence_rate_20dB": {
        "dmean": 0,
        "dmean2": 0,
        "dvar": 0,
        "dvar2": 0,
        "max": 1,
        "mean": 1,
        "median": 1,
        "min": 1,
        "var": 0
    },
    "silence_rate_30dB": {
        "dmean": 0,
        "dmean2": 0,
        "dvar": 0,
        "dvar2": 0,
        "max": 1,
        "mean": 1,
        "median": 1,
        "min": 1,
        "var": 0
    },
    "silence_rate_60dB": {
        "dmean": 0.00232198135927,
        "dmean2": 0.00387296662666,
        "dvar": 0.0023165892344,
        "dvar2": 0.00540715036914,
        "max": 1,
        "mean": 0.00154679035768,
        "median": 0,
        "min": 0,
        "var": 0.00154439778998
    },
    "spectral_centroid": {
        "dmean": 205.373596191,
        "dmean2": 325.396820068,
        "dvar": 30552.5761719,
        "dvar2": 78089.21875,
        "max": 3539.16870117,
        "mean": 2056.03466797,
        "median": 2052.07617188,
        "min": 730.020568848,
        "var": 181616.796875
    },
    "spectral_complexity": {
        "dmean": 3.90015482903,
        "dmean2": 6.09837341309,
        "dvar": 10.2446708679,
        "dvar2": 23.6796951294,
        "max": 57,
        "mean": 33.1144638062,
        "median": 33,
        "min": 8,
        "var": 50.9180679321
    },
    "spectral_decrease": {
        "dmean": 2.19084550501e-09,
        "dmean2": 3.60098328933e-09,
        "dvar": 7.59189757642e-18,
        "dvar2": 2.08071989132e-17,
        "max": -5.10682607313e-10,
        "mean": -7.9352124871e-09,
        "median": -7.70600738775e-09,
        "min": -2.47876439374e-08,
        "var": 1.02242344397e-17
    },
    "spectral_energy": {
        "dmean": 0.00848099589348,
        "dmean2": 0.0139218103141,
        "dvar": 0.000110121240141,
        "dvar2": 0.000301270309137,
        "max": 0.0957056730986,
        "mean": 0.0325512886047,
        "median": 0.031601049006,
        "min": 0.00213200110011,
        "var": 0.000154011358973
    },
    "spectral_energyband_high": {
        "dmean": 0.000278869993053,
        "dmean2": 0.000404949998483,
        "dvar": 9.19476121908e-08,
        "dvar2": 1.74212061665e-07,
        "max": 0.00464475760236,
        "mean": 0.00124920101371,
        "median": 0.00108304538298,
        "min": 2.22319922614e-05,
        "var": 4.91429318572e-07
    },
    "spectral_energyband_low": {
        "dmean": 0.00729601457715,
        "dmean2": 0.0120372036472,
        "dvar": 0.000109906977741,
        "dvar2": 0.000301341380691,
        "max": 0.0882674381137,
        "mean": 0.016854096204,
        "median": 0.0155159151182,
        "min": 0.00018456520047,
        "var": 0.000136512113386
    },
    "spectral_energyband_middle_high": {
        "dmean": 0.00215874239802,
        "dmean2": 0.00342652900144,
        "dvar": 5.21565789313e-06,
        "dvar2": 1.22786059364e-05,
        "max": 0.0267737898976,
        "mean": 0.00938811991364,
        "median": 0.00926061626524,
        "min": 0.000868055969477,
        "var": 2.37047970586e-05
    },
    "spectral_energyband_middle_low": {
        "dmean": 0.00264611211605,
        "dmean2": 0.00413840869442,
        "dvar": 1.49741117639e-05,
        "dvar2": 3.74087285309e-05,
        "max": 0.0369789078832,
        "mean": 0.00647681159899,
        "median": 0.00507412524894,
        "min": 0.000504385505337,
        "var": 2.37965832639e-05
    },
    "spectral_entropy": {
        "dmean": 0.0623403675854,
        "dmean2": 0.0974068939686,
        "dvar": 0.00284353946336,
        "dvar2": 0.00665469281375,
        "max": 8.25267601013,
        "mean": 7.92250204086,
        "median": 7.92530250549,
        "min": 7.48069190979,
        "var": 0.0165398791432
    },
    "spectral_flux": {
        "dmean": 0.021604264155,
        "dmean2": 0.032373610884,
        "dvar": 0.000515181571245,
        "dvar2": 0.00102004141081,
        "max": 0.233765482903,
        "mean": 0.0906587615609,
        "median": 0.0848179906607,
        "min": 0.0122889624909,
        "var": 0.00115729449317
    },
    "spectral_kurtosis": {
        "dmean": 0.877417683601,
        "dmean2": 1.5333455801,
        "dvar": 0.674455523491,
        "dvar2": 1.87747275829,
        "max": 14.6809368134,
        "mean": 2.96539235115,
        "median": 2.81536054611,
        "min": 0.335154056549,
        "var": 1.23695230484
    },
    "spectral_rms": {
        "dmean": 0.000697335170116,
        "dmean2": 0.00111754389945,
        "dvar": 5.98992130563e-07,
        "dvar2": 1.62873527643e-06,
        "max": 0.0096628870815,
        "mean": 0.00551962014288,
        "median": 0.00555250328034,
        "min": 0.00144222087692,
        "var": 1.2911586964e-06
    },
    "spectral_rolloff": {
        "dmean": 458.964385986,
        "dmean2": 757.065551758,
        "dvar": 255667.890625,
        "dvar2": 627652.9375,
        "max": 5943.1640625,
        "mean": 1919.86755371,
        "median": 1808.7890625,
        "min": 107.666015625,
        "var": 973524.9375
    },
    "spectral_skewness": {
        "dmean": 0.128776013851,
        "dmean2": 0.219212129712,
        "dvar": 0.0134827680886,
        "dvar2": 0.0314505174756,
        "max": 3.39037251472,
        "mean": 1.15109860897,
        "median": 1.14837002754,
        "min": 0.49502274394,
        "var": 0.0371704176068
    },
    "spectral_spread": {
        "dmean": 270124.1875,
        "dmean2": 406586.28125,
        "dvar": 70911451136,
        "dvar2": 130913452032,
        "max": 8735705,
        "mean": 4083881.5,
        "median": 4015167.25,
        "min": 2656682.75,
        "var": 346095878144
    },
    "spectral_strongpeak": {
        "dmean": 0.436394274235,
        "dmean2": 0.789129912853,
        "dvar": 1.07551670074,
        "dvar2": 2.86863017082,
        "max": 8.73038101196,
        "mean": 0.638195157051,
        "median": 0.406729340553,
        "min": 0.0370508171618,
        "var": 1.02319765091
    },
    "zerocrossingrate": {
        "dmean": 0.00861370470375,
        "dmean2": 0.0101423319429,
        "dvar": 4.81885908812e-05,
        "dvar2": 6.9609763159e-05,
        "max": 0.1708984375,
        "mean": 0.070243395865,
        "median": 0.0654296875,
        "min": 0.02294921875,
        "var": 0.000566340400837
    },
    "barkbands": {
        "dmean": [4.9891485105e-05, 0.00540872197598, 0.00275145936757, 0.00145104795229, 0.00116017065011, 0.000292128330329, 0.000218358152779, 0.000437234819401, 0.000369950052118, 0.000542946509086, 0.000466862693429, 0.000834128528368, 0.000333164585754, 0.000633668736555, 0.000426653423347, 0.0003927674843, 0.000479849724798, 0.000318785692798, 0.000284795823973, 0.000192731618881, 0.000133724650368, 9.18898149393e-05, 6.98239382473e-05, 3.90574896301e-05, 1.75646800926e-05, 8.38715641294e-06, 1.54873558422e-09],
        "dmean2": [8.45199683681e-05, 0.00893521308899, 0.00451833195984, 0.00239702058025, 0.00186321535148, 0.000461643736344, 0.00037026652717, 0.000696438073646, 0.000600610510446, 0.000887654547114, 0.000774121901486, 0.00138795317616, 0.000557598890737, 0.00102468277328, 0.000696344592143, 0.000618907273747, 0.000784614880104, 0.000521721492987, 0.000456404202851, 0.000305773399305, 0.000213709150557, 0.000146228921949, 0.000108549029392, 5.75211524847e-05, 2.60847136815e-05, 1.33096227728e-05, 2.77291101192e-09],
        "dvar": [4.76392569837e-09, 7.18206574675e-05, 1.37035367516e-05, 4.04857883041e-06, 3.66226595361e-06, 2.98135148569e-07, 2.66695394657e-07, 6.31209161384e-07, 5.21809397469e-07, 8.02568195013e-07, 7.33143451725e-07, 1.8327223188e-06, 2.71606808155e-07, 8.33098852127e-07, 4.10142632745e-07, 4.26234976203e-07, 3.88313310395e-07, 1.45613185509e-07, 1.32279112108e-07, 7.54765991928e-08, 1.97573157834e-08, 1.12645608397e-08, 5.36015898334e-09, 1.93421678674e-09, 4.5911280333e-10, 1.46422513003e-10, 1.08431665428e-17],
        "dvar2": [1.31478090637e-08, 0.000195533546503, 3.6272824218e-05, 1.10911078082e-05, 8.71019074111e-06, 6.6326350634e-07, 6.94382208621e-07, 1.53071039222e-06, 1.3529198668e-06, 2.15063960241e-06, 1.94821905097e-06, 4.84381325805e-06, 6.87424460466e-07, 2.1139733235e-06, 1.00013380688e-06, 9.67035589383e-07, 9.25232825466e-07, 3.61435837704e-07, 2.96807257882e-07, 1.54033955369e-07, 4.58622473332e-08, 2.6607464676e-08, 1.24028094461e-08, 4.02936928268e-09, 9.4720176147e-10, 3.17802284489e-10, 1.69348852244e-17],
        "max": [0.000703828409314, 0.071792088449, 0.0329112112522, 0.0208869799972, 0.0186258982867, 0.00891088787466, 0.00769811822101, 0.00975475553423, 0.0114020872861, 0.0128406528383, 0.0140879247338, 0.0151830110699, 0.00570715917274, 0.00993899255991, 0.00724869128317, 0.00928810425103, 0.00812324415892, 0.00544691458344, 0.0055820136331, 0.00689322641119, 0.00193664769176, 0.00154835788999, 0.00101181655191, 0.000674377253745, 0.000274632417131, 0.00012616685126, 9.4536034112e-08],
        "mean": [5.95999845245e-05, 0.0100854970515, 0.00540952710435, 0.0023908840958, 0.00180999236181, 0.000512238882948, 0.000326598499669, 0.0006312460755, 0.00062102987431, 0.00101011025254, 0.000744353223126, 0.00142850563861, 0.000543658970855, 0.00121419993229, 0.000727505364921, 0.000716723268852, 0.00116020010319, 0.000823921756819, 0.000763133226428, 0.000515760155395, 0.000387728679925, 0.000264972506557, 0.000210079175304, 0.000123071265989, 5.14427047165e-05, 1.93035430129e-05, 1.29381683145e-09],
        "median": [3.42396015185e-05, 0.00707300566137, 0.00341552263126, 0.0017127355095, 0.00104444660246, 0.000299063627608, 0.000151737680426, 0.0003249066649, 0.000424343103077, 0.000545114628039, 0.00043647288112, 0.000609114125837, 0.000333781150403, 0.000618559366558, 0.000383508508094, 0.000444321805844, 0.000752992520574, 0.000607664289419, 0.000514129002113, 0.000316875579301, 0.000317494763294, 0.000225364987273, 0.000171526276972, 9.56967051025e-05, 3.912307875e-05, 1.17756535474e-05, 5.82490000678e-10],
        "min": [2.13609538946e-08, 6.09467952017e-06, 4.48817918368e-05, 1.412187612e-05, 2.29227971431e-05, 3.56005489266e-06, 6.35748119748e-06, 8.06540811027e-06, 1.34409656312e-05, 3.86797037208e-05, 2.46934650932e-05, 1.59507981152e-05, 1.12427551358e-05, 1.67225898622e-05, 9.58958571573e-06, 5.33083994014e-06, 1.10573955681e-05, 2.76948117062e-06, 1.29959880724e-05, 6.1586870288e-06, 6.9028260441e-06, 6.94020627634e-06, 4.24023755841e-06, 1.70821078882e-06, 2.39586995576e-07, 5.67501358406e-11, 7.69309008858e-12],
        "var": [5.31101562729e-09, 9.0927205747e-05, 2.95258523693e-05, 5.4827501117e-06, 5.06049218529e-06, 5.82007373851e-07, 3.17470750133e-07, 9.75628154265e-07, 6.63665218781e-07, 2.18884497372e-06, 1.16631372293e-06, 3.74845853912e-06, 3.99895498049e-07, 2.07583707379e-06, 7.65184609008e-07, 9.26910047383e-07, 1.42701310324e-06, 4.51762048215e-07, 5.38171036624e-07, 4.18591582729e-07, 6.6518801134e-08, 3.1756389518e-08, 1.99213463503e-08, 8.9736671427e-09, 1.75128866964e-09, 4.06854938628e-10, 1.04845945006e-17]
    },
    "erbbands": {
        "dmean": [0.114241324365, 1.37300407887, 3.09620094299, 3.80535674095, 4.77065706253, 3.38467073441, 3.85530161858, 2.31720924377, 3.03381085396, 5.0561709404, 9.09419059753, 8.79137611389, 12.2415466309, 17.2189807892, 25.9315624237, 21.8907241821, 15.1550750732, 19.2111530304, 25.3228588104, 20.8859577179, 23.5926170349, 26.6432151794, 16.2984886169, 14.6868925095, 13.7269163132, 8.28527355194, 5.90457868576, 4.5990691185, 3.46534347534, 2.57464170456, 1.83353972435, 1.01691675186, 0.606644392014, 0.268689364195, 0.108479961753, 0.0471969693899, 0.0167458243668, 0.00189426878933, 3.23760505125e-05, 9.85907536233e-06],
        "dmean2": [0.184868708253, 2.2998020649, 5.17906284332, 6.35645198822, 7.6088309288, 5.84916782379, 6.27451848984, 3.7477209568, 5.07342576981, 8.30355930328, 14.417637825, 14.3525409698, 19.3240184784, 27.9675540924, 43.1831359863, 35.3114318848, 24.7712211609, 31.2841701508, 40.4422492981, 33.9578590393, 36.886505127, 43.9321937561, 27.0528926849, 24.2753219604, 21.8227519989, 13.0354690552, 9.29907226562, 7.44515514374, 5.47811603546, 4.02950239182, 2.86405920982, 1.51033461094, 0.904849171638, 0.40986341238, 0.156993255019, 0.0741834118962, 0.0270105004311, 0.00318508502096, 5.35302933713e-05, 1.61623393069e-05],
        "dvar": [0.0271618254483, 4.77654457092, 19.4146614075, 23.7801532745, 84.7012863159, 27.6261730194, 29.8301239014, 22.7735309601, 56.5061149597, 86.266242981, 288.536743164, 309.820953369, 384.663452148, 1015.2331543, 1559.97937012, 1200.19873047, 501.08215332, 656.40625, 1326.07250977, 1001.10565186, 1421.73254395, 1226.0090332, 452.72543335, 273.107849121, 425.248748779, 141.198013306, 51.3124771118, 24.7175540924, 16.1134967804, 8.8848657608, 3.77807116508, 1.30166649818, 0.506542921066, 0.0998394116759, 0.0194072648883, 0.00415475573391, 0.000564167101402, 8.73441604199e-06, 2.3554758144e-09, 1.34772221161e-10],
        "dvar2": [0.0707998648286, 13.1168699265, 54.1455078125, 66.4737091064, 202.029296875, 74.3447647095, 73.0844497681, 55.3518028259, 149.546554565, 214.073440552, 687.216796875, 850.799743652, 905.166259766, 2643.79541016, 4296.20458984, 3019.86694336, 1253.70410156, 1652.39868164, 3282.04541016, 2510.34643555, 2979.22460938, 2777.09838867, 1130.04760742, 705.029724121, 1005.80712891, 291.151428223, 115.958885193, 61.4199142456, 37.6607551575, 20.9781475067, 8.42441749573, 2.91763687134, 1.11490547657, 0.222475558519, 0.0392869226635, 0.00881252903491, 0.00129450706299, 2.33570226555e-05, 6.06622663213e-09, 3.6328101638e-10],
        "max": [1.34450864792, 18.1935977936, 34.1139373779, 48.6147346497, 108.786575317, 51.2666435242, 64.27368927, 76.2580413818, 140.449615479, 146.672576904, 189.327484131, 341.319763184, 350.4347229, 485.35723877, 558.57232666, 596.507507324, 252.83706665, 354.948486328, 400.308746338, 372.047821045, 574.161804199, 500.250091553, 374.187408447, 235.636581421, 299.987213135, 267.804077148, 118.167686462, 94.1268005371, 62.6490478516, 55.9259796143, 28.8816928864, 16.2199115753, 10.6165895462, 4.02829694748, 1.63083088398, 0.626733481884, 0.233555868268, 0.0345583632588, 0.000609824142884, 0.000115349917905],
        "mean": [0.216147765517, 2.55918955803, 5.9687871933, 7.80301237106, 7.04807376862, 5.0442481041, 6.53600120544, 3.71822857857, 4.34284877777, 7.90324163437, 14.3236265182, 14.664601326, 25.3486328125, 31.8377532959, 45.9516220093, 41.7511863708, 28.4341220856, 39.7137641907, 53.2414741516, 38.6753311157, 49.6722373962, 69.300491333, 45.5619239807, 39.567615509, 38.4155654907, 23.6978321075, 17.1466674805, 13.2662849426, 10.0509347916, 7.60426950455, 5.50123357773, 3.07034754753, 1.73097801208, 0.753924071789, 0.283287018538, 0.110931843519, 0.0328409448266, 0.00283354939893, 7.50498293201e-05, 4.34550820501e-05],
        "median": [0.182978615165, 1.73983311653, 4.38392543793, 6.27235174179, 3.66356420517, 3.18171572685, 3.77035689354, 2.08173513412, 1.96163618565, 4.48728179932, 7.88060760498, 10.3964443207, 13.6235647202, 19.6292896271, 27.2272663116, 20.9015464783, 17.3761005402, 24.3767776489, 27.5955734253, 22.8870944977, 31.0652503967, 44.1500015259, 35.1006813049, 30.9839935303, 21.86287117, 14.2704820633, 13.4711713791, 11.5553655624, 8.76130008698, 6.22671890259, 4.52958059311, 2.32412433624, 1.36255300045, 0.599409759045, 0.192292377353, 0.0702400952578, 0.018338823691, 0.0014597971458, 5.13898521604e-05, 4.32126107626e-05],
        "min": [0.00018059273134, 0.00542727159336, 0.0900991037488, 0.100872628391, 0.0839874148369, 0.114370584488, 0.0775491297245, 0.0804919600487, 0.161492243409, 0.250505536795, 0.301707863808, 0.514893352985, 1.37579274178, 1.35135543346, 0.805381238461, 1.02697479725, 1.11484563351, 0.867137789726, 1.23203206062, 0.672783732414, 0.599930942059, 0.689179480076, 0.253558009863, 0.734507679939, 0.555385649204, 0.339771479368, 0.26161044836, 0.286184161901, 0.266042947769, 0.171858951449, 0.115818828344, 0.0590408146381, 0.0111675597727, 0.00455835554749, 0.000969292188529, 0.000267344672466, 9.60282704909e-05, 8.75235127751e-06, 2.40931899498e-06, 3.91115963794e-06],
        "var": [0.0362001806498, 5.89618587494, 27.5356483459, 43.3297767639, 104.277030945, 31.5212841034, 69.3501586914, 28.6088924408, 53.9790267944, 125.246276855, 433.81930542, 317.776763916, 1468.57568359, 1650.64831543, 2867.00219727, 2847.80541992, 985.246337891, 1686.27575684, 3757.18481445, 1705.1361084, 4063.21728516, 5054.19140625, 1222.36694336, 822.489746094, 2106.39086914, 831.740600586, 208.246688843, 58.6002883911, 44.2959022522, 26.7215499878, 14.5499076843, 5.78158378601, 1.83086323738, 0.339890480042, 0.0677701234818, 0.0119628626853, 0.00143357750494, 1.36760136229e-05, 4.50325998713e-09, 2.25614166238e-10]
    },
    "gfcc": {
        "mean": [46.3367919922, 79.3658981323, -134.087188721, 57.9640846252, -47.1389465332, 32.7733459473, -28.3524570465, 15.6008815765, -24.541425705, -3.31563925743, -19.2248249054, -0.0629676505923, -12.56919384],
        "cov": [[814.873718262, -186.488815308, 53.1115112305, -94.1922454834, 64.4997558594, -33.0223083496, -87.1915359497, 49.6104049683, -50.2198562622, 76.4186859131, -69.3356628418, 61.8037796021, -50.8328170776], [-186.488815308, 327.04888916, -9.47002124786, 27.1517696381, 67.5085830688, 23.9260444641, 80.263092041, -19.9408931732, 52.8766555786, -21.733417511, 51.9300308228, -15.3587732315, 53.4352455139], [53.1115112305, -9.47002124786, 145.495071411, 25.6362686157, 6.22670078278, 15.5969953537, -0.132112503052, 20.7978916168, -5.12628650665, -5.95066642761, -18.6517543793, 18.8262023926, -13.8093824387], [-94.1922454834, 27.1517696381, 25.6362686157, 161.915847778, 57.5906524658, -17.6891994476, 16.1980228424, 35.9240646362, 32.9951095581, -25.0009670258, 27.2267417908, -4.28579235077, 27.4668369293], [64.4997558594, 67.5085830688, 6.22670078278, 57.5906524658, 189.993331909, 65.1389007568, 61.0019416809, 29.5234107971, 39.3535308838, 22.5240383148, 19.2529258728, 25.8695583344, 16.4044761658], [-33.0223083496, 23.9260444641, 15.5969953537, -17.6891994476, 65.1389007568, 157.212417603, 82.6981506348, -7.39145803452, 19.5490684509, 20.7845096588, 17.6937007904, 10.7967386246, -0.0256850235164], [-87.1915359497, 80.263092041, -0.132112503052, 16.1980228424, 61.0019416809, 82.6981506348, 119.056648254, 25.9892997742, 36.420173645, 9.66031837463, 29.4723396301, 3.17271852493, 5.15217065811], [49.6104049683, -19.9408931732, 20.7978916168, 35.9240646362, 29.5234107971, -7.39145803452, 25.9892997742, 76.5988845825, 34.2844085693, 3.31084322929, 0.82451403141, 9.50118637085, -2.27274751663], [-50.2198562622, 52.8766555786, -5.12628650665, 32.9951095581, 39.3535308838, 19.5490684509, 36.420173645, 34.2844085693, 74.7992858887, 19.0921936035, 16.5195274353, -3.60837268829, 10.0141611099], [76.4186859131, -21.733417511, -5.95066642761, -25.0009670258, 22.5240383148, 20.7845096588, 9.66031837463, 3.31084322929, 19.0921936035, 66.2573776245, 14.4592266083, 9.15294647217, -7.52801704407], [-69.3356628418, 51.9300308228, -18.6517543793, 27.2267417908, 19.2529258728, 17.6937007904, 29.4723396301, 0.82451403141, 16.5195274353, 14.4592266083, 57.3285179138, 14.085521698, 18.5430984497], [61.8037796021, -15.3587732315, 18.8262023926, -4.28579235077, 25.8695583344, 10.7967386246, 3.17271852493, 9.50118637085, -3.60837268829, 9.15294647217, 14.085521698, 52.8672828674, 13.1791677475], [-50.8328170776, 53.4352455139, -13.8093824387, 27.4668369293, 16.4044761658, -0.0256850235164, 5.15217065811, -2.27274751663, 10.0141611099, -7.52801704407, 18.5430984497, 13.1791677475, 50.9049987793]],
        "icov": [[0.00299878744408, -0.000940292258747, 0.0004993766197, 0.000369088753359, -0.00132048514206, -0.000582179112826, 0.00306020257995, -0.00416115345433, 0.00371977360919, -0.00445058615878, 0.00376824196428, -0.00304404762574, 0.00187312741764], [-0.000940292258747, 0.01152807381, -0.00615262659267, 0.00784016214311, -0.00579230161384, 0.00728858821094, -0.00831384025514, 0.0098726246506, -0.0100163761526, 0.0106153963134, -0.0125277256593, 0.0107722049579, -0.010472050868], [0.0004993766197, -0.00615262659267, 0.0131634371355, -0.00847294554114, 0.00498428987339, -0.00644214870408, 0.0044757486321, -0.00649057282135, 0.00627845991403, -0.00642350735143, 0.0123910894617, -0.0120152039453, 0.00915952865034], [0.000369088753359, 0.00784016214311, -0.00847294554114, 0.0193022657186, -0.00953370891511, 0.00754411844537, -0.00253595039248, 0.00150653114542, -0.00810001417994, 0.0127214444801, -0.0171579699963, 0.0140116875991, -0.0110774375498], [-0.00132048514206, -0.00579230161384, 0.00498428987339, -0.00953370891511, 0.0134656867012, -0.00649864273146, 0.00011678494775, -0.00286472658627, 0.00223778816871, -0.00675655575469, 0.0092593068257, -0.00970096420497, 0.00447469390929], [-0.000582179112826, 0.00728858821094, -0.00644214870408, 0.00754411844537, -0.00649864273146, 0.0179946236312, -0.0141680156812, 0.0118914628401, -0.00773509126157, 0.00577095756307, -0.00792801287025, 0.00607566069812, -0.00629217224196], [0.00306020257995, -0.00831384025514, 0.0044757486321, -0.00253595039248, 0.00011678494775, -0.0141680156812, 0.0276648700237, -0.0170440915972, 0.00710062356666, -0.00643767602742, 0.00212185410783, -0.00472835591063, 0.00886204279959], [-0.00416115345433, 0.0098726246506, -0.00649057282135, 0.00150653114542, -0.00286472658627, 0.0118914628401, -0.0170440915972, 0.0360226295888, -0.021502899006, 0.0128059908748, -0.00753891794011, 0.00320623978041, -0.00478968722746], [0.00371977360919, -0.0100163761526, 0.00627845991403, -0.00810001417994, 0.00223778816871, -0.00773509126157, 0.00710062356666, -0.021502899006, 0.0357999354601, -0.020157193765, 0.0121722500771, -0.00469877803698, 0.00465768715367], [-0.00445058615878, 0.0106153963134, -0.00642350735143, 0.0127214444801, -0.00675655575469, 0.00577095756307, -0.00643767602742, 0.0128059908748, -0.020157193765, 0.0375843383372, -0.0243152752519, 0.0117742214352, -0.00545794796199], [0.00376824196428, -0.0125277256593, 0.0123910894617, -0.0171579699963, 0.0092593068257, -0.00792801287025, 0.00212185410783, -0.00753891794011, 0.0121722500771, -0.0243152752519, 0.0501529946923, -0.0259620603174, 0.00845541246235], [-0.00304404762574, 0.0107722049579, -0.0120152039453, 0.0140116875991, -0.00970096420497, 0.00607566069812, -0.00472835591063, 0.00320623978041, -0.00469877803698, 0.0117742214352, -0.0259620603174, 0.0439423508942, -0.0206699613482], [0.00187312741764, -0.010472050868, 0.00915952865034, -0.0110774375498, 0.00447469390929, -0.00629217224196, 0.00886204279959, -0.00478968722746, 0.00465768715367, -0.00545794796199, 0.00845541246235, -0.0206699613482, 0.0389612913132]]
    },
    "melbands": {
        "dmean": [0.00129907717928, 0.00163718732074, 0.000673747446854, 0.000260078348219, 0.000142142816912, 5.23150883964e-05, 4.50796324003e-05, 6.83787293383e-05, 7.17851362424e-05, 5.65248083149e-05, 6.59295619698e-05, 7.41901749279e-05, 7.30899628252e-05, 0.000100569421193, 3.76273019356e-05, 3.4897489968e-05, 4.39322720922e-05, 5.25689611095e-05, 3.66874119209e-05, 2.14902374864e-05, 3.0591567338e-05, 3.22071427945e-05, 2.39581677306e-05, 1.27644998429e-05, 1.34489018819e-05, 1.0925233255e-05, 1.00847364592e-05, 5.37796495337e-06, 4.10838129028e-06, 3.85866496799e-06, 2.62378989646e-06, 2.11555152418e-06, 2.09105201066e-06, 1.59897399499e-06, 1.3490029005e-06, 9.30027340473e-07, 6.55468625155e-07, 4.9542677516e-07, 3.47907501919e-07, 2.24410584337e-07],
        "dmean2": [0.0021108048968, 0.00276269484311, 0.001110823825, 0.000411646673456, 0.000233046288486, 8.45769682201e-05, 7.51183906686e-05, 0.00011015158816, 0.000113893176604, 9.27308865357e-05, 0.000104756618384, 0.000120599099318, 0.000121893826872, 0.000169802733581, 5.82625143579e-05, 5.84577683185e-05, 7.18826850061e-05, 8.556265675e-05, 5.98566766712e-05, 3.34796386596e-05, 4.85927921545e-05, 5.22069094586e-05, 4.09698077419e-05, 2.09589215956e-05, 2.23873066716e-05, 1.78758855327e-05, 1.6161804524e-05, 8.7215566964e-06, 6.60945215714e-06, 6.38631127003e-06, 4.3118980102e-06, 3.45487273989e-06, 3.29395993504e-06, 2.5718040888e-06, 2.14707915802e-06, 1.44091882248e-06, 1.00592967556e-06, 7.5427038837e-07, 5.49002550088e-07, 3.54909985845e-07],
        "dvar": [3.91833054891e-06, 5.81683343626e-06, 7.82663732934e-07, 2.42728731337e-07, 3.76443907157e-08, 1.13273479485e-08, 1.16791589733e-08, 1.43925253937e-08, 1.76231313986e-08, 1.20141008253e-08, 1.10896998251e-08, 1.76843606425e-08, 1.30453221558e-08, 2.90130195424e-08, 5.12653786089e-09, 2.72723066352e-09, 3.55294882404e-09, 6.33622798674e-09, 3.2828910701e-09, 9.30981514102e-10, 2.70062683327e-09, 2.06451855611e-09, 7.51618378647e-10, 2.64362975955e-10, 2.26250976287e-10, 2.44657683002e-10, 2.51395265716e-10, 5.32804494968e-11, 2.90153092525e-11, 1.62223151579e-11, 9.27752579621e-12, 5.70827456484e-12, 7.48563537545e-12, 2.9521029718e-12, 1.98305673098e-12, 1.21686233139e-12, 5.10047841636e-13, 3.41139714134e-13, 1.84732627416e-13, 6.92240047836e-14],
        "dvar2": [1.04659029603e-05, 1.64391440194e-05, 2.13026123674e-06, 6.04607635069e-07, 9.48534548684e-08, 2.68269690906e-08, 3.0599888845e-08, 3.48366668845e-08, 4.03918818392e-08, 3.33654170959e-08, 2.65389310528e-08, 4.6697564926e-08, 3.52115705482e-08, 7.94691885631e-08, 9.51662748605e-09, 7.10803238491e-09, 9.12217945626e-09, 1.57877160234e-08, 8.22203372053e-09, 1.94040339352e-09, 6.0258527057e-09, 4.58558124805e-09, 1.93248550495e-09, 6.37358110733e-10, 6.08281092163e-10, 5.651790147e-10, 5.56209189817e-10, 1.16334997191e-10, 6.7374890389e-11, 4.00239875964e-11, 2.34209908412e-11, 1.37021591989e-11, 1.8295615023e-11, 7.3519437066e-12, 4.63094536676e-12, 2.96965512077e-12, 1.19928242684e-12, 7.85036911779e-13, 4.31055961325e-13, 1.61416114307e-13],
        "max": [0.0168101284653, 0.0179403945804, 0.00859563332051, 0.00473491987213, 0.0022466594819, 0.00168523949105, 0.00191102537792, 0.00171808048617, 0.001749237068, 0.00208732206374, 0.00175505760126, 0.00214288453571, 0.00219941628166, 0.00158585468307, 0.0018233518349, 0.000630504335277, 0.000788480683696, 0.000801198359113, 0.000587650749367, 0.000461396150058, 0.000929323548917, 0.000675662478898, 0.000388663000194, 0.000225123178097, 0.000199993737624, 0.000231954778428, 0.000357419747161, 0.000126542843645, 9.10042435862e-05, 4.55382323707e-05, 5.77964310651e-05, 3.35396071023e-05, 4.52574131486e-05, 3.02606749756e-05, 1.84524651559e-05, 1.79917551577e-05, 8.37540665088e-06, 9.5775567388e-06, 5.07811546413e-06, 3.6102417198e-06],
        "mean": [0.00250397296622, 0.00334010086954, 0.00139569491148, 0.000395604613004, 0.000240251727519, 8.58528073877e-05, 6.60980149405e-05, 0.000103834630863, 0.000114829475933, 9.05743290787e-05, 0.00013073781156, 0.000133163615828, 0.000127606253955, 0.000167534948559, 7.28479717509e-05, 5.60532716918e-05, 8.21538997116e-05, 0.000101383418951, 5.87795948377e-05, 4.28327330155e-05, 5.86629103054e-05, 7.4863928603e-05, 5.46524170204e-05, 3.28576679749e-05, 3.21707739204e-05, 2.74903377431e-05, 2.62064313574e-05, 1.3141783711e-05, 1.06452798718e-05, 9.70719429461e-06, 6.81383880874e-06, 5.59468935535e-06, 5.08454422743e-06, 4.08762343795e-06, 3.50010964212e-06, 2.35204220189e-06, 1.70558837453e-06, 1.27347163925e-06, 8.77074569416e-07, 5.62228137824e-07],
        "median": [0.00191465590615, 0.00305699720047, 0.00114217365626, 0.000221407681238, 0.000141544966027, 4.96797074447e-05, 2.92439326586e-05, 5.84210683883e-05, 6.13165175309e-05, 6.21946164756e-05, 6.57812779536e-05, 7.82843344496e-05, 7.86987511674e-05, 7.24429482943e-05, 3.62926621165e-05, 3.40278857038e-05, 4.85322088934e-05, 4.7877067118e-05, 3.05202702293e-05, 2.87563561869e-05, 3.52009628841e-05, 4.36977570644e-05, 4.35312249465e-05, 2.26275296882e-05, 2.52150184679e-05, 1.75489058165e-05, 1.33539970193e-05, 8.33820922708e-06, 8.01688929641e-06, 7.9628707681e-06, 5.86435635341e-06, 4.81009919895e-06, 4.05399123338e-06, 3.3445508052e-06, 2.81718075712e-06, 1.71146962202e-06, 1.27742487166e-06, 1.00349632248e-06, 6.66370908675e-07, 4.40323788098e-07],
        "min": [1.2300608887e-06, 3.43064457411e-05, 2.45122555498e-05, 6.56098609397e-06, 3.36062430506e-06, 7.52408425342e-07, 1.72028921952e-06, 1.42630926803e-06, 2.50277003033e-06, 1.99011628865e-06, 3.27686484525e-06, 5.45008697372e-06, 3.14230169352e-06, 2.19834214477e-06, 3.05523644784e-06, 7.36156323455e-07, 1.54687415943e-06, 1.93559549189e-06, 6.77530067605e-07, 4.54526144722e-07, 4.94912001159e-07, 6.40941891561e-07, 4.33246015064e-07, 1.83248857866e-07, 4.24921466902e-07, 3.57107239779e-07, 3.49444661651e-07, 1.82722686759e-07, 1.52464522785e-07, 1.44499210819e-07, 1.74481243675e-07, 1.70712738168e-07, 1.02209838815e-07, 9.26505876464e-08, 7.51526911813e-08, 4.8811887865e-08, 2.93483157776e-08, 5.01089836291e-09, 8.37465385928e-09, 2.36204744652e-09],
