{
"highlevel": {
    "danceability": {
        "all": {
            "danceable": 0.998851180077,
            "not_danceable": 0.00114882842172
        },
        "probability": 0.998851180077,
        "value": "danceable"
    },
    "gender": {
        "all": {
            "female": 0.988278746605,
            "male": 0.0117212664336
        },
        "probability": 0.988278746605,
        "value": "female"
    },
    "genre_dortmund": {
        "all": {
            "alternative": 0.00131692260038,
            "blues": 0.0195813905448,
            "electronic": 0.0166648235172,
            "folkcountry": 0.0017093187198,
            "funksoulrnb": 0.0194210112095,
            "jazz": 0.00895068328828,
            "pop": 0.00909095909446,
            "raphiphop": 0.918063044548,
            "rock": 0.00520182959735
        },
        "probability": 0.918063044548,
        "value": "raphiphop"
    },
    "genre_electronic": {
        "all": {
            "ambient": 0.177154392004,
            "dnb": 0.204481691122,
            "house": 0.554579079151,
            "techno": 0.0240304302424,
            "trance": 0.0397544167936
        },
        "probability": 0.554579079151,
        "value": "house"
    },
    "genre_rosamerica": {
        "all": {
            "cla": 0.000630410213489,
            "dan": 0.0113798659295,
            "hip": 0.610148251057,
            "jaz": 0.001016555354,
            "pop": 0.0806832313538,
            "rhy": 0.294294029474,
            "roc": 0.00128957431298,
            "spe": 0.00055809650803
        },
        "probability": 0.610148251057,
        "value": "hip"
    },
    "genre_tzanetakis": {
        "all": {
            "blu": 0.0656752660871,
            "cla": 0.0364902876318,
            "cou": 0.109477318823,
            "dis": 0.0821205973625,
            "hip": 0.109498344362,
            "jaz": 0.328496694565,
            "met": 0.0656927227974,
            "pop": 0.0821140632033,
            "reg": 0.0547426454723,
            "roc": 0.0656920596957
        },
        "probability": 0.328496694565,
        "value": "jaz"
    },
    "ismir04_rhythm": {
        "all": {
            "ChaChaCha": 0.0711643844843,
            "Jive": 0.0253665614873,
            "Quickstep": 0.0251568425447,
            "Rumba-American": 0.0113070448861,
            "Rumba-International": 0.0410267934203,
            "Rumba-Misc": 0.0148623082787,
            "Samba": 0.798243641853,
            "Tango": 0.0035164707806,
            "VienneseWaltz": 0.00506188860163,
            "Waltz": 0.00429404433817
        },
        "probability": 0.798243641853,
        "value": "Samba"
    },
    "mood_acoustic": {
        "all": {
            "acoustic": 0.0760758370161,
            "not_acoustic": 0.923924148083
        },
        "probability": 0.923924148083,
        "value": "not_acoustic"
    },
    "mood_aggressive": {
        "all": {
            "aggressive": 0.0157099012285,
            "not_aggressive": 0.984290122986
        },
        "probability": 0.984290122986,
        "value": "not_aggressive"
    },
    "mood_electronic": {
        "all": {
            "electronic": 0.91292822361,
            "not_electronic": 0.0870717689395
        },
        "probability": 0.91292822361,
        "value": "electronic"
    },
    "mood_happy": {
        "all": {
            "happy": 0.126179650426,
            "not_happy": 0.873820364475
        },
        "probability": 0.873820364475,
        "value": "not_happy"
    },
    "mood_party": {
        "all": {
            "not_party": 0.574714541435,
            "party": 0.425285428762
        },
        "probability": 0.574714541435,
        "value": "not_party"
    },
    "mood_relaxed": {
        "all": {
            "not_relaxed": 0.838067471981,
            "relaxed": 0.16193254292
        },
        "probability": 0.838067471981,
        "value": "not_relaxed"
    },
    "mood_sad": {
        "all": {
            "not_sad": 0.872651934624,
            "sad": 0.127348035574
        },
        "probability": 0.872651934624,
        "value": "not_sad"
    },
    "moods_mirex": {
        "all": {
            "Cluster1": 0.317693710327,
            "Cluster2": 0.179489031434,
            "Cluster3": 0.204370439053,
            "Cluster4": 0.211154013872,
            "Cluster5": 0.0872927978635
        },
        "probability": 0.317693710327,
        "value": "Cluster1"
    },
    "timbre": {
        "all": {
            "bright": 0.981285810471,
            "dark": 0.0187141876668
        },
        "probability": 0.981285810471,
        "value": "bright"
    },
    "tonal_atonal": {
        "all": {
            "atonal": 0.351745069027,
            "tonal": 0.648254930973
        },
        "probability": 0.648254930973,
        "value": "tonal"
    },
    "voice_instrumental": {
        "all": {
            "instrumental": 0.0042871418409,
            "voice": 0.99571287632
        },
        "probability": 0.99571287632,
        "value": "voice"
    }
},
"lowlevel": {
    "average_loudness": 0.977424860001,
    "barkbands_crest": {
        "dmean": 3.60280823708,
        "dmean2": 5.88865947723,
        "dvar": 13.5771589279,
        "dvar2": 28.8027229309,
        "max": 26.0134506226,
        "mean": 11.6327848434,
        "median": 10.5271015167,
        "min": 2.2200050354,
        "var": 24.69647789
    },
    "barkbands_flatness_db": {
        "dmean": 0.0348987169564,
        "dmean2": 0.0499870590866,
        "dvar": 0.00142314785626,
        "dvar2": 0.00257243192755,
        "max": 0.463378727436,
        "mean": 0.197501406074,
        "median": 0.185867622495,
        "min": 0.0287757311016,
        "var": 0.00529412925243
    },
    "barkbands_kurtosis": {
        "dmean": 10.1187343597,
        "dmean2": 16.2855529785,
        "dvar": 668.196105957,
        "dvar2": 1616.34448242,
        "max": 350.273101807,
        "mean": 11.5191583633,
        "median": 2.63946771622,
        "min": -1.90617287159,
        "var": 758.526611328
    },
    "barkbands_skewness": {
        "dmean": 1.03498804569,
        "dmean2": 1.53340697289,
        "dvar": 2.0350317955,
        "dvar2": 4.27220487595,
        "max": 15.4723777771,
        "mean": 1.94494903088,
        "median": 1.2860404253,
        "min": -3.37723183632,
        "var": 5.01163101196
    },
    "barkbands_spread": {
        "dmean": 7.79201698303,
        "dmean2": 11.9711647034,
        "dvar": 147.020767212,
        "dvar2": 301.932861328,
        "max": 124.754364014,
        "mean": 20.3964118958,
        "median": 16.2589836121,
        "min": 0.319749891758,
        "var": 291.577789307
    },
    "dissonance": {
        "dmean": 0.0287912115455,
        "dmean2": 0.0476689077914,
        "dvar": 0.000752947409637,
        "dvar2": 0.00205002794974,
        "max": 0.499923765659,
        "mean": 0.449455291033,
        "median": 0.456319183111,
        "min": 0.253509283066,
        "var": 0.00136974419001
    },
    "dynamic_complexity": 2.66186499596,
    "erbbands_crest": {
        "dmean": 3.32827401161,
        "dmean2": 5.30472326279,
        "dvar": 9.39036655426,
        "dvar2": 23.2236213684,
        "max": 29.7919197083,
        "mean": 10.6724901199,
        "median": 9.92391586304,
        "min": 2.92758393288,
        "var": 20.6665172577
    },
    "erbbands_flatness_db": {
        "dmean": 0.0249495375901,
        "dmean2": 0.0352952927351,
        "dvar": 0.000629409914836,
        "dvar2": 0.00120373943355,
        "max": 0.356878578663,
        "mean": 0.190016612411,
        "median": 0.187413930893,
        "min": 0.0653055012226,
        "var": 0.0034902584739
    },
    "erbbands_kurtosis": {
        "dmean": 1.4853335619,
        "dmean2": 2.42270827293,
        "dvar": 4.12869787216,
        "dvar2": 10.5957012177,
        "max": 20.2797317505,
        "mean": 1.09119045734,
        "median": 0.358425378799,
        "min": -1.80243849754,
        "var": 6.27832937241
    },
    "erbbands_skewness": {
        "dmean": 0.547552525997,
        "dmean2": 0.847469627857,
        "dvar": 0.364281564951,
        "dvar2": 0.857607603073,
        "max": 3.53572320938,
        "mean": 0.410395771265,
        "median": 0.448323786259,
        "min": -3.38333702087,
        "var": 0.913129448891
    },
    "erbbands_spread": {
        "dmean": 12.6097593307,
        "dmean2": 19.3165569305,
        "dvar": 283.627471924,
        "dvar2": 678.159057617,
        "max": 149.880096436,
        "mean": 38.3876571655,
        "median": 33.3234443665,
        "min": 5.95716238022,
        "var": 637.396240234
    },
    "hfc": {
        "dmean": 12.7429914474,
        "dmean2": 19.6754550934,
        "dvar": 619.781311035,
        "dvar2": 1456.40844727,
        "max": 210.419281006,
        "mean": 28.3265514374,
        "median": 20.143447876,
        "min": 0.621974289417,
        "var": 840.558105469
    },
    "melbands_crest": {
        "dmean": 4.23848247528,
        "dmean2": 6.69927549362,
        "dvar": 16.0438079834,
        "dvar2": 37.8464546204,
        "max": 37.0515174866,
        "mean": 17.7354545593,
        "median": 16.3720741272,
        "min": 3.56315732002,
        "var": 51.1695861816
    },
    "melbands_flatness_db": {
        "dmean": 0.0432076640427,
        "dmean2": 0.060263287276,
        "dvar": 0.00226407707669,
        "dvar2": 0.00384286581539,
        "max": 0.603882908821,
        "mean": 0.248462155461,
        "median": 0.230292320251,
        "min": 0.0301995221525,
        "var": 0.0104484604672
    },
    "melbands_kurtosis": {
        "dmean": 21.0104427338,
        "dmean2": 32.6638374329,
        "dvar": 2012.00231934,
        "dvar2": 4535.46435547,
        "max": 584.034118652,
        "mean": 27.6196098328,
        "median": 7.25332164764,
        "min": -1.83166861534,
        "var": 2809.93969727
    },
    "melbands_skewness": {
        "dmean": 1.31477451324,
        "dmean2": 1.90712666512,
        "dvar": 2.94808149338,
        "dvar2": 6.14352941513,
        "max": 17.2136821747,
        "mean": 3.1111562252,
        "median": 2.32585430145,
        "min": -0.586506187916,
        "var": 8.51968574524
    },
    "melbands_spread": {
        "dmean": 9.73179626465,
        "dmean2": 14.7499837875,
        "dvar": 291.805908203,
        "dvar2": 596.894287109,
        "max": 253.367324829,
        "mean": 24.1449127197,
        "median": 17.37433815,
        "min": 0.408575773239,
        "var": 659.742553711
    },
    "pitch_salience": {
        "dmean": 0.100269474089,
        "dmean2": 0.162278562784,
        "dvar": 0.0119794467464,
        "dvar2": 0.0260981898755,
        "max": 0.848688006401,
        "mean": 0.515763401985,
        "median": 0.526388704777,
        "min": 0.0800262838602,
        "var": 0.0242172144353
    },
    "silence_rate_20dB": {
        "dmean": 0,
        "dmean2": 0,
        "dvar": 0,
        "dvar2": 0,
        "max": 1,
        "mean": 1,
        "median": 1,
        "min": 1,
        "var": 0
    },
    "silence_rate_30dB": {
        "dmean": 0.0804953575134,
        "dmean2": 0.161115407944,
        "dvar": 0.0740158259869,
        "dvar2": 0.135155513883,
        "max": 1,
        "mean": 0.897138416767,
        "median": 1,
        "min": 0,
        "var": 0.0922819375992
    },
    "silence_rate_60dB": {
        "dmean": 0.00773993786424,
        "dmean2": 0.0154918665066,
        "dvar": 0.00768009200692,
        "dvar2": 0.0183504484594,
        "max": 1,
        "mean": 0.0177880898118,
        "median": 0,
        "min": 0,
        "var": 0.017471794039
    },
    "spectral_centroid": {
        "dmean": 368.104522705,
        "dmean2": 551.907165527,
        "dvar": 250689.0625,
        "dvar2": 530000.875,
        "max": 5739.50244141,
        "mean": 1478.31103516,
        "median": 1399.24401855,
        "min": 147.093582153,
        "var": 644567.75
    },
    "spectral_complexity": {
        "dmean": 4.65479898453,
        "dmean2": 7.19597196579,
        "dvar": 46.7247200012,
        "dvar2": 83.6883621216,
        "max": 61,
        "mean": 15.3008508682,
        "median": 14,
        "min": 0,
        "var": 88.0191345215
    },
    "spectral_decrease": {
        "dmean": 4.69290606375e-09,
        "dmean2": 7.04591762712e-09,
        "dvar": 6.66471661807e-17,
        "dvar2": 1.43299088488e-16,
        "max": -2.79783501922e-10,
        "mean": -1.13565477022e-08,
        "median": -8.37751912286e-09,
        "min": -5.6306255658e-08,
        "var": 1.22785472518e-16
    },
    "spectral_energy": {
        "dmean": 0.0183720644563,
        "dmean2": 0.0276391562074,
        "dvar": 0.000958286691457,
        "dvar2": 0.00206697336398,
        "max": 0.21432210505,
        "mean": 0.0454314462841,
        "median": 0.0348098576069,
        "min": 0.00116131431423,
        "var": 0.00176408537664
    },
    "spectral_energyband_high": {
        "dmean": 0.00108105072286,
        "dmean2": 0.00164362869691,
        "dvar": 5.96836298428e-06,
        "dvar2": 1.32516934173e-05,
        "max": 0.0185212008655,
        "mean": 0.00138961756602,
        "median": 0.000455358298495,
        "min": 8.22272738787e-07,
        "var": 7.30087231204e-06
    },
    "spectral_energyband_low": {
        "dmean": 0.0150434775278,
        "dmean2": 0.0226015709341,
        "dvar": 0.000971512170509,
        "dvar2": 0.00206223176792,
        "max": 0.200063541532,
        "mean": 0.0264039505273,
        "median": 0.00728260632604,
        "min": 5.64178108675e-08,
        "var": 0.00172337226104
    },
    "spectral_energyband_middle_high": {
        "dmean": 0.00333390478045,
        "dmean2": 0.00490407971665,
        "dvar": 3.20652834489e-05,
        "dvar2": 7.65379445511e-05,
        "max": 0.0532866716385,
        "mean": 0.00813294854015,
        "median": 0.00302598066628,
        "min": 3.50345362676e-05,
        "var": 0.000105728729977
    },
    "spectral_energyband_middle_low": {
        "dmean": 0.00720412889495,
        "dmean2": 0.012520391494,
        "dvar": 0.000233985367231,
        "dvar2": 0.000660939724185,
        "max": 0.0931256189942,
        "mean": 0.011092945002,
        "median": 0.00715083489195,
        "min": 3.98537595174e-05,
        "var": 0.000173926557181
    },
    "spectral_entropy": {
        "dmean": 0.314924240112,
        "dmean2": 0.449018090963,
        "dvar": 0.118026472628,
        "dvar2": 0.209884092212,
        "max": 8.75571537018,
        "mean": 7.24526453018,
        "median": 7.25085496902,
        "min": 5.40398073196,
        "var": 0.375482171774
    },
    "spectral_flux": {
        "dmean": 0.0556989684701,
        "dmean2": 0.0916281342506,
        "dvar": 0.00510261487216,
        "dvar2": 0.0126396343112,
        "max": 0.436182975769,
        "mean": 0.117962405086,
        "median": 0.0956563130021,
        "min": 0.00585157051682,
        "var": 0.00766655383632
    },
    "spectral_kurtosis": {
        "dmean": 2.43790841103,
        "dmean2": 3.79283380508,
        "dvar": 17.8526306152,
        "dvar2": 42.9882888794,
        "max": 71.9213256836,
        "mean": 5.16497373581,
        "median": 4.24403762817,
        "min": -1.52231764793,
        "var": 30.14412117
    },
    "spectral_rms": {
        "dmean": 0.00116888817865,
        "dmean2": 0.00174936652184,
        "dvar": 2.75093634627e-06,
        "dvar2": 5.56988788958e-06,
        "max": 0.0144601082429,
        "mean": 0.00606782268733,
        "median": 0.00582759268582,
        "min": 0.00106441986281,
        "var": 7.50493563828e-06
    },
    "spectral_rolloff": {
        "dmean": 744.830566406,
        "dmean2": 1244.02502441,
        "dvar": 2347580.75,
        "dvar2": 4710588.5,
        "max": 12553.8574219,
        "mean": 1698.75866699,
        "median": 1205.859375,
        "min": 64.599609375,
        "var": 4403094
    },
    "spectral_skewness": {
        "dmean": 0.37026450038,
        "dmean2": 0.549949944019,
        "dvar": 0.191768214107,
        "dvar2": 0.402230530977,
        "max": 6.60071897507,
        "mean": 1.6320785284,
        "median": 1.60926878452,
        "min": -0.23669873178,
        "var": 0.605854153633
    },
    "spectral_spread": {
        "dmean": 907302.125,
        "dmean2": 1276366.625,
        "dvar": 1.55314474189e+12,
        "dvar2": 2.6481107927e+12,
        "max": 20953816,
        "mean": 4827571,
        "median": 4327115,
        "min": 907068.0625,
        "var": 5.04901664768e+12
    },
    "spectral_strongpeak": {
        "dmean": 0.729653358459,
        "dmean2": 1.21662294865,
        "dvar": 1.42145073414,
        "dvar2": 3.51081371307,
        "max": 9.1056098938,
        "mean": 1.42078006268,
        "median": 0.58585703373,
        "min": 0,
        "var": 3.294039011
    },
    "zerocrossingrate": {
        "dmean": 0.0163551550359,
        "dmean2": 0.0177800934762,
        "dvar": 0.000540438108146,
        "dvar2": 0.000612344476394,
        "max": 0.4228515625,
        "mean": 0.0633500516415,
        "median": 0.05419921875,
        "min": 0.0029296875,
        "var": 0.00272640888579
    },
    "barkbands": {
        "dmean": [0.00219854619354, 0.0131103070453, 0.00395134883001, 0.00252358382568, 0.00218360451981, 0.00121759262402, 0.000881364219822, 0.000807279604487, 0.00134218938183, 0.000962316524237, 0.000990927568637, 0.000490545877255, 0.00064355507493, 0.000831319019198, 0.000554132333491, 0.00030420217081, 0.000335899938364, 0.000328130787238, 0.000191527957213, 0.000240005625528, 0.000239434259129, 0.000243632603087, 0.00023433775641, 0.000140239542816, 0.0001471566502, 6.30227586953e-05, 1.73802007453e-07],
        "dmean2": [0.0035110542085, 0.0207317825407, 0.00706721888855, 0.00463457452133, 0.00399636104703, 0.00213442440145, 0.00152853899635, 0.00117840862367, 0.00204100110568, 0.00141289876774, 0.00143383652903, 0.000777684210334, 0.0010340885492, 0.00121533835772, 0.000836487626657, 0.000494900043122, 0.000532255100552, 0.000528742326424, 0.000305062480038, 0.00039579931763, 0.000381585938158, 0.000388101820135, 0.00037487744703, 0.000210180180147, 0.000207333330764, 9.48753004195e-05, 3.08681393335e-07],
        "dvar": [1.77442216227e-05, 0.000808099866845, 0.000119594194985, 4.87539764435e-05, 3.3352542232e-05, 6.37930861558e-06, 3.99994587497e-06, 4.49730896435e-06, 7.99145527708e-06, 5.17854550708e-06, 5.34165383215e-06, 2.19568528337e-06, 2.37310200646e-06, 3.22838332067e-06, 1.50410289734e-06, 9.67937580754e-07, 7.48813818063e-07, 4.49335431085e-07, 2.03692351874e-07, 3.64737303471e-07, 4.09469492979e-07, 4.24682070843e-07, 4.01709399966e-07, 9.87239445749e-08, 1.81328843496e-07, 5.73921496994e-08, 4.99616461484e-13],
        "dvar2": [4.7857487516e-05, 0.00157117692288, 0.000349924637703, 0.000139662675792, 9.58673335845e-05, 1.75020886672e-05, 9.72490124695e-06, 8.92555272003e-06, 1.7893860786e-05, 1.19415699373e-05, 1.06220259113e-05, 5.45330613022e-06, 5.82119946557e-06, 6.99182965036e-06, 3.07430491375e-06, 2.59241392087e-06, 1.73657031155e-06, 1.17122419852e-06, 4.99001544085e-07, 9.4384682825e-07, 9.39802248467e-07, 1.00338513676e-06, 1.01976445421e-06, 2.04097318601e-07, 3.46519925642e-07, 1.24859866446e-07, 1.36070625253e-12],
        "max": [0.0353851467371, 0.170729100704, 0.075225636363, 0.042556412518, 0.0348619744182, 0.019674398005, 0.0320964455605, 0.0430460125208, 0.0350925177336, 0.0300272293389, 0.0371375642717, 0.0263396464288, 0.0174875110388, 0.0197974964976, 0.0172860715538, 0.0108157675713, 0.0167584344745, 0.00929780025035, 0.00427509704605, 0.00556355761364, 0.00626930082217, 0.0092635191977, 0.00703510083258, 0.00402019545436, 0.00904613640159, 0.00415769172832, 6.98984285918e-06],
        "mean": [0.00293076480739, 0.0178143773228, 0.00451830821112, 0.00225418340415, 0.00210218178108, 0.0012938020518, 0.00106517993845, 0.00134872691706, 0.00202059955336, 0.00148092478048, 0.00204377551563, 0.000632602197584, 0.00087257247651, 0.00137853238266, 0.000765865377616, 0.000286799331661, 0.000411511748098, 0.000446170830401, 0.000232227423112, 0.000323131651385, 0.000276837148704, 0.000242291032919, 0.000242201698711, 0.000180895265657, 0.000197812740225, 6.90869783284e-05, 1.13329562623e-07],
        "median": [0.00105843518395, 0.00410955026746, 0.000226392105105, 0.000423227087595, 0.000921701372135, 0.000471981998999, 0.000351448979927, 0.000311271694954, 0.000580522988457, 0.000243537157075, 0.000180959876161, 9.0057059424e-05, 9.11266106414e-05, 8.66860864335e-05, 0.000140413307236, 4.56969646621e-05, 9.39737947192e-05, 0.000201698159799, 8.15091771074e-05, 0.000156580645125, 9.98861942207e-05, 3.37599958584e-05, 1.39610565384e-05, 4.38951683464e-05, 4.19561292802e-05, 5.57028215553e-06, 8.35715663339e-10],
        "min": [4.08886896563e-10, 1.31935928849e-09, 5.44291234306e-09, 6.07998140723e-09, 7.49304192027e-08, 8.09408362556e-08, 1.06056134541e-07, 4.8110609896e-07, 9.43871157233e-07, 5.03423677856e-07, 1.16746991807e-06, 3.10566520056e-07, 6.69954687282e-08, 1.74990361756e-07, 2.44981180231e-07, 2.76178184322e-07, 1.95546320469e-07, 4.67859308628e-07, 2.91303365429e-07, 1.67753000824e-07, 2.08905206023e-07, 6.21066647e-08, 5.13628677368e-08, 7.90069165646e-09, 8.83193740364e-10, 4.12254301876e-12, 5.67030580476e-12],
        "var": [2.43086033151e-05, 0.00114589231089, 8.63027671585e-05, 3.00470328511e-05, 2.09355439438e-05, 5.32734520675e-06, 6.74821421853e-06, 9.76417049969e-06, 1.3707146536e-05, 1.00792176454e-05, 2.18883615162e-05, 3.29024010171e-06, 3.46240449289e-06, 8.82480435394e-06, 2.65636185759e-06, 8.42331132844e-07, 1.03432216747e-06, 5.49149149265e-07, 2.05795529951e-07, 3.31528497099e-07, 4.13907798702e-07, 4.4771658736e-07, 3.84671977827e-07, 1.4093252787e-07, 2.99646814028e-07, 7.78076980623e-08, 3.25600061236e-13]
    },
    "erbbands": {
        "dmean": [0.499177098274, 2.5368885994, 3.93926644325, 7.70489597321, 7.48266220093, 7.2752161026, 8.63304138184, 9.29603672028, 11.4209518433, 16.2191066742, 16.1840667725, 31.2029247284, 33.2413673401, 31.5553283691, 27.1644515991, 20.6616401672, 27.6516418457, 43.1522140503, 28.8420753479, 20.6271438599, 15.0413408279, 18.7150554657, 15.3966960907, 15.5664968491, 8.48006439209, 10.6763305664, 11.0666694641, 8.74954986572, 8.16497898102, 7.76550865173, 7.20065546036, 3.38353776932, 2.27118587494, 1.54545140266, 1.19788885117, 0.415895193815, 0.089728012681, 0.00492495112121, 0.000138046234497, 2.91175783786e-05],
        "dmean2": [0.84732490778, 4.07927799225, 6.87167692184, 14.0530548096, 13.8832511902, 13.3173685074, 15.4614439011, 15.8562841415, 19.8519077301, 24.4202709198, 24.8075637817, 46.6446113586, 47.9801864624, 44.3759307861, 38.8449325562, 32.3568382263, 43.8108329773, 64.6524047852, 41.8002471924, 31.6422290802, 24.5522670746, 29.5322761536, 24.723772049, 24.3701686859, 13.6986875534, 17.4404621124, 17.6103000641, 13.7807397842, 12.7982091904, 12.698589325, 11.5518550873, 5.02187252045, 3.44260549545, 2.29811143875, 1.70985686779, 0.601774513721, 0.134057462215, 0.00781840831041, 0.000211016144021, 4.33753557445e-05],
        "dvar": [1.14017927647, 34.6113052368, 116.065315247, 452.394866943, 427.295562744, 364.890350342, 440.992645264, 383.597381592, 586.669128418, 1924.59533691, 1599.74206543, 4530.52539062, 5951.80810547, 7216.93652344, 5289.99658203, 4207.36181641, 4098.93359375, 9393.41113281, 3021.62426758, 2309.41015625, 1832.9498291, 2851.98510742, 1313.69128418, 959.524597168, 492.479187012, 720.986877441, 885.454040527, 462.15411377, 496.965698242, 504.955841064, 335.208984375, 49.6955375671, 32.3303871155, 22.9215736389, 11.4356384277, 2.68069553375, 0.0817084982991, 0.000254124111962, 1.62010948657e-07, 2.08212003194e-09],
        "dvar2": [2.58277869225, 62.2971115112, 330.106719971, 1308.640625, 1233.16357422, 1038.16674805, 1244.25256348, 1005.52478027, 1540.62805176, 4205.99316406, 3484.4934082, 9797.51269531, 13503.5986328, 14906.0244141, 9379.07226562, 10217.2304688, 10046.1523438, 21004.3183594, 6025.80419922, 5330.15039062, 4659.24414062, 6472.45068359, 3218.10302734, 2364.86230469, 1186.09936523, 1840.71398926, 2054.04296875, 1061.17346191, 1182.13745117, 1282.81201172, 822.418457031, 99.2016448975, 75.4679336548, 44.4640083313, 22.7043361664, 5.57093429565, 0.172661542892, 0.000611182593275, 3.79461823741e-07, 4.65252458781e-09],
        "max": [6.47254037857, 33.5742111206, 77.4288101196, 124.211410522, 145.825973511, 124.406799316, 141.62852478, 197.652313232, 263.679870605, 796.599121094, 466.163665771, 858.010742188, 1270.22351074, 1281.50036621, 1502.49914551, 1350.45153809, 702.13873291, 1126.95800781, 1046.45703125, 577.631713867, 372.877532959, 1060.92028809, 579.819824219, 304.609313965, 197.695907593, 245.677886963, 304.774169922, 194.706344604, 402.691192627, 207.864730835, 177.24458313, 58.9615783691, 99.6247253418, 92.5077209473, 69.7968597412, 31.5217533112, 5.52984285355, 0.175478130579, 0.00508190644905, 0.000477498222608],
        "mean": [0.746507704258, 3.08733201027, 4.95205783844, 7.72645235062, 6.6055188179, 6.91593027115, 8.38357925415, 10.5178279877, 13.0898857117, 27.6742458344, 25.0789680481, 49.6455001831, 59.2169303894, 63.0688018799, 54.1107711792, 31.1708049774, 39.7482070923, 68.9167556763, 49.8114776611, 27.4888095856, 17.0761318207, 22.0349445343, 20.8181781769, 22.5116062164, 10.8607053757, 14.149230957, 13.8488130569, 10.3907604218, 8.42447280884, 6.68119335175, 7.85245895386, 4.15737819672, 2.81843018532, 1.8805577755, 1.64979588985, 0.506962954998, 0.0921035781503, 0.00460548233241, 0.000156642694492, 6.45604595775e-05],
        "median": [0.218613937497, 0.408680707216, 0.240277260542, 1.34553313255, 2.29955911636, 2.78341126442, 2.79936170578, 3.78340601921, 4.56722354889, 7.10746145248, 9.84644031525, 14.1786270142, 14.6126728058, 7.80570793152, 6.76106023788, 4.30607366562, 4.80737638474, 5.54029893875, 9.68710231781, 7.57791280746, 4.20314455032, 5.51180553436, 8.70098018646, 9.32556056976, 4.67147064209, 6.62102222443, 4.8124756813, 3.91439056396, 1.46629083157, 0.386957168579, 0.47483125329, 0.774123072624, 0.640329658985, 0.282215297222, 0.344886094332, 0.0699505209923, 0.00704468274489, 0.00031474098796, 4.31089683843e-05, 4.83136682305e-05],
        "min": [1.75555172177e-07, 1.47294019825e-06, 7.67831261328e-06, 2.80725944322e-05, 0.000167813966982, 0.0005437048967, 0.00114639475942, 0.00211376207881, 0.00247886800207, 0.0197800435126, 0.109451889992, 0.113179974258, 0.09192994982, 0.129387095571, 0.0461399778724, 0.0315626040101, 0.0290065892041, 0.0359411723912, 0.0438734963536, 0.0433551818132, 0.0237684436142, 0.0129820397124, 0.0300064198673, 0.0181642193347, 0.0178022291511, 0.00901033729315, 0.00618136720732, 0.0073457644321, 0.00334198144265, 0.0021636756137, 0.00232366030104, 0.00127155822702, 0.000216795349843, 0.000100024743006, 4.68413236376e-05, 9.91732304101e-06, 3.20296771861e-06, 2.48302711725e-07, 1.03069874058e-06, 1.53098972078e-06],
        "var": [1.57235753536, 46.2820663452, 98.8835830688, 287.165130615, 258.216491699, 241.537124634, 300.498199463, 389.15133667, 637.939208984, 4229.05126953, 2405.59350586, 8656.20019531, 14101.25, 24207.0976562, 18163.2265625, 7220.51025391, 6299.94482422, 21240.6855469, 7525.34570312, 3278.85351562, 1713.01159668, 3801.24121094, 1708.0357666, 1233.48010254, 465.580322266, 663.42590332, 922.170410156, 490.719024658, 556.679199219, 410.922912598, 373.833068848, 73.0522384644, 41.8392372131, 35.6204605103, 18.0880775452, 4.10637950897, 0.10753711313, 0.000251428195043, 1.76697469101e-07, 3.43015149618e-09]
    },
    "gfcc": {
        "mean": [-12.6544942856, 84.684173584, -124.290565491, 30.9544582367, -64.5747680664, 16.2342777252, -31.9965744019, 19.3159294128, -22.0735549927, 7.48044157028, -13.0203695297, -5.41300010681, -1.29431855679],
        "cov": [[4023.76074219, -867.378173828, 362.515319824, -317.532684326, -72.9446792603, 718.875244141, -524.482971191, -82.3611755371, -693.51574707, 93.0633773804, -183.198730469, 36.4658660889, -285.711120605], [-867.378173828, 2643.67895508, 955.809875488, 523.114074707, 863.664001465, -31.0610103607, 555.974060059, -149.721557617, 289.431488037, -211.264877319, 133.124160767, -153.966369629, 202.068481445], [362.515319824, 955.809875488, 2637.17114258, 706.550170898, 488.326873779, 621.112304688, -101.88420105, 10.086517334, 77.8057479858, -67.6650543213, 29.4173221588, 122.482559204, -97.2341842651], [-317.532684326, 523.114074707, 706.550170898, 1213.50366211, 350.107086182, -36.7556419373, 342.842681885, 66.1158218384, 540.21697998, -117.410797119, -8.01978111267, 74.6695556641, 69.3645172119], [-72.9446792603, 863.664001465, 488.326873779, 350.107086182, 660.414916992, 140.692626953, 264.941619873, 37.0806007385, 128.147888184, -26.0520095825, 11.2248592377, -18.0516586304, 87.829460144], [718.875244141, -31.0610103607, 621.112304688, -36.7556419373, 140.692626953, 637.542541504, -17.094877243, 20.8710136414, -140.500976562, 53.7581710815, 28.2087879181, 31.0162239075, -43.3824539185], [-524.482971191, 555.974060059, -101.88420105, 342.842681885, 264.941619873, -17.094877243, 623.682128906, 69.5647125244, 285.516998291, 3.04957580566, 50.1082992554, 22.9290561676, 111.022361755], [-82.3611755371, -149.721557617, 10.086517334, 66.1158218384, 37.0806007385, 20.8710136414, 69.5647125244, 307.336334229, 152.415802002, 96.8876876831, 37.5608177185, 44.6277885437, 45.1405143738], [-693.51574707, 289.431488037, 77.8057479858, 540.21697998, 128.147888184, -140.500976562, 285.516998291, 152.415802002, 610.551330566, 35.0943222046, 34.4019699097, 49.8204650879, 82.4099731445], [93.0633773804, -211.264877319, -67.6650543213, -117.410797119, -26.0520095825, 53.7581710815, 3.04957580566, 96.8876876831, 35.0943222046, 200.480804443, 44.4862289429, 22.5718669891, -32.552947998], [-183.198730469, 133.124160767, 29.4173221588, -8.01978111267, 11.2248592377, 28.2087879181, 50.1082992554, 37.5608177185, 34.4019699097, 44.4862289429, 148.432388306, 30.2149562836, 27.7724819183], [36.4658660889, -153.966369629, 122.482559204, 74.6695556641, -18.0516586304, 31.0162239075, 22.9290561676, 44.6277885437, 49.8204650879, 22.5718669891, 30.2149562836, 164.7681427, 31.0178813934], [-285.711120605, 202.068481445, -97.2341842651, 69.3645172119, 87.829460144, -43.3824539185, 111.022361755, 45.1405143738, 82.4099731445, -32.552947998, 27.7724819183, 31.0178813934, 178.241546631]],
        "icov": [[0.000533723505214, -0.000232026693993, 0.000310945062665, -0.000445811223472, 8.8085194875e-05, -0.000716021982953, 0.000462259573396, -0.000237805390498, 0.000682508107275, -0.000469781371066, 0.000812405487522, -0.000622862658929, 0.000596759549808], [-0.000232026693993, 0.00198334618472, -0.00110414647497, 0.00105824263301, -0.00164034357294, 0.00132193148602, -0.00135083124042, 0.00128577428404, -0.00101724325214, 0.00146202300675, -0.00223347148858, 0.00242337840609, -0.00132513104472], [0.000310945062665, -0.00110414647497, 0.00152101623826, -0.00117734062951, 0.00035918172216, -0.00161104602739, 0.00140884681605, -0.000761559233069, 0.000736895541195, -0.000569627329241, 0.00112582126167, -0.0019801214803, 0.00150874827523], [-0.000445811223472, 0.00105824263301, -0.00117734062951, 0.00303079979494, -0.00121694419067, 0.00127384392545, -0.00137127796188, 0.000786409596913, -0.00262652384117, 0.00237327022478, -0.00119498395361, 0.000977664953098, -0.000507499789819], [8.8085194875e-05, -0.00164034357294, 0.00035918172216, -0.00121694419067, 0.00404201541096, -0.00114766601473, 5.53479694645e-05, -0.00107952672988, 0.00112940836698, -0.00163871003315, 0.00206170603633, -0.000748885911889, -0.000374178402126], [-0.000716021982953, 0.00132193148602, -0.00161104602739, 0.00127384392545, -0.00114766601473, 0.00403603538871, -0.00167716934811, 0.000731590553187, -0.000477065565065, 0.000511200225446, -0.00216399342753, 0.00187757587992, -0.00128935393877], [0.000462259573396, -0.00135083124042, 0.00140884681605, -0.00137127796188, 5.53479694645e-05, -0.00167716934811, 0.00395419029519, -0.000771078339312, 0.000213302162592, -0.00114143197425, 0.0011796815088, -0.0020741049666, 0.000741454947274], [-0.000237805390498, 0.00128577428404, -0.000761559233069, 0.000786409596913, -0.00107952672988, 0.000731590553187, -0.000771078339312, 0.00547941122204, -0.00174968806095, -0.00113657151815, -0.00153690867592, 0.00119772378821, -0.00212528882548], [0.000682508107275, -0.00101724325214, 0.000736895541195, -0.00262652384117, 0.00112940836698, -0.000477065565065, 0.000213302162592, -0.00174968806095, 0.00523436116055, -0.00261486531235, 0.00162288011052, -0.00139908643905, 0.000401932134992], [-0.000469781371066, 0.00146202300675, -0.000569627329241, 0.00237327022478, -0.00163871003315, 0.000511200225446, -0.00114143197425, -0.00113657151815, -0.00261486531235, 0.00962122529745, -0.00371494633146, 0.00084589823382, 0.00168367626611], [0.000812405487522, -0.00223347148858, 0.00112582126167, -0.00119498395361, 0.00206170603633, -0.00216399342753, 0.0011796815088, -0.00153690867592, 0.00162288011052, -0.00371494633146, 0.0111127663404, -0.00379540841095, 0.000525442592334], [-0.000622862658929, 0.00242337840609, -0.0019801214803, 0.000977664953098, -0.000748885911889, 0.00187757587992, -0.0020741049666, 0.00119772378821, -0.00139908643905, 0.00084589823382, -0.00379540841095, 0.0107611436397, -0.00387175986543], [0.000596759549808, -0.00132513104472, 0.00150874827523, -0.000507499789819, -0.000374178402126, -0.00128935393877, 0.000741454947274, -0.00212528882548, 0.000401932134992, 0.00168367626611, 0.000525442592334, -0.00387175986543, 0.00975028518587]]
    },
    "melbands": {
        "dmean": [0.00399882858619, 0.00216254265979, 0.00129200820811, 0.00053886778187, 0.000291898963042, 0.000216616332182, 0.000176146015292, 0.000177971887751, 0.000142523247632, 0.000210918340599, 0.000165271500009, 0.000122428798932, 0.000103742706415, 6.08539085079e-05, 5.3631454648e-05, 7.19644594938e-05, 9.25252970774e-05, 4.9530492106e-05, 4.39771283709e-05, 2.25754884013e-05, 1.70867988345e-05, 2.06345703191e-05, 1.66063910001e-05, 1.43229581226e-05, 1.34593601615e-05, 5.67103188587e-06, 7.51107063479e-06, 7.24369283489e-06, 7.86980945122e-06, 6.02763793722e-06, 5.0350604397e-06, 4.9904529078e-06, 4.14546275351e-06, 4.47124739367e-06, 4.39629593529e-06, 2.69790757557e-06, 2.06566187444e-06, 1.76430557985e-06, 1.3273577224e-06, 1.37240624554e-06],
        "dmean2": [0.00639569666237, 0.00337643222883, 0.00236268900335, 0.000998045899905, 0.000521759153344, 0.000373303715605, 0.000304536195472, 0.000261397479335, 0.000221126625547, 0.000313316879328, 0.000238092165091, 0.000172660380485, 0.000149417028297, 9.1846275609e-05, 9.03151521925e-05, 0.000109873581096, 0.000137146227644, 7.32253538445e-05, 6.6149084887e-05, 3.61518941645e-05, 2.80069780274e-05, 3.2561012631e-05, 2.69356387435e-05, 2.31295070989e-05, 2.10665366467e-05, 8.93135347724e-06, 1.24522603073e-05, 1.18615171232e-05, 1.24734633573e-05, 9.75967941486e-06, 7.82770166552e-06, 7.88156103226e-06, 6.68567190587e-06, 7.50088793211e-06, 7.13217923476e-06, 4.13854195358e-06, 3.11843268719e-06, 2.71571320809e-06, 1.9896356207e-06, 2.05721607927e-06],
        "dvar": [7.45011566323e-05, 2.61481873167e-05, 1.26257018565e-05, 2.1525622742e-06, 4.99298664636e-07, 1.95540636128e-07, 1.39239816122e-07, 2.37124950786e-07, 1.40901903478e-07, 1.92251619069e-07, 1.44292457094e-07, 1.13537183211e-07, 5.99277214519e-08, 3.13608090607e-08, 2.32270274125e-08, 3.48331781197e-08, 4.48883525905e-08, 8.77165007296e-09, 1.16949276929e-08, 5.49470735578e-09, 2.38640018857e-09, 4.75138639544e-09, 1.94196103642e-09, 8.56114512615e-10, 7.2550360164e-10, 1.85972348632e-10, 4.39729641588e-10, 2.87986967606e-10, 4.24282664557e-10, 2.55544946315e-10, 1.39606867733e-10, 2.16347481596e-10, 1.22613752485e-10, 2.0041925064e-10, 1.26357979635e-10, 3.79677678186e-11, 1.8474749508e-11, 2.01901897978e-11, 1.45345445748e-11, 2.43943008155e-11],
        "dvar2": [0.000153197994223, 6.12484946032e-05, 3.64709048881e-05, 6.22052357357e-06, 1.40383235703e-06, 5.20327432696e-07, 3.53065331637e-07, 4.88296393542e-07, 3.18804836752e-07, 4.12084943946e-07, 3.21873073972e-07, 2.37219907717e-07, 1.1030159186e-07, 7.27816384938e-08, 6.23389766474e-08, 8.11514269117e-08, 9.67344391256e-08, 1.7310528122e-08, 2.49520883955e-08, 1.5231588435e-08, 6.03457150916e-09, 1.06110586984e-08, 5.21989562685e-09, 2.17051221441e-09, 1.80852033349e-09, 4.2609532569e-10, 1.16236265058e-09, 7.31316340818e-10, 9.76108194273e-10, 6.09443495669e-10, 3.19129805915e-10, 5.31855670616e-10, 2.8486446535e-10, 5.26468701967e-10, 3.15781706339e-10, 8.23606252642e-11, 3.69404958012e-11, 4.94841875809e-11, 3.26043012033e-11, 5.00018498828e-11],
        "max": [0.0527682378888, 0.0365702956915, 0.0203562043607, 0.00879909377545, 0.00429808627814, 0.00401497911662, 0.00531815551221, 0.0100156748667, 0.00552755920216, 0.00511690368876, 0.00617675436661, 0.00538717629388, 0.00442284625024, 0.00291248993017, 0.00159032922238, 0.00232842285186, 0.00257359608077, 0.00152624375187, 0.00169830711093, 0.00110502680764, 0.000456179259345, 0.00153189012781, 0.000681176024955, 0.000305346504319, 0.000256887753494, 0.000123406352941, 0.000203570351005, 0.00015410524793, 0.000206400247407, 0.000145410420373, 0.000117784518807, 0.000322433043038, 8.91193412826e-05, 0.000157436341397, 0.000112038702355, 4.98120825796e-05, 3.79037010134e-05, 7.56356967031e-05, 6.68485445203e-05, 0.000112590882054],
        "mean": [0.00584836211056, 0.00312545360066, 0.00129034847487, 0.000481214025058, 0.000295559701044, 0.000241773290327, 0.000208786848816, 0.000311501586111, 0.000199327754672, 0.000332718947902, 0.000279143860098, 0.000228848904953, 0.000210064739804, 9.21763275983e-05, 6.7995810241e-05, 9.53324415605e-05, 0.000141532116686, 8.31462893984e-05, 5.90800846112e-05, 2.28501576203e-05, 1.89365619008e-05, 2.38784032263e-05, 1.92710449483e-05, 1.97547742573e-05, 1.86680026673e-05, 6.60971227262e-06, 9.048638276e-06, 9.35177558858e-06, 9.69533994066e-06, 6.79778258927e-06, 5.77944092583e-06, 5.27301654074e-06, 3.70014276996e-06, 3.60292301593e-06, 4.69547148896e-06, 3.07938785227e-06, 2.5375147743e-06, 2.11768065128e-06, 1.5344461417e-06, 1.56951591634e-06],
        "median": [0.00151219242252, 0.000228587188758, 0.000309602764901, 0.000188486214029, 0.000114443246275, 8.73204262462e-05, 6.9997702667e-05, 7.37259033485e-05, 6.85869163135e-05, 8.58160492498e-05, 5.61391425435e-05, 2.23749011639e-05, 2.2028119929e-05, 1.2360727851e-05, 9.87466319202e-06, 9.07762569113e-06, 8.92428488442e-06, 9.63053298619e-06, 1.14097965707e-05, 3.83627366318e-06, 3.52239453605e-06, 5.1355323194e-06, 4.53595293948e-06, 9.20560887607e-06, 6.94337813911e-06, 2.31251942751e-06, 3.85328621633e-06, 4.19089246861e-06, 2.71490944215e-06, 2.3612676614e-06, 1.91481899492e-06, 9.37345532748e-07, 1.97712182626e-07, 1.39080398753e-07, 2.47200603098e-07, 2.70251916845e-07, 5.12935002916e-07, 4.71540971603e-07, 2.16690168031e-07, 1.7345895742e-07],
        "min": [4.31035457327e-10, 3.60917451481e-09, 6.83837386717e-09, 1.00976960127e-08, 1.46372300946e-08, 2.42488127356e-08, 3.06247791571e-08, 7.4222654689e-08, 3.10567088491e-07, 1.45516366956e-07, 9.52653422814e-08, 1.94416116983e-07, 1.22990115869e-07, 6.88715999786e-08, 2.68857611729e-08, 1.37034392722e-08, 1.34145903274e-08, 2.82393788353e-08, 1.66297411397e-08, 2.18122231388e-08, 1.49998875543e-08, 1.08265094667e-08, 1.18437553098e-08, 2.15379003521e-08, 1.32331221536e-08, 1.17497989116e-09, 8.25244761415e-09, 4.36409974824e-09, 1.44210876574e-09, 4.51861748019e-09, 1.71544145555e-09, 1.59800928046e-09, 1.14881515759e-11, 4.7733761388e-11, 6.65368760089e-10, 1.64708371941e-10, 1.76712353084e-10, 2.69920179957e-11, 4.12067976312e-14, 2.73029277138e-12],
