{
"highlevel": {
    "danceability": {
        "all": {
            "danceable": 0.971298635006,
            "not_danceable": 0.0287013407797
        },
        "probability": 0.971298635006,
        "value": "danceable"
    },
    "gender": {
        "all": {
            "female": 0.199384599924,
            "male": 0.800615370274
        },
        "probability": 0.800615370274,
        "value": "male"
    },
    "genre_dortmund": {
        "all": {
            "alternative": 0.136422917247,
            "blues": 0.0479271374643,
            "electronic": 0.12253344059,
            "folkcountry": 0.0385994724929,
            "funksoulrnb": 0.0251146424562,
            "jazz": 0.0382394269109,
            "pop": 0.0552629828453,
            "raphiphop": 0.0212365668267,
            "rock": 0.514663398266
        },
        "probability": 0.514663398266,
        "value": "rock"
    },
    "genre_electronic": {
        "all": {
            "ambient": 0.260516256094,
            "dnb": 0.18731546402,
            "house": 0.0575107298791,
            "techno": 0.0250704530627,
            "trance": 0.469587117434
        },
        "probability": 0.469587117434,
        "value": "trance"
    },
    "genre_rosamerica": {
        "all": {
            "cla": 0.00172534841113,
            "dan": 0.0824891924858,
            "hip": 0.0154292229563,
            "jaz": 0.0103070959449,
            "pop": 0.252611428499,
            "rhy": 0.00643999129534,
            "roc": 0.629931807518,
            "spe": 0.00106588599738
        },
        "probability": 0.629931807518,
        "value": "roc"
    },
    "genre_tzanetakis": {
        "all": {
            "blu": 0.0626613423228,
            "cla": 0.0348169617355,
            "cou": 0.104475811124,
            "dis": 0.0784321576357,
            "hip": 0.15692435205,
            "jaz": 0.313974827528,
            "met": 0.0448166541755,
            "pop": 0.0627359300852,
            "reg": 0.0627360641956,
            "roc": 0.0784258767962
        },
        "probability": 0.313974827528,
        "value": "jaz"
    },
    "ismir04_rhythm": {
        "all": {
            "ChaChaCha": 0.61770772934,
            "Jive": 0.128886699677,
            "Quickstep": 0.0302412062883,
            "Rumba-American": 0.0156467407942,
            "Rumba-International": 0.0107753649354,
            "Rumba-Misc": 0.00366328330711,
            "Samba": 0.0906608998775,
            "Tango": 0.0564917251468,
            "VienneseWaltz": 0.0402408502996,
            "Waltz": 0.00568550359458
        },
        "probability": 0.61770772934,
        "value": "ChaChaCha"
    },
    "mood_acoustic": {
        "all": {
            "acoustic": 0.0122171230614,
            "not_acoustic": 0.987782895565
        },
        "probability": 0.987782895565,
        "value": "not_acoustic"
    },
    "mood_aggressive": {
        "all": {
            "aggressive": 0.857027828693,
            "not_aggressive": 0.142972186208
        },
        "probability": 0.857027828693,
        "value": "aggressive"
    },
    "mood_electronic": {
        "all": {
            "electronic": 0.438494056463,
            "not_electronic": 0.561505973339
        },
        "probability": 0.561505973339,
        "value": "not_electronic"
    },
    "mood_happy": {
        "all": {
            "happy": 0.261899977922,
            "not_happy": 0.738099992275
        },
        "probability": 0.738099992275,
        "value": "not_happy"
    },
    "mood_party": {
        "all": {
            "not_party": 0.517149806023,
            "party": 0.482850193977
        },
        "probability": 0.517149806023,
        "value": "not_party"
    },
    "mood_relaxed": {
        "all": {
            "not_relaxed": 0.829800844193,
            "relaxed": 0.170199170709
        },
        "probability": 0.829800844193,
        "value": "not_relaxed"
    },
    "mood_sad": {
        "all": {
            "not_sad": 0.94007486105,
            "sad": 0.0599251203239
        },
        "probability": 0.94007486105,
        "value": "not_sad"
    },
    "moods_mirex": {
        "all": {
            "Cluster1": 0.232726961374,
            "Cluster2": 0.0491542071104,
            "Cluster3": 0.0230906903744,
            "Cluster4": 0.0324652381241,
            "Cluster5": 0.662562906742
        },
        "probability": 0.662562906742,
        "value": "Cluster5"
    },
    "timbre": {
        "all": {
            "bright": 0.664180159569,
            "dark": 0.335819810629
        },
        "probability": 0.664180159569,
        "value": "bright"
    },
    "tonal_atonal": {
        "all": {
            "atonal": 0.0124997245148,
            "tonal": 0.98750025034
        },
        "probability": 0.98750025034,
        "value": "tonal"
    },
    "voice_instrumental": {
        "all": {
            "instrumental": 0.00230570347048,
            "voice": 0.997694313526
        },
        "probability": 0.997694313526,
        "value": "voice"
    }
},
"lowlevel": {
    "average_loudness": 0.981075763702,
    "barkbands_crest": {
        "dmean": 3.2468457222,
        "dmean2": 5.37418937683,
        "dvar": 10.2299489975,
        "dvar2": 24.9728126526,
        "max": 24.7936840057,
        "mean": 10.6725931168,
        "median": 9.94911766052,
        "min": 2.27274799347,
        "var": 21.8692855835
    },
    "barkbands_flatness_db": {
        "dmean": 0.021676145494,
        "dmean2": 0.0345850139856,
        "dvar": 0.00044195324881,
        "dvar2": 0.000995212234557,
        "max": 0.260206997395,
        "mean": 0.12659984827,
        "median": 0.120946772397,
        "min": 0.0382873006165,
        "var": 0.00137178960722
    },
    "barkbands_kurtosis": {
        "dmean": 2.43606829643,
        "dmean2": 3.88976693153,
        "dvar": 16.6911525726,
        "dvar2": 38.1637763977,
        "max": 54.6140937805,
        "mean": 2.70407056808,
        "median": 1.51563119888,
        "min": -1.80504655838,
        "var": 23.4651317596
    },
    "barkbands_skewness": {
        "dmean": 0.536854863167,
        "dmean2": 0.830036401749,
        "dvar": 0.337010651827,
        "dvar2": 0.753007054329,
        "max": 6.59803056717,
        "mean": 1.45692646503,
        "median": 1.34506690502,
        "min": -1.15270245075,
        "var": 0.969200074673
    },
    "barkbands_spread": {
        "dmean": 6.70350122452,
        "dmean2": 10.3133230209,
        "dvar": 50.5905151367,
        "dvar2": 101.686508179,
        "max": 89.7955322266,
        "mean": 27.2609214783,
        "median": 24.8073482513,
        "min": 3.33856272697,
        "var": 216.562911987
    },
    "dissonance": {
        "dmean": 0.0133237503469,
        "dmean2": 0.0215842258185,
        "dvar": 0.000191148385056,
        "dvar2": 0.000480579241412,
        "max": 0.499635130167,
        "mean": 0.474123030901,
        "median": 0.481547772884,
        "min": 0.337075233459,
        "var": 0.000591150776017
    },
    "dynamic_complexity": 1.83389484882,
    "erbbands_crest": {
        "dmean": 2.42599177361,
        "dmean2": 3.85916233063,
        "dvar": 7.39633846283,
        "dvar2": 17.0930805206,
        "max": 29.957359314,
        "mean": 7.9000825882,
        "median": 5.99429702759,
        "min": 2.27889823914,
        "var": 28.0720157623
    },
    "erbbands_flatness_db": {
        "dmean": 0.0143406130373,
        "dmean2": 0.0205212458968,
        "dvar": 0.000209795296541,
        "dvar2": 0.000408699735999,
        "max": 0.282493889332,
        "mean": 0.141918569803,
        "median": 0.135858342052,
        "min": 0.0561570674181,
        "var": 0.00174113921821
    },
    "erbbands_kurtosis": {
        "dmean": 0.774517774582,
        "dmean2": 1.21562516689,
        "dvar": 1.58429586887,
        "dvar2": 3.56503224373,
        "max": 17.9357013702,
        "mean": 0.284276008606,
        "median": -0.242445707321,
        "min": -1.67415773869,
        "var": 3.31677818298
    },
    "erbbands_skewness": {
        "dmean": 0.316715180874,
        "dmean2": 0.480071008205,
        "dvar": 0.101490743458,
        "dvar2": 0.208981022239,
        "max": 4.01178026199,
        "mean": 0.173773080111,
        "median": -0.0129362149164,
        "min": -2.29971814156,
        "var": 0.575595974922
    },
    "erbbands_spread": {
        "dmean": 6.64700651169,
        "dmean2": 10.2251853943,
        "dvar": 44.442615509,
        "dvar2": 109.607139587,
        "max": 117.622070312,
        "mean": 39.6249275208,
        "median": 39.9102363586,
        "min": 5.44816303253,
        "var": 227.783935547
    },
    "hfc": {
        "dmean": 7.09313774109,
        "dmean2": 10.5409393311,
        "dvar": 93.0020828247,
        "dvar2": 194.837615967,
        "max": 130.096893311,
        "mean": 30.3772773743,
        "median": 23.6558876038,
        "min": 4.62468385696,
        "var": 354.013458252
    },
    "melbands_crest": {
        "dmean": 3.73632097244,
        "dmean2": 6.03950405121,
        "dvar": 11.3531885147,
        "dvar2": 27.9096393585,
        "max": 31.3484306335,
        "mean": 16.6741485596,
        "median": 16.6004638672,
        "min": 4.03569078445,
        "var": 36.9916534424
    },
    "melbands_flatness_db": {
        "dmean": 0.0263946317136,
        "dmean2": 0.0412680841982,
        "dvar": 0.000715095258784,
        "dvar2": 0.00157035642769,
        "max": 0.351582616568,
        "mean": 0.167391777039,
        "median": 0.164821535349,
        "min": 0.0439386479557,
        "var": 0.00240610260516
    },
    "melbands_kurtosis": {
        "dmean": 6.64804887772,
        "dmean2": 10.5361919403,
        "dvar": 118.213043213,
        "dvar2": 271.466430664,
        "max": 148.383575439,
        "mean": 12.2895126343,
        "median": 8.49141693115,
        "min": -1.2750762701,
        "var": 194.835098267
    },
    "melbands_skewness": {
        "dmean": 0.750240325928,
        "dmean2": 1.16098678112,
        "dvar": 0.677333891392,
        "dvar2": 1.50816249847,
        "max": 9.82902145386,
        "mean": 2.7233068943,
        "median": 2.60502767563,
        "min": -0.995096623898,
        "var": 2.41723132133
    },
    "melbands_spread": {
        "dmean": 8.18804454803,
        "dmean2": 12.8276815414,
        "dvar": 93.7563018799,
        "dvar2": 219.091079712,
        "max": 167.815856934,
        "mean": 25.8421993256,
        "median": 21.7804546356,
        "min": 1.86631989479,
        "var": 282.255187988
    },
    "pitch_salience": {
        "dmean": 0.087389305234,
        "dmean2": 0.142539814115,
        "dvar": 0.00650045322254,
        "dvar2": 0.0158239044249,
        "max": 0.826240956783,
        "mean": 0.519767343998,
        "median": 0.528599917889,
        "min": 0.135250404477,
        "var": 0.0168245416135
    },
    "silence_rate_20dB": {
        "dmean": 0,
        "dmean2": 0,
        "dvar": 0,
        "dvar2": 0,
        "max": 1,
        "mean": 1,
        "median": 1,
        "min": 1,
        "var": 0
    },
    "silence_rate_30dB": {
        "dmean": 0,
        "dmean2": 0,
        "dvar": 0,
        "dvar2": 0,
        "max": 1,
        "mean": 1,
        "median": 1,
        "min": 1,
        "var": 0
    },
    "silence_rate_60dB": {
        "dmean": 0.00154798757285,
        "dmean2": 0.00309837330133,
        "dvar": 0.00154557952192,
        "dvar2": 0.00308871199377,
        "max": 1,
        "mean": 0.00154679035768,
        "median": 0,
        "min": 0,
        "var": 0.00154438964091
    },
    "spectral_centroid": {
        "dmean": 277.612426758,
        "dmean2": 436.158752441,
        "dvar": 73179.6015625,
        "dvar2": 172015.25,
        "max": 3936.18676758,
        "mean": 1732.21813965,
        "median": 1694.34606934,
        "min": 451.887023926,
        "var": 259065.140625
    },
    "spectral_complexity": {
        "dmean": 4.1919503212,
        "dmean2": 6.65453147888,
        "dvar": 13.054517746,
        "dvar2": 29.9735908508,
        "max": 58,
        "mean": 28.592420578,
        "median": 28,
        "min": 3,
        "var": 56.8866386414
    },
    "spectral_decrease": {
        "dmean": 2.71403521879e-09,
        "dmean2": 4.23746815414e-09,
        "dvar": 9.88699703991e-18,
        "dvar2": 2.26992868832e-17,
        "max": -3.44826694976e-10,
        "mean": -8.49335624054e-09,
        "median": -7.66755903214e-09,
        "min": -3.23718474249e-08,
        "var": 1.64434125547e-17
    },
    "spectral_energy": {
        "dmean": 0.0105556286871,
        "dmean2": 0.0164284221828,
        "dvar": 0.000142876990139,
        "dvar2": 0.000330408511218,
        "max": 0.123763747513,
        "mean": 0.0348112136126,
        "median": 0.031393378973,
        "min": 0.00184308970347,
        "var": 0.000246999959927
    },
    "spectral_energyband_high": {
        "dmean": 0.000530331861228,
        "dmean2": 0.000764796917792,
        "dvar": 1.3205109326e-06,
        "dvar2": 2.47039633905e-06,
        "max": 0.0149326166138,
        "mean": 0.0013667246094,
        "median": 0.000918667938095,
        "min": 4.48852115369e-05,
        "var": 3.27209704665e-06
    },
    "spectral_energyband_low": {
        "dmean": 0.0066548846662,
        "dmean2": 0.0103784287348,
        "dvar": 0.000133406065288,
        "dvar2": 0.000287941598799,
        "max": 0.115849032998,
        "mean": 0.0139745241031,
        "median": 0.0111295385286,
        "min": 8.5065867097e-06,
        "var": 0.000239483764744
    },
    "spectral_energyband_middle_high": {
        "dmean": 0.00276167900302,
        "dmean2": 0.0042747114785,
        "dvar": 2.30614205066e-05,
        "dvar2": 5.61401320738e-05,
        "max": 0.0669767409563,
        "mean": 0.00837430078536,
        "median": 0.00581709574908,
        "min": 0.000341446720995,
        "var": 6.47417473374e-05
    },
    "spectral_energyband_middle_low": {
        "dmean": 0.0056202202104,
        "dmean2": 0.00897620711476,
        "dvar": 8.10707351775e-05,
        "dvar2": 0.000200646638405,
        "max": 0.0757124572992,
        "mean": 0.0118179470301,
        "median": 0.00763229420409,
        "min": 0.000215206004214,
        "var": 0.000146114281961
    },
    "spectral_entropy": {
        "dmean": 0.103443615139,
        "dmean2": 0.155096620321,
        "dvar": 0.010409321636,
        "dvar2": 0.0222509149462,
        "max": 8.54574108124,
        "mean": 7.83660984039,
        "median": 7.83420228958,
        "min": 7.04450178146,
        "var": 0.0619240663946
    },
    "spectral_flux": {
        "dmean": 0.0264130663127,
        "dmean2": 0.0425471030176,
        "dvar": 0.000821706198622,
        "dvar2": 0.00183995463885,
        "max": 0.285182923079,
        "mean": 0.100358389318,
        "median": 0.0906246080995,
        "min": 0.0279850699008,
        "var": 0.00182797166053
    },
    "spectral_kurtosis": {
        "dmean": 0.883096694946,
        "dmean2": 1.48523974419,
        "dvar": 0.704664230347,
        "dvar2": 1.98122751713,
        "max": 9.5916519165,
        "mean": 3.23258543015,
        "median": 3.08231306076,
        "min": -0.445615768433,
        "var": 1.8373041153
    },
    "spectral_rms": {
        "dmean": 0.000841997447424,
        "dmean2": 0.00130244309548,
        "dvar": 7.16122428912e-07,
        "dvar2": 1.64325194874e-06,
        "max": 0.0109884086996,
        "mean": 0.00569627294317,
        "median": 0.00553422840312,
        "min": 0.00134094606619,
        "var": 1.51466815623e-06
    },
    "spectral_rolloff": {
        "dmean": 621.613769531,
        "dmean2": 982.088195801,
        "dvar": 742565.1875,
        "dvar2": 1407702.75,
        "max": 10012.9394531,
        "mean": 1700.1907959,
        "median": 1378.125,
        "min": 86.1328125,
        "var": 2265655.75
    },
    "spectral_skewness": {
        "dmean": 0.136490300298,
        "dmean2": 0.217951953411,
        "dvar": 0.0146644152701,
        "dvar2": 0.0349823273718,
        "max": 2.19169306755,
        "mean": 1.31316375732,
        "median": 1.32382178307,
        "min": 0.089560598135,
        "var": 0.081728503108
    },
    "spectral_spread": {
        "dmean": 426751.34375,
        "dmean2": 608139.3125,
        "dvar": 329856516096,
        "dvar2": 469078999040,
        "max": 17449734,
        "mean": 4591876,
        "median": 4487097.5,
        "min": 2455879.5,
        "var": 1.27399677133e+12
    },
    "spectral_strongpeak": {
        "dmean": 0.579331338406,
        "dmean2": 0.953374445438,
        "dvar": 0.915862560272,
        "dvar2": 2.21786618233,
        "max": 10.4762077332,
        "mean": 1.24953579903,
        "median": 0.43407151103,
        "min": 0.0449190922081,
        "var": 3.16877651215
    },
    "zerocrossingrate": {
        "dmean": 0.0113873081282,
        "dmean2": 0.0133447153494,
        "dvar": 0.000139934127219,
        "dvar2": 0.000159985487699,
        "max": 0.25537109375,
        "mean": 0.0684726685286,
        "median": 0.06298828125,
        "min": 0.0146484375,
        "var": 0.0010597424116
    },
    "barkbands": {
        "dmean": [0.000216699001612, 0.00567439012229, 0.00231479224749, 0.000757596455514, 0.00228589447215, 0.000909330847207, 0.000450081512099, 0.000761820119806, 0.00251077930443, 0.000494201376569, 0.00126158085186, 0.000991674605757, 0.000596048426814, 0.000359542958904, 0.000306528701913, 0.000380833138479, 0.00021821410337, 0.000223554074182, 0.000256884901319, 0.000271319149761, 0.00013501070498, 8.94611002877e-05, 0.000123261736007, 0.00012476577831, 7.27844089852e-05, 4.18028248532e-05, 2.88614128152e-08],
        "dmean2": [0.00035434824531, 0.00896636303514, 0.0039059293922, 0.00132294651121, 0.00413202401251, 0.00146795727778, 0.00074360758299, 0.00124644499738, 0.00351491221227, 0.000807795557193, 0.0020600091666, 0.00157108402345, 0.000973859103397, 0.000597343256231, 0.00050361675676, 0.000643179228064, 0.000357622222509, 0.00035551932524, 0.000407343264669, 0.000444614415755, 0.000210922502447, 0.00014172992087, 0.000185842611245, 0.000185435259482, 0.00010957520135, 6.25534667051e-05, 5.24107228728e-08],
        "dvar": [3.12596768026e-07, 0.000126027196529, 1.37102306326e-05, 1.91589515453e-06, 3.99503260269e-05, 2.102065082e-06, 6.8896048333e-07, 2.14004171539e-06, 3.19816062984e-05, 7.28545444417e-07, 1.33646535687e-05, 7.75724311097e-06, 1.86929889878e-06, 2.87632673235e-07, 1.78039073262e-07, 2.85503773512e-07, 9.61517372389e-08, 9.88703732219e-08, 1.42079500165e-07, 2.57916894952e-07, 6.91089923066e-08, 4.47858212738e-08, 1.00674768078e-07, 1.74612367232e-07, 3.28133111793e-08, 2.19320934747e-08, 1.70240357862e-14],
        "dvar2": [7.72424868956e-07, 0.000282588938717, 3.76860880351e-05, 5.16264253747e-06, 0.000113796544611, 5.44398153579e-06, 1.80620725132e-06, 5.14283738084e-06, 5.74323930778e-05, 1.60734157362e-06, 3.61202364729e-05, 1.7042422769e-05, 4.84645352117e-06, 7.70255780935e-07, 4.49741605735e-07, 7.61419130413e-07, 2.39125313328e-07, 2.29738631674e-07, 3.12431382099e-07, 6.43314251647e-07, 1.61456583214e-07, 9.23722467405e-08, 1.97208024133e-07, 3.72906811208e-07, 6.73116034022e-08, 3.9435018806e-08, 4.82199763246e-14],
        "max": [0.00529955048114, 0.100259907544, 0.0518808662891, 0.0145280417055, 0.0519257374108, 0.0150772221386, 0.0139944441617, 0.0172470919788, 0.0744903460145, 0.0140452720225, 0.0490284338593, 0.041624084115, 0.0181308370084, 0.00836582574993, 0.00703743519261, 0.00660388777032, 0.00584560958669, 0.00437549222261, 0.00460950285196, 0.00750148342922, 0.00485442858189, 0.00395313510671, 0.00409785239026, 0.00692616216838, 0.00315151456743, 0.00277611031197, 2.15345085053e-06],
        "mean": [0.000225636904361, 0.00867814384401, 0.00458276132122, 0.000934700656217, 0.00251792208292, 0.00167028349824, 0.000702555582393, 0.00116915313993, 0.00441599590704, 0.000840266002342, 0.00172095489688, 0.00140626344364, 0.000858929473907, 0.000650267640594, 0.000571545562707, 0.000725883466657, 0.00042142093298, 0.000443833851023, 0.000574889534619, 0.000535251805559, 0.000292065640679, 0.000181418959983, 0.000239790562773, 0.000235807077843, 0.000143539495184, 7.19203308108e-05, 2.08192307838e-08],
        "median": [5.07518052473e-05, 0.00573952449486, 0.00275390758179, 0.000522994552739, 0.000848185794894, 0.00106893561315, 0.00045146048069, 0.000465996796265, 0.00072310800897, 0.000474873057101, 0.000376627460355, 0.000527240452357, 0.000320910883602, 0.000468780461233, 0.000431638589362, 0.000534545863047, 0.000331860210281, 0.000325809261994, 0.000425654608989, 0.000324112188537, 0.000205862277653, 0.00011177797569, 0.000126245126012, 0.000120409291412, 8.25569732115e-05, 2.55354407273e-05, 1.2573878605e-09],
        "min": [4.42588756755e-08, 4.04330990023e-07, 2.45146168254e-07, 6.41019468617e-08, 3.6566198105e-05, 2.83221856989e-06, 4.43339285994e-06, 2.12789382203e-06, 1.2461838196e-05, 4.53387428934e-06, 7.0205328484e-06, 3.14991689265e-06, 1.83360170922e-05, 1.06236620923e-05, 1.31140695885e-05, 3.15233555739e-05, 3.2812673453e-05, 3.97874937335e-05, 1.86946435861e-05, 2.81954526145e-05, 6.96251026966e-06, 3.50368668478e-06, 7.56812028158e-07, 3.77397014972e-07, 1.29459223785e-07, 1.16600670091e-11, 5.40566636592e-12],
        "var": [3.210974171e-07, 0.000158157912665, 2.72609449894e-05, 1.6940474552e-06, 2.98855466099e-05, 3.30797138304e-06, 8.05691740879e-07, 3.90108289139e-06, 0.000109832297312, 1.48303149672e-06, 2.20841448026e-05, 1.03047941593e-05, 2.69931729235e-06, 4.56972770735e-07, 2.92557899684e-07, 4.99925988606e-07, 1.45291920717e-07, 1.7882979364e-07, 2.88954623784e-07, 4.29996021012e-07, 1.08697193468e-07, 9.62716200092e-08, 2.24192675091e-07, 3.18900475804e-07, 6.69034889711e-08, 5.47445822008e-08, 1.10012325787e-14]
    },
    "erbbands": {
        "dmean": [0.167526960373, 1.3229663372, 2.61077284813, 2.33615517616, 5.54539060593, 8.2558965683, 6.8093290329, 8.15277194977, 6.04137468338, 11.4434661865, 17.2050380707, 56.7943344116, 32.4619102478, 14.045255661, 68.3997879028, 30.844203949, 23.7947425842, 21.5328464508, 14.1391887665, 17.8643321991, 16.529964447, 11.5670461655, 12.4859046936, 10.4553041458, 15.4563779831, 12.1853580475, 6.54856204987, 4.43986225128, 3.39607739449, 3.04286813736, 3.50103402138, 3.0110013485, 1.89469277859, 0.955578684807, 0.493554323912, 0.227634340525, 0.0759258195758, 0.00692523736507, 0.000124518090161, 1.55832021846e-05],
        "dmean2": [0.269390374422, 2.10351467133, 4.36381721497, 4.01786422729, 9.9930562973, 15.0991401672, 11.0493021011, 13.4874010086, 9.89867591858, 18.4697589874, 27.1340007782, 77.397605896, 48.7559356689, 22.4387569427, 108.834754944, 48.7181091309, 38.4127082825, 35.2991256714, 23.5493679047, 30.250164032, 27.7149734497, 18.85688591, 20.0311164856, 17.0508365631, 25.0031356812, 19.7831096649, 10.1587085724, 6.98330068588, 5.37934494019, 4.57519340515, 5.32460403442, 4.57161951065, 2.82924294472, 1.41976392269, 0.761841118336, 0.35245347023, 0.112616576254, 0.0109386881813, 0.000193993240828, 2.3519498427e-05],
        "dvar": [0.172940582037, 6.1434636116, 17.786485672, 16.9899406433, 211.305633545, 571.189697266, 129.787902832, 194.057678223, 163.808059692, 386.137939453, 1213.44458008, 17794.1230469, 3852.65600586, 818.637756348, 38559.2304688, 10421.9570312, 2668.02783203, 1167.40087891, 420.088867188, 380.97869873, 559.2734375, 277.866546631, 346.925048828, 201.749008179, 744.261291504, 493.204101562, 145.867431641, 84.582824707, 69.6448059082, 45.2574272156, 99.6944198608, 108.609832764, 32.1706695557, 5.49813604355, 1.92728638649, 0.833833515644, 0.0481998920441, 0.000400269957026, 1.31467359665e-07, 4.65194438526e-10],
        "dvar2": [0.385388851166, 15.0043506622, 49.2747039795, 46.0988349915, 598.706237793, 1629.57299805, 337.413024902, 511.007507324, 442.00793457, 885.666992188, 2804.81420898, 29621.2949219, 8490.73046875, 1979.81298828, 99864.765625, 25552.3476562, 6594.23291016, 3069.08886719, 1075.08642578, 1001.13427734, 1478.57421875, 663.221557617, 841.373168945, 485.652923584, 1605.50488281, 1220.22277832, 356.042999268, 194.68888855, 153.298034668, 84.1626434326, 193.781860352, 237.143173218, 68.3917236328, 11.8728780746, 4.05244541168, 1.62692344189, 0.0823843926191, 0.000833071651869, 2.56002465449e-07, 8.94927743023e-10],
        "max": [3.2941236496, 22.9848499298, 62.0343475342, 44.6741104126, 114.771148682, 214.291854858, 159.91506958, 154.99786377, 274.736846924, 294.049194336, 542.154785156, 1875.95983887, 841.244567871, 524.298828125, 2811.06616211, 1930.68029785, 705.971862793, 484.440429688, 347.346618652, 228.875976562, 290.518768311, 268.37097168, 226.365905762, 223.064758301, 322.218200684, 306.84085083, 236.146377563, 146.276855469, 129.528121948, 125.771034241, 139.645324707, 156.400039673, 98.5755157471, 39.16065979, 27.4634647369, 17.5431976318, 3.97187256813, 0.394463032484, 0.00717485882342, 0.000410727458075],
        "mean": [0.211615681648, 2.07748150826, 5.75692129135, 3.69943141937, 5.43040132523, 8.45294570923, 12.1370983124, 13.8274469376, 10.4462518692, 19.347826004, 27.9806747437, 102.944862366, 57.2008476257, 25.2725048065, 97.9934234619, 46.3532295227, 37.8309288025, 37.7834129333, 28.117275238, 38.4163627625, 34.4257011414, 24.52617836, 24.8038921356, 24.6556835175, 32.9297637939, 25.0699958801, 14.1772708893, 9.63956451416, 6.6643743515, 6.15820455551, 6.8100938797, 5.33522796631, 3.61748361588, 1.86986398697, 0.887889146805, 0.390746086836, 0.120727553964, 0.00964620802552, 0.00021040221327, 5.3677118558e-05],
        "median": [0.0981292948127, 1.44397294521, 3.82135772705, 2.4903383255, 2.13052868843, 2.80222344398, 4.41640520096, 8.83704566956, 6.57279777527, 9.13184356689, 11.3924617767, 16.7756938934, 24.1932010651, 15.7120285034, 17.8670368195, 21.5570716858, 16.5400257111, 25.193113327, 21.0300521851, 31.5291461945, 25.6695842743, 18.9477329254, 17.2512016296, 19.5432128906, 21.3625659943, 15.8522090912, 9.97250270844, 6.76642274857, 4.02639770508, 3.74358177185, 3.41618776321, 2.54890584946, 1.9898879528, 1.06900238991, 0.456097453833, 0.144936457276, 0.0415115989745, 0.00265152263455, 8.22205256554e-05, 4.53931643278e-05],
        "min": [2.45134087891e-05, 0.000306667963741, 0.00425159465522, 0.0127319600433, 0.0173172522336, 0.0800426751375, 0.0700339227915, 0.0382500179112, 0.03589932248, 0.108869768679, 0.235816270113, 0.29110661149, 0.800105988979, 0.688037276268, 0.506333112717, 0.276741057634, 1.02495920658, 1.27726519108, 0.958979964256, 1.70858728886, 2.25141596794, 2.21379446983, 2.37440299988, 1.4067029953, 0.937110006809, 1.29431593418, 0.380688220263, 0.24937300384, 0.15259590745, 0.0889925211668, 0.0134656429291, 0.0102155199274, 0.00705604394898, 0.00278111849912, 0.000365281419363, 4.24382596975e-05, 1.17008830784e-05, 2.2847418677e-06, 7.608323358e-06, 8.91585750651e-06],
        "var": [0.19016058743, 7.34144544601, 38.6019515991, 18.061914444, 151.488845825, 396.960449219, 298.790130615, 260.484680176, 165.179382324, 825.036376953, 2494.19921875, 65759.2109375, 9254.27734375, 1157.61572266, 71983.0625, 11016.7255859, 4319.5625, 1580.83544922, 669.405517578, 702.954467773, 1006.43920898, 465.901184082, 605.672729492, 379.113220215, 1481.24121094, 847.338439941, 212.752685547, 149.043289185, 131.703598022, 104.686180115, 220.22102356, 207.345123291, 53.6493148804, 9.82201099396, 3.58996939659, 1.87446224689, 0.119567602873, 0.00083185301628, 2.9836976978e-07, 1.27773347458e-09]
    },
    "gfcc": {
        "mean": [44.8636932373, 77.620552063, -130.897979736, 38.3281478882, -58.9621391296, 23.3646240234, -35.7925834656, 18.5297584534, -25.0007419586, 5.33228874207, -14.1811952591, -3.09960722923, -7.78020763397],
        "cov": [[781.100158691, -536.066833496, 179.703842163, -130.08039856, -72.8555755615, 102.035797119, -97.195640564, 46.7883415222, -150.910125732, 54.5902671814, -113.012275696, 103.847702026, -106.223587036], [-536.066833496, 1253.48852539, -41.3604316711, 439.789367676, 265.683685303, -49.2899589539, 234.948577881, -78.6753997803, 251.348495483, -0.335857272148, 277.346557617, -127.737663269, 138.948135376], [179.703842163, -41.3604316711, 544.552978516, 244.386077881, 162.258651733, 110.787963867, -19.4758968353, 38.5252304077, 19.8437480927, 104.955314636, -53.4453125, 55.5646209717, -66.8414611816], [-130.08039856, 439.789367676, 244.386077881, 547.493347168, 190.686538696, 107.440765381, 104.19303894, -16.3231315613, 172.620941162, 62.8113746643, 134.068359375, -53.0970993042, 34.5922698975], [-72.8555755615, 265.683685303, 162.258651733, 190.686538696, 266.192596436, 81.9091110229, 100.151489258, 34.62865448, 56.073600769, 54.6258087158, 55.2677955627, 8.59416866302, 11.6745557785], [102.035797119, -49.2899589539, 110.787963867, 107.440765381, 81.9091110229, 173.441589355, 59.8445663452, 55.5262870789, 33.8299751282, 38.2802238464, 13.3204879761, 12.6966218948, -11.426024437], [-97.195640564, 234.948577881, -19.4758968353, 104.19303894, 100.151489258, 59.8445663452, 153.237319946, 49.3025779724, 87.7542572021, 15.4989719391, 64.0651245117, -35.429309845, 22.1760044098], [46.7883415222, -78.6753997803, 38.5252304077, -16.3231315613, 34.62865448, 55.5262870789, 49.3025779724, 120.584014893, 41.0385437012, 34.1648445129, -29.6134719849, -11.5318441391, -21.5942134857], [-150.910125732, 251.348495483, 19.8437480927, 172.620941162, 56.073600769, 33.8299751282, 87.7542572021, 41.0385437012, 169.48600769, 32.4275169373, 65.6816635132, -59.302444458, 25.8189430237], [54.5902671814, -0.335857272148, 104.955314636, 62.8113746643, 54.6258087158, 38.2802238464, 15.4989719391, 34.1648445129, 32.4275169373, 79.3276138306, 8.45557594299, 11.662733078, -20.8353614807], [-113.012275696, 277.346557617, -53.4453125, 134.068359375, 55.2677955627, 13.3204879761, 64.0651245117, -29.6134719849, 65.6816635132, 8.45557594299, 134.023895264, -9.51548099518, 43.7337036133], [103.847702026, -127.737663269, 55.5646209717, -53.0970993042, 8.59416866302, 12.6966218948, -35.429309845, -11.5318441391, -59.302444458, 11.662733078, -9.51548099518, 92.5621185303, 1.62028133869], [-106.223587036, 138.948135376, -66.8414611816, 34.5922698975, 11.6745557785, -11.426024437, 22.1760044098, -21.5942134857, 25.8189430237, -20.8353614807, 43.7337036133, 1.62028133869, 75.6098175049]],
        "icov": [[0.00263074529357, -2.77321851172e-05, -0.000155903122504, -0.000335458666086, 0.00139510887675, -0.00155939697288, 9.76424416876e-05, -0.000834516249597, 0.00207529473118, -0.00136465916876, 0.000251916731941, -0.00157574715558, 0.00184782629367], [-2.77321851172e-05, 0.00426948675886, -0.00146965484601, 0.000458881870145, -0.00279006757773, 0.00330597045831, -0.00300155696459, 0.00280430121347, -0.00188642845023, 0.00117177353241, -0.00486388523132, 0.00427252659574, -0.00309366732836], [-0.000155903122504, -0.00146965484601, 0.00680944416672, -0.00391002465039, -0.00119135819841, -0.00145738106221, 0.0026967052836, -0.000734165369067, -0.000320759165334, -0.00305245560594, 0.00716789532453, -0.0060955202207, 0.00450650695711], [-0.000335458666086, 0.000458881870145, -0.00391002465039, 0.00719991419464, -0.00165083084721, -0.00165858294349, 0.000229474928346, 0.00356127065606, -0.0036428947933, 0.00063903973205, -0.00547630758956, 0.00546804908663, -0.00264068995602], [0.00139510887675, -0.00279006757773, -0.00119135819841, -0.00165083084721, 0.0105958590284, -0.00274621252902, -0.00311441300437, -0.00310368393548, 0.00490399682894, -0.00345699605532, 0.00201257271692, -0.00406745169312, 0.00106116861571], [-0.00155939697288, 0.00330597045831, -0.00145738106221, -0.00165858294349, -0.00274621252902, 0.0130548020825, -0.00536648323759, -0.00127763056662, -0.00116678373888, 0.0016215298092, -0.00367317954078, 0.00119613367133, -0.0022455486469], [9.76424416876e-05, -0.00300155696459, 0.0026967052836, 0.000229474928346, -0.00311441300437, -0.00536648323759, 0.0191644523293, -0.0070341527462, -0.00229510106146, 0.00185774348211, -0.00144881824963, -0.000144930061651, 0.00210899906233], [-0.000834516249597, 0.00280430121347, -0.000734165369067, 0.00356127065606, -0.00310368393548, -0.00127763056662, -0.0070341527462, 0.0202020499855, -0.00758233852684, -0.00389572745189, 0.00342145143077, 0.00358043704182, -0.00102533167228], [0.00207529473118, -0.00188642845023, -0.000320759165334, -0.0036428947933, 0.00490399682894, -0.00116678373888, -0.00229510106146, -0.00758233852684, 0.0195269808173, -0.00629438506439, -0.00142525578849, 0.00425065588206, -0.00232975743711], [-0.00136465916876, 0.00117177353241, -0.00305245560594, 0.00063903973205, -0.00345699605532, 0.0016215298092, 0.00185774348211, -0.00389572745189, -0.00629438506439, 0.0247299838811, -0.00603500101715, -0.00217752764001, 0.004561398644], [0.000251916731941, -0.00486388523132, 0.00716789532453, -0.00547630758956, 0.00201257271692, -0.00367317954078, -0.00144881824963, 0.00342145143077, -0.00142525578849, -0.00603500101715, 0.0265216343105, -0.0117188477889, 0.00240498362109], [-0.00157574715558, 0.00427252659574, -0.0060955202207, 0.00546804908663, -0.00406745169312, 0.00119613367133, -0.000144930061651, 0.00358043704182, 0.00425065588206, -0.00217752764001, -0.0117188477889, 0.027869746089, -0.0119522660971], [0.00184782629367, -0.00309366732836, 0.00450650695711, -0.00264068995602, 0.00106116861571, -0.0022455486469, 0.00210899906233, -0.00102533167228, -0.00232975743711, 0.004561398644, 0.00240498362109, -0.0119522660971, 0.0262020435184]]
    },
    "melbands": {
        "dmean": [0.00152538099792, 0.0013783382019, 0.000450952997198, 0.000550691096578, 0.000249290082138, 0.000178353569936, 9.10984090297e-05, 0.000138983552461, 0.000151883228682, 0.000395586743252, 0.000161849355209, 5.15543288202e-05, 0.000187277095392, 0.000154131412273, 4.35853289673e-05, 6.78664073348e-05, 4.0507678932e-05, 2.49695767707e-05, 2.36623145611e-05, 3.09604802169e-05, 1.81789146154e-05, 1.44799842019e-05, 9.97407914838e-06, 1.19663754958e-05, 9.32720740821e-06, 1.22385145005e-05, 1.2085043636e-05, 7.71846680436e-06, 4.43467797595e-06, 3.96974292016e-06, 2.47710227086e-06, 2.23198776439e-06, 1.575336114e-06, 2.05201763492e-06, 2.34730123339e-06, 1.85671910913e-06, 2.05832634492e-06, 1.56985947797e-06, 1.0425929986e-06, 8.43107159199e-07],
        "dmean2": [0.00242058932781, 0.00226264237426, 0.000782820046879, 0.00100424303673, 0.00041943238466, 0.000293806020636, 0.00014992596698, 0.000224079602049, 0.000237031723373, 0.000537883141078, 0.000245841976721, 8.16963292891e-05, 0.000298800587188, 0.000241198184085, 7.1981063229e-05, 0.000109557491669, 6.62170496071e-05, 4.19343668909e-05, 3.88663320336e-05, 5.23946291651e-05, 3.034420115e-05, 2.38066095335e-05, 1.63103268278e-05, 1.92237293959e-05, 1.55883608386e-05, 1.99307378352e-05, 1.94608292077e-05, 1.25748674691e-05, 7.02554916643e-06, 6.45135378363e-06, 3.91337835026e-06, 3.57062435796e-06, 2.48577339335e-06, 3.12070392283e-06, 3.58477859663e-06, 2.92079289466e-06, 3.1852371194e-06, 2.35214201894e-06, 1.60896991019e-06, 1.29739248678e-06],
        "dvar": [1.13580572361e-05, 4.94812002216e-06, 5.35034985205e-07, 2.67669815912e-06, 1.86093089383e-07, 8.94977816301e-08, 3.25754321295e-08, 5.97761768972e-08, 1.29568050511e-07, 8.95658956779e-07, 9.65274509213e-08, 1.32885888959e-08, 2.66960256567e-07, 1.68932487554e-07, 1.54750257053e-08, 2.95107511761e-08, 3.92500032476e-09, 1.22675969383e-09, 1.20856513686e-09, 1.70284597534e-09, 5.6715648844e-10, 3.74301450945e-10, 2.93522678385e-10, 3.03497338372e-10, 1.55200088892e-10, 3.46829232001e-10, 6.72262412404e-10, 1.9190014855e-10, 6.68906666168e-11, 5.20655185632e-11, 2.74459014543e-11, 2.77703936236e-11, 1.58346408902e-11, 1.92380902875e-11, 4.02814379075e-11, 3.4321743364e-11, 5.68467356521e-11, 2.53188806726e-11, 5.21748182852e-12, 4.70864146285e-12],
        "dvar2": [2.50845532719e-05, 1.29013660626e-05, 1.43033776112e-06, 7.63450498198e-06, 4.95255051192e-07, 2.36156978417e-07, 8.74074856938e-08, 1.38273918537e-07, 2.87867663928e-07, 1.5004090983e-06, 2.15026744854e-07, 3.11468681957e-08, 7.10391645953e-07, 3.80781159492e-07, 4.26104307394e-08, 7.60764109486e-08, 1.04300923454e-08, 3.21349546972e-09, 3.08782110992e-09, 4.57640059182e-09, 1.47904388736e-09, 9.15588327377e-10, 6.77339462296e-10, 7.2205308399e-10, 3.94355242905e-10, 8.21332890588e-10, 1.52986534552e-09, 4.92499652172e-10, 1.66792787915e-10, 1.28860450088e-10, 6.07792149943e-11, 6.47128114983e-11, 2.94255973754e-11, 3.77344197555e-11, 8.10575356835e-11, 7.59581217369e-11, 1.30767410789e-10, 5.53586100571e-11, 1.10293840033e-11, 1.06190646554e-11],
        "max": [0.027316140011, 0.0296788103878, 0.00678056012839, 0.0133242523298, 0.00429986743256, 0.00321028567851, 0.00370737654157, 0.00372567423619, 0.00664303544909, 0.0135236550122, 0.00411285134032, 0.00212848815136, 0.00710917403921, 0.0058482256718, 0.00257759960368, 0.00245277909562, 0.0010609094752, 0.000456716981716, 0.00060267385561, 0.000549595744815, 0.000298123370158, 0.000270357588306, 0.000297645659884, 0.000274109159363, 0.000200745926122, 0.000239737477386, 0.00034292897908, 0.00017951715563, 0.000162657393957, 0.000115083741548, 8.78033097251e-05, 8.23199734441e-05, 7.97665197751e-05, 6.91064051352e-05, 9.86721934169e-05, 8.82081803866e-05, 0.000124696729472, 8.90906449058e-05, 2.88007904601e-05, 3.4469190723e-05],
        "mean": [0.00215576286428, 0.00298927281983, 0.000709933519829, 0.000514225976076, 0.0004204576544, 0.000312451797072, 0.000154057372129, 0.000232186983339, 0.000235951025388, 0.000713088724297, 0.000277859100606, 8.53796736919e-05, 0.000263968744548, 0.000219614652451, 6.77754578646e-05, 9.4530521892e-05, 6.82833924657e-05, 4.49387407571e-05, 4.54697874375e-05, 5.79399602429e-05, 3.5458811908e-05, 2.78869465546e-05, 1.82757321454e-05, 2.2297461328e-05, 1.90670416487e-05, 2.36827745539e-05, 2.3461660021e-05, 1.46156999108e-05, 8.45727117849e-06, 7.93206345406e-06, 4.82604536955e-06, 3.99175269195e-06, 2.97061660604e-06, 3.74566343453e-06, 4.18861554863e-06, 3.3183503092e-06, 3.29572003466e-06, 2.68876442533e-06, 2.02645605896e-06, 1.42240060086e-06],
        "median": [0.00127524568234, 0.00238111545332, 0.000487308221636, 0.000160165713169, 0.000176485002157, 0.00020976223459, 9.88193205558e-05, 0.00010116006888, 7.18382652849e-05, 0.000105483035441, 0.000118182077131, 4.91483006044e-05, 5.52055607841e-05, 6.04744091106e-05, 4.10590146203e-05, 3.07585360133e-05, 4.64177246613e-05, 3.29863833031e-05, 3.49341862602e-05, 4.1403072828e-05, 2.72801462415e-05, 2.1045882022e-05, 1.25890819618e-05, 1.58184757311e-05, 1.48080362123e-05, 1.62335527421e-05, 1.31460219563e-05, 9.20402635529e-06, 5.82933898841e-06, 5.57360044695e-06, 3.090784503e-06, 2.24861355491e-06, 1.83538668352e-06, 2.13662724491e-06, 2.03059585147e-06, 1.55832378823e-06, 1.4337514358e-06, 1.32287050292e-06, 1.17570039038e-06, 7.43241344026e-07],
        "min": [1.27057958821e-07, 3.44723389389e-07, 1.630031079e-06, 6.44013289275e-06, 1.27087105284e-06, 5.61986212233e-07, 7.62338629556e-07, 9.95640220935e-07, 8.30960686926e-07, 1.7517015749e-06, 2.66938764071e-06, 5.2569168929e-07, 2.47697084887e-06, 3.16841521908e-07, 8.0746644926e-07, 1.97901181309e-06, 2.11857764043e-06, 1.66386553246e-06, 1.12015470677e-06, 2.11149540519e-06, 2.24674727178e-06, 1.8788300622e-06, 1.75848128947e-06, 1.60508034242e-06, 9.96272547127e-07, 5.6083661093e-07, 4.86001511035e-07, 8.78186540376e-07, 2.59840845729e-07, 1.26293528524e-07, 1.48118004972e-07, 9.17750355711e-08, 3.81812199635e-08, 3.09658716446e-08, 4.46768888551e-09, 7.54388373991e-09, 3.30027893902e-09, 4.09293310355e-09, 3.64499652683e-09, 5.98821714437e-10],
