{
"highlevel": {
    "danceability": {
        "all": {
            "danceable": 0.16657666862,
            "not_danceable": 0.833423316479
        },
        "probability": 0.833423316479,
        "value": "not_danceable"
    },
    "gender": {
        "all": {
            "female": 0.0256399735808,
            "male": 0.974360048771
        },
        "probability": 0.974360048771,
        "value": "male"
    },
    "genre_dortmund": {
        "all": {
            "alternative": 0.149201884866,
            "blues": 0.155645996332,
            "electronic": 0.00411949632689,
            "folkcountry": 0.290033757687,
            "funksoulrnb": 0.00394757091999,
            "jazz": 0.0572441741824,
            "pop": 0.0711428448558,
            "raphiphop": 0.00103295617737,
            "rock": 0.267631322145
        },
        "probability": 0.290033757687,
        "value": "folkcountry"
    },
    "genre_electronic": {
        "all": {
            "ambient": 0.343799471855,
            "dnb": 0.176355689764,
            "house": 0.213150337338,
            "techno": 0.0282063670456,
            "trance": 0.238488122821
        },
        "probability": 0.343799471855,
        "value": "ambient"
    },
    "genre_rosamerica": {
        "all": {
            "cla": 0.017958348617,
            "dan": 0.0155017971992,
            "hip": 0.0113150151446,
            "jaz": 0.0175886265934,
            "pop": 0.137811869383,
            "rhy": 0.163459390402,
            "roc": 0.631522834301,
            "spe": 0.00484208436683
        },
        "probability": 0.631522834301,
        "value": "roc"
    },
    "genre_tzanetakis": {
        "all": {
            "blu": 0.0626613423228,
            "cla": 0.0348169617355,
            "cou": 0.104475811124,
            "dis": 0.0784321576357,
            "hip": 0.15692435205,
            "jaz": 0.313974827528,
            "met": 0.0448166541755,
            "pop": 0.0627359300852,
            "reg": 0.0627360641956,
            "roc": 0.0784258767962
        },
        "probability": 0.313974827528,
        "value": "jaz"
    },
    "ismir04_rhythm": {
        "all": {
            "ChaChaCha": 0.189941853285,
            "Jive": 0.0693252012134,
            "Quickstep": 0.0355273224413,
            "Rumba-American": 0.0252218358219,
            "Rumba-International": 0.126554712653,
            "Rumba-Misc": 0.0163253117353,
            "Samba": 0.0400368794799,
            "Tango": 0.0591018795967,
            "VienneseWaltz": 0.379208475351,
            "Waltz": 0.0587565265596
        },
        "probability": 0.379208475351,
        "value": "VienneseWaltz"
    },
    "mood_acoustic": {
        "all": {
            "acoustic": 0.778326630592,
            "not_acoustic": 0.221673354506
        },
        "probability": 0.778326630592,
        "value": "acoustic"
    },
    "mood_aggressive": {
        "all": {
            "aggressive": 0.0417455434799,
            "not_aggressive": 0.95825445652
        },
        "probability": 0.95825445652,
        "value": "not_aggressive"
    },
    "mood_electronic": {
        "all": {
            "electronic": 0.0339198298752,
            "not_electronic": 0.966080188751
        },
        "probability": 0.966080188751,
        "value": "not_electronic"
    },
    "mood_happy": {
        "all": {
            "happy": 0.8003256917,
            "not_happy": 0.199674278498
        },
        "probability": 0.8003256917,
        "value": "happy"
    },
    "mood_party": {
        "all": {
            "not_party": 0.839111685753,
            "party": 0.160888344049
        },
        "probability": 0.839111685753,
        "value": "not_party"
    },
    "mood_relaxed": {
        "all": {
            "not_relaxed": 0.968167185783,
            "relaxed": 0.0318327881396
        },
        "probability": 0.968167185783,
        "value": "not_relaxed"
    },
    "mood_sad": {
        "all": {
            "not_sad": 0.144799232483,
            "sad": 0.855200767517
        },
        "probability": 0.855200767517,
        "value": "sad"
    },
    "moods_mirex": {
        "all": {
            "Cluster1": 0.307396709919,
            "Cluster2": 0.188172265887,
            "Cluster3": 0.395183414221,
            "Cluster4": 0.0584871247411,
            "Cluster5": 0.0507604815066
        },
        "probability": 0.395183414221,
        "value": "Cluster3"
    },
    "timbre": {
        "all": {
            "bright": 0.99286788702,
            "dark": 0.00713209668174
        },
        "probability": 0.99286788702,
        "value": "bright"
    },
    "tonal_atonal": {
        "all": {
            "atonal": 0.000454018067103,
            "tonal": 0.999545991421
        },
        "probability": 0.999545991421,
        "value": "tonal"
    },
    "voice_instrumental": {
        "all": {
            "instrumental": 0.0132628493011,
            "voice": 0.986737132072
        },
        "probability": 0.986737132072,
        "value": "voice"
    }
},
"lowlevel": {
    "average_loudness": 0.976879060268,
    "barkbands_crest": {
        "dmean": 1.82041454315,
        "dmean2": 2.84925174713,
        "dvar": 3.85671186447,
        "dvar2": 9.99095630646,
        "max": 21.7075424194,
        "mean": 9.34848690033,
        "median": 8.83152008057,
        "min": 2.62387108803,
        "var": 10.5590782166
    },
    "barkbands_flatness_db": {
        "dmean": 0.0133506152779,
        "dmean2": 0.0208603534847,
        "dvar": 0.000136532878969,
        "dvar2": 0.000332546856953,
        "max": 0.231617614627,
        "mean": 0.141700342298,
        "median": 0.140163585544,
        "min": 0.0570262297988,
        "var": 0.000710000109393
    },
    "barkbands_kurtosis": {
        "dmean": 1.32095837593,
        "dmean2": 2.01835727692,
        "dvar": 2.91523599625,
        "dvar2": 6.85597801208,
        "max": 23.7591838837,
        "mean": 2.46832847595,
        "median": 1.25866270065,
        "min": -1.84734523296,
        "var": 13.6401586533
    },
    "barkbands_skewness": {
        "dmean": 0.333695858717,
        "dmean2": 0.493973493576,
        "dvar": 0.113851681352,
        "dvar2": 0.256253868341,
        "max": 4.51399087906,
        "mean": 1.43548798561,
        "median": 1.34118318558,
        "min": -0.938193917274,
        "var": 0.799386560917
    },
    "barkbands_spread": {
        "dmean": 3.95136499405,
        "dmean2": 5.84096956253,
        "dvar": 27.8788013458,
        "dvar2": 55.8389701843,
        "max": 80.2761459351,
        "mean": 24.4890460968,
        "median": 22.3082046509,
        "min": 5.53138828278,
        "var": 126.168746948
    },
    "dissonance": {
        "dmean": 0.0148419961333,
        "dmean2": 0.0248668976128,
        "dvar": 0.00025415015989,
        "dvar2": 0.00070517155109,
        "max": 0.498961955309,
        "mean": 0.463754177094,
        "median": 0.468873262405,
        "min": 0.334564626217,
        "var": 0.00056040805066
    },
    "dynamic_complexity": 1.51835179329,
    "erbbands_crest": {
        "dmean": 2.08066606522,
        "dmean2": 3.22647809982,
        "dvar": 4.7489490509,
        "dvar2": 11.9125671387,
        "max": 30.795042038,
        "mean": 9.00626087189,
        "median": 7.641954422,
        "min": 2.67563509941,
        "var": 22.96235466
    },
    "erbbands_flatness_db": {
        "dmean": 0.0110053066164,
        "dmean2": 0.0160289406776,
        "dvar": 0.000128553670947,
        "dvar2": 0.000255411869148,
        "max": 0.274539738894,
        "mean": 0.157496809959,
        "median": 0.151391938329,
        "min": 0.0885209143162,
        "var": 0.000994208035991
    },
    "erbbands_kurtosis": {
        "dmean": 0.565187931061,
        "dmean2": 0.87067013979,
        "dvar": 0.613213300705,
        "dvar2": 1.44658923149,
        "max": 15.586566925,
        "mean": -0.0223914831877,
        "median": -0.392452001572,
        "min": -1.65938317776,
        "var": 2.0132215023
    },
    "erbbands_skewness": {
        "dmean": 0.2451479882,
        "dmean2": 0.360143721104,
        "dvar": 0.0539164692163,
        "dvar2": 0.106475248933,
        "max": 3.44488334656,
        "mean": 0.131476715207,
        "median": 0.102725185454,
        "min": -2.17693257332,
        "var": 0.473875880241
    },
    "erbbands_spread": {
        "dmean": 6.3534526825,
        "dmean2": 9.3787279129,
        "dvar": 42.4509620667,
        "dvar2": 90.6490707397,
        "max": 99.3499679565,
        "mean": 45.2205886841,
        "median": 44.5766410828,
        "min": 7.46968603134,
        "var": 351.480529785
    },
    "hfc": {
        "dmean": 5.03545475006,
        "dmean2": 7.67853975296,
        "dvar": 71.4109344482,
        "dvar2": 158.70526123,
        "max": 115.050613403,
        "mean": 25.9181747437,
        "median": 24.262430191,
        "min": 4.62124824524,
        "var": 177.387130737
    },
    "melbands_crest": {
        "dmean": 2.19533872604,
        "dmean2": 3.38833141327,
        "dvar": 4.65222883224,
        "dvar2": 12.2422380447,
        "max": 27.7737464905,
        "mean": 14.0845584869,
        "median": 13.7984895706,
        "min": 5.10420894623,
        "var": 17.5090770721
    },
    "melbands_flatness_db": {
        "dmean": 0.0139397662133,
        "dmean2": 0.0212058499455,
        "dvar": 0.000203072588192,
        "dvar2": 0.000488856108859,
        "max": 0.275762736797,
        "mean": 0.175818666816,
        "median": 0.174928769469,
        "min": 0.0567716173828,
        "var": 0.00129020726308
    },
    "melbands_kurtosis": {
        "dmean": 4.01141929626,
        "dmean2": 6.15001344681,
        "dvar": 31.5965747833,
        "dvar2": 76.349822998,
        "max": 74.0405578613,
        "mean": 11.5869073868,
        "median": 7.65888786316,
        "min": -1.18629765511,
        "var": 143.593841553
    },
    "melbands_skewness": {
        "dmean": 0.482705891132,
        "dmean2": 0.716345012188,
        "dvar": 0.287441045046,
        "dvar2": 0.652861058712,
        "max": 7.91086339951,
        "mean": 2.67035698891,
        "median": 2.4598107338,
        "min": -0.279206633568,
        "var": 2.12751555443
    },
    "melbands_spread": {
        "dmean": 5.10018396378,
        "dmean2": 7.50781917572,
        "dvar": 53.4595451355,
        "dvar2": 106.748474121,
        "max": 159.052108765,
        "mean": 24.7176132202,
        "median": 21.9606990814,
        "min": 4.45272397995,
        "var": 198.391159058
    },
    "pitch_salience": {
        "dmean": 0.0480574518442,
        "dmean2": 0.0747183933854,
        "dvar": 0.00206202827394,
        "dvar2": 0.00517552765086,
        "max": 0.771570980549,
        "mean": 0.54171448946,
        "median": 0.536580860615,
        "min": 0.242229819298,
        "var": 0.00741256587207
    },
    "silence_rate_20dB": {
        "dmean": 0,
        "dmean2": 0,
        "dvar": 0,
        "dvar2": 0,
        "max": 1,
        "mean": 1,
        "median": 1,
        "min": 1,
        "var": 0
    },
    "silence_rate_30dB": {
        "dmean": 0,
        "dmean2": 0,
        "dvar": 0,
        "dvar2": 0,
        "max": 1,
        "mean": 1,
        "median": 1,
        "min": 1,
        "var": 0
    },
    "silence_rate_60dB": {
        "dmean": 0,
        "dmean2": 0,
        "dvar": 0,
        "dvar2": 0,
        "max": 0,
        "mean": 0,
        "median": 0,
        "min": 0,
        "var": 0
    },
    "spectral_centroid": {
        "dmean": 202.195983887,
        "dmean2": 300.70324707,
        "dvar": 52863.2148438,
        "dvar2": 107476.296875,
        "max": 4061.14453125,
        "mean": 1486.0880127,
        "median": 1426.79455566,
        "min": 495.754638672,
        "var": 258416.265625
    },
    "spectral_complexity": {
        "dmean": 3.47445821762,
        "dmean2": 5.38729667664,
        "dvar": 13.2199716568,
        "dvar2": 26.1737957001,
        "max": 60,
        "mean": 23.2126846313,
        "median": 22,
        "min": 6,
        "var": 50.108669281
    },
    "spectral_decrease": {
        "dmean": 1.76791092876e-09,
        "dmean2": 2.79600520514e-09,
        "dvar": 9.79433626769e-18,
        "dvar2": 2.46727561907e-17,
        "max": -1.51233814361e-09,
        "mean": -8.30059487811e-09,
        "median": -7.80194042704e-09,
        "min": -3.72133008852e-08,
        "var": 1.50476494958e-17
    },
    "spectral_energy": {
        "dmean": 0.0069938339293,
        "dmean2": 0.0110420165583,
        "dvar": 0.000150260544615,
        "dvar2": 0.000377227319404,
        "max": 0.147988840938,
        "mean": 0.0336792320013,
        "median": 0.0320405140519,
        "min": 0.00625428836793,
        "var": 0.000234250328504
    },
    "spectral_energyband_high": {
        "dmean": 0.000435314781498,
        "dmean2": 0.000654754578136,
        "dvar": 9.41477367178e-07,
        "dvar2": 2.0148349904e-06,
        "max": 0.0137386992574,
        "mean": 0.0012357449159,
        "median": 0.000837502302602,
        "min": 0.00015297011123,
        "var": 1.87599073342e-06
    },
    "spectral_energyband_low": {
        "dmean": 0.00284558325075,
        "dmean2": 0.00456970091909,
        "dvar": 4.97019391332e-05,
        "dvar2": 0.000124967147713,
        "max": 0.0867495015264,
        "mean": 0.00973282754421,
        "median": 0.00752024166286,
        "min": 0.000164832861628,
        "var": 8.30867284094e-05
    },
    "spectral_energyband_middle_high": {
        "dmean": 0.00162922835443,
        "dmean2": 0.00243169488385,
        "dvar": 5.63792718822e-06,
        "dvar2": 1.27797438836e-05,
        "max": 0.0313203819096,
        "mean": 0.00684421975166,
        "median": 0.00526892393827,
        "min": 0.0005108017358,
        "var": 2.86750237137e-05
    },
    "spectral_energyband_middle_low": {
        "dmean": 0.00499122682959,
        "dmean2": 0.00768689624965,
        "dvar": 9.31184622459e-05,
        "dvar2": 0.00023727734515,
        "max": 0.12501475215,
        "mean": 0.018187455833,
        "median": 0.0148730659857,
        "min": 0.00156410632189,
        "var": 0.000160214098287
    },
    "spectral_entropy": {
        "dmean": 0.0916059315205,
        "dmean2": 0.137049883604,
        "dvar": 0.00916798971593,
        "dvar2": 0.0193814150989,
        "max": 8.43356800079,
        "mean": 7.6060795784,
        "median": 7.62047386169,
        "min": 6.86736059189,
        "var": 0.0509653575718
    },
    "spectral_flux": {
        "dmean": 0.0198254659772,
        "dmean2": 0.0292102061212,
        "dvar": 0.000708953593858,
        "dvar2": 0.0013373484835,
        "max": 0.338280975819,
        "mean": 0.0740863010287,
        "median": 0.0606829859316,
        "min": 0.0225881971419,
        "var": 0.00175537879113
    },
    "spectral_kurtosis": {
        "dmean": 1.02709114552,
        "dmean2": 1.8170208931,
        "dvar": 0.870233654976,
        "dvar2": 2.66116476059,
        "max": 8.1801366806,
        "mean": 2.41422891617,
        "median": 2.22172117233,
        "min": -0.129209041595,
        "var": 1.73411500454
    },
    "spectral_rms": {
        "dmean": 0.000541103014257,
        "dmean2": 0.000831676297821,
        "dvar": 6.1398628759e-07,
        "dvar2": 1.45197520851e-06,
        "max": 0.0120157962665,
        "mean": 0.00560733769089,
        "median": 0.00559097807854,
        "min": 0.00247017107904,
        "var": 1.41558859923e-06
    },
    "spectral_rolloff": {
        "dmean": 346.547515869,
        "dmean2": 556.411865234,
        "dvar": 383245.3125,
        "dvar2": 781357.75,
        "max": 8074.95117188,
        "mean": 1419.95922852,
        "median": 1270.45898438,
        "min": 129.19921875,
        "var": 1052412
    },
    "spectral_skewness": {
        "dmean": 0.151066064835,
        "dmean2": 0.253180414438,
        "dvar": 0.0178753007203,
        "dvar2": 0.0455612502992,
        "max": 2.46000218391,
        "mean": 1.05964457989,
        "median": 1.06687796116,
        "min": 0.232863083482,
        "var": 0.0783778876066
    },
    "spectral_spread": {
        "dmean": 280608.1875,
        "dmean2": 437535.4375,
        "dvar": 142962393088,
        "dvar2": 229451726848,
        "max": 13754629,
        "mean": 4328091,
        "median": 4255112,
        "min": 2807478.5,
        "var": 431080210432
    },
    "spectral_strongpeak": {
        "dmean": 0.490422785282,
        "dmean2": 0.816199064255,
        "dvar": 0.641917526722,
        "dvar2": 1.46668279171,
        "max": 8.59114170074,
        "mean": 1.31490218639,
        "median": 0.682134985924,
        "min": 0.053189791739,
        "var": 2.38072371483
    },
    "zerocrossingrate": {
        "dmean": 0.00714923860505,
        "dmean2": 0.00883293617517,
        "dvar": 7.36339497962e-05,
        "dvar2": 9.12358736969e-05,
        "max": 0.2158203125,
        "mean": 0.0602810196579,
        "median": 0.0576171875,
        "min": 0.02099609375,
        "var": 0.000470882281661
    },
    "barkbands": {
        "dmean": [0.000116171839181, 0.00147091515828, 0.00126394547988, 0.00152355688624, 0.00276150321588, 0.000591546064243, 0.00114879233297, 0.000810612284113, 0.000839654530864, 0.000466042314656, 0.000189798956853, 0.000577480299398, 0.000575347687118, 0.000291307194857, 0.000238834109041, 0.000246474839514, 0.000240136228967, 0.000229545257753, 0.000188640115084, 0.000229851561016, 0.000201515576919, 0.000112587535114, 7.07153667463e-05, 4.21418008045e-05, 1.9734401576e-05, 6.68276925353e-06, 9.65096269567e-09],
        "dmean2": [0.000175883396878, 0.00242833117954, 0.0020544223953, 0.00240762764588, 0.00436903396621, 0.000805597286671, 0.00163231755141, 0.0011559445411, 0.00119575602002, 0.000690638029482, 0.000306119647576, 0.000830693810713, 0.000858860439621, 0.000430328364018, 0.000374582217773, 0.000372247683117, 0.000378116063075, 0.000377694377676, 0.000310158182401, 0.000377098011086, 0.000328340131091, 0.000170041035744, 0.000107318424853, 6.53521274216e-05, 3.05441390083e-05, 1.03247975858e-05, 1.65550204656e-08],
        "dvar": [1.23150755371e-07, 2.09032532439e-05, 1.03891097751e-05, 6.49757384963e-06, 5.48489551875e-05, 9.13550934456e-07, 7.25880727259e-06, 5.57889234187e-06, 5.50841059521e-06, 1.8820612695e-06, 5.62333866583e-07, 1.44050954987e-06, 1.97316876438e-06, 3.37798553574e-07, 2.12077083006e-07, 1.89099168324e-07, 1.74048068402e-07, 1.50719102976e-07, 9.09693440576e-08, 2.55229963386e-07, 1.40760377576e-07, 5.57170203308e-08, 5.11919644453e-08, 1.79729688909e-08, 6.28294927196e-09, 7.89854015526e-10, 6.10664761081e-15],
        "dvar2": [2.45641274432e-07, 5.47451236343e-05, 2.72461475106e-05, 1.77444399014e-05, 0.000146983438754, 2.09338918467e-06, 1.52797947521e-05, 1.14337362902e-05, 1.06299548861e-05, 5.06510059495e-06, 1.51143649418e-06, 2.75056186183e-06, 3.80391134058e-06, 7.11955181032e-07, 4.44317606707e-07, 4.02681962441e-07, 3.52727710151e-07, 3.60223992857e-07, 2.11675583728e-07, 6.399685617e-07, 3.3729753568e-07, 1.06419292933e-07, 1.08295097334e-07, 3.66942778385e-08, 1.31076305365e-08, 1.89274085294e-09, 1.29355763094e-14],
        "max": [0.00522316480055, 0.0527617782354, 0.0465540252626, 0.0280144121498, 0.096616499126, 0.0149463694543, 0.0427011959255, 0.0456628203392, 0.0480615980923, 0.0261773616076, 0.0188475530595, 0.0220408719033, 0.0264118928462, 0.00921774096787, 0.0110521931201, 0.00914627499878, 0.00701744342223, 0.00550180673599, 0.00509360618889, 0.010465612635, 0.00426546065137, 0.0047965045087, 0.00473375804722, 0.00273272930644, 0.00167255941778, 0.000736788846552, 1.59389571763e-06],
        "mean": [0.000157269416377, 0.00324810785241, 0.00407476164401, 0.00458216480911, 0.00551903015003, 0.00156083982438, 0.00246015936136, 0.00183026655577, 0.00207888497971, 0.000864547910169, 0.000274457299383, 0.0013786747586, 0.00126810697839, 0.000521036388818, 0.00048923358554, 0.000510723388288, 0.000483140262077, 0.000489789352287, 0.000403696176363, 0.000489661761094, 0.000451921368949, 0.000251588120591, 0.000159573712153, 8.81779124029e-05, 3.53360919689e-05, 8.09902303445e-06, 6.67205446447e-09],
        "median": [2.23107090278e-05, 0.00198267353699, 0.00186074338853, 0.0033270586282, 0.00314506026916, 0.000974195660092, 0.000697074108757, 0.00052763952408, 0.000547789852135, 0.000294950063108, 9.62740305113e-05, 0.000461402116343, 0.00032160198316, 0.00021032395307, 0.000221883266931, 0.000229186785873, 0.000233045415371, 0.00028354281676, 0.000296457437798, 0.000342292536516, 0.000296534009976, 0.000144299279782, 9.64766950347e-05, 5.39742068213e-05, 1.85725584743e-05, 2.69752854365e-06, 5.25183729838e-10],
        "min": [2.93662107964e-08, 3.14663247991e-06, 1.71922729351e-05, 4.36186792285e-06, 1.8761951651e-05, 2.93998473353e-05, 6.01742112849e-06, 2.7050036806e-06, 7.95676260168e-06, 2.61716149907e-06, 1.23614370295e-06, 8.18959506432e-06, 7.12849305273e-06, 8.57482973515e-06, 7.93458821136e-06, 1.90874379769e-05, 1.29963618747e-05, 2.9544611607e-05, 2.82742203126e-05, 4.94609266752e-05, 2.86774902634e-05, 1.32289505927e-05, 1.28984438561e-05, 6.44181682219e-06, 9.1888574616e-07, 3.94294978612e-11, 9.95976304902e-12],
        "var": [1.85349932735e-07, 2.20962356252e-05, 3.05261419271e-05, 1.93340783881e-05, 5.86731548538e-05, 3.17582657772e-06, 1.97804984055e-05, 2.10111320484e-05, 2.06550230359e-05, 3.55743190994e-06, 4.84387953748e-07, 8.34125330584e-06, 7.49628179619e-06, 8.16243755253e-07, 6.96155439073e-07, 6.04321542141e-07, 5.47601871403e-07, 4.34840700336e-07, 1.70013478851e-07, 3.64396584018e-07, 2.66096265022e-07, 1.27180740606e-07, 7.68898544834e-08, 2.59367158861e-08, 7.43503836276e-09, 7.68522745442e-10, 4.45195646637e-15]
    },
    "erbbands": {
        "dmean": [0.0462900996208, 0.341385781765, 1.24293780327, 3.34614086151, 8.264960289, 9.59516620636, 5.13907432556, 5.49634933472, 10.9598245621, 22.5158481598, 15.7392921448, 18.2654323578, 15.2589521408, 10.6446447372, 10.2954139709, 19.9974975586, 26.6343097687, 16.2325210571, 11.1154661179, 12.8580827713, 14.2249031067, 12.5548524857, 11.4324913025, 9.40882205963, 10.0747785568, 9.95827674866, 9.00705909729, 7.0955324173, 4.23934698105, 2.80696058273, 2.05340194702, 1.13655996323, 0.626374423504, 0.262265115976, 0.133462801576, 0.0446780584753, 0.0103313019499, 0.000579053419642, 1.64561533893e-05, 8.860154594e-06],
        "dmean2": [0.0748715475202, 0.568562567234, 1.99636816978, 5.42777395248, 12.978931427, 15.2213048935, 7.50374126434, 7.42810583115, 15.3444499969, 32.202796936, 21.0371494293, 24.9942512512, 21.5764102936, 16.1896972656, 15.7707548141, 29.1594905853, 38.4005126953, 23.3496932983, 16.9862308502, 20.0750522614, 22.0084819794, 19.2501106262, 18.392906189, 15.5475130081, 16.5559768677, 16.361989975, 14.4936742783, 11.5002202988, 6.38881921768, 4.4275393486, 3.12672543526, 1.76714718342, 0.993469178677, 0.424270868301, 0.200484007597, 0.0682438760996, 0.0161883495748, 0.000950498506427, 2.54734823102e-05, 1.38525738294e-05],
        "dvar": [0.0283598024398, 0.985486209393, 10.9139823914, 31.9095840454, 614.607543945, 477.38394165, 87.7017593384, 95.7055282593, 854.49987793, 2785.20507812, 2436.85546875, 3171.4909668, 1408.9699707, 1354.17651367, 546.487548828, 2001.97619629, 3809.24682617, 864.55291748, 700.254882812, 427.56036377, 708.674255371, 347.448181152, 421.255645752, 178.067138672, 373.335144043, 390.384979248, 304.134490967, 168.38104248, 81.4360809326, 36.7406654358, 45.1606292725, 14.150015831, 3.52316498756, 0.84236651659, 0.386022359133, 0.0509281866252, 0.000841217697598, 2.7055141345e-06, 1.94712423962e-09, 2.44131409532e-10],
        "dvar2": [0.0708684772253, 2.71953511238, 28.3721351624, 88.9243850708, 1614.20007324, 1284.21984863, 209.572067261, 202.202453613, 1890.65551758, 5875.65771484, 4327.91113281, 6070.95605469, 2833.59692383, 3270.49121094, 1458.34143066, 4046.67358398, 6824.25195312, 1678.00036621, 1492.1895752, 1005.64215088, 1613.65661621, 696.31451416, 990.216308594, 406.814727783, 856.686096191, 981.920898438, 770.63494873, 392.370819092, 160.334732056, 76.0410003662, 94.6715240479, 27.0477428436, 7.32875680923, 1.7908924818, 0.828729569912, 0.122513599694, 0.00196843524463, 6.81727351548e-06, 4.60182958406e-09, 6.0668586821e-10],
        "max": [1.97995710373, 11.4725265503, 51.5419921875, 67.1700210571, 329.404083252, 252.055450439, 155.917526245, 187.66242981, 689.989318848, 881.41217041, 1041.34130859, 1446.31604004, 720.760803223, 803.186279297, 433.453277588, 887.83581543, 1210.3704834, 475.503814697, 682.799560547, 347.179229736, 463.032073975, 420.243469238, 389.418151855, 209.152206421, 402.698425293, 331.376434326, 213.078186035, 167.266052246, 186.753005981, 105.690078735, 154.558654785, 66.0457611084, 38.3667602539, 16.9361972809, 14.8737955093, 5.68652915955, 0.598727047443, 0.0316996686161, 0.000904478714801, 0.000201940871193],
        "mean": [0.0817493647337, 0.812722146511, 4.41342163086, 10.3998260498, 16.4897403717, 20.0707683563, 13.1855754852, 14.4805755615, 23.2195281982, 50.6351776123, 37.7356948853, 46.7238845825, 34.8978271484, 21.1453704834, 21.9989776611, 49.6419258118, 66.8729782104, 34.3468551636, 23.0868434906, 26.8342571259, 30.4531917572, 28.6386947632, 26.6934566498, 21.3273792267, 21.9571723938, 22.7005119324, 19.0952358246, 16.1329269409, 9.35960197449, 6.30770254135, 4.44337749481, 2.35589313507, 1.27418541908, 0.495292216539, 0.209272280335, 0.0589283294976, 0.0118141192943, 0.00057990453206, 3.60699050361e-05, 4.21583572461e-05],
        "median": [0.0265612471849, 0.523291945457, 1.63341271877, 8.69068050385, 10.9448432922, 9.94945716858, 8.48865413666, 8.21516990662, 9.99876213074, 14.4316930771, 13.5228300095, 11.9932260513, 14.1645078659, 8.79040908813, 11.6036930084, 18.178571701, 17.7683067322, 13.7995548248, 11.1330986023, 13.1642751694, 12.6010189056, 15.0801897049, 15.5293750763, 15.8644447327, 15.2671890259, 16.6522789001, 11.3761501312, 10.9078559875, 5.18749666214, 4.10808324814, 2.62488603592, 1.36177992821, 0.803849995136, 0.278707563877, 0.0960758775473, 0.0233673155308, 0.00338265160099, 0.000144070392707, 2.50523953582e-05, 4.00250573875e-05],
        "min": [0.000214227562537, 0.00813150033355, 0.0280498694628, 0.0739739313722, 0.4523909688, 0.221833303571, 0.394879728556, 0.458909422159, 0.322597205639, 0.24701268971, 0.228323981166, 0.342904210091, 0.181468859315, 0.0896775797009, 0.39731952548, 0.445077449083, 0.392876297235, 0.787277281284, 0.590256869793, 1.03788530827, 1.02291178703, 1.7934063673, 1.6380944252, 1.93825185299, 3.17995262146, 2.25484228134, 1.66177868843, 0.971998751163, 0.701292872429, 0.487952619791, 0.307459354401, 0.178299307823, 0.0842371582985, 0.0208300966769, 0.00293927639723, 0.000175665409188, 2.06133772735e-05, 4.35543142885e-06, 6.90798879077e-06, 8.80095103639e-06],
        "var": [0.029207136482, 1.03839015961, 33.6973609924, 70.9965744019, 619.24395752, 726.594848633, 211.66468811, 352.046234131, 1711.50463867, 10035.2373047, 8300.73144531, 14289.9501953, 3831.09936523, 2051.94262695, 890.473022461, 12030.3408203, 17513.8007812, 2896.33129883, 2117.04980469, 1328.65869141, 2156.11791992, 1489.59094238, 1296.21972656, 369.380554199, 664.052124023, 590.064025879, 541.453674316, 308.633850098, 188.611297607, 70.1992950439, 66.8487319946, 20.9672737122, 5.0115146637, 0.993796229362, 0.434658259153, 0.0488512888551, 0.000903853215277, 2.39497148868e-06, 2.06857420082e-09, 3.69338587491e-10]
    },
    "gfcc": {
        "mean": [31.2263336182, 101.008712769, -132.962799072, 57.3800086975, -69.9415817261, 15.4671955109, -38.0070648193, 2.72332501411, -25.183713913, -3.01235747337, -14.2123994827, -10.3012466431, -10.5443296432],
        "cov": [[584.64465332, -208.496002197, 13.4933338165, -121.758079529, 6.26271247864, 47.6267852783, 9.82181549072, 37.2393074036, -61.9952888489, 72.2534942627, -92.8659057617, 47.3946723938, -87.8927688599], [-208.496002197, 394.834136963, -75.066696167, -70.2790756226, -1.85293591022, -28.101770401, 97.2403717041, -8.73113250732, 54.9605026245, -49.8809967041, 86.9023513794, -77.915687561, 24.7880744934], [13.4933338165, -75.066696167, 352.094146729, 155.09336853, 27.9918003082, 9.17568874359, -43.711769104, 52.9719848633, 11.8214101791, 19.1344490051, -50.773109436, 57.6701774597, 14.7623720169], [-121.758079529, -70.2790756226, 155.09336853, 382.241455078, 82.8799438477, -29.1545562744, -85.944442749, -21.8040275574, 59.6388168335, -41.2745437622, -12.8391256332, 15.7273712158, 92.5212936401], [6.26271247864, -1.85293591022, 27.9918003082, 82.8799438477, 184.103927612, 38.1333122253, -9.96667194366, 22.9932727814, 17.9991283417, 22.6512813568, -14.6277647018, 24.4427280426, 19.0375671387], [47.6267852783, -28.101770401, 9.17568874359, -29.1545562744, 38.1333122253, 155.071075439, 68.9979705811, 22.384513855, -38.1183929443, 11.6211833954, 33.5583877563, 7.72351360321, -1.4755603075], [9.82181549072, 97.2403717041, -43.711769104, -85.944442749, -9.96667194366, 68.9979705811, 163.56262207, 51.5598754883, -6.17382335663, 3.7837638855, 37.1022567749, -16.1691188812, -18.86277771], [37.2393074036, -8.73113250732, 52.9719848633, -21.8040275574, 22.9932727814, 22.384513855, 51.5598754883, 117.999732971, 45.8438339233, 24.4519119263, -27.0540733337, 13.8390321732, -1.7584477663], [-61.9952888489, 54.9605026245, 11.8214101791, 59.6388168335, 17.9991283417, -38.1183929443, -6.17382335663, 45.8438339233, 117.139358521, 12.3410987854, -15.0270614624, -15.739405632, 20.6816654205], [72.2534942627, -49.8809967041, 19.1344490051, -41.2745437622, 22.6512813568, 11.6211833954, 3.7837638855, 24.4519119263, 12.3410987854, 83.897102356, 6.1843662262, 21.035785675, -29.6480903625], [-92.8659057617, 86.9023513794, -50.773109436, -12.8391256332, -14.6277647018, 33.5583877563, 37.1022567749, -27.0540733337, -15.0270614624, 6.1843662262, 112.624542236, -3.19891452789, 12.7697973251], [47.3946723938, -77.915687561, 57.6701774597, 15.7273712158, 24.4427280426, 7.72351360321, -16.1691188812, 13.8390321732, -15.739405632, 21.035785675, -3.19891452789, 84.0186691284, 15.3561992645], [-87.8927688599, 24.7880744934, 14.7623720169, 92.5212936401, 19.0375671387, -1.4755603075, -18.86277771, -1.7584477663, 20.6816654205, -29.6480903625, 12.7697973251, 15.3561992645, 83.5225830078]],
        "icov": [[0.00315838470124, -0.000227390148211, 0.00096388743259, -0.000588382652495, 0.000821328430902, -0.00138073472772, 8.18895132397e-05, -0.000569412193727, 0.00173661368899, -0.00253988429904, 0.00357941375114, -0.00183757848572, 0.0021264355164], [-0.000227390148211, 0.0144775593653, -0.00685661286116, 0.0101972855628, -0.00881850160658, 0.00891203247011, -0.00914159510285, 0.00736852828413, -0.0106799295172, 0.0119406916201, -0.0132267354056, 0.0109980050474, -0.00747864833102], [0.00096388743259, -0.00685661286116, 0.00874703191221, -0.0080978916958, 0.00588090298697, -0.00551740219817, 0.00531085953116, -0.00682055810466, 0.00701822107658, -0.00757043855265, 0.00859124865383, -0.00797487422824, 0.00581907015294], [-0.000588382652495, 0.0101972855628, -0.0080978916958, 0.013854897581, -0.00892804935575, 0.00675931805745, -0.0054633859545, 0.00829669088125, -0.0109116472304, 0.0112369656563, -0.0105168214068, 0.00884349551052, -0.00979396235198], [0.000821328430902, -0.00881850160658, 0.00588090298697, -0.00892804935575, 0.013347459957, -0.00837963353842, 0.00603884505108, -0.00576843461022, 0.00680528860539, -0.0106438882649, 0.0106689212844, -0.00854963809252, 0.00486136134714], [-0.00138073472772, 0.00891203247011, -0.00551740219817, 0.00675931805745, -0.00837963353842, 0.0166636370122, -0.00917371828109, 0.00300085241906, -0.00255984906107, 0.00709138810635, -0.0117193358019, 0.00880642514676, -0.00709077948704], [8.18895132397e-05, -0.00914159510285, 0.00531085953116, -0.0054633859545, 0.00603884505108, -0.00917371828109, 0.0175977051258, -0.0112891206518, 0.007079327479, -0.00477570109069, 0.00415807869285, -0.00541720865294, 0.00702271005139], [-0.000569412193727, 0.00736852828413, -0.00682055810466, 0.00829669088125, -0.00576843461022, 0.00300085241906, -0.0112891206518, 0.0229090619832, -0.014168638736, 0.0046284548007, -0.00201830756851, 0.0030505117029, -0.00657141627744], [0.00173661368899, -0.0106799295172, 0.00701822107658, -0.0109116472304, 0.00680528860539, -0.00255984906107, 0.007079327479, -0.014168638736, 0.0255615152419, -0.0153938187286, 0.011378264986, -0.00310346391052, 0.00258516496979], [-0.00253988429904, 0.0119406916201, -0.00757043855265, 0.0112369656563, -0.0106438882649, 0.00709138810635, -0.00477570109069, 0.0046284548007, -0.0153938187286, 0.0322066545486, -0.0181086398661, 0.0044628130272, 0.00143644574564], [0.00357941375114, -0.0132267354056, 0.00859124865383, -0.0105168214068, 0.0106689212844, -0.0117193358019, 0.00415807869285, -0.00201830756851, 0.011378264986, -0.0181086398661, 0.0293815080076, -0.012160253711, 0.00457941787317], [-0.00183757848572, 0.0109980050474, -0.00797487422824, 0.00884349551052, -0.00854963809252, 0.00880642514676, -0.00541720865294, 0.0030505117029, -0.00310346391052, 0.0044628130272, -0.012160253711, 0.027388010174, -0.0134630249813], [0.0021264355164, -0.00747864833102, 0.00581907015294, -0.00979396235198, 0.00486136134714, -0.00709077948704, 0.00702271005139, -0.00657141627744, 0.00258516496979, 0.00143644574564, 0.00457941787317, -0.0134630249813, 0.0281099099666]]
    },
    "melbands": {
        "dmean": [0.00039909692714, 0.000553830468562, 0.000679882476106, 0.00068178656511, 0.00021743135585, 0.000117423944175, 0.000185788871022, 0.000237454019953, 0.000124842394143, 0.000114985996333, 7.72077182774e-05, 4.90855163662e-05, 3.12443407893e-05, 5.162062007e-05, 7.36141955713e-05, 5.73615070607e-05, 2.87295752059e-05, 1.9151962988e-05, 1.74949091161e-05, 1.58566635946e-05, 1.82796975423e-05, 1.47456275954e-05, 1.34757719934e-05, 9.78602656687e-06, 8.4214943854e-06, 7.58560781833e-06, 8.49599382491e-06, 7.05659158484e-06, 6.29961641607e-06, 5.4559441196e-06, 4.41870861323e-06, 2.69788165497e-06, 2.15404838855e-06, 1.50115238284e-06, 1.30428168177e-06, 1.1038367802e-06, 6.39136146674e-07, 5.26288886249e-07, 3.14306220162e-07, 2.16315171997e-07],
        "dmean2": [0.00065218488453, 0.000903084815945, 0.00108075223397, 0.0010839488823, 0.000329085363774, 0.000158559443662, 0.0002627093927, 0.000345215492416, 0.000167310718098, 0.000157701419084, 0.000109975371743, 7.35121866455e-05, 4.90352722409e-05, 7.48236561776e-05, 0.000104111299152, 8.08374825283e-05, 4.19472671638e-05, 2.98097475024e-05, 2.77834969893e-05, 2.47358493652e-05, 2.8809554351e-05, 2.27500931942e-05, 2.10537564271e-05, 1.60850431712e-05, 1.39827125167e-05, 1.24676707856e-05, 1.42373337439e-05, 1.18859124996e-05, 1.03666961877e-05, 8.9730046966e-06, 7.12426299287e-06, 4.10850498156e-06, 3.4151487398e-06, 2.39854421125e-06, 2.02357796297e-06, 1.72479747107e-06, 9.9970827705e-07, 8.2364113041e-07, 5.09788947056e-07, 3.53802533937e-07],
        "dvar": [1.85534031516e-06, 2.15028171624e-06, 1.56776263793e-06, 3.62296168532e-06, 1.59056071425e-07, 4.01123472216e-08, 2.1244143511e-07, 2.90403619374e-07, 1.40617984812e-07, 1.01604591407e-07, 3.78117697153e-08, 2.59687293891e-08, 7.70015340379e-09, 1.18599334797e-08, 3.47966455649e-08, 1.93589873021e-08, 3.45393358359e-09, 2.34795560772e-09, 1.07673203686e-09, 8.88819351452e-10, 1.26011978629e-09, 5.95077431775e-10, 6.19761797438e-10, 2.92673690838e-10, 1.49518508685e-10, 1.74444333978e-10, 5.60579083153e-10, 1.64970301308e-10, 1.44996084583e-10, 1.14388568062e-10, 5.80448189513e-11, 3.06784979365e-11, 2.14682542576e-11, 1.13242210747e-11, 1.83315081864e-11, 1.20611290053e-11, 3.72345036748e-12, 2.04549853618e-12, 8.66815896405e-13, 6.09488750702e-13],
        "dvar2": [4.75631350128e-06, 5.68324139749e-06, 4.11668042943e-06, 9.8859627542e-06, 3.81867096166e-07, 8.59359658989e-08, 4.51928286793e-07, 6.25906068308e-07, 2.48951863568e-07, 1.88102475818e-07, 7.70716610532e-08, 6.53704574916e-08, 2.11292405794e-08, 2.61619703679e-08, 7.63165033391e-08, 3.15113801719e-08, 6.86351420143e-09, 5.21076692905e-09, 2.4931785525e-09, 1.80008619122e-09, 2.92018209613e-09, 1.1592709015e-09, 1.3806403798e-09, 6.54479248574e-10, 3.491338052e-10, 4.09776462762e-10, 1.3932034415e-09, 4.13940964838e-10, 3.70885128165e-10, 2.92512930544e-10, 1.29357968781e-10, 5.98167834709e-11, 4.66297070401e-11, 2.49711275963e-11, 4.08838414512e-11, 2.28559775273e-11, 7.73254030251e-12, 4.31594907382e-12, 1.94324092408e-12, 1.26390965836e-12],
        "max": [0.0146987717599, 0.0222350601107, 0.0143333459273, 0.0254112947732, 0.00573283201084, 0.00362802413292, 0.0100627569482, 0.00815566070378, 0.00794098339975, 0.00798804406077, 0.00389541150071, 0.00348534085788, 0.00192027480807, 0.00193519331515, 0.00343108270317, 0.00358839402907, 0.00108742585871, 0.001047523343, 0.000476409477415, 0.000839364365675, 0.000654019298963, 0.000589033181313, 0.000419401505496, 0.000336488272296, 0.000187933372217, 0.000214783503907, 0.000556035316549, 0.000164887867868, 0.000166739249835, 0.00013978597417, 9.53680792009e-05, 0.000125109843793, 8.3646584244e-05, 5.79938787268e-05, 9.67836240306e-05, 6.34569296381e-05, 3.9438931708e-05, 2.90883654088e-05, 1.47630880747e-05, 1.49171000885e-05],
        "mean": [0.000793603714556, 0.00185818201862, 0.00200551445596, 0.00137897231616, 0.000550946977455, 0.000306312314933, 0.000396325864131, 0.000548585201614, 0.000297919177683, 0.000285320886178, 0.000172374755493, 9.250149742e-05, 5.71900272917e-05, 0.00011597223056, 0.000165096455021, 0.000130208805786, 5.26659750903e-05, 3.43109859386e-05, 3.60502672265e-05, 3.16713594657e-05, 3.61824641004e-05, 2.86542308459e-05, 3.01105283143e-05, 1.97686022148e-05, 1.69690811163e-05, 1.50069663505e-05, 1.69436134456e-05, 1.47124492287e-05, 1.20979957501e-05, 1.07619407572e-05, 9.17197303352e-06, 5.48332582184e-06, 4.12687677454e-06, 3.1471629427e-06, 2.59507055489e-06, 2.1018154257e-06, 1.20831327877e-06, 9.86958070825e-07, 5.97399093749e-07, 3.42844089118e-07],
        "median": [0.000416293245507, 0.000770775077399, 0.00165605230723, 0.000812913523987, 0.000347637367668, 0.000174432934728, 0.000160642099218, 0.000185101715033, 9.2993999715e-05, 7.19097952242e-05, 5.77775426791e-05, 3.3944608731e-05, 2.99317252939e-05, 4.16923321609e-05, 3.72492868337e-05, 3.32893905579e-05, 1.99262358365e-05, 1.48851077029e-05, 1.58659131557e-05, 1.58395705512e-05, 1.31085243993e-05, 1.40871679832e-05, 1.41549107866e-05, 1.29050904434e-05, 1.22401315821e-05, 1.0531175576e-05, 1.02783942566e-05, 1.05280414573e-05, 7.01286944604e-06, 6.68155871608e-06, 6.09438620813e-06, 2.86944941763e-06, 2.40410804508e-06, 2.03439321922e-06, 1.4682540268e-06, 1.19304013424e-06, 7.1275604796e-07, 5.99381621669e-07, 3.48173841758e-07, 1.77051518335e-07],
        "min": [1.02772855826e-06, 2.64509199042e-05, 3.07741938741e-05, 4.41396041424e-05, 7.67922028899e-06, 9.53345625021e-06, 1.69089253177e-06, 1.87496266335e-06, 1.68726580796e-06, 1.40433087381e-06, 6.04421813932e-07, 2.14110372099e-07, 5.75872320496e-07, 9.21877301607e-07, 5.18164767982e-07, 1.0037483662e-06, 1.25458404909e-06, 7.55374173877e-07, 7.88581473898e-07, 9.89993509393e-07, 8.51918969147e-07, 7.55343023684e-07, 6.11825043961e-07, 1.38376947234e-06, 1.00609292986e-06, 8.03032662589e-07, 7.95208393356e-07, 9.32195973746e-07, 7.00065527326e-07, 7.19388538073e-07, 5.40842393093e-07, 2.07115590456e-07, 1.57003071877e-07, 2.5604538223e-07, 1.62956325767e-07, 9.30081682782e-08, 6.91429207222e-08, 2.67059192538e-08, 8.38929903324e-09, 6.17172890571e-09],
