{
"highlevel": {
    "danceability": {
        "all": {
            "danceable": 0.0862337499857,
            "not_danceable": 0.913766264915
        },
        "probability": 0.913766264915,
        "value": "not_danceable"
    },
    "gender": {
        "all": {
            "female": 0.59276932478,
            "male": 0.407230705023
        },
        "probability": 0.59276932478,
        "value": "female"
    },
    "genre_dortmund": {
        "all": {
            "alternative": 0.0922663956881,
            "blues": 0.0641836076975,
            "electronic": 0.0390170812607,
            "folkcountry": 0.0352791212499,
            "funksoulrnb": 0.00209114677273,
            "jazz": 0.0164627600461,
            "pop": 0.0231054294854,
            "raphiphop": 0.00432509509847,
            "rock": 0.723269343376
        },
        "probability": 0.723269343376,
        "value": "rock"
    },
    "genre_electronic": {
        "all": {
            "ambient": 0.224325284362,
            "dnb": 0.189163282514,
            "house": 0.138814523816,
            "techno": 0.0400369055569,
            "trance": 0.407660007477
        },
        "probability": 0.407660007477,
        "value": "trance"
    },
    "genre_rosamerica": {
        "all": {
            "cla": 0.00318957492709,
            "dan": 0.0592004954815,
            "hip": 0.0166648365557,
            "jaz": 0.00318442587741,
            "pop": 0.017506705597,
            "rhy": 0.00552302785218,
            "roc": 0.888283550739,
            "spe": 0.00644740322605
        },
        "probability": 0.888283550739,
        "value": "roc"
    },
    "genre_tzanetakis": {
        "all": {
            "blu": 0.0626541376114,
            "cla": 0.0348133966327,
            "cou": 0.0783501937985,
            "dis": 0.104547761381,
            "hip": 0.15693578124,
            "jaz": 0.313987255096,
            "met": 0.044816005975,
            "pop": 0.0627349764109,
            "reg": 0.0627352520823,
            "roc": 0.0784252434969
        },
        "probability": 0.313987255096,
        "value": "jaz"
    },
    "ismir04_rhythm": {
        "all": {
            "ChaChaCha": 0.392103672028,
            "Jive": 0.519219577312,
            "Quickstep": 0.00363761070184,
            "Rumba-American": 0.00799849722534,
            "Rumba-International": 0.00348998839036,
            "Rumba-Misc": 0.00124083948322,
            "Samba": 0.0494196005166,
            "Tango": 0.00582992192358,
            "VienneseWaltz": 0.0154187846929,
            "Waltz": 0.00164150050841
        },
        "probability": 0.519219577312,
        "value": "Jive"
    },
    "mood_acoustic": {
        "all": {
            "acoustic": 0.0307247452438,
            "not_acoustic": 0.96927523613
        },
        "probability": 0.96927523613,
        "value": "not_acoustic"
    },
    "mood_aggressive": {
        "all": {
            "aggressive": 0.989910364151,
            "not_aggressive": 0.0100896423683
        },
        "probability": 0.989910364151,
        "value": "aggressive"
    },
    "mood_electronic": {
        "all": {
            "electronic": 0.104301124811,
            "not_electronic": 0.895698845387
        },
        "probability": 0.895698845387,
        "value": "not_electronic"
    },
    "mood_happy": {
        "all": {
            "happy": 0.388995289803,
            "not_happy": 0.611004710197
        },
        "probability": 0.611004710197,
        "value": "not_happy"
    },
    "mood_party": {
        "all": {
            "not_party": 0.594627320766,
            "party": 0.405372649431
        },
        "probability": 0.594627320766,
        "value": "not_party"
    },
    "mood_relaxed": {
        "all": {
            "not_relaxed": 0.989172935486,
            "relaxed": 0.0108270794153
        },
        "probability": 0.989172935486,
        "value": "not_relaxed"
    },
    "mood_sad": {
        "all": {
            "not_sad": 0.852498650551,
            "sad": 0.147501334548
        },
        "probability": 0.852498650551,
        "value": "not_sad"
    },
    "moods_mirex": {
        "all": {
            "Cluster1": 0.459505826235,
            "Cluster2": 0.0541498325765,
            "Cluster3": 0.0875035002828,
            "Cluster4": 0.0392467267811,
            "Cluster5": 0.359594106674
        },
        "probability": 0.459505826235,
        "value": "Cluster1"
    },
    "timbre": {
        "all": {
            "bright": 0.980977296829,
            "dark": 0.0190227106214
        },
        "probability": 0.980977296829,
        "value": "bright"
    },
    "tonal_atonal": {
        "all": {
            "atonal": 0.038861695677,
            "tonal": 0.961138308048
        },
        "probability": 0.961138308048,
        "value": "tonal"
    },
    "voice_instrumental": {
        "all": {
            "instrumental": 0.0687587559223,
            "voice": 0.931241214275
        },
        "probability": 0.931241214275,
        "value": "voice"
    }
},
"lowlevel": {
    "average_loudness": 0.984289169312,
    "barkbands_crest": {
        "dmean": 3.06799316406,
        "dmean2": 5.21985769272,
        "dvar": 9.62145709991,
        "dvar2": 24.0847625732,
        "max": 24.4165611267,
        "mean": 9.13941860199,
        "median": 8.18319129944,
        "min": 2.97662806511,
        "var": 14.9505748749
    },
    "barkbands_flatness_db": {
        "dmean": 0.0266273487359,
        "dmean2": 0.043249014765,
        "dvar": 0.000883359403815,
        "dvar2": 0.00203604740091,
        "max": 0.329031258821,
        "mean": 0.144355237484,
        "median": 0.130547791719,
        "min": 0.0564887784421,
        "var": 0.00247318693437
    },
    "barkbands_kurtosis": {
        "dmean": 5.19558620453,
        "dmean2": 8.8225440979,
        "dvar": 158.860855103,
        "dvar2": 409.290771484,
        "max": 116.201599121,
        "mean": 4.5738325119,
        "median": 1.00957489014,
        "min": -1.69580614567,
        "var": 139.783798218
    },
    "barkbands_skewness": {
        "dmean": 0.76780462265,
        "dmean2": 1.24578905106,
        "dvar": 1.22693610191,
        "dvar2": 2.88887763023,
        "max": 9.73078536987,
        "mean": 1.80937719345,
        "median": 1.46068704128,
        "min": -0.694751739502,
        "var": 1.8786662817
    },
    "barkbands_spread": {
        "dmean": 7.1643948555,
        "dmean2": 11.5815877914,
        "dvar": 49.4761619568,
        "dvar2": 109.335289001,
        "max": 67.7000427246,
        "mean": 27.6038398743,
        "median": 28.1752471924,
        "min": 1.46061146259,
        "var": 146.451705933
    },
    "dissonance": {
        "dmean": 0.00822217669338,
        "dmean2": 0.0138072185218,
        "dvar": 4.77360990772e-05,
        "dvar2": 0.000132339380798,
        "max": 0.500000059605,
        "mean": 0.483555972576,
        "median": 0.485075235367,
        "min": 0.439215064049,
        "var": 9.06360801309e-05
    },
    "dynamic_complexity": 1.17340910435,
    "erbbands_crest": {
        "dmean": 1.8599473238,
        "dmean2": 3.13702178001,
        "dvar": 3.14313673973,
        "dvar2": 8.04298400879,
        "max": 19.7877731323,
        "mean": 6.37847566605,
        "median": 5.82595682144,
        "min": 2.54940152168,
        "var": 5.19804525375
    },
    "erbbands_flatness_db": {
        "dmean": 0.0142077999189,
        "dmean2": 0.0200647041202,
        "dvar": 0.00020761306223,
        "dvar2": 0.000349640497006,
        "max": 0.262757629156,
        "mean": 0.146735534072,
        "median": 0.144095033407,
        "min": 0.0669180080295,
        "var": 0.000895981269423
    },
    "erbbands_kurtosis": {
        "dmean": 0.518077731133,
        "dmean2": 0.847871243954,
        "dvar": 0.359250128269,
        "dvar2": 0.950806617737,
        "max": 4.45636034012,
        "mean": -0.647773504257,
        "median": -0.852495908737,
        "min": -1.77022981644,
        "var": 0.679702460766
    },
    "erbbands_skewness": {
        "dmean": 0.319978654385,
        "dmean2": 0.530533492565,
        "dvar": 0.0871813818812,
        "dvar2": 0.232151299715,
        "max": 1.37840044498,
        "mean": -0.411032497883,
        "median": -0.443913191557,
        "min": -1.72456622124,
        "var": 0.228881880641
    },
    "erbbands_spread": {
        "dmean": 9.49769115448,
        "dmean2": 15.2098999023,
        "dvar": 93.5535583496,
        "dvar2": 241.268753052,
        "max": 111.047584534,
        "mean": 52.6649513245,
        "median": 50.4704551697,
        "min": 18.2894496918,
        "var": 222.60194397
    },
    "hfc": {
        "dmean": 5.54596185684,
        "dmean2": 8.36255168915,
        "dvar": 55.8594245911,
        "dvar2": 127.722244263,
        "max": 125.546318054,
        "mean": 24.593662262,
        "median": 21.942281723,
        "min": 4.32234477997,
        "var": 189.072280884
    },
    "melbands_crest": {
        "dmean": 3.99293684959,
        "dmean2": 6.84399366379,
        "dvar": 12.7422990799,
        "dvar2": 31.9217567444,
        "max": 29.4761505127,
        "mean": 14.6063899994,
        "median": 13.9869117737,
        "min": 5.2904882431,
        "var": 21.7493286133
    },
    "melbands_flatness_db": {
        "dmean": 0.0338197499514,
        "dmean2": 0.0543465986848,
        "dvar": 0.00147291203029,
        "dvar2": 0.00318708247505,
        "max": 0.423606991768,
        "mean": 0.194268152118,
        "median": 0.177988693118,
        "min": 0.0485793314874,
        "var": 0.00458873622119
    },
    "melbands_kurtosis": {
        "dmean": 15.4619235992,
        "dmean2": 25.8732032776,
        "dvar": 1141.3026123,
        "dvar2": 2873.703125,
        "max": 310.683441162,
        "mean": 21.0166091919,
        "median": 10.4988241196,
        "min": -1.14773321152,
        "var": 1091.27587891
    },
    "melbands_skewness": {
        "dmean": 1.10242390633,
        "dmean2": 1.76755678654,
        "dvar": 2.42099380493,
        "dvar2": 5.58596515656,
        "max": 13.4675273895,
        "mean": 3.63360095024,
        "median": 3.13854312897,
        "min": 0.686311900616,
        "var": 3.90650486946
    },
    "melbands_spread": {
        "dmean": 8.93961906433,
        "dmean2": 14.5389900208,
        "dvar": 91.7670211792,
        "dvar2": 199.780044556,
        "max": 130.868865967,
        "mean": 24.7170791626,
        "median": 23.149728775,
        "min": 1.04361355305,
        "var": 241.843383789
    },
    "pitch_salience": {
        "dmean": 0.0829273015261,
        "dmean2": 0.14189337194,
        "dvar": 0.00679385056719,
        "dvar2": 0.0157642550766,
        "max": 0.826891005039,
        "mean": 0.57962924242,
        "median": 0.59248816967,
        "min": 0.187531813979,
        "var": 0.0097394483164
    },
    "silence_rate_20dB": {
        "dmean": 0,
        "dmean2": 0,
        "dvar": 0,
        "dvar2": 0,
        "max": 1,
        "mean": 1,
        "median": 1,
        "min": 1,
        "var": 0
    },
    "silence_rate_30dB": {
        "dmean": 0.0433436520398,
        "dmean2": 0.0867544561625,
        "dvar": 0.0414642393589,
        "dvar2": 0.121054016054,
        "max": 1,
        "mean": 0.977571547031,
        "median": 1,
        "min": 0,
        "var": 0.0219255480915
    },
    "silence_rate_60dB": {
        "dmean": 0,
        "dmean2": 0,
        "dvar": 0,
        "dvar2": 0,
        "max": 0,
        "mean": 0,
        "median": 0,
        "min": 0,
        "var": 0
    },
    "spectral_centroid": {
        "dmean": 325.906066895,
        "dmean2": 550.906860352,
        "dvar": 101504.929688,
        "dvar2": 257472,
        "max": 3847.10498047,
        "mean": 1656.59741211,
        "median": 1707.08447266,
        "min": 333.621032715,
        "var": 270438.5
    },
    "spectral_complexity": {
        "dmean": 4.38390111923,
        "dmean2": 6.95197534561,
        "dvar": 15.5709142685,
        "dvar2": 34.2548179626,
        "max": 53,
        "mean": 29.6883220673,
        "median": 30,
        "min": 5,
        "var": 79.9437561035
    },
    "spectral_decrease": {
        "dmean": 4.6029926537e-09,
        "dmean2": 7.57439710952e-09,
        "dvar": 5.21452044263e-17,
        "dvar2": 1.23287564532e-16,
        "max": -1.98159311182e-09,
        "mean": -9.50354550611e-09,
        "median": -7.49659445631e-09,
        "min": -5.13266229518e-08,
        "var": 5.19489839501e-17
    },
    "spectral_energy": {
        "dmean": 0.0176310297102,
        "dmean2": 0.0290044471622,
        "dvar": 0.000750768405851,
        "dvar2": 0.00177646568045,
        "max": 0.195994213223,
        "mean": 0.0380992926657,
        "median": 0.0304612666368,
        "min": 0.00829719007015,
        "var": 0.000752310210373
    },
    "spectral_energyband_high": {
        "dmean": 0.000435373134678,
        "dmean2": 0.00062207429437,
        "dvar": 8.18170917682e-07,
        "dvar2": 1.62197613918e-06,
        "max": 0.017181230709,
        "mean": 0.00110726442654,
        "median": 0.000730246538296,
        "min": 3.88095941162e-05,
        "var": 1.76050002665e-06
    },
    "spectral_energyband_low": {
        "dmean": 0.0142033444718,
        "dmean2": 0.0231870729476,
        "dvar": 0.000735288253054,
        "dvar2": 0.00169123627711,
        "max": 0.186587527394,
        "mean": 0.0186900179833,
        "median": 0.0107347033918,
        "min": 0.000632356270216,
        "var": 0.000724767160136
    },
    "spectral_energyband_middle_high": {
        "dmean": 0.00125474424567,
        "dmean2": 0.00199048919603,
        "dvar": 1.72880015725e-06,
        "dvar2": 4.06155459132e-06,
        "max": 0.0206154435873,
        "mean": 0.00531780580059,
        "median": 0.00473365793005,
        "min": 0.000634809490293,
        "var": 9.23994957702e-06
    },
    "spectral_energyband_middle_low": {
        "dmean": 0.00739228446037,
        "dmean2": 0.0125719122589,
        "dvar": 0.000133682900923,
        "dvar2": 0.000364185718354,
        "max": 0.10768506676,
        "mean": 0.0157957393676,
        "median": 0.0132841924205,
        "min": 0.00186373433098,
        "var": 0.000138296978548
    },
    "spectral_entropy": {
        "dmean": 0.113680660725,
        "dmean2": 0.175715178251,
        "dvar": 0.0131247555837,
        "dvar2": 0.0314015373588,
        "max": 8.35483074188,
        "mean": 7.70440196991,
        "median": 7.71991682053,
        "min": 6.82624197006,
        "var": 0.0550760030746
    },
    "spectral_flux": {
        "dmean": 0.0360041856766,
        "dmean2": 0.0574377626181,
        "dvar": 0.00240907398984,
        "dvar2": 0.00517107406631,
        "max": 0.397095620632,
        "mean": 0.109963625669,
        "median": 0.0904779359698,
        "min": 0.0263406876475,
        "var": 0.00381667073816
    },
    "spectral_kurtosis": {
        "dmean": 1.33074331284,
        "dmean2": 2.30232167244,
        "dvar": 1.72241687775,
        "dvar2": 5.54369306564,
        "max": 11.2714033127,
        "mean": 3.21558499336,
        "median": 3.07775115967,
        "min": -0.842469215393,
        "var": 2.24005150795
    },
    "spectral_rms": {
        "dmean": 0.00122933962848,
        "dmean2": 0.00201038667001,
        "dvar": 2.48711307904e-06,
        "dvar2": 5.61838351132e-06,
        "max": 0.0138280102983,
        "mean": 0.0058427574113,
        "median": 0.00545145012438,
        "min": 0.00284513970837,
        "var": 3.0322105431e-06
    },
    "spectral_rolloff": {
        "dmean": 635.463256836,
        "dmean2": 1083.53210449,
        "dvar": 492487.59375,
        "dvar2": 1050395.625,
        "max": 6933.69140625,
        "mean": 1564.24743652,
        "median": 1614.99023438,
        "min": 86.1328125,
        "var": 1302116.625
    },
    "spectral_skewness": {
        "dmean": 0.180067405105,
        "dmean2": 0.29720467329,
        "dvar": 0.0269343517721,
        "dvar2": 0.0685354620218,
        "max": 2.70825982094,
        "mean": 1.07231080532,
        "median": 1.07875585556,
        "min": 0.193183407187,
        "var": 0.0617772303522
    },
    "spectral_spread": {
        "dmean": 452528.53125,
        "dmean2": 642267.875,
        "dvar": 374681501696,
        "dvar2": 663488036864,
        "max": 13931214,
        "mean": 3909484.75,
        "median": 3746355.25,
        "min": 2323435.75,
        "var": 1.04899851059e+12
    },
    "spectral_strongpeak": {
        "dmean": 0.362299382687,
        "dmean2": 0.632900178432,
        "dvar": 0.253592014313,
        "dvar2": 0.645297348499,
        "max": 6.1556429863,
        "mean": 0.564012646675,
        "median": 0.450074225664,
        "min": 0.0479380264878,
        "var": 0.279978454113
    },
    "zerocrossingrate": {
        "dmean": 0.0106303207576,
        "dmean2": 0.0133454715833,
        "dvar": 0.000107424239104,
        "dvar2": 0.000149815517943,
        "max": 0.20166015625,
        "mean": 0.0611220113933,
        "median": 0.060546875,
        "min": 0.009765625,
        "var": 0.000662885722704
    },
    "barkbands": {
        "dmean": [0.000322513369611, 0.00870217010379, 0.00582873029634, 0.00451131025329, 0.00288282358088, 0.00121856154874, 0.000557284802198, 0.000465247750981, 0.000692127039656, 0.000137423630804, 0.000160801282618, 0.000133131587063, 0.00019804033218, 0.000275688624242, 0.000232801481616, 0.000418574025389, 0.000464367243694, 0.000217521199374, 0.000340218248311, 0.000237628613831, 0.000153429122292, 0.00010665415175, 5.79833431402e-05, 5.75874291826e-05, 6.0026301071e-05, 1.43736406244e-05, 1.42158693706e-08],
        "dmean2": [0.000556454062462, 0.0146596198902, 0.0104602873325, 0.00791967101395, 0.00509261898696, 0.00207171123475, 0.00090263056336, 0.000757447676733, 0.00108657812234, 0.000213794963202, 0.000254341692198, 0.000222042101086, 0.000319298793329, 0.000449443294201, 0.000384862360079, 0.000692728499416, 0.000783338735346, 0.000361176789738, 0.000552826037165, 0.000406784005463, 0.000240374793066, 0.000164683413459, 8.57837658259e-05, 7.95968298917e-05, 8.71338197612e-05, 2.31206413446e-05, 2.4224691586e-08],
        "dvar": [4.89358285449e-07, 0.000378843629733, 0.000157427974045, 6.06184075878e-05, 2.41096931859e-05, 4.64928507427e-06, 1.6332217001e-06, 1.69184625065e-06, 2.43913086706e-06, 3.12456549523e-08, 1.66739994256e-07, 8.14576353037e-08, 1.16662533856e-07, 1.08959930856e-07, 8.01782675808e-08, 3.12736688102e-07, 2.53467050015e-07, 6.36479029481e-08, 2.20656417582e-07, 8.16407919046e-08, 1.19128465315e-07, 9.29618693135e-08, 1.62721942587e-08, 1.83356476668e-08, 2.05979731049e-08, 1.7684054221e-09, 4.11921481964e-15],
        "dvar2": [1.44269972679e-06, 0.000870535499416, 0.000444752717158, 0.000168371276231, 7.15333007975e-05, 1.29058644234e-05, 3.83401084036e-06, 3.54788517143e-06, 5.48051866645e-06, 7.48577235754e-08, 3.54094282784e-07, 2.23021274337e-07, 2.50157427217e-07, 2.60429260379e-07, 2.16569020495e-07, 7.94974369001e-07, 6.87378076236e-07, 1.70935578581e-07, 5.5691776879e-07, 2.29933220908e-07, 2.36710917534e-07, 2.38044236767e-07, 3.62103200757e-08, 3.61430636531e-08, 5.07095627711e-08, 4.48679626786e-09, 7.98282135382e-15],
        "max": [0.00610110117123, 0.119409255683, 0.0916022509336, 0.0602729432285, 0.0674417689443, 0.023354627192, 0.0245466697961, 0.0239420644939, 0.0263566654176, 0.00215176050551, 0.0105075920001, 0.00504794484004, 0.00553767150268, 0.00469938106835, 0.00337487296201, 0.00799967069179, 0.0067608631216, 0.00323112006299, 0.00692518753931, 0.00321925408207, 0.00765439728275, 0.00523545127362, 0.00234454032034, 0.00255625112914, 0.00201268750243, 0.000652837334201, 1.42669114211e-06],
        "mean": [0.000323473504977, 0.0091974530369, 0.00642089731991, 0.00559104979038, 0.00542946485803, 0.00178188143764, 0.00116578501184, 0.000735289708246, 0.00101625628304, 0.000232319362112, 0.00023074184719, 0.000221563648665, 0.000320852908771, 0.000533744925633, 0.000420332507929, 0.000861160515342, 0.000954792951234, 0.000478381116409, 0.000763225369155, 0.000551095057745, 0.000339780846843, 0.00019293029618, 0.000113651032734, 0.000108557032945, 9.68623280642e-05, 1.77650508704e-05, 1.02467936358e-08],
        "median": [8.8782646344e-05, 0.00358684081584, 0.00348495459184, 0.00379250640981, 0.00385560165159, 0.000894467462786, 0.000492828025017, 0.000277700077277, 0.000324683234794, 0.00015716769849, 0.000106192754174, 0.000119003692816, 0.000186731253052, 0.000396063755034, 0.000317021331284, 0.000598250015173, 0.000784268369898, 0.000401445024181, 0.000580300576985, 0.000463856442366, 0.000230827412452, 8.60539003043e-05, 5.25396244484e-05, 4.65950397484e-05, 3.34316355293e-05, 5.8642217482e-06, 7.71659014465e-10],
        "min": [9.51232550506e-08, 5.09483725182e-05, 7.51740662963e-05, 4.93601291964e-05, 8.56282058521e-05, 1.74912693183e-05, 2.31991416513e-05, 5.38160657015e-06, 1.68704027601e-05, 1.09707489173e-05, 3.51376093022e-06, 9.01129806152e-06, 5.95278197579e-06, 3.12745178235e-05, 1.70048551809e-05, 4.70214436064e-05, 5.56271334062e-05, 2.9258613722e-05, 4.05654973292e-05, 3.6190951505e-05, 1.63057720783e-05, 8.52046696309e-07, 9.56315062695e-08, 3.14806469781e-09, 1.68881975071e-09, 6.48902979961e-12, 7.54788939683e-12],
        "var": [4.38985239271e-07, 0.000353148498107, 0.000110311266326, 4.97728215123e-05, 2.86681770376e-05, 6.13894280832e-06, 2.83057170236e-06, 2.76632363239e-06, 4.44235502073e-06, 5.37657598443e-08, 3.13193595503e-07, 1.50368748564e-07, 2.1203209144e-07, 2.49528397944e-07, 1.42298773653e-07, 8.38725668473e-07, 5.12620260906e-07, 1.210860745e-07, 4.97008898037e-07, 1.58712225584e-07, 2.15054868136e-07, 1.03416603281e-07, 2.66384425629e-08, 3.82509064423e-08, 3.2504786418e-08, 2.08258654766e-09, 3.38553648007e-15]
    },
    "erbbands": {
        "dmean": [0.236728280783, 2.14406514168, 6.41732263565, 10.6364850998, 12.759475708, 8.94186019897, 8.17525863647, 10.5027723312, 7.36681938171, 9.04051113129, 12.9041595459, 16.9319229126, 4.67625045776, 4.86006879807, 5.99789190292, 5.85949277878, 8.63202762604, 12.6090812683, 12.8590307236, 14.1186418533, 21.1818122864, 26.6818408966, 11.017952919, 15.4834890366, 16.6725254059, 12.586815834, 7.34192085266, 4.91373920441, 4.1595916748, 2.32646799088, 1.64001917839, 1.238032341, 1.0086606741, 0.755109846592, 0.390168130398, 0.0944634079933, 0.0234732888639, 0.00163296831306, 3.92886868212e-05, 2.06570985029e-05],
        "dmean2": [0.410176336765, 3.55530595779, 11.3944768906, 18.7040290833, 22.0410785675, 15.5082483292, 14.2795801163, 17.5558700562, 11.8647432327, 14.5926561356, 20.8383045197, 26.628572464, 7.42061853409, 7.67439842224, 9.40510082245, 9.62399101257, 13.8235349655, 20.7493305206, 21.3485717773, 23.8661594391, 35.0930213928, 45.0258407593, 18.3943042755, 25.6119499207, 27.7602577209, 21.8232650757, 11.8113174438, 7.55309534073, 6.49094867706, 3.42326688766, 2.38830184937, 1.82562756538, 1.40354323387, 1.10261571407, 0.585401713848, 0.152375131845, 0.0369933284819, 0.00265931407921, 6.06862013228e-05, 3.36316225003e-05],
        "dvar": [0.282061874866, 23.8385658264, 216.003875732, 255.904510498, 453.352600098, 218.868225098, 219.349334717, 416.675323486, 248.294403076, 337.218444824, 1352.5670166, 1507.30334473, 61.8217277527, 51.0033454895, 238.620285034, 159.888244629, 209.0884552, 246.506149292, 236.244506836, 397.369506836, 609.144226074, 964.458129883, 162.915084839, 373.135345459, 540.887939453, 247.063781738, 225.604614258, 148.955627441, 149.33782959, 28.2266311646, 12.5141353607, 8.04668712616, 5.46521520615, 2.89862918854, 1.09445989132, 0.0812244489789, 0.00396812940016, 1.81899176823e-05, 7.61906093771e-09, 9.00256036385e-10],
        "dvar2": [0.721877157688, 56.7800941467, 600.654785156, 710.422180176, 1267.08276367, 639.813293457, 632.701904297, 1125.34558105, 546.872070312, 831.594116211, 3030.44042969, 3374.77954102, 163.636795044, 112.370704651, 521.485412598, 446.554504395, 465.25769043, 592.607116699, 584.373901367, 1072.94238281, 1528.86352539, 2582.28222656, 428.796234131, 944.682678223, 1450.97766113, 707.742553711, 524.877502441, 289.552490234, 384.69934082, 66.1365432739, 27.752746582, 17.1088981628, 10.7869939804, 6.96219110489, 2.79202103615, 0.209535494447, 0.00894892960787, 4.09077474615e-05, 1.74316117096e-08, 2.15013518101e-09],
        "max": [4.04461240768, 31.1202545166, 107.402793884, 114.540267944, 213.404525757, 227.047592163, 167.128738403, 258.733306885, 277.248321533, 256.407531738, 631.554016113, 698.651489258, 101.214935303, 200.533950806, 334.022613525, 271.205474854, 226.79788208, 215.689376831, 174.438110352, 229.226745605, 287.368530273, 395.726898193, 188.723922729, 216.78604126, 309.437744141, 166.871780396, 322.464691162, 289.64944458, 202.501876831, 82.7028961182, 66.2977294922, 55.0050621033, 39.8635177612, 22.6676006317, 17.3779506683, 4.0984120369, 1.03575992584, 0.0660032629967, 0.00129306770395, 0.000213462641113],
        "mean": [0.243235245347, 2.18392753601, 7.09959793091, 13.6408920288, 19.9713230133, 18.0269641876, 11.2174911499, 15.5570878983, 12.5832796097, 22.27734375, 19.7085323334, 25.1727600098, 7.73331975937, 8.20962142944, 9.48410606384, 10.7276573181, 15.1694946289, 25.2478237152, 25.6849269867, 29.5245437622, 46.8527908325, 54.8021202087, 28.2442264557, 35.4293556213, 37.58020401, 28.5265312195, 16.6595458984, 10.7422981262, 7.38857650757, 4.50327777863, 3.10367846489, 2.34596610069, 1.78400993347, 1.21153402328, 0.6023914814, 0.124304488301, 0.0303201489151, 0.00202322704718, 6.82948884787e-05, 4.88462610519e-05],
        "median": [0.0651585236192, 0.873147964478, 3.59653806686, 9.25869941711, 14.306725502, 12.4637851715, 6.34055137634, 6.87618970871, 7.66040229797, 5.51962852478, 8.15451812744, 7.97780513763, 4.91396903992, 5.04535579681, 4.83276319504, 6.1026930809, 9.3848285675, 19.5912036896, 18.9836425781, 20.709186554, 36.1558380127, 44.7487411499, 24.257686615, 27.3995838165, 29.8512687683, 23.6031837463, 12.4775943756, 6.23507022858, 3.24798035622, 1.93808805943, 1.45571315289, 1.04076933861, 0.735823750496, 0.459439724684, 0.177607014775, 0.0406095348299, 0.00991495512426, 0.000592680240516, 3.70698835468e-05, 3.96100622311e-05],
        "min": [0.000860402593389, 0.0171857792884, 0.126799181104, 0.410255640745, 0.348411560059, 0.250903666019, 0.518845200539, 0.439929544926, 0.648677349091, 0.343880176544, 0.220477893949, 0.33823928237, 0.38808876276, 0.581897318363, 0.318834751844, 0.450277328491, 0.571832597256, 1.45726084709, 1.39835858345, 1.75738120079, 3.3119289875, 3.42688012123, 2.09638595581, 1.91744232178, 2.27517962456, 2.14732694626, 0.821030020714, 0.295688360929, 0.0495423525572, 0.010265301913, 0.00218792702071, 0.000350462680217, 0.000121653982205, 4.9739912356e-05, 1.86707547982e-05, 8.16664942249e-06, 4.54367136626e-06, 9.51619483658e-07, 5.6682461036e-06, 1.04537157313e-05],
        "var": [0.239023178816, 21.1481323242, 152.956710815, 214.821517944, 446.760284424, 331.469726562, 211.656326294, 574.765441895, 335.028656006, 1125.07849121, 2171.69970703, 2766.87646484, 79.9468994141, 131.741317749, 393.058929443, 302.065582275, 395.313110352, 467.221435547, 477.563842773, 852.355773926, 1609.2767334, 1845.4876709, 352.540618896, 887.947998047, 1041.36022949, 453.922607422, 366.793609619, 259.926605225, 162.194595337, 43.048828125, 20.6578979492, 15.0821561813, 11.3175096512, 4.63956594467, 1.57499420643, 0.0872539356351, 0.00635391240939, 3.14231619996e-05, 1.33234365762e-08, 9.88126025447e-10]
    },
    "gfcc": {
        "mean": [28.007434845, 102.003082275, -127.88483429, 66.6606369019, -45.9571228027, 6.5713300705, -43.4369163513, 9.72118186951, -25.5551128387, 0.0638529658318, -16.4936923981, -12.569065094, -7.70254516602],
        "cov": [[1743.8125, -1280.83251953, 306.106842041, -195.905197144, -539.072875977, 292.471374512, -392.522369385, 226.733337402, -167.336837769, 194.289367676, -222.713088989, 203.386444092, -256.399536133], [-1280.83251953, 1251.47595215, -334.619384766, 145.733184814, 421.64352417, -259.512786865, 386.069549561, -203.174850464, 179.704879761, -199.693786621, 214.409317017, -199.839080811, 214.14364624], [306.106842041, -334.619384766, 420.043212891, 20.8694705963, -16.0320835114, 108.825454712, -88.0146560669, 75.2980117798, -55.7256813049, 79.0710372925, -69.6340713501, 98.9123001099, -51.9918785095], [-195.905197144, 145.733184814, 20.8694705963, 159.009963989, 76.0482025146, 18.2981395721, 58.7857666016, -41.7357673645, 53.2559013367, -38.7889900208, 48.6109657288, -29.5741634369, 58.3262557983], [-539.072875977, 421.64352417, -16.0320835114, 76.0482025146, 310.821655273, -68.7945785522, 157.090515137, -42.9895133972, 52.430847168, -41.6472702026, 63.3480682373, -48.4879646301, 74.5322265625], [292.471374512, -259.512786865, 108.825454712, 18.2981395721, -68.7945785522, 182.080963135, -32.4984855652, 76.0529785156, -14.6664028168, 30.0657138824, -22.7018413544, 30.9812583923, -20.8115634918], [-392.522369385, 386.069549561, -88.0146560669, 58.7857666016, 157.090515137, -32.4984855652, 193.106155396, -32.8418960571, 79.779838562, -61.410446167, 70.4231262207, -60.1264648438, 61.390171051], [226.733337402, -203.174850464, 75.2980117798, -41.7357673645, -42.9895133972, 76.0529785156, -32.8418960571, 117.862472534, -0.418511450291, 58.5714797974, -27.9400215149, 35.1839561462, -41.3283233643], [-167.336837769, 179.704879761, -55.7256813049, 53.2559013367, 52.430847168, -14.6664028168, 79.779838562, -0.418511450291, 103.825317383, -4.20265626907, 53.9137954712, -34.5489463806, 26.3774223328], [194.289367676, -199.693786621, 79.0710372925, -38.7889900208, -41.6472702026, 30.0657138824, -61.410446167, 58.5714797974, -4.20265626907, 96.7314376831, -15.1388635635, 53.3797531128, -45.9192352295], [-222.713088989, 214.409317017, -69.6340713501, 48.6109657288, 63.3480682373, -22.7018413544, 70.4231262207, -27.9400215149, 53.9137954712, -15.1388635635, 89.9579315186, -20.6018981934, 49.2293395996], [203.386444092, -199.839080811, 98.9123001099, -29.5741634369, -48.4879646301, 30.9812583923, -60.1264648438, 35.1839561462, -34.5489463806, 53.3797531128, -20.6018981934, 90.0745239258, -26.7733230591], [-256.399536133, 214.14364624, -51.9918785095, 58.3262557983, 74.5322265625, -20.8115634918, 61.390171051, -41.3283233643, 26.3774223328, -45.9192352295, 49.2293395996, -26.7733230591, 95.4719390869]],
        "icov": [[0.00337430811487, 0.00103113451041, 5.44466929568e-05, 0.000496735447086, 0.00234860018827, -0.00209599453956, 0.000867194728926, -0.000618485384621, -0.000651480164379, 0.000596612459049, 0.00120476051234, -0.00196109968238, 0.00265542254783], [0.00103113451041, 0.0123526817188, -0.00143103674054, 0.00462569110096, -0.00385200814344, 0.00737352715805, -0.00799490883946, 0.00355393253267, -0.00445835944265, 0.00704226782545, -0.0101156672463, 0.00701687298715, -0.00544661423191], [5.44466929568e-05, -0.00143103674054, 0.00532493973151, -0.0036485302262, -0.000937257194892, -0.00236460147426, 0.00127105717547, -0.00120993657038, 0.0018579706084, -0.00269805453718, 0.00468739960343, -0.00479870848358, 0.00178628368303], [0.000496735447086, 0.00462569110096, -0.0036485302262, 0.0166565477848, -0.00352659146301, -0.00204215035774, 0.000674697512295, 0.00723278848454, -0.0103556625545, 0.00738228857517, -0.00676897494122, 0.00357682094909, -0.0052939504385], [0.00234860018827, -0.00385200814344, -0.000937257194892, -0.00352659146301, 0.0111103951931, -0.00112164253369, -0.00310883787461, -0.00286196405068, 0.00479756435379, -0.00581518514082, 0.00454684859142, -0.00180838513188, 0.00145950075239], [-0.00209599453956, 0.00737352715805, -0.00236460147426, -0.00204215035774, -0.00112164253369, 0.0175940357149, -0.00863493885845, -0.00489709386602, 0.00174020172562, 0.00392014579847, -0.00828025490046, 0.00705604162067, -0.00641143647954], [0.000867194728926, -0.00799490883946, 0.00127105717547, 0.000674697512295, -0.00310883787461, -0.00863493885845, 0.023764045909, -0.00325172953308, -0.00713457353413, 0.00575350644067, 0.0027806146536, -0.00617573456839, 0.00597065035254], [-0.000618485384621, 0.00355393253267, -0.00120993657038, 0.00723278848454, -0.00286196405068, -0.00489709386602, -0.00325172953308, 0.0213636327535, -0.0073451702483, -0.0045194090344, 0.000262750545517, 0.00195892178454, -0.00193490833044], [-0.000651480164379, -0.00445835944265, 0.0018579706084, -0.0103556625545, 0.00479756435379, 0.00174020172562, -0.00713457353413, -0.0073451702483, 0.0275336578488, -0.012540361844, -0.00259657111019, 0.00439018849283, 0.00256227725185], [0.000596612459049, 0.00704226782545, -0.00269805453718, 0.00738228857517, -0.00581518514082, 0.00392014579847, 0.00575350644067, -0.0045194090344, -0.012540361844, 0.034389577806, -0.0127093261108, -0.00598470773548, 0.00444567808881], [0.00120476051234, -0.0101156672463, 0.00468739960343, -0.00676897494122, 0.00454684859142, -0.00828025490046, 0.0027806146536, 0.000262750545517, -0.00259657111019, -0.0127093261108, 0.0357092507184, -0.0111848721281, -0.00136107276194], [-0.00196109968238, 0.00701687298715, -0.00479870848358, 0.00357682094909, -0.00180838513188, 0.00705604162067, -0.00617573456839, 0.00195892178454, 0.00439018849283, -0.00598470773548, -0.0111848721281, 0.0295243877918, -0.00807951390743], [0.00265542254783, -0.00544661423191, 0.00178628368303, -0.0052939504385, 0.00145950075239, -0.00641143647954, 0.00597065035254, -0.00193490833044, 0.00256227725185, 0.00444567808881, -0.00136107276194, -0.00807951390743, 0.0266820080578]]
    },
    "melbands": {
        "dmean": [0.00227239914238, 0.00310507416725, 0.00193656852935, 0.000765137549024, 0.000282039924059, 0.000228524178965, 0.000112438385258, 9.13588737603e-05, 0.000124000565847, 9.58173768595e-05, 2.21194859478e-05, 1.99544465431e-05, 2.26594456763e-05, 1.56012429215e-05, 1.96818218683e-05, 1.71190058609e-05, 2.71128610621e-05, 2.28865810641e-05, 1.37377764986e-05, 2.92756703857e-05, 2.40666013269e-05, 3.18762868119e-05, 1.69815120898e-05, 1.10482878881e-05, 1.39556814247e-05, 1.61438056239e-05, 9.77806485025e-06, 8.37021161715e-06, 4.88297109769e-06, 4.46400235887e-06, 2.7246726404e-06, 2.58172644862e-06, 1.94318954527e-06, 1.19997935144e-06, 9.94348624772e-07, 9.00082341104e-07, 7.85322015417e-07, 7.64137212172e-07, 7.19795764326e-07, 6.32044361737e-07],
        "dmean2": [0.00390801997855, 0.00526073155925, 0.00339892879128, 0.00131741818041, 0.000493413943332, 0.000382003025152, 0.000181670067832, 0.000149812025484, 0.000199467918719, 0.00015066092601, 3.57720309694e-05, 3.13216005452e-05, 3.55711272277e-05, 2.57478914136e-05, 3.20339058817e-05, 2.78059851553e-05, 4.45931145805e-05, 3.7626534322e-05, 2.27888467634e-05, 4.94588857691e-05, 4.02331424993e-05, 5.37253617949e-05, 2.8678588933e-05, 1.84744876606e-05, 2.32396414503e-05, 2.67891718977e-05, 1.64900811797e-05, 1.46252159539e-05, 8.12711368781e-06, 6.98526218912e-06, 4.30574937127e-06, 4.1090124796e-06, 3.07062236971e-06, 1.85045485068e-06, 1.48194578742e-06, 1.381875677e-06, 1.18625052892e-06, 1.10027781375e-06, 1.05440483367e-06, 9.41211908412e-07],
        "dvar": [2.5836065106e-05, 4.9475384003e-05, 8.77089769347e-06, 1.54031999955e-06, 2.51200305001e-07, 1.78574140364e-07, 6.11084871593e-08, 3.64006176312e-08, 1.08416017497e-07, 4.73607748575e-08, 1.53247814438e-09, 8.09756650622e-10, 2.9986944039e-09, 1.03958741615e-09, 1.26515942167e-09, 9.66832058857e-10, 1.11735676267e-09, 7.47758910347e-10, 3.33869765168e-10, 2.1215049717e-09, 7.22726656299e-10, 1.52358792249e-09, 3.82466364135e-10, 1.9103850446e-10, 3.11146497456e-10, 5.47366818537e-10, 1.44384532108e-10, 1.11834728977e-10, 7.72257743864e-11, 1.2624960799e-10, 5.08471875715e-11, 5.42629934042e-11, 3.18795372045e-11, 6.05018682723e-12, 3.58536724615e-12, 5.88149754593e-12, 3.91664175051e-12, 3.08792965156e-12, 2.65410740261e-12, 2.10946733172e-12],
        "dvar2": [6.08577320236e-05, 0.000130147396703, 2.41615998675e-05, 4.54074415757e-06, 7.20055084003e-07, 4.82683333303e-07, 1.37722281579e-07, 8.55420978496e-08, 2.53582385312e-07, 1.05861893474e-07, 4.14254808234e-09, 1.82816028982e-09, 6.44436459751e-09, 2.76070566407e-09, 2.90969803807e-09, 2.06014805215e-09, 2.66678701344e-09, 1.82801596083e-09, 9.03221497595e-10, 5.46458434059e-09, 1.83033022072e-09, 4.02862987414e-09, 1.04393937939e-09, 5.35985533734e-10, 7.97245547357e-10, 1.47582512877e-09, 4.04273031718e-10, 3.20957510569e-10, 1.90691726298e-10, 2.70565042593e-10, 1.15182842431e-10, 1.40717118513e-10, 8.33681457202e-11, 1.38760496149e-11, 7.54383187862e-12, 1.44480538644e-11, 8.71150894477e-12, 6.32938102971e-12, 5.75800821953e-12, 5.23739558667e-12],
        "max": [0.0353645980358, 0.050875429064, 0.0221504475921, 0.0184022877365, 0.00448985025287, 0.00513168377802, 0.00443497300148, 0.00295482669026, 0.00452649407089, 0.00375376292504, 0.000495265587233, 0.000704209785908, 0.00122174469288, 0.000597466947511, 0.000717269547749, 0.000689617358148, 0.000452946638688, 0.000411777786212, 0.000274182326393, 0.000693607726134, 0.000340147758834, 0.000478389934869, 0.000241870482569, 0.000185560638783, 0.000196891967789, 0.000327909336193, 0.000144357953104, 0.000101169258414, 0.000149431012687, 0.000275832804618, 0.000185751574463, 0.000134757399792, 0.000107184896478, 4.05662904086e-05, 3.10724972223e-05, 5.58689789614e-05, 4.1557388613e-05, 3.16121295327e-05, 2.55675367953e-05, 1.98229136004e-05],
        "mean": [0.00239377352409, 0.00345334690064, 0.00259045092389, 0.0015026233159, 0.00042845896678, 0.000341654464137, 0.00020229666552, 0.000217635548324, 0.000179587572347, 0.000141376338433, 3.36751763825e-05, 3.22736850649e-05, 3.29721769958e-05, 2.60286433331e-05, 3.27131274389e-05, 3.00579358736e-05, 5.06646792928e-05, 4.34690082329e-05, 2.68336079898e-05, 5.72775679757e-05, 5.01107897435e-05, 5.98357109993e-05, 3.53086434188e-05, 2.29027955356e-05, 2.85154583253e-05, 3.10180766974e-05, 2.19130033656e-05, 1.74449214683e-05, 1.01128434835e-05, 8.80830157257e-06, 5.27968086317e-06, 4.36066966358e-06, 3.23616814057e-06, 2.20795891437e-06, 1.80050642484e-06, 1.55054408424e-06, 1.3885306771e-06, 1.25340045543e-06, 1.16602836897e-06, 9.68837753135e-07],
        "median": [0.000849968986586, 0.00164345209487, 0.00188631890342, 0.00108822516631, 0.000277397863101, 0.000160399809829, 0.000120743956359, 5.46350238437e-05, 5.7391665905e-05, 4.53742177342e-05, 2.14510473597e-05, 1.96727869479e-05, 1.57478880283e-05, 1.365684966e-05, 1.79835897143e-05, 2.09082227229e-05, 3.80404999305e-05, 3.16279329127e-05, 2.02127703233e-05, 3.54678304575e-05, 3.94472735934e-05, 4.63314863737e-05, 2.83152166958e-05, 1.86027755262e-05, 2.09858771996e-05, 2.20387773879e-05, 1.82674612006e-05, 1.37771285154e-05, 7.59666590966e-06, 5.80969754083e-06, 2.73370028481e-06, 1.93014420802e-06, 1.18930472581e-06, 9.9335500181e-07, 8.44347198381e-07, 6.66777964398e-07, 5.84149290717e-07, 4.85205760015e-07, 4.49964232985e-07, 3.58040040283e-07],
        "min": [1.49733887156e-05, 6.93888796377e-05, 9.02941683307e-05, 2.11939259316e-05, 2.75568600046e-05, 4.39648556494e-06, 8.86954694579e-06, 2.48366359301e-06, 1.40201643717e-06, 2.05919741347e-06, 1.86864519947e-06, 1.70888438333e-06, 5.54273526632e-07, 8.99637711882e-07, 1.21545645015e-06, 1.18214302347e-06, 2.82400037577e-06, 2.15049090002e-06, 1.35004290769e-06, 1.94783910956e-06, 3.34600485985e-06, 3.26594567923e-06, 2.11697647501e-06, 1.45620526837e-06, 1.45030514886e-06, 1.52783150043e-06, 1.63238314599e-06, 1.22340941289e-06, 3.56193169182e-07, 3.69330109606e-07, 3.31721494717e-08, 2.19142446412e-08, 1.79533388156e-09, 3.06941849715e-09, 9.60057366939e-10, 2.59339660857e-10, 4.24905804985e-11, 3.659521991e-11, 2.68691995736e-11, 1.20020434563e-11],
