{
"highlevel": {
    "danceability": {
        "all": {
            "danceable": 0.916243731976,
            "not_danceable": 0.0837562680244
        },
        "probability": 0.916243731976,
        "value": "danceable"
    },
    "gender": {
        "all": {
            "female": 0.722582042217,
            "male": 0.277417957783
        },
        "probability": 0.722582042217,
        "value": "female"
    },
    "genre_dortmund": {
        "all": {
            "alternative": 0.0258396025747,
            "blues": 0.0457763820887,
            "electronic": 0.1820782125,
            "folkcountry": 0.0271413438022,
            "funksoulrnb": 0.0562052205205,
            "jazz": 0.211474269629,
            "pop": 0.0708011314273,
            "raphiphop": 0.294809967279,
            "rock": 0.0858738794923
        },
        "probability": 0.294809967279,
        "value": "raphiphop"
    },
    "genre_electronic": {
        "all": {
            "ambient": 0.157974645495,
            "dnb": 0.0980075001717,
            "house": 0.138694658875,
            "techno": 0.0204311329871,
            "trance": 0.584892094135
        },
        "probability": 0.584892094135,
        "value": "trance"
    },
    "genre_rosamerica": {
        "all": {
            "cla": 0.00121185509488,
            "dan": 0.788794398308,
            "hip": 0.0171294808388,
            "jaz": 0.00100603175815,
            "pop": 0.159032925963,
            "rhy": 0.00624742265791,
            "roc": 0.0261336248368,
            "spe": 0.000444281060481
        },
        "probability": 0.788794398308,
        "value": "dan"
    },
    "genre_tzanetakis": {
        "all": {
            "blu": 0.0626613423228,
            "cla": 0.0348169617355,
            "cou": 0.104475811124,
            "dis": 0.0784321576357,
            "hip": 0.15692435205,
            "jaz": 0.313974827528,
            "met": 0.0448166541755,
            "pop": 0.0627359300852,
            "reg": 0.0627360641956,
            "roc": 0.0784258767962
        },
        "probability": 0.313974827528,
        "value": "jaz"
    },
    "ismir04_rhythm": {
        "all": {
            "ChaChaCha": 0.261106193066,
            "Jive": 0.173004046082,
            "Quickstep": 0.023475388065,
            "Rumba-American": 0.0228956025094,
            "Rumba-International": 0.0200586169958,
            "Rumba-Misc": 0.0102312033996,
            "Samba": 0.455437630415,
            "Tango": 0.0105019323528,
            "VienneseWaltz": 0.0155375003815,
            "Waltz": 0.00775189045817
        },
        "probability": 0.455437630415,
        "value": "Samba"
    },
    "mood_acoustic": {
        "all": {
            "acoustic": 7.55000519348e-06,
            "not_acoustic": 0.99999243021
        },
        "probability": 0.99999243021,
        "value": "not_acoustic"
    },
    "mood_aggressive": {
        "all": {
            "aggressive": 0.117380872369,
            "not_aggressive": 0.882619142532
        },
        "probability": 0.882619142532,
        "value": "not_aggressive"
    },
    "mood_electronic": {
        "all": {
            "electronic": 0.799798071384,
            "not_electronic": 0.200201928616
        },
        "probability": 0.799798071384,
        "value": "electronic"
    },
    "mood_happy": {
        "all": {
            "happy": 0.656807005405,
            "not_happy": 0.343193024397
        },
        "probability": 0.656807005405,
        "value": "happy"
    },
    "mood_party": {
        "all": {
            "not_party": 0.0965158566833,
            "party": 0.903484165668
        },
        "probability": 0.903484165668,
        "value": "party"
    },
    "mood_relaxed": {
        "all": {
            "not_relaxed": 0.985548913479,
            "relaxed": 0.0144511125982
        },
        "probability": 0.985548913479,
        "value": "not_relaxed"
    },
    "mood_sad": {
        "all": {
            "not_sad": 0.808563172817,
            "sad": 0.19143679738
        },
        "probability": 0.808563172817,
        "value": "not_sad"
    },
    "moods_mirex": {
        "all": {
            "Cluster1": 0.161478564143,
            "Cluster2": 0.111158758402,
            "Cluster3": 0.0654595568776,
            "Cluster4": 0.132115274668,
            "Cluster5": 0.529787838459
        },
        "probability": 0.529787838459,
        "value": "Cluster5"
    },
    "timbre": {
        "all": {
            "bright": 0.986519396305,
            "dark": 0.0134806064889
        },
        "probability": 0.986519396305,
        "value": "bright"
    },
    "tonal_atonal": {
        "all": {
            "atonal": 0.00823657587171,
            "tonal": 0.991763412952
        },
        "probability": 0.991763412952,
        "value": "tonal"
    },
    "voice_instrumental": {
        "all": {
            "instrumental": 0.240371361375,
            "voice": 0.759628653526
        },
        "probability": 0.759628653526,
        "value": "voice"
    }
},
"lowlevel": {
    "average_loudness": 0.914793014526,
    "barkbands_crest": {
        "dmean": 2.61671614647,
        "dmean2": 4.06591463089,
        "dvar": 6.47862672806,
        "dvar2": 16.412727356,
        "max": 25.5210819244,
        "mean": 9.57458019257,
        "median": 7.83584451675,
        "min": 2.2240383625,
        "var": 27.7252674103
    },
    "barkbands_flatness_db": {
        "dmean": 0.0248291678727,
        "dmean2": 0.0365519933403,
        "dvar": 0.000698660849594,
        "dvar2": 0.00168125971686,
        "max": 0.411676585674,
        "mean": 0.131149843335,
        "median": 0.120878569782,
        "min": 0.0428510345519,
        "var": 0.00299698952585
    },
    "barkbands_kurtosis": {
        "dmean": 3.5518848896,
        "dmean2": 5.70483398438,
        "dvar": 131.345001221,
        "dvar2": 284.171875,
        "max": 259.379730225,
        "mean": 3.59198451042,
        "median": -0.444187879562,
        "min": -1.91367518902,
        "var": 264.974731445
    },
    "barkbands_skewness": {
        "dmean": 0.648025155067,
        "dmean2": 0.966217279434,
        "dvar": 0.743176043034,
        "dvar2": 1.75369822979,
        "max": 14.7419052124,
        "mean": 1.20389437675,
        "median": 0.756144821644,
        "min": -3.17481732368,
        "var": 2.66204428673
    },
    "barkbands_spread": {
        "dmean": 9.09251308441,
        "dmean2": 13.4196176529,
        "dvar": 94.6936340332,
        "dvar2": 226.492767334,
        "max": 108.794067383,
        "mean": 34.0544204712,
        "median": 33.6620941162,
        "min": 0.67631739378,
        "var": 229.303146362
    },
    "dissonance": {
        "dmean": 0.016030093655,
        "dmean2": 0.0268778596073,
        "dvar": 0.000237342770561,
        "dvar2": 0.000664635561407,
        "max": 0.499999880791,
        "mean": 0.471771538258,
        "median": 0.476415485144,
        "min": 0.37617328763,
        "var": 0.000406789156841
    },
    "dynamic_complexity": 1.83246994019,
    "erbbands_crest": {
        "dmean": 2.28222942352,
        "dmean2": 3.68648791313,
        "dvar": 4.6419377327,
        "dvar2": 11.4171218872,
        "max": 23.6463871002,
        "mean": 7.47459506989,
        "median": 6.70036649704,
        "min": 2.38948512077,
        "var": 10.1341724396
    },
    "erbbands_flatness_db": {
        "dmean": 0.0177810676396,
        "dmean2": 0.0247810576111,
        "dvar": 0.00027849158505,
        "dvar2": 0.00053120078519,
        "max": 0.300850719213,
        "mean": 0.150014698505,
        "median": 0.14519777894,
        "min": 0.068988904357,
        "var": 0.00130921136588
    },
    "erbbands_kurtosis": {
        "dmean": 0.647370159626,
        "dmean2": 1.04894042015,
        "dvar": 0.924422323704,
        "dvar2": 2.40946364403,
        "max": 9.52532196045,
        "mean": -0.274197399616,
        "median": -0.568401575089,
        "min": -1.62136650085,
        "var": 1.20491182804
    },
    "erbbands_skewness": {
        "dmean": 0.348562628031,
        "dmean2": 0.514353334904,
        "dvar": 0.110463380814,
        "dvar2": 0.253847569227,
        "max": 1.6551245451,
        "mean": -0.0273573622108,
        "median": -0.00233853165992,
        "min": -3.05525064468,
        "var": 0.322592258453
    },
    "erbbands_spread": {
        "dmean": 10.5174922943,
        "dmean2": 16.2361087799,
        "dvar": 113.985778809,
        "dvar2": 286.24395752,
        "max": 113.129081726,
        "mean": 47.1824455261,
        "median": 45.742099762,
        "min": 10.7356472015,
        "var": 288.774688721
    },
    "hfc": {
        "dmean": 13.996556282,
        "dmean2": 18.9769325256,
        "dvar": 227.105621338,
        "dvar2": 425.609649658,
        "max": 178.435317993,
        "mean": 36.8612060547,
        "median": 32.2530136108,
        "min": 0.28693524003,
        "var": 704.714294434
    },
    "melbands_crest": {
        "dmean": 3.63942432404,
        "dmean2": 5.74144220352,
        "dvar": 12.405257225,
        "dvar2": 30.657453537,
        "max": 34.9063262939,
        "mean": 14.9059104919,
        "median": 12.4311914444,
        "min": 3.11739850044,
        "var": 60.2906761169
    },
    "melbands_flatness_db": {
        "dmean": 0.0308501739055,
        "dmean2": 0.0449350550771,
        "dvar": 0.00110202562064,
        "dvar2": 0.00273500755429,
        "max": 0.497800707817,
        "mean": 0.146462991834,
        "median": 0.119793668389,
        "min": 0.0283868666738,
        "var": 0.00677898339927
    },
    "melbands_kurtosis": {
        "dmean": 10.0073814392,
        "dmean2": 16.3791809082,
        "dvar": 679.167114258,
        "dvar2": 1753.28076172,
        "max": 499.227111816,
        "mean": 15.1456260681,
        "median": 4.31303596497,
        "min": -1.81145370007,
        "var": 1189.74621582
    },
    "melbands_skewness": {
        "dmean": 0.902073562145,
        "dmean2": 1.39610826969,
        "dvar": 1.51648676395,
        "dvar2": 4.00720500946,
        "max": 17.7321224213,
        "mean": 2.70163536072,
        "median": 2.00098276138,
        "min": -0.587416172028,
        "var": 4.91173028946
    },
    "melbands_spread": {
        "dmean": 13.1396093369,
        "dmean2": 19.371307373,
        "dvar": 271.316711426,
        "dvar2": 645.36895752,
        "max": 213.536743164,
        "mean": 40.5438575745,
        "median": 39.8689651489,
        "min": 0.537794470787,
        "var": 652.321777344
    },
    "pitch_salience": {
        "dmean": 0.0794348716736,
        "dmean2": 0.124383173883,
        "dvar": 0.00713773118332,
        "dvar2": 0.0183313265443,
        "max": 0.88027626276,
        "mean": 0.532442331314,
        "median": 0.575873553753,
        "min": 0.0898579657078,
        "var": 0.0261515751481
    },
    "silence_rate_20dB": {
        "dmean": 0,
        "dmean2": 0,
        "dvar": 0,
        "dvar2": 0,
        "max": 1,
        "mean": 1,
        "median": 1,
        "min": 1,
        "var": 0
    },
    "silence_rate_30dB": {
        "dmean": 0.0123839005828,
        "dmean2": 0.0247869864106,
        "dvar": 0.0122305462137,
        "dvar2": 0.031918309629,
        "max": 1,
        "mean": 0.989172458649,
        "median": 1,
        "min": 0,
        "var": 0.0107102850452
    },
    "silence_rate_60dB": {
        "dmean": 0.0170278642327,
        "dmean2": 0.0340821072459,
        "dvar": 0.0167378932238,
        "dvar2": 0.0422162003815,
        "max": 1,
        "mean": 0.0239752512425,
        "median": 0,
        "min": 0,
        "var": 0.023400189355
    },
    "spectral_centroid": {
        "dmean": 385.094573975,
        "dmean2": 569.362182617,
        "dvar": 155691.515625,
        "dvar2": 361765.125,
        "max": 5331.68603516,
        "mean": 2026.01525879,
        "median": 2090.76879883,
        "min": 271.561004639,
        "var": 466116.21875
    },
    "spectral_complexity": {
        "dmean": 5.75696611404,
        "dmean2": 8.22927951813,
        "dvar": 32.1592903137,
        "dvar2": 59.6810264587,
        "max": 55,
        "mean": 22.4555301666,
        "median": 21,
        "min": 0,
        "var": 116.25881958
    },
    "spectral_decrease": {
        "dmean": 2.67671462773e-09,
        "dmean2": 3.96403132541e-09,
        "dvar": 1.59786512014e-17,
        "dvar2": 3.88850326772e-17,
        "max": -4.04882932736e-11,
        "mean": -7.40063788029e-09,
        "median": -5.65671198771e-09,
        "min": -4.18579944039e-08,
        "var": 4.29327615954e-17
    },
    "spectral_energy": {
        "dmean": 0.0108534656465,
        "dmean2": 0.0158223286271,
        "dvar": 0.000232261809288,
        "dvar2": 0.000559092557523,
        "max": 0.159441664815,
        "mean": 0.0312750972807,
        "median": 0.0253809820861,
        "min": 0.000178838134161,
        "var": 0.000633940799162
    },
    "spectral_energyband_high": {
        "dmean": 0.00134441512637,
        "dmean2": 0.00183550047223,
        "dvar": 3.00671194964e-06,
        "dvar2": 5.79213883611e-06,
        "max": 0.0214045532048,
        "mean": 0.00257764966227,
        "median": 0.001718679443,
        "min": 4.94716641697e-06,
        "var": 7.16299337e-06
    },
    "spectral_energyband_low": {
        "dmean": 0.00641148537397,
        "dmean2": 0.00982139352709,
        "dvar": 0.000213231323869,
        "dvar2": 0.000543254776858,
        "max": 0.154418170452,
        "mean": 0.0135598089546,
        "median": 0.00131630839314,
        "min": 8.59387228047e-08,
        "var": 0.000618624384515
    },
    "spectral_energyband_middle_high": {
        "dmean": 0.00245484802872,
        "dmean2": 0.00346235302277,
        "dvar": 6.97333780408e-06,
        "dvar2": 1.397734286e-05,
        "max": 0.0314222536981,
        "mean": 0.00688730739057,
        "median": 0.00597379915416,
        "min": 9.2709386081e-05,
        "var": 2.45888459176e-05
    },
    "spectral_energyband_middle_low": {
        "dmean": 0.00494542671368,
        "dmean2": 0.00835708621889,
        "dvar": 9.11108654691e-05,
        "dvar2": 0.000250647892244,
        "max": 0.0778071135283,
        "mean": 0.00910053309053,
        "median": 0.00674045830965,
        "min": 6.62943348289e-05,
        "var": 8.7832522695e-05
    },
    "spectral_entropy": {
        "dmean": 0.190641760826,
        "dmean2": 0.267393678427,
        "dvar": 0.0366702079773,
        "dvar2": 0.0812965258956,
        "max": 8.75262260437,
        "mean": 7.84069871902,
        "median": 7.87094926834,
        "min": 6.55932283401,
        "var": 0.123761899769
    },
    "spectral_flux": {
        "dmean": 0.0275170523673,
        "dmean2": 0.0415919609368,
        "dvar": 0.00114511547145,
        "dvar2": 0.00206654518843,
        "max": 0.322090297937,
        "mean": 0.0962580665946,
        "median": 0.086837016046,
        "min": 0.00753396982327,
        "var": 0.00235593412071
    },
    "spectral_kurtosis": {
        "dmean": 0.937478661537,
        "dmean2": 1.45697748661,
        "dvar": 0.884351491928,
        "dvar2": 2.20713877678,
        "max": 10.9363632202,
        "mean": 2.15274262428,
        "median": 1.86936378479,
        "min": -0.918070554733,
        "var": 2.32174515724
    },
    "spectral_rms": {
        "dmean": 0.000935688556638,
        "dmean2": 0.00130932370666,
        "dvar": 1.12531404284e-06,
        "dvar2": 2.42793475991e-06,
        "max": 0.0124720828608,
        "mean": 0.00512122362852,
        "median": 0.00497613660991,
        "min": 0.00041770352982,
        "var": 4.28540170105e-06
    },
    "spectral_rolloff": {
        "dmean": 1068.99365234,
        "dmean2": 1645.19677734,
        "dvar": 1747950,
        "dvar2": 3588857.75,
        "max": 11003.4667969,
        "mean": 3059.19995117,
        "median": 3036.18164062,
        "min": 64.599609375,
        "var": 4986920
    },
    "spectral_skewness": {
        "dmean": 0.174027740955,
        "dmean2": 0.263811141253,
        "dvar": 0.0252074282616,
        "dvar2": 0.0555219873786,
        "max": 2.46786141396,
        "mean": 1.16656720638,
        "median": 1.15447640419,
        "min": -0.0162583105266,
        "var": 0.0744812563062
    },
    "spectral_spread": {
        "dmean": 822987,
        "dmean2": 1139052.875,
        "dvar": 658993381376,
        "dvar2": 1.35838774067e+12,
        "max": 13994065,
        "mean": 5607499,
        "median": 5512756.5,
        "min": 2093971.625,
        "var": 2.35688584806e+12
    },
    "spectral_strongpeak": {
        "dmean": 0.578799724579,
        "dmean2": 1.01650929451,
        "dvar": 1.28807914257,
        "dvar2": 3.37676095963,
        "max": 11.289185524,
        "mean": 0.931659340858,
        "median": 0.586666226387,
        "min": 0.0254778657109,
        "var": 1.29359614849
    },
    "zerocrossingrate": {
        "dmean": 0.0195149984211,
        "dmean2": 0.0211700741202,
        "dvar": 0.000328411406372,
        "dvar2": 0.000436590809841,
        "max": 0.35302734375,
        "mean": 0.101477913558,
        "median": 0.10009765625,
        "min": 0.00244140625,
        "var": 0.00259121996351
    },
    "barkbands": {
        "dmean": [0.000278888910543, 0.00403835624456, 0.00280313752592, 0.00154092907906, 0.00203291187063, 0.000922434264794, 0.000707519822754, 0.000615099270362, 0.000791351485532, 0.000614512246102, 0.000386895873817, 0.000285486021312, 0.000481470866362, 0.000329333270201, 0.000447502854513, 0.000493692583404, 0.000374207505956, 0.000257052772213, 0.000497776840348, 0.000290503085125, 0.000223393639317, 0.000229302851949, 0.000366778636817, 0.000390721514123, 0.000241473404458, 4.72435822303e-05, 2.19162473059e-07],
        "dmean2": [0.000321333733154, 0.0055743092671, 0.0046180030331, 0.0028171937447, 0.00351076573133, 0.00149539299309, 0.0011023649713, 0.00100329343695, 0.00122508499771, 0.000944652070757, 0.00060853397008, 0.000453976361314, 0.000755890097935, 0.000526422460098, 0.000690316548571, 0.00076300650835, 0.000578197999857, 0.000406104634749, 0.000753842527047, 0.000443993165391, 0.000343874329701, 0.000347326567862, 0.000540104752872, 0.000550515542272, 0.000335128424922, 7.06893624738e-05, 3.6654225255e-07],
        "dvar": [4.88837088142e-07, 9.7113843367e-05, 7.53575950512e-05, 3.7423644244e-05, 1.61440148077e-05, 2.6278905807e-06, 1.27612213419e-06, 1.25626979752e-06, 1.2123794022e-06, 6.48296008876e-07, 7.11497989414e-07, 2.66018645334e-07, 5.92597984905e-07, 2.8221171533e-07, 6.33520755855e-07, 8.11040479221e-07, 3.19249750191e-07, 1.52934518383e-07, 7.76358660914e-07, 2.35348665001e-07, 1.01396047114e-07, 8.75866490446e-08, 3.99066038881e-07, 3.88089887338e-07, 1.23470186963e-07, 7.79487407954e-09, 5.56292859e-13],
        "dvar2": [6.56998111026e-07, 0.000204772950383, 0.000206614582567, 0.000108202730189, 4.58114991488e-05, 6.88680802341e-06, 3.04734726342e-06, 2.99305315821e-06, 2.75671686722e-06, 1.46499553466e-06, 1.6485046217e-06, 6.27763824923e-07, 1.48481751694e-06, 6.73245551752e-07, 1.60263732596e-06, 1.93297023543e-06, 7.4283423146e-07, 3.75004503894e-07, 1.76728826773e-06, 5.38227652669e-07, 2.55560649975e-07, 2.05382548302e-07, 8.41573410071e-07, 7.37279322038e-07, 2.2556632473e-07, 1.65719313827e-08, 1.31421490444e-12],
        "max": [0.0105891032144, 0.145120888948, 0.0748755335808, 0.0533979684114, 0.0417805761099, 0.0176192577928, 0.0172625556588, 0.0144054312259, 0.0163020435721, 0.010289891623, 0.0155436871573, 0.00991062540561, 0.00901915412396, 0.00455813994631, 0.0105433994904, 0.0198157392442, 0.00732004689053, 0.00539383478463, 0.0141087695956, 0.00920178648084, 0.00567857641727, 0.00354357319884, 0.00902594346553, 0.00906462222338, 0.00615209015086, 0.00179940881208, 1.36671587825e-05],
        "mean": [0.000635100004729, 0.00896636769176, 0.0032854527235, 0.00119954522233, 0.00269092759117, 0.00133589899633, 0.00124195101671, 0.00104642740916, 0.00124222820159, 0.00110637187026, 0.000576208112761, 0.000396429881221, 0.000727256352548, 0.000492846942507, 0.000626814726274, 0.000782535993494, 0.00058802543208, 0.000455235713162, 0.000992459012195, 0.000499475630932, 0.000398570002289, 0.000379574397812, 0.000565421185456, 0.000614409509581, 0.000367494503735, 6.18847479927e-05, 2.00829333608e-07],
        "median": [1.2601118442e-06, 0.000403987098252, 0.000316190475132, 0.000191052327864, 0.00113224529196, 0.000431571534136, 0.000463947188109, 0.000295955163892, 0.000585923029575, 0.00059513078304, 0.000212727100006, 0.000151295666001, 0.000394790491555, 0.000187486948562, 0.000341759761795, 0.000391745648813, 0.000369660876459, 0.000240999856032, 0.000471149076475, 0.000288906885544, 0.000300883111777, 0.000261610606685, 0.000323472457239, 0.000300048122881, 0.000175159293576, 1.89487709576e-05, 2.66342281563e-09],
        "min": [2.41868330919e-11, 2.02104839531e-08, 8.87176732078e-09, 1.89527860073e-08, 7.41200096854e-07, 1.55380439537e-06, 8.7816681571e-07, 1.48583626469e-06, 1.97932695301e-06, 8.35290848045e-07, 1.71994076936e-06, 8.12289727037e-07, 2.56292742051e-06, 2.63116908172e-06, 2.97736346511e-06, 2.46395870818e-06, 1.18946763905e-06, 1.91309732145e-06, 2.04887373911e-06, 1.9070731696e-06, 1.07035884866e-06, 1.26772283693e-06, 3.40579646263e-07, 2.54563730095e-08, 1.92578841762e-10, 1.82270604859e-11, 5.86012618639e-12],
        "var": [2.20749097934e-06, 0.000383866456104, 7.77803870733e-05, 2.14161882468e-05, 1.69393479155e-05, 4.05588298236e-06, 3.89330125472e-06, 3.53654581886e-06, 2.85343617179e-06, 1.99961664293e-06, 1.08975575586e-06, 3.96449223672e-07, 9.34202716962e-07, 5.18152774021e-07, 8.193480312e-07, 1.41811619869e-06, 5.56194322598e-07, 3.63612969068e-07, 1.7718853087e-06, 4.94191965572e-07, 1.47898987279e-07, 1.57737801487e-07, 6.78434219026e-07, 7.71838983837e-07, 2.71303974841e-07, 1.30392656672e-08, 6.77718460778e-13]
    },
    "erbbands": {
        "dmean": [0.175289347768, 0.740891873837, 2.66018939018, 4.65096950531, 5.51155042648, 7.45495510101, 8.48548793793, 6.91593647003, 9.87299919128, 11.5954561234, 13.1858654022, 20.5542678833, 14.7719049454, 18.0601615906, 15.8196983337, 12.8515825272, 22.0713844299, 16.6687679291, 19.7421760559, 26.8573036194, 21.1676654816, 16.6952781677, 13.2758274078, 22.9175109863, 21.542016983, 13.5475721359, 8.88135147095, 8.51069641113, 8.0619354248, 10.1850690842, 10.5862894058, 9.27172660828, 6.11557197571, 3.54271769524, 1.36743497849, 0.377898991108, 0.0601296201348, 0.00309521285817, 0.000104310194729, 2.1451340217e-05],
        "dmean2": [0.225974008441, 1.07272088528, 4.32544326782, 8.09504318237, 9.62109947205, 12.9699344635, 14.6411924362, 11.257144928, 15.530254364, 17.6645278931, 21.7269821167, 32.1044578552, 22.848197937, 27.700466156, 24.2397823334, 20.0002498627, 34.4629669189, 26.244184494, 30.4573001862, 41.0431976318, 32.4940032959, 25.6425437927, 20.1247825623, 34.8036079407, 33.1133270264, 21.0642318726, 13.6616163254, 13.1598110199, 12.2187976837, 15.2333478928, 15.3582992554, 13.2820911407, 8.61411762238, 5.03390979767, 1.90971899033, 0.550343096256, 0.0929674059153, 0.00494471937418, 0.000147007143823, 2.91063861368e-05],
        "dvar": [0.204265162349, 3.11128568649, 60.4809036255, 298.340545654, 215.975402832, 196.040084839, 321.012329102, 140.654052734, 303.872833252, 391.640380859, 587.029418945, 889.572265625, 543.739868164, 718.35949707, 920.546508789, 528.101074219, 1270.91027832, 754.891174316, 1079.59289551, 2273.65722656, 950.672302246, 559.884277344, 316.722717285, 1504.93395996, 1468.41540527, 562.464660645, 112.81741333, 207.507064819, 117.582687378, 225.903686523, 360.377410889, 272.955963135, 81.7388458252, 25.3273048401, 4.98708534241, 0.42637488246, 0.0168666765094, 5.22220361745e-05, 3.82985874126e-08, 6.3840621678e-10],
        "dvar2": [0.391784280539, 7.08488988876, 166.941558838, 838.919921875, 619.476989746, 552.050231934, 899.23815918, 357.613800049, 734.334594727, 870.177185059, 1480.40686035, 2057.91430664, 1267.40148926, 1583.38171387, 2030.55114746, 1245.39025879, 3199.63574219, 1825.55822754, 2567.56762695, 4946.59130859, 2192.94287109, 1364.2109375, 700.154968262, 3119.23364258, 3478.13671875, 1393.29760742, 273.245727539, 536.591918945, 269.736541748, 548.159667969, 734.871520996, 567.401550293, 157.986633301, 49.187122345, 9.15981197357, 0.907026290894, 0.0377628654242, 0.000115331109555, 7.35246246109e-08, 1.24831622816e-09],
        "max": [7.23207235336, 20.3585166931, 65.6113128662, 154.366012573, 112.048980713, 144.731262207, 255.681793213, 105.179351807, 283.467987061, 279.311676025, 326.333770752, 430.643554688, 266.45880127, 379.944244385, 428.383728027, 490.650817871, 446.728485107, 265.638244629, 436.452514648, 1168.39978027, 452.238067627, 283.024932861, 308.35345459, 623.400634766, 543.894714355, 323.889678955, 144.33190918, 311.507080078, 157.004989624, 193.581100464, 282.102722168, 282.382965088, 150.536529541, 71.8205032349, 46.1564254761, 12.1437082291, 2.79225230217, 0.113498076797, 0.00430106930435, 0.000504109542817],
        "mean": [0.381987273693, 1.53789424896, 3.48893880844, 4.26119089127, 6.40598201752, 9.3642282486, 10.5182714462, 10.3257160187, 17.2450656891, 19.8290557861, 24.057466507, 32.6337776184, 25.3652210236, 32.5895462036, 26.5386886597, 19.8641242981, 33.8703651428, 26.7334480286, 30.5102233887, 40.5820579529, 39.006652832, 27.6452178955, 25.2580776215, 45.2560348511, 44.2107849121, 23.9876365662, 16.0717220306, 15.0871458054, 13.7661867142, 15.1546583176, 16.2870979309, 13.8251285553, 9.4748249054, 5.25588464737, 2.00344109535, 0.508375048637, 0.0740407332778, 0.00370512902737, 0.000160421885084, 5.57433013455e-05],
        "median": [0.00262864120305, 0.118531033397, 0.446809709072, 0.682838618755, 1.89340817928, 3.67254018784, 3.77315425873, 3.70608139038, 6.12288141251, 8.57196617126, 9.45369529724, 17.1205863953, 12.450586319, 15.747426033, 12.3136358261, 10.0950279236, 17.8205394745, 12.6836977005, 17.6426677704, 19.9456825256, 21.6647834778, 18.5501327515, 15.8095464706, 23.0233669281, 21.0712127686, 15.0925178528, 12.9961738586, 11.4413700104, 9.45384502411, 9.28894233704, 8.90027618408, 6.41933727264, 4.81662559509, 2.50729465485, 0.794210493565, 0.164533898234, 0.0210512187332, 0.00100962887518, 7.05175771145e-05, 4.58932299807e-05],
        "min": [2.86071667688e-07, 7.14143152436e-06, 2.65311373369e-05, 9.08227011678e-05, 0.000403086130973, 0.00125653168652, 0.00561369862407, 0.0146438600495, 0.0145590277389, 0.0187918953598, 0.0797747522593, 0.142447710037, 0.156561419368, 0.068400375545, 0.104820139706, 0.186397984624, 0.285863786936, 0.222425818443, 0.166755363345, 0.174441277981, 0.136977761984, 0.0709366574883, 0.115891009569, 0.14933000505, 0.126212745905, 0.0829551666975, 0.0955116525292, 0.0260753389448, 0.0439490564167, 0.0202531572431, 0.0101430900395, 0.00707511184737, 0.000978891272098, 5.84853987675e-05, 3.06304427795e-05, 4.2227720769e-06, 1.16246337711e-06, 1.96832417032e-07, 1.83731287962e-07, 2.44422267315e-07],
        "var": [0.802162826061, 11.0915384293, 69.7790985107, 203.553588867, 174.521087646, 208.829483032, 317.244476318, 230.290634155, 841.945556641, 1023.82885742, 1748.18139648, 1908.63671875, 1113.98510742, 2209.4609375, 1820.24145508, 802.148498535, 2009.44775391, 1337.57495117, 1576.81591797, 4377.79980469, 2716.09375, 966.81842041, 855.130432129, 3876.5715332, 3731.94506836, 1005.46142578, 205.634384155, 256.758087158, 212.422897339, 350.438934326, 632.407043457, 475.760742188, 163.988540649, 52.0628814697, 10.352519989, 0.763283133507, 0.0241637323052, 7.36600341043e-05, 7.55148903409e-08, 1.87871140866e-09]
    },
    "gfcc": {
        "mean": [27.0523948669, 50.4061851501, -137.16569519, 38.6802787781, -77.3991699219, 24.77891922, -46.8955307007, 14.7526693344, -25.6651592255, -0.594392716885, -15.5150432587, -6.03465461731, -7.86480760574],
        "cov": [[3197.5480957, -461.333068848, 446.086212158, 9.99107551575, -290.095611572, -100.021934509, -502.826629639, -49.1828613281, -370.861755371, -40.8355674744, -237.280548096, 43.3763198853, -150.261779785], [-461.333068848, 1341.71069336, 308.579559326, 360.10836792, 523.493774414, 250.234161377, 458.649871826, -27.791135788, 330.844207764, -25.4702987671, 161.255096436, -81.3008575439, 98.3464889526], [446.086212158, 308.579559326, 954.072387695, 290.837890625, 333.99407959, 327.173339844, 125.183372498, -5.65946674347, 66.2972640991, 90.8444366455, -54.3720970154, 70.8205184937, -38.0800361633], [9.99107551575, 360.10836792, 290.837890625, 466.136749268, 378.218292236, 308.946807861, 294.637542725, 58.7918548584, 256.989624023, 35.2772064209, 59.3199272156, -28.0522136688, 66.7434158325], [-290.095611572, 523.493774414, 333.99407959, 378.218292236, 656.830322266, 398.96975708, 472.293151855, 121.793731689, 319.427429199, 106.231124878, 93.0337142944, 14.5663566589, 50.3601989746], [-100.021934509, 250.234161377, 327.173339844, 308.946807861, 398.96975708, 602.099609375, 393.725311279, 81.6747283936, 282.493804932, 53.9612083435, 73.8710479736, -24.2163619995, 25.6164188385], [-502.826629639, 458.649871826, 125.183372498, 294.637542725, 472.293151855, 393.725311279, 555.152038574, 149.085235596, 332.885101318, 85.0646820068, 135.406402588, -10.7076864243, 51.1211471558], [-49.1828613281, -27.791135788, -5.65946674347, 58.7918548584, 121.793731689, 81.6747283936, 149.085235596, 173.28616333, 111.446174622, 75.0048599243, 30.9548625946, 19.4745903015, -0.533825099468], [-370.861755371, 330.844207764, 66.2972640991, 256.989624023, 319.427429199, 282.493804932, 332.885101318, 111.446174622, 375.260620117, 90.2010955811, 107.218177795, -20.4202957153, 72.8928527832], [-40.8355674744, -25.4702987671, 90.8444366455, 35.2772064209, 106.231124878, 53.9612083435, 85.0646820068, 75.0048599243, 90.2010955811, 171.159591675, 42.7213401794, 66.6462936401, 2.3303155899], [-237.280548096, 161.255096436, -54.3720970154, 59.3199272156, 93.0337142944, 73.8710479736, 135.406402588, 30.9548625946, 107.218177795, 42.7213401794, 141.037460327, 23.2721710205, 43.6868057251], [43.3763198853, -81.3008575439, 70.8205184937, -28.0522136688, 14.5663566589, -24.2163619995, -10.7076864243, 19.4745903015, -20.4202957153, 66.6462936401, 23.2721710205, 132.185577393, 27.0098800659], [-150.261779785, 98.3464889526, -38.0800361633, 66.7434158325, 50.3601989746, 25.6164188385, 51.1211471558, -0.533825099468, 72.8928527832, 2.3303155899, 43.6868057251, 27.0098800659, 113.357719421]],
        "icov": [[0.000519382127095, -0.000163934266311, -5.87819749853e-06, -0.000590717245359, 0.00018738876679, -0.000400529766921, 0.00078835390741, -0.000594365294091, 0.000508080294821, -0.000117773415695, 0.00033304723911, -0.000350061542122, 0.00045622853213], [-0.000163934266311, 0.0023708275985, -0.00125977653079, 0.000760079303291, -0.00119469233323, 0.00190742081031, -0.00186411722098, 0.00193765049335, -0.00134970794898, 0.00150822859723, -0.00207911105826, 0.00200123805553, -0.00103405816481], [-5.87819749853e-06, -0.00125977653079, 0.00306482543238, -0.00168684648816, -0.000229901241255, -0.00210188678466, 0.00158912152983, 6.42577142571e-05, 0.00124415534083, -0.00168944126926, 0.00246719806455, -0.00279580545612, 0.00191870855633], [-0.000590717245359, 0.000760079303291, -0.00168684648816, 0.00671934476122, -0.00220111617818, 0.000669600558467, -0.00117441557813, 0.000788458972238, -0.00261948956177, 0.00150036532432, -0.00123994774185, 0.00284625752829, -0.00315221818164], [0.00018738876679, -0.00119469233323, -0.000229901241255, -0.00220111617818, 0.00644371798262, -0.000912437972147, -0.00269686710089, -0.000809986435343, 0.000200401133043, -0.00145150977187, 0.00189501931891, -0.00182323448826, 0.000664623570628], [-0.000400529766921, 0.00190742081031, -0.00210188678466, 0.000669600558467, -0.000912437972147, 0.0059327064082, -0.00397175503895, 0.00212506507523, -0.00267579127103, 0.00193755840883, -0.00184768752661, 0.0021717925556, -0.000544843380339], [0.00078835390741, -0.00186411722098, 0.00158912152983, -0.00117441557813, -0.00269686710089, -0.00397175503895, 0.0108380243182, -0.0046637984924, -3.95676070184e-05, -0.000256096478552, -0.00120662164409, -0.00142590026371, 0.00190908915829], [-0.000594365294091, 0.00193765049335, 6.42577142571e-05, 0.000788458972238, -0.000809986435343, 0.00212506507523, -0.0046637984924, 0.0118055883795, -0.003036883194, -0.00151783402544, 0.000246334384428, -7.7427677752e-05, 0.00103442650288], [0.000508080294821, -0.00134970794898, 0.00124415534083, -0.00261948956177, 0.000200401133043, -0.00267579127103, -3.95676070184e-05, -0.003036883194, 0.0104741482064, -0.00440578861162, -0.000172394153196, 0.00214752764441, -0.00276600476354], [-0.000117773415695, 0.00150822859723, -0.00168944126926, 0.00150036532432, -0.00145150977187, 0.00193755840883, -0.000256096478552, -0.00151783402544, -0.00440578861162, 0.0122605748475, -0.00305647216737, -0.00384025159292, 0.00207378109917], [0.00033304723911, -0.00207911105826, 0.00246719806455, -0.00123994774185, 0.00189501931891, -0.00184768752661, -0.00120662164409, 0.000246334384428, -0.000172394153196, -0.00305647216737, 0.0142262643203, -0.00458507332951, -0.000291370233754], [-0.000350061542122, 0.00200123805553, -0.00279580545612, 0.00284625752829, -0.00182323448826, 0.0021717925556, -0.00142590026371, -7.7427677752e-05, 0.00214752764441, -0.00384025159292, -0.00458507332951, 0.0160567648709, -0.00721420813352], [0.00045622853213, -0.00103405816481, 0.00191870855633, -0.00315221818164, 0.000664623570628, -0.000544843380339, 0.00190908915829, 0.00103442650288, -0.00276600476354, 0.00207378109917, -0.000291370233754, -0.00721420813352, 0.015363057144]]
    },
    "melbands": {
        "dmean": [0.00127747224178, 0.00116888212506, 0.000807301083114, 0.000460423412733, 0.00030312887975, 0.000159019371495, 0.000147857062984, 0.000126078055473, 0.000121731645777, 0.000119576652651, 7.43250420783e-05, 7.65742443036e-05, 5.45657057955e-05, 3.61827223969e-05, 4.72636129416e-05, 3.87446380046e-05, 3.31216033373e-05, 3.240910155e-05, 3.03157376038e-05, 4.16375332861e-05, 2.49389322562e-05, 1.89782240341e-05, 1.56274618348e-05, 1.40450092658e-05, 2.10074467759e-05, 1.90251666936e-05, 1.42530388985e-05, 8.52532502904e-06, 5.70109477849e-06, 6.05540117249e-06, 5.23152084497e-06, 4.63719379695e-06, 4.93406469104e-06, 6.5199292294e-06, 6.29025726084e-06, 6.36099821349e-06, 5.5787581914e-06, 4.64596951133e-06, 3.6910973904e-06, 2.9547475151e-06],
        "dmean2": [0.00169959163759, 0.0018601147458, 0.00139435136225, 0.000788488192484, 0.000527842261363, 0.000259050808381, 0.000231785976212, 0.000194449472474, 0.000196486784262, 0.000186105404282, 0.00011592147348, 0.000117481009511, 8.46870971145e-05, 5.71472155571e-05, 7.38749076845e-05, 6.13351512584e-05, 5.24839670106e-05, 5.00091846334e-05, 4.70131162729e-05, 6.42534869257e-05, 3.85649109376e-05, 2.93520552077e-05, 2.44895381911e-05, 2.20413949137e-05, 3.21084444295e-05, 2.92495878966e-05, 2.18697023229e-05, 1.34167830765e-05, 8.96893016034e-06, 9.4768956842e-06, 8.16835654405e-06, 7.16752128938e-06, 7.52144387661e-06, 9.92524292087e-06, 9.42093811318e-06, 9.33808132686e-06, 8.23748905532e-06, 6.76855461279e-06, 5.40055361853e-06, 4.32265369454e-06],
        "dvar": [1.04277005448e-05, 9.06879631657e-06, 7.7761387729e-06, 9.35940192903e-07, 3.73583816327e-07, 7.20760624517e-08, 6.41084056952e-08, 4.89517191227e-08, 3.95481798421e-08, 2.99141049709e-08, 1.37673756839e-08, 1.32338193737e-08, 1.36640556647e-08, 3.80057496585e-09, 6.04667471649e-09, 3.64732954949e-09, 3.17800319394e-09, 2.51873144563e-09, 4.01771593772e-09, 5.47631540115e-09, 1.50535328647e-09, 7.69273089674e-10, 6.56991516745e-10, 4.99987107272e-10, 1.4220988831e-09, 1.2544428829e-09, 6.12248141074e-10, 2.26728219532e-10, 4.85712095544e-11, 6.63126567546e-11, 8.35244928776e-11, 3.71024287682e-11, 4.59786965445e-11, 1.15439512116e-10, 1.35024519343e-10, 1.36322772515e-10, 9.17854334204e-11, 5.34221070159e-11, 2.57423162647e-11, 1.94206178916e-11],
        "dvar2": [2.10990892811e-05, 2.47476946242e-05, 2.17697615881e-05, 2.65666699306e-06, 1.04832349734e-06, 1.81894449724e-07, 1.53846514195e-07, 1.095979556e-07, 9.94009639044e-08, 6.96331596828e-08, 3.25236726439e-08, 2.89953447918e-08, 3.16741477491e-08, 8.90390694508e-09, 1.41849358926e-08, 9.55871914954e-09, 7.66334373736e-09, 6.0291784898e-09, 1.02810613356e-08, 1.25123689187e-08, 3.50490192425e-09, 1.83711257318e-09, 1.60789204173e-09, 1.19382459474e-09, 2.91763058158e-09, 3.0079874147e-09, 1.40646427838e-09, 5.76348080372e-10, 1.21774909601e-10, 1.61506863439e-10, 2.17254977897e-10, 8.3622830882e-11, 1.14553866393e-10, 2.83790296818e-10, 2.91432350474e-10, 2.86188711618e-10, 1.92950599942e-10, 1.08083327011e-10, 5.16741614776e-11, 3.93021205858e-11],
        "max": [0.0500529445708, 0.0258691925555, 0.0241805557162, 0.00882762856781, 0.00900099147111, 0.00244736671448, 0.00407281797379, 0.00328615750186, 0.00274432450533, 0.0023063311819, 0.00134317693301, 0.0016729660565, 0.00212044781074, 0.000949139241129, 0.00105422863271, 0.000681011180859, 0.000558960600756, 0.000600197061431, 0.000933800300118, 0.00168093375396, 0.000604825967457, 0.000316919496981, 0.000383406499168, 0.000408470717957, 0.000646564178169, 0.000631824659649, 0.000462756695924, 0.000201021903194, 8.93821197678e-05, 0.00010910959827, 0.000194438951439, 7.80791160651e-05, 7.31588734197e-05, 0.000152798020281, 0.000157052680152, 0.000195233151317, 0.00015840078413, 0.000124077487271, 5.86019123148e-05, 6.98835792718e-05],
        "mean": [0.00284566241316, 0.00187970511615, 0.000795426778495, 0.000598882092163, 0.000381200108677, 0.000236247142311, 0.000261879555183, 0.000214101222809, 0.000211120597669, 0.000186754041351, 0.000122631710838, 0.000134644593345, 8.56021142681e-05, 5.43474161532e-05, 7.11164466338e-05, 5.78436956857e-05, 5.00693604408e-05, 4.77403918921e-05, 4.16477596445e-05, 6.2725317548e-05, 4.28047787864e-05, 2.9137252568e-05, 2.44105685852e-05, 2.4292150556e-05, 3.80039855372e-05, 3.58363249688e-05, 2.52338195423e-05, 1.34162828545e-05, 9.58046621236e-06, 9.79040396487e-06, 8.49715706863e-06, 7.80005575507e-06, 7.26967709852e-06, 9.01638759387e-06, 9.34936088015e-06, 9.11804545467e-06, 8.06590196589e-06, 6.85620670993e-06, 5.5434488786e-06, 4.06166918765e-06],
        "median": [6.1636143073e-05, 0.000253341364441, 0.000169901773916, 0.000208173121791, 0.000163203192642, 8.36470280774e-05, 9.21512182686e-05, 8.5476298409e-05, 9.39108140301e-05, 9.4276299933e-05, 5.53304962523e-05, 5.71829041291e-05, 3.50833252014e-05, 2.313515688e-05, 3.74514893338e-05, 3.28047390212e-05, 1.90604932868e-05, 2.54238257185e-05, 2.1675881726e-05, 2.99464118143e-05, 2.30633431784e-05, 1.80958923011e-05, 1.57744671014e-05, 1.19507667478e-05, 1.72739601112e-05, 1.59588416864e-05, 1.11141735033e-05, 8.31718625705e-06, 7.10164795237e-06, 6.88296859153e-06, 5.77639775656e-06, 5.18324986842e-06, 4.68558391731e-06, 5.12663791596e-06, 5.08612356498e-06, 4.38638926425e-06, 3.62207629223e-06, 3.33692355525e-06, 2.84713041765e-06, 1.83939175713e-06],
        "min": [4.18660661694e-09, 8.87423023954e-09, 1.62252149494e-08, 9.00128185322e-08, 1.42349449561e-07, 2.85860096483e-07, 1.93224849454e-07, 1.19108754859e-07, 1.70098729768e-07, 2.81718769202e-07, 2.48349891763e-07, 2.38450780898e-07, 3.02192262325e-07, 1.84868497399e-07, 2.07141553688e-07, 2.41426590719e-07, 2.66146372496e-07, 2.49436737931e-07, 2.09648007399e-07, 2.71811444463e-07, 1.31015752913e-07, 3.49144535505e-08, 1.12274697983e-07, 9.43230133998e-08, 9.67793525319e-08, 7.13006045316e-08, 8.17587917368e-08, 4.50079937764e-08, 3.05859444438e-08, 2.1129661576e-08, 1.58454618315e-08, 1.9639195159e-08, 1.72158767242e-08, 5.63920776742e-09, 4.43173187037e-09, 1.57456603311e-09, 2.54913118392e-10, 2.26784684781e-11, 3.4611933545e-12, 1.87786296387e-13],
