{
"highlevel": {
    "danceability": {
        "all": {
            "danceable": 0.942884206772,
            "not_danceable": 0.0571157671511
        },
        "probability": 0.942884206772,
        "value": "danceable"
    },
    "gender": {
        "all": {
            "female": 0.0870628580451,
            "male": 0.912937164307
        },
        "probability": 0.912937164307,
        "value": "male"
    },
    "genre_dortmund": {
        "all": {
            "alternative": 0.0478848330677,
            "blues": 0.0258993897587,
            "electronic": 0.0411434583366,
            "folkcountry": 0.030678903684,
            "funksoulrnb": 0.015266014263,
            "jazz": 0.171174734831,
            "pop": 0.0198385715485,
            "raphiphop": 0.627505540848,
            "rock": 0.020608542487
        },
        "probability": 0.627505540848,
        "value": "raphiphop"
    },
    "genre_electronic": {
        "all": {
            "ambient": 0.58455401659,
            "dnb": 0.0871170982718,
            "house": 0.196406066418,
            "techno": 0.0457450821996,
            "trance": 0.0861777365208
        },
        "probability": 0.58455401659,
        "value": "ambient"
    },
    "genre_rosamerica": {
        "all": {
            "cla": 0.034229286015,
            "dan": 0.222378045321,
            "hip": 0.172148019075,
            "jaz": 0.083270907402,
            "pop": 0.0762043148279,
            "rhy": 0.34070789814,
            "roc": 0.0237728618085,
            "spe": 0.0472886636853
        },
        "probability": 0.34070789814,
        "value": "rhy"
    },
    "genre_tzanetakis": {
        "all": {
            "blu": 0.0620671063662,
            "cla": 0.034474901855,
            "cou": 0.103433981538,
            "dis": 0.0620971247554,
            "hip": 0.15527240932,
            "jaz": 0.310666948557,
            "met": 0.044346679002,
            "pop": 0.0620793737471,
            "reg": 0.0620816536248,
            "roc": 0.103479810059
        },
        "probability": 0.310666948557,
        "value": "jaz"
    },
    "ismir04_rhythm": {
        "all": {
            "ChaChaCha": 0.021948935464,
            "Jive": 0.0132557796314,
            "Quickstep": 0.06397921592,
            "Rumba-American": 0.0215647686273,
            "Rumba-International": 0.110384307802,
            "Rumba-Misc": 0.00447396794334,
            "Samba": 0.736988008022,
            "Tango": 0.0199877675623,
            "VienneseWaltz": 0.0034506758675,
            "Waltz": 0.00396658480167
        },
        "probability": 0.736988008022,
        "value": "Samba"
    },
    "mood_acoustic": {
        "all": {
            "acoustic": 0.450553178787,
            "not_acoustic": 0.549446821213
        },
        "probability": 0.549446821213,
        "value": "not_acoustic"
    },
    "mood_aggressive": {
        "all": {
            "aggressive": 0.173333957791,
            "not_aggressive": 0.82666605711
        },
        "probability": 0.82666605711,
        "value": "not_aggressive"
    },
    "mood_electronic": {
        "all": {
            "electronic": 0.883107125759,
            "not_electronic": 0.11689286679
        },
        "probability": 0.883107125759,
        "value": "electronic"
    },
    "mood_happy": {
        "all": {
            "happy": 0.211279720068,
            "not_happy": 0.788720309734
        },
        "probability": 0.788720309734,
        "value": "not_happy"
    },
    "mood_party": {
        "all": {
            "not_party": 0.567284107208,
            "party": 0.432715892792
        },
        "probability": 0.567284107208,
        "value": "not_party"
    },
    "mood_relaxed": {
        "all": {
            "not_relaxed": 0.402579903603,
            "relaxed": 0.597420096397
        },
        "probability": 0.597420096397,
        "value": "relaxed"
    },
    "mood_sad": {
        "all": {
            "not_sad": 0.664035260677,
            "sad": 0.33596470952
        },
        "probability": 0.664035260677,
        "value": "not_sad"
    },
    "moods_mirex": {
        "all": {
            "Cluster1": 0.252546936274,
            "Cluster2": 0.204588934779,
            "Cluster3": 0.102471165359,
            "Cluster4": 0.133857429028,
            "Cluster5": 0.306535542011
        },
        "probability": 0.306535542011,
        "value": "Cluster5"
    },
    "timbre": {
        "all": {
            "bright": 0.988648355007,
            "dark": 0.0113516254351
        },
        "probability": 0.988648355007,
        "value": "bright"
    },
    "tonal_atonal": {
        "all": {
            "atonal": 0.750250637531,
            "tonal": 0.249749362469
        },
        "probability": 0.750250637531,
        "value": "atonal"
    },
    "voice_instrumental": {
        "all": {
            "instrumental": 0.152493983507,
            "voice": 0.847506046295
        },
        "probability": 0.847506046295,
        "value": "voice"
    }
},
"lowlevel": {
    "average_loudness": 0.984694004059,
    "barkbands_crest": {
        "dmean": 3.51038384438,
        "dmean2": 5.60155296326,
        "dvar": 10.1881980896,
        "dvar2": 26.360622406,
        "max": 26.5231285095,
        "mean": 13.2351465225,
        "median": 12.7868108749,
        "min": 2.99388766289,
        "var": 25.272939682
    },
    "barkbands_flatness_db": {
        "dmean": 0.0319973304868,
        "dmean2": 0.0468838773668,
        "dvar": 0.000962088990491,
        "dvar2": 0.00212262594141,
        "max": 0.415290921926,
        "mean": 0.179713577032,
        "median": 0.173216193914,
        "min": 0.0542106069624,
        "var": 0.0030119351577
    },
    "barkbands_kurtosis": {
        "dmean": 7.09867429733,
        "dmean2": 10.7095041275,
        "dvar": 372.124359131,
        "dvar2": 827.506286621,
        "max": 478.604125977,
        "mean": 10.0071582794,
        "median": 3.17568874359,
        "min": -1.76756489277,
        "var": 617.398620605
    },
    "barkbands_skewness": {
        "dmean": 0.883998632431,
        "dmean2": 1.27320194244,
        "dvar": 1.10044550896,
        "dvar2": 2.2315621376,
        "max": 19.411523819,
        "mean": 2.14710974693,
        "median": 1.75803160667,
        "min": -0.898608505726,
        "var": 3.57834434509
    },
    "barkbands_spread": {
        "dmean": 6.51568937302,
        "dmean2": 10.2400121689,
        "dvar": 72.553314209,
        "dvar2": 179.604202271,
        "max": 82.1880493164,
        "mean": 17.4942493439,
        "median": 15.3858194351,
        "min": 0.346150368452,
        "var": 122.504981995
    },
    "dissonance": {
        "dmean": 0.0279614776373,
        "dmean2": 0.0444135405123,
        "dvar": 0.000694886082783,
        "dvar2": 0.00165028241463,
        "max": 0.500000059605,
        "mean": 0.44360229373,
        "median": 0.452387839556,
        "min": 0.267800211906,
        "var": 0.0015310352901
    },
    "dynamic_complexity": 2.71650671959,
    "erbbands_crest": {
        "dmean": 3.21662950516,
        "dmean2": 5.0359082222,
        "dvar": 8.06335830688,
        "dvar2": 19.3330955505,
        "max": 27.1946716309,
        "mean": 10.266576767,
        "median": 9.34754276276,
        "min": 2.58303904533,
        "var": 19.5075416565
    },
    "erbbands_flatness_db": {
        "dmean": 0.0249732844532,
        "dmean2": 0.0333911962807,
        "dvar": 0.00062274269294,
        "dvar2": 0.000988041050732,
        "max": 0.322000086308,
        "mean": 0.165946096182,
        "median": 0.165630802512,
        "min": 0.0575731135905,
        "var": 0.00246414146386
    },
    "erbbands_kurtosis": {
        "dmean": 1.35259962082,
        "dmean2": 2.02985882759,
        "dvar": 3.39624547958,
        "dvar2": 7.53351688385,
        "max": 17.613445282,
        "mean": 1.0161075592,
        "median": 0.0749962329865,
        "min": -1.78866887093,
        "var": 7.75960493088
    },
    "erbbands_skewness": {
        "dmean": 0.484576493502,
        "dmean2": 0.731003880501,
        "dvar": 0.230520024896,
        "dvar2": 0.553163945675,
        "max": 3.61592626572,
        "mean": 0.452184230089,
        "median": 0.34677568078,
        "min": -1.884781003,
        "var": 0.740341901779
    },
    "erbbands_spread": {
        "dmean": 13.7143764496,
        "dmean2": 18.430109024,
        "dvar": 270.79208374,
        "dvar2": 475.067138672,
        "max": 171.722396851,
        "mean": 41.1425819397,
        "median": 34.3478279114,
        "min": 3.80910491943,
        "var": 737.246643066
    },
    "hfc": {
        "dmean": 8.91247653961,
        "dmean2": 12.0628204346,
        "dvar": 144.62828064,
        "dvar2": 320.74786377,
        "max": 81.2204666138,
        "mean": 17.0201854706,
        "median": 12.1746587753,
        "min": 0.170899480581,
        "var": 253.725280762
    },
    "melbands_crest": {
        "dmean": 4.47084951401,
        "dmean2": 7.04280996323,
        "dvar": 16.4341850281,
        "dvar2": 40.7401237488,
        "max": 35.2491455078,
        "mean": 18.5520763397,
        "median": 18.3627891541,
        "min": 4.70053434372,
        "var": 46.7646446228
    },
    "melbands_flatness_db": {
        "dmean": 0.0368645638227,
        "dmean2": 0.0539563409984,
        "dvar": 0.00157919409685,
        "dvar2": 0.00345008680597,
        "max": 0.523155272007,
        "mean": 0.233298972249,
        "median": 0.218891784549,
        "min": 0.0403246246278,
        "var": 0.00567528093234
    },
    "melbands_kurtosis": {
        "dmean": 18.542175293,
        "dmean2": 27.9977703094,
        "dvar": 1518.61779785,
        "dvar2": 3373.21142578,
        "max": 515.24621582,
        "mean": 27.3185653687,
        "median": 9.10445022583,
        "min": -1.39520001411,
        "var": 2700.65771484
    },
    "melbands_skewness": {
        "dmean": 1.29645597935,
        "dmean2": 1.85798919201,
        "dvar": 2.7549803257,
        "dvar2": 5.3393163681,
        "max": 18.6139736176,
        "mean": 3.37392950058,
        "median": 2.59054112434,
        "min": -1.06632268429,
        "var": 7.44059801102
    },
    "melbands_spread": {
        "dmean": 7.6594119072,
        "dmean2": 12.5035810471,
        "dvar": 163.988769531,
        "dvar2": 443.512573242,
        "max": 116.786178589,
        "mean": 17.7079200745,
        "median": 14.9132270813,
        "min": 0.427876472473,
        "var": 189.716278076
    },
    "pitch_salience": {
        "dmean": 0.0945350453258,
        "dmean2": 0.149724334478,
        "dvar": 0.00793298706412,
        "dvar2": 0.0205246508121,
        "max": 0.862716257572,
        "mean": 0.492734253407,
        "median": 0.489477068186,
        "min": 0.0582502149045,
        "var": 0.0225158501416
    },
    "silence_rate_20dB": {
        "dmean": 0,
        "dmean2": 0,
        "dvar": 0,
        "dvar2": 0,
        "max": 1,
        "mean": 1,
        "median": 1,
        "min": 1,
        "var": 0
    },
    "silence_rate_30dB": {
        "dmean": 0.0123839005828,
        "dmean2": 0.0247869864106,
        "dvar": 0.0122306272388,
        "dvar2": 0.0334676019847,
        "max": 1,
        "mean": 0.992266058922,
        "median": 1,
        "min": 0,
        "var": 0.00767407612875
    },
    "silence_rate_60dB": {
        "dmean": 0.039473682642,
        "dmean2": 0.0782339274883,
        "dvar": 0.0379150621593,
        "dvar2": 0.089153200388,
        "max": 1,
        "mean": 0.0556844547391,
        "median": 0,
        "min": 0,
        "var": 0.0525837689638
    },
    "spectral_centroid": {
        "dmean": 308.568847656,
        "dmean2": 485.600585938,
        "dvar": 159567.265625,
        "dvar2": 423043.5625,
        "max": 2974.36230469,
        "mean": 1087.52355957,
        "median": 1016.36572266,
        "min": 157.546600342,
        "var": 254302.765625
    },
    "spectral_complexity": {
        "dmean": 5.31733751297,
        "dmean2": 7.95817184448,
        "dvar": 47.5479011536,
        "dvar2": 101.372383118,
        "max": 50,
        "mean": 13.4547567368,
        "median": 11,
        "min": 1,
        "var": 78.4721984863
    },
    "spectral_decrease": {
        "dmean": 3.27487015284e-09,
        "dmean2": 4.75843675574e-09,
        "dvar": 2.44804697855e-17,
        "dvar2": 5.05192717445e-17,
        "max": -6.5169730723e-11,
        "mean": -7.50603668109e-09,
        "median": -6.15957773675e-09,
        "min": -4.85646864945e-08,
        "var": 4.31659305752e-17
    },
    "spectral_energy": {
        "dmean": 0.0129689155146,
        "dmean2": 0.0186987295747,
        "dvar": 0.000373237242457,
        "dvar2": 0.000762959418353,
        "max": 0.18793733418,
        "mean": 0.0298732873052,
        "median": 0.0242378413677,
        "min": 0.000261466600932,
        "var": 0.00066495971987
    },
    "spectral_energyband_high": {
        "dmean": 0.00054914993234,
        "dmean2": 0.000764365657233,
        "dvar": 8.46097179874e-07,
        "dvar2": 1.7159836716e-06,
        "max": 0.00739377550781,
        "mean": 0.000685275997967,
        "median": 0.000176161542186,
        "min": 2.11289011531e-06,
        "var": 1.27202383737e-06
    },
    "spectral_energyband_low": {
        "dmean": 0.0076953433454,
        "dmean2": 0.0121675152332,
        "dvar": 0.00026501409593,
        "dvar2": 0.000598471611738,
        "max": 0.176992729306,
        "mean": 0.0144165726379,
        "median": 0.00487501686439,
        "min": 2.14039528146e-06,
        "var": 0.000403027952416
    },
    "spectral_energyband_middle_high": {
        "dmean": 0.00187660497613,
        "dmean2": 0.00279670837335,
        "dvar": 6.16366151007e-06,
        "dvar2": 1.3561587366e-05,
        "max": 0.0254024174064,
        "mean": 0.00403458252549,
        "median": 0.00251536024734,
        "min": 2.89810668619e-05,
        "var": 1.82297044375e-05
    },
    "spectral_energyband_middle_low": {
        "dmean": 0.00757803628221,
        "dmean2": 0.0107872989029,
        "dvar": 0.000144533667481,
        "dvar2": 0.000310989911668,
        "max": 0.111485049129,
        "mean": 0.0123731773347,
        "median": 0.00654246658087,
        "min": 0.000139745956403,
        "var": 0.000248142780038
    },
    "spectral_entropy": {
        "dmean": 0.260665595531,
        "dmean2": 0.362268298864,
        "dvar": 0.0678936243057,
        "dvar2": 0.128753513098,
        "max": 8.66963481903,
        "mean": 7.37526369095,
        "median": 7.34987068176,
        "min": 5.93091487885,
        "var": 0.20875172317
    },
    "spectral_flux": {
        "dmean": 0.0421402454376,
        "dmean2": 0.0682436004281,
        "dvar": 0.00227947160602,
        "dvar2": 0.00538040557876,
        "max": 0.363621115685,
        "mean": 0.0921436622739,
        "median": 0.0782185420394,
        "min": 0.00663081975654,
        "var": 0.00401215115562
    },
    "spectral_kurtosis": {
        "dmean": 1.94171762466,
        "dmean2": 2.85519313812,
        "dvar": 3.56197047234,
        "dvar2": 8.37582874298,
        "max": 23.3770484924,
        "mean": 4.81841468811,
        "median": 4.47310495377,
        "min": -1.03159677982,
        "var": 9.58802700043
    },
    "spectral_rms": {
        "dmean": 0.00111353956163,
        "dmean2": 0.00154662958812,
        "dvar": 2.04067669074e-06,
        "dvar2": 3.62094147022e-06,
        "max": 0.0135408081114,
        "mean": 0.00489757396281,
        "median": 0.00486278487369,
        "min": 0.000505063741002,
        "var": 5.15841384185e-06
    },
    "spectral_rolloff": {
        "dmean": 471.531097412,
        "dmean2": 830.523071289,
        "dvar": 817921,
        "dvar2": 2020927.625,
        "max": 9625.34179688,
        "mean": 1083.08996582,
        "median": 861.328125,
        "min": 64.599609375,
        "var": 928772.1875
    },
    "spectral_skewness": {
        "dmean": 0.30883410573,
        "dmean2": 0.425630897284,
        "dvar": 0.0816427096725,
        "dvar2": 0.156851142645,
        "max": 3.76840686798,
        "mean": 1.75831758976,
        "median": 1.76260721684,
        "min": 0.152269169688,
        "var": 0.295520752668
    },
    "spectral_spread": {
        "dmean": 823982.3125,
        "dmean2": 1164831.75,
        "dvar": 994917875712,
        "dvar2": 1.69929657549e+12,
        "max": 17062886,
        "mean": 5079110,
        "median": 4621460,
        "min": 2390697.25,
        "var": 2.87544233165e+12
    },
    "spectral_strongpeak": {
        "dmean": 0.496735602617,
        "dmean2": 0.797434687614,
        "dvar": 0.612937450409,
        "dvar2": 1.39648938179,
        "max": 7.5018620491,
        "mean": 0.939702093601,
        "median": 0.50291287899,
        "min": 0,
        "var": 1.16386938095
    },
    "zerocrossingrate": {
        "dmean": 0.01025730744,
        "dmean2": 0.0125077152625,
        "dvar": 0.000106281957414,
        "dvar2": 0.000156224778038,
        "max": 0.2119140625,
        "mean": 0.0469293780625,
        "median": 0.044921875,
        "min": 0.0029296875,
        "var": 0.000516620755661
    },
    "barkbands": {
        "dmean": [0.000575630867388, 0.0034153368324, 0.00441872188821, 0.002542874543, 0.0037531144917, 0.000808813609183, 0.00115816073958, 0.000824945454951, 0.000565459136851, 0.000223242299398, 0.000213823179365, 0.00023948069429, 0.000380462122848, 0.000577726983465, 0.000321259809425, 0.000234523628023, 0.000210901722312, 0.000236890788074, 0.000220183690544, 0.00011359306518, 0.000116242030344, 0.000116569593956, 9.22375256778e-05, 8.99384176591e-05, 8.51044023875e-05, 4.49302788184e-05, 4.33468869687e-08],
        "dmean2": [0.000907211506274, 0.00501075014472, 0.00722886156291, 0.00399882998317, 0.00531209958717, 0.00131594273262, 0.00177275843453, 0.00127076066565, 0.000866288668476, 0.000330483133439, 0.000311170239002, 0.000364990264643, 0.000538604101166, 0.000844338734169, 0.000501983449794, 0.000370514928363, 0.000342450657627, 0.000404534453992, 0.000369357905583, 0.000183677155292, 0.000175917084562, 0.000171894280356, 0.000126680810354, 0.000125670499983, 0.000127282939502, 6.92321991664e-05, 7.67966099602e-08],
        "dvar": [1.22607775666e-06, 4.69504520879e-05, 0.00015520719171, 4.42415730504e-05, 9.6241463325e-05, 2.04371258405e-06, 3.50778100255e-06, 3.70283441953e-06, 1.2050031728e-06, 2.77409469618e-07, 2.64144517814e-07, 2.7091655852e-07, 8.16266378934e-07, 1.59717421866e-06, 4.45293864004e-07, 2.56955217992e-07, 1.72103582941e-07, 2.62145761099e-07, 2.15442767626e-07, 5.78219783165e-08, 4.79102553186e-08, 4.92440825894e-08, 2.78156733202e-08, 3.03711438221e-08, 4.10296330244e-08, 1.55530379686e-08, 3.31350750874e-14],
        "dvar2": [2.70970781457e-06, 0.000103890939499, 0.000373903836589, 0.000104227561678, 0.000191098602954, 5.22174104844e-06, 8.14105533209e-06, 7.79617857916e-06, 2.865652732e-06, 5.05260913997e-07, 4.78255401504e-07, 6.26531232228e-07, 1.51016388372e-06, 3.17459807775e-06, 1.04005300727e-06, 6.06105004408e-07, 4.24128074883e-07, 7.31961904421e-07, 5.85807697462e-07, 1.46426657466e-07, 1.06199337324e-07, 1.19853510228e-07, 5.0714241695e-08, 5.69082700963e-08, 8.99309071656e-08, 3.4417713124e-08, 8.76290413929e-14],
        "max": [0.0119021721184, 0.0815264359117, 0.143250107765, 0.0640799105167, 0.102764241397, 0.0136194974184, 0.0177079252899, 0.0311444215477, 0.0134635614231, 0.0116268079728, 0.013771975413, 0.00685941847041, 0.0206112209707, 0.0152098881081, 0.0103796888143, 0.0103929238394, 0.00763121712953, 0.00452566053718, 0.0035322746262, 0.00263638189062, 0.00164878100622, 0.00211530830711, 0.00385819887742, 0.00228097522631, 0.00270595261827, 0.00125832518097, 2.79620667243e-06],
        "mean": [0.000789909332525, 0.00827436801046, 0.0037738205865, 0.00264517194591, 0.00474708201364, 0.00103961955756, 0.00175128621049, 0.00129432568792, 0.000785627227742, 0.000355456315447, 0.000324171152897, 0.000332905794494, 0.000643928942736, 0.000921532511711, 0.000411201210227, 0.000304927380057, 0.00027136944118, 0.000257624808, 0.000207159027923, 0.000113691239676, 0.00011732945859, 0.000133050489239, 0.000120083182992, 0.000116153489216, 9.4747498224e-05, 4.67120153189e-05, 2.90284738469e-08],
        "median": [0.000141018128488, 0.000880380277522, 7.77822424425e-05, 0.000137210154207, 0.00109494302887, 0.000322057167068, 0.000658584467601, 0.000220715679461, 0.000200239432161, 8.94161421456e-05, 7.21284523024e-05, 9.67276137089e-05, 0.000104489350633, 0.000136518181534, 7.91265774751e-05, 8.33455997054e-05, 8.78551509231e-05, 9.27144792513e-05, 5.50377626496e-05, 2.06084550882e-05, 9.43687791732e-06, 3.14461794915e-05, 3.72732283722e-05, 3.56173150067e-05, 2.24480281759e-05, 6.51693426335e-06, 4.49446480033e-10],
        "min": [6.526419849e-09, 1.61290444112e-07, 9.69854241362e-09, 1.13869077722e-07, 7.92980063125e-06, 1.86393481272e-06, 2.38472671299e-06, 1.98269776774e-06, 1.89174238585e-06, 9.99018084258e-07, 2.46951913141e-07, 9.33736089337e-07, 5.34408400199e-07, 6.04883894084e-07, 3.12791797796e-07, 5.94090181494e-07, 5.50446884517e-07, 7.07206197603e-07, 2.68639780643e-07, 1.35979107085e-07, 2.40042936639e-07, 3.99775899496e-07, 2.85302661496e-07, 1.39217775086e-07, 7.20016446465e-09, 2.90070953368e-11, 6.12134128108e-12],
        "var": [1.95142001758e-06, 0.000117454306746, 0.000133656794787, 5.88122311456e-05, 0.000142686069012, 2.64624213742e-06, 6.59259785607e-06, 9.97349889076e-06, 1.95776601686e-06, 6.67613335281e-07, 6.09830863141e-07, 4.92397077778e-07, 2.10013013202e-06, 3.36751759278e-06, 9.78718162514e-07, 4.47690467809e-07, 2.43893083507e-07, 2.09738246326e-07, 1.63673604447e-07, 5.66415749859e-08, 6.00953953267e-08, 5.60128832205e-08, 4.48435386602e-08, 4.80981974249e-08, 5.0926544759e-08, 1.67990013011e-08, 2.31733272708e-14]
    },
    "erbbands": {
        "dmean": [0.15761052072, 0.648213088512, 4.03047513962, 7.73962068558, 8.62248706818, 16.3413619995, 6.85387992859, 6.31126451492, 12.8575048447, 18.4724597931, 16.9705753326, 13.5007228851, 7.31460952759, 8.930103302, 6.89090394974, 8.9665555954, 15.0931787491, 19.7945613861, 21.8515834808, 14.6299991608, 11.445183754, 12.1806106567, 12.6467638016, 11.6542768478, 10.0518760681, 5.20972728729, 4.59892129898, 4.67326879501, 4.44283533096, 3.03900790215, 2.7744910717, 1.86548006535, 1.6316883564, 1.20832777023, 0.48394331336, 0.247328341007, 0.0734459683299, 0.00593228591606, 0.000122581783216, 2.11024762393e-05],
        "dmean2": [0.2413264364, 1.01054155827, 6.45753860474, 12.1758432388, 12.6609392166, 23.1767292023, 11.1483697891, 10.2393102646, 20.1394500732, 28.8575782776, 25.8821220398, 19.931394577, 11.1993961334, 11.7322072983, 10.3860931396, 13.8501272202, 21.5757236481, 28.51471138, 32.7405281067, 21.5731945038, 17.637468338, 19.4093170166, 21.4563999176, 19.3419418335, 17.0900707245, 8.39525222778, 7.06978225708, 7.11802721024, 6.71379518509, 4.40479278564, 3.8449985981, 2.66431164742, 2.26673817635, 1.79081571102, 0.731084704399, 0.383876889944, 0.111349590123, 0.00915525387973, 0.000180007715244, 2.94499895972e-05],
        "dvar": [0.12231887877, 2.14837098122, 135.038925171, 365.281616211, 332.033172607, 2393.09106445, 162.210922241, 132.382629395, 438.793823242, 993.024353027, 1703.02453613, 664.849487305, 158.371765137, 687.161987305, 156.216918945, 392.240692139, 1374.16442871, 1776.46069336, 2065.79516602, 860.742736816, 707.253845215, 616.11529541, 651.075683594, 564.524291992, 482.307556152, 103.955955505, 82.5814285278, 75.9535064697, 80.7986984253, 23.7277832031, 28.0480365753, 9.74014854431, 12.9501390457, 8.45404052734, 1.24890375137, 0.39498847723, 0.0461131930351, 0.000379544915631, 1.3027865009e-07, 1.22928300872e-09],
        "dvar2": [0.296348303556, 4.88281297684, 325.938720703, 908.846801758, 697.13684082, 4723.43896484, 425.459716797, 315.296722412, 993.528198242, 2399.90722656, 3630.62304688, 1553.88500977, 376.492462158, 967.523986816, 343.315765381, 937.577087402, 2617.08569336, 3474.15112305, 4142.87011719, 1961.71826172, 1562.66210938, 1452.69995117, 1818.36560059, 1498.6673584, 1347.36560059, 255.970306396, 183.927856445, 175.081771851, 197.909881592, 49.0088195801, 53.2687492371, 17.8324337006, 25.3861560822, 18.8474998474, 2.83678007126, 0.873076200485, 0.103074267507, 0.000957892800216, 3.15737480605e-07, 2.57622922994e-09],
        "max": [3.45979857445, 17.2503452301, 125.227279663, 151.471420288, 166.998565674, 495.896606445, 125.511764526, 129.569061279, 245.218643188, 275.171142578, 587.184265137, 324.662811279, 144.302841187, 664.785095215, 171.716400146, 318.523712158, 959.651123047, 878.872619629, 608.133972168, 553.994567871, 618.631774902, 550.204589844, 214.112167358, 176.353805542, 175.662002563, 97.7554473877, 93.9136276245, 68.5209274292, 92.7474212646, 63.4935836792, 118.573524475, 42.6677246094, 46.2001152039, 39.2162513733, 14.7117710114, 6.25325202942, 2.39757585526, 0.261519908905, 0.00456089898944, 0.000321930856444],
        "mean": [0.34210473299, 1.48528671265, 3.71711945534, 7.9192905426, 10.7138299942, 19.6999034882, 9.92378234863, 8.93055057526, 19.8296089172, 27.640422821, 26.4469165802, 19.3432121277, 12.0492763519, 13.6675167084, 11.9443664551, 13.5956430435, 26.505443573, 38.4686203003, 34.2480583191, 21.0621948242, 16.1842079163, 16.8884029388, 14.5805521011, 11.7556715012, 8.99374485016, 5.34882593155, 4.70081758499, 4.71424770355, 4.90159130096, 3.91597867012, 3.51005983353, 2.54885840416, 1.89226698875, 1.24262869358, 0.576536715031, 0.264975488186, 0.073475793004, 0.00547219114378, 0.000129098174511, 4.18251038354e-05],
        "median": [0.0370960198343, 0.174350902438, 0.25052946806, 0.363765090704, 2.02405333519, 3.80717110634, 3.24914574623, 3.30197572708, 8.38122558594, 9.95600700378, 5.8180141449, 6.04185056686, 4.21378469467, 4.37892436981, 3.48674416542, 4.5122718811, 5.57072734833, 6.97134256363, 6.41672945023, 5.46877288818, 4.67030668259, 5.51650905609, 5.76132535934, 3.57121920586, 2.31558680534, 1.07068741322, 0.396142661572, 0.525985002518, 1.08511388302, 1.18307101727, 1.04597640038, 1.00526702404, 0.347109615803, 0.211817502975, 0.157259449363, 0.0457708835602, 0.00868525262922, 0.000605992972851, 2.69082684099e-05, 2.93704724754e-05],
        "min": [1.07407122414e-05, 8.03120055934e-05, 0.000381913821911, 0.000784495437983, 0.00854138750583, 0.0340010151267, 0.0350958444178, 0.0454947724938, 0.0954868644476, 0.0666279569268, 0.0865844339132, 0.150913625956, 0.0814705714583, 0.0465216673911, 0.0582198649645, 0.0410571694374, 0.0271295551211, 0.0577040910721, 0.0785063505173, 0.0328783020377, 0.0410055741668, 0.03695788607, 0.045449949801, 0.0186051912606, 0.0118383858353, 0.0142760854214, 0.00835219863802, 0.00893383193761, 0.0139064081013, 0.0118034807965, 0.00915038585663, 0.00293458160013, 0.00142355507705, 0.00127321376931, 0.000130388129037, 2.06891454582e-05, 2.49849927059e-06, 3.44521083662e-07, 3.68904238712e-07, 3.27143993673e-07],
        "var": [0.237352192402, 4.46510744095, 118.413551331, 408.113647461, 519.745239258, 3422.11181641, 242.645736694, 177.130004883, 789.049438477, 1686.32788086, 3690.9230957, 1132.39416504, 327.555480957, 1701.0970459, 427.359130859, 635.048583984, 3178.3425293, 5022.27929688, 4280.16210938, 1987.56921387, 1365.79858398, 956.222167969, 552.235900879, 466.084289551, 345.075958252, 108.861190796, 103.992897034, 88.9511032104, 85.3352508545, 38.4183578491, 42.0533752441, 16.9051055908, 18.6106185913, 10.0048408508, 1.55479466915, 0.443140476942, 0.0485340543091, 0.000329722155584, 1.24315803873e-07, 1.85547344156e-09]
    },
    "gfcc": {
        "mean": [-22.1581535339, 84.6311035156, -113.356254578, 24.8178501129, -64.8357009888, 17.4347171783, -52.9804115295, 11.6661205292, -19.3789215088, 3.83867168427, -12.8150844574, 2.27309203148, -15.4607543945],
        "cov": [[4395.92041016, -921.487609863, 321.38961792, 635.094726562, 167.910995483, 123.91620636, 35.0178184509, 79.4710159302, -103.551643372, 133.858581543, -344.425262451, -83.3001251221, -161.554733276], [-921.487609863, 845.532775879, 244.156799316, -72.3031158447, 168.252532959, 110.288566589, 224.840515137, 45.0935173035, 107.278663635, 20.3615016937, 176.925338745, 60.4154968262, 112.358604431], [321.38961792, 244.156799316, 1616.75061035, 701.627197266, 380.767578125, 372.422058105, 377.435974121, 299.362243652, 102.261032104, 220.85194397, 8.81960391998, 111.291664124, 58.2512817383], [635.094726562, -72.3031158447, 701.627197266, 749.866455078, 249.109176636, 87.4932403564, 130.250793457, 68.4699172974, 71.8955001831, 101.954299927, -51.0993499756, 22.9499168396, 101.673858643], [167.910995483, 168.252532959, 380.767578125, 249.109176636, 458.129730225, 274.549957275, 174.268234253, 167.226974487, 119.657653809, 109.50188446, 11.8471736908, 28.3884391785, 36.7962875366], [123.91620636, 110.288566589, 372.422058105, 87.4932403564, 274.549957275, 413.463287354, 227.303146362, 156.04196167, 75.4325790405, 111.152076721, 45.7779502869, 11.3436775208, -5.83903980255], [35.0178184509, 224.840515137, 377.435974121, 130.250793457, 174.268234253, 227.303146362, 356.44430542, 137.533432007, 32.8870658875, 88.3310089111, 62.5112609863, 68.1254882812, 31.8389339447], [79.4710159302, 45.0935173035, 299.362243652, 68.4699172974, 167.226974487, 156.04196167, 137.533432007, 304.88684082, 151.444503784, 97.3908996582, 42.0130310059, 60.9969291687, -5.65391302109], [-103.551643372, 107.278663635, 102.261032104, 71.8955001831, 119.657653809, 75.4325790405, 32.8870658875, 151.444503784, 263.786499023, 101.149620056, 38.8472137451, 20.3926849365, 48.9460487366], [133.858581543, 20.3615016937, 220.85194397, 101.954299927, 109.50188446, 111.152076721, 88.3310089111, 97.3908996582, 101.149620056, 168.386810303, 28.9417152405, 25.4660797119, 19.4444713593], [-344.425262451, 176.925338745, 8.81960391998, -51.0993499756, 11.8471736908, 45.7779502869, 62.5112609863, 42.0130310059, 38.8472137451, 28.9417152405, 144.141021729, 49.9249382019, 27.8509120941], [-83.3001251221, 60.4154968262, 111.291664124, 22.9499168396, 28.3884391785, 11.3436775208, 68.1254882812, 60.9969291687, 20.3926849365, 25.4660797119, 49.9249382019, 121.626327515, 45.7039909363], [-161.554733276, 112.358604431, 58.2512817383, 101.673858643, 36.7962875366, -5.83903980255, 31.8389339447, -5.65391302109, 48.9460487366, 19.4444713593, 27.8509120941, 45.7039909363, 133.860992432]],
        "icov": [[0.000415138725657, 0.000152158056153, 0.000229893514188, -0.000504166178871, 8.76987614902e-05, -0.0002075721859, -8.99290826055e-05, -0.000188142905245, 0.000258324289462, -0.000420219555963, 0.000756750931032, -0.00022516847821, 0.000522502232343], [0.000152158056153, 0.00398591021076, -0.0016675471561, 0.00256078294478, -0.00248488620855, 0.00226595718414, -0.00267476844601, 0.00220375042409, -0.0020438679494, 0.00208380282857, -0.00370001466945, 0.00226675532758, -0.00242968718521], [0.000229893514188, -0.0016675471561, 0.00261012488045, -0.00295640388504, 0.00154575402848, -0.00203360407613, 0.000751167768613, -0.00198154477403, 0.00164532463532, -0.00183906208258, 0.00242796167731, -0.00203094165772, 0.00186466588639], [-0.000504166178871, 0.00256078294478, -0.00295640388504, 0.00584822660312, -0.00324780819938, 0.00326740695164, -0.00198245071806, 0.00251083658077, -0.00203256122768, 0.00170161062852, -0.00274727842771, 0.00300096161664, -0.00425751879811], [8.76987614902e-05, -0.00248488620855, 0.00154575402848, -0.00324780819938, 0.00655235862359, -0.00444291671738, 0.00166392093524, -0.00246122130193, 0.000819647568278, -0.00153699156363, 0.00341282156296, -0.00206622690894, 0.00141008803621], [-0.0002075721859, 0.00226595718414, -0.00203360407613, 0.00326740695164, -0.00444291671738, 0.00800252705812, -0.00383439380676, 0.00124192459043, -0.00128842901904, 0.000453988322988, -0.00371753121726, 0.00396061455831, -0.00138810055796], [-8.99290826055e-05, -0.00267476844601, 0.000751167768613, -0.00198245071806, 0.00166392093524, -0.00383439380676, 0.0075399777852, -0.00259619532153, 0.00283729447983, -0.00198309263214, 0.001383747207, -0.0029058046639, 0.000742613512557], [-0.000188142905245, 0.00220375042409, -0.00198154477403, 0.00251083658077, -0.00246122130193, 0.00124192459043, -0.00259619532153, 0.00911989342421, -0.00541771156713, 0.00157296913676, -0.00248240679502, -0.00146611384116, 0.00138134765439], [0.000258324289462, -0.0020438679494, 0.00164532463532, -0.00203256122768, 0.000819647568278, -0.00128842901904, 0.00283729447983, -0.00541771156713, 0.00916634686291, -0.00459756050259, 0.00157525006216, 0.000470487197163, -0.00150222843513], [-0.000420219555963, 0.00208380282857, -0.00183906208258, 0.00170161062852, -0.00153699156363, 0.000453988322988, -0.00198309263214, 0.00157296913676, -0.00459756050259, 0.0116244722158, -0.0036484261509, 0.00102511083242, -0.00136636348907], [0.000756750931032, -0.00370001466945, 0.00242796167731, -0.00274727842771, 0.00341282156296, -0.00371753121726, 0.001383747207, -0.00248240679502, 0.00157525006216, -0.0036484261509, 0.0150875896215, -0.00590142747387, 0.0023446448613], [-0.00022516847821, 0.00226675532758, -0.00203094165772, 0.00300096161664, -0.00206622690894, 0.00396061455831, -0.0029058046639, -0.00146611384116, 0.000470487197163, 0.00102511083242, -0.00590142747387, 0.0152855273336, -0.00651203515008], [0.000522502232343, -0.00242968718521, 0.00186466588639, -0.00425751879811, 0.00141008803621, -0.00138810055796, 0.000742613512557, 0.00138134765439, -0.00150222843513, -0.00136636348907, 0.0023446448613, -0.00651203515008, 0.0144796837121]]
    },
    "melbands": {
        "dmean": [0.00113449187484, 0.00165087042842, 0.00126634398475, 0.00097851047758, 0.000272020930424, 0.000145237136167, 0.000210866855923, 0.000204522060812, 0.000127120525576, 8.55528560351e-05, 3.72137583327e-05, 3.59833502444e-05, 2.30816585827e-05, 2.85352343781e-05, 2.2612977773e-05, 4.09779531765e-05, 4.29216197517e-05, 4.46463600383e-05, 2.65337148448e-05, 1.72501968336e-05, 1.28662195493e-05, 1.28877745738e-05, 1.18596708489e-05, 1.18965253932e-05, 9.51307629293e-06, 8.45133854455e-06, 5.45790680917e-06, 3.15992201649e-06, 2.97103520097e-06, 2.94014421343e-06, 2.78404763776e-06, 2.78385141428e-06, 1.96497921934e-06, 1.62539959092e-06, 1.63453603363e-06, 1.49532718297e-06, 1.05064339095e-06, 1.07945140826e-06, 1.22817789361e-06, 9.70789756138e-07],
        "dmean2": [0.00166911899578, 0.00258383573964, 0.00193475955166, 0.00139983335976, 0.000416868570028, 0.000235567073105, 0.000325346802128, 0.000317698315484, 0.000196142282221, 0.000127234437969, 5.75769263378e-05, 4.84105294163e-05, 3.4784887248e-05, 4.32701344835e-05, 3.58315155609e-05, 5.61581582588e-05, 6.19569109404e-05, 6.74267939758e-05, 4.02557889174e-05, 2.68314597633e-05, 2.03172476176e-05, 2.04419029615e-05, 1.972341488e-05, 2.04137922992e-05, 1.57240847329e-05, 1.44721843753e-05, 9.44084149523e-06, 5.04545141666e-06, 4.74747821499e-06, 4.45614887212e-06, 4.39663062934e-06, 4.30750014857e-06, 2.95647828352e-06, 2.35346033151e-06, 2.31162516684e-06, 2.1116870812e-06, 1.56041073751e-06, 1.52103746132e-06, 1.7668022565e-06, 1.47283151364e-06],
        "dvar": [5.3824828683e-06, 1.97998870135e-05, 8.40005850478e-06, 7.35754429115e-06, 3.18129565358e-07, 6.54111929066e-08, 1.11155145532e-07, 1.21994546021e-07, 8.85826096919e-08, 2.99465554576e-08, 4.46133263665e-09, 1.06949276102e-08, 1.79848613779e-09, 3.72500230661e-09, 2.74053157945e-09, 1.24714345517e-08, 8.95153551284e-09, 1.03614050673e-08, 3.4893548051e-09, 1.1192087257e-09, 9.03805363883e-10, 7.88321408152e-10, 4.38933139835e-10, 7.94910248736e-10, 3.56062929141e-10, 3.64695135202e-10, 1.51769624646e-10, 3.72833014461e-11, 4.3619812623e-11, 3.27626814567e-11, 2.89216359195e-11, 3.68117029914e-11, 1.16852326426e-11, 6.82441906805e-12, 1.18018494283e-11, 7.08355292825e-12, 3.23512484163e-12, 6.08084632994e-12, 8.6087768858e-12, 5.64236504741e-12],
        "dvar2": [1.25063206724e-05, 4.75326232845e-05, 2.0213152311e-05, 1.45965259435e-05, 6.7511848556e-07, 1.57902164233e-07, 2.54946996847e-07, 2.8378923389e-07, 1.89601777834e-07, 7.05508043097e-08, 1.05876782897e-08, 1.48132652811e-08, 3.57999718759e-09, 8.17298939637e-09, 6.05343553062e-09, 2.24954384009e-08, 1.79501729036e-08, 2.02447338893e-08, 7.41872874244e-09, 2.50951659453e-09, 2.1160002639e-09, 1.81185033643e-09, 1.18482523792e-09, 2.24874563415e-09, 9.30161225821e-10, 1.01863706359e-09, 4.19644347049e-10, 8.76578948317e-11, 1.05444070142e-10, 7.25898299803e-11, 7.14190304119e-11, 9.34580954293e-11, 2.69570529093e-11, 1.36050190211e-11, 2.39198452712e-11, 1.29079446784e-11, 6.54510907278e-12, 1.20514648608e-11, 1.82098468249e-11, 1.27858288193e-11],
        "max": [0.0257107205689, 0.0467352122068, 0.023823171854, 0.0278656389564, 0.00578455301002, 0.00286317570135, 0.00325092044659, 0.00419199932367, 0.00383121496998, 0.00236876611598, 0.00082814792404, 0.00249154609628, 0.000847853079904, 0.000917972822208, 0.000908132933546, 0.00277615641244, 0.00163061905187, 0.00137054757215, 0.00113694462925, 0.000541005108971, 0.00059805996716, 0.000647779321298, 0.000207134115044, 0.000251126999501, 0.000131488675834, 0.000153691420564, 0.000102239537227, 5.64671317989e-05, 8.4351580881e-05, 4.81492497784e-05, 4.03590420319e-05, 6.32800438325e-05, 2.94643905363e-05, 4.35864021711e-05, 8.74020188348e-05, 4.64422009827e-05, 2.21858008445e-05, 3.87859981856e-05, 4.02240839321e-05, 3.10417490255e-05],
        "mean": [0.00263900519349, 0.0019344468601, 0.00136469525751, 0.00121058826335, 0.000424541707616, 0.000202254261239, 0.00032509941957, 0.000316547491821, 0.000193918473087, 0.000119238386105, 5.75711565034e-05, 5.43963942619e-05, 3.73518487322e-05, 4.17448936787e-05, 3.553091301e-05, 6.93383990438e-05, 7.69945254433e-05, 6.54145915178e-05, 3.52340102836e-05, 2.28767494264e-05, 1.67692724062e-05, 1.71807914739e-05, 1.46981974467e-05, 1.17728222904e-05, 9.37983259064e-06, 7.51388961362e-06, 4.84174870508e-06, 3.25738528772e-06, 2.96697771773e-06, 2.80970334643e-06, 2.67871996584e-06, 2.91490641757e-06, 2.34554568124e-06, 2.07025095733e-06, 1.99105716092e-06, 1.8858936528e-06, 1.40241229474e-06, 1.25121812289e-06, 1.28251326714e-06, 9.84200369203e-07],
        "median": [0.000321871368214, 0.000300453568343, 0.000110591186967, 0.000234609397012, 0.0001273258531, 7.72537605371e-05, 0.000136268965434, 0.000107077365101, 3.50990885636e-05, 2.98385748465e-05, 1.7662285245e-05, 1.50921732711e-05, 1.12036414066e-05, 1.24036114357e-05, 9.15446798899e-06, 1.19609849207e-05, 1.16522151075e-05, 1.01381092463e-05, 6.73811427987e-06, 6.41679434921e-06, 4.5936776587e-06, 5.20112735103e-06, 6.01450119575e-06, 3.87352611142e-06, 2.45995192927e-06, 1.80550512141e-06, 1.03275203855e-06, 5.32428430233e-07, 2.17199982444e-07, 2.07367179428e-07, 3.30255858216e-07, 5.6744727317e-07, 6.4068882466e-07, 6.0487667497e-07, 5.49846731701e-07, 6.2878098106e-07, 5.65468667446e-07, 2.4812322863e-07, 1.45187740941e-07, 1.70914887576e-07],
        "min": [7.18225763308e-08, 1.14112744143e-07, 2.52819518209e-07, 2.06022582461e-06, 1.27110092762e-06, 4.49934134394e-07, 8.92441221367e-07, 6.1481495095e-07, 2.5413135063e-07, 3.25207565766e-07, 3.14163145276e-07, 1.20984793739e-07, 7.46247508232e-08, 1.64308460171e-07, 6.71495570259e-08, 5.53893677591e-08, 8.58156141703e-08, 9.24080296727e-08, 2.98966646994e-08, 3.39250370018e-08, 3.79980207299e-08, 2.97725719633e-08, 3.63801007097e-08, 2.41100011067e-08, 1.25456365296e-08, 8.77977868186e-09, 8.56258886017e-09, 4.93204255214e-10, 1.44440237548e-10, 1.06388675647e-10, 3.08410053051e-09, 3.18208637218e-09, 5.82428771878e-09, 5.23136733932e-09, 3.90357079993e-09, 1.05016928487e-09, 9.35495347854e-10, 3.79691306174e-10, 1.2898110531e-11, 3.39495202784e-11],
