{
"highlevel": {
    "danceability": {
        "all": {
            "danceable": 0.140339493752,
            "not_danceable": 0.859660506248
        },
        "probability": 0.859660506248,
        "value": "not_danceable"
    },
    "gender": {
        "all": {
            "female": 0.756518781185,
            "male": 0.243481233716
        },
        "probability": 0.756518781185,
        "value": "female"
    },
    "genre_dortmund": {
        "all": {
            "alternative": 0.213989987969,
            "blues": 0.18373003602,
            "electronic": 0.0118013378233,
            "folkcountry": 0.161966890097,
            "funksoulrnb": 0.00847919005901,
            "jazz": 0.0447624213994,
            "pop": 0.0423212461174,
            "raphiphop": 0.00233212648891,
            "rock": 0.330616772175
        },
        "probability": 0.330616772175,
        "value": "rock"
    },
    "genre_electronic": {
        "all": {
            "ambient": 0.604658842087,
            "dnb": 0.108405411243,
            "house": 0.11818562448,
            "techno": 0.00825064443052,
            "trance": 0.160499468446
        },
        "probability": 0.604658842087,
        "value": "ambient"
    },
    "genre_rosamerica": {
        "all": {
            "cla": 0.0378420688212,
            "dan": 0.0158582665026,
            "hip": 0.0056560318917,
            "jaz": 0.0382954999804,
            "pop": 0.157806023955,
            "rhy": 0.0242080017924,
            "roc": 0.715117871761,
            "spe": 0.00521625764668
        },
        "probability": 0.715117871761,
        "value": "roc"
    },
    "genre_tzanetakis": {
        "all": {
            "blu": 0.0626613423228,
            "cla": 0.0348169617355,
            "cou": 0.104475811124,
            "dis": 0.0784321576357,
            "hip": 0.15692435205,
            "jaz": 0.313974827528,
            "met": 0.0448166541755,
            "pop": 0.0627359300852,
            "reg": 0.0627360641956,
            "roc": 0.0784258767962
        },
        "probability": 0.313974827528,
        "value": "jaz"
    },
    "ismir04_rhythm": {
        "all": {
            "ChaChaCha": 0.157578185201,
            "Jive": 0.0698568746448,
            "Quickstep": 0.0562834739685,
            "Rumba-American": 0.030833683908,
            "Rumba-International": 0.133482158184,
            "Rumba-Misc": 0.012110109441,
            "Samba": 0.0326589345932,
            "Tango": 0.186496257782,
            "VienneseWaltz": 0.260048121214,
            "Waltz": 0.0606522299349
        },
        "probability": 0.260048121214,
        "value": "VienneseWaltz"
    },
    "mood_acoustic": {
        "all": {
            "acoustic": 0.0266135446727,
            "not_acoustic": 0.973386466503
        },
        "probability": 0.973386466503,
        "value": "not_acoustic"
    },
    "mood_aggressive": {
        "all": {
            "aggressive": 0.397771626711,
            "not_aggressive": 0.602228343487
        },
        "probability": 0.602228343487,
        "value": "not_aggressive"
    },
    "mood_electronic": {
        "all": {
            "electronic": 0.265510320663,
            "not_electronic": 0.734489679337
        },
        "probability": 0.734489679337,
        "value": "not_electronic"
    },
    "mood_happy": {
        "all": {
            "happy": 0.525696754456,
            "not_happy": 0.474303275347
        },
        "probability": 0.525696754456,
        "value": "happy"
    },
    "mood_party": {
        "all": {
            "not_party": 0.562637686729,
            "party": 0.437362283468
        },
        "probability": 0.562637686729,
        "value": "not_party"
    },
    "mood_relaxed": {
        "all": {
            "not_relaxed": 0.548310041428,
            "relaxed": 0.451689958572
        },
        "probability": 0.548310041428,
        "value": "not_relaxed"
    },
    "mood_sad": {
        "all": {
            "not_sad": 0.446449697018,
            "sad": 0.553550302982
        },
        "probability": 0.553550302982,
        "value": "sad"
    },
    "moods_mirex": {
        "all": {
            "Cluster1": 0.358880162239,
            "Cluster2": 0.149184048176,
            "Cluster3": 0.286819845438,
            "Cluster4": 0.138577207923,
            "Cluster5": 0.0665387362242
        },
        "probability": 0.358880162239,
        "value": "Cluster1"
    },
    "timbre": {
        "all": {
            "bright": 0.705036878586,
            "dark": 0.294963151217
        },
        "probability": 0.705036878586,
        "value": "bright"
    },
    "tonal_atonal": {
        "all": {
            "atonal": 0.0179605782032,
            "tonal": 0.982039391994
        },
        "probability": 0.982039391994,
        "value": "tonal"
    },
    "voice_instrumental": {
        "all": {
            "instrumental": 0.275294363499,
            "voice": 0.724705636501
        },
        "probability": 0.724705636501,
        "value": "voice"
    }
},
"lowlevel": {
    "average_loudness": 0.977582871914,
    "barkbands_crest": {
        "dmean": 1.64815628529,
        "dmean2": 2.62991118431,
        "dvar": 3.72899341583,
        "dvar2": 9.504737854,
        "max": 21.9695949554,
        "mean": 9.15350818634,
        "median": 8.4276266098,
        "min": 3.12718725204,
        "var": 13.3304510117
    },
    "barkbands_flatness_db": {
        "dmean": 0.0143008232117,
        "dmean2": 0.0227566156536,
        "dvar": 0.000191699567949,
        "dvar2": 0.000478470348753,
        "max": 0.27588275075,
        "mean": 0.15487395227,
        "median": 0.153736412525,
        "min": 0.0759659335017,
        "var": 0.00096216390375
    },
    "barkbands_kurtosis": {
        "dmean": 0.966471374035,
        "dmean2": 1.48615002632,
        "dvar": 2.51666927338,
        "dvar2": 5.83528518677,
        "max": 21.0185909271,
        "mean": 0.948062539101,
        "median": -0.117732048035,
        "min": -1.78609192371,
        "var": 10.1575803757
    },
    "barkbands_skewness": {
        "dmean": 0.316243439913,
        "dmean2": 0.484214216471,
        "dvar": 0.142600238323,
        "dvar2": 0.335306406021,
        "max": 4.07013130188,
        "mean": 0.970903754234,
        "median": 0.813288390636,
        "min": -1.21192169189,
        "var": 0.778020679951
    },
    "barkbands_spread": {
        "dmean": 3.51568818092,
        "dmean2": 5.53461933136,
        "dvar": 16.6256732941,
        "dvar2": 42.2060432434,
        "max": 71.549407959,
        "mean": 26.0527839661,
        "median": 26.0915908813,
        "min": 5.19176006317,
        "var": 87.9249954224
    },
    "dissonance": {
        "dmean": 0.0141221024096,
        "dmean2": 0.0237903781235,
        "dvar": 0.000181525028893,
        "dvar2": 0.000485087075504,
        "max": 0.499952733517,
        "mean": 0.467600047588,
        "median": 0.471532553434,
        "min": 0.337329983711,
        "var": 0.000431796972407
    },
    "dynamic_complexity": 1.93330550194,
    "erbbands_crest": {
        "dmean": 1.95007681847,
        "dmean2": 3.08965158463,
        "dvar": 3.86978197098,
        "dvar2": 8.83430671692,
        "max": 24.4849662781,
        "mean": 8.72304439545,
        "median": 7.84595966339,
        "min": 2.45925736427,
        "var": 14.8599233627
    },
    "erbbands_flatness_db": {
        "dmean": 0.013661980629,
        "dmean2": 0.0193891227245,
        "dvar": 0.000219819325139,
        "dvar2": 0.000444614997832,
        "max": 0.291219860315,
        "mean": 0.186126127839,
        "median": 0.18755479157,
        "min": 0.0505445115268,
        "var": 0.00161106861196
    },
    "erbbands_kurtosis": {
        "dmean": 0.594939172268,
        "dmean2": 0.952198386192,
        "dvar": 0.78056114912,
        "dvar2": 2.27461433411,
        "max": 13.4799404144,
        "mean": 0.354961663485,
        "median": -0.0152127742767,
        "min": -1.66927325726,
        "var": 2.3300640583
    },
    "erbbands_skewness": {
        "dmean": 0.250521153212,
        "dmean2": 0.394551664591,
        "dvar": 0.0522713325918,
        "dvar2": 0.132572859526,
        "max": 2.3664431572,
        "mean": -0.214729964733,
        "median": -0.193520888686,
        "min": -3.03191328049,
        "var": 0.425492137671
    },
    "erbbands_spread": {
        "dmean": 4.96817541122,
        "dmean2": 7.44060516357,
        "dvar": 37.7015609741,
        "dvar2": 75.277961731,
        "max": 118.078575134,
        "mean": 31.9170646667,
        "median": 27.2810115814,
        "min": 8.2033700943,
        "var": 252.698379517
    },
    "hfc": {
        "dmean": 4.78815698624,
        "dmean2": 7.35283279419,
        "dvar": 44.1517868042,
        "dvar2": 106.561203003,
        "max": 112.844146729,
        "mean": 25.959810257,
        "median": 24.8057346344,
        "min": 1.02968680859,
        "var": 240.284927368
    },
    "melbands_crest": {
        "dmean": 2.04868459702,
        "dmean2": 3.28960061073,
        "dvar": 5.49304485321,
        "dvar2": 13.4869842529,
        "max": 29.7268657684,
        "mean": 14.8766841888,
        "median": 14.2988300323,
        "min": 3.57587313652,
        "var": 19.5694351196
    },
    "melbands_flatness_db": {
        "dmean": 0.0164832565933,
        "dmean2": 0.0252483338118,
        "dvar": 0.000375561387045,
        "dvar2": 0.000909808732104,
        "max": 0.330811172724,
        "mean": 0.197966188192,
        "median": 0.197515025735,
        "min": 0.0524065159261,
        "var": 0.00192646821961
    },
    "melbands_kurtosis": {
        "dmean": 2.87224459648,
        "dmean2": 4.39825582504,
        "dvar": 26.5099105835,
        "dvar2": 58.6916465759,
        "max": 89.9422836304,
        "mean": 6.52604484558,
        "median": 2.75892019272,
        "min": -1.78328430653,
        "var": 100.848617554
    },
    "melbands_skewness": {
        "dmean": 0.436456024647,
        "dmean2": 0.659369647503,
        "dvar": 0.330597102642,
        "dvar2": 0.739813864231,
        "max": 8.58800029755,
        "mean": 2.04518318176,
        "median": 1.70170652866,
        "min": -0.198936656117,
        "var": 1.54169416428
    },
    "melbands_spread": {
        "dmean": 5.32587003708,
        "dmean2": 8.47213935852,
        "dvar": 43.9152832031,
        "dvar2": 107.03250885,
        "max": 88.2476043701,
        "mean": 30.1042366028,
        "median": 28.4651184082,
        "min": 4.81617832184,
        "var": 233.078384399
    },
    "pitch_salience": {
        "dmean": 0.0499946735799,
        "dmean2": 0.0807772427797,
        "dvar": 0.00286626955494,
        "dvar2": 0.00760630844161,
        "max": 0.791498720646,
        "mean": 0.503633260727,
        "median": 0.505722224712,
        "min": 0.2095015347,
        "var": 0.00759620312601
    },
    "silence_rate_20dB": {
        "dmean": 0,
        "dmean2": 0,
        "dvar": 0,
        "dvar2": 0,
        "max": 1,
        "mean": 1,
        "median": 1,
        "min": 1,
        "var": 0
    },
    "silence_rate_30dB": {
        "dmean": 0,
        "dmean2": 0,
        "dvar": 0,
        "dvar2": 0,
        "max": 1,
        "mean": 1,
        "median": 1,
        "min": 1,
        "var": 0
    },
    "silence_rate_60dB": {
        "dmean": 0.0030959751457,
        "dmean2": 0.00619674660265,
        "dvar": 0.00308634387329,
        "dvar2": 0.00770729454234,
        "max": 1,
        "mean": 0.00464037107304,
        "median": 0,
        "min": 0,
        "var": 0.00461876625195
    },
    "spectral_centroid": {
        "dmean": 171.214935303,
        "dmean2": 266.732849121,
        "dvar": 38552.6796875,
        "dvar2": 102767.453125,
        "max": 3002.48022461,
        "mean": 1547.44958496,
        "median": 1563.09301758,
        "min": 390.638000488,
        "var": 224089.609375
    },
    "spectral_complexity": {
        "dmean": 3.228328228,
        "dmean2": 4.99457788467,
        "dvar": 10.0229558945,
        "dvar2": 19.0944595337,
        "max": 57,
        "mean": 23.9744777679,
        "median": 23,
        "min": 5,
        "var": 82.0620803833
    },
    "spectral_decrease": {
        "dmean": 1.43061784641e-09,
        "dmean2": 2.25268070864e-09,
        "dvar": 4.83153507455e-18,
        "dvar2": 1.17363586498e-17,
        "max": -2.26944921189e-10,
        "mean": -7.64387841912e-09,
        "median": -7.58702345394e-09,
        "min": -2.52879068796e-08,
        "var": 9.87401195865e-18
    },
    "spectral_energy": {
        "dmean": 0.00568839162588,
        "dmean2": 0.00891046132892,
        "dvar": 7.24452693248e-05,
        "dvar2": 0.000174479253474,
        "max": 0.0993274375796,
        "mean": 0.0312043949962,
        "median": 0.0310156419873,
        "min": 0.000949937908445,
        "var": 0.000164898490766
    },
    "spectral_energyband_high": {
        "dmean": 0.000217619977775,
        "dmean2": 0.000350048328983,
        "dvar": 2.16806100184e-07,
        "dvar2": 5.88637760757e-07,
        "max": 0.00731969857588,
        "mean": 0.000551712233573,
        "median": 0.000378625176381,
        "min": 5.60551870876e-06,
        "var": 3.63204009091e-07
    },
    "spectral_energyband_low": {
        "dmean": 0.0037237117067,
        "dmean2": 0.00615106942132,
        "dvar": 6.18098129053e-05,
        "dvar2": 0.000153090499225,
        "max": 0.0750277042389,
        "mean": 0.01203938853,
        "median": 0.0110940355808,
        "min": 1.62113210536e-05,
        "var": 6.73775139148e-05
    },
    "spectral_energyband_middle_high": {
        "dmean": 0.00221472489648,
        "dmean2": 0.00334246829152,
        "dvar": 8.44010446599e-06,
        "dvar2": 1.86339530046e-05,
        "max": 0.0408777594566,
        "mean": 0.0103265075013,
        "median": 0.00993587914854,
        "min": 0.00026572853676,
        "var": 5.56495979254e-05
    },
    "spectral_energyband_middle_low": {
        "dmean": 0.00246142456308,
        "dmean2": 0.00384268956259,
        "dvar": 1.15599559649e-05,
        "dvar2": 2.87589064101e-05,
        "max": 0.0390653833747,
        "mean": 0.00920357368886,
        "median": 0.00796943437308,
        "min": 0.000463156669866,
        "var": 3.49810361513e-05
    },
    "spectral_entropy": {
        "dmean": 0.105879284441,
        "dmean2": 0.161512091756,
        "dvar": 0.0141016673297,
        "dvar2": 0.0300247706473,
        "max": 8.52681255341,
        "mean": 7.45844459534,
        "median": 7.42816495895,
        "min": 6.67750787735,
        "var": 0.0815074518323
    },
    "spectral_flux": {
        "dmean": 0.0188008658588,
        "dmean2": 0.0291637089103,
        "dvar": 0.000547650502995,
        "dvar2": 0.00120596156921,
        "max": 0.264017909765,
        "mean": 0.0712253078818,
        "median": 0.0631998628378,
        "min": 0.0123360324651,
        "var": 0.00135944411159
    },
    "spectral_kurtosis": {
        "dmean": 2.14282822609,
        "dmean2": 3.75916457176,
        "dvar": 3.6646194458,
        "dvar2": 11.5696792603,
        "max": 16.7907714844,
        "mean": 4.68527507782,
        "median": 4.226790905,
        "min": -0.475001096725,
        "var": 6.65695905685
    },
    "spectral_rms": {
        "dmean": 0.000482519477373,
        "dmean2": 0.000746150268242,
        "dvar": 4.39182286982e-07,
        "dvar2": 1.01246791928e-06,
        "max": 0.00984402466565,
        "mean": 0.00538742588833,
        "median": 0.00550083303824,
        "min": 0.00096268823836,
        "var": 1.41892166994e-06
    },
    "spectral_rolloff": {
        "dmean": 288.997619629,
        "dmean2": 490.776763916,
        "dvar": 239418.296875,
        "dvar2": 584285.375,
        "max": 8247.21679688,
        "mean": 1548.70922852,
        "median": 1593.45703125,
        "min": 107.666015625,
        "var": 717491.5
    },
    "spectral_skewness": {
        "dmean": 0.24349822104,
        "dmean2": 0.421261012554,
        "dvar": 0.0420110300183,
        "dvar2": 0.121962331235,
        "max": 2.87837171555,
        "mean": 1.32414603233,
        "median": 1.25724077225,
        "min": 0.409847527742,
        "var": 0.166513666511
    },
    "spectral_spread": {
        "dmean": 347062.78125,
        "dmean2": 526641.6875,
        "dvar": 238379794432,
        "dvar2": 506100744192,
        "max": 11421966,
        "mean": 3368760.5,
        "median": 3039678.5,
        "min": 1852496.75,
        "var": 1.52096944947e+12
    },
    "spectral_strongpeak": {
        "dmean": 0.549615085125,
        "dmean2": 0.995377480984,
        "dvar": 2.35782837868,
        "dvar2": 6.61486148834,
        "max": 14.3469934464,
        "mean": 1.09570074081,
        "median": 0.480787009001,
        "min": 0.0563428588212,
        "var": 3.42501926422
    },
    "zerocrossingrate": {
        "dmean": 0.00565416086465,
        "dmean2": 0.00685863057151,
        "dvar": 3.74821211153e-05,
        "dvar2": 3.97303374484e-05,
        "max": 0.21240234375,
        "mean": 0.0552630163729,
        "median": 0.0546875,
        "min": 0.01318359375,
        "var": 0.00039963319432
    },
    "barkbands": {
        "dmean": [0.000125845675939, 0.00185186706949, 0.00191395473666, 0.000705281912815, 0.00077096442692, 0.00073355139466, 0.000647853245027, 0.000545819464605, 0.000503309594933, 0.000726119731553, 0.000415965740103, 0.000593747128733, 0.000405851518735, 0.000419461779529, 0.00063695415156, 0.000456800858956, 0.000729293096811, 0.000222061877139, 0.000242476191488, 0.000146130187204, 9.82443380053e-05, 3.90149616578e-05, 2.4582421247e-05, 2.07433404285e-05, 1.36991320687e-05, 2.92420691039e-06, 2.14202233728e-09],
        "dmean2": [0.000198385605472, 0.00300444662571, 0.00315045681782, 0.00125359196682, 0.00120870710816, 0.0011255138088, 0.00099416996818, 0.000806127907708, 0.000742696924135, 0.0010554692708, 0.000630724942312, 0.000905829772819, 0.000639758014586, 0.000626360240858, 0.000992481480353, 0.000695430091582, 0.00120276282541, 0.000345577864209, 0.000379063043511, 0.000232198188314, 0.000165284247487, 6.25427855994e-05, 3.9640628529e-05, 3.1589588616e-05, 2.08295423363e-05, 4.61112404082e-06, 3.35817840202e-09],
        "dvar": [2.78860568415e-07, 3.02047956211e-05, 1.65020246641e-05, 3.15238571602e-06, 1.26245618048e-06, 1.36216692681e-06, 1.23658719531e-06, 6.72533303714e-07, 1.52645100115e-06, 1.70417581558e-06, 6.26082453437e-07, 1.13182147743e-06, 3.29753220285e-07, 1.06889467588e-06, 8.53607616591e-07, 7.37679783924e-07, 3.28806254402e-06, 1.20339322507e-07, 1.2010626449e-07, 5.83508530383e-08, 6.81016771864e-08, 7.22208426396e-09, 3.60066620964e-09, 2.28297469818e-09, 9.11218156485e-10, 1.21175167123e-10, 5.10428195004e-16],
        "dvar2": [5.79230231779e-07, 7.33757624403e-05, 4.23458659498e-05, 9.02207193576e-06, 3.34785045197e-06, 3.3425762922e-06, 3.55196789315e-06, 1.43600152569e-06, 2.97101473734e-06, 3.35536765306e-06, 1.3024658756e-06, 2.55825102613e-06, 7.76090985255e-07, 2.10138637158e-06, 1.93601317733e-06, 1.56654539296e-06, 1.0342607311e-05, 2.5848930818e-07, 2.99194823583e-07, 1.50637234242e-07, 1.965078269e-07, 1.82697004192e-08, 8.98110918968e-09, 5.2815631868e-09, 2.08232520116e-09, 2.38295438937e-10, 5.1619950693e-16],
        "max": [0.00636312179267, 0.0561796203256, 0.0593563914299, 0.0178183205426, 0.0197122003883, 0.0168674457818, 0.0144733209163, 0.0136271771044, 0.025385113433, 0.0241850819439, 0.0136744715273, 0.0218310989439, 0.00739817880094, 0.0218112282455, 0.0124334916472, 0.0201983656734, 0.0273584891111, 0.00580616667867, 0.00418880069628, 0.00463422201574, 0.00428033759817, 0.00104712788016, 0.000811829289887, 0.000868660921697, 0.00055397656979, 0.000368335808162, 7.98424196091e-07],
        "mean": [0.00012764816347, 0.00478402199224, 0.00649312138557, 0.000950081448536, 0.00187058758456, 0.00219387118705, 0.00138948601671, 0.0011867772555, 0.000998316099867, 0.00195850804448, 0.000822761503514, 0.00111949106213, 0.000841360073537, 0.000863636378199, 0.00145904347301, 0.000985543010756, 0.00137690035626, 0.0005228248192, 0.00055023987079, 0.000319847807987, 0.000199632428121, 7.54943612264e-05, 4.07544757763e-05, 4.15197137045e-05, 2.81304110104e-05, 4.80609924125e-06, 1.88438931126e-09],
        "median": [9.26305528992e-06, 0.00321902474388, 0.00572334369645, 0.000490475678816, 0.00122533272952, 0.00115282111801, 0.000813736871351, 0.000586236827075, 0.00039560222649, 0.000588997267187, 0.000356589560397, 0.000530251825694, 0.000449517800007, 0.000358846009476, 0.000783601251896, 0.000455238448922, 0.000590744020883, 0.000307315785903, 0.000348002737155, 0.000208330398891, 0.000130209853523, 2.62961457338e-05, 9.5442037491e-06, 1.03231514004e-05, 6.90427305017e-06, 1.04227160591e-06, 5.44811695757e-10],
        "min": [2.75297065144e-08, 3.71906025975e-07, 1.07402649974e-06, 9.53289656991e-07, 1.82171479537e-05, 3.94031085307e-05, 8.51975710248e-06, 5.23601738678e-06, 4.4591565711e-06, 6.8583221946e-06, 7.57099496695e-06, 4.90467846248e-06, 7.83728773968e-06, 6.40363759885e-06, 1.10622540888e-05, 4.2302053771e-06, 9.37902586884e-06, 7.06740638634e-06, 5.65310892853e-06, 3.40895530826e-06, 1.70393127519e-06, 4.32126711303e-07, 2.21883311724e-07, 2.89134627351e-09, 6.35621000278e-11, 1.42549192936e-11, 1.33751204556e-11],
        "var": [3.25664984757e-07, 3.47763125319e-05, 2.96756024909e-05, 2.68876783593e-06, 3.99819009544e-06, 7.50720755605e-06, 2.80633025795e-06, 2.58833142652e-06, 3.60164949598e-06, 1.20398972285e-05, 1.88438195892e-06, 3.11639087158e-06, 1.04356502106e-06, 3.02593002743e-06, 3.02140711028e-06, 3.32783383783e-06, 5.63219009564e-06, 3.96874611397e-07, 3.59486676871e-07, 1.15840009585e-07, 7.0524272644e-08, 1.409271011e-08, 5.95909277479e-09, 6.2441452009e-09, 3.36148175961e-09, 3.72749303645e-10, 5.10103146111e-16]
    },
    "erbbands": {
        "dmean": [0.050045479089, 0.455072313547, 1.84373414516, 2.63443899155, 1.50898098946, 3.32495617867, 5.07087945938, 6.39701271057, 7.25537014008, 9.01332378387, 13.6755313873, 11.969078064, 16.312828064, 22.1676330566, 16.6428165436, 25.4663314819, 16.5940380096, 21.5786647797, 28.3605880737, 21.5231513977, 35.4690208435, 24.96875, 9.70786190033, 14.9190206528, 8.8080997467, 6.60252332687, 5.59015989304, 2.69913816452, 1.39676249027, 0.875778317451, 0.707793533802, 0.490780562162, 0.32658675313, 0.211331918836, 0.0726392120123, 0.0184613727033, 0.0051394822076, 0.000557382474653, 1.19380329124e-05, 6.87362398821e-06],
        "dmean2": [0.0768475085497, 0.772090673447, 3.05983233452, 4.53549575806, 2.58130669594, 5.24048519135, 7.66075706482, 9.8731174469, 10.99426651, 14.0018892288, 20.3864746094, 17.1128673553, 24.9677886963, 32.1958999634, 23.8214054108, 39.1776580811, 26.5661029816, 32.3448753357, 43.1055984497, 33.4376831055, 57.3312225342, 40.2256088257, 15.2723350525, 22.6873188019, 14.2462015152, 10.4194850922, 9.26079082489, 4.53700637817, 2.26830244064, 1.41782736778, 1.12984967232, 0.762879192829, 0.512492060661, 0.3227429986, 0.113073773682, 0.0289818011224, 0.00791411753744, 0.000888149079401, 1.83074607776e-05, 1.06363277155e-05],
        "dvar": [0.0305754952133, 1.72041666508, 13.5802326202, 42.821647644, 7.45171976089, 32.5028152466, 59.8180885315, 149.918945312, 142.984909058, 243.288101196, 420.076812744, 751.540222168, 1651.88232422, 1181.82250977, 1564.31689453, 1911.83374023, 533.397216797, 2574.50415039, 1913.67932129, 1039.50732422, 6365.15185547, 2794.03027344, 180.979141235, 544.122680664, 170.544021606, 120.472061157, 167.425704956, 44.9502716064, 10.1755094528, 5.50274085999, 3.09624576569, 1.5669387579, 0.494895964861, 0.237294599414, 0.0270720627159, 0.00210646237247, 0.000709807150997, 9.36097694648e-06, 2.53589615973e-09, 9.77365688382e-11],
        "dvar2": [0.0612687058747, 4.60495376587, 35.0974235535, 120.687225342, 20.2591762543, 92.2054901123, 140.437255859, 353.430786133, 382.428741455, 662.34185791, 950.769348145, 1318.83105469, 3176.05712891, 2439.34960938, 2886.11938477, 4716.50195312, 1288.08605957, 5045.61669922, 4084.75488281, 2496.52050781, 17923.7011719, 8038.8984375, 460.048614502, 1158.43286133, 421.584960938, 298.056243896, 477.15234375, 124.08681488, 26.5014133453, 14.3362798691, 7.73996734619, 3.75915932655, 1.17838692665, 0.565933704376, 0.0577806010842, 0.00458259088919, 0.00134257914033, 2.26049105549e-05, 5.94991078628e-09, 2.31892130498e-10],
        "max": [1.92107534409, 14.3457746506, 47.8512001038, 76.1718902588, 28.7696533203, 112.957466125, 167.951782227, 175.013534546, 147.83291626, 256.228302002, 283.152893066, 580.059875488, 1016.05847168, 624.708068848, 811.887145996, 774.82623291, 309.142578125, 1104.76538086, 623.85760498, 443.58782959, 1376.33239746, 842.95324707, 195.999832153, 342.228515625, 175.965148926, 221.66255188, 196.788742065, 112.176002502, 40.2863731384, 40.003364563, 26.9277133942, 24.1600914001, 12.6752939224, 9.20394611359, 2.70878243446, 1.07066166401, 0.969755291939, 0.106256738305, 0.00177281908691, 0.000115034010378],
        "mean": [0.0811005681753, 1.33893895149, 6.80630064011, 5.49895095825, 2.80959892273, 7.52043914795, 13.7215776443, 18.8538665771, 18.1818981171, 21.8279838562, 27.8948879242, 25.3022708893, 42.2916145325, 59.1820907593, 39.8365859985, 49.468460083, 38.5498008728, 50.8782730103, 68.3695297241, 55.1987991333, 80.7961044312, 55.7192077637, 27.0523586273, 36.8804931641, 20.9693489075, 15.0565443039, 11.6601200104, 5.51161575317, 2.81198883057, 1.64155173302, 1.1395894289, 0.903147637844, 0.643878757954, 0.423471063375, 0.136353239417, 0.0288911219686, 0.00838448852301, 0.000841228233185, 3.42973398801e-05, 3.85199236916e-05],
        "median": [0.0310745853931, 0.93389248848, 6.52085494995, 3.77213430405, 1.86418795586, 4.4300327301, 6.9403924942, 8.34292125702, 10.3552074432, 11.4761562347, 16.824174881, 10.8666658401, 14.9918479919, 23.1862068176, 16.477602005, 25.7724304199, 24.3442878723, 24.1931056976, 38.5385017395, 34.576374054, 37.4316825867, 31.2293052673, 18.5820178986, 20.201833725, 14.1809606552, 10.4170408249, 8.01774024963, 3.00942611694, 1.04913449287, 0.444498181343, 0.271961152554, 0.230037271976, 0.147563129663, 0.0953494757414, 0.0344997569919, 0.00786436069757, 0.0013789794175, 9.34945710469e-05, 2.19906432903e-05, 3.79401353712e-05],
        "min": [9.54729694058e-06, 0.000250966259046, 0.00376127427444, 0.00587461702526, 0.114575490355, 0.0432068742812, 0.0490941628814, 0.223718926311, 0.417521357536, 0.381820112467, 0.316598802805, 0.221459761262, 0.284655898809, 0.432859688997, 0.4725869596, 0.349332720041, 0.525408625603, 0.435151904821, 0.669867157936, 0.507192909718, 0.746442139149, 0.535565674305, 0.351595520973, 0.371745824814, 0.42392551899, 0.178314611316, 0.131384521723, 0.0673269033432, 0.0259559135884, 0.00552817480639, 0.00300828390755, 0.000268650299404, 0.000196495122509, 5.16315922141e-05, 1.84036798601e-05, 5.11756479682e-06, 2.4490116175e-06, 4.24586261261e-07, 6.49660876206e-07, 1.18165269214e-06],
        "var": [0.0357433483005, 1.75358188152, 21.8260746002, 44.2959403992, 9.91622447968, 84.7036514282, 286.038238525, 710.295288086, 457.736114502, 994.389770508, 1062.15124512, 1990.82214355, 9832.69042969, 8084.03076172, 6830.36914062, 4446.63671875, 1822.65429688, 8367.56542969, 7178.45849609, 4284.42089844, 19126.1660156, 6149.09912109, 726.163635254, 2150.86767578, 481.71862793, 262.602630615, 192.242889404, 61.9538078308, 18.2740039825, 8.73145675659, 4.8403301239, 3.32676815987, 1.48152935505, 0.786090493202, 0.0905767828226, 0.00498742703348, 0.00211694464087, 2.46678609983e-05, 6.99421054406e-09, 2.51813070395e-10]
    },
    "gfcc": {
        "mean": [9.69777107239, 125.821434021, -150.182479858, 42.9744949341, -45.7416229248, 9.98510074615, -30.1808776855, 9.64479064941, -18.9299602509, 1.19524884224, -8.85885334015, -9.26060581207, -2.14497947693],
        "cov": [[1681.18945312, -714.298583984, -18.2941837311, -44.7918395996, -161.38269043, 194.916732788, -173.102035522, 139.769836426, -128.539550781, 82.143119812, -130.267700195, 53.6961479187, -115.235404968], [-714.298583984, 983.395874023, -423.488769531, 38.1147727966, 317.120147705, -266.295898438, 243.891357422, -237.54977417, 114.086601257, -180.017807007, 88.1786804199, -98.9600067139, 136.285202026], [-18.2941837311, -423.488769531, 779.555786133, -12.8624696732, -231.109634399, 179.018005371, -186.036834717, 181.68711853, -85.393157959, 146.854278564, -15.9385261536, 99.8848342896, -89.6351089478], [-44.7918395996, 38.1147727966, -12.8624696732, 270.532958984, 20.3207015991, -48.2506866455, 19.3568439484, -59.2237205505, 71.562713623, -62.0130233765, 26.7782363892, 11.9237833023, 13.9130878448], [-161.38269043, 317.120147705, -231.109634399, 20.3207015991, 308.511474609, -100.103912354, 109.482635498, -61.1057357788, 25.6907138824, -23.2645740509, 1.83339107037, -17.0883693695, 46.8099861145], [194.916732788, -266.295898438, 179.018005371, -48.2506866455, -100.103912354, 223.996932983, -27.6980667114, 65.5447921753, -45.2574005127, 52.8976593018, -27.339963913, 0.311857908964, -41.7546958923], [-173.102035522, 243.891357422, -186.036834717, 19.3568439484, 109.482635498, -27.6980667114, 160.256332397, -64.4840011597, 50.9791259766, -52.1380195618, 10.6933050156, -32.6309814453, 32.8477897644], [139.769836426, -237.54977417, 181.68711853, -59.2237205505, -61.1057357788, 65.5447921753, -64.4840011597, 166.193725586, -25.3112545013, 73.5791320801, -17.3577384949, 34.5384292603, -32.5275764465], [-128.539550781, 114.086601257, -85.393157959, 71.562713623, 25.6907138824, -45.2574005127, 50.9791259766, -25.3112545013, 107.772987366, -28.7570953369, 29.3805809021, -10.9056568146, 14.6053323746], [82.143119812, -180.017807007, 146.854278564, -62.0130233765, -23.2645740509, 52.8976593018, -52.1380195618, 73.5791320801, -28.7570953369, 125.435905457, 3.79365587234, 25.4677639008, -40.1563148499], [-130.267700195, 88.1786804199, -15.9385261536, 26.7782363892, 1.83339107037, -27.339963913, 10.6933050156, -17.3577384949, 29.3805809021, 3.79365587234, 93.4733123779, 9.62546062469, 21.5613155365], [53.6961479187, -98.9600067139, 99.8848342896, 11.9237833023, -17.0883693695, 0.311857908964, -32.6309814453, 34.5384292603, -10.9056568146, 25.4677639008, 9.62546062469, 92.014831543, 1.71430408955], [-115.235404968, 136.285202026, -89.6351089478, 13.9130878448, 46.8099861145, -41.7546958923, 32.8477897644, -32.5275764465, 14.6053323746, -40.1563148499, 21.5613155365, 1.71430408955, 90.2782745361]],
        "icov": [[0.00125184643548, 0.00016841343313, 0.0013018733589, -0.000633483636193, 0.000337571429554, -0.00099463458173, 0.00109908194281, -0.000698190764524, 0.000969453016296, -0.000372815673472, 0.00105075608008, -0.00107112317346, 0.000894094118848], [0.00016841343313, 0.00762637285516, -0.00309253577143, 0.00393718155101, -0.00467745168135, 0.00511856656522, -0.0048195971176, 0.00465420028195, -0.00234093517065, 0.00645986106247, -0.00511641427875, 0.00512246508151, -0.00237515149638], [0.0013018733589, -0.00309253577143, 0.00572951603681, -0.00340379122645, 0.00339367147535, -0.00430259760469, 0.00426119659096, -0.0039727515541, 0.00306356418878, -0.00472238473594, 0.00328847044148, -0.00493786297739, 0.00252429372631], [-0.000633483636193, 0.00393718155101, -0.00340379122645, 0.0082842297852, -0.00362532748841, 0.00310352817178, -0.00183766556438, 0.00469086505473, -0.0057814787142, 0.00675056548789, -0.00394805055112, 0.0020051759202, -0.000891661911737], [0.000337571429554, -0.00467745168135, 0.00339367147535, -0.00362532748841, 0.00894568767399, -0.00140261021443, -0.000394381699152, -0.00319565343671, 0.00347796431743, -0.0072349361144, 0.00490314792842, -0.00381869566627, 0.000245870585786], [-0.00099463458173, 0.00511856656522, -0.00430259760469, 0.00310352817178, -0.00140261021443, 0.0116915972903, -0.00730773201212, 0.00268075289205, -0.000181165101822, 0.00298236287199, -0.00328514375724, 0.00598914548755, -0.00196057674475], [0.00109908194281, -0.0048195971176, 0.00426119659096, -0.00183766556438, -0.000394381699152, -0.00730773201212, 0.0170337539166, -0.00188147800509, -0.00256433081813, -0.0016234961804, 0.00369954458438, -0.00379315181635, 0.00202281214297], [-0.000698190764524, 0.00465420028195, -0.0039727515541, 0.00469086505473, -0.00319565343671, 0.00268075289205, -0.00188147800509, 0.0139845116064, -0.00455777300522, 0.00131879129913, -0.00204234197736, 0.00194786838256, -0.00218976521865], [0.000969453016296, -0.00234093517065, 0.00306356418878, -0.0057814787142, 0.00347796431743, -0.000181165101822, -0.00256433081813, -0.00455777300522, 0.0173173565418, -0.00321613391861, -0.000591259973589, -0.00124536885414, 0.0020404914394], [-0.000372815673472, 0.00645986106247, -0.00472238473594, 0.00675056548789, -0.0072349361144, 0.00298236287199, -0.0016234961804, 0.00131879129913, -0.00321613391861, 0.0219567436725, -0.00872531719506, 0.00339899561368, 0.00254590041004], [0.00105075608008, -0.00511641427875, 0.00328847044148, -0.00394805055112, 0.00490314792842, -0.00328514375724, 0.00369954458438, -0.00204234197736, -0.000591259973589, -0.00872531719506, 0.0182351302356, -0.00571319367737, -0.00123721011914], [-0.00107112317346, 0.00512246508151, -0.00493786297739, 0.0020051759202, -0.00381869566627, 0.00598914548755, -0.00379315181635, 0.00194786838256, -0.00124536885414, 0.00339899561368, -0.00571319367737, 0.0188945215195, -0.00476077152416], [0.000894094118848, -0.00237515149638, 0.00252429372631, -0.000891661911737, 0.000245870585786, -0.00196057674475, 0.00202281214297, -0.00218976521865, 0.0020404914394, 0.00254590041004, -0.00123721011914, -0.00476077152416, 0.0170763619244]]
    },
    "melbands": {
        "dmean": [0.000466906756628, 0.000828888325486, 0.000403916143114, 0.000156303460244, 0.000170238083228, 0.00013771817612, 0.000124090787722, 9.42195547395e-05, 0.000107769556053, 7.88869438111e-05, 8.3830942458e-05, 9.48253946262e-05, 5.10985228175e-05, 6.99426745996e-05, 4.07321858802e-05, 4.60360861325e-05, 4.41609045083e-05, 4.3751540943e-05, 4.47614911536e-05, 2.99835937767e-05, 5.29768039996e-05, 3.70377383661e-05, 1.26730847114e-05, 9.54210190685e-06, 1.36459066198e-05, 8.66391474119e-06, 5.32291005584e-06, 4.66397386845e-06, 4.24634981755e-06, 2.49599270319e-06, 1.4850622847e-06, 9.25952576836e-07, 6.43765304176e-07, 4.79030916267e-07, 4.74141842233e-07, 3.19121852499e-07, 3.29036026869e-07, 2.46368671242e-07, 2.41066771878e-07, 1.71420666106e-07],
        "dmean2": [0.0007401809562, 0.00139609992038, 0.000691046414431, 0.000251980382018, 0.000259518739767, 0.000212858867599, 0.000189105150639, 0.000144488440128, 0.000161396965268, 0.000114166236017, 0.000128083804157, 0.0001372066763, 7.58765236242e-05, 0.000105058657937, 6.35976830381e-05, 7.38301605452e-05, 6.59352226648e-05, 6.64419494569e-05, 7.06039136276e-05, 4.54338405689e-05, 8.83194225025e-05, 5.96615609538e-05, 2.0142257199e-05, 1.51955136971e-05, 2.09743539017e-05, 1.41331529449e-05, 8.42869394546e-06, 7.43522559787e-06, 6.88267800797e-06, 4.35181300418e-06, 2.46145646088e-06, 1.51453434682e-06, 1.07349353584e-06, 7.86339342085e-07, 7.74992599872e-07, 5.09381436586e-07, 5.19918501141e-07, 3.94308671048e-07, 3.76308037175e-07, 2.69229389005e-07],
        "dvar": [2.17027013605e-06, 2.88929618364e-06, 9.21876790017e-07, 6.24710310149e-08, 5.72356100292e-08, 6.16999145109e-08, 4.24745358885e-08, 2.43592914728e-08, 2.50955682901e-08, 3.72212802802e-08, 4.17005914244e-08, 2.40783855077e-08, 1.23915864236e-08, 1.71862435394e-08, 4.01575883657e-09, 4.77299666457e-09, 1.32543434006e-08, 4.49591919249e-09, 5.1470991913e-09, 1.83994985914e-09, 1.73778946788e-08, 7.25749949027e-09, 3.87045090422e-10, 1.84830512007e-10, 4.66976013414e-10, 1.88920726285e-10, 6.99229146806e-11, 6.46498063417e-11, 7.18031675784e-11, 5.67439151222e-11, 9.04167712923e-12, 3.72767572018e-12, 3.40441151832e-12, 1.45334688294e-12, 1.32307457091e-12, 6.05713450317e-13, 8.69388925e-13, 2.58815809496e-13, 3.11041367359e-13, 1.75765191247e-13],
        "dvar2": [4.76369950775e-06, 7.65330241848e-06, 2.57905298895e-06, 1.74174530798e-07, 1.34210708325e-07, 1.46318754446e-07, 1.17687562806e-07, 6.20018809627e-08, 5.66620137477e-08, 6.55048637555e-08, 8.11108904486e-08, 4.98853616193e-08, 2.41368400822e-08, 3.85147913562e-08, 1.01732551272e-08, 1.15000817758e-08, 2.59951367099e-08, 9.52168210944e-09, 1.22651453438e-08, 3.76083830744e-09, 5.18097884594e-08, 2.13146496009e-08, 9.81809522571e-10, 4.39121711215e-10, 1.00224473165e-09, 4.87903661917e-10, 1.83730836101e-10, 1.64571037353e-10, 1.97916280587e-10, 1.68075608986e-10, 2.34874637101e-11, 9.39944389683e-12, 9.39253189114e-12, 3.73264787135e-12, 3.29115467518e-12, 1.50248997272e-12, 2.12421811911e-12, 6.3386703655e-13, 7.51758952398e-13, 4.1170243755e-13],
        "max": [0.0137442257255, 0.017894603312, 0.0113004436716, 0.00411865208298, 0.00519776390865, 0.00359175144695, 0.00252167787403, 0.00278238719329, 0.00199092132971, 0.00383209250867, 0.00494286743924, 0.00305534992367, 0.00224207318388, 0.00317650311626, 0.000930053065531, 0.000901865772903, 0.00253415061161, 0.000871353258844, 0.0008023075643, 0.000813546299469, 0.00221089227125, 0.00133625429589, 0.000399376323912, 0.000182635572855, 0.000298941624351, 0.000209427889786, 0.00012073063408, 0.000167444668477, 0.000114739523269, 0.000120712335047, 4.57227943116e-05, 2.38597731368e-05, 2.63322835963e-05, 2.09264362638e-05, 1.80773076863e-05, 1.29539257614e-05, 2.05168144021e-05, 7.14313091521e-06, 1.19076930787e-05, 6.92478715791e-06],
        "mean": [0.00102808128577, 0.00302587286569, 0.000910697563086, 0.000331963150529, 0.000466876925202, 0.000415184505982, 0.000298344151815, 0.000237618776737, 0.000210998827242, 0.000162490658113, 0.000213247301872, 0.000246753188549, 0.000110901426524, 0.000139030948048, 8.62962187966e-05, 9.31680697249e-05, 9.40607933444e-05, 9.80151744443e-05, 9.98284594971e-05, 6.31668663118e-05, 0.000108540130896, 7.18274750398e-05, 2.72539273283e-05, 2.2805406843e-05, 3.12742449751e-05, 1.74435026565e-05, 1.142543897e-05, 9.46669479163e-06, 8.26860286907e-06, 4.5430551836e-06, 2.76904006569e-06, 1.68572262282e-06, 1.13592807338e-06, 8.15056694137e-07, 7.01714213847e-07, 5.15625686148e-07, 5.73160150452e-07, 4.34070415167e-07, 4.61108584204e-07, 3.18166144098e-07],
        "median": [0.00059909367701, 0.00294107710943, 0.000656601565424, 0.000198784880922, 0.000265266717179, 0.000194919892238, 0.000174761298695, 0.000126534912852, 0.000127509891172, 5.83743421885e-05, 7.07971703378e-05, 8.0108664406e-05, 4.3585390813e-05, 6.71214147587e-05, 4.89309168188e-05, 4.96160537296e-05, 3.73574330297e-05, 4.81983151985e-05, 5.30884790351e-05, 3.69462250092e-05, 4.29387691838e-05, 3.35747099598e-05, 1.6972215235e-05, 1.49657298607e-05, 1.62478427228e-05, 1.05902763607e-05, 7.00693499311e-06, 6.4541827669e-06, 5.46072260477e-06, 2.70061104857e-06, 1.2955326838e-06, 5.81304618663e-07, 3.62529647191e-07, 2.10376242649e-07, 1.51456291064e-07, 1.06828046853e-07, 1.36577170906e-07, 1.02325465434e-07, 9.76013225795e-08, 6.25480822691e-08],
        "min": [9.57808765634e-08, 1.115866894e-06, 1.19002186239e-06, 6.82656218487e-06, 1.0866140201e-06, 5.17419721291e-06, 4.84147403768e-06, 3.5530920286e-06, 6.81876258568e-07, 9.87490238913e-07, 1.16242927106e-06, 1.47299158471e-06, 6.71697307553e-07, 6.60501086713e-07, 4.0761000264e-07, 9.47303817611e-07, 6.20044716015e-07, 8.3658363792e-07, 6.75494050029e-07, 5.52128369691e-07, 6.7523802727e-07, 5.19795207765e-07, 2.96684049772e-07, 3.04129059714e-07, 2.24856606224e-07, 2.34411032807e-07, 1.32833932298e-07, 1.11476275322e-07, 6.91429065114e-08, 4.64339606765e-08, 3.46853425981e-08, 1.0561167052e-08, 2.72984035377e-09, 1.13125375734e-09, 1.27645705117e-09, 3.59013721529e-11, 1.20994794045e-11, 1.9194958123e-11, 5.66499191307e-12, 5.95381762555e-13],
