{
"highlevel": {
    "danceability": {
        "all": {
            "danceable": 0.956158638,
            "not_danceable": 0.043841380626
        },
        "probability": 0.956158638,
        "value": "danceable"
    },
    "gender": {
        "all": {
            "female": 0.359214216471,
            "male": 0.640785813332
        },
        "probability": 0.640785813332,
        "value": "male"
    },
    "genre_dortmund": {
        "all": {
            "alternative": 0.279074311256,
            "blues": 0.022011552006,
            "electronic": 0.0425751283765,
            "folkcountry": 0.0953855887055,
            "funksoulrnb": 0.00706132268533,
            "jazz": 0.0162686854601,
            "pop": 0.107121579349,
            "raphiphop": 0.0258364453912,
            "rock": 0.404665380716
        },
        "probability": 0.404665380716,
        "value": "rock"
    },
    "genre_electronic": {
        "all": {
            "ambient": 0.126424282789,
            "dnb": 0.0438915453851,
            "house": 0.0320347212255,
            "techno": 0.0137682473287,
            "trance": 0.783881187439
        },
        "probability": 0.783881187439,
        "value": "trance"
    },
    "genre_rosamerica": {
        "all": {
            "cla": 0.000574980396777,
            "dan": 0.0567129403353,
            "hip": 0.00187773921061,
            "jaz": 0.000834428530652,
            "pop": 0.469724267721,
            "rhy": 0.00231358897872,
            "roc": 0.467420786619,
            "spe": 0.000541277986486
        },
        "probability": 0.469724267721,
        "value": "pop"
    },
    "genre_tzanetakis": {
        "all": {
            "blu": 0.0626541376114,
            "cla": 0.0348133966327,
            "cou": 0.0783501937985,
            "dis": 0.104547761381,
            "hip": 0.15693578124,
            "jaz": 0.313987255096,
            "met": 0.044816005975,
            "pop": 0.0627349764109,
            "reg": 0.0627352520823,
            "roc": 0.0784252434969
        },
        "probability": 0.313987255096,
        "value": "jaz"
    },
    "ismir04_rhythm": {
        "all": {
            "ChaChaCha": 0.625243782997,
            "Jive": 0.0700709223747,
            "Quickstep": 0.0332034751773,
            "Rumba-American": 0.00476117944345,
            "Rumba-International": 0.00912647135556,
            "Rumba-Misc": 0.00219261390157,
            "Samba": 0.236268639565,
            "Tango": 0.00977144390345,
            "VienneseWaltz": 0.00781970284879,
            "Waltz": 0.00154176005162
        },
        "probability": 0.625243782997,
        "value": "ChaChaCha"
    },
    "mood_acoustic": {
        "all": {
            "acoustic": 0.00964953750372,
            "not_acoustic": 0.990350484848
        },
        "probability": 0.990350484848,
        "value": "not_acoustic"
    },
    "mood_aggressive": {
        "all": {
            "aggressive": 0.927513360977,
            "not_aggressive": 0.0724866315722
        },
        "probability": 0.927513360977,
        "value": "aggressive"
    },
    "mood_electronic": {
        "all": {
            "electronic": 0.322850078344,
            "not_electronic": 0.677149891853
        },
        "probability": 0.677149891853,
        "value": "not_electronic"
    },
    "mood_happy": {
        "all": {
            "happy": 0.96878015995,
            "not_happy": 0.0312198363245
        },
        "probability": 0.96878015995,
        "value": "happy"
    },
    "mood_party": {
        "all": {
            "not_party": 0.5,
            "party": 0.5
        },
        "probability": 0.5,
        "value": "not_party"
    },
    "mood_relaxed": {
        "all": {
            "not_relaxed": 0.915642559528,
            "relaxed": 0.0843574553728
        },
        "probability": 0.915642559528,
        "value": "not_relaxed"
    },
    "mood_sad": {
        "all": {
            "not_sad": 0.887865722179,
            "sad": 0.112134300172
        },
        "probability": 0.887865722179,
        "value": "not_sad"
    },
    "moods_mirex": {
        "all": {
            "Cluster1": 0.402302414179,
            "Cluster2": 0.0523647405207,
            "Cluster3": 0.0616375394166,
            "Cluster4": 0.0770984068513,
            "Cluster5": 0.406596899033
        },
        "probability": 0.406596899033,
        "value": "Cluster5"
    },
    "timbre": {
        "all": {
            "bright": 0.79717540741,
            "dark": 0.20282459259
        },
        "probability": 0.79717540741,
        "value": "bright"
    },
    "tonal_atonal": {
        "all": {
            "atonal": 0.0190005805343,
            "tonal": 0.980999410152
        },
        "probability": 0.980999410152,
        "value": "tonal"
    },
    "voice_instrumental": {
        "all": {
            "instrumental": 0.0288454033434,
            "voice": 0.97115457058
        },
        "probability": 0.97115457058,
        "value": "voice"
    }
},
"lowlevel": {
    "average_loudness": 0.983636796474,
    "barkbands_crest": {
        "dmean": 2.77618718147,
        "dmean2": 4.40134000778,
        "dvar": 6.87672328949,
        "dvar2": 16.7936248779,
        "max": 22.6250972748,
        "mean": 9.65568161011,
        "median": 8.8916425705,
        "min": 2.56427025795,
        "var": 15.3339767456
    },
    "barkbands_flatness_db": {
        "dmean": 0.0209799557924,
        "dmean2": 0.0329244323075,
        "dvar": 0.000385938532418,
        "dvar2": 0.000978556228802,
        "max": 0.236561343074,
        "mean": 0.11279155314,
        "median": 0.11026288569,
        "min": 0.0366991385818,
        "var": 0.000944541825447
    },
    "barkbands_kurtosis": {
        "dmean": 2.08138394356,
        "dmean2": 3.34122133255,
        "dvar": 10.6350517273,
        "dvar2": 26.2219181061,
        "max": 25.2644767761,
        "mean": 1.77107858658,
        "median": 0.543893814087,
        "min": -1.83328390121,
        "var": 14.2231016159
    },
    "barkbands_skewness": {
        "dmean": 0.531088411808,
        "dmean2": 0.786687493324,
        "dvar": 0.328180938959,
        "dvar2": 0.729543268681,
        "max": 4.82444143295,
        "mean": 1.26426589489,
        "median": 1.08658516407,
        "min": -1.46716737747,
        "var": 0.803891837597
    },
    "barkbands_spread": {
        "dmean": 8.40092277527,
        "dmean2": 12.7802381516,
        "dvar": 66.7657318115,
        "dvar2": 156.078857422,
        "max": 91.7708053589,
        "mean": 33.067199707,
        "median": 30.9554538727,
        "min": 6.36834716797,
        "var": 162.893676758
    },
    "dissonance": {
        "dmean": 0.0162026863545,
        "dmean2": 0.0273201204836,
        "dvar": 0.000216046217247,
        "dvar2": 0.000574046571273,
        "max": 0.499553859234,
        "mean": 0.469427853823,
        "median": 0.473874866962,
        "min": 0.385645031929,
        "var": 0.000393788766814
    },
    "dynamic_complexity": 0.919581592083,
    "erbbands_crest": {
        "dmean": 2.55976247787,
        "dmean2": 4.0839381218,
        "dvar": 5.2357172966,
        "dvar2": 12.3977098465,
        "max": 25.78540802,
        "mean": 8.29183006287,
        "median": 7.37058210373,
        "min": 2.48248624802,
        "var": 14.429022789
    },
    "erbbands_flatness_db": {
        "dmean": 0.0173767451197,
        "dmean2": 0.0247061681002,
        "dvar": 0.000245795352384,
        "dvar2": 0.00044173427159,
        "max": 0.226840421557,
        "mean": 0.120667025447,
        "median": 0.118100523949,
        "min": 0.0592343993485,
        "var": 0.000826808915008
    },
    "erbbands_kurtosis": {
        "dmean": 0.642205357552,
        "dmean2": 1.03290534019,
        "dvar": 0.50973969698,
        "dvar2": 1.26669812202,
        "max": 5.87867164612,
        "mean": -0.102543696761,
        "median": -0.409352302551,
        "min": -1.70574188232,
        "var": 1.09763610363
    },
    "erbbands_skewness": {
        "dmean": 0.330582410097,
        "dmean2": 0.509687840939,
        "dvar": 0.0725702643394,
        "dvar2": 0.166410386562,
        "max": 2.29945540428,
        "mean": 0.111389584839,
        "median": 0.111319921911,
        "min": -1.71322572231,
        "var": 0.33507707715
    },
    "erbbands_spread": {
        "dmean": 9.64531517029,
        "dmean2": 14.3425579071,
        "dvar": 80.1463928223,
        "dvar2": 176.716903687,
        "max": 111.819000244,
        "mean": 43.7246627808,
        "median": 41.0594177246,
        "min": 10.9093513489,
        "var": 247.381072998
    },
    "hfc": {
        "dmean": 14.1851100922,
        "dmean2": 21.9770278931,
        "dvar": 327.142608643,
        "dvar2": 738.509033203,
        "max": 219.992279053,
        "mean": 42.6147956848,
        "median": 36.2963600159,
        "min": 4.65273094177,
        "var": 632.270690918
    },
    "melbands_crest": {
        "dmean": 3.31412744522,
        "dmean2": 5.27711057663,
        "dvar": 9.95060348511,
        "dvar2": 24.0158996582,
        "max": 32.4831123352,
        "mean": 13.7813024521,
        "median": 13.0258188248,
        "min": 4.18050813675,
        "var": 24.2206344604
    },
    "melbands_flatness_db": {
        "dmean": 0.0273937713355,
        "dmean2": 0.0412836633623,
        "dvar": 0.000685620296281,
        "dvar2": 0.00169897731394,
        "max": 0.327042937279,
        "mean": 0.166534751654,
        "median": 0.163483336568,
        "min": 0.0363499522209,
        "var": 0.00204414851032
    },
    "melbands_kurtosis": {
        "dmean": 7.50988292694,
        "dmean2": 11.6560745239,
        "dvar": 143.843780518,
        "dvar2": 346.083435059,
        "max": 89.0222015381,
        "mean": 10.4651880264,
        "median": 5.38178062439,
        "min": -1.48858487606,
        "var": 188.568527222
    },
    "melbands_skewness": {
        "dmean": 0.868128359318,
        "dmean2": 1.26756727695,
        "dvar": 0.982822299004,
        "dvar2": 2.1268620491,
        "max": 8.42458724976,
        "mean": 2.53363895416,
        "median": 2.10869288445,
        "min": -0.253317266703,
        "var": 2.25552296638
    },
    "melbands_spread": {
        "dmean": 8.92171573639,
        "dmean2": 13.4932022095,
        "dvar": 103.332801819,
        "dvar2": 196.634353638,
        "max": 160.82774353,
        "mean": 30.6731586456,
        "median": 28.566904068,
        "min": 3.85301160812,
        "var": 290.793518066
    },
    "pitch_salience": {
        "dmean": 0.0787441879511,
        "dmean2": 0.127652600408,
        "dvar": 0.00656432798132,
        "dvar2": 0.0177005641162,
        "max": 0.821817398071,
        "mean": 0.499561905861,
        "median": 0.499544113874,
        "min": 0.127557575703,
        "var": 0.0108358943835
    },
    "silence_rate_20dB": {
        "dmean": 0,
        "dmean2": 0,
        "dvar": 0,
        "dvar2": 0,
        "max": 1,
        "mean": 1,
        "median": 1,
        "min": 1,
        "var": 0
    },
    "silence_rate_30dB": {
        "dmean": 0.061919502914,
        "dmean2": 0.123934932053,
        "dvar": 0.0580856613815,
        "dvar2": 0.162797600031,
        "max": 1,
        "mean": 0.965197205544,
        "median": 1,
        "min": 0,
        "var": 0.0335920676589
    },
    "silence_rate_60dB": {
        "dmean": 0,
        "dmean2": 0,
        "dvar": 0,
        "dvar2": 0,
        "max": 0,
        "mean": 0,
        "median": 0,
        "min": 0,
        "var": 0
    },
    "spectral_centroid": {
        "dmean": 286.591094971,
        "dmean2": 441.028259277,
        "dvar": 76282.6796875,
        "dvar2": 177162.953125,
        "max": 3864.69775391,
        "mean": 1805.68835449,
        "median": 1791.96948242,
        "min": 521.019226074,
        "var": 226442.515625
    },
    "spectral_complexity": {
        "dmean": 5.09597539902,
        "dmean2": 7.75832700729,
        "dvar": 23.5248661041,
        "dvar2": 46.7920646667,
        "max": 56,
        "mean": 28.6125297546,
        "median": 28,
        "min": 10,
        "var": 70.9735946655
    },
    "spectral_decrease": {
        "dmean": 3.96329635777e-09,
        "dmean2": 5.83055692616e-09,
        "dvar": 2.74674040882e-17,
        "dvar2": 5.87390283571e-17,
        "max": -1.62909141732e-09,
        "mean": -1.14234817161e-08,
        "median": -9.5488141838e-09,
        "min": -3.85852132467e-08,
        "var": 4.33350393796e-17
    },
    "spectral_energy": {
        "dmean": 0.0155561435968,
        "dmean2": 0.0228437073529,
        "dvar": 0.000394178932765,
        "dvar2": 0.000832866353448,
        "max": 0.148685067892,
        "mean": 0.0469801649451,
        "median": 0.0400016754866,
        "min": 0.00678795948625,
        "var": 0.00064106361242
    },
    "spectral_energyband_high": {
        "dmean": 0.00132014043629,
        "dmean2": 0.00196045357734,
        "dvar": 4.17091769123e-06,
        "dvar2": 8.34667025629e-06,
        "max": 0.0248805396259,
        "mean": 0.00246709561907,
        "median": 0.00147063785698,
        "min": 6.90581800882e-05,
        "var": 8.89783314051e-06
    },
    "spectral_energyband_low": {
        "dmean": 0.0127165457234,
        "dmean2": 0.0186948459595,
        "dvar": 0.000414891983382,
        "dvar2": 0.000916584045626,
        "max": 0.136579170823,
        "mean": 0.0223847702146,
        "median": 0.0145457712933,
        "min": 0.000400676159188,
        "var": 0.000578738457989
    },
    "spectral_energyband_middle_high": {
        "dmean": 0.00295780948363,
        "dmean2": 0.00479154242203,
        "dvar": 9.26148277358e-06,
        "dvar2": 2.28435237659e-05,
        "max": 0.0339797735214,
        "mean": 0.00965948775411,
        "median": 0.0084133176133,
        "min": 0.000968998007011,
        "var": 2.89518357022e-05
    },
    "spectral_energyband_middle_low": {
        "dmean": 0.00629916926846,
        "dmean2": 0.0106514114887,
        "dvar": 9.01172315935e-05,
        "dvar2": 0.000249654171057,
        "max": 0.0836016237736,
        "mean": 0.0135754114017,
        "median": 0.0111021632329,
        "min": 0.000879827362951,
        "var": 9.93692374323e-05
    },
    "spectral_entropy": {
        "dmean": 0.158911779523,
        "dmean2": 0.222161278129,
        "dvar": 0.022329274565,
        "dvar2": 0.0471784435213,
        "max": 8.54905414581,
        "mean": 7.83249950409,
        "median": 7.80983686447,
        "min": 7.06190061569,
        "var": 0.0656310990453
    },
    "spectral_flux": {
        "dmean": 0.0356457903981,
        "dmean2": 0.0533462353051,
        "dvar": 0.00144528294913,
        "dvar2": 0.00296163023449,
        "max": 0.336820602417,
        "mean": 0.115899942815,
        "median": 0.101488701999,
        "min": 0.0316473990679,
        "var": 0.00296883890405
    },
    "spectral_kurtosis": {
        "dmean": 0.947900533676,
        "dmean2": 1.49181997776,
        "dvar": 0.700309991837,
        "dvar2": 1.73924875259,
        "max": 10.9810419083,
        "mean": 3.36847066879,
        "median": 3.44421005249,
        "min": -0.768274307251,
        "var": 1.7323461771
    },
    "spectral_rms": {
        "dmean": 0.00103222648613,
        "dmean2": 0.00150306103751,
        "dvar": 1.30157479816e-06,
        "dvar2": 2.64270647676e-06,
        "max": 0.0120440274477,
        "mean": 0.00657317973673,
        "median": 0.00624708132818,
        "min": 0.00257340236567,
        "var": 2.62767775894e-06
    },
    "spectral_rolloff": {
        "dmean": 759.29699707,
        "dmean2": 1236.48425293,
        "dvar": 1083952.375,
        "dvar2": 2352567.5,
        "max": 9754.54101562,
        "mean": 1845.20703125,
        "median": 1399.65820312,
        "min": 86.1328125,
        "var": 2218078
    },
    "spectral_skewness": {
        "dmean": 0.15971916914,
        "dmean2": 0.23911832273,
        "dvar": 0.0189070459455,
        "dvar2": 0.0391031615436,
        "max": 2.59215664864,
        "mean": 1.41712617874,
        "median": 1.44570636749,
        "min": 0.325293570757,
        "var": 0.0782799348235
    },
    "spectral_spread": {
        "dmean": 760060.625,
        "dmean2": 1167262.5,
        "dvar": 765130899456,
        "dvar2": 1.73789872128e+12,
        "max": 11436493,
        "mean": 5495555.5,
        "median": 5381082,
        "min": 2792432.25,
        "var": 1.49544160461e+12
    },
    "spectral_strongpeak": {
        "dmean": 0.755053579807,
        "dmean2": 1.34200680256,
        "dvar": 1.32427597046,
        "dvar2": 3.35097408295,
        "max": 8.67002296448,
        "mean": 1.02509081364,
        "median": 0.45526099205,
        "min": 0,
        "var": 1.53921484947
    },
    "zerocrossingrate": {
        "dmean": 0.0150055782869,
        "dmean2": 0.0188493207097,
        "dvar": 0.000211772217881,
        "dvar2": 0.000265969196334,
        "max": 0.25048828125,
        "mean": 0.0805588513613,
        "median": 0.0751953125,
        "min": 0.01318359375,
        "var": 0.00105954019818
    },
    "barkbands": {
        "dmean": [0.000532016274519, 0.00971249118447, 0.00461271591485, 0.00228216964751, 0.00239486526698, 0.000835488899611, 0.000685402541421, 0.00170967937447, 0.00123702478595, 0.0013551749289, 0.000474471744383, 0.00076261308277, 0.000465955061372, 0.000305035820929, 0.000318215286825, 0.000471165258205, 0.00048830639571, 0.000430555664934, 0.000354100455297, 0.000289141520625, 0.000274845690001, 0.000207882432733, 0.000202140479814, 0.000256995816017, 0.000284868379822, 0.00020524446154, 1.74833502342e-07],
        "dmean2": [0.000886765134055, 0.0149066597223, 0.0076344339177, 0.00405717082322, 0.00401506433263, 0.00135516526643, 0.00113288336433, 0.00276425667107, 0.0019467594102, 0.00219351658598, 0.000756376131903, 0.00119553226978, 0.000745400495362, 0.000500063353684, 0.000506265321746, 0.000781367649324, 0.000783651310485, 0.00071515905438, 0.000582580978516, 0.000474482047139, 0.000431949680205, 0.00030624656938, 0.000287841277895, 0.00040138521581, 0.00046475205454, 0.000335578341037, 3.11498979499e-07],
        "dvar": [6.02101010827e-07, 0.000273502490018, 9.25948697841e-05, 3.38662393915e-05, 1.57237027452e-05, 2.56380212704e-06, 9.66188281382e-07, 7.92783339421e-06, 3.64310540135e-06, 5.62760806133e-06, 1.76614537395e-06, 2.29683109865e-06, 7.92656521753e-07, 2.73260468475e-07, 6.59598697439e-07, 3.97822731202e-07, 3.57848477961e-07, 3.93781277808e-07, 1.49641991243e-07, 1.25464666212e-07, 1.55452070771e-07, 1.9959618669e-07, 3.11164768618e-07, 2.51986392641e-07, 2.44322251319e-07, 1.04302600334e-07, 2.40795474922e-13],
        "dvar2": [1.53560415583e-06, 0.000665092782583, 0.000251914287219, 9.33698538574e-05, 4.06541366829e-05, 5.15981582794e-06, 2.36037158174e-06, 1.96524506464e-05, 9.24062624108e-06, 1.36762246257e-05, 3.92159654439e-06, 5.26044050275e-06, 1.92389893527e-06, 6.51946322705e-07, 1.58433806519e-06, 1.0030556723e-06, 8.68139352406e-07, 9.96230824057e-07, 3.66896330206e-07, 3.0708267218e-07, 3.5453814462e-07, 3.70992438548e-07, 5.92679498368e-07, 5.78991091515e-07, 6.07483571002e-07, 2.63091294528e-07, 6.74864569609e-13],
        "max": [0.00680802669376, 0.113354176283, 0.0748067349195, 0.0465777590871, 0.0314515829086, 0.0390348732471, 0.0137678375468, 0.040207721293, 0.0195135623217, 0.0244082994759, 0.0211027935147, 0.016350036487, 0.0126800360158, 0.00909416005015, 0.012084884569, 0.011247549206, 0.0092748766765, 0.0101985344663, 0.00416545663029, 0.00517663452774, 0.00494620297104, 0.0071916426532, 0.00978567730635, 0.00748960720375, 0.00738557940349, 0.00206029275432, 5.52506753593e-06],
        "mean": [0.000675398798194, 0.0150111522526, 0.00572880497202, 0.00232248962857, 0.00358413858339, 0.00133769155946, 0.00115505605936, 0.00291201914661, 0.00205166661181, 0.00247472105548, 0.000686022511218, 0.00124117720407, 0.000794122752268, 0.000504616647959, 0.000474737666082, 0.000770022976212, 0.000932216178626, 0.000838197185658, 0.000710468797479, 0.000578503124416, 0.000508211320266, 0.000349182460923, 0.000348994915839, 0.000334125536028, 0.000388563552406, 0.00026776760933, 1.25065781731e-07],
        "median": [0.000383409118513, 0.00939436722547, 0.00244405679405, 0.00115139340051, 0.00211080210283, 0.000751831568778, 0.000701512675732, 0.00107951287646, 0.00107731530443, 0.000670887820888, 0.000139523181133, 0.000413395260694, 0.000322245527059, 0.000297179271001, 0.00020311838307, 0.00048818194773, 0.000634370953776, 0.000547120231204, 0.00057759397896, 0.00045336864423, 0.0003327234881, 0.000162097028806, 0.000160437979503, 0.000138281306135, 0.000220288420678, 0.000190069375094, 3.3289393464e-09],
        "min": [1.6824864133e-06, 4.08119194617e-05, 9.83051995718e-06, 2.85691635327e-06, 6.18620106252e-05, 1.41132422868e-05, 4.14832902607e-06, 3.46858018929e-06, 2.10062953556e-05, 1.05763392639e-05, 9.87540261121e-07, 1.14870335892e-05, 1.5999414245e-05, 2.05622163776e-05, 9.23189782043e-06, 1.57158792717e-05, 2.95310874208e-05, 2.60978904407e-05, 2.65680828306e-05, 2.00334561669e-05, 8.58314342622e-06, 9.61159275903e-06, 6.74394777889e-06, 5.44358181287e-06, 4.83145095131e-06, 4.52642145987e-09, 8.19444338773e-12],
        "var": [7.28457735022e-07, 0.000320037564961, 7.84820003901e-05, 2.29522029258e-05, 1.92646639334e-05, 4.51377218269e-06, 1.90297259905e-06, 1.79226608452e-05, 6.99448401065e-06, 1.48237686517e-05, 3.910720352e-06, 5.08679477207e-06, 1.77157846792e-06, 4.69443108386e-07, 1.17351078188e-06, 6.79706488427e-07, 9.5398263511e-07, 9.106713037e-07, 2.69535291864e-07, 2.33777342373e-07, 2.90631561484e-07, 3.82179479175e-07, 6.48029242711e-07, 3.95726829083e-07, 3.0836756082e-07, 1.00778699164e-07, 1.60438611181e-13]
    },
    "erbbands": {
        "dmean": [0.174322634935, 2.5502140522, 5.79793214798, 5.91368246078, 8.09513664246, 7.51969051361, 9.42204761505, 6.81151294708, 9.1706905365, 16.975353241, 33.8582344055, 22.8249988556, 36.746887207, 37.0759010315, 25.1053199768, 20.4921035767, 21.0100975037, 13.7306232452, 11.0691690445, 18.3414478302, 31.2790641785, 23.8339805603, 23.1660690308, 18.7225608826, 14.541053772, 14.8171920776, 12.6715507507, 9.2647857666, 7.46891832352, 6.79682826996, 5.88986539841, 4.41346168518, 4.79134559631, 3.37996816635, 2.0935254097, 1.10787463188, 0.35817155242, 0.0277495868504, 0.000532147008926, 4.10211796407e-05],
        "dmean2": [0.271742343903, 3.96589255333, 8.99366950989, 10.7141084671, 14.0041570663, 12.4232654572, 15.3991699219, 10.8138513565, 15.4882793427, 27.2708110809, 55.1686439514, 36.3906173706, 58.6843910217, 59.6181983948, 39.9001617432, 31.8542060852, 33.5945930481, 22.0052051544, 17.9106216431, 29.3098564148, 52.0032615662, 38.5197868347, 37.9011764526, 31.0643005371, 23.6919956207, 24.3292484283, 20.5476837158, 14.1479530334, 10.9977855682, 9.79185009003, 8.49467658997, 6.74174642563, 7.60370540619, 5.52315378189, 3.4861907959, 1.85588121414, 0.564751803875, 0.0452864915133, 0.000864979927428, 6.06136200076e-05],
        "dvar": [0.0512569062412, 20.9876060486, 125.501441956, 188.901000977, 399.645111084, 184.737976074, 251.154464722, 191.605209351, 151.230392456, 763.843383789, 2774.49145508, 1230.59777832, 2373.80200195, 4756.99707031, 2356.13842773, 1407.1385498, 1729.55187988, 724.838989258, 282.22555542, 2161.60498047, 1812.7109375, 684.126831055, 980.134765625, 455.36831665, 312.052886963, 351.132507324, 268.194366455, 301.165985107, 233.526260376, 334.833099365, 294.172698975, 88.305267334, 96.9392089844, 39.3226547241, 12.5556545258, 3.34390759468, 0.262061595917, 0.0017102464335, 6.16016563981e-07, 2.52094656261e-09],
        "dvar2": [0.11928422004, 51.0581932068, 311.589508057, 532.557678223, 1089.2635498, 436.639343262, 639.261779785, 395.457733154, 381.462554932, 1807.34350586, 7287.49414062, 3237.38916016, 5510.98242188, 12454.5820312, 5221.44091797, 3082.34033203, 4266.13574219, 1613.47265625, 669.298400879, 5414.22900391, 4561.64404297, 1723.27087402, 2576.12792969, 1187.82421875, 730.424316406, 858.859619141, 660.357543945, 660.319824219, 444.396789551, 690.083679199, 573.492614746, 194.064056396, 216.771850586, 92.8432388306, 32.515296936, 8.58884525299, 0.635450899601, 0.00431316858158, 1.53414566739e-06, 5.9523426188e-09],
        "max": [2.07461285591, 30.6218299866, 83.3356323242, 104.762771606, 214.521774292, 169.998764038, 173.220352173, 321.057769775, 152.60345459, 434.856903076, 781.847229004, 509.398864746, 519.09954834, 870.339172363, 774.090454102, 501.402893066, 612.857666016, 499.374511719, 265.245269775, 767.933105469, 766.518676758, 392.986755371, 494.727813721, 193.295272827, 242.645858765, 294.911224365, 183.784866333, 288.415466309, 277.097747803, 340.463226318, 310.401519775, 223.227523804, 123.250724792, 105.806724548, 56.5718383789, 12.5634737015, 3.2621409893, 0.262418538332, 0.00475320639089, 0.000345768261468],
        "mean": [0.355479389429, 3.54086685181, 7.80070352554, 6.66808223724, 9.57128238678, 10.97564888, 14.6316719055, 11.0867128372, 15.9574604034, 32.6064109802, 56.5941238403, 41.2639465332, 63.9688453674, 68.863861084, 43.9418907166, 35.8767318726, 36.8952140808, 24.836812973, 20.165473938, 30.2848300934, 52.8149223328, 49.8570899963, 51.2593231201, 39.8883514404, 32.13697052, 29.8268432617, 24.2169723511, 15.639670372, 12.5804080963, 11.2087926865, 10.0282011032, 6.47854757309, 5.92306184769, 4.31818914413, 2.75873970985, 1.36802423, 0.504433512688, 0.0321103669703, 0.000684649217874, 9.57571028266e-05],
        "median": [0.241883859038, 1.90967547894, 3.41601514816, 3.99416232109, 4.35334873199, 5.90189886093, 8.46161651611, 6.12169313431, 11.4343223572, 14.5385761261, 27.3872871399, 24.7018432617, 38.1560821533, 23.8485183716, 19.5083427429, 16.5887641907, 15.5988512039, 13.6629743576, 13.6639995575, 15.1327886581, 33.4192085266, 37.134601593, 36.8985748291, 32.5583839417, 26.2556419373, 23.4836292267, 17.5444717407, 8.37110996246, 6.1035990715, 4.95875120163, 4.57718992233, 2.98643279076, 2.27868080139, 2.11610412598, 1.69692647457, 0.87639182806, 0.376638948917, 0.0188039485365, 0.000436240312411, 7.69845719333e-05],
        "min": [0.00135645119008, 0.029598036781, 0.0270422026515, 0.049477852881, 0.137296080589, 0.112095080316, 0.0935404598713, 0.127327799797, 0.197604909539, 0.581862092018, 0.820783495903, 1.24289095402, 1.0582126379, 0.35133638978, 0.458635538816, 0.577828288078, 0.873531281948, 0.803045153618, 0.902364850044, 0.643304347992, 1.02400493622, 2.02939987183, 2.1301548481, 1.64712047577, 0.945721626282, 1.10970723629, 0.765599429607, 0.373903602362, 0.407639712095, 0.208865940571, 0.198135674, 0.0780825614929, 0.0646769404411, 0.0197408683598, 0.0284437667578, 0.00172932026908, 0.0001160264801, 1.14192371257e-05, 9.62773174251e-06, 1.33294806801e-05],
        "var": [0.116130828857, 22.5757884979, 129.05758667, 122.604141235, 309.828613281, 287.271087646, 378.968444824, 317.239776611, 256.732696533, 1708.59960938, 5442.93212891, 2304.48901367, 5386.36914062, 12238.0117188, 5221.58740234, 3308.32788086, 3904.66357422, 1575.02709961, 490.644866943, 3966.67236328, 3128.46923828, 1844.52514648, 2350.39257812, 820.859924316, 641.483398438, 617.581176758, 492.663146973, 487.54196167, 448.168884277, 576.102111816, 571.980957031, 150.382202148, 147.750900269, 56.6265182495, 12.911441803, 2.95265555382, 0.31393584609, 0.00176180980634, 6.53926463201e-07, 3.67921382249e-09]
    },
    "gfcc": {
        "mean": [74.3092727661, 65.3970947266, -105.648612976, 38.859287262, -54.0176010132, 19.5809783936, -33.5201950073, 31.1932754517, -28.5788440704, 8.06417655945, -22.3132591248, 5.89279747009, -13.6736545563],
        "cov": [[820.161010742, -368.814178467, 217.440841675, -29.4418468475, -74.0160980225, 7.454682827, -46.0277442932, -25.5985965729, -37.3878135681, 70.7757568359, -73.1202545166, 15.5217628479, -106.527160645], [-368.814178467, 524.469116211, -136.593414307, -2.29039978981, 65.9149856567, -40.0010681152, 107.223136902, -6.19160509109, 0.467037200928, -44.3518867493, 75.2750549316, -6.88197040558, 63.379535675], [217.440841675, -136.593414307, 361.387756348, 33.3250427246, 28.3826065063, -10.3188781738, -37.6795921326, 14.8182516098, -4.20122098923, 37.1576156616, -67.2644500732, 35.6298484802, -40.3051681519], [-29.4418468475, -2.29039978981, 33.3250427246, 242.671463013, 12.239522934, 9.11386585236, 2.52002263069, -14.0946102142, 62.2945594788, -14.4873571396, -15.8933429718, -31.4172210693, 37.3459281921], [-74.0160980225, 65.9149856567, 28.3826065063, 12.239522934, 138.797973633, 5.59296798706, 16.6799068451, 18.6814002991, -4.99656963348, 13.7807435989, -5.62591981888, 14.0908622742, 8.28962612152], [7.454682827, -40.0010681152, -10.3188781738, 9.11386585236, 5.59296798706, 144.555770874, 77.6218109131, 15.8543701172, 5.37706804276, -7.24393510818, 29.1145458221, -5.51606798172, 2.36019921303], [-46.0277442932, 107.223136902, -37.6795921326, 2.52002263069, 16.6799068451, 77.6218109131, 203.963500977, 47.0567398071, -10.7761535645, -14.0170049667, 19.0262584686, 18.7854576111, 13.4701633453], [-25.5985965729, -6.19160509109, 14.8182516098, -14.0946102142, 18.6814002991, 15.8543701172, 47.0567398071, 85.1481170654, 26.9295730591, 0.595055520535, -5.38760995865, 14.8484334946, 12.5171518326], [-37.3878135681, 0.467037200928, -4.20122098923, 62.2945594788, -4.99656963348, 5.37706804276, -10.7761535645, 26.9295730591, 92.1433410645, 26.4391880035, -1.39697062969, -19.0312976837, 8.70824623108], [70.7757568359, -44.3518867493, 37.1576156616, -14.4873571396, 13.7807435989, -7.24393510818, -14.0170049667, 0.595055520535, 26.4391880035, 80.9498519897, 3.2304418087, -5.3443031311, -29.2819538116], [-73.1202545166, 75.2750549316, -67.2644500732, -15.8933429718, -5.62591981888, 29.1145458221, 19.0262584686, -5.38760995865, -1.39697062969, 3.2304418087, 87.6258926392, 10.2663869858, 1.74056184292], [15.5217628479, -6.88197040558, 35.6298484802, -31.4172210693, 14.0908622742, -5.51606798172, 18.7854576111, 14.8484334946, -19.0312976837, -5.3443031311, 10.2663869858, 67.6929550171, 15.7131490707], [-106.527160645, 63.379535675, -40.3051681519, 37.3459281921, 8.28962612152, 2.36019921303, 13.4701633453, 12.5171518326, 8.70824623108, -29.2819538116, 1.74056184292, 15.7131490707, 96.3459396362]],
        "icov": [[0.00237781531177, 0.00103716610465, -0.000633407093119, -0.000237109590671, 0.00114822771866, -7.48159145587e-05, -0.000457338319393, 0.000514916318934, 0.00117657927331, -0.00158679287415, 0.000924180611037, -0.000655056384858, 0.00117534503806], [0.00103716610465, 0.00662360340357, -0.00169119576458, 0.00313768861815, -0.00408427184448, 0.00673103705049, -0.00662294821814, 0.00547365052626, -0.0048581296578, 0.00514205172658, -0.00714978622273, 0.00576456543058, -0.0035419233609], [-0.000633407093119, -0.00169119576458, 0.00553333153948, -0.0029801542405, 0.000887786969543, -0.00305462884717, 0.00339606381021, -0.00336409732699, 0.00324577046558, -0.00374683807604, 0.00558102829382, -0.00595172122121, 0.00328058004379], [-0.000237109590671, 0.00313768861815, -0.0029801542405, 0.00956284999847, -0.0040962966159, 0.00428322609514, -0.0053799287416, 0.00780594721437, -0.0103098815307, 0.00722084986046, -0.00462534744292, 0.00694669829682, -0.00521711073816], [0.00114822771866, -0.00408427184448, 0.000887786969543, -0.0040962966159, 0.0122580025345, -0.00554038444534, 0.00478736544028, -0.00636078277603, 0.00762051949278, -0.00822095479816, 0.00669299298897, -0.00616679806262, 0.00285115092993], [-7.48159145587e-05, 0.00673103705049, -0.00305462884717, 0.00428322609514, -0.00554038444534, 0.0174085032195, -0.0111000295728, 0.00634801853448, -0.00760541856289, 0.00832976121455, -0.012263122946, 0.010067248717, -0.00487264897674], [-0.000457338319393, -0.00662294821814, 0.00339606381021, -0.0053799287416, 0.00478736544028, -0.0111000295728, 0.0150654800236, -0.0109765380621, 0.00940809957683, -0.00711691053584, 0.00833914522082, -0.00882565509528, 0.0048123463057], [0.000514916318934, 0.00547365052626, -0.00336409732699, 0.00780594721437, -0.00636078277603, 0.00634801853448, -0.0109765380621, 0.0253714639693, -0.0161306429654, 0.00887942314148, -0.00487669883296, 0.00324808200821, -0.00511931721121], [0.00117657927331, -0.0048581296578, 0.00324577046558, -0.0103098815307, 0.00762051949278, -0.00760541856289, 0.00940809957683, -0.0161306429654, 0.0288456771523, -0.0160678457469, 0.00715923728421, -0.00350289139897, 0.00311320181936], [-0.00158679287415, 0.00514205172658, -0.00374683807604, 0.00722084986046, -0.00822095479816, 0.00832976121455, -0.00711691053584, 0.00887942314148, -0.0160678457469, 0.0263228230178, -0.0106591079384, 0.00799456052482, -0.000817621301394], [0.000924180611037, -0.00714978622273, 0.00558102829382, -0.00462534744292, 0.00669299298897, -0.012263122946, 0.00833914522082, -0.00487669883296, 0.00715923728421, -0.0106591079384, 0.0261824261397, -0.014080259949, 0.00698177376762], [-0.000655056384858, 0.00576456543058, -0.00595172122121, 0.00694669829682, -0.00616679806262, 0.010067248717, -0.00882565509528, 0.00324808200821, -0.00350289139897, 0.00799456052482, -0.014080259949, 0.0299212615937, -0.0104821855202], [0.00117534503806, -0.0035419233609, 0.00328058004379, -0.00521711073816, 0.00285115092993, -0.00487264897674, 0.0048123463057, -0.00511931721121, 0.00311320181936, -0.000817621301394, 0.00698177376762, -0.0104821855202, 0.0183233376592]]
    },
    "melbands": {
        "dmean": [0.00209956034087, 0.00313656916842, 0.00112963141873, 0.00054219388403, 0.00033964656177, 0.000149579180288, 0.000139835596201, 0.000254254468018, 0.000247837015195, 0.000161587086041, 0.000198432055186, 0.000170184182934, 7.49622777221e-05, 0.000100574179669, 3.87016298191e-05, 4.45373261755e-05, 2.52244626608e-05, 2.05428314075e-05, 2.61524983216e-05, 2.02988394449e-05, 4.05637947551e-05, 2.28201297432e-05, 2.93778648484e-05, 2.56163166341e-05, 1.56273945322e-05, 1.35168456836e-05, 1.08756394184e-05, 1.03607690107e-05, 9.61801379162e-06, 5.57002795176e-06, 5.55016185899e-06, 4.55249437437e-06, 3.95002825826e-06, 3.9644919525e-06, 3.7576367049e-06, 2.68023131866e-06, 2.91199239655e-06, 3.52727693098e-06, 3.24561187881e-06, 2.89613240056e-06],
        "dmean2": [0.00323566840962, 0.00472722342238, 0.00201701908372, 0.000914277101401, 0.000549195276108, 0.000239166751271, 0.000233545448282, 0.000407885789173, 0.000403545971494, 0.000254836166278, 0.000317577389069, 0.000273831508821, 0.000120578362839, 0.00015587566304, 6.30885188002e-05, 6.97226860211e-05, 4.06460676459e-05, 3.3868047467e-05, 4.13420893892e-05, 3.31594710588e-05, 6.76504641888e-05, 3.70504749299e-05, 4.815549255e-05, 4.2244198994e-05, 2.62447010755e-05, 2.20338370127e-05, 1.76433368324e-05, 1.73076950887e-05, 1.59569462994e-05, 8.84244400368e-06, 8.46060174808e-06, 6.97566429153e-06, 5.90466606809e-06, 5.8702203205e-06, 5.4856755014e-06, 4.03760213885e-06, 4.5833189688e-06, 5.60201124244e-06, 5.28149666934e-06, 4.72645660921e-06],
        "dvar": [1.05142862594e-05, 3.23915737681e-05, 7.18938417776e-06, 1.04426851522e-06, 3.08108042191e-07, 8.77562058577e-08, 3.37353220914e-08, 1.66930533396e-07, 1.34772122351e-07, 6.0536116564e-08, 7.120480916e-08, 9.71173079733e-08, 3.12244097245e-08, 4.18100327693e-08, 5.2999808986e-09, 8.30309865307e-09, 2.35767982915e-09, 9.24176235539e-10, 5.09156583561e-09, 9.99762495013e-10, 3.10731440578e-09, 6.84281298291e-10, 1.39234579422e-09, 2.04298178375e-09, 3.31620342298e-10, 2.40738012858e-10, 1.82670434334e-10, 1.89250642935e-10, 1.64319918783e-10, 8.43113426297e-11, 1.30652169639e-10, 9.44416142512e-11, 8.21693824093e-11, 1.19909471241e-10, 1.2357705137e-10, 5.40200800758e-11, 3.14527258405e-11, 5.20925177994e-11, 4.61613490488e-11, 2.68445439489e-11],
        "dvar2": [2.55848699453e-05, 7.47231169953e-05, 2.00023187062e-05, 2.69303041023e-06, 7.72096370838e-07, 1.73594060016e-07, 8.39087803683e-08, 3.96147868287e-07, 3.61805916782e-07, 1.58216508339e-07, 1.64612842468e-07, 2.49738519642e-07, 6.63066046513e-08, 9.45096942928e-08, 1.42570666384e-08, 1.89990689847e-08, 5.35430233484e-09, 2.27615681858e-09, 1.19084235806e-08, 2.55821630546e-09, 7.88631826509e-09, 1.72747938176e-09, 3.45300366078e-09, 5.31324495512e-09, 8.67230953716e-10, 5.96381333207e-10, 4.76243600112e-10, 4.65479738088e-10, 4.29289520598e-10, 2.03278935351e-10, 2.84462953193e-10, 1.94930155351e-10, 1.64005864445e-10, 2.54564286317e-10, 2.38738417924e-10, 1.091913851e-10, 7.35115163186e-11, 1.18972776075e-10, 1.08228363771e-10, 6.50599712992e-11],
        "max": [0.0249749496579, 0.0359592400491, 0.0200000405312, 0.00901119317859, 0.00619841786101, 0.00723570026457, 0.0023658645805, 0.00550971040502, 0.00513707846403, 0.00273528462276, 0.00296240183525, 0.00374280661345, 0.00282211368904, 0.00248894211836, 0.00123343791347, 0.00138262938708, 0.000896130630281, 0.000495546089951, 0.00103476177901, 0.000475027511129, 0.000890688970685, 0.000302829459542, 0.000615623372141, 0.000801319256425, 0.000175335662789, 0.000196391236386, 0.000149715153384, 0.000230125719099, 0.000164291413967, 0.000128381827381, 0.000230505043874, 0.000171567851794, 0.000180417337106, 0.000188392368727, 0.00019043769862, 0.000182884716196, 0.000114017100714, 0.000104197846667, 0.000107602769276, 8.30667922855e-05],
        "mean": [0.00368701433763, 0.00449014594778, 0.00130033900496, 0.00072233483661, 0.000530046410859, 0.000241119647399, 0.000243343529291, 0.000478324363939, 0.000415560265537, 0.00027018901892, 0.000340495782439, 0.000310749339405, 0.000124938043882, 0.000163225238794, 6.3498649979e-05, 7.59410104365e-05, 4.24712816312e-05, 3.32793169946e-05, 3.86783576687e-05, 3.55441479769e-05, 6.52954986435e-05, 4.47967759101e-05, 5.55900078325e-05, 4.71010826004e-05, 3.00251795124e-05, 2.65805865638e-05, 2.14648771362e-05, 1.86112683878e-05, 1.69692102645e-05, 9.59763019637e-06, 8.81638698047e-06, 7.20152002032e-06, 6.40879170533e-06, 6.22802190264e-06, 6.24402082394e-06, 4.2813253458e-06, 3.87722093365e-06, 4.26998849434e-06, 3.74493424715e-06, 3.67126381207e-06],
        "median": [0.0025166105479, 0.00248952792026, 0.000764249649365, 0.000392465095501, 0.000305879540974, 0.000129187596031, 0.000169449980604, 0.000190563398064, 0.000228160963161, 0.000147506492794, 0.000194289270439, 9.78553071036e-05, 4.67736026621e-05, 5.2502437029e-05, 2.91826672765e-05, 3.06495348923e-05, 2.31349549722e-05, 2.18496934394e-05, 1.58691982506e-05, 2.3868322387e-05, 3.95398237742e-05, 3.2489606383e-05, 3.63145081792e-05, 2.58292566286e-05, 2.47918160312e-05, 2.15150575968e-05, 1.7152635337e-05, 1.36572352858e-05, 1.21618550111e-05, 5.76647926209e-06, 4.24302152169e-06, 3.38278323397e-06, 2.9219957014e-06, 2.62941080109e-06, 2.69513543572e-06, 2.03385980058e-06, 1.69325073784e-06, 1.6476340079e-06, 1.39188750836e-06, 1.93606479115e-06],
        "min": [1.08590165837e-05, 3.2568925235e-05, 7.30091869627e-06, 8.87642636371e-06, 2.9197422009e-06, 2.6464945222e-06, 9.12603923098e-07, 5.61876277061e-06, 4.75853039461e-06, 2.91100514005e-06, 2.91536434815e-06, 7.86950238307e-07, 5.80866583277e-07, 1.36694404773e-06, 3.40582460012e-07, 1.68977612702e-06, 1.05058143163e-06, 8.3506614601e-07, 5.83582675517e-07, 6.01066460604e-07, 9.14964459753e-07, 1.47815558194e-06, 2.01131160793e-06, 5.0078830327e-07, 1.11984422801e-06, 6.82257677909e-07, 8.7332836074e-08, 6.57524367398e-07, 5.91366017488e-07, 5.373505374e-08, 1.0509236148e-07, 1.75433370941e-07, 1.12310416966e-07, 6.90300012707e-08, 7.74019213168e-08, 5.96636837713e-08, 2.95622051283e-08, 3.44048523004e-08, 7.64707053236e-09, 1.56534412099e-08],
