{
"highlevel": {
    "danceability": {
        "all": {
            "danceable": 0.99974244833,
            "not_danceable": 0.000257557578152
        },
        "probability": 0.99974244833,
        "value": "danceable"
    },
    "gender": {
        "all": {
            "female": 0.588945388794,
            "male": 0.411054611206
        },
        "probability": 0.588945388794,
        "value": "female"
    },
    "genre_dortmund": {
        "all": {
            "alternative": 0.250836491585,
            "blues": 0.0707114264369,
            "electronic": 0.0799230486155,
            "folkcountry": 0.0879598930478,
            "funksoulrnb": 0.00855909194797,
            "jazz": 0.0134910661727,
            "pop": 0.0544163510203,
            "raphiphop": 0.00982588343322,
            "rock": 0.424276769161
        },
        "probability": 0.424276769161,
        "value": "rock"
    },
    "genre_electronic": {
        "all": {
            "ambient": 0.498061239719,
            "dnb": 0.235347047448,
            "house": 0.0245211943984,
            "techno": 0.0242580417544,
            "trance": 0.217812493443
        },
        "probability": 0.498061239719,
        "value": "ambient"
    },
    "genre_rosamerica": {
        "all": {
            "cla": 0.0114376908168,
            "dan": 0.0186312738806,
            "hip": 0.0108522493392,
            "jaz": 0.00617462629452,
            "pop": 0.19545981288,
            "rhy": 0.046831253916,
            "roc": 0.707031548023,
            "spe": 0.00358154950663
        },
        "probability": 0.707031548023,
        "value": "roc"
    },
    "genre_tzanetakis": {
        "all": {
            "blu": 0.0626541376114,
            "cla": 0.0348133966327,
            "cou": 0.0783501937985,
            "dis": 0.104547761381,
            "hip": 0.15693578124,
            "jaz": 0.313987255096,
            "met": 0.044816005975,
            "pop": 0.0627349764109,
            "reg": 0.0627352520823,
            "roc": 0.0784252434969
        },
        "probability": 0.313987255096,
        "value": "jaz"
    },
    "ismir04_rhythm": {
        "all": {
            "ChaChaCha": 0.257925242186,
            "Jive": 0.14327943325,
            "Quickstep": 0.0209267120808,
            "Rumba-American": 0.0322167016566,
            "Rumba-International": 0.0210083406419,
            "Rumba-Misc": 0.0098250284791,
            "Samba": 0.158689662814,
            "Tango": 0.0482294894755,
            "VienneseWaltz": 0.285576075315,
            "Waltz": 0.0223233290017
        },
        "probability": 0.285576075315,
        "value": "VienneseWaltz"
    },
    "mood_acoustic": {
        "all": {
            "acoustic": 0.0498024635017,
            "not_acoustic": 0.950197517872
        },
        "probability": 0.950197517872,
        "value": "not_acoustic"
    },
    "mood_aggressive": {
        "all": {
            "aggressive": 0.722899615765,
            "not_aggressive": 0.277100354433
        },
        "probability": 0.722899615765,
        "value": "aggressive"
    },
    "mood_electronic": {
        "all": {
            "electronic": 0.222837477922,
            "not_electronic": 0.777162492275
        },
        "probability": 0.777162492275,
        "value": "not_electronic"
    },
    "mood_happy": {
        "all": {
            "happy": 0.754649996758,
            "not_happy": 0.245349988341
        },
        "probability": 0.754649996758,
        "value": "happy"
    },
    "mood_party": {
        "all": {
            "not_party": 0.812653243542,
            "party": 0.187346741557
        },
        "probability": 0.812653243542,
        "value": "not_party"
    },
    "mood_relaxed": {
        "all": {
            "not_relaxed": 0.909828841686,
            "relaxed": 0.0901711583138
        },
        "probability": 0.909828841686,
        "value": "not_relaxed"
    },
    "mood_sad": {
        "all": {
            "not_sad": 0.569059848785,
            "sad": 0.430940151215
        },
        "probability": 0.569059848785,
        "value": "not_sad"
    },
    "moods_mirex": {
        "all": {
            "Cluster1": 0.0538773909211,
            "Cluster2": 0.0600652545691,
            "Cluster3": 0.0881962031126,
            "Cluster4": 0.046849694103,
            "Cluster5": 0.751011431217
        },
        "probability": 0.751011431217,
        "value": "Cluster5"
    },
    "timbre": {
        "all": {
            "bright": 0.265477925539,
            "dark": 0.734522104263
        },
        "probability": 0.734522104263,
        "value": "dark"
    },
    "tonal_atonal": {
        "all": {
            "atonal": 0.0305209811777,
            "tonal": 0.96947902441
        },
        "probability": 0.96947902441,
        "value": "tonal"
    },
    "voice_instrumental": {
        "all": {
            "instrumental": 0.0112990438938,
            "voice": 0.988700985909
        },
        "probability": 0.988700985909,
        "value": "voice"
    }
},
"lowlevel": {
    "average_loudness": 0.970267415047,
    "barkbands_crest": {
        "dmean": 2.59299254417,
        "dmean2": 4.32543134689,
        "dvar": 5.64786529541,
        "dvar2": 15.0056657791,
        "max": 24.0625553131,
        "mean": 10.3704929352,
        "median": 9.80752468109,
        "min": 3.66156840324,
        "var": 12.4224977493
    },
    "barkbands_flatness_db": {
        "dmean": 0.019322777167,
        "dmean2": 0.0315692983568,
        "dvar": 0.000270949589321,
        "dvar2": 0.000722764525563,
        "max": 0.237165555358,
        "mean": 0.14402499795,
        "median": 0.143181830645,
        "min": 0.0777692347765,
        "var": 0.000799500208814
    },
    "barkbands_kurtosis": {
        "dmean": 1.36642563343,
        "dmean2": 2.20009255409,
        "dvar": 3.15352010727,
        "dvar2": 8.25592327118,
        "max": 31.6068458557,
        "mean": 1.50596177578,
        "median": 0.784284353256,
        "min": -1.53187417984,
        "var": 7.07109117508
    },
    "barkbands_skewness": {
        "dmean": 0.402083486319,
        "dmean2": 0.64781421423,
        "dvar": 0.136698111892,
        "dvar2": 0.354514181614,
        "max": 5.44384336472,
        "mean": 1.10684394836,
        "median": 1.0322329998,
        "min": -0.579507172108,
        "var": 0.54560738802
    },
    "barkbands_spread": {
        "dmean": 3.99780583382,
        "dmean2": 6.37414360046,
        "dvar": 12.8933229446,
        "dvar2": 32.0929679871,
        "max": 64.786277771,
        "mean": 21.5404071808,
        "median": 20.4858856201,
        "min": 6.51250505447,
        "var": 52.0155105591
    },
    "dissonance": {
        "dmean": 0.0208254754543,
        "dmean2": 0.0361892655492,
        "dvar": 0.000361341022654,
        "dvar2": 0.00104789191391,
        "max": 0.499197244644,
        "mean": 0.463826835155,
        "median": 0.46958091855,
        "min": 0.36124792695,
        "var": 0.000591471325606
    },
    "dynamic_complexity": 1.275806427,
    "erbbands_crest": {
        "dmean": 3.06423544884,
        "dmean2": 4.91561985016,
        "dvar": 7.55542755127,
        "dvar2": 18.8902893066,
        "max": 29.0416374207,
        "mean": 10.4956989288,
        "median": 9.20189476013,
        "min": 2.66857385635,
        "var": 25.7622566223
    },
    "erbbands_flatness_db": {
        "dmean": 0.0155947906896,
        "dmean2": 0.0232893656939,
        "dvar": 0.000198404421099,
        "dvar2": 0.000417881237809,
        "max": 0.276614308357,
        "mean": 0.163512706757,
        "median": 0.16050209105,
        "min": 0.0685746744275,
        "var": 0.00107257917989
    },
    "erbbands_kurtosis": {
        "dmean": 0.922526836395,
        "dmean2": 1.47071254253,
        "dvar": 1.50743770599,
        "dvar2": 3.57773661613,
        "max": 20.093044281,
        "mean": 0.890154540539,
        "median": 0.482486009598,
        "min": -1.50595974922,
        "var": 4.04651069641
    },
    "erbbands_skewness": {
        "dmean": 0.371246010065,
        "dmean2": 0.579584717751,
        "dvar": 0.104154296219,
        "dvar2": 0.252845734358,
        "max": 3.48850440979,
        "mean": 0.493205785751,
        "median": 0.433616220951,
        "min": -1.15597426891,
        "var": 0.369949370623
    },
    "erbbands_spread": {
        "dmean": 5.24988937378,
        "dmean2": 8.1156129837,
        "dvar": 26.3288650513,
        "dvar2": 56.8602104187,
        "max": 80.5066375732,
        "mean": 29.4318962097,
        "median": 26.7197151184,
        "min": 5.48199367523,
        "var": 175.691329956
    },
    "hfc": {
        "dmean": 5.5838265419,
        "dmean2": 8.38022327423,
        "dvar": 30.9573154449,
        "dvar2": 64.4544219971,
        "max": 75.8138809204,
        "mean": 26.3283634186,
        "median": 24.1276607513,
        "min": 5.43736314774,
        "var": 140.613616943
    },
    "melbands_crest": {
        "dmean": 3.28898620605,
        "dmean2": 5.61655044556,
        "dvar": 9.21189022064,
        "dvar2": 26.2000999451,
        "max": 30.5063438416,
        "mean": 14.0917034149,
        "median": 13.5066022873,
        "min": 4.50914764404,
        "var": 17.239730835
    },
    "melbands_flatness_db": {
        "dmean": 0.0233061481267,
        "dmean2": 0.0383268706501,
        "dvar": 0.00043792053475,
        "dvar2": 0.00116762926336,
        "max": 0.316913217306,
        "mean": 0.198571816087,
        "median": 0.199887365103,
        "min": 0.0927996113896,
        "var": 0.00136111467145
    },
    "melbands_kurtosis": {
        "dmean": 3.31380343437,
        "dmean2": 5.41799116135,
        "dvar": 22.6114273071,
        "dvar2": 57.0559692383,
        "max": 98.2709350586,
        "mean": 6.19683074951,
        "median": 3.86645126343,
        "min": -0.994692325592,
        "var": 58.6979942322
    },
    "melbands_skewness": {
        "dmean": 0.562298536301,
        "dmean2": 0.904499411583,
        "dvar": 0.276159703732,
        "dvar2": 0.704857647419,
        "max": 8.86641407013,
        "mean": 1.94159805775,
        "median": 1.75332546234,
        "min": -0.337869614363,
        "var": 1.15098321438
    },
    "melbands_spread": {
        "dmean": 5.06015539169,
        "dmean2": 8.25588703156,
        "dvar": 22.2460269928,
        "dvar2": 59.9511108398,
        "max": 67.4433135986,
        "mean": 22.5897903442,
        "median": 21.764749527,
        "min": 3.59630703926,
        "var": 74.0207519531
    },
    "pitch_salience": {
        "dmean": 0.0616632178426,
        "dmean2": 0.102056704462,
        "dvar": 0.00293196365237,
        "dvar2": 0.00814290065318,
        "max": 0.712006509304,
        "mean": 0.491933107376,
        "median": 0.48806566,
        "min": 0.156528905034,
        "var": 0.00654457509518
    },
    "silence_rate_20dB": {
        "dmean": 0,
        "dmean2": 0,
        "dvar": 0,
        "dvar2": 0,
        "max": 1,
        "mean": 1,
        "median": 1,
        "min": 1,
        "var": 0
    },
    "silence_rate_30dB": {
        "dmean": 0,
        "dmean2": 0,
        "dvar": 0,
        "dvar2": 0,
        "max": 1,
        "mean": 1,
        "median": 1,
        "min": 1,
        "var": 0
    },
    "silence_rate_60dB": {
        "dmean": 0,
        "dmean2": 0,
        "dvar": 0,
        "dvar2": 0,
        "max": 0,
        "mean": 0,
        "median": 0,
        "min": 0,
        "var": 0
    },
    "spectral_centroid": {
        "dmean": 180.224136353,
        "dmean2": 286.513763428,
        "dvar": 25760.4589844,
        "dvar2": 65127.609375,
        "max": 2719.15991211,
        "mean": 1214.9543457,
        "median": 1160.65368652,
        "min": 516.766784668,
        "var": 113822.054688
    },
    "spectral_complexity": {
        "dmean": 3.68343663216,
        "dmean2": 5.94422912598,
        "dvar": 11.2519779205,
        "dvar2": 26.4785861969,
        "max": 50,
        "mean": 23.6535186768,
        "median": 23,
        "min": 10,
        "var": 35.6046333313
    },
    "spectral_decrease": {
        "dmean": 2.80627521221e-09,
        "dmean2": 4.61666127549e-09,
        "dvar": 7.91590753108e-18,
        "dvar2": 1.94634241558e-17,
        "max": -3.0956002206e-09,
        "mean": -1.10915401308e-08,
        "median": -1.02872173002e-08,
        "min": -2.60981760647e-08,
        "var": 1.714552015e-17
    },
    "spectral_energy": {
        "dmean": 0.010879223235,
        "dmean2": 0.0178266521543,
        "dvar": 0.000115862167149,
        "dvar2": 0.000281129759969,
        "max": 0.100750155747,
        "mean": 0.0442500859499,
        "median": 0.0412228293717,
        "min": 0.0121766822413,
        "var": 0.000262617249973
    },
    "spectral_energyband_high": {
        "dmean": 0.000226190313697,
        "dmean2": 0.000344925880199,
        "dvar": 1.37458343374e-07,
        "dvar2": 2.90075973908e-07,
        "max": 0.00607733242214,
        "mean": 0.000609568378422,
        "median": 0.000367751956219,
        "min": 3.7135414459e-05,
        "var": 4.49639514954e-07
    },
    "spectral_energyband_low": {
        "dmean": 0.0083788735792,
        "dmean2": 0.014240456745,
        "dvar": 0.000112695961434,
        "dvar2": 0.000302506028675,
        "max": 0.0816328153014,
        "mean": 0.0189549010247,
        "median": 0.014779753983,
        "min": 0.00186925614253,
        "var": 0.00015273973986
    },
    "spectral_energyband_middle_high": {
        "dmean": 0.00255267554894,
        "dmean2": 0.0038358643651,
        "dvar": 6.55980647934e-06,
        "dvar2": 1.36906728585e-05,
        "max": 0.0364499613643,
        "mean": 0.00809859018773,
        "median": 0.00689171813428,
        "min": 0.000962898484431,
        "var": 2.57518513536e-05
    },
    "spectral_energyband_middle_low": {
        "dmean": 0.00575195997953,
        "dmean2": 0.00890935771167,
        "dvar": 3.78310505766e-05,
        "dvar2": 9.07787980395e-05,
        "max": 0.0670394301414,
        "mean": 0.0172475185245,
        "median": 0.0147316697985,
        "min": 0.00249480060302,
        "var": 0.000114224014396
    },
    "spectral_entropy": {
        "dmean": 0.127935752273,
        "dmean2": 0.190991446376,
        "dvar": 0.0138223432004,
        "dvar2": 0.0302017647773,
        "max": 8.32724189758,
        "mean": 7.59042215347,
        "median": 7.59233236313,
        "min": 6.78951311111,
        "var": 0.0580548942089
    },
    "spectral_flux": {
        "dmean": 0.0254423115402,
        "dmean2": 0.0399155579507,
        "dvar": 0.000553441408556,
        "dvar2": 0.00125205586664,
        "max": 0.241771772504,
        "mean": 0.100131772459,
        "median": 0.0933874770999,
        "min": 0.0318620763719,
        "var": 0.00124454428442
    },
    "spectral_kurtosis": {
        "dmean": 1.39188551903,
        "dmean2": 2.34525847435,
        "dvar": 1.66602301598,
        "dvar2": 4.35909748077,
        "max": 16.5797348022,
        "mean": 4.44514560699,
        "median": 4.17712116241,
        "min": 0.285527229309,
        "var": 4.03992557526
    },
    "spectral_rms": {
        "dmean": 0.000793300336227,
        "dmean2": 0.0012912012171,
        "dvar": 5.41540543963e-07,
        "dvar2": 1.26556051327e-06,
        "max": 0.00991427432746,
        "mean": 0.00646213255823,
        "median": 0.00634171860293,
        "min": 0.00344669260085,
        "var": 1.41167231504e-06
    },
    "spectral_rolloff": {
        "dmean": 302.931274414,
        "dmean2": 530.707336426,
        "dvar": 128930.5625,
        "dvar2": 325932.59375,
        "max": 5340.234375,
        "mean": 1054.57580566,
        "median": 990.52734375,
        "min": 64.599609375,
        "var": 258512.859375
    },
    "spectral_skewness": {
        "dmean": 0.183773726225,
        "dmean2": 0.302878528833,
        "dvar": 0.0274240151048,
        "dvar2": 0.0682350546122,
        "max": 2.82521986961,
        "mean": 1.61277258396,
        "median": 1.61347615719,
        "min": 0.70039755106,
        "var": 0.102816425264
    },
    "spectral_spread": {
        "dmean": 379145.3125,
        "dmean2": 560821.75,
        "dvar": 185358974976,
        "dvar2": 305363320832,
        "max": 12857722,
        "mean": 4089878.5,
        "median": 4015805.75,
        "min": 2609473.75,
        "var": 566066741248
    },
    "spectral_strongpeak": {
        "dmean": 0.724713981152,
        "dmean2": 1.30661070347,
        "dvar": 1.60508096218,
        "dvar2": 3.91666245461,
        "max": 10.1778450012,
        "mean": 1.07223510742,
        "median": 0.409903287888,
        "min": 0.065968260169,
        "var": 2.30284237862
    },
    "zerocrossingrate": {
        "dmean": 0.00595914758742,
        "dmean2": 0.00804699584842,
        "dvar": 3.07881564368e-05,
        "dvar2": 4.7055487812e-05,
        "max": 0.138671875,
        "mean": 0.0452915802598,
        "median": 0.04296875,
        "min": 0.01171875,
        "var": 0.000208356286748
    },
    "barkbands": {
        "dmean": [0.000547547242604, 0.00743793090805, 0.00170223927125, 0.00134415610228, 0.00129189982545, 0.000892702257261, 0.0015676523326, 0.000994854606688, 0.00309658283368, 0.000618500809651, 0.000502747192513, 0.000576737569645, 0.00114915287122, 0.000469809107017, 0.000496230495628, 0.000348971312633, 0.000264960865024, 0.000150772364577, 0.000139864059747, 0.000103069534816, 6.60948135192e-05, 5.75385092816e-05, 5.1562947192e-05, 4.65076554974e-05, 2.38040502154e-05, 5.1589731811e-06, 5.59471535766e-09],
        "dmean2": [0.000892915879376, 0.012718051672, 0.00293119368143, 0.00217661377974, 0.0020958611276, 0.00135906261858, 0.00248377164826, 0.00154883402865, 0.00475014792755, 0.0009632986621, 0.00080764311133, 0.00087138795061, 0.0018002508441, 0.000755829387344, 0.00080811342923, 0.000543271657079, 0.000429575418821, 0.000237631757045, 0.000231234240346, 0.00016806727217, 0.000109054242785, 9.66297448031e-05, 8.20989371277e-05, 6.84392725816e-05, 3.50896443706e-05, 8.11011614132e-06, 9.3739016549e-09],
        "dvar": [7.25391771539e-07, 9.69667817117e-05, 7.7980766946e-06, 7.54740494813e-06, 5.79466995987e-06, 1.39877056426e-06, 5.99302347837e-06, 3.126188858e-06, 2.06319600693e-05, 9.88100623545e-07, 4.93781328714e-07, 1.03107311133e-06, 3.42959106092e-06, 5.91605953559e-07, 7.79858851274e-07, 5.74281443733e-07, 1.30768071926e-07, 4.62638425347e-08, 4.04474320703e-08, 2.24075833444e-08, 8.97368312991e-09, 1.19806360388e-08, 7.32806126891e-09, 1.15056151273e-08, 3.21904103373e-09, 1.2068429589e-10, 1.77518539283e-15],
        "dvar2": [1.87299735899e-06, 0.000266790535534, 2.18399218284e-05, 1.85931021406e-05, 1.42178832903e-05, 3.11482608595e-06, 1.38650357258e-05, 6.03021180723e-06, 4.67400532216e-05, 2.32498382502e-06, 1.14086640224e-06, 1.80125630322e-06, 7.27344513507e-06, 1.3528482441e-06, 1.70936380073e-06, 1.27428847918e-06, 3.16942163181e-07, 1.13731104534e-07, 9.85141568322e-08, 5.14109927963e-08, 2.37662032276e-08, 3.08862766474e-08, 1.65842752864e-08, 1.83132833342e-08, 4.55946169708e-09, 2.36812930376e-10, 2.07379012949e-15],
        "max": [0.00810365751386, 0.0753040984273, 0.0310050528497, 0.0294252429157, 0.0283630378544, 0.0172181967646, 0.0366166234016, 0.0354905426502, 0.0654345676303, 0.0155404759571, 0.00876409653574, 0.0260725412518, 0.0249439068139, 0.0124799311161, 0.0175542458892, 0.0180489551276, 0.00602958537638, 0.00333609059453, 0.00445494661108, 0.00245754304342, 0.00106363685336, 0.00166538206395, 0.0013805051567, 0.00305994297378, 0.00185901345685, 0.00025379814906, 1.44667308177e-06],
        "mean": [0.00072486238787, 0.0144837237895, 0.0032186077442, 0.0017249713419, 0.00219830195419, 0.00172039750032, 0.00310847302899, 0.00191024283413, 0.00636805500835, 0.00121276872233, 0.000813880353235, 0.000952088157646, 0.00184373662341, 0.000742389820516, 0.000787310884334, 0.000634485739283, 0.000486184289912, 0.000297273450997, 0.000274171528872, 0.000231890255236, 0.000142138902447, 0.000112391622679, 0.000119166186778, 8.68807546794e-05, 4.73461877846e-05, 8.35139144328e-06, 4.29385194067e-09],
        "median": [0.00021206974634, 0.0115649644285, 0.00207106862217, 0.000744485179894, 0.00101404520683, 0.000984860234894, 0.00161238596775, 0.000830336357467, 0.002690192312, 0.000427920254879, 0.000479384121718, 0.000465219141915, 0.000841328524984, 0.000398625939852, 0.00044599888497, 0.000373700342607, 0.000350793561665, 0.0001887397666, 0.000176551766344, 0.000127097053337, 9.50789471972e-05, 5.23434973729e-05, 6.65436236886e-05, 4.82670329802e-05, 2.79631476587e-05, 4.69854194307e-06, 7.91144372236e-10],
        "min": [8.74136844686e-07, 0.0006516117719, 7.11410393706e-05, 8.74544184626e-06, 7.85886513768e-05, 2.72436409432e-05, 4.35176916653e-05, 2.17954511754e-05, 5.52733254153e-05, 4.91063337904e-06, 1.58392103913e-05, 1.8557835574e-05, 1.60107665579e-05, 1.45844887811e-05, 2.28191001952e-05, 3.69373410649e-05, 1.24377957036e-05, 1.16842229545e-05, 1.58025977726e-05, 7.77635978011e-06, 1.32891400426e-05, 2.84493739855e-06, 3.00259011965e-06, 4.11107293985e-06, 1.99629448616e-06, 3.33470889791e-10, 8.95616046603e-12],
        "var": [1.09486063593e-06, 0.000130597472889, 9.05591423361e-06, 9.53328890319e-06, 1.14433487397e-05, 4.32230353908e-06, 1.7796697648e-05, 8.62563774717e-06, 8.87294518179e-05, 4.09755784858e-06, 1.05995786726e-06, 3.17399099004e-06, 7.26159987607e-06, 1.12986060685e-06, 1.45229023474e-06, 1.22862979879e-06, 2.1774360448e-07, 1.10310672596e-07, 9.27331527123e-08, 8.26463022463e-08, 1.89450890531e-08, 2.48668943215e-08, 2.02300913799e-08, 2.91578068357e-08, 8.33913649245e-09, 2.15843884432e-10, 1.71606482246e-15]
    },
    "erbbands": {
        "dmean": [0.269281774759, 1.66906344891, 2.29209780693, 2.47543811798, 5.30621862411, 4.27111339569, 5.05860900879, 7.84549283981, 17.3576469421, 23.7104282379, 30.9531936646, 84.4822387695, 16.8643741608, 17.3482131958, 17.1585979462, 28.7067565918, 55.8281059265, 15.8635520935, 28.3385791779, 27.6598911285, 15.8558530807, 12.9930095673, 8.5259847641, 6.57373666763, 7.12088441849, 4.92904615402, 2.78160834312, 2.47898244858, 2.07182359695, 1.76756095886, 1.52919495106, 1.11385381222, 0.689333617687, 0.348847001791, 0.136559307575, 0.0351670309901, 0.00770766893402, 0.000579980609473, 1.50555979417e-05, 1.24492180475e-05],
        "dmean2": [0.466566294432, 2.86265897751, 3.87690520287, 4.01165723801, 8.84641361237, 6.88936853409, 7.97507143021, 11.9316425323, 28.4079742432, 36.0275993347, 47.1667823792, 130.222122192, 26.5254077911, 26.5693225861, 27.130607605, 44.0562896729, 87.2815628052, 24.8846702576, 44.6771965027, 45.3165283203, 24.8579711914, 20.9386749268, 13.2399044037, 10.8889379501, 11.5108833313, 8.03238105774, 4.55387592316, 4.14856815338, 3.51651525497, 2.90068769455, 2.40630984306, 1.68895220757, 0.986885905266, 0.520483732224, 0.201726764441, 0.0550104118884, 0.0121384095401, 0.000895658624358, 2.23820570682e-05, 2.0089737518e-05],
        "dvar": [0.171805024147, 4.32408475876, 10.7583141327, 16.4010028839, 159.717285156, 70.5211639404, 53.3482894897, 130.218490601, 783.519470215, 1797.0065918, 2011.73303223, 17293.4296875, 653.180114746, 621.19317627, 506.926849365, 2034.9675293, 8383.27832031, 498.158538818, 2551.98828125, 2547.86108398, 1017.31329346, 402.455200195, 117.10925293, 66.3654785156, 132.438903809, 48.9120330811, 15.7515707016, 14.6675004959, 14.311835289, 14.4992303848, 5.96824073792, 4.08106565475, 3.4707801342, 0.754526257515, 0.113480463624, 0.00409197388217, 0.00040614878526, 3.1610707083e-06, 1.0671276085e-09, 1.43420011978e-10],
        "dvar2": [0.506186366081, 11.9935426712, 29.3214111328, 39.7075042725, 415.800445557, 153.596237183, 126.775390625, 302.684631348, 1927.26513672, 3870.28320312, 3975.97949219, 40394.8359375, 1679.09545898, 1262.50500488, 1106.65844727, 3924.22924805, 17668.1894531, 1148.93322754, 5378.66894531, 6151.42626953, 2036.0222168, 976.617248535, 266.161621094, 166.371627808, 313.478515625, 119.769935608, 41.0697517395, 39.201007843, 37.9753417969, 34.4683227539, 13.8499221802, 6.607878685, 5.50222110748, 1.1185580492, 0.191420450807, 0.00748796621338, 0.000790068006609, 6.55161966279e-06, 2.0507950893e-09, 3.38299499525e-10],
        "max": [3.13571310043, 15.1884212494, 34.5586662292, 38.6335830688, 172.242050171, 153.318450928, 104.276123047, 175.411895752, 564.194091797, 607.806091309, 977.569885254, 1805.14123535, 487.507751465, 560.439697266, 287.492523193, 914.04675293, 1249.08154297, 347.635894775, 1046.140625, 753.9296875, 830.591918945, 382.578704834, 166.123565674, 114.262397766, 285.8956604, 97.3533477783, 55.5441627502, 42.9452018738, 47.6235237122, 82.6909103394, 43.797504425, 54.5577507019, 55.0884666443, 28.2137718201, 11.1179647446, 1.396058321, 0.483445852995, 0.0389837995172, 0.000753569009248, 0.000134923699079],
        "mean": [0.397484362125, 3.18356704712, 4.93273448944, 4.18583059311, 7.15428256989, 8.0420665741, 9.36887741089, 15.6627569199, 34.2680587769, 47.2461738586, 68.7965621948, 168.826126099, 40.5032196045, 37.1235046387, 32.1787948608, 52.461265564, 91.6994171143, 29.0163345337, 47.0601921082, 44.2026977539, 31.9887065887, 25.9781608582, 17.6719322205, 14.2124767303, 14.8774290085, 10.8728151321, 6.3114323616, 5.1804690361, 4.02121686935, 3.7284617424, 3.36446070671, 2.17675018311, 1.28628897667, 0.646523714066, 0.260977596045, 0.0663619637489, 0.011823464185, 0.000757680216338, 4.26179904025e-05, 5.31591722392e-05],
        "median": [0.17652413249, 2.79860186577, 4.13287258148, 2.45651817322, 2.81734967232, 3.58888459206, 5.68895244598, 9.05961894989, 16.314540863, 27.4279327393, 43.9056396484, 64.4697570801, 21.0979766846, 20.4169178009, 21.2944965363, 30.8006839752, 41.3117218018, 19.9782733917, 26.6164360046, 28.6146945953, 20.4484272003, 19.2015190125, 12.2053995132, 10.4183006287, 8.3053483963, 6.31454181671, 4.0980091095, 3.40039896965, 1.90604937077, 1.79756653309, 1.84243237972, 1.21720695496, 0.735961675644, 0.361985772848, 0.150573641062, 0.0403405688703, 0.00527159171179, 0.000238246517256, 3.3517164411e-05, 5.00152455061e-05],
        "min": [0.00693394104019, 0.17133012414, 0.385062605143, 0.202363744378, 0.118080444634, 0.221802577376, 0.282556205988, 0.41243737936, 1.03411209583, 1.57439815998, 1.46877551079, 1.39272594452, 0.537200331688, 0.797041594982, 1.0779658556, 1.55275702477, 1.24023211002, 1.21332991123, 1.58378827572, 0.99132090807, 2.39864826202, 1.26447975636, 0.685961842537, 1.05832874775, 0.705422520638, 0.444122165442, 0.62856811285, 0.149032250047, 0.134500429034, 0.0972167029977, 0.07999317348, 0.015528078191, 0.0619338266551, 0.0269603077322, 0.00744976522401, 0.000271427212283, 2.40309618675e-05, 3.06741230816e-06, 6.56059046378e-06, 1.39932699312e-05],
        "var": [0.219904646277, 5.41591691971, 11.4903774261, 25.6902942657, 162.839538574, 237.514373779, 121.396881104, 397.737243652, 3043.21826172, 3855.48828125, 5699.13037109, 68661.28125, 3051.97802734, 3059.66113281, 1216.9876709, 5728.94580078, 17856.0742188, 956.692504883, 5249.17773438, 3392.6027832, 2610.43164062, 643.00567627, 300.940216064, 158.145614624, 351.535186768, 154.163833618, 40.7743301392, 28.1525764465, 31.8584423065, 28.2896060944, 15.8524417877, 11.2633743286, 8.60260009766, 1.79794979095, 0.270326167345, 0.00845093186945, 0.000782474002335, 5.35010985914e-06, 2.09147899e-09, 3.58163138037e-10]
    },
    "gfcc": {
        "mean": [39.1707496643, 112.310684204, -128.664642334, 36.9682769775, -59.3530807495, 29.138999939, -32.8481292725, 21.8126144409, -10.5210456848, 7.69744968414, -8.26846408844, -6.15398263931, -8.49436378479],
        "cov": [[617.537719727, -291.643005371, -5.97613573074, 50.2697906494, -63.5362930298, 20.7127952576, -71.3109130859, -4.71564435959, -61.8819580078, 2.07030344009, -74.133934021, 12.7932405472, -31.4613704681], [-291.643005371, 304.255371094, -12.3801460266, -69.9147033691, 34.2262153625, -36.0356292725, 62.8736534119, -16.4640426636, 45.8593406677, -18.3371772766, 67.3085632324, -28.7443580627, 19.8357124329], [-5.97613573074, -12.3801460266, 174.823425293, 62.12550354, -11.7613744736, -36.5428771973, -56.6311798096, -8.06243610382, -21.377073288, 6.0673995018, -28.0624542236, 16.0804386139, -8.72391414642], [50.2697906494, -69.9147033691, 62.12550354, 239.906158447, -20.7756786346, -49.6814422607, -108.57207489, -52.4491271973, -23.2501907349, -36.0912399292, 6.84427976608, 6.79190921783, 33.9439506531], [-63.5362930298, 34.2262153625, -11.7613744736, -20.7756786346, 99.6842193604, 7.71478271484, 8.50398826599, 10.4237031937, 8.89622116089, 15.5501194, 0.311257362366, 1.62363016605, -1.5570268631], [20.7127952576, -36.0356292725, -36.5428771973, -49.6814422607, 7.71478271484, 129.308166504, 74.5373001099, 10.0939483643, -0.155989155173, 7.00035810471, 3.75271463394, -8.9371881485, 0.978696346283], [-71.3109130859, 62.8736534119, -56.6311798096, -108.57207489, 8.50398826599, 74.5373001099, 151.83215332, 49.6833992004, 23.1507663727, 1.21746718884, 17.3059520721, -15.9416570663, -5.4412651062], [-4.71564435959, -16.4640426636, -8.06243610382, -52.4491271973, 10.4237031937, 10.0939483643, 49.6833992004, 81.5466384888, 35.1600494385, 13.415933609, -11.0194368362, -2.15258693695, -6.43270635605], [-61.8819580078, 45.8593406677, -21.377073288, -23.2501907349, 8.89622116089, -0.155989155173, 23.1507663727, 35.1600494385, 83.2612686157, 24.7348442078, 11.7580089569, -11.718914032, 7.17495059967], [2.07030344009, -18.3371772766, 6.0673995018, -36.0912399292, 15.5501194, 7.00035810471, 1.21746718884, 13.415933609, 24.7348442078, 57.7765350342, 6.72029733658, 11.4106683731, -10.6131162643], [-74.133934021, 67.3085632324, -28.0624542236, 6.84427976608, 0.311257362366, 3.75271463394, 17.3059520721, -11.0194368362, 11.7580089569, 6.72029733658, 94.7411270142, 13.5393981934, 16.4115753174], [12.7932405472, -28.7443580627, 16.0804386139, 6.79190921783, 1.62363016605, -8.9371881485, -15.9416570663, -2.15258693695, -11.718914032, 11.4106683731, 13.5393981934, 56.4307518005, 13.6424074173], [-31.4613704681, 19.8357124329, -8.72391414642, 33.9439506531, -1.5570268631, 0.978696346283, -5.4412651062, -6.43270635605, 7.17495059967, -10.6131162643, 16.4115753174, 13.6424074173, 60.0102386475]],
        "icov": [[0.00326233636588, 0.0033421467524, 0.000315481447615, 0.000774487445597, 0.000837184663396, 0.000536398903932, 0.000270783988526, 0.000885893008672, 0.000228751392569, 0.000683397985995, 1.052260086e-05, 0.000795844418462, 0.00025560965878], [0.0033421467524, 0.0183290466666, -0.00634322687984, 0.0090937865898, -0.00578706292436, 0.0104050021619, -0.00805945787579, 0.0143899414688, -0.0103555452079, 0.0120164006948, -0.00998961087316, 0.00858137384057, -0.00573589885607], [0.000315481447615, -0.00634322687984, 0.010773498565, -0.00581326149404, 0.00380986044183, -0.00330393295735, 0.00430041179061, -0.0071138413623, 0.00655647972599, -0.00768453581259, 0.00661081960425, -0.0050210757181, 0.00408714218065], [0.000774487445597, 0.0090937865898, -0.00581326149404, 0.0133219407871, -0.00327400746755, 0.00477641401812, 0.00112787098624, 0.0086788199842, -0.00684467656538, 0.0115681570023, -0.0075709647499, 0.00562644470483, -0.00645487150177], [0.000837184663396, -0.00578706292436, 0.00380986044183, -0.00327400746755, 0.0138466507196, -0.00446929549798, 0.00397032266483, -0.00667118420824, 0.00508655328304, -0.00772136542946, 0.00473165558651, -0.00313708768226, 0.00227998825721], [0.000536398903932, 0.0104050021619, -0.00330393295735, 0.00477641401812, -0.00446929549798, 0.0186502430588, -0.0128084383905, 0.0113742789254, -0.00449401279911, 0.00338767678477, -0.00497266743332, 0.00638540601358, -0.00565756298602], [0.000270783988526, -0.00805945787579, 0.00430041179061, 0.00112787098624, 0.00397032266483, -0.0128084383905, 0.0224545821548, -0.0149092115462, 0.00509644020349, -0.00022465478105, 0.000893436139449, -0.00174279918429, 0.00304566137493], [0.000885893008672, 0.0143899414688, -0.0071138413623, 0.0086788199842, -0.00667118420824, 0.0113742789254, -0.0149092115462, 0.0337217375636, -0.0176189728081, 0.0102377226576, -0.00438950816169, 0.00347116892226, -0.00400242395699], [0.000228751392569, -0.0103555452079, 0.00655647972599, -0.00684467656538, 0.00508655328304, -0.00449401279911, 0.00509644020349, -0.0176189728081, 0.0284045673907, -0.0185459014028, 0.00484777055681, 0.00236063776538, -0.00139216193929], [0.000683397985995, 0.0120164006948, -0.00768453581259, 0.0115681570023, -0.00772136542946, 0.00338767678477, -0.00022465478105, 0.0102377226576, -0.0185459014028, 0.0382331050932, -0.0104717649519, -0.00164745340589, 0.00176480365917], [1.052260086e-05, -0.00998961087316, 0.00661081960425, -0.0075709647499, 0.00473165558651, -0.00497266743332, 0.000893436139449, -0.00438950816169, 0.00484777055681, -0.0104717649519, 0.0207345541567, -0.00932913459837, 0.00238403375261], [0.000795844418462, 0.00858137384057, -0.0050210757181, 0.00562644470483, -0.00313708768226, 0.00638540601358, -0.00174279918429, 0.00347116892226, 0.00236063776538, -0.00164745340589, -0.00932913459837, 0.0291142500937, -0.0109441187233], [0.00025560965878, -0.00573589885607, 0.00408714218065, -0.00645487150177, 0.00227998825721, -0.00565756298602, 0.00304566137493, -0.00400242395699, -0.00139216193929, 0.00176480365917, 0.00238403375261, -0.0109441187233, 0.0252521447837]]
    },
    "melbands": {
        "dmean": [0.00215986906551, 0.00145180360414, 0.000550827069674, 0.000323890795698, 0.000174924964085, 0.000175080334884, 0.000276242790278, 0.000239352855715, 0.000340075901477, 0.000466488243546, 8.15726962173e-05, 7.64164506109e-05, 7.45775832911e-05, 5.60717271583e-05, 0.000130429674755, 7.57612142479e-05, 3.04291315842e-05, 5.33722559339e-05, 3.18138336297e-05, 3.29735412379e-05, 1.87824371096e-05, 1.44736059156e-05, 1.3414730347e-05, 7.41372923585e-06, 5.46441151528e-06, 6.32471846984e-06, 4.60971932625e-06, 3.26148119711e-06, 2.01433977054e-06, 1.67915209204e-06, 1.4639164192e-06, 1.3220000028e-06, 1.13976011562e-06, 9.91208935375e-07, 1.005992317e-06, 8.22886192964e-07, 7.45216937048e-07, 5.55330018415e-07, 4.12597387367e-07, 2.67268802645e-07],
        "dmean2": [0.0037291450426, 0.00242340215482, 0.000885656976607, 0.000523485650774, 0.000275614933344, 0.000265850598225, 0.000444605131634, 0.000360527803423, 0.000510607555043, 0.000722066091839, 0.000130091648316, 0.000116640105261, 0.000119544747577, 8.55301550473e-05, 0.000202869734494, 0.000118147996545, 4.8370930017e-05, 8.51610457175e-05, 5.22400259797e-05, 5.31886435056e-05, 2.9974617064e-05, 2.33976370509e-05, 2.17012675421e-05, 1.17647541629e-05, 9.1590491138e-06, 1.05640247057e-05, 7.28154373064e-06, 5.42252246305e-06, 3.28033388541e-06, 2.84514203486e-06, 2.4546638997e-06, 2.26829661187e-06, 1.86830175153e-06, 1.64026425864e-06, 1.62268599979e-06, 1.29920260861e-06, 1.13806504487e-06, 8.25289873774e-07, 6.00225803282e-07, 4.15150935851e-07],
        "dvar": [9.45301599131e-06, 2.99390717373e-06, 1.15533782719e-06, 3.87146997127e-07, 7.20297776979e-08, 5.85912758311e-08, 1.88138358226e-07, 1.61360674156e-07, 1.95334663999e-07, 5.25316011135e-07, 1.81298496216e-08, 1.30684165711e-08, 1.09483391242e-08, 8.09942690694e-09, 3.9626687709e-08, 1.35583837491e-08, 2.17238382838e-09, 8.51892512088e-09, 3.7612846171e-09, 4.8247379425e-09, 1.08107300889e-09, 5.21228782357e-10, 3.01907748801e-10, 1.40089828626e-10, 4.46351670902e-11, 1.06897074525e-10, 5.64582512685e-11, 2.28514152045e-11, 8.20871842722e-12, 6.64196475597e-12, 5.29709175828e-12, 5.84012222263e-12, 5.10873027909e-12, 4.36818073032e-12, 2.35585531118e-12, 2.45430607261e-12, 2.42500247313e-12, 2.03799108665e-12, 1.7277868589e-12, 3.902731274e-13],
        "dvar2": [2.66564838967e-05, 7.97869415692e-06, 2.9063578495e-06, 9.42874464727e-07, 1.7119161555e-07, 1.32439154754e-07, 4.5801931492e-07, 3.4546295069e-07, 4.04180838132e-07, 1.23819620512e-06, 4.53612400975e-08, 2.67298023715e-08, 2.45437128399e-08, 1.69060925259e-08, 7.67111316691e-08, 2.8797513707e-08, 5.0160391396e-09, 1.86341235775e-08, 9.43413702714e-09, 1.09527196201e-08, 2.11939998884e-09, 1.28482402495e-09, 7.43653083557e-10, 3.30435373508e-10, 1.1319884613e-10, 2.74152339719e-10, 1.16839121711e-10, 5.81574510772e-11, 2.15697217032e-11, 1.8212211253e-11, 1.42419791238e-11, 1.59924764404e-11, 1.29602283766e-11, 1.03777377317e-11, 5.69379612902e-12, 6.04360572004e-12, 4.44251623336e-12, 3.41042862353e-12, 2.82334247127e-12, 6.36185331845e-13],
        "max": [0.0236461907625, 0.014443224296, 0.0128139238805, 0.00732674170285, 0.00447993259877, 0.00359985325485, 0.008394934237, 0.00538969691843, 0.00739357667044, 0.00970870628953, 0.00226980820298, 0.00251189386472, 0.00132472615223, 0.00133028463461, 0.0039733145386, 0.00158127082977, 0.000680322817061, 0.00153410667554, 0.00107390771154, 0.00165737152565, 0.000885936955456, 0.000415839807829, 0.000287544680759, 0.00020396221953, 9.26090360736e-05, 0.000224600982619, 0.000145246376633, 5.17467378813e-05, 5.14401181135e-05, 2.72982506431e-05, 2.719647091e-05, 3.07059381157e-05, 3.39214930136e-05, 4.61570707557e-05, 2.28792232519e-05, 3.57925637218e-05, 4.98073022754e-05, 4.02902696806e-05, 4.46444355475e-05, 1.89131478692e-05],
        "mean": [0.00379377626814, 0.00332012097351, 0.000880314328242, 0.000540994864423, 0.00034286751179, 0.000352362549165, 0.000548599928152, 0.000483410316519, 0.00074741395656, 0.000934801995754, 0.000171178471646, 0.000156434936798, 0.000123833713587, 9.15702694329e-05, 0.000229063880397, 0.000122940560686, 4.99726047565e-05, 8.30784483696e-05, 5.09628662257e-05, 5.39669745194e-05, 3.44532636518e-05, 2.62282537733e-05, 2.28676526604e-05, 1.35725567816e-05, 1.09392585728e-05, 1.12985235319e-05, 1.00467395896e-05, 6.38547453491e-06, 4.075770903e-06, 3.30529837811e-06, 2.78455036096e-06, 2.34902540797e-06, 2.03594436243e-06, 2.02307478503e-06, 2.04756474886e-06, 1.60063939347e-06, 1.23446113776e-06, 9.64214677879e-07, 7.13865063062e-07, 4.72055262435e-07],
        "median": [0.00248902244493, 0.00301948888227, 0.000465167628136, 0.000234449471463, 0.000209344754694, 0.000203692354262, 0.000286266411422, 0.000271851546131, 0.000439165334683, 0.000370852299966, 6.71581146889e-05, 7.83496361692e-05, 7.44757926441e-05, 4.16930633946e-05, 0.000121472927276, 6.25564352958e-05, 3.00457759295e-05, 4.43610588263e-05, 3.13054697472e-05, 3.15766847052e-05, 2.20822948904e-05, 1.82725798368e-05, 1.6660822439e-05, 7.89298337622e-06, 8.11756035546e-06, 6.33544459561e-06, 5.13135501023e-06, 3.5903292428e-06, 2.54068140748e-06, 2.30456225836e-06, 1.71719443642e-06, 1.08364554308e-06, 9.43613997606e-07, 9.76848241407e-07, 1.10342716653e-06, 8.91516776846e-07, 6.64664412398e-07, 5.54062353331e-07, 3.64851246104e-07, 2.62612331881e-07],
        "min": [0.000112033369078, 0.000262411922449, 3.74883020413e-05, 1.31028882606e-05, 7.25259724277e-06, 7.16134127288e-06, 7.62572972235e-06, 1.35714453791e-05, 7.3358805821e-06, 7.42521888242e-06, 1.06915331344e-06, 2.87347347694e-06, 3.76980892725e-06, 2.49890990744e-06, 3.45406442648e-06, 1.26299937619e-06, 9.82497226687e-07, 1.76736250523e-06, 1.27266775962e-06, 1.67417078956e-06, 1.93874097931e-06, 7.07621666152e-07, 3.46187107425e-07, 5.14561577347e-07, 8.672381e-07, 5.0091199455e-07, 2.9927923606e-07, 2.21644299359e-07, 3.77664463258e-07, 9.3603041762e-08, 4.90572986678e-08, 5.5049323322e-08, 4.02796267451e-08, 5.19533713828e-08, 4.67858711772e-08, 8.84173712024e-09, 4.45042624975e-09, 2.75841713915e-08, 1.72691994038e-08, 1.07882360822e-08],
