{
"highlevel": {
    "danceability": {
        "all": {
            "danceable": 0.999999463558,
            "not_danceable": 5.43294788713e-07
        },
        "probability": 0.999999463558,
        "value": "danceable"
    },
    "gender": {
        "all": {
            "female": 0.62211805582,
            "male": 0.377881973982
        },
        "probability": 0.62211805582,
        "value": "female"
    },
    "genre_dortmund": {
        "all": {
            "alternative": 0.00196392228827,
            "blues": 0.00451069604605,
            "electronic": 0.36149123311,
            "folkcountry": 0.00288206129335,
            "funksoulrnb": 0.00182780600153,
            "jazz": 0.0484874621034,
            "pop": 0.00602178648114,
            "raphiphop": 0.569877266884,
            "rock": 0.00293777976185
        },
        "probability": 0.569877266884,
        "value": "raphiphop"
    },
    "genre_electronic": {
        "all": {
            "ambient": 0.278094857931,
            "dnb": 0.0683995559812,
            "house": 0.518498659134,
            "techno": 0.116103097796,
            "trance": 0.0189038459212
        },
        "probability": 0.518498659134,
        "value": "house"
    },
    "genre_rosamerica": {
        "all": {
            "cla": 0.00410114321858,
            "dan": 0.00700294412673,
            "hip": 0.539052069187,
            "jaz": 0.00465130247176,
            "pop": 0.00399809889495,
            "rhy": 0.42007035017,
            "roc": 0.000557763676625,
            "spe": 0.0205663181841
        },
        "probability": 0.539052069187,
        "value": "hip"
    },
    "genre_tzanetakis": {
        "all": {
            "blu": 1.69366931368e-14,
            "cla": 1.09051070447e-14,
            "cou": 2.16908451243e-14,
            "dis": 2.15938835687e-14,
            "hip": 4.29717195258e-14,
            "jaz": 0.999999940395,
            "met": 2.0000017642e-08,
            "pop": 2.0000017642e-08,
            "reg": 1.66666822565e-08,
            "roc": 2.50000233848e-08
        },
        "probability": 0.999999940395,
        "value": "jaz"
    },
    "ismir04_rhythm": {
        "all": {
            "ChaChaCha": 0.0440600775182,
            "Jive": 0.0451421029866,
            "Quickstep": 0.0478071123362,
            "Rumba-American": 0.0190009362996,
            "Rumba-International": 0.660736441612,
            "Rumba-Misc": 0.042256411165,
            "Samba": 0.0958457663655,
            "Tango": 0.0113361217082,
            "VienneseWaltz": 0.00766775663942,
            "Waltz": 0.0261472966522
        },
        "probability": 0.660736441612,
        "value": "Rumba-International"
    },
    "mood_acoustic": {
        "all": {
            "acoustic": 0.0061409776099,
            "not_acoustic": 0.993858993053
        },
        "probability": 0.993858993053,
        "value": "not_acoustic"
    },
    "mood_aggressive": {
        "all": {
            "aggressive": 0.667246818542,
            "not_aggressive": 0.33275321126
        },
        "probability": 0.667246818542,
        "value": "aggressive"
    },
    "mood_electronic": {
        "all": {
            "electronic": 0.971962809563,
            "not_electronic": 0.0280372109264
        },
        "probability": 0.971962809563,
        "value": "electronic"
    },
    "mood_happy": {
        "all": {
            "happy": 0.0613539032638,
            "not_happy": 0.93864607811
        },
        "probability": 0.93864607811,
        "value": "not_happy"
    },
    "mood_party": {
        "all": {
            "not_party": 0.46568992734,
            "party": 0.534310042858
        },
        "probability": 0.534310042858,
        "value": "party"
    },
    "mood_relaxed": {
        "all": {
            "not_relaxed": 0.0664828419685,
            "relaxed": 0.933517158031
        },
        "probability": 0.933517158031,
        "value": "relaxed"
    },
    "mood_sad": {
        "all": {
            "not_sad": 0.243282958865,
            "sad": 0.756717026234
        },
        "probability": 0.756717026234,
        "value": "sad"
    },
    "moods_mirex": {
        "all": {
            "Cluster1": 0.097309730947,
            "Cluster2": 0.0544256195426,
            "Cluster3": 0.272334069014,
            "Cluster4": 0.0364851132035,
            "Cluster5": 0.539445459843
        },
        "probability": 0.539445459843,
        "value": "Cluster5"
    },
    "timbre": {
        "all": {
            "bright": 0.458748191595,
            "dark": 0.541251838207
        },
        "probability": 0.541251838207,
        "value": "dark"
    },
    "tonal_atonal": {
        "all": {
            "atonal": 0.248435243964,
            "tonal": 0.751564741135
        },
        "probability": 0.751564741135,
        "value": "tonal"
    },
    "voice_instrumental": {
        "all": {
            "instrumental": 0.978802680969,
            "voice": 0.0211973413825
        },
        "probability": 0.978802680969,
        "value": "instrumental"
    }
},
"lowlevel": {
    "average_loudness": 0.840568482876,
    "barkbands_crest": {
        "dmean": 2.29617547989,
        "dmean2": 3.7575905323,
        "dvar": 8.10824871063,
        "dvar2": 20.3150424957,
        "max": 26.038816452,
        "mean": 15.8277263641,
        "median": 15.7437448502,
        "min": 2.73772001266,
        "var": 35.2814445496
    },
    "barkbands_flatness_db": {
        "dmean": 0.0351617448032,
        "dmean2": 0.0527241565287,
        "dvar": 0.0016726939939,
        "dvar2": 0.00302353268489,
        "max": 0.553762018681,
        "mean": 0.281824618578,
        "median": 0.299234062433,
        "min": 0.0512688793242,
        "var": 0.00931904837489
    },
    "barkbands_kurtosis": {
        "dmean": 29.3643703461,
        "dmean2": 44.608543396,
        "dvar": 7740.24365234,
        "dvar2": 15516.3222656,
        "max": 1546.90625,
        "mean": 56.0732688904,
        "median": 15.3165073395,
        "min": -1.74506664276,
        "var": 15776.7265625
    },
    "barkbands_skewness": {
        "dmean": 1.29787123203,
        "dmean2": 1.96598827839,
        "dvar": 3.64682292938,
        "dvar2": 7.03125905991,
        "max": 31.921957016,
        "mean": 4.20508432388,
        "median": 3.06851911545,
        "min": -2.88071227074,
        "var": 16.1958007812
    },
    "barkbands_spread": {
        "dmean": 4.38767910004,
        "dmean2": 7.4069442749,
        "dvar": 94.4676132202,
        "dvar2": 223.028274536,
        "max": 85.3813018799,
        "mean": 8.10461139679,
        "median": 4.45502185822,
        "min": 0.0837115570903,
        "var": 139.031768799
    },
    "dissonance": {
        "dmean": 0.0316361300647,
        "dmean2": 0.052401676774,
        "dvar": 0.0011820794316,
        "dvar2": 0.00308873574249,
        "max": 0.499999880791,
        "mean": 0.413320541382,
        "median": 0.431731939316,
        "min": 0.182439640164,
        "var": 0.00449568033218
    },
    "dynamic_complexity": 6.20605373383,
    "erbbands_crest": {
        "dmean": 2.4324324131,
        "dmean2": 3.98243784904,
        "dvar": 6.63493347168,
        "dvar2": 15.9016599655,
        "max": 33.1254005432,
        "mean": 12.5717468262,
        "median": 10.9677057266,
        "min": 2.30986428261,
        "var": 42.9736442566
    },
    "erbbands_flatness_db": {
        "dmean": 0.0256899166852,
        "dmean2": 0.0387513749301,
        "dvar": 0.00079920591088,
        "dvar2": 0.00163825729396,
        "max": 0.44115793705,
        "mean": 0.174109369516,
        "median": 0.15918366611,
        "min": 0.0461948551238,
        "var": 0.0051574325189
    },
    "erbbands_kurtosis": {
        "dmean": 3.55621123314,
        "dmean2": 5.42877960205,
        "dvar": 37.6560020447,
        "dvar2": 71.1183624268,
        "max": 167.442047119,
        "mean": 8.76692581177,
        "median": 3.95899295807,
        "min": -1.62881839275,
        "var": 237.222808838
    },
    "erbbands_skewness": {
        "dmean": 0.594376146793,
        "dmean2": 0.956126630306,
        "dvar": 0.448127955198,
        "dvar2": 1.06295192242,
        "max": 6.94116592407,
        "mean": 1.44359004498,
        "median": 1.36445951462,
        "min": -3.41399383545,
        "var": 1.23691439629
    },
    "erbbands_spread": {
        "dmean": 11.5067501068,
        "dmean2": 18.4686126709,
        "dvar": 217.587509155,
        "dvar2": 524.217834473,
        "max": 151.202972412,
        "mean": 33.4417304993,
        "median": 27.19024086,
        "min": 0.651381969452,
        "var": 684.663757324
    },
    "hfc": {
        "dmean": 8.76239585876,
        "dmean2": 15.2433843613,
        "dvar": 1357.30981445,
        "dvar2": 3854.95166016,
        "max": 484.885467529,
        "mean": 9.6344499588,
        "median": 3.68981003761,
        "min": 0.165416285396,
        "var": 865.971984863
    },
    "melbands_crest": {
        "dmean": 2.55583071709,
        "dmean2": 4.12521696091,
        "dvar": 9.75216674805,
        "dvar2": 24.8812332153,
        "max": 36.5141372681,
        "mean": 23.5791759491,
        "median": 23.9414978027,
        "min": 3.55723571777,
        "var": 45.9982261658
    },
    "melbands_flatness_db": {
        "dmean": 0.0397637151182,
        "dmean2": 0.0586695596576,
        "dvar": 0.00248970882967,
        "dvar2": 0.00440270965919,
        "max": 0.696448028088,
        "mean": 0.374371767044,
        "median": 0.401223540306,
        "min": 0.025427211076,
        "var": 0.0139263905585
    },
    "melbands_kurtosis": {
        "dmean": 32.3004951477,
        "dmean2": 50.6208305359,
        "dvar": 5375.10644531,
        "dvar2": 11561.5498047,
        "max": 1182.046875,
        "mean": 73.0336380005,
        "median": 27.5284042358,
        "min": -1.61769878864,
        "var": 17192.8007812
    },
    "melbands_skewness": {
        "dmean": 1.26772391796,
        "dmean2": 1.98594498634,
        "dvar": 3.32243227959,
        "dvar2": 7.70508432388,
        "max": 23.6391735077,
        "mean": 4.64860725403,
        "median": 3.88864922523,
        "min": -2.10660600662,
        "var": 14.162727356
    },
    "melbands_spread": {
        "dmean": 3.89646172523,
        "dmean2": 6.373026371,
        "dvar": 137.82875061,
        "dvar2": 345.962005615,
        "max": 124.950935364,
        "mean": 7.00316619873,
        "median": 4.12288713455,
        "min": 0.168449983001,
        "var": 148.175872803
    },
    "pitch_salience": {
        "dmean": 0.0780488327146,
        "dmean2": 0.130544766784,
        "dvar": 0.00812436919659,
        "dvar2": 0.0211463551968,
        "max": 0.897279441357,
        "mean": 0.40615260601,
        "median": 0.432813227177,
        "min": 0.0420223325491,
        "var": 0.0351578295231
    },
    "silence_rate_20dB": {
        "dmean": 0.0247678011656,
        "dmean2": 0.0495739728212,
        "dvar": 0.0241547562182,
        "dvar2": 0.0471156910062,
        "max": 1,
        "mean": 0.96210360527,
        "median": 1,
        "min": 0,
        "var": 0.0364593751729
    },
    "silence_rate_30dB": {
        "dmean": 0.0325077399611,
        "dmean2": 0.0642912462354,
        "dvar": 0.031450919807,
        "dvar2": 0.0632573068142,
        "max": 1,
        "mean": 0.924207270145,
        "median": 1,
        "min": 0,
        "var": 0.070048481226
    },
    "silence_rate_60dB": {
        "dmean": 0.0410216711462,
        "dmean2": 0.0821068957448,
        "dvar": 0.0393386483192,
        "dvar2": 0.0908581018448,
        "max": 1,
        "mean": 0.262954384089,
        "median": 0,
        "min": 0,
        "var": 0.193807631731
    },
    "spectral_centroid": {
        "dmean": 224.049804688,
        "dmean2": 368.643127441,
        "dvar": 175492.5,
        "dvar2": 404453.28125,
        "max": 3579.87915039,
        "mean": 601.413208008,
        "median": 398.130096436,
        "min": 92.9675521851,
        "var": 275092.71875
    },
    "spectral_complexity": {
        "dmean": 1.84210526943,
        "dmean2": 3.10534477234,
        "dvar": 22.1373920441,
        "dvar2": 48.7625007629,
        "max": 59,
        "mean": 5.83990716934,
        "median": 5,
        "min": 0,
        "var": 26.4672431946
    },
    "spectral_decrease": {
        "dmean": 8.45614511746e-09,
        "dmean2": 1.27881198964e-08,
        "dvar": 1.34033455958e-15,
        "dvar2": 3.28550781823e-15,
        "max": -1.00556993288e-10,
        "mean": -1.54232804306e-08,
        "median": -8.16663625614e-09,
        "min": -3.67801959555e-07,
        "var": 1.48498714054e-15
    },
    "spectral_energy": {
        "dmean": 0.0326621867716,
        "dmean2": 0.0495551787317,
        "dvar": 0.0195820797235,
        "dvar2": 0.0480774380267,
        "max": 1.40546047688,
        "mean": 0.0590849034488,
        "median": 0.0316440351307,
        "min": 0.000408678228268,
        "var": 0.0216081272811
    },
    "spectral_energyband_high": {
        "dmean": 0.000434676272562,
        "dmean2": 0.000825886498205,
        "dvar": 1.34586880449e-05,
        "dvar2": 3.97478033847e-05,
        "max": 0.0566935613751,
        "mean": 0.000265318725724,
        "median": 1.6730509742e-05,
        "min": 3.03275805891e-06,
        "var": 7.05194997863e-06
    },
    "spectral_energyband_low": {
        "dmean": 0.0264406204224,
        "dmean2": 0.0391477309167,
        "dvar": 0.0147469807416,
        "dvar2": 0.0353317335248,
        "max": 1.28665351868,
        "mean": 0.0486748330295,
        "median": 0.0117639275268,
        "min": 6.50304718874e-05,
        "var": 0.0171304494143
    },
    "spectral_energyband_middle_high": {
        "dmean": 0.00105698895641,
        "dmean2": 0.00190896494314,
        "dvar": 3.53751856892e-05,
        "dvar2": 9.86096201814e-05,
        "max": 0.0734643340111,
        "mean": 0.000721856020391,
        "median": 5.60780099477e-05,
        "min": 6.16767056272e-06,
        "var": 2.18434925046e-05
    },
    "spectral_energyband_middle_low": {
        "dmean": 0.0107828238979,
        "dmean2": 0.0198912285268,
        "dvar": 0.00311330961995,
        "dvar2": 0.00900609605014,
        "max": 0.506180047989,
        "mean": 0.0115240709856,
        "median": 0.00208054413088,
        "min": 9.83325880952e-05,
        "var": 0.00194750237279
    },
    "spectral_entropy": {
        "dmean": 0.323078751564,
        "dmean2": 0.498923063278,
        "dvar": 0.126615524292,
        "dvar2": 0.246366396546,
        "max": 8.54391384125,
        "mean": 6.90094900131,
        "median": 6.95149517059,
        "min": 4.41032409668,
        "var": 0.704772233963
    },
    "spectral_flux": {
        "dmean": 0.0392150953412,
        "dmean2": 0.0646168068051,
        "dvar": 0.0138656049967,
        "dvar2": 0.0246713217348,
        "max": 1.14860641956,
        "mean": 0.0741557255387,
        "median": 0.0332820490003,
        "min": 0.00650115730241,
        "var": 0.0226085018367
    },
    "spectral_kurtosis": {
        "dmean": 4.05707836151,
        "dmean2": 6.48541975021,
        "dvar": 60.125919342,
        "dvar2": 141.994903564,
        "max": 97.6280212402,
        "mean": 8.9831199646,
        "median": 4.98412513733,
        "min": -0.334248304367,
        "var": 127.995094299
    },
    "spectral_rms": {
        "dmean": 0.00115144322626,
        "dmean2": 0.00166625517886,
        "dvar": 1.1228040421e-05,
        "dvar2": 2.43823451456e-05,
        "max": 0.0370294600725,
        "mean": 0.00563711626455,
        "median": 0.0055562783964,
        "min": 0.000631435250398,
        "var": 2.58667150774e-05
    },
    "spectral_rolloff": {
        "dmean": 292.630432129,
        "dmean2": 501.052185059,
        "dvar": 1108982.125,
        "dvar2": 2917203.25,
        "max": 11197.265625,
        "mean": 443.57019043,
        "median": 236.865234375,
        "min": 21.533203125,
        "var": 969257.0625
    },
    "spectral_skewness": {
        "dmean": 0.478536844254,
        "dmean2": 0.747783780098,
        "dvar": 0.354462862015,
        "dvar2": 0.748649835587,
        "max": 8.28275680542,
        "mean": 2.33841300011,
        "median": 2.01184105873,
        "min": 0.440512031317,
        "var": 1.37986505032
    },
    "spectral_spread": {
        "dmean": 984609.5,
        "dmean2": 1591093,
        "dvar": 1.27701273805e+12,
        "dvar2": 3.08589651558e+12,
        "max": 11886470,
        "mean": 4949882,
        "median": 4932037.5,
        "min": 656116.6875,
        "var": 3.05964908544e+12
    },
    "spectral_strongpeak": {
        "dmean": 0.166267767549,
        "dmean2": 0.268283486366,
        "dvar": 0.153808638453,
        "dvar2": 0.30412453413,
        "max": 6.72855186462,
        "mean": 0.507957994938,
        "median": 0.375925511122,
        "min": 0,
        "var": 0.495899170637
    },
    "zerocrossingrate": {
        "dmean": 0.00666209124029,
        "dmean2": 0.00884201284498,
        "dvar": 0.000124862417579,
        "dvar2": 0.000192571795196,
        "max": 0.23046875,
        "mean": 0.0218431279063,
        "median": 0.015625,
        "min": 0.001953125,
        "var": 0.00048414588673
    },
    "barkbands": {
        "dmean": [0.00119169557001, 0.0160081181675, 0.0138790626079, 0.00652267038822, 0.00287846731953, 0.00126354151871, 0.000317994185025, 0.000251499324804, 0.000140070915222, 7.57621382945e-05, 0.00012449080532, 6.95501294103e-05, 0.000137748502311, 0.000205557094887, 0.000116649775009, 0.000185150638572, 7.17865623301e-05, 4.64844561066e-05, 5.74387559027e-05, 3.94540184061e-05, 9.62657504715e-05, 0.000174693457666, 8.91837844392e-05, 2.79947525996e-05, 2.42638998316e-05, 1.77299334609e-05, 2.18871232249e-08],
        "dmean2": [0.00199310388416, 0.0215668138117, 0.0267522037029, 0.0126802809536, 0.00513327494264, 0.00200362899341, 0.000528870499693, 0.000359023630153, 0.000185223863809, 0.000139589814353, 0.000237463013036, 0.000125286256662, 0.000254453596426, 0.000365777523257, 0.000214290863369, 0.000350675400114, 0.000134622081532, 8.49914431456e-05, 0.000106856488856, 7.25166828488e-05, 0.000184435935807, 0.0003382138093, 0.000170763742062, 5.21543370269e-05, 4.41632764705e-05, 3.11694784614e-05, 4.24978097158e-08],
        "dvar": [3.60316380466e-06, 0.00433256104589, 0.00740261794999, 0.00179944653064, 0.000129033433041, 3.4850632801e-05, 7.96799724867e-07, 1.52798429554e-06, 4.44618535766e-07, 1.12221023585e-07, 4.53821940027e-07, 1.1703429692e-07, 5.54555072085e-07, 1.52160623657e-06, 5.17911985298e-07, 1.56716487254e-06, 2.54581692616e-07, 9.61054311688e-08, 1.23231558291e-07, 6.96973856407e-08, 7.87247813605e-07, 2.94498067888e-06, 7.22848653822e-07, 2.76146554512e-08, 7.64250174257e-09, 6.68273480997e-09, 4.45884851936e-14],
        "dvar2": [9.10838934942e-06, 0.0088274506852, 0.0217696931213, 0.00529973534867, 0.000359003897756, 5.23634189449e-05, 1.93378969016e-06, 2.17098340727e-06, 5.86556325288e-07, 3.23753624798e-07, 1.32173579459e-06, 3.27447565951e-07, 1.57450813276e-06, 3.93804430132e-06, 1.47819798713e-06, 4.54790188087e-06, 7.24948677089e-07, 2.76490851547e-07, 3.58673645451e-07, 2.01029692448e-07, 2.33627315538e-06, 8.71241809364e-06, 2.14023884837e-06, 8.05846767093e-08, 2.15945235027e-08, 1.82665509385e-08, 1.31450229933e-13],
        "max": [0.0249750725925, 0.764318287373, 0.771060109138, 0.390092492104, 0.131203591824, 0.190039023757, 0.0173845738173, 0.0501869097352, 0.0217002034187, 0.00326313241385, 0.00666429381818, 0.00383534515277, 0.00771016441286, 0.0132068675011, 0.00959194637835, 0.0144633548334, 0.0087902834639, 0.00406224373728, 0.00604985654354, 0.0041533857584, 0.015549197793, 0.0232307296246, 0.0144612565637, 0.00207714363933, 0.00113352399785, 0.00197207881138, 3.52827919414e-06],
        "mean": [0.00224655284546, 0.0347750745714, 0.00955989677459, 0.00368414120749, 0.00313822529279, 0.0022901839111, 0.00127612426877, 0.000694280548487, 0.000427210557973, 6.47637280053e-05, 7.40964824217e-05, 4.84895026602e-05, 8.49622083479e-05, 0.000145312194945, 7.34055356588e-05, 0.00010716846009, 4.63127871626e-05, 3.04165059788e-05, 3.73008660972e-05, 2.61989098362e-05, 5.53525824216e-05, 9.71785630099e-05, 5.09059173055e-05, 1.90955197468e-05, 1.76286030182e-05, 1.46012662299e-05, 1.29828690021e-08],
        "median": [0.000854436715599, 0.00582114281133, 0.00167479738593, 7.46366786188e-05, 0.000592583674006, 0.000160108771524, 0.000297234539175, 7.98498294898e-05, 3.91640242015e-05, 1.12304505819e-05, 4.12557074014e-06, 4.87894794787e-06, 3.71375472241e-06, 2.78757875094e-06, 3.04383229377e-06, 2.5252584237e-06, 2.58007207776e-06, 2.71228350357e-06, 2.67788323072e-06, 2.68519966085e-06, 2.57982378571e-06, 2.29830948228e-06, 2.03506806429e-06, 2.98958525491e-06, 2.44688521889e-06, 8.4100128106e-07, 3.82041120961e-10],
        "min": [2.04436150852e-06, 1.74510132638e-05, 6.75403498462e-06, 8.59747103732e-07, 2.11697333725e-05, 2.8374613521e-06, 1.43612010106e-06, 6.55729195387e-07, 6.81320898366e-07, 4.12986338461e-07, 9.7003344024e-08, 2.2673998501e-07, 1.00473044995e-07, 8.70103065154e-08, 1.65725793977e-07, 2.73668746331e-07, 1.74438525846e-07, 2.61758600573e-07, 2.92241878697e-07, 3.64987897683e-07, 3.60621982054e-07, 3.82994500114e-07, 5.56596617685e-08, 3.60057406112e-09, 1.79434120895e-08, 5.34145158659e-11, 5.90794635436e-11],
        "var": [1.01641790025e-05, 0.00645652785897, 0.00390704767779, 0.000949422072154, 9.3615060905e-05, 0.000171537991264, 4.11669316236e-06, 9.34177660383e-06, 2.67518362307e-06, 6.46784457103e-08, 2.46500235335e-07, 7.17989436794e-08, 3.2452246046e-07, 1.08338156224e-06, 3.00860250491e-07, 8.63870411649e-07, 1.48580525661e-07, 5.48124674538e-08, 6.8323799951e-08, 3.92816588146e-08, 4.06381758467e-07, 1.531627845e-06, 3.75415964982e-07, 1.51319738961e-08, 4.71859618045e-09, 7.23701765182e-09, 2.34267070125e-14]
    },
    "erbbands": {
        "dmean": [0.458108961582, 3.90709686279, 13.3154506683, 22.3364238739, 13.8048763275, 7.08872795105, 11.8174629211, 10.1662139893, 6.734375, 3.5353679657, 6.09362697601, 3.91660642624, 1.80048155785, 3.62997698784, 4.92851781845, 2.56098842621, 5.63331079483, 10.7137498856, 6.81053924561, 9.7842912674, 7.56787347794, 4.18762493134, 2.89154839516, 2.76312208176, 2.63531541824, 1.94454193115, 3.04040503502, 3.72702932358, 5.64225769043, 5.39598321915, 2.48230695724, 0.832034826279, 0.398539960384, 0.297857642174, 0.163134917617, 0.0964664891362, 0.0301092341542, 0.00210770219564, 5.58430583624e-05, 3.82993130188e-05],
        "dmean2": [0.601665616035, 5.42522335052, 24.7450695038, 43.3858566284, 25.4360694885, 12.584982872, 21.7939662933, 14.5057821274, 10.8570289612, 5.5888466835, 8.59519767761, 5.01716375351, 3.18429303169, 6.78806781769, 9.33312988281, 4.56691122055, 10.3095216751, 19.2396640778, 12.1999702454, 18.3134078979, 14.1994867325, 7.87585639954, 5.33220624924, 4.99825763702, 4.94422054291, 3.57907557487, 5.73030567169, 7.16380691528, 10.9353704453, 10.4617156982, 4.76211261749, 1.57429373264, 0.734080433846, 0.543869316578, 0.29414716363, 0.170307010412, 0.0521641261876, 0.00383189925924, 9.65306389844e-05, 5.88419316045e-05],
        "dvar": [2.70069289207, 283.653747559, 6175.56591797, 20760.5859375, 5555.16601562, 800.483581543, 1150.80285645, 4125.97998047, 690.490783691, 200.867385864, 1110.00402832, 337.894775391, 42.6297454834, 344.683105469, 708.618896484, 148.117340088, 857.8828125, 4347.63085938, 1505.76367188, 4150.68701172, 2800.40576172, 835.120239258, 423.534881592, 282.79498291, 266.482727051, 178.192489624, 606.293273926, 1312.9552002, 3059.42504883, 2839.36816406, 549.694885254, 39.3900337219, 3.39043235779, 1.28660547733, 0.38517972827, 0.289249688387, 0.0115004070103, 5.90604977333e-05, 2.59885695186e-08, 2.33128218952e-08],
        "dvar2": [4.29102516174, 618.840087891, 17711.1875, 61150.8164062, 15913.6699219, 2171.17773438, 3661.98266602, 5139.97070312, 1307.55224609, 450.216827393, 1612.29406738, 424.671173096, 120.225646973, 1001.73632812, 2058.24291992, 407.939575195, 2406.06640625, 11487.1328125, 4052.359375, 11948.8330078, 8132.72167969, 2377.95629883, 1229.47802734, 804.31262207, 781.586486816, 513.796447754, 1788.12060547, 3903.1328125, 9062.22265625, 8393.91601562, 1628.53625488, 115.952171326, 9.82717609406, 3.6676967144, 1.07290041447, 0.805624365807, 0.0294901132584, 0.00016707686882, 7.1558019954e-08, 5.74410066179e-08],
        "max": [20.389749527, 182.401779175, 724.156982422, 1353.25073242, 719.667419434, 364.67175293, 334.894348145, 2161.19726562, 769.639892578, 422.410430908, 1386.72119141, 604.921081543, 58.0312461853, 189.248703003, 288.229248047, 127.957351685, 297.178222656, 768.545959473, 495.130310059, 777.709106445, 723.603271484, 496.655883789, 289.985229492, 292.171661377, 257.729125977, 206.283233643, 387.93536377, 693.741088867, 833.369567871, 730.577209473, 373.891571045, 79.2819137573, 25.6642093658, 11.0805444717, 9.48988437653, 13.9943389893, 1.4401743412, 0.090787999332, 0.00161174533423, 0.00153409282211],
        "mean": [1.43322253227, 6.12625551224, 10.6840133667, 13.0191431046, 10.8822307587, 8.51629829407, 13.2191324234, 21.1810340881, 23.3426532745, 11.5956020355, 17.6588535309, 12.3976364136, 2.38747930527, 2.75438737869, 3.0498239994, 1.81668567657, 3.58342504501, 7.4679017067, 4.64391040802, 5.82032108307, 4.49149274826, 2.7084338665, 1.84449207783, 1.89896595478, 1.66970169544, 1.28643476963, 1.81951475143, 2.12895059586, 3.14755916595, 3.01237797737, 1.41524958611, 0.521062493324, 0.287531763315, 0.212547570467, 0.120289742947, 0.0753500685096, 0.0252111628652, 0.00163485284429, 6.1117549194e-05, 6.66765045025e-05],
        "median": [0.0447712540627, 1.62305438519, 2.58161306381, 0.713267326355, 1.69042384624, 1.53214752674, 1.22147750854, 1.5134781599, 4.94839382172, 2.82440638542, 2.18725275993, 1.20928680897, 0.445984065533, 0.357520759106, 0.232225000858, 0.1835103333, 0.178251191974, 0.15259578824, 0.161599174142, 0.145117655396, 0.147455886006, 0.14967700839, 0.145598620176, 0.141543477774, 0.129508972168, 0.127998501062, 0.111230000854, 0.0967347845435, 0.0837633013725, 0.0680760294199, 0.0588441453874, 0.0543211102486, 0.0518118627369, 0.0309184100479, 0.0149397300556, 0.0045029502362, 0.00144404987805, 9.40306199482e-05, 2.17392571358e-05, 3.87647887692e-05],
        "min": [0.000237232088693, 0.00327059626579, 0.00735322805122, 0.013715211302, 0.0365471690893, 0.0357713922858, 0.0362797789276, 0.0195219870657, 0.0348799526691, 0.0423368103802, 0.0205174610019, 0.0315778814256, 0.0256003830582, 0.0143894646317, 0.0136923007667, 0.0133275259286, 0.00629492662847, 0.0106256986037, 0.0103088673204, 0.0127189876512, 0.0150798335671, 0.0119728799909, 0.0174696911126, 0.0121156256646, 0.0213639587164, 0.0194817967713, 0.0143761560321, 0.0135888131335, 0.0120381116867, 0.0102275786921, 0.00167055218481, 0.00190599786583, 0.00183544203173, 0.000628102105111, 0.000168699523783, 1.5387278836e-05, 1.6094069224e-06, 3.56181487859e-07, 3.93207784555e-07, 4.96161419505e-07],
        "var": [6.4866399765, 333.050323486, 3552.390625, 10921.2363281, 3236.44091797, 628.897338867, 1164.44873047, 21988.8085938, 3378.05151367, 946.484619141, 6693.98046875, 2097.63842773, 39.1614761353, 189.887542725, 388.458312988, 94.7395782471, 518.340759277, 2977.51342773, 998.563598633, 2344.94921875, 1545.18908691, 487.59463501, 235.088821411, 168.176620483, 143.650039673, 100.515548706, 319.397003174, 674.045043945, 1585.53393555, 1479.46813965, 284.950592041, 20.8554553986, 1.93949639797, 0.776706516743, 0.249761477113, 0.302096873522, 0.0114732971415, 4.39658324467e-05, 2.20080380586e-08, 2.55771936963e-08]
    },
    "gfcc": {
        "mean": [-111.938644409, 120.497055054, -50.53748703, 43.7822532654, -59.3491744995, 14.3812704086, -32.6293258667, 18.8091907501, -12.1942033768, 8.40493488312, -8.94354915619, -4.57750034332, -6.72810316086],
        "cov": [[3344.77856445, -134.456771851, -49.8114280701, -77.3216934204, 302.108276367, 50.15209198, 135.566238403, -25.7933521271, 99.8823013306, 216.139892578, 68.7983627319, 205.380447388, 44.2039909363], [-134.456771851, 1444.50915527, 569.715576172, -198.816726685, -129.858139038, -314.355957031, 112.240470886, -139.111450195, 257.680450439, -154.9347229, 226.696975708, -193.992324829, 185.516677856], [-49.8114280701, 569.715576172, 1115.25036621, -88.6727523804, 28.6125221252, -261.991668701, 37.1549987793, 22.9767074585, 90.2662963867, 60.3682861328, 89.2312698364, 10.6834306717, 20.1789684296], [-77.3216934204, -198.816726685, -88.6727523804, 340.43371582, 160.099304199, 99.3961791992, 25.1423187256, -15.6801548004, 31.2501125336, -7.70140838623, 65.6434631348, 12.5014257431, 41.5614318848], [302.108276367, -129.858139038, 28.6125221252, 160.099304199, 319.82623291, 115.333435059, 94.5586090088, 4.61637210846, 75.7877655029, 63.1091194153, 67.1361541748, 67.5381469727, 40.0428161621], [50.15209198, -314.355957031, -261.991668701, 99.3961791992, 115.333435059, 224.429199219, 51.4055900574, 29.8865890503, -14.2567062378, 8.27223873138, -18.6962089539, 32.3585662842, 1.24416542053], [135.566238403, 112.240470886, 37.1549987793, 25.1423187256, 94.5586090088, 51.4055900574, 183.014602661, 30.8434867859, 97.1636123657, 1.11645460129, 55.9977874756, -4.15429162979, 42.4073410034], [-25.7933521271, -139.111450195, 22.9767074585, -15.6801548004, 4.61637210846, 29.8865890503, 30.8434867859, 123.784820557, 6.66881227493, 37.4658851624, -28.9867362976, 12.6918449402, -15.4640617371], [99.8823013306, 257.680450439, 90.2662963867, 31.2501125336, 75.7877655029, -14.2567062378, 97.1636123657, 6.66881227493, 191.016143799, 20.7137184143, 114.159057617, -29.3985042572, 63.990562439], [216.139892578, -154.9347229, 60.3682861328, -7.70140838623, 63.1091194153, 8.27223873138, 1.11645460129, 37.4658851624, 20.7137184143, 141.324829102, 26.8845539093, 73.3067626953, -26.6332473755], [68.7983627319, 226.696975708, 89.2312698364, 65.6434631348, 67.1361541748, -18.6962089539, 55.9977874756, -28.9867362976, 114.159057617, 26.8845539093, 159.045120239, 4.31045055389, 71.865486145], [205.380447388, -193.992324829, 10.6834306717, 12.5014257431, 67.5381469727, 32.3585662842, -4.15429162979, 12.6918449402, -29.3985042572, 73.3067626953, 4.31045055389, 112.099311829, -16.4216690063], [44.2039909363, 185.516677856, 20.1789684296, 41.5614318848, 40.0428161621, 1.24416542053, 42.4073410034, -15.4640617371, 63.990562439, -26.6332473755, 71.865486145, -16.4216690063, 103.020027161]],
        "icov": [[0.00041005780804, 5.70374413655e-06, 0.000124472629977, 0.000246240466367, -0.000318597769365, 0.000242504494963, -0.000274991325568, 0.000359180849046, -0.000157325062901, -0.000471740815556, 0.000339162012096, -0.000508749100845, -0.000363846804248], [5.70374413655e-06, 0.00541934231296, -0.00150950264651, 0.00358313322067, 0.000217745444388, 0.00275280466303, -0.00147714151535, 0.00356234796345, -0.00237837783061, 0.00388726475649, -0.00434781238437, 0.0041871345602, -0.00370377395302], [0.000124472629977, -0.00150950264651, 0.00200145924464, -0.000734243134502, -0.00105268240441, 0.00167239736766, -9.9310753285e-05, -0.00168421631679, 0.000885537592694, -0.00123883446213, 0.000752185296733, -0.00143278425094, 0.00112267246004], [0.000246240466367, 0.00358313322067, -0.000734243134502, 0.00735280476511, -0.00258806347847, 0.000757107802201, 0.00024469482014, 0.00193788134493, -0.00075916730566, 0.00389941013418, -0.00553586613387, 0.00325185246766, -0.00233390089124], [-0.000318597769365, 0.000217745444388, -0.00105268240441, -0.00258806347847, 0.00783181656152, -0.00319814728573, -0.00174381840043, 0.00201943912543, -0.00233702175319, -0.00168905593455, 0.00144013471436, -0.00250483653508, -0.00137859862298], [0.000242504494963, 0.00275280466303, 0.00167239736766, 0.000757107802201, -0.00319814728573, 0.0120705096051, -0.00340254930779, -0.000287476810627, 0.000425169535447, 0.00209785322659, -0.00113462831359, 0.000911423412617, -0.00202444568276], [-0.000274991325568, -0.00147714151535, -9.9310753285e-05, 0.00024469482014, -0.00174381840043, -0.00340254930779, 0.0105904340744, -0.00372821674682, -0.00326601462439, 0.00221465132199, -0.000419522082666, -0.00133881438524, 0.00117899896577], [0.000359180849046, 0.00356234796345, -0.00168421631679, 0.00193788134493, 0.00201943912543, -0.000287476810627, -0.00372821674682, 0.0144875366241, -0.00350498850457, -0.0026666149497, 0.00271445186809, 0.00266232993454, -0.00407458562404], [-0.000157325062901, -0.00237837783061, 0.000885537592694, -0.00075916730566, -0.00233702175319, 0.000425169535447, -0.00326601462439, -0.00350498850457, 0.0157441794872, -0.004630880896, -0.00591352628544, 0.00514381099492, 0.000173303546035], [-0.000471740815556, 0.00388726475649, -0.00123883446213, 0.00389941013418, -0.00168905593455, 0.00209785322659, 0.00221465132199, -0.0026666149497, -0.004630880896, 0.0198841318488, -0.00835317187011, -0.00520983664319, 0.00420468021184], [0.000339162012096, -0.00434781238437, 0.000752185296733, -0.00553586613387, 0.00144013471436, -0.00113462831359, -0.000419522082666, 0.00271445186809, -0.00591352628544, -0.00835317187011, 0.0222787912935, -0.00617061695084, -0.00520732533187], [-0.000508749100845, 0.0041871345602, -0.00143278425094, 0.00325185246766, -0.00250483653508, 0.000911423412617, -0.00133881438524, 0.00266232993454, 0.00514381099492, -0.00520983664319, -0.00617061695084, 0.0223035234958, -0.00312187965028], [-0.000363846804248, -0.00370377395302, 0.00112267246004, -0.00233390089124, -0.00137859862298, -0.00202444568276, 0.00117899896577, -0.00407458562404, 0.000173303546035, 0.00420468021184, -0.00520732533187, -0.00312187965028, 0.020831970498]]
    },
    "melbands": {
        "dmean": [0.00426564132795, 0.00574599485844, 0.00361568969674, 0.000721964519471, 0.000378805474611, 0.000220612157136, 0.000102204634459, 4.0363840526e-05, 4.72868377983e-05, 2.07291122933e-05, 8.74561101227e-06, 1.41480804814e-05, 1.71582378243e-05, 1.00385796031e-05, 5.64045785723e-06, 1.68722854141e-05, 2.06288332265e-05, 1.17404106277e-05, 8.96443361853e-06, 1.513373536e-05, 7.3320966294e-06, 4.31568878412e-06, 3.4905508528e-06, 1.84001260095e-06, 2.31529998018e-06, 2.09897052628e-06, 1.72019895217e-06, 1.07918401682e-06, 1.3548252582e-06, 3.13888654091e-06, 1.68725807725e-06, 2.80672998088e-06, 4.23111350756e-06, 2.33815194406e-06, 1.57976921855e-06, 7.81241965342e-07, 4.03360246537e-07, 2.7628024668e-07, 2.786747757e-07, 2.38031788058e-07],
        "dmean2": [0.00580343976617, 0.00956742372364, 0.00698224408552, 0.00129657133948, 0.000698754680343, 0.000325219356455, 0.000164947618032, 6.26884284429e-05, 6.55256808386e-05, 2.69026186288e-05, 1.57843169291e-05, 2.63996607828e-05, 3.27222442138e-05, 1.83669853868e-05, 1.01276809801e-05, 3.093797568e-05, 3.69826666429e-05, 2.11118167499e-05, 1.65566125361e-05, 2.85886508209e-05, 1.37103179441e-05, 8.14980649011e-06, 6.47207207294e-06, 3.35505387739e-06, 4.20867536377e-06, 3.94871949538e-06, 3.22739333569e-06, 1.95755410459e-06, 2.5128440484e-06, 6.07465426583e-06, 3.22736491398e-06, 5.44098747923e-06, 8.2229007603e-06, 4.52042831967e-06, 3.03554520542e-06, 1.4968989035e-06, 7.56945951252e-07, 5.11714119966e-07, 5.1253186939e-07, 4.35890939343e-07],
        "dvar": [0.000283809175016, 0.000916671473533, 0.00052844453603, 1.09748079922e-05, 1.2687863773e-06, 1.7472525542e-06, 1.53044922513e-07, 2.11939443773e-08, 6.67402844101e-08, 9.55852552664e-09, 1.10537312636e-09, 5.1258748357e-09, 8.60041993178e-09, 2.61017896186e-09, 7.31491756056e-10, 9.57023171821e-09, 1.61546225286e-08, 4.24312451841e-09, 3.17659232252e-09, 1.0626483693e-08, 3.03375990995e-09, 9.09908703939e-10, 6.41385777822e-10, 1.35277539171e-10, 2.03941100119e-10, 1.62900054557e-10, 1.48959414248e-10, 4.68331588788e-11, 8.20359544185e-11, 9.37286359637e-10, 2.75132638894e-10, 7.9413892129e-10, 1.77690329117e-09, 5.30656074638e-10, 2.28304083971e-10, 4.60702240246e-11, 7.71280695561e-12, 2.27628159377e-12, 1.12999713753e-12, 8.62178763713e-13],
        "dvar2": [0.000527760013938, 0.00241416809149, 0.00155271531548, 3.04723198497e-05, 3.9813407966e-06, 2.30227624343e-06, 2.89089513217e-07, 4.52246666782e-08, 9.9156167721e-08, 1.21308909584e-08, 3.13971693089e-09, 1.48904417685e-08, 2.5072564469e-08, 7.40322336767e-09, 2.05427030942e-09, 2.70025104498e-08, 4.2271420142e-08, 1.12185807311e-08, 9.08440256353e-09, 3.07785938958e-08, 8.85067485967e-09, 2.57886467736e-09, 1.86669479874e-09, 3.87139598157e-10, 5.79135128742e-10, 4.79301931477e-10, 4.35646740904e-10, 1.33363001198e-10, 2.39049002815e-10, 2.78768630402e-09, 8.18015266635e-10, 2.35878250265e-09, 5.24674925728e-09, 1.56953172681e-09, 6.76702083258e-10, 1.36039818299e-10, 2.25697707051e-11, 6.61438308638e-12, 3.24252755722e-12, 2.4601310572e-12],
        "max": [0.197076186538, 0.306111603975, 0.214874505997, 0.0345475785434, 0.0121753234416, 0.0441871546209, 0.011316283606, 0.00382759724744, 0.01066445373, 0.00324763380922, 0.000300022860756, 0.000737345661037, 0.000965759565588, 0.000571252894588, 0.00025792879751, 0.00113451853395, 0.00144316069782, 0.000766599841882, 0.000672914204188, 0.00136077404022, 0.000841525150463, 0.000524570292328, 0.000409973727074, 0.000147883489262, 0.000255401420873, 0.00019172836619, 0.000185491269804, 0.000111574554467, 0.000134880756377, 0.000512581551448, 0.00034566980321, 0.000505445408635, 0.000569014751818, 0.000373986549675, 0.000251836521784, 8.63051900524e-05, 3.74015471607e-05, 2.67730174528e-05, 1.08634812932e-05, 1.11219205792e-05],
        "mean": [0.0109375733882, 0.00637594936416, 0.00220357743092, 0.000714409397915, 0.000415175629314, 0.000444493605755, 0.000355993543053, 0.000124618658447, 0.000141759723192, 6.35633477941e-05, 9.36471860769e-06, 1.08504900709e-05, 1.03658121589e-05, 6.75888804835e-06, 3.86386591344e-06, 1.0543110875e-05, 1.45032681758e-05, 8.08363802207e-06, 5.55573205929e-06, 8.79024264577e-06, 4.39078257841e-06, 2.81729194285e-06, 2.15176464735e-06, 1.24023608805e-06, 1.59784974585e-06, 1.31404908643e-06, 1.08347717287e-06, 7.39056076782e-07, 8.58478529153e-07, 1.75047478024e-06, 9.81616494755e-07, 1.56158102982e-06, 2.3464451715e-06, 1.31491515276e-06, 8.93254650691e-07, 4.64058302896e-07, 2.60728114654e-07, 1.97901201204e-07, 1.99071308771e-07, 1.67889311342e-07],
        "median": [0.00095081795007, 0.00224132649601, 0.000166438447195, 0.000147180136992, 4.17927476519e-05, 2.86758531729e-05, 7.88202814874e-05, 2.70297441602e-05, 1.59293249453e-05, 5.74795603825e-06, 1.72836951151e-06, 1.30446187541e-06, 6.98431676938e-07, 6.3424840846e-07, 3.22233688621e-07, 3.83749750199e-07, 2.52440827353e-07, 2.40617112013e-07, 2.14095834394e-07, 1.7480121528e-07, 1.6330388064e-07, 1.52527050545e-07, 1.3124514453e-07, 1.26448313154e-07, 1.09694333617e-07, 9.74826832589e-08, 8.74217747082e-08, 8.4112514287e-08, 7.02654716633e-08, 6.18342923531e-08, 5.23307548406e-08, 4.6414474042e-08, 4.15310132951e-08, 3.55256766227e-08, 3.34470158236e-08, 3.10615781984e-08, 3.26234470549e-08, 3.69143577927e-08, 3.14629957643e-08, 2.34743708916e-08],
        "min": [5.70253860133e-06, 4.24397512688e-06, 4.2625451897e-06, 2.50735547525e-06, 1.36523635774e-06, 5.89753653912e-07, 4.668589213e-07, 3.88007322272e-07, 1.87712501543e-07, 9.37619972774e-08, 8.17210192849e-08, 5.52763133044e-08, 3.28180398412e-08, 2.1604749989e-08, 1.78874852708e-08, 1.40640157298e-08, 9.45716305267e-09, 1.66334999108e-08, 1.05969313324e-08, 1.08332871562e-08, 1.44678002911e-08, 9.677890489e-09, 1.1447933268e-08, 1.09745696975e-08, 5.71823477458e-09, 1.05707007592e-08, 1.31170958539e-08, 1.10275353293e-08, 6.51972076327e-09, 8.59618776161e-09, 3.95975163769e-09, 5.71675773386e-09, 1.76676373531e-09, 2.09225370362e-09, 1.44260353663e-10, 5.74413017151e-10, 3.22932132424e-11, 1.72088333167e-11, 5.91903692726e-10, 2.29820849851e-12],
