{
"highlevel": {
    "danceability": {
        "all": {
            "danceable": 0.999999880791,
            "not_danceable": 1.06485366302e-07
        },
        "probability": 0.999999880791,
        "value": "danceable"
    },
    "gender": {
        "all": {
            "female": 0.250827640295,
            "male": 0.749172389507
        },
        "probability": 0.749172389507,
        "value": "male"
    },
    "genre_dortmund": {
        "all": {
            "alternative": 0.00488335732371,
            "blues": 0.000514444080181,
            "electronic": 0.287452310324,
            "folkcountry": 0.00249451515265,
            "funksoulrnb": 0.00317499996163,
            "jazz": 0.0505186542869,
            "pop": 0.0129127437249,
            "raphiphop": 0.631678164005,
            "rock": 0.00637081032619
        },
        "probability": 0.631678164005,
        "value": "raphiphop"
    },
    "genre_electronic": {
        "all": {
            "ambient": 0.0446227379143,
            "dnb": 0.229773938656,
            "house": 0.448777347803,
            "techno": 0.0285982564092,
            "trance": 0.248227730393
        },
        "probability": 0.448777347803,
        "value": "house"
    },
    "genre_rosamerica": {
        "all": {
            "cla": 0.000431399472291,
            "dan": 0.831887483597,
            "hip": 0.147986233234,
            "jaz": 0.000721020856872,
            "pop": 0.00262418342754,
            "rhy": 0.015111265704,
            "roc": 0.000752881227527,
            "spe": 0.000485537981149
        },
        "probability": 0.831887483597,
        "value": "dan"
    },
    "genre_tzanetakis": {
        "all": {
            "blu": 0.0626541376114,
            "cla": 0.0348133966327,
            "cou": 0.0783501937985,
            "dis": 0.104547761381,
            "hip": 0.15693578124,
            "jaz": 0.313987255096,
            "met": 0.044816005975,
            "pop": 0.0627349764109,
            "reg": 0.0627352520823,
            "roc": 0.0784252434969
        },
        "probability": 0.313987255096,
        "value": "jaz"
    },
    "ismir04_rhythm": {
        "all": {
            "ChaChaCha": 0.136808425188,
            "Jive": 0.0242321696132,
            "Quickstep": 0.0135133238509,
            "Rumba-American": 0.0121376756579,
            "Rumba-International": 0.113857701421,
            "Rumba-Misc": 0.0355957299471,
            "Samba": 0.635303497314,
            "Tango": 0.00964750535786,
            "VienneseWaltz": 0.0116678047925,
            "Waltz": 0.00723617291078
        },
        "probability": 0.635303497314,
        "value": "Samba"
    },
    "mood_acoustic": {
        "all": {
            "acoustic": 4.44353332796e-07,
            "not_acoustic": 0.999999582767
        },
        "probability": 0.999999582767,
        "value": "not_acoustic"
    },
    "mood_aggressive": {
        "all": {
            "aggressive": 0.581297457218,
            "not_aggressive": 0.418702542782
        },
        "probability": 0.581297457218,
        "value": "aggressive"
    },
    "mood_electronic": {
        "all": {
            "electronic": 0.99310952425,
            "not_electronic": 0.0068904850632
        },
        "probability": 0.99310952425,
        "value": "electronic"
    },
    "mood_happy": {
        "all": {
            "happy": 0.528360247612,
            "not_happy": 0.471639722586
        },
        "probability": 0.528360247612,
        "value": "happy"
    },
    "mood_party": {
        "all": {
            "not_party": 0.0353218838573,
            "party": 0.964678108692
        },
        "probability": 0.964678108692,
        "value": "party"
    },
    "mood_relaxed": {
        "all": {
            "not_relaxed": 0.248834505677,
            "relaxed": 0.751165509224
        },
        "probability": 0.751165509224,
        "value": "relaxed"
    },
    "mood_sad": {
        "all": {
            "not_sad": 0.97759115696,
            "sad": 0.0224088411778
        },
        "probability": 0.97759115696,
        "value": "not_sad"
    },
    "moods_mirex": {
        "all": {
            "Cluster1": 0.165409684181,
            "Cluster2": 0.167553409934,
            "Cluster3": 0.0441840961576,
            "Cluster4": 0.0895499736071,
            "Cluster5": 0.533302843571
        },
        "probability": 0.533302843571,
        "value": "Cluster5"
    },
    "timbre": {
        "all": {
            "bright": 0.918151319027,
            "dark": 0.0818486660719
        },
        "probability": 0.918151319027,
        "value": "bright"
    },
    "tonal_atonal": {
        "all": {
            "atonal": 0.416183710098,
            "tonal": 0.583816289902
        },
        "probability": 0.583816289902,
        "value": "tonal"
    },
    "voice_instrumental": {
        "all": {
            "instrumental": 0.572204470634,
            "voice": 0.427795559168
        },
        "probability": 0.572204470634,
        "value": "instrumental"
    }
},
"lowlevel": {
    "average_loudness": 0.963280618191,
    "barkbands_crest": {
        "dmean": 3.3220345974,
        "dmean2": 4.97547149658,
        "dvar": 12.703909874,
        "dvar2": 21.3540802002,
        "max": 26.4096164703,
        "mean": 15.3465747833,
        "median": 17.1984996796,
        "min": 2.36855697632,
        "var": 47.9166297913
    },
    "barkbands_flatness_db": {
        "dmean": 0.0423146821558,
        "dmean2": 0.0627987384796,
        "dvar": 0.00196920102462,
        "dvar2": 0.00368717755191,
        "max": 0.541684150696,
        "mean": 0.219334438443,
        "median": 0.198011264205,
        "min": 0.0513450503349,
        "var": 0.0105725647882
    },
    "barkbands_kurtosis": {
        "dmean": 41.0339164734,
        "dmean2": 66.9107894897,
        "dvar": 16655.2089844,
        "dvar2": 46050.9765625,
        "max": 2193.50561523,
        "mean": 49.9602546692,
        "median": 14.585100174,
        "min": -1.87099349499,
        "var": 15031.5068359
    },
    "barkbands_skewness": {
        "dmean": 1.89645493031,
        "dmean2": 2.80650210381,
        "dvar": 7.46793079376,
        "dvar2": 18.3445835114,
        "max": 41.8441925049,
        "mean": 4.42986440659,
        "median": 3.65209698677,
        "min": -2.29974198341,
        "var": 19.3406543732
    },
    "barkbands_spread": {
        "dmean": 7.78086233139,
        "dmean2": 12.5423755646,
        "dvar": 133.654190063,
        "dvar2": 289.843139648,
        "max": 98.902015686,
        "mean": 20.4065208435,
        "median": 12.7925729752,
        "min": 0.129738539457,
        "var": 418.99710083
    },
    "dissonance": {
        "dmean": 0.016241133213,
        "dmean2": 0.0281146001071,
        "dvar": 0.000258345186012,
        "dvar2": 0.000722715514712,
        "max": 0.5,
        "mean": 0.472578793764,
        "median": 0.478522151709,
        "min": 0.314523905516,
        "var": 0.000506463053171
    },
    "dynamic_complexity": 2.90905666351,
    "erbbands_crest": {
        "dmean": 2.73155069351,
        "dmean2": 4.65713167191,
        "dvar": 6.82335996628,
        "dvar2": 19.885974884,
        "max": 25.1249332428,
        "mean": 7.42651891708,
        "median": 6.35666704178,
        "min": 2.42451477051,
        "var": 13.1411418915
    },
    "erbbands_flatness_db": {
        "dmean": 0.0201246310025,
        "dmean2": 0.0301353763789,
        "dvar": 0.00045508146286,
        "dvar2": 0.00100291171111,
        "max": 0.296454042196,
        "mean": 0.127580538392,
        "median": 0.121856920421,
        "min": 0.0577069148421,
        "var": 0.00171557615977
    },
    "erbbands_kurtosis": {
        "dmean": 1.00243675709,
        "dmean2": 1.66042208672,
        "dvar": 2.51250505447,
        "dvar2": 6.8332901001,
        "max": 19.378818512,
        "mean": 0.12096298486,
        "median": -0.366369247437,
        "min": -1.81643939018,
        "var": 3.6459980011
    },
    "erbbands_skewness": {
        "dmean": 0.454554647207,
        "dmean2": 0.739847362041,
        "dvar": 0.206124469638,
        "dvar2": 0.481833040714,
        "max": 4.31309318542,
        "mean": 0.205986693501,
        "median": 0.226801276207,
        "min": -2.61679935455,
        "var": 0.689957261086
    },
    "erbbands_spread": {
        "dmean": 15.6104574203,
        "dmean2": 24.3485374451,
        "dvar": 232.423950195,
        "dvar2": 586.415222168,
        "max": 159.165435791,
        "mean": 62.2224731445,
        "median": 56.8534088135,
        "min": 11.1555356979,
        "var": 911.252624512
    },
    "hfc": {
        "dmean": 9.20492553711,
        "dmean2": 14.1346855164,
        "dvar": 125.466087341,
        "dvar2": 266.785766602,
        "max": 129.790512085,
        "mean": 25.4251174927,
        "median": 21.4764137268,
        "min": 0.279217272997,
        "var": 385.184020996
    },
    "melbands_crest": {
        "dmean": 3.65586638451,
        "dmean2": 5.124106884,
        "dvar": 16.6371688843,
        "dvar2": 28.2289733887,
        "max": 38.5462760925,
        "mean": 21.9594554901,
        "median": 20.1208400726,
        "min": 2.60105276108,
        "var": 96.6322021484
    },
    "melbands_flatness_db": {
        "dmean": 0.0508994273841,
        "dmean2": 0.0724536627531,
        "dvar": 0.00315020466223,
        "dvar2": 0.00504003744572,
        "max": 0.663329362869,
        "mean": 0.272427737713,
        "median": 0.274101823568,
        "min": 0.0306738670915,
        "var": 0.0205266680568
    },
    "melbands_kurtosis": {
        "dmean": 71.8492889404,
        "dmean2": 109.324142456,
        "dvar": 13006.6533203,
        "dvar2": 33457.578125,
        "max": 1376.09375,
        "mean": 121.605049133,
        "median": 45.912399292,
        "min": -1.64296138287,
        "var": 30735.8144531
    },
    "melbands_skewness": {
        "dmean": 2.29892468452,
        "dmean2": 3.35293245316,
        "dvar": 6.56646585464,
        "dvar2": 14.3519239426,
        "max": 28.0698299408,
        "mean": 7.20633411407,
        "median": 5.8003282547,
        "min": -0.191737264395,
        "var": 31.6590538025
    },
    "melbands_spread": {
        "dmean": 10.3304481506,
        "dmean2": 16.3699188232,
        "dvar": 367.537139893,
        "dvar2": 697.33203125,
        "max": 187.157669067,
        "mean": 22.8223743439,
        "median": 6.34400224686,
        "min": 0.120459213853,
        "var": 1217.34106445
    },
    "pitch_salience": {
        "dmean": 0.0922091826797,
        "dmean2": 0.133230507374,
        "dvar": 0.0103524308652,
        "dvar2": 0.0178765431046,
        "max": 0.839278936386,
        "mean": 0.349334210157,
        "median": 0.288422256708,
        "min": 0.0233799554408,
        "var": 0.052579279989
    },
    "silence_rate_20dB": {
        "dmean": 0,
        "dmean2": 0,
        "dvar": 0,
        "dvar2": 0,
        "max": 1,
        "mean": 1,
        "median": 1,
        "min": 1,
        "var": 0
    },
    "silence_rate_30dB": {
        "dmean": 0.12074303627,
        "dmean2": 0.241673126817,
        "dvar": 0.106164455414,
        "dvar2": 0.209604874253,
        "max": 1,
        "mean": 0.699149250984,
        "median": 1,
        "min": 0,
        "var": 0.210340976715
    },
    "silence_rate_60dB": {
        "dmean": 0.0255417954177,
        "dmean2": 0.0503485687077,
        "dvar": 0.0248893667012,
        "dvar2": 0.0586579702795,
        "max": 1,
        "mean": 0.0239752512425,
        "median": 0,
        "min": 0,
        "var": 0.0234002415091
    },
    "spectral_centroid": {
        "dmean": 397.477111816,
        "dmean2": 652.092651367,
        "dvar": 225663.921875,
        "dvar2": 452686.90625,
        "max": 4537.88769531,
        "mean": 1477.49145508,
        "median": 1369.84472656,
        "min": 113.342987061,
        "var": 822890.5
    },
    "spectral_complexity": {
        "dmean": 5.36687326431,
        "dmean2": 7.90007734299,
        "dvar": 42.8144340515,
        "dvar2": 87.7398452759,
        "max": 52,
        "mean": 15.5135345459,
        "median": 12,
        "min": 0,
        "var": 106.453994751
    },
    "spectral_decrease": {
        "dmean": 1.06396536026e-08,
        "dmean2": 1.82814350325e-08,
        "dvar": 2.4850800531e-16,
        "dvar2": 7.54043129206e-16,
        "max": -5.00832153527e-11,
        "mean": -2.04585379748e-08,
        "median": -1.71096452561e-08,
        "min": -1.05666771333e-07,
        "var": 3.91772669849e-16
    },
    "spectral_energy": {
        "dmean": 0.0406140014529,
        "dmean2": 0.0697380080819,
        "dvar": 0.00357807893306,
        "dvar2": 0.0108597939834,
        "max": 0.401282697916,
        "mean": 0.0795214772224,
        "median": 0.0658710971475,
        "min": 0.000228143762797,
        "var": 0.00561974290758
    },
    "spectral_energyband_high": {
        "dmean": 0.000648422748782,
        "dmean2": 0.00096641771961,
        "dvar": 7.68859592881e-07,
        "dvar2": 1.70781868292e-06,
        "max": 0.0071141901426,
        "mean": 0.00152173032984,
        "median": 0.00112724548671,
        "min": 2.0626571029e-07,
        "var": 2.04580192076e-06
    },
    "spectral_energyband_low": {
        "dmean": 0.0379756689072,
        "dmean2": 0.0648652240634,
        "dvar": 0.00353068066761,
        "dvar2": 0.0105746462941,
        "max": 0.395620882511,
        "mean": 0.0677293464541,
        "median": 0.0589180216193,
        "min": 9.1472998065e-08,
        "var": 0.00549838878214
    },
    "spectral_energyband_middle_high": {
        "dmean": 0.0020135671366,
        "dmean2": 0.00312710111029,
        "dvar": 1.06280922409e-05,
        "dvar2": 2.28608059842e-05,
        "max": 0.0444829799235,
        "mean": 0.00413974141702,
        "median": 0.00115282600746,
        "min": 1.31975475597e-05,
        "var": 4.06357066822e-05
    },
    "spectral_energyband_middle_low": {
        "dmean": 0.00612002983689,
        "dmean2": 0.0102376099676,
        "dvar": 0.000157869144459,
        "dvar2": 0.000416456809035,
        "max": 0.0834826678038,
        "mean": 0.0073075518012,
        "median": 0.00273126829416,
        "min": 5.89982664678e-05,
        "var": 0.00014719790488
    },
    "spectral_entropy": {
        "dmean": 0.21726320684,
        "dmean2": 0.344176322222,
        "dvar": 0.0638401955366,
        "dvar2": 0.127995729446,
        "max": 8.79927444458,
        "mean": 7.78271150589,
        "median": 7.88180208206,
        "min": 5.42201328278,
        "var": 0.267066150904
    },
    "spectral_flux": {
        "dmean": 0.0685612261295,
        "dmean2": 0.116709858179,
        "dvar": 0.00588867813349,
        "dvar2": 0.014688375406,
        "max": 0.469112426043,
        "mean": 0.135918080807,
        "median": 0.0891602113843,
        "min": 0.00791799090803,
        "var": 0.0108232321218
    },
    "spectral_kurtosis": {
        "dmean": 1.6453744173,
        "dmean2": 2.63469195366,
        "dvar": 14.4351663589,
        "dvar2": 30.4788951874,
        "max": 83.3963623047,
        "mean": 3.24289512634,
        "median": 2.02514410019,
        "min": -1.01454901695,
        "var": 28.3330345154
    },
    "spectral_rms": {
        "dmean": 0.00203989655711,
        "dmean2": 0.0032975084614,
        "dvar": 6.06469257036e-06,
        "dvar2": 1.62322266988e-05,
        "max": 0.019786240533,
        "mean": 0.00780213205144,
        "median": 0.00801651366055,
        "min": 0.000471783074317,
        "var": 1.67086818692e-05
    },
    "spectral_rolloff": {
        "dmean": 798.980712891,
        "dmean2": 1257.56738281,
        "dvar": 3034458.5,
        "dvar2": 4949723.5,
        "max": 12080.1269531,
        "mean": 2053.96923828,
        "median": 172.265625,
        "min": 43.06640625,
        "var": 11311816
    },
    "spectral_skewness": {
        "dmean": 0.268177479506,
        "dmean2": 0.417874664068,
        "dvar": 0.129421532154,
        "dvar2": 0.255626231432,
        "max": 7.19670200348,
        "mean": 1.40104925632,
        "median": 1.30755186081,
        "min": 0.245825439692,
        "var": 0.451266080141
    },
    "spectral_spread": {
        "dmean": 1077614.5,
        "dmean2": 1519254,
        "dvar": 1.05091288269e+12,
        "dvar2": 2.1156462592e+12,
        "max": 13680439,
        "mean": 6375795.5,
        "median": 6350247.5,
        "min": 1258114.5,
        "var": 5.0399585239e+12
    },
    "spectral_strongpeak": {
        "dmean": 0.367352813482,
        "dmean2": 0.636740207672,
        "dvar": 0.27738943696,
        "dvar2": 0.672811210155,
        "max": 5.47932386398,
        "mean": 0.780649602413,
        "median": 0.577999591827,
        "min": 0.01902635023,
        "var": 0.601413071156
    },
    "zerocrossingrate": {
        "dmean": 0.0212470367551,
        "dmean2": 0.0198852624744,
        "dvar": 0.000875978264958,
        "dvar2": 0.000649857509416,
        "max": 0.38623046875,
        "mean": 0.0771639198065,
        "median": 0.037109375,
        "min": 0.00146484375,
        "var": 0.00798978097737
    },
    "barkbands": {
        "dmean": [0.00193158409093, 0.0339070223272, 0.00885582249612, 0.00354621978477, 0.00123860489111, 0.000868178438395, 0.000384537474019, 0.00064466841286, 0.000519394117873, 0.000530980527401, 0.000681225152221, 0.00037613522727, 0.000289817922749, 0.000132551504066, 0.00013443052012, 0.000138456773129, 0.000283356261207, 0.000196767752641, 0.000132221699459, 0.000142705830513, 0.000166603713296, 0.000148996317876, 0.000135522510391, 0.000152617300046, 0.000142596414662, 7.24246492609e-05, 8.15074496785e-09],
        "dmean2": [0.00154027482495, 0.0560749731958, 0.0147229349241, 0.00609447155148, 0.00212079216726, 0.00151483726222, 0.00062005338259, 0.00111166480929, 0.000857559964061, 0.00083740381524, 0.00111634435598, 0.000631932576653, 0.000513811362907, 0.000227198615903, 0.000226832256885, 0.000218858811422, 0.000451077707112, 0.000329358153977, 0.000227134791203, 0.000233732484048, 0.000272022618446, 0.000237394750002, 0.000212168248254, 0.000230642224778, 0.000212566097616, 0.000108454434667, 1.41355034344e-08],
        "dvar": [5.92133847022e-06, 0.00358698423952, 0.000491919927299, 8.89414732228e-05, 7.32974422135e-06, 2.48431138061e-06, 3.97212943426e-07, 1.88632827758e-06, 9.71367512648e-07, 1.05319668364e-06, 2.38752136283e-06, 5.75941669467e-07, 4.7998997843e-07, 9.01518717455e-08, 5.26433510117e-08, 6.67408173172e-08, 4.29655017342e-07, 1.33394735258e-07, 6.18502014049e-08, 6.21086186925e-08, 7.61865237564e-08, 4.9807827196e-08, 3.26671454332e-08, 3.51697444501e-08, 3.68663890526e-08, 7.63694352202e-09, 1.18740360799e-15],
        "dvar2": [3.85580005968e-06, 0.00992070324719, 0.00118985737208, 0.000231970698223, 2.01998591365e-05, 6.85247186993e-06, 1.0071022416e-06, 5.09488700118e-06, 2.57251463154e-06, 2.46554486694e-06, 5.19331842952e-06, 1.48778144649e-06, 1.39214046158e-06, 2.39595635776e-07, 1.32917620022e-07, 1.49133896343e-07, 9.75270722847e-07, 3.43052249718e-07, 1.70847570757e-07, 1.65765825955e-07, 1.95323067942e-07, 1.1897716945e-07, 7.45056141227e-08, 8.56006892036e-08, 7.57539879714e-08, 1.621626744e-08, 2.18530371106e-15],
        "max": [0.0252238623798, 0.388385415077, 0.123865023255, 0.0601608641446, 0.0349897779524, 0.0200765933841, 0.00720528373495, 0.0145293911919, 0.0171773526818, 0.0106989778578, 0.0129148131236, 0.0131667563692, 0.0124651845545, 0.00341698969714, 0.00218773446977, 0.00310559943318, 0.0187153276056, 0.00387455546297, 0.00189517985564, 0.00202657771297, 0.00239973980933, 0.00228850427084, 0.00174156134017, 0.00177336216439, 0.00199527177028, 0.000790961494204, 7.85221516253e-07],
        "mean": [0.00480146566406, 0.0545295588672, 0.00725519424304, 0.0025564529933, 0.00155953946523, 0.00106623687316, 0.00054721464403, 0.00072875857586, 0.000801113375928, 0.000706790888216, 0.00100448436569, 0.000494718900882, 0.000345017877407, 0.000163226024597, 0.000203509232961, 0.000200653434149, 0.000480918912217, 0.000341560516972, 0.000138845498441, 0.000165837875102, 0.000211361068068, 0.000221538415644, 0.000260868488112, 0.000307291804347, 0.000298636616208, 0.000130640721181, 6.10415851199e-09],
        "median": [0.000580165651627, 0.0428851284087, 0.000708260922693, 0.000145544938277, 0.000604368397035, 0.000385059276596, 0.000182703181054, 0.000200703085284, 0.000443266733782, 0.000171599444002, 0.000163996592164, 8.42111840029e-05, 6.29453206784e-05, 5.13710692758e-05, 6.60446385155e-05, 7.24481797079e-05, 9.14411793929e-05, 7.59348258725e-05, 5.8633286244e-05, 6.16620309302e-05, 9.28562294575e-05, 0.00012801081175, 0.000193200365175, 0.000212492101127, 0.000164745390066, 7.32227272238e-05, 9.13969233629e-10],
        "min": [1.13026132897e-09, 1.33687132475e-08, 2.65949218203e-09, 2.19104254739e-08, 8.75570151493e-07, 2.49779623118e-06, 1.11006158932e-06, 1.79877713435e-06, 5.44923659618e-06, 1.58183695476e-06, 2.15022191696e-06, 5.3802648381e-07, 7.16698238534e-08, 4.81241713146e-08, 1.34309274813e-07, 1.45050989886e-07, 4.90999703118e-08, 7.6719842923e-08, 5.30294848033e-08, 5.07314616982e-08, 5.0116430117e-08, 1.29268897808e-08, 2.43968241165e-08, 6.32072127971e-09, 9.95215243549e-10, 3.53070975234e-11, 1.89687970192e-11],
        "var": [4.84985248477e-05, 0.00449653947726, 0.000414531037677, 6.66878258926e-05, 7.51319157644e-06, 4.34569574281e-06, 6.01276838097e-07, 2.40069061874e-06, 1.43378883877e-06, 1.79275764367e-06, 5.00851865581e-06, 9.3369840215e-07, 4.96459961141e-07, 9.29875341171e-08, 8.80746284793e-08, 1.1124379995e-07, 1.17986621717e-06, 3.57254549499e-07, 5.03327122203e-08, 6.0306739158e-08, 8.08467817137e-08, 7.10581531393e-08, 6.96595705563e-08, 1.05241788617e-07, 1.28180801084e-07, 2.25626557437e-08, 9.88830921306e-16]
    },
    "erbbands": {
        "dmean": [1.22049200535, 7.1191868782, 11.1986761093, 9.76162719727, 7.1433339119, 3.74912285805, 5.2980837822, 8.52098274231, 5.11083173752, 7.32881355286, 15.9517126083, 11.5160732269, 9.17427825928, 33.6005897522, 11.943403244, 17.4657325745, 12.9295530319, 7.14265584946, 6.82623100281, 7.27886295319, 8.7561006546, 17.2034397125, 11.7042388916, 7.21827459335, 6.55575704575, 6.81911897659, 7.11602497101, 6.2691411972, 5.63898611069, 4.93552017212, 3.40941429138, 2.80269861221, 2.88615393639, 1.89123952389, 1.01018309593, 0.428979039192, 0.133346527815, 0.0100430557504, 0.000187512399862, 4.88992736791e-05],
        "dmean2": [1.8950316906, 12.1876468658, 18.5472698212, 16.2126579285, 12.3032388687, 6.15521717072, 8.82498455048, 15.2225408554, 8.63169288635, 11.653506279, 27.0851726532, 18.7719287872, 15.1538276672, 52.1634979248, 19.4306430817, 29.1479377747, 22.6281757355, 12.0196352005, 11.5489873886, 12.0934476852, 14.0808916092, 27.4150905609, 19.2605934143, 12.0574350357, 11.1802892685, 11.2240991592, 11.7106781006, 10.0745172501, 9.12671756744, 7.91757774353, 5.36691188812, 4.40808868408, 4.46470117569, 2.89205336571, 1.5062148571, 0.654393672943, 0.201832860708, 0.0164377726614, 0.000294088415103, 8.27907788334e-05],
        "dvar": [4.47245550156, 157.669921875, 696.237548828, 619.555358887, 344.215820312, 57.108669281, 164.511108398, 239.494995117, 82.1337966919, 141.890106201, 1174.25170898, 423.687683105, 297.741088867, 5149.66113281, 453.716125488, 1402.44677734, 1061.73254395, 263.537597656, 190.21786499, 149.113220215, 277.735778809, 1553.9864502, 509.581787109, 169.998687744, 162.384780884, 136.415374756, 135.966995239, 99.1641235352, 69.5749588013, 55.1358642578, 18.7893695831, 10.2737979889, 13.2223415375, 6.50227880478, 1.83307921886, 0.294235169888, 0.0259752720594, 0.00019296843675, 5.83721408987e-08, 4.26772217565e-09],
        "dvar2": [12.1274013519, 430.335693359, 1818.88708496, 1537.87402344, 924.944396973, 151.020309448, 415.837615967, 676.075744629, 224.438049316, 350.553863525, 3257.77490234, 1080.22961426, 803.722290039, 12220.8505859, 1047.99157715, 3643.92333984, 3077.33959961, 704.494689941, 507.876556396, 376.397766113, 614.824829102, 3563.1784668, 1272.70080566, 467.012817383, 447.82421875, 356.498596191, 355.781616211, 246.797775269, 172.882232666, 124.220298767, 43.4099769592, 24.9717063904, 33.3978462219, 14.00877285, 3.59765863419, 0.633604228497, 0.0567117594182, 0.000457446178189, 1.35573912985e-07, 1.27374741865e-08],
        "max": [13.2699289322, 79.7288360596, 165.878509521, 155.862838745, 128.15385437, 117.880088806, 228.339920044, 174.853088379, 84.2303466797, 106.759597778, 564.965515137, 279.049713135, 227.014724731, 817.676757812, 191.76210022, 658.49822998, 632.42791748, 149.493774414, 168.594406128, 143.401657104, 259.052490234, 1079.48498535, 262.045440674, 108.901557922, 114.624336243, 90.3116073608, 95.4126739502, 76.5935287476, 80.1315612793, 66.0659790039, 43.0202331543, 31.4292621613, 34.2497901917, 25.469417572, 11.6284446716, 4.72890615463, 1.25404143333, 0.119508326054, 0.00208192248829, 0.000433005188825],
        "mean": [1.86150825024, 10.7812290192, 12.1668510437, 7.66490840912, 5.92752170563, 5.34766530991, 7.98386001587, 9.27574062347, 6.70938014984, 10.2245607376, 20.1943283081, 17.9808349609, 12.4383506775, 53.4574813843, 18.073551178, 22.4441108704, 16.2111625671, 9.43113613129, 9.51835346222, 10.9300127029, 14.2048244476, 29.8612804413, 21.6470794678, 9.22548484802, 6.97764110565, 8.05307674408, 8.5674905777, 8.16900730133, 8.14567756653, 8.06378650665, 6.80967521667, 5.46438694, 5.75092554092, 3.61873197556, 2.05107903481, 0.790287911892, 0.201770782471, 0.0122787924483, 0.000304489134578, 0.000107719155494],
        "median": [0.874761462212, 5.5267162323, 3.36116814613, 0.584338068962, 0.981226921082, 2.17033576965, 2.25266480446, 3.48042535782, 3.03715372086, 3.48281264305, 6.59330606461, 10.0483064651, 5.33988571167, 8.23358535767, 4.92697381973, 3.74153923988, 2.81582856178, 2.17558693886, 3.64269948006, 3.62642335892, 4.48282432556, 5.77772521973, 4.45519304276, 3.63836359978, 2.74188113213, 2.91985797882, 3.46841168404, 3.81116056442, 4.46834230423, 5.0449256897, 5.30705881119, 3.97057962418, 3.73196983337, 1.89190292358, 1.00659251213, 0.395903617144, 0.0993816480041, 0.00449487334117, 0.000173831256689, 8.65056426846e-05],
        "min": [1.64616551501e-06, 3.36068796969e-06, 6.69424116495e-06, 6.08713162364e-05, 0.000473902851809, 0.00300857448019, 0.0106181753799, 0.0243994425982, 0.0219322759658, 0.0317789949477, 0.119053333998, 0.101261787117, 0.11647490412, 0.0491614900529, 0.067210637033, 0.023474605754, 0.00544110080227, 0.00163339055143, 0.00659847725183, 0.0068157222122, 0.00826444663107, 0.00284535461105, 0.0033332479652, 0.00354779418558, 0.00225317571312, 0.00235640327446, 0.00224672979675, 0.00208524335176, 0.00106562802102, 0.000883553293534, 0.000861666689161, 0.000325290078763, 0.000136723116157, 3.13516538881e-05, 6.5638992055e-06, 2.5647154871e-06, 6.13122153936e-07, 1.24751153407e-07, 2.60856694467e-07, 4.18241484113e-07],
        "var": [6.71978998184, 193.218521118, 606.602172852, 507.262329102, 254.030014038, 77.5208587646, 450.176300049, 237.284637451, 87.119644165, 205.35534668, 1899.24804688, 663.708984375, 330.467987061, 13650.2587891, 916.235961914, 2140.62402344, 1115.54650879, 314.025268555, 215.13659668, 259.45614624, 566.678894043, 4553.61767578, 1553.92626953, 182.020065308, 133.198303223, 139.000335693, 139.99118042, 116.421936035, 96.1238327026, 87.1418533325, 43.2549095154, 30.489522934, 38.8370018005, 19.3056640625, 6.47733068466, 0.925113201141, 0.0590077452362, 0.000287206697976, 1.06951667078e-07, 6.55570664421e-09]
    },
    "gfcc": {
        "mean": [-1.2964091301, 61.1886672974, -90.7281265259, 35.2365264893, -63.0200653076, 27.9856472015, -32.9807662964, 23.5703372955, -16.2025718689, 4.23848962784, -14.3642301559, 8.21056938171, -4.15423965454],
        "cov": [[5410.59179688, -1290.46923828, -391.874908447, 16.0454864502, -356.949279785, 344.486480713, -555.670898438, 30.0091705322, -774.321899414, 99.0686798096, -439.850372314, 106.205764771, -574.698791504], [-1290.46923828, 3305.02758789, 860.916015625, 736.118103027, 1352.12792969, 259.676605225, 946.130249023, 30.5822467804, 919.204162598, 12.8764162064, 568.024291992, -140.520751953, 314.579620361], [-391.874908447, 860.916015625, 1598.57165527, 785.954956055, 491.810272217, 278.32925415, 517.605957031, 172.298446655, 303.137756348, 250.228256226, 140.194091797, -36.7855567932, 98.8789367676], [16.0454864502, 736.118103027, 785.954956055, 995.567932129, 655.940795898, 268.935119629, 457.372131348, 143.913452148, 396.292694092, 199.998443604, 180.360580444, -67.8750076294, 81.7412490845], [-356.949279785, 1352.12792969, 491.810272217, 655.940795898, 1076.64807129, 297.954589844, 500.115386963, 129.169876099, 553.612670898, 105.023803711, 274.947143555, -17.2893447876, 125.057556152], [344.486480713, 259.676605225, 278.32925415, 268.935119629, 297.954589844, 269.682128906, 148.40663147, 124.030220032, 137.769500732, 75.3401031494, 59.7628326416, 5.42097663879, 9.61127948761], [-555.670898438, 946.130249023, 517.605957031, 457.372131348, 500.115386963, 148.40663147, 567.345397949, 121.262466431, 380.890808105, 116.697898865, 209.680923462, -26.4415149689, 118.266639709], [30.0091705322, 30.5822467804, 172.298446655, 143.913452148, 129.169876099, 124.030220032, 121.262466431, 181.948822021, 127.020851135, 87.036605835, 45.2280693054, 24.7593955994, 32.9270248413], [-774.321899414, 919.204162598, 303.137756348, 396.292694092, 553.612670898, 137.769500732, 380.890808105, 127.020851135, 512.840393066, 98.0407409668, 246.368713379, -19.1128749847, 157.78237915], [99.0686798096, 12.8764162064, 250.228256226, 199.998443604, 105.023803711, 75.3401031494, 116.697898865, 87.036605835, 98.0407409668, 182.440536499, 45.6284751892, 27.1673851013, 15.3311014175], [-439.850372314, 568.024291992, 140.194091797, 180.360580444, 274.947143555, 59.7628326416, 209.680923462, 45.2280693054, 246.368713379, 45.6284751892, 186.783447266, -2.20122218132, 105.22265625], [106.205764771, -140.520751953, -36.7855567932, -67.8750076294, -17.2893447876, 5.42097663879, -26.4415149689, 24.7593955994, -19.1128749847, 27.1673851013, -2.20122218132, 87.3375549316, 6.85586547852], [-574.698791504, 314.579620361, 98.8789367676, 81.7412490845, 125.057556152, 9.61127948761, 118.266639709, 32.9270248413, 157.78237915, 15.3311014175, 105.22265625, 6.85586547852, 138.703048706]],
        "icov": [[0.000818921078462, -0.000719384755939, 0.000625501386821, -0.000971778703388, 0.00046011080849, -0.00127128267195, 0.000671271234751, -0.000732067914214, 0.00154514214955, -0.000934733310714, 0.000529272132553, -0.00161438912619, 0.00245003472082], [-0.000719384755939, 0.00234942650422, -0.00111026049126, 0.00174182490446, -0.00157063931692, 0.000850223063026, -0.0017488822341, 0.00226066517644, -0.00205561611801, 0.00194671994541, -0.0027239152696, 0.00305503769778, -0.00219386303797], [0.000625501386821, -0.00111026049126, 0.00196388014592, -0.00164414860774, 0.00081321032485, -0.00144917983562, 3.8229922211e-05, -0.000910235161427, 0.00189763645176, -0.00194464728702, 0.00180303573143, -0.0014892249601, 0.000991461332887], [-0.000971778703388, 0.00174182490446, -0.00164414860774, 0.00459705246612, -0.00209916429594, 0.000649780791719, -0.00175985670649, 0.00197806209326, -0.00247104070149, -7.72454077378e-05, -0.00137195829302, 0.00500083714724, -0.00302229193039], [0.00046011080849, -0.00157063931692, 0.00081321032485, -0.00209916429594, 0.004526859615, -0.00269407220185, 0.00051048171008, 0.000116095310659, -0.00150923943147, -2.35851293837e-05, 0.00132584874518, -0.00368912075646, 0.00266433064826], [-0.00127128267195, 0.000850223063026, -0.00144917983562, 0.000649780791719, -0.00269407220185, 0.0106124579906, -7.34484492568e-05, -0.00419150758535, -0.000760702765547, 0.00182130374014, -0.00182398129255, 0.00214893533848, -0.00185272481758], [0.000671271234751, -0.0017488822341, 3.8229922211e-05, -0.00175985670649, 0.00051048171008, -7.34484492568e-05, 0.00637186551467, -0.00281130336225, 0.000618585734628, -0.00152218725998, -0.000473242573207, -0.00174516276456, 0.00244669918902], [-0.000732067914214, 0.00226066517644, -0.000910235161427, 0.00197806209326, 0.000116095310659, -0.00419150758535, -0.00281130336225, 0.0138318892568, -0.00554565899074, -0.000777443230618, 0.000623184547294, 0.000509411212988, -0.00348150637001], [0.00154514214955, -0.00205561611801, 0.00189763645176, -0.00247104070149, -0.00150923943147, -0.000760702765547, 0.000618585734628, -0.00554565899074, 0.0135758463293, -0.00346162333153, -0.0038088792935, -0.000945654232055, 0.00124581204727], [-0.000934733310714, 0.00194671994541, -0.00194464728702, -7.72454077378e-05, -2.35851293837e-05, 0.00182130374014, -0.00152218725998, -0.000777443230618, -0.00346162333153, 0.0122284255922, -0.00365685950965, -0.00161891710013, -3.84342492907e-05], [0.000529272132553, -0.0027239152696, 0.00180303573143, -0.00137195829302, 0.00132584874518, -0.00182398129255, -0.000473242573207, 0.000623184547294, -0.0038088792935, -0.00365685950965, 0.0226479619741, -0.00399698736146, -0.00516601512209], [-0.00161438912619, 0.00305503769778, -0.0014892249601, 0.00500083714724, -0.00368912075646, 0.00214893533848, -0.00174516276456, 0.000509411212988, -0.000945654232055, -0.00161891710013, -0.00399698736146, 0.0208516567945, -0.00770276831463], [0.00245003472082, -0.00219386303797, 0.000991461332887, -0.00302229193039, 0.00266433064826, -0.00185272481758, 0.00244669918902, -0.00348150637001, 0.00124581204727, -3.84342492907e-05, -0.00516601512209, -0.00770276831463, 0.0227643605322]]
    },
    "melbands": {
        "dmean": [0.0102195255458, 0.00644267443568, 0.00171615777072, 0.000329983304255, 0.000176586210728, 0.000177413647179, 8.23692971608e-05, 9.12182804313e-05, 0.000133297362481, 7.13566187187e-05, 4.65610864921e-05, 0.000132497836603, 5.96459467488e-05, 4.4631648052e-05, 3.12422343995e-05, 3.06754773192e-05, 1.19924206956e-05, 1.23871341202e-05, 1.05043318399e-05, 8.48752642924e-06, 1.15679094961e-05, 1.78100708581e-05, 1.38946106745e-05, 9.19369904295e-06, 5.65181744605e-06, 5.29389444637e-06, 4.63639344161e-06, 4.52431413578e-06, 4.40093253928e-06, 4.1109092308e-06, 3.82036205337e-06, 3.14194653583e-06, 3.07176310343e-06, 3.10954874294e-06, 2.33728451349e-06, 1.82544772542e-06, 1.99409782908e-06, 2.36970777223e-06, 1.80934046057e-06, 1.81410462119e-06],
        "dmean2": [0.0162163097411, 0.011236612685, 0.00283904699609, 0.000564346497413, 0.00029289937811, 0.000315081968438, 0.000136181319249, 0.000146333113662, 0.00022439629538, 0.000116228424304, 7.77604509494e-05, 0.00020476753707, 9.54420611379e-05, 7.35115027055e-05, 5.47878698853e-05, 5.31465266249e-05, 2.01722432394e-05, 2.10572907235e-05, 1.7470552848e-05, 1.34967986014e-05, 1.86803554243e-05, 2.84659799945e-05, 2.27465461649e-05, 1.52228549268e-05, 9.61982823355e-06, 9.16223780223e-06, 7.78812682256e-06, 7.45479792386e-06, 7.34504328648e-06, 6.75043156662e-06, 6.11862333244e-06, 5.20080084243e-06, 4.94218738822e-06, 5.05100615555e-06, 3.70254406334e-06, 2.94323081107e-06, 3.19445621244e-06, 3.82640928365e-06, 2.65992480308e-06, 2.86941985905e-06],
        "dvar": [0.000322971580317, 0.000133276713314, 1.85771787073e-05, 5.48852426618e-07, 1.65234396832e-07, 1.02493601162e-07, 1.93154576777e-08, 2.49106424377e-08, 8.65970974928e-08, 1.68135780854e-08, 8.98927243753e-09, 7.59514904303e-08, 1.47440495368e-08, 7.56666640456e-09, 4.79148853927e-09, 5.5399707044e-09, 8.07051703244e-10, 6.2851557292e-10, 2.97247476633e-10, 2.34040398173e-10, 5.3503834696e-10, 1.54935009267e-09, 9.39834432501e-10, 2.95998947575e-10, 1.10708234247e-10, 1.02799956048e-10, 8.75800265643e-11, 5.85592060953e-11, 5.12633199778e-11, 5.08129129051e-11, 3.70287064899e-11, 2.00861532268e-11, 2.19077533892e-11, 2.16495658206e-11, 8.75004148998e-12, 4.62599403228e-12, 5.91913844328e-12, 1.05743868523e-11, 5.87875668284e-12, 6.43172884743e-12],
        "dvar2": [0.000893616001122, 0.000372616137611, 4.61597846879e-05, 1.50636128637e-06, 4.12166116348e-07, 2.89196435688e-07, 5.14977500643e-08, 6.24679756811e-08, 2.42764684799e-07, 4.2328323957e-08, 2.44165292429e-08, 1.80637144354e-07, 3.2582548215e-08, 1.97970724258e-08, 1.32749171655e-08, 1.6281409998e-08, 2.11365946967e-09, 1.72490965955e-09, 7.49346029671e-10, 6.00070937384e-10, 1.26440180548e-09, 3.53399109976e-09, 2.39173858496e-09, 7.46579797983e-10, 3.05436509418e-10, 2.84531009864e-10, 2.4073210092e-10, 1.51998705289e-10, 1.35524161338e-10, 1.32867244984e-10, 9.24623572152e-11, 5.02344797704e-11, 5.20087826972e-11, 4.95071379725e-11, 2.04094449674e-11, 1.20811581225e-11, 1.48138636774e-11, 2.86676342387e-11, 1.3452957498e-11, 1.53332433556e-11],
        "max": [0.115793392062, 0.081097766757, 0.0268867835402, 0.00806251168251, 0.00652144383639, 0.00353154819459, 0.00148401060142, 0.00164361472707, 0.00574342813343, 0.00169097352773, 0.00129664153792, 0.00317787518725, 0.00118888169527, 0.00149656611029, 0.000731959182303, 0.00148775067646, 0.000294371886412, 0.000315389363095, 0.000175387453055, 0.000172180312802, 0.000389853375964, 0.00103886786383, 0.000678449403495, 0.000186704011867, 8.95455596037e-05, 9.19126032386e-05, 9.84935104498e-05, 5.99503509875e-05, 5.74036057515e-05, 6.63800165057e-05, 6.03642583883e-05, 3.79131270165e-05, 5.1608087233e-05, 4.15422327933e-05, 2.74389149126e-05, 2.06585082196e-05, 2.1598289095e-05, 3.10206487484e-05, 2.59662829194e-05, 2.3222526579e-05],
        "mean": [0.0160666704178, 0.00939059536904, 0.00134386098944, 0.000363439146895, 0.000274553778581, 0.000198261637706, 0.000113128728117, 0.000120029922982, 0.000171258856426, 0.000109499393147, 5.52578567294e-05, 0.000209879173781, 8.38570631458e-05, 6.1427395849e-05, 3.42008097505e-05, 3.77818396373e-05, 1.46897973536e-05, 1.5652323782e-05, 1.53171949933e-05, 1.26300092234e-05, 1.6956759282e-05, 2.97791557387e-05, 2.55601062236e-05, 1.48302679008e-05, 6.61103467792e-06, 5.21679248777e-06, 5.06696278535e-06, 5.29811859451e-06, 5.10814606969e-06, 5.02937882629e-06, 4.76421246276e-06, 4.40325038653e-06, 4.4122939471e-06, 4.77289586343e-06, 4.04601178161e-06, 3.45695957549e-06, 3.27017437485e-06, 4.2243691496e-06, 3.38126574206e-06, 2.9790633107e-06],
        "median": [0.0122534148395, 0.00409632874653, 0.000100794975879, 0.000120116164908, 9.26089123823e-05, 7.67644887674e-05, 4.72522551718e-05, 4.10826978623e-05, 5.41422487004e-05, 5.98523947701e-05, 2.24808791245e-05, 3.44929358107e-05, 1.72057243617e-05, 1.18219031719e-05, 5.48954858459e-06, 6.90030674377e-06, 3.5498642319e-06, 5.77866194362e-06, 5.15556212122e-06, 4.60985074824e-06, 5.22675645698e-06, 6.15966200712e-06, 4.3618847485e-06, 3.4396277897e-06, 2.68412759397e-06, 1.78533400685e-06, 1.87973068932e-06, 1.84583814189e-06, 2.04477669286e-06, 2.07087578019e-06, 2.14053216041e-06, 2.33743821809e-06, 2.60629508375e-06, 2.94346364171e-06, 2.91457718049e-06, 2.58057411884e-06, 2.06860113394e-06, 2.73479349744e-06, 1.93448818209e-06, 1.479399657e-06],
        "min": [6.84684930974e-09, 1.55270574176e-09, 1.84411739212e-08, 6.71733744184e-08, 3.06799108785e-07, 5.1269796586e-07, 3.59943214789e-07, 3.54811731995e-07, 5.10315658175e-07, 7.76581316586e-07, 5.46770024812e-07, 8.19098744387e-08, 2.15456324781e-07, 8.21285865982e-08, 1.36039179921e-08, 6.71099220639e-09, 2.04072625465e-09, 1.02251433987e-08, 9.41341582461e-09, 9.04445851546e-09, 1.0074026946e-08, 3.0486528857e-09, 1.69242286852e-09, 3.48858364418e-09, 2.78003176035e-09, 1.82216297606e-09, 1.676794259e-09, 1.35006050783e-09, 1.31004984638e-09, 6.92817359038e-10, 1.03548691843e-09, 5.5640220209e-10, 5.37227262676e-10, 2.57793841829e-10, 3.92431281915e-10, 1.29103838731e-10, 1.05609056222e-10, 1.91124850321e-12, 2.48047016954e-11, 4.54406130779e-12],
