{
"highlevel": {
    "danceability": {
        "all": {
            "danceable": 0.0590172745287,
            "not_danceable": 0.940982699394
        },
        "probability": 0.940982699394,
        "value": "not_danceable"
    },
    "gender": {
        "all": {
            "female": 0.788916110992,
            "male": 0.211083874106
        },
        "probability": 0.788916110992,
        "value": "female"
    },
    "genre_dortmund": {
        "all": {
            "alternative": 0.00609228666872,
            "blues": 0.0120305819437,
            "electronic": 0.1360655725,
            "folkcountry": 0.129975110292,
            "funksoulrnb": 0.00423124944791,
            "jazz": 0.696918666363,
            "pop": 0.0106421886012,
            "raphiphop": 0.00152607134078,
            "rock": 0.00251824175939
        },
        "probability": 0.696918666363,
        "value": "jazz"
    },
    "genre_electronic": {
        "all": {
            "ambient": 0.840574264526,
            "dnb": 0.00351766031235,
            "house": 0.134168371558,
            "techno": 0.0167558025569,
            "trance": 0.0049839024432
        },
        "probability": 0.840574264526,
        "value": "ambient"
    },
    "genre_rosamerica": {
        "all": {
            "cla": 0.904969453812,
            "dan": 0.000643606705125,
            "hip": 0.000806259282399,
            "jaz": 0.077184394002,
            "pop": 0.00151918351185,
            "rhy": 0.00650813663378,
            "roc": 0.000640446844045,
            "spe": 0.007728532888
        },
        "probability": 0.904969453812,
        "value": "cla"
    },
    "genre_tzanetakis": {
        "all": {
            "blu": 0.00202200585045,
            "cla": 0.967531859875,
            "cou": 0.00059717806289,
            "dis": 0.000803925737273,
            "hip": 0.00303018349223,
            "jaz": 0.0217123441398,
            "met": 0.000574985228013,
            "pop": 0.00213051168248,
            "reg": 0.00126168411225,
            "roc": 0.000335301097948
        },
        "probability": 0.967531859875,
        "value": "cla"
    },
    "ismir04_rhythm": {
        "all": {
            "ChaChaCha": 0.000985168619081,
            "Jive": 0.000132099768962,
            "Quickstep": 0.00456866947934,
            "Rumba-American": 0.00101748201996,
            "Rumba-International": 0.00150579109322,
            "Rumba-Misc": 0.0035320725292,
            "Samba": 0.000300661078654,
            "Tango": 0.899557113647,
            "VienneseWaltz": 0.0256026703864,
            "Waltz": 0.0627982467413
        },
        "probability": 0.899557113647,
        "value": "Tango"
    },
    "mood_acoustic": {
        "all": {
            "acoustic": 0.972184896469,
            "not_acoustic": 0.0278150737286
        },
        "probability": 0.972184896469,
        "value": "acoustic"
    },
    "mood_aggressive": {
        "all": {
            "aggressive": 0.0125710573047,
            "not_aggressive": 0.987428963184
        },
        "probability": 0.987428963184,
        "value": "not_aggressive"
    },
    "mood_electronic": {
        "all": {
            "electronic": 0.0993200913072,
            "not_electronic": 0.900679886341
        },
        "probability": 0.900679886341,
        "value": "not_electronic"
    },
    "mood_happy": {
        "all": {
            "happy": 0.5,
            "not_happy": 0.5
        },
        "probability": 0.5,
        "value": "happy"
    },
    "mood_party": {
        "all": {
            "not_party": 0.999150633812,
            "party": 0.000849364150781
        },
        "probability": 0.999150633812,
        "value": "not_party"
    },
    "mood_relaxed": {
        "all": {
            "not_relaxed": 0.0158227141947,
            "relaxed": 0.984177291393
        },
        "probability": 0.984177291393,
        "value": "relaxed"
    },
    "mood_sad": {
        "all": {
            "not_sad": 0.250765174627,
            "sad": 0.749234855175
        },
        "probability": 0.749234855175,
        "value": "sad"
    },
    "moods_mirex": {
        "all": {
            "Cluster1": 0.0735727995634,
            "Cluster2": 0.239047750831,
            "Cluster3": 0.401697933674,
            "Cluster4": 0.266349345446,
            "Cluster5": 0.0193321909755
        },
        "probability": 0.401697933674,
        "value": "Cluster3"
    },
    "timbre": {
        "all": {
            "bright": 0.983029067516,
            "dark": 0.0169709250331
        },
        "probability": 0.983029067516,
        "value": "bright"
    },
    "tonal_atonal": {
        "all": {
            "atonal": 9.07214271137e-05,
            "tonal": 0.999909281731
        },
        "probability": 0.999909281731,
        "value": "tonal"
    },
    "voice_instrumental": {
        "all": {
            "instrumental": 0.91070407629,
            "voice": 0.0892959535122
        },
        "probability": 0.91070407629,
        "value": "instrumental"
    }
},
"lowlevel": {
    "average_loudness": 0.515238881111,
    "barkbands_crest": {
        "dmean": 3.0456597805,
        "dmean2": 4.83416414261,
        "dvar": 7.78016757965,
        "dvar2": 16.86860466,
        "max": 25.9027347565,
        "mean": 14.1858606339,
        "median": 13.7038955688,
        "min": 4.08078956604,
        "var": 23.6869335175
    },
    "barkbands_flatness_db": {
        "dmean": 0.0257798489183,
        "dmean2": 0.0397374890745,
        "dvar": 0.000496365653817,
        "dvar2": 0.0010636288207,
        "max": 0.512484014034,
        "mean": 0.35847735405,
        "median": 0.353779822588,
        "min": 0.219058483839,
        "var": 0.00246160058305
    },
    "barkbands_kurtosis": {
        "dmean": 5.09570550919,
        "dmean2": 7.73674583435,
        "dvar": 66.6267623901,
        "dvar2": 143.256347656,
        "max": 133.833190918,
        "mean": 9.49988079071,
        "median": 5.72067832947,
        "min": -1.44782209396,
        "var": 167.057449341
    },
    "barkbands_skewness": {
        "dmean": 0.626497864723,
        "dmean2": 0.933509409428,
        "dvar": 0.471783906221,
        "dvar2": 1.07558608055,
        "max": 6.87447834015,
        "mean": 0.846897125244,
        "median": 0.848001480103,
        "min": -6.52524328232,
        "var": 2.34517931938
    },
    "barkbands_spread": {
        "dmean": 0.941143214703,
        "dmean2": 1.40672302246,
        "dvar": 1.14333808422,
        "dvar2": 2.16287565231,
        "max": 16.587638855,
        "mean": 3.2901904583,
        "median": 2.63880562782,
        "min": 0.345041573048,
        "var": 6.67197847366
    },
    "dissonance": {
        "dmean": 0.0632818192244,
        "dmean2": 0.109229907393,
        "dvar": 0.00327332108282,
        "dvar2": 0.00900035351515,
        "max": 0.497202992439,
        "mean": 0.366123527288,
        "median": 0.375820636749,
        "min": 0.119689390063,
        "var": 0.00588970305398
    },
    "dynamic_complexity": 4.56464242935,
    "erbbands_crest": {
        "dmean": 3.86298346519,
        "dmean2": 6.07419395447,
        "dvar": 13.4853620529,
        "dvar2": 26.8022994995,
        "max": 33.3398933411,
        "mean": 18.0683307648,
        "median": 17.2199859619,
        "min": 5.03274774551,
        "var": 42.1603240967
    },
    "erbbands_flatness_db": {
        "dmean": 0.0225475151092,
        "dmean2": 0.0335730277002,
        "dvar": 0.000394143979065,
        "dvar2": 0.000797224638518,
        "max": 0.557001173496,
        "mean": 0.413751006126,
        "median": 0.410900890827,
        "min": 0.286089926958,
        "var": 0.00271318014711
    },
    "erbbands_kurtosis": {
        "dmean": 4.27278423309,
        "dmean2": 6.38289356232,
        "dvar": 29.593296051,
        "dvar2": 56.7007598877,
        "max": 64.268371582,
        "mean": 8.25926017761,
        "median": 5.18823337555,
        "min": -1.52194595337,
        "var": 94.4049758911
    },
    "erbbands_skewness": {
        "dmean": 0.586952209473,
        "dmean2": 0.855763852596,
        "dvar": 0.367853313684,
        "dvar2": 0.671726882458,
        "max": 6.00364542007,
        "mean": 1.23893129826,
        "median": 1.29250073433,
        "min": -3.88891744614,
        "var": 2.06930565834
    },
    "erbbands_spread": {
        "dmean": 1.72168576717,
        "dmean2": 2.58171415329,
        "dvar": 3.37750101089,
        "dvar2": 7.17005729675,
        "max": 25.1677017212,
        "mean": 6.15624904633,
        "median": 4.71470451355,
        "min": 0.512879669666,
        "var": 21.1643600464
    },
    "hfc": {
        "dmean": 4.09325885773,
        "dmean2": 5.63663482666,
        "dvar": 64.0521087646,
        "dvar2": 109.9063797,
        "max": 153.29649353,
        "mean": 9.14041614532,
        "median": 4.34711456299,
        "min": 0.111023642123,
        "var": 191.198181152
    },
    "melbands_crest": {
        "dmean": 3.73713684082,
        "dmean2": 5.92387723923,
        "dvar": 10.8774394989,
        "dvar2": 24.159532547,
        "max": 32.8437690735,
        "mean": 17.1933860779,
        "median": 16.3815784454,
        "min": 4.58238697052,
        "var": 32.2557373047
    },
    "melbands_flatness_db": {
        "dmean": 0.0255428198725,
        "dmean2": 0.0384775884449,
        "dvar": 0.000491040758789,
        "dvar2": 0.0010478469776,
        "max": 0.595957636833,
        "mean": 0.433856010437,
        "median": 0.430881381035,
        "min": 0.255626559258,
        "var": 0.00381028256379
    },
    "melbands_kurtosis": {
        "dmean": 4.27150011063,
        "dmean2": 6.60320234299,
        "dvar": 38.2474632263,
        "dvar2": 86.5482788086,
        "max": 72.8587722778,
        "mean": 8.70556640625,
        "median": 5.52740383148,
        "min": -1.65754234791,
        "var": 113.585929871
    },
    "melbands_skewness": {
        "dmean": 0.581905305386,
        "dmean2": 0.866707623005,
        "dvar": 0.34004420042,
        "dvar2": 0.760596930981,
        "max": 5.63637447357,
        "mean": 0.667533755302,
        "median": 0.673302710056,
        "min": -5.46595001221,
        "var": 2.01722049713
    },
    "melbands_spread": {
        "dmean": 1.52394926548,
        "dmean2": 2.30253791809,
        "dvar": 3.28004026413,
        "dvar2": 6.21901035309,
        "max": 31.045923233,
        "mean": 5.40380239487,
        "median": 4.52260875702,
        "min": 0.658396959305,
        "var": 15.6984195709
    },
    "pitch_salience": {
        "dmean": 0.0797591879964,
        "dmean2": 0.12707452476,
        "dvar": 0.00531979696825,
        "dvar2": 0.0120022995397,
        "max": 0.811293780804,
        "mean": 0.518091440201,
        "median": 0.525270164013,
        "min": 0.143865704536,
        "var": 0.0145919276401
    },
    "silence_rate_20dB": {
        "dmean": 0,
        "dmean2": 0,
        "dvar": 0,
        "dvar2": 0,
        "max": 1,
        "mean": 1,
        "median": 1,
        "min": 1,
        "var": 0
    },
    "silence_rate_30dB": {
        "dmean": 0.00928792543709,
        "dmean2": 0.018590239808,
        "dvar": 0.0092013804242,
        "dvar2": 0.0213427841663,
        "max": 1,
        "mean": 0.988399088383,
        "median": 1,
        "min": 0,
        "var": 0.0114662656561
    },
    "silence_rate_60dB": {
        "dmean": 0.114551082253,
        "dmean2": 0.229279622436,
        "dvar": 0.101429611444,
        "dvar2": 0.190652638674,
        "max": 1,
        "mean": 0.272235125303,
        "median": 0,
        "min": 0,
        "var": 0.198124036193
    },
    "spectral_centroid": {
        "dmean": 44.6032409668,
        "dmean2": 64.9275360107,
        "dvar": 3058.67822266,
        "dvar2": 5654.87158203,
        "max": 1134.265625,
        "mean": 625.312194824,
        "median": 615.519104004,
        "min": 369.81036377,
        "var": 12559.2050781
    },
    "spectral_complexity": {
        "dmean": 1.41795670986,
        "dmean2": 2.21456241608,
        "dvar": 2.43679046631,
        "dvar2": 5.21729230881,
        "max": 29,
        "mean": 7.58778047562,
        "median": 6,
        "min": 1,
        "var": 18.5749568939
    },
    "spectral_decrease": {
        "dmean": 1.58749957624e-09,
        "dmean2": 2.22336460354e-09,
        "dvar": 9.06601614605e-18,
        "dvar2": 1.73055795985e-17,
        "max": -5.40212874434e-11,
        "mean": -3.74887898502e-09,
        "median": -1.79395631683e-09,
        "min": -5.407169823e-08,
        "var": 3.01684879322e-17
    },
    "spectral_energy": {
        "dmean": 0.00636104075238,
        "dmean2": 0.00890101678669,
        "dvar": 0.000145743120811,
        "dvar2": 0.000276164559182,
        "max": 0.212615743279,
        "mean": 0.0149782048538,
        "median": 0.0071024899371,
        "min": 0.000213958395761,
        "var": 0.000481991795823
    },
    "spectral_energyband_high": {
        "dmean": 4.40680423708e-06,
        "dmean2": 6.26386736258e-06,
        "dvar": 6.68134048087e-10,
        "dvar2": 1.28154098444e-09,
        "max": 0.00069151254138,
        "mean": 6.67063204673e-06,
        "median": 3.59956601415e-07,
        "min": 1.67299241127e-09,
        "var": 9.88869874874e-10
    },
    "spectral_energyband_low": {
        "dmean": 6.52576782159e-05,
        "dmean2": 9.55826471909e-05,
        "dvar": 3.92239165592e-08,
        "dvar2": 6.87886441142e-08,
        "max": 0.00664570135996,
        "mean": 0.000129428139189,
        "median": 2.48901123996e-05,
        "min": 8.93263006674e-07,
        "var": 1.75171621208e-07
    },
    "spectral_energyband_middle_high": {
        "dmean": 0.000864513684064,
        "dmean2": 0.00119186146185,
        "dvar": 6.10345114183e-06,
        "dvar2": 1.00305605883e-05,
        "max": 0.0553086176515,
        "mean": 0.0018479693681,
        "median": 0.000547311326955,
        "min": 6.11350424151e-06,
        "var": 1.66144000104e-05
    },
    "spectral_energyband_middle_low": {
        "dmean": 0.00592506630346,
        "dmean2": 0.00836573261768,
        "dvar": 0.000137716211611,
        "dvar2": 0.000266311864834,
        "max": 0.195905447006,
        "mean": 0.0135764172301,
        "median": 0.00582852074876,
        "min": 0.000109228443762,
        "var": 0.000427863764344
    },
    "spectral_entropy": {
        "dmean": 0.207559615374,
        "dmean2": 0.318142384291,
        "dvar": 0.0355668328702,
        "dvar2": 0.0805459469557,
        "max": 7.06726980209,
        "mean": 5.69372606277,
        "median": 5.703083992,
        "min": 4.61386346817,
        "var": 0.17736235261
    },
    "spectral_flux": {
        "dmean": 0.0241319742054,
        "dmean2": 0.0403116568923,
        "dvar": 0.000817991618533,
        "dvar2": 0.0020942252595,
        "max": 0.345795482397,
        "mean": 0.0470302700996,
        "median": 0.0366222038865,
        "min": 0.00580408750102,
        "var": 0.00143286050297
    },
    "spectral_kurtosis": {
        "dmean": 30.8048934937,
        "dmean2": 51.8740577698,
        "dvar": 797.962036133,
        "dvar2": 2194.8918457,
        "max": 298.617095947,
        "mean": 83.9911346436,
        "median": 72.2753448486,
        "min": 2.40528106689,
        "var": 3442.55249023
    },
    "spectral_rms": {
        "dmean": 0.000724291487131,
        "dmean2": 0.000975126517005,
        "dvar": 7.25212203179e-07,
        "dvar2": 1.24182906802e-06,
        "max": 0.0144024305046,
        "mean": 0.00319278240204,
        "median": 0.00263234856538,
        "min": 0.000456880632555,
        "var": 4.41897464043e-06
    },
    "spectral_rolloff": {
        "dmean": 50.8662567139,
        "dmean2": 88.8847885132,
        "dvar": 9250.7578125,
        "dvar2": 20189.2519531,
        "max": 1571.92382812,
        "mean": 726.383605957,
        "median": 710.595703125,
        "min": 409.130859375,
        "var": 24628.0273438
    },
    "spectral_skewness": {
        "dmean": 1.67261898518,
        "dmean2": 2.86838126183,
        "dvar": 1.90789830685,
        "dvar2": 5.71050548553,
        "max": 13.5897874832,
        "mean": 6.20296859741,
        "median": 5.85815048218,
        "min": 1.40165662766,
        "var": 7.73773002625
    },
    "spectral_spread": {
        "dmean": 308874.375,
        "dmean2": 547930.8125,
        "dvar": 184989319168,
        "dvar2": 305944985600,
        "max": 14028782,
        "mean": 1111373.375,
        "median": 1079231.875,
        "min": 250125.078125,
        "var": 297543794688
    },
    "spectral_strongpeak": {
        "dmean": 0.613566994667,
        "dmean2": 0.899566113949,
        "dvar": 0.649929583073,
        "dvar2": 1.22654676437,
        "max": 9.35297775269,
        "mean": 1.53894138336,
        "median": 1.10586261749,
        "min": 0.0251328237355,
        "var": 1.87710034847
    },
    "zerocrossingrate": {
        "dmean": 0.00200679060072,
        "dmean2": 0.00240623182617,
        "dvar": 4.35287256551e-06,
        "dvar2": 5.18580009157e-06,
        "max": 0.05029296875,
        "mean": 0.0290434826165,
        "median": 0.0283203125,
        "min": 0.01318359375,
        "var": 2.75099700957e-05
    },
    "barkbands": {
        "dmean": [1.00237753031e-06, 3.23065578414e-05, 2.4070715881e-05, 5.4338179325e-05, 0.00025787341292, 0.000998685834929, 0.000610672635958, 0.00203174352646, 0.0030405416619, 0.000778091140091, 0.0002968396293, 9.66734223766e-05, 4.77238172607e-05, 5.05518437421e-05, 3.57061217073e-05, 1.74516881088e-05, 1.6524345483e-05, 6.92874937158e-06, 1.87673704204e-05, 3.63307776752e-06, 9.41486291595e-07, 4.13708562519e-07, 3.07094666141e-07, 8.55252793031e-08, 5.49506795622e-09, 9.24651466505e-10, 7.62436003221e-10],
        "dmean2": [1.76360390469e-06, 4.99209563714e-05, 3.00115771097e-05, 8.66378468345e-05, 0.000411869259551, 0.00151281035505, 0.000963793136179, 0.00314723793417, 0.00421155476943, 0.00117998942733, 0.000380829325877, 0.000132590517751, 6.82113604853e-05, 6.99523370713e-05, 5.39964712516e-05, 2.59434000327e-05, 2.56264793279e-05, 1.04972023109e-05, 2.66439346888e-05, 5.33627326149e-06, 1.42275143844e-06, 6.08398295299e-07, 4.69110545964e-07, 1.40403528803e-07, 8.42935232725e-09, 1.52339696413e-09, 1.39227485096e-09],
        "dvar": [2.26301811491e-12, 1.33800464042e-08, 6.8145840082e-09, 3.67323380601e-08, 5.85465727454e-07, 1.87464647752e-05, 2.56895941675e-06, 2.29461784329e-05, 8.1597303506e-05, 1.34298679768e-05, 2.15408499571e-06, 4.91406524361e-08, 1.23191012946e-08, 1.84213249099e-08, 1.60770738944e-08, 6.2906768683e-09, 2.87893286988e-09, 3.83707371432e-10, 1.91731697186e-08, 4.18234946675e-10, 1.19699094386e-11, 5.52400312992e-12, 2.99824423101e-12, 5.01866452042e-13, 3.85560927261e-15, 3.20078993865e-17, 4.31681366659e-18],
        "dvar2": [6.38478115864e-12, 2.4755269834e-08, 8.71760619248e-09, 7.99423887088e-08, 1.63227605299e-06, 5.88645598327e-05, 5.38681661055e-06, 5.46647788724e-05, 0.00015859096311, 2.37003223447e-05, 3.51236076312e-06, 9.89169208765e-08, 2.78973573131e-08, 3.29414859834e-08, 3.54418894233e-08, 1.0350780677e-08, 6.14188611081e-09, 7.67142294134e-10, 4.62306886106e-08, 7.70713270981e-10, 2.67167312579e-11, 1.25488551841e-11, 7.12257596652e-12, 1.31834734102e-12, 8.26947085569e-15, 3.70992324527e-17, 9.00523822336e-18],
        "max": [1.99140631594e-05, 0.00357984262519, 0.00331384222955, 0.00308244558983, 0.0177587810904, 0.127717137337, 0.0538392364979, 0.0695202723145, 0.151728615165, 0.0955096781254, 0.035091470927, 0.00535271083936, 0.00196013855748, 0.00308446306735, 0.00272828526795, 0.00287922797725, 0.000860073138028, 0.000468990503578, 0.00406421627849, 0.000518463086337, 6.44912797725e-05, 5.89217270317e-05, 3.18276433973e-05, 1.85510325537e-05, 1.99072633222e-06, 1.91643593439e-07, 5.47562670761e-08],
        "mean": [1.1119670944e-06, 4.99051420775e-05, 5.39206739631e-05, 7.26762445993e-05, 0.000580446096137, 0.00257945503108, 0.00141041679308, 0.00338482880034, 0.0044720810838, 0.00129499600735, 0.000518648419529, 0.000194872380234, 0.00010152093455, 8.68584829732e-05, 6.31527364021e-05, 3.99726050091e-05, 2.85921541945e-05, 1.27101311591e-05, 2.39094697463e-05, 5.77372657062e-06, 1.39421740641e-06, 5.55328711016e-07, 3.07617142425e-07, 7.92337147004e-08, 4.97388397136e-09, 8.99075369709e-10, 7.52022666362e-10],
        "median": [5.0106910976e-07, 1.00410597952e-05, 5.30404076926e-06, 8.58183739183e-06, 0.000113248504931, 0.000349585461663, 0.00031125950045, 0.00121835246682, 0.000740056624636, 9.17686338653e-05, 6.37590783299e-05, 3.52414317604e-05, 2.31970752793e-05, 1.33480853037e-05, 5.82619213674e-06, 3.30489228872e-06, 2.76162700175e-06, 1.16204216738e-06, 1.8241186126e-06, 3.31002922849e-07, 5.33271133918e-08, 1.54380330741e-08, 3.66871466539e-09, 1.63487456906e-09, 3.97355093273e-10, 2.5079802124e-10, 2.83912587884e-10],
        "min": [4.57364597584e-11, 9.40014430739e-08, 1.45955976194e-08, 2.5158485073e-08, 8.10711469512e-07, 1.00914803625e-06, 4.44271876177e-07, 9.5108032383e-07, 2.55138047578e-06, 4.38926775814e-07, 1.83326818615e-07, 7.29303479829e-08, 1.58128173666e-07, 7.80461064664e-08, 2.52240379695e-08, 2.96482394191e-08, 4.69388838908e-09, 2.67583333269e-09, 1.61552038414e-09, 6.53583964727e-10, 1.35109701205e-10, 1.46101325482e-10, 6.23190388183e-11, 4.48864868885e-11, 5.76059130952e-11, 8.07209299403e-11, 1.1939456368e-10],
        "var": [3.01127959373e-12, 3.65258543411e-08, 4.84584745664e-08, 6.59762591226e-08, 1.92902939489e-06, 5.80425803491e-05, 1.35337531901e-05, 3.55933880201e-05, 0.000142986566061, 2.88799146801e-05, 4.88473915539e-06, 1.9170246901e-07, 4.17123011687e-08, 5.25103054372e-08, 2.86614909584e-08, 3.39693215778e-08, 5.4308473274e-09, 1.00846697659e-09, 1.87700734955e-08, 6.51991627354e-10, 1.99021910063e-11, 6.76204448338e-12, 3.0205542928e-12, 4.00042466601e-13, 3.90445512158e-15, 3.28470112522e-17, 3.82062854896e-18]
    },
    "erbbands": {
        "dmean": [0.000496734748594, 0.00871963426471, 0.0281275194138, 0.0952096804976, 0.381217122078, 1.07676780224, 2.58072566986, 9.34749031067, 10.3435516357, 17.8594303131, 56.043888092, 80.6024856567, 34.1589508057, 7.44572496414, 12.4366455078, 4.26556348801, 2.40703511238, 2.59564685822, 2.0926887989, 1.10946381092, 0.836950719357, 0.658173382282, 0.64355880022, 1.29637467861, 0.246128544211, 0.220556557178, 0.0478405915201, 0.0368960872293, 0.0181478243321, 0.00809281691909, 0.00923850666732, 0.00366511172615, 0.000850097683724, 0.000143358105561, 2.09643185372e-05, 6.68579741614e-06, 2.98446184388e-06, 8.1345962144e-07, 3.16844193549e-06, 7.28170061848e-06],
        "dmean2": [0.000819054082967, 0.0132496347651, 0.0364216566086, 0.148456200957, 0.604013383389, 1.69805002213, 4.00365352631, 14.2093887329, 15.4454183578, 28.1604976654, 84.6611785889, 109.600639343, 48.969203949, 11.3452768326, 15.6995792389, 5.61500930786, 3.40624427795, 3.63909649849, 2.97206330299, 1.77889657021, 1.17994105816, 0.996395409107, 0.951926350594, 1.86430752277, 0.341327339411, 0.324202805758, 0.0676177218556, 0.0541138239205, 0.0261158011854, 0.0123213594779, 0.0141875613481, 0.00608368869871, 0.00126202893443, 0.000211491016671, 3.20806539094e-05, 9.63051024883e-06, 4.28649673268e-06, 1.21513335216e-06, 4.39689711129e-06, 1.01742343759e-05],
        "dvar": [1.28705266889e-06, 0.00111132569145, 0.0124588347971, 0.100979194045, 1.0985956192, 14.9421014786, 75.1216888428, 1674.68981934, 1544.85620117, 1297.87597656, 19302.3554688, 58602.8046875, 18719.6933594, 877.963806152, 3180.21118164, 90.5411682129, 29.8651218414, 45.4813041687, 51.9501800537, 8.13169288635, 21.8262329102, 4.04976558685, 4.06035470963, 98.0200500488, 1.04914355278, 1.97638130188, 0.0358470007777, 0.0199808273464, 0.0118627212942, 0.00186271418352, 0.00278220372275, 0.000891380244866, 4.71901657875e-05, 1.53040696205e-06, 2.10607336015e-08, 8.27054869035e-10, 1.29949162542e-10, 8.18329345259e-12, 3.60827340229e-11, 1.91577434472e-10],
        "dvar2": [3.14013868774e-06, 0.00197379942983, 0.0162488352507, 0.221362769604, 2.67579030991, 41.8753890991, 171.688217163, 5330.96044922, 3669.55102539, 3050.63720703, 45923.7460938, 107791.539062, 30348.1796875, 2035.75292969, 5137.91845703, 158.255233765, 68.2579116821, 85.5144729614, 111.22504425, 19.1809520721, 30.987443924, 8.03445911407, 8.91533756256, 238.64112854, 2.32459974289, 3.63477730751, 0.0721824616194, 0.0431342869997, 0.0266780871898, 0.00448001176119, 0.00647552264854, 0.00237718690187, 0.000112854053441, 3.24788470607e-06, 4.37855227631e-08, 1.17201059968e-09, 1.55143287106e-10, 9.99382347711e-12, 6.65516600162e-11, 3.59793222993e-10],
        "max": [0.0208265185356, 1.07937991619, 4.46203422546, 5.26157331467, 24.6494483948, 92.8373947144, 225.127609253, 1164.20043945, 1668.36791992, 576.151794434, 1931.91101074, 3931.21606445, 3820.11547852, 634.514953613, 1174.55993652, 277.149383545, 86.5356903076, 165.985061646, 156.27633667, 48.7859840393, 186.698898315, 40.5782241821, 30.3239307404, 289.136962891, 27.0042858124, 36.931350708, 3.98039650917, 2.90132665634, 2.91607999802, 1.0889415741, 0.926784932613, 0.735293984413, 0.186534374952, 0.0361952781677, 0.00458116084337, 0.000759083312005, 0.000363209313946, 9.12063405849e-05, 0.000103322861833, 0.000238494583755],
        "mean": [0.00069837376941, 0.0141434324905, 0.0633851587772, 0.147903844714, 0.663312852383, 2.19861102104, 5.81549310684, 23.8107757568, 28.1871681213, 36.9654502869, 82.0343017578, 122.656761169, 63.2728462219, 13.8009338379, 22.205329895, 9.18021297455, 5.44817733765, 4.95532083511, 3.65285873413, 2.1664390564, 2.21298766136, 1.28973484039, 1.12475943565, 1.64535486698, 0.374442249537, 0.336701780558, 0.0792789533734, 0.0531269833446, 0.0245193988085, 0.0101243760437, 0.00900357402861, 0.00302754272707, 0.000936175638344, 0.000153781773406, 2.81345583062e-05, 1.26316381284e-05, 6.45717273073e-06, 1.67591372247e-06, 7.48070397094e-06, 1.71068495547e-05],
        "median": [0.000222374874284, 0.00263991905376, 0.00750450929627, 0.0250334590673, 0.113659992814, 0.395904302597, 1.14326608181, 2.88644170761, 4.17383480072, 14.4179916382, 26.8271961212, 21.9428195953, 10.2122364044, 3.14942836761, 3.22698235512, 1.96677589417, 1.62220847607, 1.11494386196, 0.58117711544, 0.316594094038, 0.217599287629, 0.144151702523, 0.10316195339, 0.125034153461, 0.0319876372814, 0.0180181264877, 0.00632603699341, 0.00211311061867, 0.000754944805522, 0.000237570959143, 0.000104965089122, 5.69701915083e-05, 2.67518298642e-05, 1.29344962261e-05, 7.84483472671e-06, 5.36916923011e-06, 2.96846633319e-06, 7.88675151853e-07, 3.61835009244e-06, 8.18877197162e-06],
        "min": [4.25462621934e-06, 1.45473604789e-05, 8.81551241037e-05, 0.000266619113972, 0.000914610805921, 0.00345831899904, 0.00690783746541, 0.0107403621078, 0.0176459569484, 0.0208766292781, 0.185994774103, 0.132605776191, 0.0489095821977, 0.030631929636, 0.0134236989543, 0.0138652715832, 0.0146124511957, 0.00835430528969, 0.00363530963659, 0.0015363645507, 0.00128823623527, 0.000323787913658, 0.000212741477299, 7.99586632638e-05, 9.93418943835e-05, 2.45869214268e-05, 1.73939388333e-05, 7.8695211414e-06, 5.55394217372e-06, 3.22895084537e-06, 2.13978182728e-06, 1.43884119552e-06, 1.16932710625e-06, 9.64064383879e-07, 5.99227576004e-07, 5.06313938331e-07, 2.56564902656e-07, 8.55677271261e-08, 1.23986637846e-07, 2.4392588216e-07],
        "var": [2.34761364482e-06, 0.00338463927619, 0.0779124647379, 0.197203919291, 3.06512117386, 33.1954231262, 232.37387085, 4855.44677734, 9172.09082031, 3513.94238281, 26928.4453125, 108124.71875, 47326.359375, 1723.76159668, 7136.54931641, 429.294219971, 103.288162231, 140.565338135, 93.2341918945, 20.3409729004, 137.80317688, 11.0318937302, 7.66085863113, 93.8083648682, 1.4346010685, 2.9899392128, 0.0633571743965, 0.0324776694179, 0.01413793955, 0.00225945212878, 0.00270668161102, 0.000645125168376, 4.97265791637e-05, 1.67680832419e-06, 2.31005525819e-08, 1.23073207181e-09, 1.85706020006e-10, 1.15343602725e-11, 1.19570395252e-10, 6.29986618428e-10]
    },
    "gfcc": {
        "mean": [-227.218826294, 212.762863159, -159.225570679, -53.1748771667, -52.8104629517, -41.5143814087, -11.5952091217, -6.02157974243, -2.0670902729, -10.0093660355, 0.371312618256, -14.4193239212, -5.40120220184],
        "cov": [[7752.87158203, -1324.31848145, -1817.13220215, 1699.50756836, -529.863952637, -403.040405273, 157.25378418, -401.333374023, 344.72052002, -61.8729095459, 52.6817779541, 35.5750389099, -9.55282497406], [-1324.31848145, 714.184814453, 504.16708374, -303.882507324, 321.691070557, 5.33147144318, -147.905166626, -86.7606277466, -188.952423096, 32.1316871643, 28.7494926453, 47.3829650879, 7.16662406921], [-1817.13220215, 504.16708374, 713.981750488, -401.47088623, 162.913284302, 158.565231323, -98.2933731079, 66.9110183716, -119.783355713, 6.19747114182, -19.78008461, -51.8548355103, -6.0607008934], [1699.50756836, -303.882507324, -401.47088623, 681.729736328, -63.2199249268, -21.4418869019, 72.8595733643, -101.208099365, 102.802337646, -12.2049942017, -0.764827668667, -21.719291687, -41.6960716248], [-529.863952637, 321.691070557, 162.913284302, -63.2199249268, 268.174499512, 52.0429039001, -28.5520000458, -26.3334827423, -93.4744186401, 17.4745845795, -3.73959875107, 8.43131732941, -10.8185882568], [-403.040405273, 5.33147144318, 158.565231323, -21.4418869019, 52.0429039001, 282.9034729, 62.6630096436, 65.794418335, 8.86591148376, -39.2620620728, -22.8713378906, -51.611656189, -10.2414617538], [157.25378418, -147.905166626, -98.2933731079, 72.8595733643, -28.5520000458, 62.6630096436, 223.042648315, 83.7939300537, 24.2215042114, -10.1439714432, -62.971496582, -25.6285591125, -2.00278043747], [-401.333374023, -86.7606277466, 66.9110183716, -101.208099365, -26.3334827423, 65.794418335, 83.7939300537, 194.164855957, 67.2691116333, -15.8519868851, -29.2074432373, -66.5514373779, -27.9106731415], [344.72052002, -188.952423096, -119.783355713, 102.802337646, -93.4744186401, 8.86591148376, 24.2215042114, 67.2691116333, 180.485412598, 42.2366638184, 0.701887667179, -37.1702804565, -34.40782547], [-61.8729095459, 32.1316871643, 6.19747114182, -12.2049942017, 17.4745845795, -39.2620620728, -10.1439714432, -15.8519868851, 42.2366638184, 113.520149231, 41.0046081543, 12.1292200089, -4.35316848755], [52.6817779541, 28.7494926453, -19.78008461, -0.764827668667, -3.73959875107, -22.8713378906, -62.971496582, -29.2074432373, 0.701887667179, 41.0046081543, 130.648178101, 73.3856582642, -10.2391262054], [35.5750389099, 47.3829650879, -51.8548355103, -21.719291687, 8.43131732941, -51.611656189, -25.6285591125, -66.5514373779, -37.1702804565, 12.1292200089, 73.3856582642, 165.893508911, 74.2154998779], [-9.55282497406, 7.16662406921, -6.0607008934, -41.6960716248, -10.8185882568, -10.2414617538, -2.00278043747, -27.9106731415, -34.40782547, -4.35316848755, -10.2391262054, 74.2154998779, 131.503753662]],
        "icov": [[0.000584067893215, -7.19439121895e-05, 0.000826412462629, -0.000728185928892, 0.000299946754239, 0.00030012379284, -0.000259469263256, 0.000889367540367, -0.000471692037536, 0.000690095301252, -0.000700003874954, 0.000852609984577, -0.00054984720191], [-7.19439121895e-05, 0.0149669293314, -0.0100652044639, 0.00240652728826, -0.0144007205963, 0.00723783578724, -0.00358956540003, 0.0097533846274, -0.00462310900912, 0.00601351307705, -0.00591278448701, 0.000881676794961, -0.0010958869243], [0.000826412462629, -0.0100652044639, 0.0115936147049, -0.00160742027219, 0.00998003501445, -0.00700270012021, 0.00512849772349, -0.00764246564358, 0.00579569209367, -0.00615079747513, 0.00543285673484, 5.55448832529e-06, 0.00109764549416], [-0.000728185928892, 0.00240652728826, -0.00160742027219, 0.00455821491778, -0.00365488557145, 0.000917884113733, -0.00236904947087, 0.00420083012432, -0.00323879253119, 0.00259103579447, -0.00211953441612, 0.00131028157193, 0.000147309561726], [0.000299946754239, -0.0144007205963, 0.00998003501445, -0.00365488557145, 0.020684350282, -0.00927953328937, 0.00621188571677, -0.0116337127984, 0.0101855145767, -0.010928154923, 0.00988080631942, -0.00407205335796, 0.00408282596618], [0.00030012379284, 0.00723783578724, -0.00700270012021, 0.000917884113733, -0.00927953328937, 0.0107677672058, -0.00662390841171, 0.00789368152618, -0.00745272403583, 0.00945170130581, -0.00855398830026, 0.00489742401987, -0.00382173340768], [-0.000259469263256, -0.00358956540003, 0.00512849772349, -0.00236904947087, 0.00621188571677, -0.00662390841171, 0.0136638358235, -0.012074504979, 0.00942860543728, -0.0103333862498, 0.0121804466471, -0.00725592439994, 0.00447079306468], [0.000889367540367, 0.0097533846274, -0.00764246564358, 0.00420083012432, -0.0116337127984, 0.00789368152618, -0.012074504979, 0.0241464078426, -0.0150382397696, 0.0145953027532, -0.0133235407993, 0.00967451557517, -0.00483741890639], [-0.000471692037536, -0.00462310900912, 0.00579569209367, -0.00323879253119, 0.0101855145767, -0.00745272403583, 0.00942860543728, -0.0150382397696, 0.0207734461874, -0.0158741809428, 0.0112329535186, -0.00649362662807, 0.00611647032201], [0.000690095301252, 0.00601351307705, -0.00615079747513, 0.00259103579447, -0.010928154923, 0.00945170130581, -0.0103333862498, 0.0145953027532, -0.0158741809428, 0.0246901940554, -0.0161966867745, 0.00910509563982, -0.00669790618122], [-0.000700003874954, -0.00591278448701, 0.00543285673484, -0.00211953441612, 0.00988080631942, -0.00855398830026, 0.0121804466471, -0.0133235407993, 0.0112329535186, -0.0161966867745, 0.0269657149911, -0.016621965915, 0.0112374182791], [0.000852609984577, 0.000881676794961, 5.55448832529e-06, 0.00131028157193, -0.00407205335796, 0.00489742401987, -0.00725592439994, 0.00967451557517, -0.00649362662807, 0.00910509563982, -0.016621965915, 0.0208847206086, -0.012059529312], [-0.00054984720191, -0.0010958869243, 0.00109764549416, 0.000147309561726, 0.00408282596618, -0.00382173340768, 0.00447079306468, -0.00483741890639, 0.00611647032201, -0.00669790618122, 0.0112374182791, -0.012059529312, 0.0158605910838]]
    },
    "melbands": {
        "dmean": [6.65439347358e-06, 1.34972988235e-05, 2.47130992648e-05, 4.46062804258e-05, 8.52036391734e-05, 0.000218822970055, 0.000146478429087, 0.000219973546336, 0.00051834306214, 0.000471059465781, 0.000161330201081, 2.63039055426e-05, 4.30335239798e-05, 1.6690701159e-05, 6.15793078396e-06, 4.95441463499e-06, 5.38376480108e-06, 3.31112096319e-06, 2.28999283536e-06, 1.35170773774e-06, 9.25680581076e-07, 5.79970730996e-07, 1.11244935397e-06, 3.01011141346e-07, 1.33574008032e-06, 1.76735511559e-07, 1.00902575184e-07, 1.70045183268e-07, 2.2264373456e-08, 3.68090873337e-08, 1.38396805127e-08, 1.24076589003e-08, 5.13828446458e-09, 4.12091827329e-09, 6.77725742193e-09, 3.88828436115e-09, 1.31274136006e-09, 7.26681659291e-10, 2.92315088801e-10, 5.52955285726e-11],
        "dmean2": [1.0531188309e-05, 1.85307271749e-05, 3.8176709495e-05, 7.19952658983e-05, 0.000132136949105, 0.000330451177433, 0.000217922293814, 0.000344631000189, 0.000775625405367, 0.00063863908872, 0.000236750158365, 4.13981288148e-05, 5.50459408259e-05, 2.18496206799e-05, 8.53316669236e-06, 7.09405730959e-06, 7.5994312283e-06, 4.62425396108e-06, 3.52231904799e-06, 2.15118484448e-06, 1.2541555634e-06, 8.57276916122e-07, 1.77258391432e-06, 4.319464324e-07, 1.93148957806e-06, 2.48017443027e-07, 1.56111497063e-07, 2.51453542433e-07, 3.38464261063e-08, 5.65558444521e-08, 2.03231156348e-08, 1.75810228598e-08, 8.36114821823e-09, 6.1316796085e-09, 1.03762811676e-08, 6.54146914414e-09, 2.24264740112e-09, 1.08696807111e-09, 4.41660291672e-10, 8.42490105457e-11],
        "dvar": [3.913803448e-10, 3.01588376495e-09, 5.31337374099e-09, 1.99403338286e-08, 6.88564085749e-08, 8.77226852936e-07, 2.90576025463e-07, 1.65891648862e-07, 1.56455814704e-06, 1.93925029635e-06, 4.60137243863e-07, 1.49582657372e-08, 4.87396789595e-08, 2.80901124583e-09, 1.8096675547e-10, 1.25877502866e-10, 2.0289206426e-10, 1.1584342513e-10, 5.20333082177e-11, 1.73252211189e-11, 3.52162292383e-11, 2.94773970858e-12, 2.05080726706e-11, 9.35791917046e-13, 1.09173364793e-10, 4.31748603882e-13, 9.71722499015e-14, 1.24973208865e-12, 6.16392821387e-15, 2.08692807637e-14, 2.40026500296e-15, 5.0303656199e-15, 9.66218529746e-16, 5.10851235022e-16, 1.81168467781e-15, 1.12728480928e-15, 1.24924945393e-16, 3.40999582697e-17, 5.6376047971e-18, 3.99250458274e-19],
        "dvar2": [7.88691889575e-10, 4.39955716303e-09, 1.12472884339e-08, 5.88844777383e-08, 1.59625585638e-07, 2.71967724075e-06, 7.12614905751e-07, 3.92865416643e-07, 3.72359727407e-06, 3.47458194483e-06, 7.71571706082e-07, 3.62349545924e-08, 7.95348356064e-08, 4.40633352028e-09, 3.56898371967e-10, 2.69337885328e-10, 3.76216918729e-10, 2.43041448078e-10, 1.16803081096e-10, 4.16818420057e-11, 4.82761330911e-11, 5.23553422838e-12, 4.74782400894e-11, 1.54236204971e-12, 2.66640931557e-10, 8.2250205995e-13, 2.0005244477e-13, 2.30901235632e-12, 1.35824579123e-14, 4.68286162885e-14, 5.08191053936e-15, 1.09903270295e-14, 2.47280553984e-15, 1.15013500534e-15, 4.18143785994e-15, 2.97502725614e-15, 3.35374595713e-16, 8.40099122313e-17, 1.16373848351e-17, 8.53879159293e-19],
        "max": [0.000556982471608, 0.00204218411818, 0.00122265389655, 0.00406329985708, 0.00595767423511, 0.0292256549001, 0.0226577688009, 0.00577308330685, 0.0150427846238, 0.0218675900251, 0.0182811636478, 0.0028073200956, 0.00545073579997, 0.00107670284342, 0.000359134341124, 0.000220335263293, 0.000319403567119, 0.000221703521674, 0.000126978964545, 7.09484666004e-05, 0.000248403433943, 3.99537166231e-05, 7.82821516623e-05, 3.16811347147e-05, 0.000305200141156, 1.33106877911e-05, 5.17684838997e-06, 2.90025600407e-05, 1.44620071296e-06, 2.87556304102e-06, 9.09519656034e-07, 1.84268606063e-06, 7.28577560949e-07, 6.34964919755e-07, 8.1467982227e-07, 6.99841905316e-07, 2.83538014401e-07, 1.54833699639e-07, 5.42406404236e-08, 2.04426875428e-08],
        "mean": [9.97988354356e-06, 2.83951212623e-05, 3.8688780478e-05, 9.3091832241e-05, 0.000190633203601, 0.000569344265386, 0.000390259025153, 0.000452077685622, 0.000718363502529, 0.000724030658603, 0.00028918395401, 4.51764462923e-05, 7.55391520215e-05, 3.21324296237e-05, 1.42887747643e-05, 1.01963223642e-05, 9.47614989855e-06, 5.60643002245e-06, 4.30590671385e-06, 2.43811632572e-06, 2.55696136264e-06, 1.23241659367e-06, 1.63233835337e-06, 5.6879900967e-07, 1.6143224002e-06, 2.70076810693e-07, 1.61369314355e-07, 2.44846376063e-07, 3.61404346449e-08, 5.16599669709e-08, 1.90918800769e-08, 1.61855719938e-08, 6.22887874613e-09, 5.15438980386e-09, 6.6061116577e-09, 3.06513214809e-09, 1.07152942075e-09, 7.63716700991e-10, 2.90087120991e-10, 5.06388750376e-11],
        "median": [2.5745507628e-06, 3.94466360376e-06, 6.42158511255e-06, 1.72238906089e-05, 3.66101812688e-05, 7.21372052794e-05, 5.74589357711e-05, 0.000185225275345, 0.000201765884412, 0.000121781085909, 3.54577678081e-05, 7.70235601522e-06, 7.97113261797e-06, 6.20721948508e-06, 3.18901925311e-06, 2.11129508898e-06, 1.53185226281e-06, 8.41802432205e-07, 3.80659429311e-07, 4.06184852864e-07, 1.61535979259e-07, 1.23554301013e-07, 1.06522861643e-07, 5.16350269208e-08, 1.07879046141e-07, 1.79056272032e-08, 1.07251638681e-08, 1.02781019251e-08, 3.06719849519e-09, 1.57458879269e-09, 6.98319790882e-10, 3.60748902972e-10, 1.19716819791e-10, 9.14089220982e-11, 5.36362829151e-11, 3.32584515483e-11, 2.34576628955e-11, 1.28246831557e-11, 6.13887369758e-12, 3.73973465043e-12],
