{
"highlevel": {
    "danceability": {
        "all": {
            "danceable": 0.00384216732346,
            "not_danceable": 0.996157824993
        },
        "probability": 0.996157824993,
        "value": "not_danceable"
    },
    "gender": {
        "all": {
            "female": 0.300157487392,
            "male": 0.699842512608
        },
        "probability": 0.699842512608,
        "value": "male"
    },
    "genre_dortmund": {
        "all": {
            "alternative": 0.183320790529,
            "blues": 0.0377236679196,
            "electronic": 0.0945817679167,
            "folkcountry": 0.210907816887,
            "funksoulrnb": 0.0364291109145,
            "jazz": 0.258888334036,
            "pop": 0.104155346751,
            "raphiphop": 0.0022863834165,
            "rock": 0.0717067718506
        },
        "probability": 0.258888334036,
        "value": "jazz"
    },
    "genre_electronic": {
        "all": {
            "ambient": 0.924367070198,
            "dnb": 0.0150356087834,
            "house": 0.0414227321744,
            "techno": 0.00688861357048,
            "trance": 0.0122859720141
        },
        "probability": 0.924367070198,
        "value": "ambient"
    },
    "genre_rosamerica": {
        "all": {
            "cla": 0.217343449593,
            "dan": 0.0239399895072,
            "hip": 0.0127681018785,
            "jaz": 0.0480361282825,
            "pop": 0.263002097607,
            "rhy": 0.337794750929,
            "roc": 0.081507652998,
            "spe": 0.0156078524888
        },
        "probability": 0.337794750929,
        "value": "rhy"
    },
    "genre_tzanetakis": {
        "all": {
            "blu": 0.0626541376114,
            "cla": 0.0348133966327,
            "cou": 0.0783501937985,
            "dis": 0.104547761381,
            "hip": 0.15693578124,
            "jaz": 0.313987255096,
            "met": 0.044816005975,
            "pop": 0.0627349764109,
            "reg": 0.0627352520823,
            "roc": 0.0784252434969
        },
        "probability": 0.313987255096,
        "value": "jaz"
    },
    "ismir04_rhythm": {
        "all": {
            "ChaChaCha": 0.0125266686082,
            "Jive": 0.00772825768217,
            "Quickstep": 0.011349526234,
            "Rumba-American": 0.0300197899342,
            "Rumba-International": 0.296811819077,
            "Rumba-Misc": 0.011981585063,
            "Samba": 0.00820791255683,
            "Tango": 0.0285839978606,
            "VienneseWaltz": 0.484568953514,
            "Waltz": 0.10822147876
        },
        "probability": 0.484568953514,
        "value": "VienneseWaltz"
    },
    "mood_acoustic": {
        "all": {
            "acoustic": 0.444773703814,
            "not_acoustic": 0.555226266384
        },
        "probability": 0.555226266384,
        "value": "not_acoustic"
    },
    "mood_aggressive": {
        "all": {
            "aggressive": 0.00542211066931,
            "not_aggressive": 0.994577884674
        },
        "probability": 0.994577884674,
        "value": "not_aggressive"
    },
    "mood_electronic": {
        "all": {
            "electronic": 0.694304764271,
            "not_electronic": 0.305695265532
        },
        "probability": 0.694304764271,
        "value": "electronic"
    },
    "mood_happy": {
        "all": {
            "happy": 0.310947448015,
            "not_happy": 0.689052581787
        },
        "probability": 0.689052581787,
        "value": "not_happy"
    },
    "mood_party": {
        "all": {
            "not_party": 0.992632508278,
            "party": 0.00736750895157
        },
        "probability": 0.992632508278,
        "value": "not_party"
    },
    "mood_relaxed": {
        "all": {
            "not_relaxed": 0.0392584763467,
            "relaxed": 0.960741519928
        },
        "probability": 0.960741519928,
        "value": "relaxed"
    },
    "mood_sad": {
        "all": {
            "not_sad": 0.143741622567,
            "sad": 0.856258392334
        },
        "probability": 0.856258392334,
        "value": "sad"
    },
    "moods_mirex": {
        "all": {
            "Cluster1": 0.069189041853,
            "Cluster2": 0.597045898438,
            "Cluster3": 0.210431143641,
            "Cluster4": 0.091208897531,
            "Cluster5": 0.032125018537
        },
        "probability": 0.597045898438,
        "value": "Cluster2"
    },
    "timbre": {
        "all": {
            "bright": 0.972534954548,
            "dark": 0.0274650398642
        },
        "probability": 0.972534954548,
        "value": "bright"
    },
    "tonal_atonal": {
        "all": {
            "atonal": 0.00644029583782,
            "tonal": 0.993559718132
        },
        "probability": 0.993559718132,
        "value": "tonal"
    },
    "voice_instrumental": {
        "all": {
            "instrumental": 0.811803817749,
            "voice": 0.18819616735
        },
        "probability": 0.811803817749,
        "value": "instrumental"
    }
},
"lowlevel": {
    "average_loudness": 0.920038163662,
    "barkbands_crest": {
        "dmean": 2.17083239555,
        "dmean2": 3.5279648304,
        "dvar": 4.19852018356,
        "dvar2": 11.2259502411,
        "max": 22.8548545837,
        "mean": 10.8029117584,
        "median": 10.0019311905,
        "min": 4.31306314468,
        "var": 13.7691383362
    },
    "barkbands_flatness_db": {
        "dmean": 0.0202988293022,
        "dmean2": 0.02862871252,
        "dvar": 0.000359408732038,
        "dvar2": 0.000716333219316,
        "max": 0.376379698515,
        "mean": 0.206449955702,
        "median": 0.203340396285,
        "min": 0.0929666981101,
        "var": 0.00197557685897
    },
    "barkbands_kurtosis": {
        "dmean": 3.47867965698,
        "dmean2": 5.3051366806,
        "dvar": 33.555847168,
        "dvar2": 81.0392456055,
        "max": 78.7661437988,
        "mean": 7.71865701675,
        "median": 4.40066146851,
        "min": -1.81852054596,
        "var": 98.2433929443
    },
    "barkbands_skewness": {
        "dmean": 0.469789236784,
        "dmean2": 0.69683688879,
        "dvar": 0.330903530121,
        "dvar2": 0.764402985573,
        "max": 7.7110285759,
        "mean": 1.78634130955,
        "median": 1.51845741272,
        "min": -0.838765621185,
        "var": 1.42725217342
    },
    "barkbands_spread": {
        "dmean": 2.04837465286,
        "dmean2": 2.93237352371,
        "dvar": 7.13776016235,
        "dvar2": 12.1548986435,
        "max": 72.7866592407,
        "mean": 9.49971961975,
        "median": 8.70374679565,
        "min": 0.825502276421,
        "var": 38.7840576172
    },
    "dissonance": {
        "dmean": 0.0291850417852,
        "dmean2": 0.0494329407811,
        "dvar": 0.000683864345774,
        "dvar2": 0.00174773123581,
        "max": 0.499881654978,
        "mean": 0.422498196363,
        "median": 0.42991733551,
        "min": 0.265444248915,
        "var": 0.00204862537794
    },
    "dynamic_complexity": 2.43519949913,
    "erbbands_crest": {
        "dmean": 2.35510611534,
        "dmean2": 3.75769495964,
        "dvar": 5.58108901978,
        "dvar2": 13.8136510849,
        "max": 28.0081748962,
        "mean": 11.3985528946,
        "median": 10.4561843872,
        "min": 3.80348563194,
        "var": 19.8243713379
    },
    "erbbands_flatness_db": {
        "dmean": 0.0184485632926,
        "dmean2": 0.0250682719052,
        "dvar": 0.000308747461531,
        "dvar2": 0.000530384422746,
        "max": 0.373075425625,
        "mean": 0.206068828702,
        "median": 0.201476246119,
        "min": 0.0941342189908,
        "var": 0.0021918665152
    },
    "erbbands_kurtosis": {
        "dmean": 1.57028770447,
        "dmean2": 2.34420228004,
        "dvar": 4.82519435883,
        "dvar2": 10.3719615936,
        "max": 29.4270133972,
        "mean": 2.722240448,
        "median": 1.52541303635,
        "min": -1.81764113903,
        "var": 16.8294906616
    },
    "erbbands_skewness": {
        "dmean": 0.361839920282,
        "dmean2": 0.523804843426,
        "dvar": 0.132599532604,
        "dvar2": 0.265109151602,
        "max": 4.78642272949,
        "mean": 1.14465284348,
        "median": 1.04354906082,
        "min": -0.955762445927,
        "var": 0.777527570724
    },
    "erbbands_spread": {
        "dmean": 4.91176509857,
        "dmean2": 6.93733739853,
        "dvar": 40.250415802,
        "dvar2": 75.8124923706,
        "max": 97.0520935059,
        "mean": 23.8352584839,
        "median": 19.8908424377,
        "min": 3.27944397926,
        "var": 214.595397949
    },
    "hfc": {
        "dmean": 2.78225827217,
        "dmean2": 3.89105248451,
        "dvar": 9.79386425018,
        "dvar2": 18.6069374084,
        "max": 59.4315223694,
        "mean": 15.2182044983,
        "median": 14.2087097168,
        "min": 0.188309654593,
        "var": 94.3449020386
    },
    "melbands_crest": {
        "dmean": 2.4838116169,
        "dmean2": 4.01708078384,
        "dvar": 5.85381937027,
        "dvar2": 14.3621931076,
        "max": 32.0055465698,
        "mean": 12.353518486,
        "median": 11.3109369278,
        "min": 5.70323705673,
        "var": 17.4639110565
    },
    "melbands_flatness_db": {
        "dmean": 0.0229090191424,
        "dmean2": 0.0303886458278,
        "dvar": 0.00049851811491,
        "dvar2": 0.0009176171734,
        "max": 0.461678504944,
        "mean": 0.269480496645,
        "median": 0.264907807112,
        "min": 0.121765740216,
        "var": 0.00290302396752
    },
    "melbands_kurtosis": {
        "dmean": 5.20651674271,
        "dmean2": 7.87863111496,
        "dvar": 101.389091492,
        "dvar2": 249.828674316,
        "max": 151.274414062,
        "mean": 12.083568573,
        "median": 6.66778945923,
        "min": -1.00047230721,
        "var": 240.938232422
    },
    "melbands_skewness": {
        "dmean": 0.519029259682,
        "dmean2": 0.781155705452,
        "dvar": 0.430605024099,
        "dvar2": 0.997885763645,
        "max": 9.22963428497,
        "mean": 2.08711361885,
        "median": 1.82096624374,
        "min": -0.520432889462,
        "var": 1.78405582905
    },
    "melbands_spread": {
        "dmean": 2.30057311058,
        "dmean2": 3.24478363991,
        "dvar": 8.12464427948,
        "dvar2": 14.1642036438,
        "max": 66.5711364746,
        "mean": 10.898021698,
        "median": 9.57722473145,
        "min": 1.1060744524,
        "var": 41.2985877991
    },
    "pitch_salience": {
        "dmean": 0.0617537721992,
        "dmean2": 0.103016331792,
        "dvar": 0.00366587424651,
        "dvar2": 0.00913076288998,
        "max": 0.870616972446,
        "mean": 0.559311687946,
        "median": 0.566885232925,
        "min": 0.182011023164,
        "var": 0.0114112179726
    },
    "silence_rate_20dB": {
        "dmean": 0,
        "dmean2": 0,
        "dvar": 0,
        "dvar2": 0,
        "max": 1,
        "mean": 1,
        "median": 1,
        "min": 1,
        "var": 0
    },
    "silence_rate_30dB": {
        "dmean": 0.0139318881556,
        "dmean2": 0.0278853606433,
        "dvar": 0.0137379942462,
        "dvar2": 0.0379525311291,
        "max": 1,
        "mean": 0.991492629051,
        "median": 1,
        "min": 0,
        "var": 0.00843505281955
    },
    "silence_rate_60dB": {
        "dmean": 0.0123839005828,
        "dmean2": 0.0247869864106,
        "dvar": 0.0122305890545,
        "dvar2": 0.0272709019482,
        "max": 1,
        "mean": 0.0587780363858,
        "median": 0,
        "min": 0,
        "var": 0.0553234182298
    },
    "spectral_centroid": {
        "dmean": 84.5749206543,
        "dmean2": 119.381523132,
        "dvar": 13231.3378906,
        "dvar2": 23187.5410156,
        "max": 2982.41918945,
        "mean": 646.276367188,
        "median": 574.254150391,
        "min": 252.972915649,
        "var": 83371.4296875
    },
    "spectral_complexity": {
        "dmean": 1.92260062695,
        "dmean2": 2.9798605442,
        "dvar": 3.67200994492,
        "dvar2": 7.70369291306,
        "max": 43,
        "mean": 13.5568447113,
        "median": 13,
        "min": 1,
        "var": 33.0573120117
    },
    "spectral_decrease": {
        "dmean": 1.96215887982e-09,
        "dmean2": 3.08990677489e-09,
        "dvar": 1.0967639027e-17,
        "dvar2": 2.57530656512e-17,
        "max": -9.58991636102e-11,
        "mean": -8.80759554178e-09,
        "median": -8.47925285541e-09,
        "min": -4.82337192409e-08,
        "var": 3.3013291099e-17
    },
    "spectral_energy": {
        "dmean": 0.00760199408978,
        "dmean2": 0.0119226137176,
        "dvar": 0.000159256596817,
        "dvar2": 0.000372821639758,
        "max": 0.1839658916,
        "mean": 0.0346222370863,
        "median": 0.0332754813135,
        "min": 0.000379025586881,
        "var": 0.00049891427625
    },
    "spectral_energyband_high": {
        "dmean": 7.70795086282e-05,
        "dmean2": 9.56700241659e-05,
        "dvar": 1.83221402494e-08,
        "dvar2": 2.75464628885e-08,
        "max": 0.00212092371657,
        "mean": 0.000188608828466,
        "median": 8.09483171906e-05,
        "min": 9.42731972486e-08,
        "var": 8.58071658172e-08
    },
    "spectral_energyband_low": {
        "dmean": 0.0043989000842,
        "dmean2": 0.00722932023928,
        "dvar": 0.000155755449669,
        "dvar2": 0.000384318584111,
        "max": 0.166327223182,
        "mean": 0.00856730248779,
        "median": 0.00583040388301,
        "min": 2.25425466738e-07,
        "var": 0.000199542191694
    },
    "spectral_energyband_middle_high": {
        "dmean": 0.00122794881463,
        "dmean2": 0.00163503782824,
        "dvar": 4.69725591756e-06,
        "dvar2": 8.71298470884e-06,
        "max": 0.0393204167485,
        "mean": 0.00420487485826,
        "median": 0.00219660578296,
        "min": 1.00015577118e-05,
        "var": 2.77999479295e-05
    },
    "spectral_energyband_middle_low": {
        "dmean": 0.00492849666625,
        "dmean2": 0.00787712261081,
        "dvar": 3.09478564304e-05,
        "dvar2": 8.18574335426e-05,
        "max": 0.0660932213068,
        "mean": 0.0230724923313,
        "median": 0.0226634088904,
        "min": 0.000334951648256,
        "var": 0.000202455936233
    },
    "spectral_entropy": {
        "dmean": 0.191643536091,
        "dmean2": 0.252211034298,
        "dvar": 0.0363187193871,
        "dvar2": 0.0597029067576,
        "max": 8.04766464233,
        "mean": 6.84125089645,
        "median": 6.83622312546,
        "min": 5.31481790543,
        "var": 0.233506321907
    },
    "spectral_flux": {
        "dmean": 0.022324828431,
        "dmean2": 0.0350363329053,
        "dvar": 0.000798448571004,
        "dvar2": 0.00173766829539,
        "max": 0.371998816729,
        "mean": 0.0734091848135,
        "median": 0.0666498318315,
        "min": 0.0026948233135,
        "var": 0.00185532355681
    },
    "spectral_kurtosis": {
        "dmean": 3.86341238022,
        "dmean2": 5.88828992844,
        "dvar": 22.8064022064,
        "dvar2": 50.3448677063,
        "max": 57.4569664001,
        "mean": 10.3303861618,
        "median": 8.84871482849,
        "min": 0.142126321793,
        "var": 58.8624801636
    },
    "spectral_rms": {
        "dmean": 0.000602749641985,
        "dmean2": 0.000931989925448,
        "dvar": 6.52999915474e-07,
        "dvar2": 1.45549734043e-06,
        "max": 0.0133969737217,
        "mean": 0.005461409688,
        "median": 0.00569770904258,
        "min": 0.00060809624847,
        "var": 3.95075585402e-06
    },
    "spectral_rolloff": {
        "dmean": 133.648880005,
        "dmean2": 227.190811157,
        "dvar": 92536.953125,
        "dvar2": 177942.484375,
        "max": 5964.69726562,
        "mean": 719.170776367,
        "median": 581.396484375,
        "min": 64.599609375,
        "var": 290689.625
    },
    "spectral_skewness": {
        "dmean": 0.376695990562,
        "dmean2": 0.544939100742,
        "dvar": 0.154659062624,
        "dvar2": 0.296692967415,
        "max": 5.64986562729,
        "mean": 2.45139575005,
        "median": 2.442497015,
        "min": 0.318190723658,
        "var": 0.704756975174
    },
    "spectral_spread": {
        "dmean": 513163.5,
        "dmean2": 693905.0625,
        "dvar": 421064540160,
        "dvar2": 626793119744,
        "max": 17234032,
        "mean": 3622461,
        "median": 3421324.25,
        "min": 1223221.25,
        "var": 1.4116379689e+12
    },
    "spectral_strongpeak": {
        "dmean": 0.47123748064,
        "dmean2": 0.806295335293,
        "dvar": 0.345903635025,
        "dvar2": 0.855476617813,
        "max": 6.87314891815,
        "mean": 1.27759754658,
        "median": 1.03530848026,
        "min": 0,
        "var": 1.12953138351
    },
    "zerocrossingrate": {
        "dmean": 0.00470518693328,
        "dmean2": 0.00568123348057,
        "dvar": 2.5783368983e-05,
        "dvar2": 2.79171636066e-05,
        "max": 0.15966796875,
        "mean": 0.0319584421813,
        "median": 0.029296875,
        "min": 0.00732421875,
        "var": 0.000214209852857
    },
    "barkbands": {
        "dmean": [0.000216429718421, 0.00323121575639, 0.00111544283573, 0.00115897262003, 0.00229959446006, 0.00275728991255, 0.00087166018784, 0.000600359460805, 0.000774815795012, 0.000873221433721, 0.00038476739428, 0.000208155659493, 0.000133572713821, 0.000281819462543, 0.000137646551593, 6.65916741127e-05, 6.5006519435e-05, 4.53365864814e-05, 2.65228827629e-05, 2.38065786107e-05, 2.13182884181e-05, 2.48649175774e-05, 1.53499058797e-05, 1.00786319308e-05, 6.25504799245e-06, 3.0029680147e-06, 1.11886508947e-08],
        "dmean2": [0.000337615376338, 0.00537256198004, 0.00198946520686, 0.00195914786309, 0.00362778478302, 0.00446024816483, 0.00139875640161, 0.000965918821748, 0.00121662742458, 0.00123528565746, 0.000523611321114, 0.000316682679113, 0.000190789447515, 0.000403030018788, 0.000207361328648, 0.000103566104372, 9.90027183434e-05, 6.97885261616e-05, 4.16992188548e-05, 3.60335179721e-05, 2.91052856483e-05, 3.40425649483e-05, 2.1095323973e-05, 1.34838728627e-05, 8.72256168805e-06, 4.43033286501e-06, 1.51324890396e-08],
        "dvar": [6.76088120599e-07, 0.00011022167746, 8.23036225484e-06, 5.09830488227e-06, 8.99165115698e-06, 1.31925262394e-05, 2.03746208172e-06, 2.04617185773e-06, 2.1872765501e-06, 5.42114275959e-06, 7.09410244326e-07, 3.21544547432e-07, 7.80535174272e-08, 3.94123674141e-07, 1.01245376527e-07, 2.69472391068e-08, 1.18583187714e-08, 6.01554139834e-09, 3.43121087099e-09, 3.21352811028e-09, 1.67661851069e-09, 2.46217224387e-09, 7.96455124075e-10, 2.83465056983e-10, 9.05001906748e-11, 1.84490044769e-11, 4.76254743921e-14],
        "dvar2": [1.69755003299e-06, 0.00027413177304, 2.45106984949e-05, 1.43778779602e-05, 2.43843187491e-05, 3.53740360879e-05, 5.59070485906e-06, 5.0133098739e-06, 5.06344895257e-06, 1.1157910194e-05, 1.24689529457e-06, 7.25455947759e-07, 1.49144568695e-07, 7.1859375339e-07, 2.41171960624e-07, 5.85899542216e-08, 2.56656189634e-08, 1.32591253532e-08, 9.12220254889e-09, 8.19614243142e-09, 3.13823922404e-09, 4.51730919337e-09, 1.41648381913e-09, 4.86467921501e-10, 1.71201441912e-10, 3.9541082214e-11, 4.82137523265e-14],
        "max": [0.0116171650589, 0.144608601928, 0.0360812619328, 0.0251269023865, 0.0541529022157, 0.052108027041, 0.0192355643958, 0.0235853996128, 0.016127936542, 0.0435959286988, 0.0147671047598, 0.0108301499858, 0.00509310886264, 0.0101318247616, 0.00478838337585, 0.00351075851358, 0.0014628500212, 0.0014188461937, 0.00110836210661, 0.00124524487182, 0.000556818326004, 0.00064942764584, 0.000401568046072, 0.00023772395798, 0.000125224236399, 7.49086175347e-05, 7.81783091952e-06],
        "mean": [0.000281616899883, 0.0058130887337, 0.00164775631856, 0.00176164892036, 0.00676424242556, 0.00830443203449, 0.00241358415224, 0.001205821638, 0.00153898773715, 0.00192982633598, 0.000831520475913, 0.000431708147516, 0.000250465789577, 0.000552859855816, 0.000271153869107, 0.000132766392198, 0.000127918829094, 9.06853820197e-05, 5.88798284298e-05, 5.1199196605e-05, 4.50255975011e-05, 4.85257296532e-05, 3.21821571561e-05, 1.95835455088e-05, 1.12142452053e-05, 5.53919699087e-06, 1.04789137367e-08],
        "median": [1.95044631255e-05, 0.00337116490118, 0.0009676910704, 0.000696351809893, 0.0046902494505, 0.0063336067833, 0.00168691377621, 0.000418283801991, 0.000712121021934, 0.00018683396047, 0.000324541091686, 0.000168993952684, 0.00010765180923, 9.30783062358e-05, 8.65414767759e-05, 5.90670206293e-05, 5.81787062401e-05, 4.06266226491e-05, 1.82808125828e-05, 1.18608522826e-05, 1.21029997899e-05, 1.88415360753e-05, 1.5914796677e-05, 8.01264377515e-06, 5.92360402152e-06, 2.85404144051e-06, 6.55786702719e-10],
        "min": [1.35049882388e-08, 3.30824327932e-08, 8.82358452969e-09, 1.62938071924e-08, 1.17573154057e-05, 3.86340507248e-05, 5.37416462976e-06, 1.4814223448e-07, 2.03813243616e-07, 1.17345535955e-07, 7.46834189158e-07, 3.20516960528e-07, 8.77272839261e-07, 9.67302867139e-07, 3.1141752288e-07, 9.01741543657e-08, 2.41713877358e-07, 9.25386274275e-08, 3.60438967562e-08, 7.9118939178e-10, 1.54000776575e-08, 8.40861247298e-09, 6.90216106491e-09, 1.50894396977e-09, 3.75130149166e-10, 5.97226912022e-12, 5.60327392124e-12],
        "var": [8.60704687966e-07, 0.000131590495585, 6.71711768518e-06, 8.13015140011e-06, 5.97105499764e-05, 5.17078115081e-05, 6.28751195109e-06, 4.34382536696e-06, 4.61227546111e-06, 2.5671957701e-05, 2.68576673079e-06, 1.11190831831e-06, 1.89339615986e-07, 1.22503729472e-06, 2.32299285585e-07, 6.06664585234e-08, 3.23278790404e-08, 1.8891350706e-08, 1.13185762984e-08, 1.40528779724e-08, 7.08445568876e-09, 7.26997528844e-09, 2.67846456126e-09, 9.59113566346e-10, 2.36034858325e-10, 4.6222487643e-11, 4.75420450349e-14]
    },
    "erbbands": {
        "dmean": [0.115357011557, 0.735958695412, 1.38788592815, 2.49375605583, 3.9540014267, 10.6850099564, 15.4019193649, 22.6688690186, 18.7008800507, 13.176861763, 13.8609275818, 16.9647216797, 28.2443408966, 17.747625351, 11.3272609711, 8.84571933746, 5.97746086121, 11.6924905777, 9.63793563843, 5.96900177002, 3.1343870163, 2.79644680023, 2.48804068565, 1.40746998787, 1.27853488922, 1.04155421257, 0.969447016716, 0.896150410175, 0.910459697247, 0.667972505093, 0.43318977952, 0.248332202435, 0.166784211993, 0.0856248512864, 0.0393458195031, 0.0182507727295, 0.00498673366383, 0.000368872657418, 9.80205913947e-06, 8.5326955741e-06],
        "dmean2": [0.179867178202, 1.26887881756, 2.46223521233, 4.27826786041, 6.61737108231, 17.0012531281, 24.9671382904, 36.9390411377, 30.5205230713, 21.4592170715, 21.9831943512, 26.6481933594, 40.027923584, 23.9956169128, 14.5832910538, 13.3128404617, 8.67894363403, 16.6281204224, 13.5961103439, 8.83627510071, 4.81425189972, 4.16965961456, 3.68775010109, 2.16952323914, 2.03756690025, 1.58567750454, 1.39760529995, 1.20128011703, 1.23498940468, 0.922642529011, 0.599705636501, 0.325730085373, 0.236979931593, 0.117946505547, 0.057571016252, 0.0277779716998, 0.00744849257171, 0.00057858863147, 1.43256784213e-05, 1.31930128191e-05],
        "dvar": [0.165625199676, 5.37295103073, 15.3616876602, 23.5319366455, 40.4013786316, 235.149276733, 531.71472168, 781.444458008, 754.59967041, 803.091125488, 1244.9420166, 1197.40405273, 6328.96337891, 1952.39440918, 524.901367188, 648.653015137, 138.873916626, 924.46496582, 422.517852783, 260.598205566, 36.1585044861, 20.750535965, 16.7282066345, 7.70842647552, 10.5413017273, 6.34482955933, 3.59739279747, 3.39591097832, 3.26042628288, 1.68333303928, 0.66999578476, 0.201141044497, 0.0781836211681, 0.0189579036087, 0.00393048254773, 0.000749683589675, 5.52716301172e-05, 3.90354642832e-07, 1.16163634267e-09, 1.93602217591e-10],
        "dvar2": [0.386591941118, 14.7103366852, 45.7840499878, 66.224647522, 112.047966003, 646.359436035, 1498.19677734, 1882.27246094, 1928.84545898, 2250.48828125, 2952.49414062, 2790.31298828, 12753.9755859, 3794.61743164, 816.721801758, 1475.4161377, 299.335266113, 1734.17700195, 784.552490234, 630.563781738, 88.0044403076, 45.278503418, 36.9474411011, 19.0284080505, 30.6405982971, 15.6777238846, 8.1942024231, 6.26516628265, 6.00129413605, 3.28971719742, 1.19975912571, 0.316444724798, 0.167460426688, 0.0345111228526, 0.0085217570886, 0.0017478937516, 0.000113536414574, 8.13538520106e-07, 1.33432342952e-09, 4.43245606885e-10],
        "max": [4.70049190521, 30.032087326, 43.0125617981, 53.9155349731, 83.2768325806, 236.281478882, 310.935424805, 480.261810303, 471.490386963, 525.115478516, 630.524536133, 439.268310547, 1621.22009277, 826.66003418, 614.246887207, 509.033325195, 215.853927612, 606.847045898, 306.785827637, 410.412231445, 130.733703613, 65.312789917, 67.3732452393, 48.1957473755, 76.8668060303, 56.3048210144, 26.9874782562, 26.1179733276, 23.107131958, 20.9641342163, 13.7200450897, 6.52274179459, 4.59012269974, 1.87335133553, 0.808287143707, 0.443374842405, 0.109605327249, 0.0101942112669, 0.001179549261, 0.000201155751711],
        "mean": [0.180738255382, 1.22477018833, 2.10342693329, 4.09068059921, 7.32347726822, 31.7370586395, 39.345790863, 70.4627838135, 53.5525588989, 28.8432674408, 29.2713680267, 34.785369873, 63.4238014221, 42.6606941223, 28.0618991852, 19.5716400146, 12.834189415, 25.7989196777, 19.2133083344, 12.2542133331, 7.29636955261, 6.37129068375, 5.65060758591, 3.39941644669, 2.8162317276, 2.32149815559, 2.00210499763, 1.78437638283, 1.75172615051, 1.29154622555, 0.88662904501, 0.495639115572, 0.295166134834, 0.152896374464, 0.0662639886141, 0.0316625311971, 0.00903426855803, 0.000597994541749, 3.05252506223e-05, 3.9981041482e-05],
        "median": [0.0376359671354, 0.883198142052, 1.43683516979, 2.27735161781, 4.61825990677, 20.8124923706, 26.9681415558, 52.1100349426, 33.9833450317, 13.2794303894, 13.4603462219, 18.0609970093, 13.6077718735, 10.7767467499, 13.7303657532, 8.46547222137, 6.92550325394, 5.53873729706, 5.6184592247, 4.99520492554, 3.40688896179, 3.54175043106, 2.97080683708, 1.43463659286, 0.735004842281, 0.550888180733, 0.536306262016, 0.480323404074, 0.632842600346, 0.648974120617, 0.401690751314, 0.178539022803, 0.135420084, 0.0830495730042, 0.0280151013285, 0.0138945886865, 0.00502624502406, 0.000306824163999, 2.45853752858e-05, 3.81177123927e-05],
        "min": [1.94055814973e-06, 1.21505736388e-05, 3.45100052073e-05, 0.000282798748231, 0.00741461478174, 0.075594983995, 0.169964835048, 0.404385775328, 0.185962468386, 0.221276178956, 0.0285082031041, 0.00866496749222, 0.0173906963319, 0.0199627131224, 0.0523082055151, 0.0304806008935, 0.0396820269525, 0.0340717472136, 0.0239426326007, 0.0222469884902, 0.00932533293962, 0.015693647787, 0.00744139449671, 0.00302545377053, 0.00172569765709, 0.0004788544029, 0.00160941702779, 0.000932720082346, 0.000398611911805, 0.000456976675196, 0.000119929878565, 3.84525301342e-05, 3.32241543219e-05, 1.04187656689e-05, 4.31680973634e-06, 1.18781611036e-06, 4.3050110321e-07, 4.3934868188e-08, 2.10683637647e-07, 4.33365812569e-07],
        "var": [0.219684407115, 4.86332559586, 11.4309854507, 32.221244812, 79.8409500122, 1357.13586426, 1688.53112793, 3769.84350586, 3200.68286133, 1710.80126953, 2407.62792969, 2352.04052734, 33574.4453125, 8258.49902344, 2821.7434082, 2357.72509766, 304.593109131, 2796.70727539, 1038.09863281, 514.953186035, 134.980682373, 64.8384780884, 57.0374717712, 28.2309761047, 37.3844451904, 27.6048183441, 13.4428892136, 12.1901044846, 10.2753019333, 4.1407699585, 2.29924201965, 0.758848428726, 0.192413181067, 0.0463303551078, 0.00953513756394, 0.00176619319245, 0.000126836457639, 6.87091130658e-07, 1.50890711037e-09, 6.45432041146e-10]
    },
    "gfcc": {
        "mean": [-28.6026535034, 130.85635376, -108.339492798, 12.3190374374, -71.1488189697, 5.94685697556, -47.2692260742, -1.93466985226, -20.2057380676, 0.0543115362525, -10.3200273514, 8.54515266418, -4.13668394089],
        "cov": [[4644.25585938, -45.2006225586, 378.526275635, 759.163024902, 352.953277588, 579.183837891, 279.465209961, 415.036102295, 91.3314361572, 99.8443984985, -267.451751709, -154.592269897, 13.3169803619], [-45.2006225586, 920.148498535, 221.2681427, -14.4457950592, 281.210632324, 15.506313324, 189.372283936, 0.843677222729, 158.326431274, -77.8161849976, 117.85005188, -78.7898864746, 32.389881134], [378.526275635, 221.2681427, 795.775756836, 389.182373047, 68.887046814, 118.648742676, 134.777603149, 82.8685379028, 11.2441539764, 98.1263046265, 23.4150447845, 6.94686508179, 9.81776809692], [759.163024902, -14.4457950592, 389.182373047, 735.179138184, 13.5239486694, 89.7704238892, 145.571624756, 95.9950866699, -13.8642911911, 55.7294235229, 100.819122314, -54.8220901489, 105.111022949], [352.953277588, 281.210632324, 68.887046814, 13.5239486694, 299.79598999, 75.6652374268, 65.6385726929, 88.0832977295, 76.3739089966, 11.5649137497, -5.05754089355, 6.62424278259, -0.650898933411], [579.183837891, 15.506313324, 118.648742676, 89.7704238892, 75.6652374268, 227.605606079, 83.0056381226, 48.6314239502, 22.8528232574, 4.34156894684, -17.5748291016, -6.17806911469, 1.4721391201], [279.465209961, 189.372283936, 134.777603149, 145.571624756, 65.6385726929, 83.0056381226, 193.113418579, 48.3621520996, 33.3361778259, 21.3564338684, 61.4492378235, -4.34197759628, 37.1046791077], [415.036102295, 0.843677222729, 82.8685379028, 95.9950866699, 88.0832977295, 48.6314239502, 48.3621520996, 179.291122437, 51.2165908813, 44.9816436768, -10.2249059677, 12.1212615967, 13.8107843399], [91.3314361572, 158.326431274, 11.2441539764, -13.8642911911, 76.3739089966, 22.8528232574, 33.3361778259, 51.2165908813, 143.666427612, 20.3841838837, 10.538028717, 2.30970931053, 10.6456842422], [99.8443984985, -77.8161849976, 98.1263046265, 55.7294235229, 11.5649137497, 4.34156894684, 21.3564338684, 44.9816436768, 20.3841838837, 129.204666138, 8.25517749786, 23.3217582703, 1.03790485859], [-267.451751709, 117.85005188, 23.4150447845, 100.819122314, -5.05754089355, -17.5748291016, 61.4492378235, -10.2249059677, 10.538028717, 8.25517749786, 191.042617798, 29.3040161133, 45.7927856445], [-154.592269897, -78.7898864746, 6.94686508179, -54.8220901489, 6.62424278259, -6.17806911469, -4.34197759628, 12.1212615967, 2.30970931053, 23.3217582703, 29.3040161133, 117.474830627, 10.5162811279], [13.3169803619, 32.389881134, 9.81776809692, 105.111022949, -0.650898933411, 1.4721391201, 37.1046791077, 13.8107843399, 10.6456842422, 1.03790485859, 45.7927856445, 10.5162811279, 89.2900924683]],
        "icov": [[0.000590900017414, -0.000445729936473, 0.000539366330486, -0.000870040152222, 0.000136753369588, -0.0012420542771, 5.74861915084e-05, -0.000808737939224, 0.000342947227182, -0.000559525680728, 0.00123434013221, -0.000196562643396, 0.000516859348863], [-0.000445729936473, 0.00853652134538, -0.00454036099836, 0.00445104436949, -0.00671888934448, 0.00499822711572, -0.00574740953743, 0.00352367502637, -0.00593966664746, 0.00705746235326, -0.00574697041884, 0.00800639204681, -0.00342815066688], [0.000539366330486, -0.00454036099836, 0.00466671958566, -0.00390162481926, 0.00326811824925, -0.00350414006971, 0.00220448314212, -0.00194211176131, 0.00313576380722, -0.00476237386465, 0.00398432882503, -0.00492710806429, 0.00333070708439], [-0.000870040152222, 0.00445104436949, -0.00390162481926, 0.00608426053077, -0.00293457508087, 0.00325618404895, -0.0029509877786, 0.00128219777253, -0.00202042190358, 0.00347581435926, -0.00520719075575, 0.00611220905557, -0.00511413021013], [0.000136753369588, -0.00671888934448, 0.00326811824925, -0.00293457508087, 0.00998629722744, -0.00432192301378, 0.00376974581741, -0.0041653746739, 0.00303065404296, -0.00488492753357, 0.00423545390368, -0.00652760826051, 0.00302595156245], [-0.0012420542771, 0.00499822711572, -0.00350414006971, 0.00325618404895, -0.00432192301378, 0.0106376903132, -0.00529869133607, 0.00279790977947, -0.00371320964769, 0.00529464706779, -0.0035869681742, 0.00383600825444, -0.00174450362101], [5.74861915084e-05, -0.00574740953743, 0.00220448314212, -0.0029509877786, 0.00376974581741, -0.00529869133607, 0.0126110147685, -0.0027563823387, 0.00342508452013, -0.00500736711547, 0.000949921086431, -0.00436304230243, 0.000284949346678], [-0.000808737939224, 0.00352367502637, -0.00194211176131, 0.00128219777253, -0.0041653746739, 0.00279790977947, -0.0027563823387, 0.0105358706787, -0.00438232487068, 0.00125803751871, -0.00178418168798, 0.00164657272398, -0.00178516493179], [0.000342947227182, -0.00593966664746, 0.00313576380722, -0.00202042190358, 0.00303065404296, -0.00371320964769, 0.00342508452013, -0.00438232487068, 0.0132249854505, -0.00604695081711, 0.00323545397259, -0.00438868720084, 0.000826021365356], [-0.000559525680728, 0.00705746235326, -0.00476237386465, 0.00347581435926, -0.00488492753357, 0.00529464706779, -0.00500736711547, 0.00125803751871, -0.00604695081711, 0.0156543925405, -0.00497881462798, 0.0045472336933, -0.00172450847458], [0.00123434013221, -0.00574697041884, 0.00398432882503, -0.00520719075575, 0.00423545390368, -0.0035869681742, 0.000949921086431, -0.00178418168798, 0.00323545397259, -0.00497881462798, 0.0129930246621, -0.00755117973313, 0.0014615416294], [-0.000196562643396, 0.00800639204681, -0.00492710806429, 0.00611220905557, -0.00652760826051, 0.00383600825444, -0.00436304230243, 0.00164657272398, -0.00438868720084, 0.0045472336933, -0.00755117973313, 0.018604002893, -0.00592895923182], [0.000516859348863, -0.00342815066688, 0.00333070708439, -0.00511413021013, 0.00302595156245, -0.00174450362101, 0.000284949346678, -0.00178516493179, 0.000826021365356, -0.00172450847458, 0.0014615416294, -0.00592895923182, 0.0180988050997]]
    },
    "melbands": {
        "dmean": [0.000933153613005, 0.000801870541181, 0.000467740261229, 0.000434872432379, 0.00053130852757, 0.000525259703863, 0.000259536143858, 0.000137576498673, 0.000122663055663, 0.000106545565359, 0.000142893593875, 7.21782853361e-05, 4.95296189911e-05, 2.22666822083e-05, 2.0623254386e-05, 1.30567505039e-05, 2.53116977547e-05, 1.90701794054e-05, 8.56003862282e-06, 6.12528174315e-06, 4.15572549173e-06, 3.02187140733e-06, 3.60616741091e-06, 2.01478133022e-06, 1.16918749882e-06, 1.05274830275e-06, 8.64210676355e-07, 7.46804971641e-07, 6.94503569321e-07, 5.38526535365e-07, 5.68202494833e-07, 5.62184254704e-07, 4.82434984406e-07, 3.4568407159e-07, 2.73847660992e-07, 2.11498758063e-07, 1.45910988181e-07, 1.2735672783e-07, 1.03825101405e-07, 6.9364247679e-08],
        "dmean2": [0.00148610700853, 0.00142033945303, 0.000791811675299, 0.000706615624949, 0.000849000178277, 0.000845866801683, 0.000423471065005, 0.000223455455853, 0.000192794323084, 0.000165219214978, 0.000201354021556, 9.93817884591e-05, 6.61017547827e-05, 3.215367542e-05, 3.09136812575e-05, 1.80656224984e-05, 3.63082726835e-05, 2.65843100351e-05, 1.27820121634e-05, 9.21127320908e-06, 6.40493772153e-06, 4.70938130093e-06, 5.17061744176e-06, 3.12413158099e-06, 1.81428220003e-06, 1.65385597484e-06, 1.38125585636e-06, 1.15772957088e-06, 1.04464982087e-06, 7.68772054016e-07, 7.78859543971e-07, 7.96624021859e-07, 6.92774790423e-07, 5.0212622682e-07, 3.96803699232e-07, 2.90130458325e-07, 1.99428328074e-07, 1.85824816867e-07, 1.46781459875e-07, 9.83851862202e-08],
        "dvar": [9.76662704488e-06, 5.75427748117e-06, 7.34428965643e-07, 3.76065059982e-07, 5.3105736697e-07, 4.15605938997e-07, 1.38141558637e-07, 8.62965379156e-08, 8.28366424344e-08, 4.63210199086e-08, 1.613329772e-07, 3.44701582833e-08, 1.00857340257e-08, 2.49206322245e-09, 3.6865599462e-09, 8.31974988902e-10, 4.45193704124e-09, 1.77395986789e-09, 4.33130031841e-10, 3.01190072882e-10, 6.46916756275e-11, 2.61848771832e-11, 3.90948627638e-11, 1.88198692741e-11, 5.67348728761e-12, 6.10980753837e-12, 5.33794189406e-12, 3.30230200823e-12, 2.11470619661e-12, 1.17127173845e-12, 1.46863380832e-12, 1.36695591912e-12, 8.77900887836e-13, 4.65002385555e-13, 2.73585109645e-13, 1.63857290366e-13, 6.83031986548e-14, 5.09491334213e-14, 2.56847155849e-14, 1.29696456686e-14],
        "dvar2": [2.34268991335e-05, 1.65747915162e-05, 2.07210723602e-06, 1.09522875391e-06, 1.43703834965e-06, 1.03790409867e-06, 3.54677865744e-07, 2.39920268541e-07, 1.94616731619e-07, 1.08852496794e-07, 3.27075696305e-07, 6.84921346306e-08, 1.62081459365e-08, 4.97607022254e-09, 8.20112688871e-09, 1.61035895729e-09, 8.30618951397e-09, 3.19403015148e-09, 1.0119730609e-09, 6.69007571563e-10, 1.55153195847e-10, 6.1848685895e-11, 7.88709722532e-11, 4.58118508406e-11, 1.43295089336e-11, 1.659725829e-11, 1.48444971593e-11, 7.91604021916e-12, 4.92797469498e-12, 2.55154057605e-12, 2.84387964566e-12, 2.72780344319e-12, 1.72698433245e-12, 9.51622895068e-13, 5.29550524524e-13, 2.95384485101e-13, 1.18354450047e-13, 1.20352932806e-13, 5.06053871225e-14, 2.46538578533e-14],
        "max": [0.0417891666293, 0.028523331508, 0.0104794660583, 0.008017051965, 0.0107314195484, 0.0103668849915, 0.00617357250303, 0.00526754185557, 0.00520313251764, 0.00274452776648, 0.00819692015648, 0.00315761007369, 0.00220915907994, 0.00117332721129, 0.00107333378401, 0.000517235370353, 0.00126048538368, 0.000582992041018, 0.000394633156247, 0.000443013501354, 0.000179119364475, 6.91432651365e-05, 9.85475271591e-05, 0.000101837955299, 4.04699676437e-05, 4.83734511363e-05, 5.5424097809e-05, 3.85721177736e-05, 2.7013993531e-05, 1.59292758326e-05, 1.74307770067e-05, 1.60152376338e-05, 1.15587754408e-05, 1.17450499602e-05, 9.27139717533e-06, 5.34756372872e-06, 4.29654164691e-06, 3.5805871903e-06, 2.10770826925e-06, 1.35869686346e-06],
        "mean": [0.00161948741879, 0.00131426902954, 0.000798308581579, 0.00125166284852, 0.00155974831432, 0.00165851041675, 0.000746145786252, 0.000282875698758, 0.000252885307418, 0.000213071369217, 0.000311915151542, 0.000167361446074, 0.000113731228339, 4.873913349e-05, 3.77807737095e-05, 2.66004735749e-05, 5.22312657267e-05, 3.43691463058e-05, 1.78191767191e-05, 1.17584449981e-05, 8.51855656947e-06, 6.2300287027e-06, 7.10888889444e-06, 4.10168922826e-06, 2.54786777987e-06, 2.12521626963e-06, 1.81120230991e-06, 1.49453921949e-06, 1.32939067043e-06, 1.0504668353e-06, 1.03088871128e-06, 1.01436546629e-06, 8.93963942872e-07, 6.37529694814e-07, 5.25246548477e-07, 4.05736699349e-07, 2.6539990472e-07, 2.074586547e-07, 1.74277246856e-07, 1.13954222059e-07],
        "median": [0.000676457886584, 0.000995974056423, 0.000467236881377, 0.000956241739914, 0.00109845970292, 0.00124581507407, 0.000496013788506, 0.000121023855172, 0.000114690468763, 0.000104077320429, 5.33225465915e-05, 3.36497942044e-05, 4.83150142827e-05, 1.77641759365e-05, 1.94556014321e-05, 1.06975639937e-05, 8.74667512107e-06, 7.54511984269e-06, 6.26521386948e-06, 4.2444535211e-06, 3.81964036933e-06, 3.41056602338e-06, 3.07804884869e-06, 1.67980942933e-06, 9.70940959633e-07, 5.92788353515e-07, 3.86007059205e-07, 3.5695862266e-07, 3.51663373976e-07, 2.83158840375e-07, 2.84838421294e-07, 3.35258249606e-07, 3.6584859231e-07, 3.35763132853e-07, 2.41016891778e-07, 1.54071628344e-07, 8.29888904263e-08, 9.14299391752e-08, 8.6962316459e-08, 5.75957237459e-08],
        "min": [2.42215065782e-08, 1.15995764105e-08, 2.34173480607e-08, 2.21429922931e-06, 5.88753573538e-06, 8.57599206938e-06, 1.67575683463e-06, 9.16304045973e-08, 1.27544552697e-08, 3.43712258655e-08, 4.82496886889e-08, 6.55728555898e-08, 1.80146884077e-07, 4.49198402919e-08, 5.40613065425e-08, 7.10353234012e-08, 6.82724135004e-08, 2.04974597295e-08, 2.15452509167e-08, 1.26462076366e-08, 6.13304074193e-09, 1.37146622947e-08, 7.26736093526e-09, 3.61235907853e-09, 1.56424895259e-09, 9.95658222536e-10, 5.32874133707e-10, 3.68119319749e-11, 6.11270922768e-10, 1.68607461326e-10, 5.1993132022e-10, 1.44078457498e-10, 1.78675158002e-10, 2.3988658282e-10, 6.89254070485e-11, 3.57196737466e-11, 1.18013793182e-11, 2.57083547159e-12, 3.6891744e-12, 2.31790498254e-13],
