{
"highlevel": {
    "danceability": {
        "all": {
            "danceable": 0.0961887687445,
            "not_danceable": 0.903811216354
        },
        "probability": 0.903811216354,
        "value": "not_danceable"
    },
    "gender": {
        "all": {
            "female": 0.244183719158,
            "male": 0.755816280842
        },
        "probability": 0.755816280842,
        "value": "male"
    },
    "genre_dortmund": {
        "all": {
            "alternative": 0.0495688803494,
            "blues": 0.250432759523,
            "electronic": 0.00666849454865,
            "folkcountry": 0.436310380697,
            "funksoulrnb": 0.0109890671447,
            "jazz": 0.175526887178,
            "pop": 0.03812437132,
            "raphiphop": 0.00447695748881,
            "rock": 0.0279022101313
        },
        "probability": 0.436310380697,
        "value": "folkcountry"
    },
    "genre_electronic": {
        "all": {
            "ambient": 0.885547757149,
            "dnb": 0.0365699529648,
            "house": 0.0480598695576,
            "techno": 0.00500867655501,
            "trance": 0.0248137246817
        },
        "probability": 0.885547757149,
        "value": "ambient"
    },
    "genre_rosamerica": {
        "all": {
            "cla": 0.221829071641,
            "dan": 0.00993969477713,
            "hip": 0.0205853898078,
            "jaz": 0.156068593264,
            "pop": 0.147442087531,
            "rhy": 0.392302960157,
            "roc": 0.0317727550864,
            "spe": 0.0200594365597
        },
        "probability": 0.392302960157,
        "value": "rhy"
    },
    "genre_tzanetakis": {
        "all": {
            "blu": 0.0626613423228,
            "cla": 0.0348169617355,
            "cou": 0.104475811124,
            "dis": 0.0784321576357,
            "hip": 0.15692435205,
            "jaz": 0.313974827528,
            "met": 0.0448166541755,
            "pop": 0.0627359300852,
            "reg": 0.0627360641956,
            "roc": 0.0784258767962
        },
        "probability": 0.313974827528,
        "value": "jaz"
    },
    "ismir04_rhythm": {
        "all": {
            "ChaChaCha": 0.0603908896446,
            "Jive": 0.0330575741827,
            "Quickstep": 0.0598004609346,
            "Rumba-American": 0.0272558461875,
            "Rumba-International": 0.0561064966023,
            "Rumba-Misc": 0.0116177368909,
            "Samba": 0.0312327239662,
            "Tango": 0.0796149075031,
            "VienneseWaltz": 0.610580801964,
            "Waltz": 0.0303425583988
        },
        "probability": 0.610580801964,
        "value": "VienneseWaltz"
    },
    "mood_acoustic": {
        "all": {
            "acoustic": 0.753201127052,
            "not_acoustic": 0.246798887849
        },
        "probability": 0.753201127052,
        "value": "acoustic"
    },
    "mood_aggressive": {
        "all": {
            "aggressive": 0.00882036425173,
            "not_aggressive": 0.991179645061
        },
        "probability": 0.991179645061,
        "value": "not_aggressive"
    },
    "mood_electronic": {
        "all": {
            "electronic": 0.0480346679688,
            "not_electronic": 0.951965332031
        },
        "probability": 0.951965332031,
        "value": "not_electronic"
    },
    "mood_happy": {
        "all": {
            "happy": 0.751380562782,
            "not_happy": 0.248619407415
        },
        "probability": 0.751380562782,
        "value": "happy"
    },
    "mood_party": {
        "all": {
            "not_party": 0.712875723839,
            "party": 0.287124305964
        },
        "probability": 0.712875723839,
        "value": "not_party"
    },
    "mood_relaxed": {
        "all": {
            "not_relaxed": 0.919076025486,
            "relaxed": 0.0809239819646
        },
        "probability": 0.919076025486,
        "value": "not_relaxed"
    },
    "mood_sad": {
        "all": {
            "not_sad": 0.128212600946,
            "sad": 0.871787428856
        },
        "probability": 0.871787428856,
        "value": "sad"
    },
    "moods_mirex": {
        "all": {
            "Cluster1": 0.0597241409123,
            "Cluster2": 0.340784281492,
            "Cluster3": 0.285534232855,
            "Cluster4": 0.295431166887,
            "Cluster5": 0.0185261759907
        },
        "probability": 0.340784281492,
        "value": "Cluster2"
    },
    "timbre": {
        "all": {
            "bright": 0.999999880791,
            "dark": 1.47498369074e-07
        },
        "probability": 0.999999880791,
        "value": "bright"
    },
    "tonal_atonal": {
        "all": {
            "atonal": 0.0137912165374,
            "tonal": 0.986208796501
        },
        "probability": 0.986208796501,
        "value": "tonal"
    },
    "voice_instrumental": {
        "all": {
            "instrumental": 0.00268954783678,
            "voice": 0.997310459614
        },
        "probability": 0.997310459614,
        "value": "voice"
    }
},
"lowlevel": {
    "average_loudness": 0.860133647919,
    "barkbands_crest": {
        "dmean": 2.06348252296,
        "dmean2": 3.26622533798,
        "dvar": 4.34643697739,
        "dvar2": 10.5314311981,
        "max": 23.997543335,
        "mean": 9.34455013275,
        "median": 8.31780433655,
        "min": 2.89195990562,
        "var": 14.9722700119
    },
    "barkbands_flatness_db": {
        "dmean": 0.0292169526219,
        "dmean2": 0.0405433028936,
        "dvar": 0.000850477430504,
        "dvar2": 0.00161931477487,
        "max": 0.391566425562,
        "mean": 0.176864027977,
        "median": 0.176505342126,
        "min": 0.0495027303696,
        "var": 0.00262561440468
    },
    "barkbands_kurtosis": {
        "dmean": 1.56390500069,
        "dmean2": 2.45895719528,
        "dvar": 14.0439376831,
        "dvar2": 32.331451416,
        "max": 57.3597717285,
        "mean": 1.33083426952,
        "median": 4.29153442383e-06,
        "min": -1.64100396633,
        "var": 23.2157421112
    },
    "barkbands_skewness": {
        "dmean": 0.410200476646,
        "dmean2": 0.609762489796,
        "dvar": 0.241919294,
        "dvar2": 0.556600272655,
        "max": 5.69944047928,
        "mean": 0.761512041092,
        "median": 0.595143139362,
        "min": -3.21705317497,
        "var": 1.00387477875
    },
    "barkbands_spread": {
        "dmean": 6.03699207306,
        "dmean2": 9.40534687042,
        "dvar": 60.9781112671,
        "dvar2": 145.362182617,
        "max": 77.3567810059,
        "mean": 22.6112556458,
        "median": 21.093542099,
        "min": 1.40723025799,
        "var": 121.451095581
    },
    "dissonance": {
        "dmean": 0.0247785672545,
        "dmean2": 0.0404118895531,
        "dvar": 0.000455721601611,
        "dvar2": 0.00124316802248,
        "max": 0.499730050564,
        "mean": 0.450859189034,
        "median": 0.458398073912,
        "min": 0.298231691122,
        "var": 0.00106174324173
    },
    "dynamic_complexity": 3.93276619911,
    "erbbands_crest": {
        "dmean": 2.70295453072,
        "dmean2": 4.26165962219,
        "dvar": 5.97944736481,
        "dvar2": 13.9776105881,
        "max": 26.056722641,
        "mean": 10.7541704178,
        "median": 9.72492694855,
        "min": 3.00850439072,
        "var": 19.411239624
    },
    "erbbands_flatness_db": {
        "dmean": 0.0282432045788,
        "dmean2": 0.0389497838914,
        "dvar": 0.000778159883339,
        "dvar2": 0.00146616168786,
        "max": 0.366850227118,
        "mean": 0.212040022016,
        "median": 0.216552168131,
        "min": 0.0726104602218,
        "var": 0.0026382447686
    },
    "erbbands_kurtosis": {
        "dmean": 0.816366553307,
        "dmean2": 1.29883337021,
        "dvar": 1.11910831928,
        "dvar2": 2.71698880196,
        "max": 16.1424064636,
        "mean": 0.290595263243,
        "median": -0.0151045322418,
        "min": -1.74481618404,
        "var": 2.02772641182
    },
    "erbbands_skewness": {
        "dmean": 0.350887566805,
        "dmean2": 0.532894968987,
        "dvar": 0.128292292356,
        "dvar2": 0.30722656846,
        "max": 3.69587469101,
        "mean": 0.113745257258,
        "median": 0.151587247849,
        "min": -2.89872956276,
        "var": 0.459982991219
    },
    "erbbands_spread": {
        "dmean": 7.66143655777,
        "dmean2": 12.0268630981,
        "dvar": 102.245323181,
        "dvar2": 241.479553223,
        "max": 115.600921631,
        "mean": 28.5282840729,
        "median": 25.4688816071,
        "min": 7.80284118652,
        "var": 166.613388062
    },
    "hfc": {
        "dmean": 4.20873308182,
        "dmean2": 6.31608581543,
        "dvar": 33.0711479187,
        "dvar2": 63.5199699402,
        "max": 82.5733947754,
        "mean": 14.6299715042,
        "median": 7.35600757599,
        "min": 0.0445213280618,
        "var": 280.411865234
    },
    "melbands_crest": {
        "dmean": 2.44271230698,
        "dmean2": 3.85347247124,
        "dvar": 6.2260260582,
        "dvar2": 14.9320268631,
        "max": 27.456993103,
        "mean": 13.0467920303,
        "median": 12.0035333633,
        "min": 3.48300790787,
        "var": 25.8112850189
    },
    "melbands_flatness_db": {
        "dmean": 0.0336840376258,
        "dmean2": 0.0469102971256,
        "dvar": 0.00138443033211,
        "dvar2": 0.00277351401746,
        "max": 0.504142105579,
        "mean": 0.199377402663,
        "median": 0.193315088749,
        "min": 0.0396365076303,
        "var": 0.00478283129632
    },
    "melbands_kurtosis": {
        "dmean": 3.82523465157,
        "dmean2": 5.99015378952,
        "dvar": 79.6730422974,
        "dvar2": 190.766677856,
        "max": 107.463508606,
        "mean": 5.58306217194,
        "median": 1.96615982056,
        "min": -1.85670864582,
        "var": 134.36605835
    },
    "melbands_skewness": {
        "dmean": 0.546483159065,
        "dmean2": 0.832882165909,
        "dvar": 0.5358710289,
        "dvar2": 1.24964535236,
        "max": 8.48970127106,
        "mean": 1.59788072109,
        "median": 1.24316871166,
        "min": -0.550776422024,
        "var": 1.76026415825
    },
    "melbands_spread": {
        "dmean": 8.26938724518,
        "dmean2": 12.9257507324,
        "dvar": 136.278533936,
        "dvar2": 298.472320557,
        "max": 273.814575195,
        "mean": 32.8387794495,
        "median": 29.3071975708,
        "min": 1.01075565815,
        "var": 450.099517822
    },
    "pitch_salience": {
        "dmean": 0.0591459944844,
        "dmean2": 0.0903287306428,
        "dvar": 0.00319962133653,
        "dvar2": 0.00694142235443,
        "max": 0.854537546635,
        "mean": 0.509718000889,
        "median": 0.500815927982,
        "min": 0.194063469768,
        "var": 0.0126735279337
    },
    "silence_rate_20dB": {
        "dmean": 0,
        "dmean2": 0,
        "dvar": 0,
        "dvar2": 0,
        "max": 1,
        "mean": 1,
        "median": 1,
        "min": 1,
        "var": 0
    },
    "silence_rate_30dB": {
        "dmean": 0,
        "dmean2": 0,
        "dvar": 0,
        "dvar2": 0,
        "max": 1,
        "mean": 1,
        "median": 1,
        "min": 1,
        "var": 0
    },
    "silence_rate_60dB": {
        "dmean": 0.088235296309,
        "dmean2": 0.175832688808,
        "dvar": 0.0804488807917,
        "dvar2": 0.171250075102,
        "max": 1,
        "mean": 0.159319415689,
        "median": 0,
        "min": 0,
        "var": 0.133935689926
    },
    "spectral_centroid": {
        "dmean": 292.424377441,
        "dmean2": 451.93939209,
        "dvar": 126022.773438,
        "dvar2": 284485.5625,
        "max": 5567.26367188,
        "mean": 1764.02124023,
        "median": 1683.4753418,
        "min": 185.540786743,
        "var": 602172.8125
    },
    "spectral_complexity": {
        "dmean": 2.49767804146,
        "dmean2": 3.71649885178,
        "dvar": 7.38466882706,
        "dvar2": 15.7584915161,
        "max": 31,
        "mean": 12.1631860733,
        "median": 12,
        "min": 0,
        "var": 36.846534729
    },
    "spectral_decrease": {
        "dmean": 7.0029426702e-10,
        "dmean2": 1.00163433103e-09,
        "dvar": 8.21497726648e-19,
        "dvar2": 1.71239590669e-18,
        "max": -1.32049015819e-11,
        "mean": -2.60306887157e-09,
        "median": -1.8967141191e-09,
        "min": -1.20896599398e-08,
        "var": 4.53974711347e-18
    },
    "spectral_energy": {
        "dmean": 0.00297268433496,
        "dmean2": 0.00427129399031,
        "dvar": 1.45930407598e-05,
        "dvar2": 2.98053182632e-05,
        "max": 0.0495198629797,
        "mean": 0.0111515633762,
        "median": 0.0078311143443,
        "min": 5.71725176997e-05,
        "var": 8.83605534909e-05
    },
    "spectral_energyband_high": {
        "dmean": 0.000327266141539,
        "dmean2": 0.000546108698472,
        "dvar": 3.1889408092e-07,
        "dvar2": 7.6632670698e-07,
        "max": 0.00827135890722,
        "mean": 0.000592011609115,
        "median": 0.00011993660155,
        "min": 1.91012333062e-07,
        "var": 1.05258777694e-06
    },
    "spectral_energyband_low": {
        "dmean": 0.000540326582268,
        "dmean2": 0.000774005718995,
        "dvar": 1.19715605251e-06,
        "dvar2": 2.60036404143e-06,
        "max": 0.00891974661499,
        "mean": 0.00169331103098,
        "median": 0.00139952788595,
        "min": 7.39501444968e-07,
        "var": 2.56819839706e-06
    },
    "spectral_energyband_middle_high": {
        "dmean": 0.00155121251009,
        "dmean2": 0.00233434163965,
        "dvar": 5.20315052199e-06,
        "dvar2": 1.03982729343e-05,
        "max": 0.0359370596707,
        "mean": 0.00509537337348,
        "median": 0.00235731014982,
        "min": 4.39472933067e-06,
        "var": 3.60135563824e-05
    },
    "spectral_energyband_middle_low": {
        "dmean": 0.00146045826841,
        "dmean2": 0.00210023112595,
        "dvar": 5.12249789608e-06,
        "dvar2": 1.11399431262e-05,
        "max": 0.0351294800639,
        "mean": 0.00393906747922,
        "median": 0.00277755362913,
        "min": 1.8828040993e-05,
        "var": 1.94732801901e-05
    },
    "spectral_entropy": {
        "dmean": 0.317171871662,
        "dmean2": 0.440666228533,
        "dvar": 0.101888388395,
        "dvar2": 0.205636397004,
        "max": 8.55544948578,
        "mean": 7.11844968796,
        "median": 7.02576112747,
        "min": 5.69135093689,
        "var": 0.274035066366
    },
    "spectral_flux": {
        "dmean": 0.0171577427536,
        "dmean2": 0.0256903488189,
        "dvar": 0.000322457839502,
        "dvar2": 0.000676827796269,
        "max": 0.168477773666,
        "mean": 0.0465556271374,
        "median": 0.040386274457,
        "min": 0.00378424860537,
        "var": 0.000854712154251
    },
    "spectral_kurtosis": {
        "dmean": 2.98929905891,
        "dmean2": 5.03226137161,
        "dvar": 10.3537473679,
        "dvar2": 27.4897193909,
        "max": 41.1313705444,
        "mean": 5.31725120544,
        "median": 4.50677680969,
        "min": -1.38343274593,
        "var": 14.9443416595
    },
    "spectral_rms": {
        "dmean": 0.000448441074695,
        "dmean2": 0.000630182039458,
        "dvar": 2.67952714239e-07,
        "dvar2": 5.27081795099e-07,
        "max": 0.00695068761706,
        "mean": 0.00300903175958,
        "median": 0.00276407506317,
        "min": 0.000236173800658,
        "var": 1.82530186521e-06
    },
    "spectral_rolloff": {
        "dmean": 573.347839355,
        "dmean2": 1002.6552124,
        "dvar": 1059190.625,
        "dvar2": 2566310.75,
        "max": 11003.4667969,
        "mean": 2030.10229492,
        "median": 1550.390625,
        "min": 86.1328125,
        "var": 2120705
    },
    "spectral_skewness": {
        "dmean": 0.341691732407,
        "dmean2": 0.573512732983,
        "dvar": 0.114877067506,
        "dvar2": 0.280443102121,
        "max": 4.44470024109,
        "mean": 1.41526508331,
        "median": 1.31852662563,
        "min": -0.0941803529859,
        "var": 0.232253924012
    },
    "spectral_spread": {
        "dmean": 799350,
        "dmean2": 1169397.5,
        "dvar": 1.0434929623e+12,
        "dvar2": 2.11053432013e+12,
        "max": 14754138,
        "mean": 3526213,
        "median": 3050608.75,
        "min": 1644167.375,
        "var": 2.25645192806e+12
    },
    "spectral_strongpeak": {
        "dmean": 0.650975167751,
        "dmean2": 1.0790348053,
        "dvar": 1.50123810768,
        "dvar2": 3.33558344841,
        "max": 13.7519216537,
        "mean": 1.52324962616,
        "median": 0.614542067051,
        "min": 0.00466650165617,
        "var": 4.20760202408
    },
    "zerocrossingrate": {
        "dmean": 0.0105294147506,
        "dmean2": 0.0128420619294,
        "dvar": 0.000193807587493,
        "dvar2": 0.000218586137635,
        "max": 0.4052734375,
        "mean": 0.0659568682313,
        "median": 0.06201171875,
        "min": 0.0048828125,
        "var": 0.00131632387638
    },
    "barkbands": {
        "dmean": [5.7979864323e-06, 0.000295660196571, 0.000218245913857, 0.000139079871587, 0.000517660344485, 0.000114728420158, 0.000164623430464, 0.000346863060258, 0.00054214138072, 0.000211398393731, 0.000424296304118, 0.000352577713784, 0.000366159831174, 0.000364752369933, 0.000197135304916, 8.9957487944e-05, 0.00010758703138, 0.000109834465547, 0.00016316579422, 0.000340735801728, 3.75313065888e-05, 4.32801825809e-05, 3.92714755435e-05, 3.01548407151e-05, 1.7831196601e-05, 4.09729591411e-06, 6.47558950906e-10],
        "dmean2": [9.87996281765e-06, 0.000419674004661, 0.000338884419762, 0.000230774428928, 0.000804493378382, 0.000175272973138, 0.000248150870902, 0.000479364709463, 0.000777847890276, 0.000330572627718, 0.000739114300814, 0.000509745150339, 0.0005745953531, 0.000523103983141, 0.000300506188069, 0.000142872857396, 0.000162657423061, 0.000169676117366, 0.000254479178693, 0.000513885286637, 6.52119560982e-05, 7.6798365626e-05, 6.91458262736e-05, 5.2284944104e-05, 3.07952795993e-05, 7.37065693102e-06, 9.989604699e-10],
        "dvar": [2.25780671936e-10, 4.04195134251e-07, 2.82799135221e-07, 1.16362961933e-07, 1.34055483159e-06, 5.46384697486e-08, 1.85651401807e-07, 1.0087554756e-06, 2.63518472821e-06, 1.67918571492e-07, 6.43948226298e-07, 9.87091766547e-07, 1.49960828821e-06, 9.7169709079e-07, 2.73610766044e-07, 5.8339974629e-08, 3.37728209843e-08, 3.44367272476e-08, 1.11929445268e-07, 5.96816505549e-07, 4.65893856827e-09, 6.93107660155e-09, 5.50536682908e-09, 4.17420142895e-09, 2.35547226168e-09, 1.11271721004e-10, 4.24244988136e-17],
        "dvar2": [5.56249213357e-10, 8.49536320402e-07, 6.5556747586e-07, 2.98816843269e-07, 3.43631768374e-06, 1.34380499617e-07, 3.98004146973e-07, 1.70363682628e-06, 5.22243271917e-06, 3.29622366735e-07, 1.78681091256e-06, 1.81673135558e-06, 3.58926877198e-06, 1.84514203738e-06, 5.91847424403e-07, 1.43770478189e-07, 6.74517650623e-08, 7.0053545187e-08, 2.73304863185e-07, 1.21578909784e-06, 1.24022854209e-08, 1.88524200695e-08, 1.48587364635e-08, 1.09746629562e-08, 5.05165020925e-09, 3.04853364774e-10, 4.31968638213e-17],
        "max": [0.000168050537468, 0.00651902332902, 0.00674144551158, 0.00462394673377, 0.0201013498008, 0.00326973106712, 0.0074689486064, 0.0288816615939, 0.0300055854023, 0.0092273009941, 0.00848676264286, 0.0214004088193, 0.0161679424345, 0.0205231830478, 0.012194653973, 0.00516793644056, 0.00382011616603, 0.00346049875952, 0.00517523335293, 0.0146291926503, 0.000586716923863, 0.000768659403548, 0.000632179668173, 0.000681228295434, 0.000876114994753, 0.000178304006113, 2.07192101698e-07],
        "mean": [7.71304257796e-06, 0.000978223513812, 0.000606264336966, 0.000191174505744, 0.000824249174912, 0.000195339423954, 0.000354976509698, 0.000851546530612, 0.00133973278571, 0.000365314277587, 0.000596199475694, 0.000810911296867, 0.000713489833288, 0.000767962832469, 0.000437925249571, 0.000154180452228, 0.000216766027734, 0.000219106630539, 0.0003827837063, 0.000972000474576, 4.07282605011e-05, 3.82002835977e-05, 3.4612367017e-05, 2.6612822694e-05, 2.22323305934e-05, 3.32749914378e-06, 5.7279325727e-10],
        "median": [6.93958838838e-07, 0.00071317050606, 0.000232213991694, 7.8260229202e-05, 0.000396822142648, 8.96377314348e-05, 8.12774233054e-05, 8.07011965662e-05, 0.000231400481425, 0.000138218078064, 0.000148738719872, 0.000155293833814, 0.000116944429465, 0.000150756372022, 7.15660135029e-05, 5.03842638864e-05, 7.14388661436e-05, 9.50891189859e-05, 9.4749222626e-05, 9.11907118279e-05, 1.07395944724e-05, 9.84840517049e-06, 7.89551449998e-06, 3.63658023161e-06, 3.48009848494e-06, 3.2641321468e-07, 1.0399275191e-10],
        "min": [5.28165067237e-10, 4.10187368516e-08, 1.72479701632e-08, 5.81690500212e-08, 4.80246001189e-07, 1.31221071342e-07, 2.23729813342e-07, 2.09568014498e-07, 6.00104954174e-07, 1.38294453222e-07, 2.02009886152e-07, 1.79988177251e-07, 6.07229964089e-08, 3.57670103313e-07, 1.47691110897e-07, 5.00139023529e-08, 4.05435649498e-08, 5.20621448175e-08, 8.12631384406e-08, 3.9970331045e-08, 5.27437009623e-08, 2.90435089312e-08, 5.64908164691e-09, 4.5360386558e-09, 6.32550392274e-12, 8.18015013365e-12, 1.14132904516e-11],
        "var": [3.63363755751e-10, 1.15773252674e-06, 6.23643757081e-07, 1.35497288056e-07, 1.80475967682e-06, 8.73110437283e-08, 5.88626562603e-07, 4.41129168394e-06, 1.23122226796e-05, 4.96566940456e-07, 1.11812096293e-06, 5.23800190422e-06, 3.5774155549e-06, 3.47564400727e-06, 1.39366727581e-06, 9.36039299404e-08, 1.52937701614e-07, 1.24440461491e-07, 4.88531384235e-07, 3.31560204359e-06, 5.0259418849e-09, 5.05249442284e-09, 4.04286648603e-09, 4.19244461369e-09, 4.38355352017e-09, 9.6512714487e-11, 4.23956500626e-17]
    },
    "erbbands": {
        "dmean": [0.00597371906042, 0.0755366832018, 0.230409890413, 0.393774867058, 1.18364453316, 1.73776423931, 1.50667440891, 0.842432618141, 1.17028057575, 4.7652721405, 9.03914642334, 12.9900865555, 7.22269487381, 10.888458252, 14.1681861877, 16.0388832092, 15.7348842621, 18.5514717102, 11.753780365, 8.81343078613, 4.26566410065, 5.01816558838, 5.29548788071, 7.02848434448, 10.4597759247, 16.6197834015, 3.24802827835, 1.40375709534, 1.40666019917, 1.67196929455, 0.998859345913, 0.71808475256, 0.457029610872, 0.25999879837, 0.0914897248149, 0.0271674096584, 0.00641721021384, 0.000451381027233, 1.10882938316e-05, 4.38664574176e-06],
        "dmean2": [0.00892857834697, 0.107995443046, 0.35116559267, 0.627657949924, 1.8758327961, 2.71648311615, 2.2848367691, 1.32081735134, 1.80810296535, 6.89251613617, 12.853884697, 18.0233287811, 10.7990245819, 19.2621536255, 23.2118682861, 22.9464969635, 25.0865116119, 26.1069145203, 17.7726020813, 12.927233696, 6.71343612671, 7.52322435379, 8.22442817688, 10.875579834, 15.200091362, 25.5429286957, 5.20723342896, 2.43442320824, 2.48768472672, 2.96959996223, 1.76223790646, 1.27079415321, 0.776338100433, 0.442029803991, 0.158454790711, 0.0484444461763, 0.011461995542, 0.000803164206445, 1.90750251932e-05, 6.51549589747e-06],
        "dvar": [0.000189251091797, 0.0275745186955, 0.260651379824, 1.00671589375, 11.44535923, 14.4604024887, 10.0427656174, 3.96028852463, 9.41541576385, 139.418716431, 726.178466797, 1771.54296875, 238.779296875, 520.398254395, 640.789550781, 2001.71264648, 3210.7409668, 2483.29516602, 1082.31726074, 600.59387207, 67.3469619751, 68.9621276855, 98.8966751099, 166.765335083, 458.949798584, 1445.70507812, 36.1604270935, 7.50953149796, 7.21365642548, 10.0201425552, 3.6173722744, 2.55374789238, 1.03305363655, 0.461479067802, 0.074715718627, 0.00494699086994, 0.000292383308988, 1.62412129612e-06, 6.88432366669e-10, 3.05487163343e-11],
        "dvar2": [0.000394257222069, 0.0581859275699, 0.586376070976, 2.45607495308, 30.5979614258, 35.8065795898, 22.6365776062, 10.2994155884, 20.8801250458, 302.400512695, 1230.2635498, 3577.34155273, 468.989532471, 1414.42272949, 1681.39697266, 3401.97485352, 8391.74707031, 4628.40527344, 2627.9284668, 1228.76965332, 167.046432495, 134.884048462, 197.279067993, 415.602966309, 890.094299316, 3072.68261719, 78.0897445679, 20.3977603912, 19.491361618, 27.2816371918, 9.80118179321, 6.96645736694, 2.49181485176, 0.98416686058, 0.173819631338, 0.0131678888574, 0.000789584359154, 4.31489161201e-06, 1.81768911034e-09, 6.60903554106e-11],
        "max": [0.128182783723, 1.76867067814, 5.47037649155, 13.8411188126, 55.7750167847, 60.5897941589, 42.8506965637, 33.5995597839, 58.8975524902, 208.219268799, 827.82635498, 793.982177734, 327.42791748, 281.994110107, 343.15536499, 1043.96740723, 869.923522949, 1220.43811035, 593.709472656, 600.792724609, 195.2628479, 202.954360962, 194.126556396, 193.393295288, 497.704040527, 613.956604004, 85.4398727417, 30.2948646545, 25.8446159363, 22.4655170441, 19.2589149475, 17.3939208984, 16.3754634857, 11.5475463867, 5.05632543564, 1.29925358295, 0.269641369581, 0.0169098172337, 0.000371784466552, 6.46302069072e-05],
        "mean": [0.0170963574201, 0.25792580843, 0.743608832359, 0.676327109337, 1.86812782288, 2.67992401123, 2.34662938118, 1.43587517738, 2.63821530342, 12.1333398819, 24.3046588898, 31.4708080292, 15.1723632812, 12.8230447769, 27.578245163, 39.1600570679, 32.7400093079, 40.1635360718, 25.3058738708, 21.5138015747, 8.82164287567, 11.415017128, 12.0923290253, 15.9414949417, 29.620929718, 45.7558670044, 6.98791122437, 1.51467013359, 1.28680145741, 1.48653829098, 0.864119529724, 0.56367701292, 0.454336255789, 0.329351663589, 0.103309616446, 0.0228942483664, 0.00547036528587, 0.000405317347031, 1.65275505424e-05, 1.51258709593e-05],
        "median": [0.00585647765547, 0.179464012384, 0.42469266057, 0.329386591911, 0.640622258186, 1.13197028637, 1.02183663845, 0.667745471001, 0.883720695972, 2.24858570099, 3.76446986198, 6.05299568176, 5.48112154007, 5.77856683731, 8.54386901855, 10.028670311, 7.12348604202, 10.0980463028, 4.78159952164, 4.43049097061, 3.7172563076, 4.08867311478, 4.53818464279, 5.55373430252, 6.5000333786, 4.36890363693, 1.06949019432, 0.52958470583, 0.364929080009, 0.356808364391, 0.196266427636, 0.079289868474, 0.0654958561063, 0.0528487041593, 0.0117744440213, 0.00215639499947, 0.00056386727374, 5.92602846154e-05, 8.06941807241e-06, 1.0472984286e-05],
        "min": [3.14488147524e-06, 2.37372987613e-05, 0.000217590291868, 0.000611935800407, 0.00145767687354, 0.00305033288896, 0.00231221108697, 0.00211237696931, 0.00465428736061, 0.00772512471303, 0.00760502321646, 0.0122256483883, 0.0134081793949, 0.02409879677, 0.0330226123333, 0.0298838801682, 0.0162669215351, 0.0194161683321, 0.00792729575187, 0.00551235722378, 0.00249221757986, 0.00259255780838, 0.0033828180749, 0.00482054799795, 0.00231231166981, 0.00149729754776, 0.00254506571218, 0.00291497353464, 0.00129191903397, 0.000824619841296, 0.000154460896738, 0.000163688731845, 2.28198605328e-05, 2.12769418795e-06, 3.97727774271e-07, 1.74560327082e-07, 6.55529532878e-08, 1.7507408856e-08, 4.48522676777e-08, 9.17625726515e-08],
        "var": [0.00053264683811, 0.0804755911231, 0.749262452126, 1.4052875042, 14.6327600479, 20.6965713501, 16.0070552826, 5.11520624161, 28.6760463715, 612.276062012, 3478.55102539, 7384.51269531, 972.713378906, 527.834228516, 2007.71618652, 11534.7324219, 6799.05957031, 10255.7226562, 3039.78393555, 3568.39086914, 175.981628418, 362.970336914, 390.331542969, 633.248718262, 2809.39746094, 7403.89160156, 148.81149292, 6.54891490936, 5.41508340836, 7.34825515747, 2.65318894386, 1.80940544605, 1.49282634258, 0.882160127163, 0.121945619583, 0.00510721234605, 0.000244411843596, 1.37727136007e-06, 6.97260915672e-10, 1.70486430529e-10]
    },
    "gfcc": {
        "mean": [-71.6273727417, 107.183944702, -157.048660278, 33.2483901978, -55.1963157654, 14.731180191, -25.2027320862, 7.83280849457, -26.1830196381, -4.67973184586, -6.3326420784, -14.3231706619, -9.50109863281],
        "cov": [[5660.11376953, -2259.99194336, -212.436828613, -10.9491071701, -298.934051514, 184.918395996, -147.781417847, 651.678100586, -619.874511719, 591.633483887, -227.777435303, 75.2160873413, -170.157989502], [-2259.99194336, 1974.88427734, 154.077194214, 92.5277404785, 377.885406494, -182.88293457, 271.109954834, -343.583190918, 389.352264404, -344.42590332, 261.280517578, -135.654281616, 71.470993042], [-212.436828613, 154.077194214, 1068.52270508, 257.999603271, -12.4209165573, 364.441101074, -83.1291809082, 69.5258712769, 55.4467391968, 35.4469490051, -54.171131134, 153.182647705, -11.017873764], [-10.9491071701, 92.5277404785, 257.999603271, 408.925689697, 188.965286255, 169.6121521, -24.1273937225, -20.0528640747, 124.109451294, -16.7038841248, -36.214012146, 29.7331695557, 69.7948760986], [-298.934051514, 377.885406494, -12.4209165573, 188.965286255, 393.261108398, 20.6369113922, 69.5625762939, -46.4514579773, 94.659324646, -33.6043319702, 12.0972080231, -53.6340751648, 50.271900177], [184.918395996, -182.88293457, 364.441101074, 169.6121521, 20.6369113922, 369.105926514, -33.4946136475, 51.9663925171, 40.8920974731, 39.0868339539, -65.8602905273, 93.058883667, 23.6496391296], [-147.781417847, 271.109954834, -83.1291809082, -24.1273937225, 69.5625762939, -33.4946136475, 328.446929932, 19.768119812, 7.60556840897, -23.2039413452, 97.381362915, 15.7551336288, -30.7091751099], [651.678100586, -343.583190918, 69.5258712769, -20.0528640747, -46.4514579773, 51.9663925171, 19.768119812, 270.575958252, -41.5080947876, 150.780288696, 14.133477211, 29.5473613739, -8.42845535278], [-619.874511719, 389.352264404, 55.4467391968, 124.109451294, 94.659324646, 40.8920974731, 7.60556840897, -41.5080947876, 303.356628418, -35.3674240112, 38.0361824036, 1.42435109615, 55.2561798096], [591.633483887, -344.42590332, 35.4469490051, -16.7038841248, -33.6043319702, 39.0868339539, -23.2039413452, 150.780288696, -35.3674240112, 197.627655029, -0.97221237421, 28.6360569, -18.4377880096], [-227.777435303, 261.280517578, -54.171131134, -36.214012146, 12.0972080231, -65.8602905273, 97.381362915, 14.133477211, 38.0361824036, -0.97221237421, 172.765167236, -16.0852851868, -4.99799633026], [75.2160873413, -135.654281616, 153.182647705, 29.7331695557, -53.6340751648, 93.058883667, 15.7551336288, 29.5473613739, 1.42435109615, 28.6360569, -16.0852851868, 156.03503418, 0.56995254755], [-170.157989502, 71.470993042, -11.017873764, 69.7948760986, 50.271900177, 23.6496391296, -30.7091751099, -8.42845535278, 55.2561798096, -18.4377880096, -4.99799633026, 0.56995254755, 121.313308716]],
        "icov": [[0.000497341214214, -4.0278519009e-05, 0.000419154384872, -0.000644974468742, 0.000286302180029, -0.00025752017973, 0.000128140105517, -0.000741155701689, 0.000851277553011, -0.000802322756499, 0.000406593841035, -4.56381121694e-06, 0.000550049880985], [-4.0278519009e-05, 0.00405896129087, -0.00268295803107, 0.00211698515341, -0.00266241561621, 0.00217604381032, -0.00212945742533, 0.00279982108623, -0.00355664175004, 0.00345220603049, -0.00363314361311, 0.00228079478256, -0.00159060431179], [0.000419154384872, -0.00268295803107, 0.00376843474805, -0.00262191146612, 0.00211680005305, -0.00281976209953, 0.00201151380315, -0.00279781245627, 0.00297494675033, -0.00243267510086, 0.00229560793377, -0.00235127029009, 0.00238745426759], [-0.000644974468742, 0.00211698515341, -0.00262191146612, 0.00673333462328, -0.00369320786558, 0.000360037578503, -0.00101117894519, 0.00254444242455, -0.0037615657784, 0.00282262382098, -0.00185753579717, 0.000913510855753, -0.00282128644176], [0.000286302180029, -0.00266241561621, 0.00211680005305, -0.00369320786558, 0.00605226960033, -0.00147804548033, 0.000172367552295, -0.00160658941604, 0.00238666380756, -0.00316893565468, 0.0028384255711, 0.000272061064607, 0.000546233146451], [-0.00025752017973, 0.00217604381032, -0.00281976209953, 0.000360037578503, -0.00147804548033, 0.0063884682022, -0.00148819270544, 0.00138876226265, -0.00254068593495, 0.0017520430265, -0.000659816374537, -7.57085508667e-05, -0.00162289501168], [0.000128140105517, -0.00212945742533, 0.00201151380315, -0.00101117894519, 0.000172367552295, -0.00148819270544, 0.00569305289537, -0.00271086581051, 0.0022195042111, -0.000437938811956, -0.000435726717114, -0.00280409795232, 0.00258793728426], [-0.000741155701689, 0.00279982108623, -0.00279781245627, 0.00254444242455, -0.00160658941604, 0.00138876226265, -0.00271086581051, 0.0100024789572, -0.00313539756462, -0.00184173241723, -0.00341730145738, 0.00207764771767, -0.0030056568794], [0.000851277553011, -0.00355664175004, 0.00297494675033, -0.0037615657784, 0.00238666380756, -0.00254068593495, 0.0022195042111, -0.00313539756462, 0.00874764937907, -0.00405595358461, 0.00240307254717, -0.00209268485196, 0.00108198798262], [-0.000802322756499, 0.00345220603049, -0.00243267510086, 0.00282262382098, -0.00316893565468, 0.0017520430265, -0.000437938811956, -0.00184173241723, -0.00405595358461, 0.0137430550531, -0.00415240507573, 0.000585841480643, -0.000508928846102], [0.000406593841035, -0.00363314361311, 0.00229560793377, -0.00185753579717, 0.0028384255711, -0.000659816374537, -0.000435726717114, -0.00341730145738, 0.00240307254717, -0.00415240507573, 0.0115931285545, -0.00126369518694, 0.00135050027166], [-4.56381121694e-06, 0.00228079478256, -0.00235127029009, 0.000913510855753, 0.000272061064607, -7.57085508667e-05, -0.00280409795232, 0.00207764771767, -0.00209268485196, 0.000585841480643, -0.00126369518694, 0.0103444205597, -0.00181113451254], [0.000550049880985, -0.00159060431179, 0.00238745426759, -0.00282128644176, 0.000546233146451, -0.00162289501168, 0.00258793728426, -0.0030056568794, 0.00108198798262, -0.000508928846102, 0.00135050027166, -0.00181113451254, 0.0118220048025]]
    },
    "melbands": {
        "dmean": [6.8927918619e-05, 0.000114568283607, 8.38123014546e-05, 0.000114121212391, 5.76162346988e-05, 1.87443911273e-05, 2.18817785935e-05, 5.53028330614e-05, 8.41422515805e-05, 7.62312993174e-05, 3.39308098773e-05, 4.21408876718e-05, 5.36472944077e-05, 4.67133941129e-05, 3.27337984345e-05, 3.56322561856e-05, 3.63881190424e-05, 2.26840547839e-05, 1.1827302842e-05, 8.73188037076e-06, 5.38202311873e-06, 4.91526725455e-06, 7.27611495677e-06, 4.55181816506e-06, 6.16594570602e-06, 7.46201794755e-06, 1.31296110339e-05, 1.18521556942e-05, 2.55053055298e-06, 9.54439997258e-07, 7.72371890889e-07, 7.33356330329e-07, 9.98493987936e-07, 9.06202274109e-07, 5.97493738042e-07, 4.69506943546e-07, 4.48730332892e-07, 3.19366932899e-07, 3.01984869111e-07, 2.00118250859e-07],
        "dmean2": [9.84910802799e-05, 0.000169130056747, 0.000133836671012, 0.000179490874871, 8.76463163877e-05, 2.92580280075e-05, 3.35904878739e-05, 7.9087454651e-05, 0.000120146782137, 0.000106977931864, 5.06750475324e-05, 7.42030897527e-05, 9.10055023269e-05, 6.83816397213e-05, 4.73190193588e-05, 5.56776103622e-05, 5.07807053509e-05, 3.40597398463e-05, 1.77290185093e-05, 1.3175094864e-05, 8.69027917361e-06, 7.56391045797e-06, 1.09743823486e-05, 7.1658514571e-06, 9.58906548476e-06, 1.1658130461e-05, 1.93906471395e-05, 1.87934801943e-05, 4.11544806411e-06, 1.6493156636e-06, 1.34875949698e-06, 1.29586680941e-06, 1.78156847142e-06, 1.61165303325e-06, 1.05419337615e-06, 8.31216311781e-07, 7.97126574525e-07, 5.47968340925e-07, 5.04419631397e-07, 3.49169198444e-07],
        "dvar": [2.18504965233e-08, 5.76706717936e-08, 3.32807594816e-08, 8.72025793797e-08, 1.29487380818e-08, 1.79996972882e-09, 2.88528156922e-09, 1.58906328096e-08, 5.98410778707e-08, 5.87231205884e-08, 5.56187940148e-09, 8.07300004624e-09, 9.7219983175e-09, 1.76121908169e-08, 6.31387919725e-09, 1.73315939378e-08, 9.45896339033e-09, 4.60896920629e-09, 1.54287527199e-09, 4.90076146331e-10, 1.44086742537e-10, 6.04612956923e-11, 2.34781305508e-10, 4.91149412807e-11, 1.48220727358e-10, 2.868708604e-10, 8.76700212427e-10, 8.17076628579e-10, 3.47619780183e-11, 3.65267104757e-12, 2.26768625579e-12, 2.07148772961e-12, 3.94338251289e-12, 3.02133166576e-12, 1.31212033426e-12, 8.81236869501e-13, 1.40042805911e-12, 5.23683418678e-13, 5.21971463448e-13, 3.18128932485e-13],
        "dvar2": [4.54799398142e-08, 1.25159644426e-07, 8.61114557438e-08, 2.18550169961e-07, 3.07222798313e-08, 4.60609017594e-09, 6.35441743668e-09, 3.34602354712e-08, 1.0375634929e-07, 1.17109621556e-07, 1.09436948392e-08, 2.13674269389e-08, 2.62956749708e-08, 3.40082095818e-08, 1.23696564103e-08, 4.11536866807e-08, 1.84708799367e-08, 1.10581392931e-08, 2.83319412375e-09, 1.11167708372e-09, 3.48399642469e-10, 1.3049671066e-10, 4.61126054008e-10, 1.13051325246e-10, 3.68604674561e-10, 6.86584455956e-10, 1.74790526497e-09, 1.82300308182e-09, 7.35355734638e-11, 9.7704431351e-12, 6.16125813563e-12, 5.60723082549e-12, 1.08500031876e-11, 8.19468538166e-12, 3.56833182794e-12, 2.40138030988e-12, 3.90114676674e-12, 1.27840815191e-12, 1.21188443395e-12, 6.89714019404e-13],
        "max": [0.00138014601544, 0.00264819944277, 0.00191675801761, 0.00540774036199, 0.00137573468965, 0.000697078532539, 0.000842370616738, 0.00194669188932, 0.0070343776606, 0.00473294919357, 0.00157533958554, 0.00132595770992, 0.00119878316764, 0.00298337708227, 0.00234174914658, 0.00184151274152, 0.00207152287476, 0.00118822604418, 0.00129835051484, 0.000476427288959, 0.000301624153508, 0.000161282659974, 0.000250392244197, 0.000110888700874, 0.000180710136192, 0.000293711782433, 0.000559555657674, 0.0005110152415, 8.90172304935e-05, 2.1101848688e-05, 1.45605190482e-05, 1.28331830638e-05, 1.77785386768e-05, 1.27919056467e-05, 1.16418959806e-05, 9.92479726847e-06, 1.39972426041e-05, 1.1914505194e-05, 1.26189652292e-05, 9.14003339858e-06],
        "mean": [0.00021682708757, 0.000388101063436, 0.00014571439533, 0.00017929157184, 8.93653486855e-05, 3.24529646605e-05, 4.73787658848e-05, 0.000141913318657, 0.000223603579798, 0.000182365110959, 6.84144033585e-05, 4.58351350971e-05, 8.61295193317e-05, 0.000108016720333, 7.64360956964e-05, 6.7763212428e-05, 7.58152236813e-05, 4.39961513621e-05, 3.00915889966e-05, 1.74999604496e-05, 9.85090719041e-06, 9.91371507553e-06, 1.59977662406e-05, 8.55511007103e-06, 1.26263539642e-05, 1.7390206267e-05, 3.30855473294e-05, 3.01205545838e-05, 4.77173580293e-06, 9.77012632575e-07, 7.36550134661e-07, 6.55319865928e-07, 8.5442462705e-07, 8.09920663869e-07, 5.1764283171e-07, 3.65110906841e-07, 3.35329417567e-07, 2.9644326105e-07, 3.47701757164e-07, 2.51964110021e-07],
        "median": [0.000144330391777, 0.000270398479188, 7.59518879931e-05, 7.31325853849e-05, 4.47259299108e-05, 1.53184173541e-05, 1.43263860082e-05, 2.18941258936e-05, 3.09127754008e-05, 3.27613015543e-05, 2.1233499865e-05, 1.51725416799e-05, 2.46316812991e-05, 2.16505977733e-05, 1.86414854397e-05, 1.14636723083e-05, 1.53716155182e-05, 5.17809030498e-06, 4.25461576015e-06, 5.28091868546e-06, 3.57891690328e-06, 3.91717139792e-06, 3.35696699949e-06, 4.10186885347e-06, 3.36856192007e-06, 3.92046331399e-06, 4.44049692305e-06, 2.35427046391e-06, 4.67380800728e-07, 2.24378752023e-07, 1.99648454213e-07, 1.73481083721e-07, 1.95733335318e-07, 1.89892418234e-07, 1.15181684635e-07, 6.06080874377e-08, 3.41716379637e-08, 3.61884460176e-08, 4.58348416998e-08, 3.78349653829e-08],
