{
"highlevel": {
    "danceability": {
        "all": {
            "danceable": 0.996887862682,
            "not_danceable": 0.00311213009991
        },
        "probability": 0.996887862682,
        "value": "danceable"
    },
    "gender": {
        "all": {
            "female": 0.140592038631,
            "male": 0.859407961369
        },
        "probability": 0.859407961369,
        "value": "male"
    },
    "genre_dortmund": {
        "all": {
            "alternative": 0.00960582122207,
            "blues": 0.0273420717567,
            "electronic": 0.0458966009319,
            "folkcountry": 0.0485976375639,
            "funksoulrnb": 0.0110739991069,
            "jazz": 0.041081879288,
            "pop": 0.0604851730168,
            "raphiphop": 0.742584526539,
            "rock": 0.0133322784677
        },
        "probability": 0.742584526539,
        "value": "raphiphop"
    },
    "genre_electronic": {
        "all": {
            "ambient": 0.329472750425,
            "dnb": 0.22479724884,
            "house": 0.346167504787,
            "techno": 0.0415427573025,
            "trance": 0.0580197498202
        },
        "probability": 0.346167504787,
        "value": "house"
    },
    "genre_rosamerica": {
        "all": {
            "cla": 0.00150874571409,
            "dan": 0.0346419215202,
            "hip": 0.675473630428,
            "jaz": 0.00423367973417,
            "pop": 0.0857646390796,
            "rhy": 0.194014012814,
            "roc": 0.0030613548588,
            "spe": 0.00130201829597
        },
        "probability": 0.675473630428,
        "value": "hip"
    },
    "genre_tzanetakis": {
        "all": {
            "blu": 0.0622663982213,
            "cla": 0.0345780998468,
            "cou": 0.103735685349,
            "dis": 0.0518908686936,
            "hip": 0.155698984861,
            "jaz": 0.311586618423,
            "met": 0.0519040971994,
            "pop": 0.0622744634748,
            "reg": 0.0622723288834,
            "roc": 0.103792458773
        },
        "probability": 0.311586618423,
        "value": "jaz"
    },
    "ismir04_rhythm": {
        "all": {
            "ChaChaCha": 0.056245084852,
            "Jive": 0.0949324294925,
            "Quickstep": 0.0347517989576,
            "Rumba-American": 0.0109402835369,
            "Rumba-International": 0.277625769377,
            "Rumba-Misc": 0.0162596758455,
            "Samba": 0.484503626823,
            "Tango": 0.00201324466616,
            "VienneseWaltz": 0.00865566451102,
            "Waltz": 0.0140724256635
        },
        "probability": 0.484503626823,
        "value": "Samba"
    },
    "mood_acoustic": {
        "all": {
            "acoustic": 0.184228569269,
            "not_acoustic": 0.815771460533
        },
        "probability": 0.815771460533,
        "value": "not_acoustic"
    },
    "mood_aggressive": {
        "all": {
            "aggressive": 0.014236249961,
            "not_aggressive": 0.985763728619
        },
        "probability": 0.985763728619,
        "value": "not_aggressive"
    },
    "mood_electronic": {
        "all": {
            "electronic": 0.642701208591,
            "not_electronic": 0.357298791409
        },
        "probability": 0.642701208591,
        "value": "electronic"
    },
    "mood_happy": {
        "all": {
            "happy": 0.429174900055,
            "not_happy": 0.570825099945
        },
        "probability": 0.570825099945,
        "value": "not_happy"
    },
    "mood_party": {
        "all": {
            "not_party": 0.286841452122,
            "party": 0.713158547878
        },
        "probability": 0.713158547878,
        "value": "party"
    },
    "mood_relaxed": {
        "all": {
            "not_relaxed": 0.51951789856,
            "relaxed": 0.48048210144
        },
        "probability": 0.51951789856,
        "value": "not_relaxed"
    },
    "mood_sad": {
        "all": {
            "not_sad": 0.72416728735,
            "sad": 0.27583271265
        },
        "probability": 0.72416728735,
        "value": "not_sad"
    },
    "moods_mirex": {
        "all": {
            "Cluster1": 0.184107273817,
            "Cluster2": 0.185112759471,
            "Cluster3": 0.320932626724,
            "Cluster4": 0.295457303524,
            "Cluster5": 0.0143900467083
        },
        "probability": 0.320932626724,
        "value": "Cluster3"
    },
    "timbre": {
        "all": {
            "bright": 0.965561926365,
            "dark": 0.0344380997121
        },
        "probability": 0.965561926365,
        "value": "bright"
    },
    "tonal_atonal": {
        "all": {
            "atonal": 0.0691384673119,
            "tonal": 0.930861532688
        },
        "probability": 0.930861532688,
        "value": "tonal"
    },
    "voice_instrumental": {
        "all": {
            "instrumental": 0.00186951376963,
            "voice": 0.998130500317
        },
        "probability": 0.998130500317,
        "value": "voice"
    }
},
"lowlevel": {
    "average_loudness": 0.946077525616,
    "barkbands_crest": {
        "dmean": 3.14304828644,
        "dmean2": 4.8360786438,
        "dvar": 8.72134590149,
        "dvar2": 19.8917560577,
        "max": 26.5362071991,
        "mean": 13.7140369415,
        "median": 12.8733444214,
        "min": 2.48867559433,
        "var": 34.4334220886
    },
    "barkbands_flatness_db": {
        "dmean": 0.0340418964624,
        "dmean2": 0.0480015389621,
        "dvar": 0.00117142754607,
        "dvar2": 0.0023378811311,
        "max": 0.532111644745,
        "mean": 0.189389795065,
        "median": 0.187990829349,
        "min": 0.0287914052606,
        "var": 0.00531912362203
    },
    "barkbands_kurtosis": {
        "dmean": 10.8128128052,
        "dmean2": 16.2171783447,
        "dvar": 1117.47216797,
        "dvar2": 2385.29492188,
        "max": 826.910522461,
        "mean": 16.8901557922,
        "median": 2.92290782928,
        "min": -1.84236574173,
        "var": 2833.72607422
    },
    "barkbands_skewness": {
        "dmean": 0.955941796303,
        "dmean2": 1.40403556824,
        "dvar": 1.59437155724,
        "dvar2": 2.97378134727,
        "max": 23.1366558075,
        "mean": 2.44727396965,
        "median": 1.63959515095,
        "min": -4.51477956772,
        "var": 7.81875419617
    },
    "barkbands_spread": {
        "dmean": 7.92434263229,
        "dmean2": 12.0073413849,
        "dvar": 107.211357117,
        "dvar2": 248.794204712,
        "max": 100.936073303,
        "mean": 20.1504535675,
        "median": 17.3835639954,
        "min": 0.152509093285,
        "var": 217.050949097
    },
    "dissonance": {
        "dmean": 0.0247044358402,
        "dmean2": 0.0403221324086,
        "dvar": 0.000522503687534,
        "dvar2": 0.00132291170303,
        "max": 0.499552339315,
        "mean": 0.450431197882,
        "median": 0.458599597216,
        "min": 0.216041475534,
        "var": 0.00129539577756
    },
    "dynamic_complexity": 2.91256070137,
    "erbbands_crest": {
        "dmean": 3.1693584919,
        "dmean2": 5.08840990067,
        "dvar": 7.6572432518,
        "dvar2": 17.4740619659,
        "max": 26.8340778351,
        "mean": 10.3993787766,
        "median": 9.78568553925,
        "min": 2.32428622246,
        "var": 19.780122757
    },
    "erbbands_flatness_db": {
        "dmean": 0.0203971844167,
        "dmean2": 0.0294698663056,
        "dvar": 0.000342701299815,
        "dvar2": 0.000684095197357,
        "max": 0.337445437908,
        "mean": 0.159577697515,
        "median": 0.155007943511,
        "min": 0.0598063990474,
        "var": 0.00233960105106
    },
    "erbbands_kurtosis": {
        "dmean": 1.12956798077,
        "dmean2": 1.74795973301,
        "dvar": 1.97548186779,
        "dvar2": 4.04028129578,
        "max": 21.0505123138,
        "mean": 0.699022531509,
        "median": -0.049560546875,
        "min": -1.85240387917,
        "var": 5.17778015137
    },
    "erbbands_skewness": {
        "dmean": 0.492847979069,
        "dmean2": 0.725918650627,
        "dvar": 0.184317037463,
        "dvar2": 0.385214239359,
        "max": 3.25913190842,
        "mean": 0.410303622484,
        "median": 0.392324596643,
        "min": -4.06457710266,
        "var": 0.656191587448
    },
    "erbbands_spread": {
        "dmean": 11.1723775864,
        "dmean2": 15.769785881,
        "dvar": 158.91506958,
        "dvar2": 304.316894531,
        "max": 190.973632812,
        "mean": 42.1335144043,
        "median": 36.4175643921,
        "min": 5.56320905685,
        "var": 591.31451416
    },
    "hfc": {
        "dmean": 13.0990047455,
        "dmean2": 21.2829837799,
        "dvar": 714.995361328,
        "dvar2": 1864.34472656,
        "max": 160.134658813,
        "mean": 19.649564743,
        "median": 12.8355083466,
        "min": 0.0628679841757,
        "var": 660.446594238
    },
    "melbands_crest": {
        "dmean": 4.11944723129,
        "dmean2": 6.45149421692,
        "dvar": 14.8996829987,
        "dvar2": 35.3990287781,
        "max": 35.9050216675,
        "mean": 19.8112373352,
        "median": 19.8642692566,
        "min": 3.52771520615,
        "var": 59.1955947876
    },
    "melbands_flatness_db": {
        "dmean": 0.0408734604716,
        "dmean2": 0.0574417412281,
        "dvar": 0.00186994089745,
        "dvar2": 0.0037633376196,
        "max": 0.64614212513,
        "mean": 0.244370251894,
        "median": 0.237407028675,
        "min": 0.0226369705051,
        "var": 0.00900586880744
    },
    "melbands_kurtosis": {
        "dmean": 20.8058929443,
        "dmean2": 30.032705307,
        "dvar": 2155.58081055,
        "dvar2": 3858.17626953,
        "max": 643.695922852,
        "mean": 37.4064445496,
        "median": 8.85709476471,
        "min": -1.86084508896,
        "var": 6131.55224609
    },
    "melbands_skewness": {
        "dmean": 1.21744394302,
        "dmean2": 1.73214554787,
        "dvar": 2.50679087639,
        "dvar2": 4.37863731384,
        "max": 22.4801177979,
        "mean": 3.73658037186,
        "median": 2.57636070251,
        "min": -1.59756195545,
        "var": 11.5291748047
    },
    "melbands_spread": {
        "dmean": 9.21130561829,
        "dmean2": 14.7029914856,
        "dvar": 231.991607666,
        "dvar2": 520.217529297,
        "max": 214.600997925,
        "mean": 21.086725235,
        "median": 15.8848791122,
        "min": 0.250506281853,
        "var": 491.08706665
    },
    "pitch_salience": {
        "dmean": 0.0862235054374,
        "dmean2": 0.131076037884,
        "dvar": 0.00774120492861,
        "dvar2": 0.0169769972563,
        "max": 0.856163203716,
        "mean": 0.423489093781,
        "median": 0.434964984655,
        "min": 0.0382155291736,
        "var": 0.0283163953573
    },
    "silence_rate_20dB": {
        "dmean": 0,
        "dmean2": 0,
        "dvar": 0,
        "dvar2": 0,
        "max": 1,
        "mean": 1,
        "median": 1,
        "min": 1,
        "var": 0
    },
    "silence_rate_30dB": {
        "dmean": 0.00928792543709,
        "dmean2": 0.018590239808,
        "dvar": 0.0092014297843,
        "dvar2": 0.0259909983724,
        "max": 1,
        "mean": 0.994586229324,
        "median": 1,
        "min": 0,
        "var": 0.00538433901966
    },
    "silence_rate_60dB": {
        "dmean": 0.0278637763113,
        "dmean2": 0.0557707212865,
        "dvar": 0.0270873829722,
        "dvar2": 0.0588569790125,
        "max": 1,
        "mean": 0.0866202637553,
        "median": 0,
        "min": 0,
        "var": 0.0791166648269
    },
    "spectral_centroid": {
        "dmean": 393.33581543,
        "dmean2": 586.621154785,
        "dvar": 206979.765625,
        "dvar2": 439001.375,
        "max": 6298.90429688,
        "mean": 1352.76123047,
        "median": 1153.32995605,
        "min": 159.802047729,
        "var": 601563
    },
    "spectral_complexity": {
        "dmean": 5.478328228,
        "dmean2": 7.84972906113,
        "dvar": 57.6180763245,
        "dvar2": 112.22568512,
        "max": 58,
        "mean": 14.3944311142,
        "median": 12,
        "min": 0,
        "var": 123.004577637
    },
    "spectral_decrease": {
        "dmean": 2.89067214609e-09,
        "dmean2": 4.2356673724e-09,
        "dvar": 1.15310094084e-17,
        "dvar2": 2.58996056598e-17,
        "max": -1.43313841697e-11,
        "mean": -9.3976861848e-09,
        "median": -7.74253994251e-09,
        "min": -3.08436831631e-08,
        "var": 5.51034173637e-17
    },
    "spectral_energy": {
        "dmean": 0.0114618120715,
        "dmean2": 0.0170154049993,
        "dvar": 0.000183220981853,
        "dvar2": 0.000411159358919,
        "max": 0.119404800236,
        "mean": 0.0372513197362,
        "median": 0.0310713537037,
        "min": 6.27463814453e-05,
        "var": 0.000829047698062
    },
    "spectral_energyband_high": {
        "dmean": 0.00122795533389,
        "dmean2": 0.00211767689325,
        "dvar": 8.05569561635e-06,
        "dvar2": 2.14789542952e-05,
        "max": 0.0157283581793,
        "mean": 0.00113111850806,
        "median": 0.000287477363599,
        "min": 5.86781787604e-08,
        "var": 6.16332499703e-06
    },
    "spectral_energyband_low": {
        "dmean": 0.00936544686556,
        "dmean2": 0.0140625834465,
        "dvar": 0.000173357009771,
        "dvar2": 0.000390863249777,
        "max": 0.108036890626,
        "mean": 0.0242666061968,
        "median": 0.0161150190979,
        "min": 3.87642185018e-09,
        "var": 0.000680791388731
    },
    "spectral_energyband_middle_high": {
        "dmean": 0.00227302801795,
        "dmean2": 0.00353910005651,
        "dvar": 1.45563235492e-05,
        "dvar2": 3.52211754944e-05,
        "max": 0.037587698549,
        "mean": 0.00380060309544,
        "median": 0.00242141401395,
        "min": 4.29760439147e-06,
        "var": 2.05547185033e-05
    },
    "spectral_energyband_middle_low": {
        "dmean": 0.00546322623268,
        "dmean2": 0.00873564369977,
        "dvar": 9.04565604287e-05,
        "dvar2": 0.000227059514145,
        "max": 0.0666870847344,
        "mean": 0.00922802276909,
        "median": 0.00615086359903,
        "min": 8.78456739883e-06,
        "var": 0.000105755279947
    },
    "spectral_entropy": {
        "dmean": 0.252119094133,
        "dmean2": 0.359611541033,
        "dvar": 0.0687990859151,
        "dvar2": 0.143594518304,
        "max": 8.76530361176,
        "mean": 7.47359418869,
        "median": 7.4818778038,
        "min": 5.6032409668,
        "var": 0.238351389766
    },
    "spectral_flux": {
        "dmean": 0.0343093089759,
        "dmean2": 0.0481627397239,
        "dvar": 0.0013509670971,
        "dvar2": 0.00226783403195,
        "max": 0.330048441887,
        "mean": 0.0948164016008,
        "median": 0.0726815387607,
        "min": 0.00693892268464,
        "var": 0.00459509016946
    },
    "spectral_kurtosis": {
        "dmean": 1.55518364906,
        "dmean2": 2.47264766693,
        "dvar": 2.84683561325,
        "dvar2": 7.41256475449,
        "max": 24.2557525635,
        "mean": 3.95315670967,
        "median": 3.51258182526,
        "min": -1.03780663013,
        "var": 7.9114356041
    },
    "spectral_rms": {
        "dmean": 0.000908927118871,
        "dmean2": 0.00131690478884,
        "dvar": 9.39532299071e-07,
        "dvar2": 1.99599912776e-06,
        "max": 0.0107931690291,
        "mean": 0.00546612590551,
        "median": 0.00550577137619,
        "min": 0.000247418647632,
        "var": 6.46419630357e-06
    },
    "spectral_rolloff": {
        "dmean": 733.447570801,
        "dmean2": 1243.37231445,
        "dvar": 2057612.5,
        "dvar2": 4936696,
        "max": 13888.9160156,
        "mean": 1346.65075684,
        "median": 624.462890625,
        "min": 64.599609375,
        "var": 3411672.25
    },
    "spectral_skewness": {
        "dmean": 0.27850446105,
        "dmean2": 0.411950230598,
        "dvar": 0.0623221732676,
        "dvar2": 0.132591471076,
        "max": 3.91990613937,
        "mean": 1.52681493759,
        "median": 1.50257921219,
        "min": -0.266952246428,
        "var": 0.29941701889
    },
    "spectral_spread": {
        "dmean": 752039.5,
        "dmean2": 1083577.5,
        "dvar": 759379918848,
        "dvar2": 1.3798712279e+12,
        "max": 15124372,
        "mean": 5141002.5,
        "median": 4791309.5,
        "min": 1779543.75,
        "var": 2.77108935885e+12
    },
    "spectral_strongpeak": {
        "dmean": 0.407661557198,
        "dmean2": 0.694975137711,
        "dvar": 0.418050140142,
        "dvar2": 0.996640086174,
        "max": 4.7476849556,
        "mean": 0.70932585001,
        "median": 0.467954814434,
        "min": 0,
        "var": 0.519172430038
    },
    "zerocrossingrate": {
        "dmean": 0.0138200223446,
        "dmean2": 0.0163757652044,
        "dvar": 0.000325698958477,
        "dvar2": 0.000322534731822,
        "max": 0.46337890625,
        "mean": 0.0538974888623,
        "median": 0.04345703125,
        "min": 0.00244140625,
        "var": 0.00223480514251
    },
    "barkbands": {
        "dmean": [0.000705332960933, 0.00797814596444, 0.00424892408773, 0.00228286115453, 0.00167194881942, 0.000433421024354, 0.000986799132079, 0.00142546719871, 0.000448390841484, 0.000396754679969, 0.000538745312952, 0.000393282243749, 0.00027072490775, 0.000356387376087, 0.000327090208884, 0.000212630984606, 0.000239724351559, 0.000181033465196, 0.000174271510332, 0.000401797267841, 0.000206494369195, 0.000182341609616, 0.000187940575415, 0.000196597407921, 0.000150290812599, 9.78969765129e-05, 1.45356551684e-07],
        "dmean2": [0.000951561320107, 0.0116543024778, 0.00629441067576, 0.00410160934553, 0.00296957837418, 0.000723858131096, 0.00156547117513, 0.00205904361792, 0.000677341362461, 0.000640109123196, 0.000873395008966, 0.000647212262265, 0.000426954153227, 0.000603866239544, 0.000528485630639, 0.000334534299327, 0.000367866596207, 0.000282378925476, 0.00028475234285, 0.000696935807355, 0.000352534960257, 0.00030007326859, 0.000314472330501, 0.000336748460541, 0.000261090521235, 0.000175849869265, 2.70224802534e-07],
        "dvar": [1.40216889122e-06, 0.000162082331371, 0.000104530445242, 4.60978553747e-05, 1.61533844221e-05, 1.01876059944e-06, 4.88131399834e-06, 6.9825796345e-06, 8.69270138537e-07, 6.71229258842e-07, 1.67979271737e-06, 6.16221370819e-07, 2.05252021601e-07, 5.30571355739e-07, 3.69632346064e-07, 2.073311407e-07, 2.32182202353e-07, 1.20391163705e-07, 1.28283616618e-07, 8.58940438775e-07, 2.11107320069e-07, 1.67869870893e-07, 1.92380312569e-07, 2.0572004189e-07, 1.4481246069e-07, 8.38404972114e-08, 2.92603045743e-13],
        "dvar2": [3.11731560032e-06, 0.000353626761353, 0.000224528994295, 0.000128070591018, 4.65532575618e-05, 2.67035261459e-06, 1.1481914953e-05, 1.37478155011e-05, 1.56970645548e-06, 1.48828928559e-06, 4.3329514483e-06, 1.55668044499e-06, 4.85994689825e-07, 1.44851765072e-06, 9.07861533506e-07, 4.47454453933e-07, 5.13991437856e-07, 2.60561165533e-07, 3.10890186483e-07, 2.32554270951e-06, 5.52897176931e-07, 4.26972547984e-07, 5.00514659052e-07, 5.63534626963e-07, 3.94891145561e-07, 2.36544664745e-07, 8.24678378971e-13],
        "max": [0.0157464966178, 0.107124105096, 0.0720350295305, 0.0439529791474, 0.04008038342, 0.00997542962432, 0.0274705048651, 0.0234353523701, 0.0184421222657, 0.0207644384354, 0.0170577447861, 0.00828292407095, 0.0051387748681, 0.00717433169484, 0.00502941943705, 0.00419438118115, 0.00441776122898, 0.00415312824771, 0.00319993589073, 0.00622701598331, 0.00298037845641, 0.00274197175168, 0.00304946466349, 0.0031904745847, 0.00278624263592, 0.00227662455291, 6.10914139543e-06],
        "mean": [0.0014283079654, 0.017471479252, 0.004344583489, 0.00164757191669, 0.00198475411162, 0.000488437828608, 0.00148092443123, 0.00264457101002, 0.000681897392496, 0.000557506165933, 0.000696806411725, 0.000463574542664, 0.000357425509719, 0.00038507609861, 0.000391914596548, 0.000258494517766, 0.000273453770205, 0.000229367680731, 0.000194791529793, 0.000345116073731, 0.000180963834282, 0.000179961774847, 0.000185731973033, 0.00017800689966, 0.000124143858557, 7.6331285527e-05, 8.96307028597e-08],
        "median": [0.000284207402728, 0.00852379947901, 0.000332572351908, 6.28792549833e-05, 0.000888764974661, 0.000123821446323, 0.000456986483186, 0.000687962397933, 0.000279583357042, 0.000183251133421, 0.000212644576095, 0.000107605141238, 9.44932835409e-05, 8.61001608428e-05, 6.32437659078e-05, 5.20958637935e-05, 7.32262124075e-05, 9.61626283242e-05, 4.67264362669e-05, 6.35661272099e-05, 3.17519370583e-05, 5.04736526636e-05, 4.18932431785e-05, 3.91162247979e-05, 2.12423856283e-05, 1.17199660963e-05, 7.14276415792e-10],
        "min": [5.7272249443e-11, 1.53400583902e-10, 2.29827185061e-10, 2.6243595741e-08, 1.95455527319e-06, 1.68097670894e-07, 3.59889554602e-07, 1.66040848626e-07, 1.77592085038e-07, 7.96230438027e-07, 1.31262638092e-07, 3.51290054823e-07, 1.22291368143e-07, 1.04769696918e-07, 1.37039165793e-07, 9.46323410744e-08, 1.98903009618e-07, 6.87594194915e-08, 5.1965987069e-08, 1.60162905161e-08, 1.50303485213e-08, 5.33340971387e-09, 1.70375047404e-09, 1.92702839796e-10, 1.00389779822e-10, 4.83844214694e-12, 5.93448814395e-12],
        "var": [5.12304723088e-06, 0.000498841283843, 0.000117291026982, 2.95336340059e-05, 1.30103762785e-05, 1.15808165901e-06, 8.4322227849e-06, 1.81739906111e-05, 1.80145502782e-06, 1.70747784978e-06, 2.16633225136e-06, 7.59799775096e-07, 3.83643055102e-07, 4.96586267218e-07, 5.03652586303e-07, 2.84044887167e-07, 2.78785023511e-07, 1.60778611757e-07, 1.46597827211e-07, 6.71871532631e-07, 1.70873860839e-07, 1.46083763752e-07, 1.79326136163e-07, 1.58109401127e-07, 1.02414659864e-07, 5.38298259301e-08, 1.72118124874e-13]
    },
    "erbbands": {
        "dmean": [0.322437554598, 1.65645158291, 4.21502494812, 6.8425860405, 5.50315284729, 5.96993398666, 4.50278663635, 3.55883860588, 7.98566055298, 30.3106651306, 19.2775402069, 10.9233961105, 11.3100728989, 14.2781801224, 20.423664093, 16.8651885986, 12.0789937973, 17.1440963745, 15.6646022797, 13.0654067993, 12.1226615906, 11.9139223099, 11.6555938721, 8.07363414764, 9.97827148438, 18.6961364746, 12.7752590179, 6.44137382507, 7.10950565338, 5.16235160828, 6.23291397095, 3.998898983, 3.49968552589, 1.38536572456, 1.17470145226, 0.611323773861, 0.178271368146, 0.00916399527341, 0.000218819768634, 2.61538152699e-05],
        "dmean2": [0.468982458115, 2.264295578, 5.87318181992, 11.2145013809, 9.98110294342, 10.4224720001, 7.30962085724, 6.07451248169, 12.6901845932, 44.5812034607, 28.8024234772, 16.62865448, 17.4239139557, 23.6519622803, 33.01927948, 27.7274188995, 19.0073375702, 28.0983333588, 26.3355197906, 20.8824920654, 18.7193470001, 18.1119022369, 18.2320384979, 13.0327596664, 16.5341720581, 32.5039978027, 22.2704410553, 10.7381639481, 11.8769769669, 8.29391765594, 10.7115192413, 6.74792432785, 6.12873792648, 2.32400465012, 2.058334589, 1.10651934147, 0.321385115385, 0.0162230916321, 0.000388343061786, 4.42663076683e-05],
        "dvar": [0.262564748526, 8.79459476471, 92.1490020752, 319.867462158, 254.045181274, 173.667938232, 78.5191192627, 92.8226852417, 265.477264404, 2438.10913086, 1647.3059082, 431.490661621, 604.556762695, 851.495422363, 2918.71191406, 1130.20825195, 390.611572266, 1082.06274414, 777.02154541, 777.513305664, 601.183410645, 618.445556641, 547.773864746, 251.998840332, 376.885559082, 1933.2244873, 885.075073242, 204.543487549, 275.395751953, 148.677627563, 233.706436157, 78.8993911743, 77.6389312744, 10.2134799957, 9.0603351593, 3.28338766098, 0.278272300959, 0.00063862191746, 3.67422046565e-07, 2.52009746404e-09],
        "dvar2": [0.687904834747, 15.656247139, 178.343444824, 814.070800781, 715.088012695, 490.679351807, 206.509689331, 250.463684082, 649.03918457, 4882.75683594, 3514.37524414, 879.047058105, 1106.83483887, 2151.63745117, 7401.48730469, 2827.12353516, 937.794067383, 2844.31103516, 2032.63781738, 1839.02502441, 1339.51916504, 1347.91992188, 1220.8873291, 581.141906738, 946.58782959, 5233.23974609, 2400.65014648, 516.84564209, 721.536499023, 366.650817871, 632.368041992, 211.9715271, 216.43258667, 26.8397140503, 24.9202251434, 9.3184967041, 0.781191825867, 0.00175319518894, 1.0181804555e-06, 6.8644743223e-09],
        "max": [4.59469604492, 25.490404129, 74.831451416, 129.833145142, 120.585662842, 142.502624512, 105.749237061, 110.144332886, 228.807601929, 396.496765137, 657.192565918, 276.58996582, 790.444396973, 432.653961182, 851.255310059, 423.866546631, 227.679443359, 269.416381836, 223.923431396, 320.275482178, 240.55241394, 254.99798584, 298.659088135, 121.030456543, 184.526916504, 302.210510254, 185.214691162, 101.559753418, 114.669616699, 140.225906372, 102.530265808, 55.5583000183, 64.5140991211, 21.062297821, 25.6326122284, 15.6191492081, 3.87794399261, 0.194872900844, 0.00469794962555, 0.000436859787442],
        "mean": [0.669054806232, 3.22933578491, 5.13676834106, 6.00032186508, 4.42329740524, 7.88579797745, 6.74063110352, 3.59750628471, 12.0234975815, 56.8171958923, 33.2070159912, 17.3065090179, 17.8488769531, 20.0436820984, 25.5859699249, 21.8267993927, 16.9655857086, 20.6843395233, 19.5041217804, 16.5171642303, 15.0731716156, 13.4511299133, 14.6569662094, 9.12816905975, 11.4701385498, 16.1322307587, 10.330947876, 5.93726158142, 6.73327589035, 5.45734977722, 5.69613027573, 3.78501605988, 2.97484588623, 1.2486987114, 0.945439457893, 0.459865570068, 0.136617019773, 0.00730689382181, 0.000189664468053, 5.49754549866e-05],
        "median": [0.26529571414, 1.40676283836, 0.964457988739, 0.375945419073, 0.854686141014, 3.64635586739, 2.94258975983, 1.09925496578, 4.26434612274, 17.0608577728, 14.2725534439, 8.10778045654, 6.04862070084, 8.11744308472, 6.51377439499, 5.95623922348, 5.47452974319, 7.09441041946, 4.30934858322, 3.58919835091, 4.52614450455, 3.97644400597, 6.12169122696, 2.68635225296, 3.35609745979, 2.90568828583, 1.63461387157, 1.12527084351, 1.79750072956, 1.57762861252, 1.15112829208, 0.785555064678, 0.568214714527, 0.245741009712, 0.154147982597, 0.0720734000206, 0.0189811978489, 0.00109832186718, 4.73122017866e-05, 4.19959505962e-05],
        "min": [6.76797426991e-08, 4.99678264987e-07, 4.76258492199e-06, 0.000101215751783, 0.00110952334944, 0.00604313146323, 0.00495771551505, 0.00198918348178, 0.00325020030141, 0.0157553143799, 0.00631049647927, 0.00976956635714, 0.0249774605036, 0.0302929468453, 0.0197639390826, 0.0209772959352, 0.00793647300452, 0.00593282608315, 0.00940607953817, 0.00576948001981, 0.00577146233991, 0.01072459016, 0.00458176620305, 0.0022687446326, 0.00233949604444, 0.000677644449752, 0.000437410635641, 0.000536435516551, 0.000272240693448, 0.000135498150485, 3.75833587896e-05, 2.09426925721e-05, 6.34373463981e-06, 5.18279875905e-06, 3.70857469534e-06, 1.57096144449e-06, 7.59018178087e-07, 5.33813455661e-08, 1.55563668613e-07, 1.67356844827e-07],
        "var": [0.76679623127, 23.1192550659, 130.761444092, 262.92678833, 164.915481567, 193.723403931, 115.030815125, 70.8893585205, 451.218719482, 6464.36523438, 2694.75268555, 840.951477051, 2188.70605469, 1437.83349609, 3698.12255859, 1538.74230957, 743.190307617, 1139.05444336, 1017.99139404, 937.857666016, 785.586242676, 717.014404297, 694.709289551, 288.219299316, 453.560028076, 1496.80786133, 650.826416016, 179.998718262, 219.125, 148.48765564, 191.576644897, 68.2792663574, 53.6169090271, 8.21628475189, 6.25725603104, 2.04343223572, 0.181438654661, 0.000458208611235, 2.5282668048e-07, 2.89278179189e-09]
    },
    "gfcc": {
        "mean": [-18.6792793274, 80.5779418945, -110.435821533, 29.6840648651, -62.5659561157, 23.1360626221, -33.7054100037, 19.8737468719, -17.1423835754, 7.89090585709, -11.3597173691, 2.98197102547, -12.5133771896],
        "cov": [[6803.984375, -426.013702393, 756.363342285, 759.238647461, 227.994506836, 725.221130371, 120.831062317, 458.419555664, 148.448486328, 645.186584473, -267.431854248, -120.341018677, -239.655105591], [-426.013702393, 1579.18469238, 264.826324463, 304.844970703, 487.177520752, 88.5816116333, 503.95892334, 122.572875977, 337.971679688, 19.8852138519, 288.269165039, -50.5903167725, 114.610176086], [756.363342285, 264.826324463, 1266.94067383, 496.22567749, 463.469329834, 417.047454834, 223.925765991, 211.58770752, 169.883544922, 196.412307739, 56.0715866089, 9.68030643463, -41.6098480225], [759.238647461, 304.844970703, 496.22567749, 939.01385498, 287.563476562, 161.900222778, 339.837402344, 146.770553589, 180.65965271, 74.8688201904, 131.747665405, -50.7636642456, 95.9940948486], [227.994506836, 487.177520752, 463.469329834, 287.563476562, 485.80859375, 169.657516479, 201.336029053, 151.172668457, 185.042526245, 124.778785706, 66.1441650391, -6.14164400101, 28.0026359558], [725.221130371, 88.5816116333, 417.047454834, 161.900222778, 169.657516479, 419.347991943, 186.342651367, 167.440795898, 126.562896729, 113.04183197, 83.0702819824, 21.8613357544, -39.1216812134], [120.831062317, 503.95892334, 223.925765991, 339.837402344, 201.336029053, 186.342651367, 529.613220215, 149.535110474, 129.193389893, 47.6475906372, 192.758880615, 51.3214988708, 36.1025123596], [458.419555664, 122.572875977, 211.58770752, 146.770553589, 151.172668457, 167.440795898, 149.535110474, 248.015365601, 152.01914978, 113.50138092, 59.4173355103, 21.0375976562, 10.8881053925], [148.448486328, 337.971679688, 169.883544922, 180.65965271, 185.042526245, 126.562896729, 129.193389893, 152.01914978, 317.116394043, 120.178573608, 80.0339202881, -12.7585697174, 63.2713470459], [645.186584473, 19.8852138519, 196.412307739, 74.8688201904, 124.778785706, 113.04183197, 47.6475906372, 113.50138092, 120.178573608, 236.867767334, 2.01812458038, -11.3391342163, -7.81486225128], [-267.431854248, 288.269165039, 56.0715866089, 131.747665405, 66.1441650391, 83.0702819824, 192.758880615, 59.4173355103, 80.0339202881, 2.01812458038, 241.844207764, 43.1292724609, 57.1176300049], [-120.341018677, -50.5903167725, 9.68030643463, -50.7636642456, -6.14164400101, 21.8613357544, 51.3214988708, 21.0375976562, -12.7585697174, -11.3391342163, 43.1292724609, 145.712219238, 32.8994064331], [-239.655105591, 114.610176086, -41.6098480225, 95.9940948486, 28.0026359558, -39.1216812134, 36.1025123596, 10.8881053925, 63.2713470459, -7.81486225128, 57.1176300049, 32.8994064331, 164.124389648]],
        "icov": [[0.000380327517632, -0.000247837830102, 0.000238457505475, -0.000575665617362, 0.000354093208443, -0.000743843615055, 0.000348136760294, -0.000404434482334, 0.000542858382687, -0.00102063221857, 0.000741989118978, -0.000262118468527, 0.000374552531866], [-0.000247837830102, 0.00228417525068, -0.000315815123031, 0.00119145505596, -0.00197338382713, 0.00135577609763, -0.00195402815007, 0.0010372127872, -0.00191382830963, 0.00171287043486, -0.00176118931267, 0.00191331771202, -0.000664267397951], [0.000238457505475, -0.000315815123031, 0.00205089896917, -0.0011642879108, -0.000892388517968, -0.00182862824295, 0.000814429658931, -0.000191998900846, 0.000824102957267, -0.00112448656, 0.000764327473007, -0.000913992873393, 0.000865604088176], [-0.000575665617362, 0.00119145505596, -0.0011642879108, 0.00323446351103, -0.00122944626492, 0.00176366406959, -0.00225183321163, 0.000678633456118, -0.00151433609426, 0.0021812976338, -0.00168021803256, 0.00250936835073, -0.00200970936567], [0.000354093208443, -0.00197338382713, -0.000892388517968, -0.00122944626492, 0.00588121917099, -0.000922160455957, 0.000904635293409, -0.00143435026985, 0.000607239373494, -0.0021971068345, 0.00192821293604, -0.0012433771044, 0.000300318846712], [-0.000743843615055, 0.00135577609763, -0.00182862824295, 0.00176366406959, -0.000922160455957, 0.00668499292806, -0.0020963922143, -0.000423635356128, -0.0023242412135, 0.0020588724874, -0.00278630899265, 0.00102528068237, 0.000470196275273], [0.000348136760294, -0.00195402815007, 0.000814429658931, -0.00225183321163, 0.000904635293409, -0.0020963922143, 0.00561199197546, -0.00176776351873, 0.00188054540195, -0.00154292362276, -0.000273358280538, -0.00280796573497, 0.00148473295849], [-0.000404434482334, 0.0010372127872, -0.000191998900846, 0.000678633456118, -0.00143435026985, -0.000423635356128, -0.00176776351873, 0.00862675625831, -0.0032542697154, -0.000221101334319, -0.0010132844327, -0.000315045239404, -0.00014034769265], [0.000542858382687, -0.00191382830963, 0.000824102957267, -0.00151433609426, 0.000607239373494, -0.0023242412135, 0.00188054540195, -0.0032542697154, 0.00809371564537, -0.00372260343283, 0.00114718300756, -0.000248548138188, -0.00127848272678], [-0.00102063221857, 0.00171287043486, -0.00112448656, 0.0021812976338, -0.0021971068345, 0.0020588724874, -0.00154292362276, -0.000221101334319, -0.00372260343283, 0.00966203585267, -0.00191348802764, 0.001945990487, -0.000856653787196], [0.000741989118978, -0.00176118931267, 0.000764327473007, -0.00168021803256, 0.00192821293604, -0.00278630899265, -0.000273358280538, -0.0010132844327, 0.00114718300756, -0.00191348802764, 0.00888375192881, -0.00245603802614, -0.000508677039761], [-0.000262118468527, 0.00191331771202, -0.000913992873393, 0.00250936835073, -0.0012433771044, 0.00102528068237, -0.00280796573497, -0.000315045239404, -0.000248548138188, 0.001945990487, -0.00245603802614, 0.0107039213181, -0.00342558440752], [0.000374552531866, -0.000664267397951, 0.000865604088176, -0.00200970936567, 0.000300318846712, 0.000470196275273, 0.00148473295849, -0.00014034769265, -0.00127848272678, -0.000856653787196, -0.000508677039761, -0.00342558440752, 0.00955796148628]]
    },
    "melbands": {
        "dmean": [0.00241642468609, 0.00188927142881, 0.00106971978676, 0.000399334327085, 0.000180130155059, 7.84261355875e-05, 0.000152134773089, 0.000346545566572, 0.000144059813465, 6.60194491502e-05, 5.64704132557e-05, 5.52682613488e-05, 6.95374183124e-05, 4.90898964927e-05, 3.66614804079e-05, 2.6223846362e-05, 3.56854252459e-05, 2.47021980613e-05, 2.65927137661e-05, 1.65923902387e-05, 1.43560018842e-05, 1.30585221996e-05, 1.12060497486e-05, 8.89350030775e-06, 6.52791868561e-06, 6.74966167935e-06, 8.62110209709e-06, 1.46435004353e-05, 9.65450999502e-06, 4.55631970908e-06, 3.6071219256e-06, 4.19460457124e-06, 3.42010548593e-06, 2.63600895778e-06, 3.56146506419e-06, 3.22196478919e-06, 2.26737574849e-06, 2.76940818367e-06, 1.75652019152e-06, 9.82855340226e-07],
        "dmean2": [0.00355643429793, 0.00246793637052, 0.00172498135362, 0.000718818511814, 0.000296702084597, 0.000133086330607, 0.000240109191509, 0.000507150252815, 0.000217703985982, 0.000100607459899, 8.72105374583e-05, 9.23460538615e-05, 0.000114394330012, 7.91570200818e-05, 6.07649744779e-05, 4.02593577746e-05, 5.9442660131e-05, 4.19995303673e-05, 4.38008828496e-05, 2.53004982369e-05, 2.24321775022e-05, 2.00119648071e-05, 1.74820579559e-05, 1.38520563269e-05, 1.07126979856e-05, 1.08661752165e-05, 1.44120904224e-05, 2.59358948824e-05, 1.69769409695e-05, 7.77568948251e-06, 5.96182007939e-06, 7.0216324275e-06, 5.64356241739e-06, 4.18040053773e-06, 6.08882965025e-06, 5.6483154367e-06, 3.81552172257e-06, 4.93163634019e-06, 3.01677687276e-06, 1.63034451361e-06],
        "dvar": [1.417767362e-05, 1.31702954604e-05, 7.36447373129e-06, 1.07304344965e-06, 1.17329030047e-07, 4.11757525853e-08, 1.11155657123e-07, 3.34743759822e-07, 1.14553451169e-07, 1.66635771848e-08, 1.54336579072e-08, 1.30915553953e-08, 3.25895648245e-08, 1.03002699703e-08, 4.58001947479e-09, 2.11402584327e-09, 5.19360732198e-09, 2.08535855251e-09, 2.67365463102e-09, 1.38922906512e-09, 8.36318680975e-10, 6.77323475085e-10, 4.96621466173e-10, 3.43255757151e-10, 1.67460573186e-10, 1.9339288504e-10, 2.73829542374e-10, 1.46610479312e-09, 5.32741906145e-10, 1.08815109701e-10, 6.88282347783e-11, 9.73164049345e-11, 5.9535092134e-11, 4.05194489073e-11, 7.30523419534e-11, 6.53287077212e-11, 2.44254668574e-11, 4.94931665096e-11, 1.96038810185e-11, 4.83145294605e-12],
        "dvar2": [3.46193010046e-05, 2.15536038013e-05, 1.79553608177e-05, 3.0719490951e-06, 3.14625140163e-07, 1.10381584761e-07, 2.64449766973e-07, 6.43362909614e-07, 2.36549624333e-07, 3.4446859587e-08, 2.8668921459e-08, 3.33164109634e-08, 8.50892902804e-08, 2.57160923667e-08, 1.21138876708e-08, 4.79399187014e-09, 1.37238309605e-08, 5.59971313763e-09, 6.75693279106e-09, 2.9579532157e-09, 1.96541849462e-09, 1.47887524449e-09, 1.08683828604e-09, 7.71038510816e-10, 3.97513771899e-10, 4.62861249328e-10, 7.26441740095e-10, 4.04450206659e-09, 1.45019352082e-09, 2.89688106836e-10, 1.73688646798e-10, 2.57980331542e-10, 1.50700368851e-10, 9.92937537747e-11, 1.95414684434e-10, 1.81542725297e-10, 6.45926714893e-11, 1.38530409366e-10, 5.34880681413e-11, 1.26045311341e-11],
        "max": [0.0294556152076, 0.0325206741691, 0.0187273882329, 0.00960661098361, 0.00383759615943, 0.00229423749261, 0.00430885981768, 0.00484763272107, 0.00565389497206, 0.00180945615284, 0.00395191134885, 0.0016946477117, 0.00244101439603, 0.00132434861735, 0.000557510065846, 0.000574573990889, 0.000643387029413, 0.000423576537287, 0.000442004995421, 0.000410657958128, 0.00030598367448, 0.00024772976758, 0.000236509920796, 0.000203485775273, 9.70838518697e-05, 0.000156112277182, 0.000174258311745, 0.000283380126348, 0.000151538668433, 7.15299829608e-05, 6.9432266173e-05, 7.25947902538e-05, 6.51555019431e-05, 8.11742429505e-05, 5.7176235714e-05, 6.04165761615e-05, 3.04269906337e-05, 5.41018380318e-05, 3.33934549417e-05, 1.87811565411e-05],
        "mean": [0.00535737816244, 0.00328238890506, 0.000990394386463, 0.000422479322879, 0.00027944118483, 7.87833705544e-05, 0.000224137038458, 0.000659462122712, 0.000233788916375, 0.000101527984953, 8.50157157402e-05, 7.4645584391e-05, 8.31738143461e-05, 6.21393774054e-05, 4.50032021035e-05, 3.46084489138e-05, 4.02051118726e-05, 2.87809180008e-05, 3.13687851303e-05, 2.00566828426e-05, 1.71221781784e-05, 1.45084459291e-05, 1.33754401759e-05, 1.08992835521e-05, 6.86390512783e-06, 7.79699166742e-06, 9.20190450415e-06, 1.16411438285e-05, 7.49069658923e-06, 4.00198541683e-06, 3.26741815115e-06, 3.81710742658e-06, 3.45184298567e-06, 2.79206165033e-06, 3.25545602209e-06, 2.88702949547e-06, 2.12267764255e-06, 2.2893809728e-06, 1.48657829868e-06, 8.87492149104e-07],
        "median": [0.00255600456148, 0.00125300930813, 7.64610085753e-05, 0.000161115109222, 0.000133209585329, 2.02842929866e-05, 5.7774297602e-05, 0.000195720378542, 0.000104513383121, 3.86488209188e-05, 2.61080131168e-05, 2.81980119325e-05, 2.28886747209e-05, 1.52949105541e-05, 1.44755294968e-05, 8.73964017956e-06, 1.05659155452e-05, 5.42196721653e-06, 5.02695138493e-06, 3.66114909411e-06, 5.10512836627e-06, 3.74095588995e-06, 4.88726618642e-06, 4.38846745965e-06, 1.46426441461e-06, 1.80682513928e-06, 2.70481518783e-06, 1.65625647242e-06, 1.02963781501e-06, 7.04208105162e-07, 5.64790639146e-07, 9.87729094959e-07, 9.98570953925e-07, 7.97675511421e-07, 6.44958333851e-07, 5.2861560107e-07, 4.23487676926e-07, 4.19799818019e-07, 2.38390938989e-07, 1.63818995702e-07],
        "min": [2.43180059423e-10, 3.39676536898e-10, 2.43216895512e-08, 1.04426014502e-07, 1.8249657785e-07, 3.75536757247e-08, 4.31067803675e-08, 1.32600831648e-07, 3.78907571985e-08, 5.62898279099e-08, 8.5196290911e-08, 4.73671306622e-08, 2.17071391972e-08, 6.72926816492e-08, 1.79036465653e-08, 1.20015206662e-08, 9.17420894808e-09, 1.55787542866e-08, 7.31648919228e-09, 6.96066981831e-09, 5.54324008917e-09, 9.83230652452e-09, 8.77740280458e-09, 1.01707520184e-09, 1.77414505309e-09, 2.10119233124e-09, 1.06739139749e-09, 2.81817985615e-10, 2.55026749718e-10, 4.10595030198e-10, 1.58958290974e-10, 5.20602762288e-11, 6.74341138485e-11, 5.64926751212e-11, 2.22304466502e-11, 1.44865308985e-11, 5.51591433119e-13, 2.03019350463e-12, 2.18661392703e-13, 1.28759335008e-13],
