{
"highlevel": {
    "danceability": {
        "all": {
            "danceable": 0.937312602997,
            "not_danceable": 0.0626873895526
        },
        "probability": 0.937312602997,
        "value": "danceable"
    },
    "gender": {
        "all": {
            "female": 0.0931945294142,
            "male": 0.906805455685
        },
        "probability": 0.906805455685,
        "value": "male"
    },
    "genre_dortmund": {
        "all": {
            "alternative": 0.0753392577171,
            "blues": 0.0915783420205,
            "electronic": 0.0176614932716,
            "folkcountry": 0.374140143394,
            "funksoulrnb": 0.0353203564882,
            "jazz": 0.129487037659,
            "pop": 0.103188499808,
            "raphiphop": 0.0119850058109,
            "rock": 0.161299884319
        },
        "probability": 0.374140143394,
        "value": "folkcountry"
    },
    "genre_electronic": {
        "all": {
            "ambient": 0.687143623829,
            "dnb": 0.149742126465,
            "house": 0.108288682997,
            "techno": 0.00965687353164,
            "trance": 0.0451686941087
        },
        "probability": 0.687143623829,
        "value": "ambient"
    },
    "genre_rosamerica": {
        "all": {
            "cla": 0.0496887862682,
            "dan": 0.015883166343,
            "hip": 0.0292435474694,
            "jaz": 0.0214897729456,
            "pop": 0.584915935993,
            "rhy": 0.113947592676,
            "roc": 0.17530053854,
            "spe": 0.00953066907823
        },
        "probability": 0.584915935993,
        "value": "pop"
    },
    "genre_tzanetakis": {
        "all": {
            "blu": 0.0626613423228,
            "cla": 0.0348169617355,
            "cou": 0.104475811124,
            "dis": 0.0784321576357,
            "hip": 0.15692435205,
            "jaz": 0.313974827528,
            "met": 0.0448166541755,
            "pop": 0.0627359300852,
            "reg": 0.0627360641956,
            "roc": 0.0784258767962
        },
        "probability": 0.313974827528,
        "value": "jaz"
    },
    "ismir04_rhythm": {
        "all": {
            "ChaChaCha": 0.366976767778,
            "Jive": 0.0803206190467,
            "Quickstep": 0.0798242390156,
            "Rumba-American": 0.0173242855817,
            "Rumba-International": 0.0339671485126,
            "Rumba-Misc": 0.0115045458078,
            "Samba": 0.0300947092474,
            "Tango": 0.130842030048,
            "VienneseWaltz": 0.228538289666,
            "Waltz": 0.0206073634326
        },
        "probability": 0.366976767778,
        "value": "ChaChaCha"
    },
    "mood_acoustic": {
        "all": {
            "acoustic": 0.199232280254,
            "not_acoustic": 0.800767719746
        },
        "probability": 0.800767719746,
        "value": "not_acoustic"
    },
    "mood_aggressive": {
        "all": {
            "aggressive": 0.0219938531518,
            "not_aggressive": 0.978006124496
        },
        "probability": 0.978006124496,
        "value": "not_aggressive"
    },
    "mood_electronic": {
        "all": {
            "electronic": 0.111607760191,
            "not_electronic": 0.888392269611
        },
        "probability": 0.888392269611,
        "value": "not_electronic"
    },
    "mood_happy": {
        "all": {
            "happy": 0.900053560734,
            "not_happy": 0.0999464616179
        },
        "probability": 0.900053560734,
        "value": "happy"
    },
    "mood_party": {
        "all": {
            "not_party": 0.749441027641,
            "party": 0.250559002161
        },
        "probability": 0.749441027641,
        "value": "not_party"
    },
    "mood_relaxed": {
        "all": {
            "not_relaxed": 0.900903820992,
            "relaxed": 0.0990961864591
        },
        "probability": 0.900903820992,
        "value": "not_relaxed"
    },
    "mood_sad": {
        "all": {
            "not_sad": 0.34943702817,
            "sad": 0.650563001633
        },
        "probability": 0.650563001633,
        "value": "sad"
    },
    "moods_mirex": {
        "all": {
            "Cluster1": 0.211211174726,
            "Cluster2": 0.259462237358,
            "Cluster3": 0.398985922337,
            "Cluster4": 0.113451212645,
            "Cluster5": 0.0168894734234
        },
        "probability": 0.398985922337,
        "value": "Cluster3"
    },
    "timbre": {
        "all": {
            "bright": 0.999983489513,
            "dark": 1.65126293723e-05
        },
        "probability": 0.999983489513,
        "value": "bright"
    },
    "tonal_atonal": {
        "all": {
            "atonal": 0.000962554535363,
            "tonal": 0.999037444592
        },
        "probability": 0.999037444592,
        "value": "tonal"
    },
    "voice_instrumental": {
        "all": {
            "instrumental": 0.0136109003797,
            "voice": 0.986389100552
        },
        "probability": 0.986389100552,
        "value": "voice"
    }
},
"lowlevel": {
    "average_loudness": 0.978311657906,
    "barkbands_crest": {
        "dmean": 2.97736001015,
        "dmean2": 4.65875530243,
        "dvar": 10.5359973907,
        "dvar2": 23.3806171417,
        "max": 24.991147995,
        "mean": 10.736448288,
        "median": 9.38417339325,
        "min": 3.41561889648,
        "var": 24.5847320557
    },
    "barkbands_flatness_db": {
        "dmean": 0.0274552125484,
        "dmean2": 0.0409157276154,
        "dvar": 0.000830247590784,
        "dvar2": 0.00191512447782,
        "max": 0.437730491161,
        "mean": 0.170012131333,
        "median": 0.158940374851,
        "min": 0.0530792027712,
        "var": 0.00293279602192
    },
    "barkbands_kurtosis": {
        "dmean": 4.07986211777,
        "dmean2": 6.42610883713,
        "dvar": 85.1356735229,
        "dvar2": 169.864501953,
        "max": 219.191665649,
        "mean": 5.06011295319,
        "median": 1.42503738403,
        "min": -1.72575163841,
        "var": 185.15322876
    },
    "barkbands_skewness": {
        "dmean": 0.660269856453,
        "dmean2": 0.968879520893,
        "dvar": 0.741260945797,
        "dvar2": 1.65292739868,
        "max": 10.4684419632,
        "mean": 1.5790091753,
        "median": 1.2106051445,
        "min": -0.935678958893,
        "var": 1.80735075474
    },
    "barkbands_spread": {
        "dmean": 5.74541759491,
        "dmean2": 8.68093776703,
        "dvar": 47.9064903259,
        "dvar2": 106.998901367,
        "max": 110.533462524,
        "mean": 19.7604885101,
        "median": 18.46941185,
        "min": 0.398143947124,
        "var": 138.965057373
    },
    "dissonance": {
        "dmean": 0.0234852936119,
        "dmean2": 0.038561873138,
        "dvar": 0.000519791152328,
        "dvar2": 0.00133833766449,
        "max": 0.499921888113,
        "mean": 0.452816337347,
        "median": 0.460681825876,
        "min": 0.250440120697,
        "var": 0.00119978876319
    },
    "dynamic_complexity": 2.17900300026,
    "erbbands_crest": {
        "dmean": 2.64855003357,
        "dmean2": 4.12847852707,
        "dvar": 6.57255887985,
        "dvar2": 14.6739053726,
        "max": 27.2432956696,
        "mean": 9.30497074127,
        "median": 8.17568683624,
        "min": 2.46836709976,
        "var": 18.5972290039
    },
    "erbbands_flatness_db": {
        "dmean": 0.0236014146358,
        "dmean2": 0.032926928252,
        "dvar": 0.000557906052563,
        "dvar2": 0.00106087233871,
        "max": 0.336415201426,
        "mean": 0.173043236136,
        "median": 0.175103127956,
        "min": 0.0630727857351,
        "var": 0.00205696886405
    },
    "erbbands_kurtosis": {
        "dmean": 1.04831314087,
        "dmean2": 1.55747425556,
        "dvar": 2.46669840813,
        "dvar2": 4.91959905624,
        "max": 25.4275417328,
        "mean": 0.547733426094,
        "median": -0.218105792999,
        "min": -1.83608603477,
        "var": 6.20241594315
    },
    "erbbands_skewness": {
        "dmean": 0.391527682543,
        "dmean2": 0.566996455193,
        "dvar": 0.142724111676,
        "dvar2": 0.291318118572,
        "max": 3.7622885704,
        "mean": 0.450659841299,
        "median": 0.378602802753,
        "min": -3.29468345642,
        "var": 0.556660532951
    },
    "erbbands_spread": {
        "dmean": 10.1672344208,
        "dmean2": 14.9285078049,
        "dvar": 205.182373047,
        "dvar2": 429.053833008,
        "max": 166.826370239,
        "mean": 36.2234535217,
        "median": 31.04347229,
        "min": 5.32207727432,
        "var": 475.492736816
    },
    "hfc": {
        "dmean": 7.48035669327,
        "dmean2": 10.7783279419,
        "dvar": 91.3231811523,
        "dvar2": 209.117156982,
        "max": 79.1543731689,
        "mean": 20.7667827606,
        "median": 17.7748699188,
        "min": 0.339550971985,
        "var": 227.464324951
    },
    "melbands_crest": {
        "dmean": 3.49364376068,
        "dmean2": 5.20189332962,
        "dvar": 12.2070598602,
        "dvar2": 25.29637146,
        "max": 32.7294692993,
        "mean": 13.9722137451,
        "median": 12.682472229,
        "min": 4.73826551437,
        "var": 33.3879470825
    },
    "melbands_flatness_db": {
        "dmean": 0.0344655402005,
        "dmean2": 0.0497471615672,
        "dvar": 0.00136667513289,
        "dvar2": 0.00302468426526,
        "max": 0.551830112934,
        "mean": 0.228729054332,
        "median": 0.21700759232,
        "min": 0.0698605626822,
        "var": 0.00533802481368
    },
    "melbands_kurtosis": {
        "dmean": 12.0942764282,
        "dmean2": 19.398355484,
        "dvar": 1204.42114258,
        "dvar2": 3063.38256836,
        "max": 487.703186035,
        "mean": 15.651391983,
        "median": 5.27107524872,
        "min": -0.874678850174,
        "var": 1278.87817383
    },
    "melbands_skewness": {
        "dmean": 0.985029757023,
        "dmean2": 1.45624530315,
        "dvar": 2.43074822426,
        "dvar2": 5.61975049973,
        "max": 19.4566040039,
        "mean": 2.54924988747,
        "median": 1.93721425533,
        "min": -0.259440034628,
        "var": 4.36475658417
    },
    "melbands_spread": {
        "dmean": 5.85978412628,
        "dmean2": 8.6677904129,
        "dvar": 52.4364280701,
        "dvar2": 118.802864075,
        "max": 145.251037598,
        "mean": 20.1590652466,
        "median": 18.9582500458,
        "min": 0.426862627268,
        "var": 149.701919556
    },
    "pitch_salience": {
        "dmean": 0.0780122280121,
        "dmean2": 0.122860707343,
        "dvar": 0.00684063043445,
        "dvar2": 0.0155519368127,
        "max": 0.800403416157,
        "mean": 0.51176482439,
        "median": 0.527256846428,
        "min": 0.118393644691,
        "var": 0.0153295760974
    },
    "silence_rate_20dB": {
        "dmean": 0,
        "dmean2": 0,
        "dvar": 0,
        "dvar2": 0,
        "max": 1,
        "mean": 1,
        "median": 1,
        "min": 1,
        "var": 0
    },
    "silence_rate_30dB": {
        "dmean": 0.0030959751457,
        "dmean2": 0.00619674660265,
        "dvar": 0.00308635202236,
        "dvar2": 0.0092566749081,
        "max": 1,
        "mean": 0.998453199863,
        "median": 1,
        "min": 0,
        "var": 0.00154439127073
    },
    "silence_rate_60dB": {
        "dmean": 0.0030959751457,
        "dmean2": 0.00619674660265,
        "dvar": 0.00308634852991,
        "dvar2": 0.00770750129595,
        "max": 1,
        "mean": 0.00232018553652,
        "median": 0,
        "min": 0,
        "var": 0.00231484277174
    },
    "spectral_centroid": {
        "dmean": 236.804244995,
        "dmean2": 338.938995361,
        "dvar": 67514.2265625,
        "dvar2": 139574.203125,
        "max": 5186.13720703,
        "mean": 1194.80651855,
        "median": 1167.83605957,
        "min": 158.429519653,
        "var": 270960.65625
    },
    "spectral_complexity": {
        "dmean": 4.24071216583,
        "dmean2": 5.99147939682,
        "dvar": 25.5976524353,
        "dvar2": 51.6707420349,
        "max": 51,
        "mean": 17.940448761,
        "median": 17,
        "min": 1,
        "var": 78.1996231079
    },
    "spectral_decrease": {
        "dmean": 3.45007178382e-09,
        "dmean2": 5.06024067093e-09,
        "dvar": 2.8522282708e-17,
        "dvar2": 6.86925323726e-17,
        "max": -3.94946825244e-10,
        "mean": -8.11925815469e-09,
        "median": -6.73668987261e-09,
        "min": -3.71750843442e-08,
        "var": 3.51378284017e-17
    },
    "spectral_energy": {
        "dmean": 0.0134922619909,
        "dmean2": 0.019718002528,
        "dvar": 0.000418048759457,
        "dvar2": 0.00100235629361,
        "max": 0.142343178391,
        "mean": 0.0325276292861,
        "median": 0.0272369086742,
        "min": 0.0015214169398,
        "var": 0.00053148099687
    },
    "spectral_energyband_high": {
        "dmean": 0.00039553429815,
        "dmean2": 0.00063819240313,
        "dvar": 4.30645002325e-07,
        "dvar2": 1.08037977498e-06,
        "max": 0.00512303551659,
        "mean": 0.000536910200026,
        "median": 0.000182599178515,
        "min": 3.75823162813e-07,
        "var": 6.72550754643e-07
    },
    "spectral_energyband_low": {
        "dmean": 0.00988760218024,
        "dmean2": 0.0156172243878,
        "dvar": 0.000448896520538,
        "dvar2": 0.00109575653914,
        "max": 0.126714214683,
        "mean": 0.0137977804989,
        "median": 0.00725035788491,
        "min": 1.07397736429e-05,
        "var": 0.000447791535407
    },
    "spectral_energyband_middle_high": {
        "dmean": 0.00261961715296,
        "dmean2": 0.00341194262728,
        "dvar": 1.06535917439e-05,
        "dvar2": 1.95842749235e-05,
        "max": 0.0329507812858,
        "mean": 0.00622093724087,
        "median": 0.00428571179509,
        "min": 7.31709997126e-06,
        "var": 3.7068988604e-05
    },
    "spectral_energyband_middle_low": {
        "dmean": 0.00408278079703,
        "dmean2": 0.00599749945104,
        "dvar": 2.4124774427e-05,
        "dvar2": 4.97139517392e-05,
        "max": 0.0509541109204,
        "mean": 0.0123564768583,
        "median": 0.00974626652896,
        "min": 0.00020515487995,
        "var": 7.79530164436e-05
    },
    "spectral_entropy": {
        "dmean": 0.262873470783,
        "dmean2": 0.351148694754,
        "dvar": 0.0635099411011,
        "dvar2": 0.126603871584,
        "max": 8.69825363159,
        "mean": 7.30314302444,
        "median": 7.31413221359,
        "min": 5.53678512573,
        "var": 0.238305747509
    },
    "spectral_flux": {
        "dmean": 0.0358635634184,
        "dmean2": 0.0540336929262,
        "dvar": 0.00174400722608,
        "dvar2": 0.00389430997893,
        "max": 0.32151389122,
        "mean": 0.0952644571662,
        "median": 0.0839724242687,
        "min": 0.0121731432155,
        "var": 0.00303309387527
    },
    "spectral_kurtosis": {
        "dmean": 2.94010186195,
        "dmean2": 4.61410856247,
        "dvar": 11.7943897247,
        "dvar2": 30.9951553345,
        "max": 58.6732292175,
        "mean": 6.48575401306,
        "median": 5.63915538788,
        "min": -0.969824314117,
        "var": 28.4352912903
    },
    "spectral_rms": {
        "dmean": 0.00106292322744,
        "dmean2": 0.00149012438487,
        "dvar": 1.79988126092e-06,
        "dvar2": 3.96113910028e-06,
        "max": 0.0117843700573,
        "mean": 0.00533400429413,
        "median": 0.00515486113727,
        "min": 0.00121832231525,
        "var": 3.28264741256e-06
    },
    "spectral_rolloff": {
        "dmean": 425.147247314,
        "dmean2": 673.351196289,
        "dvar": 592623.5625,
        "dvar2": 1316944.875,
        "max": 10379.0039062,
        "mean": 1205.59130859,
        "median": 968.994140625,
        "min": 64.599609375,
        "var": 1197703.375
    },
    "spectral_skewness": {
        "dmean": 0.351711064577,
        "dmean2": 0.532235503197,
        "dvar": 0.116476975381,
        "dvar2": 0.255116730928,
        "max": 5.95931100845,
        "mean": 1.80661773682,
        "median": 1.72628724575,
        "min": -0.0388785041869,
        "var": 0.406908124685
    },
    "spectral_spread": {
        "dmean": 1000365.25,
        "dmean2": 1397001.125,
        "dvar": 1.67717752013e+12,
        "dvar2": 3.15243941069e+12,
        "max": 13427939,
        "mean": 4318920,
        "median": 3486870.25,
        "min": 1294274.875,
        "var": 4.93751684301e+12
    },
    "spectral_strongpeak": {
        "dmean": 0.504575192928,
        "dmean2": 0.85274887085,
        "dvar": 0.692847192287,
        "dvar2": 1.67905676365,
        "max": 7.52841186523,
        "mean": 0.84209227562,
        "median": 0.377729862928,
        "min": 0.0401243455708,
        "var": 1.05770337582
    },
    "zerocrossingrate": {
        "dmean": 0.0102081773803,
        "dmean2": 0.0120054399595,
        "dvar": 0.000123234058265,
        "dvar2": 0.00015585750225,
        "max": 0.26318359375,
        "mean": 0.0491294786334,
        "median": 0.04541015625,
        "min": 0.001953125,
        "var": 0.000791398691945
    },
    "barkbands": {
        "dmean": [0.000310270203045, 0.00902499910444, 0.00117143837269, 0.000385464751162, 0.00107826117892, 0.00119596789591, 0.0016155608464, 0.00111886358354, 0.00122725730762, 0.000738660222851, 0.000388348445995, 0.000595554884057, 0.000359716854291, 0.00047053367598, 0.000501035770867, 0.000305364868836, 0.000277809711406, 0.00026155699743, 0.00019465504738, 0.000123590536532, 6.85200211592e-05, 8.3027909568e-05, 9.01262537809e-05, 8.99782098713e-05, 6.71417365083e-05, 2.37795866269e-05, 1.19941008236e-08],
        "dmean2": [0.000499232904986, 0.0145532032475, 0.00210292707197, 0.000665845174808, 0.00172963505611, 0.00168191641569, 0.00262336269952, 0.00159304204863, 0.0017694667913, 0.00108002568595, 0.000589351460803, 0.000840934575535, 0.000530765391886, 0.000696660426911, 0.00075592380017, 0.000466525787488, 0.000415996502852, 0.000401437981054, 0.00029030314181, 0.000193432584638, 0.000115064402053, 0.000137615861604, 0.000151352913235, 0.000152397769853, 0.000108840147732, 4.05173523177e-05, 2.12825650436e-08],
        "dvar": [5.12345081916e-07, 0.000400097284, 6.83843472871e-06, 3.60498034979e-07, 1.81724135473e-06, 4.08971709476e-06, 9.84171128948e-06, 4.16633338318e-06, 4.02881369155e-06, 1.75261379809e-06, 1.05480262391e-06, 1.56803923801e-06, 4.41632920456e-07, 8.81962478161e-07, 8.55207929362e-07, 2.85510253661e-07, 1.67831530007e-07, 2.35582845676e-07, 9.49828944385e-08, 4.65998830634e-08, 2.1334786382e-08, 2.62801815865e-08, 2.86576877784e-08, 3.74385464852e-08, 1.83116881658e-08, 2.66249666758e-09, 4.91182971168e-15],
        "dvar2": [1.24224072806e-06, 0.000989520340227, 1.9662980776e-05, 1.02760770915e-06, 4.54879909739e-06, 6.89184616931e-06, 2.44825787377e-05, 7.33179786039e-06, 8.41769906401e-06, 3.40265910381e-06, 2.22730932364e-06, 2.89479316962e-06, 1.00607803688e-06, 1.88653416444e-06, 1.88063768292e-06, 6.49935714137e-07, 3.81776828817e-07, 6.01098577135e-07, 2.02086454237e-07, 1.09559259442e-07, 5.52640777585e-08, 6.29003906738e-08, 7.2821180197e-08, 9.2840487298e-08, 4.42680416768e-08, 7.03918745515e-09, 1.32329611068e-14],
        "max": [0.00684579182416, 0.121709130704, 0.0180201232433, 0.0133114680648, 0.0132416216657, 0.0290335882455, 0.029990978539, 0.0273628663272, 0.0282550957054, 0.0163300614804, 0.0213776435703, 0.0268672369421, 0.00825118925422, 0.0110712237656, 0.00887947808951, 0.00741099799052, 0.00532470876351, 0.00645324634388, 0.00351944332942, 0.00219394476153, 0.00182378070895, 0.00232977187261, 0.00136981881224, 0.00195996835828, 0.00155831768643, 0.000415859976783, 1.47223897784e-06],
        "mean": [0.000330588693032, 0.0115200262517, 0.00167752394918, 0.000618351681624, 0.00223353132606, 0.0023478041403, 0.00255710817873, 0.00220020767301, 0.00215098168701, 0.00122984987684, 0.000552375102416, 0.000869223324116, 0.000530013581738, 0.000686754588969, 0.000708864594344, 0.000482543749968, 0.000459787610453, 0.000386128143873, 0.000314786972012, 0.000172905216459, 8.72932723723e-05, 0.000110111803224, 9.74942959147e-05, 0.00010104267858, 7.78764369898e-05, 2.44379425567e-05, 8.15771361573e-09],
        "median": [5.37546184205e-05, 0.00569395534694, 0.00102203036658, 0.000416621362092, 0.00170736003201, 0.000899622507859, 0.00142468209378, 0.000799812143669, 0.00105515588075, 0.000449612067314, 0.000117693110951, 0.000214364103158, 0.000167989259353, 0.000169711493072, 0.000189844940905, 0.000193643194507, 0.000230149904382, 0.00015633534349, 0.000137181705213, 5.72621283936e-05, 2.33075443248e-05, 3.69396511815e-05, 2.21639966185e-05, 1.9094615709e-05, 1.07342993942e-05, 4.23351457357e-06, 6.89873436155e-10],
        "min": [1.59592275395e-07, 1.33150297188e-06, 2.58516877238e-07, 3.10221963673e-07, 1.963345494e-05, 1.76312516942e-06, 1.2224393231e-06, 1.2781405303e-06, 1.40084887335e-06, 4.67154848138e-07, 3.44826219134e-07, 5.59243858334e-07, 1.65935048813e-07, 1.6222514887e-07, 1.998592154e-07, 2.53207701917e-07, 8.88457094561e-08, 1.82667079685e-07, 1.38239329317e-07, 1.16125548288e-07, 7.16084471719e-08, 4.53528059552e-08, 8.67688072503e-08, 1.39723865811e-09, 1.33053579265e-09, 1.79740493322e-11, 5.79536852535e-12],
        "var": [4.90755610372e-07, 0.00038215398672, 4.96263601235e-06, 5.5112212749e-07, 3.7740787775e-06, 1.39438006954e-05, 1.22195251606e-05, 1.36466414915e-05, 8.42120971356e-06, 3.86860256185e-06, 1.73499074663e-06, 3.331130074e-06, 7.56263091262e-07, 1.7121029714e-06, 1.51637016188e-06, 6.55443670894e-07, 3.91852722714e-07, 3.18147016287e-07, 2.01920514087e-07, 7.37886907132e-08, 3.33128156171e-08, 4.35959357503e-08, 3.41974093487e-08, 5.13871221131e-08, 2.74351350527e-08, 2.72135736168e-09, 2.97429774901e-15]
    },
    "erbbands": {
        "dmean": [0.291019558907, 1.97372198105, 1.90692234039, 1.07400465012, 1.81740307808, 4.48388814926, 8.90450286865, 10.07513237, 20.4872283936, 21.7250671387, 26.4314079285, 26.6066265106, 22.4462852478, 19.0820388794, 17.666929245, 21.6064109802, 15.5953388214, 22.9123020172, 25.4905185699, 21.3746318817, 16.84608078, 14.3834953308, 14.6641893387, 9.11765861511, 10.5781774521, 4.86690759659, 2.96239447594, 2.8155977726, 2.88780736923, 2.4989938736, 2.81274652481, 2.08138990402, 1.48847055435, 0.86934453249, 0.415353298187, 0.157229363918, 0.0351765267551, 0.00326790614054, 6.80015727994e-05, 1.77380425157e-05],
        "dmean2": [0.458084315062, 3.34521245956, 3.37978029251, 1.87187004089, 3.04040193558, 7.35654067993, 12.5292949677, 14.7835512161, 34.038356781, 33.6728515625, 37.2565765381, 37.9713859558, 32.1781806946, 27.6390724182, 25.7239570618, 29.6889286041, 22.3139972687, 33.2751159668, 38.0200614929, 32.1071128845, 24.9370040894, 20.8813819885, 22.303352356, 13.7244873047, 15.239610672, 7.56010818481, 4.85162496567, 4.60064315796, 4.74119567871, 4.15321540833, 4.7680978775, 3.56259417534, 2.4871134758, 1.42527127266, 0.674018919468, 0.265169948339, 0.0599285699427, 0.00578983686864, 0.000116946204798, 2.65344297077e-05],
        "dvar": [0.434390932322, 19.6336975098, 18.556060791, 3.59732747078, 4.37274169922, 36.0630226135, 157.667175293, 327.085876465, 2138.40991211, 1203.34851074, 2626.30078125, 1989.58764648, 1432.57617188, 1543.86499023, 1597.71520996, 2201.35253906, 796.557250977, 2392.86230469, 2197.9765625, 1651.27880859, 787.817810059, 443.753326416, 743.539733887, 255.885253906, 287.511199951, 75.692024231, 48.3130760193, 36.2309799194, 30.5917930603, 21.1937561035, 30.8610649109, 19.3442745209, 11.0775814056, 3.08721160889, 0.771250426769, 0.112016633153, 0.00608550338075, 6.82791360305e-05, 2.37866029096e-08, 6.61292021142e-10],
        "dvar2": [0.979381382465, 52.3467140198, 53.4357566833, 9.78864383698, 12.2349529266, 96.1314544678, 299.347015381, 604.191589355, 5397.60595703, 2775.75, 4701.65966797, 4002.1315918, 2720.18579102, 3224.37548828, 3377.85913086, 4255.68359375, 1761.88500977, 4970.24414062, 4444.95800781, 3773.94726562, 1647.28894043, 991.578308105, 1901.6940918, 631.211608887, 536.413085938, 185.606460571, 120.104705811, 85.8342819214, 77.2418518066, 52.4863777161, 79.5096130371, 48.7182159424, 27.1017341614, 7.37955474854, 1.9310734272, 0.288777828217, 0.0161586180329, 0.000186820354429, 6.43156923275e-08, 1.59889590456e-09],
        "max": [4.47881221771, 27.1735839844, 29.0775108337, 37.883102417, 25.5689792633, 63.8706665039, 187.167190552, 252.418533325, 444.679962158, 542.740661621, 704.64263916, 638.0625, 732.678222656, 605.718322754, 827.132568359, 733.180847168, 357.602081299, 635.482055664, 465.418182373, 577.371887207, 470.40536499, 329.034729004, 404.273773193, 157.911621094, 236.011276245, 101.164253235, 113.89025116, 108.940917969, 46.2243537903, 56.060634613, 47.5192070007, 57.8051223755, 46.4543228149, 19.8869838715, 10.1959886551, 3.18747591972, 0.741801202297, 0.076890014112, 0.00136063422542, 0.00017305057554],
        "mean": [0.346664994955, 2.44926762581, 2.79449677467, 1.80238962173, 3.15323281288, 8.18936634064, 17.808008194, 19.1389369965, 28.4973564148, 42.1421432495, 55.1055450439, 48.1560821533, 44.1289901733, 31.8960895538, 28.155210495, 32.9580307007, 25.4364070892, 35.1342277527, 37.3750343323, 31.4655590057, 28.9417171478, 26.4398269653, 23.4408359528, 13.4769744873, 18.1288414001, 7.38799285889, 3.80380916595, 3.49566674232, 3.80166745186, 3.19567728043, 2.90509152412, 2.21566367149, 1.60732352734, 0.982471704483, 0.473753750324, 0.167231321335, 0.0357778817415, 0.00271158083342, 7.5724979979e-05, 4.21044896939e-05],
        "median": [0.0846260264516, 1.40715444088, 2.15130496025, 1.24020659924, 2.46801781654, 5.78328752518, 9.1170759201, 7.31498193741, 13.5989093781, 24.9410877228, 22.8733501434, 24.2215557098, 20.4545593262, 12.5164985657, 10.0760354996, 9.56782245636, 8.45294475555, 10.511762619, 10.4452123642, 10.1588354111, 13.5915222168, 14.1927661896, 11.0111579895, 6.69886445999, 6.97941398621, 2.85945677757, 0.979295670986, 0.990983724594, 1.27219712734, 1.12795722485, 0.591159343719, 0.430159181356, 0.265544474125, 0.117285005748, 0.0789669081569, 0.0283661391586, 0.00606823991984, 0.000296279060422, 2.91720225505e-05, 3.52282368112e-05],
        "min": [4.51282066933e-05, 0.00069576856913, 0.00124048918951, 0.00870438106358, 0.0371724367142, 0.0472327843308, 0.020585084334, 0.0171501040459, 0.014772683382, 0.0223934613168, 0.0285131353885, 0.0377016402781, 0.0194498561323, 0.021999720484, 0.0310462601483, 0.0416632331908, 0.0112627903, 0.00759628741071, 0.00951299723238, 0.0177988689393, 0.0174608938396, 0.00808059051633, 0.0151707148179, 0.00721410708502, 0.00662206066772, 0.00627429084852, 0.00313121615909, 0.00273353443481, 0.00151094282046, 0.00275097740814, 0.0024727974087, 0.00167261506431, 0.000659045530483, 0.000228615681408, 2.32288748521e-05, 7.65960157878e-06, 3.26510826199e-06, 3.95462706138e-07, 8.0964417748e-07, 1.6854498881e-06],
        "var": [0.461172521114, 16.3931159973, 12.7729902267, 4.62581396103, 7.00853013992, 66.1810531616, 511.916046143, 1010.63439941, 2214.03637695, 2558.91967773, 8586.75390625, 4381.95800781, 3687.32299805, 2930.6184082, 2821.55444336, 4197.72705078, 1490.84680176, 4747.51757812, 4025.30395508, 3012.4453125, 2152.08691406, 1112.98852539, 1043.63708496, 354.687011719, 730.511291504, 127.659690857, 86.126701355, 60.9047927856, 43.9278488159, 31.3095569611, 33.7802848816, 26.6479873657, 15.002040863, 4.76878786087, 0.999586462975, 0.126765653491, 0.005922019016, 5.00229107274e-05, 1.92533882171e-08, 8.37017899435e-10]
    },
    "gfcc": {
        "mean": [-0.927821993828, 112.598609924, -117.470672607, 28.1148700714, -58.977306366, 13.6033735275, -40.8033065796, 20.7420978546, -13.8980989456, 3.35641932487, -10.4769458771, 1.04320478439, -8.61548709869],
        "cov": [[3429.02441406, -1199.29760742, -761.740722656, -101.627693176, -142.684494019, 213.723419189, -103.395858765, 170.997512817, -160.754455566, 244.77394104, -88.4125518799, 144.957458496, -158.722854614], [-1199.29760742, 1505.84643555, -310.506103516, -108.757232666, 390.368041992, -284.734436035, 257.651977539, -65.3817214966, 103.587181091, -238.370986938, 195.211486816, -179.269775391, 123.357055664], [-761.740722656, -310.506103516, 1285.03271484, 365.847320557, -86.4462890625, 340.254821777, -10.1007232666, 56.7791404724, 101.478775024, 101.358634949, -68.6241073608, 112.677497864, 22.8897609711], [-101.627693176, -108.757232666, 365.847320557, 472.223480225, 80.6027908325, 113.622749329, 34.7633590698, 9.39749336243, 113.422615051, 52.2923583984, -18.4255027771, 14.9555091858, 57.8122940063], [-142.684494019, 390.368041992, -86.4462890625, 80.6027908325, 359.44519043, -26.5625667572, 101.742607117, 63.5091247559, 61.1571311951, -27.2816104889, 48.0720176697, -54.7416572571, 1.81668782234], [213.723419189, -284.734436035, 340.254821777, 113.622749329, -26.5625667572, 323.433166504, 85.7210617065, 30.9084186554, 3.95096969604, 74.63331604, -9.98675251007, 49.0347061157, -4.28600072861], [-103.395858765, 257.651977539, -10.1007232666, 34.7633590698, 101.742607117, 85.7210617065, 296.385498047, 22.1915664673, -7.57511901855, -10.9285306931, 72.5783920288, -23.3549060822, 16.0344390869], [170.997512817, -65.3817214966, 56.7791404724, 9.39749336243, 63.5091247559, 30.9084186554, 22.1915664673, 141.191345215, 32.7607803345, 32.0017623901, -7.34686565399, 12.1522722244, -26.774810791], [-160.754455566, 103.587181091, 101.478775024, 113.422615051, 61.1571311951, 3.95096969604, -7.57511901855, 32.7607803345, 157.206268311, 15.2201118469, -8.53934669495, -14.736992836, 31.5691928864], [244.77394104, -238.370986938, 101.358634949, 52.2923583984, -27.2816104889, 74.63331604, -10.9285306931, 32.0017623901, 15.2201118469, 140.619338989, -9.70427131653, 31.7011051178, -27.9561462402], [-88.4125518799, 195.211486816, -68.6241073608, -18.4255027771, 48.0720176697, -9.98675251007, 72.5783920288, -7.34686565399, -8.53934669495, -9.70427131653, 129.338470459, -6.70743465424, 18.0984134674], [144.957458496, -179.269775391, 112.677497864, 14.9555091858, -54.7416572571, 49.0347061157, -23.3549060822, 12.1522722244, -14.736992836, 31.7011051178, -6.70743465424, 99.1363449097, 6.14058208466], [-158.722854614, 123.357055664, 22.8897609711, 57.8122940063, 1.81668782234, -4.28600072861, 16.0344390869, -26.774810791, 31.5691928864, -27.9561462402, 18.0984134674, 6.14058208466, 111.169410706]],
        "icov": [[0.000935557123739, 0.000198064357392, 0.00127746898215, -0.000536462932359, 0.000229564102483, -0.00124203669839, 0.000429079140304, -0.00118093250785, 0.000494635780342, -0.000707747181877, 0.000315991870593, -0.00109898508526, 0.000424788333476], [0.000198064357392, 0.00433849124238, -0.000976582872681, 0.00224559311755, -0.00326920254156, 0.00302055152133, -0.00283350399695, 0.00239937379956, -0.00276541314088, 0.00286605604924, -0.00291274860501, 0.00269692903385, -0.00251033552922], [0.00127746898215, -0.000976582872681, 0.00357596273534, -0.00225508422591, 0.0016842315672, -0.00384980393574, 0.00169687368907, -0.00271389563568, 0.000969222397543, -0.00147707131691, 0.00146402674727, -0.00317263742909, 0.00155989499763], [-0.000536462932359, 0.00224559311755, -0.00225508422591, 0.00530444690958, -0.00302916648798, 0.00227297772653, -0.00212525599636, 0.0031795820687, -0.00335077964701, 0.00086622062372, -0.00112530274782, 0.00226239627227, -0.00311485142447], [0.000229564102483, -0.00326920254156, 0.0016842315672, -0.00302916648798, 0.00699284719303, -0.00256307446398, 0.00144103670027, -0.00436388188973, 0.00134309008718, -0.0014504767023, 0.00122515356634, -0.00113005959429, 0.00282871047966], [-0.00124203669839, 0.00302055152133, -0.00384980393574, 0.00227297772653, -0.00256307446398, 0.00974889937788, -0.00479497294873, 0.00343916914426, -0.00210054661147, 0.00135187455453, -0.00208442448638, 0.0027889853809, -0.00245497818105], [0.000429079140304, -0.00283350399695, 0.00169687368907, -0.00212525599636, 0.00144103670027, -0.00479497294873, 0.00731966970488, -0.00311757973395, 0.00309353764169, -0.00170830439311, -0.000187319499673, -0.00117146759294, 0.00128469942138], [-0.00118093250785, 0.00239937379956, -0.00271389563568, 0.0031795820687, -0.00436388188973, 0.00343916914426, -0.00311757973395, 0.0128601975739, -0.00465333415195, 0.00125070242211, -0.00121767853852, 0.00106969906483, 8.27855110401e-05], [0.000494635780342, -0.00276541314088, 0.000969222397543, -0.00335077964701, 0.00134309008718, -0.00210054661147, 0.00309353764169, -0.00465333415195, 0.0118140419945, -0.00361243495718, 0.00253442418762, -9.41212420003e-05, -0.00102280464489], [-0.000707747181877, 0.00286605604924, -0.00147707131691, 0.00086622062372, -0.0014504767023, 0.00135187455453, -0.00170830439311, 0.00125070242211, -0.00361243495718, 0.012697997503, -0.00317378644831, 0.000867846538313, 0.000974153575953], [0.000315991870593, -0.00291274860501, 0.00146402674727, -0.00112530274782, 0.00122515356634, -0.00208442448638, -0.000187319499673, -0.00121767853852, 0.00253442418762, -0.00317378644831, 0.0121016977355, -0.00321835186332, 0.000290130788926], [-0.00109898508526, 0.00269692903385, -0.00317263742909, 0.00226239627227, -0.00113005959429, 0.0027889853809, -0.00117146759294, 0.00106969906483, -9.41212420003e-05, 0.000867846538313, -0.00321835186332, 0.0172077864408, -0.00471395067871], [0.000424788333476, -0.00251033552922, 0.00155989499763, -0.00311485142447, 0.00282871047966, -0.00245497818105, 0.00128469942138, 8.27855110401e-05, -0.00102280464489, 0.000974153575953, 0.000290130788926, -0.00471395067871, 0.0141283171251]]
    },
    "melbands": {
        "dmean": [0.00256703817286, 0.00155476317741, 0.000204837677302, 0.000197893125005, 0.000293510471238, 0.000223779163207, 0.000319985294482, 0.000228971475735, 0.000218534682062, 0.000163485805388, 0.000116369476018, 8.55821926962e-05, 6.01312785875e-05, 6.69674045639e-05, 4.76070490549e-05, 3.56247146556e-05, 4.43277131126e-05, 4.2326941184e-05, 2.99222865578e-05, 2.41120433202e-05, 2.116828e-05, 1.54505833052e-05, 1.73296339199e-05, 1.18686912174e-05, 7.12127211955e-06, 8.18398166302e-06, 6.84323640598e-06, 2.67796303888e-06, 2.01603711503e-06, 1.67075688751e-06, 1.84654959412e-06, 1.71713702457e-06, 1.60749254974e-06, 1.41527902997e-06, 1.76179287337e-06, 1.38375037295e-06, 1.24355096887e-06, 1.11717633899e-06, 8.62567446802e-07, 7.55213591219e-07],
        "dmean2": [0.00405600201339, 0.00268472894095, 0.000355760887032, 0.000325000000885, 0.000423134246375, 0.000326715729898, 0.000528193311766, 0.000350047543179, 0.000307782465825, 0.00023359923216, 0.000167094243807, 0.000124763755593, 8.88079739525e-05, 9.27573855733e-05, 7.11726243026e-05, 5.04656854901e-05, 6.54085088172e-05, 6.34600073681e-05, 4.56930138171e-05, 3.6326902773e-05, 3.20892540913e-05, 2.33442024182e-05, 2.60340111709e-05, 1.85043136298e-05, 1.10160817712e-05, 1.21531347759e-05, 9.80611184787e-06, 4.37900371253e-06, 3.29690510625e-06, 2.80722088064e-06, 3.04480045088e-06, 2.81667462332e-06, 2.68649978352e-06, 2.37255608226e-06, 3.03389083456e-06, 2.36844971369e-06, 2.14039414459e-06, 1.85917383533e-06, 1.44748969433e-06, 1.24889641029e-06],
        "dvar": [3.26025146933e-05, 1.20052127386e-05, 9.55432568617e-08, 5.55583348216e-08, 1.53055125907e-07, 1.54337897129e-07, 4.90454794999e-07, 1.23869213553e-07, 1.58811502615e-07, 6.83398795331e-08, 3.78155888825e-08, 2.96891080609e-08, 2.43779041398e-08, 2.49023592858e-08, 1.01702051225e-08, 3.77856945732e-09, 9.61873514171e-09, 6.22730667033e-09, 3.12697556737e-09, 2.18524376372e-09, 1.26960442159e-09, 5.132785863e-10, 7.49936279743e-10, 5.43419309551e-10, 1.7618416448e-10, 1.84275150694e-10, 1.346269346e-10, 3.15355484781e-11, 2.62853020599e-11, 1.49212517342e-11, 2.11465827488e-11, 1.18095828255e-11, 1.01974678701e-11, 7.28844762321e-12, 1.23630975249e-11, 9.42621935368e-12, 7.05573750467e-12, 6.56134998764e-12, 3.97785710621e-12, 2.25591854225e-12],
        "dvar2": [7.73188148742e-05, 3.34293799824e-05, 2.65890264473e-07, 1.47591649124e-07, 3.06451312326e-07, 2.78981133306e-07, 1.23236804939e-06, 2.74761362107e-07, 2.9615529229e-07, 1.38417007634e-07, 7.26847062538e-08, 6.07072578873e-08, 5.1722974348e-08, 4.0510183652e-08, 2.37236346123e-08, 7.23469018027e-09, 2.12353459261e-08, 1.22845262851e-08, 7.38011118884e-09, 5.17831333369e-09, 2.74005818035e-09, 1.17731890903e-09, 1.86013238146e-09, 1.41041356372e-09, 4.31454261207e-10, 3.72594122222e-10, 2.53800230832e-10, 8.10590067291e-11, 6.12232070596e-11, 3.97428652488e-11, 4.44551791212e-11, 2.98431071521e-11, 2.53177513676e-11, 1.74283226739e-11, 3.14958337189e-11, 2.39013496495e-11, 1.82351286848e-11, 1.62395426967e-11, 1.00900928238e-11, 5.41295524029e-12],
        "max": [0.0364434979856, 0.0231452360749, 0.00560519052669, 0.00247439183295, 0.00560349179432, 0.00525264255702, 0.00685039488599, 0.00533234234899, 0.00625712191686, 0.00344214402139, 0.00358113693073, 0.00268520205282, 0.0034225967247, 0.00397602980956, 0.00145609688479, 0.000780636852141, 0.00137830723543, 0.000858576095197, 0.000590410549194, 0.000520596571732, 0.000630282389466, 0.000327517074766, 0.000344285042956, 0.000300409796182, 0.000117743125884, 0.000178259389941, 0.000140779244248, 6.78365249769e-05, 0.000104741935502, 4.25345206168e-05, 0.000105422412162, 3.83392871299e-05, 3.41724407917e-05, 3.79089397029e-05, 3.44198233506e-05, 4.51844098279e-05, 3.11087460432e-05, 3.24189568346e-05, 2.93546854664e-05, 1.72734216903e-05],
        "mean": [0.00317500601523, 0.00215818569995, 0.0003531043767, 0.000376832787879, 0.000600747007411, 0.000422889046604, 0.000460543844383, 0.000452900945675, 0.00044324688497, 0.00028838016442, 0.000221787893679, 0.000137280541821, 9.21643004403e-05, 9.85020451481e-05, 6.93469701218e-05, 5.6550012232e-05, 6.27953049843e-05, 6.05060376984e-05, 4.23341771238e-05, 3.48445937561e-05, 3.37989476975e-05, 2.60762717517e-05, 2.76014307019e-05, 1.61706957442e-05, 9.63593538472e-06, 1.34797537612e-05, 1.0946590919e-05, 3.33897719429e-06, 2.49572258326e-06, 1.73065643594e-06, 2.24754580813e-06, 2.15798309e-06, 2.03710578717e-06, 1.68954784385e-06, 1.78959919594e-06, 1.38449661335e-06, 1.27561429508e-06, 1.16991645882e-06, 9.00525265024e-07, 8.22034962766e-07],
        "median": [0.00118523044512, 0.001618135022, 0.000260796659859, 0.000278047285974, 0.000341262726579, 0.000159494084073, 0.00023570630583, 0.000256846833508, 0.000191659099073, 0.000143425451824, 9.87671373878e-05, 4.97542423545e-05, 2.86016529571e-05, 1.98493180505e-05, 2.10787493415e-05, 1.6937188775e-05, 1.65990077221e-05, 1.45235962918e-05, 1.26899703901e-05, 1.15998163892e-05, 1.52144948515e-05, 1.36837834361e-05, 1.13759051601e-05, 6.23387450105e-06, 4.25143753091e-06, 5.12678298037e-06, 3.63042909157e-06, 1.04873038254e-06, 5.0539813401e-07, 4.61426054699e-07, 5.10922575359e-07, 6.21467165729e-07, 7.1692278425e-07, 4.9114913736e-07, 3.53240494633e-07, 2.45995181558e-07, 2.54659113352e-07, 1.95883984588e-07, 1.13495381981e-07, 8.62033360249e-08],
        "min": [3.16232814157e-07, 9.17880981888e-07, 1.67806388163e-06, 5.33434786121e-06, 4.98790768688e-07, 3.23250588963e-07, 2.16517037188e-07, 2.56698342582e-07, 2.08150865433e-07, 2.32120854093e-07, 8.17595378066e-08, 9.17923728139e-08, 6.46475726285e-08, 5.89847353183e-08, 2.54839171987e-08, 1.82855330877e-08, 1.25979164878e-08, 1.86860358298e-08, 1.49685455142e-08, 2.38523369944e-08, 1.12149054488e-08, 6.86821843843e-09, 1.10470530501e-08, 8.46231085205e-09, 4.54391813065e-09, 1.95643834466e-09, 2.76799849708e-09, 2.43238407194e-09, 3.52636031486e-10, 1.11752929133e-09, 1.16218024093e-09, 6.73793632e-10, 1.20989307462e-09, 1.61876656524e-09, 1.27898147628e-09, 1.03043884536e-09, 2.25311384133e-11, 1.28076473038e-11, 4.30544176699e-11, 5.54018940099e-12],
